Figures/CREST_Example_wjb_NSE/PETs/wjb.pet.20090117.asc
ncols            288
nrows            254
xllcorner        113.274861
yllcorner        31.4918055
cellsize         0.008333333333
NODATA_value     -9999
[rows 152 to 170 of 254, columns 0 to 43 of 288]
-9999.0 -9999.0 -9999.0 -9999.0 -9999.0 0.5498691789307226 0.5498252670396526 0.5497813551485826 0.5497374432575126 0.5496935313664426 0.5496496194753726 0.5496057075843026 0.5492369408453258 0.5485208969335846 0.5478048530218446 0.5470888091101045 0.5463727651983645 0.5456567212866245 0.5449406773748844 0.5442246334631443 0.5435085895514044 0.5427925456396643 0.5420765017279242 0.5413604578161842 0.5406444139044442 0.5399283699927041 0.5392123260809628 0.5384962821692229 0.5377802382574828 0.5370641943457427 0.5363481504340027 0.5356321065222627 0.5349160626105226 0.5342000186987826 0.5334839747870426 0.5327679308753025 0.5320518869635624 0.5313358430518225 0.5306197991400824 0.5299037552283411 0.5291877113166011 0.5284716674048611 0.5282955339747868 0.5286965770520861
-9999.0 -9999.0 -9999.0 -9999.0 0.5505448231034556 0.5505182521293781 0.5504916811553007 0.5504651101812231 0.5504385392071457 0.5504119682330681 0.5503853972589907 0.5503588262849132 0.5500092063582545 0.5493142398017399 0.5486192732452264 0.5479243066887131 0.5472293401321996 0.5465343735756862 0.5458394070191729 0.5451444404626594 0.5444494739061461 0.5437545073496326 0.5430595407931192 0.5423645742366058 0.5416696076800924 0.540974641123579 0.5402796745670644 0.539584708010551 0.5388897414540376 0.5381947748975242 0.5374998083410107 0.5368048417844974 0.5361098752279839 0.5354149086714706 0.5347199421149572 0.5340249755584437 0.5333300090019304 0.5326350424454169 0.5319400758889036 0.531245109332389 0.5305501427758755 0.5298551762193622 0.5296784708154529 0.530055798296856
-9999.0 -9999.0 -9999.0 -9999.0 0.5511765553851187 0.5511673253280337 0.5511580952709487 0.5511488652138637 0.5511396351567788 0.5511304050996937 0.5511211750426087 0.5511119449855237 0.550781471871183 0.5501075826698951 0.5494336934686084 0.5487598042673215 0.5480859150660348 0.547412025864748 0.5467381366634612 0.5460642474621744 0.5453903582608877 0.5447164690596009 0.5440425798583141 0.5433686906570273 0.5426948014557406 0.5420209122544538 0.5413470230531658 0.5406731338518791 0.5399992446505922 0.5393253554493055 0.5386514662480187 0.537977577046732 0.5373036878454451 0.5366297986441584 0.5359559094428716 0.5352820202415848 0.534608131040298 0.5339342418390113 0.5332603526377245 0.5325864634364366 0.5319125742351498 0.531238685033863 0.531061407656119 0.5314150195416257
-9999.0 -9999.0 -9999.0 -9999.0 -9999.0 -9999.0 0.5518245093865968 0.5518326202465044 0.5518407311064119 0.5518488419663194 0.5518569528262269 0.5518650636861344 0.5515537373841117 0.5509009255380505 0.5502481136919903 0.5495953018459302 0.54894248999987 0.5482896781538099 0.5476368663077497 0.5469840544616895 0.5463312426156294 0.5456784307695692 0.5450256189235091 0.544372807077449 0.5437199952313888 0.5430671833853287 0.5424143715392674 0.5417615596932073 0.5411087478471471 0.5404559360010869 0.5398031241550267 0.5391503123089666 0.5384975004629065 0.5378446886168463 0.5371918767707862 0.536539064924726 0.5358862530786659 0.5352334412326057 0.5345806293865456 0.5339278175404842 0.5332750056944241 0.532622193848364 0.5324443444967851 0.5327742407863955
-9999.0 -9999.0 -9999.0 -9999.0 -9999.0 -9999.0 -9999.0 -9999.0 0.5525418270560449 0.552567278832945 0.552592730609845 0.552618182386745 0.5523260028970404 0.5516942684062057 0.5510625339153722 0.5504307994245387 0.5497990649337051 0.5491673304428717 0.5485355959520382 0.5479038614612046 0.5472721269703711 0.5466403924795376 0.546008657988704 0.5453769234978705 0.544745189007037 0.5441134545162035 0.5434817200253689 0.5428499855345353 0.5422182510437018 0.5415865165528683 0.5409547820620347 0.5403230475712013 0.5396913130803678 0.5390595785895342 0.5384278440987007 0.5377961096078672 0.5371643751170336 0.5365326406262001 0.5359009061353666 0.535269171644532 0.5346374371536985 0.534005702662865 0.5338272813374513 0.5341334620311653
-9999.0 -9999.0 -9999.0 -9999.0 -9999.0 -9999.0 -9999.0 -9999.0 -9999.0 0.5532857156995712 -9999.0 -9999.0 -9999.0 0.5524876112743616 0.5518769541387548 0.5512662970031479 0.5506556398675411 0.5500449827319341 0.5494343255963273 0.5488236684607204 0.5482130113251136 0.5476023541895066 0.5469916970538998 0.5463810399182929 0.5457703827826861 0.5451597256470792 0.5445490685114713 0.5439384113758644 0.5433277542402576 0.5427170971046507 0.5421064399690438 0.5414957828334369 0.5408851256978301 0.5402744685622232 0.5396638114266163 0.5390531542910094 0.5384424971554026 0.5378318400197957 0.5372211828841889 0.5366105257485809 0.535999868612974 0.5353892114773672 0.5352102181781185 0.5354926832759364
-9999.0 -9999.0 -9999.0 -9999.0 -9999.0 -9999.0 -9999.0 -9999.0 -9999.0 -9999.0 -9999.0 -9999.0 -9999.0 -9999.0 0.5526913743621367 0.5521017945817565 0.5515122148013762 0.5509226350209959 0.5503330552406157 0.5497434754602355 0.5491538956798553 0.548564315899475 0.5479747361190948 0.5473851563387145 0.5467955765583342 0.546205996777954 0.5456164169975728 0.5450268372171926 0.5444372574368123 0.543847677656432 0.5432580978760518 0.5426685180956715 0.5420789383152913 0.5414893585349111 0.5408997787545309 0.5403101989741506 0.5397206191937703 0.5391310394133901 0.5385414596330098 0.5379518798526286 0.5373623000722484 0.5367727202918682 0.5365931550187847 0.5368519045207062
-9999.0 -9999.0 -9999.0 -9999.0 -9999.0 -9999.0 -9999.0 -9999.0 -9999.0 -9999.0 -9999.0 -9999.0 -9999.0 -9999.0 -9999.0 -9999.0 0.5523687897352113 0.5518002873100577 0.5512317848849041 0.5506632824597505 0.5500947800345969 0.5495262776094433 0.5489577751842897 0.5483892727591361 0.5478207703339825 0.5472522679088289 0.5466837654836743 0.5461152630585207 0.545546760633367 0.5449782582082134 0.5444097557830598 0.5438412533579062 0.5432727509327526 0.542704248507599 0.5421357460824453 0.5415672436572917 0.5409987412321381 0.5404302388069845 0.5398617363818309 0.5392932339566763 0.5387247315315227 0.5381562291063691 0.5379760918594508 0.538211125765476
-9999.0 -9999.0 -9999.0 -9999.0 -9999.0 -9999.0 -9999.0 -9999.0 -9999.0 -9999.0 -9999.0 -9999.0 -9999.0 -9999.0 -9999.0 -9999.0 -9999.0 0.5526779395991196 0.5521305145291926 0.5515830894592656 0.5510356643893387 0.5504882393194117 0.5499408142494847 0.5493933891795577 0.5488459641096307 0.5482985390397037 0.5477511139697758 0.5472036888998488 0.5466562638299218 0.5461088387599948 0.5455614136900678 0.5450139886201408 0.5444665635502138 0.543919138480287 0.54337171341036 0.542824288340433 0.542276863270506 0.541729438200579 0.541182013130652 0.5406345880607241 0.5400871629907971 0.5395397379208701 0.539359028700117 0.5395703470102458
-9999.0 -9999.0 -9999.0 -9999.0 -9999.0 -9999.0 -9999.0 -9999.0 -9999.0 -9999.0 -9999.0 -9999.0 -9999.0 -9999.0 -9999.0 -9999.0 -9999.0 -9999.0 0.553029244173481 0.5525028964587807 0.5519765487440803 0.5514502010293799 0.5509238533146796 0.5503975055999792 0.5498711578852788 0.5493448101705786 0.5488184624558773 0.5482921147411769 0.5477657670264766 0.5472394193117762 0.5467130715970758 0.5461867238823755 0.5456603761676752 0.5451340284529748 0.5446076807382745 0.5440813330235741 0.5435549853088737 0.5430286375941734 0.542502289879473 0.5419759421647717 0.5414495944500715 0.5409232467353711 0.540741965540783 0.5409295682550156
-9999.0 -9999.0 -9999.0 -9999.0 -9999.0 -9999.0 -9999.0 -9999.0 -9999.0 -9999.0 -9999.0 -9999.0 -9999.0 -9999.0 -9999.0 -9999.0 -9999.0 -9999.0 -9999.0 0.5534227034582957 0.552917433098822 0.5524121627393482 0.5519068923798746 0.5514016220204008 0.5508963516609271 0.5503910813014533 0.5498858109419787 0.5493805405825051 0.5488752702230313 0.5483699998635576 0.5478647295040838 0.5473594591446101 0.5468541887851364 0.5463489184256627 0.545843648066189 0.5453383777067152 0.5448331073472416 0.5443278369877678 0.5438225666282941 0.5433172962688195 0.5428120259093457 0.5423067555498721 0.5421249023814492 0.5422887894997854
-9999.0 -9999.0 -9999.0 -9999.0 -9999.0 -9999.0 -9999.0 -9999.0 -9999.0 -9999.0 -9999.0 -9999.0 -9999.0 -9999.0 -9999.0 -9999.0 -9999.0 -9999.0 -9999.0 0.5543425104578116 0.5538583174535645 0.5533741244493174 0.5528899314450704 0.5524057384408233 0.5519215454365761 0.551437352432329 0.5509531594280812 0.5504689664238341 0.5499847734195871 0.54950058041534 0.5490163874110929 0.5485321944068459 0.5480480014025987 0.5475638083983516 0.5470796153941045 0.5465954223898575 0.5461112293856104 0.5456270363813633 0.5451428433771163 0.5446586503728683 0.5441744573686212 0.5436902643643742 0.5435078392221165 0.5436480107445565
-9999.0 -9999.0 -9999.0 -9999.0 -9999.0 -9999.0 -9999.0 -9999.0 -9999.0 -9999.0 -9999.0 -9999.0 -9999.0 -9999.0 -9999.0 -9999.0 -9999.0 -9999.0 -9999.0 -9999.0 0.5547992018083061 0.5543360861592858 0.5538729705102653 0.5534098548612448 0.5529467392122244 0.5524836235632039 -9999.0 -9999.0 0.5510942766161417 0.5506311609671214 0.5501680453181009 0.5497049296690805 0.54924181402006 0.5487786983710395 0.5483155827220191 0.5478524670729986 0.5473893514239783 0.5469262357749578 0.5464631201259373 0.5460000044769161 0.5455368888278956 0.5450737731788752 0.5448907760627827 0.5450072319893262
-9999.0 -9999.0 -9999.0 -9999.0 -9999.0 -9999.0 -9999.0 -9999.0 -9999.0 -9999.0 -9999.0 -9999.0 -9999.0 -9999.0 -9999.0 -9999.0 -9999.0 -9999.0 -9999.0 -9999.0 -9999.0 -9999.0 -9999.0 -9999.0 -9999.0 -9999.0 -9999.0 0.5526458181064904 0.5522037798126966 0.5517617415189028 0.5513197032251089 0.5508776649313151 0.5504356266375213 0.5499935883437275 0.5495515500499336 0.5491095117561399 0.548667473462346 0.5482254351685522 0.5477833968747584 0.5473413585809638 0.54689932028717 0.5464572819933762 0.5462737129034487 0.546366453234096
-9999.0 -9999.0 -9999.0 -9999.0 -9999.0 -9999.0 -9999.0 -9999.0 -9999.0 -9999.0 -9999.0 -9999.0 -9999.0 -9999.0 -9999.0 -9999.0 -9999.0 -9999.0 -9999.0 -9999.0 -9999.0 -9999.0 -9999.0 -9999.0 -9999.0 -9999.0 -9999.0 0.5537342439478186 0.5533132830092513 0.5528923220706842 0.5524713611321169 0.5520504001935498 0.5516294392549825 0.5512084783164154 0.5507875173778481 0.550366556439281 0.5499455955007138 0.5495246345621466 0.5491036736235795 0.5486827126850116 0.5482617517464443 0.5478407908078772 0.5476566497441149 0.5477256744788659
-9999.0 -9999.0 -9999.0 -9999.0 -9999.0 -9999.0 -9999.0 -9999.0 -9999.0 -9999.0 -9999.0 -9999.0 -9999.0 -9999.0 -9999.0 -9999.0 -9999.0 -9999.0 -9999.0 -9999.0 -9999.0 -9999.0 -9999.0 -9999.0 -9999.0 -9999.0 -9999.0 0.5548226697891466 0.5544227862058061 0.5540229026224656 0.5536230190391249 0.5532231354557844 0.5528232518724439 0.5524233682891033 0.5520234847057627 0.5516236011224221 0.5512237175390816 0.5508238339557411 0.5504239503724004 0.5500240667890592 0.5496241832057187 0.5492242996223781 0.549039586584781 0.5490848957236357
-9999.0 -9999.0 -9999.0 -9999.0 -9999.0 -9999.0 -9999.0 -9999.0 -9999.0 -9999.0 -9999.0 -9999.0 -9999.0 -9999.0 -9999.0 -9999.0 -9999.0 -9999.0 -9999.0 -9999.0 -9999.0 -9999.0 -9999.0 -9999.0 -9999.0 -9999.0 -9999.0 -9999.0 0.5555322894023609 0.5551534831742468 0.5547746769461329 0.554395870718019 0.5540170644899051 0.5536382582617911 0.5532594520336772 0.5528806458055633 0.5525018395774494 0.5521230333493354 0.5517442271212215 0.5513654208931069 0.550986614664993 0.5506078084368791 0.5504225234254472 0.5504441169684056
-9999.0 -9999.0 -9999.0 -9999.0 -9999.0 -9999.0 -9999.0 -9999.0 -9999.0 -9999.0 -9999.0 -9999.0 -9999.0 -9999.0 -9999.0 -9999.0 -9999.0 -9999.0 -9999.0 -9999.0 -9999.0 -9999.0 -9999.0 -9999.0 -9999.0 -9999.0 -9999.0 -9999.0 -9999.0 0.5562840637260283 0.555926334853141 0.5555686059802537 0.5552108771073664 0.5548531482344791 0.5544954193615917 0.5541376904887045 0.5537799616158172 0.5534222327429299 0.5530645038700426 0.5527067749971547 0.5523490461242674 0.5519913172513801 0.5518054602661132 0.5518033382131754
-9999.0 -9999.0 -9999.0 -9999.0 -9999.0 -9999.0 -9999.0 -9999.0 -9999.0 -9999.0 -9999.0 -9999.0 -9999.0 -9999.0 -9999.0 -9999.0 -9999.0 -9999.0 -9999.0 -9999.0 -9999.0 -9999.0 -9999.0 -9999.0 -9999.0 -9999.0 -9999.0 -9999.0 -9999.0 0.5574146442778107 0.55707799276015 0.5567413412424894 0.5564046897248287 0.5560680382071681 0.5557313866895074 0.5553947351718468 0.5550580836541861 0.5547214321365255 0.5543847806188648 0.5540481291012036 0.5537114775835429 0.5533748260658823 0.5531883971067806 0.5531625594579463
