Figures/CREST_Example_wjb_NSE/PETs/wjb.pet.20100228.asc
ncols            288
nrows            254
xllcorner        113.274861
yllcorner        31.4918055
cellsize         0.008333333333
NODATA_value     -9999
[rows 180 to 199 of 254, columns 132 to 175 of 288]
0.4423248576365075 0.4459267107958652 0.44952856395522295 0.4531304171145807 0.4567322702739385 0.4603341234332962 0.46393597659265395 0.4675378297520117 0.4711396829113695 0.4747415360707272 0.47834338923008496 0.48194524238944886 0.4855470955488066 0.48914894870816433 0.4927508018675221 0.49635265502687986 0.4999545081862376 0.5035563613455953 0.5071582145049531 0.5107600676643108 0.5143619208236686 0.5179637739830264 0.5215656271423841 0.5251674803017419 0.5287693334611058 0.5323711866204635 0.5359730397798212 0.539574892939179 0.5431767460985367 0.5467785992578945 0.5496894353836763 0.5518615586687453 0.5540336819538142 0.5562058052388831 0.5583779285239521 0.560550051809021 0.56272217509409 0.5648942983791626 0.5670664216642315 0.5692385449493005 0.5714106682343694 0.5735827915194384 0.5757549148045072 0.5779270380895762
0.44519864017510863 0.44888801911531295 0.4525773980555173 0.4562667769957216 0.459956155935926 0.4636455348761303 0.46733491381633463 0.47102429275653895 0.4747136716967433 0.4784030506369476 0.4820924295771519 0.4857818085173626 0.4894711874575669 0.4931605663977712 0.49684994533797555 0.5005393242781799 0.5042287032183842 0.5079180821585886 0.5116074610987928 0.5152968400389972 0.5189862189792015 0.5226755979194059 0.5263649768596101 0.5300543557998145 0.5337437347400251 0.5374331136802295 0.5411224926204338 0.5448118715606382 0.5485012505008424 0.5521906294410468 0.5550906189159972 0.5571467331954421 0.5592028474748869 0.5612589617543318 0.5633150760337766 0.5653711903132215 0.5674273045926663 0.5694834188721147 0.5715395331515596 0.5735956474310044 0.5756517617104493 0.5777078759898941 0.579763990269339 0.5818201045487839
0.44807242271370973 0.45184932743476064 0.4556262321558116 0.4594031368768625 0.46318004159791343 0.46695694631896434 0.47073385104001525 0.47451075576106616 0.47828766048211707 0.482064565203168 0.4858414699242189 0.48961837464527624 0.4933952793663272 0.4971721840873781 0.500949088808429 0.5047259935294799 0.5085028982505309 0.5122798029715818 0.5160567076926327 0.5198336124136836 0.5236105171347345 0.5273874218557855 0.5311643265768363 0.5349412312978873 0.5387181360189446 0.5424950407399955 0.5462719454610465 0.5500488501820974 0.5538257549031483 0.5576026596241992 0.5604918024483182 0.562431907722139 0.5643720129959597 0.5663121182697806 0.5682522235436013 0.5701923288174221 0.5721324340912428 0.574072539365067 0.5760126446388877 0.5779527499127085 0.5798928551865292 0.58183296046035 0.5837730657341708 0.5857131710079916
0.4509462052523134 0.454810635754211 0.45867506625610854 0.4625394967580061 0.4664039272599037 0.47026835776180126 0.47413278826369887 0.4779972187655964 0.481861649267494 0.4857260797693916 0.48959051027128914 0.4934549407731933 0.4973193712750909 0.5011838017769885 0.5050482322788861 0.5089126627807836 0.5127770932826812 0.5166415237845787 0.5205059542864764 0.5243703847883739 0.5282348152902715 0.532099245792169 0.5359636762940666 0.5398281067959643 0.5436925372978684 0.5475569677997659 0.5514213983016636 0.5552858288035611 0.5591502593054587 0.5630146898073563 0.5658929859806439 0.5677170822488404 0.569541178517037 0.5713652747852336 0.5731893710534302 0.5750134673216267 0.5768375635898233 0.5786616598580231 0.5804857561262197 0.5823098523944162 0.5841339486626128 0.5859580449308094 0.587782141199006 0.5896062374672025
0.45381998779091454 0.45777194407365873 0.46172390035640287 0.46567585663914707 0.4696278129218912 0.47357976920463535 0.47753172548737954 0.4814836817701237 0.4854356380528678 0.489387594335612 0.49333955061835616 0.49729150690110707 0.5012434631838513 0.5051954194665954 0.5091473757493395 0.5130993320320837 0.5170512883148278 0.5210032445975721 0.5249552008803162 0.5289071571630604 0.5328591134458045 0.5368110697285486 0.5407630260112928 0.5447149822940369 0.5486669385767878 0.5526188948595321 0.5565708511422762 0.5605228074250204 0.5644747637077645 0.5684267199905086 0.5712941695129649 0.5730022567755373 0.5747103440381098 0.5764184313006824 0.5781265185632548 0.5798346058258274 0.5815426930883998 0.5832507803509752 0.5849588676135478 0.5866669548761202 0.5883750421386927 0.5900831294012652 0.5917912166638377 0.5934993039264103
0.45669377032951575 0.4607332523931065 0.4647727344566972 0.468812216520288 0.4728516985838787 0.47689118064746944 0.4809306627110602 0.48497014477465095 0.4890096268382417 0.49304910890183246 0.4970885909654232 0.5011280730290208 0.5051675550926116 0.5092070371562023 0.513246519219793 0.5172860012833838 0.5213254833469745 0.5253649654105653 0.529404447474156 0.5334439295377468 0.5374834116013375 0.5415228936649282 0.545562375728519 0.5496018577921098 0.5536413398557074 0.5576808219192981 0.5617203039828889 0.5657597860464796 0.5697992681100703 0.573838750173661 0.5766953530452859 0.5782874313022343 0.5798795095591827 0.5814715878161311 0.5830636660730795 0.5846557443300279 0.5862478225869763 0.5878399008439275 0.5894319791008759 0.5910240573578243 0.5926161356147727 0.5942082138717211 0.5958002921286695 0.5973923703856179
0.4595675528681169 0.4636945607125542 0.46782156855699153 0.4719485764014289 0.4760755842458662 0.4802025920903035 0.48432959993474084 0.48845660777917815 0.4925836156236155 0.49671062346805284 0.5008376313124902 0.5049646391569345 0.5090916470013719 0.5132186548458092 0.5173456626902465 0.5214726705346838 0.5255996783791211 0.5297266862235585 0.5338536940679958 0.5379807019124331 0.5421077097568704 0.5462347176013078 0.5503617254457451 0.5544887332901824 0.5586157411346268 0.5627427489790641 0.5668697568235014 0.5709967646679388 0.5751237725123761 0.5792507803568134 0.5820965365776067 0.5835726058289311 0.5850486750802554 0.5865247443315798 0.588000813582904 0.5894768828342284 0.5909529520855528 0.5924290213368796 0.5939050905882038 0.5953811598395282 0.5968572290908526 0.5983332983421769 0.5998093675935012 0.6012854368448255
0.46244133540671806 0.46665586903200196 0.4708704026572859 0.4750849362825698 0.4792994699078537 0.4835140035331376 0.4877285371584215 0.4919430707837054 0.49615760440898937 0.5003721380342733 0.5045866716595572 0.5088012052848483 0.5130157389101322 0.5172302725354161 0.5214448061607 0.5256593397859839 0.5298738734112678 0.5340884070365517 0.5383029406618356 0.5425174742871195 0.5467320079124034 0.5509465415376873 0.5551610751629713 0.5593756087882552 0.5635901424135463 0.5678046760388302 0.5720192096641141 0.576233743289398 0.5804482769146819 0.5846628105399658 0.5874977201099277 0.588857780355628 0.5902178406013282 0.5915779008470284 0.5929379610927287 0.594298021338429 0.5956580815841293 0.5970181418298318 0.598378202075532 0.5997382623212323 0.6010983225669325 0.6024583828126328 0.603818443058333 0.6051785033040332
0.46531511794531927 0.46961717735144975 0.47391923675758024 0.47822129616371073 0.4825233555698412 0.4868254149759717 0.4911274743821022 0.4954295337882327 0.4997315931943632 0.5040336526004937 0.5083357120066242 0.512637771412762 0.5169398308188925 0.521241890225023 0.5255439496311535 0.529846009037284 0.5341480684434144 0.5384501278495449 0.5427521872556754 0.547054246661806 0.5513563060679365 0.555658365474067 0.5599604248801975 0.564262484286328 0.5685645436924658 0.5728666030985963 0.5771686625047268 0.5814707219108572 0.5857727813169877 0.5900748407231182 0.5928989036422487 0.5941429548823249 0.595387006122401 0.5966310573624772 0.5978751086025533 0.5991191598426295 0.6003632110827057 0.6016072623227839 0.6028513135628601 0.6040953648029364 0.6053394160430124 0.6065834672830887 0.6078275185231647 0.609071569763241
0.4681889004839228 0.4725784856709 0.4769680708578771 0.4813576560448543 0.48574724123183144 0.49013682641880857 0.49452641160578575 0.4989159967927629 0.5033055819797401 0.5076951671667171 0.5120847523536943 0.516474337540679 0.5208639227276561 0.5252535079146333 0.5296430931016104 0.5340326782885876 0.5384222634755648 0.5428118486625418 0.547201433849519 0.5515910190364962 0.5559806042234733 0.5603701894104505 0.5647597745974277 0.5691493597844048 0.5735389449713895 0.5779285301583665 0.5823181153453437 0.5867077005323209 0.591097285719298 0.5954868709062752 0.5983000871745743 0.5994281294090262 0.6005561716434782 0.6016842138779301 0.6028122561123822 0.6039402983468342 0.6050683405812861 0.6061963828157401 0.607324425050192 0.608452467284644 0.6095805095190959 0.610708551753548 0.6118365939879999 0.6129646362224519
0.471062683022524 0.47553979399034774 0.48001690495817145 0.4844940159259952 0.48897112689381894 0.49344823786164266 0.49792534882946643 0.5024024597972901 0.5068795707651139 0.5113566817329376 0.5158337927007614 0.5203109036685927 0.5247880146364164 0.5292651256042402 0.5337422365720639 0.5382193475398876 0.5426964585077114 0.5471735694755351 0.5516506804433589 0.5561277914111826 0.5606049023790063 0.5650820133468301 0.5695591243146538 0.5740362352824775 0.5785133462503089 0.5829904572181326 0.5874675681859564 0.5919446791537801 0.5964217901216038 0.6008989010894276 0.6037012707068953 0.6047133039357231 0.605725337164551 0.6067373703933789 0.6077494036222068 0.6087614368510347 0.6097734700798626 0.6107855033086922 0.6117975365375201 0.612809569766348 0.6138216029951759 0.6148336362240038 0.6158456694528317 0.6168577026816595
0.4739364655611252 0.4785011023097955 0.48306573905846584 0.48763037580713614 0.49219501255580644 0.49675964930447675 0.501324286053147 0.5058889228018174 0.5104535595504878 0.515018196299158 0.5195828330478284 0.5241474697965065 0.5287121065451768 0.5332767432938471 0.5378413800425175 0.5424060167911877 0.5469706535398581 0.5515352902885284 0.5560999270371987 0.560664563785869 0.5652292005345394 0.5697938372832096 0.57435847403188 0.5789231107805503 0.5834877475292284 0.5880523842778987 0.5926170210265691 0.5971816577752393 0.6017462945239097 0.6063109312725801 0.6091024542392163 0.6099984784624201 0.6108945026856238 0.6117905269088276 0.6126865511320315 0.6135825753552353 0.6144785995784391 0.6153746238016444 0.6162706480248482 0.617166672248052 0.6180626964712559 0.6189587206944597 0.6198547449176635 0.6207507691408672
0.47681024809972633 0.4814624106292432 0.48611457315876017 0.49076673568827706 0.49541889821779395 0.5000710607473109 0.5047232232768277 0.5093753858063447 0.5140275483358616 0.5186797108653785 0.5233318733948954 0.5279840359244202 0.5326361984539372 0.537288360983454 0.541940523512971 0.5465926860424878 0.5512448485720047 0.5558970111015217 0.5605491736310385 0.5652013361605555 0.5698534986900723 0.5745056612195892 0.5791578237491062 0.583809986278623 0.5884621488081478 0.5931143113376648 0.5977664738671817 0.6024186363966986 0.6070707989262155 0.6117229614557325 0.6145036377715373 0.6152836529891169 0.6160636682066967 0.6168436834242764 0.6176236986418562 0.6184037138594358 0.6191837290770156 0.6199637442945967 0.6207437595121763 0.6215237747297561 0.6223037899473358 0.6230838051649156 0.6238638203824952 0.624643835600075
0.4796840306383275 0.484423718948691 0.4891634072590545 0.49390309556941797 0.49864278387978145 0.503382472190145 0.5081221605005084 0.5128618488108719 0.5176015371212354 0.5223412254315989 0.5270809137419623 0.531820602052334 0.5365602903626974 0.5412999786730609 0.5460396669834244 0.5507793552937879 0.5555190436041514 0.5602587319145148 0.5649984202248783 0.5697381085352418 0.5744777968456053 0.5792174851559688 0.5839571734663322 0.5886968617766958 0.5934365500870673 0.5981762383974307 0.6029159267077943 0.6076556150181578 0.6123953033285212 0.6171349916388847 0.6199048213038582 0.6205688275158138 0.6212328337277694 0.6218968399397251 0.6225608461516807 0.6232248523636363 0.623888858575592 0.6245528647875488 0.6252168709995044 0.62588087721146 0.6265448834234156 0.6272088896353714 0.627872895847327 0.6285369020592826
0.4825578131769299 0.48738502726814004 0.49221224135935016 0.4970394554505602 0.5018666695417704 0.5066938836329804 0.5115210977241905 0.5163483118154006 0.5211755259066108 0.5260027399978209 0.530829954089031 0.5356571681802493 0.5404843822714595 0.5453115963626696 0.5501388104538796 0.5549660245450897 0.5597932386362998 0.5646204527275099 0.56944766681872 0.5742748809099302 0.5791020950011403 0.5839293090923504 0.5887565231835605 0.5935837372747705 0.598410951365989 0.603238165457199 0.6080653795484091 0.6128925936396192 0.6177198077308294 0.6225470218220395 0.6253060048361815 0.625854002042513 0.6264019992488444 0.6269499964551759 0.6274979936615075 0.628045990867839 0.6285939880741704 0.6291419852805029 0.6296899824868344 0.630237979693166 0.6307859768994974 0.6313339741058289 0.6318819713121604 0.632429968518492
0.4854315957155311 0.4903463355875878 0.4952610754596445 0.5001758153317012 0.5050905552037579 0.5100052950758145 0.5149200349478712 0.5198347748199279 0.5247495146919846 0.5296642545640413 0.534578994436098 0.539493734308163 0.5444084741802198 0.5493232140522765 0.5542379539243332 0.5591526937963898 0.5640674336684465 0.5689821735405032 0.5738969134125599 0.5788116532846166 0.5837263931566733 0.58864113302873 0.5935558729007866 0.5984706127728433 0.6033853526449084 0.608300092516965 0.6132148323890219 0.6181295722610785 0.6230443121331352 0.6279590520051919 0.6307071883685025 0.6311391765692098 0.6315711647699173 0.6320031529706247 0.6324351411713321 0.6328671293720396 0.6332991175727469 0.6337311057734552 0.6341630939741626 0.6345950821748699 0.6350270703755774 0.6354590585762848 0.6358910467769923 0.6363230349776996
0.4883053782541323 0.4933076439070355 0.4983099095599388 0.5033121752128421 0.5083144408657454 0.5133167065186486 0.5183189721715519 0.5233212378244552 0.5283235034773585 0.5333257691302618 0.538328034783165 0.5433303004360768 0.5483325660889801 0.5533348317418834 0.5583370973947867 0.56333936304769 0.5683416287005931 0.5733438943534964 0.5783461600063997 0.583348425659303 0.5883506913122063 0.5933529569651096 0.5983552226180129 0.6033574882709161 0.6083597539238279 0.6133620195767312 0.6183642852296345 0.6233665508825377 0.6283688165354411 0.6333710821883443 0.6361083719008235 0.6364243510959068 0.6367403302909901 0.6370563094860735 0.6373722886811568 0.6376882678762401 0.6380042470713234 0.6383202262664074 0.6386362054614907 0.638952184656574 0.6392681638516573 0.6395841430467407 0.639900122241824 0.6402161014369073
0.49117916079273466 0.49626895222648454 0.5013587436602345 0.5064485350939844 0.5115383265277342 0.5166281179614841 0.521717909395234 0.5268077008289839 0.5318974922627338 0.5369872836964837 0.5420770751302336 0.5471668665639922 0.552256657997742 0.5573464494314919 0.5624362408652418 0.5675260322989917 0.5726158237327417 0.5777056151664915 0.5827954066002414 0.5878851980339913 0.5929749894677412 0.5980647809014911 0.603154572335241 0.6082443637689908 0.6133341552027495 0.6184239466364994 0.6235137380702492 0.6286035295039991 0.633693320937749 0.6387831123714989 0.6415095554331467 0.6417095256226059 0.641909495812065 0.6421094660015243 0.6423094361909835 0.6425094063804426 0.6427093765699019 0.6429093467593614 0.6431093169488206 0.6433092871382798 0.643509257327739 0.6437092275171982 0.6439091977066574 0.6441091678961166
0.49405294333133576 0.4992302605459323 0.5044075777605287 0.5095848949751253 0.5147622121897217 0.5199395294043182 0.5251168466189147 0.5302941638335111 0.5354714810481076 0.5406487982627041 0.5458261154773005 0.5510034326919059 0.5561807499065023 0.5613580671210988 0.5665353843356953 0.5717127015502917 0.5768900187648882 0.5820673359794848 0.5872446531940813 0.5924219704086777 0.5975992876232742 0.6027766048378707 0.6079539220524671 0.6131312392670636 0.6183085564816689 0.6234858736962654 0.6286631909108619 0.6338405081254583 0.6390178253400549 0.6441951425546513 0.6469107389654677 0.6469947001493027 0.6470786613331379 0.647162622516973 0.6472465837008081 0.6473305448846433 0.6474145060684784 0.6474984672523136 0.6475824284361488 0.6476663896199839 0.6477503508038189 0.6478343119876541 0.6479182731714892 0.6480022343553243
0.49692672586993697 0.50219156886538 0.5074564118608231 0.5127212548562662 0.5179860978517092 0.5232509408471523 0.5285157838425953 0.5337806268380384 0.5390454698334814 0.5443103128289245 0.5495751558243676 0.5548399988198196 0.5601048418152627 0.5653696848107057 0.5706345278061489 0.5758993708015919 0.581164213797035 0.586429056792478 0.5916938997879211 0.5969587427833641 0.6022235857788072 0.6074884287742502 0.6127532717696933 0.6180181147651364 0.6232829577605884 0.6285478007560314 0.6338126437514746 0.6390774867469176 0.6443423297423607 0.6496071727378038 0.6523119224977887 0.6522798746759997 0.6522478268542107 0.6522157790324218 0.6521837312106328 0.6521516833888438 0.6521196355670549 0.6520875877452659 0.6520555399234769 0.6520234921016879 0.651991444279899 0.65195939645811 0.651927348636321 0.6518953008145321
