Figures/CREST_Example_wjb_NSE/PETs/wjb.pet.20090712.asc
ncols            288
nrows            254
xllcorner        113.274861
yllcorner        31.4918055
cellsize         0.008333333333
NODATA_value     -9999
[rows 60 to 79 of 254, columns 44 to 87 of 288]
3.2812795714852427 3.270324195991694 3.2593688204981457 3.2484134450045974 3.237458069511049 3.2265026940175003 3.215547318523952 3.2045919430304037 3.193636567536837 3.182681192043288 3.1717258165497397 3.1607704410561914 3.149815065562643 3.1388596900690944 3.127904314575546 3.1169489390819978 3.1059935635884495 3.0950381880949007 3.0840828126013524 3.073127437107804 3.0621720616142554 3.0512166861206884 3.04026131062714 3.029305935133592 3.0183505596400435 3.0073951841464948 2.9964398086529465 2.985484433159398 2.978020447938189 2.9742888378446826 2.9705572277511756 2.966825617657669 2.9630940075641625 2.959362397470656 2.955630787377143 2.9518991772836363 2.9481675671901297 2.9444359570966228 2.9407043470031162 2.9369727369096097 2.933241126816103 2.929509516722596 2.9257779066290897 2.922046296535583
3.2586104312978597 3.2476645576285366 3.2367186839592135 3.225772810289891 3.2148269366205677 3.2038810629512446 3.1929351892819215 3.1819893156125985 3.1710434419432567 3.1600975682739336 3.1491516946046105 3.138205820935288 3.127259947265965 3.1163140735966417 3.1053681999273186 3.0944223262579955 3.0834764525886724 3.0725305789193493 3.0615847052500262 3.050638831580703 3.0396929579113805 3.0287470842420388 3.0178012105727157 3.0068553369033926 2.9959094632340695 2.9849635895647464 2.9740177158954233 2.9630718422261006 2.9555242044496626 2.9516093576634375 2.9476945108772123 2.9437796640909872 2.939864817304762 2.935949970518537 2.9320351237323052 2.92812027694608 2.924205430159855 2.92029058337363 2.916375736587405 2.9124608898011797 2.9085460430149546 2.9046311962287295 2.9007163494425043 2.8968015026562792
3.235941291110477 3.225004919265379 3.2140685474202817 3.203132175575184 3.1921958037300864 3.1812594318849885 3.170323060039891 3.159386688194793 3.148450316349677 3.137513944504579 3.1265775726594818 3.115641200814384 3.1047048289692865 3.0937684571241886 3.082832085279091 3.0718957134339933 3.060959341588896 3.050022969743798 3.0390865978987005 3.0281502260536026 3.017213854208505 3.0062774823633887 2.995341110518291 2.9844047386731933 2.973468366828096 2.962531994982998 2.9515956231379006 2.9406592512928027 2.9330279609611365 2.928929877482193 2.9248317940032496 2.920733710524306 2.916635627045362 2.912537543566419 2.908439460087468 2.9043413766085244 2.900243293129581 2.8961452096506375 2.892047126171694 2.8879490426927505 2.883850959213807 2.879752875734863 2.87565479225592 2.871556708776976
3.213272150923094 3.2023452809022217 3.1914184108813495 3.1804915408604773 3.169564670839605 3.158637800818733 3.1477109307978606 3.136784060776988 3.125857190756097 3.114930320735225 3.1040034507143526 3.0930765806934803 3.082149710672608 3.071222840651736 3.0602959706308637 3.049369100609991 3.0384422305891188 3.0275153605682465 3.0165884905473743 3.005661620526502 2.99473475050563 2.983807880484739 2.9728810104638668 2.9619541404429945 2.951027270422122 2.9401004004012496 2.9291735303803774 2.918246660359505 2.91053171747261 2.906250397300948 2.9019690771292863 2.897687756957624 2.893406436785962 2.8891251166143 2.884843796442631 2.8805624762709687 2.876281156099307 2.871999835927645 2.867718515755983 2.863437195584321 2.8591558754126587 2.854874555240997 2.850593235069335 2.8463119148976728
3.1906030107357113 3.1796856425390643 3.1687682743424173 3.1578509061457707 3.1469335379491237 3.1360161697524767 3.1250988015558296 3.114181433359183 3.1032640651625174 3.0923466969658704 3.0814293287692234 3.070511960572577 3.05959459237593 3.0486772241792828 3.0377598559826358 3.026842487785989 3.015925119589342 3.005007751392695 2.994090383196048 2.9831730149994016 2.9722556468027546 2.961338278606089 2.9504209104094423 2.9395035422127953 2.9285861740161483 2.9176688058195013 2.9067514376228543 2.8958340694262077 2.888035473984084 2.8835709171197035 2.879106360255323 2.8746418033909427 2.870177246526562 2.8657126896621814 2.8612481327977934 2.856783575933413 2.8523190190690326 2.847854462204652 2.843389905340272 2.8389253484758914 2.834460791611511 2.8299962347471306 2.8255316778827497 2.8210671210183693
3.167933870548328 3.157026004175907 3.1461181378034855 3.1352102714310637 3.1243024050586423 3.113394538686221 3.102486672313799 3.091578805941378 3.080670939568938 3.069763073196516 3.0588552068240946 3.047947340451673 3.0370394740792515 3.02613160770683 3.0152237413344083 3.004315874961987 2.9934080085895656 2.9825001422171438 2.9715922758447224 2.9606844094723006 2.9497765430998792 2.9388686767274392 2.9279608103550174 2.917052943982596 2.9061450776101747 2.895237211237753 2.8843293448653315 2.8734214784929097 2.8655392304955574 2.8608914369384584 2.85624364338136 2.851595849824261 2.846948056267162 2.842300262710063 2.8376524691529563 2.8330046755958573 2.8283568820387583 2.8237090884816594 2.8190612949245604 2.814413501367462 2.809765707810363 2.805117914253264 2.800470120696165 2.7958223271390663
3.145264730360926 3.13436636581273 3.1234680012645337 3.1125696367163376 3.1016712721681414 3.0907729076199453 3.079874543071749 3.068976178523553 3.0580778139753386 3.0471794494271425 3.0362810848789463 3.02538272033075 3.014484355782554 3.003585991234358 2.9926876266861617 2.9817892621379656 2.9708908975897694 2.9599925330415733 2.949094168493377 2.938195803945181 2.927297439396985 2.91639907484877 2.905500710300574 2.8946023457523777 2.8837039812041816 2.8728056166559854 2.8619072521077893 2.851008887559593 2.8430429870070117 2.8382119567571946 2.833380926507377 2.8285498962575595 2.823718866007742 2.8188878357579243 2.814056805508099 2.809225775258281 2.8043947450084636 2.799563714758646 2.7947326845088285 2.789901654259011 2.785070624009194 2.7802395937593762 2.7754085635095587 2.770577533259741
3.1225955901735434 3.1117067274495724 3.1008178647256015 3.089929002001631 3.07904013927766 3.0681512765536896 3.0572624138297186 3.046373551105748 3.0354846883817586 3.024595825657788 3.013706962933817 3.002818100209846 2.9919292374858757 2.9810403747619048 2.9701515120379343 2.9592626493139633 2.9483737865899924 2.937484923866022 2.926596061142051 2.9157071984180805 2.9048183356941095 2.8939294729701204 2.8830406102461494 2.8721517475221785 2.861262884798208 2.850374022074237 2.8394851593502666 2.8285962966262956 2.8205467435184857 2.8155324765759495 2.810518209633414 2.8055039426908777 2.800489675748342 2.795475408805806 2.790461141863261 2.7854468749207255 2.7804326079781894 2.7754183410356537 2.7704040740931175 2.765389807150582 2.7603755402080457 2.75536127326551 2.750347006322974 2.745332739380438
3.09992644998616 3.0890470890864146 3.0781677281866693 3.067288367286924 3.0564090063871787 3.045529645487433 3.0346502845876877 3.0237709236879424 3.0128915627881785 3.002012201888433 2.991132840988688 2.980253480088942 2.969374119189197 2.9584947582894516 2.9476153973897063 2.936736036489961 2.925856675590216 2.91497731469047 2.9040979537907248 2.8932185928909795 2.882339231991234 2.8714598710914703 2.860580510191725 2.8497011492919793 2.838821788392234 2.8279424274924887 2.8170630665927434 2.806183705692998 2.798050500029959 2.792852996394705 2.7876554927594506 2.7824579891241963 2.7772604854889416 2.7720629818536873 2.766865478218424 2.76166797458317 2.756470470947915 2.751272967312661 2.7460754636774065 2.7408779600421522 2.7356804564068975 2.730482952771643 2.725285449136389 2.7200879455011346
3.077257309798777 3.066387450723257 3.055517591647737 3.044647732572217 3.0337778734966974 3.0229080144211773 3.012038155345657 3.001168296270137 2.990298437194599 2.979428578119079 2.9685587190435587 2.9576888599680387 2.9468190008925186 2.935949141816999 2.925079282741479 2.914209423665959 2.9033395645904387 2.8924697055149187 2.881599846439399 2.870729987363879 2.859860128288359 2.84899026921282 2.8381204101373 2.8272505510617805 2.8163806919862604 2.8055108329107403 2.7946409738352203 2.7837711147597 2.775554256541433 2.77017351621346 2.7647927758854873 2.7594120355575145 2.7540312952295416 2.7486505549015687 2.7432698145735865 2.737889074245614 2.7325083339176413 2.7271275935896684 2.7217468532616955 2.7163661129337227 2.71098537260575 2.705604632277777 2.700223891949804 2.694843151621831
3.054588169611394 3.0437278123600997 3.0328674551088053 3.0220070978575104 3.011146740606216 3.000286383354921 2.9894260261036267 2.978565668852332 2.967705311601019 2.9568449543497244 2.9459845970984295 2.935124239847135 2.9242638825958407 2.913403525344546 2.9025431680932514 2.8916828108419566 2.880822453590662 2.8699620963393673 2.859101739088073 2.848241381836778 2.8373810245854836 2.8265206673341705 2.815660310082876 2.8047999528315812 2.793939595580287 2.783079238328992 2.7722188810776975 2.7613585238264027 2.7530580130529065 2.7474940360322155 2.741930059011524 2.7363660819908326 2.7308021049701416 2.72523812794945 2.7196741509287494 2.714110173908058 2.708546196887367 2.7029822198666755 2.697418242845984 2.691854265825293 2.6862902888046016 2.68072631178391 2.675162334763219 2.6695983577425277
3.0319190294240115 3.0210681739969423 3.010217318569873 2.999366463142804 2.9885156077157347 2.9776647522886655 2.9668138968615962 2.955963041434527 2.945112186007439 2.93426133058037 2.9234104751533008 2.9125596197262316 2.9017087642991624 2.890857908872093 2.8800070534450235 2.8691561980179543 2.858305342590885 2.847454487163816 2.8366036317367467 2.8257527763096775 2.8149019208826083 2.8040510654555204 2.793200210028451 2.782349354601382 2.771498499174313 2.7606476437472436 2.7497967883201744 2.738945932893105 2.7305617695643805 2.7248145558509704 2.719067342137561 2.7133201284241513 2.7075729147107412 2.7018257009973317 2.696078487283912 2.6903312735705023 2.6845840598570927 2.6788368461436827 2.673089632430273 2.6673424187168635 2.6615952050034535 2.655847991290044 2.6501007775766343 2.6443535638632243
3.0092498892366093 2.9984085356337653 2.9875671820309213 2.9767258284280778 2.9658844748252338 2.9550431212223898 2.944201767619546 2.9333604140167022 2.92251906041384 2.911677706810996 2.9008363532081525 2.8899949996053085 2.8791536460024645 2.868312292399621 2.857470938796777 2.846629585193933 2.8357882315910894 2.8249468779882454 2.8141055243854014 2.803264170782558 2.792422817179714 2.7815814635768517 2.7707401099740077 2.7598987563711637 2.74905740276832 2.738216049165476 2.727374695562632 2.7165333419597886 2.708065526075835 2.7021350756697067 2.696204625263578 2.69027417485745 2.6843437244513213 2.678413274045193 2.6724828236390548 2.666552373232926 2.660621922826798 2.65469147242067 2.6487610220145412 2.642830571608413 2.6369001212022845 2.6309696707961563 2.625039220390028 2.6191087699838995
2.986580749049226 2.975748897270608 2.9649170454919895 2.9540851937133707 2.9432533419347524 2.932421490156134 2.9215896383775157 2.910757786598897 2.89992593482026 2.8890940830416416 2.8782622312630233 2.867430379484405 2.856598527705786 2.845766675927168 2.8349348241485495 2.824102972369931 2.8132711205913123 2.802439268812694 2.7916074170340757 2.780775565255457 2.7699437134768385 2.7591118616982016 2.748280009919583 2.737448158140965 2.726616306362346 2.7157844545837277 2.7049526028051094 2.6941207510264906 2.6855692825873083 2.6794555954884616 2.673341908389615 2.667228221290768 2.6611145341919213 2.6550008470930746 2.648887159994217 2.6427734728953705 2.6366597857965237 2.630546098697677 2.6244324115988302 2.6183187244999835 2.6122050374011367 2.6060913503022896 2.599977663203443 2.593863976104596
2.9639116088618436 2.9530892589074504 2.9422669089530573 2.931444558998664 2.920622209044271 2.909799859089878 2.898977509135485 2.8881551591810917 2.8773328092266803 2.866510459272287 2.855688109317894 2.844865759363501 2.834043409409108 2.823221059454715 2.812398709500322 2.801576359545929 2.7907540095915357 2.7799316596371426 2.7691093096827495 2.7582869597283564 2.7474646097739632 2.736642259819552 2.7258199098651588 2.7149975599107656 2.7041752099563725 2.6933528600019794 2.6825305100475862 2.671708160093193 2.6630730390987822 2.656776115307217 2.6504791915156516 2.6441822677240863 2.6378853439325214 2.631588420140956 2.62529149634938 2.6189945725578148 2.6126976487662494 2.606400724974684 2.600103801183119 2.593806877391554 2.5875099535999886 2.5812130298084233 2.574916106016858 2.5686191822252926
2.94124246867446 2.9304296205442926 2.919616772414125 2.908803924283957 2.8979910761537893 2.887178228023622 2.8763653798934543 2.8655525317632864 2.8547396836331003 2.8439268355029323 2.833113987372765 2.8223011392425974 2.8114882911124295 2.8006754429822616 2.789862594852094 2.7790497467219266 2.7682368985917587 2.757424050461591 2.7466112023314233 2.735798354201256 2.724985506071088 2.714172657940902 2.703359809810734 2.6925469616805664 2.681734113550399 2.670921265420231 2.660108417290063 2.6492955691598956 2.6405767956102557 2.6340966351259723 2.6276164746416883 2.621136314157405 2.614656153673121 2.6081759931888375 2.6016958327045425 2.595215672220259 2.588735511735975 2.5822553512516917 2.575775190767408 2.5692950302831243 2.5628148697988404 2.556334709314557 2.549854548830273 2.543374388345989
2.9185733284870774 2.907769982181135 2.896966635875193 2.8861632895692506 2.8753599432633083 2.8645565969573656 2.8537532506514234 2.842949904345481 2.8321465580395206 2.821343211733578 2.8105398654276357 2.7997365191216934 2.788933172815751 2.778129826509809 2.7673264802038666 2.7565231338979244 2.745719787591982 2.73491644128604 2.724113094980097 2.713309748674155 2.7025064023682126 2.691703056062252 2.6808997097563094 2.670096363450367 2.659293017144425 2.6484896708384826 2.6376863245325404 2.626882978226598 2.6180805521217296 2.6114171549447276 2.604753757767725 2.598090360590723 2.591426963413721 2.584763566236719 2.5781001690597054 2.5714367718827034 2.564773374705701 2.558109977528699 2.551446580351697 2.5447831831746948 2.5381197859976923 2.5314563888206902 2.524792991643688 2.518129594466686
2.8959041882996948 2.8851103438179777 2.8743164993362607 2.8635226548545436 2.852728810372827 2.84193496589111 2.831141121409393 2.820347276927676 2.8095534324459406 2.7987595879642235 2.787965743482507 2.77717189900079 2.766378054519073 2.7555842100373558 2.744790365555639 2.733996521073922 2.723202676592205 2.712408832110488 2.7016149876287714 2.6908211431470543 2.6800272986653373 2.669233454183602 2.658439609701885 2.647645765220168 2.6368519207384513 2.6260580762567343 2.615264231775017 2.6044703872933006 2.595584308633203 2.5887376747634825 2.581891040893762 2.5750444070240412 2.5681977731543206 2.5613511392846005 2.554504505414868 2.5476578715451472 2.5408112376754266 2.533964603805706 2.5271179699359854 2.520271336066265 2.5134247021965446 2.506578068326824 2.4997314344571033 2.4928848005873827
2.8732350481123117 2.8624507054548203 2.8516663627973284 2.840882020139837 2.8300976774823456 2.819313334824854 2.8085289921673624 2.797744649509871 2.786960306852361 2.776175964194869 2.7653916215373777 2.7546072788798863 2.7438229362223945 2.733038593564903 2.7222542509074117 2.71146990824992 2.7006855655924284 2.6899012229349366 2.679116880277445 2.668332537619954 2.657548194962462 2.646763852304952 2.6359795096474605 2.625195166989969 2.6144108243324773 2.603626481674986 2.5928421390174945 2.5820577963600027 2.573088065144677 2.566058194582238 2.5590283240197986 2.55199845345736 2.5449685828949207 2.5379387123324815 2.5309088417700307 2.5238789712075915 2.5168491006451523 2.5098192300827136 2.5027893595202744 2.495759488957835 2.4887296183953964 2.481699747832957 2.474669877270518 2.4676400067080793
2.8505659079249095 2.8397910670916433 2.829016226258377 2.818241385425111 2.8074665445918447 2.7966917037585786 2.7859168629253124 2.775142022092046 2.764367181258762 2.7535923404254956 2.7428174995922294 2.7320426587589632 2.721267817925697 2.710492977092431 2.6997181362591647 2.6889432954258985 2.6781684545926323 2.667393613759366 2.6566187729261 2.6458439320928338 2.6350690912595676 2.624294250426283 2.613519409593017 2.602744568759751 2.5919697279264846 2.5811948870932184 2.5704200462599522 2.559645205426686 2.5505918216561314 2.5433787144009736 2.5361656071458163 2.5289524998906585 2.5217393926355007 2.5145262853803434 2.507313178125173 2.5001000708700154 2.492886963614858 2.4856738563597003 2.4784607491045425 2.471247641849385 2.4640345345942274 2.4568214273390696 2.449608320083912 2.4423952128287545
