Figures/CREST_Example_wjb_NSE/PETs/wjb.pet.20100618.asc
ncols            288
nrows            254
xllcorner        113.274861
yllcorner        31.4918055
cellsize         0.008333333333
NODATA_value     -9999
[rows 140 to 159 of 254, columns 0 to 44 of 288]
-9999.0 4.152500262431515 4.158106753906194 4.163713245380874 4.169319736855554 4.174926228330234 4.180532719804914 4.186139211279594 4.1917457027542735 4.197352194228954 4.202958685703634 4.208565177178314 4.209695273215068 4.206040001380998 4.202384729546934 4.19872945771287 4.195074185878807 4.1914189140447435 4.18776364221068 4.184108370376616 4.180453098542552 4.176797826708488 4.173142554874424 4.16948728304036 4.165832011206296 4.162176739372232 4.158521467538162 4.154866195704099 4.151210923870035 4.1475556520359715 4.143900380201908 4.140245108367844 4.13658983653378 4.132934564699716 4.129279292865652 4.125624021031588 4.121968749197524 4.118313477363461 4.114658205529397 4.111002933695327 4.107347661861263 4.1036923900271995 4.10065698124373 4.098284220070819 4.095911458897908
-9999.0 -9999.0 4.161705822828188 4.1676654747749025 4.173625126721618 4.179584778668332 4.185544430615046 4.191504082561761 4.197463734508475 4.2034233864551895 4.209383038401905 4.215342690348619 4.216374971556578 4.2121397821069815 4.207904592657392 4.203669403207803 4.199434213758213 4.195199024308624 4.190963834859034 4.1867286454094454 4.182493455959856 4.178258266510267 4.174023077060677 4.169787887611088 4.165552698161498 4.161317508711909 4.1570823192623125 4.152847129812724 4.148611940363134 4.144376750913545 4.140141561463955 4.135906372014366 4.1316711825647765 4.127435993115188 4.123200803665598 4.118965614216009 4.114730424766419 4.11049523531683 4.1062600458672405 4.1020248564176445 4.097789666968055 4.093554477518466 4.090284660219689 4.088046847568429 4.08580903491717
-9999.0 -9999.0 4.165304891750181 4.171617704168931 4.17793051658768 4.184243329006429 4.190556141425178 4.196868953843928 4.203181766262677 4.209494578681426 4.215807391100175 4.222120203518925 4.2230546698980875 4.218239562832965 4.21342445576785 4.208609348702735 4.2037942416376195 4.198979134572505 4.19416402750739 4.189348920442275 4.18453381337716 4.179718706312046 4.174903599246931 4.170088492181816 4.165273385116701 4.160458278051586 4.155643170986464 4.150828063921349 4.146012956856233 4.141197849791118 4.136382742726004 4.131567635660889 4.126752528595774 4.121937421530659 4.117122314465544 4.11230720740043 4.107492100335315 4.1026769932702 4.097861886205085 4.093046779139962 4.088231672074847 4.083416565009732 4.0799123391956496 4.077809475066041 4.075706610936432
-9999.0 -9999.0 4.168903960672175 4.17556993356296 4.1822359064537435 4.188901879344527 4.195567852235311 4.202233825126095 4.208899798016879 4.215565770907663 4.222231743798447 4.2288977166892305 4.229734368239598 4.224339343558948 4.218944318878308 4.2135492941976675 4.208154269517027 4.202759244836387 4.197364220155746 4.191969195475106 4.186574170794466 4.181179146113825 4.175784121433185 4.170389096752545 4.164994072071904 4.159599047391263 4.154204022710614 4.148808998029974 4.143413973349333 4.138018948668693 4.132623923988053 4.127228899307412 4.1218338746267715 4.116438849946132 4.111043825265491 4.10564880058485 4.100253775904211 4.09485875122357 4.089463726542929 4.08406870186228 4.07867367718164 4.073278652500999 4.06954001817161 4.067572102563652 4.065604186955694
-9999.0 -9999.0 4.172503029594171 4.1795221629569905 4.186541296319809 4.193560429682628 4.200579563045447 4.207598696408265 4.214617829771084 4.2216369631339035 4.228656096496723 4.235675229859541 4.236414066581113 4.230439124284936 4.22446418198877 4.2184892396926035 4.212514297396437 4.20653935510027 4.200564412804104 4.194589470507938 4.1886145282117715 4.182639585915605 4.176664643619438 4.170689701323273 4.164714759027106 4.1587398167309395 4.152764874434763 4.146789932138597 4.14081498984243 4.134840047546264 4.128865105250098 4.122890162953931 4.116915220657765 4.110940278361599 4.104965336065432 4.098990393769266 4.093015451473099 4.0870405091769335 4.081065566880767 4.075090624584591 4.069115682288424 4.0631407399922574 4.059167697147561 4.057334730061255 4.055501762974949
-9999.0 -9999.0 4.176102098516165 4.183474392351019 4.190846686185872 4.198218980020726 4.205591273855579 4.212963567690433 4.220335861525287 4.2277081553601406 4.235080449194994 4.2424527430298475 4.243093764922623 4.23653890501092 4.229984045099228 4.223429185187536 4.216874325275844 4.210319465364152 4.20376460545246 4.197209745540769 4.190654885629076 4.184100025717385 4.177545165805692 4.1709903058940005 4.164435445982309 4.1578805860706165 4.151325726158913 4.144770866247222 4.138216006335529 4.131661146423838 4.125106286512146 4.118551426600454 4.111996566688762 4.10544170677707 4.098886846865378 4.0923319869536865 4.085777127041994 4.0792222671303024 4.072667407218611 4.066112547306908 4.059557687395215 4.053002827483524 4.048795376123521 4.047097357558865 4.045399338994209
4.1642502588243815 4.17197571313127 4.179701167438158 4.187426621745047 4.195152076051935 4.2028775303588235 4.210602984665711 4.2183284389726 4.226053893279488 4.233779347586377 4.241504801893265 4.2492302562001525 4.249773463264132 4.242638685736903 4.235503908209686 4.228369130682468 4.221234353155251 4.214099575628033 4.206964798100816 4.199830020573598 4.192695243046381 4.185560465519163 4.178425687991946 4.171290910464728 4.164156132937511 4.1570213554102935 4.1498865778830645 4.142751800355847 4.1356170228286295 4.128482245301412 4.121347467774195 4.114212690246977 4.10707791271976 4.099943135192542 4.092808357665325 4.085673580138107 4.07853880261089 4.071404025083672 4.064269247556455 4.057134470029225 4.049999692502007 4.04286491497479 4.038423055099482 4.036859985056477 4.035296915013472
4.167143006802306 4.175221621581229 4.183300236360152 4.191378851139074 4.199457465917997 4.20753608069692 4.2156146954758436 4.223693310254767 4.23177192503369 4.239850539812612 4.247929154591535 4.256007769370458 4.256453161605642 4.2487384664628856 4.241023771320143 4.2333090761774 4.225594381034657 4.217879685891914 4.210164990749171 4.202450295606428 4.1947356004636855 4.187020905320942 4.1793062101782 4.171591515035456 4.163876819892714 4.1561621247499705 4.148447429607215 4.140732734464471 4.133018039321729 4.1253033441789855 4.117588649036243 4.1098739538935 4.102159258750757 4.094444563608014 4.086729868465271 4.079015173322528 4.0713004781797855 4.063585783037042 4.0558710878943 4.048156392751543 4.0404416976088005 4.032727002466057 4.028050734075443 4.026622612554088 4.025194491032734
-9999.0 4.176192980994154 4.1845433778837915 4.192893774773428 4.201244171663066 4.209594568552703 4.21794496544234 4.226295362331977 4.234645759221615 4.242996156111252 4.251346553000889 4.259696949890526 4.26019817570572 4.252308460284123 4.24441874486254 4.236529029440957 4.228639314019374 4.220749598597791 4.2128598831762085 4.204970167754626 4.197080452333043 4.18919073691146 4.181301021489877 4.173411306068294 4.165521590646711 4.157631875225128 4.149742159803532 4.141852444381949 4.133962728960366 4.126073013538783 4.1181832981172 4.1102935826956175 4.102403867274035 4.094514151852452 4.086624436430869 4.078734721009286 4.070845005587703 4.06295529016612 4.055065574744537 4.047175859322941 4.039286143901358 4.031396428479775 4.026649266582964 4.025261565428729 4.023873864274496
-9999.0 4.174732990869434 4.18326818153146 4.191803372193486 4.200338562855513 4.208873753517539 4.217408944179565 4.225944134841591 4.234479325503617 4.243014516165644 4.25154970682767 4.260084897489696 4.26080619734823 4.253174271376807 4.245542345405396 4.237910419433986 4.230278493462576 4.222646567491165 4.215014641519755 4.207382715548345 4.199750789576934 4.192118863605524 4.184486937634114 4.1768550116627035 4.169223085691293 4.161591159719883 4.153959233748459 4.1463273077770495 4.138695381805639 4.131063455834228 4.123431529862819 4.115799603891408 4.108167677919998 4.100535751948588 4.092903825977177 4.085271900005767 4.077639974034357 4.070008048062946 4.062376122091536 4.0547441961201125 4.047112270148703 4.039480344177292 4.034837076011368 4.033388750585924 4.031940425160478
-9999.0 -9999.0 4.181992985179129 4.190712969613544 4.199432954047959 4.208152938482375 4.21687292291679 4.2255929073512055 4.2343128917856205 4.2430328762200356 4.2517528606544515 4.2604728450888665 4.2614142189907405 4.254040082469491 4.246665945948253 4.239291809427016 4.231917672905778 4.224543536384541 4.2171693998633035 4.209795263342066 4.202421126820829 4.195046990299591 4.187672853778354 4.180298717257116 4.172924580735879 4.165550444214642 4.158176307693392 4.150802171172154 4.143428034650917 4.1360538981296795 4.128679761608441 4.121305625087204 4.113931488565966 4.106557352044729 4.0991832155234915 4.091809079002254 4.084434942481017 4.077060805959779 4.069686669438542 4.062312532917292 4.054938396396055 4.047564259874817 4.043024885439782 4.041515935743125 4.0400069860464685
-9999.0 -9999.0 -9999.0 -9999.0 -9999.0 -9999.0 4.2163369016540155 4.22524167986082 4.234146458067624 4.243051236274429 4.251956014481233 4.260860792688037 4.262022240633252 4.254905893562174 4.24778954649111 4.240673199420045 4.23355685234898 4.226440505277916 4.219324158206851 4.2122078111357855 4.20509146406472 4.197975116993656 4.190858769922591 4.183742422851526 4.176626075780462 4.1695097287093965 4.162393381638319 4.155277034567255 4.14816068749619 4.1410443404251245 4.13392799335406 4.126811646282995 4.11969529921193 4.112578952140865 4.105462605069801 4.0983462579987355 4.09122991092767 4.084113563856605 4.076997216785541 4.0698808697144635 4.062764522643399 4.055648175572334 4.0512126948681875 4.049643120900319 4.048073546932451
-9999.0 -9999.0 -9999.0 -9999.0 -9999.0 4.206711308412047 4.215800880391241 4.224890452370435 4.233980024349628 4.243069596328821 4.252159168308014 4.261248740287208 4.262630262275763 4.255771704654859 4.248913147033966 4.242054589413074 4.2351960317921815 4.22833747417129 4.221478916550398 4.214620358929505 4.207761801308613 4.20090324368772 4.194044686066828 4.187186128445936 4.180327570825043 4.173469013204151 4.166610455583247 4.159751897962355 4.152893340341462 4.14603478272057 4.139176225099678 4.132317667478786 4.125459109857894 4.118600552237001 4.111741994616109 4.104883436995217 4.098024879374324 4.091166321753432 4.084307764132539 4.077449206511636 4.070590648890743 4.063732091269851 4.059400504296592 4.057770306057513 4.056140107818433
-9999.0 -9999.0 -9999.0 -9999.0 4.196716127625301 4.205990493376883 4.215264859128466 4.224539224880048 4.23381359063163 4.243087956383213 4.252362322134795 4.261636687886377 4.263238283918273 4.256637515747542 4.250036747576822 4.243435979406103 4.236835211235383 4.2302344430646635 4.223633674893944 4.217032906723223 4.210432138552504 4.203831370381784 4.197230602211064 4.190629834040345 4.184029065869625 4.1774282976989054 4.170827529528174 4.164226761357455 4.157625993186735 4.151025225016015 4.144424456845296 4.137823688674576 4.131222920503856 4.124622152333137 4.118021384162417 4.1114206159916975 4.104819847820978 4.098219079650258 4.091618311479539 4.085017543308807 4.078416775138088 4.071816006967368 4.067588313724998 4.065897491214707 4.064206668704416
-9999.0 -9999.0 -9999.0 -9999.0 4.195810518817749 4.20526967834172 4.2147288378656915 4.224187997389663 4.2336471569136345 4.243106316437606 4.252565475961577 4.262024635485549 4.263846305560784 4.257503326840226 4.2511603481196785 4.244817369399131 4.238474390678585 4.232131411958037 4.22578843323749 4.2194454545169435 4.213102475796396 4.206759497075849 4.2004165183553015 4.194073539634755 4.187730560914208 4.18138758219366 4.175044603473102 4.168701624752556 4.162358646032009 4.156015667311461 4.149672688590914 4.143329709870367 4.13698673114982 4.130643752429273 4.124300773708725 4.117957794988179 4.111614816267632 4.105271837547084 4.098928858826537 4.09258588010598 4.0862429013854324 4.079899922664885 4.075776123153403 4.074024676371901 4.072273229590398
-9999.0 -9999.0 -9999.0 -9999.0 -9999.0 -9999.0 4.214192816602917 4.223836769899277 4.233480723195638 4.243124676491998 4.252768629788359 4.2624125830847195 4.264454327203294 4.25836913793291 4.2522839486625355 4.24619875939216 4.240113570121786 4.234028380851411 4.227943191581037 4.221858002310663 4.215772813040288 4.209687623769914 4.203602434499539 4.1975172452291645 4.19143205595879 4.185346866688415 4.1792616774180305 4.173176488147656 4.167091298877281 4.161006109606907 4.154920920336532 4.148835731066158 4.142750541795784 4.136665352525409 4.1305801632550345 4.1244949739846595 4.118409784714285 4.11232459544391 4.106239406173536 4.100154216903151 4.094069027632777 4.087983838362402 4.083963932581809 4.082151861529095 4.080339790476381
-9999.0 -9999.0 -9999.0 -9999.0 -9999.0 -9999.0 -9999.0 -9999.0 4.23331428947764 4.24314303654639 4.2529717836151395 4.262800530683889 4.265062348845805 4.2592349490255925 4.253407549205391 4.247580149385189 4.241752749564987 4.235925349744785 4.230097949924583 4.224270550104381 4.2184431502841795 4.212615750463978 4.206788350643776 4.200960950823574 4.195133551003372 4.18930615118317 4.1834787513629585 4.177651351542757 4.171823951722555 4.165996551902353 4.160169152082151 4.154341752261949 4.148514352441747 4.1426869526215455 4.136859552801344 4.131032152981142 4.12520475316094 4.119377353340738 4.113549953520535 4.107722553700324 4.101895153880122 4.09606775405992 4.0921517420102145 4.090279046686289 4.088406351362365
-9999.0 -9999.0 -9999.0 -9999.0 -9999.0 -9999.0 -9999.0 -9999.0 -9999.0 4.243161396600783 -9999.0 -9999.0 -9999.0 4.260100760118278 4.2545311497482485 4.24896153937822 4.24339192900819 4.237822318638162 4.232252708268132 4.226683097898103 4.221113487528075 4.215543877158045 4.2099742667880165 4.204404656417987 4.198835046047958 4.193265435677929 4.18769582530789 4.1821262149378615 4.176556604567832 4.170986994197803 4.165417383827774 4.159847773457745 4.1542781630877155 4.148708552717687 4.143138942347657 4.1375693319776286 4.131999721607599 4.12643011123757 4.120860500867541 4.115290890497502 4.109721280127474 4.104151669757444 4.100339551438627 4.098406231843491 4.0964729122483545
-9999.0 -9999.0 -9999.0 -9999.0 -9999.0 -9999.0 -9999.0 -9999.0 -9999.0 -9999.0 -9999.0 -9999.0 -9999.0 -9999.0 4.255654750291105 4.250342929371248 4.245031108451392 4.2397192875315355 4.234407466611678 4.229095645691822 4.2237838247719655 4.218472003852109 4.213160182932253 4.207848362012396 4.20253654109254 4.1972247201726836 4.191912899252817 4.186601078332961 4.181289257413105 4.175977436493248 4.170665615573392 4.1653537946535355 4.160041973733678 4.154730152813822 4.1494183318939655 4.144106510974109 4.138794690054253 4.133482869134396 4.12817104821454 4.122859227294674 4.117547406374817 4.112235585454961 4.108527360867033 4.106533417000684 4.104539473134337
-9999.0 -9999.0 -9999.0 -9999.0 -9999.0 -9999.0 -9999.0 -9999.0 -9999.0 -9999.0 -9999.0 -9999.0 -9999.0 -9999.0 -9999.0 -9999.0 4.246670287894593 4.241616256424909 4.236562224955225 4.231508193485541 4.226454162015858 4.221400130546174 4.21634609907649 4.211292067606806 4.206238036137122 4.2011840046674385 4.1961299731977455 4.191075941728061 4.186021910258377 4.180967878788694 4.17591384731901 4.170859815849326 4.165805784379642 4.160751752909958 4.155697721440275 4.1506436899705905 4.145589658500906 4.140535627031222 4.135481595561538 4.130427564091846 4.125373532622162 4.120319501152478 4.116715170295437 4.114660602157878 4.112606034020319
