Figures/CREST_Example_wjb_NSE/PETs/wjb.pet.20090911.asc
ncols            288
nrows            254
xllcorner        113.274861
yllcorner        31.4918055
cellsize         0.008333333333
NODATA_value     -9999
[rows 60 to 79 of 254, columns 44 to 87 of 288]
2.169940420449929 2.1652960655998665 2.160651710749804 2.1560073558997415 2.151363001049679 2.1467186461996164 2.142074291349554 2.1374299364994913 2.1327855816494212 2.1281412267993587 2.123496871949296 2.1188525170992336 2.114208162249171 2.1095638073991085 2.104919452549046 2.1002750976989835 2.095630742848921 2.0909863879988584 2.0863420331487963 2.0816976782987338 2.077053323448671 2.0724089685986007 2.067764613748538 2.0631202588984756 2.058475904048413 2.0538315491983505 2.0491871943482884 2.044542839498226 2.0432752216552785 2.0456174120076502 2.047959602360022 2.050301792712394 2.052643983064766 2.0549861734171375 2.0573283637695137 2.0596705541218854 2.062012744474257 2.0643549348266292 2.066697125179001 2.0690393155313727 2.071381505883745 2.0737236962361165 2.0760658865884887 2.0784080769408604
2.1703170836620576 2.165663023512275 2.1610089633624927 2.1563549032127103 2.151700843062928 2.1470467829131454 2.1423927227633626 2.13773866261358 2.1330846024637897 2.1284305423140073 2.123776482164225 2.1191224220144425 2.11446836186466 2.109814301714877 2.1051602415650947 2.1005061814153123 2.09585212126553 2.0911980611157475 2.086544000965965 2.0818899408161826 2.0772358806663997 2.0725818205166093 2.067927760366827 2.0632737002170445 2.058619640067262 2.0539655799174796 2.049311519767697 2.0446574596179143 2.0433392621869304 2.0455871774130485 2.0478350926391666 2.0500830078652847 2.0523309230914024 2.0545788383175205 2.0568267535436426 2.0590746687697603 2.0613225839958784 2.0635704992219965 2.0658184144481146 2.0680663296742328 2.0703142449003504 2.0725621601264685 2.0748100753525867 2.0770579905787048
2.1706937468741865 2.166029981424684 2.1613662159751814 2.156702450525679 2.152038685076177 2.147374919626674 2.1427111541771717 2.138047388727669 2.1333836232781587 2.1287198578286564 2.1240560923791536 2.1193923269296513 2.1147285614801485 2.1100647960306462 2.105401030581144 2.100737265131641 2.096073499682139 2.091409734232636 2.086745968783134 2.082082203333631 2.0774184378841287 2.0727546724346184 2.0680909069851157 2.0634271415356134 2.0587633760861106 2.0540996106366083 2.049435845187106 2.044772079737603 2.0434033027185827 2.045556942818447 2.047710582918311 2.049864223018175 2.0520178631180395 2.0541715032179035 2.056325143317771 2.0584787834176357 2.0606324235174998 2.062786063617364 2.064939703717228 2.0670933438170924 2.0692469839169565 2.0714006240168206 2.0735542641166846 2.075707904216549
2.1710704100863154 2.1663969393370928 2.1617234685878706 2.157049997838648 2.1523765270894257 2.147703056340203 2.1430295855909804 2.1383561148417582 2.1336826440925276 2.129009173343305 2.1243357025940828 2.11966223184486 2.114988761095638 2.1103152903464153 2.1056418195971927 2.1009683488479705 2.096294878098748 2.091621407349525 2.086947936600303 2.0822744658510803 2.0776009951018577 2.0729275243526275 2.068254053603405 2.0635805828541827 2.05890711210496 2.0542336413557374 2.049560170606515 2.0448866998572925 2.043467343250235 2.0455267082238455 2.0475860731974556 2.049645438171066 2.0517048031446765 2.0537641681182865 2.0558235330919006 2.057882898065511 2.059942263039121 2.0620016280127316 2.064060992986342 2.066120357959952 2.0681797229335626 2.070239087907173 2.072298452880783 2.0743578178543935
2.1714470732984443 2.166763897249502 2.1620807212005593 2.1573975451516167 2.152714369102674 2.1480311930537317 2.1433480170047896 2.138664840955847 2.1339816649068966 2.129298488857954 2.1246153128090115 2.119932136760069 2.1152489607111264 2.110565784662184 2.1058826086132414 2.1011994325642993 2.096516256515357 2.0918330804664143 2.0871499044174717 2.082466728368529 2.0777835523195867 2.073100376270636 2.0684172002216936 2.063734024172751 2.059050848123809 2.0543676720748665 2.049684496025924 2.0450013199769814 2.0435313837818874 2.045496473629244 2.0474615634766002 2.0494266533239567 2.051391743171313 2.0533568330186696 2.0553219228660295 2.057287012713386 2.0592521025607424 2.061217192408099 2.0631822822554553 2.0651473721028117 2.0671124619501686 2.069077551797525 2.0710426416448815 2.073007731492238
2.1718237365105733 2.167130855161911 2.162437973813248 2.1577450924645856 2.153052211115923 2.1483593297672607 2.1436664484185983 2.138973567069936 2.1342806857212655 2.1295878043726026 2.1248949230239402 2.120202041675278 2.1155091603266154 2.110816278977953 2.1061233976292906 2.101430516280628 2.0967376349319653 2.092044753583303 2.0873518722346405 2.082658990885978 2.0779661095373156 2.0732732281886452 2.0685803468399824 2.06388746549132 2.0591945841426575 2.054501702793995 2.0498088214453327 2.0451159400966703 2.0435954243135392 2.045466239034642 2.0473370537557445 2.0492078684768473 2.0510786831979497 2.0529494979190526 2.0548203126401585 2.056691127361261 2.0585619420823638 2.060432756803466 2.062303571524569 2.0641743862456714 2.0660452009667742 2.067916015687877 2.0697868304089795 2.0716576451300823
2.172200399722702 2.1674978130743194 2.162795226425937 2.158092639777555 2.153390053129172 2.14868746648079 2.143984879832407 2.1392822931840247 2.1345797065356344 2.1298771198872517 2.1251745332388694 2.120471946590487 2.1157693599421044 2.111066773293722 2.1063641866453393 2.101661599996957 2.0969590133485747 2.092256426700192 2.0875538400518097 2.0828512534034274 2.0781486667550446 2.0734460801066543 2.0687434934582716 2.0640409068098893 2.059338320161507 2.0546357335131242 2.049933146864742 2.0452305602163596 2.0436594648451916 2.0454360044400404 2.047212544034889 2.048989083629738 2.0507656232245868 2.0525421628194356 2.054318702414287 2.056095242009136 2.0578717816039847 2.0596483211988335 2.061424860793682 2.0632014003885306 2.0649779399833794 2.066754479578228 2.068531019173077 2.070307558767926
2.1725770629348307 2.1678647709867285 2.163152479038626 2.1584401870905237 2.153727895142421 2.1490156031943184 2.144303311246216 2.1395910192981136 2.134878727350003 2.1301664354019008 2.125454143453798 2.120741851505696 2.1160295595575933 2.1113172676094907 2.1066049756613885 2.101892683713286 2.0971803917651832 2.092468099817081 2.0877558078689784 2.0830435159208758 2.0783312239727736 2.073618932024663 2.0689066400765608 2.064194348128458 2.0594820561803555 2.0547697642322533 2.0500574722841507 2.045345180336048 2.043723505376844 2.0454057698454386 2.0470880343140334 2.0487702987826286 2.0504525632512234 2.052134827719818 2.053817092188416 2.055499356657011 2.057181621125606 2.0588638855942007 2.0605461500627955 2.0622284145313903 2.0639106789999855 2.0655929434685802 2.067275207937175 2.0689574724057698
2.1729537261469596 2.168231728899137 2.163509731651315 2.1587877344034925 2.15406573715567 2.1493437399078474 2.144621742660025 2.1398997454122024 2.135177748164372 2.1304557509165494 2.125733753668727 2.1210117564209043 2.1162897591730823 2.1115677619252597 2.1068457646774372 2.1021237674296147 2.097401770181792 2.0926797729339697 2.087957775686147 2.0832357784383246 2.0785137811905026 2.0737917839426716 2.0690697866948495 2.064347789447027 2.0596257921992045 2.054903794951382 2.0501817977035595 2.045459800455737 2.0437875459084958 2.045375535250837 2.046963524593178 2.0485515139355193 2.05013950327786 2.051727492620201 2.053315481962545 2.054903471304886 2.056491460647227 2.058079449989568 2.059667439331909 2.06125542867425 2.062843418016591 2.0644314073589323 2.0660193967012734 2.067607386043614
2.1733303893590885 2.168598686811546 2.1638669842640037 2.1591352817164613 2.154403579168919 2.149671876621376 2.1449401740738336 2.1402084715262912 2.135476768978741 2.1307450664311984 2.126013363883656 2.121281661336113 2.1165499587885708 2.1118182562410284 2.107086553693486 2.1023548511459436 2.097623148598401 2.0928914460508588 2.088159743503316 2.0834280409557735 2.078696338408231 2.0739646358606807 2.0692329333131383 2.064501230765596 2.059769528218053 2.0550378256705106 2.0503061231229682 2.045574420575426 2.043851586440148 2.045345300656235 2.0468390148723223 2.0483327290884095 2.049826443304497 2.051320157520584 2.052813871736674 2.054307585952761 2.055801300168848 2.0572950143849353 2.0587887286010225 2.06028244281711 2.061776157033197 2.0632698712492843 2.0647635854653714 2.0662572996814585
2.1737070525712174 2.168965644723955 2.1642242368766924 2.15948282902943 2.154741421182168 2.150000013334905 2.145258605487643 2.1405171976403805 2.13577578979311 2.1310343819458475 2.1262929740985848 2.1215515662513225 2.1168101584040597 2.1120687505567974 2.107327342709535 2.1025859348622724 2.09784452701501 2.093103119167748 2.088361711320485 2.083620303473223 2.0788788956259605 2.07413748777869 2.0693960799314275 2.0646546720841648 2.0599132642369025 2.05517185638964 2.0504304485423774 2.045689040695115 2.0439156269718004 2.045315066061634 2.046714505151467 2.0481139442413006 2.049513383331134 2.050912822420967 2.052312261510803 2.0537117006006365 2.0551111396904695 2.056510578780303 2.0579100178701366 2.0593094569599697 2.0607088960498032 2.0621083351396363 2.06350777422947 2.0649072133193034
2.1740837157833464 2.1693326026363637 2.1645814894893816 2.159830376342399 2.1550792631954163 2.150328150048434 2.1455770369014515 2.1408259237544693 2.1360748106074787 2.131323697460496 2.1265725843135135 2.1218214711665313 2.1170703580195487 2.1123192448725665 2.107568131725584 2.1028170185786013 2.098065905431619 2.0933147922846365 2.0885636791376543 2.0838125659906717 2.079061452843689 2.0743103396966984 2.0695592265497162 2.0648081134027336 2.0600570002557514 2.055305887108769 2.050554773961786 2.045803660814804 2.0439796675034527 2.045284831467032 2.0465899954306117 2.047895159394191 2.0492003233577707 2.05050548732135 2.051810651284932 2.0531158152485114 2.054420979212091 2.0557261431756704 2.05703130713925 2.0583364711028294 2.059641635066409 2.0609467990299883 2.062251962993568 2.0635571269571478
2.1744603789954757 2.169699560548773 2.1649387421020707 2.160177923655368 2.1554171052086657 2.150656286761963 2.1458954683152607 2.141134649868558 2.1363738314218477 2.131613012975145 2.1268521945284427 2.12209137608174 2.1173305576350376 2.1125697391883356 2.107808920741633 2.1030481022949306 2.098287283848228 2.0935264654015255 2.088765646954823 2.0840048285081205 2.079244010061418 2.0744831916147075 2.069722373168005 2.0649615547213025 2.0602007362746 2.0554399178278975 2.050679099381195 2.045918280934493 2.0440437080351046 2.04525459687243 2.046465485709756 2.0476763745470814 2.048887263384407 2.0500981522217328 2.0513090410590604 2.052519929896386 2.0537308187337113 2.0549417075710372 2.0561525964083627 2.057363485245688 2.058574374083014 2.0597852629203395 2.060996151757665 2.062207040594991
2.1748370422076047 2.170066518461182 2.1652959947147594 2.160525470968337 2.1557549472219146 2.1509844234754922 2.14621389972907 2.1414433759826474 2.1366728522362166 2.131902328489794 2.127131804743372 2.1223612809969494 2.117590757250527 2.112820233504104 2.108049709757682 2.1032791860112594 2.098508662264837 2.0937381385184146 2.088967614771992 2.08419709102557 2.0794265672791474 2.0746560435327166 2.069885519786294 2.065114996039872 2.0603444722934494 2.055573948547027 2.0508034248006046 2.046032901054182 2.044107748566757 2.0452243622778288 2.0463409759889006 2.0474575896999725 2.0485742034110443 2.0496908171221158 2.0508074308331894 2.0519240445442612 2.053040658255333 2.054157271966405 2.0552738856774764 2.0563904993885482 2.05750711309962 2.058623726810692 2.0597403405217634 2.060856954232835
2.175213705419733 2.170433476373591 2.1656532473274486 2.160873018281306 2.1560927892351636 2.151312560189021 2.1465323311428786 2.1417521020967363 2.1369718730505856 2.1321916440044433 2.1274114149583006 2.1226311859121583 2.1178509568660155 2.1130707278198733 2.108290498773731 2.1035102697275883 2.098730040681446 2.0939498116353032 2.089169582589161 2.0843893535430187 2.079609124496876 2.0748288954507252 2.070048666404583 2.0652684373584407 2.060488208312298 2.0557079792661557 2.0509277502200134 2.0461475211738707 2.0441717890984092 2.045194127683227 2.046216466268045 2.047238804852863 2.048261143437681 2.0492834820224988 2.0503058206073184 2.051328159192136 2.0523504977769544 2.0533728363617723 2.05439517494659 2.055417513531408 2.0564398521162257 2.057462190701044 2.058484529285862 2.0595068678706796
2.1755903686318616 2.1708004342859994 2.166010499940137 2.1612205655942742 2.156430631248412 2.1516406969025494 2.1468507625566873 2.1420608282108247 2.137270893864954 2.1324809595190914 2.1276910251732293 2.1229010908273667 2.1181111564815045 2.113321222135642 2.1085312877897793 2.103741353443917 2.0989514190980545 2.094161484752192 2.0893715504063297 2.084581616060467 2.079791681714605 2.0750017473687343 2.0702118130228717 2.065421878677009 2.060631944331147 2.0558420099852843 2.051052075639422 2.0462621412935595 2.044235829630061 2.0451638930886253 2.0460919565471896 2.0470200200057533 2.0479480834643176 2.048876146922882 2.0498042103814473 2.0507322738400116 2.0516603372985753 2.0525884007571396 2.0535164642157038 2.0544445276742676 2.0553725911328318 2.056300654591396 2.0572287180499598 2.058156781508524
2.1759670318439905 2.171167392198408 2.1663677525528255 2.161568112907243 2.156768473261661 2.1519688336160785 2.147169193970496 2.1423695543249135 2.137569914679323 2.1327702750337405 2.127970635388158 2.1231709957425755 2.118371356096993 2.1135717164514105 2.1087720768058285 2.103972437160246 2.0991727975146635 2.094373157869081 2.0895735182234985 2.084773878577916 2.0799742389323335 2.075174599286743 2.0703749596411605 2.065575319995578 2.0607756803499955 2.0559760407044134 2.051176401058831 2.0463767614132484 2.0442998701617134 2.0451336584940236 2.045967446826334 2.046801235158644 2.047635023490954 2.0484688118232643 2.0493026001555763 2.0501363884878865 2.0509701768201967 2.051803965152507 2.052637753484817 2.053471541817127 2.054305330149438 2.055139118481748 2.055972906814058 2.0568066951463684
2.1763436950561195 2.171534350110817 2.1667250051655147 2.1619156602202123 2.15710631527491 2.1522969703296075 2.1474876253843047 2.1426782804390023 2.137868935493692 2.1330595905483896 2.128250245603087 2.123440900657785 2.118631555712482 2.1138222107671796 2.109012865821877 2.104203520876575 2.0993941759312724 2.09458483098597 2.0897754860406677 2.0849661410953653 2.080156796150063 2.075347451204752 2.0705381062594497 2.0657287613141473 2.060919416368845 2.0561100714235425 2.05130072647824 2.0464913815329377 2.0443639106933658 2.0451034238994223 2.0458429371054785 2.046582450311535 2.047321963517591 2.048061476723648 2.0488009899297053 2.049540503135762 2.050280016341818 2.0510195295478746 2.051759042753931 2.0524985559599873 2.053238069166044 2.0539775823721 2.0547170955781566 2.0554566087842128
2.1767203582682484 2.1719013080232257 2.1670822577782034 2.162263207533181 2.1574441572881584 2.152625107043136 2.147806056798114 2.142987006553091 2.138167956308061 2.133348906063038 2.128529855818016 2.123710805572993 2.118891755327971 2.1140727050829486 2.109253654837926 2.1044346045929037 2.0996155543478814 2.0947965041028587 2.0899774538578364 2.085158403612814 2.0803393533677914 2.075520303122761 2.0707012528777384 2.065882202632716 2.0610631523876934 2.056244102142671 2.051425051897649 2.046606001652626 2.044427951225018 2.0450731893048206 2.045718427384623 2.0463636654644257 2.0470089035442283 2.047654141624031 2.0482993797038342 2.048944617783637 2.0495898558634393 2.050235093943242 2.0508803320230444 2.051525570102847 2.0521708081826495 2.052816046262452 2.0534612843422546 2.054106522422057
2.1770970214803778 2.172268265935635 2.1674395103908926 2.1626107548461504 2.157781999301408 2.152953243756665 2.148124488211923 2.1432957326671804 2.13846697712243 2.1336382215776872 2.128809466032945 2.1239807104882025 2.11915195494346 2.1143231993987177 2.109494443853975 2.1046656883092325 2.0998369327644903 2.0950081772197477 2.0901794216750056 2.085350666130263 2.0805219105855204 2.07569315504077 2.0708643994960276 2.066035643951285 2.0612068884065424 2.0563781328618003 2.0515493773170577 2.046720621772315 2.04449199175667 2.0450429547102185 2.0455939176637674 2.046144880617316 2.0466958435708644 2.0472468065244134 2.0477977694779628 2.0483487324315113 2.04889969538506 2.0494506583386087 2.0500016212921572 2.0505525842457057 2.0511035471992547 2.051654510152803 2.0522054731063517 2.0527564360599
