Figures/CREST_Example_wjb_NSE/PETs/wjb.pet.20100512.asc
ncols            288
nrows            254
xllcorner        113.274861
yllcorner        31.4918055
cellsize         0.008333333333
NODATA_value     -9999
[rows 100 to 119 of 254, columns 44 to 87 of 288]
1.2137365570919594 1.217516501716093 1.2212964463402263 1.2250763909643596 1.2288563355884932 1.2326362802126265 1.2364162248367598 1.2401961694608932 1.2439761140850332 1.2477560587091665 1.2515360033332998 1.2553159479574334 1.2590958925815667 1.2628758372057 1.2666557818298334 1.270435726453967 1.2742156710781003 1.2779956157022336 1.2817755603263672 1.2855555049505005 1.2893354495746339 1.2931153941987739 1.2968953388229072 1.3006752834470405 1.3044552280711739 1.3082351726953074 1.3120151173194408 1.315795061943574 1.3216882346354937 1.3298404959036334 1.337992757171773 1.3461450184399124 1.3542972797080521 1.3624495409761916 1.3706018022443451 1.3787540635124846 1.3869063247806241 1.3950585860487639 1.4032108473169034 1.4113631085850429 1.4195153698531826 1.4276676311213221 1.4358198923894616 1.4439721536576013
1.2145971227572923 1.218187033423033 1.2217769440887736 1.2253668547545142 1.2289567654202551 1.2325466760859958 1.2361365867517364 1.239726497417477 1.243316408083224 1.2469063187489648 1.2504962294147055 1.2540861400804462 1.2576760507461868 1.2612659614119277 1.2648558720776684 1.268445782743409 1.27203569340915 1.2756256040748906 1.2792155147406312 1.2828054254063719 1.2863953360721128 1.2899852467378596 1.2935751574036003 1.297165068069341 1.3007549787350816 1.3043448894008225 1.3079348000665632 1.3115247107323038 1.3172900625698774 1.32538101019829 1.3334719578267022 1.3415629054551148 1.3496538530835271 1.3577448007119397 1.3658357483403658 1.3739266959687784 1.3820176435971907 1.3901085912256033 1.3981995388540156 1.4062904864824282 1.4143814341108407 1.422472381739253 1.4305633293676654 1.438654276996078
1.2154576884226247 1.2188575651299727 1.2222574418373207 1.2256573185446689 1.2290571952520168 1.2324570719593648 1.235856948666713 1.239256825374061 1.2426567020814148 1.246056578788763 1.249456455496111 1.252856332203459 1.256256208910807 1.2596560856181551 1.263055962325503 1.266455839032851 1.2698557157401993 1.2732555924475473 1.2766554691548953 1.2800553458622432 1.2834552225695914 1.2868550992769452 1.2902549759842932 1.2936548526916414 1.2970547293989894 1.3004546061063373 1.3038544828136855 1.3072543595210335 1.312891890504261 1.3209215244929464 1.3289511584816316 1.336980792470317 1.3450104264590024 1.3530400604476878 1.3610696944363867 1.369099328425072 1.3771289624137575 1.3851585964024427 1.393188230391128 1.4012178643798134 1.4092474983684986 1.417277132357184 1.4253067663458694 1.4333364003345548
1.2163182540879571 1.2195280968369127 1.222737939585868 1.2259477823348233 1.2291576250837786 1.232367467832734 1.2355773105816894 1.2387871533306447 1.2419969960796056 1.245206838828561 1.2484166815775164 1.2516265243264717 1.254836367075427 1.2580462098243825 1.2612560525733378 1.2644658953222931 1.2676757380712487 1.270885580820204 1.2740954235691593 1.2773052663181148 1.2805151090670701 1.283724951816031 1.2869347945649863 1.2901446373139416 1.293354480062897 1.2965643228118524 1.2997741655608077 1.3029840083097632 1.3084937184386447 1.316462038787603 1.3244303591365612 1.3323986794855194 1.3403669998344776 1.3483353201834358 1.3563036405324076 1.3642719608813658 1.372240281230324 1.380208601579282 1.3881769219282403 1.3961452422771985 1.4041135626261567 1.412081882975115 1.4200502033240732 1.4280185236730314
1.2171788197532898 1.2201986285438524 1.223218437334415 1.2262382461249777 1.2292580549155405 1.2322778637061031 1.2352976724966658 1.2383174812872286 1.2413372900777964 1.2443570988683592 1.2473769076589218 1.2503967164494845 1.253416525240047 1.25643633403061 1.2594561428211726 1.2624759516117352 1.265495760402298 1.2685155691928607 1.2715353779834233 1.2745551867739862 1.2775749955645488 1.2805948043551165 1.2836146131456794 1.286634421936242 1.2896542307268046 1.2926740395173675 1.29569384830793 1.2987136570984927 1.3040955463730284 1.3120025530822594 1.3199095597914905 1.3278165665007216 1.3357235732099526 1.3436305799191837 1.3515375866284283 1.3594445933376593 1.3673516000468906 1.3752586067561217 1.3831656134653527 1.3910726201745838 1.3989796268838148 1.4068866335930459 1.414793640302277 1.4227006470115082
1.218039385418623 1.220869160250793 1.2236989350829628 1.2265287099151327 1.2293584847473025 1.2321882595794724 1.2350180344116422 1.237847809243812 1.2406775840759867 1.2435073589081567 1.2463371337403264 1.2491669085724963 1.251996683404666 1.254826458236836 1.257656233069006 1.2604860079011757 1.2633157827333457 1.2661455575655154 1.2689753323976853 1.271805107229855 1.274634882062025 1.2774646568941996 1.2802944317263696 1.2831242065585393 1.2859539813907093 1.288783756222879 1.291613531055049 1.294443305887219 1.299697374307408 1.307543067376912 1.315388760446416 1.32323445351592 1.3310801465854238 1.3389258396549277 1.346771532724445 1.354617225793949 1.362462918863453 1.3703086119329568 1.3781543050024607 1.3859999980719646 1.3938456911414685 1.4016913842109724 1.4095370772804763 1.4173827703499804
1.2188999510839555 1.2215396919577328 1.2241794328315099 1.2268191737052871 1.2294589145790644 1.2320986554528415 1.2347383963266187 1.2373781372003958 1.2400178780741775 1.2426576189479548 1.2452973598217318 1.2479371006955091 1.2505768415692862 1.2532165824430634 1.2558563233168407 1.2584960641906178 1.261135805064395 1.263775545938172 1.2664152868119494 1.2690550276857264 1.2716947685595037 1.2743345094332854 1.2769742503070625 1.2796139911808397 1.282253732054617 1.284893472928394 1.2875332138021713 1.2901729546759484 1.2952992022417917 1.3030835816715685 1.3108679611013454 1.3186523405311221 1.326436719960899 1.3342210993906758 1.3420054788204658 1.3497898582502426 1.3575742376800195 1.3653586171097962 1.373142996539573 1.38092737596935 1.3887117553991266 1.3964961348289033 1.4042805142586803 1.412064893688457
1.2197605167492882 1.2222102236646726 1.2246599305800572 1.2271096374954418 1.2295593444108261 1.2320090513262107 1.2344587582415951 1.2369084651569797 1.2393581720723683 1.241807878987753 1.2442575859031375 1.2467072928185219 1.2491569997339065 1.251606706649291 1.2540564135646755 1.25650612048006 1.2589558273954444 1.261405534310829 1.2638552412262136 1.266304948141598 1.2687546550569826 1.2712043619723712 1.2736540688877558 1.2761037758031404 1.2785534827185248 1.2810031896339094 1.2834528965492937 1.2859026034646783 1.2909010301761756 1.2986240959662252 1.306347161756275 1.3140702275463245 1.3217932933363743 1.329516359126424 1.3372394249164867 1.3449624907065365 1.352685556496586 1.3604086222866358 1.3681316880766854 1.3758547538667352 1.383577819656785 1.3913008854468345 1.3990239512368843 1.4067470170269338
1.2206210824146206 1.2228807553716126 1.2251404283286043 1.2274001012855962 1.229659774242588 1.2319194471995798 1.2341791201565717 1.2364387931135634 1.2386984660705591 1.240958139027551 1.243217811984543 1.2454774849415347 1.2477371578985266 1.2499968308555185 1.2522565038125102 1.2545161767695021 1.2567758497264938 1.2590355226834857 1.2612951956404777 1.2635548685974693 1.2658145415544613 1.268074214511457 1.2703338874684489 1.2725935604254406 1.2748532333824325 1.2771129063394242 1.2793725792964161 1.281632252253408 1.2865028581105593 1.2941646102608817 1.3018263624112043 1.309488114561527 1.3171498667118495 1.324811618862172 1.3324733710125076 1.3401351231628302 1.3477968753131528 1.3554586274634752 1.3631203796137978 1.3707821317641204 1.3784438839144428 1.3861056360647654 1.393767388215088 1.4014291403654107
1.2214816480799533 1.2235512870785525 1.2256209260771518 1.2276905650757508 1.22976020407435 1.231829843072949 1.2338994820715483 1.2359691210701476 1.2380387600687501 1.2401083990673494 1.2421780380659484 1.2442476770645476 1.2463173160631467 1.248386955061746 1.2504565940603452 1.2525262330589442 1.2545958720575434 1.2566655110561427 1.2587351500547417 1.260804789053341 1.26287442805194 1.2649440670505427 1.2670137060491418 1.269083345047741 1.2711529840463403 1.2732226230449393 1.2752922620435385 1.2773619010421378 1.2821046860449428 1.2897051245555382 1.2973055630661336 1.304906001576729 1.3125064400873245 1.32010687859792 1.3277073171085285 1.335307755619124 1.3429081941297194 1.3505086326403148 1.35810907115091 1.3657095096615055 1.373309948172101 1.3809103866826964 1.3885108251932918 1.3961112637038873
1.222342213745286 1.2242218187854923 1.2261014238256989 1.2279810288659052 1.2298606339061118 1.2317402389463183 1.2336198439865247 1.2354994490267313 1.237379054066941 1.2392586591071475 1.2411382641473538 1.2430178691875604 1.244897474227767 1.2467770792679733 1.2486566843081799 1.2505362893483862 1.2524158943885928 1.2542954994287994 1.2561751044690057 1.2580547095092123 1.2599343145494186 1.2618139195896285 1.2636935246298349 1.2655731296700414 1.2674527347102478 1.2693323397504543 1.271211944790661 1.2730915498308673 1.2777065139793264 1.2852456388501947 1.2927847637210632 1.3003238885919315 1.3078630134627998 1.315402138333668 1.3229412632045492 1.3304803880754175 1.338019512946286 1.3455586378171542 1.3530977626880225 1.3606368875588908 1.368176012429759 1.3757151373006273 1.3832542621714958 1.390793387042364
1.223202779410619 1.2248923504924327 1.2265819215742464 1.22827149265606 1.2299610637378737 1.2316506348196874 1.233340205901501 1.2350297769833145 1.236719348065131 1.2384089191469447 1.2400984902287584 1.241788061310572 1.2434776323923857 1.2451672034741994 1.246856774556013 1.2485463456378267 1.2502359167196404 1.2519254878014539 1.2536150588832675 1.2553046299650812 1.2569942010468949 1.2586837721287114 1.260373343210525 1.2620629142923387 1.2637524853741524 1.265442056455966 1.2671316275377795 1.2688211986195932 1.2733083419137063 1.2807861531448475 1.2882639643759886 1.2957417756071297 1.303219586838271 1.310697398069412 1.3181752093005659 1.325653020531707 1.3331308317628483 1.3406086429939894 1.3480864542251305 1.3555642654562716 1.3630420766874127 1.3705198879185538 1.3779976991496952 1.3854755103808363
1.2240633450759517 1.2255628821993727 1.2270624193227937 1.2285619564462147 1.2300614935696357 1.2315610306930567 1.2330605678164777 1.2345601049398987 1.236059642063322 1.237559179186743 1.239058716310164 1.240558253433585 1.2420577905570058 1.2435573276804268 1.2450568648038478 1.2465564019272688 1.2480559390506898 1.2495554761741108 1.2510550132975318 1.2525545504209528 1.2540540875443735 1.2555536246677972 1.2570531617912182 1.2585526989146392 1.2600522360380602 1.261551773161481 1.263051310284902 1.264550847408323 1.26891016984809 1.276326667439504 1.283743165030918 1.291159662622332 1.298576160213746 1.3059926578051602 1.3134091553965868 1.3208256529880007 1.3282421505794149 1.3356586481708288 1.3430751457622427 1.350491643353657 1.3579081409450708 1.365324638536485 1.372741136127899 1.3801576337193129
1.2249239107412844 1.2262334139063127 1.227542917071341 1.2288524202363693 1.2301619234013974 1.2314714265664257 1.232780929731454 1.2340904328964823 1.2353999360615129 1.2367094392265412 1.2380189423915695 1.2393284455565978 1.2406379487216261 1.2419474518866545 1.2432569550516828 1.244566458216711 1.2458759613817394 1.2471854645467677 1.248494967711796 1.2498044708768241 1.2511139740418524 1.252423477206883 1.2537329803719113 1.2550424835369396 1.256351986701968 1.2576614898669962 1.2589709930320245 1.2602804961970528 1.264511997782474 1.2718671817341607 1.2792223656858477 1.2865775496375345 1.2939327335892215 1.3012879175409082 1.3086431014926077 1.3159982854442946 1.3233534693959814 1.3307086533476684 1.3380638372993554 1.3454190212510422 1.3527742052027292 1.360129389154416 1.367484573106103 1.3748397570577897
1.2257844764066168 1.2269039456132524 1.228023414819888 1.2291428840265237 1.2302623532331594 1.231381822439795 1.2325012916464306 1.2336207608530663 1.2347402300597037 1.2358596992663393 1.236979168472975 1.2380986376796106 1.2392181068862462 1.2403375760928819 1.2414570452995175 1.2425765145061531 1.2436959837127888 1.2448154529194244 1.24593492212606 1.2470543913326957 1.248173860539331 1.2492933297459687 1.2504127989526044 1.25153226815924 1.2526517373658757 1.2537712065725113 1.254890675779147 1.2560101449857826 1.2601138257168574 1.2674076960288172 1.274701566340777 1.2819954366527369 1.2892893069646965 1.2965831772766563 1.3038770475886285 1.3111709179005884 1.318464788212548 1.3257586585245078 1.3330525288364676 1.3403463991484275 1.3476402694603873 1.354934139772347 1.3622280100843067 1.3695218803962665
1.2266450420719492 1.2275744773201922 1.2285039125684352 1.2294333478166781 1.230362783064921 1.231292218313164 1.232221653561407 1.23315108880965 1.2340805240578945 1.2350099593061374 1.2359393945543804 1.2368688298026234 1.2377982650508663 1.2387277002991093 1.2396571355473522 1.2405865707955952 1.2415160060438382 1.2424454412920811 1.243374876540324 1.244304311788567 1.24523374703681 1.2461631822850545 1.2470926175332975 1.2480220527815404 1.2489514880297834 1.2498809232780261 1.250810358526269 1.251739793774512 1.255715653651241 1.2629482103234737 1.2701807669957064 1.277413323667939 1.2846458803401717 1.2918784370124043 1.2991109936846494 1.306343550356882 1.3135761070291148 1.3208086637013472 1.32804122037358 1.3352737770458125 1.3425063337180452 1.3497388903902778 1.3569714470625105 1.3642040037347432
1.2275056077372821 1.2282450090271324 1.2289844103169827 1.2297238116068328 1.230463212896683 1.2312026141865333 1.2319420154763836 1.2326814167662339 1.2334208180560855 1.2341602193459358 1.234899620635786 1.2356390219256363 1.2363784232154866 1.2371178245053367 1.237857225795187 1.2385966270850373 1.2393360283748875 1.2400754296647378 1.240814830954588 1.2415542322444384 1.2422936335342887 1.2430330348241403 1.2437724361139906 1.2445118374038406 1.245251238693691 1.2459906399835412 1.2467300412733915 1.2474694425632418 1.2513174815856247 1.2584887246181302 1.2656599676506357 1.2728312106831412 1.280002453715647 1.2871736967481524 1.2943449397806701 1.3015161828131756 1.3086874258456813 1.3158586688781868 1.3230299119106923 1.3302011549431978 1.3373723979757033 1.344543641008209 1.3517148840407145 1.35888612707322
1.2283661734026146 1.2289155407340722 1.2294649080655298 1.2300142753969874 1.230563642728445 1.2311130100599026 1.2316623773913602 1.2322117447228178 1.2327611120542763 1.233310479385734 1.2338598467171915 1.2344092140486491 1.2349585813801067 1.235507948711564 1.2360573160430217 1.2366066833744793 1.237156050705937 1.2377054180373945 1.2382547853688521 1.2388041527003097 1.2393535200317674 1.2399028873632258 1.2404522546946835 1.241001622026141 1.2415509893575987 1.2421003566890563 1.2426497240205139 1.2431990913519715 1.2469193095200084 1.2540292389127867 1.2611391683055653 1.2682490976983436 1.275359027091122 1.2824689564839005 1.289578885876691 1.2966888152694693 1.3037987446622479 1.3109086740550262 1.3180186034478045 1.325128532840583 1.3322384622333614 1.33934839162614 1.3464583210189183 1.3535682504116968
1.2253459189862437 1.2258062972253838 1.2262666754645237 1.2267270537036639 1.227187431942804 1.227647810181944 1.228108188421084 1.228568566660224 1.229028944899365 1.229489323138505 1.229949701377645 1.230410079616785 1.230870457855925 1.231330836095065 1.2317912143342051 1.2322515925733453 1.2327119708124852 1.2331723490516253 1.2336327272907652 1.2340931055299054 1.2345534837690455 1.2350138620081863 1.2354742402473262 1.2359346184864664 1.2363949967256065 1.2368553749647464 1.2373157532038865 1.2377761314430265 1.2414097438007352 1.2484356151655087 1.2554614865302824 1.262487357895056 1.2695132292598295 1.276539100624603 1.2835649719893887 1.2905908433541622 1.2976167147189357 1.3046425860837092 1.3116684574484827 1.3186943288132564 1.32572020017803 1.3327460715428034 1.339771942907577 1.3467978142723507
1.218177312561476 1.2186567122999512 1.2191361120384263 1.2196155117769014 1.2200949115153765 1.2205743112538516 1.2210537109923267 1.2215331107308018 1.2220125104692776 1.2224919102077527 1.2229713099462278 1.223450709684703 1.223930109423178 1.2244095091616531 1.2248889089001282 1.2253683086386034 1.2258477083770785 1.2263271081155536 1.2268065078540287 1.2272859075925038 1.2277653073309789 1.2282447070694547 1.2287241068079298 1.2292035065464049 1.22968290628488 1.230162306023355 1.2306417057618302 1.2311211055003053 1.2347121683314168 1.2416296693509936 1.2485471703705704 1.2554646713901472 1.262382172409724 1.2692996734293007 1.2762171744488893 1.283134675468466 1.2900521764880428 1.2969696775076196 1.3038871785271964 1.3108046795467732 1.31772218056635 1.3246396815859267 1.3315571826055035 1.3384746836250803
