Figures/CREST_Example_wjb_NSE/PETs/wjb.pet.20090521.asc
ncols            288
nrows            254
xllcorner        113.274861
yllcorner        31.4918055
cellsize         0.008333333333
NODATA_value     -9999
[rows 180 to 199 of 254, columns 176 to 219 of 288]
2.9456338809972986 2.9428502166014585 2.9400665522056184 2.9372828878097783 2.934499223413938 2.9317155590180977 2.928931894622253 2.926148230226413 2.923364565830573 2.9205809014347324 2.9177972370388923 2.915013572643052 2.912229908247212 2.909446243851372 2.906662579455532 2.9038789150596918 2.901065191248773 2.8982193332429915 2.8953734752372107 2.8925276172314245 2.8896817592256436 2.8868359012198623 2.8839900432140815 2.8811441852083 2.878298327202519 2.875452469196738 2.8726066111909567 2.869760753185176 2.8669148951793946 2.8640690371736137 2.8612231791678324 2.8583773211620516 2.8555314631562654 2.8526856051504845 2.8498397471447032 2.8469938891389224 2.844148031133141 2.84130217312736 2.838456315121579 2.835610457115798 2.8327645991100168 2.829918741104236 2.8270728830984546 2.8242270250926738
2.9515547499762174 2.948830332821665 2.9461059156671126 2.94338149851256 2.9406570813580077 2.9379326642034553 2.935208247048898 2.9324838298943456 2.9297594127397932 2.927034995585241 2.9243105784306884 2.921586161276136 2.9188617441215836 2.916137326967031 2.913412909812479 2.9106884926579264 2.9078951779833893 2.9050282103010714 2.902161242618754 2.899294274936431 2.8964273072541133 2.8935603395717955 2.8906933718894776 2.8878264042071597 2.884959436524842 2.8820924688425245 2.8792255011602066 2.8763585334778887 2.873491565795571 2.870624598113253 2.867757630430935 2.8648906627486177 2.862023695066295 2.859156727383977 2.856289759701659 2.8534227920193413 2.8505558243370235 2.8476888566547056 2.844821888972388 2.8419549212900703 2.8390879536077525 2.8362209859254346 2.8333540182431167 2.830487050560799
2.957475618955136 2.9548104490418714 2.9521452791286067 2.949480109215342 2.9468149393020777 2.944149769388813 2.941484599475544 2.938819429562279 2.9361542596490144 2.9334890897357497 2.930823919822485 2.9281587499092203 2.9254935799959556 2.922828410082691 2.920163240169426 2.9174980702561615 2.9147251647180066 2.911837087359152 2.9089490100002977 2.906060932641438 2.9031728552825835 2.900284777923729 2.8973967005648746 2.89450862320602 2.8916205458471653 2.888732468488311 2.8858443911294565 2.882956313770602 2.8800682364117476 2.877180159052893 2.8742920816940383 2.871404004335184 2.8685159269763245 2.86562784961747 2.8627397722586156 2.8598516948997608 2.8569636175409063 2.854075540182052 2.8511874628231975 2.848299385464343 2.8454113081054886 2.8425232307466337 2.8396351533877793 2.836747076028925
2.9633964879340597 2.960790565262083 2.958184642590106 2.955578719918129 2.9529727972461526 2.9503668745741756 2.947760951902194 2.9451550292302175 2.9425491065582405 2.9399431838862635 2.937337261214287 2.93473133854231 2.932125415870333 2.9295194931983564 2.9269135705263793 2.9243076478544023 2.9215551514526297 2.9186459644172382 2.9157367773818472 2.912827590346451 2.9099184033110594 2.9070092162756684 2.904100029240277 2.901190842204886 2.8982816551694945 2.895372468134103 2.892463281098712 2.8895540940633206 2.8866449070279296 2.883735719992538 2.880826532957147 2.8779173459217557 2.8750081588863594 2.8720989718509684 2.869189784815577 2.866280597780186 2.8633714107447945 2.860462223709403 2.857553036674012 2.8546438496386206 2.8517346626032296 2.848825475567838 2.845916288532447 2.8430071014970557
2.969317356912979 2.9667706814822896 2.9642240060516003 2.9616773306209114 2.959130655190222 2.9565839797595332 2.9540373043288395 2.9514906288981506 2.9489439534674613 2.9463972780367724 2.943850602606083 2.9413039271753942 2.938757251744705 2.936210576314016 2.9336639008833267 2.9311172254526374 2.9283851381872466 2.9254548414753185 2.922524544763391 2.9195942480514576 2.9166639513395296 2.9137336546276016 2.910803357915674 2.907873061203746 2.904942764491818 2.90201246777989 2.899082171067962 2.896151874356034 2.893221577644106 2.890291280932178 2.88736098422025 2.884430687508322 2.881500390796389 2.878570094084461 2.875639797372533 2.872709500660605 2.869779203948677 2.866848907236749 2.863918610524821 2.860988313812893 2.8580580171009653 2.8551277203890373 2.8521974236771093 2.8492671269651813
2.9752382258918977 2.972750797702496 2.970263369513095 2.9677759413236933 2.965288513134292 2.962801084944891 2.9603136567554853 2.9578262285660837 2.9553388003766825 2.952851372187281 2.9503639439978797 2.947876515808478 2.945389087619077 2.9429016594296753 2.940414231240274 2.937926803050873 2.935215124921864 2.9322637185333993 2.9293123121449347 2.926360905756465 2.923409499368 2.920458092979535 2.9175066865910706 2.914555280202606 2.9116038738141414 2.9086524674256764 2.905701061037212 2.9027496546487472 2.8997982482602827 2.8968468418718176 2.893895435483353 2.8909440290948885 2.8879926227064185 2.885041216317954 2.8820898099294894 2.879138403541025 2.8761869971525598 2.873235590764095 2.8702841843756306 2.867332777987166 2.864381371598701 2.8614299652102364 2.858478558821772 2.8555271524333072
2.9811590948708164 2.978730913922703 2.976302732974589 2.9738745520264755 2.971446371078362 2.969018190130248 2.9665900091821307 2.9641618282340167 2.9617336472859033 2.95930546633779 2.956877285389676 2.9544491044415624 2.952020923493449 2.949592742545335 2.9471645615972215 2.944736380649108 2.942045111656481 2.9390725955914796 2.9361000795264784 2.9331275634614715 2.9301550473964704 2.9271825313314688 2.9242100152664676 2.921237499201466 2.9182649831364644 2.9152924670714633 2.9123199510064617 2.9093474349414605 2.906374918876459 2.9034024028114573 2.900429886746456 2.8974573706814546 2.894484854616448 2.8915123385514465 2.8885398224864454 2.8855673064214438 2.8825947903564426 2.879622274291441 2.8766497582264394 2.8736772421614383 2.8707047260964367 2.8677322100314355 2.864759693966434 2.8617871779014323
2.987079963849735 2.984711030142909 2.982342096436083 2.9799731627292574 2.9776042290224316 2.9752352953156054 2.9728663616087756 2.97049742790195 2.968128494195124 2.965759560488298 2.963390626781472 2.9610216930746462 2.9586527593678205 2.9562838256609942 2.9539148919541685 2.9515459582473427 2.9488750983910976 2.94588147264956 2.9428878469080217 2.9398942211664782 2.93690059542494 2.933906969683402 2.930913343941864 2.927919718200326 2.924926092458788 2.9219324667172497 2.9189388409757115 2.9159452152341734 2.912951589492635 2.909957963751097 2.906964338009559 2.9039707122680207 2.9009770865264777 2.8979834607849395 2.8949898350434013 2.891996209301863 2.889002583560325 2.886008957818787 2.883015332077249 2.880021706335711 2.877028080594173 2.8740344548526346 2.8710408291110965 2.8680472033695583
2.993000832828654 2.990691146363116 2.9883814598975778 2.9860717734320392 2.983762086966501 2.981452400500963 2.979142714035421 2.976833027569883 2.974523341104345 2.9722136546388067 2.9699039681732686 2.96759428170773 2.965284595242192 2.962974908776654 2.960665222311116 2.9583555358455778 2.955705085125715 2.95269034970764 2.9496756142895655 2.9466608788714854 2.9436461434534107 2.9406314080353355 2.937616672617261 2.934601937199186 2.931587201781111 2.928572466363036 2.9255577309449614 2.9225429955268867 2.9195282601088115 2.9165135246907368 2.913498789272662 2.9104840538545873 2.9074693184365072 2.904454583018432 2.9014398476003573 2.8984251121822826 2.895410376764208 2.8923956413461327 2.889380905928058 2.8863661705099832 2.8833514350919085 2.8803366996738333 2.8773219642557586 2.874307228837684
2.998921701807578 2.9966712625833276 2.994420823359077 2.992170384134827 2.9899199449105764 2.987669505686326 2.9854190664620717 2.9831686272378213 2.980918188013571 2.978667748789321 2.9764173095650706 2.97416687034082 2.97191643111657 2.9696659918923194 2.967415552668069 2.9651651134438186 2.962535071860338 2.9594992267657263 2.9564633816711146 2.953427536576498 2.9503916914818866 2.947355846387275 2.944320001292663 2.941284156198052 2.93824831110344 2.9352124660088283 2.932176620914217 2.9291407758196053 2.9261049307249936 2.9230690856303823 2.9200332405357705 2.9169973954411588 2.913961550346542 2.9109257052519304 2.907889860157319 2.9048540150627074 2.9018181699680956 2.8987823248734843 2.8957464797788726 2.892710634684261 2.8896747895896495 2.8866389444950378 2.883603099400426 2.8805672543058147
3.0048425707864967 3.002651378803534 3.0004601868205714 2.9982689948376087 2.9960778028546464 2.9938866108716837 2.991695418888717 2.989504226905755 2.987313034922792 2.9851218429398294 2.9829306509568667 2.980739458973904 2.9785482669909418 2.976357075007979 2.9741658830250164 2.9719746910420537 2.9693650585949554 2.966308103823807 2.9632511490526587 2.960194194281505 2.957137239510357 2.9540802847392085 2.95102332996806 2.947966375196912 2.9449094204257635 2.9418524656546152 2.938795510883467 2.9357385561123186 2.9326816013411703 2.929624646570022 2.9265676917988737 2.9235107370277253 2.9204537822565717 2.9173968274854234 2.914339872714275 2.9112829179431268 2.9082259631719785 2.90516900840083 2.902112053629682 2.8990550988585335 2.895998144087385 2.892941189316237 2.8898842345450886 2.8868272797739403
3.0107634397654155 3.0086314950237405 3.006499550282066 3.004367605540391 3.002235660798716 3.000103716057041 2.997971771315363 2.995839826573688 2.993707881832013 2.991575937090338 2.9894439923486633 2.9873120476069883 2.9851801028653133 2.9830481581236388 2.9809162133819638 2.978784268640289 2.9761950453295722 2.9731169808818874 2.9700389164342025 2.966960851986512 2.963882787538827 2.960804723091142 2.9577266586434567 2.954648594195772 2.951570529748087 2.9484924653004017 2.9454144008527168 2.942336336405032 2.9392582719573466 2.9361802075096617 2.933102143061977 2.9300240786142915 2.9269460141666013 2.9238679497189164 2.920789885271231 2.917711820823546 2.9146337563758613 2.911555691928176 2.908477627480491 2.905399563032806 2.902321498585121 2.899243434137436 2.896165369689751 2.893087305242066
3.0166843087443342 3.014611611243947 3.0125389137435596 3.010466216243173 3.0083935187427855 3.0063208212423986 3.004248123742008 3.0021754262416205 3.0001027287412336 2.9980300312408463 2.995957333740459 2.993884636240072 2.991811938739685 2.989739241239298 2.9876665437389107 2.9855938462385234 2.983025032064189 2.9799258579399672 2.9768266838157458 2.9737275096915186 2.9706283355672967 2.967529161443075 2.9644299873188533 2.9613308131946314 2.95823163907041 2.955132464946188 2.952033290821966 2.9489341166977447 2.945834942573523 2.942735768449301 2.9396365943250795 2.9365374202008576 2.9334382460766304 2.930339071952409 2.927239897828187 2.924140723703965 2.9210415495797437 2.917942375455522 2.9148432013313 2.9117440272070785 2.9086448530828566 2.9055456789586347 2.9024465048344132 2.8993473307101914
3.022605177723253 3.0205917274641534 3.0185782772050542 3.0165648269459546 3.0145513766868555 3.012537926427756 3.010524476168653 3.008511025909554 3.0064975756504544 3.0044841253913552 3.0024706751322556 3.0004572248731565 2.998443774614057 2.9964303243549573 2.994416874095858 2.9924034238367585 2.9898550187988064 2.986734734998048 2.9836144511972895 2.9804941673965257 2.9773738835957673 2.974253599795009 2.9711333159942503 2.968013032193492 2.9648927483927334 2.961772464591975 2.9586521807912165 2.955531896990458 2.9524116131896996 2.949291329388941 2.9461710455881827 2.943050761787424 2.9399304779866604 2.936810194185902 2.9336899103851435 2.930569626584385 2.9274493427836266 2.924329058982868 2.9212087751821096 2.918088491381351 2.9149682075805927 2.9118479237798343 2.908727639979076 2.9056073561783173
3.0285260467021744 3.026571843684363 3.024617640666551 3.0226634376487396 3.020709234630928 3.018755031613116 3.0168008285953016 3.0148466255774897 3.0128924225596783 3.010938219541867 3.008984016524055 3.0070298135062434 3.005075610488432 3.00312140747062 3.0011672044528086 2.999213001434997 2.9966850055334264 2.9935436120561314 2.990402218578836 2.9872608251015356 2.9841194316242405 2.980978038146945 2.97783664466965 2.974695251192355 2.9715538577150595 2.9684124642377645 2.965271070760469 2.962129677283174 2.958988283805879 2.9558468903285835 2.9527054968512885 2.949564103373993 2.9464227098966926 2.9432813164193976 2.940139922942102 2.936998529464807 2.9338571359875116 2.9307157425102166 2.9275743490329216 2.924432955555626 2.921291562078331 2.918150168601036 2.9150087751237406 2.9118673816464455
3.034446915681093 3.0325519599045694 3.030657004128045 3.0287620483515214 3.0268670925749976 3.024972136798474 3.0230771810219466 3.021182225245423 3.0192872694688986 3.017392313692375 3.015497357915851 3.0136024021393273 3.011707446362803 3.0098124905862793 3.0079175348097555 3.006022579033232 3.0035149922680433 3.0003524891142113 2.9971899859603797 2.9940274828065423 2.9908649796527103 2.987702476498878 2.9845399733450466 2.9813774701912146 2.9782149670373825 2.975052463883551 2.971889960729719 2.968727457575887 2.9655649544220553 2.962402451268223 2.959239948114391 2.9560774449605596 2.952914941806722 2.94975243865289 2.946589935499058 2.9434274323452265 2.9402649291913945 2.9371024260375624 2.933939922883731 2.930777419729899 2.9276149165760668 2.924452413422235 2.921289910268403 2.918127407114571
3.040367784660012 3.038532076124776 3.0366963675895398 3.0348606590543037 3.033024950519067 3.031189241983831 3.029353533448592 3.027517824913356 3.02568211637812 3.0238464078428837 3.0220106993076477 3.020174990772411 3.018339282237175 3.016503573701939 3.014667865166703 3.012832156631467 3.0103449790026606 3.007161366172292 3.0039777533419234 3.000794140511549 2.9976105276811804 2.994426914850812 2.991243302020443 2.9880596891900746 2.984876076359706 2.9816924635293374 2.9785088506989688 2.9753252378686 2.9721416250382315 2.968958012207863 2.9657743993774943 2.9625907865471257 2.9594071737167518 2.956223560886383 2.9530399480560146 2.949856335225646 2.9466727223952773 2.9434891095649083 2.9403054967345397 2.937121883904171 2.9339382710738025 2.930754658243434 2.9275710454130652 2.9243874325826966
3.0462886536389333 3.044512192344985 3.0427357310510366 3.040959269757088 3.03918280846314 3.0374063471691914 3.0356298858752404 3.033853424581292 3.0320769632873437 3.0303005019933953 3.028524040699447 3.0267475794054985 3.02497111811155 3.023194656817602 3.0214181955236534 3.019641734229705 3.0171749657372806 3.0139702432303754 3.01076552072347 3.0075607982165593 3.0043560757096537 3.0011513532027485 2.997946630695843 2.9947419081889377 2.9915371856820325 2.988332463175127 2.9851277406682217 2.981923018161316 2.978718295654411 2.9755135731475053 2.9723088506406 2.969104128133695 2.965899405626784 2.9626946831198784 2.959489960612973 2.956285238106068 2.9530805155991624 2.9498757930922572 2.9466710705853516 2.9434663480784464 2.940261625571541 2.9370569030646356 2.9338521805577304 2.930647458050825
3.052209522617852 3.0504923085651914 3.0487750945125307 3.04705788045987 3.0453406664072094 3.0436234523545487 3.0419062383018853 3.0401890242492247 3.038471810196564 3.0367545961439033 3.0350373820912426 3.0333201680385824 3.0316029539859217 3.029885739933261 3.0281685258806004 3.0264513118279397 3.0240049524718975 3.0207791202884553 3.0175532881050136 3.014327455921566 3.011101623738124 3.0078757915546817 3.0046499593712395 3.0014241271877977 2.9981982950043555 2.9949724628209133 2.991746630637471 2.9885207984540294 2.985294966270587 2.982069134087145 2.9788433019037033 2.975617469720261 2.9723916375368136 2.9691658053533714 2.965939973169929 2.9627141409864874 2.9594883088030453 2.956262476619603 2.953036644436161 2.949810812252719 2.946584980069277 2.9433591478858347 2.940133315702393 2.936907483518951
3.058130391596771 3.056472424785398 3.0548144579740253 3.0531564911626523 3.0514985243512793 3.0498405575399063 3.0481825907285307 3.0465246239171577 3.044866657105785 3.043208690294412 3.0415507234830392 3.0398927566716663 3.0382347898602933 3.0365768230489207 3.0349188562375478 3.0332608894261748 3.030834939206515 3.027587997346536 3.0243410554865573 3.0210941136265728 3.017847171766594 3.0146002299066152 3.0113532880466365 3.0081063461866577 3.004859404326679 3.0016124624667 2.998365520606721 2.9951185787467423 2.9918716368867635 2.9886246950267847 2.985377753166806 2.9821308113068272 2.978883869446843 2.975636927586864 2.972389985726885 2.9691430438669064 2.9658961020069277 2.962649160146949 2.95940221828697 2.9561552764269914 2.9529083345670126 2.949661392707034 2.946414450847055 2.9431675089870764
