Figures/CREST_Example_wjb_NSE/PETs/wjb.pet.20090614.asc
ncols            288
nrows            254
xllcorner        113.274861
yllcorner        31.4918055
cellsize         0.008333333333
NODATA_value     -9999
[rows 120 to 139 of 254, columns 88 to 131 of 288]
3.65639533352073 3.6489370459445927 3.641478758368455 3.6340204707923047 3.6265621832161674 3.6191038956400297 3.6116456080638923 3.6041873204877546 3.5967290329116173 3.5892707453354795 3.5818124577593418 3.5743541701832044 3.5668958826070667 3.5594375950309294 3.552210073371877 3.545229245696083 3.5382484180202773 3.5312675903444832 3.524286762668689 3.517305934992895 3.510325107317101 3.5033442796413072 3.496363451965513 3.489382624289719 3.482401796613925 3.475420968938131 3.468440141262337 3.461459313586543 3.454478485910749 3.447497658234943 3.4405168305591487 3.433536002883355 3.426555175207561 3.419574347531767 3.4125935198559727 3.4056126921801786 3.3986318645043845 3.391651036828591 3.3846702091527967 3.3776893814770026 3.3707085538012085 3.3637277261254144 3.3567468984496087 3.3497660707738146
3.654093414620069 3.6467026265285143 3.63931183843696 3.6319210503453925 3.624530262253838 3.6171394741622835 3.609748686070729 3.602357897979174 3.5949671098876195 3.587576321796065 3.58018553370451 3.5727947456129554 3.5654039575214007 3.558013169429846 3.5508320701131124 3.5438751328379756 3.5369181955628273 3.529961258287691 3.5230043210125546 3.516047383737418 3.5090904464622814 3.502133509187145 3.4951765719120087 3.4882196346368723 3.4812626973617355 3.474305760086599 3.467348822811463 3.4603918855363265 3.4534349482611897 3.4464780109860413 3.439521073710905 3.4325641364357686 3.4256071991606323 3.4186502618854955 3.411693324610359 3.4047363873352228 3.3977794500600864 3.3908225127849496 3.3838655755098133 3.376908638234677 3.3699517009595406 3.3629947636844038 3.3560378264092554 3.349080889134119
3.651791495719408 3.6444682071124364 3.6371449185054647 3.6298216298984802 3.6224983412915086 3.615175052684537 3.6078517640775654 3.6005284754705933 3.5932051868636217 3.58588189825665 3.5785586096496784 3.571235321042707 3.5639120324357347 3.556588743828763 3.5494540668543473 3.5425210199798682 3.5355879731053776 3.5286549262308986 3.52172187935642 3.514788832481941 3.507855785607462 3.5009227387329833 3.4939896918585043 3.4870566449840252 3.4801235981095466 3.4731905512350676 3.4662575043605885 3.45932445748611 3.452391410611631 3.4454583637371403 3.4385253168626613 3.4315922699881822 3.4246592231137036 3.4177261762392246 3.4107931293647455 3.403860082490267 3.396927035615788 3.389993988741309 3.3830609418668303 3.376127894992351 3.369194848117872 3.3622618012433936 3.3553287543689025 3.348395707494424
3.649489576818747 3.642233787696358 3.6349779985739694 3.627722209451568 3.6204664203291794 3.6132106312067904 3.605954842084402 3.598699052962013 3.5914432638396243 3.5841874747172353 3.5769316855948468 3.5696758964724578 3.5624201073500688 3.55516431822768 3.548076063595582 3.541166907121761 3.534257750647928 3.5273485941741067 3.5204394377002854 3.5135302812264637 3.5066211247526424 3.499711968278821 3.492802811805 3.4858936553311786 3.4789844988573573 3.472075342383536 3.4651661859097147 3.4582570294358934 3.4513478729620717 3.444438716488239 3.4375295600144176 3.4306204035405963 3.423711247066775 3.4168020905929533 3.409892934119132 3.4029837776453107 3.3960746211714894 3.389165464697668 3.382256308223847 3.3753471517500255 3.3684379952762042 3.361528838802383 3.3546196823285497 3.3477105258547284
3.6471876579180837 3.6399993682802783 3.6328110786424723 3.6256227890046544 3.6184344993668485 3.6112462097290425 3.604057920091237 3.596869630453431 3.589681340815625 3.5824930511778192 3.5753047615400138 3.568116471902208 3.560928182264402 3.553739892626596 3.5466980603368166 3.5398127942636526 3.532927528190477 3.5260422621173135 3.5191569960441496 3.512271729970986 3.505386463897822 3.4985011978246585 3.491615931751495 3.484730665678331 3.477845399605167 3.4709601335320035 3.46407486745884 3.457189601385676 3.4503043353125125 3.443419069239337 3.436533803166173 3.4296485370930094 3.4227632710198455 3.415878004946682 3.408992738873518 3.4021074728003544 3.3952222067271904 3.388336940654027 3.381451674580863 3.3745664085076994 3.3676811424345354 3.360795876361372 3.3539106102881964 3.3470253442150324
3.6448857390174227 3.6377649488642 3.630644158710977 3.623523368557742 3.6164025784045193 3.6092817882512964 3.602160998098073 3.5950402079448507 3.5879194177916274 3.5807986276384045 3.5736778374851816 3.5665570473319588 3.559436257178736 3.552315467025513 3.5453200570780514 3.538458681405545 3.5315973057330274 3.524735930060521 3.517874554388015 3.5110131787155088 3.5041518030430026 3.497290427370497 3.4904290516979906 3.4835676760254843 3.476706300352978 3.469844924680472 3.4629835490079657 3.4561221733354595 3.4492607976629532 3.4423994219904355 3.4355380463179293 3.428676670645423 3.421815294972917 3.4149539193004106 3.4080925436279044 3.401231167955398 3.394369792282892 3.3875084166103857 3.38064704093788 3.3737856652653737 3.3669242895928675 3.3600629139203613 3.3532015382478435 3.3463401625753373
3.6425838201167617 3.635530529448122 3.6284772387794817 3.62142394811083 3.6143706574421897 3.60731736677355 3.60026407610491 3.59321078543627 3.58615749476763 3.5791042040989898 3.57205091343035 3.56499762276171 3.55794433209307 3.55089104142443 3.5439420538192867 3.537104568547438 3.530267083275578 3.523429598003729 3.5165921127318804 3.509754627460032 3.502917142188183 3.4960796569163346 3.489242171644486 3.4824046863726372 3.4755672011007888 3.4687297158289403 3.4618922305570914 3.455054745285243 3.4482172600133945 3.441379774741534 3.4345422894696855 3.4277048041978366 3.420867318925988 3.4140298336541397 3.407192348382291 3.4003548631104423 3.393517377838594 3.386679892566745 3.3798424072948965 3.373004922023048 3.366167436751199 3.3593299514793507 3.35249246620749 3.3456549809356417
3.6402819012161007 3.633296110032044 3.626310318847987 3.6193245276639177 3.612338736479861 3.6053529452958037 3.5983671541117466 3.59138136292769 3.5843955717436327 3.5774097805595755 3.5704239893755187 3.5634381981914616 3.5564524070074044 3.5494666158233477 3.542564050560522 3.535750455689331 3.528936860818128 3.5221232659469375 3.5153096710757463 3.508496076204555 3.501682481333364 3.494868886462173 3.488055291590982 3.481241696719791 3.4744281018486 3.4676145069774087 3.4608009121062175 3.4539873172350264 3.4471737223638357 3.440360127492633 3.433546532621442 3.4267329377502507 3.4199193428790595 3.413105748007869 3.4062921531366777 3.3994785582654865 3.3926649633942954 3.385851368523104 3.3790377736519135 3.3722241787807223 3.365410583909531 3.35859698903834 3.3517833941671373 3.344969799295946
3.6379799823154397 3.6310616906159656 3.6241433989164915 3.6172251072170054 3.6103068155175313 3.603388523818057 3.596470232118583 3.589551940419109 3.582633648719635 3.5757153570201607 3.5687970653206866 3.5618787736212125 3.5549604819217384 3.5480421902222643 3.5411860473017573 3.5343963428312235 3.5276066383606786 3.520816933890145 3.5140272294196118 3.507237524949078 3.5004478204785445 3.493658116008011 3.4868684115374777 3.4800787070669443 3.4732890025964105 3.466499298125877 3.4597095936553437 3.4529198891848103 3.446130184714277 3.4393404802437315 3.432550775773198 3.4257610713026647 3.4189713668321313 3.412181662361598 3.405391957891064 3.3986022534205307 3.3918125489499973 3.385022844479464 3.3782331400089305 3.3714434355383966 3.3646537310678633 3.35786402659733 3.351074322126785 3.3442846176562515
3.6356780634147787 3.6288272711998872 3.621976478984996 3.615125686770093 3.608274894555202 3.601424102340311 3.5945733101254196 3.5877225179105285 3.5808717256956375 3.574020933480746 3.567170141265855 3.560319349050964 3.5534685568360724 3.5466177646211814 3.539808044042992 3.533042229973116 3.526276415903229 3.519510601833353 3.5127447877634768 3.505978973693601 3.499213159623725 3.4924473455538494 3.4856815314839733 3.478915717414097 3.4721499033442216 3.4653840892743455 3.45861827520447 3.4518524611345938 3.4450866470647177 3.4383208329948305 3.4315550189249544 3.4247892048550783 3.4180233907852027 3.4112575767153266 3.404491762645451 3.397725948575575 3.3909601345056988 3.384194320435823 3.377428506365947 3.3706626922960714 3.3638968782261953 3.3571310641563192 3.350365250086432 3.343599436016556
3.6333761445141177 3.6265928517838093 3.619809559053501 3.613026266323181 3.606242973592873 3.5994596808625645 3.592676388132256 3.585893095401948 3.5791098026716397 3.5723265099413313 3.5655432172110233 3.558759924480715 3.5519766317504065 3.5451933390200985 3.538430040784227 3.5316881171150087 3.524946193445779 3.5182042697765605 3.511462346107342 3.504720422438124 3.4979784987689055 3.491236575099687 3.484494651430469 3.4777527277612506 3.471010804092032 3.464268880422814 3.4575269567535956 3.4507850330843772 3.444043109415159 3.437301185745929 3.4305592620767107 3.4238173384074924 3.417075414738274 3.4103334910690557 3.4035915673998374 3.396849643730619 3.3901077200614007 3.383365796392182 3.3766238727229636 3.3698819490537453 3.363140025384527 3.3563981017153086 3.3496561780460787 3.3429142543768604
3.631074225613455 3.6243584323677296 3.6176426391220042 3.6109268458762673 3.604211052630542 3.5974952593848166 3.5907794661390913 3.5840636728933664 3.577347879647641 3.5706320864019157 3.5639162931561903 3.557200499910465 3.5504847066647396 3.5437689134190142 3.5370520375254615 3.5303340042569005 3.5236159709883283 3.5168979377197678 3.5101799044512068 3.503461871182646 3.496743837914085 3.4900258046455246 3.4833077713769636 3.476589738108403 3.4698717048398424 3.4631536715712814 3.456435638302721 3.44971760503416 3.4429995717655992 3.436281538497027 3.429563505228466 3.4228454719599055 3.4161274386913445 3.409409405422784 3.402691372154223 3.3959733388856623 3.3892553056171018 3.3825372723485407 3.37581923907998 3.369101205811419 3.3623831725428586 3.3556651392742975 3.3489471060057254 3.342229072737165
3.6287723067127935 3.622124012951651 3.615475719190509 3.608827425429355 3.602179131668213 3.5955308379070705 3.588882544145928 3.5822342503847855 3.575585956623643 3.568937662862501 3.5622893691013586 3.5556410753402163 3.5489927815790736 3.5423444878179313 3.5356740342666964 3.528979891398793 3.5222857485308787 3.5155916056629755 3.508897462795072 3.502203319927169 3.4955091770592657 3.4888150341913624 3.4821208913234596 3.4754267484555563 3.468732605587653 3.46203846271975 3.4553443198518465 3.4486501769839433 3.44195603411604 3.4352618912481256 3.4285677483802224 3.421873605512319 3.415179462644416 3.4084853197765126 3.4017911769086098 3.3950970340407065 3.3884028911728032 3.3817087483049 3.3750146054369967 3.3683204625690935 3.36162631970119 3.3549321768332874 3.3482380339653726 3.3415438910974693
3.6264703878121325 3.6198895935355733 3.6133087992590136 3.606728004982443 3.6001472107058836 3.593566416429324 3.5869856221527647 3.580404827876205 3.5738240335996454 3.567243239323086 3.5606624450465265 3.5540816507699673 3.5475008564934076 3.5409200622168484 3.5342960310079317 3.5276257785406857 3.5209555260734287 3.514285273606183 3.5076150211389376 3.500944768671692 3.494274516204446 3.4876042637372007 3.480934011269955 3.474263758802709 3.4675935063354637 3.460923253868218 3.4542530014009727 3.4475827489337267 3.4409124964664812 3.434242243999224 3.4275719915319787 3.4209017390647327 3.414231486597487 3.4075612341302417 3.400890981662996 3.3942207291957502 3.3875504767285047 3.3808802242612592 3.3742099717940133 3.3675397193267678 3.3608694668595223 3.3541992143922768 3.3475289619250197 3.3408587094577737
3.6241684689114715 3.617655174119495 3.6111418793275183 3.6046285845355306 3.598115289743554 3.5916019949515774 3.5850887001596012 3.5785754053676246 3.572062110575648 3.5655488157836714 3.559035520991695 3.5525222261997182 3.5460089314077416 3.539495636615765 3.5329180277491665 3.5262716656825783 3.519625303615979 3.512978941549391 3.506332579482803 3.499686217416215 3.4930398553496267 3.486393493283039 3.4797471312164507 3.4731007691498625 3.4664544070832743 3.4598080450166866 3.4531616829500984 3.44651532088351 3.4398689588169225 3.4332225967503227 3.426576234683735 3.4199298726171468 3.4132835105505586 3.4066371484839704 3.3999907864173826 3.3933444243507944 3.3866980622842062 3.3800517002176185 3.3734053381510303 3.366758976084442 3.360112614017854 3.353466251951266 3.3468198898846664 3.3401735278180786
3.6218665500108105 3.615420754703417 3.6089749593960234 3.602529164088619 3.5960833687812253 3.5896375734738317 3.5831917781664377 3.576745982859044 3.5703001875516507 3.563854392244257 3.5574085969368636 3.5509628016294696 3.544517006322076 3.5380712110146826 3.531540024490402 3.5249175528244714 3.51829508115853 3.5116726094925994 3.5050501378266685 3.498427666160738 3.4918051944948076 3.485182722828877 3.4785602511629468 3.4719377794970163 3.465315307831086 3.458692836165155 3.4520703644992246 3.445447892833294 3.4388254211673637 3.4322029495014217 3.4255804778354912 3.418958006169561 3.4123355345036304 3.4057130628377 3.3990905911717695 3.392468119505839 3.3858456478399086 3.3792231761739777 3.3726007045080473 3.365978232842117 3.3593557611761864 3.352733289510256 3.346110817844314 3.3394883461783835
3.6195646311101495 3.6131863352873386 3.606808039464528 3.6004297436417065 3.5940514478188956 3.587673151996085 3.5812948561732743 3.574916560350464 3.568538264527653 3.5621599687048424 3.5557816728820315 3.549403377059221 3.54302508123641 3.5366467854135997 3.530162021231637 3.523563439966364 3.5169648587010798 3.510366277435807 3.503767696170534 3.4971691149052613 3.490570533639988 3.4839719523747155 3.4773733711094423 3.470774789844169 3.4641762085788965 3.4575776273136234 3.4509790460483507 3.4443804647830776 3.437781883517805 3.4311833022525207 3.4245847209872475 3.417986139721975 3.4113875584567017 3.4047889771914286 3.398190395926156 3.3915918146608828 3.38499323339561 3.378394652130337 3.3717960708650643 3.365197489599791 3.358598908334518 3.3520003270692453 3.345401745803961 3.338803164538688
3.6172627122094863 3.6109519158712584 3.6046411195330306 3.5983303231947925 3.5920195268565647 3.585708730518337 3.579397934180109 3.5730871378418816 3.5667763415036537 3.560465545165426 3.5541547488271985 3.5478439524889707 3.541533156150743 3.535222359812515 3.5287840179728707 3.5222093271082553 3.515634636243629 3.5090599453790134 3.502485254514398 3.4959105636497827 3.4893358727851678 3.4827611819205524 3.476186491055937 3.4696118001913216 3.4630371093267063 3.456462418462091 3.4498877275974755 3.44331303673286 3.436738345868245 3.4301636550036183 3.423588964139003 3.4170142732743876 3.410439582409772 3.403864891545157 3.3972902006805414 3.390715509815926 3.3841408189513107 3.3775661280866958 3.3709914372220804 3.364416746357465 3.3578420554928496 3.3512673646282343 3.344692673763608 3.3381179828989924
3.6149607933088252 3.6087174964551805 3.6024741996015357 3.5962309027478803 3.5899876058942355 3.5837443090405907 3.5775010121869455 3.5712577153333007 3.565014418479656 3.558771121626011 3.5525278247723664 3.5462845279187216 3.540041231065077 3.533797934211432 3.527406014714106 3.520855214250148 3.514304413786179 3.5077536133222216 3.5012028128582635 3.494652012394306 3.488101211930348 3.48155041146639 3.4749996110024326 3.4684488105384745 3.461898010074517 3.4553472096105593 3.4487964091466012 3.4422456086826436 3.435694808218686 3.429144007754717 3.422593207290759 3.416042406826801 3.4094916063628435 3.402940805898886 3.396390005434928 3.3898392049709702 3.3832884045070126 3.3767376040430546 3.370186803579097 3.3636360031151393 3.3570852026511813 3.3505344021872236 3.3439836017232545 3.337432801259297
3.6126588744081642 3.6064830770391025 3.6003072796700404 3.594131482300968 3.5879556849319063 3.5817798875628446 3.5756040901937824 3.5694282928247207 3.563252495455659 3.557076698086597 3.550900900717535 3.5447251033484735 3.5385493059794113 3.5323735086103496 3.5260280114553413 3.519501101392041 3.5129741913287296 3.5064472812654297 3.4999203712021294 3.493393461138829 3.486866551075529 3.4803396410122285 3.4738127309489286 3.4672858208856283 3.460758910822328 3.4542320007590277 3.4477050906957274 3.4411781806324275 3.4346512705691272 3.428124360505816 3.4215974504425155 3.415070540379215 3.408543630315915 3.402016720252615 3.3954898101893147 3.3889629001260144 3.382435990062714 3.375909079999414 3.369382169936114 3.3628552598728136 3.3563283498095133 3.349801439746213 3.3432745296829016 3.3367476196196013
