Figures/CREST_Example_wjb_NSE/PETs/wjb.pet.20090804.asc
ncols            288
nrows            254
xllcorner        113.274861
yllcorner        31.4918055
cellsize         0.008333333333
NODATA_value     -9999
[rows 120 to 139 of 254, columns 176 to 219 of 288]
1.2417870526113328 1.2390469555511894 1.236306858491046 1.2335667614309025 1.2308266643707588 1.2280865673106154 1.2253464702504673 1.2226063731903238 1.2198662761301804 1.217126179070037 1.2143860820098935 1.21164598494975 1.2089058878896066 1.2061657908294632 1.2034256937693195 1.200685596709176 1.1987787965163255 1.1977628095292925 1.1967468225422593 1.1957308355552245 1.1947148485681915 1.1936988615811586 1.1926828745941254 1.1916668876070924 1.1906509006200594 1.1896349136330262 1.1886189266459932 1.1876029396589602 1.186586952671927 1.185570965684894 1.1845549786978609 1.1835389917108279 1.1825230047237931 1.1815070177367601 1.180491030749727 1.179475043762694 1.178459056775661 1.1774430697886278 1.1764270828015948 1.1754110958145618 1.1743951088275286 1.1733791218404956 1.1723631348534627 1.1713471478664295
1.2455071248279475 1.2428432633735162 1.240179401919085 1.2375155404646538 1.2348516790102226 1.2321878175557914 1.2295239561013558 1.2268600946469246 1.2241962331924934 1.2215323717380622 1.218868510283631 1.2162046488291998 1.2135407873747686 1.2108769259203374 1.2082130644659062 1.2055492030114752 1.2035785048036045 1.20234881379024 1.2011191227768758 1.1998894317635094 1.1986597407501451 1.197430049736781 1.1962003587234167 1.1949706677100522 1.193740976696688 1.1925112856833238 1.1912815946699595 1.190051903656595 1.1888222126432308 1.1875925216298666 1.1863628306165024 1.185133139603138 1.1839034485897717 1.1826737575764072 1.181444066563043 1.1802143755496788 1.1789846845363146 1.17775499352295 1.1765253025095859 1.1752956114962216 1.1740659204828574 1.172836229469493 1.1716065384561287 1.1703768474427645
1.249227197044562 1.2466395711958431 1.2440519453471242 1.2414643194984052 1.2388766936496864 1.2362890678009675 1.233701441952244 1.231113816103525 1.2285261902548061 1.2259385644060874 1.2233509385573684 1.2207633127086495 1.2181756868599305 1.2155880610112115 1.2130004351624928 1.2104128093137738 1.2083782130908831 1.2069348180511876 1.2054914230114921 1.2040480279717942 1.2026046329320987 1.201161237892403 1.1997178428527075 1.198274447813012 1.1968310527733166 1.195387657733621 1.1939442626939256 1.1925008676542301 1.1910574726145347 1.189614077574839 1.1881706825351435 1.186727287495448 1.18528389245575 1.1838404974160546 1.182397102376359 1.1809537073366636 1.1795103122969681 1.1780669172572724 1.176623522217577 1.1751801271778815 1.173736732138186 1.1722933370984905 1.170849942058795 1.1694065470190995
1.2529472692611767 1.25043587901817 1.2479244887751633 1.2454130985321568 1.24290170828915 1.2403903180461433 1.2378789278031324 1.2353675375601259 1.2328561473171191 1.2303447570741124 1.2278333668311057 1.2253219765880992 1.2228105863450924 1.2202991961020857 1.2177878058590792 1.2152764156160725 1.213177921378162 1.2115208223121352 1.2098637232461085 1.2082066241800788 1.2065495251140521 1.2048924260480254 1.2032353269819986 1.201578227915972 1.1999211288499452 1.1982640297839184 1.1966069307178917 1.194949831651865 1.1932927325858382 1.1916356335198115 1.1899785344537848 1.188321435387758 1.1866643363217284 1.1850072372557017 1.183350138189675 1.1816930391236482 1.1800359400576215 1.1783788409915947 1.176721741925568 1.1750646428595413 1.1734075437935145 1.1717504447274878 1.170093345661461 1.1684362465954343
1.2566673414777942 1.2542321868405 1.2517970322032057 1.2493618775659114 1.246926722928617 1.2444915682913227 1.2420564136540242 1.23962125901673 1.2371861043794357 1.2347509497421412 1.232315795104847 1.2298806404675526 1.2274454858302584 1.2250103311929639 1.2225751765556696 1.2201400219183753 1.2179776296654448 1.2161068265730866 1.2142360234807286 1.212365220388367 1.210494417296009 1.2086236142036508 1.2067528111112926 1.2048820080189346 1.2030112049265764 1.2011404018342182 1.1992695987418602 1.197398795649502 1.1955279925571438 1.1936571894647856 1.1917863863724276 1.1899155832800694 1.188044780187708 1.1861739770953499 1.1843031740029917 1.1824323709106337 1.1805615678182755 1.1786907647259173 1.1768199616335593 1.174949158541201 1.1730783554488429 1.1712075523564847 1.1693367492641267 1.1674659461717685
1.2603874136944089 1.2580284946628268 1.2556695756312448 1.2533106565996628 1.2509517375680808 1.2485928185364985 1.2462338995049125 1.2438749804733304 1.2415160614417484 1.2391571424101664 1.2367982233785844 1.2344393043470023 1.2320803853154203 1.229721466283838 1.227362547252256 1.225003628220674 1.2227773379527236 1.2206928308340341 1.2186083237153447 1.2165238165966519 1.2144393094779624 1.2123548023592732 1.2102702952405837 1.2081857881218943 1.206101281003205 1.2040167738845156 1.2019322667658263 1.1998477596471369 1.1977632525284476 1.1956787454097582 1.1935942382910687 1.1915097311723795 1.1894252240536864 1.1873407169349972 1.1852562098163077 1.1831717026976183 1.181087195578929 1.1790026884602396 1.1769181813415504 1.174833674222861 1.1727491671041714 1.1706646599854822 1.1685801528667927 1.1664956457481035
1.2641074859110235 1.2618248024851537 1.259542119059284 1.2572594356334141 1.2549767522075443 1.2526940687816746 1.2504113853558008 1.248128701929931 1.2458460185040612 1.2435633350781914 1.2412806516523216 1.2389979682264518 1.236715284800582 1.2344326013747122 1.2321499179488424 1.2298672345229726 1.2275770462400022 1.2252788350949817 1.222980623949961 1.2206824128049365 1.218384201659916 1.2160859905148953 1.2137877793698748 1.211489568224854 1.2091913570798336 1.206893145934813 1.2045949347897924 1.2022967236447717 1.1999985124997512 1.1977003013547305 1.19540209020971 1.1931038790646895 1.1908056679196648 1.1885074567746443 1.1862092456296238 1.183911034484603 1.1816128233395826 1.179314612194562 1.1770164010495414 1.1747181899045207 1.1724199787595002 1.1701217676144795 1.167823556469459 1.1655253453244383
1.267827558127638 1.2656211103074804 1.2634146624873228 1.2612082146671655 1.259001766847008 1.2567953190268504 1.254588871206689 1.2523824233865315 1.250175975566374 1.2479695277462166 1.245763079926059 1.2435566321059015 1.241350184285744 1.2391437364655864 1.2369372886454288 1.2347308408252715 1.232376754527281 1.229864839355929 1.2273529241845773 1.2248410090132211 1.2223290938418694 1.2198171786705176 1.2173052634991657 1.214793348327814 1.2122814331564622 1.2097695179851102 1.2072576028137585 1.2047456876424067 1.2022337724710548 1.199721857299703 1.1972099421283513 1.1946980269569993 1.1921861117856434 1.1896741966142914 1.1871622814429397 1.184650366271588 1.182138451100236 1.1796265359288842 1.1771146207575325 1.1746027055861805 1.1720907904148288 1.169578875243477 1.167066960072125 1.1645550449007733
1.2715476303442526 1.2694174181298072 1.2672872059153621 1.2651569937009168 1.2630267814864715 1.2608965692720262 1.2587663570575773 1.2566361448431322 1.254505932628687 1.2523757204142416 1.2502455081997963 1.2481152959853512 1.2459850837709059 1.2438548715564606 1.2417246593420153 1.2395944471275702 1.2371764628145596 1.2344508436168766 1.2317252244191936 1.228999605221506 1.226273986023823 1.2235483668261398 1.2208227476284568 1.2180971284307738 1.2153715092330908 1.2126458900354076 1.2099202708377246 1.2071946516400416 1.2044690324423586 1.2017434132446756 1.1990177940469924 1.1962921748493094 1.1935665556516217 1.1908409364539387 1.1881153172562557 1.1853896980585725 1.1826640788608895 1.1799384596632065 1.1772128404655235 1.1744872212678406 1.1717616020701573 1.1690359828724743 1.1663103636747914 1.1635847444771084
1.2752677025608672 1.2732137259521343 1.2711597493434013 1.2691057727346684 1.2670517961259353 1.2649978195172022 1.2629438429084658 1.260889866299733 1.258835889691 1.2567819130822668 1.254727936473534 1.252673959864801 1.250619983256068 1.248566006647335 1.246512030038602 1.244458053429869 1.2419761711018387 1.2390368478778244 1.2360975246538102 1.2331582014297908 1.2302188782057766 1.2272795549817623 1.224340231757748 1.2214009085337336 1.2184615853097194 1.2155222620857051 1.2125829388616909 1.2096436156376766 1.2067042924136624 1.2037649691896481 1.200825645965634 1.1978863227416194 1.1949469995176003 1.192007676293586 1.1890683530695718 1.1861290298455573 1.183189706621543 1.1802503833975289 1.1773110601735146 1.1743717369495004 1.1714324137254861 1.1684930905014719 1.1655537672774576 1.1626144440534432
1.2789877747774818 1.2770100337744612 1.2750322927714404 1.2730545517684198 1.271076810765399 1.2690990697623783 1.2671213287593541 1.2651435877563335 1.2631658467533127 1.261188105750292 1.2592103647472712 1.2572326237442506 1.2552548827412298 1.2532771417382091 1.2512994007351885 1.2493216597321677 1.2467758793891175 1.243622852138772 1.2404698248884265 1.2373167976380754 1.23416377038773 1.2310107431373845 1.227857715887039 1.2247046886366935 1.221551661386348 1.2183986341360025 1.215245606885657 1.2120925796353115 1.208939552384966 1.2057865251346205 1.202633497884275 1.1994804706339295 1.1963274433835787 1.1931744161332332 1.1900213888828877 1.1868683616325422 1.1837153343821967 1.1805623071318512 1.1774092798815057 1.1742562526311602 1.1711032253808147 1.1679501981304692 1.1647971708801237 1.1616441436297782
1.2827078469940996 1.2808063415967912 1.2789048361994828 1.2770033308021744 1.275101825404866 1.2732003200075577 1.271298814610246 1.2693973092129376 1.2674958038156292 1.2655942984183208 1.2636927930210125 1.261791287623704 1.2598897822263957 1.2579882768290873 1.256086771431779 1.2541852660344706 1.2515755876764003 1.2482088563997233 1.2448421251230464 1.2414753938463639 1.2381086625696869 1.23474193129301 1.2313752000163332 1.2280084687396562 1.2246417374629792 1.2212750061863022 1.2179082749096255 1.2145415436329485 1.2111748123562716 1.2078080810795948 1.2044413498029178 1.2010746185262409 1.1977078872495583 1.1943411559728814 1.1909744246962044 1.1876076934195274 1.1842409621428507 1.1808742308661737 1.1775074995894967 1.17414076831282 1.170774037036143 1.167407305759466 1.1640405744827893 1.1606738432061123
1.286427919210714 1.284602649419118 1.282777379627522 1.2809521098359258 1.2791268400443296 1.2773015702527335 1.2754763004611342 1.273651030669538 1.271825760877942 1.270000491086346 1.26817522129475 1.2663499515031538 1.2645246817115576 1.2626994119199615 1.2608741421283653 1.2590488723367692 1.256375295963679 1.252794860660671 1.2492144253576627 1.2456339900546485 1.2420535547516403 1.2384731194486323 1.234892684145624 1.231312248842616 1.2277318135396078 1.2241513782365998 1.2205709429335916 1.2169905076305834 1.2134100723275754 1.2098296370245671 1.2062492017215591 1.202668766418551 1.1990883311155367 1.1955078958125285 1.1919274605095205 1.1883470252065123 1.1847665899035043 1.181186154600496 1.1776057192974878 1.1740252839944798 1.1704448486914716 1.1668644133884636 1.1632839780854554 1.1597035427824471
1.2901479914273286 1.288398957241445 1.286649923055561 1.2849008888696771 1.2831518546837932 1.2814028204979095 1.2796537863120225 1.2779047521261389 1.276155717940255 1.274406683754371 1.2726576495684871 1.2709086153826035 1.2691595811967196 1.2674105470108357 1.2656615128249518 1.263912478639068 1.2611750042509577 1.2573808649216183 1.253586725592279 1.249792586262933 1.2459984469335939 1.2422043076042544 1.2384101682749151 1.2346160289455756 1.2308218896162364 1.2270277502868971 1.2232336109575577 1.2194394716282184 1.215645332298879 1.2118511929695397 1.2080570536402002 1.204262914310861 1.200468774981515 1.1966746356521758 1.1928804963228363 1.189086356993497 1.1852922176641576 1.1814980783348183 1.1777039390054789 1.1739097996761396 1.1701156603468004 1.166321521017461 1.1625273816881216 1.1587332423587822
1.2938680636439432 1.2921952650637716 1.2905224664836001 1.2888496679034285 1.287176869323257 1.2855040707430854 1.2838312721629108 1.2821584735827394 1.2804856750025677 1.2788128764223963 1.2771400778422246 1.275467279262053 1.2737944806818815 1.2721216821017098 1.2704488835215382 1.2687760849413667 1.2659747125382363 1.2619668691825658 1.2579590258268953 1.253951182471218 1.2499433391155472 1.2459354957598767 1.2419276524042062 1.2379198090485355 1.233911965692865 1.2299041223371945 1.2258962789815238 1.2218884356258533 1.2178805922701827 1.213872748914512 1.2098649055588415 1.205857062203171 1.2018492188474936 1.197841375491823 1.1938335321361524 1.1898256887804817 1.1858178454248112 1.1818100020691407 1.17780215871347 1.1737943153577994 1.169786472002129 1.1657786286464582 1.1617707852907877 1.1577629419351172
1.2975881358605577 1.2959915728860985 1.294395009911639 1.2927984469371798 1.2912018839627204 1.2896053209882612 1.288008758013799 1.28641219503934 1.2848156320648805 1.2832190690904213 1.2816225061159618 1.2800259431415026 1.2784293801670432 1.276832817192584 1.2752362542181246 1.2736396912436654 1.2707744208255152 1.2665528734435134 1.2623313260615117 1.2581097786795026 1.2538882312975008 1.249666683915499 1.245445136533497 1.2412235891514953 1.2370020417694936 1.2327804943874918 1.2285589470054898 1.224337399623488 1.2201158522414863 1.2158943048594846 1.2116727574774828 1.2074512100954808 1.203229662713472 1.1990081153314702 1.1947865679494682 1.1905650205674665 1.1863434731854647 1.182121925803463 1.177900378421461 1.1736788310394592 1.1694572836574575 1.1652357362754557 1.161014188893454 1.156792641511452
1.3013082080771723 1.2997878807084253 1.2982675533396781 1.2967472259709312 1.2952268986021842 1.293706571233437 1.2921862438646874 1.2906659164959404 1.2891455891271935 1.2876252617584463 1.2861049343896993 1.2845846070209523 1.2830642796522052 1.2815439522834582 1.280023624914711 1.278503297545964 1.275574129112794 1.271138877704461 1.2667036262961278 1.2622683748877872 1.2578331234794542 1.2533978720711212 1.2489626206627882 1.2445273692544552 1.2400921178461222 1.2356568664377892 1.2312216150294562 1.2267863636211231 1.22235111221279 1.217915860804457 1.213480609396124 1.209045357987791 1.2046101065794503 1.2001748551711173 1.1957396037627843 1.1913043523544513 1.1868691009461183 1.1824338495377853 1.1779985981294523 1.173563346721119 1.169128095312786 1.164692843904453 1.16025759249612 1.155822341087787
1.30502828029379 1.3035841885307553 1.3021400967677206 1.3006960050046859 1.2992519132416513 1.2978078214786166 1.2963637297155794 1.2949196379525447 1.29347554618951 1.2920314544264753 1.2905873626634405 1.2891432709004058 1.287699179137371 1.2862550873743364 1.2848109956113016 1.283366903848267 1.2803738374000768 1.2757248819654123 1.2710759265307479 1.2664269710960756 1.2617780156614111 1.2571290602267466 1.2524801047920822 1.2478311493574177 1.2431821939227534 1.238533238488089 1.2338842830534245 1.22923532761876 1.2245863721840955 1.2199374167494312 1.2152884613147668 1.2106395058801023 1.20599055044543 1.2013415950107655 1.196692639576101 1.1920436841414366 1.187394728706772 1.1827457732721078 1.1780968178374434 1.1734478624027789 1.1687989069681144 1.16414995153345 1.1595009960987857 1.1548520406641212
1.3087483525104049 1.3073804963530824 1.30601264019576 1.3046447840384374 1.303276927881115 1.3019090717237927 1.3005412155664677 1.2991733594091455 1.297805503251823 1.2964376470945005 1.295069790937178 1.2937019347798557 1.2923340786225332 1.2909662224652108 1.2895983663078883 1.2882305101505658 1.2851735456873556 1.2803108862263601 1.2754482267653644 1.2705855673043605 1.2657229078433647 1.260860248382369 1.2559975889213735 1.2511349294603777 1.246272269999382 1.2414096105383865 1.2365469510773908 1.231684291616395 1.2268216321553995 1.2219589726944038 1.217096313233408 1.2122336537724123 1.2073709943114084 1.2025083348504129 1.1976456753894171 1.1927830159284214 1.1879203564674259 1.1830576970064302 1.1781950375454344 1.1733323780844387 1.1684697186234432 1.1636070591624474 1.1587443997014517 1.1538817402404562
1.3124684247270193 1.3111768041754093 1.309885183623799 1.3085935630721888 1.3073019425205787 1.3060103219689685 1.3047187014173562 1.303427080865746 1.3021354603141357 1.3008438397625257 1.2995522192109155 1.2982605986593052 1.2969689781076952 1.295677357556085 1.2943857370044747 1.2930941164528647 1.2899732539746345 1.2848968904873075 1.2798205269999807 1.274744163512645 1.2696678000253183 1.2645914365379913 1.2595150730506643 1.2544387095633376 1.2493623460760106 1.2442859825886838 1.2392096191013569 1.23413325561403 1.229056892126703 1.2239805286393761 1.2189041651520494 1.2138278016647224 1.208751438177387 1.20367507469006 1.1985987112027332 1.1935223477154062 1.1884459842280792 1.1833696207407525 1.1782932572534255 1.1732168937660987 1.1681405302787717 1.1630641667914448 1.157987803304118 1.152911439816791
