Figures/CREST_Example_wjb_NSE/PETs/wjb.pet.20100923.asc
ncols            288
nrows            254
xllcorner        113.274861
yllcorner        31.4918055
cellsize         0.008333333333
NODATA_value     -9999
[rows 80 to 99 of 254, columns 88 to 131 of 288]
1.824842733362718 1.8247253859677646 1.8246080385728112 1.8244906911778576 1.8243733437829042 1.8242559963879508 1.8241386489929974 1.824021301598044 1.8239039542030906 1.8237866068081372 1.8236692594131838 1.8235519120182304 1.823434564623277 1.8233172172283236 1.822662899660164 1.8214345488353083 1.8202061980104507 1.818977847185595 1.8177494963607395 1.8165211455358838 1.8152927947110282 1.8140644438861726 1.812836093061317 1.8116077422364616 1.810379391411606 1.8091510405867504 1.8079226897618947 1.8066943389370391 1.8054659881121835 1.804237637287326 1.8030092864624703 1.8017809356376147 1.800552584812759 1.7993242339879034 1.7980958831630478 1.7968675323381922 1.7956391815133368 1.7944108306884812 1.7931824798636256 1.79195412903877 1.7907257782139143 1.7894974273890587 1.788269076564201 1.7870407257393455
1.8260316063586042 1.8257654372244267 1.8254992680902493 1.8252330989560714 1.8249669298218938 1.8247007606877164 1.824434591553539 1.8241684224193613 1.8239022532851838 1.8236360841510064 1.823369915016829 1.8231037458826513 1.822837576748474 1.8225714076142965 1.821842829936719 1.8206199270706365 1.8193970242045516 1.818174121338469 1.8169512184723862 1.8157283156063035 1.8145054127402207 1.813282509874138 1.8120596070080555 1.8108367041419726 1.80961380127589 1.8083908984098072 1.8071679955437245 1.805945092677642 1.804722189811559 1.8034992869454745 1.8022763840793916 1.801053481213309 1.7998305783472262 1.7986076754811435 1.797384772615061 1.796161869748978 1.7949389668828954 1.7937160640168128 1.79249316115073 1.7912702582846474 1.7900473554185645 1.788824452552482 1.787601549686397 1.7863786468203144
1.8272204793544904 1.826805488481089 1.8263904976076872 1.825975506734285 1.8255605158608834 1.825145524987482 1.8247305341140803 1.8243155432406788 1.823900552367277 1.8234855614938756 1.8230705706204742 1.8226555797470725 1.822240588873671 1.8218255980002693 1.8210227602132742 1.8198053053059644 1.8185878503986526 1.8173703954913427 1.8161529405840329 1.814935485676723 1.8137180307694132 1.8125005758621036 1.8112831209547937 1.8100656660474839 1.808848211140174 1.8076307562328642 1.8064133013255543 1.8051958464182445 1.8039783915109349 1.8027609366036228 1.8015434816963132 1.8003260267890033 1.7991085718816935 1.7978911169743836 1.7966736620670738 1.795456207159764 1.794238752252454 1.7930212973451443 1.7918038424378346 1.7905863875305248 1.789368932623215 1.788151477715905 1.7869340228085933 1.7857165679012834
1.8284093523503764 1.8278455397377509 1.8272817271251252 1.8267179145124985 1.8261541018998728 1.8255902892872473 1.8250264766746216 1.8244626640619959 1.8238988514493704 1.8233350388367446 1.8227712262241191 1.8222074136114934 1.8216436009988677 1.8210797883862422 1.8202026904898292 1.8189906835412923 1.8177786765927533 1.8165666696442164 1.8153546626956794 1.8141426557471425 1.8129306487986057 1.8117186418500686 1.8105066349015317 1.809294627952995 1.808082621004458 1.806870614055921 1.8056586071073841 1.8044466001588473 1.8032345932103102 1.8020225862617714 1.8008105793132343 1.7995985723646974 1.7983865654161606 1.7971745584676235 1.7959625515190867 1.7947505445705498 1.7935385376220128 1.792326530673476 1.791114523724939 1.7899025167764022 1.7886905098278651 1.7874785028793283 1.7862664959307892 1.7850544889822524
1.8295982253462626 1.8288855909944128 1.828172956642563 1.8274603222907122 1.8267476879388624 1.8260350535870127 1.8253224192351631 1.8246097848833134 1.8238971505314636 1.8231845161796139 1.822471881827764 1.8217592474759146 1.8210466131240648 1.820333978772215 1.8193826207663844 1.8181760617766203 1.8169695027868542 1.8157629437970901 1.814556384807326 1.8133498258175622 1.8121432668277981 1.810936707838034 1.80973014884827 1.8085235898585061 1.807317030868742 1.806110471878978 1.804903912889214 1.8036973538994499 1.8024907949096858 1.8012842359199197 1.8000776769301559 1.7988711179403918 1.7976645589506277 1.7964579999608636 1.7952514409710996 1.7940448819813357 1.7928383229915716 1.7916317640018076 1.7904252050120435 1.7892186460222794 1.7880120870325156 1.7868055280427515 1.7855989690529854 1.7843924100632214
1.8307870983421497 1.829925642251076 1.8290641861600019 1.8282027300689265 1.8273412739778525 1.8264798178867787 1.8256183617957047 1.8247569057046307 1.8238954496135569 1.8230339935224829 1.8221725374314088 1.821311081340335 1.820449625249261 1.8195881691581872 1.8185625510429386 1.8173614400119475 1.8161603289809543 1.8149592179499632 1.813758106918972 1.8125569958879808 1.8113558848569897 1.8101547738259987 1.8089536627950076 1.8077525517640163 1.8065514407330252 1.8053503297020341 1.804149218671043 1.8029481076400518 1.8017469966090607 1.8005458855780676 1.7993447745470763 1.7981436635160852 1.7969425524850942 1.795741441454103 1.7945403304231118 1.7933392193921207 1.7921381083611296 1.7909369973301386 1.7897358862991473 1.7885347752681562 1.787333664237165 1.786132553206174 1.7849314421751807 1.7837303311441897
1.831975971338036 1.8309656935077379 1.8299554156774398 1.8289451378471402 1.8279348600168421 1.826924582186544 1.825914304356246 1.8249040265259482 1.8238937486956501 1.822883470865352 1.821873193035054 1.8208629152047562 1.8198526373744581 1.81884235954416 1.8177424813194938 1.8165468182472755 1.8153511551750552 1.814155492102837 1.8129598290306188 1.8117641659584005 1.8105685028861822 1.8093728398139641 1.8081771767417458 1.8069815136695275 1.8057858505973092 1.8045901875250911 1.8033945244528728 1.8021988613806545 1.8010031983084362 1.7998075352362162 1.7986118721639979 1.7974162090917796 1.7962205460195613 1.7950248829473432 1.793829219875125 1.7926335568029066 1.7914378937306883 1.7902422306584702 1.789046567586252 1.7878509045140336 1.7866552414418153 1.7854595783695972 1.784263915297377 1.7830682522251586
1.8331648443339221 1.8320057447644 1.830846645194878 1.8296875456253539 1.8285284460558318 1.8273693464863097 1.8262102469167876 1.8250511473472655 1.8238920477777434 1.8227329482082213 1.8215738486386992 1.820414749069177 1.819255649499655 1.818096549930133 1.816922411596049 1.8157321964826036 1.8145419813691561 1.8133517662557108 1.8121615511422655 1.8109713360288202 1.8097811209153747 1.8085909058019294 1.807400690688484 1.8062104755750388 1.8050202604615935 1.803830045348148 1.8026398302347026 1.8014496151212573 1.800259400007812 1.7990691848943645 1.7978789697809192 1.796688754667474 1.7954985395540286 1.794308324440583 1.7931181093271378 1.7919278942136925 1.7907376791002472 1.7895474639868019 1.7883572488733563 1.787167033759911 1.7859768186464657 1.7847866035330204 1.783596388419573 1.7824061733061276
1.835940572478881 1.834663894358362 1.8333872162378426 1.832110538117321 1.830833859996802 1.8295571818762826 1.8282805037557632 1.827003825635244 1.8257271475147248 1.8244504693942054 1.823173791273686 1.821897113153167 1.8206204350326476 1.8193437569121282 1.8181103215116992 1.8169231135568158 1.8157359056019304 1.8145486976470473 1.813361489692164 1.8121742817372806 1.8109870737823974 1.809799865827514 1.8086126578726307 1.8074254499177476 1.8062382419628642 1.805051034007981 1.8038638260530977 1.8026766180982143 1.8014894101433312 1.8003022021884458 1.7991149942335625 1.7979277862786793 1.796740578323796 1.7955533703689126 1.7943661624140295 1.793178954459146 1.7919917465042627 1.7908045385493796 1.7896173305944962 1.788430122639613 1.7872429146847297 1.7860557067298464 1.7848684987749612 1.7836812908200779
1.840412548729776 1.8390516890566462 1.8376908293835161 1.8363299697103839 1.8349691100372538 1.8336082503641238 1.832247390690994 1.830886531017864 1.8295256713447339 1.8281648116716038 1.826803951998474 1.825443092325344 1.824082232652214 1.822721372979084 1.8214446350619606 1.8202578252041024 1.819071015346242 1.8178842054883835 1.816697395630525 1.8155105857726666 1.814323775914808 1.8131369660569499 1.8119501561990914 1.810763346341233 1.8095765364833745 1.808389726625516 1.8072029167676575 1.8060161069097993 1.8048292970519408 1.8036424871940804 1.802455677336222 1.8012688674783635 1.800082057620505 1.7988952477626465 1.7977084379047883 1.7965216280469298 1.7953348181890714 1.794148008331213 1.7929611984733544 1.791774388615496 1.7905875787576377 1.7894007688997793 1.7882139590419188 1.7870271491840604
1.844884524980671 1.8434394837549302 1.8419944425291896 1.8405494013034465 1.8391043600777057 1.837659318851965 1.8362142776262245 1.8347692364004837 1.833324195174743 1.8318791539490025 1.8304341127232617 1.828989071497521 1.8275440302717805 1.8260989890460397 1.8247789486122223 1.8235925368513888 1.8224061250905532 1.8212197133297197 1.820033301568886 1.8188468898080525 1.817660478047219 1.8164740662863854 1.8152876545255519 1.8141012427647183 1.8129148310038847 1.8117284192430512 1.8105420074822176 1.809355595721384 1.8081691839605505 1.806982772199715 1.8057963604388814 1.8046099486780478 1.8034235369172142 1.8022371251563807 1.8010507133955471 1.7998643016347136 1.79867788987388 1.7974914781130464 1.7963050663522129 1.7951186545913793 1.7939322428305458 1.7927458310697122 1.7915594193088766 1.790373007548043
1.8493565012315656 1.8478272784532144 1.846298055674863 1.844768832896509 1.8432396101181576 1.8417103873398062 1.840181164561455 1.8386519417831035 1.837122719004752 1.835593496226401 1.8340642734480495 1.832535050669698 1.8310058278913468 1.8294766051129954 1.828113262162484 1.8269272484986754 1.8257412348348647 1.824555221171056 1.8233692075072474 1.8221831938434385 1.8209971801796299 1.8198111665158212 1.8186251528520125 1.8174391391882039 1.8162531255243952 1.8150671118605863 1.8138810981967777 1.812695084532969 1.8115090708691604 1.8103230572053497 1.8091370435415408 1.8079510298777322 1.8067650162139235 1.8055790025501148 1.8043929888863062 1.8032069752224973 1.8020209615586886 1.80083494789488 1.7996489342310713 1.7984629205672626 1.797276906903454 1.796090893239645 1.7949048795758344 1.7937188659120258
1.8538284774824645 1.8522150731515024 1.8506016688205402 1.8489882644895752 1.847374860158613 1.845761455827651 1.8441480514966888 1.842534647165727 1.8409212428347648 1.8393078385038026 1.8376944341728405 1.8360810298418784 1.8344676255109162 1.8328542211799541 1.8314475757127486 1.8302619601459649 1.829076344579179 1.8278907290123951 1.8267051134456114 1.8255194978788274 1.8243338823120436 1.8231482667452599 1.821962651178476 1.8207770356116921 1.8195914200449081 1.8184058044781244 1.8172201889113406 1.8160345733445566 1.8148489577777729 1.813663342210987 1.8124777266442031 1.8112921110774194 1.8101064955106354 1.8089208799438516 1.8077352643770677 1.806549648810284 1.8053640332435001 1.8041784176767162 1.8029928021099324 1.8018071865431486 1.8006215709763647 1.799435955409581 1.798250339842795 1.7970647242760112
1.8583004537333592 1.8566028678497863 1.8549052819662135 1.8532076960826378 1.851510110199065 1.8498125243154921 1.8481149384319193 1.8464173525483467 1.8447197666647739 1.843022180781201 1.8413245948976282 1.8396270090140554 1.8379294231304826 1.8362318372469097 1.8347818892630103 1.8335966717932515 1.8324114543234904 1.8312262368537313 1.8300410193839725 1.8288558019142134 1.8276705844444545 1.8264853669746954 1.8253001495049364 1.8241149320351775 1.8229297145654184 1.8217444970956596 1.8205592796259005 1.8193740621561416 1.8181888446863825 1.8170036272166215 1.8158184097468626 1.8146331922771035 1.8134479748073444 1.8122627573375856 1.8110775398678265 1.8098923223980676 1.8087071049283086 1.8075218874585497 1.8063366699887906 1.8051514525190315 1.8039662350492727 1.8027810175795136 1.8015958001097525 1.8004105826399937
1.862772429984254 1.8609906625480706 1.8592088951118872 1.8574271276757006 1.855645360239517 1.8538635928033336 1.85208182536715 1.8503000579309667 1.8485182904947832 1.8467365230585997 1.8449547556224162 1.8431729881862327 1.8413912207500491 1.8396094533138656 1.8381162028132723 1.836931383440538 1.8357465640678021 1.834561744695068 1.8333769253223338 1.8321921059495996 1.8310072865768654 1.8298224672041314 1.8286376478313973 1.827452828458663 1.826268009085929 1.8250831897131947 1.8238983703404608 1.8227135509677266 1.8215287315949924 1.8203439122222562 1.819159092849522 1.817974273476788 1.816789454104054 1.8156046347313197 1.8144198153585855 1.8132349959858514 1.8120501766131174 1.8108653572403832 1.809680537867649 1.8084957184949149 1.8073108991221807 1.8061260797494467 1.8049412603767105 1.8037564410039764
1.867244406235149 1.8653784572463548 1.8635125082575605 1.8616465592687632 1.859780610279969 1.8579146612911748 1.8560487123023808 1.8541827633135866 1.8523168143247923 1.8504508653359981 1.848584916347204 1.8467189673584097 1.8448530183696157 1.8429870693808215 1.841450516363534 1.8402660950878247 1.8390816738121134 1.8378972525364041 1.8367128312606948 1.8355284099849856 1.8343439887092763 1.833159567433567 1.8319751461578577 1.8307907248821484 1.8296063036064392 1.8284218823307299 1.8272374610550206 1.8260530397793115 1.8248686185036023 1.8236841972278908 1.8224997759521817 1.8213153546764724 1.8201309334007632 1.8189465121250539 1.8177620908493446 1.8165776695736353 1.815393248297926 1.8142088270222168 1.8130244057465075 1.8118399844707982 1.810655563195089 1.8094711419193796 1.8082867206436684 1.807102299367959
1.8717163824860437 1.869766251944639 1.867816121403234 1.8658659908618258 1.863915860320421 1.861965729779016 1.8600155992376113 1.8580654686962064 1.8561153381548015 1.8541652076133965 1.8522150770719916 1.850264946530587 1.848314815989182 1.846364685447777 1.8447848299137957 1.8436008067351113 1.842416783556425 1.8412327603777405 1.840048737199056 1.8388647140203715 1.8376806908416872 1.8364966676630028 1.8353126444843184 1.8341286213056338 1.8329445981269494 1.831760574948265 1.8305765517695807 1.8293925285908963 1.828208505412212 1.8270244822335253 1.825840459054841 1.8246564358761566 1.8234724126974722 1.8222883895187878 1.8211043663401032 1.8199203431614188 1.8187363199827344 1.81755229680405 1.8163682736253657 1.8151842504466813 1.8140002272679967 1.8128162040893123 1.811632180910626 1.8104481577319416
1.8761883587369386 1.874154046642923 1.8721197345489076 1.8700854224548884 1.8680511103608728 1.8660167982668574 1.8639824861728418 1.8619481740788262 1.8599138619848106 1.857879549890795 1.8558452377967796 1.853810925702764 1.8517766136087483 1.8497423015147327 1.8481191434640574 1.846935518382398 1.8457518933007362 1.8445682682190767 1.8433846431374172 1.8422010180557575 1.841017392974098 1.8398337678924386 1.8386501428107789 1.8374665177291194 1.83628289264746 1.8350992675658002 1.8339156424841407 1.8327320174024813 1.8315483923208216 1.83036476723916 1.8291811421575004 1.827997517075841 1.8268138919941814 1.8256302669125217 1.8244466418308622 1.8232630167492028 1.822079391667543 1.8208957665858836 1.8197121415042241 1.8185285164225644 1.817344891340905 1.8161612662592455 1.8149776411775838 1.8137940160959243
1.8806603349878372 1.878541841341211 1.8764233476945846 1.8743048540479548 1.8721863604013285 1.870067866754702 1.8679493731080756 1.8658308794614493 1.863712385814823 1.8615938921681967 1.8594753985215704 1.857356904874944 1.8552384112283178 1.8531199175816915 1.851453457014322 1.8502702300296872 1.8490870030450506 1.8479037760604158 1.8467205490757812 1.8455373220911464 1.8443540951065118 1.843170868121877 1.8419876411372424 1.8408044141526076 1.8396211871679728 1.8384379601833383 1.8372547331987035 1.836071506214069 1.834888279229434 1.8337050522447975 1.8325218252601627 1.831338598275528 1.8301553712908933 1.8289721443062585 1.827788917321624 1.8266056903369892 1.8254224633523546 1.8242392363677198 1.8230560093830852 1.8218727823984504 1.8206895554138158 1.819506328429181 1.8183231014445442 1.8171398744599097
1.8851323112387322 1.8829296360394951 1.8807269608402581 1.8785242856410174 1.8763216104417804 1.8741189352425434 1.8719162600433064 1.8697135848440691 1.8675109096448321 1.8653082344455951 1.8631055592463581 1.8609028840471211 1.8587002088478841 1.8564975336486471 1.8547877705645837 1.8536049416769738 1.8524221127893619 1.8512392839017522 1.8500564550141423 1.8488736261265324 1.8476907972389227 1.8465079683513128 1.845325139463703 1.844142310576093 1.8429594816884833 1.8417766528008734 1.8405938239132635 1.8394109950256539 1.838228166138044 1.837045337250432 1.8358625083628222 1.8346796794752125 1.8334968505876026 1.8323140216999927 1.8311311928123828 1.8299483639247731 1.8287655350371632 1.8275827061495533 1.8263998772619434 1.8252170483743337 1.8240342194867238 1.822851390599114 1.8216685617115023 1.8204857328238924
