Figures/CREST_Example_wjb_NSE/PETs/wjb.pet.20090624.asc
ncols            288
nrows            254
xllcorner        113.274861
yllcorner        31.4918055
cellsize         0.008333333333
NODATA_value     -9999
[rows 200 to 219 of 254, columns 135 to 179 of 288]
4.136635178569485 4.135195742862332 4.1337563071551795 4.132316871448027 4.130877435740874 4.129438000033722 4.127998564326569 4.126559128619417 4.125119692912262 4.12368025720511 4.122240821497957 4.120801385790805 4.119361950083652 4.1179225143765 4.116483078669347 4.115043642962195 4.113604207255042 4.1121647715478895 4.110725335840737 4.109285900133584 4.107846464426432 4.106407028719277 4.104967593012124 4.103528157304972 4.102088721597819 4.1006492858906665 4.099209850183514 4.09955821427594 4.101817776796773 4.104077339317606 4.106336901838438 4.108596464359271 4.110856026880104 4.1131155894009375 4.115375151921774 4.117634714442607 4.11989427696344 4.122153839484273 4.124413402005105 4.126672964525938 4.128932527046771 4.131192089567604 4.1334516520884375 4.1357112146092705 4.137970777130103
4.1431841655369706 4.1418600182574155 4.140535870977861 4.139211723698306 4.137887576418752 4.136563429139197 4.135239281859643 4.1339151345800875 4.132590987300531 4.1312668400209756 4.129942692741421 4.128618545461866 4.127294398182312 4.125970250902757 4.124646103623202 4.123321956343648 4.1219978090640925 4.120673661784538 4.119349514504983 4.118025367225429 4.116701219945874 4.115377072666317 4.114052925386762 4.112728778107208 4.111404630827653 4.110080483548098 4.108756336268543 4.1091743454968706 4.111454759442263 4.113735173387655 4.116015587333046 4.118296001278439 4.12057641522383 4.122856829169223 4.125137243114619 4.12741765706001 4.129698071005403 4.131978484950794 4.134258898896187 4.136539312841578 4.138819726786971 4.141100140732362 4.143380554677755 4.1456609686231465 4.147941382568539
4.1497331525044565 4.1485242936525 4.147315434800543 4.146106575948586 4.1448977170966295 4.143688858244672 4.142479999392715 4.141271140540758 4.1400622816888 4.138853422836842 4.137644563984885 4.136435705132929 4.135226846280972 4.134017987429015 4.132809128577058 4.131600269725101 4.130391410873144 4.129182552021187 4.12797369316923 4.126764834317274 4.125555975465316 4.124347116613357 4.123138257761401 4.121929398909444 4.120720540057486 4.1195116812055295 4.118302822353573 4.118790476717801 4.121091742087752 4.123393007457704 4.125694272827655 4.127995538197606 4.130296803567557 4.132598068937508 4.134899334307463 4.137200599677414 4.139501865047365 4.141803130417316 4.144104395787268 4.146405661157219 4.14870692652717 4.151008191897121 4.153309457267072 4.155610722637024 4.157911988006975
4.156282139471943 4.155188569047584 4.154094998623225 4.153001428198865 4.151907857774506 4.150814287350148 4.149720716925788 4.148627146501429 4.147533576077068 4.146440005652709 4.145346435228349 4.14425286480399 4.143159294379632 4.142065723955272 4.140972153530913 4.139878583106554 4.138785012682194 4.137691442257836 4.136597871833477 4.135504301409117 4.134410730984758 4.133317160560397 4.132223590136038 4.131130019711679 4.13003644928732 4.1289428788629605 4.127849308438601 4.1284066079387305 4.130728724733241 4.133050841527751 4.135372958322262 4.137695075116772 4.140017191911283 4.142339308705793 4.144661425500307 4.146983542294818 4.149305659089328 4.1516277758838385 4.153949892678348 4.1562720094728585 4.158594126267369 4.160916243061879 4.16323835985639 4.1655604766509 4.167882593445411
4.162831126439432 4.161852844442671 4.160874562445909 4.159896280449148 4.158917998452387 4.157939716455625 4.156961434458864 4.1559831524621025 4.15500487046534 4.154026588468579 4.153048306471817 4.152070024475056 4.151091742478294 4.150113460481533 4.149135178484772 4.14815689648801 4.147178614491249 4.146200332494488 4.145222050497726 4.144243768500965 4.143265486504204 4.142287204507441 4.14130892251068 4.140330640513918 4.139352358517157 4.138374076520395 4.137395794523634 4.138022739159665 4.140365707378734 4.142708675597804 4.145051643816873 4.147394612035943 4.149737580255012 4.152080548474082 4.154423516693155 4.156766484912225 4.159109453131294 4.161452421350364 4.163795389569433 4.166138357788503 4.168481326007572 4.170824294226642 4.173167262445712 4.175510230664781 4.1778531988838505
4.169380113406919 4.168517119837755 4.167654126268592 4.166791132699428 4.165928139130265 4.165065145561101 4.164202151991938 4.163339158422774 4.162476164853609 4.161613171284445 4.160750177715282 4.159887184146118 4.159024190576955 4.158161197007791 4.157298203438628 4.156435209869464 4.155572216300301 4.154709222731137 4.1538462291619735 4.15298323559281 4.1521202420236465 4.151257248454481 4.150394254885318 4.149531261316154 4.148668267746991 4.147805274177827 4.1469422806086635 4.147638870380596 4.150002690024224 4.152366509667853 4.154730329311481 4.15709414895511 4.159457968598739 4.161821788242367 4.164185607886 4.166549427529628 4.168913247173258 4.171277066816886 4.173640886460515 4.176004706104143 4.178368525747772 4.180732345391401 4.183096165035029 4.1854599846786575 4.187823804322287
4.175929100374405 4.175181395232839 4.1744336900912735 4.173685984949707 4.172938279808141 4.172190574666576 4.17144286952501 4.170695164383445 4.169947459241878 4.169199754100312 4.168452048958746 4.167704343817181 4.1669566386756145 4.166208933534049 4.165461228392483 4.164713523250917 4.163965818109352 4.163218112967786 4.16247040782622 4.161722702684655 4.1609749975430885 4.160227292401522 4.159479587259956 4.15873188211839 4.157984176976824 4.157236471835259 4.156488766693693 4.157255001601526 4.159639672669714 4.162024343737902 4.16440901480609 4.166793685874278 4.1691783569424645 4.171563028010652 4.173947699078845 4.1763323701470325 4.17871704121522 4.181101712283408 4.183486383351596 4.185871054419783 4.188255725487971 4.190640396556159 4.193025067624347 4.195409738692534 4.197794409760722
4.182478087341893 4.181845670627926 4.181213253913958 4.18058083719999 4.179948420486022 4.179316003772055 4.178683587058086 4.178051170344118 4.17741875363015 4.176786336916182 4.176153920202213 4.175521503488246 4.174889086774278 4.17425667006031 4.173624253346342 4.172991836632374 4.172359419918406 4.171727003204438 4.1710945864904705 4.170462169776503 4.169829753062534 4.1691973363485655 4.168564919634598 4.16793250292063 4.167300086206661 4.166667669492694 4.166035252778726 4.16687113282246 4.169276655315207 4.171682177807954 4.174087700300701 4.1764932227934475 4.178898745286195 4.181304267778942 4.183709790271693 4.186115312764439 4.1885208352571865 4.190926357749934 4.19333188024268 4.1957374027354275 4.198142925228175 4.200548447720921 4.2029539702136685 4.205359492706415 4.207765015199162
4.187324631802137 4.186790267231295 4.186255902660453 4.185721538089612 4.18518717351877 4.184652808947928 4.184118444377087 4.183584079806245 4.183049715235402 4.18251535066456 4.181980986093719 4.181446621522877 4.180912256952035 4.180377892381194 4.179843527810352 4.17930916323951 4.178774798668669 4.178240434097827 4.177706069526985 4.177171704956144 4.176637340385302 4.176102975814459 4.175568611243617 4.175034246672776 4.174499882101934 4.173965517531092 4.173431152960251 4.174314681606648 4.176713970177103 4.179113258747559 4.181512547318013 4.183911835888468 4.186311124458922 4.188710413029377 4.191109701599836 4.193508990170291 4.195908278740745 4.1983075673112005 4.200706855881656 4.20310614445211 4.205505433022565 4.20790472159302 4.210304010163474 4.2127032987339295 4.215102587304384
4.1903513725231605 4.189896635593708 4.189441898664255 4.188987161734803 4.18853242480535 4.188077687875898 4.187622950946446 4.187168214016993 4.18671347708754 4.186258740158088 4.185804003228635 4.185349266299183 4.18489452936973 4.184439792440278 4.183985055510825 4.183530318581373 4.183075581651921 4.182620844722468 4.182166107793016 4.181711370863563 4.181256633934111 4.180801897004658 4.180347160075205 4.179892423145753 4.1794376862163 4.178982949286848 4.178528212357396 4.179435876698817 4.181799978818323 4.184164080937829 4.186528183057335 4.18889228517684 4.191256387296345 4.193620489415851 4.19598459153536 4.198348693654866 4.200712795774372 4.203076897893878 4.2054410000133835 4.207805102132888 4.210169204252394 4.2125333063719 4.214897408491406 4.217261510610911 4.219625612730416
4.1933781132441865 4.1930030039561235 4.19262789466806 4.192252785379997 4.191877676091934 4.19150256680387 4.191127457515807 4.190752348227744 4.19037723893968 4.190002129651617 4.189627020363554 4.189251911075491 4.188876801787428 4.188501692499365 4.188126583211302 4.187751473923239 4.187376364635176 4.187001255347113 4.18662614605905 4.186251036770987 4.185875927482923 4.18550081819486 4.185125708906797 4.1847505996187335 4.18437549033067 4.1840003810426065 4.1836252717545435 4.184557071790991 4.186885987459546 4.189214903128103 4.191543818796659 4.193872734465216 4.196201650133772 4.198530565802328 4.200859481470888 4.203188397139445 4.205517312808001 4.207846228476557 4.210175144145113 4.21250405981367 4.214832975482226 4.217161891150782 4.219490806819339 4.221819722487894 4.224148638156451
4.196404853965211 4.196109372318538 4.195813890671864 4.19551840902519 4.1952229273785155 4.1949274457318415 4.1946319640851675 4.194336482438494 4.194041000791819 4.193745519145145 4.193450037498472 4.193154555851798 4.192859074205124 4.19256359255845 4.192268110911776 4.191972629265103 4.191677147618429 4.191381665971755 4.191086184325081 4.190790702678407 4.190495221031733 4.190199739385059 4.189904257738385 4.189608776091711 4.1893132944450375 4.1890178127983635 4.1887223311516895 4.189678266883161 4.191971996100768 4.194265725318375 4.196559454535982 4.198853183753589 4.201146912971196 4.203440642188803 4.205734371406414 4.208028100624021 4.210321829841628 4.212615559059235 4.214909288276842 4.217203017494449 4.219496746712056 4.221790475929663 4.22408420514727 4.226377934364877 4.228671663582484
4.199431594686235 4.19921574068095 4.198999886675666 4.198784032670381 4.198568178665097 4.198352324659812 4.198136470654528 4.197920616649243 4.197704762643958 4.1974889086386735 4.1972730546333885 4.1970572006281035 4.196841346622819 4.196625492617534 4.19640963861225 4.196193784606965 4.195977930601681 4.195762076596396 4.195546222591112 4.195330368585827 4.195114514580543 4.194898660575258 4.194682806569973 4.194466952564688 4.194251098559404 4.194035244554119 4.193819390548835 4.19479946197533 4.197058004741987 4.199316547508645 4.201575090275303 4.203833633041961 4.206092175808618 4.208350718575276 4.210609261341938 4.212867804108596 4.215126346875254 4.217384889641911 4.219643432408569 4.221901975175227 4.224160517941884 4.226419060708542 4.228677603475201 4.230936146241858 4.233194689008516
4.202458335407261 4.202322109043365 4.20218588267947 4.202049656315575 4.20191342995168 4.201777203587785 4.201640977223889 4.201504750859994 4.2013685244960985 4.201232298132203 4.2010960717683075 4.200959845404412 4.200823619040517 4.200687392676622 4.200551166312726 4.200414939948831 4.200278713584936 4.200142487221041 4.200006260857146 4.19987003449325 4.199733808129355 4.19959758176546 4.199461355401564 4.1993251290376685 4.199188902673773 4.199052676309878 4.198916449945983 4.199920657067502 4.202144013383211 4.204367369698919 4.206590726014628 4.208814082330337 4.211037438646045 4.213260794961753 4.215484151277466 4.2177075075931745 4.219930863908883 4.222154220224591 4.2243775765402996 4.226600932856009 4.228824289171717 4.2310476454874255 4.233271001803134 4.235494358118842 4.237717714434551
4.2054850761282845 4.205428477405778 4.205371878683272 4.205315279960766 4.205258681238261 4.205202082515755 4.205145483793249 4.205088885070743 4.205032286348237 4.204975687625731 4.204919088903225 4.204862490180719 4.2048058914582125 4.204749292735706 4.2046926940132 4.204636095290694 4.204579496568189 4.204522897845683 4.204466299123177 4.204409700400671 4.204353101678165 4.204296502955659 4.204239904233153 4.204183305510647 4.2041267067881405 4.204070108065634 4.204013509343128 4.205041852159672 4.207230022024432 4.209418191889191 4.21160636175395 4.21379453161871 4.215982701483469 4.218170871348228 4.220359041212991 4.22254721107775 4.224735380942509 4.226923550807269 4.229111720672028 4.231299890536787 4.233488060401546 4.235676230266306 4.237864400131065 4.240052569995824 4.242240739860584
4.20851181684931 4.208534845768193 4.2085578746870755 4.208580903605959 4.208603932524842 4.208626961443725 4.208649990362609 4.208673019281492 4.208696048200375 4.208719077119259 4.208742106038142 4.208765134957025 4.208788163875909 4.2088111927947915 4.2088342217136745 4.2088572506325574 4.208880279551441 4.208903308470324 4.208926337389207 4.208949366308091 4.208972395226974 4.208995424145857 4.209018453064741 4.209041481983624 4.209064510902507 4.2090875398213905 4.2091105687402735 4.210163047251842 4.212316030665652 4.214469014079461 4.216621997493272 4.218774980907082 4.220927964320892 4.223080947734702 4.225233931148516 4.2273869145623255 4.229539897976135 4.231692881389946 4.233845864803755 4.235998848217566 4.2381518316313755 4.240304815045186 4.242457798458996 4.244610781872805 4.246763765286616
4.211538557570333 4.211641214130606 4.211743870690878 4.211846527251151 4.211949183811424 4.2120518403716956 4.212154496931968 4.212257153492241 4.212359810052513 4.212462466612786 4.212565123173059 4.212667779733331 4.212770436293604 4.212873092853877 4.212975749414149 4.2130784059744215 4.2131810625346935 4.213283719094966 4.213386375655239 4.213489032215511 4.213591688775784 4.213694345336057 4.213797001896329 4.213899658456602 4.214002315016875 4.214104971577147 4.2142076281374194 4.215284242344012 4.217402039306872 4.2195198362697335 4.221637633232594 4.223755430195455 4.225873227158315 4.2279910241211764 4.230108821084041 4.2322266180469015 4.234344415009763 4.236462211972623 4.238580008935484 4.240697805898344 4.242815602861206 4.244933399824066 4.247051196786927 4.249168993749787 4.251286790712649
4.214565298291359 4.214747582493021 4.214929866694683 4.215112150896345 4.215294435098006 4.215476719299668 4.2156590035013295 4.215841287702991 4.216023571904654 4.216205856106315 4.216388140307977 4.216570424509639 4.216752708711301 4.216934992912963 4.217117277114625 4.2172995613162865 4.217481845517948 4.21766412971961 4.217846413921272 4.218028698122934 4.218210982324596 4.218393266526258 4.21857555072792 4.218757834929582 4.2189401191312434 4.219122403332905 4.219304687534567 4.220405437436184 4.2224880479480955 4.2245706584600065 4.226653268971918 4.228735879483829 4.230818489995741 4.232901100507653 4.234983711019567 4.237066321531479 4.239148932043391 4.241231542555302 4.243314153067214 4.245396763579125 4.247479374091037 4.249561984602948 4.251644595114859 4.253727205626771 4.255809816138683
4.217592039012382 4.217853950855434 4.218115862698485 4.218377774541536 4.218639686384587 4.218901598227639 4.21916351007069 4.219425421913741 4.219687333756792 4.219949245599843 4.220211157442894 4.220473069285945 4.220734981128997 4.220996892972048 4.221258804815099 4.22152071665815 4.2217826285012015 4.222044540344252 4.222306452187303 4.222568364030354 4.222830275873406 4.223092187716457 4.223354099559508 4.22361601140256 4.2238779232456105 4.224139835088661 4.224401746931712 4.225526632528354 4.227574056589316 4.2296214806502785 4.23166890471124 4.233716328772203 4.235763752833165 4.237811176894128 4.239858600955093 4.241906025016055 4.243953449077018 4.24600087313798 4.248048297198942 4.250095721259904 4.252143145320867 4.254190569381829 4.256237993442791 4.258285417503753 4.260332841564716
4.220618779733408 4.2209603192178475 4.221301858702288 4.221643398186728 4.221984937671169 4.222326477155609 4.22266801664005 4.22300955612449 4.2233510956089315 4.2236926350933715 4.224034174577812 4.224375714062252 4.224717253546693 4.225058793031133 4.225400332515574 4.225741872000014 4.2260834114844545 4.2264249509688945 4.226766490453335 4.227108029937775 4.227449569422216 4.227791108906657 4.228132648391097 4.228474187875538 4.228815727359978 4.229157266844418 4.229498806328858 4.2306478276205235 4.232660065230537 4.23467230284055 4.236684540450563 4.238696778060576 4.240709015670589 4.242721253280602 4.244733490890618 4.246745728500631 4.248757966110644 4.250770203720657 4.2527824413306705 4.254794678940684 4.256806916550697 4.258819154160709 4.260831391770722 4.262843629380735 4.264855866990748
