Figures/CREST_Example_wjb_NSE/PETs/wjb.pet.20090109.asc
ncols            288
nrows            254
xllcorner        113.274861
yllcorner        31.4918055
cellsize         0.008333333333
NODATA_value     -9999
[rows 171 to 189 of 254, columns 132 to 175 of 288]
0.6431295631720982 0.6429067457115708 0.6426839282510434 0.6424611107905159 0.6422382933299885 0.6420154758694611 0.6417926584089336 0.6415698409484062 0.6413470234878788 0.6411242060273513 0.6409013885668239 0.640678571106296 0.6404557536457686 0.6402329361852411 0.6400101187247137 0.6397873012641863 0.6395644838036588 0.6393416663431314 0.639118848882604 0.6388960314220765 0.6386732139615491 0.6384503965010216 0.6382275790404942 0.6380047615799668 0.637781944119439 0.6375591266589115 0.637336309198384 0.6371134917378566 0.6368906742773291 0.6366678568168017 0.6362079814241967 0.6354946857396019 0.6347813900550072 0.6340680943704124 0.6333547986858178 0.632641503001223 0.6319282073166284 0.6312149116320324 0.6305016159474377 0.6297883202628429 0.6290750245782482 0.6283617288936535 0.6276484332090587 0.6269351375244641
0.643105027102999 0.6428834855199614 0.642661943936924 0.6424404023538864 0.6422188607708489 0.6419973191878114 0.6417757776047739 0.6415542360217363 0.6413326944386989 0.6411111528556613 0.6408896112726239 0.640668069689586 0.6404465281065485 0.6402249865235109 0.6400034449404735 0.6397819033574359 0.6395603617743983 0.6393388201913609 0.6391172786083233 0.6388957370252859 0.6386741954422483 0.6384526538592108 0.6382311122761734 0.6380095706931358 0.6377880291100979 0.6375664875270604 0.6373449459440229 0.6371234043609854 0.6369018627779479 0.6366803211949104 0.6362106341155851 0.6354756738873127 0.6347407136590404 0.634005753430768 0.6332707932024957 0.6325358329742233 0.631800872745951 0.6310659125176774 0.630330952289405 0.6295959920611327 0.6288610318328604 0.628126071604588 0.6273911113763156 0.6266561511480433
0.6430804910338997 0.6428602253283521 0.6426399596228045 0.642419693917257 0.6421994282117094 0.6419791625061617 0.6417588968006142 0.6415386310950666 0.641318365389519 0.6410980996839714 0.6408778339784238 0.6406575682728758 0.6404373025673282 0.6402170368617807 0.6399967711562331 0.6397765054506854 0.6395562397451379 0.6393359740395903 0.6391157083340427 0.6388954426284951 0.6386751769229475 0.6384549112174 0.6382346455118524 0.6380143798063047 0.6377941141007568 0.6375738483952093 0.6373535826896616 0.637133316984114 0.6369130512785665 0.6366927855730189 0.6362132868069735 0.6354566620350235 0.6347000372630736 0.6339434124911235 0.6331867877191736 0.6324301629472235 0.6316735381752736 0.6309169134033223 0.6301602886313723 0.6294036638594224 0.6286470390874723 0.6278904143155224 0.6271337895435724 0.6263771647716224
0.6430559549648004 0.6428369651367427 0.6426179753086851 0.6423989854806275 0.6421799956525698 0.6419610058245121 0.6417420159964544 0.6415230261683967 0.6413040363403391 0.6410850465122814 0.6408660566842238 0.6406470668561657 0.640428077028108 0.6402090872000504 0.6399900973719927 0.6397711075439351 0.6395521177158774 0.6393331278878197 0.639114138059762 0.6388951482317043 0.6386761584036467 0.6384571685755891 0.6382381787475314 0.6380191889194737 0.6378001990914157 0.637581209263358 0.6373622194353004 0.6371432296072427 0.636924239779185 0.6367052499511273 0.6362159394983619 0.6354376501827342 0.6346593608671067 0.6338810715514791 0.6331027822358515 0.6323244929202239 0.6315462036045962 0.6307679142889673 0.6299896249733397 0.629211335657712 0.6284330463420844 0.6276547570264568 0.6268764677108292 0.6260981783952015
0.6430314188957011 0.6428137049451335 0.6425959909945657 0.642378277043998 0.6421605630934302 0.6419428491428625 0.6417251351922947 0.641507421241727 0.6412897072911592 0.6410719933405915 0.6408542793900237 0.6406365654394557 0.6404188514888879 0.6402011375383202 0.6399834235877524 0.6397657096371847 0.6395479956866169 0.6393302817360492 0.6391125677854814 0.6388948538349137 0.6386771398843459 0.6384594259337782 0.6382417119832104 0.6380239980326428 0.6378062840820746 0.6375885701315069 0.6373708561809391 0.6371531422303714 0.6369354282798037 0.636717714329236 0.6362185921897504 0.6354186383304451 0.6346186844711399 0.6338187306118347 0.6330187767525294 0.6322188228932242 0.6314188690339189 0.6306189151746122 0.629818961315307 0.6290190074560018 0.6282190535966965 0.6274190997373913 0.626619145878086 0.6258191920187808
0.6430068828266018 0.642790444753524 0.6425740066804462 0.6423575686073684 0.6421411305342906 0.6419246924612128 0.641708254388135 0.6414918163150571 0.6412753782419792 0.6410589401689014 0.6408425020958236 0.6406260640227455 0.6404096259496677 0.6401931878765899 0.639976749803512 0.6397603117304342 0.6395438736573564 0.6393274355842786 0.6391109975112008 0.6388945594381229 0.6386781213650451 0.6384616832919673 0.6382452452188895 0.6380288071458117 0.6378123690727335 0.6375959309996557 0.6373794929265779 0.6371630548535001 0.6369466167804223 0.6367301787073444 0.6362212448811387 0.6353996264781558 0.634578008075173 0.6337563896721901 0.6329347712692072 0.6321131528662243 0.6312915344632414 0.630469916060257 0.6296482976572741 0.6288266792542913 0.6280050608513084 0.6271834424483255 0.6263618240453426 0.6255402056423597
0.6429823467575027 0.6427671845619147 0.6425520223663268 0.642336860170739 0.6421216979751511 0.6419065357795631 0.6416913735839753 0.6414762113883874 0.6412610491927995 0.6410458869972117 0.6408307248016237 0.6406155626060355 0.6404004004104475 0.6401852382148596 0.6399700760192718 0.6397549138236839 0.639539751628096 0.6393245894325081 0.6391094272369202 0.6388942650413323 0.6386791028457445 0.6384639406501565 0.6382487784545686 0.6380336162589808 0.6378184540633925 0.6376032918678046 0.6373881296722167 0.6371729674766289 0.636957805281041 0.636742643085453 0.6362238975725273 0.6353806146258667 0.6345373316792062 0.6336940487325456 0.6328507657858852 0.6320074828392246 0.631164199892564 0.6303209169459021 0.6294776339992415 0.628634351052581 0.6277910681059204 0.62694778515926 0.6261045022125994 0.6252612192659389
0.6429612594018791 0.6427475914163023 0.6425339234307256 0.6423202554451487 0.6421065874595719 0.6418929194739952 0.6416792514884184 0.6414655835028417 0.6412519155172648 0.641038247531688 0.6408245795461113 0.6406109115605342 0.6403972435749573 0.6401835755893805 0.6399699076038038 0.639756239618227 0.6395425716326503 0.6393289036470734 0.6391152356614966 0.6389015676759199 0.6386878996903431 0.6384742317047664 0.6382605637191895 0.6380468957336127 0.6378332277480356 0.6376195597624589 0.637405891776882 0.6371922237913052 0.6369785558057285 0.6367648878201517 0.6362448875535313 0.6353974111487891 0.634549934744047 0.6337024583393048 0.6328549819345627 0.6320075055298205 0.6311600291250784 0.6303125527203348 0.6294650763155927 0.6286175999108505 0.6277701235061084 0.6269226471013662 0.6260751706966241 0.625227694291882
0.6429438585035792 0.6427319181117165 0.6425199777198539 0.6423080373279912 0.6420960969361286 0.6418841565442659 0.6416722161524032 0.6414602757605407 0.641248335368678 0.6410363949768153 0.6408244545849526 0.6406125141930896 0.640400573801227 0.6401886334093644 0.6399766930175017 0.639764752625639 0.6395528122337764 0.6393408718419137 0.6391289314500511 0.6389169910581884 0.6387050506663258 0.6384931102744631 0.6382811698826004 0.6380692294907379 0.6378572890988748 0.6376453487070122 0.6374334083151495 0.6372214679232868 0.6370095275314241 0.6367975871395616 0.6362854789412831 0.6354524845677095 0.6346194901941359 0.6337864958205623 0.6329535014469888 0.6321205070734152 0.6312875126998416 0.6304545183262665 0.629621523952693 0.6287885295791195 0.6279555352055458 0.6271225408319723 0.6262895464583986 0.6254565520848251
0.6429264576052791 0.6427162448071306 0.642506032008982 0.6422958192108336 0.6420856064126851 0.6418753936145365 0.641665180816388 0.6414549680182395 0.641244755220091 0.6410345424219425 0.640824329623794 0.6406141168256451 0.6404039040274966 0.640193691229348 0.6399834784311995 0.639773265633051 0.6395630528349024 0.639352840036754 0.6391426272386055 0.6389324144404569 0.6387222016423084 0.6385119888441599 0.6383017760460113 0.6380915632478629 0.637881350449714 0.6376711376515655 0.637460924853417 0.6372507120552684 0.6370404992571199 0.6368302864589714 0.6363260703290349 0.6355075579866298 0.6346890456442249 0.6338705333018199 0.6330520209594148 0.6322335086170098 0.6314149962746047 0.6305964839321984 0.6297779715897933 0.6289594592473883 0.6281409469049832 0.6273224345625783 0.6265039222201733 0.6256854098777682
0.6429090567069792 0.6427005715025448 0.6424920862981104 0.642283601093676 0.6420751158892416 0.6418666306848073 0.6416581454803729 0.6414496602759385 0.6412411750715041 0.6410326898670697 0.6408242046626353 0.6406157194582006 0.6404072342537662 0.6401987490493318 0.6399902638448974 0.639781778640463 0.6395732934360286 0.6393648082315943 0.6391563230271599 0.6389478378227255 0.6387393526182911 0.6385308674138567 0.6383223822094223 0.6381138970049879 0.6379054118005532 0.6376969265961188 0.6374884413916844 0.63727995618725 0.6370714709828157 0.6368629857783813 0.6363666617167867 0.6355626314055502 0.6347586010943138 0.6339545707830774 0.6331505404718408 0.6323465101606044 0.631542479849368 0.6307384495381301 0.6299344192268936 0.6291303889156572 0.6283263586044208 0.6275223282931842 0.6267182979819478 0.6259142676707113
0.6428916558086791 0.6426848981979589 0.6424781405872386 0.6422713829765184 0.6420646253657981 0.6418578677550779 0.6416511101443576 0.6414443525336374 0.6412375949229171 0.6410308373121969 0.6408240797014766 0.6406173220907561 0.6404105644800357 0.6402038068693156 0.6399970492585952 0.639790291647875 0.6395835340371547 0.6393767764264345 0.6391700188157142 0.638963261204994 0.6387565035942737 0.6385497459835535 0.6383429883728332 0.638136230762113 0.6379294731513924 0.6377227155406722 0.6375159579299519 0.6373092003192317 0.6371024427085114 0.6368956850977912 0.6364072531045385 0.6356177048244707 0.6348281565444027 0.6340386082643348 0.633249059984267 0.632459511704199 0.6316699634241311 0.6308804151440619 0.630090866863994 0.629301318583926 0.6285117703038582 0.6277222220237902 0.6269326737437223 0.6261431254636545
0.6428742549103791 0.642669224893373 0.6424641948763669 0.6422591648593607 0.6420541348423546 0.6418491048253485 0.6416440748083424 0.6414390447913363 0.6412340147743302 0.6410289847573241 0.640823954740318 0.6406189247233115 0.6404138947063054 0.6402088646892993 0.6400038346722932 0.639798804655287 0.6395937746382809 0.6393887446212748 0.6391837146042687 0.6389786845872626 0.6387736545702565 0.6385686245532504 0.6383635945362442 0.6381585645192381 0.6379535345022317 0.6377485044852256 0.6375434744682195 0.6373384444512133 0.6371334144342072 0.636928384417201 0.6364478444922904 0.6356727782433911 0.6348977119944917 0.6341226457455924 0.6333475794966931 0.6325725132477937 0.6317974469988944 0.6310223807499937 0.6302473145010944 0.6294722482521952 0.6286971820032958 0.6279221157543965 0.6271470495054972 0.6263719832565978
0.6428568540120791 0.6426535515887872 0.6424502491654952 0.6422469467422033 0.6420436443189113 0.6418403418956192 0.6416370394723273 0.6414337370490353 0.6412304346257434 0.6410271322024513 0.6408238297791593 0.640620527355867 0.640417224932575 0.640213922509283 0.6400106200859911 0.639807317662699 0.6396040152394071 0.6394007128161151 0.6391974103928231 0.6389941079695312 0.6387908055462391 0.6385875031229471 0.6383842006996552 0.6381808982763632 0.6379775958530709 0.6377742934297789 0.6375709910064868 0.6373676885831949 0.6371643861599029 0.6369610837366109 0.6364884358800422 0.6357278516623115 0.6349672674445807 0.6342066832268499 0.6334460990091192 0.6326855147913883 0.6319249305736576 0.6311643463559256 0.6304037621381947 0.629643177920464 0.6288825937027333 0.6281220094850024 0.6273614252672717 0.626600841049541
0.6428394531137792 0.6426378782842013 0.6424363034546234 0.6422347286250456 0.6420331537954678 0.6418315789658899 0.6416300041363121 0.6414284293067342 0.6412268544771563 0.6410252796475785 0.6408237048180007 0.6406221299884225 0.6404205551588446 0.6402189803292667 0.6400174054996889 0.639815830670111 0.6396142558405332 0.6394126810109554 0.6392111061813774 0.6390095313517996 0.6388079565222218 0.6386063816926439 0.6384048068630661 0.6382032320334883 0.63800165720391 0.6378000823743322 0.6375985075447543 0.6373969327151765 0.6371953578855987 0.6369937830560207 0.636529027267794 0.6357829250812318 0.6350368228946697 0.6342907207081074 0.6335446185215452 0.632798516334983 0.6320524141484207 0.6313063119618573 0.630560209775295 0.6298141075887329 0.6290680054021707 0.6283219032156084 0.6275758010290462 0.6268296988424841
0.6428220522154793 0.6426222049796155 0.6424223577437518 0.642222510507888 0.6420226632720244 0.6418228160361606 0.6416229688002969 0.6414231215644332 0.6412232743285695 0.6410234270927058 0.640823579856842 0.6406237326209779 0.6404238853851142 0.6402240381492506 0.6400241909133868 0.639824343677523 0.6396244964416593 0.6394246492057957 0.6392248019699319 0.6390249547340682 0.6388251074982044 0.6386252602623408 0.638425413026477 0.6382255657906133 0.6380257185547492 0.6378258713188855 0.6376260240830218 0.6374261768471581 0.6372263296112943 0.6370264823754306 0.6365696186555458 0.6358379985001522 0.6351063783447586 0.6343747581893648 0.6336431380339712 0.6329115178785776 0.632179897723184 0.6314482775677891 0.6307166574123954 0.6299850372570017 0.6292534171016081 0.6285217969462145 0.6277901767908208 0.6270585566354272
0.6428046513171792 0.6426065316750296 0.64240841203288 0.6422102923907305 0.6420121727485809 0.6418140531064312 0.6416159334642817 0.6414178138221321 0.6412196941799825 0.6410215745378329 0.6408234548956834 0.6406253352535334 0.6404272156113838 0.6402290959692343 0.6400309763270847 0.6398328566849351 0.6396347370427855 0.639436617400636 0.6392384977584864 0.6390403781163367 0.6388422584741872 0.6386441388320376 0.638446019189888 0.6382478995477384 0.6380497799055885 0.6378516602634389 0.6376535406212893 0.6374554209791398 0.6372573013369902 0.6370591816948405 0.6366102100432978 0.6358930719190726 0.6351759337948476 0.6344587956706225 0.6337416575463974 0.6330245194221723 0.6323073812979472 0.6315902431737209 0.6308731050494958 0.6301559669252706 0.6294388288010456 0.6287216906768205 0.6280045525525955 0.6272874144283703
0.6427872504188793 0.6425908583704438 0.6423944663220084 0.6421980742735729 0.6420016822251374 0.641805290176702 0.6416088981282665 0.6414125060798311 0.6412161140313957 0.6410197219829602 0.6408233299345247 0.6406269378860889 0.6404305458376535 0.640234153789218 0.6400377617407825 0.6398413696923472 0.6396449776439117 0.6394485855954762 0.6392521935470408 0.6390558014986053 0.6388594094501698 0.6386630174017344 0.6384666253532989 0.6382702333048635 0.6380738412564277 0.6378774492079923 0.6376810571595568 0.6374846651111213 0.6372882730626859 0.6370918810142504 0.6366508014310496 0.635948145337993 0.6352454892449365 0.63454283315188 0.6338401770588235 0.6331375209657669 0.6324348648727104 0.6317322087796526 0.6310295526865961 0.6303268965935396 0.629624240500483 0.6289215844074265 0.62821892831437 0.6275162722213135
0.6427698495205793 0.6425751850658579 0.6423805206111366 0.6421858561564153 0.6419911917016939 0.6417965272469727 0.6416018627922513 0.64140719833753 0.6412125338828086 0.6410178694280874 0.640823204973366 0.6406285405186444 0.6404338760639231 0.6402392116092017 0.6400445471544804 0.6398498826997591 0.6396552182450378 0.6394605537903164 0.6392658893355951 0.6390712248808739 0.6388765604261525 0.6386818959714312 0.6384872315167098 0.6382925670619886 0.6380979026072668 0.6379032381525456 0.6377085736978243 0.6375139092431029 0.6373192447883816 0.6371245803336603 0.6366913928188014 0.6360032187569135 0.6353150446950254 0.6346268706331375 0.6339386965712496 0.6332505225093615 0.6325623484474736 0.6318741743855845 0.6311860003236965 0.6304978262618086 0.6298096521999206 0.6291214781380327 0.6284333040761447 0.6277451300142567
