Figures/CREST_Example_wjb_NSE/PETs/wjb.pet.20090825.asc
ncols            288
nrows            254
xllcorner        113.274861
yllcorner        31.4918055
cellsize         0.008333333333
NODATA_value     -9999
[rows 100 to 119 of 254, columns 132 to 175 of 288]
3.389649542004681 3.389518957028426 3.389388372052171 3.389257787075916 3.3891272020996612 3.3889966171234063 3.3888660321471513 3.3887354471708964 3.3886048621946414 3.388474277218386 3.388343692242131 3.388213107265876 3.388082522289621 3.387951937313366 3.387821352337111 3.387690767360856 3.387560182384601 3.387429597408346 3.387299012432091 3.387168427455836 3.387037842479581 3.386907257503326 3.386776672527071 3.386646087550816 3.386515502574561 3.386384917598306 3.386254332622051 3.386123747645796 3.385993162669541 3.3858625776932856 3.3865519575231615 3.3881178982795994 3.3896838390360373 3.391249779792475 3.392815720548913 3.394381661305351 3.395947602061789 3.3975135428182295 3.3990794835746674 3.4006454243311053 3.402211365087543 3.403777305843981 3.405343246600419 3.406909187356857
3.3937703070025416 3.39372387567742 3.3936774443522983 3.393631013027177 3.3935845817020556 3.393538150376934 3.393491719051813 3.393445287726691 3.3933988564015696 3.3933524250764484 3.393305993751327 3.393259562426205 3.393213131101084 3.3931666997759624 3.393120268450841 3.3930738371257196 3.393027405800598 3.3929809744754764 3.3929345431503553 3.3928881118252336 3.392841680500112 3.392795249174991 3.3927488178498693 3.3927023865247476 3.392655955199626 3.392609523874505 3.3925630925493833 3.3925166612242617 3.3924702298991405 3.392423798574019 3.39318134835663 3.3947983721306403 3.3964153959046506 3.3980324196786613 3.3996494434526716 3.401266467226682 3.4028834910006927 3.4045005147747056 3.406117538548716 3.4077345623227266 3.409351586096737 3.4109686098707472 3.412585633644758 3.4142026574187683
3.397891072000401 3.3979287943264134 3.3979665166524256 3.3980042389784377 3.3980419613044495 3.3980796836304616 3.398117405956474 3.398155128282486 3.398192850608498 3.39823057293451 3.398268295260522 3.3983060175865343 3.3983437399125465 3.3983814622385586 3.398419184564571 3.3984569068905826 3.3984946292165947 3.398532351542607 3.398570073868619 3.398607796194631 3.398645518520643 3.398683240846655 3.3987209631726674 3.3987586854986795 3.3987964078246917 3.3988341301507035 3.3988718524767156 3.398909574802728 3.39894729712874 3.398985019454752 3.399810739190098 3.401478845981681 3.403146952773264 3.404815059564847 3.40648316635643 3.408151273148013 3.409819379939596 3.4114874867311817 3.413155593522765 3.4148237003143476 3.4164918071059307 3.418159913897514 3.4198280206890965 3.4214961274806797
3.4020118369982617 3.4021337129754072 3.4022555889525528 3.4023774649296983 3.4024993409068442 3.4026212168839898 3.4027430928611353 3.402864968838281 3.4029868448154263 3.4031087207925723 3.403230596769718 3.403352472746864 3.4034743487240093 3.403596224701155 3.4037181006783004 3.403839976655446 3.403961852632592 3.4040837286097374 3.404205604586883 3.4043274805640285 3.4044493565411744 3.40457123251832 3.4046931084954655 3.404814984472611 3.404936860449757 3.4050587364269025 3.405180612404048 3.405302488381194 3.4054243643583395 3.405546240335485 3.4064401300235665 3.408159319832722 3.4098785096418776 3.411597699451033 3.4133168892601886 3.415036079069344 3.4167552688784997 3.418474458687658 3.4201936484968134 3.421912838305969 3.4236320281151245 3.42535121792428 3.4270704077334355 3.428789597542591
3.4061326019961213 3.4063386316244006 3.4065446612526795 3.406750690880959 3.406956720509238 3.407162750137517 3.4073687797657963 3.4075748093940756 3.4077808390223545 3.407986868650634 3.408192898278913 3.4083989279071925 3.4086049575354718 3.4088109871637506 3.40901701679203 3.4092230464203093 3.409429076048588 3.4096351056768675 3.4098411353051468 3.4100471649334256 3.410253194561705 3.4104592241899843 3.410665253818263 3.4108712834465424 3.4110773130748218 3.411283342703101 3.4114893723313804 3.4116954019596593 3.4119014315879386 3.412107461216218 3.413069520857034 3.414839793683762 3.4166100665104904 3.4183803393372183 3.4201506121639467 3.4219208849906746 3.4236911578174025 3.425461430644134 3.427231703470862 3.42900197629759 3.430772249124318 3.432542521951046 3.4343127947777745 3.4360830676045024
3.4102533669939854 3.410543550273398 3.4108337335528107 3.4111239168322234 3.4114141001116365 3.411704283391049 3.411994466670462 3.4122846499498745 3.4125748332292876 3.4128650165087002 3.413155199788113 3.413445383067526 3.413735566346939 3.4140257496263517 3.4143159329057644 3.414606116185177 3.41489629946459 3.415186482744003 3.4154766660234155 3.415766849302828 3.4160570325822412 3.416347215861654 3.4166373991410666 3.4169275824204792 3.4172177656998928 3.4175079489793054 3.417798132258718 3.4180883155381308 3.418378498817544 3.4186686820969565 3.4196989116905083 3.4215202675348086 3.4233416233791094 3.42516297922341 3.426984335067711 3.4288056909120117 3.430627046756312 3.432448402600616 3.4342697584449167 3.4360911142892174 3.437912470133518 3.4397338259778185 3.4415551818221193 3.44337653766642
3.414374131991845 3.4147484689223915 3.415122805852938 3.415497142783484 3.4158714797140304 3.416245816644577 3.416620153575123 3.4169944905056693 3.4173688274362157 3.4177431643667617 3.418117501297308 3.418491838227855 3.4188661751584015 3.419240512088948 3.419614849019494 3.4199891859500404 3.420363522880587 3.4207378598111333 3.4211121967416793 3.4214865336722258 3.421860870602772 3.4222352075333182 3.4226095444638647 3.422983881394411 3.423358218324958 3.4237325552555045 3.4241068921860505 3.424481229116597 3.4248555660471434 3.4252299029776894 3.4263283025239764 3.4282007413858495 3.4300731802477227 3.4319456191095963 3.4338180579714694 3.4356904968333426 3.4375629356952158 3.439435374557092 3.4413078134189656 3.443180252280839 3.445052691142712 3.446925130004585 3.4487975688664583 3.4506700077283314
3.418494896989705 3.418953387571385 3.4194118781530647 3.4198703687347445 3.4203288593164243 3.420787349898104 3.4212458404797843 3.421704331061464 3.422162821643144 3.4226213122248237 3.4230798028065035 3.423538293388184 3.423996783969864 3.424455274551544 3.424913765133224 3.425372255714904 3.4258307462965836 3.4262892368782634 3.426747727459943 3.4272062180416234 3.427664708623303 3.428123199204983 3.428581689786663 3.4290401803683426 3.4294986709500233 3.429957161531703 3.430415652113383 3.430874142695063 3.431332633276743 3.4317911238584227 3.432957693357445 3.4348812152368904 3.4368047371163364 3.438728258995782 3.440651780875228 3.4425753027546735 3.4444988246341195 3.446422346513568 3.448345868393014 3.45026939027246 3.4521929121519057 3.4541164340313517 3.4560399559107973 3.4579634777902433
3.422615661987565 3.4231583062203788 3.423700950453192 3.4242435946860055 3.4247862389188186 3.425328883151632 3.425871527384446 3.426414171617259 3.4269568158500725 3.4274994600828856 3.4280421043156992 3.4285847485485137 3.429127392781327 3.4296700370141404 3.4302126812469536 3.430755325479767 3.4312979697125807 3.431840613945394 3.4323832581782074 3.4329259024110206 3.433468546643834 3.4340111908766477 3.434553835109461 3.4350964793422745 3.435639123575089 3.436181767807902 3.4367244120407157 3.437267056273529 3.4378097005063424 3.4383523447391555 3.439587084190913 3.4415616890879313 3.4435362939849496 3.445510898881968 3.447485503778986 3.4494601086760044 3.451434713573023 3.4534093184700447 3.4553839233670627 3.457358528264081 3.4593331331610995 3.461307738058118 3.4632823429551363 3.4652569478521547
3.426736426985425 3.427363224869372 3.427990022753319 3.428616820637266 3.429243618521213 3.42987041640516 3.430497214289107 3.4311240121730537 3.4317508100570007 3.4323776079409476 3.4330044058248945 3.4336312037088423 3.4342580015927893 3.434884799476736 3.435511597360683 3.43613839524463 3.436765193128577 3.437391991012524 3.438018788896471 3.4386455867804178 3.4392723846643647 3.4398991825483116 3.4405259804322585 3.4411527783162055 3.4417795762001537 3.4424063740841007 3.4430331719680476 3.4436599698519945 3.4442867677359414 3.4449135656198884 3.4462164750243804 3.4482421629389717 3.4502678508535625 3.4522935387681533 3.454319226682744 3.4563449145973353 3.458370602511926 3.4603962904265204 3.462421978341111 3.464447666255702 3.4664733541702932 3.468499042084884 3.470524729999475 3.4725504179140656
3.4308571919832853 3.4315681435183656 3.4322790950534463 3.4329900465885266 3.4337009981236073 3.4344119496586876 3.4351229011937683 3.4358338527288486 3.4365448042639293 3.4372557557990095 3.43796670733409 3.438677658869172 3.439388610404252 3.440099561939333 3.440810513474413 3.4415214650094934 3.442232416544574 3.4429433680796544 3.443654319614735 3.4443652711498154 3.445076222684896 3.4457871742199764 3.446498125755057 3.4472090772901374 3.447920028825219 3.4486309803602997 3.44934193189538 3.4500528834304607 3.450763834965541 3.4514747865006217 3.452845865857849 3.4549226367900125 3.4569994077221757 3.4590761786543394 3.4611529495865025 3.463229720518666 3.46530649145083 3.4673832623829965 3.46946003331516 3.4715368042473234 3.473613575179487 3.47569034611165 3.477767117043814 3.4798438879759774
3.4349779569811485 3.435773062167363 3.436568167353577 3.437363272539791 3.438158377726005 3.4389534829122193 3.4397485880984333 3.4405436932846474 3.4413387984708614 3.4421339036570755 3.4429290088432896 3.443724114029505 3.444519219215719 3.4453143244019335 3.4461094295881476 3.4469045347743617 3.4476996399605757 3.4484947451467898 3.449289850333004 3.450084955519218 3.450880060705432 3.451675165891646 3.45247027107786 3.453265376264074 3.45406048145029 3.454855586636504 3.455650691822718 3.456445797008932 3.4572409021951462 3.4580360073813603 3.4594752566913227 3.461603110641059 3.463730964590795 3.4658588185405312 3.4679866724902673 3.4701145264400033 3.4722423803897393 3.474370234339479 3.476498088289215 3.478625942238951 3.480753796188687 3.482881650138423 3.485009504088159 3.487137358037895
3.439098721979009 3.4399779808163564 3.4408572396537043 3.4417364984910517 3.4426157573283995 3.443495016165747 3.444374275003095 3.445253533840442 3.44613279267779 3.4470120515151375 3.4478913103524853 3.4487705691898345 3.449649828027182 3.4505290868645297 3.451408345701877 3.452287604539225 3.4531668633765724 3.4540461222139203 3.4549253810512677 3.4558046398886155 3.456683898725963 3.457563157563311 3.4584424164006586 3.459321675238006 3.4602009340753552 3.4610801929127026 3.4619594517500505 3.462838710587398 3.4637179694247457 3.464597228262093 3.466104647524791 3.4682835844920996 3.4704625214594085 3.472641458426717 3.4748203953940258 3.476999332361334 3.4791782693286426 3.481357206295955 3.4835361432632634 3.4857150802305723 3.4878940171978807 3.4900729541651896 3.492251891132498 3.4944308280998064
3.4432194869768686 3.44418289946535 3.445146311953831 3.4461097244423122 3.4470731369307934 3.4480365494192746 3.448999961907756 3.449963374396237 3.450926786884718 3.4518901993731994 3.4528536118616806 3.4538170243501636 3.4547804368386448 3.455743849327126 3.456707261815607 3.4576706743040884 3.4586340867925696 3.4595974992810508 3.460560911769532 3.461524324258013 3.4624877367464943 3.463451149234975 3.4644145617234563 3.4653779742119375 3.4663413867004205 3.4673047991889017 3.468268211677383 3.469231624165864 3.4701950366543453 3.4711584491428265 3.4727340383582592 3.4749640583431405 3.4771940783280217 3.479424098312903 3.481654118297784 3.483884138282665 3.4861141582675463 3.488344178252431 3.4905741982373124 3.4928042182221932 3.4950342382070745 3.4972642581919557 3.4994942781768366 3.501724298161718
3.4473402519747287 3.4483878181143433 3.4494353842539582 3.450482950393573 3.4515305165331878 3.4525780826728023 3.453625648812417 3.454673214952032 3.4557207810916464 3.4567683472312614 3.457815913370876 3.4588634795104927 3.459911045650107 3.4609586117897218 3.4620061779293367 3.4630537440689513 3.4641013102085663 3.465148876348181 3.466196442487796 3.4672440086274103 3.4682915747670253 3.46933914090664 3.4703867070462544 3.4714342731858694 3.4724818393254857 3.4735294054651007 3.4745769716047152 3.4756245377443302 3.4766721038839448 3.4777196700235593 3.4793634291917277 3.4816445321941814 3.483925635196635 3.4862067381990887 3.4884878412015423 3.490768944203996 3.4930500472064496 3.4953311502089073 3.497612253211361 3.4998933562138146 3.5021744592162682 3.504455562218722 3.5067366652211756 3.509017768223629
3.451461016972589 3.452592736763337 3.4537244565540854 3.4548561763448338 3.455987896135582 3.45711961592633 3.4582513357170783 3.4593830555078267 3.460514775298575 3.4616464950893233 3.4627782148800716 3.4639099346708218 3.46504165446157 3.466173374252318 3.4673050940430663 3.4684368138338146 3.469568533624563 3.4707002534153113 3.4718319732060596 3.4729636929968075 3.474095412787556 3.475227132578304 3.4763588523690525 3.477490572159801 3.478622291950551 3.4797540117412993 3.480885731532047 3.4820174513227955 3.483149171113544 3.484280890904292 3.4859928200251953 3.4883250060452218 3.490657192065248 3.4929893780852743 3.4953215641053004 3.497653750125327 3.499985936145353 3.502318122165383 3.5046503081854095 3.5069824942054355 3.509314680225462 3.511646866245488 3.5139790522655145 3.5163112382855406
3.455581781970449 3.4567976554123305 3.458013528854212 3.4592294022960943 3.460445275737976 3.4616611491798577 3.4628770226217394 3.4640928960636215 3.465308769505503 3.466524642947385 3.467740516389267 3.468956389831151 3.4701722632730325 3.471388136714914 3.472604010156796 3.473819883598678 3.4750357570405597 3.4762516304824413 3.4774675039243235 3.478683377366205 3.479899250808087 3.4811151242499685 3.4823309976918506 3.4835468711337323 3.484762744575616 3.485978618017498 3.48719449145938 3.4884103649012617 3.4896262383431433 3.490842111785025 3.4926222108586638 3.4950054798962626 3.497388748933861 3.49977201797146 3.502155287009059 3.5045385560466578 3.5069218250842566 3.5093050941218595 3.511688363159458 3.514071632197057 3.5164549012346558 3.5188381702722547 3.5212214393098535 3.523604708347452
3.459702546968309 3.4610025740613244 3.46230260115434 3.463602628247355 3.4649026553403703 3.466202682433386 3.467502709526401 3.4688027366194163 3.4701027637124318 3.4714027908054472 3.4727028178984622 3.47400284499148 3.4753028720844954 3.4766028991775104 3.477902926270526 3.4792029533635414 3.480502980456557 3.481803007549572 3.4831030346425873 3.4844030617356028 3.4857030888286182 3.4870031159216333 3.4883031430146487 3.489603170107664 3.4909031972006814 3.492203224293697 3.4935032513867124 3.494803278479728 3.496103305572743 3.4974033326657583 3.499251601692132 3.501685953747303 3.504120305802475 3.506554657857646 3.5089890099128174 3.5114233619679887 3.51385771402316 3.5162920660783357 3.518726418133507 3.5211607701886782 3.5235951222438495 3.526029474299021 3.528463826354192 3.530898178409364
3.4642354807789753 3.465584060123863 3.4669326394687507 3.4682812188136385 3.4696297981585262 3.4709783775034144 3.472326956848302 3.47367553619319 3.4750241155380777 3.4763726948829654 3.477721274227853 3.479069853572743 3.480418432917631 3.4817670122625186 3.4831155916074064 3.484464170952294 3.485812750297182 3.4871613296420696 3.4885099089869573 3.489858488331845 3.491207067676733 3.4925556470216206 3.4939042263665083 3.495252805711396 3.496601385056286 3.4979499644011742 3.499298543746062 3.5006471230909497 3.5019957024358375 3.503344281780725 3.5052106674690586 3.5076305998520754 3.510050532235092 3.512470464618109 3.5148903970011256 3.5173103293841423 3.519730261767159 3.52215019415018 3.5245701265331966 3.5269900589162133 3.52940999129923 3.531829923682247 3.5342498560652635 3.5366697884482803
3.4692089970661235 3.470568073011496 3.4719271489568686 3.473286224902241 3.474645300847614 3.4760043767929867 3.4773634527383592 3.4787225286837318 3.4800816046291043 3.481440680574477 3.4827997565198494 3.4841588324652246 3.485517908410597 3.4868769843559697 3.4882360603013423 3.489595136246715 3.4909542121920873 3.49231328813746 3.4936723640828324 3.4950314400282054 3.496390515973578 3.4977495919189505 3.499108667864323 3.5004677438096956 3.5018268197550704 3.503185895700443 3.504544971645816 3.5059040475911885 3.507263123536561 3.5086221994819335 3.5104531980199023 3.512788692484939 3.515124186949976 3.5174596814150125 3.5197951758800494 3.522130670345086 3.5244661648101228 3.526801659275163 3.5291371537402 3.531472648205237 3.5338081426702734 3.5361436371353103 3.5384791316003468 3.5408146260653837
