Figures/CREST_Example_wjb_NSE/PETs/wjb.pet.20090104.asc
ncols            288
nrows            254
xllcorner        113.274861
yllcorner        31.4918055
cellsize         0.008333333333
NODATA_value     -9999
[rows 76 to 94 of 254, columns 132 to 175 of 288]
0.611445539340261 0.6111382191951413 0.6108308990500217 0.6105235789049022 0.6102162587597826 0.609908938614663 0.6096016184695433 0.6092942983244237 0.6089869781793041 0.6086796580341846 0.608372337889065 0.6080650177439448 0.6077576975988253 0.6074503774537057 0.607143057308586 0.6068357371634664 0.6065284170183468 0.6062210968732272 0.6059137767281076 0.605606456582988 0.6052991364378684 0.6049918162927488 0.6046844961476292 0.6043771760025096 0.6040698558573895 0.6037625357122699 0.6034552155671502 0.6031478954220306 0.602840575276911 0.6025332551317915 0.602511838311475 0.6027960586129265 0.6030802789143779 0.6033644992158294 0.6036487195172807 0.6039329398187322 0.6042171601201836 0.6045013804216355 0.6047856007230868 0.6050698210245383 0.6053540413259897 0.6056382616274412 0.6059224819288925 0.606206702230344
0.6111763301145292 0.6108754940195267 0.6105746579245243 0.6102738218295217 0.6099729857345192 0.6096721496395168 0.6093713135445142 0.6090704774495117 0.6087696413545093 0.6084688052595068 0.6081679691645042 0.6078671330695012 0.6075662969744987 0.6072654608794963 0.6069646247844938 0.6066637886894913 0.6063629525944888 0.6060621164994863 0.6057612804044838 0.6054604443094813 0.6051596082144788 0.6048587721194764 0.6045579360244738 0.6042570999294713 0.6039562638344683 0.6036554277394658 0.6033545916444634 0.6030537555494608 0.6027529194544583 0.6024520833594559 0.6024397399972404 0.6027358018925038 0.6030318637877671 0.6033279256830303 0.6036239875782936 0.6039200494735569 0.6042161113688203 0.604512173264084 0.6048082351593473 0.6051042970546107 0.6054003589498739 0.6056964208451372 0.6059924827404005 0.6062885446356638
0.6109071208887973 0.6106127688439119 0.6103184167990265 0.6100240647541412 0.6097297127092558 0.6094353606643704 0.6091410086194851 0.6088466565745997 0.6085523045297143 0.608257952484829 0.6079636004399435 0.6076692483950576 0.6073748963501723 0.6070805443052869 0.6067861922604015 0.606491840215516 0.6061974881706307 0.6059031361257453 0.6056087840808599 0.6053144320359746 0.6050200799910892 0.6047257279462038 0.6044313759013185 0.6041370238564331 0.6038426718115472 0.6035483197666618 0.6032539677217764 0.602959615676891 0.6026652636320057 0.6023709115871202 0.6023676416830058 0.602675545172081 0.6029834486611562 0.6032913521502313 0.6035992556393065 0.6039071591283817 0.6042150626174568 0.6045229661065326 0.6048308695956077 0.6051387730846829 0.6054466765737581 0.6057545800628332 0.6060624835519084 0.6063703870409836
0.6106379116630654 0.610350043668297 0.6100621756735288 0.6097743076787605 0.6094864396839923 0.609198571689224 0.6089107036944558 0.6086228356996874 0.6083349677049192 0.6080470997101509 0.6077592317153826 0.6074713637206138 0.6071834957258456 0.6068956277310773 0.6066077597363091 0.6063198917415408 0.6060320237467726 0.6057441557520042 0.605456287757236 0.6051684197624677 0.6048805517676995 0.6045926837729312 0.604304815778163 0.6040169477833947 0.6037290797886259 0.6034412117938576 0.6031533437990894 0.602865475804321 0.6025776078095528 0.6022897398147845 0.602295543368771 0.6026152884516581 0.6029350335345451 0.6032547786174322 0.6035745237003193 0.6038942687832063 0.6042140138660934 0.604533758948981 0.6048535040318681 0.6051732491147551 0.6054929941976422 0.6058127392805293 0.6061324843634163 0.6064522294463034
0.6103687024373334 0.6100873184926823 0.6098059345480311 0.60952455060338 0.6092431666587289 0.6089617827140777 0.6086803987694266 0.6083990148247754 0.6081176308801243 0.6078362469354731 0.607554862990822 0.6072734790461704 0.6069920951015192 0.606710711156868 0.6064293272122169 0.6061479432675657 0.6058665593229146 0.6055851753782634 0.6053037914336122 0.6050224074889611 0.6047410235443099 0.6044596395996588 0.6041782556550076 0.6038968717103564 0.6036154877657048 0.6033341038210537 0.6030527198764025 0.6027713359317514 0.6024899519871002 0.602208568042449 0.6022234450545365 0.6025550317312354 0.6028866184079343 0.6032182050846333 0.6035497917613323 0.6038813784380311 0.6042129651147301 0.6045445517914296 0.6048761384681286 0.6052077251448275 0.6055393118215264 0.6058708984982254 0.6062024851749244 0.6065340718516232
0.6100994932116017 0.6098245933170676 0.6095496934225336 0.6092747935279995 0.6089998936334655 0.6087249937389315 0.6084500938443974 0.6081751939498634 0.6079002940553293 0.6076253941607953 0.6073504942662612 0.6070755943717268 0.6068006944771926 0.6065257945826587 0.6062508946881247 0.6059759947935905 0.6057010948990565 0.6054261950045224 0.6051512951099884 0.6048763952154543 0.6046014953209203 0.6043265954263863 0.6040516955318522 0.6037767956373182 0.6035018957427837 0.6032269958482497 0.6029520959537156 0.6026771960591816 0.6024022961646475 0.6021273962701135 0.6021513467403018 0.6024947750108126 0.6028382032813234 0.6031816315518342 0.6035250598223451 0.6038684880928559 0.6042119163633667 0.6045553446338782 0.604898772904389 0.6052422011748998 0.6055856294454106 0.6059290577159214 0.6062724859864322 0.6066159142569431
0.6098302839858699 0.609561868141453 0.609293452297036 0.6090250364526191 0.6087566206082022 0.6084882047637853 0.6082197889193683 0.6079513730749514 0.6076829572305344 0.6074145413861175 0.6071461255417006 0.6068777096972832 0.6066092938528662 0.6063408780084493 0.6060724621640323 0.6058040463196154 0.6055356304751985 0.6052672146307816 0.6049987987863646 0.6047303829419477 0.6044619670975308 0.6041935512531138 0.6039251354086969 0.6036567195642799 0.6033883037198625 0.6031198878754456 0.6028514720310286 0.6025830561866117 0.6023146403421948 0.6020462244977779 0.6020792484260672 0.6024345182903899 0.6027897881547125 0.6031450580190353 0.603500327883358 0.6038555977476806 0.6042108676120034 0.6045661374763266 0.6049214073406494 0.605276677204972 0.6056319470692947 0.6059872169336175 0.6063424867979401 0.6066977566622628
0.6095610747601381 0.6092991429658382 0.6090372111715384 0.6087752793772386 0.6085133475829387 0.608251415788639 0.6079894839943392 0.6077275522000393 0.6074656204057395 0.6072036886114397 0.6069417568171398 0.6066798250228396 0.6064178932285397 0.6061559614342399 0.6058940296399401 0.6056320978456402 0.6053701660513404 0.6051082342570406 0.6048463024627407 0.604584370668441 0.6043224388741412 0.6040605070798413 0.6037985752855415 0.6035366434912417 0.6032747116969414 0.6030127799026416 0.6027508481083417 0.6024889163140419 0.6022269845197421 0.6019650527254422 0.6020071501118325 0.6023742615699671 0.6027413730281017 0.6031084844862362 0.6034755959443708 0.6038427074025053 0.60420981886064 0.6045769303187751 0.6049440417769097 0.6053111532350443 0.6056782646931789 0.6060453761513135 0.606412487609448 0.6067795990675826
0.6092918655344063 0.6090364177902235 0.6087809700460408 0.6085255223018582 0.6082700745576755 0.6080146268134927 0.60775917906931 0.6075037313251272 0.6072482835809445 0.6069928358367619 0.6067373880925792 0.606481940348396 0.6062264926042132 0.6059710448600305 0.6057155971158479 0.6054601493716651 0.6052047016274824 0.6049492538832997 0.6046938061391169 0.6044383583949342 0.6041829106507516 0.6039274629065688 0.6036720151623861 0.6034165674182034 0.6031611196740202 0.6029056719298376 0.6026502241856548 0.6023947764414721 0.6021393286972894 0.6018838809531066 0.6019350517975979 0.6023140048495443 0.6026929579014908 0.6030719109534373 0.6034508640053837 0.6038298170573301 0.6042087701092765 0.6045877231612237 0.6049666762131701 0.6053456292651166 0.605724582317063 0.6061035353690095 0.606482488420956 0.6068614414729024
0.6090226563086744 0.6087736926146087 0.6085247289205431 0.6082757652264775 0.608026801532412 0.6077778378383463 0.6075288741442807 0.6072799104502151 0.6070309467561495 0.6067819830620839 0.6065330193680183 0.6062840556739523 0.6060350919798867 0.6057861282858211 0.6055371645917554 0.6052882008976899 0.6050392372036243 0.6047902735095587 0.604541309815493 0.6042923461214275 0.6040433824273619 0.6037944187332963 0.6035454550392306 0.603296491345165 0.603047527651099 0.6027985639570335 0.6025496002629679 0.6023006365689022 0.6020516728748366 0.6018027091807711 0.6018629534833632 0.6022537481291216 0.6026445427748799 0.6030353374206382 0.6034261320663966 0.6038169267121549 0.6042077213579132 0.6045985160036722 0.6049893106494306 0.6053801052951889 0.6057708999409472 0.6061616945867055 0.606552489232464 0.6069432838782223
0.6087534470829424 0.6085109674389939 0.6082684877950455 0.608026008151097 0.6077835285071485 0.6075410488632 0.6072985692192515 0.607056089575303 0.6068136099313546 0.6065711302874061 0.6063286506434575 0.6060861709995087 0.6058436913555602 0.6056012117116116 0.6053587320676632 0.6051162524237147 0.6048737727797662 0.6046312931358178 0.6043888134918692 0.6041463338479207 0.6039038542039723 0.6036613745600238 0.6034188949160753 0.6031764152721268 0.6029339356281779 0.6026914559842294 0.6024489763402809 0.6022064966963324 0.6019640170523839 0.6017215374084355 0.6017908551691286 0.6021934914086988 0.602596127648269 0.6029987638878392 0.6034014001274094 0.6038040363669797 0.6042066726065498 0.6046093088461207 0.605011945085691 0.6054145813252612 0.6058172175648314 0.6062198538044016 0.6066224900439718 0.607025126283542
0.6084842378572106 0.6082482422633793 0.6080122466695479 0.6077762510757165 0.6075402554818852 0.6073042598880538 0.6070682642942223 0.606832268700391 0.6065962731065596 0.6063602775127283 0.6061242819188969 0.6058882863250651 0.6056522907312337 0.6054162951374024 0.605180299543571 0.6049443039497395 0.6047083083559082 0.6044723127620768 0.6042363171682454 0.6040003215744141 0.6037643259805827 0.6035283303867512 0.6032923347929199 0.6030563391990885 0.6028203436052567 0.6025843480114254 0.602348352417594 0.6021123568237626 0.6018763612299313 0.6016403656360999 0.601718756854894 0.602133234688276 0.6025477125216581 0.6029621903550402 0.6033766681884223 0.6037911460218044 0.6042056238551865 0.6046201016885693 0.6050345795219514 0.6054490573553335 0.6058635351887156 0.6062780130220977 0.6066924908554797 0.6071069686888618
0.6087541443315895 0.6085272112431422 0.608300278154695 0.6080733450662477 0.6078464119778004 0.6076194788893532 0.607392545800906 0.6071656127124586 0.6069386796240114 0.6067117465355641 0.6064848134471168 0.6062578803586692 0.6060309472702219 0.6058040141817747 0.6055770810933274 0.6053501480048802 0.6051232149164328 0.6048962818279856 0.6046693487395384 0.6044424156510911 0.6042154825626438 0.6039885494741966 0.6037616163857493 0.603534683297302 0.6033077502088544 0.6030808171204071 0.6028538840319598 0.6026269509435126 0.6024000178550654 0.602173084766618 0.6022547372997977 0.6026662748431566 0.6030778123865155 0.6034893499298744 0.6039008874732332 0.604312425016592 0.6047239625599509 0.6051355001033104 0.6055470376466693 0.6059585751900282 0.606370112733387 0.6067816502767459 0.6071931878201048 0.6076047253634637
0.6096003314990908 0.609385217122141 0.6091701027451912 0.6089549883682414 0.6087398739912916 0.6085247596143418 0.6083096452373921 0.6080945308604423 0.6078794164834924 0.6076643021065427 0.6074491877295929 0.6072340733526427 0.6070189589756929 0.6068038445987431 0.6065887302217934 0.6063736158448436 0.6061585014678937 0.605943387090944 0.6057282727139942 0.6055131583370444 0.6052980439600947 0.6050829295831448 0.604867815206195 0.6046527008292453 0.6044375864522951 0.6042224720753453 0.6040073576983955 0.6037922433214458 0.603577128944496 0.6033620145675461 0.6034407155999252 0.6038335119514129 0.6042263083029005 0.6046191046543882 0.6050119010058758 0.6054046973573635 0.605797493708851 0.6061902900603394 0.606583086411827 0.6069758827633147 0.6073686791148023 0.60776147546629 0.6081542718177776 0.6085470681692653
0.610446518666592 0.6102432230011398 0.6100399273356875 0.6098366316702352 0.6096333360047829 0.6094300403393305 0.6092267446738782 0.6090234490084259 0.6088201533429736 0.6086168576775213 0.608413562012069 0.6082102663466163 0.6080069706811639 0.6078036750157116 0.6076003793502593 0.607397083684807 0.6071937880193548 0.6069904923539025 0.6067871966884502 0.6065839010229979 0.6063806053575456 0.6061773096920932 0.6059740140266409 0.6057707183611886 0.6055674226957359 0.6053641270302836 0.6051608313648313 0.604957535699379 0.6047542400339267 0.6045509443684743 0.6046266939000527 0.6050007490596693 0.6053748042192857 0.6057488593789021 0.6061229145385185 0.6064969696981349 0.6068710248577514 0.6072450800173684 0.6076191351769848 0.6079931903366014 0.6083672454962178 0.6087413006558342 0.6091153558154506 0.609489410975067
0.6112927058340933 0.6111012288801385 0.6109097519261837 0.6107182749722289 0.610526798018274 0.6103353210643192 0.6101438441103644 0.6099523671564095 0.6097608902024546 0.6095694132484998 0.609377936294545 0.6091864593405898 0.608994982386635 0.6088035054326801 0.6086120284787253 0.6084205515247705 0.6082290745708157 0.6080375976168608 0.607846120662906 0.6076546437089512 0.6074631667549963 0.6072716898010415 0.6070802128470867 0.6068887358931319 0.6066972589391767 0.6065057819852219 0.606314305031267 0.6061228280773122 0.6059313511233574 0.6057398741694024 0.6058126722001803 0.6061679861679254 0.6065233001356707 0.6068786141034159 0.6072339280711612 0.6075892420389064 0.6079445560066515 0.6082998699743974 0.6086551839421426 0.6090104979098878 0.6093658118776331 0.6097211258453783 0.6100764398131235 0.6104317537808687
0.6121388930015954 0.611959234759138 0.6117795765166807 0.6115999182742233 0.611420260031766 0.6112406017893086 0.6110609435468513 0.610881285304394 0.6107016270619366 0.6105219688194793 0.6103423105770219 0.6101626523345642 0.6099829940921069 0.6098033358496495 0.6096236776071923 0.6094440193647349 0.6092643611222776 0.6090847028798202 0.6089050446373628 0.6087253863949055 0.6085457281524481 0.6083660699099908 0.6081864116675334 0.6080067534250762 0.6078270951826185 0.6076474369401611 0.6074677786977037 0.6072881204552464 0.607108462212789 0.6069288039703317 0.6069986505003089 0.6073352232761828 0.6076717960520568 0.6080083688279307 0.6083449416038048 0.6086815143796788 0.6090180871555527 0.6093546599314273 0.6096912327073013 0.6100278054831753 0.6103643782590493 0.6107009510349233 0.6110375238107972 0.6113740965866712
0.6129850801690967 0.6128172406381368 0.6126494011071769 0.612481561576217 0.6123137220452571 0.6121458825142974 0.6119780429833375 0.6118102034523776 0.6116423639214177 0.6114745243904578 0.6113066848594979 0.6111388453285378 0.6109710057975779 0.610803166266618 0.6106353267356582 0.6104674872046983 0.6102996476737385 0.6101318081427786 0.6099639686118187 0.6097961290808588 0.609628289549899 0.6094604500189391 0.6092926104879792 0.6091247709570193 0.6089569314260592 0.6087890918950993 0.6086212523641394 0.6084534128331796 0.6082855733022197 0.6081177337712598 0.6081846288004363 0.6085024603844391 0.6088202919684419 0.6091381235524447 0.6094559551364475 0.6097737867204502 0.610091618304453 0.6104094498884562 0.610727281472459 0.6110451130564618 0.6113629446404646 0.6116807762244674 0.6119986078084702 0.6123164393924729
0.613831267336598 0.6136752465171356 0.6135192256976731 0.6133632048782107 0.6132071840587484 0.613051163239286 0.6128951424198236 0.6127391216003611 0.6125831007808988 0.6124270799614364 0.612271059141974 0.6121150383225114 0.6119590175030489 0.6118029966835866 0.6116469758641242 0.6114909550446618 0.6113349342251994 0.611178913405737 0.6110228925862746 0.6108668717668122 0.6107108509473499 0.6105548301278875 0.610398809308425 0.6102427884889626 0.6100867676695 0.6099307468500376 0.6097747260305753 0.6096187052111128 0.6094626843916504 0.6093066635721881 0.6093706071005639 0.6096696974926955 0.609968787884827 0.6102678782769586 0.6105669686690901 0.6108660590612217 0.6111651494533532 0.6114642398454853 0.6117633302376169 0.6120624206297485 0.61236151102188 0.6126606014140116 0.6129596918061431 0.6132587821982747
