Figures/CREST_Example_wjb_NSE/PETs/wjb.pet.20100810.asc
ncols            288
nrows            254
xllcorner        113.274861
yllcorner        31.4918055
cellsize         0.008333333333
NODATA_value     -9999
[rows 100 to 119 of 254, columns 132 to 175 of 288]
3.5986717532886305 3.5984678708120343 3.5982639883354377 3.5980601058588415 3.5978562233822453 3.5976523409056487 3.5974484584290525 3.597244575952456 3.5970406934758596 3.5968368109992634 3.596632928522667 3.59642904604607 3.596225163569474 3.5960212810928778 3.595817398616281 3.595613516139685 3.5954096336630887 3.595205751186492 3.595001868709896 3.5947979862332997 3.594594103756703 3.594390221280107 3.5941863388035107 3.593982456326914 3.5937785738503174 3.593574691373721 3.5933708088971246 3.5931669264205284 3.592963043943932 3.5927591614673355 3.5941163878817215 3.597142475015143 3.600168562148564 3.6031946492819857 3.6062207364154073 3.609246823548829 3.6122729106822504 3.615298997815677 3.6183250849490984 3.62135117208252 3.6243772592159416 3.627403346349363 3.6304294334827842 3.633455520616206
3.600692850470871 3.6006111993735366 3.600529548276202 3.600447897178868 3.6003662460815335 3.600284594984199 3.6002029438868646 3.60012129278953 3.6000396416921956 3.599957990594861 3.599876339497527 3.599794688400192 3.599713037302858 3.5996313862055236 3.599549735108189 3.5994680840108546 3.59938643291352 3.5993047818161856 3.599223130718851 3.599141479621517 3.5990598285241826 3.598978177426848 3.5988965263295136 3.598814875232179 3.5987332241348446 3.59865157303751 3.5985699219401757 3.598488270842841 3.598406619745507 3.5983249686481726 3.59974503638119 3.602770475514939 3.605795914648688 3.608821353782437 3.611846792916186 3.614872232049935 3.617897671183684 3.620923110317438 3.623948549451187 3.626973988584936 3.629999427718685 3.633024866852434 3.636050305986183 3.6390757451199325
3.602713947653111 3.602754527935039 3.6027951082169665 3.6028356884988937 3.6028762687808213 3.602916849062749 3.602957429344676 3.602998009626604 3.6030385899085315 3.6030791701904588 3.6031197504723864 3.603160330754314 3.6032009110362413 3.603241491318169 3.6032820716000966 3.603322651882024 3.6033632321639515 3.603403812445879 3.6034443927278064 3.603484973009734 3.6035255532916617 3.603566133573589 3.6036067138555166 3.6036472941374442 3.603687874419372 3.603728454701299 3.6037690349832268 3.6038096152651544 3.6038501955470816 3.6038907758290093 3.605373684880658 3.608398476014735 3.6114232671488113 3.614448058282888 3.6174728494169646 3.620497640551041 3.623522431685118 3.6265472228191995 3.629572013953276 3.6325968050873527 3.635621596221429 3.6386463873555055 3.6416711784895823 3.6446959696236587
3.604735044835352 3.6048978564965415 3.605060668157731 3.60522347981892 3.6053862914801096 3.605549103141299 3.6057119148024883 3.6058747264636777 3.6060375381248675 3.606200349786057 3.6063631614472462 3.6065259731084356 3.6066887847696254 3.6068515964308148 3.607014408092004 3.6071772197531935 3.607340031414383 3.6075028430755722 3.6076656547367616 3.607828466397951 3.6079912780591408 3.60815408972033 3.6083169013815195 3.608479713042709 3.6086425247038987 3.608805336365088 3.6089681480262774 3.6091309596874668 3.609293771348656 3.6094565830098455 3.611002333380126 3.6140264765145305 3.6170506196489347 3.6200747627833385 3.6230989059177428 3.626123049052147 3.6291471921865512 3.6321713353209604 3.6351954784553646 3.6382196215897684 3.6412437647241727 3.644267907858577 3.647292050992981 3.650316194127385
3.606756142017592 3.6070411850580433 3.607326228098495 3.6076112711389463 3.6078963141793974 3.608181357219849 3.6084664002603004 3.6087514433007515 3.609036486341203 3.6093215293816545 3.6096065724221056 3.6098916154625575 3.610176658503009 3.61046170154346 3.6107467445839116 3.6110317876243627 3.6113168306648142 3.6116018737052658 3.611886916745717 3.6121719597861683 3.61245700282662 3.612742045867071 3.6130270889075224 3.613312131947974 3.6135971749884255 3.613882218028877 3.6141672610693285 3.6144523041097796 3.614737347150231 3.6150223901906826 3.6166309818795948 3.6196544770143264 3.622677972149058 3.6257014672837897 3.6287249624185214 3.631748457553253 3.6347719526879847 3.6377954478227217 3.6408189429574533 3.643842438092185 3.6468659332269167 3.6498894283616483 3.65291292349638 3.6559364186311116
3.6087772391998345 3.6091845136195477 3.6095917880392614 3.6099990624589746 3.6104063368786883 3.6108136112984015 3.6112208857181147 3.6116281601378284 3.6120354345575416 3.612442708977255 3.6128499833969685 3.6132572578166826 3.613664532236396 3.614071806656109 3.6144790810758227 3.614886355495536 3.615293629915249 3.615700904334963 3.616108178754676 3.6165154531743897 3.616922727594103 3.617330002013816 3.61773727643353 3.618144550853243 3.618551825272957 3.6189590996926704 3.619366374112384 3.6197736485320973 3.6201809229518105 3.620588197371524 3.622259630379068 3.6252824775141272 3.6283053246491868 3.631328171784246 3.634351018919305 3.6373738660543644 3.6403967131894235 3.643419560324488 3.646442407459547 3.649465254594606 3.6524881017296655 3.6555109488647246 3.6585337959997837 3.661556643134843
3.6107983363820746 3.61132784218105 3.6118573479800253 3.6123868537790007 3.612916359577976 3.6134458653769514 3.6139753711759264 3.6145048769749017 3.615034382773877 3.6155638885728525 3.616093394371828 3.616622900170804 3.6171524059697795 3.6176819117687544 3.61821141756773 3.618740923366705 3.6192704291656805 3.619799934964656 3.6203294407636313 3.6208589465626067 3.6213884523615816 3.621917958160557 3.6224474639595323 3.6229769697585077 3.623506475557484 3.6240359813564593 3.6245654871554343 3.6250949929544096 3.625624498753385 3.6261540045523604 3.6278882788785363 3.6309104780139227 3.6339326771493097 3.6369548762846966 3.639977075420083 3.64299927455547 3.646021473690857 3.6490436728262488 3.6520658719616352 3.655088071097022 3.658110270232409 3.6611324693677956 3.6641546685031825 3.6671768676385694
3.6128194335643156 3.6134711707425526 3.6141229079207897 3.6147746450990272 3.6154263822772643 3.6160781194555014 3.616729856633739 3.617381593811976 3.618033330990213 3.6186850681684506 3.6193368053466877 3.619988542524926 3.620640279703163 3.6212920168814002 3.6219437540596378 3.622595491237875 3.623247228416112 3.6238989655943494 3.6245507027725865 3.6252024399508236 3.625854177129061 3.626505914307298 3.6271576514855353 3.627809388663773 3.628461125842011 3.6291128630202483 3.6297646001984853 3.630416337376723 3.63106807455496 3.631719811733197 3.633516927378005 3.636538478513719 3.6395600296494335 3.6425815807851474 3.6456031319208617 3.648624683056576 3.6516462341922904 3.65466778532801 3.6576893364637244 3.6607108875994387 3.6637324387351526 3.666753989870867 3.6697755410065813 3.6727970921422957
3.6148405307465556 3.615614499304055 3.6163884678615537 3.617162436419053 3.617936404976552 3.6187103735340513 3.6194843420915506 3.62025831064905 3.621032279206549 3.6218062477640482 3.622580216321547 3.6233541848790476 3.624128153436547 3.624902121994046 3.6256760905515453 3.6264500591090445 3.6272240276665433 3.6279979962240425 3.6287719647815417 3.629545933339041 3.63031990189654 3.6310938704540394 3.6318678390115386 3.6326418075690374 3.633415776126538 3.634189744684037 3.6349637132415364 3.6357376817990357 3.636511650356535 3.637285618914034 3.6391455758774733 3.642166479013515 3.645187382149557 3.6482082852855986 3.6512291884216403 3.654250091557682 3.6572709946937243 3.660291897829771 3.663312800965813 3.666333704101855 3.6693546072378966 3.6723755103739384 3.67539641350998 3.678417316646022
3.616861627928796 3.617757827865557 3.6186540278023185 3.6195502277390794 3.6204464276758404 3.6213426276126017 3.6222388275493627 3.6231350274861236 3.624031227422885 3.624927427359646 3.625823627296407 3.6267198272331695 3.627616027169931 3.628512227106692 3.629408427043453 3.630304626980214 3.631200826916975 3.632097026853736 3.6329932267904974 3.6338894267272583 3.6347856266640193 3.6356818266007807 3.6365780265375416 3.6374742264743025 3.6383704264110652 3.6392666263478266 3.6401628262845875 3.6410590262213485 3.64195522615811 3.642851426094871 3.6447742243769414 3.647794479513311 3.65081473464968 3.65383498978605 3.656855244922419 3.6598755000587886 3.6628957551951578 3.6659160103315322 3.668936265467902 3.671956520604271 3.6749767757406406 3.67799703087701 3.6810172860133794 3.6840375411497486
3.6188827251110363 3.6199011564270593 3.6209195877430824 3.6219380190591055 3.6229564503751286 3.6239748816911517 3.6249933130071743 3.6260117443231974 3.6270301756392205 3.6280486069552436 3.6290670382712666 3.6300854695872915 3.6311039009033146 3.6321223322193372 3.6331407635353603 3.6341591948513834 3.6351776261674065 3.6361960574834296 3.6372144887994526 3.6382329201154757 3.6392513514314984 3.6402697827475214 3.6412882140635445 3.6423066453795676 3.6433250766955925 3.6443435080116156 3.6453619393276386 3.6463803706436613 3.6473988019596844 3.6484172332757074 3.65040287287641 3.653422480013107 3.656442087149804 3.6594616942865006 3.6624813014231976 3.6655009085598946 3.6685205156965917 3.6715401228332936 3.6745597299699906 3.6775793371066876 3.680598944243384 3.683618551380081 3.6866381585167782 3.6896577656534753
3.620903822293279 3.622044484988564 3.623185147683849 3.624325810379134 3.625466473074419 3.626607135769704 3.627747798464989 3.628888461160274 3.630029123855559 3.6311697865508443 3.632310449246129 3.633451111941416 3.6345917746367014 3.635732437331986 3.6368731000272714 3.638013762722556 3.6391544254178414 3.640295088113126 3.6414357508084114 3.642576413503696 3.6437170761989814 3.6448577388942667 3.6459984015895515 3.6471390642848367 3.6482797269801237 3.6494203896754085 3.6505610523706937 3.6517017150659785 3.6528423777612637 3.6539830404565485 3.656031521375883 3.6590504805129074 3.662069439649932 3.6650883987869562 3.6681073579239807 3.671126317061005 3.67414527619803 3.6771642353350593 3.6801831944720838 3.683202153609108 3.6862211127461326 3.6892400718831575 3.692259031020182 3.6952779901572064
3.622924919475519 3.624187813550066 3.625450707624613 3.62671360169916 3.627976495773707 3.629239389848254 3.6305022839228007 3.6317651779973477 3.6330280720718946 3.6342909661464415 3.635553860220989 3.6368167542955376 3.638079648370085 3.639342542444632 3.640605436519179 3.641868330593726 3.6431312246682728 3.6443941187428197 3.6456570128173666 3.6469199068919136 3.6481828009664605 3.6494456950410075 3.6507085891155544 3.6519714831901013 3.6532343772646505 3.6544972713391974 3.6557601654137444 3.6570230594882913 3.6582859535628387 3.6595488476373856 3.6616601698753515 3.6646784810127033 3.6676967921500556 3.6707151032874075 3.6737334144247593 3.6767517255621116 3.6797700366994635 3.6827883478368206 3.6858066589741725 3.6888249701115248 3.6918432812488766 3.694861592386229 3.6978799035235808 3.7008982146609326
3.6249460166577596 3.6263311421115687 3.6277162675653774 3.6291013930191864 3.630486518472995 3.631871643926804 3.633256769380613 3.634641894834422 3.6360270202882305 3.6374121457420396 3.6387972711958487 3.64018239664966 3.6415675221034687 3.6429526475572778 3.6443377730110864 3.6457228984648955 3.647108023918704 3.6484931493725132 3.649878274826322 3.651263400280131 3.65264852573394 3.6540336511877487 3.655418776641558 3.6568039020953664 3.6581890275491777 3.659574153002987 3.6609592784567955 3.6623444039106046 3.663729529364413 3.6651146548182223 3.66728881837482 3.6703064815124993 3.673324144650179 3.6763418077878587 3.679359470925538 3.6823771340632176 3.6853947972008974 3.688412460338582 3.6914301234762616 3.694447786613941 3.6974654497516206 3.7004831128893003 3.7035007760269796 3.7065184391646593
3.6269671138399997 3.6284744706730705 3.6299818275061413 3.631489184339212 3.6329965411722833 3.634503898005354 3.636011254838425 3.6375186116714957 3.6390259685045665 3.6405333253376373 3.642040682170708 3.6435480390037815 3.6450553958368523 3.646562752669923 3.648070109502994 3.6495774663360647 3.6510848231691355 3.6525921800022063 3.6540995368352776 3.6556068936683483 3.657114250501419 3.65862160733449 3.6601289641675607 3.6616363210006315 3.663143677833705 3.6646510346667758 3.6661583914998466 3.6676657483329174 3.669173105165988 3.670680461999059 3.6729174668742886 3.6759344820122952 3.6789514971503023 3.6819685122883095 3.6849855274263166 3.6880025425643237 3.691019557702331 3.6940365728403433 3.6970535879783504 3.700070603116357 3.703087618254364 3.7061046333923713 3.7091216485303784 3.7121386636683855
3.6289882110222402 3.630617799234573 3.632247387446906 3.6338769756592386 3.6355065638715716 3.637136152083904 3.638765740296237 3.6403953285085695 3.6420249167209024 3.643654504933235 3.645284093145568 3.6469136813579035 3.648543269570236 3.650172857782569 3.6518024459949014 3.6534320342072344 3.655061622419567 3.6566912106319 3.6583207988442323 3.6599503870565653 3.661579975268898 3.6632095634812307 3.6648391516935637 3.666468739905896 3.6680983281182318 3.6697279163305643 3.671357504542897 3.6729870927552297 3.6746166809675627 3.6762462691798956 3.678546115373756 3.681562482512091 3.6845788496504257 3.6875952167887602 3.6906115839270948 3.6936279510654297 3.6966443182037643 3.699660685342104 3.7026770524804387 3.705693419618773 3.7087097867571077 3.7117261538954427 3.7147425210337772 3.7177588881721118
3.631009308204481 3.632761127796076 3.6345129473876705 3.636264766979265 3.63801658657086 3.6397684061624545 3.641520225754049 3.6432720453456438 3.6450238649372384 3.646775684528833 3.6485275041204277 3.6502793237120255 3.65203114330362 3.6537829628952148 3.6555347824868094 3.657286602078404 3.6590384216699987 3.6607902412615934 3.662542060853188 3.6642938804447827 3.6660457000363773 3.667797519627972 3.6695493392195666 3.6713011588111613 3.673052978402759 3.6748047979943537 3.6765566175859483 3.678308437177543 3.6800602567691376 3.6818120763607323 3.6841747638732247 3.687190483011887 3.690206202150549 3.6932219212892115 3.6962376404278734 3.699253359566536 3.702269078705198 3.7052847978438654 3.7083005169825274 3.7113162361211898 3.7143319552598517 3.717347674398514 3.720363393537176 3.7233791126758384
3.6330304053867213 3.6349044563575776 3.6367785073284344 3.6386525582992912 3.6405266092701476 3.6424006602410044 3.6442747112118608 3.6461487621827176 3.648022813153574 3.6498968641244307 3.651770915095287 3.653644966066147 3.6555190170370038 3.65739306800786 3.659267118978717 3.6611411699495733 3.66301522092043 3.6648892718912864 3.6667633228621432 3.6686373738329996 3.6705114248038564 3.672385475774713 3.6742595267455695 3.6761335777164263 3.678007628687286 3.6798816796581426 3.681755730628999 3.6836297815998558 3.6855038325707126 3.687377883541569 3.6898034123726933 3.692818483511683 3.695833554650673 3.6988486257896627 3.701863696928652 3.704878768067642 3.7078938392066316 3.7109089103456263 3.713923981484616 3.716939052623606 3.7199541237625957 3.7229691949015855 3.7259842660405753 3.728999337179565
3.637712801856419 3.6396326066088056 3.6415524113611917 3.643472216113578 3.6453920208659647 3.6473118256183508 3.6492316303707373 3.651151435123124 3.6530712398755103 3.6549910446278964 3.656910849380283 3.6588306541326725 3.660750458885059 3.662670263637445 3.6645900683898316 3.666509873142218 3.6684296778946046 3.6703494826469907 3.672269287399377 3.6741890921517637 3.6761088969041498 3.6780287016565363 3.679948506408923 3.6818683111613093 3.683788115913699 3.685707920666085 3.6876277254184715 3.689547530170858 3.691467334923244 3.6933871396756306 3.6958556834484297 3.6989108416473324 3.7019659998462355 3.705021158045138 3.708076316244041 3.711131474442944 3.7141866326418467 3.7172417908407547 3.7202969490396574 3.7233521072385605 3.726407265437463 3.729462423636366 3.7325175818352685 3.7355727400341716
3.645239959487837 3.6471237682911624 3.649007577094488 3.6508913858978134 3.6527751947011384 3.654659003504464 3.6565428123077894 3.658426621111115 3.6603104299144404 3.662194238717766 3.664078047521091 3.6659618563244196 3.667845665127745 3.6697294739310706 3.671613282734396 3.6734970915377216 3.675380900341047 3.677264709144372 3.6791485179476977 3.681032326751023 3.6829161355543487 3.684799944357674 3.6866837531609997 3.688567561964325 3.690451370767654 3.692335179570979 3.6942189883743044 3.69610279717763 3.6979866059809554 3.699870414784281 3.702360780351704 3.705499568821152 3.7086383572906003 3.7117771457600486 3.714915934229497 3.718054722698945 3.7211935111683934 3.724332299637847 3.727471088107295 3.7306098765767435 3.7337486650461917 3.73688745351564 3.7400262419850883 3.7431650304545365
