Figures/CREST_Example_wjb_NSE/PETs/wjb.pet.20101130.asc
ncols            288
nrows            254
xllcorner        113.274861
yllcorner        31.4918055
cellsize         0.008333333333
NODATA_value     -9999
[rows 133 to 151 of 254, columns 176 to 219 of 288]
0.8864387578392458 0.8859498393496003 0.8854609208599546 0.8849720023703092 0.8844830838806637 0.883994165391018 0.8835052469013718 0.8830163284117262 0.8825274099220807 0.8820384914324352 0.8815495729427896 0.8810606544531441 0.8805717359634986 0.880082817473853 0.8795938989842075 0.879104980494562 0.8783742050065121 0.8773848789147645 0.8763955528230168 0.8754062267312676 0.8744169006395199 0.8734275745477724 0.8724382484560248 0.8714489223642772 0.8704595962725296 0.8694702701807819 0.8684809440890343 0.8674916179972868 0.8665022919055392 0.8655129658137916 0.8645236397220439 0.8635343136302963 0.862544987538547 0.8615556614467994 0.8605663353550519 0.8595770092633043 0.8585876831715566 0.857598357079809 0.8566090309880614 0.8556197048963139 0.8546303788045663 0.8536410527128186 0.852651726621071 0.8516624005293234
0.8872496545570338 0.8867687753045714 0.886287896052109 0.8858070167996467 0.8853261375471844 0.8848452582947219 0.8843643790422587 0.8838834997897964 0.8834026205373341 0.8829217412848717 0.8824408620324093 0.8819599827799469 0.8814791035274846 0.8809982242750222 0.8805173450225598 0.8800364657700975 0.8793103270450917 0.8783220003945471 0.8773336737440025 0.8763453470934562 0.8753570204429116 0.874368693792367 0.8733803671418224 0.8723920404912778 0.8714037138407332 0.8704153871901886 0.869427060539644 0.8684387338890994 0.8674504072385548 0.8664620805880102 0.8654737539374656 0.864485427286921 0.8634971006363747 0.8625087739858301 0.8615204473352855 0.8605321206847409 0.8595437940341963 0.8585554673836517 0.8575671407331071 0.8565788140825625 0.8555904874320179 0.8546021607814733 0.8536138341309287 0.852625507480384
0.8880605512748219 0.8875877112595426 0.8871148712442635 0.8866420312289842 0.8861691912137051 0.8856963511984259 0.8852235111831459 0.8847506711678667 0.8842778311525875 0.8838049911373083 0.8833321511220291 0.88285931110675 0.8823864710914707 0.8819136310761916 0.8814407910609123 0.8809679510456332 0.8802464490836716 0.8792591218743299 0.8782717946649883 0.877284467455645 0.8762971402463033 0.8753098130369618 0.8743224858276202 0.8733351586182785 0.8723478314089369 0.8713605041995953 0.8703731769902537 0.869385849780912 0.8683985225715705 0.8674111953622289 0.8664238681528873 0.8654365409435456 0.8644492137342024 0.8634618865248608 0.8624745593155191 0.8614872321061775 0.8604999048968359 0.8595125776874942 0.8585252504781526 0.8575379232688111 0.8565505960594695 0.8555632688501278 0.8545759416407862 0.8535886144314446
0.8888714479926099 0.8884066472145139 0.8879418464364178 0.8874770456583219 0.8870122448802258 0.8865474441021298 0.886082643324033 0.885617842545937 0.8851530417678409 0.884688240989745 0.8842234402116489 0.8837586394335529 0.8832938386554569 0.8828290378773609 0.8823642370992648 0.8818994363211689 0.8811825711222513 0.8801962433541126 0.8792099155859741 0.8782235878178337 0.8772372600496952 0.8762509322815565 0.8752646045134179 0.8742782767452792 0.8732919489771407 0.872305621209002 0.8713192934408635 0.8703329656727248 0.8693466379045862 0.8683603101364475 0.867373982368309 0.8663876546001703 0.8654013268320301 0.8644149990638914 0.8634286712957528 0.8624423435276142 0.8614560157594756 0.8604696879913369 0.8594833602231984 0.8584970324550597 0.8575107046869211 0.8565243769187825 0.8555380491506439 0.8545517213825052
0.8896823447103986 0.8892255831694857 0.888768821628573 0.8883120600876601 0.8878552985467473 0.8873985370058345 0.8869417754649208 0.886485013924008 0.8860282523830951 0.8855714908421823 0.8851147293012694 0.8846579677603567 0.8842012062194438 0.883744444678531 0.8832876831376181 0.8828309215967053 0.8821186931608318 0.8811333648338963 0.8801480365069606 0.8791627081800233 0.8781773798530876 0.8771920515261521 0.8762067231992164 0.8752213948722808 0.8742360665453451 0.8732507382184096 0.8722654098914739 0.8712800815645383 0.8702947532376026 0.8693094249106671 0.8683240965837314 0.8673387682567958 0.8663534399298585 0.8653681116029229 0.8643827832759873 0.8633974549490516 0.862412126622116 0.8614267982951804 0.8604414699682448 0.8594561416413091 0.8584708133143736 0.8574854849874379 0.8565001566605023 0.8555148283335666
0.8904932414281866 0.8900445191244569 0.8895957968207273 0.8891470745169976 0.888698352213268 0.8882496299095384 0.8878009076058079 0.8873521853020783 0.8869034629983485 0.8864547406946189 0.8860060183908892 0.8855572960871596 0.8851085737834299 0.8846598514797003 0.8842111291759706 0.883762406872241 0.8830548151994116 0.882070486313679 0.8810861574279464 0.8801018285422121 0.8791174996564795 0.8781331707707468 0.8771488418850142 0.8761645129992816 0.8751801841135489 0.8741958552278163 0.8732115263420837 0.872227197456351 0.8712428685706184 0.8702585396848858 0.8692742107991531 0.8682898819134205 0.8673055530276862 0.8663212241419536 0.8653368952562209 0.8643525663704883 0.8633682374847557 0.862383908599023 0.8613995797132904 0.8604152508275578 0.8594309219418251 0.8584465930560925 0.85746226417036 0.8564779352846273
0.8913041381459746 0.8908634550794281 0.8904227720128817 0.8899820889463351 0.8895414058797887 0.8891007228132422 0.8886600397466949 0.8882193566801484 0.887778673613602 0.8873379905470554 0.886897307480509 0.8864566244139624 0.886015941347416 0.8855752582808695 0.885134575214323 0.8846938921477765 0.8839909372379913 0.8830076077934617 0.882024278348932 0.8810409489044008 0.880057619459871 0.8790742900153414 0.8780909605708118 0.8771076311262822 0.8761243016817526 0.875140972237223 0.8741576427926933 0.8731743133481636 0.872190983903634 0.8712076544591044 0.8702243250145748 0.8692409955700452 0.8682576661255138 0.8672743366809842 0.8662910072364546 0.865307677791925 0.8643243483473954 0.8633410189028657 0.8623576894583361 0.8613743600138064 0.8603910305692768 0.8594077011247472 0.8584243716802176 0.857441042235688
0.8921150348637628 0.8916823910343994 0.891249747205036 0.8908171033756728 0.8903844595463094 0.8899518157169461 0.889519171887582 0.8890865280582188 0.8886538842288554 0.8882212403994921 0.8877885965701288 0.8873559527407655 0.8869233089114021 0.8864906650820388 0.8860580212526755 0.8856253774233122 0.884927059276571 0.8839447292732444 0.8829623992699178 0.8819800692665895 0.8809977392632629 0.8800154092599362 0.8790330792566096 0.8780507492532829 0.8770684192499563 0.8760860892466297 0.875103759243303 0.8741214292399764 0.8731390992366497 0.8721567692333231 0.8711744392299965 0.8701921092266698 0.8692097792233415 0.8682274492200148 0.8672451192166882 0.8662627892133615 0.8652804592100349 0.8642981292067083 0.8633157992033816 0.862333469200055 0.8613511391967283 0.8603688091934018 0.8593864791900752 0.8584041491867485
0.8929259315815508 0.8925013269893706 0.8920767223971904 0.8916521178050103 0.8912275132128301 0.89080290862065 0.8903783040284692 0.889953699436289 0.8895290948441088 0.8891044902519287 0.8886798856597485 0.8882552810675685 0.8878306764753883 0.8874060718832081 0.886981467291028 0.8865568626988478 0.8858631813151508 0.8848818507530272 0.8839005201909036 0.8829191896287782 0.8819378590666546 0.880956528504531 0.8799751979424073 0.8789938673802836 0.87801253681816 0.8770312062560364 0.8760498756939127 0.8750685451317891 0.8740872145696654 0.8731058840075417 0.8721245534454182 0.8711432228832945 0.8701618923211691 0.8691805617590456 0.8681992311969219 0.8672179006347982 0.8662365700726746 0.8652552395105509 0.8642739089484274 0.8632925783863037 0.86231124782418 0.8613299172620564 0.8603485866999327 0.8593672561378091
0.8937368282993388 0.8933202629443419 0.8929036975893448 0.8924871322343478 0.8920705668793509 0.8916540015243539 0.8912374361693562 0.8908208708143592 0.8904043054593623 0.8899877401043653 0.8895711747493684 0.8891546093943714 0.8887380440393744 0.8883214786843775 0.8879049133293805 0.8874883479743835 0.8867993033537306 0.8858189722328099 0.8848386411118894 0.883858309990967 0.8828779788700464 0.8818976477491257 0.880917316628205 0.8799369855072844 0.8789566543863637 0.8779763232654431 0.8769959921445224 0.8760156610236018 0.8750353299026812 0.8740549987817605 0.8730746676608399 0.8720943365399192 0.8711140054189969 0.8701336742980762 0.8691533431771555 0.868173012056235 0.8671926809353143 0.8662123498143937 0.865232018693473 0.8642516875725523 0.8632713564516317 0.862291025330711 0.8613106942097903 0.8603303630888698
0.8945477250171268 0.894139198899313 0.8937306727814992 0.8933221466636854 0.8929136205458715 0.8925050944280578 0.8920965683102433 0.8916880421924295 0.8912795160746156 0.8908709899568019 0.8904624638389881 0.8900539377211742 0.8896454116033605 0.8892368854855467 0.8888283593677329 0.8884198332499191 0.8877354253923103 0.8867560937125927 0.8857767620328749 0.8847974303531556 0.883818098673438 0.8828387669937203 0.8818594353140027 0.880880103634285 0.8799007719545674 0.8789214402748498 0.8779421085951321 0.8769627769154144 0.8759834452356967 0.8750041135559791 0.8740247818762614 0.8730454501965438 0.8720661185168245 0.8710867868371068 0.8701074551573892 0.8691281234776715 0.8681487917979539 0.8671694601182361 0.8661901284385185 0.8652107967588009 0.8642314650790832 0.8632521333993656 0.8622728017196479 0.8612934700399303
0.8953586217349155 0.8949581348542849 0.8945576479736542 0.8941571610930237 0.893756674212393 0.8933561873317624 0.8929557004511312 0.8925552135705005 0.8921547266898698 0.8917542398092393 0.8913537529286086 0.890953266047978 0.8905527791673474 0.8901522922867168 0.8897518054060861 0.8893513185254556 0.8886715474308908 0.8876932151923762 0.8867148829538615 0.8857365507153452 0.8847582184768306 0.8837798862383158 0.8828015539998012 0.8818232217612866 0.8808448895227718 0.8798665572842572 0.8788882250457426 0.8779098928072279 0.8769315605687132 0.8759532283301986 0.8749748960916839 0.8739965638531693 0.873018231614653 0.8720398993761382 0.8710615671376236 0.870083234899109 0.8691049026605943 0.8681265704220796 0.867148238183565 0.8661699059450503 0.8651915737065357 0.864213241468021 0.8632349092295063 0.8622565769909917
0.8961695184527035 0.8957770708092562 0.8953846231658087 0.8949921755223612 0.8945997278789137 0.8942072802354664 0.8938148325920182 0.8934223849485707 0.8930299373051234 0.8926374896616759 0.8922450420182284 0.891852594374781 0.8914601467313336 0.8910676990878861 0.8906752514444386 0.8902828038009912 0.8896076694694706 0.888630336672159 0.8876530038748472 0.886675671077534 0.8856983382802223 0.8847210054829107 0.883743672685599 0.8827663398882872 0.8817890070909756 0.8808116742936639 0.8798343414963523 0.8788570086990406 0.877879675901729 0.8769023431044173 0.8759250103071057 0.874947677509794 0.8739703447124806 0.872993011915169 0.8720156791178573 0.8710383463205457 0.870061013523234 0.8690836807259223 0.8681063479286106 0.867129015131299 0.8661516823339873 0.8651743495366757 0.864197016739364 0.8632196839420523
0.8969804151704915 0.8965960067642273 0.896211598357963 0.8958271899516987 0.8954427815454346 0.8950583731391702 0.8946739647329053 0.894289556326641 0.8939051479203768 0.8935207395141125 0.8931363311078482 0.892751922701584 0.8923675142953197 0.8919831058890554 0.8915986974827911 0.8912142890765269 0.8905437915080504 0.8895674581519417 0.888591124795833 0.8876147914397227 0.8866384580836141 0.8856621247275054 0.8846857913713967 0.883709458015288 0.8827331246591794 0.8817567913030707 0.880780457946962 0.8798041245908533 0.8788277912347446 0.877851457878636 0.8768751245225274 0.8758987911664187 0.8749224578103083 0.8739461244541996 0.872969791098091 0.8719934577419823 0.8710171243858736 0.870040791029765 0.8690644576736564 0.8680881243175477 0.867111790961439 0.8661354576053303 0.8651591242492216 0.864182790893113
0.8977913118882797 0.8974149427191985 0.8970385735501174 0.8966622043810364 0.8962858352119553 0.8959094660428741 0.8955330968737925 0.8951567277047113 0.8947803585356302 0.8944039893665491 0.8940276201974681 0.8936512510283869 0.8932748818593058 0.8928985126902247 0.8925221435211437 0.8921457743520625 0.8914799135466301 0.8905045796317245 0.8895292457168188 0.8885539118019115 0.8875785778870058 0.8866032439721001 0.8856279100571944 0.8846525761422888 0.8836772422273831 0.8827019083124774 0.8817265743975717 0.8807512404826661 0.8797759065677604 0.8788005726528547 0.877825238737949 0.8768499048230433 0.8758745709081359 0.8748992369932302 0.8739239030783246 0.8729485691634189 0.8719732352485132 0.8709979013336075 0.8700225674187019 0.8690472335037962 0.8680718995888905 0.8670965656739849 0.8661212317590792 0.8651458978441735
0.8981149095207719 0.8977371753770516 0.8973594412333312 0.896981707089611 0.8966039729458907 0.8962262388021703 0.8958485046584495 0.8954707705147291 0.8950930363710088 0.8947153022272886 0.8943375680835682 0.8939598339398479 0.8935820997961277 0.8932043656524074 0.892826631508687 0.8924488973649668 0.8917848323746148 0.8908146732305179 0.889844514086421 0.8888743549423224 0.8879041957982254 0.8869340366541285 0.8859638775100316 0.8849937183659347 0.8840235592218377 0.8830534000777407 0.8820832409336438 0.8811130817895468 0.8801429226454499 0.879172763501353 0.8782026043572561 0.8772324452131591 0.8762622860690605 0.8752921269249636 0.8743219677808666 0.8733518086367696 0.8723816494926727 0.8714114903485758 0.8704413312044789 0.8694711720603819 0.868501012916285 0.8675308537721881 0.8665606946280912 0.8655905354839941
0.8979176151494258 0.8975284635214505 0.8971393118934753 0.8967501602655 0.8963610086375249 0.8959718570095496 0.8955827053815737 0.8951935537535984 0.8948044021256233 0.894415250497648 0.8940260988696728 0.8936369472416975 0.8932477956137223 0.8928586439857471 0.8924694923577718 0.8920803407297966 0.8914150347602396 0.8904545135510956 0.8894939923419517 0.8885334711328061 0.8875729499236622 0.8866124287145182 0.8856519075053743 0.8846913862962303 0.8837308650870864 0.8827703438779424 0.8818098226687985 0.8808493014596546 0.8798887802505105 0.8789282590413666 0.8779677378322227 0.8770072166230787 0.8760466954139331 0.8750861742047892 0.8741256529956453 0.8731651317865012 0.8722046105773573 0.8712440893682134 0.8702835681590695 0.8693230469499255 0.8683625257407815 0.8674020045316376 0.8664414833224936 0.8654809621133497
0.8977203207780795 0.8973197516658493 0.8969191825536191 0.896518613441389 0.8961180443291588 0.8957174752169286 0.8953169061046977 0.8949163369924675 0.8945157678802373 0.8941151987680072 0.893714629655777 0.8933140605435468 0.8929134914313166 0.8925129223190865 0.8921123532068563 0.8917117840946261 0.891045237145864 0.8900943538716731 0.8891434705974821 0.8881925873232895 0.8872417040490986 0.8862908207749076 0.8853399375007167 0.8843890542265258 0.8834381709523348 0.8824872876781439 0.8815364044039529 0.880585521129762 0.8796346378555709 0.87868375458138 0.8777328713071891 0.8767819880329981 0.8758311047588055 0.8748802214846146 0.8739293382104236 0.8729784549362327 0.8720275716620418 0.8710766883878508 0.8701258051136599 0.8691749218394689 0.868224038565278 0.867273155291087 0.866322272016896 0.8653713887427051
0.8975230264067333 0.8971110398102482 0.8966990532137631 0.896287066617278 0.8958750800207929 0.8954630934243077 0.895051106827822 0.8946391202313368 0.8942271336348517 0.8938151470383666 0.8934031604418815 0.8929911738453964 0.8925791872489113 0.8921672006524262 0.891755214055941 0.8913432274594559 0.8906754395314888 0.8897341941922509 0.8887929488530129 0.8878517035137733 0.8869104581745354 0.8859692128352974 0.8850279674960595 0.8840867221568215 0.8831454768175835 0.8822042314783456 0.8812629861391076 0.8803217407998697 0.8793804954606317 0.8784392501213938 0.8774980047821558 0.8765567594429178 0.8756155141036782 0.8746742687644403 0.8737330234252023 0.8727917780859644 0.8718505327467264 0.8709092874074885 0.8699680420682505 0.8690267967290125 0.8680855513897746 0.8671443060505366 0.8662030607112987 0.8652618153720607
