Figures/CREST_Example_wjb_NSE/PETs/wjb.pet.20090402.asc
ncols            288
nrows            254
xllcorner        113.274861
yllcorner        31.4918055
cellsize         0.008333333333
NODATA_value     -9999
[rows 133 to 151 of 254, columns 0 to 43 of 288]
-9999.0 -9999.0 -9999.0 0.7132998085982464 0.7142475902945324 -9999.0 0.7161431536871046 0.7170909353833906 0.7180387170796767 0.7189864987759629 0.7199342804722489 0.720882062168535 0.7215575510475734 0.7219419527523042 0.7223263544570344 0.7227107561617646 0.7230951578664947 0.7234795595712249 0.7238639612759551 0.7242483629806853 0.7246327646854155 0.7250171663901456 0.7254015680948758 0.725785969799606 0.7261703715043362 0.7265547732090664 0.7269391749137971 0.7273235766185273 0.7277079783232575 0.7280923800279877 0.7284767817327178 0.728861183437448 0.7292455851421782 0.7296299868469084 0.7300143885516385 0.7303987902563687 0.7307831919610989 0.7311675936658291 0.7315519953705593 0.73193639707529 0.7323207987800202 0.7327052004847504 0.7324168224420381 0.7314092276438692
-9999.0 -9999.0 -9999.0 0.7206209009410192 0.7215416527232705 0.7224624045055219 0.7233831562877733 0.7243039080700246 0.725224659852276 0.7261454116345274 0.7270661634167787 0.72798691519903 0.7284603468787191 0.7284555832612194 0.7284508196437196 0.7284460560262199 0.7284412924087201 0.7284365287912205 0.7284317651737207 0.7284270015562209 0.7284222379387212 0.7284174743212214 0.7284127107037217 0.7284079470862219 0.7284031834687222 0.7283984198512224 0.7283936562337228 0.728388892616223 0.7283841289987233 0.7283793653812235 0.7283746017637238 0.728369838146224 0.7283650745287243 0.7283603109112246 0.7283555472937249 0.7283507836762251 0.7283460200587254 0.7283412564412256 0.7283364928237259 0.7283317292062261 0.7283269655887264 0.7283222019712267 0.7278474727202824 0.7268703395855306
-9999.0 -9999.0 -9999.0 0.727941993283792 0.7288357151520087 0.7297294370202253 0.730623158888442 0.7315168807566585 0.7324106026248752 0.7333043244930918 0.7341980463613085 0.735091768229525 0.7353631427098648 0.7349692137701345 0.7345752848304048 0.7341813558906751 0.7337874269509456 0.7333934980112159 0.7329995690714862 0.7326056401317566 0.7322117111920269 0.7318177822522973 0.7314238533125677 0.731029924372838 0.7306359954331083 0.7302420664933786 0.7298481375536483 0.7294542086139187 0.7290602796741891 0.7286663507344594 0.7282724217947297 0.7278784928550001 0.7274845639152705 0.7270906349755408 0.7266967060358112 0.7263027770960815 0.7259088481563518 0.7255149192166223 0.7251209902768926 0.7247270613371622 0.7243331323974326 0.7239392034577029 0.7232781229985267 0.722331451527192
-9999.0 -9999.0 -9999.0 0.735263085626565 0.7361297775807468 0.7369964695349288 0.7378631614891107 0.7387298534432926 0.7395965453974744 0.7404632373516563 0.7413299293058383 0.7421966212600202 0.7422659385410105 0.7414828442790495 0.74069975001709 0.7399166557551304 0.7391335614931709 0.7383504672312113 0.7375673729692518 0.7367842787072922 0.7360011844453327 0.7352180901833731 0.7344349959214136 0.7336519016594539 0.7328688073974944 0.7320857131355348 0.731302618873574 0.7305195246116144 0.7297364303496549 0.7289533360876953 0.7281702418257358 0.7273871475637762 0.7266040533018167 0.725820959039857 0.7250378647778974 0.7242547705159379 0.7234716762539783 0.7226885819920188 0.7219054877300592 0.7211223934680984 0.7203392992061388 0.7195562049441793 0.718708773276771 0.7177925634688535
-9999.0 -9999.0 -9999.0 0.7425841779693442 0.7434238400094912 0.7442635020496384 0.7451031640897856 0.7459428261299327 0.7467824881700799 0.747622150210227 0.7484618122503741 0.7493014742905213 0.7491687343721621 0.7479964747879703 0.7468242152037805 0.7456519556195907 0.7444796960354009 0.7433074364512111 0.7421351768670212 0.7409629172828315 0.7397906576986417 0.7386183981144518 0.7374461385302621 0.7362738789460723 0.7351016193618825 0.7339293597776927 0.7327571001935008 0.7315848406093111 0.7304125810251213 0.7292403214409314 0.7280680618567417 0.7268958022725518 0.725723542688362 0.7245512831041723 0.7233790235199824 0.7222067639357926 0.7210345043516028 0.719862244767413 0.7186899851832232 0.7175177255990314 0.7163454660148416 0.7151732064306517 0.7141394235550114 0.713253675410511
-9999.0 -9999.0 -9999.0 0.7499052703121171 0.7507179024382294 0.7515305345643418 0.7523431666904543 0.7531557988165667 0.7539684309426791 0.7547810630687916 0.7555936951949039 0.7564063273210163 0.7560715302033079 0.7545101052968854 0.7529486803904657 0.7513872554840461 0.7498258305776263 0.7482644056712066 0.7467029807647868 0.7451415558583672 0.7435801309519474 0.7420187060455277 0.740457281139108 0.7388958562326883 0.7373344313262685 0.7357730064198489 0.7342115815134265 0.7326501566070067 0.7310887317005871 0.7295273067941673 0.7279658818877476 0.7264044569813279 0.7248430320749082 0.7232816071684884 0.7217201822620687 0.720158757355649 0.7185973324492293 0.7170359075428095 0.7154744826363899 0.7139130577299675 0.7123516328235477 0.7107902079171281 0.7095700738332557 0.7087147873521724
-9999.0 0.7556551582307345 0.7564407604428122 0.7572263626548899 0.7580119648669675 0.7587975670790452 0.759583169291123 0.7603687715032007 0.7611543737152784 0.7619399759273561 0.7627255781394338 0.7635111803515114 0.7629743260344535 0.7610237358058005 0.7590731455771509 0.7571225553485013 0.7551719651198517 0.7532213748912021 0.7512707846625525 0.7493201944339029 0.7473696042052532 0.7454190139766036 0.743468423747954 0.7415178335193043 0.7395672432906547 0.7376166530620051 0.7356660628333521 0.7337154726047025 0.7317648823760529 0.7298142921474032 0.7278637019187536 0.725913111690104 0.7239625214614543 0.7220119312328047 0.7200613410041552 0.7181107507755056 0.7161601605468559 0.7142095703182063 0.7122589800895567 0.7103083898609037 0.7083577996322541 0.7064072094036045 0.7050007241115 0.704175899293834
-9999.0 0.7630303104015769 0.7637888826996199 0.7645474549976627 0.7653060272957057 0.7660645995937487 0.7668231718917916 0.7675817441898346 0.7683403164878776 0.7690988887859206 0.7698574610839635 0.7706160333820065 0.7698771218655992 0.7675373663147157 0.7651976107638362 0.7628578552129566 0.7605180996620771 0.7581783441111976 0.755838588560318 0.7534988330094384 0.7511590774585589 0.7488193219076794 0.7464795663567999 0.7441398108059203 0.7418000552550408 0.7394602997041613 0.7371205441532778 0.7347807886023983 0.7324410330515186 0.7301012775006391 0.7277615219497596 0.72542176639888 0.7230820108480005 0.720742255297121 0.7184024997462415 0.716062744195362 0.7137229886444824 0.7113832330936029 0.7090434775427233 0.7067037219918398 0.7043639664409602 0.7020242108900807 0.7004313743897443 0.6996370112354954
-9999.0 -9999.0 0.7711370049564275 0.7718685473404356 0.7726000897244439 0.7733316321084521 0.7740631744924603 0.7747947168764686 0.7755262592604768 0.776257801644485 0.7769893440284933 0.7777208864125015 0.7767799176967449 0.7740509968236308 0.7713220759505214 0.7685931550774119 0.7658642342043025 0.763135313331193 0.7604063924580836 0.7576774715849741 0.7549485507118647 0.7522196298387552 0.7494907089656457 0.7467617880925363 0.7440328672194269 0.7413039463463175 0.7385750254732033 0.7358461046000939 0.7331171837269844 0.730388262853875 0.7276593419807655 0.7249304211076562 0.7222015002345467 0.7194725793614373 0.7167436584883278 0.7140147376152184 0.7112858167421089 0.7085568958689994 0.70582797499589 0.703099054122776 0.7003701332496665 0.697641212376557 0.6958620246679886 0.6950981231771568
-9999.0 -9999.0 0.778485127213235 0.7791896396832085 0.779894152153182 0.7805986646231555 0.781303177093129 0.7820076895631025 0.782712202033076 0.7834167145030495 0.784121226973023 0.7848257394429965 0.7836827135278905 0.780564627332546 0.7774465411372066 0.7743284549418672 0.7712103687465278 0.7680922825511884 0.7649741963558492 0.7618561101605098 0.7587380239651704 0.755619937769831 0.7525018515744917 0.7493837653791523 0.746265679183813 0.7431475929884737 0.740029506793129 0.7369114205977896 0.7337933344024502 0.7306752482071108 0.7275571620117716 0.7244390758164322 0.7213209896210928 0.7182029034257534 0.7150848172304141 0.7119667310350748 0.7088486448397354 0.705730558644396 0.7026124724490567 0.699494386253712 0.6963763000583727 0.6932582138630333 0.6912926749462329 0.6905592351188182
-9999.0 -9999.0 0.7858332494700426 0.7865107320259814 0.7871882145819202 0.7878656971378589 0.7885431796937977 0.7892206622497365 0.7898981448056753 0.790575627361614 0.7912531099175528 0.7919305924734916 0.7905855093590363 0.787078257841461 0.7835710063238918 0.7800637548063225 0.7765565032887533 0.773049251771184 0.7695420002536147 0.7660347487360454 0.7625274972184761 0.7590202457009069 0.7555129941833376 0.7520057426657684 0.7484984911481991 0.7449912396306299 0.7414839881130546 0.7379767365954853 0.734469485077916 0.7309622335603467 0.7274549820427775 0.7239477305252082 0.720440479007639 0.7169332274900697 0.7134259759725005 0.7099187244549312 0.7064114729373618 0.7029042214197926 0.6993969699022233 0.6958897183846481 0.6923824668670788 0.6888752153495096 0.6867233252244772 0.6860203470604797
-9999.0 -9999.0 0.7931813717268564 0.7938318243687605 0.7944822770106645 0.7951327296525685 0.7957831822944725 0.7964336349363765 0.7970840875782806 0.7977345402201846 0.7983849928620886 0.7990354455039926 0.7974883051901878 0.7935918883503816 0.7896954715105822 0.7857990546707826 0.7819026378309831 0.7780062209911837 0.7741098041513841 0.7702133873115846 0.7663169704717852 0.7624205536319856 0.7585241367921861 0.7546277199523865 0.7507313031125871 0.7468348862727876 0.7429384694329814 0.7390420525931819 0.7351456357533824 0.7312492189135829 0.7273528020737834 0.7234563852339838 0.7195599683941843 0.7156635515543849 0.7117671347145853 0.7078707178747858 0.7039743010349864 0.7000778841951868 0.6961814673553873 0.6922850505155811 0.6883886336757816 0.6844922168359822 0.6821539755027176 0.6814814590021372
-9999.0 -9999.0 0.8005294939836641 0.8011529167115334 0.8017763394394026 0.8023997621672719 0.8030231848951412 0.8036466076230105 0.8042700303508798 0.8048934530787492 0.8055168758066185 0.8061402985344877 0.8043911010213335 0.8001055188592968 0.7958199366972674 0.7915343545352379 0.7872487723732086 0.7829631902111791 0.7786776080491496 0.7743920258871203 0.7701064437250909 0.7658208615630614 0.761535279401032 0.7572496972390026 0.7529641150769731 0.7486785329149437 0.744392950752907 0.7401073685908776 0.7358217864288482 0.7315362042668188 0.7272506221047893 0.72296503994276 0.7186794577807305 0.714393875618701 0.7101082934566716 0.7058227112946422 0.7015371291326128 0.6972515469705833 0.692965964808554 0.6886803826465172 0.6843948004844879 0.6801092183224584 0.6775846257809619 0.6769425709437986
0.8066848306128026 0.8072812234266371 0.8078776162404717 0.8084740090543062 0.8090704018681408 0.8096667946819754 0.81026318749581 0.8108595803096446 0.8114559731234791 0.8120523659373137 0.8126487587511482 0.8132451515649828 0.8112938968524792 0.8066191493682119 0.8019444018839526 0.7972696543996932 0.7925949069154339 0.7879201594311745 0.7832454119469152 0.7785706644626559 0.7738959169783965 0.7692211694941372 0.7645464220098779 0.7598716745256185 0.7551969270413592 0.7505221795570999 0.7458474320728327 0.7411726845885733 0.736497937104314 0.7318231896200547 0.7271484421357953 0.722473694651536 0.7177989471672767 0.7131241996830173 0.708449452198758 0.7037747047144987 0.6990999572302393 0.69442520974598 0.6897504622617207 0.6850757147774533 0.680400967293194 0.6757262198089347 0.6730152760592062 0.67240368288546
0.8140870126976797 0.8146563755974795 0.8152257384972793 0.8157951013970791 0.816364464296879 0.8169338271966788 0.8175031900964786 0.8180725529962785 0.8186419158960783 0.8192112787958782 0.819780641695678 0.8203500045954778 0.8181966926836249 0.8131327798771271 0.8080688670706377 0.8030049542641485 0.7979410414576593 0.7928771286511701 0.7878132158446808 0.7827493030381916 0.7776853902317024 0.7726214774252131 0.7675575646187238 0.7624936518122346 0.7574297390057454 0.7523658261992562 0.7473019133927583 0.742238000586269 0.7371740877797798 0.7321101749732906 0.7270462621668013 0.7219823493603121 0.7169184365538228 0.7118545237473336 0.7067906109408444 0.7017266981343552 0.6966627853278659 0.6915988725213766 0.6865349597148874 0.6814710469083896 0.6764071341019003 0.6713432212954111 0.6684459263374506 0.6678647948271216
-9999.0 0.8202015266512243 0.8207705114089094 0.8213394961665945 0.8219084809242797 0.8224774656819648 0.82304645043965 0.8236154351973352 0.8241844199550202 0.8247534047127054 0.8253223894703906 0.8258913742280757 0.8236629472100566 0.8184440237940805 0.8132251003781135 0.8080061769621463 0.8027872535461792 0.7975683301302121 0.7923494067142449 0.7871304832982778 0.7819115598823106 0.7766926364663436 0.7714737130503765 0.7662547896344093 0.7610358662184422 0.755816942802475 0.7505980193864991 0.745379095970532 0.7401601725545648 0.7349412491385977 0.7297223257226306 0.7245034023066634 0.7192844788906964 0.7140655554747292 0.7088466320587621 0.703627708642795 0.6984087852268278 0.6931898618108607 0.6879709383948935 0.6827520149789176 0.6775330915629505 0.6723141681469833 0.6692961628548747 0.6686309887799425
-9999.0 0.823790521870339 0.8243876175500184 0.8249847132296979 0.8255818089093775 0.826178904589057 0.8267760002687364 0.827373095948416 0.8279701916280955 0.828567287307775 0.8291643829874545 0.829761478667134 0.8275936296383901 0.8224699922402315 0.8173463548420817 0.812222717443932 0.8070990800457822 0.8019754426476324 0.7968518052494827 0.7917281678513329 0.7866045304531831 0.7814808930550334 0.7763572556568836 0.7712336182587338 0.7661099808605841 0.7609863434624343 0.7558627060642757 0.750739068666126 0.7456154312679762 0.7404917938698266 0.7353681564716767 0.7302445190735269 0.7251208816753771 0.7199972442772274 0.7148736068790776 0.7097499694809278 0.7046263320827781 0.6995026946846283 0.6943790572864785 0.6892554198883201 0.6841317824901703 0.6790081450920206 0.6759395954222921 0.6750679809811168
-9999.0 -9999.0 0.8280047236911305 0.8286299302928044 0.8292551368944784 0.8298803434961523 0.8305055500978261 0.8311307566995 0.831755963301174 0.8323811699028478 0.8330063765045217 0.8336315831061956 0.831524312066727 0.826495960686386 0.8214676093060537 0.8164392579257214 0.811410906545389 0.8063825551650566 0.8013542037847243 0.796325852404392 0.7912975010240597 0.7862691496437273 0.781240798263395 0.7762124468830627 0.7711840955027303 0.766155744122398 0.7611273927420571 0.7560990413617248 0.7510706899813924 0.7460423386010601 0.7410139872207278 0.7359856358403953 0.730957284460063 0.7259289330797307 0.7209005816993984 0.715872230319066 0.7108438789387337 0.7058155275584014 0.7007871761780691 0.6957588247977281 0.6907304734173958 0.6857021220370635 0.682583027989715 0.6815049731822966
-9999.0 -9999.0 -9999.0 -9999.0 -9999.0 -9999.0 0.8342350999269126 0.8348884174505808 0.8355417349742491 0.8361950524979174 0.8368483700215856 0.8375016875452539 0.8354549944950604 0.830521929132537 0.825588863770022 0.820655798407507 0.8157227330449921 0.8107896676824771 0.8058566023199621 0.8009235369574471 0.7959904715949322 0.7910574062324172 0.7861243408699021 0.7811912755073872 0.7762582101448722 0.7713251447823573 0.7663920794198338 0.7614590140573189 0.7565259486948038 0.7515928833322889 0.7466598179697739 0.7417267526072588 0.7367936872447439 0.7318606218822289 0.726927556519714 0.7219944911571989 0.717061425794684 0.712128360432169 0.7071952950696541 0.7022622297071306 0.6973291643446156 0.6923960989821006 0.6892264605571324 0.6879419653834709
