Figures/CREST_Example_wjb_NSE/PETs/wjb.pet.20100830.asc
ncols            288
nrows            254
xllcorner        113.274861
yllcorner        31.4918055
cellsize         0.008333333333
NODATA_value     -9999
[rows 80 to 99 of 254, columns 132 to 175 of 288]
3.0745067406305098 3.0739007604071324 3.073294780183755 3.072688799960378 3.0720828197370005 3.071476839513623 3.070870859290246 3.0702648790668685 3.069658898843491 3.069052918620114 3.0684469383967365 3.0678409581733583 3.067234977949981 3.0666289977266037 3.0660230175032264 3.065417037279849 3.0648110570564717 3.0642050768330944 3.063599096609717 3.0629931163863398 3.0623871361629624 3.061781155939585 3.061175175716208 3.0605691954928305 3.059963215269452 3.0593572350460745 3.058751254822697 3.05814527459932 3.0575392943759425 3.056933314152565 3.057180555504509 3.058339910021595 3.0594992645386814 3.060658619055768 3.0618179735728543 3.062977328089941 3.0641366826070273 3.065296037124116 3.066455391641202 3.0676147461582883 3.068774100675375 3.0699334551924613 3.071092809709548 3.0722521642266343
3.0777086500580797 3.0771959187836226 3.076683187509166 3.076170456234709 3.0756577249602524 3.0751449936857953 3.0746322624113387 3.0741195311368816 3.073606799862425 3.073094068587968 3.0725813373135114 3.0720686060390534 3.071555874764597 3.0710431434901397 3.070530412215683 3.070017680941226 3.0695049496667695 3.0689922183923124 3.068479487117856 3.0679667558433987 3.067454024568942 3.066941293294485 3.0664285620200284 3.0659158307455714 3.065403099471114 3.064890368196657 3.0643776369222 3.063864905647743 3.0633521743732866 3.0628394430988295 3.0631176650699614 3.064241433953152 3.0653652028363423 3.066488971719533 3.067612740602723 3.068736509485914 3.069860278369104 3.0709840472522965 3.0721078161354867 3.0732315850186773 3.0743553539018675 3.075479122785058 3.0766028916682484 3.077726660551439
3.080910559485649 3.080491077160113 3.0800715948345765 3.07965211250904 3.079232630183504 3.0788131478579674 3.078393665532431 3.0779741832068948 3.0775547008813584 3.077135218555822 3.0767157362302857 3.0762962539047485 3.075876771579212 3.075457289253676 3.0750378069281394 3.074618324602603 3.0741988422770667 3.073779359951531 3.0733598776259945 3.072940395300458 3.072520912974922 3.0721014306493855 3.071681948323849 3.0712624659983128 3.0708429836727755 3.070423501347239 3.070004019021703 3.0695845366961665 3.06916505437063 3.068745572045094 3.0690547746354144 3.0701429578847086 3.071231141134003 3.0723193243832974 3.073407507632592 3.074495690881886 3.0755838741311807 3.076672057380477 3.0777602406297713 3.078848423879066 3.07993660712836 3.0810247903776546 3.0821129736269492 3.0832011568762434
3.0841124689132187 3.083786235536603 3.083460002159987 3.0831337687833713 3.0828075354067552 3.0824813020301396 3.0821550686535235 3.081828835276908 3.081502601900292 3.081176368523676 3.08085013514706 3.0805239017704436 3.080197668393828 3.079871435017212 3.079545201640596 3.07921896826398 3.0788927348873645 3.0785665015107484 3.0782402681341328 3.0779140347575167 3.077587801380901 3.077261568004285 3.0769353346276693 3.0766091012510532 3.0762828678744367 3.075956634497821 3.075630401121205 3.0753041677445894 3.0749779343679733 3.0746517009913577 3.0749918842008666 3.076044481816265 3.077097079431663 3.0781496770470618 3.0792022746624603 3.080254872277859 3.081307469893257 3.0823600675086573 3.083412665124056 3.084465262739454 3.0855178603548525 3.086570457970251 3.0876230555856496 3.0886756532010478
3.0873143783407886 3.087081393913093 3.086848409485398 3.0866154250577025 3.086382440630007 3.0861494562023117 3.0859164717746164 3.085683487346921 3.0854505029192256 3.0852175184915303 3.084984534063835 3.084751549636139 3.0845185652084437 3.0842855807807483 3.084052596353053 3.0838196119253576 3.083586627497662 3.083353643069967 3.0831206586422715 3.082887674214576 3.0826546897868807 3.0824217053591854 3.08218872093149 3.0819557365037946 3.081722752076099 3.0814897676484034 3.081256783220708 3.0810237987930127 3.0807908143653173 3.080557829937622 3.080928993766319 3.0819460057478216 3.082963017729324 3.0839800297108266 3.084997041692329 3.0860140536738316 3.0870310656553337 3.088048077636838 3.0890650896183405 3.090082101599843 3.0910991135813455 3.092116125562848 3.09313313754435 3.0941501495258525
3.0905162877683607 3.090376552289586 3.0902368168108114 3.0900970813320363 3.0899573458532616 3.089817610374487 3.0896778748957123 3.0895381394169372 3.0893984039381626 3.089258668459388 3.089118932980613 3.0889791975018377 3.088839462023063 3.0886997265442884 3.0885599910655137 3.0884202555867386 3.088280520107964 3.0881407846291893 3.088001049150414 3.0878613136716395 3.087721578192865 3.0875818427140898 3.087442107235315 3.0873023717565404 3.0871626362777653 3.0870229007989907 3.0868831653202156 3.086743429841441 3.0866036943626662 3.086463958883891 3.0868661033317775 3.087847529679384 3.0888289560269904 3.0898103823745964 3.090791808722203 3.0917732350698093 3.0927546614174157 3.093736087765024 3.09471751411263 3.0956989404602364 3.096680366807843 3.0976617931554493 3.0986432195030558 3.099624645850662
3.0937181971959307 3.0936717106660763 3.093625224136222 3.0935787376063675 3.093532251076513 3.093485764546659 3.0934392780168047 3.0933927914869503 3.093346304957096 3.0932998184272416 3.093253331897387 3.0932068453675328 3.093160358837679 3.0931138723078244 3.09306738577797 3.0930208992481156 3.0929744127182612 3.092927926188407 3.092881439658553 3.0928349531286985 3.092788466598844 3.0927419800689897 3.0926954935391353 3.092649007009281 3.0926025204794265 3.0925560339495726 3.092509547419718 3.092463060889864 3.0924165743600094 3.092370087830155 3.0928032128972296 3.09374905361094 3.0946948943246504 3.095640735038361 3.096586575752071 3.0975324164657816 3.098478257179492 3.099424097893204 3.1003699386069146 3.101315779320625 3.1022616200343354 3.1032074607480458 3.104153301461756 3.1050991421754666
3.0969201066234997 3.096966869042566 3.0970136314616323 3.097060393880698 3.0971071562997645 3.097153918718831 3.097200681137897 3.097247443556963 3.0972942059760293 3.0973409683950957 3.0973877308141615 3.097434493233228 3.097481255652294 3.0975280180713605 3.0975747804904263 3.0976215429094927 3.097668305328559 3.097715067747625 3.097761830166691 3.0978085925857575 3.097855355004824 3.0979021174238897 3.097948879842956 3.0979956422620223 3.0980424046810886 3.0980891671001545 3.098135929519221 3.098182691938287 3.098229454357353 3.0982762167764193 3.0987403224626826 3.099650577542497 3.1005608326223113 3.1014710877021257 3.10238134278194 3.1032915978617543 3.1042018529415687 3.105112108021385 3.106022363101199 3.1069326181810135 3.107842873260828 3.108753128340642 3.109663383420457 3.1105736385002714
3.1010075395378984 3.1011333560825087 3.1012591726271195 3.10138498917173 3.10151080571634 3.1016366222609504 3.101762438805561 3.1018882553501714 3.1020140718947817 3.102139888439392 3.102265704984003 3.102391521528613 3.102517338073224 3.102643154617834 3.1027689711624444 3.102894787707055 3.1030206042516655 3.103146420796276 3.103272237340886 3.103398053885497 3.103523870430107 3.1036496869747174 3.1037755035193277 3.1039013200639385 3.104027136608549 3.1041529531531595 3.10427876969777 3.10440458624238 3.1045304027869904 3.104656219331601 3.105167222017233 3.1060899974010923 3.1070127727849517 3.107935548168811 3.1088583235526706 3.10978109893653 3.1107038743203894 3.11162664970425 3.1125494250881096 3.113472200471969 3.114394975855829 3.1153177512396883 3.116240526623548 3.117163302007407
3.1060415412290197 3.106231238527944 3.1064209358268675 3.1066106331257917 3.106800330424716 3.10699002772364 3.107179725022564 3.1073694223214883 3.1075591196204124 3.107748816919336 3.1079385142182603 3.108128211517185 3.108317908816109 3.108507606115033 3.108697303413957 3.108887000712881 3.109076698011805 3.1092663953107293 3.1094560926096535 3.1096457899085777 3.109835487207502 3.1100251845064255 3.1102148818053497 3.110404579104274 3.1105942764031984 3.1107839737021226 3.1109736710010463 3.1111633682999704 3.1113530655988946 3.1115427628978187 3.1121176761897313 3.1131043940923 3.114091111994869 3.1150778298974378 3.1160645478000064 3.117051265702575 3.118037983605144 3.1190247015077146 3.1200114194102833 3.120998137312852 3.121984855215421 3.1229715731179897 3.1239582910205583 3.1249450089231274
3.1110755429201404 3.1113291209733784 3.111582699026616 3.111836277079854 3.1120898551330916 3.112343433186329 3.112597011239567 3.1128505892928047 3.1131041673460427 3.1133577453992802 3.1136113234525182 3.1138649015057562 3.114118479558994 3.114372057612232 3.1146256356654693 3.1148792137187074 3.115132791771945 3.1153863698251825 3.1156399478784205 3.115893525931658 3.116147103984896 3.1164006820381336 3.1166542600913716 3.116907838144609 3.117161416197847 3.117414994251085 3.1176685723043227 3.1179221503575607 3.1181757284107983 3.118429306464036 3.1190681303622294 3.1201187907835077 3.121169451204786 3.122220111626064 3.1232707720473423 3.12432143246862 3.1253720928898985 3.1264227533111786 3.1274734137324565 3.128524074153735 3.129574734575013 3.130625394996291 3.1316760554175693 3.132726715838847
3.1161095446112617 3.116427003418813 3.1167444622263645 3.117061921033916 3.1173793798414673 3.1176968386490187 3.11801429745657 3.1183317562641215 3.118649215071673 3.1189666738792243 3.1192841326867757 3.1196015914943276 3.119919050301879 3.1202365091094304 3.120553967916982 3.120871426724533 3.1211888855320846 3.121506344339636 3.1218238031471874 3.122141261954739 3.1224587207622903 3.1227761795698417 3.123093638377393 3.1234110971849445 3.1237285559924963 3.1240460148000477 3.124363473607599 3.1246809324151505 3.124998391222702 3.1253158500302534 3.126018584534728 3.1271331874747155 3.128247790414703 3.1293623933546906 3.1304769962946777 3.1315915992346652 3.132706202174653 3.133820805114642 3.1349354080546297 3.136050010994617 3.1371646139346048 3.1382792168745923 3.13939381981458 3.1405084227545674
3.121143546302387 3.1215248858642517 3.121906225426117 3.122287564987982 3.1226689045498475 3.1230502441117123 3.1234315836735775 3.123812923235443 3.1241942627973076 3.124575602359173 3.124956941921038 3.125338281482904 3.125719621044769 3.126100960606634 3.126482300168499 3.1268636397303644 3.1272449792922297 3.1276263188540945 3.1280076584159597 3.128388997977825 3.12877033753969 3.129151677101555 3.1295330166634203 3.129914356225285 3.1302956957871513 3.130677035349016 3.1310583749108813 3.1314397144727466 3.1318210540346114 3.1322023935964767 3.132969038707232 3.1341475841659294 3.135326129624626 3.136504675083323 3.1376832205420198 3.138861766000717 3.1400403114594138 3.1412188569181128 3.1423974023768095 3.1435759478355063 3.1447544932942035 3.1459330387529003 3.147111584211597 3.1482901296702943
3.126177547993508 3.126622768309687 3.127067988625866 3.1275132089420445 3.127958429258223 3.1284036495744023 3.128848869890581 3.1292940902067596 3.1297393105229387 3.1301845308391174 3.130629751155296 3.1310749714714756 3.1315201917876543 3.1319654121038334 3.132410632420012 3.1328558527361907 3.1333010730523694 3.1337462933685485 3.134191513684727 3.134636734000906 3.1350819543170845 3.1355271746332636 3.1359723949494422 3.136417615265621 3.1368628355818005 3.137308055897979 3.1377532762141582 3.138198496530337 3.1386437168465156 3.1390889371626947 3.139919492879731 3.141161980857137 3.1424044688345436 3.1436469568119496 3.144889444789356 3.1461319327667625 3.1473744207441685 3.148616908721577 3.149859396698983 3.1511018846763896 3.1523443726537956 3.153586860631202 3.154829348608608 3.1560718365860145
3.1312115496846293 3.131720650755122 3.1322297518256144 3.132738852896107 3.133247953966599 3.1337570550370915 3.134266156107584 3.1347752571780765 3.135284358248569 3.135793459319061 3.1363025603895536 3.136811661460047 3.1373207625305395 3.137829863601032 3.1383389646715245 3.1388480657420166 3.139357166812509 3.1398662678830016 3.140375368953494 3.1408844700239866 3.141393571094479 3.141902672164971 3.1424117732354637 3.1429208743059562 3.1434299753764496 3.143939076446942 3.144448177517434 3.1449572785879267 3.1454663796584192 3.1459754807289118 3.146869947052229 3.148176377548345 3.1494828080444606 3.1507892385405762 3.152095669036692 3.153402099532807 3.154708530028923 3.1560149605250407 3.1573213910211564 3.158627821517272 3.1599342520133877 3.1612406825095034 3.162547113005619 3.1638535435017343
3.1362455513757506 3.1368185332005565 3.137391515025363 3.1379644968501688 3.1385374786749747 3.139110460499781 3.139683442324587 3.1402564241493933 3.1408294059741992 3.141402387799005 3.1419753696238115 3.1425483514486188 3.1431213332734247 3.1436943150982306 3.144267296923037 3.144840278747843 3.1454132605726492 3.145986242397455 3.146559224222261 3.1471322060470674 3.1477051878718734 3.1482781696966797 3.1488511515214856 3.149424133346292 3.149997115171099 3.150570096995905 3.151143078820711 3.151716060645517 3.1522890424703234 3.1528620242951293 3.153820401224728 3.155190774239553 3.156561147254378 3.157931520269203 3.1593018932840278 3.1606722662988527 3.162042639313678 3.163413012328505 3.16478338534333 3.166153758358155 3.16752413137298 3.168894504387805 3.17026487740263 3.171635250417455
3.1412795530668713 3.141916415645991 3.142553278225111 3.1431901408042306 3.1438270033833504 3.14446386596247 3.14510072854159 3.1457375911207097 3.1463744536998295 3.1470113162789493 3.147648178858069 3.14828504143719 3.14892190401631 3.1495587665954297 3.1501956291745494 3.150832491753669 3.1514693543327885 3.1521062169119083 3.152743079491028 3.153379942070148 3.1540168046492676 3.1546536672283874 3.155290529807507 3.155927392386627 3.156564254965748 3.1572011175448678 3.1578379801239875 3.1584748427031073 3.159111705282227 3.159748567861347 3.1607708553972262 3.1622051709307604 3.163639486464295 3.165073801997829 3.1665081175313636 3.1679424330648978 3.1693767485984323 3.170811064131969 3.1722453796655032 3.173679695199038 3.175114010732572 3.176548326266106 3.1779826417996406 3.1794169573331748
3.1463135547579926 3.147014298091426 3.1477150414248594 3.148415784758293 3.149116528091726 3.1498172714251598 3.150518014758593 3.1512187580920266 3.1519195014254597 3.1526202447588934 3.1533209880923265 3.1540217314257615 3.1547224747591947 3.1554232180926283 3.1561239614260614 3.156824704759495 3.1575254480929282 3.158226191426362 3.158926934759795 3.1596276780932286 3.1603284214266623 3.1610291647600954 3.161729908093529 3.1624306514269622 3.1631313947603967 3.1638321380938303 3.1645328814272635 3.165233624760697 3.1659343680941308 3.166635111427564 3.1677213095697243 3.169219567621968 3.170717825674212 3.1722160837264557 3.173714341778699 3.175212599830943 3.1767108578831866 3.1782091159354326 3.1797073739876764 3.1812056320399202 3.182703890092164 3.1842021481444074 3.185700406196651 3.187198664248895
3.1513475564491182 3.1521121805368653 3.1528768046246123 3.1536414287123593 3.1544060528001068 3.155170676887854 3.155935300975601 3.156699925063348 3.1574645491510953 3.1582291732388423 3.1589937973265894 3.1597584214143377 3.1605230455020847 3.161287669589832 3.1620522936775792 3.1628169177653263 3.1635815418530733 3.1643461659408207 3.1651107900285678 3.165875414116315 3.166640038204062 3.1674046622918093 3.1681692863795563 3.1689339104673033 3.1696985345550517 3.1704631586427987 3.171227782730546 3.171992406818293 3.17275703090604 3.1735216549937872 3.174671763742229 3.176233964313182 3.177796164884135 3.179358365455088 3.180920566026041 3.1824827665969946 3.1840449671679476 3.1856071677389033 3.1871693683098563 3.1887315688808093 3.1902937694517624 3.191855970022716 3.193418170593669 3.194980371164622
3.156381558140239 3.1572100629823 3.1580385678243608 3.1588670726664216 3.1596955775084825 3.160524082350543 3.161352587192604 3.1621810920346647 3.1630095968767256 3.1638381017187864 3.1646666065608473 3.1654951114029095 3.16632361624497 3.167152121087031 3.1679806259290917 3.1688091307711526 3.1696376356132134 3.1704661404552743 3.1712946452973347 3.1721231501393956 3.1729516549814565 3.1737801598235174 3.1746086646655782 3.175437169507639 3.1762656743497013 3.1770941791917617 3.1779226840338226 3.1787511888758835 3.1795796937179444 3.1804081985600052 3.1816222179147275 3.1832483610043902 3.1848745040940525 3.186500647183715 3.1881267902733774 3.1897529333630397 3.1913790764527024 3.1930052195423673 3.19463136263203 3.196257505721692 3.197883648811355 3.199509791901017 3.2011359349906794 3.202762078080342
