Figures/CREST_Example_wjb_NSE/PETs/wjb.pet.20090620.asc
ncols            288
nrows            254
xllcorner        113.274861
yllcorner        31.4918055
cellsize         0.008333333333
NODATA_value     -9999
[rows 120 to 139 of 254, columns 88 to 131 of 288]
2.034497346549368 2.0314879357636735 2.0284785249779786 2.025469114192279 2.022459703406584 2.0194502926208897 2.016440881835195 2.0134314710495005 2.0104220602638057 2.007412649478111 2.0044032386924164 2.0013938279067216 1.998384417121027 1.9953750063353324 1.995144562494268 1.997884897152784 2.0006252318113047 2.0033655664698204 2.006105901128336 2.0088462357868524 2.011586570445368 2.014326905103884 2.0170672397624 2.019807574420916 2.0225479090794316 2.025288243737948 2.0280285783964636 2.0307689130549793 2.0335092477134955 2.036249582372016 2.038989917030532 2.0417302516890476 2.044470586347564 2.0472109210060796 2.0499512556645954 2.0526915903231115 2.0554319249816273 2.058172259640143 2.0609125942986593 2.063652928957175 2.0663932636156908 2.069133598274207 2.071873932932727 2.0746142675912433
2.019795446914553 2.0169676646460557 2.014139882377558 2.0113121001090555 2.0084843178405576 2.00565653557206 2.0028287533035622 2.000000971035065 1.997173188766567 1.9943454064980692 1.9915176242295716 1.988689841961074 1.9858620596925762 1.9830342774240786 1.9829497795684776 1.985797914779209 1.9886460499899454 1.9914941852006771 1.9943423204114086 1.99719045562214 2.0000385908328715 2.0028867260436027 2.0057348612543344 2.008582996465066 2.0114311316757973 2.014279266886529 2.0171274020972603 2.019975537307992 2.022823672518723 2.0256718077294598 2.028519942940191 2.0313680781509227 2.0342162133616544 2.0370643485723856 2.0399124837831173 2.0427606189938485 2.04560875420458 2.0484568894153115 2.051305024626043 2.0541531598367744 2.057001295047506 2.0598494302582377 2.062697565468974 2.0655457006797056
2.005093547279739 2.0024473935284384 1.9998012397771376 1.9971550860258322 1.9945089322745315 1.9918627785232308 1.98921662477193 1.9865704710206293 1.9839243172693286 1.9812781635180279 1.9786320097667272 1.9759858560154264 1.9733397022641257 1.970693548512825 1.9707549966426876 1.9737109324056348 1.9766668681685868 1.979622803931534 1.982578739694481 1.9855346754574281 1.988490611220375 1.9914465469833222 1.9944024827462694 1.9973584185092164 2.0003143542721635 2.0032702900351107 2.0062262257980574 2.0091821615610046 2.0121380973239518 2.015094033086904 2.018049968849851 2.021005904612798 2.023961840375745 2.026917776138692 2.0298737119016392 2.0328296476645864 2.0357855834275336 2.0387415191904803 2.0416974549534275 2.0446533907163746 2.047609326479322 2.0505652622422685 2.053521198005221 2.0564771337681678
1.9903916476449244 1.9879271224108206 1.9854625971767168 1.982998071942609 1.9805335467085052 1.9780690214744014 1.9756044962402977 1.9731399710061939 1.97067544577209 1.9682109205379863 1.9657463953038825 1.9632818700697787 1.960817344835675 1.9583528196015711 1.9585602137168971 1.9616239500320598 1.9646876863472278 1.9677514226623904 1.970815158977553 1.9738788952927158 1.9769426316078784 1.980006367923041 1.9830701042382037 1.9861338405533664 1.989197576868529 1.9922613131836917 1.9953250494988544 1.998388785814017 2.00145252212918 2.0045162584443474 2.00757999475951 2.0106437310746728 2.0137074673898354 2.016771203704998 2.0198349400201607 2.0228986763353234 2.025962412650486 2.0290261489656487 2.0320898852808114 2.035153621595974 2.0382173579111367 2.0412810942262993 2.0443448305414673 2.04740856685663
1.9756897480100974 1.9734068512931908 1.9711239545762842 1.9688410578593736 1.966558161142467 1.9642752644255603 1.9619923677086535 1.9597094709917469 1.9574265742748402 1.9551436775579336 1.952860780841027 1.9505778841241201 1.9482949874072135 1.946012090690307 1.9463654307910967 1.949536967658475 1.9527085045258588 1.9558800413932371 1.9590515782606155 1.9622231151279939 1.9653946519953722 1.9685661888627506 1.9717377257301287 1.974909262597507 1.9780807994648855 1.9812523363322638 1.9844238731996422 1.9875954100670206 1.990766946934399 1.9939384838017826 1.997110020669161 2.0002815575365394 2.003453094403918 2.006624631271296 2.0097961681386742 2.012967705006053 2.016139241873431 2.0193107787408096 2.0224823156081877 2.0256538524755663 2.0288253893429444 2.031996926210323 2.0351684630777065 2.038339999945085
1.960987848375283 1.9588865801755733 1.9567853119758636 1.9546840437761501 1.9525827755764404 1.9504815073767308 1.948380239177021 1.9462789709773114 1.9441777027776017 1.942076434577892 1.9399751663781823 1.9378738981784727 1.935772629978763 1.9336713617790533 1.9341706478653065 1.9374499852849003 1.9407293227045 1.9440086601240938 1.9472879975436876 1.9505673349632817 1.9538466723828756 1.9571260098024694 1.9604053472220635 1.9636846846416574 1.9669640220612512 1.9702433594808453 1.9735226969004391 1.976802034320033 1.980081371739627 1.9833607091592265 1.9866400465788205 1.9899193839984144 1.9931987214180082 1.9964780588376023 1.9997573962571962 2.0030367336767902 2.006316071096384 2.009595408515978 2.012874745935572 2.0161540833551657 2.0194334207747597 2.022712758194354 2.025992095613953 2.0292714330335473
1.9462859487404685 1.9443663090579557 1.942446669375443 1.940527029692927 1.9386073900104142 1.9366877503279014 1.9347681106453887 1.932848470962876 1.9309288312803632 1.9290091915978504 1.9270895519153377 1.925169912232825 1.9232502725503122 1.9213306328677995 1.9219758649395162 1.9253630029113258 1.928750140883141 1.9321372788549505 1.93552441682676 1.9389115547985696 1.9422986927703791 1.9456858307421887 1.949072968713998 1.9524601066858076 1.9558472446576172 1.9592343826294267 1.9626215206012363 1.9660086585730459 1.9693957965448552 1.9727829345166705 1.97617007248848 1.9795572104602897 1.9829443484320992 1.9863314864039086 1.9897186243757181 1.9931057623475277 1.9964929003193372 1.9998800382911468 2.0032671762629564 2.006654314234766 2.0100414522065755 2.013428590178385 2.0168157281502 2.0202028661220095
1.931584049105654 1.9298460379403382 1.9281080267750224 1.9263700156097037 1.9246320044443879 1.922893993279072 1.9211559821137563 1.9194179709484405 1.9176799597831247 1.9159419486178089 1.914203937452493 1.9124659262871775 1.9107279151218617 1.9089899039565459 1.909781082013726 1.913276020537751 1.916770959061782 1.9202658975858071 1.9237608361098324 1.9272557746338574 1.9307507131578825 1.9342456516819075 1.9377405902059328 1.9412355287299579 1.944730467253983 1.948225405778008 1.9517203443020332 1.9552152828260583 1.9587102213500833 1.9622051598741144 1.9657000983981394 1.9691950369221647 1.9726899754461897 1.9761849139702148 1.9796798524942398 1.983174791018265 1.9866697295422902 1.9901646680663152 1.9936596065903402 1.9971545451143653 2.0006494836383903 2.0041444221624154 2.0076393606864467 2.0111342992104717
1.9168821494708395 1.9153257668227206 1.9137693841746017 1.9122130015264804 1.9106566188783616 1.9091002362302427 1.9075438535821239 1.905987470934005 1.9044310882858861 1.9028747056377675 1.9013183229896486 1.8997619403415298 1.898205557693411 1.896649175045292 1.8975862990879357 1.9011890381641765 1.9047917772404233 1.908394516316664 1.9119972553929045 1.9155999944691453 1.919202733545386 1.9228054726216268 1.9264082116978674 1.9300109507741081 1.9336136898503489 1.9372164289265896 1.9408191680028302 1.944421907079071 1.9480246461553117 1.9516273852315584 1.9552301243077992 1.95883286338404 1.9624356024602805 1.9660383415365212 1.969641080612762 1.9732438196890025 1.9768465587652433 1.980449297841484 1.9840520369177248 1.9876547759939653 1.991257515070206 1.9948602541464469 1.9984629932226936 2.0020657322989344
1.902180249836025 1.900805495705103 1.8994307415741811 1.898055987443257 1.896681233312335 1.8953064791814132 1.8939317250504912 1.8925569709195695 1.8911822167886476 1.8898074626577257 1.8884327085268038 1.8870579543958819 1.8856832002649602 1.8843084461340383 1.8853915161621453 1.8891020557906015 1.8928125954190642 1.8965231350475205 1.9002336746759767 1.903944214304433 1.9076547539328892 1.9113652935613457 1.915075833189802 1.9187863728182581 1.9224969124467144 1.9262074520751706 1.9299179917036269 1.9336285313320833 1.9373390709605396 1.9410496105890023 1.9447601502174585 1.9484706898459148 1.952181229474371 1.9558917691028272 1.9596023087312835 1.96331284835974 1.9670233879881962 1.9707339276166524 1.9744444672451087 1.978155006873565 1.9818655465020212 1.9855760861304776 1.98928662575894 1.9929971653873964
1.8874783502012105 1.8862852245874855 1.8850920989737605 1.8838989733600335 1.8827058477463088 1.8815127221325838 1.8803195965188588 1.879126470905134 1.877933345291409 1.8767402196776841 1.8755470940639594 1.8743539684502344 1.8731608428365094 1.8719677172227844 1.873196733236355 1.877015073417027 1.8808334135977054 1.8846517537783771 1.888470093959049 1.8922884341397208 1.8961067743203928 1.8999251145010647 1.9037434546817364 1.9075617948624084 1.9113801350430804 1.915198475223752 1.919016815404424 1.9228351555850958 1.9266534957657677 1.9304718359464461 1.934290176127118 1.9381085163077898 1.9419268564884618 1.9457451966691335 1.9495635368498054 1.9533818770304774 1.9572002172111491 1.961018557391821 1.964836897572493 1.9686552377531648 1.9724735779338367 1.9762919181145084 1.9801102582951868 1.9839285984758588
1.8727764505663833 1.8717649534698555 1.870753456373328 1.8697419592767983 1.8687304621802705 1.8677189650837427 1.8667074679872149 1.865695970890687 1.8646844737941592 1.8636729766976314 1.8626614796011036 1.8616499825045758 1.8606384854080482 1.8596269883115204 1.8610019503105544 1.864928091043442 1.8688542317763361 1.8727803725092238 1.8767065132421112 1.880632653974999 1.8845587947078863 1.888484935440774 1.8924110761736614 1.896337216906549 1.9002633576394365 1.9041894983723242 1.9081156391052116 1.9120417798380993 1.9159679205709867 1.919894061303881 1.9238202020367687 1.9277463427696562 1.9316724835025438 1.9355986242354313 1.939524764968319 1.9434509057012064 1.947377046434094 1.9513031871669815 1.9552293278998691 1.9591554686327566 1.9630816093656442 1.9670077500985317 1.970933890831426 1.9748600315643134
1.8580745509315688 1.857244682352238 1.8564148137729073 1.8555849451935749 1.8547550766142442 1.8539252080349133 1.8530953394555825 1.8522654708762516 1.8514356022969207 1.8506057337175899 1.8497758651382592 1.8489459965589283 1.8481161279795975 1.8472862594002666 1.8488071673847641 1.8528411086698673 1.8568750499549773 1.8609089912400805 1.8649429325251836 1.8689768738102868 1.87301081509539 1.877044756380493 1.8810786976655962 1.8851126389506994 1.8891465802358025 1.8931805215209057 1.8972144628060088 1.901248404091112 1.905282345376215 1.9093162866613251 1.9133502279464283 1.9173841692315312 1.9214181105166344 1.9254520518017375 1.9294859930868407 1.9335199343719438 1.937553875657047 1.94158781694215 1.9456217582272533 1.9496556995123564 1.9536896407974595 1.9577235820825627 1.9617575233676727 1.9657914646527759
1.8433726512967543 1.8427244112346206 1.8420761711724867 1.8414279311103516 1.8407796910482177 1.840131450986084 1.83948321092395 1.8388349708618161 1.8381867307996822 1.8375384907375485 1.8368902506754146 1.8362420106132806 1.835593770551147 1.834945530489013 1.836612384458974 1.8407541262962928 1.8448958681336185 1.8490376099709371 1.853179351808256 1.8573210936455746 1.8614628354828935 1.8656045773202121 1.8697463191575308 1.8738880609948496 1.8780298028321682 1.882171544669487 1.8863132865068057 1.8904550283441244 1.8945967701814432 1.898738512018769 1.9028802538560876 1.9070219956934065 1.911163737530725 1.915305479368044 1.9194472212053626 1.9235889630426812 1.92773070488 1.9318724467173187 1.9360141885546376 1.9401559303919562 1.944297672229275 1.9484394140665937 1.9525811559039195 1.9567228977412383
1.82867075166194 1.828204140117003 1.827737528572066 1.8272709170271284 1.8268043054821914 1.8263376939372546 1.8258710823923177 1.8254044708473807 1.824937859302444 1.824471247757507 1.82400463621257 1.8235380246676332 1.8230714131226962 1.8226048015777592 1.8244176015331837 1.828667143922718 1.8329166863122597 1.837166228701794 1.8414157710913281 1.8456653134808625 1.8499148558703968 1.8541643982599312 1.8584139406494655 1.8626634830389999 1.8669130254285342 1.8711625678180683 1.8754121102076027 1.879661652597137 1.8839111949866714 1.888160737376213 1.8924102797657472 1.8966598221552815 1.9009093645448158 1.9051589069343502 1.9094084493238845 1.9136579917134189 1.917907534102953 1.9221570764924873 1.9264066188820217 1.930656161271556 1.9349057036610904 1.9391552460506247 1.9434047884401662 1.9476543308297005
1.8139688520271253 1.8136838689993855 1.8133988859716454 1.813113902943905 1.8128289199161651 1.812543936888425 1.812258953860685 1.8119739708329452 1.8116889878052052 1.811404004777465 1.8111190217497253 1.8108340387219852 1.8105490556942454 1.8102640726665054 1.8122228186073932 1.8165801615491433 1.8209375044909006 1.8252948474326505 1.8296521903744003 1.8340095333161504 1.8383668762579002 1.84272421919965 1.8470815621414 1.85143890508315 1.8557962480248997 1.8601535909666498 1.8645109339083996 1.8688682768501494 1.8732256197918995 1.8775829627336567 1.8819403056754067 1.8862976486171565 1.8906549915589064 1.8950123345006564 1.8993696774424063 1.903727020384156 1.9080843633259061 1.912441706267656 1.916799049209406 1.9211563921511559 1.9255137350929057 1.9298710780346555 1.934228420976413 1.938585763918163
1.7992669523923108 1.799163597881768 1.7990602433712248 1.7989568888606817 1.7988535343501386 1.7987501798395957 1.7986468253290526 1.7985434708185097 1.7984401163079666 1.7983367617974237 1.7982334072868806 1.7981300527763378 1.7980266982657946 1.7979233437552518 1.800028035681603 1.8044931791755685 1.8089583226695416 1.8134234661635071 1.8178886096574727 1.8223537531514382 1.8268188966454038 1.831284040139369 1.8357491836333346 1.8402143271273002 1.8446794706212657 1.849144614115231 1.8536097576091966 1.858074901103162 1.8625400445971276 1.8670051880911007 1.8714703315850663 1.8759354750790318 1.8804006185729971 1.8848657620669627 1.8893309055609282 1.8937960490548937 1.898261192548859 1.9027263360428246 1.9071914795367901 1.9116566230307557 1.9161217665247212 1.9205869100186865 1.9250520535126596 1.9295171970066252
1.784565052757484 1.784643326764138 1.784721600770792 1.7847998747774463 1.7848781487841003 1.7849564227907546 1.7850346967974087 1.7851129708040627 1.7851912448107168 1.785269518817371 1.7853477928240251 1.7854260668306792 1.7855043408373332 1.7855826148439875 1.7878332527558025 1.7924061968019835 1.7969791408481726 1.8015520848943538 1.8061250289405348 1.810697972986716 1.8152709170328973 1.8198438610790784 1.8244168051252596 1.8289897491714409 1.8335626932176219 1.8381356372638031 1.8427085813099842 1.8472815253561654 1.8518544694023467 1.8564274134485357 1.8610003574947167 1.865573301540898 1.870146245587079 1.8747191896332602 1.8792921336794415 1.8838650777256225 1.8884380217718038 1.893010965817985 1.897583909864166 1.9021568539103473 1.9067297979565285 1.9113027420027096 1.9158756860488986 1.9204486300950798
1.7698631531226694 1.7701230556465204 1.7703829581703714 1.770642860694223 1.770902763218074 1.771162665741925 1.7714225682657763 1.7716824707896273 1.7719423733134783 1.7722022758373295 1.7724621783611805 1.7727220808850317 1.7729819834088827 1.7732418859327337 1.7756384698300123 1.780319214428409 1.7849999590268137 1.7896807036252105 1.7943614482236072 1.799042192822004 1.8037229374204007 1.8084036820187974 1.8130844266171942 1.8177651712155911 1.8224459158139878 1.8271266604123846 1.8318074050107813 1.836488149609178 1.8411688942075748 1.8458496388059795 1.8505303834043763 1.855211128002773 1.8598918726011697 1.8645726171995665 1.8692533617979632 1.87393410639636 1.878614850994757 1.8832955955931536 1.8879763401915504 1.892657084789947 1.8973378293883438 1.9020185739867406 1.9066993185851453 1.911380063183542
1.755161253487855 1.7556027845289028 1.756044315569951 1.7564858466109998 1.7569273776520478 1.7573689086930957 1.7578104397341439 1.7582519707751918 1.75869350181624 1.759135032857288 1.759576563898336 1.760018094939384 1.760459625980432 1.76090115702148 1.763443686904222 1.7682322320548343 1.773020777205455 1.7778093223560671 1.7825978675066796 1.7873864126572918 1.7921749578079043 1.7969635029585165 1.801752048109129 1.8065405932597411 1.8113291384103536 1.816117683560966 1.8209062287115783 1.8256947738621907 1.830483319012803 1.8352718641634234 1.8400604093140358 1.844848954464648 1.8496374996152605 1.854426044765873 1.8592145899164851 1.8640031350670976 1.8687916802177098 1.8735802253683222 1.8783687705189345 1.883157315669547 1.8879458608201591 1.8927344059707716 1.897522951121392 1.9023114962720045
