Figures/CREST_Example_wjb_NSE/PETs/wjb.pet.20090216.asc
ncols            288
nrows            254
xllcorner        113.274861
yllcorner        31.4918055
cellsize         0.008333333333
NODATA_value     -9999
[rows 152 to 170 of 254, columns 0 to 43 of 288]
-9999.0 -9999.0 -9999.0 -9999.0 -9999.0 0.6330265547646543 0.6354236953451146 0.6378208359255748 0.6402179765060351 0.6426151170864953 0.6450122576669557 0.647409398247416 0.6461024265699138 0.6408356751913101 0.6355689238127153 0.6303021724341207 0.6250354210555259 0.6197686696769312 0.6145019182983364 0.6092351669197418 0.603968415541147 0.5987016641625523 0.5934349127839575 0.5881681614053629 0.5829014100267681 0.5776346586481734 0.5723679072695697 0.567101155890975 0.5618344045123802 0.5565676531337855 0.5513009017551908 0.5460341503765961 0.5407673989980013 0.5355006476194066 0.5302338962408119 0.5249671448622172 0.5197003934836224 0.5144336421050277 0.509166890726433 0.5039001393478293 0.4986333879692345 0.49336663659063984 0.48921553385083594 0.4862570847205838
-9999.0 -9999.0 -9999.0 -9999.0 0.6345348368835287 0.6369096365332176 0.6392844361829065 0.6416592358325953 0.6440340354822842 0.6464088351319731 0.648783634781662 0.6511584344313509 0.6499018944678433 0.6447633704048441 0.6396248463418537 0.6344863222788634 0.6293477982158729 0.6242092741528825 0.6190707500898922 0.6139322260269018 0.6087937019639114 0.6036551779009209 0.5985166538379306 0.5933781297749402 0.5882396057119498 0.5831010816489595 0.5779625575859603 0.5728240335229698 0.5676855094599795 0.5625469853969891 0.5574084613339987 0.5522699372710084 0.547131413208018 0.5419928891450275 0.5368543650820372 0.5317158410190468 0.5265773169560564 0.5214387928930659 0.5163002688300756 0.5111617447670764 0.506023220704086 0.5008846966410957 0.4966742351847017 0.4934558936298271
-9999.0 -9999.0 -9999.0 -9999.0 0.6384402595828634 0.6407927183017809 0.6431451770206984 0.6454976357396158 0.6478500944585334 0.6502025531774508 0.6525550118963683 0.6549074706152858 0.6537013623657726 0.648691065618378 0.643680768870992 0.638670472123606 0.6336601753762199 0.6286498786288338 0.6236395818814477 0.6186292851340617 0.6136189883866757 0.6086086916392897 0.6035983948919036 0.5985880981445175 0.5935778013971315 0.5885675046497454 0.5835572079023509 0.5785469111549648 0.5735366144075787 0.5685263176601927 0.5635160209128067 0.5585057241654207 0.5534954274180346 0.5484851306706485 0.5434748339232625 0.5384645371758764 0.5334542404284904 0.5284439436811044 0.5234336469337183 0.5184233501863237 0.5134130534389376 0.5084027566915517 0.5041329365185676 0.5006547025390705
-9999.0 -9999.0 -9999.0 -9999.0 -9999.0 -9999.0 0.6470059178584903 0.6493360356466363 0.6516661534347824 0.6539962712229285 0.6563263890110745 0.6586565067992206 0.657500830263702 0.652618760831912 0.6477366914001302 0.6428546219683485 0.6379725525365668 0.6330904831047851 0.6282084136730034 0.6233263442412217 0.61844427480944 0.6135622053776583 0.6086801359458766 0.6037980665140948 0.5989159970823131 0.5940339276505314 0.5891518582187414 0.5842697887869597 0.579387719355178 0.5745056499233963 0.5696235804916145 0.5647415110598328 0.5598594416280511 0.5549773721962694 0.5500953027644877 0.545213233332706 0.5403311639009243 0.5354490944691426 0.5305670250373609 0.5256849556055709 0.5208028861737892 0.5159208167420075 0.5115916378524334 0.5078535114483138
-9999.0 -9999.0 -9999.0 -9999.0 -9999.0 -9999.0 -9999.0 -9999.0 0.6554822124110316 0.6577899892684063 0.660097766125781 0.6624055429831556 0.6613002981616314 0.6565464560454459 0.6517926139292686 0.6470387718130911 0.6422849296969138 0.6375310875807364 0.632777245464559 0.6280234033483817 0.6232695612322043 0.6185157191160269 0.6137618769998495 0.6090080348836722 0.6042541927674948 0.5995003506513175 0.594746508535132 0.5899926664189545 0.5852388243027772 0.5804849821865998 0.5757311400704225 0.5709772979542451 0.5662234558380678 0.5614696137218904 0.556715771605713 0.5519619294895356 0.5472080873733582 0.5424542452571809 0.5377004031410035 0.5329465610248181 0.5281927189086406 0.5234388767924634 0.5190503391862993 0.515052320357557
-9999.0 -9999.0 -9999.0 -9999.0 -9999.0 -9999.0 -9999.0 -9999.0 -9999.0 0.6615837073138872 -9999.0 -9999.0 -9999.0 0.6604741512589831 0.6558485364584102 0.6512229216578374 0.6465973068572644 0.6419716920566915 0.6373460772561186 0.6327204624555457 0.6280948476549727 0.6234692328543998 0.6188436180538269 0.6142180032532539 0.609592388452681 0.6049667736521082 0.6003411588515273 0.5957155440509544 0.5910899292503815 0.5864643144498085 0.5818386996492356 0.5772130848486627 0.5725874700480899 0.5679618552475169 0.563336240446944 0.5587106256463711 0.5540850108457981 0.5494593960452252 0.5448337812446523 0.5402081664440714 0.5355825516434986 0.5309569368429257 0.5265090405201716 0.5222511292668065
-9999.0 -9999.0 -9999.0 -9999.0 -9999.0 -9999.0 -9999.0 -9999.0 -9999.0 -9999.0 -9999.0 -9999.0 -9999.0 -9999.0 0.6599044589875485 0.6554070715025799 0.6509096840176113 0.6464122965326428 0.6419149090476741 0.6374175215627056 0.632920134077737 0.6284227465927684 0.6239253591077998 0.6194279716228313 0.6149305841378627 0.6104331966528941 0.6059358091679179 0.6014384216829493 0.5969410341979807 0.5924436467130121 0.5879462592280436 0.5834488717430749 0.5789514842581064 0.5744540967731377 0.5699567092881692 0.5654593218032007 0.560961934318232 0.5564645468332635 0.5519671593482949 0.5474697718633187 0.54297238437835 0.5384749968933815 0.5339677418540373 0.5294499381760498
-9999.0 -9999.0 -9999.0 -9999.0 -9999.0 -9999.0 -9999.0 -9999.0 -9999.0 -9999.0 -9999.0 -9999.0 -9999.0 -9999.0 -9999.0 -9999.0 0.6552220611779583 0.650852901008594 0.6464837408392299 0.6421145806698656 0.6377454205005013 0.6333762603311371 0.6290071001617729 0.6246379399924086 0.6202687798230444 0.6158996196536801 0.6115304594843084 0.6071612993149442 0.6027921391455799 0.5984229789762157 0.5940538188068515 0.5896846586374872 0.585315498468123 0.5809463382987587 0.5765771781293945 0.5722080179600303 0.567838857790666 0.5634696976213017 0.5591005374519376 0.5547313772825658 0.5503622171132015 0.5459930569438374 0.5414264431879031 0.5366487470852931
-9999.0 -9999.0 -9999.0 -9999.0 -9999.0 -9999.0 -9999.0 -9999.0 -9999.0 -9999.0 -9999.0 -9999.0 -9999.0 -9999.0 -9999.0 -9999.0 -9999.0 0.6552935054845453 0.6510525726307854 0.6468116397770255 0.6425707069232656 0.6383297740695058 0.6340888412157458 0.6298479083619859 0.625606975508226 0.621366042654466 0.617125109800699 0.6128841769469391 0.6086432440931792 0.6044023112394192 0.6001613783856593 0.5959204455318995 0.5916795126781396 0.5874385798243796 0.5831976469706197 0.5789567141168599 0.5747157812631 0.57047484840934 0.5662339155555801 0.561992982701813 0.557752049848053 0.5535111169942932 0.548885144521769 0.5438475559945364
-9999.0 -9999.0 -9999.0 -9999.0 -9999.0 -9999.0 -9999.0 -9999.0 -9999.0 -9999.0 -9999.0 -9999.0 -9999.0 -9999.0 -9999.0 -9999.0 -9999.0 -9999.0 0.6556214044223411 0.6515086988841855 0.6473959933460299 0.6432832878078744 0.6391705822697188 0.6350578767315632 0.6309451711934077 0.6268324656552521 0.6227197601170895 0.618607054578934 0.6144943490407784 0.6103816435026228 0.6062689379644672 0.6021562324263117 0.5980435268881561 0.5939308213500005 0.589818115811845 0.5857054102736894 0.5815927047355339 0.5774799991973784 0.5733672936592228 0.5692545881210602 0.5651418825829047 0.5610291770447491 0.5563438458556347 0.5510463649037797
-9999.0 -9999.0 -9999.0 -9999.0 -9999.0 -9999.0 -9999.0 -9999.0 -9999.0 -9999.0 -9999.0 -9999.0 -9999.0 -9999.0 -9999.0 -9999.0 -9999.0 -9999.0 -9999.0 0.6562057579913455 0.6522212797687943 0.6482368015462431 0.6442523233236919 0.6402678451011405 0.6362833668785893 0.6322988886560381 0.6283144104334801 0.6243299322109289 0.6203454539883777 0.6163609757658265 0.6123764975432753 0.608392019320724 0.6044075410981729 0.6004230628756215 0.5964385846530703 0.5924541064305191 0.5884696282079679 0.5844851499854167 0.5805006717628655 0.5765161935403075 0.5725317153177563 0.5685472370952049 0.5638025471895006 0.558245173813023
-9999.0 -9999.0 -9999.0 -9999.0 -9999.0 -9999.0 -9999.0 -9999.0 -9999.0 -9999.0 -9999.0 -9999.0 -9999.0 -9999.0 -9999.0 -9999.0 -9999.0 -9999.0 -9999.0 0.6609028170985094 0.6570465661915627 0.6531903152846159 0.6493340643776692 0.6454778134707223 0.6416215625637756 0.6377653116568288 0.6339090607498754 0.6300528098429287 0.6261965589359819 0.6223403080290351 0.6184840571220883 0.6146278062151416 0.6107715553081948 0.606915304401248 0.6030590534943012 0.5992028025873545 0.5953465516804077 0.5914903007734609 0.5876340498665141 0.5837777989595607 0.579921548052614 0.5760652971456672 0.5712612485233728 0.5654439827222724
-9999.0 -9999.0 -9999.0 -9999.0 -9999.0 -9999.0 -9999.0 -9999.0 -9999.0 -9999.0 -9999.0 -9999.0 -9999.0 -9999.0 -9999.0 -9999.0 -9999.0 -9999.0 -9999.0 -9999.0 0.6618718526143269 0.6581438290229845 0.654415805431642 0.6506877818402996 0.6469597582489572 0.6432317346576147 -9999.0 -9999.0 0.6320476638835811 0.6283196402922386 0.6245916167008962 0.6208635931095537 0.6171355695182114 0.6134075459268689 0.6096795223355265 0.6059514987441841 0.6022234751528416 0.5984954515614992 0.5947674279701567 0.591039404378808 0.5873113807874655 0.5835833571961231 0.5787199498572385 0.5726427916315157
-9999.0 -9999.0 -9999.0 -9999.0 -9999.0 -9999.0 -9999.0 -9999.0 -9999.0 -9999.0 -9999.0 -9999.0 -9999.0 -9999.0 -9999.0 -9999.0 -9999.0 -9999.0 -9999.0 -9999.0 -9999.0 -9999.0 -9999.0 -9999.0 -9999.0 -9999.0 -9999.0 0.6414985651069185 0.6378987688311804 0.6342989725554423 0.6306991762797042 0.6270993800039661 0.623499583728228 0.61989978745249 0.6162999911767518 0.6127001949010138 0.6091003986252757 0.6055006023495375 0.6019008060737995 0.5983010097980552 0.5947012135223171 0.591101417246579 0.5861786511911045 0.5798416005407591
-9999.0 -9999.0 -9999.0 -9999.0 -9999.0 -9999.0 -9999.0 -9999.0 -9999.0 -9999.0 -9999.0 -9999.0 -9999.0 -9999.0 -9999.0 -9999.0 -9999.0 -9999.0 -9999.0 -9999.0 -9999.0 -9999.0 -9999.0 -9999.0 -9999.0 -9999.0 -9999.0 0.6472214427389134 0.6437498737787796 0.6402783048186459 0.6368067358585121 0.6333351668983783 0.6298635979382445 0.6263920289781109 0.6229204600179771 0.6194488910578433 0.6159773220977096 0.6125057531375758 0.609034184177442 0.6055626152173024 0.6020910462571686 0.5986194772970349 0.5936373525249703 0.5870404094500024
-9999.0 -9999.0 -9999.0 -9999.0 -9999.0 -9999.0 -9999.0 -9999.0 -9999.0 -9999.0 -9999.0 -9999.0 -9999.0 -9999.0 -9999.0 -9999.0 -9999.0 -9999.0 -9999.0 -9999.0 -9999.0 -9999.0 -9999.0 -9999.0 -9999.0 -9999.0 -9999.0 0.6529443203709083 0.6496009787263789 0.6462576370818495 0.64291429543732 0.6395709537927906 0.6362276121482612 0.6328842705037317 0.6295409288592023 0.6261975872146729 0.6228542455701436 0.6195109039256141 0.6161675622810847 0.6128242206365495 0.6094808789920201 0.6061375373474908 0.601096053858836 0.5942392183592456
-9999.0 -9999.0 -9999.0 -9999.0 -9999.0 -9999.0 -9999.0 -9999.0 -9999.0 -9999.0 -9999.0 -9999.0 -9999.0 -9999.0 -9999.0 -9999.0 -9999.0 -9999.0 -9999.0 -9999.0 -9999.0 -9999.0 -9999.0 -9999.0 -9999.0 -9999.0 -9999.0 -9999.0 0.6554520836739781 0.652236969345053 0.649021855016128 0.6458067406872029 0.6425916263582778 0.6393765120293528 0.6361613977004277 0.6329462833715026 0.6297311690425775 0.6265160547136525 0.6233009403847274 0.6200858260557969 0.6168707117268717 0.6136555973979467 0.608554755192702 0.6014380272684889
-9999.0 -9999.0 -9999.0 -9999.0 -9999.0 -9999.0 -9999.0 -9999.0 -9999.0 -9999.0 -9999.0 -9999.0 -9999.0 -9999.0 -9999.0 -9999.0 -9999.0 -9999.0 -9999.0 -9999.0 -9999.0 -9999.0 -9999.0 -9999.0 -9999.0 -9999.0 -9999.0 -9999.0 -9999.0 0.6582163016082566 0.6551294145949359 0.6520425275816152 0.6489556405682944 0.6458687535549736 0.6427818665416529 0.6396949795283322 0.6366080925150115 0.6335212055016908 0.63043431848837 0.627347431475044 0.6242605444617233 0.6211736574484025 0.6160134565265678 0.6086368361777322
-9999.0 -9999.0 -9999.0 -9999.0 -9999.0 -9999.0 -9999.0 -9999.0 -9999.0 -9999.0 -9999.0 -9999.0 -9999.0 -9999.0 -9999.0 -9999.0 -9999.0 -9999.0 -9999.0 -9999.0 -9999.0 -9999.0 -9999.0 -9999.0 -9999.0 -9999.0 -9999.0 -9999.0 -9999.0 0.6641956338714653 0.661236974173749 0.6582783144760327 0.6553196547783164 0.6523609950806002 0.6494023353828838 0.6464436756851676 0.6434850159874512 0.640526356289735 0.6375676965920187 0.6346090368942974 0.631650377196581 0.6286917174988648 0.62347215786044 0.6158356450869816
