Figures/CREST_Example_wjb_NSE/PETs/wjb.pet.20091006.asc
ncols            288
nrows            254
xllcorner        113.274861
yllcorner        31.4918055
cellsize         0.008333333333
NODATA_value     -9999
[rows 180 to 199 of 254, columns 132 to 175 of 288]
2.3692843913147974 2.367888499063106 2.366492606811415 2.365096714559724 2.363700822308033 2.3623049300563417 2.3609090378046504 2.3595131455529597 2.3581172533012684 2.356721361049577 2.355325468797886 2.3539295765461925 2.3525336842945013 2.3511377920428105 2.3497418997911192 2.348346007539428 2.346950115287737 2.345554223036046 2.3441583307843548 2.3427624385326635 2.3413665462809723 2.3399706540292815 2.3385747617775903 2.337178869525899 2.3357829772742056 2.3343870850225144 2.332991192770823 2.3315953005191323 2.330199408267441 2.32880351601575 2.327365277564037 2.3258817700665677 2.324398262569098 2.3229147550716287 2.3214312475741594 2.3199477400766897 2.3184642325792204 2.3169807250817485 2.315497217584279 2.3140137100868094 2.31253020258934 2.311046695091871 2.309563187594401 2.308079680096932
2.3687674721900995 2.3674075077934216 2.366047543396743 2.364687579000065 2.3633276146033873 2.3619676502067093 2.360607685810031 2.359247721413353 2.357887757016675 2.356527792619997 2.3551678282233186 2.3538078638266384 2.3524478994299605 2.351087935033282 2.349727970636604 2.348368006239926 2.3470080418432477 2.34564807744657 2.344288113049892 2.342928148653214 2.3415681842565355 2.3402082198598575 2.3388482554631795 2.3374882910665016 2.336128326669821 2.334768362273143 2.333408397876465 2.3320484334797866 2.3306884690831087 2.3293285046864307 2.3279346829987673 2.3265046671011387 2.3250746512035096 2.323644635305881 2.3222146194082525 2.320784603510624 2.3193545876129953 2.3179245717153645 2.316494555817736 2.3150645399201073 2.3136345240224787 2.31220450812485 2.3107744922272215 2.309344476329593
2.368250553065402 2.366926516523737 2.365602479982072 2.364278443440407 2.362954406898742 2.361630370357077 2.3603063338154118 2.3589822972737466 2.3576582607320815 2.3563342241904164 2.3550101876487517 2.3536861511070843 2.352362114565419 2.351038078023754 2.349714041482089 2.348390004940424 2.3470659683987587 2.345741931857094 2.344417895315429 2.3430938587737637 2.3417698222320986 2.3404457856904335 2.3391217491487684 2.3377977126071037 2.3364736760654363 2.335149639523771 2.333825602982106 2.332501566440441 2.331177529898776 2.3298534933571107 2.3285040884334967 2.3271275641357088 2.3257510398379213 2.3243745155401334 2.3229979912423455 2.321621466944558 2.32024494264677 2.31886841834898 2.317491894051192 2.3161153697534043 2.314738845455617 2.313362321157829 2.311985796860041 2.3106092725622536
2.367733633940704 2.366445525254052 2.3651574165674 2.363869307880748 2.362581199194096 2.361293090507444 2.360004981820792 2.35871687313414 2.357428764447488 2.356140655760836 2.354852547074184 2.35356443838753 2.352276329700878 2.350988221014226 2.349700112327574 2.348412003640922 2.34712389495427 2.345835786267618 2.344547677580966 2.343259568894314 2.341971460207662 2.34068335152101 2.339395242834358 2.338107134147706 2.3368190254610517 2.3355309167744 2.334242808087748 2.3329546994010957 2.331666590714444 2.330378482027792 2.3290734938682274 2.32775046117028 2.3264274284723334 2.3251043957743867 2.3237813630764395 2.3224583303784927 2.321135297680546 2.3198122649825965 2.3184892322846498 2.317166199586703 2.315843166888756 2.314520134190809 2.3131971014928623 2.3118740687949155
2.3672167148160064 2.3659645339843673 2.3647123531527283 2.3634601723210893 2.3622079914894503 2.3609558106578112 2.359703629826172 2.3584514489945336 2.3571992681628946 2.3559470873312556 2.3546949064996165 2.3534427256679753 2.3521905448363367 2.3509383640046977 2.3496861831730587 2.3484340023414196 2.3471818215097806 2.3459296406781416 2.344677459846503 2.343425279014864 2.342173098183225 2.340920917351586 2.339668736519947 2.338416555688308 2.337164374856667 2.335912194025028 2.334660013193389 2.33340783236175 2.332155651530111 2.330903470698472 2.3296428993029568 2.3283733582048507 2.3271038171067446 2.3258342760086386 2.3245647349105325 2.3232951938124264 2.3220256527143204 2.320756111616212 2.319486570518106 2.31821702942 2.316947488321894 2.315677947223788 2.3144084061256818 2.3131388650275757
2.366699795691309 2.3654835427146828 2.364267289738057 2.3630510367614312 2.361834783784805 2.3606185308081793 2.359402277831553 2.3581860248549273 2.3569697718783016 2.3557535189016754 2.3545372659250496 2.3533210129484217 2.3521047599717955 2.3508885069951697 2.349672254018544 2.3484560010419178 2.347239748065292 2.346023495088666 2.34480724211204 2.3435909891354143 2.342374736158788 2.3411584831821624 2.339942230205536 2.3387259772289104 2.3375097242522824 2.3362934712756567 2.3350772182990305 2.3338609653224047 2.3326447123457785 2.3314284593691528 2.330212304737687 2.3289962552394217 2.3277802057411563 2.326564156242891 2.325348106744626 2.3241320572463606 2.3229160077480953 2.321699958249828 2.3204839087515627 2.3192678592532974 2.3180518097550324 2.316835760256767 2.3156197107585017 2.3144036612602368
2.366182876566611 2.365002551444998 2.3638222263233852 2.3626419012017723 2.3614615760801594 2.3602812509585465 2.3591009258369335 2.3579206007153206 2.3567402755937077 2.3555599504720948 2.354379625350482 2.353199300228867 2.352018975107254 2.3508386499856413 2.3496583248640284 2.3484779997424154 2.3472976746208025 2.3461173494991896 2.3449370243775767 2.343756699255964 2.3425763741343513 2.3413960490127383 2.3402157238911254 2.3390353987695125 2.3378550736478974 2.3366747485262844 2.3354944234046715 2.3343140982830586 2.333133773161446 2.331953448039833 2.3307817101724164 2.329619152273992 2.3284565943755675 2.3272940364771433 2.326131478578719 2.3249689206802944 2.32380636278187 2.3226438048834437 2.3214812469850195 2.3203186890865948 2.3191561311881705 2.317993573289746 2.3168310153913216 2.3156684574928974
2.365665957441913 2.3645215601753136 2.3633771629087135 2.362232765642114 2.3610883683755137 2.359943971108914 2.358799573842314 2.3576551765757143 2.3565107793091142 2.3553663820425146 2.354221984775915 2.353077587509313 2.351933190242713 2.3507887929761133 2.3496443957095132 2.3484999984429136 2.3473556011763135 2.346211203909714 2.345066806643114 2.343922409376514 2.3427780121099144 2.3416336148433143 2.3404892175767147 2.3393448203101146 2.3382004230435127 2.337056025776913 2.3359116285103134 2.3347672312437133 2.3336228339771137 2.3324784367105136 2.3313511156071467 2.3302420493085627 2.329132983009979 2.3280239167113956 2.326914850412812 2.3258057841142286 2.324696717815645 2.3235876515170597 2.322478585218476 2.3213695189198926 2.3202604526213086 2.319151386322725 2.3180423200241416 2.316933253725558
2.365149038317216 2.364040568905629 2.362932099494042 2.3618236300824553 2.3607151606708685 2.3596066912592817 2.358498221847695 2.357389752436108 2.3562812830245212 2.3551728136129344 2.3540643442013476 2.352955874789759 2.351847405378172 2.3507389359665853 2.349630466554998 2.3485219971434113 2.3474135277318244 2.3463050583202376 2.345196588908651 2.344088119497064 2.342979650085477 2.3418711806738903 2.3407627112623035 2.3396542418507167 2.338545772439128 2.3374373030275413 2.3363288336159544 2.3352203642043676 2.334111894792781 2.333003425381194 2.331920521041876 2.3308649463431332 2.3298093716443904 2.328753796945648 2.327698222246905 2.3266426475481623 2.3255870728494195 2.324531498150675 2.3234759234519324 2.3224203487531896 2.3213647740544467 2.320309199355704 2.3192536246569615 2.3181980499582187
2.3646321191925175 2.363559577635944 2.36248703607937 2.3614144945227964 2.3603419529662224 2.359269411409649 2.3581968698530753 2.3571243282965013 2.3560517867399278 2.3549792451833538 2.3539067036267802 2.3528341620702045 2.351761620513631 2.350689078957057 2.3496165374004834 2.3485439958439094 2.347471454287336 2.346398912730762 2.3453263711741883 2.3442538296176143 2.3431812880610408 2.3421087465044668 2.341036204947893 2.3399636633913192 2.338891121834744 2.33781858027817 2.3367460387215964 2.3356734971650224 2.334600955608449 2.333528414051875 2.332489926476607 2.3314878433777046 2.330485760278803 2.329483677179901 2.328481594080999 2.3274795109820974 2.3264774278831952 2.3254753447842917 2.32447326168539 2.323471178586488 2.322469095487586 2.3214670123886845 2.3204649292897823 2.3194628461908806
2.36411520006782 2.3630785863662593 2.3620419726646986 2.361005358963138 2.359968745261577 2.3589321315600165 2.3578955178584557 2.356858904156895 2.3558222904553343 2.3547856767537736 2.353749063052213 2.3527124493506504 2.3516758356490897 2.350639221947529 2.3496026082459682 2.3485659945444075 2.347529380842847 2.346492767141286 2.3454561534397254 2.3444195397381646 2.343382926036604 2.342346312335043 2.3413096986334825 2.3402730849319218 2.3392364712303593 2.3381998575287986 2.337163243827238 2.336126630125677 2.3350900164241164 2.3340534027225557 2.3330593319113366 2.3321107404122756 2.3311621489132146 2.3302135574141536 2.3292649659150926 2.3283163744160316 2.3273677829169706 2.3264191914179078 2.3254705999188467 2.3245220084197857 2.3235734169207247 2.3226248254216633 2.3216762339226023 2.3207276424235412
2.3635982809431226 2.3625975950965747 2.3615969092500273 2.3605962234034794 2.3595955375569315 2.358594851710384 2.357594165863836 2.3565934800172887 2.355592794170741 2.3545921083241934 2.3535914224776455 2.3525907366310963 2.3515900507845484 2.3505893649380005 2.349588679091453 2.348587993244905 2.3475873073983577 2.34658662155181 2.3455859357052624 2.3445852498587145 2.3435845640121666 2.342583878165619 2.3415831923190713 2.340582506472524 2.339581820625974 2.3385811347794268 2.337580448932879 2.3365797630863314 2.3355790772397835 2.3345783913932356 2.333628737346066 2.332733637446846 2.331838537547626 2.3309434376484055 2.3300483377491856 2.3291532378499653 2.328258137950745 2.3273630380515233 2.326467938152303 2.3255728382530827 2.324677738353863 2.3237826384546425 2.322887538555422 2.321992438656202
2.3630813618184248 2.36211660382689 2.3611518458353555 2.360187087843821 2.3592223298522863 2.3582575718607512 2.3572928138692166 2.356328055877682 2.3553632978861474 2.354398539894613 2.353433781903078 2.352469023911542 2.351504265920007 2.3505395079284725 2.349574749936938 2.3486099919454033 2.3476452339538687 2.346680475962334 2.3457157179707995 2.344750959979265 2.3437862019877302 2.342821443996195 2.3418566860046606 2.340891928013126 2.3399271700215896 2.338962412030055 2.3379976540385203 2.3370328960469857 2.336068138055451 2.3351033800639165 2.3341981427807963 2.333356534481417 2.3325149261820375 2.3316733178826583 2.3308317095832787 2.3299901012838995 2.32914849298452 2.3283068846851394 2.3274652763857597 2.3266236680863805 2.325782059787001 2.3249404514876217 2.324098843188242 2.323257234888863
2.362564442693727 2.361635612557205 2.3607067824206838 2.359777952284162 2.3588491221476406 2.357920292011119 2.356991461874597 2.3560626317380757 2.355133801601554 2.354204971465032 2.353276141328511 2.3523473111919877 2.351418481055466 2.350489650918944 2.349560820782423 2.348631990645901 2.347703160509379 2.346774330372858 2.345845500236336 2.3449166700998143 2.343987839963293 2.343059009826771 2.34213017969025 2.341201349553728 2.340272519417205 2.339343689280683 2.338414859144162 2.33748602900764 2.3365571988711182 2.335628368734597 2.3347675482155257 2.333979431515987 2.3331913148164487 2.33240319811691 2.3316150814173717 2.3308269647178332 2.3300388480182948 2.3292507313187545 2.328462614619216 2.3276744979196775 2.326886381220139 2.3260982645206005 2.325310147821062 2.3245220311215236
2.362047523569029 2.3611546212875205 2.360261719006012 2.3593688167245035 2.358475914442995 2.357583012161486 2.3566901098799775 2.355797207598469 2.3549043053169605 2.354011403035452 2.3531185007539435 2.352225598472433 2.3513326961909247 2.350439793909416 2.3495468916279076 2.348653989346399 2.34776108706489 2.3468681847833817 2.345975282501873 2.3450823802203646 2.344189477938856 2.3432965756573476 2.342403673375839 2.34151077109433 2.3406178688128203 2.339724966531312 2.3388320642498033 2.3379391619682943 2.337046259686786 2.3361533574052773 2.335336953650256 2.334602328550558 2.3338677034508604 2.333133078351163 2.332398453251465 2.3316638281517674 2.3309292030520696 2.330194577952371 2.329459952852673 2.3287253277529754 2.3279907026532776 2.32725607755358 2.3265214524538824 2.3257868273541846
2.361530604444331 2.360673630017836 2.3598166555913402 2.3589596811648446 2.3581027067383493 2.3572457323118536 2.356388757885358 2.3555317834588627 2.354674809032367 2.3538178346058714 2.352960860179376 2.352103885752879 2.3512469113263834 2.350389936899888 2.3495329624733925 2.348675988046897 2.3478190136204016 2.346962039193906 2.34610506476741 2.345248090340915 2.3443911159144193 2.3435341414879236 2.3426771670614284 2.3418201926349327 2.3409632182084357 2.34010624378194 2.3392492693554447 2.338392294928949 2.3375353205024534 2.336678346075958 2.335906359084986 2.335225225585129 2.334544092085272 2.3338629585854154 2.3331818250855587 2.3325006915857016 2.331819558085845 2.3311384245859865 2.33045729108613 2.3297761575862728 2.329095024086416 2.3284138905865595 2.3277327570867024 2.3270516235868457
2.361013685319634 2.3601926387481513 2.359371592176669 2.3585505456051865 2.357729499033704 2.3569084524622212 2.356087405890739 2.3552663593192564 2.354445312747774 2.353624266176291 2.3528032196048088 2.351982173033325 2.3511611264618426 2.3503400798903598 2.3495190333188773 2.348697986747395 2.3478769401759125 2.3470558936044297 2.3462348470329473 2.345413800461465 2.3445927538899825 2.3437717073184996 2.342950660747017 2.342129614175535 2.341308567604051 2.340487521032568 2.3396664744610858 2.3388454278896034 2.338024381318121 2.337203334746638 2.3364757645197156 2.3358481226196997 2.3352204807196837 2.3345928388196673 2.3339651969196513 2.3333375550196354 2.3327099131196194 2.332082271219602 2.331454629319586 2.33082698741957 2.330199345519554 2.3295717036195382 2.3289440617195223 2.3283164198195063
2.3604967661949363 2.3597116474784667 2.358926528761997 2.3581414100455276 2.3573562913290584 2.356571172612589 2.3557860538961193 2.3550009351796497 2.3542158164631806 2.353430697746711 2.3526455790302414 2.3518604603137705 2.3510753415973014 2.350290222880832 2.349505104164362 2.3487199854478926 2.3479348667314235 2.347149748014954 2.3463646292984843 2.3455795105820147 2.3447943918655456 2.344009273149076 2.3432241544326065 2.342439035716137 2.3416539169996664 2.340868798283197 2.3400836795667272 2.3392985608502577 2.3385134421337885 2.337728323417319 2.3370451699544454 2.3364710196542706 2.3358968693540954 2.33532271905392 2.334748568753745 2.33417441845357 2.3336002681533947 2.3330261178532186 2.3324519675530433 2.331877817252868 2.3313036669526928 2.330729516652518 2.3301553663523427 2.3295812160521674
2.3599798470702384 2.359230656208782 2.3584814653473254 2.357732274485869 2.356983083624413 2.3562338927629565 2.3554847019014997 2.3547355110400434 2.353986320178587 2.353237129317131 2.352487938455674 2.3517387475942164 2.35098955673276 2.350240365871304 2.349491175009847 2.3487419841483907 2.3479927932869344 2.347243602425478 2.3464944115640214 2.345745220702565 2.3449960298411088 2.344246838979652 2.3434976481181957 2.3427484572567394 2.3419992663952818 2.3412500755338255 2.3405008846723687 2.3397516938109124 2.339002502949456 2.3382533120879994 2.3376145753891757 2.337093916688841 2.336573257988507 2.3360525992881724 2.3355319405878383 2.3350112818875037 2.3344906231871696 2.333969964486834 2.3334493057865 2.3329286470861654 2.3324079883858313 2.3318873296854967 2.3313666709851626 2.330846012284828
2.3594629279455406 2.358749664939097 2.358036401932654 2.3573231389262106 2.356609875919767 2.3558966129133236 2.35518334990688 2.354470086900437 2.3537568238939937 2.35304356088755 2.3523302978811067 2.3516170348746623 2.350903771868219 2.3501905088617754 2.349477245855332 2.348763982848889 2.3480507198424454 2.347337456836002 2.3466241938295584 2.3459109308231154 2.345197667816672 2.3444844048102285 2.343771141803785 2.3430578787973415 2.342344615790897 2.3416313527844537 2.34091808977801 2.340204826771567 2.3394915637651237 2.33877830075868 2.3381839808239056 2.337716813723412 2.3372496466229187 2.3367824795224252 2.336315312421932 2.335848145321438 2.3353809782209445 2.33491381112045 2.3344466440199567 2.3339794769194633 2.3335123098189694 2.333045142718476 2.3325779756179825 2.332110808517489
