Figures/CREST_Example_wjb_NSE/PETs/wjb.pet.20100929.asc
ncols            288
nrows            254
xllcorner        113.274861
yllcorner        31.4918055
cellsize         0.008333333333
NODATA_value     -9999
[rows 60 to 79 of 254, columns 132 to 175 of 288]
2.2133514389835085 2.2092207105732227 2.2050899821629373 2.200959253752652 2.196828525342366 2.1926977969320807 2.188567068521795 2.1844363401115094 2.1803056117012236 2.1761748832909382 2.172044154880653 2.16791342647036 2.1637826980600745 2.159651969649789 2.1555212412395033 2.151390512829218 2.147259784418932 2.1431290560086467 2.138998327598361 2.1348675991880754 2.13073687077779 2.1266061423675042 2.122475413957219 2.118344685546933 2.1142139571366405 2.110083228726355 2.1059525003160693 2.101821771905784 2.097691043495498 2.0935603150852127 2.091237422730555 2.09084714801527 2.0904568732999853 2.0900665985847002 2.089676323869415 2.0892860491541305 2.0888957744388454 2.08850549972356 2.0881152250082753 2.08772495029299 2.0873346755777056 2.0869444008624205 2.0865541261471354 2.086163851431851
2.212292897235873 2.2082555965953743 2.2042182959548757 2.2001809953143776 2.196143694673879 2.1921063940333805 2.188069093392882 2.184031792752384 2.1799944921118852 2.1759571914713867 2.171919890830888 2.167882590190383 2.1638452895498848 2.159807988909386 2.1557706882688876 2.151733387628389 2.147696086987891 2.1436587863473924 2.139621485706894 2.1355841850663952 2.131546884425897 2.1275095837853986 2.1234722831449 2.119434982504402 2.115397681863896 2.111360381223398 2.1073230805828995 2.103285779942401 2.0992484793019024 2.0952111786614043 2.092930333546051 2.092527179120683 2.0921240246953148 2.0917208702699464 2.0913177158445784 2.09091456141921 2.0905114069938415 2.0901082525684727 2.0897050981431047 2.0893019437177363 2.088898789292368 2.088495634867 2.0880924804416314 2.087689326016263
2.2112343554882368 2.2072904826175255 2.203346609746814 2.199402736876103 2.1954588640053916 2.1915149911346803 2.187571118263969 2.1836272453932577 2.1796833725225464 2.175739499651835 2.171795626781124 2.167851753910406 2.1639078810396946 2.1599640081689833 2.156020135298272 2.1520762624275607 2.1481323895568494 2.144188516686138 2.140244643815427 2.1363007709447155 2.132356898074004 2.128413025203293 2.1244691523325816 2.1205252794618703 2.116581406591152 2.1126375337204406 2.1086936608497293 2.104749787979018 2.1008059151083067 2.0968620422375954 2.094623244361548 2.094207210226096 2.0937911760906447 2.093375141955193 2.092959107819741 2.0925430736842894 2.092127039548838 2.0917110054133854 2.0912949712779336 2.0908789371424823 2.0904629030070305 2.0900468688715788 2.089630834736127 2.0892148006006757
2.210175813740601 2.2063253686396767 2.2024749235387526 2.1986244784378286 2.194774033336904 2.19092358823598 2.187073143135056 2.1832226980341316 2.1793722529332076 2.1755218078322835 2.171671362731359 2.1678209176304284 2.1639704725295044 2.1601200274285803 2.156269582327656 2.152419137226732 2.148568692125808 2.144718247024884 2.1408678019239593 2.1370173568230353 2.1331669117221113 2.129316466621187 2.1254660215202628 2.1216155764193387 2.117765131318408 2.1139146862174836 2.1100642411165595 2.1062137960156355 2.102363350914711 2.098512905813787 2.0963161551770444 2.0958872413315093 2.095458327485974 2.095029413640439 2.094600499794904 2.094171585949369 2.0937426721038337 2.093313758258298 2.092884844412763 2.092455930567228 2.092027016721693 2.0915981028761577 2.0911691890306225 2.0907402751850874
2.209117271992965 2.205360254661828 2.2016032373306906 2.197846219999554 2.1940892026684167 2.19033218533728 2.1865751680061427 2.1828181506750055 2.1790611333438688 2.1753041160127315 2.171547098681595 2.1677900813504514 2.164033064019314 2.160276046688177 2.15651902935704 2.152762012025903 2.1490049946947662 2.145247977363629 2.1414909600324923 2.137733942701355 2.133976925370218 2.130219908039081 2.126462890707944 2.122705873376807 2.1189488560456637 2.1151918387145265 2.1114348213833893 2.1076778040522526 2.1039207867211154 2.1001637693899786 2.098009065992541 2.0975672724369225 2.097125478881304 2.0966836853256856 2.096241891770067 2.0958000982144487 2.09535830465883 2.094916511103211 2.0944747175475924 2.094032923991974 2.0935911304363555 2.093149336880737 2.0927075433251185 2.0922657497695
2.208058730245329 2.2043951406839795 2.2007315511226295 2.1970679615612796 2.1934043719999297 2.1897407824385797 2.18607719287723 2.18241360331588 2.17875001375453 2.17508642419318 2.17142283463183 2.1677592450704743 2.1640956555091244 2.1604320659477745 2.1567684763864245 2.1531048868250746 2.1494412972637247 2.1457777077023747 2.142114118141025 2.138450528579675 2.134786939018325 2.1311233494569755 2.1274597598956255 2.1237961703342756 2.1201325807729194 2.1164689912115695 2.1128054016502196 2.1091418120888696 2.1054782225275197 2.1018146329661698 2.099701976808037 2.0992473035423354 2.0987926302766335 2.0983379570109317 2.09788328374523 2.097428610479528 2.0969739372138263 2.0965192639481236 2.096064590682422 2.09560991741672 2.0951552441510177 2.094700570885316 2.094245897619614 2.0937912243539123
2.2070001884976924 2.2034300267061298 2.199859864914567 2.1962897031230044 2.1927195413314418 2.189149379539879 2.1855792177483164 2.1820090559567538 2.178438894165191 2.1748687323736284 2.1712985705820658 2.1677284087904973 2.1641582469989347 2.160588085207372 2.1570179234158093 2.1534477616242467 2.149877599832684 2.1463074380411213 2.1427372762495587 2.139167114457996 2.1355969526664333 2.1320267908748707 2.128456629083308 2.1248864672917454 2.1213163055001765 2.117746143708614 2.114175981917051 2.1106058201254885 2.107035658333926 2.103465496542363 2.1013948876235355 2.1009273346477504 2.100459781671965 2.0999922286961796 2.0995246757203945 2.0990571227446093 2.0985895697688237 2.0981220167930377 2.0976544638172525 2.0971869108414674 2.0967193578656818 2.0962518048898966 2.0957842519141114 2.0953166989383263
2.2059416467500563 2.202464912728281 2.1989881787065055 2.19551144468473 2.1920347106629543 2.188557976641179 2.1850812426194035 2.1816045085976277 2.1781277745758523 2.174651040554077 2.1711743065323015 2.16769757251052 2.1642208384887445 2.1607441044669686 2.1572673704451932 2.153790636423418 2.1503139024016424 2.1468371683798666 2.143360434358091 2.139883700336316 2.13640696631454 2.1329302322927646 2.129453498270989 2.125976764249214 2.122500030227432 2.1190232962056568 2.115546562183881 2.1120698281621055 2.10859309414033 2.1051163601185547 2.103087798439032 2.102607365753163 2.1021269330672947 2.101646500381426 2.1011660676955572 2.1006856350096887 2.10020520232382 2.0997247696379504 2.099244336952082 2.098763904266213 2.0982834715803445 2.097803038894476 2.097322606208607 2.0968421735227385
2.2048831050024207 2.2014997987504326 2.198116492498444 2.194733186246456 2.1913498799944673 2.1879665737424787 2.1845832674904906 2.181199961238502 2.177816654986514 2.1744333487345253 2.1710500424825367 2.167666736230543 2.1642834299785543 2.160900123726566 2.1575168174745776 2.154133511222589 2.150750204970601 2.1473668987186123 2.143983592466624 2.1406002862146356 2.1372169799626475 2.133833673710659 2.1304503674586703 2.127067061206682 2.123683754954688 2.1203004487026997 2.116917142450711 2.1135338361987226 2.1101505299467345 2.106767223694746 2.1047807092545283 2.1042873968585765 2.103794084462624 2.1033007720666723 2.10280745967072 2.102314147274768 2.101820834878816 2.101327522482863 2.100834210086911 2.100340897690959 2.0998475852950067 2.099354272899055 2.0988609605031026 2.0983676481071507
2.203824563254785 2.2005346847725837 2.1972448062903824 2.1939549278081816 2.1906650493259803 2.187375170843779 2.1840852923615777 2.1807954138793764 2.177505535397175 2.1742156569149738 2.1709257784327725 2.167635899950566 2.1643460214683645 2.161056142986163 2.157766264503962 2.1544763860217606 2.1511865075395593 2.147896629057358 2.1446067505751567 2.141316872092956 2.1380269936107545 2.1347371151285532 2.131447236646352 2.1281573581641506 2.1248674796819436 2.1215776011997423 2.1182877227175414 2.11499784423534 2.111707965753139 2.1084180872709375 2.106473620070025 2.1059674279639893 2.105461235857954 2.1049550437519184 2.1044488516458832 2.1039426595398476 2.103436467433812 2.102930275327776 2.1024240832217402 2.101917891115705 2.1014116990096694 2.1009055069036338 2.1003993147975986 2.099893122691563
2.202766021507149 2.199569570794735 2.196373120082321 2.193176669369907 2.1899802186574924 2.1867837679450783 2.1835873172326643 2.1803908665202503 2.1771944158078362 2.173997965095422 2.1708015143830077 2.1676050636705884 2.1644086129581743 2.1612121622457603 2.158015711533346 2.154819260820932 2.1516228101085177 2.1484263593961037 2.1452299086836897 2.1420334579712756 2.138837007258861 2.135640556546447 2.132444105834033 2.129247655121619 2.1260512044091993 2.1228547536967852 2.119658302984371 2.116461852271957 2.113265401559543 2.110068950847129 2.1081665308855215 2.1076474590694025 2.1071283872532836 2.106609315437165 2.106090243621046 2.105571171804927 2.105052099988808 2.1045330281726886 2.1040139563565696 2.1034948845404506 2.102975812724332 2.102456740908213 2.101937669092094 2.101418597275975
2.2017074797595133 2.1986044568168865 2.1955014338742593 2.1923984109316326 2.1892953879890054 2.1861923650463786 2.1830893421037514 2.1799863191611246 2.1768832962184974 2.1737802732758706 2.1706772503332434 2.1675742273906113 2.164471204447984 2.1613681815053574 2.15826515856273 2.1551621356201034 2.152059112677476 2.1489560897348494 2.145853066792222 2.1427500438495954 2.1396470209069682 2.1365439979643415 2.1334409750217143 2.1303379520790875 2.1272349291364554 2.124131906193828 2.1210288832512014 2.117925860308574 2.1148228373659474 2.1117198144233202 2.109859441701018 2.109327490174816 2.1087955386486135 2.108263587122411 2.107731635596209 2.1071996840700065 2.106667732543804 2.106135781017601 2.105603829491399 2.1050718779651967 2.1045399264389943 2.104007974912792 2.1034760233865897 2.1029440718603873
2.2006489380118763 2.197639342839037 2.194629747666197 2.191620152493357 2.1886105573205175 2.1856009621476775 2.182591366974838 2.179581771801998 2.176572176629158 2.1735625814563186 2.1705529862834787 2.167543391110634 2.164533795937794 2.1615242007649544 2.1585146055921145 2.155505010419275 2.152495415246435 2.149485820073595 2.1464762249007556 2.1434666297279157 2.140457034555076 2.1374474393822362 2.1344378442093963 2.131428249036557 2.128418653863712 2.125409058690872 2.1223994635180325 2.1193898683451926 2.1163802731723527 2.113370677999513 2.1115523525165156 2.11100752128023 2.1104626900439443 2.1099178588076586 2.109373027571373 2.1088281963350872 2.1082833650988015 2.107738533862515 2.1071937026262293 2.1066488713899436 2.1061040401536584 2.1055592089173727 2.105014377681087 2.1044695464448013
2.1995903962642407 2.196674228861188 2.1937580614581353 2.1908418940550827 2.18792572665203 2.1850095592489778 2.182093391845925 2.1791772244428724 2.1762610570398198 2.173344889636767 2.1704287222337144 2.167512554830657 2.164596387427604 2.1616802200245515 2.158764052621499 2.155847885218446 2.1529317178153935 2.150015550412341 2.1470993830092886 2.144183215606236 2.1412670482031833 2.1383508808001306 2.135434713397078 2.1325185459940252 2.1296023785909677 2.126686211187915 2.1237700437848623 2.1208538763818097 2.117937708978757 2.1150215415757043 2.1132452633320122 2.112687552385643 2.112129841439274 2.111572130492905 2.111014419546536 2.1104567086001667 2.1098989976537976 2.1093412867074277 2.1087835757610587 2.1082258648146897 2.1076681538683206 2.1071104429219516 2.1065527319755826 2.1059950210292135
2.198531854516605 2.1957091148833396 2.1928863752500742 2.1900636356168084 2.187240895983543 2.1844181563502776 2.181595416717012 2.1787726770837463 2.175949937450481 2.1731271978172155 2.17030445818395 2.16748171855068 2.1646589789174144 2.1618362392841486 2.159013499650883 2.156190760017618 2.1533680203843524 2.1505452807510865 2.147722541117821 2.1448998014845557 2.1420770618512903 2.139254322218025 2.136431582584759 2.1336088429514937 2.1307861033182234 2.127963363684958 2.1251406240516926 2.1223178844184267 2.1194951447851613 2.116672405151896 2.114938174147509 2.114367583491056 2.1137969928346036 2.1132264021781513 2.112655811521699 2.1120852208652465 2.1115146302087937 2.1109440395523404 2.110373448895888 2.1098028582394357 2.109232267582983 2.1086616769265305 2.108091086270078 2.1075204956136258
2.197473312768969 2.1947440009054904 2.1920146890420122 2.189285377178534 2.1865560653150555 2.1838267534515774 2.181097441588099 2.1783681297246207 2.175638817861142 2.172909505997664 2.1701801941341854 2.1674508822707024 2.1647215704072242 2.1619922585437457 2.1592629466802675 2.1565336348167894 2.153804322953311 2.1510750110898327 2.148345699226354 2.145616387362876 2.1428870754993974 2.1401577636359193 2.1374284517724407 2.1346991399089625 2.1319698280454795 2.1292405161820014 2.126511204318523 2.1237818924550447 2.121052580591566 2.118323268728088 2.1166310849630054 2.1160476145964697 2.115464144229934 2.114880673863398 2.114297203496862 2.1137137331303264 2.1131302627637902 2.1125467923972536 2.1119633220307175 2.1113798516641817 2.110796381297646 2.11021291093111 2.109629440564574 2.1090459701980384
2.1964147710213333 2.193778886927642 2.1911430028339507 2.18850711874026 2.1858712346465685 2.183235350552877 2.180599466459186 2.1779635823654946 2.1753276982718037 2.1726918141781124 2.170055930084421 2.1674200459907254 2.1647841618970345 2.162148277803343 2.159512393709652 2.1568765096159606 2.1542406255222692 2.1516047414285784 2.148968857334887 2.1463329732411958 2.1436970891475045 2.1410612050538136 2.1384253209601223 2.135789436866431 2.133153552772735 2.130517668679044 2.127881784585353 2.1252459004916617 2.1226100163979704 2.119974132304279 2.118323995778502 2.117727645701883 2.1171312956252635 2.1165349455486444 2.115938595472025 2.115342245395406 2.1147458953187863 2.114149545242166 2.113553195165547 2.112956845088928 2.1123604950123083 2.111764144935689 2.1111677948590697 2.1105714447824506
2.1953562292736977 2.1928137729497936 2.1902713166258896 2.1877288603019855 2.185186403978081 2.182643947654177 2.180101491330273 2.177559035006369 2.175016578682465 2.172474122358561 2.169931666034657 2.1673892097107483 2.1648467533868443 2.1623042970629403 2.159761840739036 2.157219384415132 2.154676928091228 2.152134471767324 2.14959201544342 2.147049559119516 2.1445071027956115 2.1419646464717075 2.1394221901478034 2.1368797338238994 2.134337277499991 2.131794821176087 2.129252364852183 2.126709908528279 2.1241674522043748 2.1216249958804707 2.1200169065939987 2.119407676807296 2.1187984470205934 2.1181892172338905 2.1175799874471877 2.1169707576604853 2.1163615278737824 2.1157522980870787 2.1151430683003762 2.1145338385136734 2.113924608726971 2.113315378940268 2.1127061491535657 2.112096919366863
2.1942976875260616 2.1918486589719444 2.1893996304178276 2.186950601863711 2.1845015733095936 2.182052544755477 2.17960351620136 2.177154487647243 2.174705459093126 2.1722564305390093 2.169807401984892 2.167358373430771 2.164909344876654 2.1624603163225373 2.16001128776842 2.1575622592143033 2.1551132306601866 2.1526642021060693 2.1502151735519526 2.147766144997836 2.1453171164437186 2.142868087889602 2.140419059335485 2.137970030781368 2.1355210022272466 2.13307197367313 2.130622945119013 2.128173916564896 2.125724888010779 2.1232758594566623 2.1217098174094953 2.121087707912709 2.120465598415923 2.1198434889191367 2.119221379422351 2.1185992699255647 2.1179771604287785 2.1173550509319914 2.1167329414352056 2.1161108319384194 2.115488722441633 2.1148666129448475 2.1142445034480613 2.113622393951275
2.193239145778425 2.190883544994095 2.1885279442097656 2.1861723434254356 2.183816742641106 2.181461141856776 2.1791055410724467 2.1767499402881167 2.1743943395037872 2.1720387387194573 2.169683137935128 2.167327537150794 2.1649719363664643 2.1626163355821344 2.160260734797805 2.157905134013475 2.1555495332291454 2.1531939324448155 2.150838331660486 2.148482730876156 2.1461271300918265 2.1437715293074966 2.141415928523167 2.139060327738837 2.1367047269545036 2.1343491261701737 2.131993525385844 2.1296379246015142 2.1272823238171847 2.124926723032855 2.1234027282249928 2.122767739018123 2.122132749811254 2.1214977606043846 2.120862771397515 2.1202277821906454 2.119592792983776 2.1189578037769055 2.118322814570036 2.1176878253631664 2.1170528361562972 2.1164178469494277 2.115782857742558 2.1151478685356886
