Figures/CREST_Example_wjb_NSE/PETs/wjb.pet.20100821.asc
ncols            288
nrows            254
xllcorner        113.274861
yllcorner        31.4918055
cellsize         0.008333333333
NODATA_value     -9999
[rows 180 to 199 of 254, columns 180 to 224 of 288]
4.116623175826013 4.117964515021063 4.1193058542161145 4.120647193411164 4.121988532606213 4.123329871801263 4.124671210996313 4.126012550191363 4.127353889386413 4.128695228581462 4.130036567776512 4.1313779069715615 4.132566773802261 4.133592644225538 4.134618514648815 4.135644385072094 4.136670255495371 4.137696125918648 4.138721996341925 4.139747866765203 4.140773737188479 4.141799607611756 4.142825478035033 4.143851348458311 4.144877218881588 4.1459030893048645 4.146928959728141 4.147954830151418 4.148980700574698 4.1500065709979745 4.151032441421251 4.152058311844528 4.153084182267806 4.154110052691083 4.15513592311436 4.1561617935376365 4.157187663960914 4.158213534384191 4.159239404807468 4.160265275230745 4.1612911456540225 4.162317016077301 4.16276406027285 4.162592326131112 4.162420591989376
4.118935473593217 4.120247190207659 4.121558906822105 4.122870623436548 4.124182340050991 4.125494056665434 4.126805773279877 4.12811748989432 4.129429206508763 4.130740923123206 4.132052639737649 4.133364356352092 4.134523389618623 4.1355192009315305 4.136515012244438 4.137510823557347 4.138506634870255 4.139502446183162 4.140498257496069 4.141494068808976 4.142489880121883 4.14348569143479 4.144481502747698 4.145477314060606 4.146473125373513 4.14746893668642 4.148464747999327 4.149460559312234 4.150456370625144 4.151452181938051 4.152447993250958 4.1534438045638655 4.154439615876773 4.15543542718968 4.156431238502588 4.157427049815495 4.158422861128402 4.159418672441309 4.1604144837542165 4.161410295067124 4.162406106380032 4.163401917692941 4.1638459464339626 4.163700107117839 4.163554267801716
4.121247771360421 4.122529865394258 4.123811959428096 4.1250940534619325 4.126376147495769 4.1276582415296055 4.128940335563442 4.1302224295972785 4.131504523631114 4.132786617664951 4.134068711698787 4.135350805732624 4.136480005434986 4.137445757637524 4.138411509840061 4.139377262042601 4.140343014245138 4.1413087664476755 4.142274518650213 4.1432402708527505 4.144206023055288 4.145171775257826 4.146137527460364 4.147103279662901 4.148069031865439 4.149034784067976 4.150000536270514 4.150966288473051 4.15193204067559 4.152897792878128 4.153863545080665 4.154829297283203 4.15579504948574 4.156760801688278 4.157726553890815 4.158692306093353 4.15965805829589 4.160623810498428 4.161589562700965 4.1625553149035035 4.163521067106041 4.16448681930858 4.164927832595075 4.1648078881045665 4.164687943614058
4.123560069127627 4.124812540580857 4.126065012034089 4.127317483487318 4.128569954940548 4.129822426393778 4.131074897847007 4.132327369300238 4.133579840753467 4.134832312206696 4.136084783659927 4.137337255113156 4.13843662125135 4.139372314343518 4.140308007435686 4.1412437005278555 4.142179393620023 4.143115086712191 4.144050779804359 4.144986472896527 4.1459221659886945 4.146857859080862 4.14779355217303 4.148729245265198 4.149664938357366 4.1506006314495325 4.1515363245417 4.152472017633868 4.153407710726038 4.154343403818205 4.155279096910373 4.156214790002541 4.157150483094709 4.158086176186877 4.159021869279044 4.159957562371212 4.16089325546338 4.161828948555548 4.1627646416477155 4.163700334739883 4.164636027832051 4.16557172092422 4.166009718756189 4.165915669091294 4.1658216194264
4.125872366894831 4.127095215767454 4.128318064640079 4.129540913512702 4.1307637623853255 4.131986611257949 4.133209460130572 4.134432309003195 4.135655157875818 4.136878006748441 4.138100855621064 4.1393237044936875 4.1403932370677135 4.1412988710495116 4.14220450503131 4.1431101390131095 4.144015772994908 4.144921406976705 4.145827040958503 4.146732674940301 4.147638308922099 4.148543942903897 4.149449576885695 4.150355210867493 4.151260844849291 4.152166478831089 4.153072112812887 4.153977746794685 4.154883380776484 4.155789014758282 4.15669464874008 4.157600282721878 4.158505916703676 4.1594115506854745 4.160317184667273 4.16122281864907 4.162128452630868 4.163034086612666 4.163939720594464 4.164845354576262 4.16575098855806 4.166656622539859 4.167091604917301 4.167023450078021 4.166955295238741
4.128184664662035 4.129377890954052 4.1305711172460695 4.131764343538086 4.132957569830103 4.134150796122119 4.135344022414136 4.136537248706152 4.137730474998169 4.138923701290185 4.140116927582202 4.141310153874218 4.1423498528840765 4.143225427755504 4.1441010026269325 4.144976577498363 4.14585215236979 4.146727727241219 4.147603302112647 4.1484788769840755 4.149354451855504 4.150230026726932 4.15110560159836 4.151981176469788 4.152856751341217 4.153732326212645 4.1546079010840735 4.155483475955501 4.156359050826931 4.15723462569836 4.158110200569787 4.158985775441216 4.159861350312644 4.1607369251840725 4.161612500055501 4.162488074926928 4.163363649798357 4.164239224669785 4.165114799541214 4.165990374412642 4.16686594928407 4.1677415241555 4.168173491078415 4.1681312310647485 4.168088971051083
4.130496962429239 4.131660566140649 4.132824169852061 4.133987773563471 4.135151377274881 4.136314980986291 4.137478584697701 4.1386421884091105 4.13980579212052 4.14096939583193 4.14213299954334 4.1432966032547505 4.14430646870044 4.1451519844614975 4.145997500222556 4.146843015983616 4.147688531744675 4.148534047505733 4.149379563266792 4.15022507902785 4.151070594788909 4.151916110549967 4.152761626311025 4.153607142072084 4.154452657833143 4.1552981735942005 4.156143689355259 4.156989205116318 4.157834720877378 4.158680236638436 4.159525752399495 4.160371268160553 4.161216783921612 4.16206229968267 4.162907815443728 4.163753331204787 4.164598846965846 4.1654443627269035 4.166289878487962 4.167135394249021 4.167980910010079 4.168826425771139 4.169255377239527 4.1692390120514755 4.169222646863424
4.132809260196443 4.1339432413272466 4.135077222458051 4.1362112035888545 4.137345184719658 4.138479165850462 4.139613146981264 4.140747128112068 4.141881109242871 4.143015090373674 4.1441490715044775 4.145283052635281 4.146263084516802 4.147078541167491 4.147893997818179 4.148709454468869 4.149524911119558 4.150340367770247 4.151155824420935 4.151971281071624 4.152786737722312 4.1536021943730015 4.1544176510236905 4.155233107674379 4.156048564325068 4.156864020975757 4.157679477626445 4.158494934277134 4.159310390927824 4.160125847578513 4.160941304229201 4.16175676087989 4.162572217530578 4.163387674181267 4.1642031308319565 4.165018587482645 4.165834044133334 4.166649500784023 4.167464957434711 4.1682804140854 4.169095870736088 4.169911327386779 4.17033726340064 4.1703467930382025 4.170356322675765
4.1351215579636476 4.136225916513844 4.137330275064042 4.1384346336142395 4.139538992164436 4.140643350714632 4.141747709264829 4.142852067815026 4.143956426365222 4.145060784915419 4.146165143465616 4.147269502015813 4.148219700333165 4.149005097873484 4.149790495413803 4.150575892954123 4.151361290494442 4.152146688034761 4.15293208557508 4.153717483115399 4.154502880655718 4.1552882781960365 4.156073675736356 4.156859073276674 4.157644470816994 4.158429868357312 4.159215265897632 4.16000066343795 4.16078606097827 4.16157145851859 4.162356856058908 4.1631422535992275 4.163927651139546 4.164713048679865 4.165498446220184 4.166283843760503 4.167069241300822 4.167854638841141 4.1686400363814595 4.169425433921779 4.170210831462097 4.170996229002418 4.1714191495617525 4.17145457402493 4.171489998488107
4.137433855730853 4.138508591700443 4.139583327670035 4.140658063639625 4.141732799609215 4.142807535578805 4.143882271548395 4.144957007517985 4.146031743487575 4.147106479457165 4.148181215426755 4.149255951396345 4.150176316149529 4.1509316545794785 4.151686993009427 4.152442331439378 4.153197669869327 4.153953008299276 4.154708346729225 4.155463685159174 4.156219023589124 4.1569743620190724 4.157729700449022 4.158485038878971 4.15924037730892 4.159995715738869 4.160751054168818 4.161506392598768 4.162261731028718 4.163017069458667 4.163772407888616 4.164527746318566 4.1652830847485145 4.166038423178464 4.166793761608413 4.167549100038362 4.1683044384683114 4.16905977689826 4.16981511532821 4.170570453758159 4.1713257921881075 4.172081130618058 4.172501035722866 4.172562355011657 4.172623674300448
4.1397461534980575 4.140791266887041 4.141836380276026 4.142881493665009 4.143926607053992 4.144971720442976 4.146016833831959 4.147061947220943 4.148107060609926 4.1491521739989095 4.150197287387893 4.1512424007768765 4.152132931965892 4.152858211285472 4.153583490605051 4.154308769924632 4.155034049244211 4.15575932856379 4.156484607883369 4.157209887202949 4.157935166522528 4.1586604458421075 4.1593857251616875 4.160111004481267 4.160836283800846 4.161561563120426 4.162286842440005 4.163012121759584 4.163737401079165 4.164462680398744 4.165187959718323 4.165913239037903 4.166638518357482 4.167363797677061 4.168089076996641 4.16881435631622 4.169539635635799 4.1702649149553785 4.1709901942749585 4.171715473594538 4.172440752914117 4.173166032233698 4.173582921883979 4.173670135998384 4.17375735011279
4.142058451265261 4.143073942073638 4.144089432882017 4.145104923690393 4.14612041449877 4.147135905307147 4.148151396115524 4.149166886923901 4.150182377732277 4.151197868540653 4.15221335934903 4.153228850157407 4.154089547782254 4.1547847679914645 4.155479988200674 4.156175208409884 4.1568704286190945 4.157565648828304 4.158260869037513 4.158956089246723 4.159651309455933 4.1603465296651425 4.161041749874352 4.161736970083561 4.162432190292771 4.163127410501981 4.1638226307111905 4.1645178509204 4.165213071129611 4.165908291338821 4.16660351154803 4.167298731757239 4.16799395196645 4.168689172175659 4.169384392384869 4.170079612594078 4.170774832803287 4.171470053012498 4.172165273221707 4.172860493430917 4.173555713640126 4.174250933849337 4.174664808045091 4.174777916985111 4.17489102592513
4.144370749032466 4.145356617260235 4.146342485488008 4.1473283537157775 4.148314221943548 4.149300090171318 4.150285958399088 4.151271826626858 4.152257694854629 4.153243563082398 4.154229431310169 4.1552152995379386 4.156046163598618 4.156711324697458 4.157376485796298 4.158041646895138 4.158706807993979 4.159371969092819 4.160037130191658 4.160702291290498 4.161367452389338 4.1620326134881775 4.162697774587017 4.163362935685858 4.164028096784698 4.164693257883537 4.165358418982377 4.166023580081217 4.166688741180058 4.167353902278898 4.168019063377738 4.168684224476578 4.169349385575417 4.170014546674257 4.170679707773097 4.1713448688719375 4.172010029970777 4.172675191069617 4.173340352168457 4.174005513267296 4.174670674366136 4.175335835464978 4.175746694206205 4.175885697971839 4.1760247017374725
4.146683046799669 4.147639292446833 4.148595538093998 4.1495517837411615 4.150508029388325 4.151464275035488 4.152420520682652 4.153376766329815 4.154333011976979 4.155289257624142 4.156245503271306 4.157201748918469 4.15800277941498 4.15863788140345 4.15927298339192 4.159908085380391 4.160543187368861 4.1611782893573315 4.1618133913458015 4.1624484933342725 4.1630835953227425 4.163718697311213 4.164353799299683 4.164988901288153 4.165624003276623 4.166259105265093 4.166894207253563 4.167529309242033 4.168164411230504 4.168799513218974 4.169434615207445 4.170069717195915 4.170704819184385 4.171339921172855 4.171975023161325 4.172610125149795 4.173245227138265 4.173880329126735 4.174515431115205 4.175150533103675 4.175785635092145 4.176420737080617 4.176828580367317 4.176993478958566 4.177158377549814
4.148995344566874 4.149921967633431 4.150848590699989 4.1517752137665465 4.152701836833103 4.15362845989966 4.154555082966217 4.155481706032774 4.156408329099331 4.157334952165887 4.158261575232444 4.1591881982990015 4.159959395231343 4.160564438109444 4.161169480987544 4.161774523865645 4.162379566743746 4.162984609621846 4.1635896524999465 4.164194695378047 4.164799738256147 4.165404781134248 4.166009824012348 4.166614866890448 4.167219909768549 4.167824952646649 4.1684299955247495 4.16903503840285 4.169640081280951 4.1702451241590515 4.170850167037152 4.171455209915252 4.172060252793353 4.172665295671452 4.173270338549552 4.173875381427653 4.174480424305753 4.1750854671838535 4.175690510061954 4.176295552940054 4.176900595818155 4.177505638696256 4.17791046652843 4.178101259945292 4.178292053362155
4.1513076423340785 4.1522046428200285 4.15310164330598 4.1539986437919305 4.154895644277881 4.155792644763832 4.156689645249782 4.157586645735732 4.158483646221682 4.159380646707632 4.160277647193583 4.161174647679533 4.1619160110477065 4.162490994815437 4.163065978583168 4.163640962350899 4.16421594611863 4.164790929886361 4.1653659136540915 4.165940897421821 4.166515881189552 4.167090864957283 4.167665848725013 4.168240832492744 4.168815816260475 4.169390800028205 4.169965783795936 4.170540767563667 4.171115751331398 4.171690735099128 4.172265718866859 4.1728407026345895 4.17341568640232 4.173990670170051 4.174565653937782 4.175140637705512 4.175715621473243 4.176290605240973 4.176865589008703 4.177440572776434 4.178015556544165 4.178590540311896 4.178992352689543 4.17920904093202 4.179425729174497
4.153619940101282 4.154487318006626 4.155354695911971 4.156222073817315 4.157089451722658 4.157956829628001 4.158824207533345 4.159691585438689 4.160558963344033 4.161426341249376 4.16229371915472 4.163161097060064 4.163872626864069 4.16441755152143 4.164962476178791 4.165507400836153 4.166052325493514 4.166597250150874 4.167142174808235 4.167687099465596 4.168232024122957 4.168776948780318 4.169321873437678 4.169866798095039 4.1704117227524 4.170956647409761 4.171501572067122 4.172046496724482 4.172591421381844 4.173136346039205 4.173681270696566 4.174226195353927 4.174771120011288 4.175316044668648 4.175860969326009 4.17640589398337 4.176950818640731 4.177495743298092 4.178040667955452 4.178585592612813 4.179130517270174 4.179675441927536 4.180074238850656 4.180316821918747 4.1805594049868375
4.1559322378684875 4.156769993193224 4.157607748517963 4.1584455038427 4.159283259167437 4.160121014492174 4.160958769816911 4.161796525141648 4.162634280466385 4.163472035791122 4.164309791115859 4.165147546440596 4.165829242680433 4.166344108227424 4.166858973774415 4.167373839321407 4.167888704868398 4.168403570415389 4.16891843596238 4.169433301509371 4.169948167056362 4.170463032603353 4.170977898150344 4.171492763697335 4.172007629244326 4.172522494791317 4.173037360338308 4.173552225885299 4.174067091432291 4.174581956979282 4.175096822526273 4.175611688073264 4.176126553620255 4.176641419167246 4.177156284714237 4.1776711502612285 4.178186015808219 4.17870088135521 4.1792157469022015 4.179730612449192 4.180245477996183 4.1807603435431755 4.181156125011769 4.181424602905474 4.181693080799179
4.158244535635691 4.159052668379822 4.159860801123953 4.160668933868084 4.161477066612214 4.162285199356345 4.163093332100475 4.1639014648446055 4.164709597588736 4.165517730332866 4.166325863076996 4.167133995821127 4.167785858496796 4.1682706649334165 4.168755471370038 4.16924027780666 4.169725084243281 4.170209890679903 4.170694697116524 4.171179503553145 4.171664309989767 4.172149116426388 4.172633922863009 4.17311872929963 4.173603535736252 4.174088342172873 4.174573148609494 4.175057955046116 4.175542761482737 4.176027567919359 4.176512374355981 4.176997180792601 4.177481987229223 4.177966793665845 4.178451600102465 4.178936406539087 4.179421212975709 4.179906019412329 4.180390825848951 4.180875632285572 4.181360438722193 4.181845245158816 4.182238011172882 4.182532383892202 4.182826756611521
4.160556833402896 4.161335343566419 4.162113853729944 4.1628923638934685 4.163670874056992 4.164449384220516 4.1652278943840395 4.166006404547563 4.166784914711087 4.1675634248746105 4.168341935038135 4.169120445201658 4.169742474313159 4.17019722163941 4.170651968965662 4.171106716291914 4.171561463618166 4.172016210944417 4.172470958270669 4.17292570559692 4.173380452923172 4.173835200249423 4.174289947575675 4.174744694901926 4.175199442228178 4.175654189554429 4.176108936880681 4.176563684206932 4.177018431533185 4.177473178859436 4.177927926185688 4.178382673511939 4.178837420838191 4.179292168164442 4.179746915490694 4.180201662816945 4.180656410143197 4.181111157469448 4.1815659047957 4.182020652121951 4.182475399448203 4.182930146774455 4.183319897333995 4.183640164878928 4.183960432423862
