Figures/CREST_Example_wjb_NSE/PETs/wjb.pet.20090912.asc
ncols            288
nrows            254
xllcorner        113.274861
yllcorner        31.4918055
cellsize         0.008333333333
NODATA_value     -9999
[rows 180 to 199 of 254, columns 176 to 219 of 288]
2.383474707692514 2.379611455266631 2.3757482028407484 2.3718849504148656 2.3680216979889828 2.3641584455630995 2.36029519313721 2.356431940711327 2.3525686882854444 2.3487054358595616 2.344842183433679 2.3409789310077955 2.3371156785819127 2.33325242615603 2.329389173730147 2.3255259213042643 2.322172544709446 2.319364236914797 2.3165559291201476 2.313747621325494 2.3109393135308447 2.3081310057361955 2.305322697941546 2.302514390146897 2.299706082352248 2.296897774557599 2.2940894667629497 2.2912811589683004 2.288472851173651 2.285664543379002 2.282856235584353 2.280047927789704 2.2772396199950498 2.2744313122004005 2.2716230044057517 2.2688146966111025 2.266006388816453 2.263198081021804 2.2603897732271547 2.2575814654325055 2.2547731576378567 2.2519648498432074 2.249156542048558 2.246348234253909
2.396798850462943 2.3930349230689805 2.3892709956750173 2.385507068281054 2.381743140887091 2.3779792134931284 2.374215286099159 2.370451358705196 2.3666874313112327 2.3629235039172696 2.359159576523307 2.3553956491293437 2.3516317217353806 2.3478677943414175 2.3441038669474548 2.3403399395534916 2.3370220279854577 2.3341809174271675 2.3313398068688773 2.3284986963105827 2.3256575857522925 2.3228164751940024 2.319975364635712 2.317134254077422 2.314293143519132 2.3114520329608417 2.3086109224025515 2.3057698118442613 2.302928701285971 2.300087590727681 2.297246480169391 2.2944053696111006 2.2915642590528056 2.2887231484945154 2.2858820379362252 2.283040927377935 2.280199816819645 2.2773587062613547 2.274517595703065 2.271676485144775 2.2688353745864847 2.2659942640281945 2.2631531534699043 2.260312042911614
2.4101229932333723 2.4064583908713293 2.4027937885092863 2.399129186147243 2.3954645837851998 2.3917999814231568 2.388135379061107 2.384470776699064 2.380806174337021 2.3771415719749776 2.3734769696129345 2.3698123672508915 2.366147764888848 2.362483162526805 2.358818560164762 2.3551539578027185 2.351871511261469 2.348997597939538 2.346123684617607 2.343249771295671 2.34037585797374 2.337501944651809 2.3346280313298777 2.3317541180079466 2.3288802046860155 2.3260062913640844 2.3231323780421533 2.3202584647202222 2.317384551398291 2.31451063807636 2.3116367247544285 2.3087628114324974 2.3058888981105614 2.3030149847886303 2.300141071466699 2.297267158144768 2.294393244822837 2.291519331500906 2.288645418178975 2.2857715048570437 2.2828975915351126 2.2800236782131815 2.2771497648912504 2.2742758515693193
2.423447136003813 2.41988185867369 2.4163165813435667 2.4127513040134434 2.4091860266833205 2.405620749353197 2.402055472023068 2.3984901946929447 2.3949249173628213 2.3913596400326984 2.387794362702575 2.3842290853724517 2.3806638080423284 2.3770985307122054 2.373533253382082 2.3699679760519587 2.3667209945374936 2.3638142784519216 2.3609075623663496 2.3580008462807722 2.3550941301952 2.352187414109628 2.349280698024056 2.346373981938484 2.3434672658529117 2.3405605497673396 2.3376538336817676 2.3347471175961956 2.331840401510623 2.328933685425051 2.326026969339479 2.323120253253907 2.3202135371683297 2.3173068210827577 2.3144001049971856 2.3114933889116136 2.308586672826041 2.305679956740469 2.302773240654897 2.299866524569325 2.296959808483753 2.2940530923981806 2.2911463763126085 2.2882396602270365
2.436771278774242 2.433305326476039 2.4298393741778352 2.426373421879632 2.4229074695814288 2.4194415172832255 2.415975564985016 2.412509612686813 2.4090436603886096 2.405577708090406 2.4021117557922027 2.3986458034939995 2.3951798511957962 2.3917138988975926 2.3882479465993893 2.384781994301186 2.381570477813505 2.3786309589642918 2.375691440115079 2.372751921265861 2.3698124024166476 2.3668728835674346 2.3639333647182217 2.3609938458690083 2.3580543270197953 2.3551148081705824 2.3521752893213694 2.349235770472156 2.346296251622943 2.34335673277373 2.3404172139245167 2.337477695075304 2.3345381762260855 2.3315986573768726 2.3286591385276596 2.3257196196784466 2.3227801008292333 2.3198405819800203 2.3169010631308073 2.313961544281594 2.311022025432381 2.308082506583168 2.305142987733955 2.3022034688847417
2.4500954215446713 2.4467287942783877 2.443362167012104 2.439995539745821 2.4366289124795375 2.433262285213254 2.4298956579469646 2.426529030680681 2.423162403414398 2.4197957761481144 2.416429148881831 2.4130625216155472 2.4096958943492637 2.4063292670829806 2.402962639816697 2.3995960125504134 2.3964199610895167 2.393447639476663 2.3904753178638085 2.3875029962509497 2.3845306746380954 2.3815583530252415 2.3785860314123872 2.3756137097995333 2.372641388186679 2.369669066573825 2.3666967449609713 2.363724423348117 2.360752101735263 2.3577797801224087 2.354807458509555 2.3518351368967005 2.3488628152838418 2.3458904936709875 2.3429181720581336 2.3399458504452793 2.3369735288324254 2.334001207219571 2.331028885606717 2.3280565639938633 2.325084242381009 2.322111920768155 2.3191395991553008 2.316167277542447
2.4634195643151005 2.460152262080737 2.456884959846373 2.4536176576120097 2.450350355377646 2.4470830531432823 2.443815750908913 2.4405484486745497 2.437281146440186 2.4340138442058223 2.4307465419714585 2.427479239737095 2.4242119375027316 2.4209446352683677 2.4176773330340042 2.4144100307996403 2.4112694443655283 2.408264319989033 2.405259195612538 2.402254071236038 2.399248946859543 2.396243822483048 2.3932386981065528 2.390233573730058 2.3872284493535627 2.384223324977068 2.3812182006005727 2.378213076224078 2.3752079518475826 2.372202827471088 2.3691977030945925 2.3661925787180977 2.3631874543415976 2.3601823299651024 2.3571772055886075 2.3541720812121123 2.3511669568356175 2.3481618324591222 2.3451567080826274 2.342151583706132 2.3391464593296374 2.336141334953142 2.3331362105766473 2.330131086200152
2.4767437070855296 2.473575729883086 2.470407752680642 2.4672397754781983 2.4640717982757545 2.4609038210733107 2.4577358438708616 2.454567866668418 2.451399889465974 2.4482319122635303 2.4450639350610865 2.4418959578586428 2.4387279806561994 2.4355600034537557 2.432392026251312 2.429224049048868 2.42611892764154 2.423081000501404 2.420043073361268 2.417005146221127 2.4139672190809907 2.4109292919408545 2.4078913648007187 2.4048534376605826 2.4018155105204464 2.3987775833803107 2.3957396562401745 2.3927017291000388 2.3896638019599026 2.3866258748197664 2.3835879476796307 2.3805500205394945 2.3775120933993534 2.3744741662592173 2.371436239119081 2.3683983119789453 2.365360384838809 2.3623224576986734 2.3592845305585373 2.356246603418401 2.3532086762782654 2.350170749138129 2.347132821997993 2.3440948948578573
2.4900678498559587 2.486999197685435 2.483930545514911 2.4808618933443873 2.4777932411738632 2.474724589003339 2.47165593683281 2.468587284662286 2.4655186324917624 2.4624499803212383 2.4593813281507146 2.4563126759801905 2.453244023809667 2.450175371639143 2.447106719468619 2.444038067298095 2.4409684109175513 2.4378976810137742 2.434826951109997 2.431756221206215 2.428685491302438 2.425614761398661 2.4225440314948843 2.419473301591107 2.41640257168733 2.4133318417835534 2.4102611118797763 2.407190381975999 2.404119652072222 2.4010489221684455 2.3979781922646684 2.3949074623608912 2.3918367324571093 2.388766002553332 2.385695272649555 2.3826245427457784 2.3795538128420013 2.376483082938224 2.3734123530344475 2.3703416231306704 2.3672708932268933 2.3642001633231167 2.3611294334193396 2.3580587035155625
2.5033919926263994 2.5004226654877955 2.4974533383491915 2.4944840112105875 2.491514684071984 2.48854535693338 2.4855760297947707 2.4826067026561667 2.479637375517563 2.476668048378959 2.473698721240355 2.470729394101751 2.467760066963147 2.464790739824543 2.4618214126859392 2.4588520855473353 2.4558178941935758 2.4527143615261577 2.4496108288587397 2.446507296191317 2.4434037635238988 2.4403002308564807 2.4371966981890627 2.4340931655216447 2.4309896328542266 2.4278861001868086 2.4247825675193906 2.4216790348519726 2.4185755021845545 2.4154719695171365 2.412368436849719 2.409264904182301 2.4061613715148775 2.4030578388474595 2.3999543061800415 2.3968507735126234 2.3937472408452054 2.3906437081777874 2.3875401755103693 2.3844366428429513 2.3813331101755337 2.3782295775081157 2.3751260448406977 2.3720225121732796
2.5167161353968286 2.5138461332901443 2.5109761311834604 2.508106129076776 2.5052361269700922 2.502366124863408 2.499496122756719 2.496626120650035 2.493756118543351 2.4908861164366667 2.488016114329983 2.4851461122232985 2.4822761101166146 2.4794061080099308 2.4765361059032465 2.4736661037965626 2.4706673774695873 2.4675310420385284 2.4643947066074694 2.461258371176405 2.458122035745346 2.454985700314287 2.4518493648832282 2.4487130294521693 2.4455766940211103 2.4424403585900514 2.4393040231589924 2.4361676877279335 2.4330313522968745 2.4298950168658155 2.426758681434756 2.423622346003697 2.420486010572633 2.417349675141574 2.414213339710515 2.411077004279456 2.407940668848397 2.404804333417338 2.401667997986279 2.39853166255522 2.3953953271241613 2.3922589916931023 2.3891226562620433 2.3859863208309844
2.5300402781672577 2.5272696010924935 2.5244989240177294 2.521728246942965 2.518957569868201 2.5161868927934368 2.5134162157186677 2.5106455386439035 2.5078748615691393 2.505104184494375 2.502333507419611 2.4995628303448467 2.4967921532700825 2.4940214761953183 2.491250799120554 2.48848012204579 2.485516860745599 2.482347722550899 2.479178584356199 2.476009446161494 2.472840307966794 2.4696711697720937 2.466502031577394 2.463332893382694 2.460163755187994 2.456994616993294 2.4538254787985943 2.4506563406038944 2.4474872024091945 2.4443180642144946 2.4411489260197943 2.4379797878250944 2.434810649630389 2.4316415114356893 2.4284723732409894 2.4253032350462895 2.4221340968515896 2.4189649586568893 2.4157958204621894 2.4126266822674896 2.4094575440727897 2.40628840587809 2.40311926768339 2.39995012948869
2.543364420937687 2.5406930688948424 2.5380217168519983 2.5353503648091538 2.5326790127663092 2.530007660723465 2.527336308680616 2.5246649566377717 2.5219936045949276 2.519322252552083 2.5166509005092386 2.5139795484663945 2.51130819642355 2.5086368443807054 2.5059654923378614 2.503294140295017 2.5003663440216104 2.497164403063269 2.4939624621049283 2.490760521146582 2.4875585801882414 2.4843566392299 2.4811546982715593 2.4779527573132185 2.4747508163548777 2.471548875396537 2.468346934438196 2.465144993479855 2.461943052521514 2.458741111563173 2.4555391706048324 2.4523372296464916 2.449135288688145 2.445933347729804 2.4427314067714634 2.4395294658131226 2.4363275248547813 2.4331255838964405 2.4299236429380997 2.426721701979759 2.423519761021418 2.4203178200630773 2.417115879104736 2.413913938146395
2.556688563708116 2.5541165366971916 2.5515445096862672 2.5489724826753424 2.546400455664418 2.5438284286534936 2.5412564016425647 2.5386843746316403 2.536112347620716 2.5335403206097915 2.5309682935988667 2.5283962665879423 2.525824239577018 2.5232522125660934 2.520680185555169 2.518108158544244 2.515215827297622 2.51198108357564 2.508746339853658 2.505511596131671 2.502276852409689 2.499042108687707 2.4958073649657253 2.492572621243743 2.4893378775217614 2.4861031337997797 2.482868390077798 2.4796336463558157 2.476398902633834 2.4731641589118523 2.46992941518987 2.4666946714678883 2.463459927745901 2.460225184023919 2.4569904403019374 2.453755696579955 2.4505209528579734 2.4472862091359917 2.4440514654140095 2.440816721692028 2.437581977970046 2.434347234248064 2.431112490526082 2.4278777468041004
2.570012706478551 2.5675400044995462 2.565067302520542 2.562594600541537 2.5601218985625325 2.557649196583528 2.5551764946045195 2.5527037926255147 2.55023109064651 2.5477583886675057 2.545285686688501 2.5428129847094962 2.540340282730492 2.537867580751487 2.5353948787724825 2.532922176793478 2.53006531057364 2.526797764088017 2.5235302176023944 2.520262671116766 2.516995124631143 2.51372757814552 2.510460031659897 2.5071924851742744 2.5039249386886513 2.5006573922030286 2.497389845717406 2.494122299231783 2.49085475274616 2.487587206260537 2.4843196597749144 2.4810521132892913 2.477784566803663 2.47451702031804 2.471249473832417 2.4679819273467944 2.4647143808611713 2.4614468343755487 2.458179287889926 2.454911741404303 2.4516441949186802 2.448376648433057 2.4451091019474345 2.4418415554618114
2.5833368492489797 2.580963472301895 2.5785900953548104 2.576216718407726 2.573843341460641 2.571469964513556 2.5690965875664675 2.566723210619383 2.5643498336722983 2.5619764567252132 2.5596030797781286 2.557229702831044 2.5548563258839594 2.5524829489368743 2.5501095719897897 2.547736195042705 2.5449147938496512 2.5416144446003877 2.5383140953511236 2.5350137461018543 2.5317133968525902 2.5284130476033266 2.5251126983540626 2.521812349104799 2.518511999855535 2.5152116506062714 2.5119113013570074 2.5086109521077438 2.5053106028584797 2.502010253609216 2.498709904359952 2.4954095551106885 2.4921092058614187 2.488808856612155 2.485508507362891 2.4822081581136275 2.4789078088643635 2.4756074596151 2.472307110365836 2.4690067611165722 2.465706411867308 2.4624060626180446 2.4591057133687806 2.455805364119517
2.5966609920194093 2.5943869401042443 2.5921128881890794 2.589838836273915 2.58756478435875 2.585290732443585 2.5830166805284165 2.5807426286132515 2.5784685766980866 2.5761945247829217 2.5739204728677567 2.571646420952592 2.5693723690374273 2.5670983171222623 2.5648242652070974 2.5625502132919324 2.5597642771256632 2.5564311251127583 2.5530979730998533 2.549764821086943 2.546431669074038 2.543098517061133 2.5397653650482286 2.5364322130353236 2.533099061022419 2.529765909009514 2.526432756996609 2.5230996049837047 2.5197664529707997 2.5164333009578947 2.5131001489449902 2.5097669969320853 2.5064338449191745 2.50310069290627 2.499767540893365 2.49643438888046 2.4931012368675556 2.4897680848546506 2.486434932841746 2.483101780828841 2.479768628815936 2.4764354768030317 2.4731023247901267 2.4697691727772217
2.609985134789844 2.607810407906599 2.605635681023354 2.6034609541401093 2.6012862272568644 2.599111500373619 2.5969367734903708 2.594762046607126 2.5925873197238807 2.590412592840636 2.588237865957391 2.586063139074146 2.583888412190901 2.581713685307656 2.5795389584244113 2.5773642315411665 2.574613760401681 2.571247805625135 2.567881850848589 2.564515896072038 2.561149941295492 2.5577839865189462 2.5544180317424003 2.551052076965855 2.547686122189309 2.544320167412763 2.5409542126362172 2.5375882578596713 2.534222303083126 2.53085634830658 2.527490393530034 2.5241244387534882 2.520758483976937 2.517392529200391 2.5140265744238453 2.5106606196472994 2.5072946648707535 2.503928710094208 2.500562755317662 2.4971968005411163 2.4938308457645704 2.4904648909880245 2.487098936211479 2.483732981434933
2.6233092775602733 2.621233875708948 2.619158473857623 2.617083072006298 2.6150076701549727 2.6129322683036476 2.6108568664523193 2.608781464600994 2.606706062749669 2.604630660898344 2.6025552590470187 2.6004798571956935 2.598404455344369 2.5963290534930437 2.5942536516417185 2.5921782497903934 2.5894632436776925 2.5860644861375057 2.582665728597319 2.5792669710571263 2.5758682135169395 2.5724694559767527 2.569070698436566 2.565671940896379 2.5622731833561927 2.558874425816006 2.555475668275819 2.5520769107356323 2.5486781531954454 2.5452793956552586 2.541880638115072 2.5384818805748854 2.535083123034693 2.531684365494506 2.5282856079543192 2.5248868504141324 2.5214880928739456 2.518089335333759 2.514690577793572 2.5112918202533856 2.507893062713199 2.504494305173012 2.501095547632825 2.4976967900926383
2.6366334203307025 2.634657343511297 2.632681266691892 2.630705189872487 2.6287291130530814 2.6267530362336764 2.624776959414268 2.6228008825948623 2.6208248057754573 2.6188487289560523 2.6168726521366468 2.6148965753172417 2.6129204984978363 2.610944421678431 2.608968344859026 2.6069922680396207 2.604312726953704 2.6008811666498763 2.5974496063460486 2.594018046042215 2.5905864857383873 2.5871549254345596 2.583723365130732 2.580291804826904 2.5768602445230764 2.5734286842192486 2.569997123915421 2.566565563611593 2.5631340033077654 2.5597024430039377 2.55627088270011 2.552839322396282 2.5494077620924487 2.545976201788621 2.542544641484793 2.5391130811809655 2.5356815208771377 2.53224996057331 2.5288184002694822 2.5253868399656545 2.5219552796618268 2.518523719357999 2.5150921590541713 2.5116605987503435
