Figures/CREST_Example_wjb_NSE/PETs/wjb.pet.20091230.asc
ncols            288
nrows            254
xllcorner        113.274861
yllcorner        31.4918055
cellsize         0.008333333333
NODATA_value     -9999
[rows 133 to 151 of 254, columns 88 to 131 of 288]
0.6817478995607195 0.6813743259311065 0.6810007523014934 0.6806271786718797 0.6802536050422667 0.6798800314126537 0.6795064577830406 0.6791328841534277 0.6787593105238147 0.6783857368942016 0.6780121632645886 0.6776385896349756 0.6772650160053626 0.6768914423757495 0.6763507308053058 0.6756313449969253 0.6749119591885435 0.6741925733801629 0.6734731875717824 0.6727538017634018 0.6720344159550212 0.6713150301466407 0.6705956443382601 0.6698762585298795 0.6691568727214989 0.6684374869131184 0.6677181011047378 0.6669987152963572 0.6662793294879767 0.6655599436795949 0.6648405578712143 0.6641211720628337 0.6634017862544532 0.6626824004460726 0.661963014637692 0.6612436288293115 0.6605242430209309 0.6598048572125503 0.6590854714041698 0.6583660855957892 0.6576466997874086 0.6569273139790281 0.6562079281706463 0.6554885423622657
0.6828941548724843 0.6825213927498887 0.6821486306272931 0.6817758685046968 0.6814031063821012 0.6810303442595056 0.6806575821369101 0.6802848200143145 0.6799120578917188 0.6795392957691232 0.6791665336465276 0.678793771523932 0.6784210094013364 0.6780482472787408 0.6775040913501448 0.6767767115675152 0.6760493317848844 0.6753219520022546 0.674594572219625 0.6738671924369954 0.6731398126543658 0.6724124328717362 0.6716850530891065 0.6709576733064769 0.6702302935238473 0.6695029137412177 0.6687755339585881 0.6680481541759584 0.6673207743933288 0.666593394610698 0.6658660148280684 0.6651386350454387 0.6644112552628091 0.6636838754801795 0.6629564956975499 0.6622291159149203 0.6615017361322906 0.660774356349661 0.6600469765670314 0.6593195967844018 0.6585922170017722 0.6578648372191425 0.6571374574365116 0.656410077653882
0.6840404101842492 0.683668459568671 0.6832965089530928 0.682924558337514 0.6825526077219358 0.6821806571063576 0.6818087064907794 0.6814367558752012 0.6810648052596231 0.6806928546440448 0.6803209040284667 0.6799489534128885 0.6795770027973103 0.6792050521817321 0.6786574518949837 0.677922078138105 0.6771867043812251 0.6764513306243465 0.6757159568674678 0.6749805831105891 0.6742452093537104 0.6735098355968318 0.672774461839953 0.6720390880830743 0.6713037143261956 0.670568340569317 0.6698329668124383 0.6690975930555596 0.6683622192986809 0.667626845541801 0.6668914717849223 0.6661560980280437 0.6654207242711649 0.6646853505142862 0.6639499767574075 0.6632146030005289 0.6624792292436502 0.6617438554867715 0.6610084817298928 0.6602731079730142 0.6595377342161355 0.6588023604592568 0.6580669867023768 0.6573316129454981
0.6851866654960139 0.6848155263874532 0.6844443872788925 0.684073248170331 0.6837021090617702 0.6833309699532094 0.6829598308446487 0.6825886917360879 0.6822175526275271 0.6818464135189664 0.6814752744104056 0.6811041353018448 0.6807329961932841 0.6803618570847233 0.6798108124398226 0.6790674447086948 0.6783240769775658 0.6775807092464381 0.6768373415153103 0.6760939737841826 0.6753506060530549 0.6746072383219271 0.6738638705907993 0.6731205028596716 0.6723771351285439 0.6716337673974162 0.6708903996662884 0.6701470319351607 0.669403664204033 0.6686602964729039 0.6679169287417762 0.6671735610106485 0.6664301932795207 0.665686825548393 0.6649434578172653 0.6642000900861376 0.6634567223550097 0.662713354623882 0.6619699868927543 0.6612266191616266 0.6604832514304988 0.6597398836993711 0.658996515968242 0.6582531482371143
0.6863329208077799 0.6859625932062365 0.6855922656046931 0.6852219380031491 0.6848516104016058 0.6844812828000625 0.684110955198519 0.6837406275969757 0.6833702999954323 0.682999972393889 0.6826296447923457 0.6822593171908022 0.6818889895892589 0.6815186619877156 0.6809641729846625 0.6802128112792857 0.6794614495739075 0.6787100878685308 0.677958726163154 0.6772073644577772 0.6764560027524004 0.6757046410470235 0.6749532793416467 0.6742019176362699 0.6734505559308931 0.6726991942255164 0.6719478325201396 0.6711964708147627 0.6704451091093859 0.6696937474040079 0.6689423856986311 0.6681910239932543 0.6674396622878774 0.6666883005825006 0.6659369388771238 0.665185577171747 0.6644342154663702 0.6636828537609935 0.6629314920556166 0.6621801303502398 0.661428768644863 0.6606774069394862 0.6599260452341081 0.6591746835287313
0.6874791761195447 0.6871096600250187 0.6867401439304929 0.6863706278359663 0.6860011117414403 0.6856315956469143 0.6852620795523884 0.6848925634578625 0.6845230473633366 0.6841535312688106 0.6837840151742847 0.6834144990797587 0.6830449829852328 0.6826754668907068 0.6821175335295013 0.6813581778498755 0.6805988221702484 0.6798394664906225 0.6790801108109966 0.6783207551313708 0.6775613994517449 0.676802043772119 0.6760426880924932 0.6752833324128673 0.6745239767332415 0.6737646210536156 0.6730052653739897 0.6722459096943638 0.671486554014738 0.6707271983351109 0.669967842655485 0.6692084869758591 0.6684491312962333 0.6676897756166074 0.6669304199369815 0.6661710642573556 0.6654117085777298 0.664652352898104 0.663892997218478 0.6631336415388522 0.6623742858592263 0.6616149301796005 0.6608555744999733 0.6600962188203474
0.6886254314313095 0.688256726843801 0.6878880222562925 0.6875193176687833 0.6871506130812748 0.6867819084937663 0.6864132039062577 0.6860444993187492 0.6856757947312406 0.6853070901437321 0.6849383855562236 0.6845696809687151 0.6842009763812066 0.683832271793698 0.6832708940743402 0.6825035444204652 0.6817361947665891 0.6809688451127142 0.6802014954588392 0.6794341458049643 0.6786667961510894 0.6778994464972145 0.6771320968433395 0.6763647471894646 0.6755973975355897 0.6748300478817147 0.6740626982278398 0.673295348573965 0.6725279989200901 0.6717606492662138 0.6709932996123389 0.670225949958464 0.669458600304589 0.6686912506507141 0.6679239009968392 0.6671565513429643 0.6663892016890893 0.6656218520352144 0.6648545023813396 0.6640871527274647 0.6633198030735897 0.6625524534197148 0.6617851037658385 0.6610177541119636
0.6897716867430744 0.6894037936625833 0.6890359005820922 0.6886680075016005 0.6883001144211094 0.6879322213406183 0.6875643282601271 0.687196435179636 0.6868285420991449 0.6864606490186538 0.6860927559381627 0.6857248628576715 0.6853569697771804 0.6849890766966893 0.6844242546191791 0.6836489109910552 0.6828735673629298 0.6820982237348059 0.6813228801066818 0.6805475364785579 0.679772192850434 0.67899684922231 0.678221505594186 0.677446161966062 0.6766708183379381 0.675895474709814 0.6751201310816901 0.6743447874535662 0.6735694438254421 0.6727941001973169 0.6720187565691929 0.6712434129410689 0.6704680693129449 0.669692725684821 0.668917382056697 0.668142038428573 0.6673666948004491 0.666591351172325 0.6658160075442011 0.6650406639160771 0.6642653202879532 0.6634899766598292 0.6627146330317039 0.6619392894035799
0.6909179420548393 0.6905508604813656 0.6901837789078918 0.6898166973344175 0.6894496157609439 0.6890825341874701 0.6887154526139965 0.6883483710405227 0.6879812894670491 0.6876142078935754 0.6872471263201017 0.686880044746628 0.6865129631731542 0.6861458815996806 0.685577615164018 0.684794277561645 0.6840109399592706 0.6832276023568976 0.6824442647545246 0.6816609271521515 0.6808775895497785 0.6800942519474055 0.6793109143450324 0.6785275767426594 0.6777442391402864 0.6769609015379133 0.6761775639355403 0.6753942263331673 0.6746108887307942 0.6738275511284199 0.6730442135260468 0.6722608759236738 0.6714775383213007 0.6706942007189277 0.6699108631165547 0.6691275255141816 0.6683441879118086 0.6675608503094356 0.6667775127070625 0.6659941751046895 0.6652108375023165 0.6644274998999434 0.6636441622975691 0.662860824695196
0.6920641973666041 0.6916979273001478 0.6913316572336915 0.6909653871672347 0.6905991171007784 0.6902328470343221 0.6898665769678658 0.6895003069014095 0.6891340368349532 0.6887677667684969 0.6884014967020406 0.6880352266355844 0.6876689565691281 0.6873026865026718 0.6867309757088569 0.6859396441322347 0.6851483125556114 0.6843569809789892 0.6835656494023672 0.682774317825745 0.681982986249123 0.6811916546725009 0.6804003230958788 0.6796089915192567 0.6788176599426347 0.6780263283660125 0.6772349967893905 0.6764436652127683 0.6756523336361463 0.6748610020595228 0.6740696704829008 0.6732783389062786 0.6724870073296566 0.6716956757530345 0.6709043441764124 0.6701130125997903 0.6693216810231682 0.6685303494465461 0.6677390178699241 0.6669476862933019 0.6661563547166799 0.6653650231400577 0.6645736915634344 0.6637823599868122
0.693210452678369 0.6928449941189301 0.6924795355594913 0.6921140770000518 0.6917486184406129 0.691383159881174 0.6910177013217351 0.6906522427622963 0.6902867842028574 0.6899213256434186 0.6895558670839796 0.6891904085245408 0.6888249499651019 0.688459491405663 0.6878843362536958 0.6870850107028247 0.6862856851519521 0.685486359601081 0.6846870340502098 0.6838877084993387 0.6830883829484675 0.6822890573975964 0.6814897318467252 0.6806904062958541 0.679891080744983 0.6790917551941118 0.6782924296432407 0.6774931040923695 0.6766937785414984 0.6758944529906259 0.6750951274397547 0.6742958018888835 0.6734964763380124 0.6726971507871412 0.6718978252362701 0.6710984996853989 0.6702991741345278 0.6694998485836566 0.6687005230327855 0.6679011974819143 0.6671018719310432 0.6663025463801721 0.6655032208292996 0.6647038952784284
0.6943567079901348 0.6939920609377134 0.6936274138852919 0.6932627668328698 0.6928981197804484 0.6925334727280269 0.6921688256756054 0.691804178623184 0.6914395315707625 0.6910748845183411 0.6907102374659195 0.6903455904134981 0.6899809433610766 0.6896162963086552 0.6890376967985355 0.6882303772734154 0.6874230577482938 0.6866157382231736 0.6858084186980534 0.6850010991729332 0.6841937796478129 0.6833864601226928 0.6825791405975725 0.6817718210724523 0.6809645015473321 0.6801571820222119 0.6793498624970917 0.6785425429719715 0.6777352234468512 0.6769279039217296 0.6761205843966095 0.6753132648714892 0.6745059453463691 0.6736986258212488 0.6728913062961286 0.6720839867710084 0.6712766672458882 0.670469347720768 0.6696620281956478 0.6688547086705275 0.6680473891454074 0.6672400696202871 0.6664327500951656 0.6656254305700453
0.6955029633018996 0.6951391277564957 0.6947752922110916 0.6944114566656869 0.6940476211202828 0.6936837855748789 0.6933199500294748 0.6929561144840708 0.6925922789386667 0.6922284433932626 0.6918646078478586 0.6915007723024545 0.6911369367570506 0.6907731012116465 0.6901910573433745 0.6893757438440052 0.6885604303446345 0.6877451168452653 0.686929803345896 0.6861144898465268 0.6852991763471575 0.6844838628477883 0.683668549348419 0.6828532358490498 0.6820379223496804 0.6812226088503112 0.6804072953509419 0.6795919818515727 0.6787766683522034 0.6779613548528327 0.6771460413534635 0.6763307278540942 0.675515414354725 0.6747001008553557 0.6738847873559864 0.6730694738566172 0.6722541603572478 0.6714388468578786 0.6706235333585093 0.6698082198591401 0.6689929063597708 0.6681775928604016 0.6673622793610309 0.6665469658616616
0.6966492186136645 0.6962861945752779 0.6959231705368912 0.6955601464985041 0.6951971224601174 0.6948340984217308 0.6944710743833441 0.6941080503449575 0.6937450263065709 0.6933820022681842 0.6930189782297976 0.692655954191411 0.6922929301530244 0.6919299061146378 0.6913444178882134 0.6905211104145951 0.6896978029409754 0.688874495467357 0.6880511879937388 0.6872278805201204 0.686404573046502 0.6855812655728838 0.6847579580992654 0.6839346506256471 0.6831113431520288 0.6822880356784105 0.6814647282047921 0.6806414207311738 0.6798181132575555 0.6789948057839358 0.6781714983103174 0.6773481908366991 0.6765248833630808 0.6757015758894624 0.6748782684158441 0.6740549609422258 0.6732316534686075 0.6724083459949891 0.6715850385213709 0.6707617310477525 0.6699384235741341 0.6691151161005159 0.6682918086268961 0.6674685011532778
0.6977954739254294 0.6974332613940601 0.6970710488626909 0.6967088363313211 0.6963466237999518 0.6959844112685827 0.6956221987372134 0.6952599862058443 0.694897773674475 0.6945355611431058 0.6941733486117366 0.6938111360803674 0.6934489235489981 0.693086711017629 0.6924977784330523 0.6916664769851849 0.6908351755373161 0.6900038740894487 0.6891725726415813 0.6883412711937139 0.6875099697458465 0.6866786682979792 0.6858473668501118 0.6850160654022444 0.684184763954377 0.6833534625065096 0.6825221610586423 0.6816908596107749 0.6808595581629076 0.6800282567150387 0.6791969552671714 0.6783656538193039 0.6775343523714366 0.6767030509235692 0.6758717494757018 0.6750404480278345 0.674209146579967 0.6733778451320996 0.6725465436842323 0.6717152422363649 0.6708839407884976 0.6700526393406302 0.6692213378927614 0.6683900364448939
0.6989685778151689 0.698599769369646 0.6982309609241231 0.6978621524785995 0.6974933440330765 0.6971245355875536 0.6967557271420307 0.6963869186965077 0.6960181102509848 0.6956493018054619 0.695280493359939 0.694911684914416 0.6945428764688931 0.6941740680233702 0.6935805001269517 0.6927466592954455 0.691912818463938 0.6910789776324319 0.6902451368009257 0.6894112959694195 0.6885774551379134 0.6877436143064073 0.6869097734749011 0.686075932643395 0.6852420918118888 0.6844082509803826 0.6835744101488765 0.6827405693173704 0.6819067284858642 0.6810728876543567 0.6802390468228505 0.6794052059913444 0.6785713651598382 0.677737524328332 0.676903683496826 0.6760698426653198 0.6752360018338136 0.6744021610023074 0.6735683201708013 0.6727344793392952 0.671900638507789 0.6710667976762829 0.6702329568447752 0.6693991160132692
0.7001703811422835 0.6997870587163236 0.6994037362903639 0.6990204138644034 0.6986370914384435 0.6982537690124837 0.697870446586524 0.6974871241605641 0.6971038017346043 0.6967204793086444 0.6963371568826847 0.6959538344567249 0.695570512030765 0.6951871896048052 0.6945877133421262 0.6937571637404975 0.6929266141388672 0.6920960645372384 0.6912655149356096 0.6904349653339809 0.689604415732352 0.6887738661307232 0.6879433165290945 0.6871127669274656 0.6862822173258368 0.685451667724208 0.6846211181225792 0.6837905685209504 0.6829600189193216 0.6821294693176914 0.6812989197160626 0.6804683701144337 0.679637820512805 0.6788072709111762 0.6779767213095473 0.6771461717079186 0.6763156221062898 0.6754850725046609 0.6746545229030322 0.6738239733014033 0.6729934236997746 0.6721628740981458 0.6713323244965155 0.6705017748948867
0.7013721844693991 0.7009743480630024 0.7005765116566056 0.7001786752502083 0.6997808388438116 0.6993830024374148 0.6989851660310181 0.6985873296246214 0.6981894932182247 0.697791656811828 0.6973938204054313 0.6969959839990345 0.6965981475926378 0.6962003111862411 0.6955949265573017 0.6947676681855502 0.6939404098137973 0.6931131514420459 0.6922858930702944 0.691458634698543 0.6906313763267915 0.68980411795504 0.6889768595832886 0.6881496012115371 0.6873223428397857 0.6864950844680342 0.6856678260962827 0.6848405677245313 0.6840133093527799 0.683186050981027 0.6823587926092756 0.6815315342375241 0.6807042758657726 0.6798770174940212 0.6790497591222697 0.6782225007505183 0.6773952423787668 0.6765679840070153 0.6757407256352639 0.6749134672635124 0.674086208891761 0.6732589505200095 0.6724316921482567 0.6716044337765052
0.7025739877965137 0.7021616374096801 0.7017492870228466 0.7013369366360122 0.7009245862491786 0.700512235862345 0.7000998854755114 0.6996875350886778 0.6992751847018441 0.6988628343150106 0.698450483928177 0.6980381335413434 0.6976257831545097 0.6972134327676761 0.6966021397724762 0.6957781726306022 0.6949542054887266 0.6941302383468525 0.6933062712049783 0.6924823040631043 0.6916583369212301 0.690834369779356 0.6900104026374819 0.6891864354956078 0.6883624683537337 0.6875385012118596 0.6867145340699854 0.6858905669281113 0.6850665997862372 0.6842426326443617 0.6834186655024875 0.6825946983606135 0.6817707312187393 0.6809467640768653 0.6801227969349911 0.679298829793117 0.6784748626512429 0.6776508955093687 0.6768269283674947 0.6760029612256205 0.6751789940837464 0.6743550269418723 0.6735310597999968 0.6727070926581227
