Figures/CREST_Example_wjb_NSE/PETs/wjb.pet.20091227.asc
ncols            288
nrows            254
xllcorner        113.274861
yllcorner        31.4918055
cellsize         0.008333333333
NODATA_value     -9999
[rows 152 to 170 of 254, columns 132 to 175 of 288]
0.6057506802841119 0.6053056466224334 0.6048606129607548 0.6044155792990762 0.6039705456373975 0.6035255119757189 0.6030804783140403 0.6026354446523617 0.602190410990683 0.6017453773290045 0.6013003436673259 0.6008553100056465 0.6004102763439679 0.5999652426822892 0.5995202090206107 0.5990751753589321 0.5986301416972535 0.5981851080355748 0.5977400743738962 0.5972950407122176 0.596850007050539 0.5964049733888604 0.5959599397271818 0.5955149060655032 0.5950698724038238 0.5946248387421452 0.5941798050804666 0.5937347714187879 0.5932897377571094 0.5928447040954308 0.5924342126701921 0.592060647677104 0.5916870826840158 0.5913135176909277 0.5909399526978395 0.5905663877047513 0.5901928227116632 0.5898192577185744 0.5894456927254862 0.589072127732398 0.58869856273931 0.5883249977462218 0.5879514327531337 0.5875778677600455
0.6067619812360511 0.6063019224299245 0.6058418636237981 0.6053818048176716 0.604921746011545 0.6044616872054186 0.6040016283992921 0.6035415695931656 0.6030815107870391 0.6026214519809127 0.6021613931747861 0.6017013343686588 0.6012412755625324 0.6007812167564058 0.6003211579502794 0.5998610991441529 0.5994010403380263 0.5989409815318999 0.5984809227257734 0.5980208639196469 0.5975608051135204 0.597100746307394 0.5966406875012674 0.596180628695141 0.5957205698890137 0.5952605110828871 0.5948004522767607 0.5943403934706342 0.5938803346645077 0.5934202758583812 0.5929983527711238 0.5926171976300233 0.5922360424889228 0.5918548873478224 0.591473732206722 0.5910925770656216 0.5907114219245211 0.5903302667834199 0.5899491116423196 0.5895679565012191 0.5891868013601186 0.5888056462190182 0.5884244910779177 0.5880433359368172
0.6077732821879902 0.6072981982374158 0.6068231142868414 0.606348030336267 0.6058729463856927 0.6053978624351183 0.6049227784845439 0.6044476945339695 0.6039726105833952 0.6034975266328209 0.6030224426822465 0.6025473587316712 0.6020722747810968 0.6015971908305225 0.6011221068799482 0.6006470229293738 0.6001719389787994 0.599696855028225 0.5992217710776506 0.5987466871270762 0.5982716031765019 0.5977965192259275 0.5973214352753531 0.5968463513247787 0.5963712673742035 0.5958961834236292 0.5954210994730548 0.5949460155224804 0.594470931571906 0.5939958476213316 0.5935624928720554 0.5931737475829426 0.5927850022938299 0.5923962570047172 0.5920075117156044 0.5916187664264917 0.5912300211373789 0.5908412758482655 0.5904525305591528 0.59006378527004 0.5896750399809273 0.5892862946918146 0.5888975494027018 0.5885088041135891
0.6087845831399293 0.6082944740449071 0.6078043649498849 0.6073142558548625 0.6068241467598403 0.6063340376648181 0.6058439285697959 0.6053538194747735 0.6048637103797513 0.6043736012847291 0.6038834921897067 0.6033933830946836 0.6029032739996614 0.6024131649046391 0.6019230558096169 0.6014329467145946 0.6009428376195723 0.6004527285245501 0.5999626194295278 0.5994725103345055 0.5989824012394833 0.598492292144461 0.5980021830494388 0.5975120739544165 0.5970219648593934 0.5965318557643712 0.5960417466693488 0.5955516375743266 0.5950615284793044 0.594571419384282 0.5941266329729871 0.5937302975358619 0.5933339620987369 0.5929376266616119 0.5925412912244868 0.5921449557873618 0.5917486203502368 0.5913522849131111 0.5909559494759861 0.5905596140388609 0.5901632786017359 0.5897669431646109 0.5893706077274858 0.5889742722903608
0.6097958840918685 0.6092907498523983 0.6087856156129281 0.608280481373458 0.6077753471339878 0.6072702128945178 0.6067650786550476 0.6062599444155774 0.6057548101761073 0.6052496759366371 0.604744541697167 0.604239407457696 0.6037342732182258 0.6032291389787557 0.6027240047392856 0.6022188704998154 0.6017137362603453 0.6012086020208751 0.6007034677814049 0.6001983335419349 0.5996931993024647 0.5991880650629946 0.5986829308235244 0.5981777965840542 0.5976726623445833 0.5971675281051131 0.596662393865643 0.5961572596261728 0.5956521253867026 0.5951469911472326 0.5946907730739186 0.5942868474887814 0.593882921903644 0.5934789963185066 0.5930750707333693 0.5926711451482319 0.5922672195630946 0.5918632939779566 0.5914593683928193 0.591055442807682 0.5906515172225446 0.5902475916374073 0.5898436660522699 0.5894397404671325
0.6108071850438085 0.6102870256598905 0.6097668662759724 0.6092467068920544 0.6087265475081363 0.6082063881242182 0.6076862287403002 0.6071660693563822 0.6066459099724641 0.6061257505885461 0.6056055912046281 0.6050854318207091 0.604565272436791 0.604045113052873 0.603524953668955 0.603004794285037 0.6024846349011189 0.6019644755172009 0.6014443161332828 0.6009241567493647 0.6004039973654467 0.5998838379815287 0.5993636785976106 0.5988435192136926 0.5983233598297737 0.5978032004458556 0.5972830410619375 0.5967628816780195 0.5962427222941015 0.5957225629101834 0.5952549131748507 0.5948433974417011 0.5944318817085514 0.5940203659754018 0.5936088502422522 0.5931973345091025 0.5927858187759529 0.5923743030428026 0.5919627873096529 0.5915512715765033 0.5911397558433537 0.590728240110204 0.5903167243770544 0.5899052086439047
0.6118184859957475 0.6112833014673816 0.6107481169390157 0.6102129324106498 0.6096777478822839 0.6091425633539179 0.608607378825552 0.6080721942971861 0.6075370097688202 0.6070018252404542 0.6064666407120883 0.6059314561837215 0.6053962716553555 0.6048610871269896 0.6043259025986236 0.6037907180702577 0.6032555335418919 0.6027203490135259 0.60218516448516 0.601649979956794 0.6011147954284282 0.6005796109000622 0.6000444263716963 0.5995092418433303 0.5989740573149634 0.5984388727865976 0.5979036882582317 0.5973685037298657 0.5968333192014998 0.5962981346731339 0.5958190532757823 0.5953999473946204 0.5949808415134584 0.5945617356322965 0.5941426297511346 0.5937235238699727 0.5933044179888107 0.592885312107648 0.5924662062264862 0.5920471003453243 0.5916279944641624 0.5912088885830004 0.5907897827018385 0.5903706768206766
0.6128297869476867 0.6122795772748729 0.6117293676020591 0.6111791579292453 0.6106289482564314 0.6100787385836177 0.6095285289108039 0.6089783192379901 0.6084281095651762 0.6078778998923624 0.6073276902195486 0.6067774805467339 0.60622727087392 0.6056770612011062 0.6051268515282924 0.6045766418554787 0.6040264321826648 0.603476222509851 0.6029260128370372 0.6023758031642233 0.6018255934914095 0.6012753838185958 0.600725174145782 0.6001749644729681 0.5996247548001534 0.5990745451273396 0.5985243354545258 0.5979741257817119 0.5974239161088981 0.5968737064360843 0.596383193376714 0.5959564973475397 0.5955298013183655 0.5951031052891913 0.5946764092600171 0.5942497132308429 0.5938230172016686 0.5933963211724936 0.5929696251433194 0.5925429291141452 0.592116233084971 0.5916895370557967 0.5912628410266225 0.5908361449974483
0.6138410878996259 0.6132758530823642 0.6127106182651025 0.6121453834478408 0.6115801486305791 0.6110149138133174 0.6104496789960557 0.6098844441787941 0.6093192093615323 0.6087539745442706 0.6081887397270089 0.6076235049097463 0.6070582700924846 0.6064930352752229 0.6059278004579611 0.6053625656406995 0.6047973308234378 0.6042320960061761 0.6036668611889144 0.6031016263716527 0.602536391554391 0.6019711567371293 0.6014059219198676 0.6008406871026059 0.6002754522853433 0.5997102174680815 0.5991449826508198 0.5985797478335582 0.5980145130162965 0.5974492781990348 0.5969473334776456 0.5965130473004591 0.5960787611232725 0.5956444749460861 0.5952101887688995 0.594775902591713 0.5943416164145264 0.5939073302373392 0.5934730440601527 0.5930387578829661 0.5926044717057797 0.5921701855285931 0.5917358993514066 0.59130161317422
0.614852388851565 0.6142721288898554 0.6136918689281458 0.6131116089664362 0.6125313490047266 0.6119510890430171 0.6113708290813075 0.610790569119598 0.6102103091578883 0.6096300491961788 0.6090497892344692 0.6084695292727587 0.607889269311049 0.6073090093493394 0.6067287493876299 0.6061484894259203 0.6055682294642107 0.6049879695025011 0.6044077095407916 0.603827449579082 0.6032471896173724 0.6026669296556628 0.6020866696939532 0.6015064097322437 0.600926149770533 0.6003458898088235 0.5997656298471139 0.5991853698854044 0.5986051099236948 0.5980248499619852 0.5975114735785773 0.5970695972533784 0.5966277209281796 0.5961858446029807 0.595743968277782 0.5953020919525831 0.5948602156273843 0.5944183393021847 0.5939764629769859 0.5935345866517872 0.5930927103265883 0.5926508340013895 0.5922089576761906 0.5917670813509919
0.6158636898035041 0.6152684046973467 0.6146731195911892 0.6140778344850317 0.6134825493788743 0.6128872642727168 0.6122919791665593 0.6116966940604018 0.6111014089542445 0.610506123848087 0.6099108387419295 0.6093155536357711 0.6087202685296136 0.6081249834234561 0.6075296983172986 0.6069344132111412 0.6063391281049837 0.6057438429988262 0.6051485578926687 0.6045532727865113 0.6039579876803538 0.6033627025741963 0.6027674174680389 0.6021721323618815 0.601576847255723 0.6009815621495656 0.6003862770434081 0.5997909919372506 0.5991957068310931 0.5986004217249357 0.5980756136795088 0.5976261472062977 0.5971766807330866 0.5967272142598755 0.5962777477866644 0.5958282813134532 0.5953788148402421 0.5949293483670303 0.5944798818938192 0.5940304154206081 0.593580948947397 0.5931314824741858 0.5926820160009747 0.5922325495277636
0.616874990755444 0.6162646805048387 0.6156543702542333 0.615044060003628 0.6144337497530227 0.6138234395024172 0.6132131292518119 0.6126028190012065 0.6119925087506012 0.6113821984999959 0.6107718882493904 0.6101615779987841 0.6095512677481787 0.6089409574975734 0.608330647246968 0.6077203369963626 0.6071100267457573 0.6064997164951519 0.6058894062445466 0.6052790959939411 0.6046687857433358 0.6040584754927305 0.6034481652421251 0.6028378549915198 0.6022275447409133 0.601617234490308 0.6010069242397026 0.6003966139890973 0.599786303738492 0.5991759934878865 0.5986397537804409 0.5981826971592175 0.597725640537994 0.5972685839167706 0.5968115272955472 0.5963544706743239 0.5958974140531005 0.5954403574318763 0.5949833008106529 0.5945262441894295 0.594069187568206 0.5936121309469826 0.5931550743257592 0.5926980177045358
0.6178862917073833 0.61726095631233 0.6166356209172767 0.6160102855222235 0.6153849501271703 0.614759614732117 0.6141342793370638 0.6135089439420105 0.6128836085469573 0.6122582731519041 0.6116329377568508 0.6110076023617965 0.6103822669667432 0.60975693157169 0.6091315961766367 0.6085062607815835 0.6078809253865303 0.607255589991477 0.6066302545964237 0.6060049192013706 0.6053795838063173 0.604754248411264 0.6041289130162107 0.6035035776211576 0.6028782422261032 0.6022529068310499 0.6016275714359968 0.6010022360409435 0.6003769006458902 0.599751565250837 0.5992038938813725 0.5987392471121368 0.5982746003429011 0.5978099535736654 0.5973453068044297 0.596880660035194 0.5964160132659583 0.5959513664967218 0.5954867197274861 0.5950220729582504 0.5945574261890146 0.594092779419779 0.5936281326505433 0.5931634858813075
0.6188975926593224 0.6182572321198213 0.6176168715803202 0.6169765110408191 0.6163361505013178 0.6156957899618167 0.6150554294223156 0.6144150688828145 0.6137747083433134 0.6131343478038123 0.6124939872643111 0.6118536267248089 0.6112132661853078 0.6105729056458066 0.6099325451063055 0.6092921845668043 0.6086518240273032 0.6080114634878021 0.607371102948301 0.6067307424087999 0.6060903818692988 0.6054500213297975 0.6048096607902964 0.6041693002507953 0.6035289397112931 0.602888579171792 0.6022482186322908 0.6016078580927897 0.6009674975532886 0.6003271370137875 0.5997680339823042 0.5992957970650562 0.5988235601478081 0.5983513232305602 0.5978790863133121 0.5974068493960641 0.5969346124788162 0.5964623755615673 0.5959901386443194 0.5955179017270713 0.5950456648098233 0.5945734278925753 0.5941011909753273 0.5936289540580794
0.6199088936112614 0.6192535079273125 0.6185981222433634 0.6179427365594145 0.6172873508754654 0.6166319651915164 0.6159765795075675 0.6153211938236184 0.6146658081396694 0.6140104224557204 0.6133550367717714 0.6126996510878212 0.6120442654038722 0.6113888797199232 0.6107334940359742 0.6100781083520251 0.6094227226680762 0.6087673369841271 0.6081119513001781 0.6074565656162291 0.6068011799322801 0.6061457942483311 0.6054904085643821 0.6048350228804331 0.6041796371964829 0.603524251512534 0.6028688658285849 0.6022134801446359 0.6015580944606869 0.6009027087767379 0.6003321740832358 0.5998523470179755 0.5993725199527152 0.598892692887455 0.5984128658221947 0.5979330387569343 0.597453211691674 0.5969733846264129 0.5964935575611526 0.5960137304958923 0.5955339034306321 0.5950540763653718 0.5945742493001114 0.5940944222348511
0.6209201945632007 0.6202497837348038 0.6195793729064069 0.6189089620780099 0.618238551249613 0.6175681404212162 0.6168977295928193 0.6162273187644224 0.6155569079360255 0.6148864971076285 0.6142160862792316 0.6135456754508336 0.6128752646224367 0.6122048537940399 0.611534442965643 0.610864032137246 0.6101936213088491 0.6095232104804522 0.6088527996520553 0.6081823888236585 0.6075119779952616 0.6068415671668647 0.6061711563384677 0.6055007455100708 0.6048303346816728 0.6041599238532759 0.603489513024879 0.6028191021964822 0.6021486913680852 0.6014782805396883 0.6008963141841674 0.6004088969708948 0.5999214797576222 0.5994340625443496 0.598946645331077 0.5984592281178045 0.5979718109045319 0.5974843936912585 0.5969969764779859 0.5965095592647133 0.5960221420514407 0.595534724838168 0.5950473076248954 0.5945598904116229
0.6219314955151398 0.6212460595422951 0.6205606235694503 0.6198751875966054 0.6191897516237607 0.6185043156509159 0.6178188796780711 0.6171334437052264 0.6164480077323815 0.6157625717595367 0.615077135786692 0.614391699813846 0.6137062638410012 0.6130208278681565 0.6123353918953117 0.6116499559224668 0.6109645199496221 0.6102790839767773 0.6095936480039326 0.6089082120310878 0.608222776058243 0.6075373400853982 0.6068519041125534 0.6061664681397086 0.6054810321668627 0.6047955961940179 0.6041101602211731 0.6034247242483284 0.6027392882754835 0.6020538523026387 0.6014604542850991 0.6009654469238142 0.6004704395625293 0.5999754322012444 0.5994804248399594 0.5989854174786746 0.5984904101173897 0.597995402756104 0.5975003953948191 0.5970053880335342 0.5965103806722494 0.5960153733109644 0.5955203659496796 0.5950253585883947
0.6229427964670788 0.6222423353497862 0.6215418742324935 0.6208414131152009 0.6201409519979082 0.6194404908806156 0.6187400297633229 0.6180395686460303 0.6173391075287376 0.616638646411445 0.6159381852941522 0.6152377241768584 0.6145372630595657 0.6138368019422731 0.6131363408249804 0.6124358797076878 0.611735418590395 0.6110349574731024 0.6103344963558097 0.609634035238517 0.6089335741212244 0.6082331130039317 0.6075326518866391 0.6068321907693464 0.6061317296520525 0.6054312685347598 0.6047308074174672 0.6040303463001745 0.6033298851828819 0.6026294240655892 0.6020245943860306 0.6015219968767335 0.6010193993674363 0.6005168018581392 0.6000142043488419 0.5995116068395447 0.5990090093302476 0.5985064118209495 0.5980038143116524 0.5975012168023551 0.596998619293058 0.5964960217837608 0.5959934242744637 0.5954908267651664
0.623954097419019 0.6232386111572784 0.6225231248955378 0.6218076386337973 0.6210921523720567 0.6203766661103162 0.6196611798485755 0.6189456935868349 0.6182302073250944 0.6175147210633538 0.6167992348016132 0.6160837485398715 0.6153682622781309 0.6146527760163903 0.6139372897546498 0.6132218034929092 0.6125063172311687 0.6117908309694281 0.6110753447076875 0.610359858445947 0.6096443721842064 0.6089288859224659 0.6082133996607253 0.6074979133989847 0.606782427137243 0.6060669408755024 0.6053514546137618 0.6046359683520213 0.6039204820902807 0.6032049958285401 0.6025887344869627 0.6020785468296532 0.6015683591723437 0.6010581715150343 0.6005479838577248 0.6000377962004153 0.5995276085431058 0.5990174208857955 0.598507233228486 0.5979970455711765 0.597486857913867 0.5969766702565575 0.5964664825992481 0.5959562949419386
