Figures/CREST_Example_wjb_NSE/PETs/wjb.pet.20100720.asc
ncols            288
nrows            254
xllcorner        113.274861
yllcorner        31.4918055
cellsize         0.008333333333
NODATA_value     -9999
[rows 120 to 139 of 254, columns 220 to 263 of 288]
1.5233335726199453 1.514195628323479 1.506618180664993 1.5007089392292459 1.494799697793499 1.4888904563577519 1.482981214922005 1.4770719734862578 1.4711627320505107 1.4652534906147638 1.4593442491790167 1.4534350077432696 1.4475257663075227 1.4416165248717756 1.4357072834360185 1.4297980420002716 1.4238888005645245 1.4179795591287774 1.4120703176930305 1.4061610762572834 1.4002518348215363 1.3943425933857894 1.3884333519500422 1.3825241105142954 1.3766148690785482 1.3707056276428011 1.3647963862070542 1.3588871447712971 1.35297790333555 1.3470686618998031 1.341159420464056 1.335250179028309 1.328082636230521 1.3195699407926949 1.3110572453548688 1.3025445499170427 1.2940318544792166 1.2855191590413904 1.2770064636035643 1.2684937681657382 1.2599810727278977 1.2514683772900717 1.2429556818522456 -9999.0
1.5121374808178376 1.503033948340725 1.4954545744967698 1.4895045607260058 1.483554546955242 1.477604533184478 1.471654519413714 1.46570450564295 1.459754491872186 1.4538044781014223 1.4478544643306583 1.4419044505598944 1.4359544367891304 1.4300044230183664 1.4240544092475924 1.4181043954768284 1.4121543817060644 1.4062043679353007 1.4002543541645367 1.3943043403937727 1.3883543266230087 1.3824043128522447 1.376454299081481 1.370504285310717 1.364554271539953 1.358604257769189 1.3526542439984253 1.346704230227651 1.340754216456887 1.334804202686123 1.3288541889153593 1.3229041751445954 1.3158217197295516 1.3075286585618282 1.2992355973941048 1.2909425362263813 1.282649475058658 1.2743564138909345 1.266063352723211 1.2577702915554876 1.2494772303877502 1.2411841692200267 1.2328911080523033 -9999.0
1.50094138901573 1.4918722683579708 1.4842909683285468 1.478300182222766 1.472309396116985 1.4663186100112042 1.4603278239054234 1.4543370377996425 1.4483462516938617 1.4423554655880808 1.4363646794823 1.430373893376519 1.4243831072707382 1.4183923211649574 1.4124015350591663 1.4064107489533855 1.4004199628476046 1.3944291767418238 1.388438390636043 1.382447604530262 1.3764568184244812 1.3704660323187006 1.3644752462129195 1.3584844601071389 1.3524936740013578 1.3465028878955771 1.3405121017897963 1.3345213156840052 1.3285305295782244 1.3225397434724435 1.3165489573666627 1.3105581712608818 1.3035608032285826 1.2954873763309618 1.287413949433341 1.2793405225357202 1.2712670956380996 1.2631936687404788 1.255120241842858 1.2470468149452372 1.2389733880476026 1.2308999611499818 1.222826534252361 1.2147531073547402
1.4897452972136223 1.4807105883752167 1.4731273621603236 1.4670958037195259 1.4610642452787281 1.4550326868379304 1.4490011283971327 1.442969569956335 1.436938011515537 1.4309064530747393 1.4248748946339416 1.4188433361931438 1.4128117777523461 1.4067802193115484 1.4007486608707402 1.3947171024299425 1.3886855439891448 1.382653985548347 1.3766224271075493 1.3705908686667514 1.3645593102259537 1.358527751785156 1.3524961933443582 1.3464646349035605 1.3404330764627628 1.334401518021965 1.328369959581167 1.3223384011403592 1.3163068426995614 1.3102752842587637 1.3042437258179658 1.298212167377168 1.2912998867276135 1.2834460941000954 1.2755923014725772 1.267738508845059 1.259884716217541 1.2520309235900229 1.2441771309625047 1.2363233383349865 1.228469545707455 1.2206157530799369 1.2127619604524187 1.2049081678249007
1.4785492054115048 1.4695489083924531 1.4619637559920908 1.4558914252162762 1.4498190944404614 1.4437467636646468 1.437674432888832 1.4316021021130174 1.4255297713372026 1.419457440561388 1.4133851097855732 1.4073127790097586 1.4012404482339438 1.3951681174581292 1.3890957866823042 1.3830234559064893 1.3769511251306747 1.37087879435486 1.3648064635790453 1.3587341328032307 1.352661802027416 1.3465894712516013 1.3405171404757865 1.334444809699972 1.328372478924157 1.3223001481483425 1.3162278173725277 1.3101554865967027 1.304083155820888 1.2980108250450733 1.2919384942692587 1.2858661634934438 1.2790389702266338 1.2714048118692185 1.2637706535118032 1.2561364951543879 1.2485023367969725 1.2408681784395574 1.2332340200821421 1.2255998617247268 1.2179657033672984 1.210331545009883 1.202697386652468 1.1950632282950526
1.4673531136093971 1.458387228409699 1.4508001498238676 1.4446870467130362 1.4385739436022045 1.4324608404913728 1.4263477373805413 1.4202346342697096 1.414121531158878 1.4080084280480465 1.4018953249372148 1.3957822218263833 1.3896691187155517 1.38355601560472 1.377442912493878 1.3713298093830464 1.3652167062722147 1.3591036031613832 1.3529905000505515 1.3468773969397199 1.3407642938288884 1.3346511907180567 1.328538087607225 1.3224249844963936 1.3163118813855619 1.3101987782747304 1.3040856751638987 1.2979725720530566 1.2918594689422251 1.2857463658313935 1.2796332627205618 1.2735201596097303 1.2667780537256648 1.259363529638352 1.2519490055510394 1.2445344814637267 1.237119957376414 1.2297054332891015 1.2222909092017888 1.2148763851144762 1.2074618610271508 1.2000473369398383 1.1926328128525256 1.185218288765213
1.4561570218072895 1.4472255484269452 1.4396365436556446 1.4334826682097963 1.4273287927639478 1.4211749173180992 1.4150210418722506 1.408867166426402 1.4027132909805535 1.3965594155347052 1.3904055400888566 1.384251664643008 1.3780977891971595 1.371943913751311 1.365790038305452 1.3596361628596034 1.3534822874137549 1.3473284119679065 1.341174536522058 1.3350206610762094 1.3288667856303609 1.3227129101845123 1.3165590347386638 1.3104051592928152 1.3042512838469669 1.2980974084011183 1.2919435329552698 1.2857896575094108 1.2796357820635622 1.2734819066177137 1.267328031171865 1.2611741557260165 1.2545171372246955 1.2473222474074857 1.2401273575902756 1.2329324677730655 1.2257375779558555 1.2185426881386456 1.2113477983214356 1.2041529085042255 1.1969580186870032 1.1897631288697934 1.1825682390525833 1.1753733492353733
1.4449609300051818 1.436063868444191 1.4284729374874214 1.422278289706556 1.4160836419256906 1.4098889941448252 1.4036943463639597 1.3974996985830943 1.3913050508022289 1.3851104030213635 1.378915755240498 1.3727211074596326 1.3665264596787672 1.3603318118979018 1.3541371641170257 1.3479425163361602 1.3417478685552948 1.3355532207744294 1.329358572993564 1.3231639252126985 1.3169692774318331 1.3107746296509677 1.3045799818701023 1.2983853340892368 1.2921906863083714 1.285996038527506 1.2798013907466406 1.2736067429657645 1.267412095184899 1.2612174474040336 1.2550227996231682 1.2488281518423028 1.2422562207237262 1.2352809651766188 1.2283057096295116 1.2213304540824041 1.214355198535297 1.2073799429881895 1.2004046874410823 1.1934294318939749 1.1864541763468557 1.1794789207997483 1.172503665252641 1.1655284097055336
1.4337648382030739 1.424902188461437 1.4173093313191985 1.411073911203316 1.4048384910874336 1.3986030709715513 1.392367650855669 1.3861322307397868 1.3798968106239042 1.373661390508022 1.3674259703921396 1.3611905502762573 1.3549551301603748 1.3487197100444925 1.3424842899285996 1.3362488698127173 1.330013449696835 1.3237780295809527 1.3175426094650702 1.3113071893491879 1.3050717692333056 1.2988363491174233 1.292600929001541 1.2863655088856585 1.2801300887697762 1.273894668653894 1.2676592485380116 1.2614238284221186 1.2551884083062363 1.2489529881903538 1.2427175680744715 1.2364821479585892 1.2299953042227572 1.2232396829457524 1.2164840616687478 1.209728440391743 1.2029728191147384 1.1962171978377336 1.189461576560729 1.1827059552837242 1.1759503340067081 1.1691947127297035 1.1624390914526987 1.1556834701756942
1.4225687464009664 1.4137405084786832 1.4061457251509755 1.399869532700076 1.393593340249177 1.3873171477982775 1.3810409553473784 1.3747647628964792 1.3684885704455798 1.3622123779946806 1.3559361855437813 1.349659993092882 1.343383800641983 1.3371076081910835 1.3308314157401737 1.3245552232892743 1.3182790308383752 1.3120028383874758 1.3057266459365766 1.2994504534856774 1.293174261034778 1.286898068583879 1.2806218761329795 1.2743456836820803 1.2680694912311812 1.2617932987802818 1.2555171063293826 1.2492409138784726 1.2429647214275734 1.236688528976674 1.2304123365257749 1.2241361440748757 1.2177343877217879 1.211198400714886 1.2046624137079838 1.1981264267010818 1.1915904396941799 1.1850544526872777 1.1785184656803758 1.1719824786734738 1.1654464916665606 1.1589105046596586 1.1523745176527564 1.1458385306458545
1.4113726545988585 1.402578828495929 1.3949821189827523 1.388665154196836 1.38234818941092 1.3760312246250037 1.3697142598390875 1.3633972950531714 1.3570803302672552 1.3507633654813391 1.3444464006954229 1.3381294359095068 1.3318124711235906 1.3254955063376745 1.3191785415517474 1.3128615767658314 1.3065446119799151 1.300227647193999 1.2939106824080828 1.2875937176221668 1.2812767528362505 1.2749597880503343 1.2686428232644182 1.262325858478502 1.256008893692586 1.2496919289066697 1.2433749641207537 1.2370579993348265 1.2307410345489105 1.2244240697629942 1.2181071049770782 1.211790140191162 1.2054734712208188 1.1991571184840195 1.19284076574722 1.1865244130104207 1.1802080602736214 1.1738917075368218 1.1675753548000225 1.1612590020632232 1.154942649326413 1.1486262965896137 1.1423099438528144 1.1359935911160148
1.400176562796741 1.3914171485131654 1.3838185128145195 1.3774607756935864 1.3711030385726533 1.3647453014517201 1.358387564330787 1.3520298272098539 1.3456720900889207 1.3393143529679876 1.3329566158470547 1.3265988787261216 1.3202411416051885 1.3138834044842553 1.3075256673633113 1.3011679302423782 1.294810193121445 1.288452456000512 1.282094718879579 1.275736981758646 1.2693792446377128 1.2630215075167797 1.2566637703958465 1.2503060332749134 1.2439482961539803 1.2375905590330472 1.231232821912114 1.2248750847911702 1.2185173476702371 1.212159610549304 1.2058018734283709 1.1994441363074377 1.1932125547198391 1.1871158362531427 1.181019117786446 1.1749223993197495 1.168825680853053 1.1627289623863564 1.15663224391966 1.1505355254529634 1.1444388069862563 1.1383420885195599 1.1322453700528634 1.1261486515861667
1.3889804709946334 1.3802554685304114 1.3726549066462963 1.3662563971903463 1.3598578877343963 1.3534593782784463 1.3470608688224963 1.340662359366546 1.334263849910596 1.327865340454646 1.321466830998696 1.315068321542746 1.3086698120867961 1.3022713026308461 1.2958727931748852 1.2894742837189352 1.2830757742629852 1.2766772648070353 1.2702787553510853 1.2638802458951353 1.2574817364391853 1.2510832269832353 1.244684717527285 1.238286208071335 1.231887698615385 1.225489189159435 1.219090679703485 1.2126921702475242 1.2062936607915742 1.1998951513356242 1.1934966418796742 1.1870981324237242 1.18095163821887 1.175074554022276 1.1691974698256822 1.1633203856290883 1.1574433014324945 1.1515662172359005 1.1456891330393066 1.1398120488427128 1.133934964646109 1.128057880449515 1.122180796252921 1.1163037120563273
1.3777843791925257 1.3690937885476575 1.3614913004780733 1.3550520186871065 1.3486127368961394 1.3421734551051725 1.3357341733142056 1.3292948915232388 1.3228556097322717 1.3164163279413048 1.309977046150338 1.3035377643593709 1.297098482568404 1.2906592007774371 1.2842199189864592 1.2777806371954923 1.2713413554045254 1.2649020736135586 1.2584627918225915 1.2520235100316246 1.2455842282406577 1.2391449464496906 1.2327056646587238 1.226266382867757 1.21982710107679 1.2133878192858232 1.206948537494856 1.2005092557038783 1.1940699739129113 1.1876306921219444 1.1811914103309775 1.1747521285400104 1.1686907217179008 1.1630332717914096 1.1573758218649184 1.1517183719384272 1.146060922011936 1.1404034720854448 1.1347460221589536 1.1290885722324622 1.1234311223059614 1.1177736723794702 1.112116222452979 1.1064587725264876
1.366588287390418 1.3579321085649034 1.3503276943098501 1.3438476401838662 1.3373675860578824 1.3308875319318987 1.3244074778059147 1.317927423679931 1.311447369553947 1.3049673154279633 1.2984872613019796 1.2920072071759956 1.2855271530500119 1.279047098924028 1.272567044798033 1.2660869906720493 1.2596069365460654 1.2531268824200816 1.2466468282940977 1.240166774168114 1.2336867200421302 1.2272066659161462 1.2207266117901625 1.2142465576641785 1.2077665035381948 1.201286449412211 1.1948063952862271 1.1883263411602323 1.1818462870342483 1.1753662329082646 1.1688861787822808 1.162406124656297 1.1564298052169317 1.1509919895605432 1.1455541739041546 1.140116358247766 1.1346785425913775 1.129240726934989 1.1238029112786003 1.1183650956222118 1.1129272799658139 1.1074894643094253 1.1020516486530367 1.0966138329966482
1.3553921955883101 1.3467704285821493 1.339164088141627 1.332643261680626 1.3261224352196255 1.3196016087586246 1.3130807822976238 1.3065599558366232 1.3000391293756224 1.2935183029146218 1.286997476453621 1.2804766499926201 1.2739558235316195 1.2674349970706187 1.2609141706096068 1.2543933441486061 1.2478725176876053 1.2413516912266047 1.2348308647656039 1.228310038304603 1.2217892118436025 1.2152683853826016 1.2087475589216008 1.2022267324606002 1.1957059059995994 1.1891850795385988 1.182664253077598 1.176143426616586 1.1696226001555854 1.1631017736945846 1.156580947233584 1.1500601207725831 1.1441688887159625 1.1389507073296765 1.1337325259433906 1.1285143445571046 1.1232961631708187 1.1180779817845328 1.1128598003982468 1.107641619011961 1.102423437625666 1.0972052562393801 1.0919870748530942 1.0867688934668083
1.3441961037862025 1.3356087485993953 1.3280004819734037 1.321438883177386 1.3148772843813683 1.3083156855853508 1.3017540867893331 1.2951924879933154 1.2886308891972977 1.2820692904012803 1.2755076916052626 1.2689460928092449 1.2623844940132272 1.2558228952172095 1.2492612964211807 1.242699697625163 1.2361380988291455 1.2295765000331278 1.22301490123711 1.2164533024410924 1.209891703645075 1.2033301048490572 1.1967685060530395 1.1902069072570218 1.1836453084610041 1.1770837096649867 1.170522110868969 1.1639605120729402 1.1573989132769225 1.1508373144809048 1.144275715684887 1.1377141168888696 1.1319079722149932 1.1269094250988099 1.1219108779826268 1.1169123308664435 1.1119137837502602 1.1069152366340769 1.1019166895178936 1.0969181424017103 1.0919195952855185 1.0869210481693352 1.0819225010531521 1.0769239539369688
1.3330000119840852 1.3244470686166319 1.3168368758051712 1.3102345046741366 1.303632133543102 1.2970297624120675 1.290427391281033 1.283825020149998 1.2772226490189635 1.270620277887929 1.2640179067568944 1.2574155356258598 1.2508131644948253 1.2442107933637907 1.2376084222327448 1.2310060511017102 1.2244036799706757 1.217801308839641 1.2111989377086063 1.2045965665775717 1.1979941954465372 1.1913918243155026 1.184789453184468 1.1781870820534335 1.171584710922399 1.1649823397913643 1.1583799686603298 1.1517775975292839 1.1451752263982493 1.1385728552672147 1.13197048413618 1.1253681130051454 1.1196470557140137 1.1148681428679332 1.110089230021853 1.1053103171757725 1.100531404329692 1.0957524914836116 1.0909735786375312 1.0861946657914507 1.081415752945362 1.0766368400992816 1.0718579272532014 1.067079014407121
1.3218039201819776 1.3132853886338778 1.305673269636948 1.2990301261708965 1.2923869827048449 1.2857438392387934 1.279100695772742 1.2724575523066906 1.265814408840639 1.2591712653745875 1.252528121908536 1.2458849784424844 1.239241834976433 1.2325986915103815 1.2259555480443185 1.219312404578267 1.2126692611122156 1.206026117646164 1.1993829741801125 1.192739830714061 1.1860966872480097 1.179453543781958 1.1728104003159066 1.166167256849855 1.1595241133838035 1.152880969917752 1.1462378264517006 1.1395946829856376 1.1329515395195862 1.1263083960535347 1.119665252587483 1.1130221091214316 1.1073861392130444 1.1028268606370666 1.0982675820610888 1.0937083034851112 1.0891490249091333 1.0845897463331555 1.0800304677571777 1.0754711891811999 1.0709119106052145 1.0663526320292367 1.0617933534532589 1.057234074877281
1.3106078283798697 1.3021237086511237 1.2945096634687248 1.2878257476676565 1.281141831866588 1.2744579160655196 1.267774000264451 1.2610900844633828 1.2544061686623142 1.247722252861246 1.2410383370601774 1.234354421259109 1.2276705054580406 1.2209865896569723 1.2143026738558924 1.207618758054824 1.2009348422537556 1.1942509264526873 1.1875670106516187 1.1808830948505504 1.174199179049482 1.1675152632484136 1.160831347447345 1.1541474316462768 1.1474635158452082 1.14077960004414 1.1340956842430714 1.1274117684419918 1.1207278526409232 1.114043936839855 1.1073600210387864 1.100676105237718 1.0951252227120754 1.0907855784062002 1.086445934100325 1.08210628979445 1.0777666454885748 1.0734270011826996 1.0690873568768247 1.0647477125709495 1.060408068265067 1.0560684239591918 1.0517287796533168 1.0473891353474416
