Figures/CREST_Example_wjb_NSE/PETs/wjb.pet.20090726.asc
ncols            288
nrows            254
xllcorner        113.274861
yllcorner        31.4918055
cellsize         0.008333333333
NODATA_value     -9999
[rows 200 to 219 of 254, columns 220 to 263 of 288]
3.1219809654103203 3.124394098967608 3.1270591802317247 3.1299935992964625 3.1329280183612 3.1358624374259376 3.138796856490675 3.1417312755554128 3.14466569462015 3.147600113684888 3.1505345327496252 3.153468951814363 3.1564033708791004 3.159337789943838 3.162272209008581 3.165206628073318 3.168141047138056 3.1710754662027933 3.174009885267531 3.1769443043322685 3.1798787233970063 3.1828131424617436 3.1857475615264814 3.1886819805912188 3.191616399655956 3.194550818720694 3.1974852377854313 3.200419656850174 3.2033540759149117 3.206288494979649 3.209222914044387 -9999.0 -9999.0 -9999.0 -9999.0 -9999.0 -9999.0 -9999.0 -9999.0 -9999.0 -9999.0 -9999.0 -9999.0 -9999.0
3.1235834766839066 3.12595698807694 3.1286071594992673 3.131553086754213 3.1344990140091586 3.1374449412641043 3.14039086851905 3.1433367957739957 3.1462827230289414 3.149228650283887 3.152174577538833 3.155120504793778 3.1580664320487237 3.1610123593036694 3.1639582865586204 3.166904213813566 3.169850141068512 3.172796068323457 3.1757419955784028 3.1786879228333484 3.181633850088294 3.18457977734324 3.1875257045981855 3.190471631853131 3.193417559108077 3.1963634863630226 3.1993094136179683 3.202255340872919 3.2052012681278645 3.2081471953828102 -9999.0 -9999.0 -9999.0 -9999.0 -9999.0 -9999.0 -9999.0 -9999.0 -9999.0 -9999.0 -9999.0 -9999.0 -9999.0 -9999.0
3.125185987957493 3.1275198771862716 3.1301551387668094 3.1331125742119634 3.136070009657117 3.139027445102271 3.1419848805474246 3.1449423159925787 3.1478997514377323 3.150857186882886 3.15381462232804 3.1567720577731935 3.1597294932183475 3.162686928663501 3.16564436410866 3.168601799553814 3.1715592349989676 3.1745166704441212 3.1774741058892753 3.180431541334429 3.183388976779583 3.1863464122247365 3.1893038476698905 3.192261283115044 3.1952187185601977 3.1981761540053517 3.2011335894505053 3.204091024895664 3.2070484603408183 3.210005895785972 -9999.0 -9999.0 -9999.0 -9999.0 -9999.0 -9999.0 -9999.0 -9999.0 -9999.0 -9999.0 -9999.0 -9999.0 -9999.0 -9999.0
3.1267884992310786 3.1290827662956033 3.131703118034352 3.134672061669714 3.137641005305076 3.1406099489404378 3.1435788925757993 3.146547836211161 3.149516779846523 3.152485723481885 3.155454667117247 3.158423610752609 3.161392554387971 3.1643614980233328 3.1673304416586996 3.1702993852940615 3.1732683289294235 3.1762372725647854 3.1792062162001473 3.1821751598355092 3.185144103470871 3.1881130471062327 3.1910819907415946 3.1940509343769565 3.1970198780123185 3.1999888216476804 3.2029577652830423 3.205926708918409 3.208895652553771 3.211864596189133 3.214833539824495 -9999.0 -9999.0 -9999.0 -9999.0 -9999.0 -9999.0 -9999.0 -9999.0 -9999.0 -9999.0 -9999.0 -9999.0 -9999.0
3.1283910105046657 3.130645655404936 3.133251097301895 3.1362315491274653 3.139212000953035 3.1421924527786054 3.145172904604175 3.148153356429745 3.1511338082553153 3.154114260080885 3.1570947119064554 3.1600751637320252 3.163055615557595 3.1660360673831653 3.1690165192087405 3.1719969710343103 3.17497742285988 3.1779578746854504 3.1809383265110203 3.1839187783365905 3.1868992301621604 3.18987968198773 3.1928601338133005 3.1958405856388703 3.19882103746444 3.2018014892900104 3.2047819411155802 3.2077623929411554 3.2107428447667257 3.2137232965922955 -9999.0 -9999.0 -9999.0 -9999.0 -9999.0 -9999.0 -9999.0 -9999.0 -9999.0 -9999.0 -9999.0 -9999.0 -9999.0 -9999.0
3.1299935217782515 3.132208544514268 3.1347990765694376 3.1377910365852157 3.140782996600994 3.1437749566167716 3.14676691663255 3.149758876648328 3.152750836664106 3.1557427966798843 3.1587347566956625 3.1617267167114407 3.1647186767272184 3.1677106367429966 3.17070259675878 3.173694556774558 3.176686516790336 3.179678476806114 3.1826704368218923 3.1856623968376705 3.1886543568534487 3.191646316869227 3.1946382768850046 3.1976302369007827 3.200622196916561 3.203614156932339 3.2066061169481173 3.2095980769639003 3.2125900369796785 -9999.0 -9999.0 -9999.0 -9999.0 -9999.0 -9999.0 -9999.0 -9999.0 -9999.0 -9999.0 -9999.0 -9999.0 -9999.0 -9999.0 -9999.0
3.131596033051838 3.1337714336236 3.13634705583698 3.1393505240429667 3.1423539922489527 3.145357460454939 3.1483609286609253 3.1513643968669114 3.1543678650728975 3.157371333278884 3.16037480148487 3.163378269690856 3.166381737896842 3.1693852061028287 3.17238867430882 3.175392142514806 3.1783956107207922 3.1813990789267788 3.184402547132765 3.187406015338751 3.1904094835447374 3.1934129517507235 3.1964164199567096 3.1994198881626956 3.202423356368682 3.205426824574668 3.2084302927806543 -9999.0 -9999.0 -9999.0 -9999.0 -9999.0 -9999.0 -9999.0 -9999.0 -9999.0 -9999.0 -9999.0 -9999.0 -9999.0 -9999.0 -9999.0 -9999.0 -9999.0
3.1331985443254244 3.135334322732932 3.137895035104523 3.1409100115007176 3.1439249878969115 3.146939964293106 3.1499549406893004 3.152969917085495 3.155984893481689 3.158999869877883 3.1620148462740776 3.165029822670272 3.1680447990664664 3.171059775462661 3.17407475185886 3.1770897282550545 3.180104704651249 3.183119681047443 3.1861346574436373 3.1891496338398317 3.192164610236026 3.1951795866322206 3.198194563028415 3.201209539424609 3.2042245158208034 3.207239492216998 -9999.0 -9999.0 -9999.0 -9999.0 -9999.0 -9999.0 -9999.0 -9999.0 -9999.0 -9999.0 -9999.0 -9999.0 -9999.0 -9999.0 -9999.0 -9999.0 -9999.0 -9999.0
3.1366434368932707 3.1387642980038257 3.1413265676701485 3.1443607130724347 3.1473948584747213 3.150429003877008 3.153463149279294 3.156497294681581 3.1595314400838674 3.1625655854861536 3.1655997308884403 3.168633876290727 3.171668021693013 3.1747021670952997 3.1777363124975913 3.180770457899878 3.1838046033021645 3.1868387487044507 3.1898728941067374 3.192907039509024 3.19594118491131 3.198975330313597 3.2020094757158835 3.2050436211181696 3.2080777665204563 3.211111911922743 -9999.0 -9999.0 -9999.0 -9999.0 -9999.0 -9999.0 -9999.0 -9999.0 -9999.0 -9999.0 -9999.0 -9999.0 -9999.0 -9999.0 -9999.0 -9999.0 -9999.0 -9999.0
3.1420577189436374 3.144190070703293 3.146771499995404 3.149833003333119 3.152894506670834 3.1559560100085493 3.1590175133462646 3.16207901668398 3.165140520021695 3.16820202335941 3.171263526697125 3.1743250300348405 3.1773865333725557 3.180448036710271 3.183509540047991 3.1865710433857064 3.1896325467234217 3.192694050061137 3.1957555533988518 3.198817056736567 3.2018785600742823 3.2049400634119976 3.208001566749713 3.2110630700874276 3.214124573425143 3.217186076762858 3.2202475801005734 -9999.0 -9999.0 -9999.0 -9999.0 -9999.0 -9999.0 -9999.0 -9999.0 -9999.0 -9999.0 -9999.0 -9999.0 -9999.0 -9999.0 -9999.0 -9999.0 -9999.0
3.1474720009940067 3.1496158434027635 3.152216432320662 3.155305293593806 3.15839415486695 3.1614830161400937 3.1645718774132376 3.1676607386863815 3.1707495999595254 3.1738384612326693 3.1769273225058132 3.1800161837789567 3.1831050450521006 3.1861939063252445 3.1892827675983937 3.1923716288715376 3.1954604901446815 3.1985493514178254 3.2016382126909693 3.204727073964113 3.207815935237257 3.210904796510401 3.213993657783545 3.2170825190566887 3.220171380329832 3.223260241602976 3.22634910287612 -9999.0 -9999.0 -9999.0 -9999.0 -9999.0 -9999.0 -9999.0 -9999.0 -9999.0 -9999.0 -9999.0 -9999.0 -9999.0 -9999.0 -9999.0 -9999.0 -9999.0
3.152886283044374 3.155041616102231 3.157661364645918 3.1607775838544905 3.163893803063063 3.167010022271636 3.1701262414802085 3.173242460688781 3.1763586798973535 3.179474899105926 3.1825911183144986 3.185707337523071 3.1888235567316436 3.191939775940216 3.195055995148794 3.1981722143573665 3.201288433565939 3.2044046527745116 3.207520871983084 3.2106370911916566 3.213753310400229 3.2168695296088017 3.2199857488173746 3.223101968025947 3.2262181872345197 -9999.0 -9999.0 -9999.0 -9999.0 -9999.0 -9999.0 -9999.0 -9999.0 -9999.0 -9999.0 -9999.0 -9999.0 -9999.0 -9999.0 -9999.0 -9999.0 -9999.0 -9999.0 -9999.0
3.15830056509474 3.160467388801699 3.163106296971174 3.166249874115175 3.169393451259176 3.1725370284031773 3.1756806055471785 3.17882418269118 3.181967759835181 3.1851113369791824 3.1882549141231835 3.1913984912671847 3.1945420684111863 3.1976856455551874 3.200829222699194 3.203972799843195 3.207116376987196 3.210259954131198 3.213403531275199 3.2165471084192 3.2196906855632013 3.2228342627072024 3.2259778398512036 3.229121416995205 -9999.0 -9999.0 -9999.0 -9999.0 -9999.0 -9999.0 -9999.0 -9999.0 -9999.0 -9999.0 -9999.0 -9999.0 -9999.0 -9999.0 -9999.0 -9999.0 -9999.0 -9999.0 -9999.0 -9999.0
3.1637148471451093 3.165893161501169 3.168551229296432 3.1717221643758617 3.174893099455292 3.1780640345347217 3.1812349696141515 3.1844059046935813 3.1875768397730115 3.1907477748524413 3.193918709931871 3.1970896450113013 3.200260580090731 3.203431515170161 3.2066024502495964 3.2097733853290262 3.212944320408456 3.2161152554878862 3.219286190567316 3.222457125646746 3.225628060726176 3.228798995805606 -9999.0 -9999.0 -9999.0 -9999.0 -9999.0 -9999.0 -9999.0 -9999.0 -9999.0 -9999.0 -9999.0 -9999.0 -9999.0 -9999.0 -9999.0 -9999.0 -9999.0 -9999.0 -9999.0 -9999.0 -9999.0 -9999.0
3.1691291291954764 3.171318934200637 3.173996161621688 3.1771944546365467 3.180392747651405 3.1835910406662635 3.1867893336811224 3.189987626695981 3.1931859197108396 3.196384212725698 3.199582505740557 3.2027807987554153 3.205979091770274 3.2091773847851326 3.2123756777999968 3.215573970814855 3.218772263829714 3.2219705568445725 3.225168849859431 3.2283671428742897 3.231565435889148 -9999.0 -9999.0 -9999.0 -9999.0 -9999.0 -9999.0 -9999.0 -9999.0 -9999.0 -9999.0 -9999.0 -9999.0 -9999.0 -9999.0 -9999.0 -9999.0 -9999.0 -9999.0 -9999.0 -9999.0 -9999.0 -9999.0 -9999.0
3.174543411245843 3.176744706900105 3.1794410939469433 3.182666744897231 3.1858923958475183 3.1891180467978053 3.192343697748093 3.19556934869838 3.1987949996486673 3.2020206505989544 3.205246301549242 3.2084719524995293 3.2116976034498164 3.214923254400104 3.2181489053503967 3.2213745563006837 3.224600207250971 3.2278258582012582 3.2310515091515457 -9999.0 -9999.0 -9999.0 -9999.0 -9999.0 -9999.0 -9999.0 -9999.0 -9999.0 -9999.0 -9999.0 -9999.0 -9999.0 -9999.0 -9999.0 -9999.0 -9999.0 -9999.0 -9999.0 -9999.0 -9999.0 -9999.0 -9999.0 -9999.0 -9999.0
3.17995769329621 3.1821704795995727 3.1848860262721996 3.1881390351579153 3.1913920440436314 3.1946450529293475 3.197898061815063 3.2011510707007793 3.2044040795864954 3.207657088472211 3.210910097357927 3.2141631062436433 3.217416115129359 3.220669124015075 3.2239221329007965 3.2271751417865127 3.2304281506722283 3.2336811595579444 -9999.0 -9999.0 -9999.0 -9999.0 -9999.0 -9999.0 -9999.0 -9999.0 -9999.0 -9999.0 -9999.0 -9999.0 -9999.0 -9999.0 -9999.0 -9999.0 -9999.0 -9999.0 -9999.0 -9999.0 -9999.0 -9999.0 -9999.0 -9999.0 -9999.0 -9999.0
3.1853719753465786 3.1875962522990426 3.1903309585974573 3.193611325418602 3.196891692239747 3.200172059060891 3.203452425882036 3.2067327927031806 3.2100131595243253 3.21329352634547 3.216573893166615 3.2198542599877595 3.2231346268089043 3.2264149936300486 3.229695360451199 3.232975727272344 3.2362560940934886 3.239536460914633 -9999.0 -9999.0 -9999.0 -9999.0 -9999.0 -9999.0 -9999.0 -9999.0 -9999.0 -9999.0 -9999.0 -9999.0 -9999.0 -9999.0 -9999.0 -9999.0 -9999.0 -9999.0 -9999.0 -9999.0 -9999.0 -9999.0 -9999.0 -9999.0 -9999.0 -9999.0
3.1907862573969457 3.1930220249985104 3.195775890922713 3.1990836156792866 3.20239134043586 3.2056990651924333 3.2090067899490067 3.21231451470558 3.2156222394621534 3.218929964218727 3.2222376889753 3.2255454137318735 3.228853138488447 3.2321608632450203 3.235468588001599 3.2387763127581723 3.2420840375147457 3.245391762271319 -9999.0 -9999.0 -9999.0 -9999.0 -9999.0 -9999.0 -9999.0 -9999.0 -9999.0 -9999.0 -9999.0 -9999.0 -9999.0 -9999.0 -9999.0 -9999.0 -9999.0 -9999.0 -9999.0 -9999.0 -9999.0 -9999.0 -9999.0 -9999.0 -9999.0 -9999.0
3.1962005394473127 3.1984477976979786 3.201220823247969 3.204555905939971 3.207890988631973 3.2112260713239755 3.2145611540159775 3.2178962367079795 3.2212313193999815 3.2245664020919835 3.2279014847839855 3.2312365674759875 3.2345716501679895 3.2379067328599915 3.2412418155519993 3.2445768982440013 3.2479119809360033 -9999.0 -9999.0 -9999.0 -9999.0 -9999.0 -9999.0 -9999.0 -9999.0 -9999.0 -9999.0 -9999.0 -9999.0 -9999.0 -9999.0 -9999.0 -9999.0 -9999.0 -9999.0 -9999.0 -9999.0 -9999.0 -9999.0 -9999.0 -9999.0 -9999.0 -9999.0 -9999.0
