Figures/CREST_Example_wjb_NSE/PETs/wjb.pet.20100816.asc
ncols            288
nrows            254
xllcorner        113.274861
yllcorner        31.4918055
cellsize         0.008333333333
NODATA_value     -9999
[rows 120 to 139 of 254, columns 176 to 219 of 288]
2.706692623959528 2.7041432405357875 2.7015938571120475 2.699044473688307 2.696495090264567 2.6939457068408266 2.691396323417082 2.688846939993342 2.6862975565696017 2.6837481731458617 2.6811987897221212 2.678649406298381 2.6761000228746408 2.6735506394509008 2.6710012560271603 2.6684518726034203 2.6659900766887277 2.6636219138030155 2.6612537509173033 2.658885588031587 2.656517425145875 2.6541492622601623 2.65178109937445 2.649412936488738 2.647044773603026 2.6446766107173136 2.6423084478316015 2.6399402849458893 2.6375721220601767 2.6352039591744645 2.6328357962887523 2.63046763340304 2.628099470517324 2.6257313076316118 2.6233631447458996 2.6209949818601874 2.618626818974475 2.6162586560887626 2.6138904932030504 2.6115223303173383 2.609154167431626 2.606786004545914 2.6044178416602017 2.602049678774489
2.696285211819454 2.693677495350956 2.691069778882458 2.6884620624139597 2.6858543459454616 2.683246629476963 2.6806389130084605 2.6780311965399624 2.6754234800714642 2.672815763602966 2.670208047134468 2.66760033066597 2.664992614197472 2.6623848977289737 2.659777181260475 2.657169464791977 2.6546546802407582 2.6522392420118446 2.649823803782931 2.6474083655540133 2.6449929273250996 2.6425774890961864 2.6401620508672727 2.637746612638359 2.6353311744094454 2.6329157361805318 2.6305002979516185 2.628084859722705 2.6256694214937912 2.6232539832648776 2.620838545035964 2.6184231068070507 2.616007668578133 2.6135922303492194 2.6111767921203057 2.608761353891392 2.6063459156624784 2.603930477433565 2.6015150392046515 2.599099600975738 2.5966841627468242 2.594268724517911 2.5918532862889974 2.5894378480600837
2.68587779967938 2.6832117501661243 2.680545700652868 2.677879651139612 2.675213601626356 2.6725475521131 2.6698815025998393 2.667215453086583 2.6645494035733273 2.661883354060071 2.659217304546815 2.656551255033559 2.653885205520303 2.6512191560070466 2.648553106493791 2.6458870569805346 2.643319283792789 2.640856570220674 2.638393856648559 2.6359311430764403 2.633468429504325 2.6310057159322104 2.6285430023600953 2.6260802887879806 2.6236175752158655 2.6211548616437508 2.6186921480716356 2.616229434499521 2.613766720927406 2.611304007355291 2.608841293783176 2.6063785802110613 2.603915866638942 2.601453153066827 2.5989904394947123 2.596527725922597 2.5940650123504825 2.5916022987783673 2.5891395852062526 2.5866768716341375 2.584214158062023 2.5817514444899077 2.579288730917793 2.5768260173456783
2.675470387539306 2.6727460049812923 2.6700216224232785 2.6672972398652646 2.6645728573072502 2.6618484747492364 2.6591240921912176 2.6563997096332037 2.65367532707519 2.6509509445171755 2.6482265619591616 2.6455021794011477 2.6427777968431334 2.6400534142851195 2.6373290317271056 2.6346046491690913 2.6319838873448194 2.629473898429503 2.626963909514187 2.6244539205988664 2.62194393168355 2.619433942768234 2.616923953852918 2.6144139649376013 2.611903976022285 2.609393987106969 2.6068839981916527 2.6043740092763366 2.6018640203610204 2.599354031445704 2.5968440425303876 2.5943340536150714 2.5918240646997512 2.5893140757844346 2.5868040868691184 2.5842940979538023 2.581784109038486 2.57927412012317 2.5767641312078537 2.5742541422925376 2.571744153377221 2.569234164461905 2.5667241755465886 2.5642141866312724
2.665062975399224 2.662280259796452 2.65949754419368 2.656714828590908 2.653932112988136 2.651149397385364 2.648366681782587 2.645583966179815 2.642801250577043 2.640018534974271 2.637235819371499 2.634453103768727 2.631670388165955 2.628887672563183 2.626104956960411 2.623322241357639 2.6206484908968406 2.618091226638323 2.6155339623798053 2.612976698121283 2.6104194338627655 2.607862169604248 2.6053049053457307 2.602747641087213 2.6001903768286954 2.5976331125701777 2.59507584831166 2.5925185840531424 2.5899613197946247 2.587404055536107 2.5848467912775894 2.5822895270190718 2.57973226276055 2.5771749985020325 2.574617734243515 2.572060469984997 2.5695032057264795 2.566945941467962 2.564388677209444 2.5618314129509265 2.559274148692409 2.5567168844338912 2.554159620175374 2.5516023559168564
2.65465556325915 2.6518145146116203 2.6489734659640902 2.6461324173165606 2.6432913686690305 2.6404503200215004 2.637609271373966 2.6347682227264357 2.631927174078906 2.629086125431376 2.6262450767838463 2.6234040281363162 2.620562979488786 2.6177219308412565 2.6148808821937264 2.6120398335461967 2.609313094448871 2.6067085548471525 2.6041040152454333 2.60149947564371 2.598894936041991 2.596290396440272 2.5936858568385532 2.591081317236834 2.5884767776351154 2.5858722380333963 2.583267698431677 2.5806631588299584 2.5780586192282393 2.5754540796265206 2.5728495400248015 2.5702450004230823 2.567640460821359 2.56503592121964 2.5624313816179214 2.5598268420162023 2.557222302414483 2.5546177628127644 2.5520132232110453 2.5494086836093266 2.5468041440076075 2.5441996044058883 2.5415950648041696 2.5389905252024505
2.6442481511190765 2.6413487694267883 2.6384493877345006 2.635550006042213 2.632650624349925 2.6297512426576373 2.626851860965344 2.6239524792730564 2.6210530975807687 2.6181537158884804 2.6152543341961927 2.612354952503905 2.609455570811617 2.6065561891193294 2.603656807427041 2.6007574257347534 2.5979776980009017 2.5953258830559816 2.5926740681110614 2.5900222531661363 2.587370438221216 2.584718623276296 2.5820668083313754 2.579414993386455 2.576763178441535 2.574111363496615 2.5714595485516942 2.568807733606774 2.566155918661854 2.5635041037169337 2.560852288772013 2.558200473827093 2.5555486588821683 2.5528968439372477 2.5502450289923275 2.5475932140474074 2.544941399102487 2.5422895841575666 2.5396377692126464 2.536985954267726 2.534334139322806 2.5316823243778854 2.5290305094329653 2.526378694488045
2.6338407389790026 2.6308830242419567 2.6279253095049113 2.6249675947678655 2.6220098800308196 2.6190521652937737 2.616094450556723 2.613136735819677 2.6101790210826312 2.607221306345586 2.60426359160854 2.601305876871494 2.598348162134448 2.5953904473974023 2.592432732660357 2.589475017923311 2.5866423015529327 2.583943211264811 2.5812441209766894 2.5785450306885633 2.5758459404004417 2.57314685011232 2.5704477598241984 2.5677486695360767 2.565049579247955 2.5623504889598334 2.5596513986717118 2.55695230838359 2.5542532180954685 2.551554127807347 2.5488550375192256 2.546155947231104 2.5434568569429774 2.5407577666548558 2.538058676366734 2.535359586078613 2.5326604957904912 2.5299614055023696 2.527262315214248 2.5245632249261263 2.5218641346380046 2.519165044349883 2.5164659540617613 2.5137668637736397
2.6234333268389287 2.620417279057125 2.6174012312753216 2.6143851834935177 2.611369135711714 2.6083530879299106 2.6053370401481017 2.6023209923662978 2.5993049445844942 2.5962888968026903 2.5932728490208867 2.590256801239083 2.587240753457279 2.5842247056754757 2.581208657893672 2.578192610111868 2.5753069051049633 2.5725605394736406 2.5698141738423175 2.56706780821099 2.5643214425796668 2.561575076948344 2.558828711317021 2.5560823456856983 2.553335980054375 2.550589614423052 2.5478432487917293 2.545096883160406 2.5423505175290835 2.5396041518977603 2.536857786266437 2.5341114206351145 2.5313650550037865 2.528618689372464 2.5258723237411407 2.523125958109818 2.520379592478495 2.5176332268471717 2.514886861215849 2.512140495584526 2.509394129953203 2.50664776432188 2.503901398690557 2.5011550330592343
2.6130259146988553 2.6099515338722936 2.606877153045732 2.6038027722191703 2.6007283913926087 2.597654010566047 2.59457962973948 2.5915052489129184 2.588430868086357 2.585356487259795 2.5822821064332335 2.579207725606672 2.5761333447801102 2.5730589639535486 2.569984583126987 2.5669102023004253 2.563971508656994 2.5611778676824697 2.5583842267079455 2.5555905857334165 2.552796944758892 2.5500033037843677 2.5472096628098435 2.544416021835319 2.5416223808607947 2.5388287398862706 2.5360350989117464 2.5332414579372218 2.5304478169626976 2.5276541759881734 2.5248605350136493 2.5220668940391247 2.5192732530645956 2.5164796120900714 2.5136859711155473 2.5108923301410226 2.5080986891664985 2.5053050481919743 2.50251140721745 2.4997177662429255 2.4969241252684014 2.494130484293877 2.4913368433193526 2.4885432023448284
2.6026185025587814 2.599485788687462 2.5963530748161423 2.593220360944823 2.5900876470735033 2.5869549332021835 2.583822219330859 2.580689505459539 2.57755679158822 2.5744240777169 2.5712913638455803 2.568158649974261 2.5650259361029413 2.561893222231622 2.558760508360302 2.5556277944889825 2.552636112209025 2.549795195891299 2.5469542795735736 2.544113363255843 2.5412724469381174 2.5384315306203917 2.535590614302666 2.5327496979849404 2.529908781667215 2.527067865349489 2.5242269490317635 2.521386032714038 2.518545116396312 2.5157042000785865 2.512863283760861 2.5100223674431352 2.5071814511254047 2.504340534807679 2.5014996184899534 2.498658702172228 2.4958177858545025 2.492976869536777 2.4901359532190512 2.4872950369013256 2.4844541205836 2.4816132042658743 2.4787722879481486 2.475931371630423
2.592211090418699 2.589020043502621 2.5858289965865437 2.5826379496704663 2.5794469027543885 2.576255855838311 2.5730648089222283 2.5698737620061505 2.566682715090073 2.5634916681739957 2.560300621257918 2.5571095743418404 2.553918527425763 2.5507274805096856 2.5475364335936077 2.5443453866775303 2.5413007157610457 2.538412524100119 2.535524332439192 2.53263614077826 2.5297479491173327 2.526859757456406 2.523971565795479 2.5210833741345517 2.5181951824736246 2.515306990812698 2.512418799151771 2.5095306074908437 2.506642415829917 2.50375422416899 2.5008660325080627 2.4979778408471356 2.495089649186204 2.492201457525277 2.4893132658643498 2.4864250742034226 2.483536882542496 2.480648690881569 2.4777604992206417 2.4748723075597145 2.471984115898788 2.4690959242378607 2.4662077325769336 2.4633195409160065
2.581803678278625 2.5785542983177896 2.575304918356954 2.5720555383961186 2.568806158435283 2.5655567784744475 2.5623073985136067 2.559058018552771 2.5558086385919356 2.5525592586311 2.5493098786702646 2.546060498709429 2.5428111187485936 2.539561738787758 2.5363123588269225 2.5330629788660874 2.529965319313076 2.527029852308948 2.5240943853048194 2.5211589183006864 2.518223451296558 2.5152879842924296 2.512352517288301 2.509417050284173 2.5064815832800447 2.503546116275916 2.500610649271788 2.4976751822676597 2.494739715263531 2.491804248259403 2.4888687812552743 2.485933314251146 2.4829978472470127 2.4800623802428845 2.477126913238756 2.4741914462346277 2.4712559792304996 2.468320512226371 2.4653850452222428 2.4624495782181146 2.459514111213986 2.456578644209858 2.453643177205729 2.450707710201601
2.571396266138551 2.568088553132958 2.5647808401273644 2.561473127121771 2.5581654141161776 2.5548577011105844 2.551549988104985 2.548242275099392 2.544934562093798 2.541626849088205 2.5383191360826114 2.535011423077018 2.531703710071425 2.5283959970658314 2.525088284060238 2.5217805710546446 2.5186299228651072 2.5156471805177776 2.512664438170448 2.509681695823113 2.5066989534757833 2.5037162111284537 2.500733468781124 2.4977507264337944 2.4947679840864647 2.491785241739135 2.488802499391805 2.4858197570444753 2.4828370146971457 2.479854272349816 2.4768715300024864 2.4738887876551567 2.4709060453078218 2.467923302960492 2.4649405606131625 2.461957818265833 2.458975075918503 2.4559923335711735 2.453009591223844 2.4500268488765142 2.4470441065291846 2.444061364181855 2.4410786218345253 2.438095879487195
2.5609888539984773 2.557622807948126 2.5542567618977747 2.5508907158474234 2.547524669797072 2.544158623746721 2.540792577696364 2.5374265316460125 2.5340604855956608 2.5306944395453095 2.527328393494958 2.523962347444607 2.5205963013942556 2.5172302553439043 2.513864209293553 2.5104981632432017 2.5072945264171373 2.5042645087266067 2.5012344910360755 2.4982044733455395 2.4951744556550084 2.4921444379644773 2.489114420273946 2.4860844025834155 2.4830543848928843 2.480024367202353 2.476994349511822 2.4739643318212914 2.4709343141307603 2.467904296440229 2.464874278749698 2.4618442610591673 2.458814243368631 2.4557842256780997 2.452754207987569 2.449724190297038 2.446694172606507 2.4436641549159757 2.440634137225445 2.437604119534914 2.4345741018443827 2.4315440841538516 2.428514066463321 2.42548404877279
2.550581441858404 2.5471570627632945 2.5437326836681855 2.540308304573076 2.5368839254779667 2.5334595463828573 2.5300351672877426 2.526610788192633 2.523186409097524 2.5197620300024144 2.5163376509073054 2.512913271812196 2.5094888927170866 2.5060645136219777 2.5026401345268683 2.499215755431759 2.4959591299691684 2.492881836935436 2.4898045439017036 2.486727250867966 2.483649957834234 2.4805726648005013 2.477495371766769 2.4744180787330365 2.4713407856993044 2.468263492665572 2.4651861996318396 2.4621089065981074 2.459031613564375 2.4559543205306427 2.4528770274969105 2.449799734463178 2.4467224414294404 2.4436451483957082 2.4405678553619756 2.4374905623282435 2.434413269294511 2.4313359762607787 2.428258683227046 2.425181390193314 2.4221040971595817 2.419026804125849 2.415949511092117 2.4128722180583844
2.54017402971833 2.536691317578463 2.533208605438596 2.5297258932987283 2.5262431811588613 2.522760469018994 2.519277756879121 2.5157950447392534 2.5123123325993864 2.5088296204595193 2.505346908319652 2.5018641961797847 2.4983814840399177 2.49489877190005 2.491416059760183 2.487933347620316 2.484623733521199 2.4814991651442653 2.4783745967673316 2.4752500283903927 2.472125460013459 2.469000891636525 2.4658763232595913 2.4627517548826576 2.459627186505724 2.4565026181287903 2.4533780497518567 2.450253481374923 2.4471289129979894 2.4440043446210558 2.440879776244122 2.4377552078671885 2.4346306394902495 2.431506071113316 2.428381502736382 2.425256934359448 2.4221323659825145 2.419007797605581 2.415883229228647 2.4127586608517135 2.40963409247478 2.4065095240978462 2.4033849557209126 2.400260387343979
2.529766617578247 2.526225572393622 2.522684527208997 2.5191434820243717 2.5156024368397465 2.5120613916551213 2.5085203464704904 2.504979301285865 2.50143825610124 2.497897210916615 2.4943561657319897 2.4908151205473645 2.487274075362739 2.4837330301781138 2.4801919849934886 2.4766509398088634 2.4732883370732197 2.470116493353085 2.46694464963295 2.4637728059128094 2.4606009621926743 2.457429118472539 2.454257274752404 2.451085431032269 2.4479135873121343 2.444741743591999 2.441569899871864 2.438398056151729 2.4352262124315938 2.4320543687114586 2.428882524991324 2.425710681271189 2.4225388375510484 2.4193669938309132 2.416195150110778 2.413023306390643 2.409851462670508 2.406679618950373 2.403507775230238 2.400335931510103 2.397164087789968 2.3939922440698327 2.3908204003496976 2.387648556629563
2.5193592054381737 2.515759827208791 2.5121604489794076 2.5085610707500243 2.5049616925206415 2.501362314291258 2.497762936061869 2.494163557832486 2.4905641796031026 2.48696480137372 2.4833654231443365 2.4797660449149532 2.4761666666855704 2.472567288456187 2.4689679102268043 2.465368531997421 2.4619529406252507 2.4587338215619146 2.455514702498578 2.452295583435236 2.4490764643719 2.4458573453085632 2.442638226245227 2.4394191071818905 2.4361999881185543 2.4329808690552177 2.429761749991881 2.426542630928545 2.4233235118652083 2.420104392801872 2.4168852737385356 2.4136661546751994 2.4104470356118575 2.407227916548521 2.4040087974851847 2.400789678421848 2.397570559358512 2.3943514402951753 2.391132321231839 2.3879132021685026 2.3846940831051664 2.38147496404183 2.3782558449784936 2.375036725915157
2.5089517932981 2.505294082023959 2.5016363707498175 2.4979786594756765 2.4943209482015356 2.4906632369273947 2.487005525653247 2.483347814379106 2.479690103104965 2.4760323918308242 2.4723746805566833 2.468716969282542 2.465059258008401 2.46140154673426 2.457743835460119 2.4540861241859777 2.4506175441772813 2.4473511497707436 2.4440847553642056 2.4408183609576626 2.4375519665511245 2.434285572144587 2.431019177738049 2.4277527833315116 2.424486388924974 2.4212199945184363 2.417953600111898 2.4146872057053606 2.411420811298823 2.4081544168922853 2.4048880224857476 2.4016216280792095 2.3983552336726666 2.395088839266129 2.391822444859591 2.388556050453053 2.3852896560465155 2.382023261639978 2.3787568672334403 2.375490472826902 2.3722240784203645 2.368957684013827 2.3656912896072892 2.3624248952007516
