Figures/CREST_Example_wjb_NSE/PETs/wjb.pet.20101017.asc
ncols            288
nrows            254
xllcorner        113.274861
yllcorner        31.4918055
cellsize         0.008333333333
NODATA_value     -9999
[rows 180 to 199 of 254, columns 44 to 87 of 288]
2.1989387690095725 2.1998022815899096 2.2006657941702468 2.201529306750584 2.202392819330921 2.203256331911258 2.2041198444915957 2.204983357071933 2.2058468696522713 2.2067103822326084 2.2075738948129455 2.2084374073932826 2.2093009199736198 2.210164432553957 2.211027945134294 2.211891457714631 2.2127549702949687 2.213618482875306 2.214481995455643 2.21534550803598 2.216209020616317 2.2170725331966556 2.2179360457769928 2.21879955835733 2.219663070937667 2.220526583518004 2.2213900960983417 2.222253608678679 2.2209490671595735 2.217326826797007 2.213704586434441 2.2100823460718746 2.2064601057093083 2.202837865346742 2.1992156249841694 2.195593384621603 2.191971144259037 2.1883489038964705 2.184726663533904 2.181104423171338 2.1774821828087716 2.1738599424462053 2.170237702083639 2.1666154617210727
2.2041934516189143 2.2052366089649005 2.2062797663108866 2.2073229236568728 2.208366081002859 2.209409238348845 2.210452395694831 2.2114955530408174 2.2125387103868053 2.2135818677327914 2.2146250250787776 2.2156681824247637 2.21671133977075 2.217754497116736 2.218797654462722 2.2198408118087083 2.2208839691546944 2.2219271265006806 2.2229702838466667 2.224013441192653 2.225056598538639 2.226099755884627 2.227142913230613 2.2281860705765992 2.229229227922585 2.230272385268571 2.2313155426145572 2.2323586999605434 2.231115016909061 2.2274266497762376 2.223738282643414 2.2200499155105904 2.216361548377767 2.2126731812449436 2.208984814112114 2.2052964469792906 2.201608079846467 2.1979197127136434 2.19423134558082 2.1905429784479966 2.186854611315173 2.1831662441823494 2.1794778770495262 2.1757895099167026
2.209448134228256 2.2106709363398913 2.2118937384515265 2.2131165405631616 2.214339342674797 2.215562144786432 2.2167849468980667 2.218007749009702 -9999.0 2.2204533532329744 2.221676155344609 2.2228989574562443 2.2241217595678795 2.2253445616795147 2.22656736379115 2.227790165902785 2.2290129680144197 2.230235770126055 2.23145857223769 2.2326813743493252 2.2339041764609604 2.2351269785725973 2.2363497806842325 2.2375725827958677 2.238795384907503 2.240018187019138 2.2412409891307727 2.242463791242408 2.2412809666585485 2.2375264727554676 2.233771978852387 2.2300174849493066 2.2262629910462257 2.2225084971431452 2.218754003240058 2.2149995093369776 2.211245015433897 2.2074905215308163 2.203736027627736 2.1999815337246553 2.1962270398215744 2.192472545918494 2.1887180520154135 2.1849635581123326
-9999.0 -9999.0 -9999.0 -9999.0 2.2203126043467396 2.221715051224024 2.223117498101308 2.224519944978592 -9999.0 -9999.0 2.228727285610447 2.230129732487731 2.231532179365016 2.2329346262423 2.234337073119584 2.2357395199968684 2.2371419668741526 2.2385444137514368 2.239946860628721 2.241349307506005 2.2427517543832893 2.244154201260576 2.2455566481378604 2.2469590950151446 2.2483615418924288 2.249763988769713 2.251166435646997 2.2525688825242813 2.251446916408044 2.2476262957347064 2.2438056750613686 2.239985054388031 2.236164433714693 2.2323438130413553 2.228523192368011 2.224702571694673 2.2208819510213353 2.2170613303479976 2.21324070967466 2.209420089001322 2.2055994683279843 2.201778847654646 2.1979582269813083 2.1941376063079705
-9999.0 -9999.0 -9999.0 -9999.0 -9999.0 2.2278679576616107 -9999.0 -9999.0 -9999.0 -9999.0 -9999.0 -9999.0 2.238942599162146 2.240524690805079 2.2421067824480123 2.243688874090945 2.2452709657338783 2.2468530573768115 2.2484351490197447 2.250017240662678 2.251599332305611 2.253181423948547 2.2547635155914802 2.2563456072344135 2.2579276988773467 2.25950979052028 2.261091882163213 2.2626739738061463 2.261612866157532 2.2577261187139372 2.253839371270342 2.249952623826747 2.246065876383152 2.242179128939557 2.2382923814959557 2.2344056340523606 2.2305188866087655 2.2266321391651704 2.222745391721576 2.2188586442779807 2.2149718968343857 2.2110851493907906 2.2071984019471955 2.203311654503601
-9999.0 -9999.0 -9999.0 -9999.0 -9999.0 -9999.0 -9999.0 -9999.0 -9999.0 -9999.0 -9999.0 -9999.0 -9999.0 2.2481147553678578 2.2498764917764396 2.251638228185022 2.253399964593604 2.2551617010021863 2.2569234374107685 2.2586851738193503 2.2604469102279325 2.262208646636518 2.2639703830451 2.265732119453682 2.267493855862264 2.2692555922708464 2.2710173286794286 2.272779065088011 2.271778815907019 2.267825941693167 2.2638730674793153 2.259920193265463 2.255967319051611 2.2520144448377586 2.2480615706239 2.2441086964100476 2.2401558221961957 2.2362029479823433 2.2322500737684914 2.228297199554639 2.224344325340787 2.2203914511269347 2.2164385769130828 2.2124857026992304
-9999.0 -9999.0 -9999.0 -9999.0 -9999.0 -9999.0 -9999.0 -9999.0 -9999.0 -9999.0 -9999.0 -9999.0 -9999.0 -9999.0 -9999.0 -9999.0 -9999.0 -9999.0 -9999.0 2.267353106976023 2.2692944881502544 2.2712358693244887 2.27317725049872 2.2751186316729513 2.277060012847182 2.2790013940214133 2.2809427751956446 2.2828841563698754 2.281944765656507 2.2779257646723976 2.2739067636882884 2.269887762704179 2.26586876172007 2.2618497607359607 2.2578307597518443 2.253811758767735 2.249792757783626 2.2457737567995166 2.2417547558154074 2.237735754831298 2.233716753847189 2.2296977528630797 2.22567875187897 2.221659750894861
-9999.0 -9999.0 -9999.0 -9999.0 -9999.0 -9999.0 -9999.0 -9999.0 -9999.0 -9999.0 -9999.0 -9999.0 -9999.0 -9999.0 -9999.0 -9999.0 -9999.0 -9999.0 -9999.0 2.276021040132696 2.2781420660725757 2.2802630920124596 2.2823841179523394 2.2845051438922197 2.2866261698321 2.28874719577198 2.29086822171186 2.29298924765174 2.292110715405994 2.288025587651628 2.2839404598972615 2.279855332142895 2.2757702043885284 2.2716850766341623 2.2675999488797887 2.263514821125422 2.259429693371056 2.2553445656166895 2.251259437862323 2.2471743101079564 2.2430891823535903 2.239004054599224 2.2349189268448573 2.2308337990904907
-9999.0 -9999.0 -9999.0 -9999.0 -9999.0 -9999.0 -9999.0 -9999.0 -9999.0 -9999.0 -9999.0 -9999.0 -9999.0 -9999.0 -9999.0 -9999.0 -9999.0 2.2800876318783105 2.2823883025838394 2.2846889732893687 2.2869896439948976 2.2892903147004304 2.2915909854059597 2.2938916561114886 2.296192326817018 2.2984929975225468 2.300793668228076 2.303094338933605 2.302276665155482 2.2981254106308584 2.293974156106235 2.289822901581611 2.2856716470569878 2.281520392532364 2.2773691380077334 2.27321788348311 2.269066628958486 2.264915374433863 2.260764119909239 2.2566128653846156 2.2524616108599917 2.2483103563353684 2.244159101810745 2.240007847286121
-9999.0 -9999.0 -9999.0 -9999.0 -9999.0 -9999.0 -9999.0 -9999.0 -9999.0 -9999.0 -9999.0 -9999.0 -9999.0 -9999.0 -9999.0 -9999.0 2.285915960032514 2.288396275503692 2.2908765909748703 2.2933569064460486 2.2958372219172265 2.2983175373884093 2.300797852859587 2.3032781683307655 2.305758483801944 2.3082387992731217 2.3107191147443 2.3131994302154784 2.312442614904978 2.3082252336100972 2.3040078523152165 2.299790471020336 2.295573089725455 2.291355708430574 2.287138327135686 2.2829209458408055 2.2787035645459244 2.2744861832510437 2.270268801956163 2.2660514206612823 2.2618340393664016 2.2576166580715205 2.2533992767766398 2.249181895481759
-9999.0 -9999.0 -9999.0 -9999.0 -9999.0 -9999.0 -9999.0 -9999.0 -9999.0 -9999.0 -9999.0 -9999.0 -9999.0 -9999.0 -9999.0 2.2913849986554125 2.2940449588922394 2.2967049191290667 2.2993648793658936 2.302024839602721 2.304684799839548 2.3073447600763797 2.310004720313207 2.312664680550034 2.3153246407868613 2.317984601023688 2.3206445612605155 2.3233045214973425 2.322608564654465 2.3183250565893276 2.3140415485241896 2.3097580404590516 2.3054745323939136 2.3011910243287756 2.2969075162636305 2.2926240081984925 2.2883405001333545 2.2840569920682166 2.2797734840030786 2.2754899759379406 2.2712064678728026 2.266922959807665 2.262639451742527 2.258355943677389
-9999.0 -9999.0 -9999.0 -9999.0 -9999.0 -9999.0 -9999.0 -9999.0 -9999.0 -9999.0 -9999.0 -9999.0 -9999.0 -9999.0 -9999.0 2.299334352749489 2.302173957751965 2.3050135627544415 2.3078531677569174 2.3106927727593938 2.3135323777618697 2.316371982764351 2.319211587766827 2.322051192769303 2.324890797771779 2.327730402774255 2.3305700077767315 2.3334096127792074 2.332774514403953 2.328424879568558 2.3240752447331627 2.319725609897768 2.3153759750623726 2.3110263402269777 2.306676705391575 2.30232707055618 2.2979774357207847 2.29362780088539 2.2892781660499946 2.2849285312145993 2.2805788963792044 2.276229261543809 2.2718796267084143 2.267529991873019
-9999.0 -9999.0 -9999.0 -9999.0 -9999.0 -9999.0 -9999.0 -9999.0 -9999.0 -9999.0 -9999.0 -9999.0 -9999.0 -9999.0 -9999.0 2.307283706843566 2.310302956611691 2.313322206379816 2.316341456147941 2.319360705916066 2.322379955684191 2.3253992054523214 2.3284184552204468 2.3314377049885717 2.3344569547566967 2.337476204524822 2.340495454292947 2.343514704061072 2.34294046415344 2.338524702547788 2.334108940942136 2.3296931793364837 2.3252774177308315 2.320861656125179 2.316445894519519 2.312030132913867 2.307614371308215 2.3031986097025627 2.2987828480969106 2.294367086491258 2.289951324885606 2.2855355632799537 2.2811198016743015 2.2767040400686493
-9999.0 -9999.0 -9999.0 -9999.0 -9999.0 -9999.0 -9999.0 -9999.0 -9999.0 -9999.0 -9999.0 -9999.0 -9999.0 2.3088352718700946 2.3120341664038686 2.3152330609376426 2.3184319554714166 2.3216308500051905 2.324829744538965 2.328028639072739 2.331227533606513 2.3344264281402927 2.3376253226740666 2.3408242172078406 2.3440231117416146 2.347222006275389 2.350420900809163 2.353619795342937 2.353106413902928 2.348624525527019 2.3441426371511094 2.3396607487752 2.3351788603992905 2.330696972023381 2.326215083647464 2.3217331952715545 2.317251306895645 2.3127694185197356 2.308287530143826 2.3038056417679167 2.2993237533920077 2.294841865016098 2.2903599766401888 2.2858780882642793
-9999.0 -9999.0 -9999.0 -9999.0 -9999.0 -9999.0 -9999.0 -9999.0 -9999.0 -9999.0 -9999.0 -9999.0 -9999.0 2.3164253364328764 2.3198038757322994 2.323182415031723 2.326560954331146 2.329939493630569 2.333318032929992 2.3366965722294153 2.3400751115288383 2.343453650828267 2.34683219012769 2.3502107294271135 2.3535892687265365 2.3569678080259595 2.3603463473253825 2.363724886624806 2.3632723636524195 2.3587243485062532 2.3541763333600865 2.34962831821392 2.3450803030677534 2.3405322879215866 2.3359842727754123 2.331436257629246 2.3268882424830792 2.3223402273369125 2.317792212190746 2.3132441970445794 2.308696181898413 2.3041481667522463 2.2996001516060796 2.2950521364599132
-9999.0 -9999.0 -9999.0 -9999.0 -9999.0 -9999.0 -9999.0 -9999.0 -9999.0 -9999.0 -9999.0 -9999.0 -9999.0 -9999.0 2.3275735850607275 2.3311317691257996 2.3346899531908716 2.3382481372559436 2.341806321321016 2.345364505386088 2.34892268945116 2.3524808735162384 2.3560390575813104 2.3595972416463824 2.3631554257114544 2.3667136097765265 2.3702717938415985 2.373829977906671 2.3734383134019073 2.3688241714854836 2.36421002956906 2.3595958876526364 2.3549817457362123 2.3503676038197887 2.345753461903357 2.3411393199869335 2.33652517807051 2.331911036154086 2.327296894237662 2.3226827523212386 2.3180686104048145 2.313454468488391 2.3088403265719672 2.3042261846555436
-9999.0 -9999.0 -9999.0 -9999.0 -9999.0 -9999.0 -9999.0 -9999.0 -9999.0 -9999.0 -9999.0 -9999.0 -9999.0 -9999.0 2.335343294389155 2.3390811232198763 2.3428189520505973 2.3465567808813184 2.3502946097120394 2.3540324385427605 2.3577702673734815 2.3615080962042088 2.36524592503493 2.368983753865651 2.372721582696372 2.376459411527093 2.380197240357814 2.383935069188535 2.3836042631513945 2.3789239944647136 2.374243725778033 2.369563457091352 2.3648831884046713 2.3602029197179903 2.3555226510313014 2.3508423823446205 2.3461621136579396 2.3414818449712587 2.3368015762845777 2.332121307597897 2.327441038911216 2.322760770224535 2.318080501537854 2.3134002328511736
-9999.0 -9999.0 -9999.0 -9999.0 -9999.0 -9999.0 -9999.0 -9999.0 -9999.0 -9999.0 -9999.0 -9999.0 -9999.0 -9999.0 2.343113003717586 2.347030477313956 2.350947950910326 2.3548654245066962 2.3587828981030663 2.3627003716994364 2.3666178452958064 2.3705353188921836 2.3744527924885537 2.3783702660849237 2.382287739681294 2.386205213277664 2.390122686874034 2.394040160470404 2.393770212900886 2.3890238174439484 2.38427742198701 2.379531026530072 2.374784631073134 2.370038235616196 2.3652918401592498 2.360545444702312 2.3557990492453738 2.3510526537884355 2.3463062583314978 2.3415598628745595 2.3368134674176213 2.3320670719606835 2.3273206765037453 2.322574281046807
-9999.0 -9999.0 -9999.0 -9999.0 -9999.0 -9999.0 -9999.0 -9999.0 -9999.0 -9999.0 -9999.0 -9999.0 -9999.0 -9999.0 2.3508827130460137 2.354979831408033 2.359076949770052 2.363174068132071 2.36727118649409 2.371368304856109 2.3754654232181283 2.3795625415801545 2.3836596599421735 2.3877567783041926 2.3918538966662117 2.395951015028231 2.40004813339025 2.404145251752269 2.403936162650374 2.399123640423179 2.3943111181959837 2.389498595968788 2.384686073741593 2.379873551514398 2.3750610292871945 2.3702485070599995 2.365435984832804 2.360623462605609 2.3558109403784138 2.3509984181512187 2.346185895924023 2.341373373696828 2.336560851469633 2.3317483292424375
-9999.0 -9999.0 -9999.0 -9999.0 -9999.0 -9999.0 -9999.0 -9999.0 -9999.0 -9999.0 2.3415453698637694 2.3458221329914375 2.3500988961191056 2.3543756592467733 2.3586524223744414 2.3629291855021095 2.3672059486297776 2.3714827117574457 2.375759474885114 2.380036238012782 2.3843130011404496 2.3885897642681253 2.3928665273957934 2.397143290523461 2.401420053651129 2.4056968167787973 2.4099735799064654 2.4142503430341336 2.414102112399861 2.409223463402409 2.4043448144049564 2.399466165407504 2.3945875164100516 2.3897088674125997 2.384830218415139 2.3799515694176865 2.375072920420234 2.3701942714227817 2.3653156224253293 2.360436973427877 2.3555583244304246 2.350679675432972 2.34580102643552 2.3409223774380674
