Figures/CREST_Example_wjb_NSE/PETs/wjb.pet.20090724.asc
ncols            288
nrows            254
xllcorner        113.274861
yllcorner        31.4918055
cellsize         0.008333333333
NODATA_value     -9999
[rows 160 to 179 of 254, columns 220 to 263 of 288]
3.3886079699234806 3.3824902070166116 3.3780933500542205 3.3755361804935613 3.3729790109329016 3.3704218413722424 3.3678646718115828 3.3653075022509236 3.362750332690264 3.3601931631296047 3.357635993568945 3.3550788240082854 3.352521654447626 3.3499644848869665 3.347407315326303 3.344850145765643 3.342292976204984 3.3397358066443243 3.337178637083665 3.3346214675230055 3.3320642979623463 3.3295071284016866 3.3269499588410274 3.3243927892803677 3.3218356197197085 3.319278450159049 3.316721280598389 3.3141641110377256 3.3116069414770664 3.3090497719164067 3.306492602355747 3.303935432795088 3.303128265932947 3.3041918915701225 3.3052555172072977 3.3063191428444734 3.3073827684816486 3.3084463941188242 3.3095100197559995 3.310573645393175 3.3116372710303525 3.3127008966675278 3.3137645223047034 3.3148281479418786
3.3828334755833 3.3768389631674425 3.372494624456616 3.3699143587827582 3.3673340931089 3.3647538274350426 3.3621735617611845 3.359593296087327 3.357013030413469 3.3544327647396113 3.351852499065753 3.3492722333918956 3.3466919677180376 3.34411170204418 3.341531436370318 3.33895117069646 3.3363709050226023 3.333790639348744 3.3312103736748866 3.3286301080010285 3.326049842327171 3.323469576653313 3.3208893109794553 3.3183090453055972 3.3157287796317396 3.313148513957882 3.310568248284024 3.307987982610162 3.305407716936304 3.3028274512624463 3.300247185588588 3.2976669199147306 3.2967913183593223 3.2977380413348127 3.2986847643103028 3.2996314872857933 3.3005782102612833 3.3015249332367738 3.302471656212264 3.3034183791877543 3.304365102163246 3.3053118251387366 3.3062585481142266 3.307205271089717
3.3770589812431195 3.3711877193182738 3.366895898859011 3.3642925370719547 3.3616891752848987 3.3590858134978423 3.3564824517107863 3.3538790899237303 3.351275728136674 3.348672366349618 3.3460690045625614 3.3434656427755054 3.3408622809884494 3.338258919201393 3.3356555574143325 3.333052195627276 3.33044883384022 3.327845472053164 3.3252421102661076 3.3226387484790516 3.320035386691995 3.317432024904939 3.314828663117883 3.3122253013308267 3.3096219395437707 3.3070185777567143 3.3044152159696583 3.3018118541825974 3.2992084923955414 3.2966051306084854 3.294001768821429 3.291398407034373 3.2904543707856972 3.291284191099502 3.2921140114133074 3.2929438317271122 3.2937736520409175 3.294603472354723 3.2954332926685277 3.296263112982333 3.297092933296139 3.2979227536099445 3.2987525739237493 3.2995823942375546
3.3712844869029337 3.3655364754690997 3.361297173261401 3.358670715361147 3.356044257460892 3.3534177995606376 3.350791341660383 3.3481648837601283 3.345538425859874 3.3429119679596195 3.3402855100593647 3.3376590521591103 3.3350325942588555 3.332406136358601 3.329779678458342 3.3271532205580874 3.324526762657833 3.321900304757578 3.3192738468573237 3.3166473889570693 3.3140209310568145 3.31139447315656 3.3087680152563053 3.306141557356051 3.3035150994557965 3.3008886415555416 3.2982621836552872 3.295635725755028 3.2930092678547735 3.290382809954519 3.2877563520542643 3.28512989415401 3.284117423212067 3.2848303408641866 3.2855432585163062 3.2862561761684264 3.286969093820546 3.2876820114726657 3.288394929124786 3.2891078467769055 3.2898207644290265 3.290533682081146 3.2912465997332663 3.291959517385386
3.365509992562753 3.3598852316199306 3.3556984476637965 3.3530488936503438 3.3503993396368905 3.3477497856234377 3.345100231609985 3.3424506775965317 3.339801123583079 3.337151569569626 3.334502015556173 3.33185246154272 3.3292029075292673 3.326553353515814 3.323903799502357 3.3212542454889036 3.318604691475451 3.315955137461998 3.3133055834485448 3.310656029435092 3.308006475421639 3.305356921408186 3.302707367394733 3.3000578133812803 3.297408259367827 3.2947587053543743 3.2921091513409215 3.289459597327464 3.286810043314011 3.2841604893005583 3.281510935287105 3.2788613812736522 3.2777804756384414 3.2783764906288764 3.278972505619311 3.2795685206097454 3.2801645356001803 3.2807605505906148 3.2813565655810493 3.281952580571484 3.2825485955619196 3.2831446105523545 3.283740625542789 3.2843366405332235
3.3597354982225722 3.354233987770761 3.350099722066191 3.34742707193954 3.3447544218128886 3.3420817716862374 3.339409121559586 3.3367364714329346 3.3340638213062834 3.3313911711796322 3.328718521052981 3.3260458709263294 3.3233732207996782 3.320700570673027 3.318027920546371 3.31535527041972 3.3126826202930686 3.3100099701664174 3.3073373200397658 3.3046646699131146 3.3019920197864634 3.299319369659812 3.2966467195331606 3.2939740694065094 3.291301419279858 3.288628769153207 3.2859561190265554 3.2832834688998997 3.2806108187732486 3.277938168646597 3.2752655185199457 3.2725928683932946 3.2714435280648164 3.271922640393566 3.2724017527223155 3.272880865051065 3.2733599773798145 3.273839089708564 3.274318202037313 3.274797314366063 3.275276426694813 3.2757555390235624 3.2762346513523117 3.2767137636810615
3.3539610038823917 3.3485827439215923 3.3445009964685863 3.3418052502287368 3.339109503988887 3.3364137577490376 3.3337180115091876 3.331022265269338 3.3283265190294884 3.325630772789639 3.3229350265497892 3.320239280309939 3.3175435340700896 3.31484778783024 3.3121520415903856 3.309456295350536 3.3067605491106864 3.304064802870837 3.3013690566309872 3.298673310391137 3.2959775641512876 3.293281817911438 3.2905860716715885 3.287890325431739 3.2851945791918893 3.2824988329520393 3.2798030867121897 3.2771073404723357 3.2744115942324856 3.271715847992636 3.2690201017527865 3.266324355512937 3.2651065804911914 3.2654687901582555 3.26583099982532 3.2661932094923842 3.266555419159449 3.266917628826513 3.267279838493577 3.2676420481606416 3.268004257827706 3.2683664674947708 3.268728677161835 3.2690908868288995
3.348186509542211 3.342931500072423 3.3389022708709817 3.3361834285179337 3.3334645861648853 3.3307457438118373 3.3280269014587893 3.3253080591057413 3.3225892167526934 3.3198703743996454 3.3171515320465974 3.314432689693549 3.311713847340501 3.308995004987453 3.3062761626344006 3.303557320281352 3.300838477928304 3.2981196355752562 3.2954007932222082 3.2926819508691603 3.2899631085161123 3.2872442661630643 3.2845254238100163 3.281806581456968 3.27908773910392 3.276368896750872 3.273650054397824 3.270931212044771 3.268212369691723 3.265493527338675 3.262774684985627 3.260055842632579 3.2587696329175664 3.2590149399229453 3.2592602469283247 3.2595055539337037 3.2597508609390826 3.259996167944462 3.260241474949841 3.26048678195522 3.2607320889605997 3.2609773959659787 3.2612227029713576 3.261468009976737
3.3424120152020307 3.337280256223254 3.3333035452733766 3.33056160680713 3.327819668340884 3.3250777298746375 3.322335791408391 3.3195938529421447 3.3168519144758983 3.314109976009652 3.3113680375434056 3.308626099077159 3.3058841606109124 3.303142222144666 3.300400283678415 3.297658345212169 3.2949164067459225 3.292174468279676 3.2894325298134293 3.286690591347183 3.2839486528809365 3.28120671441469 3.2784647759484438 3.2757228374821974 3.272980899015951 3.2702389605497046 3.2674970220834583 3.264755083617207 3.2620131451509606 3.2592712066847143 3.256529268218468 3.2537873297522215 3.2524326853439414 3.252561089687635 3.252689494031329 3.252817898375023 3.252946302718717 3.253074707062411 3.253203111406105 3.2533315157497986 3.253459920093493 3.2535883244371866 3.253716728780881 3.2538451331245746
3.3366375208618497 3.3316290123740844 3.3277048196757715 3.3249397850963267 3.322174750516882 3.319409715937437 3.3166446813579924 3.3138796467785476 3.311114612199103 3.308349577619658 3.3055845430402133 3.3028195084607685 3.300054473881324 3.297289439301879 3.2945244047224294 3.2917593701429846 3.28899433556354 3.286229300984095 3.2834642664046503 3.2806992318252055 3.2779341972457607 3.275169162666316 3.272404128086871 3.2696390935074264 3.2668740589279817 3.264109024348537 3.261343989769092 3.258578955189643 3.255813920610198 3.2530488860307534 3.2502838514513086 3.247518816871864 3.2460957377703163 3.246107239452325 3.2461187411343335 3.2461302428163425 3.246141744498351 3.2461532461803597 3.2461647478623687 3.2461762495443773 3.246187751226386 3.246199252908395 3.2462107545904035 3.2462222562724126
3.330863026521664 3.3259777685249103 3.322106094078162 3.3193179633855188 3.3165298326928756 3.3137417020002324 3.3109535713075893 3.308165440614946 3.305377309922303 3.3025891792296598 3.2998010485370166 3.2970129178443734 3.2942247871517303 3.291436656459087 3.288648525766439 3.285860395073796 3.2830722643811527 3.2802841336885096 3.2774960029958664 3.2747078723032232 3.27191974161058 3.269131610917937 3.2663434802252937 3.2635553495326506 3.2607672188400074 3.2579790881473643 3.255190957454721 3.2524028267620735 3.2496146960694303 3.246826565376787 3.244038434684144 3.241250303991501 3.2397587901966856 3.239653389217009 3.239547988237333 3.239442587257656 3.2393371862779796 3.239231785298303 3.2391263843186264 3.23902098333895 3.2389155823592732 3.2388101813795966 3.23870478039992 3.238599379420244
3.3250885321814834 3.3203265246757416 3.316507368480557 3.3136961416747153 3.3108849148688737 3.308073688063032 3.305262461257191 3.3024512344513495 3.299640007645508 3.2968287808396664 3.294017554033825 3.2912063272279832 3.2883951004221417 3.2855838736163 3.282772646810454 3.2799614200046125 3.277150193198771 3.2743389663929294 3.271527739587088 3.2687165127812463 3.2659052859754047 3.263094059169563 3.260282832363722 3.2574716055578805 3.254660378752039 3.2518491519461974 3.249037925140356 3.2462266983345094 3.243415471528668 3.2406042447228267 3.237793017916985 3.2349817911111436 3.233421842623061 3.233199538981699 3.2329772353403374 3.2327549316989757 3.2325326280576143 3.2323103244162525 3.2320880207748908 3.231865717133529 3.2316434134921668 3.231421109850805 -9999.0 -9999.0
3.319314037841303 3.3146752808265725 3.310908642882952 3.308074319963912 3.3052399970448723 3.3024056741258323 3.2995713512067923 3.296737028287753 3.293902705368713 3.291068382449673 3.288234059530633 3.285399736611593 3.282565413692553 3.2797310907735135 3.2768967678544687 3.2740624449354288 3.271228122016389 3.268393799097349 3.2655594761783093 3.2627251532592694 3.2598908303402294 3.2570565074211895 3.2542221845021495 3.2513878615831096 3.24855353866407 3.24571921574503 3.24288489282599 3.2400505699069453 3.2372162469879053 3.2343819240688654 3.231547601149826 3.228713278230786 3.227084895049436 3.226745688746389 3.226406482443342 3.226067276140295 3.2257280698372486 3.2253888635342016 3.2250496572311547 3.2247104509281077 3.2243712446250603 -9999.0 -9999.0 -9999.0
3.3135395435011223 3.3090240369774033 3.305309917285347 3.302452498253109 3.299595079220871 3.2967376601886325 3.293880241156394 3.2910228221241558 3.288165403091918 3.2853079840596795 3.282450565027441 3.279593145995203 3.276735726962965 3.2738783079307265 3.2710208888984833 3.268163469866245 3.2653060508340066 3.2624486318017687 3.2595912127695303 3.256733793737292 3.2538763747050536 3.2510189556728157 3.2481615366405774 3.245304117608339 3.2424466985761007 3.2395892795438623 3.2367318605116244 3.233874441479381 3.231017022447143 3.2281596034149045 3.2253021843826666 3.2224447653504282 3.220747947475811 3.220291838511079 3.2198357295463467 3.2193796205816145 3.2189235116168824 3.2184674026521507 3.2180112936874186 -9999.0 -9999.0 -9999.0 -9999.0 -9999.0
3.307765049160942 3.303372793128234 3.2997111916877424 3.2968306765423057 3.2939501613968694 3.2910696462514326 3.288189131105996 3.285308615960559 3.282428100815123 3.279547585669686 3.2766670705242493 3.2737865553788126 3.2709060402333763 3.2680255250879395 3.265145009942498 3.262264494797061 3.259383979651625 3.256503464506188 3.2536229493607514 3.250742434215315 3.2478619190698783 3.2449814039244416 3.242100888779005 3.2392203736335685 3.2363398584881318 3.233459343342695 3.2305788281972583 3.227698313051817 3.2248177979063803 3.2219372827609436 3.2190567676155073 3.2161762524700706 3.214410999902186 3.2138379882757686 3.2132649766493513 3.212691965022934 3.2121189533965167 3.2115459417700993 -9999.0 -9999.0 -9999.0 -9999.0 -9999.0 -9999.0
3.301990554820761 3.297721549279065 3.2941124660901373 3.291208854831502 3.288305243572867 3.2854016323142323 3.282498021055597 3.279594409796962 3.2766907985383273 3.273787187279692 3.270883576021057 3.2679799647624224 3.265076353503787 3.2621727422451525 3.2592691309865125 3.2563655197278774 3.253461908469242 3.2505582972106075 3.2476546859519724 3.2447510746933377 3.2418474634347025 3.2389438521760674 3.2360402409174327 3.2331366296587976 3.2302330184001624 3.2273294071415277 3.2244257958828926 3.2215221846242525 3.218618573365618 3.2157149621069827 3.2128113508483476 3.209907739589713 3.2080740523285605 3.2073841380404584 3.206694223752356 3.2060043094642534 3.205314395176151 3.2046244808880484 -9999.0 -9999.0 -9999.0 -9999.0 -9999.0 -9999.0
3.2962160604805755 3.292070305429891 3.2885137404925273 3.2855870331206942 3.2826603257488607 3.279733618377027 3.276806911005194 3.2738802036333605 3.270953496261527 3.268026788889694 3.2651000815178604 3.2621733741460273 3.2592466667741937 3.25631995940236 3.253393252030522 3.2504665446586887 3.247539837286855 3.244613129915022 3.2416864225431885 3.238759715171355 3.235833007799522 3.2329063004276883 3.2299795930558552 3.2270528856840217 3.224126178312188 3.221199470940355 3.2182727635685215 3.215346056196683 3.21241934882485 3.2094926414530165 3.206565934081183 3.20363922670935 3.20173710475493 3.2009302878051424 3.2001234708553548 3.199316653905567 3.1985098369557794 -9999.0 -9999.0 -9999.0 -9999.0 -9999.0 -9999.0 -9999.0
3.290441566140395 3.286419061580722 3.2829150148949227 3.2799652114098907 3.2770154079248592 3.2740656044398273 3.271115800954796 3.268165997469764 3.265216193984732 3.2622663904997005 3.2593165870146685 3.256366783529637 3.253416980044605 3.2504671765595736 3.247517373074537 3.244567569589505 3.2416177661044734 3.2386679626194415 3.2357181591344095 3.232768355649378 3.229818552164346 3.2268687486793146 3.2239189451942827 3.220969141709251 3.2180193382242193 3.2150695347391873 3.212119731254156 3.209169927769119 3.206220124284087 3.2032703207990556 3.2003205173140237 3.197370713828992 3.195400157181305 3.1944764375698322 3.1935527179583594 3.1926289983468865 -9999.0 -9999.0 -9999.0 -9999.0 -9999.0 -9999.0 -9999.0 -9999.0
3.2886279948642283 3.284644060391566 3.2811527249952404 3.2781879891598846 3.275223253324529 3.272258517489173 3.2692937816538175 3.2663290458184617 3.2633643099831056 3.26039957414775 3.257434838312394 3.2544701024770384 3.2515053666416827 3.248540630806327 3.2455758949709663 3.2426111591356106 3.239646423300255 3.236681687464899 3.2337169516295434 3.2307522157941877 3.227787479958832 3.224822744123476 3.22185800828812 3.2188932724527644 3.2159285366174086 3.212963800782053 3.209999064946697 3.2070343291113366 3.204069593275981 3.201104857440625 3.1981401216052694 3.1951753857699137 3.1931627740343282 3.1921680045145155 3.191173234994703 -9999.0 -9999.0 -9999.0 -9999.0 -9999.0 -9999.0 -9999.0 -9999.0 -9999.0
3.291048400675302 3.2870125182754197 3.2834913430352377 3.280520401397485 3.277549459759733 3.274578518121981 3.2716075764842287 3.2686366348464766 3.2656656932087245 3.2626947515709723 3.25972380993322 3.256752868295468 3.253781926657716 3.250810985019964 3.2478400433822063 3.244869101744454 3.241898160106702 3.23892721846895 3.235956276831198 3.2329853351934457 3.2300143935556935 3.227043451917941 3.224072510280189 3.2211015686424367 3.2181306270046846 3.2151596853669324 3.2121887437291803 3.209217802091423 3.2062468604536707 3.2032759188159186 3.2003049771781664 3.1973340355404143 3.195307566852289 3.1942907611272338 3.193273955402179 -9999.0 -9999.0 -9999.0 -9999.0 -9999.0 -9999.0 -9999.0 -9999.0 -9999.0
