Figures/CREST_Example_wjb_NSE/PETs/wjb.pet.20090917.asc
ncols            288
nrows            254
xllcorner        113.274861
yllcorner        31.4918055
cellsize         0.008333333333
NODATA_value     -9999
[rows 220 to 239 of 254, columns 132 to 175 of 288]
1.709191559635245 1.7077907731603383 1.7063899866854315 1.704989200210525 1.703588413735618 1.7021876272607115 1.7007868407858047 1.699386054310898 1.6979852678359912 1.6965844813610846 1.6951836948861778 1.6937829084112688 1.692382121936362 1.6909813354614553 1.6895805489865485 1.688179762511642 1.686778976036735 1.6853781895618285 1.6839774030869217 1.682576616612015 1.6811758301371083 1.6797750436622017 1.6783742571872948 1.6769734707123882 1.675572684237479 1.6741718977625724 1.6727711112876655 1.671370324812759 1.669969538337852 1.6685687518629455 1.6649753522657673 1.6590379996407523 1.653100647015737 1.6471632943907217 1.6412259417657065 1.6352885891406912 1.629351236515676 1.6234138838906507 1.6174765312656354 1.6115391786406201 1.6056018260156049 1.5996644733905898 1.5937271207655745 1.5877897681405593
1.7236532183300486 1.7223154440884438 1.720977669846839 1.7196398956052343 1.7183021213636296 1.7169643471220248 1.71562657288042 1.7142887986388153 1.7129510243972106 1.7116132501556058 1.710275475914001 1.708937701672394 1.7075999274307891 1.7062621531891844 1.7049243789475796 1.703586604705975 1.7022488304643701 1.7009110562227654 1.6995732819811606 1.698235507739556 1.6968977334979511 1.6955599592563464 1.6942221850147416 1.692884410773137 1.69154663653153 1.6902088622899252 1.6888710880483204 1.6875333138067157 1.686195539565111 1.6848577653235062 1.6812869162102226 1.6753288595436813 1.66937080287714 1.6634127462105985 1.6574546895440572 1.6514966328775158 1.6455385762109744 1.6395805195444229 1.6336224628778815 1.62766440621134 1.6217063495447985 1.6157482928782572 1.6097902362117158 1.6038321795451744
1.738114877024852 1.7368401150165493 1.7355653530082464 1.7342905909999438 1.7330158289916409 1.7317410669833382 1.7304663049750353 1.7291915429667326 1.7279167809584297 1.726642018950127 1.7253672569418241 1.7240924949335192 1.7228177329252163 1.7215429709169137 1.7202682089086108 1.718993446900308 1.7177186848920052 1.7164439228837025 1.7151691608753996 1.713894398867097 1.712619636858794 1.7113448748504914 1.7100701128421885 1.7087953508338858 1.7075205888255807 1.706245826817278 1.704971064808975 1.7036963028006724 1.7024215407923695 1.7011467787840668 1.697598480154678 1.6916197194466103 1.6856409587385428 1.6796621980304753 1.6736834373224077 1.6677046766143402 1.6617259159062727 1.6557471551981948 1.6497683944901274 1.64378963378206 1.6378108730739922 1.6318321123659247 1.6258533516578573 1.6198745909497896
1.7525765357196617 1.751364785944661 1.7501530361696602 1.7489412863946594 1.7477295366196586 1.7465177868446577 1.745306037069657 1.744094287294656 1.7428825375196553 1.7416707877446544 1.7404590379696538 1.7392472881946508 1.73803553841965 1.7368237886446494 1.7356120388696485 1.7344002890946477 1.733188539319647 1.731976789544646 1.7307650397696452 1.7295532899946444 1.7283415402196436 1.7271297904446428 1.7259180406696422 1.7247062908946413 1.7234945411196383 1.7222827913446377 1.7210710415696369 1.719859291794636 1.7186475420196352 1.7174357922446344 1.71391004409914 1.7079105793495464 1.7019111145999526 1.695911649850359 1.6899121851007652 1.6839127203511715 1.677913255601578 1.671913790851974 1.66591432610238 1.6599148613527865 1.6539153966031928 1.647915931853599 1.6419164671040054 1.6359170023544116
1.7670381944144653 1.7658894568727663 1.7647407193310676 1.7635919817893688 1.7624432442476698 1.761294506705971 1.7601457691642723 1.7589970316225734 1.7578482940808746 1.7566995565391759 1.755550818997477 1.7544020814557761 1.7532533439140774 1.7521046063723784 1.7509558688306797 1.749807131288981 1.748658393747282 1.7475096562055832 1.7463609186638844 1.7452121811221855 1.7440634435804867 1.742914706038788 1.741765968497089 1.7406172309553902 1.7394684934136895 1.7383197558719905 1.7371710183302917 1.736022280788593 1.734873543246894 1.7337248057051953 1.7302216080435955 1.7242014392524756 1.7181812704613557 1.7121611016702358 1.706140932879116 1.700120764087996 1.6941005952968762 1.688080426505746 1.6820602577146262 1.6760400889235063 1.6700199201323864 1.6639997513412665 1.6579795825501467 1.6519594137590268
1.781499853109269 1.780414127800872 1.7793284024924751 1.7782426771840782 1.7771569518756816 1.7760712265672847 1.7749855012588878 1.7738997759504909 1.772814050642094 1.771728325333697 1.7706426000253002 1.7695568747169015 1.7684711494085046 1.7673854241001077 1.766299698791711 1.765213973483314 1.7641282481749172 1.7630425228665203 1.7619567975581234 1.7608710722497265 1.7597853469413296 1.7586996216329327 1.757613896324536 1.7565281710161391 1.7554424457077404 1.7543567203993435 1.7532709950909466 1.7521852697825497 1.7510995444741528 1.750013819165756 1.7465331719880508 1.7404922991554048 1.7344514263227586 1.7284105534901126 1.7223696806574667 1.7163288078248207 1.7102879349921745 1.7042470621595183 1.6982061893268723 1.692165316494226 1.68612444366158 1.6800835708289341 1.6740426979962881 1.668001825163642
1.7959615118040786 1.7949387987289838 1.793916085653889 1.792893372578794 1.791870659503699 1.7908479464286042 1.7898252333535094 1.7888025202784146 1.7877798072033195 1.7867570941282247 1.7857343810531299 1.7847116679780333 1.7836889549029384 1.7826662418278434 1.7816435287527486 1.7806208156776537 1.7795981026025587 1.7785753895274639 1.777552676452369 1.7765299633772742 1.7755072503021792 1.7744845372270843 1.7734618241519895 1.7724391110768947 1.771416398001798 1.770393684926703 1.7693709718516082 1.7683482587765134 1.7673255457014185 1.7663028326263235 1.7628447359325128 1.7567831590583407 1.7507215821841684 1.7446600053099963 1.738598428435824 1.732536851561652 1.7264752746874796 1.7204136978132971 1.714352120939125 1.7082905440649527 1.7022289671907807 1.6961673903166083 1.6901058134424363 1.684044236568264
1.8104231704988822 1.8094634696570893 1.8085037688152963 1.8075440679735035 1.8065843671317106 1.8056246662899176 1.8046649654481246 1.8037052646063318 1.8027455637645389 1.801785862922746 1.800826162080953 1.7998664612391584 1.7989067603973654 1.7979470595555727 1.7969873587137797 1.7960276578719867 1.7950679570301937 1.794108256188401 1.793148555346608 1.792188854504815 1.791229153663022 1.7902694528212293 1.7893097519794363 1.7883500511376433 1.7873903502958488 1.7864306494540558 1.785470948612263 1.78451124777047 1.7835515469286771 1.7825918460868841 1.779156299876968 1.7730740189612697 1.7669917380455715 1.7609094571298731 1.7548271762141747 1.7487448952984763 1.742662614382778 1.7365803334670693 1.730498052551371 1.7244157716356725 1.718333490719974 1.712251209804276 1.7061689288885775 1.7000866479728791
1.8248848291936857 1.8239881405851948 1.8230914519767039 1.8221947633682127 1.8212980747597218 1.820401386151231 1.81950469754274 1.818608008934249 1.817711320325758 1.816814631717267 1.8159179431087762 1.8150212545002837 1.8141245658917926 1.8132278772833017 1.8123311886748108 1.81143450006632 1.8105378114578288 1.8096411228493379 1.808744434240847 1.807847745632356 1.8069510570238652 1.806054368415374 1.8051576798068831 1.8042609911983922 1.8033643025898998 1.8024676139814086 1.8015709253729177 1.8006742367644268 1.799777548155936 1.7988808595474448 1.7954678638214234 1.789364878864199 1.7832618939069744 1.77715890894975 1.7710559239925254 1.7649529390353007 1.7588499540780762 1.7527469691208413 1.7466439841636168 1.7405409992063923 1.7344380142491678 1.7283350292919433 1.7222320443347188 1.7161290593774943
1.839346487888489 1.8385128115133003 1.8376791351381112 1.8368454587629222 1.8360117823877333 1.8351781060125443 1.8343444296373552 1.8335107532621662 1.8326770768869773 1.8318434005117883 1.8310097241365992 1.8301760477614089 1.8293423713862198 1.828508695011031 1.827675018635842 1.8268413422606529 1.8260076658854638 1.825173989510275 1.824340313135086 1.8235066367598969 1.822672960384708 1.821839284009519 1.82100560763433 1.820171931259141 1.8193382548839505 1.8185045785087617 1.8176709021335726 1.8168372257583836 1.8160035493831945 1.8151698730080057 1.8117794277658787 1.805655738767128 1.7995320497683773 1.7934083607696267 1.787284671770876 1.7811609827721253 1.7750372937733747 1.7689136047746135 1.7627899157758629 1.7566662267771123 1.7505425377783614 1.7444188487796108 1.7382951597808602 1.7321714707821094
1.853808146583299 1.853037482441412 1.852266818299525 1.851496154157638 1.850725490015751 1.8499548258738638 1.8491841617319769 1.8484134975900899 1.847642833448203 1.846872169306316 1.846101505164429 1.8453308410225406 1.8445601768806537 1.8437895127387667 1.8430188485968797 1.8422481844549927 1.8414775203131057 1.8407068561712188 1.8399361920293316 1.8391655278874446 1.8383948637455576 1.8376241996036706 1.8368535354617836 1.8360828713198967 1.8353122071780084 1.8345415430361214 1.8337708788942344 1.8330002147523474 1.8322295506104604 1.8314588864685735 1.828090991710341 1.821946598670064 1.8158022056297873 1.8096578125895104 1.8035134195492335 1.7973690265089568 1.7912246334686799 1.7850802404283925 1.7789358473881156 1.772791454347839 1.766647061307562 1.760502668267285 1.7543582752270084 1.7482138821867315
1.8682698052781026 1.8675621533695177 1.8668545014609326 1.8661468495523474 1.8654391976437625 1.8647315457351774 1.8640238938265925 1.8633162419180074 1.8626085900094222 1.8619009381008373 1.8611932861922522 1.860485634283666 1.8597779823750809 1.859070330466496 1.8583626785579108 1.857655026649326 1.8569473747407408 1.8562397228321557 1.8555320709235708 1.8548244190149856 1.8541167671064007 1.8534091151978156 1.8527014632892305 1.8519938113806456 1.8512861594720593 1.8505785075634742 1.8498708556548893 1.8491632037463042 1.848455551837719 1.8477478999291341 1.8444025556547963 1.8382374585729933 1.8320723614911902 1.8259072644093872 1.8197421673275842 1.8135770702457812 1.8074119731639782 1.8012468760821647 1.7950817790003617 1.7889166819185587 1.7827515848367557 1.7765864877549526 1.7704213906731496 1.7642562935913466
1.882731463972906 1.882086824297623 1.88144218462234 1.8807975449470569 1.8801529052717738 1.8795082655964908 1.8788636259212077 1.8782189862459246 1.8775743465706416 1.8769297068953585 1.8762850672200755 1.8756404275447913 1.874995787869508 1.874351148194225 1.873706508518942 1.8730618688436589 1.8724172291683758 1.8717725894930928 1.8711279498178097 1.8704833101425267 1.8698386704672436 1.8691940307919606 1.8685493911166775 1.8679047514413942 1.86726011176611 1.866615472090827 1.865970832415544 1.865326192740261 1.8646815530649778 1.8640369133896948 1.8607141195992516 1.8545283184759223 1.8483425173525931 1.842156716229264 1.835970915105935 1.8297851139826058 1.8235993128592765 1.817413511735937 1.8112277106126076 1.8050419094892785 1.7988561083659493 1.7926703072426202 1.786484506119291 1.7802987049959618
1.897193122667716 1.8966114952257347 1.8960298677837537 1.8954482403417725 1.8948666128997915 1.8942849854578105 1.8937033580158293 1.8931217305738484 1.8925401031318672 1.8919584756898862 1.891376848247905 1.8907952208059229 1.890213593363942 1.889631965921961 1.8890503384799797 1.8884687110379987 1.8878870835960175 1.8873054561540366 1.8867238287120554 1.8861422012700744 1.8855605738280932 1.8849789463861122 1.8843973189441312 1.88381569150215 1.883234064060168 1.882652436618187 1.8820708091762057 1.8814891817342247 1.8809075542922435 1.8803259268502626 1.8770256835437138 1.8708191783788586 1.8646126732140031 1.8584061680491477 1.8521996628842925 1.845993157719437 1.8397866525545818 1.833580147389716 1.8273736422248605 1.821167137060005 1.81496063189515 1.8087541267302945 1.8025476215654392 1.7963411164005838
1.9116547813625193 1.9111361661538402 1.910617550945161 1.910098935736482 1.9095803205278028 1.9090617053191237 1.9085430901104448 1.9080244749017656 1.9075058596930865 1.9069872444844074 1.9064686292757282 1.9059500140670482 1.905431398858369 1.90491278364969 1.9043941684410108 1.9038755532323317 1.9033569380236526 1.9028383228149734 1.9023197076062943 1.9018010923976152 1.901282477188936 1.9007638619802572 1.900245246771578 1.899726631562899 1.8992080163542189 1.8986894011455397 1.8981707859368606 1.8976521707281815 1.8971335555195024 1.8966149403108232 1.8933372474881691 1.8871100382817876 1.880882829075406 1.8746556198690245 1.8684284106626432 1.8622012014562617 1.8559739922498801 1.849746783043488 1.8435195738371064 1.837292364630725 1.8310651554243436 1.824837946217962 1.8186107370115805 1.812383527805199
1.9261164400573227 1.9256608370819457 1.9252052341065686 1.9247496311311914 1.9242940281558143 1.923838425180437 1.92338282220506 1.922927219229683 1.9224716162543056 1.9220160132789286 1.9215604103035513 1.9211048073281733 1.9206492043527963 1.920193601377419 1.919737998402042 1.919282395426665 1.9188267924512876 1.9183711894759106 1.9179155865005333 1.9174599835251562 1.9170043805497792 1.916548777574402 1.9160931745990248 1.9156375716236476 1.9151819686482696 1.9147263656728926 1.9142707626975153 1.9138151597221382 1.9133595567467612 1.912903953771384 1.9096488114326244 1.9034008981847166 1.897152984936809 1.8909050716889013 1.8846571584409937 1.878409245193086 1.8721613319451784 1.8659134186972601 1.8596655054493525 1.8534175922014449 1.8471696789535372 1.8409217657056296 1.834673852457722 1.8284259392098143
1.9405780987521326 1.9401855080100574 1.9397929172679822 1.939400326525907 1.939007735783832 1.9386151450417568 1.9382225542996816 1.9378299635576064 1.9374373728155312 1.9370447820734562 1.936652191331381 1.9362596005893051 1.93586700984723 1.9354744191051547 1.9350818283630795 1.9346892376210045 1.9342966468789293 1.9339040561368541 1.933511465394779 1.9331188746527037 1.9327262839106287 1.9323336931685535 1.9319411024264783 1.9315485116844031 1.9311559209423272 1.9307633302002523 1.930370739458177 1.9299781487161018 1.9295855579740266 1.9291929672319514 1.9259603753770864 1.9196917580876527 1.9134231407982187 1.907154523508785 -9999.0 -9999.0 -9999.0 -9999.0 -9999.0 1.8695428197721713 1.8632742024827376 1.8570055851933038 1.8507369679038699 1.8444683506144361
1.9550397574469363 1.9547101789381631 1.9543806004293898 1.9540510219206166 1.9537214434118435 1.9533918649030702 1.953062286394297 1.9527327078855239 1.9524031293767505 1.9520735508679774 1.9517439723592043 1.9514143938504305 1.9510848153416573 1.950755236832884 1.9504256583241109 1.9500960798153377 1.9497665013065644 1.9494369227977912 1.949107344289018 1.9487777657802448 1.9484481872714716 1.9481186087626985 1.9477890302539251 1.947459451745152 1.9471298732363782 1.946800294727605 1.9464707162188317 1.9461411377100586 1.9458115592012855 1.945481980692512 1.9422719393215417 1.9359826179905817 1.9296932966596219 -9999.0 -9999.0 -9999.0 -9999.0 -9999.0 -9999.0 1.8856680473428913 1.8793787260119312 1.8730894046809712 1.8668000833500114 1.8605107620190513
1.9607101361218247 1.960403071297052 1.960096006472279 1.959788941647506 1.9594818768227331 1.9591748119979604 1.9588677471731875 1.9585606823484145 1.9582536175236418 1.9579465526988689 1.957639487874096 1.9573324230493225 1.9570253582245496 1.9567182933997769 1.956411228575004 1.956104163750231 1.9557970989254583 1.9554900341006853 1.9551829692759124 1.9548759044511397 1.9545688396263667 1.9542617748015938 1.9539547099768209 1.9536476451520481 1.9533405803272748 1.9530335155025018 1.9527264506777289 1.9524193858529562 1.9521123210281832 1.9518052562034103 1.9486962912238408 1.9425920315956968 -9999.0 -9999.0 -9999.0 -9999.0 -9999.0 -9999.0 -9999.0 -9999.0 1.8876536949423908 1.8815494353142468 1.875445175686103 -9999.0
1.9569831905043606 1.9566553489667067 1.9563275074290527 1.9559996658913987 1.9556718243537448 1.955343982816091 1.955016141278437 1.954688299740783 1.954360458203129 1.9540326166654753 1.9537047751278214 1.9533769335901667 1.953049092052513 1.952721250514859 1.952393408977205 1.952065567439551 1.9517377259018973 1.9514098843642433 1.9510820428265894 1.9507542012889354 1.9504263597512814 1.9500985182136277 1.9497706766759737 1.9494428351383197 1.9491149936006653 1.9487871520630113 1.9484593105253574 1.9481314689877034 1.9478036274500496 1.9474757859123957 1.944551836570448 -9999.0 -9999.0 -9999.0 -9999.0 -9999.0 -9999.0 -9999.0 -9999.0 -9999.0 -9999.0 -9999.0 -9999.0 -9999.0
