Figures/CREST_Example_wjb_NSE/PETs/wjb.pet.20090301.asc
ncols            288
nrows            254
xllcorner        113.274861
yllcorner        31.4918055
cellsize         0.008333333333
NODATA_value     -9999
[rows 120 to 139 of 254, columns 132 to 175 of 288]
1.1830384285054252 1.1823933058129212 1.1817481831204173 1.1811030604279134 1.1804579377354094 1.1798128150429055 1.1791676923504015 1.1785225696578976 1.1778774469653936 1.1772323242728897 1.1765872015803858 1.1759420788878807 1.1752969561953768 1.1746518335028728 1.174006710810369 1.173361588117865 1.172716465425361 1.172071342732857 1.1714262200403531 1.1707810973478492 1.1701359746553452 1.1694908519628413 1.1688457292703376 1.1682006065778336 1.1675554838853286 1.1669103611928247 1.1662652385003207 1.1656201158078168 1.1649749931153128 1.1643298704228089 1.1636914569743826 1.1630602158596481 1.162428974744914 1.1617977336301797 1.1611664925154452 1.160535251400711 1.1599040102859766 1.1592727691712412 1.158641528056507 1.1580102869417725 1.1573790458270383 1.1567478047123039 1.1561165635975696 1.1554853224828354
1.1874805631920191 1.1868288778173794 1.1861771924427398 1.1855255070681001 1.1848738216934604 1.1842221363188208 1.1835704509441811 1.1829187655695415 1.1822670801949018 1.1816153948202621 1.1809637094456225 1.180312024070982 1.1796603386963422 1.1790086533217026 1.178356967947063 1.1777052825724232 1.1770535971977836 1.176401911823144 1.1757502264485042 1.1750985410738646 1.174446855699225 1.1737951703245852 1.1731434849499456 1.1724917995753061 1.1718401142006654 1.1711884288260257 1.170536743451386 1.1698850580767464 1.1692333727021067 1.168581687327467 1.1679438500889803 1.1673208168213058 1.1666977835536316 1.1660747502859574 1.165451717018283 1.1648286837506088 1.1642056504829346 1.163582617215259 1.1629595839475848 1.1623365506799106 1.1617135174122362 1.161090484144562 1.1604674508768877 1.1598444176092133
1.1919226978786128 1.1912644498218377 1.1906062017650623 1.1899479537082869 1.1892897056515115 1.188631457594736 1.1879732095379607 1.1873149614811853 1.1866567134244101 1.1859984653676348 1.1853402173108594 1.1846819692540829 1.1840237211973075 1.183365473140532 1.1827072250837567 1.1820489770269813 1.1813907289702061 1.1807324809134307 1.1800742328566554 1.17941598479988 1.1787577367431046 1.1780994886863292 1.1774412406295538 1.1767829925727786 1.1761247445160021 1.1754664964592267 1.1748082484024513 1.174150000345676 1.1734917522889006 1.1728335042321252 1.172196243203578 1.1715814177829635 1.1709665923623493 1.1703517669417351 1.1697369415211207 1.1691221161005065 1.1685072906798923 1.167892465259277 1.1672776398386626 1.1666628144180484 1.1660479889974342 1.1654331635768198 1.1648183381562056 1.1642035127355914
1.1963648325652068 1.1957000218262956 1.1950352110873848 1.1943704003484736 1.1937055896095625 1.1930407788706514 1.1923759681317403 1.1917111573928294 1.1910463466539183 1.1903815359150072 1.189716725176096 1.1890519144371838 1.1883871036982727 1.1877222929593618 1.1870574822204507 1.1863926714815396 1.1857278607426285 1.1850630500037174 1.1843982392648065 1.1837334285258954 1.1830686177869842 1.1824038070480731 1.181738996309162 1.1810741855702511 1.180409374831339 1.1797445640924278 1.1790797533535167 1.1784149426146056 1.1777501318756944 1.1770853211367835 1.1764486363181754 1.1758420187446212 1.175235401171067 1.1746287835975129 1.1740221660239585 1.1734155484504043 1.1728089308768501 1.1722023133032948 1.1715956957297406 1.1709890781561862 1.170382460582632 1.1697758430090779 1.1691692254355237 1.1685626078619693
1.2008069672518045 1.2001355938307576 1.199464220409711 1.1987928469886642 1.1981214735676173 1.1974501001465705 1.1967787267255237 1.196107353304477 1.1954359798834302 1.1947646064623834 1.1940932330413365 1.1934218596202886 1.1927504861992417 1.1920791127781951 1.1914077393571483 1.1907363659361014 1.1900649925150546 1.189393619094008 1.1887222456729611 1.1880508722519143 1.1873794988308675 1.1867081254098206 1.186036751988774 1.1853653785677272 1.1846940051466792 1.1840226317256324 1.1833512583045855 1.1826798848835387 1.182008511462492 1.1813371380414452 1.1807010294327767 1.1801026197062825 1.1795042099797883 1.1789058002532942 1.1783073905268 1.1777089808003056 1.1771105710738115 1.1765121613473162 1.175913751620822 1.1753153418943278 1.1747169321678337 1.1741185224413395 1.1735201127148454 1.172921702988351
1.2052491019383986 1.204571165835216 1.2038932297320335 1.2032152936288512 1.2025373575256686 1.201859421422486 1.2011814853193035 1.2005035492161211 1.1998256131129386 1.199147677009756 1.1984697409065734 1.1977918048033898 1.1971138687002072 1.1964359325970249 1.1957579964938423 1.1950800603906597 1.1944021242874772 1.1937241881842948 1.1930462520811123 1.1923683159779297 1.1916903798747471 1.1910124437715648 1.1903345076683822 1.1896565715651997 1.188978635462016 1.1883006993588334 1.1876227632556509 1.1869448271524685 1.186266891049286 1.1855889549461034 1.1849534225473743 1.1843632206679402 1.183773018788506 1.183182816909072 1.1825926150296378 1.1820024131502036 1.1814122112707692 1.1808220093913342 1.1802318075119 1.1796416056324657 1.1790514037530315 1.1784612018735974 1.1778709999941632 1.177280798114729
1.2096912366249926 1.2090067378396743 1.208322239054356 1.207637740269038 1.2069532414837196 1.2062687426984013 1.205584243913083 1.204899745127765 1.2042152463424467 1.2035307475571284 1.2028462487718103 1.202161749986491 1.2014772512011727 1.2007927524158544 1.200108253630536 1.199423754845218 1.1987392560598997 1.1980547572745814 1.1973702584892634 1.196685759703945 1.1960012609186268 1.1953167621333085 1.1946322633479904 1.1939477645626722 1.1932632657773528 1.1925787669920345 1.1918942682067164 1.1912097694213981 1.1905252706360798 1.1898407718507615 1.189205815661972 1.188623821629598 1.1880418275972238 1.1874598335648496 1.1868778395324755 1.1862958455001014 1.1857138514677272 1.185131857435352 1.1845498634029779 1.1839678693706037 1.1833858753382296 1.1828038813058555 1.1822218872734813 1.1816398932411072
1.2141333713115865 1.2134423098441325 1.2127512483766785 1.2120601869092245 1.2113691254417707 1.2106780639743167 1.2099870025068626 1.2092959410394089 1.2086048795719548 1.2079138181045008 1.207222756637047 1.206531695169592 1.205840633702138 1.2051495722346839 1.2044585107672299 1.203767449299776 1.203076387832322 1.202385326364868 1.2016942648974143 1.2010032034299603 1.2003121419625062 1.1996210804950524 1.1989300190275984 1.1982389575601444 1.1975478960926893 1.1968568346252353 1.1961657731577815 1.1954747116903275 1.1947836502228735 1.1940925887554197 1.1934582087765695 1.1928844225912554 1.1923106364059413 1.1917368502206271 1.191163064035313 1.190589277849999 1.1900154916646848 1.1894417054793698 1.1888679192940557 1.1882941331087415 1.1877203469234274 1.1871465607381133 1.1865727745527992 1.185998988367485
1.2185755059981802 1.2178778818485907 1.217180257699001 1.2164826335494112 1.2157850093998217 1.215087385250232 1.2143897611006425 1.2136921369510527 1.212994512801463 1.2122968886518735 1.2115992645022837 1.2109016403526929 1.2102040162031031 1.2095063920535136 1.2088087679039239 1.2081111437543341 1.2074135196047446 1.206715895455155 1.2060182713055652 1.2053206471559756 1.204623023006386 1.2039253988567962 1.2032277747072067 1.202530150557617 1.201832526408026 1.2011349022584366 1.2004372781088468 1.199739653959257 1.1990420298096676 1.1983444056600778 1.1977106018911672 1.197145023552913 1.196579445214659 1.1960138668764049 1.1954482885381508 1.1948827101998967 1.1943171318616426 1.1937515535233876 1.1931859751851335 1.1926203968468794 1.1920548185086253 1.1914892401703712 1.1909236618321173 1.1903580834938632
1.2230176406847744 1.2223134538530491 1.2216092670213237 1.2209050801895982 1.220200893357873 1.2194967065261475 1.218792519694422 1.2180883328626968 1.2173841460309713 1.216679959199246 1.2159757723675206 1.215271585535794 1.2145673987040686 1.2138632118723434 1.213159025040618 1.2124548382088924 1.2117506513771672 1.2110464645454417 1.2103422777137165 1.209638090881991 1.2089339040502656 1.2082297172185403 1.2075255303868149 1.2068213435550894 1.2061171567233628 1.2054129698916376 1.2047087830599121 1.2040045962281867 1.2033004093964614 1.202596222564736 1.2019629950057649 1.2014056245145708 1.2008482540233767 1.2002908835321826 1.1997335130409885 1.1991761425497944 1.1986187720586006 1.1980614015674054 1.1975040310762113 1.1969466605850174 1.1963892900938233 1.1958319196026292 1.1952745491114352 1.194717178620241
1.2274597753713683 1.2267490258575071 1.2260382763436461 1.225327526829785 1.224616777315924 1.2239060278020628 1.2231952782882018 1.2224845287743407 1.2217737792604795 1.2210630297466185 1.2203522802327573 1.219641530718895 1.218930781205034 1.2182200316911729 1.217509282177312 1.2167985326634507 1.2160877831495895 1.2153770336357286 1.2146662841218674 1.2139555346080064 1.2132447850941452 1.2125340355802843 1.211823286066423 1.211112536552562 1.2104017870386996 1.2096910375248386 1.2089802880109775 1.2082695384971165 1.2075587889832553 1.2068480394693941 1.2062153881203626 1.2056662254762285 1.2051170628320944 1.2045679001879603 1.2040187375438263 1.2034695748996922 1.2029204122555583 1.2023712496114234 1.2018220869672893 1.2012729243231552 1.2007237616790212 1.200174599034887 1.1996254363907533 1.1990762737466192
1.231901910057966 1.231184597861969 1.2304672856659724 1.2297499734699755 1.2290326612739788 1.228315349077982 1.2275980368819852 1.2268807246859883 1.2261634124899914 1.2254461002939947 1.2247287880979978 1.2240114759019998 1.223294163706003 1.2225768515100062 1.2218595393140095 1.2211422271180126 1.2204249149220157 1.219707602726019 1.218990290530022 1.2182729783340254 1.2175556661380285 1.2168383539420318 1.2161210417460349 1.2154037295500382 1.2146864173540401 1.2139691051580432 1.2132517929620463 1.2125344807660496 1.2118171685700527 1.211099856374056 1.2104677812349636 1.2099268264378897 1.2093858716408157 1.2088449168437416 1.2083039620466678 1.2077630072495937 1.2072220524525197 1.2066810976554447 1.2061401428583707 1.2055991880612968 1.2050582332642228 1.2045172784671487 1.203976323670075 1.2034353688730008
1.23634404474456 1.2356201698664273 1.234896294988295 1.2341724201101623 1.2334485452320298 1.2327246703538972 1.2320007954757648 1.2312769205976322 1.2305530457194997 1.2298291708413671 1.2291052959632347 1.228381421085101 1.2276575462069683 1.226933671328836 1.2262097964507033 1.2254859215725709 1.2247620466944382 1.2240381718163058 1.2233142969381732 1.2225904220600408 1.2218665471819081 1.2211426723037757 1.220418797425643 1.2196949225475107 1.218971047669377 1.2182471727912443 1.2175232979131119 1.2167994230349792 1.2160755481568468 1.2153516732787142 1.2147201743495613 1.2141874273995474 1.2136546804495334 1.2131219334995194 1.2125891865495055 1.2120564395994915 1.2115236926494775 1.2109909456994625 1.2104581987494487 1.2099254517994347 1.2093927048494206 1.2088599578994068 1.2083272109493928 1.2077944639993787
1.2407861794311539 1.2400557418708855 1.2393253043106174 1.238594866750349 1.2378644291900809 1.2371339916298125 1.2364035540695444 1.235673116509276 1.2349426789490079 1.2342122413887395 1.2334818038284714 1.232751366268202 1.2320209287079338 1.2312904911476654 1.2305600535873973 1.229829616027129 1.2290991784668608 1.2283687409065924 1.2276383033463243 1.226907865786056 1.2261774282257878 1.2254469906655194 1.2247165531052513 1.2239861155449832 1.2232556779847137 1.2225252404244453 1.2217948028641772 1.2210643653039088 1.2203339277436407 1.2196034901833723 1.218972567464159 1.2184480283612051 1.2179234892582511 1.217398950155297 1.2168744110523433 1.2163498719493893 1.2158253328464352 1.2153007937434805 1.2147762546405265 1.2142517155375725 1.2137271764346187 1.2132026373316647 1.2126780982287109 1.2121535591257568
1.2452283141177478 1.244491313875344 1.24375431363294 1.243017313390536 1.2422803131481321 1.241543312905728 1.2408063126633242 1.2400693124209201 1.2393323121785162 1.2385953119361122 1.2378583116937083 1.237121311451303 1.2363843112088992 1.2356473109664952 1.2349103107240913 1.2341733104816872 1.2334363102392834 1.2326993099968793 1.2319623097544754 1.2312253095120715 1.2304883092696675 1.2297513090272636 1.2290143087848595 1.2282773085424556 1.2275403083000505 1.2268033080576464 1.2260663078152425 1.2253293075728384 1.2245923073304346 1.2238553070880307 1.2232249605787566 1.2227086293228626 1.2221922980669688 1.2216759668110748 1.221159635555181 1.220643304299287 1.2201269730433932 1.2196106417874983 1.2190943105316043 1.2185779792757105 1.2180616480198165 1.2175453167639227 1.2170289855080287 1.216512654252135
1.2496704488043417 1.2489268858798022 1.2481833229552624 1.2474397600307228 1.2466961971061832 1.2459526341816434 1.2452090712571038 1.2444655083325642 1.2437219454080244 1.2429783824834848 1.242234819558945 1.241491256634404 1.2407476937098645 1.240004130785325 1.239260567860785 1.2385170049362455 1.2377734420117057 1.237029879087166 1.2362863161626265 1.2355427532380867 1.2347991903135471 1.2340556273890075 1.2333120644644677 1.2325685015399281 1.2318249386153872 1.2310813756908474 1.2303378127663078 1.2295942498417682 1.2288506869172284 1.2281071239926888 1.2274773536933543 1.2269692302845203 1.2264611068756865 1.2259529834668526 1.2254448600580188 1.2249367366491848 1.224428613240351 1.2239204898315161 1.2234123664226824 1.2229042430138484 1.2223961196050146 1.2218879961961806 1.2213798727873468 1.2208717493785128
1.2541125834909357 1.2533624578842604 1.2526123322775848 1.2518622066709095 1.2511120810642342 1.2503619554575587 1.2496118298508834 1.248861704244208 1.2481115786375325 1.2473614530308572 1.2466113274241817 1.245861201817505 1.2451110762108297 1.2443609506041544 1.2436108249974789 1.2428606993908036 1.2421105737841283 1.2413604481774527 1.2406103225707774 1.2398601969641019 1.2391100713574266 1.2383599457507513 1.2376098201440757 1.2368596945374004 1.2361095689307238 1.2353594433240485 1.234609317717373 1.2338591921106976 1.233109066504022 1.2323589408973468 1.2317297468079518 1.2312298312461778 1.230729915684404 1.23023000012263 1.2297300845608563 1.2292301689990826 1.2287302534373086 1.228230337875534 1.22773042231376 1.2272305067519862 1.2267305911902122 1.2262306756284385 1.2257307600666647 1.2252308445048907
1.2585547181775334 1.2577980298887224 1.257041341599911 1.2562846533111 1.255527965022289 1.2547712767334778 1.2540145884446667 1.2532579001558557 1.2525012118670444 1.2517445235782334 1.2509878352894224 1.25023114700061 1.2494744587117987 1.2487177704229877 1.2479610821341767 1.2472043938453654 1.2464477055565544 1.2456910172677433 1.2449343289789323 1.244177640690121 1.24342095240131 1.242664264112499 1.2419075758236877 1.2411508875348767 1.2403941992460643 1.2396375109572533 1.238880822668442 1.238124134379631 1.23736744609082 1.2366107578020087 1.2359821399225532 1.2354904322078393 1.2349987244931255 1.2345070167784118 1.2340153090636978 1.233523601348984 1.2330318936342701 1.2325401859195555 1.2320484782048418 1.231556770490128 1.231065062775414 1.2305733550607003 1.2300816473459864 1.2295899396312726
1.2629968528641273 1.2622336018931803 1.2614703509222336 1.2607070999512868 1.25994384898034 1.259180598009393 1.2584173470384463 1.2576540960674996 1.2568908450965526 1.2561275941256058 1.255364343154659 1.254601092183711 1.253837841212764 1.2530745902418172 1.2523113392708705 1.2515480882999235 1.2507848373289767 1.25002158635803 1.2492583353870832 1.2484950844161362 1.2477318334451895 1.2469685824742427 1.2462053315032957 1.245442080532349 1.2446788295614009 1.243915578590454 1.2431523276195071 1.2423890766485604 1.2416258256776136 1.2408625747066668 1.2402345330371507 1.2397510331694968 1.239267533301843 1.2387840334341893 1.2383005335665354 1.2378170336988816 1.237333533831228 1.2368500339635733 1.2363665340959196 1.2358830342282656 1.235399534360612 1.2349160344929582 1.2344325346253042 1.2339490347576505
1.2674389875507213 1.2666691738976388 1.2658993602445563 1.2651295465914738 1.264359732938391 1.2635899192853086 1.2628201056322261 1.2620502919791436 1.261280478326061 1.2605106646729785 1.259740851019896 1.2589710373668122 1.2582012237137294 1.257431410060647 1.2566615964075645 1.255891782754482 1.2551219691013993 1.2543521554483168 1.2535823417952343 1.2528125281421516 1.2520427144890691 1.2512729008359866 1.2505030871829041 1.2497332735298214 1.2489634598767376 1.2481936462236551 1.2474238325705727 1.24665401891749 1.2458842052644075 1.245114391611325 1.2444869261517482 1.2440116341311545 1.2435363421105607 1.243061050089967 1.242585758069373 1.2421104660487794 1.2416351740281857 1.241159882007591 1.2406845899869974 1.2402092979664037 1.2397340059458097 1.239258713925216 1.2387834219046223 1.2383081298840286
