Figures/CREST_Example_wjb_NSE/PETs/wjb.pet.20100321.asc
ncols            288
nrows            254
xllcorner        113.274861
yllcorner        31.4918055
cellsize         0.008333333333
NODATA_value     -9999
[rows 80 to 99 of 254, columns 176 to 219 of 288]
2.1721136841954833 2.1706112182050843 2.1691087522146852 2.1676062862242857 2.1661038202338867 2.1646013542434877 2.163098888253086 2.161596422262687 2.160093956272288 2.158591490281889 2.1570890242914897 2.1555865583010902 2.154084092310691 2.152581626320292 2.151079160329893 2.149576694339494 2.147360307542827 2.144380723250654 2.141401138958481 2.1384215546663023 2.135441970374129 2.132462386081956 2.129482801789783 2.1265032174976097 2.123523633205436 2.120544048913263 2.11756446462109 2.1145848803289167 2.1116052960367435 2.1086257117445704 -9999.0 -9999.0 -9999.0 -9999.0 -9999.0 -9999.0 -9999.0 -9999.0 -9999.0 -9999.0 -9999.0 -9999.0 -9999.0 -9999.0
2.1751173289495798 2.173598440664253 2.172079552378926 2.170560664093599 2.169041775808272 2.167522887522945 2.166003999237615 2.1644851109522882 2.1629662226669613 2.1614473343816343 2.1599284460963073 2.1584095578109803 2.1568906695256533 2.1553717812403264 2.1538528929549994 2.1523340046696724 2.15007771404556 2.1470331236363718 2.143988533227184 2.1409439428179913 2.137899352408803 2.134854761999615 2.1318101715904274 2.1287655811812396 2.125720990772052 2.122676400362864 2.119631809953676 2.1165872195444884 2.1135426291353006 2.1104980387261127 -9999.0 -9999.0 -9999.0 -9999.0 -9999.0 -9999.0 -9999.0 -9999.0 -9999.0 -9999.0 -9999.0 -9999.0 -9999.0 -9999.0
2.178120973703676 2.1765856631234213 2.1750503525431664 2.1735150419629115 2.171979731382657 2.170444420802402 2.1689091102221445 2.1673737996418896 2.1658384890616347 2.1643031784813798 2.162767867901125 2.16123255732087 2.1596972467406155 2.1581619361603606 2.1566266255801056 2.1550913149998507 2.1527951205482925 2.14968552402209 2.1465759274958875 2.1434663309696798 2.1403567344434773 2.137247137917275 2.1341375413910724 2.13102794486487 2.1279183483386674 2.124808751812465 2.1216991552862625 2.11858955876006 2.1154799622338576 -9999.0 -9999.0 -9999.0 -9999.0 -9999.0 -9999.0 -9999.0 -9999.0 -9999.0 -9999.0 -9999.0 -9999.0 -9999.0 -9999.0 -9999.0
2.1811246184577726 2.17957288558259 2.1780211527074074 2.1764694198322245 2.1749176869570417 2.1733659540818593 2.171814221206674 2.170262488331491 2.168710755456308 2.1671590225811257 2.165607289705943 2.16405555683076 2.162503823955577 2.1609520910803943 2.159400358205212 2.157848625330029 2.1555125270510254 2.1523379244078082 2.149163321764591 2.1459887191213687 2.1428141164781516 2.1396395138349344 2.1364649111917173 2.1332903085485 2.130115705905283 2.126941103262066 2.123766500618849 2.1205918979756317 2.1174172953324146 -9999.0 -9999.0 -9999.0 -9999.0 -9999.0 -9999.0 -9999.0 -9999.0 -9999.0 -9999.0 -9999.0 -9999.0 -9999.0 -9999.0 -9999.0
2.1841282632118695 2.1825601080417587 2.1809919528716484 2.1794237977015376 2.177855642531427 2.1762874873613165 2.174719332191203 2.1731511770210923 2.171583021850982 2.170014866680871 2.1684467115107604 2.16687855634065 2.1653104011705393 2.1637422460004285 2.162174090830318 2.1606059356602074 2.158229933553758 2.154990324793526 2.1517507160332947 2.148511107273057 2.1452714985128254 2.1420318897525936 2.1387922809923623 2.1355526722321305 2.1323130634718988 2.129073454711667 2.125833845951435 2.1225942371912034 2.1193546284309717 -9999.0 -9999.0 -9999.0 -9999.0 -9999.0 -9999.0 -9999.0 -9999.0 -9999.0 -9999.0 -9999.0 -9999.0 -9999.0 -9999.0 -9999.0
2.1871319079659686 2.18554733050093 2.1839627530358916 2.182378175570853 2.180793598105814 2.179209020640776 2.1776244431757346 2.1760398657106963 2.1744552882456576 2.1728707107806193 2.1712861333155806 2.169701555850542 2.1681169783855037 2.166532400920465 2.1649478234554267 2.163363245990388 2.160947340056493 2.1576427251792465 2.154338110302 2.151033495424748 2.1477288805475014 2.144424265670255 2.141119650793009 2.1378150359157626 2.134510421038516 2.1312058061612698 2.1279011912840233 2.124596576406777 2.1212919615295305 2.117987346652284 -9999.0 -9999.0 2.108073502020539 2.104768887143293 -9999.0 -9999.0 -9999.0 -9999.0 -9999.0 -9999.0 -9999.0 -9999.0 -9999.0 -9999.0
2.190135552720065 2.1885345529600984 2.186933553200132 2.1853325534401655 2.1837315536801993 2.1821305539202327 2.180529554160264 2.178928554400297 2.177327554640331 2.1757265548803644 2.174125555120398 2.1725245553604315 2.1709235556004653 2.1693225558404987 2.1677215560805325 2.166120556320566 2.163664746559225 2.1602951255649643 2.156925504570703 2.1535558835764363 2.1501862625821753 2.146816641587914 2.1434470205936536 2.1400773995993925 2.1367077786051314 2.1333381576108703 2.1299685366166092 2.126598915622348 2.1232292946280875 2.1198596736338264 2.1164900526395654 2.1131204316453043 2.1097508106510374 2.1063811896567763 2.1030115686625157 -9999.0 -9999.0 -9999.0 -9999.0 -9999.0 -9999.0 -9999.0 -9999.0 -9999.0
2.193139197474161 2.191521775419267 2.1899043533643727 2.188286931309478 2.186669509254584 2.18505208719969 2.1834346651447927 2.1818172430898986 2.1801998210350044 2.17858239898011 2.1769649769252157 2.1753475548703216 2.173730132815427 2.172112710760533 2.170495288705639 2.1688778666507442 2.166382153061958 2.162947525950682 2.159512898839407 2.1560782717281253 2.1526436446168495 2.149209017505574 2.145774390394298 2.142339763283023 2.138905136171747 2.1354705090604713 2.1320358819491956 2.1286012548379203 2.1251666277266446 2.121732000615369 2.118297373504093 2.114862746392818 2.1114281192815363 2.1079934921702606 2.104558865058985 -9999.0 -9999.0 -9999.0 -9999.0 -9999.0 -9999.0 -9999.0 -9999.0 -9999.0
2.1951422599347645 2.1935269902539876 2.1919117205732106 2.1902964508924336 2.1886811812116567 2.1870659115308797 2.1854506418501 2.1838353721693236 2.1822201024885466 2.1806048328077696 2.1789895631269927 2.1773742934462157 2.1757590237654387 2.174143754084662 2.1725284844038852 2.1709132147231083 2.168420216383853 2.164988906248661 2.16155759611347 2.1581262859782724 2.154694975843081 2.15126366570789 2.147832355572698 2.144401045437507 2.1409697353023156 2.137538425167124 2.1341071150319326 2.130675804896741 2.1272444947615496 2.1238131846263584 2.1203818744911667 2.1169505643559754 2.113519254220778 2.1100879440855866 2.1066566339503954 -9999.0 -9999.0 -9999.0 -9999.0 -9999.0 -9999.0 -9999.0 -9999.0 -9999.0
2.196075763008575 2.1944825008520246 2.192889238695474 2.191295976538924 2.1897027143823737 2.1881094522258233 2.1865161900692702 2.18492292791272 2.18332966575617 2.1817364035996194 2.180143141443069 2.1785498792865186 2.176956617129968 2.175363354973418 2.1737700928168677 2.1721768306603173 2.169732104676823 2.166377144596588 2.1630221845163526 2.1596672244361113 2.156312264355876 2.1529573042756405 2.1496023441954053 2.14624738411517 2.1428924240349345 2.1395374639546993 2.1361825038744637 2.1328275437942286 2.1294725837139934 2.126117623633758 2.1227626635535226 2.119407703473287 2.116052743393046 2.112697783312811 2.1093428232325753 2.10598786315234 -9999.0 -9999.0 -9999.0 -9999.0 -9999.0 -9999.0 -9999.0 -9999.0
2.197009266082386 2.195438011450062 2.193866756817738 2.1922955021854147 2.190724247553091 2.189152992920767 2.187581738288441 2.186010483656117 2.184439229023793 2.182867974391469 2.1812967197591457 2.179725465126822 2.178154210494498 2.1765829558621745 2.1750117012298507 2.1734404465975268 2.171043992969794 2.167765382944515 2.1644867729192354 2.1612081628939506 2.157929552868671 2.154650942843392 2.1513723328181125 2.1480937227928334 2.144815112767554 2.141536502742275 2.1382578927169953 2.134979282691716 2.1317006726664367 2.1284220626411576 2.125143452615878 2.121864842590599 2.118586232565314 2.1153076225400347 2.1120290125147556 2.108750402489476 -9999.0 -9999.0 -9999.0 -9999.0 -9999.0 -9999.0 -9999.0 -9999.0
2.1979427691561964 2.196393522048099 2.1948442749400017 2.1932950278319048 2.1917457807238074 2.19019653361571 2.1886472865076105 2.187098039399513 2.1855487922914163 2.183999545183319 2.1824502980752216 2.1809010509671247 2.1793518038590274 2.17780255675093 2.176253309642833 2.174704062534736 2.1723558812627646 2.169153621292441 2.165951361322118 2.1627491013517894 2.159546841381466 2.156344581411143 2.1531423214408196 2.1499400614704967 2.1467378015001732 2.14353554152985 2.140333281559527 2.1371310215892034 2.1339287616188805 2.130726501648557 2.127524241678234 2.1243219817079106 2.121119721737582 2.117917461767259 -9999.0 -9999.0 -9999.0 -9999.0 -9999.0 -9999.0 2.0955016419749963 -9999.0 2.08909712203435 -9999.0
2.1988762722300077 2.197349032646137 2.1958217930622665 2.1942945534783957 2.1927673138945254 2.1912400743106546 2.1897128347267816 2.1881855951429108 2.1866583555590404 2.1851311159751696 2.1836038763912993 2.1820766368074285 2.180549397223558 2.1790221576396873 2.177494918055817 2.175967678471946 2.173667769555736 2.170541859640369 2.1674159497250023 2.1642900398096296 2.1611641298942628 2.1580382199788954 2.1549123100635286 2.1517864001481612 2.1486604902327944 2.145534580317427 2.14240867040206 2.139282760486693 2.136156850571326 2.133030940655959 2.129905030740592 2.126779120825225 2.1236532109098523 2.1205273009944854 -9999.0 -9999.0 -9999.0 -9999.0 -9999.0 2.101771841502283 2.098645931586916 2.0955200216715486 2.0923941117561817 -9999.0
2.1998097753038186 2.1983045432441743 2.1967993111845305 2.1952940791248863 2.1937888470652425 2.1922836150055987 2.1907783829459517 2.189273150886308 2.1877679188266637 2.18626268676702 2.184757454707376 2.1832522226477318 2.181746990588088 2.1802417585284437 2.1787365264688 2.1772312944091556 2.174979657848707 2.171930097988296 2.168880538127885 2.165830978267469 2.1627814184070577 2.159731858546647 2.1566822986862357 2.1536327388258245 2.1505831789654137 2.1475336191050025 2.1444840592445917 2.1414344993841805 2.1383849395237697 2.1353353796633585 2.1322858198029477 2.1292362599425365 2.1261867000821204 2.123137140221709 2.1200875803612984 -9999.0 -9999.0 -9999.0 -9999.0 2.104839781059243 2.101790221198832 2.098740661338421 2.09569110147801 -9999.0
2.2007432783776295 2.199260053842212 2.1977768293067945 2.196293604771377 2.1948103802359595 2.1933271557005423 2.1918439311651223 2.1903607066297046 2.1888774820942873 2.18739425755887 2.1859110330234524 2.184427808488035 2.182944583952618 2.1814613594172 2.179978134881783 2.178494910346365 2.176291546141678 2.173318336336223 2.170345126530768 2.167371916725308 2.164398706919853 2.161425497114398 2.1584522873089433 2.155479077503488 2.152505867698033 2.1495326578925784 2.1465594480871233 2.143586238281668 2.1406130284762135 2.1376398186707584 2.1346666088653037 2.1316933990598486 2.1287201892543886 2.1257469794489334 2.1227737696434787 2.1198005598380236 -9999.0 -9999.0 -9999.0 2.107907720616204 2.104934510810749 2.1019613010052938 2.098988091199839 2.096014881394384
2.2016767814514395 2.200215564440249 2.198754347429058 2.1972931304178673 2.195831913406676 2.1943706963954854 2.192909479384292 2.1914482623731013 2.18998704536191 2.1885258283507194 2.1870646113395287 2.185603394328338 2.1841421773171468 2.182680960305956 2.1812197432947653 2.1797585262835746 2.177603434434648 2.1747065746841496 2.1718097149336506 2.1689128551831467 2.166015995432648 2.163119135682149 2.16022227593165 2.1573254161811515 2.1544285564306525 2.1515316966801534 2.148634836929655 2.145737977179156 2.142841117428657 2.139944257678158 2.137047397927659 2.13415053817716 2.1312536784266567 2.1283568186761577 2.1254599589256586 2.12256309917516 2.119666239424661 2.116769379674162 2.1138725199236634 2.1109756601731644 2.1080788004226654 2.105181940672167 2.1022850809216678 2.099388221171169
2.2026102845252504 2.2011710750382862 2.199731865551322 2.198292656064358 2.1968534465773932 2.195414237090429 2.193975027603462 2.192535818116498 2.191096608629534 2.1896573991425696 2.1882181896556054 2.186778980168641 2.1853397706816766 2.1839005611947124 2.1824613517077482 2.181022142220784 2.1789153227276192 2.1760948130320763 2.173274303336534 2.170453793640986 2.167633283945443 2.1648127742499006 2.1619922645543577 2.1591717548588147 2.156351245163272 2.1535307354677293 2.1507102257721864 2.1478897160766435 2.145069206381101 2.142248696685558 2.139428186990015 2.136607677294472 2.133787167598925 2.130966657903382 2.128146148207839 2.1253256385122965 2.1225051288167536 2.1196846191212106 2.116864109425668 2.1140435997301252 2.1112230900345823 2.1084025803390394 2.105582070643497 2.102761560947954
2.2035437875990613 2.2021265856363232 2.2007093836735856 2.199292181710848 2.1978749797481103 2.1964577777853727 2.1950405758226323 2.1936233738598947 2.192206171897157 2.1907889699344194 2.1893717679716813 2.1879545660089437 2.186537364046206 2.1851201620834684 2.1837029601207307 2.182285758157993 2.18022721102059 2.177483051380003 2.174738891739416 2.171994732098825 2.169250572458238 2.166506412817651 2.163762253177065 2.161018093536478 2.158273933895891 2.1555297742553043 2.152785614614718 2.150041454974131 2.1472972953335443 2.1445531356929575 2.141808976052371 2.1390648164117843 2.136320656771193 2.133576497130606 2.1308323374900193 2.1280881778494325 2.125344018208846 2.1225998585682593 2.1198556989276724 2.1171115392870856 2.1143673796464992 2.1116232200059124 2.1088790603653256 2.1061349007247387
2.2044772906728727 2.2030820962343616 2.2016869017958505 2.2002917073573394 2.1988965129188283 2.197501318480317 2.1961061240418034 2.1947109296032923 2.193315735164781 2.19192054072627 2.190525346287759 2.189130151849248 2.1877349574107368 2.1863397629722257 2.1849445685337145 2.1835493740952034 2.1815390993135613 2.178871289727931 2.1762034801423003 2.173535670556665 2.1708678609710343 2.168200051385404 2.1655322417997733 2.1628644322141426 2.1601966226285123 2.1575288130428816 2.154861003457251 2.1521931938716206 2.14952538428599 2.146857574700359 2.144189765114729 2.141521955529098 2.138854145943463 2.136186336357832 2.133518526772202 2.130850717186571 2.1281829076009404 2.1255150980153097 2.1228472884296794 2.1201794788440487 2.117511669258418 2.1148438596727877 2.112176050087157 2.109508240501526
2.205410793746683 2.2040376068323986 2.202664419918114 2.2012912330038295 2.199918046089545 2.1985448591752603 2.1971716722609735 2.195798485346689 2.1944252984324044 2.19305211151812 2.1916789246038357 2.190305737689551 2.1889325507752666 2.187559363860982 2.1861861769466975 2.184812990032413 2.1828509876065323 2.1802595280758577 2.177668068545183 2.1750766090145044 2.1724851494838298 2.169893689953155 2.1673022304224805 2.1647107708918063 2.1621193113611317 2.159527851830457 2.1569363922997824 2.154344932769108 2.1517534732384336 2.149162013707759 2.1465705541770843 2.14397909464641 2.141387635115731 2.1387961755850564 2.1362047160543822 2.1336132565237076 2.131021796993033 2.1284303374623583 2.125838877931684 2.1232474184010095 2.120655958870335 2.1180644993396602 2.115473039808986 2.1128815802783114
