Figures/CREST_Example_wjb_NSE/PETs/wjb.pet.20100402.asc
ncols            288
nrows            254
xllcorner        113.274861
yllcorner        31.4918055
cellsize         0.008333333333
NODATA_value     -9999
[rows 200 to 219 of 254, columns 132 to 175 of 288]
1.922268782139703 1.9193408997265418 1.9164130173133804 1.913485134900219 1.9105572524870578 1.9076293700738964 1.904701487660735 1.9017736052475738 1.8988457228344124 1.895917840421251 1.8929899580080898 1.8900620755949233 1.887134193181762 1.8842063107686007 1.8812784283554393 1.878350545942278 1.8754226635291167 1.8724947811159554 1.869566898702794 1.8666390162896327 1.8637111338764714 1.86078325146331 1.8578553690501487 1.8549274866369871 1.851999604223821 1.8490717218106596 1.8461438393974983 1.843215956984337 1.8402880745711756 1.8373601921580143 1.8350916344856374 1.8335279098760533 1.8319641852664692 1.8304004606568849 1.8288367360473008 1.8272730114377167 1.8257092868281326 1.8241455622185458 1.8225818376089618 1.8210181129993774 1.8194543883897933 1.8178906637802092 1.8163269391706252 1.814763214561041
1.9240379451201433 1.9211021885648998 1.9181664320096563 1.915230675454413 1.9122949188991696 1.9093591623439263 1.9064234057886829 1.9034876492334396 1.9005518926781961 1.8976161361229527 1.8946803795677094 1.891744623012461 1.8888088664572176 1.8858731099019743 1.8829373533467308 1.8800015967914874 1.8770658402362441 1.8741300836810006 1.8711943271257574 1.868258570570514 1.8653228140152707 1.8623870574600272 1.8594513009047837 1.8565155443495405 1.853579787794292 1.8506440312390486 1.8477082746838054 1.844772518128562 1.8418367615733187 1.8389010050180752 1.836649306211765 1.8351288806134558 1.8336084550151464 1.8320880294168371 1.8305676038185277 1.8290471782202185 1.827526752621909 1.826006327023597 1.8244859014252877 1.8229654758269784 1.821445050228669 1.8199246246303595 1.8184041990320503 1.8168837734337409
1.9258071081005834 1.922863477403258 1.9199198467059326 1.916976216008607 1.9140325853112816 1.9110889546139562 1.9081453239166308 1.9052016932193054 1.90225806252198 1.8993144318246546 1.8963708011273293 1.8934271704299988 1.8904835397326734 1.887539909035348 1.8845962783380226 1.881652647640697 1.8787090169433716 1.8757653862460462 1.8728217555487208 1.8698781248513954 1.86693449415407 1.8639908634567446 1.8610472327594192 1.8581036020620938 1.8551599713647633 1.852216340667438 1.8492727099701125 1.8463290792727869 1.8433854485754615 1.840441817878136 1.838206977937893 1.8367298513508583 1.8352527247638237 1.8337755981767891 1.8322984715897546 1.83082134500272 1.8293442184156854 1.8278670918286484 1.8263899652416138 1.8249128386545792 1.8234357120675446 1.82195858548051 1.8204814588934755 1.8190043323064409
1.9275762710810234 1.9246247662416158 1.9216732614022085 1.918721756562801 1.9157702517233934 1.9128187468839861 1.9098672420445786 1.906915737205171 1.9039642323657637 1.9010127275263562 1.8980612226869487 1.8951097178475362 1.8921582130081287 1.8892067081687214 1.8862552033293138 1.8833036984899063 1.880352193650499 1.8774006888110915 1.874449183971684 1.8714976791322766 1.868546174292869 1.8655946694534618 1.8626431646140542 1.8596916597746467 1.8567401549352343 1.8537886500958267 1.8508371452564194 1.8478856404170119 1.8449341355776043 1.841982630738197 1.8397646496640203 1.8383308220882606 1.8368969945125009 1.835463166936741 1.8340293393609812 1.8325955117852215 1.8311616842094616 1.8297278566336994 1.8282940290579397 1.8268602014821798 1.82542637390642 1.8239925463306603 1.8225587187549004 1.8211248911791407
1.929345434061464 1.9263860550799745 1.923426676098485 1.9204672971169956 1.917507918135506 1.9145485391540165 1.911589160172527 1.9086297811910375 1.905670402209548 1.9027110232280586 1.899751644246569 1.8967922652650746 1.893832886283585 1.8908735073020955 1.887914128320606 1.8849547493391166 1.881995370357627 1.8790359913761376 1.876076612394648 1.8731172334131585 1.870157854431669 1.8671984754501796 1.8642390964686901 1.8612797174872007 1.858320338505706 1.8553609595242166 1.852401580542727 1.8494422015612375 1.846482822579748 1.8435234435982586 1.8413223213901488 1.8399317928256638 1.8385412642611787 1.8371507356966938 1.8357602071322088 1.834369678567724 1.8329791500032389 1.8315886214387516 1.8301980928742665 1.8288075643097814 1.8274170357452966 1.8260265071808115 1.8246359786163266 1.8232454500518416
1.9311145970419041 1.9281473439183328 1.9251800907947612 1.9222128376711896 1.9192455845476182 1.9162783314240466 1.913311078300475 1.9103438251769034 1.907376572053332 1.9044093189297604 1.9014420658061888 1.8984748126826123 1.8955075595590407 1.892540306435469 1.8895730533118977 1.8866058001883261 1.8836385470647545 1.880671293941183 1.8777040408176116 1.87473678769404 1.8717695345704684 1.868802281446897 1.8658350283233254 1.8628677751997538 1.8599005220761773 1.8569332689526057 1.853966015829034 1.8509987627054627 1.848031509581891 1.8450642564583195 1.8428799931162765 1.8415327635630663 1.840185534009856 1.8388383044566459 1.8374910749034357 1.8361438453502255 1.8347966157970153 1.8334493862438028 1.8321021566905926 1.8307549271373824 1.8294076975841722 1.828060468030962 1.8267132384777518 1.8253660089245416
1.9328837600223443 1.9299086327566906 1.926933505491037 1.9239583782253835 1.92098325095973 1.9180081236940763 1.9150329964284227 1.9120578691627692 1.9090827418971155 1.906107614631462 1.9031324873658084 1.9001573601001498 1.8971822328344963 1.8942071055688425 1.891231978303189 1.8882568510375355 1.885281723771882 1.8823065965062282 1.8793314692405747 1.8763563419749212 1.8733812147092677 1.870406087443614 1.8674309601779604 1.8644558329123069 1.8614807056466482 1.8585055783809947 1.855530451115341 1.8525553238496875 1.849580196584034 1.8466050693183802 1.8444376648424041 1.8431337343004686 1.8418298037585332 1.8405258732165977 1.8392219426746623 1.837918012132727 1.8366140815907914 1.8353101510488539 1.8340062205069185 1.832702289964983 1.8313983594230476 1.830094428881112 1.8287904983391767 1.8274865677972414
1.934652923002785 1.9316699215950492 1.9286869201873136 1.925703918779578 1.9227209173718425 1.9197379159641068 1.9167549145563711 1.9137719131486355 1.9107889117409 1.9078059103331644 1.9048229089254287 1.901839907517688 1.8988569061099525 1.8958739047022168 1.8928909032944812 1.8899079018867455 1.88692490047901 1.8839418990712744 1.8809588976635387 1.877975896255803 1.8749928948480676 1.872009893440332 1.8690268920325963 1.8660438906248606 1.86306088921712 1.8600778878093844 1.8570948864016488 1.854111884993913 1.8511288835861777 1.848145882178442 1.8459953365685324 1.8447347050378717 1.8434740735072113 1.8422134419765506 1.8409528104458899 1.8396921789152294 1.8384315473845687 1.837170915853906 1.8359102843232453 1.8346496527925846 1.8333890212619242 1.8321283897312635 1.8308677582006028 1.8296071266699423
1.936822338277015 1.9338381855395457 1.930854032802076 1.9278698800646066 1.924885727327137 1.9219015745896675 1.9189174218521978 1.9159332691147284 1.9129491163772587 1.909964963639789 1.9069808109023196 1.9039966581648449 1.9010125054273754 1.8980283526899058 1.8950441999524363 1.8920600472149667 1.8890758944774972 1.8860917417400276 1.8831075890025581 1.8801234362650885 1.8771392835276188 1.8741551307901494 1.8711709780526797 1.8681868253152103 1.8652026725777355 1.862218519840266 1.8592343671027964 1.856250214365327 1.8532660616278573 1.8502819088903877 1.8481495949418072 1.8469279159283933 1.8457062369149795 1.8444845579015656 1.8432628788881518 1.842041199874738 1.840819520861324 1.8395978418479082 1.8383761628344943 1.8371544838210805 1.8359328048076666 1.8347111257942528 1.833489446780839 1.832267767767425
1.9394195980263287 1.936441480221802 1.9334633624172752 1.9304852446127485 1.9275071268082218 1.924529009003695 1.921550891199168 1.9185727733946414 1.9155946555901147 1.912616537785588 1.9096384199810612 1.9066603021765294 1.9036821843720027 1.900704066567476 1.897725948762949 1.8947478309584223 1.8917697131538955 1.8887915953493688 1.885813477544842 1.8828353597403154 1.8798572419357886 1.8768791241312617 1.873901006326735 1.8709228885222082 1.8679447707176764 1.8649666529131497 1.861988535108623 1.8590104173040962 1.8560322994995693 1.8530541816950425 1.850941566839402 1.8497541942150684 1.848566821590735 1.8473794489664013 1.8461920763420678 1.8450047037177342 1.8438173310934007 1.842629958469065 1.8414425858447316 1.8402552132203982 1.8390678405960645 1.837880467971731 1.8366930953473974 1.835505722723064
1.9420168577756431 1.9390447749040591 1.9360726920324753 1.9331006091608913 1.9301285262893073 1.9271564434177235 1.9241843605461395 1.9212122776745555 1.9182401948029717 1.9152681119313877 1.9122960290598037 1.9093239461882148 1.9063518633166308 1.9033797804450467 1.900407697573463 1.897435614701879 1.894463531830295 1.891491448958711 1.8885193660871271 1.885547283215543 1.882575200343959 1.8796031174723753 1.8766310346007913 1.8736589517292073 1.8706868688576184 1.8677147859860344 1.8647427031144503 1.8617706202428663 1.8587985373712825 1.8558264544996985 1.8537335387369978 1.8525804725017447 1.8514274062664915 1.8502743400312383 1.849121273795985 1.8479682075607318 1.8468151413254787 1.8456620750902235 1.8445090088549703 1.843355942619717 1.842202876384464 1.8410498101492108 1.8398967439139575 1.8387436776787043
1.9446141175249567 1.9416480695863156 1.9386820216476743 1.9357159737090333 1.9327499257703922 1.929783877831751 1.9268178298931098 1.9238517819544687 1.9208857340158276 1.9179196860771863 1.9149536381385452 1.911987590199899 1.909021542261258 1.9060554943226167 1.9030894463839756 1.9001233984453345 1.8971573505066934 1.8941913025680521 1.891225254629411 1.88825920669077 1.8852931587521287 1.8823271108134876 1.8793610628748465 1.8763950149362052 1.873428966997559 1.870462919058918 1.8674968711202768 1.8645308231816358 1.8615647752429945 1.8585987273043534 1.8565255106345926 1.8554067507884198 1.854287990942247 1.8531692310960741 1.852050471249901 1.8509317114037283 1.8498129515575554 1.8486941917113806 1.8475754318652078 1.8464566720190347 1.845337912172862 1.844219152326689 1.8431003924805163 1.8419816326343432
1.94721137727427 1.9442513642685717 1.9412913512628733 1.938331338257175 1.9353713252514766 1.9324113122457784 1.92945129924008 1.9264912862343817 1.9235312732286833 1.920571260222985 1.9176112472172866 1.9146512342115831 1.911691221205885 1.9087312082001866 1.9057711951944882 1.9028111821887899 1.8998511691830915 1.8968911561773931 1.8939311431716948 1.8909711301659964 1.888011117160298 1.8850511041545999 1.8820910911489015 1.8791310781432031 1.8761710651374996 1.8732110521318013 1.870251039126103 1.8672910261204048 1.8643310131147064 1.861371000109008 1.8593174825321872 1.8582330290750948 1.8571485756180022 1.8560641221609095 1.8549796687038171 1.8538952152467245 1.8528107617896319 1.8517263083325375 1.850641854875445 1.8495574014183525 1.8484729479612598 1.8473884945041674 1.8463040410470748 1.8452195875899822
1.9498086370235848 1.946854658950829 1.9439006808780737 1.9409467028053182 1.9379927247325626 1.9350387466598071 1.9320847685870515 1.929130790514296 1.9261768124415404 1.923222834368785 1.9202688562960293 1.9173148782232687 1.9143609001505133 1.9114069220777576 1.9084529440050022 1.9054989659322468 1.902544987859491 1.8995910097867357 1.89663703171398 1.8936830536412246 1.890729075568469 1.8877750974957135 1.8848211194229578 1.8818671413502024 1.8789131632774418 1.8759591852046862 1.8730052071319307 1.8700512290591753 1.8670972509864197 1.8641432729136642 1.8621094544297834 1.8610593073617712 1.860009160293759 1.8589590132257467 1.8579088661577345 1.8568587190897223 1.85580857202171 1.854758424953696 1.8537082778856837 1.8526581308176715 1.8516079837496593 1.850557836681647 1.8495076896136349 1.8484575425456227
1.952405896772898 1.9494579536330854 1.9465100104932727 1.94356206735346 1.9406141242136472 1.9376661810738345 1.9347182379340215 1.9317702947942088 1.928822351654396 1.9258744085145834 1.9229264653747706 1.919978522234953 1.9170305790951403 1.9140826359553276 1.9111346928155148 1.9081867496757021 1.9052388065358894 1.9022908633960764 1.8993429202562637 1.896394977116451 1.8934470339766383 1.8904990908368255 1.8875511476970128 1.8846032045572 1.8816552614173825 1.8787073182775698 1.875759375137757 1.872811431997944 1.8698634888581314 1.8669155457183186 1.864901426327378 1.863885585648446 1.8628697449695142 1.8618539042905822 1.8608380636116504 1.8598222229327184 1.8588063822537866 1.857790541574853 1.856774700895921 1.8557588602169892 1.8547430195380572 1.8537271788591254 1.8527113381801934 1.8516954975012616
1.9550031565222117 1.9520612483153417 1.9491193401084717 1.9461774319016019 1.9432355236947318 1.9402936154878618 1.937351707280992 1.934409799074122 1.9314678908672522 1.9285259826603822 1.9255840744535122 1.9226421662466373 1.9197002580397673 1.9167583498328975 1.9138164416260275 1.9108745334191577 1.9079326252122877 1.9049907170054177 1.9020488087985479 1.8991069005916779 1.8961649923848078 1.893223084177938 1.890281175971068 1.8873392677641982 1.8843973595573231 1.8814554513504533 1.8785135431435833 1.8755716349367133 1.8726297267298435 1.8696878185229735 1.8676933982249728 1.8667118639351212 1.8657303296452696 1.864748795355418 1.8637672610655664 1.8627857267757149 1.8618041924858633 1.86082265819601 1.8598411239061583 1.8588595896163067 1.8578780553264551 1.8568965210366037 1.8559149867467521 1.8549334524569006
1.9576004162715248 1.9546645429975977 1.9517286697236707 1.9487927964497436 1.9458569231758165 1.9429210499018894 1.939985176627962 1.937049303354035 1.934113430080108 1.9311775568061809 1.9282416835322538 1.9253058102583216 1.9223699369843945 1.9194340637104674 1.9164981904365401 1.913562317162613 1.910626443888686 1.9076905706147589 1.9047546973408318 1.9018188240669045 1.8988829507929774 1.8959470775190503 1.8930112042451233 1.8900753309711962 1.887139457697264 1.884203584423337 1.8812677111494098 1.8783318378754825 1.8753959646015554 1.8724600913276284 1.8704853701225677 1.8695381422217963 1.868590914321025 1.8676436864202537 1.8666964585194825 1.8657492306187111 1.86480200271794 1.863854774817167 1.8629075469163958 1.8619603190156244 1.8610130911148532 1.8600658632140818 1.8591186353133107 1.8581714074125395
1.9601976760208395 1.9572678376798553 1.954337999338871 1.9514081609978866 1.9484783226569022 1.9455484843159179 1.9426186459749337 1.9396888076339494 1.936758969292965 1.9338291309519806 1.9308992926109965 1.927969454270007 1.9250396159290228 1.9221097775880385 1.919179939247054 1.9162501009060697 1.9133202625650854 1.9103904242241012 1.9074605858831168 1.9045307475421325 1.901600909201148 1.898671070860164 1.8957412325191796 1.8928113941781952 1.889881555837206 1.8869517174962216 1.8840218791552372 1.8810920408142529 1.8781622024732687 1.8752323641322843 1.8732773420201634 1.8723644205084726 1.8714514989967816 1.8705385774850907 1.8696256559733997 1.8687127344617087 1.867799812950018 1.8668868914383254 1.8659739699266344 1.8650610484149435 1.8641481269032525 1.8632352053915617 1.8623222838798708 1.8614093623681798
1.9627949357701528 1.9598711323621114 1.95694732895407 1.9540235255460283 1.9510997221379869 1.9481759187299454 1.9452521153219038 1.9423283119138623 1.939404508505821 1.9364807050977793 1.9335569016897378 1.9306330982816913 1.9277092948736498 1.9247854914656082 1.9218616880575667 1.9189378846495253 1.9160140812414836 1.9130902778334422 1.9101664744254008 1.9072426710173591 1.9043188676093177 1.9013950642012762 1.8984712607932348 1.8955474573851931 1.8926236539771466 1.8896998505691052 1.8867760471610637 1.883852243753022 1.8809284403449806 1.8780046369369392 1.8760693139177582 1.8751906987951477 1.874312083672537 1.8734334685499263 1.8725548534273158 1.8716762383047052 1.8707976231820946 1.8699190080594825 1.8690403929368717 1.8681617778142612 1.8672831626916506 1.86640454756904 1.8655259324464293 1.8646473173238187
1.9653921955194664 1.9624744270443677 1.959556658569269 1.9566388900941702 1.9537211216190715 1.9508033531439728 1.947885584668874 1.9449678161937753 1.9420500477186766 1.939132279243578 1.9362145107684794 1.9332967422933756 1.9303789738182768 1.927461205343178 1.9245434368680794 1.9216256683929807 1.918707899917882 1.9157901314427832 1.9128723629676845 1.909954594492586 1.9070368260174873 1.9041190575423885 1.9012012890672898 1.898283520592191 1.8953657521170872 1.8924479836419885 1.8895302151668898 1.886612446691791 1.8836946782166926 1.8807769097415938 1.8788612858153528 1.8780169770818225 1.8771726683482923 1.876328359614762 1.8754840508812316 1.8746397421477015 1.873795433414171 1.8729511246806394 1.872106815947109 1.8712625072135787 1.8704181984800485 1.8695738897465182 1.8687295810129878 1.8678852722794574
