Figures/CREST_Example_wjb_NSE/PETs/wjb.pet.20100514.asc
ncols            288
nrows            254
xllcorner        113.274861
yllcorner        31.4918055
cellsize         0.008333333333
NODATA_value     -9999
[rows 140 to 159 of 254, columns 132 to 175 of 288]
2.5037098866670595 2.500243443336445 2.4967770000058307 2.4933105566752163 2.4898441133446023 2.486377670013988 2.4829112266833735 2.479444783352759 2.475978340022145 2.4725118966915307 2.4690454533609163 2.465579010030296 2.4621125666996817 2.4586461233690673 2.4551796800384533 2.451713236707839 2.4482467933772245 2.44478035004661 2.4413139067159957 2.4378474633853817 2.4343810200547673 2.430914576724153 2.4274481333935385 2.4239816900629245 2.420515246732304 2.41704880340169 2.4135823600710755 2.410115916740461 2.4066494734098467 2.4031830300792327 2.3998916284561833 2.3967873503782213 2.39368307230026 2.390578794222298 2.3874745161443363 2.3843702380663747 2.3812659599884127 2.378161681910446 2.375057403832484 2.3719531257545223 2.3688488476765603 2.365744569598599 2.362640291520637 2.3595360134426753
2.491642532021812 2.4880672972754545 2.484492062529097 2.4809168277827394 2.477341593036382 2.4737663582900242 2.4701911235436667 2.466615888797309 2.4630406540509515 2.459465419304594 2.4558901845582364 2.452314949811873 2.4487397150655155 2.445164480319158 2.4415892455728003 2.4380140108264428 2.434438776080085 2.4308635413337276 2.42728830658737 2.4237130718410125 2.420137837094655 2.4165626023482973 2.4129873676019398 2.409412132855582 2.405836898109219 2.4022616633628613 2.3986864286165037 2.395111193870146 2.3915359591237886 2.387960724377431 2.384596731374509 2.3814585605739182 2.3783203897733274 2.3751822189727365 2.3720440481721456 2.368905877371555 2.3657677065709644 2.362629535770368 2.3594913649697773 2.3563531941691864 2.3532150233685956 2.3500768525680047 2.346938681767414 2.343800510966823
2.479575177376564 2.4758911512144635 2.4722071250523627 2.468523098890262 2.4648390727281613 2.4611550465660605 2.4574710204039594 2.4537869942418586 2.450102968079758 2.446418941917657 2.4427349157555565 2.4390508895934495 2.435366863431349 2.431682837269248 2.4279988111071473 2.4243147849450466 2.420630758782946 2.4169467326208447 2.413262706458744 2.4095786802966432 2.4058946541345425 2.402210627972442 2.398526601810341 2.3948425756482403 2.3911585494861334 2.3874745233240326 2.383790497161932 2.3801064709998307 2.37642244483773 2.3727384186756293 2.369301834292835 2.3661297707696147 2.362957707246395 2.3597856437231752 2.356613580199955 2.3534415166767353 2.3502694531535155 2.34709738963029 2.3439253261070703 2.3407532625838505 2.3375811990606303 2.3344091355374106 2.331237072014191 2.3280650084909706
2.4675078227313167 2.463715005153473 2.4599221875756285 2.4561293699977846 2.4523365524199408 2.448543734842097 2.4447509172642525 2.4409580996864086 2.4371652821085648 2.433372464530721 2.4295796469528765 2.425786829375026 2.421994011797182 2.418201194219338 2.4144083766414943 2.41061555906365 2.406822741485806 2.403029923907962 2.399237106330118 2.395444288752274 2.39165147117443 2.3878586535965862 2.384065836018742 2.380273018440898 2.3764802008630475 2.3726873832852036 2.3688945657073597 2.3651017481295153 2.3613089305516715 2.3575161129738276 2.3540069372111603 2.350800980965311 2.347595024719462 2.3443890684736135 2.3411831122277644 2.3379771559819154 2.3347711997360667 2.3315652434902123 2.3283592872443633 2.325153330998514 2.3219473747526655 2.3187414185068165 2.3155354622609674 2.3123295060151183
2.4554404680860586 2.451538859092471 2.447637250098884 2.4437356411052966 2.4398340321117096 2.435932423118122 2.4320308141245346 2.4281292051309475 2.42422759613736 2.420325987143773 2.4164243781501855 2.4125227691565914 2.4086211601630043 2.404719551169417 2.4008179421758293 2.3969163331822423 2.393014724188655 2.3891131151950677 2.3852115062014803 2.3813098972078928 2.3774082882143057 2.3735066792207182 2.3696050702271307 2.3657034612335437 2.3618018522399495 2.3579002432463625 2.353998634252775 2.3500970252591875 2.3461954162656005 2.342293807272013 2.338712040129473 2.335472191160995 2.332232342192517 2.328992493224039 2.325752644255561 2.322512795287083 2.319272946318605 2.3160330973501213 2.3127932483816434 2.3095533994131654 2.3063135504446874 2.303073701476209 2.299833852507731 2.296594003539253
2.443373113440811 2.4393627130314806 2.4353523126221504 2.4313419122128197 2.427331511803489 2.4233211113941584 2.4193107109848278 2.4153003105754975 2.411289910166167 2.4072795097568362 2.4032691093475056 2.3992587089381683 2.3952483085288376 2.3912379081195074 2.3872275077101768 2.383217107300846 2.3792067068915155 2.375196306482185 2.3711859060728546 2.367175505663524 2.3631651052541933 2.3591547048448627 2.355144304435532 2.351133904026202 2.347123503616864 2.343113103207534 2.339102702798203 2.3350923023888726 2.331081901979542 2.3270715015702117 2.3234171430477986 2.3201434013566917 2.3168696596655844 2.3135959179744776 2.3103221762833703 2.3070484345922635 2.303774692901156 2.3005009512100436 2.2972272095189363 2.2939534678278295 2.290679726136722 2.287405984445615 2.284132242754508 2.280858501063401
2.4313057587955633 2.4271865669704895 2.4230673751454157 2.418948183320342 2.414828991495268 2.4107097996701943 2.406590607845121 2.402471416020047 2.3983522241949733 2.3942330323698995 2.3901138405448257 2.3859946487197448 2.381875456894671 2.377756265069597 2.3736370732445233 2.3695178814194495 2.3653986895943757 2.361279497769302 2.357160305944228 2.3530411141191543 2.3489219222940805 2.3448027304690067 2.340683538643933 2.336564346818859 2.3324451549937786 2.3283259631687048 2.324206771343631 2.320087579518557 2.3159683876934833 2.3118491958684095 2.308122245966124 2.3048146115523878 2.301506977138652 2.298199342724916 2.2948917083111797 2.2915840738974436 2.2882764394837074 2.2849688050699655 2.2816611706562293 2.278353536242493 2.275045901828757 2.271738267415021 2.2684306330012847 2.2651229985875485
2.4192384041503154 2.4150104209094985 2.4107824376686815 2.4065544544278645 2.4023264711870476 2.3980984879462306 2.3938705047054136 2.3896425214645967 2.3854145382237797 2.3811865549829627 2.3769585717421453 2.3727305885013212 2.3685026052605043 2.3642746220196873 2.3600466387788703 2.3558186555380534 2.3515906722972364 2.3473626890564194 2.3431347058156025 2.338906722574785 2.334678739333968 2.330450756093151 2.326222772852334 2.321994789611517 2.317766806370693 2.313538823129876 2.3093108398890587 2.3050828566482418 2.300854873407425 2.296626890166608 2.2928273488844497 2.2894858217480847 2.2861442946117196 2.282802767475354 2.279461240338989 2.276119713202624 2.2727781860662586 2.2694366589298878 2.2660951317935227 2.2627536046571572 2.259412077520792 2.256070550384427 2.2527290232480617 2.2493874961116966
2.4087652711783534 2.404406205761096 2.4000471403438386 2.3956880749265808 2.3913290095093234 2.386969944092066 2.382610878674808 2.3782518132575508 2.373892747840293 2.3695336824230355 2.365174617005778 2.360815551588513 2.3564564861712554 2.352097420753998 2.34773835533674 2.3433792899194827 2.3390202245022254 2.3346611590849675 2.33030209366771 2.3259430282504523 2.321583962833195 2.3172248974159375 2.3128658319986797 2.3085067665814223 2.3041477011641573 2.2997886357468995 2.295429570329642 2.2910705049123847 2.286711439495127 2.2823523740778695 2.278463754893864 2.275078053375391 2.2716923518569176 2.2683066503384444 2.264920948819971 2.2615352473014974 2.258149545783024 2.254763844264545 2.2513781427460717 2.2479924412275984 2.2446067397091247 2.2412210381906514 2.237835336672178 2.234449635153705
2.3999962606786434 2.3954822856669242 2.3909683106552047 2.3864543356434855 2.381940360631766 2.377426385620047 2.3729124106083272 2.368398435596608 2.3638844605848885 2.3593704855731694 2.35485651056145 2.3503425355497227 2.3458285605380036 2.341314585526284 2.336800610514565 2.3322866355028458 2.327772660491126 2.323258685479407 2.3187447104676875 2.3142307354559684 2.309716760444249 2.3052027854325297 2.30068881042081 2.296174835409091 2.291660860397364 2.2871468853856443 2.282632910373925 2.2781189353622056 2.2736049603504864 2.269090985338767 2.2650956652002012 2.261654798853771 2.2582139325073416 2.2547730661609116 2.251332199814482 2.247891333468052 2.2444504671216223 2.2410096007751865 2.237568734428757 2.234127868082327 2.2306870017358973 2.2272461353894673 2.2238052690430377 2.2203644026966076
2.3912272501789253 2.386558365572744 2.3818894809665627 2.3772205963603814 2.3725517117542 2.367882827148019 2.3632139425418375 2.3585450579356566 2.3538761733294753 2.349207288723294 2.3445384041171127 2.3398695195109234 2.335200634904742 2.330531750298561 2.32586286569238 2.3211939810861986 2.3165250964800173 2.311856211873836 2.3071873272676546 2.3025184426614738 2.2978495580552925 2.293180673449111 2.28851178884293 2.2838429042367485 2.279174019630559 2.274505135024378 2.269836250418197 2.2651673658120157 2.2604984812058344 2.255829596599653 2.2517275755065262 2.24823154433214 2.244735513157754 2.2412394819833676 2.2377434508089813 2.234247419634595 2.2307513884602086 2.2272553572858165 2.22375932611143 2.2202632949370438 2.2167672637626574 2.213271232588271 2.2097752014138847 2.206279170239499
2.3824582396792144 2.3776344454785714 2.3728106512779283 2.3679868570772853 2.3631630628766422 2.358339268675999 2.3535154744753566 2.3486916802747135 2.3438678860740705 2.3390440918734274 2.3342202976727844 2.329396503472133 2.32457270927149 2.319748915070847 2.3149251208702037 2.3101013266695607 2.3052775324689176 2.300453738268275 2.295629944067632 2.290806149866989 2.285982355666346 2.281158561465703 2.27633476726506 2.2715109730644167 2.2666871788637653 2.261863384663122 2.257039590462479 2.2522157962618365 2.2473920020611935 2.2425682078605504 2.238359485812863 2.23480828981052 2.231257093808177 2.2277058978058344 2.2241547018034917 2.220603505801149 2.2170523097988064 2.2135011137964575 2.209949917794115 2.206398721791772 2.2028475257894296 2.199296329787087 2.1957451337847442 2.1921939377824016
2.373689229179504 2.368710525384399 2.3637318215892944 2.3587531177941896 2.353774413999085 2.34879571020398 2.3438170064088752 2.3388383026137705 2.3338595988186657 2.328880895023561 2.323902191228456 2.318923487433343 2.313944783638238 2.308966079843133 2.303987376048028 2.2990086722529233 2.2940299684578185 2.2890512646627137 2.284072560867609 2.279093857072504 2.2741151532773993 2.2691364494822945 2.2641577456871897 2.259179041892085 2.2542003380969717 2.249221634301867 2.244242930506762 2.2392642267116574 2.2342855229165526 2.229306819121448 2.2249913961191994 2.2213850352889004 2.217778674458601 2.214172313628302 2.210565952798003 2.2069595919677036 2.2033532311374047 2.1997468703070995 2.1961405094768 2.192534148646501 2.1889277878162017 2.1853214269859027 2.1817150661556033 2.1781087053253043
2.364920218679793 2.3597866052902265 2.35465299190066 2.3495193785110935 2.344385765121527 2.3392521517319604 2.334118538342394 2.3289849249528274 2.323851311563261 2.318717698173694 2.3135840847841274 2.308450471394552 2.3033168580049854 2.298183244615419 2.2930496312258524 2.287916017836286 2.2827824044467193 2.277648791057153 2.2725151776675863 2.2673815642780193 2.2622479508884528 2.2571143374988862 2.2519807241093197 2.246847110719753 2.2417134973301778 2.2365798839406112 2.2314462705510447 2.226312657161478 2.2211790437719117 2.216045430382345 2.211623306425536 2.2079617807672802 2.2043002551090245 2.200638729450769 2.1969772037925135 2.1933156781342578 2.1896541524760025 2.1859926268177405 2.182331101159485 2.1786695755012295 2.175008049842974 2.171346524184718 2.167684998526463 2.164023472868207
2.3561512081800826 2.3508626851960543 2.345574162212026 2.340285639227998 2.334997116243969 2.329708593259941 2.3244200702759126 2.3191315472918843 2.313843024307856 2.3085545013238273 2.303265978339799 2.297977455355762 2.2926889323717337 2.287400409387705 2.2821118864036767 2.2768233634196484 2.27153484043562 2.266246317451592 2.260957794467563 2.255669271483535 2.2503807484995066 2.2450922255154784 2.23980370253145 2.2345151795474214 2.2292266565633843 2.223938133579356 2.2186496105953277 2.213361087611299 2.2080725646272708 2.2027840416432425 2.1982552167318725 2.1945385262456605 2.1908218357594484 2.1871051452732364 2.1833884547870244 2.1796717643008123 2.1759550738146003 2.172238383328382 2.16852169284217 2.164805002355958 2.161088311869746 2.157371621383534 2.153654930897322 2.14993824041111
2.347382197680372 2.3419387651018817 2.3364953325233917 2.3310518999449017 2.3256084673664117 2.3201650347879212 2.3147216022094312 2.3092781696309412 2.303834737052451 2.298391304473961 2.292947871895471 2.2875044393169714 2.282061006738481 2.276617574159991 2.271174141581501 2.265730709003011 2.2602872764245205 2.2548438438460305 2.2494004112675405 2.24395697868905 2.23851354611056 2.23307011353207 2.2276266809535796 2.2221832483750896 2.2167398157965903 2.2112963832181003 2.20585295063961 2.20040951806112 2.19496608548263 2.18952265290414 2.1848871270382086 2.1811152717240403 2.177343416409872 2.1735715610957036 2.1697997057815352 2.1660278504673665 2.162255995153198 2.158484139839023 2.1547122845248547 2.1509404292106864 2.147168573896518 2.1433967185823497 2.139624863268181 2.1358530079540126
2.3386131871806612 2.3330148450077095 2.3274165028347578 2.3218181606618056 2.316219818488854 2.310621476315902 2.30502313414295 2.299424791969998 2.2938264497970464 2.2882281076240942 2.2826297654511425 2.277031423278181 2.2714330811052292 2.265834738932277 2.2602363967593253 2.2546380545863736 2.2490397124134214 2.2434413702404696 2.237843028067518 2.2322446858945657 2.226646343721614 2.2210480015486618 2.21544965937571 2.2098513172027583 2.204252975029797 2.1986546328568446 2.193056290683893 2.187457948510941 2.181859606337989 2.176261264165037 2.1715190373445457 2.1676920172024206 2.163864997060296 2.160037976918171 2.156210956776046 2.152383936633921 2.1485569164917964 2.144729896349665 2.14090287620754 2.1370758560654153 2.13324883592329 2.1294218157811655 2.1255947956390404 2.1217677754969158
2.3298441766809437 2.3240909249135298 2.318337673146116 2.312584421378702 2.3068311696112884 2.3010779178438745 2.2953246660764606 2.2895714143090466 2.283818162541633 2.2780649107742192 2.2723116590068053 2.2665584072393816 2.2608051554719677 2.2550519037045538 2.2492986519371403 2.2435454001697264 2.2377921484023124 2.2320388966348985 2.226285644867485 2.220532393100071 2.214779141332657 2.2090258895652433 2.2032726377978293 2.197519386030416 2.191766134262992 2.1860128824955782 2.1802596307281643 2.1745063789607504 2.168753127193337 2.162999875425923 2.1581509476508702 2.154268762680789 2.150386577710708 2.1465043927406264 2.142622207770545 2.1387400228004636 2.134857837830382 2.130975652860294 2.127093467890213 2.1232112829201317 2.1193290979500503 2.115446912979969 2.1115647280098875 2.107682543039806
2.3210751661812328 2.3151670048193576 2.309258843457482 2.3033506820956062 2.2974425207337306 2.291534359371855 2.2856261980099792 2.279718036648104 2.2738098752862284 2.2679017139243527 2.261993552562477 2.256085391200591 2.250177229838716 2.2442690684768403 2.2383609071149646 2.232452745753089 2.2265445843912133 2.2206364230293376 2.214728261667462 2.2088201003055863 2.202911938943711 2.1970037775818354 2.1910956162199597 2.185187454858084 2.1792792934961986 2.173371132134323 2.1674629707724473 2.1615548094105717 2.155646648048696 2.1497384866868203 2.1447828579572072 2.1408455081591695 2.1369081583611313 2.1329708085630936 2.129033458765056 2.125096108967018 2.1211587591689804 2.117221409370936 2.1132840595728983 2.10934670977486 2.1054093599768224 2.1014720101787847 2.097534660380747 2.0935973105827093
2.3123061556815223 2.306243084725185 2.3001800137688475 2.29411694281251 2.2880538718561727 2.2819908008998357 2.2759277299434983 2.269864658987161 2.2638015880308235 2.257738517074486 2.2516754461181487 2.245612375161801 2.2395493042054637 2.2334862332491263 2.227423162292789 2.2213600913364515 2.215297020380114 2.2092339494237767 2.2031708784674393 2.197107807511102 2.1910447365547645 2.184981665598427 2.1789185946420897 2.1728555236857527 2.1667924527294047 2.1607293817730673 2.1546663108167303 2.148603239860393 2.1425401689040555 2.136477097947718 2.131414768263544 2.1274222536375498 2.1234297390115553 2.1194372243855613 2.115444709759567 2.1114521951335727 2.1074596805075787 2.1034671658815776 2.0994746512555835 2.095482136629589 2.091489622003595 2.0874971073776005 2.0835045927516065 2.0795120781256125
