Figures/CREST_Example_wjb_NSE/PETs/wjb.pet.20100501.asc
ncols            288
nrows            254
xllcorner        113.274861
yllcorner        31.4918055
cellsize         0.008333333333
NODATA_value     -9999
[rows 200 to 219 of 254, columns 176 to 219 of 288]
3.0686907419645224 3.0690002139018078 3.069309685839093 3.0696191577763785 3.069928629713664 3.0702381016509497 3.0705475735882355 3.070857045525521 3.0711665174628067 3.071475989400092 3.0717854613373774 3.0720949332746628 3.0724044052119486 3.072713877149234 3.0730233490865193 3.0733328210238047 3.0724043351515347 3.0701524443700636 3.067900553588593 3.065648662807118 3.063396772025647 3.0611448812441764 3.0588929904627054 3.0566410996812343 3.0543892088997633 3.0521373181182923 3.0498854273368217 3.0476335365553506 3.0453816457738796 3.0431297549924086 3.0408778642109375 3.038625973429467 3.036374082647992 3.034122191866521 3.0318703010850503 3.0296184103035793 3.0273665195221082 3.025114628740637 3.022862737959166 3.0206108471776956 3.0183589563962245 3.0161070656147535 3.0138551748332825 3.0116032840518114
3.0672454192082426 3.0675868807366014 3.0679283422649597 3.068269803793318 3.0686112653216764 3.0689527268500347 3.069294188378394 3.0696356499067523 3.0699771114351107 3.0703185729634694 3.070660034491828 3.071001496020186 3.0713429575485445 3.071684419076903 3.0720258806052616 3.07236734213362 3.0714824561461693 3.0692865769162343 3.0670906976862993 3.0648948184563607 3.0626989392264257 3.0605030599964906 3.0583071807665556 3.0561113015366206 3.0539154223066856 3.051719543076751 3.049523663846816 3.047327784616881 3.045131905386946 3.042936026157011 3.040740146927076 3.038544267697141 3.0363483884672022 3.034152509237267 3.031956630007332 3.029760750777397 3.027564871547462 3.025368992317527 3.023173113087592 3.0209772338576575 3.0187813546277225 3.0165854753977874 3.0143895961678524 3.0121937169379174
3.0658000964519636 3.066173547571395 3.0665469986908263 3.0669204498102576 3.067293900929689 3.0676673520491207 3.0680408031685524 3.0684142542879838 3.0687877054074155 3.069161156526847 3.069534607646278 3.0699080587657095 3.070281509885141 3.070654961004572 3.0710284121240035 3.0714018632434352 3.070560577140804 3.068420709462405 3.066280841784006 3.0641409741056034 3.0620011064272044 3.0598612387488053 3.0577213710704063 3.0555815033920073 3.0534416357136083 3.0513017680352092 3.0491619003568102 3.047022032678411 3.044882165000012 3.042742297321613 3.040602429643214 3.038462561964815 3.0363226942864125 3.0341828266080135 3.0320429589296145 3.0299030912512155 3.0277632235728165 3.0256233558944174 3.0234834882160184 3.0213436205376194 3.0192037528592204 3.0170638851808214 3.0149240175024223 3.0127841498240233
3.0643547736956847 3.064760214406189 3.0651656551166933 3.0655710958271976 3.065976536537702 3.066381977248206 3.0667874179587113 3.0671928586692156 3.06759829937972 3.0680037400902247 3.068409180800729 3.0688146215112333 3.0692200622217376 3.069625502932242 3.070030943642746 3.0704363843532505 3.069638698135439 3.0675548420085756 3.0654709858817126 3.063387129754846 3.061303273627983 3.05921941750112 3.057135561374257 3.055051705247394 3.052967849120531 3.050883992993668 3.048800136866805 3.046716280739942 3.044632424613079 3.0425485684862155 3.0404647123593525 3.0383808562324894 3.036297000105623 3.03421314397876 3.032129287851897 3.030045431725034 3.027961575598171 3.025877719471308 3.0237938633444448 3.0217100072175818 3.0196261510907183 3.0175422949638553 3.0154584388369923 3.0133745827101293
3.062909450939405 3.063346881240982 3.0637843115425594 3.0642217418441366 3.064659172145714 3.065096602447291 3.0655340327488694 3.0659714630504467 3.066408893352024 3.066846323653601 3.0672837539551785 3.067721184256756 3.0681586145583335 3.0685960448599108 3.069033475161488 3.0694709054630653 3.068716819130073 3.066688974554746 3.064661129979419 3.0626332854040883 3.0606054408287613 3.0585775962534343 3.0565497516781073 3.0545219071027803 3.0524940625274533 3.0504662179521262 3.048438373376799 3.046410528801472 3.0443826842261448 3.0423548396508178 3.0403269950754908 3.0382991505001637 3.036271305924833 3.034243461349506 3.032215616774179 3.030187772198852 3.0281599276235247 3.0261320830481977 3.0241042384728707 3.0220763938975437 3.0200485493222167 3.0180207047468897 3.0159928601715627 3.0139650155962356
3.0614641281831254 3.0619335480757757 3.062402967968426 3.062872387861076 3.0633418077537264 3.0638112276463767 3.064280647539028 3.064750067431678 3.0652194873243284 3.0656889072169786 3.066158327109629 3.066627747002279 3.06709716689493 3.06756658678758 3.0680360066802304 3.0685054265728806 3.0677949401247075 3.0658231071009165 3.0638512740771255 3.061879441053331 3.05990760802954 3.0579357750057485 3.0559639419819575 3.0539921089581665 3.0520202759343755 3.0500484429105845 3.048076609886793 3.046104776863002 3.044132943839211 3.04216111081542 3.040189277791629 3.0382174447678376 3.0362456117440435 3.034273778720252 3.032301945696461 3.03033011267267 3.028358279648879 3.026386446625088 3.0244146136012966 3.0224427805775056 3.0204709475537146 3.0184991145299236 3.0165272815061326 3.014555448482341
3.0600188054268465 3.0605202149105697 3.061021624394293 3.061523033878016 3.0620244433617394 3.0625258528454626 3.0630272623291868 3.06352867181291 3.0640300812966332 3.0645314907803565 3.0650329002640797 3.065534309747803 3.066035719231526 3.0665371287152494 3.0670385381989727 3.067539947682696 3.0668730611193427 3.0649572396470877 3.063041418174832 3.0611255967025737 3.0592097752303187 3.0572939537580637 3.0553781322858082 3.0534623108135532 3.0515464893412982 3.049630667869043 3.047714846396788 3.045799024924533 3.0438832034522774 3.0419673819800224 3.0400515605077674 3.038135739035512 3.036219917563254 3.0343040960909984 3.0323882746187434 3.0304724531464884 3.028556631674233 3.026640810201978 3.024724988729723 3.0228091672574675 3.0208933457852125 3.0189775243129575 3.017061702840702 3.015145881368447
3.0585734826705666 3.059106881745363 3.059640280820159 3.0601736798949553 3.0607070789697515 3.0612404780445477 3.061773877119345 3.062307276194141 3.062840675268937 3.0633740743437334 3.0639074734185296 3.064440872493326 3.064974271568122 3.0655076706429183 3.0660410697177145 3.0665744687925107 3.065951182113977 3.0640913721932574 3.0622315622725385 3.060371752351816 3.058511942431097 3.056652132510378 3.0547923225896585 3.0529325126689395 3.0510727027482205 3.049212892827501 3.047353082906782 3.0454932729860626 3.0436334630653437 3.0417736531446247 3.0399138432239052 3.0380540333031862 3.036194223382464 3.0343344134617447 3.0324746035410257 3.0306147936203063 3.0287549836995873 3.0268951737788683 3.025035363858149 3.02317555393743 3.021315744016711 3.0194559340959914 3.0175961241752725 3.0157363142545535
3.060079491247203 3.060608804203441 3.0611381171596785 3.061667430115916 3.062196743072154 3.0627260560283918 3.0632553689846302 3.0637846819408683 3.064313994897106 3.0648433078533435 3.0653726208095815 3.065901933765819 3.0664312467220567 3.0669605596782947 3.0674898726345323 3.06801918559077 3.06742007131426 3.0656146427934625 3.0638092142726645 3.062003785751864 3.0601983572310663 3.0583929287102682 3.0565875001894707 3.0547820716686727 3.052976643147875 3.051171214627077 3.0493657861062795 3.0475603575854815 3.045754929064684 3.0439495005438864 3.0421440720230883 3.0403386435022908 3.0385332149814896 3.036727786460692 3.034922357939894 3.0331169294190965 3.031311500898299 3.029506072377501 3.0277006438567033 3.0258952153359053 3.0240897868151078 3.0222843582943097 3.020478929773512 3.018673501252714
3.064740287003121 3.0652269511809727 3.065713615358825 3.0662002795366767 3.0666869437145285 3.067173607892381 3.0676602720702335 3.0681469362480858 3.0686336004259376 3.06912026460379 3.0696069287816417 3.070093592959494 3.0705802571373457 3.071066921315198 3.07155358549305 3.072040249670902 3.071444541041777 3.0696917513915696 3.067938961741362 3.066186172091151 3.0644333824409435 3.062680592790736 3.0609278031405283 3.0591750134903206 3.057422223840113 3.0556694341899053 3.0539166445396977 3.05216385488949 3.050411065239282 3.0486582755890743 3.0469054859388667 3.045152696288659 3.0433999066384483 3.0416471169882406 3.039894327338033 3.0381415376878254 3.0363887480376177 3.03463595838741 3.0328831687372024 3.031130379086995 3.0293775894367867 3.027624799786579 3.0258720101363714 3.0241192204861638
3.0694010827590406 3.0698450981585066 3.070289113557973 3.070733128957439 3.0711771443569056 3.071621159756372 3.072065175155839 3.072509190555305 3.0729532059547715 3.073397221354238 3.073841236753704 3.0742852521531705 3.0747292675526365 3.075173282952103 3.075617298351569 3.0760613137510355 3.0754690107692966 3.073768859989679 3.072068709210061 3.0703685584304408 3.068668407650823 3.066968256871206 3.065268106091588 3.0635679553119703 3.061867804532353 3.0601676537527354 3.0584675029731176 3.0567673521935 3.0550672014138827 3.053367050634265 3.0516668998546472 3.04996674907503 3.048266598295409 3.046566447515792 3.044866296736174 3.0431661459565564 3.041465995176939 3.0397658443973214 3.0380656936177037 3.0363655428380865 3.0346653920584687 3.032965241278851 3.0312650904992333 3.029564939719616
3.074061878514958 3.0744632451360387 3.074864611757119 3.0752659783781997 3.0756673449992804 3.0760687116203607 3.076470078241442 3.0768714448625225 3.077272811483603 3.0776741781046835 3.078075544725764 3.078476911346845 3.078878277967925 3.079279644589006 3.0796810112100865 3.080082377831167 3.0794934804968133 3.0778459685877855 3.076198456678758 3.0745509447697277 3.0729034328607003 3.071255920951673 3.0696084090426456 3.067960897133618 3.0663133852245905 3.064665873315563 3.0630183614065354 3.061370849497508 3.0597233375884807 3.058075825679453 3.0564283137704256 3.054780801861398 3.0531332899523678 3.0514857780433404 3.0498382661343126 3.0481907542252853 3.046543242316258 3.04489573040723 3.043248218498203 3.0416007065891755 3.0399531946801477 3.0383056827711203 3.036658170862093 3.035010658953065
3.0787226742708755 3.0790813921135705 3.0794401099562654 3.07979882779896 3.080157545641655 3.0805162634843497 3.080874981327045 3.08123369916974 3.081592417012435 3.08195113485513 3.0823098526978248 3.0826685705405192 3.083027288383214 3.083386006225909 3.083744724068604 3.084103441911299 3.0835179502243304 3.081923077185893 3.0803282041474556 3.0787333311090155 3.077138458070578 3.0755435850321406 3.0739487119937032 3.072353838955266 3.0707589659168284 3.069164092878391 3.0675692198399536 3.065974346801516 3.0643794737630787 3.0627846007246418 3.0611897276862043 3.059594854647767 3.057999981609327 3.0564051085708894 3.054810235532452 3.0532153624940146 3.051620489455577 3.0500256164171398 3.0484307433787023 3.046835870340265 3.0452409973018275 3.04364612426339 3.0420512512249527 3.0404563781865153
3.0833834700267952 3.0836995390911044 3.0840156081554135 3.0843316772197227 3.084647746284032 3.084963815348341 3.0852798844126506 3.0855959534769597 3.085912022541269 3.086228091605578 3.0865441606698867 3.086860229734196 3.087176298798505 3.087492367862814 3.0878084369271233 3.0881245059914324 3.0875424199518493 3.086000185784002 3.0844579516161548 3.0829157174483046 3.0813734832804576 3.07983124911261 3.078289014944763 3.0767467807769155 3.0752045466090685 3.073662312441221 3.0721200782733735 3.0705778441055265 3.069035609937679 3.067493375769832 3.0659511416019845 3.0644089074341374 3.0628666732662873 3.06132443909844 3.0597822049305927 3.0582399707627452 3.056697736594898 3.0551555024270507 3.0536132682592037 3.052071034091356 3.050528799923509 3.0489865657556616 3.047444331587814 3.045902097419967
3.088044265782713 3.0883176860686365 3.08859110635456 3.0888645266404833 3.0891379469264066 3.08941136721233 3.089684787498254 3.089958207784177 3.0902316280701005 3.090505048356024 3.0907784686419473 3.0910518889278706 3.091325309213794 3.0915987294997174 3.0918721497856407 3.092145570071564 3.0915668896793664 3.0900772943821093 3.088587699084852 3.0870981037875924 3.0856085084903353 3.0841189131930777 3.0826293178958206 3.0811397225985635 3.0796501273013064 3.0781605320040493 3.076670936706792 3.0751813414095346 3.0736917461122775 3.0722021508150203 3.0707125555177632 3.069222960220506 3.0677333649232463 3.0662437696259888 3.0647541743287317 3.0632645790314745 3.0617749837342174 3.0602853884369603 3.058795793139703 3.0573061978424456 3.0558166025451885 3.0543270072479314 3.0528374119506743 3.051347816653417
3.0927050615386307 3.0929358330461683 3.093166604553706 3.0933973760612434 3.0936281475687815 3.093858919076319 3.094089690583857 3.0943204620913947 3.0945512335989322 3.09478200510647 3.095012776614008 3.0952435481215455 3.095474319629083 3.0957050911366206 3.095935862644158 3.0961666341516962 3.0955913594068836 3.0941544029802164 3.0927174465535496 3.0912804901268798 3.0898435337002126 3.0884065772735454 3.0869696208468786 3.0855326644202115 3.0840957079935443 3.082658751566877 3.08122179514021 3.0797848387135427 3.078347882286876 3.0769109258602088 3.0754739694335416 3.0740370130068744 3.072600056580205 3.0711631001535378 3.0697261437268706 3.0682891873002034 3.066852230873536 3.065415274446869 3.0639783180202023 3.062541361593535 3.061104405166868 3.0596674487402007 3.0582304923135335 3.0567935358868663
3.097365857294548 3.0975539800237 3.0977421027528522 3.097930225482004 3.098118348211156 3.0983064709403076 3.09849459366946 3.098682716398612 3.098870839127764 3.0990589618569158 3.0992470845860676 3.09943520731522 3.0996233300443716 3.0998114527735234 3.0999995755026757 3.1001876982318275 3.0996158291344003 3.0982315115783234 3.096847194022246 3.095462876466167 3.09407855891009 3.092694241354013 3.091309923797936 3.089925606241859 3.0885412886857817 3.087156971129705 3.0857726535736276 3.084388336017551 3.0830040184614735 3.0816197009053967 3.0802353833493195 3.0788510657932426 3.077466748237163 3.0760824306810863 3.074698113125009 3.0733137955689322 3.071929478012855 3.070545160456778 3.069160842900701 3.067776525344624 3.066392207788547 3.06500789023247 3.063623572676393 3.062239255120316
3.102026653050468 3.1021721270012343 3.1023176009520004 3.1024630749027664 3.102608548853533 3.102754022804299 3.1028994967550654 3.1030449707058314 3.103190444656598 3.103335918607364 3.10348139255813 3.1036268665088964 3.1037723404596624 3.1039178144104285 3.104063288361195 3.104208762311961 3.1036402988619196 3.1023086201764323 3.1009769414909454 3.0996452628054563 3.0983135841199694 3.0969819054344825 3.0956502267489956 3.0943185480635087 3.092986869378022 3.091655190692535 3.090323512007048 3.088991833321561 3.0876601546360742 3.0863284759505873 3.0849967972651005 3.0836651185796136 3.082333439894124 3.081001761208637 3.07967008252315 3.0783384038376633 3.0770067251521764 3.0756750464666895 3.0743433677812027 3.0730116890957158 3.071680010410229 3.070348331724742 3.069016653039255 3.067684974353768
3.1066874488063854 3.106790273978766 3.1068930991511463 3.106995924323527 3.1070987494959073 3.107201574668288 3.1073043998406686 3.107407225013049 3.1075100501854296 3.10761287535781 3.1077157005301905 3.1078185257025708 3.1079213508749515 3.1080241760473317 3.1081270012197124 3.1082298263920927 3.1076647685894367 3.10638572877454 3.105106688959643 3.103827649144744 3.102548609329847 3.10126956951495 3.099990529700053 3.0987114898851567 3.0974324500702597 3.0961534102553627 3.094874370440466 3.0935953306255692 3.0923162908106723 3.0910372509957753 3.089758211180879 3.088479171365982 3.0872001315510826 3.085921091736186 3.084642051921289 3.083363012106392 3.082083972291495 3.0808049324765987 3.0795258926617017 3.0782468528468048 3.0769678130319082 3.0756887732170113 3.0744097334021143 3.0731306935872174
3.1113482445623033 3.111408420956298 3.1114685973502927 3.1115287737442876 3.1115889501382825 3.111649126532277 3.111709302926272 3.111769479320267 3.1118296557142613 3.111889832108256 3.111950008502251 3.1120101848962456 3.1120703612902405 3.112130537684235 3.11219071407823 3.112250890472225 3.111689238316954 3.110462837372647 3.1092364364283402 3.1080100354840314 3.106783634539725 3.105557233595418 3.104330832651111 3.1031044317068046 3.1018780307624976 3.100651629818191 3.0994252288738844 3.0981988279295773 3.0969724269852708 3.095746026040964 3.094519625096657 3.0932932241523505 3.0920668232080417 3.090840422263735 3.089614021319428 3.0883876203751215 3.087161219430815 3.085934818486508 3.0847084175422013 3.0834820165978947 3.0822556156535876 3.081029214709281 3.0798028137649744 3.0785764128206674
