Figures/CREST_Example_wjb_NSE/PETs/wjb.pet.20091102.asc
ncols            288
nrows            254
xllcorner        113.274861
yllcorner        31.4918055
cellsize         0.008333333333
NODATA_value     -9999
[rows 140 to 159 of 254, columns 0 to 43 of 288]
-9999.0 1.0768773330250607 1.0761129137409038 1.075348494456747 1.0745840751725904 1.0738196558884334 1.0730552366042767 1.07229081732012 1.071526398035963 1.0707619787518063 1.0699975594676494 1.0692331401834927 1.0689352400582872 1.0691360594553685 1.0693368788524493 1.0695376982495302 1.069738517646611 1.069939337043692 1.0701401564407729 1.0703409758378537 1.0705417952349345 1.0707426146320154 1.0709434340290964 1.0711442534261773 1.071345072823258 1.071545892220339 1.0717467116174202 1.071947531014501 1.0721483504115819 1.072349169808663 1.0725499892057437 1.0727508086028246 1.0729516279999054 1.0731524473969862 1.0733532667940673 1.0735540861911481 1.073754905588229 1.0739557249853098 1.0741565443823906 1.0743573637794719 1.0745581831765527 1.0747590025736338 1.07459765750211 1.0740491504283982
-9999.0 -9999.0 1.0779060835889716 1.077129716883004 1.0763533501770366 1.0755769834710691 1.0748006167651016 1.0740242500591342 1.0732478833531667 1.072471516647199 1.0716951499412315 1.070918783235264 1.070613560889705 1.0708120025113002 1.0710104441328951 1.07120888575449 1.071407327376085 1.07160576899768 1.0718042106192749 1.0720026522408697 1.0722010938624646 1.0723995354840596 1.0725979771056544 1.0727964187272494 1.0729948603488444 1.0731933019704392 1.0733917435920346 1.0735901852136294 1.0737886268352244 1.0739870684568193 1.0741855100784141 1.074383951700009 1.074582393321604 1.074780834943199 1.0749792765647939 1.0751777181863889 1.0753761598079838 1.0755746014295786 1.0757730430511736 1.0759714846727688 1.0761699262943638 1.0763683679159588 1.0762177425132204 1.0756939565722345
-9999.0 -9999.0 1.0796992534370398 1.0789109393092615 1.0781226251814833 1.077334311053705 1.0765459969259268 1.0757576827981485 1.0749693686703703 1.074181054542592 1.0733927404148138 1.0726044262870356 1.0722918817211229 1.072487945567232 1.072684009413341 1.0728800732594501 1.073076137105559 1.073272200951668 1.073468264797777 1.0736643286438858 1.0738603924899948 1.0740564563361037 1.0742525201822128 1.0744485840283218 1.0746446478744307 1.0748407117205396 1.075036775566649 1.075232839412758 1.0754289032588669 1.0756249671049758 1.0758210309510847 1.0760170947971939 1.0762131586433028 1.0764092224894117 1.0766052863355207 1.0768013501816296 1.0769974140277385 1.0771934778738477 1.0773895417199566 1.0775856055660658 1.077781669412175 1.0779777332582838 1.077837827524331 1.077338762716071
-9999.0 -9999.0 1.0814924232851078 1.0806921617355187 1.0798919001859297 1.0790916386363407 1.078291377086752 1.077491115537163 1.076690853987574 1.075890592437985 1.0750903308883961 1.074290069338807 1.0739702025525406 1.074163888623164 1.074357574693787 1.07455126076441 1.074744946835033 1.074938632905656 1.0751323189762791 1.075326005046902 1.075519691117525 1.075713377188148 1.075907063258771 1.0761007493293941 1.076294435400017 1.07648812147064 1.0766818075412634 1.0768754936118865 1.0770691796825094 1.0772628657531325 1.0774565518237555 1.0776502378943784 1.0778439239650015 1.0780376100356244 1.0782312961062475 1.0784249821768706 1.0786186682474934 1.0788123543181165 1.0790060403887396 1.079199726459363 1.0793934125299858 1.0795870986006089 1.0794579125354415 1.0789835688599076
-9999.0 -9999.0 1.083285593133177 1.0824733841617773 1.0816611751903777 1.080848966218978 1.0800367572475784 1.0792245482761786 1.078412339304779 1.0776001303333793 1.0767879213619795 1.07597571239058 1.0756485233839599 1.0758398316790974 1.0760311399742344 1.0762224482693714 1.0764137565645084 1.0766050648596455 1.0767963731547825 1.0769876814499195 1.0771789897450565 1.0773702980401936 1.0775616063353306 1.0777529146304676 1.0779442229256049 1.078135531220742 1.0783268395158792 1.0785181478110162 1.0787094561061532 1.0789007644012902 1.0790920726964275 1.0792833809915645 1.0794746892867015 1.0796659975818386 1.0798573058769756 1.0800486141721126 1.0802399224672496 1.0804312307623867 1.0806225390575237 1.0808138473526612 1.0810051556477982 1.0811964639429352 1.0810779975465534 1.0806283750037455
-9999.0 -9999.0 1.085078762981245 1.0842546065880347 1.0834304501948242 1.0826062938016139 1.0817821374084036 1.080957981015193 1.0801338246219827 1.0793096682287722 1.0784855118355618 1.0776613554423515 1.0773268442153778 1.0775157747350292 1.0777047052546802 1.0778936357743314 1.0780825662939824 1.0782714968136335 1.0784604273332847 1.0786493578529357 1.0788382883725869 1.0790272188922378 1.079216149411889 1.07940507993154 1.0795940104511912 1.0797829409708422 1.0799718714904936 1.0801608020101447 1.080349732529796 1.080538663049447 1.080727593569098 1.080916524088749 1.0811054546084002 1.0812943851280512 1.0814833156477024 1.0816722461673534 1.0818611766870045 1.0820501072066555 1.0822390377263067 1.082427968245958 1.0826168987656093 1.0828058292852603 1.082698082557664 1.0822731811475819
1.0885441404593552 1.0877080366443341 1.086871932829313 1.086035829014292 1.0851997251992709 1.0843636213842496 1.0835275175692285 1.0826914137542074 1.0818553099391863 1.0810192061241652 1.0801831023091442 1.079346998494123 1.0790051650467956 1.0791917177909611 1.0793782705351262 1.0795648232792914 1.0797513760234565 1.0799379287676216 1.0801244815117867 1.0803110342559519 1.080497587000117 1.0806841397442821 1.0808706924884472 1.0810572452326124 1.0812437979767775 1.0814303507209426 1.0816169034651082 1.0818034562092733 1.0819900089534384 1.0821765616976036 1.0823631144417687 1.0825496671859338 1.082736219930099 1.082922772674264 1.0831093254184292 1.0832958781625943 1.0834824309067594 1.0836689836509246 1.0838555363950897 1.084042089139255 1.0842286418834202 1.0844151946275853 1.0843181675687745 1.0839179872914184
1.0903612051510447 1.0895131539142129 1.088665102677381 1.0878170514405492 1.0869690002037173 1.0861209489668855 1.0852728977300536 1.0844248464932218 1.08357679525639 1.0827287440195583 1.0818806927827265 1.0810326415458946 1.0806834858782135 1.080867660846893 1.0810518358155723 1.0812360107842514 1.0814201857529306 1.0816043607216097 1.081788535690289 1.081972710658968 1.0821568856276471 1.0823410605963264 1.0825252355650055 1.0827094105336847 1.0828935855023638 1.083077760471043 1.0832619354397226 1.0834461104084017 1.083630285377081 1.08381446034576 1.0839986353144393 1.0841828102831184 1.0843669852517976 1.0845511602204767 1.084735335189156 1.084919510157835 1.0851036851265143 1.0852878600951934 1.0854720350638727 1.085656210032552 1.0858403850012313 1.0860245599699103 1.085938252579885 1.085562793435255
-9999.0 1.091109063103612 1.0902747654986285 1.0894404678936447 1.0886061702886611 1.0877718726836776 1.0869375750786938 1.0861032774737103 1.0852689798687265 1.084434682263743 1.0836003846587594 1.0827660870537756 1.0824243194690504 1.0826090776050847 1.0827938357411186 1.0829785938771528 1.0831633520131867 1.0833481101492208 1.0835328682852547 1.0837176264212889 1.0839023845573228 1.084087142693357 1.0842719008293908 1.084456658965425 1.084641417101459 1.084826175237493 1.0850109333735274 1.0851956915095613 1.0853804496455954 1.0855652077816293 1.0857499659176635 1.0859347240536974 1.0861194821897315 1.0863042403257654 1.0864889984617996 1.0866737565978335 1.0868585147338676 1.0870432728699015 1.0872280310059357 1.08741278914197 1.087597547278004 1.087782305414038 1.087712995576383 1.0873720813326844
-9999.0 1.0924813420430306 1.0916882708761144 1.0908951997091982 1.090102128542282 1.0893090573753659 1.0885159862084497 1.0877229150415335 1.0869298438746173 1.0861367727077011 1.085343701540785 1.084550630373869 1.0842319752590293 1.0844204816236633 1.0846089879882972 1.084797494352931 1.084986000717565 1.0851745070821988 1.0853630134468328 1.0855515198114667 1.0857400261761005 1.0859285325407344 1.0861170389053683 1.0863055452700021 1.086494051634636 1.0866825579992698 1.0868710643639041 1.087059570728538 1.0872480770931718 1.0874365834578057 1.0876250898224396 1.0878135961870734 1.0880021025517073 1.0881906089163411 1.0883791152809752 1.088567621645609 1.088756128010243 1.0889446343748768 1.0891331407395106 1.089321647104145 1.0895101534687788 1.0896986598334126 1.0896530582099344 1.089357189856109
-9999.0 -9999.0 1.0931017762536017 1.092349931524753 1.0915980867959043 1.0908462420670557 1.090094397338207 1.0893425526093583 1.0885907078805097 1.087838863151661 1.0870870184228123 1.0863351736939637 1.0860396310490095 1.0862318856422435 1.0864241402354773 1.086616394828711 1.0868086494219449 1.0870009040151785 1.0871931586084123 1.087385413201646 1.0875776677948796 1.0877699223881134 1.0879621769813472 1.088154431574581 1.0883466861678146 1.0885389407610484 1.0887311953542824 1.0889234499475162 1.08911570454075 1.0893079591339836 1.0895002137272174 1.0896924683204512 1.089884722913685 1.0900769775069186 1.0902692321001524 1.0904614866933862 1.0906537412866197 1.0908459958798535 1.0910382504730873 1.0912305050663214 1.0914227596595552 1.0916150142527887 1.091593120843488 1.0913422983795356
-9999.0 -9999.0 -9999.0 -9999.0 -9999.0 -9999.0 1.0916728084679626 1.0909621901771813 1.0902515718864003 1.089540953595619 1.0888303353048379 1.0881197170140566 1.0878472868389881 1.088043289660822 1.0882392924826556 1.0884352953044891 1.0886312981263229 1.0888273009481564 1.0890233037699901 1.0892193065918236 1.0894153094136572 1.089611312235491 1.0898073150573244 1.090003317879158 1.0901993207009917 1.0903953235228252 1.0905913263446592 1.090787329166493 1.0909833319883264 1.09117933481016 1.0913753376319937 1.0915713404538272 1.0917673432756607 1.0919633460974945 1.092159348919328 1.0923553517411617 1.0925513545629952 1.0927473573848288 1.0929433602066625 1.0931393630284965 1.09333536585033 1.0935313686721635 1.0935331834770396 1.0933274069029604
-9999.0 -9999.0 -9999.0 -9999.0 -9999.0 1.0939206114504323 1.0932512195977184 1.0925818277450048 1.091912435892291 1.0912430440395773 1.0905736521868634 1.0899042603341498 1.089654942628967 1.0898546936794007 1.0900544447298341 1.0902541957802676 1.090453946830701 1.0906536978811345 1.090853448931568 1.0910531999820015 1.091252951032435 1.0914527020828684 1.0916524531333018 1.0918522041837353 1.0920519552341688 1.0922517062846022 1.0924514573350361 1.0926512083854696 1.092850959435903 1.0930507104863365 1.09325046153677 1.0934502125872034 1.093649963637637 1.0938497146880704 1.0940494657385038 1.0942492167889373 1.0944489678393707 1.0946487188898042 1.0948484699402377 1.0950482209906713 1.0952479720411048 1.0954477230915383 1.0954732461105914 1.0953125154263854
-9999.0 -9999.0 -9999.0 -9999.0 1.0960859615567669 1.0954577961421206 1.0948296307274743 1.094201465312828 1.0935732998981817 1.0929451344835355 1.0923169690688892 1.091688803654243 1.0914625984189457 1.0916660976979793 1.0918695969770127 1.0920730962560459 1.0922765955350793 1.0924800948141127 1.0926835940931459 1.0928870933721793 1.0930905926512124 1.0932940919302458 1.0934975912092793 1.0937010904883124 1.0939045897673458 1.094108089046379 1.0943115883254126 1.094515087604446 1.0947185868834794 1.0949220861625126 1.095125585441546 1.0953290847205792 1.0955325839996126 1.095736083278646 1.0959395825576792 1.0961430818367126 1.0963465811157458 1.0965500803947792 1.0967535796738126 1.0969570789528462 1.0971605782318794 1.0973640775109128 1.097413308744143 1.09729762394981
-9999.0 -9999.0 -9999.0 -9999.0 1.0975819198103878 1.096994980833809 1.0964080418572302 1.0958211028806513 1.0952341639040726 1.0946472249274937 1.094060285950915 1.093473346974336 1.0932702542089245 1.093477501716558 1.0936847492241912 1.0938919967318244 1.0940992442394575 1.0943064917470906 1.094513739254724 1.094720986762357 1.0949282342699902 1.0951354817776233 1.0953427292852564 1.0955499767928898 1.095757224300523 1.095964471808156 1.0961717193157896 1.0963789668234227 1.0965862143310559 1.0967934618386892 1.0970007093463223 1.0972079568539554 1.0974152043615886 1.0976224518692217 1.097829699376855 1.0980369468844882 1.0982441943921213 1.0984514418997544 1.0986586894073875 1.098865936915021 1.0990731844226542 1.0992804319302876 1.0993533713776948 1.099282732473235
-9999.0 -9999.0 -9999.0 -9999.0 -9999.0 -9999.0 1.0979864529869858 1.0974407404484745 1.0968950279099632 1.0963493153714519 1.0958036028329405 1.0952578902944292 1.095077909998903 1.0952889057351365 1.0954999014713696 1.0957108972076026 1.0959218929438357 1.0961328886800685 1.0963438844163016 1.0965548801525347 1.0967658758887677 1.0969768716250008 1.0971878673612339 1.097398863097467 1.0976098588336998 1.0978208545699328 1.0980318503061663 1.0982428460423994 1.0984538417786325 1.0986648375148653 1.0988758332510984 1.0990868289873315 1.0992978247235645 1.0995088204597976 1.0997198161960307 1.0999308119322637 1.1001418076684966 1.1003528034047296 1.1005637991409627 1.1007747948771962 1.1009857906134293 1.1011967863496621 1.1012934340112466 1.1012678409966599
-9999.0 -9999.0 -9999.0 -9999.0 -9999.0 -9999.0 -9999.0 -9999.0 1.098555891915854 1.09805140581541 1.097546919714966 1.0970424336145224 1.0968855657888819 1.097100309753715 1.097315053718548 1.0975297976833809 1.097744541648214 1.0979592856130467 1.0981740295778795 1.0983887735427125 1.0986035175075453 1.0988182614723783 1.099033005437211 1.099247749402044 1.0994624933668768 1.0996772373317099 1.099891981296543 1.1001067252613759 1.1003214692262089 1.1005362131910417 1.1007509571558747 1.1009657011207075 1.1011804450855402 1.1013951890503733 1.101609933015206 1.101824676980039 1.1020394209448718 1.1022541649097048 1.1024689088745376 1.1026836528393709 1.1028983968042039 1.1031131407690367 1.103233496644798 1.1032529495200845
-9999.0 -9999.0 -9999.0 -9999.0 -9999.0 -9999.0 -9999.0 -9999.0 -9999.0 1.0997534962593698 -9999.0 -9999.0 -9999.0 1.0989117137722955 1.0991302059657282 1.099348698159161 1.0995671903525936 1.0997856825460264 1.100004174739459 1.1002226669328918 1.1004411591263246 1.1006596513197573 1.1008781435131902 1.101096635706623 1.1013151279000557 1.1015336200934884 1.1017521122869216 1.1019706044803543 1.102189096673787 1.1024075888672198 1.1026260810606525 1.1028445732540852 1.103063065447518 1.1032815576409507 1.1035000498343837 1.1037185420278164 1.1039370342212491 1.1041555264146818 1.1043740186081146 1.1045925108015477 1.1048110029949805 1.1050294951884132 1.1051735592783516 1.1052380580435113
-9999.0 -9999.0 -9999.0 -9999.0 -9999.0 -9999.0 -9999.0 -9999.0 -9999.0 -9999.0 -9999.0 -9999.0 -9999.0 -9999.0 1.1009453582129065 1.101167598634939 1.1013898390569716 1.1016120794790043 1.101834319901037 1.1020565603230694 1.102278800745102 1.1025010411671348 1.1027232815891672 1.1029455220111999 1.1031677624332326 1.1033900028552652 1.1036122432772981 1.1038344836993308 1.1040567241213635 1.104278964543396 1.1045012049654286 1.1047234453874613 1.1049456858094937 1.1051679262315264 1.105390166653559 1.1056124070755917 1.1058346474976242 1.1060568879196568 1.1062791283416895 1.1065013687637224 1.106723609185755 1.1069458496077877 1.1071136219119033 1.1072231665669359
-9999.0 -9999.0 -9999.0 -9999.0 -9999.0 -9999.0 -9999.0 -9999.0 -9999.0 -9999.0 -9999.0 -9999.0 -9999.0 -9999.0 -9999.0 -9999.0 1.1032124877613498 1.1034384764119824 1.1036644650626148 1.1038904537132472 1.1041164423638798 1.1043424310145122 1.1045684196651446 1.1047944083157772 1.1050203969664096 1.105246385617042 1.105472374267675 1.1056983629183075 1.1059243515689399 1.1061503402195725 1.1063763288702049 1.1066023175208373 1.1068283061714699 1.1070542948221023 1.1072802834727347 1.1075062721233673 1.1077322607739997 1.107958249424632 1.1081842380752647 1.1084102267258975 1.10863621537653 1.1088622040271625 1.109053684545455 1.109208275090361
