Figures/CREST_Example_wjb_NSE/PETs/wjb.pet.20090409.asc
ncols            288
nrows            254
xllcorner        113.274861
yllcorner        31.4918055
cellsize         0.008333333333
NODATA_value     -9999
[rows 160 to 179 of 254, columns 176 to 219 of 288]
2.8895883713221875 2.8896595483730616 2.8897307254239357 2.88980190247481 2.889873079525684 2.8899442565765585 2.8900154336274326 2.8900866106783067 2.890157787729181 2.890228964780055 2.890300141830929 2.890371318881803 2.8904424959326773 2.8905136729835514 2.8905848500344256 2.8906560270852997 2.8905982112878754 2.8904024992169495 2.8902067871460235 2.8900110750750967 2.8898153630041707 2.889619650933245 2.8894239388623184 2.8892282267913925 2.8890325147204665 2.88883680264954 2.888641090578614 2.8884453785076882 2.888249666436762 2.888053954365836 2.88785824229491 2.8876625302239836 2.887466818153057 2.8872711060821312 2.887075394011205 2.886879681940279 2.886683969869353 2.8864882577984265 2.8862925457275006 2.8860968336565747 2.8859011215856483 2.8857054095147223 2.8855096974437964 2.88531398537287
2.883457190692988 2.8835125142362292 2.883567837779471 2.883623161322712 2.883678484865954 2.883733808409195 2.8837891319524367 2.8838444554956784 2.8838997790389196 2.8839551025821613 2.884010426125403 2.884065749668644 2.884121073211886 2.884176396755127 2.8842317202983687 2.88428704384161 2.884224821647804 2.8840369404014337 2.883849059155063 2.8836611779086923 2.8834732966623218 2.883285415415951 2.8830975341695804 2.88290965292321 2.882721771676839 2.8825338904304685 2.882346009184098 2.8821581279377275 2.8819702466913566 2.881782365444986 2.8815944841986156 2.8814066029522447 2.881218721705874 2.8810308404595033 2.880842959213133 2.880655077966762 2.8804671967203914 2.880279315474021 2.8800914342276505 2.8799035529812795 2.879715671734909 2.8795277904885386 2.8793399092421676 2.879152027995797
2.877326010063788 2.877365480099397 2.8774049501350056 2.8774444201706144 2.877483890206223 2.877523360241832 2.877562830277441 2.87760230031305 2.8776417703486588 2.8776812403842675 2.8777207104198763 2.877760180455485 2.877799650491094 2.8778391205267027 2.8778785905623114 2.87791806059792 2.8778514320077333 2.877671381585918 2.877491331164103 2.8773112807422874 2.8771312303204724 2.8769511798986573 2.8767711294768423 2.876591079055027 2.876411028633212 2.876230978211397 2.876050927789582 2.8758708773677664 2.8756908269459514 2.8755107765241363 2.8753307261023213 2.875150675680506 2.874970625258691 2.8747905748368754 2.8746105244150604 2.8744304739932454 2.8742504235714303 2.874070373149615 2.8738903227278 2.873710272305985 2.87353022188417 2.8733501714623544 2.8731701210405394 2.8729900706187244
2.871194829434583 2.871218445962559 2.8712420624905355 2.8712656790185114 2.8712892955464877 2.8713129120744636 2.87133652860244 2.8713601451304163 2.871383761658392 2.8714073781863685 2.8714309947143444 2.8714546112423207 2.8714782277702966 2.871501844298273 2.871525460826249 2.871549077354225 2.8714780423676567 2.871305822770397 2.871133603173137 2.8709613835758776 2.8707891639786176 2.870616944381358 2.8704447247840985 2.870272505186839 2.8701002855895794 2.86992806599232 2.86975584639506 2.8695836267978003 2.8694114072005408 2.8692391876032812 2.8690669680060217 2.868894748408762 2.868722528811502 2.8685503092142426 2.8683780896169826 2.868205870019723 2.8680336504224635 2.867861430825204 2.8676892112279444 2.867516991630685 2.867344772033425 2.8671725524361653 2.8670003328389058 2.866828113241646
2.8650636488053833 2.8650714118257268 2.86507917484607 2.8650869378664137 2.865094700886757 2.8651024639071005 2.865110226927444 2.8651179899477874 2.865125752968131 2.8651335159884748 2.865141279008818 2.8651490420291617 2.865156805049505 2.8651645680698485 2.865172331090192 2.8651800941105354 2.8651046527275854 2.8649402639548813 2.8647758751821772 2.8646114864094727 2.8644470976367686 2.8642827088640646 2.8641183200913605 2.8639539313186564 2.863789542545952 2.8636251537732478 2.8634607650005437 2.8632963762278396 2.8631319874551355 2.8629675986824314 2.8628032099097274 2.8626388211370233 2.8624744323643188 2.8623100435916147 2.8621456548189106 2.8619812660462065 2.861816877273502 2.861652488500798 2.861488099728094 2.8613237109553897 2.8611593221826856 2.8609949334099816 2.8608305446372775 2.8606661558645734
2.8589324681761834 2.8589243776888944 2.858916287201605 2.858908196714316 2.858900106227027 2.8588920157397375 2.8588839252524485 2.858875834765159 2.85886774427787 2.8588596537905806 2.8588515633032916 2.8588434728160026 2.858835382328713 2.858827291841424 2.8588192013541347 2.8588111108668457 2.858731263087514 2.8585747051393655 2.858418147191217 2.858261589243068 2.858105031294919 2.8579484733467706 2.857791915398622 2.8576353574504734 2.8574787995023248 2.857322241554176 2.8571656836060275 2.857009125657879 2.8568525677097303 2.8566960097615817 2.856539451813433 2.8563828938652844 2.8562263359171354 2.8560697779689868 2.855913220020838 2.8557566620726895 2.855600104124541 2.8554435461763923 2.8552869882282437 2.855130430280095 2.8549738723319464 2.854817314383798 2.854660756435649 2.8545041984875006
2.8528012875469844 2.8527773435520625 2.8527533995571406 2.8527294555622187 2.852705511567297 2.852681567572375 2.852657623577453 2.852633679582531 2.852609735587609 2.8525857915926873 2.8525618475977654 2.8525379036028435 2.8525139596079216 2.8524900156129998 2.8524660716180783 2.8524421276231564 2.8523578734474433 2.85220914632385 2.852060419200257 2.851911692076664 2.8517629649530707 2.8516142378294775 2.8514655107058844 2.8513167835822912 2.851168056458698 2.851019329335105 2.850870602211512 2.8507218750879186 2.8505731479643255 2.8504244208407323 2.850275693717139 2.850126966593546 2.8499782394699524 2.8498295123463593 2.849680785222766 2.849532058099173 2.84938333097558 2.8492346038519867 2.8490858767283935 2.8489371496048004 2.8487884224812072 2.848639695357614 2.848490968234021 2.8483422411104278
2.8466701069177844 2.84663030941523 2.8465905119126753 2.846550714410121 2.846510916907566 2.846471119405012 2.846431321902457 2.8463915243999027 2.8463517268973484 2.8463119293947936 2.8462721318922393 2.8462323343896845 2.84619253688713 2.8461527393845754 2.846112941882021 2.8460731443794662 2.845984483807372 2.8458435875083348 2.845702691209297 2.845561794910259 2.8454208986112213 2.8452800023121836 2.845139106013146 2.844998209714108 2.8448573134150705 2.8447164171160333 2.8445755208169956 2.844434624517958 2.8442937282189202 2.8441528319198826 2.844011935620845 2.843871039321807 2.843730143022769 2.843589246723732 2.843448350424694 2.8433074541256564 2.8431665578266188 2.843025661527581 2.8428847652285434 2.8427438689295057 2.842602972630468 2.8424620763314303 2.8423211800323926 2.842180283733355
2.840538926288585 2.8404832752783977 2.8404276242682105 2.8403719732580233 2.840316322247836 2.840260671237649 2.8402050202274616 2.8401493692172743 2.840093718207087 2.8400380671969 2.8399824161867127 2.8399267651765254 2.839871114166338 2.839815463156151 2.8397598121459637 2.8397041611357765 2.839611094167301 2.839478028692819 2.8393449632183367 2.8392118977438545 2.8390788322693723 2.83894576679489 2.838812701320408 2.8386796358459256 2.8385465703714434 2.838413504896961 2.838280439422479 2.838147373947997 2.838014308473515 2.8378812429990328 2.8377481775245506 2.8376151120500683 2.837482046575586 2.837348981101104 2.8372159156266217 2.8370828501521395 2.8369497846776572 2.836816719203175 2.836683653728693 2.836550588254211 2.836417522779729 2.8362844573052466 2.8361513918307644 2.836018326356282
2.834407745659385 2.8343362411415653 2.8342647366237452 2.8341932321059256 2.8341217275881054 2.8340502230702858 2.8339787185524656 2.833907214034646 2.833835709516826 2.833764204999006 2.833692700481186 2.8336211959633664 2.8335496914455462 2.8334781869277266 2.833406682409907 2.8333351778920868 2.83323770452723 2.833112469877303 2.8329872352273764 2.8328620005774496 2.832736765927523 2.832611531277596 2.8324862966276694 2.832361061977743 2.8322358273278163 2.8321105926778896 2.831985358027963 2.831860123378036 2.8317348887281097 2.831609654078183 2.8314844194282562 2.8313591847783295 2.8312339501284027 2.831108715478476 2.8309834808285492 2.8308582461786225 2.830733011528696 2.8306077768787694 2.8304825422288427 2.830357307578916 2.830232072928989 2.8301068382790624 2.829981603629136 2.8298563689792093
2.8282765650301798 2.8281892070047276 2.828101848979275 2.8280144909538225 2.82792713292837 2.8278397749029174 2.8277524168774644 2.8276650588520122 2.8275777008265597 2.827490342801107 2.8274029847756545 2.827315626750202 2.8272282687247494 2.827140910699297 2.8270535526738443 2.8269661946483917 2.8268643148871533 2.826746911061782 2.826629507236411 2.8265121034110394 2.8263946995856686 2.8262772957602973 2.826159891934926 2.8260424881095547 2.825925084284184 2.8258076804588126 2.8256902766334413 2.82557287280807 2.8254554689826987 2.825338065157328 2.8252206613319566 2.8251032575065853 2.824985853681214 2.8248684498558427 2.8247510460304714 2.8246336422051006 2.8245162383797293 2.824398834554358 2.8242814307289867 2.824164026903616 2.8240466230782446 2.8239292192528733 2.823811815427502 2.823694411602131
2.8221453844009803 2.8220421728678953 2.8219389613348103 2.821835749801725 2.82173253826864 2.8216293267355543 2.8215261152024693 2.821422903669384 2.821319692136299 2.8212164806032134 2.8211132690701284 2.821010057537043 2.820906846003958 2.820803634470873 2.8207004229377874 2.8205972114047024 2.8204909252470824 2.8203813522462666 2.8202717792454512 2.8201622062446354 2.8200526332438196 2.819943060243004 2.819833487242188 2.8197239142413726 2.8196143412405568 2.819504768239741 2.819395195238925 2.8192856222381097 2.819176049237294 2.819066476236478 2.8189569032356627 2.818847330234847 2.818737757234031 2.8186281842332153 2.8185186112323994 2.8184090382315836 2.8182994652307682 2.8181898922299524 2.8180803192291366 2.817970746228321 2.8178611732275054 2.8177516002266896 2.8176420272258738 2.8175324542250584
2.816014203771781 2.815895138731063 2.815776073690345 2.815657008649627 2.8155379436089096 2.8154188785681917 2.8152998135274734 2.8151807484867555 2.8150616834460376 2.8149426184053197 2.8148235533646018 2.814704488323884 2.8145854232831664 2.8144663582424485 2.8143472932017306 2.8142282281610127 2.814117535607011 2.8140157934307513 2.813914051254491 2.8138123090782305 2.81371056690197 2.8136088247257103 2.81350708254945 2.8134053403731896 2.8133035981969297 2.8132018560206693 2.813100113844409 2.812998371668149 2.8128966294918887 2.8127948873156283 2.8126931451393684 2.812591402963108 2.8124896607868477 2.8123879186105873 2.812286176434327 2.812184434258067 2.8120826920818067 2.8119809499055464 2.8118792077292865 2.811777465553026 2.8116757233767657 2.811573981200506 2.8114722390242455 2.811370496847985
2.8098830231425813 2.8097481045942305 2.80961318604588 2.8094782674975294 2.809343348949179 2.8092084304008287 2.809073511852478 2.808938593304127 2.8088036747557767 2.808668756207426 2.8085338376590756 2.808398919110725 2.8082640005623745 2.8081290820140237 2.8079941634656733 2.807859244917323 2.8077441459669403 2.8076502346152354 2.8075563232635306 2.8074624119118257 2.807368500560121 2.8072745892084163 2.807180677856712 2.807086766505007 2.806992855153302 2.8068989438015977 2.8068050324498928 2.806711121098188 2.8066172097464834 2.8065232983947785 2.806429387043074 2.806335475691369 2.8062415643396643 2.8061476529879594 2.806053741636255 2.80595983028455 2.8058659189328456 2.8057720075811408 2.805678096229436 2.8055841848777314 2.8054902735260265 2.8053963621743216 2.805302450822617 2.8052085394709123
2.8037518425133814 2.803601070457398 2.803450298401415 2.8032995263454317 2.8031487542894484 2.802997982233465 2.802847210177482 2.8026964381214987 2.8025456660655155 2.8023948940095322 2.802244121953549 2.8020933498975658 2.8019425778415825 2.8017918057855993 2.801641033729616 2.801490261673633 2.801370756326869 2.8012846757997196 2.8011985952725706 2.8011125147454212 2.801026434218272 2.800940353691123 2.8008542731639734 2.8007681926368244 2.800682112109675 2.800596031582526 2.8005099510553766 2.8004238705282276 2.800337790001078 2.800251709473929 2.80016562894678 2.800079548419631 2.7999934678924814 2.799907387365332 2.799821306838183 2.7997352263110336 2.7996491457838846 2.799563065256735 2.799476984729586 2.7993909042024367 2.7993048236752878 2.7992187431481383 2.7991326626209894 2.79904658209384
2.797620661884182 2.7974540363205658 2.79728741075695 2.797120785193334 2.7969541596297183 2.796787534066102 2.796620908502486 2.7964542829388703 2.796287657375254 2.7961210318116385 2.795954406248023 2.7957877806844067 2.795621155120791 2.795454529557175 2.795287903993559 2.795121278429943 2.7949973666867978 2.794919116984204 2.7948408672816103 2.7947626175790163 2.794684367876423 2.794606118173829 2.7945278684712354 2.7944496187686414 2.794371369066048 2.794293119363454 2.7942148696608604 2.794136619958267 2.794058370255673 2.7939801205530794 2.7939018708504855 2.793823621147892 2.793745371445298 2.793667121742704 2.7935888720401105 2.793510622337517 2.793432372634923 2.7933541229323295 2.7932758732297356 2.793197623527142 2.793119373824548 2.7930411241219546 2.7929628744193606 2.792884624716767
2.7914894812549766 2.791307002183728 2.7911245231124795 2.790942044041231 2.7907595649699823 2.7905770858987338 2.790394606827485 2.7902121277562366 2.790029648684988 2.7898471696137395 2.789664690542491 2.7894822114712423 2.7892997323999937 2.789117253328745 2.7889347742574966 2.788752295186248 2.788623977046721 2.788553558168683 2.7884831392906446 2.7884127204126066 2.788342301534568 2.78827188265653 2.7882014637784915 2.7881310449004535 2.7880606260224154 2.787990207144377 2.787919788266339 2.7878493693883004 2.7877789505102624 2.7877085316322243 2.787638112754186 2.787567693876148 2.7874972749981093 2.7874268561200712 2.7873564372420327 2.7872860183639947 2.787215599485956 2.787145180607918 2.78707476172988 2.7870043428518416 2.7869339239738036 2.786863505095765 2.786793086217727 2.786722667339689
2.785358300625777 2.7851599680468957 2.7849616354680147 2.7847633028891337 2.784564970310252 2.784366637731371 2.7841683051524897 2.7839699725736082 2.783771639994727 2.7835733074158457 2.7833749748369647 2.7831766422580837 2.7829783096792022 2.782779977100321 2.7825816445214397 2.7823833119425587 2.7822505874066503 2.7821879993531677 2.782125411299685 2.782062823246202 2.7820002351927196 2.7819376471392365 2.781875059085754 2.781812471032271 2.7817498829787883 2.7816872949253058 2.7816247068718227 2.78156211881834 2.781499530764857 2.7814369427113745 2.781374354657892 2.781311766604409 2.7812491785509263 2.7811865904974433 2.7811240024439607 2.781061414390478 2.780998826336995 2.7809362382835126 2.7808736502300295 2.780811062176547 2.7807484741230644 2.7806858860695813 2.7806232980160988 2.780560709962616
2.781695644656999 2.7815099065628544 2.78132416846871 2.781138430374565 2.7809526922804206 2.780766954186276 2.780581216092131 2.7803954779979865 2.7802097399038415 2.780024001809697 2.7798382637155523 2.7796525256214077 2.779466787527263 2.7792810494331186 2.779095311338974 2.7789095732448295 2.7787870517990396 2.77873211038072 2.7786771689624006 2.7786222275440804 2.778567286125761 2.7785123447074414 2.7784574032891216 2.778402461870802 2.778347520452482 2.7782925790341624 2.7782376376158426 2.7781826961975233 2.7781277547792036 2.778072813360884 2.778017871942564 2.7779629305242444 2.7779079891059246 2.777853047687605 2.777798106269285 2.7777431648509654 2.7776882234326457 2.7776332820143264 2.7775783405960066 2.777523399177687 2.777468457759367 2.7774135163410474 2.7773585749227276 2.777303633504408
2.780671685952116 2.780528951453393 2.7803862169546703 2.780243482455947 2.7801007479572246 2.779958013458502 2.779815278959779 2.779672544461056 2.7795298099623333 2.7793870754636103 2.7792443409648877 2.779101606466165 2.778958871967442 2.7788161374687195 2.7786734029699964 2.778530668471274 2.7784339667357942 2.778386475065787 2.77833898339578 2.778291491725773 2.7782440000557656 2.7781965083857583 2.7781490167157514 2.778101525045744 2.778054033375737 2.7780065417057296 2.7779590500357227 2.7779115583657155 2.777864066695708 2.777816575025701 2.777769083355694 2.7777215916856868 2.7776741000156795 2.777626608345672 2.7775791166756654 2.777531625005658 2.777484133335651 2.7774366416656435 2.7773891499956367 2.7773416583256294 2.777294166655622 2.777246674985615 2.777199183315608 2.7771516916456007
