Figures/CREST_Example_wjb_NSE/PETs/wjb.pet.20100428.asc
ncols            288
nrows            254
xllcorner        113.274861
yllcorner        31.4918055
cellsize         0.008333333333
NODATA_value     -9999
[rows 160 to 179 of 254, columns 176 to 219 of 288]
2.792527318212113 2.7916777435140605 2.7908281688160077 2.7899785941179553 2.789129019419903 2.78827944472185 2.7874298700237965 2.786580295325744 2.7857307206276913 2.784881145929639 2.7840315712315866 2.783181996533534 2.7823324218354815 2.781482847137429 2.7806332724393763 2.779783697741324 2.7782169545176787 2.7758835419130836 2.773550129308489 2.77121671670389 2.7688833040992953 2.7665498914947 2.7642164788901056 2.7618830662855105 2.759549653680916 2.757216241076321 2.7548828284717257 2.752549415867131 2.750216003262536 2.7478825906579414 2.7455491780533463 2.7432157654487517 2.7408823528441526 2.738548940239558 2.736215527634963 2.733882115030368 2.731548702425773 2.729215289821178 2.7268818772165835 2.7245484646119884 2.7222150520073938 2.7198816394027987 2.7175482267982036 2.715214814193609
2.7866947168459073 2.7858082286700836 2.7849217404942603 2.7840352523184366 2.783148764142613 2.782262275966789 2.781375787790964 2.7804892996151405 2.779602811439317 2.7787163232634935 2.77782983508767 2.776943346911846 2.776056858736023 2.775170370560199 2.7742838823843754 2.7733973942085517 2.771796642307591 2.7694323263230927 2.7670680103385945 2.7647036943540924 2.762339378369594 2.759975062385096 2.757610746400598 2.7552464304161 2.752882114431602 2.750517798447104 2.7481534824626057 2.7457891664781076 2.7434248504936094 2.7410605345091112 2.738696218524613 2.736331902540115 2.733967586555613 2.7316032705711146 2.7292389545866165 2.7268746386021183 2.72451032261762 2.722146006633122 2.719781690648624 2.7174173746641257 2.7150530586796275 2.7126887426951294 2.7103244267106317 2.7079601107261335
2.780862115479702 2.7799387138261076 2.779015312172513 2.7780919105189184 2.7771685088653233 2.7762451072117287 2.7753217055581327 2.7743983039045377 2.773474902250943 2.7725515005973485 2.771628098943754 2.7707046972901592 2.769781295636564 2.7688578939829696 2.767934492329375 2.7670110906757803 2.7653763300975034 2.762981110733102 2.760585891368701 2.7581906720042952 2.755795452639894 2.7534002332754923 2.751005013911091 2.74860979454669 2.746214575182288 2.743819355817887 2.7414241364534857 2.739028917089084 2.736633697724683 2.7342384783602816 2.73184325899588 2.7294480396314786 2.727052820267073 2.7246576009026717 2.7222623815382705 2.719867162173869 2.7174719428094676 2.7150767234450663 2.7126815040806647 2.7102862847162634 2.707891065351862 2.7054958459874605 2.7031006266230593 2.700705407258658
2.775029514113492 2.7740691989821262 2.7731088838507603 2.7721485687193947 2.771188253588029 2.7702279384566633 2.7692676233252955 2.76830730819393 2.767346993062564 2.766386677931198 2.7654263627998326 2.7644660476684666 2.7635057325371006 2.762545417405735 2.761585102274369 2.760624787143003 2.7589560178874106 2.7565298951431063 2.7541037723988016 2.751677649654493 2.749251526910188 2.7468254041658833 2.7443992814215785 2.7419731586772738 2.739547035932969 2.7371209131886647 2.73469479044436 2.732268667700055 2.7298425449557504 2.7274164222114456 2.7249902994671413 2.7225641767228366 2.720138053978528 2.717711931234223 2.7152858084899183 2.7128596857456135 2.7104335630013088 2.708007440257004 2.7055813175126997 2.703155194768395 2.70072907202409 2.6983029492797854 2.6958768265354807 2.6934507037911763
2.7691969127472866 2.7681996841381498 2.767202455529013 2.766205226919876 2.765207998310739 2.764210769701602 2.7632135410924636 2.7622163124833263 2.7612190838741895 2.7602218552650526 2.7592246266559157 2.758227398046779 2.757230169437642 2.756232940828505 2.7552357122193682 2.7542384836102314 2.752535705677323 2.750078679553115 2.747621653428907 2.745164627304695 2.742707601180487 2.740250575056279 2.7377935489320713 2.7353365228078634 2.7328794966836556 2.7304224705594473 2.7279654444352395 2.7255084183110316 2.723051392186824 2.720594366062616 2.7181373399384077 2.7156803138142 2.7132232876899876 2.7107662615657797 2.708309235441572 2.705852209317364 2.703395183193156 2.7009381570689484 2.69848113094474 2.6960241048205322 2.6935670786963244 2.6911100525721166 2.6886530264479087 2.6861960003237004
2.763364311381081 2.7623301692941733 2.761296027207265 2.7602618851203573 2.759227743033449 2.7581936009465413 2.7571594588596318 2.7561253167727235 2.7550911746858158 2.7540570325989076 2.7530228905119998 2.7519887484250916 2.750954606338184 2.7499204642512756 2.748886322164368 2.7478521800774596 2.7461153934672358 2.7436274639631244 2.741139534459013 2.7386516049548977 2.7361636754507868 2.7336757459466754 2.731187816442564 2.728699886938453 2.7262119574343417 2.723724027930231 2.7212360984261195 2.718748168922008 2.716260239417897 2.713772309913786 2.711284380409675 2.7087964509055635 2.706308521401448 2.703820591897337 2.701332662393226 2.6988447328891145 2.696356803385003 2.6938688738808922 2.691380944376781 2.68889301487267 2.6864050853685586 2.6839171558644472 2.6814292263603363 2.678941296856225
2.757531710014876 2.756460654450197 2.7553895988855177 2.7543185433208386 2.7532474877561595 2.752176432191481 2.7511053766268 2.7500343210621208 2.7489632654974416 2.7478922099327625 2.7468211543680834 2.7457500988034043 2.744679043238725 2.743607987674046 2.7425369321093673 2.741465876544688 2.7396950812571483 2.737176248373134 2.7346574154891194 2.7321385826051006 2.729619749721086 2.7271009168370717 2.7245820839530572 2.722063251069043 2.7195444181850283 2.717025585301014 2.7145067524169995 2.711987919532985 2.7094690866489706 2.706950253764956 2.7044314208809417 2.7019125879969272 2.6993937551129084 2.696874922228894 2.6943560893448795 2.691837256460865 2.6893184235768506 2.686799590692836 2.6842807578088217 2.6817619249248072 2.679243092040793 2.6767242591567784 2.674205426272764 2.6716865933887495
2.751699108648671 2.7505911396062204 2.7494831705637703 2.7483752015213203 2.74726723247887 2.74615926343642 2.7450512943939676 2.7439433253515175 2.7428353563090675 2.741727387266617 2.740619418224167 2.739511449181717 2.7384034801392665 2.7372955110968165 2.736187542054366 2.735079573011916 2.7332747690470605 2.7307250327831425 2.728175296519225 2.725625560255303 2.7230758239913855 2.7205260877274675 2.71797635146355 2.715426615199632 2.7128768789357145 2.710327142671797 2.707777406407879 2.7052276701439615 2.7026779338800435 2.700128197616126 2.6975784613522085 2.6950287250882905 2.6924789888243685 2.689929252560451 2.687379516296533 2.6848297800326155 2.682280043768698 2.67973030750478 2.6771805712408625 2.6746308349769445 2.672081098713027 2.6695313624491095 2.6669816261851915 2.664431889921274
2.7458665072824653 2.744721624762244 2.743576742242023 2.7424318597218016 2.74128697720158 2.740142094681359 2.7389972121611357 2.7378523296409147 2.7367074471206934 2.735562564600472 2.7344176820802506 2.7332727995600297 2.7321279170398083 2.730983034519587 2.7298381519993655 2.7286932694791446 2.726854456836973 2.724273817193152 2.721693177549331 2.719112537905506 2.716531898261685 2.713951258617864 2.7113706189740427 2.7087899793302217 2.7062093396864007 2.70362870004258 2.701048060398759 2.698467420754938 2.695886781111117 2.693306141467296 2.690725501823475 2.688144862179654 2.6855642225358287 2.6829835828920077 2.6804029432481866 2.6778223036043656 2.675241663960545 2.672661024316724 2.670080384672903 2.667499745029082 2.664919105385261 2.66233846574144 2.659757826097619 2.657177186453798
2.74003390591626 2.738852109918268 2.737670313920275 2.736488517922283 2.7353067219242906 2.7341249259262983 2.732943129928304 2.7317613339303115 2.7305795379323192 2.729397741934327 2.7282159459363347 2.7270341499383424 2.7258523539403496 2.7246705579423574 2.723488761944365 2.722306965946373 2.7204341446268856 2.7178226016031615 2.7152110585794373 2.7125995155557083 2.709987972531984 2.70737642950826 2.704764886484536 2.7021533434608114 2.6995418004370872 2.696930257413363 2.694318714389639 2.6917071713659144 2.6890956283421903 2.686484085318466 2.683872542294742 2.681260999271018 2.678649456247289 2.6760379132235648 2.6734263701998406 2.6708148271761165 2.668203284152392 2.665591741128668 2.6629801981049437 2.6603686550812196 2.657757112057495 2.655145569033771 2.6525340260100467 2.6499224829863226
2.7342013045500497 2.732982595074286 2.7317638855985225 2.7305451761227593 2.7293264666469956 2.7281077571712324 2.7268890476954666 2.7256703382197034 2.7244516287439398 2.723232919268176 2.722014209792413 2.7207955003166493 2.7195767908408857 2.7183580813651225 2.717139371889359 2.7159206624135956 2.7140138324167924 2.711371386013165 2.7087289396095375 2.7060864932059054 2.703444046802278 2.7008016003986506 2.698159153995023 2.6955167075913953 2.692874261187768 2.6902318147841404 2.6875893683805128 2.6849469219768856 2.682304475573258 2.6796620291696303 2.677019582766003 2.6743771363623754 2.6717346899587433 2.6690922435551157 2.6664497971514884 2.663807350747861 2.661164904344233 2.658522457940606 2.6558800115369783 2.6532375651333506 2.6505951187297234 2.6479526723260958 2.645310225922468 2.642667779518841
2.728368703183844 2.7271130802303096 2.725857457276775 2.7246018343232405 2.723346211369706 2.7220905884161715 2.7208349654626347 2.7195793425091 2.7183237195555656 2.717068096602031 2.7158124736484965 2.714556850694962 2.7133012277414275 2.712045604787893 2.7107899818343584 2.709534358880824 2.707593520206705 2.7049201704231742 2.7022468206396435 2.6995734708561083 2.6969001210725776 2.694226771289047 2.691553421505516 2.688880071721985 2.6862067219384542 2.6835333721549235 2.6808600223713928 2.678186672587862 2.6755133228043313 2.6728399730208006 2.67016662323727 2.667493273453739 2.6648199236702035 2.6621465738866728 2.659473224103142 2.6567998743196113 2.6541265245360806 2.65145317475255 2.648779824969019 2.6461064751854884 2.6434331254019576 2.640759775618427 2.638086425834896 2.6354130760513654
2.722536101817639 2.7212435653863336 2.7199510289550277 2.7186584925237223 2.717365956092417 2.716073419661111 2.7147808832298033 2.7134883467984974 2.712195810367192 2.710903273935886 2.7096107375045806 2.7083182010732747 2.7070256646419693 2.7057331282106634 2.704440591779358 2.703148055348052 2.7011732079966175 2.6984689548331837 2.6957647016697495 2.693060448506311 2.690356195342877 2.687651942179443 2.684947689016009 2.682243435852575 2.679539182689141 2.676834929525707 2.6741306763622728 2.671426423198839 2.6687221700354047 2.666017916871971 2.6633136637085366 2.660609410545103 2.657905157381664 2.65520090421823 2.652496651054796 2.649792397891362 2.647088144727928 2.6443838915644937 2.64167963840106 2.6389753852376256 2.636271132074192 2.6335668789107576 2.6308626257473238 2.6281583725838895
2.7167035004514335 2.715374050542357 2.7140446006332803 2.7127151507242035 2.7113857008151268 2.71005625090605 2.708726800996971 2.707397351087894 2.7060679011788173 2.7047384512697406 2.7034090013606638 2.702079551451587 2.7007501015425106 2.699420651633434 2.698091201724357 2.69676175181528 2.69475289578653 2.6920177392431928 2.6892825826998554 2.686547426156513 2.6838122696131763 2.681077113069839 2.6783419565265016 2.6756067999831643 2.672871643439827 2.6701364868964896 2.6674013303531523 2.6646661738098154 2.661931017266478 2.6591958607231407 2.6564607041798034 2.653725547636466 2.6509903910931243 2.648255234549787 2.6455200780064496 2.6427849214631123 2.640049764919775 2.6373146083764376 2.6345794518331007 2.6318442952897634 2.629109138746426 2.6263739822030887 2.6236388256597514 2.620903669116414
2.7108708990852284 2.7095045356983807 2.7081381723115325 2.706771808924685 2.705405445537837 2.7040390821509894 2.702672718764139 2.7013063553772914 2.699939991990443 2.6985736286035955 2.697207265216748 2.6958409018299 2.694474538443052 2.6931081750562043 2.6917418116693566 2.6903754482825084 2.6883325835764427 2.685566523653202 2.6828004637299614 2.680034403806716 2.6772683438834757 2.6745022839602353 2.6717362240369944 2.668970164113754 2.6662041041905136 2.663438044267273 2.6606719843440323 2.657905924420792 2.6551398644975515 2.652373804574311 2.64960774465107 2.6468416847278298 2.6440756248045845 2.641309564881344 2.6385435049581036 2.6357774450348628 2.6330113851116224 2.630245325188382 2.627479265265141 2.6247132053419007 2.6219471454186603 2.61918108549542 2.616415025572179 2.6136489656489386
2.7050382977190233 2.703635020854404 2.702231743989785 2.700828467125166 2.6994251902605475 2.6980219133959285 2.696618636531307 2.695215359666688 2.6938120828020695 2.6924088059374505 2.6910055290728314 2.689602252208213 2.6881989753435938 2.6867956984789747 2.685392421614356 2.683989144749737 2.6819122713663552 2.6791153080632113 2.6763183447600674 2.673521381456919 2.670724418153775 2.6679274548506315 2.6651304915474876 2.6623335282443437 2.6595365649412 2.6567396016380562 2.6539426383349123 2.651145675031769 2.648348711728625 2.645551748425481 2.6427547851223374 2.6399578218191935 2.6371608585160446 2.634363895212901 2.631566931909757 2.6287699686066133 2.6259730053034698 2.623176042000326 2.620379078697182 2.6175821153940384 2.6147851520908945 2.6119881887877505 2.609191225484607 2.606394262181463
2.699205696352813 2.6977655060104224 2.6963253156680325 2.6948851253256425 2.6934449349832525 2.6920047446408626 2.69056455429847 2.68912436395608 2.68768417361369 2.6862439832712997 2.6848037929289097 2.6833636025865197 2.68192341224413 2.68048322190174 2.67904303155935 2.6776028412169595 2.675491959156262 2.672664092473215 2.669836225790168 2.667008359107116 2.6641804924240686 2.6613526257410216 2.6585247590579746 2.6556968923749276 2.6528690256918805 2.6500411590088335 2.647213292325786 2.644385425642739 2.641557558959692 2.638729692276645 2.635901825593598 2.633073958910551 2.630246092227499 2.627418225544452 2.6245903588614046 2.6217624921783576 2.6189346254953105 2.6161067588122635 2.6132788921292165 2.6104510254461695 2.607623158763122 2.604795292080075 2.601967425397028 2.599139558713981
2.6933730949866077 2.6918959911664464 2.690418887346285 2.6889417835261242 2.687464679705963 2.685987575885802 2.684510472065638 2.6830333682454772 2.681556264425316 2.6800791606051546 2.6786020567849937 2.6771249529648324 2.6756478491446716 2.6741707453245103 2.672693641504349 2.671216537684188 2.6690716469461746 2.666212876883224 2.663354106820274 2.6604953367573185 2.6576365666943684 2.654777796631418 2.651919026568468 2.6490602565055172 2.646201486442567 2.6433427163796166 2.640483946316666 2.637625176253716 2.6347664061907654 2.6319076361278153 2.6290488660648648 2.6261900960019147 2.6233313259389592 2.6204725558760087 2.6176137858130586 2.614755015750108 2.611896245687158 2.6090374756242074 2.6061787055612573 2.6033199354983068 2.6004611654353567 2.597602395372406 2.5947436253094556 2.5918848552465055
2.69099301344623 2.6895232072704993 2.6880534010947685 2.6865835949190378 2.685113788743307 2.683643982567576 2.6821741763918427 2.680704370216112 2.679234564040381 2.6777647578646504 2.6762949516889196 2.674825145513189 2.673355339337458 2.6718855331617273 2.6704157269859965 2.6689459208102657 2.666793700728257 2.6639119647397256 2.661030228751194 2.6581484927626575 2.655266756774126 2.6523850207855943 2.649503284797063 2.646621548808531 2.64373981282 2.6408580768314684 2.6379763408429366 2.6350946048544053 2.6322128688658735 2.629331132877342 2.6264493968888103 2.623567660900279 2.6206859249117427 2.617804188923211 2.6149224529346795 2.6120407169461477 2.6091589809576163 2.6062772449690845 2.603395508980553 2.600513772992022 2.59763203700349 2.5947503010149586 2.591868565026427 2.5889868290378955
2.6923034579775664 2.6908882083491474 2.689472958720728 2.688057709092309 2.6866424594638896 2.68522720983547 2.6838119602070485 2.6823967105786295 2.68098146095021 2.6795662113217906 2.6781509616933716 2.676735712064952 2.675320462436533 2.6739052128081138 2.6724899631796943 2.6710747135512753 2.668943682650917 2.6660474653751547 2.6631512480993917 2.6602550308236244 2.6573588135478614 2.654462596272099 2.6515663789963364 2.6486701617205735 2.645773944444811 2.642877727169048 2.6399815098932855 2.6370852926175226 2.63418907534176 2.631292858065997 2.6283966407902346 2.625500423514472 2.6226042062387043 2.6197079889629418 2.616811771687179 2.6139155544114163 2.6110193371356534 2.608123119859891 2.605226902584128 2.6023306853083654 2.5994344680326025 2.59653825075684 2.5936420334810775 2.5907458162053145
