Figures/CREST_Example_wjb_NSE/PETs/wjb.pet.20100616.asc
ncols            288
nrows            254
xllcorner        113.274861
yllcorner        31.4918055
cellsize         0.008333333333
NODATA_value     -9999
[rows 180 to 199 of 254, columns 88 to 131 of 288]
3.472993555785705 3.463709070157943 3.454424584530182 3.445140098902405 3.435855613274643 3.426571127646882 3.4172866420191204 3.408002156391359 3.3987176707635975 3.389433185135836 3.3801486995080747 3.370864213880313 3.361579728252552 3.3522952426247903 3.3441058768644223 3.3370872190042693 3.330068561144104 3.323049903283951 3.316031245423798 3.3090125875636445 3.3019939297034915 3.294975271843338 3.287956613983185 3.280937956123032 3.2739192982628786 3.2669006404027257 3.2598819825425727 3.2528633246824192 3.2458446668222662 3.238826008962101 3.231807351101948 3.224788693241795 3.2177700353816414 3.2107513775214884 3.2037327196613354 3.196714061801182 3.189695403941029 3.182676746080876 3.1756580882207226 3.1686394303605696 3.161620772500416 3.154602114640263 3.147583456780098 3.1405647989199448
3.478207687751738 3.4690312975152517 3.459854907278766 3.4506785170422645 3.441502126805778 3.4323257365692923 3.4231493463328064 3.41397295609632 3.4047965658598343 3.395620175623348 3.386443785386862 3.377267395150376 3.3680910049138904 3.358914614677404 3.3507556279667035 3.34368426862978 3.336612909292844 3.32954154995592 3.322470190618996 3.3153988312820726 3.308327471945149 3.301256112608225 3.2941847532713013 3.2871133939343773 3.2800420345974537 3.2729706752605296 3.265899315923606 3.258827956586682 3.2517565972497584 3.2446852379128224 3.2376138785758988 3.230542519238975 3.223471159902051 3.2163998005651275 3.2093284412282035 3.20225708189128 3.195185722554356 3.1881143632174322 3.181043003880508 3.1739716445435846 3.166900285206661 3.159828925869737 3.1527575665328014 3.1456862071958773
3.483421819717771 3.4743535248725603 3.46528523002735 3.4562169351821237 3.447148640336913 3.4380803454917026 3.429012050646492 3.4199437558012815 3.410875460956071 3.40180716611086 3.3927388712656494 3.383670576420439 3.3746022815752283 3.365533986730018 3.357405379068985 3.3502813182552904 3.3431572574415838 3.3360331966278896 3.328909135814195 3.3217850750005007 3.314661014186806 3.307536953373112 3.300412892559417 3.293288831745723 3.2861647709320287 3.279040710118334 3.27191664930464 3.2647925884909452 3.257668527677251 3.2505444668635444 3.2434204060498497 3.2362963452361555 3.229172284422461 3.2220482236087666 3.214924162795072 3.2078001019813778 3.200676041167683 3.193551980353989 3.1864279195402943 3.1793038587266 3.1721797979129054 3.165055737099211 3.1579316762855045 3.1508076154718103
3.4886359516838086 3.479675752229874 3.4707155527759386 3.4617553533219882 3.452795153868053 3.443834954414118 3.434874754960183 3.425914555506248 3.4169543560523126 3.407994156598378 3.3990339571444426 3.3900737576905073 3.381113558236572 3.3721533587826373 3.364055130171272 3.3568783678808067 3.3497016055903295 3.3425248432998647 3.3353480810093994 3.328171318718934 3.3209945564284693 3.313817794138004 3.3066410318475388 3.299464269557074 3.2922875072666087 3.285110744976144 3.2779339826856786 3.2707572203952133 3.2635804581047485 3.2564036958142712 3.249226933523806 3.2420501712333407 3.234873408942876 3.2276966466524106 3.220519884361946 3.2133431220714805 3.2061663597810153 3.1989895974905505 3.191812835200085 3.18463607290962 3.177459310619155 3.17028254832869 3.1631057860382126 3.1559290237477473
3.493850083649842 3.484997979587182 3.4761458755245225 3.4672937714618475 3.458441667399188 3.449589563336528 3.4407374592738686 3.4318853552112087 3.4230332511485493 3.4141811470858894 3.40532904302323 3.3964769389605705 3.3876248348979106 3.3787727308352506 3.370704881273553 3.3634754175063177 3.3562459537390694 3.3490164899718335 3.341787026204598 3.3345575624373622 3.3273280986701264 3.320098634902891 3.312869171135655 3.305639707368419 3.2984102436011837 3.291180779833948 3.283951316066712 3.2767218522994765 3.2694923885322407 3.2622629247649924 3.255033460997757 3.247803997230521 3.240574533463285 3.2333450696960497 3.226115605928814 3.218886142161578 3.2116566783943425 3.2044272146271067 3.197197750859871 3.1899682870926354 3.1827388233253995 3.1755093595581636 3.1682798957909157 3.16105043202368
3.499064215615875 3.4903202069444905 3.4815761982731064 3.472832189601707 3.464088180930323 3.455344172258939 3.4466001635875543 3.43785615491617 3.429112146244786 3.420368137573402 3.4116241289020173 3.402880120230633 3.394136111559249 3.3853921028878644 3.3773546323758348 3.3700724671318283 3.3627903018878094 3.3555081366438033 3.348225971399797 3.3409438061557903 3.333661640911784 3.326379475667778 3.3190973104237713 3.311815145179765 3.3045329799357583 3.2972508146917523 3.289968649447746 3.2826864842037393 3.2754043189597333 3.2681221537157144 3.260839988471708 3.2535578232277014 3.2462756579836953 3.238993492739689 3.2317113274956824 3.224429162251676 3.21714699700767 3.2098648317636633 3.202582666519657 3.195300501275651 3.1880183360316443 3.180736170787638 3.1734540055436193 3.166171840299613
3.5042783475819084 3.495642434301799 3.4870065210216903 3.478370607741567 3.469734694461458 3.461098781181349 3.4524628679012404 3.4438269546211315 3.4351910413410227 3.426555128060914 3.417919214780805 3.409283301500696 3.400647388220587 3.392011474940478 3.384004383478116 3.376669516757339 3.3693346500365493 3.361999783315772 3.3546649165949955 3.3473300498742184 3.3399951831534413 3.3326603164326642 3.3253254497118876 3.3179905829911105 3.3106557162703334 3.3033208495495563 3.295985982828779 3.288651116108002 3.2813162493872254 3.273981382666436 3.266646515945659 3.2593116492248817 3.2519767825041046 3.244641915783328 3.237307049062551 3.2299721823417737 3.2226373156209966 3.2153024489002195 3.207967582179443 3.200632715458666 3.1932978487378887 3.1859629820171116 3.178628115296322 3.171293248575545
3.5094924795479416 3.500964661659108 3.4924368437702746 3.483909025881427 3.4753812079925934 3.46685339010376 3.4583255722149264 3.449797754326093 3.4412699364372594 3.4327421185484264 3.424214300659593 3.4156864827707594 3.407158664881926 3.3986308469930924 3.3906541345803975 3.3832665663828503 3.3758789981852897 3.368491429987742 3.3611038617901947 3.353716293592647 3.3463287253950993 3.3389411571975516 3.331553589000004 3.324166020802456 3.3167784526049084 3.3093908844073607 3.3020033162098135 3.2946157480122658 3.287228179814718 3.279840611617158 3.27245304341961 3.2650654752220625 3.2576779070245148 3.250290338826967 3.2429027706294193 3.2355152024318716 3.2281276342343244 3.2207400660367766 3.213352497839229 3.2059649296416812 3.1985773614441335 3.191189793246586 3.1838022250490257 3.176414656851478
3.5147066115139745 3.5062868890164167 3.4978671665188585 3.489447444021286 3.4810277215237284 3.4726079990261702 3.464188276528612 3.4557685540310543 3.447348831533496 3.438929109035938 3.4305093865383802 3.422089664040822 3.4136699415432643 3.405250219045706 3.397303885682679 3.389863616008361 3.3824233463340296 3.3749830766597113 3.3675428069853934 3.360102537311075 3.352662267636757 3.3452219979624385 3.33778172828812 3.330341458613802 3.3229011889394835 3.315460919265165 3.308020649590847 3.3005803799165285 3.29314011024221 3.2856998405678794 3.278259570893561 3.270819301219243 3.2633790315449245 3.255938761870606 3.248498492196288 3.24105822252197 3.2336179528476516 3.2261776831733333 3.218737413499015 3.2112971438246967 3.2038568741503783 3.19641660447606 3.1889763348017293 3.181536065127411
3.5199207434800126 3.5116091163737297 3.5032974892674473 3.4949858621611507 3.4866742350548683 3.4783626079485854 3.470050980842303 3.4617393537360206 3.453427726629738 3.4451160995234558 3.436804472417173 3.4284928453108905 3.420181218204608 3.4118695910983257 3.403953636784966 3.396460665633877 3.3889676944827754 3.3814747233316864 3.3739817521805975 3.3664887810295085 3.3589958098784196 3.3515028387273307 3.3440098675762417 3.336516896425153 3.329023925274064 3.3215309541229745 3.3140379829718856 3.3065450118207966 3.2990520406697077 3.291559069518606 3.284066098367517 3.276573127216428 3.269080156065339 3.26158718491425 3.254094213763161 3.2466012426120723 3.2391082714609833 3.2316153003098944 3.2241223291588055 3.2166293580077165 3.2091363868566276 3.2016434157055382 3.194150444554437 3.186657473403348
3.5251348754460454 3.5169313437310383 3.5087278120160312 3.5005242803010104 3.4923207485860033 3.484117216870996 3.475913685155989 3.467710153440982 3.459506621725975 3.451303090010968 3.4430995582959607 3.4348960265809536 3.4266924948659465 3.4184889631509394 3.4106033878872473 3.4030577152593877 3.3955120426315153 3.3879663700036557 3.380420697375796 3.3728750247479367 3.365329352120077 3.3577836794922176 3.350238006864358 3.342692334236498 3.3351466616086385 3.327600988980779 3.3200553163529194 3.31250964372506 3.3049639710972003 3.297418298469328 3.2898726258414683 3.282326953213609 3.274781280585749 3.2672356079578893 3.2596899353300297 3.25214426270217 3.2445985900743106 3.237052917446451 3.2295072448185915 3.221961572190732 3.214415899562872 3.2068702269350124 3.19932455430714 3.1917788816792805
3.5303490074120787 3.522253571088347 3.514158134764615 3.5060626984408696 3.4979672621171383 3.4898718257934065 3.4817763894696747 3.473680953145943 3.465585516822211 3.45749008049848 3.449394644174748 3.4412992078510163 3.4332037715272845 3.4251083352035527 3.417253138989529 3.4096547648848987 3.4020563907802552 3.394458016675625 3.386859642570995 3.3792612684663648 3.371662894361734 3.364064520257104 3.356466146152474 3.3488677720478437 3.3412693979432135 3.3336710238385834 3.326072649733953 3.3184742756293226 3.3108759015246925 3.3032775274200494 3.295679153315419 3.2880807792107887 3.2804824051061585 3.2728840310015284 3.265285656896898 3.2576872827922676 3.2500889086876374 3.2424905345830073 3.234892160478377 3.227293786373747 3.219695412269117 3.212097038164486 3.204498664059843 3.196900289955213
3.535563139378112 3.5275757984456555 3.5195884575131995 3.5116011165807293 3.5036137756482733 3.495626434715817 3.4876390937833603 3.4796517528509043 3.471664411918448 3.463677070985992 3.4556897300535354 3.447702389121079 3.439715048188623 3.4317277072561665 3.42390289009181 3.4162518145104093 3.408600738928995 3.4009496633475944 3.3932985877661936 3.385647512184793 3.3779964366033917 3.370345361021991 3.36269428544059 3.3550432098591894 3.347392134277788 3.3397410586963874 3.3320899831149866 3.324438907533586 3.316787831952185 3.309136756370771 3.30148568078937 3.2938346052079694 3.2861835296265682 3.2785324540451675 3.2708813784637667 3.263230302882366 3.2555792273009647 3.247928151719564 3.240277076138163 3.2326260005567624 3.2249749249753616 3.2173238493939604 3.209672773812547 3.202021698231146
3.540777271344145 3.532898025802964 3.5250187802617834 3.517139534720589 3.5092602891794082 3.501381043638227 3.4935017980970464 3.4856225525558653 3.4777433070146846 3.469864061473504 3.4619848159323228 3.454105570391142 3.4462263248499614 3.4383470793087803 3.430552641194091 3.42284886413592 3.415145087077735 3.4074413100195637 3.3997375329613924 3.392033755903221 3.384329978845049 3.376626201786878 3.3689224247287064 3.361218647670535 3.353514870612363 3.345811093554192 3.3381073164960204 3.3304035394378486 3.3226997623796772 3.3149959853214925 3.307292208263321 3.2995884312051498 3.2918846541469784 3.2841808770888066 3.276477100030635 3.268773322972464 3.2610695459142924 3.2533657688561206 3.2456619917979492 3.237958214739778 3.2302544376816065 3.2225506606234346 3.21484688356525 3.2071431065070786
3.5459914033101807 3.5382202531602753 3.53044910301037 3.5226779528604513 3.514906802710546 3.50713565256064 3.4993645024107347 3.4915933522608293 3.483822202110924 3.4760510519610186 3.4682799018111132 3.460508751661208 3.4527376015113025 3.444966451361397 3.437202392296376 3.4294459137614335 3.421689435226478 3.413932956691536 3.4061764781565937 3.3984199996216518 3.3906635210867098 3.3829070425517673 3.3751505640168253 3.367394085481883 3.359637606946941 3.351881128411999 3.3441246498770565 3.3363681713421145 3.328611692807172 3.3208552142722167 3.3130987357372748 3.3053422572023323 3.2975857786673903 3.2898293001324483 3.282072821597506 3.274316343062564 3.266559864527622 3.2588033859926795 3.2510469074577375 3.243290428922795 3.235533950387853 3.227777471852911 3.2200209933179553 3.2122645147830133
3.5512055352762135 3.5435424805175835 3.5358794257589534 3.5282163710003105 3.5205533162416804 3.5128902614830504 3.505227206724421 3.4975641519657907 3.4899010972071607 3.4822380424485306 3.4745749876899006 3.4669119329312705 3.459248878172641 3.451585823414011 3.443852143398657 3.4360429633869445 3.428233783375218 3.4204246033635055 3.4126154233517925 3.40480624334008 3.3969970633283673 3.389187883316654 3.3813787033049416 3.3735695232932286 3.365760343281516 3.357951163269803 3.3501419832580903 3.3423328032463777 3.3345236232346647 3.3267144432229387 3.3189052632112257 3.311096083199513 3.3032869031878 3.2954777231760874 3.287668543164375 3.279859363152662 3.272050183140949 3.264241003129236 3.2564318231175235 3.2486226431058105 3.240813463094098 3.233004283082385 3.225195103070659 3.2173859230589463
3.556419667242247 3.548864707874892 3.5413097485075378 3.53375478914017 3.5261998297728154 3.518644870405461 3.5110899110381064 3.5035349516707517 3.4959799923033974 3.4884250329360427 3.4808700735686884 3.4733151142013337 3.465760154833979 3.4582051954666246 3.4505018945009382 3.442640013012455 3.434778131523958 3.426916250035475 3.419054368546991 3.411192487058508 3.4033306055700243 3.395468724081541 3.387606842593058 3.3797449611045742 3.371883079616091 3.3640211981276074 3.356159316639124 3.3482974351506405 3.3404355536621573 3.3325736721736603 3.324711790685177 3.3168499091966934 3.30898802770821 3.3011261462197266 3.2932642647312433 3.2854023832427597 3.2775405017542765 3.269678620265793 3.2618167387773096 3.253954857288826 3.2460929758003427 3.238231094311859 3.2303692128233625 3.222507331334879
3.5616337992082823 3.5541869352322033 3.546740071256124 3.539293207280032 3.531846343303953 3.524399479327874 3.516952615351795 3.5095057513757157 3.5020588873996368 3.494612023423558 3.4871651594474784 3.4797182954713994 3.4722714314953205 3.464824567519241 3.457151645603223 3.4492370626379687 3.441322479672701 3.4334078967074473 3.425493313742193 3.4175787307769387 3.409664147811685 3.4017495648464307 3.393834981881177 3.3859203989159226 3.3780058159506683 3.3700912329854145 3.36217665002016 3.354262067054906 3.346347484089652 3.3384329011243845 3.3305183181591302 3.3226037351938764 3.314689152228622 3.306774569263368 3.298859986298114 3.29094540333286 3.283030820367606 3.2751162374023517 3.2672016544370974 3.2592870714718436 3.2513724885065893 3.2434579055413355 3.235543322576068 3.2276287396108136
3.5668479311743155 3.559509162589512 3.5521703940047082 3.5448316254198917 3.537492856835088 3.5301540882502844 3.522815319665481 3.515476551080677 3.5081377824958735 3.50079901391107 3.4934602453262658 3.486121476741462 3.4787827081566585 3.471443939571855 3.463801396705504 3.4558341122634797 3.447866827821441 3.4398995433794166 3.4319322589373917 3.423964974495367 3.4159976900533424 3.4080304056113175 3.4000631211692927 3.392095836727268 3.3841285522852433 3.3761612678432185 3.368193983401194 3.360226698959169 3.3522594145171443 3.344292130075106 3.3363248456330816 3.3283575611910567 3.320390276749032 3.3124229923070074 3.3044557078649825 3.2964884234229577 3.2885211389809332 3.2805538545389084 3.2725865700968835 3.264619285654859 3.256652001212834 3.2486847167708097 3.240717432328771 3.2327501478867466
3.5720620631403484 3.56483138994682 3.5576007167532917 3.5503700435597514 3.543139370366223 3.5359086971726947 3.5286780239791664 3.521447350785638 3.5142166775921098 3.506986004398582 3.4997553312050536 3.4925246580115252 3.485293984817997 3.4780633116244686 3.4704511478077853 3.4624311618889902 3.454411175970181 3.446391190051386 3.4383712041325905 3.430351218213795 3.4223312322949995 3.4143112463762044 3.406291260457409 3.3982712745386134 3.3902512886198184 3.382231302701023 3.3742113167822274 3.366191330863432 3.358171344944637 3.3501513590258276 3.342131373107032 3.334111387188237 3.3260914012694416 3.318071415350646 3.310051429431851 3.3020314435130556 3.29401145759426 3.2859914716754646 3.2779714857566695 3.269951499837874 3.2619315139190785 3.2539115280002835 3.2458915420814742 3.2378715561626787
