Figures/CREST_Example_wjb_NSE/PETs/wjb.pet.20101018.asc
ncols            288
nrows            254
xllcorner        113.274861
yllcorner        31.4918055
cellsize         0.008333333333
NODATA_value     -9999
[rows 160 to 179 of 254, columns 88 to 131 of 288]
1.429905514118087 1.4278511068689546 1.4257966996198221 1.4237422923706864 1.421687885121554 1.4196334778724216 1.4175790706232891 1.4155246633741567 1.4134702561250245 1.411415848875892 1.4093614416267597 1.4073070343776273 1.4052526271284949 1.4031982198793627 1.4015044677894304 1.4001962642195285 1.3988880606496241 1.397579857079722 1.3962716535098199 1.394963449939918 1.3936552463700158 1.3923470428001137 1.3910388392302115 1.3897306356603096 1.3884224320904075 1.3871142285205054 1.3858060249506035 1.3844978213807013 1.3831896178107992 1.3818814142408948 1.380573210670993 1.3792650071010908 1.3779568035311887 1.3766485999612865 1.3753403963913846 1.3740321928214825 1.3727239892515803 1.3714157856816782 1.3701075821117763 1.3687993785418742 1.367491174971972 1.3661829714020701 1.3648747678321658 1.3635665642622636
1.4289400128195482 1.4268154431325546 1.4246908734455608 1.4225663037585636 1.4204417340715698 1.4183171643845762 1.4161925946975826 1.414068025010589 1.4119434553235952 1.4098188856366016 1.407694315949608 1.4055697462626142 1.4034451765756206 1.401320606888627 1.3996055267095968 1.3983282000736277 1.3970508734376565 1.3957735468016874 1.3944962201657183 1.3932188935297491 1.39194156689378 1.3906642402578109 1.3893869136218417 1.3881095869858728 1.3868322603499037 1.3855549337139346 1.3842776070779654 1.3830002804419963 1.3817229538060272 1.380445627170056 1.379168300534087 1.3778909738981178 1.3766136472621486 1.3753363206261795 1.3740589939902106 1.3727816673542415 1.3715043407182723 1.3702270140823032 1.368949687446334 1.367672360810365 1.366395034174396 1.3651177075384269 1.3638403809024555 1.3625630542664864
1.4279745115210092 1.4257797793961542 1.4235850472712994 1.4213903151464407 1.4191955830215857 1.4170008508967307 1.414806118771876 1.412611386647021 1.410416654522166 1.408221922397311 1.406027190272456 1.4038324581476012 1.4016377260227462 1.3994429938978912 1.397706585629763 1.3964601359277269 1.3952136862256885 1.3939672365236524 1.3927207868216165 1.3914743371195804 1.3902278874175442 1.388981437715508 1.387734988013472 1.3864885383114358 1.3852420886093997 1.3839956389073635 1.3827491892053274 1.3815027395032913 1.3802562898012551 1.379009840099217 1.3777633903971809 1.3765169406951447 1.3752704909931086 1.3740240412910725 1.3727775915890363 1.3715311418870002 1.370284692184964 1.369038242482928 1.367791792780892 1.366545343078856 1.3652988933768198 1.3640524436747836 1.3628059939727453 1.3615595442707091
1.4270090102224695 1.4247441156597531 1.422479221097037 1.4202143265343168 1.4179494319716004 1.4156845374088842 1.4134196428461678 1.4111547482834517 1.4088898537207353 1.406624959158019 1.4043600645953027 1.4020951700325863 1.3998302754698702 1.3975653809071538 1.3958076445499277 1.3945920717818245 1.3933764990137192 1.392160926245616 1.3909453534775131 1.38972978070941 1.3885142079413069 1.3872986351732037 1.3860830624051006 1.3848674896369975 1.3836519168688943 1.3824363441007912 1.381220771332688 1.380005198564585 1.378789625796482 1.3775740530283767 1.3763584802602735 1.3751429074921706 1.3739273347240675 1.3727117619559643 1.3714961891878612 1.370280616419758 1.369065043651655 1.3678494708835518 1.3666338981154487 1.3654183253473455 1.3642027525792424 1.3629871798111393 1.3617716070430341 1.360556034274931
1.4260435089239305 1.423708451923353 1.4213733949227754 1.4190383379221938 1.4167032809216162 1.4143682239210387 1.412033166920461 1.4096981099198835 1.407363052919306 1.4050279959187284 1.4026929389181508 1.4003578819175733 1.3980228249169957 1.3956877679164181 1.3939087034700937 1.3927240076359235 1.3915393118017514 1.3903546159675813 1.3891699201334111 1.387985224299241 1.3868005284650708 1.385615832630901 1.3844311367967308 1.3832464409625607 1.3820617451283905 1.3808770492942204 1.3796923534600503 1.3785076576258801 1.37732296179171 1.3761382659575379 1.3749535701233677 1.3737688742891976 1.3725841784550274 1.3713994826208573 1.3702147867866872 1.369030090952517 1.367845395118347 1.3666606992841768 1.3654760034500066 1.3642913076158365 1.3631066117816664 1.3619219159474962 1.360737220113324 1.359552524279154
1.4250780076253917 1.4226727881869528 1.420267568748514 1.417862349310071 1.415457129871632 1.4130519104331931 1.4106466909947544 1.4082414715563154 1.4058362521178767 1.4034310326794377 1.4010258132409987 1.39862059380256 1.396215374364121 1.3938101549256823 1.3920097623902599 1.3908559434900227 1.3897021245897836 1.3885483056895465 1.3873944867893093 1.3862406678890722 1.385086848988835 1.383933030088598 1.3827792111883608 1.3816253922881236 1.3804715733878865 1.3793177544876494 1.3781639355874122 1.377010116687175 1.375856297786938 1.3747024788866988 1.3735486599864617 1.3723948410862246 1.3712410221859874 1.3700872032857503 1.3689333843855132 1.367779565485276 1.3666257465850389 1.3654719276848017 1.3643181087845646 1.3631642898843275 1.3620104709840901 1.360856652083853 1.359702833183614 1.358549014283377
1.4241125063268527 1.4216371244505526 1.4191617425742524 1.416686360697948 1.414210978821648 1.4117355969453478 1.4092602150690476 1.4067848331927475 1.4043094513164474 1.4018340694401472 1.399358687563847 1.396883305687547 1.3944079238112468 1.3919325419349466 1.3901108213104263 1.3889878793441222 1.387864937377816 1.3867419954115119 1.3856190534452077 1.3844961114789034 1.3833731695125993 1.3822502275462951 1.381127285579991 1.3800043436136868 1.3788814016473827 1.3777584596810786 1.3766355177147742 1.37551257574847 1.374389633782166 1.3732666918158598 1.3721437498495557 1.3710208078832515 1.3698978659169474 1.3687749239506433 1.3676519819843391 1.3665290400180348 1.3654060980517306 1.3642831560854265 1.3631602141191224 1.3620372721528182 1.360914330186514 1.35979138822021 1.3586684462539038 1.3575455042875997
1.423147005028314 1.4206014607141524 1.418055916399991 1.4155103720858253 1.4129648277716638 1.4104192834575022 1.407873739143341 1.4053281948291794 1.402782650515018 1.4002371062008565 1.3976915618866952 1.3951460175725336 1.3926004732583723 1.3900549289442108 1.3882118802305923 1.3871198151982211 1.3860277501658482 1.3849356851334769 1.3838436201011057 1.3827515550687346 1.3816594900363635 1.380567425003992 1.379475359971621 1.3783832949392498 1.3772912299068787 1.3761991648745076 1.3751070998421362 1.374015034809765 1.372922969777394 1.3718309047450208 1.3707388397126496 1.3696467746802785 1.3685547096479074 1.367462644615536 1.3663705795831649 1.3652785145507937 1.3641864495184226 1.3630943844860512 1.36200231945368 1.360910254421309 1.3598181893889378 1.3587261243565667 1.3576340593241936 1.3565419942918224
1.422181503729775 1.4195657969777522 1.4169500902257295 1.4143343834737023 1.4117186767216796 1.409102969969657 1.4064872632176342 1.4038715564656115 1.4012558497135887 1.3986401429615658 1.396024436209543 1.3934087294575204 1.3907930227054977 1.388177315953475 1.3863129391507585 1.3852517510523203 1.3841905629538802 1.383129374855442 1.382068186757004 1.3810069986585656 1.3799458105601274 1.3788846224616893 1.3778234343632512 1.3767622462648128 1.3757010581663747 1.3746398700679365 1.3735786819694982 1.37251749387106 1.371456305772622 1.3703951176741818 1.3693339295757436 1.3682727414773055 1.3672115533788671 1.366150365280429 1.3650891771819909 1.3640279890835525 1.3629668009851144 1.3619056128866762 1.360844424788238 1.3597832366897997 1.3587220485913616 1.3576608604929234 1.3565996723944833 1.3555384842960452
1.421216002431236 1.418530133241352 1.415844264051468 1.4131583948615793 1.4104725256716952 1.4077866564818113 1.4051007872919272 1.4024149181020433 1.3997290489121592 1.3970431797222753 1.3943573105323912 1.391671441342507 1.3889855721526232 1.386299702962739 1.3844139980709247 1.3833836869064193 1.3823533757419124 1.3813230645774073 1.380292753412902 1.3792624422483968 1.3782321310838916 1.3772018199193863 1.3761715087548811 1.3751411975903758 1.3741108864258706 1.3730805752613655 1.3720502640968602 1.371019952932355 1.3699896417678499 1.3689593306033427 1.3679290194388376 1.3668987082743325 1.365868397109827 1.364838085945322 1.3638077747808166 1.3627774636163115 1.3617471524518063 1.360716841287301 1.3596865301227958 1.3586562189582905 1.3576259077937853 1.3565955966292802 1.355565285464773 1.354534974300268
1.4202505011326962 1.417494469504951 1.4147384378772057 1.4119824062494555 1.4092263746217102 1.4064703429939647 1.4037143113662194 1.400958279738474 1.3982022481107286 1.3954462164829833 1.392690184855238 1.3899341532274925 1.3871781215997472 1.384422089972002 1.3825150569910893 1.381515622760517 1.380516188529943 1.379516754299371 1.3785173200687988 1.3775178858382264 1.3765184516076543 1.3755190173770822 1.3745195831465098 1.3735201489159377 1.3725207146853655 1.3715212804547932 1.370521846224221 1.3695224119936489 1.3685229777630765 1.3675235435325026 1.3665241093019305 1.3655246750713583 1.364525240840786 1.3635258066102138 1.3625263723796417 1.3615269381490693 1.3605275039184972 1.359528069687925 1.3585286354573527 1.3575292012267806 1.3565297669962084 1.355530332765636 1.3545308985350621 1.35353146430449
1.4192849998341575 1.4164588057685508 1.413632611702944 1.4108064176373327 1.407980223571726 1.4051540295061193 1.4023278354405126 1.399501641374906 1.3966754473092993 1.3938492532436926 1.3910230591780859 1.3881968651124792 1.3853706710468727 1.382544476981266 1.3806161159112553 1.3796475586146162 1.3786790013179753 1.3777104440213361 1.3767418867246968 1.3757733294280576 1.3748047721314183 1.3738362148347791 1.37286765753814 1.3718991002415006 1.3709305429448615 1.3699619856482221 1.368993428351583 1.3680248710549439 1.3670563137583045 1.3660877564616636 1.3651191991650244 1.364150641868385 1.363182084571746 1.3622135272751068 1.3612449699784674 1.3602764126818283 1.359307855385189 1.3583392980885498 1.3573707407919107 1.3564021834952713 1.3554336261986322 1.3544650689019928 1.3534965116053521 1.3525279543087128
1.4183194985356185 1.4154231420321506 1.4125267855286827 1.4096304290252097 1.4067340725217419 1.4038377160182738 1.400941359514806 1.398045003011338 1.3951486465078702 1.392252290004402 1.3893559335009342 1.3864595769974664 1.3835632204939983 1.3806668639905304 1.3787171748314218 1.3777794944687156 1.3768418141060077 1.3759041337433013 1.3749664533805952 1.3740287730178888 1.3730910926551827 1.3721534122924763 1.3712157319297702 1.3702780515670638 1.3693403712043577 1.3684026908416513 1.3674650104789452 1.3665273301162388 1.3655896497535327 1.3646519693908248 1.3637142890281184 1.3627766086654123 1.361838928302706 1.3609012479399998 1.3599635675772934 1.3590258872145873 1.358088206851881 1.3571505264891748 1.3562128461264684 1.3552751657637623 1.354337485401056 1.3533998050383496 1.3524621246756419 1.3515244443129355
1.4173539972370797 1.4143874782957504 1.4114209593544211 1.408454440413087 1.4054879214717577 1.4025214025304285 1.3995548835890992 1.39658836464777 1.3936218457064407 1.3906553267651114 1.3876888078237823 1.384722288882453 1.3817557699411238 1.3787892509997945 1.376818233751588 1.3759114303228146 1.37500462689404 1.3740978234652665 1.3731910200364932 1.37228421660772 1.3713774131789467 1.3704706097501735 1.3695638063214002 1.3686570028926268 1.3677501994638537 1.3668433960350803 1.3659365926063072 1.3650297891775338 1.3641229857487605 1.3632161823199858 1.3623093788912124 1.3614025754624393 1.360495772033666 1.3595889686048925 1.3586821651761194 1.357775361747346 1.356868558318573 1.3559617548897995 1.3550549514610262 1.354148148032253 1.3532413446034797 1.3523345411747063 1.3514277377459316 1.3505209343171583
1.4163884959385407 1.4133518145593502 1.4103151331801598 1.407278451800964 1.4042417704217736 1.401205089042583 1.3981684076633925 1.3951317262842018 1.3920950449050113 1.389058363525821 1.3860216821466302 1.3829850007674398 1.3799483193882494 1.3769116380090587 1.3749192926717542 1.3740433661769138 1.3731674396820719 1.3722915131872317 1.3714155866923914 1.370539660197551 1.3696637337027109 1.3687878072078705 1.3679118807130302 1.36703595421819 1.3661600277233497 1.3652841012285093 1.3644081747336692 1.3635322482388288 1.3626563217439884 1.3617803952491467 1.3609044687543064 1.360028542259466 1.3591526157646259 1.3582766892697855 1.3574007627749451 1.356524836280105 1.3556489097852646 1.3547729832904243 1.3538970567955841 1.3530211303007438 1.3521452038059034 1.3512692773110633 1.3503933508162214 1.349517424321381
1.4154229946400017 1.4123161508229498 1.4092093070058982 1.406102463188841 1.4029956193717892 1.3998887755547373 1.3967819317376855 1.3936750879206339 1.390568244103582 1.3874614002865302 1.3843545564694784 1.3812477126524265 1.3781408688353747 1.3750340250183228 1.3730203515919202 1.372175302031013 1.371330252470104 1.3704852029091967 1.3696401533482896 1.3687951037873822 1.3679500542264749 1.3671050046655675 1.3662599551046604 1.365414905543753 1.3645698559828456 1.3637248064219383 1.3628797568610311 1.3620347073001238 1.3611896577392164 1.3603446081783077 1.3594995586174003 1.358654509056493 1.3578094594955856 1.3569644099346785 1.3561193603737711 1.3552743108128638 1.3544292612519564 1.3535842116910493 1.352739162130142 1.3518941125692345 1.3510490630083272 1.35020401344742 1.349358963886511 1.348513914325604
1.414457493341462 1.411280487086549 1.4081034808316357 1.4049264745767172 1.401749468321804 1.398572462066891 1.3953954558119777 1.3922184495570646 1.3890414433021514 1.3858644370472382 1.3826874307923251 1.379510424537412 1.3763334182824987 1.3731564120275856 1.3711214105120848 1.3703072378851104 1.3694930652581347 1.3686788926311606 1.3678647200041862 1.3670505473772119 1.3662363747502375 1.3654222021232634 1.364608029496289 1.3637938568693146 1.3629796842423403 1.3621655116153661 1.3613513389883918 1.3605371663614174 1.359722993734443 1.3589088211074674 1.3580946484804932 1.3572804758535189 1.3564663032265445 1.3556521305995701 1.354837957972596 1.3540237853456216 1.3532096127186473 1.352395440091673 1.3515812674646988 1.3507670948377244 1.34995292221075 1.3491387495837757 1.3483245769568 1.3475104043298258
1.4134919920429232 1.4102448233501488 1.4069976546573744 1.4037504859645942 1.4005033172718198 1.3972561485790453 1.394008979886271 1.3907618111934965 1.387514642500722 1.3842674738079475 1.381020305115173 1.3777731364223986 1.3745259677296242 1.3712787990368498 1.369222469432251 1.3684391737392096 1.367655878046167 1.3668725823531256 1.3660892866600844 1.365305990967043 1.3645226952740017 1.3637393995809604 1.362956103887919 1.3621728081948778 1.3613895125018365 1.3606062168087951 1.3598229211157538 1.3590396254227124 1.3582563297296713 1.3574730340366286 1.3566897383435872 1.3559064426505458 1.3551231469575045 1.3543398512644633 1.353556555571422 1.3527732598783806 1.3519899641853392 1.3512066684922979 1.3504233727992567 1.3496400771062154 1.348856781413174 1.3480734857201326 1.34729019002709 1.3465068943340488
1.4137910726347214 1.410522039446086 1.4072530062574509 1.40398397306881 1.4007149398801748 1.3974459066915395 1.394176873502904 1.390907840314269 1.3876388071256336 1.3843697739369984 1.381100740748363 1.3778317075597277 1.3745626743710926 1.3712936411824572 1.3692209913797078 1.368427302468131 1.3676336135565528 1.366839924644976 1.3660462357333993 1.3652525468218226 1.364458857910246 1.3636651689986692 1.3628714800870925 1.3620777911755158 1.361284102263939 1.360490413352362 1.3596967244407854 1.3589030355292087 1.358109346617632 1.357315657706054 1.3565219687944772 1.3557282798829005 1.3549345909713235 1.3541409020597468 1.35334721314817 1.3525535242365934 1.3517598353250166 1.35096614641344 1.3501724575018632 1.3493787685902865 1.3485850796787098 1.3477913907671328 1.3469977018555548 1.346204012943978
1.4154419115571144 1.412202641328261 1.4089633710994072 1.405724100870548 1.4024848306416946 1.3992455604128409 1.3960062901839874 1.3927670199551339 1.3895277497262801 1.3862884794974266 1.383049209268573 1.3798099390397194 1.3765706688108659 1.3733313985820124 1.3712477817008732 1.3703995843791468 1.369551387057419 1.3687031897356927 1.3678549924139662 1.36700679509224 1.3661585977705135 1.3653104004487873 1.3644622031270608 1.3636140058053345 1.362765808483608 1.3619176111618818 1.3610694138401553 1.360221216518429 1.3593730191967026 1.3585248218749748 1.3576766245532483 1.356828427231522 1.3559802299097958 1.3551320325880694 1.3542838352663429 1.3534356379446166 1.3525874406228904 1.351739243301164 1.3508910459794374 1.3500428486577112 1.349194651335985 1.3483464540142585 1.3474982566925306 1.3466500593708042
