Figures/CREST_Example_wjb_NSE/PETs/wjb.pet.20090312.asc
ncols            288
nrows            254
xllcorner        113.274861
yllcorner        31.4918055
cellsize         0.008333333333
NODATA_value     -9999
[rows 76 to 94 of 254, columns 176 to 219 of 288]
0.4968503929634491 0.49728510736346626 0.4977198217634835 0.4981545361635007 0.4985892505635179 0.49902396496353507 0.49945867936355304 0.4998933937635702 0.5003281081635874 0.5007628225636046 0.5011975369636219 0.5016322513636391 0.5020669657636563 0.5025016801636735 0.5029363945636907 0.5033711089637078 0.5041665494823665 0.5053476143838612 0.5065286792853559 0.5077097441868528 0.5088908090883475 0.5100718739898422 0.5112529388913369 0.5124340037928318 0.5136150686943265 0.5147961335958212 -9999.0 -9999.0 -9999.0 0.5195203932018002 0.5207014581032949 -9999.0 -9999.0 -9999.0 -9999.0 -9999.0 -9999.0 -9999.0 -9999.0 -9999.0 -9999.0 -9999.0 -9999.0 -9999.0
0.4929913097460116 0.4933408836324681 0.49369045751892454 0.494040031405381 0.4943896052918375 0.49473917917829396 0.49508875306475103 0.49543832695120754 0.495787900837664 0.49613747472412045 0.49648704861057696 0.4968366224970334 0.4971861963834899 0.4975357702699464 0.49788534415640284 0.49823491804285935 0.4990562142238722 0.5003817922112412 0.5017073701986103 0.5030329481859817 0.5043585261733506 0.5056841041607197 0.5070096821480888 0.5083352601354578 0.5096608381228269 0.510986416110196 -9999.0 -9999.0 -9999.0 0.5162887280596723 0.5176143060470413 -9999.0 -9999.0 -9999.0 -9999.0 -9999.0 -9999.0 -9999.0 -9999.0 -9999.0 -9999.0 -9999.0 -9999.0 -9999.0
0.48913222652857413 0.48939665990146985 0.48966109327436563 0.48992552664726136 0.49018996002015713 0.49045439339305286 0.4907188267659491 0.4909832601388448 0.4912476935117406 0.4915121268846363 0.491776560257532 0.4920409936304278 0.4923054270033235 0.4925698603762193 0.492834293749115 0.4930987271220108 0.4939458789653779 0.49541597003862126 0.4968860611118646 0.4983561521851105 0.4998262432583539 0.5012963343315973 0.5027664254048406 0.504236516478084 0.5057066075513273 0.5071766986245707 -9999.0 -9999.0 0.5115869718443009 0.5130570629175443 0.5145271539907876 -9999.0 -9999.0 -9999.0 -9999.0 -9999.0 -9999.0 -9999.0 -9999.0 -9999.0 -9999.0 -9999.0 -9999.0 -9999.0
0.48527314331113336 0.4854524361704683 0.4856317290298032 0.4858110218891382 0.48599031474847315 0.4861696076078081 0.48634890046714335 0.4865281933264783 0.4867074861858133 0.4868867790451482 0.48706607190448314 0.48724536476381813 0.48742465762315307 0.487603950482488 0.48778324334182294 0.4879625362011579 0.48883554370687926 0.49045014786599705 0.49206475202511485 0.4936793561842354 0.49529396034335327 0.49690856450247106 0.49852316866158886 0.5001377728207067 0.5017523769798244 0.5033669811389423 0.5049815852980601 0.5065961894571779 0.5082107936162957 0.5098253977754135 -9999.0 -9999.0 -9999.0 -9999.0 -9999.0 -9999.0 -9999.0 -9999.0 -9999.0 -9999.0 -9999.0 -9999.0 -9999.0 -9999.0
0.48141406009369586 0.48150821243947006 0.4816023647852443 0.4816965171310185 0.4817906694767927 0.481884821822567 0.48197897416834135 0.48207312651411555 0.4821672788598898 0.482261431205664 0.4823555835514382 0.48244973589721246 0.48254388824298666 0.48263804058876086 0.4827321929345351 0.4828263452803093 0.4837252084483849 0.485484325693377 0.48724344293836913 0.4890025601833643 0.4907616774283564 0.4925207946733485 0.49427991191834064 0.49603902916333276 0.4977981464083249 0.49955726365331704 0.5013163808983092 0.5030754981433013 0.5048346153882934 0.5065937326332856 -9999.0 -9999.0 -9999.0 -9999.0 -9999.0 -9999.0 -9999.0 -9999.0 -9999.0 -9999.0 -9999.0 -9999.0 -9999.0 -9999.0
0.4775549768762584 0.4775639887084719 0.47757300054068536 0.4775820123728989 0.47759102420511235 0.47760003603732587 0.4776090478695394 0.47761805970175286 0.4776270715339664 0.47763608336617985 0.4776450951983934 0.47765410703060684 0.47766311886282037 0.47767213069503384 0.47768114252724736 0.47769015435946083 0.47861487318989065 0.4805185035207571 0.4824221338516235 0.48432576418249323 0.48622939451335967 0.4881330248442261 0.49003665517509254 0.491940285505959 0.4938439158368254 0.4957475461676918 0.4976511764985582 0.49955480682942466 0.5014584371602911 0.5033620674911575 -9999.0 -9999.0 -9999.0 -9999.0 -9999.0 -9999.0 -9999.0 -9999.0 -9999.0 -9999.0 -9999.0 -9999.0 -9999.0 -9999.0
0.4736958936588209 0.47361976497747366 0.47354363629612645 0.4734675076147792 0.47339137893343197 0.47331525025208476 0.4732391215707374 0.4731629928893901 0.4730868642080429 0.4730107355266957 0.47293460684534844 0.47285847816400123 0.47278234948265396 0.47270622080130675 0.47263009211995954 0.4725539634386123 0.47350453793139635 0.4755526813481371 0.47760082476487786 0.4796489681816221 0.48169711159836287 0.4837452550151036 0.4857933984318443 0.4878415418485851 0.48988968526532584 0.4919378286820666 0.49398597209880735 0.4960341155155481 0.49808225893228886 -9999.0 -9999.0 -9999.0 -9999.0 -9999.0 -9999.0 -9999.0 -9999.0 -9999.0 -9999.0 -9999.0 -9999.0 -9999.0 -9999.0 -9999.0
0.4698368104413834 0.4696755412464755 0.4695142720515675 0.46935300285665954 0.4691917336617516 0.46903046446684366 0.4688691952719354 0.46870792607702744 0.4685466568821195 0.4683853876872115 0.46822411849230355 0.4680628492973956 0.4679015801024876 0.46774031090757967 0.46757904171267173 0.46741777251776373 0.46839420267290205 0.4705868591755171 0.4727795156781322 0.474972172180751 0.47716482868336607 0.4793574851859811 0.48155014168859617 0.48374279819121124 0.48593545469382626 0.48812811119644134 0.4903207676990564 0.49251342420167143 0.4947060807042865 -9999.0 -9999.0 -9999.0 -9999.0 -9999.0 -9999.0 -9999.0 -9999.0 -9999.0 -9999.0 -9999.0 -9999.0 -9999.0 -9999.0 -9999.0
0.4659777272239459 0.46573131751547725 0.4654849078070086 0.4652384980985399 0.46499208839007117 0.4647456786816025 0.4644992689731334 0.4642528592646647 0.464006449556196 0.46376003984772735 0.46351363013925867 0.46326722043078994 0.46302081072232126 0.4627744010138526 0.4625279913053839 0.46228158159691524 0.4632838674144078 0.46562103700289714 0.46795820659138654 0.4702953761798799 0.47263254576836927 0.4749697153568586 0.477306884945348 0.4796440545338374 0.48198122412232675 0.48431839371081614 0.4866555632993055 0.4889927328877949 0.4913299024762843 -9999.0 -9999.0 -9999.0 -9999.0 -9999.0 -9999.0 -9999.0 -9999.0 -9999.0 -9999.0 -9999.0 -9999.0 -9999.0 -9999.0 -9999.0
0.46211864400650515 0.46178709378447563 0.46145554356244617 0.4611239933404167 0.4607924431183872 0.4604608928963577 0.46012934267432765 0.4597977924522982 0.45946624223026866 0.4591346920082392 0.45880314178620973 0.4584715915641802 0.45814004134215075 0.45780849112012123 0.45747694089809177 0.4571453906760623 0.4581735321559091 0.46065521483027294 0.4631368975046367 0.46561858017900476 0.4681002628533686 0.47058194552773236 0.4730636282020962 0.47554531087646 0.4780269935508238 0.4805086762251876 0.48299035889955144 0.48547204157391527 0.48795372424827904 0.49043540692264287 -9999.0 -9999.0 0.4978804549457385 0.5003621376201023 -9999.0 -9999.0 -9999.0 -9999.0 -9999.0 -9999.0 -9999.0 -9999.0 -9999.0 -9999.0
0.45825956078906765 0.45784287005347746 0.45742617931788726 0.457009488582297 0.4565927978467068 0.4561761071111166 0.4557594163755257 0.45534272563993544 0.45492603490434524 0.45450934416875505 0.4540926534331648 0.4536759626975746 0.4532592719619844 0.45284258122639415 0.45242589049080395 0.45200919975521375 0.4530631968974148 0.4556893926576529 0.45831558841789105 0.46094178417813364 0.4635679799383718 0.4661941756986099 0.46882037145884803 0.4714465672190861 0.47407276297932427 0.47669895873956236 0.4793251544998005 0.4819513502600386 0.48457754602027675 0.48720374178051484 0.489829937540753 0.4924561333009911 0.4950823290612337 0.4977085248214718 0.5003347205817099 -9999.0 -9999.0 -9999.0 -9999.0 -9999.0 -9999.0 -9999.0 -9999.0 -9999.0
0.45440047757163016 0.4538986463224792 0.4533968150733283 0.45289498382417737 0.45239315257502644 0.45189132132587545 0.4513894900767237 0.45088765882757276 0.45038582757842177 0.44988399632927084 0.4493821650801199 0.448880333830969 0.44837850258181805 0.44787667133266706 0.44737484008351613 0.4468730088343652 0.4479528616389205 0.450723570485033 0.4534942793311454 0.4562649881772625 0.459035697023375 0.4618064058694874 0.46457711471559987 0.4673478235617123 0.4701185324078247 0.47288924125393716 0.4756599501000496 0.47843065894616205 0.48120136779227446 0.48397207663838687 0.48674278548449934 0.48951349433061175 0.49228420317672894 0.49505491202284135 0.49782562086895377 -9999.0 -9999.0 -9999.0 -9999.0 -9999.0 -9999.0 -9999.0 -9999.0 -9999.0
0.45386919271975384 0.45328259072042654 0.45269598872109923 0.4521093867217719 0.4515227847224446 0.4509361827231173 0.450349580723789 0.44976297872446164 0.44917637672513433 0.448589774725807 0.4480031727264797 0.4474165707271524 0.4468299687278251 0.4462433667284978 0.4456567647291705 0.4450701627298431 0.4461464234849627 0.4490003221495297 0.45185422081409665 0.4547081194786685 0.4575620181432355 0.46041591680780247 0.4632698154723695 0.4661237141369365 0.46897761280150346 0.47183151146607044 0.4746854101306375 0.47753930879520445 0.48039320745977143 0.4832471061243384 0.4861010047889054 0.4889549034534724 0.4918088021180443 0.49466270078261126 0.49751659944717824 -9999.0 -9999.0 -9999.0 -9999.0 -9999.0 -9999.0 -9999.0 -9999.0 -9999.0
0.4568951145088339 0.4562241370130751 0.4555531595173164 0.45488218202155767 0.4542112045257989 0.45354022703004016 0.45286924953428026 0.45219827203852153 0.4515272945427628 0.4508563170470041 0.4501853395512453 0.44951436205548656 0.44884338455972783 0.4481724070639691 0.4475014295682103 0.4468304520724516 0.4478716430308582 0.4507431808073321 0.453614718583806 0.4564862563602848 0.45935779413675865 0.4622293319132325 0.46510086968970643 0.4679724074661803 0.4708439452426542 0.4737154830191281 0.47658702079560195 0.47945855857207587 0.48233009634854973 0.48520163412502365 0.4880731719014975 0.49094470967797144 0.4938162474544502 0.49668778523092405 0.49955932300739797 0.5024308607838719 -9999.0 -9999.0 -9999.0 -9999.0 -9999.0 -9999.0 -9999.0 -9999.0
0.4599210362979139 0.4591656833057237 0.45841033031353356 0.4576549773213434 0.4568996243291532 0.45614427133696306 0.4553889183447716 0.4546335653525814 0.4538782123603912 0.45312285936820107 0.4523675063760109 0.4516121533838207 0.45085680039163056 0.45010144739944036 0.4493460944072502 0.44859074141506006 0.44959686257675374 0.4524860394651345 0.4553752163535153 0.458264393241901 0.4611535701302818 0.46404274701866255 0.46693192390704336 0.4698211007954241 0.4727102776838049 0.4755994545721857 0.47848863146056647 0.4813778083489473 0.48426698523732803 0.48715616212570884 0.49004533901408964 0.4929345159024704 0.49582369279085614 0.4987128696792369 0.5016020465676176 0.5044912234559985 -9999.0 -9999.0 -9999.0 -9999.0 -9999.0 -9999.0 -9999.0 -9999.0
0.46294695808699393 0.4621072295983723 0.46126750110975073 0.4604277726211291 0.45958804413250753 0.4587483156438859 0.4579085871552629 0.45706885866664126 0.4562291301780197 0.45538940168939807 0.4545496732007765 0.45370994471215487 0.4528702162235333 0.45203048773491167 0.4511907592462901 0.45035103075766847 0.45132208212264924 0.45422889812293693 0.4571357141232246 0.46004253012351726 0.4629493461238049 0.4658561621240926 0.4687629781243803 0.471669794124668 0.4745766101249556 0.4774834261252433 0.480390242125531 0.4832970581258187 0.48620387412610633 0.489110690126394 0.4920175061266817 0.4949243221269694 0.49783113812726204 0.5007379541275497 -9999.0 -9999.0 -9999.0 -9999.0 -9999.0 -9999.0 0.5210856661295635 -9999.0 0.5268992981301388 -9999.0
0.46597287987607655 0.46504877589102345 0.46412467190597034 0.46320056792091724 0.46227646393586413 0.46135235995081103 0.4604282559657564 0.45950415198070327 0.45858004799565016 0.45765594401059706 0.45673184002554396 0.45580773604049085 0.45488363205543775 0.45395952807038464 0.4530354240853316 0.4521113201002785 0.4530473016685463 0.45597175678074087 0.45889621189293545 0.461820667005135 0.4647451221173296 0.4676695772295242 0.4705940323417188 0.4735184874539134 0.476442942566108 0.47936739767830255 0.48229185279049713 0.4852163079026917 0.48814076301488635 0.4910652181270809 0.4939896732392755 0.4969141283514701 0.49983858346366966 0.5027630385758642 -9999.0 -9999.0 -9999.0 -9999.0 -9999.0 0.5203097692490318 0.5232342243612264 0.526158679473421 0.5290831345856155 -9999.0
0.46899880166515656 0.46799032218367204 0.4669818427021875 0.465973363220703 0.46496488373921846 0.46395640425773393 0.4629479247762477 0.46193944529476316 0.46093096581327864 0.4599224863317941 0.45891400685030953 0.457905527368825 0.4568970478873405 0.45588856840585595 0.45488008892437143 0.4538716094428869 0.4547725212144418 0.45771461543854325 0.46065670966264477 0.46359880388675123 0.46654089811085275 0.4694829923349542 0.4724250865590557 0.47536718078315715 0.47830927500725867 0.48125136923136014 0.4841934634554616 0.4871355576795631 0.4900776519036646 0.49301974612776606 0.4959618403518675 0.49890393457596904 0.5018460288000756 0.504788123024177 0.5077302172482785 -9999.0 -9999.0 -9999.0 -9999.0 0.5224406883687859 0.5253827825928874 0.5283248768169889 0.5312669710410903 -9999.0
0.47202472345423657 0.4709318684763206 0.4698390134984046 0.4687461585204887 0.46765330354257273 0.4665604485646568 0.46546759358673895 0.464374738608823 0.463281883630907 0.46218902865299105 0.4610961736750751 0.46000331869715916 0.45891046371924316 0.4578176087413272 0.45672475376341126 0.4556318987854953 0.4564977407603372 0.45945747409634563 0.462417207432354 0.46537694076836744 0.4683366741043758 0.4712964074403842 0.47425614077639255 0.47721587411240096 0.4801756074484093 0.4831353407844177 0.4860950741204261 0.4890548074564345 0.4920145407924429 0.49497427412845124 0.4979340074644596 0.500893740800468 0.5038534741364814 0.5068132074724898 0.5097729408084982 0.5127326741445066 -9999.0 -9999.0 -9999.0 0.52457160748854 0.5275313408245484 0.5304910741605569 0.5334508074965653 0.5364105408325737
