Figures/CREST_Example_wjb_NSE/PETs/wjb.pet.20090217.asc
ncols            288
nrows            254
xllcorner        113.274861
yllcorner        31.4918055
cellsize         0.008333333333
NODATA_value     -9999
[rows 228 to 246 of 254, columns 176 to 219 of 288]
0.5236074594824836 0.5195719580465159 0.5155364566105483 0.5115009551745805 0.5074654537386128 0.5034299523026451 0.49939445086667056 0.49535894943070286 0.49132344799473515 0.48728794655876745 0.48325244512279975 0.4792169436868321 0.4751814422508644 0.4711459408148967 0.467110439378929 0.4630749379429613 0.46060854608949137 0.459819567883339 0.45903058967718663 0.45824161147103293 0.45745263326488056 0.4566636550587282 0.4558746768525759 0.4550856986464235 0.45429672044027114 0.45350774223411877 0.4527187640279664 0.4519297858218141 0.4511408076156617 0.45035182940950935 0.449562851203357 0.4487738729972046 0.4479848947910509 0.44719591658489855 0.44640693837874623 0.44561796017259386 0.4448289819664415 0.4440400037602891 0.44325102555413676 0.44246204734798444 0.4416730691418321 0.4408840909356797 0.44009511272952734 0.43930613452337497
0.5325372436850895 0.5284065370200839 0.5242758303550781 0.5201451236900724 0.5160144170250667 0.511883710360061 0.5077530036950483 0.5036222970300426 0.4994915903650368 0.4953608837000311 0.4912301770350254 0.4870994703700197 0.48296876370501396 0.47883805704000826 0.47470735037500256 0.47057664370999686 0.46805563895295643 0.4672554419576251 0.4664552449622937 0.46565504796696094 0.4648548509716296 0.46405465397629825 0.46325445698096684 0.4624542599856355 0.4616540629903041 0.46085386599497274 0.46005366899964134 0.45925347200431 0.4584532750089786 0.45765307801364724 0.4568528810183159 0.4560526840229845 0.45525248702765175 0.4544522900323204 0.453652093036989 0.45285189604165765 0.45205169904632625 0.4512515020509949 0.45045130505566355 0.44965110806033215 0.4488509110650008 0.4480507140696694 0.44725051707433805 0.44645032007900665
0.5414670278876993 0.5372411159936555 0.5330152040996118 0.528789292205568 0.5245633803115243 0.5203374684174805 0.5161115565234295 0.5118856446293858 0.507659732735342 0.5034338208412983 0.4992079089472545 0.4949819970532107 0.49075608515916697 0.4865301732651232 0.4823042613710794 0.47807834947703565 0.4755027318164248 0.4746913160319144 0.473879900247404 0.4730684844628922 0.4722570686783818 0.4714456528938714 0.47063423710936103 0.46982282132485065 0.46901140554034026 0.4681999897558299 0.46738857397131944 0.46657715818680906 0.4657657424022987 0.4649543266177883 0.4641429108332779 0.4633314950487675 0.46252007926425576 0.4617086634797453 0.46089724769523494 0.46008583191072455 0.45927441612621417 0.4584630003417038 0.4576515845571934 0.45684016877268296 0.4560287529881726 0.4552173372036622 0.4544059214191518 0.45359450563464143
0.5503968120903053 0.5460756949672235 0.5417545778441417 0.53743346072106 0.5331123435979782 0.5287912264748964 0.5244701093518073 0.5201489922287255 0.5158278751056438 0.511506757982562 0.5071856408594801 0.5028645237363983 0.4985434066133166 0.49422228949023483 0.489901172367153 0.4855800552440712 0.4829498246798899 0.4821271901062005 0.48130455553251106 0.48048192095882025 0.47965928638513083 0.4788366518114414 0.47801401723775205 0.47719138266406264 0.4763687480903732 0.4755461135166838 0.4747234789429944 0.473900844369305 0.4730782097956156 0.4722555752219262 0.47143294064823676 0.47061030607454735 0.46978767150085654 0.4689650369271672 0.46814240235347776 0.46731976777978834 0.4664971332060989 0.46567449863240956 0.46485186405872014 0.4640292294850307 0.4632065949113413 0.4623839603376519 0.4615613257639625 0.4607386911902731
0.5593265962929113 0.5549102739407915 0.5504939515886718 0.5460776292365519 0.5416613068844321 0.5372449845323123 0.532828662180185 0.5284123398280651 0.5239960174759454 0.5195796951238256 0.5151633727717058 0.510747050419586 0.5063307280674662 0.5019144057153464 0.4974980833632266 0.4930817610111068 0.49039691754335496 0.48956306418048656 0.4887292108176181 0.48789535745474827 0.48706150409187987 0.4862276507290114 0.485393797366143 0.4845599440032746 0.48372609064040617 0.4828922372775378 0.4820583839146693 0.4812245305518009 0.4803906771889325 0.47955682382606407 0.4787229704631957 0.4778891171003272 0.4770552637374574 0.476221410374589 0.4753875570117206 0.47455370364885213 0.47371985028598373 0.4728859969231153 0.4720521435602469 0.4712182901973785 0.47038443683451003 0.46955058347164164 0.4687167301087732 0.4678828767459048
0.5682563804955211 0.5637448529143633 0.5592333253332054 0.5547217977520476 0.5502102701708896 0.5456987425897318 0.5411872150085663 0.5366756874274085 0.5321641598462505 0.5276526322650927 0.5231411046839349 0.518629577102777 0.5141180495216191 0.5096065219404613 0.5050949943593035 0.5005834667781456 0.4978440104068233 0.49699893825477587 0.4961538661027284 0.4953087939506795 0.49446372179863207 0.49361864964658464 0.4927735774945372 0.4919285053424898 0.49108343319044234 0.4902383610383949 0.4893932888863474 0.4885482167343 0.48770314458225256 0.4868580724302051 0.4860130002781577 0.48516792812611026 0.4843228559740614 0.48347778382201395 0.48263271166996646 0.48178763951791903 0.4809425673658716 0.48009749521382417 0.47925242306177673 0.4784073509097293 0.47756227875768187 0.47671720660563444 0.475872134453587 0.4750270623015395
0.577186164698127 0.5725794318879311 0.5679726990777353 0.5633659662675394 0.5587592334573436 0.5541525006471477 0.549545767836944 0.5449390350267481 0.5403323022165523 0.5357255694063564 0.5311188365961605 0.5265121037859646 0.5219053709757688 0.5172986381655729 0.512691905355377 0.5080851725451812 0.5052911032702884 0.504434812329062 0.5035785213878354 0.5027222304466076 0.5018659395053812 0.5010096485641546 0.5001533576229282 0.49929706668170176 0.4984407757404753 0.4975844847992488 0.49672819385802236 0.49587190291679595 0.4950156119755695 0.494159321034343 0.4933030300931166 0.49244673915189013 0.4915904482106622 0.49073415726943576 0.4898778663282093 0.4890215753869828 0.4881652844457564 0.48730899350452994 0.4864527025633035 0.485596411622077 0.4847401206808506 0.4838838297396241 0.48302753879839766 0.4821712478571712
0.586115948900733 0.5814140108614991 0.5767120728222652 0.5720101347830314 0.5673081967437975 0.5626062587045636 0.5579043206653217 0.5532023826260878 0.548500444586854 0.5437985065476201 0.5390965685083862 0.5343946304691523 0.5296926924299183 0.5249907543906845 0.5202888163514506 0.5155868783122167 0.5127381961337535 0.511870686403348 0.5110031766729426 0.5101356669425356 0.5092681572121301 0.5084006474817246 0.5075331377513193 0.5066656280209137 0.5057981182905082 0.5049306085601027 0.5040630988296974 0.5031955890992919 0.5023280793688863 0.501460569638481 0.5005930599080755 0.49972555017767 0.49885804044726306 0.49799053071685756 0.4971230209864521 0.49625551125604667 0.49538800152564116 0.4945204917952357 0.4936529820648302 0.49278547233442477 0.4919179626040193 0.4910504528736138 0.49018294314320837 0.4893154334128029
0.5950457331033429 0.5902485898350709 0.5854514465667989 0.580654303298527 0.5758571600302551 0.5710600167619831 0.566262873493703 0.5614657302254311 0.5566685869571592 0.5518714436888872 0.5470743004206152 0.5422771571523433 0.5374800138840714 0.5326828706157994 0.5278857273475275 0.5230885840792555 0.5201852889972218 0.5193065604776373 0.5184278319580529 0.5175491034384668 0.5166703749188823 0.5157916463992979 0.5149129178797134 0.5140341893601289 0.5131554608405444 0.5122767323209599 0.5113980038013755 0.510519275281791 0.5096405467622065 0.508761818242622 0.5078830897230375 0.507004361203453 0.506125632683867 0.5052469041642825 0.504368175644698 0.5034894471251136 0.5026107186055291 0.5017319900859446 0.5008532615663601 0.4999745330467756 0.4990958045271911 0.4982170760076066 0.49733834748802214 0.49645961896843765
0.6039755173059488 0.5990831688086389 0.5941908203113289 0.589298471814019 0.5844061233167089 0.579513774819399 0.5746214263220807 0.5697290778247708 0.5648367293274608 0.5599443808301509 0.5550520323328408 0.5501596838355309 0.5452673353382209 0.540374986840911 0.5354826383436011 0.5305902898462911 0.527632381860687 0.5267424345519234 0.5258524872431599 0.5249625399343949 0.5240725926256314 0.5231826453168679 0.5222926980081044 0.5214027506993408 0.5205128033905774 0.5196228560818139 0.5187329087730503 0.5178429614642869 0.5169530141555234 0.5160630668467598 0.5151731195379964 0.5142831722292329 0.5133932249204679 0.5125032776117043 0.5116133303029409 0.5107233829941774 0.5098334356854138 0.5089434883766504 0.5080535410678869 0.5071635937591233 0.5062736464503599 0.5053836991415964 0.5044937518328328 0.5036038045240694
-9999.0 0.6017393958301531 0.5969683934916831 0.5921973911532131 0.5874263888147432 0.5826553864762731 0.5778843841377951 0.5731133817993251 0.5683423794608551 0.5635713771223851 0.5588003747839152 0.5540293724454453 0.5492583701069752 0.5444873677685053 0.5397163654300353 0.5349453630915653 0.5320920140492996 0.531288679770666 0.5304853454920322 0.5296820112133971 0.5288786769347634 0.5280753426561297 0.527272008377496 0.5264686740988622 0.5256653398202286 0.5248620055415948 0.524058671262961 0.5232553369843274 0.5224520027056936 0.5216486684270599 0.5208453341484262 0.5200419998697925 0.5192386655911574 0.5184353313125236 0.51763199703389 0.5168286627552562 0.5160253284766225 0.5152219941979888 0.5144186599193551 0.5136153256407213 0.5128119913620875 0.5120086570834539 0.5112053228048201 0.5104019885261865
-9999.0 -9999.0 -9999.0 -9999.0 -9999.0 -9999.0 -9999.0 0.5712822956287836 0.5668641192351733 0.5624459428415631 0.5580277664479528 0.5536095900543426 0.5491914136607323 0.5447732372671221 0.5403550608735118 0.5359368844799015 0.5333582390539037 0.5327460938546296 0.5321339486553555 0.5315218034560804 0.5309096582568062 0.5302975130575323 0.5296853678582581 0.529073222658984 0.5284610774597099 0.5278489322604358 0.5272367870611618 0.5266246418618877 0.5260124966626136 0.5254003514633395 0.5247882062640654 0.5241760610647914 0.5235639158655162 0.5229517706662422 0.5223396254669681 0.521727480267694 0.5211153350684199 0.5205031898691458 0.5198910446698718 0.5192788994705977 0.5186667542713236 0.5180546090720495 0.5174424638727754 0.5168303186735014
-9999.0 -9999.0 -9999.0 -9999.0 -9999.0 -9999.0 -9999.0 -9999.0 0.5653858590094921 0.5613205085607414 0.5572551581119908 0.5531898076632401 0.5491244572144893 0.5450591067657387 0.540993756316988 0.5369284058682373 0.534624464058507 0.5342035079385925 0.5337825518186781 0.5333615956987627 0.5329406395788483 0.5325196834589337 0.5320987273390192 0.5316777712191046 0.5312568150991901 0.5308358589792757 0.5304149028593611 0.5299939467394466 0.529572990619532 0.5291520344996176 0.528731078379703 0.5283101222597885 0.5278891661398732 0.5274682100199587 0.5270472539000441 0.5266262977801297 0.5262053416602152 0.5257843855403006 0.525363429420386 0.5249424733004715 0.5245215171805571 0.5241005610606425 0.523679604940728 0.5232586488208134
-9999.0 -9999.0 -9999.0 -9999.0 -9999.0 -9999.0 -9999.0 -9999.0 -9999.0 0.5601950742799198 0.5564825497760287 0.5527700252721376 0.5490575007682464 0.5453449762643553 0.5416324517604643 0.5379199272565731 0.5358906890631104 0.5356609220225556 0.5354311549820006 0.5352013879414452 0.5349716209008902 0.5347418538603352 0.5345120868197802 0.5342823197792254 0.5340525527386704 0.5338227856981154 0.5335930186575604 0.5333632516170055 0.5331334845764505 0.5329037175358955 0.5326739504953405 0.5324441834547856 0.5322144164142302 0.5319846493736753 0.5317548823331203 0.5315251152925653 0.5312953482520103 0.5310655812114554 0.5308358141709004 0.5306060471303454 0.5303762800897904 0.5301465130492355 0.5299167460086806 0.5296869789681256
-9999.0 -9999.0 -9999.0 -9999.0 -9999.0 -9999.0 -9999.0 -9999.0 -9999.0 0.5590696399990982 0.5557099414400666 0.5523502428810351 0.5489905443220036 0.5456308457629719 0.5422711472039404 0.5389114486449089 0.5371569140677139 0.5371183361065185 0.537079758145323 0.5370411801841276 0.5370026022229322 0.5369640242617368 0.5369254463005414 0.536886868339346 0.5368482903781505 0.5368097124169552 0.5367711344557597 0.5367325564945643 0.536693978533369 0.5366554005721735 0.5366168226109781 0.5365782446497828 0.5365396666885872 0.5365010887273919 0.5364625107661964 0.536423932805001 0.5363853548438057 0.5363467768826102 0.5363081989214148 0.5362696209602195 0.536231042999024 0.5361924650378286 0.5361538870766331 0.5361153091154378
-9999.0 -9999.0 -9999.0 -9999.0 -9999.0 -9999.0 -9999.0 -9999.0 -9999.0 0.5579442057182762 0.5549373331041043 0.5519304604899324 0.5489235878757606 0.5459167152615888 0.5429098426474169 0.5399029700332452 0.5384231390723179 0.5385757501904821 0.5387283613086463 0.5388809724268109 0.5390335835449751 0.5391861946631393 0.5393388057813036 0.5394914168994678 0.539644028017632 0.5397966391357962 0.5399492502539605 0.5401018613721247 0.5402544724902889 0.5404070836084531 0.5405596947266174 0.5407123058447817 0.5408649169629461 0.5410175280811104 0.5411701391992746 0.5413227503174388 0.541475361435603 0.5416279725537673 0.5417805836719315 -9999.0 -9999.0 -9999.0 -9999.0 0.5425436392627527
-9999.0 -9999.0 -9999.0 -9999.0 -9999.0 -9999.0 -9999.0 -9999.0 -9999.0 -9999.0 -9999.0 0.5515106780988299 0.5488566314295177 0.5462025847602054 0.5435485380908931 0.5408944914215809 0.5396893640769213 0.540033164274445 0.5403769644719689 0.5407207646694933 0.541064564867017 0.5414083650645408 0.5417521652620646 0.5420959654595884 0.5424397656571122 0.5427835658546359 0.5431273660521598 0.5434711662496836 0.5438149664472074 0.5441587666447312 0.544502566842255 0.5448463670397787 0.5451901672373031 0.545533967434827 0.5458777676323507 0.5462215678298745 0.5465653680273983 0.5469091682249221 0.5472529684224459 -9999.0 -9999.0 -9999.0 -9999.0 -9999.0
-9999.0 -9999.0 -9999.0 -9999.0 -9999.0 -9999.0 -9999.0 -9999.0 -9999.0 -9999.0 -9999.0 -9999.0 0.5487896749832748 0.5464884542588222 0.5441872335343695 0.5418860128099168 0.5409555890815249 0.5414905783584082 0.5420255676352915 0.5425605569121758 0.5430955461890591 0.5436305354659424 0.5441655247428258 0.5447005140197091 0.5452355032965924 0.5457704925734759 0.5463054818503592 0.5468404711272425 0.5473754604041259 0.5479104496810092 0.5484454389578926 0.5489804282347759 0.5495154175116601 0.5500504067885434 0.5505853960654268 0.5511203853423102 0.5516553746191936 0.5521903638960769 -9999.0 -9999.0 -9999.0 -9999.0 -9999.0 -9999.0
-9999.0 -9999.0 -9999.0 -9999.0 -9999.0 -9999.0 -9999.0 -9999.0 -9999.0 -9999.0 -9999.0 -9999.0 0.5487227185370318 0.5467743237574388 0.5448259289778459 0.5428775341982529 0.5422218140861287 0.5429479924423717 0.5436741707986147 0.5444003491548589 0.5451265275111019 0.5458527058673449 0.5465788842235879 0.5473050625798308 0.5480312409360738 0.5487574192923168 0.5494835976485598 0.5502097760048028 0.5509359543610458 0.5516621327172888 0.5523883110735318 0.5531144894297747 0.5538406677860189 0.5545668461422619 0.5552930244985049 0.5560192028547479 -9999.0 -9999.0 -9999.0 -9999.0 -9999.0 -9999.0 -9999.0 -9999.0
