Figures/CREST_Example_wjb_NSE/PETs/wjb.pet.20090828.asc
ncols            288
nrows            254
xllcorner        113.274861
yllcorner        31.4918055
cellsize         0.008333333333
NODATA_value     -9999
[rows 200 to 219 of 254, columns 176 to 219 of 288]
2.7673782173721153 2.7651043131696125 2.762830408967109 2.7605565047646063 2.758282600562103 2.7560086963596 2.7537347921570934 2.75146088795459 2.7491869837520873 2.746913079549584 2.744639175347081 2.742365271144578 2.740091366942075 2.7378174627395717 2.735543558537069 2.7332696543345656 2.731621871802916 2.7306434275044187 2.7296649832059217 2.7286865389074224 2.7277080946089254 2.726729650310428 2.725751206011931 2.7247727617134334 2.723794317414936 2.722815873116439 2.7218374288179414 2.720858984519444 2.719880540220947 2.7189020959224495 2.7179236516239524 2.716945207325455 2.715966763026956 2.7149883187284587 2.7140098744299612 2.713031430131464 2.7120529858329667 2.7110745415344697 2.7100960972359722 2.7091176529374748 2.7081392086389777 2.7071607643404803 2.7061823200419832 2.7052038757434858
2.7685938618074895 2.766365305096445 2.764136748385401 2.761908191674357 2.759679634963313 2.7574510782522688 2.7552225215412207 2.7529939648301767 2.750765408119132 2.748536851408088 2.746308294697044 2.744079737986 2.741851181274956 2.7396226245639115 2.7373940678528674 2.7351655111418234 2.7335025116559546 2.7324441056404405 2.731385699624926 2.73032729360941 2.7292688875938955 2.7282104815783814 2.727152075562867 2.7260936695473528 2.7250352635318382 2.723976857516324 2.7229184515008096 2.721860045485295 2.720801639469781 2.7197432334542664 2.7186848274387523 2.7176264214232377 2.716568015407722 2.7155096093922073 2.714451203376693 2.7133927973611787 2.7123343913456646 2.71127598533015 2.710217579314636 2.7091591732991214 2.7081007672836073 2.7070423612680927 2.7059839552525786 2.704925549237064
2.769809506242863 2.767626297023278 2.765443087803693 2.763259878584108 2.7610766693645226 2.7588934601449373 2.7567102509253485 2.7545270417057632 2.752343832486178 2.7501606232665927 2.7479774140470075 2.745794204827422 2.743610995607837 2.741427786388252 2.739244577168667 2.7370613679490816 2.735383151508994 2.7342447837764623 2.733106416043931 2.7319680483113977 2.7308296805788665 2.729691312846335 2.7285529451138038 2.727414577381272 2.726276209648741 2.7251378419162093 2.723999474183678 2.722861106451147 2.7217227387186154 2.720584370986084 2.7194460032535526 2.7183076355210214 2.717169267788488 2.716030900055957 2.714892532323425 2.713754164590894 2.7126157968583624 2.7114774291258312 2.7103390613932996 2.7092006936607684 2.7080623259282373 2.7069239581957056 2.7057855904631745 2.704647222730643
2.771025150678237 2.768887288950111 2.7667494272219844 2.7646115654938583 2.762473703765732 2.760335842037606 2.758197980309476 2.7560601185813494 2.7539222568532233 2.751784395125097 2.749646533396971 2.7475086716688444 2.745370809940718 2.743232948212592 2.7410950864844654 2.7389572247563394 2.7372637913620324 2.736045461912484 2.7348271324629354 2.733608803013385 2.7323904735638367 2.7311721441142884 2.7299538146647397 2.7287354852151915 2.7275171557656432 2.7262988263160945 2.7250804968665463 2.723862167416998 2.7226438379674494 2.721425508517901 2.720207179068353 2.718988849618804 2.7177705201692537 2.7165521907197054 2.715333861270157 2.7141155318206085 2.7128972023710602 2.711678872921512 2.7104605434719633 2.709242214022415 2.7080238845728664 2.706805555123318 2.70558722567377 2.7043688962242216
2.7722407951136114 2.7701482808769438 2.7680557666402765 2.7659632524036093 2.763870738166942 2.761778223930275 2.7596857096936036 2.7575931954569364 2.755500681220269 2.753408166983602 2.7513156527469347 2.749223138510267 2.7471306242735998 2.7450381100369325 2.7429455958002653 2.740853081563598 2.7391444312150717 2.7378461400485063 2.736547848881941 2.735249557715373 2.7339512665488077 2.7326529753822424 2.7313546842156766 2.7300563930491113 2.728758101882546 2.72745981071598 2.726161519549415 2.7248632283828496 2.723564937216284 2.7222666460497185 2.720968354883153 2.719670063716588 2.71837177255002 2.7170734813834545 2.715775190216889 2.7144768990503234 2.713178607883758 2.7118803167171928 2.710582025550627 2.7092837343840617 2.7079854432174963 2.7066871520509306 2.7053888608843653 2.7040905697178
2.773456439548985 2.7714092728037767 2.7693621060585683 2.76731493931336 2.7652677725681514 2.763220605822943 2.7611734390777314 2.759126272332523 2.7570791055873145 2.755031938842106 2.7529847720968976 2.750937605351689 2.7488904386064807 2.7468432718612723 2.744796105116064 2.7427489383708554 2.7410250710681106 2.7396468181845277 2.7382685653009453 2.7368903124173607 2.735512059533778 2.7341338066501955 2.732755553766613 2.7313773008830307 2.729999047999448 2.7286207951158654 2.727242542232283 2.7258642893487006 2.724486036465118 2.7231077835815354 2.721729530697953 2.7203512778143706 2.7189730249307855 2.717594772047203 2.7162165191636207 2.7148382662800383 2.713460013396456 2.712081760512873 2.7107035076292907 2.7093252547457083 2.707947001862126 2.706568748978543 2.7051904960949607 2.7038122432113783
2.774672083984359 2.772670264730609 2.77066844547686 2.7686666262231103 2.766664806969361 2.7646629877156115 2.7626611684618587 2.7606593492081095 2.75865752995436 2.7566557107006107 2.754653891446861 2.7526520721931114 2.750650252939362 2.7486484336856125 2.7466466144318633 2.7446447951781137 2.7429057109211494 2.74144749632055 2.7399892817199505 2.7385310671193484 2.737072852518749 2.7356146379181494 2.7341564233175495 2.73269820871695 2.7312399941163505 2.729781779515751 2.7283235649151516 2.726865350314552 2.7254071357139527 2.723948921113353 2.7224907065127533 2.721032491912154 2.719574277311552 2.7181160627109526 2.7166578481103527 2.7151996335097532 2.7137414189091538 2.7122832043085543 2.710824989707955 2.7093667751073554 2.707908560506756 2.7064503459061564 2.7049921313055565 2.703533916704957
2.7758877284197334 2.773931256657443 2.771974784895152 2.7700183131328617 2.7680618413705713 2.766105369608281 2.764148897845987 2.7621924260836965 2.760235954321406 2.7582794825591153 2.756323010796825 2.7543665390345344 2.752410067272244 2.7504535955099536 2.7484971237476628 2.7465406519853723 2.7447863507741888 2.743248174456572 2.7417099981389557 2.7401718218213365 2.73863364550372 2.7370954691861034 2.735557292868487 2.7340191165508703 2.7324809402332533 2.7309427639156367 2.72940458759802 2.7278664112804036 2.726328234962787 2.7247900586451705 2.723251882327554 2.7217137060099375 2.7201755296923182 2.7186373533747017 2.717099177057085 2.715561000739468 2.7140228244218516 2.712484648104235 2.7109464717866185 2.709408295469002 2.7078701191513854 2.706331942833769 2.7047937665161523 2.703255590198536
2.7826046954702197 2.78060111229615 2.778597529122081 2.776593945948011 2.7745903627739414 2.7725867795998718 2.7705831964257985 2.768579613251729 2.766576030077659 2.7645724469035895 2.76256886372952 2.76056528055545 2.7585616973813805 2.756558114207311 2.754554531033241 2.7525509478591714 2.750752666352095 2.749173856972315 2.7475950475925353 2.746016238212753 2.744437428832973 2.742858619453193 2.7412798100734133 2.7397010006936333 2.7381221913138534 2.7365433819340734 2.7349645725542935 2.7333857631745135 2.7318069537947336 2.730228144414954 2.728649335035174 2.727070525655394 2.7254917162756116 2.7239129068958317 2.7223340975160517 2.7207552881362718 2.719176478756492 2.717597669376712 2.7160188599969324 2.7144400506171524 2.7128612412373725 2.7112824318575925 2.7097036224778126 2.7081248130980327
2.7952022296605885 2.7930527023346494 2.7909031750087108 2.7887536476827717 2.7866041203568326 2.7844545930308935 2.782305065704951 2.7801555383790117 2.7780060110530727 2.775856483727134 2.773706956401195 2.771557429075256 2.7694079017493167 2.7672583744233776 2.7651088470974385 2.7629593197715 2.7610863117691693 2.7595089091804703 2.7579315065917713 2.7563541040030697 2.7547767014143707 2.7531992988256717 2.7516218962369727 2.7500444936482737 2.7484670910595748 2.7468896884708762 2.7453122858821772 2.7437348832934783 2.7421574807047793 2.7405800781160803 2.7390026755273813 2.7374252729386823 2.7358478703499807 2.7342704677612817 2.7326930651725827 2.731115662583884 2.729538259995185 2.727960857406486 2.726383454817787 2.7248060522290882 2.7232286496403892 2.7216512470516903 2.7200738444629913 2.7184964418742927
2.8077997638509626 2.805504292373154 2.803208820895346 2.8009133494175376 2.798617877939729 2.7963224064619205 2.7940269349841085 2.7917314635063 2.7894359920284915 2.7871405205506834 2.784845049072875 2.7825495775950664 2.780254106117258 2.77795863463945 2.7756631631616413 2.773367691683833 2.771419957186248 2.76984396138863 2.768267965591012 2.766691969793391 2.765115973995773 2.763539978198155 2.761963982400537 2.760387986602919 2.758811990805301 2.7572359950076835 2.7556599992100654 2.7540840034124474 2.7525080076148294 2.7509320118172114 2.7493560160195933 2.7477800202219753 2.7462040244243546 2.7446280286267366 2.7430520328291186 2.7414760370315006 2.7399000412338825 2.738324045436265 2.736748049638647 2.735172053841029 2.733596058043411 2.732020062245793 2.730444066448175 2.728868070650557
2.8203972980413314 2.817955882411654 2.815514466781976 2.8130730511522986 2.8106316355226206 2.8081902198929427 2.8057488042632612 2.8033073886335833 2.8008659730039054 2.798424557374228 2.79598314174455 2.7935417261148725 2.7911003104851946 2.788658894855517 2.786217479225839 2.7837760635961617 2.781753602603322 2.780179013596785 2.778604424590248 2.777029835583708 2.775455246577171 2.773880657570634 2.772306068564097 2.77073147955756 2.7691568905510233 2.7675823015444863 2.766007712537949 2.764433123531412 2.762858534524875 2.761283945518338 2.759709356511801 2.758134767505264 2.756560178498724 2.754985589492187 2.75341100048565 2.751836411479113 2.750261822472576 2.748687233466039 2.7471126444595018 2.7455380554529647 2.7439634664464276 2.7423888774398906 2.740814288433354 2.739239699426817
2.8329948322317002 2.8304074724501533 2.827820112668606 2.825232752887059 2.8226453931055118 2.820058033323965 2.8174706735424135 2.814883313760866 2.8122959539793193 2.8097085941977724 2.807121234416225 2.804533874634678 2.801946514853131 2.799359155071584 2.796771795290037 2.7941844355084897 2.7920872480203958 2.7905140658049397 2.7889408835894836 2.787367701374025 2.7857945191585687 2.7842213369431126 2.7826481547276565 2.781074972512201 2.7795017902967447 2.7779286080812886 2.7763554258658325 2.7747822436503764 2.7732090614349203 2.771635879219464 2.770062697004008 2.768489514788552 2.766916332573093 2.765343150357637 2.763769968142181 2.762196785926725 2.760623603711269 2.7590504214958127 2.7574772392803566 2.7559040570649005 2.7543308748494444 2.7527576926339883 2.751184510418532 2.749611328203076
2.8455923664220744 2.8428590624886576 2.8401257585552413 2.837392454621825 2.8346591506884087 2.831925846754992 2.8291925428215707 2.8264592388881544 2.823725934954738 2.820992631021322 2.818259327087905 2.8155260231544887 2.8127927192210724 2.8100594152876557 2.8073261113542394 2.804592807420823 2.802420893437475 2.8008491180130997 2.7992773425887245 2.7977055671643467 2.7961337917399716 2.7945620163155964 2.7929902408912213 2.791418465466846 2.789846690042471 2.788274914618096 2.7867031391937207 2.7851313637693456 2.7835595883449704 2.7819878129205953 2.78041603749622 2.778844262071845 2.777272486647467 2.775700711223092 2.774128935798717 2.7725571603743417 2.7709853849499666 2.7694136095255915 2.7678418341012163 2.766270058676841 2.764698283252466 2.763126507828091 2.7615547324037157 2.7599829569793406
2.858189900612443 2.8553106525271574 2.8524314044418717 2.849552156356586 2.8466729082713 2.843793660186014 2.8409144121007235 2.8380351640154378 2.835155915930152 2.8322766678448663 2.8293974197595806 2.826518171674295 2.823638923589009 2.820759675503723 2.8178804274184373 2.8150011793331515 2.812754538854549 2.8111841702212548 2.8096138015879606 2.8080434329546637 2.8064730643213696 2.8049026956880754 2.803332327054781 2.801761958421487 2.800191589788193 2.7986212211548986 2.7970508525216045 2.7954804838883103 2.793910115255016 2.792339746621722 2.7907693779884277 2.7891990093551335 2.7876286407218362 2.786058272088542 2.784487903455248 2.7829175348219537 2.7813471661886595 2.7797767975553653 2.778206428922071 2.776636060288777 2.775065691655483 2.7734953230221886 2.7719249543888944 2.7703545857556002
2.870787434802812 2.867762242565657 2.8647370503285017 2.8617118580913465 2.8586866658541914 2.8556614736170363 2.852636281379876 2.8496110891427207 2.8465858969055655 2.8435607046684104 2.8405355124312557 2.8375103201941005 2.8344851279569454 2.8314599357197903 2.828434743482635 2.82540955124548 2.8230881842716227 2.8215192224294094 2.8199502605871962 2.8183812987449803 2.816812336902767 2.815243375060554 2.8136744132183407 2.8121054513761274 2.810536489533914 2.808967527691701 2.8073985658494878 2.8058296040072745 2.8042606421650613 2.8026916803228477 2.8011227184806344 2.799553756638421 2.7979847947962053 2.796415832953992 2.794846871111779 2.7932779092695657 2.7917089474273524 2.790139985585139 2.788571023742926 2.7870020619007128 2.7854331000584995 2.7838641382162863 2.782295176374073 2.78072621453186
2.8833849689931803 2.880213832604156 2.8770426962151316 2.873871559826107 2.8707004234370825 2.8675292870480584 2.8643581506590285 2.861187014270004 2.8580158778809794 2.8548447414919553 2.8516736051029308 2.848502468713906 2.8453313323248817 2.8421601959358576 2.838989059546833 2.8358179231578085 2.833421829688697 2.8318542746375646 2.8302867195864323 2.8287191645352974 2.827151609484165 2.825584054433033 2.8240164993819006 2.8224489443307683 2.820881389279636 2.819313834228504 2.8177462791773715 2.8161787241262393 2.8146111690751066 2.8130436140239743 2.811476058972842 2.8099085039217098 2.808340948870575 2.8067733938194426 2.8052058387683103 2.803638283717178 2.802070728666046 2.8005031736149135 2.7989356185637813 2.797368063512649 2.7958005084615167 2.794232953410384 2.7926653983592518 2.7910978433081195
2.8959825031835544 2.8926654226426605 2.889348342101767 2.886031261560873 2.882714181019979 2.8793971004790855 2.8760800199381857 2.8727629393972918 2.8694458588563982 2.8661287783155043 2.8628116977746103 2.859494617233717 2.856177536692823 2.852860456151929 2.8495433756110353 2.8462262950701414 2.8437554751057754 2.842189326845724 2.840623178585673 2.8390570303256184 2.837490882065567 2.835924733805516 2.8343585855454645 2.832792437285413 2.831226289025362 2.8296601407653106 2.8280939925052593 2.826527844245208 2.8249616959851567 2.8233955477251054 2.821829399465054 2.8202632512050028 2.818697102944949 2.817130954684897 2.8155648064248457 2.8139986581647944 2.812432509904743 2.810866361644692 2.8093002133846405 2.8077340651245892 2.806167916864538 2.8046017686044866 2.8030356203444353 2.801469472084384
2.9085800373739232 2.9051170126811603 2.901653987988397 2.898190963295634 2.8947279386028706 2.8912649139101076 2.8878018892173385 2.884338864524575 2.880875839831812 2.877412815139049 2.873949790446286 2.8704867657535225 2.8670237410607595 2.863560716367996 2.860097691675233 2.85663466698247 2.8540891205228496 2.8525243790538792 2.850959637584909 2.849394896115936 2.847830154646965 2.8462654131779948 2.8447006717090244 2.843135930240054 2.8415711887710837 2.8400064473021134 2.838441705833143 2.8368769643641722 2.835312222895202 2.8337474814262316 2.832182739957261 2.830617998488291 2.829053257019318 2.8274885155503475 2.825923774081377 2.8243590326124064 2.822794291143436 2.8212295496744657 2.8196648082054954 2.818100066736525 2.8165353252675547 2.8149705837985843 2.8134058423296135 2.811841100860643
2.921177571564292 2.9175686027196597 2.913959633875027 2.9103506650303945 2.906741696185762 2.90313272734113 2.899523758496491 2.8959147896518584 2.892305820807226 2.8886968519625937 2.885087883117961 2.8814789142733286 2.8778699454286962 2.8742609765840634 2.870652007739431 2.8670430388947987 2.8644227659399237 2.8628594312620343 2.861296096584145 2.859732761906253 2.8581694272283635 2.8566060925504737 2.8550427578725843 2.853479423194695 2.8519160885168056 2.850352753838916 2.848789419161027 2.847226084483137 2.8456627498052476 2.844099415127358 2.842536080449469 2.8409727457715794 2.8394094110936874 2.8378460764157976 2.836282741737908 2.834719407060019 2.8331560723821294 2.83159273770424 2.8300294030263506 2.8284660683484613 2.8269027336705714 2.825339398992682 2.8237760643147927 2.8222127296369033
