Figures/CREST_Example_wjb_NSE/PETs/wjb.pet.20100731.asc
ncols            288
nrows            254
xllcorner        113.274861
yllcorner        31.4918055
cellsize         0.008333333333
NODATA_value     -9999
[rows 140 to 159 of 254, columns 225 to 269 of 288]
4.204967256931111 4.204147750023349 4.203328243115586 4.202508736207824 4.201689229300062 4.2008697223923 4.200050215484538 4.199230708576775 4.198411201669013 4.1975916947612495 4.196772187853487 4.195952680945725 4.195133174037962 4.1943136671302 4.193494160222437 4.1926746533146755 4.191855146406914 4.191035639499151 4.190216132591389 4.189396625683626 4.188577118775864 4.1877576118681015 4.186938104960338 4.186118598052576 4.185299091144814 4.184479584237051 4.183660077329289 4.183386259306766 4.1836957950552565 4.184005330803748 4.1843148665522385 4.18462440230073 4.1849339380492205 4.185243473797711 4.185553009546203 4.185862545294694 4.186172081043185 4.186481616791675 4.186791152540167 4.187100688288657 4.187410224037149 4.187719759785639 4.18802929553413 4.188338831282621 4.188648367031112
4.210073014316909 4.209138490530206 4.208203966743503 4.2072694429568 4.206334919170098 4.205400395383395 4.2044658715966925 4.20353134780999 4.202596824023287 4.201662300236583 4.20072777644988 4.199793252663177 4.198858728876474 4.197924205089772 4.196989681303069 4.1960551575163665 4.195120633729664 4.194186109942961 4.193251586156258 4.192317062369556 4.191382538582853 4.19044801479615 4.189513491009445 4.188578967222743 4.1876444434360405 4.186709919649338 4.185775395862635 4.185423192934219 4.185693504185238 4.185963815436257 4.1862341266872765 4.186504437938296 4.186774749189315 4.187045060440334 4.187315371691353 4.187585682942372 4.1878559941933915 4.188126305444411 4.18839661669543 4.188666927946449 4.188937239197468 4.189207550448487 4.1894778616995065 4.189748172950526 4.190018484201545
4.215178771702706 4.214129231037063 4.21307969037142 4.212030149705777 4.210980609040134 4.209931068374491 4.208881527708847 4.207831987043204 4.206782446377561 4.205732905711916 4.204683365046273 4.2036338243806295 4.2025842837149865 4.2015347430493435 4.2004852023837005 4.1994356617180575 4.1983861210524145 4.197336580386771 4.196287039721128 4.195237499055485 4.194187958389842 4.193138417724199 4.192088877058553 4.19103933639291 4.189989795727267 4.188940255061624 4.187890714395981 4.187460126561671 4.187691213315219 4.187922300068767 4.1881533868223135 4.188384473575861 4.188615560329408 4.188846647082956 4.189077733836503 4.189308820590051 4.189539907343598 4.189770994097146 4.190002080850693 4.190233167604241 4.190464254357788 4.1906953411113355 4.190926427864882 4.19115751461843 4.191388601371977
4.220284529088504 4.21911997154392 4.217955413999337 4.216790856454753 4.21562629891017 4.214461741365586 4.213297183821003 4.212132626276419 4.210968068731836 4.20980351118725 4.208638953642666 4.207474396098083 4.206309838553499 4.205145281008916 4.203980723464332 4.2028161659197485 4.2016516083751645 4.2004870508305805 4.199322493285997 4.198157935741413 4.19699337819683 4.195828820652246 4.194664263107661 4.193499705563077 4.192335148018493 4.19117059047391 4.190006032929326 4.189497060189124 4.1896889224452 4.189880784701276 4.1900726469573515 4.190264509213427 4.1904563714695025 4.190648233725578 4.190840095981653 4.19103195823773 4.191223820493805 4.191415682749881 4.191607545005956 4.191799407262033 4.191991269518108 4.192183131774184 4.192374994030259 4.1925668562863345 4.19275871854241
4.2253902864743065 4.224110712050782 4.222831137627258 4.221551563203734 4.22027198878021 4.218992414356686 4.217712839933162 4.216433265509638 4.215153691086114 4.213874116662587 4.212594542239063 4.211314967815539 4.2100353933920145 4.20875581896849 4.207476244544966 4.206196670121442 4.204917095697918 4.203637521274394 4.20235794685087 4.201078372427346 4.199798798003822 4.1985192235802975 4.197239649156771 4.195960074733247 4.1946805003097225 4.193400925886198 4.192121351462674 4.191533993816579 4.191686631575183 4.191839269333786 4.19199190709239 4.192144544850994 4.1922971826095985 4.192449820368202 4.192602458126806 4.19275509588541 4.192907733644014 4.193060371402618 4.193213009161221 4.193365646919825 4.193518284678429 4.193670922437033 4.193823560195637 4.193976197954241 4.194128835712845
4.2304960438601045 4.229101452557639 4.227706861255175 4.22631226995271 4.224917678650246 4.223523087347781 4.2221284960453165 4.220733904742851 4.219339313440387 4.21794472213792 4.216550130835455 4.215155539532991 4.213760948230527 4.212366356928062 4.210971765625597 4.209577174323132 4.208182583020668 4.206787991718203 4.205393400415739 4.203998809113274 4.202604217810809 4.201209626508344 4.199815035205877 4.198420443903413 4.197025852600948 4.195631261298484 4.19423666999602 4.193570927444031 4.193684340705163 4.193797753966295 4.193911167227427 4.194024580488559 4.194137993749692 4.194251407010824 4.1943648202719555 4.194478233533088 4.19459164679422 4.194705060055353 4.194818473316484 4.194931886577616 4.195045299838749 4.195158713099881 4.195272126361013 4.195385539622145 4.195498952883277
4.235601801245902 4.234092193064496 4.232582584883092 4.231072976701687 4.229563368520282 4.228053760338876 4.226544152157471 4.225034543976067 4.223524935794662 4.222015327613254 4.2205057194318485 4.218996111250443 4.217486503069038 4.215976894887634 4.2144672867062285 4.212957678524823 4.211448070343418 4.209938462162013 4.2084288539806085 4.206919245799203 4.205409637617798 4.203900029436393 4.202390421254985 4.200880813073581 4.199371204892175 4.19786159671077 4.196351988529365 4.195607861071483 4.195682049835144 4.195756238598804 4.1958304273624645 4.195904616126125 4.195978804889785 4.196052993653446 4.196127182417106 4.196201371180766 4.196275559944427 4.196349748708087 4.196423937471748 4.196498126235408 4.196572314999068 4.196646503762729 4.196720692526389 4.1967948812900495 4.19686907005371
4.2407075586317005 4.239082933571355 4.237458308511009 4.235833683450664 4.234209058390318 4.232584433329973 4.230959808269627 4.229335183209281 4.227710558148936 4.226085933088588 4.224461308028242 4.2228366829678965 4.221212057907551 4.219587432847206 4.21796280778686 4.216338182726514 4.214713557666169 4.213088932605824 4.211464307545478 4.209839682485132 4.208215057424787 4.206590432364441 4.204965807304093 4.203341182243747 4.201716557183402 4.2000919321230565 4.198467307062711 4.197644794698936 4.197679758965125 4.1977147232313134 4.197749687497502 4.1977846517636905 4.1978196160298795 4.1978545802960685 4.197889544562257 4.197924508828446 4.197959473094634 4.197994437360823 4.198029401627011 4.1980643658932 4.198099330159388 4.198134294425577 4.198169258691766 4.198204222957954 4.198239187224143
4.242514161853729 4.240877456984495 4.23924075211526 4.237604047246026 4.235967342376791 4.234330637507557 4.232693932638322 4.231057227769088 4.229420522899853 4.227783818030616 4.226147113161382 4.224510408292147 4.222873703422913 4.221236998553678 4.219600293684444 4.217963588815209 4.216326883945975 4.21469017907674 4.213053474207506 4.211416769338271 4.209780064469037 4.208143359599802 4.206506654730565 4.2048699498613304 4.203233244992096 4.201596540122861 4.199959835253627 4.1991025056622515 4.199078345885531 4.199054186108811 4.199030026332091 4.19900586655537 4.19898170677865 4.19895754700193 4.1989333872252095 4.198909227448489 4.198885067671769 4.198860907895049 4.198836748118328 4.198812588341608 4.198788428564888 4.198764268788167 4.198740109011447 4.198715949234727 4.198691789458007
4.240794177246656 4.239255425807474 4.237716674368293 4.2361779229291106 4.2346391714899285 4.2331004200507465 4.2315616686115645 4.230022917172383 4.228484165733201 4.226945414294017 4.225406662854835 4.2238679114156525 4.222329159976471 4.220790408537289 4.219251657098107 4.217712905658925 4.216174154219743 4.214635402780562 4.21309665134138 4.211557899902198 4.210019148463016 4.208480397023834 4.20694164558465 4.205402894145468 4.203864142706286 4.202325391267104 4.200786639827922 4.199941064110622 4.199836508931347 4.199731953752073 4.199627398572797 4.199522843393523 4.199418288214249 4.199313733034974 4.1992091778557 4.199104622676424 4.19900006749715 4.1988955123178755 4.198790957138601 4.198686401959326 4.198581846780051 4.198477291600777 4.198372736421502 4.198268181242227 4.198163626062953
4.239074192639581 4.2376333946304525 4.236192596621323 4.234751798612194 4.233311000603065 4.231870202593935 4.2304294045848065 4.228988606575677 4.227547808566548 4.226107010557416 4.2246662125482874 4.223225414539158 4.221784616530029 4.2203438185209 4.21890302051177 4.2174622225026415 4.216021424493512 4.214580626484383 4.213139828475254 4.211699030466124 4.2102582324569955 4.208817434447866 4.207376636438735 4.205935838429605 4.204495040420476 4.203054242411347 4.201613444402217 4.200779622558992 4.2005946719771625 4.200409721395334 4.200224770813505 4.200039820231676 4.199854869649847 4.199669919068018 4.199484968486189 4.19930001790436 4.199115067322531 4.198930116740701 4.198745166158872 4.198560215577044 4.198375264995215 4.198190314413385 4.198005363831556 4.197820413249728 4.197635462667899
4.237354208032509 4.236011363453432 4.234668518874356 4.233325674295279 4.231982829716203 4.230639985137126 4.2292971405580495 4.227954295978972 4.226611451399896 4.225268606820817 4.22392576224174 4.222582917662664 4.221240073083587 4.219897228504511 4.218554383925435 4.217211539346358 4.215868694767281 4.214525850188204 4.213183005609128 4.211840161030051 4.210497316450975 4.209154471871898 4.207811627292819 4.206468782713743 4.205125938134666 4.2037830935555895 4.2024402489765125 4.201618181007362 4.201352835022979 4.201087489038595 4.200822143054212 4.2005567970698285 4.200291451085445 4.200026105101062 4.199760759116678 4.199495413132295 4.199230067147911 4.198964721163528 4.198699375179145 4.198434029194762 4.198168683210378 4.197903337225995 4.197637991241612 4.197372645257229 4.197107299272845
4.235634223425436 4.234389332276411 4.233144441127387 4.231899549978364 4.23065465882934 4.229409767680315 4.228164876531292 4.226919985382268 4.225675094233243 4.224430203084218 4.223185311935193 4.2219404207861695 4.220695529637146 4.219450638488122 4.2182057473390975 4.216960856190074 4.21571596504105 4.2144710738920255 4.213226182743002 4.211981291593978 4.210736400444954 4.20949150929593 4.208246618146904 4.20700172699788 4.205756835848856 4.204511944699832 4.2032670535508085 4.202456739455732 4.202110998068794 4.201765256681857 4.201419515294919 4.201073773907981 4.200728032521043 4.200382291134106 4.200036549747169 4.199690808360231 4.199345066973293 4.198999325586355 4.198653584199417 4.19830784281248 4.197962101425542 4.197616360038604 4.197270618651667 4.196924877264729 4.1965791358777915
4.233914238818363 4.232767301099392 4.2316203633804195 4.230473425661448 4.229326487942477 4.228179550223506 4.2270326125045345 4.225885674785563 4.224738737066592 4.223591799347618 4.222444861628647 4.221297923909676 4.2201509861907045 4.219004048471733 4.217857110752762 4.21671017303379 4.215563235314819 4.2144162975958475 4.213269359876876 4.212122422157905 4.210975484438934 4.2098285467199625 4.208681609000989 4.207534671282017 4.206387733563046 4.205240795844075 4.204093858125104 4.203295297904102 4.20286916111461 4.2024430243251185 4.202016887535626 4.201590750746134 4.201164613956642 4.2007384771671505 4.200312340377658 4.199886203588165 4.1994600667986735 4.199033930009182 4.19860779321969 4.198181656430198 4.1977555196407055 4.197329382851214 4.196903246061722 4.19647710927223 4.196050972482738
4.23219425421129 4.231145269922371 4.2300962856334525 4.229047301344534 4.227998317055615 4.226949332766695 4.225900348477777 4.224851364188858 4.223802379899939 4.222753395611019 4.2217044113221 4.220655427033181 4.219606442744262 4.218557458455344 4.217508474166425 4.216459489877506 4.215410505588587 4.214361521299669 4.21331253701075 4.212263552721831 4.211214568432912 4.2101655841439936 4.209116599855073 4.208067615566154 4.2070186312772355 4.205969646988317 4.204920662699398 4.204133856352471 4.203627324160425 4.203120791968379 4.2026142597763325 4.202107727584286 4.20160119539224 4.201094663200194 4.200588131008147 4.200081598816101 4.199575066624054 4.199068534432008 4.198562002239962 4.198055470047915 4.197548937855869 4.197042405663822 4.196535873471777 4.19602934127973 4.1955228090876835
4.230474269604216 4.22952323874535 4.228572207886484 4.2276211770276175 4.226670146168751 4.225719115309886 4.22476808445102 4.223817053592153 4.222866022733287 4.221914991874419 4.220963961015553 4.220012930156687 4.219061899297821 4.218110868438955 4.2171598375800885 4.216208806721222 4.215257775862356 4.21430674500349 4.213355714144623 4.212404683285758 4.211453652426892 4.2105026215680255 4.209551590709157 4.208600559850291 4.207649528991425 4.2066984981325595 4.205747467273693 4.204972414800841 4.204385487206241 4.2037985596116405 4.203211632017039 4.202624704422439 4.202037776827838 4.201450849233238 4.200863921638637 4.200276994044035 4.199690066449435 4.199103138854834 4.198516211260234 4.1979292836656334 4.197342356071032 4.196755428476432 4.196168500881831 4.195581573287231 4.19499464569263
4.228754284997144 4.22790120756833 4.227048130139516 4.226195052710703 4.225341975281889 4.2244888978530755 4.2236358204242626 4.222782742995449 4.221929665566635 4.22107658813782 4.2202235107090065 4.219370433280193 4.21851735585138 4.217664278422566 4.216811200993752 4.215958123564938 4.2151050461361255 4.214251968707312 4.213398891278498 4.212545813849685 4.211692736420871 4.210839658992057 4.209986581563243 4.209133504134429 4.208280426705615 4.207427349276802 4.206574271847988 4.2058109732492115 4.205143650252056 4.204476327254902 4.203809004257747 4.2031416812605915 4.202474358263437 4.201807035266282 4.201139712269127 4.2004723892719715 4.199805066274816 4.199137743277661 4.198470420280507 4.1978030972833515 4.197135774286196 4.196468451289042 4.195801128291887 4.195133805294732 4.194466482297577
4.227034300390069 4.226279176391309 4.225524052392547 4.224768928393787 4.2240138043950255 4.223258680396265 4.222503556397504 4.221748432398743 4.220993308399982 4.22023818440122 4.219483060402459 4.218727936403699 4.217972812404938 4.217217688406177 4.216462564407416 4.215707440408655 4.214952316409894 4.214197192411134 4.213442068412372 4.212686944413612 4.211931820414851 4.21117669641609 4.210421572417328 4.209666448418567 4.208911324419806 4.208156200421045 4.2074010764222844 4.2066495316975825 4.205901813297873 4.205154094898163 4.204406376498454 4.203658658098745 4.202910939699036 4.202163221299327 4.201415502899617 4.200667784499907 4.199920066100198 4.199172347700488 4.198424629300779 4.19767691090107 4.1969291925013605 4.1961814741016505 4.195433755701941 4.194686037302232 4.193938318902523
4.225314315782995 4.224657145214287 4.223999974645579 4.223342804076871 4.222685633508163 4.222028462939455 4.221371292370746 4.220714121802038 4.22005695123333 4.21939978066462 4.218742610095912 4.218085439527203 4.217428268958495 4.2167710983897875 4.216113927821079 4.215456757252371 4.214799586683663 4.214142416114954 4.213485245546246 4.212828074977538 4.212170904408829 4.211513733840121 4.2108565632714114 4.2101993927027035 4.2095422221339955 4.208885051565287 4.208227880996579 4.207488090145952 4.206659976343688 4.205831862541425 4.205003748739161 4.204175634936897 4.203347521134634 4.20251940733237 4.201691293530106 4.2008631797278415 4.200035065925578 4.199206952123315 4.198378838321051 4.197550724518787 4.196722610716523 4.19589449691426 4.195066383111996 4.194238269309732 4.193410155507469
4.2235943311759225 4.223035114037267 4.222475896898612 4.221916679759956 4.221357462621301 4.220798245482644 4.220239028343989 4.219679811205333 4.219120594066678 4.2185613769280215 4.218002159789365 4.21744294265071 4.216883725512054 4.216324508373399 4.215765291234743 4.215206074096087 4.214646856957431 4.214087639818776 4.21352842268012 4.212969205541465 4.212409988402809 4.211850771264153 4.211291554125497 4.210732336986841 4.210173119848185 4.209613902709529 4.209054685570874 4.208326648594322 4.207418139389504 4.206509630184686 4.205601120979868 4.20469261177505 4.203784102570232 4.202875593365414 4.2019670841605965 4.201058574955777 4.200150065750959 4.1992415565461405 4.198333047341323 4.197424538136505 4.196516028931687 4.195607519726869 4.194699010522051 4.193790501317233 4.192881992112415
