Figures/CREST_Example_wjb_NSE/PETs/wjb.pet.20100417.asc
ncols            288
nrows            254
xllcorner        113.274861
yllcorner        31.4918055
cellsize         0.008333333333
NODATA_value     -9999
[rows 180 to 199 of 254, columns 176 to 219 of 288]
2.5376205406826005 2.537919630562746 2.5382187204428917 2.5385178103230372 2.5388169002031824 2.539115990083328 2.539415079963474 2.5397141698436196 2.540013259723765 2.5403123496039104 2.540611439484056 2.5409105293642016 2.5412096192443467 2.5415087091244923 2.541807799004638 2.5421068888847835 2.541499402481644 2.539922765518927 2.5383461285562103 2.536769491593491 2.5351928546307736 2.533616217668057 2.53203958070534 2.530462943742623 2.5288863067799063 2.5273096698171895 2.5257330328544723 2.5241563958917554 2.5225797589290386 2.521003121966322 2.519426485003605 2.5178498480408877 2.5162732110781683 2.5146965741154514 2.5131199371527346 2.511543300190018 2.5099666632273006 2.5083900262645837 2.506813389301867 2.50523675233915 2.5036601153764333 2.502083478413716 2.500506841450999 2.4989302044882824
2.5388320224569063 2.5390368199791222 2.5392416175013377 2.539446415023553 2.5396512125457686 2.539856010067984 2.5400608075902 2.5402656051124155 2.540470402634631 2.5406752001568464 2.540879997679062 2.5410847952012774 2.541289592723493 2.5414943902457083 2.5416991877679243 2.5419039852901397 2.5412465311837678 2.5396673105766063 2.538088089969445 2.5365088693622813 2.53492964875512 2.5333504281479584 2.531771207540797 2.5301919869336356 2.5286127663264746 2.527033545719313 2.5254543251121517 2.5238751045049903 2.522295883897829 2.520716663290668 2.5191374426835065 2.517558222076345 2.515979001469181 2.5143997808620195 2.5128205602548586 2.511241339647697 2.5096621190405357 2.5080828984333743 2.506503677826213 2.504924457219052 2.5033452366118905 2.501766016004729 2.5001867953975676 2.4986075747904066
2.5400435042312126 2.540154009395498 2.5402645145597833 2.540375019724069 2.5404855248883544 2.5405960300526402 2.540706535216926 2.5408170403812114 2.540927545545497 2.5410380507097825 2.541148555874068 2.5412590610383536 2.541369566202639 2.5414800713669248 2.54159057653121 2.541701081695496 2.5409936598858915 2.5394118556342855 2.53783005138268 2.536248247131071 2.5346664428794656 2.5330846386278596 2.531502834376254 2.5299210301246484 2.5283392258730424 2.526757421621437 2.5251756173698308 2.523593813118225 2.5220120088666196 2.5204302046150135 2.518848400363408 2.517266596111802 2.5156847918601937 2.5141029876085876 2.512521183356982 2.510939379105376 2.5093575748537704 2.507775770602165 2.506193966350559 2.504612162098953 2.503030357847347 2.5014485535957416 2.499866749344136 2.49828494509253
2.54125498600552 2.541271198811875 2.5412874116182307 2.5413036244245863 2.5413198372309416 2.5413360500372972 2.5413522628436525 2.541368475650008 2.541384688456364 2.541400901262719 2.5414171140690747 2.54143332687543 2.5414495396817856 2.541465752488141 2.5414819652944964 2.541498178100852 2.540740788588015 2.5391564006919647 2.5375720127959145 2.5359876248998616 2.5344032370038114 2.5328188491077612 2.531234461211711 2.529650073315661 2.5280656854196106 2.5264812975235604 2.5248969096275102 2.52331252173146 2.52172813383541 2.5201437459393596 2.5185593580433094 2.5169749701472592 2.5153905822512064 2.513806194355156 2.512221806459106 2.510637418563056 2.5090530306670056 2.5074686427709554 2.505884254874905 2.504299866978855 2.502715479082805 2.5011310911867546 2.4995467032907044 2.497962315394654
2.5424664677798257 2.542388388228251 2.5423103086766767 2.5422322291251023 2.542154149573528 2.5420760700219533 2.5419979904703784 2.541919910918804 2.5418418313672295 2.541763751815655 2.5416856722640806 2.541607592712506 2.5415295131609317 2.541451433609357 2.5413733540577828 2.5412952745062083 2.5404879172901387 2.538900945749644 2.5373139742091495 2.535727002668652 2.5341400311281572 2.532553059587663 2.530966088047168 2.5293791165066732 2.527792144966179 2.526205173425684 2.5246182018851893 2.523031230344695 2.5214442588042 2.5198572872637053 2.518270315723211 2.516683344182716 2.5150963726422186 2.5135094011017243 2.5119224295612295 2.5103354580207347 2.5087484864802403 2.5071615149397455 2.5055745433992507 2.5039875718587563 2.5024006003182615 2.5008136287777667 2.4992266572372723 2.4976396856967775
2.5436779495541315 2.5435055776446274 2.543333205735123 2.543160833825618 2.542988461916114 2.5428160900066095 2.5426437180971044 2.5424713461876003 2.5422989742780957 2.542126602368591 2.541954230459087 2.5417818585495824 2.541609486640078 2.541437114730573 2.541264742821069 2.5410923709115645 2.5402350459922625 2.538645490807323 2.537055935622384 2.5354663804374424 2.5338768252525035 2.532287270067564 2.530697714882625 2.529108159697686 2.527518604512747 2.5259290493278077 2.5243394941428687 2.5227499389579298 2.521160383772991 2.5195708285880514 2.5179812734031124 2.5163917182181734 2.5148021630332313 2.5132126078482924 2.5116230526633534 2.5100334974784144 2.508443942293475 2.506854387108536 2.505264831923597 2.503675276738658 2.5020857215537187 2.5004961663687797 2.4989066111838407 2.4973170559989017
2.544889431328438 2.5446227670610035 2.544356102793569 2.5440894385261346 2.5438227742587003 2.5435561099912656 2.543289445723831 2.5430227814563966 2.542756117188962 2.5424894529215276 2.5422227886540933 2.5419561243866586 2.5416894601192244 2.54142279585179 2.5411561315843554 2.540889467316921 2.5399821746943863 2.538390035865003 2.5367978970356195 2.5352057582062333 2.5336136193768497 2.532021480547466 2.5304293417180825 2.528837202888699 2.5272450640593154 2.525652925229932 2.524060786400548 2.522468647571165 2.5208765087417815 2.519284369912398 2.5176922310830143 2.5161000922536307 2.5145079534242445 2.512915814594861 2.5113236757654773 2.5097315369360937 2.50813939810671 2.506547259277327 2.5049551204479434 2.50336298161856 2.5017708427891763 2.5001787039597927 2.498586565130409 2.4969944263010255
2.546100913102744 2.5457399564773797 2.5453789998520153 2.545018043226651 2.5446570866012865 2.544296129975922 2.543935173350557 2.5435742167251925 2.543213260099828 2.5428523034744637 2.5424913468490993 2.542130390223735 2.5417694335983705 2.541408476973006 2.5410475203476417 2.5406865637222773 2.53972930339651 2.5381345809226823 2.536539858448854 2.5349451359750237 2.5333504135011955 2.5317556910273677 2.5301609685535396 2.528566246079712 2.5269715236058836 2.525376801132056 2.5237820786582277 2.5221873561844 2.5205926337105717 2.518997911236744 2.517403188762916 2.515808466289088 2.514213743815257 2.5126190213414294 2.5110242988676013 2.5094295763937735 2.5078348539199453 2.5062401314461176 2.5046454089722894 2.5030506864984616 2.5014559640246334 2.4998612415508057 2.4982665190769775 2.4966717966031498
2.54731239487705 2.5468571458937554 2.546401896910461 2.545946647927167 2.5454913989438723 2.545036149960578 2.544580900977283 2.5441256519939883 2.5436704030106942 2.5432151540273997 2.542759905044105 2.542304656060811 2.5418494070775166 2.541394158094222 2.540938909110928 2.5404836601276335 2.539476432098634 2.5378791259803615 2.536281819862089 2.5346845137438136 2.5330872076255413 2.531489901507269 2.5298925953889966 2.5282952892707242 2.526697983152452 2.5251006770341795 2.523503370915907 2.521906064797635 2.5203087586793624 2.51871145256109 2.5171141464428173 2.515516840324545 2.51391953420627 2.5123222280879975 2.510724921969725 2.509127615851453 2.5075303097331805 2.505933003614908 2.5043356974966358 2.5027383913783634 2.5011410852600906 2.4995437791418182 2.497946473023546 2.4963491669052735
2.5485238766513567 2.5479743353101325 2.547424793968908 2.5468752526276837 2.5463257112864595 2.545776169945235 2.5452266286040093 2.544677087262785 2.544127545921561 2.5435780045803362 2.543028463239112 2.5424789218978874 2.541929380556663 2.5413798392154385 2.5408302978742143 2.5402807565329897 2.539223560800757 2.5376236710380407 2.5360237812753237 2.534423891512604 2.532824001749887 2.5312241119871706 2.5296242222244536 2.5280243324617366 2.52642444269902 2.524824552936303 2.523224663173586 2.521624773410869 2.5200248836481527 2.5184249938854357 2.5168251041227188 2.5152252143600022 2.5136253245972826 2.5120254348345656 2.5104255450718487 2.508825655309132 2.507225765546415 2.505625875783698 2.5040259860209813 2.5024260962582647 2.5008262064955478 2.499226316732831 2.497626426970114 2.4960265372073973
2.549735358425663 2.5490915247265087 2.5484476910273544 2.5478038573282 2.5471600236290453 2.546516189929891 2.5458723562307357 2.545228522531581 2.5445846888324266 2.5439408551332723 2.543297021434118 2.5426531877349636 2.5420093540358093 2.541365520336655 2.5407216866375 2.540077852938346 2.538970689502881 2.53736821609572 2.5357657426885587 2.5341632692813945 2.5325607958742333 2.5309583224670718 2.5293558490599106 2.5277533756527495 2.526150902245588 2.524548428838427 2.5229459554312657 2.5213434820241045 2.519741008616943 2.518138535209782 2.5165360618026207 2.514933588395459 2.5133311149882953 2.5117286415811337 2.5101261681739726 2.5085236947668115 2.50692122135965 2.5053187479524888 2.5037162745453276 2.502113801138166 2.500511327731005 2.498908854323844 2.4973063809166827 2.495703907509521
2.5509468401999693 2.550208714142885 2.5494705880858004 2.548732462028716 2.547994335971632 2.5472562099145475 2.5465180838574617 2.5457799578003772 2.5450418317432932 2.544303705686209 2.5435655796291243 2.54282745357204 2.542089327514956 2.5413512014578714 2.540613075400787 2.5398749493437025 2.538717818205005 2.5371127611533995 2.5355077041017937 2.5339026470501853 2.5322975899985796 2.530692532946974 2.529087475895368 2.5274824188437623 2.5258773617921566 2.524272304740551 2.522667247688945 2.5210621906373394 2.5194571335857336 2.517852076534128 2.516247019482522 2.5146419624309164 2.513036905379308 2.5114318483277023 2.5098267912760965 2.508221734224491 2.506616677172885 2.5050116201212793 2.5034065630696736 2.501801506018068 2.500196448966462 2.4985913919148564 2.4969863348632506 2.495381277811645
2.552158321974275 2.551325903559261 2.5504934851442465 2.5496610667292323 2.5488286483142177 2.5479962298992036 2.5471638114841877 2.5463313930691736 2.545498974654159 2.544666556239145 2.5438341378241307 2.543001719409116 2.542169300994102 2.5413368825790874 2.5405044641640733 2.5396720457490587 2.538464946907129 2.5368573062110786 2.5352496655150283 2.5336420248189757 2.5320343841229254 2.530426743426875 2.528819102730825 2.5272114620347748 2.525603821338725 2.5239961806426745 2.5223885399466246 2.5207808992505742 2.519173258554524 2.517565617858474 2.5159579771624236 2.5143503364663737 2.5127426957703207 2.5111350550742704 2.5095274143782205 2.50791977368217 2.5063121329861198 2.50470449229007 2.5030968515940195 2.5014892108979696 2.4998815702019193 2.4982739295058694 2.496666288809819 2.4950586481137687
2.553369803748581 2.5524430929756368 2.5515163822026925 2.5505896714297482 2.549662960656804 2.5487362498838597 2.5478095391109137 2.5468828283379694 2.545956117565025 2.545029406792081 2.5441026960191366 2.5431759852461924 2.542249274473248 2.541322563700304 2.5403958529273596 2.539469142154415 2.5382120756092523 2.536601851268758 2.5349916269282633 2.533381402587766 2.531771178247271 2.5301609539067766 2.528550729566282 2.5269405052257876 2.525330280885293 2.523720056544798 2.5221098322043036 2.520499607863809 2.5188893835233146 2.51727915918282 2.515668934842325 2.5140587105018306 2.5124484861613334 2.510838261820839 2.5092280374803444 2.5076178131398494 2.506007588799355 2.5043973644588604 2.502787140118366 2.5011769157778714 2.4995666914373764 2.497956467096882 2.4963462427563874 2.494736018415893
2.5545812855228878 2.5535602823920134 2.552539279261139 2.5515182761302646 2.5504972729993907 2.5494762698685163 2.54845526673764 2.5474342636067657 2.5464132604758913 2.5453922573450174 2.544371254214143 2.5433502510832686 2.5423292479523942 2.54130824482152 2.5402872416906455 2.5392662385597715 2.537959204311376 2.536346396326437 2.534733588341498 2.533120780356556 2.5315079723716174 2.5298951643866783 2.528282356401739 2.5266695484168 2.525056740431861 2.5234439324469222 2.521831124461983 2.520218316477044 2.518605508492105 2.516992700507166 2.515379892522227 2.513767084537288 2.512154276552346 2.510541468567407 2.508928660582468 2.507315852597529 2.50570304461259 2.504090236627651 2.502477428642712 2.5008646206577727 2.499251812672834 2.497639004687895 2.496026196702956 2.4944133887180167
2.555792767297194 2.5546774718083896 2.5535621763195855 2.552446880830781 2.551331585341977 2.5502162898531724 2.549100994364366 2.547985698875562 2.5468704033867575 2.5457551078979535 2.544639812409149 2.543524516920345 2.5424092214315404 2.5412939259427363 2.5401786304539318 2.5390633349651277 2.5377063330135 2.536090941384116 2.534475549754733 2.5328601581253465 2.531244766495963 2.5296293748665795 2.528013983237196 2.5263985916078124 2.524783199978429 2.523167808349046 2.521552416719662 2.519937025090279 2.518321633460895 2.516706241831512 2.5150908502021285 2.513475458572745 2.511860066943359 2.510244675313975 2.508629283684592 2.507013892055208 2.505398500425825 2.503783108796441 2.5021677171670578 2.5005523255376745 2.4989369339082907 2.4973215422789075 2.4957061506495237 2.4940907590201404
2.5570042490715 2.5557946612247657 2.5545850733780315 2.5533754855312973 2.552165897684563 2.550956309837829 2.5497467219910925 2.5485371341443583 2.5473275462976237 2.5461179584508895 2.5449083706041553 2.543698782757421 2.542489194910687 2.5412796070639527 2.5400700192172185 2.5388604313704843 2.5374534617156237 2.535835486441796 2.534217511167968 2.5325995358941373 2.5309815606203094 2.5293635853464815 2.5277456100726536 2.5261276347988257 2.524509659524998 2.52289168425117 2.521273708977342 2.519655733703514 2.518037758429686 2.516419783155858 2.51480180788203 2.513183832608202 2.5115658573343715 2.5099478820605436 2.5083299067867157 2.506711931512888 2.50509395623906 2.503475980965232 2.501858005691404 2.5002400304175763 2.4986220551437484 2.4970040798699205 2.4953861045960926 2.493768129322264
2.5582157308458067 2.5569118506411423 2.555607970436478 2.5543040902318137 2.5530002100271494 2.551696329822485 2.550392449617819 2.5490885694131546 2.5477846892084903 2.546480809003826 2.5451769287991617 2.5438730485944974 2.542569168389833 2.5412652881851687 2.539961407980505 2.5386575277758405 2.5372005904177475 2.535580031499475 2.533959472581203 2.5323389136629277 2.5307183547446552 2.529097795826383 2.5274772369081107 2.525856677989838 2.524236119071566 2.5226155601532936 2.520995001235021 2.519374442316749 2.5177538833984765 2.516133324480204 2.514512765561932 2.5128922066436594 2.5112716477253842 2.5096510888071117 2.5080305298888397 2.506409970970567 2.504789412052295 2.5031688531340226 2.50154829421575 2.499927735297478 2.4983071763792055 2.496686617460933 2.495066058542661 2.4934454996243884
2.5594272126201125 2.558029040057518 2.556630867494924 2.5552326949323296 2.5538345223697356 2.552436349807141 2.5510381772445445 2.5496400046819505 2.548241832119356 2.546843659556762 2.5454454869941676 2.5440473144315736 2.542649141868979 2.541250969306385 2.5398527967437907 2.5384546241811967 2.5369477191198713 2.535324576557154 2.5337014339944375 2.532078291431718 2.530455148869001 2.5288320063062844 2.5272088637435677 2.5255857211808506 2.523962578618134 2.522339436055417 2.5207162934927005 2.5190931509299834 2.5174700083672668 2.51584686580455 2.514223723241833 2.5126005806791163 2.510977438116397 2.50935429555368 2.507731152990963 2.5061080104282465 2.5044848678655294 2.5028617253028127 2.501238582740096 2.4996154401773794 2.4979922976146622 2.4963691550519456 2.494746012489229 2.4931228699265118
2.5606386943944184 2.5591462294738943 2.55765376455337 2.556161299632846 2.554668834712322 2.5531763697917977 2.551683904871271 2.5501914399507464 2.5486989750302222 2.547206510109698 2.545714045189174 2.54422158026865 2.5427291153481253 2.541236650427601 2.539744185507077 2.538251720586553 2.5366948478219946 2.5350691216148338 2.5334433954076725 2.531817669200508 2.5301919429933473 2.528566216786186 2.5269404905790247 2.5253147643718634 2.523689038164702 2.522063311957541 2.5204375857503796 2.5188118595432183 2.5171861333360575 2.515560407128896 2.513934680921735 2.5123089547145736 2.5106832285074097 2.5090575023002484 2.507431776093087 2.505806049885926 2.5041803236787645 2.5025545974716032 2.500928871264442 2.499303145057281 2.49767741885012 2.4960516926429586 2.4944259664357973 2.492800240228636
