Figures/CREST_Example_wjb_NSE/PETs/wjb.pet.20100116.asc
ncols            288
nrows            254
xllcorner        113.274861
yllcorner        31.4918055
cellsize         0.008333333333
NODATA_value     -9999
[rows 95 to 113 of 254, columns 44 to 87 of 288]
0.8393068248350307 0.8391012635688195 0.8388957023026083 0.838690141036397 0.8384845797701859 0.8382790185039747 0.8380734572377635 0.8378678959715523 0.8376623347053407 0.8374567734391295 0.8372512121729183 0.8370456509067071 0.8368400896404959 0.8366345283742848 0.8364289671080735 0.8362234058418623 0.8360178445756511 0.8358122833094399 0.8356067220432287 0.8354011607770175 0.8351955995108064 0.8349900382445947 0.8347844769783835 0.8345789157121724 0.8343733544459612 0.83416779317975 0.8339622319135387 0.8337566706473275 0.8334341147598623 0.8329864889774894 0.8325388631951164 0.8320912374127435 0.8316436116303705 0.8311959858479976 0.8307483600656239 0.8303007342832509 0.829853108500878 0.829405482718505 0.8289578569361321 0.8285102311537591 0.8280626053713862 0.8276149795890132 0.8271673538066403 0.8267197280242673
0.8390521431644233 0.8388554096046336 0.8386586760448438 0.8384619424850541 0.8382652089252643 0.8380684753654746 0.8378717418056848 0.8376750082458951 0.837478274686105 0.8372815411263153 0.8370848075665255 0.8368880740067358 0.836691340446946 0.8364946068871563 0.8362978733273665 0.8361011397675768 0.835904406207787 0.8357076726479973 0.8355109390882075 0.8353142055284178 0.8351174719686281 0.834920738408838 0.8347240048490482 0.8345272712892585 0.8343305377294687 0.834133804169679 0.8339370706098892 0.8337403370500994 0.8334292040422194 0.8329957754382102 0.832562346834201 0.8321289182301917 0.8316954896261826 0.8312620610221734 0.8308286324181634 0.8303952038141542 0.829961775210145 0.8295283466061358 0.8290949180021266 0.8286614893981175 0.8282280607941083 0.827794632190099 0.8273612035860898 0.8269277749820806
0.8387974614938158 0.8386095556404476 0.8384216497870792 0.838233743933711 0.8380458380803427 0.8378579322269745 0.8376700263736061 0.8374821205202378 0.8372942146668693 0.837106308813501 0.8369184029601326 0.8367304971067644 0.8365425912533961 0.8363546854000278 0.8361667795466595 0.8359788736932913 0.835790967839923 0.8356030619865547 0.8354151561331864 0.8352272502798181 0.8350393444264499 0.8348514385730812 0.8346635327197129 0.8344756268663447 0.8342877210129764 0.8340998151596081 0.8339119093062398 0.8337240034528716 0.8334242933245766 0.8330050618989311 0.8325858304732857 0.8321665990476402 0.8317473676219947 0.8313281361963493 0.8309089047707031 0.8304896733450576 0.8300704419194121 0.8296512104937667 0.8292319790681213 0.8288127476424758 0.8283935162168303 0.8279742847911848 0.8275550533655394 0.8271358219398939
0.8385427798232082 0.8383637016762614 0.8381846235293147 0.8380055453823678 0.837826467235421 0.8376473890884741 0.8374683109415273 0.8372892327945805 0.8371101546476334 0.8369310765006865 0.8367519983537397 0.836572920206793 0.8363938420598461 0.8362147639128993 0.8360356857659524 0.8358566076190056 0.8356775294720589 0.835498451325112 0.8353193731781652 0.8351402950312183 0.8349612168842715 0.8347821387373244 0.8346030605903776 0.8344239824434307 0.8342449042964839 0.8340658261495372 0.8338867480025903 0.8337076698556435 0.8334193826069337 0.8330143483596519 0.8326093141123703 0.8322042798650886 0.8317992456178068 0.8313942113705252 0.8309891771232427 0.830584142875961 0.8301791086286793 0.8297740743813976 0.8293690401341158 0.8289640058868342 0.8285589716395524 0.8281539373922707 0.8277489031449891 0.8273438688977073
0.8382880981526009 0.8381178477120755 0.8379475972715501 0.8377773468310248 0.8376070963904994 0.837436845949974 0.8372665955094487 0.8370963450689233 0.8369260946283976 0.8367558441878723 0.836585593747347 0.8364153433068215 0.8362450928662962 0.8360748424257708 0.8359045919852455 0.8357343415447201 0.8355640911041947 0.8353938406636694 0.835223590223144 0.8350533397826186 0.8348830893420933 0.8347128389015677 0.8345425884610422 0.8343723380205169 0.8342020875799915 0.8340318371394662 0.8338615866989408 0.8336913362584154 0.8334144718892907 0.8330236348203728 0.8326327977514548 0.8322419606825369 0.8318511236136189 0.8314602865447009 0.8310694494757823 0.8306786124068644 0.8302877753379464 0.8298969382690283 0.8295061012001104 0.8291152641311924 0.8287244270622744 0.8283335899933565 0.8279427529244385 0.8275519158555206
0.8380334164819934 0.8378719937478895 0.8377105710137855 0.8375491482796816 0.8373877255455778 0.8372263028114739 0.83706488007737 0.8369034573432661 0.8367420346091619 0.836580611875058 0.8364191891409541 0.8362577664068502 0.8360963436727463 0.8359349209386424 0.8357734982045385 0.8356120754704346 0.8354506527363307 0.8352892300022268 0.8351278072681229 0.834966384534019 0.834804961799915 0.8346435390658109 0.834482116331707 0.8343206935976031 0.8341592708634992 0.8339978481293953 0.8338364253952913 0.8336750026611874 0.833409561171648 0.8330329212810937 0.8326562813905395 0.8322796414999852 0.8319030016094311 0.8315263617188768 0.8311497218283219 0.8307730819377677 0.8303964420472135 0.8300198021566593 0.829643162266105 0.8292665223755508 0.8288898824849966 0.8285132425944424 0.8281366027038881 0.8277599628133339
0.837778734811386 0.8376261397837036 0.8374735447560211 0.8373209497283387 0.8371683547006562 0.8370157596729738 0.8368631646452913 0.8367105696176089 0.8365579745899262 0.8364053795622437 0.8362527845345613 0.8361001895068788 0.8359475944791964 0.8357949994515139 0.8356424044238315 0.835489809396149 0.8353372143684666 0.8351846193407841 0.8350320243131018 0.8348794292854193 0.8347268342577369 0.8345742392300541 0.8344216442023716 0.8342690491746892 0.8341164541470067 0.8339638591193244 0.8338112640916419 0.8336586690639595 0.833404650454005 0.8330422077418146 0.832679765029624 0.8323173223174336 0.8319548796052431 0.8315924368930526 0.8312299941808615 0.830867551468671 0.8305051087564805 0.83014266604429 0.8297802233320996 0.829417780619909 0.8290553379077186 0.828692895195528 0.8283304524833376 0.827968009771147
0.8375240531407786 0.8373802858195176 0.8372365184982566 0.8370927511769957 0.8369489838557347 0.8368052165344737 0.8366614492132126 0.8365176818919516 0.8363739145706904 0.8362301472494295 0.8360863799281685 0.8359426126069075 0.8357988452856465 0.8356550779643855 0.8355113106431244 0.8353675433218635 0.8352237760006025 0.8350800086793415 0.8349362413580805 0.8347924740368196 0.8346487067155586 0.8345049393942974 0.8343611720730363 0.8342174047517753 0.8340736374305143 0.8339298701092533 0.8337861027879924 0.8336423354667314 0.8333997397363622 0.8330514942025354 0.8327032486687086 0.8323550031348819 0.8320067576010551 0.8316585120672284 0.831310266533401 0.8309620209995743 0.8306137754657476 0.8302655299319208 0.8299172843980941 0.8295690388642674 0.8292207933304406 0.8288725477966138 0.8285243022627871 0.8281760567289603
0.8372693714701711 0.8371344318553317 0.8369994922404921 0.8368645526256525 0.8367296130108131 0.8365946733959735 0.8364597337811339 0.8363247941662945 0.8361898545514547 0.8360549149366152 0.8359199753217756 0.8357850357069361 0.8356500960920966 0.835515156477257 0.8353802168624175 0.835245277247578 0.8351103376327385 0.834975398017899 0.8348404584030594 0.8347055187882199 0.8345705791733804 0.8344356395585406 0.834300699943701 0.8341657603288616 0.834030820714022 0.8338958810991824 0.833760941484343 0.8336260018695034 0.8333948290187193 0.8330607806632563 0.8327267323077933 0.8323926839523303 0.8320586355968673 0.8317245872414043 0.8313905388859407 0.8310564905304777 0.8307224421750147 0.8303883938195517 0.8300543454640887 0.8297202971086257 0.8293862487531627 0.8290522003976997 0.8287181520422366 0.8283841036867736
0.8370146897995637 0.8368885778911457 0.8367624659827276 0.8366363540743096 0.8365102421658914 0.8363841302574734 0.8362580183490553 0.8361319064406373 0.836005794532219 0.8358796826238009 0.8357535707153828 0.8356274588069648 0.8355013468985467 0.8353752349901286 0.8352491230817105 0.8351230111732925 0.8349968992648744 0.8348707873564564 0.8347446754480382 0.8346185635396202 0.8344924516312021 0.8343663397227838 0.8342402278143658 0.8341141159059476 0.8339880039975296 0.8338618920891115 0.8337357801806935 0.8336096682722755 0.8333899183010764 0.8330700671239771 0.8327502159468779 0.8324303647697786 0.8321105135926793 0.8317906624155801 0.8314708112384802 0.831150960061381 0.8308311088842817 0.8305112577071825 0.8301914065300832 0.829871555352984 0.8295517041758846 0.8292318529987854 0.8289120018216861 0.8285921506445869
0.8367600081289561 0.8366427239269596 0.836525439724963 0.8364081555229663 0.8362908713209697 0.8361735871189732 0.8360563029169765 0.8359390187149799 0.8358217345129831 0.8357044503109865 0.8355871661089899 0.8354698819069932 0.8353525977049967 0.8352353135030001 0.8351180293010034 0.8350007450990068 0.8348834608970103 0.8347661766950136 0.834648892493017 0.8345316082910204 0.8344143240890238 0.834297039887027 0.8341797556850303 0.8340624714830338 0.8339451872810372 0.8338279030790405 0.8337106188770439 0.8335933346750474 0.8333850075834335 0.833079353584698 0.8327736995859625 0.832468045587227 0.8321623915884915 0.831856737589756 0.8315510835910199 0.8312454295922844 0.8309397755935489 0.8306341215948133 0.8303284675960778 0.8300228135973423 0.8297171595986068 0.8294115055998713 0.8291058516011358 0.8288001976024003
0.8365053264583486 0.8363968699627735 0.8362884134671984 0.8361799569716233 0.8360715004760481 0.8359630439804729 0.8358545874848978 0.8357461309893227 0.8356376744937474 0.8355292179981721 0.835420761502597 0.8353123050070219 0.8352038485114468 0.8350953920158716 0.8349869355202965 0.8348784790247213 0.8347700225291462 0.834661566033571 0.8345531095379959 0.8344446530424208 0.8343361965468455 0.8342277400512703 0.8341192835556951 0.83401082706012 0.8339023705645449 0.8337939140689696 0.8336854575733945 0.8335770010778194 0.8333800968657907 0.8330886400454189 0.8327971832250471 0.8325057264046754 0.8322142695843036 0.8319228127639319 0.8316313559435595 0.8313398991231878 0.831048442302816 0.8307569854824443 0.8304655286620725 0.8301740718417007 0.8298826150213289 0.8295911582009572 0.8292997013805854 0.8290082445602136
0.8362506447877412 0.8361510159985875 0.836051387209434 0.8359517584202802 0.8358521296311265 0.8357525008419728 0.8356528720528191 0.8355532432636654 0.8354536144745116 0.8353539856853579 0.8352543568962042 0.8351547281070505 0.8350550993178969 0.8349554705287432 0.8348558417395895 0.8347562129504358 0.8346565841612821 0.8345569553721284 0.8344573265829747 0.8343576977938211 0.8342580690046674 0.8341584402155134 0.8340588114263598 0.8339591826372061 0.8338595538480524 0.8337599250588987 0.833660296269745 0.8335606674805913 0.8333751861481478 0.8330979265061398 0.8328206668641317 0.8325434072221237 0.8322661475801156 0.8319888879381077 0.8317116282960991 0.8314343686540911 0.8311571090120831 0.8308798493700751 0.830602589728067 0.830325330086059 0.8300480704440509 0.829770810802043 0.8294935511600349 0.8292162915180269
0.8359959631171339 0.8359051620344017 0.8358143609516695 0.8357235598689372 0.835632758786205 0.8355419577034727 0.8354511566207405 0.8353603555380084 0.835269554455276 0.8351787533725437 0.8350879522898115 0.8349971512070792 0.834906350124347 0.8348155490416148 0.8347247479588825 0.8346339468761503 0.834543145793418 0.8344523447106859 0.8343615436279537 0.8342707425452214 0.8341799414624892 0.8340891403797568 0.8339983392970246 0.8339075382142923 0.8338167371315601 0.8337259360488278 0.8336351349660956 0.8335443338833634 0.833370275430505 0.8331072129668606 0.8328441505032164 0.8325810880395721 0.8323180255759278 0.8320549631122836 0.8317919006486387 0.8315288381849945 0.8312657757213502 0.8310027132577059 0.8307396507940615 0.8304765883304173 0.830213525866773 0.8299504634031287 0.8296874009394845 0.8294243384758401
0.8357412814465264 0.8356593080702156 0.8355773346939048 0.8354953613175942 0.8354133879412834 0.8353314145649726 0.8352494411886618 0.8351674678123511 0.8350854944360401 0.8350035210597293 0.8349215476834185 0.8348395743071079 0.8347576009307971 0.8346756275544863 0.8345936541781755 0.8345116808018648 0.834429707425554 0.8343477340492432 0.8342657606729325 0.8341837872966217 0.8341018139203109 0.834019840544 0.8339378671676893 0.8338558937913785 0.8337739204150677 0.8336919470387569 0.8336099736624462 0.8335280002861354 0.833365364712862 0.8331164994275815 0.8328676341423009 0.8326187688570205 0.8323699035717399 0.8321210382864593 0.8318721730011783 0.8316233077158978 0.8313744424306172 0.8311255771453366 0.8308767118600562 0.8306278465747756 0.830378981289495 0.8301301160042145 0.8298812507189339 0.8296323854336534
0.835486599775919 0.8354134541060297 0.8353403084361404 0.8352671627662511 0.8351940170963618 0.8351208714264725 0.8350477257565831 0.8349745800866938 0.8349014344168044 0.8348282887469151 0.8347551430770258 0.8346819974071364 0.8346088517372472 0.8345357060673578 0.8344625603974685 0.8343894147275792 0.8343162690576899 0.8342431233878006 0.8341699777179112 0.834096832048022 0.8340236863781326 0.8339505407082431 0.8338773950383539 0.8338042493684645 0.8337311036985753 0.8336579580286859 0.8335848123587967 0.8335116666889073 0.8333604539952192 0.8331257858883023 0.8328911177813856 0.8326564496744687 0.8324217815675519 0.8321871134606351 0.8319524453537179 0.8317177772468011 0.8314831091398843 0.8312484410329675 0.8310137729260507 0.8307791048191339 0.8305444367122171 0.8303097686053003 0.8300751004983834 0.8298404323914667
0.8352319181053115 0.8351676001418437 0.8351032821783757 0.8350389642149079 0.83497464625144 0.8349103282879722 0.8348460103245043 0.8347816923610365 0.8347173743975685 0.8346530564341007 0.8345887384706329 0.834524420507165 0.8344601025436972 0.8343957845802293 0.8343314666167615 0.8342671486532937 0.8342028306898258 0.834138512726358 0.8340741947628901 0.8340098767994223 0.8339455588359544 0.8338812408724865 0.8338169229090185 0.8337526049455507 0.8336882869820829 0.833623969018615 0.8335596510551472 0.8334953330916793 0.8333555432775763 0.8331350723490233 0.8329146014204702 0.8326941304919172 0.832473659563364 0.832253188634811 0.8320327177062576 0.8318122467777046 0.8315917758491514 0.8313713049205984 0.8311508339920454 0.8309303630634923 0.8307098921349393 0.8304894212063862 0.8302689502778331 0.83004847934928
0.834977236434704 0.8349217461776576 0.8348662559206111 0.8348107656635648 0.8347552754065184 0.8346997851494721 0.8346442948924256 0.8345888046353792 0.8345333143783328 0.8344778241212863 0.83442233386424 0.8343668436071936 0.8343113533501472 0.8342558630931008 0.8342003728360544 0.8341448825790081 0.8340893923219617 0.8340339020649152 0.8339784118078689 0.8339229215508225 0.8338674312937762 0.8338119410367296 0.8337564507796833 0.8337009605226369 0.8336454702655904 0.8335899800085441 0.8335344897514977 0.8334789994944513 0.8333506325599335 0.8331443588097441 0.8329380850595548 0.8327318113093655 0.8325255375591761 0.8323192638089868 0.8321129900587971 0.8319067163086079 0.8317004425584186 0.8314941688082292 0.8312878950580399 0.8310816213078506 0.8308753475576612 0.830669073807472 0.8304628000572827 0.8302565263070933
0.8347225547640966 0.8346758922134716 0.8346292296628467 0.8345825671122218 0.8345359045615969 0.834489242010972 0.834442579460347 0.834395916909722 0.834349254359097 0.8343025918084721 0.8342559292578472 0.8342092667072223 0.8341626041565973 0.8341159416059724 0.8340692790553474 0.8340226165047225 0.8339759539540976 0.8339292914034726 0.8338826288528477 0.8338359663022228 0.8337893037515979 0.8337426412009729 0.833695978650348 0.833649316099723 0.833602653549098 0.8335559909984731 0.8335093284478482 0.8334626658972233 0.8333457218422905 0.833153645270465 0.8329615686986394 0.8327694921268138 0.8325774155549882 0.8323853389831627 0.8321932624113367 0.8320011858395112 0.8318091092676856 0.8316170326958601 0.8314249561240344 0.8312328795522089 0.8310408029803833 0.8308487264085578 0.8306566498367322 0.8304645732649066
