Figures/CREST_Example_wjb_NSE/PETs/wjb.pet.20100915.asc
ncols            288
nrows            254
xllcorner        113.274861
yllcorner        31.4918055
cellsize         0.008333333333
NODATA_value     -9999
[rows 120 to 139 of 254, columns 132 to 175 of 288]
2.2432732710560517 2.241038610172366 2.238803949288681 2.2365692884049952 2.23433462752131 2.2320999666376244 2.2298653057539393 2.2276306448702536 2.225395983986568 2.223161323102883 2.220926662219197 2.218692001335508 2.216457340451823 2.2142226795681372 2.2119880186844516 2.2097533578007664 2.207518696917081 2.2052840360333956 2.20304937514971 2.200814714266025 2.198580053382339 2.196345392498654 2.1941107316149684 2.1918760707312828 2.1896414098475936 2.1874067489639084 2.185172088080223 2.1829374271965376 2.180702766312852 2.1784681054291664 2.176572377579621 2.1750389768107343 2.1735055760418476 2.171972175272961 2.170438774504074 2.1689053737351873 2.1673719729663006 2.165838572197411 2.1643051714285244 2.1627717706596377 2.161238369890751 2.159704969121864 2.1581715683529774 2.1566381675840907
2.249123036217127 2.246874798701415 2.2446265611857026 2.24237832366999 2.2401300861542777 2.2378818486385654 2.2356336111228527 2.2333853736071405 2.2311371360914283 2.2288888985757156 2.2266406610600034 2.224392423544287 2.222144186028575 2.2198959485128626 2.21764771099715 2.2153994734814377 2.2131512359657255 2.210902998450013 2.2086547609343006 2.2064065234185883 2.2041582859028757 2.2019100483871634 2.199661810871451 2.1974135733557385 2.1951653358400223 2.19291709832431 2.190668860808598 2.188420623292885 2.186172385777173 2.1839241482614606 2.182008391729534 2.180448064890483 2.178887738051432 2.1773274112123806 2.1757670843733297 2.1742067575342787 2.1726464306952273 2.1710861038561737 2.169525777017123 2.1679654501780714 2.1664051233390205 2.1648447964999695 2.163284469660918 2.161724142821867
2.254972801378203 2.2527109872304636 2.2504491730827243 2.248187358934985 2.2459255447872457 2.243663730639506 2.2414019164917667 2.2391401023440274 2.236878288196288 2.234616474048549 2.2323546599008095 2.230092845753066 2.227831031605327 2.2255692174575876 2.223307403309848 2.2210455891621086 2.2187837750143693 2.21652196086663 2.2142601467188907 2.2119983325711514 2.209736518423412 2.2074747042756724 2.205212890127933 2.202951075980194 2.2006892618324505 2.198427447684711 2.196165633536972 2.1939038193892326 2.1916420052414933 2.189380191093754 2.1874444058794467 2.185857152970231 2.1842699000610155 2.1826826471518004 2.181095394242585 2.1795081413333697 2.177920888424154 2.176333635514936 2.1747463826057207 2.173159129696505 2.1715718767872896 2.1699846238780744 2.168397370968859 2.1668101180596437
2.260822566539279 2.258547175759513 2.2562717849797465 2.25399639419998 2.2517210034202138 2.2494456126404474 2.247170221860681 2.2448948310809147 2.2426194403011483 2.240344049521382 2.2380686587416156 2.2357932679618457 2.2335178771820794 2.231242486402313 2.2289670956225467 2.2266917048427803 2.224416314063014 2.2221409232832476 2.2198655325034813 2.217590141723715 2.2153147509439486 2.2130393601641822 2.210763969384416 2.2084885786046495 2.2062131878248796 2.2039377970451133 2.201662406265347 2.1993870154855806 2.1971116247058142 2.194836233926048 2.1928804200293595 2.1912662410499797 2.1896520620706 2.18803788309122 2.1864237041118404 2.1848095251324606 2.183195346153081 2.1815811671736984 2.1799669881943187 2.178352809214939 2.176738630235559 2.1751244512561794 2.1735102722767996 2.17189609329742
2.2666723317003594 2.264383364288566 2.262094396876773 2.2598054294649796 2.2575164620531862 2.255227494641393 2.2529385272296 2.2506495598178065 2.248360592406013 2.2460716249942196 2.2437826575824267 2.2414936901706293 2.239204722758836 2.236915755347043 2.2346267879352495 2.232337820523456 2.2300488531116627 2.2277598856998697 2.2254709182880763 2.223181950876283 2.2208929834644895 2.2186040160526965 2.216315048640903 2.2140260812291097 2.2117371138173127 2.2094481464055193 2.207159178993726 2.2048702115819325 2.2025812441701396 2.200292276758346 2.1983164341792767 2.1966753291297327 2.1950342240801883 2.1933931190306444 2.1917520139811004 2.190110908931556 2.188469803882012 2.1868286988324654 2.185187593782921 2.183546488733377 2.181905383683833 2.1802642786342887 2.1786231735847448 2.176982068535201
2.2725220968614352 2.270219552817615 2.2679170087737948 2.2656144647299743 2.2633119206861543 2.261009376642334 2.258706832598514 2.2564042885546933 2.2541017445108733 2.251799200467053 2.249496656423233 2.2471941123794084 2.2448915683355883 2.242589024291768 2.240286480247948 2.2379839362041274 2.2356813921603074 2.233378848116487 2.231076304072667 2.2287737600288464 2.2264712159850264 2.224168671941206 2.2218661278973855 2.2195635838535654 2.2172610398097414 2.214958495765921 2.212655951722101 2.2103534076782805 2.20805086363446 2.20574831959064 2.2037524483291895 2.202084417209481 2.2004163860897727 2.198748354970064 2.197080323850356 2.1954122927306474 2.193744261610939 2.1920762304912276 2.1904081993715194 2.188740168251811 2.1870721371321022 2.185404106012394 2.1837360748926855 2.182068043772977
2.278371862022511 2.276055741346664 2.273739620670817 2.2714234999949694 2.2691073793191223 2.2667912586432752 2.2644751379674277 2.2621590172915806 2.2598428966157336 2.257526775939886 2.255210655264039 2.252894534588188 2.250578413912341 2.2482622932364933 2.245946172560646 2.243630051884799 2.2413139312089516 2.2389978105331045 2.2366816898572575 2.23436556918141 2.232049448505563 2.229733327829716 2.2274172071538683 2.225101086478021 2.22278496580217 2.2204688451263226 2.2181527244504755 2.2158366037746284 2.213520483098781 2.211204362422934 2.2091884624791023 2.2074935052892295 2.2057985480993567 2.204103590909484 2.202408633719611 2.2007136765297384 2.1990187193398656 2.19732376214999 2.1956288049601174 2.1939338477702446 2.192238890580372 2.190543933390499 2.1888489762006262 2.1871540190107535
2.284221627183587 2.2818919298757128 2.2795622325678386 2.2772325352599645 2.2749028379520904 2.2725731406442162 2.2702434433363416 2.2679137460284675 2.2655840487205934 2.2632543514127192 2.260924654104845 2.258594956796967 2.256265259489093 2.2539355621812187 2.2516058648733446 2.2492761675654704 2.246946470257596 2.2446167729497217 2.2422870756418476 2.2399573783339735 2.2376276810260993 2.235297983718225 2.232968286410351 2.230638589102477 2.228308891794599 2.2259791944867247 2.22364949717885 2.221319799870976 2.218990102563102 2.2166604052552277 2.214624476629015 2.212902593368978 2.211180710108941 2.209458826848904 2.2077369435888667 2.2060150603288298 2.204293177068793 2.2025712938087527 2.2008494105487157 2.1991275272886783 2.1974056440286414 2.1956837607686044 2.1939618775085674 2.19223999424853
2.2900713923446627 2.2877281184047615 2.2853848444648603 2.283041570524959 2.280698296585058 2.2783550226451568 2.2760117487052556 2.2736684747653544 2.271325200825453 2.268981926885552 2.2666386529456513 2.264295379005746 2.261952105065845 2.2596088311259437 2.2572655571860425 2.2549222832461413 2.25257900930624 2.250235735366339 2.2478924614264377 2.2455491874865365 2.2432059135466353 2.2408626396067346 2.2385193656668334 2.236176091726932 2.233832817787027 2.231489543847126 2.2291462699072246 2.2268029959673235 2.2244597220274223 2.222116448087521 2.220060490778928 2.2183116814487263 2.216562872118525 2.2148140627883235 2.213065253458122 2.2113164441279207 2.209567634797719 2.207818825467515 2.2060700161373132 2.204321206807112 2.2025723974769105 2.2008235881467093 2.1990747788165077 2.1973259694863065
2.2959211575057386 2.2935643069338107 2.2912074563618825 2.2888506057899543 2.286493755218026 2.284136904646098 2.28178005407417 2.2794232035022417 2.277066352930314 2.2747095023583856 2.2723526517864574 2.269995801214525 2.2676389506425974 2.265282100070669 2.262925249498741 2.2605683989268126 2.258211548354885 2.2558546977829566 2.2534978472110283 2.2511409966391005 2.2487841460671723 2.246427295495244 2.2440704449233158 2.241713594351388 2.2393567437794557 2.2369998932075275 2.2346430426355997 2.2322861920636714 2.229929341491743 2.227572490919815 2.2254965049288407 2.223720769528475 2.221945034128109 2.2201692987277433 2.2183935633273775 2.2166178279270117 2.214842092526646 2.2130663571262774 2.2112906217259116 2.209514886325546 2.20773915092518 2.2059634155248142 2.2041876801244484 2.2024119447240826
2.3017709226668144 2.299400495462859 2.297030068258904 2.294659641054949 2.292289213850994 2.2899187866470387 2.287548359443084 2.2851779322391286 2.2828075050351737 2.2804370778312184 2.2780666506272635 2.2756962234233042 2.2733257962193494 2.270955369015394 2.268584941811439 2.266214514607484 2.263844087403529 2.2614736601995737 2.259103232995619 2.2567328057916636 2.2543623785877087 2.2519919513837534 2.2496215241797985 2.2472510969758437 2.2448806697718844 2.242510242567929 2.240139815363974 2.237769388160019 2.235398960956064 2.2330285337521087 2.2309325190787535 2.2291298576082235 2.2273271961376935 2.225524534667163 2.223721873196633 2.221919211726103 2.220116550255573 2.2183138887850395 2.2165112273145096 2.2147085658439796 2.2129059043734496 2.2111032429029196 2.209300581432389 2.207497919961859
2.307620687827895 2.305236683991913 2.3028526801559313 2.300468676319949 2.298084672483967 2.295700668647985 2.2933166648120027 2.2909326609760208 2.288548657140039 2.2861646533040565 2.2837806494680746 2.2813966456320887 2.2790126417961063 2.2766286379601244 2.2742446341241425 2.27186063028816 2.269476626452178 2.2670926226161963 2.264708618780214 2.262324614944232 2.25994061110825 2.2575566072722677 2.255172603436286 2.252788599600304 2.2504045957643175 2.2480205919283356 2.2456365880923537 2.2432525842563713 2.2408685804203894 2.2384845765844075 2.2363685332286707 2.2345389456879765 2.232709358147282 2.2308797706065873 2.229050183065893 2.2272205955251985 2.2253910079845043 2.2235614204438066 2.221731832903112 2.2199022453624178 2.218072657821723 2.216243070281029 2.2144134827403343 2.2125838951996397
2.313470452988971 2.311072872520962 2.308675292052953 2.306277711584944 2.303880131116935 2.301482550648926 2.2990849701809166 2.2966873897129076 2.2942898092448987 2.2918922287768897 2.2894946483088807 2.2870970678408677 2.2846994873728588 2.28230190690485 2.2799043264368404 2.2775067459688314 2.2751091655008224 2.2727115850328135 2.2703140045648045 2.2679164240967955 2.2655188436287865 2.2631212631607776 2.2607236826927686 2.2583261022247596 2.255928521756746 2.253530941288737 2.2511333608207282 2.2487357803527193 2.2463381998847103 2.2439406194167013 2.2418045473785835 2.2399480337677247 2.2380915201568663 2.2362350065460075 2.2343784929351487 2.23252197932429 2.230665465713431 2.228808952102569 2.2269524384917103 2.2250959248808515 2.2232394112699927 2.221382897659134 2.219526384048275 2.2176698704374167
2.3193202181500467 2.3169090610500107 2.3144979039499747 2.3120867468499386 2.3096755897499026 2.3072644326498666 2.3048532755498305 2.302442118449795 2.300030961349759 2.297619804249723 2.295208647149687 2.292797490049647 2.290386332949611 2.2879751758495748 2.2855640187495387 2.2831528616495027 2.2807417045494667 2.278330547449431 2.275919390349395 2.273508233249359 2.271097076149323 2.268685919049287 2.266274761949251 2.263863604849215 2.261452447749175 2.259041290649139 2.256630133549103 2.254218976449067 2.251807819349031 2.249396662248995 2.2472405615284967 2.2453571218474733 2.2434736821664503 2.2415902424854273 2.2397068028044043 2.237823363123381 2.235939923442358 2.2340564837613317 2.2321730440803083 2.2302896043992853 2.2284061647182623 2.2265227250372392 2.2246392853562162 2.222755845675193
2.3251699833111226 2.32274524957906 2.320320515846997 2.3178957821149337 2.3154710483828707 2.313046314650808 2.310621580918745 2.308196847186682 2.305772113454619 2.303347379722556 2.300922645990493 2.298497912258426 2.296073178526363 2.2936484447943 2.291223711062237 2.288798977330174 2.286374243598111 2.2839495098660483 2.281524776133985 2.279100042401922 2.2766753086698595 2.2742505749377964 2.2718258412057333 2.26940110747367 2.266976373741603 2.2645516400095405 2.2621269062774774 2.2597021725454143 2.2572774388133516 2.2548527050812885 2.252676575678409 2.2507662099272214 2.2488558441760342 2.2469454784248466 2.2450351126736594 2.2431247469224718 2.2412143811712846 2.239304015420094 2.237393649668906 2.235483283917719 2.2335729181665314 2.231662552415344 2.2297521866641565 2.227841820912969
2.3310197484721984 2.3285814381081082 2.3261431277440185 2.3237048173799284 2.3212665070158387 2.3188281966517486 2.316389886287659 2.3139515759235687 2.311513265559479 2.309074955195389 2.306636644831299 2.304198334467205 2.3017600241031153 2.299321713739025 2.2968834033749355 2.2944450930108453 2.2920067826467556 2.2895684722826655 2.2871301619185758 2.2846918515544856 2.282253541190396 2.2798152308263058 2.277376920462216 2.274938610098126 2.272500299734032 2.270061989369942 2.267623679005852 2.2651853686417622 2.262747058277672 2.2603087479135824 2.258112589828322 2.25617529800697 2.254238006185618 2.2523007143642664 2.2503634225429145 2.248426130721563 2.2464888389002113 2.244551547078856 2.2426142552575046 2.2406769634361527 2.238739671614801 2.236802379793449 2.2348650879720973 2.2329277961507454
2.3368695136332738 2.334417626637157 2.3319657396410403 2.3295138526449235 2.3270619656488063 2.3246100786526895 2.322158191656573 2.319706304660456 2.317254417664339 2.314802530668222 2.3123506436721053 2.309898756675984 2.3074468696798673 2.3049949826837506 2.3025430956876334 2.3000912086915166 2.2976393216954 2.295187434699283 2.292735547703166 2.290283660707049 2.2878317737109324 2.2853798867148156 2.2829279997186984 2.2804761127225817 2.2780242257264605 2.2755723387303437 2.273120451734227 2.27066856473811 2.268216677741993 2.2657647907458762 2.2635486039782347 2.2615843860867186 2.2596201681952026 2.257655950303686 2.25569173241217 2.253727514520654 2.251763296629138 2.2497990787376185 2.2478348608461025 2.2458706429545865 2.2439064250630705 2.241942207171554 2.239977989280038 2.238013771388522
2.342719278794355 2.340253815166211 2.3377883515380673 2.3353228879099235 2.3328574242817797 2.330391960653636 2.3279264970254916 2.3254610333973478 2.322995569769204 2.32053010614106 2.3180646425129163 2.315599178884768 2.3131337152566243 2.3106682516284804 2.3082027880003366 2.305737324372193 2.303271860744049 2.300806397115905 2.2983409334877614 2.2958754698596175 2.2934100062314737 2.2909445426033295 2.2884790789751857 2.286013615347042 2.283548151718894 2.28108268809075 2.278617224462606 2.276151760834462 2.2736862972063183 2.2712208335781745 2.268984618128152 2.2669934741664717 2.265002330204791 2.263011186243111 2.26102004228143 2.25902889831975 2.2570377543580693 2.2550466103963855 2.253055466434705 2.2510643224730247 2.249073178511344 2.247082034549664 2.245090890587983 2.243099746626303
2.3485690439554308 2.34609000369526 2.343610963435089 2.341131923174918 2.3386528829147473 2.3361738426545764 2.3336948023944055 2.331215762134235 2.328736721874064 2.3262576816138933 2.3237786413537225 2.3212996010935476 2.3188205608333767 2.316341520573206 2.313862480313035 2.311383440052864 2.3089043997926932 2.3064253595325224 2.3039463192723515 2.301467279012181 2.29898823875201 2.2965091984918393 2.2940301582316684 2.2915511179714976 2.2890720777113227 2.286593037451152 2.284113997190981 2.28163495693081 2.279155916670639 2.2766768764104683 2.2744206322780647 2.2724025622462203 2.2703844922143754 2.2683664221825306 2.2663483521506858 2.264330282118841 2.262312212086996 2.260294142055148 2.2582760720233033 2.2562580019914584 2.2542399319596136 2.2522218619277687 2.250203791895924 2.248185721864079
2.354418809116506 2.3519261922243087 2.3494335753321107 2.346940958439913 2.3444483415477153 2.3419557246555174 2.3394631077633194 2.336970490871122 2.334477873978924 2.331985257086726 2.3294926401945286 2.3270000233023267 2.3245074064101288 2.322014789517931 2.3195221726257333 2.3170295557335354 2.3145369388413375 2.31204432194914 2.309551705056942 2.307059088164744 2.3045664712725467 2.3020738543803487 2.299581237488151 2.2970886205959533 2.2945960037037514 2.2921033868115535 2.2896107699193555 2.287118153027158 2.28462553613496 2.282132919242762 2.279856646427978 2.2778116503259684 2.2757666542239594 2.2737216581219504 2.2716766620199413 2.2696316659179323 2.267586669815923 2.2655416737139102 2.263496677611901 2.261451681509892 2.259406685407883 2.257361689305874 2.2553166932038646 2.2532716971018556
