Figures/CREST_Example_wjb_NSE/PETs/wjb.pet.20100313.asc
ncols            288
nrows            254
xllcorner        113.274861
yllcorner        31.4918055
cellsize         0.008333333333
NODATA_value     -9999
[rows 200 to 219 of 254, columns 88 to 131 of 288]
2.3289958831490134 2.327223338335755 2.3254507935224966 2.323678248709235 2.3219057038959763 2.320133159082718 2.3183606142694595 2.316588069456201 2.3148155246429423 2.313042979829684 2.3112704350164255 2.309497890203167 2.3077253453899083 2.30595280057665 2.3003372107477387 2.290613318901245 2.2808894270547344 2.2711655352082407 2.261441643361747 2.2517177515152533 2.241993859668759 2.2322699678222655 2.222546075975772 2.212822184129278 2.2030982922827844 2.1933744004362907 2.1836505085897966 2.173926616743303 2.164202724896809 2.154478833050299 2.144754941203805 2.1350310493573113 2.1253071575108176 2.115583265664324 2.10585937381783 2.096135481971336 2.0864115901248423 2.0766876982783486 2.066963806431855 2.0572399145853613 2.0475160227388676 2.037792130892374 2.0280682390458633 2.0183443471993696
2.343092623632261 2.3412983967916006 2.3395041699509402 2.3377099431102772 2.335915716269617 2.3341214894289566 2.3323272625882963 2.3305330357476364 2.328738808906976 2.3269445820663157 2.3251503552256554 2.3233561283849955 2.321561901544335 2.319767674703675 2.3139621492440736 2.303868454860559 2.2937747604770276 2.283681066093513 2.2735873717099984 2.263493677326484 2.2533999829429696 2.243306288559455 2.233212594175941 2.2231188997924263 2.2130252054089117 2.2029315110253975 2.192837816641883 2.1827441222583683 2.172650427874854 2.1625567334913223 2.1524630391078077 2.1423693447242935 2.132275650340779 2.1221819559572643 2.11208826157375 2.1019945671902356 2.091900872806721 2.081807178423207 2.0717134840396922 2.0616197896561776 2.0515260952726635 2.041432400889149 2.0313387065056174 2.021245012122103
2.357189364115508 2.3553734552474457 2.353557546379384 2.351741637511319 2.349925728643257 2.3481098197751953 2.3462939109071335 2.344478002039071 2.3426620931710094 2.3408461843029476 2.3390302754348857 2.337214366566824 2.335398457698762 2.3335825488307 2.3275870877404086 -9999.0 -9999.0 -9999.0 2.28573310005825 2.275269603137715 2.26480610621718 2.254342609296645 2.24387911237611 2.2334156154555744 2.2229521185350394 2.2124886216145043 2.2020251246939693 2.191561627773434 2.181098130852899 2.170634633932346 2.160171137011811 2.149707640091276 2.1392441431707407 2.1287806462502057 2.11831714932967 2.107853652409135 2.0973901554886 2.086926658568065 2.07646316164753 2.065999664726995 2.0555361678064594 2.0450726708859244 2.0346091739653716 2.0241456770448365
2.3712861045987546 2.369448513703291 2.3676109228078275 2.3657733319123606 2.363935741016897 2.3620981501214335 2.36026055922597 2.358422968330506 2.3565853774350427 2.354747786539579 2.3529101956441156 2.351072604748652 2.349235013853188 2.347397422957725 2.341212026236743 -9999.0 -9999.0 -9999.0 -9999.0 2.287045528948946 2.27621222949139 -9999.0 2.2545456305762785 2.2437123311187226 2.232879031661167 2.222045732203611 2.211212432746055 2.2003791332884997 2.1895458338309437 2.1787125343733695 2.1678792349158136 2.157045935458258 2.146212636000702 2.1353793365431466 2.1245460370855906 2.1137127376280347 2.102879438170479 2.092046138712923 2.0812128392553673 2.0703795397978118 2.059546240340256 2.0487129408827 2.0378796414251257 2.02704634196757
2.385382845082008 2.3835235721591426 2.3816642992362773 2.3798050263134085 2.3779457533905433 2.376086480467678 2.3742272075448128 2.3723679346219475 2.3705086616990823 2.3686493887762166 2.3667901158533513 2.364930842930486 2.363071570007621 2.3612122970847556 -9999.0 -9999.0 -9999.0 -9999.0 -9999.0 -9999.0 -9999.0 -9999.0 -9999.0 2.254009046781875 2.2428059447872988 2.231602842792722 2.2203997407981455 2.2091966388035686 2.1979935368089922 2.1867904348143963 2.17558733281982 2.1643842308252434 2.1531811288306666 2.14197802683609 2.1307749248415133 2.119571822846937 2.10836872085236 2.0971656188577836 2.0859625168632068 2.0747594148686304 2.0635563128740535 2.052353210879477 2.041150108884881 2.0299470068903047
2.399479585565255 2.3975986306149877 2.395717675664721 2.3938367207144506 2.3919557657641835 2.3900748108139167 2.3881938558636495 2.3863129009133828 2.3844319459631156 2.3825509910128484 2.3806700360625817 2.3787890811123145 2.3769081261620477 2.3750271712117805 -9999.0 -9999.0 -9999.0 -9999.0 -9999.0 -9999.0 -9999.0 -9999.0 -9999.0 -9999.0 2.2527328579134265 2.241159953381829 2.229587048850232 2.2180141443186345 2.206441239787037 2.1948683352554204 2.183295430723823 2.1717225261922257 2.1601496216606284 2.148576717129031 2.1370038125974338 2.1254309080658365 2.113858003534239 2.102285099002642 2.0907121944710445 2.079139289939447 2.06756638540785 2.0559934808762526 2.0444205763446357 2.0328476718130384
2.413576326048502 2.4116736890708332 2.4097710520931646 2.4078684151154923 2.4059657781378236 2.404063141160155 2.4021605041824863 2.4002578672048176 2.398355230227149 2.3964525932494802 2.3945499562718116 2.392647319294143 2.390744682316474 2.3888420453388055 2.382086841725754 -9999.0 -9999.0 -9999.0 -9999.0 -9999.0 -9999.0 -9999.0 -9999.0 -9999.0 2.262659771039554 2.250717063970936 2.238774356902318 2.2268316498337 2.214888942765082 2.202946235696444 2.1910035286278258 2.179060821559208 2.1671181144905898 2.155175407421972 2.1432327003533542 2.131289993284736 2.1193472862161182 2.1074045791475 2.0954618720788822 2.083519165010264 2.0715764579416462 2.0596337508730285 2.04769104380439 2.035748336735772
2.427673066531755 2.4257487475266846 2.4238244285216144 2.4219001095165407 2.41997579051147 2.4180514715064 2.4161271525013293 2.414202833496259 2.4122785144911885 2.410354195486118 2.4084298764810477 2.406505557475977 2.404581238470907 2.4026569194658363 2.395711780222095 -9999.0 -9999.0 -9999.0 -9999.0 -9999.0 -9999.0 -9999.0 -9999.0 -9999.0 -9999.0 2.260274174560047 2.247961664954408 2.2356491553487694 2.2233366457431307 2.2110241361374707 2.198711626531832 2.1863991169261934 2.1740866073205543 2.1617740977149156 2.149461588109277 2.1371490785036382 2.124836568897999 2.1125240592923604 2.1002115496867217 2.0878990400810826 2.075586530475444 2.0632740208698053 2.0509615112641453 2.0386490016585066
2.4307416780320685 2.428831989556702 2.4269223010813357 2.425012612605966 2.4231029241305997 2.4211932356552333 2.419283547179867 2.4173738587045004 2.415464170229134 2.4135544817537675 2.411644793278401 2.4097351048030347 2.407825416327668 2.405915727852302 2.399055366748892 -9999.0 -9999.0 -9999.0 -9999.0 -9999.0 -9999.0 -9999.0 -9999.0 -9999.0 -9999.0 -9999.0 -9999.0 -9999.0 -9999.0 2.216764235497481 2.2046114934140566 2.1924587513306317 2.1803060092472073 2.168153267163783 2.156000525080358 2.1438477829969336 2.1316950409135087 2.1195422988300843 2.10738955674666 2.095236814663235 2.0830840725798105 2.0709313304963857 2.0587785884129404 2.046625846329516
2.4220219147271567 2.4201656726163434 2.4183094305055306 2.416453188394714 2.4145969462839005 2.4127407041730877 2.4108844620622745 2.409028219951461 2.407171977840648 2.4053157357298347 2.4034594936190214 2.401603251508208 2.399747009397395 2.3978907672865817 2.39140883603015 -9999.0 -9999.0 -9999.0 -9999.0 -9999.0 -9999.0 -9999.0 -9999.0 -9999.0 -9999.0 -9999.0 -9999.0 -9999.0 -9999.0 -9999.0 -9999.0 2.1971515777571624 2.185724680211695 2.1742977826662275 2.1628708851207596 2.151443987575292 2.1400170900298248 2.128590192484357 2.1171632949388894 2.105736397393422 2.094309499847954 2.0828826023024867 2.0714557047569997 2.0600288072115323
2.413302151422241 2.411499355675981 2.409696559929721 2.407893764183458 2.406090968437198 2.4042881726909378 2.402485376944678 2.400682581198418 2.398879785452158 2.397076989705898 2.395274193959638 2.393471398213378 2.391668602467118 2.389865806720858 2.3837623053114054 -9999.0 -9999.0 -9999.0 -9999.0 -9999.0 -9999.0 -9999.0 -9999.0 -9999.0 -9999.0 -9999.0 -9999.0 -9999.0 -9999.0 -9999.0 -9999.0 2.201844404183695 2.191143351176185 2.1804422981686744 2.1697412451611644 2.159040192153654 2.148339139146144 2.1376380861386335 2.1269370331311235 2.116235980123613 2.105534927116103 2.0948338741085926 2.0841328211010643 2.073431768093554
2.404582388117329 2.402833038735622 2.401083689353915 2.3993343399722056 2.3975849905904987 2.3958356412087918 2.394086291827085 2.3923369424453784 2.3905875930636715 2.3888382436819646 2.3870888943002577 2.3853395449185513 2.3835901955368444 2.3818408461551375 -9999.0 -9999.0 -9999.0 -9999.0 -9999.0 -9999.0 -9999.0 -9999.0 -9999.0 -9999.0 -9999.0 -9999.0 -9999.0 -9999.0 -9999.0 -9999.0 2.2165124390797786 2.206537230610225 2.196562022140672 2.1865868136711186 2.1766116052015656 2.1666363967320126 2.156661188262459 2.146685979792906 2.1367107713233526 2.1267355628537996 2.1167603543842466 2.106785145914693 2.096809937445123 2.0868347289755698
2.3958626248124166 2.3941667217952634 2.3924708187781096 2.3907749157609532 2.3890790127437995 2.387383109726646 2.3856872067094925 2.383991303692339 2.382295400675185 2.380599497658032 2.378903594640878 2.3772076916237244 2.375511788606571 2.3738158855894174 -9999.0 -9999.0 -9999.0 -9999.0 -9999.0 -9999.0 -9999.0 -9999.0 -9999.0 -9999.0 -9999.0 -9999.0 -9999.0 -9999.0 -9999.0 -9999.0 2.220479420968352 2.211230057036756 2.2019806931051598 2.1927313291735633 2.1834819652419672 2.174232601310371 2.1649832373787747 2.1557338734471787 2.1464845095155827 2.1372351455839866 2.12798578165239 2.118736417720794 2.109487053789182 2.100237689857586
2.3871428615075008 2.3855004048549007 2.3838579482023 2.382215491549697 2.380573034897097 2.3789305782444963 2.377288121591896 2.3756456649392956 2.3740032082866955 2.372360751634095 2.370718294981495 2.3690758383288943 2.3674333816762942 2.3657909250236937 -9999.0 -9999.0 -9999.0 -9999.0 -9999.0 -9999.0 -9999.0 -9999.0 -9999.0 -9999.0 -9999.0 -9999.0 -9999.0 -9999.0 2.241493441644219 2.232969922250566 2.224446402856927 2.2159228834632883 2.2073993640696496 2.1988758446760106 2.190352325282372 2.181828805888733 2.1733052864950944 2.1647817671014553 2.1562582477078167 2.1477347283141777 2.139211208920539 2.1306876895269 2.1221641701332468 2.113640650739608
2.378423098202589 2.3768340879145415 2.3752450776264946 2.3736560673384446 2.3720670570503977 2.3704780467623503 2.3688890364743034 2.367300026186256 2.365711015898209 2.3641220056101617 2.362532995322115 2.3609439850340674 2.3593549747460205 -9999.0 -9999.0 -9999.0 -9999.0 -9999.0 -9999.0 -9999.0 -9999.0 -9999.0 -9999.0 -9999.0 -9999.0 -9999.0 -9999.0 -9999.0 2.244008734456877 2.236211059601182 2.2284133847455005 2.2206157098898185 2.212818035034137 2.2050203601784553 2.197222685322773 2.1894250104670916 2.18162733561141 2.173829660755728 2.1660319859000463 2.1582343110443647 2.1504366361886826 2.142638961333001 2.134841286477306 2.127043611621624
2.3697033348976766 2.368167770974183 2.3666322070506887 2.3650966431271923 2.3635610792036985 2.3620255152802043 2.3604899513567106 2.358954387433217 2.3574188235097226 2.355883259586229 2.3543476956627347 2.352812131739241 -9999.0 -9999.0 -9999.0 -9999.0 -9999.0 -9999.0 -9999.0 -9999.0 -9999.0 -9999.0 -9999.0 -9999.0 -9999.0 -9999.0 -9999.0 -9999.0 2.2465240272695355 2.2394521969517984 2.232380366634074 2.225308536316349 2.218236705998624 2.2111648756808995 2.204093045363175 2.1970212150454502 2.189949384727725 2.1828775544100005 2.175805724092276 2.168733893774551 2.161662063456826 2.1545902331391016 2.1475184028213645 2.14044657250364
2.3609835715927647 2.3595014540338237 2.358019336474883 2.35653721891594 2.3550551013569994 2.3535729837980583 2.352090866239118 2.3506087486801768 -9999.0 -9999.0 -9999.0 -9999.0 -9999.0 -9999.0 -9999.0 -9999.0 -9999.0 -9999.0 -9999.0 -9999.0 -9999.0 -9999.0 -9999.0 -9999.0 -9999.0 -9999.0 -9999.0 -9999.0 -9999.0 2.2426933343024147 2.236347348522647 2.2300013627428794 2.2236553769631118 2.217309391183344 2.2109634054035765 2.2046174196238084 2.198271433844041 2.191925448064273 2.1855794622845055 2.179233476504738 2.1728874907249702 2.1665415049452026 2.160195519165424 2.153849533385656
2.352263808287849 2.3508351370934615 2.3494064658990736 2.347977794704684 2.346549123510296 2.345120452315909 2.3436917811215214 2.342263109927134 -9999.0 -9999.0 -9999.0 -9999.0 -9999.0 -9999.0 -9999.0 -9999.0 -9999.0 -9999.0 -9999.0 -9999.0 -9999.0 -9999.0 -9999.0 -9999.0 -9999.0 -9999.0 -9999.0 -9999.0 -9999.0 2.2459344716530327 2.240314330411222 2.234694189169412 2.2290740479276017 2.223453906685791 2.217833765443981 2.2122136242021706 2.2065934829603604 2.2009733417185497 2.1953532004767395 2.1897330592349293 2.1841129179931187 2.1784927767513085 2.1728726355094885 2.1672524942676783
2.343544044982937 2.342168820153103 2.340793595323268 2.3394183704934317 -9999.0 2.3366679208337633 -9999.0 -9999.0 -9999.0 -9999.0 -9999.0 -9999.0 -9999.0 -9999.0 -9999.0 -9999.0 -9999.0 -9999.0 -9999.0 -9999.0 -9999.0 -9999.0 -9999.0 -9999.0 -9999.0 -9999.0 -9999.0 -9999.0 -9999.0 -9999.0 -9999.0 2.2393870155959426 2.2344927188920893 2.2295984221882357 2.2247041254843825 2.2198098287805292 2.214915532076676 2.210021235372823 2.205126938668969 2.200232641965116 2.1953383452612627 2.1904440485574095 2.185549751853548 2.1806554551496946
2.3348242816780247 2.3335025032127437 2.3321807247474626 2.3308589462821794 -9999.0 -9999.0 -9999.0 -9999.0 -9999.0 -9999.0 -9999.0 -9999.0 -9999.0 -9999.0 -9999.0 -9999.0 -9999.0 -9999.0 -9999.0 -9999.0 -9999.0 -9999.0 -9999.0 -9999.0 -9999.0 -9999.0 -9999.0 -9999.0 -9999.0 -9999.0 -9999.0 2.2440798420224732 2.239911389856577 2.2357429376906808 2.231574485524784 2.227406033358888 2.2232375811929916 2.2190691290270954 2.214900676861199 2.210732224695303 2.2065637725294067 2.2023953203635105 2.198226868197607 2.1940584160317105
