Figures/CREST_Example_wjb_NSE/PETs/wjb.pet.20090406.asc
ncols            288
nrows            254
xllcorner        113.274861
yllcorner        31.4918055
cellsize         0.008333333333
NODATA_value     -9999
[rows 140 to 159 of 254, columns 88 to 131 of 288]
2.670692358616776 2.671923538374167 2.673154718131558 2.674385897888951 2.675617077646342 2.676848257403733 2.678079437161124 2.6793106169185146 2.6805417966759055 2.6817729764332965 2.6830041561906874 2.6842353359480784 2.6854665157054693 2.6866976954628603 2.687261268278917 2.6871111541792954 2.686961040079673 2.6868109259800512 2.6866608118804294 2.686510697780808 2.686360583681186 2.6862104695815643 2.6860603554819424 2.6859102413823206 2.6857601272826988 2.685610013183077 2.685459899083455 2.685309784983833 2.6851596708842114 2.6850095567845895 2.6848594426849677 2.684709328585346 2.684559214485724 2.684409100386102 2.6842589862864803 2.684108872186859 2.683958758087237 2.683808643987615 2.6836585298879934 2.6835084157883715 2.6833583016887497 2.683208187589128 2.683058073489506 2.682907959389884
2.6663277479668754 2.667526730792307 2.6687257136177385 2.669924696443172 2.6711236792686037 2.672322662094035 2.6735216449194663 2.674720627744898 2.6759196105703293 2.677118593395761 2.6783175762211924 2.679516559046624 2.6807155418720554 2.681914524697487 2.6824475151353018 2.6822685446518686 2.682089574168435 2.681910603685002 2.6817316332015686 2.6815526627181354 2.6813736922347022 2.681194721751269 2.681015751267836 2.6808367807844027 2.6806578103009695 2.6804788398175363 2.680299869334103 2.68012089885067 2.6799419283672368 2.679762957883803 2.67958398740037 2.6794050169169368 2.6792260464335036 2.6790470759500704 2.6788681054666372 2.678689134983204 2.678510164499771 2.6783311940163377 2.6781522235329045 2.6779732530494713 2.677794282566038 2.677615312082605 2.6774363415991718 2.6772573711157386
2.6619631373169748 2.663129923210447 2.664296709103919 2.665463494997393 2.6666302808908653 2.6677970667843374 2.6689638526778094 2.6701306385712815 2.6712974244647536 2.6724642103582257 2.6736309962516978 2.67479778214517 2.675964568038642 2.677131353932114 2.677633761991687 2.677425935124442 2.677218108257197 2.6770102813899523 2.676802454522708 2.6765946276554633 2.676386800788219 2.6761789739209743 2.6759711470537297 2.675763320186485 2.6755554933192407 2.6753476664519957 2.675139839584751 2.6749320127175067 2.674724185850262 2.674516358983017 2.6743085321157727 2.674100705248528 2.6738928783812836 2.673685051514039 2.6734772246467946 2.6732693977795496 2.673061570912305 2.6728537440450606 2.672645917177816 2.6724380903105716 2.672230263443327 2.6720224365760825 2.6718146097088376 2.671606782841593
2.657598526667074 2.658733115628587 2.6598677045900994 2.661002293551614 2.662136882513127 2.6632714714746393 2.664406060436152 2.665540649397665 2.6666752383591774 2.6678098273206903 2.6689444162822027 2.6700790052437156 2.671213594205228 2.672348183166741 2.672820008848071 2.672583325597015 2.6723466423459588 2.672109959094903 2.671873275843847 2.671636592592791 2.671399909341735 2.671163226090679 2.670926542839623 2.6706898595885673 2.670453176337511 2.670216493086455 2.6699798098353993 2.6697431265843434 2.6695064433332876 2.6692697600822313 2.669033076831175 2.668796393580119 2.6685597103290633 2.6683230270780074 2.668086343826951 2.6678496605758952 2.6676129773248394 2.6673762940737835 2.6671396108227277 2.6669029275716714 2.6666662443206155 2.6664295610695596 2.6661928778185033 2.6659561945674475
2.65323391601717 2.654336308046723 2.6554387000762762 2.6565410921058312 2.6576434841353844 2.6587458761649376 2.659848268194491 2.660950660224044 2.6620530522535972 2.6631554442831504 2.6642578363127036 2.6653602283422573 2.6664626203718105 2.6675650124013637 2.6680062557044515 2.6677407160695843 2.6674751764347167 2.667209636799849 2.666944097164982 2.6666785575301146 2.666413017895247 2.66614747826038 2.665881938625512 2.665616398990645 2.6653508593557778 2.66508531972091 2.664819780086043 2.6645542404511757 2.664288700816308 2.6640231611814404 2.663757621546573 2.6634920819117056 2.6632265422768384 2.6629610026419708 2.6626954630071036 2.6624299233722364 2.6621643837373687 2.6618988441025015 2.6616333044676344 2.6613677648327667 2.6611022251978995 2.660836685563032 2.6605711459281642 2.660305606293297
2.648869305367269 2.6499395004648627 2.6510096955624567 2.652079890660052 2.653150085757646 2.65422028085524 2.6552904759528335 2.6563606710504275 2.657430866148021 2.658501061245615 2.659571256343209 2.6606414514408026 2.6617116465383965 2.66278184163599 2.663192502560836 2.6628981065421575 2.662603710523478 2.6623093145047996 2.6620149184861206 2.661720522467442 2.661426126448763 2.6611317304300846 2.660837334411406 2.660542938392727 2.6602485423740485 2.6599541463553695 2.659659750336691 2.659365354318012 2.6590709582993335 2.658776562280654 2.6584821662619755 2.6581877702432966 2.657893374224618 2.657598978205939 2.6573045821872605 2.6570101861685815 2.656715790149903 2.6564213941312245 2.6561269981125455 2.655832602093867 2.655538206075188 2.6552438100565094 2.65494941403783 2.6546550180191515
2.6445046947173685 2.645542692883003 2.646580691048637 2.6476186892142732 2.6486566873799076 2.6496946855455423 2.6507326837111767 2.651770681876811 2.6528086800424453 2.6538466782080796 2.654884676373714 2.6559226745393487 2.656960672704983 2.6579986708706174 2.658378749417221 2.658055497014731 2.6577322446122404 2.65740899220975 2.6570857398072603 2.65676248740477 2.65643923500228 2.6561159825997898 2.6557927301972994 2.6554694777948096 2.6551462253923193 2.6548229729898294 2.654499720587339 2.6541764681848488 2.653853215782359 2.653529963379868 2.653206710977378 2.652883458574888 2.6525602061723976 2.6522369537699078 2.6519137013674174 2.6515904489649276 2.6512671965624373 2.650943944159947 2.650620691757457 2.6502974393549668 2.649974186952477 2.6496509345499866 2.649327682147496 2.649004429745006
2.640140084067468 2.6411458853011425 2.6421516865348176 2.6431574877684945 2.644163289002169 2.6451690902358442 2.6461748914695193 2.647180692703194 2.648186493936869 2.649192295170544 2.6501980964042193 2.651203897637894 2.652209698871569 2.653215500105244 2.6535649962736056 2.6532128874873044 2.6528607787010023 2.6525086699147007 2.652156561128399 2.651804452342098 2.651452343555796 2.6511002347694945 2.6507481259831933 2.6503960171968917 2.6500439084105905 2.649691799624289 2.649339690837987 2.648987582051686 2.6486354732653843 2.648283364479082 2.6479312556927805 2.6475791469064793 2.6472270381201777 2.646874929333876 2.646522820547575 2.646170711761273 2.6458186029749715 2.6454664941886703 2.6451143854023687 2.644762276616067 2.644410167829766 2.644058059043464 2.643705950257162 2.643353841470861
2.6366125207834417 2.637545846033478 2.6384791712835143 2.6394124965335517 2.6403458217835882 2.6412791470336243 2.6422124722836604 2.6431457975336965 2.6440791227837326 2.6450124480337687 2.6459457732838048 2.646879098533841 2.6478124237838774 2.6487457490339135 2.6490564413485007 2.648701524976617 2.6483466086047325 2.6479916922328486 2.6476367758609647 2.647281859489081 2.646926943117197 2.646572026745313 2.646217110373429 2.645862194001545 2.6455072776296613 2.6451523612577774 2.644797444885894 2.64444252851401 2.644087612142126 2.643732695770242 2.643377779398358 2.643022863026474 2.64266794665459 2.6423130302827063 2.6419581139108224 2.6416031975389385 2.6412482811670546 2.6408933647951707 2.6405384484232868 2.6401835320514033 2.6398286156795194 2.6394736993076355 2.639118782935751 2.6387638665638673
2.633979708367774 2.6347975018670353 2.635615295366297 2.6364330888655596 2.637250882364821 2.6380686758640826 2.638886469363344 2.6397042628626055 2.640522056361867 2.6413398498611285 2.6421576433603904 2.642975436859652 2.6437932303589133 2.644611023858175 2.6448741240799083 2.6445442446456857 2.6442143652114627 2.64388448577724 2.6435546063430175 2.6432247269087945 2.642894847474572 2.6425649680403493 2.6422350886061268 2.641905209171904 2.6415753297376816 2.641245450303459 2.6409155708692365 2.6405856914350134 2.640255812000791 2.639925932566568 2.6395960531323452 2.6392661736981227 2.6389362942639 2.638606414829677 2.6382765353954545 2.637946655961232 2.6376167765270093 2.6372868970927867 2.636957017658564 2.6366271382243416 2.636297258790119 2.635967379355896 2.635637499921673 2.6353076204874504
2.631346895952103 2.63204915770059 2.6327514194490766 2.6334536811975644 2.6341559429460513 2.634858204694538 2.635560466443025 2.6362627281915114 2.6369649899399983 2.637667251688485 2.638369513436972 2.6390717751854584 2.6397740369339453 2.640476298682432 2.6406918068113123 2.640386964314751 2.640082121818189 2.6397772793216276 2.6394724368250664 2.639167594328505 2.6388627518319434 2.638557909335382 2.638253066838821 2.6379482243422596 2.637643381845698 2.6373385393491366 2.6370336968525754 2.636728854356014 2.6364240118594524 2.6361191693628907 2.6358143268663294 2.6355094843697677 2.6352046418732065 2.634899799376645 2.634594956880084 2.6342901143835222 2.633985271886961 2.6336804293903997 2.6333755868938384 2.6330707443972767 2.6327659019007155 2.632461059404154 2.632156216907592 2.631851374411031
2.6287140835364347 2.629300813534147 2.6298875435318587 2.630474273529572 2.631061003527284 2.6316477335249964 2.632234463522708 2.6328211935204204 2.6334079235181327 2.6339946535158445 2.6345813835135568 2.635168113511269 2.635754843508981 2.636341573506693 2.63650948954272 2.6362296839838195 2.635949878424919 2.6356700728660187 2.635390267307119 2.635110461748219 2.6348306561893184 2.6345508506304185 2.634271045071518 2.633991239512618 2.633711433953718 2.633431628394818 2.633151822835918 2.6328720172770175 2.6325922117181175 2.6323124061592167 2.6320326006003167 2.631752795041417 2.6314729894825164 2.6311931839236165 2.630913378364716 2.630633572805816 2.6303537672469157 2.6300739616880158 2.629794156129116 2.6295143505702154 2.6292345450113155 2.628954739452415 2.6286749338935147 2.6283951283346143
2.6260812711207664 2.626552469367704 2.6270236676146412 2.6274948658615798 2.627966064108517 2.6284372623554546 2.6289084606023922 2.6293796588493294 2.629850857096267 2.6303220553432047 2.630793253590142 2.6312644518370796 2.6317356500840168 2.6322068483309544 2.6323271722741275 2.632072403652889 2.6318176350316493 2.6315628664104107 2.6313080977891716 2.6310533291679326 2.630798560546694 2.630543791925455 2.630289023304216 2.630034254682977 2.629779486061738 2.6295247174404994 2.6292699488192603 2.6290151801980217 2.6287604115767826 2.628505642955543 2.6282508743343045 2.6279961057130654 2.6277413370918263 2.6274865684705877 2.6272317998493486 2.62697703122811 2.626722262606871 2.626467493985632 2.626212725364393 2.625957956743154 2.6257031881219155 2.6254484195006764 2.625193650879437 2.6249388822581983
2.623448458705098 2.6238041252012607 2.6241597916974237 2.6245154581935872 2.62487112468975 2.625226791185913 2.6255824576820754 2.6259381241782385 2.6262937906744015 2.626649457170564 2.627005123666727 2.6273607901628897 2.6277164566590527 2.6280721231552153 2.628144855005535 2.6279151233219573 2.6276853916383796 2.627455659954802 2.627225928271224 2.6269961965876463 2.6267664649040685 2.626536733220491 2.6263070015369134 2.6260772698533357 2.625847538169758 2.62561780648618 2.625388074802603 2.625158343119025 2.6249286114354473 2.624698879751869 2.6244691480682913 2.624239416384714 2.6240096847011363 2.6237799530175585 2.6235502213339807 2.623320489650403 2.6230907579668257 2.622861026283248 2.62263129459967 2.6224015629160924 2.6221718312325146 2.6219420995489373 2.621712367865359 2.6214826361817813
2.62081564628943 2.6210557810348183 2.6212959157802063 2.621536050525595 2.621776185270983 2.622016320016371 2.6222564547617595 2.6224965895071475 2.622736724252536 2.622976858997924 2.6232169937433123 2.6234571284887003 2.6236972632340887 2.6239373979794767 2.623962537736943 2.6237578429910267 2.6235531482451098 2.6233484534991933 2.623143758753277 2.6229390640073604 2.622734369261444 2.6225296745155275 2.622324979769611 2.6221202850236947 2.621915590277778 2.6217108955318618 2.6215062007859453 2.621301506040029 2.6210968112941124 2.6208921165481955 2.620687421802279 2.6204827270563626 2.620278032310446 2.6200733375645298 2.6198686428186133 2.619663948072697 2.6194592533267804 2.619254558580864 2.6190498638349475 2.618845169089031 2.6186404743431146 2.618435779597198 2.6182310848512813 2.618026390105365
2.6181828338737616 2.618307436868375 2.618432039862989 2.6185566428576026 2.618681245852216 2.6188058488468293 2.618930451841443 2.6190550548360565 2.61917965783067 2.6193042608252837 2.619428863819897 2.619553466814511 2.619678069809124 2.6198026728037376 2.6197802204683502 2.619600562660095 2.6194209048518395 2.6192412470435844 2.6190615892353293 2.618881931427074 2.618702273618819 2.618522615810564 2.6183429580023083 2.618163300194053 2.617983642385798 2.617803984577543 2.617624326769288 2.6174446689610327 2.617265011152777 2.617085353344522 2.6169056955362664 2.6167260377280113 2.616546379919756 2.616366722111501 2.616187064303246 2.6160074064949908 2.615827748686735 2.61564809087848 2.615468433070225 2.61528877526197 2.6151091174537147 2.6149294596454595 2.614749801837204 2.614570144028949
2.6155500214580933 2.615559092701932 2.615568163945771 2.61557723518961 2.615586306433449 2.6155953776772876 2.6156044489211263 2.6156135201649655 2.6156225914088043 2.615631662652643 2.615640733896482 2.615649805140321 2.6156588763841597 2.6156679476279985 2.615597903199758 2.615443282329164 2.6152886614585698 2.6151340405879755 2.6149794197173817 2.614824798846788 2.6146701779761936 2.6145155571056 2.614360936235006 2.6142063153644117 2.614051694493818 2.613897073623224 2.61374245275263 2.613587831882036 2.613433211011442 2.613278590140848 2.6131239692702537 2.61296934839966 2.6128147275290656 2.612660106658472 2.612505485787878 2.6123508649172837 2.61219624404669 2.612041623176096 2.611887002305502 2.611732381434908 2.6115777605643142 2.61142313969372 2.6112685188231257 2.611113897952532
2.612917209042423 2.612810748535487 2.612704288028551 2.612597827521615 2.612491367014679 2.612384906507743 2.6122784460008073 2.6121719854938714 2.6120655249869356 2.6119590644799997 2.611852603973064 2.6117461434661284 2.6116396829591926 2.6115332224522567 2.6114155859311623 2.6112860019982294 2.6111564180652964 2.611026834132364 2.610897250199431 2.6107676662664985 2.6106380823335655 2.610508498400633 2.6103789144677 2.6102493305347676 2.6101197466018347 2.609990162668902 2.609860578735969 2.6097309948030367 2.6096014108701038 2.609471826937171 2.609342243004238 2.6092126590713054 2.6090830751383725 2.60895349120544 2.608823907272507 2.6086943233395745 2.6085647394066416 2.608435155473709 2.608305571540776 2.6081759876078436 2.6080464036749107 2.607916819741978 2.6077872358090453 2.6076576518761123
2.610284396626754 2.6100624043690437 2.609840412111333 2.6096184198536223 2.609396427595912 2.6091744353382014 2.608952443080491 2.6087304508227804 2.60850845856507 2.6082864663073595 2.608064474049649 2.6078424817919386 2.607620489534228 2.6073984972765176 2.60723326866257 2.6071287216672983 2.6070241746720266 2.606919627676755 2.6068150806814834 2.606710533686212 2.6066059866909406 2.606501439695669 2.6063968927003978 2.606292345705126 2.6061877987098545 2.6060832517145833 2.6059787047193117 2.60587415772404 2.605769610728769 2.605665063733497 2.6055605167382256 2.605455969742954 2.6053514227476824 2.605246875752411 2.6051423287571396 2.605037781761868 2.6049332347665968 2.604828687771325 2.6047241407760535 2.6046195937807823 2.6045150467855107 2.604410499790239 2.6043059527949675 2.604201405799696
2.6076515842110863 2.6073140602026013 2.6069765361941157 2.60663901218563 2.606301488177145 2.60596396416866 2.605626440160175 2.60528891615169 2.6049513921432044 2.6046138681347193 2.604276344126234 2.603938820117749 2.603601296109264 2.603263772100779 2.6030509513939775 2.602971441336367 2.602891931278757 2.6028124212211465 2.6027329111635362 2.602653401105926 2.6025738910483156 2.6024943809907057 2.6024148709330954 2.602335360875485 2.602255850817875 2.6021763407602645 2.602096830702654 2.602017320645044 2.6019378105874336 2.6018583005298233 2.601778790472213 2.6016992804146026 2.6016197703569923 2.601540260299382 2.6014607502417717 2.6013812401841614 2.601301730126551 2.601222220068941 2.601142710011331 2.6010631999537206 2.6009836898961103 2.6009041798385 2.6008246697808897 2.6007451597232794
