Figures/CREST_Example_wjb_NSE/PETs/wjb.pet.20100619.asc
ncols            288
nrows            254
xllcorner        113.274861
yllcorner        31.4918055
cellsize         0.008333333333
NODATA_value     -9999
[rows 60 to 79 of 254, columns 88 to 131 of 288]
3.392631381145524 3.3936256631768913 3.3946199452082584 3.395614227239627 3.396608509270994 3.397602791302361 3.398597073333728 3.399591355365095 3.4005856373964622 3.4015799194278293 3.4025742014591964 3.4035684834905635 3.4045627655219306 3.4055570475532977 3.4035296513300177 3.3982720127287562 3.393014374127486 3.387756735526225 3.3824990969249633 3.377241458323702 3.3719838197224408 3.3667261811211793 3.361468542519918 3.3562109039186563 3.3509532653173952 3.3456956267161337 3.3404379881148722 3.335180349513611 3.3299227109123497 3.3246650723110793 3.319407433709818 3.314149795108557 3.3088921565072953 3.303634517906034 3.2983768793047723 3.2931192407035113 3.2878616021022498 3.2826039635009883 3.277346324899727 3.2720886862984657 3.2668310476972042 3.261573409095943 3.256315770494673 3.2510581318934113
3.3811383826623 3.3818974346195785 3.382656486576857 3.3834155385341367 3.3841745904914156 3.384933642448694 3.3856926944059724 3.386451746363251 3.3872107983205297 3.387969850277808 3.3887289022350866 3.3894879541923655 3.390247006149644 3.3910060581069223 3.388871551208931 3.383643764467825 3.378415977726711 3.3731881909856054 3.3679604042444997 3.3627326175033945 3.357504830762289 3.352277044021183 3.347049257280078 3.341821470538972 3.3365936837978665 3.3313658970567612 3.3261381103156555 3.32091032357455 3.3156825368334446 3.31045475009233 3.3052269633512243 3.299999176610119 3.2947713898690134 3.2895436031279077 3.284315816386802 3.279088029645697 3.273860242904591 3.2686324561634854 3.26340466942238 3.2581768826812745 3.252949095940169 3.2477213091990635 3.242493522457949 3.2372657357168433
3.369645384179076 3.370169206062266 3.370693027945456 3.371216849828647 3.371740671711837 3.372264493595027 3.372788315478217 3.373312137361407 3.373835959244597 3.374359781127787 3.374883603010977 3.375407424894167 3.375931246777357 3.376455068660547 3.374213451087844 3.3690155162068947 3.363817581325936 3.358619646444986 3.3534217115640366 3.3482237766830867 3.343025841802137 3.3378279069211874 3.3326299720402375 3.3274320371592876 3.322234102278338 3.3170361673973883 3.311838232516439 3.306640297635489 3.301442362754539 3.2962444278735807 3.291046492992631 3.285848558111681 3.2806506232307315 3.2754526883497816 3.2702547534688318 3.2650568185878823 3.2598588837069324 3.254660948825983 3.249463013945033 3.2442650790640832 3.239067144183134 3.233869209302184 3.228671274421225 3.2234733395402757
3.3581523856958517 3.3584409775049533 3.358729569314055 3.359018161123157 3.359306752932258 3.3595953447413596 3.359883936550461 3.3601725283595627 3.3604611201686643 3.3607497119777654 3.361038303786867 3.3613268955959685 3.36161548740507 3.3619040792141717 3.3595553509667573 3.3543872679459636 3.3492191849251607 3.3440511019043666 3.338883018883573 3.333714935862779 3.3285468528419853 3.323378769821191 3.318210686800397 3.3130426037796035 3.3078745207588094 3.3027064377380153 3.2975383547172217 3.2923702716964276 3.2872021886756335 3.282034105654831 3.276866022634037 3.2716979396132433 3.266529856592449 3.261361773571655 3.2561936905508615 3.2510256075300674 3.245857524509274 3.2406894414884797 3.2355213584676856 3.230353275446892 3.225185192426098 3.220017109405304 3.2148490263845013 3.2096809433637072
3.3466593872126276 3.3467127489476405 3.3467661106826534 3.3468194724176668 3.3468728341526797 3.3469261958876926 3.3469795576227055 3.3470329193577184 3.3470862810927313 3.3471396428277442 3.347193004562757 3.34724636629777 3.3472997280327834 3.3473530897677963 3.3448972508456705 3.3397590196850326 3.3346207885243855 3.3294825573637477 3.3243443262031094 3.3192060950424715 3.3140678638818333 3.308929632721195 3.303791401560557 3.298653170399919 3.293514939239281 3.288376708078643 3.2832384769180045 3.2781002457573667 3.2729620145967284 3.2678237834360817 3.2626855522754434 3.2575473211148056 3.2524090899541673 3.247270858793529 3.2421326276328912 3.236994396472253 3.231856165311615 3.226717934150977 3.2215797029903386 3.2164414718297007 3.2113032406690625 3.2061650095084246 3.2010267783477775 3.1958885471871397
3.3351663887294034 3.3349845203903277 3.3348026520512524 3.334620783712176 3.3344389153731004 3.334257047034025 3.3340751786949494 3.3338933103558737 3.3337114420167984 3.3335295736777226 3.333347705338647 3.3331658369995716 3.332983968660496 3.3328021003214205 3.330239150724583 3.325130771424101 3.3200223921236103 3.314914012823128 3.309805633522646 3.3046972542221633 3.2995888749216813 3.294480495621199 3.2893721163207164 3.2842637370202343 3.279155357719752 3.27404697841927 3.2689385991187874 3.2638302198183053 3.258721840517823 3.253613461217332 3.24850508191685 3.2433967026163675 3.2382883233158855 3.233179944015403 3.2280715647149205 3.2229631854144385 3.217854806113956 3.212746426813474 3.2076380475129915 3.2025296682125095 3.197421288912027 3.192312909611545 3.187204530311054 3.1820961510105716
3.3236733902461695 3.323256291833005 3.3228391934198407 3.322422095006676 3.3220049965935114 3.321587898180347 3.3211707997671827 3.3207537013540187 3.3203366029408543 3.31991950452769 3.3195024061145255 3.319085307701361 3.3186682092881967 3.3182511108750328 3.315581050603484 3.3105025231631577 3.3054239957228226 3.3003454682824964 3.2952669408421698 3.2901884134018435 3.285109885961517 3.2800313585211907 3.274952831080864 3.2698743036405378 3.264795776200211 3.259717248759885 3.2546387213195582 3.249560193879232 3.2444816664389053 3.2394031389985702 3.234324611558244 3.229246084117918 3.224167556677591 3.219089029237265 3.2140105017969383 3.208931974356612 3.2038534469162854 3.198774919475959 3.1936963920356325 3.1886178645953063 3.1835393371549796 3.1784608097146534 3.1733822822743183 3.1683037548339916
3.3121803917629453 3.3115280632756927 3.3108757347884397 3.3102234063011857 3.3095710778139327 3.30891874932668 3.308266420839427 3.3076140923521744 3.3069617638649214 3.3063094353776687 3.3056571068904157 3.305004778403163 3.30435244991591 3.303700121428657 3.300922950482397 3.2958742749022267 3.2908255993220474 3.285776923741877 3.280728248161706 3.2756795725815357 3.2706308970013653 3.2655822214211945 3.260533545841024 3.255484870260853 3.250436194680683 3.245387519100512 3.2403388435203415 3.235290167940171 3.2302414923600002 3.225192816779821 3.2201441411996505 3.2150954656194797 3.2100467900393093 3.204998114459139 3.199949438878968 3.1949007632987976 3.1898520877186267 3.1848034121384563 3.1797547365582854 3.174706060978115 3.1696573853979446 3.1646087098177738 3.1595600342375945 3.154511358657424
3.300687393279721 3.29979983471838 3.2989122761570386 3.2980247175956956 3.2971371590343543 3.2962496004730126 3.2953620419116714 3.29447448335033 3.293586924788989 3.292699366227647 3.291811807666306 3.2909242491049646 3.2900366905436234 3.2891491319822816 3.2862648503613108 3.2812460266412957 3.2762272029212722 3.2712083792012576 3.266189555481243 3.261170731761228 3.2561519080412133 3.2511330843211987 3.2461142606011837 3.241095436881169 3.236076613161154 3.2310577894411394 3.226038965721125 3.2210201420011098 3.216001318281095 3.2109824945610717 3.205963670841057 3.200944847121042 3.1959260234010274 3.1909071996810128 3.1858883759609977 3.180869552240983 3.175850728520968 3.1708319048009534 3.165813081080939 3.160794257360924 3.155775433640909 3.150756609920894 3.145737786200871 3.140718962480856
3.289194394796497 3.288071606161067 3.286948817525637 3.2858260288902055 3.2847032402547756 3.2835804516193456 3.2824576629839157 3.281334874348486 3.280212085713056 3.279089297077626 3.277966508442196 3.276843719806766 3.2757209311713362 3.2745981425359063 3.271606750240224 3.2666177783803647 3.2616288065204975 3.256639834660638 3.2516508628007794 3.2466618909409206 3.2416729190810614 3.2366839472212026 3.2316949753613438 3.2267060035014845 3.2217170316416257 3.216728059781767 3.2117390879219077 3.206750116062049 3.2017611442021896 3.1967721723423224 3.1917832004824636 3.1867942286226043 3.1818052567627455 3.1768162849028867 3.1718273130430275 3.1668383411831686 3.1618493693233094 3.1568603974634506 3.151871425603592 3.1468824537437325 3.1418934818838737 3.136904510024015 3.1319155381641473 3.1269265663042884
3.277701396313273 3.2763433776037547 3.274985358894236 3.2736273401847154 3.272269321475197 3.2709113027656787 3.26955328405616 3.2681952653466415 3.2668372466371234 3.265479227927605 3.2641212092180862 3.2627631905085677 3.2614051717990495 3.260047153089531 3.256948650119137 3.2519895301194337 3.2470304101197223 3.2420712901200193 3.237112170120316 3.232153050120613 3.22719393012091 3.2222348101212064 3.2172756901215034 3.2123165701218004 3.207357450122097 3.202398330122394 3.197439210122691 3.1924800901229875 3.1875209701232845 3.182561850123573 3.1776027301238696 3.1726436101241666 3.1676844901244636 3.16272537012476 3.157766250125057 3.152807130125354 3.147848010125651 3.1428888901259477 3.1379297701262447 3.1329706501265417 3.1280115301268383 3.1230524101271353 3.118093290127424 3.1131341701277204
3.2662083978300487 3.264615149046442 3.263021900262835 3.2614286514792252 3.2598354026956184 3.258242153912011 3.2566489051284044 3.255055656344797 3.2534624075611904 3.2518691587775836 3.2502759099939764 3.2486826612103696 3.2470894124267624 3.2454961636431556 3.2422905499980503 3.2373612818585027 3.232432013718947 3.2275027455794 3.2225734774398527 3.217644209300305 3.212714941160758 3.2077856730212106 3.2028564048816635 3.197927136742116 3.1929978686025686 3.1880686004630214 3.183139332323474 3.1782100641839266 3.1732807960443794 3.1683515279048238 3.163422259765276 3.158492991625729 3.1535637234861817 3.148634455346634 3.143705187207087 3.1387759190675397 3.1338466509279925 3.128917382788445 3.1239881146488977 3.1190588465093505 3.114129578369803 3.1092003102302557 3.1042710420907 3.099341773951153
3.2547153993468148 3.2528869204891193 3.2510584416314234 3.2492299627737244 3.247401483916029 3.245573005058333 3.2437445262006372 3.241916047342942 3.240087568485246 3.23825908962755 3.2364306107698546 3.2346021319121587 3.2327736530544633 3.2309451741967674 3.2276324498769506 3.2227330335975592 3.2178336173181594 3.2129342010387676 3.208034784759376 3.203135368479985 3.1982359522005934 3.193336535921202 3.1884371196418106 3.183537703362419 3.1786382870830274 3.173738870803636 3.1688394545242446 3.1639400382448533 3.1590406219654614 3.1541412056860616 3.14924178940667 3.144342373127279 3.1394429568478874 3.134543540568496 3.1296441242891047 3.124744708009713 3.1198452917303214 3.11494587545093 3.1100464591715387 3.1051470428921473 3.1002476266127554 3.095348210333364 3.090448794053964 3.085549377774573
3.2432224008635906 3.2411586919318065 3.239094983000022 3.2370312740682343 3.2349675651364502 3.2329038562046657 3.2308401472728816 3.2287764383410975 3.226712729409313 3.224649020477529 3.222585311545745 3.2205216026139603 3.218457893682176 3.216394184750392 3.212974349755864 3.2081047853366282 3.203235220917384 3.1983656564981486 3.193496092078913 3.188626527659677 3.1837569632404414 3.178887398821206 3.1740178344019703 3.1691482699827347 3.164278705563499 3.1594091411442635 3.1545395767250275 3.149670012305792 3.1448004478865563 3.1399308834673123 3.1350613190480767 3.130191754628841 3.1253221902096056 3.12045262579037 3.1155830613711344 3.1107134969518984 3.1058439325326628 3.100974368113427 3.0961048036941916 3.091235239274956 3.0863656748557204 3.0814961104364844 3.076626546017241 3.0717569815980053
3.231729402380367 3.2294304633744937 3.227131524368621 3.224832585362744 3.2225336463568715 3.2202347073509987 3.217935768345126 3.215636829339253 3.2133378903333805 3.2110389513275077 3.208740012321635 3.2064410733157622 3.2041421343098895 3.2018431953040167 3.198316249634777 3.1934765370756972 3.188636824516609 3.1837971119575292 3.1789573993984495 3.1741176868393697 3.16927797428029 3.16443826172121 3.15959854916213 3.15475883660305 3.1499191240439703 3.1450794114848906 3.140239698925811 3.135399986366731 3.1305602738076512 3.125720561248563 3.1208808486894832 3.1160411361304035 3.1112014235713237 3.106361711012244 3.101521998453164 3.096682285894084 3.091842573335004 3.0870028607759243 3.0821631482168446 3.077323435657765 3.072483723098685 3.0676440105396052 3.062804297980517 3.0579645854214372
3.2202364038971427 3.2177022348171813 3.21516806573722 3.212633896657254 3.210099727577293 3.2075655584973317 3.2050313894173703 3.202497220337409 3.1999630512574475 3.1974288821774866 3.194894713097525 3.1923605440175638 3.1898263749376023 3.1872922058576414 3.18365814951369 3.178848288814766 3.174038428115834 3.16922856741691 3.164418706717986 3.159608846019062 3.154798985320138 3.149989124621214 3.14517926392229 3.140369403223366 3.135559542524442 3.130749681825518 3.125939821126594 3.12112996042767 3.1163200997287457 3.1115102390298137 3.1067003783308897 3.1018905176319658 3.097080656933042 3.092270796234118 3.087460935535194 3.0826510748362694 3.0778412141373455 3.0730313534384215 3.0682214927394975 3.0634116320405735 3.0586017713416496 3.0537919106427256 3.048982049943793 3.044172189244869
3.208743405413918 3.2059740062598685 3.2032046071058184 3.200435207951764 3.1976658087977143 3.1948964096436643 3.1921270104896147 3.1893576113355646 3.186588212181515 3.183818813027465 3.1810494138734153 3.1782800147193653 3.1755106155653157 3.1727412164112656 3.1690000493926034 3.164220040553835 3.159440031715059 3.154660022876291 3.1498800140375227 3.145100005198754 3.140319996359986 3.1355399875212178 3.1307599786824496 3.1259799698436814 3.1211999610049133 3.116419952166145 3.111639943327377 3.1068599344886088 3.1020799256498406 3.0972999168110644 3.0925199079722963 3.087739899133528 3.08295989029476 3.0781798814559918 3.0733998726172236 3.068619863778455 3.063839854939687 3.0590598461009186 3.0542798372621505 3.0494998284233823 3.044719819584614 3.039939810745846 3.03515980190707 3.0303797930683016
3.197250406930694 3.1942457777025557 3.1912411484744174 3.188236519246274 3.1852318900181356 3.182227260789997 3.1792226315618586 3.1762180023337203 3.173213373105582 3.1702087438774433 3.167204114649305 3.164199485421167 3.1611948561930285 3.15819022696489 3.154341949271516 3.1495917922929038 3.1448416353142834 3.140091478335671 3.1353413213570587 3.1305911643784463 3.125841007399834 3.1210908504212216 3.1163406934426092 3.111590536463997 3.1068403794853845 3.102090222506772 3.0973400655281598 3.0925899085495474 3.087839751570935 3.0830895945923147 3.0783394376137023 3.07358928063509 3.0688391236564776 3.0640889666778652 3.059338809699253 3.0545886527206405 3.049838495742028 3.045088338763416 3.0403381817848034 3.0355880248061906 3.0308378678275787 3.026087710848966 3.0213375538703455 3.016587396891733
3.18575740844747 3.182517549145243 3.179277689843016 3.1760378305407837 3.172797971238557 3.16955811193633 3.166318252634103 3.163078393331876 3.159838534029649 3.156598674727422 3.1533588154251952 3.1501189561229683 3.1468790968207414 3.1436392375185145 3.1396838491504293 3.1349635440319727 3.130243238913508 3.1255229337950516 3.120802628676595 3.1160823235581385 3.111362018439682 3.1066417133212254 3.101921408202769 3.0972011030843123 3.0924807979658557 3.087760492847399 3.0830401877289426 3.078319882610486 3.0735995774920295 3.068879272373565 3.0641589672551084 3.059438662136652 3.0547183570181953 3.049998051899739 3.0452777467812826 3.040557441662826 3.0358371365443695 3.031116831425913 3.0263965263074564 3.021676221189 3.0169559160705433 3.0122356109520867 3.007515305833622 3.0027950007151656
3.1742644099642363 3.1707893205879203 3.1673142312116047 3.1638391418352834 3.160364052458968 3.1568889630826518 3.153413873706336 3.1499387843300206 3.146463694953705 3.1429886055773895 3.139513516201074 3.136038426824758 3.1325633374484423 3.1290882480721267 3.12502574902933 3.1203352957710293 3.115644842512721 3.1109543892544202 3.1062639359961195 3.1015734827378187 3.096883029479518 3.0921925762212172 3.0875021229629165 3.0828116697046157 3.0781212164463154 3.0734307631880147 3.068740309929714 3.064049856671413 3.0593594034131124 3.0546689501548037 3.049978496896503 3.0452880436382026 3.040597590379902 3.035907137121601 3.0312166838633003 3.0265262306049996 3.021835777346699 3.017145324088398 3.0124548708300973 3.007764417571797 3.0030739643134963 2.9983835110551955 2.9936930577968868 2.989002604538586
