Figures/CREST_Example_wjb_NSE/PETs/wjb.pet.20090326.asc
ncols            288
nrows            254
xllcorner        113.274861
yllcorner        31.4918055
cellsize         0.008333333333
NODATA_value     -9999
[rows 200 to 219 of 254, columns 176 to 219 of 288]
2.5508555628989074 2.5496495688688854 2.548443574838863 2.547237580808841 2.5460315867788186 2.5448255927487966 2.5436195987187724 2.54241360468875 2.541207610658728 2.5400016166287056 2.5387956225986836 2.537589628568661 2.5363836345386392 2.535177640508617 2.533971646478595 2.5327656524485724 2.531530760953778 2.53026497741529 2.528999193876802 2.527733410338312 2.526467626799824 2.5252018432613355 2.5239360597228475 2.5226702761843596 2.5214044926458716 2.5201387091073832 2.5188729255688953 2.5176071420304074 2.5163413584919194 2.5150755749534315 2.513809791414943 2.512544007876455 2.511278224337965 2.510012440799477 2.508746657260989 2.5074808737225007 2.506215090184013 2.504949306645525 2.503683523107037 2.502417739568549 2.5011519560300606 2.4998861724915726 2.4986203889530847 2.4973546054145968
2.5534894566982134 2.552320938133957 2.551152419569701 2.5499839010054446 2.5488153824411883 2.547646863876932 2.5464783453126736 2.5453098267484173 2.544141308184161 2.542972789619905 2.5418042710556485 2.5406357524913923 2.539467233927136 2.5382987153628793 2.537130196798623 2.535961678234367 2.5347321611695515 2.533437435327449 2.532142709485346 2.530847983643241 2.5295532578011386 2.528258531959036 2.526963806116933 2.5256690802748305 2.524374354432728 2.5230796285906254 2.5217849027485224 2.52049017690642 2.5191954510643173 2.5179007252222148 2.516605999380112 2.515311273538009 2.5140165476959044 2.512721821853802 2.5114270960116993 2.5101323701695963 2.508837644327494 2.5075429184853912 2.5062481926432887 2.5049534668011857 2.503658740959083 2.5023640151169806 2.501069289274878 2.4997745634327755
2.5561233504975194 2.554992307399029 2.5538612643005383 2.552730221202048 2.5515991781035576 2.550468135005067 2.5493370919065748 2.5482060488080847 2.547075005709594 2.5459439626111036 2.5448129195126135 2.543681876414123 2.5425508333156324 2.5414197902171423 2.5402887471186517 2.539157704020161 2.5379335613853247 2.5366098932396075 2.5352862250938903 2.5339625569481705 2.5326388888024534 2.531315220656736 2.529991552511019 2.5286678843653014 2.5273442162195843 2.526020548073867 2.52469687992815 2.5233732117824323 2.522049543636715 2.520725875490998 2.519402207345281 2.5180785391995633 2.516754871053844 2.5154312029081267 2.5141075347624096 2.512783866616692 2.511460198470975 2.5101365303252576 2.5088128621795405 2.507489194033823 2.5061655258881057 2.5048418577423885 2.5035181895966714 2.502194521450954
2.5587572442968254 2.5576636766641005 2.556570109031376 2.5554765413986518 2.5543829737659274 2.553289406133203 2.5521958385004764 2.551102270867752 2.5500087032350276 2.548915135602303 2.5478215679695784 2.546728000336854 2.5456344327041296 2.544540865071405 2.543447297438681 2.542353729805956 2.5411349616010988 2.539782351151767 2.5384297407024348 2.5370771302531008 2.535724519803769 2.534371909354437 2.533019298905105 2.5316666884557733 2.530314078006441 2.5289614675571093 2.5276088571077775 2.5262562466584457 2.5249036362091135 2.5235510257597817 2.52219841531045 2.520845804861118 2.5194931944117838 2.518140583962452 2.5167879735131202 2.515435363063788 2.5140827526144562 2.5127301421651245 2.5113775317157927 2.5100249212664605 2.5086723108171287 2.507319700367797 2.5059670899184647 2.504614479469133
2.5613911380961323 2.5603350459291736 2.559278953762215 2.5582228615952567 2.557166769428298 2.5561106772613393 2.555054585094379 2.55399849292742 2.552942400760462 2.5518863085935033 2.5508302164265446 2.549774124259586 2.5487180320926277 2.547661939925669 2.5466058477587104 2.5455497555917517 2.5443363618168733 2.542954809063927 2.5415732563109805 2.5401917035580315 2.538810150805085 2.5374285980521383 2.536047045299192 2.5346654925462455 2.5332839397932987 2.5319023870403523 2.530520834287406 2.529139281534459 2.5277577287815127 2.5263761760285663 2.52499462327562 2.523613070522673 2.5222315177697245 2.5208499650167777 2.5194684122638313 2.518086859510885 2.516705306757938 2.5153237540049918 2.5139422012520454 2.5125606484990985 2.511179095746152 2.509797542993206 2.508415990240259 2.5070344374873126
2.5640250318954383 2.5630064151942458 2.561987798493053 2.5609691817918603 2.5599505650906678 2.558931948389475 2.5579133316882805 2.556894714987088 2.5558760982858955 2.5548574815847025 2.55383886488351 2.5528202481823175 2.5518016314811245 2.550783014779932 2.5497643980787394 2.5487457813775465 2.5475377620326474 2.546127266976086 2.544716771919525 2.5433062768629613 2.5418957818064003 2.5404852867498393 2.539074791693278 2.537664296636717 2.5362538015801555 2.5348433065235945 2.5334328114670335 2.532022316410472 2.530611821353911 2.52920132629735 2.5277908312407886 2.5263803361842276 2.524969841127664 2.523559346071103 2.5221488510145416 2.5207383559579806 2.5193278609014196 2.517917365844858 2.516506870788297 2.5150963757317357 2.5136858806751747 2.5122753856186137 2.5108648905620523 2.5094543955054913
2.5666589256947443 2.5656777844593175 2.5646966432238907 2.563715501988464 2.562734360753037 2.5617532195176103 2.5607720782821817 2.5597909370467553 2.5588097958113285 2.5578286545759017 2.556847513340475 2.555866372105048 2.5548852308696213 2.5539040896341945 2.5529229483987677 2.551941807163341 2.5507391622484206 2.549299724888245 2.5478602875280694 2.546420850167891 2.544981412807715 2.5435419754475395 2.5421025380873634 2.540663100727188 2.539223663367012 2.537784226006836 2.5363447886466606 2.534905351286485 2.533465913926309 2.5320264765661333 2.5305870392059573 2.5291476018457817 2.5277081644856034 2.526268727125428 2.524829289765252 2.523389852405076 2.5219504150449 2.5205109776847245 2.519071540324549 2.517632102964373 2.5161926656041973 2.5147532282440217 2.5133137908838457 2.51187435352367
2.569292819494051 2.5683491537243905 2.5674054879547294 2.566461822185069 2.565518156415408 2.564574490645747 2.5636308248760846 2.562687159106424 2.561743493336763 2.5607998275671022 2.559856161797441 2.5589124960277805 2.55796883025812 2.5570251644884587 2.556081498718798 2.555137832949137 2.553940562464196 2.5524721828004053 2.551003803136615 2.5495354234728222 2.5480670438090316 2.5465986641452414 2.545130284481451 2.5436619048176605 2.5421935251538703 2.5407251454900797 2.5392567658262895 2.537788386162499 2.5363200064987086 2.534851626834918 2.5333832471711277 2.5319148675073375 2.5304464878435446 2.528978108179754 2.527509728515964 2.526041348852173 2.524572969188383 2.5231045895245923 2.521636209860802 2.5201678301970114 2.518699450533221 2.517231070869431 2.5157626912056403 2.51429431154185
2.5784769664313694 2.5774851183550553 2.5764932702787413 2.5755014222024277 2.5745095741261137 2.5735177260497997 2.5725258779734843 2.5715340298971703 2.5705421818208563 2.5695503337445422 2.5685584856682286 2.5675666375919146 2.5665747895156006 2.565582941439287 2.564591093362973 2.563599245286659 2.562377362687318 2.5609095679779603 2.5594417732686026 2.557973978559242 2.5565061838498844 2.5550383891405266 2.553570594431169 2.552102799721811 2.5506350050124533 2.5491672103030956 2.547699415593738 2.54623162088438 2.5447638261750223 2.5432960314656645 2.5418282367563068 2.540360442046949 2.5388926473375886 2.537424852628231 2.535957057918873 2.5344892632095153 2.5330214685001575 2.5315536737907998 2.530085879081442 2.5286180843720842 2.527150289662726 2.5256824949533683 2.5242147002440105 2.5227469055346528
2.5946629211258765 2.5935313279830057 2.5923997348401344 2.5912681416972636 2.5901365485543923 2.5890049554115215 2.5878733622686485 2.5867417691257777 2.5856101759829064 2.5844785828400356 2.5833469896971644 2.5822153965542936 2.5810838034114223 2.5799522102685515 2.5788206171256807 2.5776890239828094 2.5764104755431108 2.574974828566003 2.5735391815888953 2.5721035346117853 2.570667887634678 2.5692322406575703 2.5677965936804625 2.566360946703355 2.5649252997262475 2.5634896527491398 2.562054005772032 2.5606183587949247 2.559182711817817 2.5577470648407092 2.556311417863602 2.554875770886494 2.5534401239093842 2.5520044769322765 2.5505688299551688 2.5491331829780615 2.5476975360009537 2.546261889023846 2.5448262420467387 2.543390595069631 2.541954948092523 2.5405193011154155 2.539083654138308 2.5376480071612004
2.610848875820391 2.6095775376109627 2.6083061994015346 2.6070348611921066 2.605763522982678 2.60449218477325 2.60322084656382 2.6019495083543918 2.6006781701449633 2.5994068319355352 2.598135493726107 2.5968641555166787 2.5955928173072507 2.5943214790978226 2.593050140888394 2.591778802678966 2.5904435883989096 2.589040089154052 2.5876365899091947 2.5862330906643347 2.5848295914194774 2.5834260921746197 2.5820225929297624 2.580619093684905 2.5792155944400474 2.57781209519519 2.576408595950333 2.575005096705475 2.573601597460618 2.5721980982157606 2.570794598970903 2.5693910997260456 2.5679876004811857 2.5665841012363284 2.565180601991471 2.5637771027466134 2.562373603501756 2.560970104256899 2.559566605012041 2.558163105767184 2.5567596065223266 2.555356107277469 2.5539526080326116 2.5525491087877543
2.6270348305148983 2.625623747238913 2.6242126639629277 2.6228015806869425 2.621390497410957 2.619979414134972 2.618568330858984 2.6171572475829987 2.6157461643070135 2.614335081031028 2.612923997755043 2.6115129144790576 2.6101018312030724 2.608690747927087 2.607279664651102 2.6058685813751166 2.604476701254702 2.6031053497420946 2.6017339982294874 2.600362646716878 2.5989912952042706 2.5976199436916634 2.596248592179056 2.594877240666449 2.5935058891538416 2.5921345376412344 2.590763186128627 2.58939183461602 2.5880204831034126 2.5866491315908053 2.585277780078198 2.583906428565591 2.5825350770529814 2.581163725540374 2.579792374027767 2.5784210225151596 2.5770496710025523 2.575678319489945 2.574306967977338 2.5729356164647306 2.5715642649521233 2.570192913439516 2.568821561926909 2.5674502104143015
2.643220785209406 2.6416699568668633 2.6401191285243213 2.638568300181779 2.6370174718392363 2.635466643496694 2.6339158151541486 2.6323649868116066 2.630814158469064 2.6292633301265216 2.627712501783979 2.6261616734414366 2.624610845098894 2.623060016756352 2.6215091884138095 2.619958360071267 2.6185098141104945 2.6171706103301373 2.6158314065497805 2.614492202769421 2.613152998989064 2.611813795208707 2.61047459142835 2.6091353876479926 2.607796183867636 2.6064569800872786 2.6051177763069213 2.6037785725265645 2.6024393687462073 2.60110016496585 2.5997609611854933 2.598421757405136 2.5970825536247766 2.59574334984442 2.5944041460640626 2.5930649422837053 2.5917257385033485 2.5903865347229913 2.589047330942634 2.5877081271622773 2.58636892338192 2.585029719601563 2.583690515821206 2.582351312040849
2.6594067399039205 2.657716166494821 2.656025593085721 2.6543350196766218 2.652644446267522 2.6509538728584223 2.64926329944932 2.64757272604022 2.645882152631121 2.644191579222021 2.6425010058129215 2.640810432403822 2.6391198589947225 2.6374292855856227 2.6357387121765234 2.6340481387674237 2.6325429269662934 2.6312358709181862 2.6299288148700795 2.6286217588219705 2.6273147027738637 2.6260076467257565 2.6247005906776497 2.623393534629543 2.622086478581436 2.620779422533329 2.619472366485222 2.6181653104371154 2.6168582543890087 2.6155511983409014 2.6142441422927947 2.612937086244688 2.611630030196579 2.6103229741484717 2.609015918100365 2.607708862052258 2.6064018060041514 2.605094749956044 2.6037876939079374 2.6024806378598306 2.601173581811724 2.5998665257636167 2.59855946971551 2.597252413667403
2.6755926945984276 2.673762376122771 2.671932057647114 2.6701017391714577 2.668271420695801 2.666441102220144 2.6646107837444846 2.6627804652688276 2.660950146793171 2.659119828317514 2.6572895098418576 2.655459191366201 2.653628872890544 2.6517985544148877 2.6499682359392307 2.648137917463574 2.6465760398220857 2.645301131506229 2.644026223190372 2.6427513148745136 2.641476406558657 2.6402014982428 2.6389265899269434 2.6376516816110867 2.63637677329523 2.635101864979373 2.6338269566635164 2.6325520483476597 2.631277140031803 2.630002231715946 2.6287273234000894 2.627452415084233 2.626177506768374 2.6249025984525174 2.6236276901366606 2.622352781820804 2.621077873504947 2.6198029651890904 2.6185280568732336 2.617253148557377 2.61597824024152 2.6147033319256634 2.613428423609807 2.6121535152939503
2.6917786492929356 2.689808585750722 2.6878385222085077 2.685868458666294 2.6838983951240802 2.6819283315818665 2.679958268039649 2.6779882044974355 2.6760181409552217 2.674048077413008 2.6720780138707942 2.67010795032858 2.6681378867863663 2.6661678232441526 2.664197759701939 2.662227696159725 2.660609152677879 2.659366392094272 2.6581236315106658 2.656880870927057 2.6556381103434505 2.654395349759844 2.6531525891762375 2.651909828592631 2.650667068009024 2.649424307425418 2.648181546841811 2.646938786258205 2.645696025674598 2.6444532650909913 2.643210504507385 2.6419677439237783 2.64072498334017 2.639482222756563 2.638239462172957 2.63699670158935 2.635753941005744 2.634511180422137 2.6332684198385303 2.632025659254924 2.6307828986713173 2.629540138087711 2.6282973775041043 2.6270546169204976
2.7079646039874428 2.705854795378672 2.703744986769901 2.7016351781611303 2.6995253695523593 2.6974155609435884 2.695305752334814 2.693195943726043 2.691086135117272 2.688976326508501 2.68686651789973 2.684756709290959 2.682646900682188 2.680537092073417 2.678427283464646 2.6763174748558756 2.6746422655336715 2.6734316526823148 2.6722210398309585 2.6710104269796 2.6697998141282437 2.6685892012768875 2.667378588425531 2.6661679755741745 2.6649573627228182 2.663746749871462 2.6625361370201057 2.661325524168749 2.6601149113173927 2.6589042984660365 2.6576936856146802 2.656483072763324 2.6552724599119655 2.6540618470606088 2.6528512342092525 2.6516406213578962 2.65043000850654 2.6492193956551837 2.648008782803827 2.6467981699524707 2.6455875571011145 2.644376944249758 2.6431663313984015 2.6419557185470453
2.7241505586819574 2.7219010050066292 2.719651451331301 2.7174018976559733 2.715152343980645 2.712902790305317 2.710653236629985 2.708403682954657 2.7061541292793287 2.7039045756040005 2.7016550219286724 2.6994054682533446 2.6971559145780164 2.694906360902688 2.69265680722736 2.6904072535520323 2.68867537838947 2.687496913270364 2.686318448151258 2.6851399830321494 2.683961517913043 2.682783052793937 2.681604587674831 2.680426122555725 2.6792476574366186 2.6780691923175124 2.676890727198406 2.6757122620793 2.6745337969601937 2.673355331841088 2.6721768667219816 2.6709984016028754 2.669819936483767 2.668641471364661 2.667463006245555 2.6662845411264486 2.6651060760073424 2.663927610888236 2.66274914576913 2.6615706806500237 2.6603922155309174 2.6592137504118116 2.6580352852927054 2.656856820173599
2.740336513376465 2.7379472146345796 2.7355579158926946 2.733168617150809 2.730779318408924 2.7283900196670388 2.7260007209251493 2.7236114221832644 2.721222123441379 2.718832824699494 2.7164435259576085 2.7140542272157235 2.711664928473838 2.709275629731953 2.7068863309900677 2.7044970322481823 2.7027084912452626 2.701562173858407 2.7004158564715506 2.6992695390846926 2.698123221697837 2.6969769043109806 2.695830586924125 2.6946842695372686 2.693537952150413 2.6923916347635566 2.691245317376701 2.6900989999898446 2.688952682602989 2.6878063652161326 2.686660047829277 2.6855137304424206 2.6843674130555626 2.683221095668707 2.6820747782818506 2.680928460894995 2.6797821435081386 2.678635826121283 2.6774895087344266 2.676343191347571 2.6751968739607146 2.674050556573859 2.6729042391870026 2.671757921800147
2.756522468070972 2.75399342426253 2.7514643804540877 2.7489353366456455 2.746406292837203 2.7438772490287606 2.741348205220314 2.7388191614118718 2.736290117603429 2.733761073794987 2.7312320299865447 2.728702986178102 2.72617394236966 2.7236448985612176 2.7211158547527754 2.7185868109443327 2.7167416041010553 2.7156274344464495 2.7145132647918433 2.7133990951372358 2.71228492548263 2.7111707558280242 2.710056586173418 2.7089424165188123 2.7078282468642065 2.7067140772096008 2.705599907554995 2.704485737900389 2.703371568245783 2.7022573985911773 2.7011432289365715 2.700029059281966 2.698914889627358 2.697800719972752 2.6966865503181463 2.6955723806635405 2.694458211008935 2.6933440413543286 2.692229871699723 2.691115702045117 2.6900015323905113 2.6888873627359056 2.6877731930812994 2.6866590234266936
