Figures/CREST_Example_wjb_NSE/PETs/wjb.pet.20090515.asc
ncols            288
nrows            254
xllcorner        113.274861
yllcorner        31.4918055
cellsize         0.008333333333
NODATA_value     -9999
[rows 140 to 159 of 254, columns 176 to 219 of 288]
1.3131999167392379 1.3153103706686127 1.3174208245979877 1.3195312785273627 1.3216417324567378 1.3237521863861126 1.3258626403154912 1.3279730942448662 1.3300835481742412 1.332194002103616 1.334304456032991 1.3364149099623661 1.3385253638917411 1.340635817821116 1.342746271750491 1.344856725679866 1.3428883904921252 1.3365597374490246 1.3302310844059242 1.323902431362813 1.3175737783197123 1.311245125276612 1.3049164722335116 1.298587819190411 1.2922591661473106 1.2859305131042102 1.2796018600611097 1.2732732070180093 1.2669445539749087 1.2606159009318083 1.254287247888708 1.2479585948456073 1.241629941802496 1.2353012887593957 1.2289726357162953 1.2226439826731947 1.2163153296300944 1.2099866765869938 1.2036580235438934 1.197329370500793 1.1910007174576924 1.184672064414592 1.1783434113714915 1.172014758328391
1.3291854517530337 1.331524673102006 1.3338638944509784 1.3362031157999508 1.3385423371489233 1.3408815584978957 1.343220779846872 1.3455600011958444 1.347899222544817 1.3502384438937893 1.3525776652427617 1.354916886591734 1.3572561079407066 1.359595329289679 1.3619345506386513 1.3642737719876237 1.3620908439686963 1.3550736359545825 1.3480564279404688 1.3410392199263432 1.3340220119122295 1.3270048038981157 1.319987595884002 1.3129703878698882 1.3059531798557744 1.2989359718416607 1.291918763827547 1.2849015558134331 1.2778843477993196 1.2708671397852058 1.263849931771092 1.2568327237569783 1.2498155157428525 1.2427983077287388 1.2357810997146252 1.2287638917005115 1.2217466836863977 1.214729475672284 1.2077122676581702 1.2006950596440564 1.1936778516299427 1.186660643615829 1.1796434356017154 1.1726262275876016
1.3451709867668296 1.3477389755353995 1.3503069643039693 1.3528749530725392 1.355442941841109 1.3580109306096788 1.3605789193782531 1.363146908146823 1.3657148969153927 1.3682828856839626 1.3708508744525325 1.3734188632211024 1.3759868519896723 1.378554840758242 1.3811228295268119 1.3836908182953818 1.3812932974452676 1.3735875344601407 1.3658817714750138 1.3581760084898735 1.3504702455047466 1.3427644825196194 1.3350587195344925 1.3273529565493656 1.3196471935642384 1.3119414305791115 1.3042356675939846 1.2965299046088574 1.2888241416237305 1.2811183786386036 1.2734126156534764 1.2657068526683495 1.2580010896832092 1.2502953266980823 1.2425895637129554 1.2348838007278282 1.2271780377427013 1.2194722747575741 1.2117665117724472 1.2040607487873203 1.1963549858021931 1.1886492228170662 1.1809434598319393 1.1732376968468121
1.3611565217806256 1.3639532779687928 1.36675003415696 1.3695467903451275 1.3723435465332947 1.375140302721462 1.377937058909634 1.3807338150978012 1.3835305712859685 1.386327327474136 1.389124083662303 1.3919208398504703 1.3947175960386378 1.397514352226805 1.4003111084149722 1.4031078646031396 1.400495750921839 1.3921014329656987 1.3837071150095583 1.3753127970534038 1.3669184790972635 1.3585241611411232 1.3501298431849829 1.3417355252288428 1.3333412072727024 1.3249468893165621 1.3165525713604218 1.3081582534042815 1.2997639354481414 1.291369617492001 1.2829752995358608 1.2745809815797204 1.266186663623566 1.2577923456674256 1.2493980277112853 1.241003709755145 1.2326093917990049 1.2242150738428645 1.2158207558867242 1.207426437930584 1.1990321199744436 1.1906378020183035 1.1822434840621632 1.1738491661060229
1.3771420567944352 1.3801675804022 1.383193104009965 1.38621862761773 1.389244151225495 1.3922696748332597 1.3952951984410298 1.3983207220487948 1.4013462456565597 1.4043717692643245 1.4073972928720895 1.4104228164798545 1.4134483400876192 1.4164738636953842 1.4194993873031492 1.4225249109109142 1.4196982043984268 1.4106153314712726 1.4015324585441185 1.3924495856169488 1.3833667126897946 1.3742838397626405 1.3652009668354865 1.3561180939083324 1.3470352209811782 1.337952348054024 1.32886947512687 1.3197866021997158 1.3107037292725616 1.3016208563454075 1.2925379834182533 1.2834551104910992 1.2743722375639295 1.2652893646367755 1.2562064917096214 1.2471236187824672 1.238040745855313 1.228957872928159 1.2198750000010048 1.2107921270738506 1.2017092541466965 1.1926263812195423 1.1835435082923882 1.174460635365234
1.393127591808231 1.3963818828355934 1.399636173862956 1.4028904648903182 1.4061447559176805 1.409399046945043 1.4126533379724109 1.4159076289997732 1.4191619200271355 1.422416211054498 1.4256705020818603 1.4289247931092226 1.432179084136585 1.4354333751639474 1.4386876661913097 1.441941957218672 1.438900657874998 1.4291292299768308 1.4193578020786632 1.4095863741804793 1.3998149462823117 1.3900435183841444 1.380272090485977 1.3705006625878096 1.3607292346896422 1.3509578067914747 1.3411863788933074 1.3314149509951398 1.3216435230969725 1.311872095198805 1.3021006673006377 1.2923292394024704 1.2825578115042862 1.2727863836061188 1.2630149557079513 1.253243527809784 1.2434720999116164 1.2337006720134491 1.2239292441152816 1.2141578162171143 1.2043863883189467 1.1946149604207794 1.184843532522612 1.1750721046244446
1.4091131268220272 1.4125961852689868 1.4160792437159466 1.4195623021629065 1.4230453606098663 1.426528419056826 1.4300114775037918 1.4334945359507516 1.4369775943977112 1.440460652844671 1.443943711291631 1.4474267697385907 1.4509098281855506 1.4543928866325102 1.45787594507947 1.46135900352643 1.4581031113515694 1.4476431284823887 1.437183145613208 1.4267231627440096 1.4162631798748289 1.4058031970056482 1.3953432141364674 1.3848832312672867 1.374423248398106 1.3639632655289253 1.3535032826597446 1.343043299790564 1.3325833169213834 1.3221233340522027 1.311663351183022 1.3012033683138413 1.2907433854446428 1.2802834025754621 1.2698234197062814 1.2593634368371007 1.24890345396792 1.2384434710987393 1.2279834882295586 1.217523505360378 1.2070635224911972 1.1966035396220165 1.1861435567528358 1.175683573883655
1.425098661835823 1.4288104877023802 1.4325223135689376 1.4362341394354947 1.4399459653020519 1.4436577911686093 1.4473696170351729 1.45108144290173 1.4547932687682872 1.4585050946348443 1.4622169205014017 1.465928746367959 1.469640572234516 1.4733523981010734 1.4770642239676306 1.4807760498341878 1.4773055648281408 1.466157026987947 1.4550084891477528 1.4438599513075399 1.432711413467346 1.421562875627152 1.410414337786958 1.3992657999467641 1.38811726210657 1.3769687242663762 1.3658201864261823 1.3546716485859882 1.3435231107457943 1.3323745729056002 1.3212260350654064 1.3100774972252123 1.2989289593849995 1.2877804215448054 1.2766318837046116 1.2654833458644175 1.2543348080242236 1.2431862701840297 1.2320377323438356 1.2208891945036418 1.2097406566634477 1.1985921188232538 1.18744358098306 1.1762950431428658
1.424646216425477 1.4283975931128046 1.4321489698001322 1.4359003464874598 1.4396517231747874 1.443403099862115 1.447154476549449 1.4509058532367765 1.454657229924104 1.4584086066114317 1.4621599832987593 1.465911359986087 1.4696627366734145 1.4734141133607421 1.4771654900480697 1.4809168667353974 1.47741085032556 1.4661465164846645 1.4548821826437688 1.443617848802854 1.4323535149619584 1.4210891811210626 1.409824847280167 1.3985605134392713 1.3872961795983758 1.37603184575748 1.3647675119165843 1.3535031780756888 1.3422388442347932 1.3309745103938975 1.3197101765530017 1.3084458427121062 1.2971815088711913 1.2859171750302956 1.2746528411894 1.2633885073485043 1.2521241735076087 1.240859839666713 1.2295955058258174 1.2183311719849217 1.207066838144026 1.1958025043031304 1.1845381704622349 1.173273836621339
1.4066226061585647 1.410211273050346 1.4137999399421273 1.4173886068339085 1.4209772737256898 1.424565940617471 1.4281546075092586 1.4317432744010399 1.4353319412928212 1.4389206081846024 1.4425092750763837 1.446097941968165 1.4496866088599463 1.4532752757517275 1.4568639426435088 1.46045260953529 1.4571024670998811 1.4463345804919867 1.435566693884092 1.4247988072761792 1.4140309206682848 1.4032630340603904 1.392495147452496 1.3817272608446016 1.370959374236707 1.3601914876288126 1.3494236010209182 1.3386557144130238 1.3278878278051294 1.3171199411972347 1.3063520545893403 1.295584167981446 1.284816281373533 1.2740483947656387 1.2632805081577443 1.2525126215498497 1.2417447349419553 1.2309768483340608 1.2202089617261664 1.2094410751182718 1.1986731885103774 1.187905301902483 1.1771374152945886 1.166369528686694
1.3885989958916374 1.392024952987872 1.395450910084107 1.3988768671803418 1.4023028242765767 1.4057287813728114 1.4091547384690521 1.4125806955652869 1.4160066526615218 1.4194326097577565 1.4228585668539915 1.4262845239502262 1.4297104810464611 1.4331364381426959 1.4365623952389308 1.4399883523351655 1.4367940838741848 1.426522644499292 1.4162512051243992 1.4059797657494888 1.395708326374596 1.3854368869997031 1.3751654476248103 1.3648940082499175 1.3546225688750246 1.3443511295001318 1.334079690125239 1.3238082507503461 1.3135368113754533 1.3032653720005605 1.2929939326256676 1.2827224932507748 1.2724510538758644 1.2621796145009716 1.2519081751260788 1.241636735751186 1.231365296376293 1.2210938570014003 1.2108224176265074 1.2005509782516146 1.1902795388767218 1.180008099501829 1.1697366601269361 1.1594652207520433
1.370575385624725 1.3738386329254135 1.3771018802261021 1.3803651275267905 1.3836283748274791 1.3868916221281675 1.3901548694288617 1.39341811672955 1.3966813640302387 1.399944611330927 1.4032078586316157 1.406471105932304 1.4097343532329927 1.4129976005336813 1.4162608478343697 1.4195240951350583 1.4164857006485059 1.4067107085066142 1.3969357163647227 1.3871607242228143 1.3773857320809226 1.367610739939031 1.3578357477971394 1.3480607556552477 1.338285763513356 1.3285107713714646 1.3187357792295729 1.3089607870876812 1.2991857949457895 1.289410802803898 1.2796358106620063 1.2698608185201146 1.2600858263782064 1.2503108342363147 1.240535842094423 1.2307608499525313 1.2209858578106398 1.2112108656687481 1.2014358735268564 1.1916608813849647 1.1818858892430733 1.1721108971011815 1.1623359049592898 1.1525609128173984
1.352551775357813 1.355652312862955 1.3587528503680972 1.3618533878732393 1.3649539253783816 1.3680544628835238 1.3711550003886712 1.3742555378938135 1.3773560753989555 1.3804566129040978 1.3835571504092399 1.3866576879143822 1.3897582254195244 1.3928587629246665 1.3959593004298088 1.3990598379349508 1.396177317422827 1.3868987725139363 1.377620227605046 1.3683416826961396 1.3590631377872493 1.3497845928783587 1.3405060479694684 1.331227503060578 1.3219489581516874 1.312670413242797 1.3033918683339067 1.2941133234250162 1.2848347785161258 1.2755562336072352 1.266277688698345 1.2569991437894545 1.2477205988805482 1.2384420539716579 1.2291635090627673 1.219884964153877 1.2106064192449866 1.201327874336096 1.1920493294272057 1.1827707845183153 1.1734922396094247 1.1642136947005344 1.154935149791644 1.1456566048827534
1.3345281650909009 1.3374659928004966 1.3404038205100925 1.3433416482196883 1.3462794759292842 1.3492173036388801 1.352155131348481 1.355092959058077 1.3580307867676726 1.3609686144772686 1.3639064421868645 1.3668442698964602 1.3697820976060562 1.3727199253156521 1.3756577530252478 1.3785955807348438 1.375868934197148 1.3670868365212587 1.3583047388453695 1.3495226411694652 1.340740543493576 1.3319584458176867 1.3231763481417975 1.3143942504659083 1.305612152790019 1.2968300551141299 1.2880479574382406 1.2792658597623514 1.2704837620864622 1.261701664410573 1.2529195667346837 1.2441374690587945 1.2353553713828902 1.226573273707001 1.2177911760311118 1.2090090783552225 1.2002269806793333 1.191444883003444 1.1826627853275549 1.1738806876516656 1.1650985899757764 1.1563164922998872 1.147534394623998 1.1387522969481088
1.3165045548239884 1.319279672738038 1.3220547906520876 1.3248299085661372 1.3276050264801866 1.3303801443942362 1.3331552623082905 1.3359303802223401 1.3387054981363897 1.3414806160504391 1.3442557339644887 1.3470308518785383 1.3498059697925877 1.3525810877066373 1.355356205620687 1.3581313235347365 1.355560550971469 1.347274900528581 1.3389892500856928 1.3307035996427907 1.3224179491999026 1.3141322987570145 1.3058466483141267 1.2975609978712386 1.2892753474283505 1.2809896969854624 1.2727040465425743 1.2644183960996864 1.2561327456567983 1.2478470952139102 1.2395614447710224 1.2312757943281343 1.222990143885232 1.214704493442344 1.206418842999456 1.198133192556568 1.1898475421136798 1.181561891670792 1.1732762412279039 1.1649905907850158 1.1567049403421277 1.1484192898992398 1.1401336394563517 1.1318479890134636
1.2984809445570764 1.3010933526755797 1.303705760794083 1.3063181689125862 1.3089305770310893 1.3115429851495926 1.3141553932681003 1.3167678013866035 1.3193802095051068 1.3219926176236099 1.3246050257421131 1.3272174338606164 1.3298298419791197 1.332442250097623 1.335054658216126 1.3376670663346293 1.33525216774579 1.3274629645359033 1.3196737613260163 1.3118845581161163 1.3040953549062295 1.2963061516963426 1.2885169484864558 1.2807277452765689 1.272938542066682 1.2651493388567951 1.2573601356469084 1.2495709324370217 1.2417817292271347 1.233992526017248 1.226203322807361 1.2184141195974743 1.210624916387574 1.2028357131776872 1.1950465099678005 1.1872573067579135 1.1794681035480268 1.1716789003381398 1.163889697128253 1.1561004939183661 1.1483112907084794 1.1405220874985926 1.1327328842887057 1.124943681078819
1.2804573342901642 1.2829070326131211 1.285356730936078 1.287806429259035 1.290256127581992 1.2927058259049489 1.2951555242279098 1.2976052225508667 1.3000549208738237 1.3025046191967806 1.3049543175197376 1.3074040158426945 1.3098537141656512 1.3123034124886082 1.314753110811565 1.317202809134522 1.314943784520111 1.3076510285432255 1.3003582725663396 1.2930655165894416 1.285772760612556 1.2784800046356704 1.2711872486587847 1.2638944926818991 1.2566017367050135 1.2493089807281277 1.242016224751242 1.2347234687743565 1.2274307127974708 1.2201379568205852 1.2128452008436996 1.205552444866814 1.198259688889916 1.1909669329130301 1.1836741769361445 1.176381420959259 1.1690886649823733 1.1617959090054877 1.154503153028602 1.1472103970517165 1.1399176410748306 1.132624885097945 1.1253321291210594 1.1180393731441738
1.2624337240232366 1.264720712550647 1.2670077010780576 1.269294689605468 1.2715816781328784 1.273868666660289 1.2761556551877031 1.2784426437151137 1.2807296322425241 1.2830166207699345 1.2853036092973449 1.2875905978247555 1.2898775863521659 1.2921645748795763 1.2944515634069869 1.2967385519343972 1.2946354012944146 1.2878390925505305 1.2810427838066465 1.274246475062751 1.2674501663188669 1.260653857574983 1.253857548831099 1.247061240087215 1.240264931343331 1.233468622599447 1.2266723138555629 1.2198760051116788 1.2130796963677948 1.2062833876239107 1.199487078880027 1.1926907701361429 1.1858944613922473 1.1790981526483633 1.1723018439044792 1.1655055351605952 1.1587092264167111 1.151912917672827 1.145116608928943 1.138320300185059 1.131523991441175 1.1247276826972912 1.1179313739534071 1.111135065209523
1.2444101137563244 1.2465343924881886 1.2486586712200527 1.2507829499519167 1.252907228683781 1.255031507415645 1.2571557861475129 1.259280064879377 1.2614043436112412 1.2635286223431053 1.2656529010749695 1.2677771798068336 1.2699014585386976 1.272025737270562 1.274150016002426 1.2762742947342902 1.2743270180687358 1.268027156557853 1.2617272950469702 1.2554274335360767 1.2491275720251938 1.242827710514311 1.2365278490034282 1.2302279874925452 1.2239281259816626 1.2176282644707797 1.211328402959897 1.205028541449014 1.1987286799381311 1.1924288184272485 1.1861289569163656 1.1798290954054829 1.1735292338945893 1.1672293723837064 1.1609295108728235 1.1546296493619408 1.1483297878510579 1.1420299263401752 1.1357300648292923 1.1294302033184094 1.1231303418075267 1.1168304802966438 1.110530618785761 1.1042307572748782
1.2263865034894124 1.22834807242573 1.230309641362048 1.2322712102983657 1.2342327792346834 1.2361943481710014 1.2381559171073224 1.2401174860436404 1.242079054979958 1.244040623916276 1.2460021928525937 1.2479637617889114 1.2499253307252294 1.251886899661547 1.253848468597865 1.2558100375341827 1.2540186348430566 1.248215220565175 1.2424118062872935 1.236608392009402 1.2308049777315204 1.2250015634536386 1.219198149175757 1.2133947348978755 1.207591320619994 1.2017879063421122 1.1959844920642306 1.190181077786349 1.1843776635084673 1.1785742492305857 1.1727708349527042 1.1669674206748226 1.161164006396931 1.1553605921190493 1.1495571778411677 1.1437537635632862 1.1379503492854046 1.1321469350075228 1.1263435207296413 1.1205401064517597 1.114736692173878 1.1089332778959964 1.1031298636181148 1.0973264493402333
