Figures/CREST_Example_wjb_NSE/PETs/wjb.pet.20090318.asc
ncols            288
nrows            254
xllcorner        113.274861
yllcorner        31.4918055
cellsize         0.008333333333
NODATA_value     -9999
[rows 200 to 219 of 254, columns 176 to 219 of 288]
2.31539600572088 2.3150779157508667 2.314759825780854 2.314441735810841 2.314123645840828 2.313805555870815 2.3134874659008013 2.3131693759307885 2.3128512859607753 2.3125331959907625 2.312215106020749 2.3118970160507364 2.3115789260807236 2.3112608361107103 2.3109427461406975 2.3106246561706842 2.3090701184229827 2.3061937900243135 2.3033174616256438 2.300441133226969 2.2975648048282995 2.29468847642963 2.29181214803096 2.2889358196322904 2.2860594912336207 2.2831831628349515 2.280306834436282 2.277430506037612 2.2745541776389424 2.2716778492402727 2.268801520841603 2.2659251924429333 2.2630488640442588 2.2601725356455895 2.25729620724692 2.25441987884825 2.2515435504495804 2.2486672220509107 2.245790893652241 2.2429145652535714 2.2400382368549017 2.2371619084562324 2.2342855800575627 2.231409251658893
2.314086094463165 2.3137961521595276 2.3135062098558903 2.313216267552253 2.3129263252486156 2.3126363829449783 2.3123464406413405 2.312056498337703 2.311766556034066 2.3114766137304286 2.3111866714267912 2.310896729123154 2.3106067868195166 2.3103168445158793 2.310026902212242 2.3097369599086046 2.308185760295249 2.3052862480798293 2.3023867358644097 2.2994872236489847 2.296587711433565 2.2936881992181455 2.290788687002726 2.2878891747873062 2.2849896625718866 2.2820901503564666 2.279190638141047 2.2762911259256273 2.2733916137102077 2.270492101494788 2.2675925892793685 2.2646930770639484 2.261793564848524 2.2588940526331043 2.2559945404176847 2.253095028202265 2.2501955159868454 2.2472960037714254 2.2443964915560057 2.241496979340586 2.2385974671251665 2.235697954909747 2.2327984426943273 2.2298989304789076
2.31277618320545 2.312514388568188 2.3122525939309266 2.311990799293665 2.3117290046564034 2.3114672100191416 2.3112054153818793 2.310943620744618 2.310681826107356 2.3104200314700947 2.310158236832833 2.309896442195571 2.3096346475583096 2.3093728529210478 2.309111058283786 2.3088492636465245 2.3073014021675142 2.3043787061353447 2.3014560101031747 2.2985333140710003 2.2956106180388307 2.2926879220066607 2.289765225974491 2.2868425299423216 2.2839198339101516 2.280997137877982 2.278074441845812 2.2751517458136425 2.272229049781473 2.269306353749303 2.2663836577171335 2.263460961684964 2.260538265652789 2.2576155696206195 2.2546928735884495 2.25177017755628 2.2488474815241104 2.2459247854919404 2.243002089459771 2.2400793934276013 2.2371566973954313 2.234234001363262 2.2313113053310922 2.2283886092989222
2.311466271947735 2.311232624976849 2.310998978005963 2.310765331035077 2.310531684064191 2.310298037093305 2.3100643901224185 2.3098307431515326 2.3095970961806467 2.3093634492097608 2.309129802238875 2.3088961552679885 2.3086625082971026 2.3084288613262167 2.308195214355331 2.307961567384445 2.3064170440397804 2.3034711641908605 2.3005252843419406 2.297579404493016 2.2946335246440963 2.2916876447951764 2.2887417649462565 2.285795885097337 2.282850005248417 2.2799041253994976 2.2769582455505777 2.2740123657016578 2.2710664858527383 2.2681206060038184 2.265174726154899 2.262228846305979 2.259282966457054 2.2563370866081343 2.253391206759215 2.250445326910295 2.247499447061375 2.2445535672124555 2.2416076873635356 2.238661807514616 2.235715927665696 2.2327700478167762 2.2298241679678568 2.226878288118937
2.3101563606900193 2.309950861385509 2.309745362080999 2.3095398627764885 2.309334363471978 2.309128864167468 2.3089233648629572 2.308717865558447 2.308512366253937 2.3083068669494264 2.308101367644916 2.3078958683404056 2.3076903690358956 2.3074848697313852 2.307279370426875 2.3070738711223644 2.3055326859120457 2.302563622246376 2.299594558580706 2.2966254949150313 2.2936564312493615 2.2906873675836916 2.287718303918022 2.284749240252352 2.281780176586682 2.2788111129210122 2.275842049255343 2.272872985589673 2.269903921924003 2.2669348582583333 2.2639657945926634 2.2609967309269936 2.258027667261319 2.255058603595649 2.252089539929979 2.2491204762643093 2.2461514125986395 2.2431823489329696 2.2402132852673 2.2372442216016304 2.2342751579359605 2.2313060942702907 2.228337030604621 2.225367966938951
2.308846449432304 2.3086690977941697 2.308491746156035 2.3083143945179003 2.308137042879766 2.307959691241631 2.307782339603496 2.3076049879653615 2.307427636327227 2.307250284689092 2.3070729330509576 2.306895581412823 2.306718229774688 2.3065408781365537 2.3063635264984192 2.3061861748602843 2.304648327784311 2.3016560803018913 2.2986638328194715 2.2956715853370464 2.2926793378546266 2.289687090372207 2.286694842889787 2.2837025954073673 2.2807103479249475 2.2777181004425278 2.2747258529601075 2.2717336054776878 2.268741357995268 2.265749110512848 2.2627568630304284 2.2597646155480087 2.2567723680655836 2.253780120583164 2.250787873100744 2.2477956256183242 2.2448033781359045 2.2418111306534847 2.2388188831710645 2.2358266356886447 2.232834388206225 2.229842140723805 2.2268498932413854 2.2238576457589656
2.307536538174589 2.30738733420283 2.307238130231071 2.307088926259312 2.306939722287553 2.306790518315794 2.306641314344035 2.306492110372276 2.306342906400517 2.306193702428758 2.306044498456999 2.3058952944852407 2.3057460905134817 2.3055968865417227 2.3054476825699637 2.3052984785982047 2.3037639696565773 2.300748538357407 2.2977331070582374 2.2947176757590624 2.2917022444598927 2.2886868131607225 2.285671381861553 2.2826559505623827 2.279640519263213 2.2766250879640433 2.273609656664873 2.2705942253657034 2.2675787940665337 2.2645633627673636 2.261547931468194 2.258532500169024 2.255517068869849 2.252501637570679 2.2494862062715093 2.246470774972339 2.2434553436731695 2.2404399123739998 2.2374244810748296 2.23440904977566 2.23139361847649 2.22837818717732 2.2253627558781504 2.2223473245789807
2.3062266269168736 2.30610557061149 2.305984514306107 2.3058634580007236 2.3057424016953405 2.3056213453899574 2.305500289084574 2.3053792327791904 2.3052581764738074 2.305137120168424 2.305016063863041 2.3048950075576577 2.3047739512522742 2.304652894946891 2.3045318386415077 2.3044107823361246 2.3028796115288426 2.2998409964129225 2.296802381297003 2.2937637661810775 2.290725151065158 2.2876865359492378 2.2846479208333177 2.281609305717398 2.278570690601478 2.2755320754855584 2.2724934603696383 2.269454845253718 2.2664162301377986 2.2633776150218785 2.2603389999059584 2.257300384790039 2.2542617696741134 2.2512231545581938 2.2481845394422737 2.2451459243263536 2.242107309210434 2.239068694094514 2.2360300789785943 2.232991463862674 2.229952848746754 2.2269142336308345 2.2238756185149144 2.2208370033989944
2.304429544440486 2.304310930183912 2.3041923159273385 2.3040737016707653 2.3039550874141916 2.3038364731576184 2.3037178589010447 2.303599244644471 2.303480630387898 2.303362016131324 2.303243401874751 2.3031247876181773 2.303006173361604 2.3028875591050304 2.3027689448484567 2.3026503305918835 2.3011211935934512 2.2980841758686266 2.2950471581438023 2.2920101404189728 2.288973122694148 2.285936104969324 2.282899087244499 2.279862069519675 2.2768250517948503 2.273788034070026 2.2707510163452014 2.267713998620377 2.264676980895553 2.2616399631707282 2.258602945445904 2.2555659277210793 2.2525289099962498 2.249491892271425 2.246454874546601 2.243417856821776 2.240380839096952 2.2373438213721273 2.234306803647303 2.2312697859224784 2.228232768197654 2.22519575047283 2.2221587327480052 2.219121715023181
2.302111706636615 2.301968056743839 2.3018244068510634 2.3016807569582873 2.3015371070655117 2.3013934571727357 2.3012498072799596 2.301106157387184 2.300962507494408 2.3008188576016324 2.3006752077088564 2.3005315578160808 2.3003879079233047 2.300244258030529 2.300100608137753 2.2999569582449775 2.2984284608136485 2.295419530029204 2.2924105992447594 2.28940166846031 2.2863927376758655 2.283383806891421 2.2803748761069764 2.277365945322532 2.2743570145380874 2.271348083753643 2.2683391529691983 2.2653302221847538 2.2623212914003092 2.2593123606158647 2.25630342983142 2.2532944990469757 2.2502855682625262 2.2472766374780817 2.244267706693637 2.2412587759091926 2.238249845124748 2.2352409143403036 2.232231983555859 2.2292230527714145 2.22621412198697 2.2232051912025255 2.220196260418081 2.2171873296336364
2.2997938688327433 2.299625183303765 2.299456497774787 2.2992878122458085 2.2991191267168305 2.298950441187852 2.2987817556588737 2.2986130701298957 2.2984443846009173 2.2982756990719393 2.298107013542961 2.297938328013983 2.2977696424850045 2.2976009569560265 2.297432271427048 2.29726358589807 2.2957357280338444 2.29275488418978 2.289774040345715 2.2867931965016455 2.283812352657581 2.2808315088135167 2.277850664969452 2.2748698211253875 2.2718889772813227 2.2689081334372583 2.265927289593194 2.262946445749129 2.2599656019050647 2.256984758061 2.2540039142169355 2.251023070372871 2.2480422265288014 2.2450613826847365 2.242080538840672 2.2390996949966078 2.236118851152543 2.2331380073084786 2.2301571634644137 2.2271763196203493 2.224195475776285 2.22121463193222 2.2182337880881557 2.215252944244091
2.2974760310288724 2.297282309863692 2.2970885886985113 2.296894867533331 2.29670114636815 2.29650742520297 2.2963137040377886 2.296119982872608 2.295926261707428 2.295732540542247 2.2955388193770667 2.295345098211886 2.2951513770467056 2.294957655881525 2.2947639347163444 2.2945702135511636 2.2930429952540416 2.290090238350357 2.2871374814466723 2.2841847245429827 2.281231967639298 2.2782792107356133 2.2753264538319287 2.2723736969282444 2.2694209400245597 2.266468183120875 2.2635154262171904 2.2605626693135057 2.257609912409821 2.2546571555061363 2.251704398602452 2.2487516416987674 2.2457988847950774 2.242846127891393 2.2398933709877085 2.236940614084024 2.233987857180339 2.2310351002766544 2.2280823433729697 2.225129586469285 2.222176829565601 2.219224072661916 2.2162713157582314 2.2133185588545468
2.2951581932250016 2.2949394364236184 2.2947206796222357 2.294501922820853 2.29428316601947 2.294064409218087 2.2938456524167035 2.2936268956153207 2.2934081388139376 2.293189382012555 2.2929706252111717 2.292751868409789 2.2925331116084062 2.292314354807023 2.2920955980056403 2.291876841204257 2.2903502624742385 2.287425592510934 2.284500922547629 2.2815762525843195 2.278651582621015 2.27572691265771 2.2728022426944055 2.269877572731101 2.266952902767796 2.2640282328044914 2.261103562841187 2.258178892877882 2.2552542229145773 2.252329552951273 2.2494048829879683 2.2464802130246633 2.243555543061354 2.240630873098049 2.2377062031347443 2.23478153317144 2.231856863208135 2.2289321932448303 2.2260075232815257 2.223082853318221 2.220158183354916 2.2172335133916117 2.214308843428307 2.211384173465002
2.2928403554211294 2.2925965629835443 2.292352770545959 2.2921089781083737 2.2918651856707886 2.291621393233203 2.2913776007956175 2.291133808358032 2.290890015920447 2.2906462234828617 2.290402431045276 2.290158638607691 2.2899148461701055 2.2896710537325204 2.289427261294935 2.28918346885735 2.2876575296944344 2.2847609466715095 2.281864363648585 2.2789677806256554 2.2760711976027306 2.2731746145798057 2.270278031556881 2.2673814485339565 2.2644848655110317 2.261588282488107 2.258691699465182 2.2557951164422576 2.2528985334193328 2.250001950396408 2.2471053673734835 2.2442087843505587 2.241312201327629 2.238415618304704 2.2355190352817793 2.232622452258855 2.22972586923593 2.2268292862130052 2.2239327031900804 2.221036120167156 2.218139537144231 2.2152429541213063 2.2123463710983815 2.209449788075457
2.290522517617259 2.2902536895434715 2.2899848614696836 2.289716033395896 2.289447205322108 2.2891783772483207 2.2889095491745324 2.288640721100745 2.2883718930269574 2.2881030649531695 2.287834236879382 2.287565408805594 2.2872965807318066 2.287027752658019 2.2867589245842312 2.2864900965104438 2.2849647969146316 2.282096300832087 2.2792278047495422 2.276359308666992 2.2734908125844475 2.270622316501903 2.267753820419358 2.2648853243368134 2.2620168282542683 2.2591483321717236 2.256279836089179 2.2534113400066342 2.250542843924089 2.2476743478415444 2.2448058517589997 2.241937355676455 2.2390688595939054 2.2362003635113603 2.2333318674288156 2.230463371346271 2.2275948752637262 2.2247263791811815 2.2218578830986364 2.2189893870160917 2.216120890933547 2.2132523948510023 2.210383898768457 2.2075154026859125
2.288204679813388 2.2879108161033983 2.287616952393408 2.287323088683418 2.287029224973428 2.286735361263438 2.2864414975534477 2.2861476338434574 2.2858537701334676 2.2855599064234777 2.2852660427134874 2.2849721790034976 2.2846783152935077 2.2843844515835174 2.2840905878735276 2.2837967241635377 2.282272064134829 2.279431654992664 2.2765912458504993 2.2737508367083294 2.2709104275661645 2.268070018424 2.265229609281835 2.26238920013967 2.2595487909975054 2.2567083818553404 2.2538679727131754 2.251027563571011 2.248187154428846 2.245346745286681 2.2425063361445163 2.2396659270023513 2.2368255178601815 2.233985108718017 2.231144699575852 2.228304290433687 2.2254638812915224 2.2226234721493574 2.2197830630071924 2.2169426538650274 2.214102244722863 2.211261835580698 2.208421426438533 2.2055810172963684
2.2858868420095173 2.285567942663325 2.2852490433171324 2.28493014397094 2.2846112446247475 2.2842923452785553 2.2839734459323626 2.28365454658617 2.2833356472399777 2.2830167478937855 2.282697848547593 2.2823789492014006 2.282060049855208 2.2817411505090157 2.2814222511628235 2.281103351816631 2.2795793313550257 2.276767009153241 2.273954686951456 2.2711423647496662 2.2683300425478814 2.2655177203460966 2.2627053981443113 2.2598930759425264 2.2570807537407416 2.2542684315389567 2.251456109337172 2.248643787135387 2.245831464933602 2.2430191427318174 2.2402068205300325 2.237394498328247 2.2345821761264575 2.2317698539246726 2.228957531722888 2.226145209521103 2.223332887319318 2.2205205651175333 2.2177082429157484 2.2148959207139636 2.2120835985121783 2.2092712763103934 2.2064589541086086 2.2036466319068237
2.283569004205645 2.2832250692232505 2.282881134240856 2.282537199258461 2.2821932642760663 2.2818493292936717 2.281505394311276 2.2811614593288816 2.2808175243464865 2.280473589364092 2.2801296543816973 2.2797857193993027 2.2794417844169077 2.279097849434513 2.2787539144521185 2.2784099794697235 2.2768865985752216 2.2741023633138164 2.2713181280524117 2.268533892791002 2.265749657529597 2.2629654222681923 2.260181187006787 2.257396951745382 2.2546127164839773 2.251828481222572 2.2490442459611675 2.2462600106997623 2.2434757754383576 2.2406915401769525 2.237907304915548 2.2351230696541426 2.232338834392733 2.229554599131328 2.226770363869923 2.223986128608518 2.221201893347113 2.2184176580857082 2.215633422824303 2.2128491875628984 2.2100649523014932 2.2072807170400885 2.2044964817786834 2.2017122465172787
2.2812511664017747 2.2808821957831777 2.2805132251645803 2.2801442545459834 2.2797752839273864 2.279406313308789 2.2790373426901915 2.278668372071594 2.278299401452997 2.2779304308344 2.2775614602158027 2.2771924895972058 2.276823518978609 2.276454548360012 2.2760855777414144 2.2757166071228174 2.274193865795419 2.271437717474394 2.268681569153369 2.265925420832339 2.263169272511314 2.260413124190289 2.257656975869264 2.254900827548239 2.252144679227214 2.249388530906189 2.246632382585164 2.243876234264139 2.241120085943114 2.238363937622089 2.235607789301064 2.232851640980039 2.230095492659009 2.227339344337984 2.224583196016959 2.221827047695934 2.219070899374909 2.216314751053884 2.213558602732859 2.210802454411834 2.208046306090809 2.205290157769784 2.202534009448759 2.199777861127734
2.278933328597904 2.2785393223431045 2.278145316088305 2.277751309833506 2.277357303578706 2.2769632973239067 2.2765692910691064 2.276175284814307 2.2757812785595077 2.275387272304708 2.2749932660499086 2.2745992597951092 2.27420525354031 2.27381124728551 2.2734172410307107 2.2730232347759114 2.271501133015616 2.268773071634971 2.266045010254326 2.263316948873676 2.2605888874930313 2.257860826112386 2.255132764731741 2.252404703351096 2.249676641970451 2.2469485805898057 2.244220519209161 2.2414924578285156 2.2387643964478707 2.2360363350672254 2.2333082736865806 2.2305802123059353 2.2278521509252855 2.2251240895446407 2.2223960281639954 2.2196679667833505 2.2169399054027052 2.2142118440220604 2.211483782641415 2.2087557212607702 2.206027659880125 2.2032995984994797 2.200571537118835 2.19784347573819
