Figures/CREST_Example_wjb_NSE/PETs/wjb.pet.20100803.asc
ncols            288
nrows            254
xllcorner        113.274861
yllcorner        31.4918055
cellsize         0.008333333333
NODATA_value     -9999
[rows 180 to 199 of 254, columns 225 to 269 of 288]
4.380563699202982 4.379897770099351 4.379231840995721 4.378565911892091 4.37789998278846 4.3772340536848295 4.376568124581199 4.375902195477568 4.375236266373938 4.374570337270306 4.373904408166676 4.373238479063046 4.372572549959415 4.371906620855785 4.3712406917521545 4.370574762648523 4.369908833544893 4.369242904441263 4.368576975337632 4.367911046234002 4.367245117130372 4.366579188026741 4.3659132589231096 4.3652473298194785 4.364581400715848 4.363915471612218 4.363249542508587 4.361498508416044 4.358587472526962 4.35567643663788 -9999.0 -9999.0 -9999.0 -9999.0 -9999.0 -9999.0 -9999.0 -9999.0 -9999.0 -9999.0 -9999.0 -9999.0 -9999.0 -9999.0 -9999.0
4.380222128743373 4.379518607873184 4.378815087002994 4.378111566132804 4.377408045262615 4.376704524392425 4.376001003522235 4.375297482652045 4.374593961781856 4.373890440911665 4.3731869200414755 4.372483399171285 4.371779878301096 4.371076357430906 4.370372836560716 4.369669315690526 4.368965794820337 4.368262273950147 4.367558753079957 4.366855232209768 4.366151711339578 4.3654481904693885 4.364744669599197 4.364041148729007 4.363337627858818 4.3626341069886285 4.361930586118438 4.360226559698456 4.357452970197424 -9999.0 -9999.0 -9999.0 -9999.0 -9999.0 -9999.0 -9999.0 -9999.0 -9999.0 -9999.0 -9999.0 -9999.0 -9999.0 -9999.0 -9999.0 -9999.0
4.379880558283766 4.3791394456470165 4.378398333010268 4.377657220373519 4.37691610773677 4.376174995100021 4.375433882463272 4.374692769826523 4.3739516571897745 4.373210544553024 4.372469431916275 4.371728319279526 4.370987206642777 4.370246094006028 4.369504981369279 4.36876386873253 4.368022756095781 4.367281643459032 4.3665405308222836 4.365799418185534 4.365058305548786 4.364317192912036 4.363576080275286 4.362834967638538 4.362093855001788 4.361352742365039 4.36061162972829 4.35895461098087 -9999.0 -9999.0 -9999.0 -9999.0 -9999.0 -9999.0 -9999.0 -9999.0 -9999.0 -9999.0 -9999.0 -9999.0 -9999.0 -9999.0 -9999.0 -9999.0 -9999.0
4.379538987824158 4.378760283420849 4.377981579017541 4.377202874614232 4.376424170210925 4.375645465807616 4.3748667614043075 4.374088057001 4.373309352597691 4.372530648194382 4.3717519437910735 4.370973239387766 4.370194534984457 4.369415830581149 4.368637126177841 4.367858421774533 4.367079717371224 4.366301012967916 4.365522308564608 4.3647436041612995 4.363964899757991 4.363186195354683 4.362407490951374 4.361628786548065 4.360850082144757 4.360071377741449 4.359292673338141 4.357682662263283 4.355183965538349 -9999.0 -9999.0 -9999.0 -9999.0 -9999.0 -9999.0 -9999.0 -9999.0 -9999.0 -9999.0 -9999.0 -9999.0 -9999.0 -9999.0 -9999.0 -9999.0
4.379197417364549 4.378381121194682 4.377564825024814 4.376748528854947 4.375932232685079 4.375115936515212 4.3742996403453445 4.373483344175477 4.372667048005609 4.371850751835741 4.371034455665873 4.370218159496005 4.3694018633261384 4.368585567156271 4.367769270986403 4.366952974816535 4.366136678646669 4.365320382476801 4.364504086306933 4.363687790137066 4.362871493967199 4.362055197797331 4.361238901627463 4.360422605457595 4.359606309287727 4.35879001311786 4.357973716947993 4.356410713545697 4.354049463208812 -9999.0 -9999.0 -9999.0 -9999.0 -9999.0 -9999.0 -9999.0 -9999.0 -9999.0 -9999.0 -9999.0 -9999.0 -9999.0 -9999.0 -9999.0 -9999.0
4.3788558469049415 4.378001958968515 4.377148071032088 4.376294183095661 4.375440295159235 4.374586407222808 4.373732519286381 4.372878631349955 4.372024743413528 4.3711708554771 4.370316967540673 4.369463079604246 4.36860919166782 4.367755303731393 4.366901415794966 4.36604752785854 4.365193639922113 4.364339751985686 4.3634858640492595 4.362631976112833 4.361778088176406 4.360924200239979 4.360070312303551 4.3592164243671245 4.358362536430698 4.357508648494271 4.356654760557845 4.35513876482811 4.352914960879275 -9999.0 -9999.0 -9999.0 -9999.0 -9999.0 -9999.0 -9999.0 -9999.0 -9999.0 -9999.0 -9999.0 -9999.0 -9999.0 -9999.0 -9999.0 -9999.0
4.378514276445333 4.377622796742347 4.376731317039361 4.375839837336375 4.374948357633389 4.374056877930403 4.3731653982274175 4.3722739185244315 4.3713824388214455 4.370490959118459 4.369599479415473 4.368707999712487 4.367816520009501 4.366925040306515 4.366033560603529 4.365142080900543 4.364250601197557 4.363359121494571 4.362467641791585 4.3615761620886 4.360684682385614 4.359793202682628 4.35890172297964 4.358010243276654 4.357118763573668 4.356227283870682 4.355335804167696 -9999.0 -9999.0 -9999.0 -9999.0 -9999.0 -9999.0 -9999.0 -9999.0 -9999.0 -9999.0 -9999.0 -9999.0 -9999.0 -9999.0 -9999.0 -9999.0 -9999.0 -9999.0
4.378172705985725 4.37724363451618 4.376314563046635 4.37538549157709 4.374456420107545 4.3735273486379995 4.372598277168454 4.371669205698909 4.370740134229364 4.369811062759817 4.368881991290272 4.367952919820727 4.367023848351182 4.366094776881637 4.365165705412092 4.3642366339425465 4.363307562473001 4.362378491003456 4.361449419533911 4.360520348064365 4.35959127659482 4.358662205125275 4.357733133655729 4.356804062186183 4.355874990716638 4.3549459192470925 -9999.0 -9999.0 -9999.0 -9999.0 -9999.0 -9999.0 -9999.0 -9999.0 -9999.0 -9999.0 -9999.0 -9999.0 -9999.0 -9999.0 -9999.0 -9999.0 -9999.0 -9999.0 -9999.0
4.377831135526117 4.376864472290013 4.3758978090539085 4.374931145817804 4.3739644825817 4.372997819345595 4.3720311561094904 4.371064492873386 4.370097829637282 4.369131166401176 4.3681645031650715 4.367197839928967 4.366231176692863 4.365264513456759 4.3642978502206535 4.363331186984549 4.362364523748445 4.361397860512341 4.360431197276236 4.359464534040132 4.358497870804028 4.357531207567924 4.3565645443318175 4.355597881095713 4.354631217859608 4.353664554623504 -9999.0 -9999.0 -9999.0 -9999.0 -9999.0 -9999.0 -9999.0 -9999.0 -9999.0 -9999.0 -9999.0 -9999.0 -9999.0 -9999.0 -9999.0 -9999.0 -9999.0 -9999.0 -9999.0
4.377489565066509 4.376485310063845 4.375481055061181 4.374476800058518 4.373472545055854 4.37246829005319 4.3714640350505265 4.370459780047863 4.3694555250452 4.3684512700425335 4.36744701503987 4.366442760037207 4.365438505034543 4.364434250031879 4.3634299950292155 4.362425740026552 4.361421485023889 4.360417230021224 4.359412975018561 4.358408720015897 4.357404465013233 4.35640021001057 4.355395955007904 4.354391700005241 4.353387445002578 4.352383189999913 -9999.0 -9999.0 -9999.0 -9999.0 -9999.0 -9999.0 -9999.0 -9999.0 -9999.0 -9999.0 -9999.0 -9999.0 -9999.0 -9999.0 -9999.0 -9999.0 -9999.0 -9999.0 -9999.0
4.377147994606901 4.376106147837678 4.375064301068456 4.374022454299232 4.3729806075300095 4.371938760760786 4.370896913991563 4.369855067222341 4.368813220453117 4.367771373683893 4.36672952691467 4.365687680145447 4.364645833376224 4.363603986607002 4.362562139837778 4.361520293068556 4.360478446299332 4.35943659953011 4.358394752760887 4.357352905991664 4.356311059222441 4.355269212453218 4.354227365683993 4.353185518914771 4.352143672145548 4.3511018253763245 4.350059978607102 -9999.0 -9999.0 -9999.0 -9999.0 -9999.0 -9999.0 -9999.0 -9999.0 -9999.0 -9999.0 -9999.0 -9999.0 -9999.0 -9999.0 -9999.0 -9999.0 -9999.0 -9999.0
4.376806424147293 4.375726985611511 4.374647547075728 4.3735681085399465 4.372488670004164 4.371409231468382 4.3703297929325995 4.369250354396818 4.368170915861036 4.367091477325252 4.36601203878947 4.364932600253687 4.3638531617179055 4.362773723182123 4.361694284646341 4.360614846110559 4.359535407574777 4.358455969038995 4.357376530503212 4.356297091967431 4.355217653431648 4.354138214895866 4.353058776360082 4.3519793378243 4.350899899288518 4.349820460752736 4.348741022216954 -9999.0 -9999.0 -9999.0 -9999.0 -9999.0 -9999.0 -9999.0 -9999.0 -9999.0 -9999.0 -9999.0 -9999.0 -9999.0 -9999.0 -9999.0 -9999.0 -9999.0 -9999.0
4.3764648536876845 4.375347823385343 4.374230793083002 4.37311376278066 4.371996732478319 4.370879702175977 4.3697626718736355 4.368645641571295 4.367528611268953 4.36641158096661 4.365294550664268 4.3641775203619275 4.363060490059586 4.361943459757245 4.360826429454903 4.359709399152562 4.35859236885022 4.3574753385478795 4.356358308245538 4.355241277943196 4.354124247640855 4.353007217338513 4.351890187036171 4.350773156733829 4.349656126431488 4.348539096129146 4.347422065826805 -9999.0 -9999.0 -9999.0 -9999.0 -9999.0 -9999.0 -9999.0 -9999.0 -9999.0 -9999.0 -9999.0 -9999.0 -9999.0 -9999.0 -9999.0 -9999.0 -9999.0 -9999.0
4.376123283228076 4.374968661159176 4.373814039090275 4.372659417021374 4.371504794952474 4.370350172883573 4.369195550814673 4.368040928745772 4.3668863066768715 4.365731684607969 4.364577062539069 4.363422440470168 4.362267818401268 4.361113196332367 4.359958574263466 4.358803952194566 4.357649330125665 4.356494708056764 4.355340085987864 4.354185463918963 4.353030841850062 4.351876219781162 4.350721597712259 4.349566975643358 4.348412353574458 4.347257731505557 4.3461031094366565 4.3449631750874165 -9999.0 -9999.0 -9999.0 -9999.0 -9999.0 -9999.0 -9999.0 -9999.0 -9999.0 -9999.0 -9999.0 -9999.0 -9999.0 -9999.0 -9999.0 -9999.0 -9999.0
4.375781712768468 4.374589498933008 4.373397285097548 4.372205071262089 4.371012857426629 4.369820643591169 4.368628429755709 4.367436215920249 4.366244002084789 4.365051788249327 4.363859574413867 4.362667360578408 4.361475146742948 4.360282932907488 4.359090719072028 4.357898505236569 4.3567062914011085 4.3555140775656485 4.354321863730188 4.353129649894729 4.351937436059269 4.350745222223809 4.349553008388347 4.348360794552888 4.347168580717428 4.345976366881968 4.344784153046508 4.343691226369829 -9999.0 -9999.0 -9999.0 -9999.0 -9999.0 -9999.0 -9999.0 -9999.0 -9999.0 -9999.0 -9999.0 -9999.0 -9999.0 -9999.0 -9999.0 -9999.0 -9999.0
4.375440142308861 4.374210336706842 4.372980531104822 4.371750725502803 4.370520919900784 4.369291114298765 4.368061308696746 4.366831503094727 4.365601697492708 4.364371891890687 4.363142086288668 4.361912280686648 4.360682475084629 4.35945266948261 4.3582228638805915 4.356993058278572 4.355763252676553 4.354533447074534 4.353303641472515 4.352073835870495 4.350844030268477 4.349614224666458 4.348384419064437 4.3471546134624175 4.345924807860398 4.344695002258379 4.34346519665636 4.342419277652243 -9999.0 -9999.0 -9999.0 -9999.0 -9999.0 -9999.0 -9999.0 -9999.0 -9999.0 -9999.0 -9999.0 -9999.0 -9999.0 -9999.0 -9999.0 -9999.0 -9999.0
4.375098571849252 4.3738311744806735 4.372563777112096 4.371296379743518 4.370028982374939 4.368761585006361 4.367494187637782 4.366226790269204 4.364959392900626 4.3636919955320455 4.362424598163467 4.361157200794889 4.35988980342631 4.358622406057732 4.3573550086891535 4.356087611320575 4.354820213951998 4.353552816583419 4.352285419214841 4.351018021846262 4.349750624477684 4.348483227109106 4.3472158297405255 4.345948432371947 4.344681035003369 4.34341363763479 4.342146240266212 4.341147328934657 -9999.0 -9999.0 -9999.0 -9999.0 -9999.0 -9999.0 -9999.0 -9999.0 -9999.0 -9999.0 -9999.0 -9999.0 -9999.0 -9999.0 -9999.0 -9999.0 -9999.0
4.374757001389644 4.373452012254506 4.372147023119369 4.370842033984231 4.3695370448490936 4.368232055713956 4.3669270665788185 4.365622077443681 4.364317088308543 4.363012099173403 4.361707110038266 4.360402120903128 4.3590971317679905 4.357792142632853 4.356487153497715 4.355182164362578 4.35387717522744 4.352572186092303 4.351267196957165 4.349962207822028 4.34865721868689 4.347352229551753 4.346047240416613 4.344742251281476 4.343437262146338 4.342132273011201 4.340827283876063 4.3398753802170695 -9999.0 -9999.0 -9999.0 -9999.0 -9999.0 -9999.0 -9999.0 -9999.0 -9999.0 -9999.0 -9999.0 -9999.0 -9999.0 -9999.0 -9999.0 -9999.0 -9999.0
4.3744154309300365 4.373072850028339 4.371730269126642 4.3703876882249455 4.369045107323249 4.367702526421552 4.366359945519855 4.365017364618159 4.363674783716461 4.362332202814763 4.360989621913066 4.359647041011368 4.358304460109672 4.356961879207975 4.355619298306278 4.3542767174045816 4.352934136502885 4.351591555601188 4.3502489746994915 4.348906393797794 4.347563812896097 4.3462212319944005 4.344878651092701 4.343536070191004 4.342193489289308 4.340850908387611 -9999.0 -9999.0 -9999.0 -9999.0 -9999.0 -9999.0 -9999.0 -9999.0 -9999.0 -9999.0 -9999.0 -9999.0 -9999.0 -9999.0 -9999.0 -9999.0 -9999.0 -9999.0 -9999.0
4.3740738604704275 4.372693687802172 4.371313515133916 4.36993334246566 4.368553169797403 4.367172997129147 4.3657928244608915 4.364412651792636 4.36303247912438 4.361652306456121 4.360272133787865 4.358891961119609 4.357511788451353 4.356131615783097 4.354751443114841 4.353371270446585 4.3519910977783285 4.350610925110073 4.349230752441817 4.347850579773561 4.346470407105305 4.345090234437048 4.343710061768791 4.342329889100534 4.340949716432278 4.339569543764022 -9999.0 -9999.0 -9999.0 -9999.0 -9999.0 -9999.0 -9999.0 -9999.0 -9999.0 -9999.0 -9999.0 -9999.0 -9999.0 -9999.0 -9999.0 -9999.0 -9999.0 -9999.0 -9999.0
