Figures/CREST_Example_wjb_NSE/PETs/wjb.pet.20090501.asc
ncols            288
nrows            254
xllcorner        113.274861
yllcorner        31.4918055
cellsize         0.008333333333
NODATA_value     -9999
[rows 120 to 139 of 254, columns 220 to 263 of 288]
1.606461420862227 1.61260748078449 1.61661900862845 1.6183486733725407 1.6200783381166313 1.621808002860722 1.6235376676048128 1.6252673323489033 1.626996997092994 1.6287266618370846 1.6304563265811753 1.6321859913252659 1.6339156560693566 1.6356453208134472 1.6373749855575408 1.6391046503016313 1.640834315045722 1.6425639797898128 1.6442936445339034 1.6460233092779941 1.6477529740220846 1.6494826387661754 1.651212303510266 1.6529419682543567 1.6546716329984472 1.656401297742538 1.6581309624866285 1.6598606272307221 1.661590291974813 1.6633199567189034 1.6650496214629942 1.6667792862070847 1.667965140196599 1.6685696481792924 1.6691741561619862 1.6697786641446797 1.6703831721273732 1.6709876801100667 1.6715921880927602 1.672196696075454 1.6728012040581484 1.673405712040842 1.6740102200235356 -9999.0
1.6005006217892142 1.6062428137708595 1.610008418010884 1.6116610052215063 1.6133135924321285 1.6149661796427508 1.6166187668533731 1.6182713540639952 1.6199239412746176 1.62157652848524 1.623229115695862 1.6248817029064844 1.6265342901171065 1.6281868773277288 1.6298394645383538 1.6314920517489762 1.6331446389595985 1.6347972261702206 1.636449813380843 1.638102400591465 1.6397549878020874 1.6414075750127097 1.6430601622233318 1.6447127494339542 1.6463653366445765 1.6480179238551986 1.649670511065821 1.651323098276446 1.6529756854870683 1.6546282726976904 1.6562808599083128 1.657933447118935 1.6591425026620115 1.6598774128123084 1.6606123229626055 1.6613472331129024 1.6620821432631996 1.6628170534134967 1.6635519635637936 1.6642868737140908 1.665021783864389 1.6657566940146862 1.666491604164983 -9999.0
1.5945398227162015 1.5998781467572292 1.603397827393318 1.604973337070472 1.6065488467476257 1.6081243564247796 1.6096998661019335 1.6112753757790872 1.6128508854562411 1.614426395133395 1.6160019048105487 1.6175774144877026 1.6191529241648566 1.6207284338420103 1.6223039435191668 1.6238794531963208 1.6254549628734747 1.6270304725506284 1.6286059822277823 1.6301814919049362 1.63175700158209 1.6333325112592438 1.6349080209363978 1.6364835306135515 1.6380590402907054 1.6396345499678593 1.641210059645013 1.6427855693221696 1.6443610789993235 1.6459365886764774 1.647512098353631 1.649087608030785 1.6503198651274236 1.6511851774453241 1.6520504897632247 1.6529158020811252 1.653781114399026 1.6546464267169265 1.655511739034827 1.6563770513527276 1.6572423636706295 1.6581076759885303 1.6589729883064308 1.6598383006243314
1.588579023643189 1.5935134797435992 1.5967872367757523 1.5982856689194376 1.599784101063123 1.6012825332068086 1.602780965350494 1.6042793974941794 1.6057778296378649 1.6072762617815504 1.6087746939252359 1.6102731260689211 1.6117715582126066 1.6132699903562921 1.61476842249998 1.6162668546436656 1.617765286787351 1.6192637189310364 1.6207621510747219 1.6222605832184074 1.6237590153620929 1.6252574475057782 1.6267558796494637 1.6282543117931492 1.6297527439368347 1.63125117608052 1.6327496082242055 1.6342480403678934 1.635746472511579 1.6372449046552644 1.63874333679895 1.6402417689426352 1.6414972275928361 1.64249294207834 1.6434886565638442 1.6444843710493482 1.6454800855348524 1.6464758000203563 1.6474715145058605 1.6484672289913644 1.6494629434768702 1.6504586579623743 1.6514543724478783 1.6524500869333825
1.582618224570171 1.5871488127299633 1.5901766461581806 1.5915980007683976 1.5930193553786145 1.5944407099888316 1.5958620645990484 1.5972834192092655 1.5987047738194824 1.6001261284296995 1.6015474830399163 1.6029688376501334 1.6043901922603503 1.6058115468705674 1.6072329014807867 1.6086542560910038 1.6100756107012206 1.6114969653114377 1.6129183199216546 1.6143396745318717 1.6157610291420885 1.6171823837523056 1.6186037383625225 1.6200250929727396 1.6214464475829564 1.6228678021931735 1.6242891568033904 1.62571051141361 1.6271318660238268 1.6285532206340438 1.6299745752442607 1.6313959298544778 1.632674590058241 1.6338007067113485 1.634926823364456 1.6360529400175639 1.6371790566706714 1.6383051733237792 1.6394312899768868 1.6405574066299946 1.6416835232831042 1.6428096399362118 1.6439357565893196 1.6450618732424271
1.5766574254971581 1.5807841457163332 1.5835660555406146 1.5849103326173632 1.5862546096941117 1.5875988867708604 1.588943163847609 1.5902874409243575 1.5916317180011061 1.5929759950778546 1.5943202721546033 1.595664549231352 1.5970088263081004 1.598353103384849 1.5996973804616 1.6010416575383484 1.602385934615097 1.6037302116918457 1.6050744887685942 1.6064187658453428 1.6077630429220913 1.60910731999884 1.6104515970755886 1.611795874152337 1.6131401512290857 1.6144844283058342 1.6158287053825828 1.6171729824593337 1.6185172595360824 1.6198615366128308 1.6212058136895795 1.622550090766328 1.6238519525236532 1.6251084713443644 1.6263649901650756 1.6276215089857868 1.628878027806498 1.630134546627209 1.6313910654479202 1.6326475842686314 1.6339041030893449 1.635160621910056 1.636417140730767 1.6376736595514783
1.5706966264241453 1.5744194787027028 1.5769554649230486 1.5782226644663289 1.579489864009609 1.5807570635528891 1.5820242630961694 1.5832914626394494 1.5845586621827297 1.58582586172601 1.5870930612692902 1.5883602608125702 1.5896274603558505 1.5908946598991307 1.592161859442413 1.5934290589856932 1.5946962585289732 1.5959634580722535 1.5972306576155337 1.598497857158814 1.599765056702094 1.6010322562453743 1.6022994557886545 1.6035666553319345 1.6048338548752148 1.606101054418495 1.6073682539617753 1.6086354535050575 1.6099026530483378 1.6111698525916178 1.612437052134898 1.6137042516781783 1.6150293149890658 1.6164162359773804 1.617803156965695 1.6191900779540096 1.6205769989423244 1.621963919930639 1.6233508409189537 1.6247377619072685 1.6261246828955853 1.6275116038839001 1.6288985248722148 1.6302854458605294
1.5647358273511325 1.5680548116890725 1.5703448743054826 1.5715349963152943 1.572725118325106 1.573915240334918 1.5751053623447298 1.5762954843545414 1.5774856063643532 1.578675728374165 1.5798658503839769 1.5810559723937887 1.5822460944036003 1.5834362164134121 1.584626338423226 1.5858164604330378 1.5870065824428496 1.5881967044526613 1.589386826462473 1.590576948472285 1.5917670704820968 1.5929571924919084 1.5941473145017202 1.595337436511532 1.5965275585213439 1.5977176805311555 1.5989078025409673 1.6000979245507811 1.601288046560593 1.6024781685704048 1.6036682905802164 1.6048584125900283 1.6062066774544779 1.607724000610396 1.6092413237663143 1.6107586469222324 1.6122759700781506 1.6137932932340688 1.615310616389987 1.616827939545905 1.618345262701826 1.619862585857744 1.6213799090136622 1.6228972321695805
1.5587750282781196 1.561690144675442 1.5637342836879164 1.5648473281642599 1.5659603726406033 1.5670734171169467 1.5681864615932901 1.5692995060696335 1.570412550545977 1.5715255950223201 1.5726386394986636 1.573751683975007 1.5748647284513504 1.5759777729276938 1.577090817404039 1.5782038618803824 1.5793169063567258 1.5804299508330693 1.5815429953094127 1.582656039785756 1.5837690842620995 1.5848821287384427 1.5859951732147861 1.5871082176911295 1.588221262167473 1.5893343066438164 1.5904473511201598 1.591560395596505 1.5926734400728484 1.5937864845491918 1.5948995290255352 1.5960125735018786 1.5973840399198904 1.599031765243412 1.6006794905669337 1.6023272158904553 1.603974941213977 1.6056226665374989 1.6072703918610205 1.6089181171845421 1.6105658425080667 1.6122135678315883 1.61386129315511 1.6155090184786316
1.552814229205107 1.555325477661812 1.5571236930703507 1.5581596600132257 1.5591956269561007 1.5602315938989757 1.5612675608418507 1.5623035277847257 1.5633394947276007 1.5643754616704755 1.5654114286133505 1.5664473955562255 1.5674833624991005 1.5685193294419755 1.5695552963848522 1.5705912633277272 1.5716272302706022 1.5726631972134772 1.573699164156352 1.574735131099227 1.575771098042102 1.576807064984977 1.577843031927852 1.578878998870727 1.579914965813602 1.580950932756477 1.581986899699352 1.5830228666422286 1.5840588335851036 1.5850948005279786 1.5861307674708536 1.5871667344137286 1.5885614023853025 1.5903395298764278 1.592117657367553 1.593895784858678 1.5956739123498034 1.5974520398409284 1.5992301673320537 1.6010082948231787 1.6027864223143071 1.6045645498054322 1.6063426772965574 1.6081208047876827
1.5468534301320942 1.5489608106481816 1.5505131024527847 1.5514719918621913 1.552430881271598 1.5533897706810045 1.554348660090411 1.5553075494998176 1.5562664389092242 1.5572253283186308 1.5581842177280374 1.559143107137444 1.5601019965468506 1.5610608859562571 1.5620197753656653 1.5629786647750719 1.5639375541844784 1.564896443593885 1.5658553330032916 1.5668142224126982 1.5677731118221048 1.5687320012315114 1.569690890640918 1.5706497800503245 1.571608669459731 1.5725675588691377 1.5735264482785443 1.5744853376879524 1.575444227097359 1.5764031165067656 1.5773620059161721 1.5783208953255787 1.579738764850715 1.5816472945094437 1.5835558241681724 1.585464353826901 1.5873728834856298 1.5892814131443584 1.5911899428030871 1.5930984724618158 1.5950070021205478 1.5969155317792765 1.5988240614380052 1.6007325910967338
1.5408926310590765 1.542596143634546 1.5439025118352132 1.5447843237111512 1.5456661355870893 1.5465479474630275 1.5474297593389656 1.5483115712149036 1.5491933830908418 1.55007519496678 1.550957006842718 1.5518388187186563 1.5527206305945942 1.5536024424705324 1.554484254346472 1.5553660662224102 1.5562478780983482 1.5571296899742864 1.5580115018502245 1.5588933137261627 1.5597751256021009 1.5606569374780388 1.561538749353977 1.5624205612299151 1.5633023731058533 1.5641841849817915 1.5650659968577294 1.5659478087336691 1.5668296206096073 1.5677114324855452 1.5685932443614834 1.5694750562374216 1.57091612731612 1.5729550591424524 1.5749939909687847 1.577032922795117 1.579071854621449 1.5811107864477814 1.5831497182741137 1.585188650100446 1.5872275819267818 1.5892665137531141 1.5913054455794464 1.5933443774057787
1.5349318319860636 1.5362314766209157 1.537291921217647 1.5380966555601168 1.5389013899025865 1.5397061242450563 1.540510858587526 1.5413155929299958 1.5421203272724653 1.542925061614935 1.5437297959574048 1.5445345302998745 1.5453392646423443 1.546143998984814 1.546948733327285 1.5477534676697549 1.5485582020122244 1.5493629363546941 1.5501676706971639 1.5509724050396336 1.5517771393821034 1.5525818737245731 1.5533866080670429 1.5541913424095124 1.5549960767519821 1.555800811094452 1.5566055454369216 1.5574102797793927 1.5582150141218625 1.5590197484643322 1.559824482806802 1.5606292171492715 1.5620934897815322 1.564262823775468 1.5664321577694038 1.5686014917633395 1.5707708257572754 1.5729401597512112 1.575109493745147 1.5772788277390828 1.5794481617330223 1.581617495726958 1.583786829720894 1.5859561637148296
1.5289710329130508 1.5298668096072854 1.530681330600081 1.5314089874090824 1.5321366442180837 1.532864301027085 1.5335919578360864 1.5343196146450877 1.535047271454089 1.5357749282630904 1.5365025850720917 1.537230241881093 1.5379578986900944 1.5386855554990957 1.5394132123080981 1.5401408691170995 1.5408685259261008 1.5415961827351021 1.5423238395441035 1.5430514963531048 1.5437791531621061 1.5445068099711075 1.5452344667801088 1.5459621235891101 1.5466897803981114 1.5474174372071128 1.548145094016114 1.5488727508251166 1.5496004076341179 1.5503280644431192 1.5510557212521205 1.5517833780611219 1.5532708522469447 1.555570588408484 1.5578703245700232 1.5601700607315625 1.5624697968931018 1.5647695330546412 1.5670692692161805 1.5693690053777196 1.571668741539263 1.5739684777008023 1.5762682138623416 1.5785679500238807
1.5230102338400382 1.5235021425936552 1.5240707399825153 1.5247213192580482 1.5253718985335811 1.526022477809114 1.526673057084647 1.5273236363601799 1.5279742156357128 1.5286247949112457 1.5292753741867786 1.5299259534623115 1.5305765327378444 1.5312271120133774 1.5318776912889114 1.5325282705644443 1.5331788498399772 1.5338294291155101 1.534480008391043 1.535130587666576 1.5357811669421089 1.5364317462176416 1.5370823254931745 1.5377329047687074 1.5383834840442403 1.5390340633197732 1.5396846425953061 1.5403352218708402 1.540985801146373 1.541636380421906 1.542286959697439 1.5429375389729718 1.5444482147123568 1.5468783530414998 1.5493084913706425 1.5517386296997853 1.554168768028928 1.556598906358071 1.5590290446872137 1.5614591830163564 1.5638893213455034 1.5663194596746464 1.568749598003789 1.5711797363329318
1.5170494347670254 1.5171374755800249 1.5174601493649493 1.5180336511070138 1.5186071528490783 1.5191806545911428 1.5197541563332073 1.5203276580752718 1.5209011598173363 1.5214746615594008 1.5220481633014653 1.5226216650435298 1.5231951667855943 1.5237686685276588 1.5243421702697244 1.524915672011789 1.5254891737538534 1.526062675495918 1.5266361772379824 1.527209678980047 1.5277831807221114 1.528356682464176 1.5289301842062406 1.529503685948305 1.5300771876903696 1.530650689432434 1.5312241911744986 1.531797692916564 1.5323711946586285 1.5329446964006932 1.5335181981427577 1.5340916998848222 1.5356255771777694 1.5381861176745157 1.5407466581712619 1.5433071986680083 1.5458677391647546 1.5484282796615008 1.5509888201582471 1.5535493606549935 1.556109901151744 1.5586704416484904 1.5612309821452366 1.563791522641983
1.5110886356940125 1.5107728085663945 1.5108495587473831 1.5113459829559794 1.5118424071645755 1.5123388313731716 1.5128352555817677 1.5133316797903638 1.5138281039989598 1.5143245282075561 1.5148209524161522 1.5153173766247483 1.5158138008333444 1.5163102250419405 1.5168066492505374 1.5173030734591335 1.5177994976677298 1.518295921876326 1.518792346084922 1.519288770293518 1.5197851945021141 1.5202816187107104 1.5207780429193065 1.5212744671279026 1.5217708913364987 1.5222673155450948 1.5227637397536908 1.5232601639622878 1.523756588170884 1.5242530123794802 1.5247494365880763 1.5252458607966723 1.5268029396431817 1.5294938823075317 1.5321848249718815 1.5348757676362312 1.537566710300581 1.5402576529649308 1.5429485956292806 1.5456395382936303 1.5483304809579848 1.5510214236223345 1.5537123662866843 1.556403308951034
1.5051278366209946 1.5044081415527588 1.5042389681298116 1.5046583148049393 1.505077661480067 1.5054970081551946 1.5059163548303223 1.50633570150545 1.5067550481805776 1.5071743948557053 1.507593741530833 1.5080130882059604 1.508432434881088 1.5088517815562157 1.509271128231344 1.5096904749064717 1.5101098215815993 1.510529168256727 1.5109485149318547 1.5113678616069823 1.51178720828211 1.5122065549572377 1.5126259016323653 1.513045248307493 1.5134645949826206 1.5138839416577483 1.514303288332876 1.5147226350080043 1.515141981683132 1.5155613283582596 1.5159806750333873 1.516400021708515 1.5179803021085865 1.5208016469405399 1.5236229917724933 1.5264443366044467 1.5292656814364 1.5320870262683535 1.5349083711003069 1.5377297159322605 1.5405510607642185 1.543372405596172 1.5461937504281253 1.5490150952600787
1.499167037547982 1.4980434745391285 1.4976283775122456 1.497970646653905 1.4983129157955641 1.4986551849372234 1.4989974540788826 1.4993397232205419 1.4996819923622011 1.5000242615038604 1.5003665306455196 1.5007087997871789 1.501051068928838 1.5013933380704974 1.5017356072121573 1.5020778763538165 1.5024201454954758 1.502762414637135 1.5031046837787942 1.5034469529204535 1.5037892220621127 1.504131491203772 1.5044737603454312 1.5048160294870905 1.5051582986287497 1.505500567770409 1.5058428369120682 1.5061851060537281 1.5065273751953874 1.5068696443370466 1.5072119134787059 1.5075541826203651 1.509157664573999 1.5121094115735558 1.5150611585731129 1.5180129055726697 1.5209646525722267 1.5239163995717835 1.5268681465713405 1.5298198935708973 1.5327716405704592 1.5357233875700163 1.538675134569573 1.54162688156913
1.4932062384749694 1.4916788075254985 1.4910177868946797 1.4912829785028707 1.4915481701110616 1.4918133617192524 1.4920785533274432 1.492343744935634 1.4926089365438249 1.4928741281520157 1.4931393197602065 1.4934045113683974 1.4936697029765882 1.493934894584779 1.4942000861929703 1.4944652778011611 1.494730469409352 1.494995661017543 1.4952608526257338 1.4955260442339247 1.4957912358421155 1.4960564274503063 1.4963216190584971 1.496586810666688 1.4968520022748788 1.4971171938830696 1.4973823854912605 1.4976475770994517 1.4979127687076426 1.4981779603158334 1.4984431519240244 1.4987083435322153 1.5003350270394111 1.5034171762065716 1.506499325373732 1.5095814745408924 1.5126636237080529 1.5157457728752133 1.5188279220423737 1.5219100712095341 1.5249922203767 1.5280743695438601 1.5311565187110205 1.534238667878181
