Figures/CREST_Example_wjb_NSE/PETs/wjb.pet.20090426.asc
ncols            288
nrows            254
xllcorner        113.274861
yllcorner        31.4918055
cellsize         0.008333333333
NODATA_value     -9999
[rows 200 to 219 of 254, columns 132 to 175 of 288]
3.010039096202806 3.0077885363998518 3.0055379765968975 3.0032874167939427 3.0010368569909884 2.998786297188034 2.99653573738508 2.994285177582125 2.992034617779171 2.9897840579762165 2.987533498173262 2.985282938370304 2.9830323785673496 2.980781818764395 2.9785312589614406 2.9762806991584863 2.974030139355532 2.9717795795525777 2.969529019749623 2.9672784599466686 2.9650279001437143 2.96277734034076 2.9605267805378053 2.958276220734851 2.9560256609318927 2.9537751011289384 2.951524541325984 2.9492739815230298 2.947023421720075 2.9447728619171207 2.943475737310988 2.9431978564983625 2.942919975685737 2.9426420948731113 2.9423642140604853 2.9420863332478597 2.941808452435234 2.941530571622608 2.941252690809982 2.9409748099973565 2.940696929184731 2.9404190483721053 2.9401411675594793 2.9398632867468537
3.0108794659522897 3.008633359313888 3.0063872526754865 3.004141146037085 3.001895039398683 2.999648932760282 2.9974028261218804 2.9951567194834787 2.992910612845077 2.9906645062066755 2.9884183995682743 2.9861722929298686 2.983926186291467 2.981680079653066 2.979433973014664 2.9771878663762625 2.974941759737861 2.9726956530994597 2.970449546461058 2.9682034398226564 2.965957333184255 2.963711226545853 2.961465119907452 2.9592190132690503 2.9569729066306447 2.9547267999922435 2.952480693353842 2.9502345867154403 2.9479884800770386 2.945742373438637 2.9444546206723152 2.9441913698746185 2.9439281190769213 2.9436648682792246 2.943401617481528 2.9431383666838307 2.942875115886134 2.9426118650884368 2.94234861429074 2.942085363493043 2.941822112695346 2.9415588618976494 2.941295611099952 2.9410323603022555
3.011719835701773 3.0094781822279244 3.0072365287540754 3.004994875280227 3.0027532218063784 3.0005115683325294 2.998269914858681 2.9960282613848324 2.9937866079109834 2.991544954437135 2.9893033009632863 2.987061647489434 2.984819994015585 2.9825783405417363 2.980336687067888 2.978095033594039 2.9758533801201903 2.9736117266463413 2.971370073172493 2.9691284196986443 2.9668867662247953 2.9646451127509468 2.9624034592770982 2.9601618058032493 2.9579201523293968 2.9556784988555482 2.9534368453816997 2.9511951919078507 2.948953538434002 2.9467118849601537 2.945433504033642 2.945184883250874 2.944936262468106 2.9446876416853383 2.94443902090257 2.944190400119802 2.943941779337034 2.9436931585542654 2.9434445377714975 2.9431959169887296 2.9429472962059613 2.9426986754231934 2.9424500546404255 2.9422014338576576
3.0125602054512566 3.0103230051419607 3.008085804832665 3.005848604523369 3.003611404214073 3.0013742039047773 2.9991370035954814 2.9968998032861855 2.9946626029768897 2.992425402667594 2.9901882023582984 2.9879510020489986 2.9857138017397027 2.983476601430407 2.981239401121111 2.979002200811815 2.9767650005025192 2.9745278001932234 2.972290599883928 2.970053399574632 2.9678161992653362 2.9655789989560404 2.9633417986467445 2.9611045983374487 2.958867398028149 2.956630197718853 2.9543929974095575 2.9521557971002617 2.949918596790966 2.94768139648167 2.946412387394969 2.94617839662713 2.9459444058592905 2.9457104150914515 2.9454764243236125 2.945242433555773 2.945008442787934 2.9447744520200945 2.9445404612522554 2.944306470484416 2.944072479716577 2.943838488948738 2.9436044981808984 2.9433705074130594
3.0134005752007402 3.0111678280559975 3.0089350809112543 3.0067023337665115 3.0044695866217683 3.0022368394770256 3.0000040923322824 2.9977713451875396 2.9955385980427964 2.9933058508980537 2.9910731037533105 2.9888403566085637 2.986607609463821 2.984374862319078 2.982142115174335 2.979909368029592 2.977676620884849 2.975443873740106 2.973211126595363 2.97097837945062 2.968745632305877 2.966512885161134 2.9642801380163912 2.962047390871648 2.9598146437269013 2.9575818965821585 2.9553491494374153 2.9531164022926726 2.9508836551479294 2.9486509080031866 2.9473912707562966 2.947171910003386 2.946952549250476 2.9467331884975656 2.946513827744655 2.946294466991745 2.9460751062388346 2.9458557454859235 2.9456363847330134 2.945417023980103 2.9451976632271926 2.9449783024742824 2.944758941721372 2.9445395809684616
3.014240944950224 3.012012650970034 3.0097843569898437 3.0075560630096536 3.0053277690294635 3.0030994750492734 3.0008711810690833 2.9986428870888933 2.996414593108703 2.994186299128513 2.9919580051483226 2.989729711168129 2.987501417187939 2.9852731232077487 2.9830448292275586 2.9808165352473686 2.978588241267178 2.976359947286988 2.974131653306798 2.9719033593266078 2.9696750653464177 2.9674467713662276 2.9652184773860375 2.9629901834058474 2.9607618894256533 2.9585335954454632 2.956305301465273 2.954077007485083 2.951848713504893 2.949620419524703 2.9483701541176233 2.948165423379642 2.94796069264166 2.947755961903679 2.9475512311656975 2.9473465004277157 2.9471417696897344 2.9469370389517526 2.946732308213771 2.9465275774757895 2.9463228467378078 2.9461181159998264 2.945913385261845 2.9457086545238633
3.015081314699707 3.0128574738840697 3.0106336330684327 3.0084097922527953 3.006185951437158 3.003962110621521 3.0017382698058834 2.9995144289902465 2.997290588174609 2.995066747358972 2.9928429065433346 2.9906190657276936 2.9883952249120562 2.9861713840964192 2.983947543280782 2.981723702465145 2.9794998616495074 2.9772760208338704 2.975052180018233 2.9728283392025956 2.9706044983869586 2.968380657571321 2.966156816755684 2.963932975940047 2.961709135124406 2.9594852943087684 2.9572614534931314 2.955037612677494 2.952813771861857 2.9505899310462196 2.949349037478951 2.949158936755898 2.9489688360328454 2.9487787353097925 2.94858863458674 2.9483985338636876 2.9482084331406346 2.9480183324175817 2.947828231694529 2.9476381309714763 2.947448030248424 2.947257929525371 2.9470678288023184 2.9468777280792655
3.0159216844491907 3.0137022967981064 3.011482909147022 3.009263521495938 3.0070441338448535 3.004824746193769 3.002605358542685 3.0003859708916 2.9981665832405158 2.9959471955894315 2.993727807938347 2.991508420287259 2.9892890326361745 2.98706964498509 2.984850257334006 2.9826308696829216 2.9804114820318373 2.978192094380753 2.975972706729668 2.973753319078584 2.9715339314274996 2.9693145437764152 2.967095156125331 2.9648757684742466 2.9626563808231583 2.960436993172074 2.9582176055209897 2.9559982178699054 2.9537788302188206 2.9515594425677363 2.950327920840278 2.9501524501321543 2.9499769794240307 2.9498015087159066 2.949626038007783 2.949450567299659 2.9492750965915353 2.949099625883411 2.948924155175287 2.9487486844671635 2.9485732137590395 2.948397743050916 2.9482222723427918 2.948046801634668
3.0172160057561817 3.015008156305539 3.0128003068548965 3.010592457404254 3.0083846079536114 3.006176758502969 3.0039689090523263 3.0017610596016837 2.9995532101510407 2.997345360700398 2.9951375112497556 2.9929296617991095 2.990721812348467 2.9885139628978243 2.9863061134471813 2.9840982639965388 2.981890414545896 2.9796825650952536 2.977474715644611 2.9752668661939685 2.973059016743326 2.9708511672926834 2.968643317842041 2.9664354683913983 2.9642276189407517 2.962019769490109 2.9598119200394666 2.957604070588824 2.9553962211381815 2.953188371687539 2.9519669400306023 2.951800011309357 2.9516330825881116 2.951466153866866 2.9512992251456205 2.951132296424375 2.95096536770313 2.950798438981884 2.9506315102606386 2.9504645815393933 2.950297652818148 2.9501307240969026 2.949963795375657 2.9497968666544114
3.0189955726666287 3.0168068348732398 3.014618097079851 3.0124293592864615 3.0102406214930726 3.0080518836996837 3.0058631459062943 3.0036744081129054 3.0014856703195165 2.999296932526127 2.9971081947327383 2.9949194569393454 2.9927307191459565 2.9905419813525675 2.988353243559178 2.9861645057657893 2.9839757679724004 2.981787030179011 2.979598292385622 2.977409554592233 2.975220816798844 2.973032079005455 2.970843341212066 2.9686546034186767 2.966465865625284 2.964277127831895 2.962088390038506 2.9598996522451166 2.9577109144517277 2.955522176658339 2.954311602815286 2.9541467083626474 2.9539818139100085 2.95381691945737 2.9536520250047316 2.953487130552093 2.9533222360994547 2.9531573416468158 2.9529924471941773 2.9528275527415384 2.9526626582889 2.9524977638362615 2.952332869383623 2.9521679749309846
3.020775139577076 3.0186055134409404 3.016435887304805 3.0142662611686695 3.012096635032534 3.0099270088963985 3.0077573827602633 3.0055877566241276 3.0034181304879923 3.0012485043518566 2.9990788782157214 2.996909252079582 2.994739625943447 2.992569999807311 2.990400373671176 2.9882307475350403 2.986061121398905 2.9838914952627693 2.981721869126634 2.9795522429904984 2.977382616854363 2.9752129907182274 2.973043364582092 2.9708737384459565 2.9687041123098172 2.966534486173682 2.9643648600375463 2.962195233901411 2.9600256077652753 2.95785598162914 2.9566562655999706 2.956493405415939 2.956330545231907 2.9561676850478755 2.956004824863844 2.9558419646798124 2.9556791044957804 2.955516244311749 2.955353384127717 2.9551905239436853 2.9550276637596538 2.954864803575622 2.9547019433915906 2.9545390832075586
3.0225547064875227 3.020404192008641 3.018253677529759 3.016103163050877 3.0139526485719954 3.0118021340931134 3.0096516196142313 3.0075011051353497 3.0053505906564677 3.0032000761775857 3.0010495616987036 2.998899047219818 2.9967485327409364 2.9945980182620544 2.9924475037831724 2.9902969893042908 2.9881464748254087 2.9859959603465267 2.983845445867645 2.981694931388763 2.979544416909881 2.9773939024309994 2.9752433879521174 2.9730928734732354 2.9709423589943498 2.9687918445154677 2.966641330036586 2.964490815557704 2.962340301078822 2.9601897865999405 2.9590009283846546 2.9588401024692295 2.958679276553805 2.95851845063838 2.958357624722955 2.9581967988075304 2.9580359728921057 2.9578751469766806 2.957714321061256 2.957553495145831 2.9573926692304062 2.9572318433149816 2.9570710173995565 2.956910191484132
3.02433427339797 3.0222028705763417 3.0200714677547134 3.017940064933085 3.0158086621114566 3.013677259289828 3.0115458564682 3.0094144536465715 3.007283050824943 3.005151648003315 3.0030202451816868 3.0008888423600544 2.9987574395384264 2.996626036716798 2.9944946338951697 2.9923632310735413 2.990231828251913 2.9881004254302845 2.985969022608656 2.9838376197870278 2.9817062169653994 2.979574814143771 2.9774434113221426 2.9753120085005142 2.9731806056788823 2.971049202857254 2.9689178000356256 2.9667863972139976 2.9646549943923692 2.962523591570741 2.9613455911693385 2.9611867995225203 2.9610280078757025 2.9608692162288843 2.9607104245820666 2.960551632935249 2.9603928412884306 2.9602340496416124 2.9600752579947947 2.959916466347977 2.9597576747011587 2.959598883054341 2.959440091407523 2.959281299760705
3.026113840308417 3.0240015491440424 3.0218892579796677 3.019776966815293 3.0176646756509182 3.0155523844865435 3.0134400933221688 3.011327802157794 3.0092155109934193 3.0071032198290446 3.0049909286646694 3.002878637500291 3.0007663463359164 2.9986540551715417 2.996541764007167 2.9944294728427923 2.9923171816784175 2.990204890514043 2.988092599349668 2.9859803081852934 2.9838680170209186 2.9817557258565435 2.9796434346921687 2.977531143527794 2.9754188523634157 2.973306561199041 2.9711942700346663 2.9690819788702916 2.966969687705917 2.964857396541542 2.963690253954023 2.963533496575812 2.963376739197601 2.96321998181939 2.963063224441179 2.962906467062968 2.962749709684757 2.9625929523065455 2.9624361949283347 2.962279437550124 2.9621226801719125 2.9619659227937016 2.9618091654154903 2.9616524080372795
3.027893407218864 3.0258002277117426 3.0237070482046216 3.0216138686975005 3.019520689190379 3.017427509683258 3.015334330176137 3.0132411506690158 3.0111479711618943 3.009054791654773 3.006961612147652 3.004868432640527 3.002775253133406 3.000682073626285 2.9985888941191634 2.9964957146120423 2.9944025351049213 2.9923093555977998 2.9902161760906787 2.9881229965835576 2.986029817076436 2.983936637569315 2.981843458062194 2.979750278555073 2.977657099047948 2.9755639195408268 2.9734707400337057 2.971377560526584 2.969284381019463 2.967191201512342 2.9660349167387063 2.9658801936291024 2.9657254705194984 2.965570747409894 2.96541602430029 2.9652613011906856 2.9651065780810817 2.9649518549714773 2.964797131861873 2.964642408752269 2.964487685642665 2.9643329625330606 2.9641782394234566 2.964023516313852
3.029672974129311 3.0275989062794437 3.025524838429576 3.0234507705797085 3.0213767027298406 3.0193026348799727 3.0172285670301053 3.0151544991802375 3.01308043133037 3.011006363480502 3.008932295630635 3.0068582277807634 3.004784159930896 3.002710092081028 3.0006360242311607 2.998561956381293 2.9964878885314254 2.9944138206815576 2.99233975283169 2.9902656849818223 2.9881916171319545 2.986117549282087 2.984043481432219 2.981969413582352 2.9798953457324804 2.977821277882613 2.975747210032745 2.9736731421828777 2.97159907433301 2.9695250064831424 2.9683795795233903 2.968226890682393 2.9680742018413957 2.9679215130003986 2.967768824159401 2.967616135318404 2.9674634464774066 2.967310757636409 2.967158068795412 2.9670053799544145 2.9668526911134174 2.9667000022724204 2.966547313431423 2.966394624590426
3.031452541039758 3.029397584847144 3.0273426286545297 3.0252876724619155 3.023232716269302 3.0211777600766876 3.0191228038840734 3.017067847691459 3.0150128914988454 3.0129579353062312 3.010902979113617 3.0088480229209997 3.0067930667283855 3.0047381105357713 3.002683154343157 3.0006281981505434 2.998573241957929 2.996518285765315 2.9944633295727012 2.992408373380087 2.990353417187473 2.9882984609948586 2.986243504802245 2.9841885486096307 2.982133592417013 2.980078636224399 2.978023680031785 2.9759687238391708 2.9739137676465566 2.971858811453943 2.970724242308074 2.970573587735684 2.9704229331632934 2.9702722785909033 2.9701216240185127 2.9699709694461225 2.969820314873732 2.9696696603013413 2.9695190057289507 2.9693683511565605 2.96921769658417 2.9690670420117797 2.968916387439389 2.968765732866999
3.0332321079502056 3.031196263414845 3.0291604188794845 3.027124574344124 3.0250887298087634 3.023052885273403 3.021017040738043 3.0189811962026822 3.0169453516673217 3.014909507131961 3.0128736625966006 3.0108378180612365 3.008801973525876 3.0067661289905154 3.004730284455155 3.0026944399197943 3.000658595384434 2.9986227508490737 2.996586906313713 2.9945510617783526 2.992515217242992 2.9904793727076315 2.988443528172271 2.9864076836369104 2.9843718391015464 2.982335994566186 2.9803001500308253 2.9782643054954647 2.9762284609601046 2.974192616424744 2.973068905092759 2.9729202847889757 2.972771664485192 2.9726230441814083 2.972474423877625 2.9723258035738414 2.972177183270058 2.9720285629662744 2.9718799426624907 2.971731322358707 2.9715827020549237 2.97143408175114 2.9712854614473567 2.971136841143573
3.035011674860652 3.0329949419825453 3.0309782091044384 3.0289614762263315 3.0269447433482246 3.0249280104701177 3.022911277592011 3.0208945447139035 3.0188778118357966 3.0168610789576897 3.014844346079583 3.0128276132014724 3.0108108803233655 3.0087941474452586 3.0067774145671518 3.0047606816890444 3.0027439488109375 3.0007272159328306 2.9987104830547238 2.996693750176617 2.99467701729851 2.992660284420403 2.9906435515422958 2.988626818664189 2.9866100857860785 2.9845933529079716 2.9825766200298647 2.980559887151758 2.978543154273651 2.976526421395544 2.9754135678774425 2.9752669818422657 2.9751203958070893 2.9749738097719125 2.974827223736736 2.9746806377015593 2.974534051666383 2.9743874656312057 2.9742408795960293 2.9740942935608525 2.973947707525676 2.9738011214904994 2.9736545354553225 2.973507949420146
3.036791241771099 3.034793620550246 3.0327959993293923 3.030798378108539 3.028800756887686 3.026803135666832 3.024805514445979 3.0228078932251257 3.020810272004272 3.0188126507834188 3.016815029562565 3.0148174083417083 3.012819787120855 3.010822165900002 3.008824544679148 3.006826923458295 3.0048293022374417 3.002831681016588 3.000834059795735 2.9988364385748816 2.996838817354028 2.9948411961331747 2.9928435749123214 2.9908459536914678 2.988848332470611 2.9868507112497578 2.9848530900289045 2.982855468808051 2.9808578475871976 2.9788602263663444 2.9777582306621264 2.9776136788955565 2.977469127128987 2.977324575362417 2.977180023595847 2.9770354718292777 2.976890920062708 2.976746368296138 2.976601816529568 2.9764572647629985 2.9763127129964286 2.9761681612298587 2.9760236094632893 2.9758790576967193
