Figures/CREST_Example_wjb_NSE/PETs/wjb.pet.20090622.asc
ncols            288
nrows            254
xllcorner        113.274861
yllcorner        31.4918055
cellsize         0.008333333333
NODATA_value     -9999
[rows 180 to 199 of 254, columns 225 to 269 of 288]
3.875920624539539 3.876474194706671 3.8770277648738034 3.8775813350409356 3.878134905208068 3.8786884753752 3.879242045542332 3.8797956157094644 3.8803491858765966 3.8809027560437297 3.881456326210862 3.8820098963779937 3.882563466545126 3.883117036712258 3.8836706068793903 3.8842241770465225 3.8847777472136547 3.885331317380787 3.885884887547919 3.8864384577150513 3.8869920278821835 3.8875455980493157 3.8880991682164487 3.888652738383581 3.889206308550713 3.8897598787178453 3.8903134488849775 3.889598578774535 3.8875277172938354 3.885456855813136 -9999.0 -9999.0 -9999.0 -9999.0 -9999.0 -9999.0 -9999.0 -9999.0 -9999.0 -9999.0 -9999.0 -9999.0 -9999.0 -9999.0 -9999.0
3.8849998173931857 3.885622705289695 3.886245593186204 3.886868481082713 3.8874913689792217 3.8881142568757308 3.88873714477224 3.889360032668749 3.889982920565258 3.890605808461768 3.891228696358277 3.8918515842547863 3.8924744721512954 3.893097360047804 3.893720247944313 3.8943431358408223 3.8949660237373314 3.8955889116338405 3.8962117995303496 3.8968346874268582 3.8974575753233673 3.8980804632198764 3.8987033511163864 3.8993262390128955 3.8999491269094047 3.9005720148059138 3.901194902702423 3.9005048345948334 3.898411186797636 -9999.0 -9999.0 -9999.0 -9999.0 -9999.0 -9999.0 -9999.0 -9999.0 -9999.0 -9999.0 -9999.0 -9999.0 -9999.0 -9999.0 -9999.0 -9999.0
3.8940790102468323 3.8947712158727184 3.895463421498604 3.89615562712449 3.896847832750376 3.897540038376262 3.8982322440021475 3.8989244496280335 3.8996166552539195 3.9003088608798064 3.9010010665056924 3.9016932721315785 3.9023854777574645 3.90307768338335 3.903769889009236 3.904462094635122 3.905154300261008 3.9058465058868936 3.9065387115127796 3.9072309171386657 3.9079231227645517 3.9086153283904372 3.9093075340163246 3.90999973964221 3.910691945268096 3.911384150893982 3.912076356519868 3.9114110904151316 -9999.0 -9999.0 -9999.0 -9999.0 -9999.0 -9999.0 -9999.0 -9999.0 -9999.0 -9999.0 -9999.0 -9999.0 -9999.0 -9999.0 -9999.0 -9999.0 -9999.0
3.9031582031004866 3.903919726455749 3.904681249811012 3.905442773166275 3.9062042965215378 3.9069658198768007 3.907727343232063 3.908488866587326 3.909250389942589 3.9100119132978532 3.910773436653116 3.9115349600083786 3.9122964833636416 3.9130580067189045 3.9138195300741674 3.9145810534294303 3.915342576784693 3.9161041001399557 3.9168656234952186 3.9176271468504815 3.9183886702057444 3.9191501935610074 3.919911716916271 3.920673240271534 3.921434763626797 3.92219628698206 3.922957810337323 3.9223173462354395 3.9201781258052457 -9999.0 -9999.0 -9999.0 -9999.0 -9999.0 -9999.0 -9999.0 -9999.0 -9999.0 -9999.0 -9999.0 -9999.0 -9999.0 -9999.0 -9999.0 -9999.0
3.9122373959541332 3.9130682370387726 3.9138990781234124 3.9147299192080522 3.9155607602926916 3.9163916013773314 3.9172224424619713 3.918053283546611 3.9188841246312505 3.9197149657158916 3.9205458068005314 3.9213766478851713 3.9222074889698106 3.9230383300544505 3.9238691711390903 3.92470001222373 3.9255308533083695 3.9263616943930093 3.927192535477649 3.9280233765622885 3.9288542176469283 3.929685058731568 3.9305158998162093 3.9313467409008487 3.9321775819854885 3.9330084230701283 3.933839264154768 3.9332236020557376 3.931061595309046 -9999.0 -9999.0 -9999.0 -9999.0 -9999.0 -9999.0 -9999.0 -9999.0 -9999.0 -9999.0 -9999.0 -9999.0 -9999.0 -9999.0 -9999.0 -9999.0
3.92131658880778 3.922216747621796 3.923116906435813 3.924017065249829 3.924917224063846 3.9258173828778626 3.926717541691879 3.9276177005058956 3.9285178593199124 3.9294180181339304 3.9303181769479467 3.9312183357619634 3.93211849457598 3.9330186533899965 3.933918812204013 3.9348189710180295 3.935719129832046 3.936619288646063 3.937519447460079 3.938419606274096 3.939319765088112 3.940219923902129 3.941120082716147 3.9420202415301637 3.94292040034418 3.9438205591581967 3.9447207179722135 3.944129857876036 3.9419450648128467 -9999.0 -9999.0 -9999.0 -9999.0 -9999.0 -9999.0 -9999.0 -9999.0 -9999.0 -9999.0 -9999.0 -9999.0 -9999.0 -9999.0 -9999.0 -9999.0
3.930395781661426 3.9313652582048193 3.932334734748213 3.933304211291606 3.9342736878349998 3.9352431643783934 3.9362126409217866 3.93718211746518 3.9381515940085734 3.9391210705519684 3.940090547095362 3.9410600236387556 3.942029500182149 3.9429989767255424 3.9439684532689356 3.9449379298123293 3.9459074063557225 3.946876882899116 3.9478463594425093 3.948815835985903 3.9497853125292965 3.9507547890726897 3.9517242656160847 3.9526937421594783 3.953663218702872 3.954632695246265 3.955602171789659 -9999.0 -9999.0 -9999.0 -9999.0 -9999.0 -9999.0 -9999.0 -9999.0 -9999.0 -9999.0 -9999.0 -9999.0 -9999.0 -9999.0 -9999.0 -9999.0 -9999.0 -9999.0
3.939474974515073 3.940513768787843 3.9415525630606134 3.9425913573333835 3.943630151606154 3.944668945878924 3.9457077401516942 3.9467465344244648 3.947785328697235 3.948824122970007 3.9498629172427773 3.950901711515548 3.951940505788318 3.9529793000610884 3.9540180943338585 3.955056888606629 3.956095682879399 3.9571344771521697 3.95817327142494 3.95921206569771 3.9602508599704804 3.9612896542432505 3.962328448516023 3.963367242788793 3.9644060370615635 3.9654448313343336 -9999.0 -9999.0 -9999.0 -9999.0 -9999.0 -9999.0 -9999.0 -9999.0 -9999.0 -9999.0 -9999.0 -9999.0 -9999.0 -9999.0 -9999.0 -9999.0 -9999.0 -9999.0 -9999.0
3.9485541673687194 3.9496622793708664 3.9507703913730134 3.951878503375161 3.952986615377308 3.954094727379455 3.9552028393816023 3.9563109513837493 3.9574190633858963 3.9585271753880455 3.9596352873901925 3.9607433993923395 3.961851511394487 3.962959623396634 3.964067735398781 3.9651758474009284 3.9662839594030754 3.9673920714052224 3.96850018340737 3.969608295409517 3.970716407411664 3.9718245194138113 3.97293263141596 3.9740407434181075 3.9751488554202545 3.9762569674224015 -9999.0 -9999.0 -9999.0 -9999.0 -9999.0 -9999.0 -9999.0 -9999.0 -9999.0 -9999.0 -9999.0 -9999.0 -9999.0 -9999.0 -9999.0 -9999.0 -9999.0 -9999.0 -9999.0
3.9576333602223737 3.9588107899538976 3.959988219685422 3.961165649416946 3.96234307914847 3.963520508879994 3.964697938611518 3.9658753683430423 3.9670527980745662 3.9682302278060924 3.9694076575376163 3.9705850872691406 3.9717625170006645 3.9729399467321884 3.9741173764637128 3.9752948061952367 3.9764722359267606 3.977649665658285 3.978827095389809 3.980004525121333 3.981181954852857 3.982359384584381 3.983536814315907 3.9847142440474315 3.9858916737789554 3.9870691035104793 -9999.0 -9999.0 -9999.0 -9999.0 -9999.0 -9999.0 -9999.0 -9999.0 -9999.0 -9999.0 -9999.0 -9999.0 -9999.0 -9999.0 -9999.0 -9999.0 -9999.0 -9999.0 -9999.0
3.96671255307602 3.967959300536921 3.969206047997822 3.9704527954587228 3.9716995429196236 3.972946290380525 3.9741930378414256 3.9754397853023264 3.9766865327632277 3.9779332802241307 3.9791800276850315 3.9804267751459323 3.9816735226068336 3.9829202700677344 3.9841670175286352 3.9854137649895365 3.9866605124504373 3.987907259911338 3.989154007372239 3.99040075483314 3.991647502294041 3.992894249754942 3.994140997215845 3.995387744676746 3.996634492137647 3.9978812395985477 3.999127987059449 -9999.0 -9999.0 -9999.0 -9999.0 -9999.0 -9999.0 -9999.0 -9999.0 -9999.0 -9999.0 -9999.0 -9999.0 -9999.0 -9999.0 -9999.0 -9999.0 -9999.0 -9999.0
3.9757917459296666 3.9771078111199443 3.9784238763102224 3.9797399415005 3.981056006690778 3.9823720718810556 3.9836881370713333 3.9850042022616115 3.986320267451889 3.987636332642169 3.988952397832447 3.990268463022725 3.9915845282130027 3.9929005934032804 3.994216658593558 3.995532723783836 3.996848788974114 3.9981648541643917 3.9994809193546694 4.000796984544947 4.002113049735225 4.003429114925503 4.0047451801157825 4.006061245306061 4.007377310496339 4.008693375686616 4.010009440876894 -9999.0 -9999.0 -9999.0 -9999.0 -9999.0 -9999.0 -9999.0 -9999.0 -9999.0 -9999.0 -9999.0 -9999.0 -9999.0 -9999.0 -9999.0 -9999.0 -9999.0 -9999.0
3.984870938783313 3.986256321702968 3.9876417046226225 3.989027087542277 3.9904124704619317 3.9917978533815863 3.9931832363012414 3.994568619220896 3.9959540021405506 3.9973393850602075 3.998724767979862 4.000110150899517 4.001495533819171 4.002880916738826 4.004266299658481 4.005651682578136 4.00703706549779 4.008422448417445 4.009807831337099 4.011193214256754 4.012578597176408 4.013963980096063 4.01534936301572 4.016734745935375 4.0181201288550294 4.0195055117746845 4.020890894694339 -9999.0 -9999.0 -9999.0 -9999.0 -9999.0 -9999.0 -9999.0 -9999.0 -9999.0 -9999.0 -9999.0 -9999.0 -9999.0 -9999.0 -9999.0 -9999.0 -9999.0 -9999.0
3.99395013163696 3.9954048322859914 3.996859532935023 3.9983142335840545 3.999768934233086 4.001223634882118 4.002678335531149 4.004133036180181 4.005587736829212 4.007042437478246 4.008497138127278 4.009951838776309 4.011406539425341 4.012861240074372 4.014315940723404 4.015770641372435 4.017225342021467 4.018680042670498 4.02013474331953 4.021589443968561 4.023044144617593 4.024498845266624 4.025953545915659 4.02740824656469 4.028862947213722 4.030317647862753 4.031772348511785 4.031379904438432 -9999.0 -9999.0 -9999.0 -9999.0 -9999.0 -9999.0 -9999.0 -9999.0 -9999.0 -9999.0 -9999.0 -9999.0 -9999.0 -9999.0 -9999.0 -9999.0 -9999.0
4.00302932449061 4.004553342869019 4.006077361247427 4.007601379625836 4.009125398004244 4.010649416382653 4.012173434761061 4.01369745313947 4.015221471517878 4.016745489896289 4.018269508274697 4.019793526653106 4.021317545031514 4.022841563409923 4.024365581788331 4.02588960016674 4.027413618545148 4.0289376369235566 4.0304616553019645 4.031985673680373 4.033509692058781 4.03503371043719 4.036557728815601 4.03808174719401 4.039605765572418 4.041129783950827 4.042653802329235 4.042286160258736 -9999.0 -9999.0 -9999.0 -9999.0 -9999.0 -9999.0 -9999.0 -9999.0 -9999.0 -9999.0 -9999.0 -9999.0 -9999.0 -9999.0 -9999.0 -9999.0 -9999.0
4.012108517344257 4.013701853452043 4.0152951895598274 4.016888525667613 4.018481861775398 4.020075197883183 4.021668533990969 4.023261870098754 4.0248552062065395 4.026448542314327 4.028041878422113 4.029635214529898 4.0312285506376835 4.032821886745468 4.034415222853253 4.036008558961039 4.037601895068824 4.03919523117661 4.040788567284395 4.04238190339218 4.043975239499965 4.045568575607751 4.047161911715539 4.0487552478233235 4.050348583931109 4.051941920038894 4.05353525614668 4.053192416079034 -9999.0 -9999.0 -9999.0 -9999.0 -9999.0 -9999.0 -9999.0 -9999.0 -9999.0 -9999.0 -9999.0 -9999.0 -9999.0 -9999.0 -9999.0 -9999.0 -9999.0
4.021187710197903 4.022850364035066 4.024513017872228 4.026175671709391 4.027838325546552 4.029500979383714 4.031163633220877 4.032826287058039 4.034488940895201 4.036151594732366 4.0378142485695285 4.03947690240669 4.041139556243852 4.042802210081015 4.044464863918177 4.046127517755339 4.047790171592501 4.049452825429663 4.051115479266826 4.052778133103987 4.05444078694115 4.056103440778312 4.057766094615477 4.059428748452639 4.061091402289801 4.0627540561269635 4.064416709964125 4.064098671899332 -9999.0 -9999.0 -9999.0 -9999.0 -9999.0 -9999.0 -9999.0 -9999.0 -9999.0 -9999.0 -9999.0 -9999.0 -9999.0 -9999.0 -9999.0 -9999.0 -9999.0
4.030266903051554 4.031998874618093 4.033730846184632 4.035462817751171 4.03719478931771 4.038926760884249 4.0406587324507885 4.042390704017327 4.044122675583866 4.045854647150408 4.047586618716947 4.0493185902834865 4.051050561850025 4.052782533416565 4.0545145049831035 4.056246476549642 4.057978448116182 4.0597104196827205 4.061442391249259 4.063174362815799 4.0649063343823375 4.066638305948877 4.0683702775154185 4.070102249081958 4.071834220648497 4.0735661922150355 4.075298163781575 4.075004927719635 -9999.0 -9999.0 -9999.0 -9999.0 -9999.0 -9999.0 -9999.0 -9999.0 -9999.0 -9999.0 -9999.0 -9999.0 -9999.0 -9999.0 -9999.0 -9999.0 -9999.0
4.0393460959052 4.041147385201117 4.042948674497032 4.044749963792948 4.0465512530888645 4.04835254238478 4.050153831680696 4.051955120976612 4.053756410272528 4.055557699568447 4.057358988864363 4.059160278160279 4.060961567456195 4.06276285675211 4.064564146048027 4.0663654353439425 4.068166724639858 4.069968013935775 4.07176930323169 4.073570592527606 4.075371881823522 4.077173171119438 4.078974460415357 4.080775749711273 4.082577039007189 4.084378328303105 -9999.0 -9999.0 -9999.0 -9999.0 -9999.0 -9999.0 -9999.0 -9999.0 -9999.0 -9999.0 -9999.0 -9999.0 -9999.0 -9999.0 -9999.0 -9999.0 -9999.0 -9999.0 -9999.0
4.048425288758846 4.0502958957841395 4.052166502809432 4.0540371098347245 4.055907716860018 4.0577783238853105 4.059648930910603 4.061519537935896 4.063390144961189 4.065260751986485 4.0671313590117775 4.069001966037071 4.070872573062363 4.072743180087656 4.074613787112948 4.076484394138242 4.078355001163534 4.080225608188827 4.08209621521412 4.083966822239413 4.085837429264705 4.087708036289999 4.089578643315295 4.091449250340587 4.09331985736588 4.095190464391172 -9999.0 -9999.0 -9999.0 -9999.0 -9999.0 -9999.0 -9999.0 -9999.0 -9999.0 -9999.0 -9999.0 -9999.0 -9999.0 -9999.0 -9999.0 -9999.0 -9999.0 -9999.0 -9999.0
