Figures/CREST_Example_wjb_NSE/PETs/wjb.pet.20090314.asc
ncols            288
nrows            254
xllcorner        113.274861
yllcorner        31.4918055
cellsize         0.008333333333
NODATA_value     -9999
[rows 80 to 99 of 254, columns 132 to 175 of 288]
2.0787143268400894 2.0760710140774474 2.073427701314806 2.0707843885521644 2.0681410757895224 2.065497763026881 2.0628544502642394 2.0602111375015975 2.057567824738956 2.0549245119763144 2.0522811992136725 2.0496378864510265 2.0469945736883846 2.044351260925743 2.0417079481631015 2.0390646354004596 2.036421322637818 2.0337780098751765 2.0311346971125346 2.028491384349893 2.025848071587251 2.0232047588246096 2.020561446061968 2.017918133299326 2.01527482053668 2.012631507774038 2.0099881950113967 2.007344882248755 2.004701569486113 2.0020582567234717 2.000123446800082 1.9989460424392278 1.9977686380783735 1.9965912337175193 1.995413829356665 1.9942364249958107 1.9930590206349565 1.9918816162741002 1.9907042119132459 1.9895268075523915 1.9883494031915374 1.987171998830683 1.9859945944698287 1.9848171901089744
2.0784521180082014 2.0758644359659333 2.0732767539236656 2.070689071881398 2.0681013898391303 2.0655137077968626 2.062926025754595 2.0603383437123273 2.0577506616700596 2.055162979627792 2.0525752975855243 2.049987615543252 2.0473999335009845 2.0448122514587164 2.0422245694164487 2.039636887374181 2.0370492053319134 2.0344615232896457 2.031873841247378 2.0292861592051104 2.0266984771628427 2.024110795120575 2.0215231130783073 2.0189354310360397 2.0163477489937676 2.0137600669514995 2.011172384909232 2.008584702866964 2.0059970208246964 2.0034093387824288 2.001503081664153 2.0003252832044565 1.99914748474476 1.9979696862850636 1.996791887825367 1.9956140893656706 1.9944362909059743 1.993258492446276 1.9920806939865794 1.990902895526883 1.9897250970671867 1.9885472986074901 1.9873695001477938 1.9861917016880974
2.078189909176313 2.075657857854419 2.0731258065325258 2.070593755210632 2.068061703888738 2.0655296525668443 2.0629976012449505 2.060465549923057 2.0579334986011633 2.0554014472792694 2.0528693959573756 2.050337344635478 2.047805293313584 2.04527324199169 2.0427411906697963 2.0402091393479025 2.0376770880260087 2.0351450367041153 2.0326129853822215 2.0300809340603276 2.027548882738434 2.02501683141654 2.0224847800946466 2.019952728772753 2.0174206774508545 2.0148886261289607 2.0123565748070673 2.0098245234851735 2.0072924721632797 2.004760420841386 2.0028827165282235 2.0017045239696847 2.0005263314111463 1.9993481388526078 1.9981699462940692 1.9969917537355306 1.995813561176992 1.9946353686184515 1.993457176059913 1.9922789835013746 1.991100790942836 1.9899225983842974 1.9887444058257588 1.9875662132672203
2.077927700344425 2.0754512797429054 2.0729748591413855 2.0704984385398655 2.068022017938346 2.065545597336826 2.0630691767353064 2.0605927561337865 2.058116335532267 2.055639914930747 2.0531634943292274 2.0506870737277034 2.0482106531261834 2.045734232524664 2.043257811923144 2.0407813913216244 2.0383049707201044 2.035828550118585 2.033352129517065 2.0308757089155454 2.0283992883140254 2.025922867712506 2.023446447110986 2.0209700265094663 2.0184936059079424 2.0160171853064224 2.013540764704903 2.011064344103383 2.0085879235018633 2.0061115029003433 2.0042623513922946 2.003083764734914 2.001905178077533 2.000726591420152 1.9995480047627716 1.998369418105391 1.9971908314480102 1.9960122447906277 1.9948336581332469 1.9936550714758663 1.9924764848184855 1.991297898161105 1.9901193115037241 1.9889407248463435
2.077665491512537 2.0752447016313913 2.072823911750245 2.0704031218690995 2.067982331987954 2.065561542106808 2.063140752225662 2.0607199623445163 2.0582991724633706 2.055878382582225 2.0534575927010787 2.051036802819929 2.0486160129387834 2.0461952230576372 2.0437744331764915 2.041353643295346 2.0389328534142 2.036512063533054 2.0340912736519083 2.0316704837707626 2.029249693889617 2.026828904008471 2.024408114127325 2.0219873242461794 2.0195665343650293 2.0171457444838836 2.014724954602738 2.0123041647215922 2.009883374840446 2.0074625849593004 2.005641986256365 2.004463005500142 2.003284024743919 2.0021050439876964 2.0009260632314736 1.999747082475251 1.998568101719028 1.9973891209628032 1.9962101402065804 1.9950311594503576 1.9938521786941348 1.992673197937912 1.9914942171816892 1.9903152364254664
2.077403282680649 2.075038123519877 2.0726729643591053 2.0703078051983335 2.0679426460375616 2.0655774868767898 2.063212327716018 2.060847168555246 2.0584820093944747 2.056116850233703 2.053751691072931 2.051386531912155 2.0490213727513833 2.0466562135906115 2.0442910544298396 2.0419258952690678 2.0395607361082964 2.0371955769475245 2.0348304177867527 2.032465258625981 2.030100099465209 2.027734940304437 2.0253697811436653 2.023004621982894 2.020639462822118 2.018274303661346 2.0159091445005743 2.0135439853398025 2.0111788261790307 2.008813667018259 2.007021621120437 2.005842246265372 2.004662871410307 2.003483496555242 2.002304121700177 2.0011247468451123 1.9999453719900473 1.9987659971349803 1.9975866222799152 1.9964072474248504 1.9952278725697854 1.9940484977147204 1.9928691228596556 1.9916897480045905
2.0771410738487606 2.074831545408363 2.072522016967965 2.070212488527567 2.0679029600871695 2.0655934316467714 2.063283903206374 2.060974374765976 2.058664846325578 2.0563553178851803 2.0540457894447823 2.051736261004381 2.049426732563983 2.047117204123585 2.044807675683187 2.042498147242789 2.0401886188023917 2.0378790903619937 2.035569561921596 2.033260033481198 2.0309505050408005 2.0286409766004025 2.0263314481600045 2.024021919719607 2.021712391279205 2.0194028628388074 2.0170933343984094 2.014783805958012 2.012474277517614 2.010164749077216 2.0084012559845075 2.0072214870306 2.0060417180766934 2.004861949122786 2.0036821801688793 2.002502411214972 2.001322642261065 2.000142873307156 1.9989631043532488 1.9977833353993417 1.9966035664454347 1.9954237974915277 1.9942440285376206 1.9930642595837134
2.076878865016873 2.0746249672968493 2.072371069576825 2.0701171718568014 2.0678632741367777 2.0656093764167536 2.06335547869673 2.061101580976706 2.058847683256682 2.0565937855366583 2.0543398878166346 2.052085990096607 2.0498320923765827 2.047578194656559 2.0453242969365353 2.0430703992165116 2.0408165014964874 2.0385626037764637 2.03630870605644 2.034054808336416 2.031800910616392 2.0295470128963684 2.0272931151763443 2.0250392174563205 2.022785319736293 2.020531422016269 2.018277524296245 2.0160236265762213 2.0137697288561975 2.0115158311361734 2.0097808908485786 2.0086007277958293 2.00742056474308 2.006240401690331 2.0050602386375815 2.0038800755848323 2.002699912532083 2.001519749479332 2.0003395864265827 1.9991594233738335 1.9979792603210842 1.9967990972683352 1.995618934215586 1.9944387711628366
2.0762720887288384 2.074072692244002 2.0718732957591657 2.069673899274329 2.0674745027894925 2.065275106304656 2.06307570981982 2.0608763133349832 2.0586769168501466 2.0564775203653105 2.054278123880474 2.052078727395634 2.049879330910797 2.0476799344259606 2.0454805379411245 2.043281141456288 2.0410817449714513 2.0388823484866148 2.0366829520017786 2.034483555516942 2.0322841590321055 2.0300847625472693 2.0278853660624327 2.025685969577596 2.023486573092756 2.0212871766079195 2.0190877801230833 2.0168883836382467 2.01468898715341 2.0124895906685736 2.010783134463582 2.0096036425687767 2.0084241506739717 2.007244658779167 2.0060651668843614 2.0048856749895565 2.0037061830947516 2.0025266911999444 2.0013471993051395 2.000167707410334 1.9989882155155292 1.997808723620724 1.996629231725919 1.995449739831114
2.075296991554555 2.073150888956454 2.0710047863583525 2.068858683760251 2.0667125811621494 2.064566478564048 2.0624203759659467 2.0602742733678454 2.058128170769744 2.0559820681716423 2.053835965573541 2.051689862975436 2.0495437603773343 2.047397657779233 2.0452515551811317 2.0431054525830303 2.040959349984929 2.0388132473868272 2.036667144788726 2.0345210421906246 2.0323749395925232 2.0302288369944215 2.02808273439632 2.025936631798219 2.0237905292001135 2.021644426602012 2.019498324003911 2.0173522214058095 2.015206118807708 2.0130600162096064 2.0113819706271867 2.010204288582668 2.0090266065381486 2.0078489244936297 2.006671242449111 2.005493560404592 2.0043158783600727 2.003138196315552 2.001960514271033 2.000782832226514 1.999605150181995 1.998427468137476 1.997249786092957 1.9960721040484382
2.0743218943802724 2.072229085668906 2.0701362769575393 2.068043468246173 2.0659506595348067 2.06385785082344 2.0617650421120737 2.059672233400707 2.057579424689341 2.0554866159779746 2.053393807266608 2.051300998555238 2.0492081898438714 2.0471153811325054 2.045022572421139 2.0429297637097723 2.040836954998406 2.0387441462870397 2.036651337575673 2.0345585288643067 2.03246572015294 2.0303729114415736 2.0282801027302075 2.026187294018841 2.024094485307471 2.0220016765961044 2.0199088678847383 2.017816059173372 2.0157232504620053 2.0136304417506388 2.0119808067907914 2.010804934596558 2.0096290624023254 2.0084531902080927 2.00727731801386 2.0061014458196267 2.004925573625394 2.003749701431159 2.002573829236926 2.0013979570426934 2.0002220848484606 1.9990462126542277 1.9978703404599947 1.996694468265762
2.073346797205989 2.071307282381358 2.0692677675567266 2.067228252732095 2.0651887379074636 2.0631492230828323 2.0611097082582006 2.0590701934335693 2.057030678608938 2.054991163784307 2.052951648959675 2.0509121341350403 2.048872619310409 2.0468331044857777 2.044793589661146 2.0427540748365147 2.0407145600118834 2.0386750451872517 2.0366355303626205 2.034596015537989 2.032556500713358 2.030516985888726 2.028477471064095 2.0264379562394637 2.024398441414829 2.022358926590197 2.020319411765566 2.0182798969409346 2.016240382116303 2.0142008672916716 2.012579642954396 2.0114055806104494 2.0102315182665027 2.009057455922556 2.007883393578609 2.006709331234662 2.0055352688907155 2.0043612065467666 2.00318714420282 2.0020130818588733 2.000839019514926 1.9996649571709795 1.9984908948270328 1.9973168324830861
2.0723717000317055 2.070385479093809 2.0683992581559125 2.066413037218016 2.06442681628012 2.0624405953422236 2.060454374404327 2.0584681534664306 2.0564819325285346 2.054495711590638 2.0525094906527417 2.050523269714842 2.0485370487769456 2.046550827839049 2.044564606901153 2.0425783859632567 2.0405921650253602 2.0386059440874638 2.0366197231495677 2.0346335022116713 2.032647281273775 2.0306610603358783 2.0286748393979823 2.026688618460086 2.0247023975221863 2.02271617658429 2.0207299556463933 2.018743734708497 2.016757513770601 2.0147712928327044 2.013178479118001 2.0120062266243406 2.0108339741306795 2.009661721637019 2.0084894691433584 2.0073172166496978 2.006144964156037 2.0049727116623743 2.0038004591687137 2.002628206675053 2.0014559541813925 2.000283701687732 1.9991114491940711 1.9979391967004105
2.071396602857422 2.069463675806261 2.0675307487551 2.065597821703938 2.063664894652777 2.0617319676016157 2.0597990405504545 2.057866113499293 2.0559331864481316 2.0540002593969704 2.0520673323458087 2.0501344052946444 2.048201478243483 2.0462685511923215 2.0443356241411603 2.042402697089999 2.040469770038838 2.0385368429876762 2.036603915936515 2.034670988885354 2.032738061834192 2.030805134783031 2.0288722077318697 2.0269392806807085 2.0250063536295437 2.0230734265783825 2.0211404995272213 2.0192075724760596 2.0172746454248984 2.015341718373737 2.013777315281606 2.0126068726382313 2.011436429994857 2.0102659873514823 2.009095544708108 2.0079251020647333 2.0067546594213583 2.005584216777982 2.0044137741346075 2.003243331491233 2.002072888847858 2.0009024462044835 1.999732003561109 1.9985615609177345
2.070421505683139 2.068541872518713 2.0666622393542866 2.06478260618986 2.062902973025434 2.0610233398610074 2.0591437066965814 2.057264073532155 2.0553844403677286 2.053504807203302 2.051625174038876 2.0497455408744463 2.0478659077100203 2.045986274545594 2.0441066413811675 2.042227008216741 2.0403473750523147 2.0384677418878887 2.0365881087234623 2.034708475559036 2.0328288423946095 2.030949209230183 2.0290695760657567 2.0271899429013307 2.025310309736901 2.0234306765724748 2.0215510434080484 2.019671410243622 2.0177917770791955 2.0159121439147696 2.0143761514452105 2.013207518652122 2.0120388858590337 2.0108702530659452 2.009701620272857 2.0085329874797684 2.0073643546866795 2.0061957218935893 2.005027089100501 2.0038584563074124 2.002689823514324 2.0015211907212356 2.000352557928147 1.9991839251350585
2.069446408508856 2.067620069231165 2.0657937299534734 2.0639673906757823 2.062141051398091 2.0603147121203995 2.0584883728427084 2.056662033565017 2.0548356942873256 2.0530093550096344 2.0511830157319433 2.0493566764542486 2.0475303371765574 2.0457039978988663 2.0438776586211747 2.0420513193434835 2.0402249800657923 2.0383986407881007 2.0365723015104096 2.0347459622327184 2.032919622955027 2.0310932836773357 2.0292669443996445 2.027440605121953 2.0256142658442586 2.0237879265665675 2.021961587288876 2.0201352480111847 2.0183089087334936 2.016482569455802 2.014974987608815 2.013808164666013 2.0126413417232105 2.011474518780408 2.010307695837606 2.0091408728948035 2.007974049952001 2.006807227009197 2.0056404040663947 2.0044735811235923 2.0033067581807895 2.002139935237987 2.000973112295185 1.9998062893523827
2.068471311334573 2.0666982659436166 2.0649252205526607 2.0631521751617043 2.061379129770748 2.0596060843797916 2.0578330389888353 2.056059993597879 2.0542869482069226 2.0525139028159662 2.0507408574250103 2.048967812034051 2.0471947666430945 2.045421721252138 2.043648675861182 2.0418756304702255 2.040102585079269 2.038329539688313 2.036556494297357 2.0347834489064005 2.033010403515444 2.031237358124488 2.0294643127335315 2.027691267342575 2.025918221951616 2.0241451765606597 2.0223721311697034 2.020599085778747 2.0188260403877907 2.0170529949968343 2.01557382377242 2.0144088106799036 2.0132437975873874 2.012078784494871 2.010913771402355 2.0097487583098386 2.0085837452173223 2.0074187321248043 2.006253719032288 2.0050887059397717 2.0039236928472555 2.002758679754739 2.001593666662223 2.0004286535697067
2.06749621416029 2.0657764626560686 2.0640567111518475 2.0623369596476264 2.060617208143405 2.0588974566391838 2.0571777051349622 2.055457953630741 2.05373820212652 2.0520184506222985 2.0502986991180774 2.048578947613853 2.0468591961096316 2.0451394446054105 2.0434196931011894 2.041699941596968 2.039980190092747 2.0382604385885252 2.036540687084304 2.034820935580083 2.0331011840758615 2.0313814325716404 2.0296616810674193 2.0279419295631977 2.0262221780589735 2.0245024265547524 2.022782675050531 2.02106292354631 2.0193431720420887 2.017623420537867 2.0161726599360246 2.015009456693795 2.0138462534515646 2.0126830502093345 2.0115198469671043 2.010356643724874 2.009193440482644 2.0080302372404115 2.0068670339981813 2.005703830755951 2.004540627513721 2.003377424271491 2.0022142210292606 2.0010510177870304
2.066521116986006 2.0648546593685198 2.0631882017510335 2.0615217441335476 2.0598552865160613 2.058188828898575 2.0565223712810887 2.0548559136636024 2.053189456046116 2.0515229984286303 2.049856540811144 2.0481900831936546 2.0465236255761687 2.0448571679586824 2.043190710341196 2.04152425272371 2.0398577951062236 2.0381913374887373 2.0365248798712514 2.034858422253765 2.033191964636279 2.0315255070187925 2.0298590494013062 2.02819259178382 2.026526134166331 2.0248596765488447 2.023193218931359 2.0215267613138725 2.0198603036963863 2.0181938460789 2.0167714960996297 2.0156101027076856 2.0144487093157415 2.0132873159237974 2.0121259225318533 2.0109645291399096 2.0098031357479655 2.008641742356019 2.007480348964075 2.0063189555721315 2.0051575621801874 2.0039961687882433 2.002834775396299 2.001673382004355
2.0655460198117233 2.0639328560809718 2.0623196923502207 2.0607065286194692 2.059093364888718 2.057480201157967 2.0558670374272157 2.0542538736964646 2.0526407099657136 2.051027546234962 2.049414382504211 2.047801218773457 2.046188055042706 2.044574891311955 2.0429617275812033 2.0413485638504523 2.0397354001197012 2.0381222363889497 2.0365090726581987 2.0348959089274476 2.033282745196696 2.031669581465945 2.030056417735194 2.0284432540044426 2.026830090273689 2.0252169265429374 2.0236037628121863 2.0219905990814353 2.020377435350684 2.0187642716199328 2.017370332263235 2.016210748721577 2.015051165179919 2.0138915816382608 2.0127319980966027 2.0115724145549447 2.0104128310132867 2.009253247471627 2.008093663929969 2.006934080388311 2.005774496846653 2.004614913304995 2.0034553297633373 2.0022957462216793
