Figures/CREST_Example_wjb_NSE/PETs/wjb.pet.20090425.asc
ncols            288
nrows            254
xllcorner        113.274861
yllcorner        31.4918055
cellsize         0.008333333333
NODATA_value     -9999
[rows 60 to 79 of 254, columns 176 to 219 of 288]
3.012832102671538 3.0120652665974625 3.0112984305233876 3.0105315944493127 3.0097647583752374 3.0089979223011625 3.0082310862270862 3.007464250153011 3.006697414078936 3.0059305780048606 3.0051637419307857 3.004396905856711 3.0036300697826355 3.0028632337085606 3.0020963976344857 3.0013295615604103 3.0011318297853373 3.0015424833827966 3.0019531369802563 3.0023637905777165 3.002774444175176 3.0031850977726355 3.0035957513700953 3.0040064049675546 3.0044170585650143 3.0048277121624736 3.0052383657599333 3.005649019357393 3.0060596729548523 3.006470326552312 3.0068809801497713 3.007291633747231 3.0077022873446912 3.008112940942151 -9999.0 -9999.0 -9999.0 -9999.0 -9999.0 -9999.0 -9999.0 -9999.0 -9999.0 -9999.0
3.014283789609718 3.0135348848854386 3.01278598016116 3.0120370754368806 3.0112881707126014 3.010539265988322 3.009790361264042 3.0090414565397627 3.0082925518154835 3.0075436470912047 3.0067947423669255 3.006045837642646 3.005296932918367 3.004548028194088 3.003799123469809 3.0030502187455297 3.002850246569425 3.0032370957078003 -9999.0 -9999.0 -9999.0 3.0047844922613023 3.0051713413996777 3.005558190538053 3.005945039676428 3.0063318888148034 3.006718737953179 3.007105587091554 3.0074924362299296 3.0078792853683045 3.00826613450668 3.0086529836450553 -9999.0 -9999.0 -9999.0 -9999.0 -9999.0 -9999.0 -9999.0 -9999.0 -9999.0 -9999.0 -9999.0 -9999.0
3.015735476547898 3.0150045031734147 3.0142735297989316 3.0135425564244485 3.0128115830499653 3.012080609675482 3.0113496363009977 3.0106186629265146 3.0098876895520315 3.0091567161775483 3.008425742803065 3.007694769428582 3.006963796054099 3.0062328226796153 3.005501849305132 3.004770875930649 3.004568663353513 3.004931708032804 -9999.0 -9999.0 -9999.0 3.006383886749969 3.00674693142926 3.007109976108551 3.007473020787842 3.0078360654671332 3.0081991101464243 -9999.0 -9999.0 -9999.0 -9999.0 -9999.0 -9999.0 -9999.0 -9999.0 -9999.0 -9999.0 -9999.0 -9999.0 -9999.0 -9999.0 -9999.0 -9999.0 -9999.0
3.017187163486078 3.016474121461391 3.0157610794367034 3.0150480374120163 3.014334995387329 3.013621953362642 3.0129089113379535 3.0121958693132664 3.011482827288579 3.010769785263892 3.0100567432392045 3.0093437012145174 3.0086306591898304 3.007917617165143 3.007204575140456 3.0064915331157684 3.006287080137601 3.0066263203578076 -9999.0 -9999.0 -9999.0 -9999.0 -9999.0 -9999.0 -9999.0 -9999.0 -9999.0 -9999.0 -9999.0 -9999.0 -9999.0 -9999.0 -9999.0 -9999.0 -9999.0 -9999.0 -9999.0 -9999.0 -9999.0 -9999.0 -9999.0 -9999.0 -9999.0 -9999.0
3.018638850424258 3.017943739749367 3.0172486290744756 3.016553518399584 3.015858407724693 3.015163297049802 3.014468186374909 3.013773075700018 3.013077965025127 3.0123828543502356 3.011687743675344 3.010992633000453 3.010297522325562 3.0096024116506706 3.008907300975779 3.008212190300888 3.008005496921689 3.0083209326828113 -9999.0 -9999.0 -9999.0 -9999.0 -9999.0 -9999.0 -9999.0 -9999.0 -9999.0 -9999.0 -9999.0 -9999.0 -9999.0 -9999.0 -9999.0 -9999.0 -9999.0 -9999.0 -9999.0 -9999.0 -9999.0 -9999.0 -9999.0 -9999.0 -9999.0 -9999.0
3.020090537362438 3.0194133580373426 3.0187361787122473 3.018058999387152 3.017381820062057 3.0167046407369615 3.016027461411865 3.0153502820867697 3.0146731027616744 3.013995923436579 3.013318744111484 3.0126415647863887 3.0119643854612934 3.011287206136198 3.010610026811103 3.0099328474860076 3.009723913705777 3.010015545007815 3.0103071763098534 -9999.0 -9999.0 -9999.0 -9999.0 -9999.0 -9999.0 -9999.0 -9999.0 -9999.0 -9999.0 -9999.0 -9999.0 -9999.0 -9999.0 -9999.0 -9999.0 -9999.0 -9999.0 -9999.0 -9999.0 -9999.0 -9999.0 -9999.0 -9999.0 -9999.0
3.021542224300619 3.02088297632532 3.0202237283500204 3.0195644803747212 3.0189052323994217 3.0182459844241225 3.017586736448822 3.016927488473523 3.0162682404982233 3.015608992522924 3.014949744547625 3.0142904965723254 3.0136312485970262 3.0129720006217267 3.0123127526464275 3.0116535046711284 3.0114423304898663 3.01171015733282 3.011977984175774 -9999.0 -9999.0 -9999.0 -9999.0 -9999.0 -9999.0 -9999.0 -9999.0 -9999.0 -9999.0 -9999.0 -9999.0 -9999.0 -9999.0 -9999.0 -9999.0 -9999.0 -9999.0 -9999.0 -9999.0 -9999.0 -9999.0 -9999.0 -9999.0 -9999.0
3.0229939112387996 3.022352594613296 3.0217112779877926 3.0210699613622896 3.020428644736786 3.0197873281112826 3.019146011485778 3.0185046948602747 3.0178633782347717 3.017222061609268 3.0165807449837647 3.0159394283582612 3.015298111732758 3.0146567951072547 3.014015478481751 3.013374161856248 3.0131607472739543 3.013404769657824 3.013648792041694 3.013892814425564 -9999.0 -9999.0 -9999.0 -9999.0 -9999.0 -9999.0 -9999.0 -9999.0 -9999.0 -9999.0 -9999.0 -9999.0 -9999.0 -9999.0 -9999.0 -9999.0 -9999.0 -9999.0 -9999.0 -9999.0 -9999.0 -9999.0 -9999.0 -9999.0
3.0244455981769796 3.023822212901272 3.0231988276255644 3.022575442349857 3.0219520570741496 3.0213286717984422 3.020705286522734 3.0200819012470266 3.019458515971319 3.018835130695612 3.0182117454199044 3.017588360144197 3.0169649748684897 3.0163415895927823 3.015718204317075 3.0150948190413676 3.0148791640580423 3.015099381982828 3.0153195999076137 -9999.0 -9999.0 -9999.0 -9999.0 -9999.0 -9999.0 -9999.0 -9999.0 -9999.0 -9999.0 -9999.0 -9999.0 -9999.0 -9999.0 -9999.0 -9999.0 -9999.0 -9999.0 -9999.0 -9999.0 -9999.0 -9999.0 -9999.0 -9999.0 -9999.0
3.0258972851151595 3.025291831189248 3.0246863772633366 3.0240809233374253 3.0234754694115136 3.0228700154856023 3.0222645615596897 3.0216591076337784 3.0210536537078667 3.0204481997819554 3.019842745856044 3.0192372919301325 3.018631838004221 3.01802638407831 3.017420930152398 3.016815476226487 3.0165975808421304 3.016793994307832 -9999.0 -9999.0 -9999.0 -9999.0 -9999.0 -9999.0 -9999.0 -9999.0 -9999.0 -9999.0 -9999.0 -9999.0 -9999.0 -9999.0 -9999.0 -9999.0 -9999.0 -9999.0 -9999.0 -9999.0 -9999.0 -9999.0 -9999.0 -9999.0 -9999.0 -9999.0
3.0273489720533395 3.026761449477224 3.0261739269011083 3.025586404324993 3.0249988817488775 3.024411359172762 3.0238238365966454 3.02323631402053 3.0226487914444147 3.022061268868299 3.0214737462921835 3.0208862237160683 3.0202987011399527 3.019711178563837 3.0191236559877215 3.0185361334116063 3.0183159976262184 3.0184886066328356 -9999.0 -9999.0 -9999.0 -9999.0 -9999.0 -9999.0 -9999.0 -9999.0 -9999.0 -9999.0 -9999.0 -9999.0 -9999.0 -9999.0 -9999.0 -9999.0 -9999.0 -9999.0 -9999.0 -9999.0 -9999.0 -9999.0 -9999.0 -9999.0 -9999.0 -9999.0
3.0288006589915195 3.0282310677652 3.0276614765388805 3.027091885312561 3.0265222940862415 3.025952702859922 3.025383111633601 3.0248135204072817 3.024243929180962 3.0236743379546427 3.023104746728323 3.0225351555020037 3.021965564275684 3.0213959730493647 3.020826381823045 3.0202567905967257 3.0200344144103064 3.0201832189578393 -9999.0 -9999.0 -9999.0 -9999.0 -9999.0 -9999.0 -9999.0 -9999.0 -9999.0 -9999.0 -9999.0 -9999.0 -9999.0 -9999.0 -9999.0 -9999.0 -9999.0 -9999.0 -9999.0 -9999.0 -9999.0 -9999.0 -9999.0 -9999.0 -9999.0 -9999.0
3.030252345929701 3.029700686053177 3.0291490261766536 3.02859736630013 3.0280457064236064 3.027494046547083 3.0269423866705583 3.026390726794035 3.0258390669175115 3.0252874070409876 3.0247357471644643 3.0241840872879404 3.023632427411417 3.0230807675348936 3.02252910765837 3.0219774477818464 3.0217528311943957 3.0218778312828443 3.0220028313712928 -9999.0 -9999.0 -9999.0 -9999.0 -9999.0 -9999.0 -9999.0 -9999.0 -9999.0 -9999.0 -9999.0 -9999.0 -9999.0 -9999.0 -9999.0 -9999.0 -9999.0 -9999.0 -9999.0 -9999.0 -9999.0 -9999.0 -9999.0 -9999.0 -9999.0
3.031704032867881 3.031170304341153 3.0306365758144254 3.0301028472876976 3.0295691187609703 3.0290353902342426 3.028501661707514 3.0279679331807867 3.027434204654059 3.0269004761273313 3.0263667476006035 3.0258330190738763 3.0252992905471485 3.024765562020421 3.0242318334936935 3.023698104966966 3.0234712479784838 3.023572443607848 3.023673639237212 3.0237748348665763 3.0238760304959404 3.0239772261253046 -9999.0 -9999.0 -9999.0 -9999.0 -9999.0 -9999.0 -9999.0 -9999.0 -9999.0 -9999.0 -9999.0 -9999.0 -9999.0 -9999.0 -9999.0 -9999.0 -9999.0 -9999.0 -9999.0 -9999.0 -9999.0 -9999.0
3.033155719806061 3.032639922629129 3.0321241254521976 3.031608328275266 3.0310925310983343 3.0305767339214027 3.03006093674447 3.029545139567538 3.0290293423906065 3.028513545213675 3.0279977480367433 3.0274819508598116 3.02696615368288 3.0264503565059484 3.025934559329017 3.025418762152085 3.0251896647625713 3.0252670559328516 3.0253444471031314 3.0254218382734117 3.0254992294436915 3.0255766206139714 3.025654011784251 3.0257314029545315 3.0258087941248113 -9999.0 -9999.0 -9999.0 -9999.0 -9999.0 -9999.0 -9999.0 -9999.0 -9999.0 -9999.0 -9999.0 -9999.0 -9999.0 -9999.0 -9999.0 -9999.0 -9999.0 -9999.0 -9999.0
3.034607406744241 3.034109540917105 3.0336116750899693 3.033113809262834 3.032615943435698 3.0321180776085623 3.0316202117814255 3.03112234595429 3.0306244801271545 3.0301266143000185 3.029628748472883 3.0291308826457475 3.0286330168186115 3.028135150991476 3.02763728516434 3.0271394193372045 3.0269080815466594 3.0269616682578553 3.0270152549690508 3.0270688416802467 3.027122428391442 3.027176015102638 3.0272296018138336 3.0272831885250295 3.027336775236225 -9999.0 -9999.0 -9999.0 -9999.0 -9999.0 3.0276582955033993 -9999.0 -9999.0 -9999.0 -9999.0 -9999.0 -9999.0 -9999.0 -9999.0 -9999.0 -9999.0 -9999.0 -9999.0 -9999.0
3.0360590936824208 3.035579159205081 3.035099224727741 3.0346192902504017 3.034139355773062 3.033659421295722 3.0331794868183817 3.032699552341042 3.032219617863702 3.0317396833863626 3.0312597489090227 3.030779814431683 3.030299879954343 3.0298199454770036 3.0293400109996638 3.028860076522324 3.0286264983307474 3.028656280582859 3.0286860628349705 3.0287158450870817 3.0287456273391933 3.028775409591305 3.028805191843416 3.0288349740955276 3.028864756347639 3.0288945385997503 -9999.0 -9999.0 -9999.0 3.0290136676081962 3.029043449860308 -9999.0 -9999.0 -9999.0 -9999.0 -9999.0 -9999.0 -9999.0 -9999.0 -9999.0 -9999.0 -9999.0 -9999.0 -9999.0
3.0375107806206008 3.037048777493057 3.0365867743655133 3.0361247712379695 3.035662768110426 3.035200764982882 3.0347387618553374 3.0342767587277937 3.03381475560025 3.033352752472706 3.0328907493451625 3.0324287462176187 3.031966743090075 3.0315047399625312 3.0310427368349875 3.0305807337074437 3.030344915114836 3.030350892907863 3.0303568707008903 3.0303628484939176 3.0303688262869444 3.0303748040799716 3.030380781872999 3.030386759666026 3.0303927374590534 3.03039871525208 -9999.0 -9999.0 -9999.0 3.030422626424189 3.0304286042172164 -9999.0 -9999.0 -9999.0 -9999.0 -9999.0 -9999.0 -9999.0 -9999.0 -9999.0 -9999.0 -9999.0 -9999.0 -9999.0
3.038962467558781 3.038518395781033 3.0380743240032855 3.0376302522255374 3.0371861804477898 3.036742108670042 3.0362980368922936 3.0358539651145455 3.035409893336798 3.03496582155905 3.034521749781302 3.0340776780035545 3.0336336062258065 3.033189534448059 3.032745462670311 3.032301390892563 3.032063331898924 3.0320455052328668 3.0320276785668097 3.0320098519007526 3.0319920252346955 3.0319741985686384 3.0319563719025813 3.031938545236524 3.031920718570467 3.03190289190441 -9999.0 -9999.0 3.0318494119062387 3.0318315852401816 3.0318137585741245 -9999.0 -9999.0 -9999.0 -9999.0 -9999.0 -9999.0 -9999.0 -9999.0 -9999.0 -9999.0 -9999.0 -9999.0 -9999.0
3.040414154496962 3.0399880140690105 3.0395618736410586 3.0391357332131066 3.038709592785155 3.038283452357203 3.0378573119292507 3.0374311715012987 3.0370050310733467 3.0365788906453948 3.0361527502174432 3.0357266097894913 3.0353004693615393 3.0348743289335878 3.034448188505636 3.034022048077684 3.033781748683013 3.0337401175578718 3.0336984864327303 3.033656855307589 3.0336152241824474 3.0335735930573065 3.033531961932165 3.0334903308070236 3.033448699681882 3.0334070685567407 3.0333654374315997 3.0333238063064583 3.033282175181317 3.0332405440561754 -9999.0 -9999.0 -9999.0 -9999.0 -9999.0 -9999.0 -9999.0 -9999.0 -9999.0 -9999.0 -9999.0 -9999.0 -9999.0 -9999.0
