Figures/CREST_Example_wjb_NSE/PETs/wjb.pet.20100310.asc
ncols            288
nrows            254
xllcorner        113.274861
yllcorner        31.4918055
cellsize         0.008333333333
NODATA_value     -9999
[rows 140 to 159 of 254, columns 176 to 219 of 288]
1.572533303652152 1.5716438543548357 1.570754405057519 1.5698649557602027 1.5689755064628863 1.56808605716557 1.567196607868252 1.5663071585709356 1.5654177092736192 1.5645282599763026 1.5636388106789862 1.5627493613816699 1.5618599120843535 1.560970462787037 1.5600810134897205 1.5591915641924041 1.5579460844164759 1.5563200000031496 1.5546939155898234 1.5530678311764943 1.5514417467631678 1.5498156623498416 1.5481895779365153 1.546563493523189 1.5449374091098627 1.5433113246965364 1.54168524028321 1.5400591558698837 1.5384330714565573 1.536806987043231 1.5351809026299048 1.5335548182165784 1.5319287338032495 1.530302649389923 1.5286765649765968 1.5270504805632703 1.525424396149944 1.5237983117366178 1.5221722273232914 1.5205461429099651 1.5189200584966387 1.5172939740833125 1.5156678896699862 1.5140418052566598
1.5707269163852016 1.5698083833131953 1.568889850241189 1.5679713171691827 1.5670527840971764 1.5661342510251701 1.5652157179531623 1.564297184881156 1.5633786518091497 1.5624601187371434 1.561541585665137 1.5606230525931306 1.5597045195211243 1.558785986449118 1.5578674533771117 1.5569489203051055 1.555687744003701 1.5540602743372154 1.5524328046707299 1.5508053350042417 1.5491778653377561 1.5475503956712706 1.545922926004785 1.5442954563382996 1.542667986671814 1.5410405170053285 1.539413047338843 1.5377855776723577 1.5361581080058722 1.5345306383393866 1.532903168672901 1.5312756990064156 1.5296482293399274 1.5280207596734419 1.5263932900069563 1.5247658203404708 1.5231383506739853 1.5215108810074998 1.5198834113410142 1.5182559416745287 1.5166284720080432 1.5150010023415579 1.5133735326750724 1.5117460630085868
1.568920529118251 1.567972912271555 1.567025295424859 1.5660776785781627 1.5651300617314665 1.5641824448847703 1.5632348280380726 1.5622872111913764 1.5613395943446802 1.560391977497984 1.5594443606512878 1.5584967438045916 1.5575491269578954 1.5566015101111992 1.555653893264503 1.5547062764178068 1.5534294035909257 1.5518005486712811 1.5501716937516363 1.548542838831989 1.5469139839123442 1.5452851289926997 1.5436562740730548 1.5420274191534102 1.5403985642337656 1.5387697093141208 1.5371408543944762 1.5355119994748316 1.5338831445551868 1.5322542896355422 1.5306254347158974 1.5289965797962528 1.5273677248766053 1.5257388699569607 1.524110015037316 1.5224811601176713 1.5208523051980267 1.519223450278382 1.5175945953587373 1.5159657404390927 1.514336885519448 1.5127080305998033 1.5110791756801585 1.5094503207605139
1.5671141418513008 1.5661374412299147 1.5651607406085286 1.5641840399871425 1.5632073393657566 1.5622306387443705 1.5612539381229826 1.5602772375015967 1.5593005368802106 1.5583238362588245 1.5573471356374384 1.5563704350160523 1.5553937343946664 1.5544170337732803 1.5534403331518942 1.5524636325305081 1.5511710631781508 1.549540823005347 1.547910582832543 1.5462803426597362 1.5446501024869324 1.5430198623141287 1.5413896221413248 1.539759381968521 1.538129141795717 1.5364989016229131 1.5348686614501093 1.5332384212773054 1.5316081811045015 1.5299779409316976 1.528347700758894 1.52671746058609 1.5250872204132833 1.5234569802404794 1.5218267400676755 1.5201964998948718 1.518566259722068 1.516936019549264 1.5153057793764602 1.5136755392036563 1.5120452990308524 1.5104150588580485 1.5087848186852446 1.507154578512441
1.5653077545843488 1.5643019701882728 1.5632961857921968 1.5622904013961207 1.561284617000045 1.560278832603969 1.5592730482078911 1.5582672638118151 1.5572614794157393 1.5562556950196633 1.5552499106235873 1.5542441262275113 1.5532383418314355 1.5522325574353595 1.5512267730392835 1.5502209886432075 1.5489127227653736 1.5472810973394107 1.5456494719134475 1.5440178464874816 1.5423862210615187 1.5407545956355557 1.5391229702095925 1.5374913447836296 1.5358597193576664 1.5342280939317035 1.5325964685057405 1.5309648430797773 1.5293332176538144 1.5277015922278514 1.5260699668018882 1.5244383413759253 1.5228067159499594 1.5211750905239965 1.5195434650980333 1.5179118396720703 1.5162802142461071 1.5146485888201442 1.5130169633941812 1.511385337968218 1.509753712542255 1.5081220871162921 1.506490461690329 1.504858836264366
1.5635013673173983 1.5624664991466324 1.5614316309758667 1.5603967628051008 1.5593618946343348 1.5583270264635691 1.5572921582928014 1.5562572901220355 1.5552224219512698 1.5541875537805039 1.553152685609738 1.5521178174389723 1.5510829492682063 1.5500480810974404 1.5490132129266747 1.5479783447559088 1.5466543823525984 1.5450213716734762 1.5433883609943542 1.541755350315229 1.5401223396361068 1.5384893289569845 1.5368563182778623 1.5352233075987403 1.533590296919618 1.5319572862404958 1.5303242755613735 1.5286912648822513 1.527058254203129 1.5254252435240068 1.5237922328448845 1.5221592221657623 1.5205262114866374 1.518893200807515 1.5172601901283929 1.5156271794492706 1.5139941687701484 1.5123611580910263 1.510728147411904 1.5090951367327818 1.5074621260536596 1.5058291153745373 1.504196104695415 1.5025630940162928
1.5616949800504478 1.5606310281049922 1.5595670761595364 1.5585031242140808 1.557439172268625 1.5563752203231693 1.5553112683777117 1.5542473164322559 1.5531833644868003 1.5521194125413444 1.5510554605958888 1.549991508650433 1.5489275567049774 1.5478636047595216 1.546799652814066 1.5457357008686101 1.5443960419398235 1.542761646007542 1.5411272500752606 1.5394928541429764 1.537858458210695 1.5362240622784136 1.5345896663461323 1.5329552704138507 1.5313208744815694 1.5296864785492879 1.5280520826170065 1.5264176866847252 1.5247832907524437 1.5231488948201624 1.5215144988878808 1.5198801029555995 1.5182457070233153 1.516611311091034 1.5149769151587524 1.5133425192264711 1.5117081232941896 1.5100737273619083 1.508439331429627 1.5068049354973454 1.505170539565064 1.5035361436327825 1.5019017477005012 1.50026735176822
1.5598885927834976 1.5587955570633518 1.5577025213432063 1.5566094856230606 1.555516449902915 1.5544234141827695 1.553330378462622 1.5522373427424763 1.5511443070223307 1.5500512713021852 1.5489582355820395 1.547865199861894 1.5467721641417482 1.5456791284216027 1.544586092701457 1.5434930569813115 1.5421377015270483 1.5405019203416077 1.538866139156167 1.5372303579707238 1.5355945767852832 1.5339587955998426 1.532323014414402 1.5306872332289614 1.5290514520435208 1.5274156708580802 1.5257798896726398 1.5241441084871992 1.5225083273017586 1.520872546116318 1.5192367649308773 1.5176009837454367 1.5159652025599935 1.5143294213745528 1.5126936401891122 1.5110578590036716 1.509422077818231 1.5077862966327904 1.5061505154473498 1.5045147342619092 1.5028789530764688 1.5012431718910282 1.4996073907055876 1.497971609520147
1.5588956960879161 1.5577802247620465 1.556664753436177 1.5555492821103076 1.554433810784438 1.5533183394585686 1.5522028681326971 1.5510873968068277 1.5499719254809583 1.5488564541550887 1.5477409828292192 1.5466255115033498 1.5455100401774802 1.5443945688516107 1.5432790975257413 1.542163626199872 1.540798630573125 1.5391668878228513 1.5375351450725776 1.5359034023223013 1.5342716595720278 1.5326399168217542 1.5310081740714805 1.529376431321207 1.5277446885709334 1.52611294582066 1.5244812030703863 1.5228494603201128 1.5212177175698391 1.5195859748195655 1.517954232069292 1.5163224893190184 1.514690746568742 1.5130590038184684 1.511427261068195 1.5097955183179212 1.5081637755676478 1.5065320328173741 1.5049002900671007 1.503268547316827 1.5016368045665534 1.50000506181628 1.4983733190660062 1.4967415763157328
1.5587723695323374 1.5576415690742815 1.5565107686162258 1.5553799681581701 1.5542491677001142 1.5531183672420585 1.5519875667840008 1.5508567663259452 1.5497259658678892 1.5485951654098336 1.5474643649517779 1.5463335644937222 1.5452027640356663 1.5440719635776106 1.5429411631195549 1.541810362661499 1.540442200721837 1.538820293987653 1.5371983872534687 1.535576480519282 1.5339545737850977 1.5323326670509136 1.5307107603167294 1.5290888535825453 1.5274669468483613 1.525845040114177 1.524223133379993 1.5226012266458087 1.5209793199116246 1.5193574131774406 1.5177355064432563 1.5161135997090722 1.5144916929748853 1.5128697862407012 1.511247879506517 1.509625972772333 1.5080040660381486 1.5063821593039646 1.5047602525697805 1.5031383458355962 1.5015164391014122 1.499894532367228 1.4982726256330439 1.4966507188988598
1.5586490429767588 1.5575029133865168 1.5563567837962748 1.5552106542060327 1.5540645246157907 1.5529183950255487 1.5517722654353046 1.5506261358450626 1.5494800062548206 1.5483338766645784 1.5471877470743365 1.5460416174840943 1.5448954878938523 1.5437493583036104 1.5426032287133682 1.5414570991231262 1.5400857708705493 1.5384737001524547 1.53686162943436 1.5352495587162625 1.5336374879981678 1.5320254172800731 1.5304133465619782 1.5288012758438836 1.527189205125789 1.5255771344076943 1.5239650636895994 1.5223529929715047 1.52074092225341 1.5191288515353154 1.5175167808172207 1.5159047100991259 1.5142926393810285 1.5126805686629339 1.511068497944839 1.5094564272267443 1.5078443565086497 1.506232285790555 1.5046202150724604 1.5030081443543655 1.5013960736362708 1.4997840029181762 1.4981719322000815 1.4965598614819868
1.5585257164211803 1.5573642576987519 1.5562027989763236 1.5550413402538952 1.553879881531467 1.5527184228090387 1.5515569640866083 1.55039550536418 1.5492340466417516 1.5480725879193233 1.546911129196895 1.5457496704744667 1.5445882117520384 1.54342675302961 1.5422652943071817 1.5411038355847535 1.5397293410192616 1.5381271063172564 1.536524871615251 1.534922636913243 1.5333204022112377 1.5317181675092324 1.5301159328072271 1.5285136981052219 1.5269114634032166 1.5253092287012113 1.5237069939992063 1.522104759297201 1.5205025245951957 1.5189002898931905 1.5172980551911852 1.51569582048918 1.5140935857871718 1.5124913510851665 1.5108891163831613 1.509286881681156 1.5076846469791507 1.5060824122771455 1.5044801775751402 1.502877942873135 1.5012757081711297 1.4996734734691244 1.4980712387671191 1.4964690040651139
1.5584023898656016 1.5572256020109871 1.5560488141563726 1.554872026301758 1.5536952384471434 1.5525184505925287 1.5513416627379122 1.5501648748832975 1.548988087028683 1.5478112991740685 1.5466345113194537 1.5454577234648392 1.5442809356102245 1.54310414775561 1.5419273599009955 1.5407505720463808 1.539372911167974 1.5377805124820583 1.5361881137961424 1.5345957151102239 1.533003316424308 1.531410917738392 1.5298185190524762 1.5282261203665604 1.5266337216806445 1.5250413229947288 1.523448924308813 1.521856525622897 1.5202641269369812 1.5186717282510653 1.5170793295651497 1.5154869308792338 1.5138945321933153 1.5123021335073994 1.5107097348214835 1.5091173361355676 1.5075249374496518 1.505932538763736 1.5043401400778202 1.5027477413919044 1.5011553427059885 1.4995629440200726 1.4979705453341567 1.496378146648241
1.5582790633100232 1.5570869463232224 1.5558948293364214 1.5547027123496207 1.5535105953628197 1.5523184783760189 1.551126361389216 1.5499342444024151 1.5487421274156143 1.5475500104288133 1.5463578934420126 1.5451657764552116 1.5439736594684108 1.54278154248161 1.541589425494809 1.5403973085080083 1.5390164813166864 1.53743391864686 1.5358513559770337 1.5342687933072046 1.532686230637378 1.5311036679675518 1.5295211052977253 1.5279385426278989 1.5263559799580726 1.5247734172882461 1.5231908546184199 1.5216082919485934 1.520025729278767 1.5184431666089406 1.5168606039391141 1.5152780412692877 1.5136954785994587 1.5121129159296323 1.5105303532598058 1.5089477905899795 1.507365227920153 1.5057826652503266 1.5042001025805003 1.5026175399106738 1.5010349772408473 1.499452414571021 1.4978698519011946 1.4962872892313681
1.5581557367544445 1.5569482906354575 1.5557408445164702 1.5545333983974832 1.553325952278496 1.5521185061595089 1.5509110600405196 1.5497036139215326 1.5484961678025453 1.5472887216835582 1.5460812755645712 1.544873829445584 1.543666383326597 1.5424589372076096 1.5412514910886226 1.5400440449696353 1.5386600514653987 1.5370873248116617 1.5355145981579248 1.533941871504185 1.5323691448504482 1.530796418196711 1.5292236915429742 1.5276509648892374 1.5260782382355003 1.5245055115817634 1.5229327849280263 1.5213600582742894 1.5197873316205524 1.5182146049668155 1.5166418783130784 1.5150691516593415 1.5134964250056018 1.511923698351865 1.510350971698128 1.508778245044391 1.507205518390654 1.505632791736917 1.5040600650831801 1.502487338429443 1.5009146117757062 1.499341885121969 1.4977691584682322 1.4961964318144951
1.558032410198866 1.5568096349476925 1.5555868596965192 1.554364084445346 1.5531413091941724 1.551918533942999 1.5506957586918235 1.54947298344065 1.5482502081894767 1.5470274329383034 1.5458046576871298 1.5445818824359565 1.543359107184783 1.5421363319336097 1.5409135566824361 1.5396907814312628 1.538303621614111 1.5367407309764636 1.535177840338816 1.533614949701166 1.5320520590635183 1.5304891684258708 1.5289262777882233 1.5273633871505758 1.5258004965129282 1.5242376058752807 1.5226747152376332 1.5211118245999857 1.519548933962338 1.5179860433246906 1.516423152687043 1.5148602620493956 1.5132973714117453 1.5117344807740978 1.5101715901364503 1.5086086994988026 1.5070458088611551 1.5054829182235077 1.5039200275858602 1.5023571369482125 1.500794246310565 1.4992313556729175 1.49766846503527 1.4961055743976224
1.5579090836432874 1.5566709792599278 1.555432874876568 1.5541947704932084 1.5529566661098486 1.551718561726489 1.5504804573431272 1.5492423529597674 1.5480042485764078 1.546766144193048 1.5455280398096884 1.5442899354263286 1.543051831042969 1.5418137266596095 1.5405756222762497 1.53933751789289 1.5379471917628234 1.5363941371412653 1.5348410825197072 1.5332880278981464 1.5317349732765884 1.5301819186550303 1.5286288640334722 1.5270758094119141 1.525522754790356 1.523969700168798 1.5224166455472399 1.5208635909256816 1.5193105363041235 1.5177574816825654 1.5162044270610073 1.5146513724394493 1.5130983178178885 1.5115452631963304 1.5099922085747723 1.5084391539532143 1.5068860993316562 1.505333044710098 1.50377999008854 1.502226935466982 1.5006738808454239 1.4991208262238658 1.4975677716023075 1.4960147169807494
1.5577857570877087 1.5565323235721629 1.5552788900566168 1.554025456541071 1.5527720230255249 1.551518589509979 1.550265155994431 1.5490117224788849 1.547758288963339 1.546504855447793 1.545251421932247 1.543997988416701 1.5427445549011551 1.541491121385609 1.5402376878700632 1.5389842543545171 1.5375907619115357 1.536047543306067 1.5345043247005983 1.532961106095127 1.5314178874896585 1.5298746688841898 1.528331450278721 1.5267882316732524 1.5252450130677837 1.523701794462315 1.5221585758568463 1.5206153572513776 1.519072138645909 1.5175289200404405 1.5159857014349718 1.5144424828295031 1.5128992642240318 1.511356045618563 1.5098128270130944 1.5082696084076257 1.5067263898021572 1.5051831711966885 1.5036399525912199 1.5020967339857512 1.5005535153802825 1.4990102967748138 1.497467078169345 1.4959238595638764
1.55766243053213 1.556393667884398 1.5551249052366656 1.5538561425889335 1.552587379941201 1.551318617293469 1.5500498546457346 1.5487810919980023 1.5475123293502702 1.5462435667025378 1.5449748040548057 1.5437060414070733 1.542437278759341 1.5411685161116089 1.5398997534638765 1.5386309908161444 1.537234332060248 1.5357009494708687 1.5341675668814894 1.5326341842921076 1.5311008017027283 1.5295674191133493 1.52803403652397 1.5265006539345907 1.5249672713452116 1.5234338887558323 1.521900506166453 1.520367123577074 1.5188337409876946 1.5173003583983153 1.5157669758089363 1.514233593219557 1.5127002106301752 1.511166828040796 1.5096334454514166 1.5081000628620376 1.5065666802726583 1.505033297683279 1.5034999150939 1.5019665325045206 1.5004331499151413 1.4988997673257622 1.497366384736383 1.4958330021470037
1.5575391039765516 1.5562550121966332 1.5549709204167146 1.5536868286367962 1.5524027368568776 1.5511186450769592 1.5498345532970383 1.54855046151712 1.5472663697372013 1.545982277957283 1.5446981861773643 1.543414094397446 1.5421300026175273 1.540845910837609 1.5395618190576903 1.538277727277772 1.5368779022089603 1.5353543556356706 1.5338308090623807 1.5323072624890883 1.5307837159157986 1.5292601693425087 1.527736622769219 1.5262130761959292 1.5246895296226395 1.5231659830493496 1.52164243647606 1.52011888990277 1.5185953433294803 1.5170717967561904 1.5155482501829007 1.5140247036096108 1.5125011570363185 1.5109776104630286 1.509454063889739 1.507930517316449 1.5064069707431593 1.5048834241698694 1.5033598775965797 1.5018363310232898 1.5003127844500002 1.4987892378767103 1.4972656913034206 1.4957421447301307
