Figures/CREST_Example_wjb_NSE/PETs/wjb.pet.20090325.asc
ncols            288
nrows            254
xllcorner        113.274861
yllcorner        31.4918055
cellsize         0.008333333333
NODATA_value     -9999
[rows 120 to 139 of 254, columns 132 to 175 of 288]
2.325092372113217 2.3247955494725394 2.3244987268318624 2.324201904191185 2.3239050815505076 2.3236082589098306 2.323311436269153 2.3230146136284757 2.3227177909877987 2.3224209683471213 2.322124145706444 2.3218273230657664 2.321530500425089 2.3212336777844116 2.3209368551437346 2.320640032503057 2.3203432098623797 2.3200463872217028 2.3197495645810253 2.319452741940348 2.319155919299671 2.3188590966589935 2.3185622740183165 2.318265451377639 2.317968628736961 2.3176718060962838 2.3173749834556068 2.3170781608149293 2.3167813381742524 2.316484515533575 2.3157098424425198 2.314424336410332 2.313138830378144 2.311853324345956 2.310567818313768 2.30928231228158 2.3079968062493923 2.306711300217202 2.3054257941850143 2.3041402881528263 2.3028547821206384 2.3015692760884505 2.3002837700562626 2.2989982640240747
2.3216394957166484 2.321373422965451 2.321107350214253 2.3208412774630554 2.320575204711858 2.32030913196066 2.3200430592094623 2.319776986458265 2.319510913707067 2.3192448409558692 2.318978768204672 2.3187126954534736 2.3184466227022758 2.318180549951078 2.3179144771998805 2.3176484044486827 2.317382331697485 2.3171162589462875 2.3168501861950896 2.316584113443892 2.3163180406926944 2.3160519679414966 2.3157858951902988 2.3155198224391014 2.315253749687903 2.3149876769367053 2.3147216041855074 2.31445553143431 2.314189458683112 2.3139233859319144 2.313161302019396 2.311868970954925 2.3105766398904533 2.309284308825982 2.3079919777615108 2.3066996466970395 2.305407315632568 2.3041149845680944 2.302822653503623 2.301530322439152 2.30023799137468 2.298945660310209 2.2976533292457377 2.2963609981812665
2.31818661932008 2.3179512964583617 2.317715973596644 2.3174806507349257 2.3172453278732075 2.3170100050114892 2.3167746821497714 2.316539359288053 2.316304036426335 2.3160687135646167 2.315833390702899 2.3155980678411803 2.315362744979462 2.3151274221177442 2.314892099256026 2.314656776394308 2.3144214535325895 2.3141861306708718 2.3139508078091535 2.3137154849474353 2.313480162085717 2.3132448392239993 2.313009516362281 2.312774193500563 2.3125388706388446 2.3123035477771263 2.312068224915408 2.31183290205369 2.311597579191972 2.311362256330254 2.3106127615962717 2.309313605499517 2.3080144494027626 2.3067152933060076 2.305416137209253 2.304116981112498 2.3028178250157434 2.301518668918986 2.3002195128222316 2.298920356725477 2.297621200628722 2.2963220445319674 2.2950228884352124 2.293723732338458
2.314733742923512 2.3145291699512733 2.3143245969790347 2.314120024006796 2.313915451034558 2.3137108780623192 2.3135063050900806 2.313301732117842 2.3130971591456033 2.312892586173365 2.3126880132011265 2.3124834402288874 2.3122788672566488 2.3120742942844106 2.311869721312172 2.3116651483399333 2.3114605753676947 2.3112560023954565 2.311051429423218 2.310846856450979 2.3106422834787406 2.310437710506502 2.3102331375342637 2.310028564562025 2.309823991589786 2.309619418617548 2.309414845645309 2.3092102726730706 2.309005699700832 2.3088011267285933 2.308064221173148 2.30675824004411 2.305452258915072 2.3041462777860335 2.3028402966569956 2.3015343155279573 2.300228334398919 2.298922353269879 2.2976163721408405 2.296310391011802 2.295004409882764 2.293698428753726 2.2923924476246875 2.2910864664956496
2.3112808665269404 2.3111070434441814 2.310933220361423 2.3107593972786638 2.3105855741959047 2.3104117511131457 2.310237928030387 2.310064104947628 2.309890281864869 2.30971645878211 2.3095426356993514 2.309368812616592 2.309194989533833 2.3090211664510742 2.308847343368315 2.308673520285556 2.308499697202797 2.3083258741200385 2.3081520510372795 2.3079782279545205 2.3078044048717614 2.307630581789003 2.307456758706244 2.3072829356234847 2.3071091125407257 2.3069352894579667 2.3067614663752076 2.3065876432924486 2.30641382020969 2.306239997126931 2.3055156807500223 2.3042028745887007 2.302890068427379 2.3015772622660573 2.3002644561047356 2.298951649943414 2.2976388437820927 2.296326037620769 2.295013231459447 2.2937004252981255 2.292387619136804 2.291074812975482 2.2897620068141604 2.2884492006528387
2.3078279901303724 2.307684916937093 2.3075418437438135 2.307398770550534 2.307255697357255 2.3071126241639757 2.3069695509706962 2.306826477777417 2.3066834045841373 2.3065403313908583 2.306397258197579 2.306254185004299 2.30611111181102 2.3059680386177406 2.305824965424461 2.3056818922311817 2.3055388190379023 2.3053957458446233 2.305252672651344 2.3051095994580644 2.304966526264785 2.3048234530715055 2.3046803798782265 2.304537306684947 2.304394233491667 2.304251160298388 2.3041080871051087 2.3039650139118293 2.30382194071855 2.3036788675252704 2.3029671403268983 2.3016475091332933 2.3003278779396883 2.2990082467460833 2.2976886155524783 2.2963689843588733 2.2950493531652683 2.293729721971661 2.292410090778056 2.291090459584451 2.289770828390846 2.2884511971972405 2.2871315660036355 2.2858119348100305
2.304375113733804 2.3042627904300046 2.3041504671262047 2.304038143822405 2.303925820518605 2.303813497214805 2.3037011739110054 2.3035888506072055 2.3034765273034057 2.303364203999606 2.3032518806958064 2.303139557392006 2.3030272340882063 2.302914910784407 2.302802587480607 2.3026902641768072 2.3025779408730074 2.3024656175692075 2.3023532942654077 2.302240970961608 2.302128647657808 2.302016324354008 2.3019040010502088 2.301791677746409 2.3016793544426086 2.301567031138809 2.3014547078350094 2.3013423845312095 2.3012300612274097 2.30111773792361 2.3004185999037743 2.299092143677886 2.2977656874519976 2.296439231226109 2.2951127750002205 2.293786318774332 2.2924598625484434 2.291133406322553 2.2898069500966645 2.288480493870776 2.2871540376448873 2.285827581418999 2.2845011251931107 2.2831746689672223
2.3009222373372356 2.3008406639229153 2.300759090508595 2.300677517094275 2.3005959436799546 2.3005143702656348 2.3004327968513145 2.3003512234369943 2.300269650022674 2.300188076608354 2.3001065031940335 2.3000249297797133 2.299943356365393 2.299861782951073 2.2997802095367526 2.2996986361224323 2.299617062708112 2.2995354892937923 2.299453915879472 2.2993723424651518 2.2992907690508315 2.2992091956365113 2.299127622222191 2.299046048807871 2.2989644753935505 2.2988829019792303 2.29880132856491 2.29871975515059 2.2986381817362695 2.2985566083219493 2.2978700594806507 2.2965367782224786 2.295203496964307 2.293870215706135 2.292536934447963 2.291203653189791 2.2898703719316194 2.288537090673445 2.2872038094152733 2.2858705281571012 2.2845372468989296 2.2832039656407574 2.281870684382586 2.2805374031244137
2.2974693609406676 2.297418537415827 2.2973677138909863 2.2973168903661456 2.297266066841305 2.2972152433164643 2.2971644197916237 2.297113596266783 2.2970627727419424 2.2970119492171017 2.296961125692261 2.2969103021674204 2.2968594786425798 2.296808655117739 2.2967578315928985 2.296707008068058 2.296656184543217 2.2966053610183765 2.296554537493536 2.2965037139686952 2.2964528904438546 2.296402066919014 2.2963512433941733 2.2963004198693326 2.296249596344492 2.2961987728196513 2.2961479492948107 2.29609712576997 2.2960463022451294 2.2959954787202888 2.2953215190575262 2.2939814127670712 2.292641306476616 2.2913012001861603 2.2899610938957053 2.28862098760525 2.2872808813147945 2.2859407750243372 2.284600668733882 2.2832605624434263 2.2819204561529713 2.280580349862516 2.2792402435720605 2.2779001372816055
2.294016484544099 2.293996410908738 2.293976337273377 2.293956263638016 2.293936190002655 2.293916116367294 2.293896042731933 2.2938759690965718 2.2938558954612107 2.2938358218258497 2.2938157481904886 2.2937956745551276 2.2937756009197665 2.2937555272844055 2.2937354536490444 2.2937153800136834 2.2936953063783223 2.2936752327429613 2.2936551591076 2.293635085472239 2.293615011836878 2.293594938201517 2.293574864566156 2.293554790930795 2.293534717295434 2.293514643660073 2.293494570024712 2.2934744963893507 2.2934544227539897 2.293434349118628 2.2927729786344027 2.291426047311664 2.290079115988925 2.2887321846661863 2.2873852533434476 2.286038322020709 2.2846913906979704 2.283344459375229 2.2819975280524907 2.280650596729752 2.279303665407013 2.2779567340842743 2.2766098027615356 2.275262871438797
2.290563608147531 2.2905742844016497 2.290584960655768 2.2905956369098868 2.2906063131640053 2.2906169894181234 2.290627665672242 2.2906383419263605 2.290649018180479 2.2906596944345976 2.290670370688716 2.2906810469428347 2.2906917231969532 2.290702399451072 2.2907130757051903 2.290723751959309 2.2907344282134274 2.290745104467546 2.2907557807216645 2.290766456975783 2.2907771332299016 2.2907878094840197 2.2907984857381383 2.290809161992257 2.2908198382463754 2.290830514500494 2.2908411907546125 2.290851867008731 2.2908625432628495 2.290873219516968 2.290224438211279 2.288870681856257 2.2875169255012344 2.2861631691462123 2.28480941279119 2.283455656436168 2.282101900081146 2.2807481437261217 2.279394387371099 2.278040631016077 2.276686874661055 2.275333118306033 2.2739793619510107 2.2726256055959886
2.2871107317509596 2.2871521578945577 2.287193584038156 2.287235010181754 2.287276436325352 2.2873178624689503 2.2873592886125484 2.2874007147561466 2.2874421408997447 2.287483567043343 2.287524993186941 2.287566419330539 2.2876078454741373 2.2876492716177355 2.287690697761333 2.2877321239049313 2.2877735500485294 2.2878149761921276 2.2878564023357257 2.287897828479324 2.287939254622922 2.28798068076652 2.2880221069101183 2.2880635330537165 2.2881049591973146 2.2881463853409127 2.288187811484511 2.288229237628109 2.288270663771707 2.288312089915305 2.2876758977881524 2.286315316400847 2.2849547350135415 2.2835941536262356 2.28223357223893 2.2808729908516248 2.279512409464319 2.278151828077011 2.276791246689706 2.2754306653024 2.2740700839150945 2.272709502527789 2.271348921140483 2.2699883397531777
2.283657855354391 2.283730031387469 2.2838022074205466 2.2838743834536244 2.283946559486702 2.28401873551978 2.284090911552857 2.284163087585935 2.2842352636190126 2.2843074396520904 2.284379615685168 2.284451791718246 2.2845239677513236 2.2845961437844013 2.284668319817479 2.284740495850557 2.2848126718836346 2.2848848479167123 2.28495702394979 2.285029199982868 2.2851013760159455 2.285173552049023 2.2852457280821006 2.2853179041151783 2.285390080148256 2.285462256181334 2.2855344322144115 2.2856066082474893 2.285678784280567 2.2857509603136448 2.285127357365029 2.2837599509454396 2.282392544525851 2.2810251381062616 2.279657731686673 2.2782903252670836 2.276922918847495 2.2755555124279034 2.2741881060083142 2.2728206995887255 2.2714532931691362 2.2700858867495475 2.2687184803299583 2.2673510739103695
2.280204978957823 2.28030790488038 2.2804108308029374 2.2805137567254947 2.280616682648052 2.2807196085706094 2.2808225344931667 2.280925460415724 2.2810283863382814 2.2811313122608383 2.2812342381833957 2.2813371641059534 2.2814400900285103 2.2815430159510677 2.281645941873625 2.2817488677961824 2.2818517937187397 2.281954719641297 2.2820576455638544 2.2821605714864113 2.2822634974089686 2.282366423331526 2.2824693492540833 2.2825722751766406 2.282675201099198 2.2827781270217553 2.2828810529443126 2.28298397886687 2.2830869047894273 2.2831898307119842 2.2825788169419052 2.2812045854900327 2.27983035403816 2.2784561225862876 2.2770818911344155 2.275707659682543 2.2743334282306704 2.2729591967787957 2.271584965326923 2.270210733875051 2.2688365024231785 2.267462270971306 2.2660880395194334 2.2647138080675613
2.2767521025612547 2.2768857783732916 2.2770194541853286 2.2771531299973655 2.277286805809402 2.277420481621439 2.277554157433476 2.277687833245513 2.2778215090575493 2.2779551848695863 2.278088860681623 2.27822253649366 2.278356212305697 2.278489888117734 2.278623563929771 2.2787572397418074 2.2788909155538444 2.2790245913658813 2.2791582671779183 2.279291942989955 2.2794256188019917 2.2795592946140286 2.2796929704260656 2.2798266462381025 2.2799603220501394 2.2800939978621764 2.2802276736742133 2.28036134948625 2.2804950252982867 2.2806287011103237 2.2800302765187808 2.278649220034625 2.277268163550469 2.275887107066313 2.2745060505821577 2.273124994098002 2.271743937613846 2.2703628811296874 2.268981824645532 2.267600768161376 2.2662197116772202 2.2648386551930644 2.2634575987089085 2.2620765422247526
2.2732992261646867 2.2734636518662033 2.2736280775677193 2.273792503269236 2.2739569289707524 2.2741213546722685 2.274285780373785 2.2744502060753016 2.274614631776818 2.274779057478334 2.2749434831798507 2.2751079088813677 2.275272334582884 2.2754367602844003 2.275601185985917 2.2757656116874334 2.2759300373889495 2.276094463090466 2.2762588887919826 2.2764233144934987 2.276587740195015 2.2767521658965317 2.2769165915980483 2.2770810172995644 2.2772454430010813 2.277409868702598 2.277574294404114 2.2777387201056305 2.277903145807147 2.2780675715086636 2.277481736095657 2.276093854579218 2.2747059730627788 2.273318091546339 2.2719302100299 2.2705423285134607 2.2691544469970215 2.26776656548058 2.2663786839641404 2.2649908024477012 2.263602920931262 2.262215039414823 2.2608271578983836 2.2594392763819444
2.269846349768118 2.270041525359114 2.27023670095011 2.2704318765411062 2.270627052132102 2.270822227723098 2.271017403314094 2.27121257890509 2.271407754496086 2.271602930087082 2.2717981056780783 2.2719932812690744 2.2721884568600705 2.2723836324510667 2.2725788080420624 2.2727739836330585 2.2729691592240546 2.2731643348150508 2.2733595104060464 2.2735546859970426 2.2737498615880387 2.2739450371790344 2.2741402127700305 2.2743353883610267 2.274530563952023 2.274725739543019 2.274920915134015 2.275116090725011 2.275311266316007 2.275506441907003 2.2749331956725336 2.2735384891238106 2.272143782575088 2.270749076026365 2.2693543694776426 2.26795966292892 2.266564956380197 2.2651702498314723 2.2637755432827493 2.262380836734027 2.2609861301853043 2.2595914236365813 2.2581967170878587 2.2568020105391358
2.2663934733715467 2.2666193988520225 2.2668453243324977 2.2670712498129735 2.267297175293449 2.267523100773925 2.2677490262544002 2.267974951734876 2.2682008772153517 2.268426802695827 2.2686527281763027 2.268878653656779 2.269104579137254 2.26933050461773 2.2695564300982056 2.2697823555786814 2.2700082810591566 2.2702342065396324 2.270460132020108 2.2706860575005834 2.270911982981059 2.271137908461535 2.2713638339420106 2.271589759422486 2.271815684902962 2.2720416103834378 2.272267535863913 2.272493461344389 2.2727193868248645 2.2729453123053402 2.272384655249407 2.270983123668401 2.2695815920873947 2.2681800605063884 2.2667785289253826 2.2653769973443763 2.2639754657633704 2.262573934182362 2.2611724026013555 2.2597708710203497 2.2583693394393434 2.256967807858337 2.255566276277331 2.254164744696325
2.2629405969749787 2.2631972723449336 2.263453947714889 2.2637106230848443 2.263967298454799 2.2642239738247545 2.26448064919471 2.2647373245646647 2.26499399993462 2.2652506753045754 2.2655073506745302 2.265764026044486 2.2660207014144413 2.2662773767843962 2.2665340521543516 2.266790727524307 2.2670474028942618 2.267304078264217 2.2675607536341724 2.2678174290041273 2.2680741043740826 2.268330779744038 2.268587455113993 2.268844130483948 2.269100805853904 2.269357481223859 2.269614156593814 2.2698708319637695 2.2701275073337244 2.2703841827036797 2.2698361148262833 2.2684277582129937 2.267019401599704 2.2656110449864144 2.264202688373125 2.2627943317598356 2.261385975146546 2.259977618533254 2.2585692619199644 2.257160905306675 2.255752548693385 2.254344192080096 2.2529358354668063 2.2515274788535167
2.2594877205784103 2.2597751458378452 2.2600625710972797 2.2603499963567146 2.2606374216161496 2.260924846875584 2.261212272135019 2.261499697394454 2.2617871226538884 2.2620745479133233 2.262361973172758 2.262649398432193 2.262936823691628 2.2632242489510626 2.2635116742104975 2.2637990994699324 2.264086524729367 2.264373949988802 2.2646613752482367 2.2649488005076712 2.265236225767106 2.2655236510265406 2.2658110762859756 2.2660985015454105 2.2663859268048454 2.2666733520642803 2.2669607773237153 2.2672482025831497 2.2675356278425847 2.2678230531020196 2.2672875744031593 2.2658723927575863 2.2644572111120134 2.2630420294664404 2.2616268478208674 2.2602116661752945 2.2587964845297215 2.2573813028841463 2.2559661212385733 2.2545509395930003 2.2531357579474274 2.2517205763018544 2.2503053946562814 2.2488902130107085
