Figures/CREST_Example_wjb_NSE/PETs/wjb.pet.20100129.asc
ncols            288
nrows            254
xllcorner        113.274861
yllcorner        31.4918055
cellsize         0.008333333333
NODATA_value     -9999
[rows 60 to 79 of 254, columns 44 to 87 of 288]
0.9951369992502006 0.9947766231085767 0.9944162469669527 0.9940558708253289 0.9936954946837049 0.993335118542081 0.9929747424004571 0.9926143662588331 0.9922539901172086 0.9918936139755847 0.9915332378339609 0.9911728616923369 0.990812485550713 0.9904521094090891 0.9900917332674651 0.9897313571258413 0.9893709809842173 0.9890106048425934 0.9886502287009695 0.9882898525593455 0.9879294764177217 0.9875691002760971 0.9872087241344732 0.9868483479928493 0.9864879718512254 0.9861275957096015 0.9857672195679775 0.9854068434263537 0.985575752727047 0.9863104801306349 0.9870452075342229 0.9877799349378108 0.9885146623413987 0.9892493897449868 0.9899841171485759 0.9907188445521639 0.9914535719557519 0.9921882993593398 0.9929230267629278 0.9936577541665157 0.9943924815701036 0.9951272089736916 0.9958619363772796 0.9965966637808675
0.9966552178431367 0.9962945639956533 0.9959339101481698 0.9955732563006863 0.9952126024532029 0.9948519486057193 0.9944912947582358 0.9941306409107524 0.9937699870632684 0.9934093332157848 0.9930486793683013 0.9926880255208179 0.9923273716733344 0.9919667178258509 0.9916060639783675 0.991245410130884 0.9908847562834004 0.990524102435917 0.9901634485884335 0.98980279474095 0.9894421408934666 0.9890814870459824 0.988720833198499 0.9883601793510155 0.987999525503532 0.9876388716560486 0.9872782178085651 0.9869175639610815 0.9870614319651029 0.9877446452336329 0.9884278585021631 0.9891110717706932 0.9897942850392233 0.9904774983077534 0.9911607115762847 0.9918439248448149 0.9925271381133449 0.9932103513818751 0.9938935646504052 0.9945767779189353 0.9952599911874654 0.9959432044559955 0.9966264177245256 0.9973096309930558
0.9981734364360729 0.9978125048827299 0.9974515733293868 0.9970906417760438 0.9967297102227007 0.9963687786693577 0.9960078471160146 0.9956469155626716 0.9952859840093279 0.9949250524559848 0.9945641209026418 0.9942031893492987 0.9938422577959557 0.9934813262426127 0.9931203946892696 0.9927594631359266 0.9923985315825835 0.9920376000292405 0.9916766684758974 0.9913157369225544 0.9909548053692113 0.9905938738158677 0.9902329422625247 0.9898720107091816 0.9895110791558386 0.9891501476024955 0.9887892160491525 0.9884282844958094 0.9885471112031586 0.9891788103366309 0.9898105094701032 0.9904422086035755 0.9910739077370477 0.99170560687052 0.9923373060039934 0.9929690051374657 0.9936007042709379 0.9942324034044102 0.9948641025378826 0.9954958016713549 0.9961275008048271 0.9967591999382994 0.9973908990717717 0.998022598205244
0.9996916550290089 0.9993304457698063 0.9989692365106038 0.9986080272514011 0.9982468179921985 0.9978856087329959 0.9975243994737933 0.9971631902145907 0.9968019809553874 0.9964407716961848 0.9960795624369823 0.9957183531777796 0.995357143918577 0.9949959346593744 0.9946347254001718 0.9942735161409691 0.9939123068817666 0.993551097622564 0.9931898883633613 0.9928286791041587 0.9924674698449562 0.9921062605857529 0.9917450513265503 0.9913838420673476 0.9910226328081451 0.9906614235489425 0.9903002142897398 0.9899390050305372 0.9900327904412143 0.9906129754396288 0.9911931604380433 0.9917733454364577 0.9923535304348722 0.9929337154332867 0.9935139004317021 0.9940940854301166 0.994674270428531 0.9952544554269455 0.99583464042536 0.9964148254237744 0.9969950104221889 0.9975751954206032 0.9981553804190177 0.9987355654174322
1.0012098736219452 1.000848386656883 1.0004868996918208 1.0001254127267587 0.9997639257616965 0.9994024387966343 0.9990409518315722 0.9986794648665099 0.9983179779014472 0.9979564909363849 0.9975950039713227 0.9972335170062606 0.9968720300411984 0.9965105430761362 0.9961490561110741 0.9957875691460119 0.9954260821809496 0.9950645952158875 0.9947031082508253 0.9943416212857631 0.993980134320701 0.9936186473556382 0.993257160390576 0.9928956734255138 0.9925341864604517 0.9921726994953894 0.9918112125303272 0.9914497255652651 0.99151846967927 0.9920471405426267 0.9925758114059834 0.99310448226934 0.9936331531326966 0.9941618239960532 0.9946904948594107 0.9952191657227674 0.995747836586124 0.9962765074494806 0.9968051783128373 0.9973338491761939 0.9978625200395506 0.9983911909029072 0.9989198617662638 0.9994485326296204
1.0027280922148814 1.0023663275439596 1.0020045628730379 1.001642798202116 1.0012810335311944 1.0009192688602726 1.0005575041893509 1.000195739518429 0.9998339748475067 0.9994722101765849 0.9991104455056632 0.9987486808347414 0.9983869161638197 0.998025151492898 0.9976633868219763 0.9973016221510546 0.9969398574801328 0.9965780928092111 0.9962163281382893 0.9958545634673676 0.9954927987964458 0.9951310341255235 0.9947692694546018 0.99440750478368 0.9940457401127583 0.9936839754418365 0.9933222107709148 0.992960446099993 0.9930041489173259 0.9934813056456248 0.9939584623739235 0.9944356191022223 0.9949127758305211 0.9953899325588199 0.9958670892871195 0.9963442460154183 0.9968214027437171 0.997298559472016 0.9977757162003147 0.9982528729286135 0.9987300296569123 0.9992071863852111 0.9996843431135098 1.0001614998418087
1.0042463108078186 1.0038842684310374 1.003522226054256 1.0031601836774746 1.0027981413006934 1.002436098923912 1.0020740565471309 1.0017120141703495 1.0013499717935674 1.0009879294167863 1.0006258870400049 1.0002638446632237 0.9999018022864423 0.999539759909661 0.9991777175328797 0.9988156751560984 0.9984536327793171 0.9980915904025358 0.9977295480257544 0.9973675056489731 0.9970054632721919 0.9966434208954099 0.9962813785186286 0.9959193361418472 0.995557293765066 0.9951952513882847 0.9948332090115034 0.994471166634722 0.9944898281553829 0.9949154707486239 0.9953411133418647 0.9957667559351057 0.9961923985283465 0.9966180411215875 0.9970436837148291 0.9974693263080701 0.9978949689013109 0.9983206114945519 0.9987462540877928 0.9991718966810337 0.9995975392742746 1.0000231818675156 1.0004488244607566 1.0008744670539973
1.005764529400755 1.005402209318114 1.005039889235473 1.0046775691528322 1.0043152490701914 1.0039529289875506 1.0035906089049096 1.0032282888222688 1.0028659687396273 1.0025036486569865 1.0021413285743455 1.0017790084917046 1.0014166884090638 1.0010543683264228 1.000692048243782 1.0003297281611412 0.9999674080785003 0.9996050879958593 0.9992427679132185 0.9988804478305776 0.9985181277479368 0.9981558076652952 0.9977934875826544 0.9974311675000135 0.9970688474173727 0.9967065273347318 0.9963442072520908 0.99598188716945 0.9959755073934388 0.9963496358516218 0.9967237643098049 0.997097892767988 0.9974720212261711 0.9978461496843541 0.9982202781425379 0.998594406600721 0.998968535058904 0.9993426635170871 0.9997167919752702 1.0000909204334534 1.0004650488916365 1.0008391773498195 1.0012133058080026 1.0015874342661857
1.007282747993691 1.0069201502051905 1.00655755241669 1.0061949546281896 1.0058323568396892 1.0054697590511887 1.0051071612626883 1.0047445634741878 1.0043819656856867 1.0040193678971863 1.003656770108686 1.0032941723201856 1.0029315745316851 1.0025689767431847 1.0022063789546842 1.0018437811661838 1.0014811833776833 1.0011185855891829 1.0007559878006824 1.000393390012182 1.0000307922236815 0.9996681944351805 0.9993055966466801 0.9989429988581796 0.9985804010696792 0.9982178032811787 0.9978552054926783 0.9974926077041778 0.9974611866314945 0.9977838009546197 0.998106415277745 0.9984290296008702 0.9987516439239955 0.9990742582471208 0.9993968725702466 0.9997194868933719 1.000042101216497 1.0003647155396223 1.0006873298627477 1.0010099441858729 1.001332558508998 1.0016551728321232 1.0019777871552487 1.0023004014783738
1.008800966586627 1.008438091092267 1.008075215597907 1.007712340103547 1.007349464609187 1.006986589114827 1.006623713620467 1.006260838126107 1.0058979626317464 1.0055350871373863 1.0051722116430264 1.0048093361486663 1.0044464606543064 1.0040835851599463 1.0037207096655862 1.0033578341712264 1.0029949586768663 1.0026320831825064 1.0022692076881463 1.0019063321937862 1.0015434566994263 1.0011805812050656 1.0008177057107057 1.0004548302163456 1.0000919547219858 0.9997290792276257 0.9993662037332657 0.9990033282389057 0.9989468658695503 0.9992179660576177 0.9994890662456851 0.9997601664337525 1.0000312666218198 1.0003023668098874 1.0005734669979554 1.0008445671860227 1.0011156673740902 1.0013867675621575 1.001657867750225 1.0019289679382923 1.0022000681263599 1.0024711683144272 1.0027422685024947 1.003013368690562
1.0103191851795632 1.0099560319793437 1.0095928787791242 1.0092297255789044 1.008866572378685 1.0085034191784654 1.008140265978246 1.0077771127780262 1.007413959577806 1.0070508063775865 1.006687653177367 1.0063244999771475 1.0059613467769277 1.0055981935767082 1.0052350403764887 1.004871887176269 1.0045087339760495 1.00414558077583 1.0037824275756104 1.0034192743753907 1.0030561211751712 1.002692967974951 1.0023298147747315 1.001966661574512 1.0016035083742922 1.0012403551740727 1.0008772019738532 1.0005140487736337 1.0004325451076062 1.0006521311606158 1.0008717172136252 1.0010913032666349 1.0013108893196445 1.0015304753726542 1.001750061425664 1.0019696474786737 1.002189233531683 1.0024088195846927 1.0026284056377024 1.002847991690712 1.0030675777437215 1.003287163796731 1.0035067498497408 1.0037263359027504
1.0118374037724993 1.0114739728664202 1.011110541960341 1.0107471110542618 1.0103836801481827 1.0100202492421035 1.0096568183360246 1.0092933874299455 1.0089299565238656 1.0085665256177865 1.0082030947117073 1.0078396638056282 1.007476232899549 1.0071128019934699 1.0067493710873907 1.0063859401813116 1.0060225092752326 1.0056590783691535 1.0052956474630743 1.0049322165569952 1.004568785650916 1.0042053547448362 1.003841923838757 1.0034784929326779 1.0031150620265987 1.0027516311205198 1.0023882002144406 1.0020247693083615 1.001918224345662 1.0020862962636137 1.0022543681815654 1.0024224400995172 1.002590512017469 1.0027585839354207 1.0029266558533727 1.0030947277713245 1.0032627996892762 1.003430871607228 1.0035989435251798 1.0037670154431315 1.0039350873610833 1.004103159279035 1.0042712311969868 1.0044393031149386
1.0133556223654367 1.012991913753498 1.0126282051415594 1.0122644965296206 1.0119007879176818 1.0115370793057432 1.0111733706938044 1.0108096620818658 1.0104459534699264 1.0100822448579878 1.009718536246049 1.0093548276341104 1.0089911190221716 1.008627410410233 1.0082637017982943 1.0078999931863555 1.007536284574417 1.0071725759624781 1.0068088673505395 1.0064451587386007 1.0060814501266622 1.0057177415147227 1.0053540329027841 1.0049903242908453 1.0046266156789068 1.004262907066968 1.0038991984550292 1.0035354898430906 1.003403903583719 1.0035204613666129 1.0036370191495068 1.0037535769324006 1.0038701347152945 1.0039866924981884 1.0041032502810823 1.0042198080639761 1.00433636584687 1.004452923629764 1.0045694814126578 1.0046860391955517 1.0048025969784455 1.0049191547613394 1.0050357125442333 1.0051522703271272
1.0148738409583729 1.0145098546405746 1.0141458683227764 1.0137818820049782 1.0134178956871798 1.0130539093693816 1.0126899230515833 1.0123259367337851 1.0119619504159862 1.0115979640981878 1.0112339777803896 1.0108699914625914 1.0105060051447932 1.0101420188269947 1.0097780325091965 1.0094140461913983 1.0090500598736 1.0086860735558016 1.0083220872380034 1.0079581009202052 1.007594114602407 1.0072301282846081 1.0068661419668097 1.0065021556490115 1.0061381693312133 1.005774183013415 1.0054101966956166 1.0050462103778184 1.0048895828217748 1.0049546264696108 1.0050196701174468 1.0050847137652827 1.005149757413119 1.005214801060955 1.0052798447087912 1.0053448883566272 1.0054099320044632 1.0054749756522992 1.0055400193001351 1.0056050629479714 1.0056701065958074 1.0057351502436433 1.0058001938914793 1.0058652375393156
1.016392059551309 1.016027795527651 1.0156635315039932 1.0152992674803354 1.0149350034566778 1.01457073943302 1.014206475409362 1.0138422113857042 1.0134779473620457 1.0131136833383878 1.01274941931473 1.012385155291072 1.0120208912674145 1.0116566272437566 1.0112923632200987 1.0109280991964409 1.010563835172783 1.0101995711491252 1.0098353071254673 1.0094710431018095 1.0091067790781516 1.0087425150544933 1.0083782510308354 1.0080139870071776 1.0076497229835197 1.0072854589598619 1.006921194936204 1.0065569309125462 1.0063752620598305 1.0063887915726086 1.0064023210853867 1.006415850598165 1.0064293801109432 1.0064429096237215 1.0064564391364998 1.006469968649278 1.0064834981620563 1.0064970276748344 1.0065105571876125 1.0065240867003908 1.006537616213169 1.0065511457259473 1.0065646752387254 1.0065782047515037
1.017910278144245 1.0175457364147276 1.0171811946852103 1.0168166529556928 1.0164521112261755 1.016087569496658 1.0157230277671407 1.0153584860376232 1.0149939443081053 1.0146294025785878 1.0142648608490705 1.013900319119553 1.0135357773900358 1.0131712356605183 1.0128066939310008 1.0124421522014835 1.012077610471966 1.0117130687424487 1.0113485270129312 1.010983985283414 1.0106194435538964 1.0102549018243785 1.009890360094861 1.0095258183653437 1.0091612766358262 1.008796734906309 1.0084321931767914 1.0080676514472742 1.007860941297886 1.0078229566756065 1.007784972053327 1.0077469874310474 1.0077090028087676 1.007671018186488 1.0076330335642085 1.0075950489419288 1.0075570643196492 1.0075190796973696 1.0074810950750899 1.0074431104528103 1.0074051258305308 1.0073671412082512 1.0073291565859714 1.007291171963692
1.0194284967371814 1.0190636773018042 1.0186988578664273 1.0183340384310504 1.0179692189956735 1.0176043995602964 1.0172395801249194 1.0168747606895425 1.016509941254165 1.016145121818788 1.0157803023834109 1.015415482948034 1.015050663512657 1.0146858440772801 1.0143210246419032 1.013956205206526 1.0135913857711492 1.0132265663357722 1.0128617469003953 1.0124969274650182 1.0121321080296413 1.0117672885942637 1.0114024691588868 1.0110376497235098 1.0106728302881327 1.0103080108527558 1.0099431914173789 1.009578371982002 1.0093466205359418 1.0092571217786044 1.009167623021267 1.0090781242639295 1.008988625506592 1.0088991267492546 1.0088096279919172 1.0087201292345798 1.0086306304772423 1.008541131719905 1.0084516329625672 1.0083621342052298 1.0082726354478924 1.008183136690555 1.0080936379332175 1.00800413917588
1.0209467153301173 1.020581618188881 1.0202165210476444 1.0198514239064078 1.0194863267651713 1.0191212296239347 1.0187561324826981 1.0183910353414616 1.0180259382002246 1.017660841058988 1.0172957439177515 1.016930646776515 1.0165655496352783 1.016200452494042 1.0158353553528054 1.0154702582115689 1.0151051610703323 1.0147400639290958 1.0143749667878592 1.0140098696466229 1.0136447725053863 1.013279675364149 1.0129145782229125 1.012549481081676 1.0121843839404394 1.011819286799203 1.0114541896579665 1.01108909251673 1.0108322997739978 1.0106912868816027 1.0105502739892074 1.010409261096812 1.0102682482044167 1.0101272353120214 1.0099862224196259 1.0098452095272308 1.0097041966348355 1.0095631837424401 1.0094221708500448 1.0092811579576495 1.0091401450652544 1.008999132172859 1.0088581192804638 1.0087171063880684
1.0224649339230534 1.0220995590759574 1.0217341842288612 1.0213688093817652 1.021003434534669 1.020638059687573 1.0202726848404768 1.0199073099933809 1.019541935146284 1.019176560299188 1.0188111854520918 1.0184458106049958 1.0180804357578996 1.0177150609108037 1.0173496860637075 1.0169843112166115 1.0166189363695153 1.0162535615224193 1.015888186675323 1.0155228118282271 1.015157436981131 1.0147920621340343 1.0144266872869383 1.014061312439842 1.0136959375927461 1.01333056274565 1.012965187898554 1.0125998130514577 1.0123179790120536 1.0121254519846006 1.0119329249571474 1.0117403979296944 1.0115478709022412 1.011355343874788 1.0111628168473346 1.0109702898198816 1.0107777627924284 1.0105852357649754 1.0103927087375222 1.0102001817100692 1.010007654682616 1.0098151276551628 1.0096226006277098 1.0094300736002566
1.023983152515991 1.0236174999630354 1.0232518474100796 1.022886194857124 1.0225205423041683 1.0221548897512127 1.021789237198257 1.0214235846453015 1.0210579320923452 1.0206922795393893 1.0203266269864337 1.019960974433478 1.0195953218805225 1.0192296693275669 1.0188640167746112 1.0184983642216554 1.0181327116686998 1.0177670591157442 1.0174014065627885 1.017035754009833 1.016670101456877 1.0163044489039208 1.0159387963509652 1.0155731437980096 1.015207491245054 1.0148418386920983 1.0144761861391427 1.0141105335861869 1.0138036582501107 1.0135596170875998 1.0133155759250887 1.0130715347625776 1.0128274936000667 1.0125834524375557 1.0123394112750443 1.0120953701125333 1.0118513289500224 1.0116072877875113 1.0113632466250004 1.0111192054624893 1.0108751642999785 1.0106311231374674 1.0103870819749563 1.0101430408124454
