Figures/CREST_Example_wjb_NSE/PETs/wjb.pet.20100407.asc
ncols            288
nrows            254
xllcorner        113.274861
yllcorner        31.4918055
cellsize         0.008333333333
NODATA_value     -9999
[rows 140 to 159 of 254, columns 132 to 175 of 288]
2.0025863567026376 2.0040257633010268 2.005465169899416 2.006904576497805 2.008343983096194 2.0097833896945834 2.0112227962929725 2.0126622028913617 2.014101609489751 2.01554101608814 2.016980422686529 2.0184198292849205 2.0198592358833096 2.0212986424816988 2.022738049080088 2.024177455678477 2.025616862276866 2.0270562688752554 2.028495675473644 2.029935082072033 2.0313744886704224 2.0328138952688115 2.0342533018672007 2.03569270846559 2.0371321150639816 2.0385715216623703 2.0400109282607595 2.0414503348591486 2.0428897414575378 2.044329148055927 2.045670729881824 2.046907734812987 2.0481447397441497 2.0493817446753124 2.0506187496064756 2.0518557545376384 2.053092759468801 2.054329764399966 2.0555667693311293 2.056803774262292 2.0580407791934547 2.059277784124618 2.0605147890557807 2.0617517939869434
1.995867215104155 1.9973556138549344 1.998844012605714 2.0003324113564935 2.001820810107273 2.003309208858053 2.004797607608832 2.0062860063596117 2.0077744051103914 2.009262803861171 2.0107512026119507 2.0122396013627326 2.0137280001135123 2.015216398864292 2.016704797615071 2.018193196365851 2.0196815951166305 2.02116999386741 2.0226583926181894 2.024146791368969 2.0256351901197487 2.0271235888705283 2.0286119876213076 2.0301003863720872 2.0315887851228696 2.0330771838736488 2.0345655826244284 2.036053981375208 2.0375423801259878 2.039030778876767 2.040411295227212 2.0416764828512415 2.0429416704752708 2.0442068580993 2.0454720457233293 2.046737233347358 2.0480024209713874 2.049267608595419 2.050532796219448 2.0517979838434774 2.0530631714675063 2.0543283590915355 2.055593546715565 2.056858734339594
1.9891480735056724 1.9906854644088423 1.9922228553120123 1.9937602462151822 1.9952976371183524 1.9968350280215224 1.9983724189246923 1.9999098098278623 2.0014472007310324 2.002984591634202 2.0045219825373723 2.0060593734405447 2.007596764343715 2.009134155246885 2.010671546150055 2.012208937053225 2.0137463279563947 2.015283718859565 2.0168211097627347 2.018358500665905 2.019895891569075 2.0214332824722447 2.022970673375415 2.0245080642785847 2.0260454551817575 2.0275828460849272 2.0291202369880974 2.0306576278912676 2.0321950187944373 2.0337324096976075 2.0351518605726007 2.036445230889496 2.037738601206392 2.039031971523287 2.0403253418401825 2.0416187121570784 2.0429120824739737 2.0442054527908713 2.045498823107767 2.0467921934246625 2.048085563741558 2.0493789340584536 2.050672304375349 2.0519656746922443
1.9824289319071895 1.98401531496275 1.9856016980183104 1.987188081073871 1.9887744641294314 1.9903608471849918 1.9919472302405523 1.9935336132961128 1.9951199963516733 1.9967063794072335 1.998292762462794 1.999879145518357 2.0014655285739176 2.0030519116294783 2.0046382946850385 2.006224677740599 2.0078110607961595 2.0093974438517197 2.0109838269072804 2.0125702099628406 2.0141565930184013 2.0157429760739616 2.0173293591295223 2.0189157421850825 2.020502125240646 2.022088508296206 2.023674891351767 2.025261274407327 2.0268476574628878 2.028434040518448 2.029892425917989 2.031213978927751 2.032535531937513 2.033857084947275 2.0351786379570367 2.036500190966798 2.03782174397656 2.039143296986324 2.040464849996086 2.041786403005848 2.04310795601561 2.0444295090253712 2.045751062035133 2.047072615044895
1.975709790308701 1.977345165516652 1.978980540724603 1.980615915932554 1.982251291140505 1.9838866663484558 1.9855220415564068 1.9871574167643578 1.9887927919723087 1.9904281671802595 1.9920635423882105 1.9936989175961641 1.9953342928041151 1.996969668012066 1.998605043220017 2.000240418427968 2.001875793635919 2.0035111688438696 2.005146544051821 2.0067819192597716 2.0084172944677228 2.0100526696756735 2.0116880448836243 2.0133234200915755 2.014958795299529 2.01659417050748 2.018229545715431 2.019864920923382 2.021500296131333 2.0231356713392836 2.024632991263373 2.025982726966001 2.0273324626686295 2.0286821983712575 2.030031934073886 2.031381669776514 2.032731405479142 2.0340811411817725 2.0354308768844005 2.0367806125870285 2.038130348289657 2.039480083992285 2.0408298196949133 2.0421795553975413
1.9689906487102187 1.97067501607056 1.9723593834309012 1.9740437507912427 1.975728118151584 1.9774124855119255 1.9790968528722668 1.980781220232608 1.9824655875929496 1.9841499549532908 1.9858343223136323 1.9875186896739765 1.9892030570343178 1.9908874243946593 1.9925717917550005 1.994256159115342 1.9959405264756833 1.9976248938360246 1.999309261196366 2.0009936285567074 2.0026779959170486 2.0043623632773904 2.0060467306377316 2.007731097998073 2.0094154653584173 2.0110998327187586 2.0127842000791 2.014468567439441 2.0161529347997824 2.017837302160124 2.0193735566087616 2.020751475004256 2.02212939339975 2.0235073117952447 2.024885230190739 2.0262631485862337 2.027641066981728 2.029018985377225 2.0303969037727194 2.031774822168214 2.0331527405637084 2.034530658959203 2.0359085773546974 2.0372864957501915
1.962271507111736 1.9640048666244678 1.9657382261371996 1.9674715856499314 1.9692049451626632 1.970938304675395 1.9726716641881268 1.9744050237008586 1.9761383832135904 1.9778717427263222 1.979605102239054 1.9813384617517888 1.9830718212645206 1.9848051807772524 1.9865385402899842 1.988271899802716 1.9900052593154478 1.9917386188281796 1.9934719783409114 1.9952053378536432 1.996938697366375 1.9986720568791068 2.0004054163918386 2.0021387759045703 2.0038721354173052 2.005605494930037 2.007338854442769 2.0090722139555006 2.0108055734682324 2.012538932980964 2.0141141219541496 2.0155202230425107 2.0169263241308713 2.018332425219232 2.019738526307593 2.0211446273959535 2.0225507284843145 2.0239568295726773 2.0253629306610383 2.026769031749399 2.0281751328377595 2.0295812339261206 2.030987335014481 2.0323934361028417
1.9555523655132532 1.9573347171783755 1.9591170688434976 1.9608994205086199 1.9626817721737422 1.9644641238388645 1.9662464755039866 1.9680288271691089 1.9698111788342312 1.9715935304993535 1.9733758821644756 1.975158233829601 1.976940585494723 1.9787229371598454 1.9805052888249677 1.98228764049009 1.984069992155212 1.9858523438203344 1.9876346954854567 1.989417047150579 1.991199398815701 1.9929817504808234 1.9947641021459457 1.9965464538110678 1.9983288054761932 2.0001111571413155 2.001893508806438 2.00367586047156 2.005458212136682 2.0072405638018043 2.008854687299538 2.010288971080765 2.0117232548619923 2.0131575386432194 2.0145918224244466 2.0160261062056732 2.0174603899869004 2.01889467376813 2.0203289575493573 2.021763241330584 2.023197525111811 2.024631808893038 2.0260660926742653 2.0275003764554924
1.9486000137348944 1.9504192834635499 1.9522385531922055 1.954057822920861 1.9558770926495166 1.957696362378172 1.9595156321068274 1.961334901835483 1.9631541715641385 1.9649734412927942 1.9667927110214496 1.9686119807501083 1.9704312504787638 1.9722505202074194 1.9740697899360748 1.9758890596647305 1.977708329393386 1.9795275991220413 1.981346868850697 1.9831661385793524 1.984985408308008 1.9868046780366635 1.9886239477653191 1.9904432174939746 1.9922624872226333 1.9940817569512888 1.9959010266799444 1.9977202964085998 1.9995395661372555 2.001358835865911 2.0029994874226893 2.0044491921131256 2.005898896803562 2.007348601493998 2.0087983061844343 2.0102480108748706 2.011697715565307 2.013147420255746 2.014597124946182 2.0160468296366183 2.0174965343270546 2.018946239017491 2.020395943707927 2.0218456483983633
1.941398374975343 1.9432416563276693 1.945084937679996 1.9469282190323223 1.9487715003846489 1.9506147817369754 1.9524580630893018 1.9543013444416284 1.9561446257939548 1.9579879071462813 1.9598311884986077 1.9616744698509374 1.963517751203264 1.9653610325555904 1.967204313907917 1.9690475952602433 1.97089087661257 1.9727341579648963 1.9745774393172228 1.9764207206695494 1.9782640020218758 1.9801072833742024 1.9819505647265288 1.9837938460788553 1.9856371274311848 1.9874804087835114 1.989323690135838 1.9911669714881644 1.993010252840491 1.9948535341928173 1.9965074520790955 1.9979589361364885 1.9994104201938816 2.0008619042512743 2.0023133883086675 2.00376487236606 2.0052163564234533 2.0066678404808487 2.008119324538242 2.0095708085956345 2.0110222926530277 2.0124737767104204 2.0139252607678135 2.0153767448252067
1.9341967362157855 1.936064029191783 1.9379313221677803 1.9397986151437778 1.9416659081197754 1.9435332010957729 1.9454004940717702 1.9472677870477677 1.9491350800237652 1.9510023729997625 1.95286966597576 1.9547369589517607 1.9566042519277582 1.9584715449037557 1.960338837879753 1.9622061308557506 1.964073423831748 1.9659407168077454 1.967808009783743 1.9696753027597405 1.971542595735738 1.9734098887117353 1.9752771816877328 1.9771444746637303 1.979011767639731 1.9808790606157283 1.9827463535917258 1.9846136465677233 1.9864809395437208 1.9883482325197182 1.9900154167354964 1.991468680159846 1.9929219435841956 1.9943752070085454 1.995828470432895 1.9972817338572446 1.9987349972815942 2.0001882607059462 2.001641524130296 2.003094787554646 2.0045480509789955 2.006001314403345 2.0074545778276947 2.0089078412520442
1.9269950974562342 1.9288864020559027 1.9307777066555711 1.9326690112552394 1.9345603158549078 1.9364516204545763 1.9383429250542448 1.940234229653913 1.9421255342535815 1.94401683885325 1.9459081434529184 1.94779944805259 1.9496907526522584 1.951582057251927 1.9534733618515951 1.9553646664512636 1.957255971050932 1.9591472756506005 1.961038580250269 1.9629298848499372 1.9648211894496057 1.9667124940492742 1.9686037986489426 1.9704951032486109 1.9723864078482827 1.974277712447951 1.9761690170476194 1.9780603216472878 1.9799516262469563 1.9818429308466248 1.9835233813919027 1.9849784241832091 1.9864334669745154 1.9878885097658217 1.9893435525571281 1.9907985953484344 1.9922536381397407 1.9937086809310496 1.9951637237223558 1.996618766513662 1.9980738093049686 1.9995288520962748 2.000983894887581 2.0024389376788876
1.9197934586966827 1.9217087749200221 1.9236240911433615 1.925539407366701 1.9274547235900403 1.9293700398133795 1.931285356036719 1.9332006722600583 1.9351159884833977 1.9370313047067371 1.9389466209300765 1.940861937153419 1.9427772533767584 1.9446925696000978 1.9466078858234372 1.9485232020467766 1.950438518270116 1.9523538344934555 1.9542691507167946 1.956184466940134 1.9580997831634734 1.9600150993868128 1.9619304156101522 1.9638457318334916 1.9657610480568342 1.9676763642801736 1.969591680503513 1.9715069967268524 1.9734223129501918 1.9753376291735312 1.977031346048309 1.978488168206572 1.9799449903648352 1.981401812523098 1.982858634681361 1.9843154568396242 1.985772278997887 1.9872291011561527 1.9886859233144156 1.9901427454726788 1.9915995676309417 1.9930563897892046 1.9945132119474678 1.9959700341057307
1.9125918199371315 1.9145311477841418 1.9164704756311521 1.9184098034781625 1.9203491313251728 1.9222884591721832 1.9242277870191935 1.9261671148662038 1.9281064427132142 1.9300457705602245 1.9319850984072349 1.9339244262542483 1.9358637541012587 1.937803081948269 1.9397424097952793 1.9416817376422897 1.9436210654893 1.9455603933363104 1.9474997211833207 1.949439049030331 1.9513783768773414 1.9533177047243517 1.955257032571362 1.9571963604183722 1.9591356882653859 1.9610750161123962 1.9630143439594065 1.964953671806417 1.9668929996534272 1.9688323275004376 1.9705393107047153 1.9719979122299351 1.9734565137551547 1.9749151152803743 1.9763737168055941 1.9778323183308137 1.9792909198560336 1.9807495213812556 1.9822081229064754 1.983666724431695 1.9851253259569146 1.9865839274821344 1.988042529007354 1.9895011305325738
1.90539018117758 1.9073535206482612 1.9093168601189425 1.911280199589624 1.9132435390603053 1.9152068785309866 1.9171702180016679 1.9191335574723491 1.9210968969430304 1.9230602364137117 1.925023575884393 1.9269869153550776 1.9289502548257589 1.9309135942964402 1.9328769337671214 1.9348402732378027 1.936803612708484 1.9387669521791653 1.9407302916498466 1.9426936311205278 1.9446569705912093 1.9466203100618906 1.948583649532572 1.9505469890032532 1.9525103284739378 1.954473667944619 1.9564370074153004 1.9584003468859816 1.960363686356663 1.9623270258273442 1.964047275361122 1.9655076562532983 1.9669680371454747 1.968428418037651 1.9698887989298273 1.9713491798220037 1.97280956071418 1.974269941606359 1.9757303224985354 1.9771907033907117 1.978651084282888 1.9801114651750644 1.9815718460672407 1.9830322269594172
1.8981885424180287 1.9001758935123811 1.9021632446067334 1.9041505957010856 1.9061379467954378 1.90812529788979 1.9101126489841422 1.9121000000784945 1.9140873511728467 1.916074702267199 1.9180620533615513 1.9200494044559069 1.922036755550259 1.9240241066446113 1.9260114577389635 1.9279988088333158 1.9299861599276682 1.9319735110220204 1.9339608621163726 1.9359482132107249 1.937935564305077 1.9399229153994293 1.9419102664937815 1.9438976175881337 1.9458849686824895 1.9478723197768417 1.949859670871194 1.9518470219655462 1.9538343730598984 1.9558217241542506 1.9575552400175282 1.9590174002766614 1.9604795605357943 1.9619417207949275 1.9634038810540604 1.9648660413131935 1.9663282015723265 1.967790361831462 1.9692525220905952 1.9707146823497281 1.9721768426088613 1.9736390028679942 1.9751011631271274 1.9765633233862603
1.8909869036584774 1.8929982663765006 1.8950096290945238 1.897020991812547 1.89903235453057 1.9010437172485934 1.9030550799666166 1.9050664426846398 1.907077805402663 1.909089168120686 1.9111005308387095 1.913111893556736 1.915123256274759 1.9171346189927825 1.9191459817108056 1.9211573444288288 1.923168707146852 1.9251800698648753 1.9271914325828985 1.9292027953009216 1.9312141580189448 1.933225520736968 1.9352368834549913 1.9372482461730145 1.939259608891041 1.9412709716090644 1.9432823343270875 1.9452936970451107 1.9473050597631338 1.949316422481157 1.9510632046739347 1.9525271443000243 1.953991083926114 1.9554550235522037 1.9569189631782935 1.9583829028043833 1.959846842430473 1.9613107820565652 1.962774721682655 1.9642386613087446 1.9657026009348344 1.9671665405609242 1.9686304801870138 1.9700944198131036
1.88378526489892 1.885820639240614 1.8878560135823081 1.8898913879240025 1.8919267622656966 1.8939621366073909 1.895997510949085 1.898032885290779 1.9000682596324734 1.9021036339741675 1.9041390083158616 1.9061743826575592 1.9082097569992535 1.9102451313409476 1.9122805056826417 1.914315880024336 1.9163512543660302 1.9183866287077245 1.9204220030494186 1.9224573773911127 1.924492751732807 1.926528126074501 1.9285635004161952 1.9305988747578895 1.9326342490995871 1.9346696234412812 1.9367049977829756 1.9387403721246697 1.9407757464663637 1.942811120808058 1.9445711693303354 1.9460368883233818 1.947502607316428 1.9489683263094746 1.950434045302521 1.9518997642955673 1.9533654832886138 1.9548312022816627 1.9562969212747092 1.9577626402677557 1.959228359260802 1.9606940782538484 1.962159797246895 1.9636255162399412
1.8765836261393685 1.8786430121047335 1.8807023980700988 1.8827617840354638 1.884821170000829 1.886880555966194 1.8889399419315593 1.8909993278969244 1.8930587138622896 1.8951180998276547 1.89717748579302 1.8992368717583885 1.9012962577237538 1.9033556436891188 1.905415029654484 1.907474415619849 1.9095338015852144 1.9115931875505794 1.9136525735159446 1.9157119594813097 1.917771345446675 1.91983073141204 1.921890117377405 1.9239495033427703 1.9260088893081388 1.928068275273504 1.9301276612388691 1.9321870472042344 1.9342464331695994 1.9363058191349647 1.9380791339867418 1.939546632346745 1.941014130706748 1.9424816290667513 1.9439491274267542 1.9454166257867573 1.9468841241467605 1.948351622506766 1.949819120866769 1.9512866192267722 1.9527541175867753 1.9542216159467782 1.9556891143067814 1.9571566126667845
1.8693819873798172 1.8714653849688532 1.8735487825578894 1.8756321801469256 1.8777155777359615 1.8797989753249977 1.8818823729140337 1.88396577050307 1.8860491680921059 1.888132565681142 1.890215963270178 1.8922993608592178 1.894382758448254 1.89646615603729 1.8985495536263262 1.9006329512153621 1.9027163488043983 1.9047997463934343 1.9068831439824705 1.9089665415715065 1.9110499391605427 1.9131333367495789 1.9152167343386148 1.917300131927651 1.9193835295166906 1.9214669271057268 1.9235503246947627 1.925633722283799 1.927717119872835 1.929800517461871 1.9315870986431483 1.933056376370108 1.934525654097068 1.9359949318240275 1.9374642095509873 1.9389334872779471 1.940402765004907 1.9418720427318692 1.9433413204588288 1.9448105981857886 1.9462798759127484 1.9477491536397082 1.949218431366668 1.9506877090936277
