Figures/CREST_Example_wjb_NSE/PETs/wjb.pet.20100409.asc
ncols            288
nrows            254
xllcorner        113.274861
yllcorner        31.4918055
cellsize         0.008333333333
NODATA_value     -9999
[rows 80 to 99 of 254, columns 88 to 131 of 288]
2.786649899035853 2.7874810117878597 2.7883121245398663 2.7891432372918743 2.789974350043881 2.790805462795888 2.7916365755478947 2.7924676882999013 2.793298801051908 2.7941299138039146 2.7949610265559213 2.7957921393079284 2.796623252059935 2.7974543648119417 2.7976786702755274 2.7972542850271527 2.7968298997787766 2.7964055145304014 2.7959811292820262 2.7955567440336515 2.7951323587852763 2.794707973536901 2.794283588288526 2.793859203040151 2.7934348177917756 2.7930104325434004 2.7925860472950257 2.7921616620466505 2.7917372767982753 2.7913128915498993 2.7908885063015245 2.7904641210531493 2.790039735804774 2.789615350556399 2.789190965308024 2.7887665800596486 2.788342194811274 2.7879178095628987 2.7874934243145235 2.7870690390661483 2.786644653817773 2.786220268569398 2.7857958833210223 2.785371498072647
2.7852093658546524 2.785926863291078 2.7866443607275038 2.787361858163931 2.7880793556003565 2.7887968530367826 2.7895143504732083 2.790231847909634 2.7909493453460597 2.7916668427824853 2.7923843402189115 2.793101837655337 2.793819335091763 2.7945368325281885 2.794747404120928 2.794416060524566 2.7940847169282033 2.793753373331841 2.793422029735479 2.793090686139117 2.792759342542755 2.7924279989463927 2.792096655350031 2.791765311753669 2.791433968157307 2.7911026245609447 2.7907712809645826 2.7904399373682205 2.7901085937718584 2.789777250175496 2.7894459065791337 2.7891145629827716 2.7887832193864095 2.7884518757900474 2.7881205321936857 2.7877891885973236 2.7874578450009615 2.7871265014045994 2.7867951578082373 2.786463814211875 2.786132470615513 2.785801127019151 2.7854697834227884 2.7851384398264263
2.7837688326734518 2.7843727147942965 2.784976596915141 2.7855804790359873 2.786184361156832 2.7867882432776767 2.7873921253985214 2.7879960075193666 2.7885998896402113 2.789203771761056 2.7898076538819008 2.7904115360027455 2.7910154181235907 2.7916193002444354 2.7918161379663275 2.791577836021979 2.7913395340776295 2.7911012321332804 2.7908629301889314 2.7906246282445824 2.7903863263002333 2.7901480243558843 2.7899097224115352 2.789671420467186 2.7894331185228376 2.7891948165784886 2.7889565146341395 2.7887182126897905 2.7884799107454414 2.788241608801092 2.788003306856743 2.787765004912394 2.787526702968045 2.7872884010236962 2.787050099079347 2.786811797134998 2.786573495190649 2.7863351932463 2.786096891301951 2.785858589357602 2.785620287413253 2.785381985468904 2.785143683524555 2.784905381580206
2.782328299492251 2.782818566297515 2.783308833102779 2.7837990999080438 2.7842893667133075 2.7847796335185713 2.7852699003238355 2.7857601671290992 2.786250433934363 2.7867407007396268 2.787230967544891 2.7877212343501547 2.7882115011554185 2.7887017679606823 2.788884871811728 2.788739611519392 2.788594351227056 2.78844909093472 2.788303830642384 2.788158570350048 2.7880133100577122 2.7878680497653763 2.7877227894730403 2.7875775291807043 2.7874322688883684 2.7872870085960324 2.7871417483036964 2.786996488011361 2.786851227719025 2.7867059674266885 2.7865607071343526 2.7864154468420166 2.7862701865496806 2.786124926257345 2.785979665965009 2.785834405672673 2.785689145380337 2.785543885088001 2.7853986247956652 2.7852533645033293 2.7851081042109933 2.7849628439186573 2.7848175836263214 2.7846723233339854
2.7808877663110505 2.7812644178007333 2.781641069290416 2.7820177207801 2.7823943722697826 2.782771023759466 2.7831476752491486 2.7835243267388314 2.7839009782285142 2.7842776297181975 2.7846542812078803 2.785030932697563 2.7854075841872463 2.785784235676929 2.7859536056571277 2.7859013870168052 2.785849168376482 2.785796949736159 2.7857447310958365 2.7856925124555136 2.7856402938151907 2.785588075174868 2.785535856534545 2.785483637894222 2.785431419253899 2.7853792006135762 2.7853269819732533 2.7852747633329304 2.7852225446926075 2.7851703260522847 2.7851181074119618 2.785065888771639 2.7850136701313164 2.7849614514909935 2.7849092328506706 2.7848570142103477 2.784804795570025 2.784752576929702 2.784700358289379 2.784648139649056 2.784595921008733 2.7845437023684103 2.7844914837280874 2.7844392650877645
2.7794472331298485 2.7797102693039504 2.779973305478052 2.7802363416521545 2.7804993778262563 2.780762414000358 2.7810254501744605 2.7812884863485623 2.781551522522664 2.781814558696766 2.782077594870868 2.7823406310449696 2.7826036672190715 2.7828667033931733 2.7830223395025255 2.7830631625142157 2.7831039855259063 2.7831448085375965 2.7831856315492867 2.783226454560977 2.7832672775726675 2.7833081005843576 2.783348923596048 2.783389746607738 2.7834305696194286 2.7834713926311188 2.783512215642809 2.783553038654499 2.7835938616661897 2.78363468467788 2.78367550768957 2.7837163307012602 2.783757153712951 2.783797976724641 2.783838799736331 2.7838796227480214 2.783920445759712 2.783961268771402 2.7840020917830923 2.7840429147947825 2.784083737806473 2.7841245608181633 2.7841653838298535 2.784206206841544
2.778006699948648 2.778156120807169 2.77830554166569 2.778454962524211 2.778604383382732 2.778753804241253 2.778903225099774 2.779052645958295 2.779202066816816 2.7793514876753367 2.7795009085338576 2.779650329392379 2.7797997502508998 2.7799491711094206 2.7800910733479256 2.7802249380116293 2.7803588026753325 2.780492667339036 2.7806265320027395 2.7807603966664427 2.780894261330146 2.781028125993849 2.781161990657553 2.781295855321256 2.7814297199849594 2.7815635846486626 2.781697449312366 2.7818313139760695 2.7819651786397728 2.7820990433034765 2.7822329079671797 2.782366772630883 2.782500637294586 2.7826345019582894 2.782768366621993 2.7829022312856964 2.7830360959493996 2.783169960613103 2.783303825276806 2.7834376899405098 2.783571554604213 2.7837054192679163 2.78383928393162 2.783973148595323
2.7765661667674473 2.776601972310387 2.7766377778533275 2.7766735833962675 2.7767093889392074 2.7767451944821473 2.776781000025087 2.776816805568027 2.7768526111109675 2.7768884166539074 2.7769242221968473 2.7769600277397872 2.776995833282727 2.777031638825667 2.7771598071933257 2.777386713509042 2.7776136198247587 2.777840526140475 2.778067432456192 2.778294338771908 2.7785212450876244 2.7787481514033407 2.778975057719057 2.779201964034774 2.77942887035049 2.7796557766662064 2.7798826829819228 2.780109589297639 2.780336495613356 2.7805634019290726 2.780790308244789 2.781017214560505 2.7812441208762215 2.781471027191938 2.7816979335076546 2.781924839823371 2.7821517461390872 2.7823786524548035 2.78260555877052 2.7828324650862366 2.783059371401953 2.7832862777176692 2.783513184033386 2.7837400903491023
2.77465441208265 2.774675855184201 2.7746972982857523 2.774718741387303 2.7747401844888544 2.7747616275904052 2.7747830706919565 2.7748045137935073 2.7748259568950586 2.7748473999966095 2.7748688430981607 2.7748902861997116 2.7749117293012624 2.7749331724028137 2.775072942847674 2.775339207898055 2.775605472948436 2.775871737998817 2.7761380030491978 2.7764042680995784 2.7766705331499595 2.77693679820034 2.777203063250721 2.777469328301102 2.777735593351483 2.7780018584018635 2.7782681234522446 2.7785343885026252 2.7788006535530063 2.7790669186033874 2.7793331836537685 2.779599448704149 2.77986571375453 2.780131978804911 2.780398243855292 2.7806645089056725 2.7809307739560536 2.7811970390064342 2.781463304056815 2.781729569107196 2.7819958341575766 2.7822620992079576 2.7825283642583387 2.78279462930872
2.7722389513201944 2.7723521270451488 2.772465302770103 2.7725784784950576 2.772691654220012 2.7728048299449664 2.7729180056699207 2.773031181394875 2.7731443571198295 2.773257532844784 2.773370708569738 2.7734838842946923 2.7735970600196467 2.773710235744601 2.7738886907977407 2.7741369309287536 2.7743851710597673 2.77463341119078 2.774881651321793 2.7751298914528064 2.7753781315838193 2.7756263717148326 2.7758746118458455 2.7761228519768584 2.7763710921078717 2.7766193322388846 2.776867572369898 2.7771158125009108 2.7773640526319237 2.7776122927629374 2.7778605328939503 2.778108773024963 2.7783570131559765 2.7786052532869894 2.7788534934180027 2.7791017335490156 2.7793499736800285 2.7795982138110418 2.7798464539420547 2.780094694073068 2.780342934204081 2.7805911743350937 2.7808394144661075 2.7810876545971204
2.7698234905577386 2.770028398906096 2.7702333072544536 2.7704382156028116 2.7706431239511695 2.770848032299527 2.7710529406478845 2.7712578489962425 2.7714627573446 2.7716676656929575 2.771872574041315 2.772077482389673 2.7722823907380305 2.772487299086388 2.7727044387478066 2.772934653959452 2.7731648691710977 2.773395084382743 2.7736252995943884 2.7738555148060335 2.7740857300176787 2.7743159452293242 2.7745461604409694 2.7747763756526145 2.77500659086426 2.775236806075905 2.7754670212875503 2.775697236499196 2.775927451710841 2.7761576669224866 2.7763878821341317 2.7766180973457772 2.7768483125574224 2.7770785277690675 2.777308742980713 2.777538958192358 2.7777691734040033 2.777999388615649 2.778229603827294 2.778459819038939 2.7786900342505847 2.77892024946223 2.7791504646738754 2.779380679885521
2.7674080297952823 2.7677046707670434 2.7680013117388045 2.7682979527105656 2.7685945936823266 2.7688912346540877 2.769187875625849 2.7694845165976094 2.7697811575693705 2.7700777985411316 2.7703744395128926 2.7706710804846533 2.7709677214564143 2.7712643624281754 2.771520186697873 2.7717323769901503 2.771944567282428 2.772156757574706 2.7723689478669833 2.7725811381592607 2.7727933284515385 2.773005518743816 2.773217709036093 2.773429899328371 2.7736420896206484 2.7738542799129258 2.774066470205203 2.774278660497481 2.7744908507897583 2.774703041082036 2.7749152313743135 2.7751274216665913 2.7753396119588687 2.775551802251146 2.775763992543424 2.7759761828357012 2.7761883731279786 2.776400563420256 2.776612753712534 2.776824944004811 2.7770371342970885 2.7772493245893664 2.777461514881644 2.7776737051739215
2.7649925690328248 2.765380942627989 2.7657693162231536 2.766157689818318 2.766546063413483 2.766934437008647 2.7673228106038112 2.767711184198976 2.76809955779414 2.7684879313893047 2.768876304984469 2.769264678579633 2.7696530521747977 2.770041425769962 2.770335934647939 2.7705301000208484 2.7707242653937585 2.770918430766668 2.7711125961395777 2.7713067615124873 2.771500926885397 2.7716950922583066 2.7718892576312166 2.7720834230041262 2.772277588377036 2.7724717537499455 2.772665919122855 2.7728600844957647 2.7730542498686748 2.7732484152415844 2.7734425806144944 2.773636745987404 2.7738309113603137 2.7740250767332233 2.774219242106133 2.7744134074790425 2.7746075728519526 2.774801738224862 2.774995903597772 2.7751900689706814 2.775384234343591 2.7755783997165007 2.7757725650894107 2.7759667304623203
2.762577108270369 2.7630572144889363 2.763537320707504 2.7640174269260727 2.76449753314464 2.7649776393632077 2.7654577455817755 2.7659378518003432 2.7664179580189106 2.7668980642374783 2.767378170456046 2.767858276674614 2.768338382893181 2.768818489111749 2.7691516825980047 2.7693278230515466 2.769503963505089 2.7696801039586307 2.7698562444121726 2.7700323848657145 2.7702085253192563 2.7703846657727986 2.7705608062263405 2.7707369466798824 2.770913087133424 2.771089227586966 2.771265368040508 2.77144150849405 2.7716176489475917 2.771793789401134 2.771969929854676 2.7721460703082177 2.7723222107617596 2.7724983512153014 2.7726744916688433 2.772850632122385 2.773026772575927 2.7732029130294693 2.773379053483011 2.773555193936553 2.773731334390095 2.7739074748436368 2.774083615297179 2.774259755750721
2.760161647507913 2.760733486349884 2.761305325191855 2.7618771640338267 2.7624490028757975 2.7630208417177684 2.7635926805597393 2.7641645194017106 2.7647363582436815 2.7653081970856523 2.765880035927623 2.766451874769594 2.767023713611565 2.767595552453536 2.767967430548071 2.768125546082245 2.7682836616164197 2.768441777150594 2.768599892684768 2.768758008218942 2.768916123753116 2.7690742392872902 2.7692323548214643 2.7693904703556385 2.7695485858898126 2.7697067014239867 2.769864816958161 2.770022932492335 2.770181048026509 2.7703391635606835 2.7704972790948577 2.7706553946290318 2.770813510163206 2.77097162569738 2.771129741231554 2.771287856765728 2.7714459722999023 2.7716040878340764 2.7717622033682505 2.7719203189024246 2.7720784344365987 2.772236549970773 2.7723946655049474 2.7725527810391215
2.7577461867454574 2.7584097582108313 2.7590733296762058 2.759736901141581 2.760400472606955 2.7610640440723295 2.761727615537704 2.762391187003078 2.7630547584684524 2.7637183299338264 2.764381901399201 2.765045472864575 2.7657090443299492 2.7663726157953237 2.766783178498138 2.766923269112944 2.7670633597277505 2.767203450342557 2.7673435409573632 2.7674836315721696 2.767623722186976 2.7677638128017823 2.7679039034165887 2.768043994031395 2.7681840846462014 2.7683241752610073 2.7684642658758136 2.76860435649062 2.7687444471054263 2.768884537720233 2.7690246283350395 2.769164718949846 2.769304809564652 2.7694449001794585 2.7695849907942645 2.769725081409071 2.769865172023877 2.7700052626386835 2.77014535325349 2.7702854438682962 2.7704255344831026 2.770565625097909 2.7707057157127157 2.7708458063275216
2.755330725983001 2.7560860300717787 2.756841334160556 2.757596638249335 2.7583519423381127 2.75910724642689 2.7598625505156678 2.7606178546044453 2.761373158693223 2.7621284627820004 2.762883766870778 2.7636390709595555 2.764394375048333 2.7651496791371106 2.7655989264482037 2.7657209921436423 2.7658430578390814 2.7659651235345195 2.766087189229958 2.7662092549253967 2.7663313206208353 2.766453386316274 2.7665754520117125 2.766697517707151 2.7668195834025897 2.7669416490980283 2.767063714793467 2.767185780488905 2.7673078461843437 2.7674299118797827 2.7675519775752213 2.76767404327066 2.767796108966098 2.7679181746615367 2.7680402403569753 2.768162306052414 2.7682843717478525 2.768406437443291 2.7685285031387297 2.7686505688341683 2.768772634529607 2.7688947002250455 2.769016765920484 2.7691388316159227
2.7529152652205457 2.7537623019327264 2.7546093386449075 2.7554563753570895 2.7563034120692707 2.7571504487814513 2.757997485493632 2.758844522205813 2.759691558917994 2.760538595630175 2.7613856323423556 2.7622326690545362 2.7630797057667174 2.763926742478898 2.7644146743982705 2.7645187151743413 2.764622755950412 2.764726796726483 2.764830837502554 2.7649348782786243 2.765038919054695 2.765142959830766 2.765247000606837 2.765351041382907 2.765455082158978 2.765559122935049 2.7656631637111198 2.7657672044871906 2.765871245263261 2.7659752860393323 2.7660793268154027 2.7661833675914735 2.7662874083675444 2.7663914491436152 2.766495489919686 2.7665995306957565 2.7667035714718273 2.766807612247898 2.766911653023969 2.76701569380004 2.7671197345761103 2.767223775352181 2.767327816128252 2.767431856904323
2.7504998044580877 2.751438573793672 2.752377343129256 2.7533161124648418 2.754254881800426 2.7551936511360102 2.7561324204715945 2.7570711898071787 2.758009959142763 2.758948728478347 2.7598874978139314 2.7608262671495156 2.7617650364851 2.762703805820684 2.763230422348336 2.7633164382050386 2.7634024540617417 2.7634884699184448 2.763574485775148 2.763660501631851 2.7637465174885536 2.7638325333452567 2.76391854920196 2.7640045650586624 2.7640905809153655 2.7641765967720686 2.7642626126287717 2.7643486284854744 2.7644346443421774 2.7645206601988805 2.7646066760555836 2.7646926919122867 2.7647787077689894 2.7648647236256925 2.7649507394823956 2.765036755339098 2.7651227711958013 2.7652087870525044 2.7652948029092075 2.76538081876591 2.7654668346226132 2.7655528504793163 2.7656388663360194 2.7657248821927225
2.748084343695632 2.7491148456546193 2.7501453476136066 2.751175849572596 2.7522063515315836 2.7532368534905713 2.7542673554495587 2.755297857408546 2.756328359367534 2.757358861326521 2.7583893632855085 2.7594198652444963 2.7604503672034837 2.7614808691624715 2.762046170298402 2.762114161235737 2.7621821521730725 2.7622501431104074 2.7623181340477427 2.762386124985078 2.762454115922413 2.7625221068597483 2.7625900977970836 2.7626580887344185 2.762726079671754 2.762794070609089 2.762862061546424 2.7629300524837594 2.762998043421095 2.76306603435843 2.763134025295765 2.7632020162331004 2.7632700071704357 2.7633379981077706 2.763405989045106 2.763473979982441 2.763541970919776 2.7636099618571115 2.7636779527944464 2.7637459437317817 2.763813934669117 2.763881925606452 2.7639499165437873 2.7640179074811226
