Figures/CREST_Example_wjb_NSE/PETs/wjb.pet.20100330.asc
ncols            288
nrows            254
xllcorner        113.274861
yllcorner        31.4918055
cellsize         0.008333333333
NODATA_value     -9999
[rows 120 to 139 of 254, columns 0 to 43 of 288]
-9999.0 -9999.0 -9999.0 -9999.0 -9999.0 -9999.0 -9999.0 -9999.0 -9999.0 -9999.0 -9999.0 -9999.0 -9999.0 1.283512118807637 1.2872020551380017 1.2908919914683663 1.294581927798731 1.2982718641290956 -9999.0 -9999.0 -9999.0 -9999.0 -9999.0 -9999.0 -9999.0 -9999.0 -9999.0 -9999.0 -9999.0 1.3425511000934773 1.346241036423842 1.3499309727542066 1.3536209090845712 1.3573108454149359 1.3610007817453005 1.364690718075665 1.3683806544060297 1.3720705907363944 1.375760527066759 1.3794504633971298 1.3831403997274945 1.386830336057859 1.384855269766375 1.3768241876378704
-9999.0 -9999.0 -9999.0 -9999.0 -9999.0 -9999.0 -9999.0 -9999.0 -9999.0 -9999.0 -9999.0 -9999.0 1.278343698300027 1.281737954778365 1.285132211256697 1.288526467735029 1.2919207242133612 1.2953149806916933 1.2987092371700253 -9999.0 -9999.0 -9999.0 -9999.0 -9999.0 -9999.0 -9999.0 -9999.0 -9999.0 -9999.0 -9999.0 1.3394403149100165 1.3428345713883485 1.3462288278666807 1.3496230843450128 1.3530173408233448 1.356411597301677 1.359805853780009 1.363200110258341 1.3665943667366733 1.3699886232150111 1.3733828796933434 1.3767771361716754 1.3746809845801444 1.3667154626736626
-9999.0 -9999.0 -9999.0 -9999.0 -9999.0 -9999.0 -9999.0 -9999.0 -9999.0 -9999.0 -9999.0 -9999.0 1.2768652141227876 1.2799637907490926 1.2830623673753923 1.2861609440016917 1.2892595206279913 1.292358097254291 1.2954566738805906 1.2985552505068902 1.3016538271331897 -9999.0 -9999.0 -9999.0 -9999.0 -9999.0 -9999.0 -9999.0 -9999.0 1.3295410167698916 1.332639593396191 1.3357381700224906 1.3388367466487903 1.34193532327509 1.3450338999013896 1.348132476527689 1.3512310531539886 1.3543296297802883 1.357428206406588 1.3605267830328927 1.3636253596591923 1.366723936285492 1.364506699393914 1.3566067377094553
-9999.0 -9999.0 -9999.0 -9999.0 -9999.0 -9999.0 -9999.0 -9999.0 -9999.0 -9999.0 -9999.0 -9999.0 1.2753867299455484 1.2781896267198203 1.2809925234940873 1.2837954202683544 1.2865983170426216 1.2894012138168887 1.2922041105911557 1.2950070073654227 1.29780990413969 -9999.0 -9999.0 1.3062185944624911 -9999.0 -9999.0 -9999.0 -9999.0 -9999.0 1.3230359751080984 1.3258388718823655 1.3286417686566325 1.3314446654308998 1.3342475622051668 1.3370504589794339 1.339853355753701 1.3426562525279682 1.3454591493022352 1.3482620460765022 1.3510649428507742 1.3538678396250412 1.3566707363993082 1.3543324142076834 1.3464980127452475
-9999.0 -9999.0 -9999.0 -9999.0 -9999.0 -9999.0 -9999.0 -9999.0 -9999.0 -9999.0 -9999.0 -9999.0 1.273908245768308 1.2764154626905466 1.2789226796127808 1.281429896535015 1.2839371134572495 1.2864443303794837 1.2889515473017181 1.2914587642239523 1.2939659811461868 1.296473198068421 1.2989804149906554 1.3014876319128896 1.303994848835124 1.3065020657573583 -9999.0 -9999.0 1.3140237165240656 1.3165309334463 1.3190381503685342 1.3215453672907687 1.3240525842130029 1.3265598011352373 1.3290670180574715 1.331574234979706 1.3340814519019402 1.3365886688241746 1.3390958857464088 1.3416031026686475 1.3441103195908817 1.346617536513116 1.3441581290214442 1.3363892877810313
-9999.0 -9999.0 -9999.0 -9999.0 -9999.0 -9999.0 -9999.0 -9999.0 -9999.0 -9999.0 -9999.0 1.2723777338028486 1.2724297615910687 1.2746412986612743 1.2768528357314761 1.279064372801678 1.2812759098718798 1.2834874469420814 1.2856989840122832 1.287910521082485 1.2901220581526869 1.2923335952228887 1.2945451322930905 1.2967566693632924 1.2989682064334942 1.301179743503696 1.3033912805739016 1.3056028176441035 1.3078143547143053 1.3100258917845071 1.312237428854709 1.3144489659249106 1.3166605029951124 1.3188720400653142 1.321083577135516 1.3232951142057179 1.3255066512759197 1.3277181883461215 1.3299297254163234 1.332141262486529 1.3343527995567308 1.3365643366269326 1.3339838438352136 1.3262805628168237
-9999.0 -9999.0 -9999.0 -9999.0 -9999.0 -9999.0 -9999.0 -9999.0 -9999.0 -9999.0 -9999.0 1.2711105397886138 1.2709512774138296 1.2728671346320022 1.2747829918501714 1.2766988490683406 1.27861470628651 1.2805305635046793 1.2824464207228485 1.284362277941018 1.2862781351591872 1.2881939923773564 1.2901098495955259 1.292025706813695 1.2939415640318643 1.2958574212500338 1.2977732784682063 1.2996891356863756 1.3016049929045448 1.303520850122714 1.3054367073408835 1.3073525645590527 1.309268421777222 1.3111842789953914 1.3131001362135606 1.3150159934317298 1.3169318506498993 1.3188477078680685 1.3207635650862377 1.3226794223044103 1.3245952795225795 1.326511136740749 1.323809558648983 1.316171837852616
-9999.0 -9999.0 -9999.0 -9999.0 -9999.0 -9999.0 -9999.0 -9999.0 -9999.0 -9999.0 -9999.0 1.2698433457743787 1.2694727932365903 1.2710929706027299 1.2727131479688667 1.2743333253350033 1.2759535027011402 1.277573680067277 1.2791938574334139 1.2808140347995505 1.2824342121656873 1.2840543895318242 1.2856745668979608 1.2872947442640976 1.2889149216302345 1.2905350989963713 1.2921552763625108 1.2937754537286474 1.2953956310947843 1.2970158084609211 1.298635985827058 1.3002561631931946 1.3018763405593314 1.3034965179254683 1.305116695291605 1.3067368726577417 1.3083570500238786 1.3099772273900154 1.311597404756152 1.3132175821222916 1.3148377594884284 1.3164579368545652 1.3136352734627523 1.3060631128884082
-9999.0 -9999.0 -9999.0 -9999.0 -9999.0 -9999.0 -9999.0 -9999.0 -9999.0 -9999.0 -9999.0 1.268576151760144 1.267994309059351 1.2693188065734575 1.2706433040875618 1.2719678016016662 1.2732922991157705 1.2746167966298747 1.275941294143979 1.2772657916580832 1.2785902891721874 1.2799147866862919 1.2812392842003961 1.2825637817145004 1.2838882792286046 1.2852127767427088 1.2865372742568153 1.2878617717709198 1.289186269285024 1.2905107667991282 1.2918352643132325 1.2931597618273367 1.294484259341441 1.2958087568555452 1.2971332543696497 1.298457751883754 1.2997822493978581 1.3011067469119624 1.3024312444260666 1.3037557419401733 1.3050802394542775 1.3064047369683818 1.303460988276522 1.2959543879242008
-9999.0 -9999.0 -9999.0 -9999.0 -9999.0 -9999.0 -9999.0 -9999.0 -9999.0 -9999.0 1.2698064049366897 1.267308957745909 1.2665158248821118 1.2675446425441854 1.268573460206257 1.269602277868329 1.2706310955304005 1.2716599131924724 1.272688730854544 1.273717548516616 1.2747463661786875 1.2757751838407594 1.276804001502831 1.2778328191649029 1.2788616368269747 1.2798904544890464 1.28091927215112 1.2819480898131916 1.2829769074752635 1.2840057251373351 1.285034542799407 1.2860633604614786 1.2870921781235505 1.2881209957856223 1.289149813447694 1.2901786311097658 1.2912074487718375 1.2922362664339093 1.293265084095981 1.2942939017580546 1.2953227194201262 1.296351537082198 1.2932867030902913 1.285845662959993
-9999.0 -9999.0 -9999.0 -9999.0 -9999.0 -9999.0 -9999.0 -9999.0 -9999.0 1.2713013564835947 1.2686715601076344 1.2660417637316739 1.2650373407048725 1.265770478514913 1.2665036163249523 1.2672367541349916 1.2679698919450308 1.26870302975507 1.2694361675651091 1.2701693053751484 1.2709024431851876 1.2716355809952269 1.2723687188052661 1.2731018566153054 1.2738349944253446 1.274568132235384 1.2753012700454245 1.2760344078554637 1.276767545665503 1.2775006834755422 1.2782338212855815 1.2789669590956207 1.27970009690566 1.2804332347156993 1.2811663725257385 1.2818995103357775 1.2826326481458168 1.283365785955856 1.2840989237658953 1.2848320615759359 1.2855651993859751 1.2862983371960144 1.2831124179040607 1.2757369379957852
-9999.0 -9999.0 -9999.0 -9999.0 -9999.0 -9999.0 -9999.0 1.275823151961998 1.2730610064008578 1.2702988608397179 1.267536715278578 1.264774569717438 1.2635588565276321 1.2639963144856392 1.2644337724436459 1.2648712304016523 1.2653086883596587 1.2657461463176651 1.2661836042756718 1.2666210622336782 1.2670585201916846 1.267495978149691 1.2679334361076977 1.2683708940657041 1.2688083520237106 1.269245809981717 1.2696832679397243 1.2701207258977307 1.2705581838557374 1.2709956418137438 1.2714330997717502 1.2718705577297567 1.2723080156877633 1.2727454736457697 1.2731829316037762 1.2736203895617828 1.2740578475197892 1.2744953054777957 1.274932763435802 1.2753702213938094 1.2758076793518158 1.2762451373098223 1.2729381327178217 1.2656282130315692
-9999.0 -9999.0 -9999.0 -9999.0 -9999.0 -9999.0 1.2779798494348007 1.2750853546884813 1.2721908599421616 1.2692963651958422 1.2664018704495226 1.2635073757032032 1.262080372350393 1.262222150456367 1.2623639285623411 1.2625057066683152 1.262647484774289 1.262789262880263 1.262931040986237 1.263072819092211 1.263214597198185 1.263356375304159 1.2634981534101328 1.2636399315161069 1.2637817096220807 1.2639234877280547 1.264065265834029 1.2642070439400028 1.2643488220459769 1.264490600151951 1.2646323782579247 1.2647741563638988 1.2649159344698728 1.2650577125758466 1.2651994906818207 1.2653412687877947 1.2654830468937686 1.2656248249997426 1.2657666031057166 1.2659083812116907 1.2660501593176647 1.2661919374236388 1.262763847531591 1.2555194880673615
-9999.0 -9999.0 -9999.0 1.2864549331409605 1.2834280892094614 -9999.0 1.2773744013464634 1.2743475574149643 1.2713207134834652 1.2682938695519663 1.2652670256204672 1.2622401816889681 1.2606018881731538 1.260447986427095 1.2602940846810364 1.2601401829349779 1.2599862811889193 1.2598323794428608 1.2596784776968022 1.2595245759507436 1.259370674204685 1.2592167724586265 1.259062870712568 1.2589089689665094 1.2587550672204508 1.2586011654743923 1.2584472637283335 1.258293361982275 1.2581394602362164 1.2579855584901578 1.2578316567440992 1.2576777549980407 1.2575238532519821 1.2573699515059236 1.257216049759865 1.2570621480138064 1.256908246267748 1.2567543445216895 1.256600442775631 1.256446541029572 1.2562926392835136 1.256138737537455 1.2525895623453605 1.245410763103154
-9999.0 -9999.0 -9999.0 1.2862465326081616 1.283087339491483 1.2799281463748045 1.276768953258126 1.2736097601414473 1.2704505670247688 1.2672913739080902 1.2641321807914119 1.2609729876747333 1.2591234039959145 1.2586738223978227 1.2582242407997315 1.2577746592016406 1.2573250776035494 1.2568754960054584 1.2564259144073673 1.2559763328092763 1.2555267512111852 1.2550771696130942 1.254627588015003 1.2541780064169121 1.253728424818821 1.25327884322073 1.2528292616226382 1.252379680024547 1.251930098426456 1.251480516828365 1.251030935230274 1.2505813536321828 1.2501317720340919 1.2496821904360007 1.2492326088379098 1.2487830272398186 1.2483334456417277 1.2478838640436365 1.2474342824455456 1.2469847008474537 1.2465351192493626 1.2460855376512716 1.24241527715913 1.2353020381389463
-9999.0 -9999.0 -9999.0 1.2860381320753627 1.2827465897735046 1.2794550474716466 1.2761635051697886 1.2728719628679306 1.2695804205660723 1.2662888782642143 1.2629973359623563 1.2597057936604983 1.2576449198186752 1.2568996583685503 1.2561543969184268 1.2554091354683032 1.2546638740181797 1.2539186125680561 1.2531733511179324 1.2524280896678088 1.2516828282176853 1.2509375667675617 1.2501923053174382 1.2494470438673146 1.248701782417191 1.2479565209670676 1.2472112595169427 1.2464659980668191 1.2457207366166956 1.244975475166572 1.2442302137164485 1.2434849522663247 1.2427396908162012 1.2419944293660776 1.241249167915954 1.2405039064658305 1.239758645015707 1.2390133835655834 1.23826812211546 1.237522860665335 1.2367775992152115 1.236032337765088 1.2322409919728994 1.2251933131747386
-9999.0 -9999.0 -9999.0 1.285829731542564 1.2824058400555263 1.2789819485684888 1.275558057081451 1.2721341655944136 1.268710274107376 1.2652863826203384 1.261862491133301 1.2584385996462633 1.256166435641436 1.255125494339278 1.2540845530371219 1.253043611734966 1.2520026704328098 1.2509617291306536 1.2499207878284977 1.2488798465263415 1.2478389052241854 1.2467979639220295 1.2457570226198733 1.2447160813177172 1.2436751400155612 1.242634198713405 1.2415932574112472 1.240552316109091 1.239511374806935 1.238470433504779 1.2374294922026228 1.2363885509004668 1.2353476095983107 1.2343066682961545 1.2332657269939986 1.2322247856918425 1.2311838443896863 1.2301429030875302 1.2291019617853742 1.2280610204832163 1.2270200791810602 1.2259791378789042 1.2220667067866686 1.2150845882105308
-9999.0 -9999.0 -9999.0 1.2856213310097648 1.2820650903375477 1.2785088496653305 1.2749526089931134 1.271396368320896 1.2678401276486788 1.2642838869764617 1.2607276463042445 1.2571714056320273 1.2546879514641953 1.2533513303100043 1.2520147091558154 1.2506780880016266 1.2493414668474379 1.2480048456932489 1.2466682245390601 1.2453316033848711 1.2439949822306824 1.2426583610764936 1.2413217399223047 1.239985118768116 1.238648497613927 1.2373118764597382 1.235975255305547 1.2346386341513582 1.2333020129971695 1.2319653918429805 1.2306287706887917 1.2292921495346028 1.227955528380414 1.2266189072262252 1.2252822860720363 1.2239456649178475 1.2226090437636585 1.2212724226094698 1.219935801455281 1.2185991803010898 1.217262559146901 1.215925937992712 1.2118924216004296 1.2049758632463148
-9999.0 -9999.0 -9999.0 1.2854129304769661 1.2817243406195695 1.2780357507621727 1.274347160904776 1.2706585710473794 1.2669699811899826 1.263281391332586 1.2595928014751891 1.2559042116177925 1.2532094672869563 1.2515771662807322 1.2499448652745109 1.2483125642682895 1.2466802632620682 1.2450479622558468 1.2434156612496254 1.241783360243404 1.2401510592371827 1.2385187582309614 1.23688645722474 1.2352541562185186 1.2336218552122973 1.231989554206076 1.2303572531998517 1.2287249521936303 1.227092651187409 1.2254603501811876 1.2238280491749662 1.2221957481687449 1.2205634471625235 1.2189311461563022 1.2172988451500808 1.2156665441438594 1.214034243137638 1.2124019421314167 1.2107696411251954 1.2091373401189711 1.2075050391127498 1.2058727381065284 1.2017181364141991 1.194867138282107
-9999.0 1.2928464080293196 1.2890254689867435 1.2852045299441672 1.2813835909015912 1.2775626518590149 1.2737417128164386 1.2699207737738625 1.2660998347312862 1.26227889568871 1.2584579566461338 1.2546370176035575 1.251730983109717 1.24980300225146 1.247875021393206 1.2459470405349522 1.2440190596766982 1.2420910788184445 1.2401630979601905 1.2382351171019366 1.2363071362436828 1.2343791553854289 1.2324511745271751 1.2305231936689212 1.2285952128106672 1.2266672319524135 1.2247392510941562 1.2228112702359024 1.2208832893776485 1.2189553085193945 1.2170273276611407 1.2150993468028868 1.213171365944633 1.211243385086379 1.2093154042281251 1.2073874233698714 1.2054594425116174 1.2035314616533637 1.2016034807951097 1.1996754999368526 1.1977475190785987 1.1958195382203447 1.1915438512279684 1.1847584133178994
