Figures/CREST_Example_wjb_NSE/PETs/wjb.pet.20101030.asc
ncols            288
nrows            254
xllcorner        113.274861
yllcorner        31.4918055
cellsize         0.008333333333
NODATA_value     -9999
[rows 80 to 99 of 254, columns 88 to 131 of 288]
1.3385205333013315 1.3380646523424784 1.3376087713836255 1.3371528904247718 1.3366970094659187 1.3362411285070657 1.3357852475482128 1.3353293665893597 1.334873485630507 1.3344176046716538 1.3339617237128008 1.333505842753948 1.3330499617950948 1.332594080836242 1.331743364685793 1.330470560787832 1.3291977568898685 1.3279249529919075 1.3266521490939462 1.325379345195985 1.324106541298024 1.3228337374000627 1.3215609335021017 1.3202881296041404 1.3190153257061792 1.3177425218082182 1.316469717910257 1.3151969140122957 1.3139241101143346 1.3126513062163712 1.3113785023184101 1.3101056984204489 1.3088328945224879 1.3075600906245266 1.3062872867265654 1.3050144828286043 1.303741678930643 1.3024688750326818 1.3011960711347208 1.2999232672367595 1.2986504633387985 1.2973776594408373 1.296104855542874 1.2948320516449128
1.3390922060013815 1.3385372553197283 1.3379823046380752 1.3374273539564212 1.336872403274768 1.336317452593115 1.335762501911462 1.335207551229809 1.3346526005481558 1.3340976498665027 1.3335426991848496 1.3329877485031965 1.3324327978215436 1.3318778471398904 1.3309815383785186 1.3297203101114123 1.328459081844304 1.3271978535771978 1.3259366253100915 1.3246753970429854 1.3234141687758791 1.322152940508773 1.3208917122416668 1.3196304839745605 1.3183692557074544 1.3171080274403482 1.315846799173242 1.3145855709061358 1.3133243426390295 1.3120631143719212 1.310801886104815 1.309540657837709 1.3082794295706026 1.3070182013034966 1.3057569730363903 1.304495744769284 1.303234516502178 1.3019732882350716 1.3007120599679654 1.2994508317008593 1.298189603433753 1.296928375166647 1.2956671468995384 1.2944059186324324
1.3396638787014312 1.339009858296978 1.3383558378925249 1.3377018174880706 1.3370477970836174 1.3363937766791643 1.335739756274711 1.335085735870258 1.3344317154658047 1.3337776950613516 1.3331236746568984 1.3324696542524452 1.331815633847992 1.331161613443539 1.330219712071244 1.3289700594349927 1.3277204067987394 1.326470754162488 1.325221101526237 1.3239714488899856 1.3227217962537345 1.3214721436174832 1.320222490981232 1.3189728383449808 1.3177231857087295 1.3164735330724784 1.315223880436227 1.3139742277999757 1.3127245751637246 1.3114749225274713 1.31022526989122 1.3089756172549687 1.3077259646187176 1.3064763119824663 1.305226659346215 1.3039770067099639 1.3027273540737125 1.3014777014374614 1.3002280488012101 1.2989783961649588 1.2977287435287077 1.2964790908924564 1.295229438256203 1.2939797856199518
1.3402355514014812 1.339482461274228 1.3387293711469748 1.3379762810197202 1.337223190892467 1.3364701007652136 1.3357170106379603 1.3349639205107071 1.334210830383454 1.3334577402562005 1.3327046501289472 1.331951560001694 1.3311984698744408 1.3304453797471876 1.3294578857639694 1.328219808758573 1.3269817317531747 1.3257436547477786 1.3245055777423822 1.323267500736986 1.3220294237315897 1.3207913467261934 1.3195532697207972 1.3183151927154009 1.3170771157100047 1.3158390387046084 1.314600961699212 1.313362884693816 1.3121248076884195 1.3108867306830212 1.3096486536776248 1.3084105766722287 1.3071724996668324 1.3059344226614362 1.3046963456560399 1.3034582686506435 1.3022201916452474 1.300982114639851 1.299744037634455 1.2985059606290585 1.2972678836236622 1.296029806618266 1.2947917296128677 1.2935536526074713
1.3408072241015312 1.3399550642514777 1.3391029044014244 1.3382507445513696 1.3373985847013163 1.3365464248512628 1.3356942650012096 1.334842105151156 1.3339899453011028 1.3331377854510493 1.332285625600996 1.3314334657509428 1.3305813059008893 1.329729146050836 1.3286960594566948 1.3274695580821536 1.3262430567076102 1.3250165553330688 1.3237900539585277 1.3225635525839863 1.321337051209445 1.3201105498349037 1.3188840484603623 1.3176575470858212 1.3164310457112798 1.3152045443367384 1.3139780429621972 1.3127515415876558 1.3115250402131147 1.3102985388385713 1.30907203746403 1.3078455360894885 1.3066190347149473 1.305392533340406 1.3041660319658648 1.3029395305913234 1.301713029216782 1.3004865278422408 1.2992600264676994 1.2980335250931583 1.296807023718617 1.2955805223440755 1.2943540209695321 1.293127519594991
1.3413788968015816 1.340427667228728 1.3394764376558745 1.3385252080830192 1.3375739785101657 1.3366227489373121 1.3356715193644586 1.334720289791605 1.3337690602187515 1.332817830645898 1.3318666010730444 1.330915371500191 1.3299641419273374 1.3290129123544838 1.3279342331494197 1.3267193074057333 1.3255043816620449 1.3242894559183587 1.3230745301746722 1.321859604430986 1.3206446786872996 1.3194297529436134 1.318214827199927 1.3169999014562408 1.3157849757125544 1.3145700499688682 1.3133551242251817 1.3121401984814955 1.3109252727378091 1.3097103469941207 1.3084954212504345 1.307280495506748 1.3060655697630619 1.3048506440193754 1.3036357182756892 1.3024207925320028 1.3012058667883166 1.2999909410446302 1.2987760153009438 1.2975610895572576 1.2963461638135712 1.295131238069885 1.2939163123261965 1.2927013865825103
1.3419505695016314 1.3409002702059778 1.3398499709103242 1.3387996716146688 1.337749372319015 1.3366990730233614 1.3356487737277078 1.3345984744320543 1.3335481751364007 1.3324978758407469 1.3314475765450933 1.3303972772494397 1.329346977953786 1.3282966786581325 1.327172406842145 1.3259690567293136 1.3247657066164804 1.323562356503649 1.3223590063908177 1.3211556562779863 1.319952306165155 1.3187489560523236 1.3175456059394923 1.3163422558266609 1.3151389057138294 1.3139355556009982 1.3127322054881667 1.3115288553753355 1.310325505262504 1.3091221551496708 1.3079188050368393 1.306715454924008 1.3055121048111766 1.3043087546983454 1.303105404585514 1.3019020544726827 1.3006987043598512 1.29949535424702 1.2982920041341885 1.2970886540213573 1.2958853039085259 1.2946819537956946 1.2934786036828612 1.2922752535700297
1.3425222422016814 1.3413728731832277 1.3402235041647739 1.3390741351463182 1.3379247661278646 1.3367753971094107 1.335626028090957 1.3344766590725032 1.3333272900540496 1.332177921035596 1.331028552017142 1.3298791829986885 1.3287298139802346 1.327580444961781 1.3264105805348705 1.3252188060528942 1.3240270315709157 1.3228352570889392 1.321643482606963 1.3204517081249865 1.3192599336430102 1.3180681591610337 1.3168763846790574 1.315684610197081 1.3144928357151047 1.3133010612331282 1.312109286751152 1.3109175122691754 1.3097257377871991 1.3085339633052206 1.3073421888232444 1.3061504143412679 1.3049586398592916 1.3037668653773151 1.3025750908953388 1.3013833164133624 1.300191541931386 1.2989997674494096 1.2978079929674333 1.2966162184854568 1.2954244440034806 1.294232669521504 1.2930408950395258 1.2918491205575493
1.3432748996532227 1.3420715702474824 1.3408682408417418 1.3396649114359993 1.3384615820302588 1.3372582526245183 1.336054923218778 1.3348515938130374 1.333648264407297 1.3324449350015564 1.3312416055958158 1.3300382761900755 1.328834946784335 1.3276316173785945 1.3264315009193135 1.325234819172446 1.3240381374255765 1.322841455678709 1.3216447739318415 1.3204480921849742 1.3192514104381066 1.3180547286912392 1.3168580469443718 1.3156613651975042 1.3144646834506368 1.3132680017037692 1.3120713199569018 1.3108746382100345 1.3096779564631669 1.3084812747162975 1.3072845929694301 1.3060879112225625 1.3048912294756951 1.3036945477288278 1.3024978659819602 1.3013011842350928 1.3001045024882252 1.2989078207413578 1.2977111389944904 1.2965144572476228 1.2953177755007554 1.294121093753888 1.2929244120070185 1.291727730260151
1.3442210183933385 1.343011947635911 1.3418028768784833 1.3405938061210536 1.339384735363626 1.3381756646061982 1.3369665938487707 1.335757523091343 1.3345484523339153 1.3333393815764878 1.33213031081906 1.3309212400616324 1.3297121693042047 1.3285030985467772 1.3272891281664014 1.326069919978308 1.3248507117902124 1.323631503602119 1.3224122954140254 1.3211930872259319 1.3199738790378384 1.3187546708497448 1.3175354626616513 1.3163162544735578 1.3150970462854643 1.3138778380973708 1.3126586299092773 1.3114394217211838 1.3102202135330903 1.3090010053449948 1.3077817971569012 1.3065625889688077 1.3053433807807142 1.3041241725926207 1.3029049644045272 1.3016857562164337 1.3004665480283402 1.2992473398402467 1.2980281316521531 1.2968089234640598 1.2955897152759663 1.2943705070878728 1.293151298899777 1.2919320907116836
1.3451671371334541 1.3439523250243395 1.3427375129152246 1.3415227008061077 1.3403078886969928 1.3390930765878781 1.3378782644787632 1.3366634523696483 1.3354486402605337 1.3342338281514188 1.3330190160423039 1.3318042039331892 1.3305893918240743 1.3293745797149594 1.3281467554134891 1.3269050207841697 1.325663286154848 1.3244215515255284 1.323179816896209 1.3219380822668894 1.32069634763757 1.3194546130082503 1.3182128783789309 1.3169711437496114 1.3157294091202918 1.3144876744909724 1.3132459398616527 1.3120042052323333 1.3107624706030137 1.309520735973692 1.3082790013443726 1.307037266715053 1.3057955320857335 1.3045537974564139 1.3033120628270944 1.3020703281977748 1.3008285935684554 1.2995868589391357 1.2983451243098163 1.2971033896804967 1.2958616550511772 1.2946199204218576 1.293378185792536 1.2921364511632165
1.34611325587357 1.344892702412768 1.3436721489519659 1.3424515954911618 1.34123104203036 1.3400104885695578 1.3387899351087558 1.337569381647954 1.3363488281871518 1.33512827472635 1.333907721265548 1.3326871678047458 1.331466614343944 1.330246060883142 1.329004382660577 1.3277401215900315 1.3264758605194837 1.3252115994489382 1.3239473383783926 1.322683077307847 1.3214188162373015 1.320154555166756 1.3188902940962104 1.3176260330256648 1.3163617719551193 1.3150975108845737 1.3138332498140282 1.3125689887434826 1.311304727672937 1.3100404666023893 1.3087762055318437 1.3075119444612981 1.3062476833907526 1.304983422320207 1.3037191612496615 1.302454900179116 1.3011906391085704 1.2999263780380248 1.2986621169674792 1.2973978558969337 1.2961335948263881 1.2948693337558426 1.293605072685295 1.2923408116147495
1.3470593746136865 1.3458330798011973 1.3446067849887082 1.343380490176217 1.3421541953637277 1.3409279005512384 1.3397016057387494 1.3384753109262602 1.3372490161137711 1.3360227213012819 1.3347964264887926 1.3335701316763036 1.3323438368638143 1.3311175420513253 1.3298620099076657 1.328575222395894 1.3272884348841203 1.3260016473723486 1.3247148598605771 1.3234280723488054 1.3221412848370337 1.3208544973252623 1.3195677098134906 1.318280922301719 1.3169941347899474 1.3157073472781757 1.314420559766404 1.3131337722546326 1.3118469847428609 1.310560197231087 1.3092734097193155 1.3079866222075438 1.3066998346957721 1.3054130471840006 1.304126259672229 1.3028394721604573 1.3015526846486858 1.300265897136914 1.2989791096251424 1.297692322113371 1.2964055346015992 1.2951187470898275 1.2938319595780539 1.2925451720662822
1.3480054933538024 1.346773457189626 1.3455414210254497 1.3443093848612713 1.3430773486970948 1.3418453125329184 1.3406132763687422 1.3393812402045657 1.3381492040403895 1.336917167876213 1.3356851317120368 1.3344530955478604 1.3332210593836842 1.3319890232195077 1.3307196371547538 1.329410323201756 1.3281010092487562 1.3267916952957586 1.325482381342761 1.3241730673897631 1.3228637534367655 1.321554439483768 1.3202451255307703 1.3189358115777725 1.317626497624775 1.3163171836717773 1.3150078697187797 1.313698555765782 1.3123892418127843 1.3110799278597844 1.3097706139067868 1.3084612999537892 1.3071519860007914 1.3058426720477938 1.3045333580947962 1.3032240441417986 1.3019147301888008 1.3006054162358032 1.2992961022828056 1.297986788329808 1.2966774743768104 1.2953681604238125 1.2940588464708127 1.292749532517815
1.3489516120939178 1.3477138345780544 1.3464760570621908 1.3452382795463251 1.3440005020304617 1.3427627245145983 1.3415249469987347 1.3402871694828713 1.3390493919670077 1.3378116144511443 1.3365738369352806 1.3353360594194172 1.3340982819035536 1.3328605043876902 1.3315772644018415 1.3302454240076178 1.3289135836133918 1.327581743219168 1.3262499028249446 1.3249180624307209 1.3235862220364971 1.3222543816422734 1.3209225412480499 1.3195907008538261 1.3182588604596024 1.3169270200653787 1.3155951796711551 1.3142633392769314 1.3129314988827077 1.3115996584884817 1.310267818094258 1.3089359777000344 1.3076041373058107 1.306272296911587 1.3049404565173632 1.3036086161231397 1.302276775728916 1.3009449353346922 1.2996130949404685 1.298281254546245 1.2969494141520213 1.2956175737577975 1.2942857333635716 1.2929538929693478
1.3498977308340336 1.348654211966483 1.3474106930989322 1.3461671742313794 1.3449236553638289 1.3436801364962783 1.3424366176287275 1.3411930987611769 1.339949579893626 1.3387060610260755 1.337462542158525 1.336219023290974 1.3349755044234235 1.333731985555873 1.3324348916489295 1.3310805248134798 1.3297261579780277 1.328371791142578 1.3270174243071284 1.3256630574716786 1.324308690636229 1.322954323800779 1.3215999569653294 1.3202455901298797 1.3188912232944299 1.3175368564589802 1.3161824896235306 1.3148281227880807 1.313473755952631 1.312119389117179 1.3107650222817293 1.3094106554462797 1.3080562886108298 1.3067019217753801 1.3053475549399305 1.3039931881044806 1.302638821269031 1.301284454433581 1.2999300875981314 1.2985757207626818 1.297221353927232 1.2958669870917823 1.2945126202563302 1.2931582534208805
1.3508438495741493 1.3495945893549115 1.3483453291356737 1.3470960689164337 1.3458468086971958 1.344597548477958 1.3433482882587202 1.3420990280394822 1.3408497678202445 1.3396005076010067 1.3383512473817687 1.337101987162531 1.3358527269432932 1.3346034667240552 1.3332925188960174 1.3319156256193416 1.3305387323426634 1.3291618390659878 1.327784945789312 1.3264080525126363 1.3250311592359605 1.3236542659592847 1.322277372682609 1.3209004794059331 1.3195235861292574 1.3181466928525818 1.316769799575906 1.3153929062992302 1.3140160130225544 1.3126391197458762 1.3112622264692007 1.3098853331925249 1.308508439915849 1.3071315466391733 1.3057546533624975 1.3043777600858217 1.303000866809146 1.3016239735324702 1.3002470802557946 1.2988701869791188 1.297493293702443 1.2961164004257673 1.294739507149089 1.2933626138724135
1.351789968314265 1.35053496674334 1.349279965172415 1.3480249636014878 1.3467699620305629 1.3455149604596377 1.3442599588887127 1.3430049573177878 1.3417499557468626 1.3404949541759377 1.3392399526050127 1.3379849510340875 1.3367299494631626 1.3354749478922376 1.3341501461431051 1.3327507264252034 1.3313513067072993 1.3299518869893974 1.3285524672714957 1.3271530475535938 1.325753627835692 1.3243542081177904 1.3229547883998884 1.3215553686819868 1.3201559489640848 1.3187565292461831 1.3173571095282814 1.3159576898103795 1.3145582700924778 1.3131588503745737 1.3117594306566718 1.31036001093877 1.3089605912208682 1.3075611715029665 1.3061617517850648 1.3047623320671629 1.3033629123492612 1.3019634926313592 1.3005640729134575 1.2991646531955556 1.297765233477654 1.2963658137597522 1.294966394041848 1.2935669743239462
1.3527360870543816 1.3514753441317693 1.3502146012091572 1.3489538582865428 1.3476931153639307 1.3464323724413185 1.3451716295187062 1.343910886596094 1.342650143673482 1.3413894007508698 1.3401286578282574 1.3388679149056453 1.3376071719830331 1.3363464290604208 1.335007773390194 1.333585827231066 1.3321638810719356 1.3307419349128078 1.32931998875368 1.3278980425945521 1.3264760964354243 1.3250541502762965 1.3236322041171686 1.3222102579580408 1.320788311798913 1.3193663656397852 1.3179444194806573 1.3165224733215295 1.3151005271624017 1.3136785810032714 1.3122566348441436 1.3108346886850157 1.3094127425258877 1.3079907963667599 1.306568850207632 1.3051469040485042 1.3037249578893764 1.3023030117302485 1.3008810655711207 1.2994591194119929 1.298037173252865 1.2966152270937372 1.295193280934607 1.2937713347754791
1.3536822057944973 1.352415721520198 1.3511492372458986 1.349882752971597 1.3486162686972978 1.3473497844229985 1.346083300148699 1.3448168158743996 1.3435503316001003 1.342283847325801 1.3410173630515017 1.3397508787772021 1.3384843945029028 1.3372179102286035 1.3358654006372819 1.334420928036928 1.3329764554365717 1.3315319828362178 1.3300875102358638 1.32864303763551 1.327198565035156 1.3257540924348021 1.3243096198344484 1.3228651472340944 1.3214206746337407 1.3199762020333867 1.3185317294330328 1.317087256832679 1.315642784232325 1.3141983116319687 1.312753839031615 1.311309366431261 1.309864893830907 1.3084204212305532 1.3069759486301993 1.3055314760298453 1.3040870034294916 1.3026425308291376 1.3011980582287839 1.29975358562843 1.298309113028076 1.2968646404277222 1.2954201678273658 1.2939756952270118
