Figures/CREST_Example_wjb_NSE/PETs/wjb.pet.20100718.asc
ncols            288
nrows            254
xllcorner        113.274861
yllcorner        31.4918055
cellsize         0.008333333333
NODATA_value     -9999
[rows 120 to 139 of 254, columns 44 to 87 of 288]
1.4468300069234268 1.4413282949014234 1.4358265828794203 1.430324870857417 1.4248231588354139 1.4193214468134108 1.4138197347914074 1.4083180227694043 1.4028163107473917 1.3973145987253885 1.3918128867033854 1.386311174681382 1.380809462659379 1.3753077506373756 1.3698060386153725 1.3643043265933694 1.358802614571366 1.353300902549363 1.3477991905273599 1.3422974785053565 1.3367957664833534 1.3312940544613407 1.3257923424393376 1.3202906304173343 1.3147889183953312 1.309287206373328 1.3037854943513247 1.2982837823293216 1.2960952968917192 1.2974487255718337 1.2988021542519483 1.3001555829320628 1.3015090116121775 1.3028624402922921 1.304215868972409 1.3055692976525235 1.3069227263326382 1.3082761550127529 1.3096295836928673 1.310983012372982 1.3123364410530964 1.3136898697332111 1.3150432984133258 1.3163967270934402
1.4534949556951682 1.4481443216452072 1.4427936875952463 1.4374430535452853 1.4320924194953244 1.4267417854453635 1.4213911513954025 1.4160405173454416 1.4106898832954715 1.4053392492455106 1.3999886151955496 1.3946379811455887 1.3892873470956277 1.3839367130456668 1.3785860789957058 1.373235444945745 1.367884810895784 1.362534176845823 1.357183542795862 1.3518329087459011 1.3464822746959402 1.3411316406459701 1.3357810065960092 1.3304303725460482 1.3250797384960873 1.3197291044461263 1.3143784703961654 1.3090278363462045 1.3068739590132388 1.3081374868768092 1.3094010147403796 1.31066454260395 1.3119280704675205 1.313191598331091 1.3144551261946635 1.315718654058234 1.3169821819218044 1.3182457097853748 1.3195092376489452 1.3207727655125157 1.322036293376086 1.3232998212396567 1.3245633491032272 1.3258268769667976
1.4601599044669096 1.454960348388991 1.4497607923110722 1.4445612362331537 1.439361680155235 1.4341621240773161 1.4289625679993976 1.4237630119214788 1.4185634558435514 1.4133638997656326 1.408164343687714 1.4029647876097953 1.3977652315318765 1.392565675453958 1.3873661193760392 1.3821665632981206 1.3769670072202018 1.371767451142283 1.3665678950643645 1.3613683389864457 1.3561687829085272 1.3509692268305995 1.3457696707526807 1.3405701146747622 1.3353705585968434 1.3301710025189248 1.324971446441006 1.3197718903630875 1.3176526211347586 1.318826248181785 1.3199998752288111 1.3211735022758375 1.3223471293228637 1.32352075636989 1.3246943834169183 1.3258680104639446 1.3270416375109708 1.3282152645579972 1.3293888916050234 1.3305625186520496 1.331736145699076 1.3329097727461021 1.3340833997931285 1.3352570268401547
1.4668248532386512 1.4617763751327748 1.4567278970268984 1.451679418921022 1.4466309408151454 1.441582462709269 1.4365339846033927 1.4314855064975163 1.4264370283916312 1.4213885502857548 1.4163400721798785 1.4112915940740018 1.4062431159681255 1.401194637862249 1.3961461597563727 1.3910976816504963 1.3860492035446197 1.3810007254387433 1.375952247332867 1.3709037692269905 1.3658552911211141 1.360806813015229 1.3557583349093525 1.350709856803476 1.3456613786975997 1.3406129005917233 1.335564422485847 1.3305159443799703 1.3284312832562784 1.3295150094867605 1.3305987357172426 1.3316824619477248 1.332766188178207 1.333849914408689 1.334933640639173 1.336017366869655 1.3371010931001373 1.3381848193306194 1.3392685455611015 1.3403522717915837 1.3414359980220658 1.342519724252548 1.34360345048303 1.3446871767135122
1.4734898020103984 1.4685924018765644 1.4636950017427304 1.4587976016088964 1.4539002014750624 1.4490028013412282 1.4441054012073942 1.4392080010735602 1.4343106009397177 1.4294132008058837 1.4245158006720495 1.4196184005382155 1.4147210004043815 1.4098236002705475 1.4049262001367135 1.4000288000028793 1.3951313998690453 1.3902339997352113 1.3853365996013773 1.3804391994675431 1.3755417993337091 1.3706443991998667 1.3657469990660327 1.3608495989321987 1.3559521987983647 1.3510547986645305 1.3461573985306965 1.3412599983968625 1.3392099453778075 1.3402037707917454 1.3411975962056832 1.3421914216196211 1.343185247033559 1.344179072447497 1.3451728978614363 1.3461667232753742 1.3471605486893121 1.34815437410325 1.349148199517188 1.3501420249311258 1.3511358503450637 1.3521296757590016 1.3531235011729394 1.3541173265868773
1.4801547507821398 1.4754084286203482 1.4706621064585563 1.4659157842967645 1.4611694621349727 1.4564231399731808 1.4516768178113892 1.4469304956495974 1.4421841734877974 1.4374378513260058 1.432691529164214 1.4279452070024221 1.4231988848406303 1.4184525626788385 1.4137062405170469 1.408959918355255 1.4042135961934632 1.3994672740316714 1.3947209518698795 1.389974629708088 1.3852283075462961 1.3804819853844963 1.3757356632227045 1.3709893410609126 1.3662430188991208 1.361496696737329 1.3567503745755374 1.3520040524137455 1.3499886074993273 1.3508925320967209 1.3517964566941147 1.3527003812915084 1.353604305888902 1.3545082304862959 1.355412155083691 1.356316079681085 1.3572200042784786 1.3581239288758724 1.359027853473266 1.3599317780706597 1.3608357026680535 1.3617396272654472 1.362643551862841 1.3635474764602347
1.4868196995538814 1.482224455364132 1.4776292111743823 1.4730339669846328 1.4684387227948832 1.4638434786051338 1.459248234415384 1.4546529902256347 1.4500577460358772 1.4454625018461278 1.4408672576563781 1.4362720134666287 1.4316767692768793 1.4270815250871296 1.4224862808973802 1.4178910367076305 1.413295792517881 1.4087005483281314 1.404105304138382 1.3995100599486323 1.3949148157588829 1.3903195715691254 1.385724327379376 1.3811290831896263 1.376533838999877 1.3719385948101275 1.3673433506203778 1.3627481064306284 1.3607672696208468 1.3615812934016964 1.362395317182546 1.3632093409633956 1.3640233647442452 1.3648373885250948 1.3656514123059458 1.3664654360867954 1.367279459867645 1.3680934836484946 1.368907507429344 1.3697215312101936 1.3705355549910432 1.3713495787718928 1.3721636025527424 1.372977626333592
1.493484648325623 1.4890404821079157 1.4845963158902085 1.4801521496725012 1.475707983454794 1.4712638172370867 1.4668196510193794 1.4623754848016721 1.457931318583957 1.4534871523662498 1.4490429861485425 1.4445988199308353 1.440154653713128 1.4357104874954207 1.4312663212777135 1.4268221550600062 1.422377988842299 1.4179338226245917 1.4134896564068844 1.4090454901891771 1.4046013239714699 1.400157157753755 1.3957129915360478 1.3912688253183405 1.3868246591006332 1.382380492882926 1.3779363266652185 1.3734921604475114 1.3715459317423666 1.3722700547066722 1.3729941776709775 1.3737183006352829 1.3744424235995885 1.3751665465638938 1.3758906695282005 1.3766147924925058 1.3773389154568112 1.3780630384211168 1.3787871613854221 1.3795112843497275 1.380235407314033 1.3809595302783384 1.3816836532426438 1.3824077762069493
1.5001495970973644 1.4958565088516993 1.4915634206060344 1.4872703323603693 1.4829772441147042 1.4786841558690393 1.4743910676233742 1.4700979793777094 1.465804891132037 1.4615118028863718 1.457218714640707 1.4529256263950419 1.448632538149377 1.4443394499037119 1.4400463616580468 1.435753273412382 1.4314601851667168 1.4271670969210517 1.4228740086753868 1.4185809204297217 1.4142878321840568 1.4099947439383844 1.4057016556927193 1.4014085674470544 1.3971154792013893 1.3928223909557245 1.3885293027100594 1.3842362144643943 1.3823245938638866 1.3829588160116477 1.383593038159409 1.3842272603071704 1.3848614824549317 1.3854957046026928 1.3861299267504552 1.3867641488982165 1.3873983710459776 1.388032593193739 1.3886668153415003 1.3893010374892616 1.3899352596370227 1.390569481784784 1.3912037039325453 1.3918379260803067
1.506814545869106 1.502672535595483 1.4985305253218604 1.4943885150482377 1.490246504774615 1.486104494500992 1.4819624842273693 1.4778204739537466 1.4736784636801168 1.469536453406494 1.4653944431328711 1.4612524328592484 1.4571104225856257 1.452968412312003 1.44882640203838 1.4446843917647574 1.4405423814911347 1.4364003712175117 1.432258360943889 1.4281163506702663 1.4239743403966436 1.4198323301230138 1.4156903198493909 1.4115483095757682 1.4074062993021454 1.4032642890285227 1.3991222787548998 1.394980268481277 1.3931032559854062 1.3936475773166233 1.3941918986478403 1.3947362199790576 1.3952805413102747 1.3958248626414917 1.3963691839727097 1.396913505303927 1.397457826635144 1.3980021479663611 1.3985464692975782 1.3990907906287953 1.3996351119600126 1.4001794332912296 1.4007237546224467 1.4012680759536638
1.5134794946408474 1.5094885623392669 1.5054976300376863 1.5015066977361058 1.4975157654345252 1.4935248331329447 1.4895339008313644 1.4855429685297838 1.4815520362281964 1.4775611039266159 1.4735701716250356 1.469579239323455 1.4655883070218745 1.461597374720294 1.4576064424187134 1.453615510117133 1.4496245778155525 1.445633645513972 1.4416427132123915 1.437651780910811 1.4336608486092304 1.4296699163076432 1.4256789840060626 1.421688051704482 1.4176971194029016 1.4137061871013212 1.4097152547997407 1.4057243224981602 1.403881918106926 1.404336338621599 1.4047907591362718 1.4052451796509449 1.405699600165618 1.4061540206802907 1.4066084411949644 1.4070628617096375 1.4075172822243105 1.4079717027389833 1.4084261232536563 1.4088805437683294 1.4093349642830022 1.4097893847976752 1.4102438053123483 1.410698225827021
1.5201444434125946 1.5163045890830564 1.5124647347535183 1.5086248804239801 1.504785026094442 1.5009451717649038 1.497105317435366 1.4932654631058278 1.489425608776283 1.485585754446745 1.4817459001172069 1.4779060457876687 1.4740661914581306 1.4702263371285924 1.4663864827990543 1.462546628469516 1.4587067741399782 1.45486691981044 1.4510270654809019 1.4471872111513637 1.4433473568218256 1.439507502492281 1.4356676481627428 1.4318277938332047 1.4279879395036665 1.4241480851741284 1.4203082308445902 1.416468376515052 1.4146605802284549 1.4150250999265837 1.4153896196247124 1.415754139322841 1.4161186590209698 1.4164831787190986 1.416847698417228 1.4172122181153566 1.4175767378134854 1.4179412575116142 1.418305777209743 1.4186702969078715 1.4190348166060003 1.419399336304129 1.4197638560022579 1.4201283757003864
1.5268093921843362 1.5231206158268402 1.5194318394693445 1.5157430631118485 1.5120542867543527 1.5083655103968567 1.504676734039361 1.500987957681865 1.497299181324363 1.493610404966867 1.4899216286093713 1.4862328522518753 1.4825440758943795 1.4788552995368835 1.4751665231793878 1.4714777468218918 1.467788970464396 1.4641001941069 1.4604114177494043 1.4567226413919083 1.4530338650344126 1.4493450886769104 1.4456563123194146 1.4419675359619186 1.4382787596044229 1.4345899832469269 1.4309012068894311 1.4272124305319351 1.4254392423499747 1.4257138612315594 1.425988480113144 1.4262630989947285 1.426537717876313 1.4268123367578975 1.4270869556394827 1.4273615745210673 1.4276361934026518 1.4279108122842363 1.4281854311658209 1.4284600500474054 1.4287346689289901 1.4290092878105747 1.4292839066921592 1.4295585255737437
1.5334743409560776 1.529936642570624 1.5263989441851704 1.5228612457997166 1.519323547414263 1.5157858490288094 1.5122481506433558 1.5087104522579022 1.5051727538724426 1.501635055486989 1.4980973571015355 1.4945596587160819 1.4910219603306283 1.4874842619451747 1.483946563559721 1.4804088651742675 1.476871166788814 1.4733334684033603 1.4697957700179067 1.4662580716324531 1.4627203732469996 1.4591826748615397 1.4556449764760861 1.4521072780906326 1.448569579705179 1.4450318813197254 1.4414941829342718 1.4379564845488182 1.4362179044714947 1.436402622536535 1.4365873406015754 1.4367720586666157 1.4369567767316562 1.4371414947966967 1.4373262128617375 1.4375109309267777 1.4376956489918182 1.4378803670568585 1.438065085121899 1.4382498031869395 1.4384345212519798 1.4386192393170203 1.4388039573820606 1.438988675447101
1.540139289727819 1.5367526693144078 1.5333660489009964 1.529979428487585 1.5265928080741737 1.5232061876607623 1.519819567247351 1.5164329468339397 1.5130463264205225 1.509659706007111 1.5062730855936999 1.5028864651802885 1.499499844766877 1.4961132243534658 1.4927266039400544 1.489339983526643 1.4859533631132316 1.4825667426998204 1.479180122286409 1.4757935018729975 1.4724068814595863 1.4690202610461691 1.4656336406327577 1.4622470202193465 1.458860399805935 1.4554737793925236 1.4520871589791124 1.448700538565701 1.4469965665930142 1.4470913838415105 1.4471862010900067 1.447281018338503 1.4473758355869992 1.4474706528354955 1.447565470083992 1.4476602873324882 1.4477551045809844 1.4478499218294807 1.447944739077977 1.4480395563264732 1.4481343735749697 1.448229190823466 1.4483240080719622 1.4484188253204584
1.5468042384995606 1.5435686960581916 1.5403331536168225 1.5370976111754533 1.5338620687340843 1.5306265262927152 1.527390983851346 1.524155441409977 1.5209198989686024 1.5176843565272333 1.5144488140858643 1.511213271644495 1.507977729203126 1.504742186761757 1.5015066443203877 1.4982711018790187 1.4950355594376497 1.4918000169962804 1.4885644745549114 1.4853289321135423 1.4820933896721733 1.4788578472307985 1.4756223047894295 1.4723867623480604 1.4691512199066914 1.4659156774653221 1.462680135023953 1.459444592582584 1.457775228714534 1.4577801451464862 1.4577850615784382 1.4577899780103905 1.4577948944423424 1.4577998108742947 1.4578047273062467 1.4578096437381989 1.4578145601701509 1.457819476602103 1.457824393034055 1.4578293094660073 1.4578342258979593 1.4578391423299115 1.4578440587618635 1.4578489751938155
1.553469187271302 1.5503847228019751 1.5473002583326483 1.5442157938633214 1.5411313293939946 1.538046864924668 1.534962400455341 1.5318779359860142 1.528793471516682 1.5257090070473551 1.5226245425780283 1.5195400781087016 1.5164556136393748 1.513371149170048 1.510286684700721 1.5072022202313942 1.5041177557620673 1.5010332912927404 1.4979488268234136 1.4948643623540867 1.49177989788476 1.4886954334154279 1.485610968946101 1.4825265044767741 1.4794420400074473 1.4763575755381204 1.4732731110687936 1.470188646599467 1.4685538908360538 1.4684689064514616 1.4683839220668695 1.4682989376822775 1.4682139532976854 1.4681289689130934 1.4680439845285012 1.4679590001439091 1.467874015759317 1.467789031374725 1.467704046990133 1.467619062605541 1.467534078220949 1.467449093836357 1.4673641094517649 1.4672791250671728
1.5601341360430492 1.5572007495457647 1.5542673630484805 1.551333976551196 1.5484005900539115 1.545467203556627 1.5425338170593426 1.539600430562058 1.5366670440647687 1.5337336575674843 1.5308002710701998 1.5278668845729153 1.5249334980756308 1.5220001115783464 1.5190667250810619 1.5161333385837774 1.513199952086493 1.5102665655892087 1.5073331790919242 1.5043997925946397 1.5014664060973553 1.4985330196000657 1.4955996331027814 1.492666246605497 1.4897328601082125 1.486799473610928 1.4838660871136435 1.480932700616359 1.479332552957583 1.4791576677564466 1.4789827825553103 1.478807897354174 1.4786330121530378 1.4784581269519015 1.4782832417507648 1.4781083565496285 1.4779334713484922 1.477758586147356 1.4775837009462196 1.4774088157450833 1.477233930543947 1.4770590453428107 1.4768841601416745 1.4767092749405382
1.5667990848147908 1.5640167762895487 1.5612344677643064 1.5584521592390643 1.555669850713822 1.5528875421885797 1.5501052336633376 1.5473229251380953 1.5445406166128484 1.5417583080876063 1.538975999562364 1.5361936910371219 1.5334113825118796 1.5306290739866375 1.5278467654613952 1.5250644569361531 1.5222821484109108 1.5194998398856687 1.5167175313604264 1.5139352228351843 1.511152914309942 1.508370605784695 1.505588297259453 1.5028059887342107 1.5000236802089686 1.4972413716837263 1.494459063158484 1.491676754633242 1.4901112150791025 1.489846429061422 1.4895816430437416 1.489316857026061 1.4890520710083808 1.4887872849907002 1.4885224989730195 1.488257712955339 1.4879929269376586 1.487728140919978 1.4874633549022975 1.4871985688846172 1.4869337828669367 1.4866689968492564 1.4864042108315758 1.4861394248138955
1.5734640335865322 1.5708328030333323 1.5682015724801324 1.5655703419269325 1.5629391113737325 1.5603078808205326 1.5576766502673325 1.5550454197141326 1.5524141891609282 1.5497829586077283 1.5471517280545284 1.5445204975013285 1.5418892669481286 1.5392580363949284 1.5366268058417285 1.5339955752885286 1.5313643447353287 1.5287331141821288 1.5261018836289288 1.523470653075729 1.520839422522529 1.5182081919693244 1.5155769614161245 1.5129457308629246 1.5103145003097247 1.5076832697565248 1.5050520392033249 1.502420808650125 1.5008898772006223 1.5005351903663977 1.5001805035321731 1.4998258166979486 1.499471129863724 1.4991164430294994 1.4987617561952742 1.4984070693610496 1.4980523825268248 1.4976976956926003 1.4973430088583757 1.496988322024151 1.4966336351899265 1.496278948355702 1.4959242615214774 1.4955695746872528
