Figures/CREST_Example_wjb_NSE/PETs/wjb.pet.20091130.asc
ncols            288
nrows            254
xllcorner        113.274861
yllcorner        31.4918055
cellsize         0.008333333333
NODATA_value     -9999
[rows 190 to 208 of 254, columns 176 to 219 of 288]
0.7756689306861135 0.7752664578734261 0.7748639850607387 0.7744615122480513 0.7740590394353638 0.7736565666226765 0.7732540938099883 0.7728516209973009 0.7724491481846134 0.772046675371926 0.7716442025592386 0.7712417297465511 0.7708392569338637 0.7704367841211763 0.7700343113084889 0.7696318384958014 0.7691719130912703 0.7686505695661009 0.7681292260409315 0.7676078825157612 0.7670865389905918 0.7665651954654223 0.766043851940253 0.7655225084150836 0.7650011648899142 0.7644798213647448 0.7639584778395754 0.763437134314406 0.7629157907892365 0.7623944472640672 0.7618731037388978 0.7613517602137284 0.7608304166885581 0.7603090731633887 0.7597877296382193 0.7592663861130499 0.7587450425878806 0.7582236990627111 0.7577023555375417 0.7571810120123723 0.7566596684872029 0.7561383249620335 0.7556169814368642 0.7550956379116948
0.7773911622948241 0.7769924227013068 0.7765936831077895 0.7761949435142722 0.7757962039207549 0.7753974643272376 0.7749987247337197 0.7745999851402023 0.774201245546685 0.7738025059531677 0.7734037663596505 0.7730050267661331 0.7726062871726158 0.7722075475790986 0.7718088079855813 0.7714100683920639 0.7709492497174927 0.7704220671006357 0.7698948844837785 0.7693677018669206 0.7688405192500636 0.7683133366332064 0.7677861540163494 0.7672589713994923 0.7667317887826353 0.7662046061657782 0.7656774235489211 0.7651502409320641 0.764623058315207 0.7640958756983499 0.7635686930814929 0.7630415104646359 0.7625143278477778 0.7619871452309208 0.7614599626140638 0.7609327799972067 0.7604055973803496 0.7598784147634926 0.7593512321466355 0.7588240495297784 0.7582968669129214 0.7577696842960643 0.7572425016792073 0.7567153190623502
0.7791133939035346 0.7787183875291874 0.7783233811548402 0.7779283747804931 0.777533368406146 0.7771383620317988 0.776743355657451 0.7763483492831038 0.7759533429087566 0.7755583365344094 0.7751633301600623 0.7747683237857151 0.774373317411368 0.7739783110370209 0.7735833046626737 0.7731882982883265 0.772726586343715 0.7721935646351703 0.7716605429266257 0.77112752121808 0.7705944995095353 0.7700614778009905 0.7695284560924458 0.768995434383901 0.7684624126753563 0.7679293909668117 0.7673963692582669 0.7668633475497222 0.7663303258411774 0.7657973041326327 0.7652642824240881 0.7647312607155433 0.7641982390069977 0.7636652172984529 0.7631321955899082 0.7625991738813634 0.7620661521728187 0.7615331304642741 0.7610001087557293 0.7604670870471846 0.7599340653386398 0.7594010436300951 0.7588680219215503 0.7583350002130057
0.7808356255122452 0.7804443523570682 0.7800530792018912 0.7796618060467141 0.7792705328915371 0.7788792597363601 0.7784879865811823 0.7780967134260054 0.7777054402708283 0.7773141671156513 0.7769228939604743 0.7765316208052973 0.7761403476501202 0.7757490744949432 0.7753578013397662 0.7749665281845892 0.7745039229699376 0.7739650621697052 0.7734262013694728 0.7728873405692395 0.7723484797690071 0.7718096189687748 0.7712707581685423 0.7707318973683099 0.7701930365680776 0.7696541757678452 0.7691153149676128 0.7685764541673804 0.768037593367148 0.7674987325669156 0.7669598717666832 0.7664210109664509 0.7658821501662175 0.7653432893659852 0.7648044285657527 0.7642655677655203 0.763726706965288 0.7631878461650555 0.7626489853648232 0.7621101245645908 0.7615712637643584 0.761032402964126 0.7604935421638936 0.7599546813636613
0.7825578571209565 0.7821703171849496 0.7817827772489427 0.7813952373129358 0.7810076973769289 0.7806201574409221 0.7802326175049145 0.7798450775689076 0.7794575376329007 0.7790699976968938 0.778682457760887 0.77829491782488 0.7779073778888731 0.7775198379528663 0.7771322980168593 0.7767447580808525 0.7762812595961608 0.7757365597042407 0.7751918598123206 0.7746471599203997 0.7741024600284796 0.7735577601365595 0.7730130602446396 0.7724683603527195 0.7719236604607994 0.7713789605688793 0.7708342606769593 0.7702895607850392 0.7697448608931192 0.7692001610011991 0.7686554611092791 0.768110761217359 0.767566061325438 0.767021361433518 0.7664766615415979 0.7659319616496778 0.7653872617577577 0.7648425618658378 0.7642978619739177 0.7637531620819976 0.7632084621900775 0.7626637622981575 0.7621190624062374 0.7615743625143174
0.784280088729667 0.7838962820128302 0.7835124752959934 0.7831286685791568 0.78274486186232 0.7823610551454833 0.7819772484286458 0.781593441711809 0.7812096349949723 0.7808258282781355 0.7804420215612988 0.780058214844462 0.7796744081276252 0.7792906014107885 0.7789067946939517 0.778522987977115 0.7780585962223832 0.7775080572387755 0.7769575182551678 0.7764069792715591 0.7758564402879514 0.7753059013043436 0.7747553623207359 0.7742048233371283 0.7736542843535206 0.7731037453699128 0.7725532063863051 0.7720026674026974 0.7714521284190896 0.7709015894354819 0.7703510504518742 0.7698005114682664 0.7692499724846579 0.7686994335010501 0.7681488945174424 0.7675983555338347 0.767047816550227 0.7664972775666192 0.7659467385830115 0.7653961995994039 0.7648456606157961 0.7642951216321884 0.7637445826485807 0.7631940436649729
0.7860023203383776 0.7856222468407109 0.7852421733430444 0.7848620998453777 0.7844820263477111 0.7841019528500445 0.7837218793523772 0.7833418058547106 0.782961732357044 0.7825816588593774 0.7822015853617108 0.7818215118640441 0.7814414383663775 0.7810613648687109 0.7806812913710443 0.7803012178733777 0.7798359328486058 0.7792795547733103 0.7787231766980149 0.7781667986227186 0.7776104205474232 0.7770540424721278 0.7764976643968324 0.775941286321537 0.7753849082462417 0.7748285301709463 0.7742721520956509 0.7737157740203555 0.7731593959450601 0.7726030178697648 0.7720466397944694 0.771490261719174 0.7709338836438777 0.7703775055685823 0.7698211274932869 0.7692647494179915 0.7687083713426961 0.7681519932674007 0.7675956151921054 0.76703923711681 0.7664828590415146 0.7659264809662192 0.7653701028909238 0.7648137248156285
0.7877245519470889 0.7873482116685924 0.786971871390096 0.7865955311115994 0.7862191908331029 0.7858428505546065 0.7854665102761094 0.7850901699976128 0.7847138297191164 0.7843374894406199 0.7839611491621234 0.7835848088836269 0.7832084686051304 0.782832128326634 0.7824557880481374 0.782079447769641 0.7816132694748289 0.7810510523078459 0.7804888351408628 0.7799266179738787 0.7793644008068957 0.7788021836399127 0.7782399664729297 0.7776777493059466 0.7771155321389636 0.7765533149719805 0.7759910978049974 0.7754288806380144 0.7748666634710314 0.7743044463040483 0.7737422291370653 0.7731800119700822 0.7726177948030982 0.7720555776361152 0.7714933604691321 0.7709311433021491 0.770368926135166 0.7698067089681829 0.7692444918011999 0.7686822746342169 0.7681200574672338 0.7675578403002508 0.7669956231332677 0.7664334059662846
0.7894467835557993 0.789074176496473 0.7887015694371466 0.7883289623778204 0.787956355318494 0.7875837482591677 0.7872111411998407 0.7868385341405143 0.786465927081188 0.7860933200218616 0.7857207129625353 0.7853481059032089 0.7849754988438826 0.7846028917845562 0.7842302847252299 0.7838576776659035 0.7833906061010513 0.7828225498423806 0.7822544935837099 0.7816864373250382 0.7811183810663674 0.7805503248076968 0.7799822685490261 0.7794142122903553 0.7788461560316846 0.7782780997730139 0.7777100435143433 0.7771419872556725 0.7765739309970018 0.776005874738331 0.7754378184796604 0.7748697622209897 0.774301705962318 0.7737336497036472 0.7731655934449766 0.7725975371863059 0.7720294809276351 0.7714614246689644 0.7708933684102937 0.770325312151623 0.7697572558929523 0.7691891996342816 0.7686211433756108 0.7680530871169401
0.79116901516451 0.7908001413243537 0.7904312674841976 0.7900623936440413 0.7896935198038851 0.7893246459637289 0.788955772123572 0.7885868982834159 0.7882180244432596 0.7878491506031035 0.7874802767629472 0.787111402922791 0.7867425290826348 0.7863736552424786 0.7860047814023224 0.7856359075621662 0.7851679427272739 0.7845940473769154 0.7840201520265571 0.7834462566761977 0.7828723613258394 0.782298465975481 0.7817245706251226 0.7811506752747642 0.7805767799244059 0.7800028845740474 0.7794289892236891 0.7788550938733307 0.7782811985229723 0.7777073031726139 0.7771334078222556 0.7765595124718973 0.7759856171215379 0.7754117217711795 0.7748378264208211 0.7742639310704628 0.7736900357201043 0.773116140369746 0.7725422450193876 0.7719683496690293 0.7713944543186708 0.7708205589683125 0.7702466636179541 0.7696727682675957
0.7928912467732212 0.7925261061522352 0.792160965531249 0.791795824910263 0.7914306842892769 0.7910655436682908 0.7907004030473042 0.790335262426318 0.789970121805332 0.789604981184346 0.7892398405633598 0.7888746999423738 0.7885095593213877 0.7881444187004016 0.7877792780794156 0.7874141374584295 0.786945279353497 0.7863655449114509 0.7857858104694049 0.7852060760273579 0.7846263415853119 0.7840466071432658 0.7834668727012197 0.7828871382591738 0.7823074038171277 0.7817276693750816 0.7811479349330356 0.7805682004909895 0.7799884660489435 0.7794087316068975 0.7788289971648514 0.7782492627228054 0.7776695282807583 0.7770897938387124 0.7765100593966663 0.7759303249546202 0.7753505905125742 0.7747708560705281 0.774191121628482 0.7736113871864361 0.77303165274439 0.7724519183023439 0.7718721838602979 0.7712924494182518
0.7946134783819317 0.7942520709801157 0.7938906635782998 0.793529256176484 0.793167848774668 0.792806441372852 0.7924450339710355 0.7920836265692195 0.7917222191674036 0.7913608117655877 0.7909994043637717 0.7906379969619558 0.7902765895601398 0.7899151821583239 0.789553774756508 0.789192367354692 0.7887226159797194 0.7881370424459857 0.787551468912252 0.7869658953785174 0.7863803218447836 0.7857947483110499 0.7852091747773162 0.7846236012435824 0.7840380277098488 0.7834524541761151 0.7828668806423813 0.7822813071086476 0.781695733574914 0.7811101600411803 0.7805245865074465 0.7799390129737128 0.7793534394399781 0.7787678659062444 0.7781822923725107 0.777596718838777 0.7770111453050432 0.7764255717713096 0.7758399982375759 0.7752544247038422 0.7746688511701084 0.7740832776363747 0.7734977041026411 0.7729121305689073
0.7963357099906423 0.7959780358079964 0.7956203616253507 0.7952626874427048 0.794905013260059 0.7945473390774133 0.7941896648947668 0.793831990712121 0.7934743165294752 0.7931166423468294 0.7927589681641836 0.7924012939815378 0.792043619798892 0.7916859456162462 0.7913282714336004 0.7909705972509545 0.7904999526059419 0.7899085399805205 0.7893171273550991 0.7887257147296767 0.7881343021042554 0.787542889478834 0.7869514768534126 0.7863600642279912 0.7857686516025699 0.7851772389771485 0.7845858263517271 0.7839944137263057 0.7834030011008845 0.7828115884754631 0.7822201758500417 0.7816287632246203 0.781037350599198 0.7804459379737766 0.7798545253483552 0.7792631127229338 0.7786717000975125 0.7780802874720911 0.7774888748466697 0.7768974622212483 0.776306049595827 0.7757146369704057 0.7751232243449843 0.7745318117195629
0.7980579415993528 0.7977040006358771 0.7973500596724015 0.7969961187089258 0.7966421777454502 0.7962882367819745 0.7959342958184982 0.7955803548550225 0.7952264138915469 0.7948724729280712 0.7945185319645955 0.7941645910011199 0.7938106500376442 0.7934567090741685 0.7931027681106929 0.7927488271472172 0.7922772892321643 0.7916800375150553 0.7910827857979463 0.7904855340808362 0.7898882823637272 0.7892910306466182 0.7886937789295091 0.7880965272124001 0.7874992754952911 0.786902023778182 0.786304772061073 0.785707520343964 0.785110268626855 0.7845130169097458 0.7839157651926368 0.7833185134755278 0.7827212617584177 0.7821240100413087 0.7815267583241997 0.7809295066070907 0.7803322548899816 0.7797350031728726 0.7791377514557636 0.7785404997386545 0.7779432480215455 0.7773459963044365 0.7767487445873275 0.7761514928702183
0.7997801732080642 0.7994299654637586 0.799079757719453 0.7987295499751476 0.798379342230842 0.7980291344865365 0.7976789267422303 0.7973287189979248 0.7969785112536193 0.7966283035093137 0.7962780957650082 0.7959278880207027 0.7955776802763972 0.7952274725320916 0.7948772647877861 0.7945270570434806 0.7940546258583875 0.7934515350495909 0.7928484442407941 0.7922453534319964 0.7916422626231997 0.791039171814403 0.7904360810056064 0.7898329901968096 0.7892298993880129 0.7886268085792162 0.7880237177704196 0.7874206269616228 0.7868175361528261 0.7862144453440294 0.7856113545352328 0.7850082637264361 0.7844051729176383 0.7838020821088416 0.7831989913000449 0.7825959004912482 0.7819928096824516 0.7813897188736548 0.7807866280648581 0.7801835372560614 0.7795804464472648 0.778977355638468 0.7783742648296713 0.7777711740208746
0.8015024048167746 0.8011559302916392 0.8008094557665039 0.8004629812413685 0.800116506716233 0.7997700321910977 0.7994235576659616 0.7990770831408263 0.7987306086156909 0.7983841340905554 0.79803765956542 0.7976911850402847 0.7973447105151493 0.7969982359900138 0.7966517614648785 0.7963052869397431 0.79583196248461 0.7952230325841256 0.7946141026836412 0.7940051727831559 0.7933962428826714 0.7927873129821871 0.7921783830817027 0.7915694531812184 0.790960523280734 0.7903515933802496 0.7897426634797653 0.789133733579281 0.7885248036787965 0.7879158737783122 0.7873069438778278 0.7866980139773435 0.7860890840768581 0.7854801541763737 0.7848712242758894 0.784262294375405 0.7836533644749206 0.7830444345744363 0.782435504673952 0.7818265747734675 0.7812176448729832 0.7806087149724988 0.7799997850720144 0.7793908551715301
0.8032246364254852 0.8028818951195199 0.8025391538135547 0.8021964125075894 0.8018536712016242 0.8015109298956589 0.8011681885896931 0.8008254472837278 0.8004827059777625 0.8001399646717973 0.799797223365832 0.7994544820598668 0.7991117407539016 0.7987689994479362 0.798426258141971 0.7980835168360058 0.7976092991108324 0.7969945301186604 0.7963797611264885 0.7957649921343154 0.7951502231421433 0.7945354541499713 0.7939206851577992 0.7933059161656273 0.7926911471734552 0.7920763781812832 0.7914616091891111 0.7908468401969392 0.7902320712047671 0.7896173022125951 0.789002533220423 0.7883877642282511 0.7877729952360779 0.787158226243906 0.7865434572517339 0.7859286882595619 0.7853139192673898 0.7846991502752179 0.7840843812830458 0.7834696122908738 0.7828548432987017 0.7822400743065298 0.7816253053143577 0.7810105363221856
0.8049468680341965 0.8046078599474014 0.8042688518606063 0.8039298437738112 0.8035908356870161 0.8032518276002208 0.8029128195134252 0.8025738114266301 0.8022348033398349 0.8018957952530398 0.8015567871662447 0.8012177790794496 0.8008787709926545 0.8005397629058593 0.8002007548190642 0.7998617467322691 0.7993866357370557 0.7987660276531959 0.7981454195693363 0.7975248114854755 0.7969042034016158 0.7962835953177562 0.7956629872338964 0.7950423791500367 0.7944217710661771 0.7938011629823174 0.7931805548984576 0.792559946814598 0.7919393387307383 0.7913187306468786 0.7906981225630189 0.7900775144791592 0.7894569063952984 0.7888362983114388 0.7882156902275791 0.7875950821437193 0.7869744740598597 0.786353865976 0.7857332578921403 0.7851126498082805 0.7844920417244209 0.7838714336405612 0.7832508255567014 0.7826302174728418
0.8065381203384119 0.8062012497761146 0.8058643792138175 0.8055275086515202 0.8051906380892231 0.8048537675269258 0.8045168969646281 0.8041800264023309 0.8038431558400337 0.8035062852777365 0.8031694147154393 0.8028325441531421 0.802495673590845 0.8021588030285477 0.8018219324662506 0.8014850619039533 0.8010136159511312 0.8003983058608533 0.7997829957705753 0.7991676856802963 0.7985523755900183 0.7979370654997404 0.7973217554094625 0.7967064453191846 0.7960911352289066 0.7954758251386287 0.7948605150483506 0.7942452049580727 0.7936298948677948 0.7930145847775169 0.7923992746872389 0.791783964596961 0.791168654506682 0.790553344416404 0.7899380343261261 0.7893227242358481 0.7887074141455702 0.7880921040552923 0.7874767939650144 0.7868614838747364 0.7862461737844584 0.7856308636941804 0.7850155536039025 0.7844002435136246
