Figures/CREST_Example_wjb_NSE/PETs/wjb.pet.20090530.asc
ncols            288
nrows            254
xllcorner        113.274861
yllcorner        31.4918055
cellsize         0.008333333333
NODATA_value     -9999
[rows 20 to 39 of 254, columns 44 to 87 of 288]
3.4393255177704702 3.4398450098313798 3.4403645018922893 3.4408839939531988 3.4414034860141083 3.4419229780750182 3.4424424701359277 3.4429619621968373 3.4434814542577477 3.4440009463186576 3.444520438379567 3.4450399304404766 -9999.0 -9999.0 -9999.0 -9999.0 -9999.0 -9999.0 -9999.0 -9999.0 -9999.0 -9999.0 -9999.0 -9999.0 -9999.0 -9999.0 3.4528323113541215 3.4533518034150315 3.4537305295596346 3.4539587737575443 3.454187017955454 3.454415262153364 3.4546435063512737 3.454871750549183 3.4550999947470933 3.455328238945003 3.455556483142913 3.4557847273408226 3.456012971538732 3.456241215736642 3.4564694599345516 3.4566977041324614 3.456925948330371 3.4571541925282805
3.446073467110421 3.4464131052213554 3.44675274333229 3.4470923814432246 3.447432019554159 3.4477716576650934 3.4481112957760276 3.448450933886962 3.4487905719978973 3.4491302101088315 3.449469848219766 3.4498094863307003 3.450149124441635 3.450488762552569 -9999.0 -9999.0 -9999.0 -9999.0 -9999.0 -9999.0 -9999.0 -9999.0 -9999.0 -9999.0 -9999.0 -9999.0 3.4549040579947174 3.4552436961056516 3.4555177399351473 3.4557216619949567 3.455925584054766 3.456129506114576 3.456333428174385 3.4565373502341945 3.4567412722940043 3.4569451943538136 3.457149116413623 3.4573530384734323 3.457556960533242 3.4577608825930515 3.457964804652861 3.45816872671267 3.4583726487724795 3.458576570832289
3.452821416450372 3.4529812006113314 3.4531409847722907 3.45330076893325 3.4534605530942093 3.4536203372551686 3.453780121416128 3.453939905577087 3.4540996897380465 3.454259473899006 3.454419258059965 3.4545790422209244 3.4547388263818837 3.454898610542843 -9999.0 -9999.0 -9999.0 -9999.0 -9999.0 -9999.0 -9999.0 -9999.0 -9999.0 -9999.0 -9999.0 -9999.0 3.4569758046353134 3.4571355887962727 3.4573049503106605 3.4574845502323694 3.457664150154079 3.4578437500757877 3.458023349997497 3.458202949919206 3.4583825498409153 3.4585621497626247 3.4587417496843336 3.458921349606043 3.459100949527752 3.459280549449461 3.45946014937117 3.4596397492928794 3.4598193492145883 3.4599989491362977
3.4595693657903235 3.4595492960013075 3.4595292262122914 3.459509156423276 3.45948908663426 3.4594690168452438 3.4594489470562277 3.459428877267212 3.459408807478196 3.45938873768918 3.459368667900164 3.459348598111148 3.4593285283221324 3.4593084585331164 -9999.0 -9999.0 -9999.0 -9999.0 -9999.0 -9999.0 -9999.0 -9999.0 -9999.0 -9999.0 -9999.0 -9999.0 3.4590475512759093 3.4590274814868933 3.4590921606861733 3.459247438469782 3.459402716253391 3.459557994037 3.4597132718206085 3.4598685496042174 3.4600238273878268 3.4601791051714352 3.460334382955044 3.460489660738653 3.460644938522262 3.460800216305871 3.4609554940894793 3.4611107718730882 3.461266049656697 3.461421327440306
3.4663173151302744 3.4661173913912835 3.465917467652292 3.4657175439133012 3.4655176201743103 3.465317696435319 3.465117772696328 3.4649178489573367 3.4647179252183453 3.4645180014793544 3.464318077740363 3.464118154001372 3.463918230262381 3.46371830652339 3.463518382784399 3.4633184590454076 -9999.0 3.4629186115674258 3.4627186878284344 -9999.0 -9999.0 -9999.0 -9999.0 -9999.0 -9999.0 3.4613192216554967 3.4611192979165053 3.4609193741775144 3.4608793710616865 3.461010326707195 3.4611412823527035 3.461272237998212 3.4614031936437204 3.4615341492892293 3.461665104934738 3.4617960605802462 3.4619270162257547 3.4620579718712636 3.462188927516772 3.4623198831622806 3.462450838807789 3.4625817944532975 3.462712750098806 3.4628437057443144
3.473065264470226 3.4726854867812595 3.4723057090922933 3.4719259314033266 3.4715461537143604 3.471166376025394 3.470786598336428 3.4704068206474616 3.470027042958495 3.4696472652695287 3.4692674875805625 3.4688877098915962 3.46850793220263 3.4681281545136637 3.4677483768246975 3.467368599135731 3.4669888214467646 3.4666090437577983 3.466229266068832 3.465849488379866 3.4654697106908996 -9999.0 -9999.0 -9999.0 -9999.0 3.463570822246068 3.4631910445571013 3.462811266868135 3.4626665814371993 3.4627732149446078 3.462879848452016 3.4629864819594243 3.4630931154668323 3.4631997489742408 3.4633063824816492 3.4634130159890573 3.4635196494964657 3.4636262830038738 3.4637329165112822 3.4638395500186903 3.4639461835260983 3.4640528170335068 3.464159450540915 3.4642660840483233
3.4798132138101767 3.479253582171235 3.478693950532294 3.4781343188933525 3.477574687254411 3.4770150556154693 3.476455423976528 3.4758957923375866 3.475336160698644 3.4747765290597026 3.4742168974207615 3.47365726578182 3.4730976341428783 3.4725380025039367 3.4719783708649956 3.471418739226054 3.4708591075871125 3.470299475948171 3.4697398443092298 3.469180212670288 3.4686205810313466 -9999.0 -9999.0 -9999.0 -9999.0 3.4658224228366383 3.465262791197697 3.4647031595587556 3.464453791812712 3.46453610318202 3.464618414551328 3.464700725920636 3.4647830372899437 3.4648653486592518 3.46494766002856 3.465029971397868 3.465112282767176 3.465194594136484 3.465276905505792 3.4653592168751 3.4654415282444075 3.4655238396137156 3.4656061509830236 3.4656884623523316
3.486561163150134 3.485821677561217 3.4850821919723 3.484342706383383 3.4836032207944667 3.48286373520555 3.482124249616633 3.4813847640277165 3.4806452784387982 3.4799057928498813 3.479166307260965 3.478426821672048 3.477687336083131 3.4769478504942146 3.4762083649052977 3.475468879316381 3.474729393727464 3.4739899081385475 3.4732504225496306 3.4725109369607137 3.471771451371797 3.471031965782879 -9999.0 -9999.0 -9999.0 3.468074023427212 3.467334537838295 3.4665950522493785 3.466241002188227 3.4662989914194346 3.4663569806506422 3.46641496988185 3.4664729591130574 3.466530948344265 3.4665889375754726 3.4666469268066806 3.466704916037888 3.466762905269096 3.4668208945003034 3.466878883731511 3.4669368729627186 3.466994862193926 3.4670528514251338 3.4671108406563413
3.4936133287151336 3.4927305685989545 3.4918478084827753 3.4909650483665966 3.4900822882504174 3.4891995281342383 3.4883167680180596 3.4874340079018804 3.4865512477857 3.4856684876695208 3.484785727553342 3.483902967437163 3.4830202073209837 3.482137447204805 3.481254687088626 3.4803719269724467 3.479489166856268 3.478606406740089 3.4777236466239096 3.476840886507731 3.4759581263915518 3.4750753662753713 3.474192606159192 3.4733098460430134 3.4724270859268342 3.471544325810655 3.4706615656944764 3.469778805578297 3.4693724818097262 3.469475479267096 3.469578476724466 3.4696814741818356 3.4697844716392057 3.4698874690965753 3.4699904665539454 3.4700934640113155 3.470196461468685 3.4702994589260547 3.470402456383425 3.4705054538407945 3.4706084512981645 3.470711448755534 3.4708144462129042 3.470917443670274
3.5009906822412877 3.5000037486940827 3.4990168151468777 3.498029881599672 3.497042948052467 3.496056014505262 3.495069080958057 3.4940821474108517 3.493095213863645 3.49210828031644 3.491121346769235 3.4901344132220293 3.4891474796748243 3.4881605461276193 3.4871736125804143 3.486186679033209 3.4851997454860038 3.4842128119387987 3.4832258783915937 3.4822389448443882 3.481252011297183 3.4802650777499764 3.4792781442027714 3.478291210655566 3.477304277108361 3.476317343561156 3.4753304100139504 3.4743434764667454 3.4739409004875648 3.4741630159586236 3.474385131429683 3.474607246900742 3.4748293623718007 3.4750514778428596 3.475273593313919 3.475495708784978 3.4757178242560367 3.4759399397270956 3.4761620551981545 3.4763841706692133 3.4766062861402722 3.476828401611331 3.47705051708239 3.4772726325534493
3.5083680357674423 3.507276928789211 3.5061858218109796 3.5050947148327483 3.504003607854517 3.5029125008762856 3.5018213938980542 3.5007302869198234 3.49963917994159 3.4985480729633585 3.4974569659851276 3.4963658590068962 3.495274752028665 3.4941836450504336 3.493092538072202 3.492001431093971 3.4909103241157395 3.489819217137508 3.488728110159277 3.4876370031810455 3.486545896202814 3.485454789224581 3.4843636822463497 3.4832725752681184 3.482181468289887 3.4810903613116557 3.4799992543334244 3.4789081473551935 3.4785093191654033 3.478850552650151 3.479191786134899 3.4795330196196472 3.4798742531043954 3.4802154865891435 3.480556720073892 3.4808979535586397 3.481239187043388 3.481580420528136 3.481921654012884 3.482262887497632 3.48260412098238 3.482945354467128 3.483286587951876 3.483627821436624
3.515745389293597 3.514550108884339 3.513354828475082 3.5121595480658243 3.510964267656567 3.5097689872473095 3.5085737068380523 3.5073784264287946 3.506183146019535 3.5049878656102775 3.5037925852010203 3.5025973047917627 3.5014020243825055 3.500206743973248 3.4990114635639906 3.497816183154733 3.4966209027454753 3.495425622336218 3.4942303419269605 3.4930350615177033 3.4918397811084456 3.490644500699186 3.489449220289929 3.4882539398806713 3.4870586594714137 3.4858633790621565 3.484668098652899 3.4834728182436416 3.483077737843242 3.4835380893416787 3.483998440840116 3.484458792338553 3.4849191438369904 3.4853794953354273 3.485839846833865 3.4863001983323025 3.4867605498307395 3.487220901329177 3.4876812528276138 3.488141604326051 3.488601955824488 3.489062307322925 3.4895226588213624 3.4899830103197993
3.5231227428197514 3.521823288979468 3.520523835139184 3.5192243812989004 3.517924927458617 3.5166254736183333 3.51532601977805 3.5140265659377663 3.51272711209748 3.5114276582571966 3.510128204416913 3.5088287505766296 3.507529296736346 3.506229842896062 3.5049303890557786 3.503630935215495 3.5023314813752116 3.501032027534928 3.4997325736946445 3.4984331198543606 3.497133666014077 3.4958342121737913 3.494534758333508 3.4932353044932243 3.4919358506529408 3.490636396812657 3.4893369429723733 3.4880374891320898 3.4876461565210803 3.4882256260332065 3.488805095545333 3.4893845650574593 3.4899640345695855 3.4905435040817117 3.4911229735938387 3.491702443105965 3.492281912618091 3.4928613821302172 3.4934408516423434 3.4940203211544696 3.4945997906665958 3.4951792601787224 3.4957587296908486 3.4963381992029747
3.530500096345912 3.5290964690746023 3.5276928418032925 3.5262892145319826 3.524885587260673 3.523481959989363 3.522078332718053 3.5206747054467433 3.519271078175431 3.517867450904121 3.516463823632811 3.5150601963615014 3.5136565690901915 3.5122529418188817 3.510849314547572 3.509445687276262 3.5080420600049522 3.5066384327336424 3.5052348054623326 3.5038311781910227 3.502427550919713 3.501023923648401 3.499620296377091 3.498216669105781 3.4968130418344714 3.4954094145631616 3.4940057872918517 3.492602160020542 3.492214575198923 3.4929131627247383 3.4936117502505537 3.494310337776369 3.4950089253021845 3.495707512828 3.4964061003538163 3.4971046878796317 3.497803275405447 3.4985018629312625 3.499200450457078 3.4998990379828934 3.500597625508709 3.501296213034524 3.5019948005603396 3.502693388086155
3.5378774498720666 3.5363696491697305 3.5348618484673944 3.5333540477650587 3.5318462470627225 3.5303384463603864 3.5288306456580507 3.5273228449557146 3.5258150442533758 3.52430724355104 3.522799442848704 3.521291642146368 3.519783841444032 3.518276040741696 3.51676824003936 3.515260439337024 3.513752638634688 3.512244837932352 3.510737037230016 3.50922923652768 3.507721435825344 3.5062136351230055 3.5047058344206694 3.5031980337183337 3.5016902330159976 3.5001824323136614 3.4986746316113257 3.4971668309089896 3.496782993876761 3.4976006994162656 3.4984184049557703 3.4992361104952745 3.500053816034779 3.5008715215742834 3.5016892271137894 3.502506932653294 3.5033246381927983 3.504142343732303 3.5049600492718076 3.505777754811312 3.5065954603508165 3.507413165890321 3.5082308714298254 3.50904857696933
3.5452548033982207 3.5436428292648587 3.5420308551314967 3.5404188809981347 3.5388069068647723 3.5371949327314103 3.5355829585980483 3.533970984464686 3.532359010331321 3.530747036197959 3.5291350620645967 3.5275230879312347 3.5259111137978727 3.5242991396645102 3.5226871655311482 3.5210751913977862 3.5194632172644242 3.517851243131062 3.5162392689977 3.514627294864338 3.5130153207309753 3.5114033465976107 3.5097913724642487 3.508179398330886 3.506567424197524 3.504955450064162 3.5033434759307998 3.5017315017974378 3.5013514125546 3.5022882361077934 3.503225059660987 3.5041618832141803 3.5050987067673742 3.5060355303205677 3.506972353873763 3.5079091774269564 3.50884600098015 3.509782824533344 3.5107196480865372 3.5116564716397307 3.512593295192924 3.513530118746118 3.5144669422993116 3.515403765852505
3.5526321569243753 3.550916009359987 3.5491998617955987 3.547483714231211 3.5457675666668225 3.544051419102434 3.542335271538046 3.5406191239736575 3.538902976409266 3.537186828844878 3.53547068128049 3.5337545337161016 3.5320383861517133 3.530322238587325 3.5286060910229367 3.5268899434585483 3.52517379589416 3.5234576483297717 3.5217415007653834 3.520025353200995 3.5183092056366068 3.516593058072216 3.5148769105078275 3.513160762943439 3.511444615379051 3.5097284678146625 3.508012320250274 3.506296172685886 3.5059198312324384 3.506975772799321 3.508031714366204 3.5090876559330866 3.5101435974999693 3.5111995390668516 3.512255480633736 3.5133114222006188 3.5143673637675015 3.515423305334384 3.516479246901267 3.5175351884681496 3.5185911300350323 3.519647071601915 3.5207030131687977 3.5217589547356805
3.56000951045053 3.558189189455115 3.556368868459701 3.5545485474642864 3.552728226468872 3.5509079054734576 3.5490875844780434 3.5472672634826288 3.5454469424872115 3.543626621491797 3.5418063004963822 3.539985979500968 3.5381656585055534 3.5363453375101392 3.5345250165147246 3.5327046955193104 3.530884374523896 3.529064053528481 3.527243732533067 3.5254234115376524 3.523603090542238 3.5217827695468205 3.5199624485514063 3.5181421275559916 3.516321806560577 3.514501485565163 3.512681164569748 3.510860843574334 3.5104882499102765 3.5116633094908485 3.51283836907142 3.514013428651992 3.515188488232564 3.5163635478131354 3.517538607393709 3.518713666974281 3.5198887265548526 3.5210637861354246 3.5222388457159965 3.523413905296568 3.52458896487714 3.5257640244577115 3.5269390840382835 3.528114143618855
3.5673868639766844 3.565462369550244 3.563537875123803 3.5616133806973624 3.559688886270922 3.5577643918444815 3.555839897418041 3.5539154029916005 3.5519909085651564 3.550066414138716 3.5481419197122754 3.5462174252858345 3.544292930859394 3.5423684364329535 3.540443942006513 3.5385194475800725 3.5365949531536316 3.534670458727191 3.5327459643007506 3.53082146987431 3.5288969754478696 3.5269724810214256 3.525047986594985 3.5231234921685446 3.521198997742104 3.519274503315663 3.5173500088892227 3.515425514462782 3.5150566685881155 3.5163508461823763 3.517645023776637 3.5189392013708978 3.520233378965159 3.5215275565594197 3.5228217341536827 3.5241159117479435 3.5254100893422047 3.5267042669364654 3.527998444530726 3.529292622124987 3.530586799719248 3.531880977313509 3.5331751549077697 3.5344693325020304
3.5747642175028393 3.5727355496453725 3.5707068817879057 3.568678213930439 3.566649546072972 3.5646208782155053 3.5625922103580385 3.5605635425005717 3.558534874643102 3.556506206785635 3.554477538928168 3.5524488710707014 3.5504202032132346 3.548391535355768 3.546362867498301 3.5443341996408346 3.542305531783368 3.540276863925901 3.538248196068434 3.5362195282109674 3.5341908603535006 3.5321621924960307 3.530133524638564 3.528104856781097 3.5260761889236303 3.5240475210661635 3.5220188532086967 3.51999018535123 3.5196250872659536 3.5210383828739036 3.5224516784818536 3.5238649740898036 3.5252782696977536 3.5266915653057036 3.528104860913656 3.529518156521606 3.530931452129556 3.532344747737506 3.533758043345456 3.535171338953406 3.5365846345613554 3.5379979301693054 3.5394112257772554 3.5408245213852054
