Figures/CREST_Example_wjb_NSE/PETs/wjb.pet.20090510.asc
ncols            288
nrows            254
xllcorner        113.274861
yllcorner        31.4918055
cellsize         0.008333333333
NODATA_value     -9999
[rows 60 to 79 of 254, columns 0 to 43 of 288]
-9999.0 -9999.0 -9999.0 -9999.0 -9999.0 -9999.0 -9999.0 -9999.0 -9999.0 -9999.0 -9999.0 1.8390675051095366 1.8442594164374182 1.856857032444028 1.8694546484506167 1.882052264457205 1.8946498804637937 1.907247496470382 1.9198451124769706 1.932442728483559 1.9450403444901476 1.957637960496736 1.9702355765033246 1.982833192509913 1.9954308085165016 2.00802842452309 2.0206260405297 2.0332236565362884 2.045821272542877 2.0584188885494656 2.071016504556054 2.0836141205626424 2.0962117365692308 2.108809352575819 2.121406968582408 2.1340045845889963 2.1466022005955847 2.1591998166021735 2.171797432608762 2.1843950486153716 2.1969926646219604 2.209590280628549 2.2154601427557377 2.2141378839324295
-9999.0 -9999.0 -9999.0 -9999.0 -9999.0 -9999.0 -9999.0 -9999.0 -9999.0 1.85288065152463 1.8512120847544293 1.8495435179842286 1.8546799457404122 1.8670910664095273 1.8795021870786213 1.8919133077477153 1.904324428416809 1.916735549085903 1.929146669754997 1.9415577904240908 1.9539689110931848 1.9663800317622788 1.9787911524313726 1.9912022731004666 2.0036133937695606 2.0160245144386546 2.0284356351077695 2.0408467557768635 2.0532578764459575 2.0656689971150515 2.0780801177841455 2.0904912384532395 2.102902359122333 2.115313479791427 2.127724600460521 2.140135721129615 2.152546841798709 2.164957962467803 2.177369083136897 2.189780203806012 2.202191324475106 2.2146024451442 2.220374016055437 2.2190477582156003
-9999.0 -9999.0 -9999.0 -9999.0 -9999.0 -9999.0 -9999.0 -9999.0 -9999.0 1.8632225258427764 1.8616210283508483 1.8600195308589202 1.865100475043406 1.8773251003750262 1.8895497257066256 1.901774351038225 1.9139989763698244 1.9262236017014238 1.9384482270330232 1.9506728523646226 1.962897477696222 1.9751221030278214 1.9873467283594208 1.9995713536910202 2.0117959790226196 2.0240206043542193 2.0362452296858393 2.048469855017439 2.060694480349038 2.0729191056806378 2.085143731012237 2.0973683563438366 2.1095929816754357 2.1218176070070354 2.1340422323386345 2.146266857670234 2.1584914830018334 2.170716108333433 2.182940733665032 2.195165358996652 2.207389984328252 2.2196146096598515 2.2252878893551364 2.2239576324987715
-9999.0 -9999.0 -9999.0 -9999.0 -9999.0 -9999.0 -9999.0 -9999.0 -9999.0 1.873564400160923 1.8720299719472675 1.8704955437336122 1.8755210043464 1.8875591343405254 1.8995972643346302 1.911635394328735 1.92367352432284 1.9357116543169448 1.9477497843110496 1.9597879143051544 1.9718260442992592 1.9838641742933643 1.995902304287469 2.007940434281574 2.0199785642756787 2.0320166942697835 2.044054824263909 2.056092954258014 2.068131084252119 2.0801692142462236 2.0922073442403284 2.104245474234433 2.116283604228538 2.128321734222643 2.1403598642167476 2.152397994210853 2.1644361242049577 2.1764742541990625 2.1885123841931673 2.2005505141872925 2.2125886441813973 2.224626774175502 2.230201762654836 2.2288675067819423
-9999.0 -9999.0 -9999.0 -9999.0 -9999.0 -9999.0 -9999.0 -9999.0 1.885373633414452 1.8839062744790693 1.8824389155436867 1.8809715566083038 1.8859415336493937 1.8977931683060243 1.9096448029626345 1.921496437619245 1.9333480722758551 1.9451997069324656 1.9570513415890758 1.968902976245686 1.9807546109022964 1.9926062455589066 2.004457880215517 2.0163095148721273 2.0281611495287377 2.040012784185348 2.0518644188419786 2.063716053498589 2.075567688155199 2.0874193228118094 2.09927095746842 2.11112259212503 2.1229742267816403 2.1348258614382507 2.146677496094861 2.158529130751471 2.1703807654080816 2.182232400064692 2.1940840347213024 2.205935669377933 2.217787304034543 2.2296389386911533 2.235115635954535 2.233777381065113
-9999.0 -9999.0 -9999.0 -9999.0 -9999.0 -9999.0 -9999.0 -9999.0 1.895648438454326 1.8942481487972158 1.892847859140106 1.8914475694829957 1.8963620629523876 1.9080272022715234 1.919692341590639 1.931357480909755 1.9430226202288707 1.9546877595479863 1.9663528988671022 1.9780180381862178 1.9896831775053336 2.0013483168244495 2.013013456143565 2.024678595462681 2.0363437347817968 2.0480088741009124 2.059674013420048 2.071339152739164 2.0830042920582796 2.0946694313773953 2.1063345706965113 2.117999710015627 2.1296648493347425 2.1413299886538586 2.152995127972974 2.16466026729209 2.176325406611206 2.1879905459303215 2.199655685249437 2.2113208245685727 2.2229859638876888 2.2346511032068044 2.240029509254234 2.238687255348284
-9999.0 -9999.0 -9999.0 -9999.0 -9999.0 -9999.0 -9999.0 -9999.0 1.9059232434942082 1.904590023115371 1.9032568027365335 1.9019235823576963 1.9067825922553903 1.9182612362370308 1.9297398802186518 1.941218524200273 1.952697168181894 1.9641758121635151 1.9756544561451361 1.9871331001267571 1.9986117441083782 2.010090388089999 2.0215690320716204 2.033047676053241 2.0445263200348625 2.0560049640164837 2.067483607998124 2.0789622519797453 2.090440895961366 2.1019195399429873 2.1133981839246085 2.1248768279062293 2.1363554718878506 2.1478341158694714 2.1593127598510926 2.1707914038327134 2.1822700478143346 2.193748691795956 2.2052273357775767 2.2167059797592175 2.2281846237408383 2.2396632677224595 2.2449433825539375 2.2435971296314587
-9999.0 -9999.0 -9999.0 -9999.0 -9999.0 -9999.0 -9999.0 -9999.0 1.9161980485340822 1.9149318974335174 1.913665746332953 1.9123995952323882 1.9172031215583842 1.92849527020253 1.9397874188466564 1.951079567490783 1.9623717161349095 1.973663864779036 1.9849560134231625 1.996248162067289 2.0075403107114154 2.018832459355542 2.0301246079996687 2.041416756643795 2.0527089052879215 2.064001053932048 2.075293202576194 2.0865853512203203 2.0978774998644467 2.109169648508573 2.1204617971527 2.1317539457968264 2.143046094440953 2.1543382430850793 2.1656303917292057 2.176922540373332 2.188214689017459 2.1995068376615854 2.210798986305712 2.2220911349498573 2.233383283593984 2.2446754322381106 2.249857255853637 2.2485070039146295
-9999.0 -9999.0 -9999.0 -9999.0 -9999.0 -9999.0 -9999.0 1.9276719353962477 1.926472853573956 1.925273771751664 1.924074689929372 1.92287560810708 1.927623650861378 1.938729304168029 1.949834957474661 1.9609406107812928 1.9720462640879248 1.9831519173945569 1.9942575707011887 2.0053632240078207 2.016468877314453 2.027574530621085 2.038680183927717 2.0497858372343485 2.0608914905409805 2.0719971438476126 2.0831027971542637 2.0942084504608953 2.1053141037675274 2.1164197570741594 2.1275254103807915 2.1386310636874235 2.1497367169940556 2.160842370300687 2.171948023607319 2.1830536769139512 2.1941593302205833 2.2052649835272153 2.2163706368338474 2.227476290140498 2.23858194344713 2.249687596753762 2.2547711291533363 2.253416878197801
-9999.0 -9999.0 -9999.0 -9999.0 -9999.0 -9999.0 -9999.0 1.937879671157849 1.9367476586138297 1.9356156460698104 1.9344836335257911 1.9333516209817718 1.938044180164372 1.948963338133528 1.9598824961026655 1.970801654071803 1.9817208120409402 1.9926399700100776 2.0035591279792153 2.0144782859483525 2.0253974439174898 2.0363166018866274 2.0472357598557647 2.0581549178249023 2.0690740757940396 2.0799932337631772 2.090912391732333 2.101831549701471 2.112750707670608 2.1236698656397452 2.134589023608883 2.14550818157802 2.156427339547158 2.167346497516295 2.1782656554854327 2.18918481345457 2.200103971423707 2.211023129392845 2.221942287361982 2.2328614453311384 2.2437806033002756 2.2546997612694133 2.2596850024530357 2.2583267524809716
-9999.0 -9999.0 -9999.0 -9999.0 -9999.0 -9999.0 -9999.0 1.94808740691945 1.9470224636537032 1.9459575203879567 1.94489257712221 1.9438276338564635 1.9484647094673657 1.959197372099027 1.9699300347306699 1.9806626973623127 1.9913953599939556 2.0021280226255986 2.0128606852572415 2.0235933478888843 2.034326010520527 2.04505867315217 2.055791335783813 2.0665239984154558 2.0772566610470986 2.0879893236787415 2.0987219863104025 2.1094546489420454 2.1201873115736882 2.130919974205331 2.1416526368369744 2.1523852994686172 2.16311796210026 2.173850624731903 2.184583287363546 2.1953159499951886 2.2060486126268315 2.2167812752584743 2.227513937890117 2.2382466005217783 2.248979263153421 2.259711925785064 2.264598875752735 2.2632366267641424
-9999.0 -9999.0 -9999.0 -9999.0 -9999.0 -9999.0 1.959293016668525 1.958295142681051 1.957297268693577 1.9562993947061031 1.955301520718629 1.9543036467311552 1.9588852387703595 1.9694314060645257 1.9799775733586742 1.9905237406528224 2.0010699079469707 2.011616075241119 2.0221622425352677 2.0327084098294157 2.043254577123564 2.0538007444177127 2.0643469117118607 2.074893079006009 2.0854392463001576 2.0959854135943057 2.1065315808884724 2.1170777481826204 2.127623915476769 2.1381700827709174 2.1487162500650654 2.159262417359214 2.1698085846533623 2.1803547519475104 2.190900919241659 2.2014470865358073 2.2119932538299554 2.222539421124104 2.2330855884182523 2.2436317557124186 2.254177923006567 2.264724090300715 2.269512749052434 2.268146501047313
-9999.0 -9999.0 -9999.0 -9999.0 -9999.0 -9999.0 -9999.0 1.9685028784426608 1.9675720737334597 1.9666412690242583 1.9657104643150571 1.9647796596058558 1.9693057680733623 1.9796654400300335 1.9900251119866872 2.000384783943341 2.0107444558999945 2.021104127856648 2.031463799813302 2.0418234717699555 2.0521831437266087 2.0625428156832624 2.072902487639916 2.0832621595965697 2.0936218315532233 2.103981503509877 2.1143411754665484 2.124700847423202 2.1350605193798557 2.145420191336509 2.1557798632931626 2.1661395352498163 2.17649920720647 2.1868588791631236 2.1972185511197773 2.207578223076431 2.2179378950330846 2.2282975669897382 2.238657238946392 2.2490169109030633 2.2593765828597165 2.26973625481637 2.2744266223521374 2.273056375330488
-9999.0 -9999.0 -9999.0 -9999.0 -9999.0 -9999.0 -9999.0 -9999.0 1.9778468787733334 1.976983143342405 1.9761194079114763 1.9752556724805477 1.9797262973763563 1.9898994739955327 2.0000726506146917 2.010245827233851 2.02041900385301 2.030592180472169 2.040765357091328 2.0509385337104873 2.061111710329646 2.0712848869488054 2.0814580635679643 2.0916312401871235 2.101804416806283 2.1119775934254417 2.1221507700446183 2.132323946663777 2.1424971232829364 2.1526702999020952 2.1628434765212545 2.1730166531404134 2.1831898297595727 2.193363006378732 2.203536182997891 2.21370935961705 2.223882536236209 2.234055712855368 2.244228889474527 2.2544020660937036 2.264575242712863 2.2747484193320218 2.2793404956518373 2.2779662496136592
-9999.0 -9999.0 -9999.0 -9999.0 -9999.0 -9999.0 -9999.0 -9999.0 -9999.0 1.9873250176605513 1.9865283515078953 1.9857316853552394 1.99014682667935 2.0001335079610314 2.0101201892426963 2.0201068705243608 2.0300935518060252 2.0400802330876897 2.050066914369354 2.0600535956510186 2.0700402769326836 2.080026958214348 2.0900136394960125 2.100000320777677 2.1099870020593414 2.119973683341006 2.1299603646226877 2.139947045904352 2.1499337271860166 2.1599204084676815 2.169907089749346 2.1798937710310105 2.189880452312675 2.1998671335943394 2.209853814876004 2.2198404961576688 2.2298271774393332 2.2398138587209977 2.249800540002662 2.259787221284344 2.2697739025660084 2.279760583847673 2.284254368951536 2.28287612389683
-9999.0 -9999.0 -9999.0 -9999.0 -9999.0 -9999.0 -9999.0 -9999.0 -9999.0 -9999.0 1.9969372951043143 1.996207698229931 2.000567355982344 2.0103675419265303 2.0201677278707004 2.0299679138148705 2.0397680997590406 2.0495682857032103 2.0593684716473803 2.0691686575915504 2.0789688435357205 2.0887690294798906 2.0985692154240603 2.1083694013682304 2.1181695873124005 2.1279697732565706 2.137769959200757 2.147570145144927 2.1573703310890973 2.1671705170332674 2.176970702977437 2.186770888921607 2.196571074865777 2.2063712608099473 2.2161714467541174 2.225971632698287 2.235771818642457 2.245572004586627 2.2553721905307973 2.265172376474984 2.274972562419154 2.284772748363324 2.2891682422512356 2.287785998180001
-9999.0 -9999.0 -9999.0 -9999.0 -9999.0 -9999.0 -9999.0 -9999.0 -9999.0 -9999.0 -9999.0 2.006683711104623 2.0109878852853376 2.0206015758920297 2.030215266498705 2.0398289571053807 2.049442647712056 2.0590563383187312 2.068670028925407 2.0782837195320822 2.0878974101387575 2.0975111007454332 2.1071247913521085 2.1167384819587842 2.1263521725654595 2.1359658631721348 2.145579553778827 2.155193244385502 2.164806934992178 2.174420625598853 2.1840343162055285 2.193648006812204 2.2032616974188795 2.212875388025555 2.2224890786322304 2.2321027692389057 2.2417164598455814 2.2513301504522567 2.260943841058932 2.270557531665624 2.2801712222722994 2.289784912878975 2.294082115550935 2.292695872463171
-9999.0 -9999.0 -9999.0 -9999.0 -9999.0 -9999.0 -9999.0 -9999.0 -9999.0 -9999.0 -9999.0 2.0171597239793146 2.0214084145883313 2.0308356098575286 2.0402628051267095 2.0496900003958904 2.0591171956650713 2.0685443909342522 2.077971586203433 2.087398781472614 2.096825976741795 2.106253172010976 2.1156803672801567 2.1251075625493376 2.1345347578185185 2.1439619530876994 2.1533891483568963 2.162816343626077 2.172243538895258 2.181670734164439 2.19109792943362 2.200525124702801 2.2099523199719817 2.2193795152411626 2.2288067105103435 2.2382339057795244 2.2476611010487053 2.257088296317886 2.266515491587067 2.275942686856264 2.285369882125445 2.294797077394626 2.298995988850634 2.2976057467463424
-9999.0 -9999.0 -9999.0 -9999.0 -9999.0 -9999.0 -9999.0 -9999.0 -9999.0 -9999.0 -9999.0 2.0276357368540063 2.031828943891325 2.0410696438230276 2.0503103437547137 2.0595510436864 2.0687917436180863 2.078032443549773 2.0872731434814593 2.0965138434131454 2.105754543344832 2.1149952432765184 2.1242359432082045 2.133476643139891 2.1427173430715776 2.1519580430032637 2.1611987429349657 2.1704394428666522 2.1796801427983388 2.188920842730025 2.1981615426617114 2.207402242593398 2.216642942525084 2.2258836424567705 2.2351243423884566 2.244365042320143 2.2536057422518296 2.2628464421835157 2.2720871421152022 2.2813278420469043 2.290568541978591 2.299809241910277 2.3039098621503333 2.302515621029513
-9999.0 -9999.0 -9999.0 -9999.0 -9999.0 -9999.0 -9999.0 -9999.0 -9999.0 -9999.0 -9999.0 -9999.0 2.042249473194328 2.0513036777885354 2.060357882382727 2.069412086976919 2.0784662915711105 2.0875204961653018 2.0965747007594935 2.105628905353685 2.114683109947877 2.1237373145420686 2.1327915191362603 2.141845723730452 2.1508999283246437 2.1599541329188354 2.1690083375130422 2.178062542107234 2.1871167467014256 2.1961709512956173 2.205225155889809 2.2142793604840008 2.2233335650781925 2.2323877696723837 2.2414419742665754 2.250496178860767 2.259550383454959 2.2686045880491505 2.2776587926433423 2.2867129972375495 2.295767201831741 2.3048214064259325 2.3088237354500367 2.307425495312688
