Figures/CREST_Example_wjb_NSE/PETs/wjb.pet.20100309.asc
ncols            288
nrows            254
xllcorner        113.274861
yllcorner        31.4918055
cellsize         0.008333333333
NODATA_value     -9999
[rows 20 to 39 of 254, columns 44 to 87 of 288]
1.315525537817186 1.3143096092303417 1.3130936806434974 1.3118777520566531 1.3106618234698089 1.3094458948829646 1.3082299662961203 1.3070140377092763 1.3057981091224298 1.3045821805355855 1.3033662519487414 1.3021503233618972 -9999.0 -9999.0 -9999.0 -9999.0 -9999.0 -9999.0 -9999.0 -9999.0 -9999.0 -9999.0 -9999.0 -9999.0 -9999.0 -9999.0 1.2839113945592313 1.282695465972387 1.2814747232320505 1.280248834052801 1.279022944873552 1.2777970556943028 1.2765711665150536 1.2753452773358043 1.2741193881565531 1.2728934989773038 1.2716676097980546 1.2704417206188054 1.269215831439556 1.267989942260307 1.2667640530810578 1.2655381639018084 1.2643122747225592 1.26308638554331
1.3160748884310653 1.3148346260466266 1.313594363662188 1.3123541012777495 1.3111138388933108 1.3098735765088723 1.3086333141244337 1.307393051739995 1.3061527893555542 1.3049125269711157 1.3036722645866772 1.3024320022022384 1.3011917398178 1.2999514774333614 -9999.0 -9999.0 -9999.0 -9999.0 -9999.0 -9999.0 -9999.0 -9999.0 -9999.0 -9999.0 -9999.0 -9999.0 1.2838280664356574 1.2825878040512186 1.281368033069268 1.2801701678598065 1.2789723026503452 1.2777744374408837 1.2765765722314224 1.2753787070219609 1.2741808418124976 1.272982976603036 1.2717851113935748 1.2705872461841132 1.269389380974652 1.2681915157651904 1.266993650555729 1.2657957853462676 1.2645979201368063 1.2634000549273448
1.316624239044945 1.315359642862912 1.314095046680879 1.312830450498846 1.311565854316813 1.31030125813478 1.3090366619527471 1.3077720657707141 1.306507469588679 1.305242873406646 1.303978277224613 1.3027136810425801 1.3014490848605471 1.300184488678514 -9999.0 -9999.0 -9999.0 -9999.0 -9999.0 -9999.0 -9999.0 -9999.0 -9999.0 -9999.0 -9999.0 -9999.0 1.2837447383120832 1.2824801421300502 1.2812613429064856 1.280091501666812 1.2789216604271383 1.2777518191874648 1.2765819779477912 1.2754121367081175 1.274242295468442 1.2730724542287684 1.2719026129890947 1.2707327717494212 1.2695629305097476 1.2683930892700739 1.2672232480304004 1.2660534067907268 1.264883565551053 1.2637137243113796
1.3171735896588244 1.3158846596791969 1.3145957296995696 1.3133067997199424 1.3120178697403149 1.3107289397606876 1.3094400097810603 1.3081510798014329 1.3068621498218034 1.3055732198421761 1.3042842898625489 1.3029953598829214 1.301706429903294 1.3004174999236668 -9999.0 -9999.0 -9999.0 -9999.0 -9999.0 -9999.0 -9999.0 -9999.0 -9999.0 -9999.0 -9999.0 -9999.0 1.2836614101885093 1.2823724802088818 1.2811546527437032 1.2800128354738174 1.2788710182039316 1.2777292009340457 1.27658738366416 1.275445566394274 1.2743037491243865 1.2731619318545007 1.2720201145846148 1.270878297314729 1.2697364800448432 1.2685946627749574 1.2674528455050715 1.266311028235186 1.2651692109653 1.2640273936954143
1.3177229402727038 1.316409676495482 1.3150964127182603 1.3137831489410385 1.312469885163817 1.3111566213865953 1.3098433576093735 1.3085300938321518 1.3072168300549278 1.3059035662777063 1.3045903025004846 1.3032770387232628 1.301963774946041 1.3006505111688194 1.2993372473915978 1.298023983614376 -9999.0 1.2953974560599326 1.294084192282711 -9999.0 -9999.0 -9999.0 -9999.0 -9999.0 -9999.0 1.284891345842157 1.2835780820649352 1.2822648182877134 1.2810479625809206 1.2799341692808226 1.2788203759807246 1.2777065826806266 1.2765927893805287 1.2754789960804307 1.274365202780331 1.273251409480233 1.272137616180135 1.271023822880037 1.269910029579939 1.268796236279841 1.267682442979743 1.266568649679645 1.265454856379547 1.264341063079449
1.3182722908865832 1.3169346933117672 1.3155970957369512 1.3142594981621352 1.312921900587319 1.311584303012503 1.310246705437687 1.3089091078628707 1.3075715102880525 1.3062339127132363 1.3048963151384203 1.3035587175636043 1.302221119988788 1.300883522413972 1.299545924839156 1.2982083272643399 1.2968707296895239 1.2955331321147079 1.294195534539892 1.2928579369650757 1.2915203393902597 -9999.0 -9999.0 -9999.0 -9999.0 1.284832351516177 1.283494753941361 1.2821571563665448 1.280941272418138 1.2798555030878278 1.2787697337575177 1.2776839644272076 1.2765981950968974 1.275512425766587 1.2744266564362752 1.273340887105965 1.2722551177756547 1.2711693484453446 1.2700835791150344 1.2689978097847243 1.2679120404544142 1.266826271124104 1.2657405017937937 1.2646547324634836
1.3188216415004625 1.3174597101280523 1.3160977787556418 1.3147358473832313 1.3133739160108209 1.3120119846384106 1.3106500532660001 1.3092881218935897 1.307926190521177 1.3065642591487665 1.305202327776356 1.3038403964039456 1.3024784650315353 1.3011165336591248 1.2997546022867144 1.2983926709143039 1.2970307395418934 1.2956688081694832 1.2943068767970727 1.2929449454246622 1.2915830140522517 -9999.0 -9999.0 -9999.0 -9999.0 1.2847733571901974 1.2834114258177869 1.2820494944453764 1.2808345822553555 1.2797768368948332 1.278719091534311 1.2776613461737885 1.2766036008132662 1.2755458554527437 1.2744881100922196 1.2734303647316971 1.2723726193711749 1.2713148740106526 1.27025712865013 1.2691993832896078 1.2681416379290853 1.267083892568563 1.2660261472080407 1.2649684018475182
1.3193709921143426 1.3179847269443379 1.3165984617743332 1.3152121966043282 1.3138259314343235 1.3124396662643185 1.3110534010943138 1.309667135924309 1.3082808707543019 1.306894605584297 1.3055083404142922 1.3041220752442875 1.3027358100742825 1.3013495449042778 1.299963279734273 1.298577014564268 1.2971907493942634 1.2958044842242586 1.2944182190542537 1.293031953884249 1.2916456887142442 1.290259423544237 -9999.0 -9999.0 -9999.0 1.2847143628642177 1.283328097694213 1.281941832524208 1.280727892092573 1.2796981707018387 1.278668449311104 1.2776387279203696 1.276609006529635 1.2755792851389005 1.274549563748164 1.2735198423574297 1.272490120966695 1.2714603995759606 1.270430678185226 1.2694009567944915 1.2683712354037568 1.2673415140130224 1.2663117926222878 1.2652820712315533
1.3197773312288024 1.3183780889908974 1.3169788467529926 1.3155796045150878 1.314180362277183 1.3127811200392783 1.3113818778013735 1.3099826355634687 1.3085833933255615 1.3071841510876567 1.305784908849752 1.3043856666118472 1.3029864243739424 1.3015871821360376 1.3001879398981329 1.298788697660228 1.2973894554223233 1.2959902131844185 1.2945909709465135 1.2931917287086088 1.291792486470704 1.290393244232797 1.288994001994892 1.2875947597569872 1.2861955175190825 1.2847962752811777 1.283397033043273 1.2819977908053681 1.2808053228297729 1.2798339012149378 1.2788624796001025 1.2778910579852671 1.2769196363704318 1.2759482147555967 1.2749767931407598 1.2740053715259245 1.2730339499110892 1.272062528296254 1.2710911066814188 1.2701196850665835 1.2691482634517481 1.268176841836913 1.2672054202220777 1.2662339986072424
1.3200308000684746 1.3186307203905747 1.3172306407126746 1.3158305610347747 1.3144304813568748 1.313030401678975 1.3116303220010748 1.3102302423231749 1.3088301626452725 1.3074300829673726 1.3060300032894727 1.3046299236115726 1.3032298439336727 1.3018297642557728 1.300429684577873 1.2990296048999728 1.2976295252220729 1.296229445544173 1.2948293658662728 1.293429286188373 1.292029206510473 1.2906291268325707 1.2892290471546708 1.2878289674767707 1.2864288877988708 1.2850288081209709 1.283628728443071 1.2822286487651708 1.281079567198664 1.2801988082873137 1.2793180493759635 1.2784372904646133 1.2775565315532633 1.2766757726419131 1.2757950137305614 1.2749142548192112 1.2740334959078612 1.273152736996511 1.2722719780851608 1.2713912191738106 1.2705104602624604 1.2696297013511104 1.2687489424397602 1.26786818352841
1.3202842689081469 1.3188833517902518 1.3174824346723566 1.3160815175544616 1.3146806004365663 1.3132796833186713 1.3118787662007763 1.310477849082881 1.3090769319649835 1.3076760148470883 1.3062750977291933 1.3048741806112982 1.303473263493403 1.302072346375508 1.3006714292576127 1.2992705121397177 1.2978695950218224 1.2964686779039274 1.2950677607860324 1.2936668436681371 1.292265926550242 1.2908650094323444 1.2894640923144494 1.2880631751965543 1.286662258078659 1.285261340960764 1.2838604238428688 1.2824595067249738 1.281353811567555 1.2805637153596898 1.2797736191518247 1.2789835229439597 1.2781934267360946 1.2774033305282295 1.276613234320363 1.275823138112498 1.275033041904633 1.2742429456967679 1.2734528494889028 1.2726627532810377 1.2718726570731727 1.2710825608653076 1.2702924646574425 1.2695023684495776
1.3205377377478191 1.319135983189929 1.3177342286320386 1.3163324740741484 1.314930719516258 1.3135289649583677 1.3121272104004775 1.3107254558425872 1.3093237012846946 1.3079219467268042 1.306520192168914 1.3051184376110236 1.3037166830531333 1.302314928495243 1.3009131739373527 1.2995114193794624 1.2981096648215722 1.2967079102636818 1.2953061557057917 1.2939044011479013 1.292502646590011 1.2911008920321183 1.289699137474228 1.2882973829163378 1.2868956283584474 1.285493873800557 1.2840921192426669 1.2826903646847765 1.2816280559364457 1.2809286224320657 1.2802291889276858 1.2795297554233058 1.2788303219189259 1.278130888414546 1.2774314549101649 1.276732021405785 1.276032587901405 1.275333154397025 1.274633720892645 1.273934287388265 1.2732348538838851 1.2725354203795052 1.2718359868751252 1.2711365533707453
1.3207912065874916 1.319388614589606 1.3179860225917206 1.316583430593835 1.3151808385959498 1.3137782465980643 1.3123756546001788 1.3109730626022933 1.3095704706044056 1.30816787860652 1.3067652866086346 1.305362694610749 1.3039601026128635 1.3025575106149783 1.3011549186170928 1.2997523266192073 1.2983497346213217 1.2969471426234362 1.295544550625551 1.2941419586276655 1.29273936662978 1.291336774631892 1.2899341826340067 1.2885315906361212 1.2871289986382357 1.2857264066403502 1.2843238146424647 1.2829212226445794 1.2819023003053367 1.2812935295044419 1.280684758703547 1.2800759879026522 1.2794672171017571 1.2788584463008623 1.2782496754999664 1.2776409046990715 1.2770321338981767 1.2764233630972819 1.275814592296387 1.2752058214954922 1.2745970506945974 1.2739882798937023 1.2733795090928075 1.2727707382919127
1.321044675427164 1.3196412459892835 1.3182378165514028 1.3168343871135222 1.3154309576756416 1.314027528237761 1.3126240987998803 1.3112206693619997 1.3098172399241166 1.308413810486236 1.3070103810483553 1.3056069516104747 1.3042035221725943 1.3028000927347136 1.301396663296833 1.2999932338589524 1.2985898044210717 1.2971863749831911 1.2957829455453105 1.2943795161074299 1.2929760866695492 1.2915726572316661 1.2901692277937855 1.2887657983559049 1.2873623689180242 1.2859589394801436 1.284555510042263 1.2831520806043824 1.282176544674228 1.2816584365768182 1.2811403284794085 1.2806222203819988 1.280104112284589 1.2795860041871794 1.2790678960897688 1.278549787992359 1.2780316798949494 1.2775135717975397 1.2769954637001302 1.2764773556027205 1.2759592475053108 1.275441139407901 1.2749230313104913 1.2744049232130816
1.3212981442668363 1.3198938773889606 1.3184896105110848 1.317085343633209 1.3156810767553333 1.3142768098774575 1.3128725429995816 1.3114682761217058 1.3100640092438276 1.3086597423659518 1.307255475488076 1.3058512086102003 1.3044469417323246 1.3030426748544486 1.3016384079765728 1.300234141098697 1.2988298742208213 1.2974256073429455 1.2960213404650698 1.2946170735871938 1.293212806709318 1.2918085398314398 1.290404272953564 1.2890000060756883 1.2875957391978126 1.2861914723199368 1.284787205442061 1.283382938564185 1.2824507890431187 1.2820233436491941 1.2815958982552695 1.281168452861345 1.2807410074674204 1.2803135620734958 1.2798861166795705 1.279458671285646 1.2790312258917214 1.2786037804977968 1.2781763351038722 1.2777488897099476 1.277321444316023 1.2768939989220984 1.2764665535281738 1.2760391081342493
1.3215516131065088 1.3201465087886377 1.3187414044707668 1.3173363001528957 1.3159311958350248 1.314526091517154 1.3131209871992828 1.311715882881412 1.3103107785635386 1.3089056742456675 1.3075005699277966 1.3060954656099257 1.3046903612920546 1.3032852569741837 1.3018801526563126 1.3004750483384417 1.2990699440205709 1.2976648397026997 1.2962597353848289 1.294854631066958 1.2934495267490869 1.2920444224312135 1.2906393181133426 1.2892342137954715 1.2878291094776007 1.2864240051597298 1.2850189008418587 1.2836137965239878 1.2827250334120095 1.28238825072157 1.2820514680311306 1.281714685340691 1.2813779026502516 1.2810411199598122 1.280704337269372 1.2803675545789326 1.2800307718884931 1.2796939891980537 1.2793572065076142 1.2790204238171747 1.278683641126735 1.2783468584362956 1.2780100757458561 1.2776732930554167
1.3218050819461813 1.320399140188315 1.318993198430449 1.3175872566725828 1.3161813149147166 1.3147753731568506 1.3133694313989843 1.3119634896411183 1.3105575478832496 1.3091516061253836 1.3077456643675174 1.3063397226096511 1.3049337808517851 1.303527839093919 1.3021218973360529 1.3007159555781866 1.2993100138203206 1.2979040720624544 1.2964981303045882 1.2950921885467221 1.293686246788856 1.2922803050309875 1.2908743632731212 1.2894684215152552 1.288062479757389 1.2866565379995227 1.2852505962416567 1.2838446544837905 1.2829992777809005 1.2827531577939462 1.2825070378069916 1.2822609178200373 1.282014797833083 1.2817686778461286 1.2815225578591738 1.2812764378722192 1.281030317885265 1.2807841978983106 1.2805380779113562 1.2802919579244019 1.2800458379374473 1.279799717950493 1.2795535979635386 1.2793074779765843
1.3220585507858535 1.3206517715879922 1.319244992390131 1.3178382131922697 1.3164314339944083 1.315024654796547 1.3136178755986856 1.3122110964008245 1.3108043172029606 1.3093975380050993 1.3079907588072381 1.3065839796093768 1.3051772004115154 1.303770421213654 1.3023636420157927 1.3009568628179315 1.2995500836200702 1.2981433044222088 1.2967365252243475 1.2953297460264863 1.293922966828625 1.2925161876307611 1.2911094084328998 1.2897026292350386 1.2882958500371773 1.286889070839316 1.2854822916414546 1.2840755124435934 1.2832735221497915 1.283118064866322 1.2829626075828529 1.2828071502993834 1.2826516930159142 1.282496235732445 1.2823407784489753 1.282185321165506 1.2820298638820369 1.2818744065985674 1.2817189493150982 1.281563492031629 1.2814080347481596 1.2812525774646903 1.2810971201812211 1.2809416628977517
1.3223120196255258 1.3209044029876695 1.319496786349813 1.3180891697119566 1.3166815530741 1.3152739364362436 1.313866319798387 1.3124587031605306 1.3110510865226717 1.3096434698848152 1.3082358532469587 1.3068282366091022 1.3054206199712457 1.3040130033333892 1.3026053866955327 1.3011977700576762 1.2997901534198197 1.2983825367819632 1.2969749201441068 1.2955673035062503 1.2941596868683938 1.292752070230535 1.2913444535926786 1.289936836954822 1.2885292203169656 1.287121603679109 1.2857139870412526 1.2843063704033961 1.2835477665186823 1.2834829719386982 1.2834181773587139 1.2833533827787298 1.2832885881987455 1.2832237936187614 1.283158999038777 1.2830942044587927 1.2830294098788086 1.2829646152988246 1.2828998207188402 1.2828350261388561 1.2827702315588718 1.2827054369788877 1.2826406423989034 1.2825758478189193
1.3225654884651983 1.3211570343873467 1.3197485803094948 1.3183401262316432 1.3169316721537916 1.31552321807594 1.3141147639980884 1.3127063099202367 1.3112978558423827 1.309889401764531 1.3084809476866794 1.3070724936088276 1.305664039530976 1.3042555854531244 1.3028471313752727 1.3014386772974211 1.3000302232195695 1.298621769141718 1.297213315063866 1.2958048609860144 1.2943964069081628 1.2929879528303088 1.2915794987524571 1.2901710446746055 1.288762590596754 1.2873541365189023 1.2859456824410505 1.2845372283631988 1.2838220108875733 1.2838478790110741 1.2838737471345751 1.283899615258076 1.283925483381577 1.2839513515050778 1.2839772196285788 1.2840030877520796 1.2840289558755806 1.2840548239990814 1.2840806921225825 1.2841065602460833 1.2841324283695843 1.284158296493085 1.284184164616586 1.284210032740087
