Figures/CREST_Example_wjb_NSE/PETs/wjb.pet.20090131.asc
ncols            288
nrows            254
xllcorner        113.274861
yllcorner        31.4918055
cellsize         0.008333333333
NODATA_value     -9999
[rows 171 to 189 of 254, columns 176 to 219 of 288]
0.901998940337723 0.9014436568994034 0.9008883734610839 0.9003330900227642 0.8997778065844446 0.899222523146125 0.8986672397078045 0.8981119562694849 0.8975566728311654 0.8970013893928458 0.8964461059545262 0.8958908225162066 0.895335539077887 0.8947802556395674 0.8942249722012479 0.8936696887629283 0.8932906251029094 0.8930999443731499 0.8929092636433903 0.8927185829136305 0.8925279021838709 0.8923372214541113 0.8921465407243518 0.8919558599945923 0.8917651792648328 0.8915744985350732 0.8913838178053136 0.8911931370755541 0.8910024563457946 0.8908117756160351 0.8906210948862755 0.8904304141565159 0.8902397334267561 0.8900490526969965 0.889858371967237 0.8896676912374775 0.8894770105077179 0.8892863297779584 0.8890956490481988 0.8889049683184393 0.8887142875886798 0.8885236068589202 0.8883329261291607 0.8881422453994011
0.9008721065626875 0.9002962183088243 0.8997203300549612 0.899144441801098 0.8985685535472349 0.8979926652933716 0.8974167770395075 0.8968408887856443 0.8962650005317812 0.8956891122779179 0.8951132240240548 0.8945373357701916 0.8939614475163284 0.8933855592624653 0.8928096710086021 0.892233782754739 0.8918536215164914 0.8916826968865756 0.8915117722566598 0.8913408476267436 0.8911699229968277 0.890998998366912 0.8908280737369961 0.8906571491070803 0.8904862244771644 0.8903152998472486 0.8901443752173327 0.889973450587417 0.8898025259575011 0.8896316013275852 0.8894606766976694 0.8892897520677535 0.8891188274378374 0.8889479028079216 0.8887769781780057 0.8886060535480899 0.888435128918174 0.8882642042882581 0.8880932796583424 0.8879223550284265 0.8877514303985107 0.8875805057685948 0.887409581138679 0.8872386565087631
0.899745272787652 0.8991487797182454 0.8985522866488386 0.8979557935794318 0.8973593005100251 0.8967628074406183 0.8961663143712105 0.8955698213018037 0.894973328232397 0.8943768351629903 0.8937803420935835 0.8931838490241767 0.89258735595477 0.8919908628853632 0.8913943698159564 0.8907978767465496 0.8904166179300737 0.8902654494000014 0.8901142808699293 0.8899631123398569 0.8898119438097848 0.8896607752797127 0.8895096067496404 0.8893584382195683 0.8892072696894961 0.889056101159424 0.8889049326293519 0.8887537640992798 0.8886025955692076 0.8884514270391355 0.8883002585090632 0.8881490899789911 0.8879979214489188 0.8878467529188466 0.8876955843887745 0.8875444158587024 0.8873932473286301 0.887242078798558 0.8870909102684859 0.8869397417384137 0.8867885732083416 0.8866374046782695 0.8864862361481973 0.8863350676181252
0.8986184390126166 0.8980013411276663 0.8973842432427159 0.8967671453577656 0.8961500474728152 0.8955329495878649 0.8949158517029134 0.8942987538179631 0.8936816559330127 0.8930645580480624 0.892447460163112 0.8918303622781617 0.8912132643932114 0.890596166508261 0.8899790686233107 0.8893619707383603 0.8889796143436557 0.8888482019134272 0.8887167894831988 0.88858537705297 0.8884539646227416 0.8883225521925132 0.8881911397622847 0.8880597273320563 0.8879283149018279 0.8877969024715994 0.887665490041371 0.8875340776111426 0.887402665180914 0.8872712527506856 0.8871398403204571 0.8870084278902287 0.8868770154600001 0.8867456030297716 0.8866141905995432 0.8864827781693148 0.8863513657390862 0.8862199533088578 0.8860885408786293 0.8859571284484009 0.8858257160181725 0.885694303587944 0.8855628911577156 0.8854314787274872
0.8974916052375811 0.8968539025370872 0.8962161998365933 0.8955784971360993 0.8949407944356054 0.8943030917351115 0.8936653890346165 0.8930276863341226 0.8923899836336285 0.8917522809331346 0.8911145782326407 0.8904768755321467 0.8898391728316528 0.8892014701311589 0.888563767430665 0.887926064730171 0.8875426107572377 0.8874309544268529 0.8873192980964681 0.8872076417660832 0.8870959854356985 0.8869843291053138 0.886872672774929 0.8867610164445443 0.8866493601141595 0.8865377037837747 0.88642604745339 0.8863143911230053 0.8862027347926206 0.8860910784622358 0.885979422131851 0.8858677658014663 0.8857561094710813 0.8856444531406966 0.8855327968103118 0.8854211404799271 0.8853094841495424 0.8851978278191576 0.8850861714887729 0.8849745151583881 0.8848628588280034 0.8847512024976186 0.8846395461672338 0.8845278898368492
0.8963647714625447 0.8957064639465072 0.8950481564304696 0.8943898489144321 0.8937315413983946 0.893073233882357 0.8924149263663184 0.8917566188502809 0.8910983113342433 0.8904400038182058 0.8897816963021683 0.8891233887861307 0.8884650812700932 0.8878067737540556 0.8871484662380181 0.8864901587219806 0.8861056071708187 0.8860137069402776 0.8859218067097365 0.8858299064791954 0.8857380062486543 0.8856461060181133 0.8855542057875723 0.8854623055570312 0.8853704053264903 0.8852785050959492 0.8851866048654081 0.8850947046348671 0.8850028044043261 0.884910904173785 0.884819003943244 0.884727103712703 0.8846352034821617 0.8845433032516208 0.8844514030210797 0.8843595027905387 0.8842676025599977 0.8841757023294566 0.8840838020989156 0.8839919018683745 0.8839000016378336 0.8838081014072925 0.8837162011767514 0.8836243009462105
0.8952379376875093 0.8945590253559281 0.893880113024347 0.8932012006927659 0.8925222883611847 0.8918433760296036 0.8911644636980214 0.8904855513664403 0.8898066390348591 0.889127726703278 0.8884488143716969 0.8877699020401157 0.8870909897085346 0.8864120773769535 0.8857331650453724 0.8850542527137912 0.8846686035844007 0.8845964594537034 0.884524315323006 0.8844521711923086 0.8843800270616112 0.8843078829309139 0.8842357388002166 0.8841635946695192 0.8840914505388219 0.8840193064081245 0.8839471622774272 0.8838750181467299 0.8838028740160325 0.8837307298853352 0.8836585857546378 0.8835864416239405 0.8835142974932431 0.8834421533625457 0.8833700092318484 0.883297865101151 0.8832257209704537 0.8831535768397564 0.8830814327090591 0.8830092885783618 0.8829371444476645 0.8828650003169671 0.8827928561862698 0.8827207120555725
0.8946778221900116 0.894002681940819 0.8933275416916263 0.8926524014424337 0.8919772611932411 0.8913021209440485 0.8906269806948547 0.889951840445662 0.8892767001964694 0.8886015599472767 0.8879264196980842 0.8872512794488915 0.8865761391996989 0.8859009989505062 0.8852258587013137 0.8845507184521211 0.8841754408462644 0.8841207231910087 0.8840660055357529 0.8840112878804969 0.8839565702252411 0.8839018525699853 0.8838471349147295 0.8837924172594737 0.8837376996042179 0.8836829819489621 0.8836282642937062 0.8835735466384504 0.8835188289831947 0.8834641113279388 0.883409393672683 0.8833546760174272 0.8832999583621712 0.8832452407069155 0.8831905230516597 0.8831358053964039 0.883081087741148 0.8830263700858922 0.8829716524306365 0.8829169347753806 0.8828622171201248 0.882807499464869 0.8827527818096131 0.8826980641543574
0.8947234928093449 0.8940781820098853 0.8934328712104257 0.8927875604109661 0.8921422496115066 0.891496938812047 0.8908516280125862 0.8902063172131266 0.889561006413667 0.8889156956142075 0.8882703848147478 0.8876250740152882 0.8869797632158286 0.886334452416369 0.8856891416169095 0.8850438308174499 0.8846911844819816 0.8846514030805241 0.8846116216790668 0.8845718402776093 0.8845320588761519 0.8844922774746945 0.8844524960732372 0.8844127146717797 0.8843729332703223 0.884333151868865 0.8842933704674075 0.8842535890659501 0.8842138076644928 0.8841740262630353 0.884134244861578 0.8840944634601205 0.8840546820586631 0.8840149006572057 0.8839751192557483 0.8839353378542909 0.8838955564528335 0.8838557750513761 0.8838159936499187 0.8837762122484613 0.8837364308470039 0.8836966494455465 0.8836568680440892 0.8836170866426317
0.8947691634286782 0.8941536820789516 0.893538200729225 0.8929227193794984 0.8923072380297719 0.8916917566800453 0.8910762753303176 0.8904607939805911 0.8898453126308645 0.889229831281138 0.8886143499314114 0.8879988685816849 0.8873833872319582 0.8867679058822316 0.8861524245325051 0.8855369431827785 0.8852069281176986 0.8851820829700396 0.8851572378223806 0.8851323926747215 0.8851075475270627 0.8850827023794037 0.8850578572317447 0.8850330120840857 0.8850081669364267 0.8849833217887677 0.8849584766411087 0.8849336314934497 0.8849087863457908 0.8848839411981319 0.8848590960504729 0.8848342509028139 0.8848094057551549 0.8847845606074959 0.8847597154598369 0.8847348703121779 0.8847100251645189 0.8846851800168599 0.8846603348692009 0.8846354897215419 0.884610644573883 0.8845857994262241 0.8845609542785651 0.8845361091309061
0.8948148340480114 0.8942291821480179 0.8936435302480243 0.8930578783480309 0.8924722264480373 0.8918865745480438 0.8913009226480492 0.8907152707480557 0.8901296188480621 0.8895439669480686 0.8889583150480751 0.8883726631480815 0.887787011248088 0.8872013593480944 0.8866157074481009 0.8860300555481073 0.8857226717534157 0.8857127628595551 0.8857028539656946 0.885692945071834 0.8856830361779734 0.8856731272841128 0.8856632183902523 0.8856533094963918 0.8856434006025312 0.8856334917086707 0.88562358281481 0.8856136739209495 0.8856037650270889 0.8855938561332284 0.8855839472393678 0.8855740383455073 0.8855641294516466 0.8855542205577861 0.8855443116639256 0.885534402770065 0.8855244938762045 0.8855145849823439 0.8855046760884834 0.8854947671946227 0.8854848583007622 0.8854749494069016 0.8854650405130411 0.8854551316191805
0.8948605046673447 0.8943046822170841 0.8937488597668237 0.8931930373165632 0.8926372148663027 0.8920813924160421 0.8915255699657807 0.8909697475155202 0.8904139250652596 0.8898581026149991 0.8893022801647386 0.8887464577144781 0.8881906352642176 0.8876348128139571 0.8870789903636965 0.886523167913436 0.8862384153891327 0.8862434427490705 0.8862484701090084 0.8862534974689463 0.8862585248288841 0.886263552188822 0.8862685795487598 0.8862736069086977 0.8862786342686356 0.8862836616285734 0.8862886889885113 0.8862937163484491 0.886298743708387 0.8863037710683248 0.8863087984282627 0.8863138257882006 0.8863188531481384 0.8863238805080763 0.8863289078680141 0.886333935227952 0.8863389625878899 0.8863439899478277 0.8863490173077656 0.8863540446677034 0.8863590720276413 0.8863640993875792 0.886369126747517 0.8863741541074549
0.894906175286678 0.8943801822861506 0.8938541892856231 0.8933281962850956 0.8928022032845682 0.8922762102840408 0.8917502172835124 0.891224224282985 0.8906982312824575 0.89017223828193 0.8896462452814026 0.8891202522808751 0.8885942592803476 0.8880682662798202 0.8875422732792927 0.8870162802787653 0.8867541590248502 0.8867741226385866 0.8867940862523228 0.8868140498660592 0.8868340134797954 0.8868539770935318 0.886873940707268 0.8868939043210042 0.8869138679347406 0.8869338315484768 0.8869537951622132 0.8869737587759494 0.8869937223896857 0.887013686003422 0.8870336496171582 0.8870536132308946 0.8870735768446308 0.8870935404583672 0.8871135040721034 0.8871334676858397 0.887153431299576 0.8871733949133123 0.8871933585270485 0.8872133221407849 0.8872332857545211 0.8872532493682574 0.8872732129819937 0.8872931765957299
0.8949518459060113 0.8944556823552169 0.8939595188044225 0.893463355253628 0.8929671917028336 0.8924710281520392 0.8919748646012439 0.8914787010504495 0.890982537499655 0.8904863739488605 0.8899902103980661 0.8894940468472717 0.8889978832964772 0.8885017197456828 0.8880055561948884 0.887509392644094 0.8872699026605673 0.887304802528102 0.8873397023956366 0.8873746022631714 0.8874095021307061 0.8874444019982408 0.8874793018657755 0.8875142017333102 0.887549101600845 0.8875840014683797 0.8876189013359144 0.887653801203449 0.8876887010709837 0.8877236009385184 0.8877585008060531 0.8877934006735878 0.8878283005411226 0.8878632004086573 0.887898100276192 0.8879330001437267 0.8879679000112614 0.8880027998787962 0.8880376997463308 0.8880725996138655 0.8881074994814002 0.8881423993489349 0.8881772992164696 0.8882121990840043
0.8949975165253446 0.8945311824242832 0.8940648483232218 0.8935985142221604 0.893132180121099 0.8926658460200376 0.8921995119189754 0.891733177817914 0.8912668437168526 0.8908005096157912 0.8903341755147298 0.8898678414136684 0.889401507312607 0.8889351732115456 0.8884688391104842 0.8880025050094228 0.8877856462962844 0.8878354824176176 0.8878853185389506 0.8879351546602838 0.887984990781617 0.8880348269029501 0.8880846630242832 0.8881344991456163 0.8881843352669494 0.8882341713882825 0.8882840075096157 0.8883338436309488 0.8883836797522819 0.8884335158736151 0.8884833519949481 0.8885331881162812 0.8885830242376145 0.8886328603589476 0.8886826964802808 0.8887325326016138 0.8887823687229469 0.88883220484428 0.8888820409656132 0.8889318770869463 0.8889817132082795 0.8890315493296126 0.8890813854509456 0.8891312215722788
0.8950431871446779 0.8946066824933495 0.8941701778420211 0.8937336731906927 0.8932971685393644 0.892860663888036 0.8924241592367068 0.8919876545853784 0.8915511499340502 0.8911146452827218 0.8906781406313934 0.890241635980065 0.8898051313287366 0.8893686266774082 0.8889321220260799 0.8884956173747515 0.8883013899320014 0.888366162307133 0.8884309346822644 0.8884957070573961 0.8885604794325277 0.8886252518076592 0.8886900241827907 0.8887547965579222 0.8888195689330538 0.8888843413081854 0.8889491136833169 0.8890138860584484 0.8890786584335799 0.8891434308087115 0.8892082031838431 0.8892729755589746 0.8893377479341062 0.8894025203092377 0.8894672926843693 0.8895320650595008 0.8895968374346324 0.8896616098097639 0.8897263821848954 0.889791154560027 0.8898559269351585 0.88992069931029 0.8899854716854216 0.8900502440605531
0.8950888577640111 0.8946821825624158 0.8942755073608205 0.8938688321592251 0.8934621569576298 0.8930554817560344 0.8926488065544383 0.892242131352843 0.8918354561512477 0.8914287809496524 0.8910221057480571 0.8906154305464616 0.8902087553448663 0.889802080143271 0.8893954049416757 0.8889887297400803 0.8888171335677185 0.8888968421966484 0.8889765508255785 0.8890562594545085 0.8891359680834384 0.8892156767123685 0.8892953853412984 0.8893750939702283 0.8894548025991582 0.8895345112280882 0.8896142198570182 0.8896939284859481 0.8897736371148781 0.889853345743808 0.889933054372738 0.8900127630016679 0.890092471630598 0.8901721802595279 0.890251888888458 0.8903315975173879 0.8904113061463178 0.8904910147752477 0.8905707234041778 0.8906504320331077 0.8907301406620376 0.8908098492909676 0.8908895579198975 0.8909692665488275
0.8951345283833444 0.8947576826314821 0.8943808368796198 0.8940039911277574 0.8936271453758952 0.8932502996240328 0.8928734538721699 0.8924966081203075 0.8921197623684453 0.8917429166165829 0.8913660708647206 0.8909892251128583 0.8906123793609959 0.8902355336091337 0.8898586878572713 0.889481842105409 0.8893328772034356 0.8894275220861639 0.8895221669688923 0.8896168118516208 0.8897114567343491 0.8898061016170775 0.8899007464998059 0.8899953913825343 0.8900900362652626 0.890184681147991 0.8902793260307194 0.8903739709134477 0.8904686157961761 0.8905632606789045 0.8906579055616328 0.8907525504443612 0.8908471953270898 0.8909418402098181 0.8910364850925465 0.8911311299752749 0.8912257748580033 0.8913204197407316 0.89141506462346 0.8915097095061884 0.8916043543889167 0.8916989992716451 0.8917936441543735 0.8918882890371018
0.8951801990026778 0.8948331827005485 0.8944861663984193 0.89413915009629 0.8937921337941607 0.8934451174920314 0.8930981011899015 0.8927510848877723 0.892404068585643 0.8920570522835137 0.8917100359813844 0.8913630196792552 0.8910160033771259 0.8906689870749966 0.8903219707728673 0.8899749544707382 0.889848620839153 0.8899582019756798 0.8900677831122066 0.8901773642487335 0.8902869453852603 0.8903965265217871 0.890506107658314 0.8906156887948408 0.8907252699313676 0.8908348510678944 0.8909444322044211 0.8910540133409479 0.8911635944774747 0.8912731756140015 0.8913827567505284 0.8914923378870552 0.8916019190235821 0.8917115001601089 0.8918210812966357 0.8919306624331625 0.8920402435696894 0.8921498247062162 0.8922594058427429 0.8923689869792697 0.8924785681157965 0.8925881492523233 0.8926977303888501 0.892807311525377
