Figures/CREST_Example_wjb_NSE/PETs/wjb.pet.20100316.asc
ncols            288
nrows            254
xllcorner        113.274861
yllcorner        31.4918055
cellsize         0.008333333333
NODATA_value     -9999
[rows 60 to 79 of 254, columns 44 to 87 of 288]
2.261211338457223 2.2590433450126555 2.2568753515680875 2.2547073581235195 2.252539364678952 2.250371371234384 2.248203377789816 2.2460353843452485 2.243867390900677 2.241699397456109 2.239531404011541 2.2373634105669735 2.2351954171224055 2.2330274236778376 2.23085943023327 2.228691436788702 2.226523443344134 2.2243554498995666 2.2221874564549986 2.2200194630104306 2.2178514695658627 2.215683476121291 2.2135154826767236 2.2113474892321556 2.2091794957875877 2.20701150234302 2.204843508898452 2.202675515453884 2.202874055818097 2.2056024743218967 2.208330892825696 2.211059311329496 2.2137877298332955 2.2165161483370954 2.2192445668408998 2.2219729853446992 2.2247014038484987 2.2274298223522986 2.230158240856098 2.232886659359898 2.2356150778636974 2.2383434963674973 2.2410719148712968 2.2438003333750967
2.2630204286416733 2.260853445510099 2.2586864623785248 2.25651947924695 2.254352496115376 2.2521855129838015 2.250018529852227 2.2478515467206526 2.2456845635890743 2.2435175804575 2.241350597325926 2.239183614194351 2.237016631062777 2.2348496479312026 2.232682664799628 2.2305156816680536 2.2283486985364793 2.2261817154049046 2.2240147322733304 2.221847749141756 2.2196807660101814 2.2175137828786036 2.215346799747029 2.2131798166154546 2.2110128334838803 2.2088458503523056 2.2066788672207314 2.2045118840891567 2.2046436349601004 2.2072327844450506 2.2098219339300003 2.2124110834149504 2.2150002328999 2.2175893823848503 2.2201785318698044 2.222767681354754 2.2253568308397043 2.227945980324654 2.230535129809604 2.233124279294554 2.235713428779504 2.2383025782644537 2.240891727749404 2.2434808772343535
2.264829518826123 2.262663546007542 2.260497573188961 2.25833160037038 2.256165627551799 2.253999654733218 2.251833681914637 2.2496677090960566 2.2475017362774716 2.2453357634588906 2.2431697906403096 2.2410038178217286 2.2388378450031476 2.2366718721845666 2.2345058993659856 2.2323399265474047 2.230173953728824 2.228007980910243 2.225842008091662 2.223676035273081 2.2215100624545 2.219344089635915 2.217178116817334 2.215012143998753 2.212846171180172 2.2106801983615916 2.2085142255430106 2.2063482527244296 2.206413214102104 2.2088630945682044 2.2113129750343044 2.2137628555004043 2.2162127359665047 2.2186626164326047 2.221112496898709 2.223562377364809 2.2260122578309094 2.2284621382970093 2.2309120187631097 2.2333618992292097 2.23581177969531 2.23826166016141 2.24071154062751 2.2431614210936104
2.266638609010573 2.2644736465049857 2.262308683999398 2.2601437214938107 2.257978758988223 2.2558137964826352 2.253648833977048 2.2514838714714602 2.249318908965869 2.2471539464602817 2.244988983954694 2.242824021449106 2.240659058943519 2.238494096437931 2.236329133932344 2.234164171426756 2.231999208921169 2.229834246415581 2.2276692839099934 2.225504321404406 2.2233393588988184 2.221174396393227 2.21900943388764 2.216844471382052 2.2146795088764644 2.212514546370877 2.2103495838652893 2.208184621359702 2.2081827932441076 2.2104934046913582 2.2128040161386084 2.2151146275858586 2.2174252390331093 2.2197358504803595 2.2220464619276137 2.2243570733748643 2.2266676848221145 2.228978296269365 2.2312889077166154 2.2335995191638656 2.235910130611116 2.2382207420583664 2.240531353505617 2.2428419649528673
2.2684476991950233 2.2662837470024293 2.2641197948098353 2.261955842617241 2.259791890424647 2.2576279382320528 2.2554639860394583 2.2533000338468643 2.2511360816542667 2.2489721294616722 2.246808177269078 2.244644225076484 2.2424802728838897 2.2403163206912957 2.2381523684987017 2.2359884163061077 2.233824464113513 2.231660511920919 2.229496559728325 2.2273326075357307 2.2251686553431367 2.223004703150539 2.2208407509579446 2.2186767987653506 2.2165128465727566 2.214348894380162 2.212184942187568 2.210020989994974 2.2099523723861108 2.2121237148145116 2.214295057242912 2.2164663996713125 2.2186377420997134 2.220809084528114 2.2229804269565183 2.2251517693849188 2.2273231118133197 2.22949445424172 2.2316657966701205 2.2338371390985214 2.236008481526922 2.238179823955323 2.2403511663837232 2.2425225088121237
2.270256789379473 2.2680938474998724 2.2659309056202717 2.263767963740671 2.26160502186107 2.25944207998147 2.257279138101869 2.2551161962222683 2.252953254342664 2.2507903124630633 2.2486273705834625 2.2464644287038618 2.244301486824261 2.2421385449446603 2.2399756030650595 2.2378126611854587 2.235649719305858 2.2334867774262572 2.2313238355466565 2.229160893667056 2.2269979517874554 2.2248350099078507 2.2226720680282503 2.2205091261486496 2.218346184269049 2.216183242389448 2.2140203005098473 2.2118573586302466 2.2117219515281143 2.2137540249376655 2.215786098347216 2.217818171756767 2.219850245166318 2.2218823185758687 2.223914391985423 2.225946465394974 2.227978538804525 2.2300106122140755 2.2320426856236266 2.2340747590331773 2.236106832442728 2.238138905852279 2.24017097926183 2.242203052671381
2.272065879563925 2.2699039479973173 2.2677420164307103 2.265580084864103 2.2634181532974957 2.2612562217308882 2.259094290164281 2.2569323585976737 2.2547704270310627 2.2526084954644556 2.250446563897848 2.2482846323312407 2.2461227007646336 2.243960769198026 2.241798837631419 2.2396369060648116 2.2374749744982045 2.235313042931597 2.2331511113649896 2.2309891797983825 2.228827248231775 2.226665316665164 2.224503385098557 2.2223414535319495 2.2201795219653424 2.218017590398735 2.215855658832128 2.2136937272655204 2.2134915306701193 2.21538433506082 2.217277139451521 2.219169943842222 2.221062748232923 2.2229555526236244 2.2248483570143285 2.2267411614050294 2.2286339657957304 2.2305267701864313 2.2324195745771322 2.234312378967833 2.236205183358534 2.238097987749235 2.2399907921399365 2.2418835965306374
2.2738749697483747 2.271714048494761 2.269553127241147 2.267392205987533 2.265231284733919 2.2630703634803053 2.2609094422266915 2.2587485209730778 2.25658759971946 2.254426678465846 2.2522657572122324 2.2501048359586187 2.2479439147050044 2.2457829934513907 2.243622072197777 2.241461150944163 2.2393002296905493 2.237139308436935 2.2349783871833213 2.2328174659297075 2.2306565446760938 2.228495623422476 2.226334702168862 2.2241737809152484 2.2220128596616346 2.219851938408021 2.2176910171544066 2.215530095900793 2.215261109812123 2.217014645183974 2.2187681805558253 2.2205217159276764 2.2222752512995276 2.224028786671379 2.225782322043233 2.2275358574150843 2.2292893927869355 2.2310429281587867 2.232796463530638 2.234549998902489 2.2363035342743403 2.2380570696461914 2.2398106050180426 2.241564140389894
2.275684059932825 2.2735241489922045 2.271364238051584 2.2692043271109634 2.267044416170343 2.264884505229723 2.2627245942891023 2.260564683348482 2.2584047724078578 2.2562448614672372 2.2540849505266167 2.251925039585996 2.2497651286453757 2.2476052177047556 2.245445306764135 2.2432853958235146 2.241125484882894 2.2389655739422736 2.236805663001653 2.2346457520610326 2.2324858411204125 2.230325930179788 2.228166019239168 2.2260061082985474 2.223846197357927 2.2216862864173064 2.219526375476686 2.2173664645360653 2.2170306889541265 2.218644955307128 2.2202592216601293 2.221873488013131 2.223487754366132 2.2251020207191337 2.2267162870721378 2.228330553425139 2.2299448197781406 2.2315590861311425 2.233173352484144 2.2347876188371454 2.236401885190147 2.2380161515431483 2.2396304178961497 2.241244684249151
2.277493150117275 2.2753342494896476 2.2731753488620208 2.2710164482343935 2.2688575476067667 2.2666986469791395 2.2645397463515127 2.2623808457238854 2.260221945096255 2.258063044468628 2.255904143841001 2.2537452432133738 2.251586342585747 2.2494274419581197 2.247268541330493 2.2451096407028657 2.242950740075239 2.2407918394476116 2.238632938819985 2.236474038192358 2.2343151375647308 2.2321562369371 2.229997336309473 2.227838435681846 2.225679535054219 2.223520634426592 2.221361733798965 2.2192028331713383 2.21880026809613 2.2202752654302818 2.2217502627644334 2.223225260098585 2.224700257432737 2.2261752547668885 2.227650252101043 2.2291252494351945 2.230600246769346 2.232075244103498 2.2335502414376496 2.2350252387718013 2.236500236105953 2.2379752334401046 2.2394502307742563 2.240925228108408
2.2793022403017247 2.277144349987091 2.2749864596724576 2.2728285693578236 2.27067067904319 2.2685127887285566 2.266354898413923 2.2641970080992895 2.2620391177846524 2.259881227470019 2.2577233371553853 2.2555654468407513 2.253407556526118 2.2512496662114843 2.2490917758968507 2.246933885582217 2.2447759952675836 2.24261810495295 2.2404602146383166 2.238302324323683 2.2361444340090495 2.233986543694412 2.2318286533797784 2.229670763065145 2.2275128727505114 2.225354982435878 2.2231970921212443 2.2210392018066107 2.2205698472381337 2.2219055755534356 2.2232413038687375 2.2245770321840395 2.2259127604993414 2.2272484888146433 2.2285842171299475 2.2299199454452494 2.2312556737605513 2.2325914020758533 2.233927130391155 2.235262858706457 2.236598587021759 2.237934315337061 2.239270043652363 2.240605771967665
2.281111330486175 2.2789544504845347 2.2767975704828944 2.274640690481254 2.2724838104796143 2.270326930477974 2.268170050476334 2.2660131704746935 2.2638562904730497 2.26169941047141 2.2595425304697696 2.2573856504681293 2.255228770466489 2.2530718904648492 2.250915010463209 2.2487581304615687 2.2466012504599284 2.2444443704582886 2.2422874904566483 2.240130610455008 2.237973730453368 2.235816850451724 2.233659970450084 2.231503090448444 2.2293462104468036 2.2271893304451633 2.225032450443523 2.222875570441883 2.2223394263801373 2.2235358856765894 2.2247323449730416 2.225928804269494 2.227125263565946 2.228321722862398 2.229518182158852 2.2307146414553043 2.2319111007517565 2.2331075600482087 2.234304019344661 2.235500478641113 2.236696937937565 2.2378933972340174 2.2390898565304695 2.2402863158269217
2.2829204206706266 2.2807645509819796 2.278608681293333 2.276452811604686 2.2742969419160395 2.2721410722273925 2.269985202538746 2.2678293328500994 2.265673463161449 2.2635175934728022 2.2613617237841552 2.2592058540955087 2.2570499844068617 2.254894114718215 2.252738245029568 2.2505823753409215 2.248426505652275 2.246270635963628 2.2441147662749814 2.2419588965863344 2.239803026897688 2.2376471572090373 2.2354912875203907 2.233335417831744 2.231179548143097 2.2290236784544506 2.2268678087658036 2.224711939077157 2.224109005522142 2.2251661957997446 2.2262233860773466 2.227280576354949 2.2283377666325515 2.2293949569101534 2.2304521471877576 2.23150933746536 2.232566527742962 2.2336237180205645 2.234680908298167 2.235738098575769 2.2367952888533713 2.2378524791309737 2.2389096694085757 2.239966859686178
2.2847295108550765 2.2825746514794227 2.2804197921037694 2.278264932728116 2.276110073352463 2.2739552139768096 2.2718003546011563 2.269645495225503 2.267490635849846 2.265335776474193 2.2631809170985395 2.2610260577228862 2.258871198347233 2.2567163389715796 2.2545614795959263 2.252406620220273 2.2502517608446198 2.2480969014689665 2.245942042093313 2.24378718271766 2.2416323233420066 2.2394774639663493 2.237322604590696 2.2351677452150427 2.2330128858393894 2.230858026463736 2.228703167088083 2.2265483077124295 2.225878584664146 2.2267965059228985 2.2277144271816507 2.2286323484404034 2.2295502696991556 2.2304681909579083 2.2313861122166623 2.232304033475415 2.233221954734167 2.23413987599292 2.2350577972516725 2.2359757185104248 2.2368936397691774 2.23781156102793 2.2387294822866823 2.239647403545435
2.286538601039526 2.2843847519768663 2.2822309029142063 2.2800770538515462 2.2779232047888867 2.2757693557262266 2.2736155066635666 2.271461657600907 2.2693078085382434 2.2671539594755834 2.2650001104129234 2.262846261350264 2.2606924122876038 2.2585385632249437 2.2563847141622837 2.254230865099624 2.252077016036964 2.249923166974304 2.2477693179116445 2.2456154688489844 2.2434616197863244 2.241307770723661 2.2391539216610012 2.237000072598341 2.234846223535681 2.2326923744730216 2.2305385254103616 2.2283846763477015 2.227648163806149 2.228426816046052 2.2292054682859543 2.2299841205258573 2.23076277276576 2.2315414250056627 2.232320077245567 2.2330987294854694 2.2338773817253723 2.2346560339652752 2.2354346862051777 2.2362133384450806 2.2369919906849836 2.237770642924886 2.238549295164789 2.239327947404692
2.288347691223976 2.28619485247431 2.2840420137246435 2.281889174974977 2.2797363362253105 2.277583497475644 2.2754306587259774 2.273277819976311 2.2711249812266407 2.2689721424769744 2.266819303727308 2.2646664649776413 2.262513626227975 2.2603607874783083 2.258207948728642 2.2560551099789756 2.253902271229309 2.2517494324796425 2.2495965937299762 2.2474437549803095 2.245290916230643 2.243138077480973 2.2409852387313065 2.23883239998164 2.2366795612319734 2.234526722482307 2.232373883732641 2.230221044982974 2.2294177429481525 2.2300571261692057 2.2306965093902584 2.2313358926113116 2.2319752758323648 2.2326146590534175 2.2332540422744716 2.2338934254955247 2.2345328087165774 2.2351721919376306 2.235811575158684 2.2364509583797365 2.2370903416007897 2.237729724821843 2.2383691080428956 2.2390084912639487
2.290156781408426 2.288004952971753 2.28585312453508 2.283701296098407 2.281549467661734 2.279397639225061 2.2772458107883877 2.2750939823517147 2.272942153915038 2.270790325478365 2.268638497041692 2.266486668605019 2.264334840168346 2.262183011731673 2.2600311832949997 2.2578793548583267 2.2557275264216536 2.2535756979849806 2.2514238695483075 2.2492720411116345 2.2471202126749614 2.244968384238285 2.2428165558016118 2.2406647273649387 2.2385128989282657 2.2363610704915926 2.2342092420549196 2.2320574136182465 2.231187322090156 2.2316874362923595 2.2321875504945625 2.232687664696766 2.233187778898969 2.2336878931011723 2.234188007303376 2.2346881215055796 2.235188235707783 2.235688349909986 2.2361884641121894 2.2366885783143924 2.237188692516596 2.2376888067187988 2.238188920921002 2.2386890351232056
2.2919658715928763 2.289815053469197 2.287664235345517 2.2855134172218374 2.283362599098158 2.2812117809744783 2.2790609628507985 2.276910144727119 2.274759326603436 2.272608508479756 2.2704576903560767 2.268306872232397 2.266156054108717 2.264005235985038 2.261854417861358 2.259703599737678 2.257552781613999 2.255401963490319 2.2532511453666393 2.25110032724296 2.24894950911928 2.246798690995597 2.2446478728719175 2.2424970547482377 2.240346236624558 2.2381954185008786 2.2360446003771988 2.2338937822535194 2.2329569012321597 2.2333177464155134 2.2336785915988666 2.2340394367822203 2.2344002819655735 2.234761127148927 2.2351219723322813 2.2354828175156345 2.235843662698988 2.2362045078823414 2.236565353065695 2.2369261982490487 2.237287043432402 2.2376478886157556 2.238008733799109 2.2383695789824625
2.293774961777326 2.29162515396664 2.289475346155954 2.2873255383452675 2.2851757305345815 2.2830259227238954 2.2808761149132093 2.2787263071025228 2.276576499291833 2.274426691481147 2.2722768836704605 2.2701270758597745 2.2679772680490884 2.2658274602384023 2.263677652427716 2.2615278446170297 2.2593780368063436 2.257228228995657 2.255078421184971 2.252928613374285 2.250778805563599 2.248628997752909 2.2464791899422227 2.2443293821315367 2.24217957432085 2.240029766510164 2.237879958699478 2.235730150888792 2.2347264803741633 2.2349480565386672 2.2351696327031707 2.2353912088676746 2.235612785032178 2.235834361196682 2.236055937361186 2.2362775135256894 2.2364990896901933 2.2367206658546968 2.2369422420192007 2.237163818183704 2.237385394348208 2.2376069705127115 2.2378285466772154 2.2380501228417193
2.295584051961778 2.293435254464085 2.291286456966392 2.2891376594686994 2.2869888619710066 2.284840064473314 2.2826912669756214 2.2805424694779286 2.278393671980232 2.2762448744825394 2.2740960769848466 2.271947279487154 2.269798481989461 2.267649684491768 2.2655008869940754 2.2633520894963826 2.2612032919986897 2.259054494500997 2.256905697003304 2.2547568995056113 2.2526081020079185 2.250459304510222 2.2483105070125293 2.2461617095148365 2.244012912017144 2.2418641145194513 2.2397153170217585 2.2375665195240657 2.2364960595161683 2.236578366661822 2.2366606738074757 2.23674298095313 2.2368252880987836 2.2369075952444373 2.2369899023900914 2.237072209535745 2.237154516681399 2.2372368238270526 2.2373191309727063 2.2374014381183605 2.237483745264014 2.237566052409668 2.2376483595553216 2.2377306667009758
