Figures/CREST_Example_wjb_NSE/PETs/wjb.pet.20100826.asc
ncols            288
nrows            254
xllcorner        113.274861
yllcorner        31.4918055
cellsize         0.008333333333
NODATA_value     -9999
[rows 200 to 219 of 254, columns 44 to 87 of 288]
-9999.0 -9999.0 -9999.0 -9999.0 -9999.0 -9999.0 -9999.0 -9999.0 -9999.0 -9999.0 1.2744017116767132 1.2763600524244867 1.2783183931722601 1.2802767339200334 1.2822350746678068 1.2841934154155803 1.2861517561633538 1.288110096911127 1.2900684376589004 1.292026778406674 1.2939851191544474 1.295943459902224 1.2979018006499974 1.2998601413977708 1.3018184821455443 1.3037768228933175 1.305735163641091 1.3076935043888644 1.3052031115930003 1.2979569220706584 1.2907107325483165 1.2834645430259746 1.2762183535036327 1.2689721639812908 1.2617259744589364 1.2544797849365947 1.2472335954142528 1.239987405891911 1.232741216369569 1.225495026847227 1.2182488373248852 1.2110026478025433 1.2037564582802014 1.1965102687578595
-9999.0 -9999.0 -9999.0 -9999.0 -9999.0 -9999.0 -9999.0 -9999.0 -9999.0 1.2774958029713213 1.2797449822069091 1.2819941614424968 1.2842433406780847 1.2864925199136723 1.2887416991492602 1.2909908783848478 1.2932400576204357 1.2954892368560234 1.2977384160916112 1.2999875953271989 1.3022367745627867 1.3044859537983784 1.306735133033966 1.308984312269554 1.3112334915051416 1.3134826707407294 1.315731849976317 1.317981029211905 1.3156070213279638 1.3082907219012099 1.3009744224744557 1.2936581230477016 1.2863418236209476 1.2790255241941935 1.2717092247674269 1.2643929253406727 1.2570766259139188 1.2497603264871646 1.2424440270604105 1.2351277276336565 1.2278114282069024 1.2204951287801482 1.213178829353394 1.2058625299266401
-9999.0 -9999.0 -9999.0 -9999.0 -9999.0 -9999.0 -9999.0 -9999.0 1.2800082172903005 1.2825482350137025 1.2850882527371048 1.2876282704605069 1.290168288183909 1.2927083059073112 1.2952483236307133 1.2977883413541154 1.3003283590775176 1.3028683768009197 1.3054083945243218 1.307948412247724 1.3104884299711261 1.3130284476945326 1.3155684654179347 1.3181084831413368 1.320648500864739 1.3231885185881411 1.3257285363115432 1.3282685540349455 1.3260109310629276 1.3186245217317611 1.311238112400595 1.3038517030694288 1.2964652937382624 1.2890788844070962 1.281692475075917 1.274306065744751 1.2669196564135847 1.2595332470824183 1.2521468377512521 1.2447604284200857 1.2373740190889195 1.2299876097577531 1.222601200426587 1.2152147910954207
-9999.0 -9999.0 -9999.0 -9999.0 -9999.0 -9999.0 -9999.0 -9999.0 -9999.0 1.287600667056084 1.2904315232673005 1.293262379478517 1.2960932356897334 1.29892409190095 1.3017549481121666 1.3045858043233831 1.3074166605345996 1.310247516745816 1.3130783729570326 1.315909229168249 1.3187400853794655 1.3215709415906869 1.3244017978019034 1.3272326540131199 1.3300635102243363 1.3328943664355528 1.3357252226467693 1.338556078857986 1.336414840797891 1.3289583215623126 1.3215018023267342 1.3140452830911558 1.306588763855577 1.2991322446199987 1.2916757253844076 1.284219206148829 1.2767626869132505 1.269306167677672 1.2618496484420936 1.2543931292065151 1.2469366099709365 1.239480090735358 1.2320235714997796 1.2245670522642012
-9999.0 -9999.0 -9999.0 -9999.0 -9999.0 -9999.0 -9999.0 -9999.0 -9999.0 -9999.0 1.2957747937974986 1.2988964884965295 1.3020181831955606 1.3051398778945915 1.3082615725936226 1.3113832672926535 1.3145049619916844 1.3176266566907155 1.3207483513897464 1.3238700460887776 1.3269917407878085 1.330113435486845 1.3332351301858758 1.3363568248849067 1.3394785195839378 1.3426002142829687 1.3457219089819998 1.3488436036810307 1.3468187505328593 1.3392921213928686 1.3317654922528779 1.3242388631128872 1.3167122339728963 1.3091856048329056 1.301658975692902 1.2941323465529113 1.2866057174129206 1.27907908827293 1.2715524591329392 1.2640258299929485 1.2564992008529579 1.248972571712967 1.2414459425729762 1.2339193134329856
-9999.0 -9999.0 -9999.0 -9999.0 -9999.0 -9999.0 -9999.0 -9999.0 -9999.0 -9999.0 1.3011180643276943 1.3045305975145398 1.3079431307013851 1.3113556638882304 1.3147681970750758 1.318180730261921 1.3215932634487666 1.325005796635612 1.3284183298224572 1.3318308630093025 1.3352433961961478 1.3386559293829992 1.3420684625698445 1.3454809957566898 1.348893528943535 1.3523060621303806 1.355718595317226 1.3591311285040713 1.357222660267823 1.34962592122342 1.3420291821790171 1.3344324431346142 1.3268357040902112 1.3192389650458083 1.3116422260013925 1.3040454869569895 1.2964487479125866 1.2888520088681836 1.2812552698237807 1.2736585307793777 1.266061791734975 1.258465052690572 1.2508683136461691 1.2432715746017662
-9999.0 -9999.0 -9999.0 -9999.0 -9999.0 -9999.0 -9999.0 -9999.0 -9999.0 -9999.0 -9999.0 -9999.0 1.3138680782072096 1.3175714498818694 1.321274821556529 1.3249781932311888 1.3286815649058485 1.3323849365805083 1.336088308255168 1.3397916799298277 1.3434950516044875 1.3471984232791534 1.3509017949538131 1.3546051666284729 1.3583085383031326 1.3620119099777923 1.365715281652452 1.3694186533271118 1.3676265700027865 1.3599597210539716 1.3522928721051564 1.3446260231563412 1.336959174207526 1.329292325258711 1.3216254763098827 1.3139586273610675 1.3062917784122525 1.2986249294634373 1.2909580805146221 1.2832912315658072 1.275624382616992 1.2679575336681768 1.2602906847193618 1.2526238357705466
-9999.0 -9999.0 -9999.0 -9999.0 -9999.0 -9999.0 -9999.0 -9999.0 -9999.0 -9999.0 -9999.0 -9999.0 -9999.0 1.323787235875511 1.327781446037985 1.3317756562004592 1.3357698663629334 1.3397640765254077 1.3437582866878819 1.347752496850356 1.3517467070128304 1.3557409171753114 1.3597351273377856 1.3637293375002597 1.367723547662734 1.3717177578252082 1.3757119679876824 1.3797061781501565 1.3780304797377547 1.3702935208845273 1.3625565620313 1.3548196031780726 1.3470826443248451 1.339345685471618 1.3316087266183774 1.32387176776515 1.3161348089119227 1.3083978500586952 1.3006608912054678 1.2929239323522406 1.2851869734990131 1.277450014645786 1.2697130557925584 1.2619760969393312
-9999.0 -9999.0 -9999.0 -9999.0 -9999.0 -9999.0 -9999.0 -9999.0 -9999.0 -9999.0 -9999.0 -9999.0 -9999.0 1.3225657293896256 1.3267063602726417 1.3308469911556577 1.3349876220386738 1.33912825292169 1.343268883804706 1.347409514687722 1.3515501455707382 1.3556907764537611 1.3598314073367772 1.3639720382197933 1.3681126691028094 1.3722532999858255 1.3763939308688415 1.3805345617518576 1.3789507050234049 1.3712472416301924 1.36354377823698 1.3558403148437677 1.3481368514505552 1.3404333880573427 1.332729924664117 1.3250264612709046 1.3173229978776921 1.3096195344844797 1.3019160710912672 1.2942126076980547 1.2865091443048424 1.27880568091163 1.2711022175184175 1.263398754125205
-9999.0 -9999.0 -9999.0 -9999.0 -9999.0 -9999.0 -9999.0 -9999.0 -9999.0 -9999.0 -9999.0 -9999.0 -9999.0 -9999.0 1.31752690411118 1.3216595822238422 1.3257922603365047 1.329924938449167 1.3340576165618292 1.3381902946744917 1.342322972787154 1.3464556508998233 1.3505883290124858 1.354721007125148 1.3588536852378104 1.3629863633504726 1.3671190414631351 1.3712517195757974 1.369733469367493 1.3621742490388609 1.3546150287102288 1.3470558083815967 1.3394965880529646 1.3319373677243322 1.3243781473956873 1.3168189270670552 1.309259706738423 1.301700486409791 1.2941412660811589 1.2865820457525268 1.2790228254238947 1.2714636050952626 1.2639043847666305 1.2563451644379984
-9999.0 -9999.0 -9999.0 -9999.0 -9999.0 -9999.0 -9999.0 -9999.0 -9999.0 -9999.0 -9999.0 -9999.0 -9999.0 -9999.0 -9999.0 1.3124721732920228 1.3165968986343315 1.32072162397664 1.3248463493189486 1.3289710746612573 1.333095800003566 1.3372205253458815 1.3413452506881902 1.3454699760304987 1.3495947013728073 1.353719426715116 1.3578441520574247 1.3619688773997332 1.360516233711577 1.3531012564475253 1.3456862791834736 1.338271301919422 1.3308563246553702 1.3234413473913185 1.316026370127254 1.3086113928632024 1.3011964155991507 1.293781438335099 1.2863664610710472 1.2789514838069955 1.2715365065429438 1.264121529278892 1.2567065520148406 1.249291574750789
-9999.0 -9999.0 -9999.0 -9999.0 -9999.0 -9999.0 -9999.0 -9999.0 -9999.0 -9999.0 -9999.0 -9999.0 -9999.0 -9999.0 -9999.0 -9999.0 -9999.0 -9999.0 1.315635082076072 1.319751854648027 1.3238686272199818 1.3279853997919437 1.3321021723638986 1.3362189449358535 1.3403357175078083 1.3444524900797632 1.3485692626517183 1.3526860352236731 1.351298998055665 1.3440282638561936 1.3367575296567222 1.329486795457251 1.3222160612577796 1.3149453270583082 1.3076745928588245 1.3004038586593532 1.2931331244598816 1.2858623902604103 1.278591656060939 1.2713209218614676 1.2640501876619963 1.256779453462525 1.2495087192630536 1.242237985063582
-9999.0 -9999.0 -9999.0 -9999.0 -9999.0 -9999.0 -9999.0 -9999.0 -9999.0 -9999.0 -9999.0 -9999.0 -9999.0 -9999.0 -9999.0 -9999.0 -9999.0 -9999.0 1.3064238148331953 1.3105326346347965 1.3146414544363976 1.3187502742380057 1.322859094039607 1.3269679138412083 1.3310767336428093 1.3351855534444106 1.3392943732460116 1.343403193047613 1.342081762399753 1.334955271264862 1.327828780129971 1.32070228899508 1.313575797860189 1.306449306725298 1.2993228155903949 1.2921963244555037 1.2850698333206128 1.2779433421857218 1.2708168510508306 1.2636903599159397 1.2565638687810488 1.2494373776461576 1.2423108865112666 1.2351843953763757
-9999.0 -9999.0 -9999.0 -9999.0 -9999.0 -9999.0 -9999.0 -9999.0 -9999.0 -9999.0 -9999.0 -9999.0 -9999.0 -9999.0 -9999.0 -9999.0 -9999.0 -9999.0 -9999.0 -9999.0 1.3054142816528096 1.309515148684064 1.3136160157153114 1.3177168827465588 1.3218177497778063 1.3259186168090538 1.3300194838403012 1.3341203508715487 1.332864526743837 1.3258822786735265 1.318900030603216 1.3119177825329051 1.3049355344625946 1.297953286392284 1.2909710383219615 1.283988790251651 1.2770065421813404 1.2700242941110296 1.263042046040719 1.2560597979704085 1.249077549900098 1.2420953018297873 1.2351130537594766 1.228130805689166
-9999.0 -9999.0 -9999.0 -9999.0 -9999.0 -9999.0 -9999.0 -9999.0 -9999.0 -9999.0 -9999.0 -9999.0 -9999.0 -9999.0 -9999.0 -9999.0 -9999.0 -9999.0 -9999.0 -9999.0 -9999.0 -9999.0 1.3043729373910198 -9999.0 1.3125587659128073 1.3166516801737012 1.3207445944345948 1.3248375086954884 1.3236472910879251 1.3168092860821947 1.3099712810764645 1.3031332760707344 1.296295271065004 1.2894572660592738 1.2826192610535319 1.2757812560478015 1.2689432510420713 1.2621052460363409 1.2552672410306107 1.2484292360248805 1.2415912310191501 1.23475322601342 1.2279152210076896 1.2210772160019594
-9999.0 -9999.0 -9999.0 -9999.0 -9999.0 -9999.0 -9999.0 -9999.0 -9999.0 -9999.0 -9999.0 -9999.0 -9999.0 -9999.0 -9999.0 -9999.0 -9999.0 -9999.0 -9999.0 -9999.0 -9999.0 -9999.0 -9999.0 -9999.0 -9999.0 -9999.0 1.3114697050288882 1.3155546665194282 1.314430055432013 1.307736293490863 1.301042531549713 1.2943487696085632 1.2876550076674131 1.2809612457262634 1.274267483785102 1.267573721843952 1.2608799599028022 1.2541861979616522 1.2474924360205024 1.2407986740793524 1.2341049121382024 1.2274111501970526 1.2207173882559026 1.2140236263147528
-9999.0 -9999.0 -9999.0 -9999.0 -9999.0 -9999.0 -9999.0 -9999.0 -9999.0 -9999.0 -9999.0 -9999.0 -9999.0 -9999.0 -9999.0 -9999.0 -9999.0 -9999.0 -9999.0 -9999.0 -9999.0 -9999.0 -9999.0 -9999.0 -9999.0 -9999.0 1.3021948156231817 1.306271824343368 1.3052128197761008 1.2986633008995314 1.2921137820229618 1.2855642631463922 1.2790147442698225 1.272465225393253 1.2659157065166722 1.2593661876401028 1.2528166687635331 1.2462671498869635 1.239717631010394 1.2331681121338245 1.2266185932572549 1.2200690743806852 1.2135195555041156 1.206970036627546
-9999.0 -9999.0 -9999.0 -9999.0 -9999.0 -9999.0 -9999.0 -9999.0 -9999.0 -9999.0 -9999.0 -9999.0 -9999.0 -9999.0 -9999.0 -9999.0 -9999.0 -9999.0 -9999.0 -9999.0 -9999.0 -9999.0 -9999.0 -9999.0 -9999.0 -9999.0 -9999.0 1.2969889821673037 1.295995584120185 1.2895903083081957 1.2831850324962066 1.2767797566842174 1.2703744808722282 1.2639692050602391 1.257563929248239 1.2511586534362498 1.2447533776242607 1.2383481018122715 1.2319428260002823 1.2255375501882932 1.219132274376304 1.2127269985643148 1.2063217227523257 1.1999164469403365
-9999.0 -9999.0 -9999.0 -9999.0 -9999.0 -9999.0 -9999.0 -9999.0 -9999.0 -9999.0 -9999.0 -9999.0 -9999.0 -9999.0 -9999.0 -9999.0 -9999.0 -9999.0 -9999.0 -9999.0 -9999.0 -9999.0 -9999.0 -9999.0 -9999.0 -9999.0 -9999.0 -9999.0 1.286778348464273 1.2805173157168641 1.2742562829694553 1.2679952502220464 1.2617342174746378 1.255473184727229 1.2492121519798094 1.2429511192324005 1.2366900864849917 1.2304290537375828 1.224168020990174 1.2179069882427653 1.2116459554953565 1.2053849227479476 1.1991238900005388 1.19286285725313
-9999.0 -9999.0 -9999.0 -9999.0 -9999.0 -9999.0 -9999.0 -9999.0 -9999.0 -9999.0 -9999.0 -9999.0 -9999.0 -9999.0 -9999.0 -9999.0 -9999.0 -9999.0 -9999.0 -9999.0 -9999.0 -9999.0 -9999.0 -9999.0 -9999.0 -9999.0 -9999.0 -9999.0 -9999.0 1.2714443231255326 1.265327533442704 1.2592107437598754 1.253093954077047 1.2469771643942185 1.2408603747113796 1.234743585028551 1.2286267953457226 1.2225100056628941 1.2163932159800657 1.2102764262972372 1.2041596366144087 1.1980428469315803 1.1919260572487518 1.1858092675659233
