Figures/CREST_Example_wjb_NSE/PETs/wjb.pet.20100304.asc
ncols            288
nrows            254
xllcorner        113.274861
yllcorner        31.4918055
cellsize         0.008333333333
NODATA_value     -9999
[rows 140 to 159 of 254, columns 176 to 219 of 288]
0.9874746266808984 0.9858578622476423 0.9842410978143862 0.98262433338113 0.9810075689478739 0.9793908045146178 0.9777740400813589 0.9761572756481027 0.9745405112148466 0.9729237467815905 0.9713069823483345 0.9696902179150783 0.9680734534818222 0.9664566890485661 0.9648399246153099 0.9632231601820538 0.9619251689135183 0.9609679533708246 0.960010737828131 0.9590535222854357 0.958096306742742 0.9571390912000484 0.9561818756573548 0.9552246601146611 0.9542674445719674 0.9533102290292738 0.9523530134865801 0.9513957979438865 0.9504385824011928 0.9494813668584992 0.9485241513158055 0.9475669357731118 0.9466097202304166 0.9456525046877229 0.9446952891450292 0.9437380736023355 0.942780858059642 0.9418236425169483 0.9408664269742546 0.9399092114315609 0.9389519958888674 0.9379947803461737 0.93703756480348 0.9360803492607863
0.9879364966226848 0.9863507733509149 0.9847650500791449 0.983179326807375 0.9815936035356051 0.9800078802638351 0.9784221569920625 0.9768364337202926 0.9752507104485226 0.9736649871767526 0.9720792639049828 0.9704935406332128 0.9689078173614428 0.967322094089673 0.965736370817903 0.964150647546133 0.9628907334811675 0.961979116830233 0.9610675001792984 0.9601558835283623 0.9592442668774278 0.9583326502264933 0.9574210335755587 0.9565094169246242 0.9555978002736897 0.9546861836227551 0.9537745669718206 0.9528629503208861 0.9519513336699515 0.951039717019017 0.9501281003680825 0.949216483717148 0.9483048670662119 0.9473932504152773 0.9464816337643428 0.9455700171134083 0.9446584004624737 0.9437467838115392 0.9428351671606047 0.9419235505096701 0.9410119338587356 0.9401003172078011 0.9391887005568665 0.938277083905932
0.9883983665644711 0.9868436844541875 0.9852890023439037 0.98373432023362 0.9821796381233362 0.9806249560130524 0.979070273902766 0.9775155917924823 0.9759609096821985 0.9744062275719148 0.972851545461631 0.9712968633513472 0.9697421812410636 0.9681874991307798 0.9666328170204961 0.9650781349102123 0.9638562980488166 0.9629902802896412 0.9621242625304658 0.961258244771289 0.9603922270121135 0.9595262092529381 0.9586601914937627 0.9577941737345873 0.9569281559754119 0.9560621382162365 0.9551961204570611 0.9543301026978858 0.9534640849387103 0.9525980671795349 0.9517320494203595 0.9508660316611841 0.9500000139020073 0.9491339961428318 0.9482679783836564 0.947401960624481 0.9465359428653056 0.9456699251061302 0.9448039073469549 0.9439378895877795 0.9430718718286041 0.9422058540694287 0.9413398363102532 0.9404738185510778
0.9888602365062577 0.98733659555746 0.9858129546086625 0.9842893136598649 0.9827656727110674 0.9812420317622698 0.9797183908134697 0.978194749864672 0.9766711089158745 0.975147467967077 0.9736238270182793 0.9721001860694818 0.9705765451206843 0.9690529041718867 0.9675292632230891 0.9660056222742915 0.9648218626164657 0.9640014437490495 0.9631810248816332 0.9623606060142155 0.9615401871467992 0.960719768279383 0.9598993494119668 0.9590789305445504 0.9582585116771342 0.9574380928097179 0.9566176739423017 0.9557972550748853 0.9549768362074691 0.9541564173400529 0.9533359984726365 0.9525155796052203 0.9516951607378026 0.9508747418703863 0.9500543230029701 0.9492339041355538 0.9484134852681375 0.9475930664007213 0.946772647533305 0.9459522286658887 0.9451318097984724 0.9443113909310562 0.94349097206364 0.9426705531962236
0.9893221064480444 0.9878295066607331 0.9863369068734217 0.9848443070861104 0.9833517072987991 0.9818591075114876 0.9803665077241738 0.9788739079368625 0.977381308149551 0.9758887083622397 0.9743961085749283 0.972903508787617 0.9714109090003056 0.9699183092129943 0.968425709425683 0.9669331096383715 0.9657874271841157 0.9650126072084586 0.9642377872328014 0.9634629672571431 0.9626881472814859 0.9619133273058288 0.9611385073301717 0.9603636873545146 0.9595888673788575 0.9588140474032004 0.9580392274275433 0.9572644074518862 0.9564895874762291 0.955714767500572 0.954939947524915 0.9541651275492578 0.9533903075735993 0.9526154875979422 0.9518406676222851 0.951065847646628 0.950291027670971 0.9495162076953139 0.9487413877196568 0.9479665677439997 0.9471917477683426 0.9464169277926855 0.9456421078170283 0.9448672878413712
0.9897839763898307 0.9883224177640056 0.9868608591381804 0.9853993005123552 0.9839377418865302 0.982476183260705 0.9810146246348773 0.9795530660090521 0.9780915073832269 0.9766299487574018 0.9751683901315766 0.9737068315057514 0.9722452728799263 0.9707837142541011 0.969322155628276 0.9678605970024509 0.9667529917517648 0.9660237706678668 0.9652945495839689 0.9645653285000696 0.9638361074161717 0.9631068863322737 0.9623776652483758 0.9616484441644777 0.9609192230805798 0.9601900019966818 0.9594607809127839 0.9587315598288858 0.9580023387449879 0.9572731176610899 0.956543896577192 0.955814675493294 0.9550854544093947 0.9543562333254968 0.9536270122415988 0.9528977911577008 0.9521685700738028 0.9514393489899049 0.950710127906007 0.9499809068221089 0.949251685738211 0.948522464654313 0.9477932435704151 0.947064022486517
0.9902458463316173 0.9888153288672782 0.9873848114029392 0.9859542939386002 0.9845237764742613 0.9830932590099223 0.9816627415455809 0.9802322240812419 0.9788017066169029 0.9773711891525639 0.975940671688225 0.974510154223886 0.973079636759547 0.971649119295208 0.970218601830869 0.9687880843665301 0.967718556319414 0.9670349341272751 0.9663513119351362 0.9656676897429962 0.9649840675508574 0.9643004453587185 0.9636168231665797 0.9629332009744408 0.962249578782302 0.9615659565901632 0.9608823343980243 0.9601987122058855 0.9595150900137466 0.9588314678216078 0.958147845629469 0.9574642234373301 0.95678060124519 0.9560969790530512 0.9554133568609123 0.9547297346687735 0.9540461124766346 0.9533624902844958 0.952678868092357 0.9519952459002181 0.9513116237080793 0.9506280015159404 0.9499443793238016 0.9492607571316628
0.9907077162734037 0.9893082399705508 0.9879087636676981 0.9865092873648453 0.9851098110619925 0.9837103347591397 0.9823108584562845 0.9809113821534317 0.9795119058505789 0.9781124295477261 0.9767129532448733 0.9753134769420205 0.9739140006391677 0.9725145243363149 0.9711150480334622 0.9697155717306093 0.9686841208870631 0.9680460975866834 0.9674080742863036 0.9667700509859228 0.9661320276855431 0.9654940043851634 0.9648559810847837 0.964217957784404 0.9635799344840242 0.9629419111836446 0.9623038878832648 0.961665864582885 0.9610278412825054 0.9603898179821256 0.959751794681746 0.9591137713813662 0.9584757480809855 0.9578377247806057 0.957199701480226 0.9565616781798463 0.9559236548794666 0.9552856315790869 0.9546476082787071 0.9540095849783274 0.9533715616779477 0.952733538377568 0.9520955150771883 0.9514574917768086
0.9904975403479913 0.9890993503818255 0.9877011604156597 0.9863029704494939 0.9849047804833281 0.9835065905171623 0.9821084005509941 0.9807102105848283 0.9793120206186625 0.9779138306524967 0.9765156406863309 0.9751174507201651 0.9737192607539993 0.9723210707878335 0.9709228808216678 0.969524690855502 0.9684969580151899 0.9678652522246035 0.9672335464340172 0.9666018406434297 0.9659701348528433 0.965338429062257 0.9647067232716707 0.9640750174810844 0.963443311690498 0.9628116058999117 0.9621799001093253 0.961548194318739 0.9609164885281526 0.9602847827375662 0.9596530769469799 0.9590213711563935 0.9583896653658062 0.9577579595752198 0.9571262537846335 0.9564945479940471 0.9558628422034607 0.9552311364128744 0.9545994306222881 0.9539677248317018 0.9533360190411154 0.9527043132505291 0.9520726074599427 0.9514409016693564
0.9895689897549474 0.988140280093442 0.9867115704319365 0.9852828607704309 0.9838541511089254 0.9824254414474198 0.9809967317859118 0.9795680221244064 0.9781393124629009 0.9767106028013953 0.9752818931398898 0.9738531834783842 0.9724244738168787 0.9709957641553733 0.9695670544938677 0.9681383448323622 0.9670776021760593 0.9664102245741634 0.9657428469722674 0.9650754693703704 0.9644080917684744 0.9637407141665785 0.9630733365646824 0.9624059589627865 0.9617385813608905 0.9610712037589946 0.9604038261570986 0.9597364485552027 0.9590690709533067 0.9584016933514108 0.9577343157495148 0.9570669381476189 0.9563995605457218 0.9557321829438259 0.95506480534193 0.9543974277400339 0.9537300501381379 0.953062672536242 0.952395294934346 0.9517279173324501 0.9510605397305542 0.9503931621286582 0.9497257845267623 0.9490584069248663
0.988640439161903 0.9871812098050577 0.9857219804482125 0.9842627510913672 0.9828035217345219 0.9813442923776766 0.9798850630208289 0.9784258336639836 0.9769666043071383 0.975507374950293 0.9740481455934478 0.9725889162366025 0.9711296868797572 0.9696704575229119 0.9682112281660666 0.9667519988092214 0.9656582463369279 0.9649551969237222 0.9642521475105166 0.9635490980973098 0.9628460486841042 0.9621429992708986 0.961439949857693 0.9607369004444875 0.9600338510312818 0.9593308016180762 0.9586277522048706 0.957924702791665 0.9572216533784594 0.9565186039652538 0.9558155545520481 0.9551125051388426 0.9544094557256357 0.9537064063124302 0.9530033568992246 0.952300307486019 0.9515972580728134 0.9508942086596077 0.9501911592464022 0.9494881098331965 0.948785060419991 0.9480820110067854 0.9473789615935797 0.9466759121803742
0.987711888568859 0.9862221395166741 0.9847323904644891 0.9832426414123041 0.9817528923601191 0.9802631433079341 0.9787733942557466 0.9772836452035616 0.9757938961513766 0.9743041470991916 0.9728143980470066 0.9713246489948216 0.9698348999426366 0.9683451508904516 0.9668554018382666 0.9653656527860817 0.9642388904977973 0.9635001692732821 0.9627614480487668 0.9620227268242504 0.9612840055997351 0.96054528437522 0.9598065631507048 0.9590678419261895 0.9583291207016743 0.9575903994771591 0.956851678252644 0.9561129570281287 0.9553742358036135 0.9546355145790982 0.953896793354583 0.9531580721300679 0.9524193509055513 0.9516806296810362 0.9509419084565209 0.9502031872320057 0.9494644660074905 0.9487257447829752 0.9479870235584601 0.9472483023339449 0.9465095811094296 0.9457708598849144 0.9450321386603991 0.944293417435884
0.9867833379758154 0.9852630692282907 0.9837428004807659 0.9822225317332413 0.9807022629857165 0.9791819942381917 0.9776617254906644 0.9761414567431397 0.974621187995615 0.9731009192480903 0.9715806505005655 0.9700603817530409 0.9685401130055161 0.9670198442579914 0.9654995755104667 0.963979306762942 0.962819534658667 0.9620451416228422 0.9612707485870173 0.9604963555511912 0.9597219625153663 0.9589475694795415 0.9581731764437167 0.9573987834078919 0.956624390372067 0.9558499973362422 0.9550756043004174 0.9543012112645926 0.9535268182287677 0.9527524251929429 0.9519780321571181 0.9512036391212932 0.9504292460854671 0.9496548530496423 0.9488804600138174 0.9481060669779926 0.9473316739421678 0.946557280906343 0.9457828878705181 0.9450084948346933 0.9442341017988685 0.9434597087630436 0.9426853157272188 0.941910922691394
0.9858547873827717 0.9843039989399072 0.9827532104970428 0.9812024220541783 0.9796516336113139 0.9781008451684494 0.9765500567255824 0.9749992682827179 0.9734484798398534 0.971897691396989 0.9703469029541245 0.9687961145112601 0.9672453260683956 0.9656945376255311 0.9641437491826668 0.9625929607398023 0.9614001788195365 0.9605901139724021 0.9597800491252677 0.9589699842781318 0.9581599194309974 0.9573498545838629 0.9565397897367285 0.9557297248895941 0.9549196600424597 0.9541095951953251 0.9532995303481907 0.9524894655010563 0.9516794006539219 0.9508693358067873 0.9500592709596529 0.9492492061125185 0.9484391412653826 0.9476290764182482 0.9468190115711138 0.9460089467239793 0.9451988818768449 0.9443888170297104 0.943578752182576 0.9427686873354415 0.9419586224883071 0.9411485576411727 0.9403384927940382 0.9395284279469037
0.9849262367897278 0.9833449286515237 0.9817636205133194 0.9801823123751153 0.9786010042369111 0.977019696098707 0.9754383879605001 0.973857079822296 0.9722757716840917 0.9706944635458876 0.9691131554076835 0.9675318472694793 0.9659505391312752 0.9643692309930709 0.9627879228548668 0.9612066147166626 0.9599808229804062 0.9591350863219621 0.9582893496635181 0.9574436130050725 0.9565978763466285 0.9557521396881844 0.9549064030297404 0.9540606663712963 0.9532149297128523 0.9523691930544083 0.9515234563959641 0.9506777197375201 0.949831983079076 0.948986246420632 0.9481405097621879 0.9472947731037439 0.9464490364452983 0.9456032997868543 0.9447575631284102 0.9439118264699662 0.9430660898115222 0.9422203531530781 0.941374616494634 0.9405288798361899 0.9396831431777459 0.9388374065193018 0.9379916698608578 0.9371459332024137
0.9839976861966842 0.9823858583631402 0.9807740305295963 0.9791622026960525 0.9775503748625085 0.9759385470289647 0.974326719195418 0.9727148913618741 0.9711030635283302 0.9694912356947863 0.9678794078612424 0.9662675800276985 0.9646557521941547 0.9630439243606107 0.9614320965270668 0.959820268693523 0.9585614671412758 0.9576800586715222 0.9567986502017685 0.9559172417320133 0.9550358332622596 0.9541544247925059 0.9532730163227523 0.9523916078529986 0.9515101993832449 0.9506287909134912 0.9497473824437376 0.9488659739739839 0.9479845655042302 0.9471031570344766 0.9462217485647229 0.9453403400949691 0.944458931625214 0.9435775231554603 0.9426961146857067 0.941814706215953 0.9409332977461993 0.9400518892764457 0.939170480806692 0.9382890723369383 0.9374076638671845 0.936526255397431 0.9356448469276772 0.9347634384579235
0.9830691356036403 0.9814267880747567 0.9797844405458731 0.9781420930169895 0.9764997454881058 0.9748573979592222 0.9732150504303357 0.9715727029014521 0.9699303553725686 0.968288007843685 0.9666456603148013 0.9650033127859177 0.9633609652570341 0.9617186177281505 0.9600762701992668 0.9584339226703832 0.9571421113021453 0.956225031021082 0.9553079507400187 0.9543908704589539 0.9534737901778906 0.9525567098968273 0.951639629615764 0.9507225493347007 0.9498054690536374 0.9488883887725742 0.9479713084915109 0.9470542282104476 0.9461371479293843 0.945220067648321 0.9443029873672577 0.9433859070861944 0.9424688268051296 0.9415517465240663 0.940634666243003 0.9397175859619397 0.9388005056808765 0.9378834253998132 0.9369663451187499 0.9360492648376866 0.9351321845566233 0.93421510427556 0.9332980239944967 0.9323809437134334
0.9821405850105959 0.9804677177863724 0.9787948505621491 0.9771219833379258 0.9754491161137023 0.973776248889479 0.9721033816652528 0.9704305144410293 0.968757647216806 0.9670847799925827 0.9654119127683592 0.9637390455441359 0.9620661783199125 0.9603933110956892 0.9587204438714658 0.9570475766472424 0.9557227554630138 0.9547700033706409 0.9538172512782679 0.9528644991858933 0.9519117470935204 0.9509589950011474 0.9500062429087746 0.9490534908164017 0.9481007387240287 0.9471479866316558 0.9461952345392828 0.9452424824469099 0.944289730354537 0.943336978262164 0.9423842261697911 0.9414314740774181 0.9404787219850436 0.9395259698926707 0.9385732178002978 0.9376204657079248 0.9366677136155519 0.9357149615231789 0.934762209430806 0.9338094573384331 0.9328567052460601 0.9319039531536872 0.9309512010613142 0.9299984489689413
0.9812120344175519 0.9795086474979888 0.9778052605784258 0.9761018736588627 0.9743984867392996 0.9726950998197365 0.9709917129001705 0.9692883259806074 0.9675849390610443 0.9658815521414812 0.9641781652219181 0.9624747783023551 0.9607713913827919 0.9590680044632288 0.9573646175436658 0.9556612306241027 0.9543033996238833 0.9533149757202007 0.9523265518165182 0.951338127912834 0.9503497040091514 0.9493612801054688 0.9483728562017864 0.9473844322981038 0.9463960083944213 0.9454075844907387 0.9444191605870561 0.9434307366833736 0.942442312779691 0.9414538888760086 0.940465464972326 0.9394770410686434 0.9384886171649592 0.9375001932612766 0.9365117693575941 0.9355233454539116 0.934534921550229 0.9335464976465464 0.9325580737428639 0.9315696498391813 0.9305812259354989 0.9295928020318163 0.9286043781281337 0.9276159542244512
0.9802834838245083 0.9785495772096054 0.9768156705947025 0.9750817639797997 0.9733478573648969 0.9716139507499941 0.9698800441350883 0.9681461375201855 0.9664122309052827 0.9646783242903799 0.9629444176754771 0.9612105110605742 0.9594766044456714 0.9577426978307686 0.9560087912158658 0.954274884600963 0.9528840437847529 0.9518599480697607 0.9508358523547686 0.9498117566397747 0.9487876609247825 0.9477635652097903 0.9467394694947981 0.9457153737798061 0.9446912780648139 0.9436671823498217 0.9426430866348295 0.9416189909198374 0.9405948952048452 0.939570799489853 0.9385467037748609 0.9375226080598688 0.9364985123448748 0.9354744166298826 0.9344503209148904 0.9334262251998984 0.9324021294849062 0.931378033769914 0.9303539380549218 0.9293298423399297 0.9283057466249375 0.9272816509099453 0.9262575551949532 0.925233459479961
