Figures/CREST_Example_wjb_NSE/PETs/wjb.pet.20100714.asc
ncols            288
nrows            254
xllcorner        113.274861
yllcorner        31.4918055
cellsize         0.008333333333
NODATA_value     -9999
[rows 160 to 179 of 254, columns 220 to 263 of 288]
2.289981759295078 2.2968567964801747 2.306940085873748 2.3204530694865246 2.3339660530993016 2.3474790367120786 2.360992020324855 2.374505003937632 2.3880179875504086 2.4015309711631856 2.415043954775962 2.428556938388739 2.442069922001516 2.4555829056142926 2.4690958892270927 2.482608872839869 2.496121856452646 2.509634840065423 2.5231478236781997 2.5366608072909766 2.550173790903753 2.56368677451653 2.577199758129307 2.5907127417420837 2.6042257253548606 2.617738708967637 2.631251692580414 2.6447646761932138 2.6582776598059907 2.6717906434187677 2.6853036270315442 2.698816610644321 2.7085438826138977 2.7142241431401954 2.7199044036664937 2.7255846641927914 2.731264924719089 2.736945185245387 2.7426254457716848 2.748305706297983 2.7539859668242905 2.7596662273505883 2.765346487876886 2.771026748403184
2.2828545189590064 2.2899434581084894 2.3001118153533318 2.313572140234716 2.3270324651161 2.3404927899974837 2.3539531148788675 2.3674134397602513 2.3808737646416356 2.3943340895230194 2.4077944144044032 2.421254739285787 2.434715064167171 2.448175389048555 2.461635713929962 2.475096038811346 2.4885563636927297 2.5020166885741135 2.515477013455498 2.5289373383368816 2.5423976632182654 2.5558579880996493 2.569318312981033 2.5827786378624173 2.596238962743801 2.609699287625185 2.623159612506569 2.6366199373879757 2.6500802622693596 2.6635405871507434 2.6770009120321276 2.6904612369135115 2.700192541688692 2.7059374395569633 2.711682337425235 2.7174272352935063 2.7231721331617775 2.728917031030049 2.73466192889832 2.7404068267665913 2.7461517246348723 2.7518966225031436 2.757641520371415 2.763386418239686
2.275727278622935 2.283030119736804 2.293283544832916 2.306691210982907 2.3200988771328976 2.3335065432828888 2.34691420943288 2.360321875582871 2.373729541732862 2.387137207882853 2.400544874032844 2.413952540182835 2.427360206332826 2.4407678724828172 2.454175538632831 2.467583204782822 2.4809908709328132 2.494398537082804 2.507806203232795 2.521213869382786 2.5346215355327772 2.5480292016827684 2.561436867832759 2.57484453398275 2.5882522001327413 2.6016598662827324 2.6150675324327235 2.6284751985827373 2.6418828647327284 2.6552905308827195 2.66869819703271 2.6821058631827013 2.6918412007634864 2.697650735973731 2.703460271183976 2.70926980639422 2.715079341604465 2.7208888768147097 2.7266984120249544 2.732507947235199 2.7383174824454537 2.7441270176556984 2.749936552865943 2.755746088076188
2.268600038286857 2.276116781365113 2.2864552743124937 2.299810281731092 2.31316528914969 2.326520296568288 2.3398753039868865 2.3532303114054844 2.3665853188240824 2.3799403262426804 2.393295333661279 2.4066503410798767 2.4200053484984747 2.433360355917073 2.4467153633356937 2.460070370754292 2.47342537817289 2.486780385591488 2.500135393010086 2.5134904004286844 2.5268454078472824 2.5402004152658804 2.5535554226844788 2.5669104301030767 2.5802654375216747 2.5936204449402727 2.606975452358871 2.6203304597774917 2.63368546719609 2.647040474614688 2.660395482033286 2.6737504894518844 2.6834898598382733 2.6893640323904915 2.6952382049427097 2.701112377494928 2.706986550047146 2.7128607225993644 2.7187348951515826 2.724609067703801 2.730483240256029 2.736357412808247 2.7422315853604653 2.7481057579126835
2.2614727979507854 2.269203442993428 2.279627003792078 2.292929352479283 2.3062317011664883 2.3195340498536936 2.332836398540899 2.3461387472281037 2.359441095915309 2.372743444602514 2.3860457932897194 2.3993481419769247 2.41265049066413 2.425952839351335 2.439255188038563 2.4525575367257684 2.4658598854129736 2.479162234100179 2.492464582787384 2.5057669314745894 2.5190692801617947 2.532371628849 2.5456739775362047 2.55897632622341 2.5722786749106152 2.5855810235978205 2.5988833722850258 2.6121857209722537 2.625488069659459 2.638790418346664 2.6520927670338694 2.6653951157210747 2.6751385189130676 2.6810773288072594 2.687016138701451 2.6929549485956428 2.6988937584898345 2.7048325683840257 2.7107713782782175 2.716710188172409 2.722648998066611 2.728587807960803 2.734526617854994 2.740465427749186
2.254345557614714 2.2622901046217425 2.2727987332716615 2.286048423227474 2.299298113183286 2.3125478031390987 2.325797493094911 2.3390471830507233 2.3522968730065354 2.365546562962348 2.3787962529181605 2.3920459428739727 2.405295632829785 2.4185453227855973 2.431795012741432 2.4450447026972446 2.458294392653057 2.4715440826088693 2.4847937725646814 2.498043462520494 2.5112931524763065 2.5245428424321186 2.537792532387931 2.5510422223437432 2.5642919122995558 2.577541602255368 2.5907912922111804 2.604040982167015 2.6172906721228277 2.63054036207864 2.6437900520344524 2.6570397419902645 2.666787177987862 2.6727906252240268 2.678794072460192 2.684797519696357 2.690800966932522 2.696804414168687 2.7028078614048523 2.7088113086410175 2.7148147558771925 2.7208182031133576 2.726821650349523 2.732825097585688
2.247218317278642 2.2553767662500572 2.2659704627512456 2.279167493975665 2.2923645252000844 2.3055615564245038 2.318758587648923 2.3319556188733426 2.3451526500977624 2.358349681322182 2.371546712546601 2.3847437437710206 2.39794077499544 2.4111378062198594 2.4243348374443014 2.437531868668721 2.4507288998931402 2.4639259311175596 2.477122962341979 2.4903199935663984 2.5035170247908183 2.5167140560152377 2.529911087239657 2.5431081184640765 2.556305149688496 2.5695021809129153 2.5826992121373347 2.5958962433617767 2.609093274586196 2.6222903058106155 2.635487337035035 2.6486843682594543 2.658435837062656 2.664503921640794 2.670572006218933 2.6766400907970715 2.68270817537521 2.6887762599533485 2.6948443445314867 2.7009124291096254 2.7069805136877743 2.7130485982659125 2.719116682844051 2.7251847674221894
2.2400910769425706 2.248463427878372 2.2591421922308292 2.272286564723856 2.2854309372168826 2.298575309709909 2.3117196822029356 2.3248640546959622 2.338008427188989 2.351152799682015 2.364297172175042 2.3774415446680686 2.390585917161095 2.4037302896541215 2.4168746621471704 2.430019034640197 2.4431634071332238 2.45630777962625 2.4694521521192767 2.4825965246123034 2.49574089710533 2.5088852695983563 2.522029642091383 2.5351740145844097 2.548318387077436 2.5614627595704627 2.5746071320634893 2.5877515045565382 2.600895877049565 2.614040249542591 2.627184622035618 2.6403289945286446 2.65008449613745 2.656217218057562 2.6623499399776738 2.668482661897786 2.6746153838178977 2.68074810573801 2.6868808276581215 2.6930135495782332 2.6991462714983556 2.705278993418468 2.7114117153385795 2.7175444372586917
2.232963836606499 2.2415500895066867 2.2523139217104133 2.265405635472047 2.278497349233681 2.2915890629953144 2.304680776756948 2.317772490518582 2.3308642042802155 2.343955918041849 2.357047631803483 2.3701393455651165 2.38323105932675 2.396322773088384 2.40941448685004 2.4225062006116733 2.4355979143733073 2.448689628134941 2.4617813418965744 2.4748730556582084 2.487964769419842 2.5010564831814754 2.5141481969431094 2.527239910704743 2.5403316244663765 2.5534233382280105 2.566515051989644 2.5796067657513 2.5926984795129338 2.6057901932745673 2.6188819070362013 2.631973620797835 2.6417331552122443 2.64793051447433 2.654127873736415 2.6603252329985003 2.666522592260586 2.672719951522671 2.6789173107847564 2.685114670046842 2.691312029308938 2.697509388571023 2.7037067478331087 2.709904107095194
2.225836596270427 2.2346367511350014 2.245485651189997 2.258524706220238 2.2715637612504787 2.2846028162807195 2.2976418713109603 2.310680926341201 2.323719981371442 2.336759036401683 2.3497980914319236 2.3628371464621645 2.3758762014924053 2.388915256522646 2.401954311552909 2.4149933665831496 2.4280324216133904 2.441071476643631 2.454110531673872 2.467149586704113 2.4801886417343537 2.4932276967645945 2.5062667517948354 2.519305806825076 2.532344861855317 2.545383916885558 2.5584229719157987 2.5714620269460617 2.5845010819763026 2.597540137006543 2.610579192036784 2.6236182470670246 2.6333818142870387 2.6396438108910973 2.645905807495156 2.6521678040992147 2.658429800703274 2.6646917973073325 2.670953793911391 2.67721579051545 2.6834777871195197 2.6897397837235784 2.696001780327637 2.7022637769316957
2.2187093559343496 2.2277234127633103 2.2386573806695753 2.251643776968423 2.264630173267271 2.277616569566119 2.290602965864967 2.3035893621638146 2.3165757584626623 2.3295621547615104 2.342548551060358 2.355534947359206 2.368521343658054 2.3815077399569016 2.394494136255772 2.4074805325546196 2.4204669288534677 2.4334533251523154 2.446439721451163 2.459426117750011 2.472412514048859 2.485398910347707 2.4983853066465547 2.5113717029454024 2.5243580992442505 2.537344495543098 2.5503308918419463 2.563317288140816 2.576303684439664 2.589290080738512 2.6022764770373596 2.6152628733362078 2.6250304733618255 2.6313571073078577 2.6376837412538903 2.6440103751999224 2.6503370091459546 2.6566636430919868 2.662990277038019 2.6693169109840515 2.6756435449300944 2.6819701788761265 2.688296812822159 2.6946234467681913
2.211582115598278 2.220810074391625 2.231829110149159 2.244762847716614 2.257696585284069 2.270630322851524 2.283564060418979 2.296497797986434 2.309431535553889 2.3223652731213438 2.3352990106887987 2.3482327482562537 2.361166485823709 2.3741002233911637 2.387033960958641 2.399967698526096 2.412901436093551 2.4258351736610058 2.4387689112284607 2.4517026487959157 2.4646363863633707 2.4775701239308257 2.4905038614982806 2.5034375990657356 2.5163713366331906 2.5293050742006455 2.5422388117681005 2.5551725493355777 2.5681062869030327 2.5810400244704876 2.5939737620379426 2.6069074996053976 2.6166791324366194 2.6230704037246255 2.629461675012631 2.635852946300637 2.6422442175886425 2.648635488876648 2.6550267601646538 2.6614180314526594 2.667809302740676 2.674200574028682 -9999.0 -9999.0
2.204454875262206 2.2138967360199397 2.225000839628743 2.2378819184648053 2.250762997300867 2.2636440761369294 2.2765251549729912 2.2894062338090535 2.3022873126451158 2.3151683914811776 2.32804947031724 2.340930549153302 2.353811627989364 2.366692706825426 2.3795737856615102 2.3924548644975725 2.4053359433336343 2.4182170221696966 2.431098101005759 2.4439791798418207 2.456860258677883 2.4697413375139448 2.482622416350007 2.4955034951860693 2.508384574022131 2.5212656528581934 2.534146731694255 2.5470278105303397 2.5599088893664015 2.5727899682024638 2.5856710470385256 2.598552125874588 2.6083277915114143 2.6147837001413934 2.6212396087713725 2.6276955174013517 2.634151426031331 2.64060733466131 2.6470632432912886 2.6535191519212677 2.659975060551258 -9999.0 -9999.0 -9999.0
2.1973276349261344 2.2069833976482545 2.2181725691083267 2.2310009892129963 2.2438294093176654 2.2566578294223345 2.2694862495270036 2.282314669631673 2.2951430897363423 2.3079715098410114 2.3207999299456805 2.3336283500503496 2.346456770155019 2.3592851902596883 2.372113610364379 2.3849420304690487 2.397770450573718 2.410598870678387 2.423427290783056 2.4362557108877256 2.4490841309923947 2.461912551097064 2.474740971201733 2.487569391306402 2.5003978114110716 2.5132262315157408 2.52605465162041 2.5388830717251007 2.5517114918297703 2.5645399119344394 2.5773683320391085 2.5901967521437776 2.599976450586208 2.606496996558161 2.6130175425301134 2.619538088502066 2.626058634474018 2.632579180445971 2.6390997264179235 -9999.0 -9999.0 -9999.0 -9999.0 -9999.0
2.1902003945900628 2.200070059276569 2.211344298587911 2.2241200599611872 2.2368958213344636 2.2496715827077396 2.262447344081016 2.2752231054542924 2.287998866827569 2.300774628200845 2.3135503895741216 2.3263261509473976 2.339101912320674 2.3518776736939504 2.3646534350672486 2.377429196440525 2.390204957813801 2.4029807191870773 2.4157564805603537 2.42853224193363 2.4413080033069066 2.454083764680183 2.466859526053459 2.4796352874267353 2.4924110488000117 2.505186810173288 2.5179625715465646 2.5307383329198627 2.5435140942931387 2.556289855666415 2.5690656170396915 2.581841378412968 2.591625109661002 2.5982102929749282 2.6047954762888543 2.6113806596027804 2.617965842916706 2.624551026230632 -9999.0 -9999.0 -9999.0 -9999.0 -9999.0 -9999.0
2.183073154253991 2.193156720904884 2.204516028067495 2.217239130709378 2.2299622333512614 2.242685335993145 2.2554084386350284 2.268131541276912 2.2808546439187953 2.293577746560679 2.3063008492025623 2.3190239518444455 2.3317470544863292 2.3444701571282125 2.357193259770118 2.369916362412001 2.382639465053885 2.395362567695768 2.4080856703376514 2.420808772979535 2.4335318756214184 2.446254978263302 2.4589780809051853 2.471701183547069 2.4844242861889523 2.497147388830836 2.5098704914727192 2.5225935941146242 2.535316696756508 2.548039799398391 2.560762902040275 2.573486004682158 2.583273768735797 2.589923589391696 2.5965734100475957 2.603223230703495 2.6098730513593944 2.616522872015294 -9999.0 -9999.0 -9999.0 -9999.0 -9999.0 -9999.0
2.1759459139179134 2.186243382533193 2.197687757547073 2.2103582014575633 2.223028645368054 2.2356990892785444 2.248369533189035 2.2610399770995255 2.273710421010016 2.2863808649205066 2.2990513088309967 2.3117217527414873 2.324392196651978 2.3370626405624684 2.3497330844729807 2.3624035283834712 2.3750739722939618 2.3877444162044523 2.400414860114943 2.413085304025433 2.4257557479359235 2.438426191846414 2.4510966357569046 2.463767079667395 2.4764375235778857 2.4891079674883763 2.501778411398867 2.514448855309379 2.527119299219869 2.5397897431303598 2.5524601870408503 2.565130630951341 2.574922427810584 2.581636885808457 2.5883513438063295 2.5950658018042025 2.601780259802075 -9999.0 -9999.0 -9999.0 -9999.0 -9999.0 -9999.0 -9999.0
2.1688186735818418 2.1793300441615076 2.190859487026657 2.2034772722057543 2.216095057384852 2.2287128425639495 2.2413306277430474 2.2539484129221448 2.2665661981012426 2.27918398328034 2.291801768459438 2.3044195536385352 2.317037338817633 2.3296551239967305 2.3422729091758496 2.3548906943549475 2.367508479534045 2.3801262647131427 2.39274404989224 2.405361835071338 2.4179796202504353 2.430597405429533 2.4432151906086306 2.4558329757877284 2.4684507609668263 2.4810685461459236 2.493686331325021 2.5063041165041406 2.518921901683238 2.5315396868623354 2.5441574720414333 2.556775257220531 2.5665710868853777 2.5733501822252243 2.5801292775650704 2.586908372904917 -9999.0 -9999.0 -9999.0 -9999.0 -9999.0 -9999.0 -9999.0 -9999.0
2.1632669683222225 2.1738866699252237 2.185456159435477 2.198040993713955 2.210625827992433 2.223210662270911 2.235795496549389 2.248380330827867 2.2609651651063447 2.273549999384823 2.2861348336633007 2.298719667941779 2.3113045022202567 2.3238893364987345 2.336474170777234 2.3490590050557123 2.36164383933419 2.374228673612668 2.386813507891146 2.399398342169624 2.411983176448102 2.42456801072658 2.4371528450050577 2.449737679283536 2.4623225135620137 2.474907347840492 2.4874921821189697 2.5000770163974693 2.512661850675947 2.525246684954425 2.537831519232903 2.550416353511381 2.560201286786576 2.56699306250824 2.573784838229904 -9999.0 -9999.0 -9999.0 -9999.0 -9999.0 -9999.0 -9999.0 -9999.0 -9999.0
2.159399410748896 2.170014594693685 2.181576006017466 2.1941489558241805 2.2067219056308947 2.2192948554376093 2.231867805244324 2.2444407550510386 2.2570137048577528 2.2695866546644674 2.282159604471182 2.2947325542778962 2.307305504084611 2.3198784538913255 2.3324514036980615 2.345024353504776 2.3575973033114903 2.370170253118205 2.3827432029249196 2.395316152731634 2.4078891025383484 2.420462052345063 2.4330350021517777 2.445607951958492 2.4581809017652065 2.470753851571921 2.4833268013786354 2.4958997511853713 2.508472700992086 2.5210456507988006 2.533618600605515 2.5461915504122294 2.5559496289290733 2.562698546317143 2.5694474637052127 -9999.0 -9999.0 -9999.0 -9999.0 -9999.0 -9999.0 -9999.0 -9999.0 -9999.0
