Figures/CREST_Example_wjb_NSE/PETs/wjb.pet.20091017.asc
ncols            288
nrows            254
xllcorner        113.274861
yllcorner        31.4918055
cellsize         0.008333333333
NODATA_value     -9999
[rows 160 to 179 of 254, columns 88 to 131 of 288]
1.911138977490555 1.9084310282901584 1.905723079089762 1.9030151298893607 1.9003071806889642 1.8975992314885675 1.894891282288171 1.8921833330877744 1.889475383887378 1.8867674346869814 1.8840594854865846 1.8813515362861881 1.8786435870857916 1.875935637885395 1.873522275442919 1.8714238329056196 1.8693253903683167 1.867226947831017 1.8651285052937177 1.8630300627564182 1.8609316202191188 1.8588331776818194 1.8567347351445198 1.8546362926072204 1.852537850069921 1.8504394075326216 1.8483409649953222 1.8462425224580226 1.8441440799207232 1.8420456373834202 1.8399471948461208 1.8378487523088212 1.8357503097715218 1.8336518672342224 1.831553424696923 1.8294549821596235 1.827356539622324 1.8252580970850245 1.823159654547725 1.8210612120104257 1.8189627694731263 1.8168643269358267 1.8147658843985237 1.8126674418612243
1.9144831327692433 1.9116959936599083 1.9089088545505732 1.9061217154412335 1.9033345763318985 1.9005474372225635 1.8977602981132287 1.8949731590038936 1.8921860198945586 1.8893988807852236 1.8866117416758885 1.8838246025665537 1.8810374634572187 1.8782503243478836 1.8758189539193713 1.873767908255014 1.8717168625906533 1.869665816926296 1.8676147712619389 1.8655637255975817 1.8635126799332244 1.8614616342688672 1.85941058860451 1.8573595429401528 1.8553084972757956 1.8532574516114384 1.8512064059470812 1.849155360282724 1.8471043146183668 1.845053268954006 1.8430022232896488 1.8409511776252916 1.8389001319609344 1.8368490862965772 1.83479804063222 1.8327469949678628 1.8306959493035055 1.8286449036391483 1.8265938579747911 1.824542812310434 1.8224917666460767 1.8204407209817195 1.8183896753173587 1.8163386296530015
1.9178272880479315 1.9149609590296581 1.9120946300113846 1.9092283009931064 1.9063619719748328 1.9034956429565595 1.900629313938286 1.8977629849200126 1.894896655901739 1.8920303268834657 1.8891639978651922 1.8862976688469189 1.8834313398286455 1.880565010810372 1.878115632395823 1.8761119836044082 1.8741083348129897 1.8721046860215749 1.8701010372301599 1.8680973884387448 1.8660937396473298 1.8640900908559148 1.8620864420644998 1.860082793273085 1.85807914448167 1.856075495690255 1.85407184689884 1.8520681981074252 1.8500645493160102 1.8480609005245916 1.8460572517331768 1.8440536029417618 1.8420499541503468 1.8400463053589318 1.838042656567517 1.836039007776102 1.834035358984687 1.832031710193272 1.830028061401857 1.828024412610442 1.8260207638190271 1.824017115027612 1.8220134662361938 1.8200098174447787
1.9211714433266225 1.9182259243994104 1.9152804054721986 1.9123348865449816 1.9093893676177698 1.9064438486905577 1.9034983297633459 1.900552810836134 1.897607291908922 1.8946617729817101 1.891716254054498 1.8887707351272862 1.8858252162000744 1.8828796972728623 1.880412310872277 1.8784560589538044 1.8764998070353283 1.8745435551168557 1.8725873031983828 1.8706310512799103 1.8686747993614377 1.8667185474429648 1.8647622955244922 1.8628060436060194 1.8608497916875468 1.8588935397690742 1.8569372878506014 1.8549810359321288 1.853024784013656 1.85106853209518 1.8491122801767075 1.8471560282582347 1.845199776339762 1.8432435244212892 1.8412872725028167 1.839331020584344 1.8373747686658712 1.8354185167473986 1.8334622648289258 1.8315060129104532 1.8295497609919806 1.8275935090735078 1.825637257155032 1.823681005236559
1.9245155986053106 1.9214908897691603 1.91846618093301 1.9154414720968544 1.912416763260704 1.9093920544245537 1.9063673455884034 1.903342636752253 1.9003179279161027 1.8972932190799523 1.894268510243802 1.8912438014076516 1.8882190925715012 1.8851943837353509 1.882708989348729 1.8808001343031984 1.8788912792576649 1.8769824242121342 1.8750735691666038 1.8731647141210734 1.871255859075543 1.8693470040300126 1.8674381489844822 1.8655292939389516 1.8636204388934212 1.8617115838478908 1.8598027288023604 1.85789387375683 1.8559850187112996 1.8540761636657659 1.8521673086202355 1.8502584535747049 1.8483495985291745 1.846440743483644 1.8445318884381137 1.8426230333925833 1.8407141783470529 1.8388053233015222 1.8368964682559918 1.8349876132104614 1.833078758164931 1.8311699031194006 1.829261048073867 1.8273521930283365
1.927859753883999 1.9247558551389101 1.9216519563938212 1.9185480576487273 1.9154441589036384 1.9123402601585497 1.9092363614134609 1.906132462668372 1.9030285639232833 1.8999246651781945 1.8968207664331058 1.893716867688017 1.890612968942928 1.8875090701978394 1.885005667825181 1.8831442096525928 1.8812827514800015 1.8794212933074133 1.877559835134825 1.8756983769622368 1.8738369187896486 1.8719754606170604 1.8701140024444722 1.868252544271884 1.8663910860992958 1.8645296279267076 1.8626681697541194 1.8608067115815312 1.858945253408943 1.8570837952363517 1.8552223370637635 1.8533608788911753 1.851499420718587 1.8496379625459989 1.8477765043734107 1.8459150462008225 1.8440535880282343 1.842192129855646 1.8403306716830579 1.8384692135104697 1.8366077553378815 1.8347462971652932 1.832884838992702 1.8310233808201137
1.931203909162687 1.9280208205086597 1.9248377318546326 1.9216546432005999 1.9184715545465727 1.9152884658925455 1.9121053772385184 1.908922288584491 1.9057391999304638 1.9025561112764366 1.8993730226224095 1.896189933968382 1.893006845314355 1.8898237566603278 1.887302346301633 1.885488285001987 1.8836742237023378 1.881860162402692 1.880046101103046 1.8782320398034 1.876417978503754 1.8746039172041082 1.8727898559044622 1.8709757946048162 1.8691617333051702 1.8673476720055244 1.8655336107058784 1.8637195494062324 1.8619054881065866 1.8600914268069375 1.8582773655072915 1.8564633042076455 1.8546492429079997 1.8528351816083537 1.8510211203087077 1.8492070590090617 1.847392997709416 1.8455789364097699 1.8437648751101239 1.841950813810478 1.840136752510832 1.838322691211186 1.836508629911537 1.8346945686118912
1.9345480644413753 1.9312857858784096 1.928023507315444 1.9247612287524727 1.921498950189507 1.9182366716265413 1.9149743930635756 1.91171211450061 1.9084498359376445 1.9051875573746788 1.9019252788117131 1.8986630002487475 1.8954007216857818 1.892138443122816 1.8895990247780847 1.8878323603513811 1.8860656959246744 1.8842990314979706 1.882532367071267 1.8807657026445632 1.8789990382178596 1.8772323737911558 1.8754657093644522 1.8736990449377484 1.8719323805110446 1.870165716084341 1.8683990516576372 1.8666323872309336 1.8648657228042298 1.863099058377523 1.8613323939508195 1.8595657295241157 1.857799065097412 1.8560324006707083 1.8542657362440047 1.852499071817301 1.850732407390597 1.8489657429638935 1.8471990785371897 1.845432414110486 1.8436657496837823 1.8418990852570787 1.840132420830372 1.8383657564036682
1.9378922197200634 1.9345507512481592 1.9312092827762553 1.9278678143043453 1.9245263458324413 1.9211848773605371 1.9178434088886331 1.914501940416729 1.911160471944825 1.9078190034729208 1.9044775350010168 1.9011360665291126 1.8977945980572086 1.8944531295853044 1.8918957032545367 1.8901764357007753 1.8884571681470108 1.8867379005932494 1.885018633039488 1.8832993654857264 1.881580097931965 1.8798608303782036 1.878141562824442 1.8764222952706806 1.8747030277169192 1.8729837601631576 1.8712644926093962 1.8695452250556348 1.8678259575018734 1.866106689948109 1.8643874223943475 1.862668154840586 1.8609488872868245 1.859229619733063 1.8575103521793017 1.85579108462554 1.8540718170717787 1.8523525495180173 1.8506332819642557 1.8489140144104943 1.847194746856733 1.8454754793029713 1.843756211749207 1.8420369441954456
1.9412363749987516 1.937815716617909 1.9343950582370666 1.930974399856218 1.9275537414753756 1.9241330830945331 1.9207124247136906 1.9172917663328481 1.9138711079520057 1.9104504495711632 1.9070297911903207 1.9036091328094782 1.9001884744286357 1.896767816047793 1.894192381730989 1.8925205110501695 1.8908486403693474 1.8891767696885282 1.887504899007709 1.8858330283268898 1.8841611576460706 1.8824892869652514 1.8808174162844322 1.879145545603613 1.8774736749227938 1.8758018042419746 1.8741299335611552 1.872458062880336 1.8707861921995168 1.8691143215186947 1.8674424508378755 1.8657705801570563 1.8640987094762371 1.862426838795418 1.8607549681145987 1.8590830974337795 1.8574112267529603 1.8557393560721411 1.8540674853913217 1.8523956147105025 1.8507237440296833 1.8490518733488641 1.847380002668042 1.8457081319872228
1.9445805302774426 1.9410806819876616 1.9375808336978806 1.9340809854080936 1.9305811371183126 1.9270812888285316 1.9235814405387506 1.9200815922489696 1.9165817439591886 1.9130818956694076 1.9095820473796266 1.9060821990898456 1.9025823508000645 1.8990825025102835 1.8964890602074427 1.8948645863995657 1.893240112591686 1.8916156387838092 1.8899911649759322 1.8883666911680552 1.8867422173601784 1.8851177435523014 1.8834932697444244 1.8818687959365474 1.8802443221286707 1.8786198483207937 1.8769953745129166 1.8753709007050399 1.8737464268971629 1.8721219530892832 1.8704974792814062 1.8688730054735292 1.8672485316656524 1.8656240578577754 1.8639995840498984 1.8623751102420216 1.8607506364341446 1.8591261626262676 1.8575016888183906 1.8558772150105138 1.8542527412026368 1.8526282673947598 1.8510037935868802 1.8493793197790032
1.947924685556131 1.9443456473574114 1.940766609158692 1.9371875709599664 1.933608532761247 1.9300294945625276 1.926450456363808 1.9228714181650886 1.919292379966369 1.9157133417676497 1.9121343035689302 1.9085552653702107 1.9049762271714914 1.9013971889727719 1.8987857386838947 1.8972086617489599 1.8956315848140226 1.8940545078790878 1.8924774309441532 1.8909003540092184 1.8893232770742838 1.887746200139349 1.8861691232044144 1.8845920462694796 1.883014969334545 1.8814378923996102 1.8798608154646756 1.8782837385297408 1.8767066615948063 1.8751295846598688 1.8735525077249342 1.8719754307899994 1.8703983538550648 1.86882127692013 1.8672441999851954 1.8656671230502606 1.864090046115326 1.8625129691803912 1.8609358922454566 1.8593588153105218 1.8577817383755872 1.8562046614406524 1.854627584505715 1.8530505075707804
1.9512688408348189 1.947610612727161 1.943952384619503 1.940294156511839 1.9366359284041812 1.9329777002965232 1.9293194721888653 1.9256612440812075 1.9220030159735497 1.9183447878658917 1.9146865597582339 1.911028331650576 1.907370103542918 1.9037118754352602 1.9010824171603464 1.899552737098354 1.898023057036359 1.8964933769743666 1.8949636969123742 1.8934340168503816 1.8919043367883892 1.8903746567263968 1.8888449766644042 1.8873152966024118 1.8857856165404194 1.884255936478427 1.8827262564164344 1.881196576354442 1.8796668962924497 1.8781372162304546 1.8766075361684622 1.8750778561064696 1.8735481760444772 1.8720184959824848 1.8704888159204924 1.8689591358584998 1.8674294557965074 1.865899775734515 1.8643700956725224 1.86284041561053 1.8613107355485377 1.8597810554865453 1.8582513754245502 1.8567216953625576
1.9546129961135073 1.950875578096911 1.9471381600803146 1.9434007420637118 1.9396633240471157 1.9359259060305194 1.932188488013923 1.9284510699973267 1.9247136519807304 1.920976233964134 1.9172388159475378 1.9135013979309414 1.909763979914345 1.9060265618977488 1.9033790956367986 1.9018968124477484 1.9004145292586956 1.8989322460696454 1.8974499628805952 1.895967679691545 1.8944853965024948 1.8930031133134446 1.8915208301243944 1.8900385469353442 1.888556263746294 1.8870739805572438 1.8855916973681937 1.8841094141791435 1.8826271309900933 1.8811448478010404 1.8796625646119902 1.87818028142294 1.8766979982338898 1.8752157150448396 1.8737334318557894 1.8722511486667393 1.870768865477689 1.8692865822886389 1.8678042990995887 1.8663220159105385 1.8648397327214883 1.8633574495324379 1.8618751663433852 1.860392883154335
1.9579571513921954 1.9541405434666608 1.950323935541126 1.9465073276155846 1.94269071969005 1.9388741117645152 1.9350575038389803 1.9312408959134457 1.9274242879879109 1.9236076800623763 1.9197910721368414 1.9159744642113068 1.912157856285772 1.9083412483602373 1.9056757741132506 1.9042408877971426 1.9028060014810322 1.9013711151649242 1.8999362288488162 1.8985013425327082 1.8970664562166004 1.8956315699004924 1.8941966835843844 1.8927617972682764 1.8913269109521684 1.8898920246360604 1.8884571383199527 1.8870222520038447 1.8855873656877367 1.8841524793716262 1.8827175930555182 1.8812827067394102 1.8798478204233025 1.8784129341071945 1.8769780477910865 1.8755431614749785 1.8741082751588705 1.8726733888427625 1.8712385025266547 1.8698036162105467 1.8683687298944387 1.8669338435783307 1.8654989572622203 1.8640640709461123
1.9613013066708835 1.9574055088364102 1.953509711001937 1.9496139131674572 1.945718115332984 1.941822317498511 1.9379265196640378 1.9340307218295647 1.9301349239950913 1.9262391261606182 1.922343328326145 1.918447530491672 1.9145517326571988 1.9106559348227257 1.9079724525897024 1.9065849631465366 1.9051974737033686 1.903809984260203 1.9024224948170372 1.9010350053738714 1.8996475159307058 1.89826002648754 1.8968725370443742 1.8954850476012086 1.8940975581580428 1.8927100687148772 1.8913225792717114 1.8899350898285456 1.88854760038538 1.8871601109422118 1.8857726214990462 1.8843851320558804 1.8829976426127146 1.881610153169549 1.8802226637263832 1.8788351742832177 1.8774476848400519 1.876060195396886 1.8746727059537205 1.8732852165105547 1.8718977270673889 1.8705102376242233 1.8691227481810553 1.8677352587378895
1.9646454619495746 1.960670474206163 1.9566954864627513 1.9527204987193327 1.948745510975921 1.9447705232325094 1.9407955354890978 1.9368205477456861 1.9328455600022743 1.9288705722588626 1.924895584515451 1.9209205967720393 1.9169456090286277 1.912970621285216 1.9102691310661564 1.908929038495933 1.9075889459257072 1.9062488533554838 1.9049087607852604 1.9035686682150368 1.9022285756448134 1.90088848307459 1.8995483905043666 1.898208297934143 1.8968682053639196 1.8955281127936963 1.8941880202234729 1.8928479276532495 1.891507835083026 1.8901677425128003 1.888827649942577 1.8874875573723533 1.88614746480213 1.8848073722319065 1.8834672796616831 1.8821271870914595 1.8807870945212362 1.8794470019510128 1.8781069093807894 1.8767668168105658 1.8754267242403424 1.874086631670119 1.8727465390998932 1.8714064465296698
1.967989617228263 1.9639354395759128 1.9598812619235626 1.9558270842712056 1.9517729066188556 1.9477187289665054 1.9436645513141553 1.939610373661805 1.9355561960094552 1.931502018357105 1.9274478407047548 1.923393663052405 1.9193394854000547 1.9152853077477046 1.9125658095426084 1.9112731138453272 1.9099804181480438 1.9086877224507626 1.9073950267534814 1.9061023310562002 1.904809635358919 1.9035169396616378 1.9022242439643566 1.9009315482670754 1.8996388525697943 1.898346156872513 1.8970534611752319 1.8957607654779507 1.8944680697806695 1.893175374083386 1.891882678386105 1.8905899826888237 1.8892972869915425 1.8880045912942613 1.8867118955969802 1.885419199899699 1.8841265042024178 1.8828338085051366 1.8815411128078554 1.8802484171105742 1.878955721413293 1.8776630257160118 1.8763703300187284 1.8750776343214473
1.9714213485640217 1.9673643790347408 1.9633074095054597 1.9592504399761719 1.9551934704468907 1.9511365009176098 1.9470795313883287 1.9430225618590478 1.9389655923297666 1.9349086228004857 1.9308516532712046 1.9267946837419236 1.9227377142126425 1.9186807446833616 1.9159512469909152 1.914640846707773 1.9133304464246284 1.912020046141486 1.9107096458583437 1.9093992455752014 1.9080888452920588 1.9067784450089165 1.9054680447257741 1.9041576444426318 1.9028472441594895 1.9015368438763471 1.9002264435932048 1.8989160433100625 1.8976056430269201 1.8962952427437756 1.8949848424606333 1.893674442177491 1.8923640418943486 1.8910536416112063 1.889743241328064 1.8884328410449214 1.887122440761779 1.8858120404786367 1.8845016401954944 1.883191239912352 1.8818808396292097 1.8805704393460674 1.8792600390629228 1.8779496387797805
1.9749466931846227 1.9709685964590427 1.9669904997334626 1.9630124030078757 1.9590343062822957 1.9550562095567154 1.9510781128311354 1.9471000161055554 1.9431219193799754 1.939143822654395 1.935165725928815 1.931187629203235 1.9272095324776548 1.9232314357520748 1.9205004991525756 1.9191028049276404 1.9177051107027028 1.9163074164777678 1.9149097222528326 1.9135120280278974 1.9121143338029625 1.9107166395780273 1.909318945353092 1.907921251128157 1.906523556903222 1.9051258626782868 1.9037281684533516 1.9023304742284164 1.9009327800034814 1.8995350857785438 1.8981373915536088 1.8967396973286736 1.8953420031037385 1.8939443088788033 1.8925466146538683 1.8911489204289331 1.889751226203998 1.888353531979063 1.8869558377541278 1.8855581435291926 1.8841604493042574 1.8827627550793224 1.8813650608543848 1.8799673666294496
