Figures/CREST_Example_wjb_NSE/PETs/wjb.pet.20091123.asc
ncols            288
nrows            254
xllcorner        113.274861
yllcorner        31.4918055
cellsize         0.008333333333
NODATA_value     -9999
[rows 114 to 132 of 254, columns 44 to 87 of 288]
0.9311274689922614 0.9305320924638693 0.9299367159354772 0.9293413394070851 0.928745962878693 0.9281505863503009 0.9275552098219089 0.9269598332935167 0.9263644567651237 0.9257690802367315 0.9251737037083395 0.9245783271799475 0.9239829506515553 0.9233875741231633 0.9227921975947712 0.9221968210663791 0.921601444537987 0.921006068009595 0.9204106914812028 0.9198153149528108 0.9192199384244186 0.9186245618960256 0.9180291853676334 0.9174338088392414 0.9168384323108493 0.9162430557824572 0.9156476792540652 0.9150523027256731 0.9142545476414632 0.9132404453061025 0.9122263429707419 0.9112122406353813 0.9101981383000207 0.9091840359646601 0.9081699336292978 0.9071558312939372 0.9061417289585766 0.905127626623216 0.9041135242878554 0.9030994219524948 0.9020853196171342 0.9010712172817736 0.900057114946413 0.8990430126110525
0.9302352376196964 0.9296693667861314 0.9291034959525665 0.9285376251190014 0.9279717542854364 0.9274058834518715 0.9268400126183065 0.9262741417847415 0.9257082709511756 0.9251424001176106 0.9245765292840457 0.9240106584504806 0.9234447876169156 0.9228789167833507 0.9223130459497857 0.9217471751162207 0.9211813042826558 0.9206154334490908 0.9200495626155257 0.9194836917819608 0.9189178209483958 0.9183519501148298 0.9177860792812649 0.9172202084476999 0.916654337614135 0.91608846678057 0.9155225959470049 0.91495672511344 0.9141654178046097 0.9131331138074908 0.9121008098103719 0.9110685058132529 0.910036201816134 0.9090038978190151 0.9079715938218944 0.9069392898247756 0.9059069858276566 0.9048746818305377 0.9038423778334188 0.9028100738362999 0.9017777698391809 0.9007454658420619 0.8997131618449431 0.8986808578478241
0.9293430062471315 0.9288066411083936 0.9282702759696557 0.9277339108309178 0.9271975456921799 0.926661180553442 0.9261248154147043 0.9255884502759664 0.9250520851372276 0.9245157199984897 0.9239793548597518 0.9234429897210139 0.922906624582276 0.9223702594435381 0.9218338943048002 0.9212975291660623 0.9207611640273246 0.9202247988885867 0.9196884337498488 0.9191520686111109 0.918615703472373 0.9180793383336342 0.9175429731948963 0.9170066080561584 0.9164702429174205 0.9159338777786826 0.9153975126399447 0.914861147501207 0.9140762879677563 0.9130257823088791 0.9119752766500018 0.9109247709911246 0.9098742653322474 0.90882375967337 0.907773254014491 0.9067227483556138 0.9056722426967365 0.9046217370378593 0.9035712313789821 0.9025207257201048 0.9014702200612276 0.9004197144023504 0.899369208743473 0.8983187030845958
0.9284507748745666 0.9279439154306558 0.9274370559867451 0.9269301965428343 0.9264233370989235 0.9259164776550127 0.9254096182111019 0.9249027587671912 0.9243958993232795 0.9238890398793688 0.9233821804354579 0.9228753209915471 0.9223684615476364 0.9218616021037256 0.9213547426598149 0.920847883215904 0.9203410237719932 0.9198341643280825 0.9193273048841717 0.9188204454402609 0.9183135859963502 0.9178067265524384 0.9172998671085277 0.9167930076646169 0.9162861482207062 0.9157792887767954 0.9152724293328846 0.9147655698889738 0.9139871581309028 0.9129184508102673 0.9118497434896318 0.9107810361689962 0.9097123288483606 0.908643621527725 0.9075749142070877 0.9065062068864521 0.9054374995658165 0.904368792245181 0.9033000849245454 0.9022313776039098 0.9011626702832742 0.9000939629626387 0.8990252556420032 0.8979565483213676
0.9284985312572965 0.9280140500963635 0.9275295689354305 0.9270450877744975 0.9265606066135644 0.9260761254526313 0.9255916442916983 0.9251071631307652 0.9246226819698313 0.9241382008088983 0.9236537196479653 0.9231692384870323 0.9226847573260992 0.9222002761651662 0.9217157950042331 0.9212313138433 0.920746832682367 0.920262351521434 0.919777870360501 0.9192933891995679 0.9188089080386348 0.918324426877701 0.917839945716768 0.9173554645558348 0.9168709833949018 0.9163865022339688 0.9159020210730358 0.9154175399121027 0.9146452900768296 0.9135654090233717 0.9124855279699138 0.9114056469164559 0.910325765862998 0.90924588480954 0.9081660037560803 0.9070861227026223 0.9060062416491644 0.9049263605957065 0.9038464795422486 0.9027665984887907 0.9016867174353328 0.9006068363818749 0.8995269553284169 0.898447074274959
0.9295510752906921 0.929081353658804 0.9286116320269159 0.9281419103950277 0.9276721887631395 0.9272024671312513 0.9267327454993632 0.926263023867475 0.9257933022355861 0.9253235806036979 0.9248538589718097 0.9243841373399216 0.9239144157080335 0.9234446940761453 0.9229749724442571 0.9225052508123689 0.9220355291804808 0.9215658075485926 0.9210960859167044 0.9206263642848163 0.9201566426529282 0.9196869210210392 0.919217199389151 0.9187474777572628 0.9182777561253747 0.9178080344934865 0.9173383128615984 0.9168685912297102 0.9161021977588462 0.915018655385536 0.9139351130122259 0.9128515706389156 0.9117680282656055 0.9106844858922953 0.9096009435189834 0.9085174011456733 0.907433858772363 0.906350316399053 0.9052667740257427 0.9041832316524326 0.9030996892791224 0.9020161469058123 0.9009326045325021 0.899849062159192
0.9306036193240877 0.9301486572212445 0.9296936951184013 0.9292387330155579 0.9287837709127147 0.9283288088098713 0.9278738467070281 0.9274188846041849 0.9269639225013407 0.9265089603984975 0.9260539982956543 0.9255990361928109 0.9251440740899677 0.9246891119871243 0.9242341498842811 0.9237791877814379 0.9233242256785945 0.9228692635757513 0.9224143014729079 0.9219593393700647 0.9215043772672215 0.9210494151643773 0.9205944530615341 0.9201394909586909 0.9196845288558475 0.9192295667530043 0.9187746046501609 0.9183196425473177 0.9175591054408626 0.9164719017477002 0.9153846980545378 0.9142974943613754 0.913210290668213 0.9121230869750507 0.9110358832818864 0.909948679588724 0.9088614758955617 0.9077742722023993 0.9066870685092369 0.9055998648160745 0.9045126611229121 0.9034254574297498 0.9023382537365874 0.901251050043425
0.9316561633574834 0.931215960783685 0.9307757582098866 0.9303355556360882 0.9298953530622898 0.9294551504884914 0.929014947914693 0.9285747453408946 0.9281345427670955 0.9276943401932971 0.9272541376194987 0.9268139350457003 0.9263737324719019 0.9259335298981035 0.9254933273243051 0.9250531247505067 0.9246129221767083 0.9241727196029099 0.9237325170291115 0.9232923144553131 0.9228521118815147 0.9224119093077155 0.9219717067339172 0.9215315041601188 0.9210913015863204 0.920651099012522 0.9202108964387236 0.9197706938649252 0.9190160131228791 0.9179251481098645 0.9168342830968499 0.9157434180838352 0.9146525530708206 0.913561688057806 0.9124708230447895 0.9113799580317749 0.9102890930187603 0.9091982280057456 0.908107362992731 0.9070164979797164 0.9059256329667017 0.9048347679536871 0.9037439029406725 0.9026530379276578
0.9327087073908791 0.9322832643461255 0.9318578213013721 0.9314323782566185 0.9310069352118651 0.9305814921671115 0.9301560491223579 0.9297306060776045 0.9293051630328502 0.9288797199880967 0.9284542769433431 0.9280288338985896 0.9276033908538361 0.9271779478090826 0.9267525047643291 0.9263270617195756 0.925901618674822 0.9254761756300686 0.925050732585315 0.9246252895405614 0.924199846495808 0.9237744034510537 0.9233489604063002 0.9229235173615467 0.9224980743167932 0.9220726312720396 0.9216471882272861 0.9212217451825326 0.9204729208048955 0.9193783944720286 0.9182838681391617 0.917189341806295 0.9160948154734281 0.9150002891405612 0.9139057628076925 0.9128112364748256 0.9117167101419588 0.9106221838090919 0.9095276574762251 0.9084331311433582 0.9073386048104913 0.9062440784776246 0.9051495521447577 0.9040550258118908
0.9337612514242747 0.9333505679085661 0.9329398843928575 0.9325292008771487 0.9321185173614401 0.9317078338457315 0.9312971503300229 0.9308864668143142 0.9304757832986049 0.9300650997828963 0.9296544162671876 0.929243732751479 0.9288330492357704 0.9284223657200618 0.928011682204353 0.9276009986886444 0.9271903151729358 0.9267796316572272 0.9263689481415185 0.9259582646258099 0.9255475811101013 0.9251368975943919 0.9247262140786833 0.9243155305629747 0.9239048470472659 0.9234941635315573 0.9230834800158487 0.9226727965001401 0.921929828486912 0.9208316408341929 0.9197334531814738 0.9186352655287547 0.9175370778760357 0.9164388902233165 0.9153407025705955 0.9142425149178764 0.9131443272651574 0.9120461396124383 0.9109479519597192 0.9098497643070002 0.9087515766542811 0.9076533890015619 0.9065552013488428 0.9054570136961237
0.9348137954576712 0.9344178714710075 0.9340219474843438 0.93362602349768 0.9332300995110162 0.9328341755243525 0.9324382515376888 0.932042327551025 0.9316464035643606 0.9312504795776969 0.9308545555910331 0.9304586316043694 0.9300627076177056 0.9296667836310419 0.9292708596443782 0.9288749356577144 0.9284790116710506 0.928083087684387 0.9276871636977232 0.9272912397110594 0.9268953157243957 0.9264993917377312 0.9261034677510676 0.9257075437644038 0.92531161977774 0.9249156957910762 0.9245197718044126 0.9241238478177488 0.9233867361689296 0.9222848871963584 0.921183038223787 0.9200811892512157 0.9189793402786444 0.9178774913060731 0.9167756423334998 0.9156737933609285 0.9145719443883572 0.9134700954157858 0.9123682464432146 0.9112663974706432 0.9101645484980719 0.9090626995255006 0.9079608505529292 0.9068590015803579
0.9358663394910668 0.935485175033448 0.9351040105758291 0.9347228461182102 0.9343416816605914 0.9339605172029726 0.9335793527453536 0.9331981882877348 0.9328170238301153 0.9324358593724964 0.9320546949148776 0.9316735304572588 0.9312923659996398 0.930911201542021 0.9305300370844022 0.9301488726267833 0.9297677081691644 0.9293865437115456 0.9290053792539267 0.9286242147963079 0.9282430503386889 0.9278618858810694 0.9274807214234506 0.9270995569658318 0.9267183925082129 0.926337228050594 0.9259560635929751 0.9255748991353563 0.9248436438509462 0.9237381335585226 0.9226326232660991 0.9215271129736755 0.920421602681252 0.9193160923888284 0.9182105820964029 0.9171050718039794 0.9159995615115558 0.9148940512191323 0.9137885409267087 0.9126830306342851 0.9115775203418616 0.910472010049438 0.9093664997570144 0.9082609894645909
0.9369188835244624 0.9365524785958884 0.9361860736673144 0.9358196687387405 0.9354532638101666 0.9350868588815926 0.9347204539530186 0.9343540490244446 0.93398764409587 0.933621239167296 0.933254834238722 0.932888429310148 0.932522024381574 0.9321556194530001 0.9317892145244261 0.9314228095958521 0.9310564046672781 0.9306899997387041 0.9303235948101303 0.9299571898815563 0.9295907849529823 0.9292243800244077 0.9288579750958337 0.9284915701672597 0.9281251652386857 0.9277587603101117 0.9273923553815377 0.9270259504529638 0.9263005515329626 0.9251913799206869 0.924082208308411 0.9229730366961353 0.9218638650838594 0.9207546934715837 0.919645521859306 0.9185363502470302 0.9174271786347544 0.9163180070224786 0.9152088354102028 0.914099663797927 0.9129904921856512 0.9118813205733755 0.9107721489610996 0.9096629773488238
0.937971427557858 0.937619782158329 0.9372681367587998 0.9369164913592708 0.9365648459597417 0.9362132005602126 0.9358615551606835 0.9355099097611543 0.9351582643616247 0.9348066189620956 0.9344549735625665 0.9341033281630374 0.9337516827635083 0.9334000373639793 0.9330483919644501 0.9326967465649211 0.9323451011653919 0.9319934557658629 0.9316418103663338 0.9312901649668046 0.9309385195672756 0.9305868741677459 0.9302352287682167 0.9298835833686877 0.9295319379691586 0.9291802925696295 0.9288286471701004 0.9284770017705714 0.9277574592149792 0.9266446262828512 0.9255317933507231 0.9244189604185951 0.923306127486467 0.922193294554339 0.921080461622209 0.9199676286900811 0.918854795757953 0.917741962825825 0.9166291298936969 0.9155162969615689 0.9144034640294408 0.9132906310973129 0.9121777981651848 0.9110649652330568
0.9390239715912536 0.9386870857207694 0.9383501998502852 0.938013313979801 0.9376764281093168 0.9373395422388325 0.9370026563683483 0.9366657704978641 0.9363288846273794 0.9359919987568951 0.9356551128864109 0.9353182270159267 0.9349813411454425 0.9346444552749583 0.934307569404474 0.9339706835339898 0.9336337976635056 0.9332969117930214 0.9329600259225372 0.9326231400520529 0.9322862541815687 0.931949368311084 0.9316124824405998 0.9312755965701156 0.9309387106996313 0.9306018248291471 0.9302649389586629 0.9299280530881787 0.9292143668969955 0.9280978726450153 0.9269813783930351 0.9258648841410547 0.9247483898890745 0.9236318956370942 0.922515401385112 0.9213989071331318 0.9202824128811515 0.9191659186291713 0.9180494243771911 0.9169329301252107 0.9158164358732305 0.9146999416212502 0.91358344736927 0.9124669531172898
0.9400765156246493 0.93975438928321 0.9394322629417707 0.9391101366003314 0.938788010258892 0.9384658839174527 0.9381437575760133 0.937821631234574 0.9374995048931342 0.9371773785516948 0.9368552522102555 0.9365331258688161 0.9362109995273767 0.9358888731859374 0.9355667468444981 0.9352446205030588 0.9349224941616194 0.9346003678201801 0.9342782414787407 0.9339561151373015 0.9336339887958621 0.9333118624544222 0.9329897361129829 0.9326676097715435 0.9323454834301041 0.9320233570886649 0.9317012307472256 0.9313791044057862 0.930671274579012 0.9295511190071796 0.928430963435347 0.9273108078635145 0.9261906522916821 0.9250704967198495 0.9239503411480151 0.9228301855761827 0.9217100300043501 0.9205898744325176 0.9194697188606852 0.9183495632888526 0.9172294077170202 0.9161092521451877 0.9149890965733551 0.9138689410015227
0.9411290596580449 0.9408216928456505 0.940514326033256 0.9402069592208616 0.9398995924084671 0.9395922255960727 0.9392848587836783 0.9389774919712838 0.9386701251588888 0.9383627583464944 0.9380553915340999 0.9377480247217055 0.937440657909311 0.9371332910969166 0.936825924284522 0.9365185574721276 0.9362111906597332 0.9359038238473387 0.9355964570349443 0.9352890902225498 0.9349817234101554 0.9346743565977604 0.9343669897853659 0.9340596229729715 0.933752256160577 0.9334448893481826 0.9331375225357882 0.9328301557233937 0.9321281822610286 0.9310043653693438 0.9298805484776591 0.9287567315859743 0.9276329146942895 0.9265090978026048 0.9253852809109182 0.9242614640192335 0.9231376471275488 0.922013830235864 0.9208900133441793 0.9197661964524946 0.9186423795608099 0.917518562669125 0.9163947457774403 0.9152709288857556
0.9421816036914414 0.941888996408092 0.9415963891247424 0.9413037818413929 0.9410111745580433 0.9407185672746937 0.9404259599913442 0.9401333527079946 0.9398407454246446 0.939548138141295 0.9392555308579454 0.9389629235745959 0.9386703162912463 0.9383777090078967 0.9380851017245472 0.9377924944411976 0.937499887157848 0.9372072798744985 0.9369146725911489 0.9366220653077993 0.9363294580244498 0.9360368507410998 0.9357442434577502 0.9354516361744006 0.9351590288910511 0.9348664216077015 0.9345738143243519 0.9342812070410024 0.9335850899430462 0.9324576117315092 0.9313301335199723 0.9302026553084353 0.9290751770968984 0.9279476988853613 0.9268202206738225 0.9256927424622855 0.9245652642507486 0.9234377860392116 0.9223103078276746 0.9211828296161376 0.9200553514046006 0.9189278731930637 0.9178003949815267 0.9166729167699897
0.943234147724837 0.9429562999705324 0.9426784522162277 0.9424006044619231 0.9421227567076184 0.9418449089533137 0.941567061199009 0.9412892134447044 0.9410113656903992 0.9407335179360945 0.9404556701817899 0.9401778224274852 0.9398999746731805 0.9396221269188758 0.9393442791645712 0.9390664314102665 0.9387885836559619 0.9385107359016571 0.9382328881473525 0.9379550403930478 0.9376771926387432 0.937399344884438 0.9371214971301333 0.9368436493758286 0.9365658016215239 0.9362879538672193 0.9360101061129146 0.93573225835861 0.9350419976250627 0.9339108580936735 0.9327797185622844 0.9316485790308952 0.9305174394995059 0.9293862999681167 0.9282551604367255 0.9271240209053364 0.9259928813739472 0.924861741842558 0.9237306023111688 0.9225994627797796 0.9214683232483903 0.9203371837170011 0.9192060441856119 0.9180749046542227
