Figures/CREST_Example_wjb_NSE/PETs/wjb.pet.20100820.asc
ncols            288
nrows            254
xllcorner        113.274861
yllcorner        31.4918055
cellsize         0.008333333333
NODATA_value     -9999
[rows 180 to 199 of 254, columns 135 to 179 of 288]
3.8942429744526805 3.8972120933906593 3.900181212328638 3.9031503312666174 3.906119450204596 3.909088569142575 3.912057688080554 3.915026807018533 3.917995925956517 3.920965044894496 3.9239341638324747 3.9269032827704535 3.9298724017084328 3.9328415206464116 3.9358106395843904 3.9387797585223696 3.9417488774603484 3.944717996398327 3.947687115336306 3.9506562342742853 3.953625353212264 3.956594472150248 3.959563591088227 3.9625327100262058 3.965501828964185 3.968470947902164 3.9714400668401426 3.9735571722171024 3.9747634558235343 3.9759697394299662 3.977176023036398 3.97838230664283 3.979588590249262 3.980794873855694 3.982001157462128 3.98320744106856 3.984413724674992 3.985620008281424 3.986826291887856 3.988032575494288 3.9892388591007197 3.9904451427071517 3.9916514263135836 3.9928577099200155 3.9940639935264475
3.8956985041649905 3.898846473706914 3.9019944432488374 3.9051424127907604 3.9082903823326838 3.911438351874607 3.9145863214165306 3.9177342909584536 3.9208822605003824 3.924030230042306 3.927178199584229 3.9303261691261526 3.933474138668076 3.936622108209999 3.9397700777519225 3.942918047293846 3.9460660168357693 3.9492139863776923 3.9523619559196157 3.955509925461539 3.9586578950034625 3.9618058645453913 3.9649538340873143 3.9681018036292377 3.971249773171161 3.9743977427130845 3.977545712255008 3.979611751448997 3.980521182626191 3.981430613803385 3.982340044980579 3.983249476157773 3.984158907334967 3.985068338512161 3.985977769689357 3.986887200866551 3.987796632043745 3.988706063220939 3.989615494398133 3.990524925575327 3.991434356752521 3.992343787929715 3.993253219106909 3.9941626502841028 3.9950720814612968
3.8971540338773005 3.900480854023168 3.903807674169036 3.907134494314904 3.9104613144607714 3.9137881346066394 3.917114954752507 3.9204417748983746 3.923768595044248 3.9270954151901156 3.9304222353359837 3.9337490554818513 3.937075875627719 3.940402695773587 3.9437295159194545 3.947056336065322 3.95038315621119 3.953709976357058 3.9570367965029254 3.960363616648793 3.963690436794661 3.9670172569405344 3.970344077086402 3.9736708972322696 3.9769977173781377 3.9803245375240053 3.983651357669873 3.9856663306808917 3.9862789094288478 3.986891488176804 3.98750406692476 3.988116645672716 3.988729224420672 3.989341803168628 3.9899543819165855 3.9905669606645415 3.9911795394124976 3.9917921181604537 3.9924046969084097 3.9930172756563658 3.993629854404322 3.994242433152278 3.994855011900234 3.9954675906481905 3.9960801693961465
3.898609563589612 3.902115234339424 3.9056209050892363 3.9091265758390485 3.9126322465888608 3.9161379173386734 3.9196435880884857 3.923149258838298 3.9266549295881163 3.9301606003379286 3.933666271087741 3.937171941837553 3.9406776125873653 3.944183283337178 3.94768895408699 3.9511946248368024 3.9547002955866146 3.958205966336427 3.9617116370862395 3.9652173078360518 3.968722978585864 3.9722286493356824 3.9757343200854947 3.979239990835307 3.982745661585119 3.9862513323349313 3.989757003084744 3.991720909912792 3.99203663623151 3.992352362550228 3.9926680888689456 3.9929838151876638 3.9932995415063814 3.993615267825099 3.9939309941438177 3.994246720462536 3.9945624467812535 3.9948781730999716 3.9951938994186893 3.995509625737407 3.995825352056125 3.996141078374843 3.996456804693561 3.9967725310122786 3.9970882573309967
3.900065093301922 3.9037496146556783 3.907434136009435 3.911118657363192 3.9148031787169484 3.9184877000707052 3.922172221424462 3.925856742778219 3.9295412641319816 3.9332257854857384 3.9369103068394953 3.9405948281932517 3.9442793495470085 3.9479638709007654 3.9516483922545222 3.9553329136082787 3.9590174349620355 3.9627019563157924 3.9663864776695488 3.9700709990233056 3.9737555203770625 3.9774400417308255 3.981124563084582 3.984809084438339 3.9884936057920957 3.992178127145852 3.995862648499609 3.997775489144687 3.9977943630341666 3.9978132369236468 3.9978321108131265 3.9978509847026062 3.9978698585920864 3.997888732481566 3.9979076063710464 3.997926480260526 3.9979453541500063 3.997964228039486 3.997983101928966 3.998001975818446 3.998020849707926 3.998039723597406 3.998058597486886 3.998077471376366 3.998096345265846
3.901520623014232 3.905383994971933 3.909247366929634 3.913110738887335 3.9169741108450364 3.9208374828027375 3.9247008547604385 3.9285642267181395 3.9324275986758472 3.9362909706335483 3.9401543425912497 3.944017714548951 3.947881086506652 3.951744458464353 3.955607830422054 3.9594712023797554 3.9633345743374564 3.9671979462951574 3.9710613182528585 3.9749246902105595 3.978788062168261 3.9826514341259687 3.9865148060836697 3.9903781780413707 3.9942415499990718 3.9981049219567733 4.001968293914474 4.0038300683765815 4.003552089836823 4.003274111297065 4.002996132757308 4.00271815421755 4.002440175677791 4.002162197138033 4.001884218598275 4.001606240058517 4.001328261518759 4.001050282979001 4.000772304439243 4.000494325899485 4.000216347359727 3.999938368819969 3.9996603902802113 3.999382411740453 3.9991044332006953
3.9029761527265414 3.907018375288187 3.9110605978498323 3.915102820411478 3.9191450429731236 3.9231872655347693 3.9272294880964145 3.93127171065806 3.9353139332197125 3.939356155781358 3.9433983783430038 3.9474406009046494 3.9514828234662946 3.9555250460279403 3.959567268589586 3.9636094911512316 3.967651713712877 3.9716939362745225 3.975736158836168 3.979778381397814 3.983820603959459 3.987862826521112 3.991905049082757 3.9959472716444027 3.9999894942060483 4.0040317167676935 4.008073939329339 4.009884647608476 4.0093098166394805 4.008734985670484 4.008160154701488 4.007585323732492 4.007010492763497 4.006435661794501 4.005860830825504 4.005285999856508 4.004711168887511 4.004136337918516 4.00356150694952 4.002986675980524 4.002411845011528 4.001837014042533 4.001262183073536 4.00068735210454 4.000112521135544
3.9044316824388514 3.9086527556044413 3.9128738287700315 3.9170949019356214 3.921315975101211 3.925537048266801 3.929758121432391 3.933979194597981 3.938200267763578 3.942421340929168 3.9466424140947582 3.950863487260348 3.955084560425938 3.9593056335915278 3.963526706757118 3.967747779922708 3.9719688530882977 3.9761899262538876 3.980410999419478 3.9846320725850677 3.9888531457506575 3.993074218916255 3.9972952920818448 4.001516365247435 4.005737438413025 4.009958511578614 4.0141795847442046 4.015939226840371 4.015067543442137 4.014195860043903 4.0133241766456695 4.0124524932474355 4.011580809849201 4.010709126450967 4.009837443052732 4.008965759654498 4.008094076256264 4.00722239285803 4.006350709459797 4.005479026061563 4.004607342663329 4.003735659265095 4.002863975866862 4.0019922924686275 4.0011206090703935
3.9058872121511614 3.910287135920696 3.9146870596902303 3.919086983459765 3.9234869072292993 3.9278868309988333 3.9322867547683678 3.936686678537902 3.9410866023074442 3.9454865260769787 3.9498864498465127 3.954286373616047 3.9586862973855816 3.963086221155116 3.9674861449246506 3.971886068694185 3.976285992463719 3.9806859162332535 3.985085840002788 3.9894857637723224 3.993885687541857 3.9982856113113985 4.002685535080933 4.007085458850467 4.011485382620002 4.015885306389536 4.020285230159071 4.021993806072266 4.020825270244795 4.019656734417323 4.018488198589851 4.017319662762379 4.016151126934907 4.014982591107436 4.013814055279962 4.01264551945249 4.011476983625018 4.010308447797546 4.009139911970074 4.007971376142603 4.006802840315131 4.005634304487659 4.004465768660187 4.003297232832715 4.002128697005244
3.9073427418634727 3.9119215162369514 3.9165002906104305 3.9210790649839096 3.925657839357388 3.9302366137308673 3.9348153881043464 3.9393941624778255 3.943972936851312 3.948551711224791 3.95313048559827 3.957709259971749 3.962288034345228 3.9668668087187067 3.9714455830921858 3.976024357465665 3.9806031318391435 3.9851819062126226 3.9897606805861017 3.9943394549595803 3.9989182293330594 4.0034970037065465 4.008075778080025 4.012654552453504 4.017233326826983 4.021812101200462 4.026390875573941 4.028048385304166 4.0265829970474565 4.0251176087907465 4.023652220534036 4.022186832277326 4.020721444020616 4.019256055763906 4.017790667507193 4.016325279250483 4.014859890993773 4.013394502737063 4.0119291144803535 4.0104637262236436 4.008998337966934 4.007532949710224 4.006067561453514 4.004602173196804 4.003136784940094
3.9087982715757827 3.913555896553206 3.9183135215306293 3.9230711465080526 3.9278287714854763 3.9325863964628995 3.937344021440323 3.942101646417746 3.946859271395178 3.951616896372601 3.9563745213500243 3.9611321463274476 3.965889771304871 3.9706473962822946 3.975405021259718 3.980162646237141 3.9849202712145644 3.9896778961919876 3.9944355211694114 3.9991931461468346 4.0039507711242575 4.00870839610169 4.013466021079113 4.018223646056536 4.022981271033959 4.027738896011383 4.032496520988806 4.034102964536061 4.032340723850113 4.030578483164165 4.028816242478217 4.027054001792269 4.025291761106321 4.023529520420373 4.021767279734422 4.020005039048474 4.018242798362526 4.016480557676578 4.01471831699063 4.0129560763046825 4.011193835618735 4.009431594932787 4.007669354246839 4.005907113560891 4.004144872874943
3.9102538012880927 3.9151902768694606 3.920126752450828 3.925063228032196 3.929999703613564 3.9349361791949313 3.939872654776299 3.944809130357667 3.949745605939043 3.954682081520411 3.959618557101779 3.9645550326831467 3.969491508264514 3.974427983845882 3.97936445942725 3.9843009350086174 3.9892374105899853 3.994173886171353 3.9991103617527206 4.004046837334089 4.008983312915456 4.013919788496833 4.018856264078201 4.023792739659568 4.0287292152409355 4.033665690822303 4.038602166403671 4.040157543767956 4.03809845065277 4.036039357537584 4.033980264422397 4.031921171307212 4.029862078192026 4.02780298507684 4.025743891961651 4.023684798846465 4.021625705731279 4.019566612616093 4.017507519500907 4.0154484263857215 4.013389333270536 4.01133024015535 4.009271147040164 4.007212053924978 4.005152960809792
3.9117093310004023 3.9168246571857144 3.921939983371027 3.927055309556339 3.932170635741651 3.937285961926963 3.9424012881122756 3.9475166142975877 3.9526319404829087 3.9577472666682207 3.962862592853533 3.967977919038845 3.9730932452241574 3.9782085714094695 3.9833238975947816 3.9884392237800936 3.993554549965406 3.9986698761507182 4.00378520233603 4.008900528521343 4.0140158547066545 4.019131180891976 4.0242465070772875 4.0293618332626 4.0344771594479125 4.039592485633224 4.044707811818537 4.04621212299985 4.043856177455426 4.0415002319110025 4.039144286366579 4.036788340822155 4.034432395277731 4.0320764497333075 4.029720504188879 4.0273645586444555 4.025008613100032 4.022652667555608 4.020296722011184 4.0179407764667605 4.015584830922337 4.013228885377913 4.010872939833489 4.0085169942890655 4.006161048744641
3.9131648607127123 3.918459037501969 3.9237532142912257 3.9290473910804824 3.934341567869739 3.9396357446589954 3.944929921448252 3.9502240982375088 3.9555182750267743 3.960812451816031 3.9661066286052877 3.9714008053945444 3.9766949821838007 3.9819891589730574 3.987283335762314 3.992577512551571 3.9978716893408275 4.003165866130084 4.00846004291934 4.013754219708598 4.019048396497854 4.02434257328712 4.029636750076376 4.034930926865632 4.0402251036548895 4.045519280444146 4.050813457233403 4.052266702231746 4.049613904258084 4.046961106284422 4.04430830831076 4.041655510337098 4.039002712363437 4.036349914389775 4.033697116416109 4.031044318442447 4.0283915204687855 4.025738722495124 4.023085924521462 4.0204331265478 4.017780328574138 4.015127530600476 4.012474732626814 4.009821934653153 4.007169136679491
3.914620390425023 3.9200934178182245 3.9255664452114254 3.9310394726046267 3.9365124999978276 3.9419855273910285 3.94745855478423 3.9529315821774307 3.9584046095706413 3.963877636963842 3.9693506643570435 3.9748236917502444 3.9802967191434457 3.9857697465366466 3.991242773929848 3.996715801323049 4.00218882871625 4.0076618561094515 4.013134883502652 4.018607910895853 4.024080938289054 4.029553965682265 4.035026993075466 4.040500020468667 4.045973047861868 4.051446075255069 4.05691910264827 4.058321281463643 4.055371631060743 4.052421980657844 4.049472330254943 4.0465226798520435 4.043573029449144 4.040623379046244 4.037673728643339 4.03472407824044 4.031774427837539 4.0288247774346395 4.02587512703174 4.02292547662884 4.01997582622594 4.01702617582304 4.0140765254201405 4.011126875017241 4.008177224614341
3.9160759201373327 3.9217277981344782 3.9273796761316238 3.9330315541287693 3.9386834321259148 3.9443353101230603 3.9499871881202058 3.9556390661173513 3.9612909441145066 3.966942822111652 3.9725947001087976 3.978246578105943 3.9838984561030886 3.989550334100234 3.9952022120973796 4.000854090094525 4.006505968091671 4.012157846088816 4.017809724085962 4.023461602083107 4.029113480080253 4.034765358077408 4.040417236074553 4.046069114071699 4.051720992068844 4.05737287006599 4.063024748063135 4.064375860695538 4.0611293578634 4.057882855031262 4.054636352199124 4.051389849366987 4.048143346534848 4.044896843702711 4.041650340870568 4.03840383803843 4.035157335206292 4.031910832374154 4.028664329542017 4.025417826709879 4.022171323877741 4.018924821045603 4.015678318213466 4.012431815381328 4.00918531254919
3.9175314498496427 3.923362178450733 3.9291929070518226 3.9350236356529127 3.9408543642540024 3.9466850928550925 3.9525158214561826 3.9583465500572723 3.964177278658372 3.970008007259462 3.975838735860552 3.981669464461642 3.987500193062732 3.993330921663822 3.9991616502649117 4.004992378866001 4.0108231074670915 4.016653836068182 4.022484564669272 4.028315293270361 4.034146021871451 4.039976750472551 4.045807479073641 4.051638207674731 4.0574689362758205 4.063299664876911 4.069130393478001 4.070430439927432 4.066887084666057 4.063343729404681 4.059800374143305 4.056257018881929 4.052713663620554 4.049170308359178 4.045626953097797 4.042083597836421 4.038540242575045 4.034996887313669 4.031453532052294 4.027910176790918 4.024366821529542 4.020823466268166 4.017280111006791 4.013736755745415 4.01019340048404
3.9189869795619536 3.924996558766988 3.9310061379720223 3.937015717177057 3.9430252963820913 3.9490348755871256 3.95504445479216 3.9610540339971942 3.967063613202239 3.9730731924072735 3.979082771612308 3.985092350817342 3.9911019300223765 3.997111509227411 4.0031210884324455 4.00913066763748 4.015140246842514 4.021149826047549 4.027159405252583 4.0331689844576175 4.039178563662652 4.045188142867697 4.051197722072731 4.057207301277765 4.063216880482799 4.069226459687834 4.075236038892869 4.076485019159329 4.072644811468716 4.068804603778102 4.064964396087488 4.0611241883968745 4.057283980706261 4.053443773015647 4.049603565325027 4.045763357634413 4.041923149943799 4.038082942253185 4.0342427345625715 4.030402526871958 4.026562319181344 4.02272211149073 4.018881903800117 4.015041696109503 4.011201488418889
3.920442509274263 3.926630939083242 3.932819368892221 3.9390077987011995 3.9451962285101785 3.9513846583191574 3.9575730881281364 3.963761517937115 3.9699499477461044 3.9761383775550834 3.982326807364062 3.988515237173041 3.9947036669820197 4.000892096790999 4.007080526599977 4.013268956408956 4.019457386217935 4.0256458160269135 4.031834245835893 4.038022675644871 4.04421110545385 4.05039953526284 4.056587965071818 4.062776394880797 4.068964824689776 4.075153254498755 4.081341684307733 4.082539598391224 4.078402538271373 4.074265478151521 4.070128418031669 4.065991357911818 4.061854297791966 4.057717237672114 4.053580177552256 4.0494431174324035 4.045306057312552 4.0411689971927 4.0370319370728485 4.032894876952997 4.028757816833145 4.0246207567132934 4.020483696593442 4.01634663647359 4.012209576353738
3.9218980389865736 3.9282653193994967 3.93463259981242 3.940999880225343 3.9473671606382665 3.9537344410511897 3.9601017214641128 3.9664690018770363 3.97283628228997 3.9792035627028937 3.9855708431158168 3.99193812352874 3.9983054039416634 4.004672684354587 4.01103996476751 4.017407245180433 4.023774525593356 4.03014180600628 4.036509086419203 4.042876366832126 4.049243647245049 4.055610927657983 4.061978208070907 4.06834548848383 4.074712768896753 4.081080049309676 4.0874473297225995 4.088594177623119 4.08416026507403 4.079726352524941 4.0752924399758506 4.070858527426761 4.066424614877672 4.061990702328582 4.057556789779484 4.053122877230395 4.048688964681305 4.044255052132216 4.039821139583126 4.035387227034036 4.030953314484947 4.026519401935857 4.022085489386767 4.017651576837678 4.013217664288588
