Figures/CREST_Example_wjb_NSE/PETs/wjb.pet.20090810.asc
ncols            288
nrows            254
xllcorner        113.274861
yllcorner        31.4918055
cellsize         0.008333333333
NODATA_value     -9999
[rows 140 to 159 of 254, columns 132 to 175 of 288]
3.416774511035789 3.413352008076422 3.4099295051170553 3.4065070021576886 3.4030844991983216 3.399661996238955 3.3962394932795883 3.3928169903202217 3.3893944873608546 3.385971984401488 3.3825494814421213 3.3791269784827485 3.375704475523382 3.372281972564015 3.368859469604648 3.3654369666452815 3.362014463685915 3.358591960726548 3.355169457767181 3.3517469548078145 3.348324451848448 3.3449019488890808 3.341479445929714 3.3380569429703475 3.3346344400109746 3.331211937051608 3.3277894340922414 3.3243669311328747 3.3209444281735077 3.317521925214141 3.3136429737165742 3.309276068406135 3.304909163095696 3.300542257785257 3.2961753524748176 3.291808447164378 3.287441541853939 3.2830746365434926 3.278707731233053 3.274340825922614 3.2699739206121747 3.2656070153017356 3.2612401099912964 3.2568732046808573
3.417443503902069 3.414023361768691 3.410603219635312 3.4071830775019336 3.403762935368555 3.400342793235177 3.3969226511017983 3.3935025089684197 3.390082366835041 3.386662224701663 3.3832420825682843 3.3798219404349 3.3764017983015213 3.372981656168143 3.3695615140347646 3.366141371901386 3.362721229768008 3.359301087634629 3.3558809455012506 3.352460803367872 3.349040661234494 3.3456205191011152 3.3422003769677366 3.338780234834358 3.335360092700974 3.3319399505675955 3.328519808434217 3.3250996663008383 3.32167952416746 3.3182593820340816 3.3143499055923504 3.30991731970553 3.305484733818709 3.301052147931889 3.2966195620450685 3.2921869761582476 3.2877543902714272 3.2833218043845993 3.2788892184977785 3.274456632610958 3.2700240467241377 3.265591460837317 3.2611588749504965 3.2567262890636757
3.4181124967683494 3.4146947154609593 3.411276934153569 3.407859152846179 3.404441371538789 3.4010235902313983 3.397605808924008 3.394188027616618 3.390770246309228 3.387352465001838 3.3839346836944477 3.3805169023870514 3.3770991210796613 3.373681339772271 3.370263558464881 3.366845777157491 3.3634279958501008 3.3600102145427106 3.35659243323532 3.35317465192793 3.34975687062054 3.3463390893131497 3.3429213080057596 3.3395035266983695 3.336085745390973 3.332667964083583 3.329250182776193 3.3258324014688028 3.3224146201614126 3.3189968388540225 3.3150568374681275 3.3105585710049255 3.3060603045417234 3.3015620380785218 3.2970637716153197 3.2925655051521177 3.2880672386889156 3.283568972225706 3.2790707057625044 3.2745724392993023 3.2700741728361002 3.2655759063728986 3.2610776399096966 3.2565793734464945
3.41878148963463 3.4153660691532277 3.411950648671826 3.408535228190424 3.4051198077090223 3.4017043872276203 3.3982889667462186 3.3948735462648165 3.3914581257834144 3.388042705302013 3.3846272848206107 3.3812118643392033 3.377796443857801 3.3743810233763996 3.3709656028949975 3.3675501824135954 3.3641347619321937 3.3607193414507917 3.35730392096939 3.353888500487988 3.3504730800065863 3.347057659525184 3.3436422390437825 3.3402268185623805 3.3368113980809726 3.333395977599571 3.329980557118169 3.3265651366367672 3.323149716155365 3.3197342956739635 3.315763769343904 3.311199822304321 3.3066358752647376 3.3020719282251543 3.297507981185571 3.2929440341459877 3.2883800871064044 3.283816140066813 3.27925219302723 3.2746882459876465 3.2701242989480632 3.26556035190848 3.2609964048688966 3.2564324578293133
3.419450482500911 3.4160374228454975 3.412624363190084 3.4092113035346703 3.4057982438792567 3.402385184223843 3.3989721245684295 3.395559064913016 3.3921460052576022 3.3887329456021886 3.385319885946775 3.381906826291355 3.3784937666359416 3.375080706980528 3.3716676473251144 3.3682545876697008 3.364841528014287 3.3614284683588735 3.35801540870346 3.3546023490480463 3.3511892893926327 3.347776229737219 3.3443631700818055 3.340950110426392 3.3375370507709725 3.334123991115559 3.3307109314601453 3.3272978718047317 3.323884812149318 3.3204717524939045 3.3164707012196812 3.3118410736037167 3.3072114459877517 3.302581818371787 3.2979521907558227 3.2933225631398577 3.288692935523893 3.2840633079079202 3.2794336802919557 3.2748040526759907 3.270174425060026 3.2655447974440612 3.2609151698280967 3.256285542212132
3.420119475367191 3.416708776537766 3.4132980777083404 3.4098873788789152 3.40647668004949 3.4030659812200645 3.3996552823906394 3.396244583561214 3.3928338847317887 3.389423185902363 3.386012487072938 3.3826017882435067 3.3791910894140815 3.375780390584656 3.372369691755231 3.3689589929258057 3.36554829409638 3.362137595266955 3.3587268964375294 3.3553161976081043 3.3519054987786787 3.3484947999492536 3.345084101119828 3.341673402290403 3.3382627034609715 3.3348520046315464 3.3314413058021213 3.3280306069726957 3.3246199081432706 3.321209209313845 3.317177633095458 3.3124823249031117 3.3077870167107655 3.3030917085184193 3.2983964003260735 3.2937010921337273 3.289005783941381 3.284310475749027 3.279615167556681 3.274919859364335 3.2702245511719887 3.2655292429796425 3.2608339347872968 3.2561386265949506
3.4207884682334715 3.4173801302300344 3.4139717922265973 3.4105634542231607 3.4071551162197236 3.4037467782162865 3.4003384402128494 3.3969301022094123 3.393521764205975 3.390113426202538 3.3867050881991014 3.3832967501956586 3.3798884121922215 3.3764800741887844 3.3730717361853473 3.36966339818191 3.366255060178473 3.362846722175036 3.3594383841715993 3.3560300461681623 3.352621708164725 3.349213370161288 3.345805032157851 3.342396694154414 3.338988356150971 3.335580018147534 3.3321716801440973 3.32876334214066 3.325355004137223 3.321946666133786 3.3178845649712345 3.313123576202507 3.3083625874337796 3.303601598665052 3.2988406098963248 3.2940796211275973 3.28931863235887 3.284557643590134 3.2797966548214066 3.275035666052679 3.2702746772839517 3.2655136885152243 3.260752699746497 3.2559917109777694
3.421457461099752 3.4180514839223033 3.4146455067448542 3.4112395295674056 3.407833552389957 3.4044275752125084 3.4010215980350593 3.3976156208576107 3.394209643680162 3.390803666502713 3.3873976893252644 3.38399171214781 3.3805857349703614 3.3771797577929124 3.3737737806154637 3.370367803438015 3.366961826260566 3.3635558490831174 3.360149871905669 3.35674389472822 3.353337917550771 3.3499319403733225 3.346525963195874 3.3431199860184253 3.3397140088409705 3.336308031663522 3.3329020544860732 3.329496077308624 3.3260901001311756 3.322684122953727 3.3185914968470116 3.3137648275019025 3.308938158156794 3.3041114888116847 3.299284819466576 3.294458150121467 3.2896314807763583 3.284804811431241 3.2799781420861325 3.2751514727410234 3.2703248033959147 3.2654981340508056 3.260671464705697 3.2558447953605882
3.4216319699595625 3.41819006095163 3.4147481519436975 3.411306242935765 3.4078643339278325 3.4044224249199 3.4009805159119675 3.397538606904035 3.3940966978961025 3.39065478888817 3.3872128798802374 3.383770970872299 3.3803290618643667 3.376887152856434 3.3734452438485016 3.370003334840569 3.3665614258326366 3.363119516824704 3.3596776078167716 3.356235698808839 3.3527937898009066 3.349351880792974 3.3459099717850416 3.342468062777109 3.3390261537691703 3.335584244761238 3.3321423357533053 3.328700426745373 3.3252585177374403 3.321816608729508 3.3176760651951605 3.3127886655479366 3.3079012659007128 3.303013866253489 3.298126466606265 3.2932390669590412 3.2883516673118174 3.283464267664585 3.2785768680173613 3.2736894683701374 3.2688020687229136 3.2639146690756897 3.259027269428466 3.254139869781242
3.421277906587723 3.4177591333134294 3.4142403600391353 3.4107215867648417 3.407202813490548 3.403684040216254 3.4001652669419604 3.3966464936676664 3.3931277203933727 3.389608947119079 3.386090173844785 3.382571400570485 3.3790526272961916 3.375533854021898 3.372015080747604 3.3684963074733103 3.3649775341990162 3.3614587609247226 3.357939987650429 3.354421214376135 3.3509024411018413 3.3473836678275477 3.3438648945532536 3.34034612127896 3.33682734800466 3.333308574730366 3.3297898014560725 3.326271028181779 3.322752254907485 3.319233481633191 3.3150264292027716 3.3100835907845685 3.305140752366365 3.300197913948162 3.2952550755299583 3.2903122371117552 3.2853693986935517 3.28042656027534 3.2754837218571367 3.2705408834389336 3.26559804502073 3.260655206602527 3.2557123681843234 3.2507695297661203
3.4209238432158835 3.4173282056752283 3.413732568134573 3.410136930593918 3.406541293053263 3.4029456555126076 3.3993500179719525 3.3957543804312973 3.392158742890642 3.388563105349987 3.384967467809332 3.381371830268671 3.3777761927280157 3.3741805551873605 3.3705849176467053 3.36698928010605 3.363393642565395 3.35979800502474 3.3562023674840846 3.35260672994343 3.3490110924027747 3.3454154548621196 3.3418198173214644 3.338224179780809 3.334628542240148 3.3310329046994926 3.3274372671588375 3.3238416296181827 3.3202459920775276 3.3166503545368724 3.3123767932103805 3.3073785160211977 3.302380238832015 3.297381961642832 3.2923836844536494 3.2873854072644666 3.282387130075284 3.2773888528860926 3.27239057569691 3.267392298507727 3.262394021318544 3.257395744129361 3.2523974669401783 3.2473991897509955
3.4205697798440435 3.4168972780370273 3.413224776230011 3.4095522744229942 3.405879772615978 3.4022072708089617 3.3985347690019454 3.3948622671949287 3.3911897653879124 3.387517263580896 3.38384476177388 3.380172259966857 3.3764997581598406 3.3728272563528243 3.3691547545458076 3.3654822527387913 3.361809750931775 3.3581372491247587 3.354464747317742 3.3507922455107257 3.3471197437037095 3.343447241896693 3.3397747400896765 3.33610223828266 3.3324297364756377 3.3287572346686214 3.3250847328616047 3.3214122310545884 3.317739729247572 3.314067227440556 3.3097271572179916 3.3046734412578296 3.299619725297667 3.294566009337505 3.2895122933773426 3.2844585774171806 3.279404861457018 3.2743511454968472 3.2692974295366852 3.2642437135765228 3.2591899976163607 3.2541362816561983 3.2490825656960363 3.244028849735874
3.4202157164722045 3.4164663503988266 3.4127169843254492 3.4089676182520714 3.4052182521786936 3.401468886105316 3.3977195200319383 3.3939701539585605 3.390220787885183 3.3864714218118053 3.382722055738428 3.378972689665044 3.375223323591666 3.371473957518288 3.3677245914449108 3.363975225371533 3.3602258592981555 3.3564764932247777 3.3527271271514 3.3489777610780225 3.3452283950046446 3.341479028931267 3.3377296628578894 3.3339802967845116 3.3302309307111275 3.32648156463775 3.3227321985643723 3.3189828324909945 3.315233466417617 3.3114841003442392 3.307077521225603 3.3019683664944615 3.2968592117633198 3.291750057032178 3.2866409023010363 3.2815317475698946 3.276422592838753 3.2713134381076023 3.2662042833764606 3.261095128645319 3.255985973914177 3.2508768191830355 3.245767664451894 3.240658509720752
3.4198616531003645 3.4160354227606256 3.4122091924208866 3.4083829620811477 3.4045567317414087 3.4007305014016698 3.3969042710619313 3.3930780407221923 3.3892518103824534 3.3854255800427144 3.3815993497029755 3.37777311936323 3.373946889023491 3.370120658683752 3.366294428344013 3.362468198004274 3.358641967664535 3.354815737324796 3.3509895069850573 3.3471632766453183 3.3433370463055794 3.3395108159658404 3.3356845856261015 3.3318583552863625 3.3280321249466174 3.3242058946068784 3.3203796642671395 3.3165534339274005 3.3127272035876616 3.3089009732479226 3.3044278852332143 3.2992632917310933 3.294098698228972 3.288934104726851 3.2837695112247296 3.2786049177226086 3.2734403242204873 3.2682757307183574 3.263111137216236 3.257946543714115 3.2527819502119937 3.2476173567098727 3.2424527632077513 3.2372881697056304
3.419507589728525 3.415604495122425 3.4117014005163244 3.4077983059102244 3.4038952113041243 3.399992116698024 3.3960890220919238 3.3921859274858237 3.388282832879723 3.384379738273623 3.380476643667523 3.376573549061416 3.372670454455316 3.368767359849216 3.3648642652431153 3.3609611706370153 3.357058076030915 3.353154981424815 3.3492518868187147 3.3453487922126146 3.3414456976065146 3.337542603000414 3.333639508394314 3.329736413788214 3.325833319182107 3.3219302245760067 3.3180271299699067 3.314124035363806 3.310220940757706 3.306317846151606 3.3017782492408254 3.2965582169677248 3.291338184694624 3.2861181524215235 3.280898120148423 3.275678087875322 3.270458055602222 3.2652380233291125 3.260017991056012 3.2547979587829112 3.2495779265098106 3.24435789423671 3.2391378619636093 3.2339178296905087
3.419153526356686 3.4151735674842243 3.4111936086117627 3.407213649739301 3.40323369086684 3.3992537319943783 3.3952737731219167 3.3912938142494555 3.387313855376994 3.3833338965045323 3.379353937632071 3.375373978759603 3.3713940198871413 3.3674140610146797 3.3634341021422185 3.359454143269757 3.3554741843972953 3.351494225524834 3.3475142666523725 3.343534307779911 3.3395543489074497 3.335574390034988 3.3315944311625265 3.3276144722900654 3.323634513417597 3.3196545545451355 3.315674595672674 3.3116946368002127 3.307714677927751 3.3037347190552895 3.299128613248437 3.293853142204357 3.2885776711602768 3.283302200116197 3.2780267290721166 3.2727512580280367 3.2674757869839564 3.2622003159398676 3.2569248448957873 3.2516493738517074 3.246373902807627 3.241098431763547 3.235822960719467 3.230547489675387
3.418799462984846 3.414742639846023 3.4106858167072005 3.406628993568378 3.402572170429555 3.3985153472907323 3.3944585241519096 3.390401701013087 3.386344877874264 3.3822880547354415 3.3782312315966188 3.374174408457789 3.370117585318966 3.3660607621801435 3.3620039390413208 3.357947115902498 3.3538902927636753 3.3498334696248526 3.34577664648603 3.341719823347207 3.3376630002083845 3.3336061770695617 3.329549353930739 3.3254925307919163 3.3214357076530865 3.3173788845142638 3.313322061375441 3.3092652382366183 3.3052084150977956 3.301151591958973 3.296478977256048 3.2911480674409885 3.285817157625929 3.2804862478108694 3.27515533799581 3.2698244281807507 3.264493518365691 3.2591626085506222 3.2538316987355627 3.248500788920503 3.2431698791054435 3.2378389692903844 3.232508059475325 3.2271771496602653
3.4184453996130064 3.414311712207822 3.4101780248026383 3.406044337397454 3.4019106499922698 3.397776962587086 3.3936432751819017 3.389509587776718 3.3853759003715336 3.3812422129663497 3.3771085255611655 3.3729748381559745 3.3688411507507903 3.3647074633456064 3.360573775940422 3.3564400885352383 3.352306401130054 3.34817271372487 3.344039026319686 3.3399053389145017 3.335771651509318 3.3316379641041336 3.3275042766989498 3.3233705892937655 3.3192369018885746 3.3151032144833903 3.3109695270782065 3.306835839673022 3.3027021522678384 3.298568464862654 3.293829341263657 3.288442992677618 3.283056644091579 3.27767029550554 3.272283946919501 3.266897598333462 3.261511249747423 3.2561249011613747 3.2507385525753354 3.2453522039892966 3.2399658554032573 3.2345795068172185 3.2291931582311793 3.2238068096451404
3.4180913362411665 3.413880784569621 3.4096702328980757 3.4054596812265303 3.4012491295549854 3.39703857788344 3.3928280262118946 3.3886174745403492 3.384406922868804 3.3801963711972585 3.375985819525713 3.3717752678541606 3.367564716182615 3.36335416451107 3.3591436128395245 3.354933061167979 3.350722509496434 3.3465119578248887 3.3423014061533434 3.338090854481798 3.3338803028102526 3.3296697511387072 3.325459199467162 3.3212486477956165 3.317038096124064 3.3128275444525186 3.308616992780973 3.3044064411094283 3.300195889437883 3.2959853377663375 3.291179705271268 3.2857379179142496 3.280296130557231 3.2748543432002126 3.269412555843194 3.2639707684861756 3.258528981129157 3.2530871937721293 3.247645406415111 3.2422036190580923 3.236761831701074 3.2313200443440557 3.2258782569870372 3.2204364696300187
3.417737272869327 3.4134498569314204 3.4091624409935135 3.404875025055607 3.4005876091177005 3.396300193179794 3.392012777241887 3.3877253613039806 3.383437945366074 3.3791505294281676 3.374863113490261 3.370575697552347 3.3662882816144406 3.3620008656765337 3.357713449738627 3.3534260338007207 3.349138617862814 3.3448512019249077 3.3405637859870008 3.3362763700490943 3.331988954111188 3.3277015381732813 3.3234141222353744 3.319126706297468 3.3148392903595543 3.3105518744216473 3.306264458483741 3.3019770425458344 3.297689626607928 3.293402210670021 3.2885300692788797 3.283032843150882 3.2775356170228838 3.272038390894886 3.266541164766888 3.26104393863889 3.255546712510892 3.250049486382885 3.2445522602548866 3.239055034126889 3.2335578079988907 3.228060581870893 3.2225633557428948 3.217066129614897
