Figures/CREST_Example_wjb_NSE/PETs/wjb.pet.20100326.asc
ncols            288
nrows            254
xllcorner        113.274861
yllcorner        31.4918055
cellsize         0.008333333333
NODATA_value     -9999
[rows 140 to 159 of 254, columns 220 to 263 of 288]
2.3248414055716315 2.3237473733810803 2.3226384949289005 2.3215137454870414 2.3203889960451827 2.3192642466033235 2.318139497161465 2.317014747719606 2.315889998277747 2.3147652488358883 2.3136404993940296 2.3125157499521705 2.3113910005103118 2.3102662510684526 2.309141501626592 2.308016752184733 2.3068920027428743 2.305767253301015 2.3046425038591565 2.303517754417298 2.3023930049754386 2.30126825553358 2.3001435060917212 2.299018756649862 2.2978940072080034 2.2967692577661443 2.2956445083242856 2.2945197588824247 2.293395009440566 2.292270259998707 2.291145510556848 2.2900207611149894 2.2893617750369035 2.28920070053812 2.289039626039337 2.2888785515405536 2.2887174770417706 2.288556402542987 2.288395328044204 2.2882342535454208 2.2880731790466373 2.2879121045478543 2.287751030049071 2.287589955550288
2.326662913889075 2.3255587754215106 2.324372280263914 2.323097743940797 2.32182320761768 2.320548671294563 2.319274134971446 2.3179995986483286 2.3167250623252116 2.3154505260020946 2.3141759896789775 2.3129014533558605 2.311626917032743 2.310352380709626 2.3090778443865068 2.3078033080633897 2.3065287717402727 2.3052542354171557 2.303979699094038 2.302705162770921 2.301430626447804 2.300156090124687 2.29888155380157 2.2976070174784526 2.2963324811553356 2.2950579448322186 2.2937834085091016 2.2925088721859823 2.2912343358628653 2.289959799539748 2.288685263216631 2.2874107268935138 2.286650859750714 2.2864411856121785 2.2862315114736425 2.2860218373351064 2.2858121631965704 2.2856024890580344 2.2853928149194984 2.2851831407809624 2.2849734666424264 2.2847637925038904 2.2845541183653544 2.2843444442268184
2.3284844222065173 2.3273701774619404 2.326106065598928 2.3246817423945525 2.323257419190177 2.321833095985802 2.3204087727814264 2.318984449577051 2.3175601263726757 2.3161358031683004 2.314711479963925 2.3132871567595497 2.3118628335551743 2.310438510350799 2.3090141871464214 2.307589863942046 2.3061655407376707 2.3047412175332953 2.30331689432892 2.3018925711245446 2.3004682479201692 2.299043924715794 2.2976196015114185 2.296195278307043 2.294770955102668 2.2933466318982925 2.291922308693917 2.290497985489539 2.2890736622851637 2.2876493390807884 2.286225015876413 2.2848006926720377 2.2839399444645245 2.283681670686236 2.283423396907947 2.2831651231296584 2.28290684935137 2.282648575573081 2.2823903017947926 2.2821320280165036 2.2818737542382146 2.281615480459926 2.2813572066816374 2.2810989329033484
2.33030593052396 2.3291815795023707 2.327839850933942 2.3262657408483083 2.3246916307626746 2.323117520677041 2.3215434105914072 2.3199693005057735 2.3183951904201403 2.3168210803345066 2.315246970248873 2.3136728601632393 2.3120987500776056 2.3105246399919723 2.308950529906336 2.3073764198207023 2.3058023097350686 2.304228199649435 2.3026540895638012 2.301079979478168 2.2995058693925343 2.2979317593069006 2.296357649221267 2.2947835391356333 2.29320942905 2.2916353189643663 2.2900612088787327 2.2884870987930963 2.2869129887074626 2.285338878621829 2.2837647685361957 2.282190658450562 2.2812290291783346 2.2809221557602934 2.280615282342252 2.2803084089242107 2.280001535506169 2.2796946620881275 2.2793877886700864 2.279080915252045 2.278774041834003 2.2784671684159616 2.27816029499792 2.277853421579879
2.332127438841405 2.330992981542802 2.329573636268957 2.327849739302065 2.326125842335173 2.324401945368281 2.3226780484013894 2.3209541514344973 2.3192302544676053 2.3175063575007133 2.3157824605338213 2.3140585635669293 2.3123346666000373 2.3106107696331453 2.3088868726662506 2.3071629756993586 2.3054390787324666 2.3037151817655745 2.3019912847986825 2.3002673878317905 2.298543490864899 2.296819593898007 2.295095696931115 2.293371799964223 2.291647902997331 2.289924006030439 2.288200109063547 2.286476212096652 2.28475231512976 2.283028418162868 2.281304521195976 2.279580624229084 2.2785181138921433 2.278162640834349 2.277807167776555 2.277451694718761 2.2770962216609663 2.276740748603172 2.276385275545378 2.276029802487584 2.275674329429789 2.275318856371995 2.274963383314201 2.2746079102564067
2.3339489471588473 2.3328043835832317 2.3313074216039706 2.3294337377558203 2.32756005390767 2.32568637005952 2.3238126862113697 2.3219390023632194 2.3200653185150695 2.318191634666919 2.316317950818769 2.314444266970619 2.3125705831224685 2.310696899274318 2.3088232154261648 2.306949531578015 2.3050758477298645 2.303202163881714 2.3013284800335643 2.299454796185414 2.2975811123372636 2.2957074284891137 2.2938337446409633 2.291960060792813 2.290086376944663 2.2882126930965128 2.2863390092483624 2.284465325400209 2.282591641552059 2.2807179577039087 2.2788442738557584 2.2769705900076085 2.2758071986059534 2.2754031259084067 2.2749990532108595 2.2745949805133128 2.274190907815766 2.273786835118219 2.273382762420672 2.272978689723125 2.2725746170255774 2.2721705443280307 2.2717664716304835 2.271362398932937
2.33577045547629 2.334615785623662 2.3330412069389843 2.331017736209576 2.3289942654801674 2.326970794750759 2.3249473240213505 2.3229238532919423 2.3209003825625336 2.3188769118331254 2.3168534411037167 2.3148299703743085 2.3128064996449 2.3107830289154916 2.3087595581860794 2.306736087456671 2.3047126167272625 2.3026891459978542 2.3006656752684456 2.2986422045390373 2.2966187338096287 2.2945952630802204 2.2925717923508118 2.2905483216214035 2.288524850891995 2.2865013801625866 2.284477909433178 2.282454438703766 2.280430967974358 2.2784074972449493 2.276384026515541 2.2743605557861324 2.273096283319764 2.272643610982464 2.2721909386451644 2.2717382663078647 2.2712855939705654 2.2708329216332657 2.270380249295966 2.269927576958666 2.269474904621366 2.2690222322840663 2.2685695599467666 2.2681168876094673
2.3375919637937335 2.3364271876640923 2.3347749922739984 2.332601734663332 2.330428477052665 2.3282552194419983 2.3260819618313318 2.3239087042206648 2.321735446609998 2.3195621889993316 2.3173889313886646 2.315215673777998 2.3130424161673315 2.310869158556665 2.3086959009459944 2.306522643335328 2.304349385724661 2.3021761281139943 2.3000028705033277 2.2978296128926607 2.295656355281994 2.2934830976713276 2.2913098400606606 2.289136582449994 2.2869633248393275 2.284790067228661 2.282616809617994 2.280443552007324 2.278270294396657 2.2760970367859903 2.2739237791753237 2.2717505215646567 2.2703853680335744 2.269884096056522 2.26938282407947 2.2688815521024175 2.268380280125365 2.2678790081483124 2.26737773617126 2.266876464194208 2.2663751922171547 2.2658739202401024 2.26537264826305 2.2648713762859978
2.3354433458794146 2.3342531691474173 2.332553714937906 2.3303098315790938 2.328065948220282 2.32582206486147 2.323578181502658 2.321334298143846 2.319090414785034 2.316846531426222 2.31460264806741 2.312358764708598 2.310114881349786 2.307870997990974 2.3056271146321583 2.3033832312733464 2.301139347914534 2.2988954645557222 2.2966515811969104 2.2944076978380985 2.292163814479286 2.2899199311204743 2.2876760477616624 2.2854321644028506 2.2831882810440383 2.2809443976852264 2.2787005143264145 2.2764566309675986 2.2742127476087868 2.2719688642499745 2.2697249808911626 2.2674810975323507 2.266058653390479 2.265514346366337 2.264970039342195 2.264425732318053 2.2638814252939112 2.263337118269769 2.2627928112456273 2.262248504221485 2.2617041971973424 2.2611598901732 2.2606155831490584 2.2600712761249167
2.3290509132920234 2.327818987288001 2.3261047249255054 2.323874834079689 2.3216449432338724 2.3194150523880563 2.31718516154224 2.314955270696424 2.3127253798506073 2.3104954890047913 2.308265598158975 2.3060357073131583 2.3038058164673423 2.301575925621526 2.2993460347757058 2.2971161439298893 2.2948862530840732 2.2926563622382568 2.2904264713924407 2.2881965805466242 2.2859666897008077 2.2837367988549917 2.281506908009175 2.279277017163359 2.2770471263175427 2.2748172354717267 2.27258734462591 2.27035745378009 2.2681275629342736 2.2658976720884576 2.263667781242641 2.2614378903968246 2.260004751091556 2.2594233572191005 2.2588419633466454 2.25826056947419 2.2576791756017345 2.2570977817292794 2.256516387856824 2.255934993984369 2.2553536001119125 2.254772206239457 2.254190812367002 2.2536094184945465
2.3226584807046273 2.3213848054285786 2.3196557349130993 2.3174398365802786 2.315223938247458 2.3130080399146373 2.3107921415818167 2.308576243248996 2.3063603449161754 2.3041444465833547 2.301928548250534 2.2997126499177134 2.297496751584893 2.2952808532520725 2.293064954919248 2.2908490565864272 2.2886331582536066 2.286417259920786 2.2842013615879653 2.281985463255145 2.2797695649223244 2.2775536665895038 2.275337768256683 2.2731218699238624 2.270905971591042 2.268690073258221 2.2664741749254005 2.2642582765925763 2.2620423782597556 2.259826479926935 2.2576105815941143 2.2553946832612937 2.2539508487926274 2.2533323680718587 2.25271388735109 2.2520954066303216 2.251476925909553 2.250858445188784 2.2502399644680153 2.249621483747247 2.249003003026477 2.2483845223057086 2.24776604158494 2.247147560864171
2.316266048117236 2.314950623569162 2.3132067449006986 2.3110048390808737 2.3088029332610485 2.3066010274412236 2.304399121621399 2.3021972158015735 2.2999953099817487 2.297793404161924 2.295591498342099 2.293389592522274 2.291187686702449 2.288985780882624 2.2867838750627953 2.2845819692429705 2.2823800634231453 2.2801781576033204 2.2779762517834956 2.2757743459636703 2.2735724401438455 2.2713705343240207 2.269168628504196 2.2669667226843706 2.264764816864546 2.262562911044721 2.260361005224896 2.2581590994050673 2.255957193585242 2.2537552877654172 2.2515533819455924 2.2493514761257676 2.2478969464937038 2.2472413789246217 2.24658581135554 2.245930243786458 2.245274676217376 2.244619108648294 2.243963541079212 2.24330797351013 2.242652405941047 2.241996838371965 2.241341270802883 2.240685703233801
2.309873615529845 2.3085164417097452 2.306757754888298 2.3045698415814684 2.3023819282746394 2.30019401496781 2.2980061016609805 2.2958181883541515 2.293630275047322 2.291442361740493 2.2892544484336637 2.287066535126834 2.2848786218200052 2.282690708513176 2.280502795206343 2.2783148818995134 2.2761269685926844 2.273939055285855 2.271751141979026 2.2695632286721965 2.267375315365367 2.265187402058538 2.2629994887517086 2.2608115754448797 2.25862366213805 2.2564357488312208 2.254247835524392 2.252059922217559 2.2498720089107294 2.2476840956039 2.245496182297071 2.2433082689902415 2.241843044194781 2.2411503897773857 2.2404577353599904 2.239765080942595 2.2390724265251998 2.2383797721078045 2.237687117690409 2.236994463273014 2.2363018088556172 2.235609154438222 2.2349165000208266 2.2342238456034313
2.3034811829424537 2.3020822598503288 2.300308764875897 2.2981348440820635 2.29596092328823 2.2937870024943963 2.2916130817005627 2.289439160906729 2.2872652401128954 2.285091319319062 2.2829173985252282 2.2807434777313946 2.278569556937561 2.2763956361437274 2.2742217153498903 2.2720477945560567 2.269873873762223 2.2676999529683894 2.265526032174556 2.2633521113807222 2.2611781905868886 2.259004269793055 2.2568303489992214 2.254656428205388 2.252482507411554 2.2503085866177206 2.248134665823887 2.24596074503005 2.2437868242362162 2.2416129034423826 2.239438982648549 2.2372650618547154 2.2357891418958573 2.2350594006301487 2.23432965936444 2.233599918098731 2.2328701768330226 2.232140435567314 2.2314106943016054 2.230680953035897 2.229951211770187 2.2292214705044784 2.22849172923877 2.2277619879730612
2.2970887503550625 2.2956480779909123 2.2938597748634963 2.2916998465826586 2.2895399183018204 2.2873799900209826 2.285220061740145 2.283060133459307 2.280900205178469 2.278740276897631 2.2765803486167933 2.274420420335955 2.2722604920551173 2.2701005637742795 2.2679406354934377 2.2657807072126 2.2636207789317617 2.261460850650924 2.259300922370086 2.257140994089248 2.25498106580841 2.2528211375275724 2.2506612092467346 2.2485012809658964 2.2463413526850586 2.244181424404221 2.2420214961233826 2.2398615678425413 2.237701639561703 2.2355417112808653 2.2333817830000275 2.2312218547191893 2.229735239596934 2.2289684114829122 2.22820158336889 2.227434755254868 2.2266679271408463 2.2259010990268244 2.225134270912802 2.2243674427987803 2.223600614684757 2.2228337865707353 2.222066958456713 2.221300130342691
2.2906963177676714 2.2892138961314954 2.2874107848510956 2.2852648490832532 2.2831189133154113 2.280972977547569 2.2788270417797265 2.2766811060118846 2.274535170244042 2.2723892344762 2.270243298708358 2.2680973629405154 2.265951427172673 2.263805491404831 2.261659555636985 2.259513619869143 2.2573676841013004 2.2552217483334585 2.253075812565616 2.2509298767977737 2.2487839410299317 2.2466380052620893 2.244492069494247 2.242346133726405 2.2402001979585626 2.2380542621907202 2.2359083264228783 2.2337623906550323 2.23161645488719 2.2294705191193476 2.2273245833515056 2.2251786475836632 2.2236813372980104 2.2228774223356753 2.22207350737334 2.2212695924110046 2.2204656774486695 2.2196617624863344 2.218857847523999 2.2180539325616637 2.217250017599327 2.2164461026369917 2.2156421876746566 2.214838272712321
2.2843038851802806 2.282779714272079 2.280961794838695 2.2788298515838483 2.2766979083290018 2.274565965074155 2.2724340218193086 2.270302078564462 2.2681701353096155 2.266038192054769 2.2639062487999224 2.261774305545076 2.2596423622902293 2.2575104190353827 2.2553784757805326 2.2532465325256856 2.251114589270839 2.2489826460159925 2.246850702761146 2.2447187595062994 2.242586816251453 2.2404548729966063 2.2383229297417597 2.236190986486913 2.2340590432320666 2.23192709997722 2.2297951567223735 2.2276632134675234 2.225531270212677 2.2233993269578303 2.2212673837029837 2.219135440448137 2.217627434999087 2.2167864331884384 2.21594543137779 2.215104429567141 2.2142634277564928 2.213422425945844 2.2125814241351955 2.2117404223245467 2.210899420513897 2.210058418703248 2.2092174168925998 2.208376415081951
2.277911452592884 2.2763455324126567 2.274512804826289 2.272394854084438 2.2702769033425874 2.268158952600736 2.2660410018588855 2.2639230511170343 2.2618051003751836 2.259687149633333 2.2575691988914817 2.255451248149631 2.25333329740778 2.251215346665929 2.2490973959240748 2.2469794451822236 2.244861494440373 2.242743543698522 2.240625592956671 2.2385076422148202 2.236389691472969 2.2342717407311183 2.2321537899892676 2.2300358392474164 2.2279178885055657 2.225799937763715 2.223681987021864 2.2215640362800095 2.2194460855381584 2.2173281347963076 2.215210184054457 2.2130922333126057 2.2115735327001587 2.2106954440411966 2.2098173553822344 2.208939266723273 2.2080611780643107 2.207183089405349 2.206305000746387 2.205426912087425 2.2045488234284614 2.2036707347694997 2.2027926461105376 2.2019145574515755
2.271519020005493 2.2699113505532402 2.268063814813888 2.265959856585033 2.263855898356178 2.2617519401273225 2.2596479818984676 2.2575440236696123 2.255440065440757 2.2533361072119016 2.2512321489830467 2.2491281907541913 2.247024232525336 2.244920274296481 2.242816316067622 2.240712357838767 2.2386083996099115 2.2365044413810566 2.2344004831522013 2.232296524923346 2.230192566694491 2.2280886084656357 2.2259846502367804 2.2238806920079255 2.22177673377907 2.219672775550215 2.2175688173213595 2.215464859092501 2.2133609008636457 2.2112569426347903 2.2091529844059354 2.20704902617708 2.2055196304012354 2.20460445489396 2.2036892793866847 2.2027741038794098 2.2018589283721344 2.200943752864859 2.2000285773575836 2.1991134018503082 2.1981982263430315 2.197283050835756 2.196367875328481 2.195452699821206
2.2651265874181017 2.2634771686938233 2.2616148248014873 2.259524859085628 2.2574348933697683 2.255344927653909 2.2532549619380493 2.25116499622219 2.2490750305063303 2.2469850647904708 2.2448950990746113 2.2428051333587518 2.2407151676428922 2.2386252019270327 2.2365352362111697 2.23444527049531 2.2323553047794507 2.2302653390635907 2.228175373347731 2.2260854076318717 2.223995441916012 2.2219054762001527 2.219815510484293 2.2177255447684336 2.215635579052574 2.2135456133367146 2.211455647620855 2.209365681904992 2.2072757161891325 2.205185750473273 2.2030957847574135 2.2010058190415536 2.199465728102312 2.198513465746723 2.1975612033911345 2.1966089410355463 2.1956566786799576 2.194704416324369 2.1937521539687803 2.1927998916131917 2.1918476292576012 2.1908953669020126 2.189943104546424 2.1889908421908357
