Figures/CREST_Example_wjb_NSE/PETs/wjb.pet.20100103.asc
ncols            288
nrows            254
xllcorner        113.274861
yllcorner        31.4918055
cellsize         0.008333333333
NODATA_value     -9999
[rows 114 to 132 of 254, columns 44 to 87 of 288]
0.769173134672924 0.7691429846518175 0.769112834630711 0.7690826846096045 0.769052534588498 0.7690223845673915 0.768992234546285 0.7689620845251784 0.7689319345040719 0.7689017844829654 0.7688716344618589 0.7688414844407524 0.7688113344196459 0.7687811843985394 0.768751034377433 0.7687208843563265 0.76869073433522 0.7686605843141134 0.7686304342930069 0.7686002842719004 0.7685701342507939 0.7685399842296874 0.7685098342085809 0.7684796841874744 0.7684495341663679 0.7684193841452613 0.7683892341241548 0.7683590841030483 0.7683422181467898 0.7683395531561542 0.7683368881655186 0.768334223174883 0.7683315581842474 0.7683288931936118 0.7683262282029761 0.7683235632123405 0.7683208982217049 0.7683182332310693 0.7683155682404337 0.7683129032497981 0.7683102382591624 0.7683075732685268 0.7683049082778912 0.7683022432872556
0.7693763029884001 0.7693541202321649 0.7693319374759298 0.7693097547196946 0.7692875719634595 0.7692653892072244 0.7692432064509893 0.7692210236947542 0.7691988409385191 0.7691766581822839 0.7691544754260488 0.7691322926698136 0.7691101099135785 0.7690879271573434 0.7690657444011083 0.7690435616448732 0.7690213788886381 0.768999196132403 0.7689770133761679 0.7689548306199327 0.7689326478636976 0.7689104651074624 0.7688882823512273 0.7688660995949922 0.7688439168387571 0.768821734082522 0.7687995513262869 0.7687773685700517 0.7687652826196013 0.7687639903827836 0.768762698145966 0.7687614059091483 0.7687601136723308 0.7687588214355131 0.7687575291986954 0.7687562369618778 0.7687549447250601 0.7687536524882426 0.7687523602514249 0.7687510680146072 0.7687497757777896 0.768748483540972 0.7687471913041544 0.7687458990673367
0.769579471303876 0.7695652558125123 0.7695510403211486 0.7695368248297849 0.7695226093384211 0.7695083938470574 0.7694941783556937 0.76947996286433 0.7694657473729661 0.7694515318816024 0.7694373163902387 0.7694231008988749 0.7694088854075112 0.7693946699161475 0.7693804544247838 0.7693662389334199 0.7693520234420562 0.7693378079506925 0.7693235924593288 0.769309376967965 0.7692951614766013 0.7692809459852374 0.7692667304938737 0.76925251500251 0.7692382995111463 0.7692240840197825 0.7692098685284188 0.7691956530370551 0.7691883470924127 0.769188427609413 0.7691885081264134 0.7691885886434137 0.7691886691604141 0.7691887496774144 0.7691888301944148 0.769188910711415 0.7691889912284154 0.7691890717454157 0.7691891522624161 0.7691892327794164 0.7691893132964168 0.7691893938134171 0.7691894743304175 0.7691895548474178
0.7697826396193521 0.7697763913928598 0.7697701431663674 0.7697638949398751 0.7697576467133826 0.7697513984868903 0.7697451502603979 0.7697389020339056 0.7697326538074132 0.7697264055809209 0.7697201573544284 0.7697139091279361 0.7697076609014437 0.7697014126749514 0.769695164448459 0.7696889162219667 0.7696826679954744 0.7696764197689819 0.7696701715424896 0.7696639233159972 0.7696576750895049 0.7696514268630125 0.7696451786365202 0.7696389304100277 0.7696326821835354 0.769626433957043 0.7696201857305507 0.7696139375040583 0.769611411565224 0.7696128648360423 0.7696143181068607 0.7696157713776789 0.7696172246484972 0.7696186779193156 0.769620131190134 0.7696215844609522 0.7696230377317705 0.7696244910025889 0.7696259442734072 0.7696273975442256 0.7696288508150438 0.7696303040858622 0.7696317573566805 0.7696332106274989
0.7701511774729699 0.7701550805988584 0.7701589837247468 0.7701628868506353 0.7701667899765238 0.7701706931024123 0.7701745962283006 0.7701784993541891 0.7701824024800776 0.7701863056059661 0.7701902087318546 0.770194111857743 0.7701980149836315 0.77020191810952 0.7702058212354085 0.770209724361297 0.7702136274871854 0.7702175306130739 0.7702214337389623 0.7702253368648508 0.7702292399907393 0.7702331431166277 0.7702370462425162 0.7702409493684047 0.7702448524942932 0.7702487556201817 0.7702526587460701 0.7702565618719586 0.7702601924484659 0.7702635316635235 0.770266870878581 0.7702702100936386 0.7702735493086963 0.7702768885237539 0.7702802277388114 0.770283566953869 0.7702869061689266 0.7702902453839842 0.7702935845990417 0.7702969238140994 0.770300263029157 0.7703036022442146 0.7703069414592721 0.7703102806743297
0.7706964849374515 0.7707128740675767 0.770729263197702 0.7707456523278272 0.7707620414579525 0.7707784305880777 0.770794819718203 0.7708112088483282 0.7708275979784535 0.7708439871085787 0.770860376238704 0.7708767653688292 0.7708931544989545 0.7709095436290797 0.770925932759205 0.7709423218893302 0.7709587110194555 0.7709751001495806 0.7709914892797058 0.7710078784098311 0.7710242675399563 0.7710406566700816 0.7710570458002068 0.7710734349303321 0.7710898240604573 0.7711062131905826 0.7711226023207078 0.7711389914508331 0.771150249944594 0.7711560236720981 0.7711617973996022 0.7711675711271063 0.7711733448546103 0.7711791185821144 0.7711848923096185 0.7711906660371226 0.7711964397646267 0.7712022134921307 0.7712079872196348 0.7712137609471389 0.771219534674643 0.7712253084021471 0.7712310821296511 0.7712368558571552
0.7712417924019331 0.7712706675362951 0.7712995426706571 0.7713284178050192 0.7713572929393812 0.7713861680737432 0.7714150432081053 0.7714439183424673 0.7714727934768293 0.7715016686111913 0.7715305437455533 0.7715594188799154 0.7715882940142774 0.7716171691486394 0.7716460442830014 0.7716749194173634 0.7717037945517254 0.7717326696860874 0.7717615448204496 0.7717904199548116 0.7718192950891736 0.7718481702235356 0.7718770453578976 0.7719059204922597 0.7719347956266217 0.7719636707609837 0.7719925458953457 0.7720214210297077 0.7720403074407224 0.7720485156806729 0.7720567239206234 0.772064932160574 0.7720731404005245 0.7720813486404752 0.7720895568804257 0.7720977651203763 0.7721059733603268 0.7721141816002774 0.772122389840228 0.7721305980801786 0.7721388063201291 0.7721470145600796 0.7721552228000302 0.7721634310399808
0.7717870998664148 0.7718284610050136 0.7718698221436124 0.7719111832822112 0.77195254442081 0.7719939055594087 0.7720352666980076 0.7720766278366064 0.7721179889752052 0.772159350113804 0.7722007112524027 0.7722420723910016 0.7722834335296004 0.7723247946681991 0.7723661558067979 0.7724075169453967 0.7724488780839955 0.7724902392225943 0.7725316003611931 0.7725729614997918 0.7726143226383907 0.7726556837769896 0.7726970449155883 0.7727384060541871 0.7727797671927858 0.7728211283313847 0.7728624894699835 0.7729038506085822 0.7729303649368505 0.7729410076892476 0.7729516504416446 0.7729622931940416 0.7729729359464387 0.7729835786988357 0.7729942214512329 0.7730048642036299 0.7730155069560269 0.773026149708424 0.773036792460821 0.7730474352132181 0.7730580779656151 0.7730687207180122 0.7730793634704093 0.7730900062228063
0.7723324073308965 0.772386254473732 0.7724401016165676 0.7724939487594031 0.7725477959022387 0.7726016430450743 0.7726554901879098 0.7727093373307454 0.772763184473581 0.7728170316164166 0.7728708787592522 0.7729247259020877 0.7729785730449233 0.7730324201877589 0.7730862673305945 0.77314011447343 0.7731939616162655 0.7732478087591012 0.7733016559019367 0.7733555030447723 0.7734093501876078 0.7734631973304434 0.7735170444732791 0.7735708916161146 0.7736247387589502 0.7736785859017857 0.7737324330446214 0.7737862801874569 0.7738204224329788 0.7738334996978223 0.7738465769626659 0.7738596542275094 0.7738727314923529 0.7738858087571965 0.77389888602204 0.7739119632868835 0.7739250405517271 0.7739381178165706 0.7739511950814142 0.7739642723462576 0.7739773496111012 0.7739904268759448 0.7740035041407883 0.7740165814056318
0.772877714795378 0.7729440479424504 0.7730103810895227 0.7730767142365951 0.7731430473836675 0.7732093805307397 0.7732757136778121 0.7733420468248845 0.7734083799719569 0.7734747131190293 0.7735410462661015 0.7736073794131739 0.7736737125602463 0.7737400457073186 0.773806378854391 0.7738727120014633 0.7739390451485356 0.774005378295608 0.7740717114426803 0.7741380445897527 0.774204377736825 0.7742707108838974 0.7743370440309698 0.7744033771780422 0.7744697103251145 0.7745360434721869 0.7746023766192591 0.7746687097663315 0.774710479929107 0.7747259917063971 0.7747415034836871 0.7747570152609772 0.7747725270382672 0.7747880388155571 0.7748035505928472 0.7748190623701372 0.7748345741474273 0.7748500859247173 0.7748655977020074 0.7748811094792973 0.7748966212565873 0.7749121330338774 0.7749276448111674 0.7749431565884575
0.7734230222598601 0.7735018414111693 0.7735806605624784 0.7736594797137876 0.7737382988650966 0.7738171180164057 0.7738959371677149 0.773974756319024 0.7740535754703333 0.7741323946216424 0.7742112137729515 0.7742900329242607 0.7743688520755698 0.774447671226879 0.774526490378188 0.7746053095294971 0.7746841286808063 0.7747629478321154 0.7748417669834246 0.7749205861347337 0.7749994052860428 0.7750782244373521 0.7751570435886612 0.7752358627399702 0.7753146818912794 0.7753935010425885 0.7754723201938977 0.7755511393452068 0.775600537425236 0.7756184837149726 0.775636430004709 0.7756543762944456 0.7756723225841821 0.7756902688739186 0.7757082151636551 0.7757261614533916 0.7757441077431282 0.7757620540328647 0.7757800003226012 0.7757979466123377 0.7758158929020742 0.7758338391918107 0.7758517854815472 0.7758697317712837
0.7739683297243418 0.7740596348798877 0.7741509400354336 0.7742422451909795 0.7743335503465254 0.7744248555020714 0.7745161606576173 0.7746074658131632 0.7746987709687092 0.7747900761242551 0.774881381279801 0.7749726864353469 0.7750639915908928 0.7751552967464387 0.7752466019019846 0.7753379070575305 0.7754292122130764 0.7755205173686223 0.7756118225241682 0.775703127679714 0.77579443283526 0.7758857379908061 0.775977043146352 0.7760683483018979 0.7761596534574438 0.7762509586129896 0.7763422637685355 0.7764335689240814 0.7764905949213643 0.7765109757235473 0.7765313565257302 0.7765517373279133 0.7765721181300963 0.7765924989322793 0.7766128797344624 0.7766332605366453 0.7766536413388283 0.7766740221410113 0.7766944029431944 0.7767147837453773 0.7767351645475603 0.7767555453497433 0.7767759261519263 0.7767963069541093
0.7745136371888235 0.7746174283486061 0.7747212195083888 0.7748250106681714 0.7749288018279542 0.7750325929877369 0.7751363841475195 0.7752401753073022 0.775343966467085 0.7754477576268677 0.7755515487866503 0.775655339946433 0.7757591311062157 0.7758629222659984 0.775966713425781 0.7760705045855637 0.7761742957453464 0.7762780869051291 0.7763818780649118 0.7764856692246944 0.7765894603844771 0.7766932515442599 0.7767970427040426 0.7769008338638252 0.7770046250236079 0.7771084161833907 0.7772122073431733 0.777315998502956 0.7773806524174924 0.777403467732122 0.7774262830467514 0.7774490983613809 0.7774719136760104 0.7774947289906399 0.7775175443052694 0.7775403596198989 0.7775631749345284 0.7775859902491579 0.7776088055637874 0.7776316208784169 0.7776544361930464 0.7776772515076759 0.7777000668223053 0.7777228821369349
0.775058944653305 0.7751752218173246 0.775291498981344 0.7754077761453634 0.7755240533093829 0.7756403304734023 0.7757566076374218 0.7758728848014412 0.7759891619654609 0.7761054391294803 0.7762217162934998 0.7763379934575192 0.7764542706215387 0.7765705477855581 0.7766868249495775 0.776803102113597 0.7769193792776165 0.7770356564416359 0.7771519336056554 0.7772682107696748 0.7773844879336943 0.7775007650977139 0.7776170422617333 0.7777333194257527 0.7778495965897723 0.7779658737537917 0.7780821509178112 0.7781984280818306 0.7782707099136207 0.7782959597406967 0.7783212095677726 0.7783464593948487 0.7783717092219247 0.7783969590490006 0.7784222088760766 0.7784474587031526 0.7784727085302285 0.7784979583573045 0.7785232081843805 0.7785484580114564 0.7785737078385324 0.7785989576656084 0.7786242074926844 0.7786494573197603
0.7756042521177867 0.7757330152860429 0.7758617784542992 0.7759905416225553 0.7761193047908116 0.7762480679590678 0.776376831127324 0.7765055942955803 0.7766343574638367 0.776763120632093 0.7768918838003491 0.7770206469686054 0.7771494101368616 0.7772781733051178 0.777406936473374 0.7775356996416303 0.7776644628098864 0.7777932259781427 0.7779219891463989 0.7780507523146551 0.7781795154829113 0.7783082786511678 0.778437041819424 0.7785658049876802 0.7786945681559364 0.7788233313241927 0.7789520944924488 0.7790808576607051 0.7791607674097489 0.7791884517492713 0.7792161360887938 0.7792438204283163 0.7792715047678388 0.7792991891073612 0.7793268734468837 0.7793545577864062 0.7793822421259287 0.7794099264654512 0.7794376108049735 0.779465295144496 0.7794929794840185 0.779520663823541 0.7795483481630634 0.7795760325025859
0.7761495595822684 0.7762908087547614 0.7764320579272544 0.7765733070997474 0.7767145562722404 0.7768558054447334 0.7769970546172263 0.7771383037897194 0.7772795529622126 0.7774208021347057 0.7775620513071986 0.7777033004796916 0.7778445496521846 0.7779857988246776 0.7781270479971706 0.7782682971696636 0.7784095463421565 0.7785507955146496 0.7786920446871426 0.7788332938596355 0.7789745430321285 0.7791157922046218 0.7792570413771148 0.7793982905496077 0.7795395397221008 0.7796807888945938 0.7798220380670867 0.7799632872395798 0.7800508249058772 0.7800809437578461 0.7801110626098151 0.780141181461784 0.7801713003137529 0.7802014191657219 0.780231538017691 0.7802616568696599 0.7802917757216288 0.7803218945735978 0.7803520134255667 0.7803821322775357 0.7804122511295046 0.7804423699814735 0.7804724888334426 0.7805026076854115
0.7766948670467501 0.7768486022234798 0.7770023374002095 0.7771560725769393 0.7773098077536691 0.7774635429303989 0.7776172781071287 0.7777710132838584 0.7779247484605885 0.7780784836373182 0.7782322188140479 0.7783859539907777 0.7785396891675075 0.7786934243442373 0.7788471595209671 0.7790008946976968 0.7791546298744265 0.7793083650511563 0.7794621002278861 0.7796158354046159 0.7797695705813457 0.7799233057580757 0.7800770409348055 0.7802307761115352 0.7803845112882649 0.7805382464649947 0.7806919816417245 0.7808457168184543 0.7809408824020053 0.7809734357664208 0.7810059891308362 0.7810385424952516 0.781071095859667 0.7811036492240825 0.781136202588498 0.7811687559529135 0.7812013093173289 0.7812338626817443 0.7812664160461598 0.7812989694105752 0.7813315227749906 0.7813640761394061 0.7813966295038215 0.7814291828682369
0.7772401745112322 0.7774063956921987 0.7775726168731653 0.7777388380541318 0.7779050592350983 0.7780712804160649 0.7782375015970314 0.778403722777998 0.7785699439589648 0.7787361651399314 0.7789023863208979 0.7790686075018645 0.779234828682831 0.7794010498637977 0.7795672710447642 0.7797334922257307 0.7798997134066973 0.7800659345876638 0.7802321557686304 0.7803983769495969 0.7805645981305634 0.7807308193115303 0.7808970404924969 0.7810632616734634 0.78122948285443 0.7813957040353966 0.7815619252163631 0.7817281463973297 0.7818309398981343 0.7818659277749963 0.7819009156518583 0.7819359035287201 0.7819708914055821 0.782005879282444 0.782040867159306 0.7820758550361679 0.7821108429130298 0.7821458307898917 0.7821808186667537 0.7822158065436156 0.7822507944204775 0.7822857822973395 0.7823207701742014 0.7823557580510633
0.7777854819757137 0.777964189160917 0.7781428963461204 0.7783216035313237 0.778500310716527 0.7786790179017303 0.7788577250869337 0.779036432272137 0.7792151394573407 0.779393846642544 0.7795725538277473 0.7797512610129507 0.779929968198154 0.7801086753833573 0.7802873825685607 0.780466089753764 0.7806447969389673 0.7808235041241706 0.781002211309374 0.7811809184945773 0.7813596256797806 0.7815383328649842 0.7817170400501875 0.7818957472353909 0.7820744544205942 0.7822531616057975 0.7824318687910009 0.7826105759762042 0.7827209973942626 0.782758419783571 0.7827958421728793 0.7828332645621878 0.7828706869514962 0.7829081093408047 0.782945531730113 0.7829829541194215 0.7830203765087299 0.7830577988980384 0.7830952212873468 0.7831326436766551 0.7831700660659636 0.783207488455272 0.7832449108445804 0.7832823332338889
