Figures/CREST_Example_wjb_NSE/PETs/wjb.pet.20090107.asc
ncols            288
nrows            254
xllcorner        113.274861
yllcorner        31.4918055
cellsize         0.008333333333
NODATA_value     -9999
[rows 38 to 56 of 254, columns 88 to 131 of 288]
0.5164677324044044 0.5172476240399623 0.5180275156755202 0.5188074073110793 0.5195872989466372 0.5203671905821952 0.5211470822177531 0.521926973853311 0.5227068654888689 0.5234867571244267 0.5242666487599846 0.5250465403955425 0.5258264320311005 0.5266063236666584 0.5271229482701819 0.527358134463678 0.5275933206571745 0.5278285068506705 0.5280636930441666 0.5282988792376626 0.5285340654311587 0.5287692516246548 0.5290044378181509 0.5292396240116469 0.529474810205143 0.529709996398639 0.5299451825921351 0.5301803687856311 0.5304155549791272 0.5306507411726237 0.5308859273661197 0.5311211135596158 0.5313562997531118 0.531591485946608 0.531826672140104 0.5320618583336001 0.5322970445270961 0.5325322307205922 0.5327674169140882 0.5330026031075843 0.5332377893010803 0.5334729754945765 0.5337081616880729 0.5339433478815689
0.517585128991543 0.5183907141643942 0.5191962993372454 0.5200018845100981 0.5208074696829493 0.5216130548558006 0.5224186400286518 0.5232242252015031 0.5240298103743544 0.5248353955472056 0.5256409807200568 0.5264465658929081 0.5272521510657594 0.5280577362386106 0.528588368845801 0.528825070943293 0.5290617730407854 0.5292984751382775 0.5295351772357696 0.5297718793332616 0.5300085814307537 0.5302452835282457 0.5304819856257378 0.5307186877232298 0.5309553898207219 0.5311920919182139 0.531428794015706 0.531665496113198 0.5319021982106901 0.5321389003081826 0.5323756024056746 0.5326123045031667 0.5328490066006587 0.5330857086981508 0.5333224107956428 0.5335591128931348 0.5337958149906269 0.5340325170881189 0.534269219185611 0.534505921283103 0.5347426233805951 0.5349793254780871 0.5352160275755796 0.5354527296730717
0.5187025255786825 0.5195338042888271 0.5203650829989718 0.5211963617091178 0.5220276404192624 0.5228589191294071 0.5236901978395517 0.5245214765496963 0.5253527552598409 0.5261840339699856 0.5270153126801302 0.5278465913902748 0.5286778701004194 0.5295091488105641 0.5300537894214211 0.5302920074229092 0.5305302254243977 0.5307684434258857 0.5310066614273737 0.5312448794288618 0.5314830974303498 0.5317213154318379 0.5319595334333259 0.532197751434814 0.532435969436302 0.53267418743779 0.5329124054392781 0.5331506234407661 0.5333888414422542 0.5336270594437427 0.5338652774452307 0.5341034954467188 0.5343417134482068 0.5345799314496948 0.5348181494511829 0.5350563674526709 0.535294585454159 0.535532803455647 0.5357710214571351 0.5360092394586231 0.5362474574601112 0.5364856754615992 0.5367238934630876 0.5369621114645756
0.5198199221658211 0.520676894413259 0.521533866660697 0.5223908389081365 0.5232478111555745 0.5241047834030125 0.5249617556504504 0.5258187278978884 0.5266757001453264 0.5275326723927645 0.5283896446402024 0.5292466168876404 0.5301035891350784 0.5309605613825163 0.5315192099970402 0.5317589439025242 0.5319986778080087 0.5322384117134927 0.5324781456189768 0.5327178795244607 0.5329576134299447 0.5331973473354288 0.5334370812409128 0.5336768151463969 0.5339165490518809 0.534156282957365 0.534396016862849 0.534635750768333 0.5348754846738171 0.5351152185793014 0.5353549524847855 0.5355946863902695 0.5358344202957536 0.5360741542012376 0.5363138881067216 0.5365536220122057 0.5367933559176897 0.5370330898231737 0.5372728237286577 0.5375125576341417 0.5377522915396258 0.5379920254451098 0.5382317593505943 0.5384714932560783
0.5209373187529598 0.5218199845376911 0.5227026503224225 0.5235853161071553 0.5244679818918866 0.5253506476766179 0.5262333134613493 0.5271159792460806 0.527998645030812 0.5288813108155432 0.5297639766002746 0.5306466423850059 0.5315293081697373 0.5324119739544686 0.5329846305726592 0.5332258803821393 0.5334671301916196 0.5337083800010997 0.5339496298105797 0.5341908796200597 0.5344321294295398 0.5346733792390197 0.5349146290484997 0.5351558788579798 0.5353971286674598 0.5356383784769398 0.5358796282864199 0.5361208780958998 0.5363621279053798 0.5366033777148603 0.5368446275243404 0.5370858773338203 0.5373271271433003 0.5375683769527804 0.5378096267622604 0.5380508765717404 0.5382921263812205 0.5385333761907004 0.5387746260001804 0.5390158758096605 0.5392571256191405 0.5394983754286206 0.5397396252381009 0.539980875047581
0.5220547153400983 0.522963074662123 0.5238714339841477 0.524779793306174 0.5256881526281987 0.5265965119502234 0.5275048712722481 0.5284132305942727 0.5293215899162974 0.5302299492383221 0.5311383085603468 0.5320466678823715 0.5329550272043962 0.5338633865264208 0.5344500511482783 0.5346928168617542 0.5349355825752307 0.5351783482887067 0.5354211140021826 0.5356638797156587 0.5359066454291347 0.5361494111426107 0.5363921768560866 0.5366349425695627 0.5368777082830387 0.5371204739965147 0.5373632397099907 0.5376060054234667 0.5378487711369427 0.5380915368504191 0.5383343025638951 0.5385770682773712 0.5388198339908471 0.5390625997043231 0.5393053654177992 0.5395481311312752 0.5397908968447511 0.5400336625582272 0.5402764282717032 0.5405191939851792 0.5407619596986551 0.5410047254121312 0.5412474911256077 0.5414902568390836
0.5231721119272369 0.524106164786555 0.525040217645873 0.5259742705051926 0.5269083233645108 0.5278423762238288 0.5287764290831468 0.5297104819424648 0.530644534801783 0.531578587661101 0.532512640520419 0.533446693379737 0.5343807462390551 0.5353147990983732 0.5359154717238972 0.5361597533413692 0.5364040349588416 0.5366483165763136 0.5368925981937857 0.5371368798112576 0.5373811614287296 0.5376254430462016 0.5378697246636736 0.5381140062811456 0.5383582878986176 0.5386025695160895 0.5388468511335616 0.5390911327510336 0.5393354143685055 0.539579695985978 0.5398239776034499 0.5400682592209219 0.540312540838394 0.5405568224558659 0.5408011040733379 0.54104538569081 0.5412896673082819 0.5415339489257539 0.5417782305432259 0.5420225121606979 0.5422667937781699 0.5425110753956419 0.5427553570131143 0.5429996386305863
0.5242895085143755 0.525249254910987 0.5262090013075983 0.5271687477042114 0.5281284941008227 0.5290882404974342 0.5300479868940456 0.531007733290657 0.5319674796872684 0.5329272260838798 0.5338869724804912 0.5348467188771027 0.535806465273714 0.5367662116703255 0.5373808922995162 0.5376266898209843 0.5378724873424526 0.5381182848639207 0.5383640823853886 0.5386098799068566 0.5388556774283245 0.5391014749497925 0.5393472724712605 0.5395930699927285 0.5398388675141965 0.5400846650356644 0.5403304625571325 0.5405762600786004 0.5408220576000684 0.5410678551215368 0.5413136526430048 0.5415594501644727 0.5418052476859407 0.5420510452074088 0.5422968427288767 0.5425426402503447 0.5427884377718126 0.5430342352932807 0.5432800328147487 0.5435258303362166 0.5437716278576846 0.5440174253791525 0.544263222900621 0.5445090204220889
0.5254069051015151 0.5263923450354199 0.5273777849693246 0.5283632249032311 0.5293486648371359 0.5303341047710407 0.5313195447049455 0.5323049846388502 0.533290424572755 0.5342758645066598 0.5352613044405645 0.5362467443744694 0.5372321843083742 0.5382176242422789 0.5388463128751365 0.5390936263006004 0.5393409397260648 0.5395882531515288 0.5398355665769927 0.5400828800024567 0.5403301934279207 0.5405775068533847 0.5408248202788486 0.5410721337043126 0.5413194471297766 0.5415667605552406 0.5418140739807046 0.5420613874061685 0.5423087008316325 0.5425560142570969 0.5428033276825608 0.5430506411080248 0.5432979545334887 0.5435452679589527 0.5437925813844167 0.5440398948098807 0.5442872082353446 0.5445345216608086 0.5447818350862725 0.5450291485117366 0.5452764619372005 0.5455237753626645 0.5457710887881289 0.5460184022135929
0.5265243016886537 0.5275354351598518 0.52854656863105 0.5295577021022498 0.5305688355734479 0.5315799690446461 0.5325911025158442 0.5336022359870424 0.5346133694582405 0.5356245029294386 0.5366356364006368 0.5376467698718349 0.5386579033430331 0.5396690368142312 0.5403117334507554 0.5405605627802155 0.5408093921096758 0.5410582214391357 0.5413070507685958 0.5415558800980557 0.5418047094275157 0.5420535387569756 0.5423023680864356 0.5425511974158955 0.5428000267453554 0.5430488560748155 0.5432976854042754 0.5435465147337354 0.5437953440631953 0.5440441733926557 0.5442930027221157 0.5445418320515756 0.5447906613810356 0.5450394907104955 0.5452883200399554 0.5455371493694154 0.5457859786988754 0.5460348080283354 0.5462836373577953 0.5465324666872553 0.5467812960167152 0.5470301253461751 0.5472789546756356 0.5475277840050955
0.5276416982757923 0.5286785252842837 0.5297153522927752 0.5307521793012685 0.53178900630976 0.5328258333182515 0.533862660326743 0.5348994873352345 0.535936314343726 0.5369731413522175 0.538009968360709 0.5390467953692005 0.5400836223776919 0.5411204493861834 0.5417771540263745 0.5420274992598304 0.5422778444932869 0.5425281897267428 0.5427785349601987 0.5430288801936547 0.5432792254271106 0.5435295706605665 0.5437799158940225 0.5440302611274784 0.5442806063609343 0.5445309515943904 0.5447812968278463 0.5450316420613022 0.5452819872947582 0.5455323325282145 0.5457826777616704 0.5460330229951265 0.5462833682285824 0.5465337134620383 0.5467840586954943 0.5470344039289502 0.5472847491624061 0.5475350943958621 0.547785439629318 0.5480357848627739 0.54828613009623 0.5485364753296859 0.5487868205631422 0.5490371657965981
0.5287590948629308 0.5298216154087156 0.5308841359545006 0.5319466565002872 0.5330091770460721 0.5340716975918569 0.5351342181376417 0.5361967386834265 0.5372592592292114 0.5383217797749963 0.5393843003207811 0.5404468208665659 0.5415093414123507 0.5425718619581357 0.5432425746019934 0.5434944357394453 0.5437462968768977 0.5439981580143497 0.5442500191518016 0.5445018802892535 0.5447537414267054 0.5450056025641574 0.5452574637016093 0.5455093248390612 0.5457611859765132 0.5460130471139651 0.546264908251417 0.546516769388869 0.546768630526321 0.5470204916637733 0.5472723528012252 0.5475242139386771 0.5477760750761291 0.548027936213581 0.5482797973510329 0.548531658488485 0.5487835196259369 0.5490353807633888 0.5492872419008408 0.5495391030382927 0.5497909641757446 0.5500428253131965 0.5502946864506489 0.5505465475881008
0.5298764914500694 0.5309647055331477 0.5320529196162258 0.5331411336993059 0.5342293477823841 0.5353175618654623 0.5364057759485406 0.5374939900316187 0.5385822041146969 0.5396704181977751 0.5407586322808533 0.5418468463639315 0.5429350604470097 0.5440232745300879 0.5447079951776124 0.5449613722190604 0.5452147492605087 0.5454681263019566 0.5457215033434045 0.5459748803848524 0.5462282574263004 0.5464816344677483 0.5467350115091962 0.5469883885506441 0.547241765592092 0.54749514263354 0.5477485196749879 0.5480018967164358 0.5482552737578837 0.5485086507993321 0.5487620278407801 0.549015404882228 0.5492687819236759 0.5495221589651238 0.5497755360065717 0.5500289130480197 0.5502822900894676 0.5505356671309155 0.5507890441723634 0.5510424212138114 0.5512957982552593 0.5515491752967072 0.5518025523381556 0.5520559293796035
0.530993888037208 0.5321077956575796 0.5332217032779512 0.5343356108983246 0.5354495185186962 0.5365634261390677 0.5376773337594393 0.5387912413798108 0.5399051490001824 0.5410190566205539 0.5421329642409255 0.543246871861297 0.5443607794816686 0.5454746871020402 0.5461734157532314 0.5464283086986753 0.5466832016441197 0.5469380945895636 0.5471929875350076 0.5474478804804515 0.5477027734258954 0.5479576663713392 0.5482125593167831 0.548467452262227 0.5487223452076709 0.5489772381531149 0.5492321310985588 0.5494870240440027 0.5497419169894466 0.549996809934891 0.5502517028803349 0.5505065958257788 0.5507614887712227 0.5510163817166666 0.5512712746621106 0.5515261676075545 0.5517810605529984 0.5520359534984423 0.5522908464438862 0.55254573938933 0.552800632334774 0.5530555252802178 0.5533104182256623 0.5535653111711062
0.5321112846243466 0.5332508857820115 0.5343904869396765 0.5355300880973433 0.5366696892550082 0.5378092904126731 0.5389488915703381 0.540088492728003 0.5412280938856678 0.5423676950433328 0.5435072962009977 0.5446468973586626 0.5457864985163275 0.5469260996739924 0.5476388363288505 0.5478952451782904 0.5481516540277307 0.5484080628771706 0.5486644717266105 0.5489208805760504 0.5491772894254903 0.5494336982749302 0.54969010712437 0.54994651597381 0.5502029248232498 0.5504593336726897 0.5507157425221296 0.5509721513715695 0.5512285602210094 0.5514849690704497 0.5517413779198898 0.5519977867693296 0.5522541956187695 0.5525106044682094 0.5527670133176493 0.5530234221670892 0.5532798310165291 0.553536239865969 0.5537926487154089 0.5540490575648488 0.5543054664142887 0.5545618752637286 0.5548182841131689 0.5550746929626088
0.5332286812114861 0.5343939759064444 0.5355592706014027 0.536724565296363 0.5378898599913213 0.5390551546862796 0.5402204493812379 0.5413857440761962 0.5425510387711545 0.5437163334661128 0.5448816281610711 0.5460469228560293 0.5472122175509876 0.5483775122459459 0.5491042569044707 0.5493621816579066 0.5496201064113428 0.5498780311647787 0.5501359559182146 0.5503938806716505 0.5506518054250864 0.5509097301785223 0.5511676549319582 0.5514255796853941 0.55168350443883 0.5519414291922659 0.5521993539457017 0.5524572786991376 0.5527152034525735 0.5529731282060099 0.5532310529594457 0.5534889777128816 0.5537469024663175 0.5540048272197534 0.5542627519731893 0.5545206767266252 0.5547786014800611 0.555036526233497 0.5552944509869329 0.5555523757403688 0.5558103004938046 0.5560682252472405 0.5563261500006769 0.5565840747541126
0.5343460777986248 0.5355370660308765 0.5367280542631281 0.5379190424953818 0.5391100307276334 0.540301018959885 0.5414920071921366 0.5426829954243884 0.54387398365664 0.5450649718888916 0.5462559601211433 0.5474469483533949 0.5486379365856465 0.5498289248178981 0.5505696774800897 0.5508291181375216 0.5510885587949539 0.5513479994523858 0.5516074401098177 0.5518668807672495 0.5521263214246814 0.5523857620821132 0.5526452027395451 0.552904643396977 0.5531640840544089 0.5534235247118408 0.5536829653692726 0.5539424060267045 0.5542018466841364 0.5544612873415687 0.5547207279990005 0.5549801686564324 0.5552396093138643 0.5554990499712962 0.5557584906287281 0.55601793128616 0.5562773719435918 0.5565368126010237 0.5567962532584555 0.5570556939158874 0.5573151345733193 0.5575745752307512 0.5578340158881835 0.5580934565456154
0.5354634743857634 0.5366801561553084 0.5378968379248534 0.5391135196944005 0.5403302014639455 0.5415468832334904 0.5427635650030355 0.5439802467725805 0.5451969285421254 0.5464136103116705 0.5476302920812155 0.5488469738507604 0.5500636556203055 0.5512803373898505 0.5520350980557087 0.5522960546171366 0.5525570111785649 0.5528179677399927 0.5530789243014206 0.5533398808628485 0.5536008374242763 0.5538617939857042 0.554122750547132 0.5543837071085599 0.5546446636699878 0.5549056202314157 0.5551665767928435 0.5554275333542713 0.5556884899156992 0.5559494464771275 0.5562104030385554 0.5564713595999833 0.5567323161614111 0.5569932727228389 0.5572542292842668 0.5575151858456947 0.5577761424071226 0.5580370989685504 0.5582980555299782 0.5585590120914061 0.558819968652834 0.5590809252142619 0.5593418817756902 0.559602838337118
0.5365808709729021 0.5378232462797404 0.5390656215865788 0.5403079968934192 0.5415503722002576 0.5427927475070959 0.5440351228139343 0.5452774981207726 0.546519873427611 0.5477622487344493 0.5490046240412877 0.550246999348126 0.5514893746549644 0.5527317499618027 0.5535005186313278 0.5537629910967515 0.5540254635621759 0.5542879360275997 0.5545504084930236 0.5548128809584474 0.5550753534238713 0.5553378258892951 0.5556002983547189 0.5558627708201428 0.5561252432855667 0.5563877157509906 0.5566501882164143 0.5569126606818382 0.5571751331472621 0.5574376056126864 0.5577000780781102 0.557962550543534 0.5582250230089579 0.5584874954743817 0.5587499679398056 0.5590124404052295 0.5592749128706533 0.5595373853360771 0.559799857801501 0.5600623302669249 0.5603248027323487 0.5605872751977725 0.5608497476631968 0.5611122201286207
