Figures/CREST_Example_wjb_NSE/PETs/wjb.pet.20100121.asc
ncols            288
nrows            254
xllcorner        113.274861
yllcorner        31.4918055
cellsize         0.008333333333
NODATA_value     -9999
[rows 76 to 94 of 254, columns 44 to 87 of 288]
0.5255501252530451 0.5268629123184586 0.528175699383872 0.5294884864492855 0.5308012735146989 0.5321140605801123 0.5334268476455258 0.5347396347109392 0.5360524217763549 0.5373652088417684 0.5386779959071818 0.5399907829725953 0.5413035700380087 0.5426163571034222 0.5439291441688355 0.545241931234249 0.5465547182996625 0.5478675053650759 0.5491802924304894 0.5504930794959028 0.5518058665613162 0.553118653626732 0.5544314406921453 0.5557442277575588 0.5570570148229723 0.5583698018883857 0.5596825889537992 0.5609953760192126 0.5625448471065404 0.5643473387637873 0.5661498304210343 0.5679523220782812 0.569754813735528 0.571557305392775 0.573359797050025 0.5751622887072719 0.5769647803645189 0.5787672720217658 0.5805697636790128 0.5823722553362597 0.5841747469935066 0.5859772386507536 0.5877797303080005 0.5895822219652475
0.5240163634341457 0.5253171441943236 0.5266179249545014 0.5279187057146792 0.5292194864748572 0.530520267235035 0.5318210479952129 0.5331218287553907 0.5344226095155707 0.5357233902757487 0.5370241710359265 0.5383249517961044 0.5396257325562822 0.54092651331646 0.542227294076638 0.5435280748368158 0.5448288555969937 0.5461296363571715 0.5474304171173493 0.5487311978775272 0.550031978637705 0.5513327593978852 0.552633540158063 0.5539343209182408 0.5552351016784187 0.5565358824385965 0.5578366631987745 0.5591374439589523 0.5606631861669963 0.5624294172483006 0.5641956483296051 0.5659618794109095 0.5677281104922139 0.5694943415735183 0.5712605726548258 0.5730268037361301 0.5747930348174346 0.576559265898739 0.5783254969800434 0.5800917280613478 0.5818579591426523 0.5836241902239566 0.5853904213052611 0.5871566523865654
0.5224826016152462 0.5237713760701884 0.5250601505251308 0.526348924980073 0.5276376994350153 0.5289264738899575 0.5302152483448999 0.5315040227998421 0.5327927972547866 0.5340815717097288 0.535370346164671 0.5366591206196133 0.5379478950745556 0.5392366695294979 0.5405254439844401 0.5418142184393824 0.5431029928943246 0.544391767349267 0.5456805418042092 0.5469693162591515 0.5482580907140937 0.5495468651690382 0.5508356396239804 0.5521244140789228 0.553413188533865 0.5547019629888073 0.5559907374437495 0.5572795118986918 0.558781525227452 0.5605114957328139 0.5622414662381758 0.5639714367435377 0.5657014072488996 0.5674313777542616 0.5691613482596264 0.5708913187649882 0.5726212892703502 0.5743512597757121 0.576081230281074 0.5778112007864359 0.5795411712917978 0.5812711417971597 0.5830011123025216 0.5847310828078836
0.5209488397963455 0.5222256079460522 0.5235023760957589 0.5247791442454656 0.5260559123951722 0.5273326805448788 0.5286094486945855 0.5298862168442922 0.531162984994001 0.5324397531437077 0.5337165212934144 0.534993289443121 0.5362700575928276 0.5375468257425343 0.538823593892241 0.5401003620419477 0.5413771301916543 0.542653898341361 0.5439306664910677 0.5452074346407743 0.5464842027904809 0.5477609709401898 0.5490377390898965 0.5503145072396032 0.5515912753893097 0.5528680435390164 0.5541448116887231 0.5554215798384298 0.5568998642879062 0.5585935742173255 0.5602872841467449 0.5619809940761642 0.5636747040055836 0.5653684139350029 0.5670621238644252 0.5687558337938445 0.570449543723264 0.5721432536526833 0.5738369635821027 0.575530673511522 0.5772243834409414 0.5789180933703607 0.5806118032997801 0.5823055132291994
0.519415077977446 0.5206798398219171 0.5219446016663882 0.5232093635108592 0.5244741253553303 0.5257388871998014 0.5270036490442724 0.5282684108887435 0.5295331727332168 0.5307979345776879 0.532062696422159 0.53332745826663 0.5345922201111011 0.5358569819555722 0.5371217438000432 0.5383865056445143 0.5396512674889854 0.5409160293334564 0.5421807911779275 0.5434455530223986 0.5447103148668696 0.5459750767113429 0.5472398385558139 0.548504600400285 0.5497693622447561 0.5510341240892271 0.5522988859336982 0.5535636477781694 0.5550182033483619 0.5566756527018387 0.5583331020553156 0.5599905514087925 0.5616480007622693 0.5633054501157462 0.5649628994692258 0.5666203488227027 0.5682777981761795 0.5699352475296564 0.5715926968831333 0.5732501462366101 0.574907595590087 0.5765650449435638 0.5782224942970406 0.5798799436505175
0.5178813161585466 0.5191340716977821 0.5203868272370176 0.5216395827762531 0.5228923383154885 0.5241450938547241 0.5253978493939595 0.526650604933195 0.5279033604724326 0.5291561160116681 0.5304088715509035 0.5316616270901391 0.5329143826293745 0.5341671381686101 0.5354198937078455 0.536672649247081 0.5379254047863165 0.5391781603255519 0.5404309158647874 0.5416836714040228 0.5429364269432584 0.544189182482496 0.5454419380217315 0.5466946935609669 0.5479474491002024 0.5492002046394379 0.5504529601786734 0.5517057157179088 0.5531365424088176 0.554757731186352 0.5563789199638863 0.5580001087414207 0.5596212975189551 0.5612424862964893 0.5628636750740265 0.5644848638515608 0.5661060526290952 0.5677272414066294 0.5693484301841638 0.5709696189616982 0.5725908077392325 0.5742119965167669 0.5758331852943012 0.5774543740718355
0.5163475543396472 0.517588303573647 0.5188290528076469 0.5200698020416468 0.5213105512756467 0.5225513005096466 0.5237920497436465 0.5250327989776464 0.5262735482116484 0.5275142974456483 0.5287550466796482 0.5299957959136481 0.531236545147648 0.5324772943816479 0.5337180436156478 0.5349587928496476 0.5361995420836475 0.5374402913176475 0.5386810405516473 0.5399217897856472 0.5411625390196472 0.5424032882536491 0.543644037487649 0.544884786721649 0.5461255359556488 0.5473662851896487 0.5486070344236487 0.5498477836576485 0.5512548814692735 0.5528398096708653 0.5544247378724572 0.556009666074049 0.5575945942756408 0.5591795224772326 0.5607644506788272 0.5623493788804189 0.5639343070820108 0.5655192352836026 0.5671041634851944 0.5686890916867863 0.5702740198883781 0.57185894808997 0.5734438762915617 0.5750288044931535
0.5148137925207478 0.5160425354495121 0.5172712783782764 0.5185000213070406 0.5197287642358049 0.5209575071645692 0.5221862500933335 0.5234149930220978 0.5246437359508642 0.5258724788796285 0.5271012218083928 0.5283299647371571 0.5295587076659214 0.5307874505946857 0.5320161935234501 0.5332449364522144 0.5344736793809787 0.535702422309743 0.5369311652385073 0.5381599081672716 0.5393886510960358 0.5406173940248022 0.5418461369535665 0.5430748798823308 0.5443036228110951 0.5455323657398594 0.5467611086686237 0.547989851597388 0.5493732205297293 0.5509218881553786 0.5524705557810279 0.5540192234066772 0.5555678910323265 0.5571165586579758 0.5586652262836278 0.5602138939092771 0.5617625615349264 0.5633112291605757 0.5648598967862251 0.5664085644118744 0.5679572320375237 0.569505899663173 0.5710545672888223 0.5726032349144716
0.5132800307018484 0.5144967673253771 0.5157135039489057 0.5169302405724344 0.5181469771959631 0.5193637138194919 0.5205804504430206 0.5217971870665493 0.52301392369008 0.5242306603136088 0.5254473969371375 0.5266641335606662 0.5278808701841949 0.5290976068077236 0.5303143434312523 0.531531080054781 0.5327478166783097 0.5339645533018385 0.5351812899253672 0.5363980265488959 0.5376147631724245 0.5388314997959553 0.5400482364194841 0.5412649730430128 0.5424817096665415 0.5436984462900701 0.5449151829135989 0.5461319195371276 0.547491559590185 0.5490039666398918 0.5505163736895986 0.5520287807393054 0.5535411877890122 0.555053594838719 0.5565660018884284 0.5580784089381352 0.559590815987842 0.5611032230375488 0.5626156300872556 0.5641280371369624 0.5656404441866693 0.567152851236376 0.5686652582860828 0.5701776653357896
0.5117462688829476 0.5129509992012407 0.5141557295195338 0.5153604598378269 0.51656519015612 0.5177699204744131 0.5189746507927062 0.5201793811109994 0.5213841114292945 0.5225888417475876 0.5237935720658807 0.5249983023841738 0.5262030327024669 0.52740776302076 0.5286124933390531 0.5298172236573462 0.5310219539756393 0.5322266842939325 0.5334314146122255 0.5346361449305187 0.5358408752488117 0.5370456055671069 0.5382503358854 0.5394550662036931 0.5406597965219863 0.5418645268402793 0.5430692571585725 0.5442739874768656 0.5456098986506391 0.5470860451244034 0.5485621915981677 0.5500383380719319 0.5515144845456962 0.5529906310194604 0.5544667774932273 0.5559429239669915 0.5574190704407558 0.55889521691452 0.5603713633882843 0.5618475098620486 0.5633236563358128 0.5647998028095771 0.5662759492833414 0.5677520957571056
0.5102125070640481 0.5114052310771056 0.5125979550901631 0.5137906791032206 0.5149834031162781 0.5161761271293357 0.5173688511423932 0.5185615751554508 0.5197542991685102 0.5209470231815678 0.5221397471946253 0.5233324712076829 0.5245251952207404 0.5257179192337978 0.5269106432468554 0.5281033672599129 0.5292960912729705 0.530488815286028 0.5316815392990855 0.532874263312143 0.5340669873252005 0.5352597113382601 0.5364524353513176 0.5376451593643752 0.5388378833774327 0.5400306073904901 0.5412233314035477 0.5424160554166052 0.543728237711095 0.5451681236089168 0.5466080095067385 0.5480478954045602 0.549487781302382 0.5509276672002037 0.552367553098028 0.5538074389958497 0.5552473248936715 0.5566872107914932 0.5581270966893149 0.5595669825871367 0.5610068684849584 0.5624467543827801 0.5638866402806019 0.5653265261784236
0.5086787452451487 0.5098594629529706 0.5110401806607925 0.5122208983686144 0.5134016160764364 0.5145823337842583 0.5157630514920802 0.5169437691999021 0.5181244869077261 0.5193052046155481 0.52048592232337 0.5216666400311919 0.5228473577390138 0.5240280754468357 0.5252087931546576 0.5263895108624796 0.5275702285703016 0.5287509462781235 0.5299316639859454 0.5311123816937673 0.5322930994015892 0.5334738171094132 0.5346545348172351 0.535835252525057 0.537015970232879 0.5381966879407009 0.5393774056485229 0.5405581233563448 0.5418465767715508 0.54325020209343 0.5446538274153092 0.5460574527371884 0.5474610780590677 0.548864703380947 0.5502683287028286 0.5516719540247078 0.553075579346587 0.5544792046684662 0.5558828299903456 0.5572864553122248 0.558690080634104 0.5600937059559832 0.5614973312778624 0.5629009565997417
0.5070417265602223 0.5082157778523674 0.5093898291445126 0.5105638804366577 0.5117379317288029 0.512911983020948 0.5140860343130932 0.5152600856052383 0.5164341368973855 0.5176081881895306 0.5187822394816758 0.5199562907738209 0.5211303420659661 0.5223043933581112 0.5234784446502564 0.5246524959424015 0.5258265472345467 0.5270005985266918 0.528174649818837 0.5293487011109821 0.5305227524031273 0.5316968036952744 0.5328708549874196 0.5340449062795647 0.5352189575717099 0.536393008863855 0.5375670601560001 0.5387411114481453 0.5400176673113273 0.5414038028781718 0.5427899384450164 0.5441760740118611 0.5455622095787056 0.5469483451455502 0.5483344807123972 0.5497206162792418 0.5511067518460864 0.552492887412931 0.5538790229797756 0.5552651585466202 0.5566512941134648 0.5580374296803094 0.559423565247154 0.5608097008139986
0.5052943327956768 0.5064674256774129 0.507640518559149 0.5088136114408851 0.5099867043226213 0.5111597972043573 0.5123328900860934 0.5135059829678296 0.5146790758495676 0.5158521687313037 0.5170252616130399 0.5181983544947759 0.519371447376512 0.5205445402582481 0.5217176331399842 0.5228907260217204 0.5240638189034564 0.5252369117851925 0.5264100046669287 0.5275830975486647 0.5287561904304008 0.529929283312139 0.531102376193875 0.5322754690756111 0.5334485619573472 0.5346216548390833 0.5357947477208194 0.5369678406025555 0.5382451458566098 0.5396338564925031 0.5410225671283962 0.5424112777642895 0.5437999884001828 0.5451886990360761 0.5465774096719718 0.547966120307865 0.5493548309437583 0.5507435415796516 0.5521322522155447 0.553520962851438 0.5549096734873313 0.5562983841232246 0.5576870947591178 0.5590758053950111
0.5035469390311312 0.5047190735024584 0.5058912079737854 0.5070633424451124 0.5082354769164396 0.5094076113877666 0.5105797458590936 0.5117518803304207 0.5129240148017498 0.5140961492730768 0.5152682837444038 0.516440418215731 0.517612552687058 0.518784687158385 0.5199568216297121 0.5211289561010392 0.5223010905723662 0.5234732250436933 0.5246453595150203 0.5258174939863474 0.5269896284576745 0.5281617629290035 0.5293338974003305 0.5305060318716576 0.5316781663429847 0.5328503008143117 0.5340224352856388 0.5351945697569659 0.5364726244018924 0.5378639101068343 0.5392551958117763 0.5406464815167181 0.5420377672216601 0.543429052926602 0.5448203386315463 0.5462116243364883 0.5476029100414301 0.5489941957463721 0.550385481451314 0.551776767156256 0.5531680528611979 0.5545593385661398 0.5559506242710818 0.5573419099760237
0.5017995452665859 0.5029707213275039 0.5041418973884219 0.5053130734493398 0.5064842495102578 0.5076554255711758 0.5088266016320939 0.5099977776930119 0.5111689537539319 0.5123401298148499 0.5135113058757679 0.514682481936686 0.515853657997604 0.517024834058522 0.5181960101194399 0.5193671861803579 0.520538362241276 0.521709538302194 0.522880714363112 0.52405189042403 0.525223066484948 0.526394242545868 0.5275654186067861 0.5287365946677041 0.529907770728622 0.53107894678954 0.532250122850458 0.5334212989113761 0.5347001029471748 0.5360939637211655 0.5374878244951561 0.5388816852691467 0.5402755460431372 0.5416694068171278 0.5430632675911209 0.5444571283651114 0.545850989139102 0.5472448499130926 0.5486387106870833 0.5500325714610739 0.5514264322350644 0.552820293009055 0.5542141537830456 0.5556080145570362
0.5000521515020389 0.5012223691525478 0.5023925868030568 0.5035628044535657 0.5047330221040747 0.5059032397545836 0.5070734574050926 0.5082436750556016 0.5094138927061126 0.5105841103566215 0.5117543280071305 0.5129245456576395 0.5140947633081484 0.5152649809586574 0.5164351986091663 0.5176054162596753 0.5187756339101842 0.5199458515606932 0.5211160692112021 0.5222862868617111 0.52345650451222 0.524626722162731 0.5257969398132399 0.5269671574637489 0.5281373751142578 0.5293075927647668 0.5304778104152758 0.5316480280657847 0.5329275814924558 0.5343240173354951 0.5357204531785343 0.5371168890215736 0.5385133248646129 0.5399097607076522 0.5413061965506938 0.5427026323937331 0.5440990682367723 0.5454955040798116 0.5468919399228509 0.5482883757658902 0.5496848116089295 0.5510812474519686 0.5524776832950079 0.5538741191380472
0.4983047577374934 0.4994740169775933 0.5006432762176932 0.5018125354577931 0.5029817946978931 0.504151053937993 0.5053203131780929 0.5064895724181927 0.5076588316582946 0.5088280908983945 0.5099973501384945 0.5111666093785944 0.5123358686186943 0.5135051278587942 0.5146743870988941 0.515843646338994 0.517012905579094 0.5181821648191939 0.5193514240592938 0.5205206832993937 0.5216899425394936 0.5228592017795956 0.5240284610196955 0.5251977202597954 0.5263669794998952 0.5275362387399951 0.528705497980095 0.529874757220195 0.5311550600377384 0.5325540709498262 0.5339530818619141 0.5353520927740021 0.53675110368609 0.538150114598178 0.5395491255102683 0.5409481364223563 0.5423471473344442 0.5437461582465322 0.5451451691586201 0.546544180070708 0.547943190982796 0.5493422018948839 0.5507412128069717 0.5521402237190597
0.49655736397294786 0.49772566480263875 0.4988939656323296 0.5000622664620205 0.5012305672917113 0.5023988681214022 0.5035671689510931 0.5047354697807839 0.5059037706104768 0.5070720714401676 0.5082403722698585 0.5094086730995494 0.5105769739292403 0.5117452747589311 0.5129135755886219 0.5140818764183128 0.5152501772480037 0.5164184780776946 0.5175867789073855 0.5187550797370764 0.5199233805667671 0.52109168139646 0.5222599822261509 0.5234282830558418 0.5245965838855327 0.5257648847152234 0.5269331855449143 0.5281014863746052 0.5293825385830209 0.5307841245641575 0.5321857105452941 0.5335872965264307 0.5349888825075673 0.5363904684887039 0.5377920544698428 0.5391936404509794 0.540595226432116 0.5419968124132526 0.5433983983943893 0.5447999843755259 0.5462015703566625 0.5476031563377991 0.5490047423189357 0.5504063283000723
