Figures/CREST_Example_wjb_NSE/PETs/wjb.pet.20100930.asc
ncols            288
nrows            254
xllcorner        113.274861
yllcorner        31.4918055
cellsize         0.008333333333
NODATA_value     -9999
[rows 140 to 159 of 254, columns 220 to 263 of 288]
2.45494912681958 2.45279692164844 2.4520043385460286 2.4526652222056984 2.453326105865368 2.453986989525038 2.4546478731847072 2.455308756844377 2.4559696405040468 2.456630524163716 2.457291407823386 2.4579522914830556 2.458613175142725 2.4592740588023947 2.4599349424620653 2.460595826121735 2.461256709781405 2.461917593441074 2.462578477100744 2.4632393607604137 2.463900244420083 2.464561128079753 2.4652220117394226 2.465882895399092 2.4665437790587617 2.4672046627184314 2.4678655463781007 2.468526430037772 2.469187313697441 2.469848197357111 2.4705090810167807 2.47116996467645 2.471418128224753 2.4712250846313095 2.471032041037866 2.4708389974444223 2.470645953850979 2.4704529102575354 2.470259866664092 2.470066823070648 2.4698737794772043 2.469680735883761 2.4694876922903175 2.469294648696874
2.4552756864811993 2.453142299679833 2.4522790970947077 2.4527737501832183 2.4532684032717293 2.45376305636024 2.454257709448751 2.4547523625372616 2.4552470156257726 2.4557416687142832 2.456236321802794 2.456730974891305 2.4572256279798155 2.4577202810683265 2.458214934156838 2.4587095872453486 2.4592042403338596 2.4596988934223702 2.4601935465108813 2.460688199599392 2.461182852687903 2.4616775057764135 2.462172158864924 2.462666811953435 2.4631614650419458 2.463656118130457 2.4641507712189674 2.4646454243074793 2.46514007739599 2.4656347304845005 2.4661293835730116 2.466624036661522 2.4668434287598133 2.46676856062851 2.4666936924972065 2.466618824365903 2.466543956234599 2.466469088103296 2.4663942199719924 2.466319351840689 2.466244483709385 2.4661696155780817 2.4660947474467783 2.466019879315475
2.4556022461428184 2.4534876777112267 2.4525538556433863 2.4528822781607387 2.4532107006780906 2.4535391231954424 2.4538675457127943 2.454195968230146 2.454524390747498 2.4548528132648504 2.4551812357822023 2.455509658299554 2.455838080816906 2.456166503334258 2.4564949258516107 2.4568233483689625 2.4571517708863144 2.4574801934036663 2.4578086159210186 2.4581370384383705 2.4584654609557224 2.4587938834730743 2.459122305990426 2.4594507285077785 2.4597791510251303 2.460107573542482 2.460435996059834 2.460764418577187 2.4610928410945387 2.4614212636118906 2.4617496861292425 2.4620781086465944 2.4622687292948737 2.4623120366257103 2.462355343956547 2.4623986512873834 2.46244195861822 2.4624852659490566 2.462528573279893 2.4625718806107297 2.4626151879415663 2.462658495272403 2.462701802603239 2.4627451099340756
2.4559288058044375 2.45383305574262 2.4528286141920654 2.4529908061382586 2.4531529980844518 2.453315190030645 2.453477381976838 2.453639573923031 2.453801765869224 2.453963957815417 2.4541261497616103 2.4542883417078034 2.4544505336539966 2.4546127256001897 2.4547749175463833 2.4549371094925765 2.4550993014387696 2.455261493384963 2.4554236853311555 2.4555858772773487 2.455748069223542 2.455910261169735 2.456072453115928 2.4562346450621213 2.4563968370083145 2.4565590289545076 2.4567212209007008 2.4568834128468944 2.4570456047930875 2.4572077967392802 2.4573699886854734 2.4575321806316666 2.4576940298299346 2.4578555126229107 2.4580169954158873 2.458178478208864 2.4583399610018404 2.458501443794817 2.4586629265877935 2.45882440938077 2.458985892173747 2.4591473749667236 2.4593088577597 2.4594703405526763
2.4562553654660566 2.454178433774013 2.453103372740744 2.453099334115778 2.4530952954908125 2.4530912568658465 2.453087218240881 2.453083179615915 2.453079140990949 2.4530751023659834 2.4530710637410174 2.453067025116052 2.453062986491086 2.4530589478661198 2.453054909241154 2.453050870616188 2.4530468319912226 2.4530427933662566 2.4530387547412906 2.453034716116325 2.453030677491359 2.4530266388663935 2.4530226002414275 2.4530185616164615 2.453014522991496 2.45301048436653 2.4530064457415643 2.4530024071165983 2.4529983684916323 2.4529943298666668 2.4529902912417008 2.452986252616735 2.453119330364991 2.4533989886201075 2.453678646875224 2.4539583051303406 2.4542379633854576 2.454517621640574 2.4547972798956907 2.4550769381508073 2.4553565964059247 2.4556362546610413 2.455915912916158 2.4561955711712744
2.4565819251276757 2.454523811805406 2.4533781312894227 2.4532078620932984 2.4530375928971737 2.452867323701049 2.4526970545049243 2.4525267853087995 2.452356516112675 2.45218624691655 2.4520159777204253 2.451845708524301 2.4516754393281763 2.4515051701320516 2.4513349009359264 2.4511646317398017 2.450994362543677 2.4508240933475527 2.450653824151428 2.4504835549553032 2.4503132857591785 2.4501430165630538 2.449972747366929 2.4498024781708043 2.4496322089746796 2.4494619397785553 2.4492916705824306 2.4491214013863054 2.4489511321901807 2.448780862994056 2.4486105937979317 2.448440324601807 2.448544630900051 2.4489424646173075 2.4493402983345645 2.449738132051821 2.4501359657690776 2.450533799486334 2.450931633203591 2.4513294669208476 2.451727300638105 2.4521251343553616 2.4525229680726186 2.452920801789875
2.456908484789295 2.454869189836799 2.453652889838102 2.4533163900708184 2.452979890303535 2.4526433905362515 2.4523068907689676 2.451970391001684 2.4516338912344007 2.4512973914671172 2.4509608916998338 2.4506243919325503 2.450287892165267 2.4499513923979834 2.449614892630699 2.4492783928634156 2.448941893096132 2.4486053933288487 2.4482688935615653 2.4479323937942814 2.447595894026998 2.4472593942597145 2.446922894492431 2.4465863947251476 2.446249894957864 2.4459133951905807 2.4455768954232973 2.445240395656013 2.4449038958887295 2.444567396121446 2.4442308963541626 2.443894396586879 2.4439699314351113 2.444485940614508 2.445001949793905 2.4455179589733014 2.4460339681526984 2.446549977332095 2.4470659865114914 2.4475819956908884 2.448098004870286 2.448614014049683 2.4491300232290794 2.449646032408476
2.457235044450914 2.4552145678681927 2.4539276483867805 2.4534249180483383 2.452922187709896 2.4524194573714535 2.4519167270330113 2.4514139966945687 2.4509112663561265 2.4504085360176844 2.4499058056792418 2.4494030753407996 2.4489003450023574 2.448397614663915 2.4478948843254718 2.4473921539870296 2.446889423648587 2.446386693310145 2.445883962971702 2.44538123263326 2.444878502294818 2.4443757719563752 2.443873041617933 2.443370311279491 2.4428675809410483 2.442364850602606 2.441862120264164 2.4413593899257204 2.4408566595872783 2.4403539292488357 2.4398511989103935 2.4393484685719513 2.4393952319701717 2.4400294166117087 2.440663601253245 2.441297785894782 2.4419319705363187 2.4425661551778552 2.443200339819392 2.4438345244609287 2.4444687091024666 2.4451028937440036 2.44573707838554 2.446371263027077
2.4572797285740693 2.4552951718911986 2.453987288655552 2.4534027846492825 2.4528182806430125 2.4522337766367426 2.4516492726304726 2.451064768624203 2.450480264617933 2.449895760611663 2.4493112566053936 2.4487267525991236 2.4481422485928537 2.4475577445865837 2.446973240580313 2.4463887365740433 2.4458042325677734 2.4452197285615034 2.444635224555234 2.444050720548964 2.443466216542694 2.442881712536424 2.4422972085301544 2.4417127045238844 2.4411282005176145 2.440543696511345 2.439959192505075 2.439374688498804 2.438790184492534 2.4382056804862646 2.4376211764799947 2.4370366724737247 2.437050250316451 2.4377031911944598 2.438356132072469 2.4390090729504785 2.4396620138284875 2.440314954706497 2.440967895584506 2.441620836462515 2.4422737773405254 2.442926718218535 2.443579659096544 2.444232599974553
2.457023105515468 2.455092749190054 2.4538169810437216 2.453240982475294 2.4526649839068666 2.452088985338439 2.4515129867700116 2.450936988201584 2.4503609896331566 2.449784991064729 2.4492089924963016 2.448632993927874 2.4480569953594467 2.447480996791019 2.4469049982225903 2.446328999654163 2.4457530010857353 2.445177002517308 2.4446010039488804 2.444025005380453 2.4434490068120254 2.442873008243598 2.4422970096751704 2.441721011106743 2.441145012538315 2.4405690139698875 2.43999301540146 2.4394170168330316 2.438841018264604 2.4382650196961766 2.437689021127749 2.4371130225593216 2.437088696446048 2.437654120675477 2.4382195449049058 2.438784969134334 2.439350393363763 2.439915817593192 2.4404812418226207 2.4410466660520496 2.4416120902814797 2.442177514510908 2.442742938740337 2.443308362969766
2.456766482456866 2.4548903264889086 2.453646673431891 2.4530791803013057 2.4525116871707207 2.4519441940401356 2.45137670090955 2.450809207778965 2.4502417146483797 2.4496742215177947 2.4491067283872097 2.448539235256624 2.447971742126039 2.4474042489954537 2.446836755864868 2.446269262734283 2.4457017696036973 2.4451342764731123 2.444566783342527 2.443999290211942 2.443431797081357 2.4428643039507714 2.4422968108201863 2.441729317689601 2.441161824559016 2.440594331428431 2.4400268382978454 2.4394593451672595 2.438891852036674 2.438324358906089 2.437756865775504 2.4371893726449185 2.4371271425756453 2.4376050501564936 2.4380829577373424 2.4385608653181907 2.439038772899039 2.4395166804798873 2.4399945880607357 2.440472495641584 2.440950403222433 2.4414283108032815 2.44190621838413 2.442384125964978
2.456509859398264 2.4546879037877636 2.4534763658200602 2.4529173781273172 2.4523583904345743 2.4517994027418317 2.4512404150490887 2.4506814273563458 2.450122439663603 2.4495634519708602 2.4490044642781172 2.4484454765853743 2.4478864888926317 2.4473275011998887 2.446768513507145 2.446209525814402 2.4456505381216593 2.4450915504289163 2.4445325627361734 2.443973575043431 2.443414587350688 2.442855599657945 2.442296611965202 2.4417376242724593 2.4411786365797163 2.4406196488869734 2.440060661194231 2.439501673501487 2.438942685808744 2.438383698116001 2.437824710423258 2.4372657227305154 2.4371655887052426 2.437555979637511 2.4379463705697786 2.4383367615020464 2.4387271524343146 2.4391175433665824 2.4395079342988506 2.4398983252311184 2.440288716163387 2.440679107095655 2.441069498027923 2.441459888960191
2.4562532363396627 2.4544854810866186 2.45330605820823 2.4527555759533293 2.4522050936984288 2.4516546114435283 2.4511041291886277 2.4505536469337272 2.4500031646788267 2.4494526824239258 2.4489022001690253 2.4483517179141248 2.4478012356592243 2.4472507534043237 2.4467002711494223 2.446149788894522 2.4455993066396213 2.445048824384721 2.4444983421298203 2.4439478598749194 2.443397377620019 2.4428468953651183 2.442296413110218 2.4417459308553173 2.441195448600417 2.4406449663455163 2.440094484090616 2.4395440018357144 2.438993519580814 2.4384430373259134 2.4378925550710124 2.437342072816112 2.43720403483484 2.4375069091185275 2.4378097834022148 2.4381126576859025 2.43841553196959 2.438718406253278 2.439021280536965 2.439324154820653 2.439627029104341 2.4399299033880286 2.4402327776717163 2.4405356519554036
2.455996613281061 2.4542830583854736 2.453135750596399 2.452593773779341 2.4520517969622824 2.4515098201452243 2.4509678433281663 2.450425866511108 2.44988388969405 2.4493419128769913 2.4487999360599333 2.448257959242875 2.447715982425817 2.4471740056087588 2.4466320287916994 2.4460900519746414 2.445548075157583 2.445006098340525 2.4444641215234664 2.4439221447064083 2.4433801678893503 2.442838191072292 2.442296214255234 2.4417542374381753 2.4412122606211173 2.440670283804059 2.440128306987001 2.439586330169942 2.4390443533528834 2.4385023765358254 2.437960399718767 2.437418422901709 2.437242480964437 2.4374578385995442 2.4376731962346514 2.4378885538697586 2.4381039115048657 2.438319269139973 2.43853462677508 2.438749984410187 2.438965342045295 2.439180699680402 2.4393960573155096 2.4396114149506167
2.4557399902224595 2.454080635684329 2.4529654429845684 2.452431971605353 2.451898500226137 2.451365028846921 2.450831557467705 2.4502980860884893 2.4497646147092733 2.4492311433300573 2.4486976719508413 2.4481642005716253 2.4476307291924098 2.4470972578131938 2.446563786433977 2.446030315054761 2.445496843675545 2.4449633722963293 2.4444299009171133 2.4438964295378973 2.4433629581586813 2.4428294867794653 2.4422960154002498 2.4417625440210338 2.4412290726418178 2.4406956012626018 2.4401621298833858 2.4396286585041693 2.4390951871249533 2.4385617157457373 2.4380282443665213 2.4374947729873053 2.4372809270940343 2.437408768080561 2.4375366090670876 2.4376644500536147 2.4377922910401413 2.4379201320266684 2.438047973013195 2.4381758139997216 2.4383036549862487 2.4384314959727758 2.4385593369593024 2.4386871779458295
2.4554833671638576 2.4538782129831835 2.452795135372738 2.4522701694313644 2.4517452034899905 2.451220237548617 2.4506952716072434 2.45017030566587 2.4496453397244964 2.449120373783123 2.4485954078417493 2.448070441900376 2.447545475959002 2.4470205100176283 2.446495544076254 2.4459705781348804 2.445445612193507 2.4449206462521333 2.44439568031076 2.4438707143693863 2.4433457484280123 2.442820782486639 2.4422958165452653 2.4417708506038918 2.4412458846625182 2.4407209187211447 2.440195952779771 2.4396709868383963 2.439146020897023 2.4386210549556493 2.4380960890142758 2.4375711230729022 2.437319373223631 2.4373596975615777 2.437400021899524 2.4374403462374707 2.437480670575417 2.4375209949133634 2.43756131925131 2.4376016435892565 2.437641967927203 2.437682292265149 2.4377226166030956 2.437762940941042
2.455226744105256 2.453675790282039 2.4526248277609075 2.452108367257376 2.451591906753845 2.4510754462503135 2.4505589857467824 2.450042525243251 2.44952606473972 2.4490096042361884 2.4484931437326574 2.447976683229126 2.447460222725595 2.4469437622220633 2.4464273017185314 2.445910841215 2.445394380711469 2.4448779202079374 2.4443614597044063 2.443844999200875 2.443328538697344 2.4428120781938123 2.4422956176902813 2.4417791571867498 2.4412626966832187 2.4407462361796877 2.440229775676156 2.4397133151726242 2.4391968546690928 2.4386803941655617 2.43816393366203 2.437647473158499 2.4373578193532284 2.4373106270425944 2.4372634347319604 2.4372162424213264 2.4371690501106924 2.4371218578000584 2.437074665489425 2.437027473178791 2.4369802808681564 2.436933088557523 2.436885896246889 2.436838703936255
2.4549701210466544 2.4534733675808935 2.4524545201490766 2.4519465650833876 2.451438610017699 2.45093065495201 2.450422699886321 2.449914744820632 2.449406789754943 2.4488988346892544 2.4483908796235654 2.4478829245578764 2.4473749694921874 2.4468670144264983 2.446359059360809 2.44585110429512 2.445343149229431 2.444835194163742 2.444327239098053 2.4438192840323643 2.4433113289666752 2.4428033739009862 2.442295418835297 2.441787463769608 2.4412795087039196 2.4407715536382306 2.4402635985725416 2.4397556435068517 2.4392476884411627 2.438739733375474 2.438231778309785 2.437723823244096 2.437396265482826 2.4372615565236115 2.437126847564397 2.4369921386051825 2.4368574296459684 2.436722720686754 2.4365880117275394 2.436453302768325 2.4363185938091103 2.436183884849896 2.4360491758906813 2.435914466931467
2.4547134979880525 2.4532709448797485 2.4522842125372457 2.451784762909399 2.4512853132815526 2.450785863653706 2.4502864140258596 2.449786964398013 2.4492875147701665 2.4487880651423195 2.448288615514473 2.4477891658866264 2.44728971625878 2.4467902666309334 2.446290817003086 2.4457913673752394 2.445291917747393 2.444792468119546 2.4442930184916993 2.443793568863853 2.4432941192360063 2.4427946696081597 2.442295219980313 2.4417957703524666 2.4412963207246197 2.440796871096773 2.4402974214689266 2.439797971841079 2.4392985222132326 2.438799072585386 2.4382996229575395 2.437800173329693 2.4374347116124233 2.4372124860046283 2.4369902603968336 2.4367680347890386 2.436545809181244 2.436323583573449 2.4361013579656543 2.4358791323578592 2.435656906750064 2.4354346811422696 2.4352124555344745 2.43499022992668
2.454456874929451 2.4530685221786035 2.4521139049254153 2.451622960735411 2.4511320165454067 2.4506410723554026 2.450150128165398 2.449659183975394 2.4491682397853896 2.4486772955953855 2.448186351405381 2.447695407215377 2.4472044630253724 2.4467135188353684 2.4462225746453634 2.445731630455359 2.445240686265355 2.4447497420753503 2.4442587978853463 2.4437678536953418 2.4432769095053377 2.442785965315333 2.442295021125329 2.4418040769353246 2.4413131327453206 2.440822188555316 2.440331244365312 2.4398403001753066 2.4393493559853026 2.438858411795298 2.438367467605294 2.4378765234152895 2.43747315774202 2.437163415485645 2.43685367322927 2.4365439309728947 2.4362341887165195 2.4359244464601444 2.4356147042037692 2.4353049619473937 2.434995219691018 2.434685477434643 2.4343757351782678 2.4340659929218926
