Figures/CREST_Example_wjb_NSE/PETs/wjb.pet.20100605.asc
ncols            288
nrows            254
xllcorner        113.274861
yllcorner        31.4918055
cellsize         0.008333333333
NODATA_value     -9999
[rows 40 to 59 of 254, columns 0 to 43 of 288]
-9999.0 -9999.0 -9999.0 -9999.0 -9999.0 -9999.0 -9999.0 -9999.0 -9999.0 -9999.0 -9999.0 -9999.0 -9999.0 -9999.0 3.0925544707476704 3.0880146365243304 3.0834748023009904 3.0789349680776508 3.0743951338543107 3.069855299630971 3.065315465407631 3.060775631184291 3.0562357969609515 3.0516959627376115 3.047156128514272 3.042616294290932 3.0380764600675843 3.033536625844244 3.0289967916209046 3.0244569573975646 3.0199171231742246 3.015377288950885 3.010837454727545 3.0062976205042053 3.0017577862808653 2.9972179520575253 2.9926781178341857 2.9881382836108457 2.983598449387506 2.9790586151641585 2.9745187809408185 2.9699789467174784 2.966763274881293 2.964963162564262
-9999.0 -9999.0 -9999.0 -9999.0 -9999.0 -9999.0 -9999.0 -9999.0 -9999.0 -9999.0 -9999.0 -9999.0 -9999.0 -9999.0 -9999.0 3.0847111410552794 3.0801323000233354 3.0755534589913913 3.0709746179594473 3.066395776927503 3.061816935895559 3.057238094863615 3.052659253831671 3.048080412799727 3.043501571767783 3.038922730735839 3.034343889703887 3.0297650486719427 3.0251862076399987 3.0206073666080546 3.0160285255761106 3.0114496845441665 3.0068708435122224 3.0022920024802784 2.9977131614483343 2.9931343204163903 2.988555479384446 2.9839766383525017 2.9793977973205577 2.974818956288606 2.970240115256662 2.965661274224718 2.9625497296780594 2.96100675823642
-9999.0 -9999.0 -9999.0 -9999.0 -9999.0 -9999.0 -9999.0 -9999.0 -9999.0 -9999.0 -9999.0 -9999.0 -9999.0 -9999.0 -9999.0 3.081407645586229 3.076789797745681 3.0721719499051323 3.0675541020645842 3.0629362542240357 3.0583184063834876 3.053700558542939 3.049082710702391 3.0444648628618425 3.0398470150212944 3.035229167180746 3.03061131934019 3.0259934714996417 3.021375623659093 3.016757775818545 3.0121399279779966 3.0075220801374485 3.0029042322969 2.998286384456352 2.9936685366158033 2.9890506887752553 2.9844328409347067 2.9798149930941586 2.97519714525361 2.970579297413054 2.965961449572506 2.9613436017319574 2.958336184474826 2.957050353908579
-9999.0 -9999.0 -9999.0 -9999.0 -9999.0 -9999.0 -9999.0 -9999.0 -9999.0 -9999.0 -9999.0 -9999.0 -9999.0 -9999.0 -9999.0 -9999.0 3.073447295468026 3.0687904408188733 3.0641335861697208 3.059476731520568 3.0548198768714157 3.050163022222263 3.0455061675731105 3.0408493129239584 3.036192458274806 3.0315356036256533 3.026878748976493 3.0222218943273402 3.0175650396781877 3.012908185029035 3.0082513303798826 3.00359447573073 2.998937621081578 2.9942807664324254 2.989623911783273 2.9849670571341202 2.9803102024849677 2.975653347835815 2.9709964931866626 2.966339638537502 2.9616827838883495 2.9570259292391974 2.9541226392715934 2.9530939495807376
-9999.0 -9999.0 -9999.0 -9999.0 -9999.0 -9999.0 -9999.0 -9999.0 -9999.0 -9999.0 -9999.0 -9999.0 -9999.0 -9999.0 -9999.0 -9999.0 -9999.0 3.0654089317326143 3.0607130702748577 3.056017208817101 3.051321347359344 3.0466254859015875 3.041929624443831 3.037233762986074 3.0325379015283174 3.0278420400705603 3.0231461786127958 3.018450317155039 3.013754455697282 3.0090585942395256 3.004362732781769 2.999666871324012 2.9949710098662554 2.990275148408499 2.985579286950742 2.9808834254929852 2.9761875640352287 2.9714917025774716 2.966795841119715 2.9620999796619505 2.9574041182041935 2.952708256746437 2.94990909406836 2.9491375452528965
-9999.0 -9999.0 -9999.0 -9999.0 -9999.0 -9999.0 -9999.0 -9999.0 -9999.0 -9999.0 -9999.0 -9999.0 -9999.0 -9999.0 -9999.0 -9999.0 -9999.0 3.0620274226463553 3.0572925543799943 3.052557686113633 3.047822817847272 3.043087949580911 3.0383530813145505 3.0336182130481895 3.0288833447818284 3.0241484765154674 3.0194136082490983 3.0146787399827373 3.0099438717163767 3.0052090034500156 3.0004741351836546 2.9957392669172935 2.991004398650933 2.986269530384572 2.981534662118211 2.97679979385185 2.9720649255854887 2.967330057319128 2.962595189052767 2.957860320786398 2.953125452520037 2.948390584253676 2.9456955488651264 2.945181140925055
-9999.0 -9999.0 -9999.0 -9999.0 -9999.0 -9999.0 -9999.0 -9999.0 -9999.0 -9999.0 -9999.0 -9999.0 -9999.0 -9999.0 -9999.0 -9999.0 -9999.0 -9999.0 3.053872038485128 3.049098163410163 3.044324288335198 3.0395504132602325 3.0347765381852674 3.0300026631103023 3.025228788035337 3.0204549129603717 3.0156810378853987 3.010907162810433 3.006133287735468 3.001359412660503 2.9965855375855375 2.9918116625105724 2.9870377874356073 2.982263912360642 2.9774900372856767 2.9727161622107117 2.9679422871357466 2.963168412060781 2.958394536985816 2.9536206619108425 2.9488467868358774 2.9440729117609123 2.94148200366189 2.9412247365972104
-9999.0 -9999.0 -9999.0 -9999.0 -9999.0 -9999.0 -9999.0 -9999.0 -9999.0 -9999.0 -9999.0 -9999.0 -9999.0 -9999.0 -9999.0 -9999.0 -9999.0 -9999.0 3.0504515225902646 3.0456386407066955 3.040825758823126 3.0360128769395565 3.031199995055987 3.026387113172418 3.0215742312888483 3.0167613494052787 3.011948467521701 3.0071355856381317 3.0023227037545626 2.997509821870993 2.9926969399874235 2.9878840581038544 2.983071176220285 2.9782582943367153 2.973445412453146 2.9686325305695767 2.963819648686007 2.9590067668024376 2.9541938849188685 2.949381003035291 2.9445681211517214 2.939755239268152 2.937268458458657 2.937268332269369
-9999.0 -9999.0 -9999.0 -9999.0 -9999.0 -9999.0 -9999.0 -9999.0 -9999.0 -9999.0 -9999.0 -9999.0 -9999.0 -9999.0 -9999.0 -9999.0 -9999.0 -9999.0 -9999.0 3.042179118003228 3.0373272293110545 3.0324753406188805 3.027623451926707 3.0227715632345333 3.0179196745423598 3.013067785850186 3.008215897158004 3.0033640084658306 2.9985121197736566 2.993660231081483 2.9888083423893095 2.983956453697136 2.9791045650049623 2.974252676312789 2.9694007876206148 2.964548898928441 2.9596970102362676 2.954845121544094 2.9499932328519205 2.9451413441597385 2.940289455467565 2.9354375667753914 2.9330549132554236 2.9333119279415274
-9999.0 -9999.0 -9999.0 -9999.0 -9999.0 -9999.0 -9999.0 -9999.0 -9999.0 -9999.0 -9999.0 -9999.0 -9999.0 -9999.0 -9999.0 -9999.0 -9999.0 -9999.0 -9999.0 3.03871959529976 3.0338286997989825 3.0289378042982045 3.024046908797427 3.019156013296649 3.014265117795871 3.009374222295093 3.004483326794307 2.999592431293529 2.994701535792751 2.9898106402919735 2.9849197447911955 2.980028849290418 2.97513795378964 2.970247058288862 2.9653561627880842 2.960465267287306 2.9555743717865286 2.9506834762857506 2.945792580784973 2.9409016852841865 2.936010789783409 2.931119894282631 2.9288413680521903 2.9293555236136863
-9999.0 -9999.0 -9999.0 -9999.0 -9999.0 -9999.0 -9999.0 -9999.0 -9999.0 -9999.0 -9999.0 -9999.0 -9999.0 -9999.0 -9999.0 -9999.0 -9999.0 -9999.0 -9999.0 -9999.0 -9999.0 -9999.0 -9999.0 3.015540463358765 3.0106105610493827 3.0056806587400007 3.00075075643061 2.995820854121228 2.990890951811846 2.985961049502464 2.981031147193082 2.9761012448837 2.971171342574318 2.9662414402649357 2.9613115379555532 2.956381635646171 2.951451733336789 2.946521831027407 2.941591928718025 2.9366620264086345 2.9317321240992524 2.9268022217898704 2.924627822848957 2.925399119285845
-9999.0 -9999.0 -9999.0 -9999.0 -9999.0 -9999.0 -9999.0 -9999.0 -9999.0 -9999.0 -9999.0 -9999.0 -9999.0 -9999.0 -9999.0 -9999.0 -9999.0 -9999.0 -9999.0 -9999.0 -9999.0 -9999.0 -9999.0 3.01192491342088 3.006956004302894 3.0019870951849073 2.9970181860669127 2.992049276948926 2.98708036783094 2.9821114587129536 2.9771425495949675 2.9721736404769814 2.967204731358995 2.962235822241009 2.9572669131230223 2.952298004005036 2.9473290948870496 2.9423601857690636 2.937391276651077 2.9324223675330825 2.927453458415096 2.92248454929711 2.920414277645724 2.9214427149580033
-9999.0 -9999.0 -9999.0 -9999.0 -9999.0 -9999.0 -9999.0 -9999.0 -9999.0 -9999.0 -9999.0 -9999.0 -9999.0 -9999.0 -9999.0 -9999.0 -9999.0 -9999.0 -9999.0 -9999.0 -9999.0 -9999.0 -9999.0 -9999.0 -9999.0 2.9982935316298147 2.9932856157032157 2.988277699776625 2.9832697838500346 2.978261867923444 2.9732539519968535 2.968246036070263 2.963238120143673 2.9582302042170823 2.9532222882904917 2.948214372363901 2.9432064564373106 2.93819854051072 2.9331906245841295 2.9281827086575305 2.92317479273094 2.9181668768043494 2.9162007324424906 2.917486310630162
-9999.0 -9999.0 -9999.0 -9999.0 -9999.0 -9999.0 -9999.0 -9999.0 -9999.0 -9999.0 -9999.0 -9999.0 -9999.0 -9999.0 -9999.0 -9999.0 -9999.0 -9999.0 -9999.0 -9999.0 -9999.0 -9999.0 -9999.0 -9999.0 -9999.0 2.994599968074719 2.9895530453395156 2.9845061226043206 2.979459199869126 2.9744122771339314 2.9693653543987364 2.964318431663542 2.959271508928347 2.954224586193152 2.9491776634579576 2.9441307407227626 2.939083817987568 2.9340368952523734 2.9289899725171784 2.923943049781975 2.9188961270467804 2.913849204311586 2.911987187239254 2.9135299063023177
-9999.0 -9999.0 -9999.0 -9999.0 -9999.0 -9999.0 -9999.0 -9999.0 -9999.0 -9999.0 -9999.0 -9999.0 -9999.0 -9999.0 -9999.0 -9999.0 -9999.0 -9999.0 -9999.0 -9999.0 -9999.0 -9999.0 -9999.0 -9999.0 -9999.0 2.990906404519626 2.985820474975818 2.9807345454320195 2.9756486158882205 2.9705626863444214 2.9654767568006224 2.9603908272568233 2.9553048977130243 2.9502189681692252 2.9451330386254266 2.9400471090816276 2.9349611795378285 2.9298752499940295 2.9247893204502304 2.919703390906423 2.914617461362624 2.909531531818825 2.9077736420360205 2.9095735019744757
-9999.0 -9999.0 -9999.0 -9999.0 -9999.0 -9999.0 -9999.0 -9999.0 -9999.0 -9999.0 -9999.0 -9999.0 -9999.0 -9999.0 -9999.0 -9999.0 -9999.0 -9999.0 -9999.0 -9999.0 3.012837522726549 3.007712586374146 3.0025876500217428 2.9974627136693397 2.992337777316936 2.987212840964533 2.982087904612121 2.976962968259718 2.971838031907315 2.9667130955549115 2.9615881592025084 2.9564632228501053 2.951338286497702 2.9462133501452987 2.9410884137928957 2.9359634774404926 2.930838541088089 2.925713604735686 2.920588668383283 2.915463732030871 2.910338795678468 2.9052138593260644 2.9035600968327873 2.9056170976466347
-9999.0 -9999.0 -9999.0 -9999.0 -9999.0 -9999.0 -9999.0 -9999.0 -9999.0 -9999.0 -9999.0 -9999.0 -9999.0 -9999.0 -9999.0 -9999.0 -9999.0 -9999.0 -9999.0 3.014502936375485 3.0093389932144774 3.0041750500534703 2.9990111068924628 2.993847163731455 2.988683220570448 2.9835192774094406 2.978355334248424 2.973191391087417 2.9680274479264095 2.962863504765402 2.9576995616043944 2.9525356184433873 2.9473716752823798 2.942207732121372 2.937043788960365 2.9318798457993576 2.92671590263835 2.921551959477343 2.9163880163163354 2.911224073155319 2.9060601299943114 2.9008961868333043 2.8993465516295545 2.9016606933187936
-9999.0 -9999.0 -9999.0 -9999.0 -9999.0 -9999.0 -9999.0 -9999.0 -9999.0 -9999.0 -9999.0 -9999.0 -9999.0 -9999.0 -9999.0 -9999.0 -9999.0 3.0214493136112406 3.016246363641629 3.0110434136720174 3.005840463702406 3.0006375137327943 2.9954345637631823 2.9902316137935707 2.985028663823959 2.9798257138543476 2.974622763884727 2.9694198139151156 2.964216863945504 2.9590139139758924 2.9538109640062804 2.948608014036669 2.9434050640670573 2.9382021140974457 2.932999164127834 2.9277962141582226 2.922593264188611 2.9173903142189994 2.9121873642493874 2.906984414279767 2.9017814643101554 2.896578514340544 2.895133006426321 2.897704288990952
-9999.0 -9999.0 -9999.0 -9999.0 -9999.0 -9999.0 -9999.0 -9999.0 -9999.0 -9999.0 -9999.0 -9999.0 -9999.0 -9999.0 -9999.0 3.028226809579733 3.023122486970401 3.0180181643610693 3.0129138417517374 3.0078095191424055 3.0027051965330736 2.9976008739237416 2.9924965513144097 2.987392228705078 2.982287906095746 2.977183583486414 2.972079260877073 2.9669749382677413 2.9618706156584094 2.9567662930490775 2.9516619704397455 2.9465576478304136 2.9414533252210817 2.93634900261175 2.931244680002418 2.926140357393086 2.921036034783754 2.915931712174422 2.9108273895650902 2.9057230669557494 2.9006187443464175 2.8955144217370856 2.8941615043935944 2.896818924064493
-9999.0 -9999.0 -9999.0 -9999.0 -9999.0 -9999.0 -9999.0 -9999.0 -9999.0 -9999.0 -9999.0 -9999.0 -9999.0 -9999.0 3.029109671908093 3.0242510989072793 3.019392525906466 3.014533952905652 3.009675379904838 3.004816806904024 2.99995823390321 2.995099660902396 2.990241087901582 2.9853825149007682 2.9805239418999547 2.975665368899141 2.9708067958983184 2.9659482228975045 2.9610896498966905 2.956231076895877 2.951372503895063 2.946513930894249 2.9416553578934352 2.9367967848926213 2.9319382118918074 2.9270796388909934 2.9222210658901795 2.917362492889366 2.912503919888552 2.9076453468877297 2.9027867738869157 2.897928200886102 2.8966555420883786 2.899216306618715
