Figures/CREST_Example_wjb_NSE/PETs/wjb.pet.20090706.asc
ncols            288
nrows            254
xllcorner        113.274861
yllcorner        31.4918055
cellsize         0.008333333333
NODATA_value     -9999
[rows 40 to 59 of 254, columns 44 to 87 of 288]
2.986696994923399 2.9780396909039117 2.969382386884424 2.9607250828649367 2.952067778845449 2.9434104748259617 2.934753170806474 2.9260958667869867 2.9174385627674844 2.908781258747997 2.9001239547285094 2.891466650709022 2.8828093466895344 2.874152042670047 2.8654947386505594 2.856837434631072 2.8481801306115844 2.839522826592097 2.8308655225726094 2.822208218553122 2.8135509145336344 2.8048936105141324 2.7962363064946447 2.7875790024751574 2.7789216984556697 2.7702643944361824 2.7616070904166947 2.7529497863972074 2.7454058470186875 2.739052119610148 2.7326983922016086 2.726344664793069 2.7199909373845297 2.71363720997599 2.7072834825674397 2.7009297551589 2.6945760277503608 2.6882223003418213 2.6818685729332814 2.675514845524742 2.6691611181162025 2.662807390707663 2.6564536632991236 2.650099935890584
2.997232800326368 2.9883603039160835 2.9794878075057984 2.970615311095514 2.9617428146852287 2.952870318274944 2.943997821864659 2.935125325454374 2.926252829044074 2.917380332633789 2.9085078362235044 2.8996353398132193 2.8907628434029347 2.8818903469926496 2.8730178505823645 2.86414535417208 2.8552728577617947 2.84640036135151 2.837527864941225 2.82865536853094 2.8197828721206553 2.810910375710355 2.8020378793000704 2.7931653828897853 2.7842928864795002 2.7754203900692156 2.7665478936589305 2.757675397248646 2.7500674053939194 2.743811197494549 2.7375549895951785 2.731298781695808 2.725042573796437 2.718786365897067 2.7125301579976857 2.706273950098315 2.7000177421989444 2.6937615342995738 2.6875053264002036 2.681249118500833 2.6749929106014623 2.6687367027020916 2.6624804948027214 2.6562242869033508
3.0077686057293382 2.998680916928256 2.9895932281271733 2.980505539326091 2.971417850525009 2.9623301617239264 2.953242472922844 2.944154784121762 2.935067095320664 2.9259794065195814 2.9168917177184994 2.907804028917417 2.8987163401163345 2.8896286513152525 2.88054096251417 2.8714532737130876 2.862365584912005 2.853277896110923 2.8441902073098406 2.835102518508758 2.826014829707676 2.816927140906578 2.8078394521054957 2.7987517633044137 2.789664074503331 2.7805763857022487 2.7714886969011667 2.7624010081000843 2.7547289637691517 2.74857027537895 2.7424115869887484 2.7362528985985466 2.730094210208345 2.723935521818144 2.7177768334279317 2.71161814503773 2.7054594566475285 2.6993007682573267 2.6931420798671253 2.6869833914769234 2.680824703086722 2.6746660146965207 2.668507326306319 2.6623486379161174
3.0183044111323074 3.009001529940428 2.999698648748548 2.9903957675566684 2.9810928863647885 2.9717900051729087 2.962487123981029 2.953184242789149 2.9438813615972537 2.934578480405374 2.925275599213494 2.915972718021614 2.9066698368297343 2.897366955637855 2.888064074445975 2.8787611932540953 2.8694583120622155 2.8601554308703356 2.850852549678456 2.8415496684865764 2.8322467872946966 2.8229439061028008 2.813641024910921 2.804338143719041 2.7950352625271617 2.785732381335282 2.776429500143402 2.7671266189515222 2.759390522144383 2.7533293532633505 2.747268184382318 2.7412070155012853 2.7351458466202527 2.72908467773922 2.7230235088581773 2.7169623399771448 2.710901171096112 2.704840002215079 2.6987788333340466 2.692717664453014 2.6866564955719814 2.680595326690949 2.674534157809916 2.6684729889288836
3.028840216535277 3.0193221429526 3.0098040693699226 3.0002859957872454 2.990767922204568 2.981249848621891 2.971731775039214 2.9622137014565366 2.952695627873843 2.9431775542911662 2.933659480708489 2.924141407125812 2.9146233335431346 2.9051052599604574 2.8955871863777802 2.886069112795103 2.876551039212426 2.8670329656297486 2.8575148920470714 2.8479968184643942 2.838478744881717 2.828960671299024 2.8194425977163466 2.8099245241336694 2.8004064505509922 2.790888376968315 2.781370303385638 2.7718522298029606 2.764052080519615 2.7580884311477516 2.752124781775888 2.746161132404024 2.7401974830321607 2.734233833660297 2.728270184288423 2.7223065349165596 2.716342885544696 2.710379236172832 2.7044155868009687 2.698451937429105 2.692488288057241 2.686524638685378 2.680560989313514 2.6745973399416503
3.0393760219382466 3.0296427559647716 3.019909489991297 3.0101762240178225 3.000442958044348 2.9907096920708733 2.9809764260973988 2.971243160123924 2.961509894150433 2.9517766281769586 2.942043362203484 2.9323100962300095 2.922576830256535 2.91284356428306 2.9031102983095853 2.8933770323361108 2.883643766362636 2.8739105003891616 2.864177234415687 2.8544439684422125 2.844710702468738 2.834977436495247 2.8252441705217723 2.8155109045482973 2.8057776385748228 2.796044372601348 2.7863111066278736 2.776577840654399 2.7687136388948472 2.7628475090321523 2.7569813791694577 2.751115249306763 2.7452491194440682 2.7393829895813737 2.733516859718669 2.7276507298559745 2.7217845999932795 2.715918470130585 2.7100523402678904 2.7041862104051955 2.698320080542501 2.6924539506798064 2.6865878208171114 2.680721690954417
3.0499118273412247 3.0399633689769527 3.0300149106126804 3.0200664522484084 3.010117993884136 3.0001695355198637 2.9902210771555917 2.9802726187913193 2.97032416042703 2.960375702062758 2.9504272436984857 2.940478785334214 2.9305303269699414 2.920581868605669 2.910633410241397 2.9006849518771247 2.8907364935128523 2.8807880351485804 2.870839576784308 2.860891118420036 2.8509426600557637 2.8409942016914744 2.8310457433272025 2.82109728496293 2.8111488265986577 2.801200368234386 2.7912519098701134 2.7813034515058415 2.7733751972700826 2.767606586916557 2.7618379765630316 2.756069366209506 2.75030075585598 2.7445321455024545 2.738763535148919 2.7329949247953937 2.727226314441868 2.7214577040883423 2.7156890937348166 2.709920483381291 2.7041518730277656 2.69838326267424 2.692614652320714 2.6868460419671885
3.0604476327441943 3.0502839819891245 3.040120331234055 3.0299566804789855 3.0197930297239157 3.009629378968846 2.999465728213776 2.989302077458707 2.97913842670362 2.96897477594855 2.9588111251934808 2.948647474438411 2.9384838236833413 2.928320172928272 2.918156522173202 2.9079928714181325 2.8978292206630627 2.8876655699079934 2.8775019191529236 2.867338268397854 2.8571746176427846 2.8470109668876975 2.8368473161326277 2.8266836653775584 2.8165200146224887 2.806356363867419 2.796192713112349 2.78602906235728 2.7780367556453145 2.772365664800958 2.7666945739566016 2.7610234831122447 2.755352392267888 2.7496813014235313 2.744010210579165 2.738339119734808 2.7326680288904517 2.726996938046095 2.7213258472017383 2.715654756357382 2.709983665513025 2.7043125746686685 2.6986414838243116 2.692970392979955
3.070983438147164 3.060604595001297 3.0502257518554297 3.0398469087095625 3.0294680655636954 3.0190892224178283 3.008710379271961 2.9983315361260945 2.9879526929802096 2.9775738498343425 2.9671950066884754 2.9568161635426082 2.946437320396741 2.9360584772508744 2.9256796341050073 2.91530079095914 2.904921947813273 2.894543104667406 2.884164261521539 2.8737854183756717 2.863406575229805 2.85302773208392 2.842648888938053 2.832270045792186 2.8218912026463188 2.811512359500452 2.801133516354585 2.790754673208718 2.7826983140205463 2.7771247426853587 2.771551171350171 2.7659776000149834 2.7604040286797957 2.7548304573446076 2.7492568860094106 2.743683314674223 2.7381097433390353 2.7325361720038477 2.72696260066866 2.7213890293334724 2.7158154579982847 2.710241886663097 2.7046683153279094 2.6990947439927213
3.081519243550133 3.0709252080134686 3.060331172476804 3.0497371369401396 3.039143101403475 3.0285490658668106 3.017955030330146 3.0073609947934816 2.996766959256799 2.986172923720135 2.9755788881834704 2.964984852646806 2.9543908171101414 2.943796781573477 2.9332027460368124 2.922608710500148 2.9120146749634834 2.901420639426819 2.8908266038901544 2.88023256835349 2.8696385328168255 2.859044497280143 2.8484504617434787 2.837856426206814 2.8272623906701497 2.8166683551334852 2.8060743195968207 2.7954802840601563 2.787359872395778 2.7818838205697594 2.776407768743741 2.770931716917722 2.7654556650917033 2.759979613265685 2.7545035614396567 2.749027509613638 2.743551457787619 2.7380754059616006 2.7325993541355817 2.727123302309563 2.7216472504835445 2.7161711986575257 2.710695146831507 2.705219095005488
3.0920550489531027 3.081245821025641 3.070436593098179 3.0596273651707167 3.048818137243255 3.038008909315793 3.027199681388331 3.016390453460869 3.005581225533389 2.9947719976059273 2.9839627696784654 2.973153541751003 2.9623443138235412 2.9515350858960794 2.9407258579686175 2.9299166300411557 2.919107402113694 2.908298174186232 2.89748894625877 2.886679718331308 2.8758704904038463 2.865061262476366 2.854252034548904 2.843442806621442 2.8326335786939802 2.8218243507665184 2.8110151228390565 2.8002058949115947 2.79202143077101 2.7866428984541605 2.781264366137311 2.775885833820461 2.7705073015036112 2.7651287691867616 2.7597502368699027 2.7543717045530527 2.748993172236203 2.7436146399193535 2.7382361076025035 2.732857575285654 2.7274790429688043 2.7221005106519542 2.7167219783351046 2.7113434460182546
3.1025908543560723 3.0915664340378126 3.0805420137195534 3.069517593401294 3.058493173083035 3.0474687527647752 3.036444332446516 3.025419912128257 3.014395491809979 3.0033710714917192 2.99234665117346 2.9813222308552008 2.9702978105369415 2.959273390218682 2.9482489699004226 2.9372245495821634 2.926200129263904 2.915175708945645 2.9041512886273853 2.893126868309126 2.882102447990867 2.8710780276725885 2.8600536073543292 2.84902918703607 2.8380047667178108 2.8269803463995515 2.815955926081292 2.8049315057630326 2.796682989146242 2.791401976338561 2.7861209635308803 2.7808399507231996 2.7755589379155188 2.770277925107838 2.7649969123001483 2.7597158994924675 2.7544348866847868 2.749153873877106 2.743872861069425 2.7385918482617444 2.7333108354540636 2.728029822646383 2.722748809838702 2.7174677970310213
3.1131266597590415 3.1018870470499844 3.090647434340928 3.079407821631871 3.068168208922814 3.0569285962137576 3.045688983504701 3.0344493707956444 3.023209758086568 3.0119701453775116 3.000730532668455 2.989490919959398 2.9782513072503414 2.9670116945412848 2.9557720818322277 2.944532469123171 2.9332928564141145 2.9220532437050575 2.910813630996001 2.8995740182869443 2.8883344055778872 2.8770947928688115 2.865855180159755 2.854615567450698 2.8433759547416413 2.8321363420325847 2.820896729323528 2.809657116614471 2.8013445475214738 2.796161054222962 2.7909775609244503 2.7857940676259383 2.7806105743274268 2.7754270810289148 2.770243587730394 2.7650600944318824 2.7598766011333704 2.754693107834859 2.749509614536347 2.744326121237835 2.7391426279393234 2.7339591346408114 2.7287756413423 2.723592148043788
3.12366246516202 3.1122076600621655 3.100752854962311 3.0892980498624567 3.0778432447626023 3.066388439662748 3.054933634562894 3.0434788294630395 3.0320240243631655 3.020569219263311 3.0091144141634567 2.9976596090636023 2.986204803963748 2.974749998863894 2.9632951937640395 2.951840388664185 2.9403855835643307 2.9289307784644762 2.917475973364622 2.9060211682647674 2.8945663631649134 2.8831115580650395 2.871656752965185 2.8602019478653307 2.8487471427654762 2.837292337665622 2.8258375325657674 2.8143827274659134 2.806006105896709 2.8009201321073665 2.7958341583180237 2.790748184528681 2.7856622107393383 2.7805762369499956 2.7754902631606444 2.7704042893713017 2.7653183155819585 2.760232341792616 2.755146368003273 2.7500603942139303 2.7449744204245876 2.739888446635245 2.734802472845902 2.7297164990565594
3.1341982705649896 3.122528273074338 3.110858275583686 3.099188278093034 3.0875182806023824 3.0758482831117306 3.064178285621079 3.052508288130427 3.0408382906397553 3.0291682931491035 3.0174982956584517 3.0058282981678 2.994158300677148 2.9824883031864964 2.9708183056958446 2.959148308205193 2.947478310714541 2.9358083132238892 2.9241383157332375 2.9124683182425857 2.900798320751934 2.8891283232612626 2.877458325770611 2.865788328279959 2.854118330789307 2.8424483332986554 2.8307783358080036 2.819108338317352 2.8106676642719415 2.8056792099917676 2.8006907557115936 2.79570230143142 2.7907138471512463 2.7857253928710723 2.78073693859089 2.7757484843107165 2.7707600300305426 2.7657715757503687 2.7607831214701952 2.7557946671900213 2.7508062129098474 2.7458177586296735 2.7408293043495 2.735840850069326
3.1447340759679587 3.1328488860865096 3.1209636962050604 3.1090785063236113 3.097193316442162 3.0853081265607125 3.0734229366792634 3.061537746797814 3.049652556916345 3.037767367034896 3.0258821771534468 3.013996987271997 3.002111797390548 2.990226607509099 2.9783414176276497 2.9664562277462005 2.9545710378647514 2.9426858479833022 2.930800658101853 2.918915468220404 2.9070302783389548 2.895145088457485 2.883259898576036 2.871374708694587 2.8594895188131377 2.8476043289316886 2.8357191390502394 2.8238339491687903 2.8153292226471733 2.8104382878761687 2.8055473531051636 2.800656418334159 2.7957654835631542 2.790874548792149 2.785983614021136 2.7810926792501314 2.7762017444791267 2.7713108097081216 2.766419874937117 2.7615289401661123 2.756638005395107 2.7517470706241025 2.7468561358530974 2.7419652010820927
3.1552698813709283 3.1431694990986814 3.131069116826435 3.1189687345541883 3.106868352281942 3.0947679700096953 3.0826675877374483 3.070567205465202 3.0584668231929344 3.046366440920688 3.0342660586484413 3.022165676376195 3.0100652941039483 2.9979649118317013 2.985864529559455 2.9737641472872083 2.9616637650149618 2.9495633827427152 2.9374630004704683 2.9253626181982217 2.913262235925975 2.901161853653708 2.8890614713814613 2.8769610891092148 2.8648607068369683 2.8527603245647213 2.8406599422924748 2.8285595600202282 2.8199907810224047 2.815197365760569 2.810403950498733 2.805610535236897 2.8008171199750613 2.7960237047132255 2.7912302894513816 2.7864368741895458 2.78164345892771 2.776850043665874 2.772056628404038 2.7672632131422024 2.7624697978803665 2.7576763826185307 2.752882967356695 2.748089552094859
3.165805686773898 3.1534901121108536 3.1411745374478097 3.128858962784766 3.1165433881217215 3.1042278134586776 3.0919122387956337 3.0795966641325894 3.0672810894695246 3.0549655148064803 3.0426499401434364 3.0303343654803925 3.018018790817348 3.0057032161543042 2.9933876414912604 2.981072066828216 2.968756492165172 2.9564409175021282 2.944125342839084 2.93180976817604 2.919494193512996 2.907178618849931 2.894863044186887 2.8825474695238427 2.8702318948607988 2.857916320197755 2.8456007455347105 2.8332851708716666 2.824652339397637 2.81995644364497 2.815260547892303 2.8105646521396364 2.8058687563869693 2.8011728606343027 2.7964769648816277 2.7917810691289606 2.787085173376294 2.782389277623627 2.77769338187096 2.7729974861182933 2.7683015903656263 2.7636056946129592 2.7589097988602926 2.7542139031076256
3.1741323807233215 3.1617771409632436 3.1494219012031657 3.1370666614430873 3.1247114216830094 3.112356181922931 3.100000942162853 3.0876457024027752 3.075290462642676 3.062935222882598 3.0505799831225198 3.038224743362442 3.0258695036023635 3.0135142638422856 3.0011590240822077 2.9888037843221293 2.9764485445620514 2.964093304801973 2.951738065041895 2.9393828252818173 2.927027585521739 2.91467234576164 2.902317106001562 2.889961866241484 2.8776066264814055 2.8652513867213276 2.8528961469612497 2.8405409072011714 2.8318815990898427 2.8271733254614726 2.822465051833102 2.817756778204732 2.813048504576362 2.8083402309479917 2.8036319573196136 2.798923683691243 2.794215410062873 2.7895071364345028 2.7847988628061326 2.7800905891777625 2.775382315549392 2.770674041921022 2.7659657682926517 2.7612574946642816
3.1800976738208426 3.1678903965731755 3.1556831193255084 3.1434758420778413 3.131268564830174 3.119061287582507 3.10685401033484 3.0946467330871728 3.0824394558394848 3.070232178591817 3.05802490134415 3.045817624096483 3.033610346848816 3.0214030696011487 3.0091957923534816 2.9969885151058144 2.9847812378581473 2.9725739606104797 2.9603666833628126 2.9481594061151455 2.9359521288674784 2.9237448516197904 2.9115375743721232 2.899330297124456 2.887123019876789 2.874915742629122 2.8627084653814547 2.850501188133787 2.841855569587668 2.8370174447085668 2.8321793198294656 2.827341194950365 2.8225030700712637 2.8176649451921625 2.8128268203130533 2.807988695433952 2.803150570554851 2.7983124456757498 2.7934743207966486 2.7886361959175474 2.7837980710384467 2.7789599461593455 2.7741218212802443 2.769283696401143
