Figures/CREST_Example_wjb_NSE/PETs/wjb.pet.20100222.asc
ncols            288
nrows            254
xllcorner        113.274861
yllcorner        31.4918055
cellsize         0.008333333333
NODATA_value     -9999
[rows 220 to 239 of 254, columns 132 to 175 of 288]
1.4449168503318324 1.4441048286489606 1.4432928069660886 1.4424807852832169 1.4416687636003451 1.4408567419174731 1.4400447202346014 1.4392326985517296 1.4384206768688577 1.437608655185986 1.4367966335031142 1.4359846118202408 1.435172590137369 1.434360568454497 1.4335485467716254 1.4327365250887536 1.4319245034058816 1.4311124817230099 1.430300460040138 1.4294884383572661 1.4286764166743944 1.4278643949915226 1.4270523733086506 1.426240351625779 1.4254283299429056 1.4246163082600338 1.423804286577162 1.42299226489429 1.4221802432114183 1.4213682215285466 1.4208278552447864 1.4205778947279208 1.4203279342110553 1.4200779736941898 1.4198280131773242 1.4195780526604589 1.4193280921435933 1.4190781316267274 1.4188281711098618 1.4185782105929963 1.4183282500761307 1.4180782895592652 1.4178283290423996 1.417578368525534
1.4492793189964592 1.4484636058210845 1.44764789264571 1.4468321794703354 1.4460164662949606 1.445200753119586 1.4443850399442115 1.4435693267688368 1.4427536135934622 1.4419379004180874 1.441122187242713 1.4403064740673368 1.4394907608919623 1.4386750477165877 1.437859334541213 1.4370436213658384 1.4362279081904639 1.435412195015089 1.4345964818397146 1.43378076866434 1.4329650554889652 1.4321493423135907 1.431333629138216 1.4305179159628414 1.4297022027874653 1.4288864896120907 1.4280707764367162 1.4272550632613414 1.426439350085967 1.4256236369105924 1.4250788592545778 1.424823717797719 1.42456857634086 1.4243134348840012 1.4240582934271422 1.4238031519702832 1.4235480105134244 1.423292869056565 1.4230377275997061 1.4227825861428471 1.4225274446859884 1.4222723032291293 1.4220171617722703 1.4217620203154115
1.4536417876610863 1.4528223829932088 1.4520029783253314 1.4511835736574539 1.4503641689895765 1.449544764321699 1.4487253596538217 1.447905954985944 1.4470865503180668 1.4462671456501892 1.4454477409823119 1.444628336314433 1.4438089316465557 1.442989526978678 1.4421701223108008 1.4413507176429232 1.4405313129750459 1.4397119083071683 1.438892503639291 1.4380730989714134 1.4372536943035361 1.4364342896356586 1.4356148849677812 1.4347954802999037 1.433976075632025 1.4331566709641474 1.4323372662962701 1.4315178616283926 1.4306984569605152 1.4298790522926377 1.4293298632643692 1.4290695408675167 1.4288092184706644 1.4285488960738122 1.42828857367696 1.4280282512801075 1.4277679288832552 1.4275076064864025 1.4272472840895503 1.4269869616926978 1.4267266392958455 1.4264663168989933 1.426205994502141 1.4259456721052886
1.458004256325715 1.4571811601653348 1.4563580640049545 1.4555349678445744 1.454711871684194 1.453888775523814 1.4530656793634336 1.4522425832030534 1.451419487042673 1.450596390882293 1.4497732947219126 1.448950198561531 1.4481271024011508 1.4473040062407705 1.4464809100803904 1.44565781392001 1.44483471775963 1.4440116215992496 1.4431885254388692 1.442365429278489 1.4415423331181088 1.4407192369577286 1.4398961407973483 1.4390730446369682 1.4382499484765865 1.4374268523162061 1.436603756155826 1.4357806599954457 1.4349575638350656 1.4341344676746852 1.4335808672741623 1.4333153639373166 1.433049860600471 1.4327843572636252 1.4325188539267795 1.4322533505899337 1.431987847253088 1.4317223439162419 1.4314568405793962 1.4311913372425504 1.4309258339057047 1.4306603305688592 1.4303948272320135 1.4301293238951678
1.462366724990342 1.4615399373374591 1.460713149684576 1.4598863620316929 1.45905957437881 1.4582327867259268 1.4574059990730437 1.4565792114201608 1.4557524237672776 1.4549256361143945 1.4540988484615116 1.4532720608086271 1.452445273155744 1.451618485502861 1.450791697849978 1.4499649101970948 1.449138122544212 1.4483113348913288 1.4474845472384457 1.4466577595855628 1.4458309719326796 1.4450041842797967 1.4441773966269136 1.4433506089740304 1.442523821321146 1.441697033668263 1.44087024601538 1.4400434583624968 1.439216670709614 1.4383898830567308 1.4378318712839535 1.4375611870071143 1.4372905027302754 1.4370198184534362 1.4367491341765972 1.436478449899758 1.4362077656229189 1.4359370813460794 1.4356663970692403 1.4353957127924013 1.4351250285155621 1.434854344238723 1.434583659961884 1.4343129756850448
1.466729193654969 1.465898714509583 1.4650682353641973 1.4642377562188114 1.4634072770734254 1.4625767979280397 1.4617463187826538 1.460915839637268 1.460085360491882 1.4592548813464963 1.4584244022011104 1.457593923055723 1.4567634439103372 1.4559329647649515 1.4551024856195656 1.4542720064741796 1.4534415273287937 1.452611048183408 1.451780569038022 1.4509500898926362 1.4501196107472505 1.4492891316018646 1.4484586524564786 1.4476281733110927 1.4467976941657055 1.4459672150203198 1.4451367358749339 1.444306256729548 1.4434757775841622 1.4426452984387763 1.4420828752937447 1.4418070100769123 1.4415311448600798 1.4412552796432472 1.4409794144264148 1.4407035492095823 1.44042768399275 1.4401518187759168 1.4398759535590844 1.439600088342252 1.4393242231254195 1.439048357908587 1.4387724926917544 1.438496627474922
1.4710916623195978 1.470257491681709 1.4694233210438203 1.4685891504059319 1.4677549797680431 1.4669208091301544 1.4660866384922657 1.465252467854377 1.4644182972164885 1.4635841265785998 1.462749955940711 1.461915785302821 1.4610816146649324 1.4602474440270437 1.4594132733891552 1.4585791027512665 1.4577449321133777 1.456910761475489 1.4560765908376005 1.4552424201997118 1.4544082495618231 1.4535740789239344 1.4527399082860457 1.4519057376481572 1.4510715670102672 1.4502373963723785 1.4494032257344898 1.448569055096601 1.4477348844587123 1.4469007138208239 1.4463338793035379 1.446052833146712 1.445771786989886 1.4454907408330602 1.4452096946762345 1.4449286485194086 1.4446476023625827 1.4443665562057564 1.4440855100489305 1.4438044638921046 1.4435234177352787 1.4432423715784528 1.442961325421627 1.442680279264801
1.4754541309842248 1.4746162688538333 1.4737784067234418 1.4729405445930503 1.4721026824626589 1.4712648203322674 1.4704269582018759 1.4695890960714846 1.468751233941093 1.4679133718107016 1.46707550968031 1.4662376475499173 1.4653997854195258 1.4645619232891343 1.4637240611587428 1.4628861990283513 1.4620483368979598 1.4612104747675683 1.460372612637177 1.4595347505067855 1.458696888376394 1.4578590262460025 1.457021164115611 1.4561833019852195 1.4553454398548267 1.4545075777244352 1.4536697155940437 1.4528318534636522 1.4519939913332607 1.4511561292028694 1.450584883313329 1.4502986562165099 1.4500124291196905 1.4497262020228714 1.449439974926052 1.4491537478292327 1.4488675207324135 1.4485812936355937 1.4482950665387746 1.4480088394419552 1.4477226123451359 1.4474363852483167 1.4471501581514974 1.4468639310546783
1.4798165996488517 1.4789750460259574 1.4781334924030631 1.4772919387801688 1.4764503851572748 1.4756088315343805 1.4747672779114862 1.473925724288592 1.4730841706656976 1.4722426170428033 1.471401063419909 1.4705595097970132 1.469717956174119 1.4688764025512246 1.4680348489283304 1.467193295305436 1.4663517416825418 1.4655101880596475 1.4646686344367534 1.4638270808138591 1.4629855271909649 1.4621439735680706 1.4613024199451763 1.460460866322282 1.4596193126993862 1.4587777590764919 1.4579362054535976 1.4570946518307033 1.456253098207809 1.4554115445849147 1.4548358873231204 1.4545444792863076 1.454253071249495 1.4539616632126824 1.4536702551758698 1.4533788471390572 1.4530874391022444 1.4527960310654313 1.4525046230286187 1.452213214991806 1.4519218069549933 1.4516303989181807 1.451338990881368 1.4510475828445555
1.4841790683134786 1.4833338231980815 1.4824885780826844 1.4816433329672873 1.4807980878518903 1.4799528427364932 1.4791075976210961 1.478262352505699 1.477417107390302 1.476571862274905 1.4757266171595078 1.4748813720441094 1.4740361269287123 1.4731908818133153 1.4723456366979182 1.471500391582521 1.470655146467124 1.469809901351727 1.4689646562363299 1.4681194111209328 1.4672741660055357 1.4664289208901387 1.4655836757747416 1.4647384306593445 1.4638931855439459 1.4630479404285488 1.4622026953131517 1.4613574501977546 1.4605122050823576 1.4596669599669605 1.4590868913329118 1.4587903023561057 1.4584937133792997 1.4581971244024936 1.4579005354256875 1.4576039464488815 1.4573073574720754 1.457010768495269 1.4567141795184628 1.4564175905416568 1.4561210015648507 1.4558244125880448 1.4555278236112388 1.4552312346344327
1.4885415369781076 1.4876926003702078 1.486843663762308 1.485994727154408 1.485145790546508 1.484296853938608 1.4834479173307082 1.4825989807228084 1.4817500441149085 1.4809011075070087 1.4800521708991088 1.4792032342912074 1.4783542976833075 1.4775053610754076 1.4766564244675078 1.4758074878596077 1.4749585512517078 1.474109614643808 1.473260678035908 1.4724117414280082 1.4715628048201084 1.4707138682122085 1.4698649316043086 1.4690159949964086 1.4681670583885074 1.4673181217806075 1.4664691851727074 1.4656202485648075 1.4647713119569077 1.4639223753490078 1.4633378953427048 1.4630361254259052 1.462734355509106 1.4624325855923064 1.462130815675507 1.4618290457587075 1.4615272758419082 1.4612255059251082 1.4609237360083087 1.4606219660915094 1.4603201961747099 1.4600184262579106 1.459716656341111 1.4594148864243117
1.4929040056427345 1.4920513775423319 1.491198749441929 1.4903461213415263 1.4894934932411237 1.488640865140721 1.4877882370403184 1.4869356089399157 1.4860829808395128 1.4852303527391102 1.4843777246387075 1.4835250965383033 1.4826724684379007 1.481819840337498 1.4809672122370954 1.4801145841366927 1.47926195603629 1.4784093279358872 1.4775566998354845 1.476704071735082 1.4758514436346792 1.4749988155342766 1.474146187433874 1.473293559333471 1.472440931233067 1.4715883031326644 1.4707356750322615 1.469883046931859 1.4690304188314562 1.4681777907310536 1.4675888993524961 1.4672819484957034 1.4669749976389106 1.4666680467821176 1.4663610959253248 1.466054145068532 1.4657471942117393 1.4654402433549458 1.465133292498153 1.4648263416413603 1.4645193907845673 1.4642124399277745 1.4639054890709817 1.463598538214189
1.4972664743073616 1.496410154714456 1.4955538351215505 1.494697515528645 1.4938411959357396 1.492984876342834 1.4921285567499285 1.491272237157023 1.4904159175641174 1.489559597971212 1.4887032783783065 1.4878469587853995 1.486990639192494 1.4861343195995886 1.485278000006683 1.4844216804137775 1.483565360820872 1.4827090412279667 1.481852721635061 1.4809964020421555 1.48014008244925 1.4792837628563444 1.478427443263439 1.4775711236705336 1.4767148040776266 1.4758584844847211 1.4750021648918157 1.47414584529891 1.4732895257060046 1.4724332061130991 1.4718399033622873 1.471527771565501 1.4712156397687148 1.4709035079719288 1.4705913761751426 1.4702792443783563 1.46996711258157 1.4696549807847834 1.4693428489879972 1.469030717191211 1.4687185853944247 1.4684064535976384 1.4680943218008524 1.4677821900040662
1.5016289429719902 1.500768931886582 1.4999089208011738 1.4990489097157653 1.498188898630357 1.4973288875449489 1.4964688764595404 1.4956088653741322 1.494748854288724 1.4938888432033155 1.4930288321179073 1.4921688210324975 1.4913088099470893 1.4904487988616808 1.4895887877762726 1.4887287766908643 1.487868765605456 1.4870087545200477 1.4861487434346394 1.4852887323492312 1.4844287212638227 1.4835687101784145 1.4827086990930063 1.4818486880075978 1.480988676922188 1.4801286658367798 1.4792686547513716 1.4784086436659631 1.477548632580555 1.4766886214951467 1.4760909073720805 1.475773594635301 1.4754562818985213 1.4751389691617418 1.474821656424962 1.4745043436881826 1.474187030951403 1.4738697182146228 1.473552405477843 1.4732350927410636 1.4729177800042839 1.4726004672675044 1.4722831545307247 1.4719658417939452
1.5059914116366173 1.5051277090587063 1.504264006480795 1.503400303902884 1.5025366013249728 1.5016728987470618 1.5008091961691508 1.4999454935912395 1.4990817910133285 1.4982180884354173 1.4973543858575062 1.4964906832795937 1.4956269807016824 1.4947632781237714 1.4938995755458604 1.4930358729679492 1.4921721703900381 1.491308467812127 1.4904447652342159 1.4895810626563046 1.4887173600783936 1.4878536575004824 1.4869899549225714 1.4861262523446603 1.4852625497667478 1.4843988471888365 1.4835351446109255 1.4826714420330143 1.4818077394551032 1.480944036877192 1.4803419113818717 1.4800194177050987 1.4796969240283258 1.4793744303515528 1.4790519366747799 1.478729442998007 1.4784069493212337 1.4780844556444603 1.4777619619676874 1.4774394682909142 1.4771169746141413 1.4767944809373683 1.4764719872605954 1.4761494935838224
1.5103538803012442 1.5094864862308301 1.5086190921604163 1.5077516980900025 1.5068843040195885 1.5060169099491747 1.5051495158787607 1.5042821218083469 1.5034147277379328 1.502547333667519 1.501679939597105 1.5008125455266896 1.4999451514562756 1.4990777573858618 1.4982103633154478 1.497342969245034 1.49647557517462 1.4956081811042061 1.494740787033792 1.4938733929633783 1.4930059988929643 1.4921386048225505 1.4912712107521364 1.4904038166817226 1.4895364226113073 1.4886690285408932 1.4878016344704794 1.4869342404000654 1.4860668463296516 1.4851994522592376 1.484592915391663 1.4842652407748966 1.4839375661581302 1.4836098915413638 1.4832822169245974 1.482954542307831 1.4826268676910648 1.4822991930742977 1.4819715184575313 1.481643843840765 1.4813161692239987 1.4809884946072323 1.4806608199904658 1.4803331453736994
1.514716348965873 1.5138452634029562 1.5129741778400396 1.5121030922771228 1.5112320067142062 1.5103609211512894 1.5094898355883726 1.508618750025456 1.5077476644625392 1.5068765788996226 1.5060054933367057 1.5051344077737876 1.5042633222108708 1.5033922366479542 1.5025211510850374 1.5016500655221208 1.500778979959204 1.4999078943962874 1.4990368088333705 1.4981657232704537 1.4972946377075371 1.4964235521446203 1.4955524665817037 1.494681381018787 1.4938102954558687 1.492939209892952 1.4920681243300353 1.4911970387671185 1.490325953204202 1.489454867641285 1.4888439194014562 1.4885110638446963 1.4881782082879367 1.4878453527311768 -9999.0 -9999.0 -9999.0 -9999.0 -9999.0 1.4858482193906177 1.4855153638338578 1.4851825082770982 1.4848496527203383 1.4845167971635786
1.5190788176305001 1.5182040405750805 1.517329263519661 1.5164544864642415 1.515579709408822 1.5147049323534023 1.513830155297983 1.5129553782425633 1.5120806011871437 1.5112058241317243 1.5103310470763047 1.5094562700208838 1.5085814929654642 1.5077067159100446 1.5068319388546252 1.5059571617992056 1.505082384743786 1.5042076076883666 1.503332830632947 1.5024580535775274 1.501583276522108 1.5007084994666884 1.4998337224112688 1.4989589453558494 1.4980841683004282 1.4972093912450088 1.4963346141895892 1.4954598371341696 1.4945850600787502 1.4937102830233306 1.4930949234112474 1.4927568869144943 1.4924188504177411 -9999.0 -9999.0 -9999.0 -9999.0 -9999.0 -9999.0 1.4900525949404684 1.4897145584437153 1.4893765219469621 1.4890384854502088 1.4887004489534557
1.523284726762207 1.5224194726107951 1.5215542184593833 1.5206889643079715 1.5198237101565597 1.518958456005148 1.518093201853736 1.5172279477023243 1.5163626935509125 1.5154974393995007 1.5146321852480888 1.5137669310966755 1.5129016769452637 1.512036422793852 1.5111711686424403 1.5103059144910285 1.5094406603396167 1.5085754061882048 1.507710152036793 1.5068448978853812 1.5059796437339694 1.5051143895825576 1.5042491354311458 1.503383881279734 1.5025186271283206 1.5016533729769088 1.5007881188254972 1.4999228646740854 1.4990576105226736 1.4981923563712618 1.4975883191394128 1.4972635287036868 -9999.0 -9999.0 -9999.0 -9999.0 -9999.0 -9999.0 -9999.0 -9999.0 1.4943404147821537 1.494015624346428 1.493690833910702 -9999.0
1.5273232836200055 1.5264816777296661 1.5256400718393268 1.5247984659489875 1.5239568600586482 1.5231152541683088 1.5222736482779695 1.5214320423876302 1.5205904364972909 1.5197488306069515 1.5189072247166122 1.5180656188262716 1.5172240129359322 1.5163824070455927 1.5155408011552534 1.514699195264914 1.5138575893745747 1.5130159834842354 1.512174377593896 1.5113327717035567 1.5104911658132174 1.509649559922878 1.5088079540325388 1.5079663481421994 1.5071247422518588 1.5062831363615194 1.5054415304711801 1.5045999245808408 1.5037583186905015 1.5029167128001621 1.5023408163383765 -9999.0 -9999.0 -9999.0 -9999.0 -9999.0 -9999.0 -9999.0 -9999.0 -9999.0 -9999.0 -9999.0 -9999.0 -9999.0
