Figures/CREST_Example_wjb_NSE/PETs/wjb.pet.20101113.asc
ncols            288
nrows            254
xllcorner        113.274861
yllcorner        31.4918055
cellsize         0.008333333333
NODATA_value     -9999
[rows 80 to 99 of 254, columns 88 to 131 of 288]
1.0954035153449315 1.096970762638333 1.0985380099317341 1.1001052572251382 1.1016725045185394 1.1032397518119406 1.104806999105342 1.1063742463987432 1.1079414936921446 1.1095087409855457 1.111075988278947 1.1126432355723483 1.1142104828657495 1.115777730159151 1.1168043421179992 1.1172530026797978 1.1177016632415973 1.118150323803396 1.1185989843651947 1.1190476449269935 1.119496305488792 1.119944966050591 1.1203936266123895 1.1208422871741883 1.121290947735987 1.1217396082977857 1.1221882688595843 1.1226369294213832 1.1230855899831818 1.1235342505449812 1.12398291110678 1.1244315716685787 1.1248802322303775 1.125328892792176 1.125777553353975 1.1262262139157735 1.1266748744775723 1.127123535039371 1.1275721956011697 1.1280208561629683 1.1284695167247671 1.1289181772865657 1.1293668378483652 1.129815498410164
1.0968047973626125 1.0983708166884067 1.0999368360142012 1.1015028553399984 1.1030688746657928 1.1046348939915873 1.1062009133173818 1.107766932643176 1.1093329519689705 1.110898971294765 1.1124649906205595 1.114031009946354 1.1155970292721484 1.1171630485979427 1.118222674261321 1.1187409536494093 1.1192592330374986 1.1197775124255869 1.1202957918136751 1.1208140712017636 1.1213323505898518 1.1218506299779403 1.1223689093660285 1.1228871887541167 1.1234054681422052 1.1239237475302934 1.1244420269183817 1.1249603063064701 1.1254785856945584 1.1259968650826475 1.126515144470736 1.1270334238588242 1.1275517032469127 1.128069982635001 1.1285882620230892 1.1291065414111776 1.1296248207992658 1.130143100187354 1.1306613795754425 1.1311796589635308 1.131697938351619 1.1322162177397075 1.1327344971277966 1.133252776515885
1.0982060793802932 1.0997708707384808 1.1013356620966683 1.1029004534548588 1.1044652448130463 1.1060300361712339 1.1075948275294216 1.1091596188876092 1.1107244102457967 1.1122892016039843 1.1138539929621718 1.1154187843203596 1.1169835756785471 1.1185483670367347 1.1196410064046431 1.120228904619021 1.1208168028334 1.121404701047778 1.1219925992621558 1.1225804974765337 1.1231683956909118 1.1237562939052896 1.1243441921196675 1.1249320903340454 1.1255199885484235 1.1261078867628014 1.1266957849771793 1.1272836831915571 1.1278715814059352 1.128459479620314 1.1290473778346921 1.12963527604907 1.1302231742634479 1.1308110724778258 1.1313989706922039 1.1319868689065817 1.1325747671209596 1.1331626653353375 1.1337505635497154 1.1343384617640935 1.1349263599784714 1.1355142581928492 1.1361021564072282 1.136690054621606
1.099607361397974 1.1011709247885548 1.1027344881791357 1.104298051569719 1.1058616149602998 1.1074251783508806 1.1089887417414612 1.110552305132042 1.112115868522623 1.1136794319132035 1.1152429953037843 1.1168065586943652 1.1183701220849458 1.1199336854755266 1.121059338547965 1.1217168555886325 1.1223743726293012 1.123031889669969 1.1236894067106364 1.124346923751304 1.1250044407919715 1.125661957832639 1.1263194748733065 1.126976991913974 1.1276345089546416 1.1282920259953093 1.1289495430359768 1.1296070600766444 1.1302645771173119 1.1309220941579805 1.131579611198648 1.1322371282393155 1.132894645279983 1.1335521623206508 1.1342096793613183 1.1348671964019859 1.1355247134426534 1.136182230483321 1.1368397475239884 1.137497264564656 1.1381547816053237 1.1388122986459912 1.1394698156866598 1.1401273327273274
1.1010086434156547 1.1025709788386286 1.1041333142616025 1.1056956496845793 1.1072579851075532 1.1088203205305271 1.110382655953501 1.111944991376475 1.1135073267994489 1.1150696622224228 1.1166319976453967 1.1181943330683708 1.1197566684913447 1.1213190039143186 1.1224776706912871 1.1232048065582443 1.1239319424252026 1.1246590782921597 1.1253862141591169 1.126113350026074 1.1268404858930312 1.1275676217599884 1.1282947576269455 1.1290218934939027 1.1297490293608599 1.130476165227817 1.1312033010947742 1.1319304369617313 1.1326575728286885 1.1333847086956468 1.134111844562604 1.134838980429561 1.1355661162965183 1.1362932521634754 1.1370203880304326 1.1377475238973898 1.138474659764347 1.139201795631304 1.1399289314982612 1.1406560673652184 1.1413832032321756 1.1421103390991327 1.1428374749660912 1.1435646108330484
1.1024099254333368 1.1039710328887038 1.105532140344071 1.1070932477994406 1.1086543552548078 1.1102154627101748 1.111776570165542 1.1133376776209092 1.1148987850762762 1.1164598925316433 1.1180209999870103 1.1195821074423775 1.1211432148977445 1.1227043223531117 1.12389600283461 1.124692757527857 1.1254895122211053 1.126286266914352 1.1270830216075989 1.1278797763008457 1.1286765309940925 1.1294732856873393 1.130270040380586 1.131066795073833 1.13186354976708 1.1326603044603267 1.1334570591535735 1.1342538138468203 1.1350505685400671 1.1358473232333153 1.1366440779265623 1.137440832619809 1.138237587313056 1.1390343420063027 1.1398310966995495 1.1406278513927963 1.1414246060860431 1.14222136077929 1.143018115472537 1.1438148701657838 1.1446116248590306 1.1454083795522774 1.1462051342455255 1.1470018889387723
1.1038112074510176 1.1053710869387778 1.106930966426538 1.108490845914301 1.1100507254020613 1.1116106048898216 1.1131704843775818 1.114730363865342 1.1162902433531023 1.1178501228408626 1.1194100023286229 1.1209698818163831 1.1225297613041434 1.1240896407919034 1.1253143349779322 1.1261807084974687 1.1270470820170064 1.1279134555365429 1.1287798290560793 1.1296462025756158 1.1305125760951522 1.1313789496146887 1.132245323134225 1.1331116966537615 1.133978070173298 1.1348444436928347 1.135710817212371 1.1365771907319075 1.137443564251444 1.1383099377709818 1.1391763112905182 1.1400426848100547 1.140909058329591 1.1417754318491276 1.142641805368664 1.1435081788882004 1.144374552407737 1.1452409259272733 1.1461072994468098 1.1469736729663462 1.1478400464858827 1.1487064200054191 1.1495727935249571 1.1504391670444936
1.1052124894686985 1.1067711409888519 1.1083297925090052 1.1098884440291614 1.1114470955493148 1.113005747069468 1.1145643985896216 1.116123050109775 1.1176817016299283 1.1192403531500819 1.1207990046702352 1.1223576561903887 1.123916307710542 1.1254749592306954 1.126732667121254 1.1276686594670802 1.1286046518129078 1.129540644158734 1.13047663650456 1.131412628850386 1.1323486211962122 1.133284613542038 1.134220605887864 1.1351565982336902 1.1360925905795163 1.1370285829253424 1.1379645752711685 1.1389005676169945 1.1398365599628204 1.1407725523086483 1.1417085446544741 1.1426445370003002 1.1435805293461263 1.1445165216919524 1.1454525140377785 1.1463885063836046 1.1473244987294307 1.1482604910752565 1.1491964834210826 1.1501324757669087 1.1510684681127348 1.1520044604585609 1.1529404528043885 1.1538764451502146
1.1063859659153061 1.107953631969866 1.1095212980244258 1.1110889640789883 1.1126566301335483 1.1142242961881081 1.115791962242668 1.1173596282972278 1.1189272943517876 1.1204949604063477 1.1220626264609075 1.1236302925154673 1.1251979585700271 1.126765624624587 1.1280410940040095 1.1290041985307937 1.1299673030575794 1.1309304075843636 1.1318935121111477 1.1328566166379317 1.1338197211647159 1.1347828256915 1.1357459302182842 1.1367090347450681 1.1376721392718523 1.1386352437986365 1.1395983483254206 1.1405614528522046 1.1415245573789887 1.1424876619057744 1.1434507664325586 1.1444138709593428 1.1453769754861267 1.1463400800129109 1.147303184539695 1.1482662890664792 1.1492293935932631 1.1501924981200473 1.1511556026468315 1.1521187071736154 1.1530818117003996 1.1540449162271837 1.1550080207539695 1.1559711252807536
1.1073159325691768 1.1089035617470235 1.1104911909248705 1.11207882010272 1.1136664492805668 1.1152540784584137 1.1168417076362605 1.1184293368141074 1.120016965991954 1.121604595169801 1.1231922243476478 1.1247798535254947 1.1263674827033414 1.1279551118811884 1.129232039092553 1.130176818876405 1.1311215986602583 1.1320663784441103 1.133011158227962 1.1339559380118138 1.1349007177956658 1.1358454975795176 1.1367902773633694 1.1377350571472213 1.138679836931073 1.1396246167149249 1.1405693964987769 1.1415141762826286 1.1424589560664804 1.143403735850334 1.1443485156341857 1.1452932954180377 1.1462380752018895 1.1471828549857412 1.1481276347695932 1.149072414553445 1.1500171943372968 1.1509619741211488 1.1519067539050005 1.1528515336888523 1.1537963134727043 1.154741093256556 1.1556858730404096 1.1566306528242614
1.1082458992230475 1.1098534915241813 1.1114610838253152 1.1130686761264517 1.1146762684275855 1.1162838607287193 1.1178914530298532 1.1194990453309868 1.1211066376321206 1.1227142299332544 1.1243218222343883 1.125929414535522 1.1275370068366557 1.1291445991377895 1.1304229841810964 1.131349439222016 1.1322758942629372 1.1332023493038568 1.1341288043447764 1.135055259385696 1.1359817144266156 1.1369081694675351 1.1378346245084547 1.1387610795493743 1.139687534590294 1.1406139896312135 1.1415404446721331 1.1424668997130527 1.1433933547539723 1.1443198097948934 1.145246264835813 1.1461727198767326 1.1470991749176522 1.1480256299585716 1.1489520849994912 1.1498785400404108 1.1508049950813304 1.15173145012225 1.1526579051631696 1.1535843602040892 1.1545108152450088 1.1554372702859284 1.1563637253268495 1.157290180367769
1.1091758658769182 1.110803421301339 1.1124309767257596 1.1140585321501832 1.115686087574604 1.1173136429990247 1.1189411984234454 1.1205687538478661 1.1221963092722869 1.1238238646967076 1.1254514201211283 1.1270789755455493 1.12870653096997 1.1303340863943907 1.1316139292696397 1.132522059567627 1.1334301898656158 1.1343383201636033 1.1352464504615905 1.1361545807595779 1.1370627110575653 1.1379708413555525 1.13887897165354 1.139787101951527 1.1406952322495145 1.141603362547502 1.1425114928454891 1.1434196231434766 1.1443277534414638 1.1452358837394527 1.1461440140374402 1.1470521443354273 1.1479602746334148 1.148868404931402 1.1497765352293894 1.1506846655273768 1.151592795825364 1.1525009261233514 1.1534090564213386 1.154317186719326 1.1552253170173135 1.1561334473153007 1.1570415776132896 1.1579497079112768
1.1101058325307898 1.1117533510784974 1.1134008696262052 1.1150483881739157 1.1166959067216236 1.1183434252693312 1.119990943817039 1.1216384623647466 1.1232859809124545 1.124933499460162 1.12658101800787 1.1282285365555775 1.1298760551032854 1.131523573650993 1.1328048743581842 1.1336946799132392 1.1345844854682958 1.1354742910233508 1.1363640965784059 1.137253902133461 1.1381437076885161 1.1390335132435712 1.1399233187986262 1.1408131243536812 1.1417029299087362 1.1425927354637913 1.1434825410188463 1.1443723465739015 1.1452621521289565 1.1461519576840131 1.1470417632390681 1.1479315687941232 1.1488213743491782 1.1497111799042332 1.1506009854592882 1.1514907910143435 1.1523805965693985 1.1532704021244535 1.1541602076795086 1.1550500132345636 1.1559398187896186 1.1568296243446736 1.1577194298997302 1.1586092354547854
1.1110357991846607 1.1127032808556552 1.11437076252665 1.1160382441976475 1.117705725868642 1.1193732075396368 1.1210406892106315 1.1227081708816262 1.124375652552621 1.1260431342236155 1.1277106158946102 1.129378097565605 1.1310455792365997 1.1327130609075944 1.1339958194467277 1.1348673002588503 1.1357387810709747 1.1366102618830976 1.1374817426952202 1.138353223507343 1.1392247043194659 1.1400961851315887 1.1409676659437114 1.1418391467558342 1.142710627567957 1.14358210838008 1.1444535891922025 1.1453250700043254 1.1461965508164482 1.1470680316285724 1.1479395124406953 1.148810993252818 1.149682474064941 1.1505539548770636 1.1514254356891864 1.1522969165013093 1.1531683973134321 1.154039878125555 1.1549113589376776 1.1557828397498005 1.1566543205619233 1.1575258013740461 1.1583972821861703 1.1592687629982932
1.1119657658385311 1.1136532106328128 1.1153406554270944 1.1170281002213789 1.1187155450156605 1.1204029898099421 1.1220904346042238 1.1237778793985056 1.1254653241927872 1.1271527689870688 1.1288402137813505 1.130527658575632 1.1322151033699137 1.1339025481641953 1.135186764535271 1.1360399206044614 1.1368930766736534 1.1377462327428438 1.1385993888120345 1.139452544881225 1.1403057009504156 1.141158857019606 1.1420120130887965 1.1428651691579872 1.1437183252271776 1.1445714812963683 1.1454246373655588 1.1462777934347492 1.14713094950394 1.147984105573132 1.1488372616423224 1.149690417711513 1.1505435737807035 1.151396729849894 1.1522498859190846 1.153103041988275 1.1539561980574657 1.1548093541266562 1.1556625101958466 1.1565156662650373 1.1573688223342278 1.1582219784034185 1.1590751344726105 1.159928290541801
1.112895732492402 1.1146031404099705 1.116310548327539 1.1180179562451107 1.1197253641626792 1.121432772080248 1.1231401799978165 1.124847587915385 1.1265549958329537 1.1282624037505222 1.1299698116680907 1.1316772195856595 1.133384627503228 1.1350920354207967 1.1363777096238141 1.1372125409500724 1.1380473722763322 1.1388822036025905 1.1397170349288488 1.140551866255107 1.1413866975813654 1.1422215289076236 1.143056360233882 1.1438911915601402 1.1447260228863985 1.1455608542126567 1.146395685538915 1.1472305168651733 1.1480653481914316 1.1489001795176914 1.1497350108439497 1.150569842170208 1.1514046734964662 1.1522395048227245 1.1530743361489828 1.153909167475241 1.1547439988014994 1.1555788301277576 1.156413661454016 1.1572484927802742 1.1580833241065325 1.1589181554327908 1.1597529867590504 1.1605878180853086
1.1138256991462727 1.1155530701871283 1.1172804412279838 1.1190078122688423 1.120735183309698 1.1224625543505535 1.124189925391409 1.1259172964322646 1.1276446674731202 1.1293720385139756 1.1310994095548312 1.1328267805956869 1.1345541516365423 1.136281522677398 1.1375686547123576 1.1383851612956837 1.1392016678790111 1.1400181744623372 1.140834681045663 1.1416511876289892 1.1424676942123153 1.1432842007956412 1.1441007073789673 1.1449172139622934 1.1457337205456193 1.1465502271289454 1.1473667337122715 1.1481832402955974 1.1489997468789235 1.149816253462251 1.1506327600455768 1.151449266628903 1.152265773212229 1.1530822797955549 1.153898786378881 1.154715292962207 1.155531799545533 1.156348306128859 1.1571648127121852 1.157981319295511 1.1587978258788372 1.1596143324621633 1.1604308390454907 1.1612473456288166
1.1147556658001434 1.116502999964286 1.1182503341284284 1.119997668292574 1.1217450024567166 1.1234923366208591 1.1252396707850016 1.1269870049491442 1.1287343391132867 1.130481673277429 1.1322290074415715 1.133976341605714 1.1357236757698566 1.137471009933999 1.138759599800901 1.1395577816412947 1.14035596348169 1.1411541453220837 1.1419523271624774 1.1427505090028713 1.143548690843265 1.1443468726836588 1.1451450545240527 1.1459432363644464 1.14674141820484 1.1475396000452338 1.1483377818856277 1.1491359637260214 1.1499341455664152 1.1507323274068104 1.1515305092472041 1.1523286910875978 1.1531268729279915 1.1539250547683855 1.1547232366087792 1.1555214184491729 1.1563196002895666 1.1571177821299605 1.1579159639703542 1.158714145810748 1.1595123276511419 1.1603105094915356 1.1611086913319306 1.1619068731723246
1.115685632454015 1.1174529297414444 1.1192202270288738 1.1209875243163063 1.122754821603736 1.1245221188911654 1.1262894161785948 1.1280567134660244 1.1298240107534538 1.1315913080408835 1.133358605328313 1.1351259026157423 1.136893199903172 1.1386604971906014 1.1399505448894454 1.140730401986907 1.1415102590843698 1.142290116181831 1.1430699732792926 1.1438498303767541 1.1446296874742157 1.1454095445716772 1.1461894016691387 1.1469692587666 1.1477491158640616 1.1485289729615231 1.1493088300589847 1.1500886871564462 1.1508685442539077 1.1516484013513704 1.152428258448832 1.1532081155462934 1.153987972643755 1.1547678297412165 1.1555476868386778 1.1563275439361393 1.1571074010336009 1.1578872581310624 1.158667115228524 1.1594469723259853 1.1602268294234468 1.1610066865209083 1.1617865436183712 1.1625664007158327
1.1166155991078857 1.1184028595186022 1.1201901199293187 1.1219773803400381 1.1237646407507547 1.125551901161471 1.1273391615721875 1.129126421982904 1.1309136823936203 1.1327009428043369 1.1344882032150532 1.1362754636257697 1.1380627240364862 1.1398499844472025 1.1411414899779888 1.141903022332518 1.1426645546870486 1.1434260870415778 1.1441876193961071 1.1449491517506363 1.1457106841051656 1.1464722164596948 1.147233748814224 1.1479952811687533 1.1487568135232824 1.1495183458778118 1.150279878232341 1.1510414105868703 1.1518029429413994 1.15256447529593 1.1533260076504592 1.1540875400049886 1.1548490723595177 1.1556106047140469 1.1563721370685762 1.1571336694231054 1.1578952017776347 1.1586567341321639 1.1594182664866932 1.1601797988412224 1.1609413311957517 1.1617028635502809 1.1624643959048113 1.1632259282593407
