Figures/CREST_Example_wjb_NSE/PETs/wjb.pet.20100127.asc
ncols            288
nrows            254
xllcorner        113.274861
yllcorner        31.4918055
cellsize         0.008333333333
NODATA_value     -9999
[rows 60 to 79 of 254, columns 176 to 219 of 288]
0.9623631076581651 0.9617756688583042 0.9611882300584432 0.9606007912585823 0.9600133524587214 0.9594259136588604 0.9588384748589985 0.9582510360591376 0.9576635972592766 0.9570761584594157 0.9564887196595548 0.9559012808596938 0.9553138420598329 0.954726403259972 0.954138964460111 0.9535515256602501 0.953062169950309 0.9526776672827797 0.9522931646152505 0.9519086619477205 0.9515241592801913 0.951139656612662 0.9507551539451328 0.9503706512776035 0.9499861486100741 0.9496016459425449 0.9492171432750156 0.9488326406074864 0.9484481379399571 0.9480636352724279 0.9476791326048986 0.9472946299373692 0.9469101272698394 0.94652562460231 -9999.0 -9999.0 -9999.0 -9999.0 -9999.0 -9999.0 -9999.0 -9999.0 -9999.0 -9999.0
0.9628707668143849 0.9623056076993445 0.9617404485843041 0.9611752894692637 0.9606101303542233 0.9600449712391829 0.9594798121241416 0.9589146530091012 0.9583494938940608 0.9577843347790204 0.95721917566398 0.9566540165489396 0.9560888574338992 0.9555236983188587 0.9549585392038185 0.954393380088778 0.9539102748023571 0.9535148869153304 -9999.0 -9999.0 -9999.0 0.9519333353672227 0.9515379474801959 0.9511425595931691 0.9507471717061423 0.9503517838191156 0.9499563959320888 0.949561008045062 0.9491656201580353 0.9487702322710085 0.9483748443839818 0.947979456496955 -9999.0 -9999.0 -9999.0 -9999.0 -9999.0 -9999.0 -9999.0 -9999.0 -9999.0 -9999.0 -9999.0 -9999.0
0.9633784259706046 0.9628355465403848 0.9622926671101649 0.9617497876799451 0.9612069082497252 0.9606640288195054 0.9601211493892846 0.9595782699590648 0.9590353905288449 0.9584925110986251 0.9579496316684052 0.9574067522381854 0.9568638728079655 0.9563209933777457 0.9557781139475259 0.955235234517306 0.9547583796544055 0.9543521065478812 -9999.0 -9999.0 -9999.0 0.9527270141217834 0.9523207410152591 0.9519144679087349 0.9515081948022106 0.9511019216956863 0.9506956485891621 -9999.0 -9999.0 -9999.0 -9999.0 -9999.0 -9999.0 -9999.0 -9999.0 -9999.0 -9999.0 -9999.0 -9999.0 -9999.0 -9999.0 -9999.0 -9999.0 -9999.0
0.9638860851268244 0.9633654853814251 0.9628448856360258 0.9623242858906265 0.9618036861452272 0.9612830863998278 0.9607624866544276 0.9602418869090283 0.959721287163629 0.9592006874182297 0.9586800876728304 0.9581594879274311 0.9576388881820318 0.9571182884366325 0.9565976886912332 0.9560770889458339 0.9556064845064536 0.9551893261804318 -9999.0 -9999.0 -9999.0 -9999.0 -9999.0 -9999.0 -9999.0 -9999.0 -9999.0 -9999.0 -9999.0 -9999.0 -9999.0 -9999.0 -9999.0 -9999.0 -9999.0 -9999.0 -9999.0 -9999.0 -9999.0 -9999.0 -9999.0 -9999.0 -9999.0 -9999.0
0.9643937442830441 0.9638954242224653 0.9633971041618866 0.9628987841013078 0.9624004640407291 0.9619021439801503 0.9614038239195707 0.960905503858992 0.9604071837984132 0.9599088637378345 0.9594105436772556 0.9589122236166768 0.9584139035560981 0.9579155834955193 0.9574172634349406 0.9569189433743618 0.9564545893585018 0.9560265458129825 -9999.0 -9999.0 -9999.0 -9999.0 -9999.0 -9999.0 -9999.0 -9999.0 -9999.0 -9999.0 -9999.0 -9999.0 -9999.0 -9999.0 -9999.0 -9999.0 -9999.0 -9999.0 -9999.0 -9999.0 -9999.0 -9999.0 -9999.0 -9999.0 -9999.0 -9999.0
0.9649014034392639 0.9644253630635057 0.9639493226877475 0.9634732823119893 0.962997241936231 0.9625212015604727 0.9620451611847137 0.9615691208089555 0.9610930804331973 0.9606170400574391 0.9601409996816808 0.9596649593059225 0.9591889189301643 0.9587128785544061 0.9582368381786479 0.9577607978028897 0.9573026942105499 0.9568637654455332 0.9564248366805165 -9999.0 -9999.0 -9999.0 -9999.0 -9999.0 -9999.0 -9999.0 -9999.0 -9999.0 -9999.0 -9999.0 -9999.0 -9999.0 -9999.0 -9999.0 -9999.0 -9999.0 -9999.0 -9999.0 -9999.0 -9999.0 -9999.0 -9999.0 -9999.0 -9999.0
0.9654090625954841 0.9649553019045464 0.9645015412136088 0.964047780522671 0.9635940198317334 0.9631402591407957 0.9626864984498573 0.9622327377589196 0.961778977067982 0.9613252163770443 0.9608714556861067 0.9604176949951689 0.9599639343042313 0.9595101736132936 0.959056412922356 0.9586026522314183 0.9581507990625989 0.9577009850780847 0.9572511710935704 -9999.0 -9999.0 -9999.0 -9999.0 -9999.0 -9999.0 -9999.0 -9999.0 -9999.0 -9999.0 -9999.0 -9999.0 -9999.0 -9999.0 -9999.0 -9999.0 -9999.0 -9999.0 -9999.0 -9999.0 -9999.0 -9999.0 -9999.0 -9999.0 -9999.0
0.9659167217517038 0.9654852407455867 0.9650537597394696 0.9646222787333525 0.9641907977272354 0.9637593167211183 0.9633278357150004 0.9628963547088832 0.9624648737027661 0.962033392696649 0.9616019116905319 0.9611704306844148 0.9607389496782976 0.9603074686721805 0.9598759876660634 0.9594445066599463 0.9589989039146471 0.9585382047106353 0.9580775055066236 0.957616806302611 -9999.0 -9999.0 -9999.0 -9999.0 -9999.0 -9999.0 -9999.0 -9999.0 -9999.0 -9999.0 -9999.0 -9999.0 -9999.0 -9999.0 -9999.0 -9999.0 -9999.0 -9999.0 -9999.0 -9999.0 -9999.0 -9999.0 -9999.0 -9999.0
0.9664243809079236 0.9660151795866271 0.9656059782653305 0.9651967769440338 0.9647875756227373 0.9643783743014407 0.9639691729801434 0.9635599716588469 0.9631507703375503 0.9627415690162536 0.9623323676949571 0.9619231663736605 0.9615139650523639 0.9611047637310673 0.9606955624097707 0.9602863610884741 0.9598470087666953 0.959375424343186 0.9589038399196768 -9999.0 -9999.0 -9999.0 -9999.0 -9999.0 -9999.0 -9999.0 -9999.0 -9999.0 -9999.0 -9999.0 -9999.0 -9999.0 -9999.0 -9999.0 -9999.0 -9999.0 -9999.0 -9999.0 -9999.0 -9999.0 -9999.0 -9999.0 -9999.0 -9999.0
0.9669320400641433 0.9665451184276673 0.9661581967911913 0.9657712751547152 0.9653843535182391 0.9649974318817631 0.9646105102452864 0.9642235886088104 0.9638366669723343 0.9634497453358583 0.9630628236993822 0.9626759020629062 0.9622889804264302 0.961902058789954 0.961515137153478 0.961128215517002 0.9606951136187435 0.9602126439757367 -9999.0 -9999.0 -9999.0 -9999.0 -9999.0 -9999.0 -9999.0 -9999.0 -9999.0 -9999.0 -9999.0 -9999.0 -9999.0 -9999.0 -9999.0 -9999.0 -9999.0 -9999.0 -9999.0 -9999.0 -9999.0 -9999.0 -9999.0 -9999.0 -9999.0 -9999.0
0.9674396992203631 0.9670750572687077 0.9667104153170522 0.9663457733653966 0.9659811314137411 0.9656164894620857 0.9652518475104295 0.964887205558774 0.9645225636071185 0.964157921655463 0.9637932797038075 0.9634286377521519 0.9630639958004965 0.962699353848841 0.9623347118971854 0.9619700699455299 0.9615432184707917 0.9610498636082875 -9999.0 -9999.0 -9999.0 -9999.0 -9999.0 -9999.0 -9999.0 -9999.0 -9999.0 -9999.0 -9999.0 -9999.0 -9999.0 -9999.0 -9999.0 -9999.0 -9999.0 -9999.0 -9999.0 -9999.0 -9999.0 -9999.0 -9999.0 -9999.0 -9999.0 -9999.0
0.9679473583765829 0.9676049961097479 0.967262633842913 0.966920271576078 0.966577909309243 0.9662355470424081 0.9658931847755725 0.9655508225087376 0.9652084602419025 0.9648660979750676 0.9645237357082327 0.9641813734413976 0.9638390111745627 0.9634966489077278 0.9631542866408928 0.9628119243740578 0.9623913233228398 0.961887083240838 -9999.0 -9999.0 -9999.0 -9999.0 -9999.0 -9999.0 -9999.0 -9999.0 -9999.0 -9999.0 -9999.0 -9999.0 -9999.0 -9999.0 -9999.0 -9999.0 -9999.0 -9999.0 -9999.0 -9999.0 -9999.0 -9999.0 -9999.0 -9999.0 -9999.0 -9999.0
0.968455017532803 0.9681349349507887 0.9678148523687743 0.9674947697867599 0.9671746872047454 0.9668546046227311 0.9665345220407161 0.9662144394587017 0.9658943568766873 0.9655742742946729 0.9652541917126585 0.964934109130644 0.9646140265486297 0.9642939439666153 0.9639738613846008 0.9636537788025864 0.9632394281748887 0.9627243028733895 0.9622091775718903 -9999.0 -9999.0 -9999.0 -9999.0 -9999.0 -9999.0 -9999.0 -9999.0 -9999.0 -9999.0 -9999.0 -9999.0 -9999.0 -9999.0 -9999.0 -9999.0 -9999.0 -9999.0 -9999.0 -9999.0 -9999.0 -9999.0 -9999.0 -9999.0 -9999.0
0.9689626766890229 0.9686648737918291 0.9683670708946351 0.9680692679974413 0.9677714651002475 0.9674736622030535 0.9671758593058593 0.9668780564086653 0.9665802535114715 0.9662824506142776 0.9659846477170837 0.9656868448198899 0.965389041922696 0.9650912390255022 0.9647934361283083 0.9644956332311144 0.9640875330269371 0.9635615225059403 0.9630355119849435 0.9625095014639459 0.9619834909429491 0.9614574804219523 -9999.0 -9999.0 -9999.0 -9999.0 -9999.0 -9999.0 -9999.0 -9999.0 -9999.0 -9999.0 -9999.0 -9999.0 -9999.0 -9999.0 -9999.0 -9999.0 -9999.0 -9999.0 -9999.0 -9999.0 -9999.0 -9999.0
0.9694703358452426 0.9691948126328693 0.968919289420496 0.9686437662081226 0.9683682429957493 0.968092719783376 0.9678171965710022 0.9675416733586288 0.9672661501462555 0.9669906269338823 0.9667151037215089 0.9664395805091356 0.9661640572967622 0.9658885340843889 0.9656130108720156 0.9653374876596423 0.9649356378789852 0.9643987421384909 0.9638618463979967 0.9633249506575015 0.9627880549170073 0.9622511591765129 0.9617142634360187 0.9611773676955245 0.9606404719550302 -9999.0 -9999.0 -9999.0 -9999.0 -9999.0 -9999.0 -9999.0 -9999.0 -9999.0 -9999.0 -9999.0 -9999.0 -9999.0 -9999.0 -9999.0 -9999.0 -9999.0 -9999.0 -9999.0
0.9699779950014624 0.9697247514739096 0.9694715079463568 0.9692182644188041 0.9689650208912512 0.9687117773636985 0.9684585338361453 0.9682052903085925 0.9679520467810397 0.9676988032534869 0.9674455597259342 0.9671923161983814 0.9669390726708286 0.9666858291432758 0.966432585615723 0.9661793420881702 0.9657837427310334 0.9652359617710417 0.9646881808110499 0.9641403998510573 0.9635926188910655 0.9630448379310738 0.962497056971082 0.9619492760110903 0.9614014950510985 -9999.0 -9999.0 -9999.0 -9999.0 -9999.0 0.958114809291148 -9999.0 -9999.0 -9999.0 -9999.0 -9999.0 -9999.0 -9999.0 -9999.0 -9999.0 -9999.0 -9999.0 -9999.0 -9999.0
0.9704856541576822 0.9702546903149499 0.9700237264722177 0.9697927626294854 0.9695617987867532 0.969330834944021 0.9690998711012883 0.968868907258556 0.9686379434158238 0.9684069795730916 0.9681760157303594 0.9679450518876271 0.9677140880448949 0.9674831242021626 0.9672521603594304 0.9670211965166982 0.9666318475830815 0.9660731814035923 0.965514515224103 0.9649558490446128 0.9643971828651237 0.9638385166856344 0.9632798505061452 0.9627211843266559 0.9621625181471667 0.9616038519676774 -9999.0 -9999.0 -9999.0 0.9593691872497204 0.9588105210702312 -9999.0 -9999.0 -9999.0 -9999.0 -9999.0 -9999.0 -9999.0 -9999.0 -9999.0 -9999.0 -9999.0 -9999.0 -9999.0
0.9709933133139019 0.9707846291559902 0.9705759449980785 0.9703672608401668 0.9701585766822551 0.9699498925243434 0.9697412083664314 0.9695325242085197 0.969323840050608 0.9691151558926963 0.9689064717347846 0.9686977875768729 0.9684891034189612 0.9682804192610495 0.9680717351031378 0.9678630509452261 0.9674799524351299 0.9669104010361431 0.9663408496371564 0.9657712982381687 0.9652017468391819 0.9646321954401952 0.9640626440412083 0.9634930926422216 0.9629235412432349 0.9623539898442481 -9999.0 -9999.0 -9999.0 0.9600757842483012 0.9595062328493145 -9999.0 -9999.0 -9999.0 -9999.0 -9999.0 -9999.0 -9999.0 -9999.0 -9999.0 -9999.0 -9999.0 -9999.0 -9999.0
0.9715009724701217 0.9713145679970305 0.9711281635239394 0.9709417590508482 0.9707553545777571 0.9705689501046658 0.9703825456315743 0.9701961411584832 0.970009736685392 0.9698233322123009 0.9696369277392097 0.9694505232661186 0.9692641187930274 0.9690777143199363 0.9688913098468451 0.968704905373754 0.968328057287178 0.9677476206686937 0.9671671840502095 0.9665867474317242 0.9660063108132401 0.9654258741947558 0.9648454375762715 0.9642650009577873 0.963684564339303 0.9631041277208188 -9999.0 -9999.0 0.9613628178653661 0.9607823812468819 0.9602019446283976 -9999.0 -9999.0 -9999.0 -9999.0 -9999.0 -9999.0 -9999.0 -9999.0 -9999.0 -9999.0 -9999.0 -9999.0 -9999.0
0.9720086316263419 0.9718445068380712 0.9716803820498007 0.97151625726153 0.9713521324732595 0.9711880076849888 0.9710238828967179 0.9708597581084474 0.9706956333201767 0.9705315085319062 0.9703673837436356 0.970203258955365 0.9700391341670944 0.9698750093788238 0.9697108845905532 0.9695467598022826 0.9691761621392269 0.9685848403012451 0.9679935184632634 0.9674021966252806 0.9668108747872989 0.9662195529493172 0.9656282311113354 0.9650369092733536 0.9644455874353719 0.9638542655973902 0.9632629437594085 0.9626716219214266 0.9620803000834449 0.9614889782454632 -9999.0 -9999.0 -9999.0 -9999.0 -9999.0 -9999.0 -9999.0 -9999.0 -9999.0 -9999.0 -9999.0 -9999.0 -9999.0 -9999.0
