Figures/CREST_Example_wjb_NSE/PETs/wjb.pet.20100305.asc
ncols            288
nrows            254
xllcorner        113.274861
yllcorner        31.4918055
cellsize         0.008333333333
NODATA_value     -9999
[rows 57 to 75 of 254, columns 176 to 219 of 288]
0.6167935923273464 0.618204377472241 0.6196151626171356 0.6210259477620301 0.6224367329069247 0.6238475180518193 0.6252583031967163 0.6266690883416108 0.6280798734865054 -9999.0 -9999.0 0.6323122289211891 -9999.0 -9999.0 -9999.0 -9999.0 -9999.0 -9999.0 0.6379450262387689 -9999.0 -9999.0 -9999.0 -9999.0 -9999.0 -9999.0 -9999.0 -9999.0 0.6352657864734267 -9999.0 -9999.0 -9999.0 -9999.0 -9999.0 -9999.0 -9999.0 -9999.0 -9999.0 -9999.0 -9999.0 -9999.0 -9999.0 -9999.0 -9999.0 -9999.0
0.6143440256394568 0.6158113974995317 0.6172787693596067 0.6187461412196816 0.6202135130797566 0.6216808849398316 0.623148256799909 0.624615628659984 0.6260830005200589 0.6275503723801339 0.6290177442402088 0.6304851161002838 0.6319524879603587 0.6334198598204337 0.6348872316805088 0.6363546035405837 0.6369992573225433 0.636764406863678 0.6365295564048127 0.6362947059459471 -9999.0 -9999.0 -9999.0 -9999.0 -9999.0 -9999.0 0.6346507527338903 0.6344159022750251 0.6341810518161598 0.6339462013572945 0.6337113508984293 0.633476500439564 0.6332416499806984 0.6330067995218331 -9999.0 -9999.0 -9999.0 -9999.0 -9999.0 -9999.0 -9999.0 -9999.0 -9999.0 -9999.0
0.6099010924586042 0.6113576206411471 0.6128141488236899 0.6142706770062327 0.6157272051887756 0.6171837333713184 0.6186402615538638 0.6200967897364066 0.6215533179189494 0.6230098461014922 0.6244663742840351 0.6259229024665779 0.6273794306491207 0.6288359588316634 0.6302924870142063 0.6317490151967491 0.6324925981387802 0.6324740264871718 0.6324554548355633 0.6324368831839549 0.6324183115323464 0.6323997398807379 0.6323811682291295 0.632362596577521 0.6323440249259126 0.6323254532743041 0.6323068816226957 0.6322883099710872 0.6322697383194787 0.6322511666678703 0.6322325950162618 0.6322140233646534 0.6321954517130449 0.6321768800614365 -9999.0 -9999.0 -9999.0 -9999.0 -9999.0 -9999.0 -9999.0 -9999.0 -9999.0 -9999.0
0.6054581592777556 0.6069038437827663 0.608349528287777 0.6097952127927877 0.6112408972977984 0.6126865818028091 0.6141322663078222 0.615577950812833 0.6170236353178437 0.6184693198228544 0.6199150043278651 0.6213606888328758 0.6228063733378864 0.6242520578428971 0.6256977423479078 0.6271434268529185 0.627985938955021 0.6281836461106692 0.6283813532663174 0.6285790604219659 0.628776767577614 0.6289744747332622 0.6291721818889103 0.6293698890445585 0.6295675962002066 0.6297653033558548 0.6299630105115029 0.6301607176671511 0.6303584248227992 0.6305561319784474 0.6307538391340956 0.6309515462897437 0.6311492534453922 0.6313469606010403 -9999.0 -9999.0 -9999.0 -9999.0 -9999.0 -9999.0 -9999.0 -9999.0 -9999.0 -9999.0
0.6010152260969069 0.6024500669243855 0.6038849077518641 0.6053197485793427 0.6067545894068211 0.6081894302342997 0.6096242710617807 0.6110591118892593 0.6124939527167379 0.6139287935442165 0.6153636343716951 0.6167984751991736 0.6182333160266522 0.6196681568541307 0.6211029976816093 0.6225378385090878 0.6234792797712618 0.6238932657341666 -9999.0 -9999.0 -9999.0 0.6255492095857864 0.6259631955486912 0.6263771815115959 0.6267911674745007 0.6272051534374055 0.6276191394003102 0.628033125363215 0.6284471113261197 0.6288610972890245 0.6292750832519293 0.629689069214834 -9999.0 -9999.0 -9999.0 -9999.0 -9999.0 -9999.0 -9999.0 -9999.0 -9999.0 -9999.0 -9999.0 -9999.0
0.5965722929160583 0.5979962900660047 0.5994202872159511 0.6008442843658975 0.602268281515844 0.6036922786657904 0.6051162758157393 0.6065402729656857 0.6079642701156321 0.6093882672655786 0.610812264415525 0.6122362615654715 0.6136602587154179 0.6150842558653643 0.6165082530153108 0.6179322501652572 0.6189726205875026 0.619602885357664 -9999.0 -9999.0 -9999.0 0.6221239444383105 0.6227542092084719 0.6233844739786334 0.6240147387487948 0.6246450035189561 0.6252752682891175 -9999.0 -9999.0 -9999.0 -9999.0 -9999.0 -9999.0 -9999.0 -9999.0 -9999.0 -9999.0 -9999.0 -9999.0 -9999.0 -9999.0 -9999.0 -9999.0 -9999.0
0.5921293597352096 0.593542513207624 0.5949556666800383 0.5963688201524525 0.5977819736248668 0.5991951270972812 0.600608280569698 0.6020214340421122 0.6034345875145265 0.6048477409869408 0.6062608944593552 0.6076740479317695 0.6090872014041837 0.610500354876598 0.6119135083490124 0.6133266618214267 0.6144659614037435 0.6153125049811615 -9999.0 -9999.0 -9999.0 -9999.0 -9999.0 -9999.0 -9999.0 -9999.0 -9999.0 -9999.0 -9999.0 -9999.0 -9999.0 -9999.0 -9999.0 -9999.0 -9999.0 -9999.0 -9999.0 -9999.0 -9999.0 -9999.0 -9999.0 -9999.0 -9999.0 -9999.0
0.587686426554361 0.5890887363492431 0.5904910461441253 0.5918933559390075 0.5932956657338897 0.5946979755287718 0.5961002853236564 0.5975025951185386 0.5989049049134207 0.600307214708303 0.6017095245031852 0.6031118342980674 0.6045141440929495 0.6059164538878317 0.6073187636827139 0.6087210734775961 0.6099593022199843 0.6110221246046589 -9999.0 -9999.0 -9999.0 -9999.0 -9999.0 -9999.0 -9999.0 -9999.0 -9999.0 -9999.0 -9999.0 -9999.0 -9999.0 -9999.0 -9999.0 -9999.0 -9999.0 -9999.0 -9999.0 -9999.0 -9999.0 -9999.0 -9999.0 -9999.0 -9999.0 -9999.0
0.5832434933735122 0.5846349594908623 0.5860264256082123 0.5874178917255624 0.5888093578429124 0.5902008239602625 0.5915922900776149 0.5929837561949649 0.594375222312315 0.5957666884296651 0.5971581545470152 0.5985496206643652 0.5999410867817152 0.6013325528990653 0.6027240190164154 0.6041154851337655 0.6054526430362251 0.6067317442281563 0.6080108454200875 -9999.0 -9999.0 -9999.0 -9999.0 -9999.0 -9999.0 -9999.0 -9999.0 -9999.0 -9999.0 -9999.0 -9999.0 -9999.0 -9999.0 -9999.0 -9999.0 -9999.0 -9999.0 -9999.0 -9999.0 -9999.0 -9999.0 -9999.0 -9999.0 -9999.0
0.5788005601926598 0.5801811826324776 0.5815618050722956 0.5829424275121136 0.5843230499519314 0.5857036723917494 0.5870842948315697 0.5884649172713875 0.5898455397112055 0.5912261621510234 0.5926067845908413 0.5939874070306592 0.5953680294704771 0.596748651910295 0.598129274350113 0.5995098967899308 0.6009459838524621 0.6024413638516501 0.6039367438508381 -9999.0 -9999.0 -9999.0 -9999.0 -9999.0 -9999.0 -9999.0 -9999.0 -9999.0 -9999.0 -9999.0 -9999.0 -9999.0 -9999.0 -9999.0 -9999.0 -9999.0 -9999.0 -9999.0 -9999.0 -9999.0 -9999.0 -9999.0 -9999.0 -9999.0
0.5743576270118111 0.5757274057740969 0.5770971845363827 0.5784669632986685 0.5798367420609543 0.5812065208232401 0.5825762995855283 0.583946078347814 0.5853158571100998 0.5866856358723855 0.5880554146346714 0.5894251933969572 0.5907949721592429 0.5921647509215288 0.5935345296838146 0.5949043084461003 0.596439324668703 0.5981509834751476 0.5998626422815923 0.6015743010880398 -9999.0 -9999.0 -9999.0 -9999.0 -9999.0 -9999.0 -9999.0 -9999.0 -9999.0 -9999.0 -9999.0 -9999.0 -9999.0 -9999.0 -9999.0 -9999.0 -9999.0 -9999.0 -9999.0 -9999.0 -9999.0 -9999.0 -9999.0 -9999.0
0.5699146938309625 0.5712736289157161 0.5726325640004698 0.5739914990852234 0.5753504341699771 0.5767093692547307 0.5780683043394867 0.5794272394242403 0.5807861745089941 0.5821451095937478 0.5835040446785014 0.5848629797632551 0.5862219148480087 0.5875808499327624 0.5889397850175161 0.5902987201022697 0.5919326654849438 0.593860603098645 0.5957885407123462 -9999.0 -9999.0 -9999.0 -9999.0 -9999.0 -9999.0 -9999.0 -9999.0 -9999.0 -9999.0 -9999.0 -9999.0 -9999.0 -9999.0 -9999.0 -9999.0 -9999.0 -9999.0 -9999.0 -9999.0 -9999.0 -9999.0 -9999.0 -9999.0 -9999.0
0.5654717606501137 0.5668198520573353 0.5681679434645568 0.5695160348717784 0.5708641262789999 0.5722122176862214 0.5735603090934452 0.5749084005006668 0.5762564919078883 0.5776045833151099 0.5789526747223314 0.580300766129553 0.5816488575367744 0.582996948943996 0.5843450403512176 0.5856931317584391 0.5874260063011846 0.5895702227221424 -9999.0 -9999.0 -9999.0 -9999.0 -9999.0 -9999.0 -9999.0 -9999.0 -9999.0 -9999.0 -9999.0 -9999.0 -9999.0 -9999.0 -9999.0 -9999.0 -9999.0 -9999.0 -9999.0 -9999.0 -9999.0 -9999.0 -9999.0 -9999.0 -9999.0 -9999.0
0.561028827469265 0.5623660751989544 0.5637033229286439 0.5650405706583332 0.5663778183880227 0.567715066117712 0.5690523138474037 0.5703895615770932 0.5717268093067825 0.573064057036472 0.5744013047661614 0.5757385524958508 0.5770758002255402 0.5784130479552296 0.579750295684919 0.5810875434146084 0.5829193471174253 0.5852798423456398 -9999.0 -9999.0 -9999.0 -9999.0 -9999.0 -9999.0 -9999.0 -9999.0 -9999.0 -9999.0 -9999.0 -9999.0 -9999.0 -9999.0 -9999.0 -9999.0 -9999.0 -9999.0 -9999.0 -9999.0 -9999.0 -9999.0 -9999.0 -9999.0 -9999.0 -9999.0
0.5565858942884164 0.5579122983405737 0.559238702392731 0.5605651064448882 0.5618915104970456 0.5632179145492028 0.5645443186013623 0.5658707226535197 0.5671971267056769 0.5685235307578342 0.5698499348099915 0.5711763388621488 0.572502742914306 0.5738291469664634 0.5751555510186206 0.5764819550707779 0.5784126879336663 0.5809894619691374 -9999.0 -9999.0 -9999.0 -9999.0 -9999.0 -9999.0 -9999.0 -9999.0 -9999.0 -9999.0 -9999.0 -9999.0 -9999.0 -9999.0 -9999.0 -9999.0 -9999.0 -9999.0 -9999.0 -9999.0 -9999.0 -9999.0 -9999.0 -9999.0 -9999.0 -9999.0
0.5521429611075639 0.5534585214821891 0.5547740818568142 0.5560896422314394 0.5574052026060645 0.5587207629806896 0.5600363233553171 0.5613518837299422 0.5626674441045674 0.5639830044791925 0.5652985648538177 0.5666141252284428 0.5679296856030679 0.5692452459776931 0.5705608063523182 0.5718763667269434 0.5739060287499033 0.5766990815926312 0.579492134435359 -9999.0 -9999.0 -9999.0 -9999.0 -9999.0 -9999.0 -9999.0 -9999.0 -9999.0 -9999.0 -9999.0 -9999.0 -9999.0 -9999.0 -9999.0 -9999.0 -9999.0 -9999.0 -9999.0 -9999.0 -9999.0 -9999.0 -9999.0 -9999.0 -9999.0
0.5477000279267152 0.5490047446238083 0.5503094613209013 0.5516141780179943 0.5529188947150874 0.5542236114121804 0.5555283281092755 0.5568330448063686 0.5581377615034616 0.5594424782005546 0.5607471948976477 0.5620519115947407 0.5633566282918336 0.5646613449889267 0.5659660616860197 0.5672707783831127 0.5693993695661441 0.5724087012161285 0.575418032866113 0.5784273645161027 0.5814366961660871 0.5844460278160716 -9999.0 -9999.0 -9999.0 -9999.0 -9999.0 -9999.0 -9999.0 -9999.0 -9999.0 -9999.0 -9999.0 -9999.0 -9999.0 -9999.0 -9999.0 -9999.0 -9999.0 -9999.0 -9999.0 -9999.0 -9999.0 -9999.0
0.5432570947458666 0.5445509677654274 0.5458448407849884 0.5471387138045493 0.5484325868241101 0.549726459843671 0.5510203328632342 0.552314205882795 0.5536080789023559 0.5549019519219168 0.5561958249414777 0.5574896979610385 0.5587835709805994 0.5600774440001604 0.5613713170197212 0.5626651900392821 0.5648927103823849 0.568118320839626 0.571343931296867 0.5745695417541136 0.5777951522113547 0.5810207626685958 0.5842463731258368 0.587471983583078 0.5906975940403191 -9999.0 -9999.0 -9999.0 -9999.0 -9999.0 -9999.0 -9999.0 -9999.0 -9999.0 -9999.0 -9999.0 -9999.0 -9999.0 -9999.0 -9999.0 -9999.0 -9999.0 -9999.0 -9999.0
0.5388141615650179 0.5400971909070467 0.5413802202490754 0.5426632495911042 0.543946278933133 0.5452293082751617 0.5465123376171926 0.5477953669592215 0.5490783963012502 0.550361425643279 0.5516444549853078 0.5529274843273365 0.5542105136693652 0.5554935430113941 0.5567765723534228 0.5580596016954515 0.5603860511986257 0.5638279404631235 0.5672698297276212 0.5707117189921247 0.5741536082566224 0.57759549752112 0.5810373867856178 0.5844792760501155 0.5879211653146131 -9999.0 -9999.0 -9999.0 -9999.0 -9999.0 0.6085725009015993 -9999.0 -9999.0 -9999.0 -9999.0 -9999.0 -9999.0 -9999.0 -9999.0 -9999.0 -9999.0 -9999.0 -9999.0 -9999.0
