Figures/CREST_Example_wjb_NSE/PETs/wjb.pet.20090727.asc
ncols            288
nrows            254
xllcorner        113.274861
yllcorner        31.4918055
cellsize         0.008333333333
NODATA_value     -9999
[rows 140 to 159 of 254, columns 88 to 131 of 288]
1.3120412331670739 1.3077641089661973 1.303486984765321 1.299209860564437 1.2949327363635608 1.2906556121626842 1.2863784879618079 1.2821013637609313 1.2778242395600548 1.2735471153591784 1.2692699911583019 1.2649928669574253 1.260715742756549 1.2564386185556724 1.2544915996752974 1.2550355160690103 1.2555794324627239 1.2561233488564365 1.2566672652501492 1.2572111816438618 1.2577550980375745 1.258299014431287 1.2588429308249998 1.2593868472187124 1.259930763612425 1.2604746800061377 1.2610185963998504 1.261562512793563 1.2621064291872757 1.2626503455809892 1.2631942619747019 1.2637381783684145 1.2642820947621272 1.2648260111558398 1.2653699275495525 1.2659138439432651 1.2664577603369778 1.2670016767306904 1.267545593124403 1.268089509518116 1.2686334259118286 1.2691773423055412 1.2697212586992548 1.2702651750929674
1.2972860613056896 1.2931452034681157 1.2890043456305418 1.2848634877929608 1.2807226299553867 1.2765817721178128 1.2724409142802389 1.2683000564426647 1.2641591986050909 1.260018340767517 1.2558774829299428 1.251736625092369 1.247595767254795 1.243454909417221 1.241632188013735 1.24228760687413 1.2429430257345258 1.2435984445949206 1.2442538634553153 1.2449092823157102 1.2455647011761048 1.2462201200364997 1.2468755388968944 1.2475309577572893 1.248186376617684 1.2488417954780788 1.2494972143384735 1.2501526331988684 1.250808052059263 1.251463470919659 1.2521188897800537 1.2527743086404486 1.2534297275008432 1.2540851463612381 1.2547405652216328 1.2553959840820277 1.2560514029424223 1.2567068218028172 1.257362240663212 1.2580176595236068 1.2586730783840014 1.2593284972443963 1.259983916104792 1.260639334965187
1.2825308894443053 1.2785262979700338 1.2745217064957624 1.270517115021484 1.2665125235472126 1.262507932072941 1.2585033405986696 1.2544987491243982 1.2504941576501267 1.2464895661758553 1.2424849747015838 1.2384803832273124 1.234475791753041 1.2304712002787694 1.2287727763521725 1.2295396976792494 1.2303066190063277 1.2310735403334045 1.2318404616604814 1.2326073829875583 1.2333743043146352 1.2341412256417121 1.234908146968789 1.235675068295866 1.2364419896229428 1.2372089109500197 1.2379758322770966 1.2387427536041735 1.2395096749312504 1.2402765962583286 1.2410435175854055 1.2418104389124824 1.2425773602395593 1.2433442815666362 1.2441112028937131 1.24487812422079 1.245645045547867 1.2464119668749438 1.2471788882020207 1.2479458095290976 1.2487127308561745 1.2494796521832514 1.2502465735103296 1.2510134948374065
1.267775717582921 1.263907392471952 1.2600390673609831 1.2561707422500075 1.2523024171390384 1.2484340920280697 1.2445657669171006 1.2406974418061316 1.2368291166951626 1.2329607915841938 1.2290924664732248 1.2252241413622558 1.221355816251287 1.217487491140318 1.21591336469061 1.216791788484369 1.2176702122781295 1.2185486360718887 1.2194270598656476 1.2203054836594067 1.2211839074531656 1.2220623312469248 1.2229407550406837 1.2238191788344428 1.2246976026282017 1.2255760264219608 1.2264544502157197 1.2273328740094789 1.2282112978032378 1.2290897215969983 1.2299681453907574 1.2308465691845163 1.2317249929782754 1.2326034167720343 1.2334818405657935 1.2343602643595524 1.2352386881533115 1.2361171119470704 1.2369955357408295 1.2378739595345885 1.2387523833283476 1.2396308071221065 1.2405092309158672 1.241387654709626
1.253020545721524 1.2492884869738576 1.2455564282261915 1.2418243694785187 1.2380923107308524 1.234360251983186 1.2306281932355196 1.2268961344878533 1.223164075740187 1.2194320169925206 1.2156999582448544 1.211967899497188 1.2082358407495217 1.2045037820018554 1.2030539530290365 1.2040438792894779 1.2050338055499208 1.206023731810362 1.207013658070803 1.2080035843312444 1.2089935105916856 1.209983436852127 1.210973363112568 1.2119632893730095 1.2129532156334506 1.2139431418938917 1.214933068154333 1.2159229944147742 1.2169129206752156 1.2179028469356585 1.2188927731960997 1.2198826994565408 1.2208726257169822 1.2218625519774233 1.2228524782378647 1.2238424044983058 1.2248323307587472 1.2258222570191883 1.2268121832796295 1.2278021095400709 1.228792035800512 1.2297819620609534 1.2307718883213963 1.2317618145818374
1.23826537386014 1.234669581475776 1.231073789091412 1.2274779967070422 1.2238822043226785 1.2202864119383146 1.2166906195539506 1.213094827169587 1.209499034785223 1.205903242400859 1.2023074500164954 1.1987116576321315 1.1951158652477678 1.191520072863404 1.1901945413674742 1.1912959700945975 1.1923973988217227 1.193498827548846 1.1946002562759694 1.1957016850030928 1.1968031137302162 1.1979045424573396 1.1990059711844627 1.200107399911586 1.2012088286387095 1.2023102573658329 1.2034116860929562 1.2045131148200796 1.205614543547203 1.2067159722743281 1.2078174010014515 1.208918829728575 1.2100202584556983 1.2111216871828216 1.212223115909945 1.2133245446370684 1.2144259733641916 1.215527402091315 1.2166288308184383 1.2177302595455617 1.218831688272685 1.2199331169998084 1.2210345457269336 1.222135974454057
1.2235102019987556 1.2200506759776943 1.216591149956633 1.2131316239355658 1.2096720979145044 1.206212571893443 1.2027530458723819 1.1992935198513204 1.1958339938302591 1.1923744678091979 1.1889149417881364 1.1854554157670751 1.1819958897460139 1.1785363637249524 1.1773351297059116 1.1785480608997172 1.1797609920935246 1.1809739232873302 1.1821868544811356 1.183399785674941 1.1846127168687466 1.185825648062552 1.1870385792563574 1.188251510450163 1.1894644416439684 1.1906773728377738 1.1918903040315794 1.1931032352253848 1.1943161664191904 1.1955290976129977 1.1967420288068034 1.1979549600006087 1.1991678911944141 1.2003808223882197 1.2015937535820251 1.2028066847758305 1.2040196159696361 1.2052325471634415 1.206445478357247 1.2076584095510525 1.208871340744858 1.2100842719386633 1.211297203132471 1.2125101343262763
1.2087550301373713 1.2054317704796125 1.2021085108218537 1.1987852511640893 1.1954619915063305 1.1921387318485717 1.1888154721908128 1.185492212533054 1.1821689528752952 1.1788456932175364 1.1755224335597776 1.1721991739020186 1.1688759142442597 1.165552654586501 1.1644757180443492 1.1658001517048369 1.1671245853653267 1.1684490190258143 1.1697734526863017 1.1710978863467894 1.172422320007277 1.1737467536677646 1.1750711873282522 1.1763956209887398 1.1777200546492272 1.1790444883097149 1.1803689219702025 1.1816933556306901 1.1830177892911777 1.1843422229516676 1.1856666566121552 1.1869910902726426 1.1883155239331302 1.1896399575936178 1.1909643912541055 1.192288824914593 1.1936132585750807 1.1949376922355681 1.1962621258960557 1.1975865595565434 1.198910993217031 1.2002354268775186 1.2015598605380085 1.2028842941984959
1.1956042840610352 1.192308605770654 1.189012927480273 1.1857172491898862 1.182421570899505 1.1791258926091237 1.1758302143187427 1.1725345360283614 1.1692388577379802 1.165943179447599 1.162647501157218 1.1593518228668367 1.1560561445764554 1.1527604662860742 1.1517071853733643 1.1530510779606744 1.1543949705479868 1.155738863135297 1.157082755722607 1.1584266483099173 1.1597705408972274 1.1611144334845376 1.1624583260718477 1.163802218659158 1.165146111246468 1.1664900038337782 1.1678338964210884 1.1691777890083983 1.1705216815957085 1.171865574183021 1.1732094667703312 1.1745533593576414 1.1758972519449515 1.1772411445322615 1.1785850371195716 1.1799289297068818 1.181272822294192 1.182616714881502 1.1839606074688123 1.1853045000561224 1.1866483926434326 1.1879922852307427 1.1893361778180551 1.1906800704053653
1.1841685680091787 1.1807842936768125 1.1774000193444463 1.1740157450120743 1.170631470679708 1.1672471963473419 1.1638629220149757 1.1604786476826094 1.1570943733502435 1.1537100990178772 1.150325824685511 1.1469415503531448 1.1435572760207786 1.1401730016884124 1.1390357966144802 1.1403007593867405 1.141565722159003 1.1428306849312633 1.1440956477035236 1.1453606104757839 1.1466255732480441 1.1478905360203044 1.1491554987925647 1.150420461564825 1.1516854243370853 1.1529503871093456 1.154215349881606 1.1554803126538662 1.1567452754261267 1.158010238198389 1.1592752009706493 1.1605401637429096 1.16180512651517 1.1630700892874304 1.1643350520596907 1.165600014831951 1.1668649776042113 1.1681299403764716 1.1693949031487318 1.1706598659209921 1.1719248286932524 1.1731897914655127 1.1744547542377752 1.1757197170100355
1.1727328519573124 1.169259981582961 1.1657871112086098 1.1623142408342526 1.1588413704599012 1.15536850008555 1.1518956297111989 1.1484227593368475 1.1449498889624963 1.1414770185881449 1.1380041482137937 1.1345312778394423 1.1310584074650911 1.1275855370907397 1.1263644078555852 1.1275504408127957 1.128736473770008 1.1299225067272185 1.131108539684429 1.1322945726416394 1.1334806055988498 1.1346666385560602 1.1358526715132706 1.137038704470481 1.1382247374276915 1.139410770384902 1.140596803342112 1.1417828362993225 1.142968869256533 1.1441549022137454 1.1453409351709558 1.1465269681281662 1.1477130010853767 1.148899034042587 1.1500850669997975 1.151271099957008 1.1524571329142184 1.1536431658714288 1.154829198828639 1.1560152317858494 1.1572012647430598 1.1583872977002703 1.1595733306574827 1.1607593636146931
1.1612971359054558 1.1577356694891194 1.1541742030727833 1.1506127366564407 1.1470512702401046 1.1434898038237682 1.1399283374074318 1.1363668709910957 1.1328054045747593 1.129243938158423 1.1256824717420868 1.1221210053257504 1.118559538909414 1.114998072493078 1.1136930190967012 1.1148001222388617 1.1159072253810243 1.1170143285231848 1.1181214316653454 1.119228534807506 1.1203356379496665 1.121442741091827 1.1225498442339876 1.1236569473761482 1.1247640505183087 1.1258711536604693 1.1269782568026299 1.1280853599447904 1.129192463086951 1.1302995662291135 1.131406669371274 1.1325137725134347 1.1336208756555952 1.1347279787977558 1.1358350819399163 1.136942185082077 1.1380492882242375 1.139156391366398 1.1402634945085586 1.1413705976507191 1.1424777007928797 1.1435848039350403 1.1446919070772028 1.1457990102193634
1.1498614198535992 1.146211357395278 1.1425612949369566 1.138911232478629 1.1352611700203077 1.1316111075619864 1.127961045103665 1.1243109826453437 1.1206609201870226 1.1170108577287012 1.11336079527038 1.1097107328120586 1.1060606703537372 1.102410607895416 1.101021630337817 1.1020498036649278 1.1030779769920405 1.1041061503191512 1.1051343236462619 1.1061624969733725 1.1071906703004832 1.1082188436275942 1.1092470169547048 1.1102751902818155 1.1113033636089262 1.112331536936037 1.1133597102631478 1.1143878835902585 1.1154160569173692 1.1164442302444817 1.1174724035715924 1.118500576898703 1.119528750225814 1.1205569235529247 1.1215850968800354 1.122613270207146 1.123641443534257 1.1246696168613677 1.1256977901884784 1.126725963515589 1.1277541368426998 1.1287823101698107 1.1298104834969231 1.1308386568240338
1.1384257038017427 1.1346870453014364 1.1309483868011299 1.1272097283008173 1.1234710698005108 1.1197324113002045 1.1159937527998982 1.112255094299592 1.1085164357992856 1.1047777772989793 1.101039118798673 1.0973004602983667 1.0935618017980602 1.0898231432977539 1.088350241578933 1.0892994850909938 1.0902487286030564 1.0911979721151173 1.0921472156271783 1.0930964591392391 1.0940457026513 1.094994946163361 1.0959441896754218 1.0968934331874827 1.0978426766995437 1.0987919202116045 1.0997411637236654 1.1006904072357264 1.1016396507477872 1.1025888942598498 1.1035381377719107 1.1044873812839715 1.1054366247960326 1.1063858683080934 1.1073351118201542 1.1082843553322153 1.109233598844276 1.110182842356337 1.111132085868398 1.1120813293804588 1.1130305728925196 1.1139798164045807 1.114929059916643 1.115878303428704
1.1269899877498861 1.1231627332075946 1.1193354786653034 1.1155082241230054 1.1116809695807142 1.1078537150384227 1.1040264604961314 1.1001992059538401 1.0963719514115486 1.0925446968692574 1.088717442326966 1.0848901877846746 1.0810629332423833 1.077235678700092 1.075678852820049 1.07654916651706 1.0774194802140726 1.0782897939110836 1.0791601076080948 1.0800304213051057 1.0809007350021167 1.0817710486991279 1.0826413623961388 1.08351167609315 1.084381989790161 1.0852523034871722 1.0861226171841831 1.0869929308811943 1.0878632445782053 1.0887335582752178 1.089603871972229 1.09047418566924 1.091344499366251 1.092214813063262 1.0930851267602733 1.0939554404572842 1.0948257541542954 1.0956960678513064 1.0965663815483175 1.0974366952453285 1.0983070089423397 1.0991773226393506 1.1000476363363632 1.1009179500333743
1.1155542716980293 1.111638421113753 1.1077225705294766 1.1038067199451937 1.0998908693609173 1.0959750187766408 1.0920591681923646 1.0881433176080881 1.084227467023812 1.0803116164395354 1.0763957658552592 1.0724799152709827 1.0685640646867065 1.06464821410243 1.0630074640611649 1.063798847943126 1.0645902318250886 1.06538161570705 1.066172999589011 1.0669643834709723 1.0677557673529336 1.0685471512348947 1.069338535116856 1.0701299189988172 1.0709213028807785 1.0717126867627398 1.0725040706447009 1.0732954545266622 1.0740868384086233 1.074878222290586 1.0756696061725473 1.0764609900545083 1.0772523739364697 1.0780437578184308 1.078835141700392 1.0796265255823534 1.0804179094643145 1.0812092933462758 1.082000677228237 1.0827920611101982 1.0835834449921595 1.0843748288741206 1.0851662127560833 1.0859575966380444
1.1041185556461728 1.1001141090199116 1.0961096623936502 1.0921052157673818 1.0881007691411204 1.0840963225148592 1.0800918758885978 1.0760874292623364 1.072082982636075 1.0680785360098137 1.0640740893835523 1.0600696427572909 1.0560651961310294 1.052060749504768 1.0503360753022808 1.051048529369192 1.0517609834361048 1.052473437503016 1.0531858915699275 1.053898345636839 1.0546107997037504 1.0553232537706616 1.056035707837573 1.0567481619044845 1.0574606159713957 1.0581730700383072 1.0588855241052186 1.05959797817213 1.0603104322390413 1.061022886305954 1.0617353403728653 1.0624477944397768 1.0631602485066882 1.0638727025735997 1.064585156640511 1.0652976107074223 1.0660100647743338 1.0667225188412452 1.0674349729081565 1.068147426975068 1.0688598810419794 1.0695723351088906 1.0702847891758034 1.0709972432427146
1.0926828395943065 1.08858979692606 1.0844967542578137 1.0804037115895602 1.0763106689213138 1.0722176262530672 1.0681245835848208 1.0640315409165744 1.0599384982483278 1.0558454555800814 1.051752412911835 1.0476593702435884 1.043566327575342 1.0394732849070956 1.0376646865433858 1.0382982107952474 1.03893173504711 1.0395652592989715 1.040198783550833 1.0408323078026944 1.041465832054556 1.0420993563064174 1.042732880558279 1.0433664048101403 1.043999929062002 1.0446334533138635 1.0452669775657248 1.0459005018175864 1.0465340260694478 1.0471675503213105 1.0478010745731718 1.0484345988250334 1.0490681230768948 1.0497016473287564 1.0503351715806177 1.0509686958324793 1.051602220084341 1.0522357443362023 1.0528692685880638 1.0535027928399252 1.0541363170917868 1.0547698413436482 1.0554033655955108 1.0560368898473722
1.08124712354245 1.0770654848322185 1.072883846121987 1.0687022074117483 1.064520568701517 1.0603389299912853 1.056157291281054 1.0519756525708224 1.047794013860591 1.0436123751503594 1.039430736440128 1.0352490977298965 1.0310674590196651 1.0268858203094335 1.0249932977845018 1.0255478922213135 1.026102486658126 1.0266570810949378 1.0272116755317493 1.027766269968561 1.0283208644053727 1.0288754588421845 1.029430053278996 1.0299846477158077 1.0305392421526194 1.031093836589431 1.0316484310262426 1.0322030254630543 1.032757619899866 1.0333122143366786 1.0338668087734904 1.0344214032103018 1.0349759976471136 1.0355305920839253 1.0360851865207368 1.0366397809575485 1.0371943753943602 1.037748969831172 1.0383035642679834 1.0388581587047951 1.0394127531416069 1.0399673475784186 1.0405219420152312 1.0410765364520427
1.0698114074905933 1.0655411727383768 1.0612709379861605 1.0570007032339366 1.05273046848172 1.0484602337295037 1.0441899989772871 1.0399197642250706 1.035649529472854 1.0313792947206377 1.0271090599684212 1.0228388252162046 1.018568590463988 1.0142983557117717 1.0123219090256177 1.0127975736473795 1.0132732382691423 1.013748902890904 1.0142245675126658 1.0147002321344276 1.0151758967561895 1.0156515613779513 1.0161272259997132 1.016602890621475 1.0170785552432366 1.0175542198649985 1.0180298844867604 1.0185055491085222 1.018981213730284 1.0194568783520466 1.0199325429738084 1.0204082075955703 1.0208838722173321 1.021359536839094 1.0218352014608558 1.0223108660826177 1.0227865307043793 1.0232621953261412 1.023737859947903 1.0242135245696649 1.0246891891914267 1.0251648538131886 1.025640518434951 1.026116183056713
