Figures/CREST_Example_wjb_NSE/PETs/wjb.pet.20100712.asc
ncols            288
nrows            254
xllcorner        113.274861
yllcorner        31.4918055
cellsize         0.008333333333
NODATA_value     -9999
[rows 200 to 219 of 254, columns 88 to 131 of 288]
2.325698308422519 2.313520534897721 2.301342761372922 2.2891649878481024 2.276987214323304 2.2648094407985053 2.2526316672737066 2.240453893748908 2.228276120224109 2.2160983466993107 2.203920573174512 2.191742799649713 2.1795650261249144 2.1673872526001157 2.1544127448126553 2.1405865100832937 2.1267602753539085 2.112934040624547 2.0991078058951853 2.0852815711658237 2.071455336436462 2.0576291017071004 2.043802866977739 2.0299766322483768 2.016150397519015 2.0023241627896535 1.988497928060292 1.9746716933309303 1.9608454586015687 1.9470192238721835 1.933192989142822 1.9193667544134603 1.9055405196840987 1.8917142849547368 1.8778880502253752 1.8640618154960136 1.850235580766652 1.8364093460372903 1.8225831113079287 1.8087568765785669 1.7949306418492053 1.7811044071198436 1.7672781723904585 1.7534519376610969
2.3315911922059467 2.3194139028710947 2.3072366135362428 2.2950593242013704 2.282882034866519 2.270704745531667 2.2585274561968154 2.2463501668619634 2.234172877527112 2.22199558819226 2.2098182988574084 2.1976410095225565 2.185463720187705 2.173286430852853 2.160180591581221 2.1460821114315443 2.1319836312818436 2.117885151132167 2.1037866709824904 2.0896881908328138 2.075589710683137 2.0614912305334605 2.047392750383784 2.0332942702341072 2.0191957900844306 2.005097309934754 1.9909988297850776 1.976900349635401 1.9628018694857243 1.9487033893360237 1.934604909186347 1.9205064290366705 1.9064079488869938 1.8923094687373172 1.8782109885876408 1.8641125084379642 1.8500140282882875 1.835915548138611 1.8218170679889343 1.8077185878392577 1.793620107689581 1.7795216275399044 1.7654231473902038 1.7513246672405272
2.3374840759893734 2.3253072708444686 2.313130465699564 2.3009536605546383 2.2887768554097336 2.276600050264829 2.2644232451199238 2.252246439975019 2.2400696348301143 2.2278928296852096 2.215716024540305 2.2035392193953998 2.191362414250495 2.1791856091055903 2.1659484383497865 -9999.0 -9999.0 -9999.0 2.1084655360697955 2.094094810499804 2.0797240849298126 2.065353359359821 2.0509826337898294 2.0366119082198377 2.022241182649846 2.0078704570798545 1.993499731509863 1.9791290059398716 1.96475828036988 1.950387554799864 1.9360168292298723 1.9216461036598806 1.9072753780898892 1.8929046525198976 1.8785339269499062 1.8641632013799145 1.849792475809923 1.8354217502399313 1.8210510246699398 1.8066802990999482 1.7923095735299568 1.7779388479599652 1.763568122389949 1.7491973968199575
2.3433769597728005 2.3312006388178426 2.3190243178628847 2.306847996907906 2.2946716759529484 2.2824953549979905 2.2703190340430326 2.2581427130880747 2.2459663921331168 2.233790071178159 2.2216137502232014 2.2094374292682435 2.1972611083132856 2.1850847873583277 2.171716285118352 -9999.0 -9999.0 -9999.0 -9999.0 2.0985014301667944 2.0838584591764877 -9999.0 2.054572517195875 2.039929546205568 2.0252865752152616 2.010643604224955 1.9960006332346485 1.981357662244342 1.9667146912540354 1.952071720263704 1.9374287492733975 1.922785778283091 1.9081428072927844 1.8934998363024778 1.8788568653121713 1.864213894321865 1.8495709233315583 1.8349279523412518 1.8202849813509452 1.8056420103606388 1.7909990393703321 1.7763560683800257 1.7617130973896942 1.7470701263993877
2.34926984355623 2.337094006791219 2.324918170026208 2.3127423332611765 2.300566496496166 2.2883906597311547 2.276214822966144 2.264038986201133 2.2518631494361223 2.239687312671111 2.2275114759061 2.2153356391410894 2.2031598023760783 2.1909839656110677 -9999.0 -9999.0 -9999.0 -9999.0 -9999.0 -9999.0 -9999.0 -9999.0 -9999.0 2.0432471841913 2.0283319677806784 2.0134167513700567 1.9985015349594353 1.9835863185488136 1.9686711021381922 1.953755885727545 1.9388406693169233 1.923925452906302 1.9090102364956802 1.8940950200850586 1.879179803674437 1.8642645872638155 1.8493493708531938 1.8344341544425722 1.8195189380319507 1.804603721621329 1.7896885052107074 1.7747732888000858 1.7598580723894388 1.7449428559788172
2.3551627273396574 2.342987374764593 2.330812022189529 2.3186366696144445 2.3064613170393806 2.2942859644643168 2.2821106118892525 2.2699352593141886 2.2577599067391247 2.245584554164061 2.233409201588997 2.2212338490139327 2.209058496438869 2.196883143863805 -9999.0 -9999.0 -9999.0 -9999.0 -9999.0 -9999.0 -9999.0 -9999.0 -9999.0 -9999.0 2.031377360346094 2.016189898515157 2.0010024366842205 1.985814974853284 1.9706275130223476 1.9554400511913852 1.9402525893604485 1.9250651275295119 1.9098776656985754 1.894690203867639 1.8795027420367023 1.8643152802057656 1.8491278183748292 1.8339403565438925 1.818752894712956 1.8035654328820194 1.788377971051083 1.7731905092201463 1.758003047389184 1.7428155855582472
2.361055611123084 2.348880742737967 2.33670587435285 2.3245310059677124 2.3123561375825954 2.3001812691974783 2.2880064008123613 2.2758315324272442 2.263656664042127 2.25148179565701 2.239306927271893 2.2271320588867765 2.214957190501659 2.2027823221165423 2.189019825424051 -9999.0 -9999.0 -9999.0 -9999.0 -9999.0 -9999.0 -9999.0 -9999.0 -9999.0 2.0344227529115093 2.0189630456602576 2.0035033384090064 1.9880436311577547 1.9725839239065033 1.9571242166552254 1.9416645094039737 1.9262048021527223 1.9107450949014708 1.8952853876502194 1.8798256803989677 1.8643659731477162 1.8489062658964648 1.833446558645213 1.8179868513939617 1.8025271441427102 1.7870674368914585 1.771607729640207 1.7561480223889292 1.7406883151376777
2.366948494906514 2.3547741107113436 2.3425997265161738 2.3304253423209826 2.318250958125813 2.3060765739306426 2.2939021897354728 2.2817278055403025 2.2695534213451323 2.2573790371499625 2.245204652954792 2.2330302687596224 2.220855884564452 2.2086815003692823 2.194787672192619 -9999.0 -9999.0 -9999.0 -9999.0 -9999.0 -9999.0 -9999.0 -9999.0 -9999.0 -9999.0 2.0217361928053594 2.0060042401337927 1.9902722874622263 1.9745403347906596 1.9588083821190663 1.9430764294474996 1.9273444767759331 1.9116125241043664 1.8958805714327998 1.8801486187612333 1.8644166660896666 1.8486847134181001 1.8329527607465335 1.8172208080749668 1.8014888554034 1.7857569027318336 1.770024950060267 1.7542929973886736 1.738561044717107
2.3674747600187502 2.3553756203678424 2.343276480716934 2.331177341066005 2.3190782014150972 2.306979061764189 2.2948799221132807 2.2827807824623725 2.2706816428114647 2.2585825031605564 2.246483363509648 2.23438422385874 2.2222850842078317 2.210185944556924 2.196398908401222 -9999.0 -9999.0 -9999.0 -9999.0 -9999.0 -9999.0 -9999.0 -9999.0 -9999.0 -9999.0 -9999.0 -9999.0 -9999.0 -9999.0 1.962527373130866 1.9469359374461792 1.9313445017614923 1.9157530660768054 1.9001616303921185 1.8845701947074316 1.868978759022745 1.853387323338058 1.837795887653371 1.8222044519686842 1.8066130162839973 1.7910215805993106 1.7754301449146237 1.7598387092299101 1.7442472735452235
2.3622644480170787 2.3503204670172226 2.338376486017366 2.3264325050174897 2.3144885240176336 2.302544543017777 2.290600562017921 2.278656581018065 2.2667126000182085 2.2547686190183525 2.2428246380184964 2.23088065701864 2.218936676018784 2.2069926950189274 2.1935669899028 -9999.0 -9999.0 -9999.0 -9999.0 -9999.0 -9999.0 -9999.0 -9999.0 -9999.0 -9999.0 -9999.0 -9999.0 -9999.0 -9999.0 -9999.0 -9999.0 1.9384020610031174 1.9233923593031392 1.9083826576031608 1.8933729559031827 1.8783632542032043 1.8633535525032259 1.8483438508032477 1.8333341491032693 1.818324447403291 1.8033147457033127 1.7883050440033343 1.7732953423033306 1.7582856406033522
2.357054136015405 2.345265313666601 2.3334764913177968 2.3216876689689725 2.309898846620168 2.298110024271364 2.2863212019225596 2.2745323795737558 2.2627435572249515 2.250954734876147 2.239165912527343 2.227377090178539 2.2155882678297347 2.2037994454809304 2.1907350714043767 -9999.0 -9999.0 -9999.0 -9999.0 -9999.0 -9999.0 -9999.0 -9999.0 -9999.0 -9999.0 -9999.0 -9999.0 -9999.0 -9999.0 -9999.0 -9999.0 1.9454596202447458 1.9310316525294764 1.916603684814207 1.9021757170989373 1.8877477493836679 1.8733197816683984 1.8588918139531287 1.8444638462378593 1.8300358785225899 1.8156079108073202 1.8011799430920508 1.7867519753767567 1.7723240076614872
2.351843824013734 2.3402101603159813 2.328576496618229 2.316942832920457 2.305309169222705 2.2936755055249525 2.2820418418272004 2.2704081781294483 2.2587745144316957 2.2471408507339437 2.2355071870361916 2.2238735233384395 2.212239859640687 2.200606195942935 -9999.0 -9999.0 -9999.0 -9999.0 -9999.0 -9999.0 -9999.0 -9999.0 -9999.0 -9999.0 -9999.0 -9999.0 -9999.0 -9999.0 -9999.0 -9999.0 1.9663634132169323 1.9525171794863714 1.9386709457558102 1.9248247120252493 1.9109784782946884 1.8971322445641274 1.8832860108335665 1.8694397771030054 1.8555935433724444 1.8417473096418835 1.8279010759113223 1.8140548421807616 1.800208608450177 1.7863623747196158
2.3466335120120623 2.335155006965362 2.3236765019186616 2.3121979968719417 2.300719491825242 2.2892409867785415 2.277762481731841 2.266283976685141 2.2548054716384405 2.24332696659174 2.23184846154504 2.2203699564983395 2.208891451451639 2.1974129464049392 -9999.0 -9999.0 -9999.0 -9999.0 -9999.0 -9999.0 -9999.0 -9999.0 -9999.0 -9999.0 -9999.0 -9999.0 -9999.0 -9999.0 -9999.0 -9999.0 1.9728392384738491 1.9595747387279967 1.9463102389821443 1.9330457392362919 1.9197812394904394 1.9065167397445868 1.8932522399987344 1.879987740252882 1.8667232405070295 1.8534587407611771 1.8401942410153247 1.8269297412694723 1.8136652415235972 1.8004007417777448
2.341423200010389 2.3300998536147404 2.3187765072190922 2.3074531608234246 2.2961298144277764 2.2848064680321283 2.2734831216364797 2.2621597752408316 2.2508364288451834 2.239513082449535 2.2281897360538867 2.2168663896582386 2.2055430432625904 2.194219696866942 -9999.0 -9999.0 -9999.0 -9999.0 -9999.0 -9999.0 -9999.0 -9999.0 -9999.0 -9999.0 -9999.0 -9999.0 -9999.0 -9999.0 2.0046805952530775 1.9919978294919125 1.9793150637307688 1.9666322979696251 1.9539495322084814 1.9412667664473378 1.928584000686194 1.9159012349250504 1.903218469163907 1.8905357034027632 1.8778529376416195 1.8651701718804758 1.8524874061193322 1.8398046403581887 1.8271218745970232 1.8144391088358796
2.3362128880087174 2.325044700264121 2.3138765125195246 2.3027083247749096 2.2915401370303132 2.280371949285717 2.2692037615411205 2.258035573796524 2.2468673860519277 2.2356991983073318 2.2245310105627354 2.213362822818139 2.2021946350735426 -9999.0 -9999.0 -9999.0 -9999.0 -9999.0 -9999.0 -9999.0 -9999.0 -9999.0 -9999.0 -9999.0 -9999.0 -9999.0 -9999.0 -9999.0 2.0099929525405766 1.9978919207641206 1.9857908889876856 1.9736898572112505 1.9615888254348153 1.9494877936583803 1.9373867618819451 1.92528573010551 1.9131846983290748 1.9010836665526398 1.8889826347762046 1.8768816029997697 1.8647805712233345 1.8526795394468993 1.8405785076704435 1.8284774758940086
2.331002576007046 2.3199895469135012 2.308976517819957 2.2979634887263938 2.2869504596328496 2.275937430539305 2.264924401445761 2.253911372352216 2.242898343258672 2.231885314165128 2.220872285071583 2.209859255978039 -9999.0 -9999.0 -9999.0 -9999.0 -9999.0 -9999.0 -9999.0 -9999.0 -9999.0 -9999.0 -9999.0 -9999.0 -9999.0 -9999.0 -9999.0 -9999.0 2.015305309828075 2.0037860120363287 1.9922667142446022 1.9807474164528758 1.969228118661149 1.9577088208694224 1.946189523077696 1.9346702252859693 1.9231509274942429 1.9116316297025162 1.9001123319107898 1.888593034119063 1.8770737363273367 1.86555443853561 1.8540351407438638 1.8425158429521373
2.3257922640053743 2.314934393562882 2.3040765231203895 2.293218652677879 2.2823607822353864 2.271502911792894 2.2606450413504016 2.2497871709079087 -9999.0 -9999.0 -9999.0 -9999.0 -9999.0 -9999.0 -9999.0 -9999.0 -9999.0 -9999.0 -9999.0 -9999.0 -9999.0 -9999.0 -9999.0 -9999.0 -9999.0 -9999.0 -9999.0 -9999.0 -9999.0 2.009680103308537 1.998742539501519 1.987804975694501 1.976867411887483 1.965929848080465 1.9549922842734468 1.944054720466429 1.933117156659411 1.9221795928523928 1.9112420290453749 1.900304465238357 1.8893669014313388 1.8784293376243208 1.8674917738172843 1.856554210010266
2.3205819520037005 2.3098792402122603 2.29917652842082 2.2884738166293612 2.277771104837921 2.2670683930464803 2.25636568125504 2.2456629694635994 -9999.0 -9999.0 -9999.0 -9999.0 -9999.0 -9999.0 -9999.0 -9999.0 -9999.0 -9999.0 -9999.0 -9999.0 -9999.0 -9999.0 -9999.0 -9999.0 -9999.0 -9999.0 -9999.0 -9999.0 -9999.0 2.015574194580748 2.0052183647584387 1.9948625349361293 1.98450670511382 1.974150875291511 1.9637950454692017 1.9534392156468923 1.943083385824583 1.9327275560022739 1.9223717261799647 1.9120158963576555 1.9016600665353462 1.891304236713037 1.88094840689071 1.8705925770684009
2.3153716400020294 2.304824086861641 2.2942765337212525 2.283728980580846 -9999.0 2.262633874300069 -9999.0 -9999.0 -9999.0 -9999.0 -9999.0 -9999.0 -9999.0 -9999.0 -9999.0 -9999.0 -9999.0 -9999.0 -9999.0 -9999.0 -9999.0 -9999.0 -9999.0 -9999.0 -9999.0 -9999.0 -9999.0 -9999.0 -9999.0 -9999.0 -9999.0 2.0019200941777546 1.992145998340154 1.9823719025025532 1.9725978066649525 1.9628237108273519 1.9530496149897512 1.9432755191521505 1.9335014233145498 1.923727327476949 1.9139532316393484 1.9041791358017477 1.8944050399641303 1.8846309441265297
2.310161328000358 2.2997689335110216 2.289376539021685 2.278984144532331 -9999.0 -9999.0 -9999.0 -9999.0 -9999.0 -9999.0 -9999.0 -9999.0 -9999.0 -9999.0 -9999.0 -9999.0 -9999.0 -9999.0 -9999.0 -9999.0 -9999.0 -9999.0 -9999.0 -9999.0 -9999.0 -9999.0 -9999.0 -9999.0 -9999.0 -9999.0 -9999.0 2.00897765341938 1.999785291566488 1.9905929297135958 1.9814005678607036 1.9722082060078114 1.9630158441549193 1.953823482302027 1.9446311204491349 1.9354387585962427 1.9262463967433505 1.9170540348904583 1.9078616730375506 1.8986693111846584
