Figures/CREST_Example_wjb_NSE/PETs/wjb.pet.20100324.asc
ncols            288
nrows            254
xllcorner        113.274861
yllcorner        31.4918055
cellsize         0.008333333333
NODATA_value     -9999
[rows 95 to 113 of 254, columns 44 to 87 of 288]
0.6647344332373519 0.6646432260129884 0.6645520187886249 0.6644608115642614 0.6643696043398979 0.6642783971155344 0.6641871898911709 0.6640959826668074 0.6640047754424437 0.6639135682180802 0.6638223609937167 0.6637311537693532 0.6636399465449897 0.6635487393206262 0.6634575320962627 0.6633663248718992 0.6632751176475357 0.6631839104231722 0.6630927031988086 0.6630014959744451 0.6629102887500816 0.662819081525718 0.6627278743013545 0.662636667076991 0.6625454598526275 0.662454252628264 0.6623630454039005 0.6622718381795369 0.6624447223722588 0.6628999262599108 0.6633551301475628 0.6638103340352147 0.6642655379228667 0.6647207418105187 0.6651759456981715 0.6656311495858235 0.6660863534734754 0.6665415573611274 0.6669967612487794 0.6674519651364315 0.6679071690240834 0.6683623729117354 0.6688175767993874 0.6692727806870393
0.6601593949188311 0.6600406007782484 0.6599218066376659 0.6598030124970832 0.6596842183565005 0.6595654242159179 0.6594466300753352 0.6593278359347525 0.6592090417941697 0.659090247653587 0.6589714535130043 0.6588526593724218 0.6587338652318391 0.6586150710912564 0.6584962769506738 0.6583774828100911 0.6582586886695084 0.6581398945289257 0.6580211003883432 0.6579023062477605 0.6577835121071778 0.657664717966595 0.6575459238260123 0.6574271296854297 0.657308335544847 0.6571895414042643 0.6570707472636816 0.6569519531230991 0.6570939031643733 0.6575145946304509 0.6579352860965285 0.6583559775626061 0.6587766690286837 0.6591973604947613 0.6596180519608397 0.6600387434269173 0.6604594348929949 0.6608801263590725 0.66130081782515 0.6617215092912276 0.6621422007573052 0.6625628922233828 0.6629835836894604 0.663404275155538
0.6555843566003103 0.6554379755435085 0.6552915944867067 0.655145213429905 0.6549988323731031 0.6548524513163013 0.6547060702594995 0.6545596892026977 0.6544133081458956 0.6542669270890938 0.6541205460322921 0.6539741649754902 0.6538277839186885 0.6536814028618867 0.6535350218050848 0.6533886407482831 0.6532422596914813 0.6530958786346794 0.6529494975778777 0.6528031165210759 0.652656735464274 0.6525103544074721 0.6523639733506702 0.6522175922938684 0.6520712112370667 0.6519248301802648 0.651778449123463 0.6516320680666613 0.6517430839564881 0.6521292630009913 0.6525154420454945 0.6529016210899977 0.6532878001345009 0.653673979179004 0.6540601582235079 0.6544463372680112 0.6548325163125144 0.6552186953570175 0.6556048744015207 0.6559910534460239 0.6563772324905272 0.6567634115350304 0.6571495905795336 0.6575357696240367
0.6510093182817855 0.6508353503087646 0.6506613823357437 0.6504874143627227 0.6503134463897017 0.6501394784166807 0.6499655104436598 0.6497915424706387 0.6496175744976175 0.6494436065245965 0.6492696385515756 0.6490956705785547 0.6489217026055336 0.6487477346325127 0.6485737666594917 0.6483997986864707 0.6482258307134497 0.6480518627404288 0.6478778947674079 0.6477039267943868 0.6475299588213659 0.6473559908483446 0.6471820228753237 0.6470080549023027 0.6468340869292817 0.6466601189562607 0.6464861509832398 0.6463121830102188 0.6463922647485981 0.6467439313715269 0.6470955979944557 0.6474472646173844 0.6477989312403133 0.648150597863242 0.6485022644861714 0.6488539311091002 0.649205597732029 0.6495572643549578 0.6499089309778865 0.6502605976008153 0.6506122642237441 0.6509639308466728 0.6513155974696017 0.6516672640925304
0.6464342799632649 0.6462327250740247 0.6460311701847846 0.6458296152955445 0.6456280604063044 0.6454265055170643 0.6452249506278241 0.645023395738584 0.6448218408493436 0.6446202859601035 0.6444187310708633 0.6442171761816232 0.6440156212923831 0.643814066403143 0.6436125115139029 0.6434109566246627 0.6432094017354226 0.6430078468461825 0.6428062919569424 0.6426047370677023 0.6424031821784622 0.6422016272892217 0.6420000723999816 0.6417985175107415 0.6415969626215013 0.6413954077322612 0.6411938528430211 0.640992297953781 0.6410414455407129 0.6413585997420672 0.6416757539434216 0.6419929081447759 0.6423100623461304 0.6426272165474848 0.6429443707488397 0.6432615249501941 0.6435786791515484 0.6438958333529028 0.6442129875542572 0.6445301417556116 0.644847295956966 0.6451644501583204 0.6454816043596747 0.6457987585610291
0.6418592416447441 0.6416300998392849 0.6414009580338256 0.6411718162283663 0.6409426744229071 0.6407135326174478 0.6404843908119885 0.6402552490065293 0.6400261072010696 0.6397969653956104 0.6395678235901511 0.6393386817846918 0.6391095399792326 0.6388803981737733 0.638651256368314 0.6384221145628548 0.6381929727573955 0.6379638309519362 0.637734689146477 0.6375055473410177 0.6372764055355584 0.6370472637300988 0.6368181219246395 0.6365889801191803 0.636359838313721 0.6361306965082617 0.6359015547028025 0.6356724128973432 0.6356906263328276 0.6359732681126076 0.6362559098923876 0.6365385516721676 0.6368211934519475 0.6371038352317275 0.637386477011508 0.637669118791288 0.637951760571068 0.6382344023508479 0.6385170441306279 0.6387996859104079 0.6390823276901879 0.6393649694699679 0.6396476112497479 0.6399302530295279
0.6372842033262233 0.6370274746045448 0.6367707458828664 0.636514017161188 0.6362572884395096 0.6360005597178312 0.6357438309961527 0.6354871022744744 0.6352303735527955 0.6349736448311171 0.6347169161094387 0.6344601873877603 0.6342034586660819 0.6339467299444035 0.6336900012227251 0.6334332725010466 0.6331765437793683 0.6329198150576898 0.6326630863360114 0.6324063576143331 0.6321496288926546 0.6318929001709758 0.6316361714492974 0.6313794427276189 0.6311227140059406 0.6308659852842622 0.6306092565625837 0.6303525278409053 0.6303398071249422 0.6305879364831477 0.6308360658413533 0.6310841951995589 0.6313323245577646 0.6315804539159702 0.6318285832741761 0.6320767126323817 0.6323248419905874 0.6325729713487929 0.6328211007069985 0.6330692300652041 0.6333173594234097 0.6335654887816153 0.6338136181398208 0.6340617474980265
0.6327091650077025 0.6324248493698049 0.6321405337319074 0.6318562180940098 0.6315719024561123 0.6312875868182147 0.6310032711803172 0.6307189555424196 0.6304346399045215 0.630150324266624 0.6298660086287264 0.6295816929908289 0.6292973773529313 0.6290130617150338 0.6287287460771362 0.6284444304392387 0.6281601148013412 0.6278757991634436 0.6275914835255461 0.6273071678876484 0.6270228522497509 0.6267385366118529 0.6264542209739553 0.6261699053360578 0.6258855896981602 0.6256012740602627 0.6253169584223651 0.6250326427844676 0.6249889879170569 0.6252026048536881 0.6254162217903193 0.6256298387269504 0.6258434556635817 0.6260570726002128 0.6262706895368444 0.6264843064734756 0.6266979234101068 0.626911540346738 0.6271251572833692 0.6273387742200004 0.6275523911566315 0.6277660080932628 0.6279796250298939 0.6281932419665252
0.6281341266891816 0.6278222241350649 0.6275103215809482 0.6271984190268315 0.6268865164727148 0.6265746139185981 0.6262627113644814 0.6259508088103647 0.6256389062562475 0.6253270037021308 0.6250151011480141 0.6247031985938973 0.6243912960397807 0.624079393485664 0.6237674909315473 0.6234555883774305 0.6231436858233139 0.6228317832691972 0.6225198807150805 0.6222079781609637 0.6218960756068471 0.6215841730527298 0.6212722704986131 0.6209603679444964 0.6206484653903798 0.620336562836263 0.6200246602821463 0.6197127577280296 0.6196381687091714 0.6198172732242283 0.6199963777392851 0.6201754822543419 0.6203545867693987 0.6205336912844555 0.6207127957995127 0.6208919003145694 0.6210710048296262 0.621250109344683 0.6214292138597398 0.6216083183747966 0.6217874228898534 0.6219665274049102 0.6221456319199671 0.6223247364350238
0.6235590883706609 0.623219598900325 0.6228801094299892 0.6225406199596533 0.6222011304893175 0.6218616410189817 0.6215221515486458 0.62118266207831 0.6208431726079735 0.6205036831376377 0.6201641936673018 0.619824704196966 0.6194852147266301 0.6191457252562943 0.6188062357859584 0.6184667463156226 0.6181272568452867 0.6177877673749509 0.617448277904615 0.6171087884342792 0.6167692989639434 0.6164298094936069 0.616090320023271 0.6157508305529352 0.6154113410825994 0.6150718516122635 0.6147323621419277 0.6143928726715918 0.6142873495012862 0.6144319415947685 0.614576533688251 0.6147211257817334 0.6148657178752158 0.6150103099686982 0.6151549020621808 0.6152994941556633 0.6154440862491457 0.6155886783426281 0.6157332704361105 0.6158778625295929 0.6160224546230753 0.6161670467165578 0.6163116388100401 0.6164562309035225
0.6189840500521362 0.6186169736655811 0.6182498972790261 0.6178828208924712 0.6175157445059161 0.6171486681193611 0.616781591732806 0.616414515346251 0.6160474389596954 0.6156803625731404 0.6153132861865853 0.6149462098000303 0.6145791334134753 0.6142120570269203 0.6138449806403653 0.6134779042538102 0.6131108278672552 0.6127437514807003 0.6123766750941452 0.6120095987075902 0.6116425223210351 0.6112754459344795 0.6109083695479245 0.6105412931613695 0.6101742167748144 0.6098071403882594 0.6094400640017045 0.6090729876151494 0.6089365302933962 0.6090466099653042 0.6091566896372123 0.6092667693091202 0.6093768489810282 0.6094869286529362 0.6095970083248443 0.6097070879967523 0.6098171676686603 0.6099272473405682 0.6100373270124763 0.6101474066843843 0.6102574863562923 0.6103675660282002 0.6104776457001082 0.6105877253720162
0.6144090117336154 0.6140143484308412 0.6136196851280671 0.6132250218252929 0.6128303585225188 0.6124356952197446 0.6120410319169705 0.6116463686141963 0.6112517053114214 0.6108570420086472 0.610462378705873 0.6100677154030989 0.6096730521003247 0.6092783887975506 0.6088837254947764 0.6084890621920023 0.6080943988892281 0.607699735586454 0.6073050722836798 0.6069104089809056 0.6065157456781315 0.6061210823753566 0.6057264190725824 0.6053317557698082 0.6049370924670341 0.6045424291642599 0.6041477658614858 0.6037531025587116 0.603585711085511 0.6036612783358445 0.6037368455861781 0.6038124128365117 0.6038879800868453 0.6039635473371788 0.6040391145875126 0.6041146818378462 0.6041902490881798 0.6042658163385134 0.6043413835888469 0.6044169508391806 0.6044925180895141 0.6045680853398477 0.6046436525901813 0.6047192198405149
0.6098339734150945 0.6094117231961013 0.6089894729771079 0.6085672227581146 0.6081449725391213 0.607722722320128 0.6073004721011347 0.6068782218821414 0.6064559716631474 0.606033721444154 0.6056114712251607 0.6051892210061675 0.6047669707871741 0.6043447205681808 0.6039224703491874 0.6035002201301941 0.6030779699112009 0.6026557196922075 0.6022334694732142 0.6018112192542209 0.6013889690352276 0.6009667188162335 0.6005444685972403 0.600122218378247 0.5996999681592536 0.5992777179402603 0.598855467721267 0.5984332175022737 0.5982348918776256 0.5982759467063847 0.5983170015351439 0.5983580563639032 0.5983991111926623 0.5984401660214216 0.5984812208501809 0.59852227567894 0.5985633305076992 0.5986043853364584 0.5986454401652176 0.5986864949939767 0.598727549822736 0.5987686046514952 0.5988096594802543 0.5988507143090136
0.6052589350965738 0.6048090979613613 0.6043592608261489 0.6039094236909364 0.603459586555724 0.6030097494205116 0.602559912285299 0.6021100751500866 0.6016602380148733 0.6012104008796609 0.6007605637444484 0.600310726609236 0.5998608894740235 0.5994110523388111 0.5989612152035986 0.5985113780683862 0.5980615409331738 0.5976117037979612 0.5971618666627488 0.5967120295275363 0.5962621923923239 0.5958123552571106 0.5953625181218982 0.5949126809866857 0.5944628438514733 0.5940130067162608 0.5935631695810484 0.593113332445836 0.5928840726697403 0.5928906150769251 0.5928971574841099 0.5929036998912947 0.5929102422984794 0.5929167847056642 0.5929233271128491 0.5929298695200339 0.5929364119272187 0.5929429543344035 0.5929494967415883 0.592956039148773 0.5929625815559578 0.5929691239631426 0.5929756663703275 0.5929822087775123
0.600683896778053 0.6002064727266214 0.5997290486751898 0.5992516246237583 0.5987742005723267 0.598296776520895 0.5978193524694634 0.5973419284180318 0.5968645043665994 0.5963870803151679 0.5959096562637362 0.5954322322123046 0.594954808160873 0.5944773841094414 0.5939999600580098 0.5935225360065782 0.5930451119551465 0.592567687903715 0.5920902638522834 0.5916128398008518 0.5911354157494202 0.5906579916979877 0.5901805676465561 0.5897031435951245 0.589225719543693 0.5887482954922614 0.5882708714408297 0.5877934473893981 0.587533253461855 0.5875052834474653 0.5874773134330757 0.5874493434186862 0.5874213734042966 0.587393403389907 0.5873654333755174 0.5873374633611278 0.5873094933467382 0.5872815233323486 0.587253553317959 0.5872255833035693 0.5871976132891797 0.5871696432747902 0.5871416732604006 0.587113703246011
0.5961088584595322 0.5956038474918814 0.5950988365242307 0.5945938255565799 0.5940888145889291 0.5935838036212784 0.5930787926536277 0.592573781685977 0.5920687707183253 0.5915637597506745 0.5910587487830238 0.5905537378153731 0.5900487268477224 0.5895437158800716 0.5890387049124208 0.5885336939447701 0.5880286829771193 0.5875236720094685 0.5870186610418179 0.5865136500741671 0.5860086391065163 0.5855036281388647 0.5849986171712139 0.5844936062035633 0.5839885952359125 0.5834835842682617 0.582978573300611 0.5824735623329602 0.5821824342539695 0.5821199518180056 0.5820574693820416 0.5819949869460777 0.5819325045101136 0.5818700220741496 0.5818075396381855 0.5817450572022216 0.5816825747662575 0.5816200923302935 0.5815576098943296 0.5814951274583656 0.5814326450224016 0.5813701625864376 0.5813076801504736 0.5812451977145097
0.5915338201410075 0.5910012222571376 0.5904686243732676 0.5899360264893977 0.5894034286055279 0.5888708307216579 0.588338232837788 0.587805634953918 0.5872730370700472 0.5867404391861774 0.5862078413023074 0.5856752434184375 0.5851426455345675 0.5846100476506977 0.5840774497668277 0.5835448518829578 0.5830122539990878 0.582479656115218 0.5819470582313481 0.5814144603474781 0.5808818624636082 0.5803492645797375 0.5798166666958675 0.5792840688119976 0.5787514709281276 0.5782188730442578 0.5776862751603878 0.5771536772765179 0.5768316150460797 0.5767346201885413 0.5766376253310029 0.5765406304734645 0.576443635615926 0.5763466407583877 0.576249645900849 0.5761526510433107 0.5760556561857723 0.5759586613282338 0.5758616664706955 0.575764671613157 0.5756676767556186 0.5755706818980801 0.5754736870405418 0.5753766921830034
0.5869587818224867 0.5863985970223976 0.5858384122223086 0.5852782274222195 0.5847180426221305 0.5841578578220414 0.5835976730219523 0.5830374882218633 0.5824773034217732 0.5819171186216842 0.5813569338215951 0.580796749021506 0.580236564221417 0.5796763794213279 0.5791161946212389 0.5785560098211497 0.5779958250210607 0.5774356402209716 0.5768754554208826 0.5763152706207935 0.5757550858207044 0.5751949010206144 0.5746347162205253 0.5740745314204363 0.5735143466203472 0.5729541618202582 0.572393977020169 0.57183379222008 0.5714807958381943 0.5713492885590815 0.5712177812799687 0.5710862740008559 0.5709547667217431 0.5708232594426303 0.5706917521635173 0.5705602448844045 0.5704287376052917 0.5702972303261789 0.570165723047066 0.5700342157679532 0.5699027084888404 0.5697712012097276 0.5696396939306148 0.569508186651502
0.5823837435039659 0.5817959717876577 0.5812082000713495 0.5806204283550414 0.5800326566387332 0.5794448849224249 0.5788571132061167 0.5782693414898085 0.5776815697734993 0.5770937980571911 0.5765060263408829 0.5759182546245746 0.5753304829082664 0.5747427111919582 0.57415493947565 0.5735671677593418 0.5729793960430336 0.5723916243267253 0.5718038526104171 0.5712160808941089 0.5706283091778007 0.5700405374614915 0.5694527657451832 0.568864994028875 0.5682772223125668 0.5676894505962586 0.5671016788799504 0.5665139071636422 0.5661299766303091 0.5659639569296219 0.5657979372289347 0.5656319175282475 0.5654658978275603 0.565299878126873 0.5651338584261856 0.5649678387254984 0.5648018190248112 0.564635799324124 0.5644697796234367 0.5643037599227495 0.5641377402220623 0.5639717205213751 0.5638057008206879 0.5636396811200007
