Figures/CREST_Example_wjb_NSE/PETs/wjb.pet.20090416.asc
ncols            288
nrows            254
xllcorner        113.274861
yllcorner        31.4918055
cellsize         0.008333333333
NODATA_value     -9999
[rows 180 to 199 of 254, columns 176 to 219 of 288]
1.5429392053043531 1.5416252541343705 1.5403113029643878 1.5389973517944049 1.5376834006244222 1.5363694494544395 1.5350554982844546 1.533741547114472 1.532427595944489 1.5311136447745064 1.5297996936045237 1.528485742434541 1.5271717912645584 1.5258578400945755 1.5245438889245928 1.5232299377546101 1.5222934949771079 1.5217606172129017 1.5212277394486957 1.5206948616844886 1.5201619839202825 1.5196291061560763 1.51909622839187 1.518563350627664 1.518030472863458 1.5174975950992518 1.5169647173350456 1.5164318395708394 1.5158989618066332 1.515366084042427 1.514833206278221 1.5143003285140149 1.5137674507498078 1.5132345729856016 1.5127016952213954 1.5121688174571892 1.5116359396929833 1.511103061928777 1.510570184164571 1.5100373064003647 1.5095044286361585 1.5089715508719523 1.5084386731077464 1.5079057953435402
1.5424326263547221 1.5410699562045655 1.5397072860544092 1.5383446159042526 1.5369819457540963 1.5356192756039397 1.5342566054537812 1.5328939353036246 1.5315312651534683 1.5301685950033117 1.5288059248531554 1.5274432547029988 1.5260805845528425 1.5247179144026861 1.5233552442525296 1.5219925741023732 1.5210083336752784 1.5204286431847176 1.519848952694157 1.519269262203595 1.5186895717130344 1.5181098812224736 1.5175301907319128 1.5169505002413521 1.5163708097507913 1.5157911192602305 1.5152114287696699 1.514631738279109 1.5140520477885482 1.5134723572979873 1.5128926668074267 1.512312976316866 1.5117332858263042 1.5111535953357433 1.5105739048451827 1.5099942143546219 1.509414523864061 1.5088348333735002 1.5082551428829396 1.5076754523923788 1.507095761901818 1.5065160714112573 1.5059363809206965 1.5053566904301356
1.5419260474050909 1.5405146582747606 1.5391032691444306 1.5376918800141004 1.5362804908837702 1.5348691017534402 1.5334577126231075 1.5320463234927775 1.5306349343624472 1.529223545232117 1.527812156101787 1.5264007669714568 1.5249893778411265 1.5235779887107965 1.5221665995804663 1.5207552104501363 1.519723172373449 1.5190966691565335 1.5184701659396183 1.5178436627227017 1.5172171595057864 1.516590656288871 1.5159641530719556 1.5153376498550402 1.514711146638125 1.5140846434212094 1.5134581402042941 1.5128316369873787 1.5122051337704632 1.511578630553548 1.5109521273366324 1.5103256241197172 1.5096991209028008 1.5090726176858853 1.5084461144689698 1.5078196112520545 1.507193108035139 1.5065666048182238 1.5059401016013083 1.505313598384393 1.5046870951674776 1.5040605919505623 1.5034340887336468 1.5028075855167315
1.5414194684554594 1.5399593603449555 1.5384992522344516 1.5370391441239477 1.5355790360134436 1.5341189279029397 1.5326588197924333 1.5311987116819294 1.5297386035714255 1.5282784954609216 1.5268183873504177 1.5253582792399139 1.52389817112941 1.522438063018906 1.520977954908402 1.519517846797898 1.5184380110716182 1.5177646951283483 1.5170913791850782 1.516418063241807 1.515744747298537 1.515071431355267 1.514398115411997 1.5137247994687268 1.513051483525457 1.5123781675821868 1.5117048516389167 1.5110315356956467 1.5103582197523766 1.5096849038091067 1.5090115878658366 1.5083382719225666 1.5076649559792954 1.5069916400360253 1.5063183240927553 1.5056450081494852 1.5049716922062153 1.5042983762629452 1.503625060319675 1.502951744376405 1.502278428433135 1.501605112489865 1.500931796546595 1.500258480603325
1.5409128895058282 1.5394040624151506 1.537895235324473 1.5363864082337952 1.5348775811431177 1.53336875405244 1.5318599269617599 1.5303510998710823 1.5288422727804045 1.527333445689727 1.5258246185990494 1.5243157915083716 1.522806964417694 1.5212981373270165 1.5197893102363387 1.518280483145661 1.5171528497697888 1.5164327211001642 1.5157125924305395 1.5149924637609136 1.514272335091289 1.5135522064216642 1.5128320777520397 1.5121119490824149 1.5113918204127903 1.5106716917431657 1.509951563073541 1.5092314344039164 1.5085113057342916 1.507791177064667 1.5070710483950422 1.5063509197254177 1.5056307910557918 1.504910662386167 1.5041905337165424 1.5034704050469179 1.502750276377293 1.5020301477076685 1.5013100190380437 1.5005898903684192 1.4998697616987944 1.4991496330291698 1.498429504359545 1.4977093756899205
1.540406310556197 1.5388487644853457 1.5372912184144942 1.535733672343643 1.5341761262727915 1.5326185802019403 1.5310610341310862 1.529503488060235 1.5279459419893835 1.5263883959185323 1.5248308498476808 1.5232733037768296 1.5217157577059781 1.5201582116351269 1.5186006655642754 1.5170431194934242 1.5158676884679594 1.5151007470719802 1.5143338056760007 1.5135668642800202 1.512799922884041 1.5120329814880618 1.5112660400920823 1.510499098696103 1.509732157300124 1.5089652159041445 1.5081982745081652 1.507431333112186 1.5066643917162068 1.5058974503202274 1.5051305089242482 1.504363567528269 1.5035966261322882 1.502829684736309 1.5020627433403297 1.5012958019443505 1.500528860548371 1.4997619191523919 1.4989949777564127 1.4982280363604332 1.497461094964454 1.4966941535684748 1.4959272121724956 1.4951602707765161
1.539899731606566 1.5382934665555408 1.5366872015045157 1.5350809364534908 1.5334746714024656 1.5318684063514405 1.5302621413004127 1.5286558762493878 1.5270496111983627 1.5254433461473376 1.5238370810963124 1.5222308160452875 1.5206245509942624 1.5190182859432373 1.5174120208922122 1.5158057558411873 1.51458252716613 1.5137687730437959 1.512955018921462 1.5121412647991268 1.511327510676793 1.510513756554459 1.509700002432125 1.5088862483097911 1.5080724941874573 1.5072587400651234 1.5064449859427895 1.5056312318204557 1.5048174776981216 1.5040037235757877 1.5031899694534538 1.50237621533112 1.5015624612087848 1.5007487070864507 1.4999349529641168 1.499121198841783 1.498307444719449 1.4974936905971152 1.4966799364747814 1.4958661823524473 1.4950524282301134 1.4942386741077796 1.4934249199854457 1.4926111658631118
1.5393931526569347 1.537738168625736 1.5360831845945373 1.5344282005633385 1.5327732165321397 1.531118232500941 1.5294632484697392 1.5278082644385405 1.5261532804073417 1.5244982963761429 1.522843312344944 1.5211883283137453 1.5195333442825465 1.5178783602513477 1.516223376220149 1.5145683921889501 1.5132973658643003 1.5124367990156118 1.5115762321669233 1.5107156653182334 1.509855098469545 1.5089945316208564 1.5081339647721679 1.5072733979234794 1.5064128310747908 1.5055522642261023 1.5046916973774138 1.5038311305287253 1.5029705636800368 1.5021099968313483 1.5012494299826598 1.5003888631339712 1.4995282962852812 1.4986677294365927 1.4978071625879041 1.4969465957392156 1.496086028890527 1.4952254620418386 1.49436489519315 1.4935043283444616 1.492643761495773 1.4917831946470845 1.490922627798396 1.4900620609497075
1.5388865737073036 1.5371828706959312 1.5354791676845587 1.533775464673186 1.5320717616618136 1.5303680586504411 1.5286643556390658 1.5269606526276933 1.5252569496163209 1.5235532466049482 1.5218495435935757 1.5201458405822033 1.5184421375708308 1.5167384345594583 1.5150347315480857 1.5133310285367132 1.5120122045624709 1.5111048249874277 1.5101974454123845 1.5092900658373398 1.5083826862622969 1.5074753066872537 1.5065679271122105 1.5056605475371674 1.5047531679621242 1.503845788387081 1.5029384088120379 1.5020310292369947 1.5011236496619518 1.5002162700869086 1.4993088905118654 1.4984015109368223 1.4974941313617776 1.4965867517867344 1.4956793722116912 1.4947719926366483 1.4938646130616051 1.492957233486562 1.4920498539115188 1.4911424743364756 1.4902350947614325 1.4893277151863893 1.4884203356113461 1.4875129560363032
1.5383799947576722 1.5366275727661258 1.5348751507745795 1.5331227287830334 1.531370306791487 1.5296178847999409 1.5278654628083916 1.5261130408168453 1.524360618825299 1.5226081968337528 1.5208557748422065 1.5191033528506603 1.517350930859114 1.5155985088675676 1.5138460868760215 1.5120936648844752 1.5107270432606403 1.5097728509592425 1.5088186586578447 1.5078644663564453 1.5069102740550475 1.5059560817536497 1.5050018894522519 1.504047697150854 1.5030935048494563 1.5021393125480584 1.5011851202466606 1.5002309279452628 1.499276735643865 1.4983225433424674 1.4973683510410696 1.4964141587396718 1.4954599664382722 1.4945057741368746 1.4935515818354768 1.492597389534079 1.4916431972326811 1.4906890049312833 1.4897348126298855 1.4887806203284877 1.4878264280270899 1.486872235725692 1.4859180434242942 1.4849638511228964
1.537873415808041 1.536072274836321 1.534271133864601 1.5324699928928809 1.530668851921161 1.528867710949441 1.527066569977718 1.525265429005998 1.523464288034278 1.5216631470625581 1.519862006090838 1.518060865119118 1.516259724147398 1.514458583175678 1.5126574422039583 1.5108563012322382 1.5094418819588107 1.5084408769310584 1.507439871903306 1.5064388668755517 1.5054378618477995 1.504436856820047 1.5034358517922946 1.502434846764542 1.5014338417367898 1.5004328367090374 1.499431831681285 1.4984308266535324 1.4974298216257802 1.4964288165980277 1.4954278115702753 1.4944268065425228 1.4934258015147688 1.4924247964870163 1.491423791459264 1.4904227864315116 1.4894217814037591 1.4884207763760067 1.4874197713482544 1.486418766320502 1.4854177612927495 1.484416756264997 1.4834157512372448 1.4824147462094923
1.5373668368584097 1.535516976906516 1.5336671169546223 1.5318172570027286 1.529967397050835 1.528117537098941 1.5262676771470443 1.5244178171951506 1.5225679572432569 1.5207180972913632 1.5188682373394695 1.5170183773875758 1.5151685174356821 1.5133186574837885 1.5114687975318948 1.509618937580001 1.508156720656981 1.5071089029028741 1.506061085148767 1.5050132673946581 1.5039654496405512 1.5029176318864441 1.5018698141323372 1.50082199637823 1.499774178624123 1.498726360870016 1.497678543115909 1.496630725361802 1.495582907607695 1.4945350898535879 1.493487272099481 1.4924394543453738 1.4913916365912652 1.490343818837158 1.489296001083051 1.488248183328944 1.487200365574837 1.48615254782073 1.485104730066623 1.484056912312516 1.483009094558409 1.4819612768043018 1.480913459050195 1.4798656412960878
1.5368602579087784 1.534961678976711 1.5330631000446437 1.5311645211125762 1.5292659421805088 1.5273673632484415 1.5254687843163708 1.5235702053843034 1.5216716264522359 1.5197730475201685 1.5178744685881012 1.5159758896560338 1.5140773107239662 1.5121787317918989 1.5102801528598315 1.508381573927764 1.5068715593551516 1.5057769288746898 1.5046822983942283 1.5035876679137647 1.5024930374333032 1.5013984069528414 1.50030377647238 1.4992091459919181 1.4981145155114566 1.4970198850309948 1.4959252545505333 1.4948306240700715 1.49373599358961 1.4926413631091482 1.4915467326286866 1.490452102148225 1.4893574716677616 1.4882628411872998 1.4871682107068382 1.4860735802263765 1.484978949745915 1.4838843192654532 1.4827896887849916 1.4816950583045299 1.4806004278240683 1.4795057973436068 1.478411166863145 1.4773165363826835
1.5363536789591474 1.5344063810469062 1.5324590831346652 1.530511785222424 1.528564487310183 1.5266171893979417 1.5246698914856973 1.522722593573456 1.520775295661215 1.5188279977489738 1.5168806998367328 1.5149334019244916 1.5129861040122505 1.5110388061000093 1.5090915081877683 1.507144210275527 1.5055863980533222 1.5044449548465058 1.5033035116396896 1.5021620684328714 1.5010206252260552 1.4998791820192388 1.4987377388124226 1.4975962956056064 1.49645485239879 1.4953134091919738 1.4941719659851576 1.4930305227783414 1.491889079571525 1.4907476363647088 1.4896061931578926 1.4884647499510761 1.487323306744258 1.4861818635374417 1.4850404203306256 1.4838989771238091 1.482757533916993 1.4816160907101767 1.4804746475033603 1.4793332042965441 1.478191761089728 1.4770503178829117 1.4759088746760953 1.4747674314692791
1.5358471000095162 1.5338510831171013 1.5318550662246864 1.5298590493322715 1.5278630324398565 1.5258670155474416 1.5238709986550234 1.5218749817626085 1.5198789648701938 1.517882947977779 1.515886931085364 1.513890914192949 1.5118948973005342 1.5098988804081195 1.5079028635157046 1.5059068466232897 1.504301236751492 1.5031129808183212 1.5019247248851504 1.5007364689519773 1.4995482130188065 1.4983599570856356 1.4971717011524648 1.4959834452192937 1.4947951892861229 1.493606933352952 1.492418677419781 1.4912304214866101 1.4900421655534393 1.4888539096202684 1.4876656536870974 1.4864773977539265 1.4852891418207537 1.4841008858875826 1.4829126299544118 1.481724374021241 1.48053611808807 1.479347862154899 1.4781596062217282 1.4769713502885573 1.4757830943553865 1.4745948384222154 1.4734065824890445 1.4722183265558737
1.535340521059885 1.5332957851872964 1.5312510493147078 1.5292063134421192 1.5271615775695306 1.525116841696942 1.52307210582435 1.5210273699517614 1.5189826340791728 1.5169378982065842 1.5148931623339956 1.512848426461407 1.5108036905888185 1.50875895471623 1.5067142188436413 1.5046694829710527 1.5030160754496626 1.5017810067901372 1.5005459381306117 1.499310869471084 1.4980758008115584 1.496840732152033 1.4956056634925075 1.494370594832982 1.4931355261734565 1.491900457513931 1.4906653888544052 1.4894303201948798 1.4881952515353543 1.4869601828758288 1.4857251142163033 1.4844900455567778 1.48325497689725 1.4820199082377246 1.480784839578199 1.4795497709186736 1.478314702259148 1.4770796335996226 1.475844564940097 1.4746094962805716 1.4733744276210459 1.4721393589615204 1.4709042903019949 1.4696692216424694
1.5348339421102537 1.5327404872574915 1.5306470324047292 1.5285535775519667 1.5264601226992045 1.5243666678464423 1.5222732129936762 1.520179758140914 1.5180863032881518 1.5159928484353893 1.513899393582627 1.5118059387298648 1.5097124838771023 1.50761902902434 1.5055255741715778 1.5034321193188154 1.501730914147833 1.5004490327619529 1.4991671513760727 1.4978852699901903 1.4966033886043102 1.49532150721843 1.49403962583255 1.4927577444466698 1.4914758630607896 1.4901939816749095 1.4889121002890293 1.4876302189031492 1.4863483375172692 1.485066456131389 1.483784574745509 1.4825026933596288 1.4812208119737464 1.4799389305878663 1.4786570492019862 1.477375167816106 1.4760932864302259 1.4748114050443457 1.4735295236584656 1.4722476422725854 1.4709657608867053 1.4696838795008251 1.468401998114945 1.4671201167290648
1.5343273631606225 1.5321851893276863 1.5300430154947504 1.5279008416618143 1.5257586678288781 1.5236164939959422 1.5214743201630025 1.5193321463300664 1.5171899724971303 1.5150477986641944 1.5129056248312582 1.5107634509983223 1.5086212771653862 1.50647910333245 1.5043369294995141 1.502194755666578 1.500445752846003 1.4991170587337683 1.4977883646215335 1.4964596705092965 1.4951309763970617 1.493802282284827 1.4924735881725921 1.4911448940603573 1.4898161999481225 1.4884875058358877 1.487158811723653 1.4858301176114181 1.4845014234991833 1.4831727293869486 1.4818440352747138 1.480515341162479 1.479186647050242 1.4778579529380071 1.4765292588257724 1.4752005647135378 1.473871870601303 1.4725431764890682 1.4712144823768334 1.4698857882645986 1.4685570941523638 1.467228400040129 1.4658997059278942 1.4645710118156594
1.5338207842109912 1.5316298913978814 1.5294389985847718 1.527248105771662 1.5250572129585522 1.5228663201454424 1.5206754273323289 1.5184845345192193 1.5162936417061095 1.5141027488929997 1.5119118560798899 1.50972096326678 1.5075300704536705 1.5053391776405607 1.5031482848274509 1.500957392014341 1.4991605915441735 1.497785084705584 1.4964095778669948 1.495034071028403 1.4936585641898137 1.4922830573512242 1.4909075505126348 1.4895320436740453 1.4881565368354561 1.4867810299968667 1.4854055231582772 1.4840300163196878 1.4826545094810986 1.4812790026425091 1.4799034958039197 1.4785279889653302 1.4771524821267386 1.475776975288149 1.4744014684495597 1.4730259616109704 1.471650454772381 1.4702749479337915 1.468899441095202 1.4675239342566129 1.4661484274180234 1.464772920579434 1.4633974137408445 1.462021906902255
1.5333142052613602 1.5310745934680767 1.5288349816747933 1.5265953698815098 1.5243557580882263 1.5221161462949429 1.5198765345016554 1.517636922708372 1.5153973109150884 1.513157699121805 1.5109180873285215 1.508678475535238 1.5064388637419546 1.504199251948671 1.5019596401553876 1.4997200283621042 1.497875430242344 1.4964531106774 1.495030791112456 1.4936084715475095 1.4921861519825654 1.4907638324176216 1.4893415128526775 1.4879191932877336 1.4864968737227895 1.4850745541578454 1.4836522345929015 1.4822299150279574 1.4808075954630133 1.4793852758980695 1.4779629563331254 1.4765406367681813 1.475118317203235 1.4736959976382908 1.472273678073347 1.4708513585084029 1.4694290389434588 1.468006719378515 1.4665843998135708 1.4651620802486267 1.4637397606836828 1.4623174411187387 1.4608951215537949 1.4594728019888508
