Figures/CREST_Example_wjb_NSE/PETs/wjb.pet.20100717.asc
ncols            288
nrows            254
xllcorner        113.274861
yllcorner        31.4918055
cellsize         0.008333333333
NODATA_value     -9999
[rows 160 to 179 of 254, columns 176 to 219 of 288]
2.2498053083062852 2.2595400428663295 2.2692747774263737 2.2790095119864175 2.288744246546462 2.2984789811065056 2.3082137156665663 2.3179484502266106 2.327683184786655 2.3374179193466986 2.347152653906743 2.3568873884667867 2.366622123026831 2.3763568575868748 2.386091592146919 2.3958263267069633 2.40247979554668 2.4058393216127754 2.4091988476788706 2.4125583737449716 2.415917899811067 2.419277425877162 2.4226369519432573 2.4259964780093526 2.429356004075448 2.432715530141543 2.4360750562076388 2.439434582273734 2.4427941083398292 2.4461536344059245 2.4495131604720197 2.452872686538115 2.456232212604216 2.4595917386703112 2.4629512647364065 2.4663107908025017 2.4696703168685974 2.4730298429346926 2.476389369000788 2.479748895066883 2.4831084211329784 2.4864679471990736 2.489827473265169 2.493186999331264
2.253414678194374 2.262951799008002 2.2724889198216305 2.282026040635259 2.2915631614488876 2.301100282262516 2.3106374030761607 2.320174523889789 2.3297116447034174 2.3392487655170457 2.3487858863306745 2.358323007144303 2.367860127957931 2.3773972487715596 2.3869343695851883 2.3964714903988167 2.403081044034773 2.4065609621168824 2.410040880198992 2.4135207982811075 2.417000716363217 2.4204806344453265 2.4239605525274364 2.427440470609546 2.4309203886916553 2.434400306773765 2.4378802248558746 2.441360142937984 2.444840061020094 2.4483199791022034 2.451799897184313 2.4552798152664224 2.458759733348538 2.4622396514306475 2.4657195695127574 2.469199487594867 2.4726794056769763 2.476159323759086 2.4796392418411957 2.483119159923305 2.4865990780054146 2.4900789960875245 2.493558914169634 2.4970388322517434
2.2570240480824624 2.2663635551496752 2.275703062216888 2.285042569284101 2.294382076351314 2.3037215834185267 2.313061090485755 2.322400597552968 2.331740104620181 2.3410796116873938 2.3504191187546066 2.3597586258218195 2.369098132889032 2.378437639956245 2.3877771470234577 2.3971166540906705 2.4036822925228662 2.40728260262099 2.410882912719114 2.414483222817244 2.4180835329153676 2.4216838430134917 2.4252841531116154 2.4288844632097395 2.432484773307863 2.4360850834059873 2.439685393504111 2.4432857036022346 2.4468860137003587 2.4504863237984824 2.4540866338966065 2.45768694399473 2.46128725409286 2.464887564190984 2.468487874289108 2.472088184387232 2.4756884944853557 2.4792888045834798 2.4828891146816034 2.4864894247797276 2.4900897348778512 2.493690044975975 2.497290355074099 2.5008906651722227
2.260633417970554 2.269775311291351 2.278917204612148 2.288059097932945 2.297200991253742 2.306342884574539 2.315484777895352 2.3246266712161487 2.3337685645369457 2.3429104578577427 2.3520523511785396 2.3611942444993366 2.3703361378201335 2.3794780311409305 2.3886199244617274 2.3977618177825244 2.4042835410109595 2.408004243125098 2.411724945239236 2.4154456473533807 2.419166349467519 2.422887051581657 2.4266077536957953 2.4303284558099336 2.434049157924072 2.4377698600382103 2.4414905621523486 2.445211264266487 2.448931966380625 2.452652668494763 2.4563733706089015 2.46009407272304 2.4638147748371844 2.4675354769513227 2.471256179065461 2.4749768811795994 2.4786975832937377 2.482418285407876 2.486138987522014 2.4898596896361522 2.4935803917502906 2.497301093864429 2.501021795978567 2.5047424980927055
2.2642427878586426 2.273187067433024 2.282131347007405 2.2910756265817867 2.300019906156168 2.308964185730549 2.3179084653049458 2.3268527448793273 2.3357970244537087 2.34474130402809 2.3536855836024713 2.3626298631768528 2.371574142751234 2.3805184223256153 2.3894627018999968 2.398406981474378 2.4048847894990524 2.408725883629205 2.4125669777593575 2.4164080718895167 2.420249166019669 2.4240902601498218 2.4279313542799743 2.431772448410127 2.4356135425402794 2.439454636670432 2.4432957308005845 2.447136824930737 2.4509779190608896 2.454819013191042 2.4586601073211947 2.462501201451347 2.4663422955815064 2.470183389711659 2.4740244838418115 2.477865577971964 2.4817066721021166 2.485547766232269 2.489388860362422 2.4932299544925747 2.497071048622727 2.5009121427528798 2.5047532368830323 2.508594331013185
2.267852157746731 2.276598823574697 2.285345489402663 2.2940921552306284 2.302838821058594 2.31158548688656 2.3203321527145406 2.329078818542506 2.3378254843704718 2.346572150198438 2.3553188160264034 2.364065481854369 2.3728121476823345 2.3815588135103005 2.390305479338266 2.3990521451662317 2.4054860379871457 2.4094475241333124 2.413409010279479 2.417370496425653 2.42133198257182 2.4252934687179866 2.4292549548641533 2.4332164410103205 2.4371779271564873 2.441139413302654 2.445100899448821 2.449062385594988 2.4530238717411548 2.4569853578873215 2.4609468440334883 2.4649083301796555 2.468869816325829 2.4728313024719957 2.476792788618163 2.4807542747643296 2.4847157609104964 2.488677247056663 2.4926387332028304 2.496600219348997 2.500561705495164 2.5045231916413306 2.508484677787498 2.5124461639336646
2.27146152763482 2.28001057971637 2.28855963179792 2.29710868387947 2.30565773596102 2.3142067880425703 2.3227558401241346 2.3313048922056847 2.339853944287235 2.348402996368785 2.356952048450335 2.365501100531885 2.374050152613435 2.3825992046949853 2.3911482567765354 2.3996973088580855 2.4060872864752385 2.4101691646374195 2.414251042799601 2.418332920961789 2.42241479912397 2.4264966772861514 2.4305785554483323 2.4346604336105138 2.4387423117726947 2.4428241899348757 2.446906068097057 2.450987946259238 2.4550698244214195 2.4591517025836005 2.463233580745782 2.467315458907963 2.471397337070151 2.4754792152323324 2.4795610933945134 2.4836429715566943 2.4877248497188758 2.4918067278810567 2.495888606043238 2.499970484205419 2.5040523623676005 2.5081342405297815 2.5122161186919625 2.516297996854144
2.2750708975229084 2.2834223358580426 2.291773774193177 2.3001252125283114 2.308476650863446 2.31682808919858 2.325179527533729 2.333530965868863 2.341882404203998 2.350233842539132 2.3585852808742667 2.3669367192094013 2.3752881575445355 2.38363959587967 2.3919910342148043 2.400342472549939 2.4066885349633313 2.4108908051415265 2.415093075319722 2.419295345497925 2.42349761567612 2.4276998858543157 2.4319021560325114 2.4361044262107066 2.440306696388902 2.444508966567098 2.448711236745293 2.4529135069234886 2.457115777101684 2.4613180472798795 2.465520317458075 2.4697225876362703 2.473924857814473 2.4781271279926687 2.482329398170864 2.4865316683490595 2.4907339385272547 2.4949362087054503 2.499138478883646 2.503340749061841 2.5075430192400368 2.5117452894182324 2.5159475595964276 2.520149829774623
2.278680267410997 2.2868340919997157 2.2949879165884344 2.3031417411771535 2.3112955657658723 2.319449390354591 2.3276032149433235 2.3357570395320426 2.3439108641207613 2.35206468870948 2.3602185132981988 2.3683723378869175 2.376526162475636 2.384679987064355 2.392833811653074 2.400987636241793 2.4072897834514246 2.4116124456456345 2.415935107839844 2.4202577700340613 2.424580432228271 2.4289030944224805 2.4332257566166904 2.4375484188109002 2.44187108100511 2.4461937431993195 2.4505164053935293 2.454839067587739 2.459161729781949 2.4634843919761584 2.4678070541703683 2.472129716364578 2.476452378558795 2.480775040753005 2.4850977029472148 2.4894203651414246 2.493743027335634 2.498065689529844 2.5023883517240537 2.5067110139182636 2.5110336761124734 2.515356338306683 2.5196790005008927 2.5240016626951025
2.2822896372990855 2.2902458481413883 2.2982020589836916 2.306158269825995 2.314114480668298 2.322070691510601 2.330026902352918 2.337983113195221 2.345939324037524 2.353895534879827 2.3618517457221304 2.3698079565644337 2.3777641674067365 2.3857203782490397 2.393676589091343 2.401632799933646 2.4078910319395175 2.4123340861497415 2.4167771403599656 2.421220194570197 2.4256632487804213 2.4301063029906453 2.4345493572008694 2.4389924114110935 2.4434354656213175 2.4478785198315416 2.4523215740417657 2.4567646282519893 2.4612076824622133 2.4656507366724374 2.4700937908826615 2.4745368450928855 2.478979899303117 2.483422953513341 2.4878660077235653 2.4923090619337893 2.4967521161440134 2.5011951703542374 2.5056382245644615 2.5100812787746856 2.5145243329849096 2.5189673871951337 2.5234104414053578 2.527853495615582
2.2858990071871768 2.293657604283064 2.3014162013789514 2.3091747984748388 2.316933395570726 2.3246919926666134 2.332450589762514 2.3402091868584014 2.3479677839542887 2.355726381050176 2.3634849781460634 2.3712435752419507 2.379002172337838 2.3867607694337254 2.3945193665296127 2.4022779636255 2.4084922804276108 2.413055726653849 2.4176191728800878 2.422182619106334 2.4267460653325723 2.4313095115588106 2.4358729577850493 2.4404364040112876 2.4449998502375263 2.4495632964637646 2.454126742690003 2.4586901889162416 2.46325363514248 2.467817081368718 2.472380527594957 2.476943973821195 2.4815074200474414 2.4860708662736797 2.4906343124999184 2.4951977587261567 2.4997612049523954 2.5043246511786337 2.508888097404872 2.5134515436311107 2.518014989857349 2.5225784360835872 2.527141882309826 2.5317053285360642
2.2895083770752658 2.297069360424737 2.304630343774209 2.312191327123681 2.3197523104731523 2.327313293822624 2.334874277172109 2.3424352605215804 2.349996243871052 2.357557227220524 2.3651182105699955 2.3726791939194674 2.3802401772689388 2.3878011606184106 2.3953621439678825 2.402923127317354 2.409093528915704 2.413777367157957 2.4184612054002095 2.4231450436424704 2.427828881884723 2.432512720126976 2.4371965583692283 2.4418803966114813 2.4465642348537338 2.4512480730959867 2.455931911338239 2.460615749580492 2.4652995878227446 2.4699834260649975 2.47466726430725 2.479351102549503 2.484034940791764 2.4887187790340164 2.4934026172762693 2.498086455518522 2.5027702937607748 2.5074541320030272 2.51213797024528 2.5168218084875327 2.5215056467297856 2.526189484972038 2.530873323214291 2.5355571614565435
2.293117746963354 2.3004811165664103 2.3078444861694662 2.315207855772522 2.322571225375578 2.3299345949786345 2.337297964581703 2.344661334184759 2.3520247037878153 2.359388073390871 2.366751442993927 2.374114812596983 2.3814781822000395 2.3888415518030954 2.3962049214061514 2.4035682910092073 2.409694777403797 2.414499007662064 2.4193032379203308 2.4241074681786063 2.428911698436873 2.43371592869514 2.4385201589534073 2.4433243892116745 2.448128619469941 2.4529328497282084 2.4577370799864755 2.462541310244742 2.4673455405030094 2.4721497707612765 2.4769540010195437 2.4817582312778104 2.4865624615360855 2.4913666917943527 2.49617092205262 2.500975152310887 2.5057793825691537 2.510583612827421 2.515387843085688 2.5201920733439547 2.524996303602222 2.529800533860489 2.534604764118756 2.539408994377023
2.2967271168514425 2.303892872708083 2.3110586285647234 2.318224384421364 2.3253901402780044 2.332555896134645 2.3397216519912973 2.346887407847938 2.3540531637045783 2.3612189195612183 2.368384675417859 2.3755504312744993 2.3827161871311398 2.3898819429877802 2.3970476988444207 2.404213454701061 2.4102960258918897 2.415220648166171 2.4201452704404525 2.4250698927147423 2.4299945149890236 2.4349191372633046 2.439843759537586 2.4447683818118673 2.4496930040861487 2.45461762636043 2.4595422486347114 2.4644668709089927 2.469391493183274 2.4743161154575555 2.479240737731837 2.484165360006118 2.4890899822804076 2.494014604554689 2.4989392268289703 2.5038638491032517 2.508788471377533 2.5137130936518144 2.5186377159260958 2.523562338200377 2.5284869604746585 2.53341158274894 2.5383362050232208 2.543260827297502
2.300336486739531 2.307304628849756 2.3142727709599806 2.3212409130702056 2.32820905518043 2.335177197290655 2.3421453394008918 2.3491134815111168 2.3560816236213413 2.3630497657315663 2.370017907841791 2.376986049952016 2.3839541920622405 2.3909223341724655 2.39789047628269 2.404858618392915 2.410897274379983 2.4159422886702786 2.420987302960574 2.4260323172508786 2.4310773315411742 2.43612234583147 2.4411673601217654 2.446212374412061 2.4512573887023565 2.456302402992652 2.4613474172829477 2.4663924315732433 2.471437445863539 2.4764824601538344 2.48152747444413 2.4865724887344256 2.49161750302473 2.4966625173150256 2.501707531605321 2.506752545895617 2.5117975601859124 2.516842574476208 2.5218875887665035 2.526932603056799 2.5319776173470947 2.5370226316373903 2.542067645927686 2.5471126602179814
2.3039458566276196 2.3107163849914287 2.3174869133552383 2.3242574417190474 2.3310279700828564 2.3377984984466655 2.344569026810486 2.3513395551742953 2.3581100835381044 2.3648806119019135 2.3716511402657225 2.3784216686295316 2.3851921969933407 2.3919627253571503 2.3987332537209594 2.4055037820847684 2.411498522868076 2.4166639291743857 2.421829335480696 2.4269947417870146 2.4321601480933244 2.437325554399634 2.4424909607059444 2.447656367012254 2.452821773318564 2.457987179624874 2.463152585931184 2.468317992237494 2.4734833985438036 2.478648804850114 2.4838142111564236 2.4889796174627334 2.494145023769052 2.4993104300753624 2.504475836381672 2.509641242687982 2.5148066489942917 2.519972055300602 2.5251374616069118 2.5303028679132216 2.5354682742195314 2.5406336805258416 2.5457990868321514 2.550964493138461
2.3075552265157113 2.3141281411331045 2.320701055750498 2.3272739703678913 2.3338468849852845 2.340419799602678 2.3469927142200824 2.353565628837476 2.360138543454869 2.3667114580722624 2.3732843726896555 2.379857287307049 2.3864302019244423 2.3930031165418355 2.399576031159229 2.4061489457766223 2.412099771356169 2.4173855696784936 2.422671368000818 2.4279571663231514 2.4332429646454754 2.4385287629678 2.4438145612901243 2.4491003596124483 2.4543861579347728 2.4596719562570972 2.4649577545794217 2.4702435529017457 2.47552935122407 2.4808151495463946 2.4861009478687186 2.491386746191043 2.4966725445133764 2.501958342835701 2.507244141158025 2.5125299394803493 2.5178157378026738 2.523101536124998 2.528387334447322 2.5336731327696467 2.538958931091971 2.544244729414295 2.5495305277366196 2.554816326058944
2.3111645964038 2.3175398972747776 2.3239151981457553 2.330290499016733 2.3366657998877107 2.3430411007586884 2.349416401629677 2.3557917025006545 2.362167003371632 2.36854230424261 2.3749176051135876 2.3812929059845653 2.387668206855543 2.3940435077265207 2.4004188085974985 2.406794109468476 2.4127010198442624 2.418107210182601 2.4235134005209398 2.4289195908592878 2.434325781197626 2.4397319715359647 2.4451381618743033 2.450544352212642 2.4559505425509807 2.4613567328893193 2.466762923227658 2.4721691135659962 2.477575303904335 2.4829814942426736 2.4883876845810122 2.493793874919351 2.4992000652576984 2.504606255596037 2.510012445934376 2.5154186362727144 2.520824826611053 2.526231016949392 2.5316372072877305 2.5370433976260687 2.5424495879644073 2.547855778302746 2.5532619686410847 2.5586681589794233
2.317867004777985 2.32405838717591 2.3302497695738356 2.3364411519717607 2.3426325343696863 2.3488239167676115 2.3550152991655477 2.361206681563473 2.3673980639613985 2.3735894463593237 2.379780828757249 2.3859722111551744 2.3921635935530996 2.398354975951025 2.4045463583489504 2.410737740746876 2.416556582521713 2.4219771699411377 2.4273977573605627 2.4328183447799967 2.438238932199422 2.4436595196188464 2.4490801070382715 2.4545006944576966 2.4599212818771212 2.4653418692965463 2.470762456715971 2.476183044135396 2.481603631554821 2.4870242189742457 2.492444806393671 2.4978653938130955 2.50328598123253 2.5087065686519545 2.5141271560713796 2.5195477434908042 2.5249683309102293 2.5303889183296544 2.535809505749079 2.541230093168504 2.5466506805879288 2.552071268007354 2.557491855426779 2.5629124428462036
2.3278756763308373 2.333897779639684 2.3399198829485304 2.345941986257377 2.3519640895662235 2.35798619287507 2.364008296183927 2.370030399492774 2.3760525028016204 2.382074606110467 2.3880967094193135 2.39411881272816 2.4001409160370066 2.406163019345853 2.4121851226546998 2.4182072259635463 2.423890801938953 2.429212484535187 2.434534167131421 2.439855849727664 2.4451775323238976 2.4504992149201312 2.4558208975163653 2.461142580112599 2.466464262708833 2.471785945305067 2.477107627901301 2.4824293104975346 2.4877509930937687 2.4930726756900023 2.4983943582862365 2.50371604088247 2.509037723478713 2.514359406074947 2.519681088671181 2.5250027712674146 2.5303244538636487 2.5356461364598823 2.5409678190561165 2.54628950165235 2.5516111842485842 2.556932866844818 2.5622545494410516 2.5675762320372857
