Figures/CREST_Example_wjb_NSE/PETs/wjb.pet.20090119.asc
ncols            288
nrows            254
xllcorner        113.274861
yllcorner        31.4918055
cellsize         0.008333333333
NODATA_value     -9999
[rows 95 to 113 of 254, columns 86 to 128 of 288]
0.2956052022921865 0.2969356529324637 0.2982661035727409 0.2995965542130181 0.3009270048532954 0.30225745549357486 0.30358790613385206 0.30491835677412926 0.30624880741440647 0.30757925805468367 0.30890970869496087 0.3102401593352381 0.3115706099755153 0.3129010606157925 0.3142315112560697 0.3155619618963469 0.31681764222670483 0.31799339140511274 0.3191691405835227 0.3203448897619306 0.32152063894033855 0.3226963881187465 0.3238721372971544 0.3250478864755624 0.3262236356539703 0.32739938483237824 0.32857513401078614 0.3297508831891941 0.330926632367602 0.33210238154600996 0.33327813072441786 0.3344538799028278 0.3356296290812357 0.3368053782596437 0.33798112743805164 0.33915687661645955 0.3403326257948675 0.3415083749732754 0.34268412415168337 0.34385987333009127 0.34503562250849923 0.34621137168690713 0.3473871208653151
0.29538117082883425 0.2967108736295781 0.298040576430322 0.29937027923106585 0.3006999820318097 0.3020296848325558 0.30335938763329967 0.3046890904340436 0.3060187932347874 0.30734849603553127 0.3086781988362751 0.310007901637019 0.31133760443776287 0.3126673072385067 0.3139970100392506 0.31532671283999447 0.3165841309037429 0.3177642749491986 0.3189444189946564 0.32012456304011216 0.3213047070855679 0.3224848511310237 0.32366499517647945 0.3248451392219352 0.326025283267391 0.32720542731284674 0.32838557135830254 0.3295657154037583 0.33074585944921403 0.33192600349466983 0.3331061475401256 0.3342862915855834 0.3354664356310391 0.3366465796764949 0.33782672372195066 0.3390068677674064 0.3401870118128622 0.34136715585831795 0.34254729990377375 0.3437274439492295 0.34490758799468524 0.34608773204014104 0.3472678760855968
0.29515713936548194 0.2964860943266925 0.297815049287903 0.29914400424911347 0.300472959210324 0.3018019141715368 0.30313086913274734 0.30445982409395783 0.3057887790551683 0.3071177340163789 0.30844668897758937 0.3097756439387999 0.3111045989000104 0.3124335538612209 0.31376250882243145 0.31509146378364195 0.3163506195807808 0.3175351584932844 0.31871969740579004 0.3199042363182936 0.32108877523079726 0.32227331414330085 0.32345785305580443 0.324642391968308 0.32582693088081166 0.32701146979331525 0.32819600870581883 0.3293805476183224 0.33056508653082606 0.33174962544332964 0.33293416435583323 0.33411870326833887 0.33530324218084245 0.33648778109334604 0.3376723200058496 0.33885685891835327 0.34004139783085685 0.34122593674336044 0.342410475655864 0.34359501456836766 0.34477955348087125 0.34596409239337483 0.3471486313058784
0.2949331079021295 0.29626131502380665 0.29758952214548384 0.298917729267161 0.3002459363888382 0.3015741435105176 0.3029023506321948 0.3042305577538719 0.3055587648755491 0.30688697199722625 0.30821517911890345 0.3095433862405806 0.3108715933622578 0.3121998004839349 0.3135280076056121 0.3148562147272893 0.31611710825781864 0.31730604203737006 0.31849497581692354 0.31968390959647497 0.3208728433760264 0.3220617771555778 0.3232507109351293 0.32443964471468073 0.32562857849423216 0.3268175122737836 0.328006446053335 0.32919537983288644 0.3303843136124379 0.33157324739198935 0.33276218117154077 0.33395111495109425 0.3351400487306457 0.3363289825101971 0.33751791628974853 0.33870685006929996 0.3398957838488514 0.34108471762840287 0.3422736514079543 0.3434625851875057 0.34465151896705715 0.3458404527466086 0.34702938652616
0.2947090764387772 0.29603653572092103 0.2973639950030649 0.2986914542852087 0.3000189135673525 0.3013463728494986 0.3026738321316424 0.30400129141378623 0.3053287506959301 0.3066562099780739 0.3079836692602177 0.30931112854236154 0.3106385878245054 0.3119660471066492 0.313293506388793 0.31462096567093684 0.3158835969348567 0.31707692558145595 0.3182702542280572 0.3194635828746565 0.32065691152125575 0.321850240167855 0.3230435688144543 0.32423689746105355 0.3254302261076528 0.3266235547542521 0.32781688340085136 0.3290102120474506 0.3302035406940499 0.33139686934064916 0.3325901979872484 0.33378352663384975 0.334976855280449 0.3361701839270483 0.33736351257364755 0.3385568412202468 0.3397501698668461 0.34094349851344535 0.3421368271600446 0.3433301558066439 0.34452348445324316 0.3457168130998424 0.3469101417464417
0.29448504497542494 0.2958117564180354 0.2971384678606459 0.2984651793032564 0.2997918907458669 0.3011186021884796 0.30244531363109006 0.30377202507370055 0.30509873651631103 0.3064254479589215 0.307752159401532 0.3090788708441425 0.31040558228675297 0.3117322937293634 0.3130590051719739 0.31438571661458437 0.31565008561189467 0.3168478091255418 0.31804553263919094 0.31924325615283805 0.32044097966648516 0.3216387031801322 0.3228364266937793 0.32403415020742643 0.32523187372107354 0.32642959723472065 0.32762732074836776 0.32882504426201487 0.3300227677756619 0.331220491289309 0.33241821480295614 0.3336159383166053 0.3348136618302524 0.33601138534389946 0.33720910885754657 0.3384068323711937 0.3396045558848408 0.3408022793984879 0.342000002912135 0.3431977264257821 0.34439544993942917 0.3455931734530763 0.3467908969667234
0.2942610135120727 0.2955869771151498 0.29691294071822694 0.29823890432130407 0.2995648679243812 0.3008908315274606 0.30221679513053773 0.30354275873361486 0.304868722336692 0.3061946859397691 0.30752064954284625 0.3088466131459234 0.31017257674900056 0.3114985403520777 0.3128245039551548 0.31415046755823195 0.3154165742889327 0.31661869266962767 0.3178208110503246 0.31902292943101956 0.3202250478117145 0.3214271661924094 0.32262928457310436 0.3238314029537993 0.32503352133449426 0.32623563971518915 0.3274377580958841 0.328639876476579 0.32984199485727395 0.3310441132379689 0.33224623161866385 0.3334483499993608 0.33465046838005574 0.33585258676075064 0.3370547051414456 0.33825682352214054 0.33945894190283543 0.3406610602835304 0.34186317866422533 0.3430652970449202 0.3442674154256152 0.3454695338063101 0.346671652187005
0.29403698204872036 0.29536219781226414 0.29668741357580797 0.29801262933935174 0.2993378451028955 0.30066306086644157 0.30198827662998534 0.3033134923935291 0.30463870815707295 0.3059639239206167 0.3072891396841605 0.30861435544770427 0.30993957121124804 0.3112647869747919 0.31259000273833565 0.3139152185018794 0.3151830629659707 0.3163895762137135 0.3175960894614583 0.3188026027092011 0.3200091159569438 0.3212156292046866 0.32242214245242934 0.32362865570017213 0.32483516894791487 0.32604168219565766 0.32724819544340045 0.3284547086911432 0.329661221938886 0.3308677351866287 0.3320742484343715 0.3332807616821163 0.3344872749298591 0.33569378817760187 0.3369003014253446 0.3381068146730874 0.33931332792083013 0.3405198411685729 0.34172635441631566 0.34293286766405845 0.3441393809118012 0.345345894159544 0.34655240740728677
0.29381295058536816 0.2951374185093786 0.296461886433389 0.2977863543573995 0.2991108222814099 0.3004352902054226 0.301759758129433 0.3030842260534435 0.3044086939774539 0.3057331619014643 0.3070576298254748 0.3083820977494852 0.30970656567349564 0.3110310335975061 0.31235550152151653 0.313679969445527 0.31494955164300875 0.31616045975779933 0.317371367872592 0.3185822759873826 0.31979318410217317 0.3210040922169638 0.3222150003317544 0.323425908446545 0.3246368165613356 0.32584772467612616 0.3270586327909168 0.32826954090570737 0.32948044902049795 0.3306913571352886 0.33190226525007915 0.33311317336487184 0.3343240814796624 0.33553498959445305 0.3367458977092436 0.3379568058240342 0.33916771393882483 0.3403786220536154 0.341589530168406 0.3428004382831966 0.3440113463979872 0.3452222545127778 0.3464331626275684
0.29358891912201585 0.29491263920649297 0.29623635929097003 0.29756007937544715 0.2988837994599242 0.3002075195444036 0.3015312396288807 0.3028549597133578 0.30417867979783486 0.305502399882312 0.30682611996678905 0.30814984005126617 0.30947356013574323 0.31079728022022035 0.3121210003046974 0.31344472038917454 0.31471604032004674 0.3159313433018852 0.3171466462837257 0.3183619492655641 0.3195772522474026 0.320792555229241 0.3220078582110794 0.32322316119291783 0.3244384641747563 0.3256537671565947 0.32686907013843314 0.32808437312027156 0.32929967610211003 0.33051497908394845 0.33173028206578686 0.3329455850476274 0.3341608880294658 0.3353761910113042 0.33659149399314264 0.3378067969749811 0.33902209995681953 0.34023740293865795 0.34145270592049637 0.34266800890233484 0.34388331188417326 0.3450986148660117 0.3463139178478501
0.29336488765866336 0.29468785990360713 0.29601083214855084 0.2973338043934946 0.29865677663843837 0.29997974888338436 0.3013027211283281 0.3026256933732719 0.3039486656182156 0.30527163786315936 0.3065946101081031 0.30791758235304684 0.3092405545979906 0.31056352684293437 0.31188649908787813 0.31320947133282184 0.31448252899708456 0.3157022268459708 0.3169219246948592 0.31814162254374545 0.3193613203926317 0.32058101824151797 0.3218007160904043 0.32302041393929054 0.3242401117881768 0.32545980963706306 0.3266795074859493 0.3278992053348356 0.3291189031837219 0.33033860103260815 0.3315582988814944 0.3327779967303828 0.33399769457926903 0.3352173924281553 0.33643709027704155 0.3376567881259278 0.33887648597481407 0.3400961838237003 0.34131588167258664 0.3425355795214729 0.34375527737035916 0.3449749752192454 0.3461946730681317
0.2931408561953111 0.2944630806007215 0.29578530500613187 0.2971075294115423 0.2984297538169527 0.2997519782223653 0.30107420262777573 0.30239642703318614 0.30371865143859655 0.30504087584400696 0.3063631002494174 0.30768532465482773 0.30900754906023814 0.31032977346564855 0.31165199787105896 0.31297422227646937 0.31424901767412255 0.31547311039005665 0.31669720310599286 0.31792129582192696 0.31914538853786106 0.32036948125379516 0.32159357396972926 0.32281766668566336 0.32404175940159746 0.32526585211753156 0.32648994483346566 0.32771403754939976 0.32893813026533386 0.33016222298126796 0.33138631569720206 0.3326104084131382 0.3338345011290723 0.3350585938450064 0.3362826865609405 0.3375067792768746 0.3387308719928087 0.33995496470874287 0.3411790574246769 0.34240315014061107 0.3436272428565451 0.34485133557247927 0.3460754282884133
0.29291682473195885 0.2942383012978359 0.29555977786371296 0.29688125442959 0.29820273099546707 0.29952420756134635 0.3008456841272234 0.30216716069310046 0.3034886372589775 0.30481011382485457 0.3061315903907316 0.3074530669566087 0.30877454352248573 0.3100960200883628 0.31141749665423984 0.3127389732201169 0.3140155063511606 0.31524399393414254 0.31647248151712654 0.3177009691001085 0.3189294566830904 0.32015794426607236 0.3213864318490543 0.32261491943203624 0.3238434070150181 0.32507189459800007 0.326300382180982 0.32752886976396395 0.3287573573469459 0.32998584492992783 0.33121433251290977 0.33244282009589377 0.3336713076788757 0.33489979526185765 0.3361282828448396 0.33735677042782153 0.33858525801080347 0.33981374559378535 0.3410422331767673 0.34227072075974924 0.3434992083427312 0.3447276959257131 0.34595618350869506
0.29269279326860653 0.2940135219949503 0.295334250721294 0.2966549794476377 0.2979757081739814 0.29929643690032737 0.30061716562667107 0.30193789435301477 0.30325862307935847 0.30457935180570217 0.30590008053204587 0.3072208092583896 0.3085415379847333 0.30986226671107703 0.31118299543742073 0.31250372416376443 0.3137819950281986 0.3150148774782284 0.31624775992826026 0.31748064237829 0.31871352482831977 0.31994640727834955 0.3211792897283793 0.32241217217840906 0.32364505462843884 0.3248779370784686 0.32611081952849835 0.32734370197852813 0.3285765844285579 0.32980946687858764 0.3310423493286174 0.3322752317786493 0.33350811422867904 0.3347409966787088 0.3359738791287386 0.33720676157876833 0.3384396440287981 0.3396725264788279 0.3409054089288576 0.3421382913788874 0.3433711738289172 0.34460405627894697 0.3458369387289767
0.2924687618052543 0.2937887426920647 0.295108723578875 0.29642870446568537 0.29774868535249577 0.29906866623930833 0.30038864712611874 0.3017086280129291 0.3030286088997394 0.30434858978654983 0.3056685706733602 0.3069885515601705 0.3083085324469809 0.30962851333379127 0.3109484942206016 0.312268475107412 0.31354848370523664 0.31478576102231426 0.31602303833939394 0.31726031565647156 0.3184975929735491 0.31973487029062675 0.3209721476077043 0.32220942492478194 0.32344670224185956 0.32468397955893713 0.32592125687601475 0.3271585341930923 0.32839581151016994 0.3296330888272475 0.33087036614432513 0.3321076434614048 0.33334492077848243 0.33458219809556 0.3358194754126376 0.33705675272971525 0.3382940300467928 0.33953130736387044 0.340768584680948 0.34200586199802563 0.3432431393151032 0.3444804166321808 0.34571769394925844
0.292244730341902 0.293563963389179 0.294883196436456 0.29620242948373304 0.29752166253101003 0.2988408955782893 0.30016012862556635 0.30147936167284334 0.3027985947201204 0.3041178277673974 0.3054370608146744 0.3067562938619514 0.30807552690922846 0.30939475995650545 0.3107139930037825 0.3120332260510595 0.3133149723822746 0.31455664456640003 0.3157983167505276 0.317039988934653 0.3182816611187785 0.3195233333029039 0.3207650054870293 0.32200667767115476 0.32324834985528017 0.32449002203940563 0.32573169422353104 0.3269733664076565 0.3282150385917819 0.3294567107759073 0.3306983829600328 0.3319400551441603 0.33318172732828577 0.3344233995124112 0.3356650716965366 0.33690674388066205 0.33814841606478746 0.3393900882489129 0.34063176043303833 0.34187343261716374 0.3431151048012892 0.3443567769854146 0.3455984491695401
0.29202069887854953 0.29333918408629317 0.29465766929403686 0.29597615450178055 0.2972946397095242 0.2986131249172701 0.2999316101250138 0.3012500953327575 0.3025685805405011 0.3038870657482448 0.30520555095598845 0.30652403616373214 0.30784252137147583 0.30916100657921947 0.31047949178696316 0.3117979769947068 0.31308146105931245 0.3143275281104857 0.3155735951616611 0.31681966221283436 0.3180657292640076 0.3193117963151809 0.32055786336635417 0.3218039304175274 0.3230499974687007 0.32429606451987397 0.3255421315710472 0.3267881986222205 0.3280342656733938 0.329280332724567 0.33052639977574033 0.3317724668269157 0.333018533878089 0.33426460092926225 0.3355106679804355 0.33675673503160874 0.33800280208278205 0.3392488691339553 0.34049493618512855 0.34174100323630185 0.3429870702874751 0.34423313733864835 0.34547920438982166
0.2917966674151973 0.29311440478340756 0.2944321421516179 0.29574987951982823 0.29706761688803857 0.2983853542562511 0.29970309162446146 0.3010208289926718 0.3023385663608821 0.3036563037290924 0.30497404109730275 0.3062917784655131 0.3076095158337234 0.3089272532019337 0.31024499057014404 0.3115627279383544 0.31284794973635044 0.3140984116545716 0.3153488735727948 0.3165993354910159 0.31784979740923697 0.3191002593274581 0.3203507212456792 0.3216011831639003 0.3228516450821214 0.3241021070003425 0.32535256891856357 0.32660303083678466 0.3278534927550058 0.3291039546732269 0.330354416591448 0.33160487850967124 0.33285534042789233 0.3341058023461134 0.3353562642643345 0.3366067261825556 0.3378571881007767 0.3391076500189978 0.34035811193721893 0.34160857385544 0.3428590357736611 0.3441094976918822 0.3453599596101033
0.29157263595184496 0.29288962548052194 0.2942066150091989 0.2955236045378759 0.2968405940665529 0.29815758359523215 0.2994745731239091 0.3007915626525861 0.3021085521812631 0.30342554170994 0.304742531238617 0.306059520767294 0.30737651029597096 0.30869349982464794 0.3100104893533249 0.3113274788820019 0.3126144384133885 0.3138692951986574 0.3151241519839285 0.31637900876919745 0.3176338655544664 0.3188887223397353 0.32014357912500424 0.3213984359102732 0.3226532926955421 0.32390814948081104 0.32516300626607997 0.3264178630513489 0.32767271983661783 0.32892757662188676 0.3301824334071557 0.33143729019242674 0.33269214697769567 0.3339470037629646 0.33520186054823353 0.33645671733350246 0.3377115741187714 0.33896643090404033 0.34022128768930926 0.3414761444745782 0.3427310012598471 0.34398585804511606 0.345240714830385
