Figures/CREST_Example_wjb_NSE/PETs/wjb.pet.20091202.asc
ncols            288
nrows            254
xllcorner        113.274861
yllcorner        31.4918055
cellsize         0.008333333333
NODATA_value     -9999
[rows 152 to 170 of 254, columns 220 to 263 of 288]
0.44295949847852645 0.4411822258404231 0.43948302321613214 0.4378672792034637 0.43625153519079524 0.4346357911781268 0.43302004716545833 0.4314043031527899 0.42978855914012143 0.4281728151274529 0.42655707111478447 0.424941327102116 0.42332558308944757 0.4217098390767791 0.4200940950641079 0.41847835105143943 0.416862607038771 0.41524686302610253 0.4136311190134341 0.4120153750007656 0.4103996309880972 0.40878388697542867 0.4071681429627602 0.40555239895009176 0.4039366549374233 0.40232091092475486 0.4007051669120864 0.3990894228994152 0.39747367888674673 0.3958579348740783 0.3942421908614098 0.3926264468487414 0.39133419267681485 0.390387756467442 0.3894413202580691 0.38849488404869625 0.3875484478393234 0.3866020116299505 0.38565557542057766 0.3847091392112048 0.3837627030018303 0.38281626679245745 0.38186983058308455 0.3809233943737117
0.4417477920225926 0.43997528923615403 0.43828179321442984 0.4366727572122428 0.4350637212100557 0.4334546852078687 0.4318456492056816 0.43023661320349454 0.42862757720130745 0.42701854119912036 0.4254095051969333 0.42380046919474623 0.4221914331925592 0.4205823971903721 0.4189733611881823 0.41736432518599526 0.41575528918380816 0.4141462531816211 0.41253721717943403 0.41092818117724694 0.4093191451750599 0.4077101091728728 0.4061010731706858 0.4044920371684987 0.40288300116631165 0.40127396516412456 0.3996649291619375 0.39805589315974765 0.3964468571575606 0.3948378211553735 0.3932287851531865 0.3916197491509994 0.39032057848140167 0.389352660866726 0.38838474325205036 0.3874168256373747 0.38644890802269904 0.3854809904080234 0.38451307279334773 0.3835451551786721 0.38257723756399475 0.3816093199493191 0.3806414023346435 0.3796734847199678
0.44053608556665885 0.43876835263188496 0.43708056321272754 0.43547823522102186 0.43387590722931624 0.43227357923761056 0.4306712512459049 0.4290689232541992 0.42746659526249353 0.42586426727078786 0.4242619392790822 0.4226596112873765 0.4210572832956708 0.41945495530396515 0.41785262731225675 0.4162502993205511 0.4146479713288454 0.4130456433371397 0.41144331534543405 0.40984098735372837 0.4082386593620227 0.406636331370317 0.40503400337861134 0.40343167538690566 0.4018293473952 0.4002270194034943 0.39862469141178863 0.39702236342008024 0.39542003542837456 0.3938177074366689 0.3922153794449632 0.39061305145325753 0.3893069642859885 0.3883175652660101 0.3873281662460316 0.3863387672260532 0.38534936820607474 0.38435996918609633 0.38337057016611786 0.3823811711461394 0.3813917721261593 0.38040237310618086 0.37941297408620245 0.378423575066224
0.439324379110725 0.43756141602761583 0.4358793332110253 0.43428371322980097 0.4326880932485767 0.4310924732673524 0.42949685328612813 0.4279012333049038 0.42630561332367956 0.4247099933424553 0.423114373361231 0.4215187533800067 0.4199231333987824 0.41832751341755814 0.4167318934363311 0.41513627345510684 0.4135406534738826 0.41194503349265826 0.410349413511434 0.4087537935302097 0.4071581735489854 0.40556255356776116 0.40396693358653685 0.4023713136053126 0.40077569362408827 0.399180073642864 0.3975844536616397 0.3959888336804127 0.39439321369918845 0.39279759371796413 0.39120197373673987 0.38960635375551556 0.3882933500905753 0.38728246966529406 0.38627158924001287 0.3852607088147316 0.3842498283894504 0.3832389479641692 0.38222806753888794 0.38121718711360675 0.3802063066883238 0.3791954262630426 0.37818454583776134 0.37717366541248015
0.43811267265479126 0.43635447942334676 0.434678103209323 0.4330891912385801 0.4315002792678372 0.4299113672970943 0.4283224553263514 0.42673354335560854 0.42514463138486563 0.42355571941412273 0.42196680744337983 0.42037789547263693 0.41878898350189403 0.41720007153115113 0.41561115956040556 0.41402224758966266 0.41243333561891976 0.41084442364817686 0.40925551167743396 0.4076665997066911 0.4060776877359482 0.4044887757652053 0.4028998637944624 0.4013109518237195 0.3997220398529766 0.39813312788223376 0.39654421591149086 0.39495530394074524 0.39336639197000234 0.39177747999925944 0.3901885680285166 0.3885996560577737 0.3872797358951621 0.38624737406457815 0.3852150122339941 0.3841826504034101 0.3831502885728261 0.3821179267422421 0.38108556491165807 0.3800532030810741 0.3790208412504883 0.3779884794199043 0.3769561175893203 0.37592375575873627
0.4369009661988564 0.43514754281907664 0.43347687320761963 0.43189466924735814 0.43031246528709666 0.4287302613268351 0.42714805736657363 0.42556585340631214 0.42398364944605066 0.4224014454857892 0.4208192415255277 0.41923703756526615 0.41765483360500466 0.4160726296447432 0.41449042568447897 0.4129082217242175 0.411326017763956 0.4097438138036945 0.408161609843433 0.40657940588317154 0.40499720192291 0.4034149979626485 0.40183279400238703 0.40025059004212554 0.39866838608186406 0.39708618212160257 0.3955039781613411 0.3939217742010769 0.3923395702408154 0.3907573662805539 0.38917516232029237 0.3875929583600309 0.3862661216997481 0.3852122784638613 0.3841584352279745 0.38310459199208763 0.3820507487562008 0.380996905520314 0.3799430622844272 0.3788892190485404 0.3778353758126518 0.376781532576765 0.3757276893408782 0.3746738461049914
0.43568925974292255 0.43394060621480757 0.4322756432059173 0.4307001472561372 0.42912465130635713 0.427549155356577 0.42597365940679693 0.4243981634570168 0.4228226675072367 0.4212471715574566 0.4196716756076765 0.4180961796578964 0.4165206837081163 0.41494518775833616 0.4133696918085534 0.4117941958587733 0.4102186999089932 0.40864320395921305 0.407067708009433 0.40549221205965286 0.4039167161098728 0.40234122016009266 0.40076572421031254 0.39919022826053246 0.39761473231075234 0.39603923636097227 0.39446374041119214 0.39288824446140935 0.3913127485116292 0.38973725256184916 0.38816175661206903 0.38658626066228896 0.3852525075043349 0.3841771828631453 0.3831018582219557 0.3820265335807661 0.3809512089395765 0.3798758842983869 0.3788005596571973 0.3777252350160077 0.37664991037481627 0.3755745857336267 0.3744992610924371 0.3734239364512475
0.4344775532869888 0.4327336696105385 0.431074413204215 0.4295056252649163 0.4279368373256176 0.4263680493863189 0.4247992614470202 0.42323047350772147 0.42166168556842276 0.42009289762912405 0.41852410968982534 0.41695532175052663 0.4153865338112279 0.4138177458719292 0.41224895793262784 0.4106801699933291 0.4091113820540304 0.4075425941147317 0.405973806175433 0.4044050182361343 0.4028362302968356 0.40126744235753686 0.39969865441823815 0.39812986647893944 0.39656107853964073 0.394992290600342 0.39342350266104326 0.3918547147217419 0.39028592678244317 0.38871713884314446 0.38714835090384575 0.38557956296454704 0.38423889330892175 0.3831420872624294 0.38204528121593695 0.3809484751694446 0.3798516691229522 0.37875486307645984 0.37765805702996746 0.37656125098347504 0.3754644449369808 0.3743676388904884 0.37327083284399604 0.37217402679750367
0.43326584683105496 0.4315267330062694 0.4298731832025127 0.4283111032736954 0.4267490233448781 0.4251869434160608 0.42362486348724343 0.42206278355842614 0.4205007036296088 0.4189386237007915 0.41737654377197414 0.41581446384315685 0.4142523839143395 0.4126903039855222 0.41112822405670224 0.4095661441278849 0.4080040641990676 0.40644198427025025 0.40487990434143295 0.4033178244126156 0.4017557444837983 0.40019366455498095 0.39863158462616366 0.3970695046973463 0.395507424768529 0.39394534483971166 0.39238326491089437 0.3908211849820744 0.38925910505325706 0.3876970251244397 0.3861349451956224 0.3845728652668051 0.3832252791135085 0.38210699166171336 0.3809887042099182 0.379870416758123 0.37875212930632784 0.3776338418545327 0.37651555440273754 0.37539726695094233 0.3742789794991453 0.37316069204735014 0.37204240459555493 0.3709241171437598
0.43205414037512113 0.43031979640200035 0.4286719532008104 0.4271165812824745 0.4255612093641386 0.42400583744580267 0.42245046552746673 0.4208950936091308 0.41933972169079486 0.41778434977245893 0.416228977854123 0.41467360593578706 0.4131182340174512 0.41156286209911525 0.41000749018077665 0.4084521182624407 0.4068967463441048 0.40534137442576884 0.4037860025074329 0.402230630589097 0.4006752586707611 0.39911988675242516 0.3975645148340892 0.3960091429157533 0.39445377099741735 0.3928983990790814 0.3913430271607455 0.38978765524240694 0.388232283324071 0.38667691140573507 0.38512153948739913 0.3835661675690632 0.3822116649180954 0.3810718960609974 0.37993212720389946 0.3787923583468015 0.37765258948970354 0.3765128206326056 0.37537305177550767 0.3742332829184097 0.3730935140613098 0.3719537452042118 0.3708139763471139 0.36967420749001595
0.43084243391918736 0.4291128597977313 0.4274707231991081 0.4259220592912536 0.4243733953833991 0.4228247314755445 0.42127606756769 0.41972740365983546 0.4181787397519809 0.41663007584412637 0.41508141193627185 0.4135327480284173 0.41198408412056275 0.41043542021270824 0.40888675630485105 0.4073380923969965 0.40578942848914196 0.40424076458128744 0.40269210067343286 0.40114343676557834 0.3995947728577238 0.39804610894986925 0.39649744504201473 0.3949487811341602 0.39340011722630563 0.3918514533184511 0.3903027894105966 0.3887541255027394 0.3872054615948849 0.3856567976870303 0.3841081337791758 0.3825594698713213 0.38119805072268215 0.38003680046028143 0.3788755501978807 0.37771429993547995 0.37655304967307923 0.37539179941067846 0.37423054914827775 0.37306929888587703 0.37190804862347426 0.37074679836107355 0.36958554809867283 0.36842429783627206
0.4296307274632525 0.4279059231934611 0.4262694931974048 0.42472753730003165 0.4231855814026585 0.4216436255052854 0.42010166960791223 0.41855971371053907 0.41701775781316597 0.4154758019157928 0.41393384601841965 0.41239189012104654 0.4108499342236734 0.4093079783263003 0.40776602242892446 0.40622406653155135 0.4046821106341782 0.4031401547368051 0.40159819883943193 0.40005624294205877 0.39851428704468567 0.3969723311473125 0.39543037524993935 0.39388841935256624 0.3923464634551931 0.3908045075578199 0.3892625516604468 0.38772059576307105 0.3861786398656979 0.38463668396832473 0.38309472807095163 0.38155277217357847 0.38018443652726813 0.3790017048595646 0.37781897319186103 0.3766362415241575 0.375453509856454 0.37427077818875043 0.3730880465210469 0.3719053148533433 0.3707225831856378 0.3695398515179342 0.3683571198502307 0.3671743881825271
0.4284190210073187 0.42669898658919203 0.4250682631957025 0.42353301530881077 0.421997767421919 0.4204625195350273 0.41892727164813554 0.41739202376124374 0.415856775874352 0.41432152798746025 0.4127862801005685 0.41125103221367676 0.409715784326785 0.40818053643989327 0.4066452885529989 0.4051100406661072 0.40357479277921543 0.4020395448923237 0.4005042970054319 0.39896904911854014 0.3974338012316484 0.39589855334475665 0.3943633054578649 0.39282805757097317 0.3912928096840814 0.3897575617971897 0.38822231391029793 0.3866870660234036 0.38515181813651184 0.3836165702496201 0.3820813223627283 0.38054607447583655 0.37917082233185495 0.3779666092588486 0.37676239618584234 0.375558183112836 0.3743539700398297 0.37314975696682334 0.371945543893817 0.3707413308208107 0.3695371177478023 0.36833290467479596 0.3671286916017896 0.3659244785287833
0.4272073145513849 0.42549204998492296 0.4238670331940002 0.4223384933175898 0.4208099534411795 0.4192814135647691 0.4177528736883588 0.4162243338119484 0.41469579393553807 0.4131672540591277 0.41163871418271736 0.410110174306307 0.40858163442989665 0.40705309455348626 0.4055245546770733 0.40399601480066294 0.4024674749242526 0.4009389350478422 0.3994103951714319 0.3978818552950215 0.3963533154186112 0.3948247755422008 0.3932962356657905 0.3917676957893801 0.39023915591296976 0.3887106160365594 0.387182076160149 0.38565353628373605 0.38412499640732567 0.38259645653091534 0.381067916654505 0.37953937677809463 0.37815720813644177 0.37693151365813266 0.37570581917982354 0.3744801247015144 0.3732544302232053 0.3720287357448962 0.3708030412665871 0.36957734678827797 0.36835165230996675 0.36712595783165763 0.3659002633533485 0.3646745688750394
0.4259956080954511 0.4242851133806539 0.4226658031922979 0.42114397132636894 0.41962213946043997 0.418100307594511 0.41657847572858203 0.41505664386265306 0.4135348119967241 0.4120129801307951 0.4104911482648662 0.40896931639893724 0.4074474845330083 0.4059256526670793 0.40440382080114773 0.40288198893521876 0.4013601570692898 0.3998383252033608 0.39831649333743185 0.3967946614715029 0.3952728296055739 0.393750997739645 0.39222916587371603 0.39070733400778707 0.3891855021418581 0.38766367027592913 0.38614183841000016 0.3846200065440686 0.3830981746781396 0.38157634281221064 0.3800545109462817 0.3785326790803527 0.3771435939410286 0.3758964180574167 0.3746492421738048 0.3734020662901929 0.372154890406581 0.3709077145229691 0.3696605386393572 0.3684133627557453 0.3671661868721313 0.3659190109885194 0.3646718351049075 0.36342465922129563
0.4247839016395173 0.4230781767763848 0.4214645731905956 0.41994944933514805 0.41843432547970044 0.4169192016242529 0.41540407776880534 0.4138889539133577 0.4123738300579102 0.41085870620246256 0.409343582347015 0.40782845849156746 0.40631333463611985 0.4047982107806723 0.40328308692522213 0.4017679630697746 0.40025283921432697 0.3987377153588794 0.3972225915034318 0.39570746764798426 0.3941923437925367 0.3926772199370891 0.39116209608164154 0.38964697222619393 0.3881318483707464 0.3866167245152988 0.3851016006598512 0.38358647680440106 0.3820713529489535 0.38055622909350595 0.37904110523805834 0.3775259813826108 0.3761299797456154 0.37486132245670073 0.37359266516778605 0.3723240078788714 0.3710553505899567 0.36978669330104197 0.3685180360121273 0.3672493787232126 0.3659807214342958 0.3647120641453811 0.3634434068564664 0.36217474956755175
0.42357219518358347 0.42187124017211575 0.4202633431888933 0.4187549273439271 0.41724651149896097 0.4157380956539948 0.4142296798090286 0.4127212639640624 0.4112128481190962 0.40970443227413006 0.40819601642916387 0.4066876005841977 0.4051791847392315 0.40367076889426534 0.40216235304929654 0.4006539372043304 0.3991455213593642 0.397637105514398 0.3961286896694318 0.39462027382446563 0.3931118579794995 0.3916034421345333 0.3900950262895671 0.3885866104446009 0.3870781945996347 0.3855697787546686 0.3840613629097024 0.38255294706473364 0.38104453121976745 0.37953611537480125 0.37802769952983506 0.37651928368486887 0.3751163655502023 0.37382622685598477 0.3725360881617673 0.37124594946754985 0.3699558107733324 0.3686656720791149 0.3673755333848974 0.36608539469067997 0.3647952559964603 0.36350511730224283 0.3622149786080254 0.36092483991380786
0.4223604887276497 0.4206643035678467 0.419062113187191 0.4175604053527062 0.41605869751822144 0.41455698968373667 0.41305528184925183 0.41155357401476705 0.4100518661802823 0.4085501583457975 0.40704845051131266 0.4055467426768279 0.4040450348423431 0.40254332700785833 0.40104161917337094 0.39953991133888617 0.3980382035044014 0.39653649566991656 0.3950347878354318 0.393533080000947 0.3920313721664622 0.39052966433197744 0.3890279564974926 0.38752624866300783 0.38602454082852306 0.3845228329940382 0.38302112515955344 0.3815194173250661 0.38001770949058133 0.3785160016560965 0.3770142938216117 0.37551258598712695 0.37410275135478904 0.3727911312552688 0.37147951115574857 0.37016789105622827 0.36885627095670803 0.3675446508571878 0.36623303075766755 0.36492141065814726 0.3636097905586248 0.3622981704591045 0.36098655035958427 0.35967493026006403
0.4211487822717148 0.41945736696357655 0.4178608831854877 0.4163658833614843 0.4148708835374809 0.4133758837134775 0.4118808838894741 0.4103858840654707 0.4088908842414673 0.40739588441746394 0.4059008845934605 0.40440588476945716 0.40291088494545374 0.4014158851214504 0.3999208852974444 0.39842588547344104 0.3969308856494376 0.39543588582543426 0.39394088600143085 0.3924458861774275 0.39095088635342407 0.3894558865294207 0.3879608867054173 0.3864658868814139 0.3849708870574105 0.3834758872334071 0.3819808874094037 0.38048588758539775 0.3789908877613944 0.377495887937391 0.3760008881133876 0.3745058882893842 0.3730891371593751 0.371756035654552 0.37042293414972893 0.36908983264490586 0.36775673114008284 0.36642362963525976 0.3650905281304367 0.36375742662561367 0.3624243251207883 0.36109122361596524 0.3597581221111422 0.35842502060631914
