Figures/CREST_Example_wjb_NSE/PETs/wjb.pet.20090806.asc
ncols            288
nrows            254
xllcorner        113.274861
yllcorner        31.4918055
cellsize         0.008333333333
NODATA_value     -9999
[rows 140 to 159 of 254, columns 44 to 87 of 288]
1.5525708054896425 1.5468040992584076 1.5410373930271724 1.5352706867959374 1.5295039805647022 1.5237372743334672 1.517970568102232 1.512203861870997 1.506437155639752 1.500670449408517 1.4949037431772818 1.4891370369460466 1.4833703307148116 1.4776036244835766 1.4718369182523414 1.4660702120211062 1.4603035057898712 1.454536799558636 1.448770093327401 1.4430033870961658 1.4372366808649308 1.4314699746336859 1.4257032684024509 1.4199365621712157 1.4141698559399805 1.4084031497087455 1.4026364434775105 1.3968697372462753 1.3922864065066274 1.3889681309189412 1.385649855331255 1.3823315797435691 1.379013304155883 1.3756950285681968 1.372376752980505 1.369058477392819 1.3657402018051328 1.3624219262174468 1.3591036506297607 1.3557853750420745 1.3524670994543886 1.3491488238667024 1.3458305482790163 1.34251227269133
1.5492542774027165 1.5434535178657478 1.5376527583287791 1.5318519987918104 1.5260512392548418 1.520250479717873 1.5144497201809044 1.5086489606439357 1.5028482011069573 1.4970474415699886 1.49124668203302 1.4854459224960512 1.4796451629590825 1.4738444034221139 1.4680436438851452 1.4622428843481765 1.4564421248112078 1.4506413652742391 1.4448406057372705 1.439039846200302 1.4332390866633333 1.4274383271263547 1.421637567589386 1.4158368080524173 1.4100360485154486 1.40423528897848 1.3984345294415115 1.3926337699045428 1.3880606560326902 1.3847999231290762 1.381539190225462 1.3782784573218478 1.3750177244182338 1.3717569915146197 1.368496258611 1.365235525707386 1.361974792803772 1.3587140599001577 1.3554533269965436 1.3521925940929296 1.3489318611893155 1.3456711282857015 1.3424103953820874 1.3391496624784733
1.54593774931579 1.5401029364730878 1.5342681236303857 1.5284333107876833 1.5225984979449811 1.516763685102279 1.5109288722595766 1.5050940594168745 1.4992592465741623 1.4934244337314602 1.487589620888758 1.4817548080460556 1.4759199952033535 1.4700851823606513 1.464250369517949 1.4584155566752468 1.4525807438325447 1.4467459309898425 1.4409111181471401 1.435076305304438 1.4292414924617358 1.4234066796190237 1.4175718667763215 1.4117370539336191 1.405902241090917 1.4000674282482148 1.3942326154055125 1.3883978025628103 1.3838349055587533 1.3806317153392111 1.3774285251196692 1.374225334900127 1.3710221446805848 1.3678189544610428 1.3646157642414953 1.3614125740219531 1.3582093838024112 1.355006193582869 1.3518030033633268 1.3485998131437849 1.3453966229242427 1.3421934327047007 1.3389902424851585 1.3357870522656166
1.5426212212288637 1.536752355080428 1.5308834889319922 1.5250146227835564 1.5191457566351207 1.513276890486685 1.507408024338249 1.5015391581898134 1.4956702920413676 1.4898014258929317 1.483932559744496 1.4780636935960603 1.4721948274476244 1.4663259612991886 1.460457095150753 1.454588229002317 1.4487193628538813 1.4428504967054456 1.4369816305570098 1.431112764408574 1.4252438982601383 1.4193750321116925 1.4135061659632566 1.4076372998148208 1.4017684336663851 1.3958995675179493 1.3900307013695135 1.3841618352210778 1.3796091550848162 1.376463507549346 1.373317860013876 1.370172212478406 1.3670265649429358 1.3638809174074658 1.3607352698719903 1.3575896223365203 1.3544439748010502 1.35129832726558 1.34815267973011 1.34500703219464 1.3418613846591698 1.3387157371236997 1.3355700895882296 1.3324244420527596
1.5393046931419345 1.5334017736877652 1.5274988542335959 1.5215959347794266 1.5156930153252572 1.5097900958710877 1.5038871764169184 1.497984256962749 1.4920813375085695 1.4861784180544002 1.4802754986002309 1.4743725791460616 1.4684696596918922 1.4625667402377227 1.4566638207835534 1.450760901329384 1.4448579818752147 1.4389550624210454 1.4330521429668759 1.4271492235127066 1.4212463040585372 1.4153433846043577 1.4094404651501884 1.403537545696019 1.3976346262418498 1.3917317067876804 1.385828787333511 1.3799258678793416 1.3753834046108755 1.3722952997594775 1.3692071949080793 1.3661190900566813 1.3630309852052833 1.3599428803538853 1.356854775502482 1.353766670651084 1.350678565799686 1.347590460948288 1.34450235609689 1.341414251245492 1.338326146394094 1.335238041542696 1.3321499366912979 1.3290618318399
1.5359881650550082 1.5300511922951052 1.5241142195352024 1.5181772467752994 1.5122402740153966 1.5063033012554936 1.5003663284955906 1.4944293557356878 1.4884923829757748 1.4825554102158718 1.476618437455969 1.470681464696066 1.4647444919361632 1.4588075191762602 1.4528705464163574 1.4469335736564544 1.4409966008965513 1.4350596281366486 1.4291226553767455 1.4231856826168428 1.4172487098569397 1.4113117370970267 1.405374764337124 1.399437791577221 1.393500818817318 1.3875638460574151 1.3816268732975123 1.3756899005376093 1.3711576541369384 1.3681270919696125 1.3650965298022864 1.3620659676349605 1.3590354054676343 1.3560048433003085 1.3529742811329772 1.3499437189656511 1.3469131567983252 1.3438825946309991 1.3408520324636732 1.3378214702963471 1.3347909081290212 1.3317603459616951 1.3287297837943692 1.3256992216270431
1.532671636968082 1.5267006109024455 1.520729584836809 1.5147585587711725 1.508787532705536 1.5028165066398995 1.496845480574263 1.4908744545086265 1.4849034284429798 1.4789324023773434 1.472961376311707 1.4669903502460706 1.4610193241804341 1.4550482981147976 1.4490772720491611 1.4431062459835247 1.4371352199178882 1.4311641938522517 1.4251931677866152 1.4192221417209787 1.4132511156553422 1.4072800895896955 1.401309063524059 1.3953380374584226 1.389367011392786 1.3833959853271496 1.3774249592615133 1.3714539331958768 1.3669319036630012 1.3639588841797474 1.3609858646964934 1.3580128452132394 1.3550398257299854 1.3520668062467314 1.3490937867634722 1.3461207672802182 1.3431477477969642 1.3401747283137102 1.3372017088304564 1.3342286893472024 1.3312556698639484 1.3282826503806944 1.3253096308974404 1.3223366114141863
1.5293551088811554 1.5233500295097855 1.5173449501384155 1.5113398707670453 1.5053347913956754 1.4993297120243054 1.4933246326529352 1.4873195532815653 1.4813144739101851 1.475309394538815 1.469304315167445 1.4632992357960748 1.4572941564247048 1.4512890770533349 1.445283997681965 1.4392789183105947 1.4332738389392248 1.4272687595678546 1.4212636801964846 1.4152586008251147 1.4092535214537447 1.4032484420823643 1.3972433627109944 1.3912382833396242 1.3852332039682542 1.3792281245968843 1.373223045225514 1.3672179658541441 1.362706153189064 1.3597906763898822 1.3568751995907002 1.353959722791518 1.3510442459923362 1.3481287691931543 1.3452132923939673 1.3422978155947853 1.3393823387956034 1.3364668619964213 1.3335513851972394 1.3306359083980575 1.3277204315988753 1.3248049547996934 1.3218894780005115 1.3189740012013293
1.53059786348242 1.5244815635212405 1.518365263560061 1.5122489635988818 1.5061326636377024 1.500016363676523 1.4939000637153435 1.4877837637541642 1.4816674637929743 1.4755511638317949 1.4694348638706154 1.4633185639094362 1.4572022639482567 1.4510859639870772 1.4449696640258978 1.4388533640647185 1.432737064103539 1.4266207641423596 1.4205044641811801 1.414388164220001 1.4082718642588214 1.4021555642976316 1.396039264336452 1.3899229643752729 1.3838066644140934 1.377690364452914 1.3715740644917345 1.365457764530555 1.3608684724677103 1.3579115863678144 1.3549547002679188 1.351997814168023 1.349040928068127 1.3460840419682312 1.3431271558683304 1.3401702697684346 1.3372133836685387 1.3342564975686428 1.331299611468747 1.3283427253688511 1.3253858392689555 1.3224289531690596 1.3194720670691638 1.316515180969268
1.536714203869456 1.5304041963562587 1.5240941888430615 1.5177841813298643 1.511474173816667 1.5051641663034698 1.4988541587902726 1.4925441512770754 1.4862341437638673 1.47992413625067 1.4736141287374729 1.4673041212242757 1.4609941137110782 1.454684106197881 1.4483740986846838 1.4420640911714866 1.4357540836582894 1.4294440761450922 1.423134068631895 1.4168240611186977 1.4105140536055005 1.4042040460922924 1.3978940385790952 1.391584031065898 1.3852740235527006 1.3789640160395034 1.3726540085263061 1.366344001013109 1.3615834877728097 1.3584794189381957 1.3553753501035817 1.3522712812689677 1.349167212434354 1.3460631435997399 1.3429590747651206 1.3398550059305068 1.3367509370958928 1.3336468682612788 1.3305427994266648 1.327438730592051 1.324334661757437 1.321230592922823 1.318126524088209 1.3150224552535952
1.5428305442564973 1.536326829191282 1.5298231141260668 1.5233193990608516 1.5168156839956364 1.510311968930421 1.5038082538652058 1.4973045387999906 1.490800823734764 1.484297108669549 1.4777933936043337 1.4712896785391185 1.464785963473903 1.458282248408688 1.4517785333434727 1.4452748182782575 1.4387711032130421 1.432267388147827 1.4257636730826118 1.4192599580173964 1.4127562429521812 1.4062525278869549 1.3997488128217397 1.3932450977565243 1.386741382691309 1.380237667626094 1.3737339525608787 1.3672302374956633 1.3622985030779093 1.3590472515085772 1.3557959999392448 1.3525447483699127 1.3492934968005805 1.3460422452312484 1.3427909936619107 1.3395397420925783 1.3362884905232462 1.333037238953914 1.3297859873845819 1.3265347358152495 1.3232834842459174 1.3200322326765852 1.316780981107253 1.313529729537921
1.548946884643533 1.5422494620262999 1.535552039409067 1.5288546167918338 1.5221571941746006 1.5154597715573677 1.5087623489401345 1.5020649263229016 1.495367503705657 1.488670081088424 1.4819726584711908 1.4752752358539578 1.4685778132367246 1.4618803906194915 1.4551829680022585 1.4484855453850254 1.4417881227677922 1.4350907001505593 1.4283932775333261 1.4216958549160932 1.41499843229886 1.4083010096816155 1.4016035870643824 1.3949061644471494 1.3882087418299163 1.381511319212683 1.3748138965954502 1.368116473978217 1.3630135183830083 1.359615084078958 1.3562166497749077 1.3528182154708575 1.3494197811668072 1.3460213468627569 1.3426229125587008 1.3392244782546505 1.3358260439506 1.3324276096465497 1.3290291753424994 1.3256307410384491 1.3222323067343988 1.3188338724303486 1.3154354381262983 1.312037003822248
1.5550632250305692 1.5481720948613182 1.5412809646920673 1.5343898345228164 1.5274987043535655 1.5206075741843146 1.5137164440150637 1.5068253138458128 1.49993418367655 1.4930430535072992 1.4861519233380482 1.4792607931687973 1.4723696629995464 1.4654785328302955 1.4585874026610444 1.4516962724917934 1.4448051423225425 1.4379140121532916 1.4310228819840407 1.4241317518147898 1.4172406216455389 1.4103494914762762 1.4034583613070253 1.3965672311377744 1.3896761009685235 1.3827849707992725 1.3758938406300216 1.3690027104607707 1.3637285336881075 1.360182916649339 1.3566372996105707 1.3530916825718022 1.3495460655330338 1.3460004484942654 1.342454831455491 1.3389092144167225 1.335363597377954 1.3318179803391856 1.3282723633004172 1.3247267462616488 1.3211811292228803 1.317635512184112 1.3140898951453435 1.310544278106575
1.5611795654176048 1.5540947276963362 1.5470098899750675 1.5399250522537986 1.53284021453253 1.525755376811261 1.5186705390899924 1.5115857013687237 1.5045008636474428 1.497416025926174 1.4903311882049053 1.4832463504836366 1.4761615127623677 1.469076675041099 1.4619918373198302 1.4549069995985615 1.4478221618772926 1.440737324156024 1.4336524864347553 1.4265676487134864 1.4194828109922177 1.4123979732709369 1.405313135549668 1.3982282978283993 1.3911434601071306 1.3840586223858617 1.376973784664593 1.3698889469433242 1.3644435489932065 1.36075074921972 1.3570579494462334 1.3533651496727468 1.3496723498992604 1.3459795501257739 1.3422867503522808 1.3385939505787945 1.334901150805308 1.3312083510318213 1.3275155512583348 1.3238227514848482 1.3201299517113616 1.316437151937875 1.3127443521643885 1.309051552390902
1.567295905804641 1.5600173605313543 1.5527388152580677 1.545460269984781 1.5381817247114946 1.530903179438208 1.5236246341649213 1.5163460888916347 1.5090675436183356 1.5017889983450492 1.4945104530717626 1.487231907798476 1.4799533625251893 1.4726748172519026 1.4653962719786162 1.4581177267053296 1.450839181432043 1.4435606361587563 1.4362820908854697 1.4290035456121832 1.4217250003388966 1.4144464550655975 1.4071679097923109 1.3998893645190242 1.3926108192457378 1.3853322739724512 1.3780537286991645 1.370775183425878 1.3651585642983057 1.361318581790101 1.3574785992818963 1.3536386167736916 1.349798634265487 1.3459586517572824 1.3421186692490712 1.3382786867408665 1.3344387042326618 1.330598721724457 1.3267587392162525 1.3229187567080478 1.319078774199843 1.3152387916916384 1.3113988091834339 1.3075588266752292
1.5734122461916769 1.5659399933663725 1.558467740541068 1.5509954877157635 1.543523234890459 1.5360509820651547 1.5285787292398503 1.5211064764145459 1.5136342235892286 1.5061619707639242 1.4986897179386198 1.4912174651133152 1.4837452122880108 1.4762729594627064 1.468800706637402 1.4613284538120976 1.453856200986793 1.4463839481614886 1.4389116953361842 1.4314394425108798 1.4239671896855755 1.4164949368602582 1.4090226840349538 1.4015504312096494 1.394078178384345 1.3866059255590404 1.379133672733736 1.3716614199084316 1.3658735796034047 1.3618864143604819 1.3578992491175592 1.3539120838746364 1.3499249186317135 1.3459377533887908 1.3419505881458613 1.3379634229029385 1.3339762576600156 1.329989092417093 1.32600192717417 1.3220147619312472 1.3180275966883246 1.3140404314454017 1.3100532662024789 1.3060661009595562
1.5795285865787128 1.5718626262013906 1.5641966658240682 1.5565307054467459 1.5488647450694237 1.5411987846921014 1.5335328243147792 1.5258668639374569 1.5182009035601216 1.5105349431827992 1.5028689828054769 1.4952030224281547 1.4875370620508324 1.4798711016735102 1.4722051412961878 1.4645391809188655 1.4568732205415433 1.449207260164221 1.4415412997868988 1.4338753394095765 1.4262093790322543 1.4185434186549188 1.4108774582775967 1.4032114979002743 1.395545537522952 1.3878795771456298 1.3802136167683074 1.3725476563909853 1.3665885949085037 1.362454246930863 1.358319898953222 1.3541855509755811 1.3500512029979401 1.3459168550202993 1.3417825070426515 1.3376481590650104 1.3335138110873697 1.3293794631097287 1.3252451151320879 1.3211107671544469 1.316976419176806 1.312842071199165 1.3087077232215243 1.3045733752438833
1.5856449269657542 1.5777852590364139 1.5699255911070735 1.5620659231777332 1.554206255248393 1.5463465873190527 1.5384869193897124 1.530627251460372 1.5227675835310184 1.514907915601678 1.507048247672338 1.4991885797429976 1.4913289118136572 1.4834692438843171 1.4756095759549768 1.4677499080256364 1.459890240096296 1.4520305721669557 1.4441709042376156 1.4363112363082753 1.428451568378935 1.4205919004495813 1.412732232520241 1.4048725645909008 1.3970128966615605 1.3891532287322201 1.38129356080288 1.3734338928735397 1.3673036102136036 1.3630220795012444 1.3587405487888853 1.3544590180765261 1.350177487364167 1.3458959566518078 1.3416144259394414 1.3373328952270822 1.333051364514723 1.328769833802364 1.3244883030900048 1.3202067723776456 1.3159252416652865 1.3116437109529273 1.3073621802405682 1.303080649528209
1.59176126735279 1.583707891871432 1.575654516390074 1.5676011409087156 1.5595477654273575 1.5514943899459994 1.5434410144646413 1.5353876389832832 1.5273342635019114 1.5192808880205533 1.5112275125391952 1.5031741370578369 1.4951207615764788 1.4870673860951207 1.4790140106137626 1.4709606351324045 1.4629072596510464 1.4548538841696883 1.4468005086883302 1.438747133206972 1.4306937577256138 1.422640382244242 1.4145870067628838 1.4065336312815258 1.3984802558001677 1.3904268803188096 1.3823735048374515 1.3743201293560934 1.3680186255187026 1.3635899120716253 1.359161198624548 1.354732485177471 1.3503037717303936 1.3458750582833163 1.3414463448362315 1.3370176313891542 1.332588917942077 1.3281602044949996 1.3237314910479223 1.319302777600845 1.314874064153768 1.3104453507066907 1.3060166372596134 1.301587923812536
1.597877607739826 1.58963052470645 1.581383441673074 1.573136358639698 1.5648892756063222 1.5566421925729461 1.5483951095395703 1.5401480265061942 1.5319009434728041 1.5236538604394283 1.5154067774060522 1.5071596943726764 1.4989126113393003 1.4906655283059245 1.4824184452725484 1.4741713622391726 1.4659242792057965 1.4576771961724206 1.4494301131390446 1.4411830301056687 1.4329359470722927 1.4246888640389026 1.4164417810055268 1.4081946979721507 1.3999476149387748 1.3917005319053988 1.383453448872023 1.3752063658386469 1.3687336408238018 1.3641577446420063 1.359581848460211 1.3550059522784155 1.3504300560966203 1.3458541599148248 1.3412782637330216 1.3367023675512262 1.332126471369431 1.3275505751876355 1.32297467900584 1.3183987828240447 1.3138228866422494 1.309246990460454 1.3046710942786586 1.3000951980968631
