Figures/CREST_Example_wjb_NSE/PETs/wjb.pet.20100925.asc
ncols            288
nrows            254
xllcorner        113.274861
yllcorner        31.4918055
cellsize         0.008333333333
NODATA_value     -9999
[rows 38 to 56 of 254, columns 132 to 175 of 288]
0.39961938611717795 0.39846705525782233 0.39731472439846666 0.39616239353911104 0.3950100626797554 0.3938577318203998 0.39270540096104417 0.39155307010168855 0.3904007392423329 0.38924840838297725 0.38809607752362163 -9999.0 -9999.0 -9999.0 -9999.0 -9999.0 -9999.0 -9999.0 -9999.0 -9999.0 -9999.0 -9999.0 -9999.0 -9999.0 -9999.0 -9999.0 -9999.0 -9999.0 -9999.0 -9999.0 -9999.0 -9999.0 -9999.0 -9999.0 -9999.0 -9999.0 -9999.0 -9999.0 -9999.0 -9999.0 -9999.0 -9999.0 -9999.0 -9999.0
0.4005565069968747 0.39942855604449057 0.39830060509210646 0.3971726541397223 0.3960447031873382 0.3949167522349541 0.39378880128257 0.3926608503301859 0.3915328993778018 0.3904049484254177 0.38927699747303357 -9999.0 -9999.0 -9999.0 -9999.0 -9999.0 -9999.0 -9999.0 -9999.0 -9999.0 -9999.0 -9999.0 -9999.0 -9999.0 -9999.0 -9999.0 -9999.0 -9999.0 -9999.0 -9999.0 -9999.0 -9999.0 -9999.0 -9999.0 -9999.0 -9999.0 -9999.0 -9999.0 -9999.0 -9999.0 -9999.0 -9999.0 -9999.0 -9999.0
0.4014936278765722 0.40039005683115964 0.3992864857857471 0.3981829147403345 0.3970793436949219 0.3959757726495094 0.3948722016040968 0.3937686305586842 0.39266505951327163 0.3915614884678591 0.3904579174224465 -9999.0 -9999.0 -9999.0 -9999.0 -9999.0 -9999.0 -9999.0 -9999.0 -9999.0 -9999.0 -9999.0 -9999.0 -9999.0 -9999.0 -9999.0 -9999.0 -9999.0 -9999.0 -9999.0 -9999.0 -9999.0 -9999.0 -9999.0 -9999.0 -9999.0 -9999.0 -9999.0 -9999.0 -9999.0 -9999.0 -9999.0 -9999.0 -9999.0
0.40243074875626894 0.40135155761782787 0.40027236647938685 0.3991931753409458 0.39811398420250477 0.3970347930640637 0.3959556019256226 0.3948764107871816 0.39379721964874054 0.39271802851029947 0.39163883737185845 0.39055964623341555 -9999.0 -9999.0 -9999.0 0.3862428816796514 0.3851636905412103 -9999.0 -9999.0 -9999.0 -9999.0 -9999.0 -9999.0 -9999.0 -9999.0 -9999.0 -9999.0 -9999.0 -9999.0 -9999.0 -9999.0 -9999.0 -9999.0 -9999.0 -9999.0 -9999.0 -9999.0 -9999.0 -9999.0 -9999.0 -9999.0 -9999.0 -9999.0 -9999.0
0.40336786963596566 0.4023130584044961 0.4012582471730266 0.40020343594155705 0.39914862471008755 0.398093813478618 0.3970390022471485 0.39598419101567894 0.39492937978420944 0.3938745685527399 0.3928197573212704 0.39176494608979906 0.3907101348583295 0.38965532362686 0.38860051239539045 0.38754570116392095 0.3864908899324514 -9999.0 -9999.0 0.38332645623804285 0.3822716450065733 0.38121683377510374 0.38016202254363424 -9999.0 -9999.0 -9999.0 -9999.0 -9999.0 -9999.0 -9999.0 -9999.0 -9999.0 -9999.0 -9999.0 -9999.0 -9999.0 -9999.0 -9999.0 -9999.0 -9999.0 -9999.0 -9999.0 -9999.0 -9999.0
0.40430499051566243 0.4032745591911644 0.4022441278666664 0.4012136965421684 0.4001832652176704 0.39915283389317235 0.39812240256867437 0.39709197124417633 0.39606153991967835 0.3950311085951803 0.39400067727068233 0.3929702459461826 0.39193981462168453 0.3909093832971865 0.3898789519726885 0.3888485206481905 0.3878180893236925 0.38678765799919446 0.3857572266746965 0.38472679535019844 0.38369636402570045 0.3826659327012024 0.38163550137670443 0.3806050700522064 -9999.0 -9999.0 -9999.0 -9999.0 -9999.0 -9999.0 -9999.0 -9999.0 -9999.0 -9999.0 -9999.0 -9999.0 -9999.0 -9999.0 -9999.0 -9999.0 -9999.0 -9999.0 -9999.0 -9999.0
0.40524211139535915 0.4042360599778327 0.40323000856030616 0.4022239571427797 0.4012179057252532 0.4002118543077267 0.3992058028902002 0.3981997514726737 0.3971937000551472 0.39618764863762074 0.39518159722009427 0.39417554580256603 0.39316949438503956 0.39216344296751304 0.3911573915499866 0.39015134013246006 0.3891452887149336 0.38813923729740707 0.3871331858798806 0.38612713446235414 0.3851210830448276 0.38411503162730115 0.38310898020977463 0.38210292879224816 0.3810968773747199 -9999.0 -9999.0 -9999.0 -9999.0 -9999.0 -9999.0 -9999.0 -9999.0 -9999.0 -9999.0 -9999.0 -9999.0 -9999.0 -9999.0 -9999.0 -9999.0 -9999.0 -9999.0 -9999.0
0.4061792322750559 0.405197560764501 0.40421588925394597 0.403234217743391 0.402252546232836 0.40127087472228107 0.4002892032117261 0.3993075317011711 0.39832586019061617 0.39734418868006116 0.3963625171695062 0.39538084565894954 0.3943991741483946 0.39341750263783964 0.39243583112728464 0.3914541596167297 0.3904724881061747 0.38949081659561974 0.38850914508506473 0.3875274735745098 0.38654580206395484 0.38556413055339983 0.3845824590428449 0.3836007875322899 0.38261911602173326 -9999.0 0.3806557730006233 0.37967410149006836 0.37869242997951336 -9999.0 -9999.0 -9999.0 -9999.0 -9999.0 -9999.0 -9999.0 -9999.0 -9999.0 -9999.0 -9999.0 -9999.0 -9999.0 -9999.0 -9999.0
0.4071163531547534 0.40615906155117 0.40520176994758655 0.4042444783440031 0.4032871867404197 0.40232989513683626 0.4013726035332528 0.4004153119296694 0.39945802032608596 0.39850072872250253 0.39754343711891915 0.39658614551533405 0.3956288539117506 0.3946715623081672 0.39371427070458376 0.3927569791010003 0.3917996874974169 0.39084239589383346 0.38988510429025003 0.3889278126866666 0.38797052108308316 0.3870132294794998 0.38605593787591636 0.3850986462723329 0.3841413546687478 0.3831840630651644 0.38222677146158096 0.38126947985799753 0.3803121882544141 -9999.0 -9999.0 -9999.0 -9999.0 -9999.0 -9999.0 -9999.0 -9999.0 -9999.0 -9999.0 -9999.0 -9999.0 -9999.0 -9999.0 -9999.0
0.4080534740344502 0.4071205623378383 0.40618765064122636 0.40525473894461445 0.4043218272480026 0.40338891555139067 0.40245600385477875 0.40152309215816684 0.4005901804615549 0.399657268764943 0.3987243570683311 0.39779144537171757 0.39685853367510565 0.3959256219784938 0.3949927102818819 0.39405979858526996 0.39312688688865804 0.39219397519204613 0.3912610634954342 0.3903281517988223 0.3893952401022104 0.38846232840559847 0.38752941670898655 0.38659650501237464 0.38566359331576117 0.38473068161914925 0.38379776992253734 0.3828648582259254 -9999.0 -9999.0 -9999.0 -9999.0 -9999.0 -9999.0 -9999.0 -9999.0 -9999.0 -9999.0 -9999.0 -9999.0 -9999.0 -9999.0 -9999.0 -9999.0
0.4089905949141469 0.4080820631245065 0.40717353133486617 0.40626499954522577 0.40535646775558537 0.40444793596594497 0.4035394041763046 0.4026308723866642 0.4017223405970238 0.40081380880738343 0.39990527701774303 0.3989967452281011 0.3980882134384607 0.3971796816488203 0.3962711498591799 0.39536261806953954 0.39445408627989914 0.39354555449025874 0.39263702270061834 0.39172849091097794 0.39081995912133755 0.38991142733169715 0.3890028955420568 0.3880943637524164 0.38718583196277445 0.38627730017313405 0.38536876838349365 0.3844602365938533 0.3835517048042129 0.3826431730145725 0.3824104433710798 -9999.0 -9999.0 -9999.0 -9999.0 -9999.0 -9999.0 -9999.0 -9999.0 -9999.0 -9999.0 -9999.0 -9999.0 -9999.0
0.4099277157938437 0.4090435639111748 0.408159412028506 0.4072752601458371 0.4063911082631682 0.40550695638049933 0.40462280449783045 0.4037386526151616 0.40285450073249274 0.40197034884982386 0.401086196967155 0.4002020450844846 0.3993178932018157 0.3984337413191469 0.397549589436478 0.3966654375538091 0.39578128567114024 0.39489713378847136 0.3940129819058025 0.39312883002313365 0.39224467814046476 0.3913605262577959 0.390476374375127 0.3895922224924582 0.38870807060978774 0.3878239187271189 0.38693976684445003 0.38605561496178115 0.38517146307911226 0.38428731119644344 0.3840850141116569 0.38461163523036357 0.3851382563490703 0.385664877467777 -9999.0 -9999.0 -9999.0 -9999.0 -9999.0 -9999.0 -9999.0 -9999.0 -9999.0 -9999.0
0.4108648366735404 0.4100050646978431 0.4091452927221457 0.40828552074644836 0.407425748770751 0.4065659767950537 0.4057062048193563 0.40484643284365895 0.4039866608679616 0.4031268888922643 0.4022671169165669 0.4014073449408681 0.40054757296517074 0.3996878009894734 0.39882802901377606 0.3979682570380787 0.39710848506238133 0.39624871308668397 0.39538894111098666 0.3945291691352893 0.3936693971595919 0.39280962518389456 0.39194985320819725 0.3910900812324999 0.3902303092568011 0.3893705372811037 0.38851076530540635 0.38765099332970904 0.38679122135401167 0.3859314493783143 0.38575958485223394 0.38632310895127103 0.3868866330503081 0.3874501571493452 0.38801368124838226 0.38857720534741935 0.38914072944645645 -9999.0 -9999.0 -9999.0 -9999.0 -9999.0 -9999.0 -9999.0
0.4118019575532371 0.4109665654845113 0.4101311734157855 0.40929578134705963 0.40846038927833384 0.407624997209608 0.40678960514088214 0.40595421307215634 0.4051188210034305 0.40428342893470465 0.40344803686597885 0.40261264479725156 0.40177725272852577 0.4009418606597999 0.40010646859107407 0.3992710765223483 0.39843568445362243 0.3976002923848966 0.3967649003161708 0.39592950824744494 0.3950941161787191 0.3942587241099933 0.39342333204126745 0.3925879399725416 0.39175254790381436 0.39091715583508857 0.3900817637663627 0.3892463716976369 0.388410979628911 0.38757558756018523 0.387434155592811 0.3880345826721785 0.38863500975154597 0.38923543683091344 0.3898358639102809 0.3904362909896484 0.39103671806901585 0.3916371451483843 -9999.0 -9999.0 -9999.0 -9999.0 -9999.0 -9999.0
0.4127390784329339 0.4119280662711796 0.4111170541094253 0.41030604194767095 0.4094950297859167 0.40868401762416234 0.407873005462408 0.40706199330065373 0.4062509811388994 0.40543996897714507 0.4046289568153908 0.4038179446536351 0.4030069324918808 0.40219592033012647 0.40138490816837213 0.40057389600661786 0.3997628838448635 0.3989518716831092 0.3981408595213549 0.3973298473596006 0.39651883519784625 0.395707823036092 0.39489681087433764 0.3940857987125833 0.39327478655082765 0.3924637743890733 0.39165276222731904 0.3908417500655647 0.3900307379038104 0.3892197257420561 0.38910872633338806 0.3897460563930859 0.39038338645278375 0.3910207165124816 0.39165804657217945 0.3922953766318773 0.39293270669157515 0.3935700367512741 0.39420736681097196 0.3948446968706698 0.39548202693036766 -9999.0 -9999.0 -9999.0
0.4136761993126314 0.4128895670578486 0.41210293480306587 0.4113163025482831 0.41052967029350035 0.4097430380387176 0.4089564057839348 0.408169773529152 0.40738314127436925 0.4065965090195865 0.40580987676480373 0.4050232445100196 0.4042366122552368 0.40344998000045407 0.4026633477456713 0.40187671549088855 0.40109008323610573 0.400303450981323 0.3995168187265402 0.39873018647175745 0.3979435542169747 0.39715692196219193 0.3963702897074091 0.39558365745262636 0.39479702519784227 0.3940103929430595 0.39322376068827675 0.39243712843349393 0.39165049617871117 0.3908638639239284 0.3907832970739666 0.39145753011399487 0.39213176315402315 0.3928059961940514 0.39348022923407966 0.39415446227410794 0.39482869531413617 0.3955029283541656 0.39617716139419384 0.3968513944342221 0.3975256274742504 -9999.0 -9999.0 -9999.0
0.41461332019232816 0.4138510678445169 0.4130888154967057 0.41232656314889443 0.4115643108010832 0.41080205845327195 0.4100398061054607 0.40927755375764946 0.40851530140983816 0.4077530490620269 0.4069907967142157 0.40622854436640315 0.40546629201859186 0.4047040396707806 0.40394178732296937 0.4031795349751581 0.4024172826273469 0.40165503027953564 0.4008927779317244 0.40013052558391315 0.39936827323610186 0.3986060208882906 0.39784376854047937 0.3970815161926681 0.39631926384485555 0.3955570114970443 0.39479475914923307 0.3940325068014218 0.3932702544536106 0.39250800210579934 0.39245786781454367 0.39316900383490233 0.393880139855261 0.3945912758756196 0.39530241189597826 0.3960135479163369 0.3967246839366956 0.3974358199570554 0.39814695597741406 0.3988580919977727 0.39956922801813133 0.40028036403849 -9999.0 -9999.0
0.4155504410720249 0.41481256863118515 0.4140746961903454 0.4133368237495057 0.412598951308666 0.41186107886782625 0.4111232064269865 0.4103853339861468 0.40964746154530707 0.40890958910446734 0.4081717166636276 0.4074338442227866 0.4066959717819469 0.40595809934110716 0.40522022690026743 0.40448235445942765 0.4037444820185879 0.4030066095777482 0.40226873713690847 0.40153086469606875 0.400792992255229 0.4000551198143893 0.39931724737354957 0.39857937493270984 0.39784150249186884 0.3971036300510291 0.3963657576101894 0.39562788516934966 0.39489001272850993 0.39415214028767015 0.3941324385551207 0.39488047755580974 0.3956285165564988 0.3963765555571878 0.39712459455787685 0.39787263355856584 0.3986206725592549 0.3993687115599452 0.4001167505606342 0.40086478956132326 0.4016128285620123 0.40236086756270134 0.4031089065633904 -9999.0
0.41648756195172165 0.41577406941785344 0.41506057688398523 0.414347084350117 0.4136335918162488 0.4129200992823806 0.4122066067485124 0.4114931142146442 0.410779621680776 0.41006612914690777 0.40935263661303956 0.4086391440791701 0.4079256515453019 0.4072121590114337 0.4064986664775655 0.4057851739436973 0.4050716814098291 0.40435818887596087 0.40364469634209266 0.40293120380822445 0.40221771127435624 0.40150421874048803 0.40079072620661976 0.40007723367275155 0.3993637411388821 0.3986502486050139 0.3979367560711457 0.3972232635372775 0.3965097710034093 0.3957962784695411 0.3958070092956978 0.3965919512767172 0.3973768932577366 0.39816183523875603 0.39894677721977545 0.39973171920079487 0.4005166611818143 0.40130160316283503 0.40208654514385445 0.40287148712487386 0.4036564291058933 0.4044413710869127 0.4052263130679321 0.4060112550489515
