Figures/CREST_Example_wjb_NSE/PETs/wjb.pet.20100331.asc
ncols            288
nrows            254
xllcorner        113.274861
yllcorner        31.4918055
cellsize         0.008333333333
NODATA_value     -9999
[rows 180 to 199 of 254, columns 132 to 175 of 288]
1.9249662766799982 1.9249199808761996 1.9248736850724013 1.9248273892686028 1.9247810934648042 1.9247347976610059 1.9246885018572073 1.924642206053409 1.9245959102496104 1.9245496144458119 1.9245033186420135 1.924457022838215 1.9244107270344164 1.924364431230618 1.9243181354268195 1.9242718396230212 1.9242255438192226 1.924179248015424 1.9241329522116257 1.9240866564078272 1.9240403606040288 1.9239940648002303 1.9239477689964317 1.9239014731926334 1.9238551773888348 1.9238088815850363 1.923762585781238 1.9237162899774394 1.9236699941736408 1.9236236983698425 1.9219232478334292 1.9184544684684415 1.9149856891034536 1.9115169097384657 1.908048130373478 1.90457935100849 1.9011105716435022 1.8976417922785085 1.8941730129135206 1.890704233548533 1.887235454183545 1.883766674818557 1.8802978954535692 1.8768291160885815
1.9239014090381386 1.9240014027491341 1.9241013964601297 1.9242013901711255 1.924301383882121 1.9244013775931168 1.9245013713041124 1.924601365015108 1.9247013587261037 1.9248013524370993 1.9249013461480948 1.9250013398590908 1.9251013335700864 1.925201327281082 1.9253013209920777 1.9254013147030733 1.9255013084140689 1.9256013021250646 1.9257012958360602 1.9258012895470558 1.9259012832580515 1.926001276969047 1.9261012706800427 1.9262012643910384 1.9263012581020342 1.9264012518130298 1.9265012455240256 1.9266012392350211 1.9267012329460167 1.9268012266570125 1.925031607337105 1.921263329393769 1.9174950514504334 1.9137267735070975 1.9099584955637618 1.9061902176204262 1.9024219396770903 1.8986536617337482 1.8948853837904123 1.8911171058470766 1.887348827903741 1.883580549960405 1.8798122720170694 1.8760439940737335
1.9228365413962787 1.9230828246220684 1.923329107847858 1.923575391073648 1.9238216742994376 1.9240679575252273 1.9243142407510172 1.9245605239768069 1.9248068072025968 1.9250530904283865 1.9252993736541761 1.9255456568799663 1.9257919401057562 1.9260382233315458 1.9262845065573357 1.9265307897831254 1.926777073008915 1.927023356234705 1.9272696394604947 1.9275159226862844 1.9277622059120743 1.928008489137864 1.9282547723636536 1.9285010555894435 1.9287473388152336 1.9289936220410233 1.9292399052668132 1.929486188492603 1.9297324717183926 1.9299787549441825 1.9281399668407806 1.9240721903190967 1.920004413797413 1.9159366372757294 1.9118688607540457 1.907801084232362 1.9037333077106784 1.8996655311889876 1.895597754667304 1.8915299781456203 1.8874622016239366 1.883394425102253 1.8793266485805693 1.8752588720588856
1.9217716737544182 1.9221642464950022 1.9225568192355862 1.9229493919761702 1.923341964716754 1.923734537457338 1.924127110197922 1.924519682938506 1.92491225567909 1.925304828419674 1.9256974011602581 1.9260899739008428 1.9264825466414266 1.9268751193820106 1.9272676921225946 1.9276602648631787 1.9280528376037627 1.9284454103443467 1.9288379830849307 1.9292305558255147 1.9296231285660987 1.9300157013066825 1.9304082740472666 1.9308008467878506 1.9311934195284353 1.9315859922690193 1.9319785650096033 1.9323711377501873 1.9327637104907713 1.9331562832313551 1.9312483263444589 1.926881051244427 1.9225137761443951 1.9181465010443632 1.9137792259443314 1.9094119508442995 1.9050446757442676 1.9006774006442282 1.8963101255441963 1.8919428504441644 1.8875755753441326 1.8832083002441007 1.8788410251440688 1.874473750044037
1.9207068061125585 1.9212456683679366 1.9217845306233146 1.9223233928786927 1.9228622551340708 1.923401117389449 1.923939979644827 1.9244788419002052 1.9250177041555834 1.9255565664109613 1.9260954286663394 1.9266342909217185 1.9271731531770966 1.9277120154324747 1.9282508776878529 1.928789739943231 1.929328602198609 1.929867464453987 1.9304063267093652 1.9309451889647433 1.9314840512201215 1.9320229134754996 1.9325617757308775 1.9331006379862556 1.9336395002416347 1.9341783624970128 1.934717224752391 1.935256087007769 1.9357949492631472 1.9363338115185251 1.9343566858481345 1.9296899121697546 1.925023138491375 1.920356364812995 1.9156895911346152 1.9110228174562354 1.9063560437778557 1.9016892700994679 1.897022496421088 1.8923557227427081 1.8876889490643285 1.8830221753859486 1.8783554017075688 1.873688628029189
1.9196419384706986 1.920327090240871 1.921012242011043 1.9216973937812152 1.9223825455513874 1.9230676973215597 1.923752849091732 1.9244380008619042 1.9251231526320762 1.9258083044022485 1.9264934561724207 1.927178607942594 1.9278637597127664 1.9285489114829386 1.9292340632531109 1.9299192150232831 1.9306043667934552 1.9312895185636274 1.9319746703337997 1.932659822103972 1.9333449738741442 1.9340301256443164 1.9347152774144885 1.9354004291846607 1.936085580954834 1.9367707327250063 1.9374558844951786 1.9381410362653508 1.938826188035523 1.9395113398056951 1.93746504535181 1.9324987730950824 1.9275325008383546 1.922566228581627 1.917599956324899 1.9126336840681715 1.9076674118114436 1.9027011395547073 1.8977348672979797 1.8927685950412518 1.8878023227845242 1.8828360505277963 1.8778697782710687 1.8729035060143409
1.918577070828839 1.9194085121138051 1.9202399533987715 1.9210713946837379 1.9219028359687043 1.9227342772536706 1.9235657185386368 1.9243971598236032 1.9252286011085695 1.926060042393536 1.9268914836785023 1.92772292496347 1.9285543662484363 1.9293858075334025 1.9302172488183689 1.9310486901033352 1.9318801313883016 1.932711572673268 1.9335430139582341 1.9343744552432005 1.9352058965281669 1.9360373378131333 1.9368687790980996 1.9377002203830658 1.9385316616680337 1.9393631029529999 1.9401945442379662 1.9410259855229326 1.941857426807899 1.9426888680928651 1.9405734048554857 1.93530763402041 1.9300418631853344 1.9247760923502588 1.919510321515183 1.9142445506801073 1.9089787798450317 1.903713009009947 1.8984472381748714 1.8931814673397958 1.88791569650472 1.8826499256696443 1.8773841548345687 1.872118383999493
1.9175122031869793 1.9184899339867396 1.9194676647865 1.9204453955862606 1.921423126386021 1.9224008571857814 1.9233785879855418 1.9243563187853023 1.9253340495850628 1.926311780384823 1.9272895111845836 1.9282672419843456 1.9292449727841061 1.9302227035838666 1.931200434383627 1.9321781651833874 1.9331558959831479 1.9341336267829083 1.9351113575826688 1.936089088382429 1.9370668191821896 1.93804454998195 1.9390222807817106 1.9400000115814708 1.940977742381233 1.9419554731809934 1.9429332039807539 1.9439109347805144 1.9448886655802748 1.9458663963800353 1.9436817643591613 1.9381164949457377 1.932551225532314 1.9269859561188905 1.9214206867054668 1.9158554172920432 1.9102901478786196 1.9047248784651867 1.899159609051763 1.8935943396383395 1.8880290702249158 1.8824638008114922 1.8768985313980686 1.871333261984645
1.9164473355451195 1.9175713558596739 1.9186953761742285 1.919819396488783 1.9209434168033377 1.922067437117892 1.9231914574324467 1.9243154777470013 1.925439498061556 1.9265635183761103 1.927687538690665 1.9288115590052213 1.9299355793197759 1.9310595996343305 1.932183619948885 1.9333076402634395 1.934431660577994 1.9355556808925487 1.9366797012071033 1.9378037215216577 1.9389277418362123 1.940051762150767 1.9411757824653215 1.942299802779876 1.9434238230944325 1.9445478434089871 1.9456718637235415 1.9467958840380961 1.9479199043526507 1.949043924667205 1.946790123862837 1.9409253558710655 1.935060587879294 1.9291958198875223 1.923331051895751 1.9174662839039793 1.9116015159122077 1.9057367479204261 1.8998719799286548 1.8940072119368832 1.8881424439451115 1.88227767595334 1.8764129079615686 1.870548139969797
1.915382467903259 1.9166527777326077 1.9179230875619564 1.9191933973913051 1.920463707220654 1.9217340170500028 1.9230043268793515 1.9242746367087002 1.9255449465380492 1.926815256367398 1.9280855661967466 1.9293558760260976 1.9306261858554463 1.9318964956847953 1.933166805514144 1.9344371153434927 1.9357074251728414 1.9369777350021904 1.9382480448315391 1.9395183546608878 1.9407886644902366 1.9420589743195855 1.9433292841489342 1.944599593978283 1.945869903807634 1.9471402136369826 1.9484105234663316 1.9496808332956803 1.950951143125029 1.9522214529543778 1.9498984833665152 1.9437342167963954 1.9375699502262758 1.931405683656156 1.9252414170860364 1.9190771505159165 1.9129128839457967 1.9067486173756665 1.9005843508055469 1.894420084235427 1.8882558176653075 1.8820915510951877 1.8759272845250679 1.8697630179549483
1.9143176002613993 1.9157341996055421 1.917150798949685 1.9185673982938278 1.9199839976379707 1.9214005969821137 1.9228171963262566 1.9242337956703994 1.9256503950145423 1.9270669943586851 1.9284835937028282 1.9299001930469735 1.9313167923911163 1.9327333917352592 1.934149991079402 1.935566590423545 1.936983189767688 1.9383997891118308 1.9398163884559736 1.9412329878001164 1.9426495871442595 1.9440661864884023 1.9454827858325452 1.946899385176688 1.9483159845208333 1.9497325838649762 1.9511491832091192 1.952565782553262 1.953982381897405 1.9553989812415478 1.9530068428701908 1.9465430777217232 1.9400793125732554 1.9336155474247878 1.9271517822763202 1.9206880171278524 1.9142242519793848 1.9077604868309062 1.9012967216824386 1.8948329565339708 1.8883691913855032 1.8819054262370356 1.8754416610885678 1.8689778959401002
1.9132527326195394 1.9148156214784764 1.9163785103374134 1.9179413991963503 1.9195042880552873 1.9210671769142245 1.9226300657731614 1.9241929546320984 1.9257558434910353 1.9273187323499723 1.9288816212089095 1.9304445100678491 1.932007398926786 1.933570287785723 1.93513317664466 1.9366960655035972 1.9382589543625341 1.939821843221471 1.941384732080408 1.942947620939345 1.944510509798282 1.9460733986572192 1.9476362875161561 1.949199176375093 1.9507620652340327 1.9523249540929697 1.9538878429519069 1.9554507318108438 1.9570136206697808 1.9585765095287178 1.9561152023738664 1.9493519386470508 1.9425886749202352 1.9358254111934197 1.929062147466604 1.9222988837397885 1.915535620012973 1.9087723562861458 1.9020090925593303 1.8952458288325147 1.888482565105699 1.8817193013788833 1.8749560376520678 1.8681927739252522
1.9121878649776796 1.9138970433514109 1.915606221725142 1.917315400098873 1.919024578472604 1.9207337568463352 1.9224429352200663 1.9241521135937976 1.9258612919675286 1.9275704703412597 1.9292796487149908 1.9309888270887248 1.9326980054624558 1.9344071838361871 1.9361163622099182 1.9378255405836493 1.9395347189573804 1.9412438973311115 1.9429530757048425 1.9446622540785738 1.946371432452305 1.948080610826036 1.949789789199767 1.9514989675734982 1.9532081459472321 1.9549173243209634 1.9566265026946945 1.9583356810684256 1.9600448594421567 1.9617540378158878 1.959223561877542 1.9521607995723784 1.9450980372672149 1.9380352749620515 1.930972512656888 1.9239097503517244 1.9168469880465608 1.9097842257413853 1.9027214634362217 1.8956587011310584 1.8885959388258948 1.8815331765207313 1.8744704142155677 1.8674076519104041
1.91112299733582 1.9129784652243451 1.9148339331128705 1.9166894010013957 1.918544868889921 1.9204003367784461 1.9222558046669713 1.9241112725554965 1.9259667404440217 1.927822208332547 1.9296776762210723 1.9315331441096006 1.9333886119981258 1.935244079886651 1.9370995477751762 1.9389550156637014 1.9408104835522266 1.942665951440752 1.9445214193292772 1.9463768872178024 1.9482323551063276 1.9500878229948528 1.951943290883378 1.9537987587719032 1.9556542266604318 1.957509694548957 1.9593651624374822 1.9612206303260074 1.9630760982145325 1.9649315661030577 1.9623319213812176 1.9549696604977063 1.9476073996141947 1.9402451387306834 1.9328828778471718 1.9255206169636603 1.918158356080149 1.910796095196625 1.9034338343131134 1.896071573429602 1.8887093125460905 1.8813470516625792 1.8739847907790677 1.8666225298955563
1.9100581296939596 1.9120598870972791 1.9140616445005985 1.916063401903918 1.9180651593072373 1.9200669167105566 1.9220686741138762 1.9240704315171955 1.9260721889205148 1.9280739463238343 1.9300757037271536 1.9320774611304765 1.9340792185337958 1.9360809759371154 1.9380827333404347 1.940084490743754 1.9420862481470735 1.9440880055503929 1.9460897629537124 1.9480915203570317 1.950093277760351 1.9520950351636706 1.9540967925669899 1.9560985499703092 1.958100307373632 1.9601020647769516 1.962103822180271 1.9641055795835902 1.9661073369869098 1.968109094390229 1.9654402808848945 1.957778521423035 1.9501167619611754 1.942455002499316 1.9347932430374566 1.927131483575597 1.9194697241137375 1.9118079646518649 1.9041462051900053 1.896484445728146 1.8888226862662865 1.881160926804427 1.8734991673425674 1.8658374078807078
1.9089932620521 1.9111413089702136 1.913289355888327 1.9154374028064405 1.9175854497245541 1.9197334966426676 1.921881543560781 1.9240295904788947 1.926177637397008 1.9283256843151215 1.9304737312332352 1.9326217781513524 1.9347698250694658 1.9369178719875793 1.939065918905693 1.9412139658238063 1.9433620127419198 1.9455100596600334 1.9476581065781469 1.9498061534962603 1.951954200414374 1.9541022473324874 1.9562502942506008 1.9583983411687145 1.9605463880868315 1.9626944350049451 1.9648424819230585 1.966990528841172 1.9691385757592856 1.971286622677399 1.9685486403885701 1.9605873823483626 1.9526261243081553 1.9446648662679478 1.9367036082277405 1.928742350187533 1.9207810921473256 1.9128198341071045 1.904858576066897 1.8968973180266897 1.8889360599864822 1.8809748019462749 1.8730135439060673 1.8650522858658598
1.9079283944102403 1.910222730843148 1.9125170672760556 1.9148114037089632 1.9171057401418707 1.9194000765747785 1.921694413007686 1.9239887494405936 1.9262830858735014 1.928577422306409 1.9308717587393165 1.933166095172228 1.9354604316051356 1.9377547680380434 1.940049104470951 1.9423434409038585 1.9446377773367662 1.9469321137696738 1.9492264502025813 1.9515207866354891 1.9538151230683967 1.9561094595013042 1.9584037959342118 1.9606981323671195 1.962992468800031 1.9652868052329386 1.9675811416658462 1.969875478098754 1.9721698145316615 1.974464150964569 1.9716569998922457 1.9633962432736904 1.955135486655135 1.9468747300365796 1.9386139734180243 1.9303532167994688 1.9220924601809135 1.913831703562344 1.9055709469437887 1.8973101903252334 1.8890494337066779 1.8807886770881226 1.8725279204695673 1.8642671638510118
1.90686352676838 1.909304152716082 1.9117447786637838 1.9141854046114855 1.9166260305591873 1.919066656506889 1.921507282454591 1.9239479084022926 1.9263885343499945 1.9288291602976964 1.931269786245398 1.9337104121931041 1.9361510381408058 1.9385916640885077 1.9410322900362094 1.9434729159839113 1.9459135419316131 1.9483541678793148 1.9507947938270167 1.9532354197747184 1.9556760457224203 1.9581166716701222 1.9605572976178238 1.9629979235655257 1.9654385495132316 1.9678791754609335 1.9703198014086352 1.972760427356337 1.9752010533040387 1.9776416792517406 1.974765359395923 1.9662051041990194 1.957644849002116 1.9490845938052126 1.940524338608309 1.9319640834114058 1.9234038282145023 1.9148435730175843 1.9062833178206808 1.8977230626237773 1.889162807426874 1.8806025522299705 1.872042297033067 1.8634820418361637
1.9057986591265204 1.9083855745890164 1.9109724900515122 1.9135594055140082 1.916146320976504 1.918733236439 1.9213201519014957 1.9239070673639918 1.9264939828264875 1.9290808982889835 1.9316678137514793 1.9342547292139798 1.9368416446764756 1.9394285601389716 1.9420154756014674 1.9446023910639634 1.9471893065264592 1.9497762219889552 1.952363137451451 1.954950052913947 1.9575369683764428 1.9601238838389388 1.9627107993014348 1.9652977147639306 1.9678846302264308 1.9704715456889268 1.9730584611514226 1.9756453766139186 1.9782322920764144 1.9808192075389104 1.9778737188995983 1.969013965124347 1.9601542113490955 1.9512944575738442 1.9424347037985927 1.9335749500233415 1.9247151962480902 1.9158554424728236 1.9069956886975723 1.898135934922321 1.8892761811470695 1.8804164273718182 1.871556673596567 1.8626969198213155
1.9047337914846607 1.9074669964619508 1.9102002014392407 1.9129334064165309 1.9156666113938208 1.918399816371111 1.9211330213484008 1.923866226325691 1.9265994313029808 1.9293326362802707 1.9320658412575609 1.9347990462348554 1.9375322512121456 1.9402654561894355 1.9429986611667256 1.9457318661440155 1.9484650711213056 1.9511982760985955 1.9539314810758857 1.9566646860531756 1.9593978910304657 1.9621310960077556 1.9648643009850457 1.9675975059623356 1.9703307109396304 1.9730639159169203 1.9757971208942104 1.9785303258715004 1.9812635308487905 1.9839967358260804 1.980982078403274 1.9718228260496746 1.9626635736960754 1.953504321342476 1.9443450689888768 1.9351858166352773 1.926026564281678 1.9168673119280633 1.907708059574464 1.8985488072208647 1.8893895548672655 1.8802303025136662 1.871071050160067 1.8619117978064674
