Figures/CREST_Example_wjb_NSE/PETs/wjb.pet.20100614.asc
ncols            288
nrows            254
xllcorner        113.274861
yllcorner        31.4918055
cellsize         0.008333333333
NODATA_value     -9999
[rows 160 to 179 of 254, columns 132 to 175 of 288]
2.7017743210991285 2.6952287488862883 2.6886831766734476 2.6821376044606073 2.675592032247767 2.6690464600349264 2.662500887822086 2.6559553156092455 2.6494097433964052 2.642864171183565 2.6363185989707243 2.629773026757873 2.6232274545450323 2.616681882332192 2.6101363101193513 2.603590737906511 2.5970451656936704 2.59049959348083 2.58395402126799 2.577408449055149 2.570862876842309 2.5643173046294683 2.557771732416628 2.551226160203788 2.544680587990936 2.5381350157780957 2.531589443565255 2.525043871352415 2.518498299139574 2.511952726926734 2.50686764466823 2.5033438592093398 2.4998200737504495 2.496296288291559 2.492772502832669 2.4892487173737785 2.485724931914888 2.482201146455992 2.478677360997102 2.4751535755382115 2.471629790079321 2.468106004620431 2.4645822191615405 2.46105843370265
2.693887331007296 2.687263810688988 2.6806402903706803 2.6740167700523725 2.6673932497340647 2.660769729415757 2.654146209097449 2.647522688779141 2.6408991684608334 2.634275648142526 2.627652127824218 2.621028607505899 2.614405087187591 2.607781566869283 2.601158046550976 2.594534526232668 2.58791100591436 2.5812874855960524 2.5746639652777445 2.5680404449594367 2.561416924641129 2.554793404322821 2.5481698840045133 2.5415463636862055 2.5349228433678865 2.5282993230495787 2.521675802731271 2.515052282412963 2.5084287620946553 2.5018052417763474 2.496641640640299 2.4930387261356017 2.4894358116309045 2.485832897126207 2.4822299826215097 2.478627068116812 2.475024153612115 2.4714212391074115 2.467818324602714 2.4642154100980167 2.4606124955933195 2.457009581088622 2.4534066665839247 2.4498037520792275
2.686000340915463 2.679298872491688 2.6725974040679126 2.6658959356441376 2.6591944672203622 2.6524929987965873 2.6457915303728123 2.639090061949037 2.632388593525262 2.6256871251014866 2.6189856566777117 2.612284188253925 2.60558271983015 2.598881251406375 2.5921797829826 2.5854783145588245 2.5787768461350495 2.5720753777112746 2.565373909287499 2.5586724408637243 2.551970972439949 2.545269504016174 2.538568035592399 2.5318665671686236 2.525165098744837 2.518463630321062 2.5117621618972867 2.505060693473512 2.4983592250497364 2.4916577566259615 2.486415636612368 2.4827335930618637 2.479051549511359 2.4753695059608547 2.4716874624103506 2.468005418859846 2.4643233753093416 2.460641331758831 2.4569592882083264 2.453277244657822 2.449595201107318 2.4459131575568134 2.442231114006309 2.4385490704558044
2.678113350823623 2.6713339342943803 2.6645545177651377 2.657775101235895 2.6509956847066527 2.64421626817741 2.6374368516481677 2.630657435118925 2.6238780185896826 2.61709860206044 2.6103191855311976 2.6035397690019435 2.596760352472701 2.5899809359434585 2.583201519414216 2.5764221028849734 2.569642686355731 2.5628632698264884 2.556083853297246 2.5493044367680033 2.542525020238761 2.5357456037095183 2.5289661871802758 2.5221867706510332 2.515407354121779 2.5086279375925367 2.501848521063294 2.4950691045340516 2.488289688004809 2.4815102714755666 2.4761896325844286 2.4724284599881168 2.4686672873918054 2.4649061147954936 2.4611449421991822 2.4573837696028704 2.453622597006559 2.449861424410241 2.4461002518139296 2.442339079217618 2.4385779066213065 2.4348167340249947 2.4310555614286833 2.4272943888323715
2.67022636073179 2.66336899609708 2.6565116314623705 2.6496542668276604 2.6427969021929507 2.6359395375582406 2.629082172923531 2.622224808288821 2.6153674436541112 2.608510079019401 2.6016527143846915 2.59479534974997 2.5879379851152597 2.58108062048055 2.57422325584584 2.5673658912111303 2.5605085265764203 2.5536511619417106 2.5467937973070005 2.539936432672291 2.5330790680375808 2.526221703402871 2.519364338768161 2.5125069741334514 2.5056496094987297 2.4987922448640196 2.49193488022931 2.4850775155946 2.4782201509598902 2.47136278632518 2.4659636285564974 2.4621233269143787 2.45828302527226 2.454442723630142 2.450602421988023 2.4467621203459045 2.4429218187037858 2.4390815170616604 2.4352412154195417 2.431400913777423 2.427560612135305 2.423720310493186 2.4198800088510675 2.416039707208949
2.6623393706399567 2.6554040578997795 2.6484687451596023 2.641533432419425 2.634598119679248 2.6276628069390706 2.6207274941988934 2.613792181458716 2.606856868718539 2.5999215559783617 2.592986243238185 2.5860509304979957 2.5791156177578185 2.5721803050176413 2.565244992277464 2.558309679537287 2.5513743667971096 2.5444390540569324 2.537503741316755 2.530568428576578 2.5236331158364007 2.5166978030962235 2.5097624903560463 2.502827177615869 2.4958918648756803 2.488956552135503 2.482021239395326 2.4750859266551486 2.4681506139149714 2.461215301174794 2.4557376245285667 2.451818193840641 2.447898763152715 2.4439793324647896 2.4400599017768636 2.436140471088938 2.4322210404010125 2.42830160971308 2.4243821790251543 2.4204627483372283 2.4165433176493027 2.412623886961377 2.408704456273451 2.4047850255855256
2.654452380548124 2.6474391197024794 2.640425858856835 2.63341259801119 2.626399337165546 2.619386076319901 2.6123728154742567 2.605359554628612 2.5983462937829676 2.5913330329373228 2.5843197720916784 2.577306511246022 2.5702932504003773 2.563279989554733 2.556266728709088 2.5492534678634438 2.542240207017799 2.5352269461721546 2.52821368532651 2.5212004244808655 2.5141871636352207 2.5071739027895763 2.500160641943932 2.493147381098287 2.486134120252631 2.479120859406986 2.4721075985613417 2.465094337715697 2.4580810768700525 2.4510678160244077 2.445511620500636 2.441513060766903 2.4375145010331702 2.4335159412994374 2.4295173815657045 2.4255188218319716 2.4215202620982392 2.4175217023644993 2.413523142630767 2.409524582897034 2.405526023163301 2.4015274634295682 2.3975289036958354 2.393530343962103
2.646565390456291 2.639474181505179 2.6323829725540673 2.6252917636029554 2.6182005546518434 2.6111093457007315 2.6040181367496196 2.5969269277985076 2.5898357188473957 2.582744509896284 2.575653300945172 2.568562091994048 2.561470883042936 2.554379674091824 2.547288465140712 2.5401972561896002 2.5331060472384888 2.526014838287377 2.518923629336265 2.511832420385153 2.504741211434041 2.497650002482929 2.490558793531817 2.4834675845807053 2.4763763756295814 2.4692851666784694 2.4621939577273575 2.4551027487762456 2.4480115398251336 2.4409203308740217 2.435285616472705 2.431207927693165 2.4271302389136253 2.423052550134085 2.4189748613545454 2.4148971725750057 2.4108194837954655 2.4067417950159187 2.402664106236379 2.398586417456839 2.3945087286772995 2.3904310398977593 2.3863533511182196 2.38227566233868
2.6386784003644577 2.6315092433078786 2.6243400862512996 2.61717092919472 2.610001772138141 2.6028326150815615 2.5956634580249824 2.588494300968403 2.581325143911824 2.574155986855245 2.5669868297986653 2.559817672742074 2.552648515685495 2.5454793586289157 2.5383102015723362 2.531141044515757 2.5239718874591777 2.5168027304025986 2.5096335733460196 2.50246441628944 2.495295259232861 2.4881261021762815 2.4809569451197024 2.473787788063123 2.466618631006532 2.4594494739499524 2.4522803168933733 2.445111159836794 2.437942002780215 2.4307728457236357 2.425059612444774 2.420902794619427 2.41674597679408 2.4125891589687334 2.4084323411433863 2.4042755233180393 2.4001187054926922 2.3959618876673385 2.3918050698419915 2.3876482520166444 2.3834914341912974 2.379334616365951 2.3751777985406037 2.3710209807152567
2.630791410272625 2.6235443051105785 2.616297199948532 2.609050094786485 2.6018029896244386 2.594555884462392 2.5873087793003458 2.580061674138299 2.5728145689762525 2.565567463814206 2.5583203586521592 2.5510732534901 2.543826148328054 2.5365790431660074 2.5293319380039607 2.522084832841914 2.5148377276798675 2.507590622517821 2.500343517355774 2.493096412193728 2.4858493070316814 2.4786022018696348 2.471355096707588 2.4641079915455415 2.4568608863834824 2.4496137812214362 2.4423666760593896 2.435119570897343 2.4278724657352964 2.4206253605732497 2.414833608416844 2.4105976615456894 2.4063617146745355 2.4021257678033816 2.3978898209322277 2.3936538740610733 2.3894179271899194 2.3851819803187584 2.380946033447604 2.37671008657645 2.372474139705296 2.3682381928341423 2.364002245962988 2.359766299091834
2.6229044201807854 2.6155793669132716 2.6082543136457574 2.6009292603782432 2.5936042071107295 2.5862791538432153 2.5789541005757015 2.5716290473081873 2.5643039940406736 2.5569789407731593 2.5496538875056456 2.542328834238119 2.535003780970605 2.527678727703091 2.5203536744355772 2.513028621168063 2.5057035679005493 2.498378514633035 2.4910534613655213 2.483728408098007 2.4764033548304933 2.469078301562979 2.4617532482954654 2.454428195027951 2.4471031417604245 2.439778088492911 2.4324530352253966 2.425127981957883 2.4178029286903686 2.410477875422855 2.4046076043889038 2.4002925284719425 2.3959774525549817 2.3916623766380205 2.3873473007210593 2.383032224804098 2.378717148887137 2.3744020729701685 2.3700869970532072 2.365771921136246 2.361456845219285 2.3571417693023236 2.3528266933853623 2.3485116174684015
2.615017430088952 2.6076144287159706 2.6002114273429893 2.5928084259700084 2.585405424597027 2.5780024232240457 2.5705994218510644 2.563196420478083 2.5557934191051017 2.5483904177321204 2.540987416359139 2.533584414986145 2.5261814136131635 2.518778412240182 2.511375410867201 2.5039724094942195 2.496569408121238 2.489166406748257 2.4817634053752755 2.4743604040022946 2.4669574026293133 2.459554401256332 2.4521513998833506 2.4447483985103693 2.437345397137375 2.4299423957643937 2.4225393943914124 2.415136393018431 2.4077333916454497 2.4003303902724684 2.394381600360973 2.389987395398205 2.3855931904354364 2.3811989854726683 2.3768047805099 2.3724105755471316 2.3680163705843635 2.363622165621588 2.3592279606588193 2.3548337556960512 2.350439550733283 2.3460453457705146 2.3416511408077465 2.3372569358449784
2.6071304399971194 2.5996494905186704 2.592168541040222 2.584687591561773 2.5772066420833246 2.5697256926048757 2.5622447431264272 2.554763793647979 2.54728284416953 2.5398018946910814 2.5323209452126325 2.524839995734171 2.5173590462557227 2.509878096777274 2.5023971472988253 2.4949161978203764 2.487435248341928 2.479954298863479 2.4724733493850306 2.4649923999065817 2.4575114504281332 2.4500305009496843 2.442549551471236 2.435068601992787 2.4275876525143256 2.420106703035877 2.4126257535574283 2.40514480407898 2.397663854600531 2.3901829051220824 2.3841555963330423 2.379682262324467 2.3752089283158915 2.370735594307316 2.3662622602987406 2.3617889262901657 2.3573155922815903 2.3528422582730073 2.348368924264432 2.3438955902558565 2.3394222562472815 2.334948922238706 2.3304755882301307 2.3260022542215553
2.5992434499052863 2.5916845523213703 2.5841256547374543 2.5765667571535382 2.569007859569622 2.561448961985706 2.55389006440179 2.5463311668178745 2.5387722692339585 2.5312133716500425 2.5236544740661264 2.5160955764821975 2.5085366788982815 2.5009777813143654 2.4934188837304494 2.4858599861465334 2.4783010885626173 2.4707421909787013 2.4631832933947853 2.455624395810869 2.448065498226953 2.440506600643037 2.432947703059121 2.425388805475205 2.417829907891276 2.41027101030736 2.402712112723444 2.395153215139528 2.387594317555612 2.3800354199716964 2.373929592305111 2.369377129250729 2.3648246661963466 2.3602722031419643 2.3557197400875816 2.3511672770331993 2.346614813978817 2.3420623509244267 2.3375098878700444 2.332957424815662 2.3284049617612794 2.323852498706897 2.319300035652515 2.3147475725981326
2.5913564598134533 2.5837196141240697 2.5760827684346865 2.568445922745303 2.5608090770559198 2.5531722313665366 2.545535385677153 2.53789853998777 2.530261694298386 2.522624848609003 2.51498800291962 2.5073511572302234 2.49971431154084 2.4920774658514566 2.4844406201620735 2.47680377447269 2.4691669287833067 2.461530083093923 2.45389323740454 2.4462563917151563 2.438619546025773 2.43098270033639 2.4233458546470064 2.415709008957623 2.4080721632682267 2.4004353175788435 2.39279847188946 2.3851616262000768 2.3775247805106936 2.36988793482131 2.3637035882771804 2.359071996176991 2.354440404076801 2.349808811976612 2.3451772198764225 2.340545627776233 2.3359140356760437 2.331282443575846 2.3266508514756565 2.3220192593754674 2.317387667275278 2.312756075175088 2.308124483074899 2.3034928909747094
2.5834694697216203 2.5757546759267695 2.568039882131919 2.560325088337068 2.5526102945422173 2.5448955007473666 2.5371807069525163 2.5294659131576656 2.521751119362815 2.514036325567964 2.5063215317731133 2.4986067379782493 2.490891944183399 2.4831771503885482 2.4754623565936975 2.4677475627988468 2.460032769003996 2.4523179752091453 2.4446031814142946 2.436888387619444 2.429173593824593 2.4214588000297423 2.413744006234892 2.4060292124400413 2.3983144186451772 2.3905996248503265 2.3828848310554758 2.3751700372606255 2.3674552434657747 2.359740449670924 2.3534775842492497 2.3487668631032528 2.3440561419572563 2.33934542081126 2.3346346996652634 2.329923978519267 2.3252132573732704 2.3205025362272655 2.315791815081269 2.3110810939352726 2.306370372789276 2.3016596516432797 2.296948930497283 2.2922382093512863
2.5755824796297806 2.5677897377294627 2.5599969958291444 2.5522042539288265 2.5444115120285082 2.5366187701281904 2.528826028227872 2.521033286327554 2.513240544427236 2.505447802526918 2.4976550606265997 2.4898623187262685 2.48206957682595 2.4742768349256323 2.466484093025314 2.458691351124996 2.450898609224678 2.44310586732436 2.4353131254240417 2.4275203835237233 2.4197276416234055 2.411934899723087 2.4041421578227693 2.396349415922451 2.38855667402212 2.3807639321218015 2.3729711902214836 2.3651784483211653 2.3573857064208474 2.349592964520529 2.34325158022131 2.3384617300295063 2.333671879837703 2.328882029645899 2.3240921794540954 2.3193023292622916 2.314512479070488 2.309722628878676 2.3049327786868723 2.3001429284950685 2.295353078303265 2.2905632281114614 2.2857733779196576 2.280983527727854
2.5676954895379476 2.559824799532162 2.5519541095263767 2.5440834195205912 2.536212729514806 2.5283420395090204 2.520471349503235 2.5126006594974495 2.504729969491664 2.4968592794858786 2.488988589480093 2.4811178994742944 2.473247209468509 2.4653765194627235 2.457505829456938 2.4496351394511526 2.441764449445367 2.4338937594395817 2.4260230694337963 2.418152379428011 2.4102816894222254 2.40241099941644 2.3945403094106545 2.386669619404869 2.3787989293990703 2.370928239393285 2.3630575493874995 2.355186859381714 2.3473161693759286 2.339445479370143 2.3330255761933794 2.3281565969557687 2.3232876177181576 2.318418638480547 2.3135496592429363 2.3086806800053257 2.3038117007677146 2.2989427215300955 2.294073742292485 2.289204763054874 2.2843357838172635 2.2794668045796525 2.274597825342042 2.269728846104431
2.5611095586568107 2.5532142006932457 2.5453188427296802 2.5374234847661152 2.52952812680255 2.521632768838985 2.51373741087542 2.5058420529118544 2.4979466949482894 2.490051336984724 2.482155979021159 2.47426062105758 2.466365263094015 2.4584699051304497 2.4505745471668847 2.4426791892033193 2.4347838312397543 2.426888473276189 2.418993115312624 2.411097757349059 2.4032023993854934 2.3953070414219284 2.387411683458363 2.379516325494798 2.371620967531219 2.3637256095676538 2.3558302516040888 2.3479348936405238 2.3400395356769583 2.3321441777133933 2.3256963366922263 2.320795924027442 2.315895511362658 2.310995098697874 2.3060946860330898 2.3011942733683055 2.2962938607035217 2.291393448038729 2.286493035373945 2.281592622709161 2.2766922100443767 2.271791797379593 2.2668913847148087 2.2619909720500244
2.5559143780624645 2.548051305260599 2.5401882324587333 2.532325159656868 2.5244620868550025 2.516599014053137 2.5087359412512718 2.5008728684494064 2.493009795647541 2.485146722845675 2.47728365004381 2.469420577241931 2.4615575044400657 2.4536944316382003 2.445831358836335 2.4379682860344696 2.4301052132326038 2.4222421404307384 2.414379067628873 2.4065159948270076 2.3986529220251422 2.390789849223277 2.3829267764214115 2.3750637036195457 2.367200630817667 2.3593375580158016 2.351474485213936 2.343611412412071 2.3357483396102054 2.32788526680834 2.3214635558789323 2.3165826933969043 2.3117018309148767 2.3068209684328487 2.301940105950821 2.297059243468793 2.2921783809867655 2.2872975185047295 2.2824166560227015 2.277535793540674 2.272654931058646 2.2677740685766183 2.2628932060945908 2.2580123436125628
