Figures/CREST_Example_wjb_NSE/PETs/wjb.pet.20090129.asc
ncols            288
nrows            254
xllcorner        113.274861
yllcorner        31.4918055
cellsize         0.008333333333
NODATA_value     -9999
[rows 57 to 75 of 254, columns 88 to 131 of 288]
0.9598681011892398 0.9614711625771554 0.963074223965071 0.9646772853529894 0.9662803467409049 0.9678834081288206 0.9694864695167361 0.9710895309046518 0.9726925922925673 0.974295653680483 0.9758987150683985 0.9775017764563142 0.9791048378442297 0.9807078992321454 0.9813853181091986 0.9810732042122543 0.9807610903153094 0.9804489764183651 0.9801368625214208 0.9798247486244765 0.9795126347275322 0.979200520830588 0.9788884069336437 0.9785762930366994 0.978264179139755 0.9779520652428108 0.9776399513458665 0.9773278374489222 0.9770157235519779 0.976703609655033 0.9763914957580887 0.9760793818611444 0.9757672679642001 0.9754551540672558 0.9751430401703115 0.9748309262733672 0.974518812376423 0.9742066984794787 0.9738945845825344 0.9735824706855901 0.9732703567886458 0.9729582428917015 0.9726461289947567 0.9723340150978124
0.9612235504507315 0.9628259937568269 0.9644284370629223 0.9660308803690203 0.9676333236751157 0.969235766981211 0.9708382102873065 0.9724406535934019 0.9740430968994973 0.9756455402055927 0.9772479835116881 0.9788504268177834 0.9804528701238788 0.9820553134299742 0.9827318369399676 0.9824185312517725 0.9821052255635768 0.9817919198753818 0.9814786141871867 0.9811653084989916 0.9808520028107967 0.9805386971226016 0.9802253914344065 0.9799120857462114 0.9795987800580164 0.9792854743698213 0.9789721686816262 0.9786588629934312 0.9783455573052361 0.9780322516170404 0.9777189459288455 0.9774056402406504 0.9770923345524553 0.9767790288642602 0.9764657231760652 0.9761524174878701 0.975839111799675 0.97552580611148 0.9752125004232849 0.9748991947350898 0.9745858890468947 0.9742725833586997 0.973959277670504 0.9736459719823091
0.9616037309234207 0.9631639703508219 0.9647242097782233 0.9662844492056272 0.9678446886330284 0.9694049280604297 0.970965167487831 0.9725254069152323 0.9740856463426335 0.9756458857700349 0.9772061251974361 0.9787663646248373 0.9803266040522386 0.98188684347964 0.9825473920445744 0.9822461507344441 0.9819449094243133 0.981643668114183 0.9813424268040528 0.9810411854939225 0.9807399441837923 0.980438702873662 0.9801374615635317 0.9798362202534014 0.9795349789432711 0.9792337376331409 0.9789324963230106 0.9786312550128804 0.9783300137027501 0.9780287723926193 0.977727531082489 0.9774262897723588 0.9771250484622285 0.9768238071520982 0.976522565841968 0.9762213245318376 0.9759200832217074 0.9756188419115771 0.9753176006014469 0.9750163592913166 0.9747151179811863 0.9744138766710561 0.9741126353609253 0.973811394050795
0.9619839113961096 0.9635019469448168 0.965019982493524 0.9665380180422338 0.968056053590941 0.9695740891396483 0.9710921246883554 0.9726101602370626 0.9741281957857698 0.975646231334477 0.9771642668831843 0.9786823024318915 0.9802003379805986 0.9817183735293058 0.9823629471491815 0.982073770217116 0.98178459328505 0.9814954163529844 0.981206239420919 0.9809170624888535 0.980627885556788 0.9803387086247225 0.9800495316926571 0.9797603547605915 0.9794711778285261 0.9791820008964606 0.9788928239643951 0.9786036470323296 0.9783144701002642 0.9780252931681982 0.9777361162361327 0.9774469393040671 0.9771577623720017 0.9768685854399362 0.9765794085078707 0.9762902315758052 0.9760010546437398 0.9757118777116742 0.9754227007796088 0.9751335238475433 0.9748443469154778 0.9745551699834123 0.9742659930513463 0.9739768161192809
0.9623640918687986 0.9638399235388116 0.9653157552088248 0.9667915868788405 0.9682674185488536 0.9697432502188668 0.9712190818888798 0.9726949135588929 0.9741707452289061 0.9756465768989192 0.9771224085689324 0.9785982402389455 0.9800740719089586 0.9815499035789718 0.9821785022537884 0.9819013896997878 0.9816242771457866 0.981347164591786 0.9810700520377852 0.9807929394837844 0.9805158269297838 0.980238714375783 0.9799616018217824 0.9796844892677816 0.979407376713781 0.9791302641597802 0.9788531516057796 0.9785760390517788 0.9782989264977782 0.978021813943777 0.9777447013897762 0.9774675888357756 0.9771904762817748 0.9769133637277742 0.9766362511737734 0.9763591386197727 0.976082026065772 0.9758049135117713 0.9755278009577706 0.9752506884037699 0.9749735758497692 0.9746964632957684 0.9744193507417673 0.9741422381877666
0.9627442723414874 0.9641779001328065 0.9656115279241255 0.967045155715447 0.9684787835067661 0.9699124112980851 0.9713460390894042 0.9727796668807233 0.9742132946720423 0.9756469224633614 0.9770805502546804 0.9785141780459994 0.9799478058373184 0.9813814336286375 0.9819940573583954 0.9817290091824595 0.9814639610065231 0.9811989128305872 0.9809338646546513 0.9806688164787154 0.9804037683027794 0.9801387201268436 0.9798736719509077 0.9796086237749717 0.9793435755990358 0.9790785274230999 0.978813479247164 0.978548431071228 0.9782833828952922 0.9780183347193557 0.9777532865434199 0.9774882383674839 0.977223190191548 0.976958142015612 0.9766930938396762 0.9764280456637402 0.9761629974878043 0.9758979493118685 0.9756329011359325 0.9753678529599966 0.9751028047840606 0.9748377566081248 0.9745727084321884 0.9743076602562525
0.9631244528141764 0.9645158767268014 0.9659073006394263 0.9672987245520537 0.9686901484646787 0.9700815723773036 0.9714729962899287 0.9728644202025536 0.9742558441151786 0.9756472680278035 0.9770386919404286 0.9784301158530535 0.9798215397656784 0.9812129636783035 0.9818096124630025 0.9815566286651314 0.9813036448672597 0.9810506610693887 0.9807976772715175 0.9805446934736464 0.9802917096757753 0.9800387258779041 0.979785742080033 0.9795327582821618 0.9792797744842907 0.9790267906864195 0.9787738068885484 0.9785208230906772 0.9782678392928061 0.9780148554949346 0.9777618716970634 0.9775088878991923 0.9772559041013211 0.97700292030345 0.9767499365055788 0.9764969527077078 0.9762439689098366 0.9759909851119655 0.9757380013140943 0.9754850175162232 0.9752320337183521 0.9749790499204809 0.9747260661226094 0.9744730823247382
0.9635046332868653 0.9648538533207962 0.9662030733547271 0.9675522933886603 0.9689015134225912 0.9702507334565221 0.971599953490453 0.9729491735243839 0.9742983935583148 0.9756476135922457 0.9769968336261766 0.9783460536601075 0.9796952736940384 0.9810444937279693 0.9816251675676095 0.9813842481478032 0.9811433287279964 0.9809024093081901 0.9806614898883838 0.9804205704685773 0.980179651048771 0.9799387316289646 0.9796978122091583 0.979456892789352 0.9792159733695456 0.9789750539497393 0.9787341345299329 0.9784932151101265 0.9782522956903201 0.9780113762705134 0.9777704568507071 0.9775295374309008 0.9772886180110943 0.977047698591288 0.9768067791714816 0.9765658597516753 0.9763249403318689 0.9760840209120626 0.9758431014922563 0.9756021820724499 0.9753612626526436 0.9751203432328371 0.9748794238130304 0.9746385043932241
0.9638848137595543 0.9651918299147911 0.9664988460700279 0.967805862225267 0.9691128783805038 0.9704198945357406 0.9717269106909775 0.9730339268462143 0.9743409430014511 0.975647959156688 0.9769549753119248 0.9782619914671616 0.9795690076223984 0.9808760237776353 0.9814407226722166 0.981211867630475 0.9809830125887331 0.9807541575469915 0.9805253025052499 0.9802964474635083 0.9800675924217668 0.9798387373800251 0.9796098823382836 0.9793810272965421 0.9791521722548004 0.9789233172130589 0.9786944621713173 0.9784656071295758 0.9782367520878342 0.9780078970460923 0.9777790420043506 0.9775501869626091 0.9773213319208675 0.9770924768791259 0.9768636218373844 0.9766347667956428 0.9764059117539012 0.9761770567121596 0.9759482016704181 0.9757193466286765 0.9754904915869349 0.9752616365451934 0.9750327815034514 0.9748039264617098
0.9642649942322434 0.9655298065087862 0.9667946187853289 0.9680594310618738 0.9693242433384165 0.9705890556149592 0.971853867891502 0.9731186801680447 0.9743834924445874 0.9756483047211301 0.9769131169976728 0.9781779292742155 0.9794427415507583 0.980707553827301 0.9812562777768234 0.9810394871131467 0.9808226964494695 0.9806059057857928 0.9803891151221159 0.9801723244584392 0.9799555337947624 0.9797387431310857 0.9795219524674088 0.9793051618037321 0.9790883711400553 0.9788715804763785 0.9786547898127017 0.978437999149025 0.9782212084853482 0.978004417821671 0.9777876271579943 0.9775708364943175 0.9773540458306407 0.9771372551669639 0.9769204645032872 0.9767036738396103 0.9764868831759336 0.9762700925122568 0.9760533018485801 0.9758365111849032 0.9756197205212265 0.9754029298575497 0.9751861391938725 0.9749693485301958
0.9646451747049324 0.9658677831027811 0.9670903915006297 0.9683129998984804 0.9695356082963291 0.9707582166941777 0.9719808250920264 0.973203433489875 0.9744260418877236 0.9756486502855723 0.976871258683421 0.9780938670812696 0.9793164754791183 0.9805390838769669 0.9810718328814305 0.9808671065958184 0.9806623803102061 0.9804576540245942 0.9802529277389821 0.9800482014533701 0.9798434751677582 0.9796387488821462 0.9794340225965341 0.9792292963109221 0.9790245700253102 0.9788198437396982 0.9786151174540861 0.9784103911684742 0.9782056648828622 0.9780009385972498 0.9777962123116378 0.9775914860260259 0.9773867597404139 0.9771820334548018 0.9769773071691898 0.9767725808835779 0.9765678545979659 0.9763631283123538 0.9761584020267419 0.9759536757411299 0.9757489494555178 0.9755442231699059 0.9753394968842936 0.9751347705986816
0.9650253551776213 0.9662057596967759 0.9673861642159305 0.9685665687350871 0.9697469732542416 0.9709273777733962 0.9721077822925508 0.9732881868117054 0.97446859133086 0.9756489958500145 0.9768294003691691 0.9780098048883237 0.9791902094074783 0.9803706139266328 0.9808873879860376 0.9806947260784903 0.9805020641709428 0.9803094022633956 0.9801167403558484 0.9799240784483011 0.9797314165407539 0.9795387546332067 0.9793460927256595 0.9791534308181123 0.978960768910565 0.9787681070030179 0.9785754450954707 0.9783827831879235 0.9781901212803762 0.9779974593728287 0.9778047974652815 0.9776121355577343 0.9774194736501871 0.9772268117426398 0.9770341498350926 0.9768414879275454 0.9766488260199983 0.976456164112451 0.9762635022049038 0.9760708402973566 0.9758781783898094 0.9756855164822622 0.9754928545747146 0.9753001926671674
0.9654055356503103 0.9665437362907708 0.9676819369312313 0.9688201375716937 0.9699583382121543 0.9710965388526147 0.9722347394930753 0.9733729401335357 0.9745111407739963 0.9756493414144567 0.9767875420549172 0.9779257426953777 0.9790639433358382 0.9802021439762987 0.9807029430906445 0.9805223455611621 0.9803417480316794 0.980161150502197 0.9799805529727146 0.9797999554432322 0.9796193579137497 0.9794387603842672 0.9792581628547848 0.9790775653253024 0.9788969677958199 0.9787163702663375 0.9785357727368551 0.9783551752073727 0.9781745776778903 0.9779939801484075 0.977813382618925 0.9776327850894426 0.9774521875599602 0.9772715900304778 0.9770909925009953 0.9769103949715129 0.9767297974420305 0.9765491999125481 0.9763686023830657 0.9761880048535831 0.9760074073241007 0.9758268097946183 0.9756462122651356 0.9754656147356532
0.9657857161229992 0.9668817128847657 0.9679777096465321 0.9690737064083004 0.9701697031700668 0.9712656999318332 0.9723616966935997 0.9734576934553661 0.9745536902171326 0.975649686978899 0.9767456837406654 0.9778416805024318 0.9789376772641982 0.9800336740259646 0.9805184981952516 0.980349965043834 0.980181431892416 0.9800128987409984 0.9798443655895808 0.9796758324381631 0.9795072992867455 0.9793387661353278 0.9791702329839101 0.9790016998324925 0.9788331666810749 0.9786646335296573 0.9784961003782396 0.9783275672268219 0.9781590340754043 0.9779905009239863 0.9778219677725687 0.9776534346211511 0.9774849014697334 0.9773163683183158 0.9771478351668981 0.9769793020154804 0.9768107688640628 0.9766422357126452 0.9764737025612276 0.9763051694098099 0.9761366362583922 0.9759681031069746 0.9757995699555566 0.975631036804139
0.9661658965956882 0.9672196894787606 0.968273482361833 0.969327275244907 0.9703810681279794 0.9714348610110518 0.9724886538941241 0.9735424467771965 0.9745962396602688 0.9756500325433412 0.9767038254264135 0.9777576183094858 0.9788114111925582 0.9798652040756306 0.9803340532998587 0.9801775845265058 0.9800211157531526 0.9798646469797998 0.979708178206447 0.9795517094330941 0.9793952406597413 0.9792387718863883 0.9790823031130355 0.9789258343396826 0.9787693655663298 0.9786128967929769 0.9784564280196241 0.9782999592462711 0.9781434904729183 0.9779870216995652 0.9778305529262123 0.9776740841528594 0.9775176153795065 0.9773611466061537 0.9772046778328008 0.977048209059448 0.976891740286095 0.9767352715127422 0.9765788027393894 0.9764223339660365 0.9762658651926837 0.9761093964193308 0.9759529276459776 0.9757964588726248
0.9665460770683775 0.9675576660727557 0.9685692550771339 0.9695808440815139 0.9705924330858922 0.9716040220902704 0.9726156110946486 0.9736272000990268 0.9746387891034051 0.9756503781077833 0.9766619671121616 0.9776735561165398 0.978685145120918 0.9796967341252962 0.9801496084044655 0.9800052040091775 0.9798607996138892 0.9797163952186011 0.979571990823313 0.979427586428025 0.9792831820327369 0.9791387776374488 0.9789943732421608 0.9788499688468727 0.9787055644515845 0.9785611600562965 0.9784167556610084 0.9782723512657203 0.9781279468704323 0.977983542475144 0.9778391380798559 0.9776947336845678 0.9775503292892798 0.9774059248939917 0.9772615204987036 0.9771171161034156 0.9769727117081275 0.9768283073128394 0.9766839029175514 0.9765394985222633 0.9763950941269752 0.9762506897316872 0.9761062853363988 0.9759618809411107
0.9669262575410664 0.9678956426667505 0.9688650277924348 0.9698344129181206 0.9708037980438047 0.9717731831694889 0.972742568295173 0.9737119534208571 0.9746813385465414 0.9756507236722255 0.9766201087979097 0.9775894939235938 0.978558879049278 0.9795282641749622 0.9799651635090726 0.9798328234918493 0.9797004834746258 0.9795681434574025 0.9794358034401792 0.9793034634229559 0.9791711234057326 0.9790387833885094 0.9789064433712861 0.9787741033540628 0.9786417633368395 0.9785094233196162 0.9783770833023929 0.9782447432851696 0.9781124032679464 0.9779800632507228 0.9778477232334996 0.9777153832162763 0.977583043199053 0.9774507031818297 0.9773183631646064 0.9771860231473831 0.9770536831301598 0.9769213431129365 0.9767890030957133 0.97665666307849 0.9765243230612667 0.9763919830440434 0.9762596430268199 0.9761273030095966
0.9673064380137553 0.9682336192607454 0.9691608005077355 0.9700879817547271 0.9710151630017172 0.9719423442487073 0.9728695254956974 0.9737967067426875 0.9747238879896776 0.9756510692366677 0.9765782504836578 0.9775054317306479 0.978432612977638 0.979359794224628 0.9797807186136797 0.9796604429745212 0.9795401673353624 0.9794198916962039 0.9792996160570454 0.9791793404178869 0.9790590647787284 0.9789387891395699 0.9788185135004114 0.9786982378612529 0.9785779622220944 0.9784576865829359 0.9783374109437774 0.9782171353046188 0.9780968596654603 0.9779765840263016 0.9778563083871431 0.9777360327479846 0.9776157571088261 0.9774954814696676 0.9773752058305091 0.9772549301913506 0.9771346545521921 0.9770143789130336 0.976894103273875 0.9767738276347165 0.976653551995558 0.9765332763563995 0.9764130007172409 0.9762927250780824
0.9676866184864442 0.9685715958547403 0.9694565732230362 0.9703415505913338 0.9712265279596298 0.9721115053279259 0.9729964826962219 0.9738814600645179 0.9747664374328139 0.97565141480111 0.9765363921694059 0.977421369537702 0.9783063469059979 0.979191324274294 0.9795962737182867 0.979488062457193 0.979379851196099 0.9792716399350053 0.9791634286739116 0.9790552174128179 0.9789470061517241 0.9788387948906304 0.9787305836295367 0.978622372368443 0.9785141611073492 0.9784059498462555 0.9782977385851618 0.978189527324068 0.9780813160629743 0.9779731048018805 0.9778648935407868 0.977756682279693 0.9776484710185993 0.9775402597575056 0.9774320484964119 0.9773238372353181 0.9772156259742244 0.9771074147131307 0.976999203452037 0.9768909921909432 0.9767827809298495 0.9766745696687558 0.9765663584076618 0.9764581471465681
