Figures/CREST_Example_wjb_NSE/PETs/wjb.pet.20100502.asc
ncols            288
nrows            254
xllcorner        113.274861
yllcorner        31.4918055
cellsize         0.008333333333
NODATA_value     -9999
[rows 200 to 219 of 254, columns 132 to 175 of 288]
3.2165054906234927 3.214506891966424 3.2125082933093547 3.2105096946522855 3.2085110959952168 3.2065124973381476 3.204513898681079 3.2025153000240096 3.2005167013669404 3.1985181027098717 3.1965195040528025 3.19452090539573 3.192522306738661 3.1905237080815922 3.188525109424523 3.1865265107674543 3.184527912110385 3.182529313453316 3.180530714796247 3.178532116139178 3.176533517482109 3.17453491882504 3.172536320167971 3.170537721510902 3.1685391228538298 3.1665405241967606 3.1645419255396914 3.1625433268826226 3.1605447282255534 3.1585461295684847 3.1579118267758677 3.158735987124727 3.1595601474735857 3.160384307822445 3.1612084681713037 3.162032628520163 3.1628567888690218 3.1636809492178823 3.1645051095667416 3.1653292699156004 3.1661534302644596 3.1669775906133184 3.1678017509621776 3.1686259113110364
3.2125519923124277 3.210580388731212 3.2086087851499965 3.2066371815687806 3.2046655779875652 3.2026939744063494 3.2007223708251336 3.198750767243918 3.1967791636627023 3.194807560081487 3.192835956500271 3.190864352919052 3.1888927493378367 3.186921145756621 3.1849495421754055 3.1829779385941896 3.1810063350129743 3.1790347314317584 3.177063127850543 3.175091524269327 3.1731199206881113 3.171148317106896 3.16917671352568 3.1672051099444647 3.1652335063632457 3.16326190278203 3.1612902992008145 3.1593186956195987 3.1573470920383833 3.1553754884571674 3.1547761710297006 3.15564385854372 3.1565115460577395 3.1573792335717585 3.158246921085778 3.1591146085997974 3.1599822961138164 3.1608499836278376 3.1617176711418566 3.162585358655876 3.1634530461698955 3.1643207336839145 3.165188421197934 3.1660561087119534
3.2085984940013628 3.2066538854960007 3.2047092769906382 3.202764668485276 3.2008200599799137 3.1988754514745517 3.196930842969189 3.194986234463827 3.1930416259584646 3.1910970174531026 3.18915240894774 3.1872078004423745 3.1852631919370125 3.18331858343165 3.181373974926288 3.1794293664209254 3.1774847579155634 3.175540149410201 3.173595540904839 3.1716509323994764 3.1697063238941143 3.167761715388752 3.16581710688339 3.1638724983780273 3.1619278898726617 3.1599832813672997 3.158038672861937 3.156094064356575 3.1541494558512126 3.1522048473458506 3.1516405152835336 3.1525517299627133 3.153462944641893 3.1543741593210726 3.155285374000252 3.156196588679432 3.1571078033586115 3.1580190180377925 3.158930232716972 3.159841447396152 3.1607526620753315 3.1616638767545107 3.1625750914336903 3.16348630611287
3.204644995690298 3.2027273822607887 3.20080976883128 3.198892155401771 3.196974541972262 3.195056928542753 3.1931393151132443 3.1912217016837356 3.1893040882542265 3.187386474824718 3.1854688613952087 3.1835512479656964 3.1816336345361877 3.179716021106679 3.17779840767717 3.1758807942476612 3.173963180818152 3.1720455673886434 3.1701279539591343 3.1682103405296256 3.1662927271001164 3.1643751136706078 3.162457500241099 3.16053988681159 3.1586222733820777 3.156704659952569 3.15478704652306 3.152869433093551 3.1509518196640425 3.1490342062345333 3.148504859537367 3.149459601381707 3.1504143432260467 3.1513690850703866 3.1523238269147265 3.153278568759066 3.1542333106034057 3.1551880524477474 3.156142794292087 3.157097536136427 3.158052277980767 3.159007019825107 3.1599617616694466 3.1609165035137865
3.200691497379231 3.1988008790255757 3.1969102606719204 3.1950196423182646 3.1931290239646093 3.191238405610954 3.189347787257298 3.187457168903643 3.185566550549987 3.1836759321963317 3.1817853138426764 3.1798946954890175 3.178004077135362 3.1761134587817064 3.174222840428051 3.1723322220743957 3.17044160372074 3.1685509853670846 3.1666603670134292 3.1647697486597735 3.162879130306118 3.1609885119524628 3.159097893598807 3.1572072752451517 3.1553166568914928 3.1534260385378374 3.151535420184182 3.1496448018305263 3.147754183476871 3.1458635651232156 3.145369203791199 3.146367472800699 3.1473657418101992 3.1483640108196993 3.1493622798291994 3.1503605488387 3.1513588178482 3.1523570868577018 3.153355355867202 3.154353624876702 3.155351893886202 3.1563501628957025 3.1573484319052025 3.1583467009147026
3.196737999068166 3.1948743757903637 3.1930107525125617 3.1911471292347597 3.1892835059569578 3.1874198826791553 3.1855562594013533 3.1836926361235514 3.181829012845749 3.179965389567947 3.178101766290145 3.1762381430123394 3.1743745197345374 3.1725108964567355 3.1706472731789335 3.168783649901131 3.166920026623329 3.165056403345527 3.1631927800677246 3.1613291567899227 3.1594655335121207 3.1576019102343187 3.1557382869565163 3.1538746636787143 3.152011040400909 3.1501474171231068 3.1482837938453048 3.146420170567503 3.1445565472897004 3.1426929240118984 3.142233548045032 3.1432753442196923 3.1443171403943526 3.1453589365690133 3.1464007327436736 3.147442528918334 3.1484843250929946 3.1495261212676566 3.150567917442317 3.1516097136169776 3.152651509791638 3.153693305966298 3.154735102140959 3.155776898315619
3.1927845007571007 3.190947872555152 3.1891112443532035 3.187274616151255 3.1854379879493058 3.183601359747357 3.1817647315454085 3.17992810334346 3.178091475141511 3.176254846939562 3.1744182187376135 3.172581590535662 3.170744962333713 3.168908334131764 3.1670717059298155 3.165235077727867 3.163398449525918 3.161561821323969 3.1597251931220205 3.157888564920072 3.1560519367181232 3.154215308516174 3.1523786803142255 3.150542052112277 3.148705423910325 3.1468687957083765 3.1450321675064274 3.143195539304479 3.14135891110253 3.1395222829005816 3.139097892298865 3.1401832156386855 3.1412685389785064 3.142353862318327 3.143439185658148 3.1445245089979683 3.1456098323377892 3.1466951556776115 3.1477804790174324 3.148865802357253 3.149951125697074 3.1510364490368943 3.152121772376715 3.1532070957165357
3.1888310024460345 3.187021369319939 3.185211736193844 3.183402103067748 3.181592469941653 3.1797828368155576 3.1779732036894623 3.176163570563367 3.174353937437272 3.172544304311176 3.170734671185081 3.1689250380589824 3.167115404932887 3.165305771806792 3.1634961386806966 3.161686505554601 3.1598768724285056 3.1580672393024103 3.156257606176315 3.1544479730502197 3.1526383399241245 3.1508287067980287 3.1490190736719335 3.147209440545838 3.14539980741974 3.1435901742936445 3.1417805411675492 3.1399709080414535 3.1381612749153582 3.136351641789263 3.1359622365526967 3.137091087057678 3.1382199375626585 3.1393487880676396 3.1404776385726207 3.1416064890776014 3.1427353395825826 3.1438641900875655 3.1449930405925466 3.1461218910975273 3.1472507416025084 3.1483795921074895 3.1495084426124706 3.1506372931174513
3.1893280152380172 3.1875494356567535 3.18577085607549 3.1839922764942257 3.182213696912962 3.1804351173316983 3.1786565377504346 3.176877958169171 3.175099378587907 3.173320799006643 3.1715422194253793 3.1697636398441125 3.1679850602628488 3.166206480681585 3.1644279011003213 3.1626493215190576 3.1608707419377935 3.15909216235653 3.157313582775266 3.1555350031940024 3.1537564236127387 3.151977844031475 3.150199264450211 3.148420684868947 3.1466421052876803 3.1448635257064166 3.143084946125153 3.141306366543889 3.139527786962625 3.1377492073813613 3.1373688348957827 3.138483177424989 3.139597519954195 3.140711862483401 3.1418262050126073 3.1429405475418135 3.1440548900710197 3.1451692326002276 3.146283575129434 3.14739791765864 3.148512260187846 3.1496266027170523 3.1507409452462585 3.1518552877754646
3.1945823438937104 3.19283915610482 3.1910959683159295 3.189352780527039 3.1876095927381485 3.185866404949258 3.1841232171603675 3.182380029371477 3.1806368415825865 3.178893653793696 3.1771504660048056 3.175407278215912 3.1736640904270215 3.171920902638131 3.1701777148492405 3.16843452706035 3.1666913392714595 3.164948151482569 3.1632049636936785 3.161461775904788 3.1597185881158976 3.157975400327007 3.1562322125381166 3.154489024749226 3.1527458369603325 3.151002649171442 3.1492594613825515 3.147516273593661 3.1457730858047706 3.14402989801588 3.143630816572482 3.1446686152180745 3.1457064138636674 3.1467442125092604 3.147782011154853 3.148819809800446 3.149857608446039 3.1508954070916335 3.151933205737226 3.152971004382819 3.154008803028412 3.1550466016740044 3.1560844003195974 3.1571221989651903
3.199836672549406 3.1981288765528886 3.1964210805563713 3.194713284559854 3.1930054885633368 3.1912976925668195 3.1895898965703027 3.1878821005737854 3.186174304577268 3.184466508580751 3.1827587125842336 3.1810509165877137 3.1793431205911964 3.177635324594679 3.175927528598162 3.174219732601645 3.1725119366051278 3.1708041406086105 3.169096344612093 3.167388548615576 3.1656807526190587 3.163972956622542 3.1622651606260246 3.1605573646295073 3.158849568632987 3.15714177263647 3.155433976639953 3.1537261806434356 3.1520183846469183 3.150310588650401 3.149892798249184 3.1508540530111633 3.1518153077731426 3.1527765625351223 3.1537378172971016 3.154699072059081 3.1556603268210606 3.1566215815830416 3.157582836345021 3.1585440911070006 3.15950534586898 3.160466600630959 3.161427855392939 3.162389110154918
3.205091001205099 3.203418597000955 3.2017461927968114 3.2000737885926673 3.1984013843885233 3.1967289801843797 3.1950565759802356 3.1933841717760916 3.191711767571948 3.190039363367804 3.18836695916366 3.186694554959513 3.1850221507553695 3.1833497465512255 3.1816773423470814 3.180004938142938 3.178332533938794 3.1766601297346497 3.174987725530506 3.173315321326362 3.171642917122218 3.1699705129180744 3.1682981087139304 3.1666257045097863 3.1649533003056396 3.1632808961014955 3.161608491897352 3.159936087693208 3.158263683489064 3.1565912792849202 3.156154779925884 3.15703949080425 3.157924201682616 3.158808912560982 3.159693623439348 3.160578334317714 3.16146304519608 3.1623477560744475 3.1632324669528136 3.1641171778311796 3.1650018887095457 3.1658865995879117 3.166771310466278 3.167656021344644
3.210345329860792 3.2087083174490214 3.2070713050372506 3.20543429262548 3.2037972802137094 3.202160267801939 3.200523255390168 3.1988862429783977 3.197249230566627 3.1956122181548565 3.1939752057430857 3.1923381933313126 3.190701180919542 3.1890641685077714 3.1874271560960006 3.18579014368423 3.1841531312724594 3.182516118860689 3.180879106448918 3.1792420940371477 3.177605081625377 3.1759680692136065 3.1743310568018357 3.1726940443900653 3.171057031978292 3.169420019566521 3.1677830071547506 3.1661459947429798 3.1645089823312094 3.1628719699194385 3.162416761602583 3.1632249285973355 3.1640330955920883 3.164841262586841 3.165649429581594 3.1664575965763464 3.1672657635710992 3.1680739305658534 3.1688820975606062 3.1696902645553586 3.1704984315501115 3.1713065985448643 3.172114765539617 3.1729229325343695
3.215599658516487 3.2139980378970896 3.2123964172776924 3.2107947966582953 3.209193176038898 3.2075915554195005 3.2059899348001033 3.204388314180706 3.202786693561309 3.2011850729419113 3.199583452322514 3.1979818317031143 3.1963802110837167 3.1947785904643196 3.1931769698449224 3.191575349225525 3.1899737286061276 3.1883721079867304 3.1867704873673333 3.185168866747936 3.1835672461285385 3.1819656255091413 3.180364004889744 3.1787623842703465 3.1771607636509467 3.1755591430315495 3.1739575224121523 3.1723559017927547 3.1707542811733576 3.1691526605539604 3.1686787432792856 3.1694103663904247 3.170141989501564 3.1708736126127035 3.1716052357238427 3.172336858834982 3.1730684819461215 3.173800105057262 3.174531728168401 3.1752633512795407 3.17599497439068 3.176726597501819 3.1774582206129587 3.178189843724098
3.2208539871721804 3.2192877583451565 3.2177215295181325 3.2161553006911086 3.2145890718640846 3.21302284303706 3.2114566142100363 3.2098903853830123 3.2083241565559883 3.2067579277289644 3.2051916989019404 3.203625470074914 3.2020592412478894 3.2004930124208655 3.1989267835938415 3.1973605547668176 3.1957943259397936 3.1942280971127697 3.1926618682857457 3.1910956394587218 3.1895294106316974 3.1879631818046734 3.1863969529776495 3.1848307241506255 3.183264495323599 3.181698266496575 3.180132037669551 3.178565808842527 3.1769995800155026 3.1754333511884787 3.174940724955985 3.175595804183511 3.176250883411037 3.1769059626385627 3.1775610418660887 3.1782161210936146 3.1788712003211406 3.1795262795486674 3.1801813587761933 3.1808364380037193 3.1814915172312457 3.1821465964587716 3.1828016756862976 3.1834567549138235
3.226108315827873 3.2245774787932224 3.2230466417585717 3.2215158047239214 3.2199849676892707 3.21845413065462 3.216923293619969 3.2153924565853185 3.2138616195506677 3.212330782516017 3.2107999454813663 3.209269108446713 3.207738271412062 3.2062074343774114 3.2046765973427607 3.20314576030811 3.201614923273459 3.2000840862388085 3.1985532492041577 3.197022412169507 3.1954915751348563 3.1939607381002055 3.192429901065555 3.190899064030904 3.189368226996251 3.1878373899616004 3.1863065529269496 3.184775715892299 3.183244878857648 3.1817140418229974 3.1812027066326842 3.1817812419765965 3.1823597773205092 3.182938312664422 3.1835168480083347 3.184095383352247 3.1846739186961597 3.1852524540400733 3.185830989383986 3.1864095247278987 3.186988060071811 3.1875665954157237 3.1881451307596365 3.188723666103549
3.2313626444835664 3.229867199241289 3.2283717539990113 3.226876308756734 3.2253808635144567 3.2238854182721792 3.2223899730299017 3.220894527787624 3.219399082545347 3.2179036373030696 3.216408192060792 3.2149127468185124 3.213417301576235 3.2119218563339573 3.21042641109168 3.2089309658494027 3.2074355206071252 3.2059400753648477 3.20444463012257 3.202949184880293 3.2014537396380156 3.199958294395738 3.1984628491534606 3.1969674039111835 3.1954719586689033 3.193976513426626 3.1924810681843487 3.190985622942071 3.1894901776997937 3.187994732457516 3.187464688309384 3.187966679769683 3.1884686712299826 3.1889706626902816 3.1894726541505807 3.18997464561088 3.1904766370711792 3.1909786285314796 3.1914806199917787 3.191982611452078 3.1924846029123772 3.1929865943726763 3.193488585832976 3.193990577293275
3.2366169731392618 3.2351569196893575 3.2336968662394536 3.2322368127895493 3.2307767593396455 3.229316705889741 3.2278566524398373 3.226396598989933 3.2249365455400287 3.223476492090125 3.2220164386402206 3.220556385190314 3.2190963317404098 3.217636278290506 3.2161762248406016 3.2147161713906978 3.2132561179407935 3.211796064490889 3.2103360110409853 3.208875957591081 3.207415904141177 3.205955850691273 3.2044957972413686 3.2030357437914647 3.201575690341558 3.200115636891654 3.1986555834417496 3.1971955299918458 3.1957354765419415 3.1942754230920376 3.193726669986086 3.194152117562772 3.1945775651394577 3.1950030127161435 3.1954284602928293 3.195853907869515 3.196279355446201 3.1967048030228877 3.1971302505995736 3.1975556981762594 3.1979811457529452 3.198406593329631 3.198832040906317 3.1992574884830027
3.2418713017949545 3.240446640137424 3.2390219784798933 3.237597316822362 3.2361726551648315 3.234747993507301 3.23332333184977 3.231898670192239 3.230474008534708 3.2290493468771775 3.227624685219647 3.2262000235621136 3.2247753619045825 3.223350700247052 3.221926038589521 3.22050137693199 3.2190767152744595 3.2176520536169284 3.2162273919593978 3.214802730301867 3.213378068644336 3.2119534069868054 3.2105287453292743 3.2091040836717437 3.2076794220142104 3.20625476035668 3.2048300986991487 3.203405437041618 3.2019807753840874 3.2005561137265564 3.199988651662786 3.200337555355858 3.2006864590489306 3.201035362742003 3.201384266435076 3.201733170128148 3.2020820738212206 3.2024309775142936 3.2027798812073662 3.203128784900439 3.203477688593511 3.2038265922865836 3.2041754959796562 3.204524399672729
3.247125630450648 3.2457363605854908 3.244347090720333 3.2429578208551755 3.241568550990018 3.2401792811248606 3.238790011259703 3.2374007413945454 3.236011471529388 3.23462220166423 3.2332329317990727 3.231843661933913 3.230454392068755 3.2290651222035978 3.2276758523384403 3.226286582473283 3.224897312608125 3.2235080427429676 3.2221187728778102 3.220729503012653 3.219340233147495 3.2179509632823375 3.21656169341718 3.2151724235520227 3.2137831536868626 3.212393883821705 3.2110046139565473 3.20961534409139 3.2082260742262325 3.206836804361075 3.206250633339485 3.206522993148944 3.2067953529584035 3.2070677127678624 3.2073400725773213 3.2076124323867807 3.2078847921962397 3.2081571520056995 3.2084295118151585 3.208701871624618 3.208974231434077 3.2092465912435357 3.209518951052995 3.209791310862454
