Figures/CREST_Example_wjb_NSE/PETs/wjb.pet.20100205.asc
ncols            288
nrows            254
xllcorner        113.274861
yllcorner        31.4918055
cellsize         0.008333333333
NODATA_value     -9999
[rows 171 to 189 of 254, columns 220 to 263 of 288]
0.6530662487200973 0.6527142640613486 0.6529283409453425 0.6537475504294854 0.6545667599136282 0.655385969397771 0.656205178881914 0.6570243883660568 0.6578435978501996 0.6586628073343426 0.6594820168184854 0.6603012263026282 0.6611204357867712 0.661939645270914 0.6627588547550582 0.6635780642392011 0.6643972737233439 0.6652164832074868 0.6660356926916297 0.6668549021757725 0.6676741116599154 0.6684933211440582 0.6693125306282011 0.670131740112344 0.6709509495964868 0.6717701590806296 0.6725893685647726 0.6734085780489167 0.6742277875330597 0.6750469970172025 0.6758662065013453 0.6766854159854883 0.6774446785917148 0.6781398566284387 0.6788350346651625 0.6795302127018863 0.6802253907386101 0.6809205687753339 0.6816157468120577 0.6823109248487815 0.6830061028855066 0.6837012809222304 -9999.0 -9999.0
0.6511568487852863 0.6508162948295658 0.6510554536718328 0.6519143386150572 0.6527732235582817 0.6536321085015062 0.6544909934447306 0.6553498783879551 0.6562087633311795 0.657067648274404 0.6579265332176285 0.6587854181608529 0.6596443031040774 0.6605031880473018 0.6613620729905277 0.6622209579337522 0.6630798428769766 0.6639387278202011 0.6647976127634256 0.66565649770665 0.6665153826498745 0.6673742675930989 0.6682331525363234 0.6690920374795479 0.6699509224227723 0.6708098073659968 0.6716686923092212 0.6725275772524472 0.6733864621956717 0.6742453471388961 0.6751042320821206 0.6759631170253451 0.6767395983756822 0.6774279884198627 0.6781163784640433 0.6788047685082238 0.6794931585524043 0.6801815485965849 0.6808699386407654 0.6815583286849459 0.6822467187291277 -9999.0 -9999.0 -9999.0
0.6492474488504755 0.648918325597783 0.6491825663983231 0.6500811268006291 0.6509796872029352 0.6518782476052413 0.6527768080075473 0.6536753684098533 0.6545739288121594 0.6554724892144654 0.6563710496167715 0.6572696100190776 0.6581681704213836 0.6590667308236897 0.6599652912259973 0.6608638516283033 0.6617624120306094 0.6626609724329154 0.6635595328352215 0.6644580932375276 0.6653566536398337 0.6662552140421397 0.6671537744444458 0.6680523348467519 0.6689508952490578 0.6698494556513639 0.67074801605367 0.6716465764559776 0.6725451368582837 0.6734436972605897 0.6743422576628958 0.6752408180652019 0.6760345181596497 0.6767161202112869 0.6773977222629242 0.6780793243145614 0.6787609263661987 0.6794425284178358 0.6801241304694731 -9999.0 -9999.0 -9999.0 -9999.0 -9999.0
0.6473380489156646 0.6470203563660002 0.6473096791248133 0.6482479149862009 0.6491861508475887 0.6501243867089763 0.651062622570364 0.6520008584317516 0.6529390942931392 0.653877330154527 0.6548155660159146 0.6557538018773023 0.6566920377386899 0.6576302736000775 0.6585685094614668 0.6595067453228545 0.6604449811842421 0.6613832170456297 0.6623214529070175 0.6632596887684051 0.6641979246297928 0.6651361604911804 0.666074396352568 0.6670126322139558 0.6679508680753434 0.6688891039367311 0.6698273397981187 0.670765575659508 0.6717038115208956 0.6726420473822833 0.6735802832436709 0.6745185191050586 0.6753294379436171 0.676004252002711 0.676679066061805 0.6773538801208989 0.6780286941799929 0.6787035082390869 -9999.0 -9999.0 -9999.0 -9999.0 -9999.0 -9999.0
0.6454286489808537 0.6451223871342174 0.6454367918513035 0.6464147031717729 0.6473926144922421 0.6483705258127114 0.6493484371331806 0.6503263484536499 0.6513042597741191 0.6522821710945884 0.6532600824150576 0.6542379937355269 0.6552159050559961 0.6561938163764655 0.6571717276969363 0.6581496390174056 0.6591275503378748 0.6601054616583442 0.6610833729788134 0.6620612842992827 0.6630391956197519 0.6640171069402212 0.6649950182606904 0.6659729295811597 0.6669508409016289 0.6679287522220982 0.6689066635425674 0.6698845748630383 0.6708624861835076 0.6718403975039768 0.6728183088244462 0.6737962201449154 0.6746243577275844 0.6752923837941351 0.6759604098606858 0.6766284359272364 0.6772964619937871 0.6779644880603378 -9999.0 -9999.0 -9999.0 -9999.0 -9999.0 -9999.0
0.6435192490460411 0.6432244179024329 0.6435639045777922 0.6445814913573431 0.645599078136894 0.6466166649164449 0.6476342516959958 0.6486518384755466 0.6496694252550975 0.6506870120346485 0.6517045988141994 0.6527221855937503 0.6537397723733012 0.654757359152852 0.6557749459324047 0.6567925327119556 0.6578101194915065 0.6588277062710574 0.6598452930506082 0.6608628798301591 0.66188046660971 0.6628980533892609 0.6639156401688119 0.6649332269483628 0.6659508137279136 0.6669684005074645 0.6679859872870154 0.6690035740665681 0.670021160846119 0.6710387476256698 0.6720563344052207 0.6730739211847716 0.6739192775115513 0.6745805155855588 0.6752417536595661 0.6759029917335735 0.6765642298075808 -9999.0 -9999.0 -9999.0 -9999.0 -9999.0 -9999.0 -9999.0
0.6416098491112302 0.6413264486706501 0.6416910173042825 0.6427482795429149 0.6438055417815475 0.6448628040201799 0.6459200662588125 0.6469773284974449 0.6480345907360774 0.64909185297471 0.6501491152133424 0.651206377451975 0.6522636396906074 0.6533209019292399 0.6543781641678742 0.6554354264065066 0.6564926886451392 0.6575499508837717 0.6586072131224042 0.6596644753610367 0.6607217375996691 0.6617789998383017 0.6628362620769341 0.6638935243155667 0.6649507865541991 0.6660080487928316 0.6670653110314642 0.6681225732700984 0.669179835508731 0.6702370977473634 0.671294359985996 0.6723516222246284 0.6732141972955188 0.6738686473769828 0.674523097458447 0.675177547539911 -9999.0 -9999.0 -9999.0 -9999.0 -9999.0 -9999.0 -9999.0 -9999.0
0.6411985467699277 0.6409359096825317 0.6413269296090354 0.6424167236767933 0.643506517744551 0.6445963118123089 0.6456861058800667 0.6467758999478246 0.6478656940155824 0.6489554880833401 0.650045282151098 0.6511350762188558 0.6522248702866137 0.6533146643543715 0.6544044584221312 0.655494252489889 0.6565840465576469 0.6576738406254047 0.6587636346931625 0.6598534287609203 0.6609432228286781 0.662033016896436 0.6631228109641938 0.6642126050319517 0.6653023990997095 0.6663921931674673 0.6674819872352251 0.6685717813029848 0.6696615753707427 0.6707513694385004 0.6718411635062583 0.6729309575740161 0.6738029763508877 0.6744421884120488 0.67508140047321 -9999.0 -9999.0 -9999.0 -9999.0 -9999.0 -9999.0 -9999.0 -9999.0 -9999.0
0.6423886163267544 0.6421567186072956 0.6425756535590434 0.6436903433657866 0.6448050331725297 0.6459197229792728 0.6470344127860159 0.648149102592759 0.6492637923995022 0.6503784822062453 0.6514931720129884 0.6526078618197316 0.6537225516264747 0.6548372414332179 0.6559519312399629 0.657066621046706 0.6581813108534491 0.6592960006601922 0.6604106904669353 0.6615253802736786 0.6626400700804217 0.6637547598871648 0.6648694496939079 0.665984139500651 0.6670988293073942 0.6682135191141373 0.6693282089208804 0.6704428987276254 0.6715575885343686 0.6726722783411118 0.6737869681478549 0.674901657954598 0.675774809411773 0.6763897509055853 0.6770046923993976 -9999.0 -9999.0 -9999.0 -9999.0 -9999.0 -9999.0 -9999.0 -9999.0 -9999.0
0.6435786858835811 0.6433775275320597 0.6438243775090515 0.64496396305478 0.6461035486005083 0.6472431341462368 0.6483827196919653 0.6495223052376937 0.6506618907834221 0.6518014763291505 0.652941061874879 0.6540806474206073 0.6552202329663358 0.6563598185120643 0.6574994040577946 0.6586389896035231 0.6597785751492514 0.6609181606949799 0.6620577462407083 0.6631973317864368 0.6643369173321652 0.6654765028778936 0.6666160884236221 0.6677556739693504 0.6688952595150789 0.6700348450608073 0.6711744306065357 0.6723140161522662 0.6734536016979945 0.674593187243723 0.6757327727894514 0.6768723583351799 0.6777466424726584 0.6783373133991218 0.6789279843255852 -9999.0 -9999.0 -9999.0 -9999.0 -9999.0 -9999.0 -9999.0 -9999.0 -9999.0
0.6447687554404078 0.6445983364568235 0.6450731014590595 0.6462375827437733 0.647402064028487 0.6485665453132008 0.6497310265979145 0.6508955078826282 0.652059989167342 0.6532244704520557 0.6543889517367694 0.6555534330214832 0.6567179143061969 0.6578823955909107 0.6590468768756264 0.66021135816034 0.6613758394450538 0.6625403207297675 0.6637048020144812 0.664869283299195 0.6660337645839087 0.6671982458686224 0.6683627271533362 0.6695272084380499 0.6706916897227637 0.6718561710074774 0.6730206522921911 0.6741851335769069 0.6753496148616206 0.6765140961463343 0.6776785774310481 0.6788430587157618 0.6797184755335438 0.6802848758926584 -9999.0 -9999.0 -9999.0 -9999.0 -9999.0 -9999.0 -9999.0 -9999.0 -9999.0 -9999.0
0.6459588249972344 0.6458191453815875 0.6463218254090676 0.6475112024327666 0.6487005794564656 0.6498899564801647 0.6510793335038637 0.6522687105275627 0.6534580875512618 0.6546474645749608 0.6558368415986598 0.6570262186223589 0.6582155956460579 0.659404972669757 0.660594349693458 0.661783726717157 0.662973103740856 0.6641624807645551 0.6653518577882541 0.6665412348119532 0.6677306118356522 0.6689199888593512 0.6701093658830503 0.6712987429067493 0.6724881199304483 0.6736774969541474 0.6748668739778464 0.6760562510015475 0.6772456280252466 0.6784350050489456 0.6796243820726446 0.6808137590963437 0.6816903085944291 -9999.0 -9999.0 -9999.0 -9999.0 -9999.0 -9999.0 -9999.0 -9999.0 -9999.0 -9999.0 -9999.0
0.6471488945540622 0.6470399543063525 0.6475705493590767 0.648784822121761 0.6499990948844454 0.6512133676471298 0.6524276404098142 0.6536419131724984 0.6548561859351828 0.6560704586978672 0.6572847314605516 0.6584990042232359 0.6597132769859202 0.6609275497486046 0.6621418225112911 0.6633560952739754 0.6645703680366597 0.6657846407993441 0.6669989135620285 0.6682131863247128 0.6694274590873972 0.6706417318500815 0.6718560046127658 0.6730702773754502 0.6742845501381346 0.675498822900819 0.6767130956635032 0.6779273684261897 0.6791416411888741 0.6803559139515585 0.6815701867142427 0.6827844594769271 0.6836621416553161 0.684180000879733 -9999.0 -9999.0 -9999.0 -9999.0 -9999.0 -9999.0 -9999.0 -9999.0 -9999.0 -9999.0
0.648338964110889 0.6482607632311166 0.6488192733090848 0.6500584418107545 0.6512976103124242 0.6525367788140938 0.6537759473157634 0.6550151158174331 0.6562542843191027 0.6574934528207724 0.658732621322442 0.6599717898241118 0.6612109583257814 0.662450126827451 0.6636892953291228 0.6649284638307924 0.6661676323324621 0.6674068008341317 0.6686459693358013 0.6698851378374711 0.6711243063391407 0.6723634748408104 0.67360264334248 0.6748418118441496 0.6760809803458193 0.6773201488474889 0.6785593173491586 0.6797984858508304 0.6810376543525001 0.6822768228541697 0.6835159913558393 0.684755159857509 0.6856339747162015 0.6861275633732695 -9999.0 -9999.0 -9999.0 -9999.0 -9999.0 -9999.0 -9999.0 -9999.0 -9999.0 -9999.0
0.6495290336677156 0.6494815721558805 0.6500679972590928 0.6513320614997478 0.6525961257404027 0.6538601899810577 0.6551242542217127 0.6563883184623677 0.6576523827030226 0.6589164469436776 0.6601805111843325 0.6614445754249875 0.6627086396656424 0.6639727039062974 0.6652367681469545 0.6665008323876095 0.6677648966282644 0.6690289608689194 0.6702930251095743 0.6715570893502293 0.6728211535908842 0.6740852178315392 0.6753492820721941 0.6766133463128491 0.677877410553504 0.679141474794159 0.680405539034814 0.6816696032754711 0.682933667516126 0.684197731756781 0.685461795997436 0.6867258602380909 0.6876058077770869 0.6880751258668061 -9999.0 -9999.0 -9999.0 -9999.0 -9999.0 -9999.0 -9999.0 -9999.0 -9999.0 -9999.0
0.6507191032245423 0.6507023810806445 0.6513167212091009 0.6526056811887411 0.6538946411683814 0.6551836011480217 0.656472561127662 0.6577615211073021 0.6590504810869424 0.6603394410665827 0.6616284010462229 0.6629173610258632 0.6642063210055035 0.6654952809851438 0.6667842409647862 0.6680732009444265 0.6693621609240666 0.6706511209037069 0.6719400808833472 0.6732290408629875 0.6745180008426277 0.675806960822268 0.6770959208019083 0.6783848807815485 0.6796738407611888 0.680962800740829 0.6822517607204693 0.6835407207001117 0.684829680679752 0.6861186406593922 0.6874076006390325 0.6886965606186728 -9999.0 -9999.0 -9999.0 -9999.0 -9999.0 -9999.0 -9999.0 -9999.0 -9999.0 -9999.0 -9999.0 -9999.0
0.6519091727813691 0.6519231900054085 0.652565445159109 0.6538793008777345 0.6551931565963601 0.6565070123149856 0.6578208680336112 0.6591347237522368 0.6604485794708623 0.6617624351894879 0.6630762909081135 0.664390146626739 0.6657040023453645 0.6670178580639902 0.6683317137826179 0.6696455695012434 0.6709594252198691 0.6722732809384946 0.6735871366571201 0.6749009923757457 0.6762148480943713 0.6775287038129968 0.6788425595316223 0.680156415250248 0.6814702709688735 0.682784126687499 0.6840979824061246 0.6854118381247524 0.686725693843378 0.6880395495620035 0.689353405280629 -9999.0 -9999.0 -9999.0 -9999.0 -9999.0 -9999.0 -9999.0 -9999.0 -9999.0 -9999.0 -9999.0 -9999.0 -9999.0
0.6530992423381957 0.6531439989301725 0.653814169109117 0.6551529205667278 0.6564916720243387 0.6578304234819495 0.6591691749395604 0.6605079263971713 0.6618466778547821 0.663185429312393 0.6645241807700039 0.6658629322276147 0.6672016836852256 0.6685404351428365 0.6698791866004495 0.6712179380580604 0.6725566895156713 0.6738954409732821 0.675234192430893 0.6765729438885039 0.6779116953461147 0.6792504468037256 0.6805891982613365 0.6819279497189473 0.6832667011765582 0.684605452634169 0.6859442040917799 0.687282955549393 0.6886217070070039 0.6899604584646147 0.6912992099222256 -9999.0 -9999.0 -9999.0 -9999.0 -9999.0 -9999.0 -9999.0 -9999.0 -9999.0 -9999.0 -9999.0 -9999.0 -9999.0
0.6542893118950234 0.6543648078549376 0.6550628930591261 0.6564265402557223 0.6577901874523185 0.6591538346489146 0.6605174818455108 0.661881129042107 0.6632447762387033 0.6646084234352994 0.6659720706318956 0.6673357178284918 0.6686993650250879 0.6700630122216841 0.6714266594182826 0.6727903066148788 0.6741539538114749 0.6755176010080711 0.6768812482046673 0.6782448954012635 0.6796085425978596 0.6809721897944558 0.682335836991052 0.6836994841876483 0.6850631313842444 0.6864267785808406 0.6877904257774368 0.6891540729740353 0.6905177201706314 0.6918813673672276 0.6932450145638238 -9999.0 -9999.0 -9999.0 -9999.0 -9999.0 -9999.0 -9999.0 -9999.0 -9999.0 -9999.0 -9999.0 -9999.0 -9999.0
