Figures/CREST_Example_wjb_NSE/PETs/wjb.pet.20100106.asc
ncols            288
nrows            254
xllcorner        113.274861
yllcorner        31.4918055
cellsize         0.008333333333
NODATA_value     -9999
[rows 57 to 75 of 254, columns 132 to 175 of 288]
0.6237390857360275 0.6230529391916944 0.6223667926473612 0.621680646103028 0.6209944995586947 0.6203083530143615 0.6196222064700283 0.6189360599256951 0.6182499133813619 0.6175637668370287 0.6168776202926954 0.6161914737483611 0.6155053272040278 0.6148191806596947 0.6141330341153615 0.6134468875710283 0.6127607410266951 0.6120745944823619 0.6113884479380286 0.6107023013936954 0.6100161548493622 0.609330008305029 0.6086438617606958 0.6079577152163627 0.6072715686720283 0.6065854221276951 0.6058992755833618 0.6052131290390286 0.6045269824946954 0.6038408359503622 0.6033166190245575 0.6029655085240456 0.6026143980235338 0.6022632875230218 0.60191217702251 0.6015610665219981 0.6012099560214863 0.6008588455209738 0.6005077350204618 0.60015662451995 0.5998055140194382 0.5994544035189263 0.5991032930184144 0.5987521825179025
0.6243846756737196 0.6236987462852206 0.6230128168967216 0.6223268875082225 0.6216409581197235 0.6209550287312245 0.6202690993427254 0.6195831699542265 0.6188972405657275 0.6182113111772284 0.6175253817887294 0.6168394524002292 0.6161535230117302 0.6154675936232312 0.6147816642347321 0.6140957348462331 0.6134098054577342 0.6127238760692352 0.6120379466807361 0.6113520172922371 0.6106660879037381 0.609980158515239 0.60929422912674 0.608608299738241 0.6079223703497408 0.6072364409612419 0.6065505115727428 0.6058645821842438 0.6051786527957448 0.6044927234072458 0.6039701939784673 0.6036223428029773 0.6032744916274873 0.6029266404519972 0.6025787892765071 0.6022309381010171 0.601883086925527 0.6015352357500364 0.6011873845745463 0.6008395333990563 0.6004916822235663 0.6001438310480762 0.5997959798725861 0.5994481286970961
0.624561922302111 0.6238903564521308 0.6232187906021505 0.6225472247521703 0.62187565890219 0.6212040930522097 0.6205325272022294 0.6198609613522491 0.6191893955022688 0.6185178296522885 0.6178462638023082 0.6171746979523268 0.6165031321023465 0.6158315662523662 0.6151600004023859 0.6144884345524056 0.6138168687024254 0.6131453028524451 0.6124737370024649 0.6118021711524846 0.6111306053025043 0.610459039452524 0.6097874736025437 0.6091159077525634 0.608444341902582 0.6077727760526017 0.6071012102026214 0.6064296443526411 0.6057580785026608 0.6050865126526805 0.604576599556116 0.6042394969097756 0.6039023942634353 0.6035652916170948 0.6032281889707545 0.6028910863244141 0.6025539836780738 0.6022168810317328 0.6018797783853924 0.601542675739052 0.6012055730927116 0.6008684704463713 0.6005313678000308 0.6001942651536905
0.6247391689305024 0.6240819666190409 0.6234247643075793 0.6227675619961177 0.6221103596846562 0.6214531573731946 0.6207959550617331 0.6201387527502715 0.6194815504388099 0.6188243481273484 0.6181671458158868 0.6175099435044241 0.6168527411929626 0.616195538881501 0.6155383365700394 0.6148811342585779 0.6142239319471163 0.6135667296356547 0.6129095273241932 0.6122523250127316 0.6115951227012701 0.6109379203898085 0.6102807180783469 0.6096235157668854 0.6089663134554227 0.6083091111439611 0.6076519088324996 0.606994706521038 0.6063375042095764 0.605680301898115 0.6051830051337642 0.6048566510165735 0.6045302968993828 0.604203942782192 0.6038775886650013 0.6035512345478106 0.6032248804306198 0.6028985263134286 0.6025721721962378 0.6022458180790471 0.6019194639618564 0.6015931098446656 0.6012667557274749 0.6009404016102842
0.6249164155588939 0.624273576785951 0.6236307380130082 0.6229878992400653 0.6223450604671225 0.6217022216941797 0.6210593829212367 0.620416544148294 0.619773705375351 0.6191308666024082 0.6184880278294654 0.6178451890565214 0.6172023502835786 0.6165595115106357 0.6159166727376929 0.6152738339647501 0.6146309951918072 0.6139881564188644 0.6133453176459216 0.6127024788729787 0.6120596401000359 0.611416801327093 0.6107739625541502 0.6101311237812073 0.6094882850082634 0.6088454462353206 0.6082026074623776 0.6075597686894348 0.606916929916492 0.6062740911435491 0.6057894107114125 0.6054738051233713 0.6051581995353302 0.6048425939472892 0.6045269883592481 0.604211382771207 0.603895777183166 0.6035801715951243 0.6032645660070833 0.6029489604190422 0.6026333548310011 0.6023177492429601 0.602002143654919 0.6016865380668779
0.6250936621872852 0.6244651869528611 0.6238367117184369 0.6232082364840128 0.6225797612495887 0.6219512860151646 0.6213228107807405 0.6206943355463164 0.6200658603118923 0.6194373850774682 0.6188089098430439 0.6181804346086188 0.6175519593741947 0.6169234841397705 0.6162950089053464 0.6156665336709223 0.6150380584364982 0.6144095832020741 0.61378110796765 0.6131526327332258 0.6125241574988017 0.6118956822643775 0.6112672070299534 0.6106387317955293 0.6100102565611041 0.60938178132668 0.6087533060922559 0.6081248308578318 0.6074963556234076 0.6068678803889835 0.6063958162890607 0.6060909592301692 0.6057861021712778 0.6054812451123863 0.6051763880534949 0.6048715309946036 0.6045666739357121 0.6042618168768201 0.6039569598179287 0.6036521027590374 0.6033472457001459 0.6030423886412545 0.602737531582363 0.6024326745234716
0.6252709088156766 0.6246567971197712 0.6240426854238658 0.6234285737279603 0.6228144620320549 0.6222003503361496 0.6215862386402442 0.6209721269443388 0.6203580152484334 0.619743903552528 0.6191297918566225 0.6185156801607161 0.6179015684648107 0.6172874567689053 0.616673345073 0.6160592333770946 0.6154451216811891 0.6148310099852837 0.6142168982893783 0.6136027865934729 0.6129886748975675 0.6123745632016622 0.6117604515057568 0.6111463398098513 0.6105322281139449 0.6099181164180395 0.6093040047221341 0.6086898930262287 0.6080757813303233 0.6074616696344178 0.6070022218667089 0.6067081133369672 0.6064140048072254 0.6061198962774836 0.6058257877477418 0.605531679218 0.6052375706882582 0.604943462158516 0.6046493536287743 0.6043552450990325 0.6040611365692907 0.603767028039549 0.6034729195098072 0.6031788109800653
0.6254481554440678 0.6248484072866811 0.6242486591292945 0.6236489109719078 0.6230491628145212 0.6224494146571344 0.6218496664997478 0.6212499183423611 0.6206501701849745 0.6200504220275878 0.6194506738702011 0.6188509257128134 0.6182511775554267 0.6176514293980401 0.6170516812406533 0.6164519330832667 0.61585218492588 0.6152524367684934 0.6146526886111067 0.6140529404537199 0.6134531922963333 0.6128534441389466 0.61225369598156 0.6116539478241733 0.6110541996667856 0.6104544515093989 0.6098547033520123 0.6092549551946256 0.6086552070372389 0.6080554588798522 0.6076086274443572 0.607325267443765 0.6070419074431729 0.6067585474425808 0.6064751874419887 0.6061918274413965 0.6059084674408044 0.6056251074402118 0.6053417474396197 0.6050583874390276 0.6047750274384355 0.6044916674378433 0.6042083074372513 0.6039249474366591
0.6256254020724592 0.6250400174535913 0.6244546328347234 0.6238692482158553 0.6232838635969874 0.6226984789781195 0.6221130943592516 0.6215277097403835 0.6209423251215156 0.6203569405026477 0.6197715558837796 0.6191861712649107 0.6186007866460428 0.6180154020271749 0.6174300174083068 0.6168446327894389 0.616259248170571 0.6156738635517031 0.615088478932835 0.6145030943139671 0.6139177096950992 0.6133323250762313 0.6127469404573632 0.6121615558384953 0.6115761712196264 0.6109907866007583 0.6104054019818904 0.6098200173630225 0.6092346327441546 0.6086492481252865 0.6082150330220054 0.6079424215505629 0.6076698100791205 0.607397198607678 0.6071245871362355 0.6068519756647931 0.6065793641933506 0.6063067527219077 0.6060341412504652 0.6057615297790228 0.6054889183075802 0.6052163068361378 0.6049436953646954 0.6046710838932529
0.6258026487008508 0.6252316276205016 0.6246606065401523 0.6240895854598032 0.623518564379454 0.6229475432991047 0.6223765222187555 0.6218055011384063 0.621234480058057 0.6206634589777078 0.6200924378973586 0.6195214168170083 0.6189503957366591 0.61837937465631 0.6178083535759608 0.6172373324956115 0.6166663114152623 0.6160952903349131 0.6155242692545638 0.6149532481742146 0.6143822270938654 0.6138112060135161 0.6132401849331669 0.6126691638528177 0.6120981427724675 0.6115271216921183 0.6109561006117691 0.6103850795314198 0.6098140584510706 0.6092430373707214 0.6088214385996541 0.6085595756573613 0.6082977127150685 0.6080358497727757 0.6077739868304829 0.6075121238881901 0.6072502609458973 0.606988398003604 0.6067265350613112 0.6064646721190184 0.6062028091767256 0.6059409462344328 0.60567908329214 0.6054172203498472
0.6259798953292421 0.6254232377874117 0.6248665802455812 0.6243099227037506 0.6237532651619202 0.6231966076200897 0.6226399500782592 0.6220832925364287 0.6215266349945981 0.6209699774527677 0.6204133199109372 0.6198566623691057 0.6193000048272752 0.6187433472854447 0.6181866897436142 0.6176300322017837 0.6170733746599532 0.6165167171181227 0.6159600595762922 0.6154034020344618 0.6148467444926312 0.6142900869508007 0.6137334294089702 0.6131767718671397 0.6126201143253083 0.6120634567834777 0.6115067992416472 0.6109501416998168 0.6103934841579862 0.6098368266161557 0.6094278441773023 0.6091767297641592 0.6089256153510161 0.6086745009378729 0.6084233865247297 0.6081722721115866 0.6079211576984435 0.6076700432852998 0.6074189288721568 0.6071678144590136 0.6069167000458704 0.6066655856327272 0.6064144712195841 0.606163356806441
0.6261571419576336 0.6256148479543218 0.62507255395101 0.6245302599476982 0.6239879659443864 0.6234456719410747 0.6229033779377628 0.6223610839344511 0.6218187899311393 0.6212764959278275 0.6207342019245157 0.620191907921203 0.6196496139178912 0.6191073199145795 0.6185650259112676 0.6180227319079559 0.6174804379046441 0.6169381439013323 0.6163958498980205 0.6158535558947087 0.615311261891397 0.6147689678880852 0.6142266738847734 0.6136843798814616 0.6131420858781489 0.6125997918748372 0.6120574978715253 0.6115152038682136 0.6109729098649017 0.61043061586159 0.6100342497549505 0.609793883870957 0.6095535179869634 0.60931315210297 0.6090727862189765 0.608832420334983 0.6085920544509895 0.6083516885669956 0.6081113226830022 0.6078709567990086 0.6076305909150151 0.6073902250310217 0.6071498591470281 0.6069094932630347
0.6263343885860249 0.6258064581212318 0.6252785276564388 0.6247505971916456 0.6242226667268526 0.6236947362620595 0.6231668057972665 0.6226388753324734 0.6221109448676804 0.6215830144028873 0.6210550839380943 0.6205271534733003 0.6199992230085072 0.6194712925437141 0.6189433620789211 0.618415431614128 0.617887501149335 0.617359570684542 0.6168316402197489 0.6163037097549559 0.6157757792901628 0.6152478488253696 0.6147199183605766 0.6141919878957836 0.6136640574309896 0.6131361269661966 0.6126081965014035 0.6120802660366105 0.6115523355718174 0.6110244051070244 0.6106406553325987 0.6104110379777549 0.610181420622911 0.6099518032680672 0.6097221859132234 0.6094925685583795 0.6092629512035357 0.6090333338486914 0.6088037164938476 0.6085740991390037 0.6083444817841599 0.6081148644293161 0.6078852470744722 0.6076556297196284
0.6265116352144162 0.6259980682881419 0.6254845013618675 0.6249709344355932 0.6244573675093189 0.6239438005830445 0.6234302336567702 0.6229166667304958 0.6224030998042215 0.6218895328779471 0.6213759659516729 0.6208623990253976 0.6203488320991233 0.6198352651728489 0.6193216982465746 0.6188081313203003 0.618294564394026 0.6177809974677516 0.6172674305414773 0.6167538636152029 0.6162402966889285 0.6157267297626543 0.61521316283638 0.6146995959101056 0.6141860289838303 0.613672462057556 0.6131588951312817 0.6126453282050074 0.612131761278733 0.6116181943524587 0.6112470609102469 0.6110281920845527 0.6108093232588586 0.6105904544331644 0.6103715856074702 0.6101527167817761 0.6099338479560819 0.6097149791303873 0.6094961103046931 0.6092772414789989 0.6090583726533048 0.6088395038276105 0.6086206350019163 0.6084017661762222
0.6266888818428076 0.6261896784550519 0.6256904750672964 0.6251912716795407 0.6246920682917851 0.6241928649040295 0.6236936615162739 0.6231944581285183 0.6226952547407627 0.622196051353007 0.6216968479652514 0.6211976445774949 0.6206984411897394 0.6201992378019837 0.6197000344142282 0.6192008310264725 0.6187016276387169 0.6182024242509613 0.6177032208632056 0.6172040174754501 0.6167048140876944 0.6162056106999388 0.6157064073121832 0.6152072039244276 0.6147080005366711 0.6142087971489155 0.6137095937611599 0.6132103903734043 0.6127111869856486 0.6122119835978931 0.6118534664878952 0.6116453461913507 0.6114372258948061 0.6112291055982616 0.6110209853017171 0.6108128650051725 0.610604744708628 0.6103966244120831 0.6101885041155386 0.609980383818994 0.6097722635224495 0.609564143225905 0.6093560229293604 0.6091479026328159
0.6268661284711992 0.6263812886219623 0.6258964487727254 0.6254116089234886 0.6249267690742516 0.6244419292250147 0.6239570893757779 0.623472249526541 0.622987409677304 0.6225025698280672 0.6220177299788303 0.6215328901295926 0.6210480502803557 0.6205632104311188 0.620078370581882 0.6195935307326451 0.6191086908834081 0.6186238510341713 0.6181390111849344 0.6176541713356976 0.6171693314864607 0.6166844916372237 0.6161996517879869 0.61571481193875 0.6152299720895122 0.6147451322402754 0.6142602923910385 0.6137754525418017 0.6132906126925647 0.6128057728433278 0.6124598720655439 0.612262500298149 0.6120651285307541 0.6118677567633592 0.6116703849959644 0.6114730132285695 0.6112756414611746 0.6110782696937794 0.6108808979263846 0.6106835261589897 0.6104861543915948 0.6102887826241999 0.6100914108568051 0.6098940390894102
0.6270433750995905 0.6265728987888723 0.6261024224781542 0.6256319461674361 0.6251614698567179 0.6246909935459998 0.6242205172352816 0.6237500409245634 0.6232795646138453 0.6228090883031271 0.6223386119924089 0.62186813568169 0.6213976593709718 0.6209271830602536 0.6204567067495355 0.6199862304388173 0.6195157541280991 0.619045277817381 0.6185748015066628 0.6181043251959446 0.6176338488852264 0.6171633725745083 0.6166928962637901 0.616222419953072 0.615751943642353 0.6152814673316348 0.6148109910209167 0.6143405147101986 0.6138700383994804 0.6133995620887622 0.6130662776431921 0.612879654404947 0.6126930311667017 0.6125064079284565 0.6123197846902113 0.6121331614519661 0.6119465382137208 0.6117599149754753 0.6115732917372301 0.6113866684989848 0.6112000452607396 0.6110134220224944 0.6108267987842492 0.6106401755460039
0.6272206217279819 0.6267645089557825 0.626308396183583 0.6258522834113835 0.6253961706391842 0.6249400578669847 0.6244839450947852 0.6240278323225859 0.6235717195503864 0.6231156067781869 0.6226594940059875 0.6222033812337873 0.6217472684615878 0.6212911556893883 0.6208350429171889 0.6203789301449895 0.61992281737279 0.6194667046005906 0.6190105918283911 0.6185544790561917 0.6180983662839923 0.6176422535117928 0.6171861407395933 0.6167300279673938 0.6162739151951937 0.6158178024229942 0.6153616896507947 0.6149055768785954 0.6144494641063959 0.6139933513341964 0.6136726832208403 0.6134968085117447 0.6133209338026492 0.6131450590935535 0.612969184384458 0.6127933096753625 0.6126174349662669 0.612441560257171 0.6122656855480755 0.61208981083898 0.6119139361298843 0.6117380614207888 0.6115621867116932 0.6113863120025976
0.6273978683563732 0.6269561191226924 0.6265143698890118 0.626072620655331 0.6256308714216503 0.6251891221879696 0.6247473729542888 0.6243056237206082 0.6238638744869275 0.6234221252532467 0.622980376019566 0.6225386267858846 0.6220968775522038 0.6216551283185231 0.6212133790848423 0.6207716298511616 0.620329880617481 0.6198881313838002 0.6194463821501195 0.6190046329164387 0.618562883682758 0.6181211344490773 0.6176793852153966 0.6172376359817159 0.6167958867480344 0.6163541375143536 0.615912388280673 0.6154706390469923 0.6150288898133115 0.6145871405796308 0.6142790887984886 0.6141139626185427 0.6139488364385967 0.6137837102586507 0.6136185840787048 0.6134534578987589 0.613288331718813 0.6131232055388669 0.612958079358921 0.6127929531789751 0.6126278269990292 0.6124627008190833 0.6122975746391374 0.6121324484591913
