Figures/CREST_Example_wjb_NSE/PETs/wjb.pet.20101115.asc
ncols            288
nrows            254
xllcorner        113.274861
yllcorner        31.4918055
cellsize         0.008333333333
NODATA_value     -9999
[rows 171 to 189 of 254, columns 176 to 219 of 288]
0.557825803795067 0.5554624949284344 0.5530991860618019 0.5507358771951694 0.5483725683285369 0.5460092594619044 0.5436459505952678 0.5412826417286353 0.5389193328620028 0.5365560239953702 0.5341927151287377 0.5318294062621052 0.5294660973954727 0.5271027885288402 0.5247394796622076 0.5223761707955751 0.5204134113104959 0.5188788481773712 0.5173442850442463 0.515809721911119 0.5142751587779941 0.5127405956448694 0.5112060325117446 0.5096714693786198 0.508136906245495 0.5066023431123702 0.5050677799792455 0.5035332168461206 0.5019986537129959 0.5004640905798711 0.4989295274467463 0.4973949643136215 0.49586040118049407 0.4943258380473693 0.4927912749142445 0.49125671178111974 0.4897221486479949 0.4881875855148701 0.48665302238174535 0.48511845924862057 0.4835838961154958 0.48204933298237096 0.4805147698492462 0.4789802067161214
0.5523021026186913 0.5498986389636493 0.5474951753086073 0.5450917116535653 0.5426882479985233 0.5402847843434814 0.5378813206884353 0.5354778570333932 0.5330743933783513 0.5306709297233093 0.5282674660682674 0.5258640024132254 0.5234605387581833 0.5210570751031414 0.5186536114480994 0.5162501477930574 0.5142572127617033 0.5127031421179419 0.5111490714741804 0.5095950008304163 0.5080409301866547 0.5064868595428933 0.5049327888991318 0.5033787182553704 0.5018246476116089 0.5002705769678474 0.498716506324086 0.4971624356803245 0.495608365036563 0.4940542943928015 0.49250022374904007 0.4909461531052786 0.4893920824615145 0.487838011817753 0.48628394117399154 0.4847298705302301 0.4831757998864686 0.48162172924270713 0.4800676585989456 0.47851358795518417 0.4769595173114227 0.4754054466676612 0.47385137602389976 0.4722973053801383
0.5467784014423156 0.5443347829988642 0.5418911645554128 0.5394475461119612 0.5370039276685098 0.5345603092250584 0.5321166907816027 0.5296730723381513 0.5272294538946999 0.5247858354512485 0.5223422170077969 0.5198985985643455 0.5174549801208941 0.5150113616774427 0.5125677432339911 0.5101241247905397 0.5081010142129108 0.5065274360585126 0.5049538579041144 0.5033802797497136 0.5018067015953154 0.5002331234409173 0.4986595452865191 0.49708596713212094 0.4955123889777228 0.49393881082332464 0.4923652326689265 0.49079165451452833 0.4892180763601302 0.487644498205732 0.4860709200513339 0.4844973418969357 0.48292376374253493 0.48135018558813675 0.4797766074337386 0.47820302927934044 0.4766294511249423 0.47505587297054414 0.473482294816146 0.47190871666174783 0.4703351385073497 0.4687615603529515 0.4671879821985534 0.4656144040441552
0.54125470026594 0.538770927034079 0.5362871538022181 0.5338033805703573 0.5313196073384963 0.5288358341066354 0.5263520608747703 0.5238682876429094 0.5213845144110484 0.5189007411791875 0.5164169679473266 0.5139331947154657 0.5114494214836047 0.5089656482517438 0.506481875019883 0.5039981017880221 0.5019448156641181 0.5003517299990833 0.49875864433404843 0.49716555866901085 0.49557247300397606 0.4939793873389412 0.49238630167390635 0.49079321600887155 0.4892001303438367 0.4876070446788019 0.48601395901376704 0.4844208733487322 0.4828277876836974 0.48123470201866253 0.4796416163536277 0.4780485306885929 0.4764554450235553 0.47486235935852045 0.47326927369348565 0.4716761880284508 0.47008310236341594 0.46849001669838114 0.4668969310333463 0.46530384536831143 0.46371075970327663 0.4621176740382418 0.4605245883732069 0.4589315027081721
0.5357309990895643 0.533207071069294 0.5306831430490236 0.5281592150287532 0.5256352870084828 0.5231113589882125 0.5205874309679378 0.5180635029476675 0.515539574927397 0.5130156469071266 0.5104917188868563 0.5079677908665858 0.5054438628463155 0.5029199348260451 0.5003960068057747 0.4978720787855043 0.4957886171153255 0.494176023939654 0.49256343076398246 0.4909508375883082 0.4893382444126367 0.48772565123696515 0.4861130580612936 0.48450046488562215 0.4828878717099506 0.4812752785342791 0.47966268535860757 0.47805009218293604 0.47643749900726456 0.47482490583159304 0.4732123126559215 0.47159971948025 0.46998712630457573 0.4683745331289042 0.4667619399532327 0.46514934677756115 0.4635367536018897 0.46192416042621814 0.4603115672505466 0.4586989740748751 0.4570863808992036 0.4554737877235321 0.45386119454786056 0.45224860137218903
0.530207297913184 0.5276432151045041 0.5250791322958243 0.5225150494871443 0.5199509666784645 0.5173868838697846 0.5148228010611003 0.5122587182524204 0.5096946354437406 0.5071305526350607 0.5045664698263808 0.502002387017701 0.499438304209021 0.49687422140034115 0.4943101385916613 0.49174605578298136 0.4896324185665276 0.48800031788021936 0.48636821719391116 0.4847361165076002 0.483104015821292 0.4814719151349837 0.4798398144486755 0.4782077137623673 0.4765756130760591 0.4749435123897509 0.47331141170344265 0.47167931101713445 0.47004721033082625 0.46841510964451805 0.4667830089582098 0.4651509082719016 0.4635188075855906 0.4618867068992824 0.46025460621297415 0.45862250552666595 0.45699040484035774 0.45535830415404954 0.45372620346774134 0.4520941027814331 0.4504620020951249 0.4488299014088167 0.4471978007225085 0.4455657000362002
0.5246835967368084 0.522079359139719 0.5194751215426296 0.5168708839455404 0.514266646348451 0.5116624087513617 0.5090581711542679 0.5064539335571785 0.5038496959600892 0.5012454583629998 0.49864122076591044 0.4960369831688211 0.4934327455717318 0.49082850797464245 0.4882242703775531 0.48562003278046373 0.48347622001773505 0.4818246118207901 0.48017300362384524 0.47852139542689753 0.4768697872299526 0.4752181790330077 0.47356657083606285 0.4719149626391179 0.47026335444217304 0.4686117462452281 0.46696013804828324 0.46530852985133836 0.46365692165439343 0.46200531345744855 0.4603537052605036 0.45870209706355874 0.45705048886661104 0.4553988806696661 0.45374727247272123 0.4520956642757763 0.4504440560788314 0.44879244788188655 0.4471408396849416 0.44548923148799674 0.4438376232910518 0.44218601509410693 0.44053440689716206 0.4388827987002171
0.5201429145693471 0.5175079442095836 0.51487297384982 0.5122380034900564 0.5096030331302929 0.5069680627705293 0.5043330924107612 0.5016981220509977 0.4990631516912341 0.49642818133147054 0.493793210971707 0.49115824061194346 0.4885232702521799 0.48588829989241633 0.48325332953265276 0.4806183591728892 0.4784520247988399 0.47678667289716187 0.4751213209954839 0.47345596909380305 0.47179061719212506 0.47012526529044707 0.4684599133887691 0.4667945614870911 0.4651292095854131 0.4634638576837351 0.4617985057820571 0.4601331538803791 0.45846780197870113 0.45680245007702314 0.45513709817534515 0.45347174627366715 0.45180639437198633 0.4501410424703083 0.4484756905686303 0.4468103386669523 0.4451449867652743 0.4434796348635963 0.4418142829619183 0.44014893106024033 0.43848357915856234 0.43681822725688435 0.43515287535520636 0.43348752345352837
0.5166530177599451 0.5139973861891213 0.5113417546182976 0.5086861230474738 0.50603049147665 0.5033748599058263 0.500719228334998 0.49806359676417433 0.49540796519335056 0.49275233362252685 0.4900967020517031 0.48744107048087937 0.4847854389100556 0.4821298073392319 0.4794741757684081 0.4768185441975844 0.47463786978623146 0.4729649353250223 0.4712920008638131 0.46961906640260115 0.46794613194139195 0.4662731974801828 0.46460026301897367 0.46292732855776453 0.46125439409655533 0.4595814596353462 0.45790852517413705 0.4562355907129279 0.4545626562517187 0.45288972179050957 0.45121678732930043 0.4495438528680913 0.44787091840687926 0.4461979839456701 0.4445250494844609 0.4428521150232518 0.44117918056204264 0.43950624610083344 0.4378333116396243 0.43616037717841516 0.434487442717206 0.4328145082559969 0.4311415737947877 0.42946863933357854
0.513163120950543 0.5104868281686591 0.5078105353867751 0.5051342426048913 0.5024579498230073 0.4997816570411234 0.4971053642592349 0.494429071477351 0.4917527786954671 0.48907648591358316 0.48640019313169924 0.48372390034981533 0.4810476075679314 0.47837131478604744 0.4756950220041636 0.4730187292222796 0.47082371477362306 0.46914319775288277 0.4674626807321424 0.46578216371139924 0.4641016466906589 0.4624211296699186 0.46074061264917826 0.45906009562843797 0.4573795786076976 0.45569906158695733 0.454018544566217 0.4523380275454767 0.45065751052473635 0.44897699350399606 0.4472964764832557 0.4456159594625154 0.44393544244177224 0.4422549254210319 0.4405744084002916 0.43889389137955126 0.43721337435881097 0.4355328573380706 0.43385234031733033 0.43217182329659 0.4304913062758497 0.42881078925510935 0.42713027223436906 0.4254497552136287
0.5096732241411409 0.5069762701481968 0.5042793161552527 0.5015823621623086 0.4988854081693645 0.4961884541764204 0.4934915001834717 0.4907945461905276 0.48809759219758353 0.4854006382046394 0.4827036842116953 0.48000673021875123 0.4773097762258071 0.47461282223286305 0.47191586823991893 0.4692189142469748 0.46700955976101466 0.46532146018074316 0.46363336060047167 0.4619452610201973 0.46025716143992584 0.45856906185965435 0.45688096227938285 0.4551928626991114 0.4535047631188399 0.4518166635385684 0.4501285639582969 0.4484404643780255 0.446752364797754 0.4450642652174825 0.443376165637211 0.44168806605693955 0.43999996647666517 0.4383118668963937 0.43662376731612224 0.43493566773585074 0.43324756815557924 0.43155946857530775 0.4298713689950363 0.4281832694147648 0.4264951698344933 0.4248070702542218 0.4231189706739504 0.4214308710936789
0.5061833273317388 0.5034657121277345 0.5007480969237302 0.49803048171972597 0.4953128665157217 0.4925952513117174 0.4898776361077085 0.48716002090370425 0.48444240569969993 0.48172479049569567 0.4790071752916914 0.47628956008768714 0.4735719448836828 0.47085432967967855 0.4681367144756743 0.46541909927167 0.4631954047484062 0.46149972260860356 0.4598040404688009 0.4581083583289954 0.45641267618919273 0.4547169940493901 0.45302131190958744 0.4513256297697848 0.44962994762998215 0.4479342654901795 0.44623858335037686 0.4445429012105742 0.44284721907077157 0.4411515369309689 0.4394558547911663 0.4377601726513637 0.43606449051155816 0.4343688083717555 0.43267312623195286 0.4309774440921502 0.4292817619523476 0.42758607981254493 0.4258903976727423 0.42419471553293964 0.422499033393137 0.42080335125333435 0.4191076691135317 0.41741198697372905
0.5026934305223337 0.49995515410726926 0.4972168776922048 0.49447860127714033 0.49174032486207586 0.4890020484470114 0.48626377203194227 0.4835254956168778 0.48078721920181333 0.4780489427867488 0.4753106663716844 0.4725723899566199 0.4698341135415554 0.46709583712649094 0.4643575607114265 0.461619284296362 0.45938124973579453 0.45767798503646073 0.45597472033712694 0.4542714556377902 0.4525681909384564 0.45086492623912255 0.44916166153978876 0.44745839684045496 0.4457551321411211 0.4440518674417873 0.4423486027424535 0.44064533804311967 0.4389420733437859 0.4372388086444521 0.4355355439451183 0.43383227924578444 0.43212901454644775 0.4304257498471139 0.4287224851477801 0.4270192204484463 0.4253159557491125 0.42361269104977867 0.42190942635044487 0.420206161651111 0.4185028969517772 0.41679963225244343 0.41509636755310964 0.4133931028537758
0.49920353371293164 0.496444596086807 0.49368565846068235 0.4909267208345577 0.48816778320843307 0.4854088455823084 0.48264990795617907 0.4798909703300544 0.47713203270392973 0.4743730950778051 0.47161415745168045 0.4688552198255558 0.46609628219943117 0.4633373445733065 0.4605784069471819 0.4578194693210572 0.4555670947231861 0.4538562474643211 0.4521454002054561 0.45043455294658824 0.4487237056877233 0.4470128584288583 0.44530201116999335 0.44359116391112835 0.4418803166522634 0.4401694693933984 0.43845862213453346 0.43674777487566846 0.4350369276168035 0.4333260803579385 0.43161523309907357 0.42990438584020857 0.4281935385813407 0.42648269132247574 0.42477184406361074 0.42306099680474574 0.4213501495458808 0.4196393022870158 0.41792845502815085 0.41621760776928585 0.4145067605104209 0.4127959132515559 0.41108506599269096 0.40937421873382596
0.49571363690352965 0.4929340380663448 0.49015443922915997 0.48737484039197515 0.48459524155479033 0.48181564271760546 0.47903604388041593 0.47625644504323106 0.47347684620604624 0.4706972473688614 0.4679176485316766 0.4651380496944918 0.4623584508573069 0.4595788520201221 0.4567992531829373 0.4540196543457524 0.45175293971057773 0.4500345098921816 0.44831608007378543 0.4465976502553864 0.44487922043699024 0.4431607906185941 0.44144236080019794 0.43972393098180185 0.4380055011634057 0.43628707134500955 0.4345686415266134 0.43285021170821725 0.43113178188982115 0.429413352071425 0.42769492225302885 0.4259764924346327 0.42425806261623367 0.4225396327978375 0.42082120297944137 0.41910277316104527 0.4173843433426491 0.415665913524253 0.4139474837058568 0.4122290538874607 0.4105106240690646 0.40879219425066843 0.4070737644322723 0.40535533461387613
0.4922237400941275 0.48942348004588254 0.4866232199976375 0.4838229599493925 0.4810226999011475 0.47822243985290247 0.47542217980465273 0.4726219197564077 0.4698216597081627 0.4670213996599177 0.46422113961167266 0.4614208795634277 0.4586206195151827 0.45582035946693766 0.45302009941869265 0.4502198393704476 0.44793878469796927 0.446212772320042 0.4444867599421147 0.44276074756418443 0.44103473518625713 0.43930872280832983 0.43758271043040253 0.43585669805247523 0.43413068567454793 0.43240467329662063 0.43067866091869333 0.42895264854076604 0.42722663616283874 0.42550062378491144 0.42377461140698414 0.42204859902905684 0.4203225866511266 0.4185965742731993 0.416870561895272 0.4151445495173447 0.4134185371394174 0.4116925247614901 0.4099665123835628 0.4082405000056355 0.4065144876277082 0.4047884752497809 0.4030624628718536 0.4013364504939263
0.4887338432847254 0.48591292202542025 0.4830920007661151 0.48027107950680986 0.4774501582475047 0.4746292369881995 0.4718083157288895 0.4689873944695843 0.46616647321027915 0.46334555195097393 0.46052463069166877 0.4577037094323636 0.4548827881730584 0.4520618669137532 0.44924094565444805 0.44642002439514283 0.4441246296853608 0.44239103474790237 0.4406574398104439 0.4389238448729825 0.437190249935524 0.4354566549980656 0.4337230600606071 0.4319894651231487 0.4302558701856902 0.4285222752482317 0.42678868031077327 0.4250550853733148 0.4233214904358564 0.4215878954983979 0.4198543005609394 0.41812070562348097 0.4163871106860196 0.4146535157485611 0.4129199208111026 0.4111863258736442 0.4094527309361857 0.4077191359987273 0.4059855410612688 0.4042519461238103 0.4025183511863519 0.4007847562488934 0.3990511613114349 0.39731756637397647
0.48524394647532343 0.48240236400495806 0.4795607815345927 0.47671919906422733 0.47387761659386196 0.4710360341234966 0.4681944516531264 0.46535286918276103 0.46251128671239566 0.4596697042420303 0.45682812177166493 0.45398653930129956 0.4511449568309342 0.44830337436056883 0.44546179189020346 0.4426202094198381 0.44031047467275247 0.4385692971757628 0.4368281196787732 0.4350869421817806 0.43334576468479097 0.43160458718780137 0.42986340969081177 0.4281222321938221 0.4263810546968325 0.42463987719984286 0.42289869970285326 0.4211575222058636 0.419416344708874 0.41767516721188436 0.41593398971489476 0.4141928122179051 0.4124516347209125 0.4107104572239229 0.4089692797269333 0.40722810222994366 0.40548692473295406 0.4037457472359644 0.4020045697389748 0.40026339224198515 0.39852221474499555 0.3967810372480059 0.3950398597510163 0.39329868225402664
0.48175404966591834 0.47889180598449277 0.4760295623030672 0.47316731862164163 0.4703050749402161 0.46744283125879055 0.4645805875773601 0.4617183438959345 0.45885610021450896 0.45599385653308344 0.4531316128516579 0.4502693691702323 0.44740712548880673 0.44454488180738116 0.44168263812595565 0.4388203944445301 0.4364963196601408 0.43474755960362 0.4329987995470992 0.43125003949057544 0.42950127943405464 0.42775251937753384 0.4260037593210131 0.4242549992644923 0.4225062392079715 0.4207574791514507 0.41900871909492987 0.41725995903840907 0.4155111989818883 0.4137624389253675 0.4120136788688467 0.4102649188123259 0.40851615875580216 0.40676739869928136 0.40501863864276055 0.40326987858623975 0.40152111852971895 0.3997723584731982 0.3980235984166774 0.3962748383601566 0.3945260783036358 0.392777318247115 0.39102855819059423 0.38927979813407343
