Figures/CREST_Example_wjb_NSE/PETs/wjb.pet.20100818.asc
ncols            288
nrows            254
xllcorner        113.274861
yllcorner        31.4918055
cellsize         0.008333333333
NODATA_value     -9999
[rows 180 to 199 of 254, columns 44 to 87 of 288]
3.7537924396980618 3.7560948079514738 3.7583971762048853 3.7606995444582973 3.763001912711709 3.7653042809651205 3.7676066492185325 3.769909017471944 3.77221138572536 3.7745137539787716 3.776816122232183 3.7791184904855952 3.781420858739007 3.783723226992419 3.7860255952458304 3.788327963499242 3.790630331752654 3.7929327000060655 3.7952350682594775 3.797537436512889 3.7998398047663007 3.8021421730197167 3.8044445412731283 3.80674690952654 3.809049277779952 3.8113516460333634 3.8136540142867754 3.815956382540187 3.8163897786070615 3.814825201156434 3.8132606237058067 3.8116960462551788 3.8101314688045513 3.808566891353924 3.8070023139032934 3.805437736452666 3.8038731590020385 3.802308581551411 3.800744004100783 3.7991794266501557 3.7976148491995283 3.796050271748901 3.794485694298273 3.7929211168476455
3.753130929234845 3.755469492468178 3.7578080557015108 3.7601466189348436 3.762485182168176 3.7648237454015088 3.7671623086348416 3.7695008718681744 3.771839435101511 3.7741779983348436 3.7765165615681764 3.778855124801509 3.781193688034842 3.7835322512681744 3.785870814501507 3.78820937773484 3.790547940968173 3.792886504201505 3.795225067434838 3.797563630668171 3.7999021939015036 3.8022407571348404 3.804579320368173 3.8069178836015056 3.8092564468348384 3.8115950100681713 3.8139335733015036 3.8162721365348364 3.8167865283958564 3.8153508398225493 3.8139151512492426 3.8124794626759355 3.811043774102629 3.8096080855293217 3.8081723969560124 3.8067367083827057 3.8053010198093986 3.803865331236092 3.802429642662785 3.800993954089478 3.799558265516171 3.7981225769428644 3.7966868883695573 3.7952511997962506
3.7524694187716285 3.7548441769848826 3.757218935198136 3.75959369341139 3.7619684516246434 3.764343209837897 3.7667179680511507 3.7690927262644047 -9999.0 3.773842242690916 3.7762170009041696 3.778591759117423 3.7809665173306772 3.783341275543931 3.7857160337571845 3.788090791970438 3.7904655501836917 3.7928403083969453 3.7952150666101994 3.797589824823453 3.7999645830367066 3.802339341249964 3.804714099463218 3.8070888576764714 3.8094636158897255 3.811838374102979 3.8142131323162327 3.8165878905294863 3.8171832781846513 3.815876478488665 3.8145696787926786 3.8132628790966927 3.8119560794007064 3.81064927970472 3.809342480008732 3.8080356803127455 3.806728880616759 3.805422080920773 3.804115281224787 3.8028084815288006 3.8015016818328142 3.800194882136828 3.798888082440842 3.7975812827448556
-9999.0 -9999.0 -9999.0 -9999.0 3.76145172108111 3.763862674274285 3.7662736274674593 3.768684580660634 -9999.0 -9999.0 3.7759174402401623 3.778328393433337 3.7807393466265116 3.7831502998196864 3.7855612530128613 3.7879722062060357 3.7903831593992106 3.7927941125923854 3.79520506578556 3.7976160189787347 3.800026972171909 3.802437925365088 3.804848878558263 3.8072598317514377 3.809670784944612 3.812081738137787 3.8144926913309614 3.816903644524136 3.817580027973446 3.816402117154781 3.8152242063361155 3.81404629551745 3.8128683846987848 3.811690473880119 3.810512563061452 3.8093346522427862 3.8081567414241206 3.806978830605455 3.80580091978679 3.8046230089681243 3.8034450981494587 3.8022671873307936 3.801089276512128 3.7999113656934624
-9999.0 -9999.0 -9999.0 -9999.0 -9999.0 3.763382138710673 -9999.0 -9999.0 -9999.0 -9999.0 -9999.0 -9999.0 3.780512175922347 3.7829593240954424 3.785406472268538 3.7878536204416338 3.7903007686147294 3.792747916787825 3.7951950649609207 3.7976422131340164 3.800089361307112 3.8025365094802117 3.8049836576533074 3.807430805826403 3.8098779539994987 3.8123251021725943 3.81477225034569 3.8172193985187857 3.817976777762241 3.8169277558208963 3.8158787338795515 3.8148297119382066 3.813780689996862 3.812731668055517 3.8116826461141704 3.810633624172826 3.809584602231481 3.8085355802901364 3.8074865583487916 3.8064375364074468 3.805388514466102 3.804339492524757 3.8032904705834123 3.8022414486420675
-9999.0 -9999.0 -9999.0 -9999.0 -9999.0 -9999.0 -9999.0 -9999.0 -9999.0 -9999.0 -9999.0 -9999.0 -9999.0 3.7827683483711985 3.7852516915242154 3.787735034677232 3.7902183778302483 3.792701720983265 3.7951850641362816 3.797668407289298 3.800151750442315 3.802635093595336 3.8051184367483524 3.8076017799013693 3.8100851230543857 3.812568466207402 3.815051809360419 3.8175351525134356 3.818373527551036 3.817453394487012 3.816533261422988 3.815613128358964 3.8146929952949398 3.8137728622309157 3.81285272916689 3.811932596102866 3.811012463038842 3.8100923299748173 3.8091721969107932 3.808252063846769 3.807331930782745 3.806411797718721 3.805491664654697 3.804571531590673
-9999.0 -9999.0 -9999.0 -9999.0 -9999.0 -9999.0 -9999.0 -9999.0 -9999.0 -9999.0 -9999.0 -9999.0 -9999.0 -9999.0 -9999.0 -9999.0 -9999.0 -9999.0 -9999.0 3.79769460144458 3.8002141395775175 3.8027336777104597 3.805253215843397 3.8077727539763346 3.8102922921092723 3.81281183024221 3.8153313683751473 3.817850906508085 3.818770277339831 3.817979033153127 3.817187788966424 3.8163965447797206 3.815605300593017 3.8148140564063135 3.8140228122196085 3.813231568032905 3.812440323846202 3.811649079659498 3.810857835472795 3.8100665912860916 3.809275347099388 3.8084841029126846 3.8076928587259813 3.8069016145392776
-9999.0 -9999.0 -9999.0 -9999.0 -9999.0 -9999.0 -9999.0 -9999.0 -9999.0 -9999.0 -9999.0 -9999.0 -9999.0 -9999.0 -9999.0 -9999.0 -9999.0 -9999.0 -9999.0 3.7977207955998615 3.80027652871272 3.802832261825583 3.8053879949384415 3.8079437280513 3.810499461164159 3.8130551942770174 3.815610927389876 3.8181666605027345 3.8191670271286253 3.818504671819243 3.81784231650986 3.817179961200477 3.8165176058910943 3.8158552505817114 3.8151928952723275 3.814530539962945 3.813868184653562 3.813205829344179 3.8125434740347965 3.8118811187254136 3.811218763416031 3.810556408106648 3.809894052797265 3.8092316974878826
-9999.0 -9999.0 -9999.0 -9999.0 -9999.0 -9999.0 -9999.0 -9999.0 -9999.0 -9999.0 -9999.0 -9999.0 -9999.0 -9999.0 -9999.0 -9999.0 -9999.0 3.7925631335695846 3.795155061662364 3.7977469897551437 3.800338917847923 3.802930845940707 3.8055227740334865 3.8081147021262662 3.8107066302190455 3.8132985583118253 3.815890486404605 3.8184824144973843 3.8195637769174207 3.8190303104853585 3.8184968440532963 3.817963377621234 3.817429911189172 3.8168964447571097 3.816362978325047 3.815829511892985 3.8152960454609226 3.8147625790288604 3.814229112596798 3.813695646164736 3.8131621797326742 3.812628713300612 3.81209524686855 3.8115617804364876
-9999.0 -9999.0 -9999.0 -9999.0 -9999.0 -9999.0 -9999.0 -9999.0 -9999.0 -9999.0 -9999.0 -9999.0 -9999.0 -9999.0 -9999.0 -9999.0 3.7898888146923237 3.7925169377650243 3.795145060837725 3.7977731839104254 3.800401306983126 3.803029430055831 3.8056575531285315 3.808285676201232 3.8109137992739326 3.813541922346633 3.8161700454193337 3.8187981684920342 3.8199605267062156 3.819555949151474 3.8191513715967327 3.8187467940419917 3.8183422164872503 3.817937638932509 3.817533061377767 3.8171284838230255 3.816723906268284 3.816319328713543 3.8159147511588016 3.81551017360406 3.8151055960493188 3.8147010184945773 3.8142964409398363 3.813891863385095
-9999.0 -9999.0 -9999.0 -9999.0 -9999.0 -9999.0 -9999.0 -9999.0 -9999.0 -9999.0 -9999.0 -9999.0 -9999.0 -9999.0 -9999.0 3.787142105855221 3.7898064239078426 3.792470741960464 3.7951350600130858 3.797799378065707 3.8004636961183285 3.8031280141709547 3.805792332223576 3.808456650276198 3.811120968328819 3.8137852863814405 3.8164496044340623 3.8191139224866837 3.82035727649501 3.8200815878175893 3.8198058991401687 3.819530210462748 3.8192545217853278 3.818978833107907 3.8187031444304855 3.818427455753065 3.818151767075644 3.817876078398224 3.8176003897208033 3.8173247010433826 3.817049012365962 3.8167733236885413 3.8164976350111206 3.8162219463337
-9999.0 -9999.0 -9999.0 -9999.0 -9999.0 -9999.0 -9999.0 -9999.0 -9999.0 -9999.0 -9999.0 -9999.0 -9999.0 -9999.0 -9999.0 3.7870235200908193 3.7897240331233615 3.792424546155904 3.7951250591884467 3.7978255722209893 3.8005260852535314 3.803226598286079 3.805927111318621 3.8086276243511636 3.8113281373837062 3.814028650416249 3.816729163448791 3.8194296764813336 3.8207540262838053 3.8206072264837054 3.820460426683605 3.820313626883505 3.8201668270834053 3.8200200272833054 3.819873227483205 3.819726427683105 3.8195796278830048 3.819432828082905 3.819286028282805 3.819139228482705 3.8189924286826047 3.818845628882505 3.818698829082405 3.818552029282305
-9999.0 -9999.0 -9999.0 -9999.0 -9999.0 -9999.0 -9999.0 -9999.0 -9999.0 -9999.0 -9999.0 -9999.0 -9999.0 -9999.0 -9999.0 3.786904934326417 3.7896416423388803 3.7923783503513437 3.795115058363807 3.797851766376271 3.8005884743887344 3.803325182401202 3.8060618904136656 3.8087985984261294 3.811535306438593 3.8142720144510562 3.8170087224635196 3.819745430475983 3.8211507760726 3.8211328651498206 3.821114954227041 3.821097043304262 3.8210791323814823 3.821061221458703 3.8210433105359236 3.8210253996131445 3.8210074886903653 3.8209895777675857 3.8209716668448066 3.820953755922027 3.820935844999248 3.8209179340764683 3.820900023153689 3.8208821122309096
-9999.0 -9999.0 -9999.0 -9999.0 -9999.0 -9999.0 -9999.0 -9999.0 -9999.0 -9999.0 -9999.0 -9999.0 -9999.0 3.781240542577246 3.784013445569631 3.786786348562015 3.7895592515543997 3.792332154546784 3.7951050575391685 3.7978779605315527 3.8006508635239373 3.8034237665163264 3.8061966695087106 3.8089695725010952 3.81174247549348 3.814515378485864 3.8172882814782487 3.820061184470633 3.821547525861395 3.8216585038159363 3.8217694817704775 3.821880459725019 3.8219914376795603 3.8221024156341015 3.822213393588643 3.8223243715431843 3.822435349497726 3.822546327452267 3.8226573054068083 3.82276828336135 3.822879261315891 3.8229902392704322 3.823101217224974 3.823212195179515
-9999.0 -9999.0 -9999.0 -9999.0 -9999.0 -9999.0 -9999.0 -9999.0 -9999.0 -9999.0 -9999.0 -9999.0 -9999.0 3.781049566853002 3.7838586648253076 3.786667762797613 3.7894768607699185 3.792285958742224 3.7950950567145294 3.797904154686835 3.8007132526591403 3.80352235063145 3.8063314486037556 3.809140546576061 3.8119496445483665 3.814758742520672 3.8175678404929774 3.820376938465283 3.82194427565019 3.822184142482052 3.8224240093139144 3.8226638761457763 3.8229037429776382 3.8231436098095 3.8233834766413626 3.823623343473225 3.823863210305087 3.824103077136949 3.824342943968811 3.8245828108006727 3.824822677632535 3.825062544464397 3.825302411296259 3.825542278128121
-9999.0 -9999.0 -9999.0 -9999.0 -9999.0 -9999.0 -9999.0 -9999.0 -9999.0 -9999.0 -9999.0 -9999.0 -9999.0 -9999.0 3.7837038840809845 3.7865491770332107 3.7893944699854374 3.7922397629376636 3.79508505588989 3.7979303488421166 3.800775641794343 3.803620934746574 3.8064662276988006 3.809311520651027 3.812156813603253 3.8150021065554793 3.817847399507706 3.8206926924599323 3.822341025438985 3.8227097811481676 3.8230785368573503 3.823447292566533 3.8238160482757158 3.8241848039848985 3.8245535596940816 3.8249223154032643 3.825291071112447 3.8256598268216297 3.8260285825308125 3.826397338239995 3.826766093949178 3.8271348496583606 3.8275036053675433 3.827872361076726
-9999.0 -9999.0 -9999.0 -9999.0 -9999.0 -9999.0 -9999.0 -9999.0 -9999.0 -9999.0 -9999.0 -9999.0 -9999.0 -9999.0 3.7835491033366613 3.7864305912688088 3.789312079200956 3.7921935671331033 3.795075055065251 3.797956542997398 3.8008380309295453 3.8037195188616977 3.806601006793845 3.809482494725992 3.8123639826581397 3.815245470590287 3.8181269585224342 3.8210084464545817 3.8227377752277794 3.823235419814283 3.8237330644007863 3.8242307089872893 3.824728353573793 3.8252259981602963 3.8257236427468007 3.8262212873333037 3.826718931919807 3.8272165765063106 3.827714221092814 3.8282118656793176 3.8287095102658206 3.829207154852324 3.8297047994388276 3.830202444025331
-9999.0 -9999.0 -9999.0 -9999.0 -9999.0 -9999.0 -9999.0 -9999.0 -9999.0 -9999.0 -9999.0 -9999.0 -9999.0 -9999.0 3.783394322592338 3.7863120055044064 3.7892296884164747 3.792147371328543 3.7950650542406117 3.79798273715268 3.8009004200647483 3.8038181029768214 3.8067357858888897 3.809653468800958 3.8125711517130267 3.815488834625095 3.8184065175371633 3.8213242004492316 3.8231345250165742 3.8237610584803985 3.8243875919442227 3.825014125408047 3.8256406588718708 3.826267192335695 3.82689372579952 3.8275202592633444 3.8281467927271686 3.8287733261909924 3.8293998596548167 3.830026393118641 3.8306529265824647 3.831279460046289 3.831905993510113 3.8325325269739374
-9999.0 -9999.0 -9999.0 -9999.0 -9999.0 -9999.0 -9999.0 -9999.0 -9999.0 -9999.0 -9999.0 -9999.0 -9999.0 -9999.0 3.7832395418480154 3.7861934197400045 3.789147297631994 3.792101175523983 3.7950550534159726 3.7980089313079617 3.800962809199951 3.8039166870919456 3.8068705649839347 3.8098244428759243 3.8127783207679133 3.815732198659903 3.8186860765518924 3.8216399544438815 3.8235312748053696 3.824286697146514 3.825042119487659 3.8257975418288037 3.8265529641699487 3.8273083865110933 3.828063808852239 3.828819231193384 3.8295746535345287 3.8303300758756738 3.8310854982168183 3.8318409205579633 3.832596342899108 3.833351765240253 3.8341071875813975 3.8348626099225425
-9999.0 -9999.0 -9999.0 -9999.0 -9999.0 -9999.0 -9999.0 -9999.0 -9999.0 -9999.0 3.771124469616051 3.774114542487961 3.7771046153598715 3.780094688231782 3.783084761103692 3.7860748339756025 3.789064906847513 3.792054979719423 3.7950450525913335 3.7980351254632434 3.8010251983351537 3.8040152712070694 3.8070053440789797 3.8099954169508896 3.8129854898228 3.8159755626947103 3.8189656355666206 3.821955708438531 3.823928024594164 3.8248123358126294 3.825696647031095 3.8265809582495605 3.827465269468026 3.828349580686491 3.829233891904958 3.8301182031234235 3.8310025143418893 3.8318868255603546 3.83277113677882 3.8336554479972853 3.834539759215751 3.8354240704342164 3.8363083816526817 3.837192692871147
