Figures/CREST_Example_wjb_NSE/PETs/wjb.pet.20100317.asc
ncols            288
nrows            254
xllcorner        113.274861
yllcorner        31.4918055
cellsize         0.008333333333
NODATA_value     -9999
[rows 120 to 139 of 254, columns 44 to 87 of 288]
2.1519444923471687 2.1509412684720184 2.1499380445968677 2.1489348207217174 2.1479315968465666 2.1469283729714164 2.1459251490962656 2.144921925221115 2.143918701345963 2.1429154774708126 2.141912253595662 2.140909029720511 2.139905805845361 2.13890258197021 2.13789935809506 2.136896134219909 2.135892910344759 2.134889686469608 2.133886462594458 2.132883238719307 2.131880014844157 2.1308767909690043 2.129873567093854 2.1288703432187033 2.127867119343553 2.1268638954684023 2.125860671593252 2.1248574477181013 2.1234585272512576 2.121636598182754 2.11981466911425 2.1179927400457466 2.1161708109772426 2.114348881908739 2.112526952840232 2.1107050237717284 2.108883094703225 2.107061165634721 2.1052392365662174 2.1034173074977134 2.10159537842921 2.0997734493607063 2.0979515202922023 2.096129591223699
2.152956213789798 2.151958271343803 2.1509603288978085 2.1499623864518136 2.1489644440058187 2.147966501559824 2.1469685591138292 2.1459706166678347 2.144972674221838 2.143974731775843 2.1429767893298486 2.1419788468838536 2.1409809044378587 2.139982961991864 2.1389850195458693 2.1379870770998743 2.13698913465388 2.135991192207885 2.1349932497618904 2.1339953073158955 2.1329973648699005 2.1319994224239043 2.1310014799779093 2.1300035375319144 2.12900559508592 2.128007652639925 2.12700971019393 2.1260117677479355 2.1246028996106774 2.1227547426200495 2.120906585629421 2.1190584286387932 2.117210271648165 2.1153621146575365 2.1135139576669055 2.111665800676277 2.109817643685649 2.107969486695021 2.1061213297043926 2.1042731727137647 2.1024250157231363 2.100576858732508 2.09872870174188 2.0968805447512517
2.153967935232427 2.1529752742155877 2.151982613198749 2.15098995218191 2.1499972911650707 2.1490046301482315 2.148011969131393 2.1470193081145537 2.1460266470977127 2.145033986080874 2.144041325064035 2.1430486640471957 2.1420560030303566 2.141063342013518 2.1400706809966787 2.1390780199798396 2.138085358963001 2.1370926979461617 2.1361000369293226 2.1351073759124835 2.1341147148956447 2.133122053878804 2.1321293928619647 2.131136731845126 2.130144070828287 2.1291514098114477 2.1281587487946085 2.12716608777777 2.1257472719700976 2.123872887057345 2.121998502144592 2.12012411723184 2.118249732319087 2.1163753474063345 2.1145009624935787 2.112626577580826 2.1107521926680732 2.1088778077553205 2.1070034228425683 2.1051290379298155 2.103254653017063 2.10138026810431 2.0995058831915574 2.097631498278805
2.154979656675056 2.1539922770873727 2.1530048974996894 2.152017517912006 2.1510301383243227 2.1500427587366397 2.1490553791489564 2.148067999561273 2.147080619973588 2.1460932403859045 2.1451058607982216 2.1441184812105383 2.143131101622855 2.1421437220351716 2.141156342447488 2.140168962859805 2.139181583272122 2.1381942036844386 2.137206824096755 2.136219444509072 2.1352320649213885 2.134244685333704 2.1332573057460205 2.132269926158337 2.1312825465706537 2.1302951669829704 2.129307787395287 2.128320407807604 2.1268916443295174 2.1249910314946403 2.1230904186597632 2.121189805824886 2.119289192990009 2.117388580155132 2.115487967320252 2.1135873544853747 2.1116867416504976 2.1097861288156206 2.1078855159807435 2.1059849031458664 2.1040842903109893 2.1021836774761122 2.100283064641235 2.098382451806358
2.155991378117686 2.1550092799591583 2.1540271818006307 2.153045083642103 2.1520629854835756 2.151080887325048 2.1500987891665204 2.149116691007993 2.148134592849464 2.1471524946909364 2.146170396532409 2.1451882983738813 2.1442062002153537 2.143224102056826 2.1422420038982986 2.141259905739771 2.1402778075812434 2.139295709422716 2.1383136112641883 2.137331513105661 2.1363494149471336 2.1353673167886043 2.1343852186300767 2.133403120471549 2.1324210223130216 2.131438924154494 2.1304568259959664 2.129474727837439 2.1280360166889385 2.126109175931937 2.124182335174935 2.1222554944179337 2.1203286536609323 2.118401812903931 2.116474972146926 2.1145481313899244 2.112621290632923 2.110694449875921 2.1087676091189196 2.106840768361918 2.1049139276049167 2.102987086847915 2.1010602460909134 2.099133405333912
2.1570030995603147 2.156026282830943 2.155049466101571 2.1540726493721993 2.1530958326428276 2.152119015913456 2.151142199184084 2.1501653824547122 2.1491885657253387 2.148211748995967 2.147234932266595 2.1462581155372233 2.1452812988078516 2.14430448207848 2.143327665349108 2.1423508486197362 2.1413740318903645 2.1403972151609927 2.139420398431621 2.138443581702249 2.137466764972877 2.136489948243504 2.135513131514132 2.1345363147847602 2.133559498055388 2.1325826813260162 2.1316058645966445 2.1306290478672727 2.129180389048358 2.127227320369232 2.125274251690106 2.12332118301098 2.121368114331854 2.119415045652728 2.1174619769735985 2.1155089082944727 2.1135558396153464 2.1116027709362206 2.109649702257095 2.1076966335779685 2.1057435648988427 2.1037904962197165 2.1018374275405907 2.0998843588614644
2.1580148210029435 2.1570432857027275 2.1560717504025115 2.1551002151022955 2.1541286798020796 2.1531571445018636 2.152185609201647 2.151214073901431 2.1502425386012134 2.1492710033009974 2.1482994680007814 2.1473279327005654 2.1463563974003494 2.1453848621001335 2.1444133267999175 2.1434417914997015 2.142470256199485 2.141498720899269 2.140527185599053 2.139555650298837 2.138584114998621 2.1376125796984033 2.1366410443981874 2.1356695090979714 2.1346979737977554 2.133726438497539 2.132754903197323 2.131783367897107 2.130324761407778 2.1283454648065274 2.1263661682052772 2.1243868716040266 2.122407575002776 2.120428278401526 2.1184489818002716 2.1164696851990215 2.114490388597771 2.1125110919965207 2.11053179539527 2.1085524987940194 2.1065732021927692 2.1045939055915186 2.102614608990268 2.100635312389018
2.159026542445573 2.1580602885745126 2.1570940347034524 2.1561277808323918 2.1551615269613316 2.1541952730902714 2.153229019219211 2.1522627653481505 2.1512965114770886 2.1503302576060284 2.149364003734968 2.148397749863908 2.1474314959928473 2.146465242121787 2.145498988250727 2.1445327343796667 2.143566480508606 2.142600226637546 2.1416339727664857 2.1406677188954255 2.139701465024365 2.1387352111533033 2.1377689572822427 2.1368027034111825 2.1358364495401223 2.134870195669062 2.1339039417980015 2.1329376879269413 2.131469133767198 2.1294636092438233 2.1274580847204483 2.1254525601970733 2.1234470356736983 2.1214415111503233 2.119435986626945 2.11743046210357 2.1154249375801952 2.1134194130568202 2.1114138885334452 2.1094083640100707 2.1074028394866957 2.1053973149633207 2.1033917904399457 2.1013862659165707
2.1600382638882016 2.1590772914462972 2.1581163190043924 2.157155346562488 2.1561943741205836 2.1552334016786787 2.1542724292367743 2.15331145679487 2.1523504843529637 2.151389511911059 2.1504285394691545 2.14946756702725 2.148506594585345 2.147545622143441 2.1465846497015364 2.1456236772596315 2.144662704817727 2.1437017323758227 2.142740759933918 2.1417797874920135 2.140818815050109 2.139857842608203 2.138896870166298 2.1379358977243936 2.1369749252824892 2.136013952840585 2.13505298039868 2.1340920079567756 2.132613506126618 2.1305817536811187 2.1285500012356193 2.12651824879012 2.1244864963446206 2.1224547438991213 2.1204229914536183 2.118391239008119 2.1163594865626196 2.1143277341171203 2.112295981671621 2.1102642292261216 2.108232476780622 2.106200724335123 2.1041689718896235 2.102137219444124
2.161049985330831 2.160094294318082 2.1591386033053332 2.1581829122925846 2.1572272212798356 2.156271530267087 2.155315839254338 2.1543601482415893 2.153404457228839 2.15244876621609 2.151493075203341 2.150537384190592 2.1495816931778435 2.148626002165095 2.147670311152346 2.1467146201395972 2.145758929126848 2.1448032381140996 2.1438475471013505 2.142891856088602 2.141936165075853 2.1409804740631024 2.140024783050354 2.1390690920376048 2.138113401024856 2.1371577100121075 2.1362020189993585 2.13524632798661 2.133757878486038 2.131699898118414 2.1296419177507904 2.1275839373831666 2.1255259570155425 2.1234679766479188 2.1214099962802915 2.1193520159126678 2.117294035545044 2.11523605517742 2.113178074809796 2.1111200944421724 2.1090621140745487 2.107004133706925 2.104946153339301 2.102888172971677
2.16206170677346 2.161111297189867 2.1601608876062737 2.159210478022681 2.1582600684390876 2.1573096588554947 2.1563592492719015 2.1554088396883087 2.1544584301047136 2.153508020521121 2.1525576109375275 2.1516072013539347 2.1506567917703414 2.149706382186748 2.1487559726031553 2.147805563019562 2.146855153435969 2.145904743852376 2.1449543342687827 2.14400392468519 2.1430535151015966 2.142103105518002 2.141152695934409 2.140202286350816 2.1392518767672226 2.13830146718363 2.1373510576000365 2.1364006480164437 2.1349022508454576 2.132818042555709 2.130733834265961 2.128649625976213 2.1265654176864643 2.1244812093967163 2.1223970011069646 2.120312792817216 2.118228584527468 2.1161443762377194 2.1140601679479714 2.1119759596582233 2.1098917513684747 2.1078075430787266 2.105723334788978 2.10363912649923
2.1630734282160895 2.1621283000616525 2.161183171907215 2.1602380437527775 2.1592929155983405 2.158347787443903 2.157402659289466 2.1564575311350285 2.1555124029805897 2.154567274826152 2.1536221466717147 2.1526770185172777 2.15173189036284 2.1507867622084027 2.1498416340539657 2.148896505899528 2.1479513777450907 2.1470062495906537 2.146061121436216 2.1451159932817787 2.1441708651273417 2.1432257369729024 2.1422806088184654 2.141335480664028 2.1403903525095904 2.1394452243551534 2.138500096200716 2.1375549680462784 2.1360466232048783 2.133936186993006 2.131825750781133 2.12971531456926 2.1276048783573875 2.1254944421455146 2.1233840059336386 2.1212735697217657 2.119163133509893 2.1170526972980204 2.1149422610861475 2.1128318248742746 2.110721388662402 2.108610952450529 2.1065005162386568 2.104390080026784
2.164085149658719 2.1631453029334375 2.162205456208156 2.161265609482874 2.1603257627575925 2.159385916032311 2.1584460693070295 2.157506222581748 2.156566375856465 2.155626529131183 2.1546866824059014 2.1537468356806198 2.152806988955338 2.151867142230057 2.150927295504775 2.1499874487794934 2.1490476020542117 2.1481077553289305 2.147167908603649 2.146228061878367 2.1452882151530854 2.1443483684278024 2.1434085217025207 2.142468674977239 2.141528828251958 2.140588981526676 2.1396491348013944 2.1387092880761127 2.1371909955642985 2.135054331430301 2.132917667296304 2.1307810031623067 2.12864433902831 2.1265076748943126 2.1243710107603118 2.1222343466263145 2.1200976824923172 2.11796101835832 2.1158243542243227 2.113687690090326 2.1115510259563286 2.1094143618223313 2.107277697688334 2.105141033554337
2.1650968711013476 2.1641623058052217 2.163227740509096 2.1622931752129704 2.1613586099168445 2.1604240446207186 2.1594894793245927 2.1585549140284668 2.1576203487323395 2.1566857834362136 2.1557512181400877 2.154816652843962 2.153882087547836 2.1529475222517105 2.1520129569555846 2.1510783916594587 2.150143826363333 2.149209261067207 2.148274695771081 2.1473401304749555 2.1464055651788296 2.145470999882702 2.144536434586576 2.1436018692904506 2.1426673039943247 2.141732738698199 2.140798173402073 2.139863608105947 2.1383353679237183 2.1361724758675966 2.134009583811475 2.1318466917553534 2.1296837996992317 2.12752090764311 2.125358015586985 2.1231951235308633 2.1210322314747416 2.11886933941862 2.1167064473624984 2.1145435553063763 2.1123806632502546 2.110217771194133 2.1080548791380114 2.1058919870818897
2.166108592543977 2.165179308677007 2.1642500248100367 2.1633207409430666 2.1623914570760965 2.1614621732091264 2.1605328893421563 2.159603605475186 2.1586743216082147 2.1577450377412446 2.1568157538742745 2.1558864700073044 2.1549571861403343 2.154027902273364 2.153098618406394 2.152169334539424 2.151240050672454 2.1503107668054837 2.1493814829385136 2.1484521990715435 2.1475229152045734 2.146593631337602 2.145664347470632 2.1447350636036617 2.1438057797366916 2.1428764958697215 2.1419472120027514 2.1410179281357813 2.1394797402831385 2.1372906203048925 2.135101500326646 2.1329123803484 2.130723260370154 2.128534140391908 2.126345020413658 2.124155900435412 2.1219667804571656 2.1197776604789196 2.1175885405006736 2.1153994205224276 2.113210300544181 2.111021180565935 2.108832060587689 2.106642940609443
2.1671203139866058 2.1661963115487914 2.165272309110977 2.164348306673163 2.1634243042353485 2.1625003017975337 2.1615762993597194 2.160652296921905 2.1597282944840894 2.158804292046275 2.157880289608461 2.1569562871706465 2.1560322847328317 2.1551082822950174 2.154184279857203 2.1532602774193887 2.1523362749815744 2.15141227254376 2.150488270105946 2.1495642676681315 2.148640265230317 2.147716262792501 2.1467922603546867 2.1458682579168724 2.144944255479058 2.1440202530412438 2.1430962506034295 2.142172248165615 2.140624112642558 2.1384087647421874 2.1361934168418166 2.1339780689414463 2.131762721041076 2.129547373140705 2.1273320252403307 2.1251166773399603 2.12290132943959 2.120685981539219 2.118470633638849 2.116255285738478 2.1140399378381076 2.1118245899377373 2.1096092420373664 2.107393894136996
2.168132035429235 2.167213314420576 2.1662945934119175 2.165375872403259 2.1644571513946005 2.163538430385942 2.1626197093772834 2.1617009883686245 2.1607822673599646 2.1598635463513056 2.158944825342647 2.1580261043339886 2.15710738332533 2.1561886623166715 2.155269941308013 2.154351220299354 2.1534324992906955 2.152513778282037 2.1515950572733784 2.15067633626472 2.1497576152560613 2.148838894247401 2.1479201732387425 2.1470014522300835 2.146082731221425 2.1451640102127665 2.144245289204108 2.1433265681954494 2.141768485001978 2.139526909179483 2.137285333356988 2.135043757534493 2.1328021817119978 2.130560605889503 2.1283190300670043 2.126077454244509 2.123835878422014 2.121594302599519 2.119352726777024 2.1171111509545293 2.114869575132034 2.112627999309539 2.110386423487044 2.108144847664549
2.169143756871865 2.1682303172923616 2.167316877712859 2.166403438133356 2.165489998553853 2.16457655897435 2.1636631193948475 2.1627496798153447 2.16183624023584 2.1609228006563375 2.1600093610768343 2.1590959214973315 2.158182481917829 2.157269042338326 2.156355602758823 2.15544216317932 2.1545287235998174 2.1536152840203147 2.1527018444408115 2.1517884048613087 2.150874965281806 2.1499615257023015 2.1490480861227987 2.148134646543296 2.147221206963793 2.14630776738429 2.1453943278047873 2.1444808882252846 2.1429128573613987 2.140645053616779 2.13837724987216 2.1361094461275405 2.133841642382921 2.1315738386383014 2.1293060348936783 2.1270382311490588 2.124770427404439 2.1225026236598197 2.1202348199152 2.1179670161705806 2.1156992124259615 2.113431408681342 2.1111636049367224 2.108895801192103
2.1701554783144936 2.1692473201641467 2.1683391620137997 2.1674310038634523 2.1665228457131054 2.165614687562758 2.164706529412411 2.163798371262064 2.1628902131117154 2.1619820549613684 2.161073896811021 2.160165738660674 2.1592575805103267 2.1583494223599797 2.157441264209633 2.1565331060592854 2.1556249479089384 2.1547167897585915 2.153808631608244 2.152900473457897 2.15199231530755 2.1510841571572015 2.150175999006854 2.149267840856507 2.14835968270616 2.147451524555813 2.146543366405466 2.1456352082551184 2.144057229720819 2.141763198054075 2.139469166387331 2.137175134720587 2.1348811030538433 2.1325870713870994 2.1302930397203514 2.1279990080536075 2.1257049763868636 2.1234109447201197 2.121116913053376 2.118822881386632 2.116528849719888 2.114234818053144 2.1119407863864 2.109646754719656
2.1711671997571225 2.1702643230359313 2.1693614463147397 2.1684585695935485 2.167555692872357 2.166652816151166 2.1657499394299746 2.164847062708783 2.16394418598759 2.163041309266399 2.1621384325452073 2.161235555824016 2.1603326791028246 2.1594298023816334 2.1585269256604422 2.1576240489392506 2.1567211722180595 2.155818295496868 2.1549154187756767 2.154012542054485 2.153109665333294 2.152206788612101 2.15130391189091 2.1504010351697183 2.149498158448527 2.1485952817273355 2.1476924050061443 2.1467895282849527 2.1452016020802387 2.1428813424913704 2.140561082902502 2.138240823313634 2.135920563724765 2.133600304135897 2.1312800445470246 2.1289597849581563 2.1266395253692876 2.1243192657804193 2.121999006191551 2.1196787466026827 2.1173584870138145 2.1150382274249457 2.1127179678360775 2.110397708247209
