Figures/CREST_Example_wjb_NSE/PETs/wjb.pet.20101125.asc
ncols            288
nrows            254
xllcorner        113.274861
yllcorner        31.4918055
cellsize         0.008333333333
NODATA_value     -9999
[rows 133 to 151 of 254, columns 220 to 263 of 288]
0.8400769481572709 0.8397002928160406 0.8391408528479521 0.8383860119770176 0.8376311711060829 0.8368763302351482 0.8361214893642136 0.8353666484932789 0.8346118076223442 0.8338569667514096 0.8331021258804749 0.8323472850095402 0.8315924441386057 0.830837603267671 0.8300827623967351 0.8293279215258004 0.8285730806548657 0.8278182397839311 0.8270633989129964 0.8263085580420617 0.8255537171711271 0.8247988763001924 0.8240440354292577 0.8232891945583231 0.8225343536873885 0.8217795128164538 0.8210246719455191 0.8202698310745832 0.8195149902036485 0.8187601493327139 0.8180053084617792 0.8172504675908445 0.8169893510308018 0.8172560369354802 0.8175227228401585 0.8177894087448369 0.8180560946495152 0.8183227805541935 0.8185894664588719 0.8188561523635502 0.8191228382682291 0.8193895241729073 0.8196562100775857 0.8199228959822641
0.8409625042695094 0.8405963094032336 0.8400415563433269 0.839285230307028 0.838528904270729 0.8377725782344302 0.8370162521981312 0.8362599261618323 0.8355036001255335 0.8347472740892345 0.8339909480529356 0.8332346220166367 0.8324782959803378 0.8317219699440389 0.8309656439077387 0.8302093178714398 0.8294529918351409 0.828696665798842 0.8279403397625431 0.8271840137262442 0.8264276876899453 0.8256713616536464 0.8249150356173475 0.8241587095810486 0.8234023835447497 0.8226460575084508 0.8218897314721519 0.8211334054358517 0.8203770793995528 0.8196207533632539 0.818864427326955 0.8181081012906561 0.8178433643575506 0.8181041473038021 0.8183649302500535 0.8186257131963051 0.8188864961425565 0.819147279088808 0.8194080620350594 0.819668844981311 0.8199296279275629 0.8201904108738143 0.8204511938200658 0.8207119767663172
0.841848060381748 0.8414923259904266 0.8409422598387015 0.8401844486370383 0.8394266374353752 0.8386688262337121 0.8379110150320489 0.8371532038303857 0.8363953926287226 0.8356375814270595 0.8348797702253963 0.8341219590237332 0.83336414782207 0.8326063366204068 0.8318485254187424 0.8310907142170793 0.8303329030154162 0.829575091813753 0.8288172806120898 0.8280594694104267 0.8273016582087636 0.8265438470071004 0.8257860358054373 0.8250282246037741 0.8242704134021109 0.8235126022004479 0.8227547909987847 0.8219969797971203 0.8212391685954571 0.8204813573937939 0.8197235461921308 0.8189657349904677 0.8186973776842994 0.818952257672124 0.8192071376599486 0.8194620176477732 0.8197168976355979 0.8199717776234224 0.820226657611247 0.8204815375990716 0.8207364175868966 0.8209912975747212 0.8212461775625458 0.8215010575503704
0.8427336164939866 0.8423883425776196 0.8418429633340763 0.8410836669670488 0.8403243706000215 0.8395650742329941 0.8388057778659667 0.8380464814989392 0.8372871851319119 0.8365278887648845 0.8357685923978571 0.8350092960308297 0.8342499996638023 0.8334907032967749 0.8327314069297462 0.8319721105627188 0.8312128141956915 0.8304535178286641 0.8296942214616366 0.8289349250946092 0.8281756287275819 0.8274163323605545 0.826657035993527 0.8258977396264997 0.8251384432594723 0.8243791468924448 0.8236198505254175 0.8228605541583888 0.8221012577913613 0.821341961424334 0.8205826650573066 0.8198233686902792 0.8195513910110482 0.819800368040446 0.8200493450698436 0.8202983220992414 0.8205472991286391 0.8207962761580369 0.8210452531874346 0.8212942302168322 0.8215432072462304 0.8217921842756282 0.8220411613050259 0.8222901383344235
0.8436191726062259 0.8432843591648134 0.8427436668294517 0.84198288529706 0.8412221037646684 0.8404613222322768 0.8397005406998851 0.8389397591674935 0.8381789776351019 0.8374181961027102 0.8366574145703185 0.8358966330379269 0.8351358515055353 0.8343750699731436 0.8336142884407507 0.832853506908359 0.8320927253759673 0.8313319438435758 0.8305711623111841 0.8298103807787924 0.8290495992464008 0.8282888177140092 0.8275280361816175 0.8267672546492258 0.8260064731168342 0.8252456915844426 0.8244849100520509 0.823724128519658 0.8229633469872664 0.8222025654548747 0.821441783922483 0.8206810023900915 0.8204054043377976 0.8206484784087685 0.8208915524797393 0.8211346265507102 0.821377700621681 0.8216207746926519 0.8218638487636227 0.8221069228345936 0.8223499969055649 0.8225930709765357 0.8228361450475066 0.8230792191184774
0.8445047287184644 0.8441803757520063 0.8436443703248263 0.8428821036270705 0.8421198369293146 0.8413575702315587 0.8405953035338029 0.8398330368360469 0.839070770138291 0.8383085034405351 0.8375462367427793 0.8367839700450234 0.8360217033472674 0.8352594366495115 0.8344971699517544 0.8337349032539985 0.8329726365562427 0.8322103698584867 0.8314481031607308 0.8306858364629749 0.8299235697652191 0.8291613030674632 0.8283990363697072 0.8276367696719513 0.8268745029741955 0.8261122362764396 0.8253499695786837 0.8245877028809265 0.8238254361831706 0.8230631694854147 0.8223009027876589 0.821538636089903 0.8212594176645465 0.8214965887770904 0.8217337598896344 0.8219709310021784 0.8222081021147224 0.8224452732272663 0.8226824443398103 0.8229196154523543 0.8231567865648987 0.8233939576774426 0.8236311287899866 0.8238682999025306
0.8453902848307029 0.8450763923391994 0.844545073820201 0.8437813219570809 0.8430175700939607 0.8422538182308406 0.8414900663677205 0.8407263145046003 0.8399625626414802 0.83919881077836 0.83843505891524 0.8376713070521198 0.8369075551889996 0.8361438033258795 0.8353800514627581 0.8346162995996379 0.8338525477365177 0.8330887958733977 0.8323250440102775 0.8315612921471573 0.8307975402840372 0.8300337884209171 0.829270036557797 0.8285062846946768 0.8277425328315566 0.8269787809684365 0.8262150291053164 0.8254512772421949 0.8246875253790747 0.8239237735159547 0.8231600216528345 0.8223962697897144 0.8221134309912952 0.8223446991454123 0.8225759672995294 0.8228072354536464 0.8230385036077635 0.8232697717618807 0.8235010399159978 0.8237323080701149 0.8239635762242323 0.8241948443783494 0.8244261125324666 0.8246573806865837
0.8462758409429415 0.8459724089263924 0.8454457773155757 0.8446805402870913 0.8439153032586069 0.8431500662301226 0.8423848292016382 0.8416195921731537 0.8408543551446693 0.840089118116185 0.8393238810877006 0.8385586440592162 0.8377934070307318 0.8370281700022475 0.8362629329737618 0.8354976959452773 0.834732458916793 0.8339672218883086 0.8332019848598242 0.8324367478313398 0.8316715108028555 0.8309062737743711 0.8301410367458867 0.8293757997174023 0.828610562688918 0.8278453256604336 0.8270800886319492 0.8263148516034635 0.8255496145749791 0.8247843775464947 0.8240191405180103 0.8232539034895259 0.8229674443180439 0.8231928095137342 0.8234181747094245 0.8236435399051146 0.8238689051008049 0.8240942702964951 0.8243196354921853 0.8245450006878755 0.8247703658835661 0.8249957310792564 0.8252210962749467 0.8254464614706368
0.84716139705518 0.8468684255135853 0.8463464808109503 0.8455797586171017 0.8448130364232531 0.8440463142294045 0.8432795920355558 0.8425128698417071 0.8417461476478586 0.8409794254540099 0.8402127032601613 0.8394459810663126 0.8386792588724641 0.8379125366786154 0.8371458144847654 0.8363790922909169 0.8356123700970682 0.8348456479032196 0.8340789257093709 0.8333122035155224 0.8325454813216737 0.8317787591278251 0.8310120369339764 0.8302453147401279 0.8294785925462792 0.8287118703524305 0.8279451481585819 0.827178425964732 0.8264117037708834 0.8256449815770347 0.824878259383186 0.8241115371893375 0.8238214576447928 0.8240409198820561 0.8242603821193195 0.8244798443565828 0.8246993065938462 0.8249187688311095 0.8251382310683729 0.8253576933056362 0.8255771555429 0.8257966177801633 0.8260160800174267 0.82623554225469
0.8480469531674185 0.8477644421007783 0.847247184306325 0.8464789769471122 0.8457107695878993 0.8449425622286864 0.8441743548694735 0.8434061475102606 0.8426379401510478 0.8418697327918349 0.841101525432622 0.840333318073409 0.8395651107141961 0.8387969033549834 0.8380286959957691 0.8372604886365562 0.8364922812773434 0.8357240739181305 0.8349558665589176 0.8341876591997047 0.8334194518404918 0.832651244481279 0.8318830371220661 0.8311148297628532 0.8303466224036403 0.8295784150444275 0.8288102076852146 0.8280420003260004 0.8272737929667875 0.8265055856075747 0.8257373782483618 0.8249691708891489 0.8246754709715415 0.824889030250378 0.8251025895292144 0.8253161488080509 0.8255297080868874 0.8257432673657239 0.8259568266445604 0.8261703859233969 0.8263839452022337 0.8265975044810702 0.8268110637599067 0.8270246230387431
0.8489325092796571 0.8486604586879714 0.8481478878016998 0.8473781952771227 0.8466085027525455 0.8458388102279684 0.8450691177033912 0.8442994251788141 0.843529732654237 0.8427600401296599 0.8419903476050827 0.8412206550805056 0.8404509625559284 0.8396812700313514 0.8389115775067729 0.8381418849821958 0.8373721924576186 0.8366024999330416 0.8358328074084644 0.8350631148838873 0.8342934223593101 0.833523729834733 0.8327540373101558 0.8319843447855788 0.8312146522610017 0.8304449597364245 0.8296752672118474 0.828905574687269 0.8281358821626918 0.8273661896381147 0.8265964971135376 0.8258268045889604 0.8255294842982902 0.8257371406186998 0.8259447969391095 0.8261524532595191 0.8263601095799287 0.8265677659003383 0.826775422220748 0.8269830785411575 0.8271907348615675 0.8273983911819771 0.8276060475023866 0.8278137038227963
0.8498180653918964 0.8495564752751651 0.8490485912970752 0.8482774136071338 0.8475062359171924 0.846735058227251 0.8459638805373096 0.8451927028473684 0.844421525157427 0.8436503474674856 0.8428791697775442 0.8421079920876028 0.8413368143976614 0.84056563670772 0.8397944590177774 0.839023281327836 0.8382521036378946 0.8374809259479532 0.8367097482580118 0.8359385705680705 0.8351673928781291 0.8343962151881877 0.8336250374982463 0.832853859808305 0.8320826821183636 0.8313115044284223 0.8305403267384809 0.8297691490485382 0.8289979713585968 0.8282267936686554 0.8274556159787141 0.8266844382887727 0.8263834976250397 0.8265852509870224 0.8267870043490052 0.8269887577109879 0.8271905110729706 0.8273922644349534 0.8275940177969361 0.8277957711589189 0.8279975245209019 0.8281992778828846 0.8284010312448674 0.8286027846068501
0.850703621504135 0.850452491862358 0.8499492947924498 0.8491766319371442 0.8484039690818386 0.8476313062265329 0.8468586433712274 0.8460859805159218 0.8453133176606161 0.8445406548053105 0.8437679919500048 0.8429953290946992 0.8422226662393937 0.841450003384088 0.8406773405287811 0.8399046776734754 0.8391320148181698 0.8383593519628643 0.8375866891075586 0.836814026252253 0.8360413633969473 0.8352687005416417 0.8344960376863361 0.8337233748310304 0.8329507119757249 0.8321780491204193 0.8314053862651136 0.8306327234098067 0.829860060554501 0.8290873976991955 0.8283147348438898 0.8275420719885842 0.8272375109517885 0.8274333613553444 0.8276292117589003 0.8278250621624561 0.828020912566012 0.8282167629695678 0.8284126133731237 0.8286084637766795 0.8288043141802357 0.8290001645837916 0.8291960149873474 0.8293918653909033
0.8515891776163735 0.8513485084495511 0.8508499982878245 0.8500758502671546 0.8493017022464848 0.8485275542258149 0.847753406205145 0.8469792581844752 0.8462051101638053 0.8454309621431354 0.8446568141224656 0.8438826661017957 0.8431085180811259 0.842334370060456 0.8415602220397848 0.8407860740191149 0.8400119259984451 0.8392377779777752 0.8384636299571053 0.8376894819364354 0.8369153339157656 0.8361411858950957 0.8353670378744259 0.834592889853756 0.8338187418330861 0.8330445938124162 0.8322704457917464 0.8314962977710753 0.8307221497504054 0.8299480017297355 0.8291738537090656 0.8283997056883957 0.8280915242785373 0.8282814717236663 0.8284714191687953 0.8286613666139243 0.8288513140590532 0.8290412615041822 0.8292312089493112 0.8294211563944401 0.8296111038395695 0.8298010512846985 0.8299909987298274 0.8301809461749564
0.852474733728612 0.8522445250367441 0.8517507017831991 0.8509750685971651 0.850199435411131 0.8494238022250968 0.8486481690390627 0.8478725358530286 0.8470969026669944 0.8463212694809603 0.8455456362949262 0.8447700031088922 0.843994369922858 0.8432187367368239 0.8424431035507884 0.8416674703647543 0.8408918371787202 0.8401162039926862 0.839340570806652 0.8385649376206179 0.8377893044345838 0.8370136712485496 0.8362380380625155 0.8354624048764814 0.8346867716904474 0.8339111385044132 0.8331355053183791 0.8323598721323436 0.8315842389463095 0.8308086057602754 0.8300329725742412 0.8292573393882072 0.828945537605286 0.8291295820919882 0.8293136265786902 0.8294976710653923 0.8296817155520945 0.8298657600387965 0.8300498045254987 0.8302338490122008 0.8304178934989033 0.8306019379856053 0.8307859824723074 0.8309700269590096
0.8530571911120807 0.8528308830605513 0.8523395812759341 0.8515649951933763 0.8507904091108185 0.8500158230282606 0.8492412369457029 0.848466650863145 0.8476920647805872 0.8469174786980294 0.8461428926154716 0.8453683065329138 0.844593720450356 0.8438191343677982 0.843044548285239 0.8422699622026812 0.8414953761201234 0.8407207900375656 0.8399462039550079 0.83917161787245 0.8383970317898922 0.8376224457073344 0.8368478596247766 0.8360732735422187 0.835298687459661 0.8345241013771032 0.8337495152945453 0.8329749292119862 0.8322003431294284 0.8314257570468706 0.8306511709643127 0.829876584881755 0.8295599563270487 0.8297328947363452 0.8299058331456416 0.830078771554938 0.8302517099642345 0.8304246483735309 0.8305975867828272 0.8307705251921237 0.8309434636014205 0.8311164020107169 0.8312893404200133 0.8314622788293097
0.8533156550612213 0.8530862356003449 0.8525951405665978 0.8518243084232777 0.8510534762799578 0.8502826441366377 0.8495118119933176 0.8487409798499976 0.8479701477066776 0.8471993155633576 0.8464284834200375 0.8456576512767174 0.8448868191333975 0.8441159869900774 0.8433451548467561 0.842574322703436 0.8418034905601159 0.841032658416796 0.8402618262734759 0.8394909941301558 0.8387201619868359 0.8379493298435158 0.8371784977001957 0.8364076655568757 0.8356368334135557 0.8348660012702357 0.8340951691269156 0.8333243369835942 0.8325535048402742 0.8317826726969542 0.8310118405536342 0.8302410084103141 0.8299182635196376 0.830074534045334 0.8302308045710304 0.8303870750967268 0.8305433456224233 0.8306996161481197 0.8308558866738162 0.8310121571995126 0.8311684277252093 0.8313246982509057 0.8314809687766022 0.8316372393022986
0.8535741190103622 0.8533415881401388 0.8528506998572617 0.8520836216531795 0.8513165434490972 0.850549465245015 0.8497823870409327 0.8490153088368504 0.8482482306327682 0.8474811524286859 0.8467140742246037 0.8459469960205214 0.8451799178164391 0.8444128396123569 0.8436457614082733 0.842878683204191 0.8421116050001087 0.8413445267960266 0.8405774485919443 0.839810370387862 0.8390432921837797 0.8382762139796975 0.8375091357756153 0.836742057571533 0.8359749793674507 0.8352079011633684 0.8344408229592862 0.8336737447552026 0.8329066665511203 0.832139588347038 0.8313725101429559 0.8306054319388736 0.8302765707122267 0.8304161733543232 0.8305557759964196 0.830695378638516 0.8308349812806124 0.8309745839227088 0.8311141865648053 0.8312537892069016 0.8313933918489983 0.8315329944910947 0.8316725971331912 0.8318121997752876
0.8538325829595029 0.8535969406799325 0.8531062591479255 0.852342934883081 0.8515796106182365 0.850816286353392 0.8500529620885475 0.849289637823703 0.8485263135588585 0.8477629892940141 0.8469996650291696 0.8462363407643251 0.8454730164994806 0.8447096922346361 0.8439463679697904 0.8431830437049459 0.8424197194401014 0.8416563951752569 0.8408930709104124 0.8401297466455679 0.8393664223807235 0.838603098115879 0.8378397738510345 0.83707644958619 0.8363131253213455 0.835549801056501 0.8347864767916565 0.8340231525268108 0.8332598282619663 0.8324965039971218 0.8317331797322773 0.8309698554674328 0.8306348779048156 0.8307578126633121 0.8308807474218085 0.831003682180305 0.8311266169388013 0.8312495516972978 0.8313724864557942 0.8314954212142907 0.8316183559727872 0.8317412907312837 0.8318642254897801 0.8319871602482766
