Figures/CREST_Example_wjb_NSE/PETs/wjb.pet.20090404.asc
ncols            288
nrows            254
xllcorner        113.274861
yllcorner        31.4918055
cellsize         0.008333333333
NODATA_value     -9999
[rows 220 to 239 of 254, columns 176 to 219 of 288]
0.721467539562012 0.7197391051256457 0.7180106706892793 0.7162822362529128 0.7145538018165464 0.71282536738018 0.7110969329438106 0.7093684985074442 0.7076400640710778 0.7059116296347114 0.7041831951983449 0.7024547607619785 0.7007263263256122 0.6989978918892458 0.6972694574528793 0.6955410230165129 0.694317116702237 0.6936325623662356 0.6929480080302343 0.6922634536942317 0.6915788993582304 0.6908943450222291 0.6902097906862278 0.6895252363502264 0.6888406820142251 0.6881561276782238 0.6874715733422224 0.6867870190062211 0.6861024646702197 0.6854179103342184 0.6847333559982172 0.6840488016622158 0.6833642473262133 0.6826796929902119 0.6819951386542107 0.6813105843182093 0.680626029982208 0.6799414756462067 0.6792569213102053 0.678572366974204 0.6778878126382026 0.6772032583022013 0.6765187039662 0.6758341496301987
0.7273146292603323 0.7254568259088908 0.7235990225574492 0.7217412192060076 0.7198834158545661 0.7180256125031246 0.7161678091516798 0.7143100058002383 0.7124522024487967 0.7105943990973551 0.7087365957459135 0.706878792394472 0.7050209890430305 0.7031631856915889 0.7013053823401473 0.6994475789887058 0.6981576755070515 0.6974748698358477 0.6967920641646439 0.696109258493439 0.6954264528222351 0.6947436471510313 0.6940608414798275 0.6933780358086238 0.69269523013742 0.6920124244662161 0.6913296187950123 0.6906468131238085 0.6899640074526047 0.689281201781401 0.6885983961101971 0.6879155904389933 0.6872327847677884 0.6865499790965846 0.6858671734253807 0.6851843677541769 0.6845015620829731 0.6838187564117694 0.6831359507405655 0.6824531450693617 0.6817703393981579 0.6810875337269541 0.6804047280557504 0.6797219223845465
0.7331617189586528 0.731174546692136 0.7291873744256193 0.7272002021591026 0.7252130298925858 0.7232258576260692 0.721238685359549 0.7192515130930324 0.7172643408265157 0.715277168559999 0.7132899962934822 0.7113028240269655 0.7093156517604489 0.7073284794939321 0.7053413072274154 0.7033541349608987 0.7019982343118663 0.70131717730546 0.7006361202990536 0.6999550632926462 0.6992740062862399 0.6985929492798337 0.6979118922734274 0.6972308352670211 0.6965497782606148 0.6958687212542085 0.6951876642478023 0.694506607241396 0.6938255502349897 0.6931444932285834 0.6924634362221772 0.6917823792157709 0.6911013222093634 0.6904202652029572 0.6897392081965509 0.6890581511901446 0.6883770941837383 0.6876960371773321 0.6870149801709258 0.6863339231645195 0.6856528661581132 0.6849718091517069 0.6842907521453007 0.6836096951388944
0.7390088086569756 0.7368922674753837 0.7347757262937918 0.7326591851121999 0.730542643930608 0.7284261027490161 0.7263095615674205 0.7241930203858287 0.7220764792042367 0.7199599380226448 0.7178433968410529 0.7157268556594609 0.713610314477869 0.7114937732962772 0.7093772321146852 0.7072606909330933 0.7058387931166826 0.7051594847750738 0.7044801764334652 0.7038008680918553 0.7031215597502465 0.7024422514086377 0.7017629430670289 0.7010836347254202 0.7004043263838114 0.6997250180422027 0.699045709700594 0.6983664013589852 0.6976870930173764 0.6970077846757676 0.696328476334159 0.6956491679925502 0.6949698596509403 0.6942905513093315 0.6936112429677227 0.692931934626114 0.6922526262845052 0.6915733179428964 0.6908940096012878 0.690214701259679 0.6895353929180702 0.6888560845764614 0.6881767762348527 0.687497467893244
0.744855898355296 0.7426099882586289 0.7403640781619618 0.7381181680652947 0.7358722579686277 0.7336263478719607 0.7313804377752897 0.7291345276786226 0.7268886175819556 0.7246427074852886 0.7223967973886215 0.7201508872919544 0.7179049771952873 0.7156590670986203 0.7134131570019532 0.7111672469052861 0.7096793519214972 0.7090017922446861 0.7083242325678748 0.7076466728910624 0.7069691132142512 0.70629155353744 0.7056139938606287 0.7049364341838176 0.7042588745070063 0.703581314830195 0.7029037551533839 0.7022261954765726 0.7015486357997613 0.7008710761229502 0.7001935164461389 0.6995159567693277 0.6988383970925153 0.6981608374157041 0.6974832777388928 0.6968057180620816 0.6961281583852704 0.6954505987084592 0.6947730390316479 0.6940954793548367 0.6934179196780255 0.6927403600012142 0.692062800324403 0.6913852406475918
0.7507029880536163 0.7483277090418742 0.7459524300301319 0.7435771510183897 0.7412018720066476 0.7388265929949053 0.736451313983159 0.7340760349714168 0.7317007559596747 0.7293254769479324 0.7269501979361902 0.7245749189244479 0.7221996399127057 0.7198243609009636 0.7174490818892213 0.7150738028774791 0.713519910726312 0.7128440997142983 0.7121682887022845 0.7114924776902697 0.710816666678256 0.7101408556662423 0.7094650446542287 0.7087892336422149 0.7081134226302012 0.7074376116181875 0.7067618006061738 0.7060859895941601 0.7054101785821464 0.7047343675701326 0.704058556558119 0.7033827455461052 0.7027069345340904 0.7020311235220766 0.701355312510063 0.7006795014980493 0.7000036904860356 0.6993278794740219 0.6986520684620081 0.6979762574499945 0.6973004464379807 0.6966246354259671 0.6959488244139533 0.6952730134019396
0.7565500777519393 0.7540454298251218 0.7515407818983044 0.7490361339714869 0.7465314860446696 0.7440268381178522 0.7415221901910305 0.739017542264213 0.7365128943373956 0.7340082464105783 0.7315035984837608 0.7289989505569434 0.7264943026301259 0.7239896547033086 0.7214850067764911 0.7189803588496737 0.7173604695311284 0.7166864071839122 0.7160123448366961 0.7153382824894787 0.7146642201422625 0.7139901577950464 0.7133160954478301 0.7126420331006139 0.7119679707533978 0.7112939084061816 0.7106198460589654 0.7099457837117492 0.7092717213645331 0.7085976590173169 0.7079235966701006 0.7072495343228845 0.7065754719756672 0.7059014096284509 0.7052273472812348 0.7045532849340186 0.7038792225868025 0.7032051602395862 0.70253109789237 0.7018570355451539 0.7011829731979377 0.7005089108507215 0.6998348485035053 0.6991607861562892
0.7623971674502596 0.7597631506083671 0.7571291337664745 0.7544951169245819 0.7518611000826894 0.7492270832407968 0.7465930663988998 0.7439590495570072 0.7413250327151146 0.7386910158732221 0.7360569990313295 0.7334229821894369 0.7307889653475443 0.7281549485056518 0.7255209316637592 0.7228869148218666 0.7212010283359431 0.7205287146535245 0.7198564009711058 0.719184087288686 0.7185117736062674 0.7178394599238487 0.7171671462414301 0.7164948325590114 0.7158225188765927 0.715150205194174 0.7144778915117553 0.7138055778293367 0.713133264146918 0.7124609504644994 0.7117886367820807 0.7111163230996621 0.7104440094172423 0.7097716957348236 0.709099382052405 0.7084270683699863 0.7077547546875677 0.7070824410051489 0.7064101273227302 0.7057378136403116 0.7050654999578929 0.7043931862754743 0.7037208725930556 0.703048558910637
0.7682442571485799 0.7654808713916122 0.7627174856346445 0.7599540998776768 0.757190714120709 0.7544273283637414 0.7516639426067689 0.7489005568498012 0.7461371710928335 0.7433737853358657 0.7406103995788981 0.7378470138219304 0.7350836280649626 0.7323202423079949 0.7295568565510272 0.7267934707940595 0.7250415871407577 0.7243710221231366 0.7237004571055154 0.7230298920878933 0.7223593270702721 0.721688762052651 0.7210181970350298 0.7203476320174087 0.7196770669997875 0.7190065019821664 0.7183359369645452 0.7176653719469241 0.716994806929303 0.7163242419116819 0.7156536768940607 0.7149831118764396 0.7143125468588173 0.7136419818411962 0.712971416823575 0.7123008518059539 0.7116302867883327 0.7109597217707117 0.7102891567530905 0.7096185917354694 0.7089480267178482 0.7082774617002271 0.7076068966826059 0.7069363316649848
0.7740913468469003 0.7711985921748574 0.7683058375028146 0.7654130828307717 0.7625203281587288 0.759627573486686 0.7567348188146382 0.7538420641425954 0.7509493094705525 0.7480565547985096 0.7451638001264668 0.7422710454544239 0.739378290782381 0.7364855361103382 0.7335927814382953 0.7307000267662525 0.7288821459455725 0.7282133295927489 0.7275445132399253 0.7268756968871005 0.726206880534277 0.7255380641814533 0.7248692478286297 0.724200431475806 0.7235316151229825 0.7228627987701588 0.7221939824173352 0.7215251660645116 0.720856349711688 0.7201875333588644 0.7195187170060408 0.7188499006532172 0.7181810843003924 0.7175122679475688 0.7168434515947452 0.7161746352419216 0.7155058188890979 0.7148370025362744 0.7141681861834507 0.7134993698306271 0.7128305534778034 0.7121617371249799 0.7114929207721563 0.7108241044193326
0.7799384365452232 0.7769163129581051 0.7738941893709871 0.770872065783869 0.767849942196751 0.7648278186096329 0.7618056950225096 0.7587835714353915 0.7557614478482735 0.7527393242611554 0.7497172006740374 0.7466950770869193 0.7436729534998012 0.7406508299126832 0.7376287063255651 0.734606582738447 0.7327227047503889 0.7320556370623628 0.7313885693743367 0.7307215016863094 0.7300544339982834 0.7293873663102574 0.7287202986222312 0.7280532309342052 0.727386163246179 0.726719095558153 0.7260520278701268 0.7253849601821007 0.7247178924940747 0.7240508248060485 0.7233837571180225 0.7227166894299963 0.7220496217419692 0.721382554053943 0.720715486365917 0.7200484186778909 0.7193813509898648 0.7187142833018387 0.7180472156138126 0.7173801479257865 0.7167130802377605 0.7160460125497343 0.7153789448617083 0.7147118771736821
0.7857855262435436 0.7826340337413503 0.7794825412391572 0.7763310487369639 0.7731795562347706 0.7700280637325775 0.7668765712303789 0.7637250787281856 0.7605735862259925 0.7574220937237992 0.7542706012216059 0.7511191087194128 0.7479676162172195 0.7448161237150264 0.7416646312128331 0.7385131387106398 0.7365632635552035 0.735897944531975 0.7352326255087464 0.7345673064855167 0.7339019874622881 0.7332366684390595 0.732571349415831 0.7319060303926024 0.7312407113693739 0.7305753923461453 0.7299100733229167 0.7292447542996882 0.7285794352764596 0.727914116253231 0.7272487972300025 0.7265834782067739 0.7259181591835442 0.7252528401603157 0.724587521137087 0.7239222021138585 0.72325688309063 0.7225915640674013 0.7219262450441728 0.7212609260209443 0.7205956069977156 0.7199302879744871 0.7192649689512586 0.7185996499280299
0.791632615941864 0.7883517545245956 0.7850708931073273 0.7817900316900589 0.7785091702727904 0.7752283088555221 0.7719474474382482 0.7686665860209798 0.7653857246037115 0.7621048631864431 0.7588240017691746 0.7555431403519063 0.7522622789346379 0.7489814175173696 0.7457005561001012 0.7424196946828329 0.7404038223600182 0.7397402520015872 0.7390766816431562 0.738413111284724 0.737749540926293 0.737085970567862 0.7364224002094308 0.7357588298509998 0.7350952594925688 0.7344316891341377 0.7337681187757067 0.7331045484172757 0.7324409780588446 0.7317774077004136 0.7311138373419825 0.7304502669835515 0.7297866966251193 0.7291231262666883 0.7284595559082572 0.7277959855498262 0.7271324151913952 0.726468844832964 0.725805274474533 0.725141704116102 0.724478133757671 0.7238145633992399 0.7231509930408089 0.7224874226823779
0.7974797056401868 0.7940694753078432 0.7906592449754997 0.7872490146431561 0.7838387843108126 0.780428553978469 0.7770183236461196 0.773608093313776 0.7701978629814324 0.7667876326490889 0.7633774023167453 0.7599671719844018 0.7565569416520581 0.7531467113197146 0.749736480987371 0.7463262506550274 0.7442443811648346 0.7435825594712011 0.7429207377775676 0.742258916083933 0.7415970943902994 0.7409352726966659 0.7402734510030324 0.7396116293093989 0.7389498076157653 0.7382879859221319 0.7376261642284984 0.7369643425348649 0.7363025208412313 0.7356406991475978 0.7349788774539643 0.7343170557603308 0.7336552340666961 0.7329934123730626 0.7323315906794291 0.7316697689857956 0.731007947292162 0.7303461255985285 0.729684303904895 0.7290224822112615 0.7283606605176279 0.7276988388239944 0.727037017130361 0.7263751954367275
0.8033267953385071 0.7997871960910885 0.7962475968436697 0.792707997596251 0.7891683983488322 0.7856287991014136 0.7820891998539888 0.7785496006065701 0.7750100013591513 0.7714704021117327 0.7679308028643139 0.7643912036168952 0.7608516043694764 0.7573120051220578 0.753772405874639 0.7502328066272203 0.7480849399696493 0.7474248669408133 0.7467647939119773 0.7461047208831402 0.7454446478543042 0.7447845748254682 0.7441245017966323 0.7434644287677962 0.7428043557389602 0.7421442827101242 0.7414842096812883 0.7408241366524523 0.7401640636236163 0.7395039905947802 0.7388439175659443 0.7381838445371083 0.7375237715082712 0.7368636984794352 0.7362036254505991 0.7355435524217632 0.7348834793929272 0.7342234063640912 0.7335633333352553 0.7329032603064193 0.7322431872775832 0.7315831142487472 0.7309230412199113 0.7302629681910753
0.8091738850368275 0.8055049168743337 0.8018359487118398 0.7981669805493459 0.794498012386852 0.7908290442243582 0.787160076061858 0.7834911078993642 0.7798221397368703 0.7761531715743765 0.7724842034118826 0.7688152352493887 0.7651462670868948 0.761477298924401 0.7578083307619071 0.7541393625994133 0.751925498774464 0.7512671744104256 0.7506088500463871 0.7499505256823474 0.749292201318309 0.7486338769542705 0.7479755525902321 0.7473172282261936 0.7466589038621552 0.7460005794981167 0.7453422551340783 0.7446839307700397 0.7440256064060012 0.7433672820419628 0.7427089576779243 0.7420506333138859 0.7413923089498463 0.7407339845858077 0.7400756602217693 0.7394173358577308 0.7387590114936924 0.7381006871296539 0.7374423627656155 0.736784038401577 0.7361257140375386 0.7354673896735 0.7348090653094616 0.7341507409454231
0.8150209747351504 0.8112226376575814 0.8074243005800124 0.8036259635024432 0.7998276264248741 0.7960292893473051 0.7922309522697295 0.7884326151921605 0.7846342781145914 0.7808359410370223 0.7770376039594532 0.7732392668818842 0.7694409298043151 0.7656425927267461 0.7618442556491769 0.7580459185716079 0.7557660575792804 0.7551094818800395 0.7544529061807985 0.7537963304815565 0.7531397547823155 0.7524831790830746 0.7518266033838336 0.7511700276845926 0.7505134519853517 0.7498568762861108 0.7492003005868698 0.7485437248876289 0.747887149188388 0.747230573489147 0.7465739977899061 0.7459174220906651 0.745260846391423 0.744604270692182 0.7439476949929411 0.7432911192937002 0.7426345435944592 0.7419779678952183 0.7413213921959774 0.7406648164967364 0.7400082407974955 0.7393516650982546 0.7386950893990135 0.7380385136997726
0.8208680644334708 0.8169403584408266 0.8130126524481824 0.8090849464555382 0.8051572404628939 0.8012295344702497 0.7973018284775988 0.7933741224849546 0.7894464164923104 0.7855187104996662 0.7815910045070219 0.7776632985143777 0.7737355925217335 0.7698078865290893 0.765880180536445 0.7619524745438008 0.7596066163840951 0.7589517893496517 0.7582969623152083 0.7576421352807637 0.7569873082463203 0.7563324812118769 0.7556776541774335 0.7550228271429901 0.7543680001085467 0.7537131730741032 0.7530583460396598 0.7524035190052164 0.751748691970773 0.7510938649363295 0.750439037901886 0.7497842108674426 0.7491293838329981 0.7484745567985547 0.7478197297641113 0.7471649027296678 0.7465100756952244 0.745855248660781 0.7452004216263376 0.7445455945918942 0.7438907675574508 0.7432359405230073 0.7425811134885639 0.7419262864541205
-9999.0 0.8188018224451991 0.8149570492487657 0.8111122760523323 0.8072675028558988 0.8034227296594654 0.7995779564630254 0.795733183266592 0.7918884100701585 0.7880436368737251 0.7841988636772917 0.7803540904808584 0.7765093172844248 0.7726645440879915 0.7688197708915581 0.7649749976951246 0.7627386503836076 0.7622217467362882 0.7617048430889688 0.7611879394416485 0.7606710357943292 0.7601541321470098 0.7596372284996904 0.759120324852371 0.7586034212050516 0.7580865175577323 0.7575696139104129 0.7570527102630935 0.7565358066157741 0.7560189029684548 0.7555019993211354 0.754985095673816 0.7544681920264957 0.7539512883791764 0.753434384731857 0.7529174810845376 0.7524005774372183 0.751883673789899 0.7513667701425796 0.7508498664952602 0.7503329628479408 0.7498160592006214 0.7492991555533021 0.7487822519059827
-9999.0 -9999.0 -9999.0 -9999.0 -9999.0 -9999.0 -9999.0 0.7953317714801831 0.7917968682295288 0.7882619649788745 0.7847270617282202 0.7811921584775658 0.7776572552269115 0.7741223519762572 0.7705874487256029 0.7670525454749486 0.7651133160192974 0.7648798979551902 0.7646464798910829 0.7644130618269753 0.7641796437628681 0.7639462256987608 0.7637128076346537 0.7634793895705464 0.7632459715064391 0.7630125534423319 0.7627791353782247 0.7625457173141175 0.7623122992500102 0.762078881185903 0.7618454631217957 0.7616120450576885 0.7613786269935808 0.7611452089294736 0.7609117908653664 0.7606783728012592 0.7604449547371519 0.7602115366730446 0.7599781186089374 0.7597447005448302 0.759511282480723 0.7592778644166157 0.7590444463525085 0.7588110282884012
