Figures/CREST_Example_wjb_NSE/PETs/wjb.pet.20100224.asc
ncols            288
nrows            254
xllcorner        113.274861
yllcorner        31.4918055
cellsize         0.008333333333
NODATA_value     -9999
[rows 140 to 159 of 254, columns 176 to 219 of 288]
0.9936535452121877 0.9968641798157042 1.0000748144192206 1.003285449022737 1.0064960836262535 1.0097067182297699 1.0129173528332918 1.016127987436808 1.0193386220403247 1.022549256643841 1.0257598912473576 1.028970525850874 1.0321811604543902 1.0353917950579068 1.0386024296614231 1.0418130642649395 1.043910947919728 1.0448192756325465 1.045727603345365 1.046635931058185 1.0475442587710035 1.0484525864838221 1.0493609141966407 1.0502692419094593 1.0511775696222778 1.0520858973350964 1.052994225047915 1.0539025527607333 1.0548108804735519 1.0557192081863704 1.056627535899189 1.0575358636120076 1.0584441913248277 1.0593525190376463 1.0602608467504646 1.0611691744632832 1.0620775021761018 1.0629858298889203 1.0638941576017389 1.0648024853145575 1.065710813027376 1.0666191407401944 1.067527468453013 1.0684357961658315
0.9976099771245921 1.0009352409663468 1.0042605048081015 1.0075857686498562 1.0109110324916109 1.0142362963333658 1.017561560175126 1.0208868240168807 1.0242120878586354 1.02753735170039 1.0308626155421448 1.0341878793838997 1.0375131432256544 1.040838407067409 1.0441636709091637 1.0474889347509184 1.0496073065487064 1.050435483443621 1.0512636603385352 1.0520918372334511 1.0529200141283654 1.05374819102328 1.0545763679181943 1.0554045448131089 1.0562327217080232 1.0570608986029377 1.057889075497852 1.0587172523927666 1.059545429287681 1.0603736061825955 1.0612017830775098 1.062029959972424 1.06285813686734 1.0636863137622545 1.0645144906571689 1.0653426675520834 1.0661708444469977 1.066999021341912 1.0678271982368266 1.068655375131741 1.0694835520266555 1.0703117289215698 1.0711399058164843 1.0719680827113987
1.0015664090369965 1.0050063021169893 1.0084461951969823 1.0118860882769753 1.0153259813569684 1.0187658744369614 1.0222057675169602 1.0256456605969533 1.0290855536769463 1.0325254467569394 1.0359653398369322 1.0394052329169252 1.0428451259969183 1.0462850190769113 1.0497249121569043 1.0531648052368974 1.055303665177685 1.0560516912546953 1.0567997173317056 1.0575477434087173 1.0582957694857276 1.0590437955627379 1.0597918216397482 1.0605398477167585 1.0612878737937688 1.062035899870779 1.0627839259477894 1.0635319520247997 1.06427997810181 1.0650280041788203 1.0657760302558306 1.0665240563328409 1.0672720824098525 1.0680201084868628 1.068768134563873 1.0695161606408834 1.0702641867178937 1.071012212794904 1.0717602388719143 1.0725082649489246 1.073256291025935 1.0740043171029452 1.0747523431799555 1.0755003692569658
1.0055228409494006 1.009077363267632 1.0126318855858631 1.0161864079040945 1.019740930222326 1.023295452540557 1.0268499748587945 1.0304044971770256 1.033959019495257 1.0375135418134884 1.0410680641317196 1.044622586449951 1.0481771087681822 1.0517316310864135 1.055286153404645 1.058840675722876 1.0610000238066635 1.0616678990657697 1.0623357743248758 1.0630036495839832 1.0636715248430895 1.0643394001021955 1.0650072753613018 1.065675150620408 1.0663430258795141 1.0670109011386204 1.0676787763977265 1.0683466516568327 1.069014526915939 1.069682402175045 1.0703502774341513 1.0710181526932576 1.0716860279523648 1.072353903211471 1.0730217784705773 1.0736896537296834 1.0743575289887897 1.0750254042478957 1.075693279507002 1.0763611547661083 1.0770290300252143 1.0776969052843206 1.0783647805434269 1.079032655802533
1.0094792728618083 1.013148424418278 1.0168175759747475 1.0204867275312173 1.024155879087687 1.0278250306441568 1.0314941822006327 1.0351633337571022 1.038832485313572 1.0425016368700417 1.0461707884265115 1.0498399399829812 1.0535090915394507 1.0571782430959205 1.0608473946523902 1.06451654620886 1.0666963824356468 1.0672841068768488 1.0678718313180509 1.068459555759254 1.069047280200456 1.0696350046416578 1.0702227290828599 1.070810453524062 1.071398177965264 1.071985902406466 1.072573626847668 1.07316135128887 1.073749075730072 1.074336800171274 1.0749245246124761 1.0755122490536781 1.076099973494881 1.076687697936083 1.0772754223772851 1.0778631468184872 1.0784508712596892 1.0790385957008912 1.079626320142093 1.080214044583295 1.080801769024497 1.0813894934656991 1.0819772179069012 1.0825649423481032
1.0134357047742124 1.0172194855689205 1.0210032663636284 1.0247870471583365 1.0285708279530446 1.0323546087477524 1.036138389542467 1.0399221703371748 1.043705951131883 1.0474897319265908 1.0512735127212989 1.0550572935160067 1.0588410743107148 1.0626248551054227 1.0664086359001308 1.0701924166948387 1.0723927410646255 1.0729003146879232 1.0734078883112212 1.07391546193452 1.074423035557818 1.0749306091811157 1.0754381828044137 1.0759457564277115 1.0764533300510095 1.0769609036743073 1.0774684772976053 1.077976050920903 1.078483624544201 1.0789911981674989 1.079498771790797 1.0800063454140947 1.0805139190373936 1.0810214926606914 1.0815290662839894 1.0820366399072872 1.0825442135305852 1.083051787153883 1.0835593607771807 1.0840669344004787 1.0845745080237765 1.0850820816470745 1.0855896552703723 1.0860972288936703
1.0173921366866168 1.0212905467195632 1.0251889567525094 1.0290873667854556 1.0329857768184019 1.0368841868513483 1.0407825968843012 1.0446810069172474 1.0485794169501936 1.0524778269831399 1.0563762370160863 1.0602746470490325 1.0641730570819787 1.068071467114925 1.0719698771478714 1.0758682871808176 1.078089099693604 1.0785165224989977 1.0789439453043914 1.079371368109786 1.0797987909151798 1.0802262137205736 1.0806536365259674 1.0810810593313611 1.0815084821367549 1.0819359049421486 1.0823633277475424 1.0827907505529362 1.08321817335833 1.083645596163724 1.0840730189691177 1.0845004417745114 1.0849278645799059 1.0853552873852996 1.0857827101906934 1.0862101329960872 1.086637555801481 1.0870649786068747 1.0874924014122687 1.0879198242176624 1.0883472470230562 1.08877466982845 1.0892020926338437 1.0896295154392375
1.0213485685990211 1.0253616078702057 1.0293746471413903 1.0333876864125748 1.0374007256837594 1.041413764954944 1.0454268042261354 1.04943984349732 1.0534528827685046 1.0574659220396891 1.0614789613108737 1.0654920005820583 1.0695050398532429 1.0735180791244274 1.077531118395612 1.0815441576667966 1.0837854583225826 1.084132730310072 1.0844800022975618 1.084827274285052 1.0851745462725417 1.0855218182600315 1.085869090247521 1.0862163622350107 1.0865636342225005 1.08691090620999 1.0872581781974797 1.0876054501849695 1.087952722172459 1.0882999941599487 1.0886472661474385 1.088994538134928 1.0893418101224184 1.089689082109908 1.0900363540973976 1.0903836260848874 1.0907308980723769 1.0910781700598666 1.0914254420473564 1.0917727140348459 1.0921199860223356 1.0924672580098254 1.0928145299973149 1.0931618019848046
1.021697509422355 1.025730438170004 1.0297633669176531 1.0337962956653022 1.0378292244129514 1.0418621531606005 1.0458950819082564 1.0499280106559055 1.0539609394035545 1.0579938681512036 1.0620267968988528 1.0660597256465019 1.070092654394151 1.0741255831418 1.078158511889449 1.082191440637098 1.0844129714217097 1.0846980767980423 1.084983182174375 1.0852682875507083 1.085553392927041 1.0858384983033735 1.0861236036797062 1.086408709056039 1.0866938144323717 1.0869789198087043 1.087264025185037 1.0875491305613698 1.0878342359377025 1.088119341314035 1.0884044466903677 1.0886895520667004 1.0889746574430337 1.0892597628193663 1.089544868195699 1.0898299735720316 1.0901150789483645 1.090400184324697 1.0906852897010297 1.0909703950773624 1.091255500453695 1.0915406058300279 1.0918257112063605 1.0921108165826932
1.0181902696803713 1.0221418170713505 1.0260933644623298 1.030044911853309 1.0339964592442883 1.0379480066352675 1.0418995540262534 1.0458511014172327 1.049802648808212 1.0537541961991912 1.0577057435901704 1.0616572909811497 1.065608838372129 1.0695603857631082 1.0735119331540874 1.0774634805450667 1.079622208179135 1.0798643709276357 1.0801065336761362 1.0803486964246372 1.0805908591731377 1.0808330219216384 1.081075184670139 1.0813173474186395 1.0815595101671402 1.0818016729156408 1.0820438356641413 1.082285998412642 1.0825281611611426 1.0827703239096431 1.0830124866581439 1.0832546494066444 1.0834968121551454 1.0837389749036461 1.0839811376521467 1.0842233004006472 1.084465463149148 1.0847076258976485 1.084949788646149 1.0851919513946497 1.0854341141431503 1.0856762768916508 1.0859184396401516 1.086160602388652
1.0146830299383844 1.018553195972694 1.0224233620070031 1.0262935280413124 1.0301636940756218 1.034033860109931 1.037904026144247 1.0417741921785564 1.0456443582128656 1.049514524247175 1.0533846902814843 1.0572548563157937 1.061125022350103 1.0649951883844122 1.0688653544187217 1.0727355204530309 1.074831444936556 1.0750306650572246 1.075229885177893 1.0754291052985618 1.0756283254192303 1.0758275455398987 1.0760267656605673 1.0762259857812357 1.0764252059019042 1.0766244260225728 1.0768236461432412 1.0770228662639096 1.0772220863845783 1.0774213065052467 1.0776205266259151 1.0778197467465838 1.0780189668672526 1.078218186987921 1.0784174071085895 1.078616627229258 1.0788158473499265 1.079015067470595 1.0792142875912636 1.079413507711932 1.0796127278326004 1.0798119479532688 1.0800111680739375 1.080210388194606
1.0111757901964007 1.0149645748740401 1.0187533595516796 1.0225421442293192 1.0263309289069587 1.030119713584598 1.033908498262244 1.0376972829398836 1.041486067617523 1.0452748522951625 1.049063636972802 1.0528524216504416 1.056641206328081 1.0604299910057204 1.0642187756833599 1.0680075603609993 1.0700406816939811 1.0701969591868177 1.070353236679654 1.0705095141724907 1.070665791665327 1.0708220691581636 1.070978346651 1.0711346241438364 1.0712909016366727 1.0714471791295093 1.0716034566223456 1.071759734115182 1.0719160116080184 1.072072289100855 1.0722285665936913 1.0723848440865276 1.0725411215793643 1.0726973990722009 1.0728536765650372 1.0730099540578735 1.07316623155071 1.0733225090435463 1.0734787865363828 1.0736350640292192 1.0737913415220557 1.073947619014892 1.0741038965077285 1.0742601740005648
1.007668550454417 1.0113759537753866 1.0150833570963562 1.0187907604173259 1.0224981637382955 1.0262055670592651 1.0299129703802412 1.0336203737012108 1.0373277770221805 1.0410351803431501 1.0447425836641198 1.0484499869850894 1.052157390306059 1.0558647936270287 1.0595721969479983 1.063279600268968 1.0652499184514066 1.0653632533164108 1.0654765881814152 1.0655899230464196 1.065703257911424 1.0658165927764283 1.0659299276414327 1.0660432625064369 1.0661565973714413 1.0662699322364457 1.06638326710145 1.0664966019664543 1.0666099368314585 1.066723271696463 1.0668366065614674 1.0669499414264716 1.0670632762914762 1.0671766111564804 1.0672899460214849 1.067403280886489 1.0675166157514935 1.0676299506164977 1.067743285481502 1.0678566203465065 1.0679699552115107 1.0680832900765151 1.0681966249415193 1.0683099598065238
1.0041613107124332 1.007787332676733 1.0114133546410329 1.0150393766053325 1.0186653985696323 1.0222914205339322 1.0259174424982382 1.029543464462538 1.0331694864268377 1.0367955083911375 1.0404215303554374 1.0440475523197372 1.047673574284037 1.0512995962483367 1.0549256182126365 1.0585516401769364 1.0604591552088318 1.060529547446004 1.0605999396831762 1.0606703319203485 1.0607407241575209 1.0608111163946932 1.0608815086318653 1.0609519008690376 1.0610222931062099 1.0610926853433822 1.0611630775805543 1.0612334698177266 1.061303862054899 1.061374254292071 1.0614446465292433 1.0615150387664156 1.061585431003588 1.0616558232407602 1.0617262154779326 1.0617966077151046 1.061866999952277 1.0619373921894493 1.0620077844266214 1.0620781766637937 1.062148568900966 1.062218961138138 1.0622893533753104 1.0623597456124827
1.0006540709704494 1.0041987115780793 1.0077433521857093 1.0112879927933394 1.0148326334009692 1.0183772740085992 1.0219219146162353 1.025466555223865 1.0290111958314951 1.0325558364391252 1.036100477046755 1.039645117654385 1.0431897582620149 1.046734398869645 1.050279039477275 1.0538236800849048 1.055668391966257 1.0556958415755973 1.0557232911849372 1.0557507407942777 1.0557781904036176 1.0558056400129578 1.055833089622298 1.0558605392316383 1.0558879888409785 1.0559154384503187 1.0559428880596586 1.0559703376689988 1.055997787278339 1.0560252368876792 1.0560526864970194 1.0560801361063596 1.0561075857156998 1.0561350353250398 1.05616248493438 1.0561899345437202 1.0562173841530604 1.0562448337624006 1.0562722833717408 1.0562997329810808 1.056327182590421 1.0563546321997612 1.0563820818091014 1.0564095314184416
0.9971468312284657 1.0006100904794257 1.004073349730386 1.007536608981346 1.010999868232306 1.0144631274832663 1.0179263867342323 1.0213896459851923 1.0248529052361526 1.0283161644871126 1.0317794237380729 1.0352426829890329 1.038705942239993 1.0421692014909532 1.0456324607419132 1.0490957199928734 1.0508776287236823 1.0508621357051904 1.0508466426866985 1.0508311496682066 1.0508156566497147 1.0508001636312225 1.0507846706127306 1.0507691775942387 1.0507536845757468 1.050738191557255 1.050722698538763 1.050707205520271 1.0506917125017792 1.0506762194832873 1.0506607264647954 1.0506452334463035 1.0506297404278115 1.0506142474093196 1.0505987543908275 1.0505832613723356 1.0505677683538437 1.0505522753353518 1.0505367823168599 1.050521289298368 1.050505796279876 1.0504903032613842 1.0504748102428922 1.0504593172244003
0.993639591486482 0.9970214693807722 1.0004033472750624 1.0037852251693526 1.007167103063643 1.0105489809579333 1.0139308588522293 1.0173127367465196 1.0206946146408098 1.0240764925351002 1.0274583704293905 1.0308402483236807 1.034222126217971 1.0376040041122612 1.0409858820065516 1.0443677599008419 1.0460868654811075 1.0460284298347835 1.0459699941884595 1.0459115585421355 1.0458531228958114 1.0457946872494874 1.0457362516031634 1.0456778159568394 1.0456193803105154 1.0455609446641914 1.0455025090178673 1.0454440733715433 1.0453856377252193 1.0453272020788953 1.0452687664325713 1.0452103307862473 1.0451518951399232 1.0450934594935992 1.0450350238472752 1.0449765882009512 1.0449181525546272 1.0448597169083031 1.0448012812619791 1.0447428456156553 1.0446844099693313 1.0446259743230073 1.0445675386766833 1.0445091030303593
0.9901323517444951 0.9934328482821154 0.9967333448197357 1.0000338413573562 1.0033343378949766 1.0066348344325968 1.0099353309702228 1.0132358275078432 1.0165363240454637 1.019836820583084 1.0231373171207043 1.0264378136583248 1.029738310195945 1.0330388067335654 1.0363393032711858 1.039639799808806 1.0412961022385285 1.0411947239643724 1.0410933456902163 1.04099196741606 1.040890589141904 1.040789210867748 1.0406878325935918 1.0405864543194356 1.0404850760452795 1.0403836977711234 1.0402823194969673 1.0401809412228111 1.040079562948655 1.0399781846744989 1.0398768064003427 1.0397754281261866 1.0396740498520303 1.0395726715778741 1.0394712933037182 1.039369915029562 1.039268536755406 1.0391671584812499 1.0390657802070937 1.0389644019329376 1.0388630236587815 1.0387616453846253 1.0386602671104692 1.038558888836313
0.9866251120025114 0.9898442271834619 0.9930633423644124 0.9962824575453628 0.9995015727263133 1.0027206879072639 1.0059398030882198 1.0091589182691705 1.012378033450121 1.0155971486310715 1.018816263812022 1.0220353789929726 1.025254494173923 1.0284736093548736 1.031692724535824 1.0349118397167747 1.0365053389959538 1.0363610180939655 1.0362166971919775 1.036072376289989 1.0359280553880008 1.0357837344860126 1.0356394135840243 1.035495092682036 1.035350771780048 1.0352064508780598 1.0350621299760716 1.0349178090740834 1.0347734881720951 1.034629167270107 1.0344848463681189 1.0343405254661306 1.0341962045641422 1.034051883662154 1.0339075627601657 1.0337632418581775 1.0336189209561895 1.0334746000542012 1.033330279152213 1.0331859582502247 1.0330416373482365 1.0328973164462485 1.0327529955442603 1.032608674642272
0.9831178722605276 0.9862556060848082 0.989393339909089 0.9925310737333696 0.9956688075576503 0.9988065413819309 1.0019442752062169 1.0050820090304977 1.0082197428547783 1.011357476679059 1.0144952105033398 1.0176329443276204 1.020770678151901 1.0239084119761817 1.0270461458004625 1.0301838796247431 1.031714575753379 1.0315273122235589 1.0313400486937385 1.031152785163918 1.0309655216340976 1.0307782581042773 1.0305909945744571 1.0304037310446368 1.0302164675148164 1.0300292039849963 1.029841940455176 1.0296546769253556 1.0294674133955355 1.0292801498657151 1.0290928863358948 1.0289056228060747 1.0287183592762539 1.0285310957464338 1.0283438322166134 1.028156568686793 1.027969305156973 1.0277820416271526 1.0275947780973322 1.0274075145675121 1.0272202510376918 1.0270329875078714 1.0268457239780513 1.026658460448231
