Figures/CREST_Example_wjb_NSE/PETs/wjb.pet.20100119.asc
ncols            288
nrows            254
xllcorner        113.274861
yllcorner        31.4918055
cellsize         0.008333333333
NODATA_value     -9999
[rows 152 to 170 of 254, columns 44 to 87 of 288]
0.7004114227289225 0.7031164405304652 0.7058214583320077 0.7085264761335504 0.7112314939350929 0.7139365117366354 0.7166415295381781 0.7193465473397206 0.7220515651412678 0.7247565829428104 0.727461600744353 0.7301666185458956 0.7328716363474381 0.7355766541489808 0.7382816719505233 0.7409866897520659 0.7436917075536085 0.7463967253551511 0.7491017431566936 0.7518067609582363 0.7545117787597788 0.757216796561326 0.7599218143628687 0.7626268321644112 0.7653318499659538 0.7680368677674964 0.770741885569039 0.7734469033705815 0.7759605415420243 0.7782695905625515 0.7805786395830787 0.7828876886036058 0.785196737624133 0.7875057866446602 0.7898148356651913 0.7921238846857184 0.7944329337062456 0.7967419827267727 0.7990510317472999 0.801360080767827 0.8036691297883541 0.8059781788088813 0.8082872278294084 0.8105962768499356
0.7017997432566383 0.7045241800038604 0.7072486167510825 0.7099730534983048 0.7126974902455269 0.715421926992749 0.7181463637399712 0.7208708004871933 0.7235952372344201 0.7263196739816422 0.7290441107288644 0.7317685474760866 0.7344929842233087 0.7372174209705309 0.739941857717753 0.7426662944649751 0.7453907312121973 0.7481151679594195 0.7508396047066416 0.7535640414538638 0.7562884782010859 0.7590129149483127 0.7617373516955348 0.764461788442757 0.7671862251899791 0.7699106619372013 0.7726350986844235 0.7753595354316456 0.7778473936400084 0.7800823440422224 0.7823172944444364 0.7845522448466504 0.7867871952488645 0.7890221456510785 0.7912570960532963 0.7934920464555103 0.7957269968577244 0.7979619472599384 0.8001968976621524 0.8024318480643664 0.8046667984665804 0.8069017488687944 0.8091366992710085 0.8113716496732225
0.703188063784354 0.7059319194772556 0.7086757751701573 0.7114196308630591 0.7141634865559608 0.7169073422488625 0.7196511979417642 0.7223950536346659 0.7251389093275724 0.7278827650204741 0.7306266207133758 0.7333704764062775 0.7361143320991792 0.738858187792081 0.7416020434849827 0.7443458991778844 0.7470897548707861 0.7498336105636878 0.7525774662565895 0.7553213219494913 0.758065177642393 0.7608090333352994 0.7635528890282011 0.7662967447211028 0.7690406004140046 0.7717844561069063 0.774528311799808 0.7772721674927097 0.7797342457379925 0.7818950975218933 0.7840559493057943 0.7862168010896952 0.788377652873596 0.7905385046574969 0.7926993564414014 0.7948602082253023 0.7970210600092031 0.799181911793104 0.801342763577005 0.8035036153609059 0.8056644671448067 0.8078253189287076 0.8099861707126085 0.8121470224965093
0.7045763843120696 0.7073396589506509 0.7101029335892322 0.7128662082278134 0.7156294828663947 0.718392757504976 0.7211560321435573 0.7239193067821386 0.7266825814207246 0.7294458560593059 0.7322091306978872 0.7349724053364685 0.7377356799750497 0.740498954613631 0.7432622292522123 0.7460255038907936 0.7487887785293749 0.7515520531679561 0.7543153278065374 0.7570786024451187 0.7598418770837 0.762605151722286 0.7653684263608673 0.7681317009994486 0.7708949756380299 0.7736582502766112 0.7764215249151925 0.7791847995537737 0.7816210978359766 0.7837078510015643 0.7857946041671521 0.7878813573327398 0.7899681104983275 0.7920548636639152 0.7941416168295066 0.7962283699950943 0.798315123160682 0.8004018763262697 0.8024886294918574 0.8045753826574452 0.8066621358230329 0.8087488889886206 0.8108356421542083 0.8129223953197962
0.7059647048397852 0.7087473984240461 0.711530092008307 0.7143127855925678 0.7170954791768287 0.7198781727610896 0.7226608663453504 0.7254435599296113 0.7282262535138769 0.7310089470981378 0.7337916406823985 0.7365743342666594 0.7393570278509203 0.7421397214351811 0.744922415019442 0.7477051086037029 0.7504878021879637 0.7532704957722246 0.7560531893564855 0.7588358829407463 0.7616185765250072 0.7644012701092728 0.7671839636935336 0.7699666572777945 0.7727493508620553 0.7755320444463162 0.778314738030577 0.7810974316148379 0.7835079499339608 0.7855206044812353 0.7875332590285099 0.7895459135757845 0.7915585681230591 0.7935712226703336 0.7955838772176117 0.7975965317648863 0.7996091863121609 0.8016218408594354 0.8036344954067101 0.8056471499539847 0.8076598045012593 0.8096724590485338 0.8116851135958084 0.813697768143083
0.7073530253675021 0.7101551378974426 0.712957250427383 0.7157593629573235 0.7185614754872639 0.7213635880172043 0.7241657005471448 0.7269678130770852 0.7297699256070305 0.7325720381369709 0.7353741506669114 0.7381762631968518 0.7409783757267923 0.7437804882567327 0.7465826007866732 0.7493847133166136 0.752186825846554 0.7549889383764945 0.7577910509064348 0.7605931634363753 0.7633952759663157 0.766197388496261 0.7689995010262014 0.7718016135561419 0.7746037260860823 0.7774058386160227 0.7802079511459632 0.7830100636759036 0.7853948020319464 0.7873333579609079 0.7892719138898692 0.7912104698188306 0.793149025747792 0.7950875816767534 0.797026137605718 0.7989646935346795 0.8009032494636409 0.8028418053926022 0.8047803613215636 0.806718917250525 0.8086574731794864 0.8105960291084477 0.8125345850374092 0.8144731409663706
0.7087413458952179 0.7115628773708379 0.7143844088464578 0.7172059403220779 0.7200274717976979 0.7228490032733179 0.725670534748938 0.7284920662245579 0.7313135977001828 0.7341351291758027 0.7369566606514227 0.7397781921270428 0.7425997236026628 0.7454212550782828 0.7482427865539028 0.7510643180295228 0.7538858495051428 0.7567073809807628 0.7595289124563829 0.7623504439320028 0.7651719754076228 0.7679935068832476 0.7708150383588677 0.7736365698344877 0.7764581013101077 0.7792796327857276 0.7821011642613477 0.7849226957369677 0.7872816541299306 0.7891461114405788 0.791010568751227 0.7928750260618752 0.7947394833725235 0.7966039406831718 0.7984683979938232 0.8003328553044714 0.8021973126151196 0.8040617699257678 0.8059262272364162 0.8077906845470644 0.8096551418577126 0.8115195991683608 0.8133840564790091 0.8152485137896573
0.7101296664229335 0.7129706168442331 0.7158115672655327 0.7186525176868322 0.7214934681081319 0.7243344185294315 0.727175368950731 0.7300163193720306 0.732857269793335 0.7356982202146346 0.7385391706359341 0.7413801210572337 0.7442210714785333 0.7470620218998328 0.7499029723211325 0.7527439227424321 0.7555848731637316 0.7584258235850312 0.7612667740063308 0.7641077244276303 0.7669486748489299 0.7697896252702343 0.7726305756915339 0.7754715261128335 0.778312476534133 0.7811534269554327 0.7839943773767322 0.7868353277980318 0.7891685062279146 0.7909588649202497 0.7927492236125848 0.7945395823049198 0.796329940997255 0.7981202996895901 0.7999106583819282 0.8017010170742633 0.8034913757665985 0.8052817344589336 0.8070720931512687 0.8088624518436037 0.8106528105359389 0.812443169228274 0.8142335279206091 0.8160238866129442
0.7115179869506493 0.7143783563176285 0.7172387256846076 0.7200990950515868 0.7229594644185658 0.725819833785545 0.7286802031525241 0.7315405725195033 0.7344009418864873 0.7372613112534665 0.7401216806204456 0.7429820499874248 0.7458424193544039 0.7487027887213831 0.7515631580883622 0.7544235274553414 0.7572838968223204 0.7601442661892996 0.7630046355562787 0.7658650049232579 0.768725374290237 0.7715857436572211 0.7744461130242002 0.7773064823911794 0.7801668517581586 0.7830272211251377 0.7858875904921168 0.788747959859096 0.7910553583258988 0.7927716183999207 0.7944878784739426 0.7962041385479647 0.7979203986219866 0.7996366586960085 0.8013529187700335 0.8030691788440554 0.8047854389180774 0.8065016989920993 0.8082179590661213 0.8099342191401433 0.8116504792141652 0.8133667392881871 0.8150829993622091 0.8167992594362311
0.712906307478365 0.7157860957910237 0.7186658841036824 0.7215456724163412 0.7244254607289998 0.7273052490416585 0.7301850373543173 0.733064825666976 0.7359446139796396 0.7388244022922983 0.7417041906049571 0.7445839789176157 0.7474637672302744 0.7503435555429332 0.7532233438555919 0.7561031321682505 0.7589829204809093 0.761862708793568 0.7647424971062267 0.7676222854188854 0.7705020737315441 0.7733818620442078 0.7762616503568665 0.7791414386695252 0.7820212269821839 0.7849010152948426 0.7877808036075014 0.79066059192016 0.7929422104238828 0.7945843718795916 0.7962265333353005 0.7978686947910093 0.7995108562467181 0.801153017702427 0.8027951791581386 0.8044373406138474 0.8060795020695561 0.807721663525265 0.8093638249809738 0.8110059864366826 0.8126481478923915 0.8142903093481003 0.8159324708038092 0.8175746322595179
0.7142946280060806 0.7171938352644188 0.7200930425227572 0.7229922497810954 0.7258914570394337 0.728790664297772 0.7316898715561103 0.7345890788144486 0.7374882860727918 0.7403874933311301 0.7432867005894683 0.7461859078478066 0.749085115106145 0.7519843223644832 0.7548835296228215 0.7577827368811598 0.7606819441394981 0.7635811513978363 0.7664803586561746 0.7693795659145128 0.7722787731728512 0.7751779804311945 0.7780771876895327 0.780976394947871 0.7838756022062092 0.7867748094645475 0.7896740167228858 0.7925732239812241 0.7948290625218669 0.7963971253592625 0.7979651881966583 0.7995332510340539 0.8011013138714496 0.8026693767088453 0.8042374395462436 0.8058055023836393 0.807373565221035 0.8089416280584306 0.8105096908958264 0.812077753733222 0.8136458165706177 0.8152138794080134 0.816781942245409 0.8183500050828048
0.7156829485337975 0.7186015747378154 0.7215202009418333 0.7244388271458512 0.727357453349869 0.7302760795538868 0.7331947057579048 0.7361133319619226 0.7390319581659455 0.7419505843699633 0.7448692105739813 0.7477878367779991 0.7507064629820169 0.7536250891860348 0.7565437153900527 0.7594623415940706 0.7623809677980884 0.7652995940021062 0.7682182202061242 0.771136846410142 0.7740554726141599 0.7769740988181827 0.7798927250222006 0.7828113512262185 0.7857299774302363 0.7886486036342542 0.7915672298382721 0.7944858560422899 0.7967159146198527 0.7982098788389351 0.7997038430580177 0.8011978072771001 0.8026917714961825 0.8041857357152651 0.8056796999343501 0.8071736641534325 0.808667628372515 0.8101615925915975 0.8116555568106799 0.8131495210297625 0.8146434852488449 0.8161374494679273 0.8176314136870099 0.8191253779060923
0.7170712690615132 0.7200093142112106 0.722947359360908 0.7258854045106055 0.7288234496603029 0.7317614948100003 0.7346995399596978 0.7376375851093953 0.7405756302590977 0.7435136754087951 0.7464517205584925 0.74938976570819 0.7523278108578875 0.7552658560075849 0.7582039011572823 0.7611419463069797 0.7640799914566772 0.7670180366063746 0.769956081756072 0.7728941269057695 0.775832172055467 0.7787702172051694 0.7817082623548668 0.7846463075045642 0.7875843526542616 0.7905223978039592 0.7934604429536566 0.796398488103354 0.7986027667178368 0.800022632318606 0.8014424979193754 0.8028623635201447 0.8042822291209141 0.8057020947216834 0.8071219603224552 0.8085418259232245 0.8099616915239939 0.8113815571247631 0.8128014227255325 0.8142212883263018 0.8156411539270711 0.8170610195278405 0.8184808851286098 0.8199007507293792
0.7184595895892288 0.7214170536846058 0.7243745177799829 0.7273319818753599 0.7302894459707369 0.7332469100661139 0.7362043741614909 0.7391618382568679 0.74211930235225 0.745076766447627 0.748034230543004 0.750991694638381 0.753949158733758 0.756906622829135 0.759864086924512 0.762821551019889 0.765779015115266 0.768736479210643 0.77169394330602 0.774651407401397 0.777608871496774 0.780566335592156 0.783523799687533 0.7864812637829101 0.7894387278782871 0.7923961919736641 0.7953536560690411 0.7983111201644181 0.8004896188158208 0.8018353857982771 0.8031811527807332 0.8045269197631894 0.8058726867456456 0.8072184537281017 0.8085642207105602 0.8099099876930165 0.8112557546754726 0.8126015216579289 0.813947288640385 0.8152930556228413 0.8166388226052974 0.8179845895877537 0.8193303565702098 0.820676123552666
0.7198479101169446 0.7228247931580012 0.7258016761990578 0.7287785592401143 0.7317554422811708 0.7347323253222274 0.737709208363284 0.7406860914043406 0.7436629744454022 0.7466398574864588 0.7496167405275154 0.752593623568572 0.7555705066096285 0.758547389650685 0.7615242726917416 0.7645011557327982 0.7674780387738548 0.7704549218149114 0.773431804855968 0.7764086878970244 0.779385570938081 0.7823624539791427 0.7853393370201993 0.7883162200612559 0.7912931031023124 0.794269986143369 0.7972468691844256 0.8002237522254821 0.8023764709138049 0.803648139277948 0.804919807642091 0.8061914760062341 0.8074631443703771 0.8087348127345201 0.8100064810986654 0.8112781494628084 0.8125498178269515 0.8138214861910945 0.8150931545552376 0.8163648229193806 0.8176364912835237 0.8189081596476667 0.8201798280118098 0.8214514963759528
0.7212362306446602 0.7242325326313964 0.7272288346181326 0.7302251366048688 0.7332214385916048 0.736217740578341 0.7392140425650772 0.7422103445518132 0.7452066465385545 0.7482029485252907 0.7511992505120269 0.7541955524987629 0.7571918544854991 0.7601881564722353 0.7631844584589714 0.7661807604457075 0.7691770624324437 0.7721733644191798 0.7751696664059159 0.7781659683926521 0.7811622703793882 0.7841585723661295 0.7871548743528656 0.7901511763396017 0.7931474783263379 0.796143780313074 0.7991400822998102 0.8021363842865463 0.804263323011789 0.805460892757619 0.8066584625034489 0.8078560322492788 0.8090536019951087 0.8102511717409386 0.8114487414867705 0.8126463112326004 0.8138438809784303 0.8150414507242603 0.8162390204700901 0.8174365902159201 0.8186341599617499 0.8198317297075799 0.8210292994534097 0.8222268691992397
0.722624551172376 0.7256402721047918 0.7286559930372074 0.7316717139696232 0.7346874349020388 0.7377031558344546 0.7407188767668702 0.743734597699286 0.7467503186317068 0.7497660395641225 0.7527817604965382 0.755797481428954 0.7588132023613696 0.7618289232937854 0.764844644226201 0.7678603651586168 0.7708760860910324 0.7738918070234482 0.7769075279558639 0.7799232488882796 0.7829389698206953 0.7859546907531161 0.7889704116855318 0.7919861326179476 0.7950018535503632 0.798017574482779 0.8010332954151946 0.8040490163476104 0.8061501751097732 0.8072736462372899 0.8083971173648067 0.8095205884923234 0.8106440596198402 0.811767530747357 0.8128910018748756 0.8140144730023924 0.8151379441299091 0.8162614152574259 0.8173848863849427 0.8185083575124594 0.8196318286399762 0.820755299767493 0.8218787708950097 0.8230022420225265
0.7240128717000918 0.727048011578187 0.7300831514562822 0.7331182913343776 0.7361534312124728 0.7391885710905681 0.7422237109686634 0.7452588508467586 0.748293990724859 0.7513291306029544 0.7543642704810496 0.7573994103591449 0.7604345502372402 0.7634696901153355 0.7665048299934307 0.769539969871526 0.7725751097496213 0.7756102496277165 0.7786453895058119 0.7816805293839071 0.7847156692620023 0.7877508091401029 0.7907859490181981 0.7938210888962933 0.7968562287743887 0.7998913686524839 0.8029265085305792 0.8059616484086745 0.8080370272077572 0.8090863997169608 0.8101357722261645 0.8111851447353681 0.8122345172445717 0.8132838897537753 0.8143332622629808 0.8153826347721844 0.816432007281388 0.8174813797905917 0.8185307522997952 0.8195801248089989 0.8206294973182024 0.8216788698274061 0.8227282423366098 0.8237776148458134
0.7254011922278085 0.7284557510515834 0.7315103098753583 0.7345648686991332 0.737619427522908 0.7406739863466829 0.7437285451704577 0.7467831039942325 0.7498376628180127 0.7528922216417875 0.7559467804655624 0.7590013392893372 0.762055898113112 0.765110456936887 0.7681650157606618 0.7712195745844367 0.7742741334082115 0.7773286922319864 0.7803832510557612 0.783437809879536 0.786492368703311 0.789546927527091 0.7926014863508659 0.7956560451746407 0.7987106039984156 0.8017651628221905 0.8048197216459654 0.8078742804697402 0.8099238793057429 0.8108991531966333 0.8118744270875238 0.8128497009784141 0.8138249748693046 0.814800248760195 0.8157755226510871 0.8167507965419775 0.8177260704328679 0.8187013443237583 0.8196766182146488 0.8206518921055391 0.8216271659964296 0.8226024398873201 0.8235777137782104 0.8245529876691009
