Figures/CREST_Example_wjb_NSE/PETs/wjb.pet.20101012.asc
ncols            288
nrows            254
xllcorner        113.274861
yllcorner        31.4918055
cellsize         0.008333333333
NODATA_value     -9999
[rows 100 to 119 of 254, columns 176 to 219 of 288]
1.0448642314606538 1.0448420772916098 1.0448199231225657 1.0447977689535217 1.0447756147844776 1.0447534606154336 1.0447313064463895 1.0447091522773455 1.0446869981083013 1.0446648439392574 1.0446426897702135 1.0446205356011693 1.0445983814321254 1.0445762272630812 1.0445540730940372 1.044531918924993 1.0454534950927445 1.0473839403439469 1.0493143855951492 1.051244830846355 1.0531752760975572 1.0551057213487594 1.0570361665999617 1.058966611851164 1.0608970571023664 1.0628275023535687 1.064757947604771 1.0666883928559732 1.0686188381071755 1.0705492833583778 1.0724797286095802 1.0744101738607825 1.076340619111988 1.0782710643631903 1.0802015096143927 1.082131954865595 1.0840624001167973 1.0859928453679997 1.0879232906192018 1.0898537358704041 1.0917841811216065 1.0937146263728088 1.0956450716240111 1.0975755168752135
1.0546965646334774 1.0545989338418948 1.0545013030503123 1.0544036722587298 1.0543060414671472 1.0542084106755647 1.0541107798839822 1.0540131490923996 1.053915518300817 1.0538178875092346 1.053720256717652 1.0536226259260695 1.0535249951344872 1.0534273643429046 1.053329733551322 1.0532321027597396 1.0540867109830088 1.0559592842590937 1.0578318575351784 1.0597044308112664 1.0615770040873513 1.0634495773634363 1.065322150639521 1.0671947239156059 1.0690672971916906 1.0709398704677755 1.0728124437438602 1.0746850170199451 1.07655759029603 1.0784301635721147 1.0803027368481997 1.0821753101242844 1.0840478834003724 1.0859204566764573 1.0877930299525422 1.089665603228627 1.0915381765047119 1.0934107497807966 1.0952833230568815 1.0971558963329664 1.099028469609051 1.100901042885136 1.1027736161612207 1.1046461894373056
1.064528897806301 1.06435579039218 1.064182682978059 1.064009575563938 1.063836468149817 1.063663360735696 1.0634902533215747 1.0633171459074537 1.0631440384933328 1.0629709310792117 1.0627978236650908 1.0626247162509699 1.0624516088368487 1.0622785014227278 1.062105394008607 1.0619322865944858 1.062719926873273 1.0645346281742403 1.0663493294752078 1.0681640307761782 1.0699787320771454 1.071793433378113 1.0736081346790802 1.0754228359800475 1.077237537281015 1.0790522385819823 1.0808669398829496 1.082681641183917 1.0844963424848844 1.0863110437858516 1.0881257450868191 1.0899404463877864 1.0917551476887568 1.0935698489897243 1.0953845502906916 1.097199251591659 1.0990139528926264 1.1008286541935937 1.1026433554945612 1.1044580567955284 1.1062727580964957 1.1080874593974632 1.1099021606984305 1.1117168619993978
1.0743612309791244 1.0741126469424649 1.0738640629058056 1.073615478869146 1.0733668948324866 1.073118310795827 1.0728697267591671 1.0726211427225079 1.0723725586858484 1.0721239746491888 1.0718753906125293 1.0716268065758698 1.0713782225392103 1.071129638502551 1.0708810544658915 1.070632470429232 1.071353142763537 1.0731099720893869 1.0748668014152367 1.0766236307410897 1.0783804600669396 1.0801372893927894 1.0818941187186393 1.0836509480444891 1.085407777370339 1.087164606696189 1.088921436022039 1.0906782653478888 1.0924350946737387 1.0941919239995885 1.0959487533254384 1.0977055826512883 1.0994624119771412 1.101219241302991 1.102976070628841 1.104732899954691 1.106489729280541 1.1082465586063908 1.1100033879322406 1.1117602172580905 1.1135170465839404 1.1152738759097902 1.1170307052356403 1.1187875345614902
1.084193564151948 1.0838695034927501 1.0835454428335523 1.0832213821743542 1.0828973215151563 1.0825732608559584 1.0822492001967599 1.081925139537562 1.0816010788783639 1.081277018219166 1.0809529575599681 1.08062889690077 1.0803048362415721 1.0799807755823743 1.0796567149231764 1.0793326542639783 1.0799863586538012 1.0816853160045334 1.0833842733552659 1.0850832307060012 1.0867821880567337 1.088481145407466 1.0901801027581985 1.091879060108931 1.0935780174596634 1.0952769748103959 1.0969759321611283 1.0986748895118608 1.100373846862593 1.1020728042133254 1.1037717615640579 1.1054707189147903 1.1071696762655256 1.108868633616258 1.1105675909669905 1.112266548317723 1.1139655056684554 1.1156644630191879 1.1173634203699203 1.1190623777206525 1.120761335071385 1.1224602924221174 1.1241592497728499 1.1258582071235823
1.09402589732478 1.0936263600430436 1.0932268227613071 1.0928272854795706 1.0924277481978342 1.0920282109160977 1.0916286736343606 1.091229136352624 1.0908295990708876 1.0904300617891511 1.0900305245074147 1.0896309872256782 1.0892314499439417 1.0888319126622052 1.0884323753804688 1.0880328380987323 1.0886195745440728 1.0902606599196878 1.0919017452953026 1.0935428306709203 1.095183916046535 1.0968250014221501 1.098466086797765 1.10010717217338 1.1017482575489947 1.1033893429246096 1.1050304283002246 1.1066715136758394 1.1083125990514544 1.1099536844270692 1.111594769802684 1.113235855178299 1.1148769405539167 1.1165180259295315 1.1181591113051466 1.1198001966807614 1.1214412820563762 1.1230823674319912 1.124723452807606 1.126364538183221 1.1280056235588358 1.1296467089344506 1.1312877943100657 1.1329288796856805
1.1038582304976035 1.1033832165933286 1.1029082026890535 1.1024331887847787 1.1019581748805036 1.1014831609762288 1.101008147071953 1.100533133167678 1.1000581192634031 1.099583105359128 1.0991080914548532 1.0986330775505782 1.0981580636463033 1.0976830497420282 1.0972080358377534 1.0967330219334783 1.0972527904343368 1.0988360038348342 1.1004192172353315 1.1020024306358318 1.1035856440363292 1.1051688574368266 1.106752070837324 1.1083352842378213 1.109918497638319 1.1115017110388163 1.1130849244393137 1.1146681378398111 1.1162513512403085 1.117834564640806 1.1194177780413035 1.1210009914418009 1.122584204842301 1.1241674182427985 1.125750631643296 1.1273338450437933 1.1289170584442907 1.130500271844788 1.1320834852452855 1.133666698645783 1.1352499120462805 1.1368331254467778 1.1384163388472752 1.1399995522477726
1.113690563670427 1.1131400731436136 1.1125895826168002 1.1120390920899867 1.1114886015631733 1.11093811103636 1.1103876205095455 1.109837129982732 1.1092866394559187 1.1087361489291054 1.108185658402292 1.1076351678754786 1.1070846773486651 1.1065341868218517 1.1059836962950382 1.1054332057682248 1.105886006324601 1.107411347749981 1.108936689175361 1.1104620306007433 1.1119873720261233 1.1135127134515033 1.1150380548768832 1.1165633963022632 1.1180887377276432 1.1196140791530231 1.121139420578403 1.122664762003783 1.124190103429163 1.125715444854543 1.127240786279923 1.128766127705303 1.1302914691306853 1.1318168105560653 1.1333421519814453 1.1348674934068252 1.1363928348322052 1.1379181762575852 1.1394435176829651 1.1409688591083451 1.142494200533725 1.144019541959105 1.145544883384485 1.147070224809865
1.1235228968432507 1.1228969296938989 1.1222709625445468 1.121644995395195 1.1210190282458432 1.1203930610964912 1.1197670939471382 1.1191411267977864 1.1185151596484344 1.1178891924990826 1.1172632253497305 1.1166372582003787 1.116011291051027 1.1153853239016749 1.114759356752323 1.114133389602971 1.1145192222148652 1.1159866916651275 1.11745416111539 1.118921630565655 1.1203891000159176 1.12185656946618 1.1233240389164425 1.124791508366705 1.1262589778169674 1.12772644726723 1.1291939167174925 1.130661386167755 1.1321288556180173 1.13359632506828 1.1350637945185424 1.1365312639688048 1.1379987334190698 1.1394662028693323 1.1409336723195949 1.1424011417698574 1.1438686112201197 1.1453360806703823 1.1468035501206448 1.1482710195709072 1.1497384890211697 1.1512059584714323 1.1526734279216948 1.1541408973719571
1.1333552300160743 1.132653786244184 1.1319523424722935 1.1312508987004033 1.1305494549285129 1.1298480111566225 1.129146567384731 1.1284451236128406 1.1277436798409501 1.1270422360690597 1.1263407922971693 1.125639348525279 1.1249379047533885 1.1242364609814983 1.123535017209608 1.1228335734377175 1.1231524381051292 1.1245620355802743 1.1259716330554193 1.1273812305305668 1.1287908280057117 1.1302004254808566 1.1316100229560018 1.1330196204311467 1.1344292179062918 1.1358388153814367 1.1372484128565818 1.1386580103317268 1.1400676078068719 1.1414772052820168 1.142886802757162 1.1442964002323068 1.1457059977074542 1.1471155951825993 1.1485251926577442 1.1499347901328894 1.1513443876080343 1.1527539850831794 1.1541635825583243 1.1555731800334694 1.1569827775086143 1.1583923749837595 1.1598019724589044 1.1612115699340495
1.143187563188898 1.1424106427944691 1.1416337224000401 1.1408568020056113 1.1400798816111826 1.1393029612167536 1.1385260408223234 1.1377491204278947 1.1369722000334659 1.1361952796390369 1.135418359244608 1.1346414388501793 1.1338645184557503 1.1330875980613215 1.1323106776668928 1.1315337572724637 1.1317856539953934 1.133137379495421 1.1344891049954486 1.1358408304954783 1.1371925559955058 1.1385442814955335 1.139896006995561 1.1412477324955885 1.142599457995616 1.1439511834956437 1.1453029089956712 1.1466546344956987 1.1480063599957262 1.1493580854957537 1.1507098109957814 1.152061536495809 1.1534132619958388 1.1547649874958663 1.1561167129958938 1.1574684384959213 1.1588201639959488 1.1601718894959765 1.161523614996004 1.1628753404960315 1.164227065996059 1.1655787914960867 1.1669305169961142 1.1682822424961417
1.15301989636173 1.1521674993447626 1.151315102327795 1.1504627053108276 1.1496103082938602 1.1487579112768929 1.1479055142599242 1.1470531172429568 1.1462007202259892 1.1453483232090218 1.1444959261920544 1.143643529175087 1.1427911321581197 1.1419387351411523 1.141086338124185 1.1402339411072175 1.140418869885665 1.141712723410575 1.143006576935485 1.1443004304603972 1.1455942839853073 1.1468881375102173 1.1481819910351272 1.1494758445600373 1.1507696980849473 1.1520635516098574 1.1533574051347675 1.1546512586596773 1.1559451121845874 1.1572389657094975 1.1585328192344075 1.1598266727593176 1.1611205262842297 1.1624143798091398 1.1637082333340498 1.16500208685896 1.1662959403838697 1.1675897939087798 1.1688836474336899 1.1701775009586 1.17147135448351 1.1727652080084199 1.17405906153333 1.17535291505824
1.1628522295345534 1.1619243558950476 1.1609964822555416 1.160068608616036 1.15914073497653 1.1582128613370242 1.1572849876975166 1.1563571140580107 1.155429240418505 1.154501366778999 1.1535734931394932 1.1526456194999872 1.1517177458604815 1.1507898722209755 1.1498619985814698 1.1489341249419638 1.1490520857759292 1.1502880673257216 1.1515240488755143 1.152760030425309 1.1539960119751014 1.155231993524894 1.1564679750746865 1.1577039566244791 1.1589399381742715 1.1601759197240642 1.1614119012738569 1.1626478828236493 1.163883864373442 1.1651198459232344 1.166355827473027 1.1675918090228194 1.168827790572614 1.1700637721224068 1.1712997536721992 1.1725357352219918 1.1737717167717845 1.175007698321577 1.1762436798713696 1.177479661421162 1.1787156429709547 1.179951624520747 1.1811876060705397 1.1824235876203322
1.172684562707377 1.1716812124453326 1.1706778621832883 1.169674511921244 1.1686711616591996 1.1676678113971553 1.1666644611351094 1.165661110873065 1.1646577606110207 1.1636544103489763 1.162651060086932 1.1616477098248876 1.1606443595628433 1.159641009300799 1.1586376590387546 1.1576343087767103 1.1576853016661932 1.1588634112408684 1.1600415208155435 1.1612196303902205 1.1623977399648957 1.1635758495395707 1.1647539591142457 1.165932068688921 1.167110178263596 1.168288287838271 1.169466397412946 1.1706445069876212 1.1718226165622962 1.1730007261369713 1.1741788357116465 1.1753569452863215 1.1765350548609985 1.1777131644356738 1.1788912740103488 1.1800693835850238 1.181247493159699 1.182425602734374 1.183603712309049 1.1847818218837243 1.1859599314583993 1.1871380410330743 1.1883161506077493 1.1894942601824245
1.1825168958802004 1.1814380689956177 1.180359242111035 1.179280415226452 1.1782015883418693 1.1771227614572863 1.1760439345727016 1.174965107688119 1.1738862808035362 1.1728074539189532 1.1717286270343705 1.1706498001497876 1.1695709732652049 1.168492146380622 1.1674133194960392 1.1663344926114563 1.1663185175564572 1.1674387551560148 1.1685589927555724 1.169679230355132 1.1707994679546896 1.1719197055542472 1.1730399431538048 1.1741601807533624 1.1752804183529202 1.1764006559524778 1.1775208935520354 1.178641131151593 1.1797613687511506 1.1808816063507082 1.1820018439502658 1.1831220815498233 1.184242319149383 1.1853625567489405 1.1864827943484981 1.1876030319480557 1.1887232695476133 1.189843507147171 1.1909637447467287 1.1920839823462863 1.193204219945844 1.1943244575454015 1.195444695144959 1.1965649327445167
1.192349229053024 1.1911949255459027 1.1900406220387816 1.1888863185316603 1.187732015024539 1.1865777115174176 1.1854234080102943 1.184269104503173 1.1831148009960517 1.1819604974889304 1.180806193981809 1.179651890474688 1.1784975869675667 1.1773432834604454 1.176188979953324 1.1750346764462027 1.1749517334467214 1.1760140990711616 1.1770764646956018 1.1781388303200437 1.179201195944484 1.1802635615689239 1.181325927193364 1.1823882928178042 1.1834506584422444 1.1845130240666846 1.1855753896911247 1.186637755315565 1.1877001209400049 1.188762486564445 1.1898248521888852 1.1908872178133254 1.1919495834377674 1.1930119490622075 1.1940743146866477 1.1951366803110879 1.1961990459355278 1.197261411559968 1.1983237771844082 1.1993861428088484 1.2004485084332885 1.2015108740577287 1.202573239682169 1.2036356053066088
1.2021815622258476 1.200951782096188 1.1997220019665282 1.1984922218368683 1.1972624417072086 1.1960326615775487 1.194802881447887 1.1935731013182271 1.1923433211885675 1.1911135410589078 1.1898837609292479 1.1886539807995882 1.1874242006699283 1.1861944205402686 1.184964640410609 1.183734860280949 1.1835849493369857 1.1845894429863082 1.185593936635631 1.1865984302849553 1.187602923934278 1.1886074175836008 1.1896119112329233 1.190616404882246 1.1916208985315686 1.1926253921808914 1.1936298858302141 1.1946343794795367 1.1956388731288594 1.196643366778182 1.1976478604275047 1.1986523540768275 1.1996568477261518 1.2006613413754745 1.201665835024797 1.2026703286741198 1.2036748223234426 1.2046793159727651 1.2056838096220879 1.2066883032714104 1.2076927969207332 1.208697290570056 1.2097017842193785 1.2107062778687012
1.2120138953986712 1.210708638646473 1.2094033818942749 1.2080981251420766 1.2067928683898783 1.20548761163768 1.2041823548854795 1.2028770981332813 1.2015718413810832 1.200266584628885 1.1989613278766866 1.1976560711244884 1.19635081437229 1.1950455576200918 1.1937403008678937 1.1924350441156955 1.1922181652272497 1.193164786901455 1.1941114085756601 1.195058030249867 1.1960046519240721 1.1969512735982775 1.1978978952724826 1.1988445169466877 1.199791138620893 1.2007377602950982 1.2016843819693035 1.2026310036435086 1.2035776253177137 1.204524246991919 1.2054708686661242 1.2064174903403293 1.2073641120145362 1.2083107336887413 1.2092573553629467 1.2102039770371518 1.211150598711357 1.2120972203855622 1.2130438420597673 1.2139904637339727 1.2149370854081778 1.215883707082383 1.2168303287565883 1.2177769504307934
1.2194339226001532 1.2181872816026877 1.2169406406052221 1.2156939996077567 1.2144473586102913 1.2132007176128257 1.211954076615358 1.2107074356178926 1.2094607946204272 1.2082141536229616 1.2069675126254962 1.2057208716280308 1.2044742306305651 1.2032275896330997 1.2019809486356343 1.2007343076381687 1.2005016597049232 1.2013529933005525 1.2022043268961815 1.2030556604918121 1.2039069940874414 1.2047583276830705 1.2056096612786997 1.2064609948743288 1.207312328469958 1.2081636620655871 1.2090149956612164 1.2098663292568455 1.2107176628524747 1.2115689964481038 1.212420330043733 1.2132716636393623 1.214122997234993 1.214974330830622 1.2158256644262513 1.2166769980218803 1.2175283316175096 1.2183796652131387 1.219230998808768 1.220082332404397 1.2209336660000263 1.2217849995956553 1.2226363331912846 1.2234876667869137
1.224275346797511 1.2232306578524814 1.2221859689074521 1.2211412799624226 1.2200965910173933 1.2190519020723638 1.2180072131273327 1.2169625241823032 1.215917835237274 1.2148731462922446 1.2138284573472151 1.2127837684021858 1.2117390794571563 1.210694390512127 1.2096497015670975 1.2086050126220682 1.2084113240400456 1.2091273741013289 1.2098434241626124 1.210559474223897 1.2112755242851803 1.2119915743464635 1.212707624407747 1.2134236744690303 1.2141397245303136 1.214855774591597 1.2155718246528804 1.2162878747141637 1.2170039247754472 1.2177199748367304 1.2184360248980137 1.2191520749592972 1.2198681250205818 1.2205841750818651 1.2213002251431484 1.222016275204432 1.2227323252657152 1.2234483753269985 1.224164425388282 1.2248804754495652 1.2255965255108485 1.226312575572132 1.2270286256334153 1.2277446756946986
