Figures/CREST_Example_wjb_NSE/PETs/wjb.pet.20090316.asc
ncols            288
nrows            254
xllcorner        113.274861
yllcorner        31.4918055
cellsize         0.008333333333
NODATA_value     -9999
[rows 80 to 99 of 254, columns 88 to 131 of 288]
1.8379071687490567 1.8377586523204401 1.8376101358918233 1.8374616194632063 1.8373131030345897 1.837164586605973 1.8370160701773564 1.8368675537487396 1.8367190373201228 1.8365705208915062 1.8364220044628894 1.8362734880342728 1.836124971605656 1.8359764551770392 1.8353497058760406 1.8342117148210477 1.8330737237660528 1.83193573271106 1.830797741656067 1.829659750601074 1.828521759546081 1.827383768491088 1.8262457774360952 1.8251077863811023 1.8239697953261094 1.8228318042711165 1.8216938132161236 1.8205558221611307 1.8194178311061375 1.8182798400511428 1.8171418489961497 1.8160038579411568 1.814865866886164 1.813727875831171 1.812589884776178 1.8114518937211852 1.8103139026661923 1.8091759116111994 1.8080379205562063 1.8068999295012134 1.8057619384462205 1.8046239473912276 1.8034859563362327 1.8023479652812398
1.8399530070648376 1.8397113494007582 1.8394696917366786 1.8392280340725988 1.8389863764085193 1.83874471874444 1.8385030610803603 1.838261403416281 1.8380197457522014 1.837778088088122 1.8375364304240425 1.8372947727599631 1.8370531150958835 1.8368114574318042 1.836149948855597 1.835039610160994 1.8339292714663888 1.8328189327717859 1.8317085940771827 1.8305982553825795 1.8294879166879765 1.8283775779933733 1.82726723929877 1.826156900604167 1.825046561909564 1.8239362232149607 1.8228258845203575 1.8217155458257546 1.8206052071311514 1.8194948684365464 1.8183845297419432 1.81727419104734 1.8161638523527368 1.8150535136581338 1.8139431749635306 1.8128328362689274 1.8117224975743245 1.8106121588797213 1.809501820185118 1.8083914814905149 1.807281142795912 1.8061708041013087 1.8050604654067037 1.8039501267121005
1.8419988453806184 1.8416640464810763 1.8413292475815342 1.8409944486819914 1.840659649782449 1.8403248508829069 1.8399900519833645 1.8396552530838224 1.8393204541842803 1.838985655284738 1.8386508563851958 1.8383160574856536 1.8379812585861113 1.8376464596865691 1.8369501918351538 1.8358675055009406 1.8347848191667253 1.833702132832512 1.8326194464982986 1.8315367601640853 1.830454073829872 1.8293713874956585 1.8282887011614453 1.827206014827232 1.8261233284930185 1.8250406421588052 1.823957955824592 1.8228752694903787 1.8217925831561652 1.8207098968219502 1.8196272104877367 1.8185445241535234 1.8174618378193101 1.8163791514850967 1.8152964651508834 1.8142137788166701 1.8131310924824566 1.8120484061482434 1.81096571981403 1.8098830334798166 1.8088003471456033 1.80771766081139 1.8066349744771748 1.8055522881429615
1.8440446836963993 1.8436167435613944 1.8431888034263895 1.8427608632913837 1.8423329231563788 1.8419049830213738 1.8414770428863687 1.8410491027513638 1.8406211626163589 1.8401932224813538 1.8397652823463488 1.839337342211344 1.8389094020763388 1.8384814619413339 1.8377504348147105 1.836695400840887 1.8356403668670616 1.834585332893238 1.8335302989194144 1.8324752649455909 1.8314202309717673 1.8303651969979438 1.8293101630241202 1.8282551290502966 1.827200095076473 1.8261450611026495 1.825090027128826 1.8240349931550026 1.822979959181179 1.8219249252073537 1.8208698912335302 1.8198148572597066 1.818759823285883 1.8177047893120595 1.816649755338236 1.8155947213644124 1.8145396873905888 1.8134846534167652 1.8124296194429417 1.8113745854691181 1.8103195514952946 1.8092645175214712 1.8082094835476459 1.8071544495738223
1.8460905220121802 1.8455694406417125 1.8450483592712448 1.844527277900776 1.8440061965303083 1.8434851151598406 1.842964033789373 1.842442952418905 1.8419218710484373 1.8414007896779696 1.840879708307502 1.8403586269370342 1.8398375455665663 1.8393164641960986 1.8385506777942668 1.8375232961808332 1.8364959145673976 1.835468532953964 1.83444115134053 1.8334137697270965 1.8323863881136626 1.831359006500229 1.8303316248867951 1.8293042432733615 1.8282768616599276 1.827249480046494 1.8262220984330602 1.8251947168196265 1.8241673352061927 1.8231399535927573 1.8221125719793236 1.8210851903658898 1.8200578087524562 1.8190304271390223 1.8180030455255887 1.8169756639121548 1.8159482822987212 1.8149209006852873 1.8138935190718537 1.8128661374584198 1.8118387558449862 1.8108113742315524 1.809783992618117 1.808756611004683
1.8481363603279628 1.8475221377220323 1.8469079151161016 1.84629369251017 1.8456794699042396 1.845065247298309 1.8444510246923784 1.8438368020864477 1.8432225794805173 1.8426083568745866 1.841994134268656 1.8413799116627254 1.840765689056795 1.8401514664508642 1.8393509207738243 1.8383511915207804 1.8373514622677347 1.8363517330146908 1.8353520037616469 1.834352274508603 1.833352545255559 1.832352816002515 1.8313530867494712 1.8303533574964272 1.8293536282433833 1.8283538989903394 1.8273541697372955 1.8263544404842516 1.8253547112312076 1.8243549819781621 1.8233552527251182 1.8223555234720743 1.8213557942190304 1.8203560649659865 1.8193563357129425 1.8183566064598986 1.8173568772068547 1.8163571479538108 1.8153574187007668 1.814357689447723 1.813357960194679 1.812358230941635 1.8113585016885894 1.8103587724355454
1.8501821986437437 1.8494748348023504 1.848767470960957 1.8480601071195626 1.8473527432781691 1.8466453794367759 1.8459380155953824 1.8452306517539891 1.844523287912596 1.8438159240712024 1.8431085602298092 1.8424011963884157 1.8416938325470225 1.8409864687056292 1.8401511637533807 1.8391790868607267 1.838207009968071 1.8372349330754167 1.8362628561827625 1.8352907792901085 1.8343187023974543 1.8333466255048003 1.832374548612146 1.831402471719492 1.830430394826838 1.8294583179341837 1.8284862410415297 1.8275141641488755 1.8265420872562215 1.8255700103635657 1.8245979334709115 1.8236258565782573 1.8226537796856033 1.821681702792949 1.820709625900295 1.8197375490076408 1.8187654721149868 1.8177933952223326 1.8168213183296784 1.8158492414370244 1.8148771645443702 1.8139050876517162 1.8129330107590604 1.8119609338664062
1.8522280369595245 1.8514275318826685 1.8506270268058125 1.849826521728955 1.8490260166520989 1.8482255115752428 1.8474250064983868 1.8466245014215306 1.8458239963446745 1.8450234912678185 1.8442229861909625 1.8434224811141062 1.8426219760372502 1.8418214709603942 1.8409514067329376 1.8400069822006733 1.8390625576684072 1.838118133136143 1.8371737086038786 1.8362292840716143 1.8352848595393498 1.8343404350070855 1.8333960104748213 1.832451585942557 1.8315071614102927 1.8305627368780284 1.8296183123457639 1.8286738878134996 1.8277294632812353 1.8267850387489695 1.825840614216705 1.8248961896844407 1.8239517651521764 1.823007340619912 1.8220629160876478 1.8211184915553835 1.820174067023119 1.8192296424908547 1.8182852179585904 1.8173407934263262 1.8163963688940619 1.8154519443617976 1.8145075198295315 1.8135630952972672
1.8540291541858334 1.853185707610237 1.8523422610346403 1.8514988144590423 1.8506553678834459 1.8498119213078492 1.8489684747322528 1.8481250281566561 1.8472815815810597 1.846438135005463 1.8455946884298666 1.84475124185427 1.8439077952786733 1.843064348703077 1.8421785150120256 1.8412473685361292 1.8403162220602316 1.8393850755843355 1.8384539291084394 1.8375227826325433 1.8365916361566472 1.8356604896807511 1.834729343204855 1.8337981967289587 1.8328670502530626 1.8319359037771665 1.8310047573012704 1.8300736108253743 1.8291424643494782 1.8282113178735806 1.8272801713976845 1.8263490249217882 1.825417878445892 1.824486731969996 1.8235555854941 1.8226244390182038 1.8216932925423077 1.8207621460664116 1.8198309995905155 1.8188998531146194 1.8179687066387231 1.817037560162827 1.8161064136869294 1.8151752672110333
1.8555686799967304 1.8547359522759446 1.8539032245551585 1.8530704968343712 1.8522377691135854 1.8514050413927996 1.8505723136720136 1.8497395859512278 1.8489068582304418 1.848074130509656 1.84724140278887 1.8464086750680841 1.8455759473472984 1.8447432196265123 1.8438619153832068 1.8429286817389543 1.8419954480947003 1.841062214450448 1.8401289808061956 1.8391957471619431 1.8382625135176907 1.8373292798734382 1.8363960462291857 1.8354628125849335 1.834529578940681 1.8335963452964286 1.832663111652176 1.8317298780079236 1.8307966443636712 1.8298634107194172 1.828930177075165 1.8279969434309125 1.82706370978666 1.8261304761424075 1.825197242498155 1.8242640088539026 1.8233307752096504 1.822397541565398 1.8214643079211454 1.820531074276893 1.8195978406326405 1.818664606988388 1.817731373344134 1.8167981396998818
1.8571082058076276 1.8562861969416522 1.855464188075677 1.8546421792097003 1.8538201703437251 1.85299816147775 1.8521761526117746 1.8513541437457994 1.8505321348798243 1.849710126013849 1.8488881171478737 1.8480661082818985 1.8472440994159234 1.846422090549948 1.8455453157543884 1.8446099949417796 1.8436746741291692 1.8427393533165606 1.8418040325039517 1.8408687116913431 1.8399333908787343 1.8389980700661255 1.8380627492535169 1.837127428440908 1.8361921076282994 1.8352567868156906 1.834321466003082 1.8333861451904732 1.8324508243778643 1.8315155035652542 1.8305801827526453 1.8296448619400365 1.828709541127428 1.827774220314819 1.8268388995022105 1.8259035786896016 1.8249682578769928 1.8240329370643842 1.8230976162517754 1.8221622954391667 1.821226974626558 1.8202916538139493 1.819356333001339 1.81842101218873
1.8586477316185246 1.85783644160736 1.8570251515961953 1.8562138615850294 1.855402571573865 1.8545912815627001 1.8537799915515356 1.852968701540371 1.8521574115292065 1.8513461215180418 1.8505348315068773 1.8497235414957127 1.8489122514845482 1.8481009614733837 1.8472287161255696 1.8462913081446046 1.845353900163638 1.844416492182673 1.843479084201708 1.842541676220743 1.8416042682397777 1.8406668602588128 1.8397294522778478 1.8387920442968826 1.8378546363159176 1.8369172283349526 1.8359798203539877 1.8350424123730225 1.8341050043920575 1.8331675964110907 1.8322301884301258 1.8312927804491608 1.8303553724681956 1.8294179644872306 1.8284805565062656 1.8275431485253006 1.8266057405443354 1.8256683325633705 1.8247309245824055 1.8237935166014403 1.8228561086204753 1.8219187006395103 1.8209812926585436 1.8200438846775786
1.860187257429423 1.859386686273069 1.8585861151167151 1.8577855439603597 1.8569849728040058 1.8561844016476519 1.855383830491298 1.854583259334944 1.8537826881785902 1.8529821170222363 1.8521815458658824 1.8513809747095284 1.8505804035531745 1.8497798323968206 1.8489121164967526 1.8479726213474312 1.8470331261981083 1.846093631048787 1.8451541358994656 1.8442146407501443 1.843275145600823 1.8423356504515016 1.8413961553021803 1.840456660152859 1.8395171650035376 1.838577669854216 1.8376381747048947 1.8366986795555733 1.835759184406252 1.834819689256929 1.8338801941076077 1.8329406989582864 1.832001203808965 1.8310617086596437 1.8301222135103223 1.829182718361001 1.8282432232116796 1.8273037280623583 1.826364232913037 1.8254247377637156 1.8244852426143943 1.823545747465073 1.82260625231575 1.8216667571664285
1.86172678324032 1.8609369309387767 1.8601470786372334 1.8593572263356888 1.8585673740341455 1.8577775217326022 1.856987669431059 1.8561978171295157 1.8554079648279727 1.8546181125264294 1.8538282602248861 1.8530384079233428 1.8522485556217996 1.8514587033202563 1.8505955168679342 1.8496539345502565 1.8487123522325772 1.8477707699148995 1.8468291875972218 1.8458876052795443 1.8449460229618666 1.844004440644189 1.8430628583265112 1.8421212760088335 1.841179693691156 1.8402381113734783 1.8392965290558005 1.8383549467381228 1.8374133644204451 1.8364717821027658 1.8355301997850884 1.8345886174674106 1.833647035149733 1.8327054528320552 1.8317638705143775 1.8308222881967 1.8298807058790223 1.8289391235613446 1.8279975412436669 1.8270559589259894 1.8261143766083117 1.825172794290634 1.8242312119729547 1.823289629655277
1.863266309051217 1.8624871756044845 1.8617080421577519 1.860928908711018 1.8601497752642853 1.8593706418175526 1.85859150837082 1.8578123749240874 1.8570332414773547 1.8562541080306223 1.8554749745838897 1.854695841137157 1.8539167076904244 1.8531375742436917 1.8522789172391154 1.8513352477530816 1.850391578267046 1.849447908781012 1.848504239294978 1.8475605698089441 1.84661690032291 1.845673230836876 1.844729561350842 1.843785891864808 1.8428422223787742 1.84189855289274 1.8409548834067062 1.8400112139206721 1.8390675444346383 1.8381238749486026 1.8371802054625688 1.8362365359765347 1.8352928664905008 1.8343491970044667 1.8334055275184329 1.8324618580323988 1.831518188546365 1.8305745190603309 1.829630849574297 1.828687180088263 1.827743510602229 1.826799841116195 1.8258561716301593 1.8249125021441255
1.8648058348621142 1.8640374202701921 1.8632690056782701 1.862500591086347 1.861732176494425 1.860963761902503 1.860195347310581 1.8594269327186592 1.8586585181267372 1.8578901035348152 1.8571216889428932 1.8563532743509714 1.8555848597590494 1.8548164451671274 1.853962317610297 1.8530165609559068 1.8520708043015148 1.8511250476471246 1.8501792909927344 1.849233534338344 1.8482877776839537 1.8473420210295635 1.8463962643751732 1.8454505077207828 1.8445047510663926 1.8435589944120023 1.8426132377576119 1.8416674811032216 1.8407217244488314 1.8397759677944394 1.8388302111400492 1.837884454485659 1.8369386978312687 1.8359929411768783 1.835047184522488 1.8341014278680978 1.8331556712137076 1.8322099145593171 1.831264157904927 1.8303184012505367 1.8293726445961462 1.828426887941756 1.8274811312873642 1.8265353746329738
1.8663453606730112 1.8655876649358998 1.8648299691987884 1.864072273461676 1.8633145777245645 1.8625568819874534 1.861799186250342 1.8610414905132306 1.8602837947761195 1.8595260990390081 1.8587684033018967 1.8580107075647856 1.8572530118276742 1.8564953160905628 1.8556457179814785 1.8546978741587319 1.8537500303359835 1.852802186513237 1.8518543426904903 1.8509064988677437 1.8499586550449971 1.8490108112222505 1.848062967399504 1.8471151235767573 1.8461672797540107 1.8452194359312641 1.8442715921085175 1.843323748285771 1.8423759044630243 1.8414280606402762 1.8404802168175296 1.839532372994783 1.8385845291720364 1.8376366853492898 1.8366888415265432 1.8357409977037966 1.83479315388105 1.8338453100583034 1.8328974662355568 1.8319496224128102 1.8310017785900636 1.830053934767317 1.8291060909445689 1.8281582471218223
1.8678848864839082 1.8671379096016074 1.866390932719307 1.865643955837005 1.8648969789547043 1.8641500020724036 1.863403025190103 1.8626560483078023 1.8619090714255018 1.861162094543201 1.8604151176609003 1.8596681407785998 1.858921163896299 1.8581741870139985 1.8573291183526597 1.856379187361557 1.8554292563704524 1.8544793253793495 1.8535293943882465 1.8525794633971435 1.8516295324060408 1.8506796014149378 1.8497296704238348 1.848779739432732 1.8478298084416291 1.8468798774505262 1.8459299464594232 1.8449800154683205 1.8440300844772175 1.843080153486113 1.84213022249501 1.8411802915039073 1.8402303605128043 1.8392804295217013 1.8383304985305984 1.8373805675394956 1.8364306365483927 1.8354807055572897 1.834530774566187 1.833580843575084 1.832630912583981 1.831680981592878 1.8307310506017735 1.8297811196106708
1.8694244122948065 1.8686881542673166 1.8679518962398265 1.8672156382123353 1.8664793801848454 1.8657431221573553 1.8650068641298654 1.8642706061023753 1.8635343480748854 1.8627980900473953 1.8620618320199054 1.8613255739924155 1.8605893159649254 1.8598530579374355 1.8590125187238427 1.8580605005643833 1.8571084824049227 1.8561564642454633 1.8552044460860042 1.8542524279265449 1.8533004097670858 1.8523483916076264 1.8513963734481673 1.850444355288708 1.8494923371292489 1.8485403189697895 1.8475883008103304 1.846636282650871 1.845684264491412 1.844732246331951 1.843780228172492 1.8428282100130327 1.8418761918535735 1.8409241736941142 1.839972155534655 1.8390201373751958 1.8380681192157367 1.8371161010562773 1.8361640828968182 1.8352120647373589 1.8342600465778998 1.8333080284184406 1.8323560102589798 1.8314039920995204
1.8709639381057035 1.8702383989330242 1.869512859760345 1.8687873205876644 1.8680617814149851 1.8673362422423057 1.8666107030696264 1.8658851638969471 1.8651596247242677 1.8644340855515884 1.8637085463789091 1.8629830072062297 1.8622574680335504 1.8615319288608712 1.860695919095024 1.8597418137672086 1.8587877084393916 1.857833603111576 1.8568794977837604 1.855925392455945 1.8549712871281294 1.854017181800314 1.8530630764724985 1.8521089711446828 1.8511548658168673 1.8502007604890518 1.8492466551612363 1.8482925498334208 1.8473384445056051 1.846384339177788 1.8454302338499726 1.8444761285221571 1.8435220231943414 1.842567917866526 1.8416138125387105 1.840659707210895 1.8397056018830795 1.8387514965552638 1.8377973912274483 1.8368432858996329 1.8358891805718174 1.834935075244002 1.8339809699161846 1.8330268645883692
