Figures/CREST_Example_wjb_NSE/PETs/wjb.pet.20100817.asc
ncols            288
nrows            254
xllcorner        113.274861
yllcorner        31.4918055
cellsize         0.008333333333
NODATA_value     -9999
[rows 120 to 139 of 254, columns 44 to 87 of 288]
2.984829253650393 2.9824145296521825 2.979999805653972 2.977585081655761 2.9751703576575506 2.97275563365934 2.9703409096611293 2.9679261856629187 2.965511461664704 2.9630967376664934 2.9606820136682828 2.958267289670072 2.9558525656718615 2.953437841673651 2.9510231176754402 2.9486083936772296 2.946193669679019 2.9437789456808083 2.9413642216825977 2.938949497684387 2.9365347736861764 2.934120049687962 2.931705325689751 2.9292906016915405 2.92687587769333 2.9244611536951193 2.9220464296969086 2.919631705698698 2.9187004014810176 2.919354906542998 2.920009411604978 2.920663916666958 2.9213184217289383 2.9219729267909185 2.9226274318528995 2.9232819369148797 2.92393644197686 2.92459094703884 2.92524545210082 2.9258999571628004 2.9265544622247806 2.9272089672867607 2.927863472348741 2.928517977410721
2.985680797001642 2.983454292130066 2.98122778725849 2.9790012823869136 2.9767747775153377 2.9745482726437618 2.9723217677721854 2.9700952629006094 2.9678687580290295 2.9656422531574536 2.963415748285877 2.9611892434143012 2.9589627385427253 2.956736233671149 2.954509728799573 2.9522832239279966 2.9500567190564206 2.9478302141848447 2.9456037093132683 2.9433772044416924 2.9411506995701164 2.9389241946985365 2.93669768982696 2.934471184955384 2.9322446800838082 2.930018175212232 2.927791670340656 2.92556516546908 2.9247537206260863 2.925455006942576 2.926156293259066 2.9268575795755565 2.9275588658920464 2.9282601522085367 2.928961438525028 2.9296627248415184 2.9303640111580083 2.9310652974744986 2.9317665837909885 2.932467870107479 2.933169156423969 2.933870442740459 2.934571729056949 2.9352730153734394
2.9865323403528916 2.98449405460795 2.9824557688630082 2.9804174831180665 2.9783791973731253 2.9763409116281836 2.974302625883242 2.9722643401383 2.9702260543933554 2.9681877686484137 2.966149482903472 2.9641111971585303 2.962072911413589 2.9600346256686474 2.9579963399237057 2.955958054178764 2.9539197684338223 2.951881482688881 2.9498431969439394 2.9478049111989977 2.945766625454056 2.943728339709111 2.9416900539641695 2.939651768219228 2.937613482474286 2.935575196729345 2.933536910984403 2.9314986252394615 2.9308070397711545 2.9315551073421546 2.9323031749131547 2.933051242484155 2.933799310055155 2.934547377626155 2.9352954451971565 2.9360435127681566 2.9367915803391567 2.9375396479101568 2.938287715481157 2.939035783052157 2.9397838506231566 2.9405319181941567 2.941279985765157 2.942028053336157
2.9873838837041404 2.9855338170858334 2.9836837504675264 2.981833683849219 2.979983617230912 2.978133550612605 2.976283483994298 2.974433417375991 2.972583350757681 2.970733284139374 2.9688832175210664 2.9670331509027594 2.9651830842844524 2.9633330176661454 2.9614829510478384 2.9596328844295314 2.957782817811224 2.955932751192917 2.95408268457461 2.952232617956303 2.950382551337996 2.948532484719686 2.9466824181013784 2.9448323514830714 2.9429822848647644 2.9411322182464574 2.9392821516281504 2.9374320850098434 2.936860358916223 2.937655207741733 2.9384500565672433 2.939244905392753 2.940039754218263 2.9408346030437733 2.9416294518692845 2.9424243006947948 2.9432191495203046 2.944013998345815 2.9448088471713247 2.945603695996835 2.946398544822345 2.947193393647855 2.947988242473365 2.9487830912988753
2.98823542705539 2.986573579563718 2.9849117320720455 2.983249884580373 2.9815880370887005 2.979926189597028 2.978264342105356 2.9766024946136835 2.9749406471220086 2.973278799630336 2.9716169521386635 2.969955104646991 2.968293257155319 2.9666314096636466 2.9649695621719743 2.9633077146803015 2.961645867188629 2.959984019696957 2.9583221722052846 2.9566603247136123 2.95499847722194 2.9533366297302646 2.9516747822385923 2.95001293474692 2.9483510872552476 2.946689239763575 2.9450273922719026 2.9433655447802303 2.942913678061297 2.943755308141317 2.944596938221337 2.945438568301357 2.946280198381377 2.947121828461397 2.9479634585414187 2.9488050886214388 2.949646718701459 2.950488348781479 2.951329978861499 2.952171608941519 2.953013239021539 2.953854869101559 2.954696499181579 2.955538129261599
2.989086970406639 2.9876133420416013 2.9861397136765633 2.9846660853115257 2.9831924569464876 2.98171882858145 2.980245200216412 2.9787715718513743 2.9772979434863336 2.975824315121296 2.974350686756258 2.9728770583912203 2.9714034300261822 2.9699298016611446 2.9684561732961066 2.966982544931069 2.965508916566031 2.9640352882009933 2.962561659835955 2.9610880314709176 2.9596144031058795 2.9581407747408393 2.956667146375801 2.9551935180107636 2.9537198896457255 2.952246261280688 2.95077263291565 2.9492990045506122 2.9489669972063655 2.9498554085408952 2.9507438198754254 2.951632231209955 2.9525206425444854 2.953409053879015 2.9542974652135467 2.955185876548077 2.956074287882607 2.956962699217137 2.957851110551667 2.958739521886197 2.959627933220727 2.960516344555257 2.961404755889787 2.962293167224317
2.9899385137578887 2.9886531045194853 2.987367695281082 2.9860822860426786 2.984796876804275 2.983511467565872 2.9822260583274685 2.980940649089065 2.9796552398506595 2.9783698306122566 2.977084421373853 2.97579901213545 2.9745136028970465 2.973228193658643 2.9719427844202397 2.9706573751818364 2.969371965943433 2.9680865567050296 2.9668011474666263 2.9655157382282233 2.96423032898982 2.9629449197514144 2.961659510513011 2.9603741012746076 2.9590886920362043 2.957803282797801 2.9565178735593975 2.955232464320994 2.955020316351434 2.955955508940474 2.956890701529514 2.957825894118554 2.958761086707594 2.959696279296634 2.9606314718856757 2.9615666644747156 2.9625018570637556 2.9634370496527955 2.9643722422418355 2.9653074348308754 2.9662426274199154 2.9671778200089554 2.9681130125979953 2.9690482051870353
2.9907900571091375 2.989692866997369 2.9885956768855997 2.987498486773831 2.9864012966620623 2.9853041065502937 2.9842069164385245 2.983109726326756 2.982012536214985 2.9809153461032163 2.9798181559914476 2.978720965879679 2.97762377576791 2.976526585656141 2.9754293955443725 2.974332205432604 2.9732350153208347 2.972137825209066 2.9710406350972973 2.969943444985528 2.9688462548737595 2.967749064761989 2.96665187465022 2.9655546845384513 2.9644574944266826 2.9633603043149135 2.962263114203145 2.961165924091376 2.961073635496503 2.9620556093400525 2.9630375831836027 2.9640195570271524 2.9650015308707025 2.965983504714252 2.9669654785578037 2.967947452401354 2.9689294262449035 2.9699114000884537 2.9708933739320034 2.9718753477755535 2.972857321619103 2.9738392954626534 2.974821269306203 2.975803243149753
2.9916416004603867 2.9907326294752523 2.9898236584901183 2.988914687504984 2.9880057165198495 2.9870967455347155 2.986187774549581 2.9852788035644466 2.984369832579311 2.9834608615941764 2.9825518906090425 2.981642919623908 2.9807339486387736 2.9798249776536396 2.978916006668505 2.9780070356833708 2.977098064698237 2.9761890937131024 2.975280122727968 2.974371151742834 2.9734621807576995 2.9725532097725638 2.9716442387874293 2.970735267802295 2.969826296817161 2.9689173258320265 2.968008354846892 2.967099383861758 2.967126954641571 2.968155709739631 2.969184464837691 2.9702132199357507 2.9712419750338106 2.9722707301318705 2.973299485229932 2.974328240327992 2.975356995426052 2.976385750524112 2.9774145056221717 2.9784432607202316 2.9794720158182915 2.9805007709163513 2.9815295260144112 2.982558281112471
2.9924931438116356 2.991772391953136 2.991051640094636 2.9903308882361364 2.9896101363776366 2.988889384519137 2.988168632660637 2.9874478808021374 2.9867271289436363 2.9860063770851366 2.985285625226637 2.984564873368137 2.9838441215096374 2.9831233696511377 2.982402617792638 2.981681865934138 2.9809611140756385 2.9802403622171387 2.9795196103586385 2.978798858500139 2.978078106641639 2.9773573547831385 2.9766366029246383 2.9759158510661385 2.975195099207639 2.974474347349139 2.9737535954906393 2.9730328436321396 2.9731802737866397 2.9742558101392094 2.9753313464917794 2.976406882844349 2.977482419196919 2.9785579555494888 2.9796334919020606 2.9807090282546307 2.9817845646072003 2.9828601009597704 2.98393563731234 2.98501117366491 2.9860867100174797 2.98716224637005 2.9882377827226194 2.9893133190751895
2.993344687162885 2.9928121544310193 2.9922796216991543 2.991747088967289 2.9912145562354238 2.9906820235035587 2.9901494907716932 2.989616958039828 2.989084425307962 2.9885518925760968 2.9880193598442313 2.9874868271123662 2.9869542943805008 2.9864217616486357 2.98588922891677 2.985356696184905 2.98482416345304 2.9842916307211746 2.9837590979893096 2.983226565257444 2.982694032525579 2.9821614997937127 2.9816289670618477 2.981096434329982 2.980563901598117 2.980031368866252 2.9794988361343866 2.9789663034025216 2.979233592931708 2.980355910538788 2.9814782281458676 2.9826005457529474 2.9837228633600272 2.984845180967107 2.985967498574189 2.987089816181269 2.9882121337883487 2.9893344513954285 2.9904567690025083 2.991579086609588 2.992701404216668 2.993823721823748 2.9949460394308276 2.9960683570379074
2.9941962305141345 2.9938519169089037 2.9935076033036734 2.993163289698443 2.9928189760932122 2.992474662487982 2.992130348882751 2.9917860352775207 2.9914417216722895 2.991097408067059 2.9907530944618284 2.990408780856598 2.990064467251367 2.989720153646137 2.989375840040906 2.9890315264356757 2.988687212830445 2.9883428992252146 2.9879985856199838 2.9876542720147534 2.987309958409523 2.986965644804292 2.986621331199061 2.9862770175938307 2.9859327039886 2.9855883903833695 2.985244076778139 2.9848997631729084 2.985286912076782 2.986456010938372 2.9876251097999615 2.9887942086615515 2.989963307523141 2.991132406384731 2.992301505246323 2.993470604107913 2.9946397029695024 2.9958088018310924 2.996977900692682 2.998146999554272 2.9993160984158616 3.0004851972774516 3.0016542961390416 3.002823395000631
2.995047773865384 2.9948916793867877 2.9947355849081916 2.994579490429596 2.994423395951 2.9942673014724037 2.9941112069938076 2.9939551125152115 2.9937990180366154 2.9936429235580193 2.993486829079423 2.993330734600827 2.993174640122231 2.993018545643635 2.992862451165039 2.992706356686443 2.992550262207847 2.992394167729251 2.992238073250655 2.9920819787720587 2.9919258842934626 2.9917697898148665 2.9916136953362704 2.9914576008576743 2.991301506379078 2.991145411900482 2.9909893174218865 2.9908332229432903 2.99134023122185 2.9925561113379504 2.99377199145405 2.99498787157015 2.9962037516862496 2.9974196318023494 2.9986355119184513 2.999851392034551 3.001067272150651 3.0022831522667506 3.0034990323828503 3.00471491249895 3.00593079261505 3.0071466727311496 3.0083625528472493 3.009578432963349
2.9958993172166326 2.995931441864671 2.99596356651271 2.9959956911607484 2.996027815808787 2.996059940456825 2.9960920651048637 2.9961241897529023 2.996156314400941 2.9961884390489795 2.996220563697018 2.996252688345056 2.996284812993095 2.9963169376411334 2.996349062289172 2.9963811869372106 2.9964133115852487 2.9964454362332873 2.996477560881326 2.9965096855293645 2.996541810177403 2.996573934825441 2.99660605947348 2.9966381841215184 2.996670308769557 2.9967024334175956 2.9967345580656337 2.9967666827136723 2.9973935503669193 2.9986562117375293 2.9999188731081388 3.0011815344787487 3.002444195849358 3.003706857219968 3.00496951859058 3.0062321799611897 3.0074948413317992 3.008757502702409 3.0100201640730186 3.0112828254436286 3.012545486814238 3.013808148184848 3.0150708095554575 3.0163334709260674
2.9967508605678823 2.996971204342555 2.997191548117228 2.9974118918919013 2.997632235666574 2.9978525794412474 2.9980729232159202 2.998293266990593 2.998513610765267 2.9987339545399396 2.9989542983146125 2.9991746420892857 2.9993949858639586 2.999615329638632 2.9998356734133047 3.0000560171879775 3.000276360962651 3.0004967047373237 3.000717048511997 3.00093739228667 3.0011577360613426 3.0013780798360163 3.001598423610689 3.001818767385362 3.0020391111600353 3.002259454934708 3.002479798709381 3.0027001424840543 3.003446869511988 3.0047563121371077 3.0060657547622274 3.007375197387347 3.0086846400124667 3.0099940826375864 3.0113035252627083 3.012612967887828 3.0139224105129476 3.0152318531380673 3.016541295763187 3.0178507383883066 3.0191601810134263 3.020469623638546 3.0217790662636657 3.0230885088887853
2.997602403919131 2.9980109668204387 2.998419529721746 2.9988280926230537 2.9992366555243613 2.999645218425669 3.0000537813269763 3.000462344228284 3.0008709071295923 3.0012794700309 3.0016880329322073 3.002096595833515 3.0025051587348224 3.00291372163613 3.0033222845374374 3.003730847438745 3.0041394103400525 3.00454797324136 3.0049565361426676 3.005365099043975 3.0057736619452826 3.0061822248465906 3.006590787747898 3.0069993506492056 3.007407913550513 3.0078164764518207 3.0082250393531282 3.0086336022544358 3.0095001886570563 3.010856412536686 3.0122126364163155 3.0135688602959454 3.014925084175575 3.0162813080552047 3.0176375319348363 3.018993755814466 3.0203499796940956 3.0217062035737254 3.023062427453355 3.0244186513329847 3.025774875212614 3.027131099092244 3.0284873229718734 3.0298435468515033
2.99845394727038 2.999050729298322 2.9996475113262644 3.000244293354206 3.0008410753821484 3.00143785741009 3.0020346394380324 3.0026314214659746 3.0032282034939177 3.0038249855218595 3.0044217675498017 3.005018549577744 3.0056153316056857 3.006212113633628 3.0068088956615697 3.007405677689512 3.008002459717454 3.008599241745396 3.009196023773338 3.0097928058012804 3.010389587829222 3.0109863698571653 3.0115831518851075 3.0121799339130493 3.0127767159409915 3.0133734979689337 3.0139702799968755 3.0145670620248177 3.015553507802125 3.0169565129362645 3.018359518070404 3.0197625232045437 3.0211655283386833 3.022568533472823 3.0239715386069648 3.0253745437411044 3.026777548875244 3.0281805540093836 3.029583559143523 3.0309865642776628 3.0323895694118024 3.033792574545942 3.0351955796800816 3.036598584814221
2.99930549062163 3.000090491776207 3.000875492930784 3.0016604940853604 3.0024454952399373 3.003230496394514 3.0040154975490907 3.0048004987036676 3.0055854998582454 3.0063705010128223 3.007155502167399 3.0079405033219757 3.008725504476552 3.009510505631129 3.010295506785706 3.0110805079402825 3.0118655090948594 3.012650510249436 3.013435511404013 3.0142205125585897 3.015005513713166 3.0157905148677444 3.016575516022321 3.017360517176898 3.0181455183314747 3.018930519486051 3.019715520640628 3.0205005217952046 3.0216068269471985 3.0230566133358483 3.0245063997244976 3.0259561861131474 3.027405972501797 3.0288557588904466 3.0303055452790986 3.0317553316677484 3.0332051180563977 3.0346549044450475 3.0361046908336973 3.0375544772223466 3.0390042636109964 3.0404540499996457 3.0419038363882955 3.0433536227769453
3.0001570339728794 3.0011302542540905 3.0021034745353017 3.003076694816513 3.004049915097724 3.0050231353789356 3.005996355660147 3.006969575941358 3.007942796222571 3.008916016503782 3.0098892367849936 3.010862457066205 3.011835677347416 3.012808897628627 3.0137821179098383 3.01475533819105 3.015728558472261 3.0167017787534722 3.0176749990346834 3.018648219315895 3.019621439597106 3.020594659878319 3.0215678801595303 3.0225411004407414 3.0235143207219526 3.024487541003164 3.0254607612843754 3.0264339815655865 3.027660146092267 3.0291567137354267 3.0306532813785863 3.032149849021746 3.0336464166649053 3.035142984308065 3.036639551951227 3.0381361195943866 3.039632687237546 3.0411292548807056 3.042625822523865 3.044122390167025 3.0456189578101847 3.047115525453344 3.0486120930965037 3.0501086607396632
3.001008577324128 3.002170016731974 3.00333145613982 3.0044928955476657 3.005654334955511 3.006815774363357 3.007977213771203 3.0091386531790487 3.0103000925868963 3.011461531994742 3.012622971402588 3.013784410810434 3.0149458502182798 3.0161072896261256 3.0172687290339715 3.0184301684418173 3.0195916078496627 3.0207530472575086 3.0219144866653544 3.0230759260732003 3.024237365481046 3.025398804888894 3.0265602442967396 3.0277216837045855 3.0288831231124314 3.030044562520277 3.031206001928123 3.032367441335969 3.033713465237336 3.0352568141350056 3.036800163032675 3.0383435119303446 3.0398868608280143 3.0414302097256836 3.042973558623356 3.044516907521025 3.046060256418695 3.047603605316364 3.049146954214034 3.050690303111703 3.052233652009373 3.0537770009070426 3.055320349804712 3.0568636987023816
