Figures/CREST_Example_wjb_NSE/PETs/wjb.pet.20100312.asc
ncols            288
nrows            254
xllcorner        113.274861
yllcorner        31.4918055
cellsize         0.008333333333
NODATA_value     -9999
[rows 20 to 39 of 254, columns 44 to 87 of 288]
2.045596659917513 2.0454720090800533 2.0453473582425943 2.045222707405135 2.0450980565676757 2.0449734057302167 2.044848754892757 2.044724104055298 2.0445994532178386 2.044474802380379 2.04435015154292 2.0442255007054606 -9999.0 -9999.0 -9999.0 -9999.0 -9999.0 -9999.0 -9999.0 -9999.0 -9999.0 -9999.0 -9999.0 -9999.0 -9999.0 -9999.0 2.0423557381435717 2.0422310873061127 2.0423977572969814 2.0428758558389477 2.043353954380914 2.0438320529228804 2.044310151464847 2.0447882500068135 2.0452663485487808 2.045744447090747 2.0462225456327134 2.04670064417468 2.0471787427166466 2.047656841258613 2.0481349398005793 2.0486130383425456 2.0490911368845124 2.0495692354264787
2.0472697925014063 2.0471090651290056 2.0469483377566053 2.0467876103842046 2.046626883011804 2.0464661556394033 2.046305428267003 2.0461447008946023 2.045983973522201 2.045823246149801 2.0456625187774002 2.0455017914049995 2.0453410640325993 2.0451803366601986 -9999.0 -9999.0 -9999.0 -9999.0 -9999.0 -9999.0 -9999.0 -9999.0 -9999.0 -9999.0 -9999.0 -9999.0 2.0430908808189905 2.0429301534465902 2.043094007153386 2.0436048453713407 2.044115683589296 2.0446265218072512 2.045137360025206 2.0456481982431614 2.0461590364611175 2.0466698746790724 2.0471807128970276 2.047691551114983 2.0482023893329377 2.048713227550893 2.0492240657688483 2.049734903986803 2.0502457422047584 2.0507565804227137
2.0489429250853 2.0487461211779583 2.0485493172706164 2.0483525133632745 2.0481557094559326 2.0479589055485907 2.047762101641249 2.047565297733907 2.0473684938265646 2.0471716899192227 2.046974886011881 2.046778082104539 2.046581278197197 2.0463844742898547 -9999.0 -9999.0 -9999.0 -9999.0 -9999.0 -9999.0 -9999.0 -9999.0 -9999.0 -9999.0 -9999.0 -9999.0 2.0438260234944097 2.043629219587068 2.0437902570097903 2.044333834903734 2.044877412797678 2.0454209906916216 2.045964568585566 2.0465081464795096 2.0470517243734543 2.047595302267398 2.048138880161342 2.0486824580552856 2.04922603594923 2.0497696138431736 2.0503131917371173 2.050856769631061 2.051400347525005 2.0519439254189487
2.050616057669194 2.0503831772269105 2.0501502967846275 2.049917416342344 2.049684535900061 2.0494516554577777 2.049218775015494 2.048985894573211 2.0487530141309276 2.048520133688644 2.048287253246361 2.0480543728040774 2.0478214923617943 2.0475886119195112 -9999.0 -9999.0 -9999.0 -9999.0 -9999.0 -9999.0 -9999.0 -9999.0 -9999.0 -9999.0 -9999.0 -9999.0 2.0445611661698284 2.044328285727545 2.044486506866195 2.0450628244361275 2.0456391420060602 2.0462154595759925 2.046791777145925 2.0473680947158575 2.047944412285791 2.0485207298557238 2.049097047425656 2.0496733649955887 2.0502496825655214 2.0508260001354537 2.0514023177053864 2.051978635275319 2.0525549528452514 2.053131270415184
2.0522891902530875 2.052020233275863 2.051751276298638 2.051482319321414 2.051213362344189 2.0509444053669643 2.0506754483897396 2.0504064914125153 2.05013753443529 2.0498685774580654 2.049599620480841 2.0493306635036164 2.0490617065263916 2.048792749549167 2.0485237925719426 2.048254835594718 -9999.0 2.0477169216402684 2.047447964663044 -9999.0 -9999.0 -9999.0 -9999.0 -9999.0 -9999.0 2.0455652658224714 2.0452963088452467 2.045027351868022 2.045182756722599 2.0457918139685205 2.0464008712144417 2.047009928460363 2.047618985706284 2.0482280429522053 2.0488371001981274 2.0494461574440486 2.05005521468997 2.0506642719358914 2.0512733291818126 2.051882386427734 2.052491443673655 2.053100500919576 2.0537095581654974 2.0543186154114186
2.0539623228369814 2.0536572893248155 2.0533522558126496 2.0530472223004836 2.0527421887883177 2.052437155276152 2.052132121763986 2.05182708825182 2.051522054739653 2.051217021227487 2.0509119877153212 2.0506069542031553 2.0503019206909894 2.0499968871788234 2.0496918536666575 2.0493868201544916 2.0490817866423257 2.0487767531301597 2.048471719617994 2.048166686105828 2.047861652593662 -9999.0 -9999.0 -9999.0 -9999.0 2.0463364850328314 2.0460314515206655 2.0457264180084995 2.045879006579004 2.0465208035009135 2.0471626004228236 2.0478043973447333 2.0484461942666434 2.0490879911885536 2.0497297881104646 2.0503715850323743 2.0510133819542844 2.051655178876194 2.052296975798104 2.052938772720014 2.053580569641924 2.054222366563834 2.054864163485744 2.055505960407654
2.055635455420875 2.0552943453737678 2.0549532353266606 2.054612125279553 2.054271015232446 2.053929905185339 2.0535887951382312 2.053247685091124 2.052906575044016 2.052565464996909 2.0522243549498014 2.0518832449026942 2.051542134855587 2.0512010248084795 2.0508599147613724 2.0505188047142653 2.0501776946671577 2.0498365846200506 2.049495474572943 2.049154364525836 2.0488132544787288 -9999.0 -9999.0 -9999.0 -9999.0 2.0471077042431913 2.046766594196084 2.046425484148977 2.0465752564354083 2.047249793033307 2.0479243296312055 2.048598866229104 2.0492734028270028 2.0499479394249014 2.0506224760228013 2.0512970126207 2.0519715492185986 2.052646085816497 2.053320622414396 2.0539951590122945 2.054669695610193 2.0553442322080917 2.0560187688059903 2.056693305403889
2.0573085880047706 2.056931401422722 2.056554214840673 2.0561770282586243 2.0557998416765755 2.055422655094527 2.0550454685124784 2.0546682819304296 2.0542910953483804 2.0539139087663316 2.053536722184283 2.053159535602234 2.0527823490201857 2.052405162438137 2.052027975856088 2.0516507892740394 2.051273602691991 2.0508964161099423 2.0505192295278936 2.050142042945845 2.049764856363796 2.049387669781747 -9999.0 -9999.0 -9999.0 2.047878923453552 2.0475017368715034 2.047124550289455 2.047271506291813 2.0479787825657008 2.048686058839588 2.0493933351134754 2.0501006113873625 2.05080788766125 2.0515151639351386 2.052222440209026 2.0529297164829132 2.053636992756801 2.054344269030688 2.0550515453045755 2.055758821578463 2.05646609785235 2.0571733741262377 2.057880650400125
2.0585157237508955 2.058135010414085 2.0577542970772753 2.057373583740465 2.0569928704036546 2.0566121570668447 2.0562314437300344 2.055850730393224 2.0554700170564133 2.055089303719603 2.054708590382793 2.0543278770459827 2.0539471637091724 2.0535664503723625 2.053185737035552 2.052805023698742 2.052424310361932 2.0520435970251216 2.0516628836883113 2.051282170351501 2.050901457014691 2.0505207436778803 2.05014003034107 2.0497593170042596 2.0493786036674493 2.0489978903306394 2.048617176993829 2.0482364636570187 2.048415767876968 2.0491937435248824 2.049971719172797 2.0507496948207113 2.0515276704686256 2.0523056461165403 2.053083621764456 2.05386159741237 2.054639573060285 2.055417548708199 2.0561955243561134 2.056973500004028 2.0577514756519424 2.0585294512998566 2.0593074269477714 2.0600854025956856
2.0592247382625146 2.0588752918334143 2.058525845404314 2.0581763989752138 2.0578269525461135 2.057477506117013 2.057128059687913 2.0567786132588126 2.056429166829712 2.0560797204006116 2.0557302739715113 2.055380827542411 2.0550313811133107 2.0546819346842105 2.05433248825511 2.05398304182601 2.0536335953969096 2.0532841489678093 2.052934702538709 2.0525852561096087 2.0522358096805084 2.0518863632514077 2.0515369168223074 2.051187470393207 2.050838023964107 2.0504885775350066 2.0501391311059063 2.049789684676806 2.050038925749203 2.0509281772946655 2.0518174288401276 2.0527066803855902 2.0535959319310524 2.0544851834765145 2.0553744350219785 2.056263686567441 2.0571529381129032 2.0580421896583654 2.058931441203828 2.05982069274929 2.0607099442947523 2.061599195840215 2.062488447385677 2.0633776989311396
2.0599337527741337 2.059615573252743 2.059297393731353 2.0589792142099625 2.0586610346885723 2.058342855167182 2.0580246756457914 2.057706496124401 2.0573883166030105 2.05707013708162 2.0567519575602295 2.0564337780388393 2.056115598517449 2.055797418996059 2.055479239474668 2.055161059953278 2.0548428804318877 2.0545247009104974 2.054206521389107 2.0538883418677165 2.0535701623463263 2.0532519828249356 2.052933803303545 2.0526156237821547 2.0522974442607644 2.051979264739374 2.051661085217984 2.0513429056965933 2.0516620836214385 2.0526626110644486 2.053663138507459 2.054663665950469 2.0556641933934796 2.0566647208364897 2.0576652482795015 2.058665775722512 2.059666303165522 2.060666830608532 2.0616673580515426 2.0626678854945526 2.0636684129375626 2.064668940380573 2.065669467823583 2.0666699952665937
2.0606427672857524 2.0603558546720717 2.0600689420583915 2.059782029444711 2.0594951168310307 2.05920820421735 2.05892129160367 2.0586343789899897 2.0583474663763086 2.058060553762628 2.057773641148948 2.0574867285352676 2.057199815921587 2.0569129033079068 2.056625990694226 2.056339078080546 2.0560521654668653 2.055765252853185 2.0554783402395045 2.0551914276258243 2.0549045150121437 2.054617602398463 2.0543306897847824 2.054043777171102 2.0537568645574216 2.0534699519437414 2.0531830393300607 2.0528961267163806 2.0532852414936738 2.0543970448342317 2.0555088481747896 2.056620651515348 2.057732454855906 2.0588442581964643 2.059956061537024 2.0610678648775824 2.0621796682181404 2.0632914715586987 2.0644032748992567 2.065515078239815 2.066626881580373 2.067738684920931 2.0688504882614893 2.0699622916020473
2.0613517817973714 2.061096136091401 2.0608404903854307 2.06058484467946 2.0603291989734895 2.060073553267519 2.059817907561549 2.0595622618555782 2.059306616149607 2.059050970443637 2.0587953247376665 2.058539679031696 2.0582840333257253 2.058028387619755 2.0577727419137846 2.057517096207814 2.0572614505018434 2.0570058047958732 2.0567501590899027 2.056494513383932 2.0562388676779615 2.055983221971991 2.0557275762660203 2.0554719305600497 2.0552162848540796 2.054960639148109 2.0547049934421384 2.054449347736168 2.054908399365909 2.056131478604015 2.057354557842121 2.058577637080227 2.059800716318333 2.061023795556439 2.062246874794547 2.0634699540326533 2.064693033270759 2.0659161125088654 2.0671391917469712 2.0683622709850775 2.0695853502231834 2.070808429461289 2.0720315086993955 2.0732545879375013
2.0620607963089905 2.0618364175107304 2.06161203871247 2.0613876599142094 2.061163281115949 2.0609389023176883 2.0607145235194277 2.060490144721167 2.0602657659229062 2.0600413871246457 2.059817008326385 2.0595926295281246 2.0593682507298645 2.059143871931604 2.0589194931333434 2.058695114335083 2.0584707355368224 2.058246356738562 2.0580219779403013 2.0577975991420407 2.05757322034378 2.0573488415455192 2.0571244627472587 2.0569000839489986 2.056675705150738 2.0564513263524775 2.056226947554217 2.0560025687559564 2.0565315572381455 2.0578659123737992 2.0592002675094534 2.0605346226451076 2.0618689777807613 2.0632033329164154 2.064537688052072 2.065872043187726 2.0672063983233797 2.068540753459034 2.069875108594688 2.0712094637303418 2.072543818865996 2.07387817400165 2.075212529137304 2.076546884272958
2.06276981082061 2.0625766989300596 2.0623835870395086 2.062190475148958 2.0619973632584077 2.061804251367857 2.0616111394773067 2.0614180275867557 2.0612249156962053 2.0610318038056543 2.060838691915104 2.0606455800245533 2.060452468134003 2.0602593562434524 2.0600662443529014 2.059873132462351 2.0596800205718004 2.05948690868125 2.0592937967906995 2.059100684900149 2.058907573009598 2.058714461119047 2.0585213492284966 2.058328237337946 2.0581351254473956 2.057942013556845 2.0577489016662946 2.0575557897757437 2.0581547151103807 2.059600346143583 2.061045977176785 2.0624916082099864 2.0639372392431885 2.0653828702763906 2.066828501309595 2.068274132342797 2.0697197633759985 2.0711653944092006 2.0726110254424026 2.074056656475604 2.0755022875088063 2.0769479185420083 2.07839354957521 2.079839180608412
2.0634788253322287 2.0633169803493883 2.0631551353665474 2.062993290383707 2.062831445400866 2.0626696004180256 2.0625077554351847 2.0623459104523443 2.0621840654695034 2.0620222204866625 2.061860375503822 2.0616985305209816 2.0615366855381407 2.0613748405553003 2.0612129955724594 2.061051150589619 2.060889305606778 2.0607274606239376 2.0605656156410967 2.0604037706582563 2.060241925675416 2.0600800806925745 2.059918235709734 2.0597563907268936 2.0595945457440528 2.0594327007612123 2.0592708557783714 2.059109010795531 2.059777872982616 2.0613347799133654 2.0628916868441154 2.0644485937748653 2.0660055007056153 2.067562407636365 2.0691193145671174 2.0706762214978673 2.0722331284286173 2.073790035359367 2.0753469422901167 2.0769038492208667 2.0784607561516166 2.080017663082366 2.081574570013116 2.083131476943866
2.064187839843848 2.0640572617687174 2.0639266836935866 2.0637961056184557 2.063665527543325 2.0635349494681945 2.0634043713930637 2.063273793317933 2.063143215242802 2.063012637167671 2.0628820590925407 2.06275148101741 2.062620902942279 2.0624903248671487 2.062359746792018 2.062229168716887 2.0620985906417566 2.0619680125666258 2.061837434491495 2.061706856416364 2.0615762783412337 2.061445700266103 2.061315122190972 2.061184544115841 2.0610539660407103 2.06092338796558 2.060792809890449 2.0606622318153183 2.061401030854851 2.063069213683149 2.064737396511447 2.0664055793397442 2.068073762168042 2.06974194499634 2.0714101278246404 2.0730783106529382 2.074746493481236 2.0764146763095335 2.0780828591378313 2.079751041966129 2.081419224794427 2.0830874076227244 2.084755590451022 2.08642377327932
2.0648968543554664 2.064797543188046 2.0646982320206253 2.0645989208532045 2.0644996096857837 2.064400298518363 2.064300987350942 2.0642016761835214 2.0641023650161 2.0640030538486793 2.063903742681259 2.063804431513838 2.0637051203464174 2.0636058091789966 2.063506498011576 2.063407186844155 2.0633078756767342 2.0632085645093134 2.0631092533418927 2.063009942174472 2.062910631007051 2.0628113198396303 2.0627120086722095 2.0626126975047887 2.062513386337368 2.062414075169947 2.0623147640025263 2.0622154528351055 2.0630241887270864 2.064803647452932 2.0665831061787774 2.068362564904623 2.070142023630469 2.0719214823563146 2.0737009410821634 2.0754803998080087 2.0772598585338544 2.0790393172597 2.080818775985546 2.0825982347113916 2.084377693437237 2.0861571521630826 2.0879366108889283 2.089716069614774
2.0656058688670855 2.065537824607375 2.0654697803476636 2.065401736087953 2.065333691828242 2.0652656475685314 2.0651976033088206 2.06512955904911 2.0650615147893987 2.064993470529688 2.064925426269977 2.0648573820102665 2.0647893377505553 2.0647212934908445 2.064653249231134 2.064585204971423 2.0645171607117123 2.064449116452001 2.0643810721922904 2.0643130279325796 2.064244983672869 2.0641769394131577 2.064108895153447 2.0640408508937362 2.0639728066340255 2.0639047623743147 2.0638367181146036 2.063768673854893 2.0646473465993216 2.066538081222715 2.068428815846109 2.0703195504695024 2.072210285092896 2.0741010197162892 2.0759917543396864 2.0778824889630796 2.079773223586473 2.081663958209867 2.0835546928332604 2.085445427456654 2.0873361620800477 2.089226896703441 2.0911176313268345 2.093008365950228
2.0663148833787046 2.0662781060267035 2.066241328674703 2.066204551322702 2.066167773970701 2.0661309966187003 2.066094219266699 2.0660574419146984 2.0660206645626973 2.0659838872106966 2.0659471098586955 2.0659103325066948 2.0658735551546936 2.065836777802693 2.065800000450692 2.065763223098691 2.06572644574669 2.0656896683946893 2.065652891042688 2.0656161136906874 2.0655793363386863 2.0655425589866856 2.0655057816346845 2.0654690042826838 2.0654322269306826 2.065395449578682 2.065358672226681 2.06532189487468 2.066270504471557 2.0682725149924983 2.07027452551344 2.072276536034381 2.0742785465553224 2.076280557076264 2.078282567597209 2.0802845781181505 2.082286588639092 2.084288599160033 2.0862906096809746 2.088292620201916 2.0902946307228576 2.092296641243799 2.0942986517647406 2.096300662285682
