Figures/CREST_Example_wjb_NSE/PETs/wjb.pet.20090617.asc
ncols            288
nrows            254
xllcorner        113.274861
yllcorner        31.4918055
cellsize         0.008333333333
NODATA_value     -9999
[rows 80 to 99 of 254, columns 132 to 175 of 288]
1.988084141319271 1.9910927664865157 1.9941013916537602 1.9971100168210048 2.0001186419882493 2.003127267155494 2.006135892322739 2.0091445174899834 2.012153142657228 2.0151617678244724 2.018170392991717 2.021179018158967 2.0241876433262114 2.027196268493456 2.0302048936607004 2.033213518827945 2.03622214399519 2.0392307691624345 2.042239394329679 2.0452480194969236 2.048256644664168 2.0512652698314127 2.054273894998657 2.057282520165902 2.0602911453331516 2.063299770500396 2.066308395667641 2.0693170208348857 2.07232564600213 2.0753342711693747 2.079763575627535 2.085711618385537 2.0916596611435385 2.09760770390154 2.1035557466595423 2.109503789417544 2.1154518321755456 2.1213998749335574 2.127347917691559 2.1332959604495607 2.1392440032075624 2.145192045965564 2.1511400887235657 2.1570881314815673
1.9813808242545186 1.9844266389481637 1.9874724536418091 1.9905182683354543 1.9935640830290997 1.9966098977227449 1.99965571241639 2.0027015271100352 2.005747341803681 2.008793156497326 2.011838971190971 2.0148847858846217 2.017930600578267 2.020976415271912 2.0240222299655577 2.027068044659203 2.030113859352848 2.0331596740464932 2.036205488740139 2.039251303433784 2.042297118127429 2.0453429328210744 2.0483887475147196 2.051434562208365 2.0544803769020157 2.057526191595661 2.060572006289306 2.063617820982951 2.066663635676597 2.069709450370242 2.0741348919076787 2.080035185750314 2.0859354795929494 2.0918357734355846 2.09773606727822 2.1036363611208553 2.109536654963491 2.115436948806136 2.1213372426487718 2.127237536491407 2.1331378303340425 2.1390381241766776 2.144938418019313 2.1508387118619483
1.9746775071897658 1.9777605114098118 1.9808435156298578 1.9839265198499039 1.9870095240699497 1.9900925282899957 1.9931755325100418 1.9962585367300876 1.9993415409501336 2.0024245451701796 2.0055075493902255 2.0085905536102766 2.011673557830323 2.0147565620503687 2.0178395662704145 2.0209225704904608 2.0240055747105066 2.0270885789305524 2.0301715831505986 2.0332545873706445 2.0363375915906903 2.0394205958107365 2.0425036000307824 2.045586604250828 2.0486696084708798 2.0517526126909256 2.0548356169109714 2.0579186211310176 2.0610016253510635 2.0640846295711093 2.0685062081878227 2.0743587531150913 2.0802112980423604 2.0860638429696294 2.0919163878968985 2.0977689328241675 2.1036214777514366 2.109474022678716 2.115326567605985 2.121179112533254 2.127031657460523 2.1328842023877916 2.1387367473150607 2.1445892922423297
1.9679741901250134 1.97109438387146 1.9742145776179068 1.9773347713643534 1.9804549651108 1.9835751588572468 1.9866953526036932 1.98981554635014 1.9929357400965866 1.9960559338430333 1.99917612758948 2.002296321335932 2.0054165150823784 2.0085367088288253 2.0116569025752717 2.0147770963217186 2.017897290068165 2.021017483814612 2.0241376775610584 2.0272578713075053 2.030378065053952 2.0334982588003987 2.036618452546845 2.0397386462932916 2.042858840039744 2.0459790337861903 2.049099227532637 2.0522194212790836 2.0553396150255305 2.058459808771977 2.0628775244679662 2.068682320479869 2.0744871164917718 2.0802919125036743 2.0860967085155773 2.09190150452748 2.0977063005393823 2.103511096551295 2.1093158925631976 2.1151206885751006 2.120925484587003 2.1267302805989057 2.1325350766108087 2.138339872622711
1.9612708730602608 1.9644282563331081 1.9675856396059554 1.9707430228788028 1.97390040615165 1.9770577894244974 1.980215172697345 1.9833725559701922 1.9865299392430396 1.9896873225158869 1.9928447057887342 1.996002089061587 1.9991594723344344 2.0023168556072815 2.005474238880129 2.0086316221529765 2.0117890054258236 2.014946388698671 2.0181037719715182 2.021261155244366 2.024418538517213 2.0275759217900604 2.030733305062908 2.033890688335755 2.037048071608608 2.040205454881455 2.0433628381543025 2.04652022142715 2.049677604699997 2.0528349879728447 2.05724884074811 2.0630058878446467 2.0687629349411827 2.074519982037719 2.0802770291342556 2.086034076230792 2.091791123327328 2.0975481704238743 2.1033052175204108 2.1090622646169472 2.1148193117134837 2.1205763588100197 2.126333405906556 2.1320904530030926
1.9545675559955025 1.9577621287947506 1.9609567015939986 1.9641512743932468 1.9673458471924947 1.970540419991743 1.9737349927909908 1.976929565590239 1.980124138389487 1.9833187111887352 1.986513283987983 1.9897078567872366 1.9929024295864848 1.9960970023857327 1.999291575184981 2.002486147984229 2.005680720783477 2.008875293582725 2.012069866381973 2.0152644391812213 2.018459011980469 2.0216535847797172 2.0248481575789654 2.0280427303782136 2.031237303177467 2.034431875976715 2.037626448775963 2.040821021575211 2.0440155943744593 2.047210167173707 2.0516201570282493 2.0573294552094192 2.063038753390589 2.068748051571759 2.074457349752929 2.080166647934099 2.085875946115269 2.0915852442964487 2.0972945424776186 2.1030038406587885 2.1087131388399585 2.1144224370211284 2.1201317352022984 2.1258410333834683
1.94786423893075 1.9510960012563987 1.9543277635820473 1.957559525907696 1.960791288233345 1.9640230505589937 1.9672548128846423 1.9704865752102911 1.97371833753594 1.9769500998615888 1.9801818621872374 1.9834136245128917 1.9866453868385405 1.9898771491641891 1.993108911489838 1.9963406738154867 1.9995724361411356 2.002804198466784 2.006035960792433 2.0092677231180818 2.0124994854437306 2.0157312477693794 2.018963010095028 2.0221947724206766 2.025426534746331 2.02865829707198 2.0318900593976283 2.035121821723277 2.038353584048926 2.041585346374575 2.045991473308393 2.0516530225741967 2.05731457184 2.062976121105804 2.0686376703716074 2.0742992196374113 2.0799607689032147 2.085622318169028 2.0912838674348317 2.096945416700635 2.102606965966439 2.1082685152322425 2.113930064498046 2.1195916137638497
1.9411609218659975 1.944429873718047 1.9476988255700964 1.9509677774221457 1.9542367292741951 1.9575056811262446 1.960774632978294 1.9640435848303435 1.967312536682393 1.9705814885344424 1.9738504403864918 1.9771193922385468 1.9803883440905963 1.9836572959426457 1.9869262477946952 1.9901951996467446 1.993464151498794 1.9967331033508435 2.0000020552028928 2.003271007054942 2.0065399589069917 2.009808910759041 2.0130778626110906 2.01634681446314 2.0196157663151952 2.0228847181672447 2.026153670019294 2.0294226218713436 2.032691573723393 2.0359605255754425 2.040362789588537 2.045976589938974 2.0515903902894115 2.057204190639849 2.062817990990286 2.068431791340723 2.0740455916911604 2.0796593920416075 2.085273192392045 2.090886992742482 2.096500793092919 2.1021145934433565 2.107728393793794 2.113342194144231
1.938053363736575 1.9413265141988316 1.9445996646610881 1.9478728151233446 1.9511459655856012 1.9544191160478577 1.9576922665101142 1.9609654169723707 1.9642385674346272 1.9675117178968837 1.9707848683591405 1.9740580188214025 1.977331169283659 1.9806043197459156 1.983877470208172 1.9871506206704286 1.990423771132685 1.9936969215949416 1.9969700720571981 2.0002432225194546 2.003516372981711 2.0067895234439677 2.010062673906224 2.0133358243684807 2.016608974830743 2.0198821252929995 2.023155275755256 2.0264284262175125 2.029701576679769 2.0329747271420255 2.0373580395636255 2.042928140233257 2.0484982409028887 2.05406834157252 2.059638442242152 2.0652085429117832 2.070778643581415 2.076348744251056 2.0819188449206876 2.0874889455903194 2.093059046259951 2.0986291469295826 2.1041992475992144 2.1097693482688458
1.9387894452027494 1.9420315290658214 1.9452736129288932 1.9485156967919652 1.951757780655037 1.954999864518109 1.9582419483811808 1.9614840322442528 1.9647261161073248 1.9679681999703966 1.9712102838334686 1.974452367696546 1.9776944515596178 1.9809365354226898 1.9841786192857616 1.9874207031488336 1.9906627870119054 1.9939048708749774 1.9971469547380492 2.000389038601121 2.003631122464193 2.006873206327265 2.010115290190337 2.0133573740534088 2.0165994579164863 2.019841541779558 2.02308362564263 2.0263257095057017 2.029567793368774 2.0328098772318457 2.0371581092242104 2.0426888385894846 2.048219567954759 2.053750297320033 2.0592810266853068 2.064811756050581 2.070342485415855 2.0758732147811387 2.081403944146413 2.086934673511687 2.0924654028769614 2.0979961322422356 2.1035268616075093 2.1090575909727836
1.9395255266689242 1.9427365439328115 1.9459475611966988 1.949158578460586 1.952369595724473 1.9555806129883604 1.9587916302522477 1.962002647516135 1.9652136647800222 1.9684246820439095 1.9716356993077966 1.9748467165716894 1.9780577338355767 1.981268751099464 1.984479768363351 1.9876907856272383 1.9909018028911256 1.994112820155013 1.9973238374189002 2.0005348546827872 2.0037458719466748 2.006956889210562 2.010167906474449 2.0133789237383364 2.016589941002229 2.0198009582661163 2.0230119755300033 2.026222992793891 2.029434010057778 2.0326450273216654 2.0369581788847952 2.042449536945712 2.0479408950066285 2.053432253067545 2.0589236111284617 2.0644149691893787 2.0699063272502953 2.0753976853112213 2.080889043372138 2.0863804014330545 2.0918717594939715 2.097363117554888 2.1028544756158047 2.1083458336767213
1.940261608135099 1.9434415587998015 1.946621509464504 1.9498014601292069 1.9529814107939094 1.956161361458612 1.9593413121233145 1.962521262788017 1.9657012134527199 1.9688811641174224 1.972061114782125 1.975241065446833 1.9784210161115356 1.9816009667762382 1.9847809174409408 1.9879608681056433 1.991140818770346 1.9943207694350487 1.9975007200997512 2.0006806707644538 2.0038606214291566 2.007040572093859 2.0102205227585617 2.0134004734232644 2.016580424087972 2.019760374752675 2.0229403254173777 2.02612027608208 2.029300226746783 2.032480177411485 2.03675824854538 2.0422102353019396 2.0476622220584986 2.053114208815058 2.058566195571617 2.0640181823281765 2.0694701690847355 2.0749221558413042 2.0803741425978632 2.0858261293544227 2.0912781161109817 2.096730102867541 2.1021820896241 2.1076340763806596
1.9409976896012742 1.944146573666792 1.94729545773231 1.9504443417978279 1.9535932258633457 1.9567421099288638 1.9598909939943816 1.9630398780598997 1.9661887621254175 1.9693376461909355 1.9724865302564534 1.9756354143219768 1.9787842983874946 1.9819331824530126 1.9850820665185305 1.9882309505840485 1.9913798346495664 1.9945287187150842 1.9976776027806022 2.0008264868461203 2.003975370911638 2.007124254977156 2.010273139042674 2.013422023108192 2.016570907173715 2.019719791239233 2.022868675304751 2.026017559370269 2.029166443435787 2.032315327501305 2.0365583182059646 2.0419709336581664 2.0473835491103682 2.05279616456257 2.0582087800147715 2.0636213954669733 2.069034010919175 2.0744466263713863 2.0798592418235877 2.0852718572757896 2.0906844727279914 2.0960970881801932 2.1015097036323946 2.1069223190845965
1.9417337710674487 1.944851588533782 1.9479694060001154 1.9510872234664487 1.954205040932782 1.9573228583991154 1.9604406758654485 1.9635584933317818 1.9666763107981151 1.9697941282644484 1.9729119457307818 1.9760297631971204 1.9791475806634535 1.9822653981297869 1.9853832155961202 1.9885010330624535 1.9916188505287868 1.9947366679951202 1.9978544854614533 2.000972302927787 2.00409012039412 2.007207937860453 2.0103257553267864 2.0134435727931197 2.0165613902594584 2.0196792077257917 2.022797025192125 2.0259148426584583 2.0290326601247917 2.032150477591125 2.03635838786655 2.041731632014394 2.0471048761622384 2.0524781203100826 2.057851364457927 2.063224608605771 2.0685978527536153 2.073971096901469 2.079344341049313 2.0847175851971573 2.0900908293450016 2.0954640734928462 2.1008373176406905 2.1062105617885347
1.9424698525336233 1.9455566034007719 1.9486433542679207 1.9517301051350693 1.9548168560022179 1.9579036068693665 1.960990357736515 1.9640771086036637 1.9671638594708125 1.9702506103379611 1.9733373612051097 1.9764241120722637 1.9795108629394123 1.9825976138065609 1.9856843646737095 1.9887711155408583 1.9918578664080069 1.9949446172751555 1.998031368142304 2.001118119009453 2.0042048698766015 2.00729162074375 2.0103783716108987 2.0134651224780473 2.0165518733452013 2.01963862421235 2.0227253750794985 2.025812125946647 2.0288988768137957 2.0319856276809443 2.0361584575271343 2.0414923303706214 2.046826203214108 2.0521600760575947 2.0574939489010817 2.0628278217445684 2.0681616945880554 2.0734955674315514 2.078829440275038 2.084163313118525 2.0894971859620117 2.0948310588054984 2.1001649316489854 2.105498804492472
1.943205933999798 1.9462616182677621 1.949317302535726 1.95237298680369 1.955428671071654 1.958484355339618 1.961540039607582 1.964595723875546 1.96765140814351 1.970707092411474 1.9737627766794381 1.9768184609474073 1.9798741452153712 1.9829298294833353 1.9859855137512992 1.9890411980192633 1.9920968822872271 1.9951525665551912 1.9982082508231553 2.0012639350911194 2.0043196193590833 2.007375303627047 2.010430987895011 2.0134866721629754 2.0165423564309446 2.0195980406989085 2.0226537249668723 2.0257094092348367 2.0287650935028005 2.0318207777707644 2.0359585271877196 2.0412530287268487 2.046547530265978 2.0518420318051076 2.057136533344237 2.062431034883366 2.0677255364224956 2.073020037961634 2.0783145395007634 2.083609041039893 2.088903542579022 2.0941980441181514 2.099492545657281 2.1047870471964103
1.9439420154659728 1.9469666331347522 1.9499912508035313 1.9530158684723107 1.95604048614109 1.9590651038098694 1.9620897214786488 1.9651143391474282 1.9681389568162075 1.971163574484987 1.974188192153766 1.9772128098225508 1.98023742749133 1.9832620451601093 1.9862866628288887 1.989311280497668 1.9923358981664474 1.9953605158352268 1.9983851335040062 2.0014097511727855 2.0044343688415647 2.0074589865103443 2.0104836041791234 2.013508221847903 2.0165328395166875 2.0195574571854666 2.022582074854246 2.0256066925230254 2.0286313101918045 2.031655927860584 2.035758596848304 2.041013727083076 2.046268857317848 2.0515239875526197 2.056779117787392 2.062034248022164 2.0672893782569357 2.0725445084917165 2.0777996387264883 2.08305476896126 2.088309899196032 2.093565029430804 2.098820159665576 2.104075289900348
1.9446780969321473 1.947671648001742 1.9506651990713366 1.9536587501409313 1.9566523012105261 1.9596458522801208 1.9626394033497154 1.9656329544193103 1.968626505488905 1.9716200565584996 1.9746136076280942 1.9776071586976942 1.9806007097672889 1.9835942608368835 1.9865878119064784 1.989581362976073 1.9925749140456677 1.9955684651152623 1.9985620161848572 2.001555567254452 2.0045491183240465 2.0075426693936413 2.0105362204632358 2.0135297715328306 2.0165233226024304 2.0195168736720253 2.02251042474162 2.0255039758112146 2.0284975268808094 2.031491077950404 2.035558666508889 2.0407744254393037 2.045990184369718 2.0512059433001326 2.056421702230547 2.061637461160961 2.066853220091376 2.072068979021799 2.0772847379522137 2.082500496882628 2.087716255813042 2.092932014743457 2.098147773673871 2.103363532604286
1.9454141783983225 1.9483766628687327 1.9513391473391426 1.9543016318095527 1.9572641162799627 1.9602266007503728 1.9631890852207827 1.9661515696911929 1.9691140541616028 1.972076538632013 1.9750390231024229 1.9780015075728379 1.980963992043248 1.9839264765136582 1.986888960984068 1.9898514454544782 1.9928139299248881 1.9957764143952983 1.9987388988657082 2.001701383336118 2.0046638678065283 2.0076263522769384 2.0105888367473486 2.0135513212177583 2.0165138056881733 2.0194762901585834 2.0224387746289936 2.0254012590994037 2.0283637435698134 2.0313262280402236 2.035358736169474 2.040535123795531 2.0457115114215876 2.0508878990476447 2.056064286673702 2.0612406742997584 2.0664170619258155 2.0715934495518815 2.076769837177938 2.0819462248039953 2.0871226124300524 2.092299000056109 2.097475387682166 2.1026517753082232
1.9461502598644973 1.9490816777357227 1.9520130956069481 1.9549445134781736 1.957875931349399 1.9608073492206242 1.9637387670918496 1.966670184963075 1.9696016028343004 1.9725330207055258 1.9754644385767512 1.9783958564479815 1.981327274319207 1.9842586921904324 1.9871901100616578 1.9901215279328832 1.9930529458041086 1.995984363675334 1.9989157815465592 2.0018471994177847 2.00477861728901 2.0077100351602355 2.010641453031461 2.0135728709026863 2.0165042887739166 2.019435706645142 2.0223671245163675 2.025298542387593 2.0282299602588183 2.0311613781300437 2.0351588058300587 2.040295822151758 2.0454328384734577 2.050569854795157 2.0557068711168567 2.060843887438556 2.0659809037602557 2.071117920081964 2.0762549364036635 2.081391952725363 2.0865289690470625 2.091665985368762 2.0968030016904615 2.101940018012161
