Figures/CREST_Example_wjb_NSE/PETs/wjb.pet.20090511.asc
ncols            288
nrows            254
xllcorner        113.274861
yllcorner        31.4918055
cellsize         0.008333333333
NODATA_value     -9999
[rows 200 to 219 of 254, columns 88 to 131 of 288]
2.5146864495196617 2.509190516217626 2.50369458291559 2.498198649613544 2.4927027163115083 2.487206783009472 2.481710849707436 2.4762149164054 2.470718983103364 2.465223049801328 2.459727116499292 2.4542311831972556 2.4487352498952197 2.443239316593184 2.4365268269126275 2.428513810955637 2.4205007949986324 2.412487779041642 2.4044747630846515 2.3964617471276606 2.38844873117067 2.3804357152136792 2.372422699256689 2.3644096832996984 2.3563966673427075 2.348383651385717 2.340370635428726 2.3323576194717357 2.3243446035147453 2.3163315875577406 2.30831857160075 2.3003055556437593 2.292292539686769 2.2842795237297784 2.2762665077727875 2.268253491815797 2.260240475858806 2.2522274599018157 2.2442144439448253 2.2362014279878344 2.228188412030844 2.220175396073853 2.212162380116849 2.2041493641598584
2.532488475012525 2.5269160304752063 2.521343585937887 2.5157711414005584 2.510198696863239 2.5046262523259197 2.499053807788601 2.4934813632512816 2.4879089187139622 2.4823364741766434 2.476764029639324 2.4711915851020048 2.465619140564686 2.4600466960273666 2.453037948103988 2.4444937593843727 2.4359495706647425 2.4274053819451273 2.4188611932255117 2.4103170045058966 2.401772815786281 2.3932286270666654 2.3846844383470502 2.3761402496274346 2.3675960609078195 2.359051872188204 2.3505076834685883 2.341963494748973 2.3334193060293575 2.3248751173097277 2.316330928590112 2.3077867398704965 2.2992425511508814 2.290698362431266 2.2821541737116506 2.273609984992035 2.2650657962724194 2.2565216075528043 2.2479774188331887 2.2394332301135735 2.230889041393958 2.2223448526743423 2.2138006639547125 2.205256475235097
2.5502905005053886 2.5446415447327864 2.538992588960184 2.533343633187572 2.52769467741497 2.5220457216423675 2.5163967658697652 2.510747810097163 2.5050988543245607 2.4994498985519584 2.493800942779356 2.488151987006754 2.4825030312341516 2.4768540754615493 2.4695490692953483 -9999.0 -9999.0 -9999.0 2.433247623366372 2.4241722618841317 2.415096900401892 2.4060215389196515 2.3969461774374112 2.387870815955171 2.378795454472931 2.3697200929906908 2.3606447315084504 2.35156937002621 2.3424940085439703 2.3334186470617144 2.324343285579474 2.3152679240972343 2.306192562614994 2.2971172011327536 2.2880418396505133 2.2789664781682735 2.269891116686033 2.260815755203793 2.2517403937215525 2.2426650322393127 2.2335896707570724 2.224514309274832 2.2154389477925767 2.2063635863103364
2.568092525998252 2.5623670589903664 2.556641591982481 2.550916124974586 2.5451906579667005 2.5394651909588153 2.53373972395093 2.5280142569430444 2.522288789935159 2.516563322927274 2.5108378559193882 2.505112388911503 2.4993869219036178 2.493661454895732 2.486060190486709 -9999.0 -9999.0 -9999.0 -9999.0 2.4380275192623677 2.4284209850175027 -9999.0 2.4092079165277727 2.3996013822829076 2.3899948480380426 2.3803883137931776 2.370781779548313 2.361175245303448 2.351568711058583 2.3419621768137016 2.3323556425688365 2.3227491083239715 2.3131425740791065 2.3035360398342415 2.2939295055893765 2.2843229713445115 2.274716437099647 2.265109902854782 2.255503368609917 2.245896834365052 2.236290300120187 2.226683765875322 2.2170772316304403 2.2074706973855753
2.5858945514911227 2.5800925732479545 2.574290595004786 2.5684886167616074 2.562686638518439 2.55688466027527 2.551082682032102 2.5452807037889333 2.5394787255457647 2.5336767473025965 2.527874769059428 2.5220727908162592 2.5162708125730906 2.5104688343299224 -9999.0 -9999.0 -9999.0 -9999.0 -9999.0 -9999.0 -9999.0 -9999.0 -9999.0 2.4113319486106493 2.4011942416031595 2.3910565345956694 2.3809188275881796 2.3707811205806895 2.3606434135731997 2.3505057065656922 2.340367999558202 2.3302302925507123 2.320092585543222 2.3099548785357324 2.2998171715282423 2.2896794645207525 2.2795417575132624 2.269404050505772 2.2592663434982825 2.2491286364907923 2.2389909294833026 2.2288532224758124 2.2187155154683054 2.208577808460815
2.603696576983986 2.5978180875055346 2.591939598027083 2.586061108548621 2.5801826190701695 2.574304129591718 2.5684256401132664 2.5625471506348148 2.556668661156363 2.5507901716779116 2.5449116821994595 2.539033192721008 2.5331547032425563 2.5272762137641047 -9999.0 -9999.0 -9999.0 -9999.0 -9999.0 -9999.0 -9999.0 -9999.0 -9999.0 -9999.0 2.412393635168271 2.401724755398156 2.3910558756280413 2.3803869958579265 2.369718116087812 2.359049236317679 2.348380356547564 2.337711476777449 2.3270425970073347 2.31637371723722 2.305704837467105 2.29503595769699 2.2843670779268757 2.2736981981567608 2.263029318386646 2.252360438616531 2.2416915588464166 2.2310226790763017 2.2203537993061686 2.2096849195360537
2.6214986024768496 2.6155436017631146 2.60958860104938 2.6036336003356353 2.5976785996219003 2.5917235989081657 2.5857685981944307 2.579813597480696 2.5738585967669616 2.5679035960532266 2.561948595339492 2.5559935946257575 2.5500385939120225 2.544083593198288 2.5355935540607972 -9999.0 -9999.0 -9999.0 -9999.0 -9999.0 -9999.0 -9999.0 -9999.0 -9999.0 2.4235930287333827 2.412392976200643 2.401192923667904 2.3899928711351643 2.3787928186024248 2.367592766069666 2.3563927135369265 2.345192661004187 2.3339926084714473 2.3227925559387077 2.311592503405968 2.3003924508732285 2.289192398340489 2.27799234580775 2.26679229327501 2.2555922407422706 2.244392188209531 2.2331921356767914 2.2219920831440327 2.210792030611293
2.63930062796972 2.6332691160207022 2.6272376040716843 2.621206092122656 2.6151745801736386 2.6091430682246206 2.6031115562756026 2.5970800443265847 2.5910485323775667 2.585017020428549 2.5789855084795312 2.5729539965305133 2.5669224845814953 2.5608909726324773 2.552104675252165 -9999.0 -9999.0 -9999.0 -9999.0 -9999.0 -9999.0 -9999.0 -9999.0 -9999.0 -9999.0 2.423061197003135 2.41132997170777 2.399598746412406 2.387867521117041 2.3761362958216563 2.364405070526292 2.3526738452309273 2.340942619935563 2.329211394640198 2.317480169344834 2.305748944049469 2.294017718754105 2.28228649345874 2.270555268163376 2.258824042868011 2.2470928175726463 2.235361592277282 2.2236303669818973 2.211899141686533
2.645822977587458 2.63978672103206 2.6337504644766616 2.627714207921253 2.6216779513658546 2.6156416948104564 2.609605438255058 2.60356918169966 2.597532925144262 2.5914966685888636 2.5854604120334654 2.5794241554780672 2.573387898922669 2.5673516423672704 2.558604453904032 -9999.0 -9999.0 -9999.0 -9999.0 -9999.0 -9999.0 -9999.0 -9999.0 -9999.0 -9999.0 -9999.0 -9999.0 -9999.0 -9999.0 2.38392591435194 2.372280678381803 2.3606354424116662 2.3489902064415293 2.3373449704713924 2.3256997345012556 2.314054498531119 2.302409262560982 2.2907640265908453 2.2791187906207084 2.2674735546505715 2.2558283186804347 2.2441830827102978 2.2325378467401413 2.2208926107700044
2.640288064626637 2.6343237774678703 2.6283594903091037 2.622395203150327 2.61643091599156 2.6104666288327936 2.604502341674027 2.5985380545152603 2.5925737673564937 2.586609480197727 2.5806451930389604 2.574680905880194 2.568716618721427 2.5627523315626606 2.554402738373007 -9999.0 -9999.0 -9999.0 -9999.0 -9999.0 -9999.0 -9999.0 -9999.0 -9999.0 -9999.0 -9999.0 -9999.0 -9999.0 -9999.0 -9999.0 -9999.0 2.369110570760912 2.3582110314896148 2.347311492218317 2.3364119529470195 2.325512413675722 2.3146128744044248 2.303713335133127 2.2928137958618295 2.281914256590532 2.2710147173192343 2.260115178047937 2.249215638776621 2.2383160995053233
2.6347531516658136 2.6288608339036785 2.6229685161415435 2.6170761983793986 2.6111838806172636 2.6052915628551285 2.5993992450929935 2.5935069273308584 2.5876146095687234 2.5817222918065883 2.5758299740444532 2.569937656282318 2.564045338520183 2.558153020758048 2.55020102284198 -9999.0 -9999.0 -9999.0 -9999.0 -9999.0 -9999.0 -9999.0 -9999.0 -9999.0 -9999.0 -9999.0 -9999.0 -9999.0 -9999.0 -9999.0 -9999.0 2.3775856991101616 2.3674318565377037 2.357278013965246 2.3471241713927884 2.3369703288203305 2.3268164862478726 2.3166626436754147 2.306508801102957 2.296354958530499 2.286201115958041 2.276047273385583 2.265893430813108 2.25573958824065
2.629218238704992 2.623397890339489 2.6175775419739855 2.611757193608472 2.6059368452429688 2.6001164968774653 2.5942961485119618 2.5884758001464583 2.582655451780955 2.5768351034154513 2.571014755049948 2.5651944066844448 2.5593740583189413 2.553553709953438 -9999.0 -9999.0 -9999.0 -9999.0 -9999.0 -9999.0 -9999.0 -9999.0 -9999.0 -9999.0 -9999.0 -9999.0 -9999.0 -9999.0 -9999.0 -9999.0 2.3954689733330263 2.3860608274594077 2.376652681585789 2.367244535712171 2.3578363898385524 2.3484282439649338 2.339020098091315 2.3296119522176966 2.3202038063440784 2.31079566047046 2.301387514596841 2.2919793687232226 2.2825712228495885 2.27316307697597
2.623683325744171 2.6179349467752995 2.6121865678064276 2.606438188837546 2.600689809868674 2.594941430899802 2.5891930519309305 2.5834446729620586 2.5776962939931867 2.5719479150243147 2.5661995360554433 2.5604511570865713 2.5547027781176994 2.5489543991488275 -9999.0 -9999.0 -9999.0 -9999.0 -9999.0 -9999.0 -9999.0 -9999.0 -9999.0 -9999.0 -9999.0 -9999.0 -9999.0 -9999.0 -9999.0 -9999.0 2.4031984049834327 2.394535955808654 2.3858735066338745 2.3772110574590952 2.3685486082843163 2.359886159109537 2.3512237099347577 2.342561260759979 2.3338988115851995 2.32523636241042 2.316573913235641 2.307911464060862 2.299249014886068 2.2905865657112887
2.6181484127833476 2.6124720032111073 2.6067955936388674 2.6011191840666172 2.595442774494377 2.589766364922137 2.5840899553498966 2.5784135457776567 2.5727371362054163 2.567060726633176 2.561384317060936 2.5557079074886957 2.5500314979164553 2.5443550883442154 -9999.0 -9999.0 -9999.0 -9999.0 -9999.0 -9999.0 -9999.0 -9999.0 -9999.0 -9999.0 -9999.0 -9999.0 -9999.0 -9999.0 2.4267613415857356 2.4188445891097823 2.4109278366338427 2.4030110841579035 2.395094331681964 2.3871775792060244 2.3792608267300848 2.371344074254145 2.3634273217782056 2.3555105693022664 2.347593816826327 2.3396770643503872 2.3317603118744477 2.323843559398508 2.315926806922555 2.3080100544466156
2.6126134998225266 2.6070090596469178 2.6014046194713094 2.5958001792956913 2.5901957391200825 2.584591298944474 2.5789868587688654 2.5733824185932566 2.567777978417648 2.5621735382420394 2.556569098066431 2.5509646578908223 2.545360217715214 -9999.0 -9999.0 -9999.0 -9999.0 -9999.0 -9999.0 -9999.0 -9999.0 -9999.0 -9999.0 -9999.0 -9999.0 -9999.0 -9999.0 -9999.0 2.432999379838462 2.42582832406135 2.4186572682842495 2.4114862125071497 2.4043151567300494 2.397144100952949 2.389973045175849 2.382801989398749 2.3756309336216486 2.3684598778445483 2.3612888220674484 2.354117766290348 2.3469467105132478 2.3397756547361475 2.332604598959035 2.325433543181935
2.6070785868617055 2.6015461160827282 2.5960136453037514 2.590481174524765 2.5849487037457877 2.579416232966811 2.5738837621878337 2.568351291408857 2.5628188206298796 2.557286349850903 2.5517538790719256 2.546221408292949 -9999.0 -9999.0 -9999.0 -9999.0 -9999.0 -9999.0 -9999.0 -9999.0 -9999.0 -9999.0 -9999.0 -9999.0 -9999.0 -9999.0 -9999.0 -9999.0 2.4392374180911887 2.432812059012917 2.426386699934656 2.4199613408563954 2.4135359817781343 2.4071106226998737 2.4006852636216127 2.3942599045433517 2.387834545465091 2.38140918638683 2.3749838273085695 2.3685584682303085 2.3621331091520474 2.355707750073787 2.3492823909955147 2.342857031917254
2.601543673900884 2.5960831725185387 2.590622671136193 2.5851621697538385 2.579701668371493 2.5742411669891476 2.568780665606802 2.5633201642244567 -9999.0 -9999.0 -9999.0 -9999.0 -9999.0 -9999.0 -9999.0 -9999.0 -9999.0 -9999.0 -9999.0 -9999.0 -9999.0 -9999.0 -9999.0 -9999.0 -9999.0 -9999.0 -9999.0 -9999.0 -9999.0 2.4397957939644845 2.434116131585063 2.4284364692056415 2.4227568068262197 2.4170771444467984 2.4113974820673767 2.4057178196879554 2.4000381573085336 2.3943584949291123 2.3886788325496906 2.3829991701702693 2.3773195077908476 2.3716398454114263 2.365960183031995 2.3602805206525734
2.5960087609400606 2.590620228954347 2.585231696968633 2.5798431649829103 2.5744546329971962 2.5690661010114826 2.563677569025769 2.558289037040055 -9999.0 -9999.0 -9999.0 -9999.0 -9999.0 -9999.0 -9999.0 -9999.0 -9999.0 -9999.0 -9999.0 -9999.0 -9999.0 -9999.0 -9999.0 -9999.0 -9999.0 -9999.0 -9999.0 -9999.0 -9999.0 2.4467795289160548 2.441845563235473 2.436911597554891 2.431977631874309 2.4270436661937276 2.4221097005131456 2.4171757348325635 2.412241769151982 2.4073078034714 2.402373837790818 2.3974398721102363 2.3925059064296543 2.3875719407490723 2.3826379750684823 2.3777040093879003
2.590473847979239 2.585157285390157 2.579840722801075 2.5745241602119835 -9999.0 2.5638910350338193 -9999.0 -9999.0 -9999.0 -9999.0 -9999.0 -9999.0 -9999.0 -9999.0 -9999.0 -9999.0 -9999.0 -9999.0 -9999.0 -9999.0 -9999.0 -9999.0 -9999.0 -9999.0 -9999.0 -9999.0 -9999.0 -9999.0 -9999.0 -9999.0 -9999.0 2.4453867259041373 2.4411984569223946 2.4370101879406523 2.4328219189589095 2.4286336499771672 2.4244453809954245 2.420257112013682 2.4160688430319395 2.411880574050197 2.4076923050684544 2.403504036086712 2.3993157671049623 2.3951274981232196
2.584938935018418 2.5796943418259675 2.574449748633517 2.5692051554410575 -9999.0 -9999.0 -9999.0 -9999.0 -9999.0 -9999.0 -9999.0 -9999.0 -9999.0 -9999.0 -9999.0 -9999.0 -9999.0 -9999.0 -9999.0 -9999.0 -9999.0 -9999.0 -9999.0 -9999.0 -9999.0 -9999.0 -9999.0 -9999.0 -9999.0 -9999.0 -9999.0 2.453861854253383 2.45041928197048 2.4469767096875765 2.4435341374046735 2.4400915651217705 2.436648992838867 2.433206420555964 2.4297638482730606 2.4263212759901576 2.422878703707254 2.419436131424351 2.415993559141442 2.412550986858539
