Figures/CREST_Example_wjb_NSE/PETs/wjb.pet.20090916.asc
ncols            288
nrows            254
xllcorner        113.274861
yllcorner        31.4918055
cellsize         0.008333333333
NODATA_value     -9999
[rows 80 to 99 of 254, columns 88 to 131 of 288]
1.3321972517030414 1.3310692598982192 1.329941268093397 1.3288132762885732 1.327685284483751 1.3265572926789289 1.3254293008741067 1.3243013090692846 1.3231733172644624 1.3220453254596403 1.3209173336548181 1.319789341849996 1.3186613500451738 1.3175333582403517 1.3164664342738517 1.315464793207335 1.3144631521408165 1.3134615110742998 1.3124598700077832 1.3114582289412664 1.3104565878747496 1.309454946808233 1.3084533057417163 1.3074516646751997 1.306450023608683 1.305448382542166 1.3044467414756495 1.3034451004091328 1.302443459342616 1.3014418182760976 1.3004401772095808 1.2994385361430643 1.2984368950765475 1.297435254010031 1.2964336129435141 1.2954319718769973 1.2944303308104808 1.293428689743964 1.2924270486774472 1.2914254076109306 1.2904237665444138 1.289422125477897 1.2884204844113787 1.287418843344862
1.3249048918759887 1.3237645503079911 1.3226242087399933 1.3214838671719935 1.320343525603996 1.3192031840359981 1.3180628424680003 1.3169225009000025 1.315782159332005 1.3146418177640071 1.3135014761960093 1.3123611346280115 1.3112207930600137 1.3100804514920161 1.3089907042816613 1.3079550435836258 1.3069193828855887 1.3058837221875532 1.304848061489518 1.3038124007914824 1.3027767400934471 1.3017410793954116 1.3007054186973763 1.2996697579993408 1.2986340973013055 1.29759843660327 1.2965627759052347 1.2955271152071992 1.294491454509164 1.2934557938111266 1.2924201331130913 1.2913844724150558 1.2903488117170205 1.289313151018985 1.2882774903209497 1.2872418296229142 1.286206168924879 1.2851705082268434 1.2841348475288081 1.2830991868307726 1.2820635261327373 1.2810278654347018 1.2799922047366648 1.2789565440386292
1.317612532048936 1.3164598407177626 1.3153071493865893 1.3141544580554139 1.3130017667242406 1.3118490753930672 1.310696384061894 1.3095436927307205 1.308391001399547 1.3072383100683738 1.3060856187372003 1.304932927406027 1.3037802360748536 1.3026275447436801 1.3015149742894707 1.3004452939599167 1.2993756136303607 1.2983059333008067 1.2972362529712524 1.2961665726416984 1.2950968923121444 1.2940272119825902 1.2929575316530362 1.291887851323482 1.290818170993928 1.289748490664374 1.2886788103348197 1.2876091300052657 1.2865394496757117 1.2854697693461556 1.2844000890166016 1.2833304086870474 1.2822607283574934 1.2811910480279394 1.2801213676983851 1.2790516873688311 1.277982007039277 1.2769123267097229 1.2758426463801689 1.2747729660506146 1.2737032857210606 1.2726336053915066 1.2715639250619506 1.2704942447323966
1.3103201722218834 1.3091551311275345 1.3079900900331853 1.3068250489388344 1.3056600078444855 1.3044949667501364 1.3033299256557875 1.3021648845614384 1.3009998434670895 1.2998348023727406 1.2986697612783915 1.2975047201840426 1.2963396790896935 1.2951746379953446 1.2940392442972803 1.2929355443362076 1.2918318443751329 1.2907281444140601 1.2896244444529872 1.2885207444919144 1.2874170445308417 1.2863133445697688 1.285209644608696 1.2841059446476233 1.2830022446865506 1.2818985447254776 1.2807948447644049 1.2796911448033321 1.2785874448422592 1.2774837448811847 1.2763800449201117 1.275276344959039 1.2741726449979662 1.2730689450368935 1.2719652450758205 1.2708615451147478 1.269757845153675 1.2686541451926021 1.2675504452315294 1.2664467452704566 1.265343045309384 1.264239345348311 1.2631356453872362 1.2620319454261635
1.3030278123948307 1.3018504215373061 1.3006730306797816 1.299495639822255 1.2983182489647305 1.2971408581072057 1.2959634672496811 1.2947860763921566 1.293608685534632 1.2924312946771075 1.2912539038195827 1.2900765129620582 1.2888991221045336 1.287721731247009 1.28656351430509 1.2854257947124985 1.284288075119905 1.2831503555273136 1.2820126359347221 1.2808749163421305 1.279737196749539 1.2785994771569476 1.277461757564356 1.2763240379717646 1.2751863183791732 1.2740485987865815 1.27291087919399 1.2717731596013986 1.2706354400088071 1.2694977204162137 1.2683600008236222 1.2672222812310308 1.266084561638439 1.2649468420458476 1.2638091224532562 1.2626714028606647 1.2615336832680732 1.2603959636754818 1.25925824408289 1.2581205244902987 1.2569828048977072 1.2558450853051157 1.2547073657125223 1.2535696461199308
1.2957354525677718 1.2945457119470716 1.2933559713263714 1.2921662307056692 1.290976490084969 1.2897867494642687 1.2885970088435685 1.2874072682228683 1.2862175276021681 1.285027786981468 1.2838380463607677 1.2826483057400675 1.281458565119367 1.2802688244986669 1.2790877843128932 1.277916045088783 1.2767443058646708 1.2755725666405604 1.2744008274164502 1.27322908819234 1.2720573489682299 1.2708856097441197 1.2697138705200093 1.268542131295899 1.267370392071789 1.2661986528476787 1.2650269136235686 1.2638551743994582 1.262683435175348 1.2615116959512358 1.2603399567271256 1.2591682175030154 1.257996478278905 1.2568247390547949 1.2556529998306847 1.2544812606065745 1.2533095213824643 1.2521377821583541 1.2509660429342437 1.2497943037101336 1.2486225644860234 1.2474508252619132 1.246279086037801 1.2451073468136906
1.2884430927407193 1.2872410023568435 1.2860389119729676 1.2848368215890897 1.2836347312052139 1.282432640821338 1.2812305504374621 1.2800284600535863 1.2788263696697104 1.2776242792858348 1.276422188901959 1.275220098518083 1.2740180081342072 1.2728159177503313 1.2716120543207028 1.2704062954650739 1.269200536609443 1.2679947777538139 1.266789018898185 1.265583260042556 1.2643775011869272 1.2631717423312983 1.2619659834756694 1.2607602246200404 1.2595544657644115 1.2583487069087826 1.2571429480531537 1.2559371891975248 1.254731430341896 1.2535256714862648 1.252319912630636 1.251114153775007 1.249908394919378 1.2487026360637492 1.2474968772081203 1.2462911183524914 1.2450853594968625 1.2438796006412336 1.2426738417856047 1.2414680829299758 1.2402623240743467 1.2390565652187178 1.2378508063630869 1.236645047507458
1.2811507329136667 1.2799362927666151 1.2787218526195638 1.2775074124725103 1.2762929723254588 1.2750785321784073 1.2738640920313558 1.2726496518843045 1.271435211737253 1.2702207715902014 1.2690063314431501 1.2677918912960986 1.266577451149047 1.2653630110019958 1.2641363243285124 1.2628965458413648 1.261656767354215 1.2604169888670673 1.2591772103799197 1.257937431892772 1.2566976534056244 1.2554578749184768 1.2542180964313292 1.2529783179441816 1.251738539457034 1.2504987609698863 1.2492589824827387 1.248019203995591 1.2467794255084437 1.2455396470212938 1.2442998685341462 1.2430600900469986 1.241820311559851 1.2405805330727033 1.2393407545855557 1.238100976098408 1.2368611976112605 1.2356214191241128 1.2343816406369652 1.2331418621498176 1.23190208366267 1.2306623051755223 1.2294225266883727 1.228182748201225
1.2768656933918456 1.275571404942647 1.2742771164934483 1.2729828280442477 1.271688539595049 1.2703942511458504 1.269099962696652 1.2678056742474533 1.2665113857982546 1.2652170973490562 1.2639228088998575 1.2626285204506589 1.2613342320014604 1.2600399435522618 1.2587959577741552 1.2576057466888497 1.2564155356035422 1.255225324518237 1.2540351134329315 1.252844902347626 1.2516546912623205 1.250464480177015 1.2492742690917096 1.248084058006404 1.2468938469210986 1.2457036358357931 1.2445134247504877 1.2433232136651822 1.2421330025798767 1.2409427914945692 1.2397525804092637 1.2385623693239582 1.237372158238653 1.2361819471533475 1.234991736068042 1.2338015249827365 1.232611313897431 1.2314211028121256 1.23023089172682 1.2290406806415146 1.2278504695562091 1.2266602584709037 1.2254700473855962 1.2242798363002907
1.2757952896700662 1.274349001236224 1.2729027128023818 1.2714564243685371 1.270010135934695 1.2685638475008527 1.2671175590670105 1.2656712706331683 1.264224982199326 1.2627786937654837 1.2613324053316415 1.2598861168977993 1.258439828463957 1.2569935400301149 1.2557381601039366 1.2546868656891206 1.253635571274303 1.252584276859487 1.2515329824446713 1.2504816880298555 1.2494303936150395 1.2483790992002237 1.2473278047854077 1.246276510370592 1.2452252159557762 1.2441739215409602 1.2431226271261444 1.2420713327113284 1.2410200382965126 1.239968743881695 1.238917449466879 1.2378661550520633 1.2368148606372473 1.2357635662224316 1.2347122718076158 1.2336609773927998 1.232609682977984 1.231558388563168 1.2305070941483522 1.2294557997335365 1.2284045053187205 1.2273532109039047 1.226301916489087 1.2252506220742712
1.2747248859482867 1.273126597529801 1.271528309111315 1.2699300206928266 1.2683317322743406 1.2667334438558548 1.2651351554373689 1.2635368670188831 1.2619385786003972 1.2603402901819114 1.2587420017634257 1.2571437133449397 1.255545424926454 1.253947136507968 1.2526803624337177 1.2517679846893914 1.2508556069450636 1.2499432292007373 1.2490308514564112 1.248118473712085 1.2472060959677587 1.2462937182234324 1.245381340479106 1.2444689627347798 1.2435565849904537 1.2426442072461275 1.2417318295018012 1.2408194517574749 1.2399070740131486 1.2389946962688207 1.2380823185244947 1.2371699407801684 1.236257563035842 1.2353451852915158 1.2344328075471895 1.2335204298028632 1.2326080520585372 1.231695674314211 1.2307832965698846 1.2298709188255583 1.228958541081232 1.2280461633369057 1.2271337855925781 1.2262214078482518
1.2736544822265075 1.271904193823378 1.2701539054202484 1.268403617017116 1.2666533286139865 1.264903040210857 1.2631527518077275 1.261402463404598 1.2596521750014684 1.2579018865983391 1.2561515981952096 1.25440130979208 1.2526510213889506 1.250900732985821 1.2496225647634989 1.2488491036896623 1.2480756426158244 1.2473021815419876 1.246528720468151 1.2457552593943144 1.2449817983204776 1.244208337246641 1.2434348761728045 1.2426614150989677 1.241887954025131 1.2411144929512945 1.240341031877458 1.2395675708036211 1.2387941097297845 1.2380206486559466 1.2372471875821098 1.2364737265082733 1.2357002654344367 1.2349268043605999 1.2341533432867633 1.2333798822129267 1.2326064211390901 1.2318329600652533 1.2310594989914168 1.2302860379175802 1.2295125768437434 1.2287391157699068 1.2279656546960689 1.227192193622232
1.2725840785047269 1.2706817901169536 1.2687795017291803 1.266877213341404 1.2649749249536306 1.2630726365658573 1.2611703481780843 1.259268059790311 1.2573657714025377 1.2554634830147644 1.2535611946269911 1.2516589062392178 1.2497566178514448 1.2478543294636715 1.2465647670932773 1.2459302226899305 1.2452956782865823 1.2446611338832354 1.2440265894798885 1.2433920450765417 1.2427575006731948 1.2421229562698477 1.2414884118665008 1.240853867463154 1.240219323059807 1.23958477865646 1.2389502342531131 1.2383156898497663 1.2376811454464194 1.2370466010430714 1.2364120566397245 1.2357775122363774 1.2351429678330306 1.2345084234296837 1.2338738790263368 1.2332393346229897 1.2326047902196429 1.231970245816296 1.2313357014129491 1.2307011570096023 1.2300666126062552 1.2294320682029083 1.2287975237995603 1.2281629793962134
1.2715136747829474 1.2694593864105306 1.2674050980381137 1.2653508096656934 1.2632965212932765 1.2612422329208597 1.2591879445484426 1.2571336561760258 1.255079367803609 1.2530250794311921 1.2509707910587753 1.2489165026863582 1.2468622143139414 1.2448079259415246 1.2435069694230585 1.243011341690201 1.242515713957343 1.2420200862244857 1.2415244584916283 1.2410288307587711 1.2405332030259137 1.2400375752930564 1.2395419475601992 1.2390463198273418 1.2385506920944844 1.2380550643616273 1.2375594366287699 1.2370638088959125 1.2365681811630553 1.236072553430197 1.2355769256973397 1.2350812979644825 1.2345856702316251 1.2340900424987677 1.2335944147659106 1.2330987870330532 1.2326031593001958 1.2321075315673387 1.2316119038344813 1.2311162761016239 1.2306206483687665 1.2301250206359093 1.229629392903051 1.229133765170194
1.2704432710611682 1.2682369827041076 1.2660306943470472 1.2638244059899828 1.2616181176329222 1.2594118292758618 1.2572055409188012 1.2549992525617408 1.2527929642046802 1.2505866758476196 1.2483803874905592 1.2461740991334986 1.2439678107764383 1.2417615224193777 1.2404491717528396 1.240092460690472 1.2397357496281036 1.239379038565736 1.2390223275033683 1.2386656164410006 1.238308905378633 1.2379521943162652 1.2375954832538973 1.2372387721915297 1.236882061129162 1.2365253500667943 1.2361686390044266 1.235811927942059 1.2354552168796913 1.235098505817323 1.2347417947549553 1.2343850836925876 1.2340283726302197 1.233671661567852 1.2333149505054843 1.2329582394431167 1.232601528380749 1.2322448173183813 1.2318881062560136 1.231531395193646 1.231174684131278 1.2308179730689104 1.230461262006542 1.2301045509441744
1.2693728673393887 1.2670145789976845 1.2646562906559804 1.2622980023142722 1.259939713972568 1.257581425630864 1.2552231372891598 1.2528648489474556 1.2505065606057515 1.2481482722640473 1.2457899839223432 1.243431695580639 1.241073407238935 1.2387151188972307 1.237391374082621 1.2371735796907428 1.2369557852988644 1.2367379909069862 1.236520196515108 1.23630240212323 1.2360846077313519 1.235866813339474 1.2356490189475957 1.2354312245557175 1.2352134301638396 1.2349956357719614 1.2347778413800834 1.2345600469882052 1.234342252596327 1.2341244582044486 1.2339066638125706 1.2336888694206924 1.2334710750288143 1.2332532806369363 1.233035486245058 1.2328176918531801 1.232599897461302 1.2323821030694238 1.2321643086775458 1.2319465142856676 1.2317287198937894 1.2315109255019114 1.231293131110033 1.2310753367181548
1.2683024636176092 1.2657921752912615 1.2632818869649136 1.2607715986385617 1.2582613103122138 1.255751021985866 1.2532407336595184 1.2507304453331705 1.2482201570068228 1.245709868680475 1.2431995803541271 1.2406892920277794 1.2381790037014317 1.2356687153750838 1.2343335764124022 1.2342546986910137 1.234175820969625 1.2340969432482365 1.234018065526848 1.2339391878054595 1.233860310084071 1.2337814323626826 1.233702554641294 1.2336236769199054 1.233544799198517 1.2334659214771284 1.23338704375574 1.2333081660343514 1.233229288312963 1.2331504105915743 1.2330715328701858 1.2329926551487973 1.2329137774274088 1.2328348997060203 1.2327560219846319 1.2326771442632434 1.232598266541855 1.2325193888204664 1.232440511099078 1.2323616333776894 1.232282755656301 1.2322038779349123 1.2321250002135238 1.2320461224921353
1.2672320598958298 1.2645697715848383 1.2619074832738468 1.259245194962851 1.2565829066518595 1.2539206183408682 1.2512583300298767 1.2485960417188853 1.2459337534078938 1.2432714650969023 1.240609176785911 1.2379468884749196 1.2352846001639282 1.2326223118529367 1.231275778742183 1.2313358176912843 1.2313958566403855 1.2314558955894865 1.2315159345385878 1.2315759734876888 1.23163601243679 1.231696051385891 1.2317560903349922 1.2318161292840932 1.2318761682331945 1.2319362071822955 1.2319962461313967 1.2320562850804977 1.232116324029599 1.2321763629787001 1.2322364019278012 1.2322964408769024 1.2323564798260034 1.2324165187751046 1.2324765577242056 1.2325365966733068 1.2325966356224078 1.232656674571509 1.23271671352061 1.2327767524697113 1.2328367914188123 1.2328968303679135 1.2329568693170148 1.2330169082661158
1.2661616561740494 1.2633473678784142 1.2605330795827792 1.257718791287139 1.2549045029915038 1.2520902146958688 1.2492759264002335 1.2464616381045983 1.243647349808963 1.240833061513328 1.2380187732176928 1.2352044849220576 1.2323901966264224 1.2295759083307873 1.2282179810719618 1.2284169366915525 1.2286158923111437 1.2288148479307346 1.2290138035503253 1.2292127591699162 1.2294117147895072 1.2296106704090979 1.2298096260286888 1.2300085816482795 1.2302075372678705 1.2304064928874612 1.2306054485070521 1.230804404126643 1.2310033597462338 1.231202315365825 1.2314012709854159 1.2316002266050066 1.2317991822245975 1.2319981378441884 1.2321970934637791 1.23239604908337 1.2325950047029608 1.2327939603225517 1.2329929159421424 1.2331918715617334 1.2333908271813243 1.233589782800915 1.2337887384205062 1.2339876940400971
1.26509125245227 1.2621249641719912 1.2591586758917124 1.2561923876114285 1.2532260993311497 1.250259811050871 1.2472935227705921 1.2443272344903131 1.2413609462100343 1.2383946579297556 1.2354283696494768 1.232462081369198 1.2294957930889192 1.2265295048086404 1.225160183401743 1.2254980556918234 1.2258359279819044 1.2261738002719849 1.2265116725620653 1.2268495448521457 1.2271874171422261 1.2275252894323065 1.227863161722387 1.2282010340124674 1.2285389063025478 1.2288767785926284 1.2292146508827089 1.2295525231727893 1.2298903954628697 1.2302282677529508 1.2305661400430312 1.2309040123331116 1.231241884623192 1.2315797569132725 1.231917629203353 1.2322555014934333 1.2325933737835137 1.2329312460735942 1.2332691183636746 1.2336069906537552 1.2339448629438357 1.234282735233916 1.234620607523997 1.2349584798140776
