Figures/CREST_Example_wjb_NSE/PETs/wjb.pet.20101119.asc
ncols            288
nrows            254
xllcorner        113.274861
yllcorner        31.4918055
cellsize         0.008333333333
NODATA_value     -9999
[rows 120 to 139 of 254, columns 0 to 43 of 288]
-9999.0 -9999.0 -9999.0 -9999.0 -9999.0 -9999.0 -9999.0 -9999.0 -9999.0 -9999.0 -9999.0 -9999.0 -9999.0 1.03657921560155 1.0373135991480507 1.0380479826945515 1.038782366241052 1.0395167497875526 -9999.0 -9999.0 -9999.0 -9999.0 -9999.0 -9999.0 -9999.0 -9999.0 -9999.0 -9999.0 -9999.0 1.0483293523455617 1.0490637358920623 1.049798119438563 1.0505325029850636 1.0512668865315642 1.052001270078065 1.0527356536245656 1.0534700371710661 1.054204420717567 1.0549388042640675 1.0556731878105694 1.05640757135707 1.0571419549035708 1.0573659321941458 1.057044273661486
-9999.0 -9999.0 -9999.0 -9999.0 -9999.0 -9999.0 -9999.0 -9999.0 -9999.0 -9999.0 -9999.0 -9999.0 1.0371054811626583 1.0377971448650372 1.0384888085674149 1.0391804722697924 1.03987213597217 1.0405637996745478 1.0412554633769253 -9999.0 -9999.0 -9999.0 -9999.0 -9999.0 -9999.0 -9999.0 -9999.0 -9999.0 -9999.0 -9999.0 1.0495554278054582 1.0502470915078357 1.0509387552102134 1.051630418912591 1.0523220826149686 1.0530137463173463 1.0537054100197238 1.0543970737221016 1.055088737424479 1.055780401126858 1.0564720648292356 1.0571637285316131 1.057381419870022 1.0570924240391368
-9999.0 -9999.0 -9999.0 -9999.0 -9999.0 -9999.0 -9999.0 -9999.0 -9999.0 -9999.0 -9999.0 -9999.0 1.0383661302702687 1.0390150741285242 1.0396640179867789 1.0403129618450335 1.0409619057032882 1.0416108495615428 1.0422597934197975 1.042908737278052 1.0435576811363065 -9999.0 -9999.0 -9999.0 -9999.0 -9999.0 -9999.0 -9999.0 -9999.0 1.0493981758605992 1.050047119718854 1.0506960635771085 1.051345007435363 1.0519939512936176 1.0526428951518723 1.053291839010127 1.0539407828683816 1.0545897267266362 1.0552386705848908 1.0558876144431464 1.056536558301401 1.0571855021596557 1.057396907545898 1.0571405744167877
-9999.0 -9999.0 -9999.0 -9999.0 -9999.0 -9999.0 -9999.0 -9999.0 -9999.0 -9999.0 -9999.0 -9999.0 1.0396267793778788 1.0402330033920115 1.040839227406143 1.0414454514202747 1.0420516754344062 1.0426578994485378 1.0432641234626694 1.043870347476801 1.0444765714909325 -9999.0 -9999.0 1.0462952435333275 -9999.0 -9999.0 -9999.0 -9999.0 -9999.0 1.049932587618118 1.0505388116322496 1.0511450356463812 1.0517512596605127 1.0523574836746443 1.052963707688776 1.0535699317029075 1.0541761557170393 1.0547823797311708 1.0553886037453024 1.055994827759435 1.0566010517735667 1.0572072757876982 1.0574123952217742 1.0571887247944385
-9999.0 -9999.0 -9999.0 -9999.0 -9999.0 -9999.0 -9999.0 -9999.0 -9999.0 -9999.0 -9999.0 -9999.0 1.04088742848549 1.0414509326554997 1.0420144368255082 1.0425779409955167 1.0431414451655252 1.0437049493355337 1.0442684535055424 1.044831957675551 1.0453954618455594 1.045958966015568 1.0465224701855766 1.0470859743555851 1.0476494785255936 1.0482129826956021 -9999.0 -9999.0 1.0499034952056288 1.0504669993756373 1.051030503545646 1.0515940077156545 1.052157511885663 1.0527210160556715 1.0532845202256802 1.0538480243956887 1.0544115285656972 1.0549750327357057 1.0555385369057142 1.0561020410757238 1.0566655452457323 1.0572290494157408 1.0574278828976504 1.0572368751720895
-9999.0 -9999.0 -9999.0 -9999.0 -9999.0 -9999.0 -9999.0 -9999.0 -9999.0 -9999.0 -9999.0 1.0422635922768397 1.0421480775931002 1.0426688619189868 1.0431896462448722 1.0437104305707579 1.0442312148966433 1.044751999222529 1.0452727835484144 1.0457935678743 1.0463143522001854 1.046835136526071 1.0473559208519565 1.0478767051778421 1.0483974895037276 1.048918273829613 1.0494390581554995 1.049959842481385 1.0504806268072706 1.051001411133156 1.0515221954590417 1.0520429797849271 1.0525637641108128 1.0530845484366982 1.0536053327625838 1.0541261170884693 1.054646901414355 1.0551676857402403 1.055688470066126 1.0562092543920123 1.056730038717898 1.0572508230437834 1.0574433705735267 1.0572850255497404
-9999.0 -9999.0 -9999.0 -9999.0 -9999.0 -9999.0 -9999.0 -9999.0 -9999.0 -9999.0 -9999.0 1.0435561059711245 1.0434087267007104 1.0438867911824736 1.0443648556642362 1.0448429201459988 1.0453209846277611 1.0457990491095237 1.0462771135912863 1.0467551780730489 1.0472332425548112 1.0477113070365738 1.0481893715183364 1.048667436000099 1.0491455004818613 1.0496235649636239 1.0501016294453873 1.0505796939271497 1.0510577584089122 1.0515358228906748 1.0520138873724374 1.0524919518541997 1.0529700163359623 1.053448080817725 1.0539261452994875 1.0544042097812498 1.0548822742630124 1.055360338744775 1.0558384032265375 1.0563164677083008 1.0567945321900634 1.057272596671826 1.0574588582494027 1.0573331759273912
-9999.0 -9999.0 -9999.0 -9999.0 -9999.0 -9999.0 -9999.0 -9999.0 -9999.0 -9999.0 -9999.0 1.0448486196654094 1.0446693758083205 1.0451047204459607 1.0455400650836002 1.0459754097212397 1.0464107543588792 1.0468460989965187 1.0472814436341584 1.047716788271798 1.0481521329094374 1.048587477547077 1.0490228221847164 1.049458166822356 1.0498935114599954 1.050328856097635 1.050764200735275 1.0511995453729146 1.051634890010554 1.0520702346481936 1.052505579285833 1.0529409239234728 1.0533762685611123 1.0538116131987518 1.0542469578363913 1.0546823024740308 1.0551176471116703 1.0555529917493098 1.0559883363869493 1.0564236810245895 1.056859025662229 1.0572943702998685 1.0574743459252791 1.0573813263050422
-9999.0 -9999.0 -9999.0 -9999.0 -9999.0 -9999.0 -9999.0 -9999.0 -9999.0 -9999.0 -9999.0 1.0461411333596944 1.0459300249159307 1.0463226497094478 1.0467152745029644 1.0471078992964808 1.0475005240899973 1.047893148883514 1.0482857736770304 1.0486783984705468 1.0490710232640634 1.0494636480575799 1.0498562728510963 1.0502488976446127 1.0506415224381294 1.0510341472316458 1.0514267720251629 1.0518193968186795 1.052212021612196 1.0526046464057124 1.052997271199229 1.0533898959927455 1.053782520786262 1.0541751455797785 1.054567770373295 1.0549603951668114 1.0553530199603278 1.0557456447538445 1.056138269547361 1.056530894340878 1.0569235191343946 1.057316143927911 1.0574898336011551 1.057429476682693
-9999.0 -9999.0 -9999.0 -9999.0 -9999.0 -9999.0 -9999.0 -9999.0 -9999.0 -9999.0 1.0482312182586462 1.0474336470539793 1.0471906740235408 1.047540578972935 1.0478904839223284 1.048240388871722 1.0485902938211153 1.048940198770509 1.0492901037199023 1.0496400086692959 1.0499899136186894 1.0503398185680828 1.0506897235174764 1.0510396284668697 1.0513895334162633 1.0517394383656566 1.0520893433150509 1.0524392482644442 1.0527891532138378 1.0531390581632312 1.0534889631126247 1.053838868062018 1.0541887730114117 1.0545386779608052 1.0548885829101986 1.0552384878595922 1.0555883928089855 1.055938297758379 1.0562882027077725 1.0566381076571667 1.05698801260656 1.0573379175559536 1.0575053212770311 1.0574776270603439
-9999.0 -9999.0 -9999.0 -9999.0 -9999.0 -9999.0 -9999.0 -9999.0 -9999.0 1.0503647235788385 1.0495454421635515 1.0487261607482643 1.0484513231311512 1.0487585082364221 1.0490656933416926 1.049372878446963 1.0496800635522334 1.049987248657504 1.0502944337627744 1.050601618868045 1.0509088039733154 1.0512159890785857 1.0515231741838562 1.0518303592891267 1.0521375443943972 1.0524447294996677 1.0527519146049387 1.0530590997102092 1.0533662848154794 1.05367346992075 1.0539806550260205 1.054287840131291 1.0545950252365615 1.0549022103418317 1.0552093954471022 1.0555165805523727 1.0558237656576432 1.0561309507629137 1.0564381358681842 1.0567453209734552 1.0570525060787257 1.057359691183996 1.0575208089529073 1.0575257774379947
-9999.0 -9999.0 -9999.0 -9999.0 -9999.0 -9999.0 -9999.0 1.0533826409461806 1.052541649320273 1.0517006576943655 1.050859666068458 1.0500186744425506 1.0497119722387624 1.0499764374999103 1.0502409027610577 1.0505053680222052 1.0507698332833526 1.0510342985445 1.0512987638056472 1.0515632290667947 1.051827694327942 1.0520921595890895 1.052356624850237 1.0526210901113844 1.0528855553725318 1.0531500206336792 1.0534144858948271 1.0536789511559745 1.053943416417122 1.0542078816782694 1.0544723469394168 1.0547368122005643 1.0550012774617117 1.0552657427228591 1.0555302079840063 1.0557946732451537 1.0560591385063012 1.0563236037674486 1.056588069028596 1.056852534289744 1.0571169995508913 1.0573814648120388 1.0575362966287838 1.0575739278156457
-9999.0 -9999.0 -9999.0 -9999.0 -9999.0 -9999.0 1.055624697319475 1.054761995482947 1.053899293646419 1.0530365918098912 1.0521738899733633 1.0513111881368353 1.0509726213463724 1.0511943667633972 1.0514161121804215 1.0516378575974459 1.0518596030144705 1.0520813484314948 1.0523030938485192 1.0525248392655435 1.052746584682568 1.0529683300995925 1.0531900755166168 1.0534118209336412 1.0536335663506655 1.05385531176769 1.054077057184715 1.0542988026017392 1.0545205480187636 1.054742293435788 1.0549640388528125 1.055185784269837 1.0554075296868612 1.0556292751038856 1.05585102052091 1.0560727659379345 1.0562945113549589 1.0565162567719832 1.0567380021890076 1.0569597476060324 1.0571814930230568 1.0574032384400813 1.0575517843046598 1.0576220781932966
-9999.0 -9999.0 -9999.0 1.0596789982083068 1.0587945861611585 -9999.0 1.057025762066862 1.0561413500197137 1.0552569379725651 1.0543725259254169 1.0534881138782686 1.0526037018311203 1.0522332704539825 1.0524122960268842 1.0525913215997857 1.052770347172687 1.0529493727455885 1.0531283983184898 1.0533074238913913 1.0534864494642926 1.053665475037194 1.0538445006100954 1.0540235261829969 1.0542025517558982 1.0543815773287994 1.054560602901701 1.0547396284746027 1.054918654047504 1.0550976796204055 1.0552767051933067 1.0554557307662082 1.0556347563391095 1.055813781912011 1.0559928074849123 1.0561718330578138 1.056350858630715 1.0565298842036166 1.0567089097765179 1.0568879353494194 1.0570669609223209 1.0572459864952224 1.0574250120681237 1.0575672719805358 1.0576702285709474
-9999.0 -9999.0 -9999.0 1.061145193587555 1.0602390713297865 1.0593329490720178 1.058426826814249 1.0575207045564803 1.0566145822987114 1.0557084600409428 1.054802337783174 1.0538962155254052 1.0534939195615929 1.0536302252903713 1.0537665310191497 1.0539028367479282 1.0540391424767066 1.054175448205485 1.0543117539342632 1.0544480596630417 1.05458436539182 1.0547206711205985 1.0548569768493767 1.0549932825781552 1.0551295883069336 1.055265894035712 1.0554021997644905 1.0555385054932689 1.0556748112220473 1.0558111169508257 1.0559474226796042 1.0560837284083824 1.0562200341371608 1.0563563398659392 1.0564926455947177 1.0566289513234959 1.0567652570522743 1.0569015627810527 1.0570378685098312 1.0571741742386096 1.057310479967388 1.0574467856961665 1.0575827596564122 1.0577183789485984
-9999.0 -9999.0 -9999.0 1.0626113889668034 1.0616835564984144 1.0607557240300252 1.059827891561636 1.058900059093247 1.0579722266248577 1.0570443941564684 1.0561165616880794 1.0551887292196902 1.054754568669203 1.0548481545538586 1.054941740438514 1.0550353263231693 1.0551289122078247 1.05522249809248 1.0553160839771354 1.0554096698617907 1.055503255746446 1.0555968416311015 1.0556904275157568 1.0557840134004122 1.0558775992850675 1.0559711851697229 1.0560647710543785 1.0561583569390338 1.0562519428236892 1.0563455287083445 1.0564391145929999 1.0565327004776552 1.0566262863623106 1.056719872246966 1.0568134581316213 1.0569070440162767 1.057000629900932 1.0570942157855874 1.0571878016702427 1.0572813875548983 1.0573749734395537 1.057468559324209 1.0575982473322882 1.0577665293262493
-9999.0 -9999.0 -9999.0 1.0640775843460517 1.0631280416670421 1.0621784989880325 1.061228956309023 1.0602794136300135 1.059329870951004 1.0583803282719944 1.0574307855929848 1.0564812429139752 1.0560152177768132 1.0560660838173457 1.056116949857878 1.0561678158984102 1.0562186819389427 1.056269547979475 1.0563204140200073 1.0563712800605396 1.056422146101072 1.0564730121416044 1.0565238781821367 1.0565747442226692 1.0566256102632015 1.0566764763037337 1.0567273423442662 1.0567782083847985 1.0568290744253308 1.0568799404658633 1.0569308065063956 1.0569816725469279 1.0570325385874602 1.0570834046279927 1.057134270668525 1.0571851367090572 1.0572360027495897 1.057286868790122 1.0573377348306543 1.0573886008711868 1.057439466911719 1.0574903329522514 1.0576137350081645 1.0578146797039
-9999.0 -9999.0 -9999.0 1.0655437797253013 1.0645725268356714 1.0636012739460412 1.0626300210564112 1.0616587681667813 1.0606875152771513 1.0597162623875214 1.0587450094978914 1.0577737566082612 1.0572758668844244 1.0572840130808339 1.057292159277243 1.0573003054736525 1.0573084516700617 1.057316597866471 1.0573247440628804 1.0573328902592896 1.0573410364556988 1.0573491826521082 1.0573573288485174 1.0573654750449266 1.057373621241336 1.0573817674377453 1.0573899136341547 1.057398059830564 1.057406206026973 1.0574143522233825 1.0574224984197917 1.057430644616201 1.0574387908126104 1.0574469370090196 1.0574550832054288 1.0574632294018382 1.0574713755982474 1.0574795217946569 1.057487667991066 1.0574958141874753 1.0575039603838847 1.057512106580294 1.0576292226840405 1.057862830081551
-9999.0 -9999.0 -9999.0 1.0670099751045494 1.066017012004299 1.0650240489040488 1.0640310858037982 1.063038122703548 1.0620451596032976 1.061052196503047 1.0600592334027967 1.0590662703025464 1.0585365159920348 1.058501942344321 1.0584673686966073 1.0584327950488934 1.0583982214011798 1.0583636477534661 1.0583290741057523 1.0582945004580386 1.058259926810325 1.0582253531626111 1.0581907795148975 1.0581562058671838 1.05812163221947 1.0580870585717563 1.0580524849240425 1.0580179112763288 1.0579833376286152 1.0579487639809013 1.0579141903331877 1.0578796166854738 1.0578450430377602 1.0578104693900465 1.0577758957423327 1.057741322094619 1.0577067484469054 1.0576721747991915 1.0576376011514779 1.057603027503764 1.0575684538560504 1.0575338802083367 1.057644710359917 1.057910980459202
-9999.0 1.0705055171055393 1.0694908437946684 1.0684761704837977 1.0674614971729268 1.066446823862056 1.0654321505511852 1.0644174772403143 1.0634028039294434 1.0623881306185727 1.0613734573077018 1.0603587839968311 1.0597971650996447 1.0597198716078078 1.059642578115971 1.0595652846241344 1.0594879911322976 1.059410697640461 1.0593334041486242 1.0592561106567875 1.0591788171649508 1.059101523673114 1.0590242301812773 1.0589469366894406 1.058869643197604 1.0587923497057672 1.0587150562139303 1.0586377627220935 1.0585604692302568 1.05848317573842 1.0584058822465834 1.0583285887547467 1.0582512952629097 1.058174001771073 1.0580967082792363 1.0580194147873996 1.0579421212955629 1.0578648278037261 1.0577875343118894 1.0577102408200525 1.0576329473282158 1.057555653836379 1.057660198035793 1.0579591308368528
