Figures/CREST_Example_wjb_NSE/PETs/wjb.pet.20090428.asc
ncols            288
nrows            254
xllcorner        113.274861
yllcorner        31.4918055
cellsize         0.008333333333
NODATA_value     -9999
[rows 60 to 79 of 254, columns 44 to 87 of 288]
2.912146466786826 2.9122630272482577 2.9123795877096894 2.9124961481711216 2.9126127086325533 2.912729269093985 2.912845829555417 2.912962390016849 2.913078950478281 2.9131955109397127 2.913312071401145 2.9134286318625766 2.9135451923240083 2.9136617527854405 2.913778313246872 2.913894873708304 2.914011434169736 2.914127994631168 2.9142445550925995 2.9143611155540317 2.9144776760154634 2.9145942364768955 2.9147107969383272 2.914827357399759 2.914943917861191 2.915060478322623 2.9151770387840545 2.9152935992454867 2.916358634525456 2.9184376108277195 2.9205165871299825 2.9225955634322456 2.9246745397345086 2.926753516036772 2.9288324923390388 2.930911468641302 2.932990444943565 2.9350694212458284 2.9371483975480914 2.9392273738503545 2.9413063501526175 2.943385326454881 2.945464302757144 2.947543279059407
2.9121760240203973 2.9122984478501874 2.9124208716799775 2.9125432955097676 2.9126657193395578 2.912788143169348 2.912910566999138 2.913032990828928 2.9131554146587186 2.9132778384885087 2.913400262318299 2.913522686148089 2.913645109977879 2.913767533807669 2.9138899576374593 2.9140123814672494 2.9141348052970395 2.9142572291268296 2.9143796529566197 2.91450207678641 2.9146245006162 2.91474692444599 2.91486934827578 2.9149917721055703 2.9151141959353604 2.9152366197651505 2.9153590435949406 2.9154814674247307 2.9164996162312176 2.918475315286604 2.92045101434199 2.922426713397376 2.9244024124527623 2.9263781115081486 2.9283538105635385 2.9303295096189244 2.9323052086743107 2.934280907729697 2.9362566067850833 2.9382323058404696 2.940208004895856 2.942183703951242 2.9441594030066285 2.9461351020620143
2.9122055812539696 2.9123338684521176 2.912462155650266 2.9125904428484146 2.9127187300465627 2.912847017244711 2.9129753044428592 2.9131035916410077 2.9132318788391562 2.9133601660373047 2.9134884532354532 2.9136167404336013 2.91374502763175 2.913873314829898 2.9140016020280464 2.914129889226195 2.914258176424343 2.9143864636224914 2.91451475082064 2.914643038018788 2.9147713252169365 2.914899612415085 2.9150278996132335 2.9151561868113816 2.91528447400953 2.9154127612076786 2.9155410484058266 2.915669335603975 2.9166405979369787 2.9185130197454883 2.9203854415539974 2.922257863362507 2.924130285171016 2.9260027069795256 2.927875128788038 2.9297475505965473 2.9316199724050565 2.933492394213566 2.935364816022075 2.9372372378305847 2.9391096596390938 2.9409820814476033 2.9428545032561124 2.944726925064622
2.912235138487541 2.9123692890540473 2.9125034396205542 2.9126375901870607 2.9127717407535676 2.912905891320074 2.9130400418865805 2.9131741924530874 2.913308343019594 2.9134424935861007 2.913576644152607 2.9137107947191137 2.9138449452856205 2.913979095852127 2.9141132464186335 2.9142473969851403 2.914381547551647 2.9145156981181537 2.91464984868466 2.9147839992511666 2.9149181498176735 2.91505230038418 2.915186450950687 2.9153206015171933 2.9154547520836998 2.9155889026502066 2.915723053216713 2.9158572037832196 2.9167815796427408 2.918550724204373 2.9203198687660055 2.922089013327638 2.92385815788927 2.9256273024509025 2.927396447012538 2.9291655915741703 2.9309347361358027 2.932703880697435 2.9344730252590674 2.9362421698206997 2.938011314382332 2.9397804589439644 2.941549603505597 2.943318748067229
2.9122646957211127 2.9124047096559775 2.9125447235908424 2.9126847375257072 2.912824751460572 2.912964765395437 2.9131047793303018 2.9132447932651666 2.9133848072000315 2.9135248211348963 2.913664835069761 2.913804849004626 2.913944862939491 2.9140848768743557 2.9142248908092205 2.9143649047440854 2.9145049186789502 2.914644932613815 2.91478494654868 2.9149249604835448 2.9150649744184096 2.915204988353275 2.9153450022881398 2.9154850162230046 2.9156250301578694 2.9157650440927343 2.915905058027599 2.916045071962464 2.9169225613485024 2.9185884286632575 2.920254295978013 2.9219201632927687 2.923586030607524 2.9252518979222795 2.9269177652370377 2.928583632551793 2.9302494998665485 2.931915367181304 2.9335812344960592 2.935247101810815 2.9369129691255704 2.9385788364403256 2.940244703755081 2.9419105710698363
2.912294252954684 2.9124401302579073 2.91258600756113 2.9127318848643533 2.9128777621675765 2.9130236394707993 2.9131695167740226 2.913315394077246 2.913461271380469 2.9136071486836923 2.913753025986915 2.9138989032901383 2.9140447805933616 2.914190657896585 2.9143365351998076 2.914482412503031 2.914628289806254 2.914774167109477 2.9149200444127 2.9150659217159234 2.915211799019146 2.91535767632237 2.9155035536255927 2.915649430928816 2.915795308232039 2.915941185535262 2.916087062838485 2.9162329401417084 2.9170635430542635 2.9186261331221424 2.9201887231900208 2.921751313257899 2.9233139033257776 2.924876493393656 2.9264390834615375 2.928001673529416 2.9295642635972943 2.9311268536651727 2.9326894437330515 2.93425203380093 2.9358146238688083 2.9373772139366867 2.938939804004565 2.940502394072444
2.9123238101882563 2.9124755508598374 2.9126272915314186 2.9127790322030003 2.9129307728745815 2.9130825135461627 2.9132342542177443 2.9133859948893255 2.913537735560907 2.9136894762324883 2.91384121690407 2.913992957575651 2.9141446982472323 2.914296438918814 2.914448179590395 2.9145999202619763 2.914751660933558 2.914903401605139 2.9150551422767204 2.915206882948302 2.915358623619883 2.915510364291465 2.915662104963046 2.9158138456346276 2.915965586306209 2.9161173269777905 2.9162690676493717 2.916420808320953 2.9172045247600256 2.9186638375810268 2.9201231504020284 2.92158246322303 2.9230417760440313 2.924501088865033 2.9259604016860368 2.9274197145070384 2.9288790273280396 2.9303383401490413 2.931797652970043 2.933256965791044 2.9347162786120458 2.9361755914330474 2.9376349042540486 2.9390942170750503
2.9123533674218276 2.912510971461767 2.9126685755017068 2.9128261795416464 2.912983783581586 2.9131413876215255 2.913298991661465 2.9134565957014047 2.9136141997413447 2.9137718037812843 2.913929407821224 2.9140870118611635 2.914244615901103 2.9144022199410426 2.9145598239809822 2.914717428020922 2.9148750320608614 2.915032636100801 2.9151902401407406 2.91534784418068 2.9155054482206197 2.9156630522605598 2.9158206563004994 2.915978260340439 2.9161358643803785 2.916293468420318 2.9164510724602577 2.9166086765001973 2.9173455064657867 2.9187015420399116 2.920057577614036 2.9214136131881605 2.922769648762285 2.92412568433641 2.9254817199105365 2.926837755484661 2.9281937910587854 2.9295498266329103 2.9309058622070348 2.932261897781159 2.9336179333552836 2.9349739689294085 2.936330004503533 2.9376860400776574
2.912382924655399 2.912546392063697 2.912709859471995 2.912873326880293 2.9130367942885904 2.9132002616968884 2.9133637291051864 2.913527196513484 2.9136906639217823 2.91385413133008 2.914017598738378 2.914181066146676 2.9143445335549734 2.9145080009632713 2.9146714683715693 2.914834935779867 2.914998403188165 2.915161870596463 2.915325338004761 2.9154888054130583 2.9156522728213563 2.9158157402296543 2.9159792076379523 2.9161426750462502 2.916306142454548 2.9164696098628458 2.9166330772711437 2.9167965446794413 2.9174864881715483 2.918739246498796 2.9199920048260437 2.921244763153291 2.9224975214805387 2.9237502798077863 2.9250030381350363 2.926255796462284 2.927508554789531 2.928761313116779 2.9300140714440266 2.9312668297712743 2.932519588098522 2.9337723464257697 2.935025104753017 2.9362778630802646
2.9124124818889707 2.9125818126656267 2.912751143442283 2.912920474218939 2.913089804995595 2.9132591357722513 2.913428466548907 2.913597797325563 2.9137671281022195 2.913936458878876 2.914105789655532 2.914275120432188 2.914444451208844 2.9146137819855 2.9147831127621564 2.9149524435388123 2.9151217743154683 2.9152911050921246 2.9154604358687806 2.9156297666454365 2.915799097422093 2.9159684281987492 2.916137758975405 2.9163070897520615 2.9164764205287175 2.9166457513053734 2.9168150820820298 2.9169844128586857 2.91762746987731 2.9187769509576804 2.919926432038051 2.921075913118422 2.9222253941987923 2.9233748752791633 2.924524356359536 2.9256738374399065 2.926823318520277 2.927972799600648 2.9291222806810184 2.9302717617613894 2.93142124284176 2.932570723922131 2.9337202050025013 2.934869686082872
2.9124420391225425 2.912617233267557 2.912792427412571 2.9129676215575855 2.9131428157026 2.9133180098476146 2.913493203992629 2.9136683981376432 2.9138435922826575 2.914018786427672 2.914193980572686 2.9143691747177005 2.914544368862715 2.914719563007729 2.914894757152744 2.9150699512977583 2.9152451454427726 2.915420339587787 2.9155955337328012 2.9157707278778155 2.91594592202283 2.916121116167844 2.9162963103128585 2.9164715044578733 2.9166466986028876 2.916821892747902 2.9169970868929163 2.9171722810379306 2.9177684515830715 2.9188146554165653 2.919860859250059 2.9209070630835527 2.9219532669170465 2.9229994707505402 2.9240456745840357 2.9250918784175295 2.9261380822510232 2.927184286084517 2.9282304899180107 2.9292766937515045 2.930322897584998 2.931369101418492 2.9324153052519857 2.9334615090854794
2.9124715963561143 2.912652653869487 2.9128337113828593 2.913014768896232 2.9131958264096047 2.913376883922977 2.9135579414363497 2.9137389989497224 2.913920056463095 2.914101113976468 2.9142821714898406 2.914463229003213 2.9146442865165856 2.9148253440299583 2.9150064015433306 2.9151874590567033 2.915368516570076 2.9155495740834483 2.915730631596821 2.9159116891101937 2.9160927466235664 2.916273804136939 2.916454861650312 2.916635919163684 2.916816976677057 2.9169980341904296 2.9171790917038023 2.9173601492171746 2.917909433288833 2.9188523598754497 2.9197952864620667 2.9207382130486836 2.9216811396353 2.922624066221917 2.9235669928085355 2.9245099193951525 2.925452845981769 2.926395772568386 2.9273386991550026 2.9282816257416195 2.929224552328236 2.930167478914853 2.93111040550147 2.9320533320880866
2.9125011535896856 2.9126880744714168 2.9128749953531474 2.913061916234878 2.913248837116609 2.91343575799834 2.913622678880071 2.9138095997618016 2.9139965206435328 2.9141834415252634 2.9143703624069945 2.914557283288725 2.914744204170456 2.914931125052187 2.9151180459339177 2.9153049668156488 2.9154918876973794 2.91567880857911 2.915865729460841 2.916052650342572 2.9162395712243026 2.916426492106034 2.9166134129877648 2.9168003338694954 2.9169872547512266 2.9171741756329572 2.917361096514688 2.917548017396419 2.9180504149945943 2.918890064334334 2.919729713674074 2.9205693630138136 2.9214090123535534 2.9222486616932932 2.923088311033035 2.9239279603727746 2.9247676097125144 2.925607259052254 2.926446908391994 2.9272865577317337 2.9281262070714735 2.9289658564112133 2.929805505750953 2.930645155090693
2.9125307108232574 2.9127234950733465 2.9129162793234356 2.9131090635735246 2.9133018478236137 2.9134946320737027 2.913687416323792 2.913880200573881 2.9140729848239704 2.9142657690740594 2.9144585533241485 2.9146513375742376 2.9148441218243266 2.915036906074416 2.915229690324505 2.9154224745745942 2.9156152588246833 2.9158080430747724 2.9160008273248614 2.9161936115749505 2.9163863958250396 2.916579180075129 2.916771964325218 2.916964748575307 2.9171575328253962 2.9173503170754853 2.9175431013255744 2.9177358855756634 2.9181913967003563 2.918927768793219 2.919664140886082 2.920400512978945 2.9211368850718076 2.9218732571646706 2.9226096292575345 2.9233460013503976 2.92408237344326 2.924818745536123 2.9255551176289862 2.926291489721849 2.927027861814712 2.9277642339075745 2.9285006060004375 2.9292369780933005
2.912560268056829 2.9127589156752767 2.912957563293724 2.913156210912171 2.9133548585306186 2.913553506149066 2.913752153767513 2.9139508013859605 2.9141494490044084 2.9143480966228554 2.914546744241303 2.9147453918597503 2.914944039478198 2.915142687096645 2.9153413347150923 2.9155399823335397 2.9157386299519867 2.915937277570434 2.9161359251888817 2.916334572807329 2.916533220425776 2.916731868044224 2.916930515662671 2.9171291632811185 2.917327810899566 2.9175264585180134 2.9177251061364604 2.917923753754908 2.9183323784061175 2.9189654732521038 2.9195985680980896 2.9202316629440754 2.9208647577900613 2.921497852636047 2.9221309474820343 2.92276404232802 2.923397137174006 2.9240302320199922 2.924663326865978 2.925296421711964 2.9259295165579497 2.9265626114039356 2.927195706249922 2.9278288010959077
2.912589825290401 2.9127943362772064 2.912998847264012 2.9132033582508177 2.913407869237623 2.913612380224429 2.9138168912112343 2.9140214021980397 2.914225913184846 2.9144304241716514 2.914634935158457 2.9148394461452627 2.915043957132068 2.9152484681188735 2.9154529791056794 2.9156574900924848 2.9158620010792906 2.916066512066096 2.9162710230529014 2.9164755340397073 2.9166800450265127 2.9168845560133185 2.9170890670001244 2.91729357798693 2.917498088973735 2.917702599960541 2.9179071109473464 2.9181116219341523 2.918473360111879 2.919003177710988 2.9195329953100972 2.920062812909206 2.920592630508315 2.921122448107424 2.921652265706534 2.922182083305643 2.9227119009047517 2.923241718503861 2.92377153610297 2.924301353702079 2.924831171301188 2.9253609889002967 2.925890806499406 2.926420624098515
2.9126193825239723 2.912829756879136 2.9130401312343 2.9132505055894637 2.9134608799446275 2.9136712542997913 2.913881628654955 2.914092003010119 2.914302377365283 2.914512751720447 2.914723126075611 2.914933500430775 2.915143874785939 2.9153542491411026 2.9155646234962664 2.9157749978514302 2.915985372206594 2.916195746561758 2.9164061209169216 2.9166164952720854 2.9168268696272492 2.9170372439824135 2.9172476183375773 2.917457992692741 2.917668367047905 2.9178787414030687 2.9180891157582325 2.9182994901133963 2.9186143418176407 2.9190408821698726 2.9194674225221044 2.919893962874337 2.9203205032265687 2.920747043578801 2.9211735839310338 2.9216001242832657 2.9220266646354975 2.92245320498773 2.9228797453399618 2.923306285692194 2.923732826044426 2.924159366396658 2.92458590674889 2.925012447101122
2.912648939757544 2.912865177481066 2.913081415204588 2.9132976529281103 2.913513890651632 2.913730128375154 2.9139463660986764 2.9141626038221986 2.914378841545721 2.914595079269243 2.914811316992765 2.915027554716287 2.915243792439809 2.9154600301633313 2.9156762678868535 2.9158925056103753 2.9161087433338975 2.9163249810574197 2.9165412187809414 2.9167574565044636 2.916973694227986 2.917189931951508 2.91740616967503 2.9176224073985524 2.9178386451220746 2.9180548828455963 2.9182711205691185 2.9184873582926407 2.918755323523402 2.919078586628757 2.919401849734112 2.9197251128394672 2.9200483759448224 2.9203716390501775 2.920694902155533 2.921018165260888 2.9213414283662433 2.9216646914715985 2.9219879545769536 2.9223112176823087 2.922634480787664 2.922957743893019 2.923281006998374 2.9236042701037293
2.9126784969911155 2.912900598082996 2.913122699174876 2.9133448002667564 2.913566901358637 2.913789002450517 2.9140111035423977 2.914233204634278 2.9144553057261584 2.914677406818039 2.914899507909919 2.9151216090017997 2.91534371009368 2.9155658111855605 2.9157879122774406 2.9160100133693208 2.9162321144612013 2.9164542155530815 2.916676316644962 2.916898417736842 2.917120518828723 2.9173426199206034 2.9175647210124835 2.917786822104364 2.9180089231962443 2.918231024288125 2.918453125380005 2.918675226471885 2.918896305229164 2.919116291087642 2.91933627694612 2.9195562628045986 2.9197762486630765 2.919996234521555 2.9202162203800333 2.9204362062385116 2.9206561920969896 2.920876177955468 2.921096163813946 2.9213161496724243 2.921536135530902 2.9217561213893806 2.9219761072478585 2.922196093106337
2.9127080542246873 2.9129360186849262 2.913163983145165 2.9133919476054033 2.913619912065642 2.9138478765258804 2.914075840986119 2.9143038054463575 2.9145317699065965 2.914759734366835 2.9149876988270735 2.915215663287312 2.9154436277475506 2.915671592207789 2.9158995566680277 2.9161275211282662 2.9163554855885048 2.9165834500487433 2.9168114145089823 2.917039378969221 2.9172673434294594 2.9174953078896984 2.917723272349937 2.9179512368101754 2.918179201270414 2.9184071657306525 2.918635130190891 2.9188630946511296 2.919037286934925 2.919153995546526 2.9192707041581274 2.9193874127697286 2.9195041213813298 2.919620829992931 2.9197375386045326 2.9198542472161337 2.919970955827735 2.920087664439336 2.9202043730509373 2.9203210816625385 2.9204377902741396 2.920554498885741 2.920671207497342 2.920787916108943
