Figures/CREST_Example_wjb_NSE/PETs/wjb.pet.20090630.asc
ncols            288
nrows            254
xllcorner        113.274861
yllcorner        31.4918055
cellsize         0.008333333333
NODATA_value     -9999
[rows 100 to 119 of 254, columns 132 to 175 of 288]
2.195996002657222 2.189806524996664 2.1836170473361056 2.177427569675548 2.1712380920149896 2.1650486143544314 2.158859136693873 2.152669659033315 2.146480181372757 2.140290703712199 2.1341012260516408 2.127911748391072 2.121722270730514 2.115532793069956 2.1093433154093977 2.1031538377488395 2.0969643600882812 2.0907748824277235 2.0845854047671653 2.078395927106607 2.072206449446049 2.0660169717854906 2.059827494124933 2.0536380164643746 2.0474485388038057 2.0412590611432475 2.0350695834826897 2.0288801058221315 2.0226906281615733 2.016501150501015 2.010999166900115 2.0062321300011146 2.001465093102114 1.9966980562031138 1.9919310193041135 1.987163982405113 1.9823969455061128 1.977629908607104 1.9728628717081038 1.9680958348091033 1.963328797910103 1.9585617610111026 1.9537947241121023 1.9490276872131018
2.190112016703105 2.184015322068922 2.1779186274347384 2.171821932800555 2.1657252381663716 2.1596285435321882 2.153531848898005 2.1474351542638215 2.141338459629638 2.1352417649954547 2.1291450703612713 2.1230483757270773 2.116951681092894 2.1108549864587105 2.104758291824527 2.0986615971903437 2.0925649025561603 2.086468207921977 2.0803715132877936 2.07427481865361 2.068178124019427 2.0620814293852434 2.05598473475106 2.0498880401168766 2.0437913454826826 2.037694650848499 2.031597956214316 2.0255012615801324 2.019404566945949 2.0133078723117657 2.0078475836125773 2.003067627254336 1.9982876708960944 1.9935077145378528 1.9887277581796114 1.9839478018213699 1.9791678454631283 1.9743878891048785 1.969607932746637 1.9648279763883956 1.960048020030154 1.9552680636719124 1.9504881073136708 1.9457081509554293
2.1842280307489874 2.178224119141179 2.1722202075333703 2.1662162959255618 2.160212384317753 2.154208472709944 2.1482045611021356 2.142200649494327 2.1361967378865185 2.13019282627871 2.124188914670901 2.118185003063082 2.1121810914552737 2.106177179847465 2.100173268239656 2.0941693566318476 2.088165445024039 2.0821615334162304 2.076157621808422 2.070153710200613 2.0641497985928043 2.058145886984996 2.0521419753771872 2.0461380637693787 2.0401341521615595 2.034130240553751 2.0281263289459424 2.022122417338134 2.0161185057303252 2.0101145941225163 2.00469600032504 1.9999031245075574 1.9951102486900747 1.9903173728725918 1.9855244970551091 1.9807316212376265 1.9759387454201438 1.971145869602653 1.9663529937851703 1.9615601179676876 1.956767242150205 1.951974366332722 1.9471814905152394 1.9423886146977567
2.17834404479487 2.1724329162134364 2.166521787632002 2.1606106590505685 2.1546995304691348 2.1487884018877006 2.142877273306267 2.1369661447248327 2.131055016143399 2.1251438875619653 2.119232758980531 2.113321630399087 2.1074105018176534 2.1014993732362193 2.0955882446547855 2.089677116073352 2.0837659874919177 2.077854858910484 2.0719437303290498 2.066032601747616 2.0601214731661823 2.054210344584748 2.0482992160033144 2.0423880874218803 2.0364769588404363 2.0305658302590026 2.024654701677569 2.0187435730961347 2.012832444514701 2.006921315933267 2.0015444170375023 1.9967386217607785 1.9919328264840548 1.9871270312073308 1.982321235930607 1.9775154406538833 1.9727096453771593 1.9679038501004273 1.9630980548237034 1.9582922595469796 1.9534864642702556 1.9486806689935319 1.943874873716808 1.9390690784400841
2.1724600588407528 2.1666417132856934 2.1608233677306345 2.155005022175575 2.1491866766205163 2.143368331065457 2.1375499855103977 2.1317316399553388 2.1259132944002794 2.1200949488452205 2.114276603290161 2.108458257735092 2.102639912180033 2.096821566624974 2.0910032210699145 2.0851848755148557 2.0793665299597963 2.0735481844047374 2.067729838849678 2.061911493294619 2.05609314773956 2.0502748021845005 2.0444564566294416 2.0386381110743823 2.032819765519313 2.0270014199642543 2.021183074409195 2.015364728854136 2.0095463832990768 2.0037280377440174 1.998392833749965 1.993574119014 1.9887554042780349 1.98393668954207 1.979117974806105 1.97429926007014 1.9694805453341748 1.9646618305982018 1.9598431158622367 1.9550244011262716 1.9502056863903066 1.9453869716543415 1.9405682569183766 1.9357495421824116
2.1665760728866306 2.160850510357946 2.1551249478292616 2.1493993853005775 2.143673822771893 2.137948260243209 2.1322226977145244 2.12649713518584 2.120771572657156 2.1150460101284714 2.1093204475997873 2.103594885071093 2.0978693225424085 2.0921437600137245 2.08641819748504 2.080692634956356 2.0749670724276714 2.0692415098989874 2.063515947370303 2.0577903848416184 2.0520648223129343 2.04633925978425 2.0406136972555657 2.0348881347268812 2.029162572198187 2.023437009669503 2.0177114471408184 2.0119858846121343 2.00626032208345 2.0005347595547653 1.9952412504624248 1.9904096162672187 1.9855779820720123 1.9807463478768061 1.9759147136816 1.9710830794863938 1.9662514452911877 1.9614198110959733 1.9565881769007671 1.951756542705561 1.9469249085103546 1.9420932743151484 1.9372616401199423 1.9324300059247361
2.1606920869325132 2.1550593074302036 2.1494265279278943 2.1437937484255847 2.138160968923275 2.1325281894209653 2.1268954099186557 2.1212626304163464 2.1156298509140368 2.109997071411727 2.1043642919094174 2.0987315124070984 2.0930987329047888 2.087465953402479 2.0818331739001694 2.0762003943978597 2.0705676148955505 2.064934835393241 2.059302055890931 2.0536692763886215 2.048036496886312 2.0424037173840026 2.036770937881693 2.0311381583793833 2.0255053788770643 2.0198725993747546 2.014239819872445 2.0086070403701353 2.0029742608678256 1.9973414813655161 1.9920896671748873 1.9872451135204399 1.9824005598659926 1.9775560062115451 1.972711452557098 1.9678668989026507 1.9630223452482032 1.9581777915937475 1.9533332379393002 1.948488684284853 1.9436441306304055 1.9387995769759583 1.9339550233215108 1.9291104696670636
2.154808100978396 2.149268104502461 2.1437281080265262 2.1381881115505914 2.1326481150746566 2.1271081185987217 2.121568122122787 2.116028125646852 2.110488129170917 2.1049481326949824 2.0994081362190475 2.0938681397431034 2.0883281432671685 2.0827881467912337 2.077248150315299 2.071708153839364 2.066168157363429 2.0606281608874943 2.0550881644115595 2.0495481679356247 2.04400817145969 2.038468174983755 2.03292817850782 2.0273881820318853 2.0218481855559407 2.0163081890800063 2.010768192604071 2.0052281961281366 1.9996881996522016 1.9941482031762667 1.9889380838873498 1.9840806107736613 1.9792231376599727 1.9743656645462841 1.9695081914325958 1.9646507183189073 1.9597932452052187 1.954935772091522 1.9500782989778336 1.945220825864145 1.9403633527504565 1.935505879636768 1.9306484065230796 1.925790933409391
2.1489241150242786 2.143476901574718 2.138029688125158 2.132582474675598 2.127135261226038 2.121688047776478 2.116240834326918 2.1107936208773577 2.1053464074277977 2.0998991939782377 2.0944519805286776 2.0890047670791083 2.0835575536295483 2.078110340179988 2.072663126730428 2.067215913280868 2.061768699831308 2.056321486381748 2.0508742729321874 2.0454270594826274 2.0399798460330674 2.0345326325835074 2.0290854191339474 2.0236382056843873 2.0181909922348176 2.0127437787852576 2.0072965653356976 2.0018493518861376 1.9964021384365775 1.9909549249870173 1.985786500599812 1.9809161080268824 1.9760457154539528 1.9711753228810232 1.9663049303080935 1.9614345377351639 1.9565641451622342 1.9516937525892963 1.9468233600163667 1.941952967443437 1.9370825748705074 1.9322121822975777 1.927341789724648 1.9224713971517184
2.1430401290701613 2.137685698646976 2.132331268223791 2.1269768378006053 2.12162240737742 2.1162679769542345 2.1109135465310493 2.105559116107864 2.1002046856846786 2.0948502552614934 2.0894958248383078 2.0841413944151133 2.078786963991928 2.073432533568743 2.0680781031455573 2.062723672722372 2.0573692422991865 2.0520148118760013 2.046660381452816 2.0413059510296305 2.0359515206064454 2.0305970901832597 2.0252426597600746 2.0198882293368894 2.014533798913695 2.0091793684905093 2.003824938067324 1.9984705076441387 1.9931160772209533 1.987761646797768 1.9826349173122746 1.9777516052801039 1.9728682932479331 1.9679849812157622 1.9631016691835914 1.9582183571514207 1.9533350451192497 1.9484517330870708 1.9435684210548998 1.938685109022729 1.9338017969905583 1.9289184849583874 1.9240351729262166 1.9191518608940457
2.137156143116044 2.131894495719233 2.126632848322423 2.121371200925612 2.1161095535288017 2.110847906131991 2.1055862587351806 2.10032461133837 2.095062963941559 2.0898013165447487 2.084539669147938 2.079278021751118 2.074016374354308 2.068754726957497 2.0634930795606867 2.058231432163876 2.052969784767065 2.047708137370255 2.042446489973444 2.0371848425766337 2.031923195179823 2.0266615477830126 2.0213999003862018 2.016138252989391 2.0108766055925718 2.005614958195761 2.00035331079895 1.9950916634021398 1.989830016005329 1.9845683686085185 1.979483334024737 1.9745871025333253 1.9696908710419132 1.9647946395505012 1.9598984080590893 1.9550021765676773 1.9501059450762654 1.945209713584845 1.9403134820934331 1.935417250602021 1.930521019110609 1.9256247876191972 1.9207285561277851 1.915832324636373
2.1312721571619218 2.126103292791486 2.1209344284210503 2.1157655640506143 2.1105966996801784 2.105427835309743 2.100258970939307 2.0950901065688714 2.0899212421984354 2.0847523778279995 2.079583513457564 2.074414649087119 2.0692457847166836 2.0640769203462477 2.058908055975812 2.053739191605376 2.0485703272349403 2.0434014628645047 2.038232598494069 2.0330637341236333 2.0278948697531973 2.0227260053827614 2.017557141012326 2.01238827664189 2.0072194122714455 2.0020505479010096 1.9968816835305738 1.991712819160138 1.9865439547897021 1.9813750904192664 1.976331750737197 1.9714225997865438 1.9665134488358906 1.9616042978852375 1.9566951469345844 1.9517859959839312 1.946876845033278 1.9419676940826167 1.9370585431319636 1.9321493921813104 1.927240241230657 1.9223310902800042 1.9174219393293508 1.9125127883786979
2.125388171207804 2.1203120898637433 2.115236008519682 2.110159927175621 2.10508384583156 2.1000077644874993 2.094931683143438 2.089855601799377 2.084779520455316 2.0797034391112548 2.074627357767194 2.069551276423124 2.0644751950790634 2.0593991137350023 2.054323032390941 2.04924695104688 2.044170869702819 2.0390947883587582 2.034018707014697 2.028942625670636 2.023866544326575 2.0187904629825137 2.013714381638453 2.008638300294392 2.0035622189503224 1.9984861376062613 1.9934100562622001 1.988333974918139 1.9832578935740781 1.978181812230017 1.9731801674496594 1.9682580970397652 1.963336026629871 1.9584139562199765 1.9534918858100823 1.948569815400188 1.9436477449902936 1.938725674580391 1.9338036041704967 1.9288815337606025 1.923959463350708 1.9190373929408138 1.9141153225309195 1.909193252121025
2.119504185253687 2.114520886936001 2.1095375886183145 2.1045542903006282 2.099570991982942 2.0945876936652557 2.0896043953475694 2.084621097029883 2.079637798712197 2.0746545003945105 2.069671202076824 2.0646879037591295 2.059704605441443 2.054721307123757 2.0497380088060706 2.0447547104883843 2.039771412170698 2.0347881138530117 2.0298048155353254 2.024821517217639 2.019838218899953 2.0148549205822666 2.0098716222645803 2.004888323946894 1.9999050256291993 1.994921727311513 1.9899384289938267 1.9849551306761404 1.979971832358454 1.9749885340407678 1.9700285841621221 1.9650935942929868 1.9601586044238513 1.9552236145547157 1.9502886246855804 1.9453536348164449 1.9404186449473093 1.9354836550781656 1.93054866520903 1.9256136753398945 1.9206786854707592 1.9157436956016236 1.9108087057324883 1.9058737158633527
2.11362019929957 2.1087296840082583 2.1038391687169464 2.098948653425635 2.0940581381343235 2.089167622843012 2.0842771075517006 2.079386592260389 2.0744960769690772 2.0696055616777658 2.0647150463864543 2.0598245310951344 2.054934015803823 2.0500435005125115 2.0451529852212 2.040262469929888 2.0353719546385767 2.030481439347265 2.0255909240559538 2.0207004087646423 2.015809893473331 2.010919378182019 2.0060288628907075 2.001138347599396 1.9962478323080761 1.9913573170167647 1.9864668017254532 1.9815762864341415 1.97668577114283 1.9717952558515186 1.9668770008745846 1.961929091546208 1.9569811822178313 1.9520332728894547 1.947085363561078 1.9421374542327015 1.9371895449043248 1.93224163557594 1.9272937262475633 1.9223458169191867 1.91739790759081 1.9124499982624334 1.9075020889340568 1.9025541796056802
2.1077362133454525 2.1029384810805154 2.0981407488155788 2.0933430165506417 2.088545284285705 2.0837475520207684 2.0789498197558314 2.0741520874908947 2.069354355225958 2.064556622961021 2.0597588906960844 2.0549611584311394 2.0501634261662027 2.0453656939012657 2.040567961636329 2.0357702293713924 2.0309724971064553 2.0261747648415187 2.021377032576582 2.016579300311645 2.0117815680467084 2.0069838357817718 2.0021861035168347 1.997388371251898 1.992590638986953 1.9877929067220164 1.9829951744570795 1.9781974421921427 1.973399709927206 1.9686019776622692 1.963725417587047 1.9587645887994294 1.9538037600118117 1.9488429312241937 1.943882102436576 1.9389212736489583 1.9339604448613406 1.9289996160737142 1.9240387872860965 1.9190779584984787 1.914117129710861 1.909156300923243 1.9041954721356253 1.8992346433480076
2.1018522273913347 2.097147278152773 2.0924423289142107 2.087737379675649 2.0830324304370866 2.0783274811985244 2.0736225319599626 2.0689175827214004 2.0642126334828386 2.0595076842442763 2.0548027350057145 2.0500977857671443 2.0453928365285825 2.0406878872900203 2.0359829380514585 2.0312779888128962 2.026573039574334 2.021868090335772 2.01716314109721 2.012458191858648 2.007753242620086 2.003048293381524 1.9983433441429619 1.9936383949043999 1.9889334456658299 1.9842284964272678 1.9795235471887058 1.9748185979501438 1.9701136487115818 1.9654086994730198 1.9605738342995096 1.9556000860526506 1.9506263378057918 1.9456525895589327 1.940678841312074 1.9357050930652149 1.930731344818356 1.9257575965714886 1.9207838483246296 1.9158101000777708 1.9108363518309117 1.905862603584053 1.9008888553371939 1.8959151070903348
2.095968241437218 2.0913560752250304 2.086743909012843 2.082131742800656 2.0775195765884686 2.0729074103762812 2.068295244164094 2.063683077951907 2.0590709117397195 2.054458745527532 2.0498465793153446 2.0452344131031497 2.0406222468909623 2.036010080678775 2.031397914466588 2.0267857482544005 2.022173582042213 2.0175614158300257 2.0129492496178387 2.0083370834056513 2.003724917193464 1.9991127509812765 1.9945005847690893 1.9898884185569021 1.985276252344707 1.9806640861325195 1.9760519199203324 1.971439753708145 1.9668275874959575 1.9622154212837704 1.957422251011972 1.952435583305872 1.9474489155997718 1.9424622478936717 1.9374755801875716 1.9324889124814717 1.9275022447753716 1.922515577069263 1.917528909363163 1.9125422416570628 1.9075555739509626 1.9025689062448625 1.8975822385387624 1.8925955708326623
2.095174765428908 2.0905915012777623 2.0860082371266166 2.0814249729754706 2.076841708824325 2.0722584446731793 2.0676751805220337 2.0630919163708876 2.058508652219742 2.0539253880685964 2.0493421239174507 2.044758859766297 2.0401755956151515 2.035592331464006 2.03100906731286 2.026425803161714 2.0218425390105685 2.017259274859423 2.012676010708277 2.008092746557131 2.0035094824059856 1.99892621825484 1.994342954103694 1.9897596899525485 1.9851764258013949 1.9805931616502492 1.9760098974991034 1.9714266333479578 1.966843369196812 1.9622601050456663 1.9574785182829195 1.9524849201620227 1.9474913220411256 1.9424977239202288 1.937504125799332 1.932510527678435 1.927516929557538 1.9225233314366326 1.9175297333157357 1.912536135194839 1.9075425370739418 1.902548938953045 1.8975553408321482 1.892561742711251
2.0998227236311267 2.0952000768163357 2.0905774300015443 2.0859547831867533 2.0813321363719623 2.076709489557171 2.07208684274238 2.067464195927589 2.0628415491127976 2.0582189022980066 2.0535962554832157 2.0489736086684167 2.0443509618536253 2.0397283150388343 2.0351056682240434 2.030483021409252 2.025860374594461 2.02123772777967 2.0166150809648786 2.0119924341500877 2.0073697873352967 2.0027471405205053 1.9981244937057143 1.9935018468909231 1.9888792000761242 1.9842565532613332 1.979633906446542 1.9750112596317508 1.9703886128169599 1.9657659660021687 1.9609637755680354 1.9559696489432847 1.9509755223185339 1.9459813956937833 1.9409872690690326 1.935993142444282 1.9309990158195314 1.9260048891947723 1.9210107625700215 1.9160166359452708 1.9110225093205202 1.9060283826957696 1.901034256071019 1.8960401294462683
