Figures/CREST_Example_wjb_NSE/PETs/wjb.pet.20091110.asc
ncols            288
nrows            254
xllcorner        113.274861
yllcorner        31.4918055
cellsize         0.008333333333
NODATA_value     -9999
[rows 133 to 151 of 254, columns 129 to 171 of 288]
0.2704429555484555 0.27112080833591967 0.27179866112338275 0.27186984383122403 0.27129248250329935 0.27071512117537466 0.27013775984745 0.2695603985195253 0.2689830371916006 0.2684056758636759 0.2678283145357512 0.2672509532078265 0.2666735918799018 0.2660962305519771 0.26551886922405143 0.26494150789612675 0.26436414656820206 0.2637867852402774 0.2632094239123527 0.262632062584428 0.2620547012565033 0.26147733992857863 0.26089997860065395 0.2603226172727292 0.2597452559448045 0.25916789461687983 0.25859053328895515 0.25801317196102946 0.2574358106331048 0.2568584493051801 0.2562810879772554 0.2557037266493307 0.25512636532140603 0.25475787709712 0.2546126789456401 0.25446748079416015 0.25432228264268025 0.25417708449120036 0.25403188633972046 0.2538866881882405 0.2537414900367604 0.25359629188528043 0.25345109373380054
0.2680932423527347 0.268762131394477 0.26943102043621825 0.2694964753918058 0.2689168456618311 0.2683372159318564 0.2677575862018816 0.2671779564719069 0.2665983267419321 0.2660186970119574 0.2654390672819827 0.2648594375520079 0.2642798078220332 0.2637001780920585 0.2631205483620827 0.262540918632108 0.26196128890213327 0.2613816591721585 0.2608020294421838 0.260222399712209 0.2596427699822343 0.25906314025225957 0.2584835105222848 0.2579038807923101 0.2573242510623353 0.2567446213323606 0.25616499160238587 0.2555853618724101 0.2550057321424354 0.25442610241246066 0.2538464726824859 0.2532668429525112 0.2526872132225364 0.2523224076932221 0.2521872540940528 0.2520521004948834 0.2519169468957141 0.2517817932965447 0.2516466396973754 0.251511486098206 0.25137633249903646 0.2512411788998671 0.25110602530069775
0.2657435291570138 0.26640345445303437 0.2670633797490538 0.26712310695238767 0.26654120882036286 0.26595931068833806 0.2653774125563133 0.2647955144242885 0.2642136162922637 0.26363171816023895 0.26304982002821414 0.26246792189618934 0.2618860237641646 0.2613041256321398 0.260722227500114 0.26014032936808923 0.2595584312360644 0.2589765331040396 0.25839463497201487 0.25781273683999006 0.25723083870796526 0.25664894057594045 0.2560670424439157 0.2554851443118909 0.2549032461798661 0.25432134804784134 0.25373944991581654 0.25315755178379074 0.252575653651766 0.2519937555197412 0.2514118573877164 0.2508299592556916 0.2502480611236668 0.24988693828932426 0.24976182924246546 0.24963672019560668 0.2495116111487479 0.2493865021018891 0.2492613930550303 0.24913628400817153 0.24901117496131253 0.24888606591445372 0.24876095686759495
0.2633938159612931 0.2640447775115918 0.26469573906188937 0.2647497385129695 0.2641655719788947 0.26358140544481984 0.262997238910745 0.26241307237667016 0.2618289058425953 0.2612447393085205 0.26066057277444565 0.2600764062403708 0.259492239706296 0.25890807317222114 0.2583239066381453 0.25773974010407047 0.25715557356999563 0.2565714070359208 0.25598724050184596 0.2554030739677711 0.2548189074336963 0.25423474089962145 0.2536505743655466 0.2530664078314718 0.25248224129739694 0.2518980747633221 0.25131390822924726 0.2507297416951714 0.2501455751610966 0.24956140862702172 0.2489772420929469 0.24839307555887205 0.2478089090247972 0.24745146888542638 0.24733640439087815 0.24722133989632994 0.2471062754017817 0.24699121090723347 0.24687614641268524 0.24676108191813703 0.2466460174235886 0.24653095292904037 0.24641588843449216
0.2610441027655702 0.2616861005701471 0.2623280983747229 0.26237637007354925 0.2617899351374244 0.2612035002012995 0.2606170652651746 0.2600306303290497 0.25944419539292485 0.2588577604567999 0.25827132552067505 0.2576848905845502 0.25709845564842526 0.2565120207123004 0.2559255857761745 0.2553391508400496 0.25475271590392473 0.25416628096779986 0.25357984603167494 0.25299341109555007 0.2524069761594252 0.2518205412233003 0.2512341062871754 0.25064767135105054 0.2500612364149256 0.24947480147880075 0.24888836654267585 0.24830193160654998 0.24771549667042508 0.2471290617343002 0.24654262679817532 0.24595619186205042 0.24536975692592555 0.24501599948152641 0.24491097953928878 0.24480595959705112 0.24470093965481346 0.2445959197125758 0.24449089977033817 0.2443858798281005 0.24428085988586268 0.24417583994362502 0.24407082000138736
0.2586943895698494 0.2593274236287045 0.25996045768755843 0.2600030016341311 0.2594142982959562 0.25882559495778124 0.2582368916196063 0.2576481882814314 0.2570594849432564 0.25647078160508147 0.25588207826690657 0.2552933749287316 0.2547046715905567 0.25411596825238175 0.2535272649142058 0.2529385615760309 0.25234985823785594 0.251761154899681 0.2511724515615061 0.2505837482233311 0.24999504488515617 0.24940634154698124 0.2488176382088063 0.24822893487063138 0.24764023153245643 0.2470515281942815 0.24646282485610657 0.24587412151793062 0.2452854181797557 0.24469671484158076 0.2441080115034058 0.24351930816523087 0.24293060482705595 0.24258053007762856 0.24248555468770147 0.24239057929777436 0.24229560390784727 0.24220062851792018 0.2421056531279931 0.242010677738066 0.24191570234813875 0.24182072695821166 0.24172575156828457
0.25634467637412856 0.25696874668726183 0.257592817000394 0.25762963319471294 0.25703866145448795 0.25644768971426296 0.255856717974038 0.255265746233813 0.254674774493588 0.254083802753363 0.253492831013138 0.25290185927291303 0.25231088753268804 0.25171991579246306 0.25112894405223707 0.2505379723120121 0.2499470005717871 0.24935602883156213 0.24876505709133714 0.24817408535111216 0.24758311361088717 0.24699214187066218 0.2464011701304372 0.2458101983902122 0.24521922664998722 0.24462825490976223 0.24403728316953727 0.24344631142931125 0.2428553396890863 0.2422643679488613 0.24167339620863632 0.24108242446841133 0.24049145272818634 0.24014506067373068 0.24006012983611416 0.23997519899849762 0.2398902681608811 0.23980533732326456 0.23972040648564802 0.2396354756480315 0.23955054481041482 0.2394656139727983 0.23938068313518177
0.2539949631784078 0.2546100697458192 0.25522517631322955 0.2552562647552948 0.25466302461301976 0.2540697844707447 0.25347654432846967 0.25288330418619465 0.2522900640439196 0.25169682390164455 0.25110358375936953 0.2505103436170945 0.24991710347481946 0.24932386333254442 0.24873062319026837 0.24813738304799335 0.2475441429057183 0.24695090276344328 0.24635766262116823 0.2457644224788932 0.24517118233661817 0.24457794219434315 0.2439847020520681 0.24339146190979305 0.24279822176751803 0.24220498162524298 0.24161174148296796 0.24101850134069192 0.24042526119841687 0.23983202105614185 0.2392387809138668 0.23864554077159178 0.23805230062931673 0.2377095912698328 0.23763470498452685 0.23755981869922088 0.2374849324139149 0.23741004612860894 0.23733515984330297 0.237260273557997 0.2371853872726909 0.23711050098738495 0.23703561470207898
0.25164524998268695 0.25225139280437653 0.25285753562606506 0.25288289631587657 0.2522873877715515 0.2516918792272264 0.2510963706829013 0.25050086213857625 0.24990535359425117 0.24930984504992607 0.24871433650560099 0.2481188279612759 0.24752331941695083 0.24692781087262575 0.24633230232829964 0.24573679378397456 0.24514128523964948 0.2445457766953244 0.24395026815099932 0.24335475960667424 0.24275925106234914 0.24216374251802406 0.24156823397369898 0.2409727254293739 0.24037721688504882 0.23978170834072374 0.23918619979639866 0.23859069125207255 0.23799518270774747 0.2373996741634224 0.2368041656190973 0.23620865707477223 0.23561314853044713 0.23527412186593494 0.23520928013293954 0.23514443839994412 0.23507959666694872 0.23501475493395332 0.2349499132009579 0.2348850714679625 0.234820229734967 0.23475538800197157 0.23469054626897617
0.24929553678696614 0.24989271586293388 0.2504898949389006 0.25050952787645836 0.24991175093008325 0.2493139739837081 0.248716197037333 0.24811842009095786 0.24752064314458272 0.24692286619820758 0.24632508925183247 0.24572731230545733 0.2451295353590822 0.24453175841270708 0.2439339814663309 0.24333620451995577 0.24273842757358066 0.24214065062720552 0.24154287368083038 0.24094509673445527 0.24034731978808013 0.239749542841705 0.23915176589532985 0.23855398894895474 0.2379562120025796 0.23735843505620446 0.23676065810982935 0.2361628811634532 0.23556510421707805 0.23496732727070294 0.2343695503243278 0.23377177337795266 0.23317399643157755 0.23283865246203705 0.23278385528135223 0.23272905810066738 0.23267426091998253 0.2326194637392977 0.23256466655861285 0.232509869377928 0.23245507219724307 0.23240027501655822 0.2323454778358734
0.24694582359124534 0.24753403892149126 0.24812225425173617 0.2481361594370402 0.24753611408861503 0.24693606874018986 0.24633602339176466 0.2457359780433395 0.24513593269491432 0.24453588734648912 0.24393584199806395 0.24333579664963878 0.24273575130121358 0.2421357059527884 0.2415356606043622 0.240935615255937 0.24033556990751184 0.23973552455908667 0.23913547921066147 0.2385354338622363 0.23793538851381113 0.23733534316538593 0.23673529781696076 0.2361352524685356 0.2355352071201104 0.23493516177168522 0.23433511642326005 0.23373507107483382 0.23313502572640865 0.23253498037798348 0.2319349350295583 0.2313348896811331 0.23073484433270794 0.2304031830581392 0.2303584304297649 0.23031367780139061 0.23026892517301634 0.23022417254464206 0.23017941991626778 0.2301346672878935 0.23008991465951914 0.23004516203114486 0.23000040940277058
0.2445961103955225 0.2451753619800466 0.2457546135645697 0.24576279099762002 0.2451604772471448 0.24455816349666956 0.24395584974619433 0.2433535359957191 0.24275122224524387 0.24214890849476864 0.2415465947442934 0.24094428099381815 0.24034196724334292 0.2397396534928677 0.23913733974239143 0.2385350259919162 0.23793271224144097 0.23733039849096574 0.2367280847404905 0.23612577099001528 0.23552345723954005 0.23492114348906482 0.23431882973858958 0.23371651598811435 0.23311420223763912 0.2325118884871639 0.23190957473668866 0.2313072609862124 0.23070494723573717 0.23010263348526194 0.2295003197347867 0.22889800598431148 0.22829569223383625 0.22796771365423923 0.22793300557817553 0.22789829750211182 0.22786358942604812 0.22782888134998439 0.22779417327392068 0.22775946519785698 0.22772475712179321 0.2276900490457295 0.2276553409696658
0.2422463971998017 0.24281668503860396 0.24338697287740527 0.24338942255820184 0.24278484040567658 0.2421802582531513 0.241575676100626 0.24097109394810073 0.24036651179557544 0.23976192964305015 0.2391573474905249 0.2385527653379996 0.23794818318547434 0.23734360103294905 0.23673901888042273 0.23613443672789747 0.23552985457537218 0.2349252724228469 0.23432069027032162 0.23371610811779633 0.23311152596527107 0.23250694381274578 0.2319023616602205 0.23129777950769523 0.23069319735516994 0.23008861520264468 0.22948403305011938 0.22887945089759307 0.2282748687450678 0.22767028659254251 0.22706570444001722 0.22646112228749196 0.22585654013496667 0.22553224425034138 0.22550758072658825 0.2254829172028351 0.22545825367908195 0.2254335901553288 0.22540892663157566 0.2253842631078225 0.22535959958406931 0.22533493606031615 0.22531027253656302
0.23989668400408087 0.2404580080971613 0.2410193321902408 0.24101605411878366 0.2404092035642083 0.23980235300963298 0.23919550245505766 0.23858865190048234 0.23798180134590702 0.2373749507913317 0.23676810023675635 0.23616124968218102 0.2355543991276057 0.23494754857303038 0.234340698018454 0.23373384746387868 0.23312699690930336 0.23252014635472804 0.23191329580015269 0.23130644524557736 0.23069959469100204 0.23009274413642672 0.2294858935818514 0.22887904302727605 0.22827219247270072 0.2276653419181254 0.22705849136355008 0.2264516408089737 0.22584479025439838 0.22523793969982306 0.22463108914524774 0.22402423859067241 0.22341738803609706 0.22309677484644352 0.22308215587500094 0.22306753690355835 0.22305291793211576 0.22303829896067318 0.2230236799892306 0.223009061017788 0.2229944420463454 0.2229798230749028 0.2229652041034602
0.23754697080836007 0.23809933115571869 0.23865169150307633 0.23864268567936547 0.2380335667227401 0.23742444776611474 0.23681532880948936 0.23620620985286397 0.2355970908962386 0.2349879719396132 0.23437885298298783 0.23376973402636247 0.2331606150697371 0.2325514961131117 0.2319423771564853 0.23133325819985992 0.23072413924323454 0.23011502028660916 0.22950590132998377 0.22889678237335842 0.22828766341673304 0.22767854446010766 0.22706942550348228 0.2264603065468569 0.22585118759023154 0.22524206863360616 0.22463294967698078 0.22402383072035437 0.22341471176372898 0.2228055928071036 0.22219647385047822 0.22158735489385284 0.22097823593722749 0.22066130544254564 0.22065673102341363 0.22065215660428159 0.22064758218514957 0.22064300776601756 0.22063843334688552 0.2206338589277535 0.2206292845086215 0.22062471008948945 0.22062013567035743
0.23649029209792835 0.2370157411115001 0.23754119012507094 0.2375144770812832 0.23689749031030014 0.23628050353931707 0.235663516768334 0.23504652999735093 0.23442954322636786 0.2338125564553848 0.23319556968440172 0.23257858291341865 0.23196159614243556 0.2313446093714525 0.23072762260046836 0.2301106358294853 0.22949364905850222 0.22887666228751916 0.2282596755165361 0.22764268874555302 0.22702570197456995 0.22640871520358688 0.2257917284326038 0.22517474166162074 0.22455775489063767 0.2239407681196546 0.22332378134867154 0.2227067945776874 0.22208980780670434 0.22147282103572125 0.22085583426473818 0.2202388474937551 0.21962186072277204 0.21929754606201268 0.21928610450775543 0.2192746629534982 0.21926322139924095 0.21925177984498373 0.21924033829072648 0.21922889673646925 0.219217455182212 0.21920601362795475 0.21919457207369752
0.23681578574200746 0.23729513858153026 0.23777449142105225 0.23771726586124597 0.2370864258571239 0.2364555858530018 0.23582474584887972 0.23519390584475766 0.23456306584063558 0.2339322258365135 0.2333013858323914 0.23267054582826935 0.23203970582414726 0.23140886582002518 0.23077802581590204 0.23014718581177995 0.22951634580765787 0.22888550580353578 0.22825466579941373 0.22762382579529164 0.22699298579116955 0.2263621457870475 0.2257313057829254 0.22510046577880333 0.22446962577468124 0.22383878577055916 0.2232079457664371 0.22257710576231393 0.22194626575819187 0.2213154257540698 0.2206845857499477 0.22005374574582562 0.21942290574170356 0.21907937713803738 0.21904299092086446 0.21900660470369152 0.2189702184865186 0.21893383226934565 0.21889744605217273 0.2188610598349998 0.2188246736178268 0.21878828740065387 0.21875190118348095
0.23714127938608684 0.23757453605156068 0.23800779271703376 0.2379200546412089 0.2372753614039478 0.2366306681666867 0.2359859749294256 0.23534128169216453 0.23469658845490343 0.23405189521764233 0.23340720198038123 0.23276250874312013 0.23211781550585903 0.23147312226859793 0.23082842903133574 0.23018373579407464 0.22953904255681354 0.22889434931955244 0.22824965608229136 0.22760496284503026 0.22696026960776916 0.22631557637050806 0.22567088313324696 0.22502618989598586 0.22438149665872478 0.22373680342146368 0.22309211018420258 0.22244741694694037 0.2218027237096793 0.2211580304724182 0.2205133372351571 0.219868643997896 0.2192239507606349 0.2188612082140619 0.21879987733397327 0.21873854645388463 0.21867721557379596 0.21861588469370732 0.21855455381361868 0.21849322293353005 0.2184318920534413 0.21837056117335263 0.218309230293264
0.23746677303016595 0.23785393352159084 0.23824109401301508 0.23812284342117165 0.23746429695077156 0.23680575048037145 0.23614720400997136 0.23548865753957124 0.23483011106917115 0.23417156459877103 0.23351301812837094 0.23285447165797082 0.23219592518757073 0.23153737871717062 0.2308788322467694 0.2302202857763693 0.22956173930596918 0.2289031928355691 0.22824464636516897 0.22758609989476888 0.22692755342436877 0.22626900695396868 0.22561046048356856 0.22495191401316847 0.22429336754276835 0.22363482107236826 0.22297627460196814 0.22231772813156692 0.22165918166116683 0.2210006351907667 0.22034208872036662 0.2196835422499665 0.2190249957795664 0.21864303929008663 0.21855676374708227 0.21847048820407794 0.2183842126610736 0.21829793711806927 0.2182116615750649 0.21812538603206058 0.2180391104890561 0.21795283494605175 0.21786655940304742
