Figures/CREST_Example_wjb_NSE/PETs/wjb.pet.20090218.asc
ncols            288
nrows            254
xllcorner        113.274861
yllcorner        31.4918055
cellsize         0.008333333333
NODATA_value     -9999
[rows 190 to 208 of 254, columns 132 to 175 of 288]
0.37568094415903114 0.3773180861469858 0.3789552281349405 0.38059237012289515 0.3822295121108498 0.3838666540988045 0.38550379608675917 0.38714093807471384 0.3887780800626685 0.3904152220506232 0.39205236403857785 0.3936895060265353 0.39532664801448997 0.39696379000244464 0.3986009319903993 0.400238073978354 0.40187521596630865 0.4035123579542633 0.405149499942218 0.40678664193017267 0.40842378391812734 0.410060925906082 0.4116980678940367 0.41333520988199135 0.4149723518699488 0.41660949385790347 0.41824663584585814 0.4198837778338128 0.4215209198217675 0.42315806180972215 0.4235294428857456 0.42254769691354377 0.42156595094134186 0.42058420496914 0.41960245899693815 0.41862071302473625 0.4176389670525344 0.4166572210803308 0.41567547510812897 0.4146937291359271 0.4137119831637252 0.41273023719152335 0.4117484912193215 0.41076674524711965
0.3759302890186675 0.37756669056136144 0.37920309210405534 0.38083949364674924 0.3824758951894432 0.3841122967321371 0.38574869827483105 0.38738509981752495 0.3890215013602189 0.3906579029029128 0.3922943044456067 0.39393070598830343 0.39556710753099733 0.3972035090736913 0.3988399106163852 0.40047631215907914 0.40211271370177304 0.40374911524446694 0.4053855167871609 0.4070219183298548 0.40865831987254875 0.41029472141524265 0.41193112295793655 0.4135675245006305 0.41520392604332723 0.41684032758602113 0.41847672912871503 0.420113130671409 0.4217495322141029 0.42338593375679684 0.42376122902999896 0.4227883731730384 0.42181551731607786 0.4208426614591173 0.41986980560215675 0.4188969497451962 0.41792409388823565 0.41695123803127343 0.4159783821743128 0.41500552631735227 0.4140326704603917 0.41305981460343116 0.4120869587464706 0.41111410288951006
0.37617963387830394 0.37781529497573707 0.37945095607317025 0.38108661717060344 0.3827222782680366 0.38435793936546975 0.38599360046290293 0.3876292615603361 0.3892649226577693 0.3909005837552025 0.3925362448526356 0.39417190595007157 0.39580756704750475 0.39744322814493793 0.3990788892423711 0.40071455033980424 0.4023502114372374 0.4039858725346706 0.4056215336321038 0.407257194729537 0.4088928558269701 0.4105285169244033 0.41216417802183647 0.41379983911926965 0.4154355002167056 0.4170711613141388 0.4187068224115719 0.4203424835090051 0.4219781446064383 0.42361380570387147 0.4239930151742523 0.42302904943253306 0.4220650836908138 0.42110111794909455 0.42013715220737535 0.4191731864656561 0.41820922072393685 0.41724525498221593 0.4162812892404967 0.4153173234987774 0.41435335775705817 0.413389392015339 0.4124254262736197 0.41146146053190047
0.37642897873794035 0.37806389939011276 0.37969882004228517 0.3813337406944576 0.38296866134663005 0.38460358199880246 0.38623850265097487 0.3878734233031473 0.3895083439553197 0.39114326460749216 0.39277818525966457 0.39441310591183976 0.39604802656401217 0.3976829472161846 0.39931786786835705 0.40095278852052946 0.40258770917270187 0.4042226298248743 0.4058575504770467 0.40749247112921916 0.40912739178139157 0.410762312433564 0.4123972330857364 0.4140321537379088 0.41566707439008405 0.41730199504225646 0.41893691569442887 0.4205718363466013 0.4222067569987737 0.42384167765094616 0.4242248013185057 0.42326972569202775 0.4223146500655498 0.4213595744390719 0.42040449881259395 0.419449423186116 0.41849434755963805 0.4175392719331585 0.4165841963066806 0.41562912068020264 0.4146740450537247 0.41371896942724673 0.41276389380076883 0.4118088181742909
0.3766783235975768 0.3783125038044885 0.37994668401140014 0.38158086421831183 0.3832150444252235 0.38484922463213517 0.38648340483904686 0.3881175850459585 0.3897517652528702 0.39138594545978184 0.39302012566669353 0.394654305873608 0.39628848608051964 0.39792266628743134 0.39955684649434303 0.40119102670125467 0.40282520690816637 0.404459387115078 0.4060935673219897 0.4077277475289014 0.40936192773581304 0.41099610794272473 0.41263028814963637 0.41426446835654807 0.4158986485634625 0.4175328287703742 0.41916700897728587 0.4208011891841975 0.4224353693911092 0.4240695495980209 0.42445658746275916 0.4235104019515225 0.4225642164402859 0.42161803092904926 0.42067184541781266 0.419725659906576 0.4187794743953394 0.41783328888410115 0.41688710337286455 0.41594091786162796 0.4149947323503913 0.4140485468391547 0.41310236132791806 0.41215617581668146
0.37692766845721326 0.3785611082188642 0.38019454798051505 0.381827987742166 0.3834614275038169 0.3850948672654678 0.38672830702711875 0.38836174678876967 0.3899951865504206 0.3916286263120715 0.39326206607372244 0.39489550583537614 0.39652894559702706 0.398162385358678 0.3997958251203289 0.40142926488197983 0.40306270464363075 0.4046961444052817 0.4063295841669326 0.4079630239285835 0.40959646369023445 0.41122990345188537 0.4128633432135363 0.4144967829751872 0.4161302227368409 0.41776366249849184 0.41939710226014276 0.4210305420217937 0.42266398178344455 0.4242974215450955 0.42468837360701245 0.42375107821101715 0.42281378281502185 0.42187648741902656 0.4209391920230312 0.4200018966270359 0.4190646012310406 0.4181273058350437 0.4171900104390484 0.41625271504305306 0.41531541964705776 0.41437812425106246 0.41344082885506717 0.41250353345907187
0.37717701331684966 0.3788097126332398 0.38044241194963 0.3820751112660202 0.3837078105824103 0.38534050989880053 0.3869732092151907 0.38860590853158083 0.39023860784797104 0.3918713071643612 0.39350400648075134 0.3951367057971443 0.3967694051135345 0.3984021044299247 0.40003480374631484 0.401667503062705 0.4033002023790952 0.40493290169548535 0.4065656010118755 0.4081983003282657 0.40983099964465586 0.411463698961046 0.4130963982774362 0.41472909759382637 0.41636179691021935 0.4179944962266095 0.41962719554299965 0.42125989485938986 0.42289259417578 0.42452529349217016 0.42492015975126585 0.42399175447051185 0.42306334918975785 0.42213494390900386 0.42120653862824986 0.42027813334749586 0.41934972806674187 0.41842132278598626 0.41749291750523226 0.41656451222447827 0.41563610694372427 0.4147077016629703 0.4137792963822163 0.4128508911014623
0.3774263581764861 0.37905831704761556 0.380690275918745 0.38232223478987437 0.3839541936610038 0.38558615253213324 0.3872181114032627 0.3888500702743921 0.3904820291455215 0.3921139880166509 0.39374594688778036 0.3953779057589126 0.39700986463004195 0.3986418235011714 0.4002737823723008 0.40190574124343026 0.40353770011455964 0.4051696589856891 0.4068016178568185 0.40843357672794794 0.4100655355990773 0.41169749447020676 0.4133294533413362 0.41496141221246563 0.41659337108359784 0.4182253299547272 0.41985728882585666 0.4214892476969861 0.42312120656811547 0.4247531654392449 0.4251519458955193 0.4242324307300066 0.4233129155644939 0.4223934003989812 0.42147388523346857 0.4205543700679559 0.4196348549024432 0.4187153397369289 0.41779582457141623 0.4168763094059036 0.4159567942403909 0.4150372790748782 0.4141177639093655 0.41319824874385286
0.3776757030361226 0.37930692146199124 0.3809381398878599 0.38256935831372857 0.38420057673959723 0.3858317951654659 0.38746301359133456 0.3890942320172032 0.39072545044307194 0.3923566688689406 0.39398788729480927 0.3956191057206807 0.39725032414654937 0.39888154257241804 0.4005127609982867 0.40214397942415536 0.4037751978500241 0.40540641627589274 0.4070376347017614 0.40866885312763007 0.41030007155349874 0.4119312899793674 0.41356250840523606 0.4151937268311048 0.4168249452569762 0.4184561636828449 0.42008738210871355 0.4217186005345822 0.4233498189604509 0.42498103738631954 0.4253837320397726 0.42447310698950125 0.42356248193922985 0.4226518568889585 0.4217412318386871 0.4208306067884158 0.4199199817381444 0.4190093566878714 0.4180987316376001 0.4171881065873287 0.41627748153705735 0.41536685648678595 0.4144562314365146 0.4135456063862432
0.377925047895759 0.3795555258763669 0.3811860038569748 0.3828164818375827 0.38444695981819066 0.38607743779879855 0.3877079157794065 0.38933839376001445 0.39096887174062234 0.3925993497212303 0.3942298277018382 0.3958603056824489 0.3974907836630568 0.39912126164366474 0.40075173962427263 0.4023822176048806 0.40401269558548847 0.4056431735660964 0.4072736515467043 0.40890412952731225 0.41053460750792015 0.4121650854885281 0.41379556346913604 0.41542604144974393 0.41705651943035466 0.41868699741096255 0.4203174753915705 0.4219479533721784 0.42357843135278633 0.4252089093333942 0.425615518184026 0.42471378324899595 0.42381204831396585 0.4229103133789358 0.42200857844390577 0.4211068435088757 0.42020510857384563 0.41930337363881404 0.418401638703784 0.4174999037687539 0.41659816883372386 0.4156964338986938 0.4147946989636637 0.4138929640286337
0.37817439275539544 0.3798041302907426 0.3814338678260898 0.38306360536143697 0.38469334289678414 0.3863230804321313 0.3879528179674785 0.38958255550282567 0.39121229303817284 0.39284203057352 0.3944717681088672 0.3961015056442171 0.39773124317956426 0.39936098071491144 0.4009907182502586 0.4026204557856058 0.40425019332095297 0.40587993085630014 0.4075096683916473 0.4091394059269945 0.41076914346234167 0.41239888099768884 0.414028618533036 0.4156583560683832 0.4172880936037331 0.4189178311390803 0.42054756867442744 0.4221773062097746 0.4238070437451218 0.42543678128046897 0.42584730432827944 0.4249544595084907 0.4240616146887019 0.42316876986891316 0.4222759250491244 0.4213830802293357 0.42049023540954694 0.4195973905897567 0.41870454576996796 0.4178117009501792 0.4169188561303905 0.41602601131060174 0.41513316649081294 0.4142403216710242
0.3784237376150319 0.3800527347051183 0.3816817317952047 0.38331072888529116 0.38493972597537757 0.38656872306546397 0.38819772015555043 0.38982671724563683 0.39145571433572324 0.3930847114258097 0.3947137085158961 0.3963427056059853 0.39797170269607174 0.39960069978615814 0.40122969687624455 0.402858693966331 0.4044876910564174 0.4061166881465038 0.40774568523659027 0.4093746823266767 0.4110036794167631 0.41263267650684954 0.41426167359693594 0.41589067068702235 0.4175196677771116 0.419148664867198 0.4207776619572844 0.42240665904737085 0.42403565613745725 0.42566465322754365 0.4260790904725328 0.42519513576798534 0.42431118106343796 0.4234272263588905 0.4225432716543431 0.42165931694979564 0.4207753622452482 0.41989140754069926 0.4190074528361518 0.4181234981316044 0.417239543427057 0.41635558872250955 0.4154716340179621 0.41458767931341467
0.3786730824746683 0.380301339119494 0.3819295957643196 0.3835578524091453 0.385186109053971 0.3868143656987966 0.3884426223436223 0.390070878988448 0.39169913563327363 0.3933273922780993 0.394955648922925 0.39658390556775347 0.3982121622125791 0.3998404188574048 0.4014686755022305 0.4030969321470561 0.4047251887918818 0.4063534454367075 0.4079817020815331 0.4096099587263588 0.4112382153711845 0.4128664720160101 0.4144947286608358 0.4161229853056615 0.41775124195048996 0.4193794985953156 0.4210077552401413 0.42263601188496697 0.4242642685297926 0.4258925251746183 0.4263108766167861 0.42543581202748 0.4245607474381739 0.42368568284886776 0.4228106182595616 0.42193555367025554 0.4210604890809494 0.4201854244916418 0.41931035990233567 0.41843529531302953 0.41756023072372345 0.4166851661344173 0.41581010154511117 0.4149350369558051
0.37892242733430465 0.38054994353386956 0.38217745973343453 0.38380497593299945 0.38543249213256436 0.3870600083321293 0.3886875245316942 0.3903150407312591 0.391942556930824 0.39357007313038894 0.3951975893299539 0.3968251055295216 0.3984526217290865 0.40008013792865144 0.40170765412821635 0.40333517032778127 0.4049626865273462 0.4065902027269111 0.40821771892647607 0.409845235126041 0.4114727513256059 0.4131002675251708 0.41472778372473573 0.41635529992430065 0.41798281612386834 0.41961033232343325 0.4212378485229982 0.42286536472256314 0.42449288092212806 0.426120397121693 0.4265426627610395 0.4256764882869747 0.4248103138129099 0.42394413933884506 0.4230779648647803 0.42221179039071544 0.42134561591665065 0.42047944144258437 0.4196132669685195 0.41874709249445474 0.41788091802038996 0.4170147435463251 0.41614856907226033 0.4152823945981955
0.3791717721939412 0.38079854794824536 0.38242532370254956 0.3840520994568537 0.3856788752111579 0.38730565096546204 0.38893242671976624 0.3905592024740704 0.3921859782283746 0.39381275398267873 0.39543952973698293 0.39706630549128985 0.398693081245594 0.4003198569998982 0.4019466327542024 0.40357340850850654 0.4052001842628107 0.4068269600171149 0.4084537357714191 0.4100805115257232 0.41170728728002737 0.41333406303433157 0.41496083878863577 0.4165876145429399 0.41821439029724683 0.41984116605155103 0.42146794180585523 0.4230947175601594 0.4247214933144635 0.4263482690687677 0.4267744489052929 0.42591716454646944 0.42505988018764596 0.42420259582882247 0.423345311469999 0.42248802711117545 0.42163074275235196 0.42077345839352703 0.41991617403470355 0.41905888967588 0.4182016053170565 0.41734432095823304 0.41648703659940955 0.41562975224058607
0.3794211170535776 0.38104715236262104 0.38267318767166447 0.38429922298070784 0.38592525828975127 0.3875512935987947 0.3891773289078381 0.39080336421688155 0.392429399525925 0.3940554348349684 0.39568147014401184 0.397307505453058 0.3989335407621014 0.40055957607114484 0.40218561138018827 0.4038116466892317 0.4054376819982751 0.40706371730731855 0.4086897526163619 0.41031578792540535 0.4119418232344488 0.4135678585434922 0.41519389385253563 0.41681992916157906 0.41844596447062526 0.4200719997796687 0.42169803508871206 0.4233240703977555 0.4249501057067989 0.42657614101584235 0.42700623504954627 0.4261578408059641 0.4253094465623819 0.4244610523187997 0.42361265807521753 0.42276426383163535 0.42191586958805316 0.42106747534446953 0.42021908110088735 0.4193706868573052 0.41852229261372303 0.41767389837014085 0.41682550412655867 0.4159771098829765
0.37967046191321396 0.3812957567769967 0.38292105164077933 0.384546346504562 0.38617164136834464 0.38779693623212735 0.38942223109591 0.39104752595969267 0.3926728208234754 0.39429811568725803 0.3959234105510407 0.3975487054148261 0.39917400027860883 0.4007992951423915 0.40242459000617414 0.40404988486995685 0.4056751797337395 0.40730047459752217 0.4089257694613049 0.41055106432508753 0.4121763591888702 0.4138016540526529 0.41542694891643556 0.4170522437802182 0.41867753864400364 0.42030283350778636 0.421928128371569 0.42355342323535167 0.4251787180991344 0.42680401296291703 0.42723802119379967 0.4263985170654588 0.4255590129371179 0.424719508808777 0.4238800046804362 0.4230405005520953 0.4222009964237544 0.42136149229541214 0.42052198816707126 0.4196824840387304 0.4188429799103895 0.41800347578204866 0.4171639716537078 0.4163244675253669
0.37991980677285053 0.3815443611913724 0.38316891560989436 0.3847934700284163 0.3864180244469382 0.3880425788654601 0.38966713328398206 0.39129168770250394 0.3929162421210259 0.3945407965395478 0.3961653509580697 0.3977899053765944 0.39941445979511636 0.40103901421363825 0.4026635686321602 0.40428812305068207 0.405912677469204 0.40753723188772595 0.4091617863062479 0.41078634072476977 0.4124108951432917 0.4140354495618136 0.41566000398033554 0.4172845583988575 0.4189091128173822 0.4205336672359041 0.422158221654426 0.4237827760729479 0.42540733049146984 0.4270318849099918 0.42746980733805306 0.42663919332495354 0.42580857931185395 0.4249779652987544 0.42414735128565484 0.4233167372725553 0.4224861232594557 0.42165550924635475 0.4208248952332552 0.41999428122015564 0.4191636672070561 0.41833305319395653 0.417502439180857 0.41667182516775747
0.384875869019852 0.38648593425065725 0.38809599948146256 0.3897060647122679 0.3913161299430732 0.39292619517387845 0.39453626040468376 0.39614632563548907 0.39775639086629433 0.39936645609709964 0.40097652132790496 0.402586586558713 0.4041966517895183 0.4058067170203236 0.4074167822511289 0.4090268474819342 0.4106369127127395 0.4122469779435448 0.41385704317435007 0.4154671084051554 0.4170771736359607 0.418687238866766 0.42029730409757127 0.4219073693283766 0.4235174345591846 0.4251274997899899 0.42673756502079524 0.42834763025160055 0.4299576954824058 0.4315677607132111 0.43198410532886455 0.431124335603207 0.43026456587754947 0.42940479615189187 0.4285450264262343 0.4276852567005768 0.42682548697491923 0.42596571724926025 0.4251059475236027 0.42424617779794516 0.4233864080722876 0.42252663834663007 0.42166686862097247 0.4208070988953149
