Figures/CREST_Example_wjb_NSE/PETs/wjb.pet.20100604.asc
ncols            288
nrows            254
xllcorner        113.274861
yllcorner        31.4918055
cellsize         0.008333333333
NODATA_value     -9999
[rows 180 to 199 of 254, columns 176 to 219 of 288]
2.7875458598901566 2.785942582312017 2.784339304733878 2.7827360271557384 2.781132749577599 2.7795294719994597 2.777926194421317 2.776322916843178 2.7747196392650384 2.773116361686899 2.7715130841087596 2.76990980653062 2.7683065289524804 2.766703251374341 2.7650999737962016 2.7634966962180623 2.7620040777064268 2.760629756240724 2.7592554347750213 2.7578811133093164 2.7565067918436137 2.755132470377911 2.7537581489122083 2.7523838274465056 2.751009505980803 2.7496351845150997 2.748260863049397 2.7468865415836943 2.7455122201179916 2.744137898652289 2.742763577186586 2.7413892557208834 2.7400149342551785 2.738640612789476 2.737266291323773 2.73589196985807 2.734517648392367 2.7331433269266645 2.731769005460962 2.730394683995259 2.7290203625295564 2.7276460410638537 2.726271719598151 2.7248973981324482
2.7934284416815998 2.7920044507665907 2.790580459851582 2.7891564689365733 2.787732478021564 2.7863084871065555 2.784884496191544 2.7834605052765355 2.782036514361527 2.7806125234465178 2.779188532531509 2.7777645416165004 2.7763405507014918 2.7749165597864827 2.773492568871474 2.7720685779564653 2.770675436306366 2.7693152732184694 2.767955110130573 2.766594947042674 2.765234783954777 2.7638746208668805 2.762514457778984 2.7611542946910874 2.759794131603191 2.7584339685152943 2.7570738054273978 2.755713642339501 2.7543534792516042 2.7529933161637077 2.751633153075811 2.7502729899879146 2.7489128269000154 2.747552663812119 2.7461925007242223 2.7448323376363257 2.743472174548429 2.7421120114605326 2.7407518483726356 2.739391685284739 2.7380315221968425 2.736671359108946 2.7353111960210494 2.733951032933153
2.7993110234730425 2.798066319221164 2.796821614969286 2.7955769107174078 2.79433220646553 2.793087502213652 2.7918427979617713 2.7905980937098933 2.7893533894580154 2.788108685206137 2.786863980954259 2.785619276702381 2.7843745724505027 2.7831298681986247 2.7818851639467463 2.7806404596948684 2.779346794906305 2.7780007901962147 2.7766547854861243 2.7753087807760313 2.773962776065941 2.7726167713558505 2.7712707666457597 2.7699247619356693 2.768578757225579 2.7672327525154885 2.7658867478053977 2.7645407430953073 2.763194738385217 2.7618487336751265 2.7605027289650357 2.7591567242549453 2.7578107195448527 2.756464714834762 2.7551187101246715 2.753772705414581 2.7524267007044902 2.7510806959944 2.7497346912843095 2.748388686574219 2.7470426818641283 2.745696677154038 2.7443506724439475 2.743004667733857
2.80519360526449 2.804128187675743 2.8030627700869957 2.8019973524982484 2.8009319349095008 2.7998665173207535 2.7988010997320045 2.7977356821432573 2.79667026455451 2.795604846965763 2.7945394293770156 2.793474011788268 2.7924085941995207 2.7913431766107735 2.7902777590220262 2.789212341433279 2.788018153506252 2.7866863071739676 2.785354460841683 2.7840226145093965 2.7826907681771123 2.7813589218448276 2.7800270755125434 2.7786952291802587 2.7773633828479745 2.7760315365156902 2.7746996901834056 2.7733678438511213 2.772035997518837 2.7707041511865524 2.769372304854268 2.768040458521984 2.766708612189697 2.765376765857413 2.7640449195251287 2.762713073192844 2.7613812268605598 2.7600493805282755 2.758717534195991 2.7573856878637066 2.7560538415314224 2.7547219951991377 2.7533901488668535 2.752058302534569
2.811076187055933 2.8101900561303164 2.8093039252046994 2.808417794279083 2.8075316633534664 2.80664553242785 2.8057594015022316 2.804873270576615 2.8039871396509986 2.803101008725382 2.802214877799765 2.8013287468741486 2.800442615948532 2.7995564850229155 2.7986703540972986 2.797784223171682 2.796689512106191 2.7953718241517125 2.7940541361972344 2.792736448242754 2.7914187602882756 2.7901010723337976 2.788783384379319 2.787465696424841 2.7861480084703625 2.7848303205158844 2.7835126325614064 2.782194944606928 2.78087725665245 2.7795595686979713 2.778241880743493 2.7769241927890147 2.7756065048345344 2.7742888168800564 2.772971128925578 2.7716534409711 2.7703357530166213 2.769018065062143 2.7677003771076647 2.7663826891531866 2.7650650011987086 2.76374731324423 2.762429625289752 2.7611119373352735
2.816958768847375 2.8162519245848894 2.8155450803224036 2.814838236059918 2.8141313917974315 2.8134245475349458 2.8127177032724586 2.812010859009973 2.8113040147474866 2.810597170485001 2.809890326222515 2.809183481960029 2.808476637697543 2.807769793435057 2.8070629491725714 2.806356104910085 2.80536087070613 2.804057341129458 2.802753811552786 2.8014502819761113 2.8001467523994394 2.798843222822767 2.797539693246095 2.796236163669423 2.794932634092751 2.7936291045160786 2.7923255749394067 2.7910220453627343 2.7897185157860624 2.78841498620939 2.787111456632718 2.785807927056046 2.7845043974793717 2.7832008679026994 2.7818973383260275 2.780593808749355 2.7792902791726832 2.777986749596011 2.776683220019339 2.7753796904426666 2.7740761608659947 2.7727726312893224 2.7714691017126505 2.770165572135978
2.822841350638818 2.822313793039463 2.8217862354401078 2.8212586778407522 2.820731120241397 2.820203562642042 2.8196760050426857 2.8191484474433306 2.818620889843975 2.81809333224462 2.817565774645265 2.8170382170459094 2.8165106594465543 2.815983101847199 2.8154555442478437 2.8149279866484886 2.8140322293060693 2.812742858107203 2.811453486908337 2.810164115709469 2.808874744510603 2.807585373311737 2.806296002112871 2.8050066309140047 2.803717259715139 2.802427888516273 2.8011385173174066 2.799849146118541 2.7985597749196747 2.797270403720809 2.7959810325219427 2.7946916613230766 2.7934022901242086 2.7921129189253424 2.7908235477264767 2.7895341765276105 2.7882448053287443 2.7869554341298786 2.7856660629310124 2.7843766917321466 2.7830873205332805 2.7817979493344143 2.7805085781355485 2.7792192069366823
2.8287239324302607 2.8283756614940363 2.828027390557812 2.827679119621587 2.8273308486853628 2.826982577749138 2.8266343068129127 2.8262860358766884 2.8259377649404636 2.825589494004239 2.8252412230680144 2.82489295213179 2.8245446811955652 2.824196410259341 2.823848139323116 2.8234998683868917 2.822703587906008 2.8214283750849485 2.8201531622638885 2.8188779494428267 2.8176027366217666 2.8163275238007066 2.8150523109796466 2.813777098158587 2.812501885337527 2.811226672516467 2.8099514596954074 2.8086762468743474 2.8074010340532873 2.8061258212322278 2.8048506084111677 2.8035753955901077 2.802300182769046 2.801024969947986 2.799749757126926 2.798474544305866 2.7971993314848063 2.7959241186637462 2.794648905842686 2.7933736930216266 2.7920984802005666 2.7908232673795066 2.789548054558447 2.788272841737387
2.834606514221704 2.8344375299486098 2.8342685456755157 2.834099561402422 2.833930577129328 2.8337615928562343 2.8335926085831398 2.833423624310046 2.833254640036952 2.8330856557638584 2.8329166714907643 2.8327476872176702 2.8325787029445766 2.8324097186714825 2.832240734398389 2.8320717501252948 2.8313749465059472 2.830113892062694 2.82885283761944 2.827591783176184 2.82633072873293 2.8250696742896766 2.8238086198464227 2.822547565403169 2.821286510959915 2.8200254565166616 2.8187644020734077 2.817503347630154 2.8162422931869 2.814981238743646 2.8137201843003927 2.812459129857139 2.811198075413883 2.8099370209706294 2.8086759665273755 2.8074149120841216 2.8061538576408678 2.804892803197614 2.8036317487543605 2.8023706943111066 2.8011096398678528 2.799848585424599 2.7985875309813455 2.7973264765380916
2.8404890960131515 2.8404993984031885 2.840509700793225 2.8405200031832623 2.8405303055732993 2.840540607963336 2.840550910353373 2.84056121274341 2.8405715151334467 2.840581817523484 2.840592119913521 2.8406024223035575 2.8406127246935946 2.8406230270836317 2.8406333294736683 2.8406436318637054 2.840046305105894 2.8387994090404463 2.837552512974999 2.836305616909549 2.8350587208441014 2.8338118247786537 2.832564928713206 2.8313180326477583 2.830071136582311 2.8288242405168633 2.8275773444514156 2.826330448385968 2.82508355232052 2.8238366562550725 2.822589760189625 2.8213428641241776 2.8200959680587276 2.81884907199328 2.8176021759278322 2.8163552798623845 2.8151083837969373 2.8138614877314896 2.812614591666042 2.811367695600594 2.8101207995351465 2.808873903469699 2.807627007404251 2.806380111338804
2.846371677804594 2.8465612668577616 2.8467508559109294 2.846940444964097 2.8471300340172645 2.8473196230704323 2.8475092121236 2.847698801176768 2.8478883902299352 2.848077979283103 2.8482675683362704 2.848457157389438 2.8486467464426055 2.8488363354957733 2.849025924548941 2.8492155136021085 2.848717663705833 2.8474849260181916 2.84625218833055 2.8450194506429063 2.8437867129552648 2.8425539752676237 2.841321237579982 2.8400884998923406 2.838855762204699 2.8376230245170575 2.836390286829416 2.8351575491417744 2.833924811454133 2.8326920737664913 2.83145933607885 2.8302265983912083 2.8289938607035645 2.827761123015923 2.8265283853282814 2.82529564764064 2.8240629099529984 2.822830172265357 2.8215974345777153 2.8203646968900737 2.819131959202432 2.8178992215147907 2.8166664838271496 2.815433746139508
2.852254259596037 2.852623135312335 2.8529920110286335 2.8533608867449316 2.85372976246123 2.854098638177528 2.854467513893827 2.8548363896101256 2.8552052653264237 2.8555741410427222 2.8559430167590203 2.8563118924753184 2.856680768191617 2.857049643907915 2.8574185196242134 2.8577873953405115 2.8573890223057723 2.856170442995937 2.8549518636861015 2.853733284376264 2.8525147050664286 2.851296125756593 2.850077546446758 2.8488589671369224 2.847640387827087 2.8464218085172517 2.8452032292074163 2.843984649897581 2.8427660705877456 2.84154749127791 2.840328911968075 2.8391103326582394 2.837891753348402 2.8366731740385664 2.835454594728731 2.8342360154188957 2.8330174361090603 2.831798856799225 2.8305802774893896 2.829361698179554 2.828143118869719 2.826924539559883 2.8257059602500476 2.8244873809402122
2.8581368413874793 2.8586850037669085 2.8592331661463373 2.8597813285257665 2.8603294909051953 2.860877653284624 2.861425815664054 2.861973978043483 2.862522140422912 2.863070302802341 2.86361846518177 2.864166627561199 2.864714789940628 2.865262952320057 2.865811114699486 2.866359277078915 2.8660603809057115 2.8648559599736823 2.863651539041653 2.8624471181096216 2.8612426971775924 2.860038276245563 2.8588338553135335 2.8576294343815043 2.856425013449475 2.855220592517446 2.8540161715854167 2.8528117506533874 2.851607329721358 2.850402908789329 2.8491984878572993 2.84799406692527 2.846789645993239 2.8455852250612095 2.8443808041291803 2.843176383197151 2.841971962265122 2.8407675413330926 2.8395631204010634 2.838358699469034 2.837154278537005 2.8359498576049753 2.834745436672946 2.833541015740917
2.864019423178922 2.864746872221482 2.8654743212640414 2.866201770306601 2.866929219349161 2.8676566683917204 2.8683841174342812 2.8691115664768407 2.8698390155194007 2.87056646456196 2.8712939136045197 2.8720213626470796 2.872748811689639 2.8734762607321986 2.874203709774758 2.874931158817318 2.8747317395056506 2.873541476951427 2.872351214397204 2.871160951842979 2.8699706892887558 2.8687804267345327 2.8675901641803097 2.866399901626086 2.865209639071863 2.86401937651764 2.862829113963417 2.861638851409194 2.8604485888549704 2.8592583263007474 2.8580680637465243 2.8568778011923013 2.855687538638076 2.854497276083853 2.8533070135296295 2.8521167509754064 2.8509264884211833 2.8497362258669603 2.848545963312737 2.8473557007585137 2.8461654382042907 2.8449751756500676 2.843784913095844 2.842594650541621
2.8699020049703674 2.870808740676058 2.8717154763817483 2.872622212087439 2.873528947793129 2.8744356834988194 2.8753424192045114 2.876249154910202 2.8771558906158923 2.8780626263215825 2.878969362027273 2.8798760977329634 2.880782833438654 2.8816895691443443 2.8825963048500345 2.883503040555725 2.883403098105594 2.8822269939291765 2.8810508897527596 2.8798747855763405 2.8786986813999236 2.8775225772235062 2.8763464730470893 2.8751703688706725 2.8739942646942556 2.8728181605178382 2.8716420563414213 2.8704659521650044 2.869289847988587 2.86811374381217 2.8669376396357533 2.865761535459336 2.864585431282917 2.8634093271065 2.862233222930083 2.861057118753666 2.859881014577249 2.858704910400832 2.857528806224415 2.8563527020479977 2.855176597871581 2.854000493695164 2.8528243895187466 2.8516482853423297
2.87578458676181 2.8768706091306315 2.8779566314994525 2.8790426538682734 2.880128676237095 2.8812146986059157 2.8823007209747384 2.88338674334356 2.8844727657123808 2.8855587880812017 2.886644810450023 2.887730832818844 2.888816855187665 2.889902877556486 2.8909888999253073 2.892074922294128 2.8920744567055325 2.890912510906922 2.889750565108311 2.888588619309698 2.887426673511087 2.886264727712476 2.885102781913865 2.8839408361152543 2.8827788903166436 2.8816169445180324 2.8804549987194217 2.8792930529208105 2.8781311071221998 2.8769691613235886 2.875807215524978 2.874645269726367 2.873483323927754 2.872321378129143 2.8711594323305323 2.869997486531921 2.8688355407333104 2.867673594934699 2.8665116491360885 2.8653497033374777 2.8641877575388666 2.863025811740256 2.8618638659416447 2.860701920143034
2.881667168553253 2.882932477585205 2.8841977866171566 2.8854630956491083 2.88672840468106 2.8879937137130116 2.8892590227449655 2.8905243317769176 2.8917896408088692 2.893054949840821 2.8943202588727726 2.895585567904724 2.8968508769366763 2.898116185968628 2.8993814950005796 2.9006468040325313 2.9007458153054717 2.899598027884667 2.898450240463862 2.8973024530430553 2.8961546656222508 2.8950068782014458 2.893859090780641 2.892711303359836 2.8915635159390316 2.8904157285182266 2.889267941097422 2.888120153676617 2.8869723662558124 2.8858245788350074 2.884676791414203 2.883529003993398 2.882381216572591 2.8812334291517865 2.8800856417309815 2.878937854310177 2.877790066889372 2.8766422794685673 2.8754944920477623 2.8743467046269577 2.8731989172061527 2.872051129785348 2.870903342364543 2.8697555549437386
2.8875497503446983 2.8889943460397807 2.890438941734863 2.891883537429946 2.8933281331250282 2.8947727288201106 2.8962173245151956 2.897661920210278 2.899106515905361 2.900551111600443 2.9019957072955256 2.903440302990608 2.9048848986856908 2.906329494380773 2.9077740900758555 2.909218685770938 2.9094171739054144 2.908283544862416 2.907149915819417 2.9060162867764165 2.9048826577334177 2.9037490286904193 2.9026153996474204 2.901481770604422 2.900348141561423 2.8992145125184248 2.898080883475426 2.896947254432427 2.8958136253894287 2.89467999634643 2.8935463673034314 2.8924127382604325 2.891279109217432 2.890145480174433 2.8890118511314347 2.887878222088436 2.8867445930454374 2.8856109640024385 2.88447733495944 2.8833437059164413 2.8822100768734424 2.881076447830444 2.879942818787445 2.8788091897444468
2.8934323321361406 2.895056214494354 2.896680096852567 2.8983039792107803 2.8999278615689934 2.9015517439272065 2.9031756262854227 2.904799508643636 2.906423391001849 2.908047273360062 2.9096711557182755 2.9112950380764886 2.9129189204347017 2.9145428027929148 2.916166685151128 2.917790567509341 2.9180885325053536 2.916969061840161 2.9158495911749687 2.914730120509774 2.9136106498445815 2.912491179179389 2.9113717085141966 2.910252237849004 2.909132767183811 2.908013296518619 2.9068938258534263 2.9057743551882336 2.9046548845230413 2.9035354138578486 2.902415943192656 2.9012964725274637 2.9001770018622692 2.8990575311970765 2.897938060531884 2.8968185898666916 2.895699119201499 2.8945796485363062 2.893460177871114 2.8923407072059213 2.8912212365407286 2.8901017658755364 2.8889822952103437 2.887862824545151
2.8993149139275833 2.9011180829489276 2.9029212519702714 2.904724420991615 2.906527590012959 2.908330759034303 2.9101339280556497 2.9119370970769936 2.9137402660983374 2.915543435119681 2.917346604141025 2.919149773162369 2.9209529421837126 2.9227561112050564 2.9245592802264007 2.9263624492477445 2.9267598911052928 2.9256545788179062 2.9245492665305197 2.9234439542431314 2.9223386419557453 2.921233329668359 2.9201280173809723 2.9190227050935857 2.9179173928061997 2.916812080518813 2.9157067682314266 2.91460145594404 2.913496143656654 2.9123908313692675 2.911285519081881 2.9101802067944944 2.909074894507106 2.90796958221972 2.9068642699323335 2.905758957644947 2.9046536453575604 2.9035483330701743 2.902443020782788 2.9013377084954013 2.9002323962080148 2.8991270839206287 2.898021771633242 2.8969164593458556
