Figures/CREST_Example_wjb_NSE/PETs/wjb.pet.20100519.asc
ncols            288
nrows            254
xllcorner        113.274861
yllcorner        31.4918055
cellsize         0.008333333333
NODATA_value     -9999
[rows 160 to 179 of 254, columns 176 to 219 of 288]
2.113992440499652 2.1112703685090084 2.108548296518365 2.1058262245277213 2.1031041525370773 2.1003820805464337 2.0976600085557853 2.0949379365651417 2.092215864574498 2.089493792583854 2.0867717205932106 2.084049648602567 2.0813275766119235 2.0786055046212795 2.075883432630636 2.0731613606399923 2.0709128411676856 2.0691705600523687 2.0674282789370513 2.0656859978217312 2.0639437167064143 2.062201435591097 2.06045915447578 2.058716873360463 2.0569745922451457 2.0552323111298287 2.0534900300145114 2.0517477488991944 2.0500054677838775 2.04826318666856 2.046520905553243 2.0447786244379262 2.0430363433226058 2.041294062207289 2.039551781091972 2.0378094999766545 2.0360672188613376 2.0343249377460206 2.0325826566307033 2.0308403755153863 2.029098094400069 2.027355813284752 2.025613532169435 2.0238712510541177
2.105184857396492 2.1024834399547188 2.099782022512945 2.097080605071172 2.0943791876293982 2.091677770187625 2.088976352745847 2.0862749353040737 2.0835735178623 2.080872100420527 2.0781706829787536 2.07546926553698 2.0727678480952068 2.070066430653433 2.06736501321166 2.0646635957698862 2.0624165760800803 2.060655317868607 2.0588940596571335 2.057132801445657 2.055371543234184 2.0536102850227107 2.0518490268112375 2.050087768599764 2.0483265103882906 2.0465652521768174 2.044803993965344 2.043042735753871 2.0412814775423973 2.039520219330924 2.037758961119451 2.0359977029079777 2.0342364446965013 2.0324751864850277 2.0307139282735545 2.0289526700620812 2.027191411850608 2.0254301536391344 2.023668895427661 2.021907637216188 2.0201463790047147 2.018385120793241 2.016623862581768 2.0148626043702946
2.096377274293332 2.093696511400429 2.091015748507526 2.088334985614623 2.0856542227217196 2.0829734598288168 2.080292696935909 2.0776119340430057 2.074931171150103 2.0722504082571995 2.0695696453642967 2.0668888824713934 2.0642081195784905 2.061527356685587 2.0588465937926843 2.056165830899781 2.0539203109924755 2.052140075684846 2.050359840377216 2.0485796050695835 2.046799369761954 2.0450191344543245 2.043238899146695 2.0414586638390655 2.039678428531436 2.0378981932238065 2.0361179579161766 2.034337722608547 2.0325574873009176 2.030777251993288 2.0289970166856586 2.027216781378029 2.0254365460703965 2.0236563107627665 2.021876075455137 2.0200958401475075 2.018315604839878 2.0165353695322485 2.014755134224619 2.0129748989169896 2.0111946636093596 2.00941442830173 2.0076341929941006 2.005853957686471
2.087569691190165 2.084909582846132 2.0822494745020994 2.0795893661580664 2.0769292578140335 2.074269149470001 2.0716090411259636 2.068948932781931 2.066288824437898 2.063628716093865 2.0609686077498326 2.0583084994057996 2.055648391061767 2.052988282717734 2.0503281743737016 2.0476680660296687 2.0454240459048636 2.043624833501078 2.0418256210972916 2.0400264086935027 2.038227196289717 2.036427983885931 2.0346287714821454 2.0328295590783596 2.031030346674574 2.029231134270788 2.0274319218670023 2.0256327094632165 2.0238334970594307 2.022034284655645 2.0202350722518587 2.018435859848073 2.016636647444284 2.0148374350404983 2.0130382226367125 2.0112390102329267 2.009439797829141 2.007640585425355 2.0058413730215694 2.0040421606177836 2.002242948213998 2.000443735810212 1.998644523406426 1.9968453110026403
2.0787621080870045 2.0761226542918423 2.0734832004966797 2.070843746701517 2.068204292906355 2.0655648391111923 2.062925385316025 2.0602859315208626 2.0576464777257004 2.055007023930538 2.052367570135375 2.049728116340213 2.0470886625450504 2.044449208749888 2.041809754954725 2.039170301159563 2.0369277808172583 2.0351095913173163 2.0332914018173742 2.031473212317429 2.029655022817487 2.027836833317545 2.026018643817603 2.024200454317661 2.0223822648177188 2.0205640753177767 2.0187458858178347 2.0169276963178926 2.0151095068179505 2.0132913173180085 2.0114731278180664 2.0096549383181244 2.007836748818179 2.006018559318237 2.004200369818295 2.002382180318353 2.000563990818411 1.9987458013184691 1.996927611818527 1.995109422318585 1.993291232818643 1.991473043318701 1.9896548538187588 1.9878366643188168
2.069954524983845 2.0673357257375526 2.0647169264912604 2.0620981272449685 2.0594793279986763 2.056860528752384 2.0542417295060873 2.051622930259795 2.0490041310135028 2.0463853317672105 2.0437665325209187 2.0411477332746264 2.038528934028334 2.035910134782042 2.0332913355357496 2.0306725362894573 2.028431515729653 2.026594349133555 2.024757182537457 2.0229200159413554 2.021082849345257 2.0192456827491587 2.0174085161530604 2.015571349556962 2.0137341829608637 2.011897016364766 2.0100598497686675 2.008222683172569 2.006385516576471 2.0045483499803725 2.002711183384274 2.000874016788176 1.9990368501920746 1.9971996835959762 1.995362516999878 1.9935253504037798 1.9916881838076814 1.989851017211583 1.988013850615485 1.9861766840193866 1.9843395174232883 1.9825023508271902 1.9806651842310918 1.9788280176349935
2.061146941880685 2.058548797183263 2.055950652485841 2.053352507788419 2.0507543630909972 2.0481562183935758 2.0455580736961494 2.0429599289987275 2.0403617843013055 2.0377636396038836 2.0351654949064617 2.03256735020904 2.029969205511618 2.027371060814196 2.024772916116774 2.022174771419352 2.0199352506420483 2.018079106949794 2.0162229632575395 2.0143668195652817 2.012510675873027 2.0106545321807725 2.0087983884885183 2.0069422447962637 2.005086101104009 2.0032299574117545 2.0013738137195003 1.9995176700272457 1.997661526334991 1.9958053826427367 1.993949238950482 1.9920930952582274 1.99023695156597 1.9883808078737153 1.986524664181461 1.9846685204892063 1.9828123767969519 1.9809562331046973 1.9791000894124429 1.9772439457201882 1.9753878020279336 1.9735316583356792 1.9716755146434246 1.9698193709511702
2.052339358777525 2.0497618686289734 2.047184378480422 2.04460688833187 2.0420293981833186 2.039451908034767 2.036874417886211 2.0342969277376595 2.031719437589108 2.0291419474405563 2.0265644572920047 2.023986967143453 2.0214094769949016 2.01883198684635 2.0162544966977984 2.013677006549247 2.0114389855544434 2.009563864766033 2.007688743977622 2.005813623189208 2.003938502400797 2.0020633816123867 2.000188260823976 1.9983131400355651 1.9964380192471542 1.9945628984587436 1.992687777670333 1.990812656881922 1.9889375360935113 1.9870624153051006 1.9851872945166897 1.983312173728279 1.981437052939865 1.9795619321514544 1.9776868113630437 1.9758116905746328 1.9739365697862221 1.9720614489978114 1.9701863282094005 1.9683112074209899 1.9664360866325792 1.9645609658441683 1.9626858450557576 1.960810724267347
2.0435317756743654 2.0409749400746837 2.0384181044750025 2.0358612688753213 2.03330443327564 2.0307475976759584 2.0281907620762727 2.0256339264765915 2.0230770908769102 2.020520255277229 2.0179634196775478 2.015406584077866 2.012849748478185 2.0102929128785036 2.0077360772788224 2.005179241679141 2.002942720466838 2.0010486225822715 1.9991545246977043 1.997260426813134 1.995366328928567 1.993472231044 1.991578133159433 1.9896840352748661 1.9877899373902992 1.9858958395057322 1.9840017416211653 1.9821076437365983 1.9802135458520314 1.9783194479674644 1.9764253500828974 1.9745312521983305 1.9726371543137602 1.9707430564291932 1.9688489585446263 1.9669548606600593 1.9650607627754924 1.9631666648909254 1.9612725670063584 1.9593784691217915 1.9574843712372245 1.9555902733526573 1.9536961754680904 1.9518020775835234
2.0347241925712054 2.032188011520394 2.029651830469583 2.0271156494187723 2.024579468367961 2.02204328731715 2.019507106266335 2.016970925215524 2.0144347441647126 2.0118985631139017 2.009362382063091 2.00682620101228 2.0042900199614686 2.0017538389106577 1.9992176578598466 1.9966814768090357 1.9944464553792334 1.9925333803985101 1.990620305417787 1.9887072304370605 1.9867941554563373 1.984881080475614 1.9829680054948908 1.9810549305141676 1.9791418555334443 1.977228780552721 1.975315705571998 1.9734026305912749 1.9714895556105516 1.9695764806298284 1.9676634056491051 1.965750330668382 1.9638372556876555 1.9619241807069323 1.960011105726209 1.9580980307454858 1.9561849557647626 1.9542718807840394 1.952358805803316 1.950445730822593 1.9485326558418699 1.9466195808611466 1.9447065058804234 1.9427934308997001
2.025916609468038 2.0234010829660973 2.0208855564641564 2.018370029962216 2.015854503460275 2.0133389769583343 2.0108234504563893 2.008307923954449 2.005792397452508 2.0032768709505673 2.0007613444486263 1.9982458179466858 1.995730291444745 1.9932147649428045 1.9906992384408637 1.988183711938923 1.9859501902916212 1.9840181382147417 1.9820860861378622 1.9801540340609796 1.9782219819841 1.9762899299072205 1.974357877830341 1.9724258257534617 1.9704937736765822 1.9685617215997027 1.9666296695228231 1.9646976174459438 1.9627655653690643 1.9608335132921848 1.9589014612153055 1.956969409138426 1.9550373570615431 1.9531053049846636 1.9511732529077843 1.9492412008309048 1.9473091487540253 1.9453770966771458 1.9434450446002665 1.941512992523387 1.9395809404465074 1.937648888369628 1.9357168362927486 1.933784784215869
2.017109026364878 2.0146141544118077 2.012119282458737 2.009624410505667 2.0071295385525962 2.004634666599526 2.0021397946464514 1.9996449226933808 1.9971500507403104 1.99465517878724 1.9921603068341696 1.9896654348810991 1.9871705629280287 1.9846756909749583 1.982180819021888 1.9796859470688175 1.9774539252040162 1.9755028960309806 1.9735518668579448 1.971600837684906 1.96964980851187 1.9676987793388345 1.9657477501657987 1.9637967209927631 1.9618456918197273 1.9598946626466918 1.957943633473656 1.9559926043006204 1.9540415751275846 1.9520905459545488 1.9501395167815132 1.9481884876084774 1.9462374584354385 1.9442864292624027 1.9423354000893671 1.9403843709163313 1.9384333417432957 1.93648231257026 1.9345312833972244 1.9325802542241886 1.9306292250511528 1.9286781958781172 1.9267271667050814 1.9247761375320458
2.008301443261718 2.0058272258575176 2.0033530084533178 2.0008787910491175 1.9984045736449174 1.9959303562407174 1.993456138836513 1.990981921432313 1.9885077040281127 1.9860334866239127 1.9835592692197126 1.9810850518155125 1.9786108344113122 1.9761366170071122 1.9736623996029121 1.971188182198712 1.9689576601164112 1.9669876538472193 1.9650176475780274 1.963047641308832 1.9610776350396402 1.9591076287704483 1.9571376225012562 1.9551676162320644 1.9531976099628725 1.9512276036936804 1.9492575974244886 1.9472875911552967 1.9453175848861046 1.9433475786169128 1.941377572347721 1.9394075660785288 1.9374375598093336 1.9354675535401418 1.9334975472709497 1.9315275410017578 1.929557534732566 1.927587528463374 1.925617522194182 1.9236475159249902 1.921677509655798 1.9197075033866062 1.9177374971174144 1.9157674908482223
1.999493860158558 1.9970402973032282 1.9945867344478985 1.9921331715925685 1.9896796087372388 1.9872260458819089 1.984772483026575 1.9823189201712452 1.9798653573159153 1.9774117944605856 1.9749582316052556 1.972504668749926 1.9700511058945962 1.9675975430392663 1.9651439801839365 1.9626904173286066 1.9604613950288063 1.9584724116634582 1.95648342829811 1.9544944449327584 1.9525054615674102 1.950516478202062 1.948527494836714 1.9465385114713658 1.9445495281060177 1.9425605447406695 1.9405715613753214 1.938582578009973 1.9365935946446249 1.9346046112792767 1.9326156279139286 1.9306266445485805 1.928637661183229 1.9266486778178806 1.9246596944525325 1.9226707110871843 1.9206817277218362 1.918692744356488 1.91670376099114 1.9147147776257918 1.9127257942604436 1.9107368108950955 1.9087478275297471 1.906758844164399
1.9906862770553981 1.9882533687489388 1.9858204604424792 1.9833875521360196 1.98095464382956 1.9785217355231006 1.9760888272166368 1.9736559189101774 1.9712230106037179 1.9687901022972583 1.9663571939907987 1.9639242856843393 1.9614913773778797 1.9590584690714201 1.9566255607649605 1.9541926524585012 1.9519651299412013 1.9499571694796969 1.9479492090181925 1.9459412485566847 1.9439332880951803 1.9419253276336759 1.9399173671721714 1.937909406710667 1.9359014462491626 1.9338934857876582 1.931885525326154 1.9298775648646496 1.9278696044031451 1.9258616439416407 1.9238536834801363 1.9218457230186319 1.9198377625571241 1.9178298020956197 1.9158218416341153 1.9138138811726109 1.9118059207111064 1.909797960249602 1.9077899997880976 1.9057820393265934 1.903774078865089 1.9017661184035846 1.8997581579420801 1.8977501974805757
1.9818786939522384 1.9794664401946491 1.9770541864370599 1.9746419326794706 1.9722296789218814 1.9698174251642921 1.967405171406699 1.9649929176491097 1.9625806638915204 1.9601684101339312 1.957756156376342 1.9553439026187527 1.9529316488611634 1.9505193951035742 1.948107141345985 1.9456948875883957 1.9434688648535965 1.9414419272959358 1.939414989738275 1.937388052180611 1.9353611146229504 1.9333341770652899 1.9313072395076292 1.9292803019499685 1.9272533643923078 1.9252264268346473 1.9231994892769866 1.9211725517193259 1.9191456141616654 1.9171186766040047 1.915091739046344 1.9130648014886835 1.9110378639310193 1.9090109263733588 1.906983988815698 1.9049570512580374 1.902930113700377 1.9009031761427162 1.8988762385850555 1.896849301027395 1.8948223634697343 1.8927954259120736 1.890768488354413 1.8887415507967524
1.9730711108490708 1.970679511640352 1.968287912431633 1.9658963132229141 1.9635047140141952 1.9611131148054763 1.9587215155967532 1.9563299163880343 1.9539383171793154 1.9515467179705965 1.9491551187618776 1.9467635195531587 1.9443719203444398 1.941980321135721 1.939588721927002 1.9371971227182831 1.9349725997659841 1.9329266851121674 1.9308807704583504 1.92883485580453 1.926788941150713 1.9247430264968963 1.9226971118430793 1.9206511971892626 1.9186052825354456 1.9165593678816288 1.9145134532278119 1.912467538573995 1.9104216239201781 1.9083757092663614 1.9063297946125444 1.9042838799587276 1.902237965304907 1.9001920506510903 1.8981461359972733 1.8961002213434566 1.8940543066896396 1.8920083920358228 1.8899624773820058 1.887916562728189 1.885870648074372 1.8838247334205553 1.8817788187667384 1.8797329041129216
1.9642635277459108 1.9618925830860623 1.9595216384262135 1.957150693766365 1.9547797491065164 1.9524088044466676 1.950037859786815 1.9476669151269665 1.9452959704671178 1.9429250258072692 1.9405540811474207 1.938183136487572 1.9358121918277233 1.9334412471678748 1.931070302508026 1.9286993578481775 1.926476334678379 1.924411442928406 1.922346551178433 1.9202816594284562 1.9182167676784831 1.91615187592851 1.9140869841785368 1.9120220924285638 1.9099572006785908 1.9078923089286177 1.9058274171786445 1.9037625254286714 1.9016976336786984 1.899632741928725 1.897567850178752 1.895502958428779 1.8934380666788024 1.8913731749288292 1.8893082831788561 1.887243391428883 1.8851784996789098 1.8831136079289368 1.8810487161789637 1.8789838244289907 1.8769189326790174 1.8748540409290444 1.8727891491790714 1.870724257429098
1.9602112476826035 1.9578869341524585 1.9555626206223136 1.9532383070921688 1.9509139935620239 1.948589680031879 1.94626536650173 1.943941052971585 1.94161673944144 1.9392924259112954 1.9369681123811504 1.9346437988510055 1.9323194853208605 1.9299951717907156 1.9276708582605706 1.9253465447304259 1.9231524752590003 1.921097639633327 1.919042804007654 1.9169879683819773 1.914933132756304 1.9128782971306308 1.9108234615049575 1.9087686258792844 1.906713790253611 1.904658954627938 1.902604119002265 1.9005492833765916 1.8984944477509185 1.8964396121252451 1.894384776499572 1.892329940873899 1.890275105248222 1.888220269622549 1.8861654339968759 1.8841105983712025 1.8820557627455294 1.8800009271198561 1.877946091494183 1.8758912558685097 1.8738364202428366 1.8717815846171635 1.8697267489914902 1.867671913365817
1.9612420868286895 1.9589921717557819 1.9567422566828743 1.9544923416099664 1.9522424265370588 1.949992511464151 1.9477425963912396 1.9454926813183318 1.9432427662454241 1.9409928511725165 1.9387429360996087 1.936493021026701 1.9342431059537932 1.9319931908808856 1.929743275807978 1.9274933607350702 1.9253575914675871 1.9233438466488355 1.9213301018300837 1.9193163570113285 1.917302612192577 1.915288867373825 1.9132751225550735 1.9112613777363217 1.90924763291757 1.9072338880988182 1.9052201432800666 1.903206398461315 1.9011926536425632 1.8991789088238116 1.8971651640050597 1.8951514191863081 1.893137674367553 1.8911239295488012 1.8891101847300495 1.8870964399112977 1.8850826950925461 1.8830689502737943 1.8810552054550427 1.8790414606362909 1.8770277158175392 1.8750139709987874 1.8730002261800358 1.870986481361284
