Figures/CREST_Example_wjb_NSE/PETs/wjb.pet.20100120.asc
ncols            288
nrows            254
xllcorner        113.274861
yllcorner        31.4918055
cellsize         0.008333333333
NODATA_value     -9999
[rows 209 to 227 of 254, columns 132 to 175 of 288]
0.3344723308259843 0.3338731331900444 0.3332739355541045 0.3326747379181646 0.33207554028222475 0.33147634264628484 0.33087714501034493 0.330277947374405 0.3296787497384651 0.3290795521025252 0.3284803544665853 0.32788115683064434 0.3272819591947045 0.3266827615587646 0.32608356392282467 0.32548436628688476 0.32488516865094486 0.32428597101500495 0.32368677337906504 0.32308757574312513 0.3224883781071852 0.3218891804712453 0.3212899828353054 0.3206907851993655 0.3200915875634246 0.3194923899274847 0.3188931922915448 0.3182939946556049 0.31769479701966497 0.31709559938372506 0.3159882336176511 0.31433762462495435 0.31268701563225754 0.3110364066395608 0.309385797646864 0.30773518865416727 0.3060845796614705 0.3044339706687709 0.30278336167607417 0.30113275268337736 0.2994821436906806 0.29783153469798385 0.2961809257052871 0.29453031671259033
0.3334229440158516 0.33299947472889646 0.3325760054419413 0.3321525361549862 0.3317290668680311 0.331305597581076 0.33088212829412084 0.33045865900716576 0.3300351897202106 0.3296117204332555 0.32918825114630035 0.32876478185934455 0.3283413125723894 0.3279178432854343 0.3274943739984792 0.32707090471152406 0.3266474354245689 0.3262239661376138 0.3258004968506587 0.32537702756370357 0.32495355827674843 0.3245300889897933 0.3241066197028382 0.3236831504158831 0.3232596811289272 0.32283621184197214 0.322412742555017 0.32198927326806187 0.32156580398110673 0.32114233469415165 0.32014858983187433 0.3185452074791065 0.3169418251263386 0.31533844277357076 0.3137350604208029 0.31213167806803505 0.3105282957152672 0.3089249133624966 0.30732153100972875 0.3057181486569609 0.30411476630419304 0.3025113839514252 0.3009080015986573 0.29930461924588947
0.33237355720571926 0.33212581626774884 0.3318780753297785 0.33163033439180806 0.33138259345383764 0.3311348525158672 0.3308871115778968 0.33063937063992643 0.330391629701956 0.3301438887639856 0.3298961478260152 0.32964840688804437 0.32940066595007395 0.3291529250121035 0.3289051840741331 0.3286574431361627 0.32840970219819227 0.3281619612602219 0.3279142203222515 0.32766647938428106 0.32741873844631064 0.3271709975083402 0.3269232565703698 0.32667551563239944 0.3264277746944286 0.32618003375645815 0.3259322928184878 0.32568455188051737 0.32543681094254695 0.32518907000457653 0.32430894604609584 0.3227527903332569 0.32119663462041786 0.3196404789075789 0.31808432319473995 0.316528167481901 0.31497201176906203 0.3134158560562204 0.31185970034338145 0.3103035446305425 0.30874738891770354 0.3071912332048646 0.3056350774920256 0.30407892177918666
0.331324170395587 0.3312521578066013 0.3311801452176156 0.33110813262862987 0.33103612003964417 0.33096410745065846 0.33089209486167276 0.33082008227268705 0.33074806968370135 0.3306760570947157 0.33060404450573 0.33053203191674413 0.3304600193277585 0.3303880067387728 0.3303159941497871 0.33024398156080137 0.33017196897181567 0.33009995638282996 0.33002794379384426 0.32995593120485855 0.32988391861587285 0.32981190602688715 0.32973989343790144 0.32966788084891574 0.3295958682599299 0.3295238556709442 0.3294518430819585 0.3293798304929728 0.3293078179039871 0.3292358053150014 0.32846930226031734 0.3269603731874072 0.32545144411449717 0.3239425150415871 0.32243358596867705 0.32092465689576694 0.3194157278228569 0.31790679874994426 0.31639786967703415 0.3148889406041241 0.31338001153121403 0.31187108245830397 0.31036215338539386 0.3088532243124838
0.3302747835854542 0.3303784993454533 0.3304822151054524 0.33058593086545146 0.33068964662545053 0.33079336238544965 0.3308970781454487 0.3310007939054478 0.3311045096654469 0.331208225425446 0.33131194118544505 0.33141565694544434 0.3315193727054434 0.3316230884654425 0.3317268042254416 0.33183051998544066 0.33193423574543973 0.3320379515054388 0.3321416672654379 0.332245383025437 0.33234909878543606 0.3324528145454352 0.33255653030543425 0.3326602460654333 0.3327639618254326 0.3328676775854317 0.33297139334543074 0.3330751091054298 0.33317882486542894 0.333282540625428 0.33262965847454057 0.3311679560415594 0.3297062536085782 0.32824455117559703 0.3267828487426159 0.3253211463096347 0.32385944387665355 0.3223977414436699 0.32093603901068873 0.3194743365777076 0.3180126341447264 0.31655093171174525 0.3150892292787641 0.31362752684578293
0.3292253967753219 0.3295048408843057 0.3297842849932895 0.33006372910227333 0.3303431732112571 0.3306226173202409 0.3309020614292247 0.33118150553820846 0.33146094964719225 0.3317403937561761 0.3320198378651599 0.33229928197414416 0.33257872608312794 0.3328581701921117 0.3331376143010955 0.3334170584100793 0.3336965025190631 0.3339759466280469 0.3342553907370307 0.3345348348460145 0.33481427895499827 0.33509372306398205 0.33537316717296584 0.3356526112819497 0.3359320553909339 0.33621149949991774 0.3364909436089015 0.3367703877178853 0.3370498318268691 0.3373292759358529 0.336790014688762 0.33537553889570976 0.3339610631026575 0.33254658730960523 0.331132111516553 0.3297176357235007 0.3283031599304484 0.32688868413739375 0.3254742083443415 0.32405973255128917 0.3226452567582369 0.32123078096518465 0.3198163051721324 0.3184018293790801
0.32817600996518964 0.32863118242315814 0.32908635488112664 0.32954152733909514 0.32999669979706364 0.33045187225503214 0.33090704471300064 0.33136221717096914 0.33181738962893764 0.33227256208690614 0.33272773454487464 0.3331829070028439 0.3336380794608124 0.3340932519187809 0.3345484243767494 0.3350035968347179 0.3354587692926864 0.3359139417506549 0.3363691142086234 0.3368242866665919 0.3372794591245604 0.3377346315825289 0.3381898040404974 0.3386449764984659 0.3391001489564352 0.3395553214144037 0.34001049387237225 0.34046566633034075 0.34092083878830926 0.34137601124627776 0.34095037090298347 0.3395831217498601 0.33821587259673674 0.3368486234436133 0.33548137429048996 0.3341141251373666 0.33274687598424324 0.3313796268311175 0.33001237767799413 0.32864512852487077 0.32727787937174735 0.325910630218624 0.3245433810655006 0.32317613191237726
0.3271266231550573 0.3277575239620105 0.32838842476896374 0.32901932557591695 0.32965022638287017 0.3302811271898234 0.3309120279967766 0.3315429288037298 0.33217382961068304 0.33280473041763625 0.33343563122458947 0.33406653203154374 0.33469743283849696 0.33532833364545017 0.3359592344524034 0.3365901352593566 0.3372210360663098 0.337851936873263 0.3384828376802162 0.3391137384871694 0.33974463929412263 0.34037554010107585 0.34100644090802906 0.3416373417149823 0.34226824252193655 0.34289914332888977 0.343530044135843 0.3441609449427962 0.3447918457497494 0.34542274655670263 0.345110727117205 0.3437907046040105 0.342470682090816 0.34115065957762153 0.339830637064427 0.33851061455123255 0.33719059203803803 0.3358705695248413 0.3345505470116468 0.33323052449845236 0.33191050198525784 0.3305904794720634 0.32927045695886886 0.3279504344456744
0.3260772363449246 0.32688386550086257 0.32769049465680056 0.32849712381273855 0.32930375296867653 0.3301103821246146 0.33091701128055256 0.33172364043649055 0.33253026959242854 0.33333689874836653 0.33414352790430457 0.3349501570602439 0.33575678621618193 0.3365634153721199 0.3373700445280579 0.3381766736839959 0.3389833028399339 0.33978993199587193 0.3405965611518099 0.3414031903077479 0.3422098194636859 0.3430164486196239 0.34382307777556187 0.3446297069314999 0.3454363360874393 0.3462429652433773 0.34704959439931526 0.34785622355525325 0.34866285271119124 0.3494694818671293 0.34927108333142826 0.3479982874581627 0.3467254915848971 0.34545269571163156 0.34417989983836594 0.3429071039651004 0.3416343080918348 0.34036151221856703 0.33908871634530147 0.3378159204720359 0.33654312459877034 0.3352703287255048 0.33399753285223915 0.3327247369789736
0.32502784953479225 0.32601020703971495 0.32699256454463765 0.32797492204956036 0.32895727955448306 0.3299396370594058 0.3309219945643285 0.33190435206925123 0.33288670957417393 0.33386906707909664 0.33485142458401934 0.3358337820889437 0.3368161395938664 0.3377984970987891 0.3387808546037118 0.3397632121086345 0.34074556961355723 0.34172792711847993 0.34271028462340264 0.34369264212832534 0.34467499963324805 0.34565735713817075 0.34663971464309346 0.3476220721480162 0.3486044296529406 0.3495867871578633 0.350569144662786 0.3515515021677087 0.3525338596726314 0.3535162171775541 0.3534314395456497 0.35220587031231304 0.3509803010789763 0.34975473184563965 0.348529162612303 0.34730359337896627 0.3460780241456296 0.34485245491229083 0.3436268856789541 0.34240131644561744 0.3411757472122808 0.33995017797894406 0.3387246087456074 0.3374990395122707
0.32397846272465997 0.3251365485785674 0.3262946344324748 0.3274527202863822 0.32861080614028965 0.32976889199419707 0.3309269778481045 0.3320850637020119 0.33324314955591927 0.3344012354098267 0.3355593212637341 0.33671740711764353 0.33787549297155095 0.33903357882545837 0.3401916646793658 0.3413497505332732 0.34250783638718063 0.343665922241088 0.3448240080949954 0.34598209394890284 0.34714017980281026 0.3482982656567177 0.3494563515106251 0.3506144373645325 0.35177252321844193 0.3529306090723493 0.3540886949262567 0.35524678078016414 0.35640486663407156 0.357562952487979 0.3575917957598712 0.35641345316646345 0.3552351105730556 0.3540567679796478 0.35287842538624004 0.3517000827928322 0.35052174019942445 0.3493433976060146 0.34816505501260686 0.34698671241919904 0.3458083698257913 0.34463002723238345 0.3434516846389757 0.34227334204556786
0.3229290759145272 0.32426289011741943 0.3255967043203116 0.3269305185232038 0.328264332726096 0.3295981469289882 0.3309319611318804 0.33226577533477264 0.33359958953766483 0.334933403740557 0.3362672179434492 0.3376010321463437 0.33893484634923593 0.3402686605521281 0.3416024747550203 0.3429362889579125 0.3442701031608047 0.34560391736369694 0.34693773156658914 0.3482715457694813 0.3496053599723735 0.3509391741752657 0.35227298837815796 0.35360680258105015 0.3549406167839446 0.3562744309868368 0.357608245189729 0.35894205939262125 0.36027587359551344 0.36160968779840563 0.3617521519740945 0.3606210360206156 0.3594899200671367 0.35835880411365784 0.35722768816017897 0.35609657220670005 0.3549654562532212 0.35383434029974037 0.3527032243462615 0.3515721083927826 0.3504409924393037 0.34930987648582484 0.3481787605323459 0.34704764457886705
0.3218796891043949 0.3233892316562718 0.3248987742081487 0.32640831676002563 0.32791785931190254 0.32942740186377945 0.33093694441565635 0.33244648696753326 0.33395602951941017 0.3354655720712871 0.336975114623164 0.3384846571750435 0.3399941997269204 0.3415037422787973 0.3430132848306742 0.34452282738255113 0.34603236993442804 0.34754191248630495 0.34905145503818186 0.35056099759005876 0.3520705401419357 0.3535800826938126 0.35508962524568954 0.3565991677975664 0.3581087103494459 0.3596182529013228 0.36112779545319973 0.36263733800507664 0.36414688055695354 0.36565642310883045 0.36591250818831594 0.364828618874766 0.36374472956121595 0.362660840247666 0.36157695093411596 0.360493061620566 0.35940917230701597 0.3583252829934641 0.35724139367991414 0.3561575043663641 0.35507361505281415 0.3539897257392641 0.35290583642571416 0.3518219471121642
0.3208303022942626 0.32251557319512425 0.3242008440959859 0.32588611499684744 0.32757138589770907 0.3292566567985707 0.3309419276994323 0.33262719860029394 0.33431246950115556 0.3359977404020172 0.3376830113028788 0.3393682822037433 0.34105355310460495 0.34273882400546657 0.3444240949063282 0.3461093658071898 0.34779463670805144 0.349479907608913 0.35116517850977463 0.35285044941063626 0.3545357203114979 0.3562209912123595 0.35790626211322113 0.35959153301408275 0.36127680391494726 0.3629620748158089 0.3646473457166705 0.36633261661753214 0.36801788751839376 0.3697031584192554 0.37007286440253745 0.3690362017289163 0.36799953905529525 0.36696287638167413 0.365926213708053 0.36488955103443194 0.3638528883608108 0.36281622568718797 0.36177956301356684 0.3607429003399457 0.35970623766632465 0.3586695749927035 0.35763291231908245 0.3565962496454613
0.31978091548412985 0.32164191473397624 0.32350291398382264 0.3253639132336691 0.3272249124835155 0.3290859117333619 0.3309469109832083 0.33280791023305467 0.3346689094829011 0.3365299087327475 0.3383909079825939 0.3402519072324435 0.3421129064822899 0.3439739057321363 0.3458349049819827 0.3476959042318291 0.3495569034816755 0.35141790273152196 0.35327890198136835 0.35513990123121475 0.35700090048106115 0.35886189973090754 0.360722898980754 0.3625838982306004 0.36444489748044995 0.36630589673029634 0.3681668959801428 0.3700278952299892 0.3718888944798356 0.373749893729682 0.37423322061676073 0.37324378458306856 0.37225434854937633 0.37126491251568416 0.37027547648199194 0.36928604044829977 0.36829660441460754 0.3673071683809137 0.3663177323472215 0.3653282963135293 0.3643388602798371 0.3633494242461449 0.3623599882124527 0.3613705521787605
0.31873152867399757 0.3207682562728287 0.3228049838716598 0.3248417114704909 0.326878439069322 0.3289151666681531 0.33095189426698424 0.33298862186581535 0.33502534946464646 0.33706207706347757 0.3390988046623087 0.3411355322611433 0.3431722598599744 0.3452089874588055 0.34724571505763663 0.34928244265646774 0.35131917025529885 0.35335589785412996 0.3553926254529611 0.3574293530517922 0.3594660806506233 0.36150280824945447 0.3635395358482856 0.3655762634471167 0.36761299104595124 0.36964971864478235 0.37168644624361347 0.3737231738424446 0.3757599014412757 0.3777966290401068 0.3783935768309822 0.37745136743721885 0.3765091580434556 0.37556694864969226 0.374624739255929 0.37368252986216566 0.3727403204684024 0.37179811107463745 0.3708559016808742 0.36991369228711085 0.3689714828933476 0.36802927349958425 0.3670870641058209 0.36614485471205765
0.31768214186386523 0.31989459781168106 0.3221070537594969 0.3243195097073127 0.32653196565512854 0.32874442160294437 0.3309568775507602 0.333169333498576 0.33538178944639185 0.3375942453942077 0.3398067013420235 0.3420191572898431 0.34423161323765894 0.34644406918547477 0.3486565251332906 0.3508689810811064 0.35308143702892225 0.3552938929767381 0.35750634892455385 0.3597188048723697 0.3619312608201855 0.36414371676800134 0.36635617271581716 0.368568628663633 0.3707810846114526 0.3729935405592684 0.37520599650708425 0.3774184524549001 0.3796309084027159 0.38184336435053173 0.3825539330452037 0.38165895029136926 0.38076396753753483 0.37986898478370046 0.37897400202986603 0.3780790192760316 0.37718403652219723 0.37628905376836125 0.3753940710145269 0.37449908826069245 0.373604105506858 0.37270912275302365 0.3718141399991892 0.3709191572453548
0.3166327550537325 0.3190209393505331 0.3214091236473337 0.3237973079441343 0.32618549224093496 0.32857367653773556 0.33096186083453616 0.33335004513133676 0.33573822942813736 0.338126413724938 0.3405145980217386 0.34290278231854326 0.3452909666153439 0.3476791509121445 0.3500673352089451 0.3524555195057457 0.3548437038025463 0.357231888099347 0.35962007239614757 0.36200825669294817 0.36439644098974877 0.36678462528654937 0.36917280958335 0.3715609938801506 0.3739491781769553 0.37633736247375593 0.37872554677055653 0.38111373106735713 0.38350191536415773 0.38589009966095833 0.38671428925942697 0.38586653314552144 0.38501877703161597 0.38417102091771044 0.38332326480380496 0.38247550868989943 0.38162775257599396 0.380779996462087 0.3799322403481815 0.379084484234276 0.37823672812037046 0.377388972006465 0.37654121589255946 0.375693459778654
0.31558336824360017 0.3181472808893855 0.3207111935351708 0.3232751061809561 0.3258390188267415 0.3284029314725268 0.3309668441183121 0.33353075676409744 0.33609466940988275 0.33865858205566807 0.3412224947014534 0.3437864073472431 0.3463503199930284 0.3489142326388137 0.35147814528459903 0.35404205793038435 0.35660597057616966 0.359169883221955 0.3617337958677403 0.3642977085135256 0.3668616211593109 0.36942553380509624 0.3719894464508816 0.3745533590966669 0.3771172717424566 0.37968118438824194 0.3822450970340272 0.3848090096798126 0.3873729223255979 0.3899368349713832 0.3908746454736484 0.3900741159996718 0.38927358652569516 0.3884730570517186 0.38767252757774195 0.3868719981037654 0.38607146862978875 0.3852709391558108 0.38447040968183416 0.3836698802078575 0.38286935073388095 0.3820688212599043 0.38126829178592775 0.3804677623119511
