Figures/CREST_Example_wjb_NSE/PETs/wjb.pet.20090713.asc
ncols            288
nrows            254
xllcorner        113.274861
yllcorner        31.4918055
cellsize         0.008333333333
NODATA_value     -9999
[rows 200 to 219 of 254, columns 88 to 131 of 288]
3.859177557093717 3.8561128041738137 3.853048051253911 3.849983298334003 3.8469185454141 3.8438537924941976 3.8407890395742945 3.8377242866543915 3.834659533734489 3.831594780814586 3.828530027894683 3.82546527497478 3.8224005220548776 3.8193357691349745 3.8156081267561284 3.8111718405569466 3.8067355543577577 3.802299268158576 3.7978629819593945 3.793426695760213 3.7889904095610314 3.78455412336185 3.7801178371626687 3.775681550963487 3.7712452647643055 3.766808978565124 3.7623726923659424 3.757936406166761 3.7535001199675793 3.7490638337683904 3.744627547569209 3.740191261370027 3.735754975170846 3.7313186889716645 3.7268824027724827 3.7224461165733014 3.7180098303741196 3.7135735441749382 3.709137257975757 3.704700971776575 3.7002646855773937 3.6958283993782124 3.691392113179023 3.6869558269798417
3.8764649394609596 3.873353009687213 3.8702410799134666 3.867129150139715 3.8640172203659686 3.860905290592222 3.8577933608184756 3.854681431044729 3.8515695012709825 3.848457571497236 3.8453456417234895 3.842233711949743 3.8391217821759964 3.83600985240225 3.832106776325071 3.8273579469607575 3.8226091175964356 3.8178602882321218 3.8131114588678083 3.8083626295034945 3.803613800139181 3.798864970774867 3.7941161414105533 3.78936731204624 3.784618482681926 3.7798696533176126 3.7751208239532987 3.770371994588985 3.7656231652246714 3.7608743358603496 3.7561255064960357 3.7513766771317223 3.7466278477674084 3.741879018403095 3.737130189038781 3.7323813596744673 3.727632530310154 3.72288370094584 3.7181348715815266 3.7133860422172127 3.7086372128528993 3.7038883834885854 3.6991395541242635 3.6943907247599497
3.893752321828203 3.890593215200613 3.887434108573023 3.884275001945427 3.881115895317837 3.877956788690247 3.8747976820626566 3.8716385754350666 3.8684794688074766 3.8653203621798866 3.862161255552296 3.859002148924706 3.855843042297116 3.852683935669526 3.8486054258940143 -9999.0 -9999.0 -9999.0 3.828359935776222 3.8232985632467766 3.8182371907173307 3.8131758181878848 3.808114445658439 3.803053073128993 3.797991700599547 3.7929303280701014 3.7878689555406555 3.7828075830112096 3.7777462104817636 3.7726848379523092 3.7676234654228633 3.7625620928934174 3.7575007203639714 3.752439347834526 3.74737797530508 3.742316602775634 3.737255230246188 3.732193857716742 3.7271324851872967 3.7220711126578507 3.717009740128405 3.711948367598959 3.7068869950695045 3.7018256225400585
3.911039704195446 3.907833420714012 3.9046271372325787 3.9014208537511395 3.8982145702697055 3.895008286788272 3.891802003306838 3.888595719825404 3.8853894363439707 3.882183152862537 3.8789768693811033 3.8757705858996694 3.8725643024182355 3.869358018936802 3.8651040754629578 -9999.0 -9999.0 -9999.0 -9999.0 3.8382344969900584 3.8328605812954804 -9999.0 3.8221127499063243 3.8167388342117463 3.8113649185171683 3.8059910028225903 3.8006170871280123 3.7952431714334343 3.7898692557388562 3.784495340044269 3.779121424349691 3.773747508655113 3.768373592960535 3.762999677265957 3.757625761571379 3.752251845876801 3.746877930182223 3.741504014487645 3.736130098793067 3.7307561830984888 3.7253822674039108 3.7200083517093328 3.7146344360147454 3.7092605203201674
3.928327086562696 3.9250736262274186 3.921820165892141 3.9185667055568585 3.915313245221581 3.9120597848863037 3.9088063245510263 3.905552864215749 3.9022994038804715 3.899045943545194 3.8957924832099167 3.8925390228746393 3.889285562539362 3.8860321022040845 -9999.0 -9999.0 -9999.0 -9999.0 -9999.0 -9999.0 -9999.0 -9999.0 -9999.0 3.8304245952945046 3.8247381364347945 3.819051677575084 3.813365218715374 3.8076787598556634 3.8019923009959533 3.796305842136233 3.790619383276523 3.7849329244168124 3.7792464655571023 3.7735600066973918 3.7678735478376812 3.762187088977971 3.7565006301182606 3.7508141712585505 3.74512771239884 3.73944125353913 3.7337547946794194 3.7280683358197093 3.722381876959989 3.716695418100279
3.9456144689299393 3.9423138317408184 3.9390131945516975 3.935712557362571 3.9324119201734495 3.9291112829843287 3.9258106457952078 3.9225100086060865 3.9192093714169656 3.9159087342278447 3.9126080970387234 3.9093074598496025 3.9060068226604816 3.9027061854713603 -9999.0 -9999.0 -9999.0 -9999.0 -9999.0 -9999.0 -9999.0 -9999.0 -9999.0 -9999.0 3.8381113543524155 3.832112352327573 3.8261133503027307 3.820114348277888 3.8141153462530455 3.8081163442281927 3.80211734220335 3.796118340178508 3.7901193381536653 3.7841203361288227 3.77812133410398 3.772122332079138 3.7661233300542953 3.7601243280294527 3.75412532600461 3.7481263239797675 3.7421273219549254 3.7361283199300828 3.73012931790523 3.7241303158803873
3.9629018512971825 3.9595540372542177 3.956206223211253 3.952858409168283 3.949510595125318 3.9461627810823536 3.942814967039389 3.939467152996424 3.9361193389534597 3.932771524910495 3.92942371086753 3.9260758968245657 3.922728082781601 3.919380268738636 3.9146000241697942 -9999.0 -9999.0 -9999.0 -9999.0 -9999.0 -9999.0 -9999.0 -9999.0 -9999.0 3.851484572270037 3.8451730270800617 3.838861481890087 3.8325499367001123 3.8262383915101377 3.8199268463201523 3.8136153011301777 3.807303755940203 3.8009922107502283 3.7946806655602536 3.788369120370279 3.7820575751803043 3.7757460299903296 3.769434484800355 3.7631229396103802 3.7568113944204056 3.750499849230431 3.744188304040456 3.737876758850471 3.731565213660496
3.9801892336644324 3.976794242767624 3.973399251870816 3.970004260974002 3.9666092700771935 3.9632142791803853 3.959819288283577 3.9564242973867687 3.9530293064899604 3.949634315593152 3.946239324696344 3.9428443337995356 3.9394493429027273 3.936054352005919 3.931098673738744 -9999.0 -9999.0 -9999.0 -9999.0 -9999.0 -9999.0 -9999.0 -9999.0 -9999.0 -9999.0 3.858233701832556 3.851609613477449 3.8449855251223424 3.838361436767235 3.831737348412117 3.82511326005701 3.818489171701903 3.811865083346796 3.805240994991689 3.7986169066365822 3.791992818281475 3.7853687299263683 3.778744641571261 3.7721205532161544 3.765496464861047 3.7588723765059404 3.752248288150833 3.745624199795715 3.739000111440608
3.9869358659040155 3.9835278688972275 3.980119871890439 3.976711874883645 3.973303877876857 3.9698958808700686 3.96648788386328 3.9630798868564923 3.959671889849704 3.9562638928429155 3.9528558958361275 3.949447898829339 3.9460399018225507 3.9426319048157628 3.9377354140528236 -9999.0 -9999.0 -9999.0 -9999.0 -9999.0 -9999.0 -9999.0 -9999.0 -9999.0 -9999.0 -9999.0 -9999.0 -9999.0 -9999.0 3.840419550379447 3.833931826134557 3.8274441018896668 3.820956377644776 3.814468653399886 3.8079809291549958 3.8014932049101056 3.7950054806652154 3.7885177564203247 3.7820300321754345 3.7755423079305444 3.769054583685654 3.7625668594407635 3.7560791351958622 3.749591410950972
3.9824151006162944 3.9790306238710134 3.9756461471257327 3.972261670380446 3.968877193635165 3.9654927168898837 3.9621082401446026 3.9587237633993215 3.9553392866540404 3.9519548099087594 3.9485703331634783 3.945185856418197 3.941801379672916 3.938416902927635 3.9338303949468445 -9999.0 -9999.0 -9999.0 -9999.0 -9999.0 -9999.0 -9999.0 -9999.0 -9999.0 -9999.0 -9999.0 -9999.0 -9999.0 -9999.0 -9999.0 -9999.0 3.8340147835812584 3.8281432770303425 3.822271770479427 3.8164002639285113 3.8105287573775954 3.80465725082668 3.798785744275764 3.792914237724849 3.787042731173933 3.781171224623017 3.7752997180721017 3.769428211521176 3.7635567049702603
3.977894335328571 3.9745333788447974 3.9711724223610236 3.967811465877244 3.96445050939347 3.961089552909696 3.9577285964259223 3.9543676399421486 3.951006683458375 3.9476457269746006 3.944284770490827 3.940923814007053 3.9375628575232793 3.934201901039505 3.929925375840863 -9999.0 -9999.0 -9999.0 -9999.0 -9999.0 -9999.0 -9999.0 -9999.0 -9999.0 -9999.0 -9999.0 -9999.0 -9999.0 -9999.0 -9999.0 -9999.0 3.8405854652728526 3.835330176415912 3.830074887558971 3.8248195987020304 3.8195643098450898 3.8143090209881487 3.809053732131208 3.803798443274267 3.7985431544173265 3.793287865560386 3.788032576703445 3.7827772878464954 3.7775219989895543
3.97337357004085 3.9700361338185837 3.9666986975963168 3.9633612613740445 3.9600238251517776 3.956686388929511 3.9533489527072443 3.950011516484978 3.946674080262711 3.9433366440404445 3.9399992078181776 3.936661771595911 3.9333243353736442 3.9299868991513778 -9999.0 -9999.0 -9999.0 -9999.0 -9999.0 -9999.0 -9999.0 -9999.0 -9999.0 -9999.0 -9999.0 -9999.0 -9999.0 -9999.0 -9999.0 -9999.0 3.8517952181274104 3.847156146964444 3.842517075801478 3.837878004638512 3.833238933475546 3.8285998623125796 3.8239607911496134 3.8193217199866476 3.8146826488236814 3.810043577660715 3.805404506497749 3.800765435334783 3.796126364171809 3.7914872930088426
3.968852804753129 3.9655388887923695 3.96222497283161 3.958911056870845 3.9555971409100854 3.952283224949326 3.9489693089885662 3.9456553930278067 3.942341477067047 3.939027561106288 3.9357136451455283 3.9323997291847688 3.929085813224009 3.9257718972632496 -9999.0 -9999.0 -9999.0 -9999.0 -9999.0 -9999.0 -9999.0 -9999.0 -9999.0 -9999.0 -9999.0 -9999.0 -9999.0 -9999.0 -9999.0 -9999.0 3.8577496821250272 3.8537268286560358 3.8497039751870443 3.845681121718053 3.8416582682490614 3.8376354147800695 3.833612561311078 3.8295897078420866 3.825566854373095 3.8215440009041037 3.8175211474351123 3.813498293966121 3.8094754404971223 3.805452587028131
3.964332039465406 3.9610416437661535 3.9577512480669013 3.954460852367643 3.951170456668391 3.9478800609691387 3.9445896652698864 3.941299269570634 3.938008873871382 3.9347184781721296 3.9314280824728773 3.928137686773625 3.924847291074373 3.9215568953751205 -9999.0 -9999.0 -9999.0 -9999.0 -9999.0 -9999.0 -9999.0 -9999.0 -9999.0 -9999.0 -9999.0 -9999.0 -9999.0 -9999.0 3.8705174176726858 3.8671107818976633 3.8637041461226467 3.86029751034763 3.8568908745726134 3.8534842387975967 3.85007760302258 3.8466709672475634 3.8432643314725468 3.83985769569753 3.8364510599225135 3.8330444241474972 3.8296377883724806 3.826231152597464 3.8228245168224415 3.819417881047425
3.9598112741776843 3.9565443987399393 3.9532775233021944 3.9500106478644437 3.9467437724266983 3.9434768969889533 3.9402100215512084 3.936943146113463 3.933676270675718 3.930409395237973 3.9271425198002277 3.9238756443624827 3.9206087689247373 -9999.0 -9999.0 -9999.0 -9999.0 -9999.0 -9999.0 -9999.0 -9999.0 -9999.0 -9999.0 -9999.0 -9999.0 -9999.0 -9999.0 -9999.0 3.875239446282352 3.8724490282013053 3.8696586101202635 3.8668681920392216 3.8640777739581793 3.8612873558771375 3.8584969377960956 3.8557065197150537 3.8529161016340114 3.8501256835529696 3.8473352654719277 3.8445448473908854 3.8417544293098436 3.8389640112288017 3.836173593147755 3.833383175066713
3.9552905088899637 3.9520471537137256 3.9488037985374875 3.945560443361244 3.942317088185006 3.9390737330087684 3.9358303778325303 3.9325870226562922 3.9293436674800546 3.9261003123038165 3.9228569571275784 3.919613601951341 -9999.0 -9999.0 -9999.0 -9999.0 -9999.0 -9999.0 -9999.0 -9999.0 -9999.0 -9999.0 -9999.0 -9999.0 -9999.0 -9999.0 -9999.0 -9999.0 3.879961474892019 3.8777872745049478 3.8756130741178803 3.873438873730813 3.8712646733437457 3.869090472956678 3.866916272569611 3.8647420721825436 3.862567871795476 3.860393671408409 3.8582194710213416 3.856045270634274 3.853871070247207 3.8516968698601395 3.8495226694730684 3.8473484690860014
3.950769743602242 3.9475499086875114 3.9443300737727807 3.9411102388580446 3.937890403943314 3.934670569028583 3.9314507341138523 3.9282308991991215 -9999.0 -9999.0 -9999.0 -9999.0 -9999.0 -9999.0 -9999.0 -9999.0 -9999.0 -9999.0 -9999.0 -9999.0 -9999.0 -9999.0 -9999.0 -9999.0 -9999.0 -9999.0 -9999.0 -9999.0 -9999.0 3.8831255208085897 3.881567538115497 3.8800095554224043 3.8784515727293116 3.876893590036219 3.875335607343126 3.8737776246500335 3.872219641956941 3.870661659263848 3.8691036765707554 3.8675456938776627 3.86598771118457 3.8644297284914773 3.862871745798382 3.861313763105289
3.9462489783145194 3.943052663661296 3.939856349008072 3.9366600343548432 3.93346371970162 3.930267405048396 3.9270710903951724 3.923874775741949 -9999.0 -9999.0 -9999.0 -9999.0 -9999.0 -9999.0 -9999.0 -9999.0 -9999.0 -9999.0 -9999.0 -9999.0 -9999.0 -9999.0 -9999.0 -9999.0 -9999.0 -9999.0 -9999.0 -9999.0 -9999.0 3.888463767112235 3.887522002113117 3.886580237113999 3.885638472114881 3.884696707115763 3.8837549421166457 3.882813177117528 3.88187141211841 3.880929647119292 3.879987882120174 3.8790461171210566 3.8781043521219387 3.877162587122821 3.8762208221237016 3.8752790571245836
3.941728213026798 3.9385554186350817 3.935382624243365 3.9322098298516432 -9999.0 3.9258642410682105 -9999.0 -9999.0 -9999.0 -9999.0 -9999.0 -9999.0 -9999.0 -9999.0 -9999.0 -9999.0 -9999.0 -9999.0 -9999.0 -9999.0 -9999.0 -9999.0 -9999.0 -9999.0 -9999.0 -9999.0 -9999.0 -9999.0 -9999.0 -9999.0 -9999.0 3.8931509188055906 3.8928253715004475 3.892499824195304 3.892174276890161 3.8918487295850177 3.8915231822798746 3.8911976349747315 3.8908720876695884 3.8905465403644452 3.8902209930593017 3.8898954457541586 3.889569898449015 3.889244351143872
3.937207447739077 3.934058173608868 3.9309088994786587 3.927759625348444 -9999.0 -9999.0 -9999.0 -9999.0 -9999.0 -9999.0 -9999.0 -9999.0 -9999.0 -9999.0 -9999.0 -9999.0 -9999.0 -9999.0 -9999.0 -9999.0 -9999.0 -9999.0 -9999.0 -9999.0 -9999.0 -9999.0 -9999.0 -9999.0 -9999.0 -9999.0 -9999.0 3.899721600497182 3.9000122708860134 3.900302941274845 3.9005936116636764 3.900884282052508 3.9011749524413393 3.901465622830171 3.901756293219002 3.902046963607834 3.902337633996665 3.902628304385497 3.9029189747743285 3.90320964516316
