Figures/CREST_Example_wjb_NSE/PETs/wjb.pet.20090618.asc
ncols            288
nrows            254
xllcorner        113.274861
yllcorner        31.4918055
cellsize         0.008333333333
NODATA_value     -9999
[rows 120 to 139 of 254, columns 88 to 131 of 288]
3.2331032013978014 3.2270819282496244 3.2210606551014473 3.21503938195326 3.2090181088050826 3.2029968356569056 3.1969755625087286 3.1909542893605516 3.1849330162123746 3.1789117430641975 3.17289046991602 3.166869196767843 3.160847923619666 3.154826650471489 3.152146104797872 3.153036872332407 3.1539276398669442 3.1548184074014793 3.155709174936015 3.1565999424705504 3.157490710005086 3.1583814775396215 3.1592722450741566 3.160163012608692 3.1610537801432277 3.1619445476777632 3.1628353152122988 3.163726082746834 3.1646168502813694 3.1655076178159063 3.166398385350442 3.1672891528849774 3.168179920419513 3.1690706879540484 3.1699614554885835 3.170852223023119 3.1717429905576546 3.17263375809219 3.1735245256267257 3.174415293161261 3.1753060606957964 3.176196828230332 3.1770875957648688 3.1779783632994043
3.2283596792095635 3.2224954423887624 3.216631205567961 3.2107669687471496 3.2049027319263486 3.199038495105547 3.193174258284746 3.1873100214639445 3.1814457846431434 3.175581547822342 3.169717311001541 3.1638530741807394 3.1579888373599383 3.152124600539137 3.149568108019243 3.1505476689490783 3.151527229878915 3.1525067908087507 3.1534863517385863 3.1544659126684214 3.155445473598257 3.156425034528092 3.1574045954579275 3.158384156387763 3.159363717317598 3.1603432782474337 3.161322839177269 3.1623024001071043 3.16328196103694 3.1642615219667767 3.165241082896612 3.1662206438264473 3.167200204756283 3.1681797656861184 3.1691593266159535 3.170138887545789 3.171118448475624 3.1720980094054596 3.173077570335295 3.1740571312651302 3.1750366921949658 3.176016253124801 3.176995814054638 3.1779753749844732
3.2236161570213255 3.2179089565279 3.2122017560344744 3.2064945555410396 3.200787355047614 3.1950801545541885 3.189372954060763 3.183665753567338 3.1779585530739123 3.1722513525804867 3.166544152087061 3.1608369515936356 3.1551297511002105 3.149422550606785 3.1469901112406142 3.1480584655657498 3.1491268198908866 3.150195174216022 3.151263528541157 3.1523318828662927 3.153400237191428 3.1544685915165633 3.1555369458416984 3.1566053001668335 3.157673654491969 3.158742008817104 3.1598103631422396 3.1608787174673747 3.1619470717925102 3.163015426117647 3.1640837804427826 3.1651521347679177 3.166220489093053 3.1672888434181883 3.168357197743324 3.169425552068459 3.170493906393594 3.1715622607187295 3.1726306150438646 3.173698969369 3.174767323694135 3.1758356780192707 3.1769040323444075 3.177972386669543
3.2188726348330876 3.213322470667038 3.2077723065009884 3.202222142334929 3.1966719781688795 3.19112181400283 3.1855716498367803 3.1800214856707307 3.174471321504681 3.1689211573386316 3.163370993172582 3.157820829006532 3.1522706648404824 3.1467205006744328 3.1444121144619857 3.1455692621824207 3.146726409902858 3.147883557623293 3.1490407053437286 3.1501978530641637 3.1513550007845987 3.152512148505034 3.1536692962254693 3.1548264439459044 3.1559835916663395 3.1571407393867745 3.15829788710721 3.159455034827645 3.16061218254808 3.1617693302685175 3.1629264779889525 3.1640836257093876 3.165240773429823 3.166397921150258 3.1675550688706933 3.168712216591129 3.169869364311564 3.171026512031999 3.172183659752434 3.1733408074728695 3.1744979551933046 3.1756551029137396 3.176812250634177 3.177969398354612
3.2141291126448457 3.2087359848061716 3.203342856967498 3.1979497291288155 3.1925566012901414 3.1871634734514678 3.181770345612794 3.1763772177741205 3.170984089935447 3.1655909620967733 3.1601978342580996 3.154804706419426 3.1494115785807524 3.1440184507420783 3.141834117683355 3.14308005879909 3.144325999914827 3.1455719410305627 3.1468178821462978 3.148063823262033 3.149309764377768 3.1505557054935034 3.1518016466092384 3.1530475877249735 3.154293528840709 3.155539469956444 3.156785411072179 3.158031352187914 3.1592772933036497 3.160523234419387 3.161769175535122 3.163015116650857 3.1642610577665926 3.1655069988823277 3.1667529399980627 3.167998881113798 3.1692448222295333 3.1704907633452684 3.1717367044610034 3.1729826455767385 3.174228586692474 3.175474527808209 3.1767204689239463 3.1779664100396814
3.2093855904566073 3.2041494989453096 3.1989134074340115 3.193677315922705 3.188441224411407 3.183205132900109 3.1779690413888115 3.1727329498775134 3.1674968583662158 3.162260766854918 3.15702467534362 3.1517885838323223 3.146552492321024 3.1413164008097265 3.1392561209047263 3.1405908554157613 3.1419255899267986 3.1432603244378337 3.1445950589488687 3.1459297934599038 3.1472645279709393 3.1485992624819743 3.1499339969930094 3.1512687315040444 3.1526034660150795 3.1539382005261145 3.1552729350371496 3.1566076695481846 3.1579424040592197 3.159277138570257 3.160611873081292 3.1619466075923275 3.1632813421033625 3.1646160766143976 3.1659508111254326 3.1672855456364677 3.1686202801475027 3.169955014658538 3.171289749169573 3.172624483680608 3.173959218191643 3.175293952702678 3.1766286872137157 3.1779634217247508
3.2046420682683694 3.1995630130844472 3.1944839579005255 3.1894049027165945 3.184325847532673 3.1792467923487506 3.1741677371648285 3.1690886819809068 3.1640096267969846 3.1589305716130625 3.1538515164291407 3.1487724612452186 3.1436934060612964 3.1386143508773743 3.1366781241260977 3.1381016520324327 3.13952517993877 3.140948707845105 3.14237223575144 3.143795763657775 3.14521929156411 3.146642819470445 3.1480663473767803 3.1494898752831153 3.15091340318945 3.152336931095785 3.15376045900212 3.155183986908455 3.15660751481479 3.158031042721128 3.1594545706274624 3.1608780985337974 3.1623016264401325 3.1637251543464675 3.1651486822528025 3.1665722101591376 3.1679957380654726 3.1694192659718077 3.1708427938781427 3.1722663217844778 3.173689849690813 3.175113377597148 3.176536905503485 3.17796043340982
3.1998985460801315 3.1949765272235853 3.190054508367039 3.1851324895104844 3.1802104706539382 3.175288451797392 3.170366432940846 3.1654444140842997 3.1605223952277535 3.1556003763712073 3.150678357514661 3.145756338658115 3.1408343198015687 3.1359123009450225 3.134100127347469 3.1356124486491037 3.1371247699507414 3.1386370912523764 3.140149412554011 3.141661733855646 3.143174055157281 3.144686376458916 3.1461986977605507 3.1477110190621858 3.149223340363821 3.1507356616654554 3.1522479829670904 3.1537603042687254 3.1552726255703605 3.1567849468719977 3.1582972681736328 3.159809589475268 3.1613219107769024 3.1628342320785374 3.1643465533801725 3.1658588746818075 3.167371195983442 3.168883517285077 3.170395838586712 3.171908159888347 3.1734204811899818 3.174932802491617 3.1764451237932545 3.177957445094889
3.1951550238918935 3.190390041362723 3.1856250588335526 3.1808600763043744 3.1760950937752037 3.1713301112460335 3.1665651287168632 3.1618001461876926 3.1570351636585223 3.152270181129352 3.1475051986001814 3.142740216071011 3.137975233541841 3.1332102510126703 3.13152213056884 3.133123245265775 3.134724359962713 3.1363254746596474 3.1379265893565824 3.139527704053517 3.141128818750452 3.142729933447387 3.1443310481443216 3.1459321628412567 3.1475332775381912 3.1491343922351263 3.1507355069320613 3.152336621628996 3.153937736325931 3.155538851022868 3.157139965719803 3.158741080416738 3.1603421951136728 3.161943309810608 3.1635444245075424 3.1651455392044774 3.166746653901412 3.168347768598347 3.169948883295282 3.1715499979922166 3.1731511126891516 3.174752227386086 3.176353342083024 3.177954456779959
3.190411501703655 3.185803555501861 3.181195609300066 3.176587663098264 3.171979716896469 3.167371770694675 3.16276382449288 3.1581558782910855 3.153547932089291 3.1489399858874965 3.144332039685702 3.1397240934839075 3.1351161472821127 3.1305082010803185 3.1289441337902115 3.1306340418824465 3.132323949974684 3.134013858066919 3.1357037661591534 3.1373936742513884 3.139083582343623 3.1407734904358575 3.1424633985280925 3.144153306620327 3.145843214712562 3.1475331228047967 3.1492230308970313 3.1509129389892663 3.152602847081501 3.1542927551737385 3.155982663265973 3.157672571358208 3.1593624794504427 3.1610523875426777 3.1627422956349123 3.164432203727147 3.166122111819382 3.1678120199116164 3.1695019280038514 3.171191836096086 3.1728817441883206 3.1745716522805556 3.1762615603727933 3.177951468465028
3.1856679795154172 3.1812170696409985 3.1767661597665797 3.1723152498921534 3.1678643400177346 3.163413430143316 3.158962520268897 3.154511610394479 3.15006070052006 3.1456097906456413 3.1411588807712225 3.1367079708968038 3.132257061022385 3.1278061511479662 3.126366137011583 3.1281448384991175 3.129923539986655 3.13170224147419 3.1334809429617247 3.1352596444492593 3.137038345936794 3.1388170474243284 3.1405957489118634 3.142374450399398 3.1441531518869326 3.145931853374467 3.1477105548620017 3.1494892563495367 3.1512679578370713 3.153046659324609 3.1548253608121435 3.156604062299678 3.1583827637872126 3.1601614652747476 3.161940166762282 3.1637188682498167 3.1654975697373513 3.167276271224886 3.1690549727124204 3.1708336741999554 3.17261237568749 3.1743910771750246 3.1761697786625622 3.177948480150097
3.1809244573271753 3.1766305837801325 3.1723367102330897 3.16804283668604 3.163748963138997 3.159455089591954 3.1551612160449114 3.1508673424978686 3.146573468950826 3.142279595403783 3.13798572185674 3.1336918483096974 3.1293979747626546 3.1251041012156118 3.123788140232952 3.1256556351157867 3.127523129998625 3.1293906248814594 3.131258119764294 3.1331256146471285 3.134993109529963 3.136860604412798 3.1387280992956326 3.140595594178467 3.1424630890613017 3.1443305839441367 3.1461980788269712 3.1480655737098058 3.1499330685926403 3.151800563475478 3.153668058358313 3.1555355532411475 3.157403048123982 3.1592705430068166 3.1611380378896516 3.163005532772486 3.1648730276553207 3.1667405225381553 3.16860801742099 3.170475512303825 3.1723430071866594 3.174210502069494 3.1760779969523316 3.1779454918351666
3.1761809351389374 3.17204409791927 3.1679072606996033 3.1637704234799293 3.1596335862602625 3.1554967490405956 3.1513599118209283 3.1472230746012615 3.1430862373815946 3.138949400161928 3.1348125629422605 3.1306757257225937 3.126538888502927 3.12240205128326 3.1212101434543236 3.123166431732458 3.1251227200105958 3.1270790082887303 3.129035296566865 3.130991584845 3.1329478731231344 3.134904161401269 3.1368604496794035 3.138816737957538 3.1407730262356726 3.142729314513807 3.1446856027919416 3.146641891070076 3.1485981793482107 3.1505544676263484 3.152510755904483 3.1544670441826175 3.156423332460752 3.1583796207388866 3.160335909017021 3.1622921972951556 3.16424848557329 3.1662047738514247 3.1681610621295593 3.170117350407694 3.1720736386858284 3.174029926963963 3.175986215242101 3.1779425035202356
3.1714374129506995 3.167457612058408 3.1634778111661173 3.1594980102738193 3.155518209381528 3.151538408489237 3.1475586075969457 3.143578806704655 3.1395990058123635 3.135619204920072 3.1316394040277813 3.12765960313549 3.123679802243199 3.1197000013509077 3.118632146675695 3.1206772283491295 3.122722310022567 3.1247673916960017 3.1268124733694362 3.1288575550428708 3.1309026367163053 3.13294771838974 3.134992800063174 3.1370378817366085 3.139082963410043 3.1411280450834775 3.143173126756912 3.1452182084303466 3.147263290103781 3.149308371777219 3.1513534534506533 3.153398535124088 3.1554436167975224 3.157488698470957 3.1595337801443915 3.1615788618178255 3.16362394349126 3.1656690251646946 3.167714106838129 3.1697591885115637 3.171804270184998 3.1738493518584328 3.1758944335318704 3.177939515205305
3.166693890762461 3.1628711261975457 3.159048361632631 3.1552255970677088 3.1514028325027934 3.147580067937878 3.143757303372963 3.1399345388080477 3.1361117742431324 3.132289009678217 3.1284662451133016 3.1246434805483863 3.120820715983471 3.116997951418556 3.1160541498970664 3.1181880249658005 3.1203219000345386 3.122455775103273 3.124589650172007 3.1267235252407417 3.1288574003094762 3.1309912753782103 3.133125150446945 3.1352590255156794 3.1373929005844134 3.139526775653148 3.1416606507218825 3.1437945257906166 3.145928400859351 3.148062275928089 3.1501961509968237 3.152330026065558 3.1544639011342923 3.156597776203027 3.158731651271761 3.1608655263404954 3.16299940140923 3.165133276477964 3.1672671515466986 3.169401026615433 3.171534901684167 3.1736687767529017 3.17580265182164 3.1779365268903743
3.161950368574223 3.1582846403366838 3.1546189120991444 3.1509531838615987 3.1472874556240593 3.1436217273865195 3.13995599914898 3.1362902709114406 3.1326245426739012 3.128958814436362 3.1252930861988224 3.1216273579612825 3.117961629723743 3.1142959014862037 3.1134761531184374 3.115698821582472 3.11792149004651 3.1201441585105445 3.1223668269745786 3.124589495438613 3.126812163902647 3.1290348323666817 3.1312575008307157 3.1334801692947503 3.1357028377587843 3.137925506222819 3.140148174686853 3.1423708431508874 3.1445935116149215 3.1468161800789596 3.149038848542994 3.151261517007028 3.1534841854710627 3.1557068539350968 3.1579295223991313 3.1601521908631653 3.1623748593272 3.164597527791234 3.1668201962552684 3.1690428647193025 3.171265533183337 3.173488201647371 3.175710870111409 3.1779335385754437
3.1572068463859853 3.1536981544758214 3.150189462565658 3.1466807706554882 3.143172078745325 3.139663386835161 3.1361546949249974 3.1326460030148335 3.12913731110467 3.125628619194506 3.1221199272843427 3.118611235374179 3.1151025434640154 3.1115938515538515 3.110898156339809 3.1132096181991433 3.1155210800584814 3.1178325419178154 3.1201440037771495 3.122455465636484 3.124766927495818 3.127078389355152 3.1293898512144867 3.1317013130738207 3.1340127749331548 3.1363242367924893 3.1386356986518233 3.1409471605111574 3.143258622370492 3.14557008422983 3.147881546089164 3.150193007948498 3.1525044698078326 3.1548159316671667 3.1571273935265007 3.1594388553858352 3.1617503172451693 3.1640617791045034 3.166373240963838 3.168684702823172 3.170996164682506 3.1733076265418405 3.1756190884011786 3.1779305502605126
3.152463324197743 3.1491116686149554 3.145760013032168 3.142408357449374 3.1390567018665867 3.1357050462837988 3.1323533907010113 3.1290017351182233 3.125650079535436 3.1222984239526483 3.1189467683698604 3.115595112787073 3.112243457204285 3.1088918016214975 3.108320159561178 3.1107204148158125 3.1131206700704506 3.1155209253250846 3.117921180579719 3.120321435834353 3.1227216910889872 3.1251219463436217 3.127522201598256 3.12992245685289 3.132322712107524 3.1347229673621584 3.1371232226167924 3.1395234778714265 3.141923733126061 3.144323988380699 3.146724243635333 3.1491244988899676 3.1515247541446016 3.1539250093992357 3.15632526465387 3.1587255199085043 3.1611257751631383 3.1635260304177724 3.165926285672407 3.168326540927041 3.170726796181675 3.1731270514363095 3.1755273066909475 3.1779275619455816
3.1477198020095054 3.1445251827540934 3.1413305634986814 3.138135944243264 3.134941324987852 3.13174670573244 3.1285520864770286 3.1253574672216167 3.1221628479662047 3.1189682287107927 3.115773609455381 3.112578990199969 3.109384370944557 3.1061897516891452 3.1057421627825494 3.1082312114324835 3.110720260082422 3.113209308732356 3.11569835738229 3.118187406032224 3.120676454682158 3.1231655033320926 3.1256545519820267 3.1281436006319607 3.1306326492818948 3.133121697931829 3.135610746581763 3.138099795231697 3.1405888438816314 3.1430778925315694 3.1455669411815035 3.148055989831438 3.150545038481372 3.153034087131306 3.15552313578124 3.158012184431174 3.160501233081108 3.1629902817310422 3.1654793303809763 3.1679683790309108 3.170457427680845 3.172946476330779 3.1754355249807174 3.1779245736306514
3.142976279821267 3.139938696893231 3.136901113965195 3.1338635310371536 3.1308259481091176 3.1277883651810816 3.1247507822530456 3.1217131993250096 3.1186756163969735 3.1156380334689375 3.1126004505409015 3.1095628676128655 3.1065252846848295 3.1034877017567934 3.103164166003921 3.105742008049155 3.1083198500943934 3.1108976921396274 3.1134755341848614 3.1160533762300955 3.1186312182753295 3.121209060320563 3.123786902365797 3.126364744411031 3.128942586456265 3.1315204285014993 3.1340982705467333 3.1366761125919673 3.1392539546372014 3.14183179668244 3.144409638727674 3.146987480772908 3.149565322818142 3.152143164863376 3.15472100690861 3.157298848953844 3.159876690999078 3.162454533044312 3.1650323750895457 3.1676102171347797 3.170188059180014 3.172765901225248 3.1753437432704863 3.1779215853157203
