Figures/CREST_Example_wjb_NSE/PETs/wjb.pet.20100107.asc
ncols            288
nrows            254
xllcorner        113.274861
yllcorner        31.4918055
cellsize         0.008333333333
NODATA_value     -9999
[rows 133 to 151 of 254, columns 44 to 87 of 288]
0.47162926837467023 0.4724481604306099 0.4732670524865495 0.47408594454248915 0.4749048365984288 0.4757237286543684 0.47654262071030806 0.4773615127662477 0.4781804048221887 0.47899929687812837 0.479818188934068 0.4806370809900076 0.4814559730459473 0.4822748651018869 0.48309375715782654 0.4839126492137662 0.4847315412697058 0.48555043332564546 0.4863693253815851 0.4871882174375247 0.4880071094934644 0.4888260015494054 0.489644893605345 0.4904637856612847 0.4912826777172243 0.49210156977316394 0.4929204618291036 0.4937393538850432 0.49449267912667166 0.4951759119615943 0.4958591447965168 0.49654237763143944 0.497225610466362 0.4979088433012846 0.4985920761362083 0.4992753089711309 0.4999585418060535 0.500641774640976 0.5013250074758987 0.5020082403108213 0.5026914731457438 0.5033747059806664 0.504057938815589 0.5047411716505116
0.4722586071983117 0.47308622015864404 0.47391383311897645 0.4747414460793088 0.47556905903964114 0.47639667199997354 0.4772242849603059 0.47805189792063824 0.478879510880972 0.4797071238413044 0.4805347368016368 0.4813623497619691 0.48218996272230147 0.48301757568263387 0.4838451886429662 0.48467280160329856 0.4855004145636309 0.4863280275239633 0.48715564048429566 0.487983253444628 0.4888108664049604 0.48963847936529414 0.49046609232562655 0.4912937052859589 0.49212131824629124 0.49294893120662364 0.493776544166956 0.49460415712728834 0.49536624486834324 0.49605828466872365 0.49675032446910405 0.49744236426948446 0.49813440406986487 0.4988264438702453 0.49951848367062684 0.5002105234710073 0.5009025632713876 0.5015946030717681 0.5022866428721484 0.5029786826725289 0.5036707224729092 0.5043627622732896 0.50505480207367 0.5057468418740504
0.4728879460219531 0.4737242798866782 0.4745606137514033 0.4753969476161284 0.4762332814808535 0.47706961534557857 0.47790594921030366 0.47874228307502875 0.4795786169397553 0.4804149508044804 0.48125128466920547 0.48208761853393056 0.48292395239865565 0.48376028626338075 0.48459662012810584 0.48543295399283093 0.486269287857556 0.4871056217222811 0.4879419555870062 0.4887782894517313 0.4896146233164564 0.4904509571811829 0.491287291045908 0.4921236249106331 0.4929599587753582 0.4937962926400833 0.4946326265048084 0.4954689603695335 0.4962398106100149 0.4969406573758531 0.4976415041416913 0.4983423509075295 0.49904319767336774 0.49974404443920595 0.5004448912050453 0.5011457379708836 0.5018465847367217 0.50254743150256 0.5032482782683982 0.5039491250342364 0.5046499718000746 0.5053508185659128 0.506051665331751 0.5067525120975893
0.4735172848455946 0.47436233961471236 0.4752073943838302 0.47605244915294803 0.47689750392206587 0.47774255869118365 0.4785876134603015 0.4794326682294193 0.48027772299853855 0.4811227777676564 0.4819678325367742 0.48281288730589206 0.48365794207500984 0.4845029968441277 0.4853480516132455 0.48619310638236335 0.48703816115148113 0.48788321592059897 0.4887282706897168 0.48957332545883464 0.4904183802279524 0.4912634349970717 0.49210848976618954 0.4929535445353074 0.49379859930442516 0.494643654073543 0.49548870884266083 0.4963337636117786 0.49711337635168645 0.4978230300829825 0.4985326838142785 0.49924233754557457 0.4999519912768706 0.5006616450081667 0.5013712987394638 0.5020809524707599 0.502790606202056 0.503500259933352 0.5042099136646481 0.504919567395944 0.5056292211272401 0.5063388748585361 0.5070485285898322 0.5077581823211281
0.47414662366923654 0.47500039934274707 0.47585417501625765 0.4767079506897682 0.47756172636327876 0.47841550203678934 0.47926927771029987 0.48012305338381045 0.4809768290573224 0.481830604730833 0.4826843804043436 0.4835381560778541 0.4843919317513647 0.4852457074248752 0.4860994830983858 0.4869532587718963 0.4878070344454069 0.4886608101189175 0.489514585792428 0.4903683614659386 0.4912221371394491 0.49207591281296115 0.49292968848647173 0.49378346415998225 0.49463723983349284 0.49549101550700336 0.49634479118051394 0.4971985668540245 0.4979869420933588 0.49870540279011266 0.4994238634868665 0.5001423241836204 0.5008607848803742 0.5015792455771281 0.5022977062738831 0.503016166970637 0.5037346276673909 0.5044530883641447 0.5051715490608986 0.5058900097576524 0.5066084704544063 0.5073269311511602 0.5080453918479141 0.5087638525446679
0.474775962492878 0.4756384590707813 0.47650095564868455 0.4773634522265878 0.47822594880449115 0.4790884453823944 0.4799509419602977 0.480813438538201 0.48167593511610574 0.48253843169400906 0.48340092827191233 0.4842634248498156 0.48512592142771893 0.4859884180056222 0.4868509145835255 0.4877134111614288 0.48857590773933207 0.48943840431723534 0.4903009008951386 0.49116339747304194 0.4920258940509452 0.49288839062885 0.49375088720675325 0.4946133837846565 0.49547588036255985 0.4963383769404631 0.4972008735183664 0.4980633700962697 0.49886050783503044 0.49958777549724215 0.5003150431594537 0.5010423108216655 0.5017695784838772 0.5024968461460888 0.5032241138083017 0.5039513814705134 0.5046786491327251 0.5054059167949367 0.5061331844571484 0.50686045211936 0.5075877197815718 0.5083149874437835 0.5090422551059951 0.5097695227682068
0.4754053013165194 0.47627651879881544 0.47714773628111146 0.4780189537634075 0.4788901712457035 0.4797613887279995 0.4806326062102955 0.48150382369259154 0.48237504117488905 0.48324625865718507 0.4841174761394811 0.4849886936217771 0.4858599111040731 0.48673112858636913 0.48760234606866515 0.48847356355096117 0.4893447810332572 0.4902159985155532 0.4910872159978492 0.49195843348014523 0.49282965096244125 0.49370086844473876 0.4945720859270348 0.4954433034093308 0.4963145208916268 0.4971857383739228 0.49805695585621884 0.49892817333851486 0.4997340735767021 0.5004701482043715 0.5012062228320411 0.5019422974597105 0.50267837208738 0.5034144467150495 0.5041505213427202 0.5048865959703898 0.5056226705980592 0.5063587452257287 0.5070948198533982 0.5078308944810677 0.5085669691087371 0.5093030437364067 0.5100391183640761 0.5107751929917457
0.4760346401401609 0.47691457852684965 0.47779451691353836 0.4786744553002271 0.4795543936869159 0.4804343320736046 0.48131427046029335 0.4821942088469821 0.4830741472336723 0.4839540856203611 0.48483402400704984 0.48571396239373854 0.4865939007804273 0.48747383916711606 0.48835377755380477 0.48923371594049353 0.4901136543271823 0.490993592713871 0.49187353110055976 0.4927534694872485 0.4936334078739372 0.4945133462606275 0.49539328464731625 0.49627322303400495 0.4971531614206937 0.4980330998073824 0.4989130381940712 0.49979297658075994 0.5006076393183736 0.501352520911501 0.5020974025046282 0.5028422840977556 0.5035871656908828 0.5043320472840102 0.5050769288771387 0.5058218104702661 0.5065666920633933 0.5073115736565207 0.5080564552496479 0.5088013368427753 0.5095462184359025 0.5102911000290299 0.5110359816221572 0.5117808632152845
0.47666397896380236 0.4775526382548838 0.4784412975459653 0.47932995683704677 0.4802186161281282 0.4811072754192097 0.4819959347102912 0.4828845940013727 0.48377325329245563 0.48466191258353714 0.4855505718746186 0.48643923116570004 0.48732789045678154 0.488216549747863 0.4891052090389445 0.48999386833002595 0.4908825276211074 0.4917711869121889 0.49265984620327036 0.4935485054943518 0.4944371647854333 0.4953258240765163 0.49621448336759777 0.4971031426586792 0.4979918019497607 0.4988804612408422 0.4997691205319236 0.5006577798230051 0.5014812050600452 0.5022348936186304 0.5029885821772155 0.5037422707358006 0.5044959592943857 0.5052496478529709 0.5060033364115573 0.5067570249701424 0.5075107135287276 0.5082644020873126 0.5090180906458978 0.5097717792044829 0.5105254677630681 0.5112791563216531 0.5120328448802383 0.5127865334388234
0.4772933177874438 0.478190697982918 0.4790880781783922 0.4799854583738664 0.4808828385693406 0.4817802187648148 0.482677598960289 0.48357497915576325 0.48447235935123895 0.48536973954671314 0.48626711974218734 0.4871644999376616 0.4880618801331358 0.48895926032861 0.4898566405240842 0.49075402071955837 0.49165140091503257 0.49254878111050676 0.49344616130598096 0.49434354150145515 0.4952409216969294 0.4961383018924051 0.4970356820878793 0.4979330622833535 0.49883044247882774 0.49972782267430194 0.5006252028697761 0.5015225830652503 0.5023547708017169 0.5031172663257598 0.5038797618498028 0.5046422573738457 0.5054047528978887 0.5061672484219316 0.5069297439459758 0.5076922394700187 0.5084547349940617 0.5092172305181046 0.5099797260421476 0.5107422215661905 0.5115047170902335 0.5122672126142764 0.5130297081383193 0.5137922036623622
0.47792265661108524 0.4788287577109522 0.4797348588108191 0.48064095991068606 0.481547061010553 0.4824531621104199 0.4833592632102868 0.48426536431015377 0.4851714654100222 0.48607756650988915 0.4869836676097561 0.48788976870962303 0.48879586980948997 0.48970197090935685 0.4906080720092238 0.49151417310909074 0.4924202742089577 0.49332637530882456 0.4942324764086915 0.49513857750855844 0.4960446786084254 0.4969507797082938 0.49785688080816076 0.4987629819080277 0.49966908300789464 0.5005751841077616 0.5014812852076285 0.5023873863074955 0.5032283365433885 0.5039996390328892 0.50477094152239 0.5055422440118907 0.5063135465013915 0.5070848489908922 0.5078561514803943 0.5086274539698951 0.5093987564593958 0.5101700589488966 0.5109413614383973 0.511712663927898 0.5124839664173988 0.5132552689068995 0.5140265713964003 0.514797873885901
0.47855199543472726 0.4794668174389869 0.4803816394432466 0.4812964614475062 0.4822112834517659 0.4831261054560256 0.4840409274602852 0.4849557494645449 0.4858705714688061 0.48678539347306576 0.48770021547732545 0.4886150374815851 0.48952985948584476 0.49044468149010445 0.4913595034943641 0.49227432549862377 0.4931891475028834 0.4941039695071431 0.4950187915114027 0.4959336135156624 0.4968484355199221 0.49776325752418327 0.49867807952844295 0.49959290153270264 0.5005077235369623 0.5014225455412219 0.5023373675454816 0.5032521895497413 0.5041019022850608 0.5048820117400193 0.505662121194978 0.5064422306499365 0.5072223401048951 0.5080024495598537 0.5087825590148136 0.5095626684697722 0.5103427779247308 0.5111228873796894 0.5119029968346479 0.5126831062896066 0.5134632157445651 0.5142433251995236 0.5150234346544823 0.5158035441094408
0.4791813342583687 0.4801048771670211 0.4810284200756735 0.48195196298432585 0.4828755058929783 0.48379904880163066 0.48472259171028304 0.48564613461893547 0.4865696775275894 0.4874932204362418 0.4884167633448942 0.4893403062535466 0.490263849162199 0.4911873920708514 0.49211093497950376 0.4930344778881562 0.49395802079680856 0.49488156370546094 0.49580510661411337 0.49672864952276574 0.4976521924314181 0.4985757353400721 0.4994992782487245 0.5004228211573769 0.5013463640660293 0.5022699069746817 0.503193449883334 0.5041169927919865 0.5049754680267324 0.5057643844471489 0.5065533008675652 0.5073422172879817 0.508131133708398 0.5089200501288145 0.5097089665492321 0.5104978829696486 0.5112867993900649 0.5120757158104814 0.5128646322308977 0.5136535486513142 0.5144424650717305 0.515231381492147 0.5160202979125633 0.5168092143329798
0.4798106730820101 0.4807429368950552 0.4816752007081004 0.4826074645211455 0.4835397283341906 0.48447199214723574 0.48540425596028086 0.486336519773326 0.4872687835863727 0.48820104739941783 0.48913331121246295 0.49006557502550807 0.4909978388385532 0.4919301026515983 0.49286236646464343 0.49379463027768855 0.49472689409073367 0.49565915790377885 0.49659142171682397 0.4975236855298691 0.4984559493429142 0.49938821315596094 0.5003204769690061 0.5012527407820512 0.5021850045950963 0.5031172684081414 0.5040495322211865 0.5049817960342317 0.5058490337684041 0.5066467571542783 0.5074444805401526 0.5082422039260267 0.509039927311901 0.5098376506977752 0.5106353740836507 0.5114330974695249 0.5122308208553992 0.5130285442412733 0.5138262676271476 0.5146239910130218 0.515421714398896 0.5162194377847702 0.5170171611706444 0.5178148845565186
0.48044001190565155 0.4813809966230894 0.4823219813405273 0.4832629660579651 0.48420395077540296 0.4851449354928408 0.4860859202102787 0.4870269049277165 0.48796788964515597 0.48890887436259384 0.48984985908003165 0.4907908437974695 0.4917318285149074 0.49267281323234524 0.4936137979497831 0.4945547826672209 0.4954957673846588 0.49643675210209665 0.4973777368195345 0.4983187215369723 0.4992597062544102 0.5002006909718496 0.5011416756892875 0.5020826604067253 0.5030236451241632 0.5039646298416011 0.5049056145590389 0.5058465992764768 0.5067225995100756 0.5075291298614076 0.5083356602127397 0.5091421905640717 0.5099487209154038 0.5107552512667358 0.5115617816180692 0.5123683119694012 0.5131748423207333 0.5139813726720652 0.5147879030233973 0.5155944333747293 0.5164009637260614 0.5172074940773934 0.5180140244287254 0.5188205547800574
0.4812726933598368 0.4822233090708472 0.4831739247818576 0.484124540492868 0.4850751562038785 0.4860257719148889 0.4869763876258993 0.4879270033369097 0.4888776190479217 0.4898282347589321 0.4907788504699426 0.491729466180953 0.4926800818919634 0.4936306976029738 0.4945813133139842 0.4955319290249946 0.496482544736005 0.4974331604470154 0.49838377615802587 0.4993343918690363 0.5002850075800467 0.5012356232910588 0.5021862390020692 0.5031368547130796 0.50408747042409 0.5050380861351004 0.5059887018461108 0.5069393175571212 0.5078146290278132 0.5086094385632728 0.5094042480987324 0.510199057634192 0.5109938671696518 0.5117886767051114 0.5125834862405724 0.513378295776032 0.5141731053114916 0.5149679148469513 0.5157627243824109 0.5165575339178705 0.5173523434533301 0.5181471529887898 0.5189419625242494 0.519736772059709
0.4823227352677676 0.48328395480031366 0.4842451743328597 0.48520639386540576 0.4861676133979518 0.4871288329304978 0.4880900524630439 0.4890512719955899 0.4900124915281376 0.4909737110606836 0.4919349305932297 0.4928961501257757 0.4938573696583217 0.4948185891908678 0.4957798087234138 0.49674102825595984 0.4977022477885059 0.49866346732105193 0.49962468685359795 0.500585906386144 0.5015471259186901 0.5025083454512378 0.5034695649837838 0.5044307845163298 0.5053920040488759 0.5063532235814219 0.5073144431139679 0.508275662646514 0.5091401825506532 0.509901328366028 0.5106624741814028 0.5114236199967775 0.5121847658121524 0.5129459116275272 0.5137070574429033 0.5144682032582781 0.5152293490736529 0.5159904948890277 0.5167516407044026 0.5175127865197774 0.5182739323351522 0.519035078150527 0.5197962239659019 0.5205573697812766
0.4833727771756993 0.484344600529781 0.4853164238838627 0.4862882472379444 0.48726007059202603 0.4882318939461077 0.4892037173001894 0.4901755406542711 0.4911473640083544 0.4921191873624361 0.4930910107165178 0.4940628340705995 0.49503465742468117 0.4960064807787628 0.4969783041328445 0.4979501274869262 0.4989219508410079 0.49989377419508957 0.5008655975491713 0.5018374209032529 0.5028092442573346 0.5037810676114179 0.5047528909654996 0.5057247143195813 0.506696537673663 0.5076683610277446 0.5086401843818263 0.509612007735908 0.5104657360734943 0.5111932181687843 0.5119207002640742 0.5126481823593642 0.5133756644546541 0.5141031465499442 0.5148306286452353 0.5155581107405253 0.5162855928358152 0.5170130749311052 0.5177405570263951 0.5184680391216852 0.5191955212169751 0.519923003312265 0.520650485407555 0.5213779675028449
0.48442281908363016 0.48540524625924747 0.4863876734348648 0.4873701006104821 0.4883525277860994 0.4893349549617167 0.490317382137334 0.4912998093129513 0.4922822364885703 0.4932646636641876 0.4942470908398049 0.4952295180154222 0.4962119451910395 0.4971943723666568 0.4981767995422741 0.4991592267178914 0.5001416538935087 0.5011240810691261 0.5021065082447433 0.5030889354203607 0.504071362595978 0.505053789771597 0.5060362169472142 0.5070186441228316 0.5080010712984488 0.5089834984740662 0.5099659256496835 0.5109483528253008 0.5117912895963342 0.5124851079715395 0.5131789263467446 0.5138727447219497 0.5145665630971548 0.51526038147236 0.5159541998475663 0.5166480182227714 0.5173418365979765 0.5180356549731817 0.5187294733483868 0.5194232917235919 0.5201171100987971 0.5208109284740022 0.5215047468492073 0.5221985652244124
