Figures/CREST_Example_wjb_NSE/PETs/wjb.pet.20090206.asc
ncols            288
nrows            254
xllcorner        113.274861
yllcorner        31.4918055
cellsize         0.008333333333
NODATA_value     -9999
[rows 171 to 189 of 254, columns 220 to 263 of 288]
0.49106714631776505 0.49002924510330803 0.48903704727235014 0.4880937073926979 0.4871503675130457 0.4862070276333935 0.4852636877537413 0.48432034787408906 0.48337700799443684 0.48243366811478466 0.48149032823513244 0.4805469883554802 0.47960364847582804 0.4786603085961758 0.477716968716522 0.4767736288368698 0.4758302889572176 0.47488694907756535 0.4739436091979132 0.47300026931826095 0.4720569294386087 0.47111358955895655 0.4701702496793043 0.4692269097996521 0.4682835699199999 0.4673402300403477 0.46639689016069547 0.46545355028104163 0.46451021040138946 0.46356687052173723 0.46262353064208506 0.46168019076243283 0.46073750455227436 0.4597955171296017 0.4588535297069291 0.4579115422842565 0.45696955486158386 0.45602756743891126 0.45508558001623867 0.454143592593566 0.4532016051708918 0.45225961774821916 -9999.0 -9999.0
0.4879263111026119 0.4868947945614669 0.4859194990067633 0.4850043049589425 0.48408911091112167 0.4831739168633008 0.48225872281548 0.4813435287676592 0.48042833471983837 0.47951314067201756 0.4785979466241967 0.4776827525763759 0.47676755852855507 0.47585236448073426 0.4749371704329119 0.474021976385091 0.4731067823372702 0.4721915882894494 0.4712763942416286 0.4703612001938078 0.4694460061459869 0.4685308120981661 0.4676156180503453 0.4667004240025245 0.4657852299547037 0.4648700359068828 0.463954841859062 0.46303964781123963 0.4621244537634188 0.46120925971559795 0.46029406566777714 0.45937887161995633 0.45844159145071134 0.4574807007177031 0.45651980998469477 0.45555891925168646 0.4545980285186782 0.4536371377856699 0.45267624705266163 0.4517153563196533 0.4507544655866434 -9999.0 -9999.0 -9999.0
0.48478547588745874 0.48376034401962564 0.48280195074117643 0.481914902525187 0.48102785430919753 0.4801408060932081 0.4792537578772187 0.47836670966122924 0.4774796614452398 0.4765926132292504 0.47570556501326094 0.4748185167972715 0.47393146858128204 0.47304442036529265 0.4721573721493017 0.47127032393331225 0.4703832757173228 0.4694962275013334 0.46860917928534396 0.4677221310693545 0.46683508285336506 0.46594803463737566 0.4650609864213862 0.46417393820539676 0.46328688998940737 0.4623998417734179 0.46151279355742847 0.4606257453414375 0.45973869712544807 0.4588516489094587 0.4579646006934692 0.4570775524774798 0.45614567834914826 0.45516588430580435 0.4541860902624604 0.4532062962191164 0.4522265021757725 0.4512467081324285 0.45026691408908454 -9999.0 -9999.0 -9999.0 -9999.0 -9999.0
0.4816446406723055 0.48062589347778445 0.4796844024755895 0.4788255000914315 0.47796659770727346 0.47710769532311537 0.47624879293895733 0.4753898905547993 0.47453098817064127 0.4736720857864832 0.47281318340232514 0.4719542810181671 0.4710953786340091 0.470236476249851 0.4693775738656915 0.4685186714815335 0.4676597690973754 0.46680086671321736 0.4659419643290593 0.4650830619449013 0.4642241595607432 0.46336525717658517 0.46250635479242713 0.4616474524082691 0.46078855002411107 0.459929647639953 0.45907074525579494 0.4582118428716354 0.4573529404874774 0.45649403810331934 0.4556351357191613 0.4547762333350033 0.45384976524758525 0.4528510678939056 0.451852370540226 0.45085367318654634 0.4498549758328667 0.44885627847918713 -9999.0 -9999.0 -9999.0 -9999.0 -9999.0 -9999.0
0.4785038054571524 0.47749144293594326 0.47656685421000267 0.47573609765767605 0.4749053411053494 0.4740745845530227 0.47324382800069603 0.4724130714483694 0.47158231489604274 0.47075155834371607 0.4699208017913894 0.4690900452390628 0.4682592886867361 0.46742853213440944 0.4665977755820814 0.4657670190297547 0.46493626247742803 0.4641055059251014 0.46327474937277474 0.46244399282044807 0.46161323626812145 0.4607824797157948 0.4599517231634681 0.45912096661114143 0.4582902100588148 0.45745945350648815 0.4566286969541615 0.4557979404018334 0.45496718384950674 0.45413642729718007 0.45330567074485345 0.4524749141925268 0.4515538521460222 0.45053625148200693 0.44951865081799164 0.44850105015397634 0.44748344948996105 0.44646584882594575 -9999.0 -9999.0 -9999.0 -9999.0 -9999.0 -9999.0
0.4753629702419965 0.4743569923940994 0.47344930594441315 0.4726466952239179 0.47184408450342263 0.47104147378292743 0.4702388630624322 0.4694362523419369 0.46863364162144167 0.4678310309009464 0.46702842018045115 0.46622580945995595 0.4654231987394607 0.46462058801896544 0.46381797729846885 0.4630153665779736 0.46221275585747834 0.4614101451369831 0.46060753441648783 0.4598049236959926 0.4590023129754974 0.4581997022550021 0.45739709153450686 0.4565944808140116 0.45579187009351635 0.45498925937302115 0.4541866486525259 0.45338403793202925 0.452581427211534 0.4517788164910388 0.45097620577054354 0.4501735950500483 0.4492579390444572 0.44822143507010626 0.44718493109575524 0.4461484271214043 0.44511192314705333 -9999.0 -9999.0 -9999.0 -9999.0 -9999.0 -9999.0 -9999.0
0.4722221350268433 0.47122254185225815 0.4703317576788263 0.4695572927901624 0.46878282790149856 0.4680083630128347 0.4672338981241708 0.466459433235507 0.46568496834684314 0.46491050345817925 0.4641360385695154 0.46336157368085157 0.4625871087921877 0.46181264390352383 0.46103817901485866 0.4602637141261948 0.459489249237531 0.4587147843488671 0.45794031946020325 0.4571658545715394 0.4563913896828755 0.4556169247942117 0.45484245990554784 0.45406799501688394 0.4532935301282201 0.45251906523955626 0.45174460035089237 0.4509701354622272 0.45019567057356336 0.4494212056848995 0.4486467407962356 0.4478722759075718 0.4469620259428942 0.4459066186582076 0.4448512113735209 0.4437958040888343 -9999.0 -9999.0 -9999.0 -9999.0 -9999.0 -9999.0 -9999.0 -9999.0
0.4697876522055259 0.4687888269899737 0.46790683963674407 0.4671497546025794 0.4663926695684148 0.46563558453425014 0.46487849950008553 0.46412141446592087 0.46336432943175626 0.4626072443975916 0.461850159363427 0.46109307432926233 0.4603359892950977 0.45957890426093306 0.4588218192267672 0.4580647341926025 0.4573076491584379 0.45655056412427325 0.45579347909010864 0.455036394055944 0.4542793090217794 0.4535222239876147 0.4527651389534501 0.45200805391928545 0.45125096888512084 0.45049388385095623 0.44973679881679157 0.44897971378262563 0.448222628748461 0.44746554371429637 0.44670845868013176 0.4459513736459671 0.4450470310780016 0.4439852668729518 0.44292350266790204 -9999.0 -9999.0 -9999.0 -9999.0 -9999.0 -9999.0 -9999.0 -9999.0 -9999.0
0.4681082155698283 0.4671041543997823 0.46622229964514494 0.4654710863143215 0.46471987298349804 0.46396865965267453 0.4632174463218511 0.4624662329910276 0.4617150196602041 0.46096380632938067 0.4602125929985572 0.4594613796677337 0.45871016633691025 0.4579589530060868 0.457207739675262 0.45645652634443856 0.4557053130136151 0.4549540996827916 0.45420288635196815 0.45345167302114464 0.4527004596903212 0.45194924635949774 0.45119803302867423 0.4504468196978508 0.4496956063670273 0.4489443930362038 0.44819317970538036 0.44744196637455563 0.4466907530437321 0.4459395397129087 0.4451883263820852 0.4444371130512617 0.44353921379775496 0.44248450397238825 0.4414297941470215 -9999.0 -9999.0 -9999.0 -9999.0 -9999.0 -9999.0 -9999.0 -9999.0 -9999.0
0.4664287789341307 0.46541948180959086 0.4645377596535458 0.4637924180260635 0.4630470763985812 0.4623017347710989 0.46155639314361663 0.46081105151613433 0.46006570988865203 0.4593203682611697 0.4585750266336874 0.4578296850062051 0.4570843433787228 0.4563390017512405 0.4555936601237569 0.4548483184962746 0.45410297686879225 0.45335763524130995 0.45261229361382765 0.45186695198634536 0.45112161035886306 0.45037626873138076 0.4496309271038984 0.4488855854764161 0.4481402438489338 0.4473949022214515 0.4466495605939692 0.44590421896648563 0.44515887733900333 0.444413535711521 0.4436681940840387 0.4429228524565564 0.44203139651750845 0.44098374107182475 0.43993608562614106 -9999.0 -9999.0 -9999.0 -9999.0 -9999.0 -9999.0 -9999.0 -9999.0 -9999.0
0.4647493422984331 0.46373480921939947 0.46285321966194676 0.4621137497378056 0.46137427981366447 0.4606348098895233 0.4598953399653822 0.45915587004124103 0.4584164001170999 0.45767693019295874 0.4569374602688176 0.45619799034467645 0.4554585204205353 0.45471905049639416 0.4539795805722518 0.45324011064811065 0.4525006407239695 0.45176117079982836 0.4510217008756872 0.45028223095154607 0.4495427610274049 0.4488032911032638 0.44806382117912263 0.4473243512549815 0.44658488133084034 0.4458454114066992 0.44510594148255805 0.44436647155841563 0.4436270016342745 0.44288753171013334 0.4421480617859922 0.44140859186185105 0.4405235792372619 0.43948297817126125 -9999.0 -9999.0 -9999.0 -9999.0 -9999.0 -9999.0 -9999.0 -9999.0 -9999.0 -9999.0
0.4630699056627356 0.462050136629208 0.4611686796703477 0.46043508144954776 0.45970148322874776 0.4589678850079478 0.4582342867871478 0.4575006885663478 0.4567670903455478 0.4560334921247478 0.45529989390394787 0.4545662956831479 0.4538326974623479 0.4530990992415479 0.4523655010207467 0.4516319027999467 0.4508983045791467 0.4501647063583467 0.4494311081375467 0.44869750991674673 0.4479639116959468 0.4472303134751468 0.4464967152543468 0.4457631170335468 0.4450295188127468 0.44429592059194684 0.4435623223711469 0.44282872415034563 0.44209512592954564 0.44136152770874565 0.4406279294879457 0.4398943312671457 0.43901576195701536 -9999.0 -9999.0 -9999.0 -9999.0 -9999.0 -9999.0 -9999.0 -9999.0 -9999.0 -9999.0 -9999.0
0.4613904690270366 0.4603654640390152 0.4594841396787472 0.4587564131612884 0.45802868664382956 0.4573009601263708 0.45657323360891194 0.4558455070914531 0.4551177805739943 0.4543900540565355 0.45366232753907665 0.45293460102161787 0.45220687450415903 0.45147914798670025 0.4507514214692402 0.45002369495178135 0.4492959684343225 0.44856824191686373 0.4478405153994049 0.44711278888194605 0.4463850623644873 0.44565733584702844 0.4449296093295696 0.4442018828121108 0.443474156294652 0.4427464297771932 0.44201870325973436 0.4412909767422743 0.44056325022481546 0.4398355237073567 0.43910779718989784 0.438380070672439 0.43750794467676746 0.4364814523701329 -9999.0 -9999.0 -9999.0 -9999.0 -9999.0 -9999.0 -9999.0 -9999.0 -9999.0 -9999.0
0.45971103239133904 0.45868079144882373 0.45779959968714806 0.45707774487303043 0.4563558900589128 0.4556340352447951 0.4549121804306775 0.4541903256165598 0.4534684708024422 0.4527466159883245 0.45202476117420687 0.4513029063600892 0.45058105154597156 0.4498591967318539 0.449137341917735 0.4484154871036174 0.4476936322894997 0.4469717774753821 0.4462499226612644 0.44552806784714677 0.4448062130330291 0.44408435821891146 0.4433625034047938 0.44264064859067614 0.4419187937765585 0.44119693896244083 0.4404750841483232 0.4397532293342043 0.43903137452008667 0.438309519705969 0.43758766489185136 0.4368658100777337 0.43600012739652094 0.43498068946956947 -9999.0 -9999.0 -9999.0 -9999.0 -9999.0 -9999.0 -9999.0 -9999.0 -9999.0 -9999.0
0.45803159575564145 0.45699611885863234 0.456115059695549 0.4553990765847725 0.45468309347399605 0.4539671103632196 0.45325112725244304 0.45253514414166657 0.4518191610308901 0.45110317792011356 0.4503871948093371 0.4496712116985606 0.44895522858778414 0.4482392454770076 0.4475232623662299 0.44680727925545344 0.4460912961446769 0.44537531303390043 0.44465932992312396 0.4439433468123475 0.44322736370157095 0.4425113805907945 0.441795397480018 0.4410794143692415 0.440363431258465 0.4396474481476885 0.43893146503691205 0.4382154819261343 0.4374994988153578 0.43678351570458135 0.4360675325938048 0.43535154948302834 0.43449231011627437 0.43347992656900597 -9999.0 -9999.0 -9999.0 -9999.0 -9999.0 -9999.0 -9999.0 -9999.0 -9999.0 -9999.0
0.4563521591199439 0.45531144626844094 0.45443051970394993 0.4537204082965146 0.4530102968890793 0.45230018548164397 0.45159007407420865 0.4508799626667733 0.450169851259338 0.44945973985190263 0.4487496284444673 0.448039517037032 0.44732940562959667 0.44661929422216134 0.4459091828147248 0.4451990714072895 0.44448895999985416 0.44377884859241884 0.44306873718498346 0.44235862577754814 0.4416485143701128 0.4409384029626775 0.4402282915552422 0.43951818014780686 0.43880806874037154 0.4380979573329362 0.43738784592550084 0.43667773451806435 0.435967623110629 0.43525751170319366 0.43454740029575833 0.433837288888323 -9999.0 -9999.0 -9999.0 -9999.0 -9999.0 -9999.0 -9999.0 -9999.0 -9999.0 -9999.0 -9999.0 -9999.0
0.4546727224842464 0.45362677367824955 0.45274597971235087 0.4520417400082567 0.45133750030416253 0.45063326060006836 0.4499290208959742 0.44922478119188003 0.44852054148778586 0.44781630178369175 0.4471120620795976 0.4464078223755034 0.44570358267140925 0.4449993429673151 0.4442951032632197 0.4435908635591255 0.44288662385503136 0.4421823841509372 0.441478144446843 0.44077390474274886 0.4400696650386547 0.4393654253345605 0.43866118563046635 0.4379569459263722 0.437252706222278 0.43654846651818385 0.4358442268140897 0.43513998710999435 0.4344357474059002 0.433731507701806 0.43302726799771185 -9999.0 -9999.0 -9999.0 -9999.0 -9999.0 -9999.0 -9999.0 -9999.0 -9999.0 -9999.0 -9999.0 -9999.0 -9999.0
0.45299328584854875 0.45194210108805805 0.45106143972075174 0.4503630717199988 0.4496647037192458 0.44896633571849276 0.44826796771773975 0.44756959971698673 0.4468712317162338 0.44617286371548076 0.44547449571472775 0.44477612771397473 0.4440777597132217 0.44337939171246876 0.4426810237117145 0.44198265571096157 0.44128428771020856 0.44058591970945554 0.43988755170870253 0.43918918370794957 0.43849081570719656 0.43779244770644354 0.43709407970569053 0.4363957117049375 0.43569734370418456 0.43499897570343155 0.43430060770267853 0.43360223970192435 0.43290387170117134 0.4322055037004183 0.4315071356996653 -9999.0 -9999.0 -9999.0 -9999.0 -9999.0 -9999.0 -9999.0 -9999.0 -9999.0 -9999.0 -9999.0 -9999.0 -9999.0
0.4513138492128498 0.4502574284978652 0.44937689972915124 0.44868440343173943 0.44799190713432757 0.44729941083691577 0.4466069145395039 0.4459144182420921 0.44522192194468024 0.4445294256472684 0.4438369293498566 0.4431444330524447 0.4424519367550329 0.44175944045762106 0.44106694416020803 0.4403744478627962 0.43968195156538437 0.43898945526797256 0.4382969589705607 0.43760446267314884 0.43691196637573704 0.4362194700783252 0.4355269737809134 0.4348344774835015 0.4341419811860897 0.43344948488867785 0.432756988591266 0.432064492293853 0.43137199599644116 0.43067949969902936 0.4299870034016175 -9999.0 -9999.0 -9999.0 -9999.0 -9999.0 -9999.0 -9999.0 -9999.0 -9999.0 -9999.0 -9999.0 -9999.0 -9999.0
