Figures/CREST_Example_wjb_NSE/PETs/wjb.pet.20091217.asc
ncols            288
nrows            254
xllcorner        113.274861
yllcorner        31.4918055
cellsize         0.008333333333
NODATA_value     -9999
[rows 190 to 208 of 254, columns 132 to 175 of 288]
0.6121031173999375 0.6122068452752405 0.6123105731505435 0.6124143010258465 0.6125180289011495 0.6126217567764525 0.6127254846517554 0.6128292125270584 0.6129329404023613 0.6130366682776643 0.6131403961529673 0.6132441240282704 0.6133478519035734 0.6134515797788764 0.6135553076541794 0.6136590355294824 0.6137627634047853 0.6138664912800883 0.6139702191553913 0.6140739470306943 0.6141776749059973 0.6142814027813003 0.6143851306566032 0.6144888585319062 0.6145925864072094 0.6146963142825124 0.6148000421578153 0.6149037700331182 0.6150074979084212 0.6151112257837242 0.6152758970816086 0.6155057182768621 0.6157355394721156 0.6159653606673692 0.6161951818626227 0.6164250030578762 0.6166548242531297 0.6168846454483836 0.6171144666436371 0.6173442878388906 0.6175741090341442 0.6178039302293977 0.6180337514246512 0.6182635726199047
0.6134553774571342 0.6135570960673726 0.6136588146776111 0.6137605332878495 0.613862251898088 0.6139639705083264 0.6140656891185647 0.6141674077288032 0.6142691263390416 0.6143708449492801 0.6144725635595185 0.6145742821697571 0.6146760007799955 0.614777719390234 0.6148794380004724 0.6149811566107108 0.6150828752209493 0.6151845938311876 0.6152863124414261 0.6153880310516645 0.615489749661903 0.6155914682721414 0.6156931868823798 0.6157949054926183 0.6158966241028568 0.6159983427130953 0.6161000613233337 0.6162017799335722 0.6163034985438106 0.616405217154049 0.6165720622717297 0.6168085290991234 0.6170449959265173 0.617281462753911 0.6175179295813048 0.6177543964086986 0.6179908632360923 0.6182273300634865 0.6184637968908803 0.618700263718274 0.6189367305456679 0.6191731973730616 0.6194096642004554 0.6196461310278492
0.6148076375143309 0.6149073468595048 0.6150070562046787 0.6151067655498526 0.6152064748950263 0.6153061842402002 0.6154058935853741 0.615505602930548 0.6156053122757219 0.6157050216208958 0.6158047309660697 0.6159044403112437 0.6160041496564176 0.6161038590015915 0.6162035683467653 0.6163032776919392 0.616402987037113 0.6165026963822869 0.6166024057274608 0.6167021150726347 0.6168018244178086 0.6169015337629824 0.6170012431081563 0.6171009524533302 0.6172006617985043 0.6173003711436781 0.617400080488852 0.6174997898340259 0.6175994991791998 0.6176992085243737 0.6178682274618508 0.6181113399213848 0.6183544523809188 0.6185975648404528 0.6188406772999868 0.6190837897595209 0.619326902219055 0.6195700146785894 0.6198131271381234 0.6200562395976574 0.6202993520571914 0.6205424645167255 0.6207855769762595 0.6210286894357936
0.6161598975715274 0.6162575976516368 0.6163552977317461 0.6164529978118554 0.6165506978919647 0.616648397972074 0.6167460980521834 0.6168437981322927 0.6169414982124021 0.6170391982925114 0.6171368983726208 0.6172345984527302 0.6173322985328396 0.6174299986129489 0.6175276986930582 0.6176253987731676 0.6177230988532769 0.6178207989333863 0.6179184990134956 0.618016199093605 0.6181138991737143 0.6182115992538236 0.6183092993339329 0.6184069994140422 0.6185046994941518 0.6186023995742611 0.6187000996543705 0.6187977997344798 0.618895499814589 0.6189931998946984 0.6191643926519719 0.6194141507436461 0.6196639088353204 0.6199136669269947 0.6201634250186691 0.6204131831103433 0.6206629412020176 0.6209126992936923 0.6211624573853666 0.6214122154770408 0.6216619735687151 0.6219117316603894 0.6221614897520636 0.6224112478437379
0.6175121576287247 0.6176078484437694 0.6177035392588142 0.617799230073859 0.6178949208889037 0.6179906117039485 0.6180863025189933 0.6181819933340381 0.6182776841490829 0.6183733749641277 0.6184690657791725 0.6185647565942174 0.6186604474092622 0.618756138224307 0.6188518290393518 0.6189475198543966 0.6190432106694413 0.619138901484486 0.6192345922995308 0.6193302831145756 0.6194259739296204 0.6195216647446652 0.61961735555971 0.6197130463747548 0.6198087371897997 0.6199044280048445 0.6200001188198893 0.620095809634934 0.6201915004499788 0.6202871912650236 0.6204605578420935 0.620716961565908 0.6209733652897226 0.6212297690135371 0.6214861727373516 0.6217425764611662 0.6219989801849807 0.6222553839087956 0.6225117876326103 0.6227681913564248 0.6230245950802393 0.6232809988040539 0.6235374025278684 0.6237938062516829
0.6188644176859213 0.6189580992359015 0.6190517807858817 0.619145462335862 0.6192391438858422 0.6193328254358225 0.6194265069858027 0.619520188535783 0.6196138700857632 0.6197075516357434 0.6198012331857237 0.619894914735704 0.6199885962856843 0.6200822778356645 0.6201759593856447 0.620269640935625 0.6203633224856052 0.6204570040355855 0.6205506855855657 0.6206443671355459 0.6207380486855261 0.6208317302355063 0.6209254117854865 0.6210190933354668 0.6211127748854472 0.6212064564354275 0.6213001379854077 0.6213938195353879 0.6214875010853681 0.6215811826353483 0.6217567230322146 0.6220197723881694 0.6222828217441242 0.622545871100079 0.6228089204560338 0.6230719698119885 0.6233350191679433 0.6235980685238987 0.6238611178798534 0.6241241672358082 0.624387216591763 0.6246502659477178 0.6249133153036726 0.6251763646596273
0.620216677743118 0.6203083500280336 0.6204000223129493 0.620491694597865 0.6205833668827807 0.6206750391676964 0.6207667114526121 0.6208583837375278 0.6209500560224434 0.621041728307359 0.6211334005922747 0.6212250728771906 0.6213167451621063 0.621408417447022 0.6215000897319376 0.6215917620168533 0.621683434301769 0.6217751065866847 0.6218667788716004 0.621958451156516 0.6220501234414317 0.6221417957263474 0.6222334680112631 0.6223251402961788 0.6224168125810946 0.6225084848660103 0.622600157150926 0.6226918294358417 0.6227835017207574 0.622875174005673 0.6230528882223357 0.6233225832104308 0.6235922781985258 0.6238619731866208 0.6241316681747159 0.6244013631628109 0.624671058150906 0.6249407531390014 0.6252104481270965 0.6254801431151915 0.6257498381032865 0.6260195330913816 0.6262892280794766 0.6265589230675717
0.6215689378003152 0.6216586008201663 0.6217482638400175 0.6218379268598686 0.6219275898797197 0.6220172528995709 0.622106915919422 0.6221965789392732 0.6222862419591242 0.6223759049789753 0.6224655679988265 0.6225552310186778 0.622644894038529 0.6227345570583801 0.6228242200782312 0.6229138830980824 0.6230035461179335 0.6230932091377845 0.6231828721576357 0.6232725351774868 0.623362198197338 0.6234518612171891 0.6235415242370402 0.6236311872568914 0.6237208502767427 0.6238105132965938 0.6239001763164449 0.623989839336296 0.6240795023561472 0.6241691653759983 0.6243490534124574 0.6246253940326927 0.624901734652928 0.6251780752731633 0.6254544158933986 0.6257307565136339 0.6260070971338692 0.6262834377541049 0.6265597783743402 0.6268361189945755 0.6271124596148108 0.6273888002350461 0.6276651408552814 0.6279414814755166
0.6229211978575119 0.6230088516122985 0.6230965053670849 0.6231841591218715 0.6232718128766581 0.6233594666314447 0.6234471203862313 0.6235347741410179 0.6236224278958045 0.623710081650591 0.6237977354053776 0.6238853891601643 0.6239730429149509 0.6240606966697375 0.6241483504245241 0.6242360041793107 0.6243236579340973 0.6244113116888839 0.6244989654436705 0.624586619198457 0.6246742729532436 0.6247619267080302 0.6248495804628168 0.6249372342176034 0.6250248879723901 0.6251125417271767 0.6252001954819633 0.6252878492367498 0.6253755029915364 0.625463156746323 0.6256452186025785 0.625928204854954 0.6262111911073296 0.6264941773597051 0.6267771636120807 0.6270601498644562 0.6273431361168318 0.6276261223692078 0.6279091086215833 0.6281920948739589 0.6284750811263344 0.62875806737871 0.6290410536310855 0.6293240398834611
0.6242734579147085 0.6243591024044305 0.6244447468941525 0.6245303913838746 0.6246160358735966 0.6247016803633186 0.6247873248530407 0.6248729693427627 0.6249586138324847 0.6250442583222068 0.6251299028119288 0.625215547301651 0.625301191791373 0.625386836281095 0.6254724807708171 0.6255581252605391 0.6256437697502611 0.6257294142399832 0.6258150587297052 0.6259007032194273 0.6259863477091493 0.6260719921988713 0.6261576366885934 0.6262432811783154 0.6263289256680376 0.6264145701577596 0.6265002146474816 0.6265858591372037 0.6266715036269257 0.6267571481166477 0.6269413837926996 0.6272310156772154 0.6275206475617312 0.627810279446247 0.6280999113307628 0.6283895432152786 0.6286791750997944 0.6289688069843107 0.6292584388688265 0.6295480707533423 0.6298377026378581 0.6301273345223739 0.6304169664068897 0.6307065982914055
0.6256257179719057 0.6257093531965632 0.6257929884212207 0.6258766236458781 0.6259602588705356 0.6260438940951931 0.6261275293198506 0.6262111645445081 0.6262947997691656 0.6263784349938231 0.6264620702184805 0.6265457054431381 0.6266293406677956 0.6267129758924531 0.6267966111171106 0.6268802463417681 0.6269638815664256 0.6270475167910831 0.6271311520157405 0.627214787240398 0.6272984224650555 0.627382057689713 0.6274656929143705 0.627549328139028 0.6276329633636856 0.627716598588343 0.6278002338130005 0.627883869037658 0.6279675042623155 0.628051139486973 0.6282375489828211 0.6285338264994772 0.6288301040161333 0.6291263815327893 0.6294226590494454 0.6297189365661015 0.6300152140827575 0.6303114915994141 0.6306077691160701 0.6309040466327261 0.6312003241493822 0.6314966016660383 0.6317928791826943 0.6320891566993504
0.6269779780291024 0.6270596039886953 0.6271412299482882 0.6272228559078812 0.6273044818674741 0.627386107827067 0.62746773378666 0.6275493597462529 0.6276309857058459 0.6277126116654388 0.6277942376250317 0.6278758635846248 0.6279574895442177 0.6280391155038106 0.6281207414634036 0.6282023674229965 0.6282839933825894 0.6283656193421824 0.6284472453017753 0.6285288712613682 0.6286104972209612 0.6286921231805541 0.628773749140147 0.62885537509974 0.628937001059333 0.629018627018926 0.6291002529785189 0.6291818789381118 0.6292635048977048 0.6293451308572977 0.6295337141729423 0.6298366373217387 0.630139560470535 0.6304424836193313 0.6307454067681275 0.6310483299169238 0.6313512530657202 0.631654176214517 0.6319570993633133 0.6322600225121097 0.632562945660906 0.6328658688097022 0.6331687919584985 0.6334717151072948
0.6283302380862991 0.6284098547808274 0.6284894714753558 0.6285690881698842 0.6286487048644126 0.628728321558941 0.6288079382534694 0.6288875549479978 0.6289671716425261 0.6290467883370545 0.6291264050315829 0.6292060217261114 0.6292856384206398 0.6293652551151682 0.6294448718096965 0.6295244885042249 0.6296041051987533 0.6296837218932817 0.6297633385878101 0.6298429552823385 0.6299225719768669 0.6300021886713952 0.6300818053659236 0.630161422060452 0.6302410387549805 0.6303206554495089 0.6304002721440373 0.6304798888385656 0.630559505533094 0.6306391222276224 0.6308298793630633 0.6311394481439999 0.6314490169249365 0.6317585857058731 0.6320681544868096 0.6323777232677462 0.6326872920486827 0.6329968608296198 0.6333064296105564 0.633615998391493 0.6339255671724295 0.6342351359533661 0.6345447047343026 0.6348542735152392
0.6296824981434955 0.6297601055729595 0.6298377130024233 0.6299153204318871 0.629992927861351 0.6300705352908148 0.6301481427202786 0.6302257501497425 0.6303033575792063 0.6303809650086701 0.630458572438134 0.6305361798675979 0.6306137872970617 0.6306913947265256 0.6307690021559894 0.6308466095854532 0.6309242170149171 0.6310018244443809 0.6310794318738449 0.6311570393033087 0.6312346467327725 0.6313122541622364 0.6313898615917002 0.631467469021164 0.631545076450628 0.6316226838800918 0.6317002913095556 0.6317778987390195 0.6318555061684833 0.6319331135979471 0.6321260445531846 0.6324422589662614 0.6327584733793381 0.6330746877924149 0.6333909022054918 0.6337071166185686 0.6340233310316454 0.6343395454447227 0.6346557598577995 0.6349719742708764 0.6352881886839532 0.63560440309703 0.6359206175101069 0.6362368319231836
0.6310347582006928 0.631110356365092 0.6311859545294913 0.6312615526938906 0.6313371508582899 0.6314127490226892 0.6314883471870885 0.6315639453514879 0.6316395435158871 0.6317151416802864 0.6317907398446857 0.6318663380090851 0.6319419361734844 0.6320175343378837 0.6320931325022829 0.6321687306666822 0.6322443288310815 0.6323199269954808 0.6323955251598801 0.6324711233242793 0.6325467214886786 0.6326223196530779 0.6326979178174772 0.6327735159818765 0.632849114146276 0.6329247123106753 0.6330003104750745 0.6330759086394738 0.6331515068038731 0.6332271049682724 0.6334222097433061 0.6337450697885232 0.6340679298337403 0.6343907898789574 0.6347136499241745 0.6350365099693914 0.6353593700146085 0.6356822300598262 0.6360050901050432 0.6363279501502603 0.6366508101954773 0.6369736702406944 0.6372965302859115 0.6376193903311286
0.6323870182578895 0.6324606071572242 0.6325341960565589 0.6326077849558936 0.6326813738552284 0.6327549627545631 0.6328285516538978 0.6329021405532326 0.6329757294525673 0.633049318351902 0.6331229072512368 0.6331964961505716 0.6332700850499065 0.6333436739492412 0.6334172628485759 0.6334908517479106 0.6335644406472454 0.6336380295465801 0.6337116184459148 0.6337852073452496 0.6338587962445843 0.633932385143919 0.6340059740432538 0.6340795629425885 0.6341531518419233 0.6342267407412581 0.6343003296405928 0.6343739185399275 0.6344475074392623 0.634521096338597 0.6347183749334272 0.6350478806107845 0.6353773862881418 0.6357068919654991 0.6360363976428565 0.6363659033202138 0.6366954089975712 0.637024914674929 0.6373544203522863 0.6376839260296436 0.638013431707001 0.6383429373843583 0.6386724430617157 0.6390019487390729
0.6337392783150861 0.6338108579493563 0.6338824375836265 0.6339540172178967 0.6340255968521669 0.634097176486437 0.6341687561207072 0.6342403357549774 0.6343119153892476 0.6343834950235178 0.6344550746577879 0.6345266542920583 0.6345982339263285 0.6346698135605987 0.6347413931948689 0.6348129728291391 0.6348845524634092 0.6349561320976794 0.6350277117319496 0.6350992913662198 0.63517087100049 0.6352424506347601 0.6353140302690303 0.6353856099033005 0.6354571895375708 0.635528769171841 0.6356003488061113 0.6356719284403815 0.6357435080746516 0.6358150877089218 0.6360145401235483 0.6363506914330459 0.6366868427425435 0.637022994052041 0.6373591453615386 0.6376952966710362 0.6380314479805338 0.638367599290032 0.6387037505995294 0.639039901909027 0.6393760532185246 0.6397122045280222 0.6400483558375197 0.6403845071470173
0.6350915383722834 0.635161108741489 0.6352306791106946 0.6353002494799003 0.6353698198491059 0.6354393902183115 0.6355089605875172 0.6355785309567228 0.6356481013259284 0.635717671695134 0.6357872420643397 0.6358568124335454 0.635926382802751 0.6359959531719567 0.6360655235411623 0.6361350939103679 0.6362046642795736 0.6362742346487792 0.6363438050179849 0.6364133753871906 0.6364829457563962 0.6365525161256018 0.6366220864948074 0.6366916568640131 0.6367612272332188 0.6368307976024244 0.6369003679716301 0.6369699383408357 0.6370395087100413 0.637109079079247 0.63731070531367 0.6376535022553077 0.6379962991969456 0.6383390961385834 0.6386818930802213 0.6390246900218591 0.6393674869634969 0.6397102839051353 0.6400530808467731 0.640395877788411 0.6407386747300489 0.6410814716716867 0.6414242686133245 0.6417670655549623
0.6364629224181473 0.6365308709668233 0.6365988195154993 0.6366667680641753 0.6367347166128514 0.6368026651615274 0.6368706137102035 0.6369385622588795 0.6370065108075555 0.6370744593562315 0.6371424079049076 0.6372103564535837 0.6372783050022597 0.6373462535509358 0.6374142020996117 0.6374821506482878 0.6375500991969638 0.6376180477456399 0.6376859962943159 0.637753944842992 0.637821893391668 0.637889841940344 0.63795779048902 0.6380257390376961 0.6380936875863722 0.6381616361350483 0.6382295846837243 0.6382975332324003 0.6383654817810763 0.6384334303297524 0.6386345516469698 0.6389780376663214 0.6393215236856732 0.6396650097050249 0.6400084957243767 0.6403519817437284 0.6406954677630802 0.6410389537824325 0.6413824398017842 0.641725925821136 0.6420694118404877 0.6424128978598393 0.6427563838791911 0.6430998698985428
