Figures/CREST_Example_wjb_NSE/PETs/wjb.pet.20090403.asc
ncols            288
nrows            254
xllcorner        113.274861
yllcorner        31.4918055
cellsize         0.008333333333
NODATA_value     -9999
[rows 100 to 119 of 254, columns 44 to 87 of 288]
1.83474655661156 1.8341561553858527 1.8335657541601456 1.8329753529344384 1.8323849517087312 1.831794550483024 1.8312041492573168 1.8306137480316096 1.8300233468059013 1.829432945580194 1.828842544354487 1.8282521431287797 1.8276617419030725 1.8270713406773655 1.8264809394516583 1.8258905382259512 1.825300137000244 1.8247097357745368 1.8241193345488296 1.8235289333231224 1.8229385320974152 1.8223481308717069 1.8217577296459997 1.8211673284202925 1.8205769271945853 1.819986525968878 1.819396124743171 1.8188057235174637 1.8183973487234986 1.818183564299966 1.8179697798764332 1.8177559954529006 1.8175422110293677 1.8173284266058352 1.817114642182302 1.8169008577587693 1.8166870733352365 1.816473288911704 1.816259504488171 1.8160457200646383 1.8158319356411057 1.8156181512175729 1.8154043667940403 1.8151905823705075
1.836637257769542 1.8360009227216716 1.8353645876738012 1.834728252625931 1.8340919175780606 1.8334555825301904 1.83281924748232 1.8321829124344495 1.8315465773865782 1.8309102423387078 1.8302739072908376 1.8296375722429672 1.8290012371950968 1.8283649021472266 1.8277285670993562 1.8270922320514857 1.8264558970036155 1.8258195619557451 1.825183226907875 1.8245468918600045 1.823910556812134 1.8232742217642628 1.8226378867163924 1.8220015516685222 1.8213652166206518 1.8207288815727813 1.8200925465249111 1.8194562114770407 1.818977527836387 1.818667377113925 1.818357226391463 1.8180470756690008 1.8177369249465385 1.8174267742240764 1.8171166235016138 1.8168064727791517 1.8164963220566896 1.8161861713342276 1.8158760206117652 1.8155658698893031 1.815255719166841 1.814945568444379 1.8146354177219168 1.8143252669994547
1.8385279589275239 1.8378456900574904 1.837163421187457 1.8364811523174236 1.83579888344739 1.8351166145773565 1.834434345707323 1.8337520768372897 1.833069807967255 1.8323875390972215 1.831705270227188 1.8310230013571545 1.830340732487121 1.8296584636170876 1.828976194747054 1.8282939258770206 1.8276116570069871 1.8269293881369537 1.82624711926692 1.8255648503968867 1.8248825815268532 1.8242003126568185 1.823518043786785 1.8228357749167516 1.8221535060467182 1.8214712371766846 1.8207889683066512 1.8201066994366177 1.8195577069492754 1.819151189927884 1.8187446729064924 1.8183381558851008 1.8179316388637095 1.8175251218423178 1.8171186048209256 1.816712087799534 1.8163055707781426 1.815899053756751 1.8154925367353594 1.815086019713968 1.8146795026925764 1.8142729856711848 1.8138664686497934 1.8134599516284018
1.840418660085506 1.8396904573933093 1.8389622547011126 1.838234052008916 1.8375058493167193 1.836777646624523 1.8360494439323263 1.8353212412401296 1.8345930385479317 1.833864835855735 1.8331366331635386 1.832408430471342 1.8316802277791453 1.8309520250869487 1.830223822394752 1.8294956197025554 1.8287674170103587 1.828039214318162 1.8273110116259654 1.826582808933769 1.8258546062415724 1.8251264035493744 1.8243982008571777 1.823669998164981 1.8229417954727847 1.822213592780588 1.8214853900883914 1.8207571873961947 1.820137886062164 1.819635002741843 1.819132119421522 1.818629236101201 1.8181263527808802 1.8176234694605593 1.8171205861402375 1.8166177028199164 1.8161148194995955 1.8156119361792746 1.8151090528589535 1.8146061695386326 1.8141032862183117 1.8136004028979908 1.8130975195776697 1.8125946362573488
1.8423093612434882 1.8415352247291283 1.8407610882147687 1.8399869517004088 1.839212815186049 1.8384386786716893 1.8376645421573294 1.8368904056429698 1.8361162691286086 1.835342132614249 1.834567996099889 1.8337938595855294 1.8330197230711696 1.8322455865568097 1.83147145004245 1.8306973135280902 1.8299231770137305 1.8291490404993707 1.828374903985011 1.8276007674706511 1.8268266309562915 1.8260524944419303 1.8252783579275706 1.8245042214132108 1.823730084898851 1.8229559483844913 1.8221818118701314 1.8214076753557717 1.8207180651750525 1.8201188155558021 1.8195195659365517 1.8189203163173013 1.818321066698051 1.8177218170788005 1.8171225674595493 1.8165233178402989 1.8159240682210485 1.8153248186017983 1.8147255689825479 1.8141263193632975 1.813527069744047 1.8129278201247967 1.8123285705055463 1.8117293208862961
1.8442000624014718 1.8433799920649487 1.8425599217284259 1.841739851391903 1.84091978105538 1.840099710718857 1.8392796403823342 1.838459570045811 1.8376394997092866 1.8368194293727638 1.835999359036241 1.8351792886997178 1.834359218363195 1.833539148026672 1.832719077690149 1.831899007353626 1.831078937017103 1.8302588666805801 1.8294387963440573 1.8286187260075342 1.8277986556710113 1.8269785853344869 1.826158514997964 1.825338444661441 1.824518374324918 1.8236983039883952 1.822878233651872 1.8220581633153492 1.8212982442879413 1.8206026283697614 1.8199070124515815 1.8192113965334018 1.818515780615222 1.817820164697042 1.817124548778861 1.816428932860681 1.8157333169425012 1.8150377010243215 1.8143420851061416 1.8136464691879617 1.8129508532697818 1.812255237351602 1.8115596214334222 1.8108640055152423
1.846090763559454 1.8452247594007676 1.8443587552420815 1.8434927510833954 1.8426267469247093 1.8417607427660232 1.840894738607337 1.840028734448651 1.8391627302899636 1.8382967261312775 1.8374307219725914 1.8365647178139053 1.8356987136552192 1.834832709496533 1.833966705337847 1.833100701179161 1.8322346970204748 1.8313686928617887 1.8305026887031026 1.8296366845444165 1.8287706803857304 1.8279046762270428 1.8270386720683567 1.8261726679096706 1.8253066637509845 1.8244406595922984 1.8235746554336123 1.8227086512749262 1.8218784234008298 1.8210864411837204 1.8202944589666112 1.819502476749502 1.8187104945323926 1.8179185123152835 1.817126530098173 1.8163345478810635 1.8155425656639543 1.8147505834468451 1.8139586012297357 1.8131666190126265 1.8123746367955174 1.811582654578408 1.8107906723612988 1.8099986901441896
1.8479814647174357 1.8470695267365866 1.8461575887557373 1.845245650774888 1.844333712794039 1.8434217748131896 1.8425098368323403 1.8415978988514912 1.8406859608706403 1.839774022889791 1.8388620849089419 1.8379501469280926 1.8370382089472432 1.8361262709663941 1.8352143329855448 1.8343023950046957 1.8333904570238464 1.832478519042997 1.831566581062148 1.8306546430812987 1.8297427051004493 1.8288307671195987 1.8279188291387494 1.8270068911579 1.826094953177051 1.8251830151962016 1.8242710772153523 1.8233591392345032 1.8224586025137182 1.8215702539976795 1.8206819054816408 1.819793556965602 1.8189052084495636 1.818016859933525 1.8171285114174847 1.816240162901446 1.8153518143854073 1.8144634658693686 1.8135751173533299 1.8126867688372912 1.8117984203212525 1.810910071805214 1.8100217232891753 1.8091333747731366
1.8498721658754178 1.8489142940724055 1.847956422269393 1.8469985504663806 1.8460406786633683 1.8450828068603558 1.8441249350573434 1.843167063254331 1.842209191451317 1.8412513196483047 1.8402934478452924 1.8393355760422798 1.8383777042392675 1.8374198324362552 1.8364619606332429 1.8355040888302303 1.834546217027218 1.8335883452242057 1.8326304734211933 1.8316726016181808 1.8307147298151685 1.8297568580121544 1.828798986209142 1.8278411144061297 1.8268832426031172 1.8259253708001049 1.8249674989970925 1.8240096271940802 1.8230387816266067 1.8220540668116385 1.8210693519966705 1.8200846371817023 1.8190999223667343 1.8181152075517661 1.8171304927367964 1.8161457779218284 1.8151610631068602 1.8141763482918922 1.813191633476924 1.812206918661956 1.8112222038469878 1.8102374890320199 1.8092527742170517 1.8082680594020837
1.8517628670333999 1.8507590614082245 1.849755255783049 1.8487514501578735 1.847747644532698 1.8467438389075224 1.8457400332823468 1.8447362276571713 1.843732422031994 1.8427286164068184 1.8417248107816429 1.8407210051564673 1.8397171995312918 1.8387133939061164 1.8377095882809409 1.8367057826557653 1.8357019770305898 1.8346981714054142 1.8336943657802387 1.8326905601550632 1.8316867545298876 1.8306829489047103 1.8296791432795347 1.8286753376543592 1.8276715320291836 1.826667726404008 1.8256639207788328 1.8246601151536572 1.823618960739495 1.8225378796255975 1.8214567985117 1.8203757173978026 1.819294636283905 1.8182135551700076 1.8171324740561083 1.8160513929422109 1.8149703118283134 1.8138892307144159 1.8128081496005184 1.811727068486621 1.8106459873727234 1.8095649062588257 1.8084838251449282 1.8074027440310307
1.853653568191382 1.8526038287440434 1.8515540892967046 1.8505043498493658 1.8494546104020273 1.8484048709546885 1.84735513150735 1.8463053920600112 1.8452556526126709 1.8442059131653321 1.8431561737179933 1.8421064342706548 1.841056694823316 1.8400069553759775 1.8389572159286387 1.8379074764813002 1.8368577370339614 1.8358079975866226 1.834758258139284 1.8337085186919453 1.8326587792446067 1.8316090397972662 1.8305593003499274 1.8295095609025889 1.82845982145525 1.8274100820079116 1.8263603425605728 1.8253106031132342 1.8241991398523836 1.8230216924395566 1.8218442450267298 1.8206667976139028 1.8194893502010758 1.818311902788249 1.81713445537542 1.815957007962593 1.8147795605497663 1.8136021131369393 1.8124246657241125 1.8112472183112855 1.8100697708984586 1.8088923234856318 1.8077148760728048 1.8065374286599778
1.8555442693493656 1.8544485960798638 1.853352922810362 1.85225724954086 1.8511615762713582 1.8500659030018562 1.8489702297323545 1.8478745564628527 1.846778883193349 1.845683209923847 1.8445875366543452 1.8434918633848434 1.8423961901153414 1.8413005168458396 1.8402048435763376 1.8391091703068358 1.8380134970373339 1.836917823767832 1.8358221504983303 1.8347264772288283 1.8336308039593265 1.8325351306898228 1.831439457420321 1.830343784150819 1.8292481108813172 1.8281524376118152 1.8270567643423135 1.8259610910728117 1.8247793189652723 1.823505505253516 1.8222316915417596 1.8209578778300033 1.8196840641182468 1.8184102504064905 1.8171364366947318 1.8158626229829755 1.814588809271219 1.8133149955594627 1.8120411818477062 1.81076736813595 1.8094935544241935 1.808219740712437 1.8069459270006807 1.8056721132889242
1.8574349705073476 1.8562933634156826 1.8551517563240176 1.8540101492323526 1.8528685421406876 1.8517269350490226 1.8505853279573576 1.8494437208656926 1.8483021137740256 1.8471605066823606 1.8460188995906956 1.8448772924990307 1.8437356854073657 1.8425940783157007 1.8414524712240357 1.8403108641323707 1.8391692570407057 1.8380276499490407 1.8368860428573757 1.8357444357657107 1.8346028286740457 1.8334612215823787 1.8323196144907137 1.8311780073990487 1.8300364003073837 1.8288947932157187 1.8277531861240537 1.8266115790323887 1.825359498078161 1.823989318067475 1.8226191380567893 1.8212489580461035 1.8198787780354175 1.8185085980247317 1.8171384180140437 1.8157682380033577 1.814398057992672 1.8130278779819862 1.8116576979713004 1.8102875179606146 1.8089173379499288 1.807547157939243 1.8061769779285572 1.8048067979178712
1.8593256716653297 1.8581381307515015 1.8569505898376732 1.8557630489238452 1.854575508010017 1.8533879670961888 1.8522004261823608 1.8510128852685326 1.8498253443547024 1.8486378034408744 1.8474502625270461 1.846262721613218 1.84507518069939 1.8438876397855617 1.8427000988717335 1.8415125579579055 1.8403250170440772 1.839137476130249 1.837949935216421 1.8367623943025928 1.8355748533887646 1.8343873124749344 1.8331997715611064 1.8320122306472781 1.83082468973345 1.829637148819622 1.8284496079057937 1.8272620669919655 1.8259396771910492 1.8244731308814341 1.8230065845718189 1.8215400382622036 1.8200734919525885 1.8186069456429732 1.8171403993333555 1.8156738530237402 1.8142073067141251 1.8127407604045098 1.8112742140948945 1.8098076677852795 1.8083411214756642 1.8068745751660489 1.8054080288564338 1.8039414825468185
1.8612163728233118 1.8599828980873205 1.8587494233513293 1.8575159486153379 1.8562824738793466 1.8550489991433554 1.853815524407364 1.8525820496713727 1.8513485749353793 1.850115100199388 1.8488816254633968 1.8476481507274054 1.8464146759914142 1.845181201255423 1.8439477265194315 1.8427142517834403 1.841480777047449 1.8402473023114576 1.8390138275754664 1.8377803528394752 1.8365468781034837 1.8353134033674903 1.834079928631499 1.8328464538955078 1.8316129791595164 1.8303795044235251 1.829146029687534 1.8279125549515425 1.8265198563039378 1.8249569436953932 1.8233940310868486 1.8218311184783038 1.8202682058697592 1.8187052932612147 1.8171423806526672 1.8155794680441226 1.814016555435578 1.8124536428270335 1.8108907302184887 1.809327817609944 1.8077649050013995 1.806201992392855 1.8046390797843102 1.8030761671757656
1.8631070739812938 1.8618276654231394 1.860548256864985 1.8592688483068305 1.857989439748676 1.8567100311905216 1.8554306226323671 1.8541512140742127 1.852871805516056 1.8515923969579016 1.8503129883997471 1.8490335798415927 1.8477541712834382 1.8464747627252838 1.8451953541671293 1.8439159456089749 1.8426365370508204 1.841357128492666 1.8400777199345115 1.838798311376357 1.8375189028182026 1.836239494260046 1.8349600857018915 1.833680677143737 1.8324012685855826 1.8311218600274282 1.8298424514692737 1.8285630429111193 1.827100035416826 1.825440756509352 1.823781477601878 1.8221221986944038 1.8204629197869298 1.818803640879456 1.817144361971979 1.8154850830645048 1.8138258041570308 1.812166525249557 1.8105072463420828 1.8088479674346087 1.8071886885271347 1.8055294096196606 1.8038701307121867 1.8022108518047126
1.864997775139276 1.8636724327589582 1.8623470903786405 1.861021747998323 1.8596964056180054 1.858371063237688 1.8570457208573703 1.8557203784770526 1.8543950360967327 1.8530696937164153 1.8517443513360976 1.8504190089557802 1.8490936665754625 1.8477683241951448 1.8464429818148274 1.8451176394345097 1.843792297054192 1.8424669546738746 1.8411416122935569 1.8398162699132394 1.8384909275329218 1.8371655851526019 1.8358402427722842 1.8345149003919667 1.833189558011649 1.8318642156313316 1.830538873251014 1.8292135308706963 1.8276802145297144 1.825924569323311 1.8241689241169077 1.822413278910504 1.8206576337041007 1.8189019884976971 1.8171463432912909 1.8153906980848873 1.813635052878484 1.8118794076720806 1.810123762465677 1.8083681172592736 1.80661247205287 1.8048568268464666 1.8031011816400633 1.8013455364336597
1.8668884762972577 1.865517200094777 1.8641459238922964 1.8627746476898157 1.8614033714873348 1.8600320952848541 1.8586608190823735 1.8572895428798928 1.8559182666774097 1.8545469904749288 1.853175714272448 1.8518044380699674 1.8504331618674867 1.8490618856650058 1.8476906094625252 1.8463193332600445 1.8449480570575638 1.843576780855083 1.8422055046526022 1.8408342284501216 1.839462952247641 1.8380916760451578 1.836720399842677 1.8353491236401962 1.8339778474377155 1.8326065712352348 1.8312352950327542 1.8298640188302733 1.828260393642603 1.82640838213727 1.8245563706319372 1.8227043591266043 1.8208523476212715 1.8190003361159386 1.8171483246106026 1.8152963131052697 1.8134443015999369 1.811592290094604 1.8097402785892711 1.8078882670839382 1.8060362555786054 1.8041842440732725 1.8023322325679396 1.8004802210626067
1.8641535013288264 1.862761193457221 1.8613688855856159 1.8599765777140105 1.8585842698424053 1.8571919619708 1.8557996540991948 1.8544073462275894 1.8530150383559818 1.8516227304843764 1.850230422612771 1.8488381147411659 1.8474458068695605 1.8460534989979553 1.84466119112635 1.8432688832547446 1.8418765753831394 1.840484267511534 1.8390919596399289 1.8376996517683235 1.8363073438967183 1.8349150360251105 1.8335227281535054 1.8321304202819 1.8307381124102946 1.8293458045386894 1.827953496667084 1.826561188795479 1.8249457265950015 1.8230917073723203 1.821237688149639 1.819383668926958 1.8175296497042768 1.8156756304815955 1.8138216112589112 1.81196759203623 1.810113572813549 1.8082595535908677 1.8064055343681864 1.8045515151455052 1.802697495922824 1.8008434767001429 1.7989894574774616 1.7971354382547804
1.856473970198238 1.8550872494891975 1.853700528780157 1.8523138080711163 1.8509270873620758 1.8495403666530352 1.8481536459439947 1.8467669252349541 1.8453802045259113 1.8439934838168708 1.8426067631078302 1.8412200423987897 1.8398333216897491 1.8384466009807086 1.837059880271668 1.8356731595626274 1.8342864388535869 1.8328997181445463 1.8315129974355058 1.8301262767264652 1.8287395560174247 1.8273528353083817 1.825966114599341 1.8245793938903005 1.82319267318126 1.8218059524722197 1.820419231763179 1.8190325110541385 1.817467714545028 1.815712550980051 1.8139573874150738 1.8122022238500968 1.8104470602851197 1.8086918967201424 1.8069367331551625 1.8051815695901854 1.8034264060252083 1.8016712424602312 1.799916078895254 1.7981609153302769 1.7964057517652998 1.7946505882003227 1.7928954246353457 1.7911402610703686
