Figures/CREST_Example_wjb_NSE/PETs/wjb.pet.20101126.asc
ncols            288
nrows            254
xllcorner        113.274861
yllcorner        31.4918055
cellsize         0.008333333333
NODATA_value     -9999
[rows 76 to 94 of 254, columns 176 to 219 of 288]
0.8905521230911636 0.8903304441079891 0.8901087651248147 0.8898870861416402 0.8896654071584658 0.8894437281752914 0.8892220491921164 0.8890003702089421 0.8887786912257676 0.8885570122425931 0.8883353332594186 0.8881136542762442 0.8878919752930697 0.8876702963098952 0.8874486173267208 0.8872269383435464 0.8867042015557379 0.8858596271628589 0.8850150527699799 0.8841704783770995 0.8833259039842205 0.8824813295913415 0.8816367551984625 0.8807921808055835 0.8799476064127045 0.8791030320198255 -9999.0 -9999.0 -9999.0 0.8757247344483094 0.8748801600554305 -9999.0 -9999.0 -9999.0 -9999.0 -9999.0 -9999.0 -9999.0 -9999.0 -9999.0 -9999.0 -9999.0 -9999.0 -9999.0
0.8918674435558134 0.8916553649071334 0.8914432862584534 0.8912312076097734 0.8910191289610933 0.8908070503124133 0.8905949716637329 0.8903828930150529 0.8901708143663729 0.8899587357176929 0.8897466570690129 0.8895345784203328 0.8893224997716528 0.8891104211229728 0.8888983424742928 0.8886862638256128 0.8881550204229536 0.8872825826766747 0.8864101449303958 0.8855377071841155 0.8846652694378366 0.8837928316915578 0.8829203939452789 0.8820479561990001 0.8811755184527212 0.8803030807064424 -9999.0 -9999.0 -9999.0 0.876813329721327 0.8759408919750481 -9999.0 -9999.0 -9999.0 -9999.0 -9999.0 -9999.0 -9999.0 -9999.0 -9999.0 -9999.0 -9999.0 -9999.0 -9999.0
0.8931827640204631 0.8929802857062775 0.8927778073920919 0.8925753290779064 0.8923728507637207 0.8921703724495352 0.8919678941353493 0.8917654158211638 0.8915629375069781 0.8913604591927926 0.891157980878607 0.8909555025644214 0.8907530242502358 0.8905505459360502 0.8903480676218647 0.8901455893076791 0.889605839290169 0.8887055381904903 0.8878052370908116 0.8869049359911313 0.8860046348914526 0.885104333791774 0.8842040326920952 0.8833037315924166 0.8824034304927378 0.8815031293930592 -9999.0 -9999.0 0.878802226094023 0.8779019249943444 0.8770016238946656 -9999.0 -9999.0 -9999.0 -9999.0 -9999.0 -9999.0 -9999.0 -9999.0 -9999.0 -9999.0 -9999.0 -9999.0 -9999.0
0.8944980844851139 0.8943052065054228 0.8941123285257316 0.8939194505460406 0.8937265725663495 0.8935336945866583 0.8933408166069668 0.8931479386272757 0.8929550606475846 0.8927621826678935 0.8925693046882024 0.8923764267085113 0.8921835487288201 0.891990670749129 0.8917977927694378 0.8916049147897468 0.8910566581573858 0.8901284937043071 0.8892003292512286 0.8882721647981484 0.8873440003450699 0.8864158358919914 0.8854876714389127 0.8845595069858342 0.8836313425327557 0.882703178079677 0.8817750136265985 0.88084684917352 0.8799186847204413 0.8789905202673628 -9999.0 -9999.0 -9999.0 -9999.0 -9999.0 -9999.0 -9999.0 -9999.0 -9999.0 -9999.0 -9999.0 -9999.0 -9999.0 -9999.0
0.8958134049497636 0.8956301273045669 0.8954468496593703 0.8952635720141736 0.8950802943689768 0.8948970167237802 0.8947137390785832 0.8945304614333865 0.8943471837881899 0.8941639061429931 0.8939806284977965 0.8937973508525998 0.8936140732074032 0.8934307955622064 0.8932475179170097 0.8930642402718131 0.8925074770246012 0.8915514492181228 0.8905954214116444 0.8896393936051643 0.8886833657986859 0.8877273379922075 0.8867713101857291 0.8858152823792507 0.8848592545727723 0.8839032267662938 0.8829471989598154 0.881991171153337 0.8810351433468586 0.8800791155403802 -9999.0 -9999.0 -9999.0 -9999.0 -9999.0 -9999.0 -9999.0 -9999.0 -9999.0 -9999.0 -9999.0 -9999.0 -9999.0 -9999.0
0.8971287254144134 0.8969550481037111 0.8967813707930088 0.8966076934823066 0.8964340161716043 0.8962603388609021 0.8960866615501996 0.8959129842394973 0.8957393069287951 0.8955656296180928 0.8953919523073905 0.8952182749966884 0.8950445976859861 0.8948709203752838 0.8946972430645816 0.8945235657538794 0.8939582958918166 0.8929744047319383 0.8919905135720602 0.8910066224121802 0.8900227312523019 0.8890388400924236 0.8880549489325454 0.8870710577726671 0.8860871666127889 0.8851032754529107 0.8841193842930324 0.8831354931331541 0.8821516019732758 0.8811677108133976 -9999.0 -9999.0 -9999.0 -9999.0 -9999.0 -9999.0 -9999.0 -9999.0 -9999.0 -9999.0 -9999.0 -9999.0 -9999.0 -9999.0
0.898444045879063 0.8982799689028552 0.8981158919266474 0.8979518149504396 0.8977877379742318 0.897623660998024 0.897459584021816 0.8972955070456082 0.8971314300694003 0.8969673530931925 0.8968032761169847 0.8966391991407769 0.8964751221645691 0.8963110451883614 0.8961469682121536 0.8959828912359458 0.8954091147590322 0.8943973602457541 0.8933856057324759 0.8923738512191962 0.891362096705918 0.89035034219264 0.8893385876793618 0.8883268331660837 0.8873150786528056 0.8863033241395275 0.8852915696262494 0.8842798151129713 0.8832680605996932 -9999.0 -9999.0 -9999.0 -9999.0 -9999.0 -9999.0 -9999.0 -9999.0 -9999.0 -9999.0 -9999.0 -9999.0 -9999.0 -9999.0 -9999.0
0.8997593663437127 0.8996048897019994 0.8994504130602861 0.8992959364185726 0.8991414597768593 0.8989869831351459 0.8988325064934323 0.898678029851719 0.8985235532100057 0.8983690765682922 0.8982145999265789 0.8980601232848655 0.8979056466431522 0.8977511700014388 0.8975966933597255 0.8974422167180122 0.8968599336262476 0.8958203157595697 0.8947806978928917 0.893741080026212 0.892701462159534 0.8916618442928561 0.8906222264261782 0.8895826085595002 0.8885429906928223 0.8875033728261443 0.8864637549594664 0.8854241370927884 0.8843845192261105 -9999.0 -9999.0 -9999.0 -9999.0 -9999.0 -9999.0 -9999.0 -9999.0 -9999.0 -9999.0 -9999.0 -9999.0 -9999.0 -9999.0 -9999.0
0.9010746868083624 0.9009298105011435 0.9007849341939246 0.9006400578867058 0.9004951815794868 0.9003503052722679 0.9002054289650487 0.9000605526578298 0.8999156763506109 0.899770800043392 0.8996259237361731 0.8994810474289542 0.8993361711217353 0.8991912948145163 0.8990464185072975 0.8989015422000786 0.8983107524934633 0.8972432712733854 0.8961757900533076 0.895108308833228 0.8940408276131502 0.8929733463930724 0.8919058651729946 0.8908383839529168 0.889770902732839 0.8887034215127612 0.8876359402926834 0.8865684590726056 0.8855009778525278 -9999.0 -9999.0 -9999.0 -9999.0 -9999.0 -9999.0 -9999.0 -9999.0 -9999.0 -9999.0 -9999.0 -9999.0 -9999.0 -9999.0 -9999.0
0.9023900072730132 0.9022547313002888 0.9021194553275643 0.9019841793548399 0.9018489033821154 0.9017136274093909 0.9015783514366662 0.9014430754639418 0.9013077994912173 0.9011725235184929 0.9010372475457684 0.900901971573044 0.9007666956003194 0.900631419627595 0.9004961436548705 0.9003608676821461 0.8997615713606799 0.8986662267872022 0.8975708822137245 0.896475537640245 0.8953801930667673 0.8942848484932897 0.893189503919812 0.8920941593463343 0.8909988147728567 0.889903470199379 0.8888081256259013 0.8877127810524237 0.886617436478946 0.8855220919054683 -9999.0 -9999.0 0.8822360581850334 0.8811407136115558 -9999.0 -9999.0 -9999.0 -9999.0 -9999.0 -9999.0 -9999.0 -9999.0 -9999.0 -9999.0
0.903705327737663 0.9035796520994329 0.903453976461203 0.9033283008229729 0.9032026251847429 0.9030769495465129 0.9029512739082827 0.9028255982700526 0.9026999226318226 0.9025742469935926 0.9024485713553626 0.9023228957171325 0.9021972200789026 0.9020715444406725 0.9019458688024425 0.9018201931642125 0.9012123902278955 0.900089182301018 0.8989659743741404 0.897842766447261 0.8967195585203834 0.895596350593506 0.8944731426666284 0.8933499347397509 0.8922267268128734 0.8911035188859958 0.8899803109591183 0.8888571030322409 0.8877338951053633 0.8866106871784858 0.8854874792516083 0.8843642713247307 0.8832410633978514 0.8821178554709738 0.8809946475440963 -9999.0 -9999.0 -9999.0 -9999.0 -9999.0 -9999.0 -9999.0 -9999.0 -9999.0
0.9050206482023126 0.9049045728985771 0.9047884975948415 0.9046724222911059 0.9045563469873703 0.9044402716836347 0.904324196379899 0.9042081210761634 0.9040920457724279 0.9039759704686923 0.9038598951649567 0.9037438198612211 0.9036277445574855 0.9035116692537499 0.9033955939500145 0.9032795186462789 0.9026632090951109 0.9015121378148335 0.9003610665345562 0.8992099952542768 0.8980589239739994 0.8969078526937221 0.8957567814134447 0.8946057101331674 0.89345463885289 0.8923035675726126 0.8911524962923353 0.8900014250120579 0.8888503537317806 0.8876992824515032 0.8865482111712258 0.8853971398909485 0.8842460686106691 0.8830949973303918 0.8819439260501144 -9999.0 -9999.0 -9999.0 -9999.0 -9999.0 -9999.0 -9999.0 -9999.0 -9999.0
0.906228595499492 0.9061161304326836 0.9060036653658752 0.9058912002990668 0.9057787352322584 0.90566627016545 0.9055538050986414 0.9054413400318329 0.9053288749650245 0.9052164098982161 0.9051039448314077 0.9049914797645993 0.9048790146977909 0.9047665496309825 0.904654084564174 0.9045416194973656 0.9039244116747932 0.9027676224256928 0.9016108331765922 0.9004540439274897 0.8992972546783892 0.8981404654292886 0.8969836761801881 0.8958268869310876 0.894670097681987 0.8935133084328866 0.892356519183786 0.8911997299346855 0.890042940685585 0.8888861514364844 0.887729362187384 0.8865725729382834 0.885415783689181 0.8842589944400804 0.8831022051909799 -9999.0 -9999.0 -9999.0 -9999.0 -9999.0 -9999.0 -9999.0 -9999.0 -9999.0
0.9073217676503348 0.9072065097838192 0.9070912519173037 0.9069759940507881 0.9068607361842725 0.906745478317757 0.9066302204512412 0.9065149625847256 0.9063997047182101 0.9062844468516945 0.906169188985179 0.9060539311186634 0.9059386732521478 0.9058234153856323 0.9057081575191166 0.905592899652601 0.9049829263980759 0.9038440912000372 0.9027052560019985 0.9015664208039578 0.9004275856059191 0.8992887504078804 0.8981499152098417 0.8970110800118029 0.8958722448137642 0.8947334096157255 0.8935945744176867 0.892455739219648 0.8913169040216093 0.8901780688235706 0.8890392336255318 0.8879003984274931 0.8867615632294525 0.8856227280314137 0.884483892833375 0.8833450576353363 -9999.0 -9999.0 -9999.0 -9999.0 -9999.0 -9999.0 -9999.0 -9999.0
0.9084149398011776 0.9082968891349549 0.9081788384687322 0.9080607878025094 0.9079427371362867 0.907824686470064 0.907706635803841 0.9075885851376183 0.9074705344713956 0.9073524838051729 0.9072344331389501 0.9071163824727274 0.9069983318065047 0.906880281140282 0.9067622304740592 0.9066441798078364 0.9060414411213584 0.9049205599743815 0.9037996788274045 0.9026787976804257 0.9015579165334489 0.9004370353864719 0.8993161542394951 0.8981952730925181 0.8970743919455412 0.8959535107985643 0.8948326296515874 0.8937117485046104 0.8925908673576336 0.8914699862106567 0.8903491050636798 0.8892282239167029 0.888107342769724 0.8869864616227471 0.8858655804757702 0.8847446993287933 -9999.0 -9999.0 -9999.0 -9999.0 -9999.0 -9999.0 -9999.0 -9999.0
0.9095081119520203 0.9093872684860904 0.9092664250201605 0.9091455815542306 0.9090247380883008 0.9089038946223709 0.9087830511564408 0.9086622076905109 0.908541364224581 0.9084205207586511 0.9082996772927212 0.9081788338267914 0.9080579903608615 0.9079371468949317 0.9078163034290018 0.9076954599630719 0.9070999558446409 0.9059970287487258 0.9048941016528107 0.9037911745568937 0.9026882474609786 0.9015853203650636 0.9004823932691485 0.8993794661732333 0.8982765390773182 0.8971736119814031 0.896070684885488 0.8949677577895729 0.8938648306936579 0.8927619035977428 0.8916589765018277 0.8905560494059125 0.8894531223099955 0.8883501952140804 -9999.0 -9999.0 -9999.0 -9999.0 -9999.0 -9999.0 0.8806297055426747 -9999.0 0.8784238513508446 -9999.0
0.910601284102864 0.910477647837227 0.9103540115715899 0.9102303753059529 0.9101067390403159 0.9099831027746789 0.9098594665090416 0.9097358302434045 0.9096121939777675 0.9094885577121304 0.9093649214464934 0.9092412851808563 0.9091176489152193 0.9089940126495822 0.9088703763839453 0.9087467401183082 0.9081584705679244 0.9070734975230711 0.9059885244782179 0.9049035514333628 0.9038185783885094 0.9027336053436562 0.9016486322988029 0.9005636592539497 0.8994786862090963 0.8983937131642431 0.8973087401193898 0.8962237670745365 0.8951387940296832 0.89405382098483 0.8929688479399767 0.8918838748951234 0.8907989018502682 0.889713928805415 -9999.0 -9999.0 -9999.0 -9999.0 -9999.0 0.8832040905362953 0.882119117491442 0.8810341444465888 0.8799491714017355 -9999.0
0.9116944562537068 0.9115680271883626 0.9114415981230184 0.9113151690576742 0.91118873999233 0.9110623109269858 0.9109358818616414 0.9108094527962972 0.910683023730953 0.9105565946656088 0.9104301656002646 0.9103037365349204 0.9101773074695761 0.9100508784042319 0.9099244493388878 0.9097980202735436 0.909216985291207 0.9081499662974155 0.907082947303624 0.9060159283098307 0.9049489093160392 0.9038818903222477 0.9028148713284563 0.9017478523346648 0.9006808333408733 0.8996138143470819 0.8985467953532904 0.8974797763594989 0.8964127573657075 0.895345738371916 0.8942787193781245 0.8932117003843331 0.8921446813905398 0.8910776623967483 0.8900106434029569 -9999.0 -9999.0 -9999.0 -9999.0 0.8846755484339995 0.8836085294402081 0.8825415104464166 0.8814744914526251 -9999.0
0.9127876284045496 0.9126584065394983 0.9125291846744469 0.9123999628093955 0.9122707409443441 0.9121415190792929 0.9120122972142413 0.9118830753491899 0.9117538534841385 0.9116246316190872 0.9114954097540359 0.9113661878889845 0.9112369660239331 0.9111077441588817 0.9109785222938305 0.9108493004287791 0.9102755000144895 0.9092264350717599 0.9081773701290302 0.9071283051862988 0.9060792402435691 0.9050301753008395 0.9039811103581098 0.9029320454153802 0.9018829804726505 0.9008339155299208 0.8997848505871912 0.8987357856444614 0.8976867207017318 0.8966376557590021 0.8955885908162725 0.8945395258735428 0.8934904609308114 0.8924413959880817 0.8913923310453521 0.8903432661026224 -9999.0 -9999.0 -9999.0 0.8861470063317037 0.8850979413889741 0.8840488764462444 0.8829998115035147 0.8819507465607851
