Figures/CREST_Example_wjb_NSE/PETs/wjb.pet.20090223.asc
ncols            288
nrows            254
xllcorner        113.274861
yllcorner        31.4918055
cellsize         0.008333333333
NODATA_value     -9999
[rows 133 to 151 of 254, columns 44 to 87 of 288]
0.6912527032236236 0.687773971113609 0.6842952390035945 0.6808165068935799 0.6773377747835653 0.6738590426735506 0.670380310563536 0.6669015784535214 0.6634228463435008 0.6599441142334862 0.6564653821234716 0.652986650013457 0.6495079179034424 0.6460291857934277 0.6425504536834131 0.6390717215733985 0.6355929894633839 0.6321142573533693 0.6286355252433546 0.62515679313334 0.6216780610233255 0.6181993289133049 0.6147205968032903 0.6112418646932757 0.6077631325832611 0.6042844004732464 0.6008056683632318 0.5973269362532172 0.594363704432684 0.591951554075036 0.589539403717388 0.5871272533597399 0.5847151030020918 0.5823029526444439 0.5798908022867917 0.5774786519291436 0.5750665015714956 0.5726543512138476 0.5702422008561996 0.5678300504985515 0.5654179001409034 0.5630057497832555 0.5605935994256074 0.5581814490679594
0.6879366769929858 0.6844846407592998 0.6810326045256139 0.6775805682919279 0.674128532058242 0.6706764958245559 0.66722445959087 0.663772423357184 0.6603203871234922 0.6568683508898062 0.6534163146561203 0.6499642784224343 0.6465122421887484 0.6430602059550623 0.6396081697213764 0.6361561334876904 0.6327040972540044 0.6292520610203185 0.6258000247866325 0.6223479885529466 0.6188959523192606 0.6154439160855687 0.6119918798518827 0.6085398436181968 0.6050878073845108 0.6016357711508249 0.5981837349171389 0.594731698683453 0.5918535487967244 0.5895888963882012 0.5873242439796781 0.585059591571155 0.5827949391626318 0.5805302867541087 0.5782656343455816 0.5760009819370585 0.5737363295285354 0.5714716771200122 0.5692070247114891 0.566942372302966 0.5646777198944428 0.5624130674859197 0.5601484150773965 0.5578837626688734
0.6846206507623479 0.6811953104049906 0.6777699700476333 0.674344629690276 0.6709192893329187 0.6674939489755614 0.664068608618204 0.6606432682608467 0.6572179279034835 0.6537925875461262 0.6503672471887689 0.6469419068314116 0.6435165664740543 0.640091226116697 0.6366658857593397 0.6332405454019824 0.6298152050446251 0.6263898646872678 0.6229645243299105 0.6195391839725531 0.6161138436151958 0.6126885032578326 0.6092631629004754 0.605837822543118 0.6024124821857608 0.5989871418284034 0.5955618014710462 0.5921364611136888 0.5893433931607648 0.5872262387013665 0.5851090842419683 0.5829919297825701 0.5808747753231718 0.5787576208637736 0.5766404664043717 0.5745233119449734 0.5724061574855752 0.570289003026177 0.5681718485667787 0.5660546941073805 0.5639375396479822 0.561820385188584 0.5597032307291858 0.5575860762697875
0.6813046245317099 0.6779059800506814 0.6745073355696527 0.671108691088624 0.6677100466075954 0.6643114021265667 0.660912757645538 0.6575141131645094 0.6541154686834749 0.6507168242024463 0.6473181797214176 0.6439195352403889 0.6405208907593603 0.6371222462783316 0.6337236017973029 0.6303249573162744 0.6269263128352457 0.623527668354217 0.6201290238731884 0.6167303793921597 0.613331734911131 0.6099330904300966 0.6065344459490679 0.6031358014680392 0.5997371569870106 0.5963385125059819 0.5929398680249532 0.5895412235439246 0.5868332375248051 0.5848635810145317 0.5828939245042584 0.580924267993985 0.5789546114837117 0.5769849549734384 0.5750152984631617 0.5730456419528883 0.571075985442615 0.5691063289323416 0.5671366724220683 0.565167015911795 0.5631973594015216 0.5612277028912482 0.5592580463809749 0.5572883898707016
0.6779885983010693 0.6746166496963693 0.6712447010916693 0.6678727524869693 0.6645008038822693 0.6611288552775694 0.6577569066728693 0.6543849580681693 0.6510130094634636 0.6476410608587637 0.6442691122540637 0.6408971636493637 0.6375252150446638 0.6341532664399637 0.6307813178352637 0.6274093692305638 0.6240374206258638 0.6206654720211638 0.6172935234164638 0.6139215748117639 0.6105496262070639 0.6071776776023581 0.6038057289976582 0.6004337803929581 0.5970618317882582 0.5936898831835582 0.5903179345788583 0.5869459859741583 0.5843230818888433 0.582500923327695 0.5806787647665467 0.5788566062053984 0.57703444764425 0.5752122890831017 0.5733901305219503 0.571567971960802 0.5697458133996537 0.5679236548385054 0.5661014962773571 0.5642793377162088 0.5624571791550603 0.560635020593912 0.5588128620327637 0.5569907034716154
0.6746725720704313 0.67132731934206 0.6679820666136886 0.6646368138853174 0.6612915611569461 0.6579463084285747 0.6546010557002034 0.651255802971832 0.647910550243455 0.6445652975150837 0.6412200447867124 0.6378747920583411 0.6345295393299697 0.6311842866015984 0.627839033873227 0.6244937811448558 0.6211485284164844 0.6178032756881131 0.6144580229597417 0.6111127702313705 0.6077675175029991 0.604422264774622 0.6010770120462507 0.5977317593178795 0.5943865065895081 0.5910412538611368 0.5876960011327654 0.5843507484043942 0.5818129262528837 0.5801382656408604 0.5784636050288369 0.5767889444168135 0.57511428380479 0.5734396231927666 0.5717649625807403 0.5700903019687169 0.5684156413566934 0.56674098074467 0.5650663201326466 0.5633916595206232 0.5617169989085997 0.5600423382965763 0.5583676776845529 0.5566930170725295
0.6713565458397933 0.6680379889877507 0.6647194321357079 0.6614008752836653 0.6580823184316227 0.6547637615795799 0.6514452047275373 0.6481266478754947 0.6448080910234463 0.6414895341714036 0.638170977319361 0.6348524204673183 0.6315338636152756 0.6282153067632329 0.6248967499111903 0.6215781930591476 0.6182596362071049 0.6149410793550623 0.6116225225030196 0.6083039656509769 0.6049854087989343 0.601666851946886 0.5983482950948432 0.5950297382428006 0.5917111813907578 0.5883926245387152 0.5850740676866726 0.5817555108346298 0.579302770616924 0.5777756079540255 0.5762484452911271 0.5747212826282285 0.57319411996533 0.5716669573024314 0.5701397946395302 0.5686126319766318 0.5670854693137333 0.5655583066508347 0.5640311439879362 0.5625039813250376 0.5609768186621391 0.5594496559992406 0.557922493336342 0.5563953306734435
0.6680405196091554 0.6647486586334415 0.6614567976577274 0.6581649366820134 0.6548730757062994 0.6515812147305854 0.6482893537548713 0.6449974927791573 0.6417056318034376 0.6384137708277237 0.6351219098520097 0.6318300488762957 0.6285381879005816 0.6252463269248676 0.6219544659491536 0.6186626049734396 0.6153707439977255 0.6120788830220115 0.6087870220462975 0.6054951610705835 0.6022033000948694 0.5989114391191499 0.5956195781434358 0.5923277171677218 0.5890358561920078 0.5857439952162937 0.5824521342405797 0.5791602732648657 0.5767926149809645 0.5754129502671909 0.5740332855534173 0.5726536208396436 0.57127395612587 0.5698942914120964 0.5685146266983203 0.5671349619845467 0.5657552972707731 0.5643756325569994 0.5629959678432258 0.5616163031294522 0.5602366384156785 0.5588569737019049 0.5574773089881313 0.5560976442743576
0.6647244933785176 0.6614593282791321 0.6581941631797468 0.6549289980803614 0.6516638329809761 0.6483986678815907 0.6451335027822054 0.6418683376828199 0.638603172583429 0.6353380074840437 0.6320728423846583 0.628807677285273 0.6255425121858875 0.6222773470865022 0.6190121819871168 0.6157470168877315 0.6124818517883461 0.6092166866889608 0.6059515215895754 0.60268635649019 0.5994211913908046 0.5961560262914137 0.5928908611920284 0.5896256960926429 0.5863605309932576 0.5830953658938722 0.5798302007944869 0.5765650356951015 0.5742824593450048 0.5730502925803561 0.5718181258157073 0.5705859590510586 0.5693537922864098 0.5681216255217612 0.5668894587571103 0.5656572919924615 0.5644251252278129 0.5631929584631641 0.5619607916985153 0.5607286249338665 0.5594964581692179 0.5582642914045691 0.5570321246399204 0.5557999578752716
0.6614084671478796 0.6581699979248229 0.6549315287017662 0.6516930594787095 0.6484545902556528 0.6452161210325961 0.6419776518095394 0.6387391825864827 0.6355007133634204 0.6322622441403637 0.629023774917307 0.6257853056942503 0.6225468364711936 0.6193083672481369 0.6160698980250802 0.6128314288020235 0.6095929595789668 0.60635449035591 0.6031160211328533 0.5998775519097966 0.5966390826867399 0.5934006134636777 0.590162144240621 0.5869236750175643 0.5836852057945076 0.5804467365714508 0.577208267348394 0.5739697981253373 0.5717723037090452 0.5706876348935214 0.5696029660779975 0.5685182972624737 0.5674336284469499 0.5663489596314261 0.5652642908159003 0.5641796220003765 0.5630949531848526 0.5620102843693288 0.5609256155538049 0.5598409467382811 0.5587562779227573 0.5576716091072335 0.5565869402917096 0.5555022714761857
0.6580924409172417 0.6548806675705137 0.6516688942237856 0.6484571208770575 0.6452453475303295 0.6420335741836014 0.6388218008368733 0.6356100274901453 0.6323982541434118 0.6291864807966837 0.6259747074499556 0.6227629341032276 0.6195511607564995 0.6163393874097715 0.6131276140630434 0.6099158407163153 0.6067040673695873 0.6034922940228592 0.6002805206761311 0.5970687473294031 0.593856973982675 0.5906452006359415 0.5874334272892134 0.5842216539424854 0.5810098805957573 0.5777981072490292 0.5745863339023012 0.5713745605555731 0.5692621480730855 0.5683249772066866 0.5673878063402876 0.5664506354738887 0.5655134646074897 0.5645762937410909 0.5636391228746903 0.5627019520082913 0.5617647811418924 0.5608276102754934 0.5598904394090946 0.5589532685426956 0.5580160976762967 0.5570789268098977 0.5561417559434987 0.5552045850770998
0.6547764146866009 0.6515913372162015 0.6484062597458021 0.6452211822754028 0.6420361048050034 0.638851027334604 0.6356659498642047 0.6324808723938052 0.6292957949234004 0.6261107174530011 0.6229256399826016 0.6197405625122023 0.6165554850418029 0.6133704075714035 0.6101853301010042 0.6070002526306048 0.6038151751602054 0.600630097689806 0.5974450202194066 0.5942599427490073 0.5910748652786079 0.587889787808203 0.5847047103378037 0.5815196328674043 0.578334555397005 0.5751494779266055 0.5719644004562061 0.5687793229858068 0.5667519924371238 0.5659623195198499 0.5651726466025759 0.5643829736853021 0.5635933007680282 0.5628036278507542 0.5620139549334789 0.561224282016205 0.5604346090989311 0.5596449361816571 0.5588552632643833 0.5580655903471093 0.5572759174298354 0.5564862445125615 0.5556965715952875 0.5549068986780137
0.651460388455963 0.6483020068618923 0.6451436252678215 0.6419852436737509 0.6388268620796801 0.6356684804856094 0.6325100988915386 0.629351717297468 0.6261933357033919 0.6230349541093211 0.6198765725152504 0.6167181909211796 0.613559809327109 0.6104014277330382 0.6072430461389675 0.6040846645448967 0.6009262829508261 0.5977679013567553 0.5946095197626846 0.5914511381686138 0.5882927565745432 0.585134374980467 0.5819759933863963 0.5788176117923256 0.5756592301982548 0.5725008486041842 0.5693424670101134 0.5661840854160427 0.5642418368011642 0.5635996618330152 0.5629574868648662 0.5623153118967171 0.5616731369285681 0.5610309619604191 0.560388786992269 0.5597466120241199 0.5591044370559709 0.5584622620878219 0.5578200871196729 0.5571779121515238 0.5565357371833748 0.5558935622152258 0.5552513872470768 0.5546092122789278
0.6481443622253251 0.645012676507583 0.641880990789841 0.6387493050720989 0.6356176193543568 0.6324859336366148 0.6293542479188726 0.6262225622011306 0.6230908764833831 0.6199591907656411 0.6168275050478991 0.6136958193301569 0.6105641336124149 0.6074324478946728 0.6043007621769307 0.6011690764591886 0.5980373907414466 0.5949057050237045 0.5917740193059624 0.5886423335882204 0.5855106478704782 0.5823789621527309 0.5792472764349887 0.5761155907172467 0.5729839049995047 0.5698522192817626 0.5667205335640205 0.5635888478462784 0.5617316811652046 0.5612370041461804 0.5607423271271563 0.5602476501081322 0.559752973089108 0.5592582960700839 0.5587636190510589 0.5582689420320348 0.5577742650130106 0.5572795879939865 0.5567849109749624 0.5562902339559382 0.5557955569369142 0.55530087991789 0.5548062028988658 0.5543115258798418
0.6448283359946873 0.6417233461532738 0.6386183563118604 0.635513366470447 0.6324083766290335 0.6293033867876201 0.6261983969462067 0.6230934071047932 0.6199884172633745 0.6168834274219611 0.6137784375805477 0.6106734477391342 0.6075684578977208 0.6044634680563075 0.6013584782148941 0.5982534883734806 0.5951484985320672 0.5920435086906538 0.5889385188492403 0.5858335290078269 0.5827285391664135 0.5796235493249948 0.5765185594835813 0.5734135696421679 0.5703085798007546 0.5672035899593412 0.5640986001179277 0.5609936102765143 0.559221525529245 0.5588743464593457 0.5585271673894465 0.5581799883195473 0.5578328092496481 0.5574856301797488 0.5571384511098489 0.5567912720399497 0.5564440929700505 0.5560969139001513 0.555749734830252 0.5554025557603528 0.5550553766904536 0.5547081976205543 0.5543610185506551 0.5540138394807559
0.6476086401903736 0.6443989943538508 0.641189348517328 0.6379797026808052 0.6347700568442824 0.6315604110077596 0.6283507651712369 0.6251411193347141 0.6219314734981858 0.6187218276616631 0.6155121818251402 0.6123025359886174 0.6090928901520947 0.6058832443155718 0.602673598479049 0.5994639526425263 0.5962543068060034 0.5930446609694807 0.5898350151329579 0.5866253692964352 0.5834157234599123 0.580206077623384 0.5769964317868612 0.5737867859503385 0.5705771401138157 0.5673674942772928 0.5641578484407701 0.5609482026042473 0.5591296997891897 0.5587983603123384 0.558467020835487 0.5581356813586358 0.5578043418817845 0.5574730024049331 0.5571416629280813 0.5568103234512299 0.5564789839743787 0.5561476444975273 0.555816305020676 0.5554849655438248 0.5551536260669734 0.5548222865901221 0.5544909471132707 0.5541596076364195
0.6569055373115339 0.6534508286094892 0.6499961199074445 0.6465414112053999 0.6430867025033552 0.6396319938013105 0.6361772850992659 0.6327225763972212 0.6292678676951706 0.625813158993126 0.6223584502910813 0.6189037415890366 0.6154490328869919 0.6119943241849473 0.6085396154829025 0.6050849067808578 0.6016301980788131 0.5981754893767685 0.5947207806747238 0.5912660719726791 0.5878113632706344 0.5843566545685839 0.5809019458665392 0.5774472371644945 0.5739925284624499 0.5705378197604052 0.5670831110583605 0.5636284023563158 0.5616229162612598 0.561166681894285 0.5607104475273103 0.5602542131603355 0.5597979787933607 0.559341744426386 0.5588855100594105 0.5584292756924356 0.5579730413254609 0.5575168069584862 0.5570605725915114 0.5566043382245366 0.5561481038575619 0.5556918694905871 0.5552356351236123 0.5547794007566376
0.666202434432702 0.6625026628651353 0.6588028912975684 0.6551031197300017 0.651403348162435 0.6477035765948682 0.6440038050273014 0.6403040334597346 0.6366042618921616 0.6329044903245948 0.6292047187570281 0.6255049471894614 0.6218051756218945 0.6181054040543278 0.614405632486761 0.6107058609191942 0.6070060893516275 0.6033063177840607 0.599606546216494 0.5959067746489273 0.5922070030813604 0.5885072315137874 0.5848074599462206 0.5811076883786539 0.5774079168110872 0.5737081452435203 0.5700083736759536 0.5663086021083868 0.5641161327333322 0.5635350034762339 0.5629538742191355 0.5623727449620372 0.5617916157049389 0.5612104864478406 0.5606293571907411 0.5600482279336428 0.5594670986765445 0.5588859694194462 0.5583048401623478 0.5577237109052495 0.5571425816481512 0.5565614523910529 0.5559803231339546 0.5553991938768562
0.6754993315538622 0.6715544971207736 0.667609662687685 0.6636648282545964 0.6597199938215077 0.655775159388419 0.6518303249553304 0.6478854905222418 0.6439406560891464 0.6399958216560577 0.636050987222969 0.6321061527898805 0.6281613183567918 0.6242164839237031 0.6202716494906145 0.6163268150575258 0.6123819806244373 0.6084371461913486 0.6044923117582599 0.6005474773251713 0.5966026428920826 0.5926578084589873 0.5887129740258986 0.5847681395928099 0.5808233051597214 0.5768784707266327 0.572933636293544 0.5689888018604554 0.5666093492054022 0.5659033250581804 0.5651973009109587 0.5644912767637369 0.5637852526165151 0.5630792284692933 0.5623732043220703 0.5616671801748485 0.5609611560276268 0.560255131880405 0.5595491077331832 0.5588430835859614 0.5581370594387396 0.5574310352915178 0.5567250111442961 0.5560189869970743
