Figures/CREST_Example_wjb_NSE/PETs/wjb.pet.20100102.asc
ncols            288
nrows            254
xllcorner        113.274861
yllcorner        31.4918055
cellsize         0.008333333333
NODATA_value     -9999
[rows 38 to 56 of 254, columns 88 to 131 of 288]
0.6502161169652129 0.6509580680886475 0.6517000192120821 0.6524419703355179 0.6531839214589524 0.653925872582387 0.6546678237058215 0.6554097748292562 0.6561517259526908 0.6568936770761253 0.6576356281995599 0.6583775793229945 0.659119530446429 0.6598614815698636 0.6602142118825739 0.6601508563478712 0.6600875008131685 0.6600241452784659 0.6599607897437633 0.6598974342090606 0.659834078674358 0.6597707231396553 0.6597073676049527 0.6596440120702501 0.6595806565355474 0.6595173010008448 0.6594539454661422 0.6593905899314396 0.6593272343967369 0.6592638788620342 0.6592005233273316 0.659137167792629 0.6590738122579263 0.6590104567232237 0.6589471011885211 0.6588837456538185 0.6588203901191159 0.6587570345844131 0.6586936790497105 0.6586303235150079 0.6585669679803053 0.6585036124456026 0.6584402569108999 0.6583769013761973
0.6519961119955014 0.6527685740815643 0.6535410361676272 0.6543134982536912 0.6550859603397541 0.6558584224258168 0.6566308845118797 0.6574033465979424 0.6581758086840053 0.658948270770068 0.6597207328561309 0.6604931949421936 0.6612656570282565 0.6620381191143192 0.6623951280880088 0.6623080082906792 0.6622208884933494 0.6621337686960197 0.6620466488986901 0.6619595291013605 0.6618724093040308 0.6617852895067011 0.6616981697093715 0.6616110499120418 0.6615239301147121 0.6614368103173824 0.6613496905200529 0.6612625707227232 0.6611754509253935 0.6610883311280638 0.6610012113307341 0.6609140915334044 0.6608269717360747 0.6607398519387451 0.6606527321414154 0.6605656123440857 0.6604784925467561 0.6603913727494265 0.6603042529520968 0.6602171331547672 0.6601300133574375 0.6600428935601078 0.659955773762778 0.6598686539654484
0.6537761070257916 0.6545790800744826 0.6553820531231738 0.6561850261718661 0.6569879992205572 0.6577909722692482 0.6585939453179392 0.6593969183666304 0.6601998914153214 0.6610028644640125 0.6618058375127035 0.6626088105613945 0.6634117836100856 0.6642147566587766 0.6645760442934456 0.6644651602334889 0.664354276173532 0.6642433921135753 0.6641325080536187 0.6640216239936619 0.6639107399337052 0.6637998558737486 0.6636889718137918 0.6635780877538351 0.6634672036938785 0.6633563196339217 0.663245435573965 0.6631345515140082 0.6630236674540516 0.6629127833940947 0.662801899334138 0.6626910152741813 0.6625801312142245 0.6624692471542679 0.6623583630943112 0.6622474790343544 0.6621365949743978 0.6620257109144411 0.6619148268544843 0.6618039427945277 0.661693058734571 0.6615821746746142 0.6614712906146574 0.6613604065547006
0.6555561020560802 0.6563895860673995 0.6572230700787187 0.6580565540900395 0.6588900381013587 0.659723522112678 0.6605570061239974 0.6613904901353166 0.6622239741466359 0.6630574581579551 0.6638909421692745 0.6647244261805937 0.665557910191913 0.6663913942032323 0.6667569604988807 0.666622312176297 0.6664876638537129 0.6663530155311292 0.6662183672085454 0.6660837188859617 0.665949070563378 0.6658144222407942 0.6656797739182105 0.6655451255956268 0.6654104772730431 0.6652758289504593 0.6651411806278756 0.6650065323052919 0.6648718839827081 0.6647372356601242 0.6646025873375404 0.6644679390149567 0.664333290692373 0.6641986423697892 0.6640639940472055 0.6639293457246218 0.663794697402038 0.6636600490794543 0.6635254007568706 0.6633907524342869 0.6632561041117031 0.6631214557891194 0.6629868074665354 0.6628521591439517
0.6573360970863688 0.6582000920603163 0.6590640870342638 0.6599280820082127 0.6607920769821602 0.6616560719561078 0.6625200669300553 0.6633840619040028 0.6642480568779503 0.6651120518518978 0.6659760468258453 0.6668400417997928 0.6677040367737404 0.6685680317476879 0.6689378767043156 0.6687794641191048 0.6686210515338937 0.668462638948683 0.6683042263634722 0.6681458137782615 0.6679874011930508 0.66782898860784 0.6676705760226292 0.6675121634374185 0.6673537508522077 0.667195338266997 0.6670369256817862 0.6668785130965754 0.6667201005113647 0.6665616879261537 0.6664032753409429 0.6662448627557321 0.6660864501705214 0.6659280375853106 0.6657696250000998 0.6656112124148891 0.6654527998296783 0.6652943872444675 0.6651359746592568 0.664977562074046 0.6648191494888352 0.6646607369036245 0.6645023243184135 0.6643439117332027
0.6591160921166573 0.660010598053233 0.6609051039898088 0.6617996099263861 0.6626941158629618 0.6635886217995376 0.6644831277361133 0.665377633672689 0.6662721396092648 0.6671666455458405 0.6680611514824163 0.668955657418992 0.6698501633555678 0.6707446692921435 0.6711187929097505 0.6709366160619128 0.6707544392140746 0.6705722623662369 0.6703900855183991 0.6702079086705613 0.6700257318227235 0.6698435549748858 0.669661378127048 0.6694792012792101 0.6692970244313724 0.6691148475835346 0.6689326707356968 0.668750493887859 0.6685683170400213 0.6683861401921831 0.6682039633443454 0.6680217864965076 0.6678396096486697 0.667657432800832 0.6674752559529942 0.6672930791051565 0.6671109022573186 0.6669287254094808 0.6667465485616431 0.6665643717138052 0.6663821948659675 0.6662000180181297 0.6660178411702916 0.6658356643224538
0.6608960871469459 0.6618211040461498 0.6627461209453538 0.6636711378445593 0.6645961547437633 0.6655211716429673 0.6664461885421713 0.6673712054413752 0.6682962223405792 0.6692212392397832 0.6701462561389872 0.6710712730381911 0.671996289937395 0.672921306836599 0.6732997091151854 0.6730937680047206 0.6728878268942555 0.6726818857837907 0.6724759446733258 0.672270003562861 0.6720640624523962 0.6718581213419315 0.6716521802314667 0.6714462391210018 0.671240298010537 0.6710343569000722 0.6708284157896074 0.6706224746791426 0.6704165335686777 0.6702105924582126 0.6700046513477478 0.669798710237283 0.6695927691268181 0.6693868280163533 0.6691808869058885 0.6689749457954237 0.6687690046849589 0.6685630635744941 0.6683571224640292 0.6681511813535644 0.6679452402430996 0.6677392991326349 0.6675333580221696 0.6673274169117048
0.6626760821772345 0.6636316100390667 0.6645871379008988 0.6655426657627327 0.6664981936245649 0.6674537214863971 0.6684092493482293 0.6693647772100615 0.6703203050718937 0.6712758329337258 0.6722313607955581 0.6731868886573903 0.6741424165192225 0.6750979443810546 0.6754806253206205 0.6752509199475286 0.6750212145744364 0.6747915092013446 0.6745618038282527 0.6743320984551608 0.674102393082069 0.6738726877089772 0.6736429823358854 0.6734132769627935 0.6731835715897017 0.6729538662166098 0.6727241608435179 0.6724944554704262 0.6722647500973343 0.672035044724242 0.6718053393511503 0.6715756339780584 0.6713459286049666 0.6711162232318747 0.6708865178587828 0.670656812485691 0.6704271071125992 0.6701974017395074 0.6699676963664155 0.6697379909933237 0.6695082856202318 0.6692785802471399 0.6690488748740477 0.6688191695009559
0.6644560772075245 0.665442116031985 0.6664281548564455 0.6674141936809076 0.6684002325053681 0.6693862713298284 0.6703723101542889 0.6713583489787494 0.6723443878032098 0.6733304266276703 0.6743164654521308 0.6753025042765912 0.6762885431010517 0.677274581925512 0.6776615415260573 0.6774080718903384 0.6771546022546191 0.6769011326189002 0.6766476629831812 0.6763941933474624 0.6761407237117435 0.6758872540760246 0.6756337844403058 0.6753803148045868 0.6751268451688679 0.6748733755331491 0.6746199058974301 0.6743664362617112 0.6741129666259924 0.673859496990273 0.6736060273545542 0.6733525577188353 0.6730990880831164 0.6728456184473975 0.6725921488116786 0.6723386791759597 0.6720852095402409 0.6718317399045219 0.671578270268803 0.6713248006330842 0.6710713309973653 0.6708178613616465 0.6705643917259271 0.6703109220902081
0.6662360722378131 0.6672526220249018 0.6682691718119905 0.6692857215990808 0.6703022713861696 0.6713188211732583 0.6723353709603469 0.6733519207474357 0.6743684705345243 0.675385020321613 0.6764015701087017 0.6774181198957904 0.678434669682879 0.6794512194699678 0.6798424577314923 0.6795652238331463 0.6792879899348 0.679010756036454 0.6787335221381081 0.6784562882397622 0.6781790543414163 0.6779018204430703 0.6776245865447245 0.6773473526463786 0.6770701187480326 0.6767928848496867 0.6765156509513408 0.6762384170529949 0.6759611831546489 0.6756839492563026 0.6754067153579566 0.6751294814596107 0.6748522475612648 0.6745750136629189 0.674297779764573 0.6740205458662271 0.6737433119678812 0.6734660780695352 0.6731888441711893 0.6729116102728434 0.6726343763744975 0.6723571424761515 0.6720799085778052 0.6718026746794592
0.6680160672681017 0.6690631280178186 0.6701101887675355 0.6711572495172542 0.6722043102669711 0.673251371016688 0.6742984317664049 0.6753454925161219 0.6763925532658387 0.6774396140155556 0.6784866747652726 0.6795337355149894 0.6805807962647064 0.6816278570144233 0.6820233739369271 0.6817223757759542 0.6814213776149808 0.6811203794540078 0.6808193812930349 0.6805183831320619 0.680217384971089 0.679916386810116 0.6796153886491432 0.6793143904881702 0.6790133923271973 0.6787123941662243 0.6784113960052514 0.6781103978442784 0.6778093996833054 0.677508401522332 0.6772074033613591 0.6769064052003861 0.6766054070394132 0.6763044088784402 0.6760034107174673 0.6757024125564943 0.6754014143955214 0.6751004162345484 0.6747994180735756 0.6744984199126026 0.6741974217516297 0.6738964235906567 0.6735954254296832 0.6732944272687102
0.6697960622983903 0.6708736340107354 0.6719512057230805 0.6730287774354275 0.6741063491477727 0.6751839208601178 0.6762614925724629 0.6773390642848081 0.6784166359971532 0.6794942077094984 0.6805717794218435 0.6816493511341887 0.6827269228465338 0.6838044945588789 0.6842042901423622 0.6838795277187623 0.6835547652951617 0.6832300028715617 0.6829052404479617 0.6825804780243617 0.6822557156007618 0.6819309531771618 0.6816061907535619 0.6812814283299619 0.680956665906362 0.6806319034827619 0.680307141059162 0.679982378635562 0.6796576162119621 0.6793328537883615 0.6790080913647615 0.6786833289411616 0.6783585665175615 0.6780338040939616 0.6777090416703616 0.6773842792467617 0.6770595168231617 0.6767347543995618 0.6764099919759617 0.6760852295523618 0.6757604671287618 0.6754357047051619 0.6751109422815613 0.6747861798579613
0.6715760573286788 0.6726841400036522 0.6737922226786255 0.6749003053536008 0.6760083880285741 0.6771164707035475 0.678224553378521 0.6793326360534943 0.6804407187284677 0.681548801403441 0.6826568840784144 0.6837649667533877 0.6848730494283611 0.6859811321033344 0.6863852063477971 0.6860366796615701 0.6856881529753425 0.6853396262891155 0.6849910996028885 0.6846425729166615 0.6842940462304345 0.6839455195442075 0.6835969928579805 0.6832484661717535 0.6828999394855265 0.6825514127992995 0.6822028861130726 0.6818543594268456 0.6815058327406185 0.681157306054391 0.680808779368164 0.680460252681937 0.6801117259957099 0.6797631993094829 0.6794146726232559 0.679066145937029 0.678717619250802 0.678369092564575 0.678020565878348 0.6776720391921209 0.677323512505894 0.676974985819667 0.6766264591334394 0.6762779324472123
0.6733560523589673 0.6744946459965689 0.6756332396341705 0.6767718332717741 0.6779104269093758 0.6790490205469774 0.680187614184579 0.6813262078221806 0.6824648014597822 0.6836033950973838 0.6847419887349853 0.6858805823725869 0.6870191760101885 0.6881577696477901 0.6885661225532321 0.6881938316043781 0.6878215406555234 0.6874492497066694 0.6870769587578154 0.6867046678089613 0.6863323768601073 0.6859600859112532 0.6855877949623993 0.6852155040135453 0.6848432130646912 0.6844709221158372 0.6840986311669831 0.6837263402181292 0.6833540492692751 0.6829817583204204 0.6826094673715665 0.6822371764227124 0.6818648854738584 0.6814925945250043 0.6811203035761503 0.6807480126272963 0.6803757216784423 0.6800034307295882 0.6796311397807342 0.6792588488318801 0.6788865578830262 0.6785142669341722 0.6781419759853174 0.6777696850364634
0.6751360473892559 0.6763051519894858 0.6774742565897156 0.6786433611899474 0.6798124657901773 0.6809815703904071 0.6821506749906369 0.6833197795908668 0.6844888841910965 0.6856579887913263 0.6868270933915562 0.687996197991786 0.6891653025920158 0.6903344071922457 0.6907470387586669 0.6903509835471859 0.6899549283357043 0.6895588731242231 0.6891628179127421 0.688766762701261 0.68837070748978 0.687974652278299 0.6875785970668179 0.6871825418553369 0.6867864866438558 0.6863904314323748 0.6859943762208938 0.6855983210094126 0.6852022657979316 0.6848062105864499 0.6844101553749689 0.6840141001634877 0.6836180449520067 0.6832219897405257 0.6828259345290446 0.6824298793175636 0.6820338241060825 0.6816377688946015 0.6812417136831205 0.6808456584716394 0.6804496032601584 0.6800535480486772 0.6796574928371956 0.6792614376257146
0.6769160424195461 0.6781156579824041 0.6793152735452622 0.6805148891081224 0.6817145046709805 0.6829141202338386 0.6841137357966967 0.6853133513595547 0.6865129669224128 0.6877125824852709 0.688912198048129 0.6901118136109871 0.6913114291738451 0.6925110447367032 0.6929279549641039 0.6925081354899958 0.6920883160158869 0.6916684965417789 0.6912486770676708 0.6908288575935627 0.6904090381194545 0.6899892186453465 0.6895693991712384 0.6891495796971303 0.6887297602230222 0.688309940748914 0.687890121274806 0.6874703018006979 0.6870504823265898 0.686630662852481 0.6862108433783729 0.6857910239042648 0.6853712044301566 0.6849513849560486 0.6845315654819405 0.6841117460078324 0.6836919265337243 0.6832721070596162 0.6828522875855081 0.6824324681114 0.6820126486372919 0.6815928291631839 0.681173009689075 0.6807531902149669
0.6786960374498346 0.6799261639753209 0.6811562905008072 0.6823864170262957 0.6836165435517819 0.6848466700772683 0.6860767966027546 0.6873069231282408 0.6885370496537272 0.6897671761792135 0.6909973027046998 0.6922274292301861 0.6934575557556724 0.6946876822811587 0.6951088711695388 0.6946652874328036 0.6942217036960678 0.6937781199593327 0.6933345362225976 0.6928909524858624 0.6924473687491273 0.6920037850123921 0.6915602012756571 0.691116617538922 0.6906730338021868 0.6902294500654517 0.6897858663287165 0.6893422825919814 0.6888986988552463 0.6884551151185104 0.6880115313817753 0.6875679476450401 0.6871243639083051 0.68668078017157 0.6862371964348348 0.6857936126980997 0.6853500289613645 0.6849064452246294 0.6844628614878944 0.6840192777511592 0.6835756940144241 0.6831321102776889 0.682688526540953 0.682244942804218
0.6804760324801232 0.6817366699682377 0.6829973074563522 0.684257944944469 0.6855185824325835 0.686779219920698 0.6880398574088126 0.6893004948969271 0.6905611323850417 0.6918217698731562 0.6930824073612707 0.6943430448493852 0.6956036823374998 0.6968643198256144 0.6972897873749738 0.6968224393756116 0.6963550913762487 0.6958877433768865 0.6954203953775244 0.6949530473781622 0.6944856993788001 0.6940183513794379 0.6935510033800758 0.6930836553807136 0.6926163073813515 0.6921489593819893 0.6916816113826272 0.6912142633832651 0.6907469153839029 0.6902795673845399 0.6898122193851778 0.6893448713858156 0.6888775233864535 0.6884101753870914 0.6879428273877292 0.6874754793883671 0.6870081313890049 0.6865407833896428 0.6860734353902805 0.6856060873909184 0.6851387393915562 0.6846713913921941 0.6842040433928311 0.683736695393469
0.6822560275104118 0.6835471759611546 0.6848383244118973 0.6861294728626423 0.687420621313385 0.6887117697641277 0.6900029182148706 0.6912940666656133 0.6925852151163561 0.6938763635670988 0.6951675120178417 0.6964586604685844 0.6977498089193271 0.6990409573700699 0.6994707035804087 0.6989795913184195 0.6984884790564295 0.6979973667944404 0.6975062545324512 0.697015142270462 0.6965240300084728 0.6960329177464836 0.6955418054844944 0.6950506932225052 0.6945595809605161 0.6940684686985269 0.6935773564365377 0.6930862441745486 0.6925951319125594 0.6921040196505693 0.6916129073885802 0.691121795126591 0.6906306828646018 0.6901395706026127 0.6896484583406235 0.6891573460786343 0.6886662338166452 0.688175121554656 0.6876840092926668 0.6871928970306777 0.6867017847686884 0.6862106725066992 0.6857195602447093 0.6852284479827201
