Figures/CREST_Example_wjb_NSE/PETs/wjb.pet.20091008.asc
ncols            288
nrows            254
xllcorner        113.274861
yllcorner        31.4918055
cellsize         0.008333333333
NODATA_value     -9999
[rows 160 to 179 of 254, columns 176 to 219 of 288]
1.7492156234047262 1.7491496720032178 1.7490837206017096 1.7490177692002011 1.7489518177986927 1.7488858663971845 1.7488199149956758 1.7487539635941676 1.7486880121926591 1.7486220607911507 1.7485561093896425 1.748490157988134 1.7484242065866256 1.7483582551851173 1.748292303783609 1.7482263523821004 1.7480752832190247 1.7478332212429073 1.7475911592667897 1.7473490972906718 1.7471070353145544 1.7468649733384367 1.7466229113623193 1.7463808493862019 1.7461387874100842 1.7458967254339668 1.7456546634578491 1.7454126014817317 1.7451705395056143 1.7449284775294966 1.7446864155533792 1.7444443535772618 1.7442022916011437 1.7439602296250263 1.7437181676489089 1.7434761056727912 1.7432340436966738 1.7429919817205561 1.7427499197444387 1.7425078577683213 1.7422657957922036 1.7420237338160862 1.7417816718399686 1.7415396098638511
1.746074816385231 1.7459950961914774 1.7459153759977235 1.7458356558039696 1.7457559356102157 1.745676215416462 1.7455964952227079 1.7455167750289542 1.7454370548352003 1.7453573346414464 1.7452776144476925 1.7451978942539386 1.7451181740601849 1.745038453866431 1.744958733672677 1.7448790134789232 1.7447407401244412 1.7445398721162813 1.7443390041081213 1.744138136099961 1.743937268091801 1.7437364000836413 1.7435355320754813 1.7433346640673213 1.7431337960591613 1.7429329280510015 1.7427320600428415 1.7425311920346815 1.7423303240265215 1.7421294560183618 1.7419285880102018 1.7417277200020418 1.7415268519938816 1.7413259839857216 1.7411251159775618 1.7409242479694018 1.7407233799612418 1.7405225119530818 1.740321643944922 1.740120775936762 1.739919907928602 1.739719039920442 1.7395181719122823 1.7393173039041223
1.742934009365736 1.7428405203797368 1.7427470313937374 1.742653542407738 1.7425600534217387 1.7424665644357393 1.74237307544974 1.7422795864637406 1.7421860974777412 1.7420926084917419 1.7419991195057427 1.7419056305197433 1.741812141533744 1.7417186525477446 1.7416251635617452 1.741531674575746 1.7414061970298575 1.7412465229896552 1.7410868489494529 1.7409271749092503 1.740767500869048 1.7406078268288456 1.7404481527886433 1.740288478748441 1.7401288047082386 1.739969130668036 1.7398094566278337 1.7396497825876314 1.739490108547429 1.7393304345072267 1.7391707604670243 1.739011086426822 1.7388514123866194 1.738691738346417 1.7385320643062148 1.7383723902660122 1.7382127162258099 1.7380530421856075 1.7378933681454052 1.7377336941052028 1.7375740200650005 1.7374143460247982 1.7372546719845958 1.7370949979443935
1.7397932023462384 1.7396859445679935 1.7395786867897487 1.7394714290115039 1.739364171233259 1.7392569134550142 1.7391496556767692 1.7390423978985243 1.7389351401202795 1.7388278823420347 1.7387206245637898 1.7386133667855452 1.7385061090073004 1.7383988512290556 1.7382915934508107 1.738184335672566 1.7380716539352712 1.7379531738630265 1.7378346937907818 1.7377162137185367 1.737597733646292 1.7374792535740473 1.7373607735018026 1.7372422934295577 1.737123813357313 1.7370053332850683 1.7368868532128237 1.7367683731405787 1.736649893068334 1.7365314129960894 1.7364129329238447 1.7362944528515998 1.7361759727793549 1.7360574927071102 1.7359390126348655 1.7358205325626206 1.735702052490376 1.7355835724181312 1.7354650923458865 1.7353466122736416 1.735228132201397 1.7351096521291522 1.7349911720569076 1.7348726919846627
1.7366523953267432 1.736531368756253 1.7364103421857626 1.7362893156152723 1.736168289044782 1.7360472624742918 1.7359262359038012 1.735805209333311 1.7356841827628207 1.7355631561923304 1.73544212962184 1.7353211030513498 1.7352000764808595 1.7350790499103692 1.734958023339879 1.7348369967693886 1.7347371108406877 1.7346598247364005 1.7345825386321132 1.734505252527826 1.734427966423539 1.7343506803192517 1.7342733942149644 1.7341961081106774 1.7341188220063901 1.734041535902103 1.7339642497978158 1.7338869636935286 1.7338096775892415 1.7337323914849543 1.7336551053806672 1.73357781927638 1.7335005331720927 1.7334232470678055 1.7333459609635185 1.7332686748592312 1.733191388754944 1.733114102650657 1.7330368165463697 1.7329595304420826 1.7328822443377954 1.732804958233508 1.732727672129221 1.7326503860249338
1.733511588307248 1.7333767929445123 1.7332419975817766 1.7331072022190408 1.732972406856305 1.7328376114935693 1.7327028161308333 1.7325680207680976 1.7324332254053616 1.7322984300426258 1.73216363467989 1.7320288393171543 1.7318940439544186 1.7317592485916828 1.731624453228947 1.7314896578662113 1.731402567746104 1.7313664756097744 1.7313303834734448 1.7312942913371152 1.7312581992007856 1.731222107064456 1.7311860149281264 1.7311499227917968 1.7311138306554672 1.7310777385191376 1.731041646382808 1.7310055542464784 1.7309694621101488 1.7309333699738192 1.7308972778374896 1.73086118570116 1.7308250935648304 1.7307890014285008 1.7307529092921712 1.7307168171558416 1.730680725019512 1.7306446328831824 1.7306085407468528 1.7305724486105232 1.7305363564741936 1.730500264337864 1.7304641722015344 1.7304280800652048
1.730370781287753 1.7302222171327717 1.7300736529777905 1.729925088822809 1.7297765246678278 1.7296279605128466 1.7294793963578652 1.729330832202884 1.7291822680479025 1.7290337038929213 1.7288851397379401 1.728736575582959 1.7285880114279777 1.7284394472729963 1.728290883118015 1.7281423189630338 1.7280680246515203 1.7280731264831484 1.7280782283147762 1.7280833301464043 1.7280884319780323 1.7280935338096601 1.7280986356412882 1.7281037374729162 1.7281088393045443 1.7281139411361721 1.7281190429678002 1.7281241447994282 1.728129246631056 1.728134348462684 1.7281394502943122 1.7281445521259402 1.728149653957568 1.728154755789196 1.7281598576208241 1.728164959452452 1.72817006128408 1.728175163115708 1.7281802649473361 1.728185366778964 1.728190468610592 1.72819557044222 1.7282006722738479 1.728205774105476
1.7272299742682578 1.727067641321031 1.7269053083738042 1.7267429754265775 1.7265806424793508 1.7264183095321242 1.726255976584897 1.7260936436376704 1.7259313106904437 1.725768977743217 1.7256066447959901 1.7254443118487635 1.7252819789015368 1.72511964595431 1.7249573130070832 1.7247949800598565 1.7247334815569366 1.7247797773565223 1.7248260731561078 1.7248723689556935 1.724918664755279 1.7249649605548647 1.7250112563544502 1.7250575521540357 1.7251038479536214 1.7251501437532069 1.7251964395527923 1.725242735352378 1.7252890311519635 1.7253353269515492 1.7253816227511347 1.7254279185507202 1.725474214350306 1.7255205101498914 1.725566805949477 1.7256131017490626 1.725659397548648 1.7257056933482338 1.7257519891478192 1.725798284947405 1.7258445807469904 1.725890876546576 1.7259371723461616 1.725983468145747
1.7240891672487626 1.7239130655092905 1.7237369637698183 1.723560862030346 1.7233847602908738 1.7232086585514017 1.7230325568119291 1.722856455072457 1.7226803533329849 1.7225042515935125 1.7223281498540404 1.7221520481145682 1.7219759463750959 1.7217998446356237 1.7216237428961516 1.7214476411566793 1.7213989384623531 1.7214864282298963 1.7215739179974394 1.7216614077649828 1.721748897532526 1.721836387300069 1.7219238770676122 1.7220113668351553 1.7220988566026985 1.7221863463702416 1.7222738361377847 1.7223613259053279 1.722448815672871 1.7225363054404141 1.7226237952079573 1.7227112849755004 1.7227987747430438 1.722886264510587 1.72297375427813 1.7230612440456732 1.7231487338132163 1.7232362235807595 1.7233237133483026 1.7234112031158457 1.7234986928833889 1.723586182650932 1.7236736724184751 1.7237611621860183
1.7209483602292674 1.7207584896975499 1.7205686191658323 1.7203787486341144 1.7201888781023968 1.719999007570679 1.7198091370389612 1.7196192665072434 1.7194293959755258 1.7192395254438082 1.7190496549120904 1.7188597843803728 1.7186699138486552 1.7184800433169374 1.7182901727852198 1.7181003022535022 1.7180643953677697 1.7181930791032702 1.718321762838771 1.718450446574272 1.7185791303097726 1.7187078140452734 1.7188364977807742 1.7189651815162748 1.7190938652517755 1.7192225489872763 1.719351232722777 1.7194799164582777 1.7196086001937785 1.719737283929279 1.7198659676647798 1.7199946514002806 1.7201233351357814 1.7202520188712822 1.720380702606783 1.7205093863422836 1.7206380700777844 1.7207667538132851 1.7208954375487857 1.7210241212842865 1.7211528050197873 1.7212814887552879 1.7214101724907886 1.7215388562262894
1.7178075532097699 1.7176039138858066 1.7174002745618435 1.7171966352378802 1.7169929959139172 1.716789356589954 1.7165857172659904 1.7163820779420274 1.716178438618064 1.715974799294101 1.7157711599701377 1.7155675206461747 1.7153638813222114 1.7151602419982483 1.714956602674285 1.714752963350322 1.714729852273183 1.7148997299766415 1.7150696076800998 1.7152394853835584 1.7154093630870166 1.715579240790475 1.7157491184939333 1.7159189961973917 1.71608887390085 1.7162587516043084 1.7164286293077666 1.716598507011225 1.7167683847146833 1.7169382624181417 1.7171081401216 1.7172780178250582 1.7174478955285168 1.7176177732319753 1.7177876509354335 1.717957528638892 1.7181274063423502 1.7182972840458086 1.7184671617492668 1.7186370394527253 1.7188069171561835 1.7189767948596417 1.7191466725631002 1.7193165502665584
1.7146667461902747 1.714449338074066 1.7142319299578572 1.7140145218416487 1.71379711372544 1.7135797056092315 1.7133622974930225 1.7131448893768138 1.7129274812606052 1.7127100731443965 1.7124926650281878 1.7122752569119792 1.7120578487957705 1.711840440679562 1.7116230325633532 1.7114056244471447 1.7113953091785996 1.7116063808500155 1.7118174525214314 1.7120285241928477 1.7122395958642636 1.7124506675356794 1.7126617392070953 1.7128728108785112 1.713083882549927 1.7132949542213431 1.713506025892759 1.713717097564175 1.7139281692355908 1.7141392409070066 1.7143503125784225 1.7145613842498384 1.7147724559212547 1.7149835275926706 1.7151945992640865 1.7154056709355023 1.7156167426069182 1.7158278142783343 1.7160388859497502 1.716249957621166 1.716461029292582 1.7166721009639978 1.7168831726354137 1.7170942443068296
1.7115259391707796 1.7112947622623254 1.7110635853538714 1.7108324084454172 1.7106012315369632 1.710370054628509 1.7101388777200544 1.7099077008116004 1.7096765239031462 1.7094453469946922 1.709214170086238 1.7089829931777838 1.7087518162693298 1.7085206393608756 1.7082894624524216 1.7080582855439674 1.708060766084016 1.7083130317233894 1.708565297362763 1.708817563002137 1.7090698286415102 1.7093220942808838 1.7095743599202573 1.7098266255596308 1.7100788911990044 1.7103311568383777 1.7105834224777512 1.7108356881171247 1.7110879537564982 1.7113402193958716 1.711592485035245 1.7118447506746186 1.7120970163139926 1.7123492819533659 1.7126015475927394 1.712853813232113 1.7131060788714865 1.71335834451086 1.7136106101502333 1.7138628757896068 1.7141151414289804 1.7143674070683539 1.7146196727077272 1.7148719383471007
1.7083851321512844 1.7081401864505847 1.707895240749885 1.7076502950491856 1.707405349348486 1.7071604036477863 1.7069154579470864 1.7066705122463868 1.7064255665456871 1.7061806208449875 1.705935675144288 1.7056907294435883 1.7054457837428887 1.7052008380421892 1.7049558923414896 1.70471094664079 1.7047262229894322 1.7050196825967632 1.7053131422040944 1.705606601811426 1.705900061418757 1.7061935210260881 1.706486980633419 1.7067804402407503 1.7070738998480812 1.7073673594554122 1.7076608190627434 1.7079542786700743 1.7082477382774055 1.7085411978847365 1.7088346574920676 1.7091281170993986 1.7094215767067302 1.7097150363140612 1.7100084959213924 1.7103019555287233 1.7105954151360545 1.7108888747433855 1.7111823343507166 1.7114757939580476 1.7117692535653788 1.7120627131727097 1.712356172780041 1.712649632387372
1.7052443251317893 1.7049856106388441 1.704726896145899 1.7044681816529539 1.704209467160009 1.7039507526670639 1.7036920381741183 1.7034333236811732 1.7031746091882283 1.7029158946952831 1.702657180202338 1.702398465709393 1.702139751216448 1.7018810367235029 1.7016223222305578 1.7013636077376126 1.7013916798948487 1.7017263334701374 1.702060987045426 1.7023956406207152 1.7027302941960039 1.7030649477712925 1.703399601346581 1.7037342549218697 1.7040689084971583 1.704403562072447 1.7047382156477355 1.7050728692230241 1.705407522798313 1.7057421763736016 1.7060768299488902 1.7064114835241788 1.706746137099468 1.7070807906747567 1.7074154442500453 1.707750097825334 1.7080847514006225 1.7084194049759112 1.7087540585511998 1.7090887121264884 1.7094233657017772 1.7097580192770658 1.7100926728523544 1.710427326427643
1.702103518112294 1.7018310348271035 1.7015585515419132 1.7012860682567226 1.701013584971532 1.7007411016863414 1.7004686184011504 1.7001961351159598 1.6999236518307692 1.6996511685455786 1.6993786852603883 1.6991062019751977 1.698833718690007 1.6985612354048165 1.698288752119626 1.6980162688344353 1.698057136800265 1.6984329843435113 1.6988088318867576 1.6991846794300043 1.6995605269732506 1.6999363745164968 1.700312222059743 1.7006880696029891 1.7010639171462354 1.7014397646894817 1.701815612232728 1.7021914597759742 1.7025673073192202 1.7029431548624665 1.7033190024057128 1.703694849948959 1.7040706974922057 1.704446545035452 1.7048223925786983 1.7051982401219445 1.7055740876651906 1.7059499352084369 1.7063257827516831 1.7067016302949294 1.7070774778381754 1.7074533253814217 1.707829172924668 1.7082050204679142
1.6989627110927963 1.6986764590153602 1.6983902069379242 1.6981039548604882 1.697817702783052 1.697531450705616 1.6972451986281796 1.6969589465507435 1.6966726944733075 1.6963864423958714 1.6961001903184354 1.6958139382409994 1.6955276861635633 1.6952414340861273 1.6949551820086912 1.6946689299312552 1.6947225937056787 1.6951396352168824 1.6955566767280863 1.6959737182392909 1.6963907597504946 1.6968078012616985 1.6972248427729022 1.6976418842841061 1.69805892579531 1.6984759673065137 1.6988930088177177 1.6993100503289214 1.6997270918401253 1.700144133351329 1.7005611748625329 1.7009782163737366 1.7013952578849412 1.701812299396145 1.7022293409073488 1.7026463824185527 1.7030634239297564 1.7034804654409603 1.7038975069521642 1.704314548463368 1.7047315899745719 1.7051486314857756 1.7055656729969795 1.7059827145081832
1.6958219040733014 1.6955218832036199 1.6952218623339381 1.6949218414642566 1.6946218205945751 1.6943217997248936 1.6940217788552117 1.6937217579855302 1.6934217371158486 1.6931217162461671 1.6928216953764856 1.6925216745068041 1.6922216536371226 1.6919216327674411 1.6916216118977596 1.691321591028078 1.691388050611095 1.6918462860902566 1.692304521569418 1.6927627570485801 1.6932209925277415 1.6936792280069028 1.6941374634860642 1.6945956989652255 1.6950539344443871 1.6955121699235485 1.6959704054027098 1.6964286408818712 1.6968868763610327 1.697345111840194 1.6978033473193554 1.6982615827985168 1.698719818277679 1.6991780537568404 1.6996362892360017 1.7000945247151633 1.7005527601943247 1.701010995673486 1.7014692311526474 1.7019274666318087 1.7023857021109703 1.7028439375901316 1.703302173069293 1.7037604085484543
1.6948736117798366 1.6945748221639465 1.6942760325480566 1.6939772429321667 1.6936784533162765 1.6933796637003866 1.693080874084496 1.6927820844686061 1.6924832948527162 1.692184505236826 1.6918857156209361 1.6915869260050462 1.691288136389156 1.6909893467732662 1.6906905571573763 1.6903917675414861 1.6904699816559519 1.6909512212884832 1.6914324609210147 1.691913700553547 1.6923949401860783 1.6928761798186096 1.6933574194511412 1.6938386590836725 1.6943198987162038 1.6948011383487354 1.6952823779812667 1.6957636176137982 1.6962448572463296 1.696726096878861 1.6972073365113924 1.6976885761439238 1.698169815776456 1.6986510554089873 1.6991322950415189 1.6996135346740502 1.7000947743065815 1.700576013939113 1.7010572535716444 1.7015384932041757 1.7020197328367073 1.7025009724692386 1.7029822121017701 1.7034634517343015
1.69626897952809 1.6959874552697098 1.6957059310113296 1.6954244067529491 1.695142882494569 1.6948613582361887 1.694579833977808 1.6942983097194277 1.6940167854610473 1.693735261202667 1.6934537369442868 1.6931722126859066 1.6928906884275263 1.6926091641691459 1.6923276399107656 1.6920461156523854 1.692134971238666 1.692619771259329 1.6931045712799917 1.6935893713006553 1.694074171321318 1.6945589713419809 1.6950437713626436 1.6955285713833064 1.6960133714039691 1.6964981714246319 1.6969829714452949 1.6974677714659576 1.6979525714866204 1.6984373715072831 1.698922171527946 1.6994069715486086 1.6998917715692723 1.700376571589935 1.7008613716105978 1.7013461716312608 1.7018309716519235 1.7023157716725863 1.702800571693249 1.7032853717139118 1.7037701717345746 1.7042549717552375 1.7047397717759003 1.705224571796563
