Figures/CREST_Example_wjb_NSE/PETs/wjb.pet.20100928.asc
ncols            288
nrows            254
xllcorner        113.274861
yllcorner        31.4918055
cellsize         0.008333333333
NODATA_value     -9999
[rows 40 to 59 of 254, columns 132 to 175 of 288]
1.373333037440144 1.371975203798856 1.370617370157568 1.3692595365162799 1.3679017028749918 1.3665438692337037 1.3651860355924157 1.3638282019511276 1.3624703683098396 1.3611125346685515 1.3597547010272635 -9999.0 -9999.0 -9999.0 -9999.0 -9999.0 -9999.0 -9999.0 -9999.0 -9999.0 -9999.0 -9999.0 -9999.0 -9999.0 -9999.0 -9999.0 -9999.0 -9999.0 -9999.0 -9999.0 -9999.0 -9999.0 -9999.0 -9999.0 -9999.0 -9999.0 -9999.0 -9999.0 -9999.0 -9999.0 -9999.0 -9999.0 -9999.0 -9999.0
1.3764057555885016 1.3750140177299213 1.373622279871341 1.3722305420127605 1.3708388041541801 1.3694470662956 1.3680553284370196 1.3666635905784392 1.3652718527198588 1.3638801148612785 1.3624883770026983 1.3610966391441155 -9999.0 -9999.0 -9999.0 1.3555296877097942 1.3541379498512138 -9999.0 -9999.0 -9999.0 -9999.0 -9999.0 -9999.0 -9999.0 -9999.0 -9999.0 -9999.0 -9999.0 -9999.0 -9999.0 -9999.0 -9999.0 -9999.0 -9999.0 -9999.0 -9999.0 -9999.0 -9999.0 -9999.0 -9999.0 -9999.0 -9999.0 -9999.0 -9999.0
1.379478473736859 1.3780528316609864 1.3766271895851137 1.3752015475092412 1.3737759054333685 1.372350263357496 1.3709246212816233 1.3694989792057508 1.368073337129878 1.3666476950540054 1.365222052978133 1.3637964109022578 1.3623707688263853 1.3609451267505126 1.3595194846746401 1.3580938425987674 1.356668200522895 -9999.0 -9999.0 1.352391274295277 1.3509656322194044 1.3495399901435319 1.3481143480676592 -9999.0 -9999.0 -9999.0 -9999.0 -9999.0 -9999.0 -9999.0 -9999.0 -9999.0 -9999.0 -9999.0 -9999.0 -9999.0 -9999.0 -9999.0 -9999.0 -9999.0 -9999.0 -9999.0 -9999.0 -9999.0
1.3825511918852165 1.3810916455920514 1.3796320992988866 1.3781725530057216 1.3767130067125568 1.375253460419392 1.373793914126227 1.3723343678330622 1.3708748215398974 1.3694152752467323 1.3679557289535675 1.3664961826604 1.3650366363672353 1.3635770900740705 1.3621175437809054 1.3606579974877406 1.3591984511945756 1.3577389049014108 1.356279358608246 1.354819812315081 1.3533602660219162 1.3519007197287514 1.3504411734355863 1.3489816271424215 -9999.0 -9999.0 -9999.0 -9999.0 -9999.0 -9999.0 -9999.0 -9999.0 -9999.0 -9999.0 -9999.0 -9999.0 -9999.0 -9999.0 -9999.0 -9999.0 -9999.0 -9999.0 -9999.0 -9999.0
1.3856239100335739 1.3841304595231165 1.3826370090126594 1.3811435585022023 1.3796501079917451 1.378156657481288 1.3766632069708309 1.3751697564603738 1.3736763059499164 1.3721828554394593 1.3706894049290022 1.3691959544185424 1.3677025039080852 1.366209053397628 1.364715602887171 1.3632221523767138 1.3617287018662567 1.3602352513557996 1.3587418008453422 1.3572483503348851 1.355754899824428 1.3542614493139709 1.3527679988035137 1.3512745482930566 1.3497810977825968 -9999.0 -9999.0 -9999.0 -9999.0 -9999.0 -9999.0 -9999.0 -9999.0 -9999.0 -9999.0 -9999.0 -9999.0 -9999.0 -9999.0 -9999.0 -9999.0 -9999.0 -9999.0 -9999.0
1.3886966281819313 1.3871692734541818 1.3856419187264324 1.384114563998683 1.3825872092709335 1.381059854543184 1.3795324998154346 1.3780051450876851 1.3764777903599357 1.3749504356321862 1.3734230809044368 1.3718957261766846 1.3703683714489352 1.3688410167211857 1.3673136619934363 1.365786307265687 1.3642589525379376 1.3627315978101882 1.3612042430824387 1.3596768883546893 1.3581495336269398 1.3566221788991903 1.355094824171441 1.3535674694436914 1.3520401147159393 -9999.0 1.3489854052604404 1.347458050532691 1.3459306958049415 -9999.0 -9999.0 -9999.0 -9999.0 -9999.0 -9999.0 -9999.0 -9999.0 -9999.0 -9999.0 -9999.0 -9999.0 -9999.0 -9999.0 -9999.0
1.3917693463302911 1.3902080873852496 1.3886468284402078 1.387085569495166 1.3855243105501243 1.3839630516050825 1.3824017926600407 1.380840533714999 1.3792792747699572 1.3777180158249154 1.3761567568798738 1.3745954979348294 1.3730342389897876 1.3714729800447458 1.369911721099704 1.3683504621546623 1.3667892032096205 1.3652279442645787 1.363666685319537 1.3621054263744954 1.3605441674294536 1.3589829084844118 1.35742164953937 1.3558603905943283 1.3542991316492838 1.352737872704242 1.3511766137592003 1.3496153548141585 1.348054095869117 -9999.0 -9999.0 -9999.0 -9999.0 -9999.0 -9999.0 -9999.0 -9999.0 -9999.0 -9999.0 -9999.0 -9999.0 -9999.0 -9999.0 -9999.0
1.3948420644786488 1.393246901316315 1.3916517381539808 1.3900565749916467 1.3884614118293128 1.3868662486669787 1.3852710855046446 1.3836759223423107 1.3820807591799766 1.3804855960176425 1.3788904328553084 1.3772952696929717 1.3757001065306378 1.3741049433683037 1.3725097802059696 1.3709146170436357 1.3693194538813016 1.3677242907189675 1.3661291275566336 1.3645339643942995 1.3629388012319654 1.3613436380696315 1.3597484749072974 1.3581533117449633 1.3565581485826266 1.3549629854202925 1.3533678222579586 1.3517726590956245 -9999.0 -9999.0 -9999.0 -9999.0 -9999.0 -9999.0 -9999.0 -9999.0 -9999.0 -9999.0 -9999.0 -9999.0 -9999.0 -9999.0 -9999.0 -9999.0
1.3979147826270062 1.39628571524738 1.3946566478677536 1.3930275804881274 1.391398513108501 1.3897694457288747 1.3881403783492483 1.386511310969622 1.3848822435899957 1.3832531762103695 1.381624108830743 1.379995041451114 1.3783659740714878 1.3767369066918613 1.3751078393122351 1.3734787719326087 1.3718497045529825 1.370220637173356 1.3685915697937299 1.3669625024141034 1.3653334350344772 1.3637043676548508 1.3620753002752246 1.3604462328955982 1.358817165515969 1.357188098136343 1.3555590307567165 1.3539299633770903 1.3523008959974638 1.3506718286178376 1.3506843256821124 -9999.0 -9999.0 -9999.0 -9999.0 -9999.0 -9999.0 -9999.0 -9999.0 -9999.0 -9999.0 -9999.0 -9999.0 -9999.0
1.4009875007753636 1.399324529178445 1.3976615575815265 1.395998585984608 1.3943356143876893 1.3926726427907707 1.3910096711938522 1.3893466995969335 1.387683728000015 1.3860207564030964 1.3843577848061779 1.3826948132092565 1.3810318416123377 1.3793688700154192 1.3777058984185007 1.376042926821582 1.3743799552246634 1.3727169836277449 1.3710540120308263 1.3693910404339076 1.367728068836989 1.3660650972400705 1.364402125643152 1.3627391540462332 1.3610761824493118 1.3594132108523933 1.3577502392554748 1.356087267658556 1.3544242960616375 1.352761324464719 1.352719530934613 1.3544108134313584 1.3561020959281038 1.3577933784248493 -9999.0 -9999.0 -9999.0 -9999.0 -9999.0 -9999.0 -9999.0 -9999.0 -9999.0 -9999.0
1.404060218923721 1.4023633431095102 1.4006664672952993 1.3989695914810885 1.3972727156668776 1.3955758398526668 1.393878964038456 1.392182088224245 1.3904852124100342 1.3887883365958233 1.3870914607816125 1.3853945849673985 1.3836977091531877 1.3820008333389768 1.380303957524766 1.3786070817105551 1.3769102058963443 1.3752133300821334 1.3735164542679226 1.3718195784537117 1.3701227026395009 1.36842582682529 1.3667289510110792 1.365032075196868 1.3633351993826544 1.3616383235684435 1.3599414477542326 1.3582445719400218 1.356547696125811 1.3548508203116 1.354754736187113 1.3563699345912001 1.3579851329952872 1.3596003313993743 1.3612155298034614 1.3628307282075485 1.3644459266116356 -9999.0 -9999.0 -9999.0 -9999.0 -9999.0 -9999.0 -9999.0
1.4071329370720784 1.4054021570405753 1.4036713770090723 1.4019405969775691 1.400209816946066 1.3984790369145628 1.3967482568830596 1.3950174768515564 1.3932866968200532 1.3915559167885503 1.389825136757047 1.388094356725541 1.3863635766940379 1.3846327966625347 1.3829020166310315 1.3811712365995283 1.3794404565680252 1.3777096765365222 1.375978896505019 1.3742481164735159 1.3725173364420127 1.3707865564105095 1.3690557763790063 1.3673249963475032 1.365594216315997 1.363863436284494 1.362132656252991 1.3604018762214878 1.3586710961899846 1.3569403161584814 1.3567899414396136 1.3583290557510421 1.3598681700624708 1.3614072843738994 1.362946398685328 1.3644855129967568 1.3660246273081853 1.3675637416196165 -9999.0 -9999.0 -9999.0 -9999.0 -9999.0 -9999.0
1.410205655220436 1.4084409709716408 1.4066762867228453 1.4049116024740498 1.4031469182252543 1.401382233976459 1.3996175497276635 1.397852865478868 1.3960881812300727 1.3943234969812772 1.3925588127324817 1.3907941284836833 1.3890294442348878 1.3872647599860926 1.385500075737297 1.3837353914885016 1.3819707072397063 1.3802060229909108 1.3784413387421153 1.37667665449332 1.3749119702445245 1.373147285995729 1.3713826017469337 1.3696179174981382 1.3678532332493398 1.3660885490005443 1.3643238647517488 1.3625591805029533 1.360794496254158 1.3590298120053625 1.3588251466921137 1.360288176910884 1.3617512071296543 1.3632142373484244 1.3646772675671945 1.3661402977859647 1.367603328004735 1.3690663582235076 1.3705293884422778 1.3719924186610482 1.3734554488798183 -9999.0 -9999.0 -9999.0
1.4132783733687961 1.4114797849027085 1.4096811964366207 1.4078826079705329 1.4060840195044453 1.4042854310383575 1.4024868425722699 1.400688254106182 1.3988896656400942 1.3970910771740066 1.3952924887079188 1.393493900241828 1.3916953117757402 1.3898967233096526 1.3880981348435648 1.386299546377477 1.3845009579113894 1.3827023694453016 1.380903780979214 1.3791051925131261 1.3773066040470383 1.3755080155809507 1.3737094271148629 1.3719108386487753 1.3701122501826843 1.3683136617165967 1.366515073250509 1.364716484784421 1.3629178963183335 1.3611193078522457 1.360860351944616 1.3622472980707276 1.3636342441968394 1.365021190322951 1.3664081364490628 1.3677950825751746 1.3691820287012861 1.3705689748274001 1.371955920953512 1.3733428670796237 1.3747298132057353 -9999.0 -9999.0 -9999.0
1.4163510915171535 1.4145185988337736 1.4126861061503935 1.4108536134670135 1.4090211207836336 1.4071886281002535 1.4053561354168735 1.4035236427334934 1.4016911500501135 1.3998586573667335 1.3980261646833534 1.3961936719999704 1.3943611793165902 1.3925286866332103 1.3906961939498301 1.3888637012664502 1.3870312085830703 1.3851987158996901 1.3833662232163102 1.38153373053293 1.3797012378495501 1.3778687451661702 1.37603625248279 1.3742037597994101 1.3723712671160269 1.370538774432647 1.368706281749267 1.3668737890658869 1.365041296382507 1.3632088036991268 1.3628955571971162 1.3642064192305694 1.3655172812640228 1.366828143297476 1.3681390053309292 1.3694498673643825 1.3707607293978359 1.3720715914312913 1.3733824534647445 1.3746933154981977 1.3760041775316512 1.3773150395651044 -9999.0 -9999.0
1.419423809665511 1.4175574127648387 1.4156910158641665 1.413824618963494 1.4119582220628217 1.4100918251621495 1.4082254282614772 1.406359031360805 1.4044926344601325 1.4026262375594603 1.400759840658788 1.3988934437581124 1.3970270468574402 1.395160649956768 1.3932942530560957 1.3914278561554234 1.389561459254751 1.3876950623540787 1.3858286654534064 1.3839622685527342 1.382095871652062 1.3802294747513895 1.3783630778507172 1.376496680950045 1.3746302840493694 1.3727638871486971 1.3708974902480249 1.3690310933473526 1.3671646964466804 1.365298299546008 1.3649307624496165 1.3661655403904114 1.3674003183312062 1.3686350962720009 1.3698698742127957 1.3711046521535906 1.3723394300943854 1.3735742080351825 1.3748089859759773 1.3760437639167722 1.3772785418575668 1.3785133197983617 1.3797480977391565 -9999.0
1.4224965278138684 1.4205962266959038 1.4186959255779392 1.4167956244599746 1.41489532334201 1.4129950222240455 1.411094721106081 1.4091944199881163 1.4072941188701518 1.4053938177521872 1.4034935166342226 1.401593215516255 1.3996929143982904 1.3977926132803258 1.3958923121623612 1.3939920110443966 1.392091709926432 1.3901914088084675 1.388291107690503 1.3863908065725383 1.3844905054545737 1.3825902043366092 1.3806899032186446 1.37878960210068 1.3768893009827121 1.3749889998647475 1.373088698746783 1.3711883976288184 1.3692880965108538 1.3673877953928892 1.3669659677021169 1.3681246615502534 1.3692833553983896 1.3704420492465261 1.3716007430946626 1.372759436942799 1.3739181307909354 1.3750768246390737 1.3762355184872102 1.3773942123353464 1.378552906183483 1.3797116000316194 1.3808702938797557 1.3820289877278922
1.4255692459622258 1.4236350406269689 1.421700835291712 1.4197666299564553 1.4178324246211984 1.4158982192859415 1.4139640139506846 1.412029808615428 1.410095603280171 1.4081613979449141 1.4062271926096572 1.4042929872743972 1.4023587819391403 1.4004245766038834 1.3984903712686265 1.3965561659333696 1.394621960598113 1.392687755262856 1.3907535499275991 1.3888193445923422 1.3868851392570853 1.3849509339218287 1.3830167285865718 1.3810825232513149 1.3791483179160546 1.377214112580798 1.375279907245541 1.3733457019102842 1.3714114965750273 1.3694772912397706 1.3690011729546172 1.3700837827100951 1.371166392465573 1.3722490022210512 1.373331611976529 1.374414221732007 1.375496831487485 1.3765794412429648 1.3776620509984427 1.3787446607539207 1.3798272705093988 1.3809098802648767 1.3819924900203546 1.3830750997758328
1.4288468091082616 1.426902752996793 1.4249586968853245 1.423014640773856 1.4210705846623874 1.419126528550919 1.4171824724394504 1.4152384163279819 1.4132943602165133 1.4113503041050448 1.4094062479935763 1.4074621918821044 1.405518135770636 1.4035740796591674 1.4016300235476988 1.3996859674362303 1.3977419113247618 1.3957978552132932 1.3938537991018247 1.3919097429903562 1.3899656868788877 1.3880216307674191 1.3860775746559506 1.384133518544482 1.3821894624330102 1.3802454063215417 1.3783013502100732 1.3763572940986046 1.374413237987136 1.3724691818756676 1.3719777693120978 1.3730392655621624 1.374100761812227 1.3751622580622915 1.376223754312356 1.3772852505624207 1.3783467468124853 1.3794082430625516 1.3804697393126162 1.3815312355626808 1.3825927318127453 1.38365422806281 1.3847157243128745 1.385777220562939
1.4323433386406494 1.4304151433648338 1.428486948089018 1.4265587528132024 1.4246305575373868 1.422702362261571 1.4207741669857556 1.41884597170994 1.4169177764341243 1.4149895811583086 1.413061385882493 1.411133190606674 1.4092049953308583 1.4072768000550429 1.4053486047792272 1.4034204095034115 1.4014922142275958 1.3995640189517802 1.3976358236759645 1.3957076284001488 1.3937794331243332 1.3918512378485177 1.389923042572702 1.3879948472968864 1.3860666520210674 1.3841384567452517 1.382210261469436 1.3802820661936206 1.378353870917805 1.3764256756419893 1.3759606534029196 1.3770597962392548 1.37815893907559 1.379258081911925 1.38035722474826 1.3814563675845952 1.3825555104209302 1.3836546532572673 1.3847537960936023 1.3858529389299374 1.3869520817662726 1.3880512246026075 1.3891503674389427 1.3902495102752779
