Figures/CREST_Example_wjb_NSE/PETs/wjb.pet.20090603.asc
ncols            288
nrows            254
xllcorner        113.274861
yllcorner        31.4918055
cellsize         0.008333333333
NODATA_value     -9999
[rows 60 to 79 of 254, columns 0 to 43 of 288]
-9999.0 -9999.0 -9999.0 -9999.0 -9999.0 -9999.0 -9999.0 -9999.0 -9999.0 -9999.0 -9999.0 3.883031165333828 3.8843496016293466 3.8868207192057405 3.88929183678213 3.8917629543585193 3.8942340719349087 3.896705189511298 3.899176307087688 3.9016474246640773 3.9041185422404667 3.906589659816856 3.909060777393246 3.9115318949696354 3.914003012546025 3.916474130122414 3.918945247698808 3.9214163652751974 3.923887482851587 3.9263586004279767 3.928829718004366 3.9313008355807555 3.933771953157145 3.9362430707335347 3.938714188309924 3.9411853058863136 3.943656423462703 3.9461275410390924 3.948598658615482 3.9510697761918756 3.9535408937682655 3.956012011344655 3.9557822384530144 3.952665152608444
-9999.0 -9999.0 -9999.0 -9999.0 -9999.0 -9999.0 -9999.0 -9999.0 -9999.0 3.880048060863117 3.8803392434604627 3.8806304260578077 3.8820204333434343 3.8845851090496466 3.887149784755854 3.889714460462062 3.8922791361682694 3.8948438118744773 3.8974084875806847 3.8999731632868926 3.9025378389931 3.905102514699308 3.9076671904055154 3.9102318661117232 3.9127965418179307 3.915361217524138 3.9179258932303505 3.920490568936558 3.923055244642766 3.9256199203489732 3.928184596055181 3.9307492717613886 3.9333139474675964 3.935878623173804 3.9384432988800118 3.941007974586219 3.9435726502924267 3.9461373259986345 3.948702001704842 3.9512666774110543 3.9538313531172617 3.9563960288234696 3.956212488573559 3.953091043354352
-9999.0 -9999.0 -9999.0 -9999.0 -9999.0 -9999.0 -9999.0 -9999.0 -9999.0 3.8775453146395686 3.8778875007106786 3.8782296867817885 3.879691265057523 3.882349498893553 3.885007732729579 3.8876659665656046 3.8903242004016305 3.8929824342376564 3.8956406680736824 3.898298901909708 3.9009571357457338 3.9036153695817597 3.906273603417785 3.908931837253811 3.911590071089837 3.914248304925863 3.9169065387618933 3.919564772597919 3.9222230064339447 3.9248812402699707 3.927539474105996 3.930197707942022 3.932855941778048 3.935514175614074 3.9381724094500994 3.9408306432861253 3.9434888771221512 3.9461471109581767 3.9488053447942026 3.951463578630233 3.954121812466259 3.9567800463022844 3.956642738694103 3.9535169341002594
-9999.0 -9999.0 -9999.0 -9999.0 -9999.0 -9999.0 -9999.0 -9999.0 -9999.0 3.8750425684160197 3.875435757960894 3.8758289475057683 3.877362096771611 3.8801138887374593 3.8828656807033033 3.8856174726691473 3.888369264634991 3.891121056600835 3.893872848566679 3.896624640532523 3.899376432498367 3.902128224464211 3.904880016430055 3.907631808395899 3.910383600361743 3.913135392327587 3.9158871842934357 3.9186389762592797 3.9213907682251237 3.9241425601909676 3.9268943521568116 3.9296461441226556 3.9323979360884995 3.9351497280543435 3.9379015200201875 3.9406533119860314 3.9434051039518754 3.9461568959177193 3.9489086878835633 3.9516604798494117 3.9544122718152557 3.9571640637810996 3.957072988814648 3.9539428248461674
-9999.0 -9999.0 -9999.0 -9999.0 -9999.0 -9999.0 -9999.0 -9999.0 3.872095629173832 3.8725398221924707 3.8729840152111095 3.8734282082297486 3.8750329284856986 3.877878278581366 3.880723628677028 3.88356897877269 3.886414328868352 3.8892596789640144 3.8921050290596764 3.8949503791553384 3.897795729251001 3.900641079346663 3.903486429442325 3.906331779537987 3.9091771296336493 3.9120224797293113 3.914867829824978 3.91771317992064 3.9205585300163026 3.9234038801119646 3.9262492302076266 3.9290945803032886 3.931939930398951 3.934785280494613 3.937630630590275 3.940475980685937 3.9433213307815995 3.9461666808772615 3.9490120309729235 3.951857381068591 3.954702731164253 3.957548081259915 3.9575032389351925 3.954368715592075
-9999.0 -9999.0 -9999.0 -9999.0 -9999.0 -9999.0 -9999.0 -9999.0 3.869541879476519 3.870037075968922 3.870532272461326 3.871027468953729 3.872703760199787 3.8756426684252725 3.8785815766507525 3.881520484876233 3.884459393101713 3.8873983013271936 3.8903372095526736 3.893276117778154 3.896215026003634 3.8991539342291146 3.9020928424545946 3.905031750680075 3.907970658905555 3.9109095671310357 3.9138484753565206 3.916787383582001 3.919726291807481 3.9226652000329616 3.9256041082584416 3.928543016483922 3.931481924709402 3.9344208329348827 3.9373597411603627 3.940298649385843 3.943237557611323 3.9461764658368037 3.9491153740622837 3.952054282287769 3.954993190513249 3.9579320987387296 3.957933489055737 3.9547946063379826
-9999.0 -9999.0 -9999.0 -9999.0 -9999.0 -9999.0 -9999.0 -9999.0 3.866988129779203 3.867534329745371 3.868080529711539 3.868626729677707 3.870374591913873 3.8734070582691764 3.876439524624475 3.8794719909797735 3.882504457335072 3.8855369236903705 3.888569390045669 3.8916018564009676 3.894634322756266 3.8976667891115646 3.900699255466863 3.9037317218221617 3.90676418817746 3.9097966545327587 3.9128291208880626 3.9158615872433606 3.918894053598659 3.9219265199539577 3.924958986309256 3.9279914526645547 3.9310239190198533 3.934056385375152 3.9370888517304503 3.940121318085749 3.9431537844410474 3.946186250796346 3.9492187171516444 3.9522511835069483 3.955283649862247 3.9583161162175453 3.958363739176282 3.9552204970838907
-9999.0 -9999.0 -9999.0 -9999.0 -9999.0 -9999.0 -9999.0 -9999.0 3.86443438008189 3.8650315835218225 3.865628786961755 3.8662259904016874 3.868045423627961 3.8711714481130834 3.8742974725982 3.8774234970833166 3.880549521568433 3.8836755460535497 3.8868015705386667 3.8899275950237833 3.8930536195089 3.8961796439940164 3.899305668479133 3.90243169296425 3.9055577174493665 3.908683741934483 3.911809766419605 3.914935790904722 3.9180618153898386 3.921187839874955 3.9243138643600717 3.9274398888451882 3.9305659133303052 3.933691937815422 3.9368179623005384 3.939943986785655 3.9430700112707715 3.9461960357558885 3.949322060241005 3.952448084726127 3.9555741092112435 3.95870013369636 3.9587939892968267 3.9556463878297987
-9999.0 -9999.0 -9999.0 -9999.0 -9999.0 -9999.0 -9999.0 3.86123242347088 3.8618806303845767 3.8625288372982736 3.8631770442119704 3.863825251125667 3.865716255342049 3.8689358379569896 3.872155420571924 3.8753750031868592 3.878594585801794 3.881814168416729 3.8850337510316635 3.8882533336465985 3.891472916261533 3.8946924988764677 3.897912081491403 3.9011316641063374 3.9043512467212724 3.907570829336207 3.9107904119511474 3.9140099945660825 3.917229577181017 3.9204491597959517 3.9236687424108867 3.9268883250258213 3.9301079076407563 3.933327490255691 3.936547072870626 3.9397666554855606 3.9429862381004956 3.9462058207154302 3.9494254033303653 3.9526449859453052 3.9558645685602403 3.959084151175175 3.9592242394173707 3.956072278575706
-9999.0 -9999.0 -9999.0 -9999.0 -9999.0 -9999.0 -9999.0 3.8586276702998017 3.8593268806872634 3.8600260910747246 3.8607253014621863 3.8614245118496475 3.8633870870561373 3.8667002278008957 3.870013368545649 3.873326509290402 3.8766396500351545 3.8799527907799076 3.8832659315246607 3.886579072269414 3.8898922130141664 3.8932053537589195 3.8965184945036726 3.8998316352484252 3.9031447759931783 3.9064579167379314 3.90977105748269 3.913084198227443 3.916397338972196 3.919710479716949 3.9230236204617017 3.926336761206455 3.929649901951208 3.9329630426959605 3.9362761834407136 3.9395893241854667 3.94290246493022 3.9462156056749724 3.9495287464197255 3.9528418871644844 3.956155027909237 3.95946816865399 3.959654489537915 3.956498169321614
-9999.0 -9999.0 -9999.0 -9999.0 -9999.0 -9999.0 -9999.0 3.8560229171287244 3.85677313098995 3.857523344851176 3.858273558712402 3.859023772573628 3.8610579187702254 3.8644646176448023 3.8678713165193734 3.8712780153939446 3.8746847142685157 3.878091413143087 3.881498112017658 3.884904810892229 3.8883115097668 3.8917182086413713 3.8951249075159424 3.8985316063905135 3.9019383052650847 3.905345004139656 3.9087517030142327 3.912158401888804 3.915565100763375 3.918971799637946 3.922378498512517 3.9257851973870883 3.9291918962616594 3.9325985951362306 3.9360052940108017 3.939411992885373 3.942818691759944 3.946225390634515 3.949632089509086 3.953038788383663 3.956445487258234 3.9598521861328053 3.96008473965846 3.9569240600675215
-9999.0 -9999.0 -9999.0 -9999.0 -9999.0 -9999.0 3.852616946622656 3.8534181639576466 3.8542193812926366 3.855020598627627 3.8558218159626176 3.856623033297608 3.8587287504843135 3.862229007488709 3.865729264493098 3.8692295214974872 3.8727297785018764 3.8762300355062655 3.879730292510655 3.8832305495150443 3.8867308065194335 3.8902310635238226 3.8937313205282122 3.8972315775326014 3.9007318345369906 3.9042320915413797 3.907732348545775 3.9112326055501643 3.9147328625545534 3.918233119558943 3.921733376563332 3.9252336335677214 3.9287338905721105 3.9322341475764997 3.9357344045808893 3.9392346615852785 3.9427349185896676 3.946235175594057 3.9497354325984464 3.9532356896028413 3.9567359466072305 3.96023620361162 3.960514989779004 3.957349950813429
-9999.0 -9999.0 -9999.0 -9999.0 -9999.0 -9999.0 -9999.0 3.8508134107865666 3.8516656315953215 3.8525178524040764 3.8533700732128313 3.8542222940215862 3.8563995821984 3.8599933973326133 3.863587212466821 3.867181027601028 3.8707748427352358 3.8743686578694434 3.8779624730036506 3.8815562881378582 3.885150103272066 3.888743918406273 3.8923377335404807 3.8959315486746884 3.8995253638088956 3.9031191789431032 3.906712994077317 3.9103068092115243 3.913900624345732 3.9174944394799396 3.921088254614147 3.9246820697483544 3.928275884882562 3.9318697000167693 3.935463515150977 3.9390573302851846 3.9426511454193918 3.9462449605535994 3.949838775687807 3.9534325908220205 3.957026405956228 3.9606202210904353 3.9609452398995493 3.957775841559337
-9999.0 -9999.0 -9999.0 -9999.0 -9999.0 -9999.0 -9999.0 -9999.0 3.849111881898008 3.8500151061805274 3.8509183304630468 3.8518215547455665 3.8540704139124875 3.8577577871765194 3.861445160440545 3.8651325337045708 3.8688199069685965 3.872507280232622 3.876194653496648 3.8798820267606735 3.883569400024699 3.887256773288725 3.8909441465527506 3.8946315198167762 3.898318893080802 3.9020062663448276 3.9056936396088595 3.909381012872885 3.913068386136911 3.9167557594009366 3.9204431326649622 3.924130505928988 3.9278178791930136 3.931505252457039 3.9351926257210645 3.9388799989850902 3.942567372249116 3.9462547455131416 3.9499421187771673 3.953629492041199 3.957316865305225 3.9610042385692505 3.9613754900200937 3.9582017323052447
-9999.0 -9999.0 -9999.0 -9999.0 -9999.0 -9999.0 -9999.0 -9999.0 -9999.0 3.8475123599569785 3.8484665877132627 3.8494208154695464 3.8517412456265756 3.855522177020426 3.8593031084142697 3.8630840398081134 3.866864971201957 3.870645902595801 3.874426833989645 3.8782077653834888 3.8819886967773325 3.885769628171176 3.88955055956502 3.893331490958864 3.897112422352708 3.9008933537465516 3.904674285140402 3.9084552165342457 3.9122361479280894 3.916017079321933 3.919798010715777 3.923578942109621 3.9273598735034647 3.9311408048973084 3.934921736291152 3.938702667684996 3.94248359907884 3.9462645304726838 3.9500454618665275 3.953826393260378 3.9576073246542216 3.9613882560480653 3.961805740140638 3.9586276230511523
-9999.0 -9999.0 -9999.0 -9999.0 -9999.0 -9999.0 -9999.0 -9999.0 -9999.0 -9999.0 3.8460148449634786 3.847020076193527 3.849412077340664 3.8532865668643326 3.8571610563879943 3.8610355459116565 3.8649100354353183 3.8687845249589805 3.8726590144826423 3.876533504006304 3.8804079935299662 3.884282483053628 3.88815697257729 3.892031462100952 3.895905951624614 3.899780441148276 3.9036549306719444 3.9075294201956066 3.9114039097192683 3.9152783992429305 3.9191528887665923 3.9230273782902545 3.9269018678139163 3.930776357337578 3.9346508468612402 3.938525336384902 3.942399825908564 3.946274315432226 3.950148804955888 3.9540232944795566 3.9578977840032183 3.9617722735268806 3.9622359902611826 3.95905351379706
-9999.0 -9999.0 -9999.0 -9999.0 -9999.0 -9999.0 -9999.0 -9999.0 -9999.0 -9999.0 -9999.0 3.844619336917507 3.847082909054752 3.8510509567082387 3.855019004361719 3.858987052015199 3.862955099668679 3.8669231473221592 3.8708911949756395 3.8748592426291193 3.8788272902825995 3.88279533793608 3.88676338558956 3.89073143324304 3.89469948089652 3.8986675285500003 3.9026355762034872 3.906603623856967 3.9105716715104473 3.9145397191639275 3.9185077668174078 3.9224758144708876 3.926443862124368 3.930411909777848 3.934379957431328 3.938348005084808 3.9423160527382883 3.9462841003917686 3.9502521480452484 3.9542201956987353 3.9581882433522155 3.9621562910056958 3.962666240381727 3.959479404542968
-9999.0 -9999.0 -9999.0 -9999.0 -9999.0 -9999.0 -9999.0 -9999.0 -9999.0 -9999.0 -9999.0 3.8422185976414873 3.84475374076884 3.848815346552145 3.852876952335443 3.8569385581187414 3.8610001639020397 3.865061769685338 3.8691233754686363 3.8731849812519346 3.877246587035233 3.881308192818531 3.8853697986018294 3.8894314043851277 3.893493010168426 3.8975546159517243 3.9016162217350296 3.905677827518328 3.909739433301626 3.9138010390849245 3.9178626448682228 3.921924250651521 3.9259858564348193 3.9300474622181176 3.934109068001416 3.938170673784714 3.9422322795680125 3.9462938853513108 3.950355491134609 3.954417096917914 3.9584787027012123 3.9625403084845106 3.963096490502272 3.9599052952888756
-9999.0 -9999.0 -9999.0 -9999.0 -9999.0 -9999.0 -9999.0 -9999.0 -9999.0 -9999.0 -9999.0 3.839817858365467 3.8424245724829276 3.8465797363960514 3.8507349003091678 3.854890064222284 3.8590452281354004 3.863200392048517 3.8673555559616335 3.87151071987475 3.875665883787866 3.879821047700983 3.8839762116140992 3.8881313755272155 3.892286539440332 3.8964417033534486 3.900596867266572 3.9047520311796884 3.9089071950928047 3.913062359005921 3.917217522919038 3.921372686832154 3.9255278507452704 3.9296830146583868 3.9338381785715035 3.93799334248462 3.942148506397736 3.9463036703108525 3.9504588342239693 3.9546139981370927 3.958769162050209 3.9629243259633253 3.963526740622816 3.960331186034783
-9999.0 -9999.0 -9999.0 -9999.0 -9999.0 -9999.0 -9999.0 -9999.0 -9999.0 -9999.0 -9999.0 -9999.0 3.840095404197014 3.844344126239956 3.8485928482828906 3.8528415703258254 3.8570902923687598 3.8613390144116946 3.8655877364546294 3.8698364584975637 3.8740851805404986 3.8783339025834334 3.8825826246263677 3.8868313466693025 3.8910800687122373 3.8953287907551717 3.8995775127981136 3.9038262348410484 3.908074956883983 3.9123236789269176 3.9165724009698524 3.920821123012787 3.925069845055722 3.9293185670986563 3.933567289141591 3.937816011184526 3.9420647332274603 3.946313455270395 3.95056217731333 3.954810899356272 3.959059621399206 3.963308343442141 3.963956990743361 3.960757076780691
