Figures/CREST_Example_wjb_NSE/PETs/wjb.pet.20100831.asc
ncols            288
nrows            254
xllcorner        113.274861
yllcorner        31.4918055
cellsize         0.008333333333
NODATA_value     -9999
[rows 60 to 79 of 254, columns 132 to 175 of 288]
2.7087474419327053 2.7074075447867325 2.7060676476407597 2.7047277504947864 2.7033878533488136 2.7020479562028408 2.700708059056868 2.6993681619108947 2.698028264764922 2.696688367618949 2.695348470472976 2.6940085733270007 2.692668676181028 2.691328779035055 2.6899888818890823 2.688648984743109 2.687309087597136 2.6859691904511633 2.6846292933051905 2.6832893961592172 2.6819494990132444 2.6806096018672716 2.6792697047212988 2.6779298075753255 2.6765899104293505 2.6752500132833776 2.6739101161374044 2.6725702189914315 2.6712303218454587 2.669890424699486 2.6696908387937257 2.670710271399268 2.6717297040048105 2.672749136610353 2.6737685692158957 2.674788001821438 2.6758074344269804 2.6768268670325246 2.677846299638067 2.67886573224361 2.679885164849152 2.6809045974546946 2.681924030060237 2.6829434626657793
2.7110619897425736 2.7098080571452896 2.708554124548005 2.707300191950721 2.706046259353437 2.704792326756153 2.7035383941588687 2.7022844615615846 2.7010305289643006 2.6997765963670166 2.698522663769732 2.697268731172446 2.696014798575162 2.694760865977878 2.693506933380594 2.6922530007833094 2.6909990681860254 2.6897451355887414 2.6884912029914574 2.687237270394173 2.685983337796889 2.684729405199605 2.683475472602321 2.6822215400050364 2.68096760740775 2.679713674810466 2.678459742213182 2.6772058096158977 2.6759518770186137 2.6746979444213297 2.674537563320381 2.6755462135067556 2.67655486369313 2.6775635138795044 2.678572164065879 2.6795808142522537 2.6805894644386283 2.6815981146250043 2.682606764811379 2.6836154149977536 2.684624065184128 2.685632715370503 2.686641365556877 2.6876500157432517
2.713376537552442 2.7122085695038463 2.711040601455251 2.709872633406656 2.7087046653580606 2.707536697309465 2.70636872926087 2.7052007612122746 2.7040327931636794 2.7028648251150837 2.7016968570664885 2.700528889017891 2.699360920969296 2.6981929529207007 2.6970249848721055 2.69585701682351 2.6946890487749147 2.6935210807263195 2.6923531126777243 2.6911851446291286 2.6900171765805334 2.688849208531938 2.687681240483343 2.6865132724347474 2.6853453043861504 2.6841773363375547 2.6830093682889595 2.6818414002403643 2.680673432191769 2.6795054641431735 2.679384287847036 2.6803821556142426 2.681380023381449 2.682377891148656 2.6833757589158624 2.6843736266830693 2.685371494450276 2.686369362217484 2.687367229984691 2.6883650977518974 2.689362965519104 2.6903608332863107 2.691358701053517 2.6923565688207236
2.7156910853623097 2.7146090818624034 2.713527078362497 2.71244507486259 2.7113630713626837 2.7102810678627773 2.709199064362871 2.708117060862964 2.7070350573630577 2.7059530538631513 2.704871050363245 2.7037890468633363 2.70270704336343 2.7016250398635235 2.700543036363617 2.6994610328637103 2.698379029363804 2.6972970258638975 2.696215022363991 2.6951330188640843 2.694051015364178 2.6929690118642715 2.6918870083643647 2.6908050048644583 2.68972300136455 2.6886409978646437 2.687558994364737 2.6864769908648305 2.685394987364924 2.6843129838650177 2.684231012373691 2.6852180977217297 2.6862051830697684 2.687192268417807 2.688179353765846 2.6891664391138845 2.6901535244619232 2.6911406098099637 2.6921276951580024 2.693114780506041 2.69410186585408 2.6950889512021186 2.6960760365501573 2.697063121898196
2.718005633172178 2.7170095942209604 2.7160135552697424 2.715017516318525 2.7140214773673073 2.7130254384160897 2.7120293994648716 2.711033360513654 2.7100373215624365 2.709041282611219 2.708045243660001 2.7070492047087815 2.706053165757564 2.7050571268063464 2.7040610878551288 2.7030650489039107 2.702069009952693 2.7010729710014756 2.7000769320502576 2.69908089309904 2.6980848541478224 2.697088815196605 2.696092776245387 2.695096737294169 2.69410069834295 2.6931046593917323 2.6921086204405147 2.6911125814892967 2.690116542538079 2.6891205035868615 2.6890777369003462 2.690054039829217 2.6910303427580877 2.6920066456869587 2.6929829486158297 2.6939592515447 2.694935554473571 2.6959118574024434 2.6968881603313144 2.697864463260185 2.698840766189056 2.699817069117927 2.7007933720467974 2.7017696749756683
2.7203201809820463 2.719410106579517 2.7185000321769883 2.7175899577744596 2.716679883371931 2.7157698089694016 2.714859734566873 2.713949660164344 2.7130395857618153 2.712129511359286 2.7112194369567573 2.7103093625542267 2.709399288151698 2.708489213749169 2.70757913934664 2.706669064944111 2.7057589905415824 2.7048489161390536 2.7039388417365244 2.7030287673339957 2.702118692931467 2.701208618528938 2.700298544126409 2.69938846972388 2.6984783953213496 2.697568320918821 2.696658246516292 2.6957481721137633 2.694838097711234 2.6939280233087053 2.6939244614270015 2.6948899819367043 2.6958555024464075 2.6968210229561103 2.697786543465813 2.698752063975516 2.6997175844852186 2.700683104994923 2.7016486255046264 2.702614146014329 2.703579666524032 2.7045451870337347 2.7055107075434375 2.7064762280531407
2.722634728791916 2.721810618938076 2.720986509084236 2.720162399230396 2.719338289376556 2.718514179522716 2.717690069668876 2.716865959815036 2.7160418499611962 2.7152177401073563 2.7143936302535163 2.713569520399675 2.712745410545835 2.7119213006919947 2.7110971908381547 2.7102730809843147 2.709448971130475 2.708624861276635 2.707800751422795 2.706976641568955 2.706152531715115 2.705328421861275 2.704504312007435 2.703680202153595 2.7028560922997538 2.702031982445914 2.7012078725920734 2.7003837627382334 2.6995596528843935 2.6987355430305535 2.698771185953661 2.699725924044196 2.700680662134731 2.701635400225266 2.702590138315801 2.703544876406336 2.704499614496871 2.7054543525874073 2.7064090906779423 2.707363828768477 2.708318566859012 2.709273304949547 2.710228043040082 2.7111827811306166
2.724949276601784 2.724211131296633 2.723472985991482 2.7227348406863308 2.7219966953811796 2.7212585500760285 2.7205204047708773 2.719782259465726 2.719044114160575 2.718305968855424 2.7175678235502723 2.7168296782451202 2.716091532939969 2.7153533876348175 2.7146152423296663 2.713877097024515 2.713138951719364 2.712400806414213 2.7116626611090617 2.7109245158039106 2.7101863704987594 2.7094482251936083 2.708710079888457 2.707971934583306 2.7072337892781535 2.7064956439730024 2.705757498667851 2.7050193533627 2.704281208057549 2.7035430627523978 2.7036179104803164 2.7045618661516833 2.7055058218230505 2.7064497774944174 2.7073937331657842 2.7083376888371515 2.7092816445085184 2.710225600179887 2.711169555851254 2.712113511522621 2.713057467193988 2.714001422865355 2.714945378536722 2.715889334208089
2.7272638244116525 2.72661164365519 2.725959462898728 2.7253072821422655 2.724655101385803 2.7240029206293404 2.723350739872878 2.7226985591164157 2.7220463783599533 2.721394197603491 2.7207420168470287 2.7200898360905654 2.7194376553341026 2.7187854745776403 2.718133293821178 2.7174811130647156 2.7168289323082533 2.716176751551791 2.7155245707953286 2.7148723900388663 2.714220209282404 2.7135680285259416 2.7129158477694792 2.712263667013017 2.7116114862565532 2.710959305500091 2.7103071247436286 2.709654943987166 2.709002763230704 2.7083505824742415 2.7084646350069717 2.7093978082591708 2.71033098151137 2.711264154763569 2.712197328015768 2.713130501267967 2.7140636745201663 2.7149968477723667 2.715930021024566 2.716863194276765 2.717796367528964 2.718729540781163 2.7196627140333622 2.7205958872855613
2.72957837222152 2.7290121560137464 2.728445939805973 2.7278797235981993 2.7273135073904258 2.7267472911826522 2.7261810749748787 2.725614858767105 2.7250486425593317 2.724482426351558 2.7239162101437846 2.72334999393601 2.7227837777282367 2.722217561520463 2.7216513453126896 2.721085129104916 2.7205189128971425 2.719952696689369 2.7193864804815955 2.718820264273822 2.7182540480660484 2.717687831858275 2.7171216156505014 2.716555399442728 2.715989183234953 2.7154229670271794 2.714856750819406 2.7142905346116324 2.713724318403859 2.7131581021960853 2.713311359533627 2.714233750366658 2.715156141199689 2.71607853203272 2.7170009228657515 2.7179233136987824 2.7188457045318137 2.7197680953648464 2.720690486197878 2.7216128770309087 2.72253526786394 2.723457658696971 2.7243800495300023 2.7253024403630337
2.731892920031388 2.7314126683723035 2.7309324167132187 2.730452165054134 2.7299719133950493 2.7294916617359646 2.72901141007688 2.728531158417795 2.7280509067587104 2.7275706550996257 2.727090403440541 2.7266101517814554 2.7261299001223707 2.725649648463286 2.7251693968042012 2.7246891451451165 2.724208893486032 2.723728641826947 2.7232483901678624 2.7227681385087776 2.722287886849693 2.721807635190608 2.7213273835315235 2.7208471318724388 2.720366880213353 2.7198866285542684 2.7194063768951837 2.718926125236099 2.7184458735770143 2.717965621917929 2.7181580840602817 2.7190696924741453 2.7199813008880085 2.7208929093018717 2.721804517715735 2.722716126129598 2.7236277345434616 2.724539342957326 2.7254509513711893 2.726362559785053 2.727274168198916 2.7281857766127793 2.7290973850266425 2.7300089934405056
2.7342074678412565 2.7338131807308605 2.7334188936204646 2.7330246065100687 2.732630319399673 2.732236032289277 2.731841745178881 2.731447458068485 2.731053170958089 2.7306588838476933 2.730264596737297 2.7298703096269006 2.7294760225165047 2.7290817354061088 2.728687448295713 2.728293161185317 2.727898874074921 2.727504586964525 2.7271102998541292 2.7267160127437333 2.7263217256333374 2.7259274385229415 2.7255331514125456 2.7251388643021497 2.724744577191753 2.724350290081357 2.723956002970961 2.723561715860565 2.7231674287501693 2.7227731416397734 2.723004808586937 2.7239056345816324 2.724806460576328 2.7257072865710232 2.7266081125657182 2.7275089385604137 2.728409764555109 2.729310590549806 2.7302114165445013 2.7311122425391967 2.7320130685338917 2.732913894528587 2.7338147205232826 2.734715546517978
2.7365220156511265 2.7362136930894194 2.7359053705277123 2.7355970479660052 2.735288725404298 2.734980402842591 2.734672080280884 2.7343637577191773 2.73405543515747 2.733747112595763 2.733438790034056 2.7331304674723484 2.7328221449106413 2.7325138223489343 2.732205499787227 2.73189717722552 2.731588854663813 2.7312805321021063 2.730972209540399 2.730663886978692 2.730355564416985 2.730047241855278 2.729738919293571 2.7294305967318637 2.729122274170156 2.728813951608449 2.7285056290467424 2.7281973064850353 2.7278889839233282 2.727580661361621 2.727851533113596 2.728741576689124 2.729631620264651 2.7305216638401784 2.731411707415706 2.7323017509912333 2.7331917945667605 2.7340818381422896 2.7349718817178172 2.7358619252933445 2.7367519688688717 2.7376420124443994 2.7385320560199267 2.739422099595454
2.7388365634609944 2.738614205447976 2.7383918474349582 2.73816948942194 2.7379471314089217 2.7377247733959034 2.737502415382885 2.737280057369867 2.7370576993568485 2.73683534134383 2.7366129833308124 2.7363906253177936 2.7361682673047754 2.735945909291757 2.735723551278739 2.7355011932657205 2.735278835252702 2.7350564772396844 2.734834119226666 2.734611761213648 2.7343894032006295 2.7341670451876112 2.733944687174593 2.7337223291615746 2.7334999711485564 2.733277613135538 2.73305525512252 2.7328328971095015 2.732610539096483 2.732388181083465 2.7326982576402514 2.733577518796611 2.7344567799529704 2.73533604110933 2.7362153022656894 2.737094563422049 2.7379738245784084 2.7388530857347693 2.7397323468911288 2.7406116080474883 2.7414908692038478 2.7423701303602073 2.7432493915165668 2.7441286526729263
2.7411511112708626 2.741014717806533 2.7408783243422037 2.740741930877874 2.7406055374135447 2.7404691439492157 2.7403327504848862 2.7401963570205567 2.7400599635562273 2.739923570091898 2.7397871766275683 2.739650783163239 2.7395143896989094 2.73937799623458 2.7392416027702504 2.739105209305921 2.7389688158415915 2.7388324223772624 2.738696028912933 2.7385596354486035 2.738423241984274 2.7382868485199445 2.738150455055615 2.7380140615912856 2.737877668126956 2.7377412746626266 2.737604881198297 2.7374684877339677 2.737332094269638 2.737195700805309 2.7375449821669067 2.738413460904098 2.7392819396412897 2.7401504183784815 2.741018897115673 2.7418873758528646 2.742755854590056 2.743624333327249 2.7444928120644407 2.745361290801632 2.746229769538824 2.7470982482760156 2.747966727013207 2.7488352057503986
2.743465659080731 2.7434152301650903 2.7433648012494496 2.743314372333809 2.7432639434181683 2.7432135145025276 2.743163085586887 2.7431126566712467 2.743062227755606 2.7430117988399654 2.7429613699243247 2.742910941008684 2.7428605120930434 2.7428100831774027 2.742759654261762 2.7427092253461214 2.7426587964304807 2.7426083675148405 2.7425579385992 2.742507509683559 2.7424570807679185 2.742406651852278 2.742356222936637 2.7423057940209965 2.742255365105356 2.742204936189715 2.7421545072740745 2.7421040783584343 2.7420536494427936 2.742003220527153 2.742391706693562 2.7432494030115855 2.744107099329609 2.7449647956476326 2.745822491965656 2.74668018828368 2.747537884601704 2.7483955809197287 2.7492532772377523 2.750110973555776 2.7509686698738 2.7518263661918234 2.752684062509847 2.7535417588278706
2.7457802068905988 2.745815742523647 2.7458512781566955 2.7458868137897436 2.745922349422792 2.74595788505584 2.745993420688888 2.746028956321936 2.7460644919549844 2.7461000275880325 2.746135563221081 2.7461710988541292 2.7462066344871774 2.7462421701202255 2.7462777057532737 2.746313241386322 2.74634877701937 2.7463843126524186 2.7464198482854667 2.746455383918515 2.746490919551563 2.746526455184611 2.7465619908176593 2.7465975264507074 2.746633062083756 2.746668597716804 2.7467041333498523 2.7467396689829005 2.7467752046159486 2.7468107402489967 2.747238431220217 2.7480853451190725 2.7489322590179284 2.749779172916784 2.75062608681564 2.7514730007144954 2.7523199146133512 2.7531668285122084 2.7540137424110642 2.75486065630992 2.755707570208776 2.7565544841076313 2.757401398006487 2.758248311905343
2.748094754700467 2.748216254882204 2.748337755063941 2.748459255245678 2.7485807554274153 2.7487022556091523 2.7488237557908892 2.748945255972626 2.749066756154363 2.7491882563361 2.749309756517837 2.7494312566995744 2.7495527568813114 2.7496742570630484 2.7497957572447853 2.7499172574265223 2.750038757608259 2.7501602577899966 2.7502817579717336 2.7504032581534705 2.7505247583352075 2.7506462585169444 2.7507677586986814 2.7508892588804184 2.7510107590621558 2.7511322592438927 2.7512537594256297 2.7513752596073666 2.7514967597891036 2.7516182599708405 2.752085155746872 2.75292128722656 2.7537574187062477 2.7545935501859358 2.7554296816656234 2.756265813145311 2.757101944624999 2.757938076104688 2.758774207584376 2.759610339064064 2.7604464705437515 2.7612826020234396 2.762118733503127 2.7629548649828153
2.750409302510335 2.7506167672407607 2.7508242319711864 2.751031696701612 2.751239161432038 2.751446626162464 2.75165409089289 2.7518615556233157 2.7520690203537415 2.7522764850841672 2.752483949814593 2.752691414545019 2.752898879275445 2.753106344005871 2.753313808736297 2.7535212734667227 2.7537287381971485 2.7539362029275742 2.754143667658 2.7543511323884258 2.754558597118852 2.7547660618492777 2.7549735265797035 2.7551809913101293 2.7553884560405555 2.7555959207709813 2.755803385501407 2.756010850231833 2.756218314962259 2.7564257796926848 2.756931880273527 2.757757229334047 2.758582578394567 2.759407927455087 2.760233276515607 2.7610586255761267 2.7618839746366466 2.762709323697168 2.7635346727576877 2.7643600218182076 2.7651853708787275 2.7660107199392474 2.7668360689997673 2.767661418060287
2.7527238503202054 2.75301727959932 2.7533107088784345 2.753604138157549 2.753897567436664 2.7541909967157787 2.7544844259948933 2.7547778552740083 2.755071284553123 2.7553647138322375 2.7556581431113525 2.7559515723904675 2.756245001669582 2.756538430948697 2.7568318602278117 2.7571252895069263 2.7574187187860413 2.757712148065156 2.7580055773442704 2.7582990066233855 2.7585924359025 2.7588858651816146 2.7591792944607296 2.759472723739844 2.7597661530189592 2.7600595822980742 2.760353011577189 2.7606464408563034 2.7609398701354184 2.761233299414533 2.761778604800187 2.762593171441539 2.7634077380828908 2.764222304724243 2.7650368713655946 2.7658514380069468 2.7666660046482985 2.767480571289652 2.7682951379310037 2.769109704572356 2.769924271213708 2.7707388378550597 2.771553404496412 2.7723679711377636
