Figures/CREST_Example_wjb_NSE/PETs/wjb.pet.20091107.asc
ncols            288
nrows            254
xllcorner        113.274861
yllcorner        31.4918055
cellsize         0.008333333333
NODATA_value     -9999
[rows 40 to 59 of 254, columns 0 to 43 of 288]
-9999.0 -9999.0 -9999.0 -9999.0 -9999.0 -9999.0 -9999.0 -9999.0 -9999.0 -9999.0 -9999.0 -9999.0 -9999.0 -9999.0 1.3722966090726427 1.3709086717652954 1.3695207344579479 1.3681327971506005 1.3667448598432532 1.365356922535906 1.3639689852285586 1.3625810479212113 1.361193110613864 1.3598051733065164 1.358417235999169 1.3570292986918218 1.355641361384472 1.3542534240771247 1.3528654867697774 1.35147754946243 1.3500896121550827 1.3487016748477354 1.3473137375403879 1.3459258002330405 1.3445378629256932 1.343149925618346 1.3417619883109986 1.3403740510036513 1.3389861136963037 1.3375981763889542 1.3362102390816069 1.3348223017742593 1.3334197069215095 1.3320014428214502
-9999.0 -9999.0 -9999.0 -9999.0 -9999.0 -9999.0 -9999.0 -9999.0 -9999.0 -9999.0 -9999.0 -9999.0 -9999.0 -9999.0 -9999.0 1.371907894257416 1.3705367493752263 1.3691656044930363 1.3677944596108464 1.3664233147286566 1.3650521698464666 1.3636810249642768 1.362309880082087 1.360938735199897 1.3595675903177071 1.3581964454355173 1.356825300553325 1.355454155671135 1.3540830107889452 1.3527118659067554 1.3513407210245654 1.3499695761423756 1.3485984312601857 1.3472272863779957 1.345856141495806 1.344484996613616 1.343113851731426 1.3417427068492362 1.3403715619670464 1.3390004170848542 1.3376292722026641 1.3362581273204743 1.3348649486389788 1.3334482153280414
-9999.0 -9999.0 -9999.0 -9999.0 -9999.0 -9999.0 -9999.0 -9999.0 -9999.0 -9999.0 -9999.0 -9999.0 -9999.0 -9999.0 -9999.0 1.372907116749537 1.3715527642925045 1.3701984118354722 1.3688440593784397 1.3674897069214074 1.3661353544643748 1.3647810020073425 1.36342664955031 1.3620722970932777 1.3607179446362452 1.3593635921792129 1.3580092397221781 1.3566548872651456 1.3553005348081133 1.3539461823510808 1.3525918298940485 1.351237477437016 1.3498831249799836 1.3485287725229511 1.3471744200659188 1.3458200676088863 1.3444657151518538 1.3431113626948215 1.341757010237789 1.3404026577807544 1.3390483053237219 1.3376939528666894 1.3363101903564483 1.3348949878346328
-9999.0 -9999.0 -9999.0 -9999.0 -9999.0 -9999.0 -9999.0 -9999.0 -9999.0 -9999.0 -9999.0 -9999.0 -9999.0 -9999.0 -9999.0 -9999.0 1.372568779209783 1.371231219177908 1.369893659146033 1.368556099114158 1.367218539082283 1.365880979050408 1.3645434190185333 1.3632058589866582 1.3618682989547832 1.3605307389229084 1.3591931788910312 1.3578556188591562 1.3565180588272812 1.3551804987954064 1.3538429387635313 1.3525053787316563 1.3511678186997813 1.3498302586679065 1.3484926986360315 1.3471551386041565 1.3458175785722817 1.3444800185404067 1.3431424585085316 1.3418048984766544 1.3404673384447796 1.3391297784129046 1.3377554320739178 1.336341760341224
-9999.0 -9999.0 -9999.0 -9999.0 -9999.0 -9999.0 -9999.0 -9999.0 -9999.0 -9999.0 -9999.0 -9999.0 -9999.0 -9999.0 -9999.0 -9999.0 -9999.0 1.3722640265203436 1.3709432589136261 1.3696224913069086 1.3683017237001913 1.3669809560934738 1.3656601884867563 1.3643394208800388 1.3630186532733213 1.3616978856666038 1.360377118059884 1.3590563504531665 1.357735582846449 1.3564148152397315 1.3550940476330142 1.3537732800262967 1.3524525124195792 1.3511317448128617 1.3498109772061442 1.3484902095994267 1.3471694419927092 1.3458486743859917 1.3445279067792741 1.3432071391725544 1.341886371565837 1.3405656039591196 1.339200673791387 1.3377885328478152
-9999.0 -9999.0 -9999.0 -9999.0 -9999.0 -9999.0 -9999.0 -9999.0 -9999.0 -9999.0 -9999.0 -9999.0 -9999.0 -9999.0 -9999.0 -9999.0 -9999.0 1.3732968338627796 1.3719928586812193 1.3706888834996593 1.3693849083180993 1.3680809331365393 1.3667769579549793 1.3654729827734193 1.3641690075918593 1.3628650324102993 1.361561057228737 1.360257082047177 1.358953106865617 1.357649131684057 1.356345156502497 1.355041181320937 1.353737206139377 1.352433230957817 1.351129255776257 1.3498252805946969 1.3485213054131369 1.3472173302315769 1.3459133550500169 1.3446093798684546 1.3433054046868946 1.3420014295053346 1.3406459155088566 1.3392353053544066
-9999.0 -9999.0 -9999.0 -9999.0 -9999.0 -9999.0 -9999.0 -9999.0 -9999.0 -9999.0 -9999.0 -9999.0 -9999.0 -9999.0 -9999.0 -9999.0 -9999.0 -9999.0 1.3730424584488137 1.3717552756924112 1.3704680929360085 1.369180910179606 1.3678937274232035 1.366606544666801 1.3653193619103985 1.3640321791539958 1.362744996397591 1.3614578136411886 1.360170630884786 1.3588834481283836 1.357596265371981 1.3563090826155784 1.3550218998591759 1.3537347171027734 1.3524475343463709 1.3511603515899684 1.3498731688335657 1.3485859860771632 1.3472988033207607 1.346011620564356 1.3447244378079535 1.343437255051551 1.3420911572263272 1.340682077860999
-9999.0 -9999.0 -9999.0 -9999.0 -9999.0 -9999.0 -9999.0 -9999.0 -9999.0 -9999.0 -9999.0 -9999.0 -9999.0 -9999.0 -9999.0 -9999.0 -9999.0 -9999.0 1.374092058216407 1.372821667885162 1.3715512775539167 1.3702808872226717 1.3690104968914267 1.3677401065601815 1.3664697162289365 1.3651993258976913 1.3639289355664441 1.3626585452351991 1.3613881549039542 1.360117764572709 1.358847374241464 1.357576983910219 1.3563065935789738 1.3550362032477288 1.3537658129164836 1.3524954225852386 1.3512250322539936 1.3499546419227484 1.3486842515915034 1.3474138612602562 1.3461434709290112 1.344873080597766 1.3435363989437967 1.3421288503675903
-9999.0 -9999.0 -9999.0 -9999.0 -9999.0 -9999.0 -9999.0 -9999.0 -9999.0 -9999.0 -9999.0 -9999.0 -9999.0 -9999.0 -9999.0 -9999.0 -9999.0 -9999.0 -9999.0 1.3738880600779126 1.372634462171825 1.3713808642657375 1.3701272663596498 1.368873668453562 1.3676200705474746 1.3663664726413869 1.3651128747352972 1.3638592768292097 1.362605678923122 1.3613520810170345 1.3600984831109468 1.3588448852048594 1.3575912872987717 1.3563376893926842 1.3550840914865965 1.3538304935805088 1.3525768956744213 1.3513232977683336 1.3500696998622461 1.3488161019561564 1.3475625040500687 1.3463089061439812 1.3449816406612662 1.3435756228741818
-9999.0 -9999.0 -9999.0 -9999.0 -9999.0 -9999.0 -9999.0 -9999.0 -9999.0 -9999.0 -9999.0 -9999.0 -9999.0 -9999.0 -9999.0 -9999.0 -9999.0 -9999.0 -9999.0 1.3749544522706632 1.3737176467897332 1.372480841308803 1.3712440358278728 1.3700072303469426 1.3687704248660126 1.3675336193850824 1.3662968139041503 1.36506000842322 1.3638232029422899 1.36258639746136 1.3613495919804297 1.3601127864994995 1.3588759810185693 1.3576391755376394 1.3564023700567092 1.355165564575779 1.3539287590948488 1.3526919536139188 1.3514551481329886 1.3502183426520564 1.3489815371711262 1.347744731690196 1.3464268823787355 1.3450223953807727
-9999.0 -9999.0 -9999.0 -9999.0 -9999.0 -9999.0 -9999.0 -9999.0 -9999.0 -9999.0 -9999.0 -9999.0 -9999.0 -9999.0 -9999.0 -9999.0 -9999.0 -9999.0 -9999.0 -9999.0 -9999.0 -9999.0 -9999.0 1.3711407922403234 1.3699207791845507 1.368700766128778 1.3674807530730033 1.3662607400172306 1.365040726961458 1.3638207139056853 1.3626007008499126 1.36138068779414 1.3601606747383672 1.3589406616825945 1.3577206486268218 1.3565006355710494 1.3552806225152767 1.354060609459504 1.3528405964037313 1.3516205833479567 1.350400570292184 1.3491805572364113 1.347872124096205 1.3464691678873641
-9999.0 -9999.0 -9999.0 -9999.0 -9999.0 -9999.0 -9999.0 -9999.0 -9999.0 -9999.0 -9999.0 -9999.0 -9999.0 -9999.0 -9999.0 -9999.0 -9999.0 -9999.0 -9999.0 -9999.0 -9999.0 -9999.0 -9999.0 1.372274354133704 1.3710711335030887 1.3698679128724736 1.3686646922418564 1.3674614716112412 1.3662582509806258 1.3650550303500106 1.3638518097193955 1.3626485890887803 1.361445368458165 1.36024214782755 1.3590389271969348 1.3578357065663196 1.3566324859357044 1.3554292653050892 1.354226044674474 1.3530228240438567 1.3518196034132415 1.3506163827826263 1.3493173658136746 1.3479159403939556
-9999.0 -9999.0 -9999.0 -9999.0 -9999.0 -9999.0 -9999.0 -9999.0 -9999.0 -9999.0 -9999.0 -9999.0 -9999.0 -9999.0 -9999.0 -9999.0 -9999.0 -9999.0 -9999.0 -9999.0 -9999.0 -9999.0 -9999.0 -9999.0 -9999.0 1.3710350596161691 1.3698486314107092 1.3686622032052516 1.367475774999794 1.3662893467943362 1.3651029185888786 1.3639164903834207 1.362730062177963 1.3615436339725053 1.3603572057670477 1.3591707775615898 1.357984349356132 1.3567979211506744 1.3556114929452168 1.3544250647397569 1.3532386365342992 1.3520522083288415 1.350762607531144 1.3493627129005468
-9999.0 -9999.0 -9999.0 -9999.0 -9999.0 -9999.0 -9999.0 -9999.0 -9999.0 -9999.0 -9999.0 -9999.0 -9999.0 -9999.0 -9999.0 -9999.0 -9999.0 -9999.0 -9999.0 -9999.0 -9999.0 -9999.0 -9999.0 -9999.0 -9999.0 1.3722022063598656 1.3710325705795634 1.3698629347992632 1.3686932990189629 1.3675236632386627 1.3663540274583623 1.3651843916780622 1.364014755897762 1.3628451201174616 1.3616754843371615 1.3605058485568613 1.359336212776561 1.3581665769962608 1.3569969412159604 1.3558273054356582 1.354657669655358 1.3534880338750577 1.3522078492486147 1.3508094854071393
-9999.0 -9999.0 -9999.0 -9999.0 -9999.0 -9999.0 -9999.0 -9999.0 -9999.0 -9999.0 -9999.0 -9999.0 -9999.0 -9999.0 -9999.0 -9999.0 -9999.0 -9999.0 -9999.0 -9999.0 -9999.0 -9999.0 -9999.0 -9999.0 -9999.0 1.3733693531035611 1.3722165097484162 1.3710636663932736 1.3699108230381307 1.368757979682988 1.3676051363278452 1.3664522929727023 1.3652994496175597 1.3641466062624168 1.3629937629072741 1.3618409195521313 1.3606880761969886 1.3595352328418457 1.3583823894867029 1.3572295461315582 1.3560767027764156 1.3549238594212727 1.353653090966084 1.3522562579137305
-9999.0 -9999.0 -9999.0 -9999.0 -9999.0 -9999.0 -9999.0 -9999.0 -9999.0 -9999.0 -9999.0 -9999.0 -9999.0 -9999.0 -9999.0 -9999.0 -9999.0 -9999.0 -9999.0 -9999.0 1.380216754497183 1.379080703567198 1.3779446526372126 1.3768086017072272 1.375672550777242 1.3745364998472567 1.3734004489172693 1.3722643979872842 1.3711283470572988 1.3699922961273134 1.368856245197328 1.367720194267343 1.3665841433373576 1.3654480924073722 1.3643120414773868 1.3631759905474017 1.3620399396174163 1.360903888687431 1.3597678377574456 1.3586317868274584 1.357495735897473 1.3563596849674877 1.3550983326835535 1.3537030304203217
-9999.0 -9999.0 -9999.0 -9999.0 -9999.0 -9999.0 -9999.0 -9999.0 -9999.0 -9999.0 -9999.0 -9999.0 -9999.0 -9999.0 -9999.0 -9999.0 -9999.0 -9999.0 -9999.0 1.3824191976199192 1.3812999391150913 1.3801806806102634 1.3790614221054356 1.377942163600608 1.37682290509578 1.3757036465909522 1.3745843880861224 1.3734651295812945 1.3723458710764667 1.3712266125716388 1.3701073540668112 1.3689880955619833 1.3678688370571555 1.3667495785523276 1.3656303200474997 1.3645110615426719 1.363391803037844 1.3622725445330162 1.3611532860281883 1.3600340275233587 1.3589147690185308 1.357795510513703 1.356543574401023 1.3551498029269131
-9999.0 -9999.0 -9999.0 -9999.0 -9999.0 -9999.0 -9999.0 -9999.0 -9999.0 -9999.0 -9999.0 -9999.0 -9999.0 -9999.0 -9999.0 -9999.0 -9999.0 1.3856905219720106 1.3845880558923402 1.38348558981267 1.3823831237329995 1.3812806576533292 1.3801781915736588 1.3790757254939885 1.3779732594143181 1.3768707933346478 1.3757683272549754 1.374665861175305 1.3735633950956347 1.3724609290159644 1.371358462936294 1.3702559968566237 1.3691535307769533 1.368051064697283 1.3669485986176126 1.365846132537942 1.3647436664582717 1.3636412003786014 1.362538734298931 1.361436268219259 1.3603338021395885 1.3592313360599182 1.3579888161184925 1.3565965754335045
-9999.0 -9999.0 -9999.0 -9999.0 -9999.0 -9999.0 -9999.0 -9999.0 -9999.0 -9999.0 -9999.0 -9999.0 -9999.0 -9999.0 -9999.0 1.388381836460009 1.3873411358152774 1.386300435170546 1.3852597345258144 1.384219033881083 1.3831783332363514 1.3821376325916197 1.3810969319468882 1.3800562313021567 1.3790155306574252 1.3779748300126937 1.3769341293679604 1.375893428723229 1.3748527280784975 1.373812027433766 1.3727713267890342 1.3717306261443027 1.3706899254995712 1.3696492248548398 1.3686085242101083 1.3675678235653768 1.3665271229206453 1.3654864222759138 1.3644457216311823 1.3634050209864488 1.3623643203417173 1.3613236196969858 1.3601014749588323 1.3586853623840074
-9999.0 -9999.0 -9999.0 -9999.0 -9999.0 -9999.0 -9999.0 -9999.0 -9999.0 -9999.0 -9999.0 -9999.0 -9999.0 -9999.0 1.3892508868882634 1.388320024990227 1.3873891630921908 1.3864583011941545 1.385527439296118 1.384596577398082 1.3836657155000456 1.3827348536020092 1.381803991703973 1.3808731298059367 1.3799422679079003 1.3790114060098642 1.3780805441118262 1.3771496822137899 1.3762188203157535 1.3752879584177173 1.374357096519681 1.3734262346216446 1.3724953727236084 1.371564510825572 1.3706336489275357 1.3697027870294993 1.3687719251314632 1.3678410632334268 1.3669102013353904 1.3659793394373527 1.3650484775393164 1.36411761564128 1.3629275606206217 1.3614604222938778
