Figures/CREST_Example_wjb_NSE/PETs/wjb.pet.20090923.asc
ncols            288
nrows            254
xllcorner        113.274861
yllcorner        31.4918055
cellsize         0.008333333333
NODATA_value     -9999
[rows 80 to 99 of 254, columns 88 to 131 of 288]
2.562493909820271 2.560731345264886 2.558968780709501 2.5572062161541136 2.555443651598728 2.5536810870433433 2.5519185224879584 2.5501559579325734 2.5483933933771885 2.5466308288218036 2.5448682642664187 2.5431056997110337 2.541343135155649 2.539580570600264 2.5374887483048036 2.5350449420402907 2.532601135775774 2.5301573295112614 2.5277135232467485 2.525269716982236 2.522825910717723 2.5203821044532106 2.5179382981886977 2.5154944919241853 2.5130506856596724 2.51060687939516 2.508163073130647 2.5057192668661346 2.5032754606016216 2.5008316543371047 2.4983878480725923 2.4959440418080794 2.493500235543567 2.491056429279054 2.4886126230145416 2.4861688167500287 2.4837250104855157 2.4812812042210033 2.4788373979564904 2.476393591691978 2.473949785427465 2.4715059791629526 2.4690621728984357 2.4666183666339228
2.5621869643823234 2.5602748269713 2.5583626895602762 2.5564505521492493 2.554538414738226 2.552626277327202 2.550714139916179 2.5488020025051554 2.5468898650941316 2.5449777276831083 2.5430655902720845 2.541153452861061 2.5392413154500373 2.537329178039014 2.5351547104574546 2.5326998059919927 2.5302449015265265 2.5277899970610647 2.525335092595603 2.5228801881301415 2.5204252836646797 2.517970379199218 2.515515474733756 2.513060570268294 2.5106056658028324 2.5081507613373706 2.5056958568719088 2.503240952406447 2.500786047940985 2.4983311434755193 2.4958762390100575 2.4934213345445957 2.490966430079134 2.488511525613672 2.4860566211482102 2.4836017166827484 2.4811468122172866 2.4786919077518252 2.4762370032863634 2.4737820988209016 2.47132719435544 2.468872289889978 2.4664173854245117 2.4639624809590503
2.5618800189443753 2.559818308677713 2.557756598411051 2.555694888144385 2.5536331778777233 2.551571467611061 2.5495097573443988 2.5474480470777365 2.5453863368110743 2.543324626544412 2.5412629162777503 2.539201206011088 2.5371394957444258 2.5350777854777635 2.5328206726101046 2.530354669943694 2.5278886672772787 2.525422664610868 2.5229566619444572 2.5204906592780465 2.5180246566116353 2.5155586539452246 2.513092651278814 2.5106266486124027 2.508160645945992 2.5056946432795812 2.5032286406131705 2.5007626379467593 2.4982966352803486 2.4958306326139335 2.4933646299475227 2.490898627281112 2.488432624614701 2.48596662194829 2.4835006192818794 2.481034616615468 2.4785686139490575 2.4761026112826467 2.473636608616236 2.471170605949825 2.468704603283414 2.4662386006170034 2.4637725979505882 2.4613065952841775
2.5615730735064273 2.5593617903841266 2.557150507261826 2.5549392241395212 2.5527279410172206 2.55051665789492 2.548305374772619 2.546094091650318 2.5438828085280174 2.5416715254057167 2.539460242283416 2.537248959161115 2.5350376760388142 2.5328263929165136 2.5304866347627555 2.528009533895396 2.5255324330280313 2.5230553321606717 2.5205782312933116 2.5181011304259515 2.515624029558592 2.513146928691232 2.5106698278238717 2.508192726956512 2.505715626089152 2.503238525221792 2.5007614243544323 2.498284323487072 2.495807222619712 2.493330121752348 2.490853020884988 2.4883759200176283 2.4858988191502682 2.483421718282908 2.4809446174155485 2.4784675165481884 2.4759904156808283 2.4735133148134683 2.4710362139461086 2.4685591130787485 2.4660820122113885 2.463604911344029 2.4611278104766647 2.4586507096093047
2.5612661280684796 2.55890527209054 2.556544416112601 2.5541835601346574 2.551822704156718 2.5494618481787787 2.547100992200839 2.5447401362229 2.5423792802449605 2.540018424267021 2.537657568289082 2.5352967123111423 2.5329358563332027 2.5305750003552636 2.5281525969154064 2.5256643978470974 2.523176198778784 2.520687999710475 2.518199800642166 2.515711601573857 2.513223402505548 2.510735203437239 2.50824700436893 2.505758805300621 2.503270606232312 2.500782407164003 2.498294208095694 2.4958060090273846 2.4933178099590756 2.4908296108907626 2.4883414118224536 2.4858532127541446 2.483365013685835 2.480876814617526 2.478388615549217 2.475900416480908 2.473412217412599 2.47092401834429 2.468435819275981 2.465947620207672 2.4634594211393632 2.4609712220710542 2.458483023002741 2.455994823934432
2.5609591826305316 2.5584487537969536 2.555938324963375 2.5534278961297927 2.5509174672962147 2.5484070384626367 2.5458966096290583 2.5433861807954803 2.5408757519619023 2.538365323128324 2.535854894294746 2.533344465461168 2.5308340366275894 2.5283236077940114 2.525818559068055 2.5233192617987967 2.5208199645295344 2.5183206672602765 2.515821369991018 2.5133220727217602 2.5108227754525023 2.508323478183244 2.505824180913986 2.5033248836447277 2.50082558637547 2.4983262891062115 2.4958269918369536 2.493327694567695 2.4908283972984373 2.488329100029175 2.485829802759917 2.4833305054906587 2.480831208221401 2.4783319109521424 2.4758326136828845 2.473333316413626 2.4708340191443683 2.46833472187511 2.465835424605852 2.463336127336594 2.460836830067336 2.458337532798078 2.4558382355288155 2.453338938259557
2.5606522371925835 2.5579922355033666 2.5553322338141498 2.5526722321249284 2.550012230435712 2.547352228746495 2.5446922270572783 2.5420322253680614 2.539372223678845 2.536712221989628 2.534052220300411 2.5313922186111943 2.528732216921978 2.526072215232761 2.5234845212207055 2.5209741257504983 2.5184637302802866 2.5159533348100798 2.5134429393398725 2.5109325438696652 2.508422148399458 2.5059117529292507 2.503401357459044 2.5008909619888366 2.4983805665186294 2.495870171048422 2.493359775578215 2.490849380108008 2.488338984637801 2.485828589167589 2.483318193697382 2.480807798227175 2.4782974027569677 2.4757870072867605 2.4732766118165532 2.470766216346346 2.468255820876139 2.465745425405932 2.4632350299357246 2.4607246344655174 2.45821423899531 2.4557038435251033 2.4531934480548916 2.4506830525846843
2.5603452917546354 2.55753571720978 2.554726142664925 2.5519165681200646 2.5491069935752093 2.546297419030354 2.5434878444854987 2.5406782699406434 2.537868695395788 2.5350591208509323 2.532249546306077 2.5294399717612217 2.5266303972163664 2.523820822671511 2.521150483373356 2.5186289897022 2.5161074960310392 2.513586002359883 2.511064508688727 2.5085430150175707 2.5060215213464145 2.503500027675258 2.5009785340041017 2.4984570403329456 2.4959355466617894 2.4934140529906332 2.4908925593194766 2.4883710656483204 2.4858495719771643 2.4833280783060037 2.4808065846348475 2.4782850909636913 2.4757635972925347 2.4732421036213785 2.4707206099502224 2.468199116279066 2.46567762260791 2.4631561289367534 2.4606346352655972 2.458113141594441 2.455591647923285 2.4530701542521287 2.450548660580968 2.448027166909812
2.5615839924535426 2.5586921344560993 2.555800276458656 2.5529084184612074 2.550016560463764 2.547124702466321 2.5442328444688775 2.541340986471434 2.5384491284739905 2.535557270476547 2.532665412479104 2.52977355448166 2.526881696484217 2.5239898384867736 2.5212775736317217 2.518757297906702 2.5162370221816777 2.513716746456658 2.511196470731638 2.5086761950066183 2.5061559192815985 2.503635643556579 2.5011153678315594 2.4985950921065396 2.49607481638152 2.4935545406565 2.4910342649314803 2.4885139892064605 2.4859937134814407 2.483473437756417 2.480953162031397 2.4784328863063774 2.4759126105813576 2.473392334856338 2.470872059131318 2.4683517834062982 2.4658315076812785 2.4633112319562587 2.460790956231239 2.458270680506219 2.4557504047811993 2.45323012905618 2.4507098533311558 2.448189577606136
2.56447489142248 2.561572678101831 2.558670464781182 2.555768251460529 2.55286603813988 2.549963824819231 2.5470616114985822 2.544159398177934 2.541257184857285 2.538354971536636 2.535452758215987 2.5325505448953387 2.52964833157469 2.526746118254041 2.5240354546653014 2.5215295620711413 2.5190236694769768 2.5165177768828166 2.5140118842886565 2.5115059916944964 2.5090000991003363 2.506494206506176 2.503988313912016 2.501482421317856 2.498976528723696 2.4964706361295357 2.4939647435353756 2.4914588509412154 2.4889529583470553 2.4864470657528908 2.4839411731587306 2.4814352805645705 2.4789293879704104 2.4764234953762503 2.47391760278209 2.47141171018793 2.46890581759377 2.46639992499961 2.4638940324054497 2.4613881398112896 2.4588822472171294 2.4563763546229693 2.4538704620288048 2.451364569434645
2.5673657903914173 2.5644532217475633 2.561540653103709 2.55862808445985 2.555715515815996 2.5528029471721414 2.5498903785282874 2.5469778098844333 2.5440652412405793 2.5411526725967253 2.538240103952871 2.5353275353090168 2.5324149666651627 2.5295023980213087 2.526793335698881 2.5243018262355807 2.521810316772276 2.5193188073089754 2.516827297845675 2.5143357883823745 2.5118442789190736 2.509352769455773 2.5068612599924727 2.504369750529172 2.5018782410658718 2.4993867316025713 2.496895222139271 2.49440371267597 2.4919122032126695 2.489420693749365 2.486929184286064 2.4844376748227637 2.481946165359463 2.4794546558961628 2.4769631464328623 2.474471636969562 2.4719801275062614 2.4694886180429605 2.46699710857966 2.4645055991163596 2.462014089653059 2.4595225801897587 2.4570310707264538 2.4545395612631533
2.5702566893603542 2.5673337653932946 2.564410841426235 2.5614879174591705 2.5585649934921113 2.5556420695250517 2.552719145557992 2.5497962215909324 2.5468732976238733 2.5439503736568136 2.541027449689754 2.5381045257226944 2.5351816017556352 2.5322586777885756 2.5295512167324605 2.5270740904000197 2.5245969640675745 2.5221198377351337 2.519642711402693 2.517165585070252 2.514688458737811 2.51221133240537 2.5097342060729293 2.5072570797404885 2.5047799534080477 2.5023028270756065 2.4998257007431657 2.497348574410725 2.494871448078284 2.492394321745839 2.489917195413398 2.4874400690809573 2.484962942748516 2.4824858164160752 2.4800086900836344 2.4775315637511937 2.4750544374187524 2.4725773110863116 2.470100184753871 2.46762305842143 2.4651459320889892 2.462668805756548 2.460191679424103 2.457714553091662
2.5731475883292942 2.570214309039029 2.5672810297487643 2.5643477504584946 2.5614144711682294 2.5584811918779646 2.5555479125877 2.552614633297435 2.54968135400717 2.546748074716905 2.5438147954266404 2.5408815161363756 2.537948236846111 2.5350149575558456 2.532309097766043 2.529846354564462 2.5273836113628763 2.524920868161295 2.522458124959714 2.5199953817581324 2.5175326385565513 2.51506989535497 2.5126071521533886 2.5101444089518075 2.5076816657502263 2.5052189225486448 2.5027561793470636 2.5002934361454825 2.497830692943901 2.495367949742316 2.492905206540734 2.490442463339153 2.487979720137572 2.4855169769359904 2.4830542337344093 2.480591490532828 2.478128747331247 2.4756660041296654 2.4732032609280843 2.470740517726503 2.4682777745249216 2.4658150313233405 2.463352288121755 2.4608895449201738
2.576038487298231 2.573094852684761 2.5701512180712904 2.567207583457815 2.564263948844345 2.561320314230875 2.5583766796174046 2.555433045003934 2.552489410390464 2.549545775776994 2.5466021411635236 2.543658506550053 2.540714871936583 2.537771237323113 2.5350669787996227 2.532618618728901 2.530170258658175 2.5277218985874534 2.525273538516732 2.52282517844601 2.5203768183752886 2.5179284583045667 2.515480098233845 2.5130317381631238 2.510583378092402 2.5081350180216804 2.505686657950959 2.503238297880237 2.5007899378095155 2.4983415777387896 2.495893217668068 2.4934448575973462 2.4909964975266248 2.4885481374559033 2.4860997773851814 2.48365141731446 2.481203057243738 2.4787546971730166 2.476306337102295 2.473857977031573 2.4714096169608517 2.46896125689013 2.4665128968194043 2.4640645367486824
2.5789293862671685 2.5759753963304926 2.573021406393817 2.5700674164571367 2.5671134265204607 2.564159436583785 2.5612054466471097 2.558251456710434 2.5552974667737582 2.5523434768370827 2.5493894869004072 2.5464354969637317 2.5434815070270558 2.5405275170903803 2.5378248598332025 2.5353908828933402 2.532956905953474 2.530522929013612 2.52808895207375 2.525654975133888 2.5232209981940263 2.520787021254164 2.5183530443143023 2.51591906737444 2.5134850904345782 2.511051113494716 2.508617136554854 2.506183159614992 2.50374918267513 2.501315205735264 2.4988812287954016 2.49644725185554 2.4940132749156776 2.491579297975816 2.4891453210359535 2.4867113440960917 2.4842773671562295 2.4818433902163677 2.479409413276506 2.4769754363366436 2.474541459396782 2.4721074824569196 2.4696735055170533 2.4672395285771915
2.581820285236106 2.5788559399762248 2.5758915947163437 2.5729272494564577 2.5699629041965766 2.5669985589366955 2.564034213676815 2.5610698684169337 2.5581055231570526 2.5551411778971715 2.552176832637291 2.54921248737741 2.5462481421175287 2.5432837968576476 2.5405827408667823 2.5381631470577797 2.535743553248773 2.533323959439771 2.5309043656307684 2.5284847718217662 2.5260651780127636 2.5236455842037615 2.521225990394759 2.5188063965857563 2.516386802776754 2.5139672089677516 2.5115476151587495 2.509128021349747 2.5067084275407447 2.504288833731738 2.5018692399227356 2.499449646113733 2.497030052304731 2.4946104584957283 2.492190864686726 2.4897712708777235 2.4873516770687214 2.484932083259719 2.4825124894507162 2.480092895641714 2.4776733018327115 2.4752537080237094 2.472834114214703 2.4704145204057
2.5847111842050428 2.5817364836219565 2.5787617830388703 2.5757870824557787 2.5728123818726925 2.5698376812896058 2.5668629807065195 2.5638882801234333 2.560913579540347 2.557938878957261 2.554964178374174 2.551989477791088 2.5490147772080016 2.5460400766249154 2.543340621900362 2.540935411222219 2.5385302005440726 2.5361249898659297 2.533719779187787 2.531314568509644 2.5289093578315014 2.5265041471533585 2.5240989364752155 2.521693725797073 2.51928851511893 2.5168833044407872 2.5144780937626448 2.512072883084502 2.509667672406359 2.507262461728212 2.5048572510500695 2.5024520403719266 2.5000468296937837 2.497641619015641 2.4952364083374983 2.4928311976593553 2.490425986981213 2.48802077630307 2.485615565624927 2.4832103549467845 2.4808051442686416 2.4783999335904987 2.475994722912352 2.4735895122342093
2.58760208317398 2.5846170272676883 2.5816319713613964 2.5786469154550997 2.575661859548808 2.5726768036425165 2.5696917477362247 2.566706691829933 2.5637216359236414 2.5607365800173496 2.5577515241110578 2.5547664682047664 2.5517814122984745 2.5487963563921827 2.546098502933942 2.543707675386659 2.5413168478393717 2.5389260202920885 2.536535192744805 2.534144365197522 2.5317535376502387 2.529362710102956 2.5269718825556726 2.5245810550083894 2.522190227461106 2.5197993999138233 2.51740857236654 2.5150177448192568 2.5126269172719735 2.5102360897246863 2.507845262177403 2.50545443463012 2.503063607082837 2.5006727795355537 2.4982819519882704 2.4958911244409876 2.4935002968937043 2.491109469346421 2.488718641799138 2.4863278142518546 2.4839369867045717 2.4815461591572885 2.4791553316100012 2.476764504062718
2.5904929821429197 2.5874975709134227 2.5845021596839257 2.5815067484544234 2.5785113372249264 2.575515925995429 2.572520514765932 2.569525103536435 2.566529692306938 2.5635342810774406 2.5605388698479437 2.5575434586184467 2.5545480473889497 2.5515526361594523 2.548856383967524 2.5464799395511006 2.544103495134673 2.5417270507182494 2.539350606301826 2.5369741618854023 2.5345977174689787 2.532221273052555 2.529844828636132 2.5274683842197083 2.5250919398032847 2.522715495386861 2.5203390509704375 2.517962606554014 2.515586162137591 2.513209717721163 2.5108332733047396 2.508456828888316 2.5060803844718924 2.503703940055469 2.501327495639045 2.4989510512226216 2.4965746068061985 2.494198162389775 2.4918217179733513 2.4894452735569277 2.487068829140504 2.4846923847240805 2.482315940307653 2.4799394958912298
2.593383881111857 2.5903781145591545 2.587372348006452 2.5843665814537444 2.581360814901042 2.5783550483483397 2.575349281795637 2.5723435152429346 2.5693377486902325 2.56633198213753 2.5633262155848273 2.5603204490321247 2.5573146824794226 2.55430891592672 2.551614265001104 2.54925220371554 2.546890142429972 2.544528081144408 2.5421660198588443 2.5398039585732803 2.5374418972877164 2.5350798360021525 2.5327177747165885 2.5303557134310246 2.5279936521454607 2.5256315908598967 2.523269529574333 2.520907468288769 2.518545407003205 2.516183345717637 2.513821284432073 2.511459223146509 2.5090971618609457 2.5067351005753817 2.504373039289818 2.502010978004254 2.49964891671869 2.497286855433126 2.494924794147562 2.492562732861998 2.490200671576434 2.4878386102908703 2.4854765490053023 2.4831144877197384
