Figures/CREST_Example_wjb_NSE/PETs/wjb.pet.20100705.asc
ncols            288
nrows            254
xllcorner        113.274861
yllcorner        31.4918055
cellsize         0.008333333333
NODATA_value     -9999
[rows 120 to 139 of 254, columns 0 to 43 of 288]
-9999.0 -9999.0 -9999.0 -9999.0 -9999.0 -9999.0 -9999.0 -9999.0 -9999.0 -9999.0 -9999.0 -9999.0 -9999.0 2.198146869805806 2.197512808101906 2.196878746398006 2.196244684694106 2.1956106229902064 -9999.0 -9999.0 -9999.0 -9999.0 -9999.0 -9999.0 -9999.0 -9999.0 -9999.0 -9999.0 -9999.0 2.1880018825434058 2.1873678208395058 2.1867337591356057 2.186099697431706 2.185465635727806 2.184831574023906 2.184197512320006 2.183563450616106 2.182929388912206 2.1822953272083065 2.181661265504405 2.181027203800505 2.1803931420966056 2.17869347848808 2.175854662359927
-9999.0 -9999.0 -9999.0 -9999.0 -9999.0 -9999.0 -9999.0 -9999.0 -9999.0 -9999.0 -9999.0 -9999.0 2.1995213659263513 2.1988326488417815 2.1981439317572122 2.1974552146726434 2.1967664975880745 2.196077780503505 2.1953890634189364 -9999.0 -9999.0 -9999.0 -9999.0 -9999.0 -9999.0 -9999.0 -9999.0 -9999.0 -9999.0 -9999.0 2.1871244584041074 2.1864357413195386 2.1857470242349692 2.1850583071504004 2.1843695900658315 2.1836808729812622 2.1829921558966934 2.1823034388121245 2.181614721727555 2.1809260046429855 2.180237287558416 2.1795485704738473 2.1778243434445668 2.174993132880913
-9999.0 -9999.0 -9999.0 -9999.0 -9999.0 -9999.0 -9999.0 -9999.0 -9999.0 -9999.0 -9999.0 -9999.0 2.2002618003429966 2.199518427877757 2.198775055412519 2.1980316829472812 2.197288310482043 2.196544938016805 2.195801565551567 2.195058193086329 2.194314820621091 -9999.0 -9999.0 -9999.0 -9999.0 -9999.0 -9999.0 -9999.0 -9999.0 2.187624468433947 2.186881095968709 2.1861377235034714 2.185394351038233 2.184650978572995 2.183907606107757 2.183164233642519 2.182420861177281 2.181677488712043 2.1809341162468048 2.1801907437815657 2.1794473713163276 2.1787039988510895 2.1769552084010537 2.174131603401899
-9999.0 -9999.0 -9999.0 -9999.0 -9999.0 -9999.0 -9999.0 -9999.0 -9999.0 -9999.0 -9999.0 -9999.0 2.2010022347596414 2.200204206913733 2.1994061790678257 2.1986081512219187 2.1978101233760117 2.1970120955301047 2.1962140676841972 2.1954160398382903 2.1946180119923833 -9999.0 -9999.0 2.192223928454662 -9999.0 -9999.0 -9999.0 -9999.0 -9999.0 2.187435761379218 2.1866377335333107 2.1858397056874037 2.1850416778414967 2.1842436499955897 2.1834456221496823 2.1826475943037753 2.1818495664578683 2.1810515386119613 2.180253510766054 2.1794554829201456 2.1786574550742386 2.1778594272283316 2.1760860733575407 2.1732700739228847
-9999.0 -9999.0 -9999.0 -9999.0 -9999.0 -9999.0 -9999.0 -9999.0 -9999.0 -9999.0 -9999.0 -9999.0 2.2017426691762867 2.200889985949709 2.200037302723133 2.1991846194965565 2.1983319362699807 2.1974792530434044 2.196626569816828 2.195773886590252 2.1949212033636756 2.1940685201370993 2.1932158369105235 2.192363153683947 2.191510470457371 2.1906577872307946 -9999.0 -9999.0 2.1880997375510645 2.187247054324488 2.1863943710979123 2.185541687871336 2.18468900464476 2.1838363214181835 2.1829836381916072 2.182130954965031 2.1812782717384547 2.180425588511879 2.1795729052853026 2.178720222058725 2.1778675388321487 2.1770148556055724 2.1752169383140263 2.17240854444387
-9999.0 -9999.0 -9999.0 -9999.0 -9999.0 -9999.0 -9999.0 -9999.0 -9999.0 -9999.0 -9999.0 2.205021082461084 2.2024831035929315 2.2015757649856846 2.200668426378439 2.199761087771194 2.198853749163949 2.1979464105567037 2.197039071949458 2.196131733342213 2.195224394734968 2.1943170561277223 2.193409717520477 2.192502378913232 2.1915950403059865 2.1906877016987414 2.1897803630914945 2.1888730244842494 2.1879656858770042 2.1870583472697587 2.1861510086625136 2.1852436700552684 2.184336331448023 2.1834289928407777 2.1825216542335326 2.1816143156262875 2.180706977019042 2.179799638411797 2.1788922998045517 2.177984961197305 2.1770776225900597 2.176170283982814 2.1743478032705132 2.1715470149648555
-9999.0 -9999.0 -9999.0 -9999.0 -9999.0 -9999.0 -9999.0 -9999.0 -9999.0 -9999.0 -9999.0 2.2058000403680937 2.2032235380095764 2.20226154402166 2.201299550033746 2.200337556045832 2.1993755620579174 2.198413568070003 2.1974515740820886 2.1964895800941746 2.19552758610626 2.194565592118346 2.1936035981304314 2.192641604142517 2.191679610154603 2.1907176161666886 2.1897556221787724 2.188793628190858 2.187831634202944 2.1868696402150296 2.185907646227115 2.184945652239201 2.1839836582512864 2.1830216642633724 2.182059670275458 2.1810976762875436 2.180135682299629 2.1791736883117148 2.178211694323801 2.1772497003358846 2.17628770634797 2.1753257123600562 2.173478668227 2.170685485485841
-9999.0 -9999.0 -9999.0 -9999.0 -9999.0 -9999.0 -9999.0 -9999.0 -9999.0 -9999.0 -9999.0 2.206578998275104 2.203963972426221 2.202947323057636 2.201930673689053 2.2009140243204692 2.199897374951886 2.1988807255833027 2.197864076214719 2.1968474268461358 2.1958307774775525 2.1948141281089693 2.1937974787403856 2.1927808293718023 2.191764180003219 2.1907475306346353 2.1897308812660503 2.188714231897467 2.187697582528884 2.1866809331603 2.185664283791717 2.1846476344231336 2.18363098505455 2.1826143356859666 2.1815976863173834 2.1805810369488 2.1795643875802164 2.178547738211633 2.17753108884305 2.1765144394744644 2.175497790105881 2.174481140737298 2.1726095331834867 2.169823956006827
-9999.0 -9999.0 -9999.0 -9999.0 -9999.0 -9999.0 -9999.0 -9999.0 -9999.0 -9999.0 -9999.0 2.207357956182113 2.2047044068428656 2.2036331020936117 2.202561797344359 2.2014904925951067 2.200419187845854 2.199347883096602 2.1982765783473495 2.197205273598097 2.1961339688488444 2.1950626640995923 2.1939913593503397 2.192920054601087 2.1918487498518346 2.1907774451025825 2.1897061403533282 2.1886348356040757 2.187563530854823 2.1864922261055706 2.1854209213563185 2.184349616607066 2.1832783118578134 2.182207007108561 2.1811357023593088 2.180064397610056 2.1789930928608037 2.177921788111551 2.176850483362299 2.1757791786130447 2.174707873863792 2.1736365691145396 2.1717403981399737 2.1689624265278127
-9999.0 -9999.0 -9999.0 -9999.0 -9999.0 -9999.0 -9999.0 -9999.0 -9999.0 -9999.0 2.212293981864458 2.208136914089123 2.205444841259511 2.2043188811295873 2.203192920999666 2.2020669608697445 2.2009410007398227 2.1998150406099013 2.19868908047998 2.1975631203500585 2.1964371602201367 2.1953112000902153 2.194185239960294 2.1930592798303725 2.1919333197004507 2.1908073595705293 2.189681399440606 2.1885554393106843 2.187429479180763 2.1863035190508415 2.18517755892092 2.1840515987909983 2.182925638661077 2.1817996785311555 2.180673718401234 2.1795477582713123 2.178421798141391 2.1772958380114695 2.176169877881548 2.1750439177516245 2.173917957621703 2.1727919974917818 2.17087126309646 2.1681008970487983
-9999.0 -9999.0 -9999.0 -9999.0 -9999.0 -9999.0 -9999.0 -9999.0 -9999.0 2.2172768738926845 2.213096372944409 2.2089158719961333 2.2061852756761557 2.2050046601655633 2.2038240446549726 2.202643429144382 2.2014628136337917 2.200282198123201 2.1991015826126104 2.1979209671020197 2.1967403515914294 2.1955597360808388 2.194379120570248 2.1931985050596574 2.192017889549067 2.1908372740384765 2.189656658527884 2.1884760430172934 2.1872954275067027 2.186114811996112 2.184934196485522 2.183753580974931 2.1825729654643404 2.1813923499537498 2.1802117344431595 2.179031118932569 2.177850503421978 2.1766698879113875 2.1754892724007973 2.1743086568902044 2.173128041379614 2.1719474258690235 2.170002128052947 2.167239367569784
-9999.0 -9999.0 -9999.0 -9999.0 -9999.0 -9999.0 -9999.0 2.2265105663880096 2.2223066322667933 2.2181026981455765 2.21389876402436 2.2096948299031434 2.206925710092801 2.2056904392015393 2.2044551683102798 2.2032198974190202 2.2019846265277603 2.2007493556365008 2.1995140847452412 2.1982788138539813 2.1970435429627218 2.1958082720714622 2.1945730011802023 2.1933377302889427 2.1921024593976832 2.1908671885064237 2.189631917615162 2.188396646723902 2.1871613758326425 2.185926104941383 2.184690834050123 2.1834555631588635 2.182220292267604 2.180985021376344 2.1797497504850845 2.178514479593825 2.177279208702565 2.1760439378113055 2.174808666920046 2.173573396028784 2.1723381251375242 2.1711028542462647 2.1691329930094336 2.1663778380907694
-9999.0 -9999.0 -9999.0 -9999.0 -9999.0 -9999.0 2.2316106242809397 2.2273832569867826 2.223155889692625 2.218928522398468 2.2147011551043105 2.2104737878101535 2.2076661445094463 2.2063762182375153 2.2050862919655865 2.2037963656936577 2.202506439421729 2.2012165131498005 2.1999265868778717 2.198636660605943 2.197346734334014 2.1960568080620853 2.194766881790157 2.193476955518228 2.1921870292462993 2.1908971029743705 2.1896071767024394 2.188317250430511 2.1870273241585823 2.1857373978866534 2.1844474716147246 2.183157545342796 2.1818676190708675 2.1805776927989386 2.17928776652701 2.177997840255081 2.176707913983152 2.175417987711224 2.174128061439295 2.172838135167364 2.171548208895435 2.170258282623507 2.16826385796592 2.165516308611755
-9999.0 -9999.0 -9999.0 2.245259149453947 2.241008348986849 -9999.0 2.232506748052653 2.228255947585555 2.224005147118457 2.219754346651359 2.215503546184261 2.211252745717163 2.2084065789260907 2.2070619972734904 2.2057174156208927 2.204372833968295 2.2030282523156974 2.2016836706630993 2.2003390890105017 2.198994507357904 2.1976499257053064 2.1963053440527083 2.1949607624001106 2.193616180747513 2.1922715990949153 2.190927017442317 2.1895824357897173 2.1882378541371197 2.1868932724845216 2.185548690831924 2.1842041091793263 2.1828595275267286 2.1815149458741305 2.180170364221533 2.178825782568935 2.1774812009163376 2.1761366192637395 2.174792037611142 2.173447455958544 2.172102874305944 2.170758292653346 2.1694137110007485 2.167394722922407 2.1646547791327406
-9999.0 -9999.0 -9999.0 2.246225572744483 2.2419513391044443 2.2376771054644053 2.233402871824367 2.229128638184328 2.2248544045442893 2.2205801709042503 2.2163059372642118 2.212031703624173 2.2091470133427356 2.2077477763094664 2.2063485392761994 2.2049493022429325 2.203550065209666 2.202150828176399 2.200751591143132 2.199352354109865 2.1979531170765987 2.1965538800433317 2.195154643010065 2.193755405976798 2.1923561689435314 2.1909569319102644 2.1895576948769953 2.1881584578437283 2.1867592208104614 2.185359983777195 2.183960746743928 2.182561509710661 2.181162272677394 2.1797630356441275 2.1783637986108606 2.1769645615775937 2.1755653245443267 2.17416608751106 2.1727668504777933 2.171367613444524 2.169968376411257 2.1685691393779902 2.166525587878894 2.1637932496537267
-9999.0 -9999.0 -9999.0 2.247191996035019 2.242894329222039 2.23859666240906 2.23429899559608 2.230001328783101 2.225703661970121 2.221405995157142 2.217108328344162 2.212810661531183 2.2098874477593804 2.2084335553454424 2.206979662931506 2.2055257705175704 2.2040718781036346 2.202617985689699 2.2011640932757626 2.199710200861827 2.198256308447891 2.196802416033955 2.195348523620019 2.193894631206083 2.1924407387921474 2.1909868463782116 2.189532953964273 2.1880790615503374 2.186625169136401 2.1851712767224654 2.1837173843085296 2.182263491894594 2.1808095994806576 2.1793557070667218 2.177901814652786 2.17644792223885 2.174994029824914 2.173540137410978 2.1720862449970424 2.170632352583104 2.169178460169168 2.167724567755232 2.1656564528353806 2.1629317201747122
-9999.0 -9999.0 -9999.0 2.2481584193255544 2.243837319339634 2.239516219353714 2.2351951193677935 2.2308740193818735 2.226552919395953 2.222231819410033 2.2179107194241126 2.213589619438192 2.2106278821760252 2.2091193343814175 2.207610786586813 2.206102238792208 2.2045936909976027 2.2030851432029976 2.201576595408393 2.200068047613788 2.198559499819183 2.1970509520245782 2.195542404229973 2.194033856435368 2.192525308640763 2.1910167608461584 2.1895082130515506 2.1879996652569456 2.186491117462341 2.184982569667736 2.1834740218731308 2.181965474078526 2.180456926283921 2.178948378489316 2.1774398306947114 2.1759312829001063 2.174422735105501 2.172914187310896 2.1714056395162915 2.1698970917216838 2.1683885439270787 2.166879996132474 2.1647873177918675 2.162070190695698
-9999.0 -9999.0 -9999.0 2.249124842616091 2.24478030945723 2.240435776298369 2.2360912431395077 2.231746709980647 2.2274021768217858 2.2230576436629246 2.218713110504064 2.2143685773452026 2.2113683165926705 2.209805113417394 2.2082419102421196 2.2066787070668457 2.2051155038915717 2.203552300716298 2.2019890975410235 2.2004258943657495 2.1988626911904756 2.1972994880152017 2.1957362848399273 2.1941730816646534 2.1926098784893795 2.191046675314105 2.1894834721388285 2.1879202689635546 2.1863570657882807 2.1847938626130063 2.1832306594377324 2.1816674562624585 2.1801042530871846 2.17854104991191 2.1769778467366363 2.1754146435613624 2.173851440386088 2.172288237210814 2.17072503403554 2.1691618308602636 2.1675986276849892 2.1660354245097153 2.1639181827483536 2.1612086612166834
-9999.0 -9999.0 -9999.0 2.250091265906627 2.245723299574825 2.2413553332430234 2.2369873669112215 2.2326194005794195 2.228251434247618 2.223883467915816 2.2195155015840142 2.2151475352522128 2.2121087510093154 2.2104908924533695 2.2088730338974267 2.2072551753414835 2.2056373167855403 2.204019458229597 2.202401599673654 2.200783741117711 2.199165882561768 2.1975480240058247 2.1959301654498815 2.1943123068939387 2.1926944483379955 2.1910765897820523 2.1894587312261065 2.1878408726701633 2.1862230141142205 2.1846051555582773 2.182987297002334 2.181369438446391 2.179751579890448 2.178133721334505 2.1765158627785617 2.1748980042226185 2.1732801456666753 2.1716622871107325 2.1700444285547893 2.1684265699988434 2.1668087114429 2.165190852886957 2.1630490477048405 2.160347131737669
-9999.0 2.2598404882066476 2.255449088701905 2.2510576891971628 2.24666628969242 2.2422748901876774 2.2378834906829352 2.2334920911781926 2.22910069167345 2.2247092921687077 2.220317892663965 2.2159264931592224 2.2128491854259607 2.2111766714893455 2.2095041575527334 2.207831643616121 2.206159129679509 2.204486615742897 2.202814101806285 2.2011415878696723 2.1994690739330602 2.197796559996448 2.196124046059836 2.1944515321232236 2.1927790181866116 2.1911065042499995 2.1894339903133844 2.1877614763767723 2.1860889624401603 2.1844164485035478 2.1827439345669357 2.1810714206303237 2.1793989066937116 2.177726392757099 2.176053878820487 2.174381364883875 2.1727088509472625 2.1710363370106505 2.1693638230740384 2.1676913091374233 2.166018795200811 2.164346281264199 2.1621799126613275 2.1594856022586546
