Figures/CREST_Example_wjb_NSE/PETs/wjb.pet.20100906.asc
ncols            288
nrows            254
xllcorner        113.274861
yllcorner        31.4918055
cellsize         0.008333333333
NODATA_value     -9999
[rows 140 to 159 of 254, columns 44 to 87 of 288]
1.3415131672882257 1.337437104004788 1.3333610407213505 1.3292849774379132 1.3252089141544756 1.321132850871038 1.3170567875876005 1.312980724304163 1.3089046610207185 1.3048285977372809 1.3007525344538433 1.2966764711704057 1.2926004078869682 1.2885243446035306 1.284448281320093 1.2803722180366555 1.276296154753218 1.2722200914697805 1.268144028186343 1.2640679649029054 1.2599919016194678 1.2559158383360234 1.2518397750525858 1.2477637117691482 1.2436876484857107 1.239611585202273 1.2355355219188355 1.231459458635398 1.2313973325894836 1.2356261961897799 1.239855059790076 1.2440839233903722 1.2483127869906685 1.2525416505909648 1.2567705141912682 1.2609993777915645 1.2652282413918607 1.269457104992157 1.2736859685924533 1.2779148321927494 1.2821436957930457 1.286372559393342 1.2906014229936382 1.2948302865939345
1.3313997425214463 1.3278037514410477 1.324207760360649 1.3206117692802504 1.3170157781998517 1.313419787119453 1.3098237960390546 1.306227804958656 1.302631813878251 1.2990358227978525 1.295439831717454 1.2918438406370554 1.2882478495566567 1.284651858476258 1.2810558673958594 1.2774598763154608 1.2738638852350623 1.2702678941546637 1.266671903074265 1.2630759119938664 1.2594799209134677 1.255883929833063 1.2522879387526644 1.2486919476722658 1.2450959565918671 1.2414999655114685 1.23790397443107 1.2343079833506714 1.2344126149693475 1.2384732959098266 1.2425339768503056 1.2465946577907847 1.2506553387312638 1.2547160196717428 1.2587767006122288 1.2628373815527079 1.266898062493187 1.270958743433666 1.275019424374145 1.2790801053146241 1.2831407862551032 1.2872014671955823 1.2912621481360613 1.2953228290765404
1.321286317754667 1.3181703988773072 1.3150544799999475 1.311938561122588 1.3088226422452283 1.3057067233678685 1.3025908044905088 1.299474885613149 1.2963589667357842 1.2932430478584245 1.2901271289810647 1.287011210103705 1.2838952912263453 1.2807793723489858 1.277663453471626 1.2745475345942663 1.2714316157169065 1.2683156968395468 1.265199777962187 1.2620838590848276 1.2589679402074678 1.2558520213301028 1.252736102452743 1.2496201835753835 1.2465042646980238 1.243388345820664 1.2402724269433043 1.2371565080659446 1.2374278973492117 1.2413203956298735 1.2452128939105354 1.2491053921911972 1.252997890471859 1.256890388752521 1.2607828870331896 1.2646753853138515 1.2685678835945133 1.2724603818751752 1.276352880155837 1.2802453784364989 1.284137876717161 1.2880303749978228 1.2919228732784847 1.2958153715591465
1.3111728929878874 1.3085370463135668 1.305901199639246 1.3032653529649252 1.3006295062906046 1.2979936596162838 1.295357812941963 1.2927219662676424 1.290086119593317 1.2874502729189963 1.2848144262446755 1.2821785795703546 1.279542732896034 1.2769068862217132 1.2742710395473924 1.2716351928730718 1.268999346198751 1.2663634995244302 1.2637276528501094 1.2610918061757888 1.258455959501468 1.2558201128271427 1.2531842661528219 1.2505484194785013 1.2479125728041804 1.2452767261298596 1.242640879455539 1.2400050327812182 1.2404431797290758 1.2441674953499204 1.247891810970765 1.25161612659161 1.2553404422124546 1.2590647578332992 1.2627890734541503 1.266513389074995 1.2702377046958397 1.2739620203166844 1.2776863359375292 1.2814106515583739 1.2851349671792185 1.2888592828000633 1.292583598420908 1.2963079140417526
1.3010594682210994 1.2989036937498182 1.2967479192785367 1.2945921448072553 1.2924363703359738 1.2902805958646923 1.288124821393411 1.2859690469221294 1.2838132724508444 1.281657497979563 1.2795017235082815 1.2773459490370003 1.2751901745657188 1.2730344000944374 1.270878625623156 1.2687228511518744 1.266567076680593 1.2644113022093117 1.2622555277380303 1.2600997532667488 1.2579439787954674 1.2557882043241824 1.253632429852901 1.2514766553816195 1.249320880910338 1.2471651064390565 1.245009331967775 1.2428535574964938 1.2434584621089422 1.2470145950699696 1.250570728030997 1.2541268609920242 1.2576829939530516 1.261239126914079 1.2647952598751124 1.2683513928361398 1.2719075257971673 1.2754636587581947 1.279019791719222 1.2825759246802495 1.286132057641277 1.2896881906023043 1.2932443235633315 1.296800456524359
1.2909460434543203 1.2892703411860778 1.2875946389178352 1.2859189366495927 1.2842432343813504 1.2825675321131078 1.2808918298448653 1.2792161275766227 1.2775404253083775 1.275864723040135 1.2741890207718924 1.27251331850365 1.2708376162354076 1.269161913967165 1.2674862116989225 1.26581050943068 1.2641348071624376 1.262459104894195 1.2607834026259526 1.25910770035771 1.2574319980894675 1.2557562958212223 1.2540805935529797 1.2524048912847372 1.2507291890164947 1.2490534867482523 1.2473777844800098 1.2457020822117673 1.2464737444888063 1.2498616947900165 1.2532496450912267 1.256637595392437 1.260025545693647 1.2634134959948573 1.2668014462960733 1.2701893965972835 1.2735773468984937 1.2769652971997039 1.280353247500914 1.2837411978021243 1.2871291481033345 1.2905170984045446 1.2939050487057548 1.297292999006965
1.2808326186875407 1.279636988622337 1.2784413585571337 1.27724572849193 1.2760500984267265 1.274854468361523 1.2736588382963194 1.2724632082311158 1.2712675781659102 1.2700719481007068 1.2688763180355032 1.2676806879702995 1.2664850579050961 1.2652894278398925 1.2640937977746889 1.2628981677094853 1.2617025376442819 1.2605069075790782 1.2593112775138746 1.2581156474486712 1.2569200173834676 1.255724387318262 1.2545287572530583 1.253333127187855 1.2521374971226513 1.2509418670574477 1.249746236992244 1.2485506069270407 1.2494890268686702 1.2527087945100635 1.2559285621514564 1.2591483297928494 1.2623680974342424 1.2655878650756354 1.268807632717034 1.2720274003584269 1.27524716799982 1.278466935641213 1.281686703282606 1.284906470923999 1.288126238565392 1.291346006206785 1.2945657738481782 1.2977855414895711
1.2707191939207616 1.270003636058597 1.2692880781964322 1.2685725203342675 1.267856962472103 1.2671414046099383 1.2664258467477736 1.265710288885609 1.2649947310234433 1.2642791731612786 1.2635636152991139 1.2628480574369494 1.2621324995747847 1.26141694171262 1.2607013838504555 1.2599858259882908 1.259270268126126 1.2585547102639616 1.257839152401797 1.2571235945396322 1.2564080366774677 1.2556924788153017 1.2549769209531372 1.2542613630909725 1.2535458052288078 1.2528302473666433 1.2521146895044786 1.2513991316423139 1.2525043092485344 1.2555558942301102 1.2586074792116861 1.261659064193262 1.2647106491748377 1.2677622341564136 1.2708138191379945 1.2738654041195705 1.2769169891011463 1.2799685740827222 1.283020159064298 1.2860717440458738 1.2891233290274497 1.2921749140090255 1.2952264989906013 1.2982780839721773
1.2816946591467842 1.2808410255174674 1.2799873918881504 1.2791337582588336 1.2782801246295168 1.2774264910001998 1.276572857370883 1.2757192237415662 1.2748655901122479 1.274011956482931 1.273158322853614 1.2723046892242973 1.2714510555949805 1.2705974219656635 1.2697437883363467 1.26889015470703 1.268036521077713 1.2671828874483961 1.2663292538190793 1.2654756201897623 1.2646219865604456 1.2637683529311272 1.2629147193018104 1.2620610856724936 1.2612074520431766 1.2603538184138598 1.259500184784543 1.258646551155226 1.2595381464373139 1.262295430878439 1.2650527153195645 1.2678099997606898 1.2705672842018152 1.2733245686429404 1.2760818530840705 1.2788391375251957 1.2815964219663212 1.2843537064074464 1.2871109908485716 1.289868275289697 1.2926255597308223 1.2953828441719477 1.298140128613073 1.3008974130541984
1.3152128183743936 1.3135603477645807 1.3119078771547676 1.3102554065449548 1.3086029359351417 1.3069504653253285 1.3052979947155157 1.3036455241057026 1.3019930534958868 1.3003405828860737 1.2986881122762608 1.2970356416664477 1.2953831710566348 1.2937307004468217 1.2920782298370086 1.2904257592271957 1.2887732886173826 1.2871208180075695 1.2854683473977566 1.2838158767879435 1.2821634061781306 1.2805109355683146 1.2788584649585018 1.2772059943486886 1.2755535237388758 1.2739010531290627 1.2722485825192495 1.2705961119094367 1.2708675653953052 1.2731957372317977 1.27552390906829 1.2778520809047822 1.2801802527412747 1.282508424577767 1.2848365964142634 1.2871647682507557 1.289492940087248 1.2918211119237404 1.2941492837602326 1.296477455596725 1.2988056274332174 1.3011337992697096 1.303461971106202 1.3057901429426944
1.348730977602032 1.346279670011722 1.3438283624214122 1.3413770548311024 1.3389257472407925 1.3364744396504826 1.3340231320601728 1.3315718244698629 1.3291205168795488 1.326669209289239 1.324217901698929 1.3217665941086192 1.3193152865183093 1.3168639789279994 1.3144126713376896 1.3119613637473797 1.3095100561570698 1.30705874856676 1.30460744097645 1.3021561333861402 1.2997048257958304 1.2972535182055163 1.2948022106152064 1.2923509030248965 1.2898995954345867 1.2874482878442768 1.284996980253967 1.282545672663657 1.282196984353306 1.2840960435851652 1.2859951028170242 1.287894162048883 1.2897932212807421 1.2916922805126012 1.2935913397444634 1.2954903989763225 1.2973894582081813 1.2992885174400404 1.3011875766718994 1.3030866359037585 1.3049856951356174 1.3068847543674764 1.3087838135993355 1.3106828728311943
1.3822491368296417 1.3789989922588357 1.3757488476880297 1.3724987031172236 1.3692485585464176 1.3659984139756114 1.3627482694048054 1.3594981248339995 1.3562479802631877 1.3529978356923817 1.3497476911215758 1.3464975465507696 1.3432474019799636 1.3399972574091574 1.3367471128383515 1.3334969682675455 1.3302468236967393 1.3269966791259333 1.3237465345551274 1.3204963899843212 1.3172462454135152 1.3139961008427035 1.3107459562718975 1.3074958117010915 1.3042456671302853 1.3009955225594794 1.2977453779886734 1.2944952334178672 1.2935264033112974 1.2949963499385235 1.2964662965657494 1.2979362431929755 1.2994061898202014 1.3008761364474275 1.302346083074656 1.3038160297018822 1.305285976329108 1.3067559229563341 1.30822586958356 1.3096958162107861 1.3111657628380122 1.312635709465238 1.3141056560924642 1.3155756027196903
1.4157672960572514 1.411718314505949 1.4076693329546468 1.4036203514033447 1.3995713698520424 1.3955223883007402 1.391473406749438 1.3874244251981358 1.3833754436468266 1.3793264620955243 1.3752774805442223 1.37122849899292 1.3671795174416177 1.3631305358903156 1.3590815543390133 1.355032572787711 1.3509835912364088 1.3469346096851067 1.3428856281338044 1.3388366465825021 1.3347876650312 1.3307386834798909 1.3266897019285886 1.3226407203772863 1.3185917388259842 1.314542757274682 1.3104937757233797 1.3064447941720776 1.3048558222692888 1.3058966562918817 1.3069374903144748 1.3079783243370677 1.3090191583596609 1.3100599923822538 1.3111008264048487 1.3121416604274418 1.3131824944500348 1.314223328472628 1.3152641624952208 1.316304996517814 1.317345830540407 1.318386664563 1.3194274985855932 1.320468332608186
1.4492854552848609 1.4444376367530625 1.439589818221264 1.4347419996894657 1.4298941811576673 1.425046362625869 1.4201985440940705 1.4153507255622721 1.4105029070304655 1.4056550884986672 1.4008072699668688 1.3959594514350704 1.391111632903272 1.3862638143714736 1.3814159958396752 1.3765681773078766 1.3717203587760785 1.3668725402442798 1.3620247217124815 1.357176903180683 1.3523290846488847 1.347481266117078 1.3426334475852797 1.3377856290534813 1.332937810521683 1.3280899919898845 1.3232421734580861 1.3183943549262878 1.3161852412272799 1.31679696264524 1.3174086840632 1.3180204054811602 1.3186321268991201 1.3192438483170803 1.3198555697350414 1.3204672911530015 1.3210790125709615 1.3216907339889217 1.3223024554068816 1.3229141768248418 1.3235258982428018 1.324137619660762 1.3247493410787219 1.325361062496682
1.4828036145124703 1.4771569590001759 1.4715103034878814 1.4658636479755867 1.4602169924632922 1.4545703369509977 1.448923681438703 1.4432770259264085 1.4376303704141042 1.4319837149018098 1.4263370593895153 1.4206904038772206 1.415043748364926 1.4093970928526316 1.4037504373403369 1.3981037818280424 1.392457126315748 1.3868104708034532 1.3811638152911587 1.3755171597788642 1.3698705042665695 1.3642238487542655 1.3585771932419708 1.3529305377296763 1.3472838822173818 1.3416372267050871 1.3359905711927926 1.330343915680498 1.3275146601852712 1.3276972689985982 1.3278798778119254 1.3280624866252524 1.3282450954385796 1.3284277042519066 1.328610313065234 1.3287929218785612 1.3289755306918882 1.3291581395052154 1.3293407483185424 1.3295233571318696 1.3297059659451966 1.3298885747585238 1.3300711835718508 1.330253792385178
1.51632177374008 1.5098762812472892 1.5034307887544984 1.4969852962617078 1.490539803768917 1.4840943112761265 1.4776488187833356 1.4712033262905448 1.4647578337977432 1.4583123413049524 1.4518668488121618 1.445421356319371 1.4389758638265802 1.4325303713337896 1.4260848788409988 1.419639386348208 1.4131938938554174 1.4067484013626266 1.4003029088698358 1.3938574163770452 1.3874119238842544 1.3809664313914527 1.374520938898662 1.368075446405871 1.3616299539130805 1.3551844614202897 1.3487389689274991 1.3422934764347083 1.3388440791432625 1.3385975753519566 1.3383510715606506 1.3381045677693448 1.3378580639780389 1.337611560186733 1.3373650563954267 1.337118552604121 1.336872048812815 1.3366255450215092 1.3363790412302032 1.3361325374388975 1.3358860336475915 1.3356395298562858 1.3353930260649798 1.3351465222736738
1.5498399329676897 1.5425956034944028 1.535351274021116 1.528106944547829 1.5208626150745421 1.5136182856012552 1.5063739561279683 1.4991296266546814 1.491885297181382 1.4846409677080952 1.4773966382348083 1.4701523087615214 1.4629079792882345 1.4556636498149476 1.4484193203416607 1.4411749908683738 1.4339306613950868 1.4266863319218 1.419442002448513 1.4121976729752261 1.4049533435019392 1.39770901402864 1.390464684555353 1.383220355082066 1.3759760256087792 1.3687316961354923 1.3614873666622054 1.3542430371889185 1.3501734981012536 1.349497881705315 1.348822265309376 1.348146648913437 1.3474710325174983 1.3467954161215594 1.3461197997256196 1.3454441833296806 1.3447685669337417 1.344092950537803 1.343417334141864 1.3427417177459253 1.3420661013499864 1.3413904849540474 1.3407148685581087 1.3400392521621698
1.583358092195328 1.5753149257415442 1.5672717592877605 1.5592285928339766 1.551185426380193 1.5431422599264093 1.5350990934726254 1.5270559270188417 1.519012760565044 1.5109695941112604 1.5029264276574767 1.4948832612036929 1.4868400947499092 1.4787969282961253 1.4707537618423416 1.4627105953885577 1.454667428934774 1.4466242624809902 1.4385810960272065 1.4305379295734229 1.422494763119639 1.4144515966658415 1.4064084302120579 1.398365263758274 1.3903220973044903 1.3822789308507064 1.3742357643969227 1.3661925979431389 1.3615029170592545 1.3603981880586824 1.3592934590581103 1.358188730057538 1.3570840010569658 1.3559792720563937 1.3548745430558196 1.3537698140552474 1.352665085054675 1.351560356054103 1.3504556270535308 1.3493508980529587 1.3482461690523864 1.3471414400518142 1.3460367110512421 1.34493198205067
1.6168762514229376 1.6080342479886576 1.5991922445543778 1.5903502411200978 1.5815082376858178 1.5726662342515378 1.563824230817258 1.554982227382978 1.546140223948683 1.537298220514403 1.5284562170801232 1.5196142136458433 1.5107722102115633 1.5019302067772833 1.4930882033430035 1.4842461999087235 1.4754041964744435 1.4665621930401636 1.4577201896058836 1.4488781861716038 1.4400361827373238 1.4311941793030287 1.422352175868749 1.413510172434469 1.404668169000189 1.395826165565909 1.386984162131629 1.3781421586973492 1.3728323360172459 1.3712984944120405 1.3697646528068355 1.3682308112016304 1.366696969596425 1.36516312799122 1.3636292863860122 1.3620954447808071 1.3605616031756018 1.3590277615703967 1.3574939199651916 1.3559600783599863 1.3544262367547812 1.352892395149576 1.3513585535443708 1.3498247119391658
1.650394410650547 1.640753570235771 1.6311127298209949 1.6214718894062188 1.6118310489914427 1.6021902085766666 1.5925493681618905 1.5829085277471144 1.573267687332322 1.5636268469175458 1.5539860065027697 1.5443451660879934 1.5347043256732174 1.5250634852584413 1.5154226448436652 1.505781804428889 1.496140964014113 1.486500123599337 1.4768592831845608 1.4672184427697847 1.4575776023550087 1.4479367619402161 1.43829592152544 1.4286550811106637 1.4190142406958877 1.4093734002811116 1.3997325598663355 1.3900917194515594 1.384161754975237 1.382198800765399 1.3802358465555609 1.3782728923457226 1.3763099381358845 1.3743469839260465 1.3723840297162049 1.3704210755063668 1.3684581212965286 1.3664951670866905 1.3645322128768522 1.3625692586670142 1.3606063044571761 1.3586433502473378 1.3566803960374998 1.3547174418276617
