Figures/CREST_Example_wjb_NSE/PETs/wjb.pet.20101111.asc
ncols            288
nrows            254
xllcorner        113.274861
yllcorner        31.4918055
cellsize         0.008333333333
NODATA_value     -9999
[rows 160 to 179 of 254, columns 44 to 87 of 288]
1.1984331628541642 1.1987941016939143 1.1991550405336644 1.1995159793734145 1.1998769182131646 1.2002378570529146 1.2005987958926647 1.200959734732415 1.2013206735721655 1.2016816124119158 1.202042551251666 1.202403490091416 1.202764428931166 1.2031253677709162 1.2034863066106662 1.2038472454504163 1.2042081842901666 1.2045691231299167 1.2049300619696668 1.2052910008094169 1.205651939649167 1.2060128784889177 1.2063738173286678 1.2067347561684179 1.207095695008168 1.2074566338479182 1.2078175726876683 1.2081785115274184 1.2073420582453016 1.2052255657165931 1.2031090731878846 1.2009925806591761 1.1988760881304676 1.1967595956017592 1.194643103073047 1.1925266105443386 1.1904101180156301 1.1882936254869216 1.1861771329582131 1.1840606404295047 1.1819441479007962 1.179827655372088 1.1777111628433794 1.175594670314671
1.2006182140888098 1.2010059410451377 1.2013936680014659 1.2017813949577938 1.202169121914122 1.20255684887045 1.2029445758267778 1.203332302783106 1.2037200297394346 1.2041077566957625 1.2044954836520907 1.2048832106084186 1.2052709375647468 1.2056586645210747 1.2060463914774027 1.2064341184337308 1.2068218453900588 1.207209572346387 1.2075972993027149 1.2079850262590428 1.208372753215371 1.2087604801716996 1.2091482071280275 1.2095359340843557 1.2099236610406836 1.2103113879970118 1.2106991149533397 1.2110868419096676 1.210214700368409 1.207995730922569 1.2057767614767294 1.2035577920308895 1.2013388225850499 1.19911985313921 1.1969008836933666 1.1946819142475267 1.192462944801687 1.1902439753558474 1.1880250059100075 1.1858060364641678 1.183587067018328 1.1813680975724883 1.1791491281266484 1.1769301586808087
1.2028032653234555 1.2032177803963615 1.2036322954692673 1.2040468105421733 1.2044613256150793 1.2048758406879851 1.2052903557608912 1.205704870833797 1.2061193859067036 1.2065339009796097 1.2069484160525157 1.2073629311254215 1.2077774461983275 1.2081919612712333 1.2086064763441393 1.2090209914170453 1.2094355064899511 1.2098500215628571 1.210264536635763 1.210679051708669 1.211093566781575 1.2115080818544814 1.2119225969273875 1.2123371120002935 1.2127516270731993 1.2131661421461053 1.2135806572190113 1.2139951722919171 1.2130873424915163 1.2107658961285452 1.2084444497655742 1.2061230034026031 1.203801557039632 1.201480110676661 1.199158664313686 1.196837217950715 1.194515771587744 1.1921943252247729 1.1898728788618018 1.1875514324988308 1.1852299861358597 1.1829085397728887 1.1805870934099176 1.1782656470469466
1.204988316558103 1.205429619747587 1.2058709229370708 1.2063122261265546 1.2067535293160385 1.2071948325055224 1.2076361356950063 1.2080774388844902 1.2085187420739747 1.2089600452634586 1.2094013484529424 1.2098426516424263 1.2102839548319102 1.210725258021394 1.211166561210878 1.2116078644003618 1.2120491675898457 1.2124904707793296 1.2129317739688135 1.2133730771582973 1.2138143803477812 1.2142556835372658 1.2146969867267496 1.2151382899162335 1.2155795931057174 1.2160208962952013 1.2164621994846851 1.216903502674169 1.2159599846146258 1.2135360613345236 1.2111121380544212 1.2086882147743188 1.2062642914942163 1.2038403682141139 1.2014164449340072 1.1989925216539048 1.1965685983738024 1.1941446750937 1.1917207518135975 1.1892968285334953 1.1868729052533928 1.1844489819732904 1.182025058693188 1.1796011354130855
1.2071733677927485 1.2076414590988103 1.2081095504048722 1.208577641710934 1.2090457330169957 1.2095138243230574 1.2099819156291194 1.2104500069351811 1.2109180982412437 1.2113861895473055 1.2118542808533672 1.2123223721594292 1.212790463465491 1.2132585547715526 1.2137266460776144 1.2141947373836763 1.214662828689738 1.2151309199957998 1.2155990113018615 1.2160671026079235 1.2165351939139852 1.2170032852200479 1.2174713765261096 1.2179394678321713 1.2184075591382333 1.218875650444295 1.2193437417503568 1.2198118330564185 1.2188326267377334 1.2163062265404998 1.213779826343266 1.2112534261460324 1.2087270259487986 1.206200625751565 1.203674225554327 1.201147825357093 1.1986214251598595 1.1960950249626257 1.193568624765392 1.1910422245681582 1.1885158243709246 1.1859894241736908 1.1834630239764572 1.1809366237792234
1.2093584190273943 1.209853298450034 1.2103481778726737 1.2108430572953135 1.211337936717953 1.211832816140593 1.2123276955632325 1.2128225749858723 1.2133174544085128 1.2138123338311526 1.2143072132537922 1.214802092676432 1.2152969720990716 1.2157918515217112 1.216286730944351 1.2167816103669906 1.2172764897896304 1.21777136921227 1.2182662486349098 1.2187611280575494 1.2192560074801893 1.2197508869028297 1.2202457663254695 1.2207406457481091 1.221235525170749 1.2217304045933886 1.2222252840160284 1.222720163438668 1.221705268860841 1.2190763917464758 1.2164475146321108 1.2138186375177458 1.2111897604033808 1.2085608832890158 1.2059320061746464 1.2033031290602814 1.2006742519459164 1.1980453748315514 1.1954164977171864 1.1927876206028214 1.1901587434884564 1.1875298663740912 1.1849009892597262 1.1822721121453612
1.21154347026204 1.2120651378012575 1.2125868053404751 1.2131084728796928 1.2136301404189105 1.214151807958128 1.2146734754973456 1.2151951430365633 1.2157168105757818 1.2162384781149993 1.216760145654217 1.2172818131934346 1.2178034807326523 1.2183251482718698 1.2188468158110874 1.2193684833503051 1.2198901508895228 1.2204118184287402 1.220933485967958 1.2214551535071756 1.2219768210463933 1.2224984885856116 1.2230201561248293 1.223541823664047 1.2240634912032646 1.224585158742482 1.2251068262816998 1.2256284938209174 1.2245779109839483 1.221846556952452 1.2191152029209555 1.2163838488894594 1.213652494857963 1.2109211408264666 1.2081897867949658 1.2054584327634694 1.202727078731973 1.1999957247004769 1.1972643706689805 1.1945330166374841 1.191801662605988 1.1890703085744916 1.1863389545429952 1.183607600511499
1.2137285214966858 1.2142769771524813 1.2148254328082768 1.2153738884640723 1.2159223441198679 1.2164707997756634 1.217019255431459 1.2175677110872545 1.218116166743051 1.2186646223988464 1.219213078054642 1.2197615337104375 1.220309989366233 1.2208584450220286 1.221406900677824 1.2219553563336196 1.2225038119894152 1.2230522676452107 1.2236007233010062 1.2241491789568018 1.2246976346125973 1.2252460902683937 1.2257945459241892 1.2263430015799848 1.2268914572357803 1.2274399128915758 1.2279883685473714 1.228536824203167 1.2274505531070556 1.2246167221584279 1.2217828912098003 1.2189490602611728 1.2161152293125452 1.2132813983639177 1.2104475674152853 1.2076137364666575 1.20477990551803 1.2019460745694024 1.1991122436207748 1.1962784126721473 1.1934445817235195 1.190610750774892 1.1877769198262644 1.1849430888776369
1.2159135727313313 1.2164888165037047 1.2170640602760783 1.2176393040484517 1.218214547820825 1.2187897915931984 1.219365035365572 1.2199402791379454 1.2205155229103197 1.2210907666826933 1.2216660104550667 1.2222412542274401 1.2228164979998135 1.2233917417721871 1.2239669855445605 1.224542229316934 1.2251174730893073 1.2256927168616807 1.2262679606340543 1.2268432044064277 1.227418448178801 1.2279936919511756 1.228568935723549 1.2291441794959224 1.229719423268296 1.2302946670406694 1.2308699108130428 1.2314451545854161 1.230323195230163 1.227386887364404 1.224450579498645 1.2215142716328862 1.2185779637671275 1.2156416559013685 1.2127053480356047 1.2097690401698458 1.2068327323040868 1.203896424438328 1.2009601165725692 1.1980238087068102 1.1950875008410513 1.1921511929752924 1.1892148851095337 1.1862785772437747
1.2180986239659768 1.2187006558549283 1.2193026877438795 1.219904719632831 1.2205067515217822 1.2211087834107337 1.221710815299685 1.2223128471886364 1.2229148790775888 1.22351691096654 1.2241189428554915 1.2247209747444427 1.2253230066333942 1.2259250385223455 1.226527070411297 1.2271291023002482 1.2277311341891997 1.228333166078151 1.2289351979671024 1.2295372298560536 1.230139261745005 1.2307412936339575 1.2313433255229087 1.2319453574118602 1.2325473893008114 1.233149421189763 1.2337514530787141 1.2343534849676656 1.2331958373532703 1.23015705257038 1.22711826778749 1.2240794830045998 1.2210406982217095 1.2180019134388194 1.2149631286559242 1.2119243438730338 1.2088855590901437 1.2058467743072536 1.2028079895243633 1.1997692047414732 1.196730419958583 1.193691635175693 1.1906528503928027 1.1876140656099126
1.2202836752006245 1.2209124952061539 1.2215413152116832 1.2221701352172123 1.2227989552227416 1.223427775228271 1.2240565952338003 1.2246854152393296 1.2253142352448598 1.2259430552503892 1.2265718752559185 1.2272006952614478 1.227829515266977 1.2284583352725063 1.2290871552780356 1.229715975283565 1.2303447952890942 1.2309736152946236 1.2316024353001527 1.232231255305682 1.2328600753112113 1.2334888953167418 1.2341177153222709 1.2347465353278002 1.2353753553333295 1.2360041753388589 1.2366329953443882 1.2372618153499175 1.2360684794763799 1.2329272177763584 1.229785956076337 1.2266446943763154 1.2235034326762937 1.2203621709762722 1.2172209092762454 1.2140796475762239 1.2109383858762022 1.2077971241761807 1.2046558624761592 1.2015146007761377 1.1983733390761162 1.1952320773760945 1.192090815676073 1.1889495539760515
1.22246872643527 1.2231243345573772 1.2237799426794844 1.2244355508015916 1.2250911589236988 1.2257467670458062 1.2264023751679134 1.2270579832900206 1.2277135914121289 1.228369199534236 1.2290248076563433 1.2296804157784504 1.2303360239005576 1.2309916320226648 1.231647240144772 1.2323028482668792 1.2329584563889864 1.2336140645110936 1.234269672633201 1.2349252807553082 1.2355808888774154 1.2362364969995236 1.2368921051216308 1.237547713243738 1.2382033213658452 1.2388589294879524 1.2395145376100596 1.2401701457321668 1.2389411215994872 1.2356973829823346 1.2324536443651817 1.2292099057480288 1.225966167130876 1.2227224285137233 1.2194786898965648 1.216234951279412 1.212991212662259 1.2097474740451064 1.2065037354279535 1.2032599968108006 1.2000162581936478 1.1967725195764949 1.1935287809593422 1.1902850423421893
1.2246537776699158 1.225336173908601 1.226018570147286 1.2267009663859711 1.2273833626246564 1.2280657588633415 1.2287481551020265 1.2294305513407118 1.230112947579398 1.2307953438180832 1.2314777400567682 1.2321601362954533 1.2328425325341386 1.2335249287728236 1.2342073250115086 1.234889721250194 1.235572117488879 1.236254513727564 1.2369369099662493 1.2376193062049343 1.2383017024436194 1.2389840986823057 1.2396664949209908 1.240348891159676 1.241031287398361 1.2417136836370462 1.2423960798757314 1.2430784761144165 1.2418137637225948 1.2384675481883107 1.2351213326540267 1.2317751171197424 1.2284289015854584 1.2250826860511743 1.2217364705168845 1.2183902549826002 1.2150440394483162 1.2116978239140321 1.2083516083797479 1.2050053928454638 1.2016591773111795 1.1983129617768955 1.1949667462426115 1.1916205307083272
1.2268388289045615 1.2275480132598244 1.2282571976150876 1.2289663819703507 1.2296755663256136 1.2303847506808767 1.2310939350361396 1.2318031193914027 1.232512303746667 1.23322148810193 1.233930672457193 1.2346398568124561 1.235349041167719 1.2360582255229822 1.236767409878245 1.2374765942335082 1.2381857785887713 1.2388949629440342 1.2396041472992974 1.2403133316545603 1.2410225160098234 1.2417317003650876 1.2424408847203507 1.2431500690756137 1.2438592534308768 1.2445684377861397 1.2452776221414028 1.245986806496666 1.2446864058457021 1.2412377133942867 1.2377890209428715 1.234340328491456 1.2308916360400406 1.2274429435886252 1.2239942511372037 1.2205455586857883 1.2170968662343729 1.2136481737829576 1.2101994813315422 1.2067507888801268 1.2033020964287113 1.199853403977296 1.1964047115258805 1.192956019074465
1.229023880139207 1.229759852611048 1.230495825082889 1.23123179755473 1.2319677700265708 1.2327037424984117 1.2334397149702527 1.2341756874420937 1.234911659913936 1.2356476323857768 1.2363836048576178 1.2371195773294588 1.2378555498012997 1.2385915222731407 1.2393274947449817 1.2400634672168225 1.2407994396886635 1.2415354121605044 1.2422713846323454 1.2430073571041864 1.2437433295760274 1.2444793020478695 1.2452152745197105 1.2459512469915515 1.2466872194633924 1.2474231919352334 1.2481591644070742 1.2488951368789152 1.2475590479688095 1.2440078786002629 1.240456709231716 1.2369055398631694 1.2333543704946228 1.229803201126076 1.2262520317575232 1.2227008623889766 1.2191496930204297 1.2155985236518831 1.2120473542833363 1.2084961849147897 1.204945015546243 1.2013938461776963 1.1978426768091495 1.1942915074406029
1.2312089313738528 1.2319716919622716 1.2327344525506905 1.2334972131391093 1.2342599737275284 1.2350227343159472 1.235785494904366 1.236548255492785 1.237311016081205 1.238073776669624 1.2388365372580428 1.2395992978464616 1.2403620584348805 1.2411248190232993 1.2418875796117181 1.242650340200137 1.2434131007885558 1.2441758613769747 1.2449386219653935 1.2457013825538126 1.2464641431422314 1.2472269037306516 1.2479896643190704 1.2487524249074893 1.2495151854959081 1.250277946084327 1.2510407066727458 1.2518034672611646 1.2504316900919168 1.2467780438062388 1.2431243975205608 1.2394707512348828 1.2358171049492048 1.2321634586635268 1.2285098123778426 1.2248561660921646 1.2212025198064866 1.2175488735208086 1.2138952272351307 1.2102415809494527 1.2065879346637747 1.2029342883780967 1.1992806420924187 1.1956269958067407
1.2333939826085003 1.234183531313497 1.234973080018494 1.2357626287234906 1.2365521774284876 1.2373417261334843 1.238131274838481 1.2389208235434779 1.239710372248476 1.2404999209534728 1.2412894696584695 1.2420790183634665 1.2428685670684632 1.24365811577346 1.2444476644784568 1.2452372131834535 1.2460267618884504 1.246816310593447 1.247605859298444 1.2483954080034407 1.2491849567084377 1.2499745054134357 1.2507640541184324 1.2515536028234293 1.252343151528426 1.253132700233423 1.2539222489384196 1.2547117976434166 1.2533043322150266 1.2495482090122172 1.2457920858094078 1.2420359626065984 1.238279839403789 1.2345237162009797 1.230767592998164 1.2270114697953547 1.2232553465925453 1.219499223389736 1.2157431001869266 1.2119869769841172 1.2082308537813078 1.2044747305784984 1.200718607375689 1.1969624841728796
1.235579033843146 1.2363953706647208 1.2372117074862954 1.2380280443078702 1.238844381129445 1.2396607179510195 1.2404770547725943 1.241293391594169 1.2421097284157452 1.2429260652373197 1.2437424020588945 1.2445587388804693 1.2453750757020439 1.2461914125236186 1.2470077493451934 1.247824086166768 1.2486404229883428 1.2494567598099175 1.250273096631492 1.251089433453067 1.2519057702746414 1.2527221070962176 1.2535384439177923 1.2543547807393671 1.2551711175609417 1.2559874543825165 1.2568037912040912 1.2576201280256658 1.256176974338134 1.2523183742181934 1.2484597740982526 1.244601173978312 1.2407425738583713 1.2368839737384307 1.2330253736184835 1.2291667734985428 1.2253081733786022 1.2214495732586614 1.2175909731387209 1.2137323730187801 1.2098737728988396 1.2060151727788988 1.202156572658958 1.1982979725390175
1.2369437305714588 1.237762471830457 1.2385812130894551 1.2393999543484533 1.2402186956074517 1.2410374368664499 1.241856178125448 1.2426749193844462 1.243493660643446 1.244312401902444 1.2451311431614422 1.2459498844204406 1.2467686256794388 1.247587366938437 1.2484061081974354 1.2492248494564335 1.2500435907154317 1.2508623319744299 1.2516810732334283 1.2524998144924264 1.2533185557514246 1.2541372970104243 1.2549560382694225 1.2557747795284206 1.2565935207874188 1.2574122620464172 1.2582310033054154 1.2590497445644135 1.2575937318495174 1.2537059557133075 1.2498181795770975 1.2459304034408876 1.2420426273046776 1.2381548511684677 1.234267075032251 1.2303792988960411 1.2264915227598312 1.2226037466236215 1.2187159704874115 1.2148281943512016 1.2109404182149917 1.2070526420787817 1.2031648659425718 1.1992770898063618
1.2374315200417676 1.2382266011221457 1.2390216822025237 1.2398167632829018 1.2406118443632796 1.2414069254436577 1.2422020065240358 1.2429970876044139 1.243792168684793 1.244587249765171 1.2453823308455492 1.2461774119259272 1.246972493006305 1.2477675740866832 1.2485626551670612 1.2493577362474393 1.2501528173278171 1.2509478984081952 1.2517429794885733 1.2525380605689511 1.2533331416493292 1.2541282227297086 1.2549233038100867 1.2557183848904645 1.2565134659708426 1.2573085470512206 1.2581036281315987 1.2588987092119766 1.2574542404794955 1.2536156423696745 1.2497770442598535 1.2459384461500327 1.2420998480402117 1.2382612499303907 1.2344226518205632 1.2305840537107424 1.2267454556009214 1.2229068574911004 1.2190682593812796 1.2152296612714586 1.2113910631616376 1.2075524650518168 1.2037138669419958 1.1998752688321748
