Figures/CREST_Example_wjb_NSE/PETs/wjb.pet.20091009.asc
ncols            288
nrows            254
xllcorner        113.274861
yllcorner        31.4918055
cellsize         0.008333333333
NODATA_value     -9999
[rows 40 to 59 of 254, columns 44 to 87 of 288]
0.9936585787718037 0.9915668840700606 0.9894751893683172 0.987383494666574 0.9852917999648309 0.9832001052630875 0.9811084105613443 0.979016715859601 0.9769250211578543 0.974833326456111 0.9727416317543678 0.9706499370526246 0.9685582423508813 0.9664665476491381 0.9643748529473948 0.9622831582456516 0.9601914635439084 0.9580997688421651 0.9560080741404219 0.9539163794386786 0.9518246847369354 0.9497329900351885 0.9476412953334453 0.9455496006317021 0.9434579059299588 0.9413662112282156 0.9392745165264723 0.9371828218247291 0.9358830636597507 0.9354299035551374 0.9349767434505242 0.9345235833459109 0.9340704232412976 0.9336172631366844 0.9331641030320703 0.932710942927457 0.9322577828228438 0.9318046227182305 0.9313514626136172 0.9308983025090038 0.9304451424043906 0.9299919822997773 0.929538822195164 0.9290856620905508
0.996871988449685 0.994650737591583 0.9924294867334807 0.9902082358753787 0.9879869850172764 0.9857657341591743 0.9835444833010721 0.98132323244297 0.9791019815848641 0.976880730726762 0.9746594798686598 0.9724382290105575 0.9702169781524554 0.9679957272943532 0.9657744764362511 0.9635532255781489 0.9613319747200468 0.9591107238619446 0.9568894730038425 0.9546682221457403 0.9524469712876382 0.9502257204295322 0.9480044695714301 0.9457832187133279 0.9435619678552258 0.9413407169971236 0.9391194661390215 0.9368982152809193 0.9355429547278558 0.9351134573875057 0.9346839600471556 0.9342544627068056 0.9338249653664554 0.9333954680261054 0.9329659706857545 0.9325364733454045 0.9321069760050543 0.9316774786647043 0.9312479813243542 0.9308184839840041 0.930388986643654 0.929959489303304 0.9295299919629538 0.9291004946226038
1.0000853981275666 0.9977345911131055 0.9953837840986444 0.9930329770841833 0.9906821700697223 0.9883313630552611 0.9859805560408001 0.983629749026339 0.9812789420118739 0.9789281349974129 0.9765773279829518 0.9742265209684907 0.9718757139540297 0.9695249069395686 0.9671740999251076 0.9648232929106465 0.9624724858961854 0.9601216788817244 0.9577708718672633 0.9554200648528022 0.9530692578383412 0.9507184508238761 0.9483676438094151 0.946016836794954 0.9436660297804929 0.9413152227660319 0.9389644157515707 0.9366136087371096 0.9352028457959609 0.934797011219874 0.9343911766437871 0.9339853420677002 0.9335795074916133 0.9331736729155264 0.9327678383394389 0.932362003763352 0.9319561691872651 0.9315503346111782 0.9311445000350913 0.9307386654590044 0.9303328308829175 0.9299269963068306 0.9295211617307437 0.9291153271546568
1.003298807805448 1.000818444634628 0.998338081463808 0.995857718292988 0.993377355122168 0.990896991951348 0.988416628780528 0.985936265609708 0.9834559024388838 0.9809755392680638 0.9784951760972439 0.9760148129264239 0.9735344497556039 0.9710540865847839 0.968573723413964 0.966093360243144 0.963612997072324 0.9611326339015039 0.958652270730684 0.956171907559864 0.953691544389044 0.9512111812182198 0.9487308180473999 0.9462504548765799 0.9437700917057599 0.9412897285349399 0.9388093653641199 0.9363290021933 0.934862736864066 0.9344805650522423 0.9340983932404185 0.9337162214285949 0.9333340496167711 0.9329518778049475 0.932569705993123 0.9321875341812994 0.9318053623694756 0.931423190557652 0.9310410187458282 0.9306588469340046 0.9302766751221809 0.9298945033103572 0.9295123314985335 0.9291301596867098
1.0065122174833294 1.0039022981561505 1.0012923788289716 0.9986824595017926 0.9960725401746138 0.9934626208474349 0.990852701520256 0.988242782193077 0.9856328628658937 0.9830229435387148 0.9804130242115359 0.977803104884357 0.975193185557178 0.9725832662299991 0.9699733469028203 0.9673634275756414 0.9647535082484625 0.9621435889212836 0.9595336695941047 0.9569237502669258 0.9543138309397469 0.9517039116125635 0.9490939922853847 0.9464840729582058 0.9438741536310269 0.941264234303848 0.9386543149766691 0.9360443956494902 0.934522627932171 0.9341641188846105 0.93380560983705 0.9334471007894894 0.9330885917419289 0.9327300826943684 0.9323715736468073 0.9320130645992468 0.9316545555516863 0.9312960465041258 0.9309375374565653 0.9305790284090047 0.9302205193614442 0.9298620103138837 0.9295035012663232 0.9291449922187628
1.0097256271612107 1.006986151677673 1.004246676194135 1.0015072007105974 0.9987677252270595 0.9960282497435217 0.9932887742599839 0.990549298776446 0.9878098232929036 0.9850703478093658 0.9823308723258279 0.9795913968422901 0.9768519213587523 0.9741124458752145 0.9713729703916767 0.9686334949081389 0.9658940194246011 0.9631545439410633 0.9604150684575254 0.9576755929739876 0.9549361174904498 0.9521966420069072 0.9494571665233694 0.9467176910398316 0.9439782155562938 0.941238740072756 0.9384992645892182 0.9357597891056804 0.934182519000276 0.9338476727169788 0.9335128264336814 0.9331779801503841 0.9328431338670868 0.9325082875837895 0.9321734413004916 0.9318385950171942 0.931503748733897 0.9311689024505996 0.9308340561673023 0.930499209884005 0.9301643636007076 0.9298295173174104 0.929494671034113 0.9291598247508157
1.0129390368390947 1.010070005199198 1.007200973559301 1.0043319419194043 1.0014629102795074 0.9985938786396106 0.9957248469997138 0.9928558153598169 0.9899867837199152 0.9871177520800184 0.9842487204401216 0.9813796888002247 0.9785106571603279 0.975641625520431 0.9727725938805342 0.9699035622406373 0.9670345306007405 0.9641654989608437 0.9612964673209469 0.95842743568105 0.9555584040411532 0.9526893724012515 0.9498203407613546 0.9469513091214579 0.9440822774815609 0.9412132458416641 0.9383442142017673 0.9354751825618705 0.9338424100683809 0.9335312265493467 0.9332200430303127 0.9329088595112786 0.9325976759922444 0.9322864924732104 0.9319753089541757 0.9316641254351417 0.9313529419161075 0.9310417583970734 0.9307305748780393 0.9304193913590052 0.9301082078399711 0.929797024320937 0.9294858408019029 0.9291746572828687
1.0161524465169762 1.0131538587207205 1.0101552709244648 1.0071566831282088 1.004158095331953 1.0011595075356974 0.9981609197394417 0.9951623319431859 0.9921637441469251 0.9891651563506694 0.9861665685544135 0.9831679807581578 0.9801693929619021 0.9771708051656464 0.9741722173693905 0.9711736295731348 0.9681750417768791 0.9651764539806234 0.9621778661843676 0.9591792783881118 0.9561806905918561 0.9531821027955952 0.9501835149993394 0.9471849272030837 0.944186339406828 0.9411877516105722 0.9381891638143165 0.9351905760180607 0.9335023011364859 0.933214780381715 0.9329272596269441 0.9326397388721732 0.9323522181174023 0.9320646973626313 0.93177717660786 0.9314896558530891 0.9312021350983182 0.9309146143435472 0.9306270935887763 0.9303395728340054 0.9300520520792345 0.9297645313244636 0.9294770105696927 0.9291894898149218
1.0193658561948575 1.016237712242243 1.0131095682896283 1.0099814243370135 1.006853280384399 1.0037251364317843 1.0005969924791696 0.9974688485265549 0.994340704573935 0.9912125606213202 0.9880844166687056 0.984956272716091 0.9818281287634762 0.9786999848108616 0.9755718408582469 0.9724436969056323 0.9693155529530176 0.9661874090004029 0.9630592650477883 0.9599311210951736 0.9568029771425589 0.953674833189939 0.9505466892373242 0.9474185452847096 0.944290401332095 0.9411622573794802 0.9380341134268656 0.934905969474251 0.933162192204591 0.9328983342140832 0.9326344762235755 0.9323706182330678 0.9321067602425601 0.9318429022520524 0.9315790442615441 0.9313151862710365 0.9310513282805287 0.930787470290021 0.9305236122995133 0.9302597543090055 0.9299958963184978 0.9297320383279901 0.9294681803374824 0.9292043223469747
1.0225792658727388 1.0193215657637653 1.0160638656547916 1.012806165545818 1.0095484654368445 1.006290765327871 1.0030330652188975 0.9997753651099238 0.9965176650009446 0.9932599648919711 0.9900022647829975 0.9867445646740239 0.9834868645650503 0.9802291644560768 0.9769714643471032 0.9737137642381296 0.9704560641291561 0.9671983640201824 0.9639406639112089 0.9606829638022353 0.9574252636932618 0.9541675635842826 0.950909863475309 0.9476521633663355 0.9443944632573619 0.9411367631483883 0.9378790630394147 0.9346213629304412 0.932822083272696 0.9325818880464515 0.932341692820207 0.9321014975939624 0.9318613023677179 0.9316211071414734 0.9313809119152284 0.9311407166889839 0.9309005214627394 0.9306603262364949 0.9304201310102503 0.9301799357840057 0.9299397405577612 0.9296995453315167 0.9294593501052721 0.9292191548790276
1.0257926755506201 1.0224054192852878 1.0190181630199553 1.0156309067546228 1.0122436504892902 1.008856394223958 1.0054691379586254 1.0020818816932928 0.9986946254279545 0.9953073691626221 0.9919201128972895 0.9885328566319571 0.9851456003666246 0.9817583441012921 0.9783710878359596 0.9749838315706272 0.9715965753052946 0.9682093190399622 0.9648220627746297 0.9614348065092972 0.9580475502439647 0.9546602939786264 0.951273037713294 0.9478857814479614 0.944498525182629 0.9411112689172965 0.937724012651964 0.9343367563866315 0.9324819743408012 0.9322654418788198 0.9320489094168385 0.9318323769548571 0.9316158444928758 0.9313993120308944 0.9311827795689127 0.9309662471069314 0.93074971464495 0.9305331821829687 0.9303166497209874 0.930100117259006 0.9298835847970247 0.9296670523350433 0.929450519873062 0.9292339874110807
1.0290060852285017 1.0254892728068101 1.0219724603851188 1.0184556479634275 1.014938835541736 1.0114220231200446 1.0079052106983533 1.0043883982766617 1.0008715858549644 0.9973547734332731 0.9938379610115816 0.9903211485898902 0.9868043361681988 0.9832875237465074 0.979770711324816 0.9762538989031246 0.9727370864814332 0.9692202740597418 0.9657034616380504 0.962186649216359 0.9586698367946676 0.9551530243729702 0.9516362119512788 0.9481193995295873 0.944602587107896 0.9410857746862046 0.9375689622645131 0.9340521498428218 0.9321418654089062 0.931948995711188 0.9317561260134699 0.9315632563157518 0.9313703866180336 0.9311775169203155 0.930984647222597 0.9307917775248788 0.9305989078271607 0.9304060381294426 0.9302131684317244 0.9300202987340063 0.9298274290362881 0.92963455933857 0.9294416896408518 0.9292488199431337
1.032219494906383 1.0285731263283326 1.0249267577502823 1.0212803891722322 1.0176340205941818 1.0139876520161315 1.0103412834380812 1.0066949148600308 1.0030485462819743 0.9994021777039239 0.9957558091258736 0.9921094405478234 0.988463071969773 0.9848167033917227 0.9811703348136723 0.9775239662356221 0.9738775976575718 0.9702312290795214 0.9665848605014711 0.9629384919234207 0.9592921233453704 0.955645754767314 0.9519993861892636 0.9483530176112133 0.9447066490331629 0.9410602804551126 0.9374139118770624 0.933767543299012 0.9318017564770112 0.9316325495435562 0.9314633426101013 0.9312941356766463 0.9311249287431914 0.9309557218097364 0.9307865148762812 0.9306173079428263 0.9304481010093713 0.9302788940759164 0.9301096871424613 0.9299404802090064 0.9297712732755515 0.9296020663420965 0.9294328594086416 0.9292636524751866
1.0354329045842672 1.0316569798498578 1.0278810551154485 1.0241051303810391 1.0203292056466298 1.0165532809122204 1.012777356177811 1.0090014314434017 1.005225506708986 1.0014495819745766 0.9976736572401672 0.993897732505758 0.9901218077713486 0.9863458830369393 0.9825699583025299 0.9787940335681206 0.9750181088337112 0.9712421840993019 0.9674662593648925 0.9636903346304833 0.9599144098960739 0.9561384851616581 0.9523625604272488 0.9485866356928394 0.9448107109584301 0.9410347862240207 0.9372588614896114 0.933482936755202 0.9314616475451161 0.9313161033759243 0.9311705592067325 0.9310250150375409 0.9308794708683491 0.9307339266991573 0.9305883825299653 0.9304428383607736 0.9302972941915818 0.9301517500223901 0.9300062058531984 0.9298606616840066 0.9297151175148148 0.9295695733456232 0.9294240291764314 0.9292784850072396
1.0386463142621485 1.0347408333713803 1.030835352480612 1.0269298715898438 1.0230243906990755 1.0191189098083073 1.015213428917539 1.0113079480267708 1.0074024671359958 1.0034969862452277 0.9995915053544593 0.995686024463691 0.9917805435729228 0.9878750626821545 0.9839695817913863 0.980064100900618 0.9761586200098498 0.9722531391190815 0.9683476582283133 0.964442177337545 0.9605366964467767 0.9566312155560018 0.9527257346652336 0.9488202537744653 0.9449147728836971 0.9410092919929288 0.9371038111021606 0.9331983302113923 0.9311215386132211 0.9309996572082926 0.930877775803364 0.9307558943984354 0.9306340129935069 0.9305121315885784 0.9303902501836496 0.930268368778721 0.9301464873737925 0.9300246059688639 0.9299027245639354 0.9297808431590069 0.9296589617540783 0.9295370803491497 0.9294151989442212 0.9292933175392927
1.04185972394003 1.0378246868929026 1.0337896498457755 1.0297546127986483 1.0257195757515212 1.021684538704394 1.0176495016572669 1.0136144646101397 1.0095794275630057 1.0055443905158785 1.0015093534687514 0.9974743164216242 0.9934392793744969 0.9894042423273698 0.9853692052802426 0.9813341682331155 0.9772991311859883 0.9732640941388612 0.9692290570917339 0.9651940200446067 0.9611589829974796 0.9571239459503456 0.9530889089032184 0.9490538718560912 0.9450188348089641 0.9409837977618369 0.9369487607147097 0.9329137236675825 0.9307814296813262 0.9306832110406608 0.9305849923999954 0.9304867737593301 0.9303885551186647 0.9302903364779993 0.9301921178373338 0.9300938991966685 0.9299956805560031 0.9298974619153377 0.9297992432746724 0.9297010246340071 0.9296028059933417 0.9295045873526764 0.929406368712011 0.9293081500713456
1.0450731336179113 1.0409085404144252 1.0367439472109392 1.032579354007453 1.0284147608039669 1.024250167600481 1.0200855743969948 1.0159209811935086 1.0117563879900155 1.0075917947865294 1.0034272015830434 0.9992626083795573 0.9950980151760712 0.990933421972585 0.986768828769099 0.9826042355656129 0.9784396423621269 0.9742750491586407 0.9701104559551547 0.9659458627516686 0.9617812695481824 0.9576166763446893 0.9534520831412032 0.9492874899377172 0.945122896734231 0.9409583035307449 0.9367937103272589 0.9326291171237728 0.9304413207494312 0.9303667648730289 0.9302922089966268 0.9302176531202246 0.9301430972438225 0.9300685413674203 0.9299939854910181 0.9299194296146159 0.9298448737382138 0.9297703178618115 0.9296957619854094 0.9296212061090072 0.9295466502326051 0.9294720943562029 0.9293975384798008 0.9293229826033986
1.0482865432957928 1.0439923939359477 1.0396982445761027 1.0354040952162578 1.0311099458564128 1.0268157964965678 1.0225216471367227 1.0182274977768777 1.0139333484170254 1.0096391990571805 1.0053450496973355 1.0010509003374903 0.9967567509776454 0.9924626016178004 0.9881684522579555 0.9838743028981104 0.9795801535382654 0.9752860041784204 0.9709918548185754 0.9666977054587305 0.9624035560988854 0.9581094067390331 0.9538152573791882 0.9495211080193431 0.9452269586594981 0.9409328092996532 0.9366386599398081 0.9323445105799631 0.9301012118175364 0.9300503187053973 0.9299994255932583 0.9299485324811194 0.9298976393689804 0.9298467462568415 0.9297958531447024 0.9297449600325635 0.9296940669204244 0.9296431738082854 0.9295922806961465 0.9295413875840075 0.9294904944718685 0.9294396013597296 0.9293887082475906 0.9293378151354517
1.0479630524180341 1.0436546809328737 1.0393463094477131 1.0350379379625527 1.0307295664773921 1.0264211949922317 1.022112823507071 1.0178044520219107 1.0134960805367428 1.0091877090515824 1.0048793375664218 1.0005709660812614 0.9962625945961009 0.9919542231109404 0.98764585162578 0.9833374801406195 0.979029108655459 0.9747207371702985 0.970412365685138 0.9661039941999775 0.961795622714817 0.9574872512296492 0.9531788797444887 0.9488705082593282 0.9445621367741677 0.9402537652890073 0.9359453938038468 0.9316370223186863 0.9293925211441761 0.9293543439877234 0.9293161668312708 0.9292779896748181 0.9292398125183655 0.9292016353619128 0.9291634582054601 0.9291252810490074 0.9290871038925547 0.9290489267361021 0.9290107495796494 0.9289725724231968 0.928934395266744 0.9288962181102913 0.9288580409538387 0.928819863797386
1.0438588378598093 1.0396595290563189 1.0354602202528285 1.031260911449338 1.027061602645848 1.0228622938423575 1.018662985038867 1.0144636762353767 1.0102643674318792 1.0060650586283888 1.0018657498248986 0.9976664410214082 0.9934671322179178 0.9892678234144274 0.9850685146109371 0.9808692058074467 0.9766698970039565 0.9724705882004661 0.9682712793969758 0.9640719705934854 0.9598726617899951 0.9556733529864976 0.9514740441830072 0.9472747353795168 0.9430754265760265 0.9388761177725361 0.9346768089690458 0.9304775001655554 0.9282898398295113 0.9282526771806096 0.9282155145317077 0.9281783518828058 0.928141189233904 0.9281040265850021 0.9280668639361003 0.9280297012871984 0.9279925386382966 0.9279553759893947 0.9279182133404928 0.927881050691591 0.9278438880426891 0.9278067253937874 0.9277695627448855 0.9277324000959837
