Figures/CREST_Example_wjb_NSE/PETs/wjb.pet.20090801.asc
ncols            288
nrows            254
xllcorner        113.274861
yllcorner        31.4918055
cellsize         0.008333333333
NODATA_value     -9999
[rows 140 to 159 of 254, columns 220 to 263 of 288]
2.9852384385219177 2.9846708343970367 2.983553955909215 2.9818498906963744 2.980145825483534 2.978441760270693 2.9767376950578526 2.975033629845012 2.973329564632171 2.9716254994193303 2.9699214342064897 2.968217368993649 2.9665133037808085 2.964809238567968 2.963105173355124 2.9614011081422835 2.959697042929443 2.9579929777166023 2.9562889125037617 2.954584847290921 2.9528807820780805 2.95117671686524 2.9494726516523992 2.9477685864395586 2.946064521226718 2.9443604560138774 2.942656390801037 2.940952325588193 2.9392482603753525 2.937544195162512 2.9358401299496713 2.9341360647368306 2.933682880915057 2.9345669176163858 2.9354509543177145 2.9363349910190433 2.937219027720372 2.9381030644217008 2.9389871011230295 2.9398711378243583 2.940755174525689 2.9416392112270175 2.9425232479283463 2.943407284629675
2.9701881237170698 2.969242559778343 2.9678921069324358 2.96610881868141 2.9643255304303837 2.962542242179358 2.960758953928332 2.958975665677306 2.95719237742628 2.9554090891752542 2.9536258009242284 2.951842512673202 2.9500592244221764 2.9482759361711506 2.9464926479201217 2.9447093596690954 2.9429260714180696 2.941142783167044 2.9393594949160176 2.9375762066649918 2.935792918413966 2.93400963016294 2.932226341911914 2.930443053660888 2.9286597654098623 2.926876477158836 2.9250931889078102 2.9233099006567813 2.9215266124057555 2.9197433241547297 2.9179600359037035 2.9161767476526776 2.9157605247102927 2.9168057255289375 2.9178509263475823 2.918896127166227 2.9199413279848714 2.920986528803516 2.922031729622161 2.9230769304408057 2.9241221312594523 2.925167332078097 2.9262125328967414 2.9272577337153862
2.955137808912222 2.9538142851596496 2.9522302579556565 2.950367746666445 2.948505235377234 2.9466427240880226 2.9447802127988116 2.9429177015096 2.941055190220389 2.939192678931178 2.9373301676419667 2.9354676563527557 2.9336051450635443 2.9317426337743333 2.9298801224851188 2.9280176111959078 2.9261550999066963 2.9242925886174853 2.922430077328274 2.920567566039063 2.9187050547498514 2.9168425434606404 2.914980032171429 2.913117520882218 2.911255009593007 2.9093924983037955 2.9075299870145845 2.90566747572537 2.903804964436159 2.9019424531469475 2.9000799418577365 2.898217430568525 2.8978381685055288 2.899044533441489 2.90025089837745 2.901457263313411 2.902663628249371 2.903869993185332 2.905076358121293 2.906282723057253 2.907489087993216 2.9086954529291766 2.9099018178651375 2.911108182801098
2.9400874941073747 2.9383860105409565 2.9365684089788777 2.934626674651481 2.9326849403240844 2.9307432059966882 2.9288014716692916 2.926859737341895 2.9249180030144983 2.922976268687102 2.9210345343597055 2.919092800032309 2.9171510657049127 2.915209331377516 2.9132675970501163 2.9113258627227196 2.909384128395323 2.907442394067927 2.90550065974053 2.9035589254131335 2.9016171910857373 2.8996754567583407 2.897733722430944 2.895791988103548 2.8938502537761512 2.8919085194487546 2.889966785121358 2.888025050793958 2.886083316466562 2.8841415821391654 2.8821998478117687 2.8802581134843726 2.879915812300764 2.881283341354041 2.8826508704073173 2.884018399460594 2.8853859285138705 2.8867534575671474 2.888120986620424 2.8894885156737007 2.8908560447269793 2.892223573780256 2.8935911028335326 2.8949586318868095
2.925037179302514 2.92295773592225 2.9209065600020847 2.918885602636503 2.916864645270921 2.914843687905339 2.9128227305397574 2.9108017731741755 2.9087808158085937 2.906759858443012 2.90473890107743 2.902717943711848 2.9006969863462664 2.8986760289806845 2.896655071615099 2.8946341142495173 2.8926131568839355 2.8905921995183537 2.888571242152772 2.8865502847871896 2.8845293274216077 2.882508370056026 2.880487412690444 2.8784664553248622 2.8764454979592804 2.8744245405936986 2.8724035832281167 2.8703826258625313 2.8683616684969495 2.8663407111313677 2.864319753765786 2.862298796400204 2.861993456095984 2.863522149266577 2.86505084243717 2.8665795356077624 2.8681082287783553 2.8696369219489477 2.8711656151195406 2.8726943082901335 2.8742230014607286 2.8757516946313215 2.8772803878019144 2.878809080972507
2.9099868644976663 2.907529461303557 2.905244711025306 2.903144530621539 2.901044350217772 2.8989441698140044 2.8968439894102374 2.8947438090064703 2.892643628602703 2.890543448198936 2.888443267795169 2.8863430873914018 2.8842429069876343 2.8821427265838673 2.8800425461800967 2.8779423657763292 2.875842185372562 2.873742004968795 2.8716418245650277 2.8695416441612607 2.8674414637574936 2.865341283353726 2.863241102949959 2.861140922546192 2.8590407421424247 2.8569405617386576 2.8548403813348906 2.8527402009311196 2.8506400205273525 2.8485398401235855 2.846439659719818 2.844339479316051 2.8440710998912198 2.8457609571791282 2.847450814467037 2.8491406717549457 2.8508305290428546 2.852520386330763 2.854210243618672 2.8559001009065805 2.857589958194492 2.859279815482401 2.8609696727703096 2.8626595300582185
2.8949365496928183 2.892101186684864 2.8895828620485267 2.8874034586065744 2.8852240551646218 2.8830446517226695 2.880865248280717 2.8786858448387647 2.876506441396812 2.8743270379548598 2.872147634512907 2.869968231070955 2.8677888276290022 2.86560942418705 2.863430020745094 2.8612506173031416 2.859071213861189 2.8568918104192367 2.854712406977284 2.852533003535332 2.850353600093379 2.848174196651427 2.8459947932094742 2.843815389767522 2.8416359863255694 2.839456582883617 2.8372771794416645 2.8350977759997082 2.832918372557756 2.8307389691158034 2.828559565673851 2.8263801622318985 2.826148743686456 2.8279997650916804 2.829850786496905 2.8317018079021294 2.8335528293073544 2.835403850712579 2.8372548721178035 2.8391058935230284 2.840956914928256 2.8428079363334806 2.8446589577387056 2.84650997914393
2.879886234887971 2.8766729120661707 2.873921013071748 2.87166238659161 2.8694037601114726 2.8671451336313347 2.864886507151197 2.862627880671059 2.8603692541909216 2.8581106277107837 2.855852001230646 2.8535933747505084 2.8513347482703706 2.8490761217902327 2.8468174953100913 2.8445588688299535 2.8423002423498156 2.840041615869678 2.8377829893895403 2.8355243629094025 2.8332657364292646 2.831007109949127 2.8287484834689893 2.8264898569888515 2.8242312305087136 2.821972604028576 2.8197139775484383 2.817455351068297 2.815196724588159 2.812938098108021 2.8106794716278833 2.808420845147746 2.808226387481691 2.8102385730042316 2.812250758526772 2.814262944049313 2.8162751295718538 2.8182873150943943 2.820299500616935 2.8223116861394755 2.8243238716620196 2.82633605718456 2.8283482427071007 2.8303604282296413
2.8601109597745085 2.856752567013061 2.853919008732787 2.8516465103907978 2.8493740120488087 2.847101513706819 2.84482901536483 2.842556517022841 2.840284018680852 2.8380115203388625 2.8357390219968734 2.8334665236548844 2.831194025312895 2.828921526970906 2.8266490286289128 2.8243765302869237 2.8221040319449346 2.819831533602945 2.817559035260956 2.815286536918967 2.813014038576978 2.8107415402349885 2.8084690418929994 2.8061965435510103 2.803924045209021 2.8016515468670318 2.7993790485250427 2.7971065501830497 2.7948340518410606 2.792561553499071 2.790289055157082 2.788016556815093 2.787835971085911 2.789891687294194 2.7919474035024767 2.7940031197107595 2.7960588359190424 2.798114552127325 2.8001702683356076 2.8022259845438904 2.8042817007521768 2.8063374169604596 2.8083931331687424 2.810448849377025
2.835284999943022 2.8320304818365423 2.8292776519062177 2.8270611379902726 2.824844624074328 2.8226281101583828 2.8204115962424376 2.818195082326493 2.815978568410548 2.813762054494603 2.811545540578658 2.809329026662713 2.807112512746768 2.804895998830823 2.8026794849148744 2.8004629709989293 2.7982464570829846 2.7960299431670395 2.7938134292510948 2.7915969153351496 2.7893804014192045 2.78716388750326 2.7849473735873147 2.78273085967137 2.780514345755425 2.7782978318394798 2.776081317923535 2.7738648040075864 2.7716482900916413 2.7694317761756966 2.7672152622597515 2.7649987483438063 2.7648073539274285 2.766780858098473 2.768754362269518 2.7707278664405623 2.7727013706116073 2.7746748747826517 2.7766483789536966 2.778621883124741 2.7805953872957896 2.782568891466834 2.784542395637879 2.7865158998089234
2.8104590401115144 2.8073083966600025 2.8046362950796273 2.8024757655897266 2.8003152360998262 2.7981547066099255 2.7959941771200247 2.793833647630124 2.7916731181402232 2.7895125886503225 2.7873520591604217 2.7851915296705214 2.7830310001806207 2.78087047069072 2.7787099412008156 2.776549411710915 2.774388882221014 2.7722283527311133 2.7700678232412126 2.767907293751312 2.7657467642614115 2.7635862347715108 2.76142570528161 2.7592651757917093 2.7571046463018085 2.7549441168119078 2.752783587322007 2.7506230578321027 2.748462528342202 2.7463019988523016 2.744141469362401 2.7419809398725 2.7417787367689255 2.743670028902732 2.745561321036539 2.7474526131703456 2.749343905304152 2.7512351974379587 2.7531264895717653 2.755017781705572 2.7569090738393816 2.758800365973188 2.7606916581069947 2.7625829502408012
2.7856330802800278 2.7825863114834837 2.779994938253058 2.777890393189202 2.775785848125345 2.7736813030614886 2.7715767579976323 2.769472212933776 2.7673676678699195 2.765263122806063 2.7631585777422063 2.76105403267835 2.7589494876144935 2.756844942550637 2.7547403974867772 2.7526358524229204 2.750531307359064 2.7484267622952077 2.7463222172313513 2.744217672167495 2.742113127103638 2.7400085820397817 2.7379040369759253 2.735799491912069 2.7336949468482126 2.7315904017843557 2.7294858567204994 2.7273813116566394 2.725276766592783 2.7231722215289267 2.7210676764650703 2.7189631314012135 2.718750119610443 2.7205591997070115 2.72236827980358 2.7241773599001484 2.725986439996717 2.7277955200932857 2.729604600189854 2.7314136802864226 2.7332227603829944 2.7350318404795626 2.7368409205761313 2.7386500006727
2.7608071204485407 2.7578642263069644 2.7553535814264882 2.7533050207886762 2.751256460150864 2.749207899513052 2.7471593388752393 2.7451107782374273 2.743062217599615 2.741013656961803 2.738965096323991 2.7369165356861784 2.7348679750483664 2.732819414410554 2.7307708537727384 2.728722293134926 2.726673732497114 2.7246251718593015 2.7225766112214895 2.720528050583677 2.718479489945865 2.7164309293080526 2.7143823686702406 2.712333808032428 2.710285247394616 2.708236686756804 2.7061881261189917 2.704139565481176 2.7020910048433637 2.7000424442055517 2.6979938835677393 2.6959453229299273 2.6957215024519603 2.6974483705112906 2.6991752385706214 2.7009021066299517 2.702628974689282 2.7043558427486127 2.706082710807943 2.7078095788672734 2.709536446926607 2.7112633149859375 2.712990183045268 2.714717051104598
2.735981160617054 2.7331421411304455 2.730712224599919 2.728719648388151 2.726727072176383 2.724734495964615 2.7227419197528473 2.7207493435410792 2.718756767329311 2.716764191117543 2.714771614905775 2.7127790386940074 2.7107864624822393 2.7087938862704712 2.7068013100587 2.704808733846932 2.702816157635164 2.700823581423396 2.6988310052116278 2.69683842899986 2.694845852788092 2.692853276576324 2.690860700364556 2.688868124152788 2.6868755479410202 2.684882971729252 2.682890395517484 2.680897819305713 2.678905243093945 2.6769126668821768 2.6749200906704087 2.6729275144586406 2.6726928852934777 2.67433754131557 2.6759821973376625 2.6776268533597545 2.679271509381847 2.6809161654039393 2.6825608214260317 2.684205477448124 2.6858501334702196 2.687494789492312 2.6891394455144044 2.690784101536497
2.7111552007855675 2.7084200559539267 2.7060708677733496 2.704134275987626 2.702197684201902 2.7002610924161785 2.698324500630455 2.696387908844731 2.6944513170590074 2.6925147252732837 2.6905781334875596 2.688641541701836 2.686704949916112 2.6847683581303885 2.6828317663446613 2.6808951745589376 2.678958582773214 2.67702199098749 2.6750853992017665 2.6731488074160428 2.671212215630319 2.6692756238445954 2.6673390320588712 2.6654024402731475 2.663465848487424 2.6615292567017 2.6595926649159765 2.657656073130249 2.6557194813445255 2.653782889558802 2.651846297773078 2.6499097059873544 2.6496642681349947 2.651226712119849 2.6527891561047032 2.6543516000895577 2.6559140440744122 2.6574764880592663 2.659038932044121 2.660601376028975 2.662163820013832 2.6637262639986865 2.6652887079835406 2.666851151968395
2.686329240954081 2.683697970777408 2.6814295109467805 2.6795489035871007 2.6776682962274214 2.675787688867742 2.6739070815080623 2.672026474148383 2.6701458667887032 2.668265259429024 2.666384652069344 2.664504044709665 2.662623437349985 2.6607428299903058 2.658862222630623 2.6569816152709436 2.655101007911264 2.6532204005515845 2.6513397931919047 2.6494591858322254 2.647578578472546 2.6456979711128663 2.643817363753187 2.6419367563935072 2.640056149033828 2.638175541674148 2.636294934314469 2.634414326954786 2.6325337195951066 2.630653112235427 2.6287725048757475 2.6268918975160678 2.626635650976512 2.6281158829241282 2.629596114871745 2.631076346819361 2.632556578766977 2.6340368107145933 2.63551704266221 2.636997274609826 2.638477506557445 2.639957738505061 2.641437970452677 2.6429182024002937
2.6615032811225943 2.658975885600889 2.656788154120211 2.654963531186576 2.6531389082529406 2.6513142853193052 2.64948966238567 2.647665039452035 2.6458404165183995 2.644015793584764 2.6421911706511287 2.6403665477174934 2.6385419247838584 2.636717301850223 2.6348926789165845 2.633068055982949 2.631243433049314 2.629418810115679 2.6275941871820434 2.625769564248408 2.6239449413147726 2.6221203183811377 2.6202956954475023 2.618471072513867 2.6166464495802315 2.6148218266465966 2.612997203712961 2.6111725807793227 2.6093479578456873 2.607523334912052 2.605698711978417 2.6038740890447816 2.6036070338180295 2.6050050537284077 2.6064030736387855 2.607801093549164 2.609199113459542 2.6105971333699203 2.6119951532802985 2.6133931731906768 2.6147911931010572 2.6161892130114355 2.6175872329218137 2.618985252832192
2.636677321291086 2.6342538004243483 2.6321467972936206 2.6303781587860295 2.6286095202784385 2.6268408817708475 2.6250722432632565 2.6233036047556655 2.6215349662480745 2.6197663277404835 2.6179976892328924 2.6162290507253014 2.6144604122177104 2.6126917737101194 2.6109231352025257 2.6091544966949347 2.6073858581873437 2.6056172196797527 2.6038485811721617 2.6020799426645707 2.6003113041569796 2.5985426656493886 2.5967740271417976 2.5950053886342066 2.5932367501266156 2.5914681116190246 2.5896994731114336 2.5879308346038394 2.5861621960962484 2.5843935575886574 2.5826249190810664 2.5808562805734754 2.580578416659527 2.5818942245326673 2.583210032405807 2.584525840278947 2.5858416481520874 2.5871574560252273 2.588473263898367 2.5897890717715075 2.5911048796446496 2.59242068751779 2.59373649539093 2.5950523032640698
2.6118513614595993 2.6095317152478295 2.6075054404670515 2.6057927863855044 2.6040801323039577 2.602367478222411 2.600654824140864 2.5989421700593174 2.5972295159777707 2.595516861896224 2.593804207814677 2.5920915537331304 2.5903788996515837 2.5886662455700367 2.586953591488487 2.5852409374069403 2.5835282833253936 2.581815629243847 2.5801029751623 2.5783903210807533 2.5766776669992066 2.5749650129176596 2.573252358836113 2.5715397047545663 2.569827050673019 2.5681143965914726 2.566401742509926 2.564689088428376 2.5629764343468295 2.5612637802652825 2.559551126183736 2.557838472102189 2.5575497995010443 2.5587833953369463 2.5600169911728483 2.5612505870087503 2.5624841828446523 2.5637177786805543 2.5649513745164563 2.5661849703523583 2.5674185661882625 2.5686521620241645 2.5698857578600665 2.5711193536959684
2.5870254016281127 2.5848096300713106 2.582864083640482 2.581207413984979 2.579550744329477 2.5778940746739742 2.576237405018472 2.5745807353629693 2.5729240657074666 2.5712673960519643 2.5696107263964616 2.5679540567409593 2.5662973870854566 2.564640717429954 2.5629840477744485 2.5613273781189463 2.5596707084634436 2.558014038807941 2.5563573691524386 2.554700699496936 2.5530440298414336 2.551387360185931 2.5497306905304282 2.548074020874926 2.5464173512194233 2.5447606815639205 2.5431040119084183 2.541447342252913 2.53979067259741 2.538134002941908 2.5364773332864052 2.5348206636309025 2.5345211823425617 2.5356725661412254 2.5368239499398895 2.5379753337385536 2.539126717537217 2.5402781013358813 2.5414294851345454 2.542580868933209 2.543732252731875 2.544883636530539 2.546035020329203 2.5471864041278667
