Figures/CREST_Example_wjb_NSE/PETs/wjb.pet.20091231.asc
ncols            288
nrows            254
xllcorner        113.274861
yllcorner        31.4918055
cellsize         0.008333333333
NODATA_value     -9999
[rows 38 to 56 of 254, columns 132 to 175 of 288]
0.7076417972743984 0.7070758186842464 0.7065098400940943 0.7059438615039424 0.7053778829137903 0.7048119043236384 0.7042459257334863 0.7036799471433344 0.7031139685531823 0.7025479899630304 0.7019820113728783 -9999.0 -9999.0 -9999.0 -9999.0 -9999.0 -9999.0 -9999.0 -9999.0 -9999.0 -9999.0 -9999.0 -9999.0 -9999.0 -9999.0 -9999.0 -9999.0 -9999.0 -9999.0 -9999.0 -9999.0 -9999.0 -9999.0 -9999.0 -9999.0 -9999.0 -9999.0 -9999.0 -9999.0 -9999.0 -9999.0 -9999.0 -9999.0 -9999.0
0.709010934229419 0.7084141286236197 0.7078173230178205 0.7072205174120213 0.7066237118062221 0.7060269062004229 0.7054301005946236 0.7048332949888244 0.7042364893830252 0.703639683777226 0.7030428781714267 -9999.0 -9999.0 -9999.0 -9999.0 -9999.0 -9999.0 -9999.0 -9999.0 -9999.0 -9999.0 -9999.0 -9999.0 -9999.0 -9999.0 -9999.0 -9999.0 -9999.0 -9999.0 -9999.0 -9999.0 -9999.0 -9999.0 -9999.0 -9999.0 -9999.0 -9999.0 -9999.0 -9999.0 -9999.0 -9999.0 -9999.0 -9999.0 -9999.0
0.7103800711844408 0.7097524385629943 0.7091248059415478 0.7084971733201013 0.7078695406986548 0.7072419080772083 0.7066142754557619 0.7059866428343154 0.705359010212869 0.7047313775914225 0.704103744969976 -9999.0 -9999.0 -9999.0 -9999.0 -9999.0 -9999.0 -9999.0 -9999.0 -9999.0 -9999.0 -9999.0 -9999.0 -9999.0 -9999.0 -9999.0 -9999.0 -9999.0 -9999.0 -9999.0 -9999.0 -9999.0 -9999.0 -9999.0 -9999.0 -9999.0 -9999.0 -9999.0 -9999.0 -9999.0 -9999.0 -9999.0 -9999.0 -9999.0
0.7117492081394614 0.7110907485023676 0.710432288865274 0.7097738292281803 0.7091153695910866 0.7084569099539929 0.7077984503168991 0.7071399906798055 0.7064815310427118 0.7058230714056181 0.7051646117685244 0.7045061521314295 -9999.0 -9999.0 -9999.0 0.7018723135830547 0.701213853945961 -9999.0 -9999.0 -9999.0 -9999.0 -9999.0 -9999.0 -9999.0 -9999.0 -9999.0 -9999.0 -9999.0 -9999.0 -9999.0 -9999.0 -9999.0 -9999.0 -9999.0 -9999.0 -9999.0 -9999.0 -9999.0 -9999.0 -9999.0 -9999.0 -9999.0 -9999.0 -9999.0
0.713118345094482 0.7124290584417411 0.7117397717890002 0.7110504851362592 0.7103611984835183 0.7096719118307774 0.7089826251780365 0.7082933385252955 0.7076040518725546 0.7069147652198137 0.7062254785670727 0.7055361919143307 0.7048469052615898 0.7041576186088488 0.7034683319561079 0.702779045303367 0.7020897586506261 -9999.0 -9999.0 0.7000218986924033 0.6993326120396623 0.6986433253869214 0.6979540387341805 -9999.0 -9999.0 -9999.0 -9999.0 -9999.0 -9999.0 -9999.0 -9999.0 -9999.0 -9999.0 -9999.0 -9999.0 -9999.0 -9999.0 -9999.0 -9999.0 -9999.0 -9999.0 -9999.0 -9999.0 -9999.0
0.7144874820495026 0.7137673683811145 0.7130472547127263 0.7123271410443383 0.71160702737595 0.710886913707562 0.7101668000391738 0.7094466863707857 0.7087265727023975 0.7080064590340094 0.7072863453656212 0.7065662316972319 0.7058461180288437 0.7051260043604555 0.7044058906920674 0.7036857770236792 0.7029656633552911 0.7022455496869029 0.7015254360185148 0.7008053223501266 0.7000852086817385 0.6993650950133503 0.6986449813449622 0.697924867676574 -9999.0 -9999.0 -9999.0 -9999.0 -9999.0 -9999.0 -9999.0 -9999.0 -9999.0 -9999.0 -9999.0 -9999.0 -9999.0 -9999.0 -9999.0 -9999.0 -9999.0 -9999.0 -9999.0 -9999.0
0.7158566190045234 0.715105678320488 0.7143547376364526 0.7136037969524172 0.7128528562683818 0.7121019155843464 0.7113509749003111 0.7106000342162757 0.7098490935322403 0.709098152848205 0.7083472121641696 0.7075962714801329 0.7068453307960976 0.7060943901120622 0.7053434494280268 0.7045925087439914 0.703841568059956 0.7030906273759207 0.7023396866918853 0.7015887460078499 0.7008378053238146 0.7000868646397792 0.6993359239557438 0.6985849832717084 0.6978340425876718 -9999.0 -9999.0 -9999.0 -9999.0 -9999.0 -9999.0 -9999.0 -9999.0 -9999.0 -9999.0 -9999.0 -9999.0 -9999.0 -9999.0 -9999.0 -9999.0 -9999.0 -9999.0 -9999.0
0.717225755959544 0.7164439882598613 0.7156622205601788 0.7148804528604962 0.7140986851608135 0.713316917461131 0.7125351497614484 0.7117533820617657 0.7109716143620832 0.7101898466624006 0.709408078962718 0.7086263112630341 0.7078445435633515 0.7070627758636688 0.7062810081639863 0.7054992404643037 0.704717472764621 0.7039357050649385 0.7031539373652559 0.7023721696655733 0.7015904019658906 0.7008086342662081 0.7000268665665255 0.6992450988668428 0.698463331167159 -9999.0 0.6968997957677937 0.6961180280681112 0.6953362603684285 -9999.0 -9999.0 -9999.0 -9999.0 -9999.0 -9999.0 -9999.0 -9999.0 -9999.0 -9999.0 -9999.0 -9999.0 -9999.0 -9999.0 -9999.0
0.7185948929145658 0.717782298199236 0.7169697034839061 0.7161571087685763 0.7153445140532464 0.7145319193379166 0.7137193246225867 0.7129067299072569 0.712094135191927 0.7112815404765972 0.7104689457612673 0.709656351045936 0.7088437563306063 0.7080311616152763 0.7072185668999466 0.7064059721846166 0.7055933774692869 0.704780782753957 0.7039681880386272 0.7031555933232972 0.7023429986079675 0.7015304038926375 0.7007178091773077 0.6999052144619778 0.6990926197466466 0.6982800250313168 0.6974674303159869 0.6966548356006571 0.6958422408853272 -9999.0 -9999.0 -9999.0 -9999.0 -9999.0 -9999.0 -9999.0 -9999.0 -9999.0 -9999.0 -9999.0 -9999.0 -9999.0 -9999.0 -9999.0
0.7199640298695865 0.7191206081386093 0.7182771864076323 0.7174337646766552 0.7165903429456781 0.7157469212147011 0.714903499483724 0.7140600777527469 0.7132166560217699 0.7123732342907928 0.7115298125598157 0.7106863908288372 0.7098429690978602 0.7089995473668831 0.708156125635906 0.707312703904929 0.7064692821739519 0.7056258604429748 0.7047824387119977 0.7039390169810206 0.7030955952500435 0.7022521735190664 0.7014087517880894 0.7005653300571123 0.6997219083261338 0.6988784865951567 0.6980350648641797 0.6971916431332026 -9999.0 -9999.0 -9999.0 -9999.0 -9999.0 -9999.0 -9999.0 -9999.0 -9999.0 -9999.0 -9999.0 -9999.0 -9999.0 -9999.0 -9999.0 -9999.0
0.721333166824607 0.7204589180779827 0.7195846693313585 0.7187104205847341 0.7178361718381099 0.7169619230914855 0.7160876743448612 0.715213425598237 0.7143391768516126 0.7134649281049884 0.7125906793583641 0.7117164306117383 0.7108421818651139 0.7099679331184897 0.7090936843718654 0.7082194356252411 0.7073451868786168 0.7064709381319926 0.7055966893853682 0.7047224406387439 0.7038481918921197 0.7029739431454953 0.7020996943988711 0.7012254456522468 0.700351196905621 0.6994769481589966 0.6986026994123724 0.6977284506657481 0.6968542019191238 0.6959799531724995 0.6952905735283957 -9999.0 -9999.0 -9999.0 -9999.0 -9999.0 -9999.0 -9999.0 -9999.0 -9999.0 -9999.0 -9999.0 -9999.0 -9999.0
0.7227023037796276 0.7217972280173561 0.7208921522550846 0.7199870764928131 0.7190820007305416 0.71817692496827 0.7172718492059985 0.716366773443727 0.7154616976814555 0.714556621919184 0.7136515461569125 0.7127464703946395 0.711841394632368 0.7109363188700963 0.7100312431078248 0.7091261673455533 0.7082210915832818 0.7073160158210103 0.7064109400587388 0.7055058642964673 0.7046007885341957 0.7036957127719242 0.7027906370096527 0.7018855612473812 0.7009804854851082 0.7000754097228367 0.6991703339605652 0.6982652581982937 0.697360182436022 0.6964551066737505 0.6957468423490496 0.6952489739032751 0.6947511054575007 0.6942532370117264 -9999.0 -9999.0 -9999.0 -9999.0 -9999.0 -9999.0 -9999.0 -9999.0 -9999.0 -9999.0
0.7240714407346482 0.7231355379567296 0.7221996351788108 0.721263732400892 0.7203278296229734 0.7193919268450546 0.7184560240671358 0.717520121289217 0.7165842185112984 0.7156483157333796 0.7147124129554608 0.7137765101775405 0.7128406073996217 0.7119047046217031 0.7109688018437843 0.7100328990658655 0.7090969962879468 0.7081610935100281 0.7072251907321093 0.7062892879541905 0.7053533851762718 0.7044174823983531 0.7034815796204343 0.7025456768425156 0.7016097740645952 0.7006738712866765 0.6997379685087578 0.698802065730839 0.6978661629529203 0.6969302601750016 0.6962031111697032 0.6956991246696531 0.695195138169603 0.6946911516695529 0.6941871651695027 0.6936831786694526 0.6931791921694025 -9999.0 -9999.0 -9999.0 -9999.0 -9999.0 -9999.0 -9999.0
0.725440577689669 0.7244738478961029 0.723507118102537 0.722540388308971 0.7215736585154051 0.7206069287218391 0.7196401989282731 0.7186734691347072 0.7177067393411412 0.7167400095475752 0.7157732797540093 0.7148065499604417 0.7138398201668756 0.7128730903733097 0.7119063605797438 0.7109396307861778 0.7099729009926118 0.7090061711990459 0.7080394414054799 0.7070727116119139 0.7061059818183479 0.705139252024782 0.7041725222312161 0.70320579243765 0.7022390626440824 0.7012723328505165 0.7003056030569506 0.6993388732633845 0.6983721434698186 0.6974054136762526 0.696659379990357 0.6961492754360311 0.6956391708817053 0.6951290663273795 0.6946189617730536 0.6941088572187277 0.6935987526644019 0.6930886481100751 -9999.0 -9999.0 -9999.0 -9999.0 -9999.0 -9999.0
0.7268097146446896 0.7258121578354764 0.7248146010262632 0.7238170442170501 0.7228194874078369 0.7218219305986237 0.7208243737894104 0.7198268169801972 0.718829260170984 0.7178317033617708 0.7168341465525577 0.7158365897433427 0.7148390329341296 0.7138414761249164 0.7128439193157032 0.71184636250649 0.7108488056972768 0.7098512488880636 0.7088536920788505 0.7078561352696373 0.7068585784604241 0.7058610216512109 0.7048634648419977 0.7038659080327845 0.7028683512235696 0.7018707944143564 0.7008732376051432 0.6998756807959301 0.6988781239867169 0.6978805671775037 0.6971156488110108 0.6965994262024092 0.6960832035938076 0.695566980985206 0.6950507583766045 0.6945345357680028 0.6940183131594012 0.6935020905507987 0.6929858679421972 0.6924696453335956 0.6919534227249939 -9999.0 -9999.0 -9999.0
0.7281788515997114 0.727150467774851 0.7261220839499906 0.7250937001251301 0.7240653163002697 0.7230369324754092 0.7220085486505488 0.7209801648256884 0.7199517810008279 0.7189233971759674 0.7178950133511071 0.7168666295262448 0.7158382457013843 0.714809861876524 0.7137814780516635 0.712753094226803 0.7117247104019426 0.7106963265770821 0.7096679427522217 0.7086395589273613 0.7076111751025008 0.7065827912776403 0.70555440745278 0.7045260236279195 0.7034976398030574 0.7024692559781969 0.7014408721533364 0.700412488328476 0.6993841045036155 0.6983557206787551 0.6975719176316649 0.6970495769687876 0.6965272363059103 0.6960048956430329 0.6954825549801555 0.6949602143172783 0.6944378736544009 0.6939155329915226 0.6933931923286454 0.692870851665768 0.6923485110028906 -9999.0 -9999.0 -9999.0
0.729547988554732 0.7284887777142243 0.7274295668737166 0.726370356033209 0.7253111451927013 0.7242519343521937 0.723192723511686 0.7221335126711783 0.7210743018306707 0.720015090990163 0.7189558801496554 0.7178966693091459 0.7168374584686382 0.7157782476281306 0.7147190367876229 0.7136598259471152 0.7126006151066075 0.7115414042660999 0.7104821934255923 0.7094229825850846 0.7083637717445769 0.7073045609040692 0.7062453500635616 0.705186139223054 0.7041269283825444 0.7030677175420368 0.7020085067015291 0.7009492958610215 0.6998900850205139 0.6988308741800061 0.6980281864523187 0.6974997277351657 0.6969712690180125 0.6964428103008595 0.6959143515837064 0.6953858928665534 0.6948574341494003 0.6943289754322464 0.6938005167150932 0.6932720579979402 0.6927435992807871 0.6922151405636341 -9999.0 -9999.0
0.7309171255097526 0.7298270876535977 0.7287370497974428 0.727647011941288 0.7265569740851331 0.7254669362289782 0.7243768983728233 0.7232868605166685 0.7221968226605135 0.7211067848043586 0.7200167469482037 0.718926709092047 0.7178366712358921 0.7167466333797372 0.7156565955235824 0.7145665576674275 0.7134765198112726 0.7123864819551177 0.7112964440989629 0.710206406242808 0.709116368386653 0.7080263305304981 0.7069362926743433 0.7058462548181884 0.7047562169620316 0.7036661791058768 0.7025761412497219 0.701486103393567 0.7003960655374121 0.6993060276812573 0.6984844552729725 0.6979498785015437 0.6974153017301149 0.696880724958686 0.6963461481872573 0.6958115714158285 0.6952769946443996 0.69474241787297 0.6942078411015411 0.6936732643301123 0.6931386875586835 0.6926041107872547 0.6920695340158259 -9999.0
0.7322862624647732 0.7311653975929712 0.730044532721169 0.7289236678493669 0.7278028029775648 0.7266819381057626 0.7255610732339606 0.7244402083621585 0.7233193434903563 0.7221984786185542 0.7210776137467522 0.7199567488749481 0.718835884003146 0.717715019131344 0.7165941542595418 0.7154732893877397 0.7143524245159376 0.7132315596441354 0.7121106947723334 0.7109898299005313 0.7098689650287291 0.708748100156927 0.707627235285125 0.7065063704133228 0.7053855055415188 0.7042646406697166 0.7031437757979145 0.7020229109261125 0.7009020460543103 0.6997811811825082 0.6989407240936262 0.6984000292679217 0.6978593344422171 0.6973186396165125 0.696777944790808 0.6962372499651035 0.695696555139399 0.6951558603136935 0.694615165487989 0.6940744706622844 0.6935337758365799 0.6929930810108753 0.6924523861851708 0.6919116913594663
