Figures/CREST_Example_wjb_NSE/PETs/wjb.pet.20100804.asc
ncols            288
nrows            254
xllcorner        113.274861
yllcorner        31.4918055
cellsize         0.008333333333
NODATA_value     -9999
[rows 120 to 139 of 254, columns 135 to 179 of 288]
4.211463593795117 4.211426416992582 4.211389240190047 4.211352063387512 4.211314886584977 4.211277709782441 4.211240532979906 4.2112033561773705 4.211166179374835 4.2111290025723 4.211091825769765 4.21105464896723 4.211017472164695 4.210980295362159 4.210943118559624 4.210905941757089 4.2108687649545535 4.210831588152018 4.210794411349483 4.210757234546948 4.210720057744413 4.210682880941877 4.210645704139342 4.210608527336807 4.210571350534272 4.2105341737317366 4.210496996929201 4.21174689778423 4.21437271377078 4.216998529757331 4.219624345743881 4.2222501617304316 4.224875977716982 4.227501793703532 4.230127609690087 4.232753425676639 4.235379241663189 4.2380050576497394 4.24063087363629 4.24325668962284 4.245882505609391 4.248508321595941 4.251134137582492 4.253759953569043 4.256385769555593
4.216562723768586 4.216524707620223 4.216486691471858 4.216448675323494 4.21641065917513 4.216372643026766 4.216334626878401 4.216296610730037 4.2162585945816735 4.216220578433309 4.216182562284945 4.21614454613658 4.216106529988217 4.216068513839852 4.216030497691488 4.2159924815431244 4.21595446539476 4.215916449246396 4.215878433098031 4.215840416949668 4.215802400801303 4.215764384652939 4.215726368504575 4.215688352356211 4.215650336207847 4.215612320059482 4.215574303911119 4.216852030208058 4.219536314943052 4.222220599678046 4.224904884413041 4.227589169148035 4.23027345388303 4.232957738618024 4.235642023353024 4.238326308088018 4.241010592823012 4.243694877558007 4.246379162293001 4.249063447027996 4.251747731762991 4.254432016497985 4.25711630123298 4.259800585967974 4.262484870702969
4.221661853742056 4.221622998247862 4.221584142753669 4.2215452872594765 4.221506431765283 4.22146757627109 4.221428720776897 4.221389865282704 4.221351009788511 4.221312154294318 4.221273298800125 4.2212344433059314 4.221195587811739 4.221156732317546 4.221117876823352 4.221079021329159 4.2210401658349666 4.221001310340773 4.22096245484658 4.220923599352387 4.220884743858194 4.220845888364001 4.220807032869808 4.220768177375614 4.2207293218814215 4.220690466387229 4.220651610893035 4.2219571626318855 4.224699916115323 4.227442669598762 4.230185423082201 4.232928176565639 4.235670930049078 4.238413683532516 4.241156437015959 4.2438991904993975 4.246641943982836 4.249384697466274 4.252127450949713 4.254870204433152 4.2576129579165904 4.260355711400028 4.263098464883467 4.265841218366906 4.268583971850344
4.226760983715525 4.226721288875503 4.2266815940354805 4.226641899195458 4.226602204355436 4.226562509515414 4.226522814675392 4.22648311983537 4.226443424995348 4.226403730155326 4.226364035315304 4.226324340475283 4.2262846456352605 4.226244950795238 4.226205255955216 4.226165561115194 4.226125866275172 4.22608617143515 4.226046476595128 4.226006781755106 4.225967086915084 4.225927392075062 4.22588769723504 4.225848002395018 4.2258083075549955 4.225768612714973 4.225728917874951 4.227062295055712 4.229863517287595 4.232664739519477 4.23546596175136 4.238267183983242 4.241068406215125 4.2438696284470065 4.246670850678894 4.249472072910777 4.252273295142659 4.255074517374542 4.257875739606424 4.260676961838307 4.263478184070189 4.266279406302072 4.269080628533954 4.271881850765837 4.274683072997719
4.231860113688998 4.2318195795031475 4.231779045317296 4.231738511131445 4.231697976945594 4.231657442759743 4.231616908573892 4.231576374388041 4.2315358402021905 4.231495306016339 4.231454771830488 4.231414237644637 4.231373703458786 4.2313331692729355 4.231292635087084 4.231252100901234 4.231211566715382 4.231171032529531 4.23113049834368 4.231089964157829 4.2310494299719785 4.231008895786127 4.230968361600277 4.230927827414425 4.230887293228574 4.2308467590427234 4.230806224856872 4.232167427479544 4.23502711845987 4.237886809440196 4.240746500420523 4.24360619140085 4.246465882381176 4.249325573361503 4.2521852643418345 4.255044955322161 4.257904646302487 4.260764337282814 4.26362402826314 4.266483719243467 4.269343410223794 4.27220310120412 4.275062792184446 4.277922483164773 4.2807821741450995
4.236959243662468 4.236917870130787 4.236876496599107 4.2368351230674275 4.236793749535748 4.236752376004068 4.236711002472388 4.2366696289407075 4.236628255409028 4.236586881877348 4.236545508345668 4.2365041348139885 4.236462761282308 4.236421387750628 4.236380014218948 4.2363386406872685 4.236297267155589 4.236255893623909 4.236214520092228 4.2361731465605486 4.236131773028869 4.236090399497189 4.236049025965509 4.2360076524338295 4.235966278902149 4.235924905370469 4.235883531838789 4.237272559903372 4.240190719632142 4.243108879360912 4.246027039089682 4.248945198818453 4.251863358547224 4.254781518275994 4.25769967800477 4.26061783773354 4.263535997462311 4.266454157191082 4.269372316919852 4.272290476648623 4.275208636377394 4.2781267961061635 4.281044955834934 4.283963115563704 4.286881275292475
4.2420583736359365 4.2420161607584275 4.241973947880918 4.24193173500341 4.241889522125901 4.241847309248392 4.241805096370883 4.241762883493375 4.241720670615866 4.241678457738357 4.241636244860848 4.241594031983339 4.241551819105831 4.2415096062283215 4.2414673933508125 4.241425180473303 4.241382967595795 4.241340754718286 4.241298541840777 4.241256328963268 4.24121411608576 4.241171903208251 4.241129690330742 4.241087477453233 4.241045264575724 4.241003051698216 4.2409608388207065 4.2423776923271985 4.245354320804413 4.248330949281628 4.251307577758842 4.254284206236057 4.257260834713271 4.260237463190486 4.263214091667706 4.26619072014492 4.269167348622134 4.272143977099349 4.275120605576563 4.278097234053778 4.2810738625309925 4.284050491008207 4.287027119485422 4.290003747962636 4.292980376439851
4.247157503609405 4.247114451386068 4.24707139916273 4.247028346939392 4.246985294716055 4.246942242492716 4.246899190269379 4.246856138046041 4.246813085822703 4.246770033599366 4.246726981376027 4.24668392915269 4.2466408769293515 4.246597824706014 4.246554772482677 4.246511720259338 4.246468668036001 4.2464256158126625 4.246382563589325 4.246339511365988 4.246296459142649 4.246253406919312 4.2462103546959735 4.246167302472636 4.246124250249299 4.24608119802596 4.246038145802623 4.2474828247510255 4.250517921976685 4.253553019202343 4.256588116428001 4.25962321365366 4.262658310879319 4.265693408104977 4.268728505330641 4.271763602556299 4.274798699781957 4.277833797007617 4.280868894233275 4.283903991458933 4.2869390886845915 4.289974185910251 4.293009283135909 4.296044380361567 4.299079477587226
4.252256633582874 4.2522127420137075 4.252168850444541 4.252124958875374 4.252081067306207 4.252037175737041 4.251993284167875 4.251949392598708 4.25190550102954 4.251861609460374 4.251817717891208 4.251773826322041 4.251729934752874 4.251686043183708 4.251642151614541 4.251598260045374 4.251554368476207 4.251510476907041 4.251466585337874 4.251422693768707 4.2513788021995405 4.251334910630374 4.251291019061207 4.25124712749204 4.2512032359228735 4.251159344353707 4.25111545278454 4.252587957174853 4.255681523148956 4.258775089123059 4.261868655097161 4.264962221071264 4.268055787045366 4.271149353019469 4.2742429189935764 4.277336484967679 4.280430050941781 4.283523616915884 4.286617182889986 4.289710748864089 4.292804314838191 4.295897880812294 4.298991446786396 4.302085012760499 4.305178578734601
4.257355763556345 4.257311032641349 4.257266301726353 4.257221570811358 4.257176839896362 4.257132108981366 4.2570873780663705 4.2570426471513745 4.2569979162363785 4.256953185321383 4.256908454406387 4.256863723491391 4.256818992576396 4.2567742616614 4.256729530746404 4.256684799831409 4.256640068916413 4.256595338001417 4.256550607086422 4.256505876171426 4.256461145256431 4.256416414341435 4.256371683426439 4.2563269525114436 4.2562822215964475 4.2562374906814515 4.256192759766456 4.25769308959868 4.260845124321227 4.2639971590437735 4.26714919376632 4.270301228488867 4.2734532632114135 4.276605297933959 4.279757332656511 4.282909367379058 4.286061402101605 4.289213436824151 4.292365471546697 4.295517506269244 4.29866954099179 4.301821575714337 4.304973610436884 4.30812564515943 4.311277679881976
4.262454893529814 4.262409323268989 4.262363753008164 4.2623181827473395 4.262272612486515 4.262227042225691 4.262181471964865 4.262135901704041 4.262090331443217 4.262044761182392 4.261999190921567 4.2619536206607425 4.261908050399918 4.261862480139094 4.261816909878268 4.261771339617444 4.2617257693566195 4.261680199095795 4.26163462883497 4.261589058574145 4.261543488313321 4.261497918052497 4.261452347791671 4.261406777530847 4.261361207270022 4.261315637009198 4.261270066748373 4.262798222022508 4.266008725493499 4.26921922896449 4.27242973243548 4.2756402359064705 4.278850739377461 4.282061242848451 4.285271746319447 4.288482249790437 4.291692753261429 4.294903256732419 4.298113760203409 4.3013242636744 4.30453476714539 4.307745270616381 4.310955774087371 4.314166277558361 4.317376781029352
4.267554023503287 4.267507613896633 4.2674612042899795 4.267414794683326 4.267368385076673 4.267321975470019 4.267275565863366 4.267229156256712 4.267182746650058 4.267136337043405 4.267089927436751 4.267043517830097 4.266997108223444 4.266950698616791 4.266904289010137 4.266857879403483 4.26681146979683 4.266765060190176 4.266718650583522 4.2666722409768685 4.266625831370216 4.266579421763562 4.266533012156908 4.266486602550255 4.266440192943601 4.266393783336947 4.2663473737302935 4.267903354446339 4.271172326665774 4.2744412988852085 4.2777102711046435 4.280979243324078 4.284248215543513 4.287517187762947 4.290786159982387 4.294055132201821 4.297324104421256 4.30059307664069 4.303862048860125 4.3071310210795595 4.3103999932989945 4.313668965518429 4.316937937737864 4.320206909957298 4.323475882176733
4.272653153476756 4.272605904524274 4.272558655571792 4.272511406619309 4.2724641576668265 4.2724169087143435 4.2723696597618614 4.2723224108093785 4.272275161856896 4.272227912904413 4.272180663951931 4.272133414999448 4.272086166046966 4.272038917094483 4.271991668142001 4.271944419189518 4.271897170237036 4.271849921284553 4.271802672332071 4.271755423379589 4.271708174427106 4.271660925474623 4.271613676522141 4.271566427569659 4.271519178617176 4.271471929664694 4.271424680712211 4.273008486870167 4.276335927838046 4.279663368805925 4.282990809773803 4.286318250741681 4.28964569170956 4.292973132677439 4.296300573645323 4.2996280146132015 4.302955455581079 4.306282896548958 4.309610337516837 4.312937778484715 4.3162652194525934 4.319592660420472 4.322920101388351 4.326247542356229 4.3295749833241075
4.2777522834502255 4.277704195151914 4.277656106853602 4.2776080185552905 4.277559930256979 4.277511841958668 4.277463753660356 4.277415665362045 4.277367577063734 4.277319488765422 4.277271400467111 4.2772233121687995 4.277175223870487 4.277127135572176 4.2770790472738645 4.277030958975553 4.276982870677242 4.27693478237893 4.276886694080619 4.276838605782308 4.276790517483996 4.276742429185685 4.2766943408873725 4.276646252589061 4.27659816429075 4.276550075992438 4.276501987694127 4.278113619293994 4.281499529010317 4.28488543872664 4.288271348442962 4.291657258159285 4.295043167875607 4.29842907759193 4.301814987308258 4.30520089702458 4.3085868067409026 4.311972716457225 4.3153586261735475 4.31874453588987 4.322130445606193 4.325516355322516 4.328902265038838 4.332288174755161 4.335674084471483
4.282851413423694 4.282802485779554 4.282753558135414 4.282704630491273 4.282655702847133 4.282606775202993 4.282557847558852 4.2825089199147115 4.282459992270571 4.282411064626431 4.28236213698229 4.28231320933815 4.28226428169401 4.282215354049869 4.282166426405729 4.282117498761589 4.282068571117448 4.2820196434733075 4.281970715829168 4.281921788185027 4.2818728605408864 4.281823932896746 4.281775005252606 4.281726077608465 4.281677149964325 4.281628222320185 4.281579294676044 4.283218751717822 4.286663130182589 4.290107508647355 4.293551887112121 4.2969962655768885 4.300440644041655 4.303885022506421 4.307329400971193 4.31077377943596 4.314218157900727 4.317662536365493 4.32110691483026 4.324551293295026 4.327995671759792 4.331440050224559 4.3348844286893256 4.338328807154092 4.341773185618859
4.287950543397163 4.287900776407194 4.287851009417225 4.287801242427255 4.287751475437286 4.287701708447317 4.287651941457347 4.287602174467378 4.287552407477409 4.287502640487439 4.28745287349747 4.287403106507501 4.287353339517531 4.287303572527562 4.287253805537593 4.287204038547623 4.287154271557654 4.287104504567685 4.287054737577715 4.287004970587746 4.286955203597777 4.286905436607807 4.286855669617838 4.286805902627869 4.286756135637899 4.28670636864793 4.286656601657961 4.288323884141649 4.29182673135486 4.2953295785680705 4.29883242578128 4.302335272994491 4.305838120207702 4.309340967420912 4.312843814634129 4.316346661847339 4.31984950906055 4.32335235627376 4.3268552034869705 4.330358050700181 4.333860897913391 4.337363745126602 4.340866592339813 4.344369439553023 4.347872286766234
4.293049673370633 4.292999067034835 4.292948460699036 4.292897854363238 4.2928472480274396 4.292796641691641 4.292746035355843 4.2926954290200445 4.292644822684246 4.292594216348448 4.2925436100126495 4.292493003676851 4.292442397341054 4.292391791005255 4.292341184669457 4.292290578333659 4.29223997199786 4.292189365662062 4.292138759326264 4.292088152990465 4.292037546654667 4.291986940318869 4.29193633398307 4.291885727647272 4.291835121311474 4.291784514975676 4.291733908639878 4.293429016565477 4.296990332527131 4.300551648488786 4.30411296445044 4.307674280412095 4.311235596373749 4.314796912335404 4.318358228297065 4.321919544258719 4.325480860220374 4.3290421761820275 4.332603492143682 4.3361648081053366 4.339726124066991 4.343287440028646 4.3468487559903 4.350410071951955 4.353971387913609
4.298148803344106 4.298097357662479 4.298045911980852 4.297994466299224 4.2979430206175975 4.29789157493597 4.297840129254343 4.2977886835727155 4.297737237891088 4.297685792209461 4.2976343465278335 4.297582900846207 4.297531455164579 4.297480009482952 4.297428563801325 4.297377118119698 4.29732567243807 4.297274226756443 4.297222781074816 4.297171335393188 4.297119889711562 4.297068444029934 4.297016998348307 4.29696555266668 4.296914106985053 4.296862661303425 4.296811215621799 4.298534148989308 4.302153933699407 4.3057737184095055 4.309393503119604 4.313013287829703 4.316633072539801 4.3202528572498995 4.323872641960004 4.327492426670103 4.331112211380201 4.3347319960903 4.338351780800398 4.341971565510497 4.345591350220595 4.349211134930694 4.352830919640793 4.356450704350891 4.360070489060989
4.303247933317575 4.303195648290119 4.303143363262663 4.303091078235207 4.303038793207751 4.302986508180294 4.302934223152838 4.302881938125382 4.302829653097926 4.30277736807047 4.302725083043014 4.302672798015558 4.302620512988101 4.302568227960645 4.302515942933189 4.302463657905733 4.302411372878277 4.302359087850821 4.302306802823365 4.302254517795908 4.302202232768452 4.302149947740996 4.30209766271354 4.302045377686084 4.301993092658628 4.301940807631172 4.301888522603715 4.303639281413136 4.307317534871679 4.310995788330221 4.314674041788764 4.318352295247307 4.322030548705849 4.3257088021643915 4.32938705562294 4.333065309081483 4.336743562540025 4.3404218159985675 4.3441000694571095 4.347778322915652 4.351456576374194 4.355134829832737 4.358813083291279 4.362491336749822 4.366169590208365
4.308347063291044 4.3082939389177595 4.308240814544474 4.308187690171189 4.3081345657979035 4.308081441424619 4.308028317051334 4.3079751926780485 4.307922068304763 4.307868943931478 4.3078158195581935 4.307762695184908 4.307709570811623 4.307656446438338 4.307603322065053 4.307550197691768 4.3074970733184825 4.307443948945197 4.307390824571912 4.3073377001986275 4.307284575825342 4.307231451452057 4.307178327078772 4.307125202705487 4.307072078332202 4.3070189539589165 4.306965829585631 4.308744413836963 4.3124811360439494 4.316217858250936 4.319954580457923 4.323691302664909 4.327428024871896 4.3311647470788825 4.334901469285875 4.338638191492861 4.342374913699848 4.346111635906834 4.349848358113821 4.353585080320808 4.357321802527794 4.361058524734781 4.364795246941767 4.368531969148753 4.37226869135574
