Figures/CREST_Example_wjb_NSE/PETs/wjb.pet.20090627.asc
ncols            288
nrows            254
xllcorner        113.274861
yllcorner        31.4918055
cellsize         0.008333333333
NODATA_value     -9999
[rows 140 to 159 of 254, columns 45 to 89 of 288]
4.15523554205478 4.151944751930155 4.14865396180553 4.145363171680905 4.142072381556279 4.138781591431654 4.135490801307029 4.132200011182398 4.128909221057773 4.125618430933148 4.122327640808523 4.119036850683897 4.115746060559272 4.112455270434647 4.109164480310022 4.105873690185397 4.102582900060772 4.099292109936147 4.0960013198115215 4.092710529686896 4.089419739562265 4.08612894943764 4.082838159313015 4.07954736918839 4.076256579063765 4.07296578893914 4.069674998814514 4.065263776127992 4.059654785704239 4.054045795280486 4.048436804856733 4.04282781443298 4.037218824009226 4.031609833585463 4.02600084316171 4.020391852737958 4.014782862314204 4.009173871890451 4.003564881466698 3.9979558910429445 3.992346900619191 3.986737910195438 3.981128919771685 3.9755199293479317 3.9699109389241785
4.151720493125697 4.14839417084137 4.145067848557044 4.1417415262727175 4.138415203988392 4.135088881704065 4.131762559419738 4.128436237135406 4.12510991485108 4.121783592566754 4.118457270282427 4.115130947998101 4.111804625713774 4.108478303429448 4.105151981145122 4.101825658860795 4.098499336576469 4.0951730142921425 4.091846692007816 4.08852036972349 4.085194047439158 4.081867725154831 4.0785414028705045 4.075215080586179 4.071888758301852 4.068562436017525 4.065236113733199 4.061012843802616 4.055830716561733 4.05064858932085 4.0454664620799665 4.040284334839084 4.035102207598201 4.029920080357309 4.024737953116427 4.0195558258755435 4.01437369863466 4.009191571393777 4.004009444152895 3.9988273169120117 3.9936451896711285 3.9884630624302457 3.9832809351893625 3.97809880794848 3.9729166807075966
4.1482054441966145 4.144843589752587 4.14148173530856 4.138119880864532 4.134758026420504 4.131396171976476 4.128034317532449 4.124672463088415 4.121310608644388 4.11794875420036 4.114586899756333 4.111225045312305 4.107863190868277 4.104501336424249 4.101139481980222 4.097777627536194 4.094415773092167 4.0910539186481385 4.087692064204111 4.0843302097600835 4.08096835531605 4.077606500872022 4.074244646427995 4.070882791983967 4.06752093753994 4.064159083095912 4.060797228651884 4.056761911477239 4.052006647419226 4.047251383361214 4.042496119303201 4.037740855245189 4.032985591187176 4.028230327129155 4.023475063071142 4.018719799013129 4.013964534955117 4.009209270897104 4.004454006839091 3.999698742781079 3.994943478723066 3.9901882146650536 3.9854329506070405 3.980677686549028 3.9759224224910152
4.144690395267531 4.141293008663803 4.137895622060074 4.134498235456345 4.131100848852617 4.1277034622488875 4.124306075645158 4.120908689041424 4.117511302437695 4.114113915833966 4.1107165292302374 4.107319142626508 4.103921756022779 4.100524369419051 4.097126982815322 4.093729596211593 4.090332209607864 4.086934823004135 4.083537436400406 4.080140049796677 4.076742663192943 4.0733452765892135 4.069947889985484 4.066550503381756 4.063153116778027 4.059755730174298 4.05635834357057 4.0525109791518625 4.0481825782767205 4.0438541774015775 4.039525776526435 4.035197375651292 4.03086897477615 4.026540573901 4.022212173025858 4.017883772150715 4.013555371275573 4.009226970400431 4.004898569525288 4.000570168650146 3.9962417677750035 3.991913366899861 3.9875849660247185 3.983256565149576 3.9789281642744334
4.141175346338446 4.1377424275750165 4.134309508811587 4.130876590048157 4.127443671284726 4.124010752521296 4.120577833757866 4.11714491499443 4.113711996230999 4.1102790774675695 4.10684615870414 4.103413239940709 4.099980321177279 4.096547402413849 4.093114483650418 4.089681564886988 4.0862486461235585 4.082815727360128 4.079382808596698 4.075949889833268 4.072516971069832 4.069084052306402 4.065651133542971 4.062218214779541 4.0587852960161115 4.055352377252681 4.051919458489251 4.048260046826483 4.044358509134211 4.040456971441939 4.036555433749667 4.032653896057395 4.028752358365123 4.024850820672845 4.020949282980573 4.017047745288301 4.013146207596029 4.009244669903758 4.005343132211486 4.001441594519214 3.997540056826942 3.99363851913467 3.989736981442398 3.9858354437501267 3.9819339060578547
4.137660297409364 4.134191846486233 4.130723395563101 4.12725494463997 4.123786493716839 4.120318042793707 4.116849591870576 4.113381140947438 4.1099126900243075 4.106444239101176 4.102975788178044 4.099507337254913 4.096038886331781 4.092570435408651 4.089101984485519 4.085633533562388 4.082165082639256 4.078696631716125 4.075228180792993 4.0717597298698625 4.068291278946725 4.064822828023593 4.0613543771004625 4.057885926177331 4.0544174752541995 4.050949024331068 4.047480573407936 4.044009114501107 4.040534439991705 4.0370597654823035 4.0335850909729025 4.030110416463501 4.026635741954099 4.023161067444692 4.01968639293529 4.016211718425888 4.012737043916486 4.009262369407085 4.005787694897683 4.002313020388281 3.99883834587888 3.995363671369478 3.9918889968600766 3.9884143223506747 3.9849396478412733
4.134145248480282 4.13064126539745 4.127137282314616 4.123633299231784 4.120129316148951 4.116625333066119 4.113121349983286 4.109617366900448 4.106113383817615 4.102609400734782 4.099105417651949 4.095601434569117 4.092097451486285 4.0885934684034515 4.085089485320619 4.081585502237787 4.078081519154954 4.0745775360721215 4.071073552989288 4.067569569906456 4.0640655868236175 4.060561603740785 4.057057620657952 4.05355363757512 4.050049654492287 4.046545671409454 4.043041688326622 4.0397581821757305 4.0367103708492 4.033662559522668 4.030614748196136 4.027566936869605 4.0245191255430735 4.021471314216537 4.0184235028900055 4.015375691563475 4.012327880236943 4.009280068910411 4.00623225758388 4.0031844462573485 4.000136634930818 3.997088823604286 3.9940410122777545 3.9909932009512232 3.987945389624692
4.130630199551199 4.127090684308665 4.123551169066131 4.120011653823597 4.116472138581064 4.11293262333853 4.109393108095996 4.105853592853456 4.102314077610922 4.098774562368388 4.095235047125854 4.09169553188332 4.088156016640787 4.084616501398253 4.081076986155719 4.077537470913185 4.073997955670651 4.070458440428117 4.0669189251855835 4.06337940994305 4.059839894700509 4.056300379457976 4.0527608642154425 4.0492213489729085 4.045681833730375 4.042142318487841 4.038602803245307 4.035507249850354 4.032886301706693 4.030265353563032 4.0276444054193705 4.02502345727571 4.022402509132048 4.019781560988383 4.017160612844721 4.0145396647010605 4.011918716557399 4.009297768413738 4.006676820270077 4.004055872126416 4.001434923982755 3.9988139758390933 3.9961930276954325 3.9935720795517713 3.99095113140811
4.137251203937128 4.133566086712979 4.1298809694888305 4.126195852264682 4.122510735040533 4.118825617816384 4.1151405005922355 4.111455383368081 4.107770266143932 4.104085148919784 4.100400031695635 4.0967149144714865 4.093029797247338 4.089344680023189 4.085659562799041 4.081974445574892 4.078289328350744 4.074604211126595 4.070919093902447 4.067233976678298 4.0635488594541425 4.059863742229994 4.056178625005845 4.052493507781697 4.048808390557548 4.0451232733334 4.041438156109251 4.038301046303159 4.035749768815258 4.033198491327357 4.030647213839456 4.028095936351554 4.0255446588636525 4.022993381375747 4.020442103887845 4.017890826399944 4.015339548912043 4.012788271424141 4.01023699393624 4.007685716448338 4.005134438960437 4.002583161472535 4.000031883984635 3.9974806064967328 3.9949293290088317
4.154707010360624 4.150758633453813 4.146810256547002 4.14286187964019 4.138913502733379 4.134965125826567 4.131016748919756 4.127068372012938 4.123119995106127 4.119171618199315 4.1152232412925045 4.111274864385694 4.107326487478882 4.103378110572071 4.099429733665259 4.095481356758448 4.091532979851637 4.087584602944825 4.083636226038014 4.0796878491312025 4.0757394722243845 4.0717910953175736 4.067842718410763 4.063894341503951 4.05994596459714 4.055997587690328 4.052049210783517 4.048625213734471 4.045761790607539 4.042898367480606 4.040034944353674 4.037171521226742 4.0343080980998085 4.031444674972871 4.028581251845939 4.0257178287190065 4.022854405592073 4.019990982465141 4.017127559338209 4.014264136211276 4.011400713084344 4.0085372899574105 4.005673866830478 4.002810443703546 3.9999470205766134
4.172162816784135 4.1679511801946605 4.163739543605186 4.159527907015712 4.155316270426238 4.151104633836764 4.146892997247289 4.142681360657808 4.138469724068334 4.13425808747886 4.1300464508893855 4.125834814299911 4.121623177710437 4.117411541120963 4.113199904531489 4.108988267942014 4.10477663135254 4.100564994763066 4.096353358173592 4.092141721584118 4.087930084994636 4.083718448405162 4.079506811815688 4.075295175226214 4.071083538636739 4.066871902047265 4.062660265457791 4.0589493811657915 4.055773812399828 4.052598243633864 4.049422674867899 4.046247106101935 4.043071537335972 4.039895968570002 4.036720399804039 4.033544831038075 4.030369262272111 4.027193693506146 4.0240181247401825 4.020842555974219 4.017666987208255 4.014491418442291 4.011315849676327 4.0081402809103635 4.0049647121444
4.189618623207632 4.185143726935495 4.1806688306633575 4.176193934391221 4.171719038119084 4.167244141846947 4.16276924557481 4.158294349302666 4.153819453030529 4.1493445567583915 4.144869660486255 4.140394764214118 4.135919867941981 4.131444971669844 4.126970075397708 4.12249517912557 4.118020282853434 4.113545386581297 4.1090704903091595 4.104595594037023 4.100120697764878 4.095645801492742 4.091170905220604 4.086696008948468 4.082221112676331 4.0777462164041935 4.073271320132057 4.069273548597104 4.065785834192108 4.062298119787113 4.058810405382118 4.055322690977123 4.0518349765721275 4.048347262167127 4.044859547762131 4.041371833357137 4.0378841189521415 4.034396404547147 4.030908690142152 4.027420975737156 4.023933261332162 4.020445546927166 4.016957832522171 4.013470118117176 4.009982403712181
4.2070744296311275 4.202336273676328 4.197598117721529 4.192859961766729 4.188121805811929 4.18338364985713 4.17864549390233 4.173907337947522 4.169169181992723 4.164431026037923 4.1596928700831235 4.1549547141283245 4.150216558173525 4.145478402218725 4.140740246263926 4.136002090309126 4.131263934354326 4.126525778399527 4.121787622444727 4.117049466489928 4.11231131053512 4.1075731545803205 4.1028349986255215 4.098096842670722 4.093358686715922 4.088620530761123 4.083882374806323 4.079597716028416 4.075797855984389 4.071997995940363 4.068198135896337 4.0643982758523105 4.060598415808284 4.056798555764251 4.052998695720225 4.049198835676199 4.045398975632173 4.041599115588147 4.037799255544121 4.033999395500095 4.030199535456068 4.0263996754120415 4.022599815368015 4.018799955323989 4.015000095279963
4.224530236054624 4.219528820417162 4.214527404779699 4.209525989142237 4.2045245735047745 4.199523157867312 4.19452174222985 4.18952032659238 4.1845189109549175 4.179517495317455 4.174516079679993 4.169514664042531 4.164513248405068 4.159511832767606 4.154510417130144 4.149509001492682 4.144507585855219 4.139506170217757 4.134504754580295 4.129503338942833 4.1245019233053615 4.119500507667899 4.114499092030437 4.109497676392975 4.104496260755512 4.09949484511805 4.094493429480588 4.089921883459726 4.085809877776669 4.081697872093612 4.077585866410555 4.073473860727497 4.0693618550444395 4.065249849361376 4.061137843678318 4.057025837995261 4.052913832312203 4.048801826629146 4.044689820946089 4.040577815263031 4.0364658095799735 4.032353803896917 4.028241798213859 4.024129792530802 4.0200177868477445
4.24198604247812 4.236721367157996 4.231456691837871 4.226192016517746 4.220927341197621 4.215662665877495 4.210397990557371 4.205133315237237 4.199868639917112 4.194603964596987 4.189339289276862 4.184074613956737 4.178809938636612 4.173545263316488 4.168280587996362 4.163015912676237 4.157751237356112 4.152486562035987 4.147221886715863 4.141957211395737 4.1366925360756035 4.131427860755479 4.126163185435353 4.120898510115229 4.115633834795104 4.1103691594749785 4.105104484154854 4.100246050891038 4.09582189956895 4.0913977482468615 4.086973596924773 4.082549445602685 4.078125294280596 4.0737011429585 4.0692769916364115 4.064852840314323 4.060428688992235 4.056004537670146 4.051580386348057 4.047156235025969 4.04273208370388 4.038307932381792 4.0338837810597035 4.029459629737615 4.025035478415527
4.259441848901617 4.253913913898829 4.248385978896042 4.242858043893254 4.2373301088904665 4.231802173887679 4.2262742388848915 4.220746303882095 4.215218368879307 4.209690433876519 4.204162498873731 4.198634563870944 4.193106628868156 4.187578693865368 4.182050758862581 4.176522823859793 4.170994888857005 4.165466953854218 4.15993901885143 4.154411083848642 4.1488831488458455 4.143355213843058 4.137827278840271 4.132299343837483 4.126771408834695 4.121243473831907 4.11571553882912 4.1105702183223505 4.1058339213612305 4.101097624400111 4.096361327438991 4.091625030477872 4.086888733516752 4.082152436555624 4.077416139594505 4.072679842633385 4.067943545672265 4.063207248711146 4.058470951750026 4.053734654788906 4.048998357827787 4.044262060866667 4.039525763905548 4.034789466944428 4.030053169983308
4.276897655325113 4.271106460639663 4.265315265954213 4.259524071268762 4.253732876583312 4.247941681897862 4.242150487212411 4.23635929252695 4.2305680978415 4.22477690315605 4.2189857084705995 4.213194513785149 4.207403319099699 4.201612124414249 4.195820929728798 4.190029735043348 4.184238540357898 4.178447345672447 4.172656150986997 4.166864956301547 4.161073761616087 4.155282566930636 4.149491372245186 4.143700177559736 4.137908982874285 4.132117788188835 4.126326593503385 4.120894385753662 4.115845943153511 4.11079750055336 4.10574905795321 4.100700615353059 4.095652172752907 4.090603730152749 4.085555287552598 4.080506844952446 4.075458402352296 4.070409959752145 4.065361517151994 4.060313074551844 4.055264631951693 4.050216189351542 4.045167746751392 4.040119304151241 4.03507086155109
4.294353461748625 4.288299007380512 4.282244553012398 4.276190098644285 4.270135644276172 4.264081189908058 4.2580267355399455 4.251972281171822 4.2459178268037086 4.239863372435595 4.233808918067482 4.227754463699369 4.221700009331255 4.215645554963142 4.209591100595029 4.203536646226915 4.197482191858803 4.191427737490689 4.185373283122576 4.179318828754463 4.173264374386339 4.167209920018226 4.161155465650112 4.1551010112819995 4.149046556913886 4.142992102545772 4.13693764817766 4.131218553184983 4.1258579649458005 4.120497376706618 4.115136788467436 4.109776200228254 4.104415611989071 4.09905502374988 4.093694435510698 4.088333847271516 4.082973259032333 4.077612670793151 4.07225208255397 4.066891494314787 4.061530906075605 4.056170317836423 4.0508097295972405 4.045449141358058 4.040088553118876
4.311809268172121 4.305491554121345 4.299173840070569 4.292856126019793 4.286538411969017 4.280220697918241 4.273902983867465 4.267585269816679 4.261267555765903 4.254949841715127 4.248632127664351 4.242314413613575 4.235996699562799 4.229678985512024 4.223361271461248 4.217043557410472 4.210725843359696 4.20440812930892 4.198090415258144 4.191772701207368 4.185454987156581 4.179137273105805 4.172819559055029 4.1665018450042535 4.1601841309534775 4.1538664169027015 4.147548702851926 4.141542720616294 4.135869986738081 4.130197252859868 4.124524518981654 4.118851785103441 4.113179051225227 4.1075063173470046 4.101833583468792 4.096160849590578 4.090488115712365 4.084815381834152 4.079142647955938 4.073469914077725 4.067797180199511 4.062124446321298 4.056451712443085 4.050778978564871 4.045106244686658
4.329265074595617 4.322684100862179 4.31610312712874 4.309522153395301 4.302941179661863 4.296360205928424 4.289779232194985 4.283198258461535 4.276617284728097 4.270036310994659 4.263455337261219 4.256874363527781 4.250293389794343 4.243712416060903 4.237131442327465 4.230550468594027 4.2239694948605875 4.217388521127149 4.210807547393711 4.2042265736602715 4.1976455999268225 4.191064626193383 4.184483652459945 4.177902678726507 4.171321704993067 4.164740731259629 4.158159757526191 4.151866888047605 4.145882008530361 4.139897129013117 4.133912249495872 4.127927369978628 4.121942490461383 4.115957610944129 4.109972731426884 4.10398785190964 4.098002972392395 4.092018092875151 4.086033213357906 4.0800483338406615 4.074063454323418 4.068078574806173 4.062093695288929 4.056108815771684 4.0501239362544394
