Figures/CREST_Example_wjb_NSE/PETs/wjb.pet.20090210.asc
ncols            288
nrows            254
xllcorner        113.274861
yllcorner        31.4918055
cellsize         0.008333333333
NODATA_value     -9999
[rows 80 to 99 of 254, columns 132 to 175 of 288]
1.4687022282571929 1.4665091165238857 1.4643160047905788 1.4621228930572716 1.4599297813239644 1.4577366695906575 1.4555435578573503 1.4533504461240432 1.4511573343907362 1.448964222657429 1.446771110924122 1.4445779991908112 1.442384887457504 1.4401917757241969 1.43799866399089 1.4358055522575828 1.4336124405242758 1.4314193287909687 1.4292262170576615 1.4270331053243546 1.4248399935910474 1.4226468818577402 1.4204537701244333 1.4182606583911261 1.4160675466578152 1.4138744349245083 1.411681323191201 1.409488211457894 1.407295099724587 1.4051019879912798 1.4036749330761409 1.403066810228954 1.4024586873817673 1.4018505645345805 1.4012424416873936 1.4006343188402068 1.40002619599302 1.3994180731458323 1.3988099502986455 1.3982018274514587 1.397593704604272 1.396985581757085 1.3963774589098983 1.3957693360627115
1.4684353872525169 1.4662851216030581 1.4641348559535992 1.4619845903041404 1.4598343246546817 1.4576840590052227 1.455533793355764 1.4533835277063052 1.4512332620568464 1.4490829964073875 1.4469327307579287 1.4447824651084662 1.4426321994590074 1.4404819338095487 1.43833166816009 1.436181402510631 1.4340311368611722 1.4318808712117135 1.4297306055622545 1.4275803399127958 1.425430074263337 1.4232798086138783 1.4211295429644193 1.4189792773149605 1.416829011665498 1.4146787460160393 1.4125284803665805 1.4103782147171215 1.4082279490676628 1.406077683418204 1.404681538704444 1.404091566330269 1.4035015939560944 1.4029116215819195 1.4023216492077448 1.40173167683357 1.401141704459395 1.4005517320852192 1.3999617597110445 1.3993717873368696 1.398781814962695 1.39819184258852 1.3976018702143451 1.3970118978401704
1.468168546247841 1.4660611266822305 1.46395370711662 1.4618462875510094 1.4597388679853989 1.4576314484197883 1.4555240288541778 1.4534166092885674 1.4513091897229569 1.4492017701573463 1.4470943505917357 1.4449869310261216 1.442879511460511 1.4407720918949005 1.43866467232929 1.4365572527636794 1.4344498331980688 1.4323424136324585 1.430234994066848 1.4281275745012374 1.4260201549356268 1.4239127353700163 1.4218053158044057 1.4196978962387952 1.417590476673181 1.4154830571075705 1.41337563754196 1.4112682179763496 1.409160798410739 1.4070533788451285 1.4056881443327474 1.4051163224315846 1.4045445005304216 1.4039726786292588 1.403400856728096 1.4028290348269332 1.4022572129257702 1.4016853910246065 1.4011135691234435 1.4005417472222808 1.399969925321118 1.399398103419955 1.3988262815187922 1.3982544596176294
1.4679017052431653 1.465837131761403 1.4637725582796406 1.4617079847978784 1.459643411316116 1.457578837834354 1.4555142643525916 1.4534496908708294 1.451385117389067 1.449320543907305 1.4472559704255425 1.4451913969437769 1.4431268234620145 1.4410622499802523 1.43899767649849 1.4369331030167278 1.4348685295349655 1.4328039560532033 1.430739382571441 1.4286748090896788 1.4266102356079164 1.4245456621261543 1.422481088644392 1.4204165151626298 1.4183519416808639 1.4162873681991017 1.4142227947173394 1.4121582212355772 1.4100936477538148 1.4080290742720527 1.4066947499610505 1.4061410785328996 1.4055874071047487 1.4050337356765978 1.404480064248447 1.403926392820296 1.4033727213921452 1.4028190499639934 1.4022653785358425 1.4017117071076917 1.4011580356795408 1.40060436425139 1.400050692823239 1.3994970213950881
1.467634864238489 1.4656131368405751 1.4635914094426612 1.4615696820447472 1.4595479546468333 1.4575262272489193 1.4555044998510054 1.4534827724530914 1.4514610450551775 1.4494393176572635 1.4474175902593494 1.445395862861432 1.4433741354635181 1.4413524080656042 1.4393306806676902 1.437308953269776 1.435287225871862 1.4332654984739481 1.4312437710760342 1.4292220436781202 1.4272003162802063 1.4251785888822923 1.4231568614843784 1.4211351340864644 1.419113406688547 1.417091679290633 1.415069951892719 1.413048224494805 1.411026497096891 1.409004769698977 1.4077013555893538 1.4071658346342149 1.4066303136790759 1.4060947927239371 1.4055592717687981 1.4050237508136594 1.4044882298585204 1.4039527089033805 1.4034171879482418 1.4028816669931028 1.4023461460379638 1.401810625082825 1.401275104127686 1.4007395831725473
1.467368023233813 1.4653891419197476 1.4634102606056818 1.4614313792916163 1.4594524979775505 1.4574736166634847 1.4554947353494192 1.4535158540353534 1.451536972721288 1.4495580914072221 1.4475792100931566 1.4456003287790875 1.4436214474650217 1.4416425661509562 1.4396636848368904 1.437684803522825 1.4357059222087591 1.4337270408946934 1.4317481595806278 1.429769278266562 1.4277903969524965 1.4258115156384308 1.423832634324365 1.4218537530102995 1.4198748716962304 1.4178959903821649 1.415917109068099 1.4139382277540333 1.4119593464399678 1.409980465125902 1.4087079612176578 1.4081905907355308 1.407673220253404 1.407155849771277 1.4066384792891502 1.4061211088070233 1.4056037383248965 1.4050863678427687 1.4045689973606417 1.4040516268785148 1.403534256396388 1.403016885914261 1.4024995154321342 1.4019821449500074
1.4671011822291373 1.46516514699892 1.4632291117687026 1.4612930765384853 1.4593570413082677 1.4574210060780504 1.455484970847833 1.4535489356176157 1.451612900387398 1.4496768651571807 1.4477408299269634 1.4458047946967427 1.4438687594665254 1.4419327242363078 1.4399966890060905 1.438060653775873 1.4361246185456558 1.4341885833154384 1.4322525480852208 1.4303165128550035 1.4283804776247861 1.4264444423945688 1.4245084071643515 1.4225723719341339 1.4206363367039132 1.4187003014736959 1.4167642662434785 1.414828231013261 1.4128921957830436 1.4109561605528262 1.4097145668459607 1.409215346836846 1.408716126827731 1.408216906818616 1.4077176868095012 1.4072184668003862 1.4067192467912715 1.4062200267821556 1.4057208067730407 1.4052215867639257 1.404722366754811 1.404223146745696 1.403723926736581 1.4032247067274661
1.4668343412244613 1.4649411520780922 1.4630479629317232 1.461154773785354 1.459261584638985 1.4573683954926158 1.4554752063462466 1.4535820171998777 1.4516888280535085 1.4497956389071394 1.4479024497607702 1.446009260614398 1.4441160714680288 1.4422228823216596 1.4403296931752905 1.4384365040289215 1.4365433148825524 1.4346501257361832 1.432756936589814 1.430863747443445 1.428970558297076 1.4270773691507068 1.4251841800043377 1.4232909908579685 1.4213978017115962 1.419504612565227 1.417611423418858 1.4157182342724888 1.4138250451261198 1.4119318559797507 1.410721172474264 1.4102401029381613 1.4097590334020582 1.4092779638659554 1.4087968943298523 1.4083158247937495 1.4078347552576465 1.4073536857215427 1.40687261618544 1.4063915466493369 1.405910477113234 1.405429407577131 1.4049483380410281 1.404467268504925
1.466816074273163 1.4649709796146975 1.4631258849562319 1.4612807902977663 1.4594356956393004 1.4575906009808348 1.4557455063223692 1.4539004116639036 1.452055317005438 1.4502102223469724 1.4483651276885068 1.4465200330300378 1.4446749383715722 1.4428298437131066 1.440984749054641 1.4391396543961754 1.4372945597377098 1.4354494650792442 1.4336043704207784 1.4317592757623128 1.4299141811038472 1.4280690864453816 1.426223991786916 1.4243788971284503 1.4225338024699816 1.4206887078115158 1.4188436131530502 1.4169985184945846 1.415153423836119 1.4133083291776534 1.4121282903054264 1.4116592111132273 1.411190131921028 1.410721052728829 1.41025197353663 1.4097828943444306 1.4093138151522315 1.4088447359600316 1.4083756567678325 1.4079065775756334 1.4074374983834341 1.406968419191235 1.406499339999036 1.406030260806837
1.4670635173127688 1.4652721273552392 1.4634807373977092 1.4616893474401795 1.4598979574826496 1.45810656752512 1.4563151775675902 1.4545237876100603 1.4527323976525306 1.4509410076950007 1.449149617737471 1.4473582277799382 1.4455668378224082 1.4437754478648785 1.4419840579073488 1.440192667949819 1.4384012779922892 1.4366098880347593 1.4348184980772296 1.4330271081197 1.43123571816217 1.4294443282046403 1.4276529382471104 1.4258615482895807 1.4240701583320479 1.422278768374518 1.4204873784169882 1.4186959884594585 1.4169045985019286 1.415113208544399 1.4139635304298555 1.4134998567919288 1.4130361831540021 1.4125725095160755 1.4121088358781486 1.411645162240222 1.4111814886022953 1.4107178149643678 1.4102541413264411 1.4097904676885145 1.4093267940505878 1.4088631204126612 1.4083994467747345 1.4079357731368078
1.4673109603523744 1.4655732750957804 1.4638355898391866 1.4620979045825926 1.4603602193259988 1.4586225340694048 1.4568848488128108 1.455147163556217 1.453409478299623 1.4516717930430292 1.4499341077864352 1.4481964225298383 1.4464587372732443 1.4447210520166505 1.4429833667600565 1.4412456815034627 1.4395079962468686 1.4377703109902746 1.4360326257336808 1.4342949404770868 1.432557255220493 1.430819569963899 1.429081884707305 1.4273441994507112 1.4256065141941143 1.4238688289375203 1.4221311436809265 1.4203934584243325 1.4186557731677385 1.4169180879111447 1.4157987705542847 1.4153405024706305 1.4148822343869762 1.414423966303322 1.4139656982196678 1.4135074301360135 1.4130491620523593 1.4125908939687044 1.4121326258850502 1.411674357801396 1.4112160897177417 1.4107578216340875 1.4102995535504332 1.409841285466779
1.4675584033919802 1.465874422836322 1.464190442280664 1.4625064617250059 1.460822481169348 1.4591385006136899 1.4574545200580318 1.4557705395023737 1.4540865589467156 1.4524025783910575 1.4507185978353996 1.4490346172797386 1.4473506367240805 1.4456666561684224 1.4439826756127643 1.4422986950571062 1.4406147145014483 1.4389307339457902 1.437246753390132 1.435562772834474 1.4338787922788159 1.4321948117231578 1.4305108311674997 1.4288268506118418 1.4271428700561808 1.4254588895005227 1.4237749089448646 1.4220909283892065 1.4204069478335484 1.4187229672778905 1.417634010678714 1.4171811481493322 1.4167282856199503 1.4162754230905685 1.415822560561187 1.4153696980318051 1.4149168355024233 1.4144639729730406 1.414011110443659 1.4135582479142772 1.4131053853848954 1.4126525228555136 1.4121996603261318 1.41174679779675
1.4678058464315862 1.466175570576864 1.4645452947221418 1.4629150188674196 1.4612847430126976 1.4596544671579754 1.4580241913032532 1.456393915448531 1.4547636395938088 1.4531333637390866 1.4515030878843644 1.4498728120296396 1.4482425361749174 1.4466122603201952 1.444981984465473 1.4433517086107508 1.4417214327560286 1.4400911569013066 1.4384608810465844 1.4368306051918622 1.43520032933714 1.4335700534824178 1.4319397776276956 1.4303095017729734 1.4286792259182486 1.4270489500635264 1.4254186742088042 1.423788398354082 1.4221581224993598 1.4205278466446376 1.4194692508031448 1.4190217938280354 1.4185743368529262 1.4181268798778168 1.4176794229027074 1.417231965927598 1.4167845089524889 1.4163370519773788 1.4158895950022694 1.41544213802716 1.4149946810520508 1.4145472240769414 1.414099767101832 1.4136523101267227
1.4680532894711917 1.4664767183174054 1.4649001471636192 1.4633235760098329 1.4617470048560466 1.4601704337022603 1.4585938625484738 1.4570172913946875 1.4554407202409012 1.453864149087115 1.4522875779333286 1.4507110067795397 1.4491344356257534 1.4475578644719669 1.4459812933181806 1.4444047221643943 1.442828151010608 1.4412515798568217 1.4396750087030354 1.4380984375492492 1.4365218663954629 1.4349452952416764 1.43336872408789 1.4317921529341038 1.4302155817803148 1.4286390106265285 1.4270624394727423 1.425485868318956 1.4239092971651695 1.4223327260113832 1.4213044909275738 1.4208624395067369 1.4204203880859 1.4199783366650631 1.4195362852442264 1.4190942338233894 1.4186521824025526 1.418210130981715 1.417768079560878 1.4173260281400413 1.4168839767192043 1.4164419252983675 1.4159998738775306 1.4155578224566938
1.4683007325107975 1.4667778660579471 1.4652549996050965 1.4637321331522462 1.4622092666993958 1.4606864002465452 1.4591635337936948 1.4576406673408444 1.4561178008879938 1.4545949344351434 1.453072067982293 1.4515492015294398 1.4500263350765894 1.448503468623739 1.4469806021708884 1.445457735718038 1.4439348692651877 1.442412002812337 1.4408891363594867 1.4393662699066363 1.4378434034537857 1.4363205370009353 1.4347976705480847 1.4332748040952343 1.4317519376423813 1.430229071189531 1.4287062047366803 1.42718333828383 1.4256604718309795 1.424137605378129 1.423139731052003 1.4227030851854388 1.4222664393188742 1.4218297934523099 1.4213931475857453 1.420956501719181 1.4205198558526166 1.4200832099860514 1.4196465641194869 1.4192099182529225 1.4187732723863582 1.4183366265197936 1.4178999806532293 1.417463334786665
1.4685481755504033 1.4670790137984888 1.4656098520465741 1.4641406902946594 1.462671528542745 1.4612023667908303 1.4597332050389158 1.458264043287001 1.4567948815350864 1.455325719783172 1.4538565580312572 1.45238739627934 1.4509182345274256 1.449449072775511 1.4479799110235962 1.4465107492716818 1.445041587519767 1.4435724257678526 1.442103264015938 1.4406341022640232 1.4391649405121087 1.437695778760194 1.4362266170082796 1.4347574552563649 1.4332882935044478 1.4318191317525333 1.4303499700006186 1.428880808248704 1.4274116464967894 1.4259424847448747 1.4249749711764323 1.4245437308641404 1.4241124905518483 1.4236812502395564 1.4232500099272645 1.4228187696149726 1.4223875293026804 1.4219562889903878 1.421525048678096 1.4210938083658038 1.4206625680535119 1.42023132774122 1.4198000874289278 1.419368847116636
1.4687956185900088 1.46738016153903 1.4659647044880515 1.4645492474370727 1.463133790386094 1.4617183333351151 1.4603028762841364 1.4588874192331576 1.4574719621821788 1.4560565051312002 1.4546410480802214 1.4532255910292402 1.4518101339782614 1.4503946769272826 1.448979219876304 1.4475637628253253 1.4461483057743465 1.4447328487233677 1.443317391672389 1.4419019346214101 1.4404864775704314 1.4390710205194528 1.437655563468474 1.4362401064174952 1.434824649366514 1.4334091923155352 1.4319937352645566 1.4305782782135779 1.429162821162599 1.4277473641116203 1.4268102113008614 1.426384376542842 1.4259585417848224 1.425532707026803 1.4251068722687832 1.4246810375107637 1.4242552027527442 1.423829367994724 1.4234035332367045 1.422977698478685 1.4225518637206656 1.4221260289626458 1.4217001942046263 1.4212743594466068
1.4690430616296146 1.4676813092795717 1.4663195569295289 1.464957804579486 1.4635960522294431 1.4622342998794002 1.4608725475293574 1.4595107951793145 1.4581490428292716 1.4567872904792285 1.4554255381291856 1.4540637857791405 1.4527020334290976 1.4513402810790548 1.449978528729012 1.448616776378969 1.447255024028926 1.445893271678883 1.4445315193288402 1.4431697669787973 1.4418080146287544 1.4404462622787115 1.4390845099286687 1.4377227575786258 1.4363610052285805 1.4349992528785376 1.4336375005284947 1.4322757481784518 1.430913995828409 1.429552243478366 1.4286454514252906 1.4282250222215436 1.4278045930177965 1.4273841638140494 1.4269637346103023 1.4265433054065553 1.4261228762028082 1.4257024469990605 1.4252820177953134 1.4248615885915663 1.4244411593878192 1.4240207301840722 1.423600300980325 1.423179871776578
1.4692905046692204 1.4679824570201134 1.4666744093710065 1.4653663617218995 1.4640583140727925 1.4627502664236856 1.4614422187745786 1.4601341711254716 1.4588261234763646 1.4575180758272577 1.4562100281781505 1.4549019805290413 1.4535939328799343 1.4522858852308274 1.4509778375817204 1.4496697899326134 1.4483617422835064 1.4470536946343995 1.4457456469852925 1.4444375993361855 1.4431295516870786 1.4418215040379714 1.4405134563888644 1.4392054087397574 1.4378973610906483 1.4365893134415413 1.4352812657924343 1.4339732181433273 1.4326651704942204 1.4313571228451134 1.4304806915497215 1.4300656679002468 1.4296506442507722 1.4292356206012977 1.428820596951823 1.4284055733023484 1.4279905496528738 1.4275755260033984 1.4271605023539238 1.4267454787044493 1.4263304550549747 1.4259154314055 1.4255004077560254 1.4250853841065507
1.4695379477088262 1.4682836047606551 1.467029261812484 1.4657749188643128 1.4645205759161417 1.4632662329679706 1.4620118900197994 1.4607575470716283 1.4595032041234572 1.458248861175286 1.456994518227115 1.4557401752789416 1.4544858323307706 1.4532314893825993 1.4519771464344282 1.4507228034862572 1.4494684605380859 1.4482141175899148 1.4469597746417437 1.4457054316935725 1.4444510887454014 1.4431967457972303 1.441942402849059 1.440688059900888 1.4394337169527147 1.4381793740045437 1.4369250310563726 1.4356706881082013 1.4344163451600302 1.4331620022118592 1.4323159316741507 1.4319063135789485 1.4314966954837465 1.4310870773885442 1.430677459293342 1.43026784119814 1.4298582231029378 1.4294486050077349 1.4290389869125326 1.4286293688173306 1.4282197507221284 1.4278101326269261 1.4274005145317241 1.4269908964365219
