Figures/CREST_Example_wjb_NSE/PETs/wjb.pet.20090607.asc
ncols            288
nrows            254
xllcorner        113.274861
yllcorner        31.4918055
cellsize         0.008333333333
NODATA_value     -9999
[rows 60 to 79 of 254, columns 132 to 175 of 288]
2.3781907334799586 2.3757783368385557 2.3733659401971523 2.3709535435557494 2.368541146914346 2.3661287502729427 2.3637163536315398 2.3613039569901364 2.3588915603487335 2.35647916370733 2.354066767065927 2.35165437042452 2.3492419737831165 2.3468295771417136 2.3444171805003102 2.342004783858907 2.339592387217504 2.3371799905761006 2.3347675939346977 2.3323551972932943 2.3299428006518914 2.327530404010488 2.325118007369085 2.322705610727682 2.3202932140862744 2.3178808174448715 2.315468420803468 2.313056024162065 2.310643627520662 2.3082312308792585 2.3102802316016398 2.3170985670292668 2.3239169024568938 2.330735237884521 2.337553573312148 2.344371908739775 2.3511902441674026 2.358008579595041 2.3648269150226686 2.3716452504502956 2.3784635858779226 2.38528192130555 2.392100256733177 2.398918592160804
2.36198396405317 2.3596656334103168 2.3573473027674634 2.35502897212461 2.3527106414817567 2.3503923108389033 2.34807398019605 2.3457556495531966 2.3434373189103432 2.34111898826749 2.3388006576246365 2.336482326981779 2.334163996338926 2.3318456656960724 2.3295273350532186 2.3272090044103653 2.324890673767512 2.3225723431246585 2.320254012481805 2.317935681838952 2.3156173511960985 2.313299020553245 2.3109806899103917 2.3086623592675384 2.306344028624681 2.3040256979818277 2.3017073673389743 2.299389036696121 2.2970707060532676 2.294752375410414 2.296817467966974 2.303568539083177 2.3103196101993806 2.3170706813155837 2.3238217524317872 2.3305728235479903 2.337323894664194 2.3440749657804085 2.350826036896612 2.357577108012815 2.3643281791290187 2.371079250245222 2.3778303213614254 2.3845813924776285
2.3457771946263812 2.343552929982078 2.341328665337774 2.3391044006934707 2.336880136049167 2.3346558714048635 2.3324316067605597 2.3302073421162564 2.3279830774719525 2.325758812827649 2.3235345481833454 2.321310283539038 2.319086018894734 2.316861754250431 2.314637489606127 2.3124132249618237 2.31018896031752 2.3079646956732165 2.3057404310289127 2.3035161663846093 2.3012919017403055 2.299067637096002 2.2968433724516983 2.294619107807395 2.2923948431630876 2.290170578518784 2.28794631387448 2.2857220492301766 2.283497784585873 2.2812735199415695 2.283354704332308 2.2900385111370873 2.296722317941867 2.3034061247466466 2.3100899315514263 2.3167737383562055 2.323457545160985 2.330141351965776 2.3368251587705555 2.343508965575335 2.3501927723801144 2.356876579184894 2.3635603859896737 2.370244192794453
2.329570425199593 2.327440226553839 2.325310027908085 2.3231798292623314 2.3210496306165775 2.3189194319708237 2.31678923332507 2.314659034679316 2.3125288360335623 2.3103986373878085 2.3082684387420547 2.3061382400962973 2.3040080414505435 2.3018778428047897 2.299747644159036 2.297617445513282 2.2954872468675283 2.2933570482217744 2.2912268495760206 2.289096650930267 2.286966452284513 2.284836253638759 2.2827060549930054 2.2805758563472516 2.2784456577014938 2.27631545905574 2.274185260409986 2.2720550617642323 2.2699248631184785 2.2677946644727247 2.2698919406976423 2.276508483190998 2.283125025684354 2.289741568177709 2.296358110671065 2.3029746531644206 2.3095911956577764 2.3162077381511432 2.322824280644499 2.3294408231378547 2.3360573656312105 2.342673908124566 2.349290450617922 2.3559069931112777
2.3133636557728043 2.3113275231256 2.3092913904783963 2.307255257831192 2.305219125183988 2.303182992536784 2.30114685988958 2.299110727242376 2.297074594595172 2.295038461947968 2.293002329300764 2.290966196653556 2.2889300640063523 2.286893931359148 2.2848577987119443 2.28282166606474 2.280785533417536 2.278749400770332 2.276713268123128 2.274677135475924 2.27264100282872 2.270604870181516 2.268568737534312 2.2665326048871077 2.2644964722399004 2.262460339592696 2.2604242069454923 2.258388074298288 2.256351941651084 2.25431580900388 2.2564291770629765 2.2629784552449084 2.26952773342684 2.276077011608772 2.282626289790704 2.2891755679726358 2.2957248461545676 2.3022741243365106 2.3088234025184424 2.3153726807003743 2.3219219588823066 2.3284712370642384 2.3350205152461703 2.341569793428102
2.297156886346016 2.2952148196973616 2.2932727530487074 2.291330686400053 2.289388619751399 2.2874465531027446 2.2855044864540903 2.283562419805436 2.281620353156782 2.2796782865081275 2.2777362198594733 2.275794153210816 2.2738520865621616 2.2719100199135074 2.269967953264853 2.268025886616199 2.2660838199675446 2.2641417533188903 2.262199686670236 2.260257620021582 2.2583155533729276 2.2563734867242733 2.254431420075619 2.2524893534269648 2.2505472867783074 2.248605220129653 2.246663153480999 2.2447210868323446 2.2427790201836904 2.240836953535036 2.242966413428311 2.249448427298819 2.255930441169327 2.262412455039835 2.2688944689103434 2.2753764827808514 2.2818584966513593 2.2883405105218784 2.2948225243923863 2.3013045382628947 2.3077865521334027 2.3142685660039106 2.3207505798744186 2.3272325937449265
2.2809501169192132 2.279102116269109 2.2772541156190043 2.2754061149689 2.2735581143187957 2.271710113668691 2.2698621130185868 2.2680141123684825 2.2661661117183782 2.2643181110682735 2.2624701104181693 2.260622109768062 2.2587741091179576 2.256926108467853 2.2550781078177486 2.2532301071676444 2.2513821065175397 2.2495341058674354 2.247686105217331 2.245838104567227 2.243990103917122 2.242142103267018 2.2402941026169136 2.2384461019668094 2.2365981013167016 2.2347501006665973 2.232902100016493 2.2310540993663883 2.229206098716284 2.22735809806618 2.229503649793634 2.235918399352718 2.242333148911802 2.2487478984708864 2.2551626480299705 2.2615773975890545 2.2679921471481386 2.2744068967072337 2.280821646266318 2.2872363958254023 2.2936511453844863 2.3000658949435704 2.3064806445026544 2.312895394061739
2.264743347492425 2.26298941284087 2.2612354781893154 2.259481543537761 2.2577276088862064 2.2559736742346517 2.254219739583097 2.2524658049315427 2.250711870279988 2.2489579356284333 2.2472040009768786 2.245450066325321 2.2436961316737665 2.2419421970222118 2.240188262370657 2.238434327719103 2.236680393067548 2.2349264584159934 2.2331725237644386 2.2314185891128844 2.2296646544613297 2.227910719809775 2.2261567851582202 2.224402850506666 2.222648915855108 2.2208949812035534 2.219141046551999 2.2173871119004445 2.2156331772488898 2.213879242597335 2.216040886158968 2.222388371406628 2.2287358566542887 2.235083341901949 2.2414308271496095 2.2477783123972697 2.25412579764493 2.260473282892601 2.2668207681402617 2.273168253387922 2.279515738635582 2.2858632238832426 2.2922107091309027 2.2985581943785633
2.2485365780656363 2.2468767094126316 2.2452168407596265 2.2435569721066217 2.241897103453617 2.2402372348006123 2.238577366147607 2.2369174974946024 2.2352576288415977 2.233597760188593 2.231937891535588 2.2302780228825805 2.2286181542295753 2.2269582855765706 2.225298416923566 2.223638548270561 2.221978679617556 2.2203188109645513 2.2186589423115466 2.216999073658542 2.2153392050055367 2.213679336352532 2.2120194676995273 2.210359599046522 2.2086997303935147 2.20703986174051 2.205379993087505 2.2037201244345 2.2020602557814954 2.2004003871284903 2.202578122524302 2.208858343460539 2.215138564396775 2.221418785333012 2.227699006269248 2.233979227205485 2.2402594481417215 2.2465396690779684 2.252819890014205 2.2591001109504414 2.265380331886678 2.271660552822915 2.277940773759151 2.2842209946953878
2.2323298086388474 2.2307640059843923 2.2291982033299376 2.2276324006754824 2.2260665980210272 2.2245007953665725 2.2229349927121174 2.221369190057662 2.219803387403207 2.2182375847487523 2.216671782094297 2.2151059794398393 2.2135401767853846 2.2119743741309295 2.2104085714764743 2.2088427688220196 2.2072769661675644 2.2057111635131093 2.204145360858654 2.2025795582041994 2.201013755549744 2.199447952895289 2.1978821502408343 2.196316347586379 2.1947505449319213 2.1931847422774666 2.1916189396230115 2.1900531369685563 2.188487334314101 2.1869215316596464 2.189115358889637 2.1953283155144496 2.201541272139262 2.207754228764075 2.2139671853888876 2.2201801420137004 2.2263930986385128 2.232606055263336 2.238819011888149 2.245031968512962 2.251244925137774 2.257457881762587 2.2636708383874 2.2698837950122126
2.216123039212059 2.214651302556154 2.2131795659002487 2.2117078292443435 2.210236092588438 2.2087643559325327 2.2072926192766276 2.2058208826207224 2.2043491459648172 2.2028774093089116 2.2014056726530065 2.1999339359970986 2.1984621993411935 2.1969904626852883 2.195518726029383 2.1940469893734775 2.1925752527175724 2.191103516061667 2.189631779405762 2.188160042749857 2.1866883060939513 2.185216569438046 2.183744832782141 2.1822730961262358 2.180801359470328 2.1793296228144228 2.1778578861585176 2.176386149502612 2.174914412846707 2.1734426761908017 2.175652595254971 2.18179828756836 2.187943979881749 2.1940896721951377 2.2002353645085266 2.2063810568219155 2.2125267491353044 2.2186724414487036 2.2248181337620925 2.2309638260754814 2.2371095183888703 2.243255210702259 2.249400903015648 2.255546595329037
2.1999162697852706 2.1985385991279154 2.1971609284705598 2.195783257813204 2.1944055871558485 2.1930279164984934 2.1916502458411378 2.190272575183782 2.188894904526427 2.1875172338690714 2.1861395632117158 2.184761892554358 2.1833842218970028 2.182006551239647 2.1806288805822915 2.179251209924936 2.1778735392675808 2.176495868610225 2.1751181979528695 2.1737405272955144 2.1723628566381588 2.170985185980803 2.169607515323448 2.1682298446660924 2.1668521740087345 2.165474503351379 2.1640968326940233 2.162719162036668 2.1613414913793125 2.159963820721957 2.162189831620305 2.16826825962227 2.174346687624235 2.1804251156262002 2.1865035436281652 2.1925819716301307 2.1986603996320957 2.204738827634071 2.210817255636036 2.216895683638001 2.222974111639966 2.2290525396419314 2.2351309676438964 2.2412093956458614
2.183709500358468 2.1824258956996623 2.1811422910408567 2.179858686382051 2.1785750817232454 2.17729147706444 2.176007872405634 2.1747242677468286 2.173440663088023 2.1721570584292174 2.1708734537704117 2.169589849111604 2.1683062444527983 2.1670226397939927 2.165739035135187 2.1644554304763814 2.163171825817576 2.16188822115877 2.1606046164999646 2.159321011841159 2.1580374071823534 2.1567538025235478 2.155470197864742 2.1541865932059365 2.1529029885471287 2.151619383888323 2.1503357792295175 2.149052174570712 2.1477685699119062 2.1464849652531006 2.148727067985628 2.154738231676169 2.16074939536671 2.166760559057251 2.1727717227477927 2.178782886438334 2.184794050128875 2.1908052138194263 2.1968163775099674 2.2028275412005085 2.20883870489105 2.214849868581591 2.2208610322721323 2.2268721959626734
2.16750273093168 2.166313192271424 2.165123653611168 2.163934114950912 2.1627445762906565 2.1615550376304005 2.160365498970145 2.159175960309889 2.157986421649633 2.156796882989377 2.1556073443291215 2.1544178056688637 2.1532282670086076 2.152038728348352 2.150849189688096 2.1496596510278403 2.1484701123675842 2.1472805737073286 2.146091035047073 2.144901496386817 2.1437119577265613 2.1425224190663053 2.1413328804060496 2.1401433417457936 2.1389538030855357 2.13776426442528 2.136574725765024 2.1353851871047684 2.1341956484445124 2.1330061097842568 2.1352643043509625 2.1412082037300797 2.1471521031091974 2.1530960024883146 2.1590399018674318 2.1649838012465494 2.1709277006256666 2.176871600004794 2.1828154993839113 2.188759398763029 2.194703298142146 2.2006471975212634 2.2065910969003806 2.2125349962794982
2.151295961504891 2.150200488843185 2.149105016181479 2.148009543519773 2.1469140708580667 2.1458185981963607 2.1447231255346546 2.1436276528729485 2.1425321802112425 2.1414367075495364 2.1403412348878303 2.1392457622261225 2.1381502895644164 2.1370548169027104 2.1359593442410043 2.1348638715792982 2.133768398917592 2.132672926255886 2.1315774535941805 2.1304819809324744 2.1293865082707684 2.1282910356090623 2.1271955629473562 2.12610009028565 2.1250046176239423 2.1239091449622363 2.12281367230053 2.121718199638824 2.120622726977118 2.119527254315412 2.1218015407162967 2.1276781757839904 2.1335548108516837 2.1394314459193775 2.145308080987071 2.151184716054764 2.157061351122458 2.1629379861901614 2.1688146212578547 2.1746912563255485 2.180567891393242 2.1864445264609356 2.192321161528629 2.1981977965963226
2.1350891920781025 2.134087785414946 2.13308637875179 2.1320849720886335 2.1310835654254774 2.1300821587623213 2.129080752099165 2.1280793454360087 2.1270779387728522 2.126076532109696 2.1250751254465396 2.124073718783382 2.1230723121202257 2.1220709054570692 2.121069498793913 2.1200680921307566 2.1190666854676006 2.118065278804444 2.117063872141288 2.116062465478132 2.1150610588149754 2.1140596521518193 2.113058245488663 2.1120568388255068 2.111055432162349 2.1100540254991924 2.1090526188360363 2.10805121217288 2.1070498055097238 2.1060483988465672 2.108338777081631 2.1141481478379007 2.11995751859417 2.12576688935044 2.13157626010671 2.1373856308629793 2.143195001619249 2.1490043723755288 2.1548137431317986 2.160623113888068 2.166432484644338 2.1722418554006078 2.178051226156877 2.183860596913147
2.1188824226513137 2.117975081986707 2.1170677413221006 2.116160400657494 2.1152530599928876 2.114345719328281 2.1134383786636746 2.112531037999068 2.111623697334462 2.1107163566698555 2.109809016005249 2.1089016753406407 2.107994334676034 2.107086994011428 2.1061796533468216 2.105272312682215 2.1043649720176085 2.103457631353002 2.1025502906883955 2.101642950023789 2.1007356093591825 2.099828268694576 2.0989209280299694 2.0980135873653634 2.097106246700755 2.0961989060361486 2.095291565371542 2.0943842247069355 2.093476884042329 2.092569543377723 2.094876013446965 2.100618119891811 2.106360226336657 2.112102332781503 2.1178444392263485 2.1235865456711944 2.1293286521160404 2.135070758560896 2.140812865005742 2.1465549714505876 2.1522970778954336 2.1580391843402795 2.1637812907851255 2.1695233972299715
2.102675653224525 2.1018623785584682 2.1010491038924117 2.100235829226355 2.0994225545602982 2.0986092798942417 2.0977960052281848 2.0969827305621282 2.0961694558960717 2.0953561812300148 2.0945429065639583 2.0937296318979 2.0929163572318434 2.0921030825657865 2.09128980789973 2.0904765332336734 2.0896632585676165 2.08884998390156 2.088036709235503 2.0872234345694465 2.08641015990339 2.085596885237333 2.0847836105712765 2.0839703359052195 2.0831570612391617 2.0823437865731047 2.081530511907048 2.0807172372409917 2.0799039625749347 2.079090687908878 2.0814132498122992 2.0870880919457213 2.0927629340791434 2.0984377762125654 2.1041126183459875 2.1097874604794096 2.1154623026128316 2.1211371447462635 2.1268119868796855 2.1324868290131076 2.1381616711465297 2.1438365132799517 2.149511355413374 2.155186197546796
2.0864688837977363 2.0857496751302294 2.0850304664627224 2.0843112577952154 2.083592049127709 2.082872840460202 2.082153631792695 2.081434423125188 2.080715214457681 2.079996005790174 2.0792767971226676 2.0785575884551593 2.0778383797876523 2.0771191711201453 2.0763999624526384 2.075680753785132 2.074961545117625 2.074242336450118 2.073523127782611 2.072803919115104 2.072084710447597 2.0713655017800905 2.0706462931125835 2.0699270844450766 2.0692078757775683 2.0684886671100613 2.0677694584425548 2.067050249775048 2.066331041107541 2.065611832440034 2.067950486177634 2.073558063999632 2.07916564182163 2.084773219643629 2.090380797465627 2.095988375287625 2.1015959531096233 2.1072035309316313 2.1128111087536294 2.1184186865756276 2.1240262643976258 2.129633842219624 2.135241420041622 2.1408489978636203
2.070262114370934 2.069636971701977 2.06901182903302 2.068386686364063 2.067761543695106 2.067136401026149 2.066511258357192 2.065886115688235 2.065260973019278 2.064635830350321 2.0640106876813635 2.0633855450124057 2.0627604023434487 2.0621352596744913 2.0615101170055343 2.0608849743365774 2.0602598316676204 2.0596346889986634 2.0590095463297065 2.058384403660749 2.057759260991792 2.057134118322835 2.056508975653878 2.055883832984921 2.055258690315963 2.054633547647006 2.054008404978049 2.053383262309092 2.0527581196401345 2.0521329769711776 2.0544877225429565 2.060028036053531 2.0655683495641055 2.07110866307468 2.076648976585254 2.0821892900958283 2.0877296036064026 2.0932699171169866 2.098810230627561 2.104350544138135 2.10989085764871 2.115431171159284 2.1209714846698584 2.1265117981804327
