Figures/CREST_Example_wjb_NSE/PETs/wjb.pet.20090613.asc
ncols            288
nrows            254
xllcorner        113.274861
yllcorner        31.4918055
cellsize         0.008333333333
NODATA_value     -9999
[rows 180 to 199 of 254, columns 44 to 87 of 288]
3.8827859622000642 3.8839791111000883 3.885172260000113 3.8863654089001374 3.887558557800162 3.888751706700186 3.8899448556002105 3.891138004500235 3.8923311534002614 3.8935243023002855 3.89471745120031 3.8959106001003345 3.897103749000359 3.898296897900383 3.8994900468004077 3.900683195700432 3.9018763446004563 3.903069493500481 3.9042626424005054 3.9054557913005294 3.906648940200554 3.9078420891005803 3.909035238000605 3.9102283869006293 3.9114215358006534 3.912614684700678 3.9138078336007025 3.9150009825007266 3.911380753897085 3.902614915930532 3.8938490779639796 3.8850832399974267 3.876317402030874 3.867551564064321 3.8587857260977536 3.850019888131201 3.841254050164648 3.8324882121980957 3.8237223742315427 3.81495653626499 3.8061906982984373 3.7974248603318848 3.7886590223653323 3.7798931843987793
3.882261389648225 3.8834394246623343 3.8846174596764436 3.8857954946905524 3.8869735297046617 3.8881515647187705 3.88932959973288 3.890507634746989 3.8916856697611 3.892863704775209 3.8940417397893183 3.895219774803427 3.8963978098175365 3.8975758448316458 3.8987538798457546 3.899931914859864 3.9011099498739727 3.902287984888082 3.903466019902191 3.9046440549163 3.9058220899304095 3.9070001249445205 3.9081781599586294 3.9093561949727387 3.9105342299868475 3.911712265000957 3.912890300015066 3.914068335029175 3.910538035318418 3.9019744193498895 3.8934108033813617 3.884847187412834 3.876283571444306 3.8677199554757777 3.8591563395072352 3.8505927235387074 3.8420291075701796 3.8334654916016513 3.8249018756331234 3.8163382596645956 3.8077746436960678 3.7992110277275395 3.7906474117590117 3.782083795790484
3.881736817096386 3.8828997382245802 3.884062659352774 3.885225580480968 3.8863885016091615 3.8875514227373555 3.888714343865549 3.889877264993743 -9999.0 3.8922031072501326 3.8933660283783267 3.8945289495065203 3.8956918706347143 3.896854791762908 3.898017712891102 3.8991806340192956 3.9003435551474896 3.9015064762756833 3.9026693974038773 3.903832318532071 3.904995239660265 3.906158160788461 3.9073210819166544 3.9084840030448484 3.909646924173042 3.910809845301236 3.9119727664294297 3.9131356875576238 3.909695316739751 3.901333922769248 3.8929725287987447 3.8846111348282415 3.876249740857738 3.8678883468872347 3.8595269529167173 3.851165558946214 3.842804164975711 3.834442771005208 3.8260813770347046 3.8177199830642015 3.8093585890936983 3.8009971951231947 3.7926358011526915 3.7842744071821883
-9999.0 -9999.0 -9999.0 -9999.0 3.885803473513661 3.8869512807559397 3.888099087998218 3.8892468952404964 -9999.0 -9999.0 3.892690316967334 3.8938381242096125 3.8949859314518913 3.8961337386941697 3.897281545936448 3.898429353178727 3.899577160421005 3.900724967663284 3.9018727749055624 3.9030205821478408 3.9041683893901196 3.9053161966324 3.9064640038746785 3.907611811116957 3.9087596183592357 3.909907425601514 3.9110552328437924 3.9122030400860712 3.908852598161083 3.900693426188605 3.8925342542161263 3.8843750822436482 3.8762159102711697 3.8680567382986917 3.8598975663261994 3.851738394353721 3.843579222381243 3.8354200504087643 3.8272608784362863 3.8191017064638078 3.8109425344913297 3.802783362518851 3.794624190546373 3.7864650185738946
-9999.0 -9999.0 -9999.0 -9999.0 -9999.0 3.886351138774524 -9999.0 -9999.0 -9999.0 -9999.0 -9999.0 -9999.0 3.894279992269069 3.8954126856254323 3.8965453789817954 3.897678072338159 3.898810765694522 3.8999434590508852 3.9010761524072484 3.902208845763612 3.903341539119975 3.9044742324763404 3.9056069258327035 3.9067396191890666 3.90787231254543 3.9090050059017933 3.9101376992581565 3.91127039261452 3.908009879582416 3.9000529296079627 3.8920959796335093 3.8841390296590554 3.876182079684602 3.8682251297101486 3.8602681797356815 3.8523112297612276 3.8443542797867742 3.836397329812321 3.828440379837867 3.8204834298634136 3.81252647988896 3.8045695299145064 3.796612579940053 3.7886556299655996
-9999.0 -9999.0 -9999.0 -9999.0 -9999.0 -9999.0 -9999.0 -9999.0 -9999.0 -9999.0 -9999.0 -9999.0 -9999.0 3.8946916325566945 3.8958092120271424 3.8969267914975907 3.8980443709680386 3.8991619504384865 3.9002795299089343 3.901397109379382 3.9025146888498305 3.90363226832028 3.904749847790728 3.9058674272611764 3.9069850067316243 3.908102586202072 3.90922016567252 3.910337745142968 3.9071671610037493 3.89941243302732 3.8916577050508914 3.8839029770744626 3.876148249098034 3.868393521121605 3.860638793145163 3.8528840651687344 3.8451293371923057 3.8373746092158765 3.8296198812394477 3.821865153263019 3.8141104252865903 3.8063556973101615 3.798600969333733 3.790846241357304
-9999.0 -9999.0 -9999.0 -9999.0 -9999.0 -9999.0 -9999.0 -9999.0 -9999.0 -9999.0 -9999.0 -9999.0 -9999.0 -9999.0 -9999.0 -9999.0 -9999.0 -9999.0 -9999.0 3.9005853729951534 3.901687838579686 3.9027903041642205 3.9038927697487535 3.904995235333286 3.906097700917819 3.9072001665023515 3.908302632086884 3.9094050976714168 3.9063244424250825 3.8987719364466784 3.8912194304682743 3.8836669244898703 3.876114418511466 3.868561912533062 3.861009406554645 3.853456900576241 3.845904394597837 3.838351888619433 3.830799382641029 3.823246876662625 3.815694370684221 3.8081418647058167 3.8005893587274127 3.7930368527490086
-9999.0 -9999.0 -9999.0 -9999.0 -9999.0 -9999.0 -9999.0 -9999.0 -9999.0 -9999.0 -9999.0 -9999.0 -9999.0 -9999.0 -9999.0 -9999.0 -9999.0 -9999.0 -9999.0 3.899773636610924 3.9008609883095415 3.9019483400081607 3.903035691706778 3.9041230434053955 3.905210395104013 3.9062977468026303 3.9073850985012477 3.908472450199865 3.9054817238464152 3.898131439866036 3.8907811558856564 3.8834308719052775 3.876080587924898 3.8687303039445187 3.861380019964127 3.8540297359837474 3.846679452003368 3.839329168022989 3.8319788840426097 3.8246286000622303 3.817278316081851 3.8099280321014715 3.8025777481210925 3.795227464140713
-9999.0 -9999.0 -9999.0 -9999.0 -9999.0 -9999.0 -9999.0 -9999.0 -9999.0 -9999.0 -9999.0 -9999.0 -9999.0 -9999.0 -9999.0 -9999.0 -9999.0 3.8968174246012905 3.8978896624139927 3.898961900226695 3.900034138039397 3.901106375852101 3.902178613664803 3.9032508514775053 3.9043230892902074 3.9053953271029096 3.9064675649156118 3.907539802728314 3.9046390052677484 3.897490943285394 3.8903428813030394 3.8831948193206847 3.8760467573383304 3.8688986953559756 3.861750633373609 3.854602571391254 3.8474545094089 3.840306447426545 3.8331583854441904 3.826010323461836 3.8188622614794814 3.8117141994971266 3.8045661375147724 3.7974180755324176
-9999.0 -9999.0 -9999.0 -9999.0 -9999.0 -9999.0 -9999.0 -9999.0 -9999.0 -9999.0 -9999.0 -9999.0 -9999.0 -9999.0 -9999.0 -9999.0 3.894978792062104 3.896035915988891 3.897093039915678 3.8981501638424647 3.8992072877692516 3.9002644116960403 3.9013215356228272 3.9023786595496137 3.9034357834764006 3.9044929074031876 3.9055500313299745 3.9066071552567614 3.9037962866890807 3.896850446704751 3.889904606720421 3.8829587667360914 3.876012926751762 3.869067086767432 3.862121246783091 3.8551754067987614 3.8482295668144313 3.8412837268301017 3.834337886845772 3.8273920468614424 3.820446206877113 3.813500366892783 3.8065545269084535 3.799608686924124
-9999.0 -9999.0 -9999.0 -9999.0 -9999.0 -9999.0 -9999.0 -9999.0 -9999.0 -9999.0 -9999.0 -9999.0 -9999.0 -9999.0 -9999.0 3.893170387294749 3.894212397335621 3.8952544073764925 3.896296417417364 3.8973384274582354 3.898380437499107 3.8994224475399806 3.9004644575808523 3.9015064676217235 3.902548477662595 3.903590487703467 3.9046324977443385 3.90567450778521 3.902953568110414 3.896209950124109 3.889466332137804 3.882722714151499 3.875979096165194 3.869235478178889 3.8624918601925726 3.855748242206268 3.849004624219963 3.842261006233658 3.835517388247353 3.8287737702610483 3.8220301522747433 3.8152865342884383 3.8085429163021334 3.8017992983158284
-9999.0 -9999.0 -9999.0 -9999.0 -9999.0 -9999.0 -9999.0 -9999.0 -9999.0 -9999.0 -9999.0 -9999.0 -9999.0 -9999.0 -9999.0 3.892419106454181 3.8934460026091373 3.8944728987640937 3.8954997949190497 3.896526691074006 3.8975535872289626 3.8985804833839204 3.899607379538877 3.9006342756938333 3.9016611718487892 3.9026880680037457 3.903714964158702 3.904741860313658 3.9021108495317467 3.8955694535434664 3.8890280575551865 3.8824866615669062 3.875945265578626 3.8694038695903457 3.8628624736020547 3.8563210776137744 3.849779681625494 3.8432382856372143 3.836696889648934 3.8301554936606537 3.8236140976723734 3.8170727016840935 3.810531305695813 3.803989909707533
-9999.0 -9999.0 -9999.0 -9999.0 -9999.0 -9999.0 -9999.0 -9999.0 -9999.0 -9999.0 -9999.0 -9999.0 -9999.0 -9999.0 -9999.0 3.891667825613613 3.892679607882654 3.893691390151695 3.894703172420736 3.895714954689777 3.896726736958818 3.897738519227861 3.898750301496902 3.899762083765943 3.9007738660349838 3.901785648304025 3.902797430573066 3.903809212842107 3.90126813095308 3.8949289569628247 3.888589782972569 3.8822506089823134 3.8759114349920583 3.8695722610018026 3.863233087011537 3.856893913021281 3.8505547390310255 3.8442155650407703 3.8378763910505147 3.8315372170602595 3.825198043070004 3.8188588690797487 3.812519695089493 3.806180521099238
-9999.0 -9999.0 -9999.0 -9999.0 -9999.0 -9999.0 -9999.0 -9999.0 -9999.0 -9999.0 -9999.0 -9999.0 -9999.0 3.8889232080067933 3.889919876389919 3.8909165447730447 3.8919132131561707 3.892909881539296 3.893906549922422 3.8949032183055476 3.8958998866886736 3.896896555071801 3.8978932234549264 3.8988898918380523 3.899886560221178 3.900883228604304 3.9018798969874293 3.9028765653705553 3.9004254123744126 3.894288460382182 3.8881515083899516 3.8820145563977206 3.87587760440549 3.8697406524132596 3.8636037004210184 3.8574667484287875 3.851329796436557 3.8451928444443264 3.8390558924520954 3.832918940459865 3.8267819884676344 3.8206450364754034 3.814508084483173 3.808371132490942
-9999.0 -9999.0 -9999.0 -9999.0 -9999.0 -9999.0 -9999.0 -9999.0 -9999.0 -9999.0 -9999.0 -9999.0 -9999.0 3.8882021549380554 3.8891837094352657 3.8901652639324764 3.8911468184296867 3.8921283729268974 3.8931099274241077 3.8940914819213184 3.8950730364185286 3.8960545909157407 3.8970361454129514 3.8980176999101617 3.898999254407372 3.8999808089045827 3.900962363401793 3.9019439178990036 3.899582693795746 3.89364796380154 3.887713233807334 3.881778503813128 3.875843773818922 3.869909043824716 3.8639743138305005 3.8580395838362946 3.852104853842089 3.846170123847883 3.840235393853677 3.834300663859471 3.828365933865265 3.822431203871059 3.816496473876853 3.8105617438826473
-9999.0 -9999.0 -9999.0 -9999.0 -9999.0 -9999.0 -9999.0 -9999.0 -9999.0 -9999.0 -9999.0 -9999.0 -9999.0 -9999.0 3.888447542480613 3.8894139830919086 3.8903804237032036 3.8913468643144986 3.892313304925794 3.893279745537089 3.894246186148384 3.895212626759681 3.8961790673709764 3.8971455079822714 3.898111948593567 3.899078389204862 3.900044829816157 3.9010112704274524 3.898739975217079 3.893007467220898 3.8872749592247167 3.8815424512285355 3.8758099432323543 3.870077435236173 3.8643449272399826 3.8586124192438014 3.85287991124762 3.847147403251439 3.841414895255258 3.8356823872590766 3.8299498792628954 3.8242173712667142 3.8184848632705335 3.8127523552743523
-9999.0 -9999.0 -9999.0 -9999.0 -9999.0 -9999.0 -9999.0 -9999.0 -9999.0 -9999.0 -9999.0 -9999.0 -9999.0 -9999.0 3.88771137552596 3.8886627022513403 3.88961402897672 3.8905653557021 3.8915166824274796 3.89246800915286 3.8934193358782396 3.894370662603621 3.895321989329001 3.8962733160543808 3.897224642779761 3.898175969505141 3.8991272962305206 3.9000786229559004 3.897897256638412 3.8923669706402553 3.886836684642099 3.8813063986439427 3.875776112645786 3.87024582664763 3.864715540649464 3.8591852546513077 3.853654968653151 3.848124682654995 3.8425943966568386 3.837064110658682 3.831533824660526 3.8260035386623694 3.820473252664213 3.814942966666057
-9999.0 -9999.0 -9999.0 -9999.0 -9999.0 -9999.0 -9999.0 -9999.0 -9999.0 -9999.0 -9999.0 -9999.0 -9999.0 -9999.0 3.8869752085713074 3.887911421410772 3.8888476342502365 3.889783847089701 3.8907200599291656 3.89165627276863 3.892592485608095 3.893528698447561 3.8944649112870255 3.8954011241264905 3.896337336965955 3.8972735498054196 3.898209762644884 3.8991459754843487 3.8970545380597446 3.891726474059613 3.8863984100594817 3.88107034605935 3.8757422820592184 3.870414218059087 3.8650861540589463 3.859758090058815 3.854430026058683 3.8491019620585516 3.84377389805842 3.8384458340582883 3.833117770058157 3.8277897060580255 3.8224616420578936 3.817133578057762
-9999.0 -9999.0 -9999.0 -9999.0 -9999.0 -9999.0 -9999.0 -9999.0 -9999.0 -9999.0 -9999.0 -9999.0 -9999.0 -9999.0 3.8862390416166543 3.8871601405702036 3.888081239523753 3.8890023384773023 3.8899234374308516 3.890844536384401 3.89176563533795 3.8926867342915012 3.8936078332450506 3.8945289321986 3.895450031152149 3.8963711301056985 3.8972922290592478 3.898213328012797 3.8962118194810773 3.8910859774789706 3.885960135476864 3.880834293474757 3.8757084514726503 3.8705826094705436 3.865456767468428 3.860330925466321 3.8552050834642144 3.8500792414621077 3.844953399460001 3.8398275574578937 3.834701715455787 3.8295758734536802 3.8244500314515735 3.8193241894494667
-9999.0 -9999.0 -9999.0 -9999.0 -9999.0 -9999.0 -9999.0 -9999.0 -9999.0 -9999.0 3.8818789343914655 3.8827849194590995 3.883690904526733 3.884596889594367 3.8855028746620013 3.8864088597296353 3.8873148447972694 3.8882208298649035 3.8891268149325375 3.8900328000001716 3.8909387850678057 3.8918447701354415 3.8927507552030756 3.8936567402707096 3.8945627253383437 3.8954687104059778 3.896374695473612 3.897280680541246 3.895369100902411 3.890445480898329 3.885521860894247 3.8805982408901647 3.8756746208860826 3.8707510008820005 3.86582738087791 3.860903760873828 3.855980140869746 3.8510565208656637 3.8461329008615817 3.8412092808574996 3.8362856608534175 3.8313620408493354 3.8264384208452533 3.8215148008411712
