Figures/CREST_Example_wjb_NSE/PETs/wjb.pet.20090503.asc
ncols            288
nrows            254
xllcorner        113.274861
yllcorner        31.4918055
cellsize         0.008333333333
NODATA_value     -9999
[rows 80 to 99 of 254, columns 44 to 87 of 288]
3.4388819106537807 3.438216029631877 3.437550148609974 3.436884267588071 3.4362183865661673 3.435552505544264 3.434886624522361 3.4342207435004575 3.4335548624785535 3.43288898145665 3.4322231004347468 3.4315572194128436 3.43089133839094 3.430225457369037 3.429559576347134 3.4288936953252303 3.428227814303327 3.427561933281424 3.4268960522595204 3.4262301712376173 3.425564290215714 3.4248984091938097 3.424232528171906 3.423566647150003 3.4229007661281 3.4222348851061968 3.421569004084293 3.42090312306239 3.4206856669418073 3.420947587177855 3.4212095074139035 3.421471427649952 3.4217333478859997 3.421995268122048 3.422257188358097 3.4225191085941447 3.422781028830193 3.423042949066241 3.423304869302289 3.4235667895383375 3.4238287097743854 3.4240906300104337 3.424352550246482 3.42461447048253
3.438895649451969 3.438189482178259 3.437483314904549 3.436777147630839 3.4360709803571288 3.4353648130834182 3.434658645809708 3.433952478535998 3.4332463112622866 3.4325401439885765 3.4318339767148665 3.431127809441156 3.430421642167446 3.4297154748937357 3.4290093076200256 3.4283031403463156 3.427596973072605 3.426890805798895 3.426184638525185 3.4254784712514748 3.424772303977764 3.424066136704053 3.4233599694303427 3.4226538021566326 3.4219476348829225 3.4212414676092124 3.420535300335502 3.419829133061792 3.4195656662666316 3.419775456290753 3.419985246314875 3.4201950363389972 3.4204048263631193 3.4206146163872413 3.4208244064113633 3.4210341964354853 3.4212439864596074 3.4214537764837294 3.421663566507851 3.421873356531973 3.422083146556095 3.422292936580217 3.422502726604339 3.422712516628461
3.4389093882501585 3.4381629347246414 3.4374164811991244 3.4366700276736073 3.4359235741480902 3.4351771206225727 3.4344306670970557 3.4336842135715386 3.4329377600460202 3.432191306520503 3.431444852994986 3.430698399469469 3.429951945943952 3.4292054924184345 3.4284590388929175 3.4277125853674004 3.4269661318418834 3.4262196783163663 3.4254732247908493 3.424726771265332 3.4239803177398147 3.4232338642142963 3.4224874106887793 3.421740957163262 3.420994503637745 3.420248050112228 3.419501596586711 3.4187551430611935 3.4184456655914555 3.418603325403651 3.418760985215847 3.4189186450280427 3.4190763048402384 3.419233964652434 3.4193916244646303 3.419549284276826 3.4197069440890218 3.4198646039012175 3.4200222637134132 3.420179923525609 3.4203375833378047 3.4204952431500004 3.420652902962196 3.420810562774392
3.4389231270483474 3.4381363872710233 3.4373496474936993 3.4365629077163753 3.4357761679390513 3.4349894281617273 3.4342026883844032 3.433415948607079 3.432629208829754 3.43184246905243 3.431055729275106 3.430268989497782 3.429482249720458 3.4286955099431338 3.4279087701658097 3.4271220303884857 3.4263352906111617 3.4255485508338377 3.4247618110565137 3.4239750712791897 3.4231883315018656 3.4224015917245403 3.4216148519472163 3.4208281121698922 3.4200413723925682 3.419254632615244 3.41846789283792 3.417681153060596 3.41732566491628 3.4174311945165496 3.4175367241168195 3.417642253717089 3.4177477833173584 3.417853312917628 3.4179588425178977 3.418064372118167 3.4181699017184366 3.418275431318706 3.418380960918976 3.4184864905192454 3.418592020119515 3.4186975497197842 3.4188030793200537 3.4189086089203236
3.4389368658465367 3.4381098398174057 3.4372828137882747 3.4364557877591437 3.4356287617300127 3.4348017357008818 3.433974709671751 3.43314768364262 3.4323206576134875 3.4314936315843565 3.4306666055552255 3.4298395795260945 3.4290125534969635 3.4281855274678326 3.4273585014387016 3.4265314754095706 3.42570444938044 3.424877423351309 3.424050397322178 3.423223371293047 3.422396345263916 3.421569319234784 3.420742293205653 3.419915267176522 3.419088241147391 3.41826121511826 3.417434189089129 3.416607163059998 3.4162056642411045 3.4162590636294476 3.4163124630177912 3.4163658624061344 3.416419261794478 3.416472661182821 3.4165260605711647 3.416579459959508 3.416632859347851 3.4166862587361946 3.4167396581245377 3.4167930575128813 3.4168464569012245 3.416899856289568 3.416953255677911 3.4170066550662543
3.4389506046447256 3.4380832923637876 3.4372159800828497 3.4363486678019117 3.435481355520974 3.434614043240036 3.433746730959098 3.4328794186781604 3.4320121063972207 3.4311447941162827 3.4302774818353448 3.4294101695544073 3.4285428572734693 3.4276755449925314 3.4268082327115934 3.4259409204306555 3.4250736081497175 3.4242062958687796 3.4233389835878416 3.4224716713069037 3.4216043590259657 3.4207370467450264 3.4198697344640885 3.4190024221831505 3.4181351099022126 3.4172677976212746 3.4164004853403367 3.4155331730593987 3.415085663565928 3.4150869327423448 3.415088201918762 3.415089471095179 3.415090740271596 3.415092009448013 3.4150932786244304 3.415094547800847 3.4150958169772645 3.4150970861536813 3.4150983553300986 3.4150996245065155 3.415100893682933 3.41510216285935 3.415103432035767 3.4151047012121842
3.4389643434429145 3.4380567449101695 3.4371491463774246 3.4362415478446797 3.435333949311935 3.4344263507791903 3.4335187522464454 3.4326111537137005 3.4317035551809543 3.4307959566482094 3.4298883581154644 3.4289807595827195 3.4280731610499746 3.42716556251723 3.4262579639844852 3.4253503654517403 3.4244427669189954 3.4235351683862505 3.422627569853506 3.421719971320761 3.420812372788016 3.41990477425527 3.418997175722525 3.41808957718978 3.417181978657035 3.4162743801242903 3.415366781591546 3.414459183058801 3.413965662890752 3.4139148018552428 3.4138639408197338 3.4138130797842248 3.4137622187487153 3.4137113577132063 3.4136604966776973 3.413609635642188 3.413558774606679 3.41350791357117 3.4134570525356605 3.4134061915001515 3.4133553304646425 3.413304469429133 3.413253608393624 3.413202747358115
3.4389780822411034 3.438030197456552 3.437082312672 3.436134427887448 3.4351865431028963 3.434238658318345 3.433290773533793 3.432342888749241 3.431395003964688 3.430447119180136 3.429499234395584 3.4285513496110327 3.427603464826481 3.426655580041929 3.425707695257377 3.4247598104728256 3.4238119256882737 3.422864040903722 3.42191615611917 3.4209682713346186 3.4200203865500667 3.4190725017655135 3.4181246169809616 3.4171767321964097 3.416228847411858 3.4152809626273064 3.4143330778427545 3.4133851930582026 3.412845662215576 3.4127426709681408 3.4126396797207055 3.41253668847327 3.412433697225835 3.4123307059783996 3.412227714730964 3.4121247234835286 3.4120217322360933 3.411918740988658 3.4118157497412227 3.4117127584937874 3.411609767246352 3.411506775998917 3.4114037847514815 3.4113007935040462
3.437023711736594 3.4360805588963 3.4351374060560063 3.4341942532157126 3.4332511003754185 3.432307947535125 3.4313647946948307 3.430421641854537 3.4294784890142416 3.4285353361739475 3.427592183333654 3.4266490304933597 3.425705877653066 3.424762724812772 3.423819571972478 3.422876419132184 3.4219332662918904 3.4209901134515963 3.4200469606113026 3.4191038077710085 3.418160654930715 3.4172175020904194 3.4162743492501253 3.4153311964098316 3.4143880435695375 3.413444890729244 3.41250173788895 3.411558585048656 3.411020055259348 3.410914076658476 3.410808098057604 3.410702119456732 3.4105961408558607 3.410490162254989 3.4103841836541164 3.4102782050532445 3.4101722264523726 3.4100662478515007 3.409960269250629 3.409854290649757 3.409748312048885 3.409642333448013 3.4095363548471416 3.4094303762462697
3.4329655564733272 3.4320752571905664 3.431184957907806 3.430294658625045 3.4294043593422843 3.4285140600595234 3.4276237607767626 3.426733461494002 3.4258431622112395 3.424952862928479 3.4240625636457183 3.4231722643629574 3.4222819650801966 3.421391665797436 3.4205013665146753 3.4196110672319144 3.4187207679491536 3.4178304686663927 3.4169401693836323 3.4160498701008715 3.4151595708181106 3.4142692715353484 3.4133789722525876 3.4124886729698267 3.4115983736870663 3.4107080744043055 3.4098177751215446 3.4089274758387837 3.4084401996759084 3.408383764338955 3.408327329002001 3.408270893665047 3.4082144583280933 3.40815802299114 3.408101587654186 3.408045152317232 3.4079887169802783 3.4079322816433244 3.407875846306371 3.407819410969417 3.407762975632463 3.4077065402955093 3.407650104958556 3.407593669621602
3.4289074012100604 3.428069955484833 3.4272325097596053 3.4263950640343777 3.42555761830915 3.4247201725839225 3.423882726858695 3.4230452811334673 3.4222078354082384 3.4213703896830108 3.4205329439577827 3.419695498232555 3.4188580525073275 3.4180206067821 3.4171831610568724 3.4163457153316448 3.415508269606417 3.4146708238811896 3.413833378155962 3.4129959324307344 3.412158486705507 3.411321040980278 3.4104835952550503 3.4096461495298227 3.4088087038045947 3.407971258079367 3.4071338123541395 3.406296366628912 3.4058603440924693 3.405853452019434 3.405846559946398 3.4058396678733627 3.405832775800327 3.4058258837272914 3.4058189916542556 3.40581209958122 3.4058052075081844 3.405798315435149 3.405791423362113 3.4057845312890778 3.405777639216042 3.405770747143006 3.4057638550699707 3.405756962996935
3.4248492459467936 3.4240646537790993 3.423280061611405 3.42249546944371 3.421710877276016 3.4209262851083215 3.4201416929406268 3.4193571007729324 3.4185725086052368 3.417787916437542 3.4170033242698477 3.4162187321021533 3.4154341399344585 3.414649547766764 3.41386495559907 3.413080363431375 3.4122957712636808 3.4115111790959864 3.4107265869282917 3.4099419947605973 3.409157402592903 3.408372810425207 3.4075882182575126 3.4068036260898182 3.4060190339221235 3.405234441754429 3.404449849586735 3.40366525741904 3.40328048850903 3.403323139699913 3.403365790890795 3.4034084420816777 3.4034510932725603 3.4034937444634425 3.403536395654325 3.403579046845208 3.4036216980360905 3.4036643492269727 3.4037070004178553 3.403749651608738 3.40379230279962 3.403834953990503 3.4038776051813855 3.4039202563722677
3.4207910906835237 3.420059352073362 3.419327613463201 3.4185958748530396 3.4178641362428785 3.417132397632717 3.416400659022556 3.4156689204123944 3.414937181802232 3.4142054431920705 3.4134737045819095 3.412741965971748 3.4120102273615864 3.4112784887514254 3.410546750141264 3.409815011531103 3.4090832729209413 3.40835153431078 3.4076197957006187 3.4068880570904576 3.406156318480296 3.4054245798701337 3.404692841259972 3.403961102649811 3.4032293640396496 3.4024976254294885 3.401765886819327 3.401034148209166 3.4007006329255884 3.400792827380389 3.40088502183519 3.4009772162899905 3.401069410744791 3.401161605199592 3.401253799654393 3.4013459941091937 3.4014381885639944 3.401530383018795 3.4016225774735958 3.4017147719283964 3.401806966383197 3.401899160837998 3.4019913552927985 3.402083549747599
3.416732935420257 3.4160540503676287 3.4153751653150004 3.414696280262372 3.4140173952097443 3.413338510157116 3.412659625104488 3.4119807400518596 3.4113018549992304 3.410622969946602 3.409944084893974 3.4092651998413457 3.408586314788718 3.4079074297360896 3.4072285446834614 3.406549659630833 3.405870774578205 3.4051918895255766 3.404513004472949 3.4038341194203205 3.4031552343676923 3.402476349315063 3.401797464262435 3.4011185792098066 3.4004396941571784 3.39976080910455 3.399081924051922 3.398403038999294 3.3981207773421493 3.398262515060868 3.398404252779587 3.398545990498306 3.3986877282170247 3.3988294659357434 3.3989712036544626 3.3991129413731813 3.3992546790919 3.3993964168106188 3.399538154529338 3.3996798922480567 3.3998216299667754 3.399963367685494 3.4001051054042133 3.400246843122932
3.41267478015699 3.412048748661895 3.4114227171668 3.410796685671705 3.41017065417661 3.409544622681515 3.40891859118642 3.4082925596913247 3.407666528196229 3.407040496701134 3.406414465206039 3.405788433710944 3.405162402215849 3.404536370720754 3.4039103392256584 3.4032843077305635 3.4026582762354685 3.4020322447403735 3.4014062132452785 3.4007801817501835 3.4001541502550885 3.399528118759992 3.398902087264897 3.398276055769802 3.397650024274707 3.397023992779612 3.396397961284517 3.395771929789422 3.3955409217587103 3.395732202741347 3.3959234837239842 3.396114764706621 3.3963060456892578 3.396497326671895 3.396688607654532 3.396879888637169 3.397071169619806 3.397262450602443 3.39745373158508 3.397645012567717 3.397836293550354 3.398027574532991 3.3982188555156276 3.398410136498265
3.4086166248937233 3.4080434469561616 3.4074702690185994 3.4068970910810377 3.406323913143476 3.4057507352059138 3.405177557268352 3.40460437933079 3.4040312013932272 3.403458023455665 3.4028848455181033 3.4023116675805416 3.4017384896429794 3.4011653117054177 3.4005921337678555 3.400018955830294 3.399445777892732 3.39887259995517 3.398299422017608 3.397726244080046 3.3971530661424842 3.396579888204921 3.3960067102673595 3.3954335323297977 3.3948603543922355 3.394287176454674 3.3937139985171116 3.39314082057955 3.3929610661752707 3.3932018904218255 3.3934427146683808 3.393683538914936 3.393924363161491 3.394165187408046 3.3944060116546018 3.3946468359011566 3.394887660147712 3.395128484394267 3.395369308640822 3.395610132887377 3.3958509571339324 3.396091781380487 3.3963326056270424 3.3965734298735977
3.4045584696304565 3.404038145250428 3.403517820870399 3.40299749649037 3.4024771721103417 3.401956847730313 3.401436523350284 3.4009161989702554 3.4003958745902256 3.3998755502101967 3.3993552258301682 3.3988349014501393 3.3983145770701104 3.397794252690082 3.397273928310053 3.396753603930024 3.3962332795499957 3.3957129551699667 3.395192630789938 3.3946723064099094 3.3941519820298804 3.3936316576498506 3.3931113332698217 3.3925910088897933 3.3920706845097643 3.3915503601297354 3.391030035749707 3.390509711369678 3.3903812105918316 3.390671578102305 3.3909619456127778 3.391252313123251 3.3915426806337243 3.3918330481441976 3.3921234156546713 3.3924137831651446 3.392704150675618 3.392994518186091 3.393284885696564 3.3935752532070373 3.3938656207175106 3.394155988227984 3.394446355738457 3.3947367232489305
3.40050031436719 3.4000328435446945 3.399565372722199 3.399097901899703 3.3986304310772075 3.398162960254712 3.397695489432216 3.3972280186097206 3.396760547787224 3.3962930769647284 3.3958256061422327 3.395358135319737 3.3948906644972414 3.3944231936747458 3.39395572285225 3.3934882520297545 3.3930207812072593 3.3925533103847636 3.392085839562268 3.3916183687397723 3.3911508979172766 3.39068342709478 3.3902159562722844 3.389748485449789 3.389281014627293 3.3888135438047975 3.388346072982302 3.387878602159806 3.3878013550083925 3.388141265782784 3.388481176557175 3.3888210873315665 3.389160998105958 3.389500908880349 3.389840819654741 3.3901807304291323 3.390520641203524 3.3908605519779154 3.3912004627523067 3.391540373526698 3.3918802843010893 3.3922201950754807 3.392560105849872 3.3929000166242633
3.3964421591039198 3.3960275418389574 3.395612924573995 3.395198307309032 3.3947836900440698 3.3943690727791074 3.393954455514145 3.3935398382491826 3.3931252209842193 3.392710603719257 3.3922959864542945 3.391881369189332 3.3914667519243693 3.391052134659407 3.3906375173944445 3.390222900129482 3.3898082828645197 3.3893936655995573 3.3889790483345945 3.388564431069632 3.3881498138046697 3.3877351965397065 3.387320579274744 3.3869059620097817 3.3864913447448193 3.386076727479857 3.385662110214894 3.3852474929499317 3.3852214994249508 3.38561095346326 3.3860004075015695 3.3863898615398793 3.3867793155781887 3.3871687696164985 3.3875582236548083 3.387947677693118 3.3883371317314275 3.3887265857697373 3.3891160398080467 3.389505493846356 3.389894947884666 3.390284401922975 3.390673855961285 3.3910633099995944
3.392384003840653 3.392022240133224 3.3916604764257943 3.391298712718365 3.3909369490109356 3.3905751853035064 3.390213421596077 3.3898516578886477 3.3894898941812177 3.3891281304737886 3.388766366766359 3.38840460305893 3.3880428393515003 3.387681075644071 3.387319311936642 3.3869575482292125 3.3865957845217833 3.3862340208143538 3.3858722571069246 3.385510493399495 3.385148729692066 3.384786965984636 3.384425202277207 3.384063438569777 3.383701674862348 3.3833399111549185 3.3829781474474894 3.38261638374006 3.3826416438415112 3.383080641143739 3.383519638445967 3.3839586357481943 3.384397633050422 3.38483663035265 3.3852756276548783 3.385714624957106 3.3861536222593336 3.3865926195615614 3.387031616863789 3.3874706141660167 3.3879096114682445 3.388348608770472 3.3887876060727 3.3892266033749276
