Figures/CREST_Example_wjb_NSE/PETs/wjb.pet.20090222.asc
ncols            288
nrows            254
xllcorner        113.274861
yllcorner        31.4918055
cellsize         0.008333333333
NODATA_value     -9999
[rows 76 to 94 of 254, columns 88 to 131 of 288]
0.7994183915764318 0.7980545675180086 0.7966907434595853 0.7953269194011598 0.7939630953427367 0.7925992712843134 0.7912354472258902 0.789871623167467 0.7885077991090438 0.7871439750506206 0.7857801509921973 0.7844163269337742 0.783052502875351 0.7816886788169277 0.7799577420630494 0.7778343535368718 0.7757109650106907 0.7735875764845132 0.7714641879583356 0.769340799432158 0.7672174109059805 0.765094022379803 0.7629706338536254 0.7608472453274479 0.7587238568012703 0.7566004682750929 0.7544770797489153 0.7523536912227378 0.7502303026965602 0.748106914170379 0.7459835256442015 0.7438601371180239 0.7417367485918465 0.7396133600656689 0.7374899715394914 0.7353665830133138 0.7332431944871363 0.7311198059609587 0.7289964174347812 0.7268730289086036 0.7247496403824261 0.7226262518562485 0.7205028633300674 0.7183794748038899
0.8024479955142345 0.8010999768768614 0.7997519582394884 0.798403939602113 0.79705592096474 0.7957079023273669 0.7943598836899939 0.7930118650526208 0.7916638464152478 0.7903158277778747 0.7889678091405017 0.7876197905031286 0.7862717718657555 0.7849237532283825 0.7831793736617628 0.7810112752995833 0.7788431769374 0.7766750785752204 0.7745069802130409 0.7723388818508614 0.7701707834886818 0.7680026851265023 0.7658345867643228 0.7636664884021432 0.7614983900399637 0.7593302916777841 0.7571621933156046 0.7549940949534251 0.7528259965912455 0.7506578982290623 0.7484897998668827 0.7463217015047032 0.7441536031425237 0.7419855047803441 0.7398174064181646 0.737649308055985 0.7354812096938055 0.7333131113316259 0.7311450129694465 0.7289769146072669 0.7268088162450873 0.7246407178829077 0.7224726195207245 0.720304521158545
0.8054775994520372 0.8041453862357144 0.8028131730193915 0.8014809598030663 0.8001487465867434 0.7988165333704205 0.7974843201540975 0.7961521069377747 0.7948198937214518 0.7934876805051289 0.792155467288806 0.7908232540724831 0.7894910408561602 0.7881588276398374 0.7864010052604763 0.7841881970622948 0.7819753888641094 0.779762580665928 0.7775497724677464 0.7753369642695648 0.7731241560713833 0.7709113478732017 0.7686985396750202 0.7664857314768386 0.7642729232786571 0.7620601150804756 0.7598473068822941 0.7576344986841125 0.755421690485931 0.7532088822877456 0.7509960740895641 0.7487832658913826 0.7465704576932011 0.7443576494950195 0.7421448412968379 0.7399320330986564 0.7377192249004748 0.7355064167022933 0.7332936085041117 0.7310808003059303 0.7288679921077487 0.7266551839095672 0.7244423757113818 0.7222295675132003
0.8085072033898426 0.8071907955945699 0.8058743877992971 0.8045579800040221 0.8032415722087494 0.8019251644134766 0.800608756618204 0.7992923488229312 0.7979759410276585 0.7966595332323857 0.795343125437113 0.7940267176418403 0.7927103098465675 0.7913939020512948 0.7896226368591924 0.7873651188250089 0.7851076007908214 0.7828500827566379 0.7805925647224543 0.7783350466882707 0.7760775286540872 0.7738200106199036 0.77156249258572 0.7693049745515365 0.7670474565173528 0.7647899384831692 0.7625324204489857 0.7602749024148021 0.7580173843806185 0.7557598663464311 0.7535023483122475 0.751244830278064 0.7489873122438804 0.7467297942096968 0.7444722761755133 0.7422147581413296 0.739957240107146 0.7376997220729625 0.7354422040387789 0.7331846860045953 0.7309271679704118 0.7286696499362282 0.7264121319020408 0.7241546138678572
0.8115368073276453 0.8102362049534227 0.8089356025792002 0.8076350002049754 0.8063343978307528 0.8050337954565302 0.8037331930823076 0.802432590708085 0.8011319883338626 0.79983138595964 0.7985307835854174 0.7972301812111948 0.7959295788369722 0.7946289764627497 0.792844268457906 0.7905420405877204 0.7882398127175309 0.7859375848473453 0.7836353569771597 0.7813331291069742 0.7790309012367885 0.776728673366603 0.7744264454964174 0.7721242176262318 0.7698219897560462 0.7675197618858607 0.765217534015675 0.7629153061454895 0.7606130782753039 0.7583108504051144 0.7560086225349288 0.7537063946647432 0.7514041667945577 0.749101938924372 0.7467997110541865 0.7444974831840009 0.7421952553138154 0.7398930274436297 0.7375907995734442 0.7352885717032586 0.732986343833073 0.7306841159628874 0.7283818880926979 0.7260796602225124
0.814566411265448 0.8132816143122756 0.8119968173591032 0.8107120204059286 0.8094272234527562 0.8081424264995837 0.8068576295464113 0.8055728325932389 0.8042880356400665 0.803003238686894 0.8017184417337216 0.8004336447805492 0.7991488478273768 0.7978640508742043 0.7960659000566194 0.7937189623504318 0.7913720246442403 0.7890250869380526 0.7866781492318651 0.7843312115256775 0.7819842738194899 0.7796373361133023 0.7772903984071148 0.7749434607009272 0.7725965229947396 0.770249585288552 0.7679026475823645 0.7655557098761769 0.7632087721699893 0.7608618344637977 0.7585148967576102 0.7561679590514225 0.753821021345235 0.7514740836390474 0.7491271459328598 0.7467802082266722 0.7444332705204847 0.7420863328142971 0.7397393951081095 0.7373924574019219 0.7350455196957344 0.7326985819895468 0.7303516442833552 0.7280047065771676
0.8175960152032508 0.8163270236711285 0.8150580321390062 0.8137890406068818 0.8125200490747595 0.8112510575426373 0.809982066010515 0.8087130744783928 0.8074440829462705 0.8061750914141482 0.804906099882026 0.8036371083499038 0.8023681168177814 0.8010991252856592 0.799287531655333 0.7968958841131433 0.7945042365709497 0.79211258902876 0.7897209414865705 0.7873292939443809 0.7849376464021913 0.7825459988600018 0.7801543513178122 0.7777627037756226 0.775371056233433 0.7729794086912435 0.7705877611490538 0.7681961136068642 0.7658044660646747 0.763412818522481 0.7610211709802914 0.7586295234381019 0.7562378758959123 0.7538462283537227 0.7514545808115332 0.7490629332693436 0.746671285727154 0.7442796381849643 0.7418879906427748 0.7394963431005852 0.7371046955583956 0.7347130480162061 0.7323214004740124 0.7299297529318228
0.8206256191410535 0.8193724330299814 0.8181192469189092 0.8168660608078351 0.8156128746967629 0.8143596885856909 0.8131065024746187 0.8118533163635466 0.8106001302524745 0.8093469441414024 0.8080937580303302 0.8068405719192582 0.805587385808186 0.804334199697114 0.8025091632540463 0.8000728058758547 0.797636448497659 0.7952000911194674 0.7927637337412758 0.7903273763630843 0.7878910189848927 0.7854546616067011 0.7830183042285095 0.780581946850318 0.7781455894721264 0.7757092320939348 0.7732728747157432 0.7708365173375517 0.7684001599593601 0.7659638025811644 0.7635274452029728 0.7610910878247812 0.7586547304465896 0.756218373068398 0.7537820156902064 0.7513456583120148 0.7489093009338234 0.7464729435556318 0.7440365861774402 0.7416002287992486 0.739163871421057 0.7367275140428654 0.7342911566646697 0.7318547992864781
0.8236552230788563 0.8224178423888343 0.8211804616988123 0.8199430810087883 0.8187057003187663 0.8174683196287443 0.8162309389387225 0.8149935582487005 0.8137561775586786 0.8125187968686566 0.8112814161786346 0.8100440354886127 0.8088066547985907 0.8075692741085687 0.8057307948527598 0.8032497276385663 0.8007686604243685 0.7982875932101748 0.7958065259959813 0.7933254587817877 0.7908443915675941 0.7883633243534005 0.785882257139207 0.7834011899250134 0.7809201227108198 0.7784390554966263 0.7759579882824327 0.7734769210682391 0.7709958538540456 0.7685147866398477 0.7660337194256541 0.7635526522114605 0.761071584997267 0.7585905177830734 0.7561094505688798 0.7536283833546863 0.7511473161404927 0.7486662489262991 0.7461851817121055 0.743704114497912 0.7412230472837184 0.7387419800695247 0.736260912855327 0.7337798456411334
0.8266848270166616 0.8254632517476898 0.8242416764787179 0.8230201012097441 0.8217985259407723 0.8205769506718005 0.8193553754028288 0.818133800133857 0.8169122248648851 0.8156906495959134 0.8144690743269416 0.8132474990579698 0.8120259237889981 0.8108043485200263 0.808952426451476 0.8064266494012804 0.8039008723510804 0.8013750953008848 0.7988493182506893 0.7963235412004936 0.793797764150298 0.7912719871001024 0.7887462100499067 0.7862204329997111 0.7836946559495155 0.78116887889932 0.7786431018491243 0.7761173247989287 0.7735915477487331 0.7710657706985332 0.7685399936483376 0.766014216598142 0.7634884395479463 0.7609626624977507 0.758436885447555 0.7559111083973595 0.7533853313471639 0.7508595542969683 0.7483337772467726 0.745808000196577 0.7432822231463814 0.7407564460961857 0.7382306690459859 0.7357048919957903
0.8297144309544643 0.8285086611065426 0.8273028912586211 0.8260971214106974 0.8248913515627757 0.8236855817148542 0.8224798118669325 0.8212740420190109 0.8200682721710892 0.8188625023231676 0.817656732475246 0.8164509626273243 0.8152451927794028 0.8140394229314811 0.8121740580501895 0.8096035711639918 0.8070330842777899 0.8044625973915923 0.8018921105053947 0.799321623619197 0.7967511367329995 0.7941806498468018 0.7916101629606042 0.7890396760744065 0.786469189188209 0.7838987023020113 0.7813282154158137 0.7787577285296161 0.7761872416434185 0.7736167547572165 0.7710462678710188 0.7684757809848213 0.7659052940986236 0.763334807212426 0.7607643203262284 0.7581938334400308 0.7556233465538331 0.7530528596676356 0.7504823727814379 0.7479118858952403 0.7453413990090427 0.7427709121228451 0.7402004252366431 0.7376299383504454
0.832744034892267 0.8315540704653955 0.8303641060385241 0.8291741416116506 0.8279841771847791 0.8267942127579077 0.8256042483310362 0.8244142839041647 0.8232243194772932 0.8220343550504218 0.8208443906235503 0.8196544261966787 0.8184644617698072 0.8172744973429358 0.8153956896489029 0.8127804929267033 0.8101652962044992 0.8075500994822996 0.8049349027601 0.8023197060379004 0.7997045093157008 0.7970893125935011 0.7944741158713016 0.7918589191491019 0.7892437224269023 0.7866285257047027 0.7840133289825031 0.7813981322603034 0.7787829355381038 0.7761677388158997 0.7735525420937002 0.7709373453715006 0.7683221486493009 0.7657069519271014 0.7630917552049017 0.7604765584827021 0.7578613617605024 0.7552461650383029 0.7526309683161032 0.7500157715939036 0.7474005748717041 0.7447853781495044 0.7421701814273003 0.7395549847051007
0.8350311406030299 0.8338350238288004 0.8326389070545708 0.8314427902803392 0.8302466735061097 0.8290505567318801 0.8278544399576505 0.826658323183421 0.8254622064091914 0.8242660896349618 0.8230699728607324 0.8218738560865028 0.8206777393122733 0.8194816225380437 0.8176058176442037 0.8150034107819378 0.8124010039196675 0.8097985970574016 0.8071961901951359 0.80459378333287 0.8019913764706041 0.7993889696083383 0.7967865627460724 0.7941841558838066 0.7915817490215408 0.7889793421592749 0.786376935297009 0.7837745284347432 0.7811721215724774 0.7785697147102071 0.7759673078479412 0.7733649009856753 0.7707624941234095 0.7681600872611437 0.7655576803988778 0.762955273536612 0.7603528666743461 0.7577504598120802 0.7551480529498145 0.7525456460875486 0.7499432392252827 0.7473408323630168 0.7447384255007465 0.7421360186384808
0.8365245625222933 0.835298821930676 0.8340730813390586 0.832847340747439 0.8316216001558216 0.8303958595642043 0.8291701189725869 0.8279443783809695 0.8267186377893521 0.8254928971977347 0.8242671566061173 0.8230414160144999 0.8218156754228825 0.8205899348312651 0.8187347120609778 0.8162065586083465 0.8136784051557108 0.8111502517030794 0.8086220982504481 0.8060939447978167 0.8035657913451854 0.801037637892554 0.7985094844399226 0.7959813309872913 0.7934531775346599 0.7909250240820286 0.7883968706293972 0.7858687171767659 0.7833405637241345 0.780812410271499 0.7782842568188676 0.7757561033662362 0.7732279499136049 0.7706997964609735 0.7681716430083422 0.7656434895557108 0.7631153361030795 0.7605871826504481 0.7580590291978168 0.7555308757451854 0.753002722292554 0.7504745688399227 0.7479464153872871 0.7454182619346558
0.8380179844415566 0.8367626200325514 0.8355072556235462 0.8342518912145388 0.8329965268055336 0.8317411623965283 0.8304857979875231 0.8292304335785178 0.8279750691695126 0.8267197047605074 0.8254643403515021 0.8242089759424969 0.8229536115334917 0.8216982471244864 0.8198636064777517 0.8174097064347549 0.8149558063917538 0.812501906348757 0.8100480063057601 0.8075941062627633 0.8051402062197665 0.8026863061767696 0.8002324061337728 0.7977785060907759 0.7953246060477791 0.7928707060047823 0.7904168059617854 0.7879629059187886 0.7855090058757918 0.7830551058327907 0.7806012057897939 0.778147305746797 0.7756934057038002 0.7732395056608034 0.7707856056178065 0.7683317055748097 0.7658778055318128 0.763423905488816 0.7609700054458192 0.7585161054028222 0.7560622053598254 0.7536083053168285 0.7511544052738276 0.7487005052308308
0.83951140636082 0.8382264181344269 0.8369414299080339 0.8356564416816386 0.8343714534552455 0.8330864652288524 0.8318014770024593 0.8305164887760663 0.8292315005496732 0.8279465123232801 0.8266615240968871 0.825376535870494 0.8240915476441009 0.8228065594177078 0.8209925008945258 0.8186128542611635 0.816233207627797 0.8138535609944347 0.8114739143610723 0.80909426772771 0.8067146210943477 0.8043349744609853 0.801955327827623 0.7995756811942607 0.7971960345608983 0.794816387927536 0.7924367412941736 0.7900570946608113 0.787677448027449 0.7852978013940826 0.7829181547607202 0.7805385081273578 0.7781588614939955 0.7757792148606332 0.7733995682272709 0.7710199215939085 0.7686402749605461 0.7662606283271838 0.7638809816938215 0.7615013350604591 0.7591216884270968 0.7567420417937345 0.7543623951603681 0.7519827485270058
0.8410048282800846 0.8396902162363037 0.8383756041925228 0.8370609921487395 0.8357463801049586 0.8344317680611777 0.8331171560173968 0.8318025439736157 0.8304879319298348 0.8291733198860539 0.827858707842273 0.826544095798492 0.8252294837547111 0.8239148717109301 0.8221213953113008 0.819816002087573 0.8175106088638413 0.8152052156401135 0.8128998224163857 0.8105944291926579 0.8082890359689302 0.8059836427452024 0.8036782495214746 0.8013728562977468 0.7990674630740191 0.7967620698502913 0.7944566766265635 0.7921512834028357 0.789845890179108 0.7875404969553762 0.7852351037316485 0.7829297105079207 0.7806243172841929 0.7783189240604651 0.7760135308367374 0.7737081376130096 0.7714027443892818 0.769097351165554 0.7667919579418263 0.7644865647180985 0.7621811714943707 0.7598757782706429 0.7575703850469112 0.7552649918231834
0.842498250199348 0.8411540143381792 0.8398097784770104 0.8384655426158393 0.8371213067546706 0.8357770708935017 0.8344328350323329 0.8330885991711642 0.8317443633099953 0.8304001274488266 0.8290558915876578 0.827711655726489 0.8263674198653201 0.8250231840041514 0.8232502897280747 0.8210191499139814 0.8187880100998843 0.816556870285791 0.8143257304716979 0.8120945906576046 0.8098634508435113 0.807632311029418 0.8054011712153247 0.8031700314012314 0.8009388915871382 0.7987077517730449 0.7964766119589517 0.7942454721448584 0.7920143323307651 0.7897831925166681 0.7875520527025748 0.7853209128884815 0.7830897730743882 0.7808586332602949 0.7786274934462016 0.7763963536321083 0.7741652138180152 0.7719340740039219 0.7697029341898286 0.7674717943757353 0.765240654561642 0.7630095147475487 0.7607783749334517 0.7585472351193584
0.8439916721186114 0.8426178124400547 0.8412439527614981 0.8398700930829391 0.8384962334043825 0.8371223737258259 0.8357485140472692 0.8343746543687126 0.833000794690156 0.8316269350115993 0.8302530753330427 0.8288792156544861 0.8275053559759294 0.8261314962973728 0.8243791841448488 0.82222229774039 0.8200654113359276 0.8179085249314688 0.81575163852701 0.8135947521225513 0.8114378657180925 0.8092809793136337 0.8071240929091749 0.8049672065047161 0.8028103201002573 0.8006534336957986 0.7984965472913398 0.796339660886881 0.7941827744824222 0.7920258880779598 0.789869001673501 0.7877121152690423 0.7855552288645835 0.7833983424601247 0.781241456055666 0.7790845696512072 0.7769276832467484 0.7747707968422897 0.7726139104378309 0.7704570240333721 0.7683001376289134 0.7661432512244545 0.763986364819992 0.7618294784155333
