Figures/CREST_Example_wjb_NSE/PETs/wjb.pet.20091109.asc
ncols            288
nrows            254
xllcorner        113.274861
yllcorner        31.4918055
cellsize         0.008333333333
NODATA_value     -9999
[rows 133 to 151 of 254, columns 44 to 87 of 288]
0.8326355004341447 0.8261496764755341 0.8196638525169234 0.8131780285583128 0.8066922045997021 0.8002063806410915 0.7937205566824809 0.7872347327238702 0.7807489087652486 0.774263084806638 0.7677772608480273 0.7612914368894167 0.7548056129308061 0.7483197889721954 0.7418339650135848 0.7353481410549741 0.7288623170963635 0.7223764931377529 0.7158906691791422 0.7094048452205316 0.702919021261921 0.6964331973032992 0.6899473733446886 0.683461549386078 0.6769757254274673 0.6704899014688567 0.664004077510246 0.6575182535516354 0.6533066251187187 0.6515261631133652 0.6497457011080116 0.6479652391026579 0.6461847770973044 0.6444043150919507 0.6426238530865941 0.6408433910812406 0.6390629290758869 0.6372824670705334 0.6355020050651797 0.6337215430598261 0.6319410810544726 0.6301606190491189 0.6283801570437654 0.6265996950384117
0.8213886071394896 0.8150336304528027 0.8086786537661159 0.8023236770794291 0.7959687003927423 0.7896137237060554 0.7832587470193687 0.7769037703326819 0.7705487936459842 0.7641938169592973 0.7578388402726105 0.7514838635859237 0.7451288868992368 0.7387739102125501 0.7324189335258633 0.7260639568391765 0.7197089801524896 0.7133540034658028 0.706999026779116 0.7006440500924291 0.6942890734057423 0.6879340967190446 0.6815791200323578 0.675224143345671 0.6688691666589842 0.6625141899722974 0.6561592132856106 0.6498042365989237 0.6457754843048187 0.6442335184731476 0.6426915526414764 0.6411495868098052 0.639607620978134 0.6380656551464627 0.636523689314789 0.6349817234831178 0.6334397576514466 0.6318977918197753 0.6303558259881041 0.6288138601564329 0.6272718943247618 0.6257299284930906 0.6241879626614194 0.6226459968297482
0.8101417138448346 0.8039175844300716 0.7976934550153085 0.7914693256005455 0.7852451961857825 0.7790210667710195 0.7727969373562564 0.7665728079414935 0.7603486785267198 0.7541245491119568 0.7479004196971938 0.7416762902824308 0.7354521608676677 0.7292280314529047 0.7230039020381418 0.7167797726233787 0.7105556432086158 0.7043315137938527 0.6981073843790897 0.6918832549643267 0.6856591255495637 0.6794349961347901 0.673210866720027 0.666986737305264 0.660762607890501 0.654538478475738 0.648314349060975 0.6420902196462119 0.6382443434909186 0.6369408738329299 0.6356374041749411 0.6343339345169523 0.6330304648589635 0.6317269952009748 0.6304235255429836 0.6291200558849949 0.6278165862270061 0.6265131165690173 0.6252096469110285 0.6239061772530398 0.622602707595051 0.6212992379370622 0.6199957682790734 0.6186922986210847
0.7988948205501795 0.7928015384073402 0.786708256264501 0.7806149741216618 0.7745216919788226 0.7684284098359834 0.7623351276931443 0.756241845550305 0.7501485634074554 0.7440552812646162 0.737961999121777 0.7318687169789377 0.7257754348360986 0.7196821526932594 0.7135888705504202 0.707495588407581 0.7014023062647418 0.6953090241219025 0.6892157419790633 0.6831224598362242 0.677029177693385 0.6709358955505353 0.6648426134076961 0.6587493312648569 0.6526560491220177 0.6465627669791785 0.6404694848363394 0.6343762026935001 0.6307132026770185 0.6296482291927121 0.6285832557084058 0.6275182822240993 0.626453308739793 0.6253883352554866 0.6243233617711784 0.6232583882868721 0.6221934148025656 0.6211284413182593 0.6200634678339529 0.6189984943496466 0.6179335208653401 0.6168685473810338 0.6158035738967275 0.614738600412421
0.7876479272555148 0.7816854923845995 0.7757230575136842 0.7697606226427689 0.7637981877718537 0.7578357529009384 0.7518733180300231 0.7459108831591078 0.7399484482881824 0.7339860134172671 0.7280235785463518 0.7220611436754365 0.7160987088045212 0.7101362739336059 0.7041738390626906 0.6982114041917753 0.69224896932086 0.6862865344499448 0.6803240995790295 0.6743616647081142 0.6683992298371989 0.6624367949662735 0.6564743600953582 0.6505119252244429 0.6445494903535276 0.6385870554826123 0.632624620611697 0.6266621857407817 0.623182061863112 0.6223555845524882 0.6215291072418644 0.6207026299312407 0.6198761526206169 0.6190496753099931 0.618223197999368 0.6173967206887442 0.6165702433781204 0.6157437660674967 0.6149172887568729 0.6140908114462491 0.6132643341356254 0.6124378568250016 0.6116113795143778 0.6107849022037541
0.7764010339608597 0.7705694463618682 0.7647378587628768 0.7589062711638853 0.7530746835648938 0.7472430959659023 0.7414115083669108 0.7355799207679193 0.729748333168918 0.7239167455699265 0.718085157970935 0.7122535703719436 0.7064219827729521 0.7005903951739606 0.6947588075749691 0.6889272199759776 0.6830956323769862 0.6772640447779947 0.6714324571790032 0.6656008695800117 0.6597692819810203 0.6539376943820189 0.6481061067830274 0.6422745191840359 0.6364429315850444 0.630611343986053 0.6247797563870615 0.61894816878807 0.6156509210492119 0.6150629399122706 0.6144749587753292 0.6138869776383878 0.6132989965014465 0.6127110153645051 0.6121230342275628 0.6115350530906214 0.61094707195368 0.6103590908167387 0.6097711096797973 0.609183128542856 0.6085951474059146 0.6080071662689732 0.6074191851320319 0.6068312039950905
0.7651541406662046 0.7594534003391369 0.7537526600120692 0.7480519196850016 0.7423511793579339 0.7366504390308662 0.7309496987037986 0.725248958376731 0.7195482180496535 0.7138474777225858 0.7081467373955183 0.7024459970684506 0.6967452567413829 0.6910445164143152 0.6853437760872476 0.6796430357601799 0.6739422954331122 0.6682415551060445 0.6625408147789769 0.6568400744519093 0.6511393341248416 0.6454385937977642 0.6397378534706966 0.6340371131436289 0.6283363728165612 0.6226356324894935 0.6169348921624259 0.6112341518353582 0.6081197802353118 0.6077702952720528 0.6074208103087939 0.607071325345535 0.6067218403822761 0.606372355419017 0.6060228704557575 0.6056733854924986 0.6053239005292396 0.6049744155659806 0.6046249306027217 0.6042754456394628 0.6039259606762037 0.6035764757129448 0.6032269907496859 0.602877505786427
0.7539072473715496 0.7483373543164057 0.7427674612612618 0.737197568206118 0.7316276751509742 0.7260577820958303 0.7204878890406864 0.7149179959855425 0.7093481029303892 0.7037782098752453 0.6982083168201015 0.6926384237649577 0.6870685307098138 0.6814986376546699 0.6759287445995261 0.6703588515443822 0.6647889584892384 0.6592190654340945 0.6536491723789506 0.6480792793238068 0.6425093862686629 0.6369394932135095 0.6313696001583657 0.6257997071032219 0.620229814048078 0.6146599209929342 0.6090900279377903 0.6035201348826464 0.6005886394214117 0.6004776506318351 0.6003666618422586 0.600255673052682 0.6001446842631055 0.600033695473529 0.5999227066839523 0.5998117178943757 0.5997007291047992 0.5995897403152226 0.5994787515256461 0.5993677627360695 0.599256773946493 0.5991457851569165 0.5990347963673399 0.5989238075777634
0.7426603540768945 0.7372213082936744 0.7317822625104543 0.7263432167272343 0.7209041709440143 0.7154651251607942 0.7100260793775741 0.7045870335943542 0.6991479878111247 0.6937089420279048 0.6882698962446847 0.6828308504614646 0.6773918046782446 0.6719527588950246 0.6665137131118045 0.6610746673285844 0.6556356215453644 0.6501965757621444 0.6447575299789243 0.6393184841957043 0.6338794384124842 0.6284403926292549 0.6230013468460349 0.6175623010628148 0.6121232552795948 0.6066842094963747 0.6012451637131546 0.5958061179299347 0.5930574986075116 0.5931850059916174 0.5933125133757233 0.5934400207598292 0.593567528143935 0.5936950355280409 0.593822542912147 0.5939500502962528 0.5940775576803587 0.5942050650644646 0.5943325724485705 0.5944600798326763 0.5945875872167822 0.5947150946008881 0.594842601984994 0.5949701093690998
0.7314134607822395 0.7261052622709432 0.7207970637596469 0.7154888652483508 0.7101806667370545 0.7048724682257582 0.699564269714462 0.6942560712031658 0.6889478726918605 0.6836396741805643 0.678331475669268 0.6730232771579717 0.6677150786466756 0.6624068801353793 0.657098681624083 0.6517904831127869 0.6464822846014906 0.6411740860901943 0.6358658875788981 0.6305576890676019 0.6252494905563056 0.6199412920450004 0.6146330935337041 0.6093248950224079 0.6040166965111117 0.5987084979998154 0.5934002994885191 0.588092100977223 0.5855263577936116 0.5858923613513999 0.5862583649091881 0.5866243684669764 0.5869903720247647 0.5873563755825529 0.5877223791403419 0.5880883826981301 0.5884543862559184 0.5888203898137067 0.5891863933714949 0.5895523969292832 0.5899184004870714 0.5902844040448597 0.5906504076026481 0.5910164111604364
0.7201665674875843 0.7149892162482119 0.7098118650088394 0.7046345137694671 0.6994571625300946 0.6942798112907221 0.6891024600513498 0.6839251088119773 0.6787477575725961 0.6735704063332236 0.6683930550938512 0.6632157038544788 0.6580383526151063 0.6528610013757339 0.6476836501363615 0.6425062988969891 0.6373289476576166 0.6321515964182443 0.6269742451788718 0.6217968939394993 0.616619542700127 0.6114421914607457 0.6062648402213733 0.6010874889820008 0.5959101377426284 0.590732786503256 0.5855554352638835 0.5803780840245112 0.5779952169797115 0.5785997167111822 0.5792042164426529 0.5798087161741234 0.5804132159055941 0.5810177156370648 0.5816222153685365 0.5822267151000072 0.5828312148314779 0.5834357145629486 0.5840402142944193 0.58464471402589 0.5852492137573606 0.5858537134888313 0.586458213220302 0.5870627129517727
0.7089196741929197 0.7038731702254711 0.6988266662580227 0.6937801622905742 0.6887336583231256 0.6836871543556772 0.6786406503882286 0.6735941464207801 0.668547642453323 0.6635011384858744 0.658454634518426 0.6534081305509775 0.6483616265835289 0.6433151226160805 0.6382686186486319 0.6332221146811834 0.628175610713735 0.6231291067462864 0.6180826027788379 0.6130360988113894 0.6079895948439409 0.6029430908764838 0.5978965869090352 0.5928500829415868 0.5878035789741383 0.5827570750066897 0.5777105710392412 0.5726640670717927 0.5704640761658049 0.5713070720709582 0.5721500679761115 0.5729930638812648 0.573836059786418 0.5746790556915714 0.5755220515967261 0.5763650475018793 0.5772080434070327 0.5780510393121859 0.5788940352173393 0.5797370311224925 0.5805800270276459 0.5814230229327991 0.5822660188379525 0.5831090147431057
0.6976727808982646 0.6927571242027398 0.6878414675072152 0.6829258108116905 0.6780101541161658 0.6730944974206411 0.6681788407251164 0.6632631840295917 0.6583475273340587 0.6534318706385339 0.6485162139430092 0.6436005572474846 0.6386849005519598 0.6337692438564352 0.6288535871609104 0.6239379304653858 0.6190222737698611 0.6141066170743363 0.6091909603788117 0.604275303683287 0.5993596469877622 0.5944439902922292 0.5895283335967045 0.5846126769011798 0.5796970202056551 0.5747813635101304 0.5698657068146058 0.5649500501190811 0.5629329353519049 0.5640144274307406 0.5650959195095763 0.566177411588412 0.5672589036672476 0.5683403957460834 0.5694218878249209 0.5705033799037567 0.5715848719825923 0.572666364061428 0.5737478561402637 0.5748293482190994 0.5759108402979352 0.5769923323767708 0.5780738244556065 0.5791553165344422
0.6864258876036095 0.6816410781800085 0.6768562687564077 0.6720714593328068 0.6672866499092059 0.662501840485605 0.6577170310620041 0.6529322216384033 0.6481474122147942 0.6433626027911933 0.6385777933675925 0.6337929839439915 0.6290081745203907 0.6242233650967898 0.619438555673189 0.614653746249588 0.6098689368259871 0.6050841274023863 0.6002993179787853 0.5955145085551845 0.5907296991315836 0.5859448897079745 0.5811600802843737 0.5763752708607728 0.5715904614371718 0.566805652013571 0.5620208425899701 0.5572360331663693 0.5554017945380048 0.5567217827905229 0.558041771043041 0.5593617592955591 0.5606817475480772 0.5620017358005953 0.5633217240531156 0.5646417123056338 0.5659617005581519 0.56728168881067 0.5686016770631881 0.5699216653157062 0.5712416535682243 0.5725616418207424 0.5738816300732605 0.5752016183257787
0.6751789943089544 0.6705250321572773 0.6658710700056002 0.6612171078539232 0.656563145702246 0.651909183550569 0.6472552213988919 0.6426012592472149 0.6379472970955299 0.6332933349438528 0.6286393727921757 0.6239854106404986 0.6193314484888215 0.6146774863371445 0.6100235241854673 0.6053695620337903 0.6007155998821132 0.5960616377304362 0.5914076755787591 0.5867537134270819 0.5820997512754049 0.5774457891237199 0.5727918269720428 0.5681378648203658 0.5634839026686886 0.5588299405170116 0.5541759783653345 0.5495220162136574 0.5478706537241046 0.5494291381503051 0.5509876225765057 0.5525461070027062 0.5541045914289067 0.5556630758551072 0.5572215602813104 0.558780044707511 0.5603385291337114 0.561897013559912 0.5634554979861125 0.565013982412313 0.5665724668385135 0.568130951264714 0.5696894356909146 0.5712479201171151
0.6769538520955833 0.6721364831603774 0.6673191142251715 0.6625017452899656 0.6576843763547597 0.6528670074195538 0.6480496384843479 0.643232269549142 0.6384149006139279 0.633597531678722 0.6287801627435161 0.6239627938083102 0.6191454248731043 0.6143280559378984 0.6095106870026925 0.6046933180674866 0.5998759491322807 0.5950585801970748 0.5902412112618689 0.585423842326663 0.5806064733914571 0.575789104456243 0.5709717355210371 0.5661543665858312 0.5613369976506253 0.5565196287154194 0.5517022597802135 0.5468848908450076 0.5451364079346948 0.5466686335604084 0.5482008591861222 0.5497330848118358 0.5512653104375496 0.5527975360632632 0.5543297616889795 0.5558619873146933 0.5573942129404069 0.5589264385661207 0.5604586641918343 0.5619908898175481 0.5635231154432617 0.5650553410689755 0.5665875666946891 0.5681197923204029
0.6926481409234103 0.6873528261685737 0.682057511413737 0.6767621966589005 0.6714668819040639 0.6661715671492272 0.6608762523943906 0.655580937639554 0.6502856228847084 0.6449903081298718 0.6396949933750351 0.6343996786201985 0.629104363865362 0.6238090491105253 0.6185137343556887 0.6132184196008521 0.6079231048460154 0.6026277900911788 0.5973324753363423 0.5920371605815056 0.586741845826669 0.5814465310718233 0.5761512163169867 0.5708559015621502 0.5655605868073135 0.5602652720524769 0.5549699572976403 0.5496746425428036 0.5475297405399621 0.548752700987417 0.5499756614348719 0.5511986218823268 0.5524215823297817 0.5536445427772366 0.5548675032246936 0.5560904636721485 0.5573134241196034 0.5585363845670583 0.5597593450145132 0.5609823054619681 0.562205265909423 0.563428226356878 0.5646511868043328 0.5658741472517878
0.7083424297512506 0.7025691691767829 0.6967959086023152 0.6910226480278474 0.6852493874533797 0.679476126878912 0.6737028663044442 0.6679296057299765 0.6621563451554989 0.6563830845810312 0.6506098240065634 0.6448365634320957 0.639063302857628 0.6332900422831602 0.6275167817086925 0.6217435211342248 0.615970260559757 0.6101969999852893 0.6044237394108216 0.5986504788363538 0.5928772182618861 0.5871039576874085 0.5813306971129408 0.575557436538473 0.5697841759640053 0.5640109153895376 0.5582376548150698 0.5524643942406021 0.5499230731452315 0.5508367684144273 0.5517504636836231 0.552664158952819 0.5535778542220149 0.5544915494912107 0.5554052447604081 0.5563189400296039 0.5572326352987997 0.5581463305679956 0.5590600258371914 0.5599737211063873 0.5608874163755831 0.561801111644779 0.5627148069139748 0.5636285021831706
0.7240367185790776 0.7177855121849791 0.7115343057908807 0.7052830993967822 0.6990318930026838 0.6927806866085854 0.6865294802144869 0.6802782738203885 0.6740270674262794 0.6677758610321809 0.6615246546380825 0.655273448243984 0.6490222418498857 0.6427710354557872 0.6365198290616887 0.6302686226675902 0.6240174162734918 0.6177662098793933 0.611515003485295 0.6052637970911965 0.599012590697098 0.592761384302989 0.5865101779088905 0.5802589715147921 0.5740077651206936 0.5677565587265951 0.5615053523324967 0.5552541459383983 0.5523164057504989 0.5529208358414359 0.553525265932373 0.55412969602331 0.554734126114247 0.5553385562051841 0.5559429862961222 0.5565474163870592 0.5571518464779962 0.5577562765689332 0.5583607066598703 0.5589651367508073 0.5595695668417444 0.5601739969326814 0.5607784270236185 0.5613828571145555
