Figures/CREST_Example_wjb_NSE/PETs/wjb.pet.20100901.asc
ncols            288
nrows            254
xllcorner        113.274861
yllcorner        31.4918055
cellsize         0.008333333333
NODATA_value     -9999
[rows 80 to 99 of 254, columns 132 to 175 of 288]
2.873600795639285 2.8740160757826754 2.8744313559260664 2.8748466360694573 2.875261916212848 2.875677196356239 2.8760924764996294 2.8765077566430204 2.876923036786411 2.877338316929802 2.8777535970731924 2.878168877216584 2.878584157359975 2.878999437503366 2.8794147176467564 2.8798299977901474 2.880245277933538 2.880660558076929 2.8810758382203194 2.8814911183637104 2.881906398507101 2.882321678650492 2.8827369587938825 2.8831522389372735 2.883567519080665 2.883982799224056 2.8843980793674464 2.8848133595108374 2.885228639654228 2.885643919797619 2.88733179665704 2.890380108193904 2.893428419730768 2.896476731267632 2.8995250428044965 2.9025733543413605 2.9056216658782246 2.908669977415094 2.911718288951958 2.9147666004888224 2.9178149120256864 2.9208632235625505 2.9239115350994145 2.926959846636279
2.8723908751722074 2.872914268901668 2.873437662631128 2.8739610563605886 2.874484450090049 2.8750078438195095 2.87553123754897 2.8760546312784303 2.8765780250078903 2.8771014187373507 2.877624812466811 2.8781482061962724 2.878671599925733 2.8791949936551933 2.8797183873846537 2.880241781114114 2.8807651748435745 2.881288568573035 2.881811962302495 2.8823353560319553 2.8828587497614158 2.883382143490876 2.8839055372203366 2.884428930949797 2.8849523246792583 2.8854757184087187 2.885999112138179 2.8865225058676396 2.8870458995970996 2.88756929332656 2.8893185147705114 2.8923781737712764 2.895437832772042 2.898497491772807 2.901557150773572 2.9046168097743372 2.907676468775102 2.9107361277758725 2.913795786776638 2.916855445777403 2.919915104778168 2.9229747637789334 2.9260344227796984 2.9290940817804634
2.8711809547051304 2.8718124620206607 2.8724439693361905 2.8730754766517204 2.87370698396725 2.8743384912827805 2.8749699985983104 2.8756015059138402 2.87623301322937 2.8768645205449004 2.8774960278604302 2.878127535175961 2.8787590424914913 2.879390549807021 2.880022057122551 2.880653564438081 2.881285071753611 2.881916579069141 2.882548086384671 2.8831795937002007 2.883811101015731 2.884442608331261 2.8850741156467907 2.8857056229623206 2.8863371302778518 2.8869686375933816 2.8876001449089115 2.888231652224442 2.8888631595399716 2.8894946668555015 2.891305232883983 2.894376239348649 2.897447245813315 2.900518252277981 2.9035892587426475 2.9066602652073135 2.90973127167198 2.912802278136651 2.915873284601317 2.9189442910659835 2.9220152975306495 2.925086303995316 2.928157310459982 2.9312283169246482
2.8699710342380533 2.8707106551396526 2.8714502760412524 2.8721898969428517 2.8729295178444514 2.873669138746051 2.8744087596476504 2.87514838054925 2.8758880014508494 2.876627622352449 2.877367243254049 2.8781068641556495 2.8788464850572493 2.8795861059588486 2.8803257268604483 2.8810653477620476 2.8818049686636473 2.882544589565247 2.8832842104668464 2.884023831368446 2.8847634522700454 2.885503073171645 2.886242694073245 2.886982314974844 2.887721935876445 2.8884615567780445 2.8892011776796442 2.8899407985812435 2.8906804194828433 2.891420040384443 2.893291950997454 2.8963743049260215 2.8994566588545885 2.902539012783156 2.905621366711723 2.90870372064029 2.9117860745688575 2.9148684284974298 2.917950782425997 2.921033136354564 2.9241154902831314 2.9271978442116984 2.9302801981402657 2.9333625520688327
2.868761113770976 2.869608848258645 2.870456582746314 2.8713043172339834 2.8721520517216526 2.8729997862093217 2.873847520696991 2.87469525518466 2.8755429896723292 2.8763907241599984 2.8772384586476676 2.878086193135338 2.8789339276230073 2.8797816621106764 2.8806293965983456 2.8814771310860148 2.882324865573684 2.883172600061353 2.884020334549022 2.884868069036691 2.88571580352436 2.8865635380120294 2.8874112724996985 2.8882590069873677 2.889106741475038 2.8899544759627074 2.8908022104503766 2.8916499449380457 2.892497679425715 2.893345413913384 2.895278669110926 2.898372370503394 2.9014660718958623 2.9045597732883306 2.9076534746807985 2.910747176073267 2.9138408774657347 2.9169345788582084 2.9200282802506767 2.9231219816431446 2.926215683035613 2.929309384428081 2.932403085820549 2.9354967872130175
2.8675511933038975 2.8685070413776366 2.869462889451375 2.8704187375251142 2.871374585598853 2.872330433672592 2.8732862817463305 2.8742421298200695 2.875197977893808 2.876153825967547 2.877109674041286 2.878065522115026 2.8790213701887652 2.879977218262504 2.880933066336243 2.8818889144099815 2.8828447624837206 2.883800610557459 2.8847564586311982 2.885712306704937 2.886668154778676 2.8876240028524145 2.8885798509261535 2.889535698999892 2.8904915470736325 2.8914473951473716 2.89240324322111 2.8933590912948493 2.894314939368588 2.895270787442327 2.8972653872243987 2.900370436080768 2.903475484937137 2.9065805337935062 2.9096855826498755 2.912790631506245 2.915895680362614 2.9190007292189883 2.9221057780753577 2.925210826931727 2.9283158757880963 2.931420924644465 2.9345259735008344 2.9376310223572037
2.8663412728368205 2.8674052344966285 2.868469196156437 2.8695331578162455 2.870597119476054 2.8716610811358625 2.872725042795671 2.8737890044554795 2.8748529661152875 2.875916927775096 2.8769808894349045 2.8780448510947148 2.8791088127545232 2.8801727744143317 2.88123673607414 2.8823006977339483 2.8833646593937567 2.8844286210535652 2.8854925827133737 2.886556544373182 2.8876205060329907 2.888684467692799 2.8897484293526072 2.8908123910124157 2.891876352672226 2.8929403143320345 2.894004275991843 2.8950682376516514 2.89613219931146 2.897196160971268 2.89925210533787 2.9023685016581404 2.9054848979784107 2.908601294298681 2.9117176906189512 2.9148340869392215 2.9179504832594914 2.921066879579767 2.9241832759000372 2.9272996722203075 2.930416068540578 2.933532464860848 2.9366488611811183 2.9397652575013886
2.8651313523697435 2.8663034276156214 2.8674755028614993 2.8686475781073772 2.8698196533532556 2.8709917285991335 2.8721638038450115 2.8733358790908894 2.8745079543367673 2.8756800295826452 2.8768521048285236 2.8780241800744033 2.8791962553202817 2.8803683305661596 2.8815404058120375 2.8827124810579154 2.8838845563037934 2.8850566315496713 2.8862287067955497 2.8874007820414276 2.8885728572873055 2.8897449325331834 2.8909170077790614 2.8920890830249397 2.8932611582708194 2.8944332335166973 2.8956053087625757 2.8967773840084536 2.8979494592543316 2.8991215345002095 2.9012388234513415 2.904366567235513 2.907494311019684 2.9106220548038553 2.9137497985880265 2.9168775423721978 2.920005286156369 2.9231330299405456 2.926260773724717 2.929388517508888 2.9325162612930593 2.9356440050772306 2.938771748861402 2.941899492645573
2.8654365756222764 2.8666954866325423 2.8679543976428077 2.8692133086530736 2.870472219663339 2.871731130673605 2.8729900416838703 2.874248952694136 2.8755078637044016 2.8767667747146675 2.878025685724933 2.879284596735201 2.8805435077454664 2.8818024187557323 2.8830613297659977 2.8843202407762636 2.885579151786529 2.886838062796795 2.8880969738070603 2.889355884817326 2.8906147958275916 2.8918737068378575 2.893132617848123 2.894391528858389 2.8956504398686564 2.8969093508789223 2.8981682618891877 2.8994271728994536 2.900686083909719 2.901944994919985 2.9041255800384542 2.9072914556282154 2.910457331217977 2.9136232068077383 2.9167890823974996 2.919954957987261 2.9231208335770225 2.926286709166789 2.9294525847565502 2.932618460346312 2.935784335936073 2.9389502115258344 2.9421160871155956 2.9452819627053572
2.867361391983929 2.8686843941087337 2.870007396233538 2.8713303983583427 2.872653400483147 2.8739764026079517 2.8752994047327562 2.8766224068575603 2.877945408982365 2.8792684111071694 2.880591413231974 2.8819144153567806 2.883237417481585 2.8845604196063896 2.885883421731194 2.8872064238559987 2.888529425980803 2.8898524281056077 2.8911754302304122 2.8924984323552163 2.893821434480021 2.8951444366048253 2.89646743872963 2.8977904408544344 2.899113442979241 2.9004364451040456 2.90175944722885 2.9030824493536547 2.904405451478459 2.9057284536032637 2.9079744210080474 2.911207059175959 2.9144396973438704 2.917672335511782 2.9209049736796935 2.924137611847605 2.9273702500155165 2.9306028881834334 2.933835526351345 2.9370681645192565 2.940300802687168 2.9435334408550795 2.946766079022991 2.9499987171909026
2.8692862083455823 2.8706733015849255 2.8720603948242687 2.8734474880636123 2.8748345813029554 2.8762216745422986 2.877608767781642 2.8789958610209854 2.8803829542603285 2.881770047499672 2.8831571407390153 2.884544233978361 2.8859313272177043 2.8873184204570475 2.8887055136963906 2.890092606935734 2.8914797001750774 2.8928667934144205 2.894253886653764 2.8956409798931073 2.8970280731324505 2.898415166371794 2.8998022596111372 2.9011893528504804 2.9025764460898262 2.9039635393291694 2.905350632568513 2.906737725807856 2.9081248190471993 2.909511912286543 2.9118232619776405 2.9151226627237024 2.918422063469764 2.9217214642158256 2.9250208649618874 2.9283202657079492 2.931619666454011 2.9349190672000782 2.93821846794614 2.941517868692202 2.9448172694382633 2.948116670184325 2.951416070930387 2.9547154716764488
2.8712110247072347 2.872662209061117 2.874113393414999 2.8755645777688814 2.877015762122763 2.8784669464766455 2.8799181308305277 2.88136931518441 2.882820499538292 2.884271683892174 2.8857228682460563 2.8871740525999408 2.888625236953823 2.8900764213077053 2.8915276056615875 2.8929787900154693 2.8944299743693516 2.895881158723234 2.897332343077116 2.898783527430998 2.90023471178488 2.9016858961387624 2.9031370804926446 2.9045882648465264 2.9060394492004114 2.907490633554293 2.9089418179081754 2.9103930022620577 2.91184418661594 2.9132953709698217 2.9156721029472337 2.919038266271446 2.9224044295956575 2.9257705929198696 2.9291367562440813 2.9325029195682935 2.935869082892505 2.939235246216723 2.9426014095409347 2.945967572865147 2.9493337361893586 2.9526998995135707 2.9560660628377824 2.9594322261619945
2.873135841068889 2.87465111653731 2.8761663920057314 2.8776816674741523 2.8791969429425732 2.880712218410994 2.8822274938794155 2.8837427693478364 2.8852580448162573 2.886773320284678 2.8882885957530995 2.889803871221523 2.891319146689944 2.892834422158365 2.894349697626786 2.895864973095207 2.897380248563628 2.898895524032049 2.90041079950047 2.901926074968891 2.903441350437312 2.904956625905733 2.9064719013741542 2.907987176842575 2.9095024523109987 2.9110177277794196 2.912533003247841 2.914048278716262 2.9155635541846827 2.9170788296531036 2.91952094391683 2.922953869819192 2.9263867957215544 2.9298197216239164 2.933252647526279 2.936685573428641 2.9401184993310028 2.943551425233371 2.946984351135733 2.9504172770380954 2.9538502029404574 2.95728312884282 2.960716054745182 2.964148980647544
2.875060657430542 2.8766400240135015 2.8782193905964615 2.8797987571794215 2.881378123762381 2.882957490345341 2.884536856928301 2.886116223511261 2.8876955900942205 2.8892749566771805 2.8908543232601405 2.8924336898431027 2.8940130564260627 2.8955924230090226 2.8971717895919826 2.898751156174942 2.900330522757902 2.901909889340862 2.9034892559238217 2.9050686225067817 2.9066479890897416 2.9082273556727016 2.909806722255661 2.911386088838621 2.912965455421584 2.9145448220045433 2.9161241885875033 2.9177035551704633 2.9192829217534233 2.920862288336383 2.923369784886423 2.926869473366936 2.930369161847448 2.9338688503279604 2.9373685388084727 2.940868227288985 2.9443679157694973 2.947867604250016 2.951367292730528 2.9548669812110404 2.9583666696915527 2.961866358172065 2.9653660466525777 2.96886573513309
2.8769854737921943 2.878628931489693 2.880272389187192 2.8819158468846906 2.8835593045821892 2.885202762279688 2.8868462199771865 2.888489677674685 2.8901331353721837 2.891776593069683 2.8934200507671815 2.8950635084646827 2.8967069661621814 2.8983504238596804 2.899993881557179 2.9016373392546777 2.9032807969521763 2.904924254649675 2.9065677123471736 2.9082111700446722 2.9098546277421713 2.91149808543967 2.9131415431371686 2.914785000834667 2.9164284585321685 2.9180719162296676 2.919715373927166 2.921358831624665 2.9230022893221634 2.924645747019662 2.9272186258560167 2.9307850769146793 2.934351527973342 2.9379179790320045 2.9414844300906666 2.9450508811493292 2.948617332207992 2.9521837832666606 2.9557502343253232 2.959316685383986 2.962883136442648 2.9664495875013106 2.970016038559973 2.973582489618636
2.878910290153847 2.8806178389658843 2.882325387777922 2.8840329365899597 2.885740485401997 2.8874480342140347 2.889155583026072 2.8908631318381097 2.892570680650147 2.8942782294621847 2.895985778274222 2.897693327086263 2.8994008758983 2.901108424710338 2.902815973522375 2.904523522334413 2.90623107114645 2.907938619958488 2.909646168770525 2.911353717582563 2.9130612663946005 2.9147688152066378 2.9164763640186755 2.9181839128307128 2.919891461642753 2.921599010454791 2.9233065592668286 2.925014108078866 2.9267216568909036 2.928429205702941 2.9310674668256094 2.9347006804624223 2.938333894099235 2.9419671077360476 2.9456003213728605 2.9492335350096734 2.952866748646486 2.956499962283305 2.960133175920118 2.9637663895569304 2.9673996031937433 2.9710328168305558 2.9746660304673687 2.9782992441041816
2.8808351065155 2.882606746442076 2.8843783863686525 2.886150026295229 2.8879216662218052 2.8896933061483816 2.891464946074958 2.8932365860015343 2.8950082259281107 2.896779865854687 2.8985515057812634 2.900323145707843 2.9020947856344192 2.9038664255609956 2.905638065487572 2.9074097054141483 2.9091813453407247 2.910952985267301 2.9127246251938774 2.914496265120454 2.91626790504703 2.9180395449736065 2.919811184900183 2.9215828248267592 2.9233544647533383 2.9251261046799146 2.926897744606491 2.9286693845330674 2.9304410244596437 2.93221266438622 2.934916307795203 2.9386162840101657 2.942316260225129 2.9460162364400917 2.9497162126550545 2.9534161888700177 2.9571161650849804 2.96081614129995 2.9645161175149126 2.9682160937298754 2.9719160699448386 2.9756160461598014 2.9793160223747646 2.9830159985897273
2.8827599228771525 2.884595653918268 2.886431384959383 2.888267116000498 2.8901028470416135 2.8919385780827285 2.893774309123844 2.895610040164959 2.897445771206074 2.8992815022471894 2.9011172332883044 2.902952964329423 2.904788695370538 2.906624426411653 2.9084601574527684 2.9102958884938834 2.912131619534999 2.913967350576114 2.915803081617229 2.9176388126583443 2.9194745436994594 2.921310274740575 2.92314600578169 2.9249817368228053 2.9268174678639234 2.9286531989050384 2.930488929946154 2.932324660987269 2.9341603920283843 2.9359961230694993 2.938765148764796 2.9425318875579096 2.9462986263510227 2.9500653651441358 2.953832103937249 2.957598842730362 2.961365581523475 2.9651323203165947 2.9688990591097077 2.972665797902821 2.976432536695934 2.980199275489047 2.98396601428216 2.987732753075273
2.884684739238807 2.886584561394461 2.8884843835501153 2.8903842057057694 2.892284027861423 2.894183850017077 2.896083672172731 2.8979834943283853 2.8998833164840394 2.9017831386396935 2.9036829607953476 2.905582782951005 2.907482605106659 2.909382427262313 2.911282249417967 2.913182071573621 2.9150818937292753 2.9169817158849294 2.9188815380405835 2.920781360196237 2.9226811823518912 2.9245810045075453 2.9264808266631994 2.9283806488188535 2.9302804709745107 2.932180293130165 2.934080115285819 2.935979937441473 2.937879759597127 2.939779581752781 2.9426139897343924 2.9464474911056557 2.950280992476919 2.9541144938481825 2.957947995219446 2.961781496590709 2.9656149979619726 2.9694484993332426 2.973282000704506 2.9771155020757694 2.9809490034470327 2.984782504818296 2.9886160061895595 2.992449507560823
2.8866095556004594 2.8885734688706526 2.8905373821408453 2.892501295411038 2.8944652086812312 2.896429121951424 2.898393035221617 2.90035694849181 2.9023208617620027 2.904284775032196 2.9062486883023886 2.908212601572585 2.9101765148427776 2.912140428112971 2.9141043413831635 2.9160682546533563 2.9180321679235495 2.919996081193742 2.921959994463935 2.923923907734128 2.925887821004321 2.9278517342745136 2.929815647544707 2.9317795608148995 2.933743474085096 2.9357073873552886 2.9376713006254818 2.9396352138956745 2.9415991271658672 2.9435630404360604 2.9464628307039855 2.950363094653399 2.954263358602813 2.9581636225522265 2.9620638865016398 2.9659641504510534 2.969864414400467 2.9737646783498874 2.9776649422993007 2.9815652062487144 2.985465470198128 2.9893657341475417 2.993265998096955 2.9971662620463686
