Figures/CREST_Example_wjb_NSE/PETs/wjb.pet.20090805.asc
ncols            288
nrows            254
xllcorner        113.274861
yllcorner        31.4918055
cellsize         0.008333333333
NODATA_value     -9999
[rows 100 to 119 of 254, columns 44 to 87 of 288]
0.7170566504924762 0.7151591789850601 0.713261707477644 0.7113642359702278 0.7094667644628115 0.7075692929553954 0.7056718214479792 0.7037743499405631 0.7018768784331437 0.6999794069257275 0.6980819354183113 0.6961844639108952 0.694286992403479 0.6923895208960629 0.6904920493886467 0.6885945778812306 0.6866971063738143 0.6847996348663982 0.682902163358982 0.6810046918515659 0.6791072203441497 0.6772097488367304 0.6753122773293141 0.6734148058218979 0.6715173343144818 0.6696198628070656 0.6677223912996495 0.6658249197922333 0.6645961325953506 0.6640821840427444 0.6635682354901383 0.6630542869375322 0.6625403383849261 0.66202638983232 0.661512441279713 0.6609984927271069 0.6604845441745008 0.6599705956218946 0.6594566470692885 0.6589426985166824 0.6584287499640763 0.6579148014114702 0.6574008528588641 0.656886904306258
0.7256936794463423 0.7237117829681802 0.721729886490018 0.7197479900118559 0.7177660935336937 0.7157841970555315 0.7138023005773694 0.7118204040992072 0.7098385076210416 0.7078566111428795 0.7058747146647173 0.7038928181865551 0.701910921708393 0.6999290252302308 0.6979471287520687 0.6959652322739064 0.6939833357957442 0.6920014393175821 0.6900195428394199 0.6880376463612577 0.6860557498830956 0.68407385340493 0.6820919569267678 0.6801100604486057 0.6781281639704435 0.6761462674922813 0.6741643710141192 0.672182474535957 0.6708653418228449 0.6702588566022595 0.6696523713816741 0.6690458861610887 0.6684394009405034 0.667832915719918 0.6672264304993316 0.6666199452787462 0.6660134600581609 0.6654069748375755 0.6648004896169901 0.6641940043964047 0.6635875191758194 0.662981033955234 0.6623745487346486 0.6617680635140633
0.7343307084002084 0.7322643869513003 0.7301980655023921 0.7281317440534839 0.7260654226045757 0.7239991011556676 0.7219327797067594 0.7198664582578512 0.7178001368089395 0.7157338153600313 0.7136674939111232 0.711601172462215 0.7095348510133068 0.7074685295643987 0.7054022081154905 0.7033358866665824 0.7012695652176741 0.6992032437687661 0.6971369223198579 0.6950706008709497 0.6930042794220416 0.6909379579731298 0.6888716365242217 0.6868053150753135 0.6847389936264053 0.6826726721774972 0.680606350728589 0.6785400292796808 0.6771345510503393 0.6764355291617746 0.67573650727321 0.6750374853846454 0.6743384634960807 0.6736394416075161 0.6729404197189504 0.6722413978303857 0.6715423759418211 0.6708433540532565 0.6701443321646918 0.6694453102761272 0.6687462883875626 0.6680472664989979 0.6673482446104333 0.6666492227218687
0.7429677373540744 0.7408169909344203 0.7386662445147661 0.736515498095112 0.7343647516754578 0.7322140052558036 0.7300632588361494 0.7279125124164952 0.7257617659968374 0.7236110195771832 0.721460273157529 0.719309526737875 0.7171587803182208 0.7150080338985666 0.7128572874789124 0.7107065410592582 0.708555794639604 0.7064050482199499 0.7042543018002957 0.7021035553806415 0.6999528089609873 0.6978020625413295 0.6956513161216754 0.6935005697020212 0.691349823282367 0.6891990768627129 0.6870483304430587 0.6848975840234045 0.6834037602778336 0.6826122017212897 0.6818206431647458 0.6810290846082019 0.680237526051658 0.6794459674951141 0.6786544089385689 0.6778628503820251 0.6770712918254812 0.6762797332689373 0.6754881747123934 0.6746966161558495 0.6739050575993056 0.6731134990427617 0.6723219404862179 0.6715303819296741
0.7516047663079406 0.7493695949175404 0.7471344235271402 0.74489925213674 0.7426640807463398 0.7404289093559397 0.7381937379655396 0.7359585665751394 0.7337233951847354 0.7314882237943352 0.729253052403935 0.7270178810135348 0.7247827096231346 0.7225475382327344 0.7203123668423344 0.7180771954519342 0.715842024061534 0.7136068526711338 0.7113716812807336 0.7091365098903334 0.7069013384999333 0.7046661671095292 0.702430995719129 0.700195824328729 0.6979606529383288 0.6957254815479286 0.6934903101575284 0.6912551387671282 0.6896729695053279 0.6887888742808047 0.6879047790562816 0.6870206838317584 0.6861365886072354 0.6852524933827122 0.6843683981581875 0.6834843029336645 0.6826002077091413 0.6817161124846182 0.680832017260095 0.679947922035572 0.6790638268110488 0.6781797315865257 0.6772956363620025 0.6764115411374794
0.760241795261814 0.7579221989006677 0.7556026025395215 0.7532830061783753 0.750963409817229 0.7486438134560828 0.7463242170949365 0.7440046207337903 0.7416850243726401 0.7393654280114939 0.7370458316503475 0.7347262352892013 0.732406638928055 0.7300870425669088 0.7277674462057626 0.7254478498446163 0.7231282534834701 0.7208086571223238 0.7184890607611776 0.7161694644000314 0.7138498680388851 0.7115302716777349 0.7092106753165887 0.7068910789554423 0.7045714825942961 0.7022518862331499 0.6999322898720036 0.6976126935108574 0.6959421787328275 0.6949655468403251 0.6939889149478226 0.6930122830553201 0.6920356511628176 0.6910590192703152 0.690082387377811 0.6891057554853086 0.6881291235928062 0.6871524917003037 0.6861758598078013 0.6851992279152987 0.6842225960227963 0.6832459641302938 0.6822693322377914 0.6812927003452889
0.7688788242156801 0.7664748028837879 0.7640707815518957 0.7616667602200033 0.7592627388881111 0.7568587175562189 0.7544546962243266 0.7520506748924344 0.7496466535605381 0.7472426322286457 0.7448386108967535 0.7424345895648613 0.7400305682329691 0.7376265469010768 0.7352225255691845 0.7328185042372923 0.7304144829054 0.7280104615735078 0.7256064402416156 0.7232024189097233 0.720798397577831 0.7183943762459347 0.7159903549140425 0.7135863335821502 0.711182312250258 0.7087782909183657 0.7063742695864734 0.7039702482545812 0.7022113879603219 0.7011422193998402 0.7000730508393584 0.6990038822788768 0.6979347137183951 0.6968655451579133 0.6957963765974298 0.6947272080369481 0.6936580394764663 0.6925888709159846 0.691519702355503 0.6904505337950212 0.6893813652345395 0.6883121966740577 0.6872430281135761 0.6861738595530943
0.7775158531695462 0.7750274068669079 0.7725389605642696 0.7700505142616314 0.7675620679589932 0.765073621656355 0.7625851753537166 0.7600967290510784 0.757608282748436 0.7551198364457976 0.7526313901431594 0.7501429438405212 0.7476544975378829 0.7451660512352447 0.7426776049326064 0.7401891586299681 0.7377007123273299 0.7352122660246917 0.7327238197220534 0.7302353734194151 0.7277469271167769 0.7252584808141344 0.7227700345114961 0.7202815882088579 0.7177931419062197 0.7153046956035813 0.7128162493009431 0.7103278029983049 0.7084805971878162 0.7073188919593553 0.7061571867308942 0.7049954815024333 0.7038337762739724 0.7026720710455113 0.7015103658170484 0.7003486605885875 0.6991869553601264 0.6980252501316655 0.6968635449032046 0.6957018396747435 0.6945401344462826 0.6933784292178216 0.6922167239893606 0.6910550187608997
0.7861528821234123 0.783580010850028 0.7810071395766438 0.7784342683032596 0.7758613970298752 0.773288525756491 0.7707156544831067 0.7681427832097225 0.7655699119363338 0.7629970406629496 0.7604241693895654 0.7578512981161811 0.7552784268427968 0.7527055555694125 0.7501326842960283 0.7475598130226441 0.7449869417492598 0.7424140704758756 0.7398411992024913 0.737268327929107 0.7346954566557228 0.7321225853823341 0.7295497141089499 0.7269768428355656 0.7244039715621814 0.7218311002887972 0.7192582290154128 0.7166853577420286 0.7147498064153105 0.7134955645188703 0.71224132262243 0.7109870807259898 0.7097328388295496 0.7084785969331094 0.707224355036667 0.7059701131402268 0.7047158712437865 0.7034616293473464 0.7022073874509062 0.700953145554466 0.6996989036580257 0.6984446617615855 0.6971904198651453 0.695936177968705
0.7947899110772784 0.7921326148331481 0.7894753185890179 0.7868180223448875 0.7841607261007573 0.781503429856627 0.7788461336124968 0.7761888373683665 0.7735315411242317 0.7708742448801015 0.7682169486359712 0.765559652391841 0.7629023561477107 0.7602450599035805 0.7575877636594502 0.75493046741532 0.7522731711711897 0.7496158749270595 0.7469585786829293 0.744301282438799 0.7416439861946688 0.738986689950534 0.7363293937064037 0.7336720974622735 0.7310148012181432 0.728357504974013 0.7257002087298826 0.7230429124857524 0.7210190156428049 0.7196722370783855 0.7183254585139659 0.7169786799495464 0.715631901385127 0.7142851228207076 0.7129383442562858 0.7115915656918662 0.7102447871274468 0.7088980085630273 0.7075512299986078 0.7062044514341883 0.7048576728697689 0.7035108943053494 0.7021641157409299 0.7008173371765104
0.8034269400311443 0.8006852188162681 0.7979434976013918 0.7952017763865156 0.7924600551716393 0.789718333956763 0.7869766127418868 0.7842348915270105 0.7814931703121296 0.7787514490972534 0.7760097278823771 0.7732680066675008 0.7705262854526246 0.7677845642377483 0.7650428430228721 0.7623011218079958 0.7595594005931195 0.7568176793782433 0.754075958163367 0.7513342369484908 0.7485925157336145 0.7458507945187336 0.7431090733038573 0.7403673520889811 0.7376256308741049 0.7348839096592286 0.7321421884443524 0.729400467229476 0.7272882248702992 0.7258489096379005 0.7244095944055017 0.722970279173103 0.7215309639407043 0.7200916487083056 0.7186523334759044 0.7172130182435056 0.7157737030111069 0.7143343877787082 0.7128950725463095 0.7114557573139108 0.7100164420815119 0.7085771268491132 0.7071378116167145 0.7056984963843158
0.8120639689850179 0.8092378227993955 0.8064116766137732 0.8035855304281508 0.8007593842425286 0.7979332380569062 0.7951070918712839 0.7922809456856615 0.7894547995000344 0.786628653314412 0.7838025071287897 0.7809763609431674 0.7781502147575451 0.7753240685719227 0.7724979223863004 0.7696717762006781 0.7668456300150558 0.7640194838294334 0.761193337643811 0.7583671914581888 0.7555410452725664 0.7527148990869392 0.749888752901317 0.7470626067156946 0.7442364605300723 0.7414103143444499 0.7385841681588277 0.7357580219732053 0.7335574340977988 0.7320255821974208 0.7304937302970428 0.7289618783966647 0.7274300264962866 0.7258981745959086 0.7243663226955279 0.7228344707951498 0.7213026188947718 0.7197707669943937 0.7182389150940156 0.7167070631936375 0.7151752112932594 0.7136433593928814 0.7121115074925034 0.7105796555921253
0.8207009979388838 0.8177904267825156 0.8148798556261472 0.8119692844697789 0.8090587133134106 0.8061481421570422 0.8032375710006739 0.8003269998443056 0.7974164286879323 0.7945058575315639 0.7915952863751956 0.7886847152188272 0.7857741440624589 0.7828635729060907 0.7799530017497223 0.777042430593354 0.7741318594369856 0.7712212882806173 0.7683107171242489 0.7654001459678806 0.7624895748115122 0.759579003655139 0.7566684324987707 0.7537578613424023 0.750847290186034 0.7479367190296656 0.7450261478732974 0.742115576716929 0.7398266433252931 0.7382022547569358 0.7365778661885786 0.7349534776202212 0.7333290890518639 0.7317047004835066 0.7300803119151466 0.7284559233467892 0.7268315347784319 0.7252071462100745 0.7235827576417172 0.72195836907336 0.7203339805050026 0.7187095919366453 0.717085203368288 0.7154608147999306
0.82933802689275 0.8263430307656358 0.8233480346385214 0.8203530385114071 0.8173580423842927 0.8143630462571784 0.8113680501300641 0.8083730540029497 0.8053780578758303 0.8023830617487159 0.7993880656216016 0.7963930694944873 0.7933980733673729 0.7904030772402586 0.7874080811131442 0.7844130849860299 0.7814180888589156 0.7784230927318012 0.7754280966046869 0.7724331004775726 0.7694381043504582 0.7664431082233388 0.7634481120962244 0.7604531159691101 0.7574581198419958 0.7544631237148814 0.7514681275877672 0.7484731314606528 0.7460958525527875 0.744378927316451 0.7426620020801145 0.7409450768437779 0.7392281516074413 0.7375112263711047 0.7357943011347652 0.7340773758984286 0.7323604506620921 0.7306435254257555 0.7289266001894189 0.7272096749530823 0.7254927497167457 0.7237758244804092 0.7220588992440726 0.720341974007736
0.837975055846616 0.8348956347487557 0.8318162136508954 0.828736792553035 0.8256573714551747 0.8225779503573144 0.8194985292594541 0.8164191081615937 0.8133396870637282 0.8102602659658678 0.8071808448680075 0.8041014237701472 0.8010220026722867 0.7979425815744264 0.7948631604765661 0.7917837393787057 0.7887043182808454 0.7856248971829851 0.7825454760851247 0.7794660549872644 0.7763866338894041 0.7733072127915385 0.7702277916936782 0.7671483705958179 0.7640689494979575 0.7609895284000971 0.7579101073022368 0.7548306862043765 0.7523650617802818 0.750555599875966 0.7487461379716502 0.7469366760673344 0.7451272141630185 0.7433177522587027 0.7415082903543838 0.739698828450068 0.7378893665457521 0.7360799046414364 0.7342704427371205 0.7324609808328046 0.7306515189284888 0.728842057024173 0.7270325951198572 0.7252231332155413
0.8466120848004821 0.8434482387318758 0.8402843926632695 0.8371205465946631 0.8339567005260567 0.8307928544574504 0.8276290083888441 0.8244651623202378 0.8213013162516261 0.8181374701830197 0.8149736241144133 0.811809778045807 0.8086459319772007 0.8054820859085944 0.8023182398399881 0.7991543937713816 0.7959905477027753 0.792826701634169 0.7896628555655627 0.7864990094969564 0.7833351634283501 0.7801713173597383 0.7770074712911319 0.7738436252225256 0.7706797791539193 0.767515933085313 0.7643520870167066 0.7611882409481003 0.7586342710077763 0.7567322724354811 0.7548302738631861 0.752928275290891 0.7510262767185959 0.7491242781463009 0.7472222795740026 0.7453202810017074 0.7434182824294123 0.7415162838571173 0.7396142852848222 0.7377122867125271 0.7358102881402321 0.733908289567937 0.7320062909956419 0.7301042924233467
0.8552491137543482 0.8520008427149959 0.8487525716756436 0.8455043006362912 0.8422560295969389 0.8390077585575866 0.8357594875182341 0.8325112164788818 0.829262945439524 0.8260146744001716 0.8227664033608193 0.819518132321467 0.8162698612821147 0.8130215902427623 0.80977331920341 0.8065250481640576 0.8032767771247052 0.8000285060853529 0.7967802350460006 0.7935319640066483 0.790283692967296 0.7870354219279381 0.7837871508885856 0.7805388798492333 0.777290608809881 0.7740423377705287 0.7707940667311763 0.767545795691824 0.7649034802352705 0.7629089449949962 0.7609144097547219 0.7589198745144475 0.7569253392741732 0.7549308040338989 0.7529362687936211 0.7509417335533468 0.7489471983130724 0.7469526630727981 0.7449581278325238 0.7429635925922494 0.7409690573519752 0.7389745221117008 0.7369799868714264 0.7349854516311521
0.8638861427082143 0.860553446698116 0.8572207506880176 0.8538880546779193 0.850555358667821 0.8472226626577226 0.8438899666476242 0.8405572706375258 0.8372245746274218 0.8338918786173235 0.8305591826072252 0.8272264865971268 0.8238937905870285 0.8205610945769302 0.8172283985668318 0.8138957025567335 0.8105630065466352 0.8072303105365368 0.8038976145264385 0.8005649185163402 0.7972322225062418 0.7938995264961377 0.7905668304860394 0.787234134475941 0.7839014384658427 0.7805687424557444 0.777236046445646 0.7739033504355477 0.7711726894627648 0.7690856175545112 0.7669985456462577 0.764911473738004 0.7628244018297505 0.7607373299214969 0.7586502580132397 0.7565631861049862 0.7544761141967326 0.752389042288479 0.7503019703802254 0.7482148984719719 0.7461278265637182 0.7440407546554647 0.7419536827472111 0.7398666108389574
0.8704506294571513 0.8670848582944289 0.8637190871317065 0.8603533159689842 0.8569875448062618 0.8536217736435395 0.8502560024808171 0.8468902313180947 0.8435244601553666 0.8401586889926442 0.8367929178299219 0.8334271466671995 0.8300613755044771 0.8266956043417548 0.8233298331790324 0.81996406201631 0.8165982908535877 0.8132325196908653 0.809866748528143 0.8065009773654206 0.8031352062026982 0.7997694350399701 0.7964036638772477 0.7930378927145254 0.789672121551803 0.7863063503890806 0.7829405792263583 0.7795748080636359 0.7768264387654286 0.7747380860174101 0.7726497332693918 0.7705613805213734 0.768473027773355 0.7663846750253366 0.7642963222773146 0.7622079695292963 0.7601196167812778 0.7580312640332595 0.755942911285241 0.7538545585372227 0.7517662057892043 0.7496778530411858 0.7475895002931675 0.7455011475451491
0.8747996992484984 0.8714557426514726 0.8681117860544468 0.864767829457421 0.8614238728603952 0.8580799162633694 0.8547359596663435 0.8513920030693177 0.8480480464722863 0.8447040898752605 0.8413601332782347 0.8380161766812089 0.8346722200841831 0.8313282634871573 0.8279843068901315 0.8246403502931057 0.8212963936960799 0.8179524370990541 0.8146084805020282 0.8112645239050024 0.8079205673079766 0.8045766107109451 0.8012326541139193 0.7978886975168935 0.7945447409198677 0.7912007843228419 0.7878568277258161 0.7845128711287903 0.7818223002089413 0.7798302133484688 0.7778381264879963 0.7758460396275239 0.7738539527670514 0.7718618659065788 0.769869779046103 0.7678776921856305 0.765885605325158 0.7638935184646856 0.7619014316042131 0.7599093447437406 0.7579172578832681 0.7559251710227957 0.7539330841623232 0.7519409973018507
