Figures/CREST_Example_wjb_NSE/PETs/wjb.pet.20091117.asc
ncols            288
nrows            254
xllcorner        113.274861
yllcorner        31.4918055
cellsize         0.008333333333
NODATA_value     -9999
[rows 57 to 75 of 254, columns 0 to 43 of 288]
-9999.0 -9999.0 -9999.0 -9999.0 -9999.0 -9999.0 -9999.0 -9999.0 -9999.0 -9999.0 -9999.0 -9999.0 -9999.0 -9999.0 -9999.0 -9999.0 -9999.0 0.7201278338831743 0.7197779104952934 0.7194279871074126 0.7190780637195318 0.7187281403316509 0.7183782169437701 0.7180282935558893 0.7176783701680084 0.7173284467801276 0.7169785233922462 0.7166286000043653 0.7162786766164845 0.7159287532286037 0.7155788298407229 0.715228906452842 0.7148789830649612 0.7145290596770804 0.7141791362891995 0.7138292129013187 0.7134792895134379 0.7131293661255571 0.7127794427376762 0.7124295193497948 0.712079595961914 0.7117296725740332 0.7108851302540425 0.7095118291167841
-9999.0 -9999.0 -9999.0 -9999.0 -9999.0 -9999.0 -9999.0 -9999.0 -9999.0 -9999.0 -9999.0 -9999.0 -9999.0 -9999.0 -9999.0 0.7214678582140662 0.721139809976113 0.7208117617381599 0.7204837135002066 0.7201556652622534 0.7198276170243002 0.7194995687863469 0.7191715205483937 0.7188434723104405 0.7185154240724874 0.7181873758345341 0.7178593275965803 0.7175312793586271 0.7172032311206739 0.7168751828827207 0.7165471346447675 0.7162190864068143 0.715891038168861 0.7155629899309078 0.7152349416929547 0.7149068934550014 0.7145788452170482 0.714250796979095 0.7139227487411418 0.713594700503188 0.7132666522652348 0.7129386040272816 0.7121008714766494 0.7107182748764296
-9999.0 -9999.0 -9999.0 -9999.0 -9999.0 -9999.0 -9999.0 -9999.0 -9999.0 -9999.0 -9999.0 -9999.0 -9999.0 -9999.0 0.7223138950748066 0.7220119275685748 0.7217099600623431 0.7214079925561114 0.7211060250498796 0.720804057543648 0.7205020900374162 0.7202001225311845 0.7198981550249528 0.719596187518721 0.7192942200124893 0.7189922525062576 0.7186902850000254 0.7183883174937936 0.7180863499875619 0.7177843824813301 0.7174824149750985 0.7171804474688668 0.716878479962635 0.7165765124564033 0.7162745449501715 0.7159725774439398 0.7156706099377081 0.7153686424314764 0.7150666749252447 0.7147647074190124 0.7144627399127808 0.714160772406549 0.7133344942311164 0.7119477161004051
-9999.0 -9999.0 -9999.0 -9999.0 -9999.0 -9999.0 -9999.0 -9999.0 -9999.0 -9999.0 -9999.0 0.723527618079394 0.7233836572466141 0.7231077704721034 0.7228318836975931 0.7225559969230829 0.7222801101485726 0.7220042233740623 0.7217283365995522 0.7214524498250419 0.7211765630505316 0.7209006762760214 0.7206247895015111 0.7203489027270008 0.7200730159524906 0.7197971291779803 0.7195212424034696 0.7192453556289593 0.7189694688544491 0.7186935820799388 0.7184176953054285 0.7181418085309184 0.7178659217564081 0.7175900349818978 0.7173141482073876 0.7170382614328773 0.716762374658367 0.7164864878838568 0.7162106011093465 0.7159347143348358 0.7156588275603255 0.7153829407858153 0.7145681169855822 0.7131771573243794
-9999.0 -9999.0 -9999.0 -9999.0 -9999.0 -9999.0 -9999.0 -9999.0 -9999.0 0.7239924174188772 0.7239835975623858 0.7239747777058945 0.7238494844059578 0.7235996783631685 0.7233498723203797 0.7231000662775909 0.7228502602348021 0.7226004541920134 0.7223506481492247 0.7221008421064359 0.7218510360636471 0.7216012300208583 0.7213514239780695 0.7211016179352807 0.7208518118924919 0.7206020058497031 0.7203521998069139 0.7201023937641251 0.7198525877213363 0.7196027816785475 0.7193529756357587 0.71910316959297 0.7188533635501813 0.7186035575073925 0.7183537514646037 0.7181039454218149 0.7178541393790261 0.7176043333362373 0.7173545272934485 0.7171047212506593 0.7168549152078705 0.7166051091650817 0.7158017397400481 0.7144065985483539
-9999.0 -9999.0 -9999.0 -9999.0 -9999.0 -9999.0 -9999.0 -9999.0 -9999.0 0.7244161110951008 0.7244190242137478 0.7244219373323948 0.7243153115653014 0.7240915862542336 0.7238678609431664 0.7236441356320991 0.7234204103210318 0.7231966850099644 0.7229729596988971 0.7227492343878298 0.7225255090767625 0.7223017837656951 0.7220780584546278 0.7218543331435605 0.7216306078324932 0.7214068825214258 0.7211831572103582 0.7209594318992909 0.7207357065882235 0.7205119812771562 0.7202882559660889 0.7200645306550216 0.7198408053439542 0.7196170800328869 0.7193933547218196 0.7191696294107524 0.7189459040996851 0.7187221787886177 0.7184984534775504 0.7182747281664826 0.7180510028554153 0.717827277544348 0.717035362494514 0.7156360397723281
-9999.0 -9999.0 -9999.0 -9999.0 -9999.0 -9999.0 -9999.0 -9999.0 -9999.0 0.7248398047713245 0.7248544508651098 0.7248690969588952 0.724781138724645 0.7245834941452988 0.724385849565953 0.7241882049866071 0.7239905604072613 0.7237929158279154 0.7235952712485696 0.7233976266692237 0.7231999820898779 0.723002337510532 0.7228046929311862 0.7226070483518403 0.7224094037724945 0.7222117591931486 0.7220141146138025 0.7218164700344566 0.7216188254551108 0.7214211808757649 0.7212235362964191 0.7210258917170732 0.7208282471377274 0.7206306025583815 0.7204329579790357 0.7202353133996899 0.720037668820344 0.7198400242409982 0.7196423796616523 0.7194447350823061 0.7192470905029603 0.7190494459236145 0.71826898524898 0.7168654809963027
-9999.0 -9999.0 -9999.0 -9999.0 -9999.0 -9999.0 -9999.0 -9999.0 0.7252371193786243 0.7252634984475481 0.7252898775164719 0.7253162565853957 0.7252469658839886 0.7250754020363639 0.7249038381887396 0.7247322743411152 0.7245607104934908 0.7243891466458664 0.724217582798242 0.7240460189506177 0.7238744551029933 0.7237028912553689 0.7235313274077445 0.7233597635601202 0.7231881997124958 0.7230166358648714 0.7228450720172468 0.7226735081696224 0.722501944321998 0.7223303804743736 0.7221588166267492 0.7219872527791249 0.7218156889315005 0.7216441250838761 0.7214725612362517 0.7213009973886273 0.721129433541003 0.7209578696933786 0.7207863058457542 0.7206147419981296 0.7204431781505052 0.7202716143028808 0.7195026080034458 0.7180949222202769
-9999.0 -9999.0 -9999.0 -9999.0 -9999.0 -9999.0 -9999.0 -9999.0 0.7256490800797096 0.7256871921237718 0.7257253041678339 0.725763416211896 0.7257127930433322 0.725567309927429 0.7254218268115261 0.7252763436956232 0.7251308605797203 0.7249853774638174 0.7248398943479145 0.7246944112320116 0.7245489281161087 0.7244034450002058 0.7242579618843029 0.7241124787684 0.7239669956524971 0.7238215125365942 0.7236760294206911 0.7235305463047882 0.7233850631888853 0.7232395800729823 0.7230940969570794 0.7229486138411765 0.7228031307252736 0.7226576476093707 0.7225121644934678 0.7223666813775649 0.722221198261662 0.7220757151457591 0.7219302320298562 0.7217847489139531 0.7216392657980502 0.7214937826821473 0.7207362307579118 0.7193243634442514
-9999.0 -9999.0 -9999.0 -9999.0 -9999.0 -9999.0 -9999.0 -9999.0 0.7260610407807953 0.7261108857999958 0.7261607308191963 0.7262105758383969 0.7261786202026763 0.7260592178184947 0.7259398154343133 0.7258204130501318 0.7257010106659504 0.725581608281769 0.7254622058975876 0.7253428035134062 0.7252234011292248 0.7251039987450434 0.724984596360862 0.7248651939766805 0.7247457915924991 0.7246263892083177 0.7245069868241361 0.7243875844399547 0.7242681820557733 0.7241487796715919 0.7240293772874105 0.723909974903229 0.7237905725190475 0.7236711701348661 0.7235517677506847 0.7234323653665033 0.723312962982322 0.7231935605981406 0.723074158213959 0.7229547558297774 0.722835353445596 0.7227159510614146 0.7219698535123787 0.7205538046682268
-9999.0 -9999.0 -9999.0 -9999.0 -9999.0 -9999.0 -9999.0 -9999.0 0.7264730014818805 0.7265345794762195 0.7265961574705584 0.7266577354648973 0.7266444473620199 0.7265511257095598 0.7264578040570998 0.7263644824046399 0.72627116075218 0.72617783909972 0.7260845174472601 0.7259911957948001 0.7258978741423402 0.7258045524898802 0.7257112308374203 0.7256179091849603 0.7255245875325004 0.7254312658800405 0.7253379442275804 0.7252446225751203 0.7251513009226604 0.7250579792702004 0.7249646576177405 0.7248713359652806 0.7247780143128206 0.7246846926603607 0.7245913710079007 0.7244980493554408 0.7244047277029808 0.7243114060505209 0.724218084398061 0.7241247627456009 0.7240314410931409 0.723938119440681 0.7232034762668446 0.7217832458922012
-9999.0 -9999.0 -9999.0 -9999.0 -9999.0 -9999.0 -9999.0 0.7268116512134885 0.7268849621829657 0.7269582731524431 0.7270315841219204 0.7271048950913976 0.7271102745213636 0.7270430336006249 0.7269757926798864 0.726908551759148 0.7268413108384095 0.726774069917671 0.7267068289969325 0.7266395880761941 0.7265723471554556 0.7265051062347171 0.7264378653139787 0.7263706243932402 0.7263033834725017 0.7262361425517633 0.7261689016310247 0.7261016607102861 0.7260344197895476 0.7259671788688092 0.7258999379480707 0.7258326970273322 0.7257654561065938 0.7256982151858553 0.7256309742651168 0.7255637333443784 0.7254964924236399 0.7254292515029014 0.725362010582163 0.7252947696614244 0.7252275287406859 0.7251602878199473 0.7244370990213106 0.7230126871161756
-9999.0 -9999.0 -9999.0 -9999.0 -9999.0 -9999.0 -9999.0 0.7272118789394354 0.727296922884051 0.7273819668286667 0.7274670107732824 0.7275520547178981 0.7275761016807072 0.7275349414916901 0.7274937813026731 0.727452621113656 0.727411460924639 0.727370300735622 0.727329140546605 0.727287980357588 0.727246820168571 0.727205659979554 0.727164499790537 0.72712333960152 0.727082179412503 0.727041019223486 0.7269998590344688 0.7269586988454518 0.7269175386564348 0.7268763784674178 0.7268352182784008 0.7267940580893839 0.7267528979003669 0.7267117377113499 0.7266705775223329 0.7266294173333159 0.7265882571442989 0.7265470969552819 0.7265059367662648 0.7264647765772477 0.7264236163882307 0.7263824561992137 0.7256707217757764 0.72424212834015
-9999.0 -9999.0 -9999.0 -9999.0 -9999.0 -9999.0 -9999.0 0.7276121066653822 0.7277088835851363 0.7278056605048904 0.7279024374246444 0.7279992143443985 0.7280419288400507 0.7280268493827552 0.7280117699254597 0.7279966904681642 0.7279816110108686 0.727966531553573 0.7279514520962775 0.727936372638982 0.7279212931816864 0.7279062137243909 0.7278911342670954 0.7278760548097999 0.7278609753525043 0.7278458958952088 0.7278308164379133 0.7278157369806176 0.7278006575233221 0.7277855780660266 0.7277704986087311 0.7277554191514355 0.72774033969414 0.7277252602368445 0.727710180779549 0.7276951013222533 0.7276800218649578 0.7276649424076623 0.7276498629503668 0.7276347834930712 0.7276197040357757 0.7276046245784802 0.7269043445302423 0.7254715695641244
-9999.0 -9999.0 -9999.0 -9999.0 -9999.0 -9999.0 0.7279038244964366 0.7280123343913292 0.7281208442862216 0.728229354181114 0.7283378640760064 0.7284463739708988 0.7285077559993943 0.7285187572738203 0.7285297585482463 0.7285407598226722 0.7285517610970981 0.7285627623715241 0.72857376364595 0.7285847649203759 0.7285957661948018 0.7286067674692278 0.7286177687436537 0.7286287700180797 0.7286397712925056 0.7286507725669316 0.7286617738413574 0.7286727751157834 0.7286837763902093 0.7286947776646353 0.7287057789390612 0.7287167802134871 0.7287277814879131 0.7287387827623389 0.7287497840367649 0.7287607853111908 0.7287717865856168 0.7287827878600427 0.7287937891344687 0.7288047904088946 0.7288157916833206 0.7288267929577464 0.7281379672847083 0.7267010107880988
-9999.0 -9999.0 -9999.0 -9999.0 -9999.0 -9999.0 -9999.0 0.7284125621172765 0.7285328049873072 0.7286530478573381 0.7287732907273688 0.7288935335973997 0.7289735831587384 0.7290106651648859 0.7290477471710334 0.7290848291771808 0.7291219111833281 0.7291589931894756 0.729196075195623 0.7292331572017705 0.7292702392079179 0.7293073212140653 0.7293444032202128 0.7293814852263601 0.7294185672325075 0.729455649238655 0.7294927312448025 0.7295298132509499 0.7295668952570973 0.7296039772632448 0.7296410592693922 0.7296781412755395 0.729715223281687 0.7297523052878344 0.7297893872939819 0.7298264693001293 0.7298635513062767 0.7299006333124242 0.7299377153185715 0.729974797324719 0.7300118793308664 0.7300489613370139 0.7293715900391752 0.7279304520120742
-9999.0 -9999.0 -9999.0 -9999.0 -9999.0 -9999.0 -9999.0 -9999.0 0.7289447656883925 0.7290767415335617 0.7292087173787309 0.7293406932239002 0.729439410318082 0.729502573055951 0.72956573579382 0.7296288985316889 0.7296920612695578 0.7297552240074267 0.7298183867452955 0.7298815494831644 0.7299447122210333 0.7300078749589022 0.7300710376967711 0.73013420043464 0.7301973631725089 0.7302605259103778 0.7303236886482468 0.7303868513861157 0.7304500141239846 0.7305131768618535 0.7305763395997223 0.7306395023375912 0.7307026650754601 0.730765827813329 0.730828990551198 0.7308921532890669 0.7309553160269358 0.7310184787648046 0.7310816415026735 0.7311448042405425 0.7312079669784114 0.7312711297162803 0.7306052127936411 0.7291598932360487
-9999.0 -9999.0 -9999.0 -9999.0 -9999.0 -9999.0 -9999.0 -9999.0 -9999.0 0.7295004352097854 0.7296441440300929 0.7297878528504005 0.7299052374774256 0.7299944809470162 0.7300837244166065 0.7301729678861969 0.7302622113557873 0.7303514548253777 0.730440698294968 0.7305299417645583 0.7306191852341487 0.7307084287037391 0.7307976721733295 0.7308869156429199 0.7309761591125101 0.7310654025821005 0.731154646051691 0.7312438895212814 0.7313331329908718 0.7314223764604622 0.7315116199300525 0.7316008633996428 0.7316901068692332 0.7317793503388236 0.731868593808414 0.7319578372780043 0.7320470807475946 0.732136324217185 0.7322255676867754 0.7323148111563659 0.7324040546259563 0.7324932980955466 0.731838835548107 0.730389334460023
-9999.0 -9999.0 -9999.0 -9999.0 -9999.0 -9999.0 -9999.0 -9999.0 -9999.0 -9999.0 0.7300795706814549 0.7302350124769009 0.7303710646367693 0.7304863888380814 0.7306017130393931 0.730717037240705 0.7308323614420168 0.7309476856433287 0.7310630098446405 0.7311783340459523 0.7312936582472641 0.731408982448576 0.7315243066498879 0.7316396308511997 0.7317549550525115 0.7318702792538233 0.7319856034551353 0.7321009276564472 0.7322162518577591 0.7323315760590708 0.7324469002603827 0.7325622244616945 0.7326775486630064 0.7327928728643182 0.73290819706563 0.7330235212669418 0.7331388454682537 0.7332541696695655 0.7333694938708774 0.7334848180721893 0.7336001422735012 0.733715466474813 0.733072458302573 0.7316187756839975
