Figures/CREST_Example_wjb_NSE/PETs/wjb.pet.20090427.asc
ncols            288
nrows            254
xllcorner        113.274861
yllcorner        31.4918055
cellsize         0.008333333333
NODATA_value     -9999
[rows 120 to 139 of 254, columns 176 to 219 of 288]
3.182479968303004 3.182810777025668 3.1831415857483325 3.183472394470997 3.183803203193661 3.1841340119163255 3.1844648206389903 3.1847956293616546 3.185126438084319 3.1854572468069833 3.1857880555296476 3.186118864252312 3.1864496729749763 3.18678048169764 3.1871112904203045 3.187442099142969 3.187577635680818 3.1875044218347512 3.187431207988685 3.187357994142619 3.1872847802965523 3.187211566450486 3.18713835260442 3.1870651387583537 3.186991924912287 3.186918711066221 3.1868454972201548 3.1867722833740886 3.186699069528022 3.1866258556819558 3.1865526418358896 3.1864794279898234 3.186406214143757 3.1863330002976906 3.186259786451624 3.186186572605558 3.1861133587594916 3.1860401449134255 3.185966931067359 3.1858937172212927 3.1858205033752265 3.1857472895291603 3.1856740756830937 3.1856008618370275
3.1770431755478303 3.177361373540758 3.1776795715336865 3.1779977695266144 3.1783159675195427 3.1786341655124706 3.1789523635053993 3.179270561498327 3.1795887594912555 3.1799069574841834 3.1802251554771117 3.1805433534700396 3.180861551462968 3.1811797494558958 3.1814979474488236 3.181816145441752 3.18192825854496 3.1818200622380557 3.1817118659311516 3.181603669624247 3.1814954733173426 3.1813872770104386 3.181279080703534 3.18117088439663 3.1810626880897255 3.1809544917828214 3.180846295475917 3.180738099169013 3.1806299028621083 3.1805217065552043 3.1804135102482998 3.1803053139413957 3.180197117634491 3.1800889213275867 3.1799807250206826 3.179872528713778 3.179764332406874 3.1796561360999696 3.1795479397930655 3.179439743486161 3.179331547179257 3.1792233508723524 3.179115154565448 3.179006958258544
3.171606382792657 3.1719119700558487 3.1722175573190405 3.1725231445822324 3.1728287318454242 3.173134319108616 3.1734399063718084 3.1737454936350002 3.174051080898192 3.174356668161384 3.174662255424576 3.1749678426877677 3.1752734299509595 3.1755790172141514 3.175884604477343 3.176190191740535 3.1762788814091025 3.17613570264136 3.175992523873618 3.1758493451058754 3.1757061663381334 3.175562987570391 3.1754198088026486 3.1752766300349062 3.175133451267164 3.174990272499422 3.1748470937316795 3.174703914963937 3.1745607361961947 3.1744175574284523 3.1742743786607104 3.174131199892968 3.173988021125225 3.173844842357483 3.173701663589741 3.1735584848219984 3.173415306054256 3.1732721272865136 3.1731289485187717 3.1729857697510293 3.172842590983287 3.1726994122155445 3.1725562334478026 3.17241305468006
3.1661695900374833 3.1664625665709387 3.1667555431043946 3.1670485196378504 3.167341496171306 3.1676344727047616 3.1679274492382175 3.1682204257716733 3.1685134023051287 3.1688063788385845 3.1690993553720403 3.1693923319054957 3.1696853084389516 3.169978284972407 3.170271261505863 3.170564238039318 3.1706295042732457 3.1704513430446655 3.1702731818160848 3.1700950205875045 3.169916859358924 3.169738698130344 3.1695605369017636 3.169382375673183 3.1692042144446027 3.1690260532160224 3.168847891987442 3.168669730758862 3.1684915695302815 3.1683134083017013 3.168135247073121 3.1679570858445407 3.16777892461596 3.1676007633873797 3.1674226021587994 3.167244440930219 3.167066279701639 3.1668881184730586 3.1667099572444783 3.166531796015898 3.166353634787318 3.1661754735587375 3.1659973123301572 3.1658191511015765
3.160732797282305 3.1610131630860243 3.1612935288897437 3.161573894693463 3.1618542604971824 3.162134626300902 3.1624149921046216 3.1626953579083414 3.162975723712061 3.16325608951578 3.1635364553194996 3.163816821123219 3.1640971869269383 3.1643775527306577 3.164657918534377 3.1649382843380964 3.164980127137383 3.164766983447965 3.1645538397585464 3.164340696069128 3.1641275523797097 3.163914408690291 3.163701265000873 3.1634881213114547 3.163274977622036 3.163061833932618 3.1628486902431994 3.162635546553781 3.162422402864363 3.1622092591749444 3.1619961154855263 3.161782971796108 3.161569828106689 3.161356684417271 3.1611435407278528 3.160930397038434 3.160717253349016 3.160504109659598 3.1602909659701792 3.160077822280761 3.1598646785913425 3.1596515349019243 3.159438391212506 3.1592252475230875
3.1552960045271314 3.1555637596011143 3.1558315146750977 3.1560992697490806 3.156367024823064 3.1566347798970473 3.1569025349710307 3.157170290045014 3.1574380451189974 3.1577058001929803 3.1579735552669637 3.1582413103409466 3.15850906541493 3.1587768204889133 3.159044575562896 3.1593123306368796 3.1593307500015255 3.1590826238512695 3.158834497701013 3.158586371550756 3.1583382454005 3.1580901192502435 3.1578419930999875 3.157593866949731 3.1573457407994745 3.1570976146492185 3.156849488498962 3.1566013623487055 3.1563532361984494 3.156105110048193 3.1558569838979365 3.1556088577476804 3.1553607315974235 3.155112605447167 3.154864479296911 3.1546163531466545 3.1543682269963984 3.154120100846142 3.1538719746958854 3.1536238485456294 3.153375722395373 3.1531275962451164 3.1528794700948604 3.152631343944604
3.149859211771958 3.150114356116205 3.150369500460452 3.150624644804699 3.150879789148946 3.151134933493193 3.15139007783744 3.151645222181687 3.151900366525934 3.1521555108701813 3.152410655214428 3.152665799558675 3.152920943902922 3.153176088247169 3.153431232591416 3.1536863769356627 3.1536813728656687 3.1533982642545744 3.15311515564348 3.152832047032385 3.152548938421291 3.1522658298101964 3.151982721199102 3.1516996125880077 3.1514165039769133 3.151133395365819 3.1508502867547246 3.1505671781436306 3.1502840695325363 3.150000960921442 3.1497178523103475 3.149434743699253 3.1491516350881583 3.148868526477064 3.1485854178659696 3.148302309254875 3.148019200643781 3.1477360920326865 3.147452983421592 3.1471698748104977 3.1468867661994038 3.1466036575883094 3.146320548977215 3.1460374403661207
3.1444224190167844 3.1446649526312953 3.1449074862458057 3.1451500198603166 3.1453925534748275 3.145635087089338 3.1458776207038492 3.14612015431836 3.1463626879328705 3.1466052215473814 3.1468477551618923 3.1470902887764027 3.1473328223909136 3.1475753560054245 3.147817889619935 3.148060423234446 3.148031995729811 3.147713904657879 3.1473958135859466 3.1470777225140134 3.146759631442081 3.146441540370149 3.1461234492982166 3.1458053582262844 3.1454872671543517 3.1451691760824194 3.144851085010487 3.144532993938555 3.1442149028666226 3.14389681179469 3.1435787207227577 3.1432606296508254 3.1429425385788927 3.14262444750696 3.1423063564350278 3.1419882653630955 3.1416701742911632 3.141352083219231 3.1410339921472983 3.140715901075366 3.1403978100034338 3.1400797189315015 3.1397616278595692 3.139443536787637
3.138985626261611 3.1392155491463853 3.1394454720311598 3.139675394915934 3.139905317800709 3.1401352406854834 3.1403651635702583 3.1405950864550327 3.140825009339807 3.141054932224582 3.1412848551093564 3.141514777994131 3.1417447008789052 3.1419746237636796 3.1422045466484545 3.142434469533229 3.1423826185939534 3.1420295450611833 3.141676471528413 3.141323397995642 3.1409703244628715 3.1406172509301014 3.140264177397331 3.1399111038645606 3.1395580303317905 3.13920495679902 3.1388518832662498 3.138498809733479 3.138145736200709 3.137792662667939 3.1374395891351683 3.137086515602398 3.136733442069627 3.1363803685368565 3.1360272950040864 3.1356742214713162 3.1353211479385457 3.1349680744057755 3.134615000873005 3.134261927340235 3.133908853807464 3.133555780274694 3.133202706741924 3.1328496332091533
3.1335488335064374 3.133766145661476 3.1339834578165138 3.134200769971552 3.1344180821265906 3.134635394281629 3.1348527064366674 3.1350700185917058 3.135287330746744 3.1355046429017825 3.135721955056821 3.135939267211859 3.1361565793668973 3.1363738915219357 3.136591203676974 3.1368085158320125 3.1367332414580966 3.136345185464488 3.1359571294708797 3.1355690734772708 3.1351810174836623 3.1347929614900543 3.134404905496446 3.1340168495028373 3.133628793509229 3.133240737515621 3.1328526815220124 3.132464625528404 3.132076569534796 3.1316885135411874 3.131300457547579 3.1309124015539704 3.1305243455603615 3.130136289566753 3.129748233573145 3.1293601775795366 3.128972121585928 3.1285840655923196 3.1281960095987116 3.127807953605103 3.1274198976114946 3.1270318416178866 3.126643785624278 3.1262557296306697
3.1281120407512635 3.128316742176566 3.128521443601868 3.1287261450271697 3.128930846452472 3.129135547877774 3.1293402493030764 3.129544950728379 3.1297496521536807 3.1299543535789827 3.130159055004285 3.130363756429587 3.130568457854889 3.1307731592801913 3.130977860705493 3.131182562130795 3.131083864322239 3.1306608258677926 3.1302377874133462 3.1298147489588994 3.129391710504453 3.1289686720500067 3.1285456335955604 3.128122595141114 3.1276995566866677 3.1272765182322213 3.126853479777775 3.1264304413233286 3.1260074028688822 3.125584364414436 3.1251613259599895 3.124738287505543 3.124315249051096 3.1238922105966496 3.123469172142203 3.123046133687757 3.122623095233311 3.1222000567788646 3.1217770183244182 3.121353979869972 3.1209309414155255 3.120507902961079 3.120084864506633 3.1196618260521864
3.1226752479960855 3.1228673386916515 3.1230594293872174 3.1232515200827833 3.1234436107783488 3.1236357014739147 3.123827792169481 3.124019882865047 3.1242119735606124 3.1244040642561783 3.1245961549517443 3.12478824564731 3.124980336342876 3.1251724270384416 3.1253645177340075 3.1255566084295734 3.125434487186377 3.124976466271092 3.124518445355808 3.124060424440523 3.1236024035252385 3.123144382609954 3.1226863616946696 3.1222283407793854 3.1217703198641007 3.1213122989488165 3.120854278033532 3.1203962571182475 3.1199382362029633 3.119480215287679 3.1190221943723944 3.11856417345711 3.118106152541825 3.1176481316265408 3.117190110711256 3.116732089795972 3.1162740688806876 3.115816047965403 3.1153580270501187 3.1149000061348344 3.11444198521955 3.1139839643042655 3.1135259433889813 3.113067922473697
3.117238455240912 3.117417935206742 3.1175974151725714 3.117776895138401 3.1179563751042307 3.11813585507006 3.11831533503589 3.11849481500172 3.1186742949675494 3.118853774933379 3.119033254899209 3.1192127348650383 3.119392214830868 3.1195716947966976 3.119751174762527 3.119930654728357 3.1197851100505196 3.119292106674397 3.118799103298275 3.1183060999221515 3.1178130965460293 3.1173200931699068 3.116827089793784 3.116334086417662 3.1158410830415395 3.1153480796654174 3.114855076289295 3.1143620729131727 3.11386906953705 3.1133760661609275 3.1128830627848054 3.112390059408683 3.11189705603256 3.1114040526564373 3.110911049280315 3.1104180459041926 3.10992504252807 3.109432039151948 3.1089390357758253 3.108446032399703 3.1079530290235806 3.1074600256474585 3.106967022271336 3.1064740188952134
3.1118016624857385 3.111968531721832 3.1121354009579254 3.112302270194019 3.1124691394301123 3.1126360086662057 3.112802877902299 3.1129697471383926 3.113136616374486 3.1133034856105795 3.113470354846673 3.1136372240827663 3.1138040933188598 3.113970962554953 3.114137831791046 3.1143047010271396 3.114135732914662 3.1136077470777015 3.1130797612407415 3.11255177540378 3.1120237895668197 3.1114958037298592 3.110967817892899 3.1104398320559383 3.109911846218978 3.109383860382018 3.1088558745450574 3.108327888708097 3.1077999028711365 3.107271917034176 3.1067439311972156 3.106215945360255 3.1056879595232942 3.105159973686334 3.1046319878493733 3.104104002012413 3.1035760161754524 3.103048030338492 3.1025200445015315 3.1019920586645715 3.101464072827611 3.1009360869906506 3.10040810115369 3.0998801153167297
3.106364869730565 3.106519128236922 3.1066733867432794 3.1068276452496364 3.1069819037559934 3.107136162262351 3.107290420768708 3.107444679275065 3.1075989377814226 3.1077531962877796 3.107907454794137 3.108061713300494 3.1082159718068514 3.1083702303132084 3.108524488819566 3.1086787473259228 3.1084863557788047 3.1079233874810064 3.1073604191832076 3.1067974508854084 3.10623448258761 3.1056715142898117 3.1051085459920134 3.104545577694215 3.1039826093964167 3.1034196410986183 3.10285667280082 3.102293704503021 3.101730736205223 3.1011677679074245 3.100604799609626 3.100041831311828 3.0994788630140286 3.0989158947162303 3.098352926418432 3.0977899581206336 3.097226989822835 3.0966640215250365 3.096101053227238 3.09553808492944 3.0949751166316415 3.094412148333843 3.093849180036045 3.0932862117382465
3.1009280769753915 3.1010697247520125 3.1012113725286334 3.1013530203052544 3.1014946680818753 3.1016363158584963 3.1017779636351177 3.1019196114117387 3.1020612591883596 3.1022029069649806 3.1023445547416015 3.1024862025182225 3.1026278502948434 3.1027694980714644 3.1029111458480854 3.1030527936247063 3.1028369786429475 3.1022390278843113 3.1016410771256746 3.101043126367037 3.100445175608401 3.0998472248497646 3.099249274091128 3.0986513233324917 3.098053372573855 3.097455421815219 3.0968574710565826 3.096259520297946 3.0956615695393097 3.095063618780673 3.094465668022037 3.0938677172634006 3.093269766504763 3.092671815746127 3.09207386498749 3.091475914228854 3.0908779634702173 3.090280012711581 3.089682061952945 3.089084111194308 3.088486160435672 3.0878882096770353 3.087290258918399 3.086692308159763
3.095491284220218 3.0956203212671025 3.0957493583139875 3.0958783953608724 3.096007432407757 3.096136469454642 3.0962655065015268 3.0963945435484113 3.096523580595296 3.0966526176421807 3.0967816546890656 3.09691069173595 3.097039728782835 3.0971687658297196 3.0972978028766045 3.0974268399234894 3.09718760150709 3.0965546682876157 3.095921735068141 3.0952888018486657 3.094655868629191 3.094022935409717 3.0933900021902425 3.092757068970768 3.092124135751294 3.0914912025318193 3.090858269312345 3.0902253360928706 3.089592402873396 3.088959469653922 3.0883265364344474 3.087693603214973 3.0870606699954974 3.0864277367760233 3.085794803556549 3.0851618703370742 3.0845289371176 3.0838960038981256 3.083263070678651 3.082630137459177 3.0819972042397024 3.0813642710202283 3.0807313378007537 3.080098404581279
3.0900544914650396 3.090170917782188 3.0902873440993366 3.090403770416485 3.0905201967336335 3.090636623050782 3.090753049367931 3.0908694756850794 3.090985902002228 3.0911023283193764 3.091218754636525 3.0913351809536733 3.091451607270822 3.0915680335879703 3.0916844599051188 3.0918008862222672 3.0915382243712277 3.0908703086909153 3.090202393010603 3.089534477330289 3.0888665616499766 3.088198645969664 3.0875307302893518 3.0868628146090398 3.0861948989287273 3.085526983248415 3.0848590675681025 3.08419115188779 3.0835232362074776 3.082855320527165 3.0821874048468527 3.0815194891665403 3.0808515734862265 3.0801836578059145 3.079515742125602 3.0788478264452896 3.078179910764977 3.0775119950846648 3.0768440794043523 3.07617616372404 3.0755082480437275 3.074840332363415 3.0741724166831026 3.07350450100279
3.084617698709866 3.0847215142972786 3.0848253298846906 3.084929145472103 3.0850329610595155 3.0851367766469275 3.08524059223434 3.0853444078217525 3.085448223409165 3.085552038996577 3.0856558545839894 3.0857596701714014 3.085863485758814 3.0859673013462263 3.0860711169336383 3.086174932521051 3.0858888472353705 3.08518594909422 3.08448305095307 3.083780152811918 3.0830772546707674 3.082374356529617 3.081671458388467 3.0809685602473165 3.0802656621061657 3.0795627639650154 3.078859865823865 3.0781569676827147 3.077454069541564 3.0767511714004137 3.0760482732592633 3.075345375118113 3.0746424769769614 3.0739395788358106 3.0732366806946603 3.07253378255351 3.0718308844123596 3.071127986271209 3.0704250881300585 3.0697221899889082 3.069019291847758 3.068316393706607 3.067613495565457 3.0669105974243065
3.0791809059546926 3.0792721108123686 3.0793633156700446 3.0794545205277206 3.079545725385397 3.079636930243073 3.079728135100749 3.079819339958425 3.0799105448161015 3.0800017496737775 3.0800929545314535 3.0801841593891295 3.0802753642468055 3.0803665691044815 3.0804577739621575 3.080548978819834 3.080239470099513 3.0795015894975246 3.078763708895536 3.0780258282935464 3.0772879476915582 3.0765500670895696 3.0758121864875814 3.0750743058855927 3.0743364252836045 3.073598544681616 3.0728606640796277 3.072122783477639 3.071384902875651 3.070647022273662 3.069909141671674 3.0691712610696853 3.0684333804676958 3.067695499865707 3.066957619263719 3.0662197386617307 3.065481858059742 3.064743977457754 3.064006096855765 3.063268216253777 3.0625303356517883 3.0617924550498 3.0610545744478115 3.0603166938458233
