Figures/CREST_Example_wjb_NSE/PETs/wjb.pet.20091212.asc
ncols            288
nrows            254
xllcorner        113.274861
yllcorner        31.4918055
cellsize         0.008333333333
NODATA_value     -9999
[rows 152 to 170 of 254, columns 132 to 175 of 288]
0.4924442719641686 0.4926071222091105 0.4927699724540524 0.4929328226989943 0.4930956729439362 0.4932585231888781 0.49342137343382 0.4935842236787619 0.4937470739237038 0.4939099241686457 0.4940727744135876 0.49423562465852977 0.49439847490347166 0.49456132514841356 0.49472417539335545 0.49488702563829734 0.4950498758832393 0.4952127261281812 0.49537557637312307 0.49553842661806496 0.49570127686300686 0.49586412710794875 0.49602697735289064 0.49618982759783253 0.4963526778427747 0.4965155280877166 0.49667837833265854 0.49684122857760044 0.49700407882254233 0.4971669290674842 0.4986236080249114 0.5014634191442912 0.504303230263671 0.5071430413830508 0.5099828525024305 0.5128226636218103 0.5156624747411901 0.5185022858605747 0.5213420969799545 0.5241819080993342 0.527021719218714 0.5298615303380938 0.5327013414574735 0.5355411525768533
0.48149233428081617 0.48168472111892474 0.4818771079570333 0.4820694947951419 0.4822618816332504 0.48245426847135897 0.48264665530946754 0.48283904214757606 0.48303142898568463 0.4832238158237932 0.4834162026619018 0.4836085895000106 0.4838009763381192 0.48399336317622776 0.4841857500143363 0.48437813685244485 0.4845705236905534 0.48476291052866194 0.4849552973667705 0.4851476842048791 0.48534007104298765 0.48553245788109617 0.48572484471920474 0.4859172315573133 0.48610961839542216 0.48630200523353073 0.4864943920716393 0.4866867789097479 0.4868791657478564 0.48707155258596496 0.4884613116110431 0.4911310885903092 0.4938008655695753 0.49647064254884143 0.49914041952810756 0.5018101965073737 0.5044799734866398 0.5071497504659104 0.5098195274451766 0.5124893044244426 0.5151590814037088 0.5178288583829749 0.520498635362241 0.5231684123415071
0.47054039659746383 0.470762320028739 0.4709842434600142 0.47120616689128947 0.47142809032256466 0.47165001375383986 0.47187193718511505 0.4720938606163903 0.4723157840476655 0.4725377074789407 0.47275963091021594 0.47298155434149153 0.4732034777727667 0.4734254012040419 0.4736473246353171 0.47386924806659236 0.47409117149786756 0.47431309492914275 0.47453501836041795 0.4747569417916932 0.4749788652229684 0.4752007886542436 0.4754227120855188 0.47564463551679403 0.4758665589480696 0.4760884823793448 0.47631040581062 0.47653232924189526 0.47675425267317045 0.47697617610444565 0.4782990151971747 0.48079875803632716 0.4832985008754796 0.48579824371463204 0.4882979865537845 0.4907977293929369 0.49329747223208936 0.4957972150712461 0.4982969579103985 0.500796700749551 0.5032964435887034 0.5057961864278558 0.5082959292670083 0.5107956721061607
0.4595884589141114 0.45983991893855325 0.4600913789629951 0.460342838987437 0.46059429901187887 0.46084575903632075 0.46109721906076256 0.46134867908520444 0.4616001391096463 0.4618515991340882 0.46210305915853006 0.4623545191829723 0.4626059792074142 0.46285743923185607 0.46310889925629795 0.4633603592807398 0.4636118193051817 0.4638632793296235 0.4641147393540654 0.46436619937850726 0.46461765940294913 0.464869119427391 0.4651205794518329 0.4653720394762747 0.465623499500717 0.4658749595251589 0.46612641954960077 0.46637787957404264 0.46662933959848446 0.46688079962292633 0.4681367187833063 0.47046642748234513 0.4727961361813839 0.4751258448804227 0.47745555357946146 0.4797852622785002 0.482114970977539 0.4844446796765818 0.48677438837562054 0.48910409707465935 0.4914338057736981 0.4937635144727369 0.4960932231717757 0.49842293187081443
0.448636521230759 0.4489175178483675 0.44919851446597603 0.4494795110835845 0.4497605077011931 0.4500415043188016 0.45032250093641013 0.45060349755401863 0.4508844941716272 0.4511654907892357 0.4514464874068442 0.45172748402445323 0.4520084806420617 0.4522894772596702 0.4525704738772788 0.4528514704948873 0.45313246711249583 0.4534134637301043 0.4536944603477129 0.4539754569653214 0.45425645358292993 0.45453745020053843 0.454818446818147 0.4550994434357555 0.4553804400533645 0.45566143667097303 0.45594243328858153 0.45622342990619 0.4565044265237986 0.4567854231414071 0.45797442236943803 0.4601340969283631 0.46229377148728823 0.46445344604621336 0.4666131206051385 0.46877279516406356 0.4709324697229887 0.4730921442819175 0.4752518188408426 0.47741149339976774 0.4795711679586928 0.48173084251761794 0.48389051707654307 0.4860501916354682
0.4376845835473973 0.4379951167581725 0.43830564996894766 0.4386161831797229 0.4389267163904981 0.4392372496012733 0.4395477828120485 0.4398583160228237 0.4401688492335989 0.4404793824443741 0.4407899156551493 0.44110044886592503 0.4414109820767002 0.44172151528747544 0.4420320484982506 0.44234258170902585 0.442653114919801 0.44296364813057626 0.44327418134135144 0.4435847145521266 0.44389524776290185 0.444205780973677 0.44451631418445225 0.44482684739522743 0.44513738060600316 0.4454479138167784 0.4457584470275536 0.44606898023832875 0.446379513449104 0.44669004665987916 0.44781212595556097 0.44980176637437225 0.4517914067931836 0.45378104721199486 0.4557706876308062 0.45776032804961747 0.4597499684684288 0.46173960888724347 0.4637292493060548 0.4657188897248661 0.4677085301436774 0.4696981705624887 0.47168781098129997 0.4736774514001113
0.42673264586404486 0.4270727156679867 0.42741278547192857 0.4277528552758704 0.4280929250798123 0.42843299488375414 0.428773064687696 0.42911313449163785 0.42945320429557976 0.4297932740995216 0.43013334390346347 0.4304734137074059 0.43081348351134774 0.4311535533152896 0.43149362311923145 0.4318336929231733 0.43217376272711516 0.432513832531057 0.4328539023349989 0.43319397213894073 0.43353404194288264 0.4338741117468245 0.43421418155076635 0.4345542513547082 0.4348943211586506 0.4352343909625925 0.43557446076653433 0.4359145305704762 0.43625460037441804 0.4365946701783599 0.4376498295416926 0.4394694358203903 0.4412890420990879 0.4431086483777855 0.44492825465648317 0.4467478609351808 0.44856746721387847 0.4503870734925792 0.4522066797712768 0.45402628604997447 0.4558458923286721 0.45766549860736977 0.4594851048860674 0.461304711164765
0.41578070818069246 0.41615031457780094 0.4165199209749095 0.416889527372018 0.4172591337691265 0.417628740166235 0.4179983465633435 0.41836795296045204 0.4187375593575606 0.41910716575466905 0.4194767721517776 0.41984637854888673 0.42021598494599527 0.42058559134310375 0.4209551977402123 0.42132480413732076 0.4216944105344293 0.42206401693153783 0.4224336233286463 0.42280322972575485 0.4231728361228634 0.42354244251997186 0.4239120489170804 0.4242816553141889 0.424651261711298 0.42502086810840656 0.4253904745055151 0.42576008090262357 0.4261296872997321 0.42649929369684064 0.4274875331278242 0.42913710526640825 0.4307866774049922 0.4324362495435762 0.43408582168216014 0.4357353938207441 0.4373849659593281 0.4390345380979149 0.44068411023649884 0.44233368237508286 0.4439832545136668 0.4456328266522508 0.44728239879083476 0.4489319709294187
0.40482877049734006 0.4052279134876152 0.4056270564778904 0.4060261994681656 0.40642534245844075 0.4068244854487159 0.40722362843899107 0.40762277142926623 0.40802191441954144 0.4084210574098166 0.40882020040009176 0.4092193433903676 0.40961848638064274 0.41001762937091796 0.4104167723611931 0.4108159153514683 0.41121505834174343 0.4116142013320186 0.4120133443222938 0.41241248731256896 0.4128116303028441 0.4132107732931193 0.41360991628339444 0.4140090592736696 0.4144082022639455 0.41480734525422064 0.4152064882444958 0.41560563123477096 0.41600477422504617 0.41640391721532133 0.4173252367139559 0.41880477471242616 0.4202843127108965 0.4217638507093668 0.4232433887078371 0.4247229267063074 0.42620246470477774 0.4276820027032506 0.42916154070172086 0.4306410787001912 0.4321206166986615 0.4336001546971318 0.4350796926956021 0.43655923069407243
0.39387683281398767 0.39430551239742945 0.3947341919808713 0.3951628715643131 0.39559155114775496 0.3960202307311968 0.3964489103146386 0.3968775898980804 0.39730626948152226 0.3977349490649641 0.39816362864840593 0.39859230823184844 0.3990209878152903 0.3994496673987321 0.39987834698217395 0.4003070265656158 0.40073570614905757 0.4011643857324994 0.40159306531594124 0.4020217448993831 0.4024504244828249 0.4028791040662667 0.40330778364970854 0.4037364632331504 0.40416514281659294 0.4045938224000348 0.40502250198347656 0.4054511815669184 0.40587986115036023 0.40630854073380207 0.40716294030008754 0.4084724441584442 0.40978194801680085 0.4110914518751575 0.4124009557335141 0.41371045959187075 0.4150199634502274 0.4163294673085863 0.41763897116694293 0.4189484750252996 0.4202579788836562 0.42156748274201283 0.4228769866003695 0.42418649045872614
0.3829248951306352 0.38338311130724373 0.3838413274838522 0.38429954366046065 0.38475775983706917 0.38521597601367763 0.3856741921902861 0.3861324083668946 0.38659062454350307 0.38704884072011153 0.38750705689672005 0.3879652730733293 0.3884234892499378 0.38888170542654626 0.3893399216031547 0.38979813777976324 0.3902563539563717 0.39071457013298017 0.3911727863095887 0.39163100248619714 0.39208921866280566 0.3925474348394141 0.3930056510160226 0.3934638671926311 0.39392208336924034 0.39438029954584886 0.3948385157224573 0.3952967318990658 0.3957549480756743 0.39621316425228276 0.3970006438862192 0.39814011360446216 0.39927958332270513 0.4004190530409481 0.40155852275919107 0.40269799247743404 0.403837462195677 0.404976931913922 0.40611640163216495 0.4072558713504079 0.4083953410686509 0.40953481078689385 0.4106742805051368 0.41181375022337985
0.3719729574472735 0.37246071021704863 0.3729484629868238 0.37343621575659897 0.37392396852637416 0.3744117212961493 0.37489947406592444 0.37538722683569964 0.3758749796054748 0.37636273237525 0.3768504851450251 0.3773382379148011 0.3778259906845763 0.3783137434543514 0.3788014962241266 0.37928924899390176 0.3797770017636769 0.3802647545334521 0.38075250730322724 0.38124026007300243 0.3817280128427776 0.38221576561255277 0.3827035183823279 0.38319127115210305 0.3836790239218791 0.3841667766916542 0.3846545294614294 0.38514228223120456 0.3856300350009797 0.3861177877707549 0.3868383474723422 0.3878077830504713 0.3887772186286005 0.38974665420672966 0.39071608978485883 0.391685525362988 0.3926549609411172 0.393624396519248 0.39459383209737714 0.3955632676755063 0.3965327032536355 0.39750213883176466 0.39847157440989384 0.399441009988023
0.36102101976392104 0.36153830912686286 0.3620555984898047 0.3625728878527465 0.3630901772156883 0.36360746657863013 0.36412475594157195 0.3646420453045138 0.3651593346674556 0.3656766240303974 0.36619391339333923 0.36671120275628194 0.36722849211922376 0.3677457814821656 0.3682630708451074 0.3687803602080492 0.36929764957099104 0.36981493893393286 0.3703322282968747 0.3708495176598165 0.3713668070227583 0.37188409638570014 0.37240138574864196 0.3729186751115838 0.3734359644745265 0.3739532538374683 0.3744705432004101 0.37498783256335194 0.37550512192629376 0.3760224112892356 0.3766760510584738 0.3774754524964893 0.3782748539345048 0.3790742553725203 0.3798736568105358 0.3806730582485513 0.3814724596865668 0.38227186112458367 0.38307126256259916 0.38387066400061465 0.3846700654386302 0.3854694668766457 0.3862688683146612 0.38706826975267666
0.3500690820805687 0.35061590803667714 0.35116273399278564 0.3517095599488941 0.3522563859050026 0.3528032118611111 0.3533500378172195 0.353896863773328 0.35444368972943646 0.35499051568554496 0.3555373416416534 0.35608416759776285 0.3566309935538713 0.3571778195099798 0.35772464546608823 0.35827147142219673 0.3588182973783052 0.35936512333441367 0.3599119492905221 0.3604587752466306 0.36100560120273906 0.36155242715884756 0.36209925311495605 0.3626460790710645 0.3631929050271739 0.3637397309832824 0.3642865569393909 0.3648333828954993 0.3653802088516078 0.36592703480771627 0.3665137546446054 0.36714312194250726 0.36777248924040906 0.3684018565383109 0.3690312238362128 0.3696605911341146 0.37028995843201645 0.37091932572991937 0.3715486930278212 0.37217806032572304 0.37280742762362484 0.3734367949215267 0.3740661622194285 0.3746955295173304
0.3391171443972163 0.3396935069464914 0.3402698694957666 0.3408462320450417 0.34142259459431684 0.34199895714359196 0.3425753196928671 0.3431516822421422 0.34372804479141733 0.34430440734069245 0.34488076988996763 0.3454571324392437 0.3460334949885189 0.346609857537794 0.3471862200870691 0.34776258263634424 0.34833894518561936 0.3489153077348945 0.3494916702841696 0.35006803283344473 0.3506443953827199 0.35122075793199503 0.35179712048127015 0.3523734830305453 0.3529498455798214 0.3535262081290965 0.35410257067837164 0.35467893322764676 0.3552552957769219 0.355831658326197 0.3563514582307371 0.3568107913885253 0.3572701245463134 0.3577294577041016 0.35818879086188976 0.35864812401967794 0.3591074571774661 0.35956679033525507 0.36002612349304325 0.3604854566508314 0.36094478980861955 0.3614041229664077 0.3618634561241959 0.3623227892819841
0.3281652067138639 0.3287711058563057 0.32937700499874745 0.32998290414118925 0.33058880328363105 0.3311947024260728 0.3318006015685146 0.3324065007109564 0.33301239985339814 0.33361829899583995 0.33422419813828175 0.33483009728072455 0.33543599642316635 0.33604189556560815 0.3366477947080499 0.3372536938504917 0.3378595929929335 0.33846549213537525 0.33907139127781705 0.33967729042025885 0.34028318956270065 0.3408890887051424 0.3414949878475842 0.342100886990026 0.3427067861324688 0.3433126852749106 0.34391858441735235 0.34452448355979415 0.34513038270223595 0.3457362818446777 0.3461891618168687 0.3464784608345432 0.3467677598522177 0.34705705886989224 0.34734635788756674 0.34763565690524123 0.3479249559229157 0.3482142549405907 0.34850355395826527 0.34879285297593976 0.34908215199361425 0.34937145101128875 0.3496607500289633 0.3499500490466378
0.31721326903051145 0.3178487047661199 0.31848414050172835 0.3191195762373368 0.3197550119729452 0.3203904477085537 0.3210258834441621 0.32166131917977053 0.322296754915379 0.32293219065098744 0.32356762638659586 0.3242030621222054 0.3248384978578138 0.3254739335934223 0.32610936932903073 0.32674480506463915 0.3273802408002476 0.32801567653585606 0.3286511122714645 0.3292865480070729 0.3299219837426814 0.3305574194782898 0.33119285521389824 0.33182829094950667 0.3324637266851162 0.3330991624207247 0.3337345981563331 0.33437003389194153 0.33500546962754996 0.33564090536315844 0.3360268654030003 0.3361461302805612 0.33626539515812204 0.33638466003568285 0.3365039249132437 0.3366231897908045 0.3367424546683654 0.3368617195459264 0.3369809844234873 0.3371002493010481 0.33721951417860896 0.33733877905616977 0.33745804393373063 0.3375773088112915
0.30626133134715905 0.30692630367593415 0.30759127600470926 0.30825624833348436 0.3089212206622594 0.3095861929910345 0.3102511653198096 0.3109161376485847 0.3115811099773598 0.31224608230613493 0.31291105463491004 0.31357602696368625 0.31424099929246135 0.31490597162123646 0.31557094395001156 0.31623591627878667 0.31690088860756177 0.3175658609363369 0.3182308332651119 0.318895805593887 0.31956077792266213 0.32022575025143724 0.32089072258021234 0.32155569490898744 0.32222066723776366 0.32288563956653876 0.32355061189531387 0.32421558422408897 0.3248805565528641 0.3255455288816392 0.325864568989132 0.3258137997265792 0.3257630304640264 0.3257122612014735 0.3256614919389207 0.32561072267636787 0.32555995341381505 0.3255091841512621 0.3254584148887093 0.3254076456261565 0.32535687636360366 0.32530610710105085 0.325255337838498 0.3252045685759452
0.2953093936637973 0.2960039025857391 0.29669841150768084 0.2973929204296226 0.2980874293515644 0.2987819382735062 0.29947644719544797 0.30017095611738975 0.30086546503933154 0.3015599739612733 0.3022544828832151 0.30294899180515805 0.30364350072709984 0.3043380096490416 0.3050325185709834 0.3057270274929252 0.3064215364148669 0.3071160453368087 0.3078105542587505 0.30850506318069226 0.30919957210263405 0.30989408102457583 0.3105885899465176 0.3112830988684594 0.31197760779040234 0.31267211671234413 0.3133666256342859 0.3140611345562277 0.3147556434781695 0.31545015240011126 0.31570227257525496 0.3154814691725883 0.3152606657699217 0.31503986236725506 0.3148190589645884 0.3145982555619218 0.31437745215925517 0.3141566487565881 0.3139358453539215 0.3137150419512549 0.3134942385485882 0.3132734351459216 0.313052631743255 0.3128318283405883
