Figures/CREST_Example_wjb_NSE/PETs/wjb.pet.20090919.asc
ncols            288
nrows            254
xllcorner        113.274861
yllcorner        31.4918055
cellsize         0.008333333333
NODATA_value     -9999
[rows 220 to 239 of 254, columns 132 to 175 of 288]
1.0884078474008678 1.0882969917307506 1.088186136060633 1.0880752803905158 1.0879644247203983 1.087853569050281 1.0877427133801636 1.0876318577100463 1.0875210020399289 1.0874101463698116 1.087299290699694 1.0871884350295766 1.0870775793594591 1.0869667236893419 1.0868558680192244 1.0867450123491071 1.0866341566789897 1.0865233010088724 1.086412445338755 1.0863015896686377 1.0861907339985202 1.086079878328403 1.0859690226582854 1.0858581669881682 1.0857473113180505 1.0856364556479332 1.0855255999778157 1.0854147443076985 1.085303888637581 1.0851930329674637 1.083101645189907 1.0788930237869523 1.0746844023839977 1.0704757809810432 1.0662671595780886 1.062058538175134 1.0578499167721793 1.0536412953692176 1.049432673966263 1.0452240525633083 1.0410154311603539 1.0368068097573993 1.0325981883544446 1.02838956695149
1.1000162891854395 1.09991995424721 1.0998236193089808 1.0997272843707515 1.0996309494325223 1.099534614494293 1.0994382795560635 1.0993419446178343 1.099245609679605 1.0991492747413758 1.0990529398031463 1.098956604864917 1.0988602699266876 1.0987639349884584 1.0986676000502291 1.0985712651119999 1.0984749301737704 1.0983785952355412 1.098282260297312 1.0981859253590827 1.0980895904208534 1.097993255482624 1.0978969205443947 1.0978005856061654 1.097704250667936 1.0976079157297067 1.0975115807914773 1.097415245853248 1.0973189109150188 1.0972225759767895 1.0950951328940697 1.09079638925824 1.0864976456224102 1.0821989019865805 1.0779001583507506 1.0736014147149209 1.0693026710790912 1.0650039274432541 1.0607051838074244 1.0564064401715947 1.052107696535765 1.0478089528999353 1.0435102092641055 1.0392114656282758
1.1116247309700107 1.1115429167636695 1.1114611025573282 1.1113792883509872 1.111297474144646 1.1112156599383047 1.1111338457319635 1.1110520315256223 1.110970217319281 1.1108884031129398 1.1108065889065986 1.110724774700257 1.1106429604939159 1.1105611462875746 1.1104793320812336 1.1103975178748924 1.1103157036685511 1.11023388946221 1.1101520752558687 1.1100702610495274 1.1099884468431862 1.109906632636845 1.1098248184305037 1.1097430042241625 1.109661190017821 1.1095793758114798 1.1094975616051388 1.1094157473987976 1.1093339331924563 1.109252118986115 1.107088620598232 1.1026997547295272 1.0983108888608224 1.0939220229921174 1.0895331571234126 1.0851442912547078 1.080755425386003 1.0763665595172907 1.0719776936485859 1.0675888277798808 1.063199961911176 1.0588110960424713 1.0544222301737665 1.0500333643050614
1.1232331727545872 1.123165879280134 1.123098585805681 1.1230312923312278 1.1229639988567748 1.1228967053823216 1.1228294119078683 1.1227621184334153 1.1226948249589621 1.122627531484509 1.1225602380100559 1.1224929445356027 1.1224256510611494 1.1223583575866962 1.1222910641122432 1.12222377063779 1.1221564771633368 1.1220891836888838 1.1220218902144306 1.1219545967399773 1.1218873032655243 1.121820009791071 1.121752716316618 1.1216854228421649 1.1216181293677117 1.1215508358932584 1.1214835424188052 1.1214162489443522 1.121348955469899 1.121281661995446 1.1190821083023996 1.1146031202008198 1.1101241320992397 1.1056451439976598 1.1011661558960797 1.0966871677944996 1.0922081796929197 1.087729191591332 1.083250203489752 1.078771215388172 1.074292227286592 1.069813239185012 1.065334251083432 1.060855262981852
1.1348416145391589 1.1347888417965937 1.1347360690540287 1.1346832963114637 1.1346305235688985 1.1345777508263335 1.1345249780837685 1.1344722053412033 1.1344194325986383 1.1343666598560733 1.1343138871135081 1.1342611143709431 1.134208341628378 1.134155568885813 1.134102796143248 1.1340500234006827 1.1339972506581177 1.1339444779155528 1.1338917051729875 1.1338389324304226 1.1337861596878576 1.1337333869452924 1.1336806142027274 1.1336278414601624 1.1335750687175972 1.1335222959750322 1.133469523232467 1.133416750489902 1.133363977747337 1.1333112050047718 1.1310755960065626 1.1265064856721074 1.1219373753376523 1.117368265003197 1.112799154668742 1.1082300443342867 1.1036609339998318 1.0990918236653688 1.0945227133309137 1.0899536029964585 1.0853844926620033 1.0808153823275481 1.076246271993093 1.0716771616586378
1.1464500563237303 1.1464118043130533 1.1463735523023764 1.1463353002916994 1.1462970482810224 1.1462587962703454 1.1462205442596685 1.1461822922489915 1.1461440402383145 1.1461057882276375 1.1460675362169606 1.1460292842062834 1.1459910321956064 1.1459527801849294 1.1459145281742524 1.1458762761635755 1.1458380241528985 1.1457997721422215 1.1457615201315445 1.1457232681208676 1.1456850161101904 1.1456467640995134 1.1456085120888364 1.1455702600781594 1.1455320080674825 1.1454937560568055 1.1454555040461285 1.1454172520354515 1.1453790000247743 1.1453407480140974 1.143069083710725 1.1384098511433947 1.1337506185760644 1.1290913860087342 1.124432153441404 1.1197729208740737 1.1151136883067434 1.1104544557394052 1.105795223172075 1.1011359906047447 1.0964767580374144 1.0918175254700841 1.087158292902754 1.0824990603354236
1.1580584981083066 1.1580347668295177 1.158011035550729 1.15798730427194 1.157963572993151 1.157939841714362 1.1579161104355733 1.1578923791567843 1.1578686478779954 1.1578449165992064 1.1578211853204177 1.1577974540416287 1.1577737227628397 1.1577499914840508 1.157726260205262 1.157702528926473 1.157678797647684 1.1576550663688951 1.1576313350901064 1.1576076038113174 1.1575838725325285 1.1575601412537395 1.1575364099749508 1.1575126786961618 1.1574889474173728 1.1574652161385839 1.157441484859795 1.1574177535810062 1.1573940223022172 1.1573702910234283 1.1550625714148928 1.1503132166146872 1.1455638618144819 1.1408145070142763 1.136065152214071 1.1313157974138655 1.1265664426136601 1.1218170878134466 1.117067733013241 1.1123183782130357 1.1075690234128301 1.1028196686126248 1.0980703138124193 1.093320959012214
1.1696669398928783 1.1696577293459773 1.1696485187990766 1.1696393082521757 1.169630097705275 1.169620887158374 1.1696116766114732 1.1696024660645725 1.1695932555176716 1.1695840449707708 1.16957483442387 1.1695656238769692 1.1695564133300682 1.1695472027831675 1.1695379922362665 1.1695287816893658 1.1695195711424649 1.1695103605955641 1.1695011500486632 1.1694919395017624 1.1694827289548615 1.1694735184079608 1.1694643078610598 1.169455097314159 1.1694458867672581 1.1694366762203574 1.1694274656734567 1.1694182551265557 1.169409044579655 1.169399834032754 1.1670560591190553 1.1622165820859747 1.1573771050528943 1.1525376280198136 1.147698150986733 1.1428586739536526 1.138019196920572 1.1331797198874831 1.1283402428544025 1.123500765821322 1.1186612887882414 1.1138218117551608 1.1089823347220804 1.1041428576889998
1.18127538167745 1.181280691862437 1.1812860020474243 1.1812913122324116 1.1812966224173989 1.1813019326023861 1.1813072427873732 1.1813125529723605 1.1813178631573478 1.181323173342335 1.1813284835273223 1.1813337937123094 1.1813391038972967 1.181344414082284 1.1813497242672713 1.1813550344522585 1.1813603446372456 1.1813656548222329 1.1813709650072202 1.1813762751922074 1.1813815853771947 1.1813868955621818 1.181392205747169 1.1813975159321564 1.1814028261171436 1.181408136302131 1.1814134464871182 1.1814187566721053 1.1814240668570926 1.1814293770420798 1.179049546823218 1.1741199475572623 1.1691903482913066 1.164260749025351 1.1593311497593952 1.1544015504934395 1.1494719512274838 1.1445423519615197 1.139612752695564 1.1346831534296085 1.1297535541636528 1.124823954897697 1.1198943556317413 1.1149647563657856
1.1928838234620212 1.1929036543788964 1.1929234852957717 1.1929433162126473 1.1929631471295226 1.1929829780463979 1.1930028089632732 1.1930226398801484 1.1930424707970237 1.193062301713899 1.1930821326307743 1.1931019635476499 1.1931217944645252 1.1931416253814005 1.1931614562982757 1.193181287215151 1.1932011181320263 1.1932209490489016 1.193240779965777 1.1932606108826525 1.1932804417995277 1.193300272716403 1.1933201036332783 1.1933399345501536 1.193359765467029 1.1933795963839042 1.1933994273007797 1.193419258217655 1.1934390891345303 1.1934589200514056 1.1910430345273806 1.1860233130285498 1.181003591529719 1.1759838700308882 1.1709641485320572 1.1659444270332264 1.1609247055343956 1.1559049840355562 1.1508852625367254 1.1458655410378946 1.1408458195390638 1.135826098040233 1.1308063765414023 1.1257866550425712
1.2044922652465977 1.204526616895361 1.2045609685441245 1.2045953201928878 1.2046296718416514 1.2046640234904147 1.204698375139178 1.2047327267879415 1.2047670784367048 1.2048014300854684 1.2048357817342317 1.2048701333829952 1.2049044850317585 1.204938836680522 1.2049731883292853 1.2050075399780489 1.2050418916268122 1.2050762432755755 1.205110594924339 1.2051449465731023 1.2051792982218659 1.2052136498706292 1.2052480015193927 1.205282353168156 1.2053167048169195 1.2053510564656829 1.2053854081144462 1.2054197597632097 1.205454111411973 1.2054884630607365 1.2030365222315482 1.1979266784998424 1.1928168347681363 1.1877069910364304 1.1825971473047243 1.1774873035730185 1.1723774598413124 1.1672676161095976 1.1621577723778918 1.1570479286461857 1.1519380849144798 1.1468282411827737 1.1417183974510678 1.1366085537193618
1.2161007070311693 1.2161495794118207 1.2161984517924722 1.2162473241731238 1.216296196553775 1.2163450689344266 1.2163939413150782 1.2164428136957295 1.216491686076381 1.2165405584570326 1.2165894308376841 1.2166383032183357 1.216687175598987 1.2167360479796385 1.21678492036029 1.2168337927409414 1.216882665121593 1.2169315375022445 1.216980409882896 1.2170292822635473 1.2170781546441989 1.2171270270248504 1.2171758994055017 1.2172247717861533 1.2172736441668048 1.2173225165474564 1.217371388928108 1.2174202613087592 1.2174691336894108 1.2175180060700623 1.215030009935711 1.2098300439711298 1.2046300780065486 1.1994301120419675 1.1942301460773865 1.1890301801128054 1.1838302141482242 1.1786302481836342 1.1734302822190532 1.168230316254472 1.1630303502898909 1.1578303843253097 1.1526304183607285 1.1474304523961476
1.2277091488157406 1.2277725419282801 1.2278359350408197 1.2278993281533592 1.2279627212658988 1.2280261143784383 1.228089507490978 1.2281529006035175 1.228216293716057 1.2282796868285966 1.2283430799411361 1.228406473053676 1.2284698661662155 1.228533259278755 1.2285966523912946 1.2286600455038341 1.2287234386163737 1.2287868317289132 1.2288502248414528 1.2289136179539923 1.228977011066532 1.2290404041790715 1.229103797291611 1.2291671904041506 1.2292305835166901 1.2292939766292297 1.2293573697417692 1.2294207628543088 1.2294841559668486 1.2295475490793881 1.2270234976398735 1.2217334094424173 1.216443321244961 1.2111532330475048 1.2058631448500485 1.2005730566525923 1.195282968455136 1.189992880257671 1.1847027920602147 1.1794127038627584 1.1741226156653022 1.168832527467846 1.1635424392703897 1.1582523510729335
1.239317590600317 1.2393955044447447 1.2394734182891725 1.2395513321336 1.2396292459780276 1.2397071598224554 1.239785073666883 1.2398629875113105 1.2399409013557383 1.2400188152001659 1.2400967290445934 1.2401746428890212 1.2402525567334488 1.2403304705778766 1.2404083844223042 1.2404862982667317 1.2405642121111595 1.240642125955587 1.2407200398000147 1.2407979536444425 1.24087586748887 1.2409537813332976 1.2410316951777254 1.241109609022153 1.2411875228665807 1.2412654367110083 1.2413433505554359 1.2414212643998637 1.2414991782442912 1.2415770920887188 1.2390169853440414 1.2336367749137098 1.2282565644833785 1.222876354053047 1.2174961436227156 1.2121159331923843 1.2067357227620528 1.2013555123317121 1.1959753019013808 1.1905950914710495 1.185214881040718 1.1798346706103866 1.1744544601800553 1.1690742497497237
1.2509260323848888 1.2510184669612043 1.2511109015375201 1.2512033361138357 1.2512957706901515 1.2513882052664673 1.251480639842783 1.2515730744190987 1.2516655089954143 1.25175794357173 1.251850378148046 1.2519428127243617 1.2520352473006773 1.252127681876993 1.2522201164533089 1.2523125510296245 1.2524049856059403 1.2524974201822558 1.2525898547585717 1.2526822893348875 1.252774723911203 1.2528671584875188 1.2529595930638344 1.2530520276401502 1.253144462216466 1.2532368967927818 1.2533293313690974 1.2534217659454132 1.253514200521729 1.2536066350980446 1.251010473048204 1.2455401403849973 1.2400698077217909 1.2345994750585843 1.2291291423953778 1.2236588097321712 1.2181884770689646 1.2127181444057489 1.2072478117425423 1.2017774790793359 1.1963071464161292 1.1908368137529226 1.1853664810897162 1.1798961484265096
1.26253447416946 1.2626414294776638 1.2627483847858676 1.2628553400940714 1.2629622954022752 1.263069250710479 1.2631762060186829 1.2632831613268867 1.2633901166350905 1.263497071943294 1.263604027251498 1.263710982559702 1.2638179378679057 1.2639248931761096 1.2640318484843134 1.2641388037925172 1.264245759100721 1.2643527144089248 1.2644596697171284 1.2645666250253322 1.264673580333536 1.2647805356417399 1.2648874909499437 1.2649944462581475 1.2651014015663515 1.2652083568745554 1.265315312182759 1.2654222674909628 1.2655292227991666 1.2656361781073704 1.2630039607523667 1.257443505856285 1.2518830509602032 1.2463225960641215 1.2407621411680398 1.2352016862719581 1.2296412313758764 1.2240807764797854 1.2185203215837037 1.212959866687622 1.2073994117915403 1.2018389568954586 1.1962785019993771 1.1907180471032954
1.2741429159540365 1.2742643919941283 1.2743858680342202 1.2745073440743122 1.274628820114404 1.2747502961544959 1.2748717721945877 1.2749932482346797 1.2751147242747716 1.2752362003148634 1.2753576763549552 1.2754791523950473 1.2756006284351393 1.2757221044752312 1.275843580515323 1.2759650565554148 1.2760865325955066 1.2762080086355987 1.2763294846756905 1.2764509607157823 1.2765724367558742 1.276693912795966 1.276815388836058 1.2769368648761499 1.277058340916242 1.2771798169563338 1.2773012929964256 1.2774227690365176 1.2775442450766095 1.2776657211167013 1.2749974484565343 1.2693468713275775 1.2636962941986205 1.2580457170696637 -9999.0 -9999.0 -9999.0 -9999.0 -9999.0 1.224142254295913 1.2184916771669563 1.2128411000379995 1.2071905229090427 1.2015399457800857
1.2857513577386082 1.285887354510588 1.286023351282568 1.286159348054548 1.286295344826528 1.2864313415985078 1.2865673383704879 1.2867033351424677 1.2868393319144478 1.2869753286864276 1.2871113254584077 1.2872473222303877 1.2873833190023678 1.2875193157743476 1.2876553125463277 1.2877913093183075 1.2879273060902876 1.2880633028622674 1.2881992996342475 1.2883352964062273 1.2884712931782072 1.2886072899501873 1.288743286722167 1.2888792834941472 1.2890152802661272 1.2891512770381073 1.2892872738100871 1.2894232705820672 1.289559267354047 1.289695264126027 1.2869909361606968 1.281250236798865 1.2755095374370329 -9999.0 -9999.0 -9999.0 -9999.0 -9999.0 -9999.0 1.2353246419041994 1.2295839425423674 1.2238432431805355 1.2181025438187034 1.2123618444568716
1.2887757721110138 1.2889148695872155 1.2890539670634171 1.289193064539619 1.2893321620158207 1.2894712594920223 1.289610356968224 1.2897494544444257 1.2898885519206273 1.2900276493968292 1.290166746873031 1.2903058443492328 1.2904449418254345 1.2905840393016361 1.2907231367778378 1.2908622342540397 1.2910013317302413 1.291140429206443 1.2912795266826447 1.2914186241588463 1.291557721635048 1.29169681911125 1.2918359165874516 1.2919750140636532 1.2921141115398551 1.2922532090160568 1.2923923064922584 1.2925314039684603 1.292670501444662 1.2928095989208637 1.2901591937909413 1.2845267472724262 -9999.0 -9999.0 -9999.0 -9999.0 -9999.0 -9999.0 -9999.0 -9999.0 1.2338347286057816 1.2282022820872665 1.2225698355687515 -9999.0
1.2826244021671613 1.2827543930577288 1.2828843839482962 1.2830143748388636 1.2831443657294312 1.2832743566199987 1.283404347510566 1.2835343384011335 1.283664329291701 1.2837943201822686 1.283924311072836 1.2840543019634036 1.284184292853971 1.2843142837445387 1.2844442746351061 1.2845742655256736 1.284704256416241 1.2848342473068086 1.284964238197376 1.2850942290879435 1.2852242199785109 1.2853542108690785 1.285484201759646 1.2856141926502134 1.285744183540781 1.2858741744313487 1.286004165321916 1.2861341562124835 1.286264147103051 1.2863941379936183 1.283893836660722 -9999.0 -9999.0 -9999.0 -9999.0 -9999.0 -9999.0 -9999.0 -9999.0 -9999.0 -9999.0 -9999.0 -9999.0 -9999.0
