Figures/CREST_Example_wjb_NSE/PETs/wjb.pet.20090508.asc
ncols            288
nrows            254
xllcorner        113.274861
yllcorner        31.4918055
cellsize         0.008333333333
NODATA_value     -9999
[rows 160 to 179 of 254, columns 220 to 263 of 288]
3.2965632042665334 3.296188611776818 3.2943638828069832 3.2909889251207876 3.287613967434592 3.2842390097483958 3.2808640520622 3.2774890943760044 3.2741141366898088 3.270739179003613 3.2673642213174174 3.2639892636312218 3.2606143059450257 3.25723934825883 3.2538643905726286 3.250489432886433 3.247114475200237 3.2437395175140415 3.240364559827846 3.2369896021416498 3.233614644455454 3.2302396867692584 3.2268647290830628 3.223489771396867 3.2201148137106714 3.2167398560244758 3.2133648983382797 3.209989940652078 3.2066149829658825 3.203240025279687 3.199865067593491 3.1964901099072955 3.1930201296934366 3.1894485682464926 3.1858770067995485 3.1823054453526045 3.1787338839056605 3.1751623224587164 3.1715907610117724 3.1680191995648284 3.1644476381178785 3.1608760766709345 3.1573045152239905 3.1537329537770464
3.2855703582297844 3.2851762509649194 3.283343745556367 3.27997355997876 3.276603374401152 3.273233188823544 3.269863003245937 3.266492817668329 3.2631226320907216 3.259752446513114 3.2563822609355064 3.2530120753578986 3.2496418897802912 3.2462717042026834 3.2429015186250703 3.2395313330474624 3.236161147469855 3.2327909618922472 3.22942077631464 3.226050590737032 3.2226804051594247 3.219310219581817 3.2159400340042095 3.2125698484266016 3.2091996628489943 3.2058294772713865 3.202459291693779 3.1990891061161655 3.195718920538558 3.1923487349609503 3.188978549383343 3.185608363805735 3.182168998034884 3.1786556770714314 3.175142356107979 3.1716290351445267 3.168115714181074 3.1646023932176215 3.161089072254169 3.1575757512907168 3.154062430327258 3.150549109363806 3.1470357884003533 3.1435224674369007
3.2745775121930354 3.274163890153021 3.272323608305751 3.2689581948367317 3.265592781367712 3.262227367898693 3.2588619544296735 3.255496540960654 3.2521311274916345 3.248765714022615 3.2454003005535954 3.242034887084576 3.2386694736155563 3.2353040601465373 3.231938646677512 3.2285732332084924 3.225207819739473 3.2218424062704534 3.218476992801434 3.2151115793324143 3.211746165863395 3.2083807523943757 3.205015338925356 3.2016499254563366 3.198284511987317 3.1949190985182976 3.191553685049278 3.1881882715802528 3.1848228581112337 3.181457444642214 3.1780920311731946 3.174726617704175 3.1713178663763313 3.16786278589637 3.1644077054164095 3.1609526249364484 3.1574975444564877 3.1540424639765265 3.1505873834965654 3.1471323030166047 3.143677222536638 3.1402221420566767 3.136767061576716 3.133311981096755
3.2635846661562775 3.263151529341113 3.261303471055126 3.2579428296946946 3.2545821883342634 3.251221546973832 3.2478609056134005 3.2445002642529692 3.241139622892538 3.2377789815321067 3.2344183401716755 3.231057698811244 3.2276970574508126 3.2243364160903814 3.2209757747299443 3.217615133369513 3.214254492009082 3.21089385064865 3.207533209288219 3.2041725679277877 3.2008119265673565 3.197451285206925 3.1940906438464935 3.1907300024860623 3.187369361125631 3.1840087197652 3.180648078404768 3.177287437044331 3.1739267956839 3.1705661543234687 3.1672055129630374 3.163844871602606 3.1604667347177697 3.1570698947213 3.153673054724831 3.1502762147283616 3.1468793747318924 3.1434825347354227 3.1400856947389535 3.1366888547424843 3.133292014746009 3.1298951747495396 3.1264983347530704 3.1231014947566007
3.2525918201195285 3.2521391685292143 3.25028333380451 3.246927464552667 3.2435715953008235 3.2402157260489806 3.236859856797137 3.2335039875452942 3.230148118293451 3.2267922490416074 3.2234363797897645 3.220080510537921 3.216724641286078 3.2133687720342348 3.210012902782386 3.2066570335305427 3.2033011642786997 3.1999452950268563 3.196589425775013 3.19323355652317 3.1898776872713266 3.1865218180194836 3.1831659487676403 3.1798100795157973 3.176454210263954 3.1730983410121105 3.1697424717602676 3.1663866025084184 3.1630307332565755 3.159674864004732 3.156318994752889 3.1529631255010457 3.149615603059217 3.1462770035462393 3.142938404033261 3.1395998045202833 3.1362612050073055 3.1329226054943278 3.12958400598135 3.1262454064683722 3.1229068069553887 3.119568207442411 3.116229607929433 3.1128910084164554
3.2415989740827795 3.241126807717315 3.2392631965538943 3.235912099410639 3.232561002267384 3.229209905124129 3.225858807980874 3.2225077108376188 3.2191566136943637 3.2158055165511086 3.2124544194078535 3.2091033222645984 3.2057522251213433 3.202401127978088 3.1990500308348273 3.1956989336915727 3.1923478365483176 3.1889967394050625 3.1856456422618074 3.1822945451185523 3.178943447975297 3.175592350832042 3.172241253688787 3.168890156545532 3.1655390594022768 3.1621879622590217 3.1588368651157666 3.1554857679725057 3.152134670829251 3.148783573685996 3.145432476542741 3.1420813793994857 3.1387644714006644 3.135484112371178 3.1322037533416918 3.1289233943122055 3.125643035282719 3.122362676253233 3.1190823172237465 3.11580195819426 3.1125215991647686 3.1092412401352822 3.105960881105796 3.1026805220763096
3.2306061280460314 3.230114446905417 3.2282430593032787 3.2248967342686115 3.2215504092339446 3.218204084199278 3.2148577591646106 3.2115114341299438 3.208165109095277 3.20481878406061 3.201472459025943 3.198126133991276 3.1947798089566093 3.191433483921942 3.1880871588872695 3.1847408338526026 3.181394508817936 3.1780481837832686 3.174701858748602 3.171355533713935 3.1680092086792677 3.164662883644601 3.161316558609934 3.1579702335752673 3.1546239085406 3.1512775835059332 3.1479312584712664 3.144584933436594 3.1412386084019266 3.13789228336726 3.134545958332593 3.1311996332979257 3.1279133397421117 3.1246912211961173 3.1214691026501225 3.1182469841041276 3.115024865558133 3.1118027470121383 3.1085806284661435 3.1053585099201486 3.1021363913741484 3.098914272828154 3.095692154282159 3.0924700357361643
3.2196132820092824 3.2191020860935184 3.2172229220526627 3.2138813691265837 3.2105398162005048 3.2071982632744263 3.2038567103483473 3.2005151574222683 3.19717360449619 3.193832051570111 3.190490498644032 3.1871489457179534 3.1838073927918744 3.1804658398657955 3.177124286939711 3.173782734013632 3.1704411810875537 3.1670996281614747 3.1637580752353958 3.1604165223093172 3.1570749693832383 3.1537334164571593 3.150391863531081 3.147050310605002 3.143708757678923 3.1403672047528444 3.1370256518267654 3.133684098900681 3.130342545974602 3.127000993048523 3.1236594401224447 3.1203178871963657 3.117062208083559 3.113898330021056 3.1107344519585527 3.1075705738960497 3.1044066958335463 3.1012428177710434 3.09807893970854 3.0949150616460366 3.0917511835835283 3.088587305521025 3.085423427458522 3.0822595493960185
3.2086204359725334 3.20808972528162 3.2062027848020467 3.202866003984556 3.1995292231670653 3.1961924423495747 3.192855661532084 3.1895188807145933 3.1861820998971027 3.182845319079612 3.1795085382621213 3.1761717574446307 3.17283497662714 3.1694981958096493 3.166161414992153 3.162824634174662 3.1594878533571715 3.156151072539681 3.15281429172219 3.1494775109046995 3.146140730087209 3.142803949269718 3.1394671684522275 3.1361303876347364 3.1327936068172457 3.129456825999755 3.1261200451822644 3.1227832643647684 3.1194464835472777 3.116109702729787 3.1127729219122964 3.1094361410948053 3.1062110764250064 3.103105438845995 3.099999801266983 3.0968941636879714 3.09378852610896 3.090682888529948 3.0875772509509365 3.084471613371925 3.0813659757929077 3.078260338213896 3.0751547006348847 3.0720490630558728
3.197627589935785 3.197077364469721 3.1951826475514307 3.1918506388425283 3.1885186301336255 3.185186621424723 3.1818546127158207 3.178522604006918 3.1751905952980155 3.171858586589113 3.1685265778802103 3.165194569171308 3.161862560462405 3.1585305517535027 3.1551985430445946 3.151866534335692 3.1485345256267894 3.145202516917887 3.1418705082089846 3.138538499500082 3.1352064907911794 3.1318744820822766 3.128542473373374 3.125210464664472 3.121878455955569 3.1185464472466666 3.1152144385377643 3.1118824298288557 3.1085504211199533 3.105218412411051 3.101886403702148 3.0985543949932457 3.095359944766454 3.092312547670934 3.089265150575414 3.086217753479894 3.0831703563843735 3.0801229592888535 3.0770755621933334 3.0740281650978134 3.070980768002288 3.067933370906768 3.064885973811248 3.0618385767157275
3.1866347438990266 3.186065003657813 3.1841625103008053 3.180835273700491 3.1775080371001767 3.174180800499862 3.1708535638995476 3.1675263272992336 3.164199090698919 3.1608718540986045 3.15754461749829 3.154217380897976 3.1508901442976613 3.147562907697347 3.144235671097027 3.1409084344967124 3.137581197896398 3.134253961296084 3.1309267246957693 3.1275994880954547 3.12427225149514 3.120945014894826 3.1176177782945116 3.114290541694197 3.1109633050938825 3.1076360684935684 3.104308831893254 3.100981595292934 3.0976543586926195 3.094327122092305 3.0909998854919905 3.0876726488916764 3.084508813107892 3.0815196564958636 3.078530499883835 3.0755413432718064 3.072552186659778 3.0695630300477497 3.066573873435721 3.0635847168236925 3.0605955602116586 3.0576064035996304 3.054617246987602 3.0516280903755733
3.175641897862278 3.1750526428459143 3.1731423730501893 3.169819908558463 3.166497444066737 3.1631749795750106 3.1598525150832844 3.156530050591558 3.153207586099832 3.1498851216081056 3.1465626571163794 3.143240192624653 3.1399177281329265 3.1365952636412002 3.133272799149468 3.129950334657742 3.1266278701660157 3.1233054056742895 3.1199829411825633 3.116660476690837 3.1133380121991108 3.1100155477073845 3.1066930832156583 3.103370618723932 3.100048154232206 3.096725689740479 3.093403225248753 3.0900807607570213 3.0867582962652946 3.0834358317735684 3.080113367281842 3.076790902790116 3.0736576814493395 3.0707267653208024 3.0677958491922657 3.0648649330637285 3.0619340169351914 3.0590031008066543 3.0560721846781176 3.0531412685495805 3.0502103524210384 3.0472794362925018 -9999.0 -9999.0
3.1646490518255295 3.164040282034016 3.1621222357995737 3.158804543416436 3.155486851033298 3.1521691586501595 3.1488514662670215 3.145533773883883 3.142216081500745 3.1388983891176068 3.135580696734469 3.1322630043513304 3.1289453119681925 3.125627619585054 3.1223099272019104 3.1189922348187724 3.115674542435634 3.112356850052496 3.1090391576693577 3.1057214652862197 3.102403772903082 3.0990860805199434 3.0957683881368054 3.092450695753667 3.089133003370529 3.0858153109873907 3.0824976186042528 3.079179926221109 3.0758622338379706 3.0725445414548327 3.0692268490716943 3.0659091566885563 3.0628065497907873 3.0599338741457416 3.0570611985006964 3.0541885228556507 3.0513158472106054 3.0484431715655598 3.0455704959205145 3.042697820275469 3.0398251446304188 -9999.0 -9999.0 -9999.0
3.1536562057887805 3.1530279212221175 3.151102098548958 3.147789178274408 3.144476257999858 3.141163337725308 3.1378504174507578 3.1345374971762077 3.131224576901658 3.127911656627108 3.124598736352558 3.1212858160780077 3.1179728958034576 3.114659975528908 3.111347055254352 3.108034134979802 3.104721214705252 3.101408294430702 3.098095374156152 3.094782453881602 3.091469533607052 3.088156613332502 3.0848436930579517 3.081530772783402 3.078217852508852 3.074904932234302 3.0715920119597517 3.0682790916851963 3.064966171410646 3.061653251136096 3.058340330861546 3.055027410586996 3.0519554181322346 3.0491409829706804 3.0463265478091266 3.043512112647573 3.0406976774860186 3.037883242324465 3.035068807162911 -9999.0 -9999.0 -9999.0 -9999.0 -9999.0
3.1426633597520315 3.1420155604102185 3.140081961298342 3.1367738131323804 3.133465664966418 3.1301575168004563 3.1268493686344945 3.1235412204685327 3.120233072302571 3.1169249241366086 3.113616775970647 3.110308627804685 3.107000479638723 3.1036923314727614 3.1003841833067938 3.097076035140832 3.0937678869748697 3.090459738808908 3.087151590642946 3.0838434424769843 3.0805352943110225 3.0772271461450607 3.0739189979790984 3.0706108498131366 3.067302701647175 3.063994553481213 3.060686405315251 3.0573782571492836 3.0540701089833218 3.0507619608173595 3.0474538126513977 3.044145664485436 3.0411042864736815 3.038348091795619 3.035591897117557 3.0328357024394945 3.030079507761432 3.02732331308337 -9999.0 -9999.0 -9999.0 -9999.0 -9999.0 -9999.0
3.131670513715283 3.13100319959832 3.129061824047726 3.125758447990352 3.1224550719329787 3.1191516958756047 3.115848319818231 3.112544943760857 3.1092415677034837 3.1059381916461097 3.102634815588736 3.0993314395313623 3.0960280634739887 3.0927246874166148 3.0894213113592355 3.0861179353018615 3.082814559244488 3.079511183187114 3.0762078071297405 3.0729044310723665 3.069601055014993 3.066297678957619 3.0629943029002455 3.0596909268428716 3.056387550785498 3.053084174728124 3.0497807986707506 3.0464774226133713 3.0431740465559973 3.039870670498624 3.03656729444125 3.0332639183838763 3.0302531548151292 3.0275552006205584 3.0248572464259875 3.0221592922314167 3.0194613380368462 3.0167633838422754 -9999.0 -9999.0 -9999.0 -9999.0 -9999.0 -9999.0
3.1206776676785246 3.119990838786412 3.118041686797101 3.114743082848315 3.1114444788995295 3.108145874950744 3.104847271001958 3.101548667053173 3.098250063104387 3.0949514591556015 3.091652855206816 3.08835425125803 3.0850556473092445 3.081757043360459 3.078458439411668 3.075159835462882 3.0718612315140965 3.068562627565311 3.065264023616525 3.0619654196677395 3.058666815718954 3.0553682117701686 3.052069607821383 3.0487710038725973 3.0454723999238116 3.042173795975026 3.0388751920262402 3.0355765880774492 3.0322779841286636 3.028979380179878 3.025680776231092 3.0223821722823065 3.0194020231565672 3.0167623094454883 3.014122595734409 3.0114828820233295 3.0088431683122505 -9999.0 -9999.0 -9999.0 -9999.0 -9999.0 -9999.0 -9999.0
3.109684821641776 3.1089784779745133 3.107021549546485 3.1037277177062874 3.10043388586609 3.097140054025892 3.093846222185695 3.0905523903454974 3.0872585585053 3.0839647266651027 3.080670894824905 3.0773770629847075 3.07408323114451 3.0707893993043127 3.0674955674641096 3.064201735623912 3.060907903783715 3.057614071943517 3.0543202401033196 3.051026408263122 3.047732576422925 3.044438744582727 3.0411449127425296 3.0378510809023322 3.034557249062135 3.0312634172219375 3.0279695853817397 3.024675753541537 3.021381921701339 3.0180880898611417 3.0147942580209444 3.011500426180747 3.008550891498015 3.0059694182704275 3.0033879450428396 3.000806471815252 -9999.0 -9999.0 -9999.0 -9999.0 -9999.0 -9999.0 -9999.0 -9999.0
3.1049615452392443 3.1042223802224345 3.1022776738369493 3.09904421644485 3.095810759052751 3.092577301660652 3.089343844268553 3.0861103868764537 3.0828769294843545 3.0796434720922554 3.0764100147001563 3.0731765573080576 3.0699430999159585 3.0667096425238594 3.0634761851317545 3.0602427277396558 3.0570092703475567 3.0537758129554575 3.0505423555633584 3.0473088981712593 3.04407544077916 3.040841983387061 3.037608525994962 3.0343750686028628 3.0311416112107636 3.0279081538186645 3.024674696426566 3.021441239034461 3.018207781642362 3.0149743242502627 3.011740866858164 3.008507409466065 3.005590026407367 3.003010533966013 3.0004310415246587 -9999.0 -9999.0 -9999.0 -9999.0 -9999.0 -9999.0 -9999.0 -9999.0 -9999.0
3.106940043586973 3.106153833331336 3.1042427261043004 3.1011290785564634 3.0980154310086263 3.0949017834607893 3.091788135912952 3.088674488365115 3.085560840817278 3.082447193269441 3.079333545721604 3.076219898173767 3.07310625062593 3.069992603078093 3.0668789555302505 3.0637653079824134 3.0606516604345764 3.0575380128867393 3.0544243653389023 3.0513107177910657 3.0481970702432286 3.0450834226953916 3.0419697751475545 3.0388561275997175 3.0357424800518804 3.0326288325040434 3.0295151849562063 3.026401537408364 3.023287889860527 3.02017424231269 3.0170605947648528 3.0139469472170157 3.011063358931978 3.0084257092066955 3.0057880594814135 -9999.0 -9999.0 -9999.0 -9999.0 -9999.0 -9999.0 -9999.0 -9999.0 -9999.0
