Figures/CREST_Example_wjb_NSE/PETs/wjb.pet.20091007.asc
ncols            288
nrows            254
xllcorner        113.274861
yllcorner        31.4918055
cellsize         0.008333333333
NODATA_value     -9999
[rows 180 to 199 of 254, columns 132 to 175 of 288]
2.006131880188847 2.0077474812955813 2.0093630824023156 2.01097868350905 2.0125942846157843 2.0142098857225186 2.015825486829253 2.017441087935987 2.0190566890427215 2.020672290149456 2.02228789125619 2.023903492362927 2.0255190934696614 2.0271346945763957 2.02875029568313 2.0303658967898643 2.0319814978965987 2.033597099003333 2.0352127001100673 2.0368283012168016 2.038443902323536 2.04005950343027 2.0416751045370045 2.043290705643739 2.044906306750476 2.04652190785721 2.0481375089639444 2.0497531100706787 2.051368711177413 2.0529843122841474 2.053681422749201 2.05339664594069 2.0531118691321795 2.052827092323669 2.052542315515158 2.0522575387066473 2.0519727618981367 2.0516879850896252 2.0514032082811147 2.051118431472604 2.050833654664093 2.0505488778555825 2.050264101047072 2.049979324238561
2.00599084732314 2.007634006343705 2.0092771653642703 2.0109203243848355 2.0125634834054007 2.014206642425966 2.0158498014465307 2.017492960467096 2.019136119487661 2.0207792785082264 2.0224224375287916 2.0240655965493595 2.0257087555699247 2.02735191459049 2.028995073611055 2.0306382326316204 2.0322813916521856 2.033924550672751 2.035567709693316 2.0372108687138812 2.0388540277344465 2.0404971867550112 2.0421403457755765 2.0437835047961417 2.04542666381671 2.047069822837275 2.04871298185784 2.0503561408784052 2.0519992998989705 2.0536424589195357 2.054347060872994 2.0540483240901763 2.0537495873073586 2.053450850524541 2.053152113741723 2.0528533769589052 2.0525546401760875 2.052255903393269 2.051957166610451 2.0516584298276332 2.0513596930448155 2.0510609562619977 2.05076221947918 2.050463482696362
2.005849814457433 2.007520531391829 2.0091912483262253 2.010861965260621 2.012532682195017 2.0142033991294133 2.0158741160638094 2.0175448329982055 2.019215549932601 2.0208862668669973 2.0225569838013935 2.0242277007357923 2.0258984176701884 2.0275691346045845 2.0292398515389807 2.0309105684733764 2.0325812854077725 2.0342520023421686 2.0359227192765648 2.0375934362109605 2.0392641531453566 2.0409348700797527 2.042605587014149 2.044276303948545 2.045947020882944 2.04761773781734 2.0492884547517356 2.0509591716861317 2.052629888620528 2.054300605554924 2.0550126989967876 2.0547000022396626 2.0543873054825377 2.0540746087254127 2.0537619119682877 2.053449215211163 2.053136518454038 2.052823821696913 2.052511124939788 2.052198428182663 2.051885731425538 2.051573034668413 2.051260337911288 2.0509476411541634
2.005708781591726 2.007407056439953 2.00910533128818 2.0108036061364065 2.0125018809846336 2.0142001558328606 2.0158984306810876 2.0175967055293142 2.0192949803775413 2.0209932552257683 2.022691530073995 2.024389804922225 2.0260880797704517 2.0277863546186787 2.0294846294669058 2.031182904315133 2.0328811791633594 2.0345794540115865 2.0362777288598135 2.0379760037080406 2.039674278556267 2.041372553404494 2.0430708282527212 2.044769103100948 2.046467377949178 2.0481656527974046 2.0498639276456316 2.0515622024938587 2.0532604773420857 2.0549587521903123 2.055678337120581 2.0553516803891494 2.055025023657717 2.054698366926285 2.0543717101948533 2.054045053463421 2.0537183967319894 2.053391740000557 2.0530650832691246 2.0527384265376925 2.0524117698062607 2.0520851130748285 2.051758456343397 2.0514317996119646
2.0055677487260186 2.0072935814880766 2.0090194142501345 2.010745247012192 2.01247107977425 2.0141969125363075 2.0159227452983655 2.0176485780604234 2.019374410822481 2.021100243584539 2.022826076346597 2.0245519091086575 2.0262777418707154 2.028003574632773 2.029729407394831 2.0314552401568884 2.0331810729189463 2.0349069056810043 2.036632738443062 2.0383585712051198 2.0400844039671777 2.0418102367292352 2.043536069491293 2.045261902253351 2.0469877350154118 2.0487135677774697 2.0504394005395272 2.052165233301585 2.0538910660636427 2.0556168988257006 2.0563439752443746 2.0560033585386353 2.0556627418328963 2.0553221251271574 2.054981508421418 2.054640891715679 2.0543002750099397 2.0539596583042004 2.053619041598461 2.053278424892722 2.0529378081869827 2.0525971914812438 2.052256574775505 2.0519159580697655
2.0054267158603114 2.0071801065362003 2.0089334972120887 2.0106868878879776 2.0124402785638664 2.014193669239755 2.0159470599156437 2.017700450591532 2.019453841267421 2.0212072319433094 2.0229606226191983 2.02471401329509 2.0264674039709787 2.028220794646867 2.029974185322756 2.0317275759986444 2.0334809666745333 2.0352343573504217 2.0369877480263106 2.038741138702199 2.040494529378088 2.0422479200539767 2.044001310729865 2.045754701405754 2.0475080920816455 2.0492614827575344 2.051014873433423 2.0527682641093117 2.0545216547852 2.056275045461089 2.0570096133681677 2.0566550366881216 2.0563004600080754 2.0559458833280293 2.055591306647983 2.055236729967937 2.0548821532878905 2.054527576607844 2.054172999927798 2.0538184232477517 2.0534638465677055 2.053109269887659 2.052754693207613 2.0524001165275667
2.0052856829946046 2.0070666315843244 2.0088475801740437 2.0106285287637635 2.012409477353483 2.0141904259432026 2.015971374532922 2.0177523231226417 2.019533271712361 2.021314220302081 2.0230951688918 2.0248761174815226 2.0266570660712424 2.0284380146609617 2.0302189632506815 2.031999911840401 2.0337808604301206 2.03556180901984 2.0373427576095597 2.039123706199279 2.0409046547889984 2.042685603378718 2.0444665519684375 2.0462475005581573 2.0480284491478797 2.0498093977375995 2.051590346327319 2.053371294917038 2.055152243506758 2.0569331920964773 2.0576752514919616 2.0573067148376083 2.056938178183255 2.0565696415289016 2.0562011048745483 2.055832568220195 2.0554640315658417 2.055095494911488 2.0547269582571346 2.0543584216027813 2.053989884948428 2.0536213482940746 2.0532528116397213 2.0528842749853684
2.0051446501288974 2.006953156632448 2.0087616631359984 2.010570169639549 2.0123786761430993 2.0141871826466495 2.0159956891502 2.0178041956537505 2.0196127021573007 2.0214212086608514 2.0232297151644016 2.025038221667955 2.0268467281715057 2.028655234675056 2.0304637411786066 2.032272247682157 2.034080754185707 2.035889260689258 2.037697767192808 2.0395062736963583 2.041314780199909 2.043123286703459 2.04493179320701 2.04674029971056 2.0485488062141135 2.050357312717664 2.0521658192212144 2.0539743257247647 2.0557828322283154 2.0575913387318656 2.0583408896157547 2.057958392987094 2.057575896358434 2.0571933997297736 2.056810903101113 2.056428406472453 2.0560459098437924 2.0556634132151315 2.055280916586471 2.054898419957811 2.0545159233291503 2.05413342670049 2.0537509300718297 2.053368433443169
2.005003617263191 2.0068396816805723 2.0086757460979534 2.0105118105153346 2.012347874932716 2.0141839393500973 2.0160200037674785 2.0178560681848596 2.019692132602241 2.0215281970196224 2.0233642614370035 2.025200325854388 2.0270363902717694 2.0288724546891506 2.0307085191065317 2.032544583523913 2.034380647941294 2.0362167123586756 2.038052776776057 2.039888841193438 2.041724905610819 2.0435609700282007 2.045397034445582 2.047233098862963 2.0490691632803477 2.050905227697729 2.05274129211511 2.054577356532491 2.0564134209498723 2.058249485367254 2.059006527739548 2.0586100711365805 2.058213614533613 2.0578171579306455 2.057420701327678 2.0570242447247105 2.056627788121743 2.056231331518775 2.0558348749158077 2.05543841831284 2.0550419617098727 2.0546455051069055 2.0542490485039377 2.0538525919009705
2.004862584397484 2.006726206728696 2.008589829059908 2.01045345139112 2.012317073722332 2.0141806960535447 2.0160443183847567 2.017907940715969 2.019771563047181 2.021635185378393 2.023498807709605 2.0253624300408206 2.0272260523720327 2.0290896747032448 2.030953297034457 2.0328169193656693 2.0346805416968814 2.0365441640280935 2.0384077863593055 2.0402714086905176 2.04213503102173 2.043998653352942 2.0458622756841542 2.0477258980153663 2.0495895203465815 2.051453142677794 2.053316765009006 2.055180387340218 2.05704400967143 2.0589076320026423 2.0596721658633417 2.059261749286067 2.0588513327087927 2.058440916131518 2.0580304995542433 2.057620082976969 2.0572096663996944 2.056799249822419 2.0563888332451445 2.05597841666787 2.0555680000905956 2.0551575835133207 2.054747166936046 2.0543367503587717
2.0047215515317767 2.0066127317768196 2.0085039120218626 2.0103950922669056 2.0122862725119486 2.0141774527569916 2.0160686330020345 2.0179598132470775 2.0198509934921205 2.021742173737164 2.023633353982207 2.025524534227253 2.027415714472296 2.029306894717339 2.031198074962382 2.033089255207425 2.0349804354524683 2.0368716156975113 2.0387627959425543 2.0406539761875973 2.0425451564326402 2.044436336677683 2.046327516922726 2.048218697167769 2.0501098774128157 2.0520010576578587 2.0538922379029017 2.0557834181479446 2.0576745983929876 2.0595657786380306 2.0603378039871347 2.059913427435553 2.059489050883972 2.05906467433239 2.0586402977808085 2.058215921229227 2.057791544677645 2.0573671681260626 2.056942791574481 2.0565184150228992 2.0560940384713176 2.055669661919736 2.055245285368154 2.0548209088165725
2.0045805186660695 2.0064992568249433 2.0084179949838172 2.010336733142691 2.012255471301565 2.014174209460439 2.016092947619313 2.0180116857781867 2.0199304239370606 2.0218491620959345 2.0237679002548083 2.0256866384136853 2.0276053765725592 2.029524114731433 2.031442852890307 2.033361591049181 2.035280329208055 2.0371990673669287 2.0391178055258026 2.0410365436846765 2.0429552818435504 2.0448740200024242 2.046792758161298 2.048711496320172 2.0506302344790495 2.0525489726379234 2.0544677107967972 2.056386448955671 2.058305187114545 2.060223925273419 2.0610034421109282 2.0605651055850394 2.060126769059151 2.059688432533262 2.059250096007373 2.0588117594814843 2.058373422955596 2.057935086429706 2.0574967499038177 2.057058413377929 2.05662007685204 2.0561817403261515 2.0557434038002627 2.055305067274374
2.0044394858003627 2.0063857818730675 2.0083320779457723 2.0102783740184766 2.0122246700911814 2.0141709661638862 2.016117262236591 2.018063558309296 2.0200098543820006 2.0219561504547054 2.0239024465274102 2.025848742600118 2.027795038672823 2.0297413347455278 2.0316876308182326 2.0336339268909374 2.0355802229636417 2.0375265190363465 2.0394728151090513 2.041419111181756 2.043365407254461 2.0453117033271657 2.0472579993998705 2.0492042954725753 2.0511505915452832 2.053096887617988 2.055043183690693 2.0569894797633976 2.0589357758361024 2.060882071908807 2.0616690802347213 2.0612167837345257 2.06076448723433 2.060312190734134 2.0598598942339383 2.0594075977337423 2.0589553012335466 2.05850300473335 2.058050708233154 2.0575984117329584 2.0571461152327624 2.0566938187325667 2.056241522232371 2.055789225732175
2.0042984529346555 2.006272306921191 2.0082461609077265 2.010220014894262 2.012193868880798 2.0141677228673336 2.0161415768538693 2.0181154308404046 2.0200892848269403 2.022063138813476 2.0240369928000117 2.0260108467865505 2.0279847007730862 2.029958554759622 2.0319324087461577 2.033906262732693 2.0358801167192286 2.0378539707057644 2.0398278246923 2.0418016786788358 2.043775532665371 2.0457493866519068 2.0477232406384425 2.049697094624978 2.051670948611517 2.0536448025980527 2.0556186565845884 2.0575925105711237 2.0595663645576594 2.061540218544195 2.062334718358515 2.061868461884012 2.0614022054095087 2.060935948935006 2.060469692460503 2.060003435986 2.0595371795114974 2.0590709230369937 2.0586046665624904 2.0581384100879876 2.0576721536134848 2.057205897138982 2.056739640664479 2.056273384189976
2.0041574200689483 2.006158831969315 2.008160243869681 2.0101616557700477 2.0121630676704143 2.014164479570781 2.016165891471147 2.0181673033715137 2.0201687152718804 2.022170127172247 2.024171539072613 2.0261729509729833 2.02817436287335 2.030175774773716 2.0321771866740828 2.0341785985744494 2.0361800104748156 2.038181422375182 2.040182834275549 2.0421842461759154 2.0441856580762816 2.0461870699766482 2.048188481877015 2.0501898937773815 2.052191305677751 2.054192717578118 2.0561941294784845 2.0581955413788506 2.0601969532792173 2.062198365179584 2.0630003564823083 2.0625201400334983 2.0620399235846882 2.061559707135878 2.061079490687068 2.060599274238258 2.060119057789448 2.0596388413406377 2.0591586248918277 2.0586784084430176 2.0581981919942076 2.0577179755453976 2.0572377590965876 2.0567575426477775
2.0040163872032415 2.006045357017439 2.008074326831636 2.0101032966458336 2.0121322664600307 2.0141612362742283 2.016190206088426 2.018219175902623 2.0202481457168204 2.022277115531018 2.024306085345215 2.026335055159416 2.0283640249736132 2.0303929947878108 2.032421964602008 2.0344509344162054 2.036479904230403 2.0385088740446 2.0405378438587976 2.0425668136729946 2.044595783487192 2.0466247533013897 2.048653723115587 2.0506826929297843 2.052711662743985 2.0547406325581825 2.05676960237238 2.058798572186577 2.0608275420007747 2.0628565118149718 2.063665994606102 2.0631718181829846 2.0626776417598673 2.0621834653367506 2.0616892889136333 2.061195112490516 2.0607009360673993 2.0602067596442812 2.059712583221164 2.0592184067980472 2.05872423037493 2.058230053951813 2.0577358775286956 2.057241701105579
2.0038753543375343 2.0059318820655627 2.0079884097935907 2.010044937521619 2.012101465249647 2.0141579929776756 2.0162145207057036 2.018271048433732 2.02032757616176 2.0223841038897885 2.0244406316178165 2.0264971593458485 2.0285536870738765 2.030610214801905 2.032666742529933 2.0347232702579614 2.0367797979859894 2.038836325714018 2.040892853442046 2.0429493811700743 2.0450059088981023 2.0470624366261307 2.049118964354159 2.051175492082187 2.0532320198102187 2.055288547538247 2.057345075266275 2.0594016029943036 2.061458130722332 2.06351465845036 2.064331632729895 2.063823496332471 2.0633153599350464 2.0628072235376225 2.062299087140198 2.061790950742774 2.0612828143453497 2.060774677947925 2.0602665415505004 2.0597584051530764 2.059250268755652 2.058742132358228 2.058233995960804 2.0577258595633796
2.003734321471827 2.0058184071136864 2.0079024927555453 2.0099865783974047 2.0120706640392636 2.014154749681123 2.016238835322982 2.018322920964841 2.0204070066067 2.022491092248559 2.0245751778904184 2.026659263532281 2.0287433491741402 2.030827434815999 2.0329115204578585 2.0349956060997174 2.0370796917415768 2.0391637773834357 2.041247863025295 2.043331948667154 2.0454160343090133 2.047500119950872 2.049584205592731 2.0516682912345905 2.053752376876453 2.0558364625183123 2.0579205481601712 2.0600046338020306 2.0620887194438895 2.064172805085749 2.064997270853689 2.064475174481957 2.063953078110226 2.063430981738495 2.0629088853667636 2.062386788995032 2.061864692623301 2.061342596251569 2.0608204998798376 2.060298403508106 2.059776307136375 2.0592542107646437 2.0587321143929125 2.058210018021181
2.0035932886061203 2.0057049321618106 2.0078165757175004 2.00992821927319 2.0120398628288805 2.0141515063845703 2.01626314994026 2.0183747934959504 2.02048643705164 2.02259808060733 2.0247097241630203 2.0268213677187137 2.0289330112744035 2.0310446548300938 2.0331562983857836 2.0352679419414734 2.0373795854971637 2.0394912290528535 2.041602872608544 2.0437145161642336 2.0458261597199234 2.0479378032756137 2.0500494468313035 2.0521610903869933 2.054272733942687 2.056384377498377 2.058496021054067 2.060607664609757 2.062719308165447 2.0648309517211367 2.065662908977482 2.0651268526314435 2.064590796285405 2.0640547399393667 2.0635186835933284 2.06298262724729 2.0624465709012516 2.0619105145552123 2.061374458209174 2.0608384018631356 2.0603023455170972 2.059766289171059 2.0592302328250205 2.058694176478982
2.003452255740413 2.0055914572099343 2.007730658679455 2.0098698601489757 2.0120090616184965 2.0141482630880176 2.0162874645575384 2.018426666027059 2.02056586749658 2.022705068966101 2.0248442704356218 2.026983471905146 2.0291226733746672 2.031261874844188 2.0334010763137087 2.0355402777832294 2.0376794792527506 2.0398186807222713 2.041957882191792 2.044097083661313 2.046236285130834 2.0483754866003547 2.0505146880698755 2.052653889539396 2.054793091008921 2.0569322924784417 2.0590714939479624 2.0612106954174836 2.0633498968870043 2.065489098356525 2.0663285471012753 2.0657785307809298 2.065228514460584 2.0646784981402386 2.0641284818198935 2.063578465499548 2.0630284491792024 2.062478432858856 2.0619284165385103 2.061378400218165 2.0608283838978196 2.060278367577474 2.0597283512571285 2.0591783349367834
