Figures/CREST_Example_wjb_NSE/PETs/wjb.pet.20101206.asc
ncols            288
nrows            254
xllcorner        113.274861
yllcorner        31.4918055
cellsize         0.008333333333
NODATA_value     -9999
[rows 133 to 151 of 254, columns 220 to 263 of 288]
0.6787534646262546 0.6782965580996243 0.6776270938257363 0.6767304005094772 0.6758337071932182 0.6749370138769593 0.6740403205607002 0.6731436272444412 0.6722469339281822 0.6713502406119232 0.6704535472956642 0.6695568539794051 0.6686601606631462 0.6677634673468872 0.6668667740306267 0.6659700807143676 0.6650733873981086 0.6641766940818495 0.6632800007655906 0.6623833074493316 0.6614866141330725 0.6605899208168136 0.6596932275005546 0.6587965341842955 0.6578998408680365 0.6570031475517775 0.6561064542355185 0.655209760919258 0.654313067602999 0.6534163742867399 0.652519680970481 0.6516229876542219 0.6511574533597625 0.6511528378197015 0.6511482222796404 0.6511436067395794 0.6511389911995185 0.6511343756594574 0.6511297601193964 0.6511251445793353 0.6511205290392743 0.6511159134992134 0.6511112979591523 0.6511066824190913
0.679082487205391 0.6786223335722784 0.6779490877432283 0.6770480415340729 0.6761469953249175 0.6752459491157621 0.6743449029066068 0.6734438566974513 0.672542810488296 0.6716417642791406 0.6707407180699853 0.6698396718608298 0.6689386256516744 0.6680375794425191 0.6671365332333621 0.6662354870242068 0.6653344408150513 0.6644333946058959 0.6635323483967406 0.6626313021875851 0.6617302559784298 0.6608292097692744 0.6599281635601191 0.6590271173509636 0.6581260711418082 0.6572250249326529 0.6563239787234975 0.6554229325143406 0.6545218863051852 0.6536208400960297 0.6527197938868744 0.651818747677719 0.6513462750859468 0.6513319573927265 0.6513176396995062 0.6513033220062859 0.6512890043130657 0.6512746866198453 0.6512603689266251 0.6512460512334047 0.6512317335401845 0.6512174158469641 0.6512030981537439 0.6511887804605236
0.6794115097845275 0.6789481090449326 0.6782710816607205 0.6773656825586687 0.6764602834566169 0.6755548843545651 0.6746494852525133 0.6737440861504617 0.6728386870484099 0.6719332879463581 0.6710278888443063 0.6701224897422545 0.6692170906402027 0.668311691538151 0.6674062924360977 0.6665008933340459 0.6655954942319942 0.6646900951299424 0.6637846960278906 0.6628792969258388 0.661973897823787 0.6610684987217353 0.6601630996196836 0.6592577005176318 0.65835230141558 0.6574469023135282 0.6565415032114764 0.6556361041094232 0.6547307050073714 0.6538253059053196 0.6529199068032678 0.652014507701216 0.6515350968121312 0.6515110769657516 0.651487057119372 0.6514630372729925 0.6514390174266129 0.6514149975802334 0.6513909777338537 0.6513669578874741 0.6513429380410946 0.651318918194715 0.6512948983483354 0.6512708785019559
0.6797405323636638 0.6792738845175869 0.6785930755782126 0.6776833235832644 0.6767735715883163 0.6758638195933682 0.67495406759842 0.6740443156034719 0.6731345636085238 0.6722248116135756 0.6713150596186274 0.6704053076236792 0.6694955556287311 0.668585803633783 0.6676760516388333 0.6667662996438851 0.665856547648937 0.6649467956539888 0.6640370436590407 0.6631272916640925 0.6622175396691443 0.6613077876741962 0.660398035679248 0.6594882836842999 0.6585785316893518 0.6576687796944036 0.6567590276994555 0.6558492757045058 0.6549395237095575 0.6540297717146094 0.6531200197196613 0.6522102677247131 0.6517239185383155 0.6516901965387767 0.6516564745392378 0.6516227525396989 0.65158903054016 0.6515553085406213 0.6515215865410824 0.6514878645415435 0.6514541425420046 0.6514204205424657 0.651386698542927 0.6513529765433881
0.6800695549428005 0.6795996599902414 0.678915069495705 0.6780009646078604 0.6770868597200159 0.6761727548321714 0.6752586499443268 0.6743445450564823 0.6734304401686377 0.6725163352807932 0.6716022303929488 0.6706881255051041 0.6697740206172597 0.668859915729415 0.667945810841569 0.6670317059537245 0.6661176010658799 0.6652034961780354 0.6642893912901908 0.6633752864023463 0.6624611815145017 0.6615470766266572 0.6606329717388127 0.6597188668509681 0.6588047619631237 0.657890657075279 0.6569765521874346 0.6560624472995885 0.6551483424117439 0.6542342375238994 0.6533201326360548 0.6524060277482103 0.6519127402645 0.6518693161118018 0.6518258919591037 0.6517824678064056 0.6517390436537074 0.6516956195010093 0.6516521953483111 0.651608771195613 0.6515653470429148 0.6515219228902167 0.6514784987375185 0.6514350745848204
0.6803985775219369 0.6799254354628956 0.6792370634131971 0.6783186056324563 0.6774001478517153 0.6764816900709744 0.6755632322902335 0.6746447745094926 0.6737263167287516 0.6728078589480108 0.6718894011672698 0.6709709433865289 0.670052485605788 0.669134027825047 0.6682155700443045 0.6672971122635637 0.6663786544828227 0.6654601967020818 0.6645417389213409 0.6636232811406 0.662704823359859 0.6617863655791182 0.6608679077983772 0.6599494500176363 0.6590309922368954 0.6581125344561545 0.6571940766754135 0.656275618894671 0.6553571611139302 0.6544387033331892 0.6535202455524483 0.6526017877717074 0.6521015619906843 0.6520484356848268 0.6519953093789694 0.651942183073112 0.6518890567672546 0.6518359304613972 0.6517828041555398 0.6517296778496824 0.6516765515438249 0.6516234252379675 0.65157029893211 0.6515171726262526
0.6807276001010732 0.6802512109355497 0.6795590573306892 0.6786362466570519 0.6777134359834146 0.6767906253097773 0.67586781463614 0.6749450039625028 0.6740221932888655 0.6730993826152282 0.6721765719415909 0.6712537612679536 0.6703309505943162 0.6694081399206789 0.6684853292470401 0.6675625185734028 0.6666397078997655 0.6657168972261281 0.6647940865524908 0.6638712758788536 0.6629484652052163 0.662025654531579 0.6611028438579417 0.6601800331843044 0.6592572225106671 0.6583344118370298 0.6574116011633925 0.6564887904897536 0.6555659798161163 0.654643169142479 0.6537203584688418 0.6527975477952045 0.6522903837168686 0.6522275552578519 0.6521647267988352 0.6521018983398186 0.6520390698808018 0.6519762414217851 0.6519134129627685 0.6518505845037518 0.6517877560447349 0.6517249275857182 0.6516620991267016 0.6515992706676849
0.6810566226802097 0.680576986408204 0.6798810512481814 0.6789538876816477 0.678026724115114 0.6770995605485803 0.6761723969820467 0.675245233415513 0.6743180698489794 0.6733909062824456 0.6724637427159119 0.6715365791493783 0.6706094155828446 0.6696822520163109 0.6687550884497756 0.6678279248832419 0.6669007613167083 0.6659735977501746 0.665046434183641 0.6641192706171073 0.6631921070505735 0.6622649434840399 0.6613377799175062 0.6604106163509725 0.6594834527844389 0.6585562892179052 0.6576291256513715 0.6567019620848362 0.6557747985183026 0.6548476349517689 0.6539204713852352 0.6529933078187016 0.6524792054430529 0.652406674830877 0.6523341442187011 0.652261613606525 0.6521890829943491 0.6521165523821731 0.6520440217699971 0.6519714911578212 0.651898960545645 0.6518264299334691 0.651753899321293 0.6516813687091171
0.6813856452593461 0.6809027618808582 0.6802030451656735 0.6792715287062435 0.6783400122468134 0.6774084957873834 0.6764769793279533 0.6755454628685232 0.6746139464090932 0.6736824299496631 0.6727509134902331 0.671819397030803 0.6708878805713729 0.6699563641119429 0.6690248476525112 0.6680933311930811 0.6671618147336511 0.6662302982742211 0.665298781814791 0.664367265355361 0.6634357488959308 0.6625042324365008 0.6615727159770707 0.6606411995176407 0.6597096830582106 0.6587781665987805 0.6578466501393505 0.6569151336799188 0.6559836172204888 0.6550521007610587 0.6541205843016287 0.6531890678421985 0.6526680271692373 0.6525857944039021 0.6525035616385668 0.6524213288732316 0.6523390961078963 0.652256863342561 0.6521746305772258 0.6520923978118905 0.6520101650465552 0.6519279322812199 0.6518456995158847 0.6517634667505494
0.6817146678384826 0.6812285373535124 0.6805250390831658 0.6795891697308393 0.6786533003785128 0.6777174310261864 0.6767815616738599 0.6758456923215335 0.6749098229692071 0.6739739536168806 0.6730380842645541 0.6721022149122278 0.6711663455599013 0.6702304762075748 0.6692946068552468 0.6683587375029203 0.6674228681505939 0.6664869987982674 0.665551129445941 0.6646152600936146 0.6636793907412881 0.6627435213889616 0.6618076520366353 0.6608717826843088 0.6599359133319823 0.659000043979656 0.6580641746273295 0.6571283052750014 0.656192435922675 0.6552565665703486 0.6543206972180221 0.6533848278656956 0.6528568488954217 0.6527649139769272 0.6526729790584326 0.6525810441399381 0.6524891092214435 0.652397174302949 0.6523052393844545 0.6522133044659599 0.6521213695474652 0.6520294346289707 0.6519374997104761 0.6518455647919816
0.6820436904176189 0.6815543128261665 0.6808470330006577 0.6799068107554349 0.6789665885102121 0.6780263662649892 0.6770861440197665 0.6761459217745437 0.6752056995293209 0.674265477284098 0.6733252550388752 0.6723850327936524 0.6714448105484295 0.6705045883032067 0.6695643660579823 0.6686241438127595 0.6676839215675366 0.6667436993223138 0.665803477077091 0.6648632548318681 0.6639230325866454 0.6629828103414226 0.6620425880961998 0.6611023658509769 0.6601621436057541 0.6592219213605313 0.6582816991153084 0.657341476870084 0.6564012546248612 0.6554610323796384 0.6545208101344155 0.6535805878891927 0.653045670621606 0.6529440335499522 0.6528423964782983 0.6527407594066446 0.6526391223349908 0.6525374852633369 0.6524358481916831 0.6523342111200293 0.6522325740483753 0.6521309369767215 0.6520292999050676 0.6519276628334139
0.6823727129967556 0.6818800882988212 0.6811690269181503 0.680224451780031 0.6792798766419118 0.6783353015037926 0.6773907263656734 0.6764461512275542 0.675501576089435 0.6745570009513158 0.6736124258131966 0.6726678506750774 0.6717232755369581 0.6707787003988389 0.6698341252607181 0.6688895501225989 0.6679449749844797 0.6670003998463605 0.6660558247082413 0.665111249570122 0.6641666744320028 0.6632220992938836 0.6622775241557645 0.6613329490176452 0.660388373879526 0.6594437987414068 0.6584992236032876 0.6575546484651668 0.6566100733270476 0.6556654981889283 0.6547209230508091 0.6537763479126899 0.6532344923477905 0.6531231531229774 0.6530118138981643 0.6529004746733512 0.652789135448538 0.6526777962237249 0.6525664569989118 0.6524551177740987 0.6523437785492855 0.6522324393244724 0.6521211000996593 0.6520097608748462
0.682701735575892 0.6822058637714753 0.6814910208356423 0.6805420928046267 0.6795931647736111 0.6786442367425956 0.6776953087115799 0.6767463806805644 0.6757974526495488 0.6748485246185332 0.6738995965875176 0.672950668556502 0.6720017405254864 0.6710528124944708 0.6701038844634536 0.669154956432438 0.6682060284014224 0.6672571003704069 0.6663081723393912 0.6653592443083757 0.66441031627736 0.6634613882463445 0.662512460215329 0.6615635321843133 0.6606146041532978 0.6596656761222821 0.6587167480912666 0.6577678200602494 0.6568188920292337 0.6558699639982182 0.6549210359672025 0.653972107936187 0.6534233140739748 0.6533022726960024 0.6531812313180301 0.6530601899400577 0.6529391485620852 0.6528181071841129 0.6526970658061405 0.6525760244281681 0.6524549830501956 0.6523339416722231 0.6522129002942507 0.6520918589162784
0.6830307581550283 0.6825316392441295 0.6818130147531345 0.6808597338292225 0.6799064529053105 0.6789531719813986 0.6779998910574866 0.6770466101335746 0.6760933292096627 0.6751400482857507 0.6741867673618387 0.6732334864379267 0.6722802055140148 0.6713269245901028 0.6703736436661892 0.6694203627422772 0.6684670818183652 0.6675138008944532 0.6665605199705413 0.6656072390466293 0.6646539581227173 0.6637006771988054 0.6627473962748934 0.6617941153509814 0.6608408344270694 0.6598875535031575 0.6589342725792455 0.657980991655332 0.65702771073142 0.656074429807508 0.655121148883596 0.6541678679596841 0.6536121358001592 0.6534813922690275 0.6533506487378958 0.6532199052067642 0.6530891616756325 0.6529584181445008 0.6528276746133692 0.6526969310822375 0.6525661875511056 0.652435444019974 0.6523047004888423 0.6521739569577106
0.6833597807341648 0.6828574147167837 0.6821350086706266 0.6811773748538182 0.6802197410370099 0.6792621072202015 0.6783044734033932 0.6773468395865848 0.6763892057697766 0.6754315719529682 0.6744739381361599 0.6735163043193515 0.6725586705025431 0.6716010366857348 0.6706434028689248 0.6696857690521164 0.668728135235308 0.6677705014184997 0.6668128676016913 0.665855233784883 0.6648975999680746 0.6639399661512663 0.6629823323344579 0.6620246985176496 0.6610670647008412 0.6601094308840328 0.6591517970672245 0.6581941632504146 0.6572365294336062 0.6562788956167979 0.6553212617999895 0.6543636279831812 0.6538009575263435 0.6536605118420525 0.6535200661577616 0.6533796204734706 0.6532391747891797 0.6530987291048888 0.6529582834205978 0.6528178377363069 0.6526773920520157 0.6525369463677247 0.6523965006834338 0.6522560549991429
0.6832697606452383 0.6827686513206545 0.6820488613012683 0.6810952966700129 0.6801417320387575 0.6791881674075021 0.6782346027762467 0.6772810381449913 0.6763274735137359 0.6753739088824805 0.6744203442512251 0.6734667796199697 0.6725132149887143 0.6715596503574589 0.6706060857262018 0.6696525210949464 0.668698956463691 0.6677453918324356 0.6667918272011802 0.6658382625699248 0.6648846979386694 0.663931133307414 0.6629775686761586 0.6620240040449032 0.6610704394136478 0.6601168747823924 0.659163310151137 0.65820974551988 0.6572561808886246 0.6563026162573692 0.6553490516261138 0.6543954869948584 0.6538283620845396 0.6536743499836917 0.6535203378828436 0.6533663257819956 0.6532123136811476 0.6530583015802996 0.6529042894794516 0.6527502773786036 0.6525962652777553 0.6524422531769073 0.6522882410760593 0.6521342289752112
0.6827318103597495 0.6822367720054825 0.6815264366246632 0.6805859438499123 0.6796454510751616 0.6787049583004108 0.6777644655256599 0.6768239727509091 0.6758834799761583 0.6749429872014076 0.6740024944266567 0.6730620016519059 0.672121508877155 0.6711810161024042 0.6702405233276518 0.669300030552901 0.6683595377781503 0.6674190450033994 0.6664785522286486 0.6655380594538978 0.6645975666791469 0.6636570739043962 0.6627165811296454 0.6617760883548945 0.6608355955801437 0.6598951028053929 0.6589546100306422 0.6580141172558897 0.6570736244811388 0.6561331317063881 0.6551926389316373 0.6542521461568864 0.6536832218655662 0.6535115126941842 0.6533398035228022 0.6531680943514202 0.6529963851800382 0.6528246760086561 0.6526529668372741 0.6524812576658922 0.6523095484945098 0.6521378393231279 0.6519661301517459 0.6517944209803639
0.6821938600742603 0.68170489269031 0.6810040119480576 0.6800765910298114 0.6791491701115652 0.678221749193319 0.6772943282750727 0.6763669073568266 0.6754394864385804 0.6745120655203342 0.673584644602088 0.6726572236838417 0.6717298027655956 0.6708023818473493 0.6698749609291015 0.6689475400108553 0.6680201190926092 0.6670926981743629 0.6661652772561167 0.6652378563378705 0.6643104354196243 0.663383014501378 0.6624555935831319 0.6615281726648856 0.6606007517466395 0.6596733308283932 0.658745909910147 0.6578184889918992 0.656891068073653 0.6559636471554068 0.6550362262371606 0.6541088053189144 0.6535380816465927 0.6533486754046766 0.6531592691627606 0.6529698629208446 0.6527804566789286 0.6525910504370125 0.6524016441950965 0.6522122379531805 0.6520228317112642 0.6518334254693481 0.6516440192274321 0.6514546129855161
0.6816559097887717 0.6811730133751381 0.6804815872714526 0.679567238209711 0.6786528891479694 0.6777385400862277 0.6768241910244861 0.6759098419627445 0.6749954929010029 0.6740811438392612 0.6731667947775196 0.672252445715778 0.6713380966540364 0.6704237475922947 0.6695093985305516 0.66859504946881 0.6676807004070684 0.6667663513453267 0.6658520022835851 0.6649376532218435 0.6640233041601019 0.6631089550983602 0.6621946060366186 0.661280256974877 0.6603659079131354 0.6594515588513937 0.6585372097896521 0.657622860727909 0.6567085116661673 0.6557941626044257 0.6548798135426841 0.6539654644809425 0.6533929414276192 0.6531858381151692 0.6529787348027192 0.6527716314902691 0.6525645281778191 0.6523574248653691 0.6521503215529191 0.6519432182404691 0.6517361149280186 0.6515290116155686 0.6513219083031186 0.6511148049906686
