Figures/CREST_Example_wjb_NSE/PETs/wjb.pet.20090808.asc
ncols            288
nrows            254
xllcorner        113.274861
yllcorner        31.4918055
cellsize         0.008333333333
NODATA_value     -9999
[rows 20 to 39 of 254, columns 44 to 87 of 288]
1.4575491987943041 1.4555036088895823 1.4534580189848605 1.4514124290801385 1.4493668391754166 1.4473212492706946 1.4452756593659728 1.443230069461251 1.4411844795565256 1.4391388896518036 1.4370932997470818 1.4350477098423597 -9999.0 -9999.0 -9999.0 -9999.0 -9999.0 -9999.0 -9999.0 -9999.0 -9999.0 -9999.0 -9999.0 -9999.0 -9999.0 -9999.0 1.404363861271528 1.4023182713668059 1.4014672960569055 1.4018933907543958 1.4023194854518863 1.4027455801493767 1.4031716748468672 1.4035977695443576 1.4040238642418488 1.404449958939339 1.4048760536368297 1.40530214833432 1.4057282430318105 1.4061543377293009 1.4065804324267914 1.4070065271242818 1.407432621821772 1.4078587165192626
1.4557489410807043 1.4536593804611422 1.4515698198415798 1.4494802592220175 1.4473906986024554 1.445301137982893 1.4432115773633307 1.4411220167437686 1.4390324561242027 1.4369428955046404 1.4348533348850783 1.432763774265516 1.4306742136459536 1.4285846530263915 -9999.0 -9999.0 -9999.0 -9999.0 -9999.0 -9999.0 -9999.0 -9999.0 -9999.0 -9999.0 -9999.0 -9999.0 1.4014203649720784 1.3993308043525161 1.398430901045886 1.3988027683002426 1.399174635554599 1.3995465028089558 1.3999183700633124 1.4002902373176689 1.4006621045720262 1.401033971826383 1.4014058390807393 1.401777706335096 1.4021495735894527 1.4025214408438091 1.4028933080981658 1.4032651753525225 1.4036370426068792 1.4040089098612356
1.4539486833671047 1.451815152032702 1.4496816206982994 1.4475480893638968 1.4454145580294941 1.4432810266950915 1.4411474953606889 1.4390139640262862 1.43688043269188 1.4347469013574774 1.4326133700230748 1.4304798386886721 1.4283463073542695 1.4262127760198668 -9999.0 -9999.0 -9999.0 -9999.0 -9999.0 -9999.0 -9999.0 -9999.0 -9999.0 -9999.0 -9999.0 -9999.0 1.3984768686726288 1.3963433373382261 1.3953945060348663 1.395712145846089 1.3960297856573118 1.3963474254685346 1.3966650652797574 1.3969827050909802 1.3973003449022035 1.3976179847134262 1.397935624524649 1.3982532643358718 1.3985709041470946 1.3988885439583174 1.3992061837695402 1.399523823580763 1.3998414633919858 1.4001591032032086
1.4521484256535049 1.449970923604262 1.447793421555019 1.4456159195057758 1.443438417456533 1.44126091540729 1.4390834133580468 1.4369059113088039 1.4347284092595571 1.4325509072103142 1.430373405161071 1.428195903111828 1.426018401062585 1.423840899013342 -9999.0 -9999.0 -9999.0 -9999.0 -9999.0 -9999.0 -9999.0 -9999.0 -9999.0 -9999.0 -9999.0 -9999.0 1.395533372373179 1.3933558703239362 1.3923581110238465 1.3926215233919357 1.3928849357600246 1.3931483481281135 1.3934117604962024 1.3936751728642913 1.3939385852323807 1.3942019976004698 1.3944654099685587 1.3947288223366476 1.3949922347047365 1.3952556470728255 1.3955190594409144 1.3957824718090035 1.3960458841770924 1.3963092965451813
1.450348167939905 1.4481266951758218 1.4459052224117384 1.4436837496476551 1.4414622768835716 1.4392408041194882 1.437019331355405 1.4347978585913215 1.4325763858272342 1.430354913063151 1.4281334402990675 1.425911967534984 1.4236904947709008 1.4214690220068174 1.4192475492427339 1.4170260764786506 -9999.0 1.412583130950484 1.4103616581864005 -9999.0 -9999.0 -9999.0 -9999.0 -9999.0 -9999.0 1.394811348837813 1.3925898760737296 1.3903684033096462 1.3893217160128273 1.3895309009377823 1.3897400858627373 1.3899492707876926 1.3901584557126476 1.3903676406376029 1.3905768255625583 1.3907860104875134 1.3909951954124684 1.3912043803374237 1.3914135652623787 1.391622750187334 1.391831935112289 1.392041120037244 1.3922503049621993 1.3924594898871543
1.4485479102263052 1.4462824667473815 1.444017023268458 1.4417515797895342 1.4394861363106104 1.4372206928316866 1.4349552493527629 1.432689805873839 1.4304243623949113 1.4281589189159876 1.425893475437064 1.4236280319581402 1.4213625884792165 1.4190971450002927 1.416831701521369 1.4145662580424452 1.4123008145635214 1.4100353710845976 1.4077699276056739 1.40550448412675 1.4032390406478263 -9999.0 -9999.0 -9999.0 -9999.0 1.3919118232532037 1.38964637977428 1.3873809362953562 1.3862853210018076 1.3864402784836287 1.38659523596545 1.3867501934472715 1.3869051509290926 1.387060108410914 1.3872150658927356 1.3873700233745567 1.387524980856378 1.3876799383381995 1.3878348958200206 1.387989853301842 1.3881448107836634 1.3882997682654845 1.3884547257473059 1.388609683229127
1.4467476525127054 1.4444382383189414 1.4421288241251773 1.4398194099314132 1.437509995737649 1.4352005815438849 1.4328911673501208 1.4305817531563567 1.4282723389625887 1.4259629247688244 1.4236535105750603 1.4213440963812962 1.419034682187532 1.4167252679937679 1.4144158538000038 1.4121064396062397 1.4097970254124754 1.4074876112187114 1.4051781970249473 1.4028687828311832 1.400559368637419 -9999.0 -9999.0 -9999.0 -9999.0 1.3890122976685944 1.3867028834748303 1.3843934692810662 1.3832489259907879 1.3833496560294753 1.3834503860681628 1.3835511161068503 1.3836518461455378 1.383752576184225 1.3838533062229128 1.3839540362616003 1.3840547663002878 1.3841554963389753 1.3842562263776628 1.3843569564163503 1.3844576864550378 1.384558416493725 1.3846591465324125 1.3847598765711
1.4449473947991043 1.4425940098904997 1.4402406249818953 1.4378872400732907 1.4355338551646861 1.4331804702560815 1.430827085347477 1.4284737004388726 1.426120315530264 1.4237669306216594 1.4214135457130548 1.4190601608044504 1.4167067758958458 1.4143533909872412 1.4120000060786366 1.4096466211700323 1.4072932362614277 1.404939851352823 1.4025864664442185 1.400233081535614 1.3978796966270095 1.395526311718401 -9999.0 -9999.0 -9999.0 1.3861127720839828 1.3837593871753782 1.3814060022667736 1.3802125309797657 1.3802590335753193 1.380305536170873 1.3803520387664265 1.3803985413619801 1.3804450439575338 1.3804915465530874 1.380538049148641 1.3805845517441946 1.3806310543397482 1.3806775569353016 1.3807240595308552 1.3807705621264088 1.3808170647219624 1.380863567317516 1.3809100699130696
1.444560711894872 1.4421412254775632 1.4397217390602544 1.4373022526429455 1.4348827662256367 1.4324632798083279 1.430043793391019 1.4276243069737102 1.4252048205563974 1.4227853341390886 1.4203658477217798 1.417946361304471 1.4155268748871621 1.4131073884698533 1.4106879020525445 1.4082684156352356 1.4058489292179268 1.403429442800618 1.4010099563833092 1.3985904699660006 1.3961709835486917 1.3937514971313787 1.3913320107140699 1.388912524296761 1.3864930378794522 1.3840735514621434 1.3816540650448346 1.3792345786275257 1.3779915305849602 1.3780061217596289 1.3780207129342976 1.3780353041089664 1.378049895283635 1.378064486458304 1.3780790776329728 1.3780936688076415 1.3781082599823102 1.3781228511569792 1.378137442331648 1.3781520335063167 1.3781666246809854 1.3781812158556543 1.378195807030323 1.3782103982049918
1.4456850513239274 1.4431758069748086 1.44066656262569 1.4381573182765715 1.4356480739274529 1.4331388295783343 1.4306295852292157 1.4281203408800969 1.425611096530974 1.4231018521818555 1.4205926078327367 1.418083363483618 1.4155741191344995 1.413064874785381 1.4105556304362623 1.4080463860871437 1.405537141738025 1.4030278973889063 1.4005186530397877 1.3980094086906691 1.3955001643415506 1.3929909199924275 1.390481675643309 1.3879724312941903 1.3854631869450718 1.382953942595953 1.3804446982468344 1.3779354538977158 1.3766421356173144 1.3766486697916676 1.3766552039660205 1.3766617381403734 1.3766682723147263 1.3766748064890795 1.3766813406634324 1.3766878748377853 1.3766944090121385 1.3767009431864914 1.3767074773608443 1.3767140115351972 1.3767205457095504 1.3767270798839033 1.3767336140582562 1.3767401482326092
1.4468093907529826 1.4442103884720543 1.4416113861911257 1.4390123839101974 1.436413381629269 1.4338143793483404 1.431215377067412 1.4286163747864835 1.4260173725055507 1.4234183702246221 1.4208193679436938 1.4182203656627654 1.4156213633818369 1.4130223611009085 1.41042335881998 1.4078243565390516 1.405225354258123 1.4026263519771947 1.400027349696266 1.3974283474153377 1.3948293451344094 1.3922303428534764 1.389631340572548 1.3870323382916194 1.384433336010691 1.3818343337297625 1.3792353314488341 1.3766363291679058 1.3752927406496689 1.3752912178237062 1.3752896949977433 1.3752881721717805 1.3752866493458178 1.375285126519855 1.375283603693892 1.3752820808679294 1.3752805580419665 1.3752790352160036 1.3752775123900407 1.375275989564078 1.3752744667381152 1.3752729439121523 1.3752714210861896 1.3752698982602267
1.4479337301820379 1.4452449699692995 1.4425562097565614 1.439867449543823 1.4371786893310847 1.4344899291183466 1.4318011689056083 1.42911240869287 1.4264236484801271 1.4237348882673888 1.4210461280546507 1.4183573678419124 1.4156686076291742 1.412979847416436 1.4102910872036976 1.4076023269909594 1.404913566778221 1.4022248065654828 1.3995360463527446 1.3968472861400063 1.394158525927268 1.3914697657145252 1.3887810055017868 1.3860922452890487 1.3834034850763104 1.380714724863572 1.378025964650834 1.3753372044380956 1.3739433456820234 1.373933765855745 1.3739241860294662 1.3739146062031875 1.373905026376909 1.3738954465506303 1.3738858667243516 1.3738762868980732 1.3738667070717945 1.373857127245516 1.3738475474192373 1.3738379675929586 1.3738283877666801 1.3738188079404015 1.3738092281141228 1.3737996482878443
1.449058069611093 1.4462795514665452 1.443501033321997 1.440722515177449 1.4379439970329009 1.4351654788883528 1.4323869607438047 1.4296084425992566 1.4268299244547038 1.4240514063101557 1.4212728881656076 1.4184943700210595 1.4157158518765114 1.4129373337319635 1.4101588155874154 1.4073802974428673 1.4046017792983192 1.401823261153771 1.399044743009223 1.3962662248646749 1.3934877067201268 1.390709188575574 1.387930670431026 1.3851521522864778 1.38237363414193 1.3795951159973818 1.3768165978528337 1.3740380797082856 1.3725939507143778 1.3725763138877836 1.372558677061189 1.3725410402345946 1.3725234034080003 1.3725057665814058 1.3724881297548113 1.372470492928217 1.3724528561016225 1.3724352192750282 1.3724175824484337 1.3723999456218392 1.372382308795245 1.3723646719686504 1.3723470351420561 1.3723293983154616
1.4501824090401494 1.4473141329637915 1.4444458568874334 1.4415775808110756 1.4387093047347175 1.4358410286583596 1.4329727525820015 1.4301044765056437 1.4272362004292807 1.4243679243529228 1.421499648276565 1.4186313722002069 1.415763096123849 1.412894820047491 1.410026543971133 1.407158267894775 1.404289991818417 1.401421715742059 1.3985534396657011 1.395685163589343 1.3928168875129852 1.3899486114366222 1.3870803353602643 1.3842120592839062 1.3813437832075484 1.3784755071311903 1.3756072310548324 1.3727389549784745 1.3712445557467312 1.3712188619198211 1.3711931680929108 1.3711674742660005 1.3711417804390904 1.37111608661218 1.3710903927852698 1.3710646989583597 1.3710390051314494 1.3710133113045393 1.370987617477629 1.3709619236507187 1.3709362298238086 1.3709105359968983 1.3708848421699882 1.3708591483430779
1.4513067484692046 1.4483487144610367 1.4453906804528691 1.4424326464447013 1.4394746124365334 1.4365165784283658 1.433558544420198 1.43060051041203 1.4276424764038573 1.4246844423956895 1.4217264083875216 1.418768374379354 1.4158103403711861 1.4128523063630183 1.4098942723548507 1.4069362383466828 1.403978204338515 1.4010201703303473 1.3980621363221795 1.3951041023140116 1.392146068305844 1.389188034297671 1.3862300002895034 1.3832719662813355 1.3803139322731677 1.3773558982649998 1.3743978642568322 1.3714398302486643 1.3698951607790857 1.3698614099518596 1.3698276591246337 1.3697939082974075 1.3697601574701816 1.3697264066429555 1.3696926558157294 1.3696589049885035 1.3696251541612774 1.3695914033340515 1.3695576525068254 1.3695239016795995 1.3694901508523734 1.3694564000251472 1.3694226491979213 1.3693888983706952
1.4524310878982598 1.4493832959582824 1.4463355040183048 1.4432877120783272 1.4402399201383496 1.437192128198372 1.4341443362583943 1.4310965443184167 1.428048752378434 1.4250009604384564 1.4219531684984787 1.4189053765585011 1.4158575846185235 1.412809792678546 1.4097620007385683 1.4067142087985907 1.403666416858613 1.4006186249186354 1.3975708329786578 1.3945230410386804 1.3914752490987028 1.3884274571587198 1.3853796652187422 1.3823318732787646 1.3792840813387872 1.3762362893988096 1.373188497458832 1.3701407055188544 1.3685457658114402 1.3685039579838982 1.3684621501563565 1.3684203423288146 1.368378534501273 1.368336726673731 1.3682949188461893 1.3682531110186473 1.3682113031911056 1.3681694953635637 1.368127687536022 1.36808587970848 1.3680440718809384 1.3680022640533964 1.3679604562258547 1.3679186483983128
1.4535554273273152 1.4504178774555279 1.4472803275837405 1.444142777711953 1.4410052278401655 1.437867677968378 1.4347301280965907 1.4315925782248033 1.4284550283530106 1.425317478481223 1.4221799286094357 1.4190423787376483 1.4159048288658609 1.4127672789940735 1.4096297291222861 1.4064921792504985 1.4033546293787111 1.4002170795069238 1.3970795296351364 1.393941979763349 1.3908044298915616 1.3876668800197687 1.3845293301479813 1.381391780276194 1.3782542304044065 1.3751166805326192 1.3719791306608318 1.3688415807890442 1.3671963708437946 1.367146506015937 1.3670966411880794 1.3670467763602219 1.3669969115323641 1.3669470467045066 1.3668971818766489 1.3668473170487911 1.3667974522209336 1.366747587393076 1.3666977225652184 1.3666478577373609 1.3665979929095031 1.3665481280816456 1.3664982632537879 1.3664483984259304
1.4546797667563705 1.451452458952773 1.448225151149176 1.4449978433455788 1.4417705355419814 1.4385432277383843 1.435315919934787 1.4320886121311898 1.428861304327587 1.42563399652399 1.4224066887203926 1.4191793809167954 1.415952073113198 1.412724765309601 1.4094974575060037 1.4062701497024064 1.4030428418988092 1.3998155340952119 1.3965882262916147 1.3933609184880176 1.3901336106844202 1.3869063028808175 1.3836789950772204 1.380451687273623 1.3772243794700259 1.3739970716664287 1.3707697638628313 1.3675424560592342 1.3658469758761491 1.3657890540479756 1.3657311322198022 1.365673210391629 1.3656152885634554 1.365557366735282 1.3654994449071085 1.365441523078935 1.3653836012507616 1.3653256794225883 1.3652677575944148 1.3652098357662414 1.365151913938068 1.3650939921098946 1.365036070281721 1.3649781484535477
1.4558041061854257 1.4524870404500188 1.4491699747146116 1.4458529089792045 1.4425358432437976 1.4392187775083904 1.4359017117729835 1.4325846460375764 1.4292675803021637 1.4259505145667566 1.4226334488313497 1.4193163830959425 1.4159993173605354 1.4126822516251285 1.4093651858897214 1.4060481201543142 1.4027310544189073 1.3994139886835002 1.3960969229480933 1.3927798572126862 1.389462791477279 1.3861457257418663 1.3828286600064594 1.3795115942710523 1.3761945285356452 1.3728774628002383 1.3695603970648311 1.3662433313294242 1.3644975809085036 1.3644316020800142 1.364365623251525 1.364299644423036 1.3642336655945466 1.3641676867660575 1.3641017079375681 1.364035729109079 1.3639697502805896 1.3639037714521005 1.3638377926236114 1.363771813795122 1.363705834966633 1.3636398561381435 1.3635738773096544 1.3635078984811653
1.456928445614481 1.4535216219472642 1.4501147982800473 1.4467079746128304 1.4433011509456135 1.4398943272783968 1.43648750361118 1.433080679943963 1.4296738562767404 1.4262670326095235 1.4228602089423066 1.4194533852750897 1.4160465616078728 1.412639737940656 1.4092329142734392 1.4058260906062223 1.4024192669390054 1.3990124432717885 1.3956056196045716 1.3921987959373547 1.3887919722701378 1.3853851486029152 1.3819783249356985 1.3785715012684816 1.3751646776012647 1.3717578539340478 1.368351030266831 1.364944206599614 1.363148185940858 1.363074150112053 1.363000114283248 1.362926078454443 1.3628520426256379 1.362778006796833 1.3627039709680278 1.3626299351392228 1.3625558993104179 1.3624818634816127 1.3624078276528078 1.3623337918240028 1.3622597559951977 1.3621857201663927 1.3621116843375878 1.3620376485087826
