Figures/CREST_Example_wjb_NSE/PETs/wjb.pet.20101122.asc
ncols            288
nrows            254
xllcorner        113.274861
yllcorner        31.4918055
cellsize         0.008333333333
NODATA_value     -9999
[rows 133 to 151 of 254, columns 176 to 219 of 288]
0.8791578340950946 0.8789238764428444 0.8786899187905941 0.8784559611383439 0.8782220034860937 0.8779880458338435 0.8777540881815928 0.8775201305293425 0.8772861728770923 0.8770522152248421 0.8768182575725918 0.8765842999203416 0.8763503422680914 0.8761163846158411 0.8758824269635909 0.8756484693113407 0.8753837643921862 0.875086189949005 0.8747886155058238 0.874491041062642 0.8741934666194607 0.8738958921762794 0.8735983177330982 0.8733007432899169 0.8730031688467357 0.8727055944035544 0.8724080199603731 0.8721104455171919 0.8718128710740106 0.8715152966308294 0.8712177221876481 0.8709201477444668 0.8706225733012851 0.8703249988581038 0.8700274244149225 0.8697298499717413 0.8694322755285601 0.8691347010853788 0.8688371266421975 0.8685395521990162 0.868241977755835 0.8679444033126538 0.8676468288694725 0.8673492544262912
0.8799352202981737 0.8796966752562456 0.8794581302143176 0.8792195851723896 0.8789810401304615 0.8787424950885335 0.8785039500466051 0.8782654050046771 0.878026859962749 0.877788314920821 0.877549769878893 0.8773112248369649 0.8770726797950369 0.8768341347531089 0.8765955897111808 0.8763570446692528 0.8760944372377537 0.875806106567353 0.8755177758969522 0.8752294452265511 0.8749411145561503 0.8746527838857496 0.8743644532153488 0.8740761225449482 0.8737877918745474 0.8734994612041467 0.8732111305337459 0.8729227998633452 0.8726344691929445 0.8723461385225437 0.872057807852143 0.8717694771817422 0.871481146511341 0.8711928158409403 0.8709044851705395 0.8706161545001389 0.8703278238297382 0.8700394931593374 0.8697511624889367 0.8694628318185359 0.8691745011481352 0.8688861704777344 0.8685978398073337 0.868309509136933
0.8807126065012527 0.8804694740696469 0.880226341638041 0.8799832092064352 0.8797400767748293 0.8794969443432236 0.8792538119116173 0.8790106794800115 0.8787675470484057 0.8785244146167999 0.878281282185194 0.8780381497535882 0.8777950173219824 0.8775518848903765 0.8773087524587707 0.8770656200271648 0.8768051100833212 0.8765260231857009 0.8762469362880807 0.87596784939046 0.8756887624928399 0.8754096755952196 0.8751305886975994 0.8748515017999793 0.874572414902359 0.8742933280047389 0.8740142411071187 0.8737351542094984 0.8734560673118783 0.8731769804142581 0.8728978935166378 0.8726188066190177 0.872339719721397 0.8720606328237768 0.8717815459261565 0.8715024590285364 0.8712233721309162 0.8709442852332959 0.8706651983356758 0.8703861114380556 0.8701070245404353 0.8698279376428152 0.869548850745195 0.8692697638475747
0.8814899927043318 0.8812422728830481 0.8809945530617646 0.8807468332404809 0.8804991134191973 0.8802513935979137 0.8800036737766296 0.879755953955346 0.8795082341340624 0.8792605143127787 0.8790127944914952 0.8787650746702115 0.8785173548489279 0.8782696350276443 0.8780219152063606 0.8777741953850771 0.8775157829288887 0.877245939804049 0.8769760966792093 0.8767062535543692 0.8764364104295295 0.8761665673046898 0.8758967241798501 0.8756268810550104 0.8753570379301707 0.875087194805331 0.8748173516804915 0.8745475085556518 0.8742776654308121 0.8740078223059724 0.8737379791811327 0.873468136056293 0.8731982929314529 0.8729284498066132 0.8726586066817735 0.8723887635569338 0.8721189204320942 0.8718490773072545 0.8715792341824148 0.8713093910575751 0.8710395479327354 0.8707697048078958 0.8704998616830562 0.8702300185582165
0.8822673789074116 0.8820150716964501 0.8817627644854887 0.8815104572745273 0.8812581500635659 0.8810058428526045 0.8807535356416426 0.8805012284306812 0.8802489212197198 0.8799966140087584 0.879744306797797 0.8794919995868355 0.8792396923758742 0.8789873851649127 0.8787350779539513 0.8784827707429899 0.8782264557744568 0.8779658564223977 0.8777052570703385 0.877444657718279 0.8771840583662198 0.8769234590141607 0.8766628596621016 0.8764022603100424 0.8761416609579832 0.875881061605924 0.8756204622538649 0.8753598629018058 0.8750992635497467 0.8748386641976875 0.8745780648456284 0.8743174654935693 0.8740568661415097 0.8737962667894505 0.8735356674373913 0.8732750680853322 0.873014468733273 0.8727538693812139 0.8724932700291548 0.8722326706770956 0.8719720713250365 0.8717114719729774 0.8714508726209182 0.8711902732688591
0.8830447651104906 0.8827878705098513 0.8825309759092121 0.8822740813085729 0.8820171867079337 0.8817602921072946 0.8815033975066549 0.8812465029060157 0.8809896083053764 0.8807327137047373 0.880475819104098 0.8802189245034588 0.8799620299028196 0.8797051353021804 0.8794482407015412 0.879191346100902 0.8789371286200243 0.8786857730407456 0.878434417461467 0.878183061882188 0.8779317063029093 0.8776803507236307 0.8774289951443521 0.8771776395650734 0.8769262839857949 0.8766749284065163 0.8764235728272376 0.876172217247959 0.8759208616686804 0.8756695060894018 0.8754181505101232 0.8751667949308446 0.8749154393515655 0.8746640837722869 0.8744127281930083 0.8741613726137296 0.873910017034451 0.8736586614551725 0.8734073058758938 0.8731559502966152 0.8729045947173366 0.8726532391380579 0.8724018835587793 0.8721505279795008
0.8838221513135697 0.8835606693232526 0.8832991873329357 0.8830377053426186 0.8827762233523017 0.8825147413619846 0.8822532593716672 0.8819917773813502 0.8817302953910332 0.8814688134007161 0.8812073314103992 0.8809458494200821 0.8806843674297652 0.8804228854394481 0.8801614034491312 0.8798999214588141 0.8796478014655917 0.8794056896590936 0.8791635778525956 0.878921466046097 0.878679354239599 0.8784372424331008 0.8781951306266028 0.8779530188201047 0.8777109070136067 0.8774687952071085 0.8772266834006104 0.8769845715941124 0.8767424597876142 0.8765003479811162 0.8762582361746181 0.8760161243681199 0.8757740125616215 0.8755319007551234 0.8752897889486253 0.8750476771421272 0.8748055653356291 0.874563453529131 0.874321341722633 0.8740792299161348 0.8738371181096367 0.8735950063031387 0.8733528944966406 0.8731107826901425
0.8845995375166487 0.8843334681366539 0.8840673987566591 0.8838013293766643 0.8835352599966695 0.8832691906166747 0.8830031212366795 0.8827370518566847 0.8824709824766899 0.8822049130966951 0.8819388437167003 0.8816727743367055 0.8814067049567107 0.881140635576716 0.8808745661967211 0.8806084968167264 0.8803584743111592 0.8801256062774416 0.8798927382437242 0.8796598702100061 0.8794270021762886 0.8791941341425711 0.8789612661088535 0.8787283980751359 0.8784955300414183 0.8782626620077008 0.8780297939739832 0.8777969259402657 0.8775640579065481 0.8773311898728305 0.877098321839113 0.8768654538053954 0.8766325857716775 0.8763997177379599 0.8761668497042423 0.8759339816705247 0.8757011136368072 0.8754682456030897 0.8752353775693721 0.8750025095356545 0.8747696415019369 0.8745367734682193 0.8743039054345019 0.8740710374007843
0.8853769237197278 0.8851062669500552 0.8848356101803826 0.8845649534107101 0.8842942966410374 0.8840236398713649 0.8837529831016918 0.8834823263320192 0.8832116695623466 0.882941012792674 0.8826703560230015 0.8823996992533288 0.8821290424836563 0.8818583857139837 0.8815877289443111 0.8813170721746385 0.8810691471567268 0.8808455228957897 0.8806218986348526 0.8803982743739153 0.8801746501129782 0.8799510258520412 0.8797274015911042 0.8795037773301672 0.8792801530692301 0.8790565288082931 0.878832904547356 0.8786092802864189 0.8783856560254819 0.8781620317645449 0.8779384075036079 0.8777147832426708 0.8774911589817335 0.8772675347207964 0.8770439104598593 0.8768202861989223 0.8765966619379852 0.8763730376770482 0.8761494134161112 0.8759257891551742 0.8757021648942371 0.8754785406333001 0.8752549163723631 0.875031292111426
0.8861543099228069 0.8858790657634564 0.8856038216041061 0.8853285774447557 0.8850533332854054 0.8847780891260549 0.8845028449667041 0.8842276008073537 0.8839523566480033 0.883677112488653 0.8834018683293026 0.8831266241699522 0.8828513800106018 0.8825761358512515 0.8823008916919011 0.8820256475325507 0.8817798200022943 0.8815654395141378 0.8813510590259812 0.8811366785378244 0.8809222980496678 0.8807079175615113 0.8804935370733549 0.8802791565851983 0.8800647760970418 0.8798503956088853 0.8796360151207288 0.8794216346325723 0.8792072541444158 0.8789928736562593 0.8787784931681027 0.8785641126799463 0.8783497321917894 0.8781353517036329 0.8779209712154764 0.8777065907273198 0.8774922102391634 0.8772778297510069 0.8770634492628504 0.8768490687746938 0.8766346882865373 0.8764203077983809 0.8762059273102243 0.8759915468220678
0.8869316961258858 0.8866518645768576 0.8863720330278295 0.8860922014788013 0.8858123699297732 0.885532538380745 0.8852527068317163 0.8849728752826882 0.88469304373366 0.8844132121846319 0.8841333806356036 0.8838535490865754 0.8835737175375473 0.8832938859885191 0.883014054439491 0.8827342228904628 0.8824904928478616 0.8822853561324857 0.8820802194171097 0.8818750827017333 0.8816699459863574 0.8814648092709814 0.8812596725556054 0.8810545358402294 0.8808493991248535 0.8806442624094775 0.8804391256941015 0.8802339889787255 0.8800288522633495 0.8798237155479736 0.8796185788325975 0.8794134421172216 0.8792083054018452 0.8790031686864693 0.8787980319710933 0.8785928952557173 0.8783877585403413 0.8781826218249653 0.8779774851095894 0.8777723483942134 0.8775672116788374 0.8773620749634614 0.8771569382480855 0.8769518015327095
0.8877090823289656 0.8874246633902596 0.8871402444515537 0.8868558255128477 0.8865714065741417 0.8862869876354358 0.8860025686967293 0.8857181497580233 0.8854337308193174 0.8851493118806114 0.8848648929419054 0.8845804740031995 0.8842960550644935 0.8840116361257876 0.8837272171870816 0.8834427982483756 0.8832011656934299 0.8830052727508344 0.8828093798082389 0.8826134868656431 0.8824175939230477 0.8822217009804523 0.8820258080378568 0.8818299150952613 0.881634022152666 0.8814381292100705 0.881242236267475 0.8810463433248796 0.8808504503822842 0.8806545574396887 0.8804586644970932 0.8802627715544978 0.880066878611902 0.8798709856693065 0.8796750927267111 0.8794791997841157 0.8792833068415202 0.8790874138989248 0.8788915209563294 0.8786956280137339 0.8784997350711384 0.878303842128543 0.8781079491859476 0.8779120562433521
0.8884864685320447 0.8881974622036609 0.8879084558752772 0.8876194495468934 0.8873304432185096 0.8870414368901259 0.8867524305617417 0.8864634242333579 0.8861744179049741 0.8858854115765904 0.8855964052482066 0.8853073989198228 0.8850183925914391 0.8847293862630553 0.8844403799346716 0.8841513736062878 0.8839118385389974 0.8837251893691824 0.8835385401993675 0.8833518910295522 0.8831652418597373 0.8829785926899224 0.8827919435201075 0.8826052943502926 0.8824186451804776 0.8822319960106627 0.8820453468408478 0.8818586976710329 0.8816720485012179 0.881485399331403 0.8812987501615881 0.8811121009917732 0.8809254518219579 0.880738802652143 0.8805521534823281 0.8803655043125131 0.8801788551426982 0.8799922059728833 0.8798055568030684 0.8796189076332535 0.8794322584634385 0.8792456092936236 0.8790589601238087 0.8788723109539938
0.8892638547351237 0.8889702610170621 0.8886766672990006 0.888383073580939 0.8880894798628775 0.887795886144816 0.8875022924267538 0.8872086987086923 0.8869151049906308 0.8866215112725692 0.8863279175545077 0.8860343238364461 0.8857407301183845 0.885447136400323 0.8851535426822614 0.8848599489641998 0.8846225113845647 0.8844451059875303 0.884267700590496 0.8840902951934613 0.8839128897964269 0.8837354843993924 0.883558079002358 0.8833806736053237 0.8832032682082893 0.883025862811255 0.8828484574142205 0.8826710520171861 0.8824936466201517 0.8823162412231174 0.882138835826083 0.8819614304290485 0.8817840250320138 0.8816066196349794 0.8814292142379451 0.8812518088409107 0.8810744034438763 0.8808969980468419 0.8807195926498075 0.8805421872527731 0.8803647818557387 0.8801873764587044 0.8800099710616699 0.8798325656646355
0.8900412409382028 0.8897430598304634 0.889444878722724 0.8891466976149848 0.8888485165072454 0.888550335399506 0.8882521542917662 0.8879539731840268 0.8876557920762875 0.8873576109685481 0.8870594298608088 0.8867612487530695 0.8864630676453301 0.8861648865375907 0.8858667054298515 0.8855685243221121 0.8853331842301322 0.8851650226058784 0.8849968609816246 0.8848286993573704 0.8846605377331165 0.8844923761088627 0.8843242144846087 0.8841560528603549 0.883987891236101 0.8838197296118472 0.8836515679875933 0.8834834063633394 0.8833152447390856 0.8831470831148317 0.8829789214905779 0.882810759866324 0.8826425982420698 0.882474436617816 0.8823062749935621 0.8821381133693083 0.8819699517450543 0.8818017901208005 0.8816336284965466 0.8814654668722928 0.881297305248039 0.881129143623785 0.8809609819995312 0.8807928203752773
0.8906944915860278 0.8903935232634023 0.8900925549407768 0.8897915866181513 0.8894906182955258 0.8891896499729003 0.8888886816502743 0.8885877133276489 0.8882867450050234 0.8879857766823979 0.8876848083597724 0.8873838400371469 0.8870828717145214 0.8867819033918959 0.8864809350692704 0.8861799667466449 0.8859447521015597 0.8857798296255478 0.885614907149536 0.8854499846735239 0.885285062197512 0.8851201397215002 0.8849552172454882 0.8847902947694763 0.8846253722934645 0.8844604498174526 0.8842955273414408 0.8841306048654289 0.8839656823894171 0.8838007599134052 0.8836358374373934 0.8834709149613815 0.8833059924853693 0.8831410700093575 0.8829761475333456 0.8828112250573338 0.8826463025813219 0.8824813801053101 0.8823164576292982 0.8821515351532863 0.8819866126772744 0.8818216902012626 0.8816567677252507 0.8814918452492388
0.8912150491505392 0.8909132178864004 0.8906113866222617 0.890309555358123 0.8900077240939842 0.8897058928298456 0.8894040615657063 0.8891022303015675 0.8888003990374288 0.8884985677732901 0.8881967365091513 0.8878949052450127 0.887593073980874 0.8872912427167352 0.8869894114525965 0.8866875801884577 0.8864503830030075 0.8862822811101253 0.886114179217243 0.8859460773243605 0.8857779754314783 0.8856098735385961 0.8854417716457138 0.8852736697528316 0.8851055678599494 0.8849374659670671 0.8847693640741849 0.8846012621813026 0.8844331602884205 0.8842650583955383 0.884096956502656 0.8839288546097738 0.8837607527168913 0.8835926508240091 0.8834245489311268 0.8832564470382446 0.8830883451453624 0.8829202432524801 0.8827521413595979 0.8825840394667156 0.8824159375738334 0.8822478356809512 0.8820797337880689 0.8819116318951867
0.8917356067150509 0.8914329125093989 0.891130218303747 0.8908275240980951 0.8905248298924431 0.8902221356867911 0.8899194414811387 0.8896167472754867 0.8893140530698347 0.8890113588641827 0.8887086646585307 0.8884059704528787 0.8881032762472268 0.8878005820415749 0.8874978878359229 0.8871951936302709 0.8869560139044557 0.886784732594703 0.8866134512849505 0.8864421699751975 0.886270888665445 0.8860996073556924 0.8859283260459397 0.8857570447361872 0.8855857634264346 0.8854144821166821 0.8852432008069294 0.8850719194971768 0.8849006381874243 0.8847293568776716 0.884558075567919 0.8843867942581665 0.8842155129484136 0.884044231638661 0.8838729503289083 0.8837016690191558 0.8835303877094032 0.8833591063996505 0.883187825089898 0.8830165437801454 0.8828452624703929 0.8826739811606402 0.8825026998508876 0.8823314185411351
0.8922561642795622 0.891952607132397 0.8916490499852319 0.8913454928380666 0.8910419356909014 0.8907383785437363 0.8904348213965705 0.8901312642494054 0.8898277071022401 0.8895241499550749 0.8892205928079098 0.8889170356607445 0.8886134785135793 0.8883099213664142 0.888006364219249 0.8877028070720837 0.8874616448059034 0.8872871840792804 0.8871127233526576 0.8869382626260343 0.8867638018994113 0.8865893411727883 0.8864148804461653 0.8862404197195424 0.8860659589929194 0.8858914982662965 0.8857170375396736 0.8855425768130506 0.8853681160864276 0.8851936553598047 0.8850191946331817 0.8848447339065587 0.8846702731799355 0.8844958124533125 0.8843213517266896 0.8841468910000666 0.8839724302734436 0.8837979695468207 0.8836235088201977 0.8834490480935747 0.8832745873669517 0.8831001266403288 0.8829256659137059 0.8827512051870829
