Figures/CREST_Example_wjb_NSE/PETs/wjb.pet.20100622.asc
ncols            288
nrows            254
xllcorner        113.274861
yllcorner        31.4918055
cellsize         0.008333333333
NODATA_value     -9999
[rows 80 to 99 of 254, columns 132 to 175 of 288]
3.6784936851752543 3.674140451707516 3.669787218239777 3.6654339847720383 3.6610807513042993 3.656727517836561 3.652374284368822 3.648021050901083 3.6436678174333443 3.6393145839656054 3.634961350497867 3.6306081170301208 3.626254883562382 3.6219016500946433 3.6175484166269043 3.6131951831591653 3.608841949691427 3.604488716223688 3.6001354827559493 3.5957822492882103 3.591429015820472 3.587075782352733 3.5827225488849943 3.5783693154172553 3.5740160819495093 3.5696628484817703 3.5653096150140318 3.560956381546293 3.5566031480785543 3.5522499146108153 3.5501292631026447 3.5503952922135347 3.550661321324425 3.550927350435315 3.5511933795462056 3.551459408657096 3.551725437767986 3.551991466878877 3.552257495989767 3.5525235251006575 3.552789554211548 3.553055583322438 3.5533216124333284 3.5535876415442185
3.6708353353733942 3.666610902193935 3.662386469014476 3.6581620358350166 3.6539376026555574 3.6497131694760983 3.645488736296639 3.64126430311718 3.63703986993772 3.632815436758261 3.628591003578802 3.6243665703993355 3.6201421372198763 3.615917704040417 3.611693270860958 3.6074688376814983 3.603244404502039 3.59901997132258 3.5947955381431207 3.5905711049636615 3.5863466717842023 3.582122238604743 3.577897805425284 3.5736733722458247 3.569448939066358 3.5652245058868988 3.5610000727074396 3.5567756395279804 3.552551206348521 3.548326773169062 3.546335120141583 3.5467303596053377 3.547125599069092 3.5475208385328467 3.547916077996601 3.5483113174603558 3.54870655692411 3.5491017963878653 3.54949703585162 3.5498922753153748 3.550287514779129 3.550682754242884 3.551077993706638 3.551473233170393
3.6631769855715346 3.6590813526803547 3.654985719789175 3.650890086897995 3.6467944540068156 3.6426988211156357 3.638603188224456 3.6345075553332764 3.6304119224420965 3.6263162895509167 3.6222206566597372 3.6181250237685503 3.614029390877371 3.609933757986191 3.605838125095011 3.6017424922038317 3.597646859312652 3.593551226421472 3.589455593530292 3.5853599606391127 3.581264327747933 3.577168694856753 3.5730730619655735 3.5689774290743936 3.564881796183207 3.5607861632920272 3.5566905304008474 3.552594897509668 3.548499264618488 3.544403631727308 3.542540977180521 3.54306542699714 3.543589876813759 3.544114326630378 3.5446387764469964 3.5451632262636155 3.545687676080234 3.546212125896854 3.5467365757134726 3.5472610255300916 3.54778547534671 3.548309925163329 3.548834374979948 3.549358824796567
3.6555186357696745 3.651551803166774 3.647584970563874 3.643618137960974 3.6396513053580737 3.635684472755173 3.631717640152273 3.627750807549373 3.623783974946473 3.6198171423435723 3.6158503097406722 3.6118834771377655 3.607916644534865 3.603949811931965 3.5999829793290647 3.5960161467261647 3.592049314123264 3.588082481520364 3.584115648917464 3.580148816314564 3.5761819837116633 3.572215151108763 3.568248318505863 3.5642814859029626 3.560314653300056 3.5563478206971557 3.5523809880942556 3.548414155491355 3.544447322888455 3.540480490285555 3.53874683421946 3.5394004943889428 3.540054154558426 3.540707814727909 3.541361474897392 3.542015135066875 3.542668795236358 3.5433224554058422 3.543976115575325 3.5446297757448084 3.5452834359142913 3.5459370960837746 3.5465907562532575 3.5472444164227404
3.6478602859678144 3.6440222536531937 3.640184221338573 3.636346189023952 3.632508156709332 3.628670124394711 3.6248320920800903 3.6209940597654695 3.6171560274508487 3.613317995136228 3.6094799628216077 3.6056419305069802 3.6018038981923595 3.5979658658777387 3.594127833563118 3.5902898012484976 3.586451768933877 3.582613736619256 3.5787757043046353 3.5749376719900146 3.571099639675394 3.5672616073607735 3.5634235750461527 3.559585542731532 3.5557475104169045 3.551909478102284 3.5480714457876634 3.5442334134730427 3.540395381158422 3.536557348843801 3.534952691258398 3.5357355617807453 3.536518432303093 3.53730130282544 3.5380841733477877 3.538867043870135 3.539649914392482 3.540432784914831 3.541215655437178 3.5419985259595252 3.542781396481873 3.54356426700422 3.544347137526567 3.5451300080489148
3.6402019361659477 3.6364927041396067 3.6327834721132657 3.6290742400869247 3.6253650080605837 3.6216557760342423 3.6179465440079013 3.6142373119815603 3.6105280799552193 3.6068188479288783 3.6031096159025373 3.5994003838761897 3.5956911518498487 3.5919819198235077 3.5882726877971667 3.5845634557708257 3.5808542237444847 3.5771449917181437 3.5734357596918023 3.5697265276654613 3.5660172956391203 3.5623080636127793 3.5585988315864383 3.5548895995600973 3.5511803675337497 3.5474711355074087 3.5437619034810677 3.5400526714547267 3.5363434394283857 3.5326342074020447 3.5311585482973338 3.532070629172545 3.532982710047757 3.5338947909229685 3.5348068717981804 3.535718952673392 3.5366310335486038 3.537543114423817 3.5384551952990284 3.5393672761742403 3.5402793570494517 3.5411914379246636 3.542103518799875 3.543015599675087
3.6325435863640876 3.6289631546260264 3.6253827228879647 3.621802291149903 3.6182218594118414 3.61464142767378 3.6110609959357185 3.607480564197657 3.6039001324595956 3.600319700721534 3.5967392689834723 3.593158837245405 3.589578405507343 3.5859979737692815 3.5824175420312203 3.5788371102931587 3.575256678555097 3.5716762468170353 3.568095815078974 3.5645153833409124 3.560934951602851 3.5573545198647896 3.553774088126728 3.5501936563886662 3.546613224650599 3.543032792912537 3.5394523611744755 3.5358719294364143 3.5322914976983526 3.528711065960291 3.527364405336272 3.5284056965643478 3.529446987792424 3.5304882790204997 3.531529570248576 3.5325708614766516 3.5336121527047277 3.5346534439328052 3.5356947351608814 3.536736026388957 3.5377773176170333 3.538818608845109 3.539859900073185 3.540901191301261
3.6248852365622275 3.6214336051124456 3.6179819736626637 3.614530342212882 3.6110787107630995 3.6076270793133176 3.6041754478635357 3.6007238164137534 3.5972721849639715 3.5938205535141896 3.5903689220644077 3.5869172906146196 3.5834656591648377 3.5800140277150554 3.5765623962652735 3.5731107648154916 3.5696591333657097 3.5662075019159274 3.5627558704661455 3.5593042390163636 3.5558526075665817 3.5524009761167994 3.5489493446670175 3.5454977132172356 3.5420460817674475 3.5385944503176656 3.5351428188678837 3.5316911874181014 3.5282395559683195 3.5247879245185376 3.5235702623752103 3.5247407639561508 3.5259112655370908 3.527081767118031 3.5282522686989712 3.5294227702799112 3.5305932718608517 3.531763773441794 3.532934275022734 3.534104776603674 3.5352752781846144 3.5364457797655544 3.5376162813464944 3.538786782927435
3.6170141610633437 3.6136628577175363 3.610311554371729 3.6069602510259218 3.6036089476801143 3.600257644334307 3.5969063409884994 3.5935550376426924 3.590203734296885 3.5868524309510774 3.58350112760527 3.580149824259457 3.5767985209136497 3.5734472175678422 3.570095914222035 3.5667446108762277 3.5633933075304203 3.560042004184613 3.556690700838806 3.5533393974929983 3.549988094147191 3.5466367908013834 3.5432854874555764 3.539934184109769 3.5365828807639557 3.5332315774181486 3.529880274072341 3.5265289707265337 3.5231776673807262 3.5198263640349188 3.518705992972841 3.5199705389890354 3.5212350850052294 3.5224996310214234 3.5237641770376174 3.5250287230538113 3.5262932690700057 3.527557815086202 3.528822361102396 3.53008690711859 3.531351453134784 3.532615999150978 3.533880545167172 3.535145091183366
3.608915695206322 3.605634284994588 3.602352874782855 3.5990714645711215 3.5957900543593877 3.5925086441476544 3.5892272339359206 3.5859458237241872 3.582664413512454 3.57938300330072 3.576101593088987 3.5728201828772477 3.5695387726655143 3.5662573624537806 3.562975952242047 3.559694542030314 3.55641313181858 3.5531317216068468 3.549850311395113 3.5465689011833796 3.5432874909716463 3.5400060807599125 3.536724670548179 3.533443260336446 3.5301618501247067 3.526880439912973 3.5235990297012396 3.5203176194895063 3.5170362092777725 3.513754799066039 3.512697825874302 3.5140188261769736 3.515339826479645 3.5166608267823167 3.5179818270849883 3.51930282738766 3.520623827690332 3.5219448279930057 3.5232658282956772 3.524586828598349 3.5259078289010204 3.527228829203692 3.5285498295063635 3.529870829809035
3.6008172293492997 3.59760571227164 3.5943941951939804 3.5911826781163207 3.587971161038661 3.5847596439610014 3.581548126883342 3.578336609805682 3.5751250927280225 3.571913575650363 3.568702058572703 3.565490541495038 3.5622790244173785 3.559067507339719 3.5558559902620592 3.5526444731843996 3.54943295610674 3.5462214390290803 3.5430099219514206 3.539798404873761 3.5365868877961013 3.5333753707184417 3.530163853640782 3.5269523365631223 3.5237408194854574 3.5205293024077977 3.517317785330138 3.5141062682524784 3.5108947511748188 3.507683234097159 3.506689658775763 3.508067113364912 3.5094445679540613 3.5108220225432105 3.5121994771323597 3.513576931721509 3.514954386310658 3.5163318408998094 3.5177092954889586 3.519086750078108 3.520464204667257 3.521841659256406 3.5232191138455553 3.5245965684347045
3.592718763492278 3.589577139548692 3.5864355156051064 3.5832938916615205 3.580152267717935 3.577010643774349 3.573869019830763 3.5707273958871775 3.5675857719435915 3.564444148000006 3.56130252405642 3.5581609001128287 3.555019276169243 3.551877652225657 3.5487360282820717 3.5455944043384857 3.5424527803948997 3.539311156451314 3.5361695325077283 3.5330279085641427 3.5298862846205568 3.526744660676971 3.5236030367333853 3.5204614127897993 3.517319788846208 3.5141781649026225 3.5110365409590365 3.507894917015451 3.504753293071865 3.5016116691282795 3.5006814916772235 3.5021154005528503 3.503549309428477 3.504983218304104 3.5064171271797306 3.5078510360553574 3.509284944930984 3.510718853806613 3.51215276268224 3.5135866715578667 3.5150205804334935 3.5164544893091203 3.517888398184747 3.519322307060374
3.584620297635249 3.581548566825737 3.5784768360162253 3.5754051052067135 3.5723333743972017 3.5692616435876894 3.5661899127781775 3.5631181819686657 3.560046451159154 3.556974720349642 3.55390298954013 3.550831258730613 3.547759527921101 3.5446877971115893 3.5416160663020775 3.5385443354925656 3.535472604683054 3.532400873873542 3.52932914306403 3.5262574122545183 3.5231856814450064 3.5201139506354946 3.5170422198259828 3.513970489016471 3.5108987582069537 3.507827027397442 3.50475529658793 3.501683565778418 3.4986118349689064 3.4955401041593945 3.4946733245786796 3.496163687740784 3.4976540509028884 3.4991444140649928 3.500634777227097 3.5021251403892015 3.5036155035513055 3.5051058667134125 3.506596229875517 3.5080865930376213 3.5095769561997257 3.51106731936183 3.5125576825239344 3.514048045686039
3.576521831778227 3.573519994102789 3.570518156427351 3.5675163187519128 3.564514481076475 3.561512643401037 3.5585108057255987 3.555508968050161 3.552507130374723 3.5495052926992847 3.546503455023847 3.543501617348404 3.540499779672966 3.5374979419975277 3.53449610432209 3.531494266646652 3.5284924289712136 3.525490591295776 3.5224887536203378 3.5194869159448996 3.516485078269462 3.5134832405940237 3.5104814029185856 3.507479565243148 3.5044777275677044 3.5014758898922667 3.4984740522168285 3.4954722145413903 3.4924703768659526 3.4894685391905145 3.48866515748014 3.490211974928722 3.491758792377304 3.493305609825886 3.494852427274468 3.49639924472305 3.497946062171632 3.4994928796202163 3.5010396970687983 3.5025865145173802 3.504133331965962 3.505680149414544 3.507226966863126 3.508773784311708
3.568423365921205 3.565491421379841 3.5625594768384765 3.5596275322971125 3.5566955877557485 3.5537636432143844 3.55083169867302 3.547899754131656 3.544967809590292 3.542035865048928 3.5391039205075634 3.5361719759661945 3.53324003142483 3.530308086883466 3.527376142342102 3.524444197800738 3.5215122532593734 3.5185803087180094 3.5156483641766454 3.512716419635281 3.509784475093917 3.506852530552553 3.503920586011189 3.5009886414698244 3.4980566969284554 3.4951247523870914 3.492192807845727 3.489260863304363 3.486328918762999 3.4833969742216344 3.482656990381601 3.4842602621166607 3.48586353385172 3.4874668055867795 3.489070077321839 3.4906733490568986 3.492276620791958 3.4938798925270205 3.4954831642620796 3.497086435997139 3.498689707732199 3.5002929794672584 3.5018962512023175 3.503499522937377
3.560324900064183 3.5574628486568924 3.554600797249602 3.5517387458423118 3.5488766944350214 3.5460146430277315 3.543152591620441 3.540290540213151 3.5374284888058605 3.53456643739857 3.53170438599128 3.528842334583985 3.5259802831766947 3.5231182317694043 3.520256180362114 3.5173941289548236 3.5145320775475333 3.5116700261402434 3.508807974732953 3.5059459233256627 3.5030838719183723 3.500221820511082 3.4973597691037916 3.4944977176965017 3.4916356662892065 3.488773614881916 3.485911563474626 3.4830495120673355 3.4801874606600456 3.4773254092527552 3.476648823283062 3.4783085493045993 3.4799682753261365 3.4816280013476737 3.4832877273692104 3.4849474533907476 3.486607179412285 3.4882669054338247 3.4899266314553614 3.4915863574768986 3.493246083498436 3.4949058095199725 3.4965655355415097 3.498225261563047
3.5522264342071606 3.5494342759339443 3.5466421176607277 3.5438499593875115 3.5410578011142952 3.5382656428410786 3.5354734845678624 3.5326813262946457 3.5298891680214295 3.527097009748213 3.5243048514749966 3.5215126932017755 3.518720534928559 3.5159283766553426 3.513136218382126 3.5103440601089098 3.5075519018356935 3.504759743562477 3.5019675852892607 3.499175427016044 3.496383268742828 3.493591110469611 3.490798952196395 3.4880067939231783 3.485214635649957 3.482422477376741 3.4796303191035243 3.476838160830308 3.474046002557092 3.471253844283875 3.470640656184523 3.472356836492538 3.4740730168005522 3.475789197108567 3.477505377416582 3.479221557724596 3.480937738032611 3.4826539183406284 3.484370098648643 3.4860862789566576 3.4878024592646724 3.4895186395726867 3.4912348198807015 3.4929510001887163
3.5441279683501388 3.5414057032109962 3.5386834380718537 3.535961172932711 3.5332389077935686 3.530516642654426 3.5277943775152836 3.525072112376141 3.5223498472369985 3.519627582097856 3.516905316958713 3.514183051819566 3.5114607866804235 3.508738521541281 3.5060162564021384 3.503293991262996 3.5005717261238534 3.497849460984711 3.4951271958455683 3.4924049307064253 3.489682665567283 3.4869604004281403 3.4842381352889977 3.481515870149855 3.4787936050107082 3.4760713398715657 3.473349074732423 3.4706268095932806 3.4679045444541376 3.465182279314995 3.464632489085984 3.466405123680476 3.4681777582749684 3.4699503928694604 3.471723027463953 3.4734956620584447 3.475268296652937 3.477040931247432 3.4788135658419246 3.4805862004364165 3.482358835030909 3.484131469625401 3.4859041042198933 3.4876767388143852
3.53602950249311 3.533377130488041 3.5307247584829726 3.5280723864779038 3.5254200144728354 3.5227676424677665 3.520115270462698 3.5174628984576293 3.514810526452561 3.512158154447492 3.5095057824424236 3.5068534104373503 3.5042010384322815 3.501548666427213 3.4988962944221442 3.496243922417076 3.493591550412007 3.4909391784069386 3.4882868064018697 3.4856344343968013 3.4829820623917325 3.480329690386664 3.477677318381595 3.475024946376527 3.4723725743714535 3.469720202366385 3.4670678303613163 3.464415458356248 3.461763086351179 3.4591107143461106 3.4586243219874397 3.4604534108684097 3.4622824997493793 3.4641115886303493 3.465940677511319 3.467769766392289 3.469598855273259 3.4714279441542315 3.4732570330352015 3.475086121916171 3.476915210797141 3.4787442996781106 3.4805733885590806 3.48240247744005
3.5279310366360876 3.525348557765093 3.522766078894098 3.5201836000231035 3.5176011211521088 3.515018642281114 3.5124361634101193 3.5098536845391246 3.5072712056681294 3.5046887267971347 3.50210624792614 3.499523769055141 3.496941290184146 3.4943588113131514 3.4917763324421567 3.489193853571162 3.4866113747001672 3.484028895829172 3.4814464169581774 3.4788639380871826 3.476281459216188 3.473698980345193 3.4711165014741985 3.4685340226032038 3.4659515437322046 3.4633690648612094 3.4607865859902147 3.45820410711922 3.4556216282482253 3.4530391493772306 3.4526161548889007 3.454501698056348 3.4563872412237955 3.4582727843912426 3.4601583275586902 3.4620438707261374 3.4639294138935846 3.4658149570610353 3.467700500228483 3.46958604339593 3.471471586563377 3.4733571297308248 3.475242672898272 3.4771282160657195
