Figures/CREST_Example_wjb_NSE/PETs/wjb.pet.20090506.asc
ncols            288
nrows            254
xllcorner        113.274861
yllcorner        31.4918055
cellsize         0.008333333333
NODATA_value     -9999
[rows 160 to 179 of 254, columns 176 to 219 of 288]
3.1703610006740224 3.169962346383958 3.1695636920938934 3.169165037803829 3.1687663835137645 3.1683677292236996 3.1679690749336347 3.16757042064357 3.1671717663535057 3.166773112063441 3.1663744577733763 3.165975803483312 3.1655771491932474 3.165178494903183 3.1647798406131185 3.164381186323054 3.1632539560262276 3.1613478614929695 3.1594417669597115 3.1575356724264503 3.155629577893192 3.153723483359934 3.151817388826676 3.149911294293418 3.14800519976016 3.146099105226902 3.1441930106936438 3.1422869161603857 3.1403808216271276 3.1384747270938695 3.1365686325606115 3.1346625380273534 3.1327564434940918 3.1308503489608337 3.1289442544275756 3.1270381598943175 3.1251320653610595 3.1232259708278014 3.1213198762945433 3.1194137817612853 3.117507687228027 3.115601592694769 3.113695498161511 3.111789403628253
3.1618003011618363 3.1614209381316782 3.16104157510152 3.160662212071362 3.160282849041204 3.159903486011046 3.1595241229808875 3.1591447599507294 3.1587653969205713 3.1583860338904137 3.1580066708602557 3.1576273078300976 3.1572479447999395 3.1568685817697815 3.1564892187396234 3.1561098557094653 3.1549864497056235 3.1530676449277437 3.1511488401498644 3.149230035371982 3.1473112305941022 3.145392425816223 3.1434736210383436 3.1415548162604643 3.1396360114825845 3.137717206704705 3.135798401926826 3.1338795971489466 3.131960792371067 3.1300419875931875 3.128123182815308 3.126204378037429 3.124285573259546 3.1223667684816667 3.1204479637037874 3.1185291589259077 3.1166103541480283 3.114691549370149 3.1127727445922697 3.11085393981439 3.1089351350365106 3.1070163302586313 3.105097525480752 3.1031787207028727
3.1532396016496502 3.1528795298793986 3.1525194581091474 3.1521593863388957 3.151799314568644 3.151439242798393 3.1510791710281407 3.150719099257889 3.1503590274876374 3.149998955717386 3.1496388839471345 3.1492788121768833 3.1489187404066317 3.14855866863638 3.148198596866129 3.147838525095877 3.146718943385019 3.144787428362518 3.1428559133400173 3.1409243983175132 3.1389928832950127 3.1370613682725117 3.135129853250011 3.13319833822751 3.1312668232050096 3.1293353081825086 3.127403793160008 3.125472278137507 3.1235407631150065 3.121609248092506 3.119677733070005 3.1177462180475044 3.1158147030250003 3.1138831880024993 3.1119516729799988 3.1100201579574978 3.108088642934997 3.106157127912496 3.1042256128899957 3.102294097867495 3.100362582844994 3.0984310678224936 3.0964995527999926 3.094568037777492
3.1446789021374566 3.144338121627112 3.1439973411167665 3.1436565606064217 3.143315780096077 3.1429749995857317 3.1426342190753864 3.142293438565041 3.1419526580546964 3.1416118775443516 3.1412710970340063 3.1409303165236615 3.1405895360133167 3.1402487555029714 3.1399079749926266 3.139567194482282 3.138451437064407 3.136507211797285 3.134562986530163 3.132618761263038 3.1306745359959156 3.1287303107287934 3.126786085461671 3.1248418601945493 3.122897634927427 3.120953409660305 3.119009184393183 3.117064959126061 3.1151207338589386 3.1131765085918164 3.1112322833246946 3.1092880580575724 3.107343832790447 3.105399607523325 3.1034553822562025 3.1015111569890808 3.0995669317219585 3.0976227064548363 3.0956784811877145 3.0937342559205923 3.09179003065347 3.0898458053863482 3.087901580119226 3.0859573548521038
3.1361182026252705 3.135796713374832 3.1354752241243937 3.1351537348739553 3.134832245623517 3.1345107563730785 3.1341892671226392 3.133867777872201 3.1335462886217624 3.133224799371324 3.1329033101208856 3.1325818208704472 3.132260331620009 3.13193884236957 3.1316173531191316 3.131295863868693 3.1301839307438026 3.128226995232059 3.1262700597203157 3.124313124208569 3.1223561886968256 3.120399253185082 3.1184423176733387 3.116485382161595 3.1145284466498517 3.1125715111381087 3.1106145756263652 3.1086576401146218 3.1067007046028783 3.104743769091135 3.1027868335793913 3.100829898067648 3.0988729625559013 3.096916027044158 3.0949590915324143 3.093002156020671 3.0910452205089274 3.089088284997184 3.0871313494854404 3.085174413973697 3.0832174784619535 3.08126054295021 3.0793036074384665 3.077346671926723
3.1275575031130844 3.1272553051225525 3.1269531071320205 3.1266509091414885 3.1263487111509565 3.1260465131604245 3.125744315169892 3.1254421171793605 3.1251399191888285 3.1248377211982965 3.1245355232077645 3.1242333252172325 3.1239311272267005 3.1236289292361685 3.123326731245637 3.123024533255105 3.1219164244231985 3.1199467786668333 3.1179771329104686 3.1160074871541004 3.1140378413977357 3.112068195641371 3.1100985498850062 3.1081289041286415 3.106159258372277 3.1041896126159116 3.102219966859547 3.100250321103182 3.0982806753468175 3.096311029590453 3.094341383834088 3.092371738077723 3.090402092321355 3.08843244656499 3.0864628008086252 3.0844931550522605 3.082523509295896 3.080553863539531 3.0785842177831664 3.076614572026801 3.0746449262704365 3.072675280514072 3.070705634757707 3.0687359890013424
3.1189968036008984 3.118713896870273 3.1184309901396476 3.118148083409022 3.1178651766783965 3.1175822699477713 3.1172993632171453 3.1170164564865197 3.1167335497558946 3.116450643025269 3.116167736294644 3.1158848295640182 3.1156019228333927 3.1153190161027675 3.115036109372142 3.1147532026415163 3.113648918102594 3.1116665621016075 3.1096842061006216 3.107701850099632 3.105719494098646 3.1037371380976597 3.1017547820966738 3.0997724260956874 3.0977900700947014 3.0958077140937155 3.093825358092729 3.091843002091743 3.089860646090757 3.0878782900897708 3.085895934088785 3.0839135780877984 3.081931222086809 3.079948866085823 3.077966510084837 3.0759841540838506 3.0740017980828647 3.0720194420818783 3.0700370860808923 3.0680547300799064 3.06607237407892 3.064090018077934 3.0621076620769476 3.0601253060759617
3.1104361040887123 3.110172488617993 3.1099088731472744 3.109645257676555 3.1093816422058365 3.1091180267351177 3.108854411264398 3.1085907957936794 3.1083271803229606 3.1080635648522414 3.1077999493815227 3.1075363339108035 3.107272718440085 3.107009102969366 3.106745487498647 3.106481872027928 3.1053814117819893 3.1033863455363817 3.1013912792907745 3.0993962130451633 3.097401146799556 3.0954060805539485 3.0934110143083413 3.0914159480627337 3.089420881817126 3.087425815571519 3.085430749325911 3.0834356830803036 3.0814406168346964 3.0794455505890888 3.077450484343481 3.075455418097874 3.0734603518522627 3.0714652856066555 3.069470219361048 3.0674751531154407 3.065480086869833 3.0634850206242255 3.0614899543786183 3.0594948881330106 3.057499821887403 3.055504755641796 3.053509689396188 3.0515146231505805
3.1018754045765258 3.1016310803657134 3.101386756154901 3.101142431944089 3.1008981077332765 3.1006537835224637 3.100409459311651 3.1001651351008386 3.0999208108900262 3.099676486679214 3.099432162468401 3.099187838257589 3.0989435140467765 3.098699189835964 3.098454865625152 3.0982105414143395 3.0971139054613843 3.0951061289711554 3.093098352480927 3.0910905759906946 3.0890827995004657 3.087075023010237 3.0850672465200084 3.0830594700297795 3.0810516935395507 3.079043917049322 3.077036140559093 3.0750283640688645 3.0730205875786356 3.0710128110884067 3.069005034598178 3.066997258107949 3.064989481617717 3.062981705127488 3.0609739286372593 3.0589661521470304 3.0569583756568015 3.054950599166573 3.052942822676344 3.0509350461861153 3.0489272696958865 3.0469194932056576 3.0449117167154287 3.0429039402252003
3.0933147050643397 3.0930896721134338 3.092864639162528 3.092639606211622 3.092414573260716 3.09218954030981 3.091964507358904 3.0917394744079982 3.0915144414570923 3.0912894085061864 3.0910643755552805 3.0908393426043745 3.0906143096534686 3.0903892767025627 3.0901642437516568 3.089939210800751 3.08884639914078 3.08682591240593 3.0848054256710795 3.0827849389362263 3.080764452201376 3.078743965466526 3.076723478731676 3.0747029919968254 3.0726825052619753 3.070662018527125 3.068641531792275 3.066621045057425 3.064600558322575 3.0625800715877247 3.0605595848528746 3.0585390981180245 3.056518611383171 3.0544981246483207 3.0524776379134706 3.0504571511786205 3.0484366644437704 3.0464161777089203 3.04439569097407 3.04237520423922 3.04035471750437 3.03833423076952 3.0363137440346697 3.0342932572998196
3.084754005552146 3.0845482638611466 3.0843425221701475 3.084136780479148 3.083931038788149 3.0837252970971494 3.0835195554061494 3.0833138137151503 3.083108072024151 3.0829023303331518 3.0826965886421522 3.0824908469511527 3.0822851052601536 3.082079363569154 3.0818736218781546 3.0816678801871555 3.0805788928201685 3.078545695840697 3.0765124988612254 3.0744793018817504 3.072446104902279 3.0704129079228077 3.068379710943336 3.0663465139638646 3.0643133169843932 3.0622801200049214 3.06024692302545 3.0582137260459787 3.056180529066507 3.0541473320870356 3.0521141351075642 3.050080938128093 3.0480477411486175 3.046014544169146 3.043981347189675 3.0419481502102035 3.0399149532307317 3.0378817562512603 3.035848559271789 3.033815362292317 3.031782165312846 3.0297489683333745 3.0277157713539027 3.0256825743744313
3.07619330603996 3.0760068556088673 3.075820405177774 3.0756339547466816 3.075447504315589 3.0752610538844958 3.0750746034534027 3.07488815302231 3.074701702591217 3.0745152521601242 3.074328801729031 3.0741423512979384 3.073955900866846 3.0737694504357527 3.07358300000466 3.073396549573567 3.072311386499564 3.0702654792754713 3.0682195720513783 3.066173664827282 3.064127757603189 3.0620818503790965 3.0600359431550035 3.057990035930911 3.055944128706818 3.0538982214827253 3.0518523142586322 3.0498064070345396 3.0477604998104466 3.045714592586354 3.043668685362261 3.041622778138168 3.039576870914072 3.037530963689979 3.035485056465886 3.0334391492417936 3.0313932420177006 3.029347334793608 3.027301427569515 3.0252555203454223 3.0232096131213293 3.0211637058972363 3.0191177986731437 3.0170718914490506
3.067632606527774 3.0674654473565877 3.0672982881854014 3.0671311290142147 3.0669639698430284 3.066796810671842 3.0666296515006555 3.066462492329469 3.066295333158283 3.0661281739870967 3.0659610148159104 3.065793855644724 3.0656266964735375 3.065459537302351 3.065292378131165 3.0651252189599787 3.0640438801789593 3.0619852627102455 3.0599266452415312 3.0578680277728134 3.055809410304099 3.0537507928353853 3.051692175366671 3.0496335578979568 3.0475749404292425 3.045516322960528 3.0434577054918144 3.0413990880231 3.039340470554386 3.0372818530856716 3.0352232356169577 3.0331646181482435 3.0311060006795256 3.0290473832108114 3.0269887657420975 3.0249301482733832 3.022871530804669 3.0208129133359547 3.018754295867241 3.0166956783985266 3.0146370609298123 3.012578443461098 3.010519825992384 3.00846120852367
3.059071907015588 3.058924039104308 3.058776171193028 3.0586283032817483 3.0584804353704684 3.0583325674591886 3.0581846995479087 3.058036831636629 3.057888963725349 3.057741095814069 3.0575932279027893 3.0574453599915095 3.0572974920802296 3.0571496241689498 3.05700175625767 3.05685388834639 3.055776373858355 3.0537050461450197 3.051633718431684 3.049562390718345 3.0474910630050096 3.045419735291674 3.0433484075783386 3.041277079865003 3.0392057521516676 3.037134424438332 3.0350630967249965 3.032991769011661 3.0309204412983255 3.02884911358499 3.0267777858716545 3.024706458158319 3.02263513044498 3.0205638027316444 3.018492475018309 3.0164211473049733 3.014349819591638 3.0122784918783023 3.010207164164967 3.0081358364516313 3.006064508738296 3.0039931810249603 3.0019218533116248 2.9998505255982892
3.0505112075034018 3.0503826308520283 3.050254054200655 3.050125477549282 3.0499969008979084 3.049868324246535 3.0497397475951615 3.0496111709437885 3.049482594292415 3.0493540176410416 3.049225440989668 3.049096864338295 3.0489682876869217 3.0488397110355483 3.0487111343841753 3.048582557732802 3.0475088675377506 3.045424829579794 3.0433407916218367 3.0412567536638764 3.0391727157059196 3.037088677747963 3.0350046397900057 3.032920601832049 3.030836563874092 3.0287525259161354 3.026668487958178 3.0245844500002215 3.0225004120422647 3.020416374084308 3.0183323361263508 3.016248298168394 3.0141642602104337 3.012080222252477 3.00999618429452 3.007912146336563 3.0058281083786063 3.0037440704206495 3.0016600324626928 2.9995759945047356 2.997491956546779 2.995407918588822 2.9933238806308653 2.991239842672908
3.0419505079912157 3.0418412225997487 3.041731937208282 3.0416226518168155 3.0415133664253484 3.041404081033882 3.041294795642415 3.0411855102509477 3.041076224859481 3.040966939468014 3.0408576540765475 3.0407483686850805 3.040639083293614 3.0405297979021473 3.0404205125106802 3.0403112271192136 3.039241361217146 3.037144613014568 3.0350478648119896 3.032951116609408 3.0308543684068296 3.0287576202042517 3.026660872001673 3.0245641237990952 3.022467375596517 3.020370627393939 3.0182738791913604 3.0161771309887824 3.0140803827862044 3.011983634583626 3.009886886381048 3.0077901381784695 3.005693389975888 3.0035966417733095 3.0014998935707315 2.999403145368153 2.997306397165575 2.9952096489629967 2.9931129007604187 2.9910161525578403 2.9889194043552623 2.9868226561526843 2.984725907950106 2.982629159747528
3.033389808479022 3.033299814347462 3.0332098202159017 3.0331198260843415 3.033029831952781 3.0329398378212207 3.0328498436896605 3.0327598495581003 3.0326698554265397 3.0325798612949795 3.0324898671634193 3.032399873031859 3.032309878900299 3.0322198847687387 3.032129890637178 3.032039896505618 3.0309738548965344 3.028864396449335 3.0267549380021355 3.0246454795549322 3.0225360211077326 3.0204265626605333 3.0183171042133337 3.016207645766134 3.0140981873189348 3.011988728871735 3.0098792704245354 3.0077698119773357 3.0056603535301365 3.003550895082937 3.001441436635737 2.999331978188538 2.9972225197413347 2.995113061294135 2.9930036028469353 2.990894144399736 2.9887846859525364 2.9866752275053368 2.9845657690581375 2.982456310610938 2.980346852163738 2.9782373937165385 2.9761279352693393 2.9740184768221396
3.024829108966836 3.024758406095182 3.0246877032235284 3.0246170003518746 3.024546297480221 3.024475594608567 3.0244048917369133 3.0243341888652595 3.0242634859936057 3.024192783121952 3.024122080250298 3.0240513773786444 3.0239806745069906 3.023909971635337 3.023839268763683 3.0237685658920292 3.02270634857593 3.020584179884109 3.018462011192288 3.0163398425004635 3.0142176738086426 3.0120955051168217 3.0099733364250008 3.00785116773318 3.005728999041359 3.003606830349538 3.001484661657717 2.9993624929658966 2.9972403242740757 2.995118155582255 2.992995986890434 2.990873818198613 2.9887516495067885 2.9866294808149676 2.9845073121231467 2.9823851434313258 2.980262974739505 2.9781408060476844 2.9760186373558635 2.9738964686640426 2.9717742999722216 2.9696521312804007 2.96752996258858 2.965407793896759
3.0215557978454015 3.0215127933357153 3.0214697888260296 3.021426784316344 3.021383779806658 3.021340775296972 3.021297770787286 3.0212547662776004 3.0212117617679146 3.0211687572582284 3.0211257527485427 3.021082748238857 3.021039743729171 3.0209967392194854 3.020953734709799 3.0209107302001135 3.0198572471688956 3.017723539734459 3.015589832300022 3.0134561248655816 3.0113224174311446 3.009188709996708 3.007055002562271 3.004921295127834 3.0027875876933976 3.0006538802589606 2.9985201728245237 2.9963864653900867 2.99425275795565 2.992119050521213 2.989985343086776 2.9878516356523397 2.985717928217899 2.983584220783462 2.981450513349025 2.9793168059145883 2.9771830984801517 2.9750493910457148 2.972915683611278 2.9707819761768413 2.9686482687424043 2.9665145613079673 2.9643808538735303 2.962247146439094
3.023934371634626 3.023928052149088 3.0239217326635504 3.023915413178013 3.023909093692475 3.0239027742069373 3.0238964547214 3.023890135235862 3.0238838157503243 3.0238774962647863 3.0238711767792488 3.0238648572937112 3.0238585378081733 3.0238522183226357 3.023845898837098 3.0238395793515602 3.0228000790770726 3.0206560851618205 3.018512091246568 3.0163680973313123 3.01422410341606 3.012080109500808 3.0099361155855555 3.0077921216703034 3.0056481277550513 3.003504133839799 3.001360139924547 2.9992161460092945 2.9970721520940424 2.9949281581787903 2.992784164263538 2.9906401703482857 2.98849617643303 2.986352182517778 2.984208188602526 2.9820641946872732 2.979920200772021 2.977776206856769 2.975632212941517 2.9734882190262644 2.9713442251110123 2.96920023119576 2.967056237280508 2.964912243365256
