Figures/CREST_Example_wjb_NSE/PETs/wjb.pet.20091209.asc
ncols            288
nrows            254
xllcorner        113.274861
yllcorner        31.4918055
cellsize         0.008333333333
NODATA_value     -9999
[rows 152 to 170 of 254, columns 176 to 219 of 288]
0.8808574903479861 0.8818911198438392 0.8829247493396923 0.8839583788355455 0.8849920083313987 0.8860256378272519 0.8870592673231068 0.88809289681896 0.8891265263148131 0.8901601558106663 0.8911937853065194 0.8922274148023726 0.8932610442982257 0.8942946737940789 0.8953283032899321 0.8963619327857852 0.8949641411360684 0.8909671052669238 0.8869700693977792 0.8829730335286279 0.8789759976594833 0.8749789617903387 0.8709819259211942 0.8669848900520496 0.862987854182905 0.8589908183137605 0.8549937824446159 0.8509967465754713 0.8469997107063267 0.8430026748371822 0.8390056389680376 0.8350086030988931 0.8310115672297417 0.8270145313605971 0.8230174954914526 0.8190204596223081 0.8150234237531635 0.8110263878840189 0.8070293520148744 0.8030323161457298 0.7990352802765852 0.7950382444074406 0.7910412085382961 0.7870441726691515
0.8768156018076697 0.8777607486216804 0.8787058954356911 0.8796510422497017 0.8805961890637124 0.881541335877723 0.8824864826917352 0.8834316295057459 0.8843767763197566 0.8853219231337672 0.8862670699477779 0.8872122167617885 0.8881573635757992 0.8891025103898099 0.8900476572038205 0.8909928040178312 0.8895927979204874 0.88568577029805 0.8817787426756125 0.8778717150531684 0.873964687430731 0.8700576598082935 0.8661506321858561 0.8622436045634186 0.8583365769409812 0.8544295493185438 0.8505225216961063 0.8466154940736689 0.8427084664512314 0.838801438828794 0.8348944112063565 0.8309873835839191 0.827080355961475 0.8231733283390374 0.8192663007166001 0.8153592730941626 0.8114522454717251 0.8075452178492877 0.8036381902268502 0.7997311626044128 0.7958241349819754 0.7919171073595379 0.7880100797371005 0.784103052114663
0.8727737132673535 0.8736303773995217 0.8744870415316898 0.875343705663858 0.8762003697960261 0.8770570339281942 0.8779136980603639 0.878770362192532 0.8796270263247001 0.8804836904568684 0.8813403545890365 0.8821970187212046 0.8830536828533728 0.8839103469855409 0.8847670111177091 0.8856236752498772 0.8842214547049065 0.8804044353291762 0.8765874159534459 0.872770396577709 0.8689533772019786 0.8651363578262483 0.861319338450518 0.8575023190747877 0.8536852996990574 0.8498682803233271 0.8460512609475966 0.8422342415718663 0.838417222196136 0.8346002028204057 0.8307831834446754 0.826966164068945 0.8231491446932082 0.8193321253174779 0.8155151059417475 0.8116980865660172 0.8078810671902869 0.8040640478145565 0.8002470284388261 0.7964300090630958 0.7926129896873655 0.7887959703116352 0.7849789509359049 0.7811619315601745
0.8687318247270372 0.8695000061773629 0.8702681876276885 0.8710363690780142 0.8718045505283398 0.8725727319786655 0.8733409134289924 0.874109094879318 0.8748772763296436 0.8756454577799693 0.8764136392302949 0.8771818206806206 0.8779500021309462 0.8787181835812719 0.8794863650315975 0.8802545464819231 0.8788501114893256 0.8751231003603024 0.8713960892312791 0.8676690781022496 0.8639420669732263 0.8602150558442031 0.8564880447151799 0.8527610335861566 0.8490340224571334 0.8453070113281103 0.841580000199087 0.8378529890700638 0.8341259779410406 0.8303989668120173 0.8266719556829941 0.8229449445539709 0.8192179334249413 0.8154909222959181 0.811763911166895 0.8080369000378717 0.8043098889088485 0.8005828777798253 0.796855866650802 0.7931288555217788 0.7894018443927556 0.7856748332637323 0.7819478221347091 0.778220811005686
0.864689936186721 0.865369634955204 0.8660493337236872 0.8667290324921704 0.8674087312606534 0.8680884300291366 0.8687681287976209 0.8694478275661041 0.8701275263345871 0.8708072251030703 0.8714869238715535 0.8721666226400365 0.8728463214085197 0.8735260201770029 0.8742057189454859 0.8748854177139691 0.8734787682737446 0.8698417653914285 0.8662047625091124 0.8625677596267901 0.8589307567444739 0.8552937538621579 0.8516567509798418 0.8480197480975257 0.8443827452152096 0.8407457423328935 0.8371087394505774 0.8334717365682613 0.8298347336859452 0.8261977308036291 0.822560727921313 0.8189237250389969 0.8152867221566746 0.8116497192743585 0.8080127163920424 0.8043757135097263 0.8007387106274102 0.797101707745094 0.793464704862778 0.7898277019804618 0.7861906990981458 0.7825536962158297 0.7789166933335135 0.7752796904511975
0.8606480476464012 0.8612392637330418 0.8618304798196823 0.8624216959063229 0.8630129119929635 0.863604128079604 0.8641953441662455 0.8647865602528861 0.8653777763395266 0.8659689924261672 0.8665602085128078 0.8671514245994483 0.8677426406860889 0.8683338567727295 0.8689250728593699 0.8695162889460105 0.8681074250581591 0.8645604304225503 0.8610134357869413 0.8574664411513263 0.8539194465157174 0.8503724518801086 0.8468254572444996 0.8432784626088907 0.8397314679732818 0.8361844733376729 0.832637478702064 0.829090484066455 0.8255434894308461 0.8219964947952372 0.8184495001596283 0.8149025055240194 0.8113555108884044 0.8078085162527955 0.8042615216171866 0.8007145269815776 0.7971675323459688 0.7936205377103599 0.790073543074751 0.786526548439142 0.7829795538035331 0.7794325591679242 0.7758855645323153 0.7723385698967064
0.856606159106085 0.857108892510883 0.857611625915681 0.8581143593204791 0.8586170927252771 0.8591198261300752 0.8596225595348741 0.8601252929396721 0.8606280263444701 0.8611307597492682 0.8616334931540662 0.8621362265588642 0.8626389599636624 0.8631416933684604 0.8636444267732584 0.8641471601780565 0.8627360818425782 0.8592790954536764 0.8558221090647745 0.8523651226758668 0.848908136286965 0.8454511498980632 0.8419941635091615 0.8385371771202597 0.8350801907313579 0.8316232043424561 0.8281662179535543 0.8247092315646525 0.8212522451757507 0.8177952587868489 0.8143382723979471 0.8108812860090453 0.8074242996201376 0.8039673132312358 0.800510326842334 0.7970533404534322 0.7935963540645304 0.7901393676756286 0.7866823812867269 0.7832253948978251 0.7797684085089233 0.7763114221200215 0.7728544357311197 0.7693974493422178
0.8525642705657687 0.8529785212887242 0.8533927720116797 0.8538070227346353 0.8542212734575908 0.8546355241805463 0.8550497749035025 0.8554640256264581 0.8558782763494136 0.8562925270723691 0.8567067777953247 0.8571210285182802 0.8575352792412357 0.8579495299641913 0.8583637806871468 0.8587780314101023 0.8573647386269972 0.8539977604848025 0.8506307823426078 0.8472638042004075 0.8438968260582127 0.840529847916018 0.8371628697738234 0.8337958916316287 0.830428913489434 0.8270619353472394 0.8236949572050447 0.8203279790628499 0.8169610009206553 0.8135940227784606 0.8102270446362659 0.8068600664940713 0.8034930883518708 0.8001261102096762 0.7967591320674815 0.7933921539252868 0.7900251757830921 0.7866581976408974 0.7832912194987027 0.7799242413565081 0.7765572632143134 0.7731902850721187 0.7698233069299241 0.7664563287877294
0.8485223820254523 0.8488481500665653 0.8491739181076784 0.8494996861487915 0.8498254541899044 0.8501512222310175 0.8504769902721311 0.850802758313244 0.8511285263543571 0.8514542943954702 0.8517800624365832 0.8521058304776962 0.8524315985188092 0.8527573665599223 0.8530831346010352 0.8534089026421483 0.8519933954114163 0.8487164255159286 0.8454394556204411 0.842162485724948 0.8388855158294604 0.8356085459339728 0.8323315760384853 0.8290546061429978 0.8257776362475101 0.8225006663520226 0.819223696456535 0.8159467265610474 0.8126697566655599 0.8093927867700723 0.8061158168745848 0.8028388469790971 0.799561877083604 0.7962849071881164 0.7930079372926289 0.7897309673971413 0.7864539975016538 0.7831770276061661 0.7799000577106786 0.7766230878151911 0.7733461179197035 0.7700691480242159 0.7667921781287284 0.7635152082332408
0.8444804934851361 0.8447177788444066 0.8449550642036772 0.8451923495629476 0.8454296349222181 0.8456669202814887 0.8459042056407596 0.8461414910000301 0.8463787763593007 0.8466160617185712 0.8468533470778418 0.8470906324371122 0.8473279177963828 0.8475652031556533 0.8478024885149238 0.8480397738741944 0.8466220521958354 0.8434350905470549 0.8402481288982745 0.8370611672494885 0.8338742056007081 0.8306872439519277 0.8275002823031472 0.8243133206543668 0.8211263590055863 0.8179393973568059 0.8147524357080254 0.811565474059245 0.8083785124104645 0.805191550761684 0.8020045891129036 0.7988176274641231 0.7956306658153373 0.7924437041665567 0.7892567425177763 0.7860697808689959 0.7828828192202154 0.779695857571435 0.7765088959226545 0.7733219342738741 0.7701349726250936 0.7669480109763132 0.7637610493275326 0.7605740876787522
0.8404386049448198 0.8405874076222478 0.8407362102996758 0.8408850129771038 0.8410338156545318 0.8411826183319598 0.8413314210093882 0.8414802236868162 0.8416290263642442 0.8417778290416722 0.8419266317191002 0.8420754343965282 0.8422242370739562 0.8423730397513842 0.8425218424288122 0.8426706451062403 0.8412507089802544 0.8381537555781811 0.8350568021761078 0.8319598487740292 0.8288628953719558 0.8257659419698825 0.8226689885678091 0.8195720351657358 0.8164750817636625 0.8133781283615891 0.8102811749595158 0.8071842215574424 0.8040872681553691 0.8009903147532957 0.7978933613512225 0.7947964079491491 0.7916994545470705 0.7886025011449972 0.7855055477429238 0.7824085943408505 0.7793116409387771 0.7762146875367038 0.7731177341346305 0.7700207807325571 0.7669238273304838 0.7638268739284104 0.7607299205263371 0.7576329671242638
0.8363967164045001 0.8364570364000855 0.8365173563956709 0.8365776763912564 0.8366379963868418 0.8366983163824272 0.8367586363780127 0.8368189563735983 0.8368792763691837 0.8369395963647691 0.8369999163603545 0.83706023635594 0.8371205563515254 0.8371808763471108 0.8372411963426962 0.8373015163382818 0.8358793657646689 0.8328724206093028 0.8298654754539366 0.8268585302985654 0.8238515851431992 0.8208446399878331 0.8178376948324669 0.8148307496771008 0.8118238045217346 0.8088168593663685 0.8058099142110023 0.8028029690556362 0.79979602390027 0.7967890787449039 0.7937821335895378 0.7907751884341716 0.7877682432788004 0.7847612981234342 0.7817543529680681 0.7787474078127019 0.7757404626573358 0.7727335175019696 0.7697265723466035 0.7667196271912373 0.7637126820358712 0.760705736880505 0.7576987917251389 0.7546918465697727
0.8323548278641838 0.8323266651779267 0.8322985024916697 0.8322703398054125 0.8322421771191555 0.8322140144328984 0.8321858517466413 0.8321576890603842 0.8321295263741272 0.8321013636878701 0.832073201001613 0.8320450383153559 0.8320168756290989 0.8319887129428418 0.8319605502565848 0.8319323875703276 0.830508022549088 0.8275910856404289 0.8246741487317699 0.8217572118231059 0.8188402749144469 0.8159233380057879 0.8130064010971289 0.8100894641884698 0.8071725272798108 0.8042555903711518 0.8013386534624927 0.7984217165538336 0.7955047796451746 0.7925878427365156 0.7896709058278566 0.7867539689191976 0.7838370320105336 0.7809200951018745 0.7780031581932155 0.7750862212845565 0.7721692843758975 0.7692523474672384 0.7663354105585793 0.7634184736499203 0.7605015367412613 0.7575845998326023 0.7546676629239433 0.7517507260152843
0.8283129393238675 0.8281962939557679 0.8280796485876684 0.8279630032195687 0.8278463578514692 0.8277297124833696 0.8276130671152698 0.8274964217471702 0.8273797763790707 0.827263131010971 0.8271464856428715 0.8270298402747719 0.8269131949066724 0.8267965495385727 0.8266799041704732 0.8265632588023736 0.825136679333507 0.8223097506715551 0.8194828220096032 0.8166558933476464 0.8138289646856945 0.8110020360237427 0.8081751073617908 0.8053481786998388 0.8025212500378869 0.799694321375935 0.7968673927139831 0.7940404640520311 0.7912135353900792 0.7883866067281273 0.7855596780661754 0.7827327494042234 0.7799058207422668 0.7770788920803148 0.7742519634183629 0.771425034756411 0.7685981060944591 0.7657711774325071 0.7629442487705552 0.7601173201086033 0.7572903914466514 0.7544634627846996 0.7516365341227476 0.7488096054607957
0.8242710507835512 0.8240659227336091 0.823860794683667 0.8236556666337249 0.8234505385837828 0.8232454105338407 0.8230402824838983 0.8228351544339563 0.8226300263840142 0.8224248983340721 0.82221977028413 0.8220146422341879 0.8218095141842457 0.8216043861343036 0.8213992580843616 0.8211941300344195 0.819765336117926 0.8170284157026813 0.8142914952874365 0.811554574872187 0.8088176544569422 0.8060807340416974 0.8033438136264526 0.8006068932112078 0.797869972795963 0.7951330523807182 0.7923961319654734 0.7896592115502286 0.7869222911349838 0.784185370719739 0.7814484503044942 0.7787115298892494 0.7759746094739999 0.7732376890587551 0.7705007686435104 0.7677638482282655 0.7650269278130207 0.7622900073977759 0.7595530869825311 0.7568161665672863 0.7540792461520415 0.7513423257367967 0.7486054053215518 0.7458684849063071
0.8202291622432349 0.8199355515114504 0.8196419407796658 0.8193483300478812 0.8190547193160965 0.818761108584312 0.8184674978525269 0.8181738871207423 0.8178802763889577 0.8175866656571731 0.8172930549253885 0.8169994441936039 0.8167058334618194 0.8164122227300348 0.8161186119982502 0.8158250012664655 0.8143939929023453 0.8117470807338075 0.8091001685652698 0.8064532563967276 0.80380634422819 0.8011594320596522 0.7985125198911146 0.7958656077225769 0.7932186955540392 0.7905717833855015 0.7879248712169638 0.7852779590484261 0.7826310468798884 0.7799841347113508 0.777337222542813 0.7746903103742754 0.7720433982057331 0.7693964860371955 0.7667495738686577 0.7641026617001201 0.7614557495315823 0.7588088373630447 0.756161925194507 0.7535150130259693 0.7508681008574316 0.7482211886888939 0.7455742765203562 0.7429273643518185
0.8161872737029187 0.8158051802892915 0.8154230868756644 0.8150409934620373 0.8146589000484102 0.8142768066347832 0.8138947132211554 0.8135126198075283 0.8131305263939012 0.8127484329802741 0.8123663395666469 0.8119842461530199 0.8116021527393928 0.8112200593257657 0.8108379659121386 0.8104558724985115 0.8090226496867643 0.8064657457649337 0.8039088418431031 0.8013519379212681 0.7987950339994376 0.796238130077607 0.7936812261557764 0.7911243222339459 0.7885674183121153 0.7860105143902848 0.7834536104684542 0.7808967065466236 0.7783398026247931 0.7757828987029625 0.7732259947811319 0.7706690908593014 0.7681121869374664 0.7655552830156358 0.7629983790938052 0.7604414751719747 0.7578845712501441 0.7553276673283135 0.752770763406483 0.7502138594846524 0.7476569555628219 0.7451000516409912 0.7425431477191606 0.7399862437973301
0.8121453851626024 0.8116748090671327 0.8112042329716631 0.8107336568761935 0.810263080780724 0.8097925046852543 0.8093219285897839 0.8088513524943143 0.8083807763988446 0.8079102003033751 0.8074396242079055 0.8069690481124359 0.8064984720169662 0.8060278959214966 0.8055573198260271 0.8050867437305574 0.8036513064711833 0.8011844107960598 0.7987175151209364 0.7962506194458087 0.7937837237706853 0.7913168280955618 0.7888499324204383 0.7863830367453148 0.7839161410701915 0.781449245395068 0.7789823497199445 0.776515454044821 0.7740485583696975 0.7715816626945742 0.7691147670194507 0.7666478713443272 0.7641809756691995 0.7617140799940761 0.7592471843189527 0.7567802886438292 0.7543133929687057 0.7518464972935822 0.7493796016184588 0.7469127059433354 0.7444458102682119 0.7419789145930884 0.7395120189179649 0.7370451232428415
0.8081034966222826 0.8075444378449704 0.8069853790676582 0.8064263202903461 0.8058672615130339 0.8053082027357217 0.8047491439584086 0.8041900851810964 0.8036310264037841 0.8030719676264719 0.8025129088491598 0.8019538500718476 0.8013947912945354 0.8008357325172232 0.8002766737399111 0.7997176149625989 0.7982799632555978 0.7959030758271816 0.7935261883987653 0.791149300970345 0.7887724135419287 0.7863955261135125 0.7840186386850961 0.7816417512566799 0.7792648638282637 0.7768879763998474 0.7745110889714311 0.7721342015430148 0.7697573141145986 0.7673804266861823 0.7650035392577661 0.7626266518293497 0.7602497644009295 0.7578728769725132 0.7554959895440969 0.7531191021156807 0.7507422146872644 0.7483653272588481 0.7459884398304318 0.7436115524020156 0.7412346649735994 0.7388577775451831 0.7364808901167668 0.7341040026883505
