Figures/CREST_Example_wjb_NSE/PETs/wjb.pet.20100602.asc
ncols            288
nrows            254
xllcorner        113.274861
yllcorner        31.4918055
cellsize         0.008333333333
NODATA_value     -9999
[rows 140 to 159 of 254, columns 220 to 263 of 288]
2.4743162512106838 2.4718659657685578 2.4689002582202852 2.465383552775639 2.4618668473309926 2.458350141886346 2.4548334364416995 2.4513167309970534 2.447800025552407 2.4442833201077603 2.440766614663114 2.4372499092184676 2.433733203773821 2.430216498329175 2.426699792884522 2.423183087439876 2.4196663819952295 2.416149676550583 2.412632971105937 2.4091162656612903 2.405599560216644 2.4020828547719972 2.398566149327351 2.3950494438827046 2.391532738438058 2.388016032993412 2.3844993275487654 2.380982622104113 2.3774659166594665 2.37394921121482 2.370432505770174 2.3669158003255273 2.364577176904883 2.363497949835998 2.362418722767113 2.361339495698228 2.360260268629343 2.3591810415604577 2.358101814491573 2.357022587422688 2.355943360353801 2.354864133284916 2.3537849062160308 2.352705679147146
2.4646106967283896 2.4622038610524606 2.459266279050518 2.4557613172143506 2.452256355378183 2.4487513935420155 2.445246431705848 2.4417414698696804 2.438236508033513 2.4347315461973453 2.431226584361178 2.4277216225250102 2.4242166606888427 2.420711698852675 2.417206737016502 2.4137017751803342 2.4101968133441667 2.406691851507999 2.4031868896718316 2.399681927835664 2.3961769659994965 2.392672004163329 2.3891670423271614 2.385662080490994 2.3821571186548263 2.3786521568186587 2.375147194982491 2.371642233146318 2.3681372713101503 2.3646323094739827 2.361127347637815 2.3576223858016476 2.355250059692598 2.3540885468151753 2.352927033937753 2.3517655210603303 2.350604008182908 2.3494424953054853 2.348280982428063 2.3471194695506403 2.3459579566732156 2.344796443795793 2.3436349309183706 2.342473418040948
2.454905142246096 2.4525417563363634 2.449632299880751 2.4461390816530626 2.4426458634253736 2.439152645197685 2.4356594269699965 2.432166208742308 2.428672990514619 2.4251797722869304 2.421686554059242 2.4181933358315533 2.4147001176038647 2.4112068993761757 2.4077136811484814 2.4042204629207924 2.400727244693104 2.3972340264654153 2.3937408082377267 2.390247590010038 2.386754371782349 2.3832611535546606 2.379767935326972 2.3762747170992835 2.3727814988715945 2.369288280643906 2.3657950624162174 2.3623018441885226 2.358808625960834 2.3553154077331455 2.351822189505457 2.348328971277768 2.3459229424803127 2.3446791437943526 2.343435345108393 2.3421915464224328 2.3409477477364726 2.3397039490505125 2.3384601503645523 2.3372163516785927 2.3359725529926303 2.33472875430667 2.3334849556207105 2.3322411569347503
2.4451995877638018 2.442879651620266 2.4399983207109837 2.436516846091774 2.4330353714725645 2.4295538968533545 2.426072422234145 2.422590947614935 2.4191094729957254 2.4156279983765154 2.412146523757306 2.408665049138096 2.4051835745188863 2.4017020998996763 2.3982206252804605 2.394739150661251 2.391257676042041 2.3877762014228314 2.3842947268036214 2.380813252184412 2.377331777565202 2.3738503029459923 2.3703688283267823 2.3668873537075727 2.3634058790883627 2.359924404469153 2.356442929849943 2.352961455230728 2.349479980611518 2.3459985059923083 2.3425170313730983 2.3390355567538887 2.3365958252680277 2.33526974077353 2.3339436562790326 2.3326175717845348 2.3312914872900374 2.3299654027955397 2.3286393183010423 2.327313233806545 2.325987149312045 2.3246610648175476 2.32333498032305 2.3220088958285525
2.435494033281499 2.43321754690416 2.430364341541208 2.4268946105304776 2.4234248795197466 2.4199551485090156 2.4164854174982846 2.413015686487554 2.409545955476823 2.406076224466092 2.4026064934553615 2.3991367624446305 2.3956670314338995 2.3921973004231685 2.3887275694124317 2.385257838401701 2.38178810739097 2.378318376380239 2.374848645369508 2.3713789143587776 2.3679091833480466 2.3644394523373156 2.360969721326585 2.357499990315854 2.354030259305123 2.350560528294392 2.3470907972836614 2.3436210662729247 2.3401513352621937 2.3366816042514627 2.333211873240732 2.329742142230001 2.327268708055734 2.325860337752699 2.324451967449664 2.323043597146629 2.321635226843594 2.320226856540559 2.318818486237524 2.3174101159344884 2.316001745631451 2.314593375328416 2.313185005025381 2.3117766347223454
2.4257884787992054 2.423555442188063 2.420730362371441 2.417272374969189 2.413814387566937 2.410356400164685 2.406898412762433 2.403440425360181 2.399982437957929 2.396524450555677 2.393066463153425 2.3896084757511735 2.3861504883489215 2.3826925009466695 2.3792345135444113 2.3757765261421593 2.3723185387399077 2.3688605513376557 2.3654025639354037 2.3619445765331517 2.3584865891308997 2.3550286017286477 2.3515706143263957 2.3481126269241437 2.3446546395218917 2.3411966521196397 2.3377386647173877 2.33428067731513 2.330822689912878 2.327364702510626 2.323906715108374 2.320448727706122 2.3179415908434495 2.316450934731877 2.3149602786203043 2.3134696225087317 2.311978966397159 2.3104883102855864 2.308997654174014 2.307506998062441 2.306016341950866 2.3045256858392933 2.3030350297277207 2.301544373616148
2.4160829243169117 2.413893337471966 2.4110963832016745 2.407650139407901 2.404203895614128 2.400757651820355 2.397311408026582 2.393865164232809 2.3904189204390356 2.3869726766452626 2.3835264328514896 2.3800801890577166 2.376633945263943 2.37318770147017 2.3697414576763913 2.366295213882618 2.362848970088845 2.359402726295072 2.355956482501299 2.3525102387075254 2.3490639949137524 2.3456177511199794 2.3421715073262064 2.3387252635324334 2.33527901973866 2.331832775944887 2.328386532151114 2.3249402883573347 2.3214940445635617 2.3180478007697887 2.3146015569760157 2.311155313182242 2.3086144736311645 2.307041531711054 2.3054685897909444 2.303895647870834 2.302322705950724 2.3007497640306136 2.299176822110504 2.2976038801903935 2.2960309382702806 2.2944579963501703 2.2928850544300605 2.2913121125099503
2.4063773698346176 2.404231232755869 2.401462404031907 2.398027903846613 2.3945934036613186 2.3911589034760246 2.38772440329073 2.384289903105436 2.3808554029201416 2.3774209027348476 2.373986402549553 2.370551902364259 2.3671174021789647 2.3636829019936707 2.3602484018083705 2.3568139016230765 2.353379401437782 2.349944901252488 2.3465104010671936 2.3430759008818995 2.339641400696605 2.336206900511311 2.3327724003260166 2.3293379001407226 2.325903399955428 2.322468899770134 2.3190343995848397 2.31559989939954 2.3121653992142455 2.3087308990289515 2.305296398843657 2.301861898658363 2.2992873564188794 2.2976321286902315 2.295976900961584 2.2943216732329366 2.2926664455042887 2.291011217775641 2.2893559900469933 2.287700762318346 2.2860455345896953 2.284390306861048 2.2827350791324 2.2810798514037525
2.3973063404872232 2.395163849028013 2.3924171628714817 2.389024578909533 2.385631994947584 2.382239410985635 2.378846827023686 2.375454243061737 2.372061659099788 2.368669075137839 2.3652764911758903 2.3618839072139415 2.3584913232519926 2.3550987392900433 2.3517061553280887 2.34831357136614 2.344920987404191 2.341528403442242 2.338135819480293 2.334743235518344 2.331350651556395 2.3279580675944462 2.3245654836324974 2.321172899670548 2.317780315708599 2.3143877317466504 2.3109951477847015 2.307602563822747 2.304209979860798 2.3008173958988487 2.2974248119369 2.294032227974951 2.29145669581294 2.2897546105205646 2.28805252522819 2.286350439935815 2.28464835464344 2.2829462693510654 2.28124418405869 2.2795420987663153 2.277840013473938 2.2761379281815626 2.2744358428891878 2.272733757596813
2.388913578509863 2.3867321845465863 2.384001245530197 2.380682830414865 2.3773644152995335 2.374046000184202 2.3707275850688703 2.3674091699535382 2.3640907548382066 2.360772339722875 2.357453924607543 2.3541355094922114 2.35081709437688 2.347498679261548 2.344180264146211 2.340861849030879 2.337543433915547 2.3342250188002156 2.3309066036848836 2.327588188569552 2.3242697734542204 2.3209513583388888 2.3176329432235567 2.314314528108225 2.3109961129928935 2.3076776978775615 2.30435928276223 2.3010408676468925 2.297722452531561 2.2944040374162293 2.2910856223008973 2.2877672071855657 2.285225652985604 2.2835145806898796 2.281803508394155 2.2800924360984305 2.278381363802706 2.276670291506982 2.274959219211257 2.273248146915533 2.2715370746198054 2.269826002324081 2.2681149300283563 2.266403857732632
2.380520816532496 2.3783005200651526 2.375585328188905 2.3723410819201907 2.3690968356514763 2.3658525893827616 2.362608343114047 2.359364096845333 2.3561198505766185 2.3528756043079038 2.3496313580391894 2.346387111770475 2.3431428655017608 2.339898619233046 2.3366543729643263 2.3334101266956115 2.330165880426897 2.326921634158183 2.3236773878894685 2.3204331416207538 2.3171888953520394 2.313944649083325 2.3107004028146108 2.307456156545896 2.3042119102771816 2.3009676640084673 2.297723417739753 2.294479171471033 2.2912349252023185 2.2879906789336037 2.2847464326648894 2.281502186396175 2.278994610158263 2.2772745508591887 2.275554491560115 2.2738344322610407 2.272114372961967 2.2703943136628926 2.2686742543638188 2.266954195064745 2.265234135765668 2.2635140764665937 2.26179401716752 2.2600739578684457
2.372128054555136 2.369868855583726 2.3671694108476204 2.363999333425523 2.360829256003426 2.357659178581329 2.3544891011592313 2.351319023737134 2.3481489463150367 2.3449788688929396 2.3418087914708425 2.338638714048745 2.335468636626648 2.332298559204551 2.329128481782448 2.325958404360351 2.3227883269382534 2.3196182495161564 2.3164481720940593 2.3132780946719618 2.3101080172498647 2.3069379398277676 2.30376786240567 2.300597784983573 2.297427707561476 2.2942576301393784 2.2910875527172814 2.2879174752951785 2.2847473978730815 2.2815773204509844 2.278407243028887 2.27523716560679 2.272763567330927 2.2710345210285037 2.26930547472608 2.267576428423656 2.265847382121233 2.264118335818809 2.2623892895163857 2.260660243213962 2.2589311969115355 2.257202150609112 2.2554731043066885 2.2537440580042647
2.3637352925777764 2.3614371911022993 2.3587534935063355 2.3556575849308556 2.3525616763553754 2.3494657677798956 2.3463698592044153 2.3432739506289355 2.3401780420534553 2.3370821334779754 2.333986224902495 2.3308903163270154 2.327794407751535 2.3246984991760553 2.32160259060057 2.31850668202509 2.31541077344961 2.31231486487413 2.30921895629865 2.30612304772317 2.30302713914769 2.2999312305722097 2.29683532199673 2.2937394134212497 2.29064350484577 2.28754759627029 2.2844516876948098 2.2813557791193246 2.2782598705438444 2.2751639619683646 2.2720680533928843 2.2689721448174045 2.2665325245035914 2.264794491197818 2.263056457892045 2.2613184245862716 2.259580391280499 2.2578423579747255 2.2561043246689523 2.2543662913631795 2.252628258057403 2.2508902247516303 2.249152191445857 2.2474141581400837
2.3553425306004163 2.3530055266208727 2.3503375761650505 2.347315836436188 2.344294096707325 2.3412723569784624 2.3382506172495994 2.3352288775207364 2.332207137791874 2.329185398063011 2.3261636583341483 2.3231419186052853 2.3201201788764223 2.3170984391475598 2.314076699418692 2.311054959689829 2.308033219960966 2.3050114802321033 2.3019897405032403 2.298968000774378 2.295946261045515 2.292924521316652 2.2899027815877893 2.2868810418589263 2.2838593021300637 2.2808375624012007 2.2778158226723377 2.27479408294347 2.2717723432146073 2.2687506034857443 2.2657288637568813 2.2627071240280188 2.260301481676255 2.2585544613671322 2.2568074410580095 2.255060420748887 2.2533134004397644 2.2515663801306416 2.249819359821519 2.2480723395123965 2.2463253192032706 2.244578298894148 2.242831278585025 2.2410842582759027
2.3469497686230563 2.344573862139446 2.341921658823766 2.33897408794152 2.3360265170592744 2.333078946177029 2.3301313752947834 2.3271838044125377 2.3242362335302924 2.3212886626480467 2.318341091765801 2.315393520883555 2.31244595000131 2.309498379119064 2.3065508082368136 2.303603237354568 2.3006556664723226 2.297708095590077 2.294760524707831 2.291812953825586 2.28886538294334 2.2859178120610943 2.2829702411788486 2.2800226702966033 2.2770750994143576 2.274127528532112 2.2711799576498666 2.268232386767616 2.2652848158853702 2.2623372450031245 2.259389674120879 2.2564421032386335 2.2540704388489194 2.252314431536447 2.250558424223975 2.2488024169115026 2.2470464095990303 2.245290402286558 2.243534394974086 2.2417783876616135 2.2400223803491386 2.2382663730366663 2.236510365724194 2.2347543584117218
2.3385570066456958 2.336142197658019 2.3335057414824805 2.330632339446852 2.327758937411224 2.3248855353755955 2.322012133339967 2.3191387313043386 2.3162653292687105 2.313391927233082 2.3105185251974536 2.307645123161825 2.304771721126197 2.3018983190905686 2.2990249170549353 2.296151515019307 2.2932781129836783 2.2904047109480503 2.287531308912422 2.2846579068767934 2.281784504841165 2.278911102805537 2.2760377007699084 2.27316429873428 2.2702908966986515 2.267417494663023 2.264544092627395 2.2616706905917616 2.258797288556133 2.2559238865205047 2.2530504844848767 2.250177082449248 2.2478393960215834 2.2460744017057617 2.24430940738994 2.242544413074118 2.2407794187582963 2.2390144244424746 2.237249430126653 2.235484435810831 2.233719441495006 2.2319544471791843 2.2301894528633626 2.228424458547541
2.3301642446683357 2.3277105331765924 2.325089824141196 2.3222905909521847 2.3194913577631735 2.3166921245741623 2.313892891385151 2.31109365819614 2.3082944250071287 2.305495191818118 2.3026959586291067 2.2998967254400955 2.2970974922510843 2.294298259062073 2.291499025873057 2.288699792684046 2.285900559495035 2.283101326306024 2.2803020931170126 2.2775028599280014 2.27470362673899 2.271904393549979 2.2691051603609678 2.266305927171957 2.263506693982946 2.2607074607939346 2.2579082276049234 2.2551089944159073 2.252309761226896 2.2495105280378853 2.246711294848874 2.243912061659863 2.241608353194248 2.239834371875076 2.238060390555905 2.2362864092367336 2.2345124279175623 2.232738446598391 2.2309644652792198 2.2291904839600485 2.227416502640874 2.2256425213217024 2.223868540002531 2.22209455868336
2.321771482690969 2.3192788686951586 2.316673906799904 2.31394884245751 2.311223778115116 2.3084987137727224 2.3057736494303285 2.3030485850879345 2.3003235207455406 2.2975984564031466 2.2948733920607527 2.292148327718359 2.2894232633759652 2.2866981990335713 2.283973134691173 2.281248070348779 2.278523006006385 2.275797941663991 2.273072877321597 2.270347812979203 2.2676227486368092 2.2648976842944157 2.262172619952022 2.259447555609628 2.256722491267234 2.25399742692484 2.251272362582446 2.2485472982400476 2.2458222338976537 2.2430971695552597 2.2403721052128662 2.2376470408704723 2.2353773103669066 2.233594342044386 2.2318113737218646 2.2300284053993438 2.228245437076823 2.226462468754302 2.224679500431781 2.22289653210926 2.2211135637867363 2.219330595464215 2.2175476271416943 2.2157646588191735
2.313378720713609 2.310847204213732 2.308257989458619 2.3056070939628426 2.302956198467066 2.300305302971289 2.2976544074755125 2.295003511979736 2.292352616483959 2.2897017209881825 2.287050825492406 2.284399929996629 2.2817490345008524 2.2790981390050757 2.2764472435092946 2.273796348013518 2.2711454525177412 2.2684945570219646 2.265843661526188 2.263192766030411 2.2605418705346345 2.257890975038858 2.255240079543081 2.2525891840473045 2.249938288551528 2.2472873930557515 2.244636497559975 2.2419856020641937 2.239334706568417 2.2366838110726404 2.2340329155768637 2.231382020081087 2.229146267539571 2.2273543122137003 2.22556235688783 2.2237704015619593 2.221978446236089 2.2201864909102182 2.218394535584348 2.2166025802584777 2.214810624932604 2.2130186696067335 2.211226714280863 2.2094347589549925
2.304985958736249 2.3024155397323054 2.2998420721173343 2.297265345468175 2.2946886188190154 2.292111892169856 2.2895351655206966 2.286958438871537 2.2843817122223777 2.2818049855732183 2.2792282589240584 2.276651532274899 2.2740748056257396 2.27149807897658 2.2689213523274163 2.266344625678257 2.2637678990290975 2.261191172379938 2.2586144457307786 2.256037719081619 2.25346099243246 2.2508842657833004 2.248307539134141 2.2457308124849815 2.243154085835822 2.2405773591866627 2.2380006325375033 2.2354239058883394 2.23284717923918 2.2302704525900205 2.227693725940861 2.2251169992917017 2.222915224712235 2.2211142823830152 2.219313340053795 2.2175123977245748 2.215711455395355 2.2139105130661347 2.212109570736915 2.2103086284076947 2.208507686078472 2.2067067437492516 2.204905801420032 2.2031048590908116
