Figures/CREST_Example_wjb_NSE/PETs/wjb.pet.20090517.asc
ncols            288
nrows            254
xllcorner        113.274861
yllcorner        31.4918055
cellsize         0.008333333333
NODATA_value     -9999
[rows 160 to 179 of 254, columns 220 to 263 of 288]
2.593608901798236 2.59183954951703 2.5892395502585477 2.5857515705823664 2.5822635909061855 2.5787756112300046 2.575287631553824 2.571799651877643 2.568311672201462 2.564823692525281 2.5613357128491003 2.5578477331729195 2.5543597534967386 2.5508717738205577 2.5473837941443707 2.54389581446819 2.540407834792009 2.536919855115828 2.533431875439647 2.5299438957634663 2.5264559160872855 2.5229679364111046 2.5194799567349238 2.515991977058743 2.512503997382562 2.509016017706381 2.5055280380302003 2.502040058354013 2.4985520786778324 2.4950640990016515 2.4915761193254706 2.4880881396492898 2.485904285029297 2.485114569615691 2.484324854202085 2.4835351387884788 2.482745423374873 2.4819557079612666 2.481165992547661 2.4803762771340545 2.4795865617204473 2.478796846306841 2.478007130893235 2.477217415479629
2.585297178586377 2.5835020971697444 2.580868228256759 2.5773376765269473 2.5738071247971357 2.570276573067324 2.5667460213375124 2.5632154696077007 2.559684917877889 2.5561543661480775 2.552623814418266 2.549093262688454 2.5455627109586425 2.542032159228831 2.538501607499013 2.5349710557692013 2.5314405040393897 2.527909952309578 2.5243794005797664 2.5208488488499547 2.517318297120143 2.5137877453903315 2.51025719366052 2.506726641930708 2.5031960902008965 2.499665538471085 2.496134986741273 2.492604435011456 2.489073883281644 2.4855433315518325 2.482012779822021 2.478482228092209 2.4763092005241885 2.475587397015233 2.4748655935062778 2.4741437899973224 2.473421986488367 2.4727001829794117 2.4719783794704564 2.471256575961501 2.4705347724525444 2.469812968943589 2.4690911654346337 2.4683693619256784
2.5769854553745177 2.575164644822459 2.5724969062549703 2.568923782471528 2.5653506586880854 2.561777534904643 2.5582044111212006 2.554631287337758 2.5510581635543157 2.5474850397708733 2.543911915987431 2.5403387922039884 2.536765668420546 2.5331925446371035 2.529619420853655 2.5260462970702124 2.52247317328677 2.5189000495033276 2.515326925719885 2.5117538019364427 2.5081806781530003 2.5046075543695583 2.501034430586116 2.4974613068026734 2.493888183019231 2.4903150592357886 2.486741935452346 2.4831688116688975 2.479595687885455 2.4760225641020126 2.47244944031857 2.4688763165351277 2.4667141160190793 2.4660602244147745 2.46540633281047 2.464752441206165 2.4640985496018604 2.463444657997556 2.462790766393251 2.4621368747889467 2.4614829831846405 2.460829091580336 2.4601751999760313 2.459521308371727
2.5686737321626514 2.566827192475167 2.5641255842531745 2.5605098884161013 2.556894192579028 2.553278496741955 2.5496628009048816 2.5460471050678084 2.542431409230735 2.538815713393662 2.5352000175565887 2.5315843217195155 2.5279686258824423 2.524352930045369 2.5207372342082897 2.5171215383712164 2.513505842534143 2.50989014669707 2.506274450859997 2.5026587550229236 2.4990430591858503 2.495427363348777 2.491811667511704 2.4881959716746307 2.4845802758375575 2.4809645800004843 2.477348884163411 2.4737331883263316 2.4701174924892584 2.466501796652185 2.462886100815112 2.4592704049780387 2.4571190315139626 2.4565330518143083 2.4559470721146544 2.4553610924150004 2.4547751127153465 2.4541891330156926 2.4536031533160387 2.453017173616385 2.45243119391673 2.451845214217076 2.4512592345174222 2.450673254817768
2.560362008950792 2.5584897401278814 2.555754262251386 2.552095994360682 2.548437726469978 2.544779458579274 2.54112119068857 2.537462922797866 2.533804654907162 2.5301463870164578 2.5264881191257538 2.5228298512350498 2.5191715833443458 2.5155133154536418 2.5118550475629315 2.5081967796722275 2.504538511781524 2.50088024389082 2.497221976000116 2.493563708109412 2.489905440218708 2.486247172328004 2.4825889044373 2.478930636546596 2.475272368655892 2.471614100765188 2.467955832874484 2.4642975649837737 2.4606392970930697 2.4569810292023657 2.4533227613116617 2.4496644934209577 2.4475239470088535 2.4470058792138505 2.446487811418847 2.4459697436238437 2.4454516758288407 2.4449336080338373 2.444415540238834 2.443897472443831 2.4433794046488266 2.4428613368538232 2.4423432690588203 2.441825201263817
2.552050285738933 2.550152287780596 2.547382940249597 2.5436821003052623 2.5399812603609275 2.5362804204165927 2.532579580472258 2.528878740527923 2.5251779005835884 2.521477060639254 2.5177762206949192 2.5140753807505845 2.5103745408062497 2.506673700861915 2.502972860917574 2.499272020973239 2.4955711810289043 2.4918703410845695 2.4881695011402347 2.4844686611959 2.4807678212515656 2.477066981307231 2.473366141362896 2.469665301418561 2.4659644614742264 2.4622636215298916 2.458562781585557 2.454861941641216 2.451161101696881 2.4474602617525463 2.4437594218082115 2.4400585818638767 2.4379288625037447 2.4374787066133923 2.4370285507230394 2.436578394832687 2.4361282389423344 2.435678083051982 2.4352279271616295 2.4347777712712766 2.4343276153809232 2.4338774594905708 2.4334273036002183 2.432977147709866
2.5437385625270736 2.5418148354333105 2.5390116182478084 2.535268206249843 2.5315247942518773 2.5277813822539117 2.5240379702559466 2.520294558257981 2.5165511462600154 2.51280773426205 2.5090643222640843 2.5053209102661187 2.501577498268153 2.497834086270188 2.4940906742722158 2.4903472622742506 2.486603850276285 2.4828604382783195 2.479117026280354 2.4753736142823883 2.4716302022844228 2.467886790286457 2.464143378288492 2.4603999662905265 2.456656554292561 2.4529131422945953 2.4491697302966298 2.445426318298658 2.4416829063006924 2.437939494302727 2.4341960823047613 2.430452670306796 2.428333777998636 2.427951534012934 2.427569290027232 2.42718704604153 2.426804802055828 2.4264225580701266 2.4260403140844247 2.4256580700987227 2.4252758261130203 2.4248935821273183 2.4245113381416163 2.4241290941559144
2.5354268393152144 2.533477383086025 2.5306402962460197 2.5268543121944234 2.523068328142827 2.519282344091231 2.5154963600396347 2.5117103759880384 2.507924391936442 2.5041384078848457 2.5003524238332497 2.4965664397816534 2.492780455730057 2.4889944716784607 2.485208487626858 2.4814225035752617 2.4776365195236654 2.473850535472069 2.470064551420473 2.4662785673688767 2.4624925833172804 2.458706599265684 2.4549206152140877 2.4511346311624918 2.4473486471108954 2.443562663059299 2.4397766790077027 2.4359906949561 2.4322047109045037 2.4284187268529074 2.424632742801311 2.420846758749715 2.418738693493527 2.418424361412476 2.418110029331425 2.4177956972503734 2.4174813651693223 2.417167033088271 2.41685270100722 2.416538368926169 2.416224036845117 2.415909704764066 2.4155953726830144 2.4152810406019634
2.527115116103355 2.5251399307387397 2.522268974244231 2.518440418139004 2.514611862033777 2.51078330592855 2.506954749823323 2.5031261937180957 2.499297637612869 2.495469081507642 2.4916405254024148 2.4878119692971876 2.483983413191961 2.4801548570867338 2.4763263009815 2.4724977448762733 2.468669188771046 2.464840632665819 2.461012076560592 2.457183520455365 2.453354964350138 2.449526408244911 2.4456978521396837 2.441869296034457 2.43804073992923 2.4342121838240027 2.4303836277187756 2.4265550716135422 2.422726515508315 2.418897959403088 2.4150694032978612 2.411240847192634 2.409143608988418 2.4088971888120176 2.408650768635617 2.4084043484592166 2.408157928282816 2.4079115081064155 2.407665087930015 2.4074186677536145 2.407172247577214 2.4069258274008134 2.406679407224413 2.4064329870480123
2.518803392891496 2.516802478391454 2.5138976522424423 2.5100265240835844 2.506155395924727 2.502284267765869 2.498413139607011 2.4945420114481536 2.4906708832892956 2.4867997551304377 2.4829286269715802 2.4790574988127223 2.4751863706538644 2.4713152424950064 2.4674441143361423 2.4635729861772844 2.4597018580184264 2.455830729859569 2.451959601700711 2.448088473541853 2.4442173453829956 2.4403462172241377 2.4364750890652798 2.432603960906422 2.4287328327475644 2.4248617045887064 2.4209905764298485 2.4171194482709843 2.4132483201121264 2.4093771919532685 2.405506063794411 2.401634935635553 2.3995485244833095 2.3993700162115594 2.39919150793981 2.39901299966806 2.39883449139631 2.39865598312456 2.3984774748528106 2.3982989665810606 2.3981204583093105 2.3979419500375605 2.397763441765811 2.397584933494061
2.5104916696796296 2.508465026044161 2.505526330240646 2.5016126300281574 2.497698929815669 2.4937852296031804 2.4898715293906917 2.4859578291782034 2.4820441289657147 2.478130428753226 2.4742167285407373 2.470303028328249 2.4663893281157603 2.4624756279032716 2.458561927690776 2.454648227478288 2.450734527265799 2.4468208270533105 2.4429071268408222 2.4389934266283335 2.435079726415845 2.431166026203356 2.427252325990868 2.423338625778379 2.4194249255658904 2.4155112253534017 2.4115975251409134 2.407683824928418 2.4037701247159293 2.399856424503441 2.3959427242909523 2.3920290240784636 2.389953439978192 2.389842843611093 2.3897322472439937 2.3896216508768946 2.389511054509796 2.389400458142697 2.3892898617755978 2.3891792654084987 2.389068669041399 2.3889580726743 2.388847476307201 2.3887368799401023
2.5021799464677703 2.5001275736968758 2.4971550082388574 2.4931987359727383 2.489242463706619 2.4852861914404993 2.4813299191743803 2.477373646908261 2.4734173746421413 2.4694611023760222 2.4655048301099027 2.4615485578437832 2.4575922855776637 2.4536360133115447 2.4496797410454185 2.445723468779299 2.44176719651318 2.4378109242470605 2.433854651980941 2.429898379714822 2.4259421074487024 2.421985835182583 2.4180295629164634 2.4140732906503444 2.410117018384225 2.4061607461181054 2.4022044738519863 2.39824820158586 2.3942919293197407 2.3903356570536216 2.386379384787502 2.3824231125213826 2.380358355473083 2.3803156710106346 2.3802729865481864 2.380230302085738 2.3801876176232897 2.380144933160841 2.380102248698393 2.3800595642359443 2.380016879773496 2.3799741953110476 -9999.0 -9999.0
2.493868223255911 2.4917901213495903 2.4887836862370687 2.484784841917319 2.4807859975975686 2.4767871532778183 2.4727883089580684 2.468789464638318 2.4647906203185683 2.460791775998818 2.4567929316790678 2.452794087359318 2.4487952430395676 2.4447963987198174 2.4407975544000604 2.4367987100803106 2.4327998657605603 2.4288010214408104 2.42480217712106 2.42080333280131 2.41680448848156 2.4128056441618098 2.4088067998420595 2.4048079555223096 2.4008091112025594 2.396810266882809 2.3928114225630592 2.3888125782433023 2.384813733923552 2.380814889603802 2.376816045284052 2.3728172009643016 2.3707632709679745 2.370788498410177 2.3708137258523787 2.370838953294581 2.3708641807367834 2.3708894081789857 2.370914635621188 2.3709398630633904 2.370965090505593 -9999.0 -9999.0 -9999.0
2.485556500044052 2.483452669002305 2.48041236423528 2.4763709478618994 2.4723295314885183 2.4682881151151377 2.4642466987417566 2.460205282368376 2.456163865994995 2.452122449621614 2.4480810332482332 2.444039616874852 2.4399982005014715 2.4359567841280905 2.4319153677547027 2.4278739513813217 2.423832535007941 2.41979111863456 2.4157497022611794 2.4117082858877983 2.407666869514417 2.4036254531410366 2.3995840367676555 2.395542620394275 2.391501204020894 2.3874597876475128 2.383418371274132 2.3793769549007444 2.3753355385273633 2.3712941221539827 2.3672527057806017 2.3632112894072206 2.3611681864628653 2.3612613258097186 2.3613544651565714 2.3614476045034243 2.3615407438502776 2.3616338831971304 2.3617270225439833 -9999.0 -9999.0 -9999.0 -9999.0 -9999.0
2.4772447768321926 2.4751152166550194 2.4720410422334917 2.46795705380648 2.463873065379468 2.4597890769524566 2.455705088525445 2.4516211000984334 2.4475371116714215 2.44345312324441 2.4393691348173983 2.435285146390387 2.431201157963375 2.4271171695363636 2.4230331811093446 2.418949192682333 2.4148652042553214 2.41078121582831 2.406697227401298 2.4026132389742867 2.398529250547275 2.3944452621202634 2.3903612736932516 2.38627728526624 2.3821932968392283 2.3781093084122165 2.374025319985205 2.3699413315581865 2.3658573431311747 2.3617733547041633 2.3576893662771514 2.35360537785014 2.3515731019577566 2.3517341532092604 2.351895204460764 2.3520562557122675 2.3522173069637713 2.352378358215275 -9999.0 -9999.0 -9999.0 -9999.0 -9999.0 -9999.0
2.4689330536203333 2.466777764307734 2.463669720231703 2.4595431597510604 2.455416599270418 2.4512900387897756 2.4471634783091334 2.4430369178284908 2.4389103573478486 2.434783796867206 2.4306572363865637 2.426530675905921 2.422404115425279 2.4182775549446363 2.414150994463987 2.4100244339833443 2.405897873502702 2.4017713130220595 2.3976447525414173 2.3935181920607747 2.3893916315801325 2.38526507109949 2.3811385106188476 2.377011950138205 2.372885389657563 2.36875882917692 2.364632268696278 2.3605057082156287 2.356379147734986 2.352252587254344 2.348126026773701 2.343999466293059 2.341978017452648 2.342206980608802 2.3424359437649565 2.3426649069211107 2.342893870077265 2.3431228332334197 -9999.0 -9999.0 -9999.0 -9999.0 -9999.0 -9999.0
2.460621330408467 2.458440311960442 2.4552983982299073 2.451129265695634 2.446960133161361 2.4427910006270874 2.4386218680928144 2.434452735558541 2.430283603024268 2.4261144704899946 2.4219453379557216 2.417776205421448 2.4136070728871752 2.409437940352902 2.4052688078186217 2.4010996752843483 2.3969305427500753 2.392761410215802 2.3885922776815285 2.3844231451472555 2.380254012612982 2.376084880078709 2.3719157475444357 2.3677466150101627 2.3635774824758893 2.3594083499416163 2.355239217407343 2.351070084873063 2.3469009523387894 2.3427318198045164 2.338562687270243 2.33439355473597 2.3323829329475307 2.332679808008336 2.332976683069141 2.3332735581299464 2.333570433190751 -9999.0 -9999.0 -9999.0 -9999.0 -9999.0 -9999.0 -9999.0
2.4523096071966077 2.4501028596131564 2.4469270762281186 2.4427153716402144 2.4385036670523106 2.4342919624644064 2.4300802578765026 2.4258685532885984 2.4216568487006946 2.4174451441127904 2.4132334395248867 2.409021734936983 2.4048100303490787 2.400598325761175 2.3963866211732636 2.39217491658536 2.3879632119974556 2.383751507409552 2.3795398028216477 2.375328098233744 2.3711163936458397 2.366904689057936 2.3626929844700317 2.358481279882128 2.3542695752942238 2.35005787070632 2.345846166118416 2.341634461530505 2.3374227569426007 2.333211052354697 2.3289993477667927 2.324787643178889 2.322787848442422 2.3231526354078778 2.3235174223733335 2.3238822093387896 -9999.0 -9999.0 -9999.0 -9999.0 -9999.0 -9999.0 -9999.0 -9999.0
2.4498986935121145 2.4476644826363474 2.4444950775858585 2.4403259287975163 2.4361567800091746 2.4319876312208324 2.4278184824324907 2.4236493336441485 2.4194801848558067 2.4153110360674646 2.411141887279123 2.4069727384907806 2.402803589702439 2.3986344409140967 2.394465292125748 2.3902961433374057 2.3861269945490635 2.381957845760722 2.37778869697238 2.373619548184038 2.3694503993956957 2.365281250607354 2.3611121018190118 2.35694295303067 2.352773804242328 2.348604655453986 2.344435506665644 2.340266357877295 2.336097209088953 2.331928060300611 2.327758911512269 2.3235897627239273 2.3215980666220952 2.321934116732877 2.322270166843658 -9999.0 -9999.0 -9999.0 -9999.0 -9999.0 -9999.0 -9999.0 -9999.0 -9999.0
2.45379537326765 2.4515318453951616 2.4484118412425735 2.4443762445630073 2.4403406478834406 2.4363050512038744 2.4322694545243078 2.4282338578447416 2.4241982611651753 2.4201626644856087 2.4161270678060425 2.412091471126476 2.4080558744469096 2.404020277767343 2.3999846810877696 2.3959490844082034 2.3919134877286368 2.3878778910490706 2.383842294369504 2.3798066976899377 2.375771101010371 2.371735504330805 2.367699907651238 2.363664310971672 2.3596287142921053 2.355593117612539 2.3515575209329724 2.347521924253399 2.343486327573833 2.3394507308942663 2.3354151342147 2.331379537535134 2.3293930235617837 2.329597025386217 2.3298010272106504 -9999.0 -9999.0 -9999.0 -9999.0 -9999.0 -9999.0 -9999.0 -9999.0 -9999.0
