Figures/CREST_Example_wjb_NSE/PETs/wjb.pet.20101212.asc
ncols            288
nrows            254
xllcorner        113.274861
yllcorner        31.4918055
cellsize         0.008333333333
NODATA_value     -9999
[rows 114 to 132 of 254, columns 0 to 43 of 288]
-9999.0 -9999.0 -9999.0 -9999.0 -9999.0 -9999.0 -9999.0 -9999.0 -9999.0 -9999.0 -9999.0 -9999.0 -9999.0 -9999.0 -9999.0 -9999.0 -9999.0 -9999.0 -9999.0 -9999.0 -9999.0 -9999.0 -9999.0 -9999.0 -9999.0 -9999.0 -9999.0 -9999.0 -9999.0 -9999.0 -9999.0 -9999.0 -9999.0 0.549751183435187 0.5493040984454071 0.5488570134556271 0.5484099284658472 0.5479628434760673 0.5475157584862873 0.5470686734965067 0.5466215885067267 0.5461745035169467 0.5454879797029115 0.54454549037421
-9999.0 -9999.0 -9999.0 -9999.0 -9999.0 -9999.0 -9999.0 -9999.0 -9999.0 -9999.0 -9999.0 -9999.0 -9999.0 -9999.0 -9999.0 -9999.0 -9999.0 -9999.0 -9999.0 -9999.0 -9999.0 -9999.0 -9999.0 -9999.0 -9999.0 -9999.0 -9999.0 -9999.0 -9999.0 -9999.0 -9999.0 -9999.0 0.5488309494958409 0.5483525352759172 0.5478741210559935 0.5473957068360699 0.5469172926161462 0.5464388783962225 0.545960464176299 0.5454820499563744 0.5450036357364507 0.5445252215165272 0.5438200752041108 0.5428725471604661
-9999.0 -9999.0 -9999.0 -9999.0 -9999.0 -9999.0 -9999.0 -9999.0 -9999.0 -9999.0 -9999.0 -9999.0 -9999.0 -9999.0 -9999.0 -9999.0 -9999.0 -9999.0 -9999.0 -9999.0 -9999.0 -9999.0 -9999.0 -9999.0 -9999.0 -9999.0 -9999.0 -9999.0 -9999.0 -9999.0 -9999.0 -9999.0 0.5474636305667148 0.5469538871166474 0.54644414366658 0.5459344002165126 0.5454246567664452 0.5449149133163779 0.5444051698663105 0.5438954264162422 0.5433856829661748 0.5428759395161075 0.54215217070531 0.5411996039467222
-9999.0 -9999.0 -9999.0 -9999.0 -9999.0 -9999.0 -9999.0 -9999.0 -9999.0 -9999.0 -9999.0 -9999.0 -9999.0 -9999.0 -9999.0 -9999.0 -9999.0 -9999.0 -9999.0 -9999.0 -9999.0 -9999.0 -9999.0 -9999.0 -9999.0 -9999.0 -9999.0 -9999.0 -9999.0 -9999.0 -9999.0 -9999.0 0.5460963116375886 0.5455552389573776 0.5450141662771664 0.5444730935969553 0.5439320209167442 0.5433909482365331 0.542849875556322 0.5423088028761099 0.5417677301958989 0.5412266575156878 0.5404842662065091 0.5395266607329783
-9999.0 -9999.0 -9999.0 -9999.0 -9999.0 -9999.0 -9999.0 -9999.0 -9999.0 -9999.0 -9999.0 -9999.0 -9999.0 -9999.0 -9999.0 0.554379760800513 0.5538108849571073 0.5532420091137017 -9999.0 -9999.0 -9999.0 -9999.0 -9999.0 -9999.0 -9999.0 -9999.0 -9999.0 -9999.0 -9999.0 -9999.0 0.5458466231494268 0.5452777473060211 0.5447088714626154 0.5441399956192097 0.543571119775804 0.5430022439323983 0.5424333680889926 0.5418644922455869 0.5412956164021813 0.5407267405587746 0.5401578647153689 0.5395889888719632 0.5388322227089634 0.5378745975478234
-9999.0 -9999.0 -9999.0 -9999.0 -9999.0 -9999.0 -9999.0 -9999.0 -9999.0 -9999.0 -9999.0 -9999.0 -9999.0 0.5545652103475308 0.553972300484205 0.5533793906208793 0.5527864807575534 0.5521935708942277 -9999.0 -9999.0 -9999.0 -9999.0 -9999.0 -9999.0 -9999.0 -9999.0 -9999.0 -9999.0 -9999.0 0.5450786525343172 0.5444857426709914 0.5438928328076656 0.5432999229443398 0.5427070130810141 0.5421141032176883 0.5415211933543624 0.5409282834910367 0.5403353736277109 0.5397424637643852 0.5391495539010583 0.5385566440377325 0.5379637341744068 0.5371971336218355 0.5362448537968917
-9999.0 -9999.0 -9999.0 -9999.0 -9999.0 -9999.0 -9999.0 -9999.0 -9999.0 -9999.0 -9999.0 -9999.0 -9999.0 0.5536129082077372 0.5529959643244914 0.5523790204412454 0.5517620765579996 0.5511451326747536 -9999.0 -9999.0 -9999.0 -9999.0 -9999.0 -9999.0 -9999.0 -9999.0 -9999.0 -9999.0 -9999.0 0.5437418060758019 0.5431248621925561 0.5425079183093101 0.5418909744260643 0.5412740305428184 0.5406570866595725 0.5400401427763266 0.5394231988930807 0.5388062550098348 0.538189311126589 0.537572367243342 0.536955423360096 0.5363384794768502 0.5355620445347076 0.5346151100459597
-9999.0 -9999.0 -9999.0 -9999.0 -9999.0 -9999.0 -9999.0 -9999.0 -9999.0 -9999.0 -9999.0 -9999.0 0.5533015839711107 0.5526606060679436 0.5520196281647777 0.5513786502616116 0.5507376723584456 0.5500966944552796 0.5494557165521137 -9999.0 -9999.0 -9999.0 -9999.0 -9999.0 -9999.0 -9999.0 -9999.0 -9999.0 -9999.0 -9999.0 0.5417639817141207 0.5411230038109547 0.5404820259077887 0.5398410480046227 0.5392000701014567 0.5385590921982907 0.5379181142951247 0.5372771363919587 0.5366361584887928 0.5359951805856257 0.5353542026824597 0.5347132247792936 0.5339269554475796 0.5329853662950279
-9999.0 -9999.0 -9999.0 -9999.0 -9999.0 -9999.0 -9999.0 -9999.0 -9999.0 -9999.0 -9999.0 -9999.0 0.5523733158512373 0.5517083039281501 0.551043292005064 0.5503782800819779 0.5497132681588918 0.5490482562358057 0.5483832443127196 0.5477182323896335 0.5470532204665474 -9999.0 -9999.0 -9999.0 -9999.0 -9999.0 -9999.0 -9999.0 -9999.0 0.5410681131587715 0.5404031012356854 0.5397380893125993 0.5390730773895132 0.538408065466427 0.537743053543341 0.5370780416202549 0.5364130296971689 0.5357480177740828 0.5350830058509967 0.5344179939279095 0.5337529820048234 0.5330879700817373 0.5322918663604518 0.5313556225440961
-9999.0 -9999.0 -9999.0 -9999.0 -9999.0 -9999.0 -9999.0 -9999.0 -9999.0 -9999.0 -9999.0 -9999.0 0.5514450477313638 0.5507560017883565 0.5500669558453503 0.549377909902344 0.5486888639593379 0.5479998180163317 0.5473107720733255 0.5466217261303193 0.5459326801873131 -9999.0 -9999.0 0.5438655423582945 -9999.0 -9999.0 -9999.0 -9999.0 -9999.0 0.5397312667002562 0.53904222075725 0.5383531748142438 0.5376641288712376 0.5369750829282314 0.5362860369852253 0.535596991042219 0.5349079450992128 0.5342188991562066 0.5335298532132005 0.5328408072701931 0.5321517613271869 0.5314627153841807 0.5306567772733238 0.5297258787931642
-9999.0 -9999.0 -9999.0 -9999.0 -9999.0 -9999.0 -9999.0 -9999.0 -9999.0 -9999.0 -9999.0 -9999.0 0.5505167796114895 0.549803699648562 0.5490906196856357 0.5483775397227093 0.5476644597597831 0.5469513797968567 0.5462382998339304 0.5455252198710041 0.5448121399080778 0.5440990599451515 0.5433859799822252 0.5426729000192988 0.5419598200563726 0.5412467400934462 -9999.0 -9999.0 0.539107500204666 0.5383944202417398 0.5376813402788134 0.5369682603158872 0.5362551803529608 0.5355421003900345 0.5348290204271082 0.5341159404641819 0.5334028605012556 0.5326897805383293 0.5319767005754029 0.5312636206124755 0.5305505406495491 0.5298374606866229 0.5290216881861945 0.5280961350422311
-9999.0 -9999.0 -9999.0 -9999.0 -9999.0 -9999.0 -9999.0 -9999.0 -9999.0 -9999.0 -9999.0 0.5506359051217912 0.549588511491616 0.5488513975087683 0.548114283525922 0.5473771695430756 0.5466400555602291 0.5459029415773827 0.5451658275945364 0.5444287136116899 0.5436915996288435 0.542954485645997 0.5422173716631506 0.5414802576803043 0.5407431436974578 0.5400060297146114 0.5392689157317637 0.5385318017489173 0.5377946877660709 0.5370575737832245 0.5363204598003781 0.5355833458175316 0.5348462318346853 0.5341091178518388 0.5333720038689924 0.532634889886146 0.5318977759032996 0.5311606619204532 0.5304235479376067 0.5296864339547591 0.5289493199719126 0.5282122059890663 0.5273865990990666 0.5264663912912991
-9999.0 -9999.0 -9999.0 -9999.0 -9999.0 -9999.0 -9999.0 -9999.0 -9999.0 -9999.0 -9999.0 0.5497207255345492 0.5486602433717426 0.5478990953689747 0.5471379473662082 0.5463767993634417 0.5456156513606752 0.5448545033579087 0.5440933553551422 0.5433322073523756 0.5425710593496091 0.5418099113468426 0.5410487633440761 0.5402876153413096 0.5395264673385431 0.5387653193357765 0.5380041713330088 0.5372430233302422 0.5364818753274757 0.5357207273247092 0.5349595793219427 0.5341984313191762 0.5334372833164097 0.5326761353136431 0.5319149873108766 0.5311538393081101 0.5303926913053436 0.5296315433025771 0.5288703952998106 0.5281092472970428 0.5273480992942763 0.5265869512915097 0.5257515100119386 0.5248366475403673
-9999.0 -9999.0 -9999.0 -9999.0 -9999.0 -9999.0 -9999.0 -9999.0 -9999.0 -9999.0 -9999.0 0.5488055459473073 0.5477319752518691 0.5469467932291812 0.5461616112064945 0.5453764291838079 0.5445912471611213 0.5438060651384348 0.5430208831157481 0.5422357010930615 0.5414505190703749 0.5406653370476883 0.5398801550250016 0.539094973002315 0.5383097909796284 0.5375246089569418 0.5367394269342538 0.5359542449115672 0.5351690628888806 0.5343838808661939 0.5335986988435073 0.5328135168208207 0.532028334798134 0.5312431527754474 0.5304579707527608 0.5296727887300742 0.5288876067073875 0.528102424684701 0.5273172426620144 0.5265320606393264 0.5257468786166398 0.5249616965939532 0.5241164209248107 0.5232069037894354
-9999.0 -9999.0 -9999.0 -9999.0 -9999.0 -9999.0 -9999.0 -9999.0 -9999.0 -9999.0 -9999.0 0.5478903663600654 0.5468037071319957 0.5459944910893876 0.5451852750467809 0.5443760590041742 0.5435668429615674 0.5427576269189608 0.541948410876354 0.5411391948337473 0.5403299787911405 0.5395207627485339 0.5387115467059271 0.5379023306633204 0.5370931146207137 0.536283898578107 0.5354746825354989 0.5346654664928921 0.5338562504502855 0.5330470344076788 0.532237818365072 0.5314286023224652 0.5306193862798586 0.5298101702372519 0.5290009541946451 0.5281917381520385 0.5273825221094317 0.526573306066825 0.5257640900242183 0.5249548739816101 0.5241456579390035 0.5233364418963967 0.5224813318376829 0.5215771600385036
-9999.0 -9999.0 -9999.0 -9999.0 -9999.0 -9999.0 -9999.0 -9999.0 -9999.0 -9999.0 0.5483242255206606 0.5469751867728234 0.5458754390121222 0.545042188949594 0.5442089388870672 0.5433756888245403 0.5425424387620136 0.5417091886994867 0.5408759386369599 0.540042688574433 0.5392094385119063 0.5383761884493794 0.5375429383868526 0.5367096883243259 0.535876438261799 0.5350431881992722 0.5342099381367439 0.5333766880742171 0.5325434380116902 0.5317101879491635 0.5308769378866366 0.5300436878241098 0.5292104377615829 0.5283771876990562 0.5275439376365294 0.5267106875740025 0.5258774375114758 0.5250441874489489 0.5242109373864221 0.5233776873238938 0.522544437261367 0.5217111871988401 0.5208462427505549 0.5199474162875717
-9999.0 -9999.0 -9999.0 -9999.0 -9999.0 -9999.0 -9999.0 -9999.0 -9999.0 0.5487637841863032 0.5474118956859424 0.5460600071855816 0.5449471708922489 0.5440898868098004 0.5432326027273535 0.5423753186449066 0.5415180345624596 0.5406607504800127 0.5398034663975658 0.5389461823151189 0.5380888982326719 0.537231614150225 0.5363743300677781 0.5355170459853312 0.5346597619028842 0.5338024778204373 0.532945193737989 0.5320879096555421 0.5312306255730951 0.5303733414906482 0.5295160574082013 0.5286587733257544 0.5278014892433074 0.5269442051608605 0.5260869210784136 0.5252296369959667 0.5243723529135197 0.5235150688310728 0.5226577847486259 0.5218005006661774 0.5209432165837306 0.5200859325012837 0.519211153663427 0.5183176725366399
-9999.0 -9999.0 -9999.0 -9999.0 -9999.0 -9999.0 -9999.0 0.5505637806098769 0.5492090423569923 0.5478543041041078 0.5464995658512233 0.5451448275983387 0.5440189027723745 0.543137584670006 0.5422562665676389 0.5413749484652719 0.5404936303629048 0.5396123122605377 0.5387309941581707 0.5378496760558037 0.5369683579534367 0.5360870398510696 0.5352057217487025 0.5343244036463355 0.5334430855439685 0.5325617674416014 0.5316804493392329 0.5307991312368658 0.5299178131344988 0.5290364950321318 0.5281551769297648 0.5272738588273976 0.5263925407250306 0.5255112226226636 0.5246299045202966 0.5237485864179295 0.5228672683155625 0.5219859502131954 0.5211046321108284 0.5202233140084599 0.5193419959060928 0.5184606778037257 0.5175760645762977 0.5166879287857067
-9999.0 -9999.0 -9999.0 -9999.0 -9999.0 -9999.0 0.5510175880381379 0.5496600000327296 0.5483024120273214 0.5469448240219132 0.545587236016505 0.5442296480110969 0.5430906346525011 0.5421852825302124 0.5412799304079252 0.5403745782856381 0.5394692261633509 0.5385638740410638 0.5376585219187766 0.5367531697964895 0.5358478176742023 0.5349424655519152 0.534037113429628 0.5331317613073409 0.5322264091850537 0.5313210570627667 0.530415704940478 0.5295103528181908 0.5286050006959037 0.5276996485736165 0.5267942964513294 0.5258889443290422 0.5249835922067551 0.5240782400844679 0.5231728879621808 0.5222675358398936 0.5213621837176065 0.5204568315953193 0.5195514794730322 0.5186461273507436 0.5177407752284564 0.5168354231061693 0.5159409754891698 0.5150581850347747
