Figures/CREST_Example_wjb_NSE/PETs/wjb.pet.20090514.asc
ncols            288
nrows            254
xllcorner        113.274861
yllcorner        31.4918055
cellsize         0.008333333333
NODATA_value     -9999
[rows 180 to 199 of 254, columns 132 to 175 of 288]
0.8629984812110089 0.8655826895876237 0.8681668979642386 0.8707511063408535 0.8733353147174684 0.8759195230940833 0.8785037314706983 0.8810879398473132 0.883672148223928 0.8862563566005429 0.8888405649771578 0.891424773353777 0.894008981730392 0.8965931901070069 0.8991773984836218 0.9017616068602367 0.9043458152368515 0.9069300236134664 0.9095142319900813 0.9120984403666962 0.9146826487433111 0.917266857119926 0.9198510654965408 0.9224352738731557 0.925019482249775 0.9276036906263899 0.9301878990030048 0.9327721073796197 0.9353563157562346 0.9379405241328495 0.9386971140425361 0.9374999384676626 0.9363027628927889 0.9351055873179153 0.9339084117430416 0.932711236168168 0.9315140605932943 0.9303168850184187 0.929119709443545 0.9279225338686715 0.9267253582937979 0.9255281827189242 0.9243310071440506 0.9231338315691769
0.8690198462722696 0.8715870802497464 0.8741543142272232 0.8767215482047002 0.879288782182177 0.8818560161596538 0.8844232501371306 0.8869904841146076 0.8895577180920844 0.8921249520695612 0.894692186047038 0.8972594200245193 0.8998266540019961 0.9023938879794731 0.9049611219569499 0.9075283559344267 0.9100955899119036 0.9126628238893805 0.9152300578668573 0.9177972918443342 0.920364525821811 0.9229317597992879 0.9254989937767647 0.9280662277542416 0.9306334617317228 0.9332006957091997 0.9357679296866765 0.9383351636641534 0.9409023976416302 0.9434696316191071 0.9442255484981442 0.943045126424296 0.9418647043504479 0.9406842822765998 0.9395038602027517 0.9383234381289035 0.9371430160550553 0.9359625939812052 0.9347821719073571 0.933601749833509 0.9324213277596608 0.9312409056858126 0.9300604836119646 0.9288800615381164
0.8750412113335302 0.8775914709118691 0.8801417304902078 0.8826919900685467 0.8852422496468855 0.8877925092252243 0.8903427688035631 0.892893028381902 0.8954432879602408 0.8979935475385796 0.9005438071169184 0.9030940666952616 0.9056443262736005 0.9081945858519392 0.9107448454302781 0.9132951050086169 0.9158453645869558 0.9183956241652945 0.9209458837436334 0.9234961433219722 0.926046402900311 0.9285966624786498 0.9311469220569887 0.9336971816353274 0.9362474412136707 0.9387977007920094 0.9413479603703483 0.9438982199486872 0.9464484795270259 0.9489987391053647 0.9497539829537522 0.9485903143809297 0.947426645808107 0.9462629772352843 0.9450993086624616 0.943935640089639 0.9427719715168164 0.9416083029439917 0.9404446343711691 0.9392809657983464 0.9381172972255237 0.9369536286527012 0.9357899600798785 0.9346262915070558
0.881062576394796 0.8835958615739968 0.8861291467531976 0.8886624319323984 0.8911957171115992 0.8937290022908 0.8962622874700007 0.8987955726492015 0.9013288578284022 0.903862143007603 0.9063954281868039 0.9089287133660089 0.9114619985452097 0.9139952837244104 0.9165285689036112 0.919061854082812 0.9215951392620128 0.9241284244412136 0.9266617096204144 0.9291949947996151 0.9317282799788159 0.9342615651580166 0.9367948503372174 0.9393281355164183 0.9418614206956233 0.9443947058748241 0.9469279910540248 0.9494612762332256 0.9519945614124264 0.9545278465916271 0.9552824174093651 0.9541355023375679 0.9529885872657708 0.9518416721939736 0.9506947571221765 0.9495478420503793 0.9484009269785821 0.947254011906783 0.946107096834986 0.9449601817631887 0.9438132666913917 0.9426663516195944 0.9415194365477972 0.9403725214760001
0.8870839414560567 0.8896002522361195 0.8921165630161821 0.8946328737962449 0.8971491845763077 0.8996654953563704 0.9021818061364332 0.9046981169164959 0.9072144276965586 0.9097307384766213 0.9122470492566841 0.9147633600367512 0.9172796708168138 0.9197959815968766 0.9223122923769393 0.9248286031570021 0.9273449139370649 0.9298612247171276 0.9323775354971903 0.934893846277253 0.9374101570573158 0.9399264678373785 0.9424427786174413 0.944959089397504 0.947475400177571 0.9499917109576338 0.9525080217376964 0.9550243325177592 0.957540643297822 0.9600569540778847 0.9608108518649731 0.9596806902942014 0.9585505287234297 0.9574203671526581 0.9562902055818864 0.9551600440111148 0.954029882440343 0.9528997208695695 0.9517695592987978 0.9506393977280262 0.9495092361572545 0.9483790745864829 0.9472489130157111 0.9461187514449395
0.8931053065173173 0.895604642898242 0.8981039792791667 0.9006033156600914 0.9031026520410161 0.905601988421941 0.9081013248028657 0.9106006611837903 0.913099997564715 0.9155993339456397 0.9180986703265644 0.9205980067074934 0.9230973430884181 0.9255966794693428 0.9280960158502676 0.9305953522311923 0.933094688612117 0.9355940249930417 0.9380933613739664 0.9405926977548911 0.9430920341358158 0.9455913705167405 0.9480907068976652 0.9505900432785899 0.9530893796595188 0.9555887160404435 0.9580880524213683 0.960587388802293 0.9630867251832177 0.9655860615641424 0.9663392863205812 0.965225878250835 0.9641124701810888 0.9629990621113426 0.9618856540415964 0.9607722459718503 0.959658837902104 0.958545429832356 0.9574320217626098 0.9563186136928636 0.9552052056231174 0.9540917975533713 0.952978389483625 0.9518649814138789
0.8991266715785781 0.9016090335603647 0.9040913955421513 0.9065737575239381 0.9090561195057247 0.9115384814875114 0.914020843469298 0.9165032054510848 0.9189855674328714 0.921467929414658 0.9239502913964448 0.9264326533782357 0.9289150153600223 0.931397377341809 0.9338797393235957 0.9363621013053823 0.9388444632871691 0.9413268252689557 0.9438091872507424 0.946291549232529 0.9487739112143158 0.9512562731961024 0.953738635177889 0.9562209971596758 0.9587033591414666 0.9611857211232533 0.96366808310504 0.9661504450868267 0.9686328070686133 0.9711151690504001 0.9718677207761892 0.9707710662074686 0.9696744116387478 0.9685777570700271 0.9674811025013065 0.9663844479325857 0.965287793363865 0.9641911387951425 0.9630944842264217 0.9619978296577011 0.9609011750889803 0.9598045205202597 0.958707865951539 0.9576112113828182
0.9051480366398387 0.9076134242224874 0.910078811805136 0.9125441993877846 0.9150095869704332 0.9174749745530819 0.9199403621357305 0.9224057497183792 0.9248711373010278 0.9273365248836765 0.929801912466325 0.932267300048978 0.9347326876316265 0.9371980752142752 0.9396634627969238 0.9421288503795725 0.9445942379622211 0.9470596255448698 0.9495250131275184 0.951990400710167 0.9544557882928157 0.9569211758754643 0.959386563458113 0.9618519510407616 0.9643173386234145 0.9667827262060631 0.9692481137887118 0.9717135013713604 0.9741788889540091 0.9766442765366576 0.9773961552317973 0.9763162541641021 0.9752363530964069 0.9741564520287117 0.9730765509610164 0.9719966498933212 0.9709167488256261 0.969836847757929 0.9687569466902337 0.9676770456225385 0.9665971445548434 0.9655172434871481 0.9644373424194529 0.9633574413517577
0.9111694017010993 0.9136178148846099 0.9160662280681205 0.9185146412516312 0.9209630544351418 0.9234114676186523 0.925859880802163 0.9283082939856736 0.9307567071691842 0.9332051203526948 0.9356535335362054 0.9381019467197202 0.9405503599032308 0.9429987730867414 0.945447186270252 0.9478955994537627 0.9503440126372732 0.9527924258207838 0.9552408390042945 0.9576892521878051 0.9601376653713156 0.9625860785548263 0.9650344917383369 0.9674829049218475 0.9699313181053623 0.9723797312888729 0.9748281444723835 0.977276557655894 0.9797249708394047 0.9821733840229153 0.9829245896874054 0.9818614421207357 0.980798294554066 0.9797351469873962 0.9786719994207265 0.9776088518540568 0.976545704287387 0.9754825567207155 0.9744194091540458 0.973356261587376 0.9722931140207063 0.9712299664540366 0.9701668188873669 0.9691036713206971
0.9171907667623651 0.9196222055467377 0.9220536443311103 0.9244850831154827 0.9269165218998553 0.9293479606842279 0.9317793994686004 0.934210838252973 0.9366422770373456 0.9390737158217182 0.9415051546060907 0.9439365933904674 0.94636803217484 0.9487994709592125 0.951230909743585 0.9536623485279576 0.9560937873123302 0.9585252260967028 0.9609566648810753 0.9633881036654479 0.9658195424498205 0.968250981234193 0.9706824200185655 0.9731138588029381 0.9755452975873148 0.9779767363716874 0.9804081751560599 0.9828396139404325 0.9852710527248051 0.9877024915091777 0.9884530241430182 0.987406630077374 0.9863602360117296 0.9853138419460854 0.9842674478804412 0.983221053814797 0.9821746597491527 0.9811282656835068 0.9800818716178625 0.9790354775522183 0.9779890834865741 0.9769426894209299 0.9758962953552855 0.9748499012896413
0.9232121318236257 0.9256265962088602 0.9280410605940947 0.9304555249793294 0.9328699893645639 0.9352844537497984 0.9376989181350329 0.9401133825202674 0.942527846905502 0.9449423112907365 0.947356775675971 0.9497712400612097 0.9521857044464442 0.9546001688316788 0.9570146332169133 0.9594290976021478 0.9618435619873823 0.9642580263726168 0.9666724907578513 0.9690869551430858 0.9715014195283204 0.973915883913555 0.9763303482987895 0.978744812684024 0.9811592770692626 0.9835737414544972 0.9859882058397317 0.9884026702249662 0.9908171346102007 0.9932315989954352 0.9939814585986262 0.9929518180340074 0.9919221774693887 0.99089253690477 0.9898628963401512 0.9888332557755325 0.9878036152109138 0.9867739746462932 0.9857443340816745 0.9847146935170558 0.983685052952437 0.9826554123878183 0.9816257718231995 0.9805961312585808
0.9292334968848864 0.9316309868709829 0.9340284768570793 0.9364259668431759 0.9388234568292724 0.9412209468153688 0.9436184368014654 0.9460159267875619 0.9484134167736583 0.9508109067597549 0.9532083967458513 0.9556058867319519 0.9580033767180485 0.9604008667041449 0.9627983566902414 0.965195846676338 0.9675933366624344 0.9699908266485309 0.9723883166346274 0.9747858066207239 0.9771832966068204 0.9795807865929169 0.9819782765790134 0.9843757665651098 0.9867732565512104 0.989170746537307 0.9915682365234034 0.9939657265094999 0.9963632164955964 0.9987607064816929 0.9995098930542343 0.9984970059906411 0.9974841189270478 0.9964712318634545 0.9954583447998613 0.994445457736268 0.9934325706726748 0.9924196836090797 0.9914067965454865 0.9903939094818932 0.9893810224183 0.9883681353547067 0.9873552482911134 0.9863423612275202
0.9352548619461472 0.9376353775331057 0.9400158931200641 0.9423964087070226 0.944776924293981 0.9471574398809395 0.9495379554678979 0.9519184710548564 0.9542989866418148 0.9566795022287733 0.9590600178157317 0.9614405334026942 0.9638210489896527 0.9662015645766111 0.9685820801635696 0.970962595750528 0.9733431113374865 0.9757236269244449 0.9781041425114034 0.9804846580983618 0.9828651736853203 0.9852456892722787 0.9876262048592372 0.9900067204461956 0.9923872360331581 0.9947677516201167 0.9971482672070751 0.9995287827940336 1.001909298380992 1.0042898139679504 1.0050383275098422 1.0040421939472746 1.0030460603847067 1.002049926822139 1.0010537932595711 1.0000576596970034 0.9990615261344356 0.9980653925718661 0.9970692590092983 0.9960731254467305 0.9950769918841628 0.9940808583215951 0.9930847247590273 0.9920885911964595
0.9412762270074078 0.9436397681952282 0.9460033093830487 0.9483668505708691 0.9507303917586895 0.9530939329465099 0.9554574741343304 0.9578210153221508 0.9601845565099711 0.9625480976977916 0.964911638885612 0.9672751800734365 0.9696387212612569 0.9720022624490773 0.9743658036368977 0.9767293448247182 0.9790928860125386 0.981456427200359 0.9838199683881794 0.9861835095759999 0.9885470507638203 0.9909105919516407 0.9932741331394611 0.9956376743272816 0.998001215515106 1.0003647567029263 1.0027282978907468 1.0050918390785673 1.0074553802663877 1.0098189214542082 1.0105667619654504 1.009587381903908 1.0086080018423658 1.0076286217808235 1.0066492417192812 1.0056698616577389 1.0046904815961966 1.0037111015346527 1.0027317214731104 1.001752341411568 1.0007729613500258 0.9997935812884835 0.9988142012269412 0.9978348211653989
0.947297592068671 0.9496441588573534 0.9519907256460358 0.9543372924347182 0.9566838592234006 0.959030426012083 0.9613769928007654 0.9637235595894478 0.9660701263781301 0.9684166931668124 0.9707632599554948 0.9731098267441812 0.9754563935328636 0.977802960321546 0.9801495271102284 0.9824960938989108 0.9848426606875932 0.9871892274762756 0.989535794264958 0.9918823610536404 0.9942289278423228 0.9965754946310051 0.9989220614196875 1.0012686282083698 1.0036151949970562 1.0059617617857386 1.008308328574421 1.0106548953631034 1.0130014621517858 1.0153480289404682 1.0160951964210607 1.015132569860544 1.0141699433000273 1.0132073167395104 1.0122446901789937 1.011282063618477 1.01031943705796 1.0093568104974415 1.0083941839369248 1.007431557376408 1.0064689308158912 1.0055063042553745 1.0045436776948575 1.0035810511343408
0.9533189571299316 0.955648549519476 0.9579781419090204 0.9603077342985648 0.9626373266881091 0.9649669190776534 0.9672965114671978 0.9696261038567422 0.9719556962462865 0.9742852886358309 0.9766148810253752 0.9789444734149235 0.9812740658044679 0.9836036581940122 0.9859332505835566 0.988262842973101 0.9905924353626453 0.9929220277521896 0.995251620141734 0.9975812125312784 0.9999108049208227 1.002240397310367 1.0045699896999114 1.0068995820894557 1.009229174479004 1.0115587668685484 1.0138883592580927 1.016217951647637 1.0185475440371814 1.020877136426726 1.0216236308766689 1.0206777578171775 1.0197318847576862 1.018786011698195 1.0178401386387037 1.0168942655792124 1.015948392519721 1.0150025194602281 1.0140566464007368 1.0131107733412454 1.012164900281754 1.0112190272222628 1.0102731541627716 1.0093272811032803
0.9593403221911924 0.9616529401815986 0.963965558172005 0.9662781761624113 0.9685907941528176 0.970903412143224 0.9732160301336302 0.9755286481240366 0.9778412661144429 0.9801538841048492 0.9824665020952555 0.9847791200856658 0.9870917380760721 0.9894043560664785 0.9917169740568847 0.994029592047291 0.9963422100376974 0.9986548280281037 1.00096744601851 1.0032800640089163 1.0055926819993226 1.007905299989729 1.0102179179801354 1.0125305359705417 1.014843153960952 1.0171557719513582 1.0194683899417645 1.0217810079321707 1.0240936259225772 1.0264062439129835 1.027152065332277 1.0262229457738112 1.0252938262153453 1.0243647066568795 1.0234355870984138 1.0225064675399478 1.021577347981482 1.0206482284230145 1.0197191088645488 1.018789989306083 1.017860869747617 1.0169317501891513 1.0160026306306855 1.0150735110722195
0.9653616872524555 0.9676573308437239 0.9699529744349921 0.9722486180262604 0.9745442616175286 0.9768399052087969 0.9791355488000651 0.9814311923913335 0.9837268359826017 0.98602247957387 0.9883181231651383 0.9906137667564104 0.9929094103476788 0.9952050539389471 0.9975006975302153 0.9997963411214836 1.0020919847127518 1.00438762830402 1.0066832718952885 1.0089789154865567 1.011274559077825 1.0135702026690931 1.0158658462603616 1.0181614898516298 1.020457133442902 1.0227527770341702 1.0250484206254384 1.0273440642167069 1.029639707807975 1.0319353513992433 1.0326804997878873 1.031768133730447 1.0308557676730066 1.0299434016155662 1.029031035558126 1.0281186695006856 1.0272063034432453 1.0262939373858033 1.0253815713283632 1.0244692052709228 1.0235568392134824 1.022644473156042 1.0217321070986016 1.0208197410411615
0.9713830523137161 0.9736617215058464 0.9759403906979767 0.9782190598901069 0.9804977290822372 0.9827763982743674 0.9850550674664976 0.9873337366586279 0.9896124058507582 0.9918910750428884 0.9941697442350186 0.9964484134271527 0.998727082619283 1.0010057518114133 1.0032844210035434 1.0055630901956738 1.007841759387804 1.0101204285799341 1.0123990977720645 1.0146777669641946 1.016956436156325 1.0192351053484552 1.0215137745405853 1.0237924437327157 1.0260711129248499 1.02834978211698 1.0306284513091102 1.0329071205012406 1.0351857896933707 1.037464458885501 1.0382089342434953 1.0373133216870805 1.0364177091306657 1.0355220965742509 1.034626484017836 1.033730871461421 1.0328352589050063 1.03193964634859 1.0310440337921751 1.0301484212357601 1.0292528086793453 1.0283571961229305 1.0274615835665157 1.026565971010101
0.9774044173749769 0.9796661121679691 0.9819278069609613 0.9841895017539535 0.9864511965469457 0.9887128913399379 0.9909745861329301 0.9932362809259223 0.9954979757189145 0.9977596705119067 1.000021365304899 1.002283060097895 1.0045447548908872 1.0068064496838793 1.0090681444768717 1.0113298392698638 1.013591534062856 1.0158532288558484 1.0181149236488405 1.0203766184418328 1.022638313234825 1.0249000080278172 1.0271617028208093 1.0294233976138016 1.0316850924067977 1.0339467871997898 1.0362084819927821 1.0384701767857742 1.0407318715787666 1.0429935663717587 1.0437373686991034 1.042858509643714 1.0419796505883248 1.0411007915329353 1.040221932477546 1.0393430734221567 1.0384642143667673 1.0375853553113763 1.036706496255987 1.0358276372005977 1.0349487781452082 1.0340699190898188 1.0331910600344296 1.0323122009790402
