Figures/CREST_Example_wjb_NSE/PETs/wjb.pet.20101022.asc
ncols            288
nrows            254
xllcorner        113.274861
yllcorner        31.4918055
cellsize         0.008333333333
NODATA_value     -9999
[rows 200 to 219 of 254, columns 132 to 175 of 288]
1.8096637328398553 1.8087995833285926 1.80793543381733 1.807071284306067 1.8062071347948043 1.8053429852835416 1.804478835772279 1.803614686261016 1.8027505367497534 1.8018863872384907 1.801022237727228 1.8001580882159638 1.7992939387047011 1.7984297891934384 1.7975656396821755 1.7967014901709129 1.7958373406596502 1.7949731911483875 1.7941090416371246 1.793244892125862 1.7923807426145992 1.7915165931033366 1.7906524435920739 1.789788294080811 1.7889241445695467 1.788059995058284 1.7871958455470214 1.7863316960357587 1.785467546524496 1.7846033970132331 1.784125725552917 1.7840612078717641 1.7839966901906112 1.7839321725094583 1.7838676548283052 1.7838031371471523 1.7837386194659994 1.7836741017848463 1.7836095841036934 1.7835450664225405 1.7834805487413876 1.7834160310602345 1.7833515133790816 1.7832869956979287
1.8116082215731895 1.8107946151667305 1.8099810087602715 1.8091674023538125 1.8083537959473535 1.8075401895408945 1.8067265831344355 1.8059129767279767 1.8050993703215177 1.8042857639150587 1.8034721575085997 1.8026585511021394 1.8018449446956804 1.8010313382892214 1.8002177318827624 1.7994041254763034 1.7985905190698446 1.7977769126633856 1.7969633062569266 1.7961496998504676 1.7953360934440086 1.7945224870375496 1.7937088806310908 1.7928952742246318 1.7920816678181715 1.7912680614117125 1.7904544550052535 1.7896408485987945 1.7888272421923355 1.7880136357858765 1.7875638509217284 1.787502999516488 1.7874421481112477 1.7873812967060072 1.787320445300767 1.7872595938955265 1.7871987424902862 1.7871378910850457 1.7870770396798052 1.787016188274565 1.7869553368693245 1.7868944854640842 1.7868336340588438 1.7867727826536035
1.8135527103065234 1.8127896470048683 1.812026583703213 1.8112635204015577 1.8105004570999026 1.8097373937982473 1.8089743304965922 1.8082112671949369 1.8074482038932818 1.8066851405916264 1.8059220772899713 1.8051590139883147 1.8043959506866596 1.8036328873850043 1.8028698240833492 1.8021067607816939 1.8013436974800388 1.8005806341783834 1.7998175708767283 1.799054507575073 1.798291444273418 1.7975283809717626 1.7967653176701075 1.7960022543684522 1.7952391910667957 1.7944761277651404 1.7937130644634853 1.79295000116183 1.792186937860175 1.7914238745585196 1.7910019762905394 1.7909447911612115 1.7908876060318837 1.790830420902556 1.7907732357732282 1.7907160506439004 1.7906588655145728 1.790601680385245 1.790544495255917 1.7904873101265892 1.7904301249972616 1.7903729398679338 1.790315754738606 1.7902585696092783
1.8154971990398578 1.8147846788430062 1.8140721586461548 1.8133596384493034 1.812647118252452 1.8119345980556003 1.811222077858749 1.8105095576618975 1.809797037465046 1.8090845172681946 1.808371997071343 1.8076594768744905 1.8069469566776388 1.8062344364807874 1.805521916283936 1.8048093960870846 1.8040968758902332 1.8033843556933815 1.80267183549653 1.8019593152996787 1.8012467951028273 1.8005342749059756 1.7998217547091242 1.7991092345122728 1.79839671431542 1.7976841941185686 1.7969716739217172 1.7962591537248658 1.7955466335280141 1.7948341133311627 1.7944401016593503 1.794386582805935 1.79433306395252 1.7942795450991047 1.7942260262456897 1.7941725073922745 1.7941189885388593 1.7940654696854441 1.794011950832029 1.7939584319786137 1.7939049131251985 1.7938513942717833 1.7937978754183683 1.7937443565649531
1.8174416877731927 1.816779710681145 1.8161177335890972 1.8154557564970497 1.814793779405002 1.8141318023129542 1.8134698252209065 1.8128078481288588 1.8121458710368112 1.8114838939447635 1.8108219168527158 1.810159939760667 1.8094979626686192 1.8088359855765714 1.808174008484524 1.8075120313924762 1.8068500543004284 1.8061880772083807 1.805526100116333 1.8048641230242852 1.8042021459322377 1.80354016884019 1.8028781917481422 1.8022162146560945 1.8015542375640456 1.800892260471998 1.8002302833799504 1.7995683062879027 1.798906329195855 1.7982443521038072 1.7978782270281626 1.79782837445066 1.7977785218731575 1.797728669295655 1.7976788167181523 1.7976289641406498 1.7975791115631472 1.7975292589856446 1.797479406408142 1.7974295538306395 1.797379701253137 1.7973298486756344 1.7972799960981318 1.7972301435206293
1.819386176506527 1.8187747425192828 1.818163308532039 1.817551874544795 1.816940440557551 1.816329006570307 1.8157175725830632 1.8151061385958192 1.8144947046085753 1.8138832706213315 1.8132718366340874 1.8126604026468425 1.8120489686595984 1.8114375346723546 1.8108261006851107 1.8102146666978667 1.8096032327106228 1.8089917987233788 1.808380364736135 1.807768930748891 1.807157496761647 1.806546062774403 1.8059346287871592 1.805323194799915 1.8047117608126702 1.8041003268254263 1.8034888928381823 1.8028774588509384 1.8022660248636944 1.8016545908764505 1.8013163523969737 1.8012701660953838 1.801223979793794 1.801177793492204 1.8011316071906138 1.801085420889024 1.801039234587434 1.8009930482858438 1.800946861984254 1.800900675682664 1.800854489381074 1.800808303079484 1.800762116777894 1.800715930476304
1.821330665239861 1.820769774357421 1.8202088834749808 1.8196479925925406 1.8190871017101005 1.81852621082766 1.81796531994522 1.8174044290627798 1.8168435381803396 1.8162826472978995 1.8157217564154593 1.815160865533018 1.8145999746505779 1.8140390837681377 1.8134781928856976 1.8129173020032572 1.812356411120817 1.8117955202383769 1.8112346293559367 1.8106737384734966 1.8101128475910564 1.8095519567086162 1.8089910658261759 1.8084301749437357 1.8078692840612947 1.8073083931788545 1.8067475022964141 1.806186611413974 1.8056257205315338 1.8050648296490936 1.8047544777657847 1.8047119577401074 1.80466943771443 1.8046269176887526 1.8045843976630753 1.8045418776373978 1.8044993576117205 1.804456837586043 1.8044143175603657 1.8043717975346882 1.804329277509011 1.8042867574833334 1.8042442374576562 1.8042017174319789
1.8232751539731962 1.8227648061955597 1.8222544584179232 1.8217441106402867 1.8212337628626505 1.820723415085014 1.8202130673073775 1.819702719529741 1.8191923717521048 1.8186820239744683 1.8181716761968318 1.8176613284191945 1.8171509806415582 1.8166406328639217 1.8161302850862853 1.8156199373086488 1.8151095895310125 1.814599241753376 1.8140888939757396 1.813578546198103 1.8130681984204668 1.8125578506428304 1.812047502865194 1.8115371550875574 1.8110268073099203 1.8105164595322838 1.8100061117546473 1.8094957639770108 1.8089854161993746 1.808475068421738 1.808192603134597 1.8081537493848323 1.8081148956350674 1.8080760418853028 1.808037188135538 1.8079983343857733 1.8079594806360084 1.8079206268862436 1.807881773136479 1.807842919386714 1.8078040656369492 1.8077652118871845 1.8077263581374197 1.807687504387655
1.8255935583571041 1.8251192248672101 1.824644891377316 1.8241705578874219 1.8236962243975277 1.8232218909076336 1.8227475574177394 1.8222732239278452 1.8217988904379512 1.821324556948057 1.820850223458163 1.820375889968268 1.8199015564783738 1.8194272229884796 1.8189528894985856 1.8184785560086913 1.8180042225187973 1.8175298890289031 1.817055555539009 1.8165812220491149 1.8161068885592206 1.8156325550693266 1.8151582215794324 1.8146838880895384 1.8142095545996433 1.8137352211097493 1.813260887619855 1.812786554129961 1.8123122206400668 1.8118378871501728 1.8115701833577151 1.811523371386084 1.8114765594144533 1.8114297474428225 1.8113829354711917 1.8113361234995609 1.81128931152793 1.811242499556299 1.8111956875846682 1.8111488756130374 1.8111020636414066 1.8110552516697758 1.811008439698145 1.810961627726514
1.828311655004435 1.8278578054125623 1.8274039558206896 1.8269501062288167 1.826496256636944 1.8260424070450714 1.8255885574531985 1.8251347078613258 1.8246808582694531 1.8242270086775803 1.8237731590857076 1.823319309493834 1.8228654599019614 1.8224116103100887 1.8219577607182158 1.8215039111263431 1.8210500615344705 1.8205962119425978 1.820142362350725 1.8196885127588522 1.8192346631669796 1.8187808135751067 1.818326963983234 1.8178731143913613 1.8174192647994878 1.8169654152076151 1.8165115656157422 1.8160577160238696 1.815603866431997 1.815150016840124 1.8148830446361077 1.8148158485871506 1.8147486525381937 1.8146814564892366 1.8146142604402797 1.8145470643913226 1.8144798683423655 1.8144126722934084 1.8143454762444515 1.8142782801954944 1.8142110841465375 1.8141438880975804 1.8140766920486235 1.8140094959996664
1.8310297516517668 1.8305963859579155 1.8301630202640642 1.8297296545702129 1.8292962888763615 1.8288629231825102 1.8284295574886589 1.8279961917948075 1.8275628261009562 1.8271294604071049 1.8266960947132536 1.8262627290194016 1.8258293633255502 1.825395997631699 1.8249626319378476 1.8245292662439963 1.824095900550145 1.8236625348562936 1.8232291691624423 1.822795803468591 1.8223624377747396 1.8219290720808883 1.8214957063870367 1.8210623406931854 1.8206289749993334 1.820195609305482 1.8197622436116307 1.8193288779177794 1.818895512223928 1.8184621465300768 1.8181959059145016 1.8181083257882185 1.8180207456619353 1.817933165535652 1.817845585409369 1.8177580052830857 1.8176704251568025 1.8175828450305191 1.817495264904236 1.8174076847779528 1.8173201046516696 1.8172325245253864 1.8171449443991032 1.81705736427282
1.8337478482990976 1.8333349665032677 1.8329220847074377 1.832509202911608 1.832096321115778 1.831683439319948 1.8312705575241182 1.8308576757282882 1.8304447939324582 1.8300319121366282 1.8296190303407984 1.8292061485449678 1.8287932667491378 1.8283803849533078 1.827967503157478 1.827554621361648 1.827141739565818 1.8267288577699883 1.8263159759741583 1.8259030941783283 1.8254902123824983 1.8250773305866685 1.8246644487908386 1.8242515669950086 1.823838685199178 1.8234258034033481 1.8230129216075182 1.8226000398116882 1.8221871580158584 1.8217742762200284 1.8215087671928945 1.8214008029892852 1.8212928387856757 1.8211848745820665 1.821076910378457 1.8209689461748477 1.8208609819712382 1.8207530177676288 1.8206450535640193 1.82053708936041 1.8204291251568006 1.8203211609531913 1.8202131967495818 1.8201052325459726
1.8364659449464285 1.8360735470486198 1.8356811491508114 1.8352887512530027 1.8348963533551943 1.8345039554573856 1.8341115575595772 1.8337191596617686 1.8333267617639601 1.8329343638661517 1.832541965968343 1.832149568070534 1.8317571701727253 1.831364772274917 1.8309723743771082 1.8305799764792998 1.8301875785814912 1.8297951806836827 1.8294027827858743 1.8290103848880657 1.8286179869902572 1.8282255890924486 1.8278331911946402 1.8274407932968315 1.8270483953990224 1.8266559975012138 1.8262635996034053 1.8258712017055967 1.8254788038077883 1.8250864059099798 1.824821628471287 1.8246932801903515 1.8245649319094162 1.8244365836284806 1.824308235347545 1.8241798870666095 1.824051538785674 1.8239231905047382 1.8237948422238026 1.823666493942867 1.8235381456619315 1.823409797380996 1.8232814491000604 1.823153100819125
1.8391840415937601 1.838812127593973 1.838440213594186 1.8380682995943989 1.8376963855946118 1.8373244715948247 1.8369525575950376 1.8365806435952505 1.8362087295954632 1.8358368155956761 1.835464901595889 1.8350929875961013 1.8347210735963142 1.8343491595965271 1.83397724559674 1.833605331596953 1.8332334175971658 1.8328615035973788 1.8324895895975915 1.8321176755978044 1.8317457615980173 1.8313738475982302 1.831001933598443 1.830630019598656 1.8302581055988683 1.8298861915990812 1.829514277599294 1.829142363599507 1.8287704495997197 1.8283985355999326 1.8281344897496812 1.8279857573914196 1.827837025033158 1.827688292674896 1.8275395603166344 1.8273908279583728 1.827242095600111 1.8270933632418491 1.8269446308835873 1.8267958985253256 1.8266471661670638 1.8264984338088022 1.8263497014505405 1.8262009690922787
1.841902138241091 1.8415507081393252 1.8411992780375595 1.840847847935794 1.8404964178340282 1.8401449877322624 1.8397935576304967 1.839442127528731 1.8390906974269652 1.8387392673251994 1.838387837223434 1.8380364071216675 1.8376849770199017 1.837333546918136 1.8369821168163705 1.8366306867146047 1.836279256612839 1.8359278265110732 1.8355763964093075 1.8352249663075417 1.834873536205776 1.8345221061040105 1.8341706760022447 1.833819245900479 1.8334678157987125 1.8331163856969468 1.8327649555951813 1.8324135254934155 1.8320620953916498 1.831710665289884 1.831447351028074 1.831278234592486 1.8311091181568981 1.8309400017213102 1.8307708852857223 1.8306017688501344 1.8304326524145467 1.8302635359789585 1.8300944195433706 1.8299253031077827 1.8297561866721948 1.8295870702366068 1.829417953801019 1.829248837365431
1.8446202348884218 1.8442892886846773 1.8439583424809332 1.8436273962771887 1.8432964500734446 1.8429655038697002 1.8426345576659557 1.8423036114622116 1.8419726652584671 1.841641719054723 1.8413107728509785 1.8409798266472337 1.8406488804434893 1.840317934239745 1.8399869880360007 1.8396560418322565 1.839325095628512 1.8389941494247677 1.8386632032210235 1.838332257017279 1.838001310813535 1.8376703646097905 1.837339418406046 1.837008472202302 1.836677525998557 1.8363465797948126 1.8360156335910685 1.835684687387324 1.8353537411835796 1.8350227949798354 1.8347602123064666 1.8345707117935526 1.8343812112806384 1.8341917107677244 1.8340022102548104 1.8338127097418964 1.8336232092289821 1.833433708716068 1.8332442082031537 1.8330547076902397 1.8328652071773257 1.8326757066644117 1.8324862061514975 1.8322967056385835
1.8473383315357526 1.8470278692300295 1.8467174069243066 1.8464069446185838 1.8460964823128607 1.8457860200071379 1.845475557701415 1.845165095395692 1.844854633089969 1.8445441707842463 1.8442337084785232 1.8439232461728 1.8436127838670768 1.843302321561354 1.8429918592556311 1.842681396949908 1.8423709346441852 1.8420604723384624 1.8417500100327395 1.8414395477270165 1.8411290854212936 1.8408186231155708 1.8405081608098477 1.8401976985041248 1.8398872361984013 1.8395767738926785 1.8392663115869556 1.8389558492812326 1.8386453869755097 1.8383349246697869 1.8380730735848592 1.8378631889946189 1.8376533044043788 1.8374434198141385 1.8372335352238982 1.8370236506336581 1.8368137660434178 1.8366038814531773 1.836393996862937 1.8361841122726967 1.8359742276824567 1.8357643430922164 1.835554458501976 1.835344573911736
1.8500564281830842 1.849766449775383 1.8494764713676815 1.84918649295998 1.8488965145522784 1.848606536144577 1.8483165577368754 1.848026579329174 1.8477366009214724 1.847446622513771 1.8471566441060694 1.8468666656983672 1.8465766872906657 1.8462867088829642 1.8459967304752627 1.8457067520675612 1.8454167736598597 1.8451267952521582 1.8448368168444567 1.8445468384367552 1.8442568600290536 1.8439668816213521 1.8436769032136506 1.8433869248059491 1.8430969463982472 1.8428069679905457 1.8425169895828442 1.8422270111751426 1.8419370327674411 1.8416470543597396 1.8413859348632533 1.841155666195687 1.8409253975281206 1.8406951288605542 1.8404648601929878 1.8402345915254212 1.8400043228578549 1.839774054190288 1.8395437855227217 1.8393135168551553 1.839083248187589 1.8388529795200226 1.8386227108524562 1.8383924421848896
1.852774524830415 1.852505030320735 1.852235535811055 1.8519660413013748 1.8516965467916946 1.8514270522820147 1.8511575577723345 1.8508880632626543 1.8506185687529741 1.8503490742432942 1.850079579733614 1.8498100852239334 1.8495405907142533 1.8492710962045733 1.8490016016948931 1.848732107185213 1.848462612675533 1.8481931181658529 1.8479236236561727 1.8476541291464925 1.8473846346368126 1.8471151401271324 1.8468456456174522 1.8465761511077723 1.8463066565980917 1.8460371620884115 1.8457676675787313 1.8454981730690514 1.8452286785593712 1.844959184049691 1.844698796141646 1.8444481433967534 1.8441974906518608 1.8439468379069683 1.8436961851620757 1.843445532417183 1.8431948796722906 1.8429442269273975 1.842693574182505 1.8424429214376123 1.8421922686927197 1.8419416159478272 1.8416909632029346 1.8414403104580421
1.8554926214777459 1.8552436108660872 1.8549946002544284 1.8547455896427698 1.854496579031111 1.8542475684194524 1.8539985578077935 1.853749547196135 1.8535005365844763 1.8532515259728175 1.853002515361159 1.8527535047494996 1.852504494137841 1.8522554835261824 1.8520064729145236 1.851757462302865 1.8515084516912061 1.8512594410795475 1.8510104304678887 1.85076141985623 1.8505124092445715 1.8502633986329127 1.850014388021254 1.8497653774095952 1.8495163667979362 1.8492673561862776 1.8490183455746187 1.8487693349629601 1.8485203243513013 1.8482713137396427 1.848011657420039 1.84774062059782 1.8474695837756012 1.8471985469533825 1.8469275101311637 1.846656473308945 1.8463854364867263 1.846114399664507 1.8458433628422883 1.8455723260200696 1.8453012891978509 1.8450302523756321 1.8447592155534134 1.8444881787311946
