Figures/CREST_Example_wjb_NSE/PETs/wjb.pet.20101020.asc
ncols            288
nrows            254
xllcorner        113.274861
yllcorner        31.4918055
cellsize         0.008333333333
NODATA_value     -9999
[rows 180 to 199 of 254, columns 176 to 219 of 288]
1.7140891091789554 1.7144458703084764 1.7148026314379974 1.7151593925675184 1.7155161536970394 1.7158729148265601 1.7162296759560818 1.7165864370856028 1.7169431982151238 1.7172999593446447 1.7176567204741655 1.7180134816036865 1.7183702427332075 1.7187270038627285 1.7190837649922495 1.7194405261217705 1.719438930563785 1.7190542435984586 1.7186695566331323 1.7182848696678052 1.717900182702479 1.7175154957371526 1.7171308087718262 1.7167461218064999 1.7163614348411738 1.7159767478758474 1.715592060910521 1.7152073739451947 1.7148226869798684 1.714438000014542 1.7140533130492157 1.7136686260838894 1.7132839391185626 1.7128992521532362 1.71251456518791 1.7121298782225836 1.7117451912572572 1.7113605042919309 1.7109758173266045 1.7105911303612784 1.710206443395952 1.7098217564306257 1.7094370694652994 1.709052382499973
1.718478539165255 1.718825864280805 1.7191731893963547 1.7195205145119046 1.7198678396274543 1.7202151647430042 1.7205624898585545 1.7209098149741044 1.7212571400896544 1.721604465205204 1.721951790320754 1.7222991154363039 1.7226464405518536 1.7229937656674035 1.7233410907829532 1.723688415898503 1.7236721935313468 1.7232673306793316 1.7228624678273163 1.7224576049753004 1.7220527421232852 1.72164787927127 1.7212430164192547 1.7208381535672392 1.720433290715224 1.7200284278632088 1.7196235650111935 1.7192187021591783 1.718813839307163 1.7184089764551478 1.7180041136031325 1.717599250751117 1.7171943878991012 1.716789525047086 1.7163846621950707 1.7159797993430554 1.7155749364910402 1.715170073639025 1.7147652107870095 1.7143603479349943 1.713955485082979 1.7135506222309638 1.7131457593789485 1.7127408965269333
1.7228679691515547 1.7232058582531333 1.7235437473547122 1.7238816364562908 1.7242195255578694 1.7245574146594482 1.7248953037610275 1.7252331928626061 1.725571081964185 1.7259089710657636 1.7262468601673422 1.726584749268921 1.7269226383704996 1.7272605274720785 1.727598416573657 1.7279363056752357 1.727905456498909 1.7274804177602048 1.7270553790215006 1.7266303402827956 1.7262053015440915 1.725780262805387 1.725355224066683 1.7249301853279786 1.7245051465892745 1.7240801078505703 1.723655069111866 1.7232300303731618 1.7228049916344577 1.7223799528957533 1.7219549141570492 1.7215298754183448 1.72110483667964 1.7206797979409356 1.7202547592022315 1.7198297204635273 1.719404681724823 1.7189796429861188 1.7185546042474145 1.7181295655087103 1.7177045267700062 1.7172794880313018 1.7168544492925977 1.7164294105538935
1.7272573991378581 1.7275858522254657 1.7279143053130732 1.7282427584006808 1.7285712114882885 1.728899664575896 1.729228117663504 1.7295565707511118 1.7298850238387193 1.7302134769263269 1.7305419300139344 1.730870383101542 1.7311988361891495 1.731527289276757 1.7318557423643648 1.7321841954519723 1.7321387194664748 1.7316935048410815 1.7312482902156885 1.7308030755902943 1.7303578609649013 1.729912646339508 1.7294674317141148 1.7290222170887215 1.7285770024633285 1.7281317878379352 1.727686573212542 1.7272413585871487 1.7267961439617556 1.7263509293363624 1.725905714710969 1.7254605000855758 1.725015285460182 1.7245700708347886 1.7241248562093956 1.7236796415840023 1.723234426958609 1.7227892123332158 1.7223439977078225 1.7218987830824295 1.7214535684570362 1.721008353831643 1.7205631392062497 1.7201179245808567
1.7316468291241578 1.7319658461977943 1.7322848632714307 1.7326038803450672 1.7329228974187036 1.7332419144923399 1.733560931565977 1.7338799486396135 1.73419896571325 1.7345179827868864 1.7348369998605226 1.735156016934159 1.7354750340077956 1.735794051081432 1.7361130681550685 1.736432085228705 1.736371982434037 1.7359065919219547 1.7354412014098726 1.7349758108977895 1.7345104203857074 1.7340450298736252 1.733579639361543 1.7331142488494609 1.7326488583373787 1.7321834678252965 1.7317180773132144 1.7312526868011322 1.73078729628905 1.7303219057769679 1.7298565152648857 1.7293911247528035 1.7289257342407207 1.7284603437286385 1.7279949532165564 1.7275295627044742 1.727064172192392 1.72659878168031 1.7261333911682277 1.7256680006561456 1.7252026101440632 1.724737219631981 1.7242718291198988 1.7238064386078167
1.7360362591104574 1.7363458401701226 1.736655421229788 1.7369650022894534 1.7372745833491186 1.737584164408784 1.7378937454684498 1.7382033265281152 1.7385129075877805 1.7388224886474457 1.739132069707111 1.7394416507667765 1.7397512318264416 1.740060812886107 1.7403703939457724 1.7406799750054376 1.740605245401599 1.740119679002828 1.7396341126040566 1.7391485462052847 1.7386629798065136 1.7381774134077426 1.7376918470089715 1.7372062806102002 1.7367207142114292 1.736235147812658 1.735749581413887 1.7352640150151157 1.7347784486163447 1.7342928822175736 1.7338073158188023 1.7333217494200313 1.7328361830212593 1.7323506166224882 1.7318650502237172 1.7313794838249459 1.7308939174261748 1.7304083510274038 1.7299227846286327 1.7294372182298614 1.7289516518310903 1.7284660854323193 1.727980519033548 1.727494952634777
1.740425689096757 1.7407258341424512 1.7410259791881455 1.7413261242338396 1.741626269279534 1.741926414325228 1.7422265593709227 1.7425267044166168 1.7428268494623111 1.7431269945080052 1.7434271395536995 1.7437272845993936 1.7440274296450877 1.744327574690782 1.7446277197364761 1.7449278647821704 1.744838508369161 1.744332766083701 1.743827023798241 1.7433212815127799 1.74281553922732 1.7423097969418597 1.7418040546563998 1.7412983123709396 1.7407925700854796 1.7402868278000194 1.7397810855145595 1.7392753432290993 1.7387696009436393 1.7382638586581791 1.7377581163727192 1.737252374087259 1.7367466318017981 1.736240889516338 1.735735147230878 1.7352294049454178 1.7347236626599578 1.7342179203744976 1.7337121780890377 1.7332064358035775 1.7327006935181175 1.7321949512326573 1.7316892089471971 1.7311834666617372
1.7448151190830568 1.7451058281147798 1.7453965371465028 1.7456872461782258 1.745977955209949 1.746268664241672 1.7465593732733955 1.7468500823051185 1.7471407913368417 1.7474315003685648 1.7477222094002878 1.7480129184320108 1.7483036274637338 1.748594336495457 1.74888504552718 1.749175754558903 1.7490717713367232 1.7485458531645741 1.748019934992425 1.747494016820275 1.7469680986481262 1.746442180475977 1.745916262303828 1.745390344131679 1.7448644259595298 1.7443385077873808 1.743812589615232 1.7432866714430828 1.7427607532709337 1.7422348350987846 1.7417089169266355 1.7411829987544867 1.7406570805823367 1.7401311624101876 1.7396052442380385 1.7390793260658894 1.7385534078937406 1.7380274897215915 1.7375015715494424 1.7369756533772933 1.7364497352051442 1.7359238170329951 1.7353978988608463 1.7348719806886972
1.7492045490693564 1.7494858220871083 1.7497670951048603 1.7500483681226122 1.7503296411403642 1.7506109141581159 1.7508921871758685 1.7511734601936204 1.7514547332113723 1.751736006229124 1.752017279246876 1.752298552264628 1.7525798252823799 1.7528610983001318 1.7531423713178838 1.7534236443356357 1.7533050343042853 1.7527589402454473 1.7522128461866093 1.7516667521277702 1.7511206580689322 1.7505745640100943 1.7500284699512563 1.7494823758924183 1.7489362818335803 1.7483901877747423 1.7478440937159043 1.7472979996570663 1.7467519055982283 1.7462058115393904 1.7456597174805524 1.7451136234217144 1.7445675293628753 1.7440214353040373 1.7434753412451993 1.7429292471863613 1.7423831531275233 1.7418370590686854 1.7412909650098474 1.7407448709510094 1.7401987768921714 1.7396526828333334 1.7391065887744954 1.7385604947156574
1.7535939790556596 1.7538658160594405 1.7541376530632213 1.754409490067002 1.7546813270707828 1.7549531640745637 1.755225001078345 1.7554968380821256 1.7557686750859065 1.7560405120896874 1.756312349093468 1.7565841860972489 1.7568560231010297 1.7571278601048104 1.7573996971085912 1.757671534112372 1.757538297271851 1.7569720273263238 1.756405757380797 1.755839487435269 1.755273217489742 1.754706947544215 1.754140677598688 1.7535744076531612 1.753008137707634 1.7524418677621072 1.75187559781658 1.7513093278710532 1.7507430579255263 1.7501767879799992 1.7496105180344723 1.7490442480889452 1.7484779781434174 1.7479117081978903 1.7473454382523634 1.7467791683068365 1.7462128983613094 1.7456466284157826 1.7450803584702554 1.7445140885247286 1.7439478185792017 1.7433815486336746 1.7428152786881477 1.7422490087426206
1.7579834090419593 1.758245810031769 1.7585082110215786 1.7587706120113884 1.759033013001198 1.7592954139910078 1.7595578149808178 1.7598202159706273 1.760082616960437 1.7603450179502467 1.7606074189400565 1.760869819929866 1.7611322209196758 1.7613946219094854 1.761657022899295 1.7619194238891047 1.761771560239413 1.761185114407197 1.760598668574981 1.7600122227427641 1.7594257769105484 1.7588393310783323 1.7582528852461163 1.7576664394139005 1.7570799935816845 1.7564935477494685 1.7559071019172527 1.7553206560850367 1.7547342102528207 1.754147764420605 1.753561318588389 1.752974872756173 1.752388426923956 1.7518019810917402 1.7512155352595242 1.7506290894273082 1.7500426435950924 1.7494561977628764 1.7488697519306604 1.7482833060984446 1.7476968602662286 1.7471104144340128 1.7465239686017968 1.7459375227695808
1.762372839028259 1.7626258040040974 1.7628787689799361 1.7631317339557746 1.763384698931613 1.7636376639074516 1.7638906288832905 1.7641435938591292 1.7643965588349677 1.7646495238108062 1.7649024887866447 1.7651554537624832 1.7654084187383219 1.7656613837141604 1.7659143486899989 1.7661673136658373 1.766004823206975 1.7653982014880703 1.7647915797691653 1.7641849580502593 1.7635783363313544 1.7629717146124495 1.7623650928935446 1.7617584711746397 1.7611518494557348 1.7605452277368299 1.7599386060179252 1.7593319842990203 1.7587253625801154 1.7581187408612104 1.7575121191423055 1.7569054974234006 1.7562988757044946 1.7556922539855897 1.7550856322666848 1.75447901054778 1.7538723888288752 1.7532657671099703 1.7526591453910654 1.7520525236721605 1.7514459019532556 1.7508392802343506 1.7502326585154457 1.7496260367965408
1.7667622690145586 1.767005797976426 1.7672493269382934 1.7674928559001608 1.7677363848620282 1.7679799138238956 1.7682234427857635 1.768466971747631 1.7687105007094983 1.7689540296713657 1.7691975586332331 1.7694410875951005 1.769684616556968 1.7699281455188354 1.7701716744807028 1.7704152034425702 1.770238086174537 1.7696112885689432 1.7689844909633494 1.7683576933577545 1.7677308957521607 1.7671040981465669 1.7664773005409729 1.765850502935379 1.7652237053297852 1.7645969077241914 1.7639701101185976 1.7633433125130038 1.7627165149074098 1.762089717301816 1.7614629196962222 1.7608361220906283 1.7602093244850334 1.7595825268794396 1.7589557292738456 1.7583289316682518 1.757702134062658 1.7570753364570642 1.7564485388514703 1.7558217412458765 1.7551949436402825 1.7545681460346887 1.7539413484290949 1.753314550823501
1.7711516990008584 1.7713857919487546 1.771619884896651 1.7718539778445472 1.7720880707924436 1.77232216374034 1.7725562566882365 1.7727903496361328 1.7730244425840291 1.7732585355319253 1.7734926284798216 1.773726721427718 1.7739608143756143 1.7741949073235104 1.7744290002714067 1.774663093219303 1.7744713491420994 1.7738243756498167 1.7731774021575337 1.77253042866525 1.771883455172967 1.7712364816806843 1.7705895081884016 1.7699425346961186 1.769295561203836 1.768648587711553 1.7680016142192703 1.7673546407269873 1.7667076672347046 1.7660606937424217 1.765413720250139 1.764766746757856 1.7641197732655722 1.7634727997732893 1.7628258262810066 1.7621788527887237 1.761531879296441 1.7608849058041582 1.7602379323118753 1.7595909588195926 1.7589439853273097 1.758297011835027 1.757650038342744 1.7570030648504613
1.7755411289871599 1.7757657859210851 1.7759904428550102 1.7762150997889354 1.7764397567228605 1.7766644136567857 1.7768890705907112 1.7771137275246363 1.7773383844585615 1.7775630413924866 1.7777876983264118 1.7780123552603369 1.7782370121942621 1.7784616691281872 1.7786863260621124 1.7789109829960374 1.7787046121096632 1.7780374627306914 1.7773703133517198 1.7767031639727469 1.776036014593775 1.7753688652148032 1.7747017158358316 1.7740345664568598 1.773367417077888 1.772700267698916 1.7720331183199445 1.7713659689409726 1.7706988195620008 1.770031670183029 1.7693645208040572 1.7686973714250855 1.7680302220461126 1.7673630726671408 1.766695923288169 1.7660287739091973 1.7653616245302255 1.7646944751512537 1.7640273257722818 1.7633601763933102 1.7626930270143384 1.7620258776353666 1.7613587282563947 1.7606915788774231
1.7799305589734595 1.7801457798934135 1.7803610008133675 1.7805762217333216 1.7807914426532756 1.7810066635732296 1.781221884493184 1.781437105413138 1.7816523263330921 1.781867547253046 1.782082768173 1.782297989092954 1.7825132100129082 1.7827284309328622 1.7829436518528161 1.7831588727727703 1.7829378750772253 1.7822505498115646 1.7815632245459039 1.780875899280242 1.7801885740145813 1.7795012487489206 1.7788139234832598 1.778126598217599 1.7774392729519382 1.7767519476862774 1.7760646224206167 1.775377297154956 1.7746899718892952 1.7740026466236345 1.7733153213579738 1.772627996092313 1.7719406708266512 1.7712533455609905 1.7705660202953297 1.769878695029669 1.7691913697640083 1.7685040444983475 1.7678167192326868 1.767129393967026 1.7664420687013653 1.7657547434357044 1.7650674181700436 1.764380092904383
1.7843199889597592 1.784525773865742 1.784731558771725 1.7849373436777078 1.7851431285836907 1.7853489134896736 1.7855546983956567 1.7857604833016398 1.7859662682076227 1.7861720531136056 1.7863778380195885 1.7865836229255714 1.7867894078315543 1.7869951927375372 1.78720097764352 1.787406762549503 1.7871711380447874 1.7864636368924378 1.785756135740088 1.7850486345877372 1.7843411334353874 1.7836336322830377 1.782926131130688 1.7822186299783385 1.7815111288259886 1.780803627673639 1.7800961265212893 1.7793886253689395 1.7786811242165899 1.7779736230642402 1.7772661219118904 1.7765586207595407 1.7758511196071898 1.7751436184548401 1.7744361173024905 1.7737286161501409 1.773021114997791 1.7723136138454414 1.7716061126930918 1.770898611540742 1.7701911103883923 1.7694836092360426 1.7687761080836928 1.7680686069313432
1.7887094189460606 1.7889057678380724 1.7891021167300842 1.7892984656220958 1.7894948145141076 1.7896911634061194 1.7898875122981315 1.7900838611901433 1.790280210082155 1.790476558974167 1.7906729078661785 1.7908692567581903 1.7910656056502021 1.791261954542214 1.7914583034342255 1.7916546523262373 1.7914044010123513 1.7906767239733126 1.789949046934274 1.7892213698952342 1.7884936928561954 1.7877660158171567 1.7870383387781181 1.7863106617390794 1.7855829847000408 1.784855307661002 1.7841276306219636 1.7833999535829248 1.782672276543886 1.7819445995048475 1.7812169224658088 1.7804892454267702 1.7797615683877301 1.7790338913486916 1.7783062143096529 1.7775785372706143 1.7768508602315756 1.7761231831925368 1.7753955061534983 1.7746678291144595 1.773940152075421 1.7732124750363822 1.7724847979973437 1.771757120958305
1.7930988489323603 1.793285761810401 1.7934726746884415 1.7936595875664822 1.7938465004445228 1.7940334133225635 1.7942203262006045 1.794407239078645 1.7945941519566857 1.7947810648347262 1.794967977712767 1.7951548905908075 1.7953418034688482 1.7955287163468887 1.7957156292249294 1.7959025421029702 1.7956376639799134 1.7948898110541858 1.7941419581284581 1.7933941052027293 1.7926462522770017 1.791898399351274 1.7911505464255464 1.7904026934998187 1.789654840574091 1.7889069876483636 1.788159134722636 1.7874112817969083 1.7866634288711807 1.785915575945453 1.7851677230197254 1.784419870093998 1.783672017168269 1.7829241642425413 1.7821763113168136 1.781428458391086 1.7806806054653586 1.779932752539631 1.7791848996139032 1.7784370466881756 1.777689193762448 1.7769413408367203 1.7761934879109929 1.7754456349852652
1.79748827891866 1.7976657557827294 1.797843232646799 1.7980207095108685 1.798198186374938 1.7983756632390075 1.7985531401030772 1.7987306169671469 1.7989080938312163 1.7990855706952857 1.7992630475593552 1.7994405244234248 1.7996180012874943 1.7997954781515637 1.7999729550156334 1.8001504318797028 1.7998709269474755 1.799102898135059 1.7983348693226424 1.7975668405102245 1.7967988116978078 1.7960307828853912 1.7952627540729746 1.794494725260558 1.7937266964481415 1.792958667635725 1.7921906388233084 1.7914226100108919 1.7906545811984753 1.7898865523860588 1.7891185235736422 1.7883504947612257 1.7875824659488078 1.786814437136391 1.7860464083239744 1.7852783795115579 1.7845103506991413 1.7837423218867248 1.7829742930743082 1.7822062642618917 1.781438235449475 1.7806702066370586 1.779902177824642 1.7791341490122254
