Figures/CREST_Example_wjb_NSE/PETs/wjb.pet.20090310.asc
ncols            288
nrows            254
xllcorner        113.274861
yllcorner        31.4918055
cellsize         0.008333333333
NODATA_value     -9999
[rows 40 to 59 of 254, columns 0 to 43 of 288]
-9999.0 -9999.0 -9999.0 -9999.0 -9999.0 -9999.0 -9999.0 -9999.0 -9999.0 -9999.0 -9999.0 -9999.0 -9999.0 -9999.0 1.3515496457835166 1.3515922759077197 1.3516349060319228 1.351677536156126 1.351720166280329 1.3517627964045322 1.3518054265287354 1.3518480566529385 1.3518906867771416 1.3519333169013448 1.351975947025548 1.352018577149751 1.3520612072739542 1.3521038373981573 1.3521464675223605 1.3521890976465636 1.3522317277707667 1.3522743578949696 1.3523169880191728 1.352359618143376 1.352402248267579 1.3524448783917822 1.3524875085159853 1.3525301386401885 1.3525727687643916 1.3526153988885947 1.3526580290127979 1.352700659137001 1.3522188791894805 1.351176493023138
-9999.0 -9999.0 -9999.0 -9999.0 -9999.0 -9999.0 -9999.0 -9999.0 -9999.0 -9999.0 -9999.0 -9999.0 -9999.0 -9999.0 -9999.0 1.356685800318507 1.356769623044961 1.3568534457714152 1.356937268497869 1.3570210912243232 1.3571049139507774 1.3571887366772315 1.3572725594036856 1.3573563821301398 1.357440204856594 1.357524027583048 1.3576078503095022 1.3576916730359563 1.3577754957624104 1.3578593184888645 1.3579431412153187 1.3580269639417728 1.358110786668227 1.3581946093946808 1.358278432121135 1.358362254847589 1.3584460775740432 1.3585299003004974 1.3586137230269515 1.3586975457534056 1.3587813684798598 1.3588651912063139 1.3583836189625753 1.3572976267172552
-9999.0 -9999.0 -9999.0 -9999.0 -9999.0 -9999.0 -9999.0 -9999.0 -9999.0 -9999.0 -9999.0 -9999.0 -9999.0 -9999.0 -9999.0 1.3617793247292937 1.3619043400579989 1.362029355386704 1.3621543707154091 1.3622793860441142 1.3624044013728194 1.3625294167015243 1.3626544320302294 1.3627794473589345 1.3629044626876397 1.3630294780163448 1.3631544933450501 1.363279508673755 1.3634045240024601 1.3635295393311653 1.3636545546598704 1.3637795699885755 1.3639045853172806 1.3640296006459856 1.3641546159746907 1.3642796313033958 1.364404646632101 1.364529661960806 1.3646546772895112 1.3647796926182163 1.3649047079469214 1.3650297232756265 1.36454835873567 1.3634187604113719
-9999.0 -9999.0 -9999.0 -9999.0 -9999.0 -9999.0 -9999.0 -9999.0 -9999.0 -9999.0 -9999.0 -9999.0 -9999.0 -9999.0 -9999.0 -9999.0 1.3670390570710371 1.3672052650019932 1.3673714729329491 1.3675376808639053 1.3677038887948614 1.3678700967258175 1.3680363046567736 1.3682025125877295 1.3683687205186856 1.3685349284496418 1.368701136380598 1.3688673443115542 1.3690335522425103 1.3691997601734662 1.3693659681044223 1.3695321760353785 1.3696983839663346 1.3698645918972907 1.3700307998282466 1.3701970077592027 1.3703632156901588 1.370529423621115 1.370695631552071 1.3708618394830274 1.3710280474139833 1.3711942553449394 1.3707130985087648 1.3695398941054888
-9999.0 -9999.0 -9999.0 -9999.0 -9999.0 -9999.0 -9999.0 -9999.0 -9999.0 -9999.0 -9999.0 -9999.0 -9999.0 -9999.0 -9999.0 -9999.0 -9999.0 1.372381174617282 1.3725885751504892 1.3727959756836963 1.3730033762169032 1.3732107767501103 1.3734181772833174 1.3736255778165245 1.3738329783497314 1.3740403788829385 1.3742477794161458 1.374455179949353 1.37466258048256 1.3748699810157672 1.375077381548974 1.3752847820821812 1.3754921826153883 1.3756995831485954 1.3759069836818023 1.3761143842150094 1.3763217847482165 1.3765291852814237 1.3767365858146305 1.376943986347838 1.377151386881045 1.377358787414252 1.3768778382818594 1.3756610277996055
-9999.0 -9999.0 -9999.0 -9999.0 -9999.0 -9999.0 -9999.0 -9999.0 -9999.0 -9999.0 -9999.0 -9999.0 -9999.0 -9999.0 -9999.0 -9999.0 -9999.0 1.377557084232571 1.377805677368029 1.378054270503487 1.3783028636389452 1.3785514567744033 1.3788000499098612 1.3790486430453193 1.3792972361807774 1.3795458293162355 1.3797944224516938 1.380043015587152 1.38029160872261 1.380540201858068 1.380788794993526 1.3810373881289841 1.3812859812644422 1.3815345743999001 1.3817831675353582 1.3820317606708163 1.3822803538062745 1.3825289469417323 1.3827775400771904 1.383026133212649 1.383274726348107 1.383523319483565 1.3830425780549542 1.3817821614937225
-9999.0 -9999.0 -9999.0 -9999.0 -9999.0 -9999.0 -9999.0 -9999.0 -9999.0 -9999.0 -9999.0 -9999.0 -9999.0 -9999.0 -9999.0 -9999.0 -9999.0 -9999.0 1.3830227795855736 1.3833125653232827 1.3836023510609916 1.3838921367987007 1.3841819225364098 1.384471708274119 1.384761494011828 1.3850512797495371 1.3853410654872467 1.3856308512249556 1.3859206369626647 1.3862104227003738 1.3865002084380829 1.386789994175792 1.387079779913501 1.38736956565121 1.387659351388919 1.3879491371266282 1.3882389228643373 1.3885287086020464 1.3888184943397555 1.389108280077465 1.3893980658151739 1.389687851552883 1.3892073178280542 1.3879032951878445
-9999.0 -9999.0 -9999.0 -9999.0 -9999.0 -9999.0 -9999.0 -9999.0 -9999.0 -9999.0 -9999.0 -9999.0 -9999.0 -9999.0 -9999.0 -9999.0 -9999.0 -9999.0 1.3882398818031134 1.3885708601430735 1.3889018384830336 1.3892328168229937 1.3895637951629536 1.3898947735029137 1.3902257518428738 1.3905567301828339 1.3908877085227944 1.3912186868627545 1.3915496652027146 1.3918806435426745 1.3922116218826346 1.3925426002225947 1.3928735785625548 1.3932045569025147 1.3935355352424748 1.3938665135824349 1.394197491922395 1.394528470262355 1.394859448602315 1.3951904269422757 1.3955214052822356 1.3958523836221957 1.3953720576011488 1.3940244288819612
-9999.0 -9999.0 -9999.0 -9999.0 -9999.0 -9999.0 -9999.0 -9999.0 -9999.0 -9999.0 -9999.0 -9999.0 -9999.0 -9999.0 -9999.0 -9999.0 -9999.0 -9999.0 -9999.0 1.3938291549628645 1.3942013259050756 1.3945734968472867 1.3949456677894978 1.3953178387317087 1.3956900096739198 1.3960621806161309 1.3964343515583424 1.3968065225005535 1.3971786934427646 1.3975508643849757 1.3979230353271865 1.3982952062693976 1.3986673772116087 1.3990395481538198 1.3994117190960307 1.3997838900382418 1.4001560609804529 1.4005282319226637 1.4009004028648748 1.4012725738070866 1.4016447447492977 1.4020169156915085 1.4015367973742436 1.4001455625760781
-9999.0 -9999.0 -9999.0 -9999.0 -9999.0 -9999.0 -9999.0 -9999.0 -9999.0 -9999.0 -9999.0 -9999.0 -9999.0 -9999.0 -9999.0 -9999.0 -9999.0 -9999.0 -9999.0 1.3990874497826555 1.3995008133271174 1.3999141768715795 1.4003275404160416 1.4007409039605037 1.4011542675049655 1.4015676310494276 1.4019809945938904 1.4023943581383522 1.4028077216828143 1.4032210852272764 1.4036344487717385 1.4040478123162003 1.4044611758606624 1.4048745394051245 1.4052879029495864 1.4057012664940485 1.4061146300385106 1.4065279935829724 1.4069413571274345 1.4073547206718973 1.4077680842163593 1.4081814477608212 1.4077015371473383 1.406266696270195
-9999.0 -9999.0 -9999.0 -9999.0 -9999.0 -9999.0 -9999.0 -9999.0 -9999.0 -9999.0 -9999.0 -9999.0 -9999.0 -9999.0 -9999.0 -9999.0 -9999.0 -9999.0 -9999.0 -9999.0 -9999.0 -9999.0 -9999.0 1.4061639691892986 1.4066185253360115 1.4070730814827246 1.4075276376294383 1.4079821937761514 1.4084367499228643 1.4088913060695774 1.4093458622162904 1.4098004183630033 1.4102549745097164 1.4107095306564295 1.4111640868031423 1.4116186429498554 1.4120731990965685 1.4125277552432813 1.4129823113899944 1.4134368675367082 1.4138914236834212 1.414345979830134 1.413866276920433 1.412387829964312
-9999.0 -9999.0 -9999.0 -9999.0 -9999.0 -9999.0 -9999.0 -9999.0 -9999.0 -9999.0 -9999.0 -9999.0 -9999.0 -9999.0 -9999.0 -9999.0 -9999.0 -9999.0 -9999.0 -9999.0 -9999.0 -9999.0 -9999.0 1.4115870344180934 1.4120827831670575 1.4125785319160213 1.4130742806649863 1.4135700294139502 1.4140657781629142 1.414561526911878 1.4150572756608422 1.4155530244098062 1.41604877315877 1.4165445219077342 1.417040270656698 1.417536019405662 1.4180317681546262 1.41852751690359 1.419023265652554 1.4195190144015188 1.420014763150483 1.4205105118994468 1.4200310166935275 1.4185089636584287
-9999.0 -9999.0 -9999.0 -9999.0 -9999.0 -9999.0 -9999.0 -9999.0 -9999.0 -9999.0 -9999.0 -9999.0 -9999.0 -9999.0 -9999.0 -9999.0 -9999.0 -9999.0 -9999.0 -9999.0 -9999.0 -9999.0 -9999.0 -9999.0 -9999.0 1.4180839823493183 1.4186209237005343 1.4191578650517493 1.4196948064029642 1.4202317477541793 1.4207686891053941 1.4213056304566092 1.421842571807824 1.422379513159039 1.422916454510254 1.423453395861469 1.423990337212684 1.424527278563899 1.425064219915114 1.4256011612663297 1.4261381026175448 1.4266750439687597 1.4261957564666223 1.4246300973525456
-9999.0 -9999.0 -9999.0 -9999.0 -9999.0 -9999.0 -9999.0 -9999.0 -9999.0 -9999.0 -9999.0 -9999.0 -9999.0 -9999.0 -9999.0 -9999.0 -9999.0 -9999.0 -9999.0 -9999.0 -9999.0 -9999.0 -9999.0 -9999.0 -9999.0 1.42358943278262 1.424167566736087 1.4247457006895528 1.4253238346430188 1.4259019685964849 1.426480102549951 1.4270582365034168 1.4276363704568829 1.428214504410349 1.4287926383638148 1.4293707723172808 1.4299489062707469 1.4305270402242127 1.4311051741776788 1.4316833081311457 1.4322614420846118 1.4328395760380777 1.4323604962397223 1.4307512310466677
-9999.0 -9999.0 -9999.0 -9999.0 -9999.0 -9999.0 -9999.0 -9999.0 -9999.0 -9999.0 -9999.0 -9999.0 -9999.0 -9999.0 -9999.0 -9999.0 -9999.0 -9999.0 -9999.0 -9999.0 -9999.0 -9999.0 -9999.0 -9999.0 -9999.0 1.4290948832159167 1.4297142097716349 1.4303335363273517 1.4309528628830688 1.4315721894387858 1.4321915159945027 1.4328108425502197 1.4334301691059366 1.4340494956616536 1.4346688222173705 1.4352881487730875 1.4359074753288046 1.4365268018845214 1.4371461284402385 1.4377654549959564 1.4383847815516735 1.4390041081073903 1.438525236012817 1.4368723647407844
-9999.0 -9999.0 -9999.0 -9999.0 -9999.0 -9999.0 -9999.0 -9999.0 -9999.0 -9999.0 -9999.0 -9999.0 -9999.0 -9999.0 -9999.0 -9999.0 -9999.0 -9999.0 -9999.0 -9999.0 1.4312977378593739 1.431958257017342 1.4326187761753097 1.4332792953332778 1.4339398144912456 1.4346003336492137 1.4352608528071829 1.4359213719651507 1.4365818911231187 1.4372424102810866 1.4379029294390546 1.4385634485970227 1.4392239677549905 1.4398844869129586 1.4405450060709264 1.4412055252288944 1.4418660443868623 1.4425265635448303 1.4431870827027984 1.4438476018607673 1.4445081210187354 1.4451686401767032 1.4446899757859117 1.4429934984349013
-9999.0 -9999.0 -9999.0 -9999.0 -9999.0 -9999.0 -9999.0 -9999.0 -9999.0 -9999.0 -9999.0 -9999.0 -9999.0 -9999.0 -9999.0 -9999.0 -9999.0 -9999.0 -9999.0 1.4358955135211968 1.4365972252814156 1.4372989370416347 1.4380006488018535 1.4387023605620726 1.4394040723222916 1.4401057840825104 1.4408074958427306 1.4415092076029496 1.4422109193631685 1.4429126311233875 1.4436143428836063 1.4443160546438254 1.4450177664040442 1.4457194781642633 1.446421189924482 1.4471229016847011 1.44782461344492 1.448526325205139 1.4492280369653578 1.449929748725578 1.450631460485797 1.451333172246016 1.4508547155590064 1.449114632129018
-9999.0 -9999.0 -9999.0 -9999.0 -9999.0 -9999.0 -9999.0 -9999.0 -9999.0 -9999.0 -9999.0 -9999.0 -9999.0 -9999.0 -9999.0 -9999.0 -9999.0 1.439667999616048 1.440410903978518 1.4411538083409878 1.4418967127034579 1.4426396170659277 1.4433825214283977 1.4441254257908676 1.4448683301533376 1.4456112345158074 1.4463541388782786 1.4470970432407486 1.4478399476032184 1.4485828519656885 1.4493257563281583 1.4500686606906283 1.4508115650530982 1.4515544694155682 1.452297373778038 1.453040278140508 1.4537831825029779 1.454526086865448 1.4552689912279178 1.4560118955903891 1.456754799952859 1.457497704315329 1.4570194553321012 1.4552357658231352
-9999.0 -9999.0 -9999.0 -9999.0 -9999.0 -9999.0 -9999.0 -9999.0 -9999.0 -9999.0 -9999.0 -9999.0 -9999.0 -9999.0 -9999.0 1.4428717048461754 1.443644339962225 1.4444169750782747 1.4451896101943242 1.445962245310374 1.4467348804264235 1.4475075155424733 1.4482801506585228 1.4490527857745723 1.449825420890622 1.4505980560066716 1.4513706911227227 1.4521433262387722 1.4529159613548217 1.4536885964708715 1.454461231586921 1.4552338667029707 1.4560065018190202 1.45677913693507 1.4575517720511195 1.458324407167169 1.4590970422832188 1.4598696773992683 1.460642312515318 1.461414947631369 1.4621875827474187 1.4629602178634682 1.4624883158978397 1.4606859756642159
-9999.0 -9999.0 -9999.0 -9999.0 -9999.0 -9999.0 -9999.0 -9999.0 -9999.0 -9999.0 -9999.0 -9999.0 -9999.0 -9999.0 1.4463392432221966 1.4471293570983046 1.4479194709744125 1.4487095848505205 1.4494996987266284 1.4502898126027364 1.4510799264788443 1.4518700403549523 1.4526601542310602 1.4534502681071682 1.454240381983276 1.455030495859384 1.4558206097354933 1.4566107236116013 1.4574008374877092 1.4581909513638172 1.458981065239925 1.459771179116033 1.460561292992141 1.461351406868249 1.4621415207443569 1.4629316346204648 1.4637217484965728 1.4645118623726807 1.4653019762487887 1.466092090124898 1.4668822040010059 1.4676723178771138 1.467213325468451 1.465419010210418
