Figures/CREST_Example_wjb_NSE/PETs/wjb.pet.20100919.asc
ncols            288
nrows            254
xllcorner        113.274861
yllcorner        31.4918055
cellsize         0.008333333333
NODATA_value     -9999
[rows 60 to 79 of 254, columns 0 to 43 of 288]
-9999.0 -9999.0 -9999.0 -9999.0 -9999.0 -9999.0 -9999.0 -9999.0 -9999.0 -9999.0 -9999.0 2.5230376533025267 2.5239462087858113 2.525588189476864 2.527230170167914 2.5288721508589638 2.5305141315500137 2.5321561122410636 2.5337980929321136 2.5354400736231635 2.5370820543142134 2.5387240350052633 2.5403660156963133 2.542007996387363 2.543649977078413 2.545291957769463 2.5469339384605156 2.5485759191515656 2.5502178998426155 2.5518598805336654 2.5535018612247153 2.5551438419157653 2.556785822606815 2.558427803297865 2.560069783988915 2.561711764679965 2.563353745371015 2.564995726062065 2.5666377067531148 2.5682796874441673 2.5699216681352173 2.571563648826267 2.5722661455102487 2.5719643125574727
-9999.0 -9999.0 -9999.0 -9999.0 -9999.0 -9999.0 -9999.0 -9999.0 -9999.0 2.526706713629093 2.5269413123702784 2.5271759111114633 2.5281378596580506 2.5298773615816574 2.531616863505261 2.533356365428865 2.5350958673524686 2.536835369276072 2.5385748711996756 2.5403143731232793 2.542053875046883 2.543793376970487 2.5455328788940905 2.5472723808176942 2.549011882741298 2.5507513846649017 2.552490886588508 2.554230388512112 2.5559698904357155 2.5577093923593193 2.559448894282923 2.5611883962065267 2.5629278981301304 2.564667400053734 2.566406901977338 2.568146403900941 2.569885905824545 2.5716254077481486 2.5733649096717524 2.575104411595359 2.576843913518963 2.5785834154425666 2.5793252833482554 2.5790006579413483
-9999.0 -9999.0 -9999.0 -9999.0 -9999.0 -9999.0 -9999.0 -9999.0 -9999.0 2.5308207432843335 2.5310674561023667 2.5313141689204 2.5323295105302903 2.534166533686451 2.5360035568426085 2.537840579998766 2.539677603154923 2.5415146263110806 2.543351649467238 2.5451886726233957 2.547025695779553 2.5488627189357107 2.5506997420918682 2.5525367652480253 2.554373788404183 2.5562108115603404 2.558047834716501 2.5598848578726585 2.561721881028816 2.5635589041849736 2.5653959273411306 2.567232950497288 2.5690699736534457 2.570906996809603 2.5727440199657607 2.5745810431219183 2.576418066278076 2.578255089434233 2.5800921125903904 2.581929135746551 2.5837661589027086 2.585603182058866 2.5863844211862625 2.5860370033252242
-9999.0 -9999.0 -9999.0 -9999.0 -9999.0 -9999.0 -9999.0 -9999.0 -9999.0 2.5349347729395744 2.535193599834456 2.5354524267293375 2.5365211614025305 2.538455705791245 2.540390250179956 2.542324794568667 2.5442593389573784 2.5461938833460898 2.5481284277348006 2.550062972123512 2.5519975165122233 2.5539320609009346 2.5558666052896455 2.557801149678357 2.559735694067068 2.5616702384557795 2.563604782844494 2.565539327233205 2.567473871621916 2.5694084160106274 2.5713429603993387 2.57327750478805 2.575212049176761 2.5771465935654723 2.5790811379541836 2.581015682342895 2.582950226731606 2.584884771120317 2.5868193155090284 2.588753859897743 2.590688404286454 2.592622948675165 2.5934435590242693 2.5930733487091002
-9999.0 -9999.0 -9999.0 -9999.0 -9999.0 -9999.0 -9999.0 -9999.0 2.5387778616230845 2.5390488025948144 2.539319743566544 2.539590684538274 2.5407128122747697 2.5427448778960384 2.544776943517303 2.5468090091385682 2.5488410747598333 2.550873140381098 2.552905206002363 2.5549372716236283 2.5569693372448934 2.559001402866158 2.561033468487423 2.5630655341086883 2.565097599729953 2.567129665351218 2.569161730972487 2.5711937965937515 2.5732258622150166 2.5752579278362817 2.5772899934575464 2.5793220590788115 2.5813541247000766 2.5833861903213413 2.5854182559426064 2.5874503215638716 2.5894823871851367 2.5915144528064014 2.5935465184276665 2.5955785840489347 2.5976106496702 2.599642715291465 2.6005026968622764 2.600109694092976
-9999.0 -9999.0 -9999.0 -9999.0 -9999.0 -9999.0 -9999.0 -9999.0 2.542879777201477 2.5431628322500552 2.5434458872986334 2.5437289423472116 2.54490446314701 2.5470340500008324 2.549163636854651 2.55129322370847 2.5534228105622883 2.555552397416107 2.557681984269926 2.5598115711237446 2.5619411579775635 2.5640707448313824 2.566200331685201 2.56832991853902 2.5704595053928383 2.572589092246657 2.5747186791004797 2.576848265954298 2.578977852808117 2.581107439661936 2.5832370265157545 2.5853666133695734 2.5874962002233923 2.589625787077211 2.5917553739310297 2.593884960784848 2.596014547638667 2.598144134492486 2.6002737213463045 2.602403308200127 2.604532895053946 2.6066624819077644 2.607561834700283 2.607146039476852
-9999.0 -9999.0 -9999.0 -9999.0 -9999.0 -9999.0 -9999.0 -9999.0 2.5469816927798727 2.547276861905299 2.5475720310307253 2.5478672001561518 2.5490961140192527 2.5513232221056295 2.553550330192002 2.5557774382783744 2.558004546364747 2.56023165445112 2.562458762537492 2.564685870623865 2.5669129787102376 2.5691400867966103 2.5713671948829826 2.5735943029693553 2.575821411055728 2.5780485191421008 2.580275627228477 2.5825027353148498 2.584729843401222 2.5869569514875947 2.5891840595739675 2.59141116766034 2.5936382757467125 2.595865383833085 2.598092491919458 2.6003196000058306 2.602546708092203 2.6047738161785756 2.6070009242649483 2.6092280323513246 2.6114551404376973 2.61368224852407 2.614620972538296 2.614182384860734
-9999.0 -9999.0 -9999.0 -9999.0 -9999.0 -9999.0 -9999.0 -9999.0 2.5510836083582644 2.551390891560539 2.551698174762814 2.5520054579650884 2.5532877648914925 2.555612394210423 2.557937023529349 2.5602616528482756 2.562586282167202 2.564910911486128 2.5672355408050547 2.569560170123981 2.5718847994429073 2.574209428761834 2.5765340580807603 2.5788586873996864 2.581183316718613 2.5835079460375394 2.5858325753564695 2.588157204675396 2.5904818339943225 2.5928064633132486 2.595131092632175 2.5974557219511016 2.5997803512700277 2.6021049805889542 2.6044296099078807 2.606754239226807 2.6090788685457333 2.61140349786466 2.613728127183586 2.6160527565025165 2.6183773858214425 2.620702015140369 2.6216801103763028 2.6212187302446095
-9999.0 -9999.0 -9999.0 -9999.0 -9999.0 -9999.0 -9999.0 2.554866126657534 2.555185523936657 2.55550492121578 2.5558243184949028 2.556143715774026 2.5574794157637326 2.559901566315217 2.562323716866697 2.564745867418177 2.567168017969657 2.5695901685211373 2.5720123190726176 2.5744344696240975 2.576856620175578 2.5792787707270577 2.581700921278538 2.584123071830018 2.586545222381498 2.5889673729329785 2.5913895234844624 2.5938116740359427 2.596233824587423 2.598655975138903 2.601078125690383 2.603500276241863 2.6059224267933434 2.6083445773448237 2.6107667278963036 2.613188878447784 2.615611028999264 2.618033179550744 2.620455330102224 2.6228774806537083 2.6252996312051886 2.6277217817566685 2.62873924821431 2.628255075628486
-9999.0 -9999.0 -9999.0 -9999.0 -9999.0 -9999.0 -9999.0 2.5589559281590777 2.559287439515049 2.55961895087102 2.5599504622269915 2.5602819735829625 2.561671066635972 2.5641907384200104 2.566710410204044 2.5692300819880782 2.571749753772112 2.574269425556146 2.5767890973401797 2.579308769124214 2.5818284409082475 2.5843481126922816 2.5868677844763153 2.5893874562603494 2.591907128044383 2.594426799828417 2.5969464716124553 2.5994661433964894 2.601985815180523 2.604505486964557 2.607025158748591 2.609544830532625 2.6120645023166587 2.6145841741006928 2.617103845884727 2.6196235176687606 2.6221431894527947 2.6246628612368283 2.6271825330208625 2.6297022048049006 2.6322218765889343 2.6347415483729684 2.6357983860523166 2.635291421012362
-9999.0 -9999.0 -9999.0 -9999.0 -9999.0 -9999.0 -9999.0 2.563045729660622 2.5633893550934412 2.563732980526261 2.5640766059590803 2.5644202313919 2.565862717508212 2.568479910524804 2.571097103541392 2.5737142965579793 2.5763314895745673 2.5789486825911547 2.5815658756077426 2.58418306862433 2.5868002616409176 2.5894174546575055 2.592034647674093 2.594651840690681 2.5972690337072684 2.5998862267238563 2.602503419740448 2.6051206127570357 2.6077378057736236 2.610354998790211 2.612972191806799 2.6155893848233864 2.6182065778399743 2.620823770856562 2.6234409638731493 2.626058156889737 2.6286753499063247 2.6312925429229126 2.6339097359395 2.6365269289560924 2.63914412197268 2.6417613149892674 2.6428575238903234 2.6423277663962375
-9999.0 -9999.0 -9999.0 -9999.0 -9999.0 -9999.0 2.5667797916524977 2.5671355311621658 2.5674912706718334 2.567847010181501 2.568202749691169 2.5685584892008366 2.5700543683804518 2.5727690826295975 2.575483796878739 2.5781985111278805 2.580913225377022 2.5836279396261634 2.5863426538753047 2.5890573681244464 2.5917720823735877 2.594486796622729 2.5972015108718707 2.599916225121012 2.6026309393701537 2.605345653619295 2.608060367868441 2.6107750821175824 2.613489796366724 2.6162045106158653 2.6189192248650066 2.6216339391141483 2.6243486533632896 2.627063367612431 2.6297780818615726 2.632492796110714 2.6352075103598556 2.637922224608997 2.640636938858138 2.6433516531072843 2.6460663673564255 2.6487810816055672 2.6499166617283305 2.6493641117801134
-9999.0 -9999.0 -9999.0 -9999.0 -9999.0 -9999.0 -9999.0 2.5712253326637127 2.571593186250229 2.571961039836745 2.572328893423261 2.572696747009777 2.5742460192526946 2.577058254734395 2.57987049021609 2.5826827256977856 2.5854949611794806 2.588307196661176 2.591119432142871 2.5939316676245667 2.596743903106262 2.5995561385879573 2.6023683740696524 2.605180609551348 2.607992845033043 2.6108050805147385 2.6136173159964384 2.6164295514781335 2.619241786959829 2.622054022441524 2.6248662579232196 2.6276784934049147 2.63049072888661 2.6333029643683052 2.6361151998500008 2.638927435331696 2.6417396708133913 2.6445519062950864 2.647364141776782 2.650176377258482 2.6529886127401774 2.6558008482218725 2.6569757995663434 2.656400457163995
-9999.0 -9999.0 -9999.0 -9999.0 -9999.0 -9999.0 -9999.0 -9999.0 2.575695101828621 2.5760750694919854 2.57645503715535 2.5768350048187143 2.5784376701249347 2.581347426839189 2.584257183553438 2.5871669402676867 2.590076696981936 2.592986453696185 2.595896210410434 2.598805967124683 2.601715723838932 2.604625480553181 2.60753523726743 2.6104449939816794 2.6133547506959283 2.6162645074101776 2.6191742641244313 2.6220840208386806 2.6249937775529295 2.6279035342671784 2.6308132909814277 2.6337230476956766 2.636632804409926 2.6395425611241747 2.6424523178384236 2.645362074552673 2.648271831266922 2.651181587981171 2.65409134469542 2.657001101409674 2.659910858123923 2.6628206148381723 2.6640349374043506 2.6634368025478716
-9999.0 -9999.0 -9999.0 -9999.0 -9999.0 -9999.0 -9999.0 -9999.0 -9999.0 2.580189099147226 2.5805811808874384 2.580973262627651 2.5826293209971745 2.585636598943982 2.588643876890785 2.591651154837588 2.5946584327843905 2.5976657107311936 2.6006729886779962 2.6036802666247993 2.606687544571602 2.6096948225184047 2.612702100465208 2.6157093784120105 2.618716656358813 2.6217239343056162 2.624731212252424 2.627738490199227 2.6307457681460296 2.6337530460928322 2.6367603240396353 2.639767601986438 2.6427748799332407 2.645782157880044 2.6487894358268465 2.651796713773649 2.6548039917204522 2.657811269667255 2.660818547614058 2.6638258255608656 2.6668331035076687 2.6698403814544713 2.671094075242357 2.670473147931747
-9999.0 -9999.0 -9999.0 -9999.0 -9999.0 -9999.0 -9999.0 -9999.0 -9999.0 -9999.0 2.5847073246195276 2.5851115204365884 2.586820971869414 2.589925771048776 2.593030570228133 2.5961353694074893 2.599240168586846 2.6023449677662023 2.605449766945559 2.6085545661249157 2.611659365304272 2.6147641644836286 2.6178689636629855 2.620973762842342 2.6240785620216984 2.6271833612010553 2.630288160380417 2.6333929595597736 2.63649775873913 2.6396025579184865 2.6427073570978434 2.6458121562772 2.6489169554565564 2.6520217546359133 2.6551265538152697 2.658231352994626 2.6613361521739827 2.6644409513533396 2.667545750532696 2.670650549712058 2.6737553488914143 2.676860148070771 2.678153213080364 2.677509493315623
-9999.0 -9999.0 -9999.0 -9999.0 -9999.0 -9999.0 -9999.0 -9999.0 -9999.0 -9999.0 -9999.0 2.589249778245525 2.591012622741654 2.5942149431535695 2.5974172635654798 2.6006195839773905 2.6038219043893007 2.607024224801211 2.6102265452131213 2.6134288656250315 2.6166311860369422 2.6198335064488525 2.6230358268607628 2.626238147272673 2.6294404676845833 2.6326427880964935 2.6358451085084096 2.63904742892032 2.64224974933223 2.6454520697441404 2.648654390156051 2.6518567105679614 2.6550590309798716 2.658261351391782 2.661463671803692 2.664665992215603 2.667868312627513 2.6710706330394234 2.6742729534513336 2.6774752738632497 2.68067759427516 2.68387991468707 2.6852123509183707 2.6845458386994987
-9999.0 -9999.0 -9999.0 -9999.0 -9999.0 -9999.0 -9999.0 -9999.0 -9999.0 -9999.0 -9999.0 2.5933880360544617 2.595204273613893 2.598504115258363 2.601803956902827 2.6051037985472916 2.6084036401917556 2.6117034818362197 2.6150033234806838 2.618303165125148 2.621603006769612 2.624902848414076 2.62820269005854 2.6315025317030045 2.6348023733474686 2.6381022149919326 2.6414020566364025 2.6447018982808665 2.6480017399253306 2.6513015815697947 2.6546014232142587 2.657901264858723 2.661201106503187 2.6645009481476514 2.6678007897921154 2.6711006314365795 2.6744004730810436 2.6777003147255076 2.6810001563699717 2.6842999980144415 2.6875998396589056 2.6908996813033697 2.692271488756378 2.6915821840833747
-9999.0 -9999.0 -9999.0 -9999.0 -9999.0 -9999.0 -9999.0 -9999.0 -9999.0 -9999.0 -9999.0 2.597526293863399 2.5993959244861333 2.602793287363157 2.606190650240175 2.6095880131171927 2.6129853759942105 2.6163827388712284 2.6197801017482463 2.623177464625264 2.626574827502282 2.6299721903793 2.6333695532563177 2.6367669161333356 2.6401642790103534 2.6435616418873713 2.646959004764395 2.650356367641413 2.6537537305184307 2.657151093395449 2.660548456272467 2.6639458191494847 2.6673431820265026 2.6707405449035204 2.6741379077805383 2.677535270657556 2.680932633534574 2.684329996411592 2.6877273592886097 2.6911247221656334 2.6945220850426512 2.697919447919669 2.6993306265943846 2.6986185294672507
-9999.0 -9999.0 -9999.0 -9999.0 -9999.0 -9999.0 -9999.0 -9999.0 -9999.0 -9999.0 -9999.0 -9999.0 2.6035875753583766 2.607082459467954 2.610577343577526 2.614072227687098 2.6175671117966695 2.621061995906241 2.6245568800158128 2.6280517641253844 2.6315466482349565 2.635041532344528 2.6385364164541 2.6420313005636715 2.645526184673243 2.6490210687828153 2.6525159528923927 2.6560108370019644 2.659505721111536 2.663000605221108 2.66649548933068 2.6699903734402515 2.673485257549823 2.676980141659395 2.680475025768967 2.6839699098785386 2.6874647939881102 2.690959678097682 2.6944545622072535 2.6979494463168314 2.701444330426403 2.7049392145359747 2.7063897644323975 2.705654874851133
