Figures/CREST_Example_wjb_NSE/PETs/wjb.pet.20090728.asc
ncols            288
nrows            254
xllcorner        113.274861
yllcorner        31.4918055
cellsize         0.008333333333
NODATA_value     -9999
[rows 100 to 119 of 254, columns 44 to 87 of 288]
3.5264781227618123 3.5230432699870255 3.5196084172122393 3.5161735644374525 3.5127387116626663 3.50930385888788 3.5058690061130933 3.502434153338307 3.4989993005635145 3.495564447788728 3.492129595013942 3.488694742239155 3.485259889464369 3.4818250366895827 3.478390183914796 3.4749553311400097 3.471520478365223 3.4680856255904366 3.4646507728156504 3.4612159200408636 3.4577810672660774 3.454346214491285 3.4509113617164986 3.4474765089417123 3.4440416561669256 3.4406068033921393 3.437171950617353 3.4337370978425663 3.430975583252662 3.4289338824039186 3.4268921815551754 3.424850480706432 3.4228087798576885 3.4207670790089453 3.4187253781601985 3.4166836773114553 3.414641976462712 3.4126002756139684 3.410558574765225 3.408516873916482 3.4064751730677383 3.404433472218995 3.402391771370252 3.4003500705215086
3.5257519082110083 3.522368984010861 3.518986059810714 3.5156031356105673 3.5122202114104204 3.508837287210273 3.5054543630101263 3.5020714388099794 3.4986885146098263 3.4953055904096795 3.4919226662095326 3.4885397420093853 3.4851568178092385 3.4817738936090916 3.4783909694089443 3.4750080452087975 3.4716251210086506 3.4682421968085033 3.4648592726083565 3.4614763484082096 3.4580934242080623 3.4547105000079097 3.451327575807763 3.4479446516076155 3.4445617274074687 3.441178803207322 3.4377958790071745 3.4344129548070277 3.431671414570144 3.4296155282891525 3.427559642008161 3.4255037557271693 3.4234478694461776 3.421391983165186 3.419336096884191 3.4172802106031988 3.415224324322207 3.4131684380412155 3.411112551760224 3.4090566654792323 3.4070007791982406 3.404944892917249 3.4028890066362574 3.4008331203552657
3.525025693660204 3.5216946980346964 3.518363702409189 3.515032706783681 3.5117017111581736 3.508370715532666 3.505039719907159 3.501708724281651 3.4983777286561377 3.4950467330306303 3.491715737405123 3.4883847417796154 3.4850537461541076 3.4817227505286 3.4783917549030927 3.4750607592775853 3.4717297636520774 3.46839876802657 3.4650677724010626 3.461736776775555 3.4584057811500473 3.455074785524534 3.4517437898990266 3.448412794273519 3.445081798648012 3.441750803022504 3.4384198073969965 3.435088811771489 3.4323672458876264 3.4302971741743864 3.4282271024611464 3.4261570307479063 3.4240869590346663 3.4220168873214263 3.4199468156081827 3.4178767438949427 3.4158066721817026 3.4137366004684626 3.4116665287552226 3.4095964570419826 3.4075263853287425 3.4054563136155025 3.4033862419022625 3.4013161701890224
3.5242994791094 3.5210204120585313 3.5177413450076633 3.5144622779567953 3.5111832109059273 3.5079041438550593 3.504625076804191 3.501346009753323 3.4980669427024496 3.494787875651581 3.491508808600713 3.488229741549845 3.484950674498977 3.481671607448109 3.4783925403972407 3.4751134733463727 3.4718344062955047 3.4685553392446367 3.4652762721937687 3.4619972051429007 3.458718138092032 3.455439071041159 3.4521600039902904 3.4488809369394224 3.4456018698885544 3.4423228028376864 3.4390437357868184 3.4357646687359504 3.4330630772051087 3.4309788200596203 3.428894562914132 3.4268103057686434 3.424726048623155 3.4226417914776666 3.420557534332175 3.4184732771866866 3.416389020041198 3.4143047628957097 3.4122205057502213 3.4101362486047333 3.408051991459245 3.4059677343137564 3.403883477168268 3.4017992200227796
3.5235732645585958 3.520346126082367 3.5171189876061386 3.5138918491299096 3.510664710653681 3.5074375721774524 3.504210433701224 3.5009832952249953 3.497756156748761 3.4945290182725324 3.491301879796304 3.4880747413200752 3.4848476028438466 3.481620464367618 3.4783933258913895 3.4751661874151605 3.471939048938932 3.4687119104627033 3.4654847719864748 3.462257633510246 3.4590304950340176 3.4558033565577833 3.4525762180815547 3.449349079605326 3.4461219411290975 3.442894802652869 3.43966766417664 3.4364405257004114 3.4337589085225906 3.431660465944854 3.4295620233671174 3.4274635807893805 3.425365138211644 3.4232666956339073 3.421168253056167 3.4190698104784305 3.4169713679006937 3.414872925322957 3.4127744827452204 3.4106760401674836 3.4085775975897468 3.4064791550120104 3.4043807124342735 3.4022822698565367
3.5228470500077904 3.5196718401062013 3.5164966302046126 3.5133214203030234 3.5101462104014343 3.506971000499845 3.503795790598256 3.500620580696667 3.4974453707950723 3.494270160893483 3.491094950991894 3.487919741090305 3.4847445311887157 3.4815693212871266 3.4783941113855374 3.4752189014839483 3.472043691582359 3.46886848168077 3.465693271779181 3.4625180618775917 3.4593428519760026 3.456167642074408 3.452992432172819 3.4498172222712298 3.4466420123696406 3.4434668024680515 3.4402915925664623 3.437116382664873 3.4344547398400733 3.432342111830088 3.4302294838201033 3.428116855810118 3.4260042278001333 3.423891599790148 3.4217789717801597 3.4196663437701744 3.4175537157601896 3.4154410877502044 3.4133284597402196 3.4112158317302343 3.4091032037202496 3.4069905757102643 3.4048779477002795 3.4027653196902943
3.522120835456987 3.518997554130037 3.5158742728030874 3.5127509914761377 3.509627710149188 3.5065044288222382 3.5033811474952885 3.500257866168339 3.4971345848413837 3.494011303514434 3.4908880221874847 3.487764740860535 3.4846414595335853 3.4815181782066356 3.478394896879686 3.475271615552736 3.4721483342257864 3.4690250528988367 3.465901771571887 3.4627784902449372 3.4596552089179875 3.4565319275910324 3.4534086462640827 3.4502853649371334 3.4471620836101837 3.444038802283234 3.4409155209562843 3.4377922396293346 3.4351505711575556 3.433023757715322 3.4308969442730888 3.4287701308308556 3.426643317388622 3.4245165039463887 3.4223896905041515 3.4202628770619183 3.418136063619685 3.4160092501774515 3.4138824367352183 3.4117556232929847 3.4096288098507515 3.4075019964085183 3.4053751829662846 3.4032483695240514
3.5213946209061824 3.518323268153872 3.515251915401562 3.512180562649252 3.5091092098969416 3.5060378571446313 3.502966504392321 3.4998951516400107 3.4968237988876956 3.4937524461353853 3.490681093383075 3.4876097406307647 3.4845383878784544 3.481467035126144 3.478395682373834 3.475324329621524 3.4722529768692136 3.4691816241169033 3.466110271364593 3.4630389186122827 3.4599675658599724 3.4568962131076573 3.453824860355347 3.4507535076030367 3.4476821548507264 3.444610802098416 3.441539449346106 3.438468096593796 3.4358464024750375 3.433705403600556 3.4315644047260743 3.4294234058515927 3.4272824069771106 3.425141408102629 3.423000409228144 3.4208594103536623 3.41871841147918 3.4165774126046986 3.414436413730217 3.4122954148557354 3.4101544159812534 3.4080134171067717 3.40587241823229 3.4037314193578085
3.520668406355378 3.5176489821777075 3.5146295580000366 3.5116101338223658 3.508590709644695 3.5055712854670245 3.5025518612893536 3.4995324371116827 3.496513012934007 3.493493588756336 3.490474164578665 3.4874547404009943 3.484435316223324 3.481415892045653 3.478396467867982 3.4753770436903113 3.4723576195126404 3.46933819533497 3.466318771157299 3.4632993469796283 3.4602799228019574 3.4572604986242816 3.4542410744466108 3.45122165026894 3.4482022260912695 3.4451828019135986 3.4421633777359277 3.439143953558257 3.4365422337925198 3.4343870494857898 3.4322318651790598 3.4300766808723298 3.4279214965655997 3.4257663122588697 3.423611127952136 3.421455943645406 3.4193007593386757 3.4171455750319457 3.4149903907252157 3.4128352064184857 3.4106800221117557 3.4085248378050257 3.4063696534982957 3.4042144691915657
3.5199421918045743 3.516974696201543 3.5140072005985115 3.5110397049954805 3.508072209392449 3.5051047137894176 3.502137218186386 3.499169722583355 3.4962022269803184 3.4932347313772873 3.490267235774256 3.4872997401712245 3.4843322445681935 3.481364748965162 3.4783972533621306 3.475429757759099 3.472462262156068 3.4694947665530367 3.4665272709500052 3.463559775346974 3.460592279743943 3.4576247841409065 3.454657288537875 3.4516897929348436 3.448722297331812 3.445754801728781 3.4427873061257497 3.4398198105227182 3.437238065110002 3.4350686953710237 3.4328993256320453 3.430729955893067 3.4285605861540884 3.42639121641511 3.424221846676128 3.4220524769371496 3.4198831071981712 3.417713737459193 3.415544367720215 3.4133749979812364 3.411205628242258 3.4090362585032796 3.406866888764301 3.404697519025323
3.51921597725377 3.516300410225378 3.5133848431969863 3.5104692761685943 3.5075537091402023 3.5046381421118107 3.5017225750834187 3.498807008055027 3.49589144102663 3.492975873998238 3.490060306969846 3.4871447399414546 3.4842291729130626 3.4813136058846705 3.478398038856279 3.475482471827887 3.472566904799495 3.4696513377711033 3.4667357707427113 3.4638202037143193 3.4609046366859277 3.457989069657531 3.455073502629139 3.4521579356007472 3.449242368572355 3.446326801543963 3.4434112345155716 3.4404956674871796 3.437933896427484 3.4357503412562576 3.4335667860850307 3.431383230913804 3.4291996757425776 3.4270161205713507 3.4248325654001204 3.4226490102288936 3.4204654550576667 3.41828189988644 3.4160983447152136 3.4139147895439867 3.41173123437276 3.409547679201533 3.4073641240303068 3.40518056885908
3.5184897627029654 3.515626124249213 3.5127624857954607 3.509898847341708 3.507035208887956 3.5041715704342034 3.501307931980451 3.4984442935266986 3.495580655072941 3.492717016619189 3.4898533781654364 3.4869897397116842 3.4841261012579317 3.4812624628041795 3.478398824350427 3.4755351858966748 3.472671547442922 3.46980790898917 3.4669442705354174 3.4640806320816653 3.4612169936279127 3.4583533551741557 3.455489716720403 3.452626078266651 3.4497624398128983 3.446898801359146 3.4440351629053936 3.4411715244516414 3.4386297277449667 3.436431987141492 3.4342342465380167 3.4320365059345415 3.4298387653310667 3.4276410247275915 3.4254432841241127 3.423245543520638 3.4210478029171627 3.4188500623136875 3.4166523217102127 3.4144545811067375 3.4122568405032627 3.4100590998997875 3.4078613592963123 3.4056636186928375
3.517763548152161 3.5149518382730482 3.512140128393935 3.5093284185148224 3.506516708635709 3.5037049987565965 3.5008932888774833 3.4980815789983706 3.495269869119253 3.49245815924014 3.489646449361027 3.486834739481914 3.484023029602801 3.481211319723688 3.4783996098445753 3.4755878999654626 3.4727761900863494 3.4699644802072367 3.4671527703281235 3.464341060449011 3.4615293505698976 3.45871764069078 3.4559059308116673 3.453094220932554 3.4502825110534414 3.4474708011743282 3.4446590912952155 3.4418473814161024 3.439325559062449 3.4371136330267253 3.434901706991002 3.432689780955279 3.4304778549195554 3.428265928883832 3.426054002848105 3.4238420768123814 3.421630150776658 3.4194182247409346 3.4172062987052114 3.4149943726694882 3.4127824466337646 3.4105705205980414 3.408358594562318 3.4061466685265946
3.517037333601357 3.5142775522968837 3.51151777099241 3.5087579896879366 3.5059982083834633 3.5032384270789896 3.5004786457745163 3.4977188644700425 3.4949590831655644 3.492199301861091 3.4894395205566178 3.486679739252144 3.4839199579476707 3.481160176643197 3.4784003953387237 3.4756406140342504 3.4728808327297767 3.4701210514253034 3.4673612701208296 3.4646014888163563 3.461841707511883 3.459081926207405 3.456322144902931 3.453562363598458 3.450802582293984 3.4480428009895108 3.4452830196850375 3.4425232383805637 3.4400213903799313 3.4377952789119592 3.4355691674439877 3.433343055976016 3.431116944508044 3.4288908330400725 3.426664721572097 3.4244386101041253 3.4222124986361537 3.4199863871681817 3.41776027570021 3.4155341642322385 3.4133080527642665 3.411081941296295 3.4088558298283234 3.4066297183603518
3.516311119050553 3.5136032663207186 3.5108954135908848 3.508187560861051 3.5054797081312166 3.5027718554013827 3.500064002671549 3.4973561499417145 3.494648297211876 3.491940444482042 3.489232591752208 3.486524739022374 3.48381688629254 3.481109033562706 3.478401180832872 3.4756933281030378 3.472985475373204 3.47027762264337 3.4675697699135357 3.464861917183702 3.462154064453868 3.459446211724029 3.4567383589941953 3.454030506264361 3.451322653534527 3.4486148008046933 3.445906948074859 3.443199095345025 3.440717221697413 3.438476924797193 3.436236627896973 3.433996330996753 3.431756034096533 3.429515737196313 3.427275440296089 3.4250351433958692 3.4227948464956492 3.420554549595429 3.418314252695209 3.416073955794989 3.413833658894769 3.411593361994549 3.409353065094329 3.4071127681941085
3.5155849044997485 3.512928980344554 3.5102730561893596 3.5076171320341647 3.5049612078789703 3.502305283723776 3.499649359568581 3.4969934354133865 3.4943375112581876 3.491681587102993 3.4890256629477983 3.486369738792604 3.4837138146374094 3.481057890482215 3.47840196632702 3.4757460421718256 3.473090118016631 3.4704341938614363 3.467778269706242 3.4651223455510474 3.462466421395853 3.4598104972406536 3.457154573085459 3.4544986489302647 3.4518427247750703 3.4491868006198754 3.446530876464681 3.4438749523094865 3.4414130530148954 3.439158570682427 3.4369040883499586 3.4346496060174903 3.432395123685022 3.4301406413525535 3.427886159020081 3.4256316766876127 3.4233771943551443 3.421122712022676 3.4188682296902075 3.416613747357739 3.4143592650252708 3.4121047826928024 3.409850300360334 3.4075958180278656
3.5148586899489445 3.5122546943683894 3.5096506987878344 3.5070467032072794 3.504442707626724 3.501838712046169 3.499234716465614 3.496630720885059 3.4940267253044994 3.491422729723944 3.488818734143389 3.486214738562834 3.483610742982279 3.481006747401724 3.4784027518211684 3.4757987562406134 3.4731947606600584 3.4705907650795034 3.467986769498948 3.465382773918393 3.462778778337838 3.4601747827572784 3.4575707871767234 3.454966791596168 3.452362796015613 3.449758800435058 3.447154804854503 3.444550809273948 3.4421088843323777 3.439840216567661 3.437571548802944 3.4353028810382273 3.4330342132735105 3.430765545508794 3.4284968777440734 3.4262282099793566 3.42395954221464 3.4216908744499235 3.4194222066852067 3.41715353892049 3.414884871155773 3.4126162033910563 3.41034753562634 3.408078867861623
3.5141324753981404 3.511580408392225 3.509028341386309 3.506476274380393 3.5039242073744776 3.501372140368562 3.4988200733626464 3.496268006356731 3.493715939350811 3.4911638723448952 3.488611805338979 3.4860597383330636 3.483507671327148 3.4809556043212324 3.478403537315317 3.4758514703094012 3.4732994033034856 3.4707473362975696 3.468195269291654 3.4656432022857384 3.463091135279823 3.460539068273903 3.457987001267987 3.4554349342620716 3.452882867256156 3.4503308002502404 3.4477787332443244 3.445226666238409 3.4428047156498596 3.440521862452895 3.4382390092559296 3.4359561560589644 3.4336733028619997 3.4313904496650345 3.4291075964680657 3.4268247432711005 3.4245418900741353 3.4222590368771706 3.4199761836802054 3.41769333048324 3.4154104772862754 3.4131276240893103 3.410844770892345 3.4085619176953803
3.51335591359543 3.5108626247358896 3.508369335876349 3.5058760470168084 3.503382758157268 3.500889469297727 3.4983961804381862 3.4959028915786456 3.4934096027191006 3.49091631385956 3.4884230250000194 3.485929736140479 3.4834364472809383 3.4809431584213972 3.4784498695618566 3.475956580702316 3.4734632918427755 3.470970002983235 3.468476714123694 3.4659834252641533 3.4634901364046127 3.4609968475450676 3.458503558685527 3.4560102698259865 3.453516980966446 3.4510236921069053 3.4485304032473643 3.4460371143878237 3.4436599905880367 3.4414070498631597 3.439154109138283 3.4369011684134065 3.43464822768853 3.4323952869636534 3.430142346238773 3.427889405513896 3.4256364647890196 3.423383524064143 3.4211305833392665 3.4188776426143894 3.416624701889513 3.4143717611646363 3.4121188204397597 3.409865879714883
3.5125255337544816 3.510098344801683 3.5076711558488842 3.5052439668960855 3.502816777943287 3.5003895889904877 3.497962400037689 3.4955352110848903 3.4931080221320876 3.4906808331792885 3.4882536442264898 3.485826455273691 3.4833992663208924 3.4809720773680937 3.478544888415295 3.476117699462496 3.473690510509697 3.4712633215568984 3.4688361326040997 3.466408943651301 3.4639817546985023 3.461554565745699 3.4591273767929005 3.456700187840102 3.454272998887303 3.451845809934504 3.4494186209817053 3.4469914320289066 3.444685700704914 3.442509810331793 3.4403339199586718 3.438158029585551 3.4359821392124297 3.433806248839309 3.431630358466184 3.429454468093063 3.427278577719942 3.425102687346821 3.4229267969737 3.420750906600579 3.4185750162274577 3.416399125854337 3.4142232354812156 3.412047345108095
