Figures/CREST_Example_wjb_NSE/PETs/wjb.pet.20100415.asc
ncols            288
nrows            254
xllcorner        113.274861
yllcorner        31.4918055
cellsize         0.008333333333
NODATA_value     -9999
[rows 120 to 139 of 254, columns 88 to 131 of 288]
2.0569156055179527 2.0592885587825696 2.061661512047187 2.0640344653118077 2.0664074185764245 2.0687803718410414 2.071153325105658 2.073526278370275 2.0758992316348923 2.078272184899509 2.080645138164126 2.083018091428743 2.0853910446933597 2.0877639979579765 2.089014796761842 2.0890659870739077 2.0891171773859734 2.089168367698039 2.0892195580101047 2.0892707483221704 2.089321938634236 2.089373128946302 2.0894243192583675 2.089475509570433 2.089526699882499 2.0895778901945645 2.08962908050663 2.089680270818696 2.0897314611307616 2.0897826514428273 2.089833841754893 2.0898850320669586 2.0899362223790243 2.08998741269109 2.0900386030031557 2.0900897933152214 2.090140983627287 2.0901921739393527 2.0902433642514184 2.090294554563484 2.09034574487555 2.0903969351876155 2.090448125499681 2.090499315811747
2.057768902289442 2.0600612730969283 2.062353643904414 2.0646460147119043 2.0669383855193906 2.0692307563268764 2.0715231271343626 2.073815497941849 2.0761078687493346 2.078400239556821 2.080692610364307 2.0829849811717933 2.085277351979279 2.0875697227867653 2.0887533164058443 2.0887516021397357 2.088749887873627 2.088748173607519 2.0887464593414102 2.0887447450753016 2.0887430308091934 2.088741316543085 2.088739602276976 2.088737888010868 2.0887361737447594 2.0887344594786508 2.0887327452125426 2.088731030946434 2.0887293166803254 2.088727602414217 2.0887258881481086 2.088724173882 2.0887224596158918 2.088720745349783 2.0887190310836745 2.0887173168175663 2.0887156025514577 2.088713888285349 2.0887121740192405 2.0887104597531323 2.0887087454870237 2.088707031220915 2.088705316954807 2.0887036026886983
2.058622199060932 2.060833987411287 2.0630457757616423 2.0652575641120015 2.0674693524623566 2.0696811408127123 2.0718929291630674 2.0741047175134226 2.076316505863778 2.0785282942141334 2.0807400825644886 2.082951870914844 2.085163659265199 2.0873754476155546 2.088491836049847 2.088437217205564 2.0883825983612816 2.0883279795169987 2.088273360672716 2.0882187418284337 2.0881641229841508 2.0881095041398683 2.088054885295586 2.088000266451303 2.0879456476070204 2.0878910287627375 2.087836409918455 2.0877817910741725 2.0877271722298896 2.087672553385607 2.087617934541324 2.0875633156970417 2.087508696852759 2.0874540780084763 2.087399459164194 2.0873448403199113 2.0872902214756284 2.087235602631346 2.087180983787063 2.0871263649427805 2.087071746098498 2.087017127254215 2.0869625084099326 2.0869078895656497
2.0594754958324213 2.061606701725646 2.0637379076188704 2.0658691135120986 2.0680003194053227 2.0701315252985473 2.072262731191772 2.0743939370849964 2.0765251429782206 2.078656348871445 2.0807875547646697 2.0829187606578943 2.085049966551119 2.087181172444343 2.0882303556938493 2.088122832271392 2.0880153088489353 2.0879077854264785 2.0878002620040217 2.087692738581565 2.087585215159108 2.0874776917366513 2.0873701683141945 2.0872626448917377 2.087155121469281 2.087047598046824 2.0869400746243674 2.0868325512019106 2.086725027779454 2.0866175043569966 2.0865099809345398 2.086402457512083 2.086294934089626 2.0861874106671694 2.0860798872447126 2.085972363822256 2.085864840399799 2.0857573169773422 2.0856497935548854 2.0855422701324287 2.085434746709972 2.085327223287515 2.0852196998650583 2.0851121764426015
2.0603287926039116 2.062379416040005 2.0644300394760986 2.066480662912196 2.0685312863482896 2.070581909784383 2.0726325332204767 2.07468315665657 2.0767337800926637 2.0787844035287573 2.0808350269648512 2.0828856504009448 2.0849362738370383 2.086986897273132 2.087968875337851 2.0878084473372205 2.087648019336589 2.087487591335958 2.087327163335327 2.087166735334696 2.087006307334065 2.086845879333434 2.0866854513328033 2.086525023332172 2.086364595331541 2.08620416733091 2.086043739330279 2.085883311329648 2.085722883329017 2.085562455328386 2.085402027327755 2.085241599327124 2.0850811713264927 2.0849207433258616 2.084760315325231 2.0845998873246 2.084439459323969 2.0842790313233377 2.084118603322707 2.083958175322076 2.083797747321445 2.0836373193208138 2.0834768913201827 2.0833164633195516
2.0611820893754014 2.0631521303543643 2.0651221713333268 2.0670922123122932 2.0690622532912557 2.0710322942702186 2.0730023352491815 2.0749723762281445 2.076942417207107 2.07891245818607 2.0808824991650328 2.0828525401439952 2.084822581122958 2.086792622101921 2.087707394981854 2.087494062403049 2.087280729824243 2.087067397245438 2.086854064666633 2.0866407320878277 2.086427399509023 2.0862140669302174 2.0860007343514124 2.085787401772607 2.085574069193802 2.0853607366149967 2.0851474040361917 2.0849340714573863 2.0847207388785813 2.084507406299776 2.0842940737209705 2.0840807411421656 2.08386740856336 2.083654075984555 2.08344074340575 2.083227410826945 2.08301407824814 2.0828007456693345 2.0825874130905295 2.082374080511724 2.082160747932919 2.0819474153541138 2.0817340827753084 2.0815207501965034
2.0620353861468907 2.0639248446687226 2.0658143031905545 2.06770376171239 2.0695932202342218 2.0714826787560536 2.073372137277886 2.075261595799718 2.0771510543215497 2.0790405128433815 2.080929971365214 2.0828194298870457 2.0847088884088776 2.0865983469307094 2.087445914625856 2.087179677468877 2.086913440311897 2.086647203154918 2.0863809659979387 2.0861147288409594 2.0858484916839797 2.0855822545270004 2.085316017370021 2.085049780213042 2.0847835430560626 2.0845173058990834 2.084251068742104 2.083984831585125 2.0837185944281456 2.0834523572711654 2.083186120114186 2.082919882957207 2.0826536458002276 2.0823874086432483 2.082121171486269 2.08185493432929 2.0815886971723105 2.0813224600153313 2.0810562228583516 2.0807899857013723 2.080523748544393 2.0802575113874138 2.079991274230434 2.079725037073455
2.0628886829183806 2.0646975589830814 2.0665064350477826 2.068315311112487 2.0701241871771883 2.0719330632418895 2.0737419393065903 2.0755508153712916 2.077359691435993 2.079168567500694 2.0809774435653954 2.082786319630096 2.0845951956947975 2.0864040717594987 2.087184434269859 2.0868652925347053 2.0865461507995513 2.0862270090643977 2.0859078673292446 2.085588725594091 2.0852695838589375 2.084950442123784 2.0846313003886303 2.084312158653477 2.0839930169183236 2.08367387518317 2.0833547334480165 2.083035591712863 2.0827164499777098 2.0823973082425558 2.082078166507402 2.0817590247722486 2.081439883037095 2.0811207413019415 2.0808015995667883 2.0804824578316348 2.080163316096481 2.0798441743613276 2.079525032626174 2.079205890891021 2.0788867491558674 2.078567607420714 2.0782484656855598 2.077929323950406
2.06374197968987 2.06547027329744 2.067198566905011 2.068926860512584 2.0706551541201543 2.0723834477277245 2.0741117413352947 2.0758400349428654 2.0775683285504356 2.079296622158006 2.0810249157655765 2.0827532093731467 2.084481502980717 2.0862097965882875 2.086922953913861 2.0865509076005333 2.086178861287205 2.0858068149738775 2.08543476866055 2.0850627223472222 2.084690676033895 2.084318629720567 2.0839465834072395 2.0835745370939116 2.083202490780584 2.0828304444672563 2.082458398153929 2.0820863518406014 2.0817143055272735 2.0813422592139452 2.080970212900618 2.08059816658729 2.0802261202739625 2.0798540739606346 2.079482027647307 2.0791099813339797 2.078737935020652 2.0783658887073244 2.0779938423939965 2.077621796080669 2.0772497497673412 2.076877703454014 2.0765056571406855 2.076133610827358
2.0645952764613598 2.0662429876117994 2.067890698762239 2.0695384099126812 2.071186121063121 2.07283383221356 2.0744815433639996 2.076129254514439 2.077776965664879 2.0794246768153184 2.081072387965758 2.0827200991161976 2.084367810266637 2.0860155214170764 2.086661473557864 2.086236522666362 2.0858115717748595 2.085386620883358 2.084961669991856 2.084536719100354 2.084111768208852 2.0836868173173504 2.0832618664258487 2.082836915534347 2.082411964642845 2.0819870137513434 2.0815620628598412 2.0811371119683395 2.0807121610768378 2.080287210185335 2.0798622592938334 2.0794373084023317 2.07901235751083 2.078587406619328 2.0781624557278264 2.0777375048363247 2.077312553944823 2.0768876030533208 2.076462652161819 2.0760377012703173 2.0756127503788155 2.075187799487314 2.074762848595811 2.0743378977043094
2.065448573232849 2.0670157019261577 2.0685828306194662 2.070149959312778 2.0717170880060864 2.0732842166993954 2.074851345392704 2.076418474086013 2.0779856027793215 2.07955273147263 2.081119860165939 2.0826869888592476 2.0842541175525566 2.085821246245865 2.086399993201866 2.08592213773219 2.085444282262513 2.084966426792837 2.0844885713231616 2.0840107158534855 2.0835328603838095 2.0830550049141334 2.0825771494444574 2.0820992939747818 2.0816214385051057 2.0811435830354297 2.0806657275657536 2.080187872096078 2.079710016626402 2.079232161156725 2.078754305687049 2.0782764502173734 2.0777985947476973 2.0773207392780213 2.0768428838083453 2.076365028338669 2.0758871728689936 2.0754093173993176 2.0749314619296415 2.0744536064599655 2.07397575099029 2.073497895520614 2.073020040050937 2.072542184581261
2.0663018700043394 2.067788416240517 2.069274962476695 2.0707615087128755 2.0722480549490534 2.073734601185231 2.075221147421409 2.076707693657587 2.0781942398937647 2.0796807861299427 2.08116733236612 2.082653878602298 2.084140424838476 2.085626971074654 2.086138512845868 2.085607752798018 2.085076992750167 2.084546232702317 2.0840154726544666 2.0834847126066163 2.0829539525587664 2.082423192510916 2.081892432463066 2.0813616724152157 2.080830912367366 2.0803001523195155 2.079769392271665 2.079238632223815 2.078707872175965 2.078177112128114 2.0776463520802637 2.077115592032414 2.0765848319845635 2.076054071936713 2.075523311888863 2.074992551841013 2.074461791793163 2.0739310317453126 2.0734002716974627 2.0728695116496123 2.072338751601762 2.071807991553912 2.071277231506061 2.070746471458211
2.067155166775829 2.0685611305548757 2.069967094333923 2.071373058112972 2.0727790218920195 2.0741849856710664 2.0755909494501132 2.0769969132291606 2.0784028770082075 2.0798088407872544 2.0812148045663013 2.0826207683453486 2.0840267321243955 2.0854326959034424 2.0858770324898703 2.085293367863846 2.084709703237821 2.0841260386117963 2.083542373985772 2.082958709359748 2.0823750447337237 2.081791380107699 2.081207715481675 2.0806240508556506 2.0800403862296264 2.079456721603602 2.0788730569775775 2.0782893923515533 2.077705727725529 2.0771220630995035 2.0765383984734793 2.075954733847455 2.075371069221431 2.0747874045954067 2.074203739969382 2.073620075343358 2.0730364107173336 2.0724527460913094 2.0718690814652847 2.0712854168392605 2.0707017522132363 2.070118087587212 2.0695344229611865 2.0689507583351623
2.0680084635473186 2.069333844869235 2.070659226191151 2.0719846075130692 2.0733099888349855 2.074635370156902 2.075960751478818 2.0772861328007344 2.0786115141226507 2.079936895444567 2.0812622767664832 2.082587658088399 2.0839130394103154 2.0852384207322316 2.085615552133873 2.0849789829296745 2.084342413725475 2.0837058445212766 2.083069275317078 2.0824327061128796 2.081796136908681 2.0811595677044825 2.080522998500284 2.0798864292960855 2.0792498600918874 2.078613290887689 2.0779767216834903 2.077340152479292 2.0767035832750933 2.076067014070894 2.0754304448666954 2.074793875662497 2.0741573064582983 2.0735207372541 2.0728841680499013 2.0722475988457028 2.0716110296415042 2.0709744604373057 2.070337891233107 2.069701322028909 2.0690647528247106 2.068428183620512 2.067791614416312 2.0671550452121137
2.068861760318808 2.070106559183593 2.071351358048379 2.0725961569131663 2.0738409557779516 2.0750857546427373 2.0763305535075225 2.0775753523723077 2.0788201512370934 2.0800649501018786 2.0813097489666643 2.0825545478314496 2.083799346696235 2.0850441455610205 2.0853540717778754 2.0846645979955025 2.083975124213129 2.0832856504307564 2.0825961766483836 2.081906702866011 2.0812172290836384 2.0805277553012655 2.079838281518893 2.0791488077365203 2.078459333954148 2.077769860171775 2.0770803863894027 2.07639091260703 2.075701438824657 2.0750119650422834 2.074322491259911 2.073633017477538 2.0729435436951658 2.072254069912793 2.07156459613042 2.0708751223480477 2.070185648565675 2.0694961747833025 2.0688067010009297 2.0681172272185573 2.0674277534361845 2.066738279653812 2.066048805871438 2.0653593320890655
2.0697150570902973 2.070879273497952 2.0720434899056066 2.0732077063132635 2.074371922720918 2.0755361391285727 2.0767003555362273 2.077864571943882 2.0790287883515366 2.0801930047591912 2.081357221166846 2.0825214375745 2.0836856539821547 2.0848498703898093 2.085092591421878 2.0843502130613314 2.0836078347007834 2.0828654563402362 2.0821230779796895 2.081380699619143 2.080638321258596 2.079895942898049 2.0791535645375023 2.0784111861769556 2.077668807816409 2.076926429455862 2.076184051095315 2.0754416727347684 2.0746992943742217 2.0739569160136733 2.0732145376531266 2.07247215929258 2.071729780932033 2.070987402571486 2.0702450242109394 2.0695026458503927 2.068760267489846 2.068017889129299 2.067275510768752 2.0665331324082055 2.0657907540476588 2.065048375687112 2.0643059973265636 2.063563618966017
2.070568353861787 2.0716519878123107 2.0727356217628348 2.07381925571336 2.074902889663884 2.0759865236144077 2.0770701575649317 2.0781537915154553 2.0792374254659793 2.080321059416503 2.081404693367027 2.0824883273175505 2.0835719612680745 2.084655595218598 2.0848311110658804 2.0840358281271594 2.083240545188437 2.082445262249716 2.081649979310995 2.080854696372274 2.080059413433553 2.079264130494832 2.078468847556111 2.0776735646173905 2.0768782816786695 2.0760829987399485 2.0752877158012275 2.0744924328625065 2.0736971499237855 2.072901866985063 2.072106584046342 2.071311301107621 2.0705160181689 2.0697207352301796 2.0689254522914586 2.0681301693527376 2.0673348864140166 2.0665396034752956 2.0657443205365746 2.0649490375978536 2.0641537546591326 2.0633584717204116 2.0625631887816893 2.0617679058429688
2.0714216506332774 2.0724247021266704 2.0734277536200634 2.0744308051134577 2.0754338566068506 2.0764369081002436 2.0774399595936366 2.0784430110870296 2.0794460625804225 2.080449114073815 2.081452165567208 2.082455217060601 2.083458268553994 2.084461320047387 2.0845696307098827 2.0837214431929874 2.0828732556760907 2.0820250681591954 2.0811768806423006 2.0803286931254052 2.07948050560851 2.078632318091615 2.07778413057472 2.0769359430578245 2.0760877555409296 2.0752395680240343 2.074391380507139 2.073543192990244 2.072695005473349 2.071846817956452 2.0709986304395573 2.070150442922662 2.0693022554057667 2.068454067888872 2.0676058803719766 2.0667576928550813 2.0659095053381864 2.065061317821291 2.064213130304396 2.063364942787501 2.0625167552706056 2.0616685677537103 2.060820380236814 2.059972192719919
2.0722749474047673 2.073197416441029 2.074119885477291 2.075042354513555 2.075964823549817 2.076887292586079 2.0778097616223414 2.0787322306586034 2.0796546996948653 2.0805771687311276 2.0814996377673896 2.082422106803652 2.083344575839914 2.0842670448761758 2.084308150353885 2.083407058258816 2.082505966163745 2.0816048740686757 2.0807037819736065 2.079802689878537 2.0789015977834677 2.0780005056883986 2.077099413593329 2.07619832149826 2.0752972294031906 2.074396137308121 2.073495045213052 2.0725939531179827 2.071692861022913 2.070791768927842 2.069890676832773 2.068989584737704 2.068088492642634 2.067187400547565 2.066286308452496 2.0653852163574262 2.064484124262357 2.063583032167288 2.0626819400722183 2.061780847977149 2.06087975588208 2.0599786637870103 2.05907757169194 2.0581764795968702
2.0731282441762566 2.073970130755388 2.0748120173345193 2.075653903913652 2.076495790492783 2.0773376770719145 2.078179563651046 2.079021450230177 2.0798633368093085 2.0807052233884393 2.0815471099675706 2.082388996546702 2.0832308831258333 2.0840727697049646 2.0840466699978872 2.0830926733246438 2.082138676651399 2.0811846799781555 2.080230683304912 2.0792766866316685 2.078322689958425 2.0773686932851816 2.076414696611938 2.0754606999386946 2.074506703265451 2.0735527065922077 2.072598709918964 2.0716447132457207 2.0706907165724773 2.069736719899232 2.0687827232259886 2.067828726552745 2.0668747298795016 2.065920733206258 2.0649667365330147 2.064012739859771 2.0630587431865277 2.0621047465132842 2.0611507498400408 2.0601967531667973 2.059242756493554 2.0582887598203103 2.0573347631470655 2.056380766473822
