Figures/CREST_Example_wjb_NSE/PETs/wjb.pet.20090529.asc
ncols            288
nrows            254
xllcorner        113.274861
yllcorner        31.4918055
cellsize         0.008333333333
NODATA_value     -9999
[rows 160 to 179 of 254, columns 176 to 219 of 288]
0.5197446479250457 0.5190529512200813 0.5183612545151169 0.5176695578101524 0.5169778611051881 0.5162861644002237 0.5155944676952582 0.5149027709902938 0.5142110742853294 0.5135193775803649 0.5128276808754005 0.5121359841704362 0.5114442874654718 0.5107525907605074 0.510060894055543 0.5093691973505786 0.5090067072511607 0.5089961464619007 0.5089855856726407 0.5089750248833808 0.5089644640941208 0.5089539033048608 0.5089433425156008 0.5089327817263408 0.5089222209370808 0.5089116601478209 0.5089010993585609 0.5088905385693009 0.5088799777800409 0.5088694169907809 0.5088588562015209 0.508848295412261 0.508837734623001 0.508827173833741 0.508816613044481 0.508806052255221 0.508795491465961 0.508784930676701 0.5087743698874411 0.5087638090981811 0.5087532483089212 0.5087426875196612 0.5087321267304012 0.5087215659411413
0.5198296458717907 0.5191541409640328 0.5184786360562749 0.5178031311485171 0.5171276262407591 0.5164521213330012 0.5157766164252422 0.5151011115174843 0.5144256066097264 0.5137501017019684 0.5130745967942106 0.5123990918864527 0.5117235869786948 0.5110480820709369 0.5103725771631791 0.5096970722554212 0.5093319496174462 0.5092986326487673 0.5092653156800884 0.5092319987114095 0.5091986817427305 0.5091653647740516 0.5091320478053728 0.5090987308366939 0.509065413868015 0.509032096899336 0.5089987799306571 0.5089654629619782 0.5089321459932993 0.5088988290246205 0.5088655120559415 0.5088321950872626 0.5087988781185836 0.5087655611499048 0.5087322441812259 0.508698927212547 0.508665610243868 0.5086322932751891 0.5085989763065102 0.5085656593378313 0.5085323423691525 0.5084990254004735 0.5084657084317946 0.5084323914631157
0.5199146438185357 0.5192553307079842 0.5185960175974329 0.5179367044868814 0.5172773913763301 0.5166180782657787 0.5159587651552262 0.5152994520446748 0.5146401389341234 0.513980825823572 0.5133215127130206 0.5126621996024692 0.5120028864919178 0.5113435733813664 0.510684260270815 0.5100249471602636 0.5096571919837318 0.509601118835634 0.5095450456875361 0.5094889725394381 0.5094328993913404 0.5093768262432425 0.5093207530951447 0.5092646799470468 0.509208606798949 0.5091525336508512 0.5090964605027534 0.5090403873546555 0.5089843142065577 0.5089282410584598 0.508872167910362 0.5088160947622642 0.5087600216141662 0.5087039484660684 0.5086478753179706 0.5085918021698728 0.5085357290217749 0.508479655873677 0.5084235827255792 0.5083675095774814 0.5083114364293836 0.5082553632812857 0.5081992901331879 0.50814321698509
0.5199996417652807 0.5193565204519358 0.5187133991385909 0.5180702778252461 0.5174271565119012 0.5167840351985563 0.5161409138852103 0.5154977925718655 0.5148546712585206 0.5142115499451757 0.5135684286318308 0.5129253073184858 0.512282186005141 0.5116390646917961 0.5109959433784512 0.5103528220651063 0.5099824343500176 0.5099036050225008 0.509824775694984 0.5097459463674671 0.5096671170399503 0.5095882877124336 0.5095094583849168 0.5094306290574 0.5093517997298832 0.5092729704023664 0.5091941410748496 0.5091153117473328 0.509036482419816 0.5089576530922993 0.5088788237647826 0.5087999944372658 0.5087211651097489 0.5086423357822321 0.5085635064547153 0.5084846771271985 0.5084058477996817 0.5083270184721649 0.5082481891446482 0.5081693598171314 0.5080905304896146 0.5080117011620978 0.507932871834581 0.5078540425070642
0.5200846397120258 0.5194577101958874 0.518830780679749 0.5182038511636106 0.5175769216474722 0.5169499921313339 0.5163230626151943 0.5156961330990559 0.5150692035829175 0.5144422740667792 0.5138153445506408 0.5131884150345024 0.512561485518364 0.5119345560022256 0.5113076264860873 0.5106806969699489 0.5103076767163032 0.5102060912093674 0.5101045057024317 0.5100029201954959 0.5099013346885601 0.5097997491816244 0.5096981636746887 0.5095965781677531 0.5094949926608173 0.5093934071538816 0.5092918216469459 0.5091902361400102 0.5090886506330745 0.5089870651261388 0.508885479619203 0.5087838941122673 0.5086823086053315 0.5085807230983957 0.5084791375914601 0.5083775520845244 0.5082759665775887 0.5081743810706529 0.5080727955637172 0.5079712100567816 0.5078696245498459 0.5077680390429101 0.5076664535359744 0.5075648680290388
0.5201696376587707 0.5195588999398387 0.5189481622209069 0.518337424501975 0.5177266867830431 0.5171159490641112 0.5165052113451782 0.5158944736262464 0.5152837359073145 0.5146729981883826 0.5140622604694507 0.5134515227505189 0.5128407850315869 0.5122300473126551 0.5116193095937231 0.5110085718747912 0.5106329190825886 0.510508577396234 0.5103842357098793 0.5102598940235245 0.5101355523371699 0.5100112106508152 0.5098868689644606 0.509762527278106 0.5096381855917513 0.5095138439053967 0.5093895022190421 0.5092651605326874 0.5091408188463328 0.5090164771599782 0.5088921354736236 0.508767793787269 0.5086434521009141 0.5085191104145594 0.5083947687282049 0.5082704270418502 0.5081460853554955 0.508021743669141 0.5078974019827863 0.5077730602964317 0.5076487186100771 0.5075243769237224 0.5074000352373678 0.5072756935510132
0.5202546356055157 0.5196600896837903 0.5190655437620649 0.5184709978403395 0.5178764519186141 0.5172819059968887 0.5166873600751622 0.5160928141534369 0.5154982682317115 0.5149037223099862 0.5143091763882607 0.5137146304665353 0.51312008454481 0.5125255386230846 0.5119309927013591 0.5113364467796337 0.5109581614488742 0.5108110635831006 0.5106639657173271 0.5105168678515533 0.5103697699857797 0.5102226721200062 0.5100755742542326 0.509928476388459 0.5097813785226855 0.5096342806569119 0.5094871827911384 0.5093400849253648 0.5091929870595912 0.5090458891938177 0.508898791328044 0.5087516934622706 0.5086045955964967 0.5084574977307231 0.5083103998649496 0.508163301999176 0.5080162041334024 0.5078691062676289 0.5077220084018553 0.5075749105360818 0.5074278126703082 0.5072807148045346 0.5071336169387611 0.5069865190729875
0.5203396335522606 0.5197612794277418 0.5191829253032229 0.518604571178704 0.5180262170541851 0.5174478629296662 0.5168695088051464 0.5162911546806275 0.5157128005561086 0.5151344464315897 0.5145560923070708 0.5139777381825519 0.513399384058033 0.5128210299335141 0.5122426758089952 0.5116643216844763 0.5112834038151597 0.5111135497699673 0.5109436957247747 0.510773841679582 0.5106039876343895 0.510434133589197 0.5102642795440046 0.510094425498812 0.5099245714536196 0.509754717408427 0.5095848633632346 0.5094150093180421 0.5092451552728496 0.5090753012276571 0.5089054471824647 0.5087355931372721 0.5085657390920794 0.5083958850468869 0.5082260310016944 0.508056176956502 0.5078863229113094 0.507716468866117 0.5075466148209244 0.507376760775732 0.5072069067305395 0.5070370526853469 0.5068671986401545 0.506697344594962
0.5204246314990056 0.5198624691716932 0.5193003068443809 0.5187381445170685 0.518175982189756 0.5176138198624437 0.5170516575351303 0.516489495207818 0.5159273328805055 0.5153651705531932 0.5148030082258808 0.5142408458985683 0.513678683571256 0.5131165212439436 0.5125543589166311 0.5119921965893188 0.5116086461814453 0.5114160359568338 0.5112234257322225 0.5110308155076108 0.5108382052829993 0.5106455950583879 0.5104529848337764 0.5102603746091651 0.5100677643845537 0.5098751541599422 0.5096825439353309 0.5094899337107194 0.509297323486108 0.5091047132614966 0.5089121030368852 0.5087194928122738 0.508526882587662 0.5083342723630506 0.5081416621384393 0.5079490519138278 0.5077564416892164 0.5075638314646049 0.5073712212399936 0.5071786110153821 0.5069860007907707 0.5067933905661594 0.5066007803415479 0.5064081701169365
0.5205096294457506 0.5199636589156447 0.5194176883855388 0.518871717855433 0.518325747325327 0.5177797767952211 0.5172338062651143 0.5166878357350084 0.5161418652049025 0.5155958946747966 0.5150499241446906 0.5145039536145848 0.5139579830844789 0.513412012554373 0.5128660420242671 0.5123200714941611 0.5119338885477307 0.5117185221437004 0.5115031557396701 0.5112877893356393 0.511072422931609 0.5108570565275787 0.5106416901235483 0.510426323719518 0.5102109573154877 0.5099955909114573 0.509780224507427 0.5095648581033967 0.5093494916993664 0.509134125295336 0.5089187588913057 0.5087033924872754 0.5084880260832446 0.5082726596792143 0.508057293275184 0.5078419268711536 0.5076265604671233 0.507411194063093 0.5071958276590626 0.5069804612550323 0.506765094851002 0.5065497284469717 0.5063343620429412 0.5061189956389109
0.5205946273924957 0.5200648486595963 0.519535069926697 0.5190052911937976 0.5184755124608982 0.5179457337279988 0.5174159549950985 0.5168861762621991 0.5163563975292997 0.5158266187964003 0.515296840063501 0.5147670613306016 0.5142372825977022 0.5137075038648028 0.5131777251319034 0.512647946399004 0.5122591309140166 0.5120210083305673 0.511782885747118 0.5115447631636684 0.5113066405802191 0.5110685179967698 0.5108303954133205 0.5105922728298712 0.510354150246422 0.5101160276629727 0.5098779050795234 0.5096397824960741 0.5094016599126248 0.5091635373291755 0.5089254147457263 0.5086872921622769 0.5084491695788272 0.508211046995378 0.5079729244119287 0.5077348018284794 0.5074966792450302 0.5072585566615808 0.5070204340781316 0.5067823114946822 0.506544188911233 0.5063060663277837 0.5060679437443344 0.5058298211608852
0.5206796253392407 0.5201660384035478 0.5196524514678549 0.5191388645321621 0.5186252775964691 0.5181116906607762 0.5175981037250825 0.5170845167893896 0.5165709298536967 0.5160573429180039 0.515543755982311 0.515030169046618 0.5145165821109252 0.5140029951752323 0.5134894082395394 0.5129758213038466 0.5125843732803022 0.512323494517434 0.5120626157545658 0.5118017369916971 0.5115408582288289 0.5112799794659607 0.5110191007030924 0.5107582219402242 0.5104973431773561 0.5102364644144878 0.5099755856516196 0.5097147068887514 0.5094538281258831 0.509192949363015 0.5089320706001468 0.5086711918372785 0.5084103130744099 0.5081494343115417 0.5078885555486734 0.5076276767858052 0.507366798022937 0.5071059192600688 0.5068450404972006 0.5065841617343324 0.5063232829714641 0.5060624042085959 0.5058015254457278 0.5055406466828595
0.5207646232859857 0.5202672281474993 0.5197698330090129 0.5192724378705265 0.5187750427320401 0.5182776475935537 0.5177802524550664 0.5172828573165801 0.5167854621780936 0.5162880670396073 0.5157906719011208 0.5152932767626345 0.5147958816241481 0.5142984864856617 0.5138010913471753 0.5133036962086889 0.5129096156465877 0.5126259807043005 0.5123423457620133 0.5120587108197258 0.5117750758774386 0.5114914409351514 0.5112078059928643 0.5109241710505772 0.5106405361082901 0.510356901166003 0.5100732662237157 0.5097896312814286 0.5095059963391415 0.5092223613968544 0.5089387264545673 0.50865509151228 0.5083714565699925 0.5080878216277054 0.5078041866854182 0.507520551743131 0.5072369168008439 0.5069532818585568 0.5066696469162697 0.5063860119739825 0.5061023770316954 0.5058187420894082 0.5055351071471211 0.505251472204834
0.5208496212327306 0.5203684178914507 0.5198872145501708 0.519406011208891 0.5189248078676111 0.5184436045263312 0.5179624011850504 0.5174811978437706 0.5169999945024907 0.5165187911612108 0.5160375878199309 0.5155563844786509 0.515075181137371 0.5145939777960912 0.5141127744548113 0.5136315711135314 0.5132348580128732 0.5129284668911671 0.5126220757694611 0.5123156846477545 0.5120092935260484 0.5117029024043424 0.5113965112826363 0.5110901201609303 0.5107837290392242 0.5104773379175181 0.5101709467958121 0.5098645556741059 0.5095581645523999 0.5092517734306938 0.5089453823089878 0.5086389911872817 0.5083326000655751 0.5080262089438691 0.507719817822163 0.507413426700457 0.5071070355787509 0.5068006444570449 0.5064942533353387 0.5061878622136327 0.5058814710919266 0.5055750799702206 0.5052686888485145 0.5049622977268085
0.5209346191794756 0.5204696076354023 0.5200045960913289 0.5195395845472555 0.519074573003182 0.5186095614591086 0.5181445499150344 0.517679538370961 0.5172145268268877 0.5167495152828143 0.5162845037387409 0.5158194921946675 0.5153544806505941 0.5148894691065207 0.5144244575624474 0.513959446018374 0.5135601003791588 0.5132309530780338 0.5129018057769088 0.5125726584757833 0.5122435111746583 0.5119143638735333 0.5115852165724083 0.5112560692712832 0.5109269219701582 0.5105977746690332 0.5102686273679082 0.5099394800667832 0.5096103327656583 0.5092811854645333 0.5089520381634083 0.5086228908622833 0.5082937435611578 0.5079645962600328 0.5076354489589078 0.5073063016577828 0.5069771543566578 0.5066480070555328 0.5063188597544078 0.5059897124532828 0.5056605651521577 0.5053314178510327 0.5050022705499078 0.5046731232487828
0.5210196171262207 0.5205707973793537 0.5201219776324869 0.51967315788562 0.519224338138753 0.5187755183918862 0.5183266986450185 0.5178778788981516 0.5174290591512847 0.5169802394044178 0.5165314196575509 0.5160825999106841 0.5156337801638171 0.5151849604169503 0.5147361406700833 0.5142873209232164 0.5138853427454443 0.5135334392649004 0.5131815357843565 0.512829632303812 0.512477728823268 0.5121258253427241 0.5117739218621802 0.5114220183816363 0.5110701149010923 0.5107182114205484 0.5103663079400045 0.5100144044594606 0.5096625009789166 0.5093105974983728 0.5089586940178289 0.508606790537285 0.5082548870567404 0.5079029835761965 0.5075510800956525 0.5071991766151086 0.5068472731345647 0.5064953696540208 0.5061434661734768 0.5057915626929329 0.5054396592123891 0.5050877557318452 0.5047358522513012 0.5043839487707573
0.5211046150729657 0.5206719871233053 0.5202393591736449 0.5198067312239845 0.5193741032743241 0.5189414753246637 0.5185088473750026 0.5180762194253422 0.5176435914756818 0.5172109635260215 0.5167783355763611 0.5163457076267007 0.5159130796770403 0.5154804517273799 0.5150478237777195 0.5146151958280591 0.5142105851117301 0.5138359254517673 0.5134612657918044 0.5130866061318409 0.512711946471878 0.5123372868119151 0.5119626271519523 0.5115879674919894 0.5112133078320266 0.5108386481720637 0.5104639885121008 0.510089328852138 0.5097146691921751 0.5093400095322123 0.5089653498722494 0.5085906902122865 0.508216030552323 0.5078413708923601 0.5074667112323973 0.5070920515724344 0.5067173919124716 0.5063427322525087 0.5059680725925458 0.505593412932583 0.50521875327262 0.5048440936126571 0.5044694339526943 0.5040947742927314
0.5211896130197107 0.5207731768672568 0.5203567407148029 0.5199403045623491 0.5195238684098952 0.5191074322574413 0.5186909961049867 0.5182745599525328 0.5178581238000789 0.517441687647625 0.5170252514951711 0.5166088153427172 0.5161923791902633 0.5157759430378094 0.5153595068853556 0.5149430707329017 0.5145358274780156 0.5141384116386338 0.5137409957992521 0.5133435799598696 0.5129461641204879 0.5125487482811061 0.5121513324417243 0.5117539166023425 0.5113565007629607 0.5109590849235789 0.5105616690841971 0.5101642532448153 0.5097668374054335 0.5093694215660517 0.5089720057266699 0.5085745898872881 0.5081771740479056 0.5077797582085238 0.507382342369142 0.5069849265297602 0.5065875106903784 0.5061900948509966 0.5057926790116148 0.505395263172233 0.5049978473328514 0.5046004314934696 0.5042030156540878 0.503805599814706
0.5223591326044652 0.5219560369557238 0.5215529413069823 0.5211498456582409 0.5207467500094994 0.520343654360758 0.5199405587120158 0.5195374630632744 0.519134367414533 0.5187312717657915 0.5183281761170501 0.5179250804683087 0.5175219848195672 0.5171188891708257 0.5167157935220843 0.5163126978733429 0.5159017122510402 0.5154822920684771 0.515062871885914 0.5146434517033502 0.5142240315207871 0.5138046113382241 0.5133851911556611 0.5129657709730979 0.5125463507905349 0.5121269306079719 0.5117075104254087 0.5112880902428457 0.5108686700602826 0.5104492498777196 0.5100298296951565 0.5096104095125934 0.5091909893300296 0.5087715691474666 0.5083521489649035 0.5079327287823404 0.5075133085997774 0.5070938884172143 0.5066744682346512 0.5062550480520882 0.5058356278695251 0.505416207686962 0.5049967875043989 0.5045773673218359
0.5246879374597837 0.5242951344617347 0.5239023314636857 0.5235095284656366 0.5231167254675876 0.5227239224695386 0.5223311194714888 0.5219383164734398 0.5215455134753908 0.5211527104773417 0.5207599074792927 0.5203671044812437 0.5199743014831947 0.5195814984851456 0.5191886954870966 0.5187958924890476 0.5183799781622326 0.5179393573020359 0.5174987364418392 0.5170581155816418 0.5166174947214451 0.5161768738612484 0.5157362530010519 0.5152956321408552 0.5148550112806585 0.5144143904204618 0.5139737695602652 0.5135331487000685 0.5130925278398718 0.5126519069796751 0.5122112861194785 0.5117706652592818 0.5113300443990844 0.5108894235388877 0.5104488026786911 0.5100081818184944 0.5095675609582977 0.509126940098101 0.5086863192379044 0.5082456983777077 0.507805077517511 0.5073644566573143 0.5069238357971177 0.5064832149369211
