Figures/CREST_Example_wjb_NSE/PETs/wjb.pet.20090904.asc
ncols            288
nrows            254
xllcorner        113.274861
yllcorner        31.4918055
cellsize         0.008333333333
NODATA_value     -9999
[rows 100 to 119 of 254, columns 132 to 175 of 288]
3.0441376347092093 3.0443896271626634 3.0446416196161175 3.0448936120695715 3.0451456045230256 3.0453975969764797 3.045649589429934 3.045901581883388 3.046153574336842 3.046405566790296 3.04665755924375 3.0469095516972047 3.0471615441506588 3.047413536604113 3.047665529057567 3.047917521511021 3.048169513964475 3.048421506417929 3.0486734988713833 3.0489254913248374 3.0491774837782915 3.0494294762317455 3.0496814686851996 3.0499334611386537 3.0501854535921082 3.0504374460455623 3.0506894384990164 3.0509414309524705 3.0511934234059246 3.0514454158593787 3.0524123165399555 3.0541434702876 3.055874624035244 3.057605777782889 3.059336931530533 3.061068085278178 3.0627992390258223 3.0645303927734697 3.0662615465211145 3.067992700268759 3.0697238540164036 3.071455007764048 3.073186161511692 3.074917315259337
3.0462139544995126 3.046576180740261 3.0469384069810097 3.047300633221758 3.047662859462507 3.048025085703255 3.048387311944004 3.0487495381847523 3.049111764425501 3.0494739906662494 3.049836216906998 3.050198443147747 3.0505606693884957 3.050922895629244 3.051285121869993 3.051647348110741 3.05200957435149 3.0523718005922382 3.052734026832987 3.0530962530737353 3.053458479314484 3.0538207055552324 3.0541829317959808 3.0545451580367295 3.0549073842774788 3.055269610518227 3.055631836758976 3.055994062999724 3.056356289240473 3.0567185154812213 3.057757276029996 3.0595192670582496 3.0612812580865034 3.0630432491147572 3.064805240143011 3.0665672311712653 3.068329222199519 3.070091213227776 3.07185320425603 3.0736151952842836 3.0753771863125374 3.0771391773407912 3.078901168369045 3.080663159397299
3.0482902742898164 3.0487627343178594 3.0492351943459024 3.0497076543739454 3.0501801144019884 3.050652574430031 3.051125034458074 3.051597494486117 3.05206995451416 3.052542414542203 3.053014874570246 3.05348733459829 3.0539597946263326 3.0544322546543756 3.0549047146824186 3.0553771747104617 3.0558496347385047 3.0563220947665477 3.0567945547945907 3.0572670148226333 3.0577394748506763 3.0582119348787193 3.0586843949067624 3.0591568549348054 3.0596293149628493 3.0601017749908923 3.060574235018935 3.061046695046978 3.061519155075021 3.061991615103064 3.063102235520036 3.0648950638288994 3.0666878921377627 3.068480720446626 3.0702735487554893 3.072066377064352 3.0738592053732154 3.075652033682082 3.077444861990945 3.079237690299808 3.0810305186086713 3.0828233469175346 3.084616175226398 3.086409003535261
3.0503665940801197 3.0509492878954574 3.0515319817107946 3.052114675526132 3.0526973693414696 3.053280063156807 3.053862756972144 3.054445450787482 3.055028144602819 3.0556108384181564 3.056193532233494 3.0567762260488323 3.0573589198641695 3.0579416136795072 3.0585243074948445 3.0591070013101818 3.0596896951255195 3.0602723889408567 3.060855082756194 3.0614377765715317 3.062020470386869 3.0626031642022062 3.0631858580175435 3.063768551832881 3.0643512456482194 3.064933939463557 3.0655166332788943 3.0660993270942316 3.0666820209095693 3.0672647147249066 3.068447195010077 3.0702708605995492 3.072094526189022 3.0739181917784943 3.075741857367967 3.0775655229574395 3.079389188546912 3.0812128541363877 3.08303651972586 3.084860185315333 3.086683850904805 3.088507516494278 3.0903311820837502 3.0921548476732226
3.052442913870424 3.0531358414730554 3.0538287690756873 3.0545216966783193 3.0552146242809513 3.0559075518835828 3.0566004794862147 3.0572934070888467 3.057986334691478 3.05867926229411 3.059372189896742 3.060065117499375 3.060758045102007 3.061450972704639 3.0621439003072703 3.0628368279099023 3.0635297555125343 3.0642226831151658 3.0649156107177977 3.0656085383204297 3.0663014659230616 3.066994393525693 3.067687321128325 3.068380248730957 3.06907317633359 3.069766103936222 3.070459031538854 3.0711519591414853 3.0718448867441173 3.072537814346749 3.0737921545001172 3.075646657370199 3.077501160240281 3.079355663110363 3.081210165980445 3.0830646688505268 3.0849191717206086 3.0867736745906935 3.0886281774607753 3.090482680330857 3.092337183200939 3.0941916860710212 3.096046188941103 3.097900691811185
3.054519233660729 3.055322395050655 3.056125556440582 3.056928717830508 3.0577318792204347 3.058535040610361 3.059338202000287 3.0601413633902137 3.06094452478014 3.0617476861700665 3.0625508475599927 3.0633540089499203 3.064157170339847 3.064960331729773 3.0657634931196998 3.066566654509626 3.067369815899552 3.068172977289479 3.068976138679405 3.0697793000693316 3.070582461459258 3.071385622849184 3.0721887842391107 3.072991945629037 3.073795107018965 3.074598268408891 3.0754014297988173 3.076204591188744 3.07700775257867 3.0778109139685963 3.079137113990163 3.0810224541408537 3.082907794291545 3.0847931344422364 3.0866784745929277 3.088563814743619 3.0904491548943103 3.0923344950450047 3.0942198351956955 3.096105175346387 3.097990515497078 3.0998758556477695 3.1017611957984608 3.103646535949152
3.0565955534510327 3.0575089486282536 3.0584223438054745 3.0593357389826954 3.0602491341599163 3.0611625293371367 3.0620759245143576 3.0629893196915785 3.0639027148687994 3.06481611004602 3.0657295052232407 3.0666429004004634 3.067556295577684 3.0684696907549047 3.0693830859321256 3.0702964811093465 3.0712098762865674 3.072123271463788 3.0730366666410087 3.0739500618182296 3.0748634569954505 3.0757768521726714 3.076690247349892 3.0776036425271127 3.078517037704335 3.079430432881556 3.0803438280587767 3.0812572232359976 3.0821706184132185 3.083084013590439 3.084482073480203 3.086398250911504 3.0883144283428043 3.090230605774105 3.0921467832054055 3.0940629606367063 3.0959791380680066 3.0978953154993105 3.099811492930611 3.1017276703619117 3.103643847793212 3.105560025224513 3.107476202655813 3.109392380087114
3.0586718732413365 3.0596955022058516 3.0607191311703668 3.061742760134882 3.0627663890993975 3.0637900180639126 3.0648136470284277 3.065837275992943 3.0668609049574584 3.0678845339219736 3.0689081628864887 3.0699317918510056 3.0709554208155208 3.0719790497800363 3.0730026787445515 3.0740263077090666 3.0750499366735817 3.0760735656380973 3.0770971946026124 3.0781208235671276 3.0791444525316427 3.080168081496158 3.0811917104606734 3.0822153394251885 3.0832389683897055 3.0842625973542206 3.085286226318736 3.0863098552832513 3.0873334842477664 3.0883571132122816 3.0898270329702435 3.091774047682154 3.0937210623940636 3.0956680771059735 3.0976150918178833 3.099562106529793 3.101509121241703 3.1034561359536164 3.105403150665526 3.1073501653774365 3.1092971800893463 3.111244194801256 3.113191209513166 3.115138224225076
3.0607481930316403 3.06188205578345 3.0630159185352595 3.0641497812870693 3.0652836440388787 3.0664175067906885 3.0675513695424983 3.0686852322943077 3.0698190950461175 3.0709529577979273 3.0720868205497367 3.0732206833015483 3.074354546053358 3.075488408805168 3.0766222715569773 3.077756134308787 3.0788899970605965 3.0800238598124063 3.081157722564216 3.0822915853160255 3.0834254480678354 3.084559310819645 3.0856931735714546 3.0868270363232644 3.087960899075076 3.089094761826886 3.090228624578695 3.091362487330505 3.0924963500823144 3.093630212834124 3.0951719924602843 3.0971498444528036 3.0991276964453225 3.101105548437842 3.103083400430361 3.1050612524228804 3.1070391044153998 3.109016956407922 3.1109948084004415 3.112972660392961 3.11495051238548 3.1169283643779995 3.1189062163705183 3.1208840683630377
3.0628245128219436 3.0640686093610476 3.0653127059001517 3.0665568024392558 3.0678008989783603 3.0690449955174643 3.0702890920565684 3.0715331885956725 3.0727772851347765 3.0740213816738806 3.0752654782129847 3.076509574752091 3.077753671291195 3.078997767830299 3.080241864369403 3.0814859609085072 3.0827300574476113 3.0839741539867154 3.0852182505258194 3.0864623470649235 3.0877064436040276 3.088950540143132 3.090194636682236 3.09143873322134 3.0926828297604465 3.0939269262995506 3.0951710228386546 3.0964151193777587 3.0976592159168628 3.098903312455967 3.1005169519503246 3.1025256412234534 3.104534330496582 3.1065430197697106 3.108551709042839 3.1105603983159678 3.112569087589096 3.114577776862228 3.116586466135357 3.118595155408485 3.120603844681614 3.122612533954743 3.124621223227871 3.126629912501
3.0649008326122478 3.066255162938646 3.0676094932650444 3.068963823591443 3.0703181539178415 3.07167248424424 3.0730268145706385 3.0743811448970373 3.0757354752234356 3.0770898055498344 3.0784441358762327 3.0797984662026336 3.081152796529032 3.0825071268554307 3.083861457181829 3.085215787508228 3.086570117834626 3.087924448161025 3.089278778487423 3.090633108813822 3.0919874391402202 3.093341769466619 3.0946960997930173 3.096050430119416 3.0974047604458166 3.0987590907722153 3.1001134210986137 3.1014677514250124 3.1028220817514107 3.1041764120778095 3.1058619114403654 3.1079014379941032 3.109940964547841 3.111980491101579 3.1140200176553168 3.116059544209055 3.118099070762793 3.1201385973165343 3.122178123870272 3.12421765042401 3.126257176977748 3.1282967035314857 3.130336230085224 3.132375756638962
3.066977152402553 3.068441716516246 3.069906280629939 3.071370844743632 3.072835408857325 3.074299972971018 3.0757645370847113 3.0772291011984043 3.0786936653120973 3.0801582294257903 3.0816227935394833 3.083087357653179 3.084551921766872 3.086016485880565 3.087481049994258 3.088945614107951 3.090410178221644 3.0918747423353374 3.0933393064490304 3.0948038705627234 3.0962684346764164 3.0977329987901094 3.0991975629038024 3.1006621270174954 3.102126691131191 3.103591255244884 3.105055819358577 3.10652038347227 3.107984947585963 3.1094495116996566 3.11120687093041 3.1132772347647575 3.115347598599105 3.117417962433452 3.1194883262677995 3.121558690102147 3.123629053936494 3.1256994177708446 3.127769781605192 3.1298401454395393 3.1319105092738866 3.133980873108234 3.1360512369425813 3.1381216007769286
3.0690534721928566 3.0706282700938443 3.0722030679948316 3.0737778658958193 3.0753526637968065 3.076927461697794 3.0785022595987814 3.080077057499769 3.0816518554007564 3.083226653301744 3.0848014512027313 3.0863762491037217 3.087951047004709 3.0895258449056966 3.0911006428066843 3.0926754407076715 3.094250238608659 3.0958250365096465 3.097399834410634 3.0989746323116214 3.100549430212609 3.1021242281135963 3.103699026014584 3.1052738239155713 3.1068486218165616 3.108423419717549 3.1099982176185366 3.111573015519524 3.1131478134205115 3.1147226113214987 3.1165518304204505 3.1186530315354073 3.120754232650364 3.1228554337653205 3.1249566348802773 3.1270578359952337 3.1291590371101905 3.131260238225151 3.1333614393401072 3.135462640455064 3.137563841570021 3.1396650426849773 3.141766243799934 3.1438674449148905
3.0711297919831604 3.0728148236714423 3.0744998553597243 3.076184887048006 3.077869918736288 3.07955495042457 3.081239982112852 3.082925013801134 3.084610045489416 3.086295077177698 3.0879801088659797 3.0896651405542643 3.0913501722425463 3.093035203930828 3.09472023561911 3.096405267307392 3.098090298995674 3.099775330683956 3.101460362372238 3.10314539406052 3.1048304257488017 3.1065154574370837 3.1082004891253656 3.1098855208136476 3.111570552501932 3.113255584190214 3.114940615878496 3.116625647566778 3.11831067925506 3.119995710943342 3.1218967899104917 3.1240288283060575 3.1261608667016234 3.1282929050971893 3.1304249434927556 3.1325569818883214 3.1346890202838873 3.136821058679457 3.138953097075023 3.141085135470589 3.1432171738661547 3.1453492122617206 3.147481250657287 3.1496132890528528
3.073206111773464 3.0750013772490403 3.076796642724617 3.078591908200193 3.0803871736757693 3.082182439151346 3.083977704626922 3.0857729701024987 3.087568235578075 3.089363501053651 3.0911587665292277 3.092954032004807 3.094749297480383 3.09654456295596 3.098339828431536 3.1001350939071126 3.101930359382689 3.103725624858265 3.1055208903338416 3.107316155809418 3.1091114212849944 3.1109066867605706 3.1127019522361468 3.1144972177117234 3.1162924831873027 3.1180877486628793 3.1198830141384555 3.1216782796140317 3.1234735450896083 3.1252688105651845 3.127241749400532 3.1294046250767074 3.1315675007528827 3.133730376429058 3.1358932521052334 3.1380561277814087 3.140219003457584 3.142381879133763 3.1445447548099383 3.1467076304861137 3.148870506162289 3.151033381838464 3.1531962575146393 3.1553591331908146
3.075282431563768 3.0771879308266388 3.0790934300895096 3.08099892935238 3.082904428615251 3.084809927878122 3.0867154271409927 3.0886209264038635 3.090526425666734 3.092431924929605 3.0943374241924757 3.0962429234553497 3.0981484227182206 3.1000539219810914 3.1019594212439623 3.1038649205068327 3.1057704197697036 3.1076759190325745 3.1095814182954453 3.111486917558316 3.1133924168211866 3.1152979160840575 3.1172034153469284 3.119108914609799 3.121014413872673 3.122919913135544 3.124825412398415 3.1267309116612854 3.1286364109241562 3.130541910187027 3.132586708890573 3.134780421847357 3.136974134804142 3.1391678477609264 3.141361560717711 3.1435552736744956 3.1457489866312804 3.147942699588069 3.1501364125448537 3.152330125501638 3.154523838458423 3.1567175514152073 3.158911264371992 3.161104977328777
3.077358751354071 3.079374484404237 3.081390217454402 3.083405950504567 3.085421683554732 3.0874374166048977 3.089453149655063 3.091468882705228 3.093484615755393 3.0955003488055586 3.0975160818557237 3.0995318149058924 3.1015475479560575 3.1035632810062226 3.1055790140563877 3.1075947471065533 3.1096104801567184 3.1116262132068835 3.1136419462570486 3.115657679307214 3.1176734123573793 3.1196891454075444 3.1217048784577095 3.123720611507875 3.1257363445580437 3.127752077608209 3.129767810658374 3.131783543708539 3.1337992767587046 3.1358150098088697 3.137931668380613 3.140156218618007 3.142380768855401 3.144605319092795 3.146829869330189 3.149054419567583 3.1512789698049772 3.1535035200423747 3.155728070279769 3.157952620517163 3.1601771707545567 3.1624017209919506 3.164626271229345 3.166850821466739
3.0794350711443754 3.081561037981835 3.0836870048192946 3.0858129716567544 3.0879389384942137 3.0900649053316736 3.092190872169133 3.0943168390065927 3.0964428058440525 3.098568772681512 3.1006947395189717 3.102820706356435 3.104946673193895 3.107072640031354 3.109198606868814 3.1113245737062734 3.113450540543733 3.115576507381193 3.1177024742186523 3.119828441056112 3.121954407893572 3.1240803747310313 3.126206341568491 3.128332308405951 3.130458275243414 3.1325842420808736 3.1347102089183334 3.1368361757557928 3.1389621425932526 3.1410881094307124 3.1432766278706534 3.145532015388657 3.14778740290666 3.1500427904246635 3.152298177942667 3.1545535654606702 3.1568089529786736 3.159064340496681 3.1613197280146843 3.1635751155326877 3.1658305030506906 3.168085890568694 3.1703412780866973 3.1725966656047007
3.0829052877343983 3.0850666644719316 3.0872280412094644 3.0893894179469976 3.0915507946845304 3.0937121714220637 3.095873548159597 3.0980349248971297 3.100196301634663 3.102357678372196 3.104519055109729 3.106680431847266 3.1088418085847986 3.111003185322332 3.1131645620598647 3.115325938797398 3.117487315534931 3.119648692272464 3.1218100690099972 3.12397144574753 3.1261328224850633 3.1282941992225965 3.1304555759601294 3.1326169526976626 3.1347783294351994 3.136939706172732 3.1391010829102655 3.1412624596477983 3.1434238363853315 3.1455852131228643 3.1477888871841535 3.1500377780413653 3.152286668898577 3.154535559755789 3.1567844506130007 3.1590333414702125 3.1612822323274243 3.16353112318464 3.165780014041852 3.1680289048990637 3.1702777957562756 3.1725266866134874 3.174775577470699 3.177024468327911
3.087865492127737 3.089982296747034 3.092099101366331 3.0942159059856285 3.0963327106049254 3.0984495152242224 3.10056631984352 3.102683124462817 3.104799929082114 3.106916733701411 3.109033538320708 3.111150342940009 3.113267147559306 3.1153839521786035 3.1175007567979005 3.1196175614171975 3.121734366036495 3.123851170655792 3.125967975275089 3.1280847798943863 3.1302015845136832 3.1323183891329807 3.1344351937522776 3.1365519983715746 3.1386688029908756 3.1407856076101726 3.14290241222947 3.145019216848767 3.147136021468064 3.1492528260873613 3.1514110425049267 3.153613529071637 3.1558160156383472 3.1580185022050578 3.160220988771768 3.162423475338478 3.1646259619051884 3.1668284484719025 3.1690309350386126 3.171233421605323 3.173435908172033 3.175638394738743 3.1778408813054537 3.180043367872164
