Figures/CREST_Example_wjb_NSE/PETs/wjb.pet.20091011.asc
ncols            288
nrows            254
xllcorner        113.274861
yllcorner        31.4918055
cellsize         0.008333333333
NODATA_value     -9999
[rows 40 to 59 of 254, columns 132 to 175 of 288]
0.5423347457996675 0.541072509065044 0.5398102723304207 0.5385480355957973 0.5372857988611739 0.5360235621265506 0.5347613253919272 0.5334990886573038 0.5322368519226804 0.5309746151880571 0.5297123784534338 -9999.0 -9999.0 -9999.0 -9999.0 -9999.0 -9999.0 -9999.0 -9999.0 -9999.0 -9999.0 -9999.0 -9999.0 -9999.0 -9999.0 -9999.0 -9999.0 -9999.0 -9999.0 -9999.0 -9999.0 -9999.0 -9999.0 -9999.0 -9999.0 -9999.0 -9999.0 -9999.0 -9999.0 -9999.0 -9999.0 -9999.0 -9999.0 -9999.0
0.5486573220603185 0.5472900925025987 0.5459228629448789 0.5445556333871592 0.5431884038294393 0.5418211742717196 0.5404539447139998 0.53908671515628 0.5377194855985602 0.5363522560408405 0.5349850264831206 0.5336177969253986 -9999.0 -9999.0 -9999.0 0.5281488786945194 0.5267816491367996 -9999.0 -9999.0 -9999.0 -9999.0 -9999.0 -9999.0 -9999.0 -9999.0 -9999.0 -9999.0 -9999.0 -9999.0 -9999.0 -9999.0 -9999.0 -9999.0 -9999.0 -9999.0 -9999.0 -9999.0 -9999.0 -9999.0 -9999.0 -9999.0 -9999.0 -9999.0 -9999.0
0.5549798983209695 0.5535076759401533 0.5520354535593371 0.5505632311785209 0.5490910087977047 0.5476187864168885 0.5461465640360723 0.5446743416552561 0.5432021192744398 0.5417298968936237 0.5402576745128075 0.5387854521319888 0.5373132297511726 0.5358410073703563 0.5343687849895402 0.532896562608724 0.5314243402279077 -9999.0 -9999.0 0.5270076730854591 0.525535450704643 0.5240632283238268 0.5225910059430106 -9999.0 -9999.0 -9999.0 -9999.0 -9999.0 -9999.0 -9999.0 -9999.0 -9999.0 -9999.0 -9999.0 -9999.0 -9999.0 -9999.0 -9999.0 -9999.0 -9999.0 -9999.0 -9999.0 -9999.0 -9999.0
0.5613024745816206 0.559725259377708 0.5581480441737954 0.5565708289698827 0.5549936137659701 0.5534163985620575 0.5518391833581449 0.5502619681542322 0.5486847529503197 0.5471075377464071 0.5455303225424945 0.5439531073385792 0.5423758921346665 0.5407986769307539 0.5392214617268413 0.5376442465229286 0.536067031319016 0.5344898161151034 0.5329126009111907 0.5313353857072781 0.5297581705033655 0.5281809552994529 0.5266037400955403 0.5250265248916277 -9999.0 -9999.0 -9999.0 -9999.0 -9999.0 -9999.0 -9999.0 -9999.0 -9999.0 -9999.0 -9999.0 -9999.0 -9999.0 -9999.0 -9999.0 -9999.0 -9999.0 -9999.0 -9999.0 -9999.0
0.5676250508422717 0.5659428428152626 0.5642606347882535 0.5625784267612445 0.5608962187342355 0.5592140107072264 0.5575318026802174 0.5558495946532084 0.5541673866261994 0.5524851785991903 0.5508029705721813 0.5491207625451694 0.5474385545181604 0.5457563464911513 0.5440741384641422 0.5423919304371332 0.5407097224101242 0.5390275143831151 0.5373453063561061 0.5356630983290971 0.5339808903020881 0.532298682275079 0.53061647424807 0.528934266221061 0.5272520581940491 -9999.0 -9999.0 -9999.0 -9999.0 -9999.0 -9999.0 -9999.0 -9999.0 -9999.0 -9999.0 -9999.0 -9999.0 -9999.0 -9999.0 -9999.0 -9999.0 -9999.0 -9999.0 -9999.0
0.5739476271029227 0.5721604262528173 0.5703732254027118 0.5685860245526063 0.5667988237025009 0.5650116228523955 0.5632244220022901 0.5614372211521845 0.5596500203020791 0.5578628194519737 0.5560756186018682 0.5542884177517597 0.5525012169016542 0.5507140160515488 0.5489268152014434 0.5471396143513378 0.5453524135012324 0.543565212651127 0.5417780118010215 0.5399908109509161 0.5382036101008106 0.5364164092507051 0.5346292084005997 0.5328420075504943 0.5310548067003857 -9999.0 0.5274804050001748 0.5256932041500694 0.523906003299964 -9999.0 -9999.0 -9999.0 -9999.0 -9999.0 -9999.0 -9999.0 -9999.0 -9999.0 -9999.0 -9999.0 -9999.0 -9999.0 -9999.0 -9999.0
0.5802702033635792 0.5783780096903771 0.5764858160171752 0.5745936223439733 0.5727014286707713 0.5708092349975693 0.5689170413243674 0.5670248476511655 0.5651326539779634 0.5632404603047615 0.5613482666315596 0.5594560729583544 0.5575638792851524 0.5556716856119505 0.5537794919387485 0.5518872982655465 0.5499951045923446 0.5481029109191426 0.5462107172459406 0.5443185235727387 0.5424263298995368 0.5405341362263348 0.5386419425531328 0.5367497488799309 0.5348575552067257 0.5329653615335237 0.5310731678603218 0.5291809741871198 0.5272887805139179 -9999.0 -9999.0 -9999.0 -9999.0 -9999.0 -9999.0 -9999.0 -9999.0 -9999.0 -9999.0 -9999.0 -9999.0 -9999.0 -9999.0 -9999.0
0.5865927796242303 0.5845955931279319 0.5825984066316335 0.5806012201353351 0.5786040336390368 0.5766068471427384 0.57460966064644 0.5726124741501416 0.5706152876538433 0.5686181011575449 0.5666209146612465 0.5646237281649448 0.5626265416686463 0.560629355172348 0.5586321686760496 0.5566349821797513 0.5546377956834528 0.5526406091871545 0.5506434226908561 0.5486462361945578 0.5466490496982593 0.544651863201961 0.5426546767056626 0.5406574902093643 0.5386603037130625 0.5366631172167641 0.5346659307204658 0.5326687442241673 -9999.0 -9999.0 -9999.0 -9999.0 -9999.0 -9999.0 -9999.0 -9999.0 -9999.0 -9999.0 -9999.0 -9999.0 -9999.0 -9999.0 -9999.0 -9999.0
0.5929153558848812 0.5908131765654865 0.5887109972460917 0.5866088179266968 0.5845066386073021 0.5824044592879073 0.5803022799685125 0.5782001006491178 0.5760979213297229 0.5739957420103281 0.5718935626909334 0.569791383371535 0.5676892040521402 0.5655870247327455 0.5634848454133506 0.5613826660939558 0.5592804867745611 0.5571783074551663 0.5550761281357715 0.5529739488163767 0.5508717694969819 0.5487695901775871 0.5466674108581924 0.5445652315387975 0.5424630522193992 0.5403608729000043 0.5382586935806096 0.5361565142612148 0.53405433494182 0.5319521556224253 0.5309438204516268 -9999.0 -9999.0 -9999.0 -9999.0 -9999.0 -9999.0 -9999.0 -9999.0 -9999.0 -9999.0 -9999.0 -9999.0 -9999.0
0.5992379321455323 0.5970307600030411 0.5948235878605499 0.5926164157180587 0.5904092435755676 0.5882020714330763 0.5859948992905851 0.5837877271480939 0.5815805550056027 0.5793733828631115 0.5771662107206202 0.5749590385781254 0.5727518664356341 0.5705446942931429 0.5683375221506517 0.5661303500081605 0.5639231778656693 0.561716005723178 0.5595088335806868 0.5573016614381957 0.5550944892957045 0.5528873171532133 0.550680145010722 0.5484729728682308 0.5462658007257358 0.5440586285832447 0.5418514564407535 0.5396442842982623 0.5374371121557711 0.5352299400132798 0.5341536119171361 0.5342861816878908 0.5344187514586456 0.5345513212294003 -9999.0 -9999.0 -9999.0 -9999.0 -9999.0 -9999.0 -9999.0 -9999.0 -9999.0 -9999.0
0.6055605084061834 0.6032483434405957 0.6009361784750081 0.5986240135094205 0.5963118485438329 0.5939996835782453 0.5916875186126577 0.58937535364707 0.5870631886814823 0.5847510237158947 0.5824388587503071 0.5801266937847156 0.577814528819128 0.5755023638535404 0.5731901988879528 0.5708780339223651 0.5685658689567774 0.5662537039911899 0.5639415390256022 0.5616293740600146 0.559317209094427 0.5570050441288393 0.5546928791632517 0.5523807141976641 0.5500685492320726 0.547756384266485 0.5454442193008973 0.5431320543353098 0.540819889369722 0.5385077244041344 0.5373634033826452 0.5374675339557423 0.5375716645288395 0.5376757951019367 0.5377799256750339 0.5378840562481311 0.5379881868212282 -9999.0 -9999.0 -9999.0 -9999.0 -9999.0 -9999.0 -9999.0
0.6118830846668345 0.6094659268781504 0.6070487690894664 0.6046316113007824 0.6022144535120983 0.5997972957234142 0.5973801379347302 0.5949629801460462 0.5925458223573621 0.5901286645686781 0.5877115067799941 0.585294348991306 0.5828771912026218 0.5804600334139378 0.5780428756252538 0.5756257178365698 0.5732085600478857 0.5707914022592017 0.5683742444705177 0.5659570866818335 0.5635399288931495 0.5611227711044655 0.5587056133157815 0.5562884555270974 0.5538712977384093 0.5514541399497253 0.5490369821610412 0.5466198243723571 0.5442026665836731 0.5417855087949891 0.5405731948481544 0.540648886223594 0.5407245775990336 0.5408002689744731 0.5408759603499127 0.5409516517253523 0.5410273431007919 0.5411030344762316 -9999.0 -9999.0 -9999.0 -9999.0 -9999.0 -9999.0
0.6182056609274854 0.615683510315705 0.6131613597039245 0.6106392090921441 0.6081170584803637 0.6055949078685832 0.6030727572568028 0.6005506066450222 0.5980284560332418 0.5955063054214613 0.5929841548096809 0.5904620041978962 0.5879398535861157 0.5854177029743353 0.5828955523625547 0.5803734017507743 0.5778512511389939 0.5753291005272134 0.572806949915433 0.5702847993036525 0.5677626486918721 0.5652404980800916 0.5627183474683112 0.5601961968565307 0.5576740462447459 0.5551518956329655 0.552629745021185 0.5501075944094046 0.5475854437976241 0.5450632931858437 0.5437829863136635 0.5438302384914455 0.5438774906692275 0.5439247428470095 0.5439719950247915 0.5440192472025736 0.5440664993803556 0.5441137515581376 0.5441610037359196 0.5442082559137016 0.5442555080914836 -9999.0 -9999.0 -9999.0
0.624528237188142 0.621901093753265 0.6192739503183881 0.616646806883511 0.6140196634486341 0.6113925200137571 0.6087653765788802 0.6061382331440033 0.6035110897091263 0.6008839462742493 0.5982568028393723 0.5956296594044909 0.593002515969614 0.5903753725347369 0.58774822909986 0.5851210856649831 0.5824939422301061 0.5798667987952292 0.5772396553603522 0.5746125119254752 0.5719853684905982 0.5693582250557213 0.5667310816208443 0.5641039381859674 0.5614767947510859 0.5588496513162089 0.556222507881332 0.5535953644464551 0.550968221011578 0.5483410775767011 0.5469927777791755 0.5470115907592998 0.5470304037394242 0.5470492167195486 0.547068029699673 0.5470868426797975 0.5471056556599218 0.5471244686400462 0.5471432816201706 0.547162094600295 0.5471809075804194 -9999.0 -9999.0 -9999.0
0.630850813448793 0.6281186771908196 0.6253865409328462 0.6226544046748729 0.6199222684168995 0.617190132158926 0.6144579959009527 0.6117258596429793 0.6089937233850059 0.6062615871270326 0.6035294508690592 0.6007973146110812 0.5980651783531078 0.5953330420951344 0.5926009058371611 0.5898687695791877 0.5871366333212142 0.5844044970632409 0.5816723608052675 0.5789402245472941 0.5762080882893208 0.5734759520313474 0.570743815773374 0.5680116795154007 0.5652795432574226 0.5625474069994492 0.5598152707414759 0.5570831344835024 0.5543509982255291 0.5516188619675557 0.5502025692446847 0.5501929430271515 0.5501833168096183 0.5501736905920851 0.5501640643745518 0.5501544381570186 0.5501448119394854 0.5501351857219522 0.550125559504419 0.5501159332868858 0.5501063070693526 0.5500966808518194 -9999.0 -9999.0
0.637173389709444 0.6343362606283742 0.6314991315473045 0.6286620024662347 0.6258248733851649 0.6229877443040951 0.6201506152230253 0.6173134861419555 0.6144763570608857 0.611639227979816 0.6088020988987461 0.6059649698176715 0.6031278407366016 0.6002907116555319 0.5974535825744621 0.5946164534933923 0.5917793244123225 0.5889421953312527 0.5861050662501829 0.5832679371691131 0.5804308080880434 0.5775936790069736 0.5747565499259037 0.5719194208448339 0.5690822917637592 0.5662451626826895 0.5634080336016197 0.5605709045205499 0.5577337754394801 0.5548966463584103 0.5534123607101938 0.553374295295003 0.5533362298798122 0.5532981644646214 0.5532600990494306 0.5532220336342398 0.553183968219049 0.5531459028038582 0.5531078373886674 0.5530697719734766 0.5530317065582858 0.552993641143095 0.5529555757279042 -9999.0
0.6434959659700951 0.6405538440659289 0.6376117221617627 0.6346696002575964 0.6317274783534302 0.628785356449264 0.6258432345450978 0.6229011126409316 0.6199589907367654 0.6170168688325992 0.614074746928433 0.6111326250242618 0.6081905031200956 0.6052483812159294 0.6023062593117632 0.599364137407597 0.5964220155034308 0.5934798935992646 0.5905377716950984 0.5875956497909322 0.584653527886766 0.5817114059825997 0.5787692840784335 0.5758271621742673 0.5728850402700961 0.5699429183659299 0.5670007964617636 0.5640586745575975 0.5611165526534312 0.5581744307492651 0.5566221521757032 0.5565556475628548 0.5564891429500064 0.556422638337158 0.5563561337243096 0.5562896291114612 0.5562231244986128 0.5561566198857643 0.5560901152729159 0.5560236106600676 0.5559571060472192 0.5558906014343707 0.5558240968215223 0.5557575922086739
0.6498185422307462 0.6467714275034836 0.6437243127762209 0.6406771980489583 0.6376300833216957 0.6345829685944331 0.6315358538671705 0.6284887391399078 0.6254416244126452 0.6223945096853826 0.61934739495812 0.6163002802308521 0.6132531655035894 0.6102060507763268 0.6071589360490642 0.6041118213218016 0.6010647065945389 0.5980175918672763 0.5949704771400137 0.5919233624127511 0.5888762476854885 0.5858291329582258 0.5827820182309632 0.5797349035037006 0.5766877887764328 0.5736406740491702 0.5705935593219076 0.5675464445946449 0.5644993298673823 0.5614522151401197 0.5598319436412124 0.5597369998307063 0.5596420560202003 0.5595471122096944 0.5594521683991884 0.5593572245886824 0.5592622807781764 0.5591673369676703 0.5590723931571643 0.5589774493466584 0.5588825055361524 0.5587875617256464 0.5586926179151404 0.5585976741046345
0.6553978912311553 0.6522882755436067 0.6491786598560582 0.6460690441685095 0.6429594284809609 0.6398498127934122 0.6367401971058636 0.633630581418315 0.6305209657307663 0.6274113500432177 0.624301734355669 0.6211921186681151 0.6180825029805666 0.6149728872930179 0.6118632716054693 0.6087536559179206 0.605644040230372 0.6025344245428234 0.5994248088552747 0.5963151931677261 0.5932055774801774 0.5900959617926288 0.5869863461050802 0.5838767304175315 0.5807671147299777 0.577657499042429 0.5745478833548804 0.5714382676673317 0.5683286519797831 0.5652190362922345 0.56354566232826 0.5634076632566835 0.5632696641851069 0.5631316651135305 0.562993666041954 0.5628556669703775 0.562717667898801 0.5625796688272243 0.5624416697556478 0.5623036706840713 0.5621656716124948 0.5620276725409183 0.5618896734693418 0.5617516743977653
0.6601827771533573 0.6570560816276116 0.6539293861018659 0.6508026905761203 0.6476759950503745 0.6445492995246289 0.6414226039988832 0.6382959084731376 0.6351692129473919 0.6320425174216462 0.6289158218959006 0.6257891263701495 0.6226624308444039 0.6195357353186581 0.6164090397929125 0.6132823442671669 0.6101556487414211 0.6070289532156755 0.6039022576899298 0.6007755621641842 0.5976488666384385 0.5945221711126928 0.5913954755869472 0.5882687800612014 0.5851420845354505 0.5820153890097047 0.5788886934839591 0.5757619979582135 0.5726353024324677 0.5695086069067221 0.5677980474408241 0.5676013694579807 0.5674046914751373 0.567208013492294 0.5670113355094506 0.5668146575266072 0.5666179795437639 0.5664213015609202 0.5662246235780768 0.5660279455952335 0.5658312676123901 0.5656345896295468 0.5654379116467034 0.56524123366386
