Figures/CREST_Example_wjb_NSE/PETs/wjb.pet.20090504.asc
ncols            288
nrows            254
xllcorner        113.274861
yllcorner        31.4918055
cellsize         0.008333333333
NODATA_value     -9999
[rows 160 to 179 of 254, columns 44 to 87 of 288]
3.3030379778831214 3.3030440099116025 3.3030500419400837 3.303056073968565 3.3030621059970464 3.3030681380255276 3.3030741700540087 3.30308020208249 3.303086234110971 3.3030922661394526 3.3030982981679338 3.303104330196415 3.303110362224896 3.303116394253377 3.303122426281859 3.30312845831034 3.303134490338821 3.3031405223673023 3.3031465543957834 3.3031525864242646 3.303158618452746 3.3031646504812273 3.3031706825097085 3.3031767145381896 3.3031827465666708 3.3031887785951524 3.3031948106236335 3.3032008426521147 3.3020706023651654 3.2997256612863826 3.2973807202075998 3.295035779128817 3.292690838050034 3.2903458969712513 3.2880009558924645 3.2856560148136817 3.2833110737348985 3.2809661326561157 3.278621191577333 3.27627625049855 3.2739313094197673 3.2715863683409845 3.2692414272622017 3.266896486183419
3.3054964832611886 3.3055077486831532 3.3055190141051174 3.305530279527082 3.305541544949046 3.3055528103710103 3.305564075792975 3.305575341214939 3.3055866066369037 3.305597872058868 3.3056091374808325 3.3056204029027967 3.3056316683247613 3.3056429337467255 3.3056541991686896 3.3056654645906542 3.3056767300126184 3.305687995434583 3.305699260856547 3.305710526278512 3.305721791700476 3.3057330571224406 3.3057443225444048 3.3057555879663694 3.3057668533883335 3.3057781188102977 3.3057893842322623 3.3058006496542265 3.3045689922682424 3.3020086223029765 3.29944825233771 3.2968878823724443 3.294327512407178 3.2917671424419117 3.2892067724766414 3.286646402511375 3.284086032546109 3.281525662580843 3.2789652926155766 3.2764049226503107 3.2738445526850444 3.271284182719778 3.268723812754512 3.266163442789246
3.307954988639256 3.3079714874547035 3.307987986270151 3.3080044850855983 3.308020983901046 3.3080374827164936 3.3080539815319407 3.3080704803473884 3.308086979162836 3.3081034779782836 3.308119976793731 3.3081364756091785 3.308152974424626 3.3081694732400733 3.308185972055521 3.3082024708709685 3.3082189696864157 3.3082354685018633 3.308251967317311 3.308268466132758 3.308284964948206 3.3083014637636534 3.3083179625791006 3.3083344613945482 3.308350960209996 3.308367459025443 3.3083839578408907 3.3084004566563383 3.3070673821713195 3.30429158331957 3.3015157844678207 3.2987399856160713 3.2959641867643215 3.293188387912572 3.290412589060818 3.2876367902090684 3.284860991357319 3.2820851925055696 3.2793093936538202 3.2765335948020704 3.273757795950321 3.2709819970985716 3.2682061982468222 3.265430399395073
3.3104134940173258 3.3104352262262564 3.310456958435187 3.3104786906441173 3.310500422853048 3.3105221550619786 3.310543887270909 3.31056561947984 3.3105873516887705 3.310609083897701 3.310630816106632 3.3106525483155624 3.310674280524493 3.3106960127334237 3.3107177449423544 3.310739477151285 3.3107612093602157 3.3107829415691463 3.310804673778077 3.3108264059870076 3.310848138195938 3.3108698704048685 3.310891602613799 3.3109133348227298 3.3109350670316604 3.310956799240591 3.3109785314495217 3.3110002636584523 3.309565772074399 3.306574544336166 3.303583316597933 3.3005920888597 3.297600861121467 3.294609633383234 3.291618405644996 3.288627177906763 3.2856359501685297 3.282644722430297 3.279653494692064 3.276662266953831 3.2736710392155977 3.2706798114773648 3.267688583739132 3.264697356000899
3.3128719993953935 3.312898964997807 3.312925930600221 3.3129528962026344 3.312979861805048 3.3130068274074618 3.313033793009876 3.3130607586122895 3.313087724214703 3.313114689817117 3.3131416554195305 3.313168621021944 3.313195586624358 3.313222552226772 3.3132495178291856 3.3132764834315993 3.313303449034013 3.3133304146364266 3.3133573802388403 3.313384345841254 3.3134113114436676 3.3134382770460817 3.3134652426484954 3.313492208250909 3.3135191738533227 3.3135461394557364 3.31357310505815 3.3136000706605637 3.3120641619774758 3.30885750535276 3.3056508487280434 3.302444192103327 3.2992375354786105 3.296030878853894 3.2928242222291724 3.289617565604456 3.28641090897974 3.2832042523550236 3.279997595730307 3.2767909391055907 3.2735842824808747 3.2703776258561583 3.267170969231442 3.2639643126067255
3.3153305047734607 3.3153627037693574 3.3153949027652545 3.315427101761151 3.3154593007570483 3.315491499752945 3.3155236987488417 3.315555897744739 3.3155880967406355 3.3156202957365326 3.3156524947324293 3.315684693728326 3.315716892724223 3.31574909172012 3.315781290716017 3.3158134897119136 3.3158456887078103 3.3158778877037074 3.315910086699604 3.315942285695501 3.315974484691398 3.316006683687295 3.3160388826831917 3.3160710816790884 3.3161032806749855 3.316135479670882 3.316167678666779 3.316199877662676 3.3145625518805533 3.3111404663693538 3.307718380858154 3.3042962953469543 3.3008742098357544 3.297452124324555 3.294030038813349 3.2906079533021497 3.2871858677909502 3.2837637822797503 3.280341696768551 3.276919611257351 3.2734975257461514 3.2700754402349514 3.266653354723752 3.2632312692125525
3.317789010151528 3.317826442540908 3.3178638749302882 3.317901307319668 3.317938739709048 3.3179761720984278 3.318013604487808 3.318051036877188 3.3180884692665678 3.318125901655948 3.318163334045328 3.3182007664347077 3.318238198824088 3.3182756312134676 3.3183130636028477 3.318350495992228 3.3183879283816076 3.3184253607709877 3.318462793160368 3.3185002255497476 3.3185376579391277 3.318575090328508 3.3186125227178875 3.3186499551072677 3.3186873874966474 3.3187248198860275 3.3187622522754077 3.3187996846647874 3.3170609417836303 3.3134234273859473 3.3097859129882643 3.3061483985905813 3.3025108841928983 3.2988733697952153 3.295235855397526 3.291598340999843 3.28796082660216 3.284323312204477 3.280685797806794 3.277048283409111 3.273410769011428 3.269773254613745 3.266135740216062 3.262498225818379
3.3202475155295956 3.3202901813124583 3.3203328470953215 3.3203755128781847 3.320418178661048 3.320460844443911 3.320503510226774 3.3205461760096373 3.3205888417925005 3.3206315075753636 3.320674173358227 3.3207168391410895 3.3207595049239527 3.320802170706816 3.320844836489679 3.320887502272542 3.3209301680554053 3.3209728338382685 3.3210154996211316 3.3210581654039943 3.3211008311868575 3.3211434969697207 3.321186162752584 3.321228828535447 3.32127149431831 3.3213141601011733 3.3213568258840365 3.3213994916668996 3.3195593316867074 3.3157063884025413 3.3118534451183748 3.3080005018342087 3.304147558550042 3.3002946152658756 3.296441671981703 3.292588728697537 3.2887357854133703 3.284882842129204 3.2810298988450377 3.277176955560871 3.273324012276705 3.2694710689925386 3.265618125708372 3.261765182424206
3.322706020907663 3.322753920084009 3.3228018192603552 3.3228497184367014 3.3228976176130476 3.3229455167893938 3.32299341596574 3.323041315142086 3.3230892143184327 3.323137113494779 3.323185012671125 3.3232329118474713 3.3232808110238174 3.3233287102001636 3.32337660937651 3.3234245085528564 3.3234724077292026 3.323520306905549 3.323568206081895 3.323616105258241 3.3236640044345873 3.3237119036109335 3.3237598027872797 3.3238077019636263 3.3238556011399725 3.3239035003163186 3.323951399492665 3.323999298669011 3.3220577215897844 3.317989349419135 3.3139209772484852 3.3098526050778356 3.305784232907186 3.301715860736536 3.2976474885658797 3.2935791163952297 3.28951074422458 3.2854423720539305 3.281373999883281 3.2773056277126313 3.2732372555419817 3.269168883371332 3.265100511200682 3.2610321390300325
3.3251645262857306 3.3252176588555598 3.3252707914253894 3.3253239239952186 3.325377056565048 3.3254301891348774 3.3254833217047066 3.325536454274536 3.3255895868443655 3.3256427194141946 3.325695851984024 3.3257489845538535 3.3258021171236827 3.325855249693512 3.3259083822633415 3.3259615148331707 3.326014647403 3.3260677799728295 3.3261209125426587 3.326174045112488 3.3262271776823176 3.3262803102521468 3.3263334428219764 3.3263865753918056 3.326439707961635 3.3264928405314644 3.3265459731012936 3.326599105671123 3.324556111492862 3.320272310435729 3.3159885093785957 3.311704708321463 3.30742090726433 3.303137106207197 3.2988533051500566 3.2945695040929235 3.2902857030357904 3.2860019019786577 3.2817181009215246 3.2774342998643915 3.2731504988072584 3.2688666977501257 3.2645828966929926 3.2602990956358595
3.3276230316638 3.3276813976271127 3.327739763590425 3.3277981295537375 3.32785649551705 3.3279148614803624 3.327973227443675 3.3280315934069873 3.3280899593703 3.3281483253336126 3.328206691296925 3.3282650572602375 3.32832342322355 3.3283817891868623 3.328440155150175 3.328498521113487 3.3285568870768 3.3286152530401125 3.3286736190034247 3.3287319849667374 3.3287903509300496 3.3288487168933623 3.328907082856675 3.328965448819987 3.3290238147833 3.3290821807466124 3.3291405467099247 3.3291989126732373 3.327054501395941 3.322555271452325 3.3180560415087084 3.3135568115650917 3.309057581621475 3.3045583516778585 3.3000591217342343 3.295559891790618 3.2910606618470015 3.286561431903385 3.2820622019597683 3.2775629720161517 3.2730637420725355 3.268564512128919 3.2640652821853022 3.2595660522416856
3.3300815370418673 3.330145136398663 3.3302087357554586 3.3302723351122543 3.33033593446905 3.3303995338258456 3.330463133182641 3.3305267325394365 3.330590331896232 3.330653931253028 3.3307175306098236 3.3307811299666192 3.330844729323415 3.33090832868021 3.330971928037006 3.3310355273938015 3.331099126750597 3.331162726107393 3.331226325464188 3.3312899248209837 3.3313535241777794 3.331417123534575 3.3314807228913708 3.3315443222481664 3.331607921604962 3.3316715209617573 3.331735120318553 3.3317987196753487 3.329552891299018 3.3248382324689185 3.3201235736388184 3.3154089148087187 3.310694255978619 3.305979597148519 3.301264938318411 3.2965502794883115 3.2918356206582113 3.2871209618281116 3.2824063029980115 3.277691644167912 3.272976985337812 3.268262326507712 3.2635476676776123 3.2588330088475126
3.332540042419935 3.3326088751702136 3.3326777079204923 3.332746540670771 3.3328153734210497 3.3328842061713284 3.332953038921607 3.333021871671886 3.333090704422165 3.3331595371724436 3.3332283699227223 3.333297202673001 3.3333660354232797 3.3334348681735584 3.333503700923837 3.3335725336741158 3.3336413664243945 3.333710199174673 3.333779031924952 3.333847864675231 3.3339166974255097 3.3339855301757884 3.334054362926067 3.3341231956763457 3.3341920284266244 3.334260861176903 3.334329693927182 3.3343985266774605 3.3320512812020957 3.3271211934855125 3.3221911057689293 3.317261018052346 3.312330930335763 3.3074008426191797 3.302470754902588 3.297540667186005 3.2926105794694216 3.2876804917528384 3.282750404036255 3.277820316319672 3.2728902286030888 3.2679601408865055 3.263030053169923 3.2580999654533396
3.334998547798002 3.335072613941764 3.335146680085526 3.3352207462292878 3.3352948123730495 3.335368878516811 3.3354429446605733 3.335517010804335 3.335591076948097 3.335665143091859 3.3357392092356206 3.3358132753793828 3.3358873415231445 3.335961407666906 3.3360354738106683 3.33610953995443 3.3361836060981918 3.3362576722419535 3.3363317383857156 3.3364058045294773 3.336479870673239 3.336553936817001 3.336628002960763 3.336702069104525 3.3367761352482868 3.3368502013920485 3.3369242675358106 3.3369983336795723 3.3345496711051723 3.329404154502106 3.3242586378990393 3.319113121295973 3.3139676046929063 3.30882208808984 3.3036765714867644 3.298531054883698 3.2933855382806314 3.288240021677565 3.2830945050744984 3.277948988471432 3.2728034718683654 3.267657955265299 3.2625124386622324 3.257366922059166
3.33745705317607 3.337536352713315 3.33761565225056 3.337694951787805 3.3377742513250497 3.337853550862295 3.3379328503995396 3.3380121499367847 3.33809144947403 3.3381707490112746 3.33825004854852 3.3383293480857645 3.3384086476230097 3.3384879471602544 3.3385672466974996 3.3386465462347443 3.3387258457719895 3.3388051453092347 3.3388844448464794 3.3389637443837246 3.3390430439209693 3.3391223434582145 3.3392016429954596 3.3392809425327044 3.3393602420699495 3.3394395416071943 3.3395188411444394 3.339598140681684 3.33704806100825 3.3316871155187 3.32632617002915 3.3209652245396004 3.3156042790500506 3.3102433335605004 3.3048823880709417 3.299521442581392 3.2941604970918417 3.288799551602292 3.283438606112742 3.2780776606231923 3.2727167151336425 3.2673557696440927 3.261994824154543 3.2566338786649927
3.339915558554137 3.3400000914848653 3.3400846244155935 3.3401691573463217 3.3402536902770494 3.3403382232077776 3.340422756138506 3.340507289069234 3.340591821999962 3.3406763549306904 3.340760887861418 3.3408454207921463 3.3409299537228745 3.3410144866536027 3.3410990195843304 3.3411835525150586 3.341268085445787 3.341352618376515 3.3414371513072427 3.341521684237971 3.341606217168699 3.3416907500994273 3.3417752830301555 3.3418598159608837 3.3419443488916114 3.3420288818223396 3.342113414753068 3.342197947683796 3.339546450911327 3.3339700765352935 3.3283937021592602 3.3228173277832274 3.317240953407194 3.3116645790311607 3.306088204655118 3.300511830279085 3.294935455903052 3.2893590815270186 3.2837827071509853 3.2782063327749524 3.272629958398919 3.267053584022886 3.261477209646853 3.2559008352708196
3.342374063932207 3.3424638302564182 3.3425535965806294 3.3426433629048407 3.342733129229052 3.342822895553263 3.3429126618774743 3.3430024282016855 3.3430921945258967 3.343181960850108 3.343271727174319 3.3433614934985303 3.3434512598227415 3.3435410261469527 3.343630792471164 3.343720558795375 3.3438103251195863 3.3439000914437975 3.3439898577680087 3.34407962409222 3.344169390416431 3.344259156740643 3.344348923064854 3.344438689389065 3.3445284557132764 3.3446182220374876 3.344707988361699 3.34479775468591 3.342044840814406 3.3362530375518897 3.330461234289373 3.324669431026856 3.3188776277643393 3.313085824501823 3.3072940212392963 3.3015022179767795 3.2957104147142626 3.289918611451746 3.2841268081892294 3.2783350049267126 3.2725432016641958 3.266751398401679 3.2609595951391626 3.2551677918766457
3.3448325693102743 3.3449275690279685 3.3450225687456627 3.3451175684633574 3.3452125681810516 3.345307567898746 3.34540256761644 3.3454975673341347 3.345592567051829 3.345687566769523 3.345782566487218 3.345877566204912 3.3459725659226063 3.3460675656403005 3.346162565357995 3.3462575650756894 3.3463525647933836 3.346447564511078 3.3465425642287725 3.3466375639464667 3.346732563664161 3.3468275633818556 3.34692256309955 3.347017562817244 3.3471125625349387 3.347207562252633 3.347302561970327 3.3473975616880214 3.344543230717483 3.3385359985684833 3.332528766419483 3.326521534270483 3.320514302121483 3.314507069972483 3.3084998378234727 3.302492605674473 3.296485373525473 3.2904781413764725 3.2844709092274726 3.2784636770784727 3.2724564449294724 3.2664492127804725 3.2604419806314726 3.2544347484824723
3.3454807508644424 3.345596363259472 3.3457119756545013 3.3458275880495307 3.3459432004445597 3.346058812839589 3.3461744252346186 3.346290037629648 3.3464056500246775 3.346521262419707 3.3466368748147364 3.346752487209766 3.3468680996047953 3.3469837119998247 3.3470993243948537 3.347214936789883 3.3473305491849126 3.347446161579942 3.3475617739749715 3.347677386370001 3.3477929987650303 3.3479086111600598 3.348024223555089 3.3481398359501187 3.3482554483451477 3.348371060740177 3.3484866731352065 3.348602285530236 3.3457222961614224 3.3396399407883126 3.3335575854152033 3.3274752300420936 3.321392874668984 3.3153105192958745 3.3092281639227545 3.303145808549645 3.2970634531765355 3.2909810978034257 3.2848987424303164 3.2788163870572067 3.272734031684097 3.2666516763109876 3.260569320937878 3.2544869655647686
3.344193810360697 3.3443464749180993 3.3444991394755017 3.344651804032904 3.3448044685903064 3.3449571331477084 3.3451097977051107 3.345262462262513 3.345415126819916 3.3455677913773183 3.3457204559347202 3.3458731204921226 3.346025785049525 3.3461784496069273 3.3463311141643297 3.346483778721732 3.3466364432791345 3.3467891078365364 3.3469417723939388 3.347094436951341 3.3472471015087435 3.3473997660661463 3.3475524306235482 3.3477050951809506 3.347857759738353 3.3480104242957553 3.3481630888531577 3.34831575341056 3.345491086919297 3.339483586231293 3.333476085543288 3.327468584855284 3.321461084167279 3.315453583479275 3.30944608279126 3.3034385821032557 3.297431081415251 3.2914235807272467 3.285416080039242 3.2794085793512378 3.273401078663233 3.267393577975229 3.2613860772872245 3.25537857659922
