Figures/CREST_Example_wjb_NSE/PETs/wjb.pet.20090405.asc
ncols            288
nrows            254
xllcorner        113.274861
yllcorner        31.4918055
cellsize         0.008333333333
NODATA_value     -9999
[rows 60 to 79 of 254, columns 132 to 175 of 288]
2.6443618001902727 2.6397598191491305 2.635157838107988 2.6305558570668452 2.625953876025703 2.6213518949845604 2.6167499139434183 2.6121479329022756 2.607545951861133 2.602943970819991 2.5983419897788482 2.593740008737698 2.5891380276965554 2.5845360466554133 2.5799340656142706 2.5753320845731285 2.570730103531986 2.566128122490843 2.561526141449701 2.5569241604085584 2.5523221793674162 2.5477201983262736 2.543118217285131 2.538516236243989 2.5339142552028386 2.529312274161696 2.5247102931205534 2.520108312079411 2.5155063310382686 2.5109043499971264 2.5072757156604917 2.504687610969508 2.5020995062785243 2.4995114015875406 2.496923296896557 2.494335192205573 2.4917470875145895 2.4891589828236014 2.486570878132618 2.4839827734416344 2.4813946687506507 2.478806564059667 2.4762184593686833 2.4736303546776996
2.641736134779481 2.637156914774108 2.6325776947687345 2.6279984747633613 2.623419254757988 2.618840034752615 2.614260814747242 2.609681594741869 2.6051023747364956 2.6005231547311225 2.5959439347257494 2.5913647147203682 2.586785494714995 2.582206274709622 2.5776270547042484 2.573047834698875 2.568468614693502 2.563889394688129 2.559310174682756 2.5547309546773826 2.5501517346720095 2.5455725146666364 2.5409932946612632 2.5364140746558896 2.531834854650509 2.527255634645136 2.522676414639762 2.518097194634389 2.513517974629016 2.508938754623643 2.50531080099021 2.502699772627424 2.5000887442646382 2.4974777159018524 2.494866687539066 2.4922556591762803 2.4896446308134945 2.487033602450704 2.484422574087918 2.481811545725132 2.479200517362346 2.47658948899956 2.4739784606367743 2.471367432273988
2.6391104693686893 2.6345540103990857 2.6299975514294816 2.6254410924598774 2.620884633490274 2.6163281745206697 2.6117717155510656 2.607215256581462 2.602658797611858 2.598102338642254 2.59354587967265 2.5889894207030384 2.5844329617334343 2.57987650276383 2.5753200437942265 2.5707635848246224 2.5662071258550188 2.5616506668854147 2.5570942079158105 2.552537748946207 2.547981289976603 2.5434248310069987 2.538868372037395 2.534311913067791 2.5297554540981793 2.525198995128575 2.5206425361589715 2.5160860771893674 2.5115296182197633 2.5069731592501596 2.5033458863199285 2.50071193428534 2.498077982250752 2.495444030216164 2.4928100781815754 2.4901761261469875 2.487542174112399 2.4849082220778063 2.482274270043218 2.47964031800863 2.4770063659740416 2.474372413939453 2.4717384619048652 2.469104509870277
2.636484803957898 2.6319511060240632 2.6274174080902286 2.6228837101563935 2.618350012222559 2.6138163142887243 2.6092826163548897 2.604748918421055 2.6002152204872204 2.5956815225533854 2.5911478246195507 2.5866141266857086 2.582080428751874 2.577546730818039 2.5730130328842042 2.5684793349503696 2.563945637016535 2.5594119390827004 2.5548782411488657 2.5503445432150307 2.545810845281196 2.5412771473473614 2.536743449413527 2.532209751479692 2.5276760535458496 2.523142355612015 2.5186086576781803 2.5140749597443457 2.5095412618105106 2.505007563876676 2.501380971649647 2.4987240959432566 2.496067220236866 2.4934103445304756 2.490753468824085 2.488096593117694 2.4854397174113037 2.4827828417049087 2.480125965998518 2.4774690902921277 2.474812214585737 2.4721553388793467 2.469498463172956 2.4668415874665657
2.633859138547106 2.6293482016490404 2.624837264750975 2.6203263278529096 2.615815390954844 2.6113044540567785 2.6067935171587133 2.6022825802606477 2.597771643362582 2.593260706464517 2.5887497695664514 2.5842388326683783 2.5797278957703127 2.5752169588722476 2.570706021974182 2.5661950850761164 2.5616841481780512 2.5571732112799856 2.55266227438192 2.548151337483855 2.5436404005857893 2.5391294636877237 2.5346185267896586 2.530107589891593 2.52559665299352 2.5210857160954543 2.516574779197389 2.5120638422993236 2.5075529054012584 2.503041968503193 2.4994160569793653 2.4967362576011727 2.49405645822298 2.491376658844787 2.4886968594665944 2.4860170600884013 2.4833372607102087 2.480657461332011 2.477977661953818 2.4752978625756255 2.472618063197433 2.4699382638192398 2.467258464441047 2.464578665062854
2.631233473136314 2.626745297274018 2.622257121411722 2.6177689455494257 2.613280769687129 2.608792593824833 2.604304417962537 2.599816242100241 2.5953280662379448 2.5908398903756487 2.586351714513352 2.5818635386510485 2.5773753627887523 2.5728871869264562 2.5683990110641597 2.5639108352018636 2.5594226593395675 2.5549344834772714 2.5504463076149753 2.5459581317526787 2.5414699558903826 2.5369817800280865 2.5324936041657904 2.5280054283034943 2.52351725244119 2.519029076578894 2.514540900716598 2.510052724854302 2.5055645489920058 2.5010763731297097 2.497451142309084 2.4947484192590887 2.4920456962090936 2.489342973159099 2.4866402501091036 2.4839375270591084 2.4812348040091132 2.4785320809591136 2.4758293579091184 2.473126634859123 2.470423911809128 2.4677211887591333 2.465018465709138 2.462315742659143
2.6286078077255204 2.6241423928989933 2.6196769780724662 2.6152115632459396 2.6107461484194125 2.6062807335928855 2.601815318766359 2.597349903939832 2.5928844891133047 2.588419074286778 2.583953659460251 2.5794882446337164 2.5750228298071898 2.5705574149806627 2.5660920001541356 2.561626585327609 2.557161170501082 2.552695755674555 2.5482303408480282 2.543764926021501 2.539299511194974 2.5348340963684475 2.5303686815419204 2.5259032667153933 2.5214378518888587 2.516972437062332 2.512507022235805 2.508041607409278 2.5035761925827513 2.4991107777562243 2.495486227638801 2.492760580917003 2.4900349341952057 2.4873092874734084 2.484583640751611 2.4818579940298133 2.479132347308016 2.476406700586214 2.4736810538644165 2.470955407142619 2.468229760420822 2.465504113699024 2.462778466977227 2.4600528202554295
2.6259821423147285 2.621539488523971 2.6170968347332133 2.6126541809424557 2.608211527151698 2.60376887336094 2.5993262195701825 2.594883565779425 2.5904409119886673 2.5859982581979097 2.5815556044071517 2.5771129506163866 2.572670296825629 2.5682276430348714 2.563784989244114 2.5593423354533558 2.554899681662598 2.5504570278718406 2.546014374081083 2.5415717202903254 2.5371290664995674 2.53268641270881 2.528243758918052 2.5238011051272946 2.5193584513365295 2.5149157975457714 2.510473143755014 2.5060304899642563 2.5015878361734987 2.497145182382741 2.493521312968519 2.4907727425749195 2.4880241721813197 2.4852756017877202 2.4825270313941203 2.4797784610005205 2.477029890606921 2.4742813202133167 2.471532749819717 2.468784179426117 2.4660356090325175 2.4632870386389176 2.4605384682453177 2.4577898978517183
2.6233564769039366 2.618936584148948 2.61451669139396 2.6100967986389714 2.605676905883983 2.6012570131289947 2.596837120374006 2.5924172276190176 2.5879973348640295 2.583577442109041 2.5791575493540524 2.5747376565990563 2.570317763844068 2.5658978710890796 2.561477978334091 2.557058085579103 2.5526381928241144 2.548218300069126 2.5437984073141378 2.539378514559149 2.5349586218041607 2.5305387290491725 2.526118836294184 2.5216989435391954 2.5172790507842 2.5128591580292112 2.5084392652742227 2.5040193725192346 2.499599479764246 2.4951795870092575 2.4915563982982376 2.4887849042328356 2.4860134101674336 2.4832419161020316 2.4804704220366296 2.4776989279712276 2.4749274339058256 2.4721559398404187 2.4693844457750167 2.4666129517096147 2.4638414576442127 2.4610699635788107 2.4582984695134087 2.4555269754480067
2.620730811493145 2.6163336797739256 2.6119365480547065 2.6075394163354875 2.6031422846162684 2.5987451528970493 2.59434802117783 2.5899508894586107 2.5855537577393917 2.5811566260201726 2.5767594943009535 2.5723623625817265 2.5679652308625074 2.5635680991432883 2.5591709674240692 2.55477383570485 2.5503767039856307 2.5459795722664116 2.5415824405471925 2.5371853088279734 2.5327881771087544 2.528391045389535 2.523993913670316 2.5195967819510967 2.51519965023187 2.510802518512651 2.5064053867934315 2.5020082550742124 2.4976111233549934 2.4932139916357743 2.4895914836279562 2.4867970658907517 2.4840026481535475 2.4812082304163434 2.478413812679139 2.4756193949419347 2.47282497720473 2.470030559467521 2.467236141730317 2.464441723993113 2.4616473062559083 2.458852888518704 2.4560584707814996 2.4532640530442955
2.6181051460823532 2.613730775398903 2.6093564047154536 2.6049820340320036 2.6006076633485535 2.596233292665104 2.591858921981654 2.587484551298204 2.583110180614754 2.5787358099313042 2.574361439247854 2.5699870685643966 2.565612697880947 2.561238327197497 2.556863956514047 2.552489585830597 2.5481152151471473 2.5437408444636973 2.5393664737802473 2.5349921030967977 2.5306177324133476 2.5262433617298976 2.5218689910464476 2.517494620362998 2.5131202496795404 2.5087458789960904 2.5043715083126408 2.4999971376291907 2.4956227669457407 2.4912483962622907 2.4876265689576744 2.484809227548668 2.4819918861396615 2.479174544730655 2.476357203321648 2.4735398619126414 2.470722520503635 2.4679051790946236 2.465087837685617 2.4622704962766107 2.459453154867604 2.4566358134585973 2.4538184720495906 2.4510011306405843
2.6154794806715618 2.611127871023881 2.6067762613762 2.6024246517285197 2.598073042080839 2.5937214324331586 2.5893698227854776 2.585018213137797 2.5806666034901165 2.576314993842436 2.571963384194755 2.567611774547067 2.5632601648993862 2.5589085552517057 2.554556945604025 2.550205335956344 2.5458537263086636 2.541502116660983 2.537150507013302 2.5327988973656215 2.528447287717941 2.5240956780702604 2.51974406842258 2.515392458774899 2.5110408491272107 2.50668923947953 2.5023376298318496 2.497986020184169 2.493634410536488 2.4892828008888075 2.485661654287393 2.4828213892065842 2.4799811241257754 2.477140859044966 2.4743005939641574 2.4714603288833485 2.4686200638025397 2.465779798721726 2.4629395336409172 2.4600992685601084 2.457259003479299 2.4544187383984903 2.4515784733176815 2.4487382082368727
2.612853815260767 2.608524966648856 2.6041961180369446 2.599867269425033 2.595538420813122 2.5912095722012105 2.586880723589299 2.582551874977388 2.5782230263654764 2.573894177753565 2.569565329141654 2.5652364805297347 2.5609076319178237 2.556578783305912 2.5522499346940006 2.5479210860820896 2.543592237470178 2.5392633888582665 2.5349345402463554 2.530605691634444 2.5262768430225324 2.5219479944106213 2.51761914579871 2.5132902971867983 2.5089614485748797 2.504632599962968 2.500303751351057 2.4959749027391456 2.491646054127234 2.487317205515323 2.4836967396171103 2.480833550864499 2.4779703621118876 2.4751071733592767 2.4722439846066653 2.4693807958540543 2.466517607101443 2.4636544183488267 2.4607912295962158 2.4579280408436044 2.4550648520909935 2.452201663338382 2.4493384745857707 2.4464752858331598
2.6102281498499758 2.6059220622738337 2.6016159746976917 2.597309887121549 2.593003799545407 2.588697711969265 2.584391624393123 2.580085536816981 2.5757794492408386 2.5714733616646965 2.5671672740885545 2.562861186512405 2.558555098936263 2.554249011360121 2.549942923783979 2.5456368362078363 2.5413307486316943 2.5370246610555522 2.53271857347941 2.528412485903268 2.5241063983271257 2.5198003107509837 2.5154942231748416 2.5111881355986996 2.50688204802255 2.502575960446408 2.498269872870266 2.493963785294124 2.4896576977179814 2.4853516101418394 2.4817318249468285 2.478845712522415 2.4759596000980015 2.473073487673588 2.4701873752491745 2.467301262824761 2.4644151504003475 2.461529037975929 2.4586429255515156 2.455756813127102 2.4528707007026886 2.449984588278275 2.4470984758538616 2.444212363429448
2.6076024844391843 2.6033191578988113 2.5990358313584383 2.5947525048180653 2.5904691782776927 2.5861858517373197 2.5819025251969467 2.577619198656574 2.573335872116201 2.569052545575828 2.564769219035455 2.560485892495075 2.556202565954702 2.5519192394143295 2.5476359128739565 2.5433525863335835 2.539069259793211 2.534785933252838 2.530502606712465 2.526219280172092 2.5219359536317194 2.5176526270913464 2.5133693005509734 2.509085974010601 2.5048026474702203 2.5005193209298477 2.4962359943894747 2.4919526678491017 2.4876693413087287 2.483386014768356 2.479766910276547 2.4768578741803315 2.4739488380841155 2.4710398019879 2.4681307658916842 2.465221729795468 2.4623126936992525 2.4594036576030316 2.456494621506816 2.4535855854106003 2.4506765493143843 2.4477675132181687 2.444858477121953 2.441949441025737
2.6049768190283924 2.600716253523789 2.5964556880191854 2.5921951225145814 2.587934557009978 2.5836739915053744 2.579413426000771 2.575152860496167 2.5708922949915634 2.56663172948696 2.5623711639823563 2.5581105984777452 2.5538500329731417 2.549589467468538 2.5453289019639342 2.5410683364593307 2.536807770954727 2.5325472054501237 2.5282866399455197 2.524026074440916 2.5197655089363127 2.515504943431709 2.511244377927105 2.5069838124225017 2.502723246917891 2.498462681413287 2.4942021159086836 2.48994155040408 2.4856809848994765 2.4814204193948726 2.477801995606266 2.4748700358382476 2.4719380760702294 2.4690061163022112 2.4660741565341935 2.4631421967661753 2.460210236998157 2.457278277230134 2.454346317462116 2.451414357694098 2.44848239792608 2.4455504381580617 2.4426184783900435 2.439686518622026
2.602351153617601 2.5981133491487665 2.593875544679932 2.589637740211098 2.5853999357422635 2.581162131273429 2.5769243268045945 2.57268652233576 2.568448717866926 2.5642109133980915 2.559973108929257 2.5557353044604154 2.551497499991581 2.547259695522747 2.5430218910539124 2.538784086585078 2.5345462821162434 2.530308477647409 2.526070673178575 2.5218328687097404 2.517595064240906 2.5133572597720715 2.5091194553032374 2.504881650834403 2.5006438463655614 2.496406041896727 2.4921682374278924 2.487930432959058 2.483692628490224 2.4794548240213894 2.475837080935984 2.4728821974961637 2.4699273140563434 2.466972430616523 2.4640175471767027 2.4610626637368824 2.458107780297062 2.4551528968572365 2.452198013417416 2.449243129977596 2.4462882465377755 2.4433333630979552 2.440378479658135 2.437423596218314
2.5997254882068086 2.5955104447737436 2.5912954013406786 2.5870803579076136 2.582865314474548 2.578650271041483 2.574435227608418 2.570220184175353 2.5660051407422877 2.5617900973092227 2.5575750538761577 2.553360010443085 2.54914496701002 2.544929923576955 2.54071488014389 2.5364998367108247 2.5322847932777597 2.5280697498446947 2.5238547064116297 2.5196396629785642 2.5154246195454992 2.5112095761124342 2.506994532679369 2.502779489246304 2.4985644458132317 2.4943494023801667 2.4901343589471012 2.485919315514036 2.481704272080971 2.477489228647906 2.4738721662657026 2.4708943591540797 2.4679165520424573 2.4649387449308344 2.461960937819212 2.458983130707589 2.4560053235959667 2.453027516484339 2.450049709372716 2.4470719022610936 2.4440940951494707 2.4411162880378483 2.4381384809262254 2.435160673814603
2.597099822796017 2.592907540398721 2.588715258001425 2.5845229756041297 2.5803306932068337 2.5761384108095378 2.571946128412242 2.5677538460149463 2.5635615636176503 2.5593692812203543 2.5551769988230584 2.5509847164257553 2.54679243402846 2.542600151631164 2.538407869233868 2.534215586836572 2.530023304439276 2.5258310220419804 2.5216387396446844 2.5174464572473885 2.5132541748500925 2.5090618924527965 2.504869610055501 2.500677327658205 2.496485045260902 2.492292762863606 2.48810048046631 2.4839081980690145 2.4797159156717186 2.4755236332744226 2.4719072515954212 2.4689065208119962 2.4659057900285712 2.4629050592451462 2.4599043284617212 2.4569035976782962 2.4539028668948712 2.4509021361114414 2.4479014053280164 2.4449006745445914 2.4418999437611664 2.4388992129777414 2.4358984821943164 2.4328977514108914
2.5944741573852235 2.5903046360236965 2.58613511466217 2.5819655933006436 2.577796071939117 2.57362655057759 2.5694570292160637 2.565287507854537 2.5611179864930103 2.5569484651314838 2.5527789437699573 2.5486094224084237 2.5444399010468968 2.5402703796853703 2.536100858323844 2.5319313369623173 2.5277618156007904 2.523592294239264 2.5194227728777374 2.5152532515162105 2.511083730154684 2.5069142087931575 2.502744687431631 2.498575166070104 2.4944056447085705 2.490236123347044 2.486066601985517 2.4818970806239906 2.477727559262464 2.4735580379009376 2.4699423369251376 2.4669186824699105 2.4638950280146834 2.460871373559456 2.4578477191042287 2.4548240646490016 2.451800410193774 2.4487767557385416 2.4457531012833145 2.4427294468280873 2.4397057923728602 2.4366821379176327 2.4336584834624055 2.4306348290071784
