Figures/CREST_Example_wjb_NSE/PETs/wjb.pet.20100109.asc
ncols            288
nrows            254
xllcorner        113.274861
yllcorner        31.4918055
cellsize         0.008333333333
NODATA_value     -9999
[rows 133 to 151 of 254, columns 220 to 263 of 288]
0.6440039267791536 0.6433512766892525 0.6431551903584712 0.6434471810190204 0.6437391716795696 0.6440311623401188 0.644323153000668 0.6446151436612172 0.6449071343217663 0.6451991249823155 0.6454911156428647 0.6457831063034138 0.646075096963963 0.6463670876245121 0.6466590782850619 0.646951068945611 0.6472430596061601 0.6475350502667093 0.6478270409272585 0.6481190315878077 0.6484110222483569 0.6487030129089061 0.6489950035694552 0.6492869942300044 0.6495789848905535 0.6498709755511027 0.6501629662116519 0.6504549568722016 0.6507469475327508 0.6510389381932999 0.651330928853849 0.6516229195143982 0.651636854556291 0.6513535418475285 0.651070229138766 0.6507869164300034 0.6505036037212409 0.6502202910124785 0.649936978303716 0.6496536655949534 0.6493703528861905 0.649087040177428 0.6488037274686654 0.648520414759903
0.6457406797173042 0.6449276682814802 0.644625698243108 0.6448700430243663 0.6451143878056247 0.645358732586883 0.6456030773681414 0.6458474221493998 0.6460917669306582 0.6463361117119165 0.6465804564931749 0.6468248012744332 0.6470691460556915 0.6473134908369499 0.6475578356182087 0.647802180399467 0.6480465251807255 0.6482908699619838 0.6485352147432422 0.6487795595245005 0.6490239043057588 0.6492682490870172 0.6495125938682755 0.649756938649534 0.6500012834307923 0.6502456282120507 0.650489972993309 0.6507343177745678 0.6509786625558261 0.6512230073370845 0.6514673521183428 0.6517116968996012 0.6517267634390556 0.6514967263478774 0.6512666892566993 0.6510366521655211 0.650806615074343 0.6505765779831648 0.6503465408919867 0.6501165038008085 0.64988646670963 0.6496564296184519 0.6494263925272737 0.6491963554360957
0.6474774326554549 0.6465040598737081 0.6460962061277448 0.6462929050297124 0.6464896039316799 0.6466863028336474 0.646883001735615 0.6470797006375825 0.6472763995395501 0.6474730984415176 0.6476697973434851 0.6478664962454527 0.6480631951474202 0.6482598940493878 0.6484565929513556 0.6486532918533231 0.6488499907552907 0.6490466896572582 0.6492433885592258 0.6494400874611933 0.6496367863631608 0.6498334852651284 0.6500301841670959 0.6502268830690635 0.650423581971031 0.6506202808729985 0.6508169797749661 0.6510136786769339 0.6512103775789015 0.651407076480869 0.6516037753828365 0.6518004742848041 0.65181667232182 0.6516399108482263 0.6514631493746325 0.6512863879010387 0.651109626427445 0.6509328649538512 0.6507561034802574 0.6505793420066637 0.6504025805330695 0.6502258190594759 0.650049057585882 0.6498722961122883
0.6492141855936056 0.6480804514659357 0.6475667140123815 0.6477157670350582 0.6478648200577349 0.6480138730804117 0.6481629261030883 0.6483119791257651 0.6484610321484419 0.6486100851711186 0.6487591381937953 0.648908191216472 0.6490572442391488 0.6492062972618254 0.6493553502845024 0.6495044033071792 0.6496534563298559 0.6498025093525327 0.6499515623752093 0.6501006153978861 0.6502496684205629 0.6503987214432396 0.6505477744659163 0.650696827488593 0.6508458805112698 0.6509949335339464 0.6511439865566232 0.6512930395793002 0.6514420926019769 0.6515911456246537 0.6517401986473303 0.6518892516700071 0.6519065812045846 0.6517830953485751 0.6516596094925657 0.6515361236365563 0.6514126377805469 0.6512891519245376 0.6511656660685282 0.6510421802125188 0.6509186943565092 0.6507952085004998 0.6506717226444904 0.650548236788481
0.6509509385317576 0.6496568430581647 0.6490372218970194 0.6491386290404052 0.6492400361837911 0.649341443327177 0.6494428504705628 0.6495442576139487 0.6496456647573347 0.6497470719007205 0.6498484790441064 0.6499498861874923 0.6500512933308781 0.650152700474264 0.65025410761765 0.6503555147610359 0.6504569219044217 0.6505583290478076 0.6506597361911935 0.6507611433345794 0.6508625504779653 0.6509639576213512 0.651065364764737 0.6511667719081229 0.6512681790515087 0.6513695861948946 0.6514709933382805 0.6515724004816665 0.6516738076250524 0.6517752147684382 0.6518766219118242 0.6519780290552101 0.6519964900873491 0.651926279848924 0.6518560696104991 0.6517858593720741 0.6517156491336491 0.6516454388952242 0.6515752286567992 0.6515050184183742 0.6514348081799491 0.6513645979415241 0.6512943877030991 0.6512241774646742
0.6526876914699082 0.6512332346503925 0.650507729781656 0.6505614910457511 0.6506152523098462 0.6506690135739412 0.6507227748380363 0.6507765361021314 0.6508302973662264 0.6508840586303215 0.6509378198944166 0.6509915811585116 0.6510453424226067 0.6510991036867018 0.6511528649507969 0.6512066262148919 0.651260387478987 0.651314148743082 0.6513679100071771 0.6514216712712722 0.6514754325353672 0.6515291937994623 0.6515829550635573 0.6516367163276524 0.6516904775917475 0.6517442388558425 0.6517980001199376 0.6518517613840328 0.6519055226481278 0.6519592839122229 0.652013045176318 0.652066806440413 0.6520863989701136 0.652069464349273 0.6520525297284324 0.6520355951075918 0.6520186604867512 0.6520017258659105 0.6519847912450699 0.6519678566242293 0.6519509220033887 0.651933987382548 0.6519170527617074 0.6519001181408669
0.6544244444080589 0.6528096262426203 0.6519782376662928 0.6519843530510971 0.6519904684359014 0.6519965838207056 0.6520026992055098 0.6520088145903141 0.6520149299751183 0.6520210453599226 0.6520271607447268 0.652033276129531 0.6520393915143353 0.6520455068991395 0.6520516222839438 0.652057737668748 0.6520638530535523 0.6520699684383565 0.6520760838231607 0.652082199207965 0.6520883145927693 0.6520944299775735 0.6521005453623777 0.6521066607471819 0.6521127761319861 0.6521188915167905 0.6521250069015947 0.6521311222863989 0.6521372376712031 0.6521433530560075 0.6521494684408117 0.6521555838256159 0.6521763078528781 0.6522126488496218 0.6522489898463656 0.6522853308431094 0.6523216718398531 0.6523580128365969 0.6523943538333407 0.6524306948300844 0.6524670358268282 0.652503376823572 0.6525397178203157 0.6525760588170595
0.6561611973462096 0.6543860178348481 0.6534487455509296 0.653407215056443 0.6533656845619564 0.6533241540674698 0.6532826235729833 0.6532410930784968 0.6531995625840101 0.6531580320895236 0.653116501595037 0.6530749711005505 0.6530334406060638 0.6529919101115773 0.6529503796170907 0.652908849122604 0.6528673186281175 0.6528257881336309 0.6527842576391444 0.6527427271446578 0.6527011966501712 0.6526596661556847 0.6526181356611981 0.6525766051667116 0.6525350746722249 0.6524935441777384 0.6524520136832518 0.6524104831887652 0.6523689526942786 0.652327422199792 0.6522858917053055 0.6522443612108189 0.6522662167356427 0.6523558333499707 0.6524454499642989 0.652535066578627 0.6526246831929552 0.6527142998072832 0.6528039164216114 0.6528935330359396 0.6529831496502678 0.653072766264596 0.653162382878924 0.6532519994932522
0.6578979502843602 0.6559624094270757 0.6549192534355662 0.6548300770617889 0.6547409006880115 0.6546517243142341 0.6545625479404568 0.6544733715666793 0.6543841951929019 0.6542950188191246 0.6542058424453472 0.6541166660715698 0.6540274896977925 0.653938313324015 0.6538491369502375 0.6537599605764601 0.6536707842026827 0.6535816078289053 0.6534924314551279 0.6534032550813506 0.6533140787075732 0.6532249023337958 0.6531357259600183 0.653046549586241 0.6529573732124636 0.6528681968386862 0.6527790204649089 0.6526898440911313 0.6526006677173539 0.6525114913435766 0.6524223149697992 0.6523331385960218 0.6523561256184071 0.6524990178503196 0.652641910082232 0.6527848023141446 0.6529276945460571 0.6530705867779696 0.6532134790098821 0.6533563712417946 0.6534992634737073 0.6536421557056198 0.6537850479375323 0.6539279401694449
0.6596347032225107 0.6575388010193035 0.656389761320203 0.6562529390671348 0.6561161168140666 0.6559792945609983 0.6558424723079301 0.6557056500548619 0.6555688278017937 0.6554320055487255 0.6552951832956574 0.6551583610425892 0.655021538789521 0.6548847165364527 0.6547478942833843 0.6546110720303161 0.6544742497772479 0.6543374275241797 0.6542006052711115 0.6540637830180434 0.6539269607649751 0.6537901385119069 0.6536533162588387 0.6535164940057705 0.6533796717527023 0.6532428494996341 0.6531060272465659 0.6529692049934974 0.6528323827404293 0.6526955604873611 0.6525587382342929 0.6524219159812247 0.6524460345011716 0.6526422023506684 0.6528383702001653 0.6530345380496622 0.653230705899159 0.6534268737486559 0.6536230415981528 0.6538192094476496 0.6540153772971469 0.6542115451466437 0.6544077129961406 0.6546038808456375
0.6613714561606614 0.6591151926115312 0.6578602692048396 0.6576758010724806 0.6574913329401216 0.6573068648077626 0.6571223966754036 0.6569379285430446 0.6567534604106856 0.6565689922783265 0.6563845241459675 0.6562000560136085 0.6560155878812495 0.6558311197488905 0.6556466516165311 0.6554621834841722 0.6552777153518131 0.6550932472194542 0.6549087790870951 0.6547243109547362 0.6545398428223771 0.6543553746900181 0.6541709065576591 0.6539864384253 0.6538019702929411 0.653617502160582 0.6534330340282231 0.6532485658958637 0.6530640977635047 0.6528796296311457 0.6526951614987867 0.6525106933664276 0.6525359433839362 0.6527853868510174 0.6530348303180986 0.6532842737851798 0.6535337172522611 0.6537831607193423 0.6540326041864235 0.6542820476535047 0.6545314911205864 0.6547809345876677 0.655030378054749 0.6552798215218302
0.6631082090988135 0.6606915842037604 0.6593307770894776 0.6590986630778277 0.6588665490661779 0.658634435054528 0.6584023210428782 0.6581702070312283 0.6579380930195784 0.6577059790079286 0.6574738649962787 0.6572417509846288 0.657009636972979 0.6567775229613291 0.6565454089496788 0.6563132949380289 0.6560811809263791 0.6558490669147292 0.6556169529030793 0.6553848388914295 0.6551527248797796 0.6549206108681298 0.6546884968564799 0.65445638284483 0.6542242688331802 0.6539921548215303 0.6537600408098804 0.6535279267982301 0.6532958127865803 0.6530636987749304 0.6528315847632805 0.6525994707516307 0.6526258522667007 0.6529285713513664 0.653231290436032 0.6535340095206976 0.6538367286053633 0.654139447690029 0.6544421667746946 0.6547448858593603 0.6550476049440265 0.6553503240286921 0.6556530431133577 0.6559557621980234
0.6648449620369642 0.6622679757959881 0.6608012849741143 0.6605215250831736 0.660241765192233 0.6599620053012922 0.6596822454103516 0.6594024855194109 0.6591227256284702 0.6588429657375295 0.6585632058465889 0.6582834459556481 0.6580036860647075 0.6577239261737668 0.6574441662828256 0.657164406391885 0.6568846465009442 0.6566048866100036 0.656325126719063 0.6560453668281222 0.6557656069371816 0.6554858470462409 0.6552060871553002 0.6549263272643595 0.6546465673734189 0.6543668074824781 0.6540870475915375 0.6538072877005963 0.6535275278096556 0.653247767918715 0.6529680080277742 0.6526882481368336 0.6527157611494652 0.6530717558517152 0.6534277505539652 0.6537837452562152 0.6541397399584653 0.6544957346607153 0.6548517293629653 0.6552077240652153 0.655563718767466 0.655919713469716 0.656275708171966 0.656631702874216
0.6665817149751148 0.6638443673882157 0.662271792858751 0.6619443870885195 0.661616981318288 0.6612895755480566 0.6609621697778251 0.6606347640075936 0.6603073582373621 0.6599799524671306 0.6596525466968991 0.6593251409266676 0.6589977351564361 0.6586703293862046 0.6583429236159726 0.6580155178457411 0.6576881120755096 0.6573607063052781 0.6570333005350465 0.656705894764815 0.6563784889945835 0.656051083224352 0.6557236774541205 0.655396271683889 0.6550688659136575 0.654741460143426 0.6544140543731946 0.6540866486029625 0.653759242832731 0.6534318370624995 0.653104431292268 0.6527770255220365 0.6528056700322298 0.6532149403520642 0.6536242106718985 0.6540334809917329 0.6544427513115673 0.6548520216314017 0.6552612919512361 0.6556705622710705 0.6560798325909055 0.6564891029107399 0.6568983732305743 0.6573076435504087
0.6683184679132654 0.6654207589804435 0.6637423007433877 0.6633672490938654 0.6629921974443431 0.6626171457948208 0.6622420941452984 0.6618670424957762 0.6614919908462539 0.6611169391967315 0.6607418875472092 0.660366835897687 0.6599917842481646 0.6596167325986423 0.6592416809491194 0.658866629299597 0.6584915776500747 0.6581165260005524 0.6577414743510301 0.6573664227015078 0.6569913710519855 0.6566163194024632 0.6562412677529409 0.6558662161034186 0.6554911644538962 0.655116112804374 0.6547410611548516 0.6543660095053286 0.6539909578558064 0.6536159062062841 0.6532408545567617 0.6528658029072394 0.6528955789149942 0.653358124852413 0.6538206707898317 0.6542832167272504 0.6547457626646692 0.655208308602088 0.6556708545395068 0.6561334004769255 0.656595946414345 0.6570584923517638 0.6575210382891826 0.6579835842266013
0.6686455276239578 0.6656960552653648 0.6639880008582898 0.6636070503368302 0.6632260998153707 0.6628451492939113 0.6624641987724517 0.6620832482509922 0.6617022977295327 0.6613213472080731 0.6609403966866136 0.6605594461651542 0.6601784956436947 0.6597975451222351 0.659416594600775 0.6590356440793155 0.6586546935578559 0.6582737430363964 0.6578927925149369 0.6575118419934775 0.6571308914720179 0.6567499409505584 0.6563689904290989 0.6559880399076393 0.6556070893861798 0.6552261388647204 0.6548451883432609 0.6544642378218006 0.6540832873003412 0.6537023367788817 0.6533213862574221 0.6529404357359626 0.6529760216648914 0.6534568944883709 0.6539377673118503 0.6544186401353297 0.6548995129588091 0.6553803857822884 0.6558612586057678 0.6563421314292472 0.6568230042527274 0.6573038770762069 0.6577847498996863 0.6582656227231656
0.6674657141386902 0.6645805626851766 0.6629244586767352 0.6625822342025531 0.662240009728371 0.6618977852541889 0.6615555607800068 0.6612133363058247 0.6608711118316426 0.6605288873574605 0.6601866628832783 0.6598444384090962 0.6595022139349141 0.6591599894607321 0.6588177649865493 0.6584755405123672 0.6581333160381851 0.6577910915640031 0.657448867089821 0.6571066426156388 0.6567644181414567 0.6564221936672746 0.6560799691930925 0.6557377447189104 0.6553955202447282 0.6550532957705462 0.6547110712963641 0.6543688468221813 0.6540266223479992 0.6536843978738172 0.6533421733996351 0.652999948925453 0.6530463457154794 0.6535081874341175 0.6539700291527556 0.6544318708713937 0.6548937125900317 0.6553555543086698 0.6558173960273078 0.656279237745946 0.6567410794645848 0.6572029211832229 0.6576647629018609 0.6581266046204991
0.6662859006534216 0.6634650701049873 0.6618609164951798 0.6615574180682752 0.6612539196413705 0.6609504212144658 0.6606469227875611 0.6603434243606565 0.6600399259337518 0.6597364275068471 0.6594329290799424 0.6591294306530379 0.6588259322261332 0.6585224337992285 0.6582189353723233 0.6579154369454187 0.657611938518514 0.6573084400916093 0.6570049416647047 0.6567014432378 0.6563979448108953 0.6560944463839906 0.655790947957086 0.6554874495301813 0.6551839511032767 0.654880452676372 0.6545769542494674 0.6542734558225621 0.6539699573956574 0.6536664589687529 0.6533629605418482 0.6530594621149435 0.6531166697660675 0.6535594803798643 0.654002290993661 0.6544451016074577 0.6548879122212545 0.6553307228350512 0.655773533448848 0.6562163440626447 0.6566591546764422 0.657101965290239 0.6575447759040357 0.6579875865178324
0.665106087168154 0.6623495775247992 0.6607973743136253 0.660532601933998 0.6602678295543708 0.6600030571747435 0.6597382847951162 0.659473512415489 0.6592087400358617 0.6589439676562344 0.6586791952766072 0.6584144228969799 0.6581496505173526 0.6578848781377254 0.6576201057580977 0.6573553333784704 0.6570905609988432 0.6568257886192159 0.6565610162395886 0.6562962438599614 0.6560314714803341 0.6557666991007068 0.6555019267210797 0.6552371543414524 0.6549723819618251 0.6547076095821979 0.6544428372025706 0.6541780648229428 0.6539132924433156 0.6536485200636883 0.653383747684061 0.6531189753044339 0.6531869938166555 0.6536107733256109 0.6540345528345664 0.6544583323435218 0.6548821118524771 0.6553058913614326 0.655729670870388 0.6561534503793435 0.6565772298882996 0.657001009397255 0.6574247889062105 0.6578485684151659
