Figures/CREST_Example_wjb_NSE/PETs/wjb.pet.20091208.asc
ncols            288
nrows            254
xllcorner        113.274861
yllcorner        31.4918055
cellsize         0.008333333333
NODATA_value     -9999
[rows 95 to 113 of 254, columns 86 to 128 of 288]
0.3425219731077962 0.3401038958718794 0.3376858186359626 0.3352677414000457 0.3328496641641289 0.33043158692820795 0.32801350969229115 0.3255954324563743 0.3231773552204575 0.3207592779845406 0.3183412007486238 0.315923123512707 0.31350504627679016 0.31108696904087335 0.3086688918049565 0.3062508145690397 0.304050548092571 0.3020831262429144 0.30011570439325447 0.2981482825435979 0.2961808606939413 0.2942134388442847 0.2922460169946281 0.2902785951449715 0.2883111732953149 0.2863437514456583 0.28437632959600173 0.28240890774634514 0.28044148589668855 0.27847406404703196 0.27650664219737536 0.27453922034771544 0.27257179849805885 0.27060437664840226 0.26863695479874566 0.26666953294908907 0.2647021110994325 0.2627346892497759 0.2607672674001193 0.2587998455504627 0.2568324237008061 0.2548650018511495 0.2528975800014929
0.34278095791419566 0.3403517113536627 0.33792246479312976 0.3354932182325968 0.33306397167206386 0.33063472511152675 0.3282054785509938 0.32577623199046085 0.3233469854299279 0.32091773886939495 0.318488492308862 0.316059245748329 0.3136299991877961 0.3112007526272631 0.30877150606673015 0.3063422595061972 0.3041317061495597 0.30215494077280153 0.3001781753960401 0.29820141001928197 0.2962246446425238 0.2942478792657657 0.29227111388900756 0.29029434851224944 0.28831758313549133 0.2863408177587332 0.2843640523819751 0.282387287005217 0.28041052162845886 0.27843375625170075 0.2764569908749426 0.27448022549818113 0.272503460121423 0.27052669474466484 0.2685499293679067 0.2665731639911486 0.2645963986143905 0.2626196332376324 0.26064286786087426 0.25866610248411614 0.25668933710735803 0.2547125717305999 0.2527358063538418
0.34303994272059507 0.340599526835446 0.3381591109502969 0.33571869506514784 0.33327827917999875 0.3308378632948455 0.3283974474096964 0.3259570315245473 0.32351661563939826 0.32107619975424917 0.3186357838691001 0.316195367983951 0.3137549520988019 0.31131453621365285 0.30887412032850375 0.30643370444335466 0.3042128642065483 0.30222675530268867 0.30024064639882564 0.29825453749496594 0.2962684285911063 0.29428231968724666 0.292296210783387 0.2903101018795274 0.2883239929756677 0.28633788407180805 0.2843517751679484 0.28236566626408877 0.2803795573602291 0.2783934484563695 0.2764073395525098 0.27442123064864676 0.2724351217447871 0.2704490128409275 0.26846290393706784 0.26647679503320815 0.2644906861293485 0.26250457722548887 0.2605184683216292 0.2585323594177696 0.2565462505139099 0.25456014161005025 0.2525740327061906
0.3432989275269947 0.34084734231722946 0.3383957571074643 0.33594417189769904 0.3334925866879338 0.33104100147816445 0.3285894162683992 0.326137831058634 0.3236862458488688 0.32123466063910355 0.3187830754293383 0.31633149021957313 0.3138799050098079 0.3114283198000427 0.30897673459027747 0.30652514938051223 0.304294022263537 0.30229856983257586 0.30030311740161125 0.2983076649706501 0.29631221253968887 0.2943167601087277 0.2923213076777665 0.2903258552468053 0.28833040281584416 0.28633495038488294 0.28433949795392177 0.28234404552296055 0.2803485930919994 0.27835314066103817 0.276357688230077 0.2743622357991124 0.27236678336815123 0.27037133093719 0.26837587850622885 0.26638042607526763 0.26438497364430646 0.26238952121334524 0.2603940687823841 0.2583986163514229 0.2564031639204617 0.25440771148950053 0.2524122590585393
0.3435579123333941 0.3410951577990128 0.33863240326463145 0.33616964873025007 0.33370689419586874 0.3312441396614832 0.32878138512710187 0.3263186305927205 0.32385587605833915 0.32139312152395777 0.31893036698957644 0.31646761245519506 0.31400485792081373 0.3115421033864324 0.309079348852051 0.3066165943176697 0.3043751803205257 0.30237038436246294 0.3003655884043968 0.2983607924463341 0.2963559964882714 0.2943512005302087 0.29234640457214595 0.2903416086140832 0.2883368126560205 0.28633201669795777 0.2843272207398951 0.28232242478183234 0.28031762882376965 0.2783128328657069 0.27630803690764416 0.27430324094957803 0.27229844499151534 0.2702936490334526 0.2682888530753899 0.26628405711732717 0.2642792611592645 0.26227446520120173 0.260269669243139 0.2582648732850763 0.25626007732701356 0.25425528136895087 0.2522504854108881
0.3438168971397936 0.3413429732807961 0.33886904942179863 0.33639512556280116 0.3339212017038037 0.331447277844802 0.3289733539858045 0.32649943012680704 0.32402550626780957 0.3215515824088121 0.31907765854981457 0.3166037346908171 0.3141298108318196 0.31165588697282215 0.3091819631138247 0.3067080392548272 0.30445633837751435 0.30244219889235013 0.3004280594071824 0.29841391992201816 0.29639978043685394 0.2943856409516897 0.2923715014665254 0.2903573619813612 0.2883432224961969 0.28632908301103266 0.28431494352586845 0.2823008040407042 0.2802866645555399 0.2782725250703757 0.27625838558521143 0.2742442461000437 0.2722301066148795 0.27021596712971524 0.26820182764455097 0.26618768815938676 0.2641735486742225 0.2621594091890582 0.26014526970389396 0.25813113021872974 0.2561169907335655 0.25410285124840126 0.252088711763237
0.344075881946193 0.34159078876257937 0.33910569557896575 0.3366206023953522 0.33413550921173857 0.33165041602812073 0.3291653228445071 0.3266802296608935 0.3241951364772799 0.3217100432936663 0.3192249501100527 0.3167398569264391 0.31425476374282546 0.3117696705592119 0.3092845773755983 0.30679948419198466 0.304537496434503 0.3025140134222372 0.300490530409968 0.2984670473977022 0.29644356438543645 0.29442008137317066 0.29239659836090487 0.2903731153486391 0.28834963233637334 0.28632614932410755 0.28430266631184176 0.28227918329957596 0.28025570028731017 0.27823221727504444 0.27620873426277864 0.2741852512505094 0.2721617682382436 0.2701382852259778 0.2681148022137121 0.2660913192014463 0.2640678361891805 0.2620443531769147 0.2600208701646489 0.2579973871523832 0.2559739041401174 0.2539504211278516 0.2519269381155858
0.3443348667525924 0.3418386042443627 0.339342341736133 0.3368460792279032 0.3343498167196735 0.33185355421143947 0.32935729170320976 0.32686102919498006 0.3243647666867503 0.3218685041785206 0.3193722416702908 0.3168759791620611 0.31437971665383135 0.31188345414560165 0.30938719163737194 0.3068909291291422 0.30461865449149167 0.3025858279521244 0.3005530014127536 0.2985201748733863 0.29648734833401896 0.29445452179465165 0.2924216952552844 0.29038886871591707 0.28835604217654975 0.28632321563718244 0.2842903890978151 0.2822575625584478 0.2802247360190805 0.2781919094797132 0.27615908294034586 0.2741262564009751 0.2720934298616078 0.27006060332224047 0.26802777678287315 0.26599495024350583 0.2639621237041385 0.2619292971647712 0.2598964706254039 0.25786364408603657 0.2558308175466693 0.253797991007302 0.2517651644679347
0.34459385155899186 0.34208641972614595 0.3395789878933001 0.33707155606045425 0.3345641242276084 0.33205669239475827 0.3295492605619124 0.3270418287290665 0.32453439689622066 0.3220269650633748 0.31951953323052895 0.3170121013976831 0.31450466956483725 0.3119972377319914 0.3094898058991455 0.30698237406629963 0.30469981254848033 0.3026576424820115 0.30061547241553915 0.2985733023490703 0.2965311322826015 0.29448896221613263 0.2924467921496638 0.29040462208319495 0.2883624520167261 0.28632028195025727 0.28427811188378843 0.2822359418173196 0.28019377175085075 0.2781516016843819 0.27610943161791307 0.27406726155144073 0.2720250914849719 0.26998292141850305 0.2679407513520342 0.26589858128556537 0.26385641121909653 0.2618142411526277 0.25977207108615885 0.25772990101969 0.25568773095322117 0.25364556088675233 0.2516033908202835
0.3448528363653912 0.34233423520792927 0.3398156340504673 0.3372970328930053 0.3347784317355433 0.332259830578077 0.329741229420615 0.327222628263153 0.324704027105691 0.322185425948229 0.319666824790767 0.3171482236333051 0.3146296224758431 0.3121110213183811 0.3095924201609191 0.3070738190034571 0.30478097060546894 0.3027294570118986 0.3006779434183247 0.29862642982475435 0.296574916231184 0.2945234026376136 0.29247188904404325 0.2904203754504729 0.28836886185690247 0.2863173482633321 0.28426583466976174 0.2822143210761914 0.280162807482621 0.27811129388905065 0.2760597802954803 0.2740082667019064 0.271956753108336 0.26990523951476564 0.2678537259211953 0.2658022123276249 0.26375069873405455 0.2616991851404842 0.2596476715469138 0.25759615795334345 0.2555446443597731 0.25349313076620267 0.2514416171726323
0.3451118211717909 0.34258205068971276 0.34005228020763467 0.33752250972555653 0.3349927392434784 0.33246296876139597 0.32993319827931783 0.3274034277972397 0.32487365731516155 0.32234388683308346 0.3198141163510053 0.3172843458689272 0.31475457538684903 0.31222480490477095 0.3096950344226928 0.30716526394061466 0.3048621286624577 0.30280127154178577 0.3007404144211104 0.29867955730043844 0.29661870017976655 0.29455784305909466 0.2924969859384227 0.2904361288177508 0.2883752716970789 0.286314414576407 0.2842535574557351 0.28219270033506316 0.2801318432143913 0.2780709860937194 0.27601012897304744 0.27394927185237206 0.2718884147317001 0.2698275576110282 0.2677667004903563 0.2657058433696844 0.2636449862490125 0.26158412912834056 0.25952327200766867 0.2574624148869967 0.25540155776632484 0.25334070064565295 0.251279843524981
0.3453708059781903 0.3428298661714961 0.3402889263648018 0.33774798655810756 0.33520704675141333 0.3326661069447147 0.3301251671380205 0.3275842273313262 0.32504328752463196 0.32250234771793773 0.31996140791124345 0.3174204681045492 0.3148795282978549 0.3123385884911607 0.30979764868446646 0.3072567088777722 0.30494328671944637 0.30287308607167296 0.300802885423896 0.2987326847761225 0.2966624841283491 0.29459228348057565 0.29252208283280223 0.29045188218502876 0.28838168153725535 0.2863114808894819 0.28424128024170847 0.282171079593935 0.2801008789461616 0.2780306782983881 0.2759604776506147 0.27389027700283775 0.2718200763550643 0.2697498757072908 0.2676796750595174 0.265609474411744 0.2635392737639705 0.26146907311619705 0.25939887246842364 0.25732867182065017 0.25525847117287676 0.2531882705251033 0.2511180698773299
0.3456297907845898 0.34307768165327934 0.34052557252196897 0.3379734633906586 0.3354213542593482 0.3328692451280335 0.3303171359967231 0.3277650268654127 0.3252129177341023 0.32266080860279195 0.3201086994714816 0.3175565903401712 0.3150044812088608 0.3124523720775504 0.30990026294624 0.30734815381492964 0.30502444477643503 0.30294490060156004 0.30086535642668155 0.29878581225180656 0.2967062680769316 0.29462672390205663 0.29254717972718164 0.2904676355523067 0.2883880913774317 0.2863085472025567 0.2842290030276818 0.2821494588528068 0.28006991467793185 0.27799037050305686 0.27591082632818187 0.2738312821533034 0.2717517379784284 0.26967219380355345 0.26759264962867846 0.2655131054538035 0.26343356127892853 0.26135401710405354 0.2592744729291786 0.2571949287543036 0.2551153845794286 0.2530358404045537 0.2509562962296787
0.34588877559098913 0.3433254971350626 0.34076221867913614 0.3381989402232096 0.3356356617672831 0.3330723833113522 0.33050910485542573 0.3279458263994992 0.3253825479435727 0.32281926948764617 0.32025599103171964 0.3176927125757931 0.3151294341198666 0.31256615566394014 0.3100028772080136 0.3074395987520871 0.30510560283342364 0.3030167151314472 0.3009278274294671 0.2988389397274906 0.2967500520255141 0.2946611643235376 0.2925722766215611 0.2904833889195846 0.2883945012176081 0.2863056135156316 0.2842167258136551 0.28212783811167863 0.2800389504097021 0.2779500627077256 0.2758611750057491 0.273772287303769 0.27168339960179255 0.26959451189981604 0.2675056241978395 0.26541673649586306 0.26332784879388654 0.26123896109191 0.25915007338993357 0.25706118568795705 0.25497229798598053 0.2528834102840041 0.25079452258202756
0.3461477603973886 0.3435733126168459 0.3409988648363033 0.33842441705576065 0.33584996927521804 0.333275521494671 0.3307010737141284 0.3281266259335857 0.3255521781530431 0.32297773037250044 0.3204032825919578 0.31782883481141516 0.3152543870308725 0.3126799392503299 0.3101054914697873 0.3075310436892446 0.30518676089041236 0.3030885296613343 0.3009902984322527 0.2988920672031747 0.29679383597409664 0.2946956047450186 0.29259737351594056 0.2904991422868626 0.28840091105778454 0.2863026798287065 0.28420444859962846 0.2821062173705504 0.2800079861414724 0.2779097549123944 0.27581152368331635 0.2737132924542347 0.2716150612251567 0.2695168299960787 0.26741859876700064 0.2653203675379226 0.26322213630884456 0.26112390507976657 0.25902567385068853 0.2569274426216105 0.25482921139253245 0.2527309801634544 0.25063274893437637
0.346406745203788 0.34382112809862925 0.3412355109934705 0.3386498938883117 0.3360642767831529 0.33347865967798973 0.330893042572831 0.3283074254676722 0.32572180836251347 0.3231361912573547 0.3205505741521959 0.31796495704703714 0.3153793399418784 0.3127937228367196 0.3102081057315608 0.30762248862640207 0.30526791894740096 0.3031603441912214 0.3010527694350383 0.2989451946788587 0.29683761992267915 0.2947300451664996 0.29262247041032 0.29051489565414046 0.2884073208979609 0.28629974614178133 0.28419217138560177 0.2820845966294222 0.27997702187324264 0.2778694471170631 0.2757618723608835 0.2736542976047004 0.2715467228485208 0.26943914809234126 0.2673315733361617 0.26522399857998213 0.26311642382380257 0.261008849067623 0.25890127431144344 0.2567936995552639 0.2546861247990843 0.25257855004290475 0.2504709752867252
0.34666573001018763 0.34406894358041273 0.34147215715063783 0.33887537072086293 0.33627858429108803 0.3336817978613087 0.3310850114315338 0.3284882250017589 0.325891438571984 0.3232946521422091 0.3206978657124342 0.3181010792826593 0.3155042928528844 0.31290750642310944 0.31031071999333454 0.30771393356355964 0.30534907700438974 0.30323215872110865 0.3011152404378239 0.2989983221545428 0.2968814038712617 0.29476448558798063 0.29264756730469954 0.2905306490214184 0.2884137307381373 0.2862968124548562 0.28417989417157513 0.282062975888294 0.2799460576050129 0.2778291393217318 0.2757122210384507 0.273595302755166 0.2714783844718849 0.2693614661886038 0.2672445479053227 0.2651276296220416 0.26301071133876053 0.26089379305547944 0.2587768747721983 0.2566599564889172 0.2545430382056361 0.25242611992235503 0.2503092016390739
0.3469247148165871 0.34431675906219605 0.341708803307805 0.33910084755341396 0.3364928917990229 0.33388493604462743 0.33127698029023644 0.3286690245358454 0.32606106878145436 0.3234531130270633 0.32084515727267227 0.3182372015182813 0.3156292457638902 0.3130212900094992 0.31041333425510814 0.3078053785007171 0.30543023506137834 0.30330397325099573 0.30117771144060945 0.29905144963022684 0.2969251878198442 0.29479892600946156 0.29267266419907895 0.29054640238869633 0.2884201405783137 0.28629387876793105 0.28416761695754844 0.28204135514716583 0.27991509333678316 0.27778883152640055 0.27566256971601794 0.27353630790563166 0.27141004609524905 0.26928378428486643 0.26715752247448377 0.26503126066410115 0.26290499885371854 0.2607787370433359 0.25865247523295326 0.25652621342257065 0.254399951612188 0.25227368980180537 0.25014742799142275
0.3471836996229865 0.3445645745439793 0.3419454494649722 0.339326324385965 0.33670719930695786 0.33408807422794623 0.3314689491489391 0.3288498240699319 0.3262306989909247 0.3236115739119176 0.32099244883291045 0.31837332375390326 0.31575419867489607 0.31313507359588894 0.3105159485168818 0.3078968234378746 0.30551139311836706 0.30337578778088287 0.30124018244339507 0.29910457710591093 0.29696897176842674 0.2948333664309426 0.29269776109345846 0.29056215575597427 0.28842655041849014 0.28629094508100594 0.2841553397435218 0.28201973440603767 0.2798841290685535 0.27774852373106934 0.27561291839358515 0.27347731305609735 0.2713417077186132 0.269206102381129 0.2670704970436449 0.2649348917061607 0.26279928636867655 0.2606636810311924 0.2585280756937082 0.2563924703562241 0.2542568650187399 0.25212125968125576 0.2499856543437716
