Figures/CREST_Example_wjb_NSE/PETs/wjb.pet.20090309.asc
ncols            288
nrows            254
xllcorner        113.274861
yllcorner        31.4918055
cellsize         0.008333333333
NODATA_value     -9999
[rows 160 to 179 of 254, columns 176 to 219 of 288]
1.9878997470887398 1.987359581721179 1.9868194163536184 1.9862792509860574 1.9857390856184967 1.985198920250936 1.9846587548833743 1.9841185895158135 1.9835784241482526 1.9830382587806918 1.982498093413131 1.9819579280455704 1.9814177626780094 1.9808775973104487 1.980337431942888 1.9797972665753272 1.979036168131993 1.9780388872316912 1.9770416063313894 1.9760443254310858 1.975047044530784 1.974049763630482 1.97305248273018 1.9720552018298783 1.9710579209295764 1.9700606400292746 1.9690633591289726 1.9680660782286707 1.967068797328369 1.966071516428067 1.965074235527765 1.9640769546274632 1.9630796737271596 1.9620823928268578 1.961085111926556 1.9600878310262542 1.9590905501259521 1.9580932692256503 1.9570959883253485 1.9560987074250467 1.9551014265247448 1.9541041456244428 1.953106864724141 1.9521095838238391
1.9867211426687832 1.9861819307321937 1.9856427187956043 1.9851035068590148 1.9845642949224251 1.9840250829858357 1.9834858710492453 1.9829466591126559 1.9824074471760662 1.9818682352394767 1.9813290233028873 1.9807898113662978 1.9802505994297084 1.9797113874931187 1.9791721755565292 1.9786329636199398 1.977877588291329 1.9768911294056033 1.9759046705198773 1.97491821163415 1.9739317527484241 1.9729452938626983 1.9719588349769723 1.9709723760912465 1.9699859172055207 1.968999458319795 1.9680129994340692 1.9670265405483434 1.9660400816626176 1.9650536227768918 1.964067163891166 1.96308070500544 1.9620942461197126 1.9611077872339868 1.960121328348261 1.959134869462535 1.9581484105768092 1.9571619516910834 1.9561754928053576 1.9551890339196318 1.954202575033906 1.9532161161481802 1.9522296572624545 1.9512431983767287
1.9855425382488268 1.9850042797432086 1.9844660212375904 1.983927762731972 1.9833895042263538 1.9828512457207357 1.9823129872151164 1.9817747287094982 1.98123647020388 1.9806982116982619 1.9801599531926435 1.9796216946870253 1.9790834361814071 1.978545177675789 1.9780069191701706 1.9774686606645524 1.976719008450665 1.9757433715795152 1.9747677347083654 1.973792097837214 1.9728164609660643 1.9718408240949146 1.9708651872237648 1.969889550352615 1.9689139134814653 1.9679382766103155 1.9669626397391657 1.965987002868016 1.9650113659968662 1.9640357291257164 1.9630600922545667 1.962084455383417 1.9611088185122656 1.9601331816411158 1.959157544769966 1.9581819078988163 1.9572062710276665 1.9562306341565168 1.955254997285367 1.9542793604142172 1.9533037235430675 1.9523280866719177 1.951352449800768 1.9503768129296182
1.9843639338288692 1.983826628754222 1.9832893236795752 1.9827520186049283 1.9822147135302814 1.9816774084556343 1.9811401033809866 1.9806027983063397 1.9800654932316926 1.9795281881570457 1.9789908830823988 1.9784535780077517 1.9779162729331048 1.977378967858458 1.976841662783811 1.976304357709164 1.97556042861 1.9745956137534262 1.9736307988968524 1.9726659840402772 1.9717011691837034 1.97073635432713 1.9697715394705562 1.9688067246139824 1.9678419097574087 1.966877094900835 1.9659122800442614 1.9649474651876877 1.963982650331114 1.9630178354745402 1.9620530206179665 1.961088205761393 1.9601233909048175 1.959158576048244 1.9581937611916702 1.9572289463350965 1.9562641314785227 1.955299316621949 1.9543345017653755 1.9533696869088018 1.952404872052228 1.9514400571956543 1.9504752423390808 1.949510427482507
1.9831853294089126 1.982648977765237 1.9821126261215611 1.9815762744778855 1.98103992283421 1.980503571190534 1.9799672195468576 1.9794308679031818 1.9788945162595062 1.9783581646158306 1.9778218129721548 1.9772854613284792 1.9767491096848033 1.9762127580411277 1.9756764063974521 1.9751400547537763 1.9744018487693356 1.973447855927338 1.9724938630853404 1.971539870243341 1.9705858774013436 1.969631884559346 1.9686778917173482 1.9677238988753507 1.966769906033353 1.9658159131913553 1.9648619203493578 1.96390792750736 1.9629539346653624 1.961999941823365 1.9610459489813672 1.9600919561393695 1.9591379632973702 1.9581839704553727 1.957229977613375 1.9562759847713775 1.9553219919293798 1.9543679990873821 1.9534140062453846 1.952460013403387 1.9515060205613892 1.9505520277193917 1.949598034877394 1.9486440420353963
1.982006724988956 1.9814713267762516 1.980935928563547 1.9804005303508427 1.9798651321381384 1.9793297339254339 1.9787943357127287 1.9782589375000241 1.9777235392873198 1.9771881410746155 1.976652742861911 1.9761173446492066 1.9755819464365023 1.9750465482237978 1.9745111500110935 1.9739757517983891 1.9732432689286716 1.97230009810125 1.9713569272738285 1.9704137564464053 1.9694705856189838 1.9685274147915621 1.9675842439641407 1.966641073136719 1.9656979023092973 1.9647547314818758 1.9638115606544542 1.9628683898270327 1.961925218999611 1.9609820481721896 1.960038877344768 1.9590957065173464 1.9581525356899232 1.9572093648625015 1.95626619403508 1.9553230232076584 1.954379852380237 1.9534366815528152 1.9524935107253938 1.951550339897972 1.9506071690705507 1.949663998243129 1.9487208274157075 1.9477776565882858
1.9808281205689993 1.9802936757872662 1.9797592310055332 1.9792247862238 1.978690341442067 1.9781558966603336 1.9776214518785997 1.9770870070968665 1.9765525623151334 1.9760181175334002 1.9754836727516671 1.9749492279699339 1.9744147831882009 1.9738803384064678 1.9733458936247346 1.9728114488430015 1.9720846890880075 1.9711523402751618 1.9702199914623164 1.9692876426494692 1.9683552938366238 1.9674229450237783 1.9664905962109327 1.9655582473980873 1.9646258985852418 1.9636935497723962 1.9627612009595508 1.961828852146705 1.9608965033338597 1.9599641545210142 1.9590318057081686 1.9580994568953232 1.9571671080824762 1.9562347592696305 1.955302410456785 1.9543700616439394 1.953437712831094 1.9525053640182486 1.951573015205403 1.9506406663925575 1.949708317579712 1.9487759687668664 1.947843619954021 1.9469112711411756
1.9796495161490428 1.979116024798281 1.978582533447519 1.9780490420967574 1.9775155507459954 1.9769820593952336 1.9764485680444708 1.975915076693709 1.975381585342947 1.9748480939921853 1.9743146026414233 1.9737811112906616 1.9732476199398996 1.9727141285891379 1.9721806372383759 1.9716471458876141 1.9709261092473433 1.970004582449074 1.9690830556508045 1.9681615288525334 1.967240002054264 1.9663184752559946 1.9653969484577252 1.9644754216594555 1.9635538948611861 1.9626323680629167 1.9617108412646473 1.9607893144663777 1.9598677876681083 1.958946260869839 1.9580247340715695 1.9571032072733 1.956181680475029 1.9552601536767595 1.9543386268784901 1.9534171000802205 1.9524955732819511 1.9515740464836817 1.9506525196854123 1.9497309928871427 1.9488094660888733 1.9478879392906039 1.9469664124923345 1.9460448856940649
1.9784709117290862 1.9779383738092957 1.977405835889505 1.9768732979697146 1.9763407600499239 1.9758082221301334 1.9752756842103418 1.9747431462905514 1.9742106083707607 1.9736780704509702 1.9731455325311795 1.972612994611389 1.9720804566915984 1.971547918771808 1.9710153808520172 1.9704828429322268 1.9697675294066794 1.968856824622986 1.9679461198392925 1.9670354150555975 1.9661247102719042 1.9652140054882108 1.9643033007045174 1.963392595920824 1.9624818911371307 1.9615711863534373 1.960660481569744 1.9597497767860506 1.958839072002357 1.9579283672186636 1.9570176624349702 1.9561069576512768 1.955196252867582 1.9542855480838885 1.9533748433001952 1.9524641385165018 1.9515534337328084 1.950642728949115 1.9497320241654215 1.948821319381728 1.9479106145980347 1.9469999098143413 1.946089205030648 1.9451785002469546
1.9772923073091297 1.9767607228203103 1.976229138331491 1.9756975538426718 1.9751659693538524 1.9746343848650332 1.9741028003762129 1.9735712158873937 1.9730396313985743 1.972508046909755 1.9719764624209357 1.9714448779321163 1.9709132934432971 1.9703817089544777 1.9698501244656585 1.9693185399768391 1.968608949566015 1.9677090667968977 1.9668091840277804 1.9659093012586615 1.9650094184895444 1.964109535720427 1.9632096529513097 1.9623097701821923 1.961409887413075 1.9605100046439576 1.9596101218748403 1.958710239105723 1.9578103563366056 1.9569104735674883 1.956010590798371 1.9551107080292536 1.9542108252601347 1.9533109424910173 1.9524110597219 1.9515111769527826 1.9506112941836653 1.949711411414548 1.9488115286454306 1.9479116458763133 1.947011763107196 1.9461118803380786 1.9452119975689612 1.9443121147998441
1.976113702889172 1.975583071831324 1.975052440773476 1.9745218097156279 1.97399117865778 1.9734605475999318 1.972929916542083 1.972399285484235 1.9718686544263868 1.971338023368539 1.9708073923106908 1.970276761252843 1.9697461301949948 1.9692154991371467 1.9686848680792988 1.9681542370214506 1.96745036972535 1.9665613089708087 1.9656722482162674 1.9647831874617248 1.9638941267071834 1.9630050659526421 1.9621160051981008 1.9612269444435597 1.9603378836890184 1.959448822934477 1.9585597621799358 1.9576707014253945 1.9567816406708534 1.955892579916312 1.9550035191617707 1.9541144584072294 1.9532253976526868 1.9523363368981455 1.9514472761436041 1.9505582153890628 1.9496691546345217 1.9487800938799804 1.947891033125439 1.9470019723708978 1.9461129116163565 1.9452238508618154 1.944334790107274 1.9434457293527327
1.9749350984692153 1.9744054208423387 1.9738757432154619 1.9733460655885853 1.9728163879617084 1.9722867103348316 1.971757032707954 1.9712273550810773 1.9706976774542007 1.9701679998273238 1.969638322200447 1.9691086445735704 1.9685789669466935 1.968049289319817 1.96751961169294 1.9669899340660633 1.966291789884686 1.9654135511447208 1.9645353124047555 1.963657073664789 1.9627788349248236 1.9619005961848583 1.9610223574448933 1.960144118704928 1.9592658799649627 1.9583876412249976 1.9575094024850324 1.956631163745067 1.955752925005102 1.9548746862651367 1.9539964475251714 1.9531182087852064 1.9522399700452395 1.9513617313052745 1.9504834925653092 1.9496052538253439 1.9487270150853786 1.9478487763454135 1.9469705376054482 1.946092298865483 1.945214060125518 1.9443358213855526 1.9434575826455873 1.9425793439056223
1.973756494049259 1.9732277698533534 1.9726990456574478 1.9721703214615425 1.971641597265637 1.9711128730697314 1.9705841488738252 1.9700554246779196 1.969526700482014 1.9689979762861087 1.9684692520902032 1.9679405278942976 1.9674118036983923 1.9668830795024868 1.9663543553065812 1.9658256311106759 1.9651332100440217 1.9642657933186325 1.9633983765932435 1.9625309598678529 1.9616635431424636 1.9607961264170746 1.9599287096916853 1.9590612929662963 1.958193876240907 1.957326459515518 1.9564590427901287 1.9555916260647397 1.9547242093393504 1.9538567926139614 1.9529893758885721 1.952121959163183 1.9512545424377925 1.9503871257124032 1.9495197089870142 1.948652292261625 1.947784875536236 1.9469174588108467 1.9460500420854576 1.9451826253600684 1.9443152086346793 1.94344779190929 1.942580375183901 1.9417129584585118
1.9725778896293023 1.9720501188643682 1.971522348099434 1.9709945773344997 1.9704668065695656 1.9699390358046314 1.9694112650396962 1.968883494274762 1.968355723509828 1.9678279527448936 1.9673001819799594 1.966772411215025 1.966244640450091 1.9657168696851568 1.9651890989202225 1.9646613281552885 1.9639746302033578 1.9631180354925446 1.9622614407817316 1.961404846070917 1.9605482513601038 1.9596916566492908 1.9588350619384778 1.9579784672276646 1.9571218725168515 1.9562652778060385 1.9554086830952253 1.9545520883844123 1.953695493673599 1.952838898962786 1.951982304251973 1.9511257095411598 1.9502691148303453 1.9494125201195323 1.948555925408719 1.947699330697906 1.946842735987093 1.9459861412762798 1.9451295465654668 1.9442729518546538 1.9434163571438405 1.9425597624330275 1.9417031677222143 1.9408465730114013
1.9713992852093458 1.9708724678753828 1.9703456505414199 1.9698188332074569 1.9692920158734941 1.9687651985395311 1.9682383812055673 1.9677115638716045 1.9671847465376415 1.9666579292036785 1.9661311118697156 1.9656042945357528 1.9650774772017898 1.9645506598678268 1.9640238425338639 1.963497025199901 1.9628160503626937 1.9619702776664567 1.9611245049702197 1.9602787322739812 1.9594329595777442 1.958587186881507 1.95774141418527 1.956895641489033 1.956049868792796 1.9552040960965589 1.954358323400322 1.953512550704085 1.952666778007848 1.951821005311611 1.9509752326153738 1.9501294599191368 1.9492836872228982 1.9484379145266613 1.9475921418304243 1.9467463691341873 1.94590059643795 1.9450548237417131 1.9442090510454761 1.9433632783492392 1.942517505653002 1.941671732956765 1.940825960260528 1.939980187564291
1.9702206807893892 1.9696948168863975 1.9691689529834058 1.968643089080414 1.9681172251774226 1.967591361274431 1.9670654973714383 1.9665396334684466 1.966013769565455 1.9654879056624635 1.9649620417594718 1.96443617785648 1.9639103139534884 1.9633844500504969 1.9628585861475052 1.9623327222445135 1.9616574705220295 1.9608225198403686 1.9599875691587074 1.9591526184770451 1.9583176677953842 1.9574827171137232 1.9566477664320623 1.9558128157504013 1.9549778650687402 1.9541429143870792 1.9533079637054183 1.9524730130237573 1.9516380623420964 1.9508031116604354 1.9499681609787745 1.9491332102971135 1.948298259615451 1.94746330893379 1.946628358252129 1.9457934075704681 1.9449584568888072 1.9441235062071462 1.9432885555254853 1.9424536048438243 1.9416186541621634 1.9407837034805022 1.9399487527988413 1.9391138021171803
1.9690420763694316 1.9685171658974112 1.9679922554253908 1.9674673449533704 1.96694243448135 1.9664175240093296 1.9658926135373085 1.965367703065288 1.9648427925932677 1.9643178821212472 1.9637929716492268 1.9632680611772064 1.9627431507051862 1.9622182402331658 1.9616933297611454 1.961168419289125 1.9604988906813643 1.9596747620142794 1.9588506333471944 1.9580265046801082 1.9572023760130233 1.9563782473459383 1.9555541186788534 1.9547299900117685 1.9539058613446838 1.9530817326775989 1.952257604010514 1.951433475343429 1.9506093466763441 1.9497852180092592 1.9489610893421743 1.9481369606750893 1.947312832008003 1.9464887033409182 1.9456645746738332 1.9448404460067483 1.9440163173396634 1.9431921886725785 1.9423680600054936 1.9415439313384089 1.940719802671324 1.939895674004239 1.939071545337154 1.9382474166700692
1.967863471949475 1.9673395149084258 1.966815557867377 1.9662916008263278 1.9657676437852787 1.9652436867442296 1.9647197297031795 1.9641957726621304 1.9636718156210813 1.9631478585800322 1.9626239015389833 1.9620999444979341 1.961575987456885 1.9610520304158359 1.9605280733747867 1.9600041163337376 1.9593403108407004 1.9585270041881915 1.9577136975356826 1.9569003908831724 1.9560870842306635 1.9552737775781548 1.954460470925646 1.953647164273137 1.952833857620628 1.9520205509681192 1.9512072443156103 1.9503939376631017 1.9495806310105928 1.9487673243580839 1.947954017705575 1.947140711053066 1.9463274044005558 1.9455140977480472 1.9447007910955383 1.9438874844430294 1.9430741777905205 1.9422608711380116 1.941447564485503 1.940634257832994 1.9398209511804851 1.9390076445279762 1.9381943378754674 1.9373810312229587
1.9680657771295111 1.967556499589326 1.9670472220491406 1.9665379445089552 1.9660286669687699 1.9655193894285845 1.9650101118883985 1.964500834348213 1.9639915568080277 1.9634822792678424 1.962973001727657 1.9624637241874716 1.9619544466472865 1.961445169107101 1.9609358915669157 1.9604266140267304 1.9597706437726141 1.9589578556881475 1.9581450676036807 1.9573322795192125 1.956519491434746 1.955706703350279 1.9548939152658122 1.9540811271813456 1.9532683390968788 1.952455551012412 1.9516427629279454 1.9508299748434785 1.9500171867590117 1.949204398674545 1.9483916105900783 1.9475788225056114 1.9467660344211433 1.9459532463366767 1.9451404582522098 1.944327670167743 1.9435148820832764 1.9427020939988096 1.9418893059143427 1.9410765178298761 1.9402637297454093 1.9394509416609425 1.9386381535764758 1.937825365492009
1.9697441876292996 1.9692642618935 1.9687843361577004 1.968304410421901 1.9678244846861013 1.9673445589503018 1.9668646332145014 1.966384707478702 1.9659047817429023 1.9654248560071028 1.9649449302713031 1.9644650045355037 1.9639850787997042 1.9635051530639045 1.963025227328105 1.9625453015923056 1.9618994243047447 1.9610761410534308 1.9602528578021166 1.959429574550801 1.958606291299487 1.9577830080481728 1.9569597247968589 1.9561364415455447 1.9553131582942307 1.9544898750429165 1.9536665917916025 1.9528433085402883 1.9520200252889743 1.9511967420376601 1.9503734587863462 1.949550175535032 1.9487268922837164 1.9479036090324024 1.9470803257810883 1.9462570425297743 1.94543375927846 1.944610476027146 1.943787192775832 1.942963909524518 1.9421406262732037 1.9413173430218897 1.9404940597705755 1.9396707765192616
