Figures/CREST_Example_wjb_NSE/PETs/wjb.pet.20101215.asc
ncols            288
nrows            254
xllcorner        113.274861
yllcorner        31.4918055
cellsize         0.008333333333
NODATA_value     -9999
[rows 190 to 208 of 254, columns 129 to 171 of 288]
0.17064793448455937 0.1682267652105297 0.16580559593650418 0.16499489199752604 0.16590581192452808 0.16681673185153015 0.1677276517785322 0.16863857170553423 0.16954949163253627 0.1704604115595383 0.17137133148654035 0.1722822514135424 0.17319317134054443 0.17410409126754647 0.1750150111945501 0.17592593112155214 0.17683685104855418 0.17774777097555622 0.17865869090255826 0.1795696108295603 0.18048053075656234 0.18139145068356438 0.18230237061056642 0.18321329053756846 0.18412421046457053 0.18503513039157257 0.1859460503185746 0.1868569702455782 0.18776789017258025 0.1886788100995823 0.18958973002658433 0.19050064995358637 0.19141156988058844 0.19149227691087278 0.19068546757393087 0.18987865823698893 0.189071848900047 0.18826503956310509 0.18745823022616315 0.1866514208892212 0.1858446115522779 0.18503780221533597 0.18423099287839406
0.17230107578021228 0.1696396613582153 0.16697824693622282 0.1660683074949965 0.1670307344201443 0.1679931613452921 0.1689555882704399 0.16991801519558772 0.17088044212073555 0.17184286904588336 0.17280529597103117 0.17376772289617898 0.17473014982132679 0.1756925767464746 0.17665500367162407 0.17761743059677187 0.17857985752191968 0.1795422844470675 0.1805047113722153 0.1814671382973631 0.18242956522251091 0.18339199214765872 0.18435441907280656 0.18531684599795437 0.18627927292310217 0.18724169984824998 0.1882041267733978 0.18916655369854724 0.19012898062369507 0.19109140754884288 0.1920538344739907 0.1930162613991385 0.1939786883242863 0.19403657272672636 0.1931274807103114 0.19221838869389646 0.1913092966774815 0.19040020466106658 0.18949111264465163 0.18858202062823667 0.18767292861182017 0.18676383659540524 0.1858547445789903
0.17395421707586517 0.17105255750590082 0.1681508979359414 0.16714172299246688 0.16815565691576048 0.16916959083905406 0.17018352476234763 0.1711974586856412 0.17221139260893478 0.17322532653222839 0.17423926045552196 0.17525319437881554 0.1762671283021091 0.17728106222540269 0.178294996148698 0.17930893007199158 0.18032286399528516 0.18133679791857876 0.18235073184187234 0.1833646657651659 0.1843785996884595 0.18539253361175306 0.18640646753504664 0.18742040145834024 0.18843433538163382 0.1894482693049274 0.19046220322822097 0.1914761371515163 0.19249007107480987 0.19350400499810344 0.19451793892139702 0.19553187284469062 0.1965458067679842 0.19658086854257992 0.19556949384669198 0.194558119150804 0.19354674445491604 0.19253536975902807 0.1915239950631401 0.19051262036725214 0.18950124567136245 0.18848987097547448 0.18747849627958652
0.17560735837151809 0.17246545365358637 0.16932354893566004 0.16821513848993733 0.16928057941137667 0.17034602033281604 0.17141146125425538 0.17247690217569472 0.17354234309713407 0.1746077840185734 0.17567322494001278 0.17673866586145212 0.17780410678289146 0.1788695477043308 0.17993498862577198 0.18100042954721132 0.18206587046865066 0.18313131139009003 0.18419675231152938 0.18526219323296872 0.18632763415440806 0.1873930750758474 0.18845851599728677 0.18952395691872612 0.19058939784016546 0.19165483876160483 0.19272027968304417 0.19378572060448532 0.1948511615259247 0.19591660244736403 0.19698204336880337 0.19804748429024271 0.19911292521168206 0.1991251643584335 0.19801150698307252 0.19689784960771153 0.19578419223235055 0.19467053485698957 0.1935568774816286 0.1924432201062676 0.19132956273090473 0.19021590535554375 0.18910224798018277
0.17726049966717167 0.1738783498012725 0.17049619993537912 0.1692885539874082 0.17040550190699333 0.17152244982657847 0.1726393977461636 0.17375634566574874 0.17487329358533388 0.17599024150491904 0.17710718942450418 0.17822413734408932 0.17934108526367445 0.1804580331832596 0.18157498110284664 0.18269192902243178 0.18380887694201692 0.18492582486160206 0.1860427727811872 0.18715972070077233 0.18827666862035747 0.1893936165399426 0.19051056445952774 0.19162751237911288 0.19274446029869802 0.19386140821828318 0.19497835613786832 0.19609530405745534 0.19721225197704048 0.19832919989662562 0.19944614781621078 0.20056309573579592 0.20168004365538106 0.20166946017428816 0.2004535201194541 0.19923758006462008 0.19802164000978603 0.19680569995495198 0.19558975990011795 0.1943738198452839 0.1931578797904478 0.19194193973561374 0.19072599968077972
0.17891364096282458 0.17529124594895806 0.17166885093509776 0.17036196948487864 0.17153042440260954 0.17269887932034045 0.17386733423807135 0.17503578915580226 0.17620424407353316 0.17737269899126407 0.178541153908995 0.1797096088267259 0.1808780637444568 0.1820465186621877 0.18321497357992061 0.18438342849765152 0.18555188341538242 0.18672033833311333 0.18788879325084426 0.18905724816857516 0.19022570308630607 0.19139415800403697 0.19256261292176788 0.19373106783949878 0.1948995227572297 0.19606797767496062 0.19723643259269152 0.19840488751042443 0.19957334242815533 0.20074179734588624 0.20191025226361714 0.20307870718134804 0.20424716209907895 0.20421375599014177 0.2028955332558347 0.20157731052152764 0.20025908778722057 0.1989408650529135 0.19762264231860646 0.1963044195842994 0.19498619684999008 0.193667974115683 0.19234975138137597
0.18056678225847744 0.1767041420966436 0.17284150193481634 0.17143538498234903 0.1726553468982257 0.1738753088141024 0.17509527072997907 0.17631523264585575 0.17753519456173242 0.1787551564776091 0.1799751183934858 0.18119508030936246 0.18241504222523913 0.1836350041411158 0.18485496605699456 0.18607492797287126 0.18729488988874793 0.1885148518046246 0.18973481372050127 0.19095477563637794 0.19217473755225464 0.19339469946813131 0.194614661384008 0.19583462329988466 0.19705458521576136 0.19827454713163803 0.1994945090475147 0.20071447096339345 0.20193443287927013 0.2031543947951468 0.2043743567110235 0.20559431862690017 0.20681428054277684 0.20675805180599532 0.20533754639221524 0.20391704097843516 0.2024965355646551 0.20107603015087502 0.19965552473709494 0.19823501932331486 0.19681451390953236 0.19539400849575228 0.1939735030819722
0.18221992355413108 0.17811703824432978 0.17401415293453545 0.17250880047981992 0.1737802693938424 0.17505173830786486 0.17632320722188732 0.1775946761359098 0.17886614504993226 0.18013761396395472 0.1814090828779772 0.18268055179199966 0.18395202070602212 0.1852234896200446 0.18649495853406925 0.18776642744809172 0.18903789636211418 0.19030936527613665 0.19158083419015912 0.19285230310418158 0.19412377201820405 0.19539524093222652 0.19666670984624898 0.19793817876027145 0.19920964767429392 0.20048111658831638 0.20175258550233885 0.20302405441636348 0.20429552333038595 0.20556699224440841 0.20683846115843088 0.20810993007245335 0.20938139898647581 0.20930234762185 0.20777955952859684 0.2062567714353437 0.20473398334209056 0.20321119524883743 0.20168840715558428 0.20016561906233116 0.19864283096907542 0.19712004287582227 0.19559725478256915
0.18387306484978394 0.1795299343920153 0.17518680393425404 0.17358221597729034 0.17490519188945858 0.1762281678016268 0.17755114371379505 0.17887411962596328 0.1801970955381315 0.18152007145029975 0.18284304736246798 0.18416602327463621 0.18548899918680448 0.1868119750989727 0.1881349510111432 0.18945792692331143 0.19078090283547966 0.1921038787476479 0.19342685465981613 0.19474983057198436 0.19607280648415262 0.19739578239632086 0.1987187583084891 0.20004173422065732 0.20136471013282556 0.2026876860449938 0.20401066195716203 0.2053336378693325 0.20665661378150074 0.207979589693669 0.20930256560583724 0.21062554151800547 0.2119485174301737 0.21184664343770357 0.2102215726649774 0.20859650189225123 0.2069714311195251 0.20534636034679893 0.2037212895740728 0.20209621880134662 0.2004711480286177 0.19884607725589154 0.19722100648316537
0.18552620614543686 0.18094283053970087 0.17635945493397268 0.17465563147476076 0.17603011438507477 0.1774045972953888 0.1787790802057028 0.1801535631160168 0.1815280460263308 0.1829025289366448 0.1842770118469588 0.1856514947572728 0.1870259776675868 0.18840046057790083 0.18977494348821716 0.19114942639853116 0.19252390930884516 0.19389839221915917 0.19527287512947317 0.1966473580397872 0.1980218409501012 0.1993963238604152 0.2007708067707292 0.2021452896810432 0.2035197725913572 0.2048942555016712 0.20626873841198523 0.20764322132230156 0.20901770423261556 0.21039218714292957 0.21176667005324357 0.21314115296355757 0.21451563587387157 0.21439093925355712 0.21266358580135797 0.2109362323491588 0.2092088788969596 0.20748152544476042 0.20575417199256127 0.2040268185403621 0.20229946508815996 0.20057211163596078 0.19884475818376163
0.18717934744109047 0.182355726687387 0.17753210593369176 0.17572904697223163 0.17715503688069142 0.17858102678915122 0.18000701669761102 0.1814330066060708 0.1828589965145306 0.1842849864229904 0.1857109763314502 0.18713696623991 0.1885629561483698 0.1899889460568296 0.19141493596529183 0.19284092587375162 0.19426691578221142 0.19569290569067121 0.19711889559913098 0.1985448855075908 0.19997087541605058 0.2013968653245104 0.20282285523297017 0.20424884514143 0.20567483504988976 0.20710082495834958 0.20852681486680935 0.2099528047752716 0.21137879468373139 0.21280478459219118 0.21423077450065098 0.21565676440911077 0.21708275431757057 0.21693523506941179 0.21510559893773956 0.2132759628060673 0.21144632667439509 0.20961669054272286 0.2077870544110506 0.20595741827937838 0.20412778214770302 0.2022981460160308 0.20046850988435855
0.18883248873674335 0.18376862283507256 0.17870475693341037 0.17680246246970208 0.17827995937630764 0.1797574562829132 0.18123495318951877 0.18271245009612433 0.1841899470027299 0.18566744390933546 0.18714494081594102 0.18862243772254658 0.19009993462915215 0.1915774315357577 0.1930549284423658 0.19453242534897136 0.19600992225557692 0.1974874191621825 0.19896491606878805 0.2004424129753936 0.20191990988199918 0.20339740678860474 0.2048749036952103 0.20635240060181587 0.20782989750842146 0.209307394415027 0.21078489132163258 0.21226238822824064 0.2137398851348462 0.2152173820414518 0.21669487894805733 0.21817237585466293 0.21964987276126846 0.2194795308852654 0.21754761207412013 0.2156156932629749 0.21368377445182962 0.21175185564068438 0.20981993682953912 0.20788801801839388 0.20595609920724534 0.20402418039610007 0.2020922615849548
0.19048563003239624 0.1851815189827581 0.17987740793312898 0.17787587796717247 0.17940488187192383 0.18093388577667516 0.1824628896814265 0.18399189358617782 0.18552089749092915 0.18704990139568048 0.1885789053004318 0.19010790920518314 0.19163691310993447 0.1931659170146858 0.19469492091943974 0.1962239248241911 0.19775292872894243 0.19928193263369376 0.2008109365384451 0.20233994044319642 0.20386894434794775 0.20539794825269908 0.2069269521574504 0.20845595606220174 0.2099849599669531 0.2115139638717044 0.21304296777645576 0.2145719716812097 0.21610097558596103 0.21762997949071236 0.2191589833954637 0.22068798730021502 0.22221699120496635 0.22202382670111895 0.2199896252105007 0.2179554237198824 0.21592122222926416 0.21388702073864588 0.2118528192480276 0.20981861775740934 0.2077844162667876 0.20575021477616934 0.20371601328555106
0.19213877132804916 0.18659441513044364 0.1810500589328476 0.17894929346464292 0.18052980436754001 0.1821103152704371 0.1836908261733342 0.18527133707623133 0.18685184797912843 0.18843235888202553 0.19001286978492263 0.19159338068781973 0.19317389159071682 0.19475440249361392 0.1963349133965137 0.19791542429941084 0.19949593520230793 0.20107644610520503 0.20265695700810213 0.20423746791099923 0.20581797881389632 0.20739848971679342 0.20897900061969055 0.21055951152258762 0.21214002242548474 0.21372053332838184 0.21530104423127894 0.21688155513417873 0.21846206603707582 0.22004257693997292 0.22162308784287005 0.22320359874576715 0.22478410964866424 0.22456812251697253 0.22243163834688123 0.22029515417678996 0.21815867000669867 0.21602218583660737 0.2138857016665161 0.2117492174964248 0.20961273332632988 0.20747624915623858 0.2053397649861473
0.19379191262370274 0.18800731127812978 0.18222270993256667 0.18002270896211378 0.18165472686315667 0.18328674476419957 0.18491876266524246 0.18655078056628535 0.18818279846732824 0.18981481636837114 0.19144683426941403 0.19307885217045692 0.19471087007149981 0.1963428879725427 0.19797490587358837 0.19960692377463127 0.20123894167567416 0.20287095957671705 0.20450297747775995 0.20613499537880284 0.20776701327984573 0.20939903118088862 0.21103104908193152 0.2126630669829744 0.2142950848840173 0.2159271027850602 0.21755912068610309 0.21919113858714875 0.22082315648819165 0.22245517438923454 0.22408719229027743 0.22571921019132032 0.22735122809236322 0.2271124183328272 0.22487365148326283 0.2226348846336985 0.22039611778413415 0.21815735093456978 0.21591858408500544 0.2136798172354411 0.21144105038587294 0.2092022835363086 0.20696351668674423
0.19544505391935565 0.18942020742581533 0.18339536093228528 0.18109612445958423 0.1827796493587729 0.18446317425796155 0.1861466991571502 0.18783022405633887 0.18951374895552753 0.1911972738547162 0.19288079875390485 0.1945643236530935 0.19624784855228217 0.19793137345147083 0.19961489835066235 0.201298423249851 0.20298194814903966 0.20466547304822832 0.20634899794741698 0.20803252284660564 0.2097160477457943 0.21139957264498296 0.21308309754417162 0.21476662244336028 0.21645014734254894 0.2181336722417376 0.21981719714092626 0.2215007220401178 0.22318424693930647 0.22486777183849513 0.2265512967376838 0.22823482163687245 0.2299183465360611 0.22965671414868075 0.2273156646196434 0.224974615090606 0.22263356556156866 0.2202925160325313 0.21795146650349392 0.21561041697445657 0.2132693674454152 0.21092831791637784 0.20858726838734049
0.19709819521500854 0.19083310357350086 0.1845680119320039 0.18216953995705462 0.18390457185438905 0.18563960375172348 0.1873746356490579 0.18910966754639233 0.19084469944372678 0.1925797313410612 0.19431476323839564 0.19604979513573006 0.1977848270330645 0.19951985893039892 0.2012548908277363 0.20298992272507074 0.20472495462240517 0.2064599865197396 0.20819501841707402 0.20993005031440845 0.21166508221174288 0.2134001141090773 0.21513514600641173 0.21687017790374616 0.21860520980108059 0.220340241698415 0.22207527359574944 0.22381030549308684 0.22554533739042126 0.2272803692877557 0.22901540118509012 0.23075043308242454 0.23248546497975897 0.23220100996453433 0.22975767775602393 0.22731434554751356 0.22487101333900317 0.2224276811304928 0.2199843489219824 0.21754101671347204 0.21509768450495748 0.2126543522964471 0.2102110200879367
0.19875133651066215 0.19224599972118703 0.185740662931723 0.1832429554545255 0.18502949435000574 0.18681603324548596 0.18860257214096618 0.1903891110364464 0.19217564993192662 0.19396218882740682 0.19574872772288704 0.19753526661836726 0.19932180551384748 0.2011083444093277 0.20289488330481098 0.2046814222002912 0.20646796109577142 0.20825449999125162 0.21004103888673184 0.21182757778221206 0.21361411667769228 0.2154006555731725 0.21718719446865273 0.21897373336413295 0.22076027225961317 0.2225468111550934 0.2243333500505736 0.22611988894605686 0.22790642784153708 0.2296929667370173 0.23147950563249753 0.23326604452797775 0.23505258342345797 0.234745305780389 0.23219969089240555 0.2296540760044221 0.22710846111643865 0.2245628462284552 0.22201723134047177 0.21947161645248833 0.21692600156450054 0.2143803866765171 0.21183477178853366
0.20370204189535468 0.19728770305205148 0.19087336420875925 0.18842865973407166 0.19022758417798108 0.19202650862189052 0.19382543306579994 0.19562435750970938 0.1974232819536188 0.19922220639752825 0.20102113084143766 0.20282005528534708 0.20461897972925652 0.20641790417316594 0.20821682861707844 0.21001575306098788 0.2118146775048973 0.21361360194880674 0.21541252639271616 0.21721145083662557 0.21901037528053502 0.22080929972444444 0.22260822416835385 0.2244071486122633 0.22620607305617274 0.22800499750008216 0.22980392194399157 0.23160284638790407 0.23340177083181352 0.23520069527572293 0.23699961971963235 0.2387985441635418 0.2405974686074512 0.24027447576034125 0.23768310532824588 0.23509173489615048 0.23250036446405511 0.22990899403195975 0.22731762359986435 0.22472625316776898 0.22213488273566917 0.2195435123035738 0.2169521418714784
