Figures/CREST_Example_wjb_NSE/PETs/wjb.pet.20101219.asc
ncols            288
nrows            254
xllcorner        113.274861
yllcorner        31.4918055
cellsize         0.008333333333
NODATA_value     -9999
[rows 114 to 132 of 254, columns 0 to 43 of 288]
-9999.0 -9999.0 -9999.0 -9999.0 -9999.0 -9999.0 -9999.0 -9999.0 -9999.0 -9999.0 -9999.0 -9999.0 -9999.0 -9999.0 -9999.0 -9999.0 -9999.0 -9999.0 -9999.0 -9999.0 -9999.0 -9999.0 -9999.0 -9999.0 -9999.0 -9999.0 -9999.0 -9999.0 -9999.0 -9999.0 -9999.0 -9999.0 -9999.0 0.7157452787262498 0.7165556861919314 0.7173660936576131 0.7181765011232947 0.7189869085889764 0.719797316054658 0.720607723520341 0.7214181309860226 0.7222285384517042 0.7226075640655847 0.7225254327302634
-9999.0 -9999.0 -9999.0 -9999.0 -9999.0 -9999.0 -9999.0 -9999.0 -9999.0 -9999.0 -9999.0 -9999.0 -9999.0 -9999.0 -9999.0 -9999.0 -9999.0 -9999.0 -9999.0 -9999.0 -9999.0 -9999.0 -9999.0 -9999.0 -9999.0 -9999.0 -9999.0 -9999.0 -9999.0 -9999.0 -9999.0 -9999.0 0.7151835815396063 0.7159675747423088 0.7167515679450113 0.7175355611477139 0.7183195543504164 0.719103547553119 0.7198875407558215 0.7206715339585253 0.721455527161228 0.7222395203639305 0.7226064908165961 0.722527654524375
-9999.0 -9999.0 -9999.0 -9999.0 -9999.0 -9999.0 -9999.0 -9999.0 -9999.0 -9999.0 -9999.0 -9999.0 -9999.0 -9999.0 -9999.0 -9999.0 -9999.0 -9999.0 -9999.0 -9999.0 -9999.0 -9999.0 -9999.0 -9999.0 -9999.0 -9999.0 -9999.0 -9999.0 -9999.0 -9999.0 -9999.0 -9999.0 0.7154322918186442 0.7161898707583677 0.7169474496980912 0.7177050286378146 0.7184626075775381 0.7192201865172616 0.7199777654569851 0.7207353443967098 0.7214929233364333 0.7222505022761567 0.7226054175676075 0.7225298763184865
-9999.0 -9999.0 -9999.0 -9999.0 -9999.0 -9999.0 -9999.0 -9999.0 -9999.0 -9999.0 -9999.0 -9999.0 -9999.0 -9999.0 -9999.0 -9999.0 -9999.0 -9999.0 -9999.0 -9999.0 -9999.0 -9999.0 -9999.0 -9999.0 -9999.0 -9999.0 -9999.0 -9999.0 -9999.0 -9999.0 -9999.0 -9999.0 0.7156810020976823 0.7164121667744267 0.717143331451171 0.7178744961279154 0.7186056608046598 0.7193368254814042 0.7200679901581486 0.7207991548348942 0.7215303195116386 0.722261484188383 0.722604344318619 0.7225320981125981
-9999.0 -9999.0 -9999.0 -9999.0 -9999.0 -9999.0 -9999.0 -9999.0 -9999.0 -9999.0 -9999.0 -9999.0 -9999.0 -9999.0 -9999.0 0.7040333426343357 0.7047372822080596 0.7054412217817836 -9999.0 -9999.0 -9999.0 -9999.0 -9999.0 -9999.0 -9999.0 -9999.0 -9999.0 -9999.0 -9999.0 -9999.0 0.7145924362401963 0.7152963758139202 0.7160003153876443 0.7167042549613682 0.7174081945350922 0.7181121341088161 0.7188160736825401 0.7195200132562641 0.7202239528299881 0.7209278924037132 0.7216318319774372 0.7223357715511611 0.7226688568106562 0.7226054904265922
-9999.0 -9999.0 -9999.0 -9999.0 -9999.0 -9999.0 -9999.0 -9999.0 -9999.0 -9999.0 -9999.0 -9999.0 -9999.0 0.7035539919027212 0.7042298396365385 0.7049056873703557 0.705581535104173 0.7062573828379903 -9999.0 -9999.0 -9999.0 -9999.0 -9999.0 -9999.0 -9999.0 -9999.0 -9999.0 -9999.0 -9999.0 0.7143675556437987 0.715043403377616 0.7157192511114333 0.7163950988452505 0.7170709465790678 0.7177467943128851 0.7184226420467024 0.7190984897805196 0.719774337514337 0.7204501852481542 0.7211260329819726 0.7218018807157899 0.7224777284496071 0.7228034763251211 0.7227549595395304
-9999.0 -9999.0 -9999.0 -9999.0 -9999.0 -9999.0 -9999.0 -9999.0 -9999.0 -9999.0 -9999.0 -9999.0 -9999.0 0.7044825203185547 0.7051302762124653 0.7057780321063759 0.7064257880002864 0.7070735438941971 -9999.0 -9999.0 -9999.0 -9999.0 -9999.0 -9999.0 -9999.0 -9999.0 -9999.0 -9999.0 -9999.0 0.7148466146211251 0.7154943705150356 0.7161421264089461 0.7167898823028568 0.7174376381967673 0.718085394090678 0.7187331499845885 0.719380905878499 0.7200286617724097 0.7206764176663202 0.7213241735602319 0.7219719294541425 0.7226196853480531 0.722938095839586 0.7229044286524685
-9999.0 -9999.0 -9999.0 -9999.0 -9999.0 -9999.0 -9999.0 -9999.0 -9999.0 -9999.0 -9999.0 -9999.0 0.7047913846803833 0.7054110487343882 0.706030712788392 0.706650376842396 0.7072700408963998 0.7078897049504037 0.7085093690044075 -9999.0 -9999.0 -9999.0 -9999.0 -9999.0 -9999.0 -9999.0 -9999.0 -9999.0 -9999.0 -9999.0 0.7159453376524553 0.7165650017064591 0.717184665760463 0.717804329814467 0.7184239938684708 0.7190436579224747 0.7196633219764785 0.7202829860304825 0.7209026500844864 0.7215223141384913 0.7221419781924951 0.7227616422464991 0.7230727153540509 0.7230538977654066
-9999.0 -9999.0 -9999.0 -9999.0 -9999.0 -9999.0 -9999.0 -9999.0 -9999.0 -9999.0 -9999.0 -9999.0 0.7057480049361236 0.7063395771502217 0.7069311493643189 0.7075227215784161 0.7081142937925132 0.7087058660066105 0.7092974382207077 0.7098890104348049 0.710480582648902 -9999.0 -9999.0 -9999.0 -9999.0 -9999.0 -9999.0 -9999.0 -9999.0 0.7158047325757778 0.7163963047898749 0.7169878770039722 0.7175794492180694 0.7181710214321665 0.7187625936462637 0.7193541658603609 0.719945738074458 0.7205373102885553 0.7211288825026525 0.7217204547167507 0.7223120269308478 0.7229035991449451 0.7232073348685158 0.7232033668783449
-9999.0 -9999.0 -9999.0 -9999.0 -9999.0 -9999.0 -9999.0 -9999.0 -9999.0 -9999.0 -9999.0 -9999.0 0.7067046251918637 0.7072681055660551 0.7078315859402456 0.7083950663144362 0.7089585466886267 0.7095220270628171 0.7100855074370076 0.7106489878111981 0.7112124681853886 -9999.0 -9999.0 0.7129029093079602 -9999.0 -9999.0 -9999.0 -9999.0 -9999.0 0.7162837915531041 0.7168472719272946 0.7174107523014851 0.7179742326756756 0.7185377130498661 0.7191011934240567 0.7196646737982471 0.7202281541724376 0.7207916345466281 0.7213551149208186 0.7219185952950101 0.7224820756692005 0.723045556043391 0.7233419543829808 0.723352835991283
-9999.0 -9999.0 -9999.0 -9999.0 -9999.0 -9999.0 -9999.0 -9999.0 -9999.0 -9999.0 -9999.0 -9999.0 0.7076612454476047 0.7081966339818894 0.7087320225161732 0.709267411050457 0.7098027995847408 0.7103381881190246 0.7108735766533083 0.7114089651875921 0.7119443537218759 0.7124797422561597 0.7130151307904434 0.7135505193247272 0.714085907859011 0.7146212963932949 -9999.0 -9999.0 0.7162274619961471 0.7167628505304309 0.7172982390647147 0.7178336275989985 0.7183690161332822 0.718904404667566 0.7194397932018498 0.7199751817361336 0.7205105702704173 0.7210459588047011 0.7215813473389849 0.7221167358732696 0.7226521244075534 0.7231875129418373 0.7234765738974459 0.7235023051042213
-9999.0 -9999.0 -9999.0 -9999.0 -9999.0 -9999.0 -9999.0 -9999.0 -9999.0 -9999.0 -9999.0 0.7084396473733648 0.7086178657033451 0.7091251623977229 0.7096324590921 0.7101397557864771 0.7106470524808542 0.7111543491752313 0.7116616458696085 0.7121689425639856 0.7126762392583625 0.7131835359527396 0.7136908326471167 0.7141981293414938 0.714705426035871 0.715212722730248 0.715720019424626 0.7162273161190031 0.7167346128133801 0.7172419095077572 0.7177492062021343 0.7182565028965114 0.7187637995908885 0.7192710962852656 0.7197783929796427 0.7202856896740198 0.720792986368397 0.7213002830627739 0.721807579757151 0.722314876451529 0.7228221731459061 0.7233294698402832 0.7236111934119108 0.7236517742171594
-9999.0 -9999.0 -9999.0 -9999.0 -9999.0 -9999.0 -9999.0 -9999.0 -9999.0 -9999.0 -9999.0 0.7094087451746054 0.7095744859590852 0.7100536908135564 0.7105328956680268 0.7110121005224972 0.7114913053769676 0.711970510231438 0.7124497150859084 0.7129289199403788 0.7134081247948492 0.7138873296493196 0.71436653450379 0.7148457393582603 0.7153249442127307 0.7158041490672012 0.7162833539216724 0.7167625587761428 0.7172417636306132 0.7177209684850836 0.718200173339554 0.7186793781940244 0.7191585830484948 0.7196377879029652 0.7201169927574356 0.720596197611906 0.7210754024663764 0.7215546073208468 0.7220338121753171 0.7225130170297884 0.7229922218842588 0.7234714267387292 0.7237458129263759 0.7238012433300977
-9999.0 -9999.0 -9999.0 -9999.0 -9999.0 -9999.0 -9999.0 -9999.0 -9999.0 -9999.0 -9999.0 0.710377842975846 0.7105311062148255 0.71098221922939 0.7114333322439537 0.7118844452585174 0.712335558273081 0.7127866712876447 0.7132377843022085 0.7136888973167722 0.7141400103313359 0.7145911233458996 0.7150422363604633 0.715493349375027 0.7159444623895908 0.7163955754041544 0.7168466884187189 0.7172978014332826 0.7177489144478463 0.71820002746241 0.7186511404769736 0.7191022534915374 0.7195533665061011 0.7200044795206648 0.7204555925352285 0.7209067055497922 0.7213578185643559 0.7218089315789197 0.7222600445934834 0.7227111576080478 0.7231622706226115 0.7236133836371752 0.7238804324408408 0.7239507124430359
-9999.0 -9999.0 -9999.0 -9999.0 -9999.0 -9999.0 -9999.0 -9999.0 -9999.0 -9999.0 -9999.0 0.7113469407770866 0.7114877264705657 0.7119107476452233 0.7123337688198804 0.7127567899945374 0.7131798111691944 0.7136028323438515 0.7140258535185084 0.7144488746931654 0.7148718958678224 0.7152949170424795 0.7157179382171365 0.7161409593917935 0.7165639805664505 0.7169870017411075 0.7174100229157653 0.7178330440904223 0.7182560652650792 0.7186790864397363 0.7191021076143933 0.7195251287890503 0.7199481499637073 0.7203711711383644 0.7207941923130213 0.7212172134876783 0.7216402346623354 0.7220632558369924 0.7224862770116494 0.7229092981863071 0.7233323193609641 0.7237553405356211 0.7240150519553056 0.7241001815559739
-9999.0 -9999.0 -9999.0 -9999.0 -9999.0 -9999.0 -9999.0 -9999.0 -9999.0 -9999.0 0.7124371369329076 0.7123160385783273 0.712444346726306 0.7128392760610569 0.7132342053958072 0.7136291347305576 0.7140240640653078 0.7144189934000582 0.7148139227348085 0.7152088520695589 0.7156037814043091 0.7159987107390594 0.7163936400738098 0.7167885694085601 0.7171834987433104 0.7175784280780607 0.7179733574128117 0.718368286747562 0.7187632160823123 0.7191581454170627 0.719553074751813 0.7199480040865633 0.7203429334213136 0.7207378627560639 0.7211327920908143 0.7215277214255645 0.7219226507603149 0.7223175800950652 0.7227125094298155 0.7231074387645665 0.7235023680993168 0.7238972974340672 0.7241496714697705 0.7242496506689121
-9999.0 -9999.0 -9999.0 -9999.0 -9999.0 -9999.0 -9999.0 -9999.0 -9999.0 0.7135230758984026 0.7134041061389852 0.7132851363795679 0.7134009669820462 0.7137678044768905 0.714134641971734 0.7145014794665777 0.7148683169614213 0.715235154456265 0.7156019919511085 0.7159688294459522 0.7163356669407959 0.7167025044356394 0.7170693419304831 0.7174361794253267 0.7178030169201703 0.7181698544150139 0.7185366919098581 0.7189035294047018 0.7192703668995454 0.719637204394389 0.7200040418892326 0.7203708793840763 0.72073771687892 0.7211045543737635 0.7214713918686072 0.7218382293634508 0.7222050668582944 0.722571904353138 0.7229387418479817 0.7233055793428259 0.7236724168376695 0.7240392543325131 0.7242842909842355 0.7243991197818502
-9999.0 -9999.0 -9999.0 -9999.0 -9999.0 -9999.0 -9999.0 0.7147215988378269 0.7146047576735725 0.7144879165093181 0.7143710753450637 0.7142542341808094 0.7143575872377873 0.7146963328927247 0.7150350785476617 0.7153738242025985 0.7157125698575355 0.7160513155124724 0.7163900611674092 0.7167288068223462 0.717067552477283 0.71740629813222 0.7177450437871569 0.7180837894420938 0.7184225350970307 0.7187612807519677 0.7191000264069051 0.719438772061842 0.7197775177167789 0.7201162633717159 0.7204550090266527 0.7207937546815897 0.7211325003365265 0.7214712459914634 0.7218099916464004 0.7221487373013372 0.7224874829562742 0.722826228611211 0.723164974266148 0.7235037199210854 0.7238424655760224 0.7241812112309592 0.7244189104987006 0.7245485888947886
-9999.0 -9999.0 -9999.0 -9999.0 -9999.0 -9999.0 0.7157968948275072 0.7156821822584157 0.7155674696893243 0.7154527571202328 0.7153380445511414 0.7152233319820499 0.7153142074935275 0.7156248613085582 0.7159355151235884 0.7162461689386186 0.7165568227536488 0.716867476568679 0.7171781303837093 0.7174887841987395 0.7177994380137697 0.7181100918287999 0.7184207456438301 0.7187313994588603 0.7190420532738906 0.7193527070889207 0.7196633609039516 0.7199740147189817 0.720284668534012 0.7205953223490421 0.7209059761640724 0.7212166299791026 0.7215272837941328 0.721837937609163 0.7221485914241932 0.7224592452392234 0.7227698990542537 0.7230805528692839 0.7233912066843141 0.7237018604993448 0.7240125143143751 0.7243231681294053 0.7245535300131655 0.7246980580077267
