Figures/CREST_Example_wjb_NSE/PETs/wjb.pet.20090219.asc
ncols            288
nrows            254
xllcorner        113.274861
yllcorner        31.4918055
cellsize         0.008333333333
NODATA_value     -9999
[rows 114 to 132 of 254, columns 176 to 219 of 288]
0.47917866557266564 0.4769470163261598 0.474715367079654 0.4724837178331482 0.47025206858664237 0.4680204193401366 0.46578877009362696 0.46355712084712114 0.4613254716006153 0.45909382235410956 0.45686217310760374 0.4546305238610979 0.4523988746145921 0.4501672253680863 0.44793557612158047 0.44570392687507465 0.4442068466885177 0.4434950374478522 0.4427832282071867 0.44207141896651997 0.4413596097258545 0.440647800485189 0.4399359912445235 0.439224182003858 0.4385123727631925 0.437800563522527 0.4370887542818615 0.436376945041196 0.4356651358005305 0.43495332655986507 0.4342415173191996 0.4335297080785341 0.43281789883786737 0.43210608959720187 0.4313942803565364 0.4306824711158709 0.4299706618752054 0.4292588526345399 0.4285470433938744 0.4278352341532089 0.4271234249125434 0.4264116156718779 0.4256998064312124 0.4249879971905469
0.47945020062900107 0.47717967982673964 0.4749091590244782 0.47263863822221674 0.4703681174199553 0.4680975966176939 0.4658270758154286 0.46355655501316717 0.46128603421090575 0.45901551340864427 0.45674499260638285 0.4544744718041214 0.45220395100186 0.4499334301995985 0.4476629093973371 0.4453923885950757 0.4438714694945709 0.44315189157418783 0.4424323136538048 0.4417127357334205 0.44099315781303744 0.4402735798926544 0.43955400197227135 0.4388344240518883 0.43811484613150525 0.43739526821112223 0.43667569029073916 0.43595611237035614 0.43523653444997307 0.43451695652959005 0.433797378609207 0.43307780068882396 0.43235822276843966 0.43163864484805664 0.43091906692767357 0.43019948900729055 0.4294799110869075 0.4287603331665244 0.4280407552461414 0.4273211773257583 0.4266015994053753 0.4258820214849922 0.4251624435646092 0.4244428656442261
0.4797217356853365 0.4774123433273194 0.47510295096930233 0.4727935586112853 0.4704841662532682 0.4681747738952512 0.46586538153723017 0.46355598917921315 0.46124659682119606 0.45893720446317904 0.45662781210516196 0.45431841974714493 0.45200902738912785 0.44969963503111077 0.44739024267309374 0.4450808503150767 0.4435360923006241 0.4428087457005235 0.4420813991004229 0.44135405250032106 0.44062670590022046 0.43989935930011986 0.43917201270001927 0.43844466609991867 0.43771731949981807 0.43698997289971747 0.4362626262996169 0.4355352796995163 0.4348079330994157 0.434080586499315 0.4333532398992144 0.43262589329911383 0.431898546699012 0.4311712000989114 0.4304438534988108 0.4297165068987102 0.4289891602986096 0.428261813698509 0.4275344670984084 0.4268071204983078 0.4260797738982072 0.42535242729810663 0.42462508069800603 0.42389773409790543
0.4799932707416719 0.47764500682789923 0.4752967429141266 0.4729484790003539 0.47060021508658123 0.46825195117280854 0.46590368725903186 0.4635554233452592 0.4612071594314865 0.4588588955177138 0.4565106316039411 0.4541623676901685 0.4518141037763958 0.4494658398626231 0.44711757594885043 0.44476931203507775 0.44320071510667736 0.4424655998268592 0.44173048454704106 0.4409953692672216 0.4402602539874035 0.4395251387075853 0.4387900234277672 0.438054908147949 0.43731979286813083 0.4365846775883127 0.43584956230849453 0.4351144470286764 0.43437933174885823 0.43364421646904006 0.43290910118922193 0.43217398590940376 0.43143887062958436 0.4307037553497662 0.42996864006994806 0.4292335247901299 0.4284984095103117 0.4277632942304936 0.4270281789506754 0.4262930636708573 0.4255579483910391 0.42482283311122093 0.4240877178314028 0.42335260255158463
0.4799253777962471 0.4775772665388019 0.4752291552813566 0.47288104402391135 0.47053293276646607 0.46818482150902085 0.4658367102515716 0.4634885989941263 0.46114048773668104 0.45879237647923576 0.45644426522179055 0.4540961539643453 0.4517480427069 0.4493999314494547 0.4470518201920095 0.44470370893456423 0.44310151919640844 0.442296736440047 0.44149195368368566 0.44068717092732285 0.4398823881709614 0.4390776054146 0.4382728226582386 0.43746803990187716 0.43666325714551574 0.4358584743891543 0.4350536916327929 0.4342489088764315 0.4334441261200701 0.4326393433637087 0.43183456060734726 0.43102977785098584 0.43022499509462303 0.4294202123382616 0.4286154295819002 0.42781064682553877 0.4270058640691774 0.426201081312816 0.42539629855645456 0.42459151580009313 0.4237867330437317 0.4229819502873703 0.42217716753100887 0.42137238477464745
0.4794946577155351 0.47718841353692665 0.4748821693583182 0.4725759251797097 0.47026968100110117 0.4679634368224927 0.4656571926438803 0.4633509484652718 0.46104470428666333 0.45873846010805486 0.4564322159294464 0.4541259717508379 0.45181972757222943 0.44951348339362096 0.4472072392150125 0.44490099503640396 0.4432547861887905 0.44231417004437146 0.4413735538999524 0.44043293775553183 0.4394923216111128 0.43855170546669375 0.4376110893222747 0.4366704731778557 0.43572985703343664 0.4347892408890176 0.43384862474459857 0.43290800860017953 0.4319673924557605 0.43102677631134145 0.4300861601669224 0.4291455440225034 0.42820492787808273 0.4272643117336637 0.42632369558924466 0.4253830794448256 0.4244424633004066 0.42350184715598754 0.4225612310115685 0.42162061486714947 0.42067999872273043 0.4197393825783114 0.41879876643389236 0.4178581502894733
0.4790639376348231 0.4767995605350514 0.4745351834352797 0.472270806335508 0.47000642923573627 0.4677420521359646 0.46547767503618903 0.4632132979364173 0.4609489208366456 0.45868454373687395 0.4564201666371022 0.45415578953733055 0.4518914124375588 0.44962703533778714 0.4473626582380154 0.44509828113824373 0.4434080531811726 0.4423316036486959 0.44125515411621924 0.44017870458374075 0.4391022550512641 0.43802580551878745 0.4369493559863108 0.43587290645383414 0.4347964569213575 0.43372000738888083 0.4326435578564042 0.43156710832392753 0.4304906587914509 0.4294142092589742 0.42833775972649757 0.4272613101940209 0.42618486066154243 0.4251084111290657 0.42403196159658907 0.4229555120641124 0.42187906253163576 0.4208026129991591 0.41972616346668246 0.4186497139342058 0.41757326440172915 0.4164968148692525 0.41542036533677584 0.4143439158042992
0.47863321755411115 0.4764107075331762 0.4741881975122413 0.4719656874913064 0.4697431774703715 0.46752066744943654 0.46529815742849784 0.4630756474075629 0.460853137386628 0.45863062736569304 0.45640811734475817 0.45418560732382324 0.4519630973028883 0.4497405872819534 0.44751807726101844 0.44529556724008357 0.4435613201735547 0.4423490372530204 0.4411367543324861 0.4399244714119498 0.4387121884914155 0.43749990557088125 0.43628762265034693 0.43507533972981266 0.4338630568092784 0.4326507738887441 0.43143849096820985 0.4302262080476756 0.4290139251271413 0.427801642206607 0.4265893592860727 0.42537707636553845 0.42416479344500213 0.4229525105244678 0.42174022760393354 0.42052794468339927 0.419315661762865 0.41810337884233073 0.41689109592179646 0.4156788130012622 0.41446653008072787 0.4132542471601936 0.41204196423965933 0.41082968131912506
0.4782024974733991 0.47602185453130097 0.47384121158920284 0.4716605686471047 0.4694799257050066 0.46729928276290844 0.4651186398208066 0.4629379968787084 0.46075735393661027 0.45857671099451214 0.456396068052414 0.4542154251103159 0.45203478216821774 0.44985413922611955 0.4476734962840214 0.4454928533419233 0.44371458716593676 0.4423664708573448 0.44101835454875293 0.4396702382401588 0.43832212193156683 0.43697400562297495 0.43562588931438306 0.4342777730057912 0.4329296566971993 0.43158154038860735 0.43023342408001547 0.4288853077714236 0.4275371914628317 0.42618907515423976 0.4248409588456479 0.423492842537056 0.4221447262284618 0.4207966099198699 0.419448493611278 0.4181003773026861 0.4167522609940942 0.4154041446855023 0.4140560283769104 0.4127079120683185 0.4113597957597266 0.4100116794511347 0.4086635631425428 0.40731544683395093
0.4777717773926871 0.4756330015294257 0.4734942256661644 0.471355449802903 0.46921667393964167 0.4670778980763803 0.4649391222131153 0.46280034634985395 0.46066157048659256 0.45852279462333123 0.45638401876006984 0.4542452428968085 0.4521064670335471 0.4499676911702858 0.4478289153070244 0.44569013944376307 0.4438678541583188 0.44238390446166925 0.44089995476501975 0.4394160050683677 0.4379320553717182 0.4364481056750687 0.43496415597841914 0.43348020628176964 0.43199625658512014 0.4305123068884706 0.4290283571918211 0.4275444074951716 0.42606045779852203 0.42457650810187253 0.42309255840522303 0.4216086087085735 0.4201246590119214 0.4186407093152719 0.4171567596186224 0.41567280992197286 0.41418886022532336 0.41270491052867386 0.4112209608320243 0.4097370111353748 0.4082530614387253 0.40676911174207575 0.40528516204542625 0.40380121234877675
0.47734105731197474 0.47524414852755015 0.4731472397431256 0.4710503309587011 0.46895342217427655 0.466856513389852 0.46475960460542387 0.46266269582099934 0.4605657870365748 0.45846887825215027 0.45637196946772574 0.4542750606833012 0.45217815189887667 0.4500812431144521 0.44798433433002754 0.445887425545603 0.444021121150701 0.44240133806599374 0.4407815549812865 0.4391617718965765 0.43754198881186923 0.435922205727162 0.4343024226424547 0.4326826395577475 0.4310628564730402 0.429443073388333 0.4278232903036257 0.4262035072189185 0.4245837241342112 0.42296394104950397 0.4213441579647967 0.41972437488008946 0.4181045917953794 0.41648480871067217 0.41486502562596494 0.41324524254125766 0.4116254594565504 0.41000567637184315 0.4083858932871359 0.40676611020242864 0.4051463271177214 0.40352654403301413 0.4019067609483069 0.4002869778635996
0.47691033723126275 0.47485529552567496 0.4728002538200872 0.47074521211449943 0.4686901704089117 0.4666351287033239 0.4645800869977327 0.4625250452921449 0.4604700035865571 0.45841496188096936 0.4563599201753816 0.45430487846979384 0.45224983676420605 0.4501947950586183 0.4481397533530305 0.4460847116474428 0.4441743881430831 0.4424187716703182 0.44066315519755334 0.43890753872478544 0.4371519222520206 0.4353963057792557 0.43364068930649086 0.43188507283372596 0.4301294563609611 0.4283738398881962 0.4266182234154313 0.4248626069426665 0.4231069904699016 0.42135137399713674 0.41959575752437184 0.417840141051607 0.4160845245788391 0.41432890810607426 0.41257329163330936 0.41081767516054446 0.4090620586877796 0.4073064422150147 0.4055508257422499 0.403795209269485 0.40203959279672014 0.40028397632395524 0.3985283598511904 0.3967727433784255
0.47647961715055076 0.47446644252379977 0.4724532678970488 0.4704400932702978 0.4684269186435468 0.46641374401679586 0.46440056939004143 0.46238739476329044 0.46037422013653945 0.45836104550978846 0.4563478708830375 0.45433469625628653 0.45232152162953554 0.45030834700278455 0.44829517237603356 0.44628199774928257 0.4443276551354652 0.44243620527464267 0.4405447554138202 0.4386533055529945 0.43676185569217196 0.43487040583134945 0.432978955970527 0.4310875061097045 0.42919605624888196 0.4273046063880595 0.425413156527237 0.4235217066664145 0.421630256805592 0.4197388069447695 0.417847357083947 0.41595590722312453 0.4140644573622988 0.4121730075014763 0.41028155764065377 0.4083901077798313 0.4064986579190088 0.4046072080581863 0.4027157581973638 0.4008243083365413 0.3989328584757188 0.39704140861489634 0.3951499587540738 0.3932585088932513
0.4760488970698387 0.4740775895219245 0.47210628197401033 0.47013497442609614 0.4681636668781819 0.4661923593302677 0.4642210517823502 0.46224974423443593 0.46027843668652174 0.45830712913860755 0.45633582159069336 0.4543645140427791 0.4523932064948649 0.4504218989469507 0.44845059139903654 0.44647928385112234 0.44448092212784723 0.4424536388789671 0.44042635563008703 0.43839907238120346 0.43637178913232333 0.4343445058834432 0.43231722263456307 0.43028993938568294 0.42826265613680287 0.42623537288792274 0.4242080896390426 0.4221808063901625 0.4201535231412824 0.4181262398924023 0.41609895664352214 0.414071673394642 0.41204439014575844 0.41001710689687837 0.40798982364799824 0.4059625403991181 0.403935257150238 0.4019079739013579 0.3998806906524778 0.39785340740359765 0.3958261241547175 0.39379884090583744 0.3917715576569573 0.3897442744080772
0.4756181769891267 0.4736887365200493 0.4717592960509719 0.46982985558189444 0.467900415112817 0.4659709746437396 0.4640415341746589 0.4621120937055815 0.46018265323650404 0.4582532127674266 0.4563237722983492 0.4543943318292718 0.45246489136019435 0.4505354508911169 0.4486060104220395 0.44667656995296207 0.4446341891202293 0.44247107248329154 0.4403079558463538 0.4381448392094124 0.43598172257247464 0.4338186059355369 0.4316554892985992 0.42949237266166146 0.4273292560247237 0.42516613938778597 0.4230030227508482 0.4208399061139105 0.41867678947697273 0.41651367284003504 0.4143505562030973 0.41218743956615955 0.4100243229292181 0.4078612062922804 0.40569808965534265 0.4035349730184049 0.40137185638146716 0.3992087397445294 0.39704562310759167 0.3948825064706539 0.39271938983371624 0.3905562731967785 0.38839315655984075 0.386230039922903
0.47518745690841474 0.4732998835181741 0.4714123101279335 0.46952473673769285 0.4676371633474522 0.46574958995721155 0.4638620165669677 0.46197444317672703 0.4600868697864864 0.45819929639624574 0.4563117230060051 0.4544241496157645 0.45253657622552385 0.4506490028352832 0.44876142944504255 0.4468738560548019 0.4447874561126114 0.44248850608761603 0.44018955606262067 0.4378906060376214 0.43559165601262606 0.4332927059876307 0.43099375596263534 0.42869480593764 0.4263958559126446 0.42409690588764926 0.4217979558626539 0.41949900583765853 0.4172000558126632 0.4149011057876678 0.41260215576267245 0.4103032057376771 0.40800425571267784 0.4057053056876825 0.4034063556626871 0.40110740563769176 0.3988084556126964 0.39650950558770104 0.3942105555627057 0.3919116055377103 0.38961265551271496 0.3873137054877196 0.38501475546272423 0.3827158054377289
0.47475673682770275 0.47291103051629885 0.471065324204895 0.46921961789349115 0.4673739115820873 0.46552820527068345 0.46368249895927643 0.46183679264787253 0.4599910863364687 0.45814538002506483 0.456299673713661 0.4544539674022571 0.4526082610908532 0.4507625547794494 0.4489168484680455 0.4470711421566417 0.44494072310499344 0.44250593969194046 0.4400711562788875 0.43763637286583035 0.43520158945277737 0.4327668060397244 0.4303320226266714 0.42789723921361844 0.42546245580056546 0.4230276723875125 0.4205928889744595 0.41815810556140653 0.41572332214835356 0.4132885387353006 0.4108537553222476 0.40841897190919463 0.4059841884961375 0.4035494050830845 0.40111462167003153 0.39867983825697856 0.3962450548439256 0.3938102714308726 0.39137548801781963 0.38894070460476665 0.3865059211917137 0.3840711377786607 0.3816363543656077 0.37920157095255475
0.4743260167469904 0.4725221775144233 0.4707183382818563 0.4689144990492892 0.4671106598167222 0.4653068205841551 0.463502981351585 0.46169914211901797 0.4598953028864509 0.45809146365388387 0.4562876244213168 0.45448378518874977 0.45267994595618277 0.4508761067236157 0.44907226749104867 0.4472684282584816 0.44509399009737566 0.44252337329626495 0.43995275649515425 0.43738213969403916 0.4348115228929284 0.4322409060918177 0.429670289290707 0.4270996724895963 0.4245290556884856 0.42195843888737483 0.41938782208626413 0.4168172052851534 0.4142465884840427 0.411675971682932 0.40910535488182126 0.40653473808071056 0.40396412127959547 0.40139350447848476 0.398822887677374 0.3962522708762633 0.3936816540751526 0.3911110372740419 0.38854042047293114 0.38596980367182043 0.38339918687070973 0.380828570069599 0.3782579532684883 0.3756873364673776
0.4738952966662784 0.4721333245125481 0.47037135235881783 0.4686093802050876 0.46684740805135727 0.465085435897627 0.46332346374389377 0.4615614915901635 0.4597995194364332 0.45803754728270296 0.4562755751289727 0.45451360297524246 0.45275163082151215 0.4509896586677819 0.44922768651405165 0.44746571436032134 0.4452472570897577 0.4425408069005894 0.43983435671142107 0.4371279065222481 0.43442145633307977 0.43171500614391145 0.42900855595474313 0.42630210576557476 0.42359565557640644 0.4208892053872381 0.41818275519806974 0.4154763050089014 0.4127698548197331 0.4100634046305648 0.4073569544413964 0.4046505042522281 0.4019440540630551 0.3992376038738868 0.3965311536847185 0.39382470349555015 0.3911182533063818 0.38841180311721346 0.38570535292804514 0.3829989027388768 0.38029245254970845 0.37758600236054013 0.3748795521713718 0.37217310198220344
