Figures/CREST_Example_wjb_NSE/PETs/wjb.pet.20090315.asc
ncols            288
nrows            254
xllcorner        113.274861
yllcorner        31.4918055
cellsize         0.008333333333
NODATA_value     -9999
[rows 40 to 59 of 254, columns 132 to 175 of 288]
1.5738085448033023 1.5723787186705092 1.5709488925377157 1.5695190664049223 1.5680892402721291 1.5666594141393357 1.5652295880065423 1.5637997618737491 1.5623699357409557 1.5609401096081623 1.559510283475369 -9999.0 -9999.0 -9999.0 -9999.0 -9999.0 -9999.0 -9999.0 -9999.0 -9999.0 -9999.0 -9999.0 -9999.0 -9999.0 -9999.0 -9999.0 -9999.0 -9999.0 -9999.0 -9999.0 -9999.0 -9999.0 -9999.0 -9999.0 -9999.0 -9999.0 -9999.0 -9999.0 -9999.0 -9999.0 -9999.0 -9999.0 -9999.0 -9999.0
1.577987567509109 1.5764786280881606 1.5749696886672122 1.5734607492462638 1.5719518098253153 1.5704428704043667 1.5689339309834183 1.5674249915624698 1.5659160521415214 1.564407112720573 1.5628981732996245 1.5613892338786737 -9999.0 -9999.0 -9999.0 1.5553534761948797 1.5538445367739313 -9999.0 -9999.0 -9999.0 -9999.0 -9999.0 -9999.0 -9999.0 -9999.0 -9999.0 -9999.0 -9999.0 -9999.0 -9999.0 -9999.0 -9999.0 -9999.0 -9999.0 -9999.0 -9999.0 -9999.0 -9999.0 -9999.0 -9999.0 -9999.0 -9999.0 -9999.0 -9999.0
1.5821665902149158 1.5805785375058123 1.5789904847967087 1.5774024320876052 1.5758143793785016 1.574226326669398 1.5726382739602944 1.571050221251191 1.5694621685420875 1.5678741158329839 1.5662860631238804 1.564698010414774 1.5631099577056706 1.561521904996567 1.5599338522874635 1.5583457995783598 1.5567577468692564 -9999.0 -9999.0 1.5519935887419456 1.5504055360328421 1.5488174833237387 1.547229430614635 -9999.0 -9999.0 -9999.0 -9999.0 -9999.0 -9999.0 -9999.0 -9999.0 -9999.0 -9999.0 -9999.0 -9999.0 -9999.0 -9999.0 -9999.0 -9999.0 -9999.0 -9999.0 -9999.0 -9999.0 -9999.0
1.5863456129207227 1.584678446923464 1.5830112809262054 1.5813441149289467 1.579676948931688 1.5780097829344293 1.5763426169371708 1.5746754509399121 1.5730082849426534 1.5713411189453947 1.569673952948136 1.5680067869508745 1.566339620953616 1.5646724549563573 1.5630052889590986 1.56133812296184 1.5596709569645812 1.5580037909673226 1.556336624970064 1.5546694589728054 1.5530022929755467 1.551335126978288 1.5496679609810293 1.5480007949837706 -9999.0 -9999.0 -9999.0 -9999.0 -9999.0 -9999.0 -9999.0 -9999.0 -9999.0 -9999.0 -9999.0 -9999.0 -9999.0 -9999.0 -9999.0 -9999.0 -9999.0 -9999.0 -9999.0 -9999.0
1.5905246356265292 1.5887783563411155 1.5870320770557018 1.5852857977702879 1.5835395184848742 1.5817932391994605 1.5800469599140468 1.578300680628633 1.5765544013432191 1.5748081220578054 1.5730618427723917 1.5713155634869749 1.5695692842015612 1.5678230049161475 1.5660767256307337 1.5643304463453198 1.562584167059906 1.5608378877744924 1.5590916084890787 1.557345329203665 1.555599049918251 1.5538527706328373 1.5521064913474236 1.55036021206201 1.548613932776593 -9999.0 -9999.0 -9999.0 -9999.0 -9999.0 -9999.0 -9999.0 -9999.0 -9999.0 -9999.0 -9999.0 -9999.0 -9999.0 -9999.0 -9999.0 -9999.0 -9999.0 -9999.0 -9999.0
1.5947036583323362 1.5928782657587672 1.5910528731851983 1.5892274806116296 1.5874020880380606 1.5855766954644916 1.583751302890923 1.581925910317354 1.5801005177437852 1.5782751251702163 1.5764497325966473 1.5746243400230755 1.5727989474495065 1.5709735548759376 1.5691481623023689 1.5673227697288 1.5654973771552312 1.5636719845816622 1.5618465920080933 1.5600211994345246 1.5581958068609556 1.5563704142873869 1.554545021713818 1.552719629140249 1.5508942365666771 -9999.0 1.5472434514195392 1.5454180588459705 1.5435926662724015 -9999.0 -9999.0 -9999.0 -9999.0 -9999.0 -9999.0 -9999.0 -9999.0 -9999.0 -9999.0 -9999.0 -9999.0 -9999.0 -9999.0 -9999.0
1.5988826810381465 1.5969781751764223 1.5950736693146983 1.5931691634529743 1.5912646575912504 1.5893601517295262 1.5874556458678022 1.5855511400060782 1.583646634144354 1.58174212828263 1.579837622420906 1.5779331165591788 1.5760286106974546 1.5741241048357306 1.5722195989740066 1.5703150931122825 1.5684105872505585 1.5665060813888345 1.5646015755271103 1.5626970696653864 1.5607925638036624 1.5588880579419382 1.5569835520802142 1.5550790462184902 1.553174540356763 1.551270034495039 1.5493655286333148 1.5474610227715908 1.5455565169098668 -9999.0 -9999.0 -9999.0 -9999.0 -9999.0 -9999.0 -9999.0 -9999.0 -9999.0 -9999.0 -9999.0 -9999.0 -9999.0 -9999.0 -9999.0
1.603061703743953 1.601078084594074 1.5990944654441948 1.5971108462943155 1.5951272271444366 1.5931436079945573 1.5911599888446781 1.589176369694799 1.58719275054492 1.5852091313950407 1.5832255122451615 1.581241893095279 1.5792582739454 1.5772746547955208 1.5752910356456415 1.5733074164957626 1.5713237973458833 1.5693401781960041 1.5673565590461251 1.565372939896246 1.5633893207463667 1.5614057015964877 1.5594220824466085 1.5574384632967293 1.5554548441468468 1.5534712249969678 1.5514876058470886 1.5495039866972093 -9999.0 -9999.0 -9999.0 -9999.0 -9999.0 -9999.0 -9999.0 -9999.0 -9999.0 -9999.0 -9999.0 -9999.0 -9999.0 -9999.0 -9999.0 -9999.0
1.60724072644976 1.6051779940117257 1.6031152615736912 1.601052529135657 1.5989897966976228 1.5969270642595885 1.5948643318215543 1.59280159938352 1.5907388669454858 1.5886761345074516 1.5866134020694171 1.5845506696313794 1.5824879371933451 1.580425204755311 1.5783624723172767 1.5762997398792424 1.5742370074412082 1.572174275003174 1.5701115425651397 1.5680488101271055 1.565986077689071 1.5639233452510368 1.5618606128130026 1.5597978803749684 1.5577351479369306 1.5556724154988963 1.5536096830608621 1.5515469506228279 1.5494842181847936 1.5474214857467592 1.546367041687342 -9999.0 -9999.0 -9999.0 -9999.0 -9999.0 -9999.0 -9999.0 -9999.0 -9999.0 -9999.0 -9999.0 -9999.0 -9999.0
1.6114197491555666 1.6092779034293774 1.607136057703188 1.6049942119769987 1.6028523662508092 1.60071052052462 1.5985686747984305 1.596426829072241 1.5942849833460517 1.5921431376198623 1.590001291893673 1.58785944616748 1.5857176004412905 1.5835757547151013 1.5814339089889118 1.5792920632627225 1.577150217536533 1.5750083718103438 1.5728665260841543 1.570724680357965 1.5685828346317756 1.5664409889055864 1.564299143179397 1.5621572974532076 1.5600154517270146 1.5578736060008251 1.5557317602746359 1.5535899145484464 1.5514480688222572 1.5493062230960677 1.548198765603656 1.5481970925325337 1.5481954194614114 1.548193746390289 -9999.0 -9999.0 -9999.0 -9999.0 -9999.0 -9999.0 -9999.0 -9999.0 -9999.0 -9999.0
1.6155987718613734 1.6133778128470289 1.6111568538326844 1.6089358948183399 1.6067149358039954 1.6044939767896509 1.6022730177753064 1.600052058760962 1.5978310997466174 1.5956101407322731 1.5933891817179286 1.5911682227035804 1.588947263689236 1.5867263046748914 1.584505345660547 1.5822843866462024 1.580063427631858 1.5778424686175134 1.575621509603169 1.5734005505888247 1.5711795915744802 1.5689586325601357 1.5667376735457912 1.5645167145314467 1.5622957555170984 1.560074796502754 1.5578538374884094 1.555632878474065 1.5534119194597205 1.5511909604453762 1.55003048951997 1.550003704351437 1.549976919182904 1.549950134014371 1.5499233488458382 1.5498965636773052 1.5498697785087723 -9999.0 -9999.0 -9999.0 -9999.0 -9999.0 -9999.0 -9999.0
1.61977779456718 1.6174777222646806 1.6151776499621808 1.6128775776596813 1.6105775053571818 1.6082774330546823 1.6059773607521826 1.603677288449683 1.6013772161471835 1.5990771438446838 1.5967770715421843 1.5944769992396808 1.5921769269371813 1.5898768546346818 1.587576782332182 1.5852767100296825 1.582976637727183 1.5806765654246833 1.5783764931221838 1.5760764208196842 1.5737763485171845 1.571476276214685 1.5691762039121855 1.566876131609686 1.5645760593071825 1.5622759870046827 1.5599759147021832 1.5576758423996837 1.555375770097184 1.5530756977946845 1.5518622134362838 1.5518103161703403 1.5517584189043967 1.5517065216384531 1.5516546243725096 1.551602727106566 1.5515508298406224 1.5514989325746786 -9999.0 -9999.0 -9999.0 -9999.0 -9999.0 -9999.0
1.6239568172729868 1.6215776316823323 1.6191984460916775 1.6168192605010228 1.6144400749103682 1.6120608893197135 1.6096817037290587 1.6073025181384042 1.6049233325477494 1.6025441469570947 1.6001649613664402 1.5977857757757814 1.5954065901851266 1.593027404594472 1.5906482190038171 1.5882690334131626 1.5858898478225079 1.583510662231853 1.5811314766411986 1.5787522910505438 1.576373105459889 1.5739939198692345 1.5716147342785798 1.569235548687925 1.5668563630972663 1.5644771775066117 1.562097991915957 1.5597188063253022 1.5573396207346475 1.554960435143993 1.5536939373525978 1.5536169279892436 1.5535399186258894 1.5534629092625352 1.553385899899181 1.5533088905358268 1.5532318811724724 1.5531548718091182 1.5530778624457637 1.5530008530824095 1.5529238437190553 -9999.0 -9999.0 -9999.0
1.628135839978797 1.625677541099987 1.6232192422211773 1.6207609433423675 1.6183026444635575 1.6158443455847478 1.613386046705938 1.610927747827128 1.6084694489483182 1.6060111500695085 1.6035528511906985 1.6010945523118845 1.5986362534330747 1.5961779545542647 1.593719655675455 1.591261356796645 1.5888030579178352 1.5863447590390254 1.5838864601602154 1.5814281612814056 1.5789698624025958 1.5765115635237859 1.574053264644976 1.5715949657661663 1.569136666887352 1.5666783680085423 1.5642200691297325 1.5617617702509226 1.5593034713721128 1.5568451724933028 1.5555256612689135 1.5554235398081484 1.5553214183473836 1.5552192968866188 1.5551171754258537 1.5550150539650889 1.5549129325043238 1.5548108110435588 1.554708689582794 1.5546065681220291 1.554504446661264 -9999.0 -9999.0 -9999.0
1.6323148626846038 1.6297774505176388 1.627240038350674 1.624702626183709 1.622165214016744 1.619627801849779 1.6170903896828142 1.6145529775158491 1.6120155653488841 1.6094781531819191 1.6069407410149543 1.6044033288479849 1.60186591668102 1.599328504514055 1.59679109234709 1.594253680180125 1.59171626801316 1.5891788558461952 1.5866414436792302 1.5841040315122652 1.5815666193453002 1.5790292071783354 1.5764917950113704 1.5739543828444054 1.5714169706774361 1.5688795585104711 1.566342146343506 1.5638047341765413 1.5612673220095763 1.5587299098426113 1.5573573851852274 1.5572301516270517 1.5571029180688762 1.5569756845107006 1.556848450952525 1.5567212173943497 1.556593983836174 1.5564667502779983 1.5563395167198226 1.5562122831616472 1.5560850496034715 1.555957816045296 -9999.0 -9999.0
1.6364938853904107 1.6338773599352907 1.6312608344801705 1.6286443090250504 1.6260277835699304 1.6234112581148104 1.6207947326596903 1.6181782072045703 1.61556168174945 1.61294515629433 1.61032863083921 1.6077121053840855 1.6050955799289655 1.6024790544738452 1.5998625290187252 1.5972460035636051 1.594629478108485 1.592012952653365 1.589396427198245 1.5867799017431248 1.5841633762880047 1.5815468508328847 1.5789303253777647 1.5763137999226446 1.57369727446752 1.5710807490124 1.5684642235572799 1.5658476981021598 1.5632311726470398 1.5606146471919198 1.5591891091015413 1.559036763445955 1.558884417790369 1.5587320721347826 1.5585797264791965 1.5584273808236102 1.5582750351680241 1.5581226895124376 1.5579703438568515 1.5578179982012652 1.5576656525456791 1.5575133068900928 1.5573609612345067 -9999.0
1.6406729080962172 1.6379772693529422 1.635281630609667 1.6325859918663919 1.6298903531231166 1.6271947143798413 1.6244990756365663 1.621803436893291 1.619107798150016 1.6164121594067407 1.6137165206634656 1.6110208819201859 1.6083252431769106 1.6056296044336353 1.6029339656903603 1.600238326947085 1.59754268820381 1.5948470494605347 1.5921514107172596 1.5894557719739844 1.5867601332307093 1.584064494487434 1.581368855744159 1.5786732170008837 1.575977578257604 1.5732819395143287 1.5705863007710537 1.5678906620277784 1.5651950232845033 1.562499384541228 1.5610208330178552 1.5608433752648583 1.5606659175118616 1.5604884597588646 1.560311002005868 1.560133544252871 1.5599560864998743 1.5597786287468771 1.5596011709938802 1.5594237132408835 1.5592462554878865 1.5590687977348898 1.5588913399818929 1.558713882228896
1.6448519308020242 1.642077178770594 1.6393024267391636 1.6365276747077333 1.633752922676303 1.6309781706448727 1.6282034186134424 1.6254286665820121 1.6226539145505818 1.6198791625191515 1.6171044104877212 1.6143296584562863 1.611554906424856 1.6087801543934257 1.6060054023619954 1.603230650330565 1.6004558982991348 1.5976811462677045 1.5949063942362742 1.592131642204844 1.5893568901734136 1.5865821381419833 1.583807386110553 1.5810326340791228 1.5782578820476878 1.5754831300162575 1.5727083779848272 1.569933625953397 1.5671588739219666 1.5643841218905363 1.562852556934169 1.5626499870837616 1.562447417233354 1.5622448473829464 1.562042277532539 1.5618397076821315 1.5616371378317242 1.5614345679813164 1.5612319981309088 1.5610294282805013 1.560826858430094 1.5606242885796864 1.560421718729279 1.5602191488788715
1.6493425722525075 1.6465509803244411 1.643759388396375 1.640967796468309 1.6381762045402426 1.6353846126121765 1.6325930206841104 1.629801428756044 1.627009836827978 1.6242182448999118 1.6214266529718455 1.6186350610437745 1.6158434691157084 1.6130518771876423 1.610260285259576 1.6074686933315099 1.6046771014034438 1.6018855094753774 1.5990939175473113 1.596302325619245 1.593510733691179 1.5907191417631128 1.5879275498350465 1.5851359579069804 1.5823443659789094 1.5795527740508433 1.5767611821227772 1.5739695901947108 1.5711779982666447 1.5683864063385784 1.5668400297440588 1.5666248165096999 1.5664096032753412 1.5661943900409823 1.5659791768066236 1.5657639635722647 1.565548750337906 1.5653335371035468 1.565118323869188 1.5649031106348292 1.5646878974004703 1.5644726841661116 1.5642574709317527 1.564042257697394
1.654166314492441 1.6514244489967254 1.64868258350101 1.6459407180052943 1.6431988525095789 1.6404569870138634 1.6377151215181478 1.6349732560224324 1.6322313905267167 1.6294895250310013 1.6267476595352857 1.6240057940395656 1.62126392854385 1.6185220630481345 1.6157801975524189 1.6130383320567034 1.610296466560988 1.6075546010652724 1.604812735569557 1.6020708700738413 1.5993290045781259 1.5965871390824102 1.5938452735866948 1.5911034080909792 1.588361542595259 1.5856196770995434 1.582877811603828 1.5801359461081126 1.577394080612397 1.5746522151166815 1.5731318621939434 1.572917333844127 1.5727028054943102 1.5724882771444937 1.5722737487946772 1.5720592204448605 1.571844692095044 1.571630163745227 1.5714156353954105 1.5712011070455938 1.5709865786957773 1.5707720503459608 1.570557521996144 1.5703429936463276
