Figures/CREST_Example_wjb_NSE/PETs/wjb.pet.20091028.asc
ncols            288
nrows            254
xllcorner        113.274861
yllcorner        31.4918055
cellsize         0.008333333333
NODATA_value     -9999
[rows 200 to 219 of 254, columns 220 to 263 of 288]
1.6118913962494255 1.6099990492404157 1.6088330000414288 1.6084433796387365 1.608053759236044 1.6076641388333517 1.6072745184306594 1.6068848980279669 1.6064952776252746 1.606105657222582 1.6057160368198897 1.6053264164171974 1.604936796014505 1.6045471756118126 1.6041575552091196 1.603767934806427 1.6033783144037348 1.6029886940010423 1.60259907359835 1.6022094531956577 1.6018198327929651 1.6014302123902728 1.6010405919875803 1.600650971584888 1.6002613511821957 1.5998717307795032 1.5994821103768109 1.599092489974118 1.5987028695714254 1.598313249168733 1.5979236287660405 -9999.0 -9999.0 -9999.0 -9999.0 -9999.0 -9999.0 -9999.0 -9999.0 -9999.0 -9999.0 -9999.0 -9999.0 -9999.0
1.6131499144292554 1.6112167955537493 1.6100297679361528 1.6096403287586012 1.6092508895810493 1.6088614504034977 1.608472011225946 1.6080825720483944 1.6076931328708428 1.6073036936932912 1.6069142545157393 1.6065248153381877 1.606135376160636 1.6057459369830844 1.6053564978055321 1.6049670586279803 1.6045776194504286 1.604188180272877 1.6037987410953254 1.6034093019177738 1.6030198627402221 1.6026304235626703 1.6022409843851186 1.601851545207567 1.6014621060300154 1.6010726668524637 1.600683227674912 1.6002937884973596 1.599904349319808 1.5995149101422563 -9999.0 -9999.0 -9999.0 -9999.0 -9999.0 -9999.0 -9999.0 -9999.0 -9999.0 -9999.0 -9999.0 -9999.0 -9999.0 -9999.0
1.614408432609085 1.6124345418670831 1.6112265358308768 1.6108372778784659 1.610448019926055 1.610058761973644 1.609669504021233 1.609280246068822 1.608890988116411 1.608501730164 1.6081124722115892 1.6077232142591782 1.6073339563067672 1.6069446983543563 1.6065554404019446 1.6061661824495337 1.6057769244971227 1.6053876665447118 1.6049984085923008 1.6046091506398898 1.6042198926874789 1.603830634735068 1.603441376782657 1.603052118830246 1.602662860877835 1.602273602925424 1.6018843449730131 1.6014950870206015 1.6011058290681905 1.6007165711157796 -9999.0 -9999.0 -9999.0 -9999.0 -9999.0 -9999.0 -9999.0 -9999.0 -9999.0 -9999.0 -9999.0 -9999.0 -9999.0 -9999.0
1.615666950788915 1.613652288180417 1.6124233037256006 1.6120342269983303 1.6116451502710603 1.61125607354379 1.6108669968165197 1.6104779200892494 1.610088843361979 1.609699766634709 1.6093106899074388 1.6089216131801685 1.6085325364528982 1.6081434597256279 1.607754382998357 1.6073653062710869 1.6069762295438166 1.6065871528165463 1.606198076089276 1.6058089993620057 1.6054199226347357 1.6050308459074654 1.604641769180195 1.6042526924529248 1.6038636157256545 1.6034745389983844 1.6030854622711141 1.6026963855438432 1.602307308816573 1.6019182320893026 1.6015291553620323 -9999.0 -9999.0 -9999.0 -9999.0 -9999.0 -9999.0 -9999.0 -9999.0 -9999.0 -9999.0 -9999.0 -9999.0 -9999.0
1.6169254689687453 1.6148700344937512 1.613620071620325 1.6132311761181954 1.612842280616066 1.6124533851139364 1.6120644896118068 1.6116755941096774 1.6112866986075478 1.6108978031054184 1.6105089076032888 1.6101200121011592 1.6097311165990298 1.6093422210969002 1.6089533255947701 1.6085644300926405 1.6081755345905109 1.6077866390883815 1.6073977435862519 1.6070088480841225 1.6066199525819929 1.6062310570798632 1.6058421615777339 1.6054532660756042 1.6050643705734746 1.6046754750713452 1.6042865795692156 1.6038976840670855 1.603508788564956 1.6031198930628263 -9999.0 -9999.0 -9999.0 -9999.0 -9999.0 -9999.0 -9999.0 -9999.0 -9999.0 -9999.0 -9999.0 -9999.0 -9999.0 -9999.0
1.6181839871485753 1.6160877808070848 1.614816839515049 1.6144281252380601 1.6140394109610714 1.6136506966840825 1.6132619824070937 1.612873268130105 1.612484553853116 1.6120958395761273 1.6117071252991384 1.6113184110221497 1.6109296967451607 1.610540982468172 1.6101522681911826 1.6097635539141937 1.609374839637205 1.608986125360216 1.6085974110832273 1.6082086968062386 1.6078199825292496 1.607431268252261 1.607042553975272 1.6066538396982832 1.6062651254212945 1.6058764111443056 1.6054876968673168 1.6050989825903272 1.6047102683133385 -9999.0 -9999.0 -9999.0 -9999.0 -9999.0 -9999.0 -9999.0 -9999.0 -9999.0 -9999.0 -9999.0 -9999.0 -9999.0 -9999.0 -9999.0
1.6194425053284052 1.6173055271204186 1.6160136074097728 1.6156250743579248 1.6152365413060767 1.6148480082542287 1.6144594752023804 1.6140709421505324 1.6136824090986843 1.6132938760468363 1.6129053429949882 1.61251680994314 1.612128276891292 1.6117397438394439 1.6113512107875951 1.610962677735747 1.6105741446838988 1.6101856116320508 1.6097970785802027 1.6094085455283547 1.6090200124765066 1.6086314794246583 1.6082429463728103 1.6078544133209622 1.6074658802691142 1.607077347217266 1.6066888141654179 -9999.0 -9999.0 -9999.0 -9999.0 -9999.0 -9999.0 -9999.0 -9999.0 -9999.0 -9999.0 -9999.0 -9999.0 -9999.0 -9999.0 -9999.0 -9999.0 -9999.0
1.6207010235082357 1.6185232734337531 1.6172103753044975 1.6168220234777901 1.6164336716510828 1.6160453198243754 1.615656967997668 1.6152686161709606 1.6148802643442532 1.6144919125175459 1.6141035606908385 1.6137152088641311 1.6133268570374237 1.6129385052107164 1.6125501533840083 1.6121618015573007 1.6117734497305933 1.611385097903886 1.6109967460771786 1.6106083942504712 1.6102200424237638 1.6098316905970564 1.609443338770349 1.6090549869436417 1.6086666351169343 1.608278283290227 -9999.0 -9999.0 -9999.0 -9999.0 -9999.0 -9999.0 -9999.0 -9999.0 -9999.0 -9999.0 -9999.0 -9999.0 -9999.0 -9999.0 -9999.0 -9999.0 -9999.0 -9999.0
1.6251489694968393 1.6229087439557195 1.6215883026006892 1.6212511313569011 1.6209139601131133 1.6205767888693252 1.6202396176255371 1.619902446381749 1.6195652751379612 1.6192281038941732 1.618890932650385 1.6185537614065972 1.6182165901628092 1.617879418919021 1.6175422476752326 1.6172050764314445 1.6168679051876567 1.6165307339438686 1.6161935627000805 1.6158563914562927 1.6155192202125046 1.6151820489687165 1.6148448777249285 1.6145077064811406 1.6141705352373525 1.6138333639935645 -9999.0 -9999.0 -9999.0 -9999.0 -9999.0 -9999.0 -9999.0 -9999.0 -9999.0 -9999.0 -9999.0 -9999.0 -9999.0 -9999.0 -9999.0 -9999.0 -9999.0 -9999.0
1.6330062127907454 1.6306803120023652 1.6293666887959117 1.6291352132341366 1.6289037376723614 1.6286722621105862 1.6284407865488113 1.6282093109870361 1.627977835425261 1.6277463598634858 1.6275148843017107 1.6272834087399357 1.6270519331781605 1.6268204576163854 1.6265889820546098 1.6263575064928348 1.6261260309310597 1.6258945553692845 1.6256630798075093 1.6254316042457342 1.6252001286839592 1.624968653122184 1.624737177560409 1.6245057019986338 1.6242742264368586 1.6240427508750837 1.6238112753133085 -9999.0 -9999.0 -9999.0 -9999.0 -9999.0 -9999.0 -9999.0 -9999.0 -9999.0 -9999.0 -9999.0 -9999.0 -9999.0 -9999.0 -9999.0 -9999.0 -9999.0
1.6408634560846547 1.6384518800490142 1.6371450749911376 1.6370192951113753 1.636893515231613 1.636767735351851 1.6366419554720888 1.6365161755923265 1.6363903957125645 1.6362646158328022 1.63613883595304 1.636013056073278 1.6358872761935157 1.6357614963137534 1.6356357164339912 1.635509936554229 1.6353841566744667 1.6352583767947046 1.6351325969149424 1.6350068170351801 1.634881037155418 1.6347552572756558 1.6346294773958936 1.6345036975161316 1.6343779176363693 1.634252137756607 1.634126357876845 -9999.0 -9999.0 -9999.0 -9999.0 -9999.0 -9999.0 -9999.0 -9999.0 -9999.0 -9999.0 -9999.0 -9999.0 -9999.0 -9999.0 -9999.0 -9999.0 -9999.0
1.6487206993785604 1.6462234480956597 1.6449234611863597 1.6449033769886106 1.6448832927908612 1.6448632085931119 1.6448431243953627 1.6448230401976134 1.644802955999864 1.644782871802115 1.6447627876043656 1.6447427034066162 1.6447226192088669 1.6447025350111177 1.6446824508133684 1.644662366615619 1.6446422824178697 1.6446221982201206 1.6446021140223712 1.6445820298246219 1.6445619456268727 1.6445418614291234 1.644521777231374 1.644501693033625 1.6444816088358756 -9999.0 -9999.0 -9999.0 -9999.0 -9999.0 -9999.0 -9999.0 -9999.0 -9999.0 -9999.0 -9999.0 -9999.0 -9999.0 -9999.0 -9999.0 -9999.0 -9999.0 -9999.0 -9999.0
1.6565779426724665 1.6539950161423054 1.6527018473815822 1.652787458865846 1.6528730703501096 1.6529586818343731 1.6530442933186367 1.6531299048029002 1.653215516287164 1.6533011277714276 1.6533867392556911 1.6534723507399547 1.6535579622242185 1.653643573708482 1.6537291851927458 1.6538147966770094 1.653900408161273 1.6539860196455365 1.6540716311298003 1.6541572426140638 1.6542428540983274 1.654328465582591 1.6544140770668545 1.6544996885511183 -9999.0 -9999.0 -9999.0 -9999.0 -9999.0 -9999.0 -9999.0 -9999.0 -9999.0 -9999.0 -9999.0 -9999.0 -9999.0 -9999.0 -9999.0 -9999.0 -9999.0 -9999.0 -9999.0 -9999.0
1.6644351859663755 1.6617665841889544 1.6604802335768079 1.6606715407430845 1.660862847909361 1.6610541550756375 1.6612454622419142 1.6614367694081906 1.6616280765744673 1.6618193837407438 1.6620106909070202 1.662201998073297 1.6623933052395734 1.6625846124058499 1.6627759195721268 1.6629672267384035 1.66315853390468 1.6633498410709566 1.663541148237233 1.6637324554035096 1.6639237625697862 1.6641150697360627 -9999.0 -9999.0 -9999.0 -9999.0 -9999.0 -9999.0 -9999.0 -9999.0 -9999.0 -9999.0 -9999.0 -9999.0 -9999.0 -9999.0 -9999.0 -9999.0 -9999.0 -9999.0 -9999.0 -9999.0 -9999.0 -9999.0
1.6722924292602814 1.6695381522356 1.6682586197720304 1.6685556226203198 1.6688526254686094 1.6691496283168987 1.669446631165188 1.6697436340134775 1.670040636861767 1.6703376397100564 1.6706346425583458 1.6709316454066354 1.6712286482549248 1.6715256511032142 1.6718226539515042 1.6721196567997936 1.672416659648083 1.6727136624963725 1.673010665344662 1.6733076681929513 1.6736046710412407 -9999.0 -9999.0 -9999.0 -9999.0 -9999.0 -9999.0 -9999.0 -9999.0 -9999.0 -9999.0 -9999.0 -9999.0 -9999.0 -9999.0 -9999.0 -9999.0 -9999.0 -9999.0 -9999.0 -9999.0 -9999.0 -9999.0 -9999.0
1.6801496725541876 1.6773097202822458 1.676037005967253 1.6764397044975552 1.6768424030278575 1.6772451015581598 1.6776478000884623 1.6780504986187645 1.6784531971490668 1.678855895679369 1.6792585942096716 1.6796612927399739 1.6800639912702762 1.6804666898005785 1.6808693883308816 1.681272086861184 1.6816747853914862 1.6820774839217885 1.6824801824520907 -9999.0 -9999.0 -9999.0 -9999.0 -9999.0 -9999.0 -9999.0 -9999.0 -9999.0 -9999.0 -9999.0 -9999.0 -9999.0 -9999.0 -9999.0 -9999.0 -9999.0 -9999.0 -9999.0 -9999.0 -9999.0 -9999.0 -9999.0 -9999.0 -9999.0
1.6880069158480933 1.6850812883288913 1.6838153921624752 1.6843237863747904 1.6848321805871056 1.6853405747994208 1.685848969011736 1.6863573632240514 1.6868657574363666 1.6873741516486818 1.687882545860997 1.6883909400733121 1.6888993342856273 1.6894077284979427 1.6899161227102588 1.690424516922574 1.6909329111348892 1.6914413053472044 -9999.0 -9999.0 -9999.0 -9999.0 -9999.0 -9999.0 -9999.0 -9999.0 -9999.0 -9999.0 -9999.0 -9999.0 -9999.0 -9999.0 -9999.0 -9999.0 -9999.0 -9999.0 -9999.0 -9999.0 -9999.0 -9999.0 -9999.0 -9999.0 -9999.0 -9999.0
1.6958641591420025 1.6928528563755403 1.691593778357701 1.6922078682520292 1.6928219581463573 1.6934360480406854 1.6940501379350137 1.6946642278293418 1.6952783177236699 1.6958924076179982 1.6965064975123263 1.6971205874066544 1.6977346773009827 1.6983487671953108 1.69896285708964 1.699576946983968 1.7001910368782964 1.7008051267726245 -9999.0 -9999.0 -9999.0 -9999.0 -9999.0 -9999.0 -9999.0 -9999.0 -9999.0 -9999.0 -9999.0 -9999.0 -9999.0 -9999.0 -9999.0 -9999.0 -9999.0 -9999.0 -9999.0 -9999.0 -9999.0 -9999.0 -9999.0 -9999.0 -9999.0 -9999.0
1.7037214024359084 1.7006244244221858 1.6993721645529232 1.7000919501292644 1.7008117357056054 1.7015315212819464 1.7022513068582874 1.7029710924346286 1.7036908780109696 1.7044106635873106 1.7051304491636519 1.7058502347399929 1.7065700203163339 1.7072898058926749 1.7080095914690172 1.7087293770453582 1.7094491626216994 1.7101689481980404 -9999.0 -9999.0 -9999.0 -9999.0 -9999.0 -9999.0 -9999.0 -9999.0 -9999.0 -9999.0 -9999.0 -9999.0 -9999.0 -9999.0 -9999.0 -9999.0 -9999.0 -9999.0 -9999.0 -9999.0 -9999.0 -9999.0 -9999.0 -9999.0 -9999.0 -9999.0
1.7115786457298143 1.7083959924688314 1.7071505507481457 1.7079760320064996 1.7088015132648535 1.7096269945232077 1.7104524757815616 1.7112779570399155 1.7121034382982694 1.7129289195566233 1.7137544008149774 1.7145798820733313 1.7154053633316853 1.7162308445900392 1.7170563258483946 1.7178818071067485 1.7187072883651024 -9999.0 -9999.0 -9999.0 -9999.0 -9999.0 -9999.0 -9999.0 -9999.0 -9999.0 -9999.0 -9999.0 -9999.0 -9999.0 -9999.0 -9999.0 -9999.0 -9999.0 -9999.0 -9999.0 -9999.0 -9999.0 -9999.0 -9999.0 -9999.0 -9999.0 -9999.0 -9999.0
