Figures/CREST_Example_wjb_NSE/PETs/wjb.pet.20100808.asc
ncols            288
nrows            254
xllcorner        113.274861
yllcorner        31.4918055
cellsize         0.008333333333
NODATA_value     -9999
[rows 100 to 119 of 254, columns 135 to 179 of 288]
3.6205819552288867 3.620793262995559 3.621004570762232 3.621215878528904 3.621427186295577 3.6216384940622492 3.6218498018289216 3.6220611095955944 3.622272417362267 3.62248372512894 3.6226950328956122 3.6229063406622846 3.6231176484289573 3.6233289561956297 3.6235402639623024 3.6237515717289748 3.6239628794956475 3.62417418726232 3.624385495028992 3.624596802795665 3.6248081105623373 3.6250194183290105 3.625230726095683 3.625442033862355 3.625653341629028 3.6258646493957003 3.626075957162373 3.626867383081056 3.628278968427363 3.62969055377367 3.631102139119977 3.632513724466284 3.633925309812591 3.6353368951588982 3.6367484805052075 3.6381600658515145 3.6395716511978216 3.6409832365441286 3.6423948218904356 3.6438064072367427 3.6452179925830497 3.6466295779293567 3.6480411632756637 3.6494527486219703 3.6508643339682774
3.624661517880788 3.625092135645656 3.6255227534105243 3.6259533711753926 3.6263839889402605 3.626814606705129 3.627245224469997 3.627675842234865 3.6281064599997337 3.628537077764602 3.6289676955294703 3.629398313294338 3.6298289310592065 3.6302595488240748 3.6306901665889426 3.631120784353811 3.6315514021186788 3.631982019883547 3.6324126376484154 3.6328432554132832 3.6332738731781515 3.6337044909430203 3.6341351087078886 3.6345657264727564 3.6349963442376247 3.635426962002493 3.635857579767361 3.636781357002632 3.6382323328677546 3.6396833087328777 3.6411342845980004 3.642585260463123 3.644036236328246 3.645487212193369 3.646938188058494 3.648389163923617 3.64984013978874 3.6512911156538626 3.652742091518985 3.6541930673841083 3.655644043249231 3.657095019114354 3.6585459949794767 3.6599969708445994 3.6614479467097225
3.628741080532689 3.629391008295753 3.630040936058817 3.6306908638218807 3.6313407915849445 3.631990719348008 3.6326406471110717 3.6332905748741355 3.6339405026372007 3.634590430400264 3.635240358163328 3.6358902859263917 3.6365402136894556 3.6371901414525194 3.6378400692155832 3.638489996978647 3.639139924741711 3.6397898525047743 3.640439780267838 3.641089708030902 3.6417396357939658 3.6423895635570305 3.6430394913200943 3.643689419083158 3.644339346846222 3.644989274609286 3.6456392023723496 3.646695330924208 3.6481856973081466 3.6496760636920853 3.651166430076024 3.6526567964599623 3.654147162843901 3.65563752922784 3.6571278956117808 3.6586182619957195 3.6601086283796582 3.661598994763597 3.6630893611475353 3.664579727531474 3.6660700939154127 3.6675604602993515 3.6690508266832897 3.6705411930672285 3.672031559451167
3.6328206431845906 3.63368988094585 3.6345591187071093 3.6354283564683687 3.636297594229628 3.6371668319908874 3.6380360697521468 3.6389053075134066 3.6397745452746673 3.6406437830359266 3.641513020797186 3.6423822585584453 3.6432514963197047 3.644120734080964 3.6449899718422234 3.6458592096034828 3.646728447364742 3.6475976851260015 3.648466922887261 3.64933616064852 3.65020539840978 3.6510746361710407 3.6519438739323 3.6528131116935594 3.6536823494548187 3.654551587216078 3.6554208249773374 3.6566093048457837 3.658139061748538 3.659668818651293 3.6611985755540473 3.6627283324568016 3.664258089359556 3.6657878462623104 3.6673176031650674 3.668847360067822 3.6703771169705766 3.671906873873331 3.6734366307760853 3.6749663876788397 3.6764961445815945 3.678025901484349 3.679555658387103 3.6810854152898576 3.682615172192612
3.6369002058364917 3.637988753595947 3.639077301355402 3.6401658491148567 3.641254396874312 3.642342944633767 3.643431492393222 3.644520040152677 3.645608587912134 3.6466971356715887 3.647785683431044 3.648874231190499 3.649962778949954 3.651051326709409 3.652139874468864 3.653228422228319 3.6543169699877738 3.655405517747229 3.656494065506684 3.657582613266139 3.658671161025594 3.659759708785051 3.6608482565445057 3.661936804303961 3.663025352063416 3.664113899822871 3.665202447582326 3.66652327876736 3.66809242618893 3.6696615736105005 3.671230721032071 3.672799868453641 3.6743690158752114 3.6759381632967814 3.6775073107183545 3.679076458139925 3.680645605561495 3.6822147529830653 3.6837839004046353 3.6853530478262058 3.686922195247776 3.688491342669346 3.6900604900909166 3.6916296375124866 3.693198784934057
3.6409797684883967 3.6422876262460475 3.6435954840036984 3.6449033417613492 3.646211199519 3.647519057276651 3.648826915034302 3.650134772791952 3.6514426305496053 3.652750488307256 3.654058346064907 3.655366203822558 3.6566740615802087 3.6579819193378595 3.6592897770955104 3.6605976348531613 3.661905492610812 3.663213350368463 3.6645212081261134 3.6658290658837642 3.667136923641415 3.668444781399068 3.669752639156719 3.67106049691437 3.6723683546720207 3.6736762124296716 3.6749840701873224 3.6764372526889444 3.6780457906293305 3.6796543285697165 3.6812628665101026 3.6828714044504887 3.6844799423908747 3.686088480331261 3.6876970182716495 3.6893055562120356 3.6909140941524217 3.692522632092808 3.6941311700331942 3.6957397079735803 3.6973482459139664 3.6989567838543524 3.7005653217947385 3.7021738597351246 3.7037823976755107
3.645059331140298 3.6465864988961445 3.648113666651991 3.6496408344078377 3.651168002163684 3.6526951699195305 3.654222337675377 3.6557495054312232 3.6572766731870723 3.6588038409429187 3.660331008698765 3.6618581764546114 3.6633853442104582 3.6649125119663046 3.666439679722151 3.6679668474779974 3.6694940152338438 3.67102118298969 3.6725483507455365 3.6740755185013834 3.6756026862572297 3.677129854013079 3.678657021768925 3.6801841895247716 3.681711357280618 3.6832385250364643 3.6847656927923107 3.6863512266105203 3.6879991550697224 3.689647083528924 3.6912950119881263 3.692942940447328 3.69459086890653 3.696238797365732 3.6978867258249366 3.6995346542841383 3.7011825827433404 3.702830511202542 3.7044784396617443 3.706126368120946 3.707774296580148 3.70942222503935 3.711070153498552 3.7127180819577537 3.714366010416956
3.649138893792199 3.6508853715462415 3.6526318493002834 3.6543783270543253 3.6561248048083677 3.6578712825624096 3.6596177603164515 3.661364238070494 3.663110715824539 3.6648571935785808 3.666603671332623 3.668350149086665 3.670096626840707 3.6718431045947493 3.673589582348791 3.675336060102833 3.6770825378568754 3.6788290156109174 3.6805754933649593 3.6823219711190016 3.6840684488730435 3.6858149266270885 3.6875614043811304 3.689307882135173 3.6910543598892147 3.6928008376432566 3.694547315397299 3.696265200532096 3.697952519510114 3.6996398384881317 3.7013271574661495 3.7030144764441673 3.704701795422185 3.706389114400203 3.7080764333782232 3.709763752356241 3.7114510713342588 3.7131383903122765 3.7148257092902943 3.716513028268312 3.71820034724633 3.719887666224347 3.721574985202365 3.7232623041803827 3.7249496231584005
3.6532184564441006 3.6551842441963385 3.6571500319485764 3.659115819700814 3.6610816074530517 3.663047395205289 3.665013182957527 3.6669789707097644 3.6689447584620054 3.6709105462142433 3.6728763339664807 3.6748421217187186 3.676807909470956 3.678773697223194 3.6807394849754314 3.6827052727276692 3.6846710604799067 3.6866368482321445 3.688602635984382 3.69056842373662 3.6925342114888573 3.6944999992410987 3.696465786993336 3.698431574745574 3.7003973624978115 3.7023631502500494 3.704328938002287 3.706179174453672 3.7079058839505055 3.709632593447339 3.7113593029441727 3.713086012441006 3.7148127219378395 3.7165394314346734 3.71826614093151 3.7199928504283433 3.7217195599251767 3.7234462694220105 3.725172978918844 3.7268996884156773 3.728626397912511 3.7303531074093446 3.732079816906178 3.733806526403012 3.735533235899845
3.657298019096002 3.6594831168464355 3.6616682145968684 3.663853312347302 3.6660384100977352 3.6682235078481686 3.6704086055986016 3.672593703349035 3.674778801099472 3.6769638988499054 3.679148996600339 3.681334094350772 3.683519192101205 3.6857042898516386 3.687889387602072 3.6900744853525054 3.6922595831029383 3.6944446808533717 3.696629778603805 3.6988148763542386 3.700999974104672 3.703185071855109 3.7053701696055423 3.7075552673559753 3.7097403651064087 3.711925462856842 3.7141105606072755 3.716093148375248 3.7178592483908974 3.719625348406547 3.7213914484221964 3.7231575484378454 3.724923648453495 3.7266897484691444 3.7284558484847965 3.730221948500446 3.7319880485160954 3.733754148531745 3.735520248547394 3.7372863485630434 3.739052448578693 3.7408185485943424 3.7425846486099914 3.744350748625641 3.7461168486412904
3.6613775817479035 3.6637819894965324 3.6661863972451614 3.6685908049937903 3.6709952127424192 3.673399620491048 3.675804028239677 3.6782084359883056 3.680612843736939 3.683017251485568 3.685421659234197 3.687826066982826 3.6902304747314543 3.692634882480083 3.695039290228712 3.697443697977341 3.69984810572597 3.702252513474599 3.704656921223228 3.707061328971857 3.7094657367204857 3.7118701444691187 3.7142745522177476 3.7166789599663765 3.7190833677150055 3.7214877754636344 3.7238921832122633 3.726007122296824 3.727812612831289 3.729618103365754 3.7314235939002196 3.7332290844346847 3.73503457496915 3.736840065503615 3.738645556038083 3.7404510465725482 3.7422565371070133 3.744062027641479 3.745867518175944 3.747673008710409 3.749478499244874 3.7512839897793393 3.7530894803138044 3.7548949708482695 3.756700461382735
3.6654571443998085 3.668080862146633 3.670704579893458 3.6733282976402823 3.6759520153871073 3.678575733133932 3.6811994508807566 3.6838231686275815 3.6864468863744104 3.6890706041212353 3.6916943218680602 3.6943180396148847 3.6969417573617096 3.699565475108534 3.702189192855359 3.704812910602184 3.7074366283490083 3.7100603460958332 3.7126840638426577 3.7153077815894826 3.7179314993363075 3.7205552170831364 3.7231789348299613 3.725802652576786 3.7284263703236107 3.7310500880704356 3.73367380581726 3.7359210962184086 3.73776597727169 3.7396108583249705 3.7414557393782517 3.7433006204315324 3.7451455014848136 3.746990382538095 3.7488352635913786 3.75068014464466 3.752525025697941 3.7543699067512217 3.756214787804503 3.7580596688577836 3.759904549911065 3.761749430964346 3.7635943120176267 3.765439193070908 3.7672840741241886
3.6695367070517095 3.67237973479673 3.67522276254175 3.6780657902867704 3.680908818031791 3.6837518457768113 3.6865948735218317 3.6894379012668517 3.692280929011877 3.6951239567568974 3.697966984501918 3.7008100122469383 3.7036530399919583 3.7064960677369787 3.709339095481999 3.7121821232270196 3.71502515097204 3.71786817871706 3.7207112064620804 3.723554234207101 3.7263972619521213 3.7292402896971466 3.7320833174421666 3.734926345187187 3.7377693729322075 3.740612400677228 3.7434554284222483 3.7458350701399845 3.7477193417120813 3.749603613284178 3.751487884856275 3.7533721564283717 3.7552564280004685 3.7571406995725654 3.7590249711446653 3.760909242716762 3.762793514288859 3.7646777858609557 3.7665620574330525 3.7684463290051498 3.7703306005772466 3.7722148721493434 3.77409914372144 3.775983415293537 3.777867686865634
3.673616269703611 3.676678607446827 3.679740945190043 3.682803282933259 3.685865620676475 3.688927958419691 3.6919902961629067 3.6950526339061227 3.698114971649344 3.70117730939256 3.704239647135776 3.707301984878992 3.710364322622208 3.713426660365424 3.7164889981086398 3.7195513358518557 3.7226136735950717 3.7256760113382876 3.7287383490815036 3.7318006868247195 3.7348630245679355 3.737925362311157 3.7409877000543728 3.7440500377975887 3.7471123755408047 3.7501747132840206 3.7532370510272366 3.7557490440615604 3.7576727061524733 3.7595963682433857 3.7615200303342986 3.763443692425211 3.7653673545161235 3.7672910166070364 3.7692146786979523 3.771138340788865 3.7730620028797777 3.77498566497069 3.7769093270616025 3.7788329891525154 3.780756651243428 3.7826803133343407 3.784603975425253 3.786527637516166 3.7884512996070785
3.677695832355512 3.6809774800969235 3.6842591278383354 3.687540775579747 3.6908224233211584 3.69410407106257 3.697385718803982 3.7006673665453933 3.7039490142868106 3.707230662028222 3.7105123097696335 3.713793957511045 3.717075605252457 3.7203572529938684 3.72363890073528 3.7269205484766914 3.7302021962181033 3.733483843959515 3.7367654917009263 3.740047139442338 3.7433287871837497 3.7466104349251665 3.7498920826665785 3.75317373040799 3.7564553781494014 3.759737025890813 3.763018673632225 3.7656630179831363 3.767626070592865 3.7695891232025933 3.771552175812322 3.7735152284220503 3.7754782810317784 3.777441333641507 3.779404386251239 3.7813674388609675 3.7833304914706956 3.785293544080424 3.7872565966901526 3.789219649299881 3.7911827019096096 3.793145754519338 3.7951088071290666 3.797071859738795 3.799034912348523
3.6817753950074135 3.685276352747021 3.688777310486628 3.6922782682262354 3.6957792259658424 3.69928018370545 3.702781141445057 3.706282099184664 3.709783056924277 3.7132840146638846 3.7167849724034916 3.720285930143099 3.723786887882706 3.7272878456223135 3.7307888033619205 3.734289761101528 3.737790718841135 3.741291676580742 3.7447926343203495 3.7482935920599565 3.751794549799564 3.755295507539177 3.758796465278784 3.7622974230183917 3.7657983807579987 3.769299338497606 3.772800296237213 3.7755769919047126 3.7775794350332568 3.779581878161801 3.7815843212903455 3.7835867644188896 3.7855892075474338 3.787591650675978 3.7895940938045256 3.79159653693307 3.7935989800616143 3.7956014231901585 3.7976038663187026 3.799606309447247 3.8016087525757913 3.8036111957043355 3.80561363883288 3.807616081961424 3.8096185250899683
3.6858549576593145 3.6895752253971175 3.6932954931349204 3.697015760872723 3.700736028610526 3.704456296348329 3.7081765640861315 3.7118968318239345 3.7156170995617437 3.7193373672995467 3.723057635037349 3.726777902775152 3.730498170512955 3.7342184382507577 3.7379387059885607 3.7416589737263637 3.7453792414641662 3.749099509201969 3.752819776939772 3.7565400446775747 3.7602603124153777 3.763980580153187 3.76770084789099 3.7714211156287925 3.7751413833665954 3.7788616511043984 3.782581918842201 3.785490965826288 3.7875327994736483 3.7895746331210085 3.7916164667683687 3.7936583004157285 3.7957001340630887 3.797741967710449 3.7997838013578122 3.8018256350051725 3.8038674686525322 3.8059093022998924 3.8079511359472527 3.809992969594613 3.8120348032419726 3.814076636889333 3.816118470536693 3.818160304184053 3.820202137831413
3.689934520311216 3.6938740980472144 3.697813675783213 3.7017532535192115 3.70569283125521 3.7096324089912085 3.713571986727207 3.717511564463205 3.7214511421992102 3.7253907199352088 3.7293302976712073 3.733269875407206 3.7372094531432043 3.741149030879203 3.7450886086152013 3.7490281863511994 3.752967764087198 3.7569073418231964 3.760846919559195 3.7647864972951934 3.768726075031192 3.772665652767197 3.7766052305031956 3.7805448082391937 3.784484385975192 3.7884239637111907 3.7923635414471892 3.795404939747864 3.79748616391404 3.7995673880802157 3.801648612246392 3.803729836412568 3.8058110605787436 3.8078922847449195 3.809973508911099 3.8120547330772747 3.8141359572434506 3.8162171814096264 3.8182984055758027 3.8203796297419785 3.8224608539081544 3.82454207807433 3.826623302240506 3.828704526406682 3.8307857505728578
3.6943164524039838 3.698311436131642 3.7023064198593 3.706301403586958 3.7102963873146164 3.7142913710422745 3.7182863547699325 3.7222813384975906 3.7262763222252557 3.730271305952914 3.734266289680572 3.73826127340823 3.7422562571358884 3.7462512408635464 3.7502462245912045 3.7542412083188625 3.7582361920465206 3.762231175774179 3.766226159501837 3.770221143229495 3.7742161269571533 3.7782111106848184 3.7822060944124765 3.7862010781401345 3.790196061867793 3.794191045595451 3.798186029323109 3.801311529999595 3.803507533625394 3.805703537251193 3.807899540876992 3.810095544502791 3.81229154812859 3.814487551754389 3.816683555380192 3.8188795590059907 3.82107556263179 3.823271566257589 3.8254675698833878 3.827663573509187 3.829859577134986 3.832055580760785 3.834251584386584 3.836447588012383 3.838643591638182
3.6990215983667216 3.70289678503607 3.7067719717054177 3.7106471583747656 3.7145223450441134 3.718397531713461 3.7222727183828095 3.7261479050521573 3.730023091721512 3.7338982783908596 3.7377734650602075 3.7416486517295557 3.7455238383989036 3.7493990250682514 3.7532742117375992 3.757149398406947 3.7610245850762953 3.764899771745643 3.768774958414991 3.772650145084339 3.7765253317536867 3.7804005184230416 3.7842757050923894 3.7881508917617372 3.792026078431085 3.795901265100433 3.799776451769781 3.8029344797461504 3.8053258488565427 3.8077172179669345 3.810108587077327 3.812499956187719 3.8148913252981114 3.8172826944085037 3.8196740635189 3.822065432629292 3.824456801739684 3.8268481708500763 3.8292395399604686 3.831630909070861 3.834022278181253 3.8364136472916455 3.8388050164020373 3.8411963855124296 3.843587754622822
