Figures/CREST_Example_wjb_NSE/PETs/wjb.pet.20090720.asc
ncols            288
nrows            254
xllcorner        113.274861
yllcorner        31.4918055
cellsize         0.008333333333
NODATA_value     -9999
[rows 180 to 199 of 254, columns 45 to 89 of 288]
4.269181063838093 4.268645845002529 4.268110626166965 4.267575407331401 4.267040188495837 4.266504969660274 4.26596975082471 4.265434531989145 4.264899313153582 4.264364094318018 4.263828875482454 4.263293656646891 4.262758437811327 4.262223218975763 4.261688000140199 4.261152781304635 4.260617562469072 4.260082343633508 4.259547124797944 4.259011905962381 4.258476687126816 4.257941468291253 4.257406249455689 4.2568710306201245 4.256335811784561 4.255800592948997 4.255265374113434 4.252132048090275 4.246221286750616 4.240310525410957 4.234399764071298 4.228489002731639 4.22257824139198 4.21666748005231 4.210756718712651 4.204845957372992 4.198935196033333 4.193024434693674 4.187113673354014 4.1812029120143555 4.1752921506746965 4.1693813893350375 4.163470627995379 4.157559866655719 4.15164910531606
4.268258008781522 4.267818275979135 4.267378543176748 4.266938810374361 4.266499077571973 4.2660593447695865 4.2656196119672 4.265179879164812 4.264740146362425 4.264300413560038 4.263860680757651 4.263420947955264 4.262981215152877 4.26254148235049 4.262101749548103 4.261662016745716 4.261222283943329 4.260782551140942 4.260342818338555 4.259903085536168 4.25946335273378 4.259023619931393 4.2585838871290065 4.25814415432662 4.257704421524232 4.257264688721845 4.256824955919458 4.25380541767848 4.248028009104416 4.242250600530351 4.2364731919562875 4.230695783382223 4.2249183748081585 4.219140966234084 4.21336355766002 4.207586149085956 4.201808740511892 4.196031331937827 4.190253923363763 4.184476514789699 4.1786991062156345 4.17292169764157 4.1671442890675054 4.161366880493442 4.155589471919377
4.2673349537249505 4.266990706955741 4.26664646018653 4.26630221341732 4.265957966648109 4.2656137198789 4.265269473109689 -9999.0 4.264580979571268 4.264236732802058 4.263892486032847 4.2635482392636375 4.263203992494427 4.262859745725216 4.262515498956006 4.262171252186796 4.261827005417586 4.261482758648375 4.261138511879165 4.260794265109955 4.260450018340744 4.260105771571533 4.2597615248023235 4.259417278033113 4.2590730312639025 4.258728784494692 4.258384537725482 4.255478787266684 4.249834731458214 4.244190675649745 4.238546619841276 4.2329025640328055 4.227258508224336 4.221614452415857 4.215970396607388 4.210326340798918 4.204682284990449 4.19903822918198 4.19339417337351 4.187750117565041 4.1821060617565715 4.1764620059481015 4.170817950139632 4.165173894331163 4.159529838522693
-9999.0 -9999.0 -9999.0 4.265665616460279 4.2654168557242444 4.265168094988211 4.264919334252178 -9999.0 -9999.0 4.264173052044077 4.263924291308044 4.26367553057201 4.263426769835976 4.263178009099943 4.26292924836391 4.262680487627876 4.262431726891843 4.262182966155809 4.2619342054197755 4.261685444683742 4.261436683947708 4.261187923211675 4.260939162475641 4.260690401739608 4.260441641003575 4.260192880267541 4.259944119531507 4.25715215685489 4.251641453812015 4.24613075076914 4.240620047726265 4.235109344683392 4.229598641640517 4.224087938597633 4.218577235554759 4.213066532511884 4.20755582946901 4.202045126426135 4.196534423383261 4.191023720340386 4.185513017297512 4.180002314254637 4.174491611211763 4.168980908168889 4.163470205126014
-9999.0 -9999.0 -9999.0 -9999.0 4.2648757448003805 -9999.0 -9999.0 -9999.0 -9999.0 -9999.0 -9999.0 4.263802821880383 4.263649547177526 4.2634962724746694 4.2633429977718125 4.263189723068956 4.263036448366099 4.262883173663242 4.2627298989603855 4.2625766242575285 4.2624233495546715 4.262270074851815 4.262116800148958 4.2619635254461015 4.2618102507432445 4.261656976040388 4.261503701337531 4.2588255264430925 4.253448176165813 4.248070825888534 4.242693475611254 4.237316125333974 4.231938775056695 4.226561424779406 4.221184074502126 4.215806724224847 4.2104293739475676 4.205052023670287 4.199674673393008 4.194297323115729 4.188919972838449 4.183542622561169 4.17816527228389 4.17278792200661 4.167410571729331
-9999.0 -9999.0 -9999.0 -9999.0 -9999.0 -9999.0 -9999.0 -9999.0 -9999.0 -9999.0 -9999.0 -9999.0 4.263872324519077 4.263814535849397 4.263756747179716 4.263698958510036 4.263641169840357 4.263583381170676 4.263525592500996 4.2634678038313165 4.263410015161636 4.263352226491956 4.263294437822276 4.263236649152596 4.263178860482916 4.263121071813236 4.2630632831435555 4.260498896031297 4.255254898519612 4.250010901007928 4.244766903496243 4.2395229059845585 4.234278908472874 4.22903491096118 4.223790913449495 4.218546915937811 4.213302918426126 4.208058920914441 4.202814923402756 4.197570925891071 4.192326928379386 4.187082930867702 4.181838933356017 4.176594935844332 4.1713509383326475
-9999.0 -9999.0 -9999.0 -9999.0 -9999.0 -9999.0 -9999.0 -9999.0 -9999.0 -9999.0 -9999.0 -9999.0 -9999.0 -9999.0 -9999.0 -9999.0 -9999.0 -9999.0 4.264321286041606 4.264358983405103 4.264396680768599 4.264434378132096 4.264472075495593 4.26450977285909 4.2645474702225865 4.264585167586083 4.26462286494958 4.262172265619501 4.257061620873412 4.251950976127321 4.2468403313812315 4.241729686635142 4.2366190418890515 4.231508397142953 4.226397752396863 4.221287107650773 4.216176462904683 4.211065818158594 4.205955173412503 4.200844528666414 4.195733883920324 4.190623239174234 4.185512594428144 4.180401949682055 4.175291304935964
-9999.0 -9999.0 -9999.0 -9999.0 -9999.0 -9999.0 -9999.0 -9999.0 -9999.0 -9999.0 -9999.0 -9999.0 -9999.0 -9999.0 -9999.0 -9999.0 -9999.0 -9999.0 4.265116979582216 4.26525016297889 4.265383346375563 4.265516529772237 4.2656497131689095 4.265782896565583 4.265916079962256 4.26604926335893 4.266182446755604 4.263845635207705 4.25886834322721 4.253891051246715 4.24891375926622 4.2439364672857245 4.23895917530523 4.233981883324726 4.229004591344231 4.224027299363736 4.219050007383241 4.214072715402747 4.2090954234222515 4.204118131441756 4.199140839461261 4.194163547480766 4.189186255500271 4.184208963519776 4.179231671539281
-9999.0 -9999.0 -9999.0 -9999.0 -9999.0 -9999.0 -9999.0 -9999.0 -9999.0 -9999.0 -9999.0 -9999.0 -9999.0 -9999.0 -9999.0 -9999.0 4.265455334263127 4.265684003692977 4.265912673122827 4.266141342552677 4.266370011982527 4.266598681412377 4.266827350842227 4.2670560202720775 4.267284689701928 4.267513359131778 4.267742028561628 4.26551900479591 4.260675065581009 4.255831126366109 4.250987187151209 4.246143247936309 4.241299308721408 4.2364553695065 4.2316114302916 4.2267674910767 4.221923551861799 4.2170796126468995 4.212235673431999 4.207391734217099 4.202547795002198 4.1977038557872985 4.192859916572398 4.188015977357498 4.183172038142597
-9999.0 -9999.0 -9999.0 -9999.0 -9999.0 -9999.0 -9999.0 -9999.0 -9999.0 -9999.0 -9999.0 -9999.0 -9999.0 -9999.0 -9999.0 4.265735900274357 4.266060055737384 4.2663842112004104 4.266708366663438 4.267032522126464 4.2673566775894916 4.267680833052519 4.268004988515546 4.268329143978573 4.2686532994416 4.268977454904626 4.269301610367654 4.267192374384115 4.26248178793481 4.257771201485505 4.253060615036199 4.248350028586894 4.243639442137589 4.238928855688275 4.23421826923897 4.229507682789665 4.22479709634036 4.220086509891055 4.21537592344175 4.210665336992444 4.205954750543139 4.201244164093834 4.196533577644528 4.191822991195223 4.187112404745918
-9999.0 -9999.0 -9999.0 -9999.0 -9999.0 -9999.0 -9999.0 -9999.0 -9999.0 -9999.0 -9999.0 -9999.0 -9999.0 -9999.0 4.265825494219233 4.266245135715437 4.26666477721164 4.267084418707844 4.267504060204048 4.267923701700251 4.268343343196456 4.268762984692659 4.269182626188862 4.269602267685066 4.27002190918127 4.270441550677473 4.270861192173677 4.268865743972318 4.264288510288608 4.259711276604898 4.2551340429211875 4.2505568092374775 4.245979575553767 4.241402341870049 4.236825108186339 4.232247874502628 4.227670640818918 4.223093407135207 4.218516173451497 4.213938939767787 4.209361706084076 4.204784472400366 4.200207238716655 4.195630005032945 4.191052771349235
-9999.0 -9999.0 -9999.0 -9999.0 -9999.0 -9999.0 -9999.0 -9999.0 -9999.0 -9999.0 -9999.0 -9999.0 -9999.0 -9999.0 4.266239243627136 4.266754371156516 4.267269498685897 4.267784626215277 4.268299753744658 4.268814881274038 4.2693300088034185 4.269845136332799 4.270360263862179 4.27087539139156 4.27139051892094 4.27190564645032 4.272420773979701 4.270539113560522 4.266095232642407 4.261651351724291 4.257207470806176 4.252763589888061 4.248319708969945 4.243875828051822 4.239431947133706 4.234988066215591 4.230544185297475 4.22610030437936 4.221656423461244 4.217212542543129 4.212768661625014 4.208324780706898 4.203880899788783 4.199437018870667 4.194993137952552
-9999.0 -9999.0 -9999.0 -9999.0 -9999.0 -9999.0 -9999.0 -9999.0 -9999.0 -9999.0 -9999.0 -9999.0 -9999.0 -9999.0 4.26665299303504 4.267263606597597 4.267874220160154 4.268484833722711 4.269095447285268 4.269706060847825 4.270316674410383 4.27092728797294 4.271537901535497 4.2721485150980545 4.272759128660612 4.273369742223168 4.273980355785725 4.272212483148727 4.267901954996207 4.263591426843686 4.259280898691165 4.254970370538644 4.250659842386124 4.246349314233596 4.242038786081075 4.237728257928555 4.233417729776034 4.229107201623513 4.224796673470992 4.220486145318472 4.216175617165951 4.211865089013431 4.20755456086091 4.2032440327083895 4.1989335045558684
-9999.0 -9999.0 -9999.0 -9999.0 -9999.0 -9999.0 -9999.0 -9999.0 -9999.0 -9999.0 -9999.0 -9999.0 4.265654543251475 4.266360642847209 4.2670667424429425 4.267772842038677 4.26847894163441 4.269185041230144 4.2698911408258775 4.270597240421612 4.271303340017346 4.272009439613081 4.272715539208814 4.273421638804548 4.274127738400281 4.274833837996016 4.275539937591749 4.273885852736931 4.269708677350005 4.265531501963079 4.2613543265761535 4.257177151189228 4.252999975802302 4.248822800415369 4.2446456250284434 4.240468449641517 4.236291274254591 4.232114098867665 4.22793692348074 4.223759748093814 4.219582572706888 4.215405397319962 4.211228221933037 4.207051046546111 4.202873871159185
-9999.0 -9999.0 -9999.0 -9999.0 -9999.0 -9999.0 -9999.0 -9999.0 -9999.0 -9999.0 -9999.0 -9999.0 4.265877320593025 4.2666789062219355 4.267480491850846 4.268282077479757 4.269083663108667 4.269885248737578 4.270686834366488 4.271488419995399 4.272290005624311 4.2730915912532215 4.273893176882131 4.274694762511042 4.275496348139953 4.276297933768864 4.277099519397773 4.2755592223251355 4.271515399703804 4.267471577082474 4.2634277544611425 4.259383931839812 4.255340109218481 4.251296286597143 4.247252463975812 4.243208641354482 4.23916481873315 4.23512099611182 4.231077173490489 4.227033350869158 4.222989528247827 4.2189457056264965 4.214901883005165 4.210858060383835 4.2068142377625035
-9999.0 -9999.0 -9999.0 -9999.0 -9999.0 -9999.0 -9999.0 -9999.0 -9999.0 -9999.0 -9999.0 -9999.0 -9999.0 4.266997169596663 4.26789424125875 4.268791312920837 4.269688384582924 4.270585456245012 4.271482527907099 4.272379599569186 4.273276671231275 4.274173742893362 4.275070814555449 4.275967886217536 4.276864957879624 4.277762029541711 4.278659101203798 4.27723259191334 4.273322122057604 4.2694116522018675 4.2655011823461315 4.261590712490396 4.25768024263466 4.253769772778917 4.2498593029231815 4.2459488330674455 4.242038363211709 4.238127893355973 4.234217423500237 4.230306953644501 4.226396483788765 4.222486013933029 4.218575544077293 4.214665074221557 4.210754604365821
-9999.0 -9999.0 -9999.0 -9999.0 -9999.0 -9999.0 -9999.0 -9999.0 -9999.0 -9999.0 -9999.0 -9999.0 -9999.0 4.267315432971389 4.268307990666653 4.269300548361917 4.270293106057181 4.271285663752445 4.272278221447709 4.2732707791429725 4.274263336838239 4.275255894533503 4.276248452228766 4.277241009924031 4.278233567619294 4.279226125314558 4.2802186830098226 4.278905961501543 4.275128844411403 4.271351727321261 4.2675746102311205 4.263797493140979 4.2600203760508375 4.25624325896069 4.252466141870549 4.248689024780408 4.244911907690267 4.2411347906001255 4.237357673509984 4.233580556419843 4.229803439329702 4.22602632223956 4.22224920514942 4.218472088059278 4.214694970969137
-9999.0 -9999.0 -9999.0 -9999.0 -9999.0 -9999.0 -9999.0 -9999.0 -9999.0 -9999.0 -9999.0 -9999.0 -9999.0 4.267633696346116 4.2687217400745565 4.269809783802997 4.270897827531438 4.271985871259878 4.273073914988319 4.27416195871676 4.275250002445203 4.2763380461736435 4.277426089902084 4.278514133630525 4.279602177358965 4.280690221087406 4.281778264815847 4.280579331089748 4.276935566765202 4.273291802440656 4.2696480381161095 4.266004273791563 4.262360509467017 4.258716745142465 4.255072980817919 4.2514292164933725 4.247785452168826 4.244141687844279 4.240497923519733 4.236854159195187 4.233210394870641 4.229566630546095 4.2259228662215484 4.222279101897002 4.218635337572456
-9999.0 -9999.0 -9999.0 -9999.0 -9999.0 -9999.0 -9999.0 -9999.0 -9999.0 -9999.0 -9999.0 -9999.0 -9999.0 4.267951959720842 4.269135489482459 4.270319019244077 4.271502549005694 4.272686078767312 4.273869608528929 4.275053138290547 4.276236668052166 4.277420197813783 4.278603727575401 4.279787257337018 4.280970787098636 4.282154316860253 4.283337846621871 4.282252700677952 4.278742289119001 4.275231877560049 4.271721466001098 4.268211054442147 4.264700642883195 4.261190231324238 4.257679819765286 4.254169408206335 4.250658996647384 4.247148585088432 4.24363817352948 4.2401277619705295 4.236617350411578 4.233106938852626 4.229596527293675 4.226086115734724 4.222575704175772
-9999.0 -9999.0 -9999.0 -9999.0 -9999.0 -9999.0 -9999.0 -9999.0 -9999.0 4.263154159916392 4.264433175711186 4.265712191505981 4.266991207300775 4.268270223095569 4.269549238890363 4.270828254685157 4.272107270479951 4.273386286274746 4.27466530206954 4.275944317864334 4.27722333365913 4.278502349453924 4.279781365248718 4.281060381043512 4.2823393968383066 4.283618412633101 4.284897428427895 4.283926070266157 4.2805490114728 4.277171952679444 4.273794893886087 4.27041783509273 4.267040776299374 4.263663717506011 4.260286658712655 4.2569095999192985 4.253532541125942 4.250155482332585 4.2467784235392285 4.243401364745872 4.240024305952516 4.236647247159159 4.233270188365802 4.229893129572446 4.226516070779089
