Figures/CREST_Example_wjb_NSE/PETs/wjb.pet.20100904.asc
ncols            288
nrows            254
xllcorner        113.274861
yllcorner        31.4918055
cellsize         0.008333333333
NODATA_value     -9999
[rows 20 to 39 of 254, columns 88 to 131 of 288]
1.9861344141809116 1.98553085663979 1.9849272990986686 1.984323741557546 1.9837201840164247 1.9831166264753033 1.9825130689341817 1.9819095113930603 1.9813059538519389 1.9807023963108172 1.9800988387696958 1.9794952812285744 1.978891723687453 1.9782881661463314 1.9777896325916742 1.9774033720532653 1.977017111514856 1.9766308509764472 1.9762445904380384 1.9758583298996295 1.9754720693612207 1.9750858088228118 1.974699548284403 1.9743132877459941 1.9739270272075853 1.9735407666691764 1.9731545061307676 1.9727682455923587 1.9723819850539501 1.9719957245155406 1.9716094639771318 1.971223203438723 1.970836942900314 -9999.0 -9999.0 -9999.0 -9999.0 -9999.0 -9999.0 -9999.0 -9999.0 -9999.0 -9999.0 -9999.0
1.981144474810327 1.9805147786755237 1.9798850825407206 1.9792553864059161 1.978625690271113 1.9779959941363097 1.9773662980015063 1.9767366018667032 1.9761069057318998 1.9754772095970965 1.9748475134622934 1.97421781732749 1.973588121192687 1.9729584250578835 1.9724596024993988 1.972100686753207 1.9717417710070144 1.9713828552608226 1.9710239395146307 1.9706650237684389 1.970306108022247 1.969947192276055 1.9695882765298631 1.9692293607836713 1.9688704450374794 1.9685115292912876 1.9681526135450957 1.9677936977989037 1.9674347820527118 1.9670758663065193 1.9667169505603275 1.9663580348141356 1.9659991190679438 -9999.0 -9999.0 -9999.0 -9999.0 -9999.0 -9999.0 -9999.0 -9999.0 -9999.0 -9999.0 -9999.0
1.9761545354397425 1.9754987007112574 1.9748428659827724 1.9741870312542862 1.9735311965258011 1.972875361797316 1.972219527068831 1.971563692340346 1.9709078576118608 1.9702520228833758 1.9695961881548907 1.9689403534264056 1.9682845186979205 1.9676286839694355 1.9671295724071232 1.9667980014531483 1.9664664304991728 1.9661348595451977 1.9658032885912229 1.965471717637248 1.965140146683273 1.9648085757292981 1.964477004775323 1.9641454338213482 1.9638138628673734 1.9634822919133983 1.9631507209594234 1.9628191500054484 1.9624875790514735 1.962156008097498 1.9618244371435232 1.961492866189548 1.9611612952355733 1.9608297242815982 1.9604981533276233 1.9601665823736483 -9999.0 1.9595034404656986 -9999.0 -9999.0 -9999.0 -9999.0 -9999.0 -9999.0
1.971164596069158 1.9704826227469912 1.9698006494248241 1.9691186761026562 1.9684367027804892 1.9677547294583224 1.9670727561361556 1.9663907828139886 1.9657088094918218 1.965026836169655 1.964344862847488 1.9636628895253212 1.9629809162031544 1.9622989428809874 1.9617995423148478 1.9614953161530897 1.9611910899913312 1.9608868638295733 1.9605826376678153 1.9602784115060572 1.9599741853442993 1.9596699591825413 1.9593657330207832 1.9590615068590251 1.9587572806972673 1.9584530545355092 1.9581488283737511 1.9578446022119933 1.9575403760502352 1.9572361498884767 1.9569319237267186 1.9566276975649608 1.9563234714032027 1.9560192452414447 1.9557150190796868 1.9554107929179287 1.9551065667561707 1.9548023405944128 1.9544981144326548 -9999.0 -9999.0 -9999.0 -9999.0 -9999.0
1.9661746566985734 1.9654665447827249 1.9647584328668761 1.9640503209510263 1.9633422090351775 1.9626340971193288 1.9619259852034803 1.9612178732876315 1.9605097613717828 1.9598016494559343 1.9590935375400855 1.9583854256242368 1.9576773137083883 1.9569692017925395 1.9564695122225724 1.9561926308530313 1.9559157494834898 1.9556388681139487 1.9553619867444076 1.9550851053748666 1.9548082240053255 1.9545313426357844 1.9542544612662434 1.9539775798967023 1.9537006985271612 1.9534238171576204 1.9531469357880793 1.9528700544185382 1.9525931730489972 1.9523162916794556 1.9520394103099146 1.9517625289403735 1.9514856475708324 1.9512087662012914 1.9509318848317503 1.9506550034622092 1.9503781220926681 1.950101240723127 1.949824359353586 -9999.0 -9999.0 -9999.0 -9999.0 -9999.0
1.961184717327989 1.9604504668184586 1.9597162163089281 1.9589819657993963 1.9582477152898659 1.9575134647803354 1.956779214270805 1.9560449637612745 1.955310713251744 1.9545764627422135 1.953842212232683 1.9531079617231526 1.9523737112136221 1.9516394607040917 1.951139482130297 1.9508899455529727 1.9506404089756482 1.950390872398324 1.950141335821 1.949891799243676 1.9496422626663519 1.9493927260890276 1.9491431895117035 1.9488936529343794 1.9486441163570554 1.9483945797797313 1.948145043202407 1.947895506625083 1.9476459700477589 1.9473964334704343 1.9471468968931103 1.946897360315786 1.946647823738462 1.9463982871611378 1.9461487505838138 1.9458992140064897 1.9456496774291654 1.9454001408518413 1.9451506042745172 -9999.0 -9999.0 -9999.0 -9999.0 -9999.0
1.9561947779574043 1.955434388854192 1.9546739997509799 1.9539136106477661 1.953153221544554 1.9523928324413418 1.9516324433381294 1.9508720542349172 1.9501116651317048 1.9493512760284926 1.9485908869252802 1.947830497822068 1.9470701087188558 1.9463097196156434 1.9458094520380214 1.945587260252914 1.9453650684678065 1.9451428766826995 1.9449206848975922 1.944698493112485 1.9444763013273778 1.9442541095422707 1.9440319177571637 1.9438097259720564 1.9435875341869493 1.943365342401842 1.943143150616735 1.9429209588316279 1.9426987670465206 1.942476575261413 1.942254383476306 1.9420321916911987 1.9418099999060916 1.9415878081209843 1.9413656163358772 1.9411434245507702 1.9409212327656629 1.9406990409805558 1.9404768491954485 -9999.0 -9999.0 -9999.0 -9999.0 -9999.0
1.9512048385868157 1.9504183108899216 1.9496317831930274 1.948845255496132 1.948058727799238 1.947272200102344 1.9464856724054498 1.9456991447085557 1.9449126170116615 1.9441260893147674 1.9433395616178735 1.9425530339209793 1.9417665062240852 1.940979978527191 1.9404794219457413 1.9402845749528512 1.9400897279599607 1.9398948809670704 1.9397000339741803 1.93950518698129 1.9393103399883997 1.9391154929955097 1.9389206460026194 1.9387257990097293 1.938530952016839 1.938336105023949 1.9381412580310586 1.9379464110381683 1.9377515640452783 1.9375567170523877 1.9373618700594974 1.9371670230666074 1.936972176073717 1.9367773290808268 1.9365824820879367 1.9363876350950464 1.9361927881021563 1.935997941109266 1.9358030941163757 1.9356082471234857 1.9354134001305954 1.9352185531377053 -9999.0 -9999.0
1.9479211851955924 1.9471422320449512 1.94636327889431 1.9455843257436674 1.944805372593026 1.9440264194423849 1.9432474662917434 1.9424685131411021 1.941689559990461 1.9409106068398196 1.9401316536891784 1.9393527005385371 1.938573747387896 1.9377947942372546 1.9372967750876458 1.9370990807373947 1.9369013863871432 1.936703692036892 1.936505997686641 1.93630830333639 1.9361106089861388 1.9359129146358878 1.9357152202856367 1.9355175259353856 1.9353198315851343 1.9351221372348832 1.9349244428846322 1.934726748534381 1.93452905418413 1.9343313598338785 1.9341336654836274 1.9339359711333763 1.9337382767831253 1.9335405824328742 1.9333428880826231 1.933145193732372 1.932947499382121 1.9327498050318699 1.9325521106816186 1.9323544163313675 1.9321567219811164 1.9319590276308654 1.931761333280614 1.9315636389303628
1.9464614439204486 1.9457261025367498 1.944990761153051 1.944255419769351 1.943520078385652 1.9427847370019533 1.9420493956182545 1.9413140542345557 1.940578712850857 1.9398433714671581 1.9391080300834593 1.9383726886997605 1.9376373473160617 1.936902005932363 1.9364095454960935 1.9361767302844548 1.9359439150728157 1.935711099861177 1.9354782846495384 1.9352454694378998 1.9350126542262613 1.9347798390146227 1.934547023802984 1.9343142085913454 1.9340813933797067 1.933848578168068 1.9336157629564295 1.933382947744791 1.9331501325331524 1.9329173173215133 1.9326845021098746 1.932451686898236 1.9322188716865976 1.931986056474959 1.9317532412633203 1.9315204260516816 1.931287610840043 1.9310547956284043 1.9308219804167657 1.9305891652051272 1.9303563499934886 1.93012353478185 1.9298907195702109 1.9296579043585722
1.9450017026453048 1.9443099730285485 1.9436182434117921 1.9429265137950344 1.942234784178278 1.9415430545615218 1.9408513249447656 1.9401595953280093 1.939467865711253 1.9387761360944966 1.9380844064777403 1.937392676860984 1.9367009472442276 1.9360092176274712 1.935522315904541 1.9352543798315147 1.9349864437584883 1.934718507685462 1.9344505716124358 1.9341826355394098 1.9339146994663836 1.9336467633933576 1.9333788273203314 1.9331108912473052 1.9328429551742792 1.932575019101253 1.9323070830282267 1.9320391469552007 1.9317712108821745 1.9315032748091479 1.9312353387361219 1.9309674026630956 1.9306994665900694 1.9304315305170434 1.9301635944440172 1.9298956583709912 1.929627722297965 1.9293597862249388 1.9290918501519128 1.9288239140788865 1.9285559780058603 1.9282880419328343 1.9280201058598077 1.9277521697867814
1.943541961370161 1.942893843520347 1.9422457256705332 1.9415976078207182 1.9409494899709043 1.9403013721210904 1.9396532542712766 1.9390051364214627 1.9383570185716488 1.9377089007218349 1.937060782872021 1.936412665022207 1.9357645471723932 1.9351164293225795 1.9346350863129886 1.9343320293785748 1.9340289724441608 1.933725915509747 1.9334228585753335 1.9331198016409197 1.932816744706506 1.9325136877720925 1.9322106308376787 1.9319075739032652 1.9316045169688514 1.9313014600344378 1.9309984031000242 1.9306953461656104 1.9303922892311969 1.9300892322967826 1.929786175362369 1.9294831184279553 1.9291800614935417 1.9288770045591281 1.9285739476247143 1.9282708906903008 1.927967833755887 1.9276647768214734 1.9273617198870598 1.927058662952646 1.9267556060182325 1.9264525490838187 1.9261494921494047 1.9258464352149909
1.942082220095017 1.9414777140121457 1.9408732079292743 1.9402687018464018 1.9396641957635303 1.939059689680659 1.9384551835977877 1.9378506775149162 1.9372461714320448 1.9366416653491734 1.936037159266302 1.9354326531834305 1.934828147100559 1.9342236410176876 1.9337478567214361 1.933409678925635 1.9330715011298332 1.932733323334032 1.9323951455382309 1.9320569677424297 1.9317187899466286 1.9313806121508272 1.931042434355026 1.930704256559225 1.9303660787634238 1.9300279009676227 1.9296897231718213 1.9293515453760202 1.929013367580219 1.9286751897844172 1.928337011988616 1.927998834192815 1.9276606563970138 1.9273224786012126 1.9269843008054113 1.9266461230096101 1.926307945213809 1.9259697674180078 1.9256315896222067 1.9252934118264056 1.9249552340306042 1.924617056234803 1.9242788784390013 1.9239407006432
1.9406224788198718 1.9400615845039428 1.939500690188014 1.9389397958720842 1.9383789015561552 1.9378180072402262 1.9372571129242975 1.9366962186083685 1.9361353242924397 1.9355744299765107 1.9350135356605818 1.934452641344653 1.933891747028724 1.933330852712795 1.932860627129883 1.9324873284726942 1.9321140298155048 1.9317407311583161 1.9313674325011274 1.9309941338439387 1.9306208351867498 1.930247536529561 1.9298742378723723 1.9295009392151836 1.929127640557995 1.9287543419008062 1.9283810432436175 1.9280077445864288 1.92763444592924 1.9272611472720507 1.926887848614862 1.9265145499576732 1.9261412513004845 1.9257679526432958 1.925394653986107 1.9250213553289184 1.9246480566717297 1.924274758014541 1.923901459357352 1.9235281607001633 1.9231548620429746 1.9227815633857859 1.9224082647285965 1.9220349660714078
1.939162737544728 1.9386454549957415 1.9381281724467552 1.9376108898977678 1.9370936073487814 1.936576324799795 1.9360590422508084 1.935541759701822 1.9350244771528355 1.9345071946038492 1.9339899120548627 1.9334726295058762 1.9329553469568899 1.9324380644079033 1.9319733975383304 1.9315649780197541 1.9311565585011774 1.9307481389826011 1.9303397194640248 1.9299312999454485 1.9295228804268723 1.929114460908296 1.92870604138972 1.9282976218711436 1.9278892023525673 1.927480782833991 1.9270723633154148 1.9266639437968387 1.9262555242782624 1.9258471047596855 1.9254386852411092 1.9250302657225329 1.9246218462039566 1.9242134266853805 1.9238050071668042 1.923396587648228 1.9229881681296517 1.9225797486110754 1.922171329092499 1.921762909573923 1.9213544900553468 1.9209460705367705 1.9205376510181935 1.9201292314996172
1.9377029962695842 1.9372293254875401 1.9367556547054963 1.9362819839234515 1.9358083131414074 1.9353346423593634 1.9348609715773195 1.9343873007952754 1.9339136300132316 1.9334399592311875 1.9329662884491436 1.9324926176670996 1.9320189468850557 1.9315452761030116 1.9310861679467781 1.9306426275668143 1.9301990871868497 1.929755546806886 1.9293120064269222 1.9288684660469584 1.9284249256669947 1.927981385287031 1.9275378449070673 1.9270943045271034 1.9266507641471395 1.926207223767176 1.925763683387212 1.9253201430072484 1.9248766026272845 1.92443306224732 1.9239895218673562 1.9235459814873925 1.9231024411074287 1.922658900727465 1.9222153603475012 1.9217718199675373 1.9213282795875737 1.9208847392076098 1.9204411988276462 1.9199976584476823 1.9195541180677185 1.9191105776877548 1.9186670373077903 1.9182234969278265
1.9362432549944404 1.9358131959793388 1.9353831369642374 1.934953077949135 1.9345230189340334 1.934092959918932 1.9336629009038304 1.933232841888729 1.9328027828736274 1.932372723858526 1.9319426648434244 1.931512605828323 1.9310825468132213 1.93065248779812 1.9301989383552256 1.9297202771138744 1.9292416158725223 1.928762954631171 1.9282842933898197 1.9278056321484685 1.927326970907117 1.9268483096657658 1.9263696484244146 1.9258909871830632 1.925412325941712 1.9249336647003605 1.9244550034590093 1.9239763422176581 1.9234976809763067 1.9230190197349546 1.9225403584936034 1.922061697252252 1.9215830360109007 1.9211043747695495 1.920625713528198 1.920147052286847 1.9196683910454957 1.9191897298041443 1.918711068562793 1.9182324073214416 1.9177537460800904 1.9172750848387392 1.9167964235973871 1.9163177623560357
1.9347835137192966 1.9343970664711374 1.9340106192229785 1.9336241719748186 1.9332377247266597 1.9328512774785005 1.9324648302303415 1.9320783829821824 1.9316919357340234 1.9313054884858645 1.9309190412377053 1.9305325939895464 1.9301461467413872 1.9297596994932282 1.9293117087636733 1.9287979266609345 1.9282841445581949 1.927770362455456 1.927256580352717 1.9267427982499783 1.9262290161472395 1.9257152340445007 1.925201451941762 1.9246876698390232 1.9241738877362844 1.9236601056335456 1.9231463235308066 1.9226325414280678 1.922118759325329 1.9216049772225894 1.9210911951198506 1.9205774130171118 1.920063630914373 1.919549848811634 1.9190360667088953 1.9185222846061565 1.9180085025034177 1.917494720400679 1.9169809382979401 1.9164671561952014 1.9159533740924624 1.9154395919897236 1.914925809886984 1.9144120277842451
1.9333237724441528 1.932980936962936 1.9326381014817196 1.9322952660005024 1.9319524305192857 1.9316095950380692 1.9312667595568525 1.930923924075636 1.9305810885944195 1.9302382531132027 1.9298954176319862 1.9295525821507695 1.929209746669553 1.9288669111883365 1.928424479172121 1.9278755762079947 1.9273266732438672 1.926777770279741 1.9262288673156147 1.9256799643514884 1.925131061387362 1.9245821584232357 1.9240332554591093 1.923484352494983 1.9229354495308566 1.9223865465667302 1.921837643602604 1.9212887406384775 1.9207398376743512 1.920190934710224 1.9196420317460976 1.9190931287819712 1.918544225817845 1.9179953228537188 1.9174464198895924 1.916897516925466 1.9163486139613397 1.9157997109972134 1.915250808033087 1.9147019050689607 1.9141530021048343 1.913604099140708 1.9130551961765807 1.9125062932124544
1.9318640311690087 1.9315648074547347 1.9312655837404606 1.930966360026186 1.930667136311912 1.9303679125976376 1.9300686888833636 1.9297694651690895 1.9294702414548153 1.9291710177405412 1.9288717940262672 1.928572570311993 1.9282733465977189 1.9279741228834448 1.9275372495805685 1.9269532257550546 1.9263692019295398 1.925785178104026 1.9252011542785121 1.9246171304529982 1.9240331066274845 1.9234490828019706 1.9228650589764567 1.922281035150943 1.921697011325429 1.921112987499915 1.9205289636744014 1.9199449398488875 1.9193609160233736 1.9187768921978587 1.9181928683723448 1.9176088445468311 1.9170248207213172 1.9164407968958033 1.9158567730702896 1.9152727492447756 1.9146887254192617 1.914104701593748 1.913520677768234 1.9129366539427202 1.9123526301172065 1.9117686062916925 1.9111845824661777 1.9106005586406638
