Figures/CREST_Example_wjb_NSE/PETs/wjb.pet.20100615.asc
ncols            288
nrows            254
xllcorner        113.274861
yllcorner        31.4918055
cellsize         0.008333333333
NODATA_value     -9999
[rows 140 to 159 of 254, columns 220 to 263 of 288]
3.4983306438814563 3.4975320739963283 3.4973737994521823 3.497900015118543 3.498426230784903 3.4989524464512636 3.4994786621176237 3.5000048777839843 3.5005310934503444 3.501057309116705 3.5015835247830656 3.5021097404494257 3.5026359561157863 3.5031621717821464 3.503688387448508 3.5042146031148684 3.5047408187812286 3.505267034447589 3.5057932501139493 3.50631946578031 3.50684568144667 3.5073718971130305 3.507898112779391 3.5084243284457513 3.508950544112112 3.509476759778472 3.5100029754448325 3.5105291911111935 3.511055406777554 3.5115816224439147 3.512107838110275 3.5126340537766354 3.5132709514118767 3.5140261705773463 3.5147813897428164 3.515536608908286 3.5162918280737556 3.5170470472392257 3.5178022664046953 3.518557485570165 3.519312704735636 3.520067923901106 3.5208231430665755 3.521578362232045
3.4915069477772414 3.4907096844484373 3.490598087141781 3.491219482330615 3.4918408775194494 3.4924622727082837 3.4930836678971176 3.493705063085952 3.494326458274786 3.49494785346362 3.4955692486524543 3.496190643841288 3.4968120390301225 3.497433434218957 3.498054829407792 3.498676224596626 3.49929761978546 3.4999190149742945 3.5005404101631283 3.5011618053519626 3.501783200540797 3.502404595729631 3.503025990918465 3.5036473861072994 3.5042687812961333 3.5048901764849676 3.505511571673802 3.506132966862637 3.506754362051471 3.5073757572403053 3.5079971524291396 3.5086185476179734 3.509283050080381 3.5099936351940526 3.510704220307724 3.5114148054213956 3.512125390535067 3.5128359756487386 3.51354656076241 3.5142571458760816 3.5149677309897545 3.515678316103426 3.5163889012170975 3.517099486330769
3.4846832516730273 3.4838872949005464 3.48382237483138 3.484538949542688 3.485255524253996 3.485972098965304 3.486688673676612 3.48740524838792 3.4881218230992275 3.4888383978105355 3.4895549725218435 3.490271547233151 3.490988121944459 3.491704696655767 3.492421271367076 3.493137846078384 3.493854420789692 3.494570995501 3.495287570212308 3.496004144923616 3.4967207196349235 3.4974372943462315 3.4981538690575396 3.498870443768847 3.499587018480155 3.5003035931914632 3.501020167902771 3.50173674261408 3.5024533173253882 3.503169892036696 3.503886466748004 3.504603041459312 3.505295148748885 3.5059610998107584 3.506627050872632 3.507293001934505 3.5079589529963786 3.508624904058252 3.5092908551201254 3.509956806181999 3.510622757243873 3.5112887083057465 3.51195465936762 3.5126206104294933
3.4778595555688128 3.477064905352656 3.4770466625209795 3.4778584167547613 3.4786701709885426 3.4794819252223244 3.480293679456106 3.4811054336898875 3.481917187923669 3.482728942157451 3.4835406963912323 3.484352450625014 3.485164204858796 3.4859759590925776 3.4867877133263603 3.487599467560142 3.488411221793924 3.489222976027705 3.490034730261487 3.4908464844952687 3.49165823872905 3.492469992962832 3.4932817471966136 3.494093501430395 3.4949052556641766 3.4957170098979584 3.4965287641317397 3.497340518365523 3.4981522725993046 3.4989640268330864 3.4997757810668677 3.5005875353006495 3.501307247417389 3.5019285644274643 3.502549881437539 3.5031711984476144 3.5037925154576897 3.504413832467765 3.50503514947784 3.505656466487915 3.5062777834979912 3.5068991005080665 3.507520417518142 3.508141734528217
3.4710358594645925 3.4702425158047596 3.470270950210573 3.4711778839668286 3.472084817723084 3.4729917514793396 3.473898685235595 3.47480561899185 3.4757125527481056 3.476619486504361 3.4775264202606166 3.478433354016872 3.4793402877731276 3.480247221529383 3.48115415528564 3.4820610890418955 3.482968022798151 3.4838749565544065 3.484781890310662 3.4856888240669175 3.486595757823173 3.4875026915794285 3.488409625335684 3.489316559091939 3.4902234928481946 3.49113042660445 3.4920373603607056 3.492944294116963 3.493851227873218 3.4947581616294734 3.495665095385729 3.4965720291419844 3.4973193460858902 3.497896029044167 3.4984727120024437 3.499049394960721 3.4996260779189976 3.5002027608772748 3.5007794438355515 3.5013561267938287 3.5019328097521063 3.5025094927103835 3.50308617566866 3.5036628586269374
3.464212163360378 3.4634201262568687 3.463495237900172 3.4644973511789012 3.46549946445763 3.4665015777363593 3.4675036910150885 3.4685058042938177 3.469507917572547 3.470510030851276 3.4715121441300054 3.4725142574087347 3.473516370687464 3.474518483966193 3.475520597244924 3.4765227105236534 3.4775248238023826 3.478526937081112 3.4795290503598406 3.48053116363857 3.481533276917299 3.4825353901960283 3.4835375034747575 3.484539616753487 3.485541730032216 3.4865438433109452 3.4875459565896745 3.4885480698684055 3.4895501831471347 3.490552296425864 3.491554409704593 3.4925565229833224 3.4933314447543937 3.4938634936608723 3.4943955425673514 3.49492759147383 3.4954596403803087 3.4959916892867877 3.4965237381932663 3.497055787099745 3.4975878360062245 3.4981198849127035 3.498651933819182 3.499183982725661
3.4573884672561634 3.456597736708978 3.456719525589771 3.457816818390974 3.458914111192177 3.46001140399338 3.4611086967945828 3.4622059895957857 3.4633032823969887 3.4644005751981917 3.4654978679993946 3.4665951608005976 3.4676924536018006 3.4687897464030035 3.4698870392042083 3.4709843320054112 3.472081624806614 3.473178917607817 3.47427621040902 3.475373503210223 3.476470796011426 3.477568088812629 3.478665381613832 3.479762674415035 3.480859967216238 3.481957260017441 3.483054552818644 3.4841518456198486 3.4852491384210516 3.4863464312222545 3.4874437240234575 3.4885410168246604 3.489343543422898 3.4898309582775786 3.490318373132259 3.4908057879869396 3.49129320284162 3.4917806176963007 3.492268032550981 3.492755447405662 3.4932428622603435 3.493730277115024 3.4942176919697046 3.494705106824385
3.450564771151949 3.4497753471610877 3.4499438132793703 3.451136285603047 3.4523287579267237 3.4535212302504004 3.454713702574077 3.4559061748977538 3.4570986472214305 3.458291119545107 3.459483591868784 3.4606760641924605 3.4618685365161372 3.463061008839814 3.464253481163493 3.4654459534871696 3.4666384258108462 3.467830898134523 3.4690233704581996 3.4702158427818763 3.471408315105553 3.4726007874292297 3.4737932597529064 3.474985732076583 3.47617820440026 3.4773706767239365 3.478563149047613 3.4797556213712917 3.4809480936949684 3.482140566018645 3.4833330383423218 3.4845255106659985 3.485355642091402 3.4857984228942844 3.486241203697167 3.4866839845000492 3.4871267653029316 3.487569546105814 3.4880123269086964 3.488455107711579 3.4888978885144617 3.489340669317344 3.4897834501202265 3.490226230923109
3.446219075014951 3.4454465544357773 3.4456389042607807 3.446862722384545 3.448086540508309 3.449310358632073 3.4505341767558373 3.4517579948796016 3.4529818130033654 3.4542056311271296 3.455429449250894 3.4566532673746577 3.457877085498422 3.4591009036221863 3.4603247217459523 3.4615485398697166 3.462772357993481 3.4639961761172446 3.465219994241009 3.466443812364773 3.467667630488537 3.4688914486123013 3.4701152667360655 3.4713390848598293 3.4725629029835936 3.473786721107358 3.4750105392311217 3.476234357354888 3.477458175478652 3.4786819936024163 3.4799058117261805 3.4811296298499443 3.4819576093873326 3.482362428515334 3.4827672476433356 3.483172066771337 3.483576885899338 3.4839817050273396 3.484386524155341 3.4847913432833426 3.485196162411345 3.4856009815393465 3.486005800667348 3.4864106197953495
3.444522204634831 3.4437832595225353 3.4439751282067257 3.445162057905294 3.4463489876038627 3.447535917302431 3.4487228470009996 3.449909776699568 3.4510967063981366 3.452283636096705 3.4534705657952736 3.454657495493842 3.4558444251924105 3.457031354890979 3.4582182845895497 3.459405214288118 3.4605921439866867 3.461779073685255 3.4629660033838237 3.464152933082392 3.4653398627809606 3.466526792479529 3.4677137221780976 3.468900651876666 3.4700875815752346 3.471274511273803 3.4724614409723715 3.4736483706709422 3.4748353003695107 3.476022230068079 3.4772091597666477 3.478396089465216 3.479190109061862 3.479564098865294 3.4799380886687263 3.4803120784721586 3.480686068275591 3.4810600580790227 3.481434047882455 3.4818080376858873 3.48218202748932 3.4825560172927523 3.482930007096184 3.4833039968996165
3.4428253342547093 3.4421199646092915 3.4423113521526685 3.443461393426041 3.4446114346994143 3.445761475972787 3.44691151724616 3.448061558519533 3.4492115997929056 3.4503616410662787 3.4515116823396514 3.4526617236130246 3.4538117648863973 3.4549618061597704 3.456111847433145 3.457261888706518 3.4584119299798908 3.459561971253264 3.4607120125266366 3.4618620538000093 3.4630120950733825 3.464162136346755 3.4653121776201283 3.466462218893501 3.4676122601668737 3.468762301440247 3.4699123427136196 3.4710623839869945 3.472212425260367 3.4733624665337404 3.474512507807113 3.475662549080486 3.47642260873639 3.4767657692152527 3.477108929694116 3.4774520901729784 3.477795250651841 3.478138411130704 3.4784815716095667 3.4788247320884294 3.479167892567293 3.4795110530461555 3.4798542135250186 3.480197374003881
3.4411284638745894 3.4404566696960495 3.440647576098613 3.4417607289467904 3.442873881794968 3.443987034643145 3.4451001874913225 3.4462133403394994 3.447326493187677 3.448439646035854 3.4495527988840315 3.450665951732209 3.451779104580386 3.452892257428563 3.4540054102767423 3.4551185631249197 3.456231715973097 3.4573448688212745 3.458458021669452 3.4595711745176287 3.460684327365806 3.4617974802139835 3.462910633062161 3.464023785910338 3.465136938758515 3.4662500916066925 3.46736324445487 3.468476397303049 3.4695895501512264 3.4707027029994038 3.471815855847581 3.472929008695758 3.47365510841092 3.4739674395652136 3.474279770719507 3.4745921018738004 3.474904433028094 3.4752167641823872 3.4755290953366806 3.475841426490974 3.4761537576452683 3.4764660887995618 3.476778419953855 3.4770907511081486
3.439431593494469 3.4387933747828074 3.438983800044558 3.4400600644675396 3.4411363288905212 3.442212593313503 3.4432888577364844 3.4443651221594664 3.445441386582448 3.4465176510054296 3.447593915428411 3.448670179851393 3.4497464442743744 3.4508227086973564 3.4518989731203398 3.4529752375433214 3.454051501966303 3.4551277663892845 3.4562040308122666 3.457280295235248 3.4583565596582297 3.4594328240812113 3.460509088504193 3.4615853529271745 3.4626616173501565 3.463737881773138 3.4648141461961197 3.465890410619103 3.4669666750420847 3.4680429394650667 3.4691192038880483 3.47019546831103 3.47088760808545 3.471169109915174 3.471450611744898 3.471732113574622 3.472013615404346 3.4722951172340704 3.4725766190637946 3.4728581208935188 3.4731396227232434 3.473421124552967 3.4737026263826913 3.4739841282124155
3.437734723114349 3.4371300798695654 3.4373200239905026 3.438359399988289 3.4393987759860747 3.440438151983861 3.4414775279816467 3.442516903979433 3.443556279977219 3.444595655975005 3.4456350319727913 3.446674407970577 3.4477137839683634 3.448753159966149 3.449792535963937 3.450831911961723 3.4518712879595093 3.4529106639572955 3.4539500399550813 3.4549894159528676 3.4560287919506534 3.4570681679484396 3.458107543946226 3.4591469199440117 3.460186295941798 3.4612256719395837 3.46226504793737 3.4633044239351576 3.464343799932944 3.46538317593073 3.466422551928516 3.467461927926302 3.46812010775998 3.468370780265135 3.4686214527702894 3.4688721252754444 3.469122797780599 3.469373470285754 3.4696241427909085 3.4698748152960635 3.4701254878012184 3.4703761603063734 3.470626832811528 3.470877505316683
3.4360378527342292 3.435466784956324 3.435656247936447 3.4366587355090377 3.437661223081628 3.4386637106542186 3.439666198226809 3.4406686857993996 3.44167117337199 3.4426736609445805 3.443676148517171 3.4446786360897614 3.445681123662352 3.4466836112349424 3.4476860988075346 3.448688586380125 3.4496910739527156 3.450693561525306 3.4516960490978965 3.452698536670487 3.4537010242430775 3.454703511815668 3.4557059993882584 3.456708486960849 3.4577109745334393 3.45871346210603 3.4597159496786203 3.460718437251212 3.4617209248238026 3.462723412396393 3.4637258999689835 3.464728387541574 3.46535260743451 3.4655724506150953 3.465792293795681 3.4660121369762664 3.4662319801568517 3.466451823337437 3.466671666518023 3.466891509698608 3.467111352879194 3.4673311960597792 3.467551039240365 3.4677708824209503
3.4343409823541093 3.433803490043082 3.433992471882392 3.434958071029787 3.4359236701771816 3.4368892693245767 3.4378548684719714 3.4388204676193665 3.4397860667667612 3.440751665914156 3.441717265061551 3.4426828642089458 3.4436484633563405 3.4446140625037356 3.445579661651132 3.4465452607985267 3.447510859945922 3.4484764590933166 3.4494420582407113 3.4504076573881064 3.451373256535501 3.4523388556828962 3.453304454830291 3.4542700539776856 3.4552356531250807 3.4562012522724754 3.45716685141987 3.4581324505672666 3.4590980497146617 3.4600636488620564 3.4610292480094516 3.4619948471568462 3.46258510710904 3.462774120965056 3.4629631348210723 3.4631521486770884 3.4633411625331045 3.4635301763891206 3.4637191902451367 3.463908204101153 3.4640972179571694 3.4642862318131855 3.4644752456692016 3.4646642595252177
3.432644111973989 3.4321401951298394 3.4323286958283363 3.4332574065505357 3.434186117272735 3.435114827994934 3.4360435387171333 3.4369722494393327 3.437900960161532 3.4388296708837314 3.4397583816059307 3.4406870923281296 3.441615803050329 3.4425445137725283 3.443473224494729 3.4444019352169284 3.4453306459391277 3.446259356661327 3.4471880673835265 3.4481167781057254 3.4490454888279247 3.449974199550124 3.4509029102723234 3.451831620994523 3.4527603317167217 3.453689042438921 3.4546177531611204 3.455546463883321 3.4564751746055205 3.45740388532772 3.458332596049919 3.4592613067721185 3.45981760678357 3.459975791315017 3.460133975846464 3.4602921603779104 3.4604503449093573 3.460608529440804 3.4607667139722507 3.4609248985036976 3.4610830830351444 3.4612412675665913 3.4613994520980382 3.461557636629485
3.4309472415938678 3.430476900216596 3.4306649197742796 3.431556742071283 3.432448564368287 3.4333403866652907 3.4342322089622943 3.435124031259298 3.4360158535563015 3.436907675853305 3.4377994981503086 3.438691320447312 3.4395831427443158 3.4404749650413198 3.4413667873383247 3.4422586096353283 3.443150431932332 3.4440422542293354 3.444934076526339 3.445825898823343 3.4467177211203466 3.44760954341735 3.4485013657143537 3.4493931880113573 3.450285010308361 3.4511768326053645 3.452068654902368 3.4529604771993734 3.453852299496377 3.4547441217933805 3.455635944090384 3.4565277663873877 3.4570501064580976 3.4571774616649753 3.4573048168718525 3.4574321720787298 3.4575595272856074 3.4576868824924847 3.4578142376993624 3.4579415929062396 3.4580689481131173 3.4581963033199945 3.458323658526872 3.4584510137337494
3.4292503712137474 3.428813605303354 3.4290011437202246 3.4298560775920324 3.4307110114638406 3.4315659453356484 3.4324208792074566 3.4332758130792644 3.4341307469510727 3.4349856808228805 3.4358406146946887 3.4366955485664965 3.4375504824383047 3.4384054163101125 3.439260350181922 3.4401152840537303 3.440970217925538 3.4418251517973464 3.442680085669154 3.4435350195409624 3.44438995341277 3.4452448872845784 3.4460998211563862 3.4469547550281945 3.4478096889000023 3.4486646227718105 3.4495195566436183 3.450374490515428 3.4512294243872357 3.452084358259044 3.4529392921308517 3.45379422600266 3.4542826061326277 3.4543791320149357 3.454475657897244 3.454572183779552 3.4546687096618602 3.4547652355441683 3.4548617614264763 3.4549582873087843 3.4550548131910928 3.4551513390734008 3.455247864955709 3.455344390838017
3.4275535008336275 3.427150310390112 3.427337367666169 3.4281554131127816 3.428973458559394 3.4297915040060065 3.430609549452619 3.4314275948992314 3.4322456403458435 3.433063685792456 3.4338817312390684 3.434699776685681 3.4355178221322933 3.4363358675789057 3.4371539130255195 3.437971958472132 3.4387900039187445 3.439608049365357 3.4404260948119694 3.441244140258582 3.4420621857051943 3.4428802311518063 3.4436982765984188 3.444516322045031 3.4453343674916437 3.446152412938256 3.4469704583848686 3.4477885038314824 3.448606549278095 3.4494245947247073 3.4502426401713198 3.4510606856179322 3.451515105807158 3.4515808023648966 3.4516464989226354 3.4517121954803742 3.451777892038113 3.451843588595852 3.45190928515359 3.451974981711329 3.452040678269068 3.4521063748268066 3.4521720713845454 3.452237767942284
