Figures/CREST_Example_wjb_NSE/PETs/wjb.pet.20101226.asc
ncols            288
nrows            254
xllcorner        113.274861
yllcorner        31.4918055
cellsize         0.008333333333
NODATA_value     -9999
[rows 114 to 132 of 254, columns 176 to 219 of 288]
0.6678265000678872 0.667540716611479 0.6672549331550708 0.6669691496986625 0.6666833662422542 0.6663975827858459 0.6661117993294372 0.665826015873029 0.6655402324166207 0.6652544489602125 0.6649686655038043 0.664682882047396 0.6643970985909877 0.6641113151345794 0.6638255316781713 0.663539748221763 0.6631579205047126 0.6626734192998798 0.662188918095047 0.6617044168902134 0.6612199156853806 0.6607354144805478 0.6602509132757151 0.6597664120708823 0.6592819108660495 0.6587974096612167 0.6583129084563839 0.6578284072515511 0.6573439060467183 0.6568594048418855 0.6563749036370528 0.65589040243222 0.6554059012273864 0.6549214000225536 0.6544368988177208 0.653952397612888 0.6534678964080552 0.6529833952032225 0.6524988939983897 0.652014392793557 0.6515298915887242 0.6510453903838914 0.6505608891790586 0.6500763879742258
0.6682296687124369 0.667937322518429 0.667644976324421 0.6673526301304129 0.6670602839364049 0.666767937742397 0.6664755915483884 0.6661832453543804 0.6658908991603724 0.6655985529663644 0.6653062067723564 0.6650138605783483 0.6647215143843404 0.6644291681903324 0.6641368219963244 0.6638444758023163 0.6634704389237888 0.6630090728551267 0.6625477067864646 0.6620863407178017 0.6616249746491396 0.6611636085804775 0.6607022425118154 0.6602408764431533 0.6597795103744911 0.659318144305829 0.6588567782371669 0.6583954121685048 0.6579340460998427 0.6574726800311806 0.6570113139625186 0.6565499478938565 0.6560885818251936 0.6556272157565315 0.6551658496878694 0.6547044836192073 0.6542431175505452 0.6537817514818831 0.653320385413221 0.6528590193445588 0.6523976532758967 0.6519362872072346 0.6514749211385725 0.6510135550699104
0.6686328373569866 0.6683339284253789 0.6680350194937711 0.6677361105621633 0.6674372016305555 0.6671382926989478 0.6668393837673395 0.6665404748357318 0.666241565904124 0.6659426569725162 0.6656437480409084 0.6653448391093006 0.6650459301776929 0.6647470212460851 0.6644481123144774 0.6641492033828696 0.6637829573428649 0.6633447264103735 0.662906495477882 0.6624682645453899 0.6620300336128985 0.6615918026804071 0.6611535717479156 0.6607153408154242 0.6602771098829328 0.6598388789504414 0.65940064801795 0.6589624170854584 0.658524186152967 0.6580859552204756 0.6576477242879842 0.6572094933554928 0.6567712624230007 0.6563330314905093 0.6558948005580177 0.6554565696255263 0.6550183386930349 0.6545801077605435 0.6541418768280521 0.6537036458955606 0.6532654149630692 0.6528271840305778 0.6523889530980864 0.651950722165595
0.6690360060015362 0.6687305343323288 0.6684250626631212 0.6681195909939137 0.6678141193247061 0.6675086476554987 0.6672031759862906 0.6668977043170831 0.6665922326478755 0.666286760978668 0.6659812893094604 0.665675817640253 0.6653703459710454 0.6650648743018379 0.6647594026326303 0.6644539309634229 0.664095475761941 0.6636803799656202 0.6632652841692995 0.662850188372978 0.6624350925766573 0.6620199967803366 0.6616049009840158 0.6611898051876951 0.6607747093913744 0.6603596135950536 0.6599445177987329 0.6595294220024122 0.6591143262060914 0.6586992304097706 0.6582841346134499 0.6578690388171292 0.6574539430208077 0.657038847224487 0.6566237514281663 0.6562086556318455 0.6557935598355248 0.6553784640392041 0.6549633682428833 0.6545482724465626 0.6541331766502418 0.6537180808539211 0.6533029850576003 0.6528878892612796
0.6692245962898522 0.6689162478745578 0.6686078994592634 0.668299551043969 0.6679912026286745 0.6676828542133801 0.6673745057980852 0.6670661573827907 0.6667578089674964 0.6664494605522019 0.6661411121369075 0.665832763721613 0.6655244153063187 0.6652160668910242 0.6649077184757298 0.6645993700604353 0.6642474009893834 0.663848800450339 0.6634501999112947 0.6630515993722497 0.6626529988332054 0.662254398294161 0.6618557977551167 0.6614571972160723 0.661058596677028 0.6606599961379837 0.6602613955989394 0.659862795059895 0.6594641945208507 0.6590655939818064 0.658666993442762 0.6582683929037177 0.6578697923646727 0.6574711918256283 0.657072591286584 0.6566739907475396 0.6562753902084953 0.6558767896694511 0.6554781891304067 0.6550795885913624 0.654680988052318 0.6542823875132737 0.6538837869742293 0.653485186435185
0.6691838158430392 0.6688765307742088 0.6685692457053785 0.6682619606365481 0.6679546755677176 0.6676473904988872 0.6673401054300563 0.6670328203612259 0.6667255352923955 0.666418250223565 0.6661109651547347 0.6658036800859043 0.6654963950170739 0.6651891099482435 0.664881824879413 0.6645745398105827 0.664227662219262 0.6638384593255546 0.6634492564318473 0.6630600535381392 0.6626708506444319 0.6622816477507244 0.661892444857017 0.6615032419633097 0.6611140390696023 0.660724836175895 0.6603356332821876 0.6599464303884802 0.6595572274947729 0.6591680246010655 0.6587788217073581 0.6583896188136508 0.6580004159199427 0.6576112130262354 0.657222010132528 0.6568328072388206 0.6564436043451133 0.6560544014514059 0.6556651985576986 0.6552759956639912 0.6548867927702838 0.6544975898765765 0.654108386982869 0.6537191840891616
0.6691430353962263 0.6688368136738599 0.6685305919514936 0.6682243702291272 0.6679181485067608 0.6676119267843944 0.6673057050620275 0.6669994833396611 0.6666932616172947 0.6663870398949283 0.6660808181725619 0.6657745964501955 0.6654683747278292 0.6651621530054628 0.6648559312830964 0.66454970956073 0.6642079234491405 0.6638281182007701 0.6634483129523997 0.6630685077040287 0.6626887024556583 0.6623088972072879 0.6619290919589175 0.661549286710547 0.6611694814621767 0.6607896762138062 0.6604098709654359 0.6600300657170655 0.659650260468695 0.6592704552203247 0.6588906499719542 0.6585108447235838 0.6581310394752128 0.6577512342268423 0.657371428978472 0.6569916237301016 0.6566118184817312 0.6562320132333608 0.6558522079849903 0.65547240273662 0.6550925974882496 0.6547127922398792 0.6543329869915088 0.6539531817431383
0.6691022549494133 0.6687970965735109 0.6684919381976085 0.6681867798217062 0.6678816214458039 0.6675764630699015 0.6672713046939985 0.6669661463180963 0.6666609879421939 0.6663558295662915 0.6660506711903891 0.6657455128144868 0.6654403544385844 0.665135196062682 0.6648300376867796 0.6645248793108772 0.6641881846790191 0.6638177770759857 0.6634473694729522 0.6630769618699182 0.6627065542668847 0.6623361466638513 0.6619657390608178 0.6615953314577844 0.661224923854751 0.6608545162517175 0.6604841086486841 0.6601137010456507 0.6597432934426172 0.6593728858395838 0.6590024782365503 0.6586320706335169 0.6582616630304828 0.6578912554274494 0.657520847824416 0.6571504402213826 0.656780032618349 0.6564096250153156 0.6560392174122822 0.6556688098092488 0.6552984022062154 0.6549279946031819 0.6545575870001484 0.654187179397115
0.6690614745026003 0.668757379473162 0.6684532844437236 0.6681491894142854 0.667845094384847 0.6675409993554087 0.6672369043259697 0.6669328092965314 0.666628714267093 0.6663246192376547 0.6660205242082164 0.665716429178778 0.6654123341493398 0.6651082391199014 0.6648041440904631 0.6645000490610247 0.6641684459088978 0.6638074359512013 0.6634464259935048 0.6630854160358077 0.6627244060781112 0.6623633961204148 0.6620023861627183 0.6616413762050218 0.6612803662473253 0.6609193562896288 0.6605583463319324 0.6601973363742359 0.6598363264165394 0.6594753164588429 0.6591143065011466 0.65875329654345 0.658392286585753 0.6580312766280565 0.65767026667036 0.6573092567126635 0.656948246754967 0.6565872367972706 0.6562262268395741 0.6558652168818776 0.6555042069241811 0.6551431969664847 0.6547821870087882 0.6544211770510917
0.6690206940557873 0.668717662372813 0.6684146306898388 0.6681115990068645 0.66780856732389 0.6675055356409157 0.6672025039579409 0.6668994722749666 0.6665964405919923 0.6662934089090179 0.6659903772260436 0.6656873455430693 0.665384313860095 0.6650812821771206 0.6647782504941463 0.664475218811172 0.6641487071387764 0.6637970948264168 0.6634454825140573 0.6630938702016972 0.6627422578893377 0.6623906455769782 0.6620390332646187 0.6616874209522592 0.6613358086398997 0.6609841963275401 0.6606325840151807 0.6602809717028212 0.6599293593904616 0.6595777470781021 0.6592261347657427 0.6588745224533831 0.658522910141023 0.6581712978286635 0.657819685516304 0.6574680732039445 0.6571164608915849 0.6567648485792255 0.656413236266866 0.6560616239545064 0.6557100116421469 0.6553583993297875 0.6550067870174279 0.6546551747050684
0.6689799136089744 0.668677945272464 0.6683759769359537 0.6680740085994434 0.6677720402629331 0.6674700719264228 0.6671681035899121 0.6668661352534018 0.6665641669168915 0.6662621985803812 0.6659602302438709 0.6656582619073605 0.6653562935708502 0.6650543252343399 0.6647523568978296 0.6644503885613193 0.664128968368655 0.6637867537016324 0.6634445390346099 0.6631023243675868 0.6627601097005642 0.6624178950335416 0.6620756803665191 0.6617334656994965 0.6613912510324741 0.6610490363654515 0.660706821698429 0.6603646070314064 0.6600223923643839 0.6596801776973613 0.6593379630303389 0.6589957483633163 0.6586535336962932 0.6583113190292706 0.6579691043622481 0.6576268896952255 0.657284675028203 0.6569424603611805 0.656600245694158 0.6562580310271354 0.6559158163601129 0.6555736016930903 0.6552313870260678 0.6548891723590453
0.6689391331621614 0.6686382281721152 0.6683373231820688 0.6680364181920225 0.6677355132019762 0.66743460821193 0.6671337032218831 0.6668327982318368 0.6665318932417906 0.6662309882517443 0.665930083261698 0.6656291782716517 0.6653282732816055 0.6650273682915592 0.6647264633015129 0.6644255583114665 0.6641092295985335 0.6637764125768479 0.6634435955551624 0.6631107785334762 0.6627779615117907 0.662445144490105 0.6621123274684195 0.661779510446734 0.6614466934250484 0.6611138764033628 0.6607810593816773 0.6604482423599917 0.6601154253383061 0.6597826083166206 0.659449791294935 0.6591169742732494 0.6587841572515633 0.6584513402298777 0.6581185232081922 0.6577857061865066 0.657452889164821 0.6571200721431354 0.6567872551214499 0.6564544380997643 0.6561216210780787 0.6557888040563932 0.6554559870347076 0.655123170013022
0.6688983527153484 0.6685985110717662 0.6682986694281838 0.6679988277846016 0.6676989861410193 0.6673991444974371 0.6670993028538543 0.666799461210272 0.6664996195666898 0.6661997779231075 0.6658999362795253 0.6656000946359429 0.6653002529923606 0.6650004113487784 0.6647005697051961 0.6644007280616139 0.6640894908284121 0.6637660714520635 0.6634426520757148 0.6631192326993657 0.6627958133230171 0.6624723939466686 0.66214897457032 0.6618255551939713 0.6615021358176227 0.6611787164412741 0.6608552970649255 0.6605318776885769 0.6602084583122283 0.6598850389358797 0.6595616195595311 0.6592382001831825 0.6589147808068333 0.6585913614304847 0.6582679420541362 0.6579445226777876 0.657621103301439 0.6572976839250904 0.6569742645487417 0.6566508451723931 0.6563274257960445 0.6560040064196959 0.6556805870433473 0.6553571676669987
0.6688575722685354 0.6685587939714172 0.6682600156742989 0.6679612373771806 0.6676624590800624 0.6673636807829442 0.6670649024858254 0.6667661241887072 0.6664673458915888 0.6661685675944706 0.6658697892973524 0.6655710110002342 0.6652722327031159 0.6649734544059976 0.6646746761088794 0.6643758978117612 0.6640697520582907 0.663755730327279 0.6634417085962674 0.6631276868652553 0.6628136651342436 0.662499643403232 0.6621856216722203 0.6618715999412087 0.661557578210197 0.6612435564791854 0.6609295347481737 0.6606155130171621 0.6603014912861505 0.6599874695551389 0.6596734478241272 0.6593594260931156 0.6590454043621033 0.6587313826310918 0.6584173609000801 0.6581033391690685 0.6577893174380568 0.6574752957070452 0.6571612739760335 0.6568472522450219 0.6565332305140102 0.6562192087829987 0.655905187051987 0.6555911653209754
0.6688167918217225 0.6685190768710683 0.668221361920414 0.6679236469697598 0.6676259320191056 0.6673282170684514 0.6670305021177966 0.6667327871671423 0.6664350722164881 0.6661373572658339 0.6658396423151797 0.6655419273645254 0.6652442124138712 0.664946497463217 0.6646487825125628 0.6643510675619085 0.6640500132881694 0.6637453892024947 0.6634407651168199 0.6631361410311448 0.6628315169454702 0.6625268928597955 0.6622222687741207 0.661917644688446 0.6616130206027714 0.6613083965170967 0.661003772431422 0.6606991483457474 0.6603945242600727 0.6600899001743981 0.6597852760887234 0.6594806520030487 0.6591760279173735 0.6588714038316988 0.6585667797460242 0.6582621556603495 0.6579575315746748 0.6576529074890001 0.6573482834033254 0.6570436593176507 0.6567390352319761 0.6564344111463014 0.6561297870606267 0.6558251629749521
0.6687760113749095 0.6684793597707193 0.6681827081665291 0.6678860565623389 0.6675894049581487 0.6672927533539584 0.6669961017497678 0.6666994501455775 0.6664027985413873 0.6661061469371972 0.6658094953330069 0.6655128437288167 0.6652161921246265 0.6649195405204363 0.6646228889162461 0.6643262373120559 0.6640302745180479 0.6637350480777102 0.6634398216373725 0.6631445951970343 0.6628493687566965 0.6625541423163589 0.6622589158760211 0.6619636894356834 0.6616684629953458 0.661373236555008 0.6610780101146703 0.6607827836743326 0.6604875572339949 0.6601923307936571 0.6598971043533195 0.6596018779129817 0.6593066514726436 0.6590114250323058 0.6587161985919682 0.6584209721516304 0.6581257457112927 0.657830519270955 0.6575352928306173 0.6572400663902795 0.6569448399499419 0.6566496135096042 0.6563543870692664 0.6560591606289288
0.6687352309280965 0.6684396426703704 0.6681440544126441 0.6678484661549179 0.6675528778971918 0.6672572896394655 0.6669617013817388 0.6666661131240127 0.6663705248662865 0.6660749366085603 0.6657793483508341 0.665483760093108 0.6651881718353817 0.6648925835776556 0.6645969953199293 0.6643014070622032 0.6640105357479265 0.6637247069529257 0.663438878157925 0.6631530493629237 0.662867220567923 0.6625813917729223 0.6622955629779215 0.6620097341829208 0.66172390538792 0.6614380765929193 0.6611522477979186 0.6608664190029178 0.660580590207917 0.6602947614129163 0.6600089326179156 0.6597231038229149 0.6594372750279136 0.6591514462329129 0.6588656174379122 0.6585797886429113 0.6582939598479106 0.6580081310529099 0.6577223022579092 0.6574364734629083 0.6571506446679076 0.6568648158729069 0.6565789870779062 0.6562931582829055
0.6686944504812835 0.6683999255700214 0.6681054006587591 0.667810875747497 0.6675163508362348 0.6672218259249727 0.66692730101371 0.6666327761024479 0.6663382511911856 0.6660437262799235 0.6657492013686613 0.6654546764573991 0.665160151546137 0.6648656266348748 0.6645711017236127 0.6642765768123504 0.663990796977805 0.6637143658281413 0.6634379346784776 0.6631615035288133 0.6628850723791495 0.6626086412294857 0.6623322100798219 0.6620557789301582 0.6617793477804944 0.6615029166308306 0.6612264854811669 0.6609500543315031 0.6606736231818393 0.6603971920321755 0.6601207608825118 0.659844329732848 0.6595678985831838 0.65929146743352 0.6590150362838563 0.6587386051341925 0.6584621739845287 0.658185742834865 0.6579093116852012 0.6576328805355374 0.6573564493858736 0.6570800182362099 0.6568035870865461 0.6565271559368823
0.6686536700344705 0.6683602084696724 0.6680667469048742 0.6677732853400761 0.6674798237752779 0.6671863622104798 0.6668929006456812 0.666599439080883 0.6663059775160848 0.6660125159512866 0.6657190543864885 0.6654255928216903 0.6651321312568922 0.664838669692094 0.6645452081272959 0.6642517465624977 0.6639710582076837 0.6637040247033568 0.66343699119903 0.6631699576947028 0.662902924190376 0.6626358906860491 0.6623688571817223 0.6621018236773956 0.6618347901730687 0.6615677566687419 0.6613007231644151 0.6610336896600884 0.6607666561557615 0.6604996226514347 0.6602325891471079 0.6599655556427811 0.6596985221384538 0.659431488634127 0.6591644551298003 0.6588974216254734 0.6586303881211466 0.6583633546168198 0.6580963211124929 0.6578292876081662 0.6575622541038394 0.6572952205995126 0.6570281870951857 0.656761153590859
