Figures/CREST_Example_wjb_NSE/PETs/wjb.pet.20101004.asc
ncols            288
nrows            254
xllcorner        113.274861
yllcorner        31.4918055
cellsize         0.008333333333
NODATA_value     -9999
[rows 180 to 199 of 254, columns 44 to 87 of 288]
2.4595398302918965 2.461225487565233 2.4629111448385688 2.4645968021119047 2.4662824593852406 2.4679681166585765 2.469653773931913 2.471339431205249 2.473025088478588 2.4747107457519237 2.4763964030252597 2.4780820602985956 2.479767717571932 2.481453374845268 2.4831390321186038 2.4848246893919397 2.486510346665276 2.488196003938612 2.489881661211948 2.491567318485284 2.4932529757586197 2.4949386330319587 2.4966242903052946 2.498309947578631 2.499995604851967 2.501681262125303 2.5033669193986388 2.505052576671975 2.5046375003340944 2.5019766922765174 2.4993158842189405 2.4966550761613635 2.493994268103787 2.49133346004621 2.488672651988628 2.4860118439310512 2.4833510358734747 2.4806902278158978 2.478029419758321 2.475368611700744 2.472707803643167 2.47004699558559 2.467386187528013 2.464725379470436
2.4585947536726582 2.4602646433795234 2.4619345330863887 2.463604422793254 2.465274312500119 2.4669442022069843 2.468614091913849 2.4702839816207143 2.4719538713275826 2.4736237610344474 2.4752936507413126 2.476963540448178 2.478633430155043 2.480303319861908 2.481973209568773 2.483643099275638 2.4853129889825034 2.4869828786893686 2.488652768396234 2.490322658103099 2.491992547809964 2.493662437516832 2.4953323272236974 2.497002216930562 2.4986721066374273 2.5003419963442925 2.5020118860511578 2.503681775758023 2.503300975232031 2.5007279404890927 2.498154905746154 2.495581871003216 2.4930088362602776 2.490435801517339 2.487862766774396 2.485289732031458 2.4827166972885197 2.480143662545581 2.477570627802643 2.474997593059704 2.472424558316766 2.4698515235738276 2.467278488830889 2.4647054540879507
2.457649677053421 2.459303799193815 2.460957921334209 2.4626120434746035 2.4642661656149976 2.4659202877553916 2.467574409895786 2.46922853203618 -9999.0 2.4725367763169714 2.4741908984573655 2.47584502059776 2.477499142738154 2.479153264878548 2.4808073870189427 2.4824615091593367 2.4841156312997312 2.4857697534401253 2.4874238755805194 2.489077997720914 2.490732119861308 2.492386242001705 2.494040364142099 2.4956944862824932 2.4973486084228878 2.499002730563282 2.500656852703676 2.5023109748440704 2.501964450129967 2.499479188701667 2.4969939272733677 2.4945086658450677 2.4920234044167677 2.489538142988468 2.487052881560164 2.4845676201318643 2.4820823587035643 2.4795970972752643 2.477111835846965 2.474626574418665 2.472141312990365 2.4696560515620654 2.4671707901337654 2.4646855287054654
-9999.0 -9999.0 -9999.0 -9999.0 2.4632580187298747 2.464896373303798 2.4665347278777214 2.468173082451645 -9999.0 -9999.0 2.4730881461734175 2.4747265007473405 2.476364855321264 2.478003209895187 2.4796415644691105 2.481279919043034 2.4829182736169573 2.4845566281908806 2.486194982764804 2.4878333373387274 2.4894716919126503 2.4911100464865767 2.4927484010604997 2.494386755634423 2.4960251102083464 2.4976634647822697 2.499301819356193 2.5009401739301165 2.500627925027902 2.4982304369142407 2.4958329488005795 2.4934354606869182 2.4910379725732574 2.488640484459596 2.486242996345931 2.4838455082322697 2.4814480201186084 2.479050532004947 2.476653043891286 2.474255555777625 2.471858067663964 2.4694605795503026 2.4670630914366414 2.46466560332298
-9999.0 -9999.0 -9999.0 -9999.0 -9999.0 2.463872458852206 -9999.0 -9999.0 -9999.0 -9999.0 -9999.0 -9999.0 2.4752305679043753 2.4768531549118276 2.4784757419192798 2.4800983289267324 2.4817209159341846 2.4833435029416373 2.4849660899490895 2.4865886769565417 2.4882112639639944 2.4898338509714497 2.491456437978902 2.493079024986354 2.494701611993807 2.496324199001259 2.4979467860087117 2.499569373016164 2.499291399925838 2.4969816851268156 2.4946719703277926 2.49236225552877 2.4900525407297476 2.487742825930725 2.4854331111316985 2.483123396332676 2.480813681533653 2.4785039667346305 2.476194251935608 2.4738845371365854 2.471574822337563 2.46926510753854 2.4669553927395174 2.464645677940495
-9999.0 -9999.0 -9999.0 -9999.0 -9999.0 -9999.0 -9999.0 -9999.0 -9999.0 -9999.0 -9999.0 -9999.0 -9999.0 2.4757030999284675 2.477309919369449 2.4789167388104305 2.480523558251412 2.4821303776923935 2.483737197133375 2.4853440165743566 2.486950836015338 2.4885576554563222 2.4901644748973037 2.4917712943382853 2.4933781137792668 2.4949849332202483 2.49659175266123 2.4981985721022113 2.4979548748237743 2.49573293333939 2.4935109918550062 2.491289050370622 2.489067108886238 2.486845167401854 2.484623225917466 2.482401284433082 2.480179342948698 2.4779574014643138 2.47573545997993 2.4735135184955457 2.471291577011162 2.4690696355267776 2.466847694042394 2.4646257525580095
-9999.0 -9999.0 -9999.0 -9999.0 -9999.0 -9999.0 -9999.0 -9999.0 -9999.0 -9999.0 -9999.0 -9999.0 -9999.0 -9999.0 -9999.0 -9999.0 -9999.0 -9999.0 -9999.0 2.484099356192172 2.485690408066682 2.4872814599411956 2.488872511815706 2.490463563690217 2.492054615564727 2.493645667439238 2.495236719313749 2.496827771188259 2.496618349721711 2.4944841815519654 2.49235001338222 2.4902158452124743 2.4880816770427288 2.485947508872983 2.483813340703234 2.4816791725334886 2.479545004363743 2.4774108361939975 2.475276668024252 2.4731424998545064 2.471008331684761 2.4688741635150153 2.4667399953452698 2.4646058271755242
-9999.0 -9999.0 -9999.0 -9999.0 -9999.0 -9999.0 -9999.0 -9999.0 -9999.0 -9999.0 -9999.0 -9999.0 -9999.0 -9999.0 -9999.0 -9999.0 -9999.0 -9999.0 -9999.0 2.482854695809986 2.4844299801180263 2.4860052644260686 2.4875805487341083 2.489155833042148 2.4907311173501876 2.4923064016582273 2.493881685966267 2.4954569702743066 2.4952818246196466 2.49323542976454 2.491189034909433 2.489142640054326 2.487096245199219 2.485049850344112 2.4830034554890017 2.480957060633895 2.4789106657787876 2.4768642709236808 2.474817876068574 2.472771481213467 2.47072508635836 2.468678691503253 2.466632296648146 2.4645859017930394
-9999.0 -9999.0 -9999.0 -9999.0 -9999.0 -9999.0 -9999.0 -9999.0 -9999.0 -9999.0 -9999.0 -9999.0 -9999.0 -9999.0 -9999.0 -9999.0 -9999.0 2.4784910019446635 2.4800505186862325 2.481610035427801 2.48316955216937 2.4847290689109416 2.48628858565251 2.487848102394079 2.4894076191356476 2.4909671358772165 2.4925266526187855 2.494086169360354 2.493945299517583 2.4919866779771147 2.490028056436646 2.4880694348961776 2.4861108133557095 2.484152191815241 2.4821935702747693 2.4802349487343007 2.4782763271938326 2.476317705653364 2.4743590841128955 2.4724004625724274 2.470441841031959 2.4684832194914907 2.466524597951022 2.4645659764105536
-9999.0 -9999.0 -9999.0 -9999.0 -9999.0 -9999.0 -9999.0 -9999.0 -9999.0 -9999.0 -9999.0 -9999.0 -9999.0 -9999.0 -9999.0 -9999.0 2.475734127520321 2.477277876695419 2.4788216258705167 2.4803653750456145 2.4819091242207123 2.483452873395813 2.484996622570911 2.486540371746009 2.4880841209211066 2.4896278700962045 2.4911716192713023 2.4927153684464 2.4926087744155176 2.4907379261896883 2.4888670779638584 2.4869962297380286 2.4851253815121988 2.483254533286369 2.481383685060536 2.4795128368347066 2.4776419886088767 2.475771140383047 2.473900292157217 2.4720294439313872 2.470158595705558 2.468287747479728 2.466416899253898 2.4645460510280683
-9999.0 -9999.0 -9999.0 -9999.0 -9999.0 -9999.0 -9999.0 -9999.0 -9999.0 -9999.0 -9999.0 -9999.0 -9999.0 -9999.0 -9999.0 2.473008788228922 2.474536769837549 2.476064751446176 2.4775927330548027 2.4791207146634298 2.480648696272057 2.482176677880686 2.4837046594893133 2.4852326410979404 2.486760622706567 2.488288604315194 2.4898165859238213 2.491344567532448 2.4912722493134543 2.489489174402263 2.487706099491072 2.485923024579881 2.4841399496686893 2.482356874757498 2.480573799846304 2.478790724935113 2.4770076500239218 2.4752245751127306 2.473441500201539 2.471658425290348 2.469875350379157 2.4680922754679657 2.4663092005567746 2.464526125645583
-9999.0 -9999.0 -9999.0 -9999.0 -9999.0 -9999.0 -9999.0 -9999.0 -9999.0 -9999.0 -9999.0 -9999.0 -9999.0 -9999.0 -9999.0 2.4718271981126203 2.4733394121547763 2.474851626196932 2.476363840239088 2.4778760542812446 2.4793882683234005 2.480900482365559 2.482412696407715 2.483924910449871 2.4854371244920275 2.4869493385341834 2.4884615525763394 2.4899737666184953 2.4899357242113904 2.488240422614838 2.486545121018285 2.4848498194217323 2.48315451782518 2.481459216228627 2.4797639146320716 2.478068613035519 2.4763733114389663 2.474678009842414 2.472982708245861 2.4712874066493087 2.469592105052756 2.4678968034562034 2.4662015018596506 2.464506200263098
-9999.0 -9999.0 -9999.0 -9999.0 -9999.0 -9999.0 -9999.0 -9999.0 -9999.0 -9999.0 -9999.0 -9999.0 -9999.0 -9999.0 -9999.0 2.470645607996319 2.4721420544720036 2.473638500947689 2.475134947423374 2.4766313938990594 2.478127840374744 2.479624286850432 2.4811207333261174 2.482617179801802 2.4841136262774874 2.4856100727531727 2.487106519228858 2.4886029657045428 2.4885991991093266 2.4869916708274125 2.4853841425454983 2.483776614263584 2.48216908598167 2.480561557699756 2.478954029417839 2.477346501135925 2.4757389728540113 2.474131444572097 2.472523916290183 2.470916388008269 2.469308859726355 2.4677013314444407 2.4660938031625266 2.4644862748806124
-9999.0 -9999.0 -9999.0 -9999.0 -9999.0 -9999.0 -9999.0 -9999.0 -9999.0 -9999.0 -9999.0 -9999.0 -9999.0 2.4665026600615882 2.467983338970803 2.469464017880017 2.470944696789231 2.4724253756984456 2.4739060546076597 2.4753867335168738 2.4768674124260883 2.478348091335305 2.479828770244519 2.4813094491537333 2.482790128062948 2.484270806972162 2.485751485881376 2.4872321647905906 2.4872626740072628 2.4857429190399873 2.4842231640727115 2.482703409105436 2.4811836541381607 2.4796638991708853 2.478144144203607 2.4766243892363313 2.475104634269056 2.4735848793017805 2.472065124334505 2.4705453693672292 2.469025614399954 2.4675058594326784 2.465986104465403 2.4644663494981276
-9999.0 -9999.0 -9999.0 -9999.0 -9999.0 -9999.0 -9999.0 -9999.0 -9999.0 -9999.0 -9999.0 -9999.0 -9999.0 2.465352605078228 2.4668175164209716 2.468282427763715 2.4697473391064584 2.4712122504492013 2.4726771617919447 2.474142073134688 2.4756069844774315 2.4770718958201776 2.4785368071629206 2.480001718505664 2.4814666298484074 2.482931541191151 2.484396452533894 2.4858613638766376 2.4859261489051985 2.4844941672525613 2.4830621855999246 2.4816302039472875 2.480198222294651 2.4787662406420137 2.4773342589893743 2.4759022773367376 2.4744702956841005 2.4730383140314633 2.4716063323788267 2.4701743507261895 2.468742369073553 2.4673103874209157 2.465878405768279 2.464446424115642
-9999.0 -9999.0 -9999.0 -9999.0 -9999.0 -9999.0 -9999.0 -9999.0 -9999.0 -9999.0 -9999.0 -9999.0 -9999.0 -9999.0 2.465651693871141 2.467100837647413 2.4685499814236858 2.469999125199958 2.4714482689762303 2.472897412752503 2.474346556528775 2.47579570030505 2.477244844081323 2.478693987857595 2.4801431316338673 2.48159227541014 2.4830414191864123 2.484490562962685 2.4845896238031346 2.483245415465136 2.481901207127138 2.4805569987891394 2.479212790451141 2.4778685821131425 2.476524373775142 2.4751801654371435 2.4738359570991455 2.472491748761147 2.4711475404231487 2.4698033320851502 2.468459123747152 2.4671149154091534 2.465770707071155 2.464426498733157
-9999.0 -9999.0 -9999.0 -9999.0 -9999.0 -9999.0 -9999.0 -9999.0 -9999.0 -9999.0 -9999.0 -9999.0 -9999.0 -9999.0 2.46448587132131 2.4659192475311116 2.467352623740913 2.4687859999507147 2.4702193761605162 2.471652752370318 2.4730861285801193 2.474519504789923 2.4759528809997247 2.477386257209526 2.4788196334193278 2.4802530096291293 2.481686385838931 2.4831197620487324 2.4832530987010704 2.4819966636777107 2.480740228654351 2.4794837936309913 2.4782273586076315 2.4769709235842714 2.4757144885609095 2.4744580535375498 2.47320161851419 2.4719451834908304 2.47068874846747 2.4694323134441105 2.468175878420751 2.466919443397391 2.465663008374031 2.4644065733506713
-9999.0 -9999.0 -9999.0 -9999.0 -9999.0 -9999.0 -9999.0 -9999.0 -9999.0 -9999.0 -9999.0 -9999.0 -9999.0 -9999.0 2.463320048771479 2.464737657414809 2.46615526605814 2.4675728747014705 2.4689904833448013 2.4704080919881317 2.4718257006314626 2.4732433092747956 2.474660917918126 2.476078526561457 2.4774961352047873 2.478913743848118 2.4803313524914485 2.4817489611347794 2.481916573599006 2.480747911890285 2.4795792501815637 2.4784105884728427 2.4772419267641212 2.4760732650554003 2.474904603346677 2.4737359416379556 2.4725672799292346 2.471398618220513 2.4702299565117922 2.469061294803071 2.46789263309435 2.466723971385629 2.4655553096769074 2.4643866479681864
-9999.0 -9999.0 -9999.0 -9999.0 -9999.0 -9999.0 -9999.0 -9999.0 -9999.0 -9999.0 -9999.0 -9999.0 -9999.0 -9999.0 2.462154226221648 2.4635560672985077 2.4649579083753674 2.466359749452227 2.467761590529087 2.4691634316059465 2.4705652726828062 2.4719671137596686 2.4733689548365283 2.474770795913388 2.4761726369902477 2.4775744780671074 2.478976319143967 2.480378160220827 2.4805800484969422 2.4794991601028595 2.4784182717087773 2.4773373833146946 2.476256494920612 2.475175606526529 2.4740947181324446 2.473013829738362 2.471932941344279 2.4708520529501965 2.4697711645561142 2.4686902761620315 2.467609387767949 2.466528499373866 2.4654476109797834 2.4643667225857007
-9999.0 -9999.0 -9999.0 -9999.0 -9999.0 -9999.0 -9999.0 -9999.0 -9999.0 -9999.0 2.455444109630262 2.4568301831406507 2.4582162566510397 2.4596023301614287 2.4609884036718173 2.4623744771822063 2.463760550692595 2.465146624202984 2.4665326977133724 2.4679187712237614 2.4693048447341504 2.4706909182445416 2.47207699175493 2.473463065265319 2.4748491387757077 2.4762352122860967 2.477621285796485 2.479007359306874 2.4792435233948784 2.4782504083154344 2.4772572932359904 2.4762641781565464 2.475271063077102 2.474277947997658 2.473284832918212 2.472291717838768 2.4712986027593242 2.4703054876798802 2.469312372600436 2.468319257520992 2.467326142441548 2.466333027362104 2.46533991228266 2.4643467972032154
