Figures/CREST_Example_wjb_NSE/PETs/wjb.pet.20100212.asc
ncols            288
nrows            254
xllcorner        113.274861
yllcorner        31.4918055
cellsize         0.008333333333
NODATA_value     -9999
[rows 76 to 94 of 254, columns 0 to 43 of 288]
-9999.0 -9999.0 -9999.0 -9999.0 -9999.0 -9999.0 -9999.0 -9999.0 -9999.0 -9999.0 -9999.0 0.9172371490474577 0.9176018179897593 0.9180014893134 0.9184011606370399 0.9188008319606799 0.9192005032843198 0.9196001746079598 0.9199998459315998 0.9203995172552397 0.9207991885788797 0.9211988599025197 0.9215985312261596 0.9219982025497996 0.9223978738734395 0.9227975451970796 0.9231972165207202 0.9235968878443601 0.923996559168 0.9243962304916401 0.92479590181528 0.92519557313892 0.9255952444625599 0.9259949157862 0.9263945871098399 0.9267942584334798 0.9271939297571198 0.9275936010807597 0.9279932724043998 0.9283929437280404 0.9287926150516803 0.9291922863753203 0.9288933950669604 0.9278477245168355
-9999.0 -9999.0 -9999.0 -9999.0 -9999.0 -9999.0 -9999.0 -9999.0 -9999.0 -9999.0 -9999.0 0.9180528687327093 0.9184219975094934 0.9188292668005567 0.9192365360916194 0.919643805382682 0.9200510746737447 0.9204583439648073 0.92086561325587 0.9212728825469326 0.9216801518379953 0.922087421129058 0.9224946904201207 0.9229019597111833 0.923309229002246 0.9237164982933086 0.924123767584372 0.9245310368754346 0.9249383061664973 0.9253455754575599 0.9257528447486226 0.9261601140396852 0.926567383330748 0.9269746526218106 0.9273819219128733 0.9277891912039359 0.9281964604949986 0.9286037297860612 0.9290109990771239 0.9294182683681872 0.9298255376592499 0.9302328069503125 0.929934260353806 0.9288811806214005
-9999.0 -9999.0 -9999.0 -9999.0 -9999.0 -9999.0 -9999.0 -9999.0 -9999.0 -9999.0 -9999.0 0.9188685884179608 0.9192421770292274 0.9196570442877134 0.9200719115461988 0.9204867788046841 0.9209016460631695 0.9213165133216549 0.9217313805801403 0.9221462478386255 0.9225611150971109 0.9229759823555963 0.9233908496140817 0.9238057168725671 0.9242205841310523 0.9246354513895377 0.9250503186480238 0.9254651859065092 0.9258800531649946 0.9262949204234799 0.9267097876819652 0.9271246549404506 0.927539522198936 0.9279543894574214 0.9283692567159066 0.928784123974392 0.9291989912328774 0.9296138584913628 0.9300287257498481 0.9304435930083342 0.9308584602668195 0.9312733275253049 0.9309751256406517 0.9299146367259655
-9999.0 -9999.0 -9999.0 -9999.0 -9999.0 -9999.0 -9999.0 -9999.0 -9999.0 -9999.0 -9999.0 -9999.0 0.920062356548962 0.9204848217748708 0.9209072870007788 0.9213297522266869 0.921752217452595 0.922174682678503 0.922597147904411 0.9230196131303192 0.9234420783562273 0.9238645435821353 0.9242870088080434 0.9247094740339514 0.9251319392598595 0.9255544044857675 0.9259768697116764 0.9263993349375844 0.9268218001634925 0.9272442653894006 0.9276667306153087 0.9280891958412167 0.9285116610671248 0.9289341262930328 0.9293565915189409 0.9297790567448491 0.9302015219707571 0.9306239871966652 0.9310464524225732 0.931468917648482 0.9318913828743901 0.9323138481002982 0.9320159909274982 0.9309480928305315
-9999.0 -9999.0 -9999.0 -9999.0 -9999.0 -9999.0 -9999.0 -9999.0 -9999.0 -9999.0 -9999.0 -9999.0 -9999.0 0.9213125992620275 0.9217426624553583 0.922172725648689 0.9226027888420197 0.9230328520353506 0.9234629152286813 0.9238929784220121 0.9243230416153428 0.9247531048086737 0.9251831680020044 0.9256132311953352 0.926043294388666 0.9264733575819967 0.9269034207753283 0.927333483968659 0.9277635471619897 0.9281936103553206 0.9286236735486513 0.9290537367419821 0.9294837999353128 0.9299138631286437 0.9303439263219744 0.9307739895153052 0.9312040527086359 0.9316341159019667 0.9320641790952975 0.932494242288629 0.9329243054819597 0.9333543686752905 0.933056856214344 0.9319815489350965
-9999.0 -9999.0 -9999.0 -9999.0 -9999.0 -9999.0 -9999.0 -9999.0 -9999.0 -9999.0 -9999.0 -9999.0 0.92170271558843 0.9221403767491843 0.9225780379099376 0.9230156990706911 0.9234533602314446 0.923891021392198 0.9243286825529515 0.924766343713705 0.9252040048744585 0.9256416660352119 0.9260793271959654 0.9265169883567189 0.9269546495174723 0.9273923106782258 0.92782997183898 0.9282676329997335 0.928705294160487 0.9291429553212405 0.9295806164819939 0.9300182776427474 0.9304559388035009 0.9308935999642542 0.9313312611250077 0.9317689222857612 0.9322065834465146 0.9326442446072681 0.9330819057680216 0.9335195669287758 0.9339572280895293 0.9343948892502828 0.9340977215011895 0.9330150050396615
-9999.0 -9999.0 -9999.0 -9999.0 -9999.0 -9999.0 -9999.0 -9999.0 -9999.0 -9999.0 -9999.0 0.9221314671589677 0.9225228951081639 0.9229681542363408 0.923413413364517 0.9238586724926932 0.9243039316208693 0.9247491907490455 0.9251944498772217 0.9256397090053978 0.926084968133574 0.9265302272617502 0.9269754863899263 0.9274207455181025 0.9278660046462787 0.9283112637744548 0.9287565229026318 0.9292017820308079 0.9296470411589841 0.9300923002871603 0.9305375594153364 0.9309828185435126 0.9314280776716888 0.931873336799865 0.9323185959280411 0.9327638550562174 0.9332091141843936 0.9336543733125697 0.9340996324407459 0.9345448915689227 0.9349901506970989 0.9354354098252751 0.9351385867880352 0.9340484611442266
-9999.0 -9999.0 -9999.0 -9999.0 -9999.0 -9999.0 -9999.0 -9999.0 -9999.0 -9999.0 -9999.0 0.9229471868442193 0.923343074627898 0.9237959317234976 0.9242487888190964 0.9247016459146953 0.9251545030102942 0.9256073601058931 0.9260602172014919 0.9265130742970908 0.9269659313926897 0.9274187884882885 0.9278716455838875 0.9283245026794863 0.9287773597750851 0.9292302168706841 0.9296830739662837 0.9301359310618825 0.9305887881574814 0.9310416452530803 0.9314945023486791 0.931947359444278 0.9324002165398769 0.9328530736354758 0.9333059307310746 0.9337587878266735 0.9342116449222724 0.9346645020178712 0.93511735911347 0.9355702162090698 0.9360230733046686 0.9364759304002674 0.9361794520748808 0.9350819172487916
-9999.0 -9999.0 -9999.0 -9999.0 -9999.0 -9999.0 -9999.0 -9999.0 -9999.0 -9999.0 -9999.0 0.9237629065294707 0.9241632541476319 0.9246237092106542 0.9250841642736758 0.9255446193366974 0.9260050743997189 0.9264655294627405 0.9269259845257621 0.9273864395887836 0.9278468946518053 0.9283073497148268 0.9287678047778484 0.92922825984087 0.9296887149038915 0.9301491699669131 0.9306096250299355 0.931070080092957 0.9315305351559786 0.9319909902190002 0.9324514452820217 0.9329119003450433 0.9333723554080648 0.9338328104710865 0.9342932655341081 0.9347537205971296 0.9352141756601512 0.9356746307231728 0.9361350857861943 0.9365955408492167 0.9370559959122382 0.9375164509752598 0.9372203173617265 0.9361153733533567
-9999.0 -9999.0 -9999.0 -9999.0 -9999.0 -9999.0 -9999.0 -9999.0 -9999.0 -9999.0 -9999.0 0.924578626214723 0.9249834336673666 0.9254514866978116 0.9259195397282559 0.9263875927587002 0.9268556457891445 0.9273236988195888 0.927791751850033 0.9282598048804773 0.9287278579109216 0.9291959109413659 0.9296639639718102 0.9301320170022545 0.9306000700326986 0.9310681230631429 0.9315361760935881 0.9320042291240324 0.9324722821544765 0.9329403351849208 0.9334083882153651 0.9338764412458094 0.9343444942762537 0.9348125473066979 0.9352806003371422 0.9357486533675865 -9999.0 -9999.0 0.9371528124589193 0.9376208654893644 0.9380889185198087 0.938556971550253 0.9382611826485729 0.9371488294579225
-9999.0 -9999.0 -9999.0 -9999.0 -9999.0 -9999.0 -9999.0 -9999.0 -9999.0 -9999.0 0.9250471761877759 0.9253943458999746 0.9258036131871006 0.9262792641849684 0.9267549151828354 0.9272305661807023 0.9277062171785693 0.9281818681764363 0.9286575191743033 0.9291331701721702 0.9296088211700372 0.9300844721679042 0.9305601231657712 0.9310357741636381 0.9315114251615051 0.931987076159372 0.9324627271572399 0.9329383781551068 0.9334140291529738 0.9338896801508408 0.9343653311487078 0.9348409821465747 -9999.0 0.9357922841423088 -9999.0 -9999.0 -9999.0 -9999.0 -9999.0 -9999.0 -9999.0 -9999.0 0.9393020479354186 0.9381822855624876
-9999.0 -9999.0 -9999.0 -9999.0 -9999.0 -9999.0 -9999.0 -9999.0 -9999.0 -9999.0 0.9258613715545505 0.926210065585226 0.9266237927068345 0.927107041672125 0.9275902906374147 0.9280735396027043 0.9285567885679941 0.9290400375332837 0.9295232864985734 0.9300065354638631 0.9304897844291528 0.9309730333944425 0.9314562823597321 0.9319395313250218 0.9324227802903114 0.9329060292556012 0.9333892782208917 0.9338725271861813 0.934355776151471 -9999.0 -9999.0 -9999.0 -9999.0 -9999.0 -9999.0 -9999.0 -9999.0 -9999.0 -9999.0 -9999.0 -9999.0 -9999.0 -9999.0 0.9392157416670527
-9999.0 -9999.0 -9999.0 -9999.0 -9999.0 -9999.0 -9999.0 -9999.0 -9999.0 -9999.0 -9999.0 0.9267163281171729 0.9271141071432474 0.9275890141250943 0.9280639211069404 0.9285388280887865 0.9290137350706326 0.9294886420524786 0.9299635490343248 0.9304384560161708 0.930913362998017 0.931388269979863 0.9318631769617091 0.9323380839435552 0.9328129909254013 0.9332878979072474 0.9337628048890942 0.9342377118709404 0.9347126188527864 -9999.0 -9999.0 -9999.0 -9999.0 -9999.0 -9999.0 -9999.0 -9999.0 -9999.0 -9999.0 -9999.0 -9999.0 -9999.0 -9999.0 -9999.0
-9999.0 -9999.0 -9999.0 -9999.0 -9999.0 -9999.0 -9999.0 -9999.0 -9999.0 -9999.0 -9999.0 -9999.0 -9999.0 -9999.0 0.9281508689948279 0.9286003951907402 0.9290499213866525 0.9294994475825649 0.9299489737784771 0.9303984999743894 0.9308480261703017 0.931297552366214 0.9317470785621262 0.9321966047580386 0.9326461309539509 0.9330956571498632 0.9335451833457762 0.9339947095416885 0.9344442357376008 -9999.0 -9999.0 -9999.0 -9999.0 -9999.0 -9999.0 -9999.0 -9999.0 -9999.0 -9999.0 -9999.0 -9999.0 -9999.0 -9999.0 -9999.0
-9999.0 -9999.0 -9999.0 -9999.0 -9999.0 -9999.0 -9999.0 -9999.0 -9999.0 -9999.0 -9999.0 -9999.0 -9999.0 -9999.0 0.9282378168827156 0.928661962292694 0.9290861077026725 0.929510253112651 0.9299343985226295 0.930358543932608 0.9307826893425865 0.9312068347525649 0.9316309801625434 0.9320551255725219 0.9324792709825004 0.9329034163924789 0.9333275618024581 0.9337517072124366 -9999.0 -9999.0 -9999.0 -9999.0 -9999.0 -9999.0 -9999.0 -9999.0 -9999.0 -9999.0 -9999.0 -9999.0 -9999.0 -9999.0 -9999.0 -9999.0
-9999.0 -9999.0 -9999.0 -9999.0 -9999.0 -9999.0 -9999.0 -9999.0 -9999.0 -9999.0 -9999.0 -9999.0 -9999.0 0.9279260001465583 0.9283247647706031 0.9287235293946478 0.9291222940186924 0.9295210586427372 0.9299198232667818 0.9303185878908264 0.9307173525148712 0.9311161171389158 0.9315148817629606 0.9319136463870052 0.9323124110110499 0.9327111756350946 0.93310994025914 0.9335087048831846 -9999.0 -9999.0 -9999.0 -9999.0 -9999.0 -9999.0 -9999.0 -9999.0 -9999.0 -9999.0 -9999.0 -9999.0 -9999.0 -9999.0 -9999.0 0.9377847196204155
-9999.0 -9999.0 -9999.0 -9999.0 -9999.0 -9999.0 -9999.0 -9999.0 -9999.0 -9999.0 -9999.0 -9999.0 0.9276649449822685 0.92803832882038 0.9284117126584908 0.9287850964966017 0.9291584803347125 0.9295318641728234 0.9299052480109342 0.9302786318490451 0.9306520156871559 0.9310253995252669 0.9313987833633777 0.9317721672014886 0.9321455510395994 0.9325189348777102 0.9328923187158218 0.9332657025539326 -9999.0 -9999.0 -9999.0 -9999.0 -9999.0 -9999.0 -9999.0 -9999.0 -9999.0 -9999.0 -9999.0 -9999.0 -9999.0 -9999.0 -9999.0 0.9372206152071177
-9999.0 -9999.0 -9999.0 -9999.0 -9999.0 -9999.0 -9999.0 -9999.0 -9999.0 -9999.0 -9999.0 -9999.0 0.9278026544420237 0.9281506574942013 0.9284986605463783 0.9288466635985554 0.9291946666507325 0.9295426697029096 0.9298906727550866 0.9302386758072636 0.9305866788594407 0.9309346819116178 0.9312826849637948 0.9316306880159718 0.9319786910681489 0.932326694120326 0.9326746971725036 -9999.0 -9999.0 -9999.0 -9999.0 -9999.0 -9999.0 -9999.0 -9999.0 -9999.0 -9999.0 -9999.0 -9999.0 -9999.0 -9999.0 -9999.0 -9999.0 0.9366565107938204
-9999.0 -9999.0 -9999.0 -9999.0 -9999.0 -9999.0 -9999.0 -9999.0 -9999.0 -9999.0 -9999.0 -9999.0 0.9279403639017788 0.9282629861680227 0.928585608434266 0.9289082307005092 0.9292308529667525 -9999.0 -9999.0 0.9301987197654822 0.9305213420317254 0.9308439642979687 0.9311665865642119 0.9314892088304552 -9999.0 -9999.0 -9999.0 -9999.0 -9999.0 -9999.0 -9999.0 -9999.0 -9999.0 -9999.0 -9999.0 -9999.0 -9999.0 -9999.0 -9999.0 -9999.0 -9999.0 -9999.0 0.9370164792150624 0.936092406380523
