Figures/CREST_Example_wjb_NSE/PETs/wjb.pet.20100113.asc
ncols            288
nrows            254
xllcorner        113.274861
yllcorner        31.4918055
cellsize         0.008333333333
NODATA_value     -9999
[rows 152 to 170 of 254, columns 0 to 43 of 288]
-9999.0 -9999.0 -9999.0 -9999.0 -9999.0 0.7051115300120668 0.7046059717744375 0.7041004135368082 0.7035948552991789 0.7030892970615495 0.7025837388239202 0.7020781805862908 0.7016703040329286 0.7013668514072419 0.7010633987815557 0.7007599461558695 0.7004564935301832 0.700153040904497 0.6998495882788108 0.6995461356531245 0.6992426830274383 0.6989392304017521 0.6986357777760659 0.6983323251503797 0.6980288725246935 0.6977254198990073 0.6974219672733205 0.6971185146476343 0.6968150620219481 0.6965116093962619 0.6962081567705757 0.6959047041448895 0.6956012515192033 0.6952977988935171 0.6949943462678309 0.6946908936421446 0.6943874410164583 0.6940839883907721 0.6937805357650859 0.6934770831393993 0.6931736305137131 0.6928701778880267 0.6929704078296074 0.6935021835591931
-9999.0 -9999.0 -9999.0 -9999.0 0.7058416346622163 0.7053672474108026 0.7048928601593889 0.7044184729079752 0.7039440856565615 0.7034696984051478 0.7029953111537341 0.7025209239023205 0.7021311256799546 0.7018317550409962 0.7015323844020381 0.7012330137630802 0.7009336431241222 0.7006342724851643 0.7003349018462063 0.7000355312072484 0.6997361605682904 0.6994367899293323 0.6991374192903744 0.6988380486514164 0.6985386780124585 0.6982393073735005 0.697939936734542 0.6976405660955841 0.6973411954566261 0.6970418248176681 0.6967424541787102 0.6964430835397522 0.6961437129007942 0.6958443422618362 0.6955449716228783 0.6952456009839203 0.6949462303449624 0.6946468597060044 0.6943474890670464 0.6940481184280879 0.69374874778913 0.693449377150172 0.69355626495005 0.6940974522028577
-9999.0 -9999.0 -9999.0 -9999.0 0.7060661810747364 0.7056229648095383 0.7051797485443403 0.7047365322791422 0.7042933160139442 0.703850099748746 0.703406883483548 0.7029636672183499 0.7025919473269805 0.7022966586747503 0.7020013700225206 0.7017060813702909 0.7014107927180612 0.7011155040658315 0.7008202154136017 0.700524926761372 0.7002296381091423 0.6999343494569126 0.6996390608046829 0.6993437721524531 0.6990484835002234 0.6987531948479937 0.6984579061957634 0.6981626175435337 0.697867328891304 0.6975720402390743 0.6972767515868445 0.6969814629346148 0.6966861742823851 0.6963908856301554 0.6960955969779257 0.695800308325696 0.6955050196734662 0.6952097310212366 0.6949144423690068 0.6946191537167766 0.6943238650645469 0.6940285764123172 0.6941421220704926 0.6946927208465222
-9999.0 -9999.0 -9999.0 -9999.0 -9999.0 -9999.0 0.7054666369292917 0.7050545916503093 0.7046425463713268 0.7042305010923444 0.703818455813362 0.7034064105343796 0.7030527689740066 0.7027615623085046 0.7024703556430031 0.7021791489775017 0.7018879423120001 0.7015967356464987 0.7013055289809973 0.7010143223154958 0.7007231156499943 0.7004319089844928 0.7001407023189914 0.6998494956534899 0.6995582889879884 0.6992670823224869 0.6989758756569849 0.6986846689914835 0.698393462325982 0.6981022556604806 0.697811048994979 0.6975198423294776 0.6972286356639761 0.6969374289984747 0.6966462223329732 0.6963550156674717 0.6960638090019703 0.6957726023364688 0.6954813956709673 0.6951901890054654 0.6948989823399638 0.6946077756744624 0.6947279791909353 0.6952879894901869
-9999.0 -9999.0 -9999.0 -9999.0 -9999.0 -9999.0 -9999.0 -9999.0 0.7049917767287094 0.7046109024359426 0.7042300281431758 0.703849153850409 0.7035135906210325 0.7032264659422588 0.7029393412634856 0.7026522165847123 0.7023650919059391 0.7020779672271659 0.7017908425483926 0.7015037178696194 0.7012165931908463 0.700929468512073 0.7006423438332998 0.7003552191545266 0.7000680944757534 0.6997809697969801 0.6994938451182064 0.6992067204394332 0.69891959576066 0.6986324710818868 0.6983453464031135 0.6980582217243403 0.6977710970455671 0.6974839723667938 0.6971968476880206 0.6969097230092474 0.6966225983304742 0.696335473651701 0.6960483489729278 0.695761224294154 0.6954740996153808 0.6951869749366076 0.6953138363113779 0.6958832581338514
-9999.0 -9999.0 -9999.0 -9999.0 -9999.0 -9999.0 -9999.0 -9999.0 -9999.0 0.7049913037795412 -9999.0 -9999.0 -9999.0 0.7036913695760134 0.7034083268839685 0.7031252841919234 0.7028422414998785 0.7025591988078336 0.7022761561157885 0.7019931134237436 0.7017100707316987 0.7014270280396536 0.7011439853476087 0.7008609426555638 0.7005778999635187 0.7002948572714738 0.7000118145794283 0.6997287718873834 0.6994457291953384 0.6991626865032934 0.6988796438112485 0.6985966011192035 0.6983135584271586 0.6980305157351135 0.6977474730430686 0.6974644303510237 0.6971813876589786 0.6968983449669337 0.6966153022748888 0.6963322595828433 0.6960492168907984 0.6957661741987533 0.6958996934318211 0.6964785267775166
-9999.0 -9999.0 -9999.0 -9999.0 -9999.0 -9999.0 -9999.0 -9999.0 -9999.0 -9999.0 -9999.0 -9999.0 -9999.0 -9999.0 0.703877312504451 0.7035983517991342 0.7033193910938176 0.7030404303885008 0.7027614696831841 0.7024825089778673 0.7022035482725506 0.701924587567234 0.7016456268619172 0.7013666661566005 0.7010877054512837 0.700808744745967 0.7005297840406498 0.7002508233353332 0.6999718626300164 0.6996929019246997 0.6994139412193829 0.6991349805140662 0.6988560198087496 0.6985770591034328 0.6982980983981161 0.6980191376927993 0.6977401769874826 0.697461216282166 0.6971822555768492 0.696903294871532 0.6966243341662153 0.6963453734608985 0.6964855505522637 0.6970737954211812
-9999.0 -9999.0 -9999.0 -9999.0 -9999.0 -9999.0 -9999.0 -9999.0 -9999.0 -9999.0 -9999.0 -9999.0 -9999.0 -9999.0 -9999.0 -9999.0 0.7037965406877565 0.7035216619691681 0.7032467832505797 0.7029719045319911 0.7026970258134027 0.7024221470948142 0.7021472683762257 0.7018723896576372 0.7015975109390488 0.7013226322204603 0.7010477535018713 0.7007728747832829 0.7004979960646944 0.7002231173461059 0.6999482386275174 0.699673359908929 0.6993984811903405 0.699123602471752 0.6988487237531635 0.6985738450345751 0.6982989663159865 0.6980240875973981 0.6977492088788096 0.6974743301602206 0.6971994514416322 0.6969245727230438 0.6970714076727064 0.6976690640648457
-9999.0 -9999.0 -9999.0 -9999.0 -9999.0 -9999.0 -9999.0 -9999.0 -9999.0 -9999.0 -9999.0 -9999.0 -9999.0 -9999.0 -9999.0 -9999.0 -9999.0 0.7040028935498353 0.703732096817975 0.7034613000861148 0.7031905033542546 0.7029197066223943 0.7026489098905342 0.7023781131586739 0.7021073164268137 0.7018365196949534 0.7015657229630928 0.7012949262312326 0.7010241294993723 0.7007533327675121 0.7004825360356519 0.7002117393037917 0.6999409425719314 0.6996701458400713 0.699399349108211 0.6991285523763507 0.6988577556444905 0.6985869589126303 0.6983161621807701 0.6980453654489094 0.6977745687170491 0.697503771985189 0.697657264793149 0.6982643327085104
-9999.0 -9999.0 -9999.0 -9999.0 -9999.0 -9999.0 -9999.0 -9999.0 -9999.0 -9999.0 -9999.0 -9999.0 -9999.0 -9999.0 -9999.0 -9999.0 -9999.0 -9999.0 0.7042174103853706 0.7039506956402386 0.7036839808951066 0.7034172661499746 0.7031505514048426 0.7028838366597107 0.7026171219145787 0.7023504071694467 0.7020836924243142 0.7018169776791823 0.7015502629340503 0.7012835481889184 0.7010168334437864 0.7007501186986543 0.7004834039535224 0.7002166892083904 0.6999499744632585 0.6996832597181265 0.6994165449729944 0.6991498302278625 0.6988831154827305 0.6986164007375981 0.6983496859924662 0.6980829712473341 0.6982431219135916 0.698859601352175
-9999.0 -9999.0 -9999.0 -9999.0 -9999.0 -9999.0 -9999.0 -9999.0 -9999.0 -9999.0 -9999.0 -9999.0 -9999.0 -9999.0 -9999.0 -9999.0 -9999.0 -9999.0 -9999.0 0.7044400911943622 0.7041774584359586 0.7039148256775548 0.703652192919151 0.7033895601607474 0.7031269274023436 0.7028642946439398 0.7026016618855357 0.702339029127132 0.7020763963687282 0.7018137636103245 0.7015511308519208 0.7012884980935171 0.7010258653351134 0.7007632325767096 0.7005005998183059 0.7002379670599022 0.6999753343014984 0.6997127015430947 0.699450068784691 0.6991874360262867 0.6989248032678831 0.6986621705094793 0.6988289790340343 0.6994548699958395
-9999.0 -9999.0 -9999.0 -9999.0 -9999.0 -9999.0 -9999.0 -9999.0 -9999.0 -9999.0 -9999.0 -9999.0 -9999.0 -9999.0 -9999.0 -9999.0 -9999.0 -9999.0 -9999.0 0.7049294867484864 0.704670935976811 0.7044123852051355 0.70415383443346 0.7038952836617846 0.7036367328901091 0.7033781821184336 0.7031196313467577 0.7028610805750821 0.7026025298034067 0.7023439790317312 0.7020854282600557 0.7018268774883802 0.7015683267167048 0.7013097759450293 0.7010512251733538 0.7007926744016784 0.7005341236300029 0.7002755728583274 0.700017022086652 0.699758471314976 0.6994999205433006 0.6992413697716251 0.6994148361544774 0.7000501386395047
-9999.0 -9999.0 -9999.0 -9999.0 -9999.0 -9999.0 -9999.0 -9999.0 -9999.0 -9999.0 -9999.0 -9999.0 -9999.0 -9999.0 -9999.0 -9999.0 -9999.0 -9999.0 -9999.0 -9999.0 0.7051644135176629 0.7049099447327157 0.7046554759477685 0.7044010071628213 0.704146538377874 0.7038920695929268 -9999.0 -9999.0 0.7031286632380847 0.7028741944531375 0.7026197256681902 0.702365256883243 0.7021107880982957 0.7018563193133486 0.7016018505284013 0.7013473817434541 0.7010929129585068 0.7008384441735597 0.7005839753886124 0.7003295066036648 0.7000750378187175 0.6998205690337703 0.7000006932749201 0.7006454072831693
-9999.0 -9999.0 -9999.0 -9999.0 -9999.0 -9999.0 -9999.0 -9999.0 -9999.0 -9999.0 -9999.0 -9999.0 -9999.0 -9999.0 -9999.0 -9999.0 -9999.0 -9999.0 -9999.0 -9999.0 -9999.0 -9999.0 -9999.0 -9999.0 -9999.0 -9999.0 -9999.0 0.7039051834709816 0.7036547966727627 0.7034044098745437 0.7031540230763247 0.7029036362781057 0.7026532494798867 0.7024028626816677 0.7021524758834488 0.7019020890852298 0.7016517022870108 0.7014013154887918 0.7011509286905728 0.7009005418923535 0.7006501550941345 0.7003997682959155 0.7005865503953628 0.7012406759268339
-9999.0 -9999.0 -9999.0 -9999.0 -9999.0 -9999.0 -9999.0 -9999.0 -9999.0 -9999.0 -9999.0 -9999.0 -9999.0 -9999.0 -9999.0 -9999.0 -9999.0 -9999.0 -9999.0 -9999.0 -9999.0 -9999.0 -9999.0 -9999.0 -9999.0 -9999.0 -9999.0 0.7044272349189313 0.7041809301074407 0.7039346252959499 0.7036883204844592 0.7034420156729684 0.7031957108614777 0.702949406049987 0.7027031012384962 0.7024567964270055 0.7022104916155147 0.7019641868040241 0.7017178819925333 0.7014715771810421 0.7012252723695515 0.7009789675580607 0.7011724075158053 0.7018359445704985
-9999.0 -9999.0 -9999.0 -9999.0 -9999.0 -9999.0 -9999.0 -9999.0 -9999.0 -9999.0 -9999.0 -9999.0 -9999.0 -9999.0 -9999.0 -9999.0 -9999.0 -9999.0 -9999.0 -9999.0 -9999.0 -9999.0 -9999.0 -9999.0 -9999.0 -9999.0 -9999.0 0.7049492863668811 0.7047070635421187 0.7044648407173562 0.7042226178925937 0.7039803950678312 0.7037381722430687 0.7034959494183062 0.7032537265935437 0.7030115037687812 0.7027692809440187 0.7025270581192562 0.7022848352944938 0.7020426124697309 0.7018003896449684 0.7015581668202059 0.701758264636248 0.702431213214163
-9999.0 -9999.0 -9999.0 -9999.0 -9999.0 -9999.0 -9999.0 -9999.0 -9999.0 -9999.0 -9999.0 -9999.0 -9999.0 -9999.0 -9999.0 -9999.0 -9999.0 -9999.0 -9999.0 -9999.0 -9999.0 -9999.0 -9999.0 -9999.0 -9999.0 -9999.0 -9999.0 -9999.0 0.7052331969767965 0.7049950561387623 0.704756915300728 0.7045187744626938 0.7042806336246596 0.7040424927866253 0.7038043519485911 0.703566211110557 0.7033280702725226 0.7030899294344884 0.7028517885964543 0.7026136477584196 0.7023755069203853 0.7021373660823511 0.7023441217566906 0.7030264818578277
-9999.0 -9999.0 -9999.0 -9999.0 -9999.0 -9999.0 -9999.0 -9999.0 -9999.0 -9999.0 -9999.0 -9999.0 -9999.0 -9999.0 -9999.0 -9999.0 -9999.0 -9999.0 -9999.0 -9999.0 -9999.0 -9999.0 -9999.0 -9999.0 -9999.0 -9999.0 -9999.0 -9999.0 -9999.0 0.7055252715601685 0.7052912127088625 0.7050571538575566 0.7048230950062506 0.7045890361549446 0.7043549773036386 0.7041209184523326 0.7038868596010266 0.7036528007497207 0.7034187418984147 0.7031846830471082 0.7029506241958022 0.7027165653444963 0.7029299788771333 0.7036217505014922
-9999.0 -9999.0 -9999.0 -9999.0 -9999.0 -9999.0 -9999.0 -9999.0 -9999.0 -9999.0 -9999.0 -9999.0 -9999.0 -9999.0 -9999.0 -9999.0 -9999.0 -9999.0 -9999.0 -9999.0 -9999.0 -9999.0 -9999.0 -9999.0 -9999.0 -9999.0 -9999.0 -9999.0 -9999.0 0.7060554869815753 0.7058255101169976 0.7055955332524197 0.705365556387842 0.7051355795232643 0.7049056026586866 0.7046756257941088 0.7044456489295311 0.7042156720649534 0.7039856952003757 0.7037557183357975 0.7035257414712198 0.703295764606642 0.7035158359975764 0.7042170191451573
