Figures/CREST_Example_wjb_NSE/PETs/wjb.pet.20091216.asc
ncols            288
nrows            254
xllcorner        113.274861
yllcorner        31.4918055
cellsize         0.008333333333
NODATA_value     -9999
[rows 114 to 132 of 254, columns 86 to 128 of 288]
0.45365608006476044 0.4526795137926295 0.45170294752049855 0.45072638124836767 0.44974981497623673 0.4487732487041041 0.44779668243197324 0.4468201161598423 0.44584354988771135 0.44486698361558047 0.44389041734344953 0.4429138510713186 0.4419372847991877 0.44096071852705676 0.4399841522549258 0.4390075859827949 0.4379659097649764 0.4368546295430041 0.4357433493210298 0.4346320690990575 0.4335207888770851 0.4324095086551128 0.4312982284331405 0.4301869482111681 0.4290756679891958 0.42796438776722345 0.4268531075452511 0.42574182732327875 0.42463054710130643 0.42351926687933406 0.42240798665736173 0.42129670643538747 0.42018542621341515 0.41907414599144277 0.41796286576947045 0.4168515855474981 0.41574030532552575 0.41462902510355343 0.4135177448815811 0.41240646465960873 0.4112951844376364 0.4101839042156641 0.4090726239936917
0.45271338331317607 0.4517199019175301 0.4507264205218841 0.44973293912623813 0.4487394577305921 0.44774597633494445 0.4467524949392985 0.44575901354365244 0.44476553214800646 0.4437720507523605 0.4427785693567145 0.4417850879610685 0.4407916065654225 0.4397981251697765 0.43880464377413053 0.43781116237848455 0.4367620262646748 0.43565339399872816 0.4345447617327796 0.43343612946683296 0.43232749720088637 0.4312188649349397 0.43011023266899306 0.42900160040304647 0.4278929681370998 0.42678433587115316 0.42567570360520657 0.4245670713392599 0.42345843907331326 0.42234980680736667 0.42124117454142 0.4201325422754715 0.4190239100095249 0.41791527774357823 0.4168066454776316 0.4156980132116849 0.41458938094573833 0.4134807486797917 0.412372116413845 0.41126348414789843 0.4101548518819518 0.4090462196160051 0.40793758735005853
0.4517706865615917 0.4507602900424306 0.4497498935232696 0.44873949700410853 0.44772910048494746 0.44671870396578467 0.44570830744662365 0.4446979109274626 0.4436875144083015 0.44267711788914044 0.4416667213699794 0.44065632485081835 0.4396459283316573 0.43863553181249626 0.4376251352933352 0.4366147387741741 0.4355581427643731 0.4344521584544522 0.43334617414452936 0.43224018983460843 0.4311342055246875 0.4300282212147666 0.4289222369048457 0.4278162525949248 0.42671026828500386 0.42560428397508293 0.424498299665162 0.4233923153552411 0.42228633104532015 0.4211803467353992 0.4200743624254783 0.4189683781155555 0.41786239380563456 0.41675640949571363 0.4156504251857927 0.4145444408758718 0.4134384565659509 0.41233247225603 0.41122648794610905 0.4101205036361881 0.4090145193262672 0.4079085350163463 0.40680255070642535
0.4508279898100074 0.4498006781673312 0.4487733665246551 0.447746054881979 0.4467187432393029 0.445691431596625 0.4446641199539489 0.4436368083112727 0.4426094966685966 0.4415821850259205 0.4405548733832444 0.43952756174056823 0.4385002500978921 0.437472938455216 0.4364456268125399 0.43541831516986373 0.4343542592640715 0.43325092291017625 0.43214758655627916 0.43104425020238396 0.42994091384848876 0.4288375774945935 0.4277342411406983 0.4266309047868031 0.4255275684329079 0.42442423207901264 0.42332089572511744 0.42221755937122224 0.42111422301732704 0.4200108866634318 0.4189075503095366 0.4178042139556395 0.4167008776017443 0.4155975412478491 0.41449420489395383 0.41339086854005863 0.41228753218616343 0.41118419583226823 0.41008085947837297 0.40897752312447777 0.40787418677058257 0.40677085041668737 0.4056675140627921
0.44951901811514017 0.4484900251849525 0.44746103225476486 0.4464320393245772 0.44540304639438955 0.4443740534642001 0.44334506053401246 0.4423160676038248 0.44128707467363715 0.4402580817434495 0.43922908881326184 0.4382000958830742 0.4371711029528865 0.43614211002269887 0.43511311709251116 0.4340841241623235 0.43302334657272584 0.4319285904635296 0.43083383435433154 0.4297390782451353 0.42864432213593906 0.4275495660267428 0.4264548099175466 0.4253600538083504 0.42426529769915416 0.4231705415899579 0.4220757854807617 0.4209810293715655 0.41988627326236927 0.41879151715317303 0.4176967610439768 0.4166020049347787 0.4155072488255825 0.41441249271638625 0.41331773660719 0.41222298049799383 0.4111282243887976 0.41003346827960135 0.4089387121704051 0.4078439560612089 0.4067491999520127 0.40565444384281646 0.4045596877336202
0.44781852159701474 0.44680413138961506 0.4457897411822153 0.44477535097481563 0.44376096076741595 0.4427465705600145 0.4417321803526148 0.4407177901452151 0.43970339993781543 0.4386890097304157 0.437674619523016 0.4366602293156163 0.43564583910821664 0.4346314489008169 0.4336170586934172 0.4326026684860175 0.43155664768447083 0.43047681306257546 0.4293969784406782 0.42831714381878283 0.4272373091968874 0.426157474574992 0.4250776399530966 0.4239978053312012 0.4229179707093058 0.4218381360874104 0.420758301465515 0.4196784668436196 0.4185986322217242 0.4175187975998288 0.4164389629779334 0.41535912835603617 0.41427929373414074 0.41319945911224537 0.41211962449034995 0.4110397898684546 0.40995995524655915 0.4088801206246638 0.40780028600276835 0.406720451380873 0.40564061675897756 0.40456078213708213 0.40348094751518676
0.4461180250788893 0.4451182375942776 0.44411845010966583 0.4431186626250541 0.44211887514044235 0.4411190876558289 0.4401193001712172 0.43911951268660543 0.4381197252019937 0.43711993771738195 0.43612015023277023 0.43512036274815846 0.43412057526354675 0.433120787778935 0.43212100029432327 0.4311212128097115 0.43008994879621587 0.4290250356616213 0.4279601225270249 0.4268952093924303 0.42583029625783575 0.4247653831232412 0.4237004699886466 0.422635556854052 0.42157064371945746 0.42050573058486285 0.4194408174502683 0.41837590431567373 0.41731099118107917 0.41624607804648456 0.41518116491189 0.4141162517772936 0.41305133864269905 0.41198642550810444 0.4109215123735099 0.4098565992389153 0.4087916861043207 0.40772677296972615 0.4066618598351316 0.40559694670053703 0.4045320335659424 0.40346712043134786 0.4024022072967533
0.44441752856076394 0.44343234379894014 0.44244715903711634 0.4414619742752926 0.4404767895134688 0.43949160475164334 0.43850641998981954 0.4375212352279958 0.436536050466172 0.4355508657043482 0.4345656809425244 0.43358049618070066 0.43259531141887686 0.43161012665705306 0.4306249418952293 0.4296397571334055 0.42862324990796086 0.4275732582606671 0.4265232666133716 0.42547327496607784 0.4244232833187841 0.42337329167149035 0.4223233000241966 0.42127330837690286 0.4202233167296091 0.41917332508231536 0.4181233334350216 0.41707334178772787 0.4160233501404341 0.4149733584931403 0.4139233668458466 0.41287337519855105 0.4118233835512573 0.41077339190396356 0.4097234002566698 0.40867340860937607 0.4076234169620823 0.4065734253147886 0.4055234336674948 0.4044734420202011 0.40342345037290733 0.4023734587256136 0.40132346707831984
0.44271703204263846 0.44174645000360263 0.4407758679645668 0.439805285925531 0.43883470388649515 0.4378641218474577 0.4368935398084219 0.43592295776938605 0.4349523757303502 0.4339817936913144 0.43301121165227857 0.43204062961324274 0.4310700475742069 0.4300994655351711 0.42912888349613526 0.42815830145709943 0.42715655101970584 0.4261214808597129 0.42508641069971825 0.4240513405397253 0.4230162703797324 0.42198120021973945 0.4209461300597465 0.41991105989975364 0.4188759897397607 0.41784091957976777 0.41680584941977483 0.41577077925978195 0.414735709099789 0.4137006389397961 0.41266556877980315 0.4116304986198085 0.41059542845981556 0.4095603582998226 0.4085252881398297 0.4074902179798368 0.4064551478198439 0.40542007765985094 0.404385007499858 0.40334993733986513 0.4023148671798722 0.40127979701987926 0.4002447268598863
0.4410165355245131 0.4400605562082652 0.4391045768920173 0.43814859757576946 0.4371926182595216 0.43623663894327214 0.4352806596270242 0.43432468031077637 0.4333687009945285 0.43241272167828065 0.4314567423620328 0.43050076304578494 0.429544783729537 0.42858880441328917 0.4276328250970413 0.42667684578079346 0.42568985213145083 0.42466970345875876 0.4236495547860649 0.4226294061133728 0.42160925744068073 0.4205891087679886 0.41956896009529654 0.4185488114226044 0.41752866274991235 0.4165085140772202 0.41548836540452816 0.41446821673183604 0.41344806805914397 0.41242791938645185 0.4114077707137598 0.41038762204106594 0.4093674733683738 0.40834732469568175 0.4073271760229896 0.40630702735029756 0.40528687867760543 0.40426673000491337 0.40324658133222124 0.4022264326595292 0.40120628398683705 0.400186135314145 0.39916598664145286
0.43931603900638616 0.4383746624129263 0.4374332858194664 0.4364919092260065 0.4355505326325466 0.4346091560390851 0.43366777944562523 0.43272640285216535 0.4317850262587054 0.4308436496652455 0.42990227307178563 0.42896089647832575 0.42801951988486586 0.427078143291406 0.4261367666979461 0.42519539010448615 0.4242231532431946 0.42321792605780334 0.42221269887241036 0.4212074716870191 0.42020224450162785 0.4191970173162366 0.41819179013084534 0.4171865629454541 0.41618133576006283 0.4151761085746716 0.4141708813892803 0.41316565420388907 0.4121604270184978 0.41115519983310655 0.4101499726477153 0.4091447454623223 0.40813951827693107 0.4071342910915398 0.40612906390614856 0.4051238367207573 0.40411860953536605 0.4031133823499748 0.40210815516458354 0.4011029279791923 0.400097700793801 0.39909247360840977 0.3980872464230185
0.43761554248826073 0.4366887686175888 0.4357619947469169 0.43483522087624493 0.433908447005573 0.4329816731348995 0.4320548992642276 0.43112812539355566 0.4302013515228837 0.4292745776522118 0.42834780378153986 0.4274210299108679 0.426494256040196 0.42556748216952406 0.4246407082988521 0.4237139344281802 0.42275645435493964 0.4217661486568492 0.4207758429587571 0.41978553726066664 0.4187952315625762 0.41780492586448575 0.41681462016639537 0.4158243144683049 0.4148340087702145 0.41384370307212404 0.4128533973740336 0.4118630916759432 0.41087278597785276 0.4098824802797623 0.4088921745816719 0.40790186888357977 0.4069115631854893 0.40592125748739893 0.4049309517893085 0.40394064609121805 0.4029503403931276 0.4019600346950372 0.4009697289969468 0.39997942329885633 0.3989891176007659 0.3979988119026755 0.39700850620458505
0.43591504597013536 0.43500287482225136 0.4340907036743674 0.4331785325264834 0.4322663613785995 0.4313541902307139 0.4304420190828299 0.429529847934946 0.428617676787062 0.42770550563917803 0.42679333449129403 0.4258811633434101 0.4249689921955261 0.42405682104764214 0.42314464989975814 0.4222324787518742 0.4212897554666846 0.420314371255895 0.41933898704510375 0.4183636028343141 0.41738821862352454 0.4164128344127349 0.41543745020194534 0.4144620659911557 0.4134866817803661 0.4125112975695765 0.4115359133587869 0.4105605291479973 0.4095851449372077 0.4086097607264181 0.4076343765156285 0.4066589923048372 0.40568360809404763 0.404708223883258 0.4037328396724684 0.4027574554616788 0.4017820712508892 0.4008066870400996 0.39983130282931 0.3988559186185204 0.3978805344077308 0.39690515019694117 0.3959297659861516
0.43421454945200993 0.4333169810269139 0.43241941260181793 0.4315218441767219 0.4306242757516259 0.42972670732652835 0.4288291389014323 0.4279315704763363 0.42703400205124026 0.4261364336261443 0.42523886520104826 0.4243412967759522 0.4234437283508562 0.4225461599257602 0.4216485915006642 0.42075102307556816 0.41982305657842967 0.41886259385494085 0.4179021311314504 0.41694166840796165 0.4159812056844729 0.4150207429609841 0.4140602802374953 0.41309981751400654 0.4121393547905178 0.411178892067029 0.4102184293435402 0.4092579666200514 0.40829750389656266 0.40733704117307384 0.4063765784495851 0.40541611572609465 0.4044556530026059 0.4034951902791171 0.40253472755562836 0.40157426483213954 0.4006138021086508 0.399653339385162 0.3986928766616732 0.3977324139381844 0.39677195121469566 0.3958114884912069 0.3948510257677181
0.4325140529338845 0.43163108723157645 0.4307481215292684 0.42986515582696033 0.4289821901246523 0.4280992244223427 0.42721625872003466 0.4263332930177266 0.42545032731541854 0.4245673616131105 0.4236843959108024 0.42280143020849437 0.4219184645061863 0.42103549880387825 0.4201525331015702 0.4192695673992622 0.41835635769017465 0.4174108164539867 0.41646527521779714 0.4155197339816092 0.41457419274542123 0.4136286515092333 0.41268311027304533 0.4117375690368574 0.4107920278006694 0.40984648656448147 0.4089009453282935 0.40795540409210557 0.4070098628559176 0.40606432161972966 0.4051187803835417 0.40417323914735215 0.4032276979111642 0.40228215667497624 0.40133661543878824 0.4003910742026003 0.39944553296641233 0.3984999917302244 0.3975544504940364 0.3966089092578485 0.3956633680216605 0.39471782678547257 0.3937722855492846
0.43081355641575914 0.429945193436239 0.4290768304567189 0.4282084674771988 0.42734010449767873 0.42647174151815714 0.42560337853863706 0.42473501555911697 0.4238666525795968 0.42299828960007674 0.42212992662055665 0.42126156364103656 0.4203932006615165 0.41952483768199633 0.41865647470247624 0.41778811172295616 0.4168896588019197 0.41595903905303255 0.4150284193041438 0.4140977995552567 0.4131671798063696 0.41223656005748244 0.4113059403085953 0.41037532055970816 0.40944470081082107 0.40851408106193393 0.4075834613130468 0.40665284156415965 0.40572222181527257 0.4047916020663854 0.4038609823174983 0.4029303625686096 0.40199974281972245 0.4010691230708353 0.40013850332194817 0.39920788357306103 0.39827726382417394 0.3973466440752868 0.39641602432639966 0.3954854045775125 0.39455478482862544 0.3936241650797383 0.39269354533085116
0.4291130598976337 0.42825929964090154 0.4274055393841694 0.42655177912743725 0.42569801887070513 0.4248442586139715 0.4239904983572394 0.4231367381005073 0.4222829778437751 0.421429217587043 0.4205754573303109 0.4197216970735787 0.4188679368168466 0.4180141765601144 0.4171604163033823 0.4163066560466502 0.4154229599136647 0.4145072616520784 0.4135915633904905 0.4126758651289042 0.4117601668673179 0.4108444686057316 0.4099287703441453 0.409013072082559 0.4080973738209727 0.4071816755593864 0.4062659772978001 0.4053502790362138 0.40443458077462746 0.4035188825130412 0.40260318425145486 0.40168748598986703 0.4007717877282807 0.39985608946669443 0.3989403912051081 0.39802469294352183 0.3971089946819355 0.39619329642034923 0.3952775981587629 0.3943618998971766 0.3934462016355903 0.39253050337400397 0.3916148051124177
0.4274125633795068 0.42657340584556264 0.4257342483116185 0.4248950907776743 0.42405593324373014 0.42321677570978455 0.42237761817584035 0.4215384606418962 0.42069930310795206 0.41986014557400786 0.4190209880400637 0.41818183050611957 0.41734267297217537 0.4165035154382312 0.415664357904287 0.4148252003703429 0.41395626102540845 0.413055484251123 0.41215470747683597 0.4112539307025505 0.41035315392826505 0.4094523771539796 0.4085516003796941 0.40765082360540866 0.4067500468311232 0.40584927005683774 0.4049484932825523 0.4040477165082668 0.40314693973398136 0.4022461629596959 0.40134538618541044 0.4004446094111234 0.39954383263683796 0.3986430558625525 0.39774227908826704 0.3968415023139816 0.3959407255396961 0.39503994876541065 0.3941391719911252 0.39323839521683973 0.39233761844255427 0.3914368416682688 0.39053606489398335
0.4257120668613814 0.4248875120502252 0.424062957239069 0.4232384024279128 0.42241384761675654 0.421589292805599 0.42076473799444275 0.4199401831832865 0.41911562837213034 0.4182910735609741 0.4174665187498179 0.4166419639386617 0.4158174091275055 0.4149928543163493 0.41416829950519307 0.4133437446940369 0.41248956213715343 0.4116037068501688 0.41071785156318263 0.40983199627619804 0.4089461409892134 0.40806028570222874 0.4071744304152441 0.4062885751282595 0.40540271984127485 0.4045168645542902 0.40363100926730555 0.4027451539803209 0.4018592986933363 0.40097344340635166 0.400087588119367 0.39920173283238086 0.3983158775453962 0.3974300222584116 0.39654416697142697 0.3956583116844423 0.39477245639745767 0.393886601110473 0.39300074582348843 0.3921148905365038 0.39122903524951913 0.3903431799625345 0.3894573246755499
