Figures/CREST_Example_wjb_NSE/PETs/wjb.pet.20100603.asc
ncols            288
nrows            254
xllcorner        113.274861
yllcorner        31.4918055
cellsize         0.008333333333
NODATA_value     -9999
[rows 60 to 79 of 254, columns 44 to 87 of 288]
2.7171961509296323 2.714756048657818 2.7123159463860045 2.7098758441141904 2.7074357418423767 2.7049956395705625 2.702555537298749 2.7001154350269347 2.6976753327551166 2.695235230483303 2.692795128211489 2.6903550259396747 2.687914923667861 2.685474821396047 2.683034719124233 2.680594616852419 2.6781545145806054 2.6757144123087913 2.6732743100369776 2.6708342077651634 2.6683941054933493 2.6659540032215316 2.6635139009497175 2.6610737986779034 2.6586336964060897 2.6561935941342756 2.653753491862462 2.6513133895906478 2.64825016956741 2.644520822581663 2.6407914755959165 2.63706212861017 2.633332781624423 2.6296034346386765 2.6258740876529236 2.622144740667177 2.6184153936814303 2.6146860466956836 2.610956699709937 2.6072273527241903 2.6034980057384436 2.599768658752697 2.5960393117669502 2.592309964781204
2.720793675065324 2.718216918008578 2.7156401609518324 2.7130634038950867 2.7104866468383406 2.707909889781595 2.705333132724849 2.7027563756681032 2.7001796186113527 2.697602861554607 2.6950261044978614 2.6924493474411153 2.6898725903843697 2.6872958333276236 2.684719076270878 2.682142319214132 2.679565562157386 2.67698880510064 2.6744120480438944 2.671835290987149 2.6692585339304027 2.6666817768736526 2.6641050198169065 2.661528262760161 2.6589515057034148 2.656374748646669 2.6537979915899235 2.6512212345331774 2.6480060842241655 2.644108477096927 2.640210869969688 2.636313262842449 2.63241565571521 2.6285180485879716 2.624620441460726 2.620722834333487 2.6168252272062484 2.6129276200790095 2.6090300129517705 2.6051324058245315 2.601234798697293 2.597337191570054 2.593439584442815 2.589541977315576
2.7243911992010155 2.7216777873593374 2.71896437551766 2.716250963675982 2.7135375518343046 2.7108241399926265 2.708110728150949 2.7053973163092713 2.7026839044675888 2.699970492625911 2.697257080784233 2.6945436689425555 2.691830257100878 2.6891168452592003 2.686403433417522 2.6836900215758446 2.680976609734167 2.678263197892489 2.6755497860508113 2.6728363742091337 2.6701229623674556 2.6674095505257736 2.6646961386840955 2.661982726842418 2.6592693150007403 2.6565559031590626 2.6538424913173846 2.651129079475707 2.6477619988809216 2.6436961316121907 2.6396302643434595 2.6355643970747282 2.6314985298059974 2.627432662537266 2.6233667952685282 2.619300927999797 2.615235060731066 2.611169193462335 2.607103326193604 2.603037458924873 2.5989715916561416 2.5949057243874107 2.5908398571186795 2.5867739898499487
2.7279887233367073 2.7251386567100973 2.7222885900834877 2.719438523456878 2.7165884568302685 2.7137383902036585 2.710888323577049 2.7080382569504393 2.705188190323825 2.7023381236972153 2.6994880570706052 2.6966379904439957 2.693787923817386 2.6909378571907765 2.688087790564167 2.685237723937557 2.6823876573109473 2.6795375906843377 2.676687524057728 2.6738374574311186 2.6709873908045085 2.668137324177894 2.6652872575512845 2.662437190924675 2.6595871242980653 2.6567370576714553 2.6538869910448457 2.651036924418236 2.647517913537677 2.643283786127454 2.6390496587172305 2.6348155313070074 2.630581403896784 2.6263472764865607 2.62211314907633 2.617879021666107 2.613644894255884 2.6094107668456603 2.605176639435437 2.6009425120252136 2.5967083846149905 2.5924742572047674 2.588240129794544 2.5840060023843208
2.731586247472398 2.7285995260608567 2.725612804649315 2.7226260832377736 2.719639361826232 2.7166526404146905 2.713665919003149 2.7106791975916074 2.7076924761800605 2.704705754768519 2.7017190333569774 2.698732311945436 2.6957455905338943 2.6927588691223527 2.689772147710811 2.6867854262992696 2.683798704887728 2.6808119834761865 2.677825262064645 2.6748385406531034 2.671851819241562 2.668865097830015 2.6658783764184735 2.662891655006932 2.6599049335953904 2.656918212183849 2.6539314907723073 2.6509447693607657 2.6472738281944332 2.642871440642718 2.638469053091002 2.6340666655392866 2.629664277987571 2.625261890435856 2.6208595028841324 2.616457115332417 2.6120547277807016 2.607652340228986 2.6032499526772703 2.598847565125555 2.5944451775738395 2.5900427900221237 2.5856404024704083 2.581238014918693
2.73518377160809 2.7320603954116165 2.728937019215143 2.7258136430186695 2.7226902668221964 2.719566890625723 2.7164435144292494 2.713320138232776 2.710196762036297 2.7070733858398235 2.70395000964335 2.7008266334468765 2.697703257250403 2.6945798810539294 2.691456504857456 2.6883331286609824 2.685209752464509 2.6820863762680354 2.678963000071562 2.6758396238750883 2.672716247678615 2.669592871482136 2.6664694952856625 2.6633461190891894 2.660222742892716 2.6570993666962424 2.653975990499769 2.6508526143032953 2.6470297428511893 2.6424590951579816 2.6378884474647735 2.6333177997715658 2.628747152078358 2.6241765043851504 2.619605856691935 2.615035208998727 2.6104645613055193 2.6058939136123116 2.601323265919104 2.596752618225896 2.5921819705326885 2.587611322839481 2.583040675146273 2.5784700274530654
2.738781295743785 2.7355212647623794 2.7322612337809735 2.729001202799568 2.7257411718181626 2.722481140836757 2.7192211098553516 2.715961078873946 2.7127010478925353 2.7094410169111294 2.706180985929724 2.7029209549483184 2.699660923966913 2.6964008929855074 2.693140862004102 2.6898808310226965 2.686620800041291 2.6833607690598855 2.68010073807848 2.6768407070970746 2.673580676115669 2.670320645134258 2.6670606141528523 2.663800583171447 2.6605405521900414 2.657280521208636 2.6540204902272304 2.650760459245825 2.646785657507945 2.642046749673245 2.637307841838545 2.6325689340038445 2.6278300261691445 2.6230911183344445 2.618352210499736 2.613613302665036 2.608874394830336 2.6041354869956357 2.5993965791609357 2.5946576713262357 2.5899187634915357 2.5851798556568353 2.5804409478221353 2.5757020399874353
2.742378819879476 2.7389821341131384 2.7355854483468014 2.732188762580464 2.7287920768141265 2.725395391047789 2.7219987052814516 2.718602019515114 2.715205333748771 2.7118086479824335 2.708411962216096 2.7050152764497586 2.701618590683421 2.6982219049170837 2.6948252191507462 2.691428533384409 2.6880318476180713 2.684635161851734 2.6812384760853964 2.677841790319059 2.6744451045527216 2.6710484187863783 2.6676517330200413 2.664255047253704 2.6608583614873664 2.657461675721029 2.6540649899546915 2.650668304188354 2.6465415721647005 2.6416344041885083 2.636727236212316 2.6318200682361237 2.6269129002599314 2.622005732283739 2.6170985643075384 2.612191396331346 2.607284228355154 2.602377060378961 2.597469892402769 2.5925627244265765 2.5876555564503843 2.582748388474192 2.5778412204979997 2.5729340525218074
2.7459763440151677 2.7424430034638982 2.7389096629126293 2.73537632236136 2.7318429818100904 2.728309641258821 2.7247763007075516 2.721242960156282 2.717709619605007 2.7141762790537376 2.710642938502468 2.707109597951199 2.70357625739993 2.7000429168486604 2.696509576297391 2.6929762357461215 2.689442895194852 2.685909554643583 2.6823762140923137 2.6788428735410443 2.675309532989775 2.6717761924384997 2.6682428518872303 2.664709511335961 2.6611761707846915 2.657642830233422 2.6541094896821527 2.6505761491308837 2.6462974868214566 2.641222058703772 2.6361466305860874 2.631071202468403 2.6259957743507183 2.6209203462330337 2.6158449181153407 2.610769489997656 2.6056940618799715 2.600618633762287 2.5955432056446024 2.590467777526918 2.5853923494092332 2.5803169212915487 2.575241493173864 2.5701660650561795
2.749573868150859 2.745903872814658 2.7422338774784567 2.7385638821422553 2.734893886806054 2.731223891469853 2.7275538961336516 2.7238839007974502 2.720213905461243 2.7165439101250417 2.7128739147888403 2.7092039194526394 2.705533924116438 2.7018639287802366 2.6981939334440357 2.6945239381078343 2.690853942771633 2.6871839474354315 2.6835139520992306 2.6798439567630292 2.676173961426828 2.6725039660906207 2.6688339707544193 2.665163975418218 2.661493980082017 2.6578239847458156 2.6541539894096142 2.6504839940734133 2.6460534014782127 2.640809713219036 2.635566024959859 2.630322336700682 2.6250786484415056 2.6198349601823288 2.614591271923143 2.609347583663966 2.6041038954047893 2.598860207145613 2.593616518886436 2.588372830627259 2.583129142368082 2.5778854541089053 2.572641765849729 2.567398077590552
2.753171392286551 2.7493647421654175 2.7455580920442846 2.7417514419231512 2.7379447918020183 2.734138141680885 2.730331491559752 2.7265248414386187 2.722718191317479 2.718911541196346 2.715104891075213 2.7112982409540796 2.7074915908329467 2.7036849407118133 2.6998782905906804 2.696071640469547 2.6922649903484137 2.688458340227281 2.6846516901061475 2.6808450399850146 2.677038389863881 2.6732317397427416 2.6694250896216083 2.6656184395004754 2.661811789379342 2.658005139258209 2.654198489137076 2.650391839015943 2.6458093161349683 2.6403973677342996 2.6349854193336304 2.6295734709329617 2.6241615225322925 2.6187495741316233 2.6133376257309453 2.607925677330276 2.6025137289296074 2.5971017805289383 2.591689832128269 2.5862778837276004 2.580865935326931 2.575453986926262 2.5700420385255933 2.564630090124924
2.756768916422242 2.7528256115161773 2.748882306610112 2.744939001704047 2.740995696797982 2.737052391891917 2.7331090869858516 2.7291657820797868 2.7252224771737152 2.72127917226765 2.717335867361585 2.7133925624555197 2.709449257549455 2.7055059526433896 2.7015626477373247 2.69761934283126 2.6936760379251945 2.6897327330191296 2.6857894281130643 2.6818461232069994 2.677902818300934 2.6739595133948626 2.6700162084887973 2.6660729035827324 2.6621295986766675 2.6581862937706022 2.6542429888645374 2.650299683958472 2.6455652307917243 2.6399850222495633 2.634404813707402 2.628824605165241 2.6232443966230794 2.6176641880809184 2.6120839795387476 2.6065037709965866 2.600923562454425 2.595343353912264 2.5897631453701027 2.5841829368279416 2.57860272828578 2.573022519743619 2.5674423112014577 2.5618621026592967
2.7603664405579367 2.75628648086694 2.7522065211759426 2.7481265614849453 2.7440466017939484 2.739966642102951 2.7358866824119543 2.731806722720957 2.727726763029953 2.723646803338956 2.719566843647959 2.7154868839569617 2.711406924265965 2.7073269645749676 2.7032470048839707 2.6991670451929735 2.695087085501976 2.6910071258109793 2.686927166119982 2.682847206428985 2.678767246737988 2.674687287046984 2.6706073273559867 2.66652736766499 2.6624474079739926 2.6583674482829958 2.6542874885919985 2.650207528901001 2.64532114544848 2.639572676764826 2.633824208081173 2.628075739397519 2.6223272707138654 2.616578802030212 2.6108303333465486 2.605081864662895 2.5993333959792415 2.5935849272955878 2.5878364586119345 2.5820879899282807 2.576339521244627 2.5705910525609736 2.56484258387732 2.559094115193666
2.7639639646936285 2.7597473502176997 2.7555307357417704 2.7513141212658416 2.7470975067899124 2.7428808923139836 2.7386642778380543 2.7344476633621255 2.730231048886189 2.7260144344102604 2.721797819934331 2.7175812054584023 2.713364590982473 2.7091479765065443 2.7049313620306155 2.700714747554686 2.6964981330787574 2.692281518602828 2.6880649041268994 2.68384828965097 2.6796316751750413 2.675415060699105 2.671198446223176 2.666981831747247 2.662765217271318 2.658548602795389 2.65433198831946 2.650115373843531 2.645077060105236 2.63916033128009 2.6332436024549444 2.6273268736297983 2.6214101448046527 2.6154934159795067 2.609576687154351 2.6036599583292053 2.5977432295040592 2.5918265006789136 2.5859097718537676 2.579993043028622 2.5740763142034764 2.5681595853783303 2.5622428565531847 2.5563261277280387
2.76756148882932 2.763208219568459 2.758854950307598 2.754501681046737 2.7501484117858763 2.745795142525015 2.7414418732641543 2.7370886040032936 2.7327353347424252 2.728382065481564 2.7240287962207033 2.7196755269598425 2.7153222576989817 2.7109689884381205 2.7066157191772597 2.702262449916399 2.6979091806555378 2.693555911394677 2.689202642133816 2.684849372872955 2.6804961036120942 2.676142834351226 2.671789565090365 2.6674362958295044 2.663083026568643 2.6587297573077824 2.6543764880469216 2.6500232187860604 2.6448329747619916 2.6387479857953537 2.632662996828716 2.6265780078620775 2.6204930188954396 2.6144080299288017 2.608323040962153 2.6022380519955153 2.5961530630288774 2.590068074062239 2.583983085095601 2.5778980961289633 2.571813107162325 2.565728118195687 2.559643129229049 2.553558140262411
2.7711590129650117 2.766669088919219 2.7621791648734257 2.757689240827633 2.7531993167818403 2.7487093927360475 2.7442194686902543 2.7397295446444616 2.7352396205986613 2.730749696552868 2.7262597725070754 2.7217698484612827 2.71727992441549 2.712790000369697 2.708300076323904 2.7038101522781113 2.6993202282323185 2.694830304186526 2.690340380140733 2.68585045609494 2.681360532049147 2.676870608003347 2.6723806839575537 2.667890759911761 2.663400835865968 2.6589109118201755 2.6544209877743823 2.6499310637285896 2.6445888894187473 2.638335640310617 2.632082391202487 2.6258291420943567 2.6195758929862265 2.6133226438780963 2.6070693947699555 2.600816145661825 2.5945628965536947 2.5883096474455645 2.5820563983374343 2.575803149229304 2.569549900121174 2.5632966510130437 2.5570434019049135 2.5507901527967833
2.774756537100703 2.7701299582699783 2.7655033794392536 2.7608768006085285 2.7562502217778038 2.751623642947079 2.7469970641163544 2.7423704852856297 2.737743906454897 2.7331173276241723 2.7284907487934476 2.723864169962723 2.719237591131998 2.7146110123012734 2.7099844334705487 2.705357854639824 2.7007312758090993 2.6961046969783746 2.69147811814765 2.686851539316925 2.6822249604862 2.677598381655468 2.672971802824743 2.668345223994018 2.6637186451632933 2.6590920663325686 2.654465487501844 2.649838908671119 2.6443448040755033 2.637923294825881 2.6315017855762584 2.625080276326636 2.6186587670770134 2.612237257827391 2.6058157485777578 2.5993942393281353 2.592972730078513 2.5865512208288903 2.580129711579268 2.5737082023296454 2.567286693080023 2.5608651838304004 2.554443674580778 2.5480221653311554
2.778354061236395 2.773590827620738 2.7688275940050815 2.764064360389425 2.759301126773768 2.7545378931581115 2.749774659542455 2.745011425926798 2.7402481923111335 2.735484958695477 2.73072172507982 2.7259584914641635 2.721195257848507 2.71643202423285 2.7116687906171935 2.706905557001537 2.70214232338588 2.6973790897702234 2.692615856154567 2.68785262253891 2.6830893889232534 2.6783261553075888 2.673562921691932 2.6687996880762754 2.6640364544606188 2.659273220844962 2.6545099872293054 2.6497467536136488 2.6441007187322594 2.6375109493411446 2.63092117995003 2.624331410558915 2.6177416411678007 2.611151871776686 2.60456210238556 2.5979723329944453 2.5913825636033305 2.5847927942122157 2.578203024821101 2.5716132554299866 2.565023486038872 2.558433716647757 2.5518439472566423 2.545254177865528
2.7819515853720858 2.7770516969714976 2.772151808570909 2.7672519201703203 2.7623520317697317 2.757452143369143 2.752552254968555 2.747652366567966 2.742752478167369 2.7378525897667805 2.7329527013661923 2.7280528129656036 2.723152924565015 2.7182530361644264 2.7133531477638377 2.7084532593632495 2.703553370962661 2.6986534825620723 2.6937535941614836 2.688853705760895 2.6839538173603064 2.6790539289597097 2.674154040559121 2.6692541521585325 2.664354263757944 2.6594543753573556 2.654554486956767 2.6496545985561784 2.6438566333890154 2.6370986038564084 2.6303405743238013 2.6235825447911947 2.6168245152585876 2.6100664857259805 2.6033084561933624 2.5965504266607553 2.5897923971281482 2.5830343675955416 2.5762763380629345 2.5695183085303275 2.562760278997721 2.556002249465114 2.5492442199325067 2.5424861903999
2.7855491095077807 2.78051256632226 2.7754760231367395 2.770439479951219 2.7654029367656983 2.7603663935801777 2.755329850394657 2.7502933072091365 2.7452567640236074 2.740220220838087 2.735183677652566 2.7301471344670456 2.725110591281525 2.7200740480960044 2.715037504910484 2.710000961724963 2.7049644185394426 2.699927875353922 2.6948913321684014 2.6898547889828808 2.68481824579736 2.679781702611831 2.6747451594263105 2.66970861624079 2.6646720730552693 2.6596355298697487 2.654598986684228 2.6495624434987075 2.6436125480457706 2.6366862583716713 2.6297599686975723 2.622833679023473 2.6159073893493736 2.6089810996752743 2.6020548100011633 2.595128520327064 2.5882022306529646 2.5812759409788657 2.5743496513047663 2.567423361630667 2.5604970719565676 2.5535707822824683 2.5466444926083693 2.53971820293427
