Figures/CREST_Example_wjb_NSE/PETs/wjb.pet.20100606.asc
ncols            288
nrows            254
xllcorner        113.274861
yllcorner        31.4918055
cellsize         0.008333333333
NODATA_value     -9999
[rows 140 to 159 of 254, columns 0 to 43 of 288]
-9999.0 3.2533135904406687 3.250719605476355 3.2481256205120412 3.2455316355477275 3.2429376505834138 3.2403436656191 3.2377496806547863 3.2351556956904726 3.232561710726159 3.229967725761845 3.2273737407975314 3.224283682414855 3.2206633103387743 3.2170429382626997 3.213422566186625 3.2098021941105506 3.206181822034476 3.202561449958401 3.1989410778823264 3.195320705806252 3.1917003337301773 3.1880799616541027 3.1844595895780277 3.180839217501953 3.1772188454258785 3.1735984733497977 3.169978101273723 3.1663577291976486 3.162737357121574 3.159116985045499 3.1554966129694244 3.15187624089335 3.1482558688172753 3.1446354967412007 3.141015124665126 3.137394752589051 3.1337743805129765 3.130154008436902 3.126533636360821 3.1229132642847466 3.119292892208672 3.1154305239462436 3.1113094562912673
-9999.0 -9999.0 3.247858121719533 3.245359371732169 3.2428606217448053 3.240361871757441 3.237863121770077 3.235364371782713 3.2328656217953493 3.230366871807985 3.227868121820621 3.2253693718332572 3.2222859192912576 3.2185774065065327 3.2148688937218135 3.2111603809370948 3.207451868152376 3.203743355367657 3.200034842582938 3.196326329798219 3.1926178170135002 3.1889093042287815 3.1852007914440623 3.1814922786593436 3.177783765874625 3.1740752530899057 3.1703667403051807 3.1666582275204616 3.162949714735743 3.159241201951024 3.155532689166305 3.151824176381586 3.148115663596867 3.1444071508121483 3.1406986380274295 3.1369901252427104 3.1332816124579916 3.129573099673273 3.1258645868885537 3.122156074103829 3.1184475613191096 3.114739048534391 3.1108029758548086 3.1066236365045548
-9999.0 -9999.0 3.244996637962711 3.2425931229522966 3.2401896079418826 3.237786092931468 3.235382577921054 3.23297906291064 3.2305755479002256 3.2281720328898116 3.225768517879397 3.223365002868983 3.22028815616766 3.2164915026742906 3.2126948491809277 3.2088981956875644 3.205101542194201 3.201304888700838 3.197508235207475 3.193711581714112 3.1899149282207486 3.1861182747273857 3.1823216212340224 3.178524967740659 3.174728314247296 3.170931660753933 3.1671350072605633 3.1633383537672004 3.159541700273837 3.1557450467804737 3.151948393287111 3.1481517397937475 3.1443550863003846 3.1405584328070213 3.1367617793136584 3.132965125820295 3.129168472326932 3.125371818833569 3.1215751653402055 3.117778511846836 3.113981858353473 3.1101852048601097 3.1061754277633735 3.101937816717842
-9999.0 -9999.0 3.242135154205889 3.239826874172425 3.2375185941389604 3.2352103141054958 3.2329020340720316 3.230593754038567 3.228285474005103 3.225977193971638 3.2236689139381736 3.2213606339047094 3.218290393044063 3.2144055988420495 3.210520804640042 3.2066360104380345 3.202751216236027 3.1988664220340195 3.194981627832012 3.191096833630005 3.1872120394279975 3.18332724522599 3.1794424510239825 3.175557656821975 3.1716728626199675 3.1677880684179605 3.1639032742159463 3.160018480013939 3.1561336858119313 3.152248891609924 3.1483640974079163 3.1444793032059093 3.140594509003902 3.1367097148018943 3.132824920599887 3.1289401263978793 3.125055332195872 3.121170537993865 3.1172857437918573 3.113400949589843 3.1095161553878357 3.105631361185828 3.101547879671938 3.097251996931129
-9999.0 -9999.0 3.2392736704490646 3.2370606253925502 3.2348475803360355 3.2326345352795207 3.2304214902230064 3.2282084451664916 3.2259954001099773 3.2237823550534626 3.221569309996948 3.2193562649404335 3.216292629920464 3.2123196950098056 3.208346760099154 3.204373825188502 3.2004008902778502 3.1964279553671986 3.192455020456547 3.1884820855458953 3.184509150635243 3.1805362157245916 3.17656328081394 3.1725903459032883 3.1686174109926366 3.1646444760819845 3.160671541171326 3.1566986062606746 3.152725671350023 3.148752736439371 3.144779801528719 3.1408068666180675 3.136833931707416 3.1328609967967638 3.128888061886112 3.1249151269754605 3.120942192064809 3.116969257154157 3.112996322243505 3.1090233873328468 3.105050452422195 3.1010775175115435 3.096920331580499 3.092566177144412
-9999.0 -9999.0 3.2364121866922426 3.2342943766126777 3.232176566533113 3.2300587564535483 3.2279409463739834 3.2258231362944185 3.2237053262148536 3.2215875161352887 3.219469706055724 3.2173518959761593 3.2142948667968665 3.2102337911775636 3.2061727155582678 3.202111639938972 3.1980505643196757 3.19398948870038 3.1899284130810837 3.185867337461788 3.181806261842492 3.177745186223196 3.1736841106039 3.1696230349846037 3.165561959365308 3.1615008837460117 3.1574398081267088 3.153378732507413 3.149317656888117 3.145256581268821 3.141195505649525 3.137134430030229 3.133073354410933 3.1290122787916372 3.124951203172341 3.120890127553045 3.116829051933749 3.112767976314453 3.1087069006951573 3.1046458250758544 3.100584749456558 3.0965236738372623 3.092292783489064 3.0878803573576996
3.237595853140651 3.2355732780380357 3.2335507029354207 3.2315281278328056 3.2295055527301906 3.2274829776275755 3.2254604025249605 3.2234378274223454 3.2214152523197304 3.2193926772171153 3.2173701021145003 3.215347527011885 3.212297103673269 3.208147887345322 3.2039986710173816 3.1998494546894416 3.195700238361501 3.191551022033561 3.187401805705621 3.1832525893776804 3.1791033730497404 3.1749541567218 3.1708049403938596 3.1666557240659197 3.1625065077379793 3.1583572914100393 3.1542080750820918 3.1500588587541514 3.1459096424262114 3.141760426098271 3.137611209770331 3.1334619934423906 3.12931277711445 3.1251635607865103 3.12101434445857 3.11686512813063 3.1127159118026895 3.108566695474749 3.104417479146809 3.1002682628188616 3.0961190464909216 3.091969830162981 3.087665235397629 3.083194537570987
3.234543899429929 3.232616559304264 3.2306892191785983 3.228761879052933 3.226834538927268 3.2249071988016027 3.2229798586759375 3.221052518550272 3.2191251784246067 3.2171978382989415 3.2152704981732763 3.213343158047611 3.2102993405496716 3.20606198351308 3.2018246264764954 3.1975872694399112 3.1933499124033267 3.189112555366742 3.1848751983301575 3.180637841293573 3.1764004842569884 3.1721631272204043 3.1679257701838197 3.163688413147235 3.1594510561106506 3.155213699074066 3.1509763420374743 3.1467389850008898 3.142501627964305 3.138264270927721 3.1340269138911365 3.129789556854552 3.1255521998179674 3.121314842781383 3.1170774857447983 3.1128401287082137 3.1086027716716296 3.104365414635045 3.1001280575984604 3.0958907005618688 3.091653343525284 3.0874159864886996 3.0830376873061933 3.078508717784274
-9999.0 3.2295037730059954 3.227674941172459 3.225846109338922 3.2240172775053857 3.222188445671849 3.2203596138383124 3.2185307820047755 3.216701950171239 3.2148731183377026 3.2130442865041657 3.2112154546706293 3.208211551728749 3.203951471220386 3.1996913907120303 3.195431310203675 3.191171229695319 3.1869111491869635 3.1826510686786076 3.178390988170252 3.174130907661896 3.1698708271535407 3.165610746645185 3.1613506661368294 3.1570905856284734 3.152830505120118 3.148570424611755 3.1443103441033995 3.1400502635950436 3.135790183086688 3.131530102578332 3.1272700220699767 3.123009941561621 3.1187498610532653 3.1144897805449094 3.110229700036554 3.1059696195281985 3.1017095390198426 3.097449458511487 3.093189378003124 3.088929297494768 3.0846692169864127 3.0802913316815155 3.075787510386619
-9999.0 3.2262241603194624 3.2244973357456375 3.2227705111718126 3.2210436865979877 3.219316862024163 3.217590037450338 3.215863212876513 3.214136388302688 3.212409563728863 3.210682739155038 3.208955914581213 3.206027531112422 3.2018146540347354 3.1976017769570566 3.1933888998793774 3.1891760228016985 3.1849631457240193 3.1807502686463405 3.176537391568661 3.1723245144909824 3.168111637413303 3.1638987603356243 3.159685883257945 3.1554730061802663 3.151260129102587 3.1470472520249007 3.142834374947222 3.1386214978695426 3.1344086207918638 3.1301957437141845 3.1259828666365057 3.1217699895588265 3.1175571124811476 3.1133442354034684 3.1091313583257896 3.1049184812481103 3.1007056041704315 3.0964927270927523 3.092279850015066 3.088066972937387 3.083854095859708 3.0795558522172555 3.0751663497876978
-9999.0 -9999.0 3.2213197303188132 3.2196949130047003 3.218070095690587 3.216445278376474 3.2148204610623607 3.213195643748248 3.2115708264341345 3.2099460091200216 3.2083211918059087 3.2066963744917953 3.203843510496093 3.1996778368490837 3.195512163202081 3.191346489555079 3.1871808159080763 3.183015142261074 3.1788494686140716 3.1746837949670694 3.170518121320067 3.1663524476730647 3.162186774026062 3.15802110037906 3.1538554267320573 3.149689753085055 3.1455240794380455 3.1413584057910433 3.1371927321440407 3.1330270584970386 3.128861384850036 3.124695711203034 3.120530037556031 3.116364363909029 3.1121986902620264 3.1080330166150243 3.1038673429680217 3.0997016693210195 3.095535995674017 3.0913703220270077 3.087204648380005 3.083038974733003 3.0788203727529955 3.0745451891887763
-9999.0 -9999.0 -9999.0 -9999.0 -9999.0 -9999.0 3.212050884674386 3.2105280746199845 3.209005264565583 3.2074824545111817 3.2059596444567804 3.204436834402379 3.2016594898797655 3.197541019663433 3.193422549447107 3.1893040792307814 3.1851856090144555 3.18106713879813 3.176948668581804 3.1728301983654785 3.1687117281491526 3.164593257932827 3.160474787716501 3.156356317500175 3.1522378472838497 3.1481193770675238 3.144000906851191 3.1398824366348657 3.1357639664185397 3.131645496202214 3.1275270259858883 3.1234085557695623 3.119290085553237 3.115171615336911 3.1110531451205854 3.1069346749042595 3.102816204687934 3.098697734471608 3.0945792642552825 3.0904607940389495 3.086342323822624 3.082223853606298 3.0780848932887355 3.073924028589855
-9999.0 -9999.0 -9999.0 -9999.0 -9999.0 3.210702111081101 3.2092813082864113 3.2078605054917215 3.206439702697032 3.2050188999023423 3.2035980971076525 3.202177294312963 3.1994754692634384 3.1954042024777825 3.191332935692133 3.1872616689064843 3.183190402120835 3.1791191353351858 3.175047868549537 3.1709766017638876 3.166905334978239 3.1628340681925895 3.15876280140694 3.1546915346212914 3.150620267835642 3.1465490010499932 3.142477734264337 3.138406467478688 3.1343352006930387 3.13026393390739 3.1261926671217406 3.1221214003360918 3.1180501335504425 3.113978866764793 3.1099075999791443 3.105836333193495 3.101765066407846 3.097693799622197 3.0936225328365476 3.0895512660508917 3.085479999265243 3.0814087324795936 3.0773494138244755 3.0733028679909338
-9999.0 -9999.0 -9999.0 -9999.0 3.2091493229683925 3.2078305274334147 3.206511731898437 3.205192936363459 3.2038741408284808 3.202555345293503 3.201236549758525 3.1999177542235473 3.1972914486471113 3.193267385292132 3.1892433219371594 3.185219258582187 3.1811951952272146 3.177171131872242 3.17314706851727 3.169123005162297 3.1650989418073245 3.1610748784523524 3.1570508150973797 3.153026751742407 3.149002688387435 3.1449786250324623 3.140954561677483 3.1369304983225104 3.132906434967538 3.1288823716125655 3.124858308257593 3.1208342449026207 3.116810181547648 3.1127861181926755 3.1087620548377033 3.1047379914827307 3.100713928127758 3.096689864772786 3.092665801417813 3.088641738062834 3.0846176747078613 3.080593611352889 3.0766139343602155 3.0726817073920127
-9999.0 -9999.0 -9999.0 -9999.0 3.2061757320609945 3.204958943785728 3.2037421555104624 3.202525367235196 3.20130857895993 3.2000917906846635 3.1988750024093973 3.197658214134131 3.1951074280307843 3.1911305681064817 3.1871537081821857 3.1831768482578897 3.179199988333594 3.175223128409298 3.1712462684850022 3.1672694085607063 3.1632925486364107 3.1593156887121148 3.155338828787819 3.1513619688635233 3.1473851089392273 3.1434082490149313 3.1394313890906287 3.1354545291663327 3.131477669242037 3.127500809317741 3.1235239493934452 3.1195470894691497 3.1155702295448537 3.1115933696205578 3.107616509696262 3.1036396497719663 3.0996627898476703 3.0956859299233743 3.091709069999079 3.087732210074776 3.08375535015048 3.079778490226184 3.075878454895956 3.0720605467930917
-9999.0 -9999.0 -9999.0 -9999.0 -9999.0 -9999.0 3.2009725791224874 3.199857798106933 3.198743017091379 3.197628236075824 3.19651345506027 3.195398674044715 3.1929234074144572 3.1889937509208313 3.185064094427212 3.1811344379335926 3.1772047814399733 3.1732751249463544 3.169345468452735 3.165415811959116 3.1614861554654965 3.1575564989718776 3.1536268424782583 3.149697185984639 3.1457675294910197 3.1418378729974004 3.137908216503775 3.1339785600101555 3.130048903516536 3.126119247022917 3.1221895905292976 3.1182599340356787 3.1143302775420594 3.11040062104844 3.1064709645548207 3.1025413080612014 3.0986116515675826 3.0946819950739632 3.090752338580344 3.086822682086718 3.0828930255930986 3.0789633690994798 3.075142975431696 3.0714393861941702
-9999.0 -9999.0 -9999.0 -9999.0 -9999.0 -9999.0 -9999.0 -9999.0 3.1961774552228275 3.1951646814669847 3.194151907711142 3.1931391339552992 3.19073938679813 3.186856933735181 3.182974480672238 3.1790920276092955 3.175209574546353 3.1713271214834102 3.167444668420468 3.1635622153575254 3.1596797622945827 3.15579730923164 3.1519148561686974 3.1480324031057547 3.1441499500428125 3.14026749697987 3.1363850439169205 3.132502590853978 3.128620137791035 3.1247376847280925 3.12085523166515 3.1169727786022077 3.113090325539265 3.1092078724763224 3.1053254194133797 3.101442966350437 3.0975605132874944 3.093678060224552 3.0897956071616095 3.08591315409866 3.0820307010357175 3.078148247972775 3.074407495967436 3.070818225595249
-9999.0 -9999.0 -9999.0 -9999.0 -9999.0 -9999.0 -9999.0 -9999.0 -9999.0 3.192701126858143 -9999.0 -9999.0 -9999.0 3.1847201165495282 3.1808848669172622 3.1770496172849962 3.1732143676527307 3.1693791180204647 3.1655438683881987 3.1617086187559327 3.1578733691236667 3.154038119491401 3.150202869859135 3.146367620226869 3.142532370594603 3.138697120962337 3.134861871330065 3.131026621697799 3.127191372065533 3.123356122433267 3.119520872801001 3.1156856231687353 3.1118503735364693 3.1080151239042033 3.1041798742719373 3.1003446246396713 3.0965093750074058 3.0926741253751397 3.0888388757428737 3.085003626110601 3.0811683764783355 3.0773331268460695 3.073672016503175 3.0701970649963273
-9999.0 -9999.0 -9999.0 -9999.0 -9999.0 -9999.0 -9999.0 -9999.0 -9999.0 -9999.0 -9999.0 -9999.0 -9999.0 -9999.0 3.1787952531622885 3.175007206960699 3.17121916075911 3.167431114557521 3.1636430683559316 3.159855022154342 3.156066975952753 3.1522789297511635 3.148490883549574 3.144702837347985 3.1409147911463955 3.1371267449448066 3.1333386987432106 3.1295506525416212 3.125762606340032 3.1219745601384425 3.1181865139368536 3.1143984677352643 3.110610421533675 3.1068223753320856 3.1030343291304963 3.099246282928907 3.0954582367273176 3.0916701905257282 3.087882144324139 3.0840940981225433 3.080306051920954 3.0765180057193646 3.0729365370389154 3.0695759043974062
-9999.0 -9999.0 -9999.0 -9999.0 -9999.0 -9999.0 -9999.0 -9999.0 -9999.0 -9999.0 -9999.0 -9999.0 -9999.0 -9999.0 -9999.0 -9999.0 3.1692239538654894 3.1654831110945767 3.161742268323664 3.1580014255527513 3.1542605827818386 3.1505197400109264 3.1467788972400137 3.143038054469101 3.1392972116981883 3.1355563689272756 3.1318155261563563 3.1280746833854436 3.1243338406145313 3.1205929978436187 3.116852155072706 3.1131113123017933 3.1093704695308806 3.105629626759968 3.101888783989055 3.0981479412181425 3.09440709844723 3.090666255676317 3.0869254129054045 3.0831845701344855 3.079443727363573 3.07570288459266 3.0722010575746554 3.068954743798485
