Figures/CREST_Example_wjb_NSE/PETs/wjb.pet.20100424.asc
ncols            288
nrows            254
xllcorner        113.274861
yllcorner        31.4918055
cellsize         0.008333333333
NODATA_value     -9999
[rows 140 to 159 of 254, columns 176 to 219 of 288]
2.9196185171855955 2.9195555203953822 2.919492523605169 2.9194295268149553 2.919366530024742 2.9193035332345287 2.919240536444315 2.9191775396541018 2.9191145428638885 2.919051546073675 2.9189885492834615 2.9189255524932483 2.918862555703035 2.9187995589128213 2.918736562122608 2.9186735653323947 2.917913081817103 2.916406969210944 2.9149008566047847 2.913394743998623 2.9118886313924635 2.9103825187863044 2.9088764061801453 2.9073702935739862 2.9058641809678267 2.9043580683616677 2.9028519557555086 2.9013458431493495 2.89983973054319 2.898333617937031 2.896827505330872 2.8953213927247123 2.8938152801185506 2.8923091675123915 2.8908030549062325 2.8892969423000734 2.887790829693914 2.886284717087755 2.8847786044815957 2.8832724918754367 2.881766379269277 2.880260266663118 2.878754154056959 2.8772480414508
2.9134377665776077 2.9133883333983324 2.913338900219057 2.9132894670397813 2.913240033860506 2.9131906006812307 2.9131411675019554 2.9130917343226796 2.9130423011434043 2.912992867964129 2.9129434347848537 2.912894001605578 2.9128445684263027 2.9127951352470274 2.912745702067752 2.9126962688884763 2.9119363514302936 2.910416910202109 2.908897468973924 2.9073780277457373 2.9058585865175526 2.9043391452893683 2.9028197040611836 2.901300262832999 2.8997808216048147 2.89826138037663 2.8967419391484452 2.895222497920261 2.8937030566920763 2.8921836154638916 2.8906641742357073 2.8891447330075226 2.8876252917793357 2.886105850551151 2.8845864093229663 2.883066968094782 2.8815475268665973 2.8800280856384126 2.8785086444102284 2.8769892031820437 2.875469761953859 2.8739503207256747 2.87243087949749 2.8709114382693053
2.9072570159696203 2.9072211464012825 2.907185276832945 2.907149407264608 2.9071135376962705 2.907077668127933 2.9070417985595958 2.907005928991258 2.9069700594229206 2.9069341898545833 2.906898320286246 2.9068624507179086 2.9068265811495713 2.9067907115812335 2.906754842012896 2.906718972444559 2.9059596210434844 2.9044268511932745 2.9028940813430646 2.901361311492852 2.899828541642642 2.8982957717924323 2.8967630019422224 2.8952302320920125 2.8936974622418026 2.8921646923915927 2.890631922541383 2.889099152691173 2.8875663828409626 2.8860336129907527 2.884500843140543 2.882968073290333 2.8814353034401203 2.8799025335899104 2.8783697637397005 2.8768369938894907 2.8753042240392808 2.873771454189071 2.872238684338861 2.870705914488651 2.8691731446384408 2.867640374788231 2.866107604938021 2.864574835087811
2.9010762653616324 2.901053959404233 2.9010316534468332 2.901009347489434 2.9009870415320345 2.900964735574635 2.9009424296172357 2.9009201236598363 2.900897817702437 2.9008755117450375 2.9008532057876377 2.9008308998302383 2.900808593872839 2.9007862879154396 2.90076398195804 2.900741676000641 2.899982890656675 2.8984367921844396 2.8968906937122045 2.895344595239967 2.8937984967677313 2.892252398295496 2.8907062998232607 2.8891602013510256 2.88761410287879 2.886068004406555 2.8845219059343195 2.8829758074620844 2.881429708989849 2.8798836105176138 2.8783375120453782 2.876791413573143 2.875245315100905 2.87369921662867 2.8721531181564344 2.8706070196841993 2.8690609212119638 2.8675148227397287 2.865968724267493 2.864422625795258 2.8628765273230226 2.8613304288507875 2.8597843303785524 2.858238231906317
2.8948955147536393 2.894886772407178 2.8948780300607164 2.8948692877142546 2.894860545367793 2.8948518030213317 2.8948430606748703 2.894834318328409 2.8948255759819475 2.894816833635486 2.8948080912890246 2.894799348942563 2.8947906065961018 2.8947818642496403 2.894773121903179 2.894764379556717 2.89400616026986 2.8924467331756 2.890887306081339 2.8893278789870758 2.887768451892815 2.8862090247985543 2.8846495977042936 2.883090170610033 2.881530743515772 2.8799713164215115 2.878411889327251 2.87685246223299 2.87529303513873 2.873733608044469 2.8721741809502084 2.8706147538559477 2.8690553267616843 2.8674958996674236 2.865936472573163 2.864377045478902 2.8628176183846414 2.8612581912903807 2.85969876419612 2.8581393371018597 2.856579910007599 2.8550204829133383 2.8534610558190776 2.851901628724817
2.888714764145651 2.8887195854101275 2.888724406674604 2.8887292279390806 2.888734049203557 2.8887388704680337 2.88874369173251 2.8887485129969868 2.8887533342614633 2.88875815552594 2.8887629767904164 2.888767798054893 2.8887726193193695 2.888777440583846 2.8887822618483225 2.888787083112799 2.888029429883051 2.886456674166765 2.8848839184504786 2.88331116273419 2.881738407017904 2.880165651301618 2.878592895585332 2.877020139869046 2.87544738415276 2.873874628436474 2.872301872720188 2.870729117003902 2.8691563612876156 2.8675836055713297 2.866010849855044 2.8644380941387575 2.862865338422469 2.861292582706183 2.8597198269898967 2.858147071273611 2.856574315557325 2.855001559841039 2.8534288041247526 2.8518560484084667 2.850283292692181 2.8487105369758945 2.8471377812596086 2.8455650255433227
2.882534013537663 2.8825523984130776 2.882570783288492 2.8825891681639066 2.882607553039321 2.8826259379147356 2.88264432279015 2.882662707665565 2.8826810925409796 2.882699477416394 2.8827178622918086 2.882736247167223 2.8827546320426376 2.882773016918052 2.8827914017934666 2.882809786668881 2.8820526994962417 2.88046661515793 2.8788805308196186 2.8772944464813044 2.8757083621429933 2.8741222778046818 2.8725361934663702 2.870950109128059 2.8693640247897476 2.867777940451436 2.866191856113125 2.8646057717748135 2.863019687436502 2.8614336030981904 2.8598475187598793 2.8582614344215678 2.8566753500832536 2.8550892657449425 2.853503181406631 2.8519170970683194 2.850331012730008 2.848744928391697 2.8471588440533853 2.8455727597150737 2.8439866753767626 2.842400591038451 2.8408145067001396 2.839228422361828
2.8763532629296753 2.8763852114160278 2.8764171599023802 2.8764491083887327 2.8764810568750856 2.876513005361438 2.8765449538477905 2.876576902334143 2.8766088508204954 2.876640799306848 2.8766727477932004 2.876704696279553 2.8767366447659053 2.8767685932522578 2.87680054173861 2.8768324902249627 2.876075969109432 2.8744765561490953 2.8728771431887585 2.871277730228419 2.8696783172680824 2.8680789043077457 2.8664794913474085 2.864880078387072 2.863280665426735 2.8616812524663984 2.8600818395060617 2.858482426545725 2.856883013585388 2.8552836006250515 2.8536841876647148 2.852084774704378 2.850485361744038 2.8488859487837015 2.8472865358233648 2.845687122863028 2.8440877099026913 2.8424882969423546 2.840888883982018 2.839289471021681 2.8376900580613444 2.8360906451010073 2.8344912321406706 2.832891819180334
2.8702337210004765 2.8702456139884367 2.870257506976397 2.870269399964357 2.8702812929523174 2.870293185940277 2.8703050789282374 2.8703169719161976 2.870328864904158 2.870340757892118 2.8703526508800783 2.870364543868038 2.8703764368559983 2.8703883298439585 2.8704002228319188 2.870412115819879 2.8696376126916205 2.868022434321648 2.866407255951675 2.8647920775816997 2.8631768992117275 2.8615617208417548 2.859946542471782 2.8583313641018093 2.8567161857318366 2.8551010073618643 2.8534858289918916 2.851870650621919 2.850255472251946 2.848640293881974 2.847025115512001 2.8454099371420285 2.843794758772053 2.8421795804020804 2.840564402032108 2.8389492236621354 2.8373340452921627 2.83571886692219 2.8341036885522173 2.832488510182245 2.8308733318122723 2.8292581534422996 2.827642975072327 2.8260277967023546
2.864179607290432 2.864135508071406 2.86409140885238 2.864047309633354 2.8640032104143276 2.8639591111953018 2.8639150119762755 2.8638709127572493 2.8638268135382234 2.863782714319197 2.863738615100171 2.863694515881145 2.863650416662119 2.8636063174430926 2.8635622182240668 2.8635181190050405 2.8627058071466323 2.8610722585946786 2.8594387100427245 2.857805161490768 2.8561716129388137 2.85453806438686 2.852904515834906 2.8512709672829524 2.8496374187309983 2.848003870179044 2.8463703216270906 2.8447367730751365 2.843103224523183 2.841469675971229 2.8398361274192747 2.838202578867321 2.8365690303153643 2.8349354817634103 2.8333019332114566 2.8316683846595025 2.8300348361075485 2.828401287555595 2.8267677390036408 2.825134190451687 2.823500641899733 2.821867093347779 2.8202335447958253 2.8185999962438713
2.858125493580383 2.8580254021543703 2.857925310728358 2.8578252193023457 2.8577251278763334 2.857625036450321 2.8575249450243083 2.857424853598296 2.8573247621722837 2.8572246707462714 2.8571245793202587 2.8570244878942463 2.856924396468234 2.8568243050422217 2.8567242136162094 2.8566241221901967 2.8557740016016386 2.8541220828677036 2.852470164133768 2.8508182453998305 2.849166326665895 2.84751440793196 2.8458624891980246 2.844210570464089 2.842558651730154 2.8409067329962188 2.8392548142622838 2.8376028955283483 2.8359509767944133 2.834299058060478 2.832647139326543 2.8309952205926074 2.8293433018586693 2.8276913831247343 2.826039464390799 2.824387545656864 2.8227356269229285 2.8210837081889935 2.819431789455058 2.817779870721123 2.8161279519871876 2.8144760332532526 2.812824114519317 2.811172195785382
2.8520713798703388 2.85191529623734 2.8517592126043416 2.851603128971343 2.851447045338344 2.8512909617053457 2.8511348780723464 2.850978794439348 2.8508227108063493 2.850666627173351 2.850510543540352 2.8503544599073534 2.850198376274355 2.8500422926413562 2.8498862090083574 2.849730125375359 2.8488421960566512 2.8471719071407344 2.845501618224818 2.8438313293088986 2.8421610403929822 2.8404907514770654 2.838820462561149 2.8371501736452327 2.835479884729316 2.8338095958133995 2.8321393068974827 2.8304690179815664 2.82879872906565 2.827128440149733 2.825458151233817 2.8237878623179 2.822117573401981 2.820447284486064 2.818776995570148 2.817106706654231 2.8154364177383147 2.8137661288223983 2.8120958399064815 2.810425550990565 2.8087552620746488 2.807084973158732 2.8054146842428156 2.803744395326899
2.8460172661602945 2.8458051903203097 2.845593114480325 2.84538103864034 2.845168962800355 2.8449568869603703 2.844744811120385 2.8445327352804 2.8443206594404153 2.8441085836004305 2.8438965077604457 2.8436844319204604 2.8434723560804755 2.8432602802404907 2.843048204400506 2.842836128560521 2.8419103905116634 2.8402217314137657 2.838533072315868 2.836844413217967 2.8351557541200694 2.833467095022171 2.8317784359242735 2.8300897768263757 2.8284011177284776 2.82671245863058 2.825023799532682 2.8233351404347844 2.8216464813368862 2.8199578222389885 2.8182691631410908 2.816580504043193 2.814891844945292 2.8132031858473945 2.8115145267494963 2.8098258676515986 2.808137208553701 2.806448549455803 2.804759890357905 2.8030712312600072 2.8013825721621095 2.7996939130642113 2.7980052539663136 2.796316594868416
2.83996315245025 2.839695084403279 2.839427016356308 2.8391589483093367 2.838890880262366 2.8386228122153945 2.8383547441684227 2.838086676121452 2.8378186080744805 2.8375505400275096 2.8372824719805383 2.8370144039335674 2.836746335886596 2.836478267839625 2.836210199792654 2.835942131745683 2.834978584966675 2.833271555686796 2.831564526406917 2.829857497127035 2.8281504678471556 2.8264434385672765 2.8247364092873974 2.8230293800075184 2.8213223507276393 2.81961532144776 2.817908292167881 2.816201262888002 2.814494233608123 2.8127872043282434 2.8110801750483643 2.809373145768485 2.8076661164886034 2.805959087208724 2.804252057928845 2.8025450286489657 2.8008379993690866 2.7991309700892075 2.7974239408093284 2.7957169115294493 2.7940098822495703 2.792302852969691 2.790595823689812 2.7888887944099325
2.833909038740206 2.8335849784862486 2.833260918232291 2.832936857978334 2.8326127977243765 2.832288737470419 2.8319646772164613 2.831640616962504 2.8313165567085465 2.830992496454589 2.830668436200632 2.8303443759466744 2.830020315692717 2.8296962554387597 2.8293721951848023 2.829048134930845 2.8280467794216877 2.8263213799598272 2.824595980497967 2.822870581036103 2.8211451815742428 2.8194197821123823 2.817694382650522 2.8159689831886614 2.814243583726801 2.8125181842649405 2.81079278480308 2.8090673853412196 2.807341985879359 2.8056165864174987 2.803891186955638 2.8021657874937778 2.8004403880319146 2.798714988570054 2.7969895891081937 2.7952641896463333 2.793538790184473 2.7918133907226124 2.790087991260752 2.7883625917988915 2.786637192337031 2.7849117928751705 2.78318639341331 2.7814609939514496
2.8278549250301617 2.8274748725692183 2.8270948201082744 2.826714767647331 2.826334715186387 2.8259546627254437 2.8255746102644994 2.825194557803556 2.824814505342612 2.8244344528816687 2.824054400420725 2.8236743479597814 2.823294295498838 2.822914243037894 2.8225341905769508 2.822154138116007 2.8211149738767 2.819371204232858 2.817627434589016 2.8158836649451717 2.81413989530133 2.812396125657488 2.8106523560136463 2.8089085863698044 2.807164816725963 2.8054210470821213 2.8036772774382794 2.8019335077944376 2.800189738150596 2.798445968506754 2.796702198862912 2.794958429219071 2.793214659575226 2.791470889931384 2.789727120287542 2.7879833506437004 2.786239580999859 2.784495811356017 2.7827520417121754 2.7810082720683336 2.7792645024244917 2.77752073278065 2.775776963136808 2.7740331934929667
2.8218008113201174 2.8213647666521875 2.820928721984258 2.820492677316328 2.8200566326483982 2.8196205879804683 2.8191845433125375 2.818748498644608 2.818312453976678 2.8178764093087483 2.8174403646408184 2.8170043199728885 2.8165682753049586 2.8161322306370287 2.815696185969099 2.8152601413011693 2.814183168331712 2.8124210285058893 2.810658888680066 2.80889674885424 2.807134609028417 2.805372469202594 2.8036103293767707 2.8018481895509475 2.8000860497251248 2.7983239098993016 2.7965617700734784 2.7947996302476557 2.7930374904218325 2.7912753505960093 2.789513210770186 2.7877510709443634 2.785988931118537 2.784226791292714 2.782464651466891 2.780702511641068 2.778940371815245 2.777178231989422 2.775416092163599 2.7736539523377757 2.7718918125119525 2.7701296726861298 2.7683675328603066 2.7666053930344834
2.8157466976100682 2.815254660735152 2.814762623860236 2.8142705869853195 2.8137785501104036 2.813286513235487 2.8127944763605703 2.8123024394856544 2.811810402610738 2.811318365735822 2.8108263288609057 2.8103342919859897 2.8098422551110733 2.8093502182361574 2.8088581813612414 2.808366144486325 2.8072513627867184 2.805470852778914 2.8036903427711093 2.801909832763302 2.8001293227554975 2.7983488127476934 2.796568302739889 2.7947877927320848 2.7930072827242802 2.7912267727164757 2.7894462627086716 2.787665752700867 2.785885242693063 2.7841047326852584 2.782324222677454 2.7805437126696497 2.778763202661842 2.776982692654038 2.7752021826462334 2.7734216726384293 2.7716411626306248 2.76986065262282 2.768080142615016 2.7662996326072116 2.7645191225994075 2.762738612591603 2.7609581025837984 2.7591775925759943
2.809692583900024 2.8091445548181215 2.808596525736219 2.8080484966543167 2.8075004675724142 2.806952438490512 2.8064044094086085 2.8058563803267065 2.805308351244804 2.8047603221629016 2.804212293080999 2.8036642639990967 2.8031162349171943 2.802568205835292 2.8020201767533894 2.8014721476714874 2.8003195572417305 2.7985206770519446 2.796721796862159 2.7949229166723706 2.7931240364825847 2.791325156292799 2.7895262761030133 2.787727395913228 2.785928515723442 2.7841296355336564 2.7823307553438705 2.780531875154085 2.778732994964299 2.7769341147745137 2.7751352345847278 2.7733363543949423 2.7715374742051537 2.769738594015368 2.7679397138255823 2.7661408336357964 2.764341953446011 2.762543073256225 2.7607441930664396 2.7589453128766537 2.757146432686868 2.7553475524970823 2.753548672307297 2.751749792117511
2.8036384701899792 2.8030344489010908 2.8024304276122023 2.801826406323314 2.801222385034425 2.8006183637455364 2.8000143424566466 2.799410321167758 2.7988062998788696 2.798202278589981 2.7975982573010922 2.7969942360122038 2.7963902147233153 2.7957861934344264 2.795182172145538 2.7945781508566494 2.7933877516967427 2.791570501324976 2.789753250953209 2.7879360005814386 2.786118750209672 2.784301499837905 2.7824842494661377 2.780666999094371 2.778849748722604 2.7770324983508368 2.77521524797907 2.7733979976073027 2.771580747235536 2.769763496863769 2.7679462464920017 2.766128996120235 2.764311745748465 2.7624944953766977 2.760677245004931 2.758859994633164 2.7570427442613967 2.75522549388963 2.753408243517863 2.751590993146096 2.749773742774329 2.747956492402562 2.746139242030795 2.744321991659028
