Figures/CREST_Example_wjb_NSE/PETs/wjb.pet.20091104.asc
ncols            288
nrows            254
xllcorner        113.274861
yllcorner        31.4918055
cellsize         0.008333333333
NODATA_value     -9999
[rows 140 to 159 of 254, columns 44 to 87 of 288]
1.0599520599101573 1.0592868668096804 1.0586216737092033 1.0579564806087263 1.0572912875082494 1.0566260944077723 1.0559609013072953 1.0552957082068182 1.0546305151063402 1.0539653220058631 1.053300128905386 1.052634935804909 1.051969742704432 1.051304549603955 1.050639356503478 1.049974163403001 1.049308970302524 1.048643777202047 1.04797858410157 1.047313391001093 1.046648197900616 1.0459830048001377 1.0453178116996609 1.0446526185991838 1.0439874254987067 1.0433222323982296 1.0426570392977528 1.0419918461972757 1.0411560874937353 1.040137990304704 1.039119893115673 1.0381017959266419 1.0370836987376106 1.0360656015485796 1.0350475043595466 1.0340294071705156 1.0330113099814844 1.0319932127924534 1.0309751156034221 1.029957018414391 1.02893892122536 1.0279208240363287 1.0269027268472977 1.0258846296582664
1.0612941439612702 1.0606755426074488 1.0600569412536271 1.0594383398998055 1.0588197385459839 1.0582011371921625 1.0575825358383408 1.0569639344845192 1.0563453331306967 1.055726731776875 1.0551081304230534 1.0544895290692318 1.0538709277154104 1.0532523263615887 1.052633725007767 1.0520151236539457 1.051396522300124 1.0507779209463024 1.0501593195924808 1.0495407182386594 1.0489221168848377 1.048303515531015 1.0476849141771936 1.047066312823372 1.0464477114695503 1.0458291101157289 1.0452105087619072 1.0445919074080856 1.0437858425630706 1.0427793750081593 1.041772907453248 1.0407664398983367 1.0397599723434254 1.0387535047885141 1.037747037233601 1.0367405696786898 1.0357341021237785 1.0347276345688672 1.0337211670139559 1.0327146994590446 1.0317082319041333 1.030701764349222 1.0296952967943107 1.0286888292393992
1.0626362280123829 1.062064218405217 1.0614922087980507 1.0609201991908845 1.0603481895837186 1.0597761799765524 1.0592041703693862 1.05863216076222 1.058060151155053 1.057488141547887 1.0569161319407208 1.0563441223335546 1.0557721127263886 1.0552001031192224 1.0546280935120562 1.0540560839048903 1.053484074297724 1.0529120646905579 1.052340055083392 1.0517680454762257 1.0511960358690595 1.0506240262618924 1.0500520166547263 1.0494800070475603 1.048907997440394 1.048335987833228 1.047763978226062 1.0471919686188957 1.0464155976324063 1.0454207597116147 1.0444259217908232 1.0434310838700318 1.0424362459492402 1.0414414080284489 1.0404465701076557 1.0394517321868642 1.0384568942660728 1.0374620563452812 1.0364672184244899 1.0354723805036983 1.034477542582907 1.0334827046621153 1.0324878667413238 1.0314930288205324
1.0639783120634956 1.063452894202985 1.0629274763424743 1.0624020584819636 1.061876640621453 1.0613512227609423 1.0608258049004315 1.060300387039921 1.0597749691794094 1.0592495513188986 1.058724133458388 1.0581987155978774 1.0576732977373666 1.0571478798768559 1.0566224620163454 1.0560970441558346 1.0555716262953239 1.0550462084348133 1.0545207905743026 1.0539953727137918 1.0534699548532813 1.0529445369927697 1.052419119132259 1.0518937012717484 1.0513682834112377 1.050842865550727 1.0503174476902164 1.0497920298297057 1.0490453527017416 1.04806214441507 1.0470789361283983 1.0460957278417267 1.045112519555055 1.0441293112683834 1.04314610298171 1.0421628946950383 1.0411796864083667 1.040196478121695 1.0392132698350234 1.0382300615483517 1.03724685326168 1.0362636449750084 1.0352804366883368 1.0342972284016652
1.0653203961146096 1.0648415700007543 1.0643627438868992 1.063883917773044 1.0634050916591888 1.0629262655453335 1.0624474394314785 1.0619686133176232 1.0614897872037672 1.061010961089912 1.0605321349760568 1.0600533088622017 1.0595744827483464 1.0590956566344913 1.0586168305206363 1.058138004406781 1.0576591782929259 1.0571803521790706 1.0567015260652155 1.0562226999513602 1.0557438738375051 1.0552650477236492 1.0547862216097939 1.0543073954959388 1.0538285693820835 1.0533497432682284 1.052870917154373 1.052392091040518 1.0516751077710793 1.0507035291185276 1.0497319504659757 1.048760371813424 1.0477887931608723 1.0468172145083203 1.0458456358557668 1.0448740572032151 1.0439024785506632 1.0429308998981115 1.0419593212455596 1.0409877425930079 1.0400161639404562 1.0390445852879042 1.0380730066353525 1.0371014279828006
1.0666624801657223 1.0662302457985224 1.0657980114313228 1.065365777064123 1.0649335426969233 1.0645013083297235 1.0640690739625238 1.063636839595324 1.0632046052281237 1.0627723708609238 1.0623401364937242 1.0619079021265243 1.0614756677593247 1.0610434333921248 1.0606111990249252 1.0601789646577255 1.0597467302905257 1.059314495923326 1.0588822615561262 1.0584500271889266 1.0580177928217267 1.0575855584545264 1.0571533240873265 1.056721089720127 1.056288855352927 1.0558566209857274 1.0554243866185276 1.054992152251328 1.0543048628404148 1.0533449138219828 1.0523849648035508 1.0514250157851188 1.0504650667666868 1.0495051177482548 1.0485451687298213 1.0475852197113893 1.0466252706929573 1.0456653216745253 1.0447053726560935 1.0437454236376615 1.0427854746192295 1.0418255256007976 1.0408655765823656 1.0399056275639336
1.0680045642168348 1.0676189215962906 1.0672332789757464 1.066847636355202 1.0664619937346578 1.0660763511141134 1.0656907084935692 1.0653050658730248 1.06491942325248 1.0645337806319357 1.0641481380113913 1.063762495390847 1.0633768527703027 1.0629912101497585 1.062605567529214 1.06221992490867 1.0618342822881257 1.0614486396675813 1.061062997047037 1.0606773544264927 1.0602917118059485 1.0599060691854034 1.0595204265648592 1.059134783944315 1.0587491413237706 1.0583634987032264 1.057977856082682 1.0575922134621378 1.05693461790975 1.055986298525438 1.0550379791411257 1.0540896597568137 1.0531413403725016 1.0521930209881893 1.0512447016038757 1.0502963822195635 1.0493480628352514 1.0483997434509393 1.047451424066627 1.046503104682315 1.045554785298003 1.0446064659136907 1.0436581465293786 1.0427098271450665
1.0693466482679477 1.0690075973940587 1.06866854652017 1.068329495646281 1.0679904447723922 1.0676513938985035 1.0673123430246145 1.0669732921507258 1.0666342412768364 1.0662951904029474 1.0659561395290587 1.06561708865517 1.065278037781281 1.0649389869073922 1.0645999360335032 1.0642608851596145 1.0639218342857257 1.0635827834118368 1.063243732537948 1.0629046816640593 1.0625656307901703 1.0622265799162809 1.0618875290423921 1.0615484781685032 1.0612094272946144 1.0608703764207257 1.0605313255468367 1.060192274672948 1.0595643729790856 1.0586276832288934 1.057690993478701 1.0567543037285088 1.0558176139783164 1.054880924228124 1.0539442344779302 1.053007544727738 1.0520708549775457 1.0511341652273534 1.050197475477161 1.0492607857269687 1.0483240959767766 1.0473874062265842 1.0464507164763919 1.0455140267261995
1.071895335644883 1.0715929095211179 1.0712904833973527 1.0709880572735875 1.0706856311498223 1.0703832050260569 1.0700807789022917 1.0697783527785265 1.0694759266547609 1.0691735005309957 1.0688710744072305 1.068568648283465 1.0682662221597 1.0679637960359347 1.0676613699121695 1.0673589437884043 1.0670565176646392 1.066754091540874 1.0664516654171088 1.0661492392933436 1.0658468131695782 1.0655443870458126 1.0652419609220474 1.0649395347982822 1.064637108674517 1.0643346825507518 1.0640322564269866 1.0637298303032212 1.0631216650627033 1.06218665779482 1.061251650526937 1.0603166432590538 1.0593816359911707 1.0584466287232877 1.0575116214554028 1.0565766141875197 1.0556416069196366 1.0547065996517535 1.0537715923838704 1.052836585115987 1.051901577848104 1.050966570580221 1.0500315633123378 1.0490965560444547
1.0757338059153043 1.0754573504506693 1.0751808949860344 1.0749044395213994 1.0746279840567645 1.0743515285921297 1.0740750731274946 1.0737986176628598 1.0735221621982243 1.0732457067335894 1.0729692512689546 1.0726927958043195 1.0724163403396847 1.0721398848750496 1.0718634294104148 1.07158697394578 1.071310518481145 1.07103406301651 1.070757607551875 1.0704811520872402 1.0702046966226053 1.0699282411579698 1.069651785693335 1.0693753302287 1.069098874764065 1.06882241929943 1.0685459638347952 1.0682695083701603 1.0676704357445421 1.0667264780807308 1.0657825204169196 1.064838562753108 1.0638946050892968 1.0629506474254855 1.0620066897616725 1.0610627320978612 1.0601187744340497 1.0591748167702384 1.0582308591064271 1.0572869014426156 1.0563429437788043 1.055398986114993 1.0544550284511816 1.0535110707873703
1.0795722761857287 1.079321791380224 1.0790713065747195 1.0788208217692148 1.07857033696371 1.0783198521582056 1.0780693673527009 1.0778188825471964 1.0775683977416912 1.0773179129361867 1.077067428130682 1.0768169433251775 1.0765664585196728 1.0763159737141683 1.0760654889086636 1.075815004103159 1.0755645192976544 1.0753140344921497 1.0750635496866452 1.0748130648811405 1.074562580075636 1.0743120952701308 1.0740616104646263 1.0738111256591216 1.073560640853617 1.0733101560481124 1.0730596712426077 1.0728091864371032 1.0722192064263851 1.0712662983666454 1.070313390306906 1.0693604822471663 1.0684075741874268 1.0674546661276871 1.066501758067946 1.0655488500082064 1.0645959419484667 1.0636430338887273 1.0626901258289876 1.0617372177692481 1.0607843097095084 1.0598314016497687 1.0588784935900293 1.0579255855302896
1.0834107464561498 1.0831862323097754 1.082961718163401 1.0827372040170267 1.0825126898706523 1.082288175724278 1.0820636615779038 1.0818391474315294 1.0816146332851546 1.0813901191387802 1.081165604992406 1.0809410908460317 1.0807165766996574 1.080492062553283 1.0802675484069086 1.0800430342605343 1.0798185201141601 1.0795940059677858 1.0793694918214114 1.079144977675037 1.0789204635286627 1.078695949382288 1.0784714352359137 1.0782469210895393 1.078022406943165 1.0777978927967908 1.0775733786504165 1.077348864504042 1.076767977108224 1.0758061186525563 1.0748442601968884 1.0738824017412205 1.0729205432855529 1.071958684829885 1.0709968263742156 1.0700349679185477 1.06907310946288 1.0681112510072122 1.0671493925515443 1.0661875340958764 1.0652256756402088 1.0642638171845409 1.063301958728873 1.0623401002732054
1.0872492167265708 1.0870506732393268 1.0868521297520828 1.0866535862648388 1.0864550427775947 1.0862564992903507 1.0860579558031067 1.0858594123158625 1.0856608688286182 1.0854623253413742 1.0852637818541302 1.085065238366886 1.084866694879642 1.084668151392398 1.084469607905154 1.0842710644179099 1.0840725209306659 1.0838739774434218 1.0836754339561778 1.0834768904689338 1.0832783469816896 1.0830798034944453 1.0828812600072013 1.0826827165199573 1.082484173032713 1.082285629545469 1.082087086058225 1.081888542570981 1.081316747790063 1.0803459389384669 1.0793751300868708 1.078404321235275 1.077433512383679 1.0764627035320828 1.0754918946804852 1.0745210858288892 1.073550276977293 1.072579468125697 1.071608659274101 1.070637850422505 1.069667041570909 1.068696232719313 1.067725423867717 1.066754615016121
1.091087686996992 1.0909151141688784 1.0907425413407645 1.0905699685126509 1.090397395684537 1.0902248228564233 1.0900522500283096 1.0898796772001957 1.0897071043720816 1.089534531543968 1.0893619587158543 1.0891893858877404 1.0890168130596267 1.0888442402315128 1.0886716674033992 1.0884990945752855 1.0883265217471716 1.088153948919058 1.087981376090944 1.0878088032628304 1.0876362304347165 1.0874636576066026 1.0872910847784887 1.087118511950375 1.0869459391222613 1.0867733662941474 1.0866007934660338 1.0864282206379199 1.085865518471902 1.0848857592243777 1.0839059999768534 1.0829262407293292 1.081946481481805 1.0809667222342807 1.0799869629867547 1.0790072037392304 1.0780274444917062 1.077047685244182 1.0760679259966577 1.0750881667491334 1.0741084075016092 1.073128648254085 1.0721488890065607 1.0711691297590364
1.0949261572674134 1.0947795550984298 1.0946329529294463 1.094486350760463 1.0943397485914794 1.0941931464224959 1.0940465442535126 1.093899942084529 1.0937533399155452 1.093606737746562 1.0934601355775784 1.0933135334085948 1.0931669312396115 1.093020329070628 1.0928737269016444 1.092727124732661 1.0925805225636775 1.092433920394694 1.0922873182257107 1.0921407160567271 1.0919941138877436 1.0918475117187598 1.0917009095497765 1.091554307380793 1.0914077052118094 1.091261103042826 1.0911145008738425 1.090967898704859 1.090414289153741 1.0894255795102885 1.088436869866836 1.0874481602233836 1.0864594505799312 1.0854707409364786 1.0844820312930246 1.083493321649572 1.0825046120061195 1.081515902362667 1.0805271927192146 1.0795384830757622 1.0785497734323095 1.077561063788857 1.0765723541454046 1.0755836445019522
1.0987646275378347 1.0986439960279815 1.0985233645181283 1.098402733008275 1.0982821014984219 1.0981614699885687 1.0980408384787155 1.0979202069688623 1.0977995754590089 1.0976789439491557 1.0975583124393025 1.0974376809294493 1.097317049419596 1.0971964179097429 1.0970757863998897 1.0969551548900365 1.0968345233801833 1.09671389187033 1.0965932603604769 1.0964726288506237 1.0963519973407705 1.096231365830917 1.0961107343210639 1.0959901028112107 1.0958694713013577 1.0957488397915045 1.0956282082816513 1.095507576771798 1.09496305983558 1.0939653997961993 1.0929677397568185 1.0919700797174379 1.0909724196780572 1.0899747596386764 1.088977099599294 1.0879794395599134 1.0869817795205328 1.085984119481152 1.0849864594417713 1.0839887994023905 1.0829911393630098 1.0819934793236292 1.0809958192842484 1.0799981592448678
1.1026030978082555 1.1025084369575326 1.1024137761068098 1.102319115256087 1.1022244544053639 1.102129793554641 1.1020351327039182 1.1019404718531953 1.1018458110024723 1.1017511501517494 1.1016564893010263 1.1015618284503035 1.1014671675995806 1.1013725067488578 1.1012778458981347 1.1011831850474119 1.101088524196689 1.1009938633459662 1.1008992024952433 1.1008045416445202 1.1007098807937974 1.1006152199430743 1.1005205590923515 1.1004258982416286 1.1003312373909055 1.1002365765401827 1.1001419156894598 1.100047254838737 1.099511830517419 1.09850522008211 1.0974986096468011 1.096491999211492 1.0954853887761833 1.0944787783408743 1.0934721679055637 1.0924655574702546 1.0914589470349458 1.0904523365996368 1.089445726164328 1.088439115729019 1.0874325052937102 1.0864258948584011 1.0854192844230923 1.0844126739877833
1.1064415680786799 1.1063728778870874 1.1063041876954949 1.1062354975039022 1.1061668073123097 1.106098117120717 1.1060294269291244 1.105960736737532 1.1058920465459392 1.1058233563543465 1.105754666162754 1.1056859759711615 1.1056172857795687 1.1055485955879762 1.1054799053963835 1.105411215204791 1.1053425250131985 1.1052738348216058 1.1052051446300133 1.1051364544384208 1.105067764246828 1.1049990740552353 1.1049303838636428 1.1048616936720501 1.1047930034804576 1.1047243132888651 1.1046556230972724 1.1045869329056799 1.1040606011992617 1.1030450403680248 1.1020294795367875 1.1010139187055503 1.099998357874313 1.098982797043076 1.0979672362118371 1.0969516753806 1.095936114549363 1.0949205537181257 1.0939049928868885 1.0928894320556515 1.0918738712244143 1.090858310393177 1.0898427495619398 1.0888271887307028
1.1102800383491012 1.1102373188166388 1.1101945992841766 1.1101518797517143 1.1101091602192519 1.1100664406867897 1.1100237211543273 1.109981001621865 1.1099382820894026 1.1098955625569404 1.109852843024478 1.1098101234920157 1.1097674039595535 1.1097246844270912 1.1096819648946288 1.1096392453621666 1.1095965258297042 1.1095538062972419 1.1095110867647797 1.1094683672323173 1.109425647699855 1.1093829281673926 1.1093402086349304 1.109297489102468 1.1092547695700057 1.1092120500375433 1.1091693305050812 1.1091266109726188 1.1086093718811008 1.1075848606539354 1.10656034942677 1.1055358381996045 1.1045113269724394 1.103486815745274 1.1024623045181068 1.1014377932909414 1.100413282063776 1.0993887708366106 1.0983642596094452 1.09733974838228 1.0963152371551146 1.0952907259279492 1.0942662147007838 1.0932417034736184
1.1141185086195224 1.1141017597461904 1.1140850108728584 1.1140682619995264 1.1140515131261943 1.1140347642528623 1.1140180153795303 1.1140012665061982 1.1139845176328662 1.1139677687595342 1.1139510198862022 1.1139342710128701 1.113917522139538 1.113900773266206 1.113884024392874 1.113867275519542 1.11385052664621 1.113833777772878 1.113817028899546 1.113800280026214 1.1137835311528819 1.1137667822795498 1.1137500334062178 1.1137332845328858 1.1137165356595538 1.1136997867862217 1.1136830379128897 1.1136662890395577 1.1131581425629398 1.1121246809398462 1.1110912193167526 1.110057757693659 1.1090242960705654 1.1079908344474718 1.1069573728243765 1.1059239112012829 1.1048904495781893 1.1038569879550957 1.102823526332002 1.1017900647089085 1.1007566030858147 1.099723141462721 1.0986896798396275 1.097656218216534
