Figures/CREST_Example_wjb_NSE/PETs/wjb.pet.20090802.asc
ncols            288
nrows            254
xllcorner        113.274861
yllcorner        31.4918055
cellsize         0.008333333333
NODATA_value     -9999
[rows 180 to 199 of 254, columns 176 to 219 of 288]
3.0438550916132523 3.0381625039653124 3.032469916317373 3.026777328669433 3.021084741021493 3.0153921533735533 3.0096995657256036 3.004006978077664 2.9983143904297243 2.9926218027817844 2.9869292151338445 2.981236627485905 2.975544039837965 2.969851452190025 2.9641588645420853 2.9584662768941454 2.952389043884266 2.9459006162792534 2.9394121886742406 2.9329237610692167 2.926435333464204 2.9199469058591907 2.913458478254178 2.906970050649165 2.9004816230441524 2.8939931954391396 2.887504767834127 2.881016340229114 2.8745279126241012 2.8680394850190885 2.8615510574140757 2.855062629809063 2.848574202204039 2.842085774599026 2.835597346994013 2.829108919389 2.8226204917839874 2.8161320641789747 2.809643636573962 2.803155208968949 2.7966667813639363 2.7901783537589235 2.7836899261539108 2.777201498548898
3.049661972530555 3.0440186290295865 3.038375285528618 3.0327319420276493 3.0270885985266807 3.021445255025712 3.015801911524734 3.0101585680237655 3.004515224522797 2.9988718810218282 2.9932285375208596 2.987585194019891 2.9819418505189224 2.9762985070179537 2.970655163516985 2.9650118200160165 2.9589471513778465 2.952432076634849 2.9459170018918517 2.939401927148843 2.9328868524058462 2.926371777662849 2.9198567029198514 2.913341628176854 2.9068265534338567 2.9003114786908593 2.8937964039478623 2.887281329204865 2.8807662544618675 2.87425117971887 2.8677361049758727 2.8612210302328758 2.8547059554898673 2.84819088074687 2.8416758060038725 2.835160731260875 2.828645656517878 2.8221305817748807 2.8156155070318833 2.809100432288886 2.8025853575458886 2.796070282802891 2.789555208059894 2.783040133316897
3.0554688534478576 3.04987475409386 3.044280654739863 3.0386865553858655 3.033092456031868 3.027498356677871 3.0219042573238637 3.0163101579698663 3.010716058615869 3.0051219592618716 2.9995278599078743 2.993933760553877 2.9883396611998796 2.9827455618458822 2.977151462491885 2.9715573631378875 2.965505258871427 2.958963536990445 2.952421815109463 2.94588009322847 2.9393383713474885 2.9327966494665065 2.926254927585525 2.919713205704543 2.9131714838235614 2.9066297619425794 2.900088040061598 2.893546318180616 2.8870045962996342 2.8804628744186522 2.8739211525376707 2.8673794306566887 2.8608377087756955 2.854295986894714 2.847754265013732 2.8412125431327504 2.8346708212517684 2.828129099370787 2.821587377489805 2.8150456556088232 2.8085039337278412 2.8019622118468597 2.7954204899658777 2.788878768084896
3.0612757343651658 3.0557308791581397 3.050186023951113 3.044641168744087 3.039096313537061 3.033551458330035 3.0280066031229995 3.0224617479159734 3.016916892708947 3.011372037501921 3.0058271822948948 3.0002823270878687 2.9947374718808426 2.9891926166738165 2.9836477614667904 2.9781029062597644 2.972063366365013 2.9654949973460463 2.95892662832708 2.952358259308103 2.945789890289136 2.93922152127017 2.932653152251204 2.9260847832322376 2.919516414213271 2.912948045194305 2.9063796761753387 2.8998113071563725 2.893242938137406 2.8866745691184397 2.8801062000994735 2.8735378310805073 2.8669694620615296 2.8604010930425634 2.8538327240235972 2.8472643550046306 2.8406959859856644 2.8341276169666982 2.8275592479477316 2.8209908789287654 2.8144225099097993 2.807854140890833 2.8012857718718664 2.7947174028529003
3.0670826152824686 3.0615870042224134 3.0560913931623586 3.0505957821023038 3.0451001710422485 3.0396045599821937 3.0341089489221296 3.0286133378620743 3.0231177268020195 3.0176221157419647 3.01212650468191 3.0066308936218546 3.0011352825618 2.995639671501745 2.9901440604416902 2.984648449381635 2.978621473858593 2.9720264577016424 2.9654314415446916 2.9588364253877293 2.9522414092307785 2.9456463930738277 2.939051376916877 2.932456360759926 2.9258613446029753 2.9192663284460245 2.9126713122890737 2.906076296132123 2.899481279975172 2.8928862638182213 2.8862912476612705 2.8796962315043197 2.873101215347358 2.866506199190407 2.8599111830334563 2.8533161668765055 2.8467211507195547 2.840126134562604 2.833531118405653 2.8269361022487023 2.8203410860917515 2.8137460699348007 2.80715105377785 2.800556037620899
3.072889496199771 3.067443129286687 3.0619967623736035 3.05655039546052 3.051104028547436 3.0456576616343525 3.0402112947212596 3.0347649278081756 3.029318560895092 3.023872193982008 3.0184258270689246 3.012979460155841 3.007533093242757 3.0020867263296735 2.99664035941659 2.991193992503506 2.9851795813521735 2.978557918057238 2.9719362547623027 2.965314591467356 2.958692928172421 2.952071264877486 2.9454496015825504 2.938827938287615 2.93220627499268 2.9255846116977446 2.9189629484028092 2.9123412851078743 2.905719621812939 2.8990979585180034 2.8924762952230685 2.885854631928133 2.8792329686331866 2.872611305338251 2.8659896420433157 2.859367978748381 2.8527463154534454 2.84612465215851 2.839502988863575 2.8328813255686396 2.826259662273704 2.819637998978769 2.813016335683834 2.8063946723888984
3.078696377117074 3.073299254350961 3.067902131584849 3.062505008818736 3.057107886052624 3.0517107632865113 3.0463136405203897 3.040916517754277 3.0355193949881647 3.030122272222052 3.0247251494559397 3.019328026689827 3.0139309039237148 3.008533781157602 3.0031366583914894 2.997739535625377 2.991737688845754 2.985089378412834 2.9784410679799143 2.971792757546983 2.965144447114063 2.9584961366811435 2.951847826248224 2.945199515815304 2.9385512053823843 2.9319028949494643 2.9252545845165447 2.918606274083625 2.911957963650705 2.9053096532177856 2.8986613427848655 2.892013032351946 2.885364721919015 2.8787164114860953 2.8720681010531752 2.8654197906202556 2.8587714801873356 2.852123169754416 2.8454748593214965 2.8388265488885764 2.832178238455657 2.825529928022737 2.8188816175898173 2.8122333071568972
3.0845032580343767 3.0791553794152353 3.073807500796094 3.0684596221769525 3.0631117435578115 3.05776386493867 3.0524159863195197 3.0470681077003783 3.041720229081237 3.036372350462096 3.0310244718429544 3.025676593223813 3.020328714604672 3.0149808359855306 3.009632957366389 3.004285078747248 2.9982957963393337 2.9916208387684295 2.9849458811975254 2.97827092362661 2.9715959660557054 2.9649210084848012 2.958246050913897 2.951571093342993 2.9448961357720886 2.9382211782011844 2.9315462206302803 2.924871263059376 2.918196305488472 2.9115213479175677 2.904846390346663 2.898171432775759 2.8914964752048435 2.8848215176339393 2.8781465600630347 2.8714716024921305 2.8647966449212263 2.858121687350322 2.851446729779418 2.8447717722085137 2.8380968146376095 2.8314218570667053 2.824746899495801 2.818071941924897
3.090310138951679 3.085011504479509 3.079712870007339 3.0744142355351687 3.069115601062999 3.063816966590829 3.0585183321186498 3.0532196976464796 3.0479210631743094 3.0426224287021393 3.037323794229969 3.0320251597577994 3.0267265252856292 3.021427890813459 3.016129256341289 3.0108306218691188 3.004853903832914 2.9981522991240257 2.991450694415137 2.9847490897062365 2.978047484997348 2.9713458802884594 2.9646442755795706 2.9579426708706817 2.951241066161793 2.9445394614529046 2.9378378567440158 2.931136252035127 2.924434647326238 2.9177330426173493 2.911031437908461 2.904329833199572 2.897628228490672 2.8909266237817834 2.8842250190728946 2.877523414364006 2.870821809655117 2.864120204946228 2.85741860023734 2.850716995528451 2.8440153908195622 2.8373137861106734 2.8306121814017846 2.8239105766928962
3.096117019868987 3.090867629543788 3.085618239218589 3.0803688488933907 3.075119458568192 3.069870068242993 3.064620677917785 3.0593712875925863 3.0541218972673874 3.0488725069421885 3.0436231166169896 3.038373726291791 3.0331243359665923 3.0278749456413934 3.0226255553161945 3.0173761649909956 3.0114120113265 3.004683759479627 2.9979555076327538 2.9912272557858692 2.984499003938996 2.977770752092123 2.9710425002452494 2.964314248398376 2.957585996551503 2.9508577447046296 2.9441294928577566 2.937401241010883 2.93067298916401 2.9239447373171368 2.9172164854702634 2.9104882336233904 2.9037599817765054 2.8970317299296324 2.890303478082759 2.883575226235886 2.8768469743890126 2.8701187225421396 2.863390470695266 2.8566622188483928 2.84993396700152 2.8432057151546464 2.8364774633077734 2.8297492114609
3.1019239007862893 3.096723754608062 3.0915236084298345 3.086323462251607 3.0811233160733793 3.0759231698951517 3.070723023716915 3.0655228775386876 3.06032273136046 3.0551225851822323 3.0499224390040047 3.044722292825777 3.0395221466475495 3.034322000469322 3.0291218542910943 3.0239217081128666 3.0179701188200805 3.011215219835223 3.0044603208503653 2.997705421865496 2.990950522880638 2.9841956238957805 2.977440724910923 2.970685825926065 2.9639309269412073 2.9571760279563497 2.950421128971492 2.943666229986634 2.9369113310017765 2.930156432016919 2.9234015330320613 2.9166466340472033 2.909891735062334 2.9031368360774765 2.896381937092619 2.889627038107761 2.8828721391229033 2.8761172401380457 2.8693623411531877 2.86260744216833 2.8558525431834725 2.849097644198615 2.842342745213757 2.8355878462288993
3.107730781703592 3.102579879672336 3.0974289776410795 3.092278075609823 3.087127173578567 3.0819762715473105 3.0768253695160452 3.071674467484789 3.0665235654535326 3.0613726634222758 3.0562217613910194 3.051070859359763 3.0459199573285067 3.0407690552972504 3.035618153265994 3.0304672512347377 3.024528226313661 3.0177466801908186 3.0109651340679764 3.0041835879451226 2.9974020418222804 2.990620495699438 2.983838949576596 2.977057403453754 2.9702758573309116 2.9634943112080694 2.956712765085227 2.949931218962385 2.9431496728395428 2.9363681267167006 2.9295865805938583 2.922805034471016 2.9160234883481624 2.90924194222532 2.902460396102478 2.8956788499796358 2.8888973038567936 2.8821157577339513 2.875334211611109 2.868552665488267 2.8617711193654247 2.8549895732425825 2.8482080271197403 2.841426480996898
3.113537662620895 3.10843600473661 3.103334346852325 3.0982326889680394 3.0931310310837543 3.0880293731994692 3.0829277153151753 3.07782605743089 3.0727243995466047 3.0676227416623196 3.0625210837780346 3.0574194258937495 3.052317768009464 3.047216110125179 3.042114452240894 3.0370127943566088 3.031086333807241 3.0242781405464148 3.017469947285588 3.0106617540247496 3.0038535607639227 2.9970453675030964 2.9902371742422695 2.9834289809814427 2.9766207877206163 2.9698125944597895 2.9630044011989627 2.9561962079381363 2.9493880146773095 2.9425798214164827 2.935771628155656 2.9289634348948295 2.922155241633991 2.9153470483731643 2.9085388551123375 2.901730661851511 2.8949224685906843 2.8881142753298574 2.881306082069031 2.8744978888082042 2.8676896955473774 2.860881502286551 2.854073309025724 2.8472651157648974
3.1193445435381975 3.1142921298008837 3.10923971606357 3.1041873023262556 3.099134888588942 3.094082474851628 3.0890300611143053 3.083977647376991 3.0789252336396773 3.0738728199023635 3.0688204061650493 3.0637679924277355 3.058715578690421 3.0536631649531074 3.0486107512157936 3.0435583374784794 3.0376444413008215 3.0308096009020105 3.023974760503199 3.0171399201043765 3.010305079705565 3.003470239306754 2.996635398907943 2.9898005585091316 2.9829657181103206 2.976130877711509 2.969296037312698 2.962461196913887 2.9556263565150758 2.9487915161162648 2.941956675717454 2.9351218353186423 2.92828699491982 2.9214521545210084 2.9146173141221974 2.907782473723386 2.900947633324575 2.894112792925764 2.8872779525269525 2.8804431121281415 2.8736082717293305 2.866773431330519 2.859938590931708 2.8531037505328967
3.125151424455503 3.1201482548651605 3.1151450852748175 3.110141915684475 3.105138746094132 3.1001355765037895 3.095132406913438 3.0901292373230955 3.0851260677327526 3.08012289814241 3.075119728552067 3.0701165589617245 3.0651133893713816 3.060110219781039 3.055107050190696 3.0501038806003535 3.044202548794405 3.0373410612576093 3.0304795737208137 3.023618086184006 3.0167565986472105 3.009895111110415 3.0030336235736192 2.9961721360368236 2.989310648500028 2.982449160963232 2.9755876734264364 2.9687261858896408 2.961864698352845 2.9550032108160496 2.948141723279254 2.9412802357424583 2.9344187482056507 2.927557260668855 2.9206957731320595 2.913834285595264 2.9069727980584683 2.9001113105216723 2.8932498229848767 2.886388335448081 2.8795268479112854 2.87266536037449 2.865803872837694 2.8589423853008986
3.130958305372806 3.1260043799294346 3.121050454486063 3.116096529042691 3.11114260359932 3.1061886781559482 3.101234752712568 3.096280827269197 3.091326901825825 3.086372976382454 3.081419050939082 3.0764651254957105 3.0715112000523392 3.0665572746089675 3.061603349165596 3.0566494237222246 3.050760656287985 3.043872521613205 3.0369843869384248 3.030096252263633 3.0232081175888528 3.0163199829140726 3.0094318482392923 3.0025437135645126 2.9956555788897323 2.988767444214952 2.981879309540172 2.9749911748653917 2.9681030401906114 2.961214905515831 2.9543267708410514 2.947438636166271 2.940550501491479 2.933662366816699 2.926774232141919 2.919886097467139 2.9129979627923586 2.9061098281175783 2.899221693442798 2.892333558768018 2.8854454240932377 2.878557289418458 2.8716691547436777 2.8647810200688975
3.1367651862901083 3.1318605049937083 3.126955823697308 3.1220511424009074 3.1171464611045074 3.112241779808107 3.107337098511698 3.1024324172152977 3.0975277359188977 3.0926230546224973 3.087718373326097 3.0828136920296965 3.0779090107332965 3.073004329436896 3.0680996481404956 3.0631949668440956 3.0573187637815655 3.0504039819688007 3.0434892001560363 3.03657441834326 3.029659636530495 3.0227448547177307 3.015830072904966 3.0089152910922015 3.0020005092794366 2.995085727466672 2.9881709456539074 2.9812561638411426 2.974341382028378 2.9674266002156133 2.960511818402849 2.953597036590084 2.9466822547773077 2.939767472964543 2.9328526911517785 2.9259379093390137 2.9190231275262493 2.9121083457134844 2.90519356390072 2.898278782087955 2.891364000275191 2.884449218462426 2.877534436649661 2.8706196548368967
3.1425720672074138 3.1377166300579846 3.1328611929085555 3.1280057557591263 3.123150318609697 3.1182948814602685 3.113439444310831 3.1085840071614017 3.1037285700119726 3.0988731328625434 3.0940176957131147 3.0891622585636855 3.0843068214142564 3.0794513842648272 3.074595947115398 3.069740509965969 3.0638768712751485 3.0569354423243995 3.04999401337365 3.043052584422889 3.03611115547214 3.029169726521391 3.022228297570642 3.0152868686198926 3.0083454396691436 3.0014040107183946 2.994462581767645 2.987521152816896 2.980579723866147 2.973638294915398 2.9666968659646487 2.9597554370138996 2.9528140080631387 2.9458725791123896 2.9389311501616406 2.931989721210891 2.925048292260142 2.918106863309393 2.9111654343586437 2.9042240054078947 2.8972825764571457 2.8903411475063967 2.8833997185556473 2.8764582896048982
3.1483789481247166 3.1435727551222588 3.138766562119801 3.133960369117343 3.129154176114885 3.1243479831124272 3.1195417901099614 3.1147355971075035 3.1099294041050456 3.1051232111025877 3.10031701810013 3.095510825097672 3.090704632095214 3.085898439092756 3.0810922460902983 3.0762860530878404 3.0704349787687293 3.0634669026799957 3.056498826591262 3.0495307505025164 3.042562674413783 3.035594598325049 3.0286265222363156 3.021658446147582 3.0146903700588483 3.0077222939701147 3.000754217881381 2.9937861417926475 2.986818065703914 2.97984998961518 2.9728819135264466 2.965913837437713 2.9589457613489674 2.9519776852602337 2.9450096091715 2.9380415330827665 2.931073456994033 2.9241053809052993 2.9171373048165656 2.910169228727832 2.9032011526390984 2.8962330765503648 2.889265000461631 2.8822969243728975
3.154185829042019 3.1494288801865324 3.144671931331046 3.1399149824755592 3.1351580336200726 3.130401084764586 3.1256441359090914 3.120887187053605 3.1161302381981177 3.111373289342631 3.1066163404871445 3.101859391631658 3.0971024427761713 3.0923454939206847 3.087588545065198 3.0828315962097115 3.0769930862623096 3.0699983630355914 3.063003639808873 3.0560089165821434 3.049014193355425 3.042019470128707 3.035024746901989 3.028030023675271 3.0210353004485526 3.0140405772218344 3.0070458539951166 3.0000511307683984 2.99305640754168 2.986061684314962 2.979066961088244 2.972072237861526 2.9650775146347956 2.958082791408078 2.9510880681813596 2.9440933449546414 2.937098621727923 2.9301038985012053 2.923109175274487 2.916114452047769 2.909119728821051 2.902125005594333 2.8951302823676146 2.8881355591408964
