Figures/CREST_Example_wjb_NSE/PETs/wjb.pet.20091101.asc
ncols            288
nrows            254
xllcorner        113.274861
yllcorner        31.4918055
cellsize         0.008333333333
NODATA_value     -9999
[rows 60 to 79 of 254, columns 44 to 87 of 288]
1.1325692420765852 1.1307918004294162 1.1290143587822472 1.1272369171350782 1.1254594754879093 1.1236820338407405 1.1219045921935715 1.1201271505464026 1.1183497088992307 1.1165722672520617 1.1147948256048927 1.1130173839577238 1.111239942310555 1.109462500663386 1.107685059016217 1.105907617369048 1.104130175721879 1.1023527340747103 1.1005752924275414 1.0987978507803724 1.0970204091332034 1.0952429674860316 1.0934655258388626 1.0916880841916936 1.0899106425445246 1.0881332008973559 1.086355759250187 1.084578317603018 1.0844480717786218 1.0860787155253744 1.0877093592721268 1.0893400030188793 1.0909706467656317 1.0926012905123843 1.0942319342591396 1.095862578005892 1.0974932217526445 1.099123865499397 1.1007545092461495 1.1023851529929019 1.1040157967396544 1.1056464404864068 1.1072770842331594 1.1089077279799118
1.1343633248473484 1.1325751300958966 1.1307869353444449 1.128998740592993 1.1272105458415416 1.1254223510900898 1.123634156338638 1.1218459615871863 1.1200577668357317 1.11826957208428 1.1164813773328282 1.1146931825813766 1.1129049878299249 1.111116793078473 1.1093285983270216 1.1075404035755698 1.105752208824118 1.1039640140726663 1.1021758193212148 1.100387624569763 1.0985994298183113 1.0968112350668566 1.0950230403154049 1.0932348455639531 1.0914466508125014 1.0896584560610498 1.087870261309598 1.0860820665581463 1.0859070008087346 1.0874564064289913 1.089005812049248 1.090555217669505 1.0921046232897618 1.0936540289100185 1.0952034345302781 1.0967528401505349 1.0983022457707916 1.0998516513910486 1.1014010570113053 1.102950462631562 1.104499868251819 1.1060492738720757 1.1075986794923325 1.1091480851125894
1.1361574076181116 1.134358459762377 1.1325595119066425 1.1307605640509082 1.1289616161951737 1.1271626683394391 1.1253637204837046 1.1235647726279703 1.1217658247722326 1.1199668769164983 1.1181679290607638 1.1163689812050293 1.1145700333492947 1.1127710854935604 1.1109721376378259 1.1091731897820913 1.107374241926357 1.1055752940706225 1.103776346214888 1.1019773983591536 1.1001784505034191 1.0983795026476815 1.0965805547919472 1.0947816069362126 1.092982659080478 1.0911837112247438 1.0893847633690092 1.0875858155132747 1.0873659298388472 1.0888340973326085 1.0903022648263696 1.0917704323201307 1.0932385998138918 1.094706767307653 1.0961749348014167 1.0976431022951778 1.099111269788939 1.1005794372827 1.1020476047764611 1.1035157722702222 1.1049839397639836 1.1064521072577447 1.1079202747515058 1.109388442245267
1.1379514903888748 1.1361417894288575 1.1343320884688401 1.132522387508823 1.1307126865488057 1.1289029855887884 1.1270932846287713 1.125283583668754 1.1234738827087338 1.1216641817487165 1.1198544807886992 1.1180447798286821 1.1162350788686648 1.1144253779086475 1.1126156769486304 1.110805975988613 1.1089962750285958 1.1071865740685787 1.1053768731085614 1.103567172148544 1.101757471188527 1.0999477702285065 1.0981380692684892 1.0963283683084721 1.0945186673484548 1.0927089663884375 1.0908992654284204 1.089089564468403 1.08882485886896 1.0902117882362254 1.091598717603491 1.0929856469707564 1.0943725763380219 1.0957595057052874 1.0971464350725553 1.0985333644398207 1.099920293807086 1.1013072231743515 1.102694152541617 1.1040810819088824 1.105468011276148 1.1068549406434134 1.1082418700106789 1.1096287993779443
1.139745573159638 1.137925119095338 1.1361046650310378 1.134284210966738 1.1324637569024378 1.1306433028381377 1.1288228487738379 1.1270023947095378 1.1251819406452346 1.1233614865809347 1.1215410325166346 1.1197205784523345 1.1179001243880347 1.1160796703237346 1.1142592162594347 1.1124387621951346 1.1106183081308345 1.1087978540665346 1.1069774000022345 1.1051569459379345 1.1033364918736346 1.1015160378093314 1.0996955837450313 1.0978751296807314 1.0960546756164313 1.0942342215521312 1.0924137674878314 1.0905933134235313 1.0902837878990725 1.0915894791398424 1.092895170380612 1.0942008616213819 1.0955065528621517 1.0968122441029216 1.0981179353436936 1.0994236265844635 1.100729317825233 1.102035009066003 1.1033407003067728 1.1046463915475426 1.1059520827883125 1.107257774029082 1.108563465269852 1.1098691565106218
1.1415396559304012 1.1397084487618183 1.1378772415932354 1.1360460344246528 1.13421482725607 1.1323836200874873 1.1305524129189044 1.1287212057503215 1.1268899985817358 1.125058791413153 1.12322758424457 1.1213963770759874 1.1195651699074045 1.1177339627388219 1.115902755570239 1.1140715484016561 1.1122403412330735 1.1104091340644906 1.108577926895908 1.106746719727325 1.1049155125587422 1.1030843053901564 1.1012530982215736 1.099421891052991 1.097590683884408 1.0957594767158252 1.0939282695472425 1.0920970623786597 1.0917427169291851 1.0929671700434593 1.0941916231577336 1.0954160762720075 1.0966405293862818 1.097864982500556 1.0990894356148322 1.1003138887291062 1.1015383418433804 1.1027627949576546 1.1039872480719286 1.1052117011862028 1.1064361543004768 1.107660607414751 1.1088850605290252 1.1101095136432992
1.1433337387011657 1.1414917784283 1.1396498181554344 1.137807857882569 1.1359658976097033 1.134123937336838 1.1322819770639723 1.1304400167911068 1.128598056518238 1.1267560962453724 1.124914135972507 1.1230721756996414 1.121230215426776 1.1193882551539103 1.1175462948810448 1.1157043346081792 1.1138623743353135 1.1120204140624481 1.1101784537895825 1.108336493516717 1.1064945332438514 1.1046525729709828 1.1028106126981172 1.1009686524252515 1.0991266921523861 1.0972847318795205 1.095442771606655 1.0936008113337894 1.0932016459592993 1.0943448609470776 1.095488075934856 1.0966312909226343 1.0977745059104127 1.0989177208981913 1.1000609358859714 1.10120415087375 1.1023473658615284 1.1034905808493067 1.104633795837085 1.1057770108248635 1.1069202258126418 1.1080634408004202 1.1092066557881985 1.110349870775977
1.145127821471929 1.1432751080947805 1.1414223947176323 1.1395696813404839 1.1377169679633357 1.1358642545861872 1.134011541209039 1.1321588278318906 1.130306114454739 1.1284534010775908 1.1266006877004424 1.1247479743232942 1.1228952609461458 1.1210425475689976 1.1191898341918491 1.117337120814701 1.1154844074375525 1.1136316940604043 1.1117789806832559 1.1099262673061077 1.1080735539289592 1.1062208405518077 1.1043681271746595 1.102515413797511 1.1006627004203628 1.0988099870432144 1.0969572736660662 1.0951045602889178 1.094660574989412 1.0957225518506948 1.0967845287119773 1.09784650557326 1.0989084824345428 1.0999704592958255 1.10103243615711 1.1020944130183927 1.1031563898796755 1.1042183667409582 1.105280343602241 1.1063423204635237 1.1074042973248064 1.1084662741860891 1.1095282510473718 1.1105902279086546
1.1469219042426921 1.145058437761261 1.14319497127983 1.1413315047983987 1.1394680383169677 1.1376045718355365 1.1357411053541056 1.1338776388726743 1.1320141723912402 1.130150705909809 1.128287239428378 1.1264237729469468 1.1245603064655159 1.1226968399840846 1.1208333735026537 1.1189699070212225 1.1171064405397915 1.1152429740583603 1.1133795075769293 1.111516041095498 1.109652574614067 1.1077891081326328 1.1059256416512018 1.1040621751697706 1.1021987086883396 1.1003352422069084 1.0984717757254774 1.0966083092440462 1.0961195040195246 1.0971002427543117 1.0980809814890988 1.099061720223886 1.1000424589586728 1.10102319769346 1.1020039364282486 1.1029846751630357 1.1039654138978228 1.1049461526326099 1.1059268913673967 1.1069076301021838 1.107888368836971 1.108869107571758 1.109849846306545 1.110830585041332
1.1487159870134553 1.1468417674277414 1.1449675478420276 1.1430933282563136 1.1412191086705998 1.1393448890848858 1.137470669499172 1.1355964499134583 1.1337222303277412 1.1318480107420272 1.1299737911563135 1.1280995715705995 1.1262253519848857 1.124351132399172 1.122476912813458 1.1206026932277442 1.1187284736420302 1.1168542540563164 1.1149800344706025 1.1131058148848887 1.111231595299175 1.1093573757134578 1.1074831561277438 1.10560893654203 1.1037347169563163 1.1018604973706023 1.0999862777848886 1.0981120581991746 1.0975784330496374 1.098477933657929 1.0993774342662201 1.1002769348745116 1.1011764354828029 1.1020759360910943 1.1029754366993871 1.1038749373076786 1.1047744379159699 1.1056739385242613 1.1065734391325526 1.107472939740844 1.1083724403491355 1.1092719409574268 1.1101714415657182 1.1110709421740095
1.1505100697842185 1.1486250970942218 1.1467401244042252 1.1448551517142285 1.142970179024232 1.1410852063342354 1.1392002336442386 1.137315260954242 1.1354302882642422 1.1335453155742456 1.1316603428842489 1.1297753701942523 1.1278903975042558 1.126005424814259 1.1241204521242625 1.1222354794342657 1.1203505067442692 1.1184655340542726 1.1165805613642759 1.1146955886742793 1.1128106159842825 1.110925643294283 1.1090406706042861 1.1071556979142896 1.1052707252242928 1.1033857525342963 1.1015007798442997 1.099615807154303 1.0990373620797502 1.0998556245615458 1.1006738870433415 1.1014921495251373 1.102310412006933 1.1031286744887288 1.1039469369705257 1.1047651994523215 1.1055834619341172 1.1064017244159128 1.1072199868977086 1.1080382493795042 1.1088565118612999 1.1096747743430957 1.1104930368248913 1.1113112993066872
1.1523041525549815 1.150408426760702 1.1485127009664227 1.1466169751721433 1.1447212493778638 1.1428255235835845 1.1409297977893051 1.1390340719950258 1.1371383462007432 1.1352426204064636 1.1333468946121843 1.131451168817905 1.1295554430236254 1.127659717229346 1.1257639914350668 1.1238682656407875 1.121972539846508 1.1200768140522286 1.1181810882579493 1.1162853624636697 1.1143896366693904 1.1124939108751077 1.1105981850808284 1.1087024592865489 1.1068067334922695 1.1049110076979902 1.103015281903711 1.1011195561094314 1.1004962911098628 1.1012333154651628 1.101970339820463 1.102707364175763 1.103444388531063 1.104181412886363 1.1049184372416643 1.1056554615969643 1.1063924859522642 1.1071295103075645 1.1078665346628644 1.1086035590181644 1.1093405833734644 1.1100776077287644 1.1108146320840646 1.1115516564393646
1.1540982353257463 1.152191756427184 1.1502852775286219 1.1483787986300598 1.1464723197314974 1.1445658408329353 1.1426593619343732 1.1407528830358111 1.1388464041372457 1.1369399252386834 1.1350334463401213 1.1331269674415592 1.1312204885429968 1.1293140096444347 1.1274075307458726 1.1255010518473103 1.1235945729487482 1.121688094050186 1.119781615151624 1.1178751362530617 1.1159686573544996 1.1140621784559341 1.112155699557372 1.11024922065881 1.1083427417602476 1.1064362628616855 1.1045297839631234 1.102623305064561 1.101955220139977 1.1026110063687813 1.1032667925975854 1.1039225788263898 1.1045783650551941 1.1052341512839983 1.1058899375128037 1.106545723741608 1.1072015099704124 1.1078572961992166 1.108513082428021 1.1091688686568253 1.1098246548856294 1.1104804411144338 1.1111362273432381 1.1117920135720423
1.1558923180965095 1.1539750860936644 1.1520578540908195 1.1501406220879746 1.1482233900851297 1.1463061580822846 1.1443889260794398 1.1424716940765949 1.1405544620737467 1.1386372300709018 1.1367199980680567 1.1348027660652118 1.132885534062367 1.130968302059522 1.129051070056677 1.127133838053832 1.1252166060509872 1.1232993740481423 1.1213821420452972 1.1194649100424523 1.1175476780396074 1.1156304460367592 1.1137132140339143 1.1117959820310692 1.1098787500282243 1.1079615180253795 1.1060442860225346 1.1041270540196895 1.1034141491700895 1.1039886972723982 1.104563245374707 1.1051377934770155 1.1057123415793242 1.1062868896816327 1.1068614377839423 1.107435985886251 1.1080105339885595 1.1085850820908683 1.1091596301931768 1.1097341782954855 1.110308726397794 1.1108832745001027 1.1114578226024112 1.11203237070472
1.1576864008672727 1.1557584157601448 1.1538304306530172 1.1519024455458895 1.1499744604387618 1.1480464753316342 1.1461184902245063 1.1441905051173786 1.1422625200102476 1.14033453490312 1.1384065497959923 1.1364785646888644 1.1345505795817368 1.1326225944746091 1.1306946093674815 1.1287666242603538 1.126838639153226 1.1249106540460982 1.1229826689389706 1.121054683831843 1.1191266987247153 1.1171987136175843 1.1152707285104564 1.1133427434033287 1.111414758296201 1.1094867731890734 1.1075587880819457 1.1056308029748179 1.1048730782002023 1.1053663881760152 1.1058596981518283 1.1063530081276411 1.1068463181034542 1.1073396280792671 1.1078329380550809 1.1083262480308937 1.1088195580067068 1.1093128679825197 1.1098061779583326 1.1102994879341457 1.1107927979099586 1.1112861078857714 1.1117794178615845 1.1122727278373974
1.159480483638036 1.1575417454266252 1.1556030072152148 1.1536642690038044 1.151725530792394 1.1497867925809835 1.1478480543695728 1.1459093161581624 1.1439705779467486 1.1420318397353382 1.1400931015239277 1.138154363312517 1.1362156251011066 1.1342768868896962 1.1323381486782857 1.1303994104668753 1.1284606722554646 1.1265219340440542 1.1245831958326438 1.1226444576212333 1.1207057194098229 1.1187669811984091 1.1168282429869985 1.114889504775588 1.1129507665641776 1.1110120283527671 1.1090732901413567 1.107134551929946 1.1063320072303149 1.1067440790796321 1.1071561509289494 1.1075682227782666 1.107980294627584 1.1083923664769013 1.1088044383262192 1.1092165101755365 1.109628582024854 1.1100406538741712 1.1104527257234884 1.1108647975728057 1.111276869422123 1.1116889412714401 1.1121010131207576 1.1125130849700748
1.1612745664087991 1.1593250750931057 1.1573755837774125 1.1554260924617192 1.153476601146026 1.1515271098303328 1.1495776185146396 1.1476281271989461 1.1456786358832496 1.1437291445675564 1.1417796532518631 1.13983016193617 1.1378806706204767 1.1359311793047835 1.13398168798909 1.1320321966733968 1.1300827053577036 1.1281332140420104 1.1261837227263172 1.124234231410624 1.1222847400949305 1.120335248779234 1.1183857574635407 1.1164362661478475 1.1144867748321543 1.112537283516461 1.1105877922007679 1.1086383008850744 1.1077909362604275 1.108121769983249 1.108452603706071 1.1087834374288925 1.1091142711517141 1.1094451048745357 1.1097759385973578 1.1101067723201794 1.110437606043001 1.1107684397658226 1.1110992734886442 1.1114301072114658 1.1117609409342875 1.112091774657109 1.1124226083799307 1.1127534421027523
1.163068649179562 1.161108404759586 1.1591481603396099 1.1571879159196339 1.1552276714996579 1.1532674270796819 1.1513071826597059 1.1493469382397299 1.1473866938197506 1.1454264493997746 1.1434662049797986 1.1415059605598226 1.1395457161398466 1.1375854717198706 1.1356252272998943 1.1336649828799183 1.1317047384599423 1.1297444940399664 1.1277842496199904 1.1258240052000144 1.1238637607800384 1.121903516360059 1.119943271940083 1.117983027520107 1.116022783100131 1.114062538680155 1.1121022942601788 1.1101420498402028 1.1092498652905403 1.1094994608868662 1.1097490564831922 1.1099986520795182 1.110248247675844 1.11049784327217 1.1107474388684964 1.1109970344648223 1.1112466300611483 1.111496225657474 1.1117458212538 1.111995416850126 1.112245012446452 1.112494608042778 1.112744203639104 1.1129937992354297
1.1648627319503253 1.1628917344260665 1.1609207369018077 1.158949739377549 1.15697874185329 1.1550077443290312 1.1530367468047724 1.1510657492805136 1.1490947517562515 1.1471237542319928 1.145152756707734 1.1431817591834752 1.1412107616592164 1.1392397641349576 1.1372687666106989 1.13529776908644 1.1333267715621813 1.1313557740379225 1.1293847765136638 1.127413778989405 1.1254427814651462 1.123471783940884 1.1215007864166253 1.1195297888923665 1.1175587913681078 1.1155877938438488 1.11361679631959 1.1116457987953312 1.110708794320653 1.1108771517904832 1.1110455092603135 1.1112138667301439 1.111382224199974 1.1115505816698044 1.111718939139635 1.1118872966094653 1.1120556540792954 1.1122240115491258 1.112392369018956 1.1125607264887862 1.1127290839586166 1.1128974414284467 1.113065798898277 1.1132341563681074
1.16665681472109 1.1646750640925485 1.162693313464007 1.1607115628354652 1.1587298122069236 1.156748061578382 1.1547663109498405 1.152784560321299 1.150802809692754 1.1488210590642125 1.146839308435671 1.1448575578071294 1.1428758071785878 1.1408940565500463 1.1389123059215047 1.1369305552929632 1.1349488046644216 1.13296705403588 1.1309853034073385 1.129003552778797 1.1270218021502554 1.1250400515217105 1.123058300893169 1.1210765502646274 1.1190947996360858 1.117113049007544 1.1151312983790025 1.113149547750461 1.112167723350767 1.1122548426941015 1.1123419620374362 1.1124290813807707 1.1125162007241052 1.1126033200674397 1.1126904394107744 1.1127775587541089 1.1128646780974434 1.1129517974407779 1.1130389167841124 1.1131260361274469 1.1132131554707814 1.113300274814116 1.1133873941574506 1.113474513500785
