Figures/CREST_Example_wjb_NSE/PETs/wjb.pet.20090106.asc
ncols            288
nrows            254
xllcorner        113.274861
yllcorner        31.4918055
cellsize         0.008333333333
NODATA_value     -9999
[rows 120 to 139 of 254, columns 0 to 42 of 288]
-9999.0 -9999.0 -9999.0 -9999.0 -9999.0 -9999.0 -9999.0 -9999.0 -9999.0 -9999.0 -9999.0 -9999.0 -9999.0 0.5417568317122298 0.5409257564976157 0.5400946812830016 0.5392636060683876 0.5384325308537736 -9999.0 -9999.0 -9999.0 -9999.0 -9999.0 -9999.0 -9999.0 -9999.0 -9999.0 -9999.0 -9999.0 0.5284596282784039 0.5276285530637899 0.5267974778491759 0.5259664026345618 0.5251353274199478 0.5243042522053338 0.5234731769907197 0.5226421017761057 0.5218110265614917 0.5209799513468777 0.5201488761322622 0.5193178009176482 0.5184867257030342 0.5176451164246761
-9999.0 -9999.0 -9999.0 -9999.0 -9999.0 -9999.0 -9999.0 -9999.0 -9999.0 -9999.0 -9999.0 -9999.0 0.5420653670806957 0.5412119633416375 0.5403585596025807 0.5395051558635239 0.538651752124467 0.5377983483854102 0.5369449446463533 -9999.0 -9999.0 -9999.0 -9999.0 -9999.0 -9999.0 -9999.0 -9999.0 -9999.0 -9999.0 -9999.0 0.52670409977767 0.5258506960386131 0.5249972922995564 0.5241438885604995 0.5232904848214427 0.5224370810823858 0.521583677343329 0.5207302736042723 0.5198768698652154 0.5190234661261571 0.5181700623871003 0.5173166586480434 0.5164579088516215
-9999.0 -9999.0 -9999.0 -9999.0 -9999.0 -9999.0 -9999.0 -9999.0 -9999.0 -9999.0 -9999.0 -9999.0 0.5415428272345464 0.5406670949710453 0.5397913627075456 0.538915630444046 0.5380398981805463 0.5371641659170467 0.5362884336535471 0.5354127013900475 0.5345369691265478 -9999.0 -9999.0 -9999.0 -9999.0 -9999.0 -9999.0 -9999.0 -9999.0 0.5266553787550496 0.5257796464915501 0.5249039142280504 0.5240281819645508 0.5231524497010511 0.5222767174375516 0.5214009851740519 0.5205252529105523 0.5196495206470526 0.518773788383553 0.5178980561200519 0.5170223238565522 0.5161465915930527 0.5152707012785668
-9999.0 -9999.0 -9999.0 -9999.0 -9999.0 -9999.0 -9999.0 -9999.0 -9999.0 -9999.0 -9999.0 -9999.0 0.5410202873883969 0.540122226600453 0.5392241658125105 0.538326105024568 0.5374280442366256 0.5365299834486832 0.5356319226607408 0.5347338618727984 0.533835801084856 -9999.0 -9999.0 0.5311416187210286 -9999.0 -9999.0 -9999.0 -9999.0 -9999.0 0.5257532539933726 0.5248551932054302 0.5239571324174876 0.5230590716295452 0.5221610108416028 0.5212629500536604 0.520364889265718 0.5194668284777756 0.5185687676898332 0.5176707069018907 0.5167726461139467 0.5158745853260043 0.5149765245380619 0.5140834937055121
-9999.0 -9999.0 -9999.0 -9999.0 -9999.0 -9999.0 -9999.0 -9999.0 -9999.0 -9999.0 -9999.0 -9999.0 0.540497747542247 0.5395773582298602 0.5386569689174749 0.5377365796050897 0.5368161902927044 0.5358958009803192 0.5349754116679339 0.5340550223555487 0.5331346330431634 0.5322142437307782 0.5312938544183929 0.5303734651060077 0.5294530757936224 0.5285326864812372 -9999.0 -9999.0 0.5257715185440799 0.5248511292316946 0.5239307399193094 0.5230103506069241 0.5220899612945389 0.5211695719821536 0.5202491826697684 0.5193287933573831 0.5184084040449979 0.5174880147326126 0.5165676254202274 0.5156472361078406 0.5147268467954553 0.5138064574830701 0.5128962861324563
-9999.0 -9999.0 -9999.0 -9999.0 -9999.0 -9999.0 -9999.0 -9999.0 -9999.0 -9999.0 -9999.0 0.5409069609515819 0.5399752076960975 0.5390324898592679 0.5380897720224398 0.5371470541856118 0.5362043363487837 0.5352616185119556 0.5343189006751277 0.5333761828382996 0.5324334650014715 0.5314907471646435 0.5305480293278154 0.5296053114909874 0.5286625936541594 0.5277198758173313 0.5267771579805016 0.5258344401436736 0.5248917223068456 0.5239490044700175 0.5230062866331895 0.5220635687963614 0.5211208509595333 0.5201781331227053 0.5192354152858772 0.5182926974490492 0.5173499796122212 0.5164072617753931 0.5154645439385651 0.5145218261017355 0.5135791082649074 0.5126363904280793 0.5117090785594016
-9999.0 -9999.0 -9999.0 -9999.0 -9999.0 -9999.0 -9999.0 -9999.0 -9999.0 -9999.0 -9999.0 0.5403998070647856 0.5394526678499482 0.5384876214886757 0.5375225751274048 0.5365575287661339 0.5355924824048631 0.5346274360435922 0.5336623896823214 0.5326973433210506 0.5317322969597797 0.5307672505985088 0.529802204237238 0.5288371578759672 0.5278721115146963 0.5269070651534254 0.525942018792153 0.5249769724308821 0.5240119260696112 0.5230468797083404 0.5220818333470696 0.5211167869857987 0.5201517406245278 0.519186694263257 0.5182216479019862 0.5172566015407153 0.5162915551794445 0.5153265088181737 0.5143614624569027 0.5133964160956302 0.5124313697343594 0.5114663233730886 0.510521870986347
-9999.0 -9999.0 -9999.0 -9999.0 -9999.0 -9999.0 -9999.0 -9999.0 -9999.0 -9999.0 -9999.0 0.5398926531779892 0.5389301280037986 0.5379427531180833 0.5369553782323696 0.535968003346656 0.5349806284609423 0.5339932535752288 0.5330058786895151 0.5320185038038014 0.5310311289180878 0.5300437540323741 0.5290563791466605 0.5280690042609468 0.5270816293752332 0.5260942544895195 0.5251068796038042 0.5241195047180905 0.5231321298323769 0.5221447549466632 0.5211573800609496 0.5201700051752359 0.5191826302895223 0.5181952554038086 0.517207880518095 0.5162205056323813 0.5152331307466677 0.514245755860954 0.5132583809752403 0.512271006089525 0.5112836312038114 0.5102962563180977 0.5093346634132923
-9999.0 -9999.0 -9999.0 -9999.0 -9999.0 -9999.0 -9999.0 -9999.0 -9999.0 -9999.0 -9999.0 0.5393854992911928 0.5384075881576492 0.5373978847474911 0.5363881813373346 0.5353784779271782 0.5343687745170217 0.5333590711068653 0.5323493676967088 0.5313396642865523 0.530329960876396 0.5293202574662395 0.528310554056083 0.5273008506459266 0.5262911472357701 0.5252814438256137 0.5242717404154554 0.523262037005299 0.5222523335951426 0.5212426301849862 0.5202329267748297 0.5192232233646732 0.5182135199545168 0.5172038165443603 0.5161941131342039 0.5151844097240474 0.514174706313891 0.5131650029037346 0.5121552994935781 0.5111455960834199 0.5101358926732634 0.509126189263107 0.5081474558402376
-9999.0 -9999.0 -9999.0 -9999.0 -9999.0 -9999.0 -9999.0 -9999.0 -9999.0 -9999.0 0.5398354086123827 0.5388783454043965 0.5378850483114997 0.5368530163768988 0.5358209844422995 0.5347889525077002 0.533756920573101 0.5327248886385018 0.5316928567039025 0.5306608247693032 0.529628792834704 0.5285967609001048 0.5275647289655055 0.5265326970309062 0.525500665096307 0.5244686331617078 0.5234366012271068 0.5224045692925074 0.5213725373579082 0.520340505423309 0.5193084734887098 0.5182764415541105 0.5172444096195112 0.516212377684912 0.5151803457503128 0.5141483138157135 0.5131162818811142 0.512084249946515 0.5110522180119158 0.5100201860773148 0.5089881541427155 0.5079561222081163 0.5069602482671829
-9999.0 -9999.0 -9999.0 -9999.0 -9999.0 -9999.0 -9999.0 -9999.0 -9999.0 0.5403031012304909 0.5393371463740455 0.5383711915176002 0.5373625084653504 0.5363081480063064 0.5352537875472645 0.5341994270882224 0.5331450666291804 0.5320907061701383 0.5310363457110963 0.5299819852520542 0.5289276247930121 0.5278732643339701 0.526818903874928 0.525764543415886 0.5247101829568439 0.5236558224978018 0.522601462038758 0.521547101579716 0.5204927411206739 0.5194383806616318 0.5183840202025898 0.5173296597435477 0.5162752992845057 0.5152209388254636 0.5141665783664215 0.5131122179073795 0.5120578574483375 0.5110034969892955 0.5099491365302534 0.5088947760712096 0.5078404156121675 0.5067860551531255 0.5057730406941282
-9999.0 -9999.0 -9999.0 -9999.0 -9999.0 -9999.0 -9999.0 0.5417634236504214 0.540788577145517 0.5398137306406124 0.5388388841357079 0.5378640376308035 0.5368399686192005 0.5357632796357138 0.5346865906522289 0.533609901668744 0.5325332126852592 0.5314565237017743 0.5303798347182894 0.5293031457348045 0.5282264567513197 0.5271497677678348 0.52607307878435 0.524996389800865 0.5239197008173802 0.5228430118338954 0.5217663228504086 0.5206896338669238 0.5196129448834389 0.518536255899954 0.5174595669164691 0.5163828779329842 0.5153061889494994 0.5142294999660145 0.5131528109825296 0.5120761219990447 0.51099943301556 0.509922744032075 0.5088460550485902 0.5077693660651035 0.5066926770816186 0.5056159880981337 0.5045858331210725
-9999.0 -9999.0 -9999.0 -9999.0 -9999.0 -9999.0 0.5422755745108253 0.5412918363574617 0.540308098204098 0.5393243600507344 0.5383406218973708 0.537356883744007 0.536317428773051 0.5352184112651215 0.5341193937571938 0.5330203762492661 0.5319213587413384 0.5308223412334108 0.5297233237254831 0.5286243062175554 0.5275252887096278 0.5264262712017 0.5253272536937724 0.5242282361858448 0.5231292186779171 0.5220302011699894 0.5209311836620599 0.5198321661541322 0.5187331486462046 0.5176341311382768 0.5165351136303492 0.5154360961224216 0.5143370786144938 0.5132380611065662 0.5121390435986385 0.5110400260907109 0.5099410085827832 0.5088419910748555 0.5077429735669279 0.5066439560589983 0.5055449385510706 0.504445921043143 0.5033986255480178
-9999.0 -9999.0 -9999.0 0.5447907682717932 0.5437981384699704 -9999.0 0.5418128788663248 0.540820249064502 0.5398276192626792 0.5388349894608564 0.5378423596590336 0.5368497298572108 0.5357948889269016 0.5346735428945292 0.5335521968621587 0.5324308508297882 0.5313095047974178 0.5301881587650473 0.5290668127326769 0.5279454667003064 0.5268241206679359 0.5257027746355655 0.5245814286031949 0.5234600825708244 0.522338736538454 0.5212173905060835 0.5200960444737112 0.5189746984413407 0.5178533524089702 0.5167320063765998 0.5156106603442292 0.5144893143118587 0.5133679682794883 0.5122466222471178 0.5111252762147473 0.5100039301823769 0.5088825841500064 0.507761238117636 0.5066398920852655 0.505518546052893 0.5043972000205226 0.5032758539881521 0.502211417974963
-9999.0 -9999.0 -9999.0 0.5443547475726699 0.543353226122388 0.542351704672106 0.541350183221824 0.5403486617715422 0.5393471403212602 0.5383456188709782 0.5373440974206963 0.5363425759704143 0.535272349080752 0.5341286745239369 0.5329849999671236 0.5318413254103104 0.5306976508534971 0.5295539762966838 0.5284103017398705 0.5272666271830573 0.526122952626244 0.5249792780694307 0.5238356035126175 0.5226919289558042 0.5215482543989909 0.5204045798421776 0.5192609052853624 0.5181172307285491 0.5169735561717359 0.5158298816149226 0.5146862070581093 0.513542532501296 0.5123988579444828 0.5112551833876695 0.5101115088308562 0.508967834274043 0.5078241597172297 0.5066804851604164 0.5055368106036031 0.5043931360467879 0.5032494614899746 0.5021057869331614 0.5010242104019084
-9999.0 -9999.0 -9999.0 0.5439187268735468 0.5429083137748056 0.5418979006760646 0.5408874875773235 0.5398770744785825 0.5388666613798413 0.5378562482811002 0.5368458351823592 0.535835422083618 0.5347498092346027 0.5335838061533447 0.5324178030720885 0.5312517999908325 0.5300857969095765 0.5289197938283203 0.5277537907470643 0.5265877876658082 0.5254217845845521 0.5242557815032961 0.52308977842204 0.5219237753407839 0.5207577722595279 0.5195917691782718 0.5184257660970137 0.5172597630157576 0.5160937599345016 0.5149277568532455 0.5137617537719894 0.5125957506907334 0.5114297476094773 0.5102637445282212 0.5090977414469652 0.507931738365709 0.506765735284453 0.505599732203197 0.5044337291219408 0.5032677260406828 0.5021017229594267 0.5009357198781706 0.49983700282885374
-9999.0 -9999.0 -9999.0 0.5434827061744236 0.5424634014272234 0.5414440966800231 0.5404247919328229 0.5394054871856226 0.5383861824384224 0.5373668776912222 0.5363475729440219 0.5353282681968217 0.5342272693884532 0.5330389377827524 0.5318506061770535 0.5306622745713545 0.5294739429656556 0.5282856113599568 0.5270972797542579 0.525908948148559 0.5247206165428602 0.5235322849371613 0.5223439533314624 0.5211556217257636 0.5199672901200647 0.5187789585143658 0.517590626908665 0.5164022953029661 0.5152139636972672 0.5140256320915684 0.5128373004858695 0.5116489688801706 0.5104606372744718 0.5092723056687729 0.508083974063074 0.5068956424573752 0.5057073108516763 0.5045189792459773 0.5033306476402785 0.5021423160345776 0.5009539844288787 0.49976565282317986 0.49864979525579906
-9999.0 -9999.0 -9999.0 0.5430466854753 0.5420184890796407 0.5409902926839812 0.5399620962883219 0.5389338998926625 0.5379057034970031 0.5368775071013437 0.5358493107056843 0.5348211143100249 0.5337047295423033 0.5324940694121596 0.5312834092820179 0.5300727491518762 0.5288620890217345 0.5276514288915928 0.5264407687614512 0.5252301086313095 0.5240194485011678 0.5228087883710261 0.5215981282408844 0.5203874681107427 0.519176807980601 0.5179661478504592 0.5167554877203155 0.5155448275901738 0.5143341674600321 0.5131235073298904 0.5119128471997487 0.5107021870696071 0.5094915269394654 0.5082808668093237 0.507070206679182 0.5058595465490403 0.5046488864188986 0.5034382262887569 0.5022275661586152 0.5010169060284715 0.4998062458983298 0.4985955857681881 0.4974625876827433
-9999.0 -9999.0 -9999.0 0.5426106647761769 0.5415735767320584 0.5405364886879398 0.5394994006438213 0.5384623125997028 0.5374252245555843 0.5363881365114657 0.5353510484673472 0.5343139604232287 0.5331821896961539 0.5319492010415674 0.5307162123869829 0.5294832237323984 0.5282502350778139 0.5270172464232293 0.5257842577686449 0.5245512691140604 0.5233182804594759 0.5220852918048914 0.520852303150307 0.5196193144957224 0.518386325841138 0.5171533371865534 0.5159203485319668 0.5146873598773823 0.5134543712227978 0.5122213825682134 0.5109883939136288 0.5097554052590444 0.5085224166044598 0.5072894279498754 0.5060564392952909 0.5048234506407063 0.5035904619861219 0.5023574733315374 0.5011244846769529 0.49989149602236627 0.4986585073677818 0.4974255187131973 0.49627538010968864
-9999.0 0.5442666034622091 0.5432206237696314 0.5421746440770537 0.541128664384476 0.5400826846918984 0.5390367049993207 0.537990725306743 0.5369447456141653 0.5358987659215876 0.5348527862290099 0.5338068065364322 0.5326596498500045 0.531404332670975 0.5301490154919477 0.5288936983129204 0.5276383811338932 0.5263830639548659 0.5251277467758386 0.5238724295968112 0.522617112417784 0.5213617952387567 0.5201064780597294 0.5188511608807022 0.5175958437016748 0.5163405265226475 0.5150852093436181 0.5138298921645909 0.5125745749855635 0.5113192578065362 0.5100639406275089 0.5088086234484817 0.5075533062694544 0.506297989090427 0.5050426719113997 0.5037873547323725 0.5025320375533452 0.5012767203743179 0.5000214031952905 0.49876608601626116 0.4975107688372339 0.49625545165820656 0.49508817253663395
