Figures/CREST_Example_wjb_NSE/PETs/wjb.pet.20100427.asc
ncols            288
nrows            254
xllcorner        113.274861
yllcorner        31.4918055
cellsize         0.008333333333
NODATA_value     -9999
[rows 100 to 119 of 254, columns 44 to 87 of 288]
3.2972516366412132 3.296287390784783 3.2953231449283527 3.2943588990719226 3.293394653215492 3.292430407359062 3.2914661615026315 3.2905019156462014 3.289537669789769 3.288573423933339 3.2876091780769086 3.2866449322204785 3.285680686364048 3.284716440507618 3.2837521946511874 3.2827879487947573 3.281823702938327 3.2808594570818967 3.2798952112254662 3.278930965369036 3.2779667195126057 3.277002473656174 3.2760382277997433 3.2750739819433132 3.2741097360868827 3.2731454902304526 3.272181244374022 3.271216998517592 3.2705217690524613 3.2701141241910303 3.2697064793295993 3.269298834468168 3.268891189606737 3.268483544745306 3.268075899883874 3.267668255022443 3.267260610161012 3.2668529652995812 3.2664453204381503 3.266037675576719 3.265630030715288 3.265222385853857 3.264814740992426 3.264407096130995
3.2929252371504343 3.292031934290112 3.2911386314297895 3.2902453285694673 3.2893520257091446 3.2884587228488225 3.2875654199885003 3.2866721171281776 3.2857788142678537 3.2848855114075315 3.283992208547209 3.2830989056868867 3.2822056028265645 3.281312299966242 3.2804189971059197 3.279525694245597 3.278632391385275 3.277739088524952 3.27684578566463 3.2759524828043074 3.275059179943985 3.2741658770836612 3.273272574223339 3.2723792713630164 3.2714859685026942 3.2705926656423716 3.2696993627820494 3.268806059921727 3.268179912945851 3.267839361649789 3.2674988103537275 3.267158259057666 3.2668177077616045 3.266477156465543 3.2661366051694807 3.265796053873419 3.2654555025773573 3.2651149512812956 3.264774399985234 3.2644338486891726 3.264093297393111 3.2637527460970492 3.2634121948009875 3.263071643504926
3.2885988376596553 3.287776477795441 3.2869541179312263 3.286131758067012 3.285309398202797 3.284487038338583 3.2836646784743686 3.282842318610154 3.282019958745938 3.2811975988817235 3.280375239017509 3.279552879153295 3.27873051928908 3.277908159424866 3.277085799560651 3.2762634396964367 3.2754410798322224 3.2746187199680077 3.2737963601037934 3.272974000239579 3.2721516403753643 3.2713292805111487 3.270506920646934 3.2696845607827196 3.268862200918505 3.2680398410542906 3.2672174811900763 3.2663951213258615 3.26583805683924 3.265564599108548 3.2652911413778556 3.2650176836471636 3.264744225916471 3.264470768185779 3.2641973104550863 3.2639238527243943 3.2636503949937024 3.26337693726301 3.263103479532318 3.2628300218016255 3.2625565640709335 3.262283106340241 3.262009648609549 3.261736190878857
3.284272438168876 3.2835210213007695 3.2827696044326626 3.282018187564556 3.28126677069645 3.2805153538283434 3.2797639369602365 3.27901252009213 3.2782611032240223 3.277509686355916 3.276758269487809 3.2760068526197026 3.275255435751596 3.2745040188834897 3.273752602015383 3.2730011851472764 3.27224976827917 3.2714983514110636 3.2707469345429567 3.2699955176748503 3.269244100806744 3.268492683938636 3.2677412670705293 3.266989850202423 3.2662384333343164 3.26548701646621 3.264735599598103 3.2639841827299967 3.2634962007326296 3.263289836567307 3.263083472401984 3.2628771082366614 3.2626707440713387 3.262464379906016 3.262258015740693 3.26205165157537 3.2618452874100474 3.2616389232447247 3.261432559079402 3.2612261949140793 3.2610198307487566 3.260813466583434 3.2606071024181107 3.260400738252788
3.279946038678097 3.2792655648060984 3.2785850909340994 3.277904617062101 3.2772241431901024 3.276543669318104 3.275863195446105 3.2751827215741063 3.2745022477021064 3.273821773830108 3.2731412999581093 3.2724608260861108 3.2717803522141122 3.2710998783421132 3.2704194044701147 3.269738930598116 3.2690584567261176 3.268377982854119 3.26769750898212 3.2670170351101215 3.266336561238123 3.265656087366123 3.2649756134941246 3.264295139622126 3.2636146657501275 3.2629341918781285 3.26225371800613 3.2615732441341314 3.2611543446260187 3.2610150740260653 3.2608758034261123 3.260736532826159 3.2605972622262054 3.2604579916262524 3.260318721026299 3.2601794504263455 3.260040179826392 3.259900909226439 3.2597616386264856 3.259622368026532 3.259483097426579 3.2593438268266257 3.2592045562266723 3.2590652856267193
3.2756196391873145 3.275010108311424 3.274400577435533 3.2737910465596425 3.273181515683752 3.272571984807861 3.2719624539319705 3.27135292305608 3.270743392180188 3.270133861304297 3.2695243304284065 3.268914799552516 3.268305268676625 3.2676957378007345 3.267086206924844 3.266476676048953 3.2658671451730625 3.265257614297172 3.264648083421281 3.2640385525453905 3.2634290216695 3.2628194907936083 3.2622099599177177 3.261600429041827 3.2609908981659363 3.2603813672900457 3.259771836414155 3.2591623055382644 3.258812488519406 3.2587403114848223 3.2586681344502386 3.258595957415655 3.2585237803810707 3.258451603346487 3.2583794263119032 3.2583072492773195 3.258235072242736 3.2581628952081516 3.258090718173568 3.258018541138984 3.2579463641044004 3.2578741870698167 3.257802010035233 3.2577298330006492
3.2712932396965355 3.2707546518167527 3.27021606393697 3.269677476057187 3.2691388881774044 3.2686003002976216 3.268061712417839 3.267523124538056 3.2669845366582724 3.2664459487784896 3.265907360898707 3.265368773018924 3.2648301851391412 3.2642915972593585 3.2637530093795757 3.263214421499793 3.26267583362001 3.2621372457402273 3.2615986578604446 3.261060069980662 3.260521482100879 3.2599828942210953 3.2594443063413125 3.2589057184615298 3.258367130581747 3.257828542701964 3.2572899548221814 3.256751366942399 3.256470632412795 3.2564655489435808 3.2564604654743667 3.2564553820051523 3.256450298535938 3.2564452150667234 3.2564401315975093 3.256435048128295 3.2564299646590804 3.256424881189866 3.256419797720652 3.2564147142514375 3.256409630782223 3.2564045473130085 3.2563994638437945 3.25639438037458
3.2669668402057557 3.266499195322081 3.2660315504384063 3.2655639055547314 3.2650962606710565 3.2646286157873816 3.2641609709037067 3.263693326020032 3.2632256811363565 3.2627580362526816 3.2622903913690067 3.2618227464853318 3.261355101601657 3.260887456717982 3.260419811834307 3.2599521669506326 3.2594845220669577 3.259016877183283 3.258549232299608 3.258081587415933 3.257613942532258 3.2571462976485828 3.256678652764908 3.256211007881233 3.255743362997558 3.255275718113883 3.2548080732302083 3.2543404283465334 3.2541287763061844 3.2541907864023396 3.2542527964984944 3.2543148065946497 3.254376816690805 3.2544388267869597 3.254500836883115 3.2545628469792702 3.2546248570754255 3.2546868671715803 3.2547488772677355 3.254810887363891 3.2548728974600456 3.254934907556201 3.254996917652356 3.255058927748511
3.2626404407149767 3.26224373882741 3.261847036939843 3.261450335052276 3.261053633164709 3.260656931277142 3.2602602293895755 3.2598635275020085 3.259466825614441 3.259070123726874 3.258673421839307 3.25827671995174 3.257880018064173 3.2574833161766064 3.2570866142890393 3.2566899124014723 3.2562932105139053 3.2558965086263383 3.2554998067387717 3.2551031048512047 3.2547064029636377 3.25430970107607 3.253912999188503 3.253516297300936 3.253119595413369 3.2527228935258026 3.2523261916382356 3.2519294897506685 3.251786920199574 3.2519160238610985 3.252045127522623 3.2521742311841475 3.252303334845672 3.2524324385071965 3.2525615421687215 3.252690645830246 3.2528197494917706 3.252948853153295 3.2530779568148196 3.253207060476344 3.2533361641378686 3.253465267799393 3.2535943714609177 3.253723475122442
3.2583140412241978 3.2579882823327386 3.25766252344128 3.257336764549821 3.2570110056583617 3.2566852467669025 3.256359487875444 3.2560337289839847 3.255707970092525 3.255382211201066 3.2550564523096073 3.254730693418148 3.254404934526689 3.25407917563523 3.253753416743771 3.253427657852312 3.253101898960853 3.2527761400693938 3.252450381177935 3.252124622286476 3.251798863395017 3.251473104503557 3.2511473456120985 3.2508215867206394 3.2504958278291802 3.250170068937721 3.2498443100462624 3.2495185511548033 3.249445064092963 3.249641261319857 3.249837458546751 3.250033655773645 3.250229853000539 3.250426050227433 3.250622247454327 3.2508184446812214 3.251014641908115 3.2512108391350094 3.251407036361903 3.251603233588797 3.2517994308156912 3.251995628042585 3.2521918252694793 3.252388022496373
3.253987641733419 3.2537328258380676 3.2534780099427167 3.2532231940473655 3.2529683781520142 3.2527135622566634 3.252458746361312 3.252203930465961 3.2519491145706096 3.2516942986752584 3.251439482779907 3.2511846668845563 3.250929850989205 3.250675035093854 3.250420219198503 3.2501654033031517 3.2499105874078005 3.249655771512449 3.2494009556170984 3.249146139721747 3.248891323826396 3.2486365079310446 3.2483816920356934 3.248126876140342 3.2478720602449913 3.24761724434964 3.247362428454289 3.247107612558938 3.247103207986352 3.2473664987786157 3.247629789570879 3.2478930803631423 3.248156371155406 3.2484196619476693 3.2486829527399332 3.2489462435321967 3.2492095343244602 3.2494728251167233 3.249736115908987 3.2499994067012503 3.250262697493514 3.2505259882857773 3.250789279078041 3.2510525698703043
3.2496612422426363 3.2494773693433934 3.24929349644415 3.249109623544907 3.2489257506456637 3.2487418777464208 3.2485580048471774 3.2483741319479345 3.2481902590486906 3.2480063861494477 3.2478225132502043 3.2476386403509614 3.247454767451718 3.247270894552475 3.247087021653232 3.2469031487539888 3.246719275854746 3.2465354029555025 3.2463515300562595 3.246167657157016 3.2459837842577732 3.2457999113585294 3.2456160384592865 3.245432165560043 3.2452482926608 3.2450644197615572 3.244880546862314 3.244696673963071 3.2447613518797396 3.2450917362373723 3.2454221205950056 3.2457525049526383 3.246082889310271 3.2464132736679043 3.2467436580255375 3.2470740423831708 3.2474044267408035 3.2477348110984363 3.2480651954560695 3.2483955798137023 3.248725964171335 3.2490563485289683 3.249386732886601 3.249717117244234
3.245334842751857 3.245221912848722 3.2451089829455864 3.2449960530424513 3.2448831231393163 3.2447701932361808 3.2446572633330457 3.24454433342991 3.244431403526775 3.2443184736236397 3.2442055437205046 3.2440926138173696 3.243979683914234 3.243866754011099 3.2437538241079635 3.2436408942048285 3.2435279643016934 3.243415034398558 3.243302104495423 3.243189174592288 3.2430762446891523 3.242963314786017 3.242850384882882 3.2427374549797467 3.2426245250766113 3.242511595173476 3.242398665270341 3.2422857353672057 3.242419495773129 3.2428169736961316 3.2432144516191337 3.243611929542136 3.2440094074651387 3.2444068853881407 3.244804363311144 3.245201841234146 3.2455993191571486 3.245996797080151 3.2463942750031536 3.2467917529261556 3.247189230849158 3.2475867087721606 3.2479841866951626 3.248381664618165
3.241008443261078 3.2409664563540503 3.240924469447023 3.240882482539996 3.240840495632969 3.240798508725941 3.240756521818914 3.240714534911887 3.2406725480048593 3.240630561097832 3.240588574190805 3.2405465872837773 3.24050460037675 3.240462613469723 3.2404206265626954 3.240378639655668 3.240336652748641 3.2402946658416134 3.2402526789345862 3.240210692027559 3.2401687051205315 3.2401267182135043 3.240084731306477 3.2400427443994495 3.2400007574924223 3.239958770585395 3.2399167836783676 3.2398747967713404 3.2400776396665183 3.24054221115489 3.241006782643262 3.2414713541316336 3.2419359256200053 3.242400497108377 3.2428650685967497 3.243329640085122 3.2437942115734937 3.2442587830618654 3.244723354550237 3.245187926038609 3.2456524975269807 3.2461170690153525 3.246581640503724 3.247046211992096
3.236682043770299 3.2367109998593793 3.23673995594846 3.2367689120375407 3.2367978681266214 3.2368268242157017 3.2368557803047824 3.236884736393863 3.236913692482944 3.236942648572024 3.236971604661105 3.2370005607501855 3.237029516839266 3.2370584729283465 3.237087429017427 3.237116385106508 3.2371453411955886 3.237174297284669 3.2372032533737496 3.2372322094628303 3.237261165551911 3.2372901216409913 3.237319077730072 3.2373480338191527 3.2373769899082334 3.2374059459973137 3.2374349020863944 3.237463858175475 3.2377357835599074 3.2382674486136485 3.23879911366739 3.239330778721131 3.2398624437748724 3.240394108828614 3.240925773882356 3.2414574389360973 3.2419891039898383 3.2425207690435798 3.243052434097321 3.2435840991510623 3.2441157642048033 3.2446474292585448 3.245179094312286 3.2457107593660273
3.2323556442795196 3.232455543364708 3.232555442449897 3.2326553415350854 3.232755240620274 3.2328551397054626 3.2329550387906507 3.2330549378758393 3.233154836961028 3.2332547360462165 3.233354635131405 3.2334545342165937 3.2335544333017823 3.233654332386971 3.233754231472159 3.2338541305573476 3.233954029642536 3.234053928727725 3.2341538278129134 3.234253726898102 3.2343536259832906 3.234453525068479 3.2345534241536678 3.234653323238856 3.2347532223240445 3.234853121409233 3.2349530204944217 3.2350529195796103 3.235393927453297 3.2359926860724078 3.2365914446915185 3.2371902033106292 3.2377889619297395 3.2383877205488503 3.2389864791679623 3.2395852377870726 3.2401839964061834 3.240782755025294 3.241381513644405 3.2419802722635156 3.2425790308826263 3.243177789501737 3.243776548120848 3.2443753067399586
3.2280292447887406 3.228200086870037 3.2283709289513336 3.22854177103263 3.2287126131139265 3.228883455195223 3.2290542972765195 3.2292251393578155 3.2293959814391124 3.229566823520409 3.2297376656017054 3.229908507683002 3.2300793497642983 3.2302501918455944 3.230421033926891 3.2305918760081873 3.230762718089484 3.2309335601707803 3.2311044022520767 3.231275244333373 3.2314460864146697 3.231616928495966 3.2317877705772626 3.231958612658559 3.2321294547398556 3.232300296821152 3.2324711389024485 3.232641980983745 3.233052071346686 3.233717923531166 3.234383775715646 3.2350496279001266 3.2357154800846066 3.2363813322690866 3.237047184453568 3.237713036638048 3.2383788888225284 3.2390447410070085 3.2397105931914885 3.240376445375969 3.241042297560449 3.241708149744929 3.2423740019294094 3.2430398541138894
3.2237028452979617 3.223944630375366 3.2241864154527704 3.2244282005301748 3.224669985607579 3.2249117706849835 3.225153555762388 3.225395340839792 3.2256371259171965 3.225878910994601 3.2261206960720052 3.2263624811494096 3.226604266226814 3.2268460513042183 3.2270878363816227 3.227329621459027 3.2275714065364314 3.2278131916138357 3.22805497669124 3.2282967617686444 3.228538546846049 3.2287803319234536 3.229022117000858 3.2292639020782623 3.2295056871556667 3.229747472233071 3.229989257310475 3.2302310423878793 3.2307102152400753 3.231443160989925 3.2321761067397743 3.232909052489624 3.2336419982394737 3.234374943989323 3.235107889739174 3.235840835489024 3.236573781238873 3.237306726988723 3.2380396727385725 3.238772618488422 3.2395055642382715 3.2402385099881212 3.2409714557379705 3.2417044014878202
3.2213558564153972 3.2216329987788 3.221910141142203 3.2221872835056065 3.2224644258690094 3.2227415682324123 3.2230187105958152 3.223295852959218 3.223572995322622 3.223850137686025 3.224127280049428 3.2244044224128308 3.2246815647762337 3.2249587071396366 3.22523584950304 3.225512991866443 3.225790134229846 3.2260672765932488 3.2263444189566517 3.226621561320055 3.226898703683458 3.2271758460468614 3.2274529884102643 3.227730130773667 3.2280072731370706 3.2282844155004735 3.2285615578638764 3.2288387002272794 3.229335749421049 3.230067883987707 3.230800018554365 3.231532153121023 3.232264287687681 3.232996422254339 3.2337285568209984 3.2344606913876564 3.235192825954315 3.235924960520973 3.2366570950876308 3.2373892296542888 3.2381213642209468 3.2388534987876048 3.2395856333542628 3.2403177679209207
3.2211247326848325 3.221399193453561 3.2216736542222892 3.221948114991018 3.222222575759746 3.2224970365284746 3.222771497297203 3.2230459580659314 3.22332041883466 3.2235948796033886 3.223869340372117 3.2241438011408454 3.2244182619095736 3.224692722678302 3.2249671834470304 3.225241644215759 3.225516104984487 3.2257905657532158 3.226065026521944 3.2263394872906725 3.2266139480594007 3.2268884088281298 3.227162869596858 3.2274373303655866 3.2277117911343147 3.2279862519030433 3.2282607126717715 3.2285351734405 3.2289953628321673 3.229654100320348 3.230312837808529 3.2309715752967096 3.2316303127848904 3.2322890502730712 3.2329477877612534 3.233606525249434 3.234265262737615 3.2349240002257957 3.2355827377139765 3.2362414752021573 3.236900212690338 3.237558950178519 3.2382176876667 3.238876425154881
