Figures/CREST_Example_wjb_NSE/PETs/wjb.pet.20100108.asc
ncols            288
nrows            254
xllcorner        113.274861
yllcorner        31.4918055
cellsize         0.008333333333
NODATA_value     -9999
[rows 190 to 208 of 254, columns 176 to 219 of 288]
0.7209660088873193 0.7205229028601127 0.7200797968329059 0.7196366908056991 0.7191935847784925 0.7187504787512857 0.7183073727240783 0.7178642666968716 0.7174211606696649 0.7169780546424582 0.7165349486152515 0.7160918425880447 0.715648736560838 0.7152056305336313 0.7147625245064246 0.7143194184792179 0.7135891887095482 0.7125520171625493 0.7115148456155505 0.7104776740685498 0.7094405025215509 0.708403330974552 0.7073661594275531 0.7063289878805542 0.7052918163335553 0.7042546447865564 0.7032174732395575 0.7021803016925586 0.7011431301455597 0.7001059585985608 0.6990687870515618 0.6980316155045629 0.6969944439575623 0.6959572724105634 0.6949201008635645 0.6938829293165656 0.6928457577695667 0.6918085862225678 0.6907714146755689 0.68973424312857 0.6886970715815711 0.6876599000345722 0.6866227284875733 0.6855855569405744
0.7206414151963224 0.7202303025213083 0.7198191898462941 0.71940807717128 0.7189969644962657 0.7185858518212516 0.7181747391462368 0.7177636264712225 0.7173525137962083 0.7169414011211942 0.7165302884461799 0.7161191757711658 0.7157080630961516 0.7152969504211375 0.7148858377461232 0.7144747250711091 0.7137646307158498 0.7127349181794673 0.7117052056430848 0.7106754931067005 0.709645780570318 0.7086160680339354 0.7075863554975529 0.7065566429611704 0.7055269304247879 0.7044972178884052 0.7034675053520227 0.7024377928156402 0.7014080802792577 0.7003783677428752 0.6993486552064926 0.6983189426701101 0.6972892301337258 0.6962595175973433 0.6952298050609608 0.6942000925245781 0.6931703799881956 0.6921406674518131 0.6911109549154306 0.6900812423790481 0.6890515298426655 0.688021817306283 0.6869921047699005 0.685962392233518
0.7203168215053256 0.719937702182504 0.7195585828596823 0.7191794635368607 0.718800344214039 0.7184212248912174 0.7180421055683952 0.7176629862455736 0.7172838669227519 0.7169047475999303 0.7165256282771086 0.716146508954287 0.7157673896314654 0.7153882703086437 0.7150091509858221 0.7146300316630004 0.7139400727221515 0.7129178191963854 0.7118955656706192 0.7108733121448513 0.7098510586190852 0.7088288050933189 0.7078065515675528 0.7067842980417866 0.7057620445160204 0.7047397909902542 0.7037175374644881 0.7026952839387219 0.7016730304129557 0.7006507768871896 0.6996285233614233 0.6986062698356572 0.6975840163098893 0.6965617627841231 0.695539509258357 0.6945172557325907 0.6934950022068246 0.6924727486810583 0.6914504951552922 0.690428241629526 0.6894059881037599 0.6883837345779937 0.6873614810522275 0.6863392275264614
0.7199922278143288 0.7196451018436997 0.7192979758730705 0.7189508499024415 0.7186037239318124 0.7182565979611832 0.7179094719905535 0.7175623460199245 0.7172152200492954 0.7168680940786664 0.7165209681080372 0.7161738421374081 0.7158267161667791 0.7154795901961499 0.7151324642255208 0.7147853382548918 0.7141155147284532 0.7131007202133035 0.7120859256981537 0.7110711311830021 0.7100563366678523 0.7090415421527024 0.7080267476375527 0.7070119531224028 0.705997158607253 0.7049823640921032 0.7039675695769534 0.7029527750618036 0.7019379805466538 0.7009231860315039 0.6999083915163542 0.6988935970012043 0.6978788024860528 0.696864007970903 0.6958492134557531 0.6948344189406034 0.6938196244254535 0.6928048299103038 0.6917900353951539 0.6907752408800041 0.6897604463648543 0.6887456518497045 0.6877308573345546 0.6867160628194049
0.7196676341233318 0.7193525015048953 0.7190373688864586 0.7187222362680221 0.7184071036495856 0.7180919710311491 0.717776838412712 0.7174617057942754 0.7171465731758389 0.7168314405574023 0.7165163079389658 0.7162011753205293 0.7158860427020927 0.7155709100836561 0.7152557774652196 0.7149406448467831 0.714290956734755 0.7132836212302215 0.7122762857256881 0.7112689502211529 0.7102616147166195 0.7092542792120861 0.7082469437075526 0.7072396082030191 0.7062322726984857 0.7052249371939523 0.7042176016894188 0.7032102661848854 0.7022029306803519 0.7011955951758184 0.700188259671285 0.6991809241667516 0.6981735886622163 0.697166253157683 0.6961589176531495 0.695151582148616 0.6941442466440826 0.6931369111395491 0.6921295756350156 0.6911222401304823 0.6901149046259488 0.6891075691214154 0.6881002336168819 0.6870928981123484
0.719343040432335 0.719059901166091 0.718776761899847 0.718493622633603 0.7182104833673589 0.7179273441011149 0.7176442048348705 0.7173610655686264 0.7170779263023824 0.7167947870361384 0.7165116477698944 0.7162285085036504 0.7159453692374064 0.7156622299711624 0.7153790907049183 0.7150959514386743 0.7144663987410567 0.7134665222471396 0.7124666457532225 0.7114667692593037 0.7104668927653867 0.7094670162714696 0.7084671397775525 0.7074672632836354 0.7064673867897183 0.7054675102958012 0.7044676338018842 0.703467757307967 0.7024678808140499 0.7014680043201328 0.7004681278262157 0.6994682513322986 0.6984683748383799 0.6974684983444628 0.6964686218505457 0.6954687453566286 0.6944688688627115 0.6934689923687944 0.6924691158748774 0.6914692393809603 0.6904693628870432 0.6894694863931261 0.688469609899209 0.6874697334052919
0.7190184467413381 0.7187673008272867 0.7185161549132352 0.7182650089991838 0.7180138630851323 0.7177627171710808 0.7175115712570289 0.7172604253429774 0.717009279428926 0.7167581335148745 0.716506987600823 0.7162558416867716 0.7160046957727201 0.7157535498586687 0.7155024039446172 0.7152512580305657 0.7146418407473584 0.7136494232640577 0.712657005780757 0.7116645882974545 0.7106721708141538 0.7096797533308531 0.7086873358475524 0.7076949183642516 0.7067025008809509 0.7057100833976502 0.7047176659143495 0.7037252484310487 0.702732830947748 0.7017404134644473 0.7007479959811466 0.6997555784978458 0.6987631610145434 0.6977707435312427 0.696778326047942 0.6957859085646412 0.6947934910813405 0.6938010735980398 0.6928086561147391 0.6918162386314383 0.6908238211481376 0.6898314036648369 0.6888389861815362 0.6878465686982353
0.7186938530503411 0.7184747004884822 0.7182555479266233 0.7180363953647644 0.7178172428029054 0.7175980902410465 0.7173789376791873 0.7171597851173284 0.7169406325554694 0.7167214799936105 0.7165023274317516 0.7162831748698927 0.7160640223080338 0.7158448697461748 0.7156257171843159 0.715406564622457 0.7148172827536601 0.7138323242809758 0.7128473658082914 0.7118624073356054 0.710877448862921 0.7098924903902366 0.7089075319175523 0.7079225734448679 0.7069376149721835 0.7059526564994992 0.7049676980268148 0.7039827395541305 0.7029977810814461 0.7020128226087617 0.7010278641360774 0.700042905663393 0.699057947190707 0.6980729887180226 0.6970880302453383 0.6961030717726538 0.6951181132999695 0.6941331548272852 0.6931481963546008 0.6921632378819165 0.691178279409232 0.6901933209365477 0.6892083624638634 0.688223403991179
0.7183692593593443 0.7181821001496779 0.7179949409400115 0.7178077817303451 0.7176206225206788 0.7174334633110124 0.7172463041013457 0.7170591448916793 0.7168719856820129 0.7166848264723465 0.7164976672626802 0.7163105080530138 0.7161233488433475 0.7159361896336811 0.7157490304240147 0.7155618712143483 0.7149927247599618 0.7140152252978939 0.7130377258358258 0.7120602263737561 0.7110827269116882 0.7101052274496201 0.7091277279875522 0.7081502285254841 0.7071727290634161 0.7061952296013482 0.7052177301392801 0.7042402306772121 0.7032627312151442 0.7022852317530761 0.7013077322910081 0.7003302328289401 0.6993527333668704 0.6983752339048025 0.6973977344427345 0.6964202349806664 0.6954427355185985 0.6944652360565304 0.6934877365944624 0.6925102371323945 0.6915327376703264 0.6905552382082585 0.6895777387461904 0.6886002392841224
0.7180446656683475 0.7178894998108736 0.7177343339533998 0.7175791680959259 0.7174240022384522 0.7172688363809783 0.7171136705235042 0.7169585046660303 0.7168033388085565 0.7166481729510826 0.7164930070936089 0.716337841236135 0.7161826753786612 0.7160275095211873 0.7158723436637134 0.7157171778062397 0.7151681667662635 0.7141981263148118 0.7132280858633603 0.712258045411907 0.7112880049604553 0.7103179645090036 0.709347924057552 0.7083778836061004 0.7074078431546488 0.7064378027031971 0.7054677622517455 0.7044977218002938 0.7035276813488422 0.7025576408973906 0.7015876004459389 0.7006175599944873 0.699647519543034 0.6986774790915824 0.6977074386401307 0.6967373981886791 0.6957673577372274 0.6947973172857758 0.6938272768343241 0.6928572363828726 0.6918871959314209 0.6909171554799692 0.6899471150285176 0.6889770745770659
0.7177200719773504 0.7175968994720691 0.7174737269667878 0.7173505544615065 0.7172273819562253 0.717104209450944 0.7169810369456625 0.7168578644403812 0.7167346919351 0.7166115194298186 0.7164883469245373 0.7163651744192561 0.7162420019139748 0.7161188294086935 0.7159956569034123 0.715872484398131 0.7153436087725652 0.7143810273317299 0.7134184458908946 0.7124558644500578 0.7114932830092225 0.7105307015683873 0.709568120127552 0.7086055386867167 0.7076429572458814 0.7066803758050462 0.7057177943642109 0.7047552129233756 0.7037926314825403 0.7028300500417051 0.7018674686008698 0.7009048871600345 0.6999423057191976 0.6989797242783623 0.698017142837527 0.6970545613966918 0.6960919799558565 0.6951293985150212 0.6941668170741859 0.6932042356333507 0.6922416541925154 0.6912790727516801 0.6903164913108448 0.6893539098700096
0.7173954782863535 0.7173042991332649 0.7172131199801761 0.7171219408270874 0.7170307616739986 0.7169395825209098 0.716848403367821 0.7167572242147322 0.7166660450616434 0.7165748659085547 0.716483686755466 0.7163925076023773 0.7163013284492885 0.7162101492961997 0.716118970143111 0.7160277909900222 0.7155190507788669 0.714563928348648 0.7136088059184291 0.7126536834882086 0.7116985610579897 0.7107434386277708 0.7097883161975518 0.7088331937673329 0.707878071337114 0.7069229489068951 0.7059678264766761 0.7050127040464572 0.7040575816162383 0.7031024591860194 0.7021473367558005 0.7011922143255815 0.7002370918953611 0.6992819694651421 0.6983268470349232 0.6973717246047043 0.6964166021744854 0.6954614797442664 0.6945063573140475 0.6935512348838286 0.6925961124536097 0.6916409900233909 0.6906858675931719 0.689730745162953
0.7170708845953567 0.7170116987944606 0.7169525129935643 0.7168933271926682 0.7168341413917719 0.7167749555908758 0.7167157697899794 0.7166565839890833 0.716597398188187 0.7165382123872908 0.7164790265863946 0.7164198407854984 0.7163606549846022 0.716301469183706 0.7162422833828098 0.7161830975819136 0.7156944927851686 0.7147468293655661 0.7137991659459636 0.7128515025263594 0.7119038391067568 0.7109561756871543 0.7100085122675517 0.7090608488479492 0.7081131854283466 0.707165522008744 0.7062178585891415 0.7052701951695389 0.7043225317499364 0.7033748683303338 0.7024272049107313 0.7014795414911288 0.7005318780715246 0.699584214651922 0.6986365512323195 0.6976888878127169 0.6967412243931144 0.6957935609735119 0.6948458975539092 0.6938982341343067 0.6929505707147041 0.6920029072951016 0.6910552438754991 0.6901075804558965
0.7167462909043599 0.7167190984556562 0.7166919060069525 0.7166647135582489 0.7166375211095453 0.7166103286608415 0.7165831362121379 0.7165559437634341 0.7165287513147305 0.7165015588660268 0.7164743664173231 0.7164471739686195 0.7164199815199158 0.7163927890712122 0.7163655966225084 0.7163384041738048 0.7158699347914702 0.7149297303824841 0.7139895259734979 0.7130493215645101 0.7121091171555238 0.7111689127465377 0.7102287083375515 0.7092885039285654 0.7083482995195791 0.7074080951105929 0.7064678907016068 0.7055276862926205 0.7045874818836344 0.7036472774746482 0.7027070730656619 0.7017668686566758 0.700826664247688 0.6998864598387018 0.6989462554297157 0.6980060510207294 0.6970658466117432 0.6961256422027571 0.6951854377937708 0.6942452333847846 0.6933050289757985 0.6923648245668123 0.6914246201578261 0.6904844157488399
0.7164216972133629 0.7164264981168518 0.7164312990203406 0.7164360999238295 0.7164409008273185 0.7164457017308073 0.7164505026342962 0.7164553035377851 0.716460104441274 0.7164649053447629 0.7164697062482518 0.7164745071517407 0.7164793080552295 0.7164841089587184 0.7164889098622074 0.7164937107656962 0.716045376797772 0.7151126313994023 0.7141798860010324 0.713247140602661 0.7123143952042912 0.7113816498059213 0.7104489044075515 0.7095161590091817 0.7085834136108119 0.707650668212442 0.7067179228140722 0.7057851774157025 0.7048524320173326 0.7039196866189628 0.7029869412205929 0.7020541958222231 0.7011214504238517 0.7001887050254819 0.6992559596271121 0.6983232142287422 0.6973904688303724 0.6964577234320026 0.6955249780336328 0.6945922326352629 0.6936594872368931 0.6927267418385232 0.6917939964401535 0.6908612510417836
0.7160971035223661 0.7161338977780475 0.716170692033729 0.7162074862894103 0.7162442805450918 0.7162810748007732 0.7163178690564547 0.7163546633121362 0.7163914575678175 0.716428251823499 0.7164650460791804 0.7165018403348619 0.7165386345905432 0.7165754288462247 0.7166122231019061 0.7166490173575876 0.7162208188040737 0.7152955324163203 0.7143702460285668 0.7134449596408118 0.7125196732530583 0.7115943868653049 0.7106691004775514 0.7097438140897979 0.7088185277020445 0.707893241314291 0.7069679549265375 0.7060426685387841 0.7051173821510306 0.7041920957632771 0.7032668093755237 0.7023415229877702 0.7014162366000152 0.7004909502122617 0.6995656638245082 0.6986403774367548 0.6977150910490013 0.6967898046612478 0.6958645182734944 0.6949392318857409 0.6940139454979875 0.693088659110234 0.6921633727224805 0.691238086334727
0.7157725098313692 0.7158412974392432 0.7159100850471172 0.715978872654991 0.716047660262865 0.716116447870739 0.7161852354786131 0.716254023086487 0.716322810694361 0.716391598302235 0.716460385910109 0.716529173517983 0.7165979611258568 0.7166667487337308 0.7167355363416048 0.7168043239494788 0.7163962608103753 0.7154784334332382 0.7145606060561012 0.7136427786789625 0.7127249513018254 0.7118071239246883 0.7108892965475512 0.7099714691704141 0.709053641793277 0.7081358144161399 0.7072179870390028 0.7063001596618657 0.7053823322847286 0.7044645049075915 0.7035466775304544 0.7026288501533173 0.7017110227761787 0.7007931953990415 0.6998753680219044 0.6989575406447673 0.6980397132676303 0.6971218858904932 0.6962040585133561 0.6952862311362189 0.6943684037590818 0.6934505763819447 0.6925327490048077 0.6916149216276706
0.7154479161403722 0.7155486971004387 0.7156494780605053 0.7157502590205718 0.7158510399806383 0.7159518209407048 0.7160526019007715 0.716153382860838 0.7162541638209046 0.7163549447809711 0.7164557257410376 0.716556506701104 0.7166572876611706 0.7167580686212371 0.7168588495813036 0.7169596305413701 0.7165717028166771 0.7156613344501564 0.7147509660836358 0.7138405977171134 0.7129302293505927 0.712019860984072 0.7111094926175512 0.7101991242510305 0.7092887558845098 0.708378387517989 0.7074680191514683 0.7065576507849475 0.7056472824184268 0.7047369140519061 0.7038265456853853 0.7029161773188646 0.7020058089523423 0.7010954405858215 0.7001850722193008 0.6992747038527801 0.6983643354862593 0.6974539671197386 0.6965435987532178 0.6956332303866971 0.6947228620201764 0.6938124936536556 0.6929021252871349 0.6919917569206142
0.716017547333209 0.7161143878730344 0.7162112284128599 0.7163080689526853 0.7164049094925108 0.7165017500323362 0.7165985905721618 0.7166954311119873 0.7167922716518127 0.7168891121916382 0.7169859527314636 0.7170827932712891 0.7171796338111145 0.71727647435094 0.7173733148907654 0.7174701554305909 0.7170803369749272 0.7161702690416435 0.7152602011083596 0.7143501331750743 0.7134400652417906 0.7125299973085067 0.711619929375223 0.7107098614419393 0.7097997935086554 0.7088897255753717 0.7079796576420879 0.7070695897088041 0.7061595217755203 0.7052494538422366 0.7043393859089527 0.703429317975669 0.7025192500423837 0.7016091821090998 0.7006991141758161 0.6997890462425324 0.6988789783092485 0.6979689103759648 0.697058842442681 0.6961487745093972 0.6952387065761134 0.6943286386428297 0.6934185707095458 0.6925085027762621
