Figures/CREST_Example_wjb_NSE/PETs/wjb.pet.20090226.asc
ncols            288
nrows            254
xllcorner        113.274861
yllcorner        31.4918055
cellsize         0.008333333333
NODATA_value     -9999
[rows 190 to 208 of 254, columns 132 to 175 of 288]
0.2121707662620717 0.21375553790946944 0.21534030955686717 0.2169250812042649 0.21850985285166263 0.22009462449906037 0.22167939614645807 0.2232641677938558 0.22484893944125353 0.22643371108865126 0.228018482736049 0.22960325438344942 0.23118802603084715 0.23277279767824488 0.2343575693256426 0.23594234097304032 0.23752711262043805 0.23911188426783578 0.2406966559152335 0.24228142756263124 0.24386619921002894 0.24545097085742668 0.2470357425048244 0.24862051415222214 0.2502052857996226 0.2517900574470203 0.253374829094418 0.25495960074181573 0.25654437238921346 0.2581291440366112 0.25770753445171196 0.255141057942197 0.25257458143268197 0.25000810492316694 0.24744162841365197 0.24487515190413697 0.24230867539462198 0.2397421988851026 0.2371757223755876 0.23460924586607257 0.23204276935655757 0.22947629284704257 0.22690981633752758 0.22434333982801258
0.21255928788950715 0.21414378484896363 0.21572828180842013 0.21731277876787664 0.2188972757273331 0.22048177268678962 0.2220662696462461 0.2236507666057026 0.2252352635651591 0.22681976052461558 0.2284042574840721 0.22998875444353128 0.2315732514029878 0.23315774836244427 0.23474224532190077 0.23632674228135725 0.23791123924081375 0.23949573620027026 0.24108023315972674 0.24266473011918324 0.24424922707863972 0.24583372403809622 0.24741822099755273 0.24900271795700923 0.2505872149164684 0.2521717118759249 0.2537562088353814 0.2553407057948379 0.2569252027542944 0.2585096997137509 0.25808221948278415 0.25550389012137587 0.2529255607599676 0.2503472313985593 0.24776890203715102 0.2451905726757427 0.24261224331433442 0.24003391395292176 0.23745558459151347 0.23487725523010516 0.23229892586869688 0.2297205965072886 0.22714226714588032 0.22456393778447203
0.21294780951694256 0.2145320317884578 0.2161162540599731 0.21770047633148834 0.21928469860300362 0.22086892087451887 0.22245314314603415 0.2240373654175494 0.22562158768906468 0.22720580996057993 0.2287900322320952 0.23037425450361315 0.23195847677512843 0.2335426990466437 0.23512692131815896 0.2367111435896742 0.2382953658611895 0.23987958813270477 0.24146381040422002 0.24304803267573527 0.24463225494725055 0.24621647721876583 0.24780069949028108 0.24938492176179633 0.25096914403331433 0.25255336630482955 0.25413758857634483 0.2557218108478601 0.2573060331193754 0.2588902553908906 0.2584569045138564 0.2558667223005548 0.25327654008725325 0.25068635787395166 0.2480961756606501 0.24550599344734853 0.24291581123404696 0.24032562902074095 0.23773544680743938 0.23514526459413782 0.23255508238083625 0.22996490016753468 0.22737471795423309 0.22478453574093152
0.21333633114437797 0.214920278727952 0.21650422631152605 0.21808817389510007 0.2196721214786741 0.22125606906224815 0.22284001664582218 0.2244239642293962 0.22600791181297025 0.22759185939654428 0.2291758069801183 0.23075975456369505 0.23234370214726907 0.23392764973084312 0.23551159731441715 0.2370955448979912 0.23867949248156523 0.24026344006513925 0.2418473876487133 0.24343133523228733 0.24501528281586138 0.2465992303994354 0.24818317798300943 0.24976712556658348 0.2513510731501602 0.25293502073373425 0.25451896831730825 0.2561029159008823 0.25768686348445635 0.2592708110680304 0.25883158954492863 0.2562295544797338 0.2536275194145389 0.251025484349344 0.2484234492841492 0.24582141421895431 0.24321937915375946 0.24061734408856017 0.23801530902336532 0.23541327395817044 0.23281123889297559 0.23020920382778073 0.22760716876258585 0.225005133697391
0.21372485277181355 0.21530852566744635 0.21689219856307915 0.21847587145871197 0.22005954435434477 0.22164321724997757 0.22322689014561037 0.22481056304124317 0.22639423593687596 0.22797790883250876 0.2295615817281416 0.23114525462377708 0.23272892751940988 0.23431260041504268 0.23589627331067547 0.2374799462063083 0.2390636191019411 0.2406472919975739 0.2422309648932067 0.2438146377888395 0.24539831068447232 0.2469819835801051 0.24856565647573792 0.2501493293713707 0.25173300226700623 0.253316675162639 0.25490034805827183 0.2564840209539046 0.2580676938495374 0.2596513667451702 0.259206274576001 0.2565923866589128 0.25397849874182465 0.25136461082473655 0.24875072290764838 0.24613683499056022 0.24352294707347208 0.24090905915637945 0.2382951712392913 0.23568128332220317 0.233067395405115 0.23045350748802684 0.2278396195709387 0.22522573165385057
0.21411337439924896 0.21569677260694053 0.2172801708146321 0.21886356902232368 0.22044696723001525 0.22203036543770682 0.2236137636453984 0.22519716185308997 0.22678056006078154 0.2283639582684731 0.22994735647616468 0.23153075468385897 0.23311415289155055 0.23469755109924212 0.2362809493069337 0.23786434751462526 0.23944774572231683 0.2410311439300084 0.24261454213769998 0.24419794034539155 0.24578133855308312 0.2473647367607747 0.24894813496846627 0.25053153317615784 0.2521149313838521 0.2536983295915437 0.25528172779923525 0.25686512600692685 0.2584485242146184 0.26003192242231 0.2595809596070732 0.25695521883809175 0.2543294780691103 0.2517037373001289 0.24907799653114746 0.246452255762166 0.24382651499318458 0.24120077422419867 0.23857503345521722 0.2359492926862358 0.23332355191725435 0.23069781114827292 0.22807207037929147 0.22544632961031003
0.21450189602668437 0.21608501954643472 0.21766814306618507 0.2192512665859354 0.22083439010568576 0.2224175136254361 0.22400063714518645 0.2255837606649368 0.2271668841846871 0.22875000770443746 0.2303331312241878 0.23191625474394084 0.2334993782636912 0.23508250178344153 0.23666562530319188 0.23824874882294222 0.23983187234269257 0.24141499586244292 0.24299811938219323 0.24458124290194358 0.24616436642169393 0.24774748994144427 0.24933061346119462 0.250913736980945 0.252496860500698 0.25407998402044835 0.25566310754019866 0.25724623105994904 0.25882935457969936 0.26041247809944973 0.25995564463814547 0.25731805101727073 0.254680457396396 0.25204286377552126 0.24940527015464653 0.24676767653377182 0.2441300829128971 0.24149248929201786 0.23885489567114315 0.23621730205026842 0.23357970842939368 0.23094211480851895 0.22830452118764424 0.2256669275667695
0.21489041765411995 0.21647326648592904 0.21805611531773816 0.21963896414954728 0.2212218129813564 0.2228046618131655 0.2243875106449746 0.22597035947678373 0.22755320830859285 0.22913605714040197 0.23071890597221106 0.23230175480402288 0.233884603635832 0.23546745246764111 0.23705030129945023 0.23863315013125935 0.24021599896306844 0.24179884779487756 0.24338169662668668 0.2449645454584958 0.24654739429030492 0.248130243122114 0.24971309195392313 0.25129594078573225 0.25287878961754406 0.25446163844935316 0.2560444872811623 0.2576273361129714 0.25921018494478054 0.26079303377658963 0.2603303296692179 0.25768088319644983 0.25503143672368184 0.2523819902509138 0.24973254377814577 0.24708309730537775 0.24443365083260973 0.24178420435983722 0.2391347578870692 0.23648531141430118 0.23383586494153316 0.23118641846876514 0.22853697199599712 0.2258875255232291
0.21527893928155536 0.21686151342542323 0.21844408756929112 0.220026661713159 0.22160923585702688 0.22319181000089477 0.22477438414476264 0.22635695828863053 0.2279395324324984 0.2295221065763663 0.23110468072023416 0.23268725486410474 0.23426982900797264 0.23585240315184053 0.2374349772957084 0.2390175514395763 0.24060012558344415 0.24218269972731205 0.2437652738711799 0.2453478480150478 0.2469304221589157 0.24851299630278356 0.2500955704466514 0.25167814459051935 0.25326071873438993 0.2548432928782578 0.25642586702212566 0.25800844116599353 0.25959101530986145 0.2611735894537293 0.26070501470029 0.2580437153756287 0.2553824160509674 0.2527211167263061 0.2500598174016448 0.24739851807698351 0.2447372187523222 0.24207591942765638 0.23941462010299508 0.23675332077833378 0.23409202145367247 0.23143072212901117 0.22876942280434986 0.22610812347968856
0.21566746090899078 0.21724976036491742 0.21883205982084408 0.22041435927677072 0.2219966587326974 0.22357895818862403 0.2251612576445507 0.22674355710047733 0.22832585655640397 0.22990815601233064 0.23149045546825728 0.23307275492418664 0.23465505438011328 0.23623735383603994 0.23781965329196658 0.23940195274789325 0.2409842522038199 0.24256655165974655 0.2441488511156732 0.24573115057159983 0.2473134500275265 0.24889574948345314 0.2504780489393798 0.25206034839530644 0.2536426478512358 0.25522494730716244 0.2568072467630891 0.2583895462190158 0.2599718456749424 0.26155414513086905 0.26107969973136225 0.2584065475548077 0.25573339537825307 0.2530602432016985 0.2503870910251439 0.24771393884858933 0.24504078667203472 0.24236763449547558 0.239694482318921 0.2370213301423664 0.2343481779658118 0.23167502578925722 0.22900187361270263 0.22632872143614804
0.21605598253642636 0.21763800730441177 0.2192200320723972 0.22080205684038262 0.22238408160836803 0.22396610637635347 0.2255481311443389 0.2271301559123243 0.22871218068030974 0.23029420544829515 0.23187623021628057 0.2334582549842687 0.2350402797522541 0.23662230452023952 0.23820432928822494 0.23978635405621038 0.2413683788241958 0.2429504035921812 0.24453242836016664 0.24611445312815206 0.24769647789613747 0.2492785026641229 0.2508605274321083 0.25244255220009376 0.25402457696808184 0.2556066017360673 0.2571886265040527 0.25877065127203813 0.26035267604002355 0.26193470080800896 0.26145438476243466 0.2587693797339868 0.2560843747055389 0.25339936967709104 0.25071436464864316 0.24802935962019526 0.24534435459174736 0.2426593495632949 0.23997434453484703 0.23728933950639913 0.23460433447795126 0.2319193294495034 0.22923432442105549 0.2265493193926076
0.21644450416386177 0.21802625424390595 0.21960800432395017 0.22118975440399435 0.22277150448403854 0.22435325456408273 0.2259350046441269 0.2275167547241711 0.2290985048042153 0.2306802548842595 0.2322620049643037 0.23384375504435057 0.23542550512439475 0.23700725520443897 0.23858900528448315 0.24017075536452734 0.24175250544457152 0.2433342555246157 0.2449160056046599 0.2464977556847041 0.2480795057647483 0.24966125584479248 0.25124300592483667 0.25282475600488086 0.25440650608492776 0.25598825616497195 0.25757000624501614 0.2591517563250603 0.2607335064051045 0.2623152564851487 0.2618290697935069 0.2591322119131657 0.2564353540328246 0.2537384961524834 0.2510416382721422 0.24834478039180105 0.2456479225114599 0.24295106463111413 0.24025420675077294 0.23755734887043178 0.2348604909900906 0.23216363310974944 0.22946677522940828 0.2267699173490671
0.21683302579129718 0.21841450118340014 0.2199959765755031 0.22157745196760606 0.22315892735970902 0.22474040275181198 0.22632187814391494 0.2279033535360179 0.22948482892812086 0.23106630432022382 0.23264777971232678 0.23422925510443243 0.2358107304965354 0.23739220588863835 0.2389736812807413 0.24055515667284427 0.24213663206494723 0.2437181074570502 0.24529958284915315 0.2468810582412561 0.24846253363335907 0.25004400902546203 0.251625484417565 0.25320695980966795 0.2547884352017736 0.25636991059387654 0.2579513859859795 0.25953286137808246 0.2611143367701854 0.2626958121622884 0.2622037548245791 0.25949504409234464 0.2567863333601102 0.2540776226278757 0.25136891189564126 0.2486602011634068 0.24595149043117237 0.2432427796989333 0.24053406896669882 0.23782535823446438 0.2351166475022299 0.23240793676999547 0.229699226037761 0.22699051530552655
0.21722154741873262 0.21880274812289432 0.22038394882705606 0.2219651495312178 0.22354635023537953 0.22512755093954126 0.22670875164370297 0.2282899523478647 0.22987115305202643 0.23145235375618817 0.2330335544603499 0.23461475516451433 0.23619595586867606 0.23777715657283777 0.2393583572769995 0.24093955798116123 0.24252075868532297 0.2441019593894847 0.24568316009364644 0.24726436079780814 0.24884556150196988 0.2504267622061316 0.25200796291029337 0.25358916361445505 0.2551703643186195 0.25675156502278124 0.25833276572694297 0.2599139664311047 0.26149516713526644 0.2630763678394281 0.2625784398556513 0.25985787627152357 0.2571373126873958 0.2544167491032681 0.25169618551914036 0.2489756219350126 0.24625505835088488 0.24353449476675249 0.24081393118262476 0.238093367598497 0.23537280401436927 0.23265224043024152 0.22993167684611376 0.22721111326198604
0.2176100690461682 0.21919099506238868 0.22077192107860918 0.2223528470948297 0.22393377311105017 0.22551469912727068 0.2270956251434912 0.2286765511597117 0.23025747717593217 0.23183840319215268 0.2334193292083732 0.2350002552245964 0.23658118124081687 0.23816210725703738 0.23974303327325786 0.24132395928947836 0.24290488530569887 0.24448581132191938 0.24606673733813986 0.24764766335436036 0.24922858937058087 0.25080951538680135 0.25239044140302186 0.25397136741924237 0.25555229343546554 0.25713321945168605 0.25871414546790655 0.26029507148412706 0.26187599750034757 0.263456923516568 0.26295312488672373 0.26022070845070266 0.25748829201468165 0.25475587557866064 0.25202345914263957 0.24929104270661856 0.24655862627059752 0.24382620983457182 0.2410937933985508 0.23836137696252976 0.23562896052650872 0.23289654409048768 0.23016412765446664 0.22743171121844563
0.2179985906736036 0.21957924200188286 0.22115989333016214 0.2227405446584414 0.22432119598672068 0.22590184731499993 0.2274824986432792 0.22906314997155847 0.23064380129983775 0.232224452628117 0.23380510395639628 0.23538575528467823 0.2369664066129575 0.23854705794123676 0.24012770926951604 0.2417083605977953 0.24328901192607458 0.24486966325435383 0.2464503145826331 0.24803096591091237 0.24961161723919165 0.2511922685674709 0.2527729198957502 0.25435357122402946 0.2559342225523114 0.2575148738805907 0.2590955252088699 0.2606761765371492 0.2622568278654285 0.26383747919370776 0.2633278099177959 0.2605835406298816 0.25783927134196727 0.25509500205405294 0.2523507327661386 0.2496064634782243 0.24686219419031 0.24411792490239098 0.24137365561447666 0.23862938632656233 0.23588511703864803 0.2331408477507337 0.23039657846281938 0.22765230917490506
0.21838711230103902 0.21996748894137705 0.2215478655817151 0.22312824222205313 0.22470861886239116 0.2262889955027292 0.22786937214306724 0.2294497487834053 0.23103012542374332 0.23261050206408135 0.2341908787044194 0.23577125534476012 0.23735163198509815 0.2389320086254362 0.24051238526577423 0.24209276190611226 0.2436731385464503 0.24525351518678834 0.2468338918271264 0.24841426846746442 0.24999464510780245 0.2515750217481405 0.25315539838847856 0.25473577502881656 0.2563161516691573 0.25789652830949533 0.2594769049498334 0.2610572815901714 0.26263765823050944 0.2642180348708475 0.26370249494886816 0.2609463728090605 0.25819025066925294 0.2554341285294453 0.2526780063896377 0.2499218842498301 0.2471657621100225 0.2444096399702102 0.2416535178304026 0.23889739569059498 0.23614127355078737 0.23338515141097976 0.23062902927117218 0.22787290713136454
0.21877563392847457 0.22035573588087137 0.2219358378332682 0.223515939785665 0.2250960417380618 0.2266761436904586 0.22825624564285543 0.22983634759525223 0.23141644954764903 0.23299655150004583 0.23457665345244266 0.23615675540484216 0.23773685735723896 0.23931695930963576 0.24089706126203259 0.2424771632144294 0.2440572651668262 0.24563736711922302 0.24721746907161982 0.24879757102401662 0.25037767297641345 0.2519577749288102 0.25353787688120705 0.2551179788336039 0.25669808078600337 0.25827818273840014 0.25985828469079697 0.26143838664319374 0.26301848859559057 0.2645985905479874 0.26407717997994057 0.2613092049882396 0.2585412299965387 0.25577325500483783 0.25300528001313694 0.25023730502143604 0.24746933002973515 0.24470135503802953 0.24193338004632864 0.23916540505462774 0.23639743006292682 0.23362945507122593 0.23086148007952503 0.22809350508782414
0.22979964341058054 0.2313044120983611 0.23280918078614166 0.2343139494739222 0.23581871816170275 0.23732348684948332 0.23882825553726386 0.2403330242250444 0.24183779291282498 0.24334256160060552 0.24484733028838607 0.2463520989761692 0.24785686766394974 0.24936163635173028 0.25086640503951085 0.2523711737272914 0.25387594241507194 0.2553807111028525 0.25688547979063303 0.25839024847841363 0.2598950171661942 0.2613997858539747 0.26290455454175526 0.2644093232295358 0.2659140919173189 0.26741886060509945 0.26892362929288005 0.2704283979806606 0.27193316666844114 0.2734379353562217 0.27283846172228315 0.2699895054453751 0.267140549168467 0.2642915928915589 0.26144263661465084 0.25859368033774277 0.25574472406083465 0.2528957677839217 0.25004681150701363 0.24719785523010554 0.24434889895319747 0.24149994267628938 0.2386509863993813 0.2358020301224732
