Figures/CREST_Example_wjb_NSE/PETs/wjb.pet.20100628.asc
ncols            288
nrows            254
xllcorner        113.274861
yllcorner        31.4918055
cellsize         0.008333333333
NODATA_value     -9999
[rows 120 to 139 of 254, columns 176 to 219 of 288]
3.146253040416249 3.1507142847191627 3.155175529022076 3.1596367733249897 3.164098017627903 3.1685592619308167 3.173020506233738 3.1774817505366517 3.181942994839565 3.1864042391424787 3.1908654834453922 3.1953267277483057 3.1997879720512192 3.2042492163541327 3.2087104606570462 3.2131717049599597 3.216009778203001 3.2171126448561833 3.2182155115093654 3.2193183781625496 3.2204212448157317 3.221524111468914 3.222626978122096 3.2237298447752782 3.2248327114284607 3.2259355780816428 3.227038444734825 3.2281413113880073 3.2292441780411894 3.230347044694372 3.231449911347554 3.232552778000736 3.23365564465392 3.2347585113071022 3.2358613779602847 3.2369642446134668 3.238067111266649 3.2391699779198313 3.2402728445730133 3.2413757112261954 3.242478577879378 3.24358144453256 3.2446843111857424 3.2457871778389245
3.141444103014461 3.1458419968428424 3.150239890671224 3.1546377844996054 3.159035678327987 3.163433572156368 3.167831465984757 3.1722293598131386 3.17662725364152 3.1810251474699016 3.185423041298283 3.1898209351266646 3.1942188289550457 3.1986167227834272 3.2030146166118088 3.2074125104401903 3.2102658269370097 3.2114679553178433 3.212670083698677 3.213872212079513 3.2150743404603466 3.2162764688411802 3.2174785972220143 3.218680725602848 3.2198828539836817 3.2210849823645153 3.222287110745349 3.2234892391261827 3.2246913675070163 3.22589349588785 3.227095624268684 3.228297752649518 3.2294998810303532 3.2307020094111873 3.231904137792021 3.2331062661728547 3.2343083945536883 3.235510522934522 3.2367126513153557 3.2379147796961893 3.2391169080770235 3.240319036457857 3.241521164838691 3.2427232932195245
3.1366351656126725 3.1409697089665216 3.145304252320371 3.1496387956742207 3.15397333902807 3.1583078823819193 3.1626424257357764 3.1669769690896254 3.171311512443475 3.1756460557973245 3.1799805991511736 3.184315142505023 3.1886496858588727 3.1929842292127217 3.1973187725665713 3.201653315920421 3.2045218756710185 3.205823265779504 3.207124655887989 3.2084260459964766 3.2097274361049615 3.2110288262134468 3.212330216321932 3.2136316064304173 3.2149329965389026 3.216234386647388 3.217535776755873 3.2188371668643585 3.220138556972844 3.221439947081329 3.2227413371898144 3.2240427272982997 3.225344117406787 3.2266455075152725 3.2279468976237573 3.2292482877322426 3.230549677840728 3.231851067949213 3.2331524580576985 3.2344538481661838 3.235755238274669 3.2370566283831543 3.2383580184916396 3.239659408600125
3.1318262282108837 3.1360974210902013 3.1403686139695184 3.144639806848836 3.148910999728153 3.1531821926074706 3.157453385486795 3.1617245783661123 3.16599577124543 3.170266964124747 3.1745381570040645 3.178809349883382 3.183080542762699 3.1873517356420167 3.191622928521334 3.1958941214006513 3.198777924405027 3.200178576241164 3.2015792280773008 3.20297987991344 3.204380531749577 3.2057811835857133 3.20718183542185 3.208582487257987 3.209983139094124 3.2113837909302605 3.2127844427663974 3.2141850946025343 3.2155857464386712 3.2169863982748077 3.2183870501109446 3.2197877019470815 3.2211883537832207 3.2225890056193576 3.223989657455494 3.225390309291631 3.226790961127768 3.2281916129639043 3.2295922648000412 3.230992916636178 3.232393568472315 3.2337942203084515 3.2351948721445885 3.2365955239807254
3.1270172908090914 3.1312251332138765 3.1354329756186616 3.1396408180234467 3.143848660428232 3.1480565028330174 3.1522643452378096 3.1564721876425947 3.16068003004738 3.164887872452165 3.1690957148569505 3.1733035572617356 3.1775113996665207 3.181719242071306 3.185927084476091 3.190134926880876 3.1930339731390305 3.194533886702819 3.1960338002666075 3.1975337138303983 3.199033627394187 3.2005335409579754 3.2020334545217635 3.203533368085552 3.2050332816493405 3.2065331952131286 3.208033108776917 3.2095330223407057 3.2110329359044942 3.2125328494682823 3.214032763032071 3.2155326765958594 3.21703259015965 3.2185325037234387 3.2200324172872272 3.2215323308510153 3.223032244414804 3.2245321579785924 3.226032071542381 3.227531985106169 3.2290318986699575 3.230531812233746 3.232031725797534 3.2335316393613227
3.1222083534073026 3.1263528453375558 3.130497337267809 3.134641829198062 3.138786321128315 3.1429308130585683 3.1470753049888285 3.1512197969190816 3.1553642888493347 3.159508780779588 3.163653272709841 3.167797764640094 3.1719422565703472 3.1760867485006004 3.1802312404308535 3.1843757323611066 3.1872900218730393 3.188889197164479 3.190488372455919 3.192087547747362 3.1936867230388017 3.195285898330242 3.1968850736216816 3.1984842489131218 3.2000834242045615 3.2016825994960016 3.2032817747874414 3.2048809500788815 3.2064801253703212 3.2080793006617614 3.209678475953201 3.2112776512446413 3.2128768265360836 3.214476001827524 3.2160751771189635 3.2176743524104037 3.219273527701844 3.2208727029932835 3.2224718782847237 3.2240710535761634 3.2256702288676036 3.2272694041590433 3.2288685794504834 3.230467754741923
3.1173994160055143 3.1214805574612354 3.1255616989169566 3.1296428403726773 3.1337239818283984 3.1378051232841195 3.141886264739848 3.1459674061955685 3.1500485476512896 3.1541296891070107 3.158210830562732 3.162291972018453 3.166373113474174 3.170454254929895 3.174535396385616 3.178616537841337 3.181546070607048 3.1832445076261395 3.184942944645231 3.1866413816643253 3.1883398186834166 3.1900382557025084 3.1917366927215998 3.193435129740691 3.195133566759783 3.196832003778874 3.1985304407979656 3.2002288778170573 3.2019273148361487 3.20362575185524 3.2053241888743313 3.207022625893423 3.2087210629125176 3.210419499931609 3.2121179369507002 3.213816373969792 3.2155148109888834 3.2172132480079747 3.2189116850270665 3.220610122046158 3.222308559065249 3.2240069960843405 3.2257054331034323 3.2274038701225236
3.112590478603726 3.1166082695849147 3.120626060566104 3.1246438515472925 3.1286616425284817 3.1326794335096704 3.1366972244908666 3.1407150154720553 3.1447328064532445 3.148750597434433 3.1527683884156223 3.156786179396811 3.160803970378 3.1648217613591894 3.168839552340378 3.172857343321567 3.175802119341056 3.177599818087799 3.179397516834542 3.1811952155812886 3.1829929143280316 3.1847906130747745 3.1865883118215175 3.1883860105682604 3.1901837093150034 3.1919814080617464 3.1937791068084898 3.1955768055552327 3.1973745043019757 3.1991722030487186 3.2009699017954616 3.2027676005422046 3.2045652992889506 3.2063629980356936 3.208160696782437 3.20995839552918 3.211756094275923 3.213553793022666 3.215351491769409 3.217149190516152 3.2189468892628947 3.220744588009638 3.222542286756381 3.224339985503124
3.107781541201937 3.1117359817085943 3.115690422215251 3.1196448627219078 3.123599303228565 3.1275537437352217 3.1315081842418855 3.135462624748542 3.1394170652551994 3.143371505761856 3.147325946268513 3.15128038677517 3.1552348272818267 3.159189267788484 3.1631437082951406 3.1670981488017977 3.170058168075065 3.1719551285494596 3.173852089023854 3.175749049498252 3.1776460099726465 3.179542970447041 3.1814399309214356 3.18333689139583 3.185233851870225 3.1871308123446194 3.189027772819014 3.190924733293408 3.1928216937678027 3.1947186542421973 3.196615614716592 3.1985125751909864 3.2004095356653846 3.2023064961397787 3.2042034566141733 3.206100417088568 3.2079973775629624 3.209894338037357 3.2117912985117516 3.213688258986146 3.2155852194605408 3.2174821799349353 3.21937914040933 3.2212761008837245
3.102972603800149 3.1068636938322736 3.1107547838643983 3.1146458738965235 3.118536963928648 3.122428053960773 3.1263191439929043 3.130210234025029 3.1341013240571542 3.137992414089279 3.1418835041214037 3.1457745941535284 3.1496656841856536 3.1535567742177784 3.157447864249903 3.161338954282028 3.1643142168090734 3.1663104390111196 3.168306661213166 3.170302883415215 3.1722991056172614 3.1742953278193076 3.1762915500213533 3.1782877722233995 3.1802839944254457 3.182280216627492 3.1842764388295377 3.186272661031584 3.18826888323363 3.190265105435676 3.192261327637722 3.1942575498397683 3.1962537720418176 3.198249994243864 3.20024621644591 3.2022424386479558 3.204238660850002 3.206234883052048 3.208231105254094 3.21022732745614 3.2122235496581864 3.214219771860232 3.2162159940622783 3.2182122162643245
3.09816366639836 3.1019914059559532 3.105819145513546 3.1096468850711387 3.1134746246287315 3.1173023641863242 3.1211301037439236 3.1249578433015164 3.128785582859109 3.132613322416702 3.1364410619742946 3.1402688015318874 3.14409654108948 3.147924280647073 3.1517520202046656 3.1555797597622584 3.1585702655430823 3.16066574947278 3.1627612334024775 3.164856717332179 3.1669522012618763 3.169047685191574 3.1711431691212715 3.1732386530509693 3.1753341369806667 3.1774296209103645 3.179525104840062 3.1816205887697597 3.183716072699457 3.185811556629155 3.1879070405588523 3.19000252448855 3.192098008418251 3.194193492347949 3.1962889762776463 3.198384460207344 3.2004799441370415 3.2025754280667393 3.2046709119964367 3.2067663959261345 3.208861879855832 3.2109573637855298 3.213052847715227 3.215148331644925
3.0933547289965677 3.097119118079628 3.100883507162689 3.1046478962457495 3.1084122853288103 3.1121766744118706 3.1159410634949376 3.1197054525779984 3.123469841661059 3.12723423074412 3.13099861982718 3.134763008910241 3.1385273979933017 3.1422917870763625 3.146056176159423 3.1498205652424835 3.152826314277086 3.155021059934435 3.1572158055917843 3.1594105512491373 3.1616052969064863 3.1638000425638357 3.165994788221185 3.168189533878534 3.1703842795358836 3.1725790251932326 3.174773770850582 3.176968516507931 3.1791632621652806 3.1813580078226296 3.183552753479979 3.185747499137328 3.187942244794681 3.1901369904520305 3.1923317361093795 3.194526481766729 3.196721227424078 3.1989159730814274 3.2011107187387764 3.203305464396126 3.2055002100534753 3.2076949557108243 3.2098897013681738 3.2120844470255228
3.088545791594779 3.0922468302033077 3.095947868811836 3.099648907420365 3.103349946028893 3.107050984637422 3.110752023245957 3.1144530618544852 3.118154100463014 3.1218551390715423 3.125556177680071 3.1292572162886 3.132958254897128 3.136659293505657 3.1403603321141853 3.144061370722714 3.1470823630110947 3.1493763703960953 3.151670377781096 3.1539643851661006 3.1562583925511016 3.1585523999361023 3.160846407321103 3.1631404147061035 3.1654344220911046 3.1677284294761052 3.170022436861106 3.172316444246107 3.1746104516311076 3.176904459016108 3.1791984664011093 3.18149247378611 3.1837864811711145 3.186080488556115 3.188374495941116 3.190668503326117 3.1929625107111175 3.195256518096118 3.197550525481119 3.19984453286612 3.2021385402511204 3.2044325476361215 3.206726555021122 3.2090205624061228
3.0837368541929906 3.087374542326987 3.0910122304609837 3.09464991859498 3.0982876067289764 3.101925294862973 3.1055629829969758 3.1092006711309725 3.112838359264969 3.116476047398965 3.120113735532962 3.1237514236669583 3.1273891118009547 3.1310267999349515 3.134664488068948 3.138302176202944 3.141338411745103 3.1437316808577553 3.1461249499704076 3.1485182190830643 3.1509114881957165 3.153304757308369 3.155698026421021 3.1580912955336733 3.1604845646463255 3.162877833758978 3.16527110287163 3.1676643719842823 3.170057641096935 3.1724509102095872 3.1748441793222395 3.1772374484348918 3.179630717547548 3.1820239866602003 3.1844172557728525 3.1868105248855048 3.189203793998157 3.1915970631108097 3.193990332223462 3.196383601336114 3.1987768704487665 3.2011701395614187 3.203563408674071 3.205956677786723
3.0789279167912023 3.0825022544506666 3.086076592110131 3.0896509297695953 3.0932252674290597 3.096799605088524 3.1003739427479946 3.103948280407459 3.1075226180669233 3.1110969557263877 3.1146712933858525 3.118245631045317 3.121819968704781 3.1253943063642455 3.12896864402371 3.1325429816831742 3.1355944604791115 3.1380869913194154 3.1405795221597193 3.143072053000027 3.145564583840331 3.148057114680635 3.1505496455209387 3.1530421763612426 3.1555347072015465 3.1580272380418504 3.1605197688821542 3.163012299722458 3.165504830562762 3.1679973614030654 3.1704898922433693 3.172982423083673 3.1754749539239815 3.1779674847642854 3.1804600156045892 3.182952546444893 3.1854450772851965 3.1879376081255004 3.1904301389658043 3.192922669806108 3.195415200646412 3.197907731486716 3.20040026232702 3.2028927931673237
3.0741189793894135 3.077629966574346 3.081140953759278 3.0846519409442106 3.088162928129143 3.0916739153140753 3.0951849024990135 3.098695889683946 3.102206876868878 3.1057178640538106 3.109228851238743 3.1127398384236753 3.1162508256086077 3.11976181279354 3.1232727999784724 3.1267837871634048 3.1298505092131204 3.1324423017810754 3.135034094349031 3.137625886916991 3.140217679484946 3.1428094720529014 3.145401264620857 3.1479930571888124 3.1505848497567674 3.153176642324723 3.1557684348926784 3.1583602274606335 3.160952020028589 3.1635438125965445 3.1661356051645 3.168727397732455 3.171319190300415 3.1739109828683705 3.1765027754363255 3.179094568004281 3.1816863605722365 3.184278153140192 3.186869945708147 3.1894617382761026 3.192053530844058 3.194645323412013 3.1972371159799686 3.199828908547924
3.069310041987625 3.0727576786980255 3.0762053154084255 3.079652952118826 3.083100588829226 3.0865482255396266 3.0899958622500328 3.093443498960433 3.096891135670833 3.1003387723812335 3.103786409091634 3.107234045802034 3.110681682512434 3.1141293192228345 3.117576955933235 3.1210245926436353 3.1241065579471288 3.126797612242736 3.1294886665383426 3.132179720833954 3.1348707751295612 3.137561829425168 3.140252883720775 3.1429439380163817 3.145634992311989 3.1483260466075955 3.1510171009032026 3.1537081551988093 3.1563992094944164 3.159090263790023 3.1617813180856302 3.164472372381237 3.1671634266768485 3.1698544809724556 3.1725455352680623 3.1752365895636694 3.177927643859276 3.180618698154883 3.18330975245049 3.186000806746097 3.1886918610417037 3.1913829153373108 3.1940739696329175 3.1967650239285246
3.064501104585833 3.0678853908217008 3.071269677057569 3.074653963293437 3.078038249529305 3.0814225357651734 3.084806822001047 3.0881911082369156 3.0915753944727835 3.094959680708652 3.09834396694452 3.1017282531803883 3.105112539416256 3.1084968256521246 3.1118811118879925 3.115265398123861 3.1183626066811327 3.121152922704391 3.12394323872765 3.126733554750913 3.1295238707741717 3.13231418679743 3.1351045028206888 3.137894818843947 3.140685134867206 3.143475450890464 3.1462657669137224 3.149056082936981 3.1518463989602394 3.154636714983498 3.1574270310067565 3.1602173470300152 3.1630076630532784 3.165797979076537 3.1685882950997954 3.171378611123054 3.1741689271463125 3.176959243169571 3.1797495591928295 3.182539875216088 3.1853301912393466 3.188120507262605 3.1909108232858636 3.193701139309122
3.059692167184044 3.06301310294538 3.066334038706716 3.0696549744680524 3.0729759102293883 3.0762968459907243 3.079617781752066 3.082938717513402 3.0862596532747384 3.0895805890360744 3.0929015247974103 3.0962224605587463 3.0995433963200827 3.1028643320814187 3.1061852678427546 3.1095062036040906 3.112618655415141 3.115508233166051 3.118397810916961 3.1212873886678763 3.124176966418786 3.127066544169696 3.1299561219206065 3.1328456996715164 3.1357352774224263 3.1386248551733367 3.1415144329242466 3.1444040106751565 3.1472935884260664 3.150183166176977 3.1530727439278867 3.1559623216787966 3.158851899429712 3.161741477180622 3.1646310549315317 3.167520632682442 3.170410210433352 3.173299788184262 3.1761893659351723 3.1790789436860822 3.181968521436992 3.1848580991879025 3.1877476769388124 3.1906372546897224
3.0548832297822552 3.058140815069059 3.0613984003558636 3.0646559856426676 3.0679135709294716 3.0711711562162756 3.074428741503085 3.0776863267898893 3.0809439120766933 3.0842014973634972 3.0874590826503012 3.090716667937105 3.093974253223909 3.097231838510713 3.100489423797517 3.103747009084321 3.1068747041491496 3.109863543627711 3.112852383106273 3.1158412225848395 3.118830062063401 3.1218189015419626 3.124807741020524 3.127796580499086 3.1307854199776477 3.1337742594562092 3.136763098934771 3.1397519384133323 3.142740777891894 3.1457296173704554 3.148718456849017 3.1517072963275785 3.1546961358061454 3.157684975284707 3.1606738147632685 3.16366265424183 3.1666514937203916 3.169640333198953 3.172629172677515 3.1756180121560766 3.178606851634638 3.1815956911131997 3.1845845305917613 3.187573370070323
