Figures/CREST_Example_wjb_NSE/PETs/wjb.pet.20100505.asc
ncols            288
nrows            254
xllcorner        113.274861
yllcorner        31.4918055
cellsize         0.008333333333
NODATA_value     -9999
[rows 180 to 199 of 254, columns 88 to 131 of 288]
2.7566397684118185 2.7479940894942985 2.739348410576779 2.7307027316592443 2.7220570527417247 2.7134113738242047 2.704765694906685 2.696120015989165 2.6874743370716456 2.6788286581541256 2.670182979236606 2.661537300319086 2.6528916214015665 2.6442459424840465 2.6355551046174353 2.6268159908131463 2.6180768770088427 2.609337763204554 2.6005986494002653 2.5918595355959764 2.583120421791688 2.574381307987399 2.5656421941831105 2.5569030803788215 2.5481639665745326 2.539424852770244 2.530685738965955 2.5219466251616667 2.5132075113573777 2.504468397553074 2.495729283748785 2.4869901699444967 2.478251056140208 2.4695119423359193 2.4607728285316304 2.452033714727342 2.443294600923053 2.4345554871187645 2.4258163733144755 2.4170772595101866 2.408338145705898 2.399599031901609 2.3908599180973056 2.382120804293017
2.7477476974620596 2.7392037136141565 2.7306597297662534 2.7221157459183356 2.7135717620704325 2.7050277782225294 2.6964837943746267 2.6879398105267236 2.6793958266788205 2.6708518428309174 2.6623078589830143 2.653763875135111 2.645219891287208 2.6366759074393054 2.62807763278839 2.619421320041474 2.610765007294544 2.6021086945476286 2.593452381800713 2.5847960690537977 2.576139756306882 2.5674834435599667 2.558827130813051 2.5501708180661353 2.54151450531922 2.5328581925723044 2.524201879825389 2.5155455670784734 2.5068892543315577 2.498232941584628 2.489576628837712 2.4809203160907964 2.472264003343881 2.4636076905969655 2.4549513778500502 2.4462950651031345 2.4376387523562193 2.4289824396093036 2.420326126862388 2.4116698141154727 2.403013501368557 2.3943571886216417 2.3857008758747114 2.3770445631277957
2.7388556265123007 2.7304133377340145 2.7219710489557283 2.7135287601774274 2.705086471399141 2.696644182620855 2.6882018938425682 2.679759605064282 2.671317316285996 2.6628750275077095 2.6544327387294233 2.6459904499511366 2.6375481611728504 2.629105872394564 2.620600160959345 2.6120266492698025 2.603453137580246 2.5948796258907034 2.586306114201161 2.577732602511619 2.5691590908220765 2.560585579132534 2.552012067442992 2.5434385557534496 2.534865044063907 2.526291532374365 2.5177180206848226 2.5091445089952806 2.500570997305738 2.491997485616181 2.483423973926639 2.4748504622370966 2.466276950547554 2.457703438858012 2.4491299271684697 2.440556415478927 2.431982903789385 2.4234093920998427 2.4148358804103003 2.4062623687207583 2.397688857031216 2.3891153453416734 2.3805418336521167 2.3719683219625742
2.7299635555625343 2.721622961853865 2.713282368145195 2.7049417744365116 2.696601180727842 2.6882605870191725 2.679919993310503 2.6715793996018333 2.663238805893164 2.654898212184494 2.646557618475825 2.6382170247671555 2.6298764310584857 2.6215358373498163 2.6131226891302934 2.6046319784981247 2.5961412678659412 2.587650557233772 2.5791598466016032 2.570669135969434 2.562178425337265 2.553687714705096 2.545197004072927 2.536706293440758 2.528215582808589 2.51972487217642 2.511234161544251 2.502743450912082 2.494252740279913 2.4857620296477294 2.47727131901556 2.4687806083833914 2.460289897751222 2.4517991871190534 2.443308476486884 2.4348177658547154 2.426327055222546 2.4178363445903774 2.409345633958208 2.4008549233260394 2.3923642126938702 2.383873502061701 2.3753827914295176 2.366892080797349
2.721071484612776 2.712832585973723 2.70459368733467 2.6963547886956034 2.6881158900565505 2.6798769914174976 2.6716380927784447 2.663399194139392 2.6551602955003393 2.6469213968612864 2.6386824982222334 2.630443599583181 2.622204700944128 2.613965802305075 2.605645217301249 2.597237307726453 2.588829398151643 2.580421488576847 2.5720135790020513 2.5636056694272553 2.55519775985246 2.546789850277664 2.538381940702868 2.5299740311280723 2.5215661215532763 2.5131582119784808 2.504750302403685 2.496342392828889 2.4879344832540933 2.479526573679283 2.471118664104487 2.4627107545296916 2.4543028449548956 2.4458949353801 2.437487025805304 2.429079116230508 2.4206712066557126 2.4122632970809166 2.403855387506121 2.395447477931325 2.3870395683565295 2.3786316587817335 2.3702237492069234 2.3618158396321274
2.712179413663017 2.704042210093581 2.6959050065241446 2.6877678029546948 2.6796305993852587 2.6714933958158227 2.663356192246386 2.65521898867695 2.647081785107514 2.638944581538078 2.630807377968642 2.622670174399206 2.6145329708297695 2.6063957672603335 2.5981677454722036 2.589842636954781 2.581517528437344 2.5731924199199216 2.564867311402499 2.5565422028850766 2.548217094367654 2.539891985850231 2.531566877332809 2.523241768815386 2.5149166602979633 2.506591551780541 2.4982664432631183 2.4899413347456956 2.4816162262282733 2.4732911177108363 2.4649660091934136 2.4566409006759913 2.4483157921585685 2.4399906836411462 2.4316655751237235 2.4233404666063008 2.4150153580888785 2.4066902495714557 2.398365141054033 2.3900400325366107 2.381714924019188 2.373389815501765 2.3650647069843287 2.356739598466906
2.703287342713258 2.695251834213439 2.6872163257136195 2.6791808172137865 2.671145308713967 2.663109800214148 2.655074291714328 2.647038783214509 2.6390032747146894 2.6309677662148703 2.6229322577150507 2.614896749215231 2.606861240715412 2.5988257322155923 2.5906902736431587 2.5824479661831092 2.574205658723046 2.5659633512629965 2.557721043802947 2.549478736342898 2.5412364288828484 2.532994121422799 2.52475181396275 2.5165095065027003 2.508267199042651 2.5000248915826018 2.4917825841225523 2.4835402766625028 2.4752979692024537 2.46705566174239 2.458813354282341 2.4505710468222914 2.442328739362242 2.4340864319021924 2.4258441244421434 2.417601816982094 2.4093595095220444 2.4011172020619953 2.392874894601946 2.3846325871418963 2.3763902796818472 2.3681479722217977 2.3599056647617345 2.351663357301685
2.6943952717635 2.686461458333297 2.6785276449030944 2.6705938314728783 2.6626600180426756 2.654726204612473 2.64679239118227 2.6388585777520674 2.6309247643218647 2.622990950891662 2.6150571374614593 2.6071233240312566 2.599189510601054 2.591255697170851 2.583212801814114 2.5750532954114376 2.5668937890087475 2.5587342826060713 2.5505747762033955 2.542415269800719 2.534255763398043 2.5260962569953667 2.517936750592691 2.5097772441900146 2.5016177377873383 2.493458231384662 2.485298724981986 2.47713921857931 2.4689797121766337 2.4608202057739437 2.4526606993712674 2.444501192968591 2.436341686565915 2.428182180163239 2.420022673760563 2.4118631673578865 2.4037036609552103 2.3955441545525344 2.387384648149858 2.379225141747182 2.3710656353445057 2.3629061289418294 2.3547466225391394 2.3465871161364635
2.685503200813741 2.6776710824531547 2.669838964092569 2.6620068457319697 2.6541747273713834 2.6463426090107975 2.6385104906502117 2.6306783722896254 2.6228462539290396 2.6150141355684537 2.607182017207868 2.5993498988472816 2.591517780486696 2.58368566212611 2.5757353299850685 2.567658624639766 2.559581919294449 2.551505213949146 2.543428508603843 2.53535180325854 2.5272750979132375 2.5191983925679344 2.5111216872226314 2.5030449818773284 2.4949682765320254 2.4868915711867228 2.4788148658414197 2.4707381604961167 2.4626614551508137 2.454584749805497 2.4465080444601943 2.4384313391148913 2.4303546337695883 2.4222779284242852 2.414201223078982 2.4061245177336796 2.3980478123883766 2.3899711070430736 2.3818944016977706 2.373817696352468 2.365740991007165 2.357664285661862 2.349587580316545 2.341510874971242
2.6766111298639745 2.668880706573005 2.661150283282036 2.653419859991054 2.6456894367000845 2.6379590134091155 2.630228590118146 2.622498166827177 2.614767743536208 2.607037320245239 2.5993068969542694 2.5915764736633005 2.583846050372331 2.576115627081362 2.5682578581560174 2.5602639538680876 2.5522700495801445 2.5442761452922147 2.536282241004285 2.5282883367163556 2.5202944324284258 2.512300528140496 2.5043066238525666 2.496312719564637 2.488318815276707 2.4803249109887773 2.472331006700848 2.464337102412918 2.4563431981249884 2.4483492938370452 2.4403553895491155 2.432361485261186 2.4243675809732563 2.4163736766853265 2.408379772397397 2.4003858681094674 2.3923919638215376 2.3843980595336083 2.3764041552456785 2.3684102509577487 2.3604163466698194 2.3524224423818896 2.3444285380939465 2.3364346338060167
2.6677190589142157 2.660090330692863 2.6524616024715106 2.6448328742501452 2.637204146028793 2.6295754178074406 2.621946689586088 2.6143179613647356 2.606689233143383 2.5990605049220306 2.591431776700678 2.583803048479326 2.5761743202579734 2.568545592036621 2.5607803863269725 2.552869283096416 2.544958179865846 2.5370470766352895 2.5291359734047334 2.521224870174177 2.5133137669436203 2.5054026637130637 2.4974915604825076 2.489580457251951 2.4816693540213945 2.473758250790838 2.465847147560282 2.4579360443297253 2.450024941099169 2.442113837868599 2.434202734638043 2.4262916314074863 2.4183805281769297 2.410469424946373 2.402558321715817 2.3946472184852605 2.386736115254704 2.3788250120241474 2.3709139087935913 2.3630028055630348 2.355091702332478 2.347180599101922 2.339269495871352 2.3313583926407957
2.6588269879644573 2.651299954812721 2.6437729216609855 2.636245888509237 2.6287188553575014 2.6211918222057657 2.61366478905403 2.606137755902294 2.5986107227505584 2.5910836895988227 2.583556656447087 2.5760296232953515 2.5685025901436154 2.5609755569918797 2.5533029144979276 2.5454746123247443 2.5376463101515476 2.5298180079783648 2.5219897058051814 2.514161403631998 2.506333101458815 2.4985047992856315 2.4906764971124487 2.4828481949392653 2.475019892766082 2.4671915905928987 2.4593632884197154 2.451534986246532 2.4437066840733492 2.4358783819001526 2.4280500797269693 2.420221777553786 2.4123934753806027 2.40456517320742 2.3967368710342365 2.388908568861053 2.38108026668787 2.3732519645146866 2.3654236623415037 2.3575953601683204 2.349767057995137 2.3419387558219538 2.334110453648757 2.326282151475574
2.649934917014698 2.642509578932579 2.63508424085046 2.6276589027683284 2.6202335646862096 2.6128082266040904 2.605382888521971 2.5979575504398524 2.5905322123577332 2.5831068742756145 2.5756815361934953 2.568256198111376 2.5608308600292573 2.553405521947138 2.545825442668882 2.538079941553072 2.530334440437249 2.522588939321439 2.514843438205629 2.507097937089819 2.4993524359740094 2.4916069348581993 2.483861433742389 2.476115932626579 2.468370431510769 2.460624930394959 2.4528794292791494 2.4451339281633393 2.4373884270475292 2.429642925931706 2.421897424815896 2.414151923700086 2.406406422584276 2.398660921468466 2.390915420352656 2.3831699192368463 2.375424418121036 2.367678917005226 2.359933415889416 2.352187914773606 2.344442413657796 2.3366969125419863 2.328951411426163 2.321205910310353
2.6410428460649396 2.6337192030524372 2.626395560039935 2.61907191702742 2.611748274014918 2.6044246310024155 2.597100987989913 2.589777344977411 2.5824537019649085 2.575130058952406 2.567806415939904 2.5604827729274016 2.5531591299148992 2.545835486902397 2.5383479708398373 2.530685270781401 2.5230225707229508 2.515359870664514 2.507697170606077 2.5000344705476403 2.492371770489204 2.484709070430767 2.47704637037233 2.4693836703138934 2.4617209702554566 2.4540582701970197 2.446395570138583 2.438732870080146 2.431070170021709 2.4234074699632595 2.4157447699048227 2.408082069846386 2.400419369787949 2.392756669729512 2.3850939696710753 2.377431269612639 2.369768569554202 2.3621058694957653 2.3544431694373285 2.3467804693788916 2.339117769320455 2.331455069262018 2.3237923692035682 2.3161296691451314
2.6321507751151767 2.6249288271722913 2.617706879229406 2.610484931286508 2.6032629833436225 2.596041035400737 2.588819087457851 2.5815971395149657 2.5743751915720803 2.567153243629195 2.559931295686309 2.5527093477434235 2.545487399800538 2.5382654518576526 2.5308704990107893 2.5232906000097257 2.5157107010086492 2.5081308020075856 2.500550903006522 2.4929710040054585 2.485391105004395 2.4778112060033317 2.470231307002268 2.4626514080012045 2.455071509000141 2.4474916099990773 2.4399117109980137 2.43233181199695 2.424751912995887 2.4171720139948105 2.409592114993747 2.4020122159926833 2.3944323169916197 2.386852417990556 2.3792725189894925 2.371692619988429 2.364112720987366 2.356532821986302 2.3489529229852386 2.341373023984175 2.3337931249831114 2.326213225982048 2.3186333269809714 2.311053427979908
2.6232587041654183 2.6161384512921497 2.6090181984188807 2.6018979455455997 2.5947776926723307 2.587657439799062 2.580537186925793 2.573416934052524 2.5662966811792556 2.5591764283059866 2.552056175432718 2.544935922559449 2.53781566968618 2.5306954168129114 2.5233930271817444 2.515895929238054 2.508398831294351 2.5009017333506605 2.49340463540697 2.48590753746328 2.47841043951959 2.4709133415758995 2.463416243632209 2.4559191456885188 2.4484220477448284 2.440924949801138 2.4334278518574477 2.4259307539137573 2.418433655970067 2.410936558026364 2.403439460082674 2.3959423621389835 2.388445264195293 2.3809481662516028 2.3734510683079124 2.365953970364222 2.3584568724205317 2.350959774476842 2.3434626765331514 2.335965578589461 2.3284684806457707 2.3209713827020804 2.313474284758377 2.3059771868146868
2.61436663321566 2.6073480754120077 2.6003295176083556 2.5933109598046915 2.5862924020010394 2.5792738441973873 2.572255286393735 2.565236728590083 2.558218170786431 2.5511996129827788 2.5441810551791266 2.5371624973754745 2.5301439395718224 2.5231253817681703 2.5159155553526995 2.5085012584663824 2.501086961580053 2.4936726646937357 2.4862583678074186 2.4788440709211015 2.4714297740347844 2.4640154771484672 2.45660118026215 2.449186883375833 2.441772586489516 2.4343582896031988 2.4269439927168817 2.4195296958305645 2.4121153989442474 2.4047011020579174 2.3972868051716003 2.389872508285283 2.382458211398966 2.375043914512649 2.367629617626332 2.3602153207400147 2.3528010238536976 2.3453867269673805 2.337972430081064 2.3305581331947467 2.3231438363084296 2.3157295394221125 2.3083152425357825 2.3009009456494653
2.605474562265897 2.5985576995318618 2.5916408367978265 2.5847239740637793 2.5778071113297436 2.5708902485957084 2.563973385861673 2.557056523127638 2.550139660393602 2.543222797659567 2.5363059349255317 2.5293890721914964 2.5224722094574608 2.5155553467234255 2.508438083523651 2.501106587694707 2.493775091865751 2.486443596036807 2.479112100207863 2.471780604378919 2.464449108549976 2.457117612721032 2.449786116892088 2.442454621063144 2.4351231252342003 2.4277916294052564 2.4204601335763125 2.4131286377473686 2.4057971419184248 2.3984656460894684 2.3911341502605246 2.3838026544315807 2.376471158602637 2.369139662773693 2.361808166944749 2.354476671115805 2.3471451752868613 2.339813679457918 2.332482183628974 2.32515068780003 2.317819191971086 2.3104876961421423 2.303156200313186 2.295824704484242
2.5965824913161386 2.58976732365172 2.582952155987301 2.5761369883228706 2.5693218206584523 2.5625066529940335 2.555691485329615 2.5488763176651963 2.5420611500007775 2.535245982336359 2.5284308146719403 2.521615647007522 2.514800479343103 2.5079853116786843 2.5009606116946066 2.493711916923036 2.486463222151453 2.4792145273798822 2.4719658326083116 2.464717137836741 2.4574684430651703 2.4502197482935997 2.442971053522029 2.4357223587504584 2.4284736639788878 2.421224969207317 2.4139762744357465 2.406727579664176 2.399478884892605 2.392230190121022 2.3849814953494515 2.377732800577881 2.37048410580631 2.3632354110347396 2.355986716263169 2.3487380214915983 2.3414893267200276 2.334240631948457 2.3269919371768863 2.3197432424053157 2.312494547633745 2.3052458528621744 2.2979971580905914 2.290748463319021
2.5876904203663793 2.5809769477715774 2.5742634751767755 2.5675500025819624 2.5608365299871605 2.5541230573923586 2.5474095847975566 2.5406961122027547 2.5339826396079523 2.5272691670131504 2.5205556944183485 2.5138422218235466 2.5071287492287446 2.5004152766339427 2.4934831398655612 2.486317246151364 2.479151352437154 2.4719854587229566 2.464819565008759 2.457653671294562 2.4504877775803644 2.443321883866167 2.4361559901519696 2.428990096437772 2.421824202723575 2.4146583090093774 2.40749241529518 2.4003265215809826 2.393160627866785 2.3859947341525753 2.378828840438378 2.3716629467241805 2.364497053009983 2.3573311592957857 2.3501652655815883 2.342999371867391 2.3358334781531935 2.328667584438996 2.3215016907247987 2.3143357970106013 2.307169903296404 2.3000040095822065 2.2928381158679967 2.2856722221537993
