Figures/CREST_Example_wjb_NSE/PETs/wjb.pet.20101129.asc
ncols            288
nrows            254
xllcorner        113.274861
yllcorner        31.4918055
cellsize         0.008333333333
NODATA_value     -9999
[rows 152 to 170 of 254, columns 176 to 219 of 288]
0.9526886976120474 0.9525526801182699 0.9524166626244922 0.9522806451307146 0.9521446276369371 0.9520086101431595 0.9518725926493816 0.9517365751556041 0.9516005576618265 0.9514645401680489 0.9513285226742713 0.9511925051804937 0.9510564876867161 0.9509204701929385 0.9507844526991609 0.9506484352053833 0.9502866028059371 0.949683369162906 0.9490801355198747 0.9484769018768424 0.9478736682338113 0.94727043459078 0.9466672009477488 0.9460639673047175 0.9454607336616863 0.9448575000186551 0.9442542663756238 0.9436510327325927 0.9430477990895614 0.9424445654465301 0.9418413318034989 0.9412380981604677 0.9406348645174354 0.9400316308744042 0.939428397231373 0.9388251635883418 0.9382219299453105 0.9376186963022793 0.9370154626592481 0.9364122290162168 0.9358089953731856 0.9352057617301544 0.9346025280871232 0.9339992944440919
0.9526972520386361 0.9525459762250922 0.9523947004115483 0.9522434245980044 0.9520921487844605 0.9519408729709166 0.9517895971573724 0.9516383213438285 0.9514870455302846 0.9513357697167408 0.9511844939031969 0.951033218089653 0.9508819422761091 0.9507306664625652 0.9505793906490213 0.9504281148354774 0.9500617472016871 0.949465441545255 0.948869135888823 0.94827283023239 0.947676524575958 0.9470802189195259 0.9464839132630939 0.9458876076066618 0.9452913019502298 0.9446949962937977 0.9440986906373657 0.9435023849809336 0.9429060793245017 0.9423097736680696 0.9417134680116376 0.9411171623552055 0.9405208566987725 0.9399245510423404 0.9393282453859084 0.9387319397294763 0.9381356340730443 0.9375393284166122 0.9369430227601803 0.9363467171037482 0.9357504114473162 0.9351541057908841 0.9345578001344521 0.93396149447802
0.9527058064652248 0.9525392723319146 0.9523727381986045 0.9522062040652942 0.9520396699319841 0.9518731357986738 0.9517066016653634 0.9515400675320531 0.951373533398743 0.9512069992654327 0.9510404651321226 0.9508739309988123 0.9507073968655022 0.950540862732192 0.9503743285988818 0.9502077944655716 0.9498368915974372 0.9492475139276043 0.9486581362577715 0.9480687585879376 0.9474793809181048 0.946890003248272 0.9463006255784391 0.9457112479086063 0.9451218702387734 0.9445324925689406 0.9439431148991078 0.9433537372292748 0.942764359559442 0.9421749818896091 0.9415856042197763 0.9409962265499435 0.9404068488801096 0.9398174712102768 0.9392280935404439 0.9386387158706111 0.9380493382007783 0.9374599605309454 0.9368705828611126 0.9362812051912797 0.9356918275214469 0.9351024498516141 0.9345130721817811 0.9339236945119483
0.9527143608918134 0.9525325684387369 0.9523507759856604 0.952168983532584 0.9519871910795075 0.951805398626431 0.9516236061733542 0.9514418137202777 0.9512600212672012 0.9510782288141246 0.9508964363610481 0.9507146439079717 0.9505328514548952 0.9503510590018187 0.9501692665487422 0.9499874740956658 0.9496120359931871 0.9490295863099535 0.9484471366267199 0.9478646869434851 0.9472822372602515 0.9466997875770179 0.9461173378937843 0.9455348882105505 0.9449524385273169 0.9443699888440833 0.9437875391608497 0.9432050894776159 0.9426226397943823 0.9420401901111487 0.9414577404279151 0.9408752907446813 0.9402928410614467 0.9397103913782131 0.9391279416949795 0.9385454920117458 0.9379630423285121 0.9373805926452785 0.9367981429620449 0.9362156932788112 0.9356332435955775 0.9350507939123439 0.9344683442291102 0.9338858945458766
0.9527229153184021 0.9525258645455593 0.9523288137727166 0.9521317629998738 0.951934712227031 0.9517376614541881 0.9515406106813451 0.9513435599085023 0.9511465091356595 0.9509494583628166 0.9507524075899739 0.9505553568171311 0.9503583060442883 0.9501612552714455 0.9499642044986027 0.9497671537257599 0.9493871803889372 0.9488116586923028 0.9482361369956682 0.9476606152990328 0.9470850936023983 0.9465095719057639 0.9459340502091295 0.945358528512495 0.9447830068158606 0.944207485119226 0.9436319634225916 0.9430564417259572 0.9424809200293227 0.9419053983326883 0.9413298766360538 0.9407543549394193 0.9401788332427838 0.9396033115461494 0.939027789849515 0.9384522681528805 0.9378767464562461 0.9373012247596116 0.9367257030629771 0.9361501813663426 0.9355746596697082 0.9349991379730738 0.9344236162764393 0.9338480945798049
0.9527314697449908 0.9525191606523816 0.9523068515597726 0.9520945424671634 0.9518822333745544 0.9516699242819452 0.9514576151893358 0.9512453060967266 0.9510329970041176 0.9508206879115084 0.9506083788188994 0.9503960697262902 0.9501837606336812 0.949971451541072 0.9497591424484629 0.9495468333558538 0.9491623247846869 0.9485937310746516 0.9480251373646164 0.9474565436545802 0.946887949944545 0.9463193562345097 0.9457507625244744 0.9451821688144392 0.9446135751044039 0.9440449813943687 0.9434763876843334 0.9429077939742981 0.9423392002642629 0.9417706065542276 0.9412020128441924 0.9406334191341571 0.9400648254241208 0.9394962317140856 0.9389276380040503 0.9383590442940151 0.9377904505839798 0.9372218568739445 0.9366532631639093 0.936084669453874 0.9355160757438388 0.9349474820338035 0.9343788883237683 0.933810294613733
0.9527400241715794 0.952512456759204 0.9522848893468286 0.9520573219344532 0.9518297545220779 0.9516021871097025 0.9513746196973266 0.9511470522849512 0.9509194848725758 0.9506919174602004 0.950464350047825 0.9502367826354496 0.9500092152230742 0.9497816478106988 0.9495540803983235 0.9493265129859481 0.948937469180437 0.9483758034570009 0.9478141377335648 0.9472524720101279 0.9466908062866918 0.9461291405632557 0.9455674748398196 0.9450058091163835 0.9444441433929475 0.9438824776695114 0.9433208119460753 0.9427591462226392 0.9421974804992033 0.9416358147757672 0.9410741490523311 0.940512483328895 0.939950817605458 0.9393891518820219 0.9388274861585858 0.9382658204351498 0.9377041547117138 0.9371424889882777 0.9365808232648416 0.9360191575414055 0.9354574918179694 0.9348958260945334 0.9343341603710973 0.9337724946476612
0.9527485785981681 0.9525057528660265 0.9522629271338847 0.952020101401743 0.9517772756696014 0.9515344499374596 0.9512916242053174 0.9510487984731758 0.9508059727410341 0.9505631470088923 0.9503203212767506 0.950077495544609 0.9498346698124672 0.9495918440803255 0.9493490183481839 0.9491061926160421 0.948712613576187 0.9481578758393501 0.9476031381025132 0.9470484003656754 0.9464936626288385 0.9459389248920016 0.9453841871551647 0.9448294494183279 0.944274711681491 0.9437199739446541 0.9431652362078172 0.9426104984709804 0.9420557607341435 0.9415010229973066 0.9409462852604698 0.9403915475236329 0.9398368097867951 0.9392820720499582 0.9387273343131214 0.9381725965762845 0.9376178588394476 0.9370631211026107 0.9365083833657738 0.935953645628937 0.9353989078921001 0.9348441701552632 0.9342894324184263 0.9337346946815895
0.9527571330247568 0.9524990489728488 0.9522409649209408 0.9519828808690328 0.9517247968171247 0.9514667127652168 0.9512086287133084 0.9509505446614004 0.9506924606094923 0.9504343765575843 0.9501762925056764 0.9499182084537683 0.9496601244018603 0.9494020403499523 0.9491439562980443 0.9488858722461363 0.948487757971937 0.9479399482216994 0.9473921384714616 0.946844328721223 0.9462965189709853 0.9457487092207476 0.94520089947051 0.9446530897202723 0.9441052799700346 0.943557470219797 0.9430096604695593 0.9424618507193215 0.9419140409690839 0.9413662312188462 0.9408184214686085 0.9402706117183709 0.9397228019681323 0.9391749922178946 0.9386271824676569 0.9380793727174191 0.9375315629671815 0.9369837532169438 0.9364359434667061 0.9358881337164685 0.9353403239662308 0.9347925142159931 0.9342447044657555 0.9336968947155178
0.9527656874513455 0.9524923450796712 0.9522190027079969 0.9519456603363226 0.9516723179646482 0.9513989755929739 0.9511256332212992 0.9508522908496249 0.9505789484779505 0.9503056061062762 0.9500322637346019 0.9497589213629276 0.9494855789912533 0.949212236619579 0.9489388942479047 0.9486655518762304 0.948262902367687 0.9477220206040484 0.94718113884041 0.9466402570767706 0.946099375313132 0.9455584935494936 0.9450176117858551 0.9444767300222165 0.9439358482585781 0.9433949664949396 0.9428540847313012 0.9423132029676626 0.9417723212040242 0.9412314394403857 0.9406905576767471 0.9401496759131087 0.9396087941494693 0.9390679123858308 0.9385270306221923 0.9379861488585538 0.9374452670949154 0.9369043853312768 0.9363635035676383 0.9358226218039999 0.9352817400403614 0.9347408582767229 0.9341999765130844 0.9336590947494459
0.9527742418779341 0.9524856411864936 0.9521970404950529 0.9519084398036124 0.9516198391121717 0.9513312384207311 0.95104263772929 0.9507540370378494 0.9504654363464088 0.9501768356549682 0.9498882349635276 0.949599634272087 0.9493110335806464 0.9490224328892058 0.9487338321977652 0.9484452315063246 0.948038046763437 0.9475040929863977 0.9469701392093584 0.9464361854323182 0.9459022316552789 0.9453682778782396 0.9448343241012003 0.944300370324161 0.9437664165471217 0.9432324627700824 0.9426985089930431 0.9421645552160038 0.9416306014389645 0.9410966476619252 0.9405626938848859 0.9400287401078466 0.9394947863308064 0.9389608325537672 0.9384268787767278 0.9378929249996886 0.9373589712226492 0.93682501744561 0.9362910636685706 0.9357571098915314 0.935223156114492 0.9346892023374528 0.9341552485604134 0.9336212947833742
0.9527827963045229 0.9524789372933159 0.952175078282109 0.9518712192709021 0.9515673602596951 0.9512635012484882 0.9509596422372808 0.9506557832260739 0.9503519242148669 0.95004806520366 0.9497442061924531 0.9494403471812461 0.9491364881700393 0.9488326291588324 0.9485287701476254 0.9482249111364185 0.9478131911591867 0.9472861653687467 0.9467591395783066 0.9462321137878655 0.9457050879974255 0.9451780622069854 0.9446510364165452 0.9441240106261052 0.9435969848356651 0.943069959045225 0.9425429332547849 0.9420159074643448 0.9414888816739047 0.9409618558834646 0.9404348300930245 0.9399078043025845 0.9393807785121434 0.9388537527217033 0.9383267269312633 0.9377997011408231 0.937272675350383 0.936745649559943 0.9362186237695028 0.9356915979790628 0.9351645721886227 0.9346375463981826 0.9341105206077425 0.9335834948173024
0.9527913507311115 0.9524722334001383 0.9521531160691651 0.9518339987381919 0.9515148814072186 0.9511957640762454 0.9508766467452716 0.9505575294142985 0.9502384120833253 0.949919294752352 0.9496001774213788 0.9492810600904056 0.9489619427594324 0.9486428254284591 0.9483237080974859 0.9480045907665127 0.9475883355549368 0.9470682377510959 0.946548139947255 0.9460280421434132 0.9455079443395723 0.9449878465357314 0.9444677487318905 0.9439476509280496 0.9434275531242087 0.9429074553203678 0.9423873575165269 0.941867259712686 0.941347161908845 0.9408270641050042 0.9403069663011633 0.9397868684973224 0.9392667706934806 0.9387466728896396 0.9382265750857988 0.9377064772819579 0.937186379478117 0.9366662816742761 0.9361461838704351 0.9356260860665943 0.9351059882627534 0.9345858904589125 0.9340657926550716 0.9335456948512306
0.9527999051577002 0.9524655295069607 0.9521311538562212 0.9517967782054816 0.9514624025547421 0.9511280269040026 0.9507936512532625 0.950459275602523 0.9501248999517834 0.9497905243010439 0.9494561486503044 0.9491217729995649 0.9487873973488253 0.9484530216980859 0.9481186460473463 0.9477842703966067 0.9473634799506867 0.946850310133445 0.9463371403162033 0.9458239704989607 0.945310800681719 0.9447976308644773 0.9442844610472356 0.9437712912299939 0.9432581214127522 0.9427449515955105 0.9422317817782687 0.941718611961027 0.9412054421437853 0.9406922723265436 0.9401791025093019 0.9396659326920602 0.9391527628748176 0.9386395930575759 0.9381264232403342 0.9376132534230925 0.9371000836058508 0.936586913788609 0.9360737439713673 0.9355605741541256 0.9350474043368839 0.9345342345196422 0.9340210647024005 0.9335078948851588
0.9528084595842888 0.952458825613783 0.9521091916432772 0.9517595576727714 0.9514099237022656 0.9510602897317598 0.9507106557612534 0.9503610217907476 0.9500113878202417 0.949661753849736 0.94931211987923 0.9489624859087242 0.9486128519382184 0.9482632179677126 0.9479135839972068 0.947563950026701 0.9471386243464368 0.9466323825157943 0.9461261406851518 0.9456198988545084 0.9451136570238658 0.9446074151932233 0.9441011733625808 0.9435949315319383 0.9430886897012958 0.9425824478706533 0.9420762060400107 0.9415699642093682 0.9410637223787257 0.9405574805480832 0.9400512387174407 0.9395449968867982 0.9390387550561548 0.9385325132255122 0.9380262713948697 0.9375200295642272 0.9370137877335847 0.9365075459029422 0.9360013040722996 0.9354950622416571 0.9349888204110146 0.9344825785803721 0.9339763367497296 0.9334700949190871
0.9528170140108776 0.9524521217206054 0.9520872294303333 0.9517223371400612 0.951357444849789 0.950992552559517 0.9506276602692442 0.950262767978972 0.9498978756887 0.9495329833984278 0.9491680911081557 0.9488031988178836 0.9484383065276114 0.9480734142373394 0.9477085219470672 0.9473436296567951 0.9469137687421868 0.9464144548981435 0.9459151410541001 0.9454158272100559 0.9449165133660126 0.9444171995219693 0.943917885677926 0.9434185718338827 0.9429192579898393 0.942419944145796 0.9419206303017527 0.9414213164577093 0.940922002613666 0.9404226887696228 0.9399233749255794 0.9394240610815361 0.9389247472374919 0.9384254333934485 0.9379261195494052 0.937426805705362 0.9369274918613186 0.9364281780172753 0.935928864173232 0.9354295503291886 0.9349302364851453 0.934430922641102 0.9339316087970586 0.9334322949530154
0.9528255684374662 0.9524454178274278 0.9520652672173894 0.951685116607351 0.9513049659973125 0.9509248153872741 0.9505446647772351 0.9501645141671966 0.9497843635571582 0.9494042129471199 0.9490240623370814 0.948643911727043 0.9482637611170045 0.9478836105069661 0.9475034598969277 0.9471233092868893 0.9466889131379368 0.9461965272804926 0.9457041414230486 0.9452117555656036 0.9447193697081595 0.9442269838507154 0.9437345979932712 0.943242212135827 0.9427498262783829 0.9422574404209388 0.9417650545634947 0.9412726687060505 0.9407802828486064 0.9402878969911622 0.9397955111337182 0.939303125276274 0.9388107394188291 0.9383183535613849 0.9378259677039408 0.9373335818464966 0.9368411959890525 0.9363488101316084 0.9358564242741643 0.9353640384167201 0.934871652559276 0.9343792667018318 0.9338868808443878 0.9333944949869436
0.9528341228640549 0.9524387139342502 0.9520433050044455 0.9516478960746407 0.951252487144836 0.9508570782150313 0.9504616692852259 0.9500662603554212 0.9496708514256165 0.9492754424958117 0.948880033566007 0.9484846246362023 0.9480892157063976 0.9476938067765929 0.9472983978467882 0.9469029889169833 0.9464640575336868 0.9459785996628418 0.9454931417919968 0.9450076839211511 0.9445222260503062 0.9440367681794612 0.9435513103086163 0.9430658524377714 0.9425803945669264 0.9420949366960815 0.9416094788252365 0.9411240209543916 0.9406385630835467 0.9401531052127017 0.9396676473418568 0.9391821894710118 0.9386967316001661 0.9382112737293211 0.9377258158584763 0.9372403579876313 0.9367549001167863 0.9362694422459413 0.9357839843750965 0.9352985265042515 0.9348130686334065 0.9343276107625617 0.9338421528917167 0.9333566950208717
0.9528426772906435 0.9524320100410726 0.9520213427915015 0.9516106755419305 0.9512000082923594 0.9507893410427884 0.9503786737932167 0.9499680065436457 0.9495573392940746 0.9491466720445035 0.9487360047949326 0.9483253375453615 0.9479146702957905 0.9475040030462194 0.9470933357966485 0.9466826685470774 0.9462392019294366 0.9457606720451909 0.9452821421609451 0.9448036122766986 0.9443250823924528 0.943846552508207 0.9433680226239614 0.9428894927397156 0.9424109628554699 0.9419324329712241 0.9414539030869784 0.9409753732027326 0.9404968433184869 0.9400183134342411 0.9395397835499955 0.9390612536657497 0.9385827237815031 0.9381041938972574 0.9376256640130116 0.9371471341287659 0.9366686042445201 0.9361900743602745 0.9357115444760287 0.935233014591783 0.9347544847075372 0.9342759548232915 0.9337974249390457 0.9333188950548
