Figures/CREST_Example_wjb_NSE/PETs/wjb.pet.20091019.asc
ncols            288
nrows            254
xllcorner        113.274861
yllcorner        31.4918055
cellsize         0.008333333333
NODATA_value     -9999
[rows 140 to 159 of 254, columns 0 to 43 of 288]
-9999.0 0.9069263739474932 0.9060436821287727 0.9051609903100523 0.9042782984913318 0.9033956066726113 0.9025129148538908 0.9016302230351705 0.90074753121645 0.8998648393977295 0.8989821475790091 0.8980994557602886 0.8972537257458482 0.8964475087353626 0.8956412917248785 0.8948350747143944 0.8940288577039103 0.8932226406934262 0.892416423682942 0.8916102066724579 0.8908039896619738 0.8899977726514897 0.8891915556410056 0.8883853386305215 0.8875791216200374 0.8867729046095533 0.8859666875990678 0.8851604705885837 0.8843542535780996 0.8835480365676155 0.8827418195571314 0.8819356025466473 0.8811293855361632 0.880323168525679 0.8795169515151949 0.8787107345047108 0.8779045174942267 0.8770983004837426 0.8762920834732585 0.875485866462773 0.8746796494522889 0.8738734324418048 0.8731715663885583 0.8725812538670263
-9999.0 -9999.0 0.9061498152561901 0.9052488602043143 0.9043479051524385 0.9034469501005626 0.9025459950486868 0.901645039996811 0.9007440849449352 0.8998431298930594 0.8989421748411835 0.8980412197893077 0.8971532390302518 0.8962791280833832 0.8954050171365159 0.8945309061896487 0.8936567952427815 0.8927826842959142 0.891908573349047 0.8910344624021799 0.8901603514553127 0.8892862405084454 0.8884121295615782 0.887538018614711 0.8866639076678439 0.8857897967209766 0.884915685774108 0.8840415748272407 0.8831674638803735 0.8822933529335063 0.8814192419866391 0.8805451310397718 0.8796710200929047 0.8787969091460375 0.8779227981991702 0.877048687252303 0.8761745763054358 0.8753004653585686 0.8744263544117014 0.8735522434648327 0.8726781325179654 0.8718040215710983 0.8710686128539448 0.870481479955153
-9999.0 -9999.0 0.9062559483836073 0.9053367300985762 0.904417511813545 0.9034982935285139 0.9025790752434827 0.9016598569584515 0.9007406386734204 0.8998214203883892 0.898902202103358 0.8979829838183269 0.8970527523146554 0.8961107474314035 0.8951687425481532 0.8942267376649029 0.8932847327816525 0.8923427278984023 0.8914007230151519 0.8904587181319017 0.8895167132486513 0.8885747083654011 0.8876327034821507 0.8866906985989005 0.8857486937156501 0.8848066888323999 0.883864683949148 0.8829226790658976 0.8819806741826474 0.881038669299397 0.8800966644161468 0.8791546595328964 0.878212654649646 0.8772706497663958 0.8763286448831454 0.8753866399998952 0.8744446351166448 0.8735026302333946 0.8725606253501442 0.8716186204668923 0.8706766155836421 0.8697346107003917 0.8689656593193312 0.8683817060432797
-9999.0 -9999.0 0.9063620815110246 0.9054245999928381 0.9044871184746516 0.9035496369564651 0.9026121554382786 0.901674673920092 0.9007371924019055 0.899799710883719 0.8988622293655325 0.897924747847346 0.896952265599059 0.8959423667794238 0.8949324679597905 0.8939225691401571 0.8929126703205237 0.8919027715008903 0.8908928726812568 0.8898829738616235 0.8888730750419901 0.8878631762223567 0.8868532774027232 0.8858433785830898 0.8848334797634565 0.8838235809438231 0.882813682124188 0.8818037833045546 0.8807938844849211 0.8797839856652877 0.8787740868456543 0.877764188026021 0.8767542892063875 0.8757443903867541 0.8747344915671207 0.8737245927474874 0.872714693927854 0.8717047951082205 0.8706948962885871 0.869684997468952 0.8686750986493186 0.8676651998296852 0.8668627057847177 0.8662819321314064
-9999.0 -9999.0 0.906468214638442 0.9055124698871001 0.9045567251357582 0.9036009803844164 0.9026452356330744 0.9016894908817326 0.9007337461303907 0.8997780013790488 0.898822256627707 0.8978665118763651 0.8968517788834626 0.8957739861274442 0.8946961933714276 0.8936184006154111 0.8925406078593945 0.891462815103378 0.8903850223473614 0.8893072295913448 0.8882294368353283 0.8871516440793117 0.8860738513232952 0.8849960585672786 0.8839182658112621 0.8828404730552455 0.8817626802992271 0.8806848875432105 0.879607094787194 0.8785293020311774 0.8774515092751609 0.8763737165191443 0.8752959237631277 0.8742181310071112 0.8731403382510946 0.8720625454950781 0.8709847527390615 0.869906959983045 0.8688291672270284 0.86775137447101 0.8666735817149934 0.8655957889589769 0.8647597522501023 0.8641821582195313
-9999.0 -9999.0 0.9065743477658592 0.905600339781362 0.9046263317968648 0.9036523238123675 0.9026783158278703 0.9017043078433731 0.9007302998588759 0.8997562918743787 0.8987822838898814 0.8978082759053841 0.8967512921678662 0.8956056054754645 0.8944599187830649 0.8933142320906653 0.8921685453982656 0.891022858705866 0.8898771720134663 0.8887314853210666 0.8875857986286669 0.8864401119362674 0.8852944252438677 0.884148738551468 0.8830030518590684 0.8818573651666687 0.8807116784742671 0.8795659917818675 0.8784203050894678 0.8772746183970681 0.8761289317046685 0.8749832450122689 0.8738375583198692 0.8726918716274695 0.8715461849350699 0.8704004982426702 0.8692548115502706 0.868109124857871 0.8669634381654713 0.8658177514730696 0.86467206478067 0.8635263780882704 0.8626567987154887 0.8620823843076578
0.9086650233285817 0.9076727521109291 0.9066804808932766 0.905688209675624 0.9046959384579715 0.9037036672403188 0.9027113960226663 0.9017191248050137 0.9007268535873612 0.8997345823697085 0.8987423111520559 0.8977500399344034 0.8966508054522698 0.8954372248234851 0.8942236441947023 0.8930100635659195 0.8917964829371368 0.890582902308354 0.8893693216795713 0.8881557410507885 0.8869421604220058 0.8857285797932231 0.8845149991644403 0.8833014185356575 0.8820878379068747 0.880874257278092 0.8796606766493071 0.8784470960205244 0.8772335153917417 0.8760199347629589 0.8748063541341762 0.8735927735053934 0.8723791928766107 0.871165612247828 0.8699520316190451 0.8687384509902624 0.8675248703614796 0.8663112897326969 0.8650977091039141 0.8638841284751293 0.8626705478463466 0.8614569672175638 0.8605538451808752 0.8599826103957845
0.9088076829223096 0.9077971484715017 0.9067866140206938 0.9057760795698859 0.9047655451190779 0.90375501066827 0.9027444762174621 0.9017339417666542 0.9007234073158462 0.8997128728650383 0.8987023384142304 0.8976918039634225 0.8965503187366735 0.8952688441715054 0.8939873696063396 0.8927058950411737 0.8914244204760079 0.890142945910842 0.8888614713456762 0.8875799967805104 0.8862985222153444 0.8850170476501786 0.8837355730850128 0.8824540985198469 0.8811726239546811 0.8798911493895152 0.8786096748243472 0.8773282002591813 0.8760467256940155 0.8747652511288496 0.8734837765636838 0.8722023019985179 0.8709208274333521 0.8696393528681863 0.8683578783030204 0.8670764037378546 0.8657949291726887 0.8645134546075228 0.863231980042357 0.861950505477189 0.8606690309120231 0.8593875563468573 0.8584508916462615 0.8578828364839112
-9999.0 0.9073807185871723 0.906398840185689 0.9054169617842056 0.9044350833827223 0.9034532049812389 0.9024713265797556 0.9014894481782723 0.900507569776789 0.8995256913753057 0.8985438129738224 0.897561934572339 0.896418651181684 0.8951028222105292 0.8937869932393767 0.8924711642682243 0.8911553352970718 0.8898395063259193 0.8885236773547669 0.8872078483836144 0.885892019412462 0.8845761904413094 0.883260361470157 0.8819445324990045 0.880628703527852 0.8793128745566996 0.8779970455855449 0.8766812166143925 0.87536538764324 0.8740495586720874 0.872733729700935 0.8714179007297825 0.8701020717586301 0.8687862427874776 0.8674704138163252 0.8661545848451727 0.8648387558740203 0.8635229269028678 0.8622070979317153 0.8608912689605606 0.8595754399894081 0.8582596110182557 0.8572989825851272 0.8567180715550047
-9999.0 0.9063861795396285 0.9054831109427447 0.904580042345861 0.9036769737489773 0.9027739051520934 0.9018708365552097 0.9009677679583259 0.9000646993614422 0.8991616307645584 0.8982585621676746 0.8973554935707909 0.8962536532749596 0.8949393215415484 0.8936249898081394 0.8923106580747304 0.8909963263413214 0.8896819946079124 0.8883676628745034 0.8870533311410944 0.8857389994076854 0.8844246676742764 0.8831103359408674 0.8817960042074584 0.8804816724740494 0.8791673407406404 0.8778530090072292 0.8765386772738202 0.8752243455404112 0.8739100138070022 0.8725956820735932 0.8712813503401842 0.8699670186067752 0.8686526868733662 0.8673383551399572 0.8660240234065482 0.8647096916731392 0.8633953599397302 0.8620810282063212 0.8607666964729099 0.8594523647395009 0.8581380330060919 0.8571636801142332 0.8565527722878257
-9999.0 -9999.0 0.9045673816997999 0.9037431229075157 0.9029188641152316 0.9020946053229475 0.9012703465306633 0.9004460877383792 0.8996218289460951 0.8987975701538109 0.8979733113615268 0.8971490525692427 0.8960886553682353 0.8947758208725676 0.893462986376902 0.8921501518812365 0.890837317385571 0.8895244828899055 0.8882116483942399 0.8868988138985744 0.8855859794029088 0.8842731449072433 0.8829603104115777 0.8816474759159122 0.8803346414202468 0.8790218069245812 0.8777089724289134 0.8763961379332479 0.8750833034375823 0.8737704689419168 0.8724576344462512 0.8711447999505857 0.8698319654549201 0.8685191309592546 0.8672062964635892 0.8658934619679236 0.8645806274722581 0.8632677929765925 0.861954958480927 0.8606421239852592 0.8593292894895936 0.8580164549939281 0.8570283776433391 0.8563874730206466
-9999.0 -9999.0 -9999.0 -9999.0 -9999.0 -9999.0 0.9006698565061174 0.8999244075184328 0.8991789585307483 0.8984335095430637 0.8976880605553791 0.8969426115676945 0.8959236574615111 0.8946123202035868 0.8933009829456647 0.8919896456877426 0.8906783084298205 0.8893669711718986 0.8880556339139765 0.8867442966560544 0.8854329593981323 0.8841216221402103 0.8828102848822882 0.8814989476243661 0.880187610366444 0.878876273108522 0.8775649358505977 0.8762535985926756 0.8749422613347535 0.8736309240768315 0.8723195868189094 0.8710082495609873 0.8696969123030652 0.8683855750451432 0.8670742377872211 0.865762900529299 0.864451563271377 0.8631402260134549 0.8618288887555329 0.8605175514976086 0.8592062142396865 0.8578948769817644 0.8568930751724451 0.8562221737534677
-9999.0 -9999.0 -9999.0 -9999.0 -9999.0 0.9007360056646565 0.9000693664815715 0.8994027272984865 0.8987360881154015 0.8980694489323165 0.8974028097492315 0.8967361705661465 0.895758659554787 0.8944488195346061 0.8931389795144276 0.8918291394942489 0.8905192994740703 0.8892094594538917 0.8878996194337131 0.8865897794135345 0.8852799393933559 0.8839700993731773 0.8826602593529986 0.8813504193328201 0.8800405793126415 0.8787307392924628 0.877420899272282 0.8761110592521034 0.8748012192319248 0.8734913792117462 0.8721815391915676 0.870871699171389 0.8695618591512104 0.8682520191310318 0.8669421791108531 0.8656323390906746 0.864322499070496 0.8630126590503173 0.8617028190301388 0.8603929790099579 0.8590831389897793 0.8577732989696006 0.8567577727015511 0.8560568744862886
-9999.0 -9999.0 -9999.0 -9999.0 0.9006445352139965 0.900056705835511 0.8994688764570256 0.8988810470785401 0.8982932177000547 0.8977053883215692 0.8971175589430838 0.8965297295645983 0.8955936616480626 0.8942853188656253 0.8929769760831902 0.8916686333007551 0.8903602905183199 0.8890519477358848 0.8877436049534496 0.8864352621710145 0.8851269193885793 0.8838185766061442 0.8825102338237091 0.8812018910412739 0.8798935482588388 0.8785852054764036 0.8772768626939663 0.8759685199115311 0.874660177129096 0.8733518343466609 0.8720434915642257 0.8707351487817906 0.8694268059993554 0.8681184632169203 0.8668101204344851 0.86550177765205 0.8641934348696149 0.8628850920871798 0.8615767493047446 0.8602684065223073 0.8589600637398721 0.857651720957437 0.8566224702306572 0.8558915752191097
-9999.0 -9999.0 -9999.0 -9999.0 0.8998864255802513 0.8993774060063655 0.8988683864324796 0.8983593668585937 0.8978503472847078 0.897341327710822 0.896832308136936 0.8963232885630502 0.8954286637413384 0.8941218181966445 0.8928149726519529 0.8915081271072611 0.8902012815625695 0.8888944360178779 0.8875875904731861 0.8862807449284945 0.8849738993838028 0.8836670538391111 0.8823602082944195 0.8810533627497278 0.8797465172050362 0.8784396716603444 0.8771328261156506 0.8758259805709588 0.8745191350262672 0.8732122894815756 0.8719054439368839 0.8705985983921922 0.8692917528475005 0.8679849073028089 0.8666780617581172 0.8653712162134255 0.8640643706687339 0.8627575251240421 0.8614506795793505 0.8601438340346566 0.8588369884899649 0.8575301429452733 0.8564871677597632 0.8557262759519307
-9999.0 -9999.0 -9999.0 -9999.0 -9999.0 -9999.0 0.8982678964079338 0.8978376866386475 0.8974074768693612 0.8969772671000749 0.8965470573307885 0.8961168475615022 0.8952636658346143 0.8939583175276639 0.8926529692207156 0.8913476209137674 0.8900422726068192 0.888736924299871 0.8874315759929228 0.8861262276859746 0.8848208793790263 0.8835155310720781 0.88221018276513 0.8809048344581818 0.8795994861512335 0.8782941378442853 0.876988789537335 0.8756834412303867 0.8743780929234385 0.8730727446164903 0.871767396309542 0.8704620480025939 0.8691566996956457 0.8678513513886974 0.8665460030817492 0.865240654774801 0.8639353064678528 0.8626299581609046 0.8613246098539564 0.8600192615470059 0.8587139132400577 0.8574085649331096 0.8563518652888692 0.8555609766847518
-9999.0 -9999.0 -9999.0 -9999.0 -9999.0 -9999.0 -9999.0 -9999.0 0.8969646064540143 0.8966132064893275 0.8962618065246408 0.895910406559954 0.89509866792789 0.893794816858683 0.8924909657894783 0.8911871147202736 0.8898832636510688 0.888579412581864 0.8872755615126593 0.8859717104434546 0.8846678593742499 0.8833640083050451 0.8820601572358404 0.8807563061666356 0.8794524550974309 0.8781486040282261 0.8768447529590192 0.8755409018898144 0.8742370508206097 0.8729331997514049 0.8716293486822002 0.8703254976129955 0.8690216465437908 0.8677177954745859 0.8664139444053812 0.8651100933361765 0.8638062422669718 0.8625023911977671 0.8611985401285622 0.8598946890593553 0.8585908379901506 0.8572869869209458 0.8562165628179752 0.8553956774175728
-9999.0 -9999.0 -9999.0 -9999.0 -9999.0 -9999.0 -9999.0 -9999.0 -9999.0 0.89624914587858 -9999.0 -9999.0 -9999.0 0.8936313161897022 0.8923289623582409 0.8910266085267796 0.8897242546953184 0.888421900863857 0.8871195470323957 0.8858171932009344 0.8845148393694732 0.8832124855380119 0.8819101317065506 0.8806077778750894 0.8793054240436281 0.8780030702121668 0.8767007163807033 0.8753983625492421 0.8740960087177808 0.8727936548863195 0.8714913010548583 0.870188947223397 0.8688865933919356 0.8675842395604744 0.8662818857290131 0.8649795318975518 0.8636771780660906 0.8623748242346293 0.861072470403168 0.8597701165717045 0.8584677627402433 0.857165408908782 0.8560812603470811 0.8552303781503937
-9999.0 -9999.0 -9999.0 -9999.0 -9999.0 -9999.0 -9999.0 -9999.0 -9999.0 -9999.0 -9999.0 -9999.0 -9999.0 -9999.0 0.8921669589270036 0.8908661023332858 0.889565245739568 0.8882643891458502 0.8869635325521323 0.8856626759584145 0.8843618193646967 0.8830609627709789 0.8817601061772611 0.8804592495835433 0.8791583929898255 0.8778575363961076 0.8765566798023877 0.8752558232086699 0.8739549666149521 0.8726541100212343 0.8713532534275165 0.8700523968337986 0.8687515402400808 0.867450683646363 0.8661498270526452 0.8648489704589274 0.8635481138652096 0.8622472572714918 0.860946400677774 0.8596455440840539 0.8583446874903361 0.8570438308966183 0.8559459578761872 0.8550650788832148
-9999.0 -9999.0 -9999.0 -9999.0 -9999.0 -9999.0 -9999.0 -9999.0 -9999.0 -9999.0 -9999.0 -9999.0 -9999.0 -9999.0 -9999.0 -9999.0 0.8894062367838176 0.8881068774278432 0.8868075180718689 0.8855081587158946 0.8842087993599203 0.8829094400039459 0.8816100806479715 0.8803107212919972 0.8790113619360228 0.8777120025800486 0.876412643224072 0.8751132838680976 0.8738139245121233 0.8725145651561489 0.8712152058001745 0.8699158464442002 0.8686164870882259 0.8673171277322516 0.8660177683762772 0.8647184090203028 0.8634190496643285 0.8621196903083541 0.8608203309523799 0.8595209715964033 0.8582216122404289 0.8569222528844546 0.8558106554052932 0.8548997796160358
