Figures/CREST_Example_wjb_NSE/PETs/wjb.pet.20101031.asc
ncols            288
nrows            254
xllcorner        113.274861
yllcorner        31.4918055
cellsize         0.008333333333
NODATA_value     -9999
[rows 160 to 179 of 254, columns 132 to 175 of 288]
1.4796721525519763 1.4782771425598416 1.4768821325677066 1.475487122575572 1.474092112583437 1.472697102591302 1.4713020925991673 1.4699070826070324 1.4685120726148977 1.4671170626227628 1.4657220526306278 1.4643270426384907 1.4629320326463557 1.461537022654221 1.460142012662086 1.4587470026699514 1.4573519926778165 1.4559569826856815 1.4545619726935468 1.4531669627014119 1.4517719527092772 1.4503769427171422 1.4489819327250073 1.4475869227328726 1.4461919127407352 1.4447969027486005 1.4434018927564656 1.4420068827643309 1.440611872772196 1.439216862780061 1.4383831842687382 1.4381495818085457 1.4379159793483531 1.4376823768881606 1.4374487744279683 1.4372151719677757 1.4369815695075832 1.4367479670473904 1.4365143645871978 1.4362807621270053 1.436047159666813 1.4358135572066204 1.4355799547464279 1.4353463522862355
1.4811213487138057 1.4796874242428668 1.478253499771928 1.4768195753009892 1.4753856508300502 1.4739517263591115 1.4725178018881726 1.4710838774172337 1.469649952946295 1.468216028475356 1.466782104004417 1.465348179533476 1.463914255062537 1.462480330591598 1.4610464061206594 1.4596124816497205 1.4581785571787815 1.4567446327078428 1.455310708236904 1.453876783765965 1.4524428592950263 1.4510089348240873 1.4495750103531484 1.4481410858822095 1.4467071614112683 1.4452732369403294 1.4438393124693905 1.4424053879984517 1.4409714635275128 1.439537539056574 1.4386727702446958 1.43841644170749 1.4381601131702844 1.4379037846330787 1.4376474560958732 1.4373911275586675 1.4371347990214618 1.4368784704842559 1.4366221419470502 1.4363658134098445 1.4361094848726388 1.4358531563354333 1.4355968277982276 1.435340499261022
1.4825705448756352 1.4810977059258923 1.4796248669761494 1.4781520280264064 1.4766791890766637 1.4752063501269208 1.4737335111771779 1.472260672227435 1.4707878332776922 1.4693149943279493 1.4678421553782064 1.466369316428461 1.464896477478718 1.4634236385289754 1.4619507995792325 1.4604779606294895 1.4590051216797466 1.457532282730004 1.456059443780261 1.454586604830518 1.4531137658807751 1.4516409269310324 1.4501680879812895 1.4486952490315466 1.4472224100818012 1.4457495711320583 1.4442767321823156 1.4428038932325726 1.4413310542828297 1.439858215333087 1.4389623562206533 1.4386833016064344 1.4384042469922156 1.4381251923779967 1.4378461377637781 1.4375670831495593 1.4372880285353404 1.4370089739211211 1.4367299193069023 1.4364508646926837 1.4361718100784648 1.435892755464246 1.4356137008500272 1.4353346462358085
1.4840197410374656 1.4825079876089187 1.4809962341803717 1.4794844807518248 1.477972727323278 1.476460973894731 1.474949220466184 1.4734374670376371 1.4719257136090904 1.4704139601805435 1.4689022067519966 1.467390453323447 1.4658786998949 1.4643669464663531 1.4628551930378062 1.4613434396092593 1.4598316861807124 1.4583199327521656 1.4568081793236187 1.4552964258950718 1.4537846724665249 1.452272919037978 1.450761165609431 1.449249412180884 1.4477376587523345 1.4462259053237876 1.4447141518952407 1.4432023984666937 1.441690645038147 1.4401788916096 1.439251942196611 1.438950161505379 1.438648380814147 1.438346600122915 1.438044819431683 1.4377430387404513 1.4374412580492193 1.4371394773579866 1.4368376966667549 1.4365359159755229 1.436234135284291 1.435932354593059 1.435630573901827 1.435328793210595
1.485468937199295 1.4839182692919441 1.4823676013845932 1.4808169334772423 1.4792662655698914 1.4777155976625405 1.4761649297551895 1.4746142618478386 1.4730635939404877 1.4715129260331368 1.4699622581257858 1.4684115902184323 1.4668609223110813 1.4653102544037304 1.4637595864963795 1.4622089185890286 1.4606582506816777 1.4591075827743267 1.4575569148669758 1.4560062469596249 1.454455579052274 1.452904911144923 1.4513542432375721 1.4498035753302212 1.4482529074228676 1.4467022395155167 1.4451515716081658 1.4436009037008148 1.442050235793464 1.440499567886113 1.4395415281725685 1.4392170214043234 1.4388925146360783 1.4385680078678331 1.438243501099588 1.4379189943313428 1.437594487563098 1.4372699807948521 1.436945474026607 1.4366209672583619 1.436296460490117 1.4359719537218718 1.4356474469536267 1.4353229401853815
1.4869181333611243 1.4853285509749694 1.4837389685888145 1.4821493862026596 1.4805598038165046 1.4789702214303497 1.4773806390441948 1.47579105665804 1.474201474271885 1.47261189188573 1.4710223094995751 1.4694327271134173 1.4678431447272624 1.4662535623411075 1.4646639799549526 1.4630743975687976 1.4614848151826427 1.4598952327964878 1.4583056504103329 1.456716068024178 1.455126485638023 1.4535369032518681 1.451947320865713 1.450357738479558 1.4487681560934005 1.4471785737072456 1.4455889913210906 1.4439994089349357 1.4424098265487808 1.4408202441626259 1.439831114148526 1.4394838813032678 1.4391366484580095 1.4387894156127512 1.438442182767493 1.4380949499222346 1.4377477170769766 1.4374004842317176 1.4370532513864593 1.436706018541201 1.4363587856959428 1.4360115528506845 1.4356643200054262 1.435317087160168
1.4883673295229538 1.486738832657995 1.485110335793036 1.4834818389280768 1.481853342063118 1.480224845198159 1.4785963483332 1.4769678514682412 1.4753393546032822 1.4737108577383233 1.4720823608733642 1.4704538640084026 1.4688253671434437 1.4671968702784848 1.4655683734135256 1.4639398765485667 1.4623113796836078 1.4606828828186489 1.45905438595369 1.457425889088731 1.4557973922237721 1.454168895358813 1.452540398493854 1.4509119016288952 1.4492834047639334 1.4476549078989744 1.4460264110340155 1.4443979141690566 1.4427694173040977 1.4411409204391388 1.4401207001244836 1.4397507412022121 1.4393807822799407 1.4390108233576693 1.4386408644353978 1.4382709055131264 1.437900946590855 1.4375309876685831 1.4371610287463117 1.4367910698240403 1.4364211109017688 1.4360511519794974 1.435681193057226 1.4353112341349545
1.4898165256847828 1.48814911434102 1.486481702997257 1.484814291653494 1.4831468803097312 1.4814794689659683 1.4798120576222051 1.4781446462784422 1.4764772349346793 1.4748098235909164 1.4731424122471535 1.4714750009033877 1.4698075895596248 1.4681401782158616 1.4664727668720987 1.4648053555283358 1.4631379441845729 1.46147053284081 1.459803121497047 1.458135710153284 1.456468298809521 1.454800887465758 1.4531334761219952 1.4514660647782323 1.4497986534344665 1.4481312420907035 1.4464638307469404 1.4447964194031775 1.4431290080594146 1.4414615967156517 1.440410286100441 1.4400176011011565 1.439624916101872 1.4392322311025874 1.4388395461033028 1.4384468611040182 1.4380541761047336 1.4376614911054484 1.4372688061061638 1.4368761211068792 1.4364834361075949 1.4360907511083103 1.4356980661090257 1.4353053811097412
1.4912657218466123 1.4895593960240454 1.4878530702014785 1.4861467443789114 1.4844404185563445 1.4827340927337775 1.4810277669112106 1.4793214410886435 1.4776151152660766 1.4759087894435097 1.4742024636209428 1.4724961377983727 1.4707898119758058 1.469083486153239 1.467377160330672 1.4656708345081049 1.463964508685538 1.462258182862971 1.4605518570404041 1.458845531217837 1.45713920539527 1.4554328795727032 1.4537265537501363 1.4520202279275691 1.4503139021049993 1.4486075762824324 1.4469012504598655 1.4451949246372984 1.4434885988147315 1.4417822729921645 1.4406998720763986 1.4402844610001009 1.4398690499238032 1.4394536388475054 1.4390382277712077 1.43862281669491 1.4382074056186125 1.4377919945423139 1.4373765834660162 1.4369611723897184 1.436545761313421 1.4361303502371232 1.4357149391608255 1.4352995280845278
1.4927149180084418 1.4909696777070707 1.4892244374056998 1.4874791971043289 1.4857339568029577 1.4839887165015868 1.482243476200216 1.4804982358988448 1.4787529955974739 1.477007755296103 1.475262514994732 1.473517274693358 1.4717720343919871 1.470026794090616 1.468281553789245 1.4665363134878742 1.464791073186503 1.4630458328851321 1.4613005925837612 1.45955535228239 1.4578101119810192 1.4560648716796483 1.4543196313782771 1.4525743910769062 1.4508291507755322 1.4490839104741613 1.4473386701727904 1.4455934298714195 1.4438481895700483 1.4421029492686774 1.4409894580523561 1.4405513208990453 1.4401131837457344 1.4396750465924235 1.4392369094391126 1.4387987722858018 1.438360635132491 1.4379224979791794 1.4374843608258685 1.4370462236725576 1.4366080865192468 1.436169949365936 1.435731812212625 1.4352936750593142
1.4941641141702722 1.4923799593900973 1.4905958046099221 1.4888116498297472 1.487027495049572 1.4852433402693972 1.483459185489222 1.4816750307090472 1.479890875928872 1.4781067211486971 1.476322566368522 1.474538411588344 1.472754256808169 1.470970102027994 1.469185947247819 1.467401792467644 1.465617637687469 1.4638334829072939 1.462049328127119 1.4602651733469438 1.458481018566769 1.456696863786594 1.454912709006419 1.453128554226244 1.4513443994460657 1.4495602446658908 1.4477760898857157 1.4459919351055408 1.444207780325366 1.4424236255451908 1.441279044028314 1.44081818079799 1.440357317567666 1.439896454337342 1.439435591107018 1.438974727876694 1.43851386464637 1.438053001416045 1.437592138185721 1.437131274955397 1.4366704117250728 1.4362095484947488 1.4357486852644248 1.4352878220341008
1.4956133103321017 1.4937902410731225 1.4919671718141436 1.4901441025551645 1.4883210332961856 1.4864979640372065 1.4846748947782276 1.4828518255192484 1.4810287562602693 1.4792056870012904 1.4773826177423113 1.4755595484833293 1.4737364792243501 1.4719134099653712 1.470090340706392 1.4682672714474132 1.466444202188434 1.4646211329294552 1.462798063670476 1.460974994411497 1.459151925152518 1.4573288558935389 1.45550578663456 1.4536827173755809 1.4518596481165988 1.4500365788576197 1.4482135095986408 1.4463904403396617 1.4445673710806828 1.4427443018217037 1.4415686300042716 1.4410850406969344 1.4406014513895973 1.4401178620822601 1.439634272774923 1.4391506834675858 1.4386670941602484 1.4381835048529106 1.4376999155455732 1.437216326238236 1.4367327369308989 1.4362491476235617 1.4357655583162245 1.4352819690088874
1.497062506493931 1.495200522756148 1.4933385390183649 1.491476555280582 1.4896145715427989 1.4877525878050157 1.4858906040672328 1.4840286203294497 1.4821666365916666 1.4803046528538837 1.4784426691161006 1.4765806853783143 1.4747187016405314 1.4728567179027483 1.4709947341649654 1.4691327504271823 1.4672707666893992 1.4654087829516163 1.4635467992138331 1.4616848154760502 1.459822831738267 1.457960848000484 1.456098864262701 1.454236880524918 1.4523748967871317 1.4505129130493488 1.4486509293115657 1.4467889455737826 1.4449269618359997 1.4430649780982165 1.4418582159802293 1.4413519005958788 1.4408455852115285 1.4403392698271782 1.4398329544428279 1.4393266390584776 1.4388203236741273 1.438314008289776 1.4378076929054255 1.4373013775210752 1.436795062136725 1.4362887467523746 1.4357824313680243 1.435276115983674
1.4985117026557604 1.4966108044391733 1.4947099062225864 1.4928090080059992 1.4909081097894121 1.4890072115728252 1.487106313356238 1.485205415139651 1.483304516923064 1.481403618706477 1.4795027204898898 1.4776018222732996 1.4757009240567125 1.4738000258401256 1.4718991276235385 1.4699982294069514 1.4680973311903645 1.4661964329737773 1.4642955347571902 1.4623946365406033 1.4604937383240162 1.458592840107429 1.456691941890842 1.454791043674255 1.4528901454576648 1.4509892472410777 1.4490883490244906 1.4471874508079037 1.4452865525913166 1.4433856543747294 1.4421478019561869 1.4416187604948232 1.4410897190334597 1.4405606775720963 1.4400316361107328 1.4395025946493694 1.438973553188006 1.4384445117266413 1.4379154702652779 1.4373864288039144 1.436857387342551 1.4363283458811875 1.4357993044198238 1.4352702629584604
1.4999608988175896 1.4980210861221988 1.4960812734268076 1.4941414607314165 1.4922016480360256 1.4902618353406345 1.4883220226452434 1.4863822099498523 1.4844423972544614 1.4825025845590702 1.4805627718636791 1.4786229591682847 1.4766831464728938 1.4747433337775027 1.4728035210821115 1.4708637083867206 1.4689238956913295 1.4669840829959384 1.4650442703005473 1.4631044576051564 1.4611646449097653 1.4592248322143742 1.457285019518983 1.4553452068235921 1.4534053941281977 1.4514655814328066 1.4495257687374155 1.4475859560420246 1.4456461433466334 1.4437063306512423 1.4424373879321444 1.4418856203937678 1.441333852855391 1.4407820853170143 1.4402303177786377 1.4396785502402611 1.4391267827018843 1.4385750151635068 1.4380232476251302 1.4374714800867536 1.4369197125483768 1.4363679450100002 1.4358161774716236 1.435264409933247
1.501410094979419 1.4994313678052238 1.497452640631029 1.4954739134568338 1.4934951862826387 1.4915164591084435 1.4895377319342484 1.4875590047600535 1.4855802775858584 1.4836015504116633 1.4816228232374682 1.4796440960632697 1.4776653688890748 1.4756866417148797 1.4737079145406846 1.4717291873664895 1.4697504601922946 1.4677717330180995 1.4657930058439044 1.4638142786697093 1.4618355514955141 1.4598568243213192 1.4578780971471241 1.455899369972929 1.4539206427987306 1.4519419156245355 1.4499631884503406 1.4479844612761454 1.4460057341019503 1.4440270069277552 1.442726973908102 1.4421524802927121 1.4415779866773222 1.4410034930619324 1.4404289994465427 1.439854505831153 1.439280012215763 1.4387055186003723 1.4381310249849826 1.4375565313695926 1.4369820377542029 1.436407544138813 1.4358330505234234 1.4352585569080334
1.5028592911412497 1.5008416494882506 1.4988240078352515 1.4968063661822524 1.4947887245292533 1.4927710828762542 1.490753441223255 1.488735799570256 1.4867181579172568 1.4847005162642577 1.4826828746112586 1.480665232958256 1.4786475913052568 1.4766299496522577 1.4746123079992586 1.4725946663462595 1.4705770246932603 1.4685593830402612 1.4665417413872621 1.464524099734263 1.462506458081264 1.4604888164282648 1.4584711747752657 1.4564535331222666 1.4544358914692639 1.4524182498162648 1.4504006081632657 1.4483829665102665 1.4463653248572674 1.4443476832042683 1.4430165598840596 1.4424193401916565 1.4418221204992536 1.4412249008068507 1.4406276811144476 1.4400304614220447 1.4394332417296418 1.4388360220372378 1.4382388023448347 1.4376415826524318 1.437044362960029 1.4364471432676258 1.435849923575223 1.43525270388282
1.504308487303079 1.5022519311712759 1.5001953750394728 1.4981388189076696 1.4960822627758665 1.4940257066440634 1.4919691505122603 1.4899125943804572 1.487856038248654 1.485799482116851 1.4837429259850476 1.4816863698532412 1.479629813721438 1.4775732575896348 1.4755167014578316 1.4734601453260285 1.4714035891942254 1.4693470330624223 1.4672904769306192 1.465233920798816 1.463177364667013 1.4611208085352099 1.4590642524034068 1.4570076962716036 1.454951140139797 1.4528945840079939 1.4508380278761908 1.4487814717443876 1.4467249156125845 1.4446683594807812 1.4433061458600172 1.4426862000906011 1.4420662543211848 1.4414463085517688 1.4408263627823528 1.4402064170129365 1.4395864712435205 1.4389665254741033 1.438346579704687 1.437726633935271 1.437106688165855 1.4364867423964387 1.4358667966270227 1.4352468508576066
1.505758570072262 1.5036945913233788 1.5016306125744956 1.4995666338256124 1.497502655076729 1.4954386763278458 1.4933746975789626 1.4913107188300794 1.4892467400811962 1.487182761332313 1.4851187825834298 1.483054803834543 1.4809908250856598 1.4789268463367766 1.4768628675878934 1.4747988888390102 1.4727349100901268 1.4706709313412436 1.4686069525923604 1.4665429738434772 1.464478995094594 1.4624150163457108 1.4603510375968276 1.4582870588479444 1.4562230800990577 1.4541591013501745 1.4520951226012913 1.450031143852408 1.4479671651035246 1.4459031863546414 1.444534299544294 1.4439084817402417 1.4432826639361893 1.442656846132137 1.4420310283280846 1.4414052105240323 1.44077939271998 1.4401535749159264 1.439527757111874 1.4389019393078217 1.4382761215037694 1.437650303699717 1.4370244858956647 1.4363986680916123
1.507209600568821 1.5051718620180192 1.5031341234672175 1.501096384916416 1.4990586463656144 1.4970209078148127 1.4949831692640112 1.4929454307132095 1.4909076921624078 1.4888699536116061 1.4868322150608047 1.4847944765099994 1.482756737959198 1.4807189994083962 1.4786812608575945 1.476643522306793 1.4746057837559914 1.4725680452051897 1.470530306654388 1.4684925681035865 1.4664548295527848 1.4644170910019831 1.4623793524511817 1.46034161390038 1.458303875349575 1.4562661367987733 1.4542283982479716 1.4521906596971699 1.4501529211463684 1.4481151825955667 1.4467657229481852 1.4461520490184396 1.4455383750886939 1.4449247011589483 1.4443110272292026 1.443697353299457 1.4430836793697115 1.4424700054399646 1.441856331510219 1.4412426575804733 1.4406289836507278 1.4400153097209822 1.4394016357912365 1.438787961861491
