Figures/CREST_Example_wjb_NSE/PETs/wjb.pet.20100404.asc
ncols            288
nrows            254
xllcorner        113.274861
yllcorner        31.4918055
cellsize         0.008333333333
NODATA_value     -9999
[rows 60 to 79 of 254, columns 44 to 87 of 288]
2.5767627620200813 2.5757215074808695 2.5746802529416577 2.573638998402446 2.572597743863234 2.5715564893240224 2.5705152347848106 2.569473980245599 2.5684327257063853 2.5673914711671735 2.5663502166279617 2.56530896208875 2.564267707549538 2.5632264530103264 2.5621851984711146 2.561143943931903 2.560102689392691 2.559061434853479 2.558020180314267 2.5569789257750553 2.5559376712358435 2.55489641669663 2.553855162157418 2.5528139076182064 2.5517726530789946 2.550731398539783 2.549690144000571 2.5486488894613593 2.5494202878710026 2.55212945325991 2.5548386186488172 2.5575477840377245 2.560256949426632 2.562966114815539 2.5656752802044513 2.5683844455933587 2.571093610982266 2.5738027763711733 2.5765119417600806 2.579221107148988 2.581930272537895 2.5846394379268025 2.5873486033157103 2.5900577687046176
2.580662903261403 2.579565614962462 2.578468326663521 2.5773710383645803 2.5762737500656394 2.5751764617666986 2.5740791734677577 2.572981885168817 2.5718845968698743 2.5707873085709334 2.5696900202719926 2.5685927319730517 2.567495443674111 2.56639815537517 2.5653008670762296 2.5642035787772888 2.563106290478348 2.562009002179407 2.5609117138804662 2.5598144255815254 2.5587171372825845 2.557619848983642 2.556522560684701 2.5554252723857602 2.5543279840868194 2.5532306957878785 2.552133407488938 2.5510361191899973 2.551707710854603 2.554270275187643 2.5568328395206836 2.559395403853724 2.5619579681867646 2.564520532519805 2.56708309685285 2.5696456611858904 2.572208225518931 2.574770789851971 2.5773333541850114 2.579895918518052 2.5824584828510924 2.585021047184133 2.5875836115171733 2.590146175850214
2.584563044502724 2.583409722444054 2.582256400385384 2.5811030783267146 2.5799497562680447 2.5787964342093748 2.577643112150705 2.576489790092035 2.5753364680333632 2.5741831459746933 2.573029823916024 2.571876501857354 2.570723179798684 2.569569857740014 2.5684165356813446 2.5672632136226747 2.566109891564005 2.564956569505335 2.5638032474466654 2.5626499253879955 2.5614966033293256 2.560343281270654 2.559189959211984 2.558036637153314 2.556883315094644 2.5557299930359747 2.554576670977305 2.553423348918635 2.553995133838203 2.556411097115377 2.55882706039255 2.5612430236697237 2.5636589869468973 2.5660749502240705 2.568490913501248 2.570906876778422 2.5733228400555954 2.5757388033327686 2.5781547666099422 2.580570729887116 2.582986693164289 2.5854026564414627 2.5878186197186364 2.5902345829958096
2.588463185744045 2.5872538299256465 2.5860444741072475 2.5848351182888485 2.58362576247045 2.582416406652051 2.581207050833652 2.5799976950152534 2.5787883391968522 2.5775789833784537 2.5763696275600547 2.575160271741656 2.573950915923257 2.572741560104858 2.5715322042864597 2.5703228484680607 2.5691134926496617 2.567904136831263 2.566694781012864 2.565485425194465 2.5642760693760667 2.5630667135576655 2.561857357739267 2.560648001920868 2.5594386461024694 2.5582292902840704 2.5570199344656714 2.555810578647273 2.5562825568218037 2.55855191904311 2.560821281264417 2.5630906434857232 2.56536000570703 2.5676293679283364 2.5698987301496468 2.5721680923709536 2.57443745459226 2.5767068168135667 2.578976179034873 2.58124554125618 2.5835149034774862 2.585784265698793 2.5880536279200994 2.590322990141406
2.5923633269853665 2.5910979374072385 2.589832547829111 2.588567158250983 2.587301768672855 2.586036379094727 2.5847709895165996 2.5835055999384715 2.5822402103603417 2.5809748207822136 2.579709431204086 2.578444041625958 2.5771786520478304 2.5759132624697023 2.5746478728915747 2.5733824833134467 2.572117093735319 2.570851704157191 2.5695863145790634 2.5683209250009353 2.5670555354228077 2.5657901458446775 2.56452475626655 2.563259366688422 2.561993977110294 2.560728587532166 2.5594631979540385 2.5581978083759105 2.558569979805404 2.5606927409708433 2.5628155021362833 2.564938263301723 2.5670610244671623 2.5691837856326023 2.5713065467980454 2.573429307963485 2.575552069128925 2.5776748302943644 2.579797591459804 2.581920352625244 2.5840431137906834 2.586165874956123 2.588288636121563 2.5904113972870024
2.5962634682266876 2.594942044888831 2.5936206215509743 2.592299198213117 2.5909777748752605 2.5896563515374034 2.5883349281995467 2.58701350486169 2.5856920815238307 2.584370658185974 2.5830492348481173 2.58172781151026 2.5804063881724035 2.579084964834547 2.5777635414966897 2.576442118158833 2.575120694820976 2.5737992714831193 2.5724778481452626 2.5711564248074055 2.569835001469549 2.56851357813169 2.567192154793833 2.565870731455976 2.5645493081181194 2.5632278847802623 2.5619064614424056 2.560585038104549 2.5608574027890048 2.5628335628985774 2.56480972300815 2.566785883117723 2.5687620432272955 2.570738203336868 2.5727143634464444 2.574690523556017 2.57666668366559 2.5786428437751625 2.580619003884735 2.582595163994308 2.5845713241038806 2.5865474842134533 2.588523644323026 2.5904998044325986
2.6001636094680123 2.5987861523704265 2.597408695272841 2.5960312381752546 2.594653781077669 2.593276323980083 2.591898866882497 2.590521409784911 2.589143952687323 2.587766495589737 2.586389038492151 2.585011581394565 2.5836341242969794 2.582256667199393 2.5808792101018074 2.5795017530042217 2.5781242959066355 2.5767468388090498 2.575369381711464 2.573991924613878 2.572614467516292 2.5712370104187037 2.569859553321118 2.568482096223532 2.567104639125946 2.5657271820283603 2.564349724930774 2.5629722678331883 2.5631448257726066 2.5649743848263125 2.566803943880018 2.5686335029337237 2.5704630619874296 2.572292621041135 2.574122180094844 2.5759517391485494 2.577781298202255 2.579610857255961 2.5814404163096665 2.5832699753633723 2.585099534417078 2.5869290934707836 2.5887586525244894 2.5905882115781953
2.604063750709334 2.602630259852019 2.6011967689947038 2.599763278137389 2.598329787280074 2.5968962964227593 2.5954628055654445 2.5940293147081293 2.592595823850812 2.5911623329934974 2.589728842136182 2.5882953512788673 2.5868618604215525 2.5854283695642377 2.583994878706923 2.5825613878496076 2.581127896992293 2.579694406134978 2.578260915277663 2.5768274244203484 2.575393933563033 2.573960442705716 2.5725269518484013 2.571093460991086 2.5696599701337712 2.5682264792764564 2.5667929884191416 2.565359497561827 2.5654322487562076 2.567115206754046 2.5687981647518847 2.5704811227497237 2.5721640807475623 2.5738470387454013 2.5755299967432426 2.5772129547410816 2.57889591273892 2.580578870736759 2.5822618287345978 2.5839447867324368 2.5856277447302753 2.587310702728114 2.588993660725953 2.5906766187237915
2.607963891950655 2.606474367333611 2.604984842716567 2.6034953180995233 2.6020057934824794 2.6005162688654355 2.5990267442483916 2.5975372196313478 2.596047695014301 2.5945581703972573 2.5930686457802135 2.5915791211631696 2.5900895965461257 2.588600071929082 2.587110547312038 2.585621022694994 2.5841314980779497 2.582641973460906 2.581152448843862 2.579662924226818 2.578173399609774 2.5766838749927277 2.575194350375684 2.57370482575864 2.572215301141596 2.570725776524552 2.5692362519075083 2.5677467272904644 2.5677196717398076 2.5692560286817794 2.5707923856237516 2.5723287425657233 2.573865099507695 2.575401456449667 2.576937813391641 2.5784741703336134 2.580010527275585 2.581546884217557 2.5830832411595286 2.5846195981015003 2.5861559550434725 2.5876923119854442 2.589228668927416 2.5907650258693877
2.6118640331919765 2.6103184748152035 2.6087729164384306 2.6072273580616576 2.6056817996848847 2.6041362413081117 2.6025906829313388 2.601045124554566 2.59949956617779 2.5979540078010173 2.5964084494242443 2.5948628910474714 2.5933173326706984 2.591771774293926 2.590226215917153 2.58868065754038 2.587135099163607 2.585589540786834 2.584043982410061 2.582498424033288 2.5809528656565153 2.5794073072797397 2.5778617489029667 2.5763161905261938 2.574770632149421 2.573225073772648 2.571679515395875 2.5701339570191024 2.570007094723408 2.571396850609513 2.572786606495618 2.574176362381723 2.5755661182678278 2.5769558741539327 2.57834563004004 2.5797353859261447 2.5811251418122496 2.5825148976983545 2.5839046535844594 2.5852944094705643 2.5866841653566692 2.588073921242774 2.5894636771288795 2.5908534330149844
2.6157641744332976 2.6141625822967955 2.6125609901602935 2.610959398023792 2.60935780588729 2.607756213750788 2.606154621614286 2.604553029477784 2.602951437341279 2.6013498452047776 2.5997482530682756 2.5981466609317736 2.5965450687952716 2.5949434766587696 2.593341884522268 2.591740292385766 2.590138700249264 2.588537108112762 2.58693551597626 2.5853339238397584 2.5837323317032563 2.5821307395667517 2.5805291474302496 2.5789275552937476 2.5773259631572456 2.575724371020744 2.574122778884242 2.57252118674774 2.5722945177070082 2.5735376725372463 2.5747808273674844 2.5760239821977224 2.5772671370279605 2.578510291858198 2.5797534466884384 2.5809966015186765 2.5822397563489146 2.5834829111791526 2.5847260660093903 2.5859692208396283 2.5872123756698664 2.5884555305001045 2.5896986853303425 2.5909418401605806
2.619664315674619 2.6180066897783885 2.6163490638821574 2.6146914379859263 2.6130338120896957 2.6113761861934646 2.6097185602972335 2.608060934401003 2.606403308504769 2.604745682608538 2.603088056712307 2.6014304308160763 2.599772804919845 2.598115179023614 2.5964575531273835 2.5947999272311524 2.5931423013349213 2.5914846754386907 2.5898270495424596 2.5881694236462285 2.586511797749998 2.584854171853764 2.583196545957533 2.581538920061302 2.5798812941650713 2.57822366826884 2.576566042372609 2.5749084164763785 2.574581940690609 2.57567849446498 2.576775048239351 2.5778716020137225 2.5789681557880932 2.5800647095624645 2.5811612633368375 2.5822578171112083 2.5833543708855795 2.5844509246599507 2.5855474784343215 2.5866440322086928 2.587740585983064 2.588837139757435 2.589933693531806 2.591030247306177
2.6235644569159438 2.6218507972599836 2.6201371376040234 2.6184234779480637 2.6167098182921036 2.6149961586361434 2.6132824989801837 2.6115688393242236 2.6098551796682607 2.6081415200123006 2.606427860356341 2.6047142007003807 2.6030005410444206 2.601286881388461 2.5995732217325007 2.5978595620765406 2.596145902420581 2.5944322427646207 2.5927185831086605 2.591004923452701 2.5892912637967407 2.587577604140778 2.5858639444848177 2.584150284828858 2.582436625172898 2.5807229655169377 2.579009305860978 2.577295646205018 2.576869363674211 2.577819316392715 2.578769269111219 2.5797192218297234 2.5806691745482273 2.5816191272667313 2.582569079985237 2.583519032703741 2.584468985422245 2.585418938140749 2.5863688908592533 2.587318843577757 2.588268796296261 2.589218749014765 2.590168701733269 2.591118654451773
2.6274645981572653 2.625694904741576 2.6239252113258873 2.622155517910198 2.6203858244945093 2.61861613107882 2.6168464376631313 2.615076744247442 2.61330705083175 2.6115373574160614 2.609767664000372 2.6079979705846834 2.606228277168994 2.6044585837533054 2.602688890337616 2.6009191969219274 2.599149503506238 2.597379810090549 2.59561011667486 2.593840423259171 2.592070729843482 2.5903010364277903 2.588531343012101 2.5867616495964123 2.584991956180723 2.5832222627650343 2.581452569349345 2.5796828759336563 2.579156786657812 2.5799601383204487 2.580763489983086 2.581566841645723 2.58237019330836 2.583173544970997 2.5839768966336356 2.5847802482962727 2.58558359995891 2.586386951621547 2.587190303284184 2.587993654946821 2.5887970066094583 2.5896003582720954 2.5904037099347326 2.5912070615973697
2.6313647393985864 2.6295390122231685 2.6277132850477507 2.6258875578723324 2.6240618306969146 2.6222361035214963 2.6204103763460784 2.6185846491706606 2.616758921995239 2.6149331948198213 2.6131074676444035 2.611281740468985 2.6094560132935674 2.607630286118149 2.605804558942731 2.6039788317673134 2.602153104591895 2.6003273774164772 2.5985016502410594 2.596675923065641 2.5948501958902233 2.593024468714802 2.591198741539384 2.589373014363966 2.587547287188548 2.58572156001313 2.5838958328377117 2.582070105662294 2.581444209641412 2.5821009602481824 2.5827577108549526 2.5834144614617225 2.5840712120684928 2.584727962675263 2.5853847132820342 2.5860414638888045 2.586698214495575 2.5873549651023446 2.588011715709115 2.588668466315885 2.5893252169226555 2.5899819675294253 2.5906387181361956 2.591295468742966
2.635264880639908 2.633383119704761 2.6315013587696137 2.6296195978344667 2.62773783689932 2.625856075964173 2.6239743150290256 2.6220925540938786 2.6202107931587286 2.6183290322235813 2.6164472712884344 2.6145655103532874 2.6126837494181405 2.610801988482993 2.6089202275478462 2.6070384666126993 2.6051567056775524 2.603274944742405 2.601393183807258 2.5995114228721112 2.5976296619369643 2.595747901001814 2.593866140066667 2.59198437913152 2.5901026181963727 2.5882208572612257 2.586339096326079 2.584457335390932 2.5837316326250126 2.5842417821759156 2.584751931726819 2.585262081277722 2.5857722308286255 2.5862823803795285 2.586792529930433 2.587302679481336 2.5878128290322393 2.5883229785831428 2.5888331281340458 2.589343277684949 2.589853427235852 2.5903635767867557 2.5908737263376587 2.591383875888562
2.639165021881229 2.637227227186353 2.635289432491477 2.633351637796601 2.631413843101725 2.629476048406849 2.6275382537119727 2.6256004590170967 2.6236626643222176 2.6217248696273416 2.6197870749324657 2.6178492802375892 2.6159114855427132 2.6139736908478373 2.6120358961529613 2.6100981014580853 2.6081603067632093 2.6062225120683333 2.6042847173734573 2.602346922678581 2.600409127983705 2.598471333288826 2.59653353859395 2.594595743899074 2.5926579492041975 2.5907201545093215 2.5887823598144455 2.5868445651195695 2.5860190556086127 2.586382604103649 2.5867461525986855 2.5871097010937216 2.5874732495887582 2.5878367980837944 2.5882003465788315 2.5885638950738676 2.5889274435689043 2.5892909920639404 2.5896545405589766 2.590018089054013 2.5903816375490494 2.5907451860440855 2.591108734539122 2.5914722830341583
2.6430651631225506 2.6410713346679455 2.6390775062133405 2.6370836777587354 2.6350898493041304 2.6330960208495253 2.6311021923949203 2.629108363940315 2.6271145354857066 2.6251207070311016 2.6231268785764965 2.6211330501218915 2.6191392216672864 2.6171453932126814 2.6151515647580763 2.6131577363034713 2.611163907848866 2.609170079394261 2.607176250939656 2.605182422485051 2.603188594030446 2.601194765575838 2.599200937121233 2.5972071086666277 2.5952132802120227 2.5932194517574176 2.5912256233028126 2.5892317948482075 2.588306478592213 2.5885234260313825 2.588740373470552 2.588957320909721 2.5891742683488905 2.5893912157880603 2.58960816322723 2.5898251106663994 2.5900420581055688 2.590259005544738 2.5904759529839074 2.590692900423077 2.5909098478622465 2.591126795301416 2.591343742740585 2.5915606901797545
2.6469653043638717 2.6449154421495376 2.6428655799352034 2.6408157177208698 2.6387658555065356 2.6367159932922015 2.6346661310778674 2.6326162688635333 2.630566406649196 2.628516544434862 2.626466682220528 2.6244168200061937 2.6223669577918596 2.6203170955775255 2.618267233363192 2.6162173711488577 2.6141675089345235 2.6121176467201894 2.6100677845058553 2.6080179222915216 2.6059680600771875 2.60391819786285 2.6018683356485157 2.5998184734341816 2.597768611219848 2.595718749005514 2.5936688867911797 2.5916190245768456 2.5905939015758137 2.590664247959116 2.5907345943424187 2.590804940725721 2.5908752871090237 2.590945633492326 2.5910159798756287 2.591086326258931 2.5911566726422337 2.591227019025536 2.5912973654088387 2.591367711792141 2.5914380581754437 2.591508404558746 2.5915787509420487 2.591649097325351
2.6508654456051963 2.648759549631133 2.64665365365707 2.644547757683007 2.642441861708944 2.640335965734881 2.6382300697608176 2.6361241737867545 2.6340182778126877 2.631912381838625 2.629806485864562 2.6277005898904986 2.6255946939164354 2.623488797942372 2.621382901968309 2.6192770059942463 2.617171110020183 2.61506521404612 2.6129593180720567 2.6108534220979935 2.6087475261239303 2.606641630149864 2.604535734175801 2.6024298382017377 2.6003239422276745 2.5982180462536113 2.596112150279548 2.5940062543054854 2.592881324559416 2.592805069886851 2.592728815214287 2.592652560541722 2.5925763058691578 2.592500051196593 2.592423796524028 2.592347541851464 2.592271287178899 2.5921950325063348 2.59211877783377 2.5920425231612056 2.5919662684886413 2.5918900138160765 2.591813759143512 2.5917375044709474
