Figures/CREST_Example_wjb_NSE/PETs/wjb.pet.20090221.asc
ncols            288
nrows            254
xllcorner        113.274861
yllcorner        31.4918055
cellsize         0.008333333333
NODATA_value     -9999
[rows 120 to 139 of 254, columns 176 to 219 of 288]
1.7561959339479176 1.7570990472990604 1.7580021606502034 1.7589052740013462 1.759808387352489 1.7607115007036318 1.7616146140547764 1.7625177274059192 1.763420840757062 1.7643239541082048 1.7652270674593478 1.7661301808104906 1.7670332941616333 1.7679364075127764 1.7688395208639192 1.769742634215062 1.7706695837975082 1.7716220148505508 1.7725744459035935 1.773526876956638 1.7744793080096806 1.7754317390627232 1.7763841701157659 1.7773366011688085 1.7782890322218512 1.7792414632748939 1.7801938943279365 1.7811463253809792 1.7820987564340218 1.7830511874870645 1.7840036185401071 1.7849560495931498 1.785908480646194 1.7868609116992367 1.7878133427522793 1.7887657738053222 1.7897182048583649 1.7906706359114075 1.7916230669644502 1.7925754980174928 1.7935279290705355 1.7944803601235781 1.7954327911766208 1.7963852222296635
1.7541180412096369 1.755027567847052 1.7559370944844672 1.7568466211218823 1.7577561477592976 1.7586656743967126 1.7595752010341295 1.7604847276715445 1.7613942543089598 1.7623037809463749 1.7632133075837901 1.7641228342212052 1.7650323608586205 1.7659418874960355 1.7668514141334508 1.7677609407708659 1.7686352188808754 1.769471815517533 1.770308412154191 1.7711450087908502 1.7719816054275082 1.772818202064166 1.773654798700824 1.774491395337482 1.7753279919741396 1.7761645886107975 1.7770011852474554 1.7778377818841133 1.7786743785207713 1.779510975157429 1.7803475717940869 1.7811841684307448 1.782020765067404 1.782857361704062 1.7836939583407199 1.7845305549773778 1.7853671516140355 1.7862037482506934 1.7870403448873513 1.7878769415240092 1.7887135381606671 1.7895501347973248 1.7903867314339827 1.7912233280706407
1.7520401484713561 1.7529560883950437 1.7538720283187312 1.7547879682424188 1.755703908166106 1.7566198480897937 1.7575357880134828 1.7584517279371703 1.7593676678608576 1.7602836077845452 1.7611995477082327 1.7621154876319203 1.7630314275556076 1.7639473674792951 1.7648633074029827 1.7657792473266702 1.7666008539642426 1.7673216161845156 1.7680423784047887 1.768763140625063 1.769483902845336 1.7702046650656091 1.770925427285882 1.7716461895061553 1.7723669517264282 1.7730877139467014 1.7738084761669743 1.7745292383872475 1.7752500006075205 1.7759707628277936 1.7766915250480666 1.7774122872683398 1.778133049488614 1.778853811708887 1.7795745739291602 1.7802953361494331 1.7810160983697063 1.7817368605899793 1.7824576228102524 1.7831783850305254 1.7838991472507986 1.7846199094710715 1.7853406716913447 1.7860614339116176
1.7499622557330754 1.7508846089430352 1.751806962152995 1.7527293153629548 1.7536516685729147 1.7545740217828745 1.7554963749928358 1.7564187282027957 1.7573410814127555 1.7582634346227153 1.759185787832675 1.760108141042635 1.7610304942525947 1.7619528474625545 1.7628752006725144 1.7637975538824742 1.7645664890476096 1.7651714168514978 1.7657763446553862 1.7663812724592753 1.7669862002631638 1.767591128067052 1.7681960558709402 1.7688009836748284 1.7694059114787168 1.770010839282605 1.7706157670864933 1.7712206948903815 1.77182562269427 1.7724305504981581 1.7730354783020463 1.7736404061059345 1.7742453339098239 1.774850261713712 1.7754551895176005 1.7760601173214887 1.776665045125377 1.7772699729292651 1.7778749007331536 1.7784798285370418 1.77908475634093 1.7796896841448182 1.7802946119487064 1.7808995397525949
1.7478843629947929 1.748813129491025 1.7497418959872573 1.7506706624834893 1.7515994289797214 1.7525281954759535 1.7534569619721874 1.7543857284684194 1.7553144949646515 1.7562432614608838 1.757172027957116 1.758100794453348 1.75902956094958 1.7599583274458124 1.7608870939420445 1.7618158604382765 1.762532124130975 1.7630212175184785 1.7635103109059818 1.7639994042934861 1.7644884976809894 1.7649775910684928 1.765466684455996 1.7659557778434996 1.7664448712310028 1.7669339646185063 1.7674230580060095 1.767912151393513 1.7684012447810162 1.7688903381685197 1.769379431556023 1.7698685249435264 1.7703576183310306 1.770846711718534 1.7713358051060373 1.7718248984935407 1.772313991881044 1.7728030852685475 1.7732921786560507 1.7737812720435542 1.7742703654310576 1.774759458818561 1.7752485522060644 1.7757376455935676
1.7458064702565124 1.7467416500390167 1.7476768298215213 1.7486120096040256 1.7495471893865302 1.7504823691690345 1.7514175489515407 1.752352728734045 1.7532879085165496 1.754223088299054 1.7551582680815585 1.7560934478640629 1.7570286276465674 1.7579638074290718 1.7588989872115763 1.759834166994081 1.7604977592143423 1.760871018185461 1.7612442771565795 1.7616175361276987 1.7619907950988172 1.762364054069936 1.7627373130410544 1.763110572012173 1.7634838309832914 1.7638570899544102 1.7642303489255287 1.7646036078966472 1.764976866867766 1.7653501258388844 1.765723384810003 1.7660966437811214 1.7664699027522406 1.7668431617233593 1.7672164206944778 1.7675896796655963 1.767962938636715 1.7683361976078336 1.768709456578952 1.7690827155500706 1.7694559745211893 1.7698292334923078 1.7702024924634263 1.7705757514345448
1.7437285775182314 1.7446701705870082 1.745611763655785 1.746553356724562 1.7474949497933385 1.7484365428621154 1.7493781359308938 1.7503197289996706 1.7512613220684474 1.752202915137224 1.7531445082060009 1.7540861012747777 1.7550276943435545 1.7559692874123312 1.756910880481108 1.7578524735498848 1.7584633942977095 1.7587208188524432 1.758978243407177 1.7592356679619112 1.759493092516645 1.7597505170713788 1.7600079416261125 1.7602653661808463 1.76052279073558 1.7607802152903138 1.7610376398450476 1.7612950643997813 1.761552488954515 1.7618099135092489 1.7620673380639826 1.7623247626187164 1.7625821871734506 1.7628396117281844 1.7630970362829181 1.763354460837652 1.7636118853923857 1.7638693099471194 1.7641267345018532 1.764384159056587 1.7646415836113207 1.7648990081660545 1.7651564327207883 1.765413857275522
1.7416506847799507 1.7425986911349998 1.7435466974900489 1.744494703845098 1.745442710200147 1.7463907165551962 1.747338722910247 1.7482867292652962 1.7492347356203453 1.7501827419753944 1.7511307483304435 1.7520787546854926 1.7530267610405417 1.7539747673955908 1.7549227737506399 1.755870780105689 1.7564290293810767 1.7565706195194257 1.7567122096577745 1.7568537997961238 1.7569953899344728 1.7571369800728218 1.7572785702111706 1.7574201603495196 1.7575617504878687 1.7577033406262175 1.7578449307645665 1.7579865209029155 1.7581281110412643 1.7582697011796133 1.7584112913179624 1.7585528814563114 1.7586944715946604 1.7588360617330094 1.7589776518713585 1.7591192420097075 1.7592608321480563 1.7594024222864053 1.7595440124247543 1.7596856025631031 1.7598271927014522 1.7599687828398012 1.7601103729781502 1.760251963116499
1.73957279204167 1.7405272116829915 1.7414816313243129 1.7424360509656343 1.7433904706069556 1.7443448902482772 1.7452993098896001 1.7462537295309215 1.747208149172243 1.7481625688135645 1.7491169884548858 1.7500714080962072 1.7510258277375288 1.7519802473788502 1.7529346670201715 1.753889086661493 1.7543946644644437 1.754420420186408 1.754446175908372 1.7544719316303363 1.7544976873523004 1.7545234430742647 1.7545491987962287 1.754574954518193 1.754600710240157 1.7546264659621214 1.7546522216840854 1.7546779774060497 1.7547037331280138 1.754729488849978 1.754755244571942 1.7547810002939064 1.7548067560158704 1.7548325117378347 1.7548582674597988 1.754884023181763 1.7549097789037271 1.7549355346256914 1.7549612903476555 1.7549870460696197 1.7550128017915838 1.755038557513548 1.7550643132355122 1.7550900689574762
1.7374948993033894 1.738455732230983 1.739416565158577 1.7403773980861705 1.7413382310137644 1.742299063941358 1.7432598968689534 1.744220729796547 1.745181562724141 1.7461423956517348 1.7471032285793284 1.7480640615069223 1.749024894434516 1.7499857273621098 1.7509465602897034 1.7519073932172973 1.752360299547811 1.7522702208533905 1.7521801421589698 1.7520900634645489 1.7519999847701282 1.7519099060757077 1.751819827381287 1.7517297486868664 1.7516396699924457 1.751549591298025 1.7514595126036046 1.7513694339091839 1.7512793552147632 1.7511892765203425 1.7510991978259218 1.7510091191315011 1.7509190404370805 1.7508289617426598 1.750738883048239 1.7506488043538184 1.750558725659398 1.7504686469649773 1.7503785682705566 1.750288489576136 1.7501984108817152 1.7501083321872948 1.750018253492874 1.7499281747984534
1.7354170065651087 1.7363842527789746 1.7373514989928407 1.7383187452067068 1.739285991420573 1.7402532376344388 1.7412204838483065 1.7421877300621726 1.7431549762760388 1.744122222489905 1.7450894687037708 1.746056714917637 1.747023961131503 1.747991207345369 1.748958453559235 1.7499256997731012 1.7503259346311781 1.7501200215203727 1.7499141084095673 1.7497081952987614 1.749502282187956 1.7492963690771506 1.7490904559663452 1.7488845428555397 1.7486786297447343 1.748472716633929 1.7482668035231235 1.748060890412318 1.7478549773015124 1.747649064190707 1.7474431510799016 1.7472372379690961 1.7470313248582905 1.746825411747485 1.7466194986366796 1.7464135855258742 1.7462076724150686 1.7460017593042632 1.7457958461934577 1.7455899330826523 1.745384019971847 1.7451781068610415 1.744972193750236 1.7447662806394306
1.7333391138268261 1.7343127733269645 1.735286432827103 1.7362600923272413 1.7372337518273797 1.738207411327518 1.739181070827658 1.7401547303277964 1.7411283898279348 1.7421020493280732 1.7430757088282116 1.74404936832835 1.7450230278284884 1.7459966873286268 1.7469703468287652 1.7479440063289036 1.7482915697145436 1.7479698221873532 1.7476480746601628 1.747326327132972 1.7470045796057816 1.7466828320785912 1.746361084551401 1.7460393370242107 1.7457175894970203 1.7453958419698299 1.7450740944426395 1.7447523469154493 1.744430599388259 1.7441088518610686 1.7437871043338782 1.7434653568066878 1.743143609279497 1.7428218617523066 1.7425001142251164 1.742178366697926 1.7418566191707356 1.7415348716435453 1.741213124116355 1.7408913765891647 1.7405696290619743 1.740247881534784 1.7399261340075936 1.7396043864804034
1.7312612210885454 1.732241293874956 1.7332213666613667 1.7342014394477776 1.7351815122341883 1.736161585020599 1.7371416578070114 1.738121730593422 1.739101803379833 1.7400818761662435 1.7410619489526542 1.7420420217390649 1.7430220945254757 1.7440021673118864 1.744982240098297 1.7459623128847077 1.7462572047979108 1.7458196228543357 1.7453820409107605 1.7449444589671845 1.7445068770236094 1.7440692950800343 1.7436317131364591 1.743194131192884 1.742756549249309 1.7423189673057338 1.7418813853621586 1.7414438034185835 1.7410062214750084 1.7405686395314333 1.7401310575878581 1.739693475644283 1.739255893700707 1.7388183117571319 1.7383807298135567 1.7379431478699816 1.7375055659264065 1.7370679839828314 1.7366304020392562 1.736192820095681 1.735755238152106 1.7353176562085308 1.7348800742649557 1.7344424923213806
1.7291833283502647 1.7301698144229476 1.7311563004956307 1.7321427865683137 1.7331292726409968 1.7341157587136797 1.7351022447863644 1.7360887308590476 1.7370752169317305 1.7380617030044136 1.7390481890770966 1.7400346751497797 1.7410211612224626 1.7420076472951458 1.7429941333678287 1.7439806194405119 1.7442228398812778 1.743669423521318 1.743116007161358 1.742562590801397 1.7420091744414372 1.7414557580814771 1.7409023417215173 1.7403489253615574 1.7397955090015973 1.7392420926416374 1.7386886762816776 1.7381352599217177 1.7375818435617576 1.7370284272017977 1.7364750108418379 1.7359215944818778 1.735368178121917 1.734814761761957 1.734261345401997 1.7337079290420372 1.733154512682077 1.7326010963221172 1.7320476799621574 1.7314942636021975 1.7309408472422374 1.7303874308822775 1.7298340145223177 1.7292805981623576
1.727105435611984 1.7280983349709393 1.7290912343298948 1.73008413368885 1.7310770330478054 1.7320699324067608 1.7330628317657177 1.7340557311246731 1.7350486304836286 1.7360415298425838 1.7370344292015392 1.7380273285604946 1.73902022791945 1.7400131272784052 1.7410060266373606 1.741998925996316 1.742188474964645 1.7415192241883004 1.7408499734119556 1.7401807226356099 1.739511471859265 1.7388422210829202 1.7381729703065756 1.7375037195302308 1.7368344687538861 1.7361652179775413 1.7354959672011967 1.7348267164248519 1.734157465648507 1.7334882148721624 1.7328189640958176 1.732149713319473 1.731480462543127 1.7308112117667822 1.7301419609904376 1.7294727102140928 1.7288034594377482 1.7281342086614033 1.7274649578850587 1.7267957071087139 1.726126456332369 1.7254572055560244 1.7247879547796796 1.724118704003335
1.7250275428737032 1.7260268555189309 1.7270261681641585 1.7280254808093862 1.729024793454614 1.7300241060998416 1.7310234187450708 1.7320227313902985 1.7330220440355262 1.7340213566807539 1.7350206693259815 1.7360199819712092 1.737019294616437 1.7380186072616646 1.7390179199068923 1.74001723255212 1.7401541100480122 1.7393690248552827 1.738583939662553 1.7377988544698222 1.7370137692770926 1.736228684084363 1.7354435988916337 1.7346585136989041 1.7338734285061745 1.733088343313445 1.7323032581207154 1.7315181729279858 1.7307330877352565 1.729948002542527 1.7291629173497973 1.7283778321570678 1.7275927469643368 1.7268076617716073 1.726022576578878 1.7252374913861483 1.7244524061934188 1.7236673210006892 1.7228822358079596 1.72209715061523 1.7213120654225005 1.7205269802297711 1.7197418950370416 1.718956809844312
1.7229496501354225 1.7239553760669226 1.7249611019984226 1.7259668279299225 1.7269725538614225 1.7279782797929224 1.7289840057244241 1.7299897316559243 1.7309954575874242 1.7320011835189242 1.7330069094504241 1.7340126353819243 1.7350183613134242 1.7360240872449242 1.7370298131764241 1.738035539107924 1.7381197451313795 1.7372188255222651 1.7363179059131508 1.735416986304035 1.7345160666949206 1.7336151470858063 1.7327142274766918 1.7318133078675775 1.7309123882584632 1.7300114686493488 1.7291105490402345 1.7282096294311202 1.727308709822006 1.7264077902128916 1.7255068706037773 1.7246059509946627 1.7237050313855469 1.7228041117764326 1.7219031921673182 1.721002272558204 1.7201013529490896 1.7192004333399753 1.718299513730861 1.7173985941217467 1.7164976745126324 1.715596754903518 1.7146958352944035 1.7137949156852892
1.72087175739714 1.7218838966149124 1.7228960358326846 1.723908175050457 1.7249203142682292 1.7259324534860017 1.7269445927037756 1.727956731921548 1.7289688711393203 1.7299810103570927 1.730993149574865 1.7320052887926374 1.7330174280104096 1.734029567228182 1.7350417064459542 1.7360538456637267 1.736085380214745 1.7350686261892456 1.7340518721637463 1.7330351181382455 1.7320183641127462 1.731001610087247 1.7299848560617477 1.7289681020362484 1.7279513480107491 1.72693459398525 1.7259178399597508 1.7249010859342515 1.7238843319087522 1.722867577883253 1.7218508238577537 1.7208340698322546 1.7198173158067536 1.7188005617812543 1.717783807755755 1.7167670537302557 1.7157502997047567 1.7147335456792574 1.7137167916537581 1.7127000376282588 1.7116832836027596 1.7106665295772603 1.7096497755517612 1.708633021526262
1.7187938646588592 1.719812417162904 1.7208309696669486 1.721849522170993 1.7228680746750378 1.7238866271790825 1.7249051796831287 1.7259237321871734 1.7269422846912181 1.7279608371952628 1.7289793896993073 1.729997942203352 1.7310164947073967 1.7320350472114414 1.733053599715486 1.7340721522195306 1.734051015298112 1.7329184268562279 1.7317858384143439 1.7306532499724578 1.7295206615305738 1.7283880730886898 1.7272554846468058 1.7261228962049218 1.7249903077630377 1.7238577193211537 1.7227251308792697 1.7215925424373857 1.7204599539955017 1.7193273655536176 1.7181947771117336 1.7170621886698496 1.7159296002279636 1.7147970117860796 1.7136644233441956 1.7125318349023115 1.7113992464604273 1.7102666580185433 1.7091340695766593 1.7080014811347752 1.7068688926928912 1.7057363042510072 1.7046037158091232 1.7034711273672392
1.7167159719205787 1.7177409377108956 1.7187659035012126 1.7197908692915296 1.7208158350818465 1.7218408008721635 1.722865766662482 1.723890732452799 1.724915698243116 1.725940664033433 1.72696562982375 1.7279905956140669 1.7290155614043838 1.7300405271947008 1.7310654929850178 1.7320904587753347 1.7320166503814791 1.7307682275232104 1.7295198046649416 1.7282713818066706 1.7270229589484016 1.7257745360901329 1.724526113231864 1.7232776903735951 1.7220292675153264 1.7207808446570576 1.7195324217987886 1.7182839989405199 1.717035576082251 1.7157871532239821 1.7145387303657134 1.7132903075074444 1.7120418846491734 1.7107934617909046 1.7095450389326359 1.708296616074367 1.7070481932160981 1.7057997703578294 1.7045513474995604 1.7033029246412916 1.7020545017830229 1.7008060789247539 1.6995576560664851 1.6983092332082161
