Figures/CREST_Example_wjb_NSE/PETs/wjb.pet.20091111.asc
ncols            288
nrows            254
xllcorner        113.274861
yllcorner        31.4918055
cellsize         0.008333333333
NODATA_value     -9999
[rows 76 to 94 of 254, columns 88 to 131 of 288]
0.38057620918191254 0.380029339768637 0.3794824703553615 0.37893560094208506 0.37838873152880953 0.37784186211553406 0.3772949927022585 0.37674812328898305 0.3762012538757075 0.375654384462432 0.3751075150491565 0.374560645635881 0.37401377622260545 0.37346690680933 0.37408585455514376 0.3759510872045459 0.3778163198539512 0.3796815525033534 0.38154678515275553 0.38341201780215767 0.3852772504515598 0.38714248310096194 0.38900771575036414 0.3908729483997663 0.3927381810491684 0.39460341369857055 0.3964686463479727 0.3983338789973749 0.400199111646777 0.4020643442961823 0.4039295769455845 0.40579480959498665 0.4076600422443888 0.4095252748937909 0.41139050754319306 0.41325574019259526 0.4151209728419974 0.41698620549139953 0.41885143814080167 0.4207166707902038 0.422581903439606 0.42444713608900814 0.42631236873841344 0.4281776013878156
0.3788714518846482 0.37847515528822956 0.3780788586918109 0.3776825620953915 0.3772862654989729 0.3768899689025542 0.37649367230613556 0.3760973757097169 0.37570107911329825 0.3753047825168796 0.3749084859204609 0.37451218932404223 0.3741158927276236 0.3737195961312049 0.3743629374747265 0.3761176752835028 0.37787241309228214 0.3796271509010585 0.3813818887098348 0.38313662651861113 0.3848913643273874 0.38664610213616374 0.38840083994494007 0.3901555777537164 0.39191031556249273 0.39366505337126906 0.3954197911800454 0.3971745289888217 0.39892926679759805 0.4006840046063774 0.4024387424151537 0.40419348022393004 0.40594821803270636 0.4077029558414827 0.409457693650259 0.41121243145903535 0.4129671692678117 0.414721907076588 0.41647664488536434 0.4182313826941407 0.419986120502917 0.42174085831169333 0.42349559612047266 0.425250333929249
0.3771666945873839 0.37692097080782205 0.3766752470282602 0.376429523248698 0.37618379946913616 0.3759380756895744 0.37569235191001255 0.3754466281304507 0.37520090435088893 0.3749551805713271 0.37470945679176526 0.3744637330122035 0.37421800923264165 0.3739722854530798 0.37464002039430916 0.3762842633624596 0.377928506330613 0.37957274929876345 0.38121699226691397 0.3828612352350645 0.384505478203215 0.38614972117136553 0.387793964139516 0.3894382071076665 0.39108245007581705 0.39272669304396757 0.39437093601211803 0.39601517898026856 0.3976594219484191 0.3993036649165724 0.4009479078847229 0.4025921508528734 0.40423639382102394 0.4058806367891744 0.40752487975732493 0.40916912272547545 0.410813365693626 0.41245760866177644 0.41410185162992696 0.4157460945980775 0.417390337566228 0.4190345805343785 0.42067882350253183 0.4223230664706823
0.3754619372901181 0.37536678632741327 0.3752716353647084 0.3751764844020034 0.37508133343929856 0.37498618247659377 0.3748910315138889 0.37479588055118407 0.3747007295884792 0.37460557862577437 0.3745104276630695 0.3744152767003647 0.3743201257376598 0.374224974774955 0.3749171033138921 0.3764508514414167 0.3779845995689439 0.37951834769646847 0.3810520958239931 0.3825858439515177 0.3841195920790423 0.3856533402065669 0.38718708833409143 0.38872083646161604 0.39025458458914064 0.39178833271666524 0.39332208084418985 0.39485582897171445 0.396389577099239 0.3979233252267662 0.3994570733542908 0.4009908214818154 0.40252456960934 0.4040583177368646 0.40559206586438923 0.4071258139919138 0.4086595621194384 0.410193310246963 0.4117270583744876 0.41326080650201213 0.41479455462953674 0.41632830275706134 0.41786205088458855 0.41939579901211316
0.3737571799928538 0.37381260184700577 0.3738680237011578 0.3739234455553099 0.3739788674094619 0.3740342892636139 0.3740897111177659 0.37414513297191787 0.3742005548260699 0.37425597668022187 0.3743113985343739 0.37436682038852587 0.3744222422426779 0.37447766409682987 0.3751941862334748 0.3766174395203735 0.37804069280727476 0.3794639460941735 0.3808871993810723 0.3823104526679711 0.38373370595486983 0.3851569592417686 0.3865802125286674 0.38800346581556616 0.38942671910246496 0.39084997238936375 0.3922732256762625 0.3936964789631613 0.39511973225006003 0.39654298553696127 0.39796623882386 0.3993894921107588 0.4008127453976576 0.40223599868455634 0.40365925197145514 0.40508250525835393 0.40650575854525267 0.40792901183215147 0.4093522651190502 0.410775518405949 0.4121987716928478 0.41362202497974654 0.4150452782666478 0.4164685315535465
0.37205242269558947 0.3722584173665983 0.37246441203760716 0.3726704067086164 0.37287640137962524 0.3730823960506341 0.37328839072164294 0.3734943853926518 0.37370038006366063 0.3739063747346695 0.3741123694056783 0.37431836407668717 0.374524358747696 0.37473035341870486 0.3754712691530575 0.37678402759933044 0.37809678604560565 0.3794095444918786 0.38072230293815157 0.3820350613844245 0.38334781983069743 0.3846605782769704 0.38597333672324335 0.38728609516951634 0.3885988536157893 0.3899116120620622 0.3912243705083352 0.3925371289546081 0.3938498874008811 0.39516264584715627 0.39647540429342926 0.3977881627397022 0.3991009211859751 0.4004136796322481 0.40172643807852104 0.40303919652479403 0.40435195497106696 0.4056647134173399 0.4069774718636129 0.4082902303098858 0.40960298875615875 0.41091574720243174 0.41222850564870694 0.4135412640949799
0.37034766539832514 0.3707042328861908 0.37106080037405653 0.3714173678619228 0.37177393534978853 0.3721305028376542 0.3724870703255199 0.3728436378133856 0.3732002053012513 0.373556772789117 0.37391334027698264 0.37426990776484836 0.37462647525271403 0.37498304274057975 0.3757483520726402 0.3769506156782873 0.3781528792839365 0.3793551428895836 0.38055740649523073 0.3817596701008779 0.38296193370652504 0.38416419731217216 0.3853664609178193 0.3865687245234664 0.38777098812911354 0.3889732517347607 0.39017551534040784 0.39137777894605497 0.3925800425517021 0.39378230615735127 0.3949845697629984 0.3961868333686456 0.3973890969742927 0.3985913605799398 0.39979362418558695 0.4009958877912341 0.4021981513968812 0.4034004150025283 0.4046026786081755 0.40580494221382263 0.40700720581946975 0.4082094694251169 0.40941173303076606 0.4106139966364132
0.3686429081010608 0.36915004840578336 0.3696571887105059 0.37016432901522933 0.3706714693199519 0.3711786096246744 0.37168574992939696 0.37219289023411944 0.372700030538842 0.37320717084356453 0.37371431114828707 0.3742214514530096 0.37472859175773215 0.3752357320624547 0.3760254349922229 0.3771172037572442 0.3782089725222674 0.3793007412872887 0.38039251005231 0.3814842788173313 0.38257604758235264 0.38366781634737396 0.3847595851123953 0.3858513538774166 0.3869431226424379 0.38803489140745917 0.3891266601724805 0.3902184289375018 0.3913101977025231 0.3924019664675463 0.39349373523256764 0.3945855039975889 0.3956772727626102 0.39676904152763154 0.39786081029265286 0.3989525790576742 0.4000443478226955 0.4011361165877168 0.4022278853527381 0.40331965411775944 0.40441142288278076 0.4055031916478021 0.4065949604128252 0.40768672917784654
0.3669381508037965 0.3675958639253759 0.36825357704695527 0.36891129016853574 0.36956900329011516 0.3702267164116945 0.37088442953327394 0.3715421426548533 0.37219985577643266 0.3728575688980121 0.37351528201959144 0.37417299514117086 0.3748307082627502 0.3754884213843296 0.3763025179118056 0.3772837918362011 0.3782650657605982 0.3792463396849937 0.3802276136093892 0.38120888753378473 0.3821901614581802 0.3831714353825757 0.3841527093069712 0.3851339832313667 0.38611525715576217 0.3870965310801577 0.3880778050045532 0.38905907892894864 0.39004035285334415 0.3910216267777413 0.39200290070213684 0.39298417462653235 0.3939654485509278 0.3949467224753233 0.3959279963997188 0.39690927032411427 0.3978905442485098 0.3988718181729053 0.3998530920973008 0.40083436602169625 0.40181563994609176 0.40279691387048727 0.40377818779488445 0.4047594617192799
0.3652333935065307 0.3660416794449671 0.3668499653834035 0.3676582513218412 0.36846653726027756 0.3692748231987139 0.37008310913715026 0.3708913950755866 0.37169968101402295 0.37250796695245936 0.3733162528908957 0.37412453882933205 0.3749328247677684 0.37574111070620475 0.37657960083138853 0.3774503799151581 0.37832115899892915 0.37919193808269874 0.38006271716646833 0.3809334962502379 0.38180427533400746 0.38267505441777705 0.38354583350154664 0.38441661258531623 0.3852873916690858 0.38615817075285536 0.38702894983662495 0.38789972892039454 0.38877050800416413 0.38964128708793516 0.39051206617170475 0.39138284525547434 0.39225362433924393 0.39312440342301347 0.39399518250678306 0.39486596159055265 0.39573674067432224 0.3966075197580918 0.39747829884186137 0.39834907792563096 0.39921985700940055 0.4000906360931701 0.40096141517694117 0.40183219426071076
0.3635286362092664 0.3644874949645596 0.3654463537198528 0.3664052124751476 0.36736407123044085 0.36832292998573407 0.36928178874102724 0.37024064749632046 0.37119950625161363 0.37215836500690685 0.3731172237622001 0.37407608251749325 0.37503494127278647 0.37599380002807964 0.3768566837509712 0.377616967994115 0.37837725223726004 0.37913753648040377 0.37989782072354755 0.3806581049666913 0.38141838920983506 0.3821786734529788 0.3829389576961226 0.3836992419392663 0.3844595261824101 0.38521981042555387 0.3859800946686976 0.3867403789118414 0.3875006631549851 0.38826094739813016 0.38902123164127395 0.3897815158844177 0.39054180012756146 0.3913020843707052 0.39206236861384897 0.3928226528569927 0.3935829371001365 0.39434322134328026 0.395103505586424 0.39586378982956777 0.3966240740727115 0.3973843583158553 0.39814464255900034 0.39890492680214407
0.36182387891200213 0.36293331048415217 0.3640427420563022 0.36515217362845415 0.3662616052006042 0.36737103677275423 0.3684804683449043 0.3695898999170543 0.37069933148920436 0.3718087630613544 0.37291819463350445 0.37402762620565455 0.3751370577778046 0.37624648934995464 0.3771337666705539 0.37778355607307185 0.37843334547559093 0.37908313487810885 0.37973292428062677 0.38038271368314475 0.38103250308566267 0.3816822924881806 0.3823320818906985 0.3829818712932165 0.3836316606957344 0.3842814500982523 0.3849312395007703 0.3855810289032882 0.38623081830580613 0.3868806077083252 0.38753039711084314 0.38818018651336106 0.388829975915879 0.38947976531839695 0.3901295547209149 0.3907793441234328 0.39142913352595077 0.3920789229284687 0.3927287123309866 0.3933785017335046 0.3940282911360225 0.3946780805385404 0.3953278699410595 0.3959776593435774
0.3630322349353523 0.3641123841676244 0.3651925333998966 0.36627268263217055 0.36735283186444273 0.36843298109671485 0.369513130328987 0.37059327956125915 0.3716734287935313 0.37275357802580344 0.3738337272580756 0.37491387649034774 0.3759940257226199 0.37707417495489204 0.37794651774153637 0.37859671073905193 0.3792469037365686 0.37989709673408417 0.38054728973159974 0.3811974827291153 0.38184767572663086 0.38249786872414643 0.38314806172166205 0.3837982547191776 0.3844484477166932 0.38509864071420874 0.3857488337117243 0.38639902670923987 0.38704921970675543 0.3876994127042721 0.38834960570178767 0.38899979869930323 0.3896499916968188 0.39030018469433436 0.3909503776918499 0.39160057068936555 0.3922507636868811 0.3929009566843967 0.39355114968191224 0.3942013426794278 0.39485153567694337 0.39550172867445893 0.3961519216719756 0.39680211466949117
0.36735452543177294 0.3682131385011687 0.36907175157056454 0.3699303646399618 0.37078897770935765 0.3716475907787534 0.37250620384814925 0.3733648169175451 0.37422342998694086 0.3750820430563367 0.3759406561257325 0.3767992691951283 0.3776578822645241 0.37851649533391996 0.3793318642934312 0.3801010043216747 0.38087014434991956 0.3816392843781631 0.38240842440640666 0.3831775644346502 0.3839467044628937 0.38471584449113727 0.3854849845193808 0.3862541245476243 0.38702326457586783 0.3877924046041114 0.3885615446323549 0.38933068466059845 0.390099824688842 0.3908689647170869 0.3916381047453304 0.3924072447735739 0.39317638480181744 0.393945524830061 0.39471466485830453 0.39548380488654805 0.3962529449147916 0.39702208494303515 0.39779122497127867 0.3985603649995222 0.39932950502776576 0.4000986450560093 0.40086778508425414 0.40163692511249766
0.3716768159281935 0.372313892834713 0.3729509697412325 0.373588046647753 0.3742251235542725 0.374862200460792 0.3754992773673115 0.37613635427383096 0.3767734311803504 0.3774105080868699 0.37804758499338936 0.37868466189990885 0.37932173880642833 0.3799588157129478 0.380717210845326 0.3816052979042975 0.3824933849632705 0.38338147202224204 0.3842695590812135 0.38515764614018505 0.3860457331991565 0.386933820258128 0.38782190731709953 0.388709994376071 0.38959808143504254 0.390486168494014 0.39137425555298555 0.392262342611957 0.39315042967092856 0.39403851672990153 0.39492660378887307 0.39581469084784454 0.3967027779068161 0.39759086496578755 0.3984789520247591 0.39936703908373056 0.4002551261427021 0.40114321320167357 0.4020313002606451 0.4029193873196166 0.4038074743785881 0.4046955614375596 0.4055836484965326 0.4064717355555041
0.37599910642461415 0.3764146471682573 0.3768301879119004 0.3772457286555443 0.3776612693991874 0.37807681014283057 0.3784923508864737 0.37890789163011684 0.37932343237376 0.3797389731174031 0.38015451386104626 0.3805700546046894 0.38098559534833254 0.3814011360919757 0.3821025573972208 0.3831095914869203 0.38411662557662146 0.38512365966632095 0.3861306937560204 0.38713772784571987 0.38814476193541936 0.3891517960251188 0.3901588301148183 0.39116586420451777 0.3921728982942172 0.3931799323839167 0.3941869664736162 0.3951940005633156 0.3962010346530151 0.39720806874271625 0.39821510283241573 0.3992221369221152 0.40022917101181466 0.40123620510151414 0.40224323919121363 0.40325027328091306 0.40425730737061255 0.405264341460312 0.40627137555001147 0.40727840963971096 0.4082854437294104 0.4092924778191099 0.4102995119088111 0.4113065459985105
0.3803213969210384 0.380515401501805 0.38070940608257164 0.38090341066333855 0.3810974152441052 0.3812914198248718 0.38148542440563843 0.38167942898640506 0.3818734335671717 0.3820674381479383 0.38226144272870494 0.3824554473094715 0.38264945189023813 0.38284345647100476 0.3834879039491168 0.3846138850695443 0.3857398661899738 0.3868658473104013 0.38799182843082886 0.3891178095512564 0.3902437906716839 0.39136977179211146 0.392495752912539 0.3936217340329665 0.3947477151533941 0.39587369627382163 0.39699967739424913 0.3981256585146767 0.3992516396351042 0.4003776207555337 0.4015036018759612 0.40262958299638874 0.4037555641168163 0.4048815452372438 0.40600752635767134 0.4071335074780989 0.4082594885985264 0.40938546971895395 0.41051145083938145 0.411637431959809 0.41276341308023656 0.41388939420066406 0.41501537532109356 0.41614135644152106
0.384643687417459 0.3846161558353493 0.3845886242532396 0.3845610926711298 0.3845335610890201 0.3845060295069104 0.38447849792480066 0.38445096634269094 0.3844234347605812 0.3843959031784715 0.3843683715963618 0.38434084001425206 0.38431330843214234 0.3842857768500326 0.3848732505010116 0.38611817865216713 0.38736310680332475 0.38860803495448026 0.3898529631056357 0.39109789125679123 0.39234281940794674 0.39358774755910225 0.39483267571025776 0.3960776038614133 0.3973225320125688 0.39856746016372424 0.39981238831487975 0.40105731646603526 0.4023022446171908 0.4035471727683484 0.4047921009195039 0.4060370290706594 0.4072819572218149 0.40852688537297044 0.4097718135241259 0.4110167416752814 0.4122616698264369 0.4135065979775924 0.41475152612874794 0.41599645427990345 0.4172413824310589 0.4184863105822144 0.41973123873337204 0.42097616688452755
0.38896597791387966 0.3887169101688936 0.38846784242390753 0.3882187746789211 0.387969706933935 0.38772063918894895 0.38747157144396294 0.38722250369897687 0.3869734359539908 0.3867243682090048 0.38647530046401873 0.38622623271903267 0.3859771649740466 0.3857280972290606 0.3862585970529065 0.38762247223478996 0.38898634741667576 0.3903502225985592 0.3917140977804427 0.39307797296232616 0.39444184814420963 0.3958057233260931 0.39716959850797656 0.39853347368986003 0.3998973488717435 0.40126122405362696 0.40262509923551043 0.4039889744173939 0.40535284959927737 0.40671672478116316 0.4080805999630466 0.4094444751449301 0.4108083503268135 0.41217222550869703 0.41353610069058044 0.41489997587246397 0.4162638510543474 0.4176277262362309 0.4189916014181143 0.42035547659999783 0.42171935178188125 0.42308322696376477 0.4244471021456505 0.425810977327534
