Figures/CREST_Example_wjb_NSE/PETs/wjb.pet.20100516.asc
ncols            288
nrows            254
xllcorner        113.274861
yllcorner        31.4918055
cellsize         0.008333333333
NODATA_value     -9999
[rows 200 to 219 of 254, columns 88 to 131 of 288]
1.8947915516205238 1.8856205789495495 1.8764496062785752 1.8672786336075853 1.858107660936611 1.8489366882656366 1.8397657155946623 1.830594742923688 1.8214237702527138 1.8122527975817395 1.8030818249107652 1.7939108522397909 1.7847398795688165 1.7755689068978422 1.7650932802188237 1.7532229489054165 1.7413526175919893 1.7294822862785821 1.7176119549651752 1.705741623651768 1.693871292338361 1.6820009610249538 1.6701306297115468 1.6582602983981396 1.6463899670847324 1.6345196357713254 1.6226493044579182 1.6107789731445112 1.598908641831104 1.5870383105176769 1.5751679792042697 1.5632976478908627 1.5514273165774555 1.5395569852640483 1.5276866539506413 1.5158163226372343 1.5039459913238271 1.49207566001042 1.480205328697013 1.4683349973836057 1.4564646660701988 1.4445943347567916 1.4327240034433641 1.4208536721299572
1.9200225403524056 1.9107293940323218 1.9014362477122382 1.8921431013921386 1.882849955072055 1.8735568087519714 1.8642636624318878 1.854970516111804 1.8456773697917204 1.8363842234716368 1.827091077151553 1.8177979308314693 1.8085047845113857 1.7992116381913021 1.7883526873044657 1.7758198559310547 1.7632870245576222 1.7507541931842112 1.7382213618108002 1.725688530437389 1.713155699063978 1.700622867690567 1.688090036317156 1.6755572049437448 1.6630243735703338 1.6504915421969228 1.6379587108235119 1.6254258794501006 1.6128930480766897 1.6003602167032573 1.5878273853298461 1.5752945539564351 1.5627617225830241 1.550228891209613 1.537696059836202 1.525163228462791 1.5126303970893797 1.5000975657159688 1.4875647343425578 1.4750319029691468 1.4624990715957358 1.4499662402223246 1.4374334088488923 1.4249005774754813
1.9452535290842874 1.9358382091150943 1.9264228891459014 1.9170075691766923 1.9075922492074993 1.8981769292383062 1.888761609269113 1.8793462892999202 1.869930969330727 1.860515649361534 1.8511003293923411 1.841685009423148 1.832269689453955 1.822854369484762 1.811612094390108 -9999.0 -9999.0 -9999.0 1.7588307686564253 1.7456354372230103 1.7324401057895953 1.7192447743561803 1.7060494429227653 1.6928541114893503 1.6796587800559353 1.6664634486225203 1.6532681171891053 1.6400727857556903 1.6268774543222753 1.6136821228888376 1.6004867914554226 1.5872914600220076 1.5740961285885926 1.5609007971551776 1.5477054657217626 1.5345101342883476 1.5213148028549326 1.5081194714215176 1.4949241399881026 1.4817288085546876 1.4685334771212726 1.4553381456878576 1.44214281425442 1.428947482821005
1.970484517816169 1.9609470241978666 1.9514095305795642 1.9418720369612457 1.9323345433429433 1.922797049724641 1.9132595561063386 1.9037220624880362 1.8941845688697336 1.8846470752514313 1.875109581633129 1.8655720880148265 1.8560345943965242 1.8464971007782218 1.83487150147575 -9999.0 -9999.0 -9999.0 -9999.0 1.7655823440086316 1.7517245125152126 -9999.0 1.7240088495283745 1.7101510180349555 1.6962931865415367 1.6824353550481177 1.6685775235546987 1.6547196920612797 1.6408618605678607 1.627004029074418 1.613146197580999 1.5992883660875803 1.5854305345941613 1.5715727031007423 1.5577148716073232 1.5438570401139042 1.5299992086204854 1.5161413771270664 1.5022835456336474 1.4884257141402284 1.4745678826468094 1.4607100511533906 1.4468522196599478 1.432994388166529
1.9957155065480616 1.9860558392806498 1.9763961720132381 1.9667365047458099 1.957076837478398 1.9474171702109861 1.9377575029435743 1.9280978356761627 1.9184381684087508 1.908778501141339 1.8991188338739273 1.8894591666065155 1.8797994993391036 1.870139832071692 -9999.0 -9999.0 -9999.0 -9999.0 -9999.0 -9999.0 -9999.0 -9999.0 -9999.0 1.7274479245805683 1.712927593027145 1.6984072614737218 1.6838869299202988 1.6693665983668755 1.6548462668134523 1.6403259352600041 1.625805603706581 1.6112852721531579 1.5967649405997346 1.5822446090463114 1.5677242774928881 1.5532039459394649 1.5386836143860418 1.5241632828326184 1.5096429512791953 1.495122619725772 1.4806022881723488 1.4660819566189256 1.4515616250654777 1.4370412935120545
2.020946495279943 2.011164654363422 2.001382813446901 1.9916009725303632 1.981819131613842 1.972037290697321 1.9622554497807998 1.9524736088642785 1.9426917679477573 1.9329099270312362 1.923128086114715 1.913346245198194 1.9035644042816728 1.8937825633651517 -9999.0 -9999.0 -9999.0 -9999.0 -9999.0 -9999.0 -9999.0 -9999.0 -9999.0 -9999.0 1.7295619995127465 1.7143791678993192 1.6991963362858922 1.684013504672465 1.6688306730590377 1.6536478414455846 1.6384650098321576 1.6232821782187303 1.6080993466053033 1.592916514991876 1.5777336833784488 1.5625508517650217 1.5473680201515945 1.5321851885381674 1.5170023569247402 1.501819525311313 1.4866366936978859 1.4714538620844586 1.4562710304710056 1.4410881988575786
2.046177484011825 2.036273469446195 2.026369454880564 2.0164654403149167 2.006561425749286 1.9966574111836557 1.9867533966180253 1.9768493820523947 1.9669453674867643 1.9570413529211337 1.9471373383555033 1.9372333237898727 1.927329309224242 1.9174252946586117 1.9046497227326862 -9999.0 -9999.0 -9999.0 -9999.0 -9999.0 -9999.0 -9999.0 -9999.0 -9999.0 1.746196405998348 1.7303510743249166 1.7145057426514856 1.6986604109780545 1.6828150793046233 1.6669697476311651 1.651124415957734 1.6352790842843028 1.6194337526108717 1.6035884209374407 1.5877430892640094 1.5718977575905784 1.556052425917147 1.540207094243716 1.524361762570285 1.5085164308968537 1.4926710992234227 1.4768257675499914 1.4609804358765333 1.4451351042031022
2.071408472743718 2.0613822845289778 2.0513560963142377 2.0413299080994807 2.031303719884741 2.021277531670001 2.0112513434552612 2.001225155240521 1.9911989670257813 1.9811727788110414 1.9711465905963015 1.9611204023815616 1.9510942141668215 1.9410680259520816 1.9279091298183384 -9999.0 -9999.0 -9999.0 -9999.0 -9999.0 -9999.0 -9999.0 -9999.0 -9999.0 -9999.0 1.746322980750521 1.7298151490170857 1.7133073172836504 1.6967994855502149 1.6802916538167514 1.663783822083316 1.6472759903498806 1.630768158616445 1.6142603268830098 1.5977524951495745 1.5812446634161392 1.5647368316827037 1.5482289999492682 1.531721168215833 1.5152133364823976 1.4987055047489621 1.4821976730155269 1.4656898412820634 1.4491820095486279
2.0783066690596628 2.068349789991301 2.058392910922939 2.04843603185456 2.038479152786198 2.028522273717836 2.018565394649474 2.008608515581112 1.9986516365127505 1.9886947574443885 1.9787378783760265 1.9687809993076648 1.9588241202393029 1.948867241170941 1.9358349480706911 -9999.0 -9999.0 -9999.0 -9999.0 -9999.0 -9999.0 -9999.0 -9999.0 -9999.0 -9999.0 -9999.0 -9999.0 -9999.0 -9999.0 1.6910352444836612 1.6747152642445298 1.6583952840053982 1.6420753037662665 1.625755323527135 1.6094353432880033 1.5931153630488717 1.57679538280974 1.5604754025706085 1.5441554223314768 1.5278354420923452 1.5115154618532136 1.495195481614082 1.4788755013749224 1.462555521135791
2.0656082657565866 2.0559253788742597 2.046242491991933 2.0365596051095896 2.0268767182272627 2.017193831344936 2.007510944462609 1.997828057580282 1.9881451706979552 1.9784622838156285 1.9687793969333016 1.9590965100509747 1.9494136231686479 1.939730736286321 1.9273701263009893 -9999.0 -9999.0 -9999.0 -9999.0 -9999.0 -9999.0 -9999.0 -9999.0 -9999.0 -9999.0 -9999.0 -9999.0 -9999.0 -9999.0 -9999.0 -9999.0 1.6685764653084525 1.6533533087794827 1.638130152250513 1.6229069957215434 1.6076838391925736 1.5924606826636039 1.5772375261346343 1.5620143696056645 1.5467912130766948 1.5315680565477252 1.5163449000187554 1.5011217434897597 1.48589858696079
2.0529098624535047 2.0435009677572133 2.0340920730609215 2.0246831783646138 2.0152742836683224 2.0058653889720306 1.996456494275739 1.9870475995794474 1.9776387048831559 1.968229810186864 1.9588209154905725 1.9494120207942809 1.9400031260979893 1.9305942314016975 1.918905304531284 -9999.0 -9999.0 -9999.0 -9999.0 -9999.0 -9999.0 -9999.0 -9999.0 -9999.0 -9999.0 -9999.0 -9999.0 -9999.0 -9999.0 -9999.0 -9999.0 1.6787576466115113 1.6646313137927038 1.6505049809738965 1.6363786481550893 1.622252315336282 1.6081259825174745 1.5939996496986673 1.5798733168798598 1.5657469840610525 1.5516206512422452 1.537494318423438 1.5233679856046065 1.509241652785799
2.0402114591504286 2.0310765566401723 2.0219416541299156 2.0128067516196437 2.003671849109387 1.9945369465991305 1.985402044088874 1.9762671415786175 1.967132239068361 1.9579973365581043 1.9488624340478478 1.9397275315375913 1.9305926290273348 1.9214577265170782 -9999.0 -9999.0 -9999.0 -9999.0 -9999.0 -9999.0 -9999.0 -9999.0 -9999.0 -9999.0 -9999.0 -9999.0 -9999.0 -9999.0 -9999.0 -9999.0 1.701968337023211 1.6889388279145656 1.6759093188059202 1.6628798096972748 1.6498503005886294 1.636820791479984 1.6237912823713385 1.610761773262693 1.5977322641540475 1.584702755045402 1.5716732459367566 1.5586437368281112 1.5456142277194436 1.532584718610798
2.0275130558473524 2.018652145523131 2.0097912351989096 2.0009303248746733 1.9920694145504516 1.9832085042262302 1.9743475939020088 1.9654866835777873 1.956625773253566 1.9477648629293445 1.938903952605123 1.9300430422809016 1.9211821319566802 1.9123212216324585 -9999.0 -9999.0 -9999.0 -9999.0 -9999.0 -9999.0 -9999.0 -9999.0 -9999.0 -9999.0 -9999.0 -9999.0 -9999.0 -9999.0 -9999.0 -9999.0 1.7110526946161038 1.6991200092176202 1.6871873238191366 1.675254638420653 1.6633219530221695 1.6513892676236859 1.6394565822252023 1.6275238968267187 1.6155912114282354 1.6036585260297518 1.5917258406312682 1.5797931552327846 1.5678604698342808 1.5559277844357973
2.014814652544271 2.006227734406085 1.9976408162678985 1.9890538981296975 1.9804669799915113 1.971880061853325 1.9632931437151389 1.9547062255769525 1.9461193074387664 1.9375323893005802 1.928945471162394 1.9203585530242078 1.9117716348860214 1.9031847167478353 -9999.0 -9999.0 -9999.0 -9999.0 -9999.0 -9999.0 -9999.0 -9999.0 -9999.0 -9999.0 -9999.0 -9999.0 -9999.0 -9999.0 1.7418087755856608 1.730972913897321 1.720137052209 1.7093011905206787 1.6984653288323577 1.6876294671440364 1.6767936054557153 1.665957743767394 1.655121882079073 1.6442860203907517 1.6334501587024306 1.6226142970141093 1.611778435325788 1.600942573637467 1.5901067119491272 1.5792708502608062
2.0021162492411944 1.9938033232890433 1.9854903973368923 1.977177471384727 1.9688645454325757 1.9605516194804247 1.9522386935282736 1.9439257675761223 1.9356128416239713 1.9272999156718202 1.918986989719669 1.910674063767518 1.9023611378153666 -9999.0 -9999.0 -9999.0 -9999.0 -9999.0 -9999.0 -9999.0 -9999.0 -9999.0 -9999.0 -9999.0 -9999.0 -9999.0 -9999.0 -9999.0 1.7486994857582276 1.7389604477800518 1.7292214098018925 1.7194823718237333 1.7097433338455739 1.7000042958674146 1.6902652578892554 1.6805262199110962 1.670787181932937 1.6610481439547775 1.6513091059766183 1.641570067998459 1.6318310300202996 1.6220919920421404 1.6123529540639645 1.6026139160858053
1.9894178459381182 1.9813789121720022 1.9733399784058863 1.9653010446397565 1.9572621108736403 1.9492231771075244 1.9411842433414084 1.9331453095752922 1.9251063758091762 1.9170674420430602 1.9090285082769443 1.900989574510828 -9999.0 -9999.0 -9999.0 -9999.0 -9999.0 -9999.0 -9999.0 -9999.0 -9999.0 -9999.0 -9999.0 -9999.0 -9999.0 -9999.0 -9999.0 -9999.0 1.7555901959307947 1.7469479816627824 1.738305767394785 1.7296635531267877 1.7210213388587903 1.712379124590793 1.7037369103227955 1.6950946960547981 1.6864524817868007 1.6778102675188034 1.669168053250806 1.6605258389828086 1.6518836247148112 1.6432414104468138 1.6345991961788018 1.6259569819108044
1.976719442635042 1.9689545010549612 1.9611895594748803 1.953424617894786 1.945659676314705 1.937894734734624 1.9301297931545431 1.9223648515744622 -9999.0 -9999.0 -9999.0 -9999.0 -9999.0 -9999.0 -9999.0 -9999.0 -9999.0 -9999.0 -9999.0 -9999.0 -9999.0 -9999.0 -9999.0 -9999.0 -9999.0 -9999.0 -9999.0 -9999.0 -9999.0 1.754935515545513 1.7473901249876775 1.739844734429842 1.7322993438720067 1.7247539533141711 1.7172085627563356 1.7096631721985 1.7021177816406645 1.6945723910828292 1.6870270005249937 1.6794816099671581 1.6719362194093226 1.664390828851487 1.6568454382936388 1.6493000477358033
1.9640210393319604 1.9565300899379148 1.949039140543869 1.9415481911498105 1.9340572417557647 1.9265662923617188 1.9190753429676732 1.9115843935736274 -9999.0 -9999.0 -9999.0 -9999.0 -9999.0 -9999.0 -9999.0 -9999.0 -9999.0 -9999.0 -9999.0 -9999.0 -9999.0 -9999.0 -9999.0 -9999.0 -9999.0 -9999.0 -9999.0 -9999.0 -9999.0 1.762923049428247 1.7564744825805738 1.7500259157329008 1.7435773488852275 1.7371287820375545 1.7306802151898815 1.7242316483422082 1.7177830814945352 1.711334514646862 1.704885947799189 1.6984373809515156 1.6919888141038426 1.6855402472561694 1.6790916804084852 1.6726431135608122
1.9513226360288844 1.9441056788208737 1.936888721612863 1.92967176440484 -9999.0 1.9152378499888187 -9999.0 -9999.0 -9999.0 -9999.0 -9999.0 -9999.0 -9999.0 -9999.0 -9999.0 -9999.0 -9999.0 -9999.0 -9999.0 -9999.0 -9999.0 -9999.0 -9999.0 -9999.0 -9999.0 -9999.0 -9999.0 -9999.0 -9999.0 -9999.0 -9999.0 1.7602070970359553 1.7548553538984442 1.7495036107609327 1.7441518676234216 1.7388001244859104 1.7334483813483992 1.728096638210888 1.7227448950733766 1.7173931519358654 1.7120414087983542 1.706689665660843 1.7013379225233225 1.6959861793858113
1.938624232725808 1.9316812677038326 1.924738302681857 1.9177953376598695 -9999.0 -9999.0 -9999.0 -9999.0 -9999.0 -9999.0 -9999.0 -9999.0 -9999.0 -9999.0 -9999.0 -9999.0 -9999.0 -9999.0 -9999.0 -9999.0 -9999.0 -9999.0 -9999.0 -9999.0 -9999.0 -9999.0 -9999.0 -9999.0 -9999.0 -9999.0 -9999.0 1.7703882783390097 1.7661333589116603 1.761878439484311 1.7576235200569617 1.7533686006296123 1.749113681202263 1.7448587617749138 1.7406038423475645 1.7363489229202151 1.7320940034928658 1.7278390840655165 1.7235841646381598 1.7193292452108104
