Figures/CREST_Example_wjb_NSE/PETs/wjb.pet.20090929.asc
ncols            288
nrows            254
xllcorner        113.274861
yllcorner        31.4918055
cellsize         0.008333333333
NODATA_value     -9999
[rows 200 to 219 of 254, columns 44 to 87 of 288]
-9999.0 -9999.0 -9999.0 -9999.0 -9999.0 -9999.0 -9999.0 -9999.0 -9999.0 -9999.0 2.595888681044451 2.5966543944353506 2.5974201078262498 2.5981858212171494 2.5989515346080485 2.599717247998948 2.6004829613898472 2.6012486747807464 2.602014388171646 2.602780101562545 2.6035458149534447 2.604311528344345 2.605077241735245 2.605842955126144 2.606608668517043 2.6073743819079427 2.608140095298842 2.6089058086897414 2.6084473304685916 2.606680163740014 2.6049129970114366 2.6031458302828594 2.601378663554282 2.5996114968257045 2.597844330097124 2.596077163368547 2.5943099966399696 2.592542829911392 2.5907756631828147 2.5890084964542375 2.5872413297256602 2.5854741629970825 2.5837069962685053 2.581939829539928
-9999.0 -9999.0 -9999.0 -9999.0 -9999.0 -9999.0 -9999.0 -9999.0 -9999.0 2.595589391992407 2.5964162931935157 2.5972431943946246 2.5980700955957334 2.5988969967968423 2.599723897997951 2.60055079919906 2.601377700400169 2.602204601601278 2.603031502802387 2.6038584040034958 2.6046853052046046 2.605512206405715 2.606339107606824 2.607166008807933 2.6079929100090418 2.6088198112101506 2.6096467124112595 2.6104736136123683 2.610074489089313 2.608364715351518 2.606654941613723 2.6049451678759272 2.603235394138132 2.601525620400337 2.5998158466625387 2.598106072924743 2.596396299186948 2.594686525449153 2.5929767517113573 2.591266977973562 2.589557204235767 2.5878474304979715 2.5861376567601764 2.5844278830223812
-9999.0 -9999.0 -9999.0 -9999.0 -9999.0 -9999.0 -9999.0 -9999.0 2.595167727319943 2.596055816331261 2.5969439053425796 2.597831994353898 2.5987200833652166 2.599608172376535 2.6004962613878537 2.6013843503991723 2.602272439410491 2.603160528421809 2.6040486174331274 2.604936706444446 2.6058247954557645 2.6067128844670844 2.607600973478403 2.6084890624897215 2.60937715150104 2.6102652405123585 2.611153329523677 2.6120414185349956 2.611701647710035 2.610049266963022 2.6083968862160085 2.6067445054689955 2.6050921247219825 2.603439743974969 2.601787363227953 2.60013498248094 2.598482601733927 2.5968302209869134 2.5951778402399004 2.593525459492887 2.591873078745874 2.590220697998861 2.5885683172518474 2.5869159365048344
-9999.0 -9999.0 -9999.0 -9999.0 -9999.0 -9999.0 -9999.0 -9999.0 -9999.0 2.596522240670116 2.5974715174916443 2.598420794313172 2.5993700711347003 2.600319347956228 2.6012686247777563 2.602217901599284 2.6031671784208124 2.6041164552423406 2.6050657320638684 2.6060150088853966 2.6069642857069244 2.6079135625284544 2.608862839349982 2.6098121161715104 2.610761392993038 2.6117106698145665 2.6126599466360942 2.6136092234576225 2.613328806330757 2.611733818574526 2.6101388308182947 2.6085438430620638 2.6069488553058324 2.6053538675496015 2.6037588797933675 2.6021638920371366 2.6005689042809053 2.5989739165246744 2.597378928768443 2.595783941012212 2.5941889532559808 2.59259396549975 2.5909989777435185 2.5894039899872876
-9999.0 -9999.0 -9999.0 -9999.0 -9999.0 -9999.0 -9999.0 -9999.0 -9999.0 -9999.0 2.5979991296407086 2.599009594272446 2.600020058904184 2.6010305235359215 2.602040988167659 2.603051452799397 2.6040619174311344 2.605072382062872 2.6060828466946098 2.6070933113263473 2.6081037759580847 2.6091142405898244 2.610124705221562 2.6111351698532994 2.6121456344850373 2.613156099116775 2.6141665637485123 2.61517702838025 2.6149559649514793 2.6134183701860305 2.6118807754205813 2.6103431806551325 2.6088055858896833 2.6072679911242345 2.6057303963587826 2.6041928015933338 2.6026552068278845 2.6011176120624357 2.5995800172969865 2.5980424225315377 2.5965048277660885 2.5949672330006397 2.5934296382351905 2.5918920434697417
-9999.0 -9999.0 -9999.0 -9999.0 -9999.0 -9999.0 -9999.0 -9999.0 -9999.0 -9999.0 2.598526741789773 2.59959839423172 2.600670046673667 2.6017416991156144 2.602813351557562 2.603885003999509 2.6049566564414564 2.6060283088834035 2.6070999613253507 2.608171613767298 2.609243266209245 2.610314918651194 2.611386571093141 2.612458223535089 2.613529875977036 2.614601528418983 2.6156731808609304 2.6167448333028775 2.6165831235722017 2.6151029217975346 2.613622720022868 2.6121425182482008 2.610662316473534 2.609182114698867 2.6077019129241976 2.6062217111495305 2.604741509374864 2.6032613076001967 2.6017811058255296 2.600300904050863 2.5988207022761958 2.597340500501529 2.595860298726862 2.5943800969521953
-9999.0 -9999.0 -9999.0 -9999.0 -9999.0 -9999.0 -9999.0 -9999.0 -9999.0 -9999.0 -9999.0 -9999.0 2.601320034443151 2.6024528746953077 2.6035857149474646 2.604718555199621 2.605851395451778 2.606984235703935 2.6081170759560917 2.6092499162082485 2.610382756460405 2.611515596712564 2.6126484369647205 2.6137812772168774 2.6149141174690342 2.616046957721191 2.617179797973348 2.6183126382255044 2.6182102821929236 2.6167874734090386 2.6153646646251536 2.613941855841269 2.612519047057384 2.611096238273499 2.609673429489612 2.608250620705727 2.606827811921842 2.605405003137957 2.6039821943540726 2.6025593855701876 2.6011365767863026 2.599713768002418 2.598290959218533 2.596868150434648
-9999.0 -9999.0 -9999.0 -9999.0 -9999.0 -9999.0 -9999.0 -9999.0 -9999.0 -9999.0 -9999.0 -9999.0 -9999.0 2.6031640502750006 2.604358078337367 2.6055521063997333 2.6067461344621 2.607940162524466 2.6091341905868326 2.610328218649199 2.6115222467115653 2.6127162747739336 2.6139103028363 2.6151043308986663 2.616298358961033 2.6174923870233995 2.6186864150857656 2.619880443148132 2.619837440813646 2.618472025020543 2.61710660922744 2.6157411934343378 2.614375777641235 2.613010361848132 2.611644946055027 2.6102795302619244 2.6089141144688215 2.607548698675719 2.606183282882616 2.6048178670895132 2.603452451296411 2.602087035503308 2.600721619710205 2.5993562039171025
-9999.0 -9999.0 -9999.0 -9999.0 -9999.0 -9999.0 -9999.0 -9999.0 -9999.0 -9999.0 -9999.0 -9999.0 -9999.0 2.6034004569406832 2.6045711688399624 2.605741880739241 2.6069125926385204 2.6080833045377996 2.6092540164370788 2.610424728336358 2.6115954402356367 2.612766152134918 2.613936864034197 2.615107575933476 2.6162782878327553 2.6174489997320345 2.6186197116313137 2.619790423530593 2.6197562946610566 2.6184341637729562 2.617112032884856 2.6157899019967554 2.6144677711086555 2.613145640220555 2.6118235093324524 2.610501378444352 2.609179247556252 2.6078571166681517 2.6065349857800513 2.6052128548919513 2.603890724003851 2.6025685931157505 2.60124646222765 2.59992433133955
-9999.0 -9999.0 -9999.0 -9999.0 -9999.0 -9999.0 -9999.0 -9999.0 -9999.0 -9999.0 -9999.0 -9999.0 -9999.0 -9999.0 2.604186431875705 2.605243498190533 2.606300564505361 2.607357630820189 2.608414697135017 2.609471763449845 2.610528829764673 2.611585896079503 2.612642962394331 2.613700028709159 2.614757095023987 2.615814161338815 2.616871227653643 2.6179282939684714 2.617849078376306 2.6165551517387096 2.6152612251011136 2.6139672984635176 2.612673371825921 2.611379445188325 2.610085518550727 2.608791591913131 2.6074976652755346 2.6062037386379386 2.6049098120003427 2.6036158853627462 2.6023219587251503 2.6010280320875543 2.599734105449958 2.598440178812362
-9999.0 -9999.0 -9999.0 -9999.0 -9999.0 -9999.0 -9999.0 -9999.0 -9999.0 -9999.0 -9999.0 -9999.0 -9999.0 -9999.0 -9999.0 2.6047451156418244 2.6056885363722015 2.6066319571025782 2.6075753778329553 2.608518798563332 2.609462219293709 2.6104056400240876 2.6113490607544643 2.6122924814848414 2.613235902215218 2.614179322945595 2.615122743675972 2.616066164406349 2.6159418620915544 2.6146761397044624 2.6134104173173704 2.6121446949302785 2.6108789725431865 2.609613250156095 2.6083475277690007 2.6070818053819087 2.6058160829948167 2.6045503606077247 2.603284638220633 2.602018915833541 2.600753193446449 2.599487471059357 2.598221748672265 2.5969560262851736
-9999.0 -9999.0 -9999.0 -9999.0 -9999.0 -9999.0 -9999.0 -9999.0 -9999.0 -9999.0 -9999.0 -9999.0 -9999.0 -9999.0 -9999.0 -9999.0 -9999.0 -9999.0 2.6067360585308936 2.6075658336768197 2.6083956088227453 2.6092253839686728 2.6100551591145984 2.610884934260524 2.61171470940645 2.6125444845523758 2.6133742596983014 2.6142040348442275 2.614034645806804 2.6127971276702158 2.611559609533628 2.6103220913970406 2.6090845732604526 2.607847055123865 2.6066095369872753 2.6053720188506873 2.6041345007140997 2.6028969825775117 2.601659464440924 2.6004219463043365 2.5991844281677485 2.597946910031161 2.596709391894573 2.5954718737579854
-9999.0 -9999.0 -9999.0 -9999.0 -9999.0 -9999.0 -9999.0 -9999.0 -9999.0 -9999.0 -9999.0 -9999.0 -9999.0 -9999.0 -9999.0 -9999.0 -9999.0 -9999.0 2.6058967392288324 2.606612868790307 2.6073289983517816 2.6080451279132575 2.6087612574747325 2.609477387036207 2.6101935165976817 2.6109096461591563 2.611625775720631 2.612341905282106 2.612127429522053 2.6109181156359695 2.609708801749886 2.6084994878638024 2.607290173977719 2.606080860091635 2.6048715462055494 2.603662232319466 2.6024529184333822 2.6012436045472986 2.600034290661215 2.5988249767751315 2.597615662889048 2.5964063490029643 2.5951970351168807 2.593987721230797
-9999.0 -9999.0 -9999.0 -9999.0 -9999.0 -9999.0 -9999.0 -9999.0 -9999.0 -9999.0 -9999.0 -9999.0 -9999.0 -9999.0 -9999.0 -9999.0 -9999.0 -9999.0 -9999.0 -9999.0 2.6062623878808178 2.6068648718578427 2.607467355834866 2.60806983981189 2.6086723237889133 2.609274807765937 2.6098772917429605 2.610479775719984 2.610220213237302 2.6090391036017224 2.6078579939661433 2.6066768843305637 2.6054957746949845 2.604314665059405 2.6031335554238235 2.601952445788244 2.6007713361526648 2.599590226517085 2.598409116881506 2.5972280072459264 2.5960468976103472 2.5948657879747676 2.593684678339188 2.592503568703609
-9999.0 -9999.0 -9999.0 -9999.0 -9999.0 -9999.0 -9999.0 -9999.0 -9999.0 -9999.0 -9999.0 -9999.0 -9999.0 -9999.0 -9999.0 -9999.0 -9999.0 -9999.0 -9999.0 -9999.0 -9999.0 -9999.0 2.606173454195 -9999.0 2.607151130980145 2.6076399693727175 2.60812880776529 2.6086176461578625 2.6083129969525514 2.607160091567476 2.606007186182401 2.604854280797326 2.6037013754122507 2.602548470027175 2.601395564642098 2.600242659257023 2.5990897538719477 2.5979368484868726 2.596783943101797 2.5956310377167218 2.5944781323316466 2.5933252269465714 2.5921723215614962 2.591019416176421
-9999.0 -9999.0 -9999.0 -9999.0 -9999.0 -9999.0 -9999.0 -9999.0 -9999.0 -9999.0 -9999.0 -9999.0 -9999.0 -9999.0 -9999.0 -9999.0 -9999.0 -9999.0 -9999.0 -9999.0 -9999.0 -9999.0 -9999.0 -9999.0 -9999.0 -9999.0 2.6063803237876195 2.606755516595741 2.6064057806678007 2.6052810795332295 2.6041563783986588 2.6030316772640876 2.6019069761295164 2.6007822749949456 2.5996575738603727 2.5985328727258015 2.5974081715912303 2.5962834704566595 2.5951587693220883 2.594034068187517 2.592909367052946 2.591784665918375 2.590659964783804 2.589535263649233
-9999.0 -9999.0 -9999.0 -9999.0 -9999.0 -9999.0 -9999.0 -9999.0 -9999.0 -9999.0 -9999.0 -9999.0 -9999.0 -9999.0 -9999.0 -9999.0 -9999.0 -9999.0 -9999.0 -9999.0 -9999.0 -9999.0 -9999.0 -9999.0 -9999.0 -9999.0 2.604631839809949 2.6048933870336195 2.60449856438305 2.6034020674989833 2.6023055706149165 2.6012090737308493 2.6001125768467825 2.5990160799627158 2.597919583078647 2.59682308619458 2.5957265893105133 2.594630092426446 2.5935335955423793 2.5924370986583125 2.5913406017742457 2.5902441048901785 2.5891476080061118 2.588051111122045
-9999.0 -9999.0 -9999.0 -9999.0 -9999.0 -9999.0 -9999.0 -9999.0 -9999.0 -9999.0 -9999.0 -9999.0 -9999.0 -9999.0 -9999.0 -9999.0 -9999.0 -9999.0 -9999.0 -9999.0 -9999.0 -9999.0 -9999.0 -9999.0 -9999.0 -9999.0 -9999.0 2.603031257471497 2.6025913480982985 2.6015230554647357 2.6004547628311734 2.5993864701976106 2.598318177564048 2.597249884930485 2.5961815922969205 2.5951132996633577 2.5940450070297953 2.5929767143962326 2.59190842176267 2.590840129129107 2.589771836495544 2.5887035438619814 2.587635251228419 2.5865669585948563
-9999.0 -9999.0 -9999.0 -9999.0 -9999.0 -9999.0 -9999.0 -9999.0 -9999.0 -9999.0 -9999.0 -9999.0 -9999.0 -9999.0 -9999.0 -9999.0 -9999.0 -9999.0 -9999.0 -9999.0 -9999.0 -9999.0 -9999.0 -9999.0 -9999.0 -9999.0 -9999.0 -9999.0 2.6006841318135483 2.59964404343049 2.5986039550474316 2.597563866664373 2.5965237782813144 2.5954836898982556 2.5944436015151955 2.5934035131321367 2.5923634247490783 2.59132333636602 2.590283247982961 2.589243159599903 2.588203071216844 2.5871629828337857 2.5861228944507273 2.5850828060676685
-9999.0 -9999.0 -9999.0 -9999.0 -9999.0 -9999.0 -9999.0 -9999.0 -9999.0 -9999.0 -9999.0 -9999.0 -9999.0 -9999.0 -9999.0 -9999.0 -9999.0 -9999.0 -9999.0 -9999.0 -9999.0 -9999.0 -9999.0 -9999.0 -9999.0 -9999.0 -9999.0 -9999.0 -9999.0 2.5977650313962433 2.596753147263689 2.5957412631311345 2.59472937899858 2.5937174948660258 2.59270561073347 2.5916937266009157 2.5906818424683613 2.589669958335807 2.5886580742032526 2.587646190070698 2.586634305938144 2.5856224218055894 2.584610537673035 2.5835986535404807
