Figures/CREST_Example_wjb_NSE/PETs/wjb.pet.20091112.asc
ncols            288
nrows            254
xllcorner        113.274861
yllcorner        31.4918055
cellsize         0.008333333333
NODATA_value     -9999
[rows 95 to 113 of 254, columns 86 to 128 of 288]
0.24987004774436317 0.24982847685504955 0.24978690596573594 0.2497453350764223 0.24970376418710868 0.249662193297795 0.24962062240848137 0.24957905151916773 0.24953748062985412 0.2494959097405405 0.24945433885122686 0.24941276796191325 0.24937119707259964 0.249329626183286 0.24928805529397238 0.24924648440465877 0.24972612550732842 0.2507629540146555 0.2517997825219843 0.2528366110293114 0.25387343953663843 0.2549102680439655 0.25594709655129255 0.2569839250586196 0.25802075356594667 0.25905758207327373 0.2600944105806008 0.26113123908792785 0.2621680675952549 0.26320489610258196 0.264241724609909 0.26527855311723786 0.2663153816245649 0.267352210131892 0.26838903863921904 0.2694258671465461 0.27046269565387315 0.2714995241612002 0.27253635266852727 0.27357318117585433 0.2746100096831814 0.27564683819050845 0.2766836666978355
0.25279363299763075 0.2526158005833113 0.2524379681689919 0.25226013575467243 0.252082303340353 0.25190447092603324 0.2517266385117138 0.25154880609739433 0.25137097368307487 0.2511931412687554 0.25101530885443596 0.25083747644011656 0.2506596440257971 0.25048181161147764 0.2503039791971582 0.25012614678283873 0.250572790328421 0.25168701279528743 0.25280123526215575 0.2539154577290222 0.25502968019588856 0.256143902662755 0.25725812512962143 0.2583723475964878 0.25948657006335424 0.26060079253022067 0.2617150149970871 0.2628292374639535 0.2639434599308199 0.26505768239768634 0.2661719048645527 0.26728612733142104 0.2684003497982875 0.2695145722651539 0.2706287947320203 0.2717430171988867 0.27285723966575315 0.2739714621326196 0.27508568459948596 0.2761999070663524 0.2773141295332188 0.2784283520000852 0.27954257446695163
0.2557172182508984 0.2554031243115731 0.25508903037224784 0.25477493643292254 0.2544608424935973 0.25414674855427144 0.2538326546149462 0.2535185606756209 0.25320446673629565 0.25289037279697035 0.2525762788576451 0.2522621849183198 0.2519480909789945 0.25163399703966927 0.25131990310034397 0.2510058091610187 0.2514194551495136 0.25261107157591933 0.25380268800232714 0.25499430442873294 0.2561859208551387 0.2573775372815445 0.25856915370795025 0.25976077013435606 0.2609523865607618 0.2621440029871676 0.26333561941357336 0.2645272358399791 0.2657188522663849 0.26691046869279067 0.2681020851191965 0.2692937015456043 0.27048531797201003 0.27167693439841584 0.2728685508248216 0.2740601672512274 0.27525178367763314 0.27644340010403895 0.2776350165304447 0.2788266329568505 0.28001824938325626 0.281209865809662 0.2824014822360678
0.2586408035041684 0.2581904480398372 0.257740092575506 0.25728973711117475 0.25683938164684356 0.2563890261825116 0.25593867071818033 0.25548831525384913 0.25503795978951793 0.2545876043251867 0.2541372488608555 0.2536868933965243 0.25323653793219303 0.25278618246786183 0.25233582700353063 0.2518854715391994 0.25226611997060683 0.253535130356552 0.2548041407424994 0.2560731511284446 0.25734216151438977 0.258611171900335 0.2598801822862802 0.2611491926722254 0.2624182030581706 0.2636872134441158 0.264956223830061 0.2662252342160062 0.26749424460195137 0.2687632549878966 0.2700322653738418 0.2713012757597892 0.27257028614573436 0.27383929653167954 0.2751083069176248 0.27637731730356996 0.27764632768951514 0.2789153380754604 0.28018434846140555 0.2814533588473508 0.28272236923329597 0.28399137961924115 0.2852603900051864
0.26156438875743604 0.260977771768099 0.26039115477876196 0.2598045377894249 0.2592179208000878 0.2586313038107498 0.25804468682141274 0.2574580698320757 0.25687145284273866 0.2562848358534016 0.2556982188640646 0.25511160187472753 0.2545249848853905 0.25393836789605345 0.2533517509067164 0.25276513391737937 0.25311278479169935 0.25445918913718396 0.2558055934826708 0.25715199782815534 0.2584984021736399 0.25984480651912445 0.261191210864609 0.26253761521009356 0.26388401955557816 0.2652304239010627 0.26657682824654727 0.2679232325920318 0.2692696369375164 0.27061604128300093 0.2719624456284855 0.27330884997397237 0.2746552543194569 0.2760016586649415 0.277348063010426 0.2786944673559106 0.28004087170139513 0.2813872760468797 0.28273368039236424 0.2840800847378488 0.28542648908333335 0.28677289342881795 0.2881192977743025
0.2644879740107036 0.26376509549636074 0.2630422169820179 0.262319338467675 0.26159645995333214 0.26087358143898803 0.26015070292464515 0.25942782441030227 0.25870494589595944 0.25798206738161655 0.25725918886727367 0.2565363103529308 0.2558134318385879 0.2550905533242451 0.2543676748099022 0.2536447962955593 0.25395944961279193 0.25538324791781586 0.2568070462228422 0.2582308445278661 0.25965464283289 0.26107844113791395 0.2625022394429379 0.26392603774796175 0.2653498360529857 0.2667736343580096 0.26819743266303353 0.26962123096805746 0.27104502927308133 0.27246882757810525 0.2738926258831292 0.27531642418815555 0.2767402224931794 0.27816402079820335 0.2795878191032273 0.2810116174082512 0.28243541571327513 0.283859214018299 0.2852830123233229 0.28670681062834685 0.2881306089333708 0.2895544072383947 0.2909782055434186
0.2674115592639712 0.2665524192246225 0.2656932791852738 0.26483413914592513 0.2639749991065764 0.26311585906722623 0.26225671902787756 0.26139757898852883 0.26053843894918016 0.25967929890983144 0.25882015887048276 0.25796101883113404 0.25710187879178537 0.25624273875243664 0.25538359871308797 0.25452445867373924 0.2548061144338845 0.25630730669844776 0.2578084989630136 0.25930969122757686 0.26081088349214016 0.26231207575670346 0.2638132680212667 0.26531446028583 0.26681565255039325 0.26831684481495655 0.2698180370795198 0.2713192293440831 0.27282042160864634 0.27432161387320964 0.2758228061377729 0.27732399840233873 0.27882519066690203 0.2803263829314653 0.2818275751960286 0.2833287674605918 0.2848299597251551 0.28633115198971837 0.28783234425428167 0.28933353651884497 0.2908347287834082 0.2923359210479715 0.29383711331253476
0.2703351445172388 0.26933974295288426 0.26834434138852975 0.26734893982417524 0.26635353825982067 0.2653581366954645 0.26436273513110997 0.2633673335667554 0.2623719320024009 0.2613765304380464 0.26038112887369186 0.25938572730933734 0.2583903257449828 0.25739492418062826 0.25639952261627375 0.25540412105191923 0.25565277925497704 0.25723136547907965 0.258809951703185 0.2603885379272876 0.2619671241513903 0.2635457103754929 0.2651242965995955 0.2667028828236982 0.2682814690478008 0.26986005527190343 0.27143864149600605 0.2730172277201087 0.27459581394421134 0.27617440016831396 0.2777529863924166 0.2793315726165219 0.28091015884062454 0.2824887450647272 0.2840673312888298 0.28564591751293245 0.2872245037370351 0.28880308996113774 0.29038167618524036 0.291960262409343 0.29353884863344565 0.29511743485754827 0.2966960210816509
0.2732587297705064 0.27212706668114606 0.2709954035917857 0.26986374050242534 0.268732077413065 0.2676004143237027 0.2664687512343423 0.265337088144982 0.26420542505562167 0.2630737619662613 0.26194209887690095 0.2608104357875406 0.25967877269818024 0.2585471096088199 0.2574154465194595 0.25628378343009917 0.2564994440760696 0.2581554242597116 0.25981140444335643 0.2614673846269984 0.2631233648106404 0.2647793449942824 0.26643532517792434 0.26809130536156633 0.2697472855452083 0.2714032657288503 0.2730592459124923 0.2747152260961343 0.2763712062797763 0.2780271864634183 0.2796831666470603 0.2813391468307051 0.2829951270143471 0.2846511071979891 0.2863070873816311 0.28796306756527307 0.28961904774891506 0.29127502793255705 0.29293100811619904 0.29458698829984103 0.296242968483483 0.297898948667125 0.299554928850767
0.276182315023774 0.2749143904094078 0.27364646579504165 0.27237854118067545 0.2711106165663093 0.26984269195194094 0.26857476733757474 0.2673068427232086 0.2660389181088424 0.2647709934944762 0.26350306888011005 0.26223514426574385 0.2609672196513777 0.2596992950370115 0.2584313704226453 0.25716344580827916 0.25734610889716214 0.2590794830403435 0.2608128571835278 0.2625462313267092 0.2642796054698905 0.26601297961307185 0.2677463537562532 0.26947972789943453 0.2712131020426159 0.27294647618579726 0.2746798503289786 0.27641322447215994 0.2781465986153413 0.27987997275852267 0.281613346901704 0.2833467210448883 0.28508009518806965 0.286813469331251 0.2885468434744323 0.2902802176176137 0.29201359176079505 0.2937469659039764 0.29548034004715773 0.2972137141903391 0.29894708833352046 0.30068046247670177 0.30241383661988314
0.27910590027704407 0.2777017141376719 0.2762975279982998 0.27489334185892766 0.27348915571955557 0.272084969580181 0.2706807834408089 0.2692765973014368 0.26787241116206467 0.2664682250226926 0.2650640388833204 0.2636598527439483 0.2622556666045762 0.26085148046520407 0.25944729432583197 0.2580431081864598 0.2581927737182554 0.2600035418209762 0.26181430992370003 0.2636250780264208 0.2654358461291416 0.26724661423186236 0.26905738233458315 0.27086815043730395 0.2726789185400247 0.2744896866427455 0.2763004547454663 0.278111222848187 0.2799219909509078 0.2817327590536286 0.28354352715634934 0.2853542952590732 0.287165063361794 0.2889758314645148 0.2907865995672355 0.2925973676699563 0.2944081357726771 0.29621890387539784 0.29802967197811864 0.29984044008083943 0.30165120818356017 0.30346197628628097 0.30527274438900176
0.28202948553031165 0.2804890378659337 0.27894859020155577 0.2774081425371778 0.2758676948727999 0.2743272472084193 0.27278679954404134 0.2712463518796634 0.26970590421528545 0.2681654565509075 0.2666250088865295 0.26508456122215157 0.26354411355777363 0.2620036658933957 0.26046321822901775 0.2589227705646398 0.25903943853934797 0.2609276006016081 0.26281576266387147 0.2647039247261316 0.2665920867883917 0.26848024885065186 0.27036841091291197 0.27225657297517214 0.27414473503743225 0.27603289709969236 0.27792105916195253 0.27980922122421265 0.28169738328647276 0.2835855453487329 0.28547370741099304 0.28736186947325637 0.28925003153551654 0.29113819359777665 0.2930263556600368 0.29491451772229693 0.29680267978455704 0.2986908418468172 0.3005790039090773 0.30246716597133744 0.3043553280335976 0.3062434900958577 0.3081316521581179
0.28495307078357923 0.28327636159419545 0.28159965240481166 0.27992294321542793 0.27824623402604415 0.2765695248366575 0.27489281564727375 0.27321610645788996 0.2715393972685062 0.2698626880791224 0.2681859788897386 0.2665092697003548 0.26483256051097104 0.2631558513215873 0.2614791421322035 0.25980243294281974 0.25988610336044055 0.26185165938224003 0.26381721540404285 0.26578277142584233 0.2677483274476418 0.2697138834694413 0.2716794394912408 0.27364499551304033 0.2756105515348398 0.2775761075566393 0.2795416635784388 0.2815072196002383 0.28347277562203776 0.28543833164383725 0.28740388766563674 0.28936944368743955 0.2913349997092391 0.2933005557310386 0.29526611175283807 0.29723166777463755 0.29919722379643704 0.3011627798182365 0.303128335840036 0.3050938918618355 0.307059447883635 0.30902500390543447 0.31099055992723396
0.28787665603684687 0.28606368532245724 0.2842507146080676 0.28243774389367804 0.2806247731792884 0.27881180246489573 0.2769988317505061 0.27518586103611653 0.2733728903217269 0.27155991960733733 0.2697469488929477 0.26793397817855813 0.2661210074641685 0.26430803674977893 0.2624950660353893 0.26068209532099973 0.26073276818153307 0.26277571816287193 0.26481866814421423 0.2668616181255531 0.26890456810689195 0.2709475180882308 0.27299046806956967 0.2750334180509085 0.27707636803224733 0.2791193180135862 0.28116226799492505 0.2832052179762639 0.2852481679576027 0.2872911179389416 0.28933406792028044 0.2913770179016228 0.2934199678829616 0.29546291786430046 0.2975058678456393 0.2995488178269782 0.301591767808317 0.30363471778965584 0.3056776677709947 0.30772061775233356 0.3097635677336724 0.3118065177150112 0.3138494676963501
0.2908002412901144 0.288851009050719 0.28690177681132356 0.28495254457192815 0.28300331233253273 0.28105408009313393 0.2791048478537385 0.2771556156143431 0.2752063833749477 0.2732571511355522 0.2713079188961568 0.2693586866567614 0.26740945441736597 0.2654602221779705 0.2635109899385751 0.26156175769917966 0.26157943300262565 0.2636997769435038 0.26582012088438567 0.26794046482526385 0.2700608087661421 0.2721811527070203 0.2743014966478985 0.2764218405887767 0.2785421845296549 0.28066252847053313 0.2827828724114113 0.28490321635228955 0.2870235602931677 0.28914390423404596 0.29126424817492413 0.293384592115806 0.2955049360566842 0.2976252799975624 0.2997456239384406 0.3018659678793188 0.30398631182019703 0.3061066557610752 0.30822699970195344 0.3103473436428317 0.31246768758370985 0.31458803152458803 0.31670837546546626
0.293723826543382 0.29163833277898077 0.2895528390145795 0.28746734525017825 0.285381851485777 0.2832963577213722 0.2812108639569709 0.27912537019256967 0.2770398764281684 0.27495438266376715 0.2728688888993659 0.27078339513496463 0.2686979013705634 0.2666124076061621 0.26452691384176086 0.2624414200773596 0.2624260978237182 0.2646238357241358 0.26682157362455705 0.26901931152497466 0.2712170494253922 0.27341478732580976 0.2756125252262273 0.2778102631266449 0.28000800102706247 0.28220573892748 0.28440347682789757 0.2866012147283152 0.28879895262873273 0.2909966905291503 0.29319442842956783 0.29539216632998916 0.2975899042304067 0.2997876421308243 0.30198538003124187 0.3041831179316594 0.30638085583207697 0.3085785937324946 0.31077633163291213 0.3129740695333297 0.3151718074337473 0.31736954533416484 0.3195672832345824
0.2966474117966521 0.2944256565072449 0.2922039012178377 0.2899821459284305 0.2877603906390233 0.2855386353496123 0.2833168800602051 0.2810951247707979 0.2788733694813907 0.27665161419198353 0.2744298589025763 0.2722081036131691 0.2699863483237619 0.2677645930343547 0.2655428377449475 0.2633210824555403 0.2632727626448114 0.26554789450476846 0.2678230263647293 0.2700981582246863 0.2723732900846433 0.27464842194460026 0.27692355380455724 0.2791986856645142 0.28147381752447126 0.28374894938442824 0.2860240812443852 0.2882992131043422 0.2905743449642992 0.2928494768242562 0.2951246086842132 0.29739974054417406 0.29967487240413104 0.301950004264088 0.304225136124045 0.306500267984002 0.308775399843959 0.311050531703916 0.313325663563873 0.31560079542382996 0.31787592728378694 0.320151059143744 0.32242619100370096
0.2995709970499197 0.2972129802355067 0.29485496342109363 0.2924969466066806 0.2901389297922676 0.2877809129778505 0.2854228961634375 0.28306487934902447 0.28070686253461147 0.2783488457201984 0.2759908289057854 0.27363281209137236 0.27127479527695936 0.2689167784625463 0.2665587616481333 0.26420074483372025 0.264119427465904 0.26647195328540035 0.2688244791049007 0.27117700492439706 0.2735295307438934 0.27588205656338977 0.2782345823828861 0.2805871082023824 0.28293963402187877 0.2852921598413751 0.2876446856608715 0.28999721148036783 0.2923497372998642 0.29470226311936054 0.2970547889388569 0.29940731475835725 0.3017598405778536 0.30411236639734995 0.30646489221684625 0.3088174180363426 0.31116994385583896 0.3135224696753353 0.31587499549483167 0.318227521314328 0.3205800471338244 0.32293257295332073 0.3252850987728171
0.30249458230318726 0.3000003039637684 0.2975060256243496 0.2950117472849307 0.29251746894551184 0.2900231906060887 0.2875289122666699 0.28503463392725104 0.2825403555878322 0.28004607724841335 0.2775517989089945 0.2750575205695756 0.27256324223015677 0.2700689638907379 0.2675746855513191 0.26508040721190024 0.2649660922869966 0.26739601206603225 0.2698259318450721 0.2722558516241078 0.27468577140314354 0.2771156911821792 0.27954561096121494 0.28197553074025067 0.28440545051928634 0.28683537029832207 0.2892652900773578 0.29169520985639347 0.2941251296354292 0.29655504941446487 0.2989849691935006 0.30141488897254043 0.30384480875157616 0.3062747285306119 0.30870464830964756 0.3111345680886833 0.313564487867719 0.3159944076467547 0.3184243274257904 0.32085424720482614 0.3232841669838618 0.32571408676289754 0.3281440065419332
