Figures/CREST_Example_wjb_NSE/PETs/wjb.pet.20090329.asc
ncols            288
nrows            254
xllcorner        113.274861
yllcorner        31.4918055
cellsize         0.008333333333
NODATA_value     -9999
[rows 100 to 119 of 254, columns 132 to 175 of 288]
2.3918846969967182 2.3904279810376647 2.3889712650786117 2.387514549119558 2.3860578331605047 2.384601117201451 2.3831444012423977 2.3816876852833446 2.380230969324291 2.3787742533652376 2.377317537406184 2.3758608214471284 2.374404105488075 2.3729473895290214 2.3714906735699683 2.370033957610915 2.3685772416518613 2.367120525692808 2.3656638097337543 2.3642070937747013 2.362750377815648 2.3612936618565943 2.359836945897541 2.3583802299384873 2.3569235139794316 2.355466798020378 2.3540100820613246 2.3525533661022715 2.351096650143218 2.3496399341841645 2.3480607170435506 2.346350543368691 2.344640369693832 2.342930196018973 2.341220022344114 2.339509848669255 2.337799674994396 2.3360895013195337 2.3343793276446747 2.3326691539698152 2.330958980294956 2.329248806620097 2.327538632945238 2.325828459270379
2.3921439502000377 2.390740804804401 2.3893376594087643 2.3879345140131276 2.386531368617491 2.3851282232218542 2.3837250778262176 2.382321932430581 2.380918787034944 2.3795156416393075 2.378112496243671 2.376709350848032 2.3753062054523952 2.3739030600567586 2.372499914661122 2.371096769265485 2.3696936238698485 2.368290478474212 2.366887333078575 2.3654841876829384 2.364081042287302 2.3626778968916655 2.361274751496029 2.359871606100392 2.358468460704753 2.357065315309116 2.35566216991348 2.354259024517843 2.3528558791222065 2.35145273372657 2.3499078682399235 2.348211500770071 2.3465151333002185 2.344818765830366 2.3431223983605136 2.341426030890661 2.3397296634208087 2.3380332959509533 2.336336928481101 2.3346405610112484 2.332944193541396 2.3312478260715435 2.329551458601691 2.3278550911318385
2.3924032034033567 2.391053628571137 2.389704053738917 2.388354478906697 2.387004904074477 2.3856553292422573 2.3843057544100374 2.382956179577817 2.3816066047455973 2.3802570299133774 2.3789074550811575 2.3775578802489354 2.3762083054167156 2.3748587305844957 2.373509155752276 2.372159580920056 2.370810006087836 2.3694604312556162 2.368110856423396 2.366761281591176 2.365411706758956 2.3640621319267363 2.3627125570945164 2.3613629822622966 2.3600134074300745 2.3586638325978546 2.3573142577656347 2.355964682933415 2.3546151081011946 2.3532655332689747 2.3517550194362964 2.3500724581714505 2.3483898969066046 2.346707335641759 2.3450247743769133 2.3433422131120674 2.341659651847222 2.339977090582373 2.3382945293175275 2.3366119680526816 2.334929406787836 2.33324684552299 2.3315642842581443 2.329881722993299
2.3926624566066756 2.3913664523378726 2.3900704480690695 2.3887744438002665 2.387478439531463 2.38618243526266 2.384886430993857 2.383590426725054 2.382294422456251 2.3809984181874473 2.3797024139186442 2.378406409649839 2.377110405381036 2.375814401112233 2.3745183968434294 2.3732223925746263 2.3719263883058233 2.37063038403702 2.3693343797682167 2.3680383754994137 2.3667423712306106 2.3654463669618075 2.3641503626930045 2.362854358424201 2.3615583541553957 2.3602623498865927 2.3589663456177896 2.3576703413489866 2.356374337080183 2.35507833281138 2.353602170632669 2.35193341557283 2.350264660512991 2.348595905453152 2.346927150393313 2.345258395333474 2.3435896402736347 2.341920885213793 2.340252130153954 2.3385833750941147 2.3369146200342756 2.3352458649744365 2.3335771099145974 2.3319083548547583
2.392921709809995 2.3916792761046084 2.390436842399222 2.389194408693836 2.3879519749884492 2.386709541283063 2.3854671075776768 2.38422467387229 2.382982240166904 2.3817398064615176 2.380497372756131 2.3792549390507425 2.3780125053453562 2.37677007163997 2.3755276379345833 2.374285204229197 2.373042770523811 2.371800336818424 2.370557903113038 2.3693154694076517 2.368073035702265 2.366830601996879 2.3655881682914925 2.364345734586106 2.3631033008807174 2.361860867175331 2.360618433469945 2.3593759997645583 2.358133566059172 2.356891132353786 2.355449321829042 2.35379437297421 2.3521394241193776 2.3504844752645453 2.348829526409713 2.3471745775548807 2.345519628700048 2.343864679845213 2.3422097309903807 2.3405547821355484 2.338899833280716 2.3372448844258833 2.335589935571051 2.3339349867162187
2.3931809630133145 2.391992099871345 2.3908032367293752 2.389614373587406 2.3884255104454364 2.3872366473034665 2.386047784161497 2.3848589210195272 2.383670057877558 2.3824811947355884 2.3812923315936185 2.380103468451647 2.3789146053096775 2.3777257421677076 2.376536879025738 2.3753480158837688 2.374159152741799 2.3729702895998295 2.3717814264578596 2.37059256331589 2.3694037001739208 2.368214837031951 2.3670259738899815 2.3658371107480116 2.36464824760604 2.3634593844640706 2.362270521322101 2.3610816581801313 2.359892795038162 2.358703931896192 2.3572964730254165 2.355655330375591 2.3540141877257654 2.3523730450759395 2.350731902426114 2.3490907597762885 2.3474496171264625 2.3458084744766343 2.3441673318268084 2.342526189176983 2.3408850465271573 2.3392439038773314 2.337602761227506 2.3359616185776804
2.3934402162166335 2.392304923638081 2.391169631059528 2.3900343384809752 2.388899045902422 2.3877637533238696 2.3866284607453165 2.385493168166764 2.384357875588211 2.3832225830096583 2.3820872904311052 2.3809519978525504 2.379816705273998 2.3786814126954448 2.377546120116892 2.376410827538339 2.375275534959786 2.3741402423812334 2.3730049498026804 2.371869657224128 2.3707343646455747 2.369599072067022 2.368463779488469 2.3673284869099165 2.3661931943313617 2.3650579017528086 2.363922609174256 2.362787316595703 2.3616520240171504 2.3605167314385973 2.3591436242217894 2.3575162877769706 2.3558889513321515 2.3542616148873323 2.3526342784425136 2.3510069419976944 2.3493796055528757 2.347752269108054 2.3461249326632347 2.344497596218416 2.342870259773597 2.341242923328778 2.339615586883959 2.33798825043914
2.393699469419953 2.3926177474048167 2.3915360253896805 2.3904543033745447 2.3893725813594084 2.388290859344272 2.3872091373291364 2.386127415314 2.385045693298864 2.383963971283728 2.382882249268592 2.381800527253454 2.380718805238318 2.379637083223182 2.3785553612080457 2.3774736391929094 2.3763919171777736 2.3753101951626374 2.374228473147501 2.3731467511323654 2.372065029117229 2.370983307102093 2.369901585086957 2.368819863071821 2.367738141056683 2.366656419041547 2.365574697026411 2.3644929750112746 2.3634112529961384 2.3623295309810026 2.3609907754181623 2.35937724517835 2.357763714938538 2.3561501846987256 2.3545366544589132 2.352923124219101 2.3513095939792885 2.3496960637394735 2.3480825334996616 2.346469003259849 2.344855473020037 2.3432419427802245 2.341628412540412 2.3400148823006
2.393958722623272 2.3929305711715525 2.3919024197198335 2.390874268268114 2.3898461168163947 2.3888179653646753 2.387789813912956 2.386761662461237 2.3857335110095175 2.384705359557798 2.3836772081060786 2.382649056654358 2.3816209052026385 2.380592753750919 2.3795646022991996 2.37853645084748 2.3775082993957612 2.376480147944042 2.3754519964923224 2.374423845040603 2.3733956935888836 2.3723675421371646 2.371339390685445 2.3703112392337258 2.3692830877820046 2.3682549363302856 2.367226784878566 2.3661986334268468 2.3651704819751274 2.364142330523408 2.3628379266145356 2.36123820257973 2.3596384785449245 2.358038754510119 2.3564390304753133 2.3548393064405078 2.353239582405702 2.351639858370894 2.3500401343360884 2.348440410301283 2.3468406862664772 2.3452409622316712 2.3436412381968657 2.34204151416206
2.3942179758265913 2.3932433949382887 2.392268814049986 2.3912942331616835 2.390319652273381 2.3893450713850783 2.3883704904967757 2.387395909608473 2.3864213287201705 2.385446747831868 2.3844721669435653 2.3834975860552614 2.382523005166959 2.381548424278656 2.3805738433903536 2.379599262502051 2.3786246816137484 2.377650100725446 2.376675519837143 2.3757009389488406 2.374726358060538 2.3737517771722354 2.372777196283933 2.37180261539563 2.3708280345073263 2.3698534536190237 2.368878872730721 2.3679042918424185 2.366929710954116 2.3659551300658133 2.3646850778109085 2.3630991599811098 2.3615132421513105 2.3599273243215118 2.358341406491713 2.356755488661914 2.355169570832115 2.3535836530023135 2.3519977351725148 2.3504118173427155 2.3488258995129168 2.347239981683118 2.3456540638533188 2.34406814602352
2.3944772290299103 2.3935562187050246 2.3926352083801388 2.391714198055253 2.390793187730367 2.3898721774054814 2.3889511670805956 2.3880301567557094 2.3871091464308236 2.386188136105938 2.385267125781052 2.384346115456165 2.383425105131279 2.382504094806393 2.381583084481507 2.3806620741566213 2.3797410638317356 2.3788200535068498 2.377899043181964 2.376978032857078 2.3760570225321924 2.3751360122073066 2.374215001882421 2.373293991557535 2.3723729812326475 2.3714519709077617 2.370530960582876 2.36960995025799 2.3686889399331044 2.3677679296082186 2.3665322290072814 2.364960117382489 2.363388005757697 2.3618158941329046 2.3602437825081126 2.35867167088332 2.357099559258528 2.355527447633733 2.353955336008941 2.3523832243841487 2.3508111127593567 2.3492390011345643 2.3476668895097723 2.34609477788498
2.3947364822332293 2.3938690424717604 2.3930016027102914 2.3921341629488224 2.3912667231873534 2.3903992834258845 2.3895318436644155 2.3886644039029465 2.387796964141477 2.386929524380008 2.386062084618539 2.385194644857069 2.3843272050956 2.383459765334131 2.3825923255726615 2.3817248858111926 2.3808574460497236 2.3799900062882546 2.3791225665267857 2.3782551267653167 2.3773876870038477 2.3765202472423788 2.37565280748091 2.3747853677194404 2.37391792795797 2.373050488196501 2.372183048435032 2.371315608673563 2.370448168912094 2.369580729150625 2.3683793802036557 2.36682107478387 2.3652627693640844 2.3637044639442992 2.3621461585245136 2.360587853104728 2.3590295476849428 2.3574712422651545 2.355912936845369 2.3543546314255837 2.352796326005798 2.3512380205860124 2.349679715166227 2.3481214097464416
2.3949957354365488 2.3941818662384966 2.393367997040444 2.392554127842392 2.3917402586443397 2.3909263894462875 2.390112520248235 2.389298651050183 2.3884847818521306 2.3876709126540785 2.3868570434560263 2.3860431742579724 2.3852293050599203 2.384415435861868 2.383601566663816 2.3827876974657634 2.381973828267711 2.381159959069659 2.380346089871607 2.3795322206735543 2.378718351475502 2.37790448227745 2.377090613079398 2.3762767438813457 2.3754628746832918 2.3746490054852396 2.3738351362871875 2.3730212670891353 2.3722073978910827 2.3713935286930306 2.370226531400029 2.36868203218525 2.3671375329704714 2.3655930337556925 2.3640485345409137 2.362504035326135 2.360959536111356 2.3594150368965745 2.3578705376817957 2.356326038467017 2.354781539252238 2.353237040037459 2.3516925408226803 2.3501480416079015
2.3952549886398677 2.3944946900052324 2.3937343913705966 2.3929740927359613 2.392213794101326 2.39145349546669 2.390693196832055 2.3899328981974195 2.3891725995627837 2.3884123009281484 2.3876520022935126 2.386891703658876 2.3861314050242406 2.385371106389605 2.3846108077549695 2.383850509120334 2.3830902104856984 2.382329911851063 2.3815696132164277 2.380809314581792 2.3800490159471566 2.3792887173125212 2.3785284186778854 2.37776812004325 2.3770078214086134 2.3762475227739777 2.3754872241393423 2.374726925504707 2.373966626870071 2.373206328235436 2.372073682596402 2.3705429895866295 2.3690122965768574 2.3674816035670854 2.3659509105573133 2.3644202175475413 2.3628895245377692 2.3613588315279945 2.359828138518222 2.35829744550845 2.356766752498678 2.355236059488906 2.353705366479134 2.3521746734693614
2.3955142418431867 2.394807513771968 2.3941007857007492 2.3933940576295307 2.3926873295583118 2.3919806014870932 2.3912738734158743 2.3905671453446558 2.389860417273437 2.3891536892022183 2.3884469611309993 2.3877402330597794 2.387033504988561 2.386326776917342 2.3856200488461234 2.3849133207749045 2.384206592703686 2.383499864632467 2.3827931365612485 2.3820864084900295 2.381379680418811 2.380672952347592 2.3799662242763735 2.3792594962051545 2.3785527681339347 2.3778460400627157 2.377139311991497 2.3764325839202782 2.3757258558490597 2.3750191277778407 2.373920833792775 2.372403946988009 2.370887060183244 2.369370173378478 2.367853286573713 2.3663363997689473 2.364819512964182 2.363302626159414 2.3617857393546484 2.360268852549883 2.358751965745118 2.3572350789403522 2.355718192135587 2.3542013053308213
2.395773495046506 2.395120337538704 2.3944671800309023 2.3938140225231 2.393160865015298 2.3925077075074963 2.391854549999694 2.391201392491892 2.3905482349840903 2.389895077476288 2.389241919968486 2.388588762460683 2.3879356049528813 2.387282447445079 2.386629289937277 2.3859761324294753 2.385322974921673 2.384669817413871 2.3840166599060693 2.383363502398267 2.382710344890465 2.3820571873826633 2.381404029874861 2.3807508723670594 2.380097714859256 2.379444557351454 2.378791399843652 2.37813824233585 2.377485084828048 2.376831927320246 2.3757679849891473 2.374264904389389 2.37276182378963 2.3712587431898715 2.3697556625901126 2.3682525819903537 2.3667495013905953 2.3652464207908337 2.3637433401910752 2.3622402595913163 2.3607371789915574 2.359234098391799 2.35773101779204 2.356227937192281
2.396032748249825 2.39543316130544 2.394833574361055 2.3942339874166696 2.3936344004722843 2.393034813527899 2.3924352265835136 2.3918356396391287 2.3912360526947434 2.390636465750358 2.3900368788059727 2.3894372918615865 2.388837704917201 2.3882381179728163 2.387638531028431 2.3870389440840456 2.3864393571396603 2.3858397701952754 2.38524018325089 2.3846405963065047 2.3840410093621194 2.383441422417734 2.382841835473349 2.382242248528964 2.3816426615845776 2.3810430746401923 2.380443487695807 2.3798439007514216 2.3792443138070367 2.3786447268626514 2.3776151361855202 2.3761258617907686 2.3746365873960165 2.3731473130012644 2.3716580386065123 2.37016876421176 2.368679489817008 2.3671902154222533 2.3657009410275016 2.3642116666327495 2.3627223922379974 2.3612331178432453 2.359743843448493 2.358254569053741
2.3962920014531446 2.395745985072176 2.3951999686912075 2.394653952310239 2.3941079359292705 2.393561919548302 2.3930159031673335 2.392469886786365 2.3919238704053964 2.391377854024428 2.3908318376434594 2.39028582126249 2.3897398048815215 2.389193788500553 2.388647772119585 2.3881017557386164 2.387555739357648 2.3870097229766793 2.386463706595711 2.3859176902147423 2.385371673833774 2.3848256574528053 2.3842796410718368 2.3837336246908682 2.383187608309899 2.3826415919289303 2.382095575547962 2.3815495591669933 2.3810035427860248 2.3804575264050567 2.379462287381893 2.377986819192148 2.3765113510024025 2.375035882812657 2.373560414622912 2.3720849464331666 2.3706094782434213 2.3691340100536733 2.367658541863928 2.3661830736741827 2.3647076054844374 2.363232137294692 2.3617566691049463 2.360281200915201
2.3954107867509324 2.394899887528426 2.3943889883059195 2.393878089083413 2.393367189860907 2.3928562906384006 2.392345391415894 2.3918344921933876 2.391323592970881 2.390812693748375 2.3903017945258687 2.3897908953033613 2.389279996080855 2.388769096858349 2.3882581976358424 2.387747298413336 2.3872363991908294 2.3867254999683234 2.386214600745817 2.3857037015233105 2.385192802300804 2.384681903078298 2.3841710038557915 2.383660104633285 2.3831492054107777 2.3826383061882717 2.382127406965765 2.3816165077432587 2.3811056085207523 2.380594709298246 2.379623962673066 2.3781616287720047 2.3766992948709436 2.375236960969882 2.373774627068821 2.3723122931677594 2.3708499592666983 2.369387625365634 2.367925291464573 2.3664629575635114 2.3650006236624503 2.363538289761389 2.3620759558603273 2.360613621959266
2.3933104837563435 2.3928149761657624 2.392319468575182 2.391823960984601 2.39132845339402 2.3908329458034387 2.390337438212858 2.389841930622277 2.389346423031696 2.3888509154411155 2.3883554078505345 2.3878599002599525 2.387364392669372 2.386868885078791 2.38637337748821 2.3858778698976293 2.3853823623070483 2.384886854716467 2.3843913471258866 2.3838958395353056 2.3834003319447246 2.382904824354144 2.382409316763563 2.381913809172982 2.3814183015824004 2.3809227939918194 2.3804272864012384 2.3799317788106578 2.3794362712200767 2.3789407636294957 2.3779839704792103 2.3765340526306438 2.375084134782077 2.3736342169335103 2.3721842990849438 2.3707343812363773 2.3692844633878103 2.3678345455392416 2.3663846276906746 2.364934709842108 2.3634847919935416 2.362034874144975 2.360584956296408 2.3591350384478416
