Figures/CREST_Example_wjb_NSE/PETs/wjb.pet.20090126.asc
ncols            288
nrows            254
xllcorner        113.274861
yllcorner        31.4918055
cellsize         0.008333333333
NODATA_value     -9999
[rows 133 to 151 of 254, columns 220 to 263 of 288]
0.8791158756816316 0.8785917146183962 0.8778708331193037 0.8769396530221533 0.8760084729250028 0.8750772928278524 0.874146112730702 0.8732149326335515 0.8722837525364011 0.8713525724392507 0.8704213923421003 0.8694902122449497 0.8685590321477993 0.8676278520506489 0.8666966719534969 0.8657654918563464 0.864834311759196 0.8639031316620455 0.862971951564895 0.8620407714677446 0.8611095913705942 0.8601784112734437 0.8592472311762933 0.8583160510791429 0.8573848709819925 0.856453690884842 0.8555225107876916 0.8545913306905395 0.8536601505933891 0.8527289704962386 0.8517977903990882 0.8508666103019378 0.8502823991197336 0.8500691055619005 0.8498558120040673 0.8496425184462343 0.8494292248884011 0.849215931330568 0.8490026377727349 0.8487893442149018 0.8485760506570683 0.8483627570992353 0.8481494635414021 0.847936169983569
0.8788736889443339 0.878331840207701 0.8776001914577554 0.8766656421980729 0.8757310929383904 0.8747965436787077 0.8738619944190252 0.8729274451593427 0.8719928958996601 0.8710583466399776 0.8701237973802951 0.8691892481206126 0.86825469886093 0.8673201496012475 0.8663856003415633 0.8654510510818808 0.8645165018221983 0.8635819525625157 0.8626474033028332 0.8617128540431507 0.8607783047834682 0.8598437555237856 0.858909206264103 0.8579746570044205 0.8570401077447379 0.8561055584850554 0.8551710092253729 0.8542364599656888 0.8533019107060063 0.8523673614463237 0.8514328121866411 0.8504982629269586 0.8499147873950429 0.8497066176253236 0.8494984478556044 0.849290278085885 0.8490821083161657 0.8488739385464463 0.8486657687767271 0.8484575990070077 0.8482494292372881 0.8480412594675687 0.8478330896978494 0.84762491992813
0.8786315022070361 0.8780719657970057 0.8773295497962069 0.8763916313739923 0.8754537129517777 0.8745157945295631 0.8735778761073484 0.8726399576851338 0.8717020392629191 0.8707641208407045 0.86982620241849 0.8688882839962753 0.8679503655740607 0.867012447151846 0.8660745287296299 0.8651366103074152 0.8641986918852006 0.8632607734629859 0.8623228550407713 0.8613849366185568 0.8604470181963421 0.8595090997741275 0.8585711813519128 0.8576332629296982 0.8566953445074836 0.855757426085269 0.8548195076630544 0.8538815892408381 0.8529436708186235 0.8520057523964089 0.8510678339741943 0.8501299155519796 0.8495471756703524 0.8493441296887468 0.8491410837071414 0.8489380377255358 0.8487349917439303 0.8485319457623247 0.8483288997807192 0.8481258537991136 0.8479228078175077 0.8477197618359023 0.8475167158542967 0.8473136698726912
0.8783893154697384 0.8778120913863106 0.8770589081346586 0.8761176205499118 0.8751763329651652 0.8742350453804184 0.8732937577956716 0.872352470210925 0.8714111826261782 0.8704698950414316 0.8695286074566848 0.868587319871938 0.8676460322871914 0.8667047447024446 0.8657634571176963 0.8648221695329497 0.8638808819482029 0.8629395943634561 0.8619983067787095 0.8610570191939627 0.8601157316092161 0.8591744440244693 0.8582331564397226 0.8572918688549759 0.8563505812702291 0.8554092936854825 0.8544680061007357 0.8535267185159874 0.8525854309312407 0.851644143346494 0.8507028557617472 0.8497615681770005 0.8491795639456617 0.8489816417521701 0.8487837195586783 0.8485857973651865 0.8483878751716948 0.848189952978203 0.8479920307847113 0.8477941085912195 0.8475961863977274 0.8473982642042357 0.8472003420107439 0.8470024198172522
0.8781471287324406 0.8775522169756151 0.8767882664731099 0.8758436097258312 0.8748989529785524 0.8739542962312735 0.8730096394839947 0.872064982736716 0.8711203259894371 0.8701756692421583 0.8692310124948794 0.8682863557476007 0.8673416990003219 0.866397042253043 0.8654523855057626 0.8645077287584838 0.863563072011205 0.8626184152639261 0.8616737585166474 0.8607291017693686 0.8597844450220897 0.8588397882748109 0.8578951315275322 0.8569504747802533 0.8560058180329745 0.8550611612856956 0.8541165045384169 0.8531718477911364 0.8522271910438577 0.8512825342965789 0.8503378775493 0.8493932208020212 0.8488119522209708 0.8486191538155929 0.8484263554102149 0.848233557004837 0.848040758599459 0.847847960194081 0.8476551617887031 0.8474623633833251 0.8472695649779469 0.8470767665725689 0.8468839681671909 0.846691169761813
0.8779049419951429 0.87729234256492 0.8765176248115616 0.8755695989017507 0.8746215729919398 0.8736735470821289 0.8727255211723179 0.871777495262507 0.8708294693526962 0.8698814434428853 0.8689334175330744 0.8679853916232635 0.8670373657134526 0.8660893398036417 0.8651413138938291 0.8641932879840182 0.8632452620742073 0.8622972361643964 0.8613492102545854 0.8604011843447745 0.8594531584349637 0.8585051325251528 0.8575571066153419 0.856609080705531 0.8556610547957201 0.8547130288859092 0.8537650029760983 0.8528169770662857 0.8518689511564748 0.8509209252466639 0.849972899336853 0.8490248734270421 0.8484443404962803 0.848256665879016 0.848068991261752 0.8478813166444877 0.8476936420272235 0.8475059674099594 0.8473182927926952 0.847130618175431 0.8469429435581666 0.8467552689409024 0.8465675943236382 0.846379919706374
0.8776627552578453 0.8770324681542248 0.8762469831500133 0.8752955880776703 0.8743441930053273 0.8733927979329843 0.8724414028606412 0.8714900077882982 0.8705386127159552 0.8695872176436122 0.8686358225712693 0.8676844274989263 0.8667330324265833 0.8657816373542403 0.8648302422818956 0.8638788472095527 0.8629274521372097 0.8619760570648666 0.8610246619925236 0.8600732669201806 0.8591218718478376 0.8581704767754946 0.8572190817031516 0.8562676866308087 0.8553162915584656 0.8543648964861226 0.8534135014137796 0.8524621063414349 0.851510711269092 0.850559316196749 0.849607921124406 0.848656526052063 0.8480767287715896 0.8478941779424392 0.8477116271132888 0.8475290762841384 0.847346525454988 0.8471639746258377 0.8469814237966873 0.8467988729675369 0.8466163221383862 0.8464337713092358 0.8462512204800854 0.8460686696509351
0.8774205685205476 0.8767725937435296 0.8759763414884649 0.8750215772535898 0.8740668130187147 0.8731120487838396 0.8721572845489646 0.8712025203140894 0.8702477560792143 0.8692929918443393 0.8683382276094642 0.867383463374589 0.866428699139714 0.8654739349048389 0.8645191706699622 0.863564406435087 0.862609642200212 0.8616548779653369 0.8607001137304618 0.8597453494955867 0.8587905852607116 0.8578358210258366 0.8568810567909615 0.8559262925560863 0.8549715283212113 0.8540167640863362 0.853061999851461 0.8521072356165843 0.8511524713817092 0.8501977071468342 0.8492429429119591 0.848288178677084 0.8477091170468991 0.8475316900058625 0.8473542629648259 0.8471768359237892 0.8469994088827526 0.8468219818417161 0.8466445548006795 0.8464671277596428 0.846289700718606 0.8461122736775694 0.8459348466365327 0.8457574195954961
0.8771783817832499 0.8765127193328344 0.8757056998269166 0.8747475664295093 0.8737894330321022 0.872831299634695 0.8718731662372878 0.8709150328398806 0.8699568994424735 0.8689987660450662 0.8680406326476591 0.8670824992502518 0.8661243658528447 0.8651662324554374 0.8642080990580286 0.8632499656606215 0.8622918322632143 0.8613336988658071 0.8603755654683999 0.8594174320709927 0.8584592986735855 0.8575011652761784 0.8565430318787712 0.855584898481364 0.8546267650839569 0.8536686316865496 0.8527104982891425 0.8517523648917337 0.8507942314943264 0.8498360980969193 0.848877964699512 0.8479198313021049 0.8473415053222084 0.8471692020692856 0.8469968988163628 0.8468245955634399 0.8466522923105172 0.8464799890575944 0.8463076858046715 0.8461353825517487 0.8459630792988256 0.8457907760459028 0.84561847279298 0.8454461695400571
0.8769361950459522 0.8762528449221392 0.8754350581653682 0.8744735556054289 0.8735120530454896 0.8725505504855503 0.8715890479256111 0.8706275453656718 0.8696660428057326 0.8687045402457932 0.8677430376858539 0.8667815351259147 0.8658200325659754 0.8648585300060362 0.8638970274460952 0.862935524886156 0.8619740223262167 0.8610125197662774 0.8600510172063381 0.8590895146463988 0.8581280120864596 0.8571665095265203 0.856205006966581 0.8552435044066418 0.8542820018467024 0.8533204992867631 0.8523589967268239 0.8513974941668829 0.8504359916069437 0.8494744890470044 0.8485129864870652 0.8475514839271259 0.8469738935975178 0.8468067141327088 0.8466395346678998 0.8464723552030908 0.8463051757382818 0.8461379962734727 0.8459708168086637 0.8458036373438547 0.8456364578790453 0.8454692784142364 0.8453020989494273 0.8451349194846183
0.8766940083086546 0.875992970511444 0.8751644165038198 0.8741995447813484 0.873234673058877 0.8722698013364057 0.8713049296139344 0.870340057891463 0.8693751861689916 0.8684103144465203 0.8674454427240489 0.8664805710015775 0.8655156992791061 0.8645508275566347 0.8635859558341618 0.8626210841116904 0.861656212389219 0.8606913406667476 0.8597264689442763 0.8587615972218049 0.8577967254993335 0.8568318537768621 0.8558669820543907 0.8549021103319194 0.853937238609448 0.8529723668869766 0.8520074951645052 0.8510426234420323 0.8500777517195609 0.8491128799970895 0.8481480082746181 0.8471831365521467 0.8466062818728273 0.846444226196132 0.8462821705194368 0.8461201148427415 0.8459580591660463 0.845796003489351 0.8456339478126558 0.8454718921359605 0.845309836459265 0.8451477807825698 0.8449857251058746 0.8448236694291793
0.8764518215713566 0.8757330961007486 0.8748937748422712 0.8739255339572677 0.8729572930722642 0.8719890521872607 0.8710208113022573 0.8700525704172538 0.8690843295322503 0.8681160886472469 0.8671478477622434 0.8661796068772399 0.8652113659922365 0.864243125107233 0.863274884222228 0.8623066433372245 0.861338402452221 0.8603701615672176 0.8594019206822141 0.8584336797972106 0.8574654389122072 0.8564971980272037 0.8555289571422002 0.8545607162571968 0.8535924753721933 0.8526242344871898 0.8516559936021864 0.8506877527171813 0.8497195118321779 0.8487512709471744 0.8477830300621709 0.8468147891771675 0.8462386701481364 0.8460817382595549 0.8459248063709734 0.845767874482392 0.8456109425938105 0.8454540107052291 0.8452970788166476 0.8451401469280662 0.8449832150394845 0.844826283150903 0.8446693512623216 0.8445124193737401
0.876209634834059 0.8754732216900534 0.8746231331807228 0.8736515231331872 0.8726799130856516 0.8717083030381161 0.8707366929905805 0.869765082943045 0.8687934728955095 0.8678218628479739 0.8668502528004384 0.8658786427529027 0.8649070327053672 0.8639354226578316 0.8629638126102944 0.8619922025627589 0.8610205925152233 0.8600489824676878 0.8590773724201523 0.8581057623726167 0.8571341523250811 0.8561625422775455 0.85519093223001 0.8542193221824744 0.8532477121349389 0.8522761020874033 0.8513044920398678 0.8503328819923306 0.849361271944795 0.8483896618972594 0.8474180518497239 0.8464464418021883 0.8458710584234457 0.845719250322978 0.8455674422225103 0.8454156341220427 0.845263826021575 0.8451120179211074 0.8449602098206397 0.844808401720172 0.8446565936197041 0.8445047855192365 0.8443529774187688 0.8442011693183011
0.8759674480967613 0.8752133472793582 0.8743524915191744 0.8733775123091068 0.8724025330990391 0.8714275538889714 0.8704525746789038 0.8694775954688362 0.8685026162587686 0.8675276370487008 0.8665526578386332 0.8655776786285656 0.8646026994184979 0.8636277202084303 0.862652740998361 0.8616777617882933 0.8607027825782256 0.859727803368158 0.8587528241580903 0.8577778449480227 0.856802865737955 0.8558278865278874 0.8548529073178197 0.8538779281077521 0.8529029488976845 0.8519279696876167 0.8509529904775491 0.8499780112674798 0.8490030320574121 0.8480280528473445 0.8470530736372769 0.8460780944272093 0.8455034466987551 0.8453567623864012 0.8452100780740474 0.8450633937616935 0.8449167094493395 0.8447700251369856 0.8446233408246318 0.8444766565122779 0.8443299721999238 0.8441832878875699 0.844036603575216 0.8438899192628622
0.8757252613594636 0.874953472868663 0.874081849857626 0.8731035014850264 0.8721251531124266 0.8711468047398269 0.8701684563672271 0.8691901079946274 0.8682117596220276 0.8672334112494279 0.8662550628768282 0.8652767145042284 0.8642983661316287 0.8633200177590289 0.8623416693864275 0.8613633210138277 0.860384972641228 0.8594066242686282 0.8584282758960285 0.8574499275234287 0.856471579150829 0.8554932307782293 0.8545148824056296 0.8535365340330299 0.8525581856604301 0.8515798372878304 0.8506014889152306 0.8496231405426292 0.8486447921700294 0.8476664437974297 0.8466880954248299 0.8457097470522302 0.8451358349740645 0.8449942744498244 0.8448527139255844 0.8447111534013443 0.8445695928771041 0.844428032352864 0.8442864718286239 0.8441449113043838 0.8440033507801435 0.8438617902559035 0.8437202297316634 0.8435786692074232
0.87473616357399 0.8739599437759649 0.8730925561040508 0.8721277079116605 0.8711628597192702 0.8701980115268799 0.8692331633344896 0.8682683151420993 0.8673034669497091 0.8663386187573188 0.8653737705649285 0.8644089223725382 0.8634440741801479 0.8624792259877575 0.8615143777953657 0.8605495296029753 0.859584681410585 0.8586198332181947 0.8576549850258044 0.8566901368334141 0.8557252886410238 0.8547604404486335 0.8537955922562432 0.852830744063853 0.8518658958714627 0.8509010476790724 0.8499361994866821 0.8489713512942901 0.8480065031018998 0.8470416549095096 0.8460768067171193 0.845111958524729 0.8445470547516619 0.8444097006163451 0.8442723464810283 0.8441349923457115 0.8439976382103948 0.843860284075078 0.8437229299397612 0.8435855758044444 0.8434482216691274 0.8433108675338106 0.8431735133984938 0.843036159263177
0.8729486649617689 0.872182184076304 0.8713350685664645 0.8704017528182653 0.869468437070066 0.8685351213218668 0.8676018055736677 0.8666684898254685 0.8657351740772693 0.8648018583290701 0.8638685425808709 0.8629352268326718 0.8620019110844725 0.8610685953362733 0.8601352795880726 0.8592019638398734 0.8582686480916741 0.857335332343475 0.8564020165952758 0.8554687008470766 0.8545353850988774 0.8536020693506782 0.8526687536024791 0.8517354378542799 0.8508021221060806 0.8498688063578814 0.8489354906096822 0.8480021748614814 0.8470688591132822 0.8461355433650831 0.8452022276168839 0.8442689118686847 0.8437218593472172 0.8435877309589201 0.843453602570623 0.8433194741823258 0.8431853457940287 0.8430512174057315 0.8429170890174345 0.8427829606291373 0.8426488322408399 0.8425147038525428 0.8423805754642456 0.8422464470759484
0.8711611663495463 0.8704044243766416 0.8695775810288766 0.8686757977248685 0.8677740144208604 0.8668722311168524 0.8659704478128444 0.8650686645088363 0.8641668812048282 0.8632650979008202 0.8623633145968121 0.8614615312928041 0.860559747988796 0.859657964684788 0.8587561813807784 0.8578543980767703 0.8569526147727623 0.8560508314687542 0.8551490481647461 0.8542472648607381 0.8533454815567301 0.8524436982527219 0.8515419149487139 0.8506401316447059 0.8497383483406978 0.8488365650366898 0.8479347817326817 0.8470329984286721 0.846131215124664 0.845229431820656 0.844327648516648 0.8434258652126398 0.842896663942772 0.8427657613014945 0.842634858660217 0.8425039560189396 0.842373053377662 0.8422421507363845 0.8421112480951071 0.8419803454538296 0.8418494428125518 0.8417185401712743 0.8415876375299969 0.8414567348887194
0.8693736677373253 0.8686266646769807 0.8678200934912902 0.8669498426314732 0.8660795917716563 0.8652093409118393 0.8643390900520225 0.8634688391922055 0.8625985883323886 0.8617283374725716 0.8608580866127546 0.8599878357529377 0.8591175848931207 0.8582473340333038 0.8573770831734853 0.8565068323136683 0.8556365814538515 0.8547663305940345 0.8538960797342176 0.8530258288744006 0.8521555780145836 0.8512853271547667 0.8504150762949497 0.8495448254351328 0.8486745745753158 0.8478043237154989 0.8469340728556819 0.8460638219958635 0.8451935711360465 0.8443233202762296 0.8434530694164126 0.8425828185565957 0.8420714685383273 0.8419437916440694 0.8418161147498117 0.8416884378555538 0.841560760961296 0.8414330840670381 0.8413054071727802 0.8411777302785224 0.8410500533842644 0.8409223764900066 0.8407946995957487 0.8406670227014909
