Figures/CREST_Example_wjb_NSE/PETs/wjb.pet.20091029.asc
ncols            288
nrows            254
xllcorner        113.274861
yllcorner        31.4918055
cellsize         0.008333333333
NODATA_value     -9999
[rows 60 to 79 of 254, columns 0 to 43 of 288]
-9999.0 -9999.0 -9999.0 -9999.0 -9999.0 -9999.0 -9999.0 -9999.0 -9999.0 -9999.0 -9999.0 1.4298621871536568 1.429962321823723 1.4297784253045296 1.4295945287853364 1.4294106322661433 1.4292267357469501 1.429042839227757 1.4288589427085638 1.4286750461893707 1.4284911496701775 1.4283072531509844 1.4281233566317915 1.4279394601125983 1.4277555635934052 1.427571667074212 1.4273877705550186 1.4272038740358255 1.4270199775166323 1.4268360809974392 1.426652184478246 1.426468287959053 1.4262843914398597 1.4261004949206666 1.4259165984014734 1.4257327018822803 1.4255488053630874 1.4253649088438942 1.425181012324701 1.4249971158055075 1.4248132192863145 1.4246293227671214 1.4234646267024873 1.4212514337568058
-9999.0 -9999.0 -9999.0 -9999.0 -9999.0 -9999.0 -9999.0 -9999.0 -9999.0 1.4244347532246007 1.4247756518378945 1.4251165504511882 1.4252573124958072 1.4251841240262697 1.4251109355567324 1.425037747087195 1.4249645586176576 1.4248913701481203 1.4248181816785828 1.4247449932090455 1.4246718047395082 1.4245986162699706 1.4245254278004333 1.424452239330896 1.4243790508613585 1.4243058623918212 1.4242326739222837 1.4241594854527464 1.4240862969832089 1.4240131085136716 1.423939920044134 1.4238667315745968 1.4237935431050595 1.423720354635522 1.4236471661659846 1.4235739776964473 1.4235007892269098 1.4234276007573725 1.423354412287835 1.4232812238182975 1.4232080353487602 1.4231348468792229 1.4220223166694754 1.4197987066493656
-9999.0 -9999.0 -9999.0 -9999.0 -9999.0 -9999.0 -9999.0 -9999.0 -9999.0 1.4197389734546302 1.4200549436016752 1.42037091374872 1.420552303167892 1.4205898227480103 1.4206273423281286 1.420664861908247 1.4207023814883653 1.4207399010684836 1.4207774206486021 1.4208149402287205 1.4208524598088388 1.4208899793889571 1.4209274989690754 1.4209650185491938 1.421002538129312 1.4210400577094304 1.421077577289549 1.4211150968696673 1.4211526164497856 1.421190136029904 1.4212276556100223 1.4212651751901406 1.421302694770259 1.4213402143503775 1.4213777339304958 1.4214152535106142 1.4214527730907325 1.4214902926708508 1.4215278122509691 1.4215653318310877 1.421602851411206 1.4216403709913243 1.4205800066364638 1.4183459795419253
-9999.0 -9999.0 -9999.0 -9999.0 -9999.0 -9999.0 -9999.0 -9999.0 -9999.0 1.4150431936846597 1.4153342353654554 1.4156252770462514 1.4158472938399762 1.4159955214697506 1.4161437490995246 1.4162919767292987 1.416440204359073 1.4165884319888469 1.416736659618621 1.416884887248395 1.4170331148781692 1.4171813425079434 1.4173295701377173 1.4174777977674915 1.4176260253972657 1.4177742530270396 1.417922480656814 1.4180707082865882 1.4182189359163622 1.4183671635461363 1.4185153911759105 1.4186636188056845 1.4188118464354587 1.4189600740652328 1.4191083016950068 1.419256529324781 1.4194047569545551 1.419552984584329 1.4197012122141033 1.4198494398438777 1.4199976674736516 1.4201458951034258 1.4191376966034521 1.4168932524344848
-9999.0 -9999.0 -9999.0 -9999.0 -9999.0 -9999.0 -9999.0 -9999.0 1.4100813007001425 1.4103474139146892 1.4106135271292362 1.410879640343783 1.4111422845120607 1.411401220191491 1.4116601558709208 1.4119190915503506 1.4121780272297806 1.4124369629092104 1.4126958985886402 1.41295483426807 1.4132137699474998 1.4134727056269296 1.4137316413063594 1.4139905769857894 1.4142495126652193 1.414508448344649 1.4147673840240793 1.4150263197035091 1.415285255382939 1.4155441910623687 1.4158031267417988 1.4160620624212286 1.4163209981006584 1.4165799337800882 1.416838869459518 1.4170978051389478 1.4173567408183776 1.4176156764978074 1.4178746121772374 1.4181335478566677 1.4183924835360975 1.4186514192155273 1.4176953865704403 1.4154405253270446
-9999.0 -9999.0 -9999.0 -9999.0 -9999.0 -9999.0 -9999.0 -9999.0 1.4054104493964208 1.4056516341447187 1.4058928188930166 1.4061340036413146 1.406437275184145 1.4068069189132313 1.407176562642317 1.4075462063714024 1.407915850100488 1.4082854938295737 1.4086551375586591 1.4090247812877448 1.4093944250168304 1.4097640687459159 1.4101337124750015 1.410503356204087 1.4108729999331726 1.4112426436622583 1.4116122873913444 1.41198193112043 1.4123515748495157 1.4127212185786011 1.4130908623076868 1.4134605060367724 1.4138301497658579 1.4141997934949435 1.4145694372240292 1.4149390809531146 1.4153087246822003 1.415678368411286 1.4160480121403713 1.4164176558694577 1.416787299598543 1.4171569433276288 1.4162530765374286 1.4139877982196043
-9999.0 -9999.0 -9999.0 -9999.0 -9999.0 -9999.0 -9999.0 -9999.0 1.4007395980926953 1.4009558543747442 1.4011721106567931 1.401388366938842 1.4017322658562255 1.4022126176349676 1.4026929694137091 1.4031733211924504 1.403653672971192 1.4041340247499334 1.4046143765286747 1.4050947283074162 1.4055750800861575 1.406055431864899 1.4065357836436403 1.4070161354223818 1.4074964872011233 1.4079768389798646 1.4084571907586068 1.4089375425373483 1.4094178943160898 1.409898246094831 1.4103785978735726 1.4108589496523138 1.4113393014310553 1.4118196532097969 1.4123000049885381 1.4127803567672796 1.413260708546021 1.4137410603247624 1.4142214121035037 1.414701763882246 1.4151821156609874 1.415662467439729 1.4148107665044156 1.4125350711121625
-9999.0 -9999.0 -9999.0 -9999.0 -9999.0 -9999.0 -9999.0 -9999.0 1.3960687467889739 1.3962600746047737 1.3964514024205739 1.396642730236374 1.39702725652831 1.3976183163567082 1.3982093761851053 1.3988004360135025 1.3993914958418996 1.3999825556702967 1.4005736154986939 1.401164675327091 1.4017557351554881 1.4023467949838853 1.4029378548122824 1.4035289146406797 1.4041199744690769 1.404711034297474 1.405302094125872 1.4058931539542692 1.4064842137826663 1.4070752736110637 1.4076663334394608 1.408257393267858 1.408848453096255 1.4094395129246522 1.4100305727530493 1.4106216325814465 1.4112126924098436 1.4118037522382407 1.4123948120666379 1.412985871895036 1.4135769317234332 1.4141679915518304 1.4133684564714037 1.4110823440047222
-9999.0 -9999.0 -9999.0 -9999.0 -9999.0 -9999.0 -9999.0 1.391231496135701 1.3913978954852522 1.3915642948348033 1.3917306941843544 1.3918970935339054 1.3923222472003942 1.3930240150784483 1.3937257829565013 1.3944275508345543 1.395129318712607 1.39583108659066 1.3965328544687128 1.3972346223467658 1.3979363902248187 1.3986381581028715 1.3993399259809245 1.4000416938589773 1.4007434617370302 1.4014452296150832 1.4021469974931373 1.40284876537119 1.403550533249243 1.4042523011272958 1.4049540690053488 1.4056558368834018 1.4063576047614545 1.4070593726395075 1.4077611405175603 1.4084629083956133 1.4091646762736663 1.409866444151719 1.410568212029772 1.411269979907826 1.4119717477858789 1.4126735156639318 1.411926146438392 1.409629616897282
-9999.0 -9999.0 -9999.0 -9999.0 -9999.0 -9999.0 -9999.0 1.3865855732982286 1.3867270441815307 1.386868515064833 1.387009985948135 1.3871514568314371 1.387617237872479 1.3884297138001889 1.3892421897278975 1.390054665655606 1.3908671415833147 1.3916796175110233 1.3924920934387321 1.3933045693664408 1.3941170452941494 1.394929521221858 1.3957419971495666 1.3965544730772752 1.3973669490049838 1.3981794249326924 1.3989919008604026 1.3998043767881112 1.4006168527158198 1.4014293286435284 1.402241804571237 1.4030542804989456 1.4038667564266543 1.4046792323543629 1.4054917082820715 1.40630418420978 1.4071166601374887 1.4079291360651975 1.4087416119929062 1.409554087920616 1.4103665638483247 1.4111790397760333 1.4104838364053804 1.4081768897898415
-9999.0 -9999.0 -9999.0 -9999.0 -9999.0 -9999.0 -9999.0 1.381939650460756 1.3820561928778092 1.3821727352948623 1.3822892777119156 1.3824058201289686 1.3829122285445632 1.3838354125219292 1.3847585964992934 1.385681780476658 1.3866049644540224 1.3875281484313866 1.388451332408751 1.3893745163861153 1.3902977003634798 1.3912208843408442 1.3921440683182085 1.393067252295573 1.3939904362729374 1.3949136202503016 1.3958368042276676 1.3967599882050319 1.3976831721823963 1.3986063561597608 1.399529540137125 1.4004527241144895 1.401375908091854 1.4022990920692182 1.4032222760465827 1.404145460023947 1.4050686440013114 1.4059918279786758 1.40691501195604 1.407838195933406 1.4087613799107706 1.4096845638881348 1.4090415263723688 1.4067241626824012
-9999.0 -9999.0 -9999.0 -9999.0 -9999.0 -9999.0 1.3772021136724795 1.3772937276232835 1.3773853415740878 1.377476955524892 1.377568569475696 1.3776601834265003 1.3782072192166477 1.3792411112436695 1.3802750032706899 1.38130889529771 1.38234278732473 1.3833766793517501 1.3844105713787702 1.3854444634057903 1.3864783554328104 1.3875122474598305 1.3885461394868506 1.3895800315138707 1.390613923540891 1.391647815567911 1.392681707594933 1.393715599621953 1.394749491648973 1.3957833836759932 1.3968172757030133 1.3978511677300334 1.3988850597570535 1.3999189517840736 1.4009528438110939 1.401986735838114 1.403020627865134 1.4040545198921541 1.4050884119191742 1.406122303946196 1.4071561959732162 1.4081900880002363 1.407599216339357 1.405271435574961
-9999.0 -9999.0 -9999.0 -9999.0 -9999.0 -9999.0 -9999.0 1.372647804785807 1.3727144902703623 1.3727811757549175 1.3728478612394726 1.3729145467240278 1.3735022098887282 1.3746468099654061 1.375791410042082 1.376936010118758 1.378080610195434 1.3792252102721099 1.3803698103487858 1.3815144104254617 1.3826590105021377 1.3838036105788136 1.3849482106554896 1.3860928107321655 1.3872374108088414 1.3883820108855174 1.3895266109621953 1.3906712110388713 1.3918158111155472 1.3929604111922234 1.3941050112688993 1.3952496113455752 1.3963942114222512 1.3975388114989271 1.398683411575603 1.399828011652279 1.400972611728955 1.4021172118056309 1.4032618118823068 1.4044064119589847 1.4055510120356607 1.4066956121123366 1.4061569063063442 1.4038187084675193
-9999.0 -9999.0 -9999.0 -9999.0 -9999.0 -9999.0 -9999.0 -9999.0 1.3680436389666408 1.368085395984947 1.3681271530032533 1.3681689100215595 1.3687972005608127 1.3700525086871465 1.3713078168134782 1.3725631249398098 1.3738184330661416 1.3750737411924734 1.376329049318805 1.3775843574451367 1.3788396655714683 1.3800949736978 1.3813502818241317 1.3826055899504635 1.383860898076795 1.3851162062031268 1.3863715143294606 1.3876268224557924 1.388882130582124 1.3901374387084557 1.3913927468347873 1.392648054961119 1.3939033630874509 1.3951586712137825 1.3964139793401142 1.3976692874664458 1.3989245955927776 1.4001799037191092 1.401435211845441 1.4026905199717747 1.4039458280981065 1.405201136224438 1.4047145962733323 1.402365981360079
-9999.0 -9999.0 -9999.0 -9999.0 -9999.0 -9999.0 -9999.0 -9999.0 -9999.0 1.3633896162149766 1.3634064447670338 1.3634232733190912 1.364092191232897 1.3654582074088868 1.3668242235848742 1.3681902397608616 1.369556255936849 1.3709222721128365 1.3722882882888239 1.3736543044648115 1.375020320640799 1.3763863368167863 1.3777523529927738 1.3791183691687612 1.3804843853447486 1.381850401520736 1.3832164176967259 1.3845824338727133 1.3859484500487007 1.3873144662246881 1.3886804824006755 1.390046498576663 1.3914125147526504 1.3927785309286378 1.3941445471046252 1.3955105632806126 1.3968765794566 1.3982425956325875 1.399608611808575 1.4009746279845647 1.4023406441605522 1.4037066603365396 1.4032722862403206 1.4009132542526388
-9999.0 -9999.0 -9999.0 -9999.0 -9999.0 -9999.0 -9999.0 -9999.0 -9999.0 -9999.0 1.3586857365308145 1.3586776366166229 1.3593871819049816 1.3608639061306274 1.3623406303562704 1.3638173545819137 1.3652940788075567 1.3667708030332 1.3682475272588432 1.3697242514844863 1.3712009757101296 1.3726776999357726 1.3741544241614159 1.375631148387059 1.3771078726127022 1.3785845968383454 1.380061321063991 1.3815380452896342 1.3830147695152775 1.3844914937409205 1.3859682179665638 1.3874449421922068 1.38892166641785 1.3903983906434931 1.3918751148691364 1.3933518390947797 1.3948285633204227 1.396305287546066 1.397782011771709 1.3992587359973547 1.400735460222998 1.402212184448641 1.401829976207309 1.3994605271451983
-9999.0 -9999.0 -9999.0 -9999.0 -9999.0 -9999.0 -9999.0 -9999.0 -9999.0 -9999.0 -9999.0 1.3539319999141544 1.354682172577066 1.3562696048523675 1.3578570371276664 1.3594444694029655 1.3610319016782644 1.3626193339535633 1.3642067662288622 1.365794198504161 1.36738163077946 1.3689690630547589 1.3705564953300577 1.3721439276053566 1.3737313598806555 1.3753187921559544 1.3769062244312562 1.378493656706555 1.380081088981854 1.381668521257153 1.3832559535324518 1.3848433858077507 1.3864308180830496 1.3880182503583485 1.3896056826336474 1.3911931149089465 1.3927805471842454 1.3943679794595443 1.3959554117348432 1.3975428440101447 1.3991302762854436 1.4007177085607425 1.4003876661742973 1.398007800037758
-9999.0 -9999.0 -9999.0 -9999.0 -9999.0 -9999.0 -9999.0 -9999.0 -9999.0 -9999.0 -9999.0 1.349186363211686 1.3499771632491504 1.351675303574108 1.3533734438990628 1.3550715842240173 1.356769724548972 1.3584678648739266 1.3601660051988813 1.3618641455238358 1.3635622858487906 1.3652604261737453 1.3669585664986998 1.3686567068236546 1.3703548471486091 1.3720529874735639 1.3737511277985215 1.375449268123476 1.3771474084484308 1.3788455487733853 1.38054368909834 1.3822418294232948 1.3839399697482493 1.385638110073204 1.3873362503981586 1.3890343907231133 1.3907325310480678 1.3924306713730226 1.3941288116979773 1.3958269520229347 1.3975250923478895 1.399223232672844 1.3989453561412855 1.3965550729303178
-9999.0 -9999.0 -9999.0 -9999.0 -9999.0 -9999.0 -9999.0 -9999.0 -9999.0 -9999.0 -9999.0 1.3444407265092175 1.345272153921235 1.3470810022958484 1.3488898506704587 1.3506986990450691 1.3525075474196795 1.3543163957942899 1.3561252441689002 1.3579340925435106 1.359742940918121 1.3615517892927316 1.363360637667342 1.3651694860419523 1.3669783344165627 1.368787182791173 1.3705960311657865 1.372404879540397 1.3742137279150073 1.3760225762896177 1.377831424664228 1.3796402730388384 1.381449121413449 1.3832579697880594 1.3850668181626697 1.3868756665372801 1.3886845149118905 1.3904933632865009 1.3923022116611112 1.3941110600357247 1.395919908410335 1.3977287567849457 1.3975030461082738 1.3951023458228773
-9999.0 -9999.0 -9999.0 -9999.0 -9999.0 -9999.0 -9999.0 -9999.0 -9999.0 -9999.0 -9999.0 -9999.0 1.3405671445933152 1.3424867010175847 1.344406257441851 1.3463258138661172 1.3482453702903834 1.3501649267146496 1.3520844831389158 1.354004039563182 1.3559235959874483 1.3578431524117145 1.3597627088359807 1.361682265260247 1.3636018216845132 1.3655213781087794 1.367440934533049 1.3693604909573152 1.3712800473815814 1.3731996038058476 1.3751191602301138 1.37703871665438 1.3789582730786463 1.3808778295029125 1.3827973859271787 1.384716942351445 1.3866364987757112 1.3885560551999774 1.3904756116242436 1.3923951680485132 1.3943147244727794 1.3962342808970456 1.3960607360752608 1.3936496187154357
