Figures/CREST_Example_wjb_NSE/PETs/wjb.pet.20091203.asc
ncols            288
nrows            254
xllcorner        113.274861
yllcorner        31.4918055
cellsize         0.008333333333
NODATA_value     -9999
[rows 171 to 189 of 254, columns 176 to 219 of 288]
0.7444343236180576 0.7439509169320807 0.7434675102461038 0.7429841035601269 0.74250069687415 0.7420172901881731 0.7415338835021954 0.7410504768162185 0.7405670701302416 0.7400836634442647 0.7396002567582878 0.7391168500723109 0.738633443386334 0.7381500367003571 0.7376666300143802 0.7371832233284032 0.7366391582114047 0.7360302478591493 0.735421337506894 0.7348124271546376 0.7342035168023822 0.7335946064501269 0.7329856960978715 0.7323767857456162 0.7317678753933607 0.7311589650411054 0.7305500546888501 0.7299411443365947 0.7293322339843394 0.728723323632084 0.7281144132798287 0.7275055029275733 0.7268965925753169 0.7262876822230616 0.7256787718708062 0.7250698615185509 0.7244609511662955 0.7238520408140402 0.7232431304617848 0.7226342201095295 0.7220253097572741 0.7214163994050188 0.7208074890527634 0.7201985787005081
0.7456665275861529 0.7451668123489431 0.7446670971117333 0.7441673818745235 0.7436676666373137 0.7431679514001038 0.7426682361628932 0.7421685209256834 0.7416688056884736 0.7411690904512638 0.740669375214054 0.7401696599768441 0.7396699447396343 0.7391702295024245 0.7386705142652147 0.7381707990280049 0.7376175158356914 0.7370069672873107 0.7363964187389302 0.7357858701905486 0.735175321642168 0.7345647730937875 0.7339542245454069 0.7333436759970264 0.7327331274486458 0.7321225789002652 0.7315120303518847 0.7309014818035041 0.7302909332551236 0.729680384706743 0.7290698361583625 0.7284592876099819 0.7278487390616003 0.7272381905132197 0.7266276419648392 0.7260170934164586 0.7254065448680781 0.7247959963196975 0.724185447771317 0.7235748992229364 0.7229643506745558 0.7223538021261753 0.7217432535777947 0.7211327050294142
0.7468987315542482 0.7463827077658055 0.7458666839773628 0.74535066018892 0.7448346364004773 0.7443186126120346 0.7438025888235911 0.7432865650351483 0.7427705412467056 0.7422545174582629 0.7417384936698201 0.7412224698813774 0.7407064460929347 0.740190422304492 0.7396743985160492 0.7391583747276065 0.738595873459978 0.7379836867154722 0.7373714999709665 0.7367593132264597 0.7361471264819539 0.7355349397374481 0.7349227529929424 0.7343105662484366 0.7336983795039308 0.7330861927594251 0.7324740060149193 0.7318618192704135 0.7312496325259078 0.730637445781402 0.7300252590368962 0.7294130722923905 0.7288008855478837 0.7281886988033779 0.7275765120588722 0.7269643253143664 0.7263521385698606 0.7257399518253549 0.7251277650808491 0.7245155783363433 0.7239033915918376 0.7232912048473318 0.722679018102826 0.7220668313583203
0.7481309355223436 0.7475986031826679 0.7470662708429923 0.7465339385033166 0.746001606163641 0.7454692738239653 0.7449369414842888 0.7444046091446131 0.7438722768049375 0.7433399444652619 0.7428076121255863 0.7422752797859107 0.741742947446235 0.7412106151065594 0.7406782827668837 0.7401459504272081 0.7395742310842647 0.7389604061436337 0.7383465812030028 0.7377327562623707 0.7371189313217398 0.7365051063811088 0.7358912814404778 0.7352774564998469 0.7346636315592159 0.7340498066185849 0.7334359816779539 0.732822156737323 0.732208331796692 0.731594506856061 0.73098068191543 0.7303668569747991 0.7297530320341671 0.7291392070935361 0.7285253821529051 0.7279115572122741 0.7272977322716432 0.7266839073310122 0.7260700823903812 0.7254562574497503 0.7248424325091193 0.7242286075684883 0.7236147826278573 0.7230009576872264
0.7493631394904389 0.7488144985995303 0.7482658577086218 0.7477172168177132 0.7471685759268046 0.7466199350358961 0.7460712941449866 0.7455226532540781 0.7449740123631695 0.744425371472261 0.7438767305813524 0.7433280896904438 0.7427794487995354 0.7422308079086268 0.7416821670177183 0.7411335261268097 0.7405525887085513 0.7399371255717951 0.7393216624350389 0.7387061992982817 0.7380907361615255 0.7374752730247695 0.7368598098880133 0.736244346751257 0.7356288836145009 0.7350134204777447 0.7343979573409886 0.7337824942042324 0.7331670310674762 0.73255156793072 0.7319361047939638 0.7313206416572077 0.7307051785204504 0.7300897153836943 0.7294742522469381 0.7288587891101819 0.7282433259734257 0.7276278628366695 0.7270123996999134 0.7263969365631572 0.725781473426401 0.7251660102896448 0.7245505471528886 0.7239350840161325
0.7505953434585352 0.7500303940163937 0.7494654445742522 0.7489004951321108 0.7483355456899693 0.7477705962478278 0.7472056468056855 0.746640697363544 0.7460757479214025 0.745510798479261 0.7449458490371196 0.7443808995949781 0.7438159501528366 0.7432510007106952 0.7426860512685537 0.7421211018264122 0.7415309463328389 0.7409138449999575 0.7402967436670761 0.7396796423341937 0.7390625410013123 0.7384454396684309 0.7378283383355495 0.7372112370026681 0.7365941356697867 0.7359770343369053 0.735359933004024 0.7347428316711426 0.7341257303382612 0.7335086290053798 0.7328915276724984 0.732274426339617 0.7316573250067346 0.7310402236738532 0.7304231223409718 0.7298060210080904 0.729188919675209 0.7285718183423276 0.7279547170094463 0.7273376156765649 0.7267205143436835 0.7261034130108022 0.7254863116779208 0.7248692103450394
0.7518275474266305 0.7512462894332561 0.7506650314398817 0.7500837734465073 0.749502515453133 0.7489212574597586 0.7483399994663832 0.7477587414730088 0.7471774834796344 0.7465962254862601 0.7460149674928858 0.7454337094995114 0.744852451506137 0.7442711935127626 0.7436899355193882 0.7431086775260138 0.7425093039571256 0.741890564428119 0.7412718248991124 0.7406530853701048 0.7400343458410982 0.7394156063120916 0.738796866783085 0.7381781272540784 0.7375593877250718 0.7369406481960652 0.7363219086670586 0.735703169138052 0.7350844296090454 0.7344656900800388 0.7338469505510322 0.7332282110220256 0.732609471493018 0.7319907319640114 0.7313719924350048 0.7307532529059982 0.7301345133769916 0.729515773847985 0.7288970343189785 0.7282782947899719 0.7276595552609653 0.7270408157319588 0.7264220762029522 0.7258033366739456
0.7533747409019176 0.7527885244557263 0.7522023080095349 0.7516160915633436 0.7510298751171524 0.750443658670961 0.7498574422247687 0.7492712257785773 0.748685009332386 0.7480987928861947 0.7475125764400034 0.7469263599938121 0.7463401435476207 0.7457539271014294 0.7451677106552381 0.7445814942090467 0.7439790408313406 0.7433592298064584 0.7427394187815761 0.7421196077566928 0.7414997967318107 0.7408799857069284 0.7402601746820462 0.7396403636571639 0.7390205526322817 0.7384007416073995 0.7377809305825173 0.7371611195576351 0.7365413085327528 0.7359214975078706 0.7353016864829884 0.7346818754581061 0.7340620644332229 0.7334422534083407 0.7328224423834584 0.7322026313585762 0.7315828203336939 0.7309630093088118 0.7303431982839296 0.7297233872590473 0.7291035762341651 0.7284837652092828 0.7278639541844006 0.7272441431595185
0.7552586383057126 0.7546795959464822 0.7541005535872518 0.7535215112280214 0.7529424688687909 0.7523634265095606 0.7517843841503291 0.7512053417910987 0.7506262994318682 0.7500472570726379 0.7494682147134074 0.748889172354177 0.7483101299949466 0.7477310876357162 0.7471520452764857 0.7465730029172553 0.7459740311507042 0.7453537543967924 0.7447334776428807 0.7441132008889678 0.743492924135056 0.7428726473811442 0.7422523706272324 0.7416320938733206 0.7410118171194088 0.740391540365497 0.7397712636115852 0.7391509868576734 0.7385307101037616 0.7379104333498498 0.7372901565959381 0.7366698798420263 0.7360496030881134 0.7354293263342017 0.7348090495802898 0.7341887728263781 0.7335684960724662 0.7329482193185545 0.7323279425646426 0.7317076658107309 0.731087389056819 0.7304671123029073 0.7298468355489955 0.7292265587950837
0.7571425357095076 0.7565706674372381 0.7559987991649686 0.7554269308926991 0.7548550626204296 0.75428319434816 0.7537113260758895 0.75313945780362 0.7525675895313505 0.751995721259081 0.7514238529868115 0.750851984714542 0.7502801164422724 0.7497082481700029 0.7491363798977334 0.7485645116254639 0.7479690214700678 0.7473482789871264 0.7467275365041851 0.7461067940212427 0.7454860515383014 0.74486530905536 0.7442445665724187 0.7436238240894772 0.7430030816065359 0.7423823391235945 0.7417615966406532 0.7411408541577118 0.7405201116747705 0.7398993691918291 0.7392786267088878 0.7386578842259464 0.7380371417430039 0.7374163992600626 0.7367956567771212 0.7361749142941799 0.7355541718112385 0.7349334293282972 0.7343126868453558 0.7336919443624145 0.7330712018794731 0.7324504593965318 0.7318297169135903 0.731208974430649
0.7590264331133028 0.7584617389279941 0.7578970447426855 0.7573323505573769 0.7567676563720682 0.7562029621867596 0.7556382680014501 0.7550735738161415 0.7545088796308328 0.7539441854455242 0.7533794912602156 0.752814797074907 0.7522501028895984 0.7516854087042898 0.7511207145189811 0.7505560203336725 0.7499640117894315 0.7493428035774606 0.7487215953654897 0.7481003871535177 0.7474791789415468 0.7468579707295758 0.746236762517605 0.745615554305634 0.7449943460936631 0.7443731378816921 0.7437519296697211 0.7431307214577503 0.7425095132457793 0.7418883050338084 0.7412670968218374 0.7406458886098666 0.7400246803978946 0.7394034721859236 0.7387822639739527 0.7381610557619818 0.7375398475500108 0.7369186393380399 0.7362974311260689 0.7356762229140981 0.7350550147021271 0.7344338064901562 0.7338125982781852 0.7331913900662144
0.7609103305170978 0.7603528104187501 0.7597952903204024 0.7592377702220546 0.758680250123707 0.7581227300253592 0.7575652099270106 0.7570076898286628 0.7564501697303151 0.7558926496319675 0.7553351295336197 0.754777609435272 0.7542200893369242 0.7536625692385766 0.7531050491402288 0.752547529041881 0.7519590021087952 0.7513373281677946 0.7507156542267942 0.7500939802857927 0.7494723063447921 0.7488506324037917 0.7482289584627911 0.7476072845217906 0.7469856105807902 0.7463639366397896 0.7457422626987892 0.7451205887577886 0.7444989148167881 0.7438772408757877 0.7432555669347871 0.7426338929937867 0.7420122190527851 0.7413905451117846 0.740768871170784 0.7401471972297836 0.7395255232887831 0.7389038493477826 0.7382821754067821 0.7376605014657817 0.7370388275247811 0.7364171535837806 0.7357954796427801 0.7351738057017796
0.7627942279208945 0.7622438819095076 0.7616935358981208 0.761143189886734 0.7605928438753472 0.7600424978639604 0.7594921518525727 0.7589418058411859 0.758391459829799 0.7578411138184122 0.7572907678070254 0.7567404217956386 0.7561900757842518 0.755639729772865 0.7550893837614782 0.7545390377500915 0.7539539924281606 0.7533318527581305 0.7527097130881004 0.7520875734180693 0.7514654337480392 0.7508432940780092 0.7502211544079791 0.749599014737949 0.748976875067919 0.7483547353978889 0.7477325957278589 0.7471104560578288 0.7464883163877987 0.7458661767177687 0.7452440370477386 0.7446218973777085 0.7439997577076773 0.7433776180376472 0.7427554783676172 0.7421333386975871 0.741511199027557 0.740889059357527 0.7402669196874969 0.7396447800174669 0.7390226403474368 0.7384005006774067 0.7377783610073767 0.7371562213373466
0.7646781253246896 0.7641349534002636 0.7635917814758377 0.7630486095514118 0.7625054376269859 0.76196226570256 0.7614190937781331 0.7608759218537072 0.7603327499292813 0.7597895780048555 0.7592464060804295 0.7587032341560036 0.7581600622315777 0.7576168903071517 0.7570737183827259 0.7565305464583 0.7559489827475242 0.7553263773484645 0.754703771949405 0.7540811665503442 0.7534585611512846 0.752835955752225 0.7522133503531653 0.7515907449541057 0.750968139555046 0.7503455341559864 0.7497229287569268 0.7491003233578671 0.7484777179588075 0.7478551125597479 0.7472325071606882 0.7466099017616286 0.7459872963625679 0.7453646909635082 0.7447420855644487 0.744119480165389 0.7434968747663293 0.7428742693672697 0.7422516639682101 0.7416290585691504 0.7410064531700908 0.7403838477710312 0.7397612423719715 0.7391386369729119
0.7665620227284846 0.7660260248910196 0.7654900270535545 0.7649540292160896 0.7644180313786245 0.7638820335411596 0.7633460357036936 0.7628100378662286 0.7622740400287635 0.7617380421912986 0.7612020443538335 0.7606660465163686 0.7601300486789035 0.7595940508414385 0.7590580530039736 0.7585220551665085 0.7579439730668879 0.7573209019387986 0.7566978308107094 0.7560747596826192 0.7554516885545299 0.7548286174264407 0.7542055462983516 0.7535824751702623 0.7529594040421731 0.752336332914084 0.7517132617859947 0.7510901906579055 0.7504671195298163 0.7498440484017271 0.7492209772736379 0.7485979061455487 0.7479748350174584 0.7473517638893692 0.7467286927612801 0.7461056216331908 0.7454825505051016 0.7448594793770125 0.7442364082489232 0.743613337120834 0.7429902659927448 0.7423671948646556 0.7417441237365664 0.7411210526084772
0.7684459201322796 0.7679170963817755 0.7673882726312714 0.7668594488807673 0.7663306251302632 0.7658018013797591 0.7652729776292541 0.7647441538787499 0.7642153301282458 0.7636865063777417 0.7631576826272376 0.7626288588767335 0.7621000351262294 0.7615712113757253 0.7610423876252211 0.760513563874717 0.7599389633862514 0.7593154265291326 0.758691889672014 0.758068352814894 0.7574448159577754 0.7568212791006566 0.7561977422435378 0.755574205386419 0.7549506685293003 0.7543271316721815 0.7537035948150627 0.7530800579579439 0.7524565211008252 0.7518329842437064 0.7512094473865876 0.7505859105294688 0.749962373672349 0.7493388368152302 0.7487152999581115 0.7480917631009927 0.7474682262438739 0.7468446893867551 0.7462211525296364 0.7455976156725176 0.7449740788153988 0.74435054195828 0.7437270051011613 0.7431034682440425
0.7703298175360747 0.7698081678725315 0.7692865182089882 0.768764868545445 0.7682432188819018 0.7677215692183585 0.7671999195548145 0.7666782698912713 0.7661566202277281 0.7656349705641848 0.7651133209006417 0.7645916712370985 0.7640700215735553 0.763548371910012 0.7630267222464688 0.7625050725829257 0.7619339537056151 0.7613099511194668 0.7606859485333184 0.760061945947169 0.7594379433610207 0.7588139407748723 0.7581899381887239 0.7575659356025757 0.7569419330164273 0.756317930430279 0.7556939278441306 0.7550699252579823 0.754445922671834 0.7538219200856856 0.7531979174995372 0.7525739149133889 0.7519499123272395 0.7513259097410911 0.7507019071549429 0.7500779045687945 0.7494539019826462 0.7488298993964978 0.7482058968103494 0.7475818942242012 0.7469578916380528 0.7463338890519045 0.7457098864657561 0.7450858838796078
0.7722137149398697 0.7716992393632874 0.7711847637867051 0.7706702882101228 0.7701558126335405 0.7696413370569583 0.769126861480375 0.7686123859037928 0.7680979103272104 0.7675834347506281 0.7670689591740458 0.7665544835974635 0.7660400080208812 0.7655255324442989 0.7650110568677166 0.7644965812911343 0.7639289440249788 0.7633044757098009 0.7626800073946229 0.762055539079444 0.7614310707642661 0.7608066024490882 0.7601821341339103 0.7595576658187324 0.7589331975035545 0.7583087291883766 0.7576842608731986 0.7570597925580207 0.7564353242428428 0.755810855927665 0.755186387612487 0.7545619192973091 0.7539374509821302 0.7533129826669522 0.7526885143517743 0.7520640460365964 0.7514395777214185 0.7508151094062405 0.7501906410910627 0.7495661727758848 0.7489417044607068 0.7483172361455289 0.747692767830351 0.7470682995151731
0.7740976123436664 0.773590310854045 0.7730830093644235 0.7725757078748021 0.7720684063851807 0.7715611048955594 0.7710538034059371 0.7705465019163157 0.7700392004266943 0.7695318989370729 0.7690245974474516 0.7685172959578301 0.7680099944682087 0.7675026929785873 0.7669953914889659 0.7664880899993445 0.7659239343443441 0.7652990003001366 0.7646740662559292 0.7640491322117205 0.7634241981675132 0.7627992641233057 0.7621743300790982 0.7615493960348907 0.7609244619906832 0.7602995279464757 0.7596745939022682 0.7590496598580608 0.7584247258138533 0.7577997917696458 0.7571748577254384 0.7565499236812309 0.7559249896370224 0.7553000555928149 0.7546751215486074 0.7540501875043999 0.7534252534601924 0.7528003194159849 0.7521753853717774 0.7515504513275699 0.7509255172833625 0.750300583239155 0.7496756491949476 0.7490507151507401
