Figures/CREST_Example_wjb_NSE/PETs/wjb.pet.20101104.asc
ncols            288
nrows            254
xllcorner        113.274861
yllcorner        31.4918055
cellsize         0.008333333333
NODATA_value     -9999
[rows 60 to 79 of 254, columns 88 to 131 of 288]
1.2823064745835917 1.2838327813576598 1.2853590881317278 1.2868853949057986 1.2884117016798666 1.2899380084539347 1.2914643152280028 1.2929906220020708 1.2945169287761389 1.296043235550207 1.2975695423242752 1.2990958490983433 1.3006221558724114 1.3021484626464794 1.3022795593878564 1.3009191450569175 1.2995587307259762 1.298198316395037 1.296837902064098 1.295477487733159 1.29411707340222 1.292756659071281 1.291396244740342 1.2900358304094028 1.288675416078464 1.2873150017475248 1.2859545874165859 1.2845941730856467 1.2832337587547078 1.2818733444237664 1.2805129300928275 1.2791525157618884 1.2777921014309495 1.2764316871000103 1.2750712727690714 1.2737108584381323 1.2723504441071933 1.2709900297762542 1.2696296154453153 1.2682692011143761 1.2669087867834372 1.265548372452498 1.2641879581215567 1.2628275437906178
1.2829546694985843 1.284395665993109 1.2858366624876336 1.2872776589821608 1.2887186554766856 1.2901596519712104 1.2916006484657352 1.2930416449602598 1.2944826414547845 1.2959236379493093 1.297364634443834 1.2988056309383587 1.3002466274328834 1.3016876239274082 1.3017845122980793 1.3004445186924571 1.2991045250868325 1.29776453148121 1.2964245378755876 1.2950845442699652 1.293744550664343 1.2924045570587206 1.2910645634530982 1.289724569847476 1.2883845762418535 1.2870445826362311 1.2857045890306087 1.2843645954249865 1.283024601819364 1.2816846082137394 1.280344614608117 1.2790046210024948 1.2776646273968724 1.27632463379125 1.2749846401856275 1.2736446465800053 1.2723046529743829 1.2709646593687605 1.2696246657631383 1.2682846721575158 1.2669446785518934 1.265604684946271 1.2642646913406463 1.2629246977350241
1.2836028644135768 1.2849585506285583 1.2863142368435396 1.2876699230585233 1.2890256092735046 1.2903812954884861 1.2917369817034674 1.293092667918449 1.2944483541334302 1.2958040403484115 1.297159726563393 1.2985154127783742 1.2998710989933557 1.301226785208337 1.3012894652083022 1.2999698923279965 1.2986503194476886 1.297330746567383 1.2960111736870774 1.2946916008067717 1.293372027926466 1.2920524550461603 1.2907328821658546 1.2894133092855489 1.2880937364052432 1.2867741635249375 1.2854545906446317 1.284135017764326 1.2828154448840203 1.2814958720037124 1.280176299123407 1.2788567262431012 1.2775371533627955 1.2762175804824898 1.274898007602184 1.2735784347218784 1.2722588618415727 1.270939288961267 1.2696197160809612 1.2683001432006555 1.2669805703203498 1.2656609974400443 1.2643414245597364 1.2630218516794307
1.2842510593285696 1.2855214352640076 1.2867918111994456 1.2880621871348858 1.2893325630703238 1.2906029390057618 1.2918733149411998 1.2931436908766378 1.294414066812076 1.295684442747514 1.296954818682952 1.29822519461839 1.299495570553828 1.300765946489266 1.3007944181185254 1.2994952659635364 1.2981961138085452 1.2968969616535562 1.2955978094985672 1.294298657343578 1.292999505188589 1.2917003530336 1.290401200878611 1.289102048723622 1.287802896568633 1.2865037444136438 1.2852045922586548 1.2839054401036658 1.2826062879486768 1.2813071357936856 1.2800079836386966 1.2787088314837076 1.2774096793287184 1.2761105271737294 1.2748113750187404 1.2735122228637514 1.2722130707087624 1.2709139185537734 1.2696147663987842 1.2683156142437952 1.2670164620888063 1.2657173099338173 1.264418157778826 1.263119005623837
1.2848992542435622 1.286084319899457 1.2872693855553516 1.2884544512112484 1.2896395168671428 1.2908245825230376 1.2920096481789323 1.293194713834827 1.2943797794907215 1.2955648451466162 1.296749910802511 1.2979349764584056 1.2991200421143 1.3003051077701948 1.3002993710287483 1.299020639599076 1.2977419081694015 1.296463176739729 1.2951844453100567 1.2939057138803844 1.292626982450712 1.2913482510210397 1.2900695195913672 1.288790788161695 1.2875120567320226 1.2862333253023501 1.2849545938726779 1.2836758624430054 1.282397131013333 1.2811183995836586 1.279839668153986 1.2785609367243138 1.2772822052946415 1.276003473864969 1.2747247424352968 1.2734460110056243 1.272167279575952 1.2708885481462797 1.2696098167166072 1.268331085286935 1.2670523538572627 1.2657736224275902 1.2644948909979157 1.2632161595682434
1.285547449158555 1.2866472045349062 1.2877469599112576 1.2888467152876109 1.289946470663962 1.2910462260403133 1.2921459814166647 1.293245736793016 1.2943454921693673 1.2954452475457185 1.29654500292207 1.2976447582984212 1.2987445136747726 1.2998442690511238 1.2998043239389714 1.2985460132346158 1.2972877025302578 1.2960293918259023 1.2947710811215465 1.2935127704171907 1.2922544597128351 1.2909961490084794 1.2897378383041236 1.288479527599768 1.2872212168954122 1.2859629061910565 1.284704595486701 1.2834462847823451 1.2821879740779896 1.2809296633736316 1.279671352669276 1.2784130419649202 1.2771547312605644 1.2758964205562089 1.274638109851853 1.2733797991474973 1.2721214884431418 1.270863177738786 1.2696048670344302 1.2683465563300746 1.2670882456257189 1.2658299349213633 1.2645716242170053 1.2633133135126497
1.2861956440735482 1.287210089170356 1.2882245342671639 1.2892389793639736 1.2902534244607813 1.2912678695575892 1.2922823146543971 1.293296759751205 1.294311204848013 1.2953256499448207 1.2963400950416286 1.2973545401384365 1.2983689852352445 1.2993834303320524 1.2993092768491938 1.2980713868701548 1.2968334968911137 1.2955956069120746 1.2943577169330358 1.2931198269539967 1.2918819369749577 1.2906440469959186 1.2894061570168796 1.2881682670378407 1.2869303770588016 1.2856924870797626 1.2844545971007235 1.2832167071216845 1.2819788171426456 1.2807409271636043 1.2795030371845653 1.2782651472055264 1.2770272572264874 1.2757893672474483 1.2745514772684092 1.2733135872893702 1.2720756973103313 1.2708378073312923 1.2695999173522532 1.2683620273732141 1.267124137394175 1.2658862474151362 1.264648357436095 1.263410467457056
1.2868438389885408 1.2877729738058055 1.2887021086230699 1.289631243440336 1.2905603782576005 1.2914895130748651 1.2924186478921296 1.2933477827093942 1.2942769175266586 1.2952060523439233 1.2961351871611877 1.2970643219784523 1.2979934567957168 1.2989225916129814 1.298814229759417 1.2975967605056946 1.2963792912519703 1.295161821998248 1.2939443527445256 1.2927268834908032 1.2915094142370809 1.2902919449833585 1.289074475729636 1.2878570064759136 1.2866395372221913 1.285422067968469 1.2842045987147466 1.2829871294610242 1.2817696602073019 1.2805521909535775 1.2793347216998552 1.2781172524461328 1.2768997831924103 1.275682313938688 1.2744648446849656 1.2732473754312432 1.2720299061775209 1.2708124369237985 1.2695949676700762 1.2683774984163538 1.2671600291626315 1.2659425599089091 1.2647250906551848 1.2635076214014624
1.2874920339035334 1.2883358584412545 1.2891796829789757 1.2900235075166984 1.2908673320544195 1.2917111565921406 1.292554981129862 1.2933988056675831 1.2942426302053043 1.2950864547430254 1.2959302792807466 1.2967741038184677 1.297617928356189 1.2984617528939102 1.2983191826696399 1.2971221341412342 1.2959250856128266 1.2947280370844207 1.2935309885560151 1.2923339400276095 1.2911368914992036 1.289939842970798 1.2887427944423924 1.2875457459139867 1.2863486973855809 1.2851516488571753 1.2839546003287696 1.2827575518003638 1.2815605032719581 1.2803634547435505 1.2791664062151447 1.277969357686739 1.2767723091583334 1.2755752606299278 1.274378212101522 1.2731811635731163 1.2719841150447107 1.2707870665163048 1.2695900179878992 1.2683929694594935 1.267195920931088 1.265998872402682 1.2648018238742744 1.2636047753458686
1.2881402288185262 1.288898743076704 1.289657257334882 1.2904157715930609 1.2911742858512387 1.2919328001094166 1.2926913143675944 1.2934498286257723 1.2942083428839501 1.2949668571421278 1.2957253714003056 1.2964838856584835 1.2972423999166613 1.2980009141748392 1.297824135579863 1.296647507776774 1.295470879973683 1.294294252170594 1.2931176243675049 1.291940996564416 1.2907643687613268 1.2895877409582377 1.2884111131551488 1.2872344853520596 1.2860578575489707 1.2848812297458816 1.2837046019427927 1.2825279741397035 1.2813513463366146 1.2801747185335235 1.2789980907304346 1.2778214629273454 1.2766448351242563 1.2754682073211674 1.2742915795180783 1.2731149517149893 1.2719383239119002 1.2707616961088113 1.2695850683057222 1.2684084405026332 1.267231812699544 1.2660551848964552 1.264878557093364 1.263701929290275
1.2887884237335188 1.2894616277121533 1.2901348316907877 1.2908080356694234 1.2914812396480577 1.2921544436266923 1.2928276476053266 1.2935008515839612 1.2941740555625956 1.2948472595412301 1.2955204635198645 1.296193667498499 1.2968668714771334 1.297540075455768 1.2973290884900859 1.2961728814123135 1.2950166743345393 1.2938604672567668 1.2927042601789944 1.2915480531012222 1.2903918460234498 1.2892356389456774 1.288079431867905 1.2869232247901325 1.2857670177123603 1.284610810634588 1.2834546035568155 1.282298396479043 1.281142189401271 1.2799859823234965 1.278829775245724 1.2776735681679519 1.2765173610901794 1.275361154012407 1.2742049469346346 1.2730487398568622 1.27189253277909 1.2707363257013176 1.2695801186235451 1.2684239115457727 1.2672677044680005 1.266111497390228 1.2649552903124537 1.2637990832346813
1.2894366186485116 1.2900245123476026 1.2906124060466937 1.2912002997457859 1.291788193444877 1.2923760871439682 1.2929639808430593 1.2935518745421504 1.2941397682412414 1.2947276619403325 1.2953155556394236 1.2959034493385149 1.296491343037606 1.297079236736697 1.296834041400309 1.2956982550478533 1.2945624686953958 1.2934266823429401 1.2922908959904844 1.2911551096380287 1.290019323285573 1.2888835369331173 1.2877477505806616 1.286611964228206 1.2854761778757502 1.2843403915232945 1.2832046051708388 1.282068818818383 1.2809330324659274 1.2797972461134697 1.278661459761014 1.2775256734085583 1.2763898870561026 1.2752541007036469 1.2741183143511912 1.2729825279987355 1.2718467416462798 1.270710955293824 1.2695751689413683 1.2684393825889126 1.267303596236457 1.2661678098840012 1.2650320235315435 1.2638962371790878
1.2900848135635046 1.2905873969830524 1.2910899804026001 1.2915925638221486 1.2920951472416962 1.292597730661244 1.2931003140807917 1.2936028975003393 1.294105480919887 1.2946080643394346 1.2951106477589824 1.29561323117853 1.2961158145980778 1.2966183980176254 1.2963389943105315 1.2952236286833925 1.2941082630562515 1.2929928974291125 1.2918775318019735 1.2907621661748345 1.2896468005476955 1.2885314349205566 1.2874160692934176 1.2863007036662784 1.2851853380391394 1.2840699724120004 1.2829546067848614 1.2818392411577224 1.2807238755305834 1.2796085099034424 1.2784931442763035 1.2773777786491645 1.2762624130220255 1.2751470473948863 1.2740316817677473 1.2729163161406083 1.2718009505134693 1.2706855848863303 1.2695702192591913 1.2684548536320523 1.2673394880049131 1.2662241223777742 1.2651087567506334 1.2639933911234942
1.2907330084784974 1.2911502816185019 1.2915675547585062 1.291984827898511 1.2924021010385154 1.2928193741785199 1.2932366473185242 1.2936539204585285 1.2940711935985327 1.294488466738537 1.2949057398785415 1.2953230130185458 1.29574028615855 1.2961575592985544 1.2958439472207546 1.2947490023189323 1.293654057417108 1.2925591125152858 1.2914641676134633 1.290369222711641 1.2892742778098185 1.2881793329079962 1.287084388006174 1.2859894431043515 1.2848944982025292 1.2837995533007067 1.2827046083988844 1.2816096634970622 1.2805147185952397 1.2794197736934154 1.2783248287915931 1.2772298838897709 1.2761349389879484 1.2750399940861261 1.2739450491843036 1.2728501042824814 1.271755159380659 1.2706602144788366 1.2695652695770143 1.2684703246751918 1.2673753797733696 1.2662804348715473 1.265185489969723 1.2640905450679005
1.2913812033934902 1.291713166253951 1.292045129114412 1.2923770919748736 1.2927090548353346 1.2930410176957954 1.2933729805562564 1.2937049434167174 1.2940369062771784 1.2943688691376394 1.2947008319981004 1.2950327948585614 1.2953647577190224 1.2956967205794832 1.2953489001309775 1.294274375954472 1.2931998517779644 1.2921253276014586 1.291050803424953 1.2899762792484473 1.2889017550719415 1.287827230895436 1.2867527067189302 1.2856781825424244 1.2846036583659188 1.283529134189413 1.2824546100129073 1.2813800858364017 1.280305561659896 1.2792310374833884 1.2781565133068828 1.277081989130377 1.2760074649538713 1.2749329407773657 1.27385841660086 1.2727838924243544 1.2717093682478486 1.2706348440713429 1.2695603198948373 1.2684857957183315 1.2674112715418258 1.2663367473653202 1.2652622231888127 1.2641876990123069
1.2920293983084827 1.2922760508894005 1.292522703470318 1.292769356051236 1.2930160086321536 1.2932626612130713 1.2935093137939888 1.2937559663749065 1.2940026189558242 1.2942492715367417 1.2944959241176595 1.294742576698577 1.2949892292794947 1.2952358818604122 1.2948538530412006 1.2937997495900115 1.2927456461388207 1.2916915426876319 1.2906374392364428 1.2895833357852537 1.2885292323340647 1.2874751288828756 1.2864210254316866 1.2853669219804975 1.2843128185293085 1.2832587150781194 1.2822046116269306 1.2811505081757415 1.2800964047245524 1.2790423012733616 1.2779881978221725 1.2769340943709835 1.2758799909197944 1.2748258874686054 1.2737717840174163 1.2727176805662272 1.2716635771150384 1.2706094736638494 1.2695553702126603 1.2685012667614712 1.2674471633102822 1.2663930598590931 1.2653389564079023 1.2642848529567132
1.2926775932234753 1.2928389355248495 1.293000277826224 1.2931616201275984 1.2933229624289726 1.293484304730347 1.2936456470317212 1.2938069893330955 1.2939683316344697 1.294129673935844 1.2942910162372183 1.2944523585385925 1.2946137008399667 1.2947750431413412 1.2943588059514235 1.2933251232255512 1.292291440499677 1.2912577577738047 1.2902240750479324 1.28919039232206 1.2881567095961877 1.2871230268703153 1.2860893441444428 1.2850556614185704 1.284021978692698 1.2829882959668257 1.2819546132409534 1.280920930515081 1.2798872477892087 1.2788535650633346 1.2778198823374622 1.27678619961159 1.2757525168857173 1.274718834159845 1.2736851514339727 1.2726514687081003 1.271617785982228 1.2705841032563556 1.2695504205304833 1.268516737804611 1.2674830550787386 1.266449372352866 1.265415689626992 1.2643820069011196
1.293325788138468 1.2934018201602988 1.2934778521821297 1.293553884203961 1.2936299162257918 1.2937059482476228 1.2937819802694535 1.2938580122912844 1.2939340443131153 1.2940100763349462 1.2940861083567772 1.294162140378608 1.294238172400439 1.29431420442227 1.2938637588616464 1.2928504968610908 1.2918372348605334 1.2908239728599775 1.289810710859422 1.2887974488588663 1.2877841868583104 1.2867709248577548 1.2857576628571992 1.2847444008566433 1.2837311388560877 1.282717876855532 1.2817046148549762 1.2806913528544206 1.279678090853865 1.2786648288533076 1.2776515668527517 1.276638304852196 1.2756250428516405 1.2746117808510846 1.273598518850529 1.2725852568499734 1.2715719948494175 1.270558732848862 1.2695454708483063 1.2685322088477504 1.2675189468471948 1.2665056848466392 1.2654924228460818 1.264479160845526
1.2939739830534607 1.2939647047957483 1.293955426538036 1.2939461482803234 1.293936870022611 1.2939275917648985 1.2939183135071861 1.2939090352494735 1.2938997569917612 1.2938904787340486 1.2938812004763363 1.293871922218624 1.2938626439609113 1.293853365703199 1.2933687117718695 1.2923758704966306 1.2913830292213897 1.2903901879461508 1.2893973466709117 1.2884045053956728 1.2874116641204336 1.2864188228451945 1.2854259815699556 1.2844331402947164 1.2834402990194775 1.2824474577442384 1.2814546164689995 1.2804617751937604 1.2794689339185212 1.2784760926432805 1.2774832513680416 1.2764904100928025 1.2754975688175634 1.2745047275423245 1.2735118862670853 1.2725190449918464 1.2715262037166073 1.2705333624413682 1.2695405211661293 1.2685476798908901 1.2675548386156512 1.266561997340412 1.2655691560651714 1.2645763147899323
1.294622177968454 1.294527589431198 1.2944330008939422 1.2943384123566861 1.2942438238194303 1.2941492352821744 1.2940546467449185 1.2939600582076625 1.2938654696704066 1.2937708811331508 1.293676292595895 1.293581704058639 1.2934871155213832 1.2933925269841273 1.292873664682092 1.2919012441321698 1.2909288235822456 1.2899564030323234 1.288983982482401 1.2880115619324786 1.2870391413825564 1.286066720832634 1.2850943002827115 1.2841218797327891 1.283149459182867 1.2821770386329445 1.281204618083022 1.2802321975331 1.2792597769831775 1.2782873564332535 1.2773149358833311 1.2763425153334087 1.2753700947834865 1.274397674233564 1.2734252536836417 1.2724528331337193 1.271480412583797 1.2705079920338747 1.2695355714839522 1.2685631509340298 1.2675907303841076 1.2666183098341852 1.2656458892842612 1.2646734687343388
