Figures/CREST_Example_wjb_NSE/PETs/wjb.pet.20101224.asc
ncols            288
nrows            254
xllcorner        113.274861
yllcorner        31.4918055
cellsize         0.008333333333
NODATA_value     -9999
[rows 114 to 132 of 254, columns 86 to 128 of 288]
0.46096266189455476 0.4608524631234804 0.46074226435240595 0.4606320655813316 0.46052186681025714 0.46041166803918254 0.4603014692681081 0.46019127049703373 0.4600810717259593 0.4599708729548849 0.4598606741838105 0.4597504754127361 0.4596402766416617 0.45953007787058725 0.4594198790995129 0.45930968032843844 0.4590456609468149 0.45861720385444615 0.45818874676207666 0.4577602896697079 0.4573318325773391 0.4569033754849704 0.4564749183926016 0.45604646130023285 0.4556180042078641 0.4551895471154953 0.4547610900231266 0.4543326329307578 0.45390417583838905 0.4534757187460203 0.4530472616536515 0.452618804561282 0.45219034746891323 0.4517618903765445 0.45133343328417574 0.45090497619180697 0.4504765190994382 0.4500480620070694 0.4496196049147007 0.44919114782233194 0.44876269072996317 0.4483342336375944 0.4479057765452256
0.4616082118398416 0.4614993547555179 0.4613904976711942 0.46128164058687054 0.46117278350254687 0.46106392641822297 0.4609550693338993 0.4608462122495756 0.46073735516525194 0.46062849808092826 0.4605196409966046 0.4604107839122809 0.46030192682795723 0.46019306974363355 0.4600842126593099 0.4599753555749862 0.4597037317928539 0.4592581067304141 0.4588124816679736 0.4583668566055339 0.45792123154309416 0.4574756064806544 0.45702998141821466 0.45658435635577493 0.45613873129333515 0.45569310623089543 0.4552474811684557 0.454801856106016 0.4543562310435762 0.4539106059811365 0.45346498091869675 0.45301935585625625 0.45257373079381646 0.45212810573137674 0.451682480668937 0.45123685560649723 0.4507912305440575 0.4503456054816178 0.44989998041917806 0.4494543553567383 0.44900873029429855 0.4485631052318588 0.44811748016941905
0.46225376178512834 0.46214624638755536 0.46203873098998244 0.46193121559240946 0.46182370019483654 0.4617161847972634 0.4616086693996905 0.46150115400211755 0.4613936386045446 0.46128612320697165 0.4611786078093987 0.46107109241182576 0.4609635770142528 0.46085606161667986 0.46074854621910694 0.46064103082153396 0.4603618026388928 0.45989900960638214 0.4594362165738706 0.4589734235413599 0.45851063050884916 0.4580478374763384 0.4575850444438277 0.45712225141131696 0.4566594583788063 0.45619666534629555 0.4557338723137848 0.4552710792812741 0.45480828624876335 0.4543454932162526 0.45388270018374194 0.45341990715123043 0.4529571141187197 0.45249432108620896 0.45203152805369823 0.4515687350211875 0.45110594198867676 0.4506431489561661 0.45018035592365535 0.4497175628911446 0.4492547698586339 0.44879197682612315 0.4483291837936124
0.4628993117304151 0.4627931380195929 0.46268696430877065 0.4625807905979485 0.46247461688712627 0.4623684431763039 0.46226226946548166 0.46215609575465944 0.4620499220438372 0.461943748333015 0.46183757462219277 0.4617314009113706 0.4616252272005484 0.46151905348972616 0.46141287977890394 0.4613067060680817 0.4610198734849318 0.4605399124823501 0.4600599514797676 0.45957999047718584 0.45910002947460415 0.45862006847202247 0.4581401074694408 0.45766014646685904 0.45718018546427736 0.45670022446169567 0.45622026345911393 0.45574030245653224 0.45526034145395056 0.4547803804513688 0.45430041944878713 0.4538204584462046 0.4533404974436229 0.4528605364410412 0.4523805754384595 0.4519006144358778 0.45142065343329607 0.4509406924307144 0.4504607314281327 0.44998077042555096 0.44950080942296927 0.4490208484203876 0.44854088741780584
0.4630250837740524 0.46292153548100773 0.46281798718796313 0.46271443889491853 0.46261089060187394 0.4625073423088291 0.4624037940157845 0.4623002457227399 0.46219669742969527 0.46209314913665067 0.4619896008436061 0.4618860525505615 0.4617825042575169 0.4616789559644722 0.46157540767142763 0.46147185937838303 0.4611783070120466 0.46068163599514156 0.46018496497823574 0.4596882939613307 0.4591916229444257 0.4586949519275207 0.4581982809106157 0.45770160989371067 0.4572049388768057 0.45670826785990065 0.45621159684299567 0.45571492582609063 0.45521825480918565 0.4547215837922806 0.45422491277537563 0.45372824175846976 0.4532315707415647 0.45273489972465975 0.4522382287077547 0.4517415576908497 0.4512448866739447 0.4507482156570397 0.45025154464013467 0.4497548736232297 0.44925820260632465 0.44876153158941967 0.44826486057251463
0.4625952460092377 0.46249569536150803 0.4623961447137783 0.46229659406604867 0.462197043418319 0.46209749277058915 0.4619979421228595 0.4618983914751298 0.46179884082740014 0.46169929017967043 0.4615997395319408 0.4615001888842111 0.4614006382364814 0.46130108758875177 0.46120153694102206 0.4611019862932924 0.460802659743918 0.46028976823851303 0.4597768767331072 0.45926398522770223 0.4587510937222972 0.45823820221689227 0.45772531071148725 0.4572124192060823 0.45669952770067734 0.45618663619527233 0.4556737446898674 0.4551608531844624 0.4546479616790574 0.45413507017365246 0.45362217866824744 0.4531092871628416 0.45259639565743665 0.4520835041520317 0.4515706126466267 0.4510577211412217 0.4505448296358167 0.45003193813041176 0.4495190466250068 0.4490061551196018 0.44849326361419684 0.4479803721087919 0.44746748060338687
0.46216540824442304 0.46206985524200833 0.46197430223959357 0.46187874923717886 0.4617831962347641 0.46168764323234923 0.46159209022993447 0.46149653722751977 0.461400984225105 0.46130543122269024 0.46120987822027554 0.4611143252178608 0.46101877221544607 0.4609232192130313 0.4608276662106166 0.46073211320820184 0.4604270124757895 0.45989790048188456 0.4593687884879787 0.45883967649407376 0.4583105645001688 0.45778145250626384 0.4572523405123589 0.456723228518454 0.45619411652454905 0.45566500453064407 0.45513589253673914 0.4546067805428342 0.4540776685489292 0.4535485565550243 0.45301944456111937 0.4524903325672135 0.45196122057330856 0.45143210857940363 0.45090299658549865 0.4503738845915937 0.4498447725976888 0.44931566060378386 0.4487865486098789 0.44825743661597395 0.447728324622069 0.44719921262816403 0.4466701006342591
0.4617355704796084 0.4616440151225086 0.46155245976540876 0.461460904408309 0.4613693490512092 0.4612777936941092 0.46118623833700945 0.46109468297990963 0.4610031276228098 0.46091157226571006 0.46082001690861024 0.4607284615515104 0.46063690619441067 0.46054535083731085 0.46045379548021104 0.4603622401231113 0.46005136520766093 0.459506032725256 0.4589607002428502 0.4584153677604452 0.4578700352780403 0.4573247027956354 0.4567793703132305 0.4562340378308256 0.4556887053484207 0.45514337286601575 0.45459804038361085 0.45405270790120594 0.45350737541880104 0.45296204293639614 0.45241671045399123 0.4518713779715854 0.4513260454891805 0.4507807130067755 0.4502353805243706 0.4496900480419657 0.4491447155595608 0.4485993830771559 0.448054050594751 0.4475087181123461 0.44696338562994115 0.44641805314753624 0.44587272066513134
0.4613057327147937 0.4612181750030088 0.46113061729122395 0.46104305957943914 0.46095550186765427 0.46086794415586924 0.46078038644408437 0.46069282873229955 0.4606052710205147 0.4605177133087298 0.46043015559694495 0.4603425978851601 0.4602550401733752 0.4601674824615904 0.4600799247498055 0.45999236703802066 0.4596757179395323 0.45911416496862745 0.4585526119977216 0.45799105902681675 0.45742950605591187 0.456867953085007 0.4563064001141021 0.45574484714319724 0.45518329417229236 0.4546217412013875 0.4540601882304826 0.45349863525957773 0.45293708228867285 0.452375529317768 0.4518139763468631 0.4512524233759572 0.45069087040505235 0.45012931743414747 0.4495677644632426 0.4490062114923377 0.44844465852143284 0.44788310555052796 0.4473215525796231 0.4467599996087182 0.44619844663781333 0.44563689366690845 0.4450753406960036
0.46087589494997905 0.4607923348835091 0.4607087748170392 0.4606252147505693 0.46054165468409936 0.46045809461762927 0.46037453455115934 0.4602909744846894 0.4602074144182195 0.4601238543517496 0.46004029428527965 0.4599567342188097 0.4598731741523398 0.4597896140858699 0.45970605401939996 0.45962249395293003 0.45930007067140377 0.4587222972119989 0.45814452375259307 0.4575667502931882 0.45698897683378337 0.45641120337437857 0.4558334299149737 0.45525565645556887 0.454677882996164 0.45410010953675917 0.4535223360773543 0.45294456261794946 0.4523667891585446 0.45178901569913976 0.4512112422397349 0.4506334687803291 0.45005569532092426 0.4494779218615194 0.44890014840211456 0.4483223749427097 0.44774460148330486 0.4471668280239 0.44658905456449516 0.44601128110509036 0.4454335076456855 0.44485573418628066 0.4442779607268758
0.46044605718516396 0.460366494764009 0.460286932342854 0.460207369921699 0.46012780750054405 0.4600482450793889 0.45996868265823393 0.45988912023707895 0.459809557815924 0.459729995394769 0.459650432973614 0.45957087055245904 0.45949130813130407 0.4594117457101491 0.4593321832889941 0.4592526208678391 0.45892442340327483 0.45833042945537 0.4577364355074642 0.45714244155955935 0.45654844761165453 0.4559544536637497 0.4553604597158449 0.45476646576794005 0.45417247182003523 0.4535784778721304 0.4529844839242256 0.45239048997632075 0.45179649602841593 0.4512025020805111 0.4506085081326062 0.4500145141847004 0.4494205202367956 0.44882652628889075 0.4482325323409859 0.4476385383930811 0.4470445444451763 0.44645055049727145 0.4458565565493666 0.4452625626014618 0.444668568653557 0.44407457470565215 0.4434805807577473
0.4600162194203493 0.45994065464450923 0.4598650898686692 0.45978952509282917 0.45971396031698913 0.45963839554114894 0.4595628307653089 0.4594872659894689 0.4594117012136288 0.45933613643778876 0.4592605716619487 0.4591850068861087 0.4591094421102686 0.4590338773344286 0.45895831255858854 0.4588827477827485 0.4585487761351463 0.4579385616987415 0.4573283472623356 0.4567181328259308 0.4561079183895261 0.4554977039531213 0.4548874895167165 0.4542772750803117 0.4536670606439069 0.4530568462075021 0.4524466317710973 0.4518364173346925 0.4512262028982877 0.4506159884618829 0.4500057740254781 0.4493955595890723 0.4487853451526675 0.4481751307162627 0.4475649162798579 0.4469547018434531 0.4463444874070483 0.4457342729706435 0.4451240585342387 0.4445138440978339 0.4439036296614291 0.44329341522502436 0.44268320078861956
0.45958638165553467 0.45951481452500953 0.45944324739448444 0.45937168026395936 0.4593001131334342 0.459228546002909 0.4591569788723839 0.4590854117418588 0.4590138446113337 0.45894227748080857 0.4588707103502835 0.45879914321975834 0.45872757608923326 0.4586560089587082 0.45858444182818303 0.45851287469765795 0.4581731288670178 0.457546693942113 0.4569202590172072 0.4562938240923024 0.45566738916739763 0.45504095424249286 0.4544145193175881 0.45378808439268337 0.4531616494677786 0.4525352145428738 0.45190877961796905 0.4512823446930643 0.4506559097681595 0.4500294748432548 0.44940303991835 0.4487766049934442 0.4481501700685394 0.44752373514363464 0.44689730021872986 0.4462708652938251 0.4456444303689204 0.4450179954440156 0.44439156051911083 0.44376512559420606 0.4431386906693013 0.44251225574439657 0.4418858208194918
0.45915654389071997 0.45908897440550983 0.45902140492029964 0.4589538354350895 0.4588862659498793 0.458818696464669 0.45875112697945886 0.45868355749424866 0.4586159880090385 0.4585484185238283 0.4584808490386182 0.458413279553408 0.45834571006819785 0.45827814058298766 0.4582105710977775 0.4581430016125673 0.45779748159888917 0.4571548261854844 0.4565121707720786 0.45586951535867387 0.4552268599452692 0.45458420453186443 0.4539415491184597 0.453298893705055 0.45265623829165025 0.4520135828782455 0.45137092746484075 0.45072827205143606 0.4500856166380313 0.44944296122462657 0.4488003058112219 0.448157650397816 0.44751499498441133 0.4468723395710066 0.44622968415760184 0.4455870287441971 0.4449443733307924 0.44430171791738765 0.4436590625039829 0.4430164070905782 0.44237375167717347 0.4417310962637687 0.441088440850364
0.4587267061259053 0.4586631342860101 0.45859956244611483 0.45853599060621963 0.4584724187663244 0.458408846926429 0.45834527508653383 0.4582817032466386 0.45821813140674333 0.45815455956684814 0.4580909877269529 0.45802741588705764 0.45796384404716245 0.4579002722072672 0.45783670036737195 0.45777312852747676 0.4574218343307606 0.4567629584288559 0.45610408252695006 0.4554452066250454 0.4547863307231407 0.454127454821236 0.4534685789193313 0.4528097030174266 0.4521508271155219 0.4514919512136172 0.4508330753117125 0.4501741994098078 0.44951532350790313 0.4488564476059984 0.44819757170409374 0.4475386958021879 0.4468798199002832 0.4462209439983785 0.4455620680964738 0.4449031921945691 0.4442443162926644 0.4435854403907597 0.44292656448885503 0.4422676885869503 0.44160881268504565 0.44094993678314093 0.4402910608812362
0.4582968683610906 0.4582372941665103 0.45817771997193 0.4581181457773498 0.45805857158276947 0.45799899738818906 0.45793942319360875 0.4578798489990285 0.4578202748044482 0.4577607006098679 0.4577011264152876 0.4576415522207073 0.457581978026127 0.45752240383154674 0.45746282963696644 0.45740325544238614 0.457046187062632 0.45637109067222736 0.45569599428182156 0.45502089789141686 0.4543458015010122 0.45367070511060753 0.4529956087202029 0.45232051232979825 0.45164541593939356 0.4509703195489889 0.4502952231585842 0.4496201267681796 0.4489450303777749 0.44826993398737025 0.44759483759696556 0.44691974120655975 0.4462446448161551 0.4455695484257504 0.4448944520353458 0.4442193556449411 0.44354425925453644 0.4428691628641318 0.4421940664737271 0.44151897008332247 0.4408438736929178 0.44016877730251314 0.43949368091210844
0.457867030596276 0.4578114540470106 0.45775587749774527 0.4577003009484799 0.45764472439921455 0.4575891478499491 0.45753357130068373 0.45747799475141837 0.457422418202153 0.45736684165288766 0.4573112651036223 0.45725568855435694 0.4572001120050916 0.45714453545582623 0.45708895890656087 0.4570333823572955 0.45667053979450345 0.45597922291559884 0.455287906036693 0.4545965891577884 0.4539052722788837 0.4532139553999791 0.4525226385210745 0.4518313216421699 0.4511400047632652 0.4504486878843606 0.449757371005456 0.4490660541265513 0.4483747372476467 0.4476834203687421 0.4469921034898374 0.44630078661093164 0.445609469732027 0.44491815285312236 0.44422683597421775 0.4435355190953131 0.44284420221640847 0.44215288533750385 0.44146156845859924 0.44077025157969457 0.44007893470078996 0.43938761782188535 0.4386963009429807
0.4574371928314609 0.4573856139275105 0.45733403502356007 0.45728245611960966 0.45723087721565925 0.4571792983117087 0.4571277194077583 0.4570761405038079 0.4570245615998575 0.4569729826959071 0.45692140379195667 0.45686982488800626 0.45681824598405585 0.45676666708010544 0.45671508817615497 0.45666350927220456 0.4562948925263745 0.4555873551589699 0.4548798177915641 0.45417228042415947 0.4534647430567549 0.4527572056893503 0.45204966832194565 0.45134213095454107 0.4506345935871364 0.44992705621973184 0.44921951885232725 0.4485119814849226 0.447804444117518 0.4470969067501134 0.4463893693827088 0.445681832015303 0.44497429464789834 0.44426675728049375 0.4435592199130891 0.4428516825456845 0.44214414517827993 0.4414366078108753 0.4407290704434707 0.44002153307606606 0.4393139957086615 0.43860645834125683 0.43789892097385225
0.45700735506664625 0.4569597738080108 0.4569121925493753 0.45686461129073985 0.45681703003210433 0.4567694487734688 0.4567218675148333 0.4566742862561978 0.45662670499756236 0.4565791237389269 0.45653154248029143 0.4564839612216559 0.45643637996302044 0.456388798704385 0.4563412174457495 0.45629363618711405 0.455919245258246 0.45519548740234145 0.4544717295464356 0.45374797169053105 0.4530242138346265 0.45230045597872187 0.4515766981228173 0.45085294026691275 0.45012918241100813 0.44940542455510357 0.448681666699199 0.4479579088432944 0.44723415098738983 0.4465103931314853 0.44578663527558066 0.4450628774196749 0.44433911956377026 0.4436153617078657 0.44289160385196114 0.4421678459960565 0.44144408814015196 0.4407203302842474 0.4399965724283428 0.4392728145724382 0.43854905671653366 0.43782529886062904 0.4371015410047245
