Figures/CREST_Example_wjb_NSE/PETs/wjb.pet.20091204.asc
ncols            288
nrows            254
xllcorner        113.274861
yllcorner        31.4918055
cellsize         0.008333333333
NODATA_value     -9999
[rows 171 to 189 of 254, columns 88 to 131 of 288]
0.7135746171666255 0.7118853969840535 0.7101961768014816 0.7085069566189067 0.7068177364363348 0.7051285162537628 0.7034392960711908 0.7017500758886189 0.7000608557060469 0.6983716355234749 0.696682415340903 0.694993195158331 0.6933039749757591 0.6916147547931871 0.689978396689025 0.6883985493419582 0.6868187019948886 0.6852388546478217 0.6836590073007549 0.682079159953688 0.6804993126066211 0.6789194652595543 0.6773396179124873 0.6757597705654205 0.6741799232183536 0.6726000758712867 0.6710202285242198 0.6694403811771529 0.667860533830086 0.6662806864830164 0.6647008391359496 0.6631209917888827 0.6615411444418158 0.6599612970947489 0.6583814497476821 0.6568016024006151 0.6552217550535483 0.6536419077064815 0.6520620603594145 0.6504822130123477 0.6489023656652808 0.6473225183182139 0.6457426709711442 0.6441628236240774
0.7149110323359944 0.7132123006218286 0.7115135689076628 0.7098148371934943 0.7081161054793285 0.7064173737651628 0.704718642050997 0.7030199103368312 0.7013211786226655 0.6996224469084997 0.6979237151943339 0.6962249834801683 0.6945262517660025 0.6928275200518368 0.6911783598318252 0.6895821926599353 0.6879860254880426 0.6863898583161527 0.6847936911442628 0.6831975239723729 0.681601356800483 0.680005189628593 0.6784090224567031 0.6768128552848132 0.6752166881129232 0.6736205209410333 0.6720243537691434 0.6704281865972535 0.6688320194253635 0.6672358522534709 0.665639685081581 0.6640435179096911 0.6624473507378011 0.6608511835659112 0.6592550163940213 0.6576588492221314 0.6560626820502414 0.6544665148783515 0.6528703477064616 0.6512741805345716 0.6496780133626818 0.6480818461907919 0.6464856790188992 0.6448895118470093
0.7162474475053633 0.7145392042596037 0.7128309610138442 0.7111227177680818 0.7094144745223222 0.7077062312765627 0.7059979880308032 0.7042897447850437 0.7025815015392841 0.7008732582935246 0.6991650150477651 0.6974567718020055 0.695748528556246 0.6940402853104864 0.6923783229746253 0.6907658359779124 0.6891533489811966 0.6875408619844837 0.6859283749877707 0.6843158879910578 0.6827034009943448 0.6810909139976318 0.6794784270009189 0.6778659400042059 0.676253453007493 0.6746409660107799 0.673028479014067 0.671415992017354 0.669803505020641 0.6681910180239253 0.6665785310272124 0.6649660440304994 0.6633535570337864 0.6617410700370735 0.6601285830403605 0.6585160960436476 0.6569036090469346 0.6552911220502217 0.6536786350535086 0.6520661480567957 0.6504536610600827 0.6488411740633697 0.647228687066654 0.645616200069941
0.7175838626747322 0.7158661078973789 0.7141483531200256 0.7124305983426693 0.7107128435653159 0.7089950887879627 0.7072773340106093 0.7055595792332561 0.7038418244559027 0.7021240696785493 0.7004063149011961 0.6986885601238427 0.6969708053464894 0.6952530505691361 0.6935782861174254 0.6919494792958893 0.6903206724743506 0.6886918656528146 0.6870630588312786 0.6854342520097426 0.6838054451882066 0.6821766383666706 0.6805478315451345 0.6789190247235986 0.6772902179020626 0.6756614110805266 0.6740326042589906 0.6724037974374546 0.6707749906159186 0.6691461837943797 0.6675173769728437 0.6658885701513078 0.6642597633297718 0.6626309565082358 0.6610021496866998 0.6593733428651638 0.6577445360436278 0.6561157292220917 0.6544869224005557 0.6528581155790197 0.6512293087574837 0.6496005019359478 0.647971695114409 0.646342888292873
0.7189202778441012 0.717193011535154 0.7154657452262069 0.7137384789172568 0.7120112126083098 0.7102839462993626 0.7085566799904156 0.7068294136814685 0.7051021473725213 0.7033748810635743 0.7016476147546271 0.6999203484456801 0.6981930821367329 0.6964658158277859 0.6947782492602256 0.6931331226138665 0.6914879959675047 0.6898428693211456 0.6881977426747866 0.6865526160284275 0.6849074893820685 0.6832623627357094 0.6816172360893503 0.6799721094429914 0.6783269827966323 0.6766818561502732 0.6750367295039141 0.6733916028575552 0.6717464762111961 0.6701013495648342 0.6684562229184752 0.6668110962721161 0.6651659696257571 0.6635208429793981 0.661875716333039 0.6602305896866799 0.658585463040321 0.6569403363939619 0.6552952097476028 0.6536500831012437 0.6520049564548847 0.6503598298085257 0.6487147031621638 0.6470695765158048
0.7202566930134712 0.7185199151729302 0.7167831373323893 0.7150463594918455 0.7133095816513045 0.7115728038107637 0.7098360259702228 0.7080992481296818 0.706362470289141 0.7046256924486001 0.7028889146080591 0.7011521367675183 0.6994153589269774 0.6976785810864364 0.6959782124030266 0.6943167659318445 0.6926553194606596 0.6909938729894775 0.6893324265182954 0.6876709800471132 0.6860095335759312 0.684348087104749 0.682686640633567 0.6810251941623848 0.6793637476912028 0.6777023012200207 0.6760408547488386 0.6743794082776565 0.6727179618064744 0.6710565153352894 0.6693950688641074 0.6677336223929252 0.6660721759217432 0.664410729450561 0.662749282979379 0.6610878365081968 0.6594263900370148 0.6577649435658326 0.6561034970946505 0.6544420506234684 0.6527806041522863 0.6511191576811042 0.6494577112099194 0.6477962647387372
0.7215931081828401 0.7198468188107054 0.7181005294385707 0.7163542400664331 0.7146079506942984 0.7128616613221637 0.711115371950029 0.7093690825778943 0.7076227932057596 0.705876503833625 0.7041302144614903 0.7023839250893555 0.7006376357172209 0.6988913463450862 0.6971781755458268 0.6955004092498216 0.6938226429538137 0.6921448766578085 0.6904671103618033 0.6887893440657982 0.687111577769793 0.6854338114737879 0.6837560451777828 0.6820782788817776 0.6804005125857725 0.6787227462897674 0.6770449799937622 0.6753672136977571 0.673689447401752 0.6720116811057439 0.6703339148097388 0.6686561485137337 0.6669783822177285 0.6653006159217234 0.6636228496257183 0.6619450833297131 0.6602673170337079 0.6585895507377028 0.6569117844416976 0.6552340181456925 0.6535562518496874 0.6518784855536822 0.6502007192576742 0.6485229529616691
0.7219807430464147 0.7202402974780826 0.7184998519097505 0.7167594063414156 0.7150189607730835 0.7132785152047514 0.7115380696364193 0.7097976240680872 0.7080571784997551 0.7063167329314232 0.7045762873630911 0.702835841794759 0.7010953962264269 0.6993549506580949 0.6976474800927221 0.6959752605511174 0.6943030410095097 0.6926308214679048 0.6909586019263 0.6892863823846951 0.6876141628430903 0.6859419433014854 0.6842697237598806 0.6825975042182757 0.6809252846766709 0.679253065135066 0.6775808455934612 0.6759086260518563 0.6742364065102515 0.6725641869686438 0.6708919674270389 0.6692197478854341 0.6675475283438292 0.6658753088022245 0.6642030892606196 0.6625308697190148 0.6608586501774099 0.6591864306358051 0.6575142110942003 0.6558419915525954 0.6541697720109906 0.6524975524693857 0.650825332927778 0.6491531133861732
0.7213541915674031 0.7196360036885222 0.7179178158096413 0.7161996279307574 0.7144814400518765 0.7127632521729956 0.7110450642941146 0.7093268764152337 0.7076086885363528 0.7058905006574719 0.704172312778591 0.70245412489971 0.7007359370208291 0.6990177491419483 0.6973357566560748 0.6956924578637477 0.6940491590714177 0.6924058602790905 0.6907625614867633 0.6891192626944361 0.687475963902109 0.6858326651097818 0.6841893663174546 0.6825460675251275 0.6809027687328002 0.679259469940473 0.6776161711481459 0.6759728723558187 0.6743295735634915 0.6726862747711616 0.6710429759788343 0.6693996771865072 0.66775637839418 0.6661130796018528 0.6644697808095257 0.6628264820171985 0.6611831832248714 0.6595398844325442 0.657896585640217 0.6562532868478897 0.6546099880555626 0.6529666892632354 0.6513233904709055 0.6496800916785783
0.7207276400883916 0.7190317098989618 0.7173357797095321 0.7156398495200994 0.7139439193306697 0.7122479891412399 0.7105520589518101 0.7088561287623804 0.7071601985729505 0.7054642683835208 0.703768338194091 0.7020724080046612 0.7003764778152315 0.6986805476258017 0.6970240332194276 0.6954096551763781 0.6937952771333258 0.6921808990902762 0.6905665210472267 0.6889521430041773 0.6873377649611278 0.6857233869180782 0.6841090088750287 0.6824946308319791 0.6808802527889296 0.6792658747458802 0.6776514967028306 0.6760371186597811 0.6744227406167316 0.6728083625736793 0.6711939845306298 0.6695796064875803 0.6679652284445308 0.6663508504014812 0.6647364723584317 0.6631220943153822 0.6615077162723326 0.6598933382292832 0.6582789601862337 0.6566645821431841 0.6550502041001346 0.6534358260570851 0.6518214480140329 0.6502070699709833
0.7201010886093802 0.7184274161094015 0.7167537436094229 0.7150800711094414 0.7134063986094628 0.7117327261094841 0.7100590536095055 0.7083853811095269 0.7067117086095482 0.7050380361095696 0.703364363609591 0.7016906911096124 0.7000170186096337 0.698343346109655 0.6967123097827802 0.6951268524890084 0.6935413951952338 0.691955937901462 0.6903704806076901 0.6887850233139183 0.6871995660201464 0.6856141087263746 0.6840286514326027 0.6824431941388309 0.680857736845059 0.6792722795512871 0.6776868222575153 0.6761013649637435 0.6745159076699716 0.672930450376197 0.6713449930824252 0.6697595357886533 0.6681740784948815 0.6665886212011096 0.6650031639073378 0.6634177066135659 0.6618322493197941 0.6602467920260222 0.6586613347322504 0.6570758774384785 0.6554904201447067 0.6539049628509348 0.6523195055571602 0.6507340482633884
0.7194745371303686 0.7178231223198411 0.7161717075093136 0.7145202926987833 0.7128688778882558 0.7112174630777284 0.7095660482672008 0.7079146334566734 0.7062632186461458 0.7046118038356184 0.7029603890250908 0.7013089742145634 0.6996575594040358 0.6980061445935084 0.6964005863461329 0.6948440498016387 0.6932875132571419 0.6917309767126477 0.6901744401681534 0.6886179036236593 0.6870613670791651 0.6855048305346709 0.6839482939901768 0.6823917574456825 0.6808352209011883 0.6792786843566941 0.6777221478122 0.6761656112677058 0.6746090747232116 0.6730525381787147 0.6714960016342205 0.6699394650897263 0.6683829285452322 0.666826392000738 0.6652698554562437 0.6637133189117496 0.6621567823672554 0.6606002458227612 0.659043709278267 0.6574871727337728 0.6559306361892786 0.6543740996447844 0.6528175631002876 0.6512610265557934
0.7188479856513564 0.7172188285302802 0.7155896714092038 0.7139605142881247 0.7123313571670483 0.7107022000459721 0.7090730429248957 0.7074438858038193 0.7058147286827431 0.7041855715616667 0.7025564144405904 0.700927257319514 0.6992981001984377 0.6976689430773614 0.6960888629094852 0.6945612471142687 0.6930336313190496 0.6915060155238332 0.6899783997286166 0.6884507839334001 0.6869231681381837 0.6853955523429671 0.6838679365477507 0.6823403207525341 0.6808127049573176 0.6792850891621012 0.6777574733668846 0.6762298575716681 0.6747022417764517 0.6731746259812326 0.671647010186016 0.6701193943907996 0.668591778595583 0.6670641628003665 0.6655365470051501 0.6640089312099335 0.6624813154147171 0.6609536996195006 0.659426083824284 0.6578984680290676 0.656370852233851 0.6548432364386345 0.6533156206434154 0.651788004848199
0.718221434172345 0.7166145347407197 0.7150076353090945 0.7134007358774667 0.7117938364458414 0.7101869370142162 0.708580037582591 0.7069731381509659 0.7053662387193407 0.7037593392877155 0.7021524398560903 0.7005455404244652 0.69893864099284 0.6973317415612147 0.6957771394728379 0.694278444426899 0.6927797493809577 0.6912810543350189 0.68978235928908 0.6882836642431411 0.6867849691972023 0.6852862741512635 0.6837875791053246 0.6822888840593858 0.680790189013447 0.6792914939675082 0.6777927989215693 0.6762941038756305 0.6747954088296917 0.6732967137837503 0.6717980187378114 0.6702993236918726 0.6688006286459338 0.667301933599995 0.6658032385540561 0.6643045435081173 0.6628058484621785 0.6613071534162396 0.6598084583703008 0.658309763324362 0.6568110682784232 0.6553123732324843 0.6538136781865429 0.6523149831406041
0.7175948826933334 0.7160102409511594 0.7144255992089853 0.7128409574668085 0.7112563157246345 0.7096716739824604 0.7080870322402865 0.7065023904981124 0.7049177487559384 0.7033331070137643 0.7017484652715902 0.7001638235294162 0.6985791817872421 0.6969945400450681 0.6954654160361905 0.6939956417395293 0.6925258674428657 0.6910560931462045 0.6895863188495434 0.6881165445528822 0.686646770256221 0.6851769959595598 0.6837072216628987 0.6822374473662375 0.6807676730695764 0.6792978987729152 0.6778281244762541 0.6763583501795929 0.6748885758829317 0.673418801586268 0.6719490272896068 0.6704792529929458 0.6690094786962846 0.6675397043996234 0.6660699301029622 0.664600155806301 0.6631303815096399 0.6616606072129787 0.6601908329163175 0.6587210586196564 0.6572512843229952 0.655781510026334 0.6543117357296704 0.6528419614330092
0.7169683312143219 0.715405947161599 0.7138435631088761 0.7122811790561505 0.7107187950034276 0.7091564109507047 0.7075940268979818 0.7060316428452589 0.704469258792536 0.7029068747398131 0.7013444906870901 0.6997821066343672 0.6982197225816443 0.6966573385289214 0.6951536925995432 0.6937128390521596 0.6922719855047738 0.6908311319573902 0.6893902784100067 0.6879494248626232 0.6865085713152397 0.6850677177678562 0.6836268642204727 0.6821860106730891 0.6807451571257057 0.6793043035783222 0.6778634500309387 0.6764225964835552 0.6749817429361716 0.6735408893887858 0.6721000358414022 0.6706591822940187 0.6692183287466352 0.6677774751992517 0.6663366216518682 0.6648957681044847 0.6634549145571011 0.6620140610097177 0.6605732074623342 0.6591323539149507 0.6576915003675672 0.6562506468201836 0.6548097932727978 0.6533689397254142
0.7163417797353103 0.7148016533720386 0.7132615270087668 0.7117214006454924 0.7101812742822207 0.7086411479189489 0.7071010215556771 0.7055608951924054 0.7040207688291336 0.7024806424658618 0.7009405161025901 0.6994003897393183 0.6978602633760466 0.6963201370127747 0.6948419691628959 0.69343003636479 0.6920181035666817 0.6906061707685759 0.6891942379704701 0.6877823051723643 0.6863703723742584 0.6849584395761525 0.6835465067780467 0.6821345739799409 0.680722641181835 0.6793107083837292 0.6778987755856234 0.6764868427875176 0.6750749099894117 0.6736629771913034 0.6722510443931976 0.6708391115950918 0.669427178796986 0.6680152459988801 0.6666033132007743 0.6651913804026685 0.6637794476045626 0.6623675148064567 0.6609555820083509 0.6595436492102451 0.6581317164121393 0.6567197836140334 0.6553078508159251 0.6538959180178193
0.7157152282562987 0.7141973595824782 0.7126794909086576 0.7111616222348344 0.7096437535610137 0.7081258848871931 0.7066080162133724 0.7050901475395519 0.7035722788657313 0.7020544101919106 0.70053654151809 0.6990186728442693 0.6975008041704487 0.6959829354966282 0.6945302457262484 0.6931472336774203 0.6917642216285897 0.6903812095797616 0.6889981975309334 0.6876151854821053 0.6862321734332771 0.684849161384449 0.6834661493356208 0.6820831372867926 0.6807001252379644 0.6793171131891362 0.677934101140308 0.6765510890914799 0.6751680770426517 0.6737850649938212 0.672402052944993 0.6710190408961648 0.6696360288473366 0.6682530167985086 0.6668700047496804 0.6654869927008522 0.664103980652024 0.6627209686031958 0.6613379565543677 0.6599549445055395 0.6585719324567113 0.6571889204078831 0.6558059083590526 0.6544228963102244
0.7150886767772868 0.7135930657929173 0.7120974548085478 0.7106018438241758 0.7091062328398063 0.7076106218554369 0.7061150108710674 0.704619399886698 0.7031237889023285 0.7016281779179591 0.7001325669335896 0.6986369559492202 0.6971413449648507 0.6956457339804812 0.6942185222896009 0.6928644309900505 0.6915103396904977 0.6901562483909471 0.6888021570913967 0.6874480657918461 0.6860939744922957 0.6847398831927453 0.6833857918931947 0.6820317005936443 0.6806776092940937 0.6793235179945433 0.6779694266949928 0.6766153353954423 0.6752612440958918 0.6739071527963391 0.6725530614967885 0.6711989701972381 0.6698448788976875 0.6684907875981371 0.6671366962985866 0.6657826049990361 0.6644285136994856 0.6630744223999351 0.6617203311003846 0.6603662398008342 0.6590121485012836 0.6576580572017332 0.6563039659021804 0.6549498746026299
