Figures/CREST_Example_wjb_NSE/PETs/wjb.pet.20101203.asc
ncols            288
nrows            254
xllcorner        113.274861
yllcorner        31.4918055
cellsize         0.008333333333
NODATA_value     -9999
[rows 171 to 189 of 254, columns 220 to 263 of 288]
0.8178040257624798 0.8172119402705615 0.8164971080305754 0.8156510567389313 0.8148050054472873 0.8139589541556431 0.8131129028639991 0.812266851572355 0.811420800280711 0.8105747489890668 0.8097286976974227 0.8088826464057787 0.8080365951141346 0.8071905438224904 0.806344492530845 0.8054984412392009 0.8046523899475568 0.8038063386559127 0.8029602873642686 0.8021142360726246 0.8012681847809805 0.8004221334893363 0.7995760821976923 0.7987300309060482 0.7978839796144042 0.79703792832276 0.7961918770311159 0.7953458257394704 0.7944997744478264 0.7936537231561822 0.7928076718645382 0.7919616205728941 0.7912950873355924 0.7908204629621113 0.7903458385886301 0.7898712142151489 0.7893965898416677 0.7889219654681866 0.7884473410947054 0.7879727167212243 0.7874980923477423 0.7870234679742611 -9999.0 -9999.0
0.8176575151836443 0.8170745444593422 0.8163713299941415 0.8155395722485939 0.8147078145030463 0.8138760567574987 0.8130442990119511 0.8122125412664035 0.8113807835208559 0.8105490257753083 0.8097172680297607 0.8088855102842131 0.8080537525386655 0.807221994793118 0.8063902370475688 0.8055584793020213 0.8047267215564737 0.8038949638109261 0.8030632060653785 0.802231448319831 0.8013996905742833 0.8005679328287357 0.7997361750831881 0.7989044173376405 0.798072659592093 0.7972409018465453 0.7964091441009977 0.7955773863554487 0.7947456286099011 0.7939138708643535 0.7930821131188059 0.7922503553732583 0.7915831907813808 0.791091979996652 0.7906007692119232 0.7901095584271944 0.7896183476424657 0.7891271368577369 0.7886359260730081 0.7881447152882793 0.7876535045035498 -9999.0 -9999.0 -9999.0
0.8175110046048086 0.816937148648123 0.8162455519577075 0.8154280877582565 0.8146106235588053 0.8137931593593543 0.8129756951599031 0.812158230960452 0.8113407667610009 0.8105233025615498 0.8097058383620986 0.8088883741626476 0.8080709099631964 0.8072534457637454 0.8064359815642929 0.8056185173648417 0.8048010531653906 0.8039835889659395 0.8031661247664884 0.8023486605670372 0.8015311963675862 0.800713732168135 0.799896267968684 0.7990788037692328 0.7982613395697817 0.7974438753703306 0.7966264111708795 0.795808946971427 0.7949914827719758 0.7941740185725248 0.7933565543730736 0.7925390901736225 0.7918712942271692 0.7913634970311928 0.7908556998352164 0.79034790263924 0.7898401054432637 0.7893323082472873 0.7888245110513108 -9999.0 -9999.0 -9999.0 -9999.0 -9999.0
0.8173644940259732 0.8167997528369038 0.8161197739212738 0.8153166032679191 0.8145134326145645 0.8137102619612099 0.8129070913078552 0.8121039206545007 0.811300750001146 0.8104975793477914 0.8096944086944368 0.8088912380410821 0.8080880673877275 0.8072848967343729 0.8064817260810169 0.8056785554276622 0.8048753847743076 0.804072214120953 0.8032690434675983 0.8024658728142438 0.8016627021608891 0.8008595315075344 0.8000563608541799 0.7992531902008252 0.7984500195474706 0.797646848894116 0.7968436782407613 0.7960405075874053 0.7952373369340507 0.7944341662806961 0.7936309956273414 0.7928278249739868 0.7921593976729577 0.7916350140657338 0.7911106304585097 0.7905862468512856 0.7900618632440617 0.7895374796368376 -9999.0 -9999.0 -9999.0 -9999.0 -9999.0 -9999.0
0.8172179834471376 0.8166623570256846 0.8159939958848399 0.8152051187775817 0.8144162416703236 0.8136273645630654 0.8128384874558073 0.8120496103485492 0.811260733241291 0.8104718561340328 0.8096829790267748 0.8088941019195166 0.8081052248122584 0.8073163477050003 0.8065274705977408 0.8057385934904826 0.8049497163832245 0.8041608392759664 0.8033719621687082 0.80258308506145 0.801794207954192 0.8010053308469338 0.8002164537396756 0.7994275766324175 0.7986386995251593 0.7978498224179013 0.7970609453106431 0.7962720682033836 0.7954831910961254 0.7946943139888674 0.7939054368816092 0.793116559774351 0.7924475011187462 0.7919065311002745 0.7913655610818029 0.7908245910633313 0.7902836210448596 0.789742651026388 -9999.0 -9999.0 -9999.0 -9999.0 -9999.0 -9999.0
0.8170714728683018 0.8165249612144652 0.8158682178484058 0.8150936342872442 0.8143190507260826 0.8135444671649209 0.8127698836037592 0.8119953000425976 0.811220716481436 0.8104461329202743 0.8096715493591127 0.808896965797951 0.8081223822367893 0.8073477986756278 0.8065732151144648 0.8057986315533031 0.8050240479921414 0.8042494644309798 0.8034748808698182 0.8027002973086566 0.8019257137474949 0.8011511301863332 0.8003765466251715 0.79960196306401 0.7988273795028483 0.7980527959416867 0.797278212380525 0.796503628819362 0.7957290452582004 0.7949544616970388 0.7941798781358771 0.7934052945747154 0.7927356045645348 0.7921780481348155 0.7916204917050963 0.791062935275377 0.7905053788456577 -9999.0 -9999.0 -9999.0 -9999.0 -9999.0 -9999.0 -9999.0
0.8169249622894663 0.8163875654032459 0.8157424398119719 0.8149821497969068 0.8142218597818416 0.8134615697667764 0.8127012797517112 0.8119409897366462 0.811180699721581 0.8104204097065159 0.8096601196914507 0.8088998296763855 0.8081395396613203 0.8073792496462552 0.8066189596311888 0.8058586696161236 0.8050983796010585 0.8043380895859933 0.8035777995709281 0.802817509555863 0.8020572195407978 0.8012969295257326 0.8005366395106674 0.7997763494956023 0.7990160594805371 0.7982557694654719 0.7974954794504069 0.7967351894353404 0.7959748994202752 0.79521460940521 0.7944543193901449 0.7936940293750797 0.7930237080103233 0.7924495651693564 0.7918754223283896 0.7913012794874227 -9999.0 -9999.0 -9999.0 -9999.0 -9999.0 -9999.0 -9999.0 -9999.0
0.8175375702678682 0.8170043853918034 0.8163687900092731 0.8156237154776022 0.8148786409459313 0.8141335664142604 0.8133884918825894 0.8126434173509186 0.8118983428192477 0.8111532682875767 0.8104081937559059 0.809663119224235 0.808918044692564 0.8081729701608932 0.8074278956292209 0.8066828210975501 0.8059377465658791 0.8051926720342082 0.8044475975025374 0.8037025229708664 0.8029574484391955 0.8022123739075246 0.8014672993758537 0.8007222248441828 0.7999771503125119 0.799232075780841 0.79848700124917 0.7977419267174979 0.796996852185827 0.7962517776541561 0.7955067031224852 0.7947616285908143 0.7940990543229222 0.7935246747045582 0.7929502950861942 -9999.0 -9999.0 -9999.0 -9999.0 -9999.0 -9999.0 -9999.0 -9999.0 -9999.0
0.8189616281345657 0.8184274145299659 0.8177991178796657 0.8170702443242481 0.8163413707688305 0.8156124972134128 0.8148836236579952 0.8141547501025775 0.8134258765471599 0.8126970029917422 0.8119681294363246 0.811239255880907 0.8105103823254893 0.8097815087700716 0.8090526352146528 0.8083237616592351 0.8075948881038174 0.8068660145483998 0.8061371409929822 0.8054082674375646 0.8046793938821468 0.8039505203267292 0.8032216467713116 0.802492773215894 0.8017638996604762 0.8010350261050586 0.800306152549641 0.799577278994222 0.7988484054388044 0.7981195318833868 0.7973906583279691 0.7966617847725515 0.7960159136379957 0.7954587739702571 0.7949016343025185 -9999.0 -9999.0 -9999.0 -9999.0 -9999.0 -9999.0 -9999.0 -9999.0 -9999.0
0.8203856860012634 0.8198504436681284 0.8192294457500584 0.8185167731708941 0.8178041005917297 0.8170914280125653 0.8163787554334009 0.8156660828542365 0.8149534102750721 0.8142407376959077 0.8135280651167432 0.8128153925375788 0.8121027199584145 0.8113900473792501 0.8106773748000845 0.8099647022209201 0.8092520296417557 0.8085393570625913 0.8078266844834269 0.8071140119042625 0.8064013393250982 0.8056886667459338 0.8049759941667693 0.8042633215876049 0.8035506490084405 0.8028379764292761 0.8021253038501117 0.8014126312709461 0.8006999586917817 0.7999872861126174 0.799274613533453 0.7985619409542886 0.7979327729530691 0.7973928732359559 0.7968529735188427 -9999.0 -9999.0 -9999.0 -9999.0 -9999.0 -9999.0 -9999.0 -9999.0 -9999.0
0.821809743867961 0.8212734728062908 0.8206597736204512 0.81996330201754 0.8192668304146289 0.8185703588117177 0.8178738872088066 0.8171774156058954 0.8164809440029843 0.8157844724000731 0.815088000797162 0.8143915291942508 0.8136950575913398 0.8129985859884286 0.8123021143855162 0.8116056427826052 0.810909171179694 0.8102126995767829 0.8095162279738717 0.8088197563709606 0.8081232847680494 0.8074268131651383 0.8067303415622271 0.806033869959316 0.8053373983564048 0.8046409267534937 0.8039444551505827 0.8032479835476702 0.8025515119447592 0.801855040341848 0.8011585687389369 0.8004620971360257 0.7998496322681427 0.7993269725016547 -9999.0 -9999.0 -9999.0 -9999.0 -9999.0 -9999.0 -9999.0 -9999.0 -9999.0 -9999.0
0.8232338017346587 0.8226965019444533 0.8220901014908438 0.821409830864186 0.8207295602375281 0.8200492896108702 0.8193690189842122 0.8186887483575543 0.8180084777308965 0.8173282071042386 0.8166479364775807 0.8159676658509228 0.815287395224265 0.8146071245976071 0.813926853970948 0.8132465833442901 0.8125663127176322 0.8118860420909744 0.8112057714643165 0.8105255008376586 0.8098452302110007 0.8091649595843429 0.8084846889576849 0.807804418331027 0.8071241477043691 0.8064438770777113 0.8057636064510534 0.8050833358243943 0.8044030651977364 0.8037227945710785 0.8030425239444207 0.8023622533177628 0.801766491583216 -9999.0 -9999.0 -9999.0 -9999.0 -9999.0 -9999.0 -9999.0 -9999.0 -9999.0 -9999.0 -9999.0
0.8246578596013574 0.824119531082617 0.8235204293612377 0.8228563597108332 0.8221922900604285 0.8215282204100238 0.8208641507596193 0.8202000811092146 0.81953601145881 0.8188719418084054 0.8182078721580007 0.8175438025075962 0.8168797328571915 0.816215663206787 0.8155515935563812 0.8148875239059765 0.814223454255572 0.8135593846051673 0.8128953149547627 0.8122312453043581 0.8115671756539534 0.8109031060035489 0.8102390363531442 0.8095749667027397 0.808910897052335 0.8082468274019303 0.8075827577515258 0.80691868810112 0.8062546184507153 0.8055905488003108 0.8049264791499061 0.8042624094995016 0.803683350898291 0.8031951710330539 -9999.0 -9999.0 -9999.0 -9999.0 -9999.0 -9999.0 -9999.0 -9999.0 -9999.0 -9999.0
0.826081917468055 0.8255425602207795 0.8249507572316304 0.824302888557479 0.8236550198833277 0.8230071512091763 0.822359282535025 0.8217114138608735 0.8210635451867222 0.8204156765125709 0.8197678078384195 0.8191199391642682 0.8184720704901168 0.8178242018159654 0.8171763331418129 0.8165284644676616 0.8158805957935102 0.8152327271193589 0.8145848584452076 0.8139369897710561 0.8132891210969048 0.8126412524227534 0.8119933837486021 0.8113455150744507 0.8106976464002993 0.810049777726148 0.8094019090519966 0.8087540403778442 0.8081061717036928 0.8074583030295415 0.80681043435539 0.8061625656812387 0.8056002102133646 0.8051292702987529 -9999.0 -9999.0 -9999.0 -9999.0 -9999.0 -9999.0 -9999.0 -9999.0 -9999.0 -9999.0
0.8275059753347527 0.826965589358942 0.8263810851020231 0.825749417404125 0.8251177497062269 0.8244860820083287 0.8238544143104306 0.8232227466125326 0.8225910789146345 0.8219594112167363 0.8213277435188382 0.8206960758209401 0.820064408123042 0.8194327404251439 0.8188010727272447 0.8181694050293465 0.8175377373314485 0.8169060696335504 0.8162744019356523 0.8156427342377541 0.815011066539856 0.814379398841958 0.8137477311440598 0.8131160634461617 0.8124843957482636 0.8118527280503655 0.8112210603524674 0.8105893926545682 0.8099577249566701 0.8093260572587719 0.8086943895608739 0.8080627218629758 0.8075170695284379 0.8070633695644517 -9999.0 -9999.0 -9999.0 -9999.0 -9999.0 -9999.0 -9999.0 -9999.0 -9999.0 -9999.0
0.8289300332014502 0.8283886184971044 0.8278114129724158 0.8271959462507709 0.826580479529126 0.8259650128074812 0.8253495460858363 0.8247340793641915 0.8241186126425466 0.8235031459209018 0.8228876791992569 0.8222722124776121 0.8216567457559673 0.8210412790343223 0.8204258123126764 0.8198103455910316 0.8191948788693867 0.8185794121477419 0.8179639454260971 0.8173484787044522 0.8167330119828073 0.8161175452611624 0.8155020785395176 0.8148866118178727 0.8142711450962279 0.8136556783745831 0.8130402116529382 0.8124247449312922 0.8118092782096474 0.8111938114880025 0.8105783447663577 0.8099628780447129 -9999.0 -9999.0 -9999.0 -9999.0 -9999.0 -9999.0 -9999.0 -9999.0 -9999.0 -9999.0 -9999.0 -9999.0
0.8303540910681478 0.8298116476352669 0.8292417408428084 0.8286424750974168 0.8280432093520252 0.8274439436066336 0.826844677861242 0.8262454121158505 0.8256461463704589 0.8250468806250673 0.8244476148796757 0.8238483491342841 0.8232490833888925 0.8226498176435009 0.8220505518981083 0.8214512861527167 0.8208520204073251 0.8202527546619335 0.8196534889165419 0.8190542231711503 0.8184549574257587 0.8178556916803671 0.8172564259349755 0.8166571601895838 0.8160578944441922 0.8154586286988006 0.814859362953409 0.8142600972080164 0.8136608314626248 0.8130615657172332 0.8124622999718416 -9999.0 -9999.0 -9999.0 -9999.0 -9999.0 -9999.0 -9999.0 -9999.0 -9999.0 -9999.0 -9999.0 -9999.0 -9999.0
0.8317781489348455 0.8312346767734294 0.8306720687132011 0.8300890039440628 0.8295059391749244 0.828922874405786 0.8283398096366478 0.8277567448675094 0.827173680098371 0.8265906153292327 0.8260075505600943 0.825424485790956 0.8248414210218177 0.8242583562526793 0.82367529148354 0.8230922267144016 0.8225091619452632 0.821926097176125 0.8213430324069866 0.8207599676378482 0.8201769028687099 0.8195938380995715 0.8190107733304333 0.8184277085612949 0.8178446437921565 0.8172615790230182 0.8166785142538798 0.8160954494847404 0.8155123847156022 0.8149293199464638 0.8143462551773254 -9999.0 -9999.0 -9999.0 -9999.0 -9999.0 -9999.0 -9999.0 -9999.0 -9999.0 -9999.0 -9999.0 -9999.0 -9999.0
0.8332022068015443 0.8326577059115932 0.832102396583595 0.8315355327907099 0.8309686689978248 0.8304018052049398 0.8298349414120547 0.8292680776191697 0.8287012138262846 0.8281343500333995 0.8275674862405143 0.8270006224476293 0.8264337586547442 0.8258668948618592 0.8253000310689731 0.824733167276088 0.824166303483203 0.8235994396903179 0.8230325758974328 0.8224657121045478 0.8218988483116626 0.8213319845187775 0.8207651207258925 0.8201982569330074 0.8196313931401223 0.8190645293472373 0.8184976655543522 0.8179308017614662 0.8173639379685811 0.816797074175696 0.816230210382811 -9999.0 -9999.0 -9999.0 -9999.0 -9999.0 -9999.0 -9999.0 -9999.0 -9999.0 -9999.0 -9999.0 -9999.0 -9999.0
