Figures/CREST_Example_wjb_NSE/PETs/wjb.pet.20100123.asc
ncols            288
nrows            254
xllcorner        113.274861
yllcorner        31.4918055
cellsize         0.008333333333
NODATA_value     -9999
[rows 60 to 79 of 254, columns 0 to 43 of 288]
-9999.0 -9999.0 -9999.0 -9999.0 -9999.0 -9999.0 -9999.0 -9999.0 -9999.0 -9999.0 -9999.0 0.7327615593044061 0.7333504506308853 0.7334678259099807 0.733585201189076 0.7337025764681712 0.7338199517472664 0.7339373270263617 0.7340547023054569 0.7341720775845522 0.7342894528636473 0.7344068281427426 0.7345242034218379 0.734641578700933 0.7347589539800283 0.7348763292591235 0.734993704538219 0.7351110798173143 0.7352284550964094 0.7353458303755047 0.7354632056545999 0.7355805809336952 0.7356979562127904 0.7358153314918856 0.7359327067709809 0.736050082050076 0.7361674573291713 0.7362848326082666 0.7364022078873618 0.7365195831664573 0.7366369584455524 0.7367543337246477 0.7371470716590413 0.7378341784953977
-9999.0 -9999.0 -9999.0 -9999.0 -9999.0 -9999.0 -9999.0 -9999.0 -9999.0 0.7307326137087455 0.7317207477065669 0.7327088817043882 0.7333016999447622 0.7334719167079546 0.7336421334711468 0.733812350234339 0.7339825669975312 0.7341527837607233 0.7343230005239155 0.7344932172871077 0.7346634340502999 0.7348336508134921 0.7350038675766842 0.7351740843398764 0.7353443011030686 0.7355145178662608 0.7356847346294533 0.7358549513926455 0.7360251681558376 0.7361953849190298 0.736365601682222 0.7365358184454142 0.7367060352086062 0.7368762519717984 0.7370464687349906 0.7372166854981828 0.7373869022613749 0.7375571190245671 0.7377273357877593 0.7378975525509518 0.738067769314144 0.7382379860773362 0.7386504785812791 0.7393219693277389
-9999.0 -9999.0 -9999.0 -9999.0 -9999.0 -9999.0 -9999.0 -9999.0 -9999.0 0.7307635949774797 0.731709899540925 0.7326562041043705 0.7332529492586393 0.7334760075059288 0.7336990657532179 0.7339221240005069 0.734145182247796 0.7343682404950852 0.7345912987423743 0.7348143569896634 0.7350374152369525 0.7352604734842416 0.7354835317315307 0.7357065899788199 0.735929648226109 0.736152706473398 0.7363757647206876 0.7365988229679766 0.7368218812152658 0.7370449394625549 0.737267997709844 0.737491055957133 0.7377141142044222 0.7379371724517113 0.7381602306990004 0.7383832889462896 0.7386063471935786 0.7388294054408677 0.7390524636881569 0.7392755219354463 0.7394985801827355 0.7397216384300246 0.7401538855035169 0.74080976016008
-9999.0 -9999.0 -9999.0 -9999.0 -9999.0 -9999.0 -9999.0 -9999.0 -9999.0 0.7307945762462138 0.7316990513752832 0.7326035265043527 0.7332041985725163 0.7334800983039028 0.7337559980352888 0.7340318977666749 0.734307797498061 0.7345836972294469 0.734859596960833 0.735135496692219 0.7354113964236051 0.7356872961549912 0.7359631958863772 0.7362390956177632 0.7365149953491493 0.7367908950805353 0.7370667948119218 0.7373426945433079 0.7376185942746939 0.73789449400608 0.7381703937374661 0.738446293468852 0.7387221932002381 0.7389980929316242 0.7392739926630102 0.7395498923943963 0.7398257921257824 0.7401016918571683 0.7403775915885544 0.740653491319941 0.7409293910513269 0.741205290782713 0.7416572924257546 0.7422975509924212
-9999.0 -9999.0 -9999.0 -9999.0 -9999.0 -9999.0 -9999.0 -9999.0 0.7299629118202544 0.7308255575149478 0.7316882032096413 0.7325508489043348 0.7331554478863932 0.7334841891018767 0.7338129303173597 0.7341416715328427 0.7344704127483257 0.7347991539638087 0.7351278951792917 0.7354566363947747 0.7357853776102576 0.7361141188257406 0.7364428600412236 0.7367716012567066 0.7371003424721896 0.7374290836876726 0.7377578249031561 0.7380865661186391 0.7384153073341221 0.7387440485496051 0.7390727897650881 0.739401530980571 0.739730272196054 0.740059013411537 0.74038775462702 0.740716495842503 0.741045237057986 0.741373978273469 0.741702719488952 0.7420314607044355 0.7423602019199185 0.7426889431354015 0.7431606993479924 0.7437853418247624
-9999.0 -9999.0 -9999.0 -9999.0 -9999.0 -9999.0 -9999.0 -9999.0 0.7300357225233645 0.730856538783682 0.7316773550439994 0.732498171304317 0.7331066972002702 0.7334882798998508 0.7338698625994307 0.7342514452990107 0.7346330279985905 0.7350146106981704 0.7353961933977504 0.7357777760973303 0.7361593587969102 0.7365409414964902 0.7369225241960701 0.73730410689565 0.73768568959523 0.7380672722948098 0.7384488549943904 0.7388304376939704 0.7392120203935503 0.7395936030931302 0.7399751857927102 0.74035676849229 0.7407383511918699 0.7411199338914499 0.7415015165910298 0.7418830992906097 0.7422646819901897 0.7426462646897696 0.7430278473893495 0.74340943008893 0.74379101278851 0.7441725954880899 0.7446641062702303 0.7452731326571035
-9999.0 -9999.0 -9999.0 -9999.0 -9999.0 -9999.0 -9999.0 -9999.0 0.7301085332264745 0.7308875200524161 0.7316665068783577 0.7324454937042991 0.7330579465141471 0.7334923706978248 0.7339267948815017 0.7343612190651786 0.7347956432488555 0.7352300674325324 0.7356644916162093 0.7360989157998862 0.7365333399835631 0.73696776416724 0.7374021883509169 0.7378366125345938 0.7382710367182707 0.7387054609019477 0.7391398850856252 0.7395743092693021 0.740008733452979 0.7404431576366559 0.7408775818203329 0.7413120060040098 0.7417464301876867 0.7421808543713636 0.7426152785550405 0.7430497027387174 0.7434841269223943 0.7439185511060712 0.7443529752897481 0.7447873994734258 0.7452218236571027 0.7456562478407796 0.7461675131924693 0.7467609234894459
-9999.0 -9999.0 -9999.0 -9999.0 -9999.0 -9999.0 -9999.0 -9999.0 0.7301813439295847 0.7309185013211502 0.7316556587127158 0.7323928161042813 0.7330091958280242 0.7334964614957988 0.7339837271635726 0.7344709928313465 0.7349582584991203 0.7354455241668941 0.735932789834668 0.7364200555024418 0.7369073211702157 0.7373945868379895 0.7378818525057633 0.7383691181735372 0.738856383841311 0.7393436495090849 0.7398309151768596 0.7403181808446334 0.7408054465124072 0.7412927121801811 0.7417799778479549 0.7422672435157288 0.7427545091835026 0.7432417748512764 0.7437290405190503 0.7442163061868241 0.744703571854598 0.7451908375223718 0.7456781031901456 0.7461653688579203 0.7466526345256942 0.747139900193468 0.7476709201147071 0.7482487143217871
-9999.0 -9999.0 -9999.0 -9999.0 -9999.0 -9999.0 -9999.0 0.7295588266755052 0.7302541546326947 0.7309494825898843 0.731644810547074 0.7323401385042636 0.7329604451419012 0.7335005522937729 0.7340406594456437 0.7345807665975144 0.7351208737493852 0.735660980901256 0.7362010880531268 0.7367411952049975 0.7372813023568683 0.7378214095087391 0.7383615166606099 0.7389016238124806 0.7394417309643514 0.7399818381162222 0.7405219452680939 0.7410620524199647 0.7416021595718354 0.7421422667237062 0.742682373875577 0.7432224810274477 0.7437625881793185 0.7443026953311893 0.7448428024830601 0.7453829096349308 0.7459230167868016 0.7464631239386724 0.7470032310905432 0.7475433382424149 0.7480834453942856 0.7486235525461564 0.749174327036945 0.7497365051541283
-9999.0 -9999.0 -9999.0 -9999.0 -9999.0 -9999.0 -9999.0 0.7296734668129911 0.7303269653358048 0.7309804638586184 0.7316339623814321 0.7322874609042457 0.7329116944557781 0.7335046430917468 0.7340975917277145 0.7346905403636822 0.7352834889996499 0.7358764376356177 0.7364693862715854 0.7370623349075531 0.7376552835435208 0.7382482321794885 0.7388411808154562 0.739434129451424 0.7400270780873917 0.7406200267233594 0.7412129753593282 0.7418059239952959 0.7423988726312636 0.7429918212672313 0.743584769903199 0.7441777185391667 0.7447706671751344 0.7453636158111021 0.7459565644470698 0.7465495130830375 0.7471424617190053 0.747735410354973 0.7483283589909407 0.7489213076269094 0.7495142562628772 0.7501072048988449 0.7506777339591828 0.7512242959864694
-9999.0 -9999.0 -9999.0 -9999.0 -9999.0 -9999.0 -9999.0 0.7297881069504771 0.7303997760389148 0.7310114451273525 0.7316231142157902 0.7322347833042279 0.7328629437696551 0.7335087338897208 0.7341545240097855 0.7348003141298501 0.7354461042499149 0.7360918943699795 0.7367376844900441 0.7373834746101088 0.7380292647301734 0.7386750548502381 0.7393208449703027 0.7399666350903674 0.740612425210432 0.7412582153304966 0.7419040054505625 0.7425497955706271 0.7431955856906918 0.7438413758107564 0.7444871659308211 0.7451329560508857 0.7457787461709503 0.746424536291015 0.7470703264110796 0.7477161165311443 0.7483619066512089 0.7490076967712737 0.7496534868913383 0.750299277011404 0.7509450671314687 0.7515908572515333 0.7521811408814206 0.7527120868188106
-9999.0 -9999.0 -9999.0 -9999.0 -9999.0 -9999.0 0.7293329074339014 0.7299027470879632 0.730472586742025 0.7310424263960866 0.7316122660501484 0.73218210570421 0.7328141930835321 0.7335128246876949 0.7342114562918565 0.7349100878960181 0.7356087195001797 0.7363073511043412 0.7370059827085028 0.7377046143126644 0.7384032459168259 0.7391018775209875 0.7398005091251492 0.7404991407293108 0.7411977723334723 0.7418964039376339 0.7425950355417967 0.7432936671459582 0.7439922987501199 0.7446909303542815 0.745389561958443 0.7460881935626046 0.7467868251667662 0.7474854567709278 0.7481840883750893 0.7488827199792509 0.7495813515834125 0.7502799831875742 0.7509786147917357 0.7516772463958985 0.7523758780000601 0.7530745096042216 0.7536845478036583 0.7541998776511517
-9999.0 -9999.0 -9999.0 -9999.0 -9999.0 -9999.0 -9999.0 0.7300173872254493 0.730545397445135 0.7310734076648208 0.7316014178845065 0.7321294281041922 0.732765442397409 0.7335169154856689 0.7342683885739275 0.735019861662186 0.7357713347504446 0.7365228078387032 0.7372742809269618 0.7380257540152203 0.7387772271034789 0.7395287001917374 0.7402801732799961 0.7410316463682546 0.7417831194565132 0.7425345925447717 0.7432860656330316 0.7440375387212902 0.7447890118095487 0.7455404848978073 0.7462919579860658 0.7470434310743245 0.747794904162583 0.7485463772508416 0.7492978503391001 0.7500493234273587 0.7508007965156173 0.7515522696038759 0.7523037426921344 0.7530552157803942 0.7538066888686529 0.7545581619569114 0.7551879547258975 0.7556876684834942
-9999.0 -9999.0 -9999.0 -9999.0 -9999.0 -9999.0 -9999.0 -9999.0 0.7306182081482451 0.7311043889335548 0.7315905697188646 0.7320767505041743 0.732716691711286 0.7335210062836428 0.7343253208559983 0.7351296354283539 0.7359339500007094 0.7367382645730649 0.7375425791454204 0.7383468937177758 0.7391512082901314 0.7399555228624869 0.7407598374348424 0.7415641520071979 0.7423684665795535 0.743172781151909 0.7439770957242658 0.7447814102966214 0.7455857248689769 0.7463900394413323 0.7471943540136878 0.7479986685860434 0.7488029831583989 0.7496072977307544 0.7504116123031099 0.7512159268754655 0.752020241447821 0.7528245560201764 0.7536288705925319 0.7544331851648888 0.7552374997372443 0.7560418143095998 0.7566913616481352 0.7571754593158353
-9999.0 -9999.0 -9999.0 -9999.0 -9999.0 -9999.0 -9999.0 -9999.0 -9999.0 0.7311353702022889 0.7315797215532227 0.7320240729041566 0.732667941025163 0.7335250970816168 0.7343822531380694 0.7352394091945218 0.7360965652509742 0.7369537213074266 0.7378108773638791 0.7386680334203316 0.739525189476784 0.7403823455332365 0.7412395015896889 0.7420966576461413 0.7429538137025938 0.7438109697590463 0.7446681258155001 0.7455252818719525 0.7463824379284051 0.7472395939848575 0.7480967500413099 0.7489539060977624 0.7498110621542148 0.7506682182106672 0.7515253742671197 0.7523825303235722 0.7532396863800246 0.754096842436477 0.7549539984929294 0.7558111545493834 0.7566683106058358 0.7575254666622883 0.758194768570373 0.7586632501481765
-9999.0 -9999.0 -9999.0 -9999.0 -9999.0 -9999.0 -9999.0 -9999.0 -9999.0 -9999.0 0.7315688733875809 0.7319713953041388 0.73261919033904 0.7335291878795909 0.7344391854201403 0.7353491829606896 0.7362591805012391 0.7371691780417884 0.7380791755823378 0.7389891731228871 0.7398991706634366 0.7408091682039859 0.7417191657445353 0.7426291632850847 0.7435391608256341 0.7444491583661834 0.7453591559067344 0.7462691534472837 0.7471791509878332 0.7480891485283825 0.7489991460689319 0.7499091436094812 0.7508191411500307 0.75172913869058 0.7526391362311294 0.7535491337716788 0.7544591313122282 0.7553691288527775 0.756279126393327 0.7571891239338778 0.7580991214744273 0.7590091190149766 0.7596981754926108 0.7601510409805176
-9999.0 -9999.0 -9999.0 -9999.0 -9999.0 -9999.0 -9999.0 -9999.0 -9999.0 -9999.0 -9999.0 0.7319187177041209 0.7325704396529169 0.7335332786775649 0.7344961177022112 0.7354589567268575 0.7364217957515038 0.7373846347761501 0.7383474738007965 0.7393103128254428 0.7402731518500891 0.7412359908747355 0.7421988298993817 0.743161668924028 0.7441245079486744 0.7450873469733207 0.7460501859979687 0.747013025022615 0.7479758640472612 0.7489387030719076 0.7499015420965539 0.7508643811212002 0.7518272201458466 0.7527900591704929 0.7537528981951392 0.7547157372197855 0.7556785762444318 0.7566414152690781 0.7576042542937245 0.7585670933183725 0.7595299323430187 0.760492771367665 0.7612015824148486 0.7616388318128587
-9999.0 -9999.0 -9999.0 -9999.0 -9999.0 -9999.0 -9999.0 -9999.0 -9999.0 -9999.0 -9999.0 0.731866040104103 0.7325216889667939 0.7335373694755389 0.7345530499842822 0.7355687304930254 0.7365844110017686 0.737600091510512 0.7386157720192552 0.7396314525279984 0.7406471330367417 0.7416628135454849 0.7426784940542283 0.7436941745629715 0.7447098550717147 0.745725535580458 0.746741216089203 0.7477568965979462 0.7487725771066894 0.7497882576154327 0.750803938124176 0.7518196186329192 0.7528352991416625 0.7538509796504057 0.7548666601591489 0.7558823406678923 0.7568980211766355 0.7579137016853787 0.758929382194122 0.759945062702867 0.7609607432116102 0.7619764237203535 0.7627049893370864 0.7631266226451999
-9999.0 -9999.0 -9999.0 -9999.0 -9999.0 -9999.0 -9999.0 -9999.0 -9999.0 -9999.0 -9999.0 0.7318133625040854 0.732472938280671 0.733541460273513 0.7346099822663531 0.7356785042591933 0.7367470262520336 0.7378155482448737 0.738884070237714 0.7399525922305541 0.7410211142233943 0.7420896362162345 0.7431581582090747 0.7442266802019148 0.7452952021947551 0.7463637241875952 0.7474322461804372 0.7485007681732775 0.7495692901661176 0.7506378121589579 0.751706334151798 0.7527748561446382 0.7538433781374784 0.7549119001303186 0.7559804221231587 0.757048944115999 0.7581174661088391 0.7591859881016794 0.7602545100945195 0.7613230320873615 0.7623915540802018 0.7634600760730419 0.7642083962593242 0.7646144134775411
-9999.0 -9999.0 -9999.0 -9999.0 -9999.0 -9999.0 -9999.0 -9999.0 -9999.0 -9999.0 -9999.0 -9999.0 0.7324241875945479 0.733545551071487 0.7346669145484241 0.7357882780253613 0.7369096415022984 0.7380310049792357 0.7391523684561728 0.74027373193311 0.7413950954100471 0.7425164588869844 0.7436378223639215 0.7447591858408587 0.7458805493177958 0.747001912794733 0.7481232762716721 0.7492446397486092 0.7503660032255465 0.7514873667024836 0.7526087301794208 0.753730093656358 0.7548514571332952 0.7559728206102323 0.7570941840871694 0.7582155475641067 0.7593369110410438 0.760458274517981 0.7615796379949181 0.7627010014718573 0.7638223649487944 0.7649437284257316 0.7657118031815633 0.7661022043098835
