Figures/CREST_Example_wjb_NSE/PETs/wjb.pet.20090523.asc
ncols            288
nrows            254
xllcorner        113.274861
yllcorner        31.4918055
cellsize         0.008333333333
NODATA_value     -9999
[rows 140 to 159 of 254, columns 44 to 87 of 288]
2.9879943994551654 2.983559290252348 2.9791241810495306 2.9746890718467127 2.9702539626438953 2.9658188534410774 2.96138374423826 2.9569486350354426 2.952513525832617 2.9480784166297997 2.9436433074269823 2.9392081982241645 2.934773089021347 2.9303379798185296 2.9259028706157117 2.9214677614128943 2.917032652210077 2.912597543007259 2.9081624338044416 2.903727324601624 2.8992922153988063 2.8948571061959814 2.890421996993164 2.885986887790346 2.8815517785875286 2.8771166693847112 2.8726815601818934 2.868246450979076 2.863439139665211 2.8582339358806137 2.8530287320960164 2.847823528311419 2.842618324526822 2.837413120742225 2.8322079169576186 2.8270027131730213 2.821797509388424 2.816592305603827 2.81138710181923 2.8061818980346325 2.800976694250035 2.7957714904654383 2.790566286680841 2.7853610828962436
2.9765689433788025 2.972109279502014 2.9676496156252252 2.963189951748437 2.958730287871648 2.9542706239948595 2.949810960118071 2.9453512962412822 2.9408916323644863 2.936431968487698 2.931972304610909 2.9275126407341205 2.923052976857332 2.9185933129805433 2.914133649103755 2.909673985226966 2.9052143213501775 2.900754657473389 2.8962949935966003 2.891835329719812 2.8873756658430234 2.882916001966227 2.8784563380894386 2.8739966742126497 2.8695370103358613 2.865077346459073 2.860617682582284 2.8561580187054956 2.85130607056943 2.8460347616921964 2.840763452814963 2.835492143937729 2.8302208350604956 2.824949526183262 2.8196782173060195 2.814406908428786 2.8091355995515523 2.8038642906743187 2.798592981797085 2.7933216729198516 2.788050364042618 2.7827790551653844 2.777507746288151 2.772236437410917
2.96514348730244 2.96065926875168 2.9561750502009208 2.951690831650161 2.9472066130994015 2.942722394548642 2.938238175997882 2.9337539574471228 2.9292697388963553 2.924785520345596 2.920301301794836 2.9158170832440766 2.9113328646933168 2.9068486461425573 2.902364427591798 2.897880209041038 2.8933959904902786 2.8889117719395188 2.8844275533887593 2.879943334838 2.87545911628724 2.870974897736473 2.866490679185713 2.862006460634954 2.857522242084194 2.8530380235334345 2.848553804982675 2.844069586431915 2.839173001473649 2.833835587503779 2.828498173533909 2.823160759564039 2.817823345594169 2.812485931624299 2.80714851765442 2.80181110368455 2.7964736897146802 2.79113627574481 2.78579886177494 2.78046144780507 2.7751240338352003 2.7697866198653305 2.76444920589546 2.7591117919255903
2.9537180312260767 2.9492092580013463 2.9447004847766154 2.940191711551885 2.9356829383271545 2.9311741651024237 2.9266653918776933 2.9221566186529624 2.9176478454282244 2.9131390722034936 2.908630298978763 2.9041215257540323 2.899612752529302 2.8951039793045714 2.8905952060798406 2.88608643285511 2.8815776596303793 2.877068886405649 2.872560113180918 2.8680513399561876 2.863542566731457 2.8590337935067187 2.854525020281988 2.8500162470572574 2.845507473832527 2.840998700607796 2.8364899273830657 2.831981154158335 2.827039932377868 2.8216364133153617 2.816232894252855 2.810829375190349 2.8054258561278425 2.8000223370653363 2.794618818002821 2.7892152989403143 2.783811779877808 2.7784082608153016 2.7730047417527954 2.767601222690289 2.7621977036277827 2.7567941845652766 2.75139066550277 2.745987146440264
2.9422925751497044 2.9377592472510026 2.933225919352301 2.9286925914535993 2.924159263554898 2.919625935656196 2.9150926077574946 2.9105592798587927 2.9060259519600833 2.901492624061382 2.89695929616268 2.8924259682639786 2.8878926403652767 2.8833593124665753 2.8788259845678734 2.874292656669172 2.86975932877047 2.8652260008717687 2.860692672973067 2.8561593450743654 2.8516260171756636 2.8470926892769546 2.8425593613782527 2.838026033479551 2.8334927055808494 2.828959377682148 2.824426049783446 2.8198927218847443 2.8149068632820766 2.809437239126934 2.8039676149717914 2.7984979908166485 2.7930283666615057 2.787558742506363 2.7820891183512106 2.7766194941960682 2.7711498700409254 2.7656802458857825 2.7602106217306397 2.754740997575497 2.7492713734203544 2.7438017492652116 2.7383321251100687 2.732862500954926
2.9308671190733415 2.9263092365006687 2.921751353927996 2.9171934713553234 2.9126355887826505 2.908077706209978 2.903519823637305 2.898961941064633 2.8944040584919524 2.8898461759192795 2.885288293346607 2.880730410773934 2.876172528201262 2.871614645628589 2.8670567630559165 2.8624988804832436 2.857940997910571 2.8533831153378983 2.848825232765226 2.844267350192553 2.8397094676198806 2.8351515850472 2.8305937024745274 2.826035819901855 2.821477937329182 2.8169200547565096 2.8123621721838368 2.8078042896111644 2.802773794186296 2.797238064938517 2.791702335690738 2.786166606442958 2.780630877195179 2.7750951479474 2.7695594186996115 2.7640236894518324 2.7584879602040533 2.752952230956274 2.747416501708495 2.741880772460716 2.736345043212937 2.7308093139651577 2.7252735847173786 2.7197378554695995
2.9194416629969786 2.914859225750335 2.9102767885036913 2.9056943512570474 2.901111914010404 2.89652947676376 2.8919470395171167 2.887364602270473 2.8827821650238215 2.8781997277771776 2.873617290530534 2.8690348532838903 2.864452416037247 2.859869978790603 2.8552875415439596 2.8507051042973157 2.8461226670506723 2.8415402298040284 2.8369577925573846 2.832375355310741 2.8277929180640973 2.823210480817446 2.8186280435708024 2.8140456063241586 2.8094631690775147 2.8048807318308713 2.8002982945842274 2.795715857337584 2.790640725090515 2.785038890750099 2.7794370564096837 2.7738352220692684 2.768233387728853 2.762631553388437 2.757029719048012 2.7514278847075966 2.745826050367181 2.740224216026766 2.73462238168635 2.7290205473459346 2.723418713005519 2.7178168786651034 2.712215044324688 2.7066132099842726
2.9080162069206157 2.903409215000001 2.8988022230793864 2.8941952311587715 2.889588239238157 2.8849812473175422 2.8803742553969274 2.875767263476313 2.8711602715556905 2.8665532796350757 2.861946287714461 2.8573392957938464 2.8527323038732315 2.848125311952617 2.8435183200320022 2.838911328111388 2.834304336190773 2.829697344270158 2.8250903523495436 2.8204833604289288 2.8158763685083144 2.8112693765876915 2.806662384667077 2.802055392746462 2.797448400825848 2.792841408905233 2.7882344169846185 2.7836274250640036 2.778507655994734 2.772839716561682 2.76717177712863 2.761503837695578 2.7558358982625264 2.7501679588294743 2.744500019396413 2.7388320799633608 2.733164140530309 2.727496201097257 2.7218282616642053 2.7161603222311532 2.7104923827981016 2.7048244433650495 2.699156503931998 2.6934885644989457
2.8976818343074133 2.893096866126949 2.8885118979464854 2.8839269297660213 2.8793419615855576 2.874756993405094 2.8701720252246297 2.865587057044166 2.8610020888636942 2.85641712068323 2.8518321525027663 2.847247184322302 2.8426622161418384 2.8380772479613743 2.8334922797809106 2.828907311600447 2.8243223434199827 2.819737375239519 2.815152407059055 2.810567438878591 2.805982470698127 2.801397502517655 2.7968125343371915 2.7922275661567277 2.7876425979762636 2.7830576297958 2.7784726616153357 2.773887693434872 2.7687410122807172 2.7629938472595716 2.757246682238426 2.75149951721728 2.7457523521961344 2.740005187174989 2.734258022153833 2.7285108571326875 2.722763692111542 2.717016527090396 2.7112693620692503 2.7055221970481047 2.6997750320269587 2.694027867005813 2.6882807019846675 2.6825335369635215
2.888513761136648 2.8840006060848222 2.879487451032997 2.8749742959811715 2.870461140929346 2.8659479858775208 2.861434830825695 2.8569216757738696 2.8524085207220367 2.8478953656702113 2.8433822106183855 2.83886905556656 2.8343559005147347 2.8298427454629094 2.825329590411084 2.820816435359258 2.816303280307433 2.8117901252556075 2.807276970203782 2.8027638151519567 2.7982506601001313 2.793737505048298 2.7892243499964726 2.7847111949446473 2.7801980398928214 2.775684884840996 2.7711717297891707 2.7666585747373453 2.7615039281251654 2.755663512533371 2.7498230969415767 2.7439826813497827 2.7381422657579884 2.732301850166194 2.72646143457439 2.7206210189825955 2.7147806033908015 2.708940187799007 2.7030997722072128 2.6972593566154184 2.6914189410236244 2.68557852543183 2.6797381098400357 2.6738976942482413
2.8793456879658743 2.8749043460426873 2.8704630041195003 2.8660216621963137 2.8615803202731267 2.8571389783499397 2.8526976364267527 2.848256294503566 2.8438149525803715 2.8393736106571845 2.8349322687339975 2.8304909268108105 2.826049584887624 2.821608242964437 2.81716690104125 2.812725559118063 2.808284217194876 2.8038428752716893 2.7994015333485023 2.7949601914253153 2.7905188495021283 2.786077507578934 2.781636165655747 2.77719482373256 2.772753481809373 2.768312139886186 2.7638707979629995 2.7594294560398125 2.754266843969607 2.7483331778071642 2.7423995116447215 2.7364658454822783 2.7305321793198356 2.7245985131573924 2.7186648469949395 2.7127311808324968 2.706797514670054 2.700863848507611 2.694930182345168 2.6889965161827254 2.683062850020282 2.6771291838578395 2.6711955176953968 2.6652618515329536
2.870177614795109 2.8658080860005604 2.861438557206012 2.8570690284114635 2.8526994996169153 2.8483299708223666 2.8439604420278184 2.8395909132332697 2.835221384438714 2.8308518556441653 2.826482326849617 2.8221127980550684 2.81774326926052 2.8133737404659716 2.8090042116714233 2.8046346828768747 2.8002651540823265 2.795895625287778 2.7915260964932296 2.787156567698681 2.7827870389041323 2.7784175101095765 2.7740479813150283 2.7696784525204796 2.7653089237259314 2.7609393949313827 2.756569866136834 2.752200337342286 2.747029759814055 2.7410028430809636 2.734975926347872 2.7289490096147806 2.7229220928816895 2.716895176148598 2.7108682594154963 2.7048413426824047 2.698814425949313 2.692787509216222 2.6867605924831306 2.680733675750039 2.6747067590169475 2.6686798422838565 2.662652925550765 2.6566260088176734
2.8610095416243433 2.8567118259584334 2.852414110292523 2.8481163946266133 2.8438186789607034 2.8395209632947935 2.8352232476288832 2.8309255319629734 2.826627816297056 2.822330100631146 2.8180323849652362 2.8137346692993264 2.809436953633416 2.805139237967506 2.8008415223015963 2.7965438066356865 2.792246090969776 2.7879483753038663 2.7836506596379564 2.7793529439720466 2.7750552283061363 2.770757512640219 2.766459796974309 2.762162081308399 2.7578643656424893 2.753566649976579 2.749268934310669 2.7449712186447592 2.739792675658503 2.733672508354763 2.727552341051023 2.7214321737472833 2.715312006443543 2.709191839139803 2.703071671836053 2.6969515045323127 2.690831337228573 2.684711169924833 2.678591002621093 2.672470835317353 2.6663506680136133 2.660230500709873 2.654110333406133 2.6479901661023932
2.8518414684535776 2.847615565916306 2.8433896633790345 2.839163760841763 2.8349378583044915 2.83071195576722 2.8264860532299485 2.822260150692677 2.8180342481553984 2.813808345618127 2.8095824430808554 2.805356540543584 2.8011306380063123 2.796904735469041 2.7926788329317693 2.788452930394498 2.7842270278572263 2.780001125319955 2.7757752227826833 2.771549320245412 2.7673234177081403 2.7630975151708617 2.75887161263359 2.7546457100963186 2.750419807559047 2.7461939050217756 2.741968002484504 2.7377420999472326 2.732555591502951 2.7263421736285625 2.720128755754174 2.7139153378797856 2.707701920005397 2.7014885021310087 2.6952750842566093 2.6890616663822207 2.6828482485078324 2.6766348306334438 2.6704214127590555 2.664207994884667 2.657994577010278 2.65178115913589 2.6455677412615013 2.639354323387113
2.842673395282812 2.8385193058741787 2.834365216465546 2.830211127056913 2.8260570376482796 2.8219029482396465 2.817748858831014 2.8135947694223806 2.8094406800137404 2.8052865906051077 2.8011325011964745 2.7969784117878413 2.7928243223792086 2.7886702329705755 2.7845161435619423 2.780362054153309 2.7762079647446765 2.7720538753360433 2.76789978592741 2.7637456965187774 2.7595916071101443 2.755437517701504 2.7512834282928713 2.747129338884238 2.742975249475605 2.738821160066972 2.734667070658339 2.730512981249706 2.725318507347399 2.719011838902362 2.712705170457325 2.706398502012288 2.700091833567251 2.6937851651222138 2.687478496677166 2.681171828232129 2.674865159787092 2.668558491342055 2.662251822897018 2.655945154451981 2.649638486006944 2.643331817561907 2.63702514911687 2.630718480671833
2.8335053221120465 2.8294230458320517 2.8253407695520574 2.8212584932720626 2.817176216992068 2.813093940712074 2.809011664432079 2.8049293881520847 2.8008471118720832 2.7967648355920884 2.792682559312094 2.7886002830320993 2.784518006752105 2.78043573047211 2.7763534541921158 2.772271177912121 2.7681889016321266 2.764106625352132 2.7600243490721375 2.7559420727921426 2.7518597965121483 2.747777520232147 2.743695243952152 2.7396129676721577 2.735530691392163 2.7314484151121685 2.727366138832174 2.7232838625521794 2.7180814231918466 2.7116815041761613 2.705281585160476 2.69888166614479 2.6924817471291047 2.686081828113419 2.6796819090977224 2.673281990082037 2.6668820710663517 2.660482152050666 2.6540822330349805 2.6476823140192947 2.6412823950036093 2.6348824759879235 2.628482556972238 2.6220826379565527
2.824337248941281 2.820326785789925 2.816316322638569 2.8123058594872123 2.8082953963358563 2.8042849331845003 2.8002744700331443 2.7962640068817883 2.7922535437304252 2.788243080579069 2.784232617427713 2.7802221542763568 2.7762116911250008 2.7722012279736448 2.7681907648222888 2.7641803016709328 2.7601698385195768 2.7561593753682203 2.7521489122168643 2.7481384490655083 2.7441279859141523 2.740117522762789 2.736107059611433 2.732096596460077 2.728086133308721 2.724075670157365 2.7200652070060087 2.7160547438546527 2.710844339036295 2.7043511694499607 2.6978579998636265 2.6913648302772923 2.6848716606909586 2.6783784911046244 2.671885321518279 2.665392151931945 2.658898982345611 2.652405812759277 2.645912643172943 2.6394194735866088 2.6329263040002746 2.6264331344139404 2.6199399648276063 2.6134467952412725
2.8151691757705075 2.81123052574779 2.8072918757250727 2.803353225702355 2.7994145756796374 2.7954759256569197 2.791537275634202 2.7875986256114844 2.7836599755887605 2.779721325566043 2.7757826755433253 2.7718440255206076 2.76790537549789 2.7639667254751727 2.760028075452455 2.7560894254297374 2.75215077540702 2.748212125384302 2.7442734753615845 2.7403348253388673 2.7363961753161496 2.7324575252934253 2.7285188752707077 2.72458022524799 2.720641575225273 2.716702925202555 2.7127642751798375 2.70882562515712 2.7036072548807364 2.697020834723754 2.690434414566771 2.6838479944097884 2.677261574252806 2.670675154095823 2.664088733938829 2.6575023137818463 2.6509158936248634 2.644329473467881 2.6377430533108983 2.6311566331539153 2.624570212996933 2.61798379283995 2.6113973726829673 2.6048109525259844
2.806001102599742 2.802134265705663 2.7982674288115836 2.794400591917505 2.7905337550234255 2.786666918129346 2.7828000812352673 2.778933244341188 2.7750664074471025 2.7711995705530237 2.7673327336589444 2.763465896764865 2.7595990598707862 2.755732222976707 2.751865386082628 2.747998549188549 2.74413171229447 2.7402648754003907 2.736398038506312 2.7325312016122325 2.7286643647181537 2.7247975278240677 2.720930690929989 2.7170638540359096 2.7131970171418307 2.7093301802477514 2.7054633433536726 2.7015965064595933 2.6963701707251846 2.6896904999975533 2.683010829269922 2.6763311585422906 2.6696514878146593 2.662971817087028 2.6562921463593856 2.6496124756317543 2.642932804904123 2.636253134176492 2.629573463448861 2.6228937927212295 2.616214121993598 2.609534451265967 2.6028547805383355 2.596175109810704
2.796833029428976 2.7930380056635356 2.789242981898095 2.785447958132654 2.7816529343672136 2.777857910601773 2.7740628868363326 2.7702678630708917 2.766472839305445 2.762677815540004 2.7588827917745635 2.755087768009123 2.7512927442436825 2.7474977204782416 2.743702696712801 2.7399076729473606 2.73611264918192 2.732317625416479 2.7285226016510387 2.724727577885598 2.7209325541201577 2.7171375303547105 2.7133425065892696 2.709547482823829 2.7057524590583886 2.701957435292948 2.698162411527507 2.6943673877620666 2.6891330865696323 2.6823601652713527 2.675587243973073 2.668814322674793 2.6620414013765132 2.6552684800782336 2.6484955587799424 2.6417226374816623 2.6349497161833826 2.628176794885103 2.6214038735868233 2.614630952288543 2.6078580309902635 2.601085109691984 2.594312188393704 2.587539267095424
