Figures/CREST_Example_wjb_NSE/PETs/wjb.pet.20090319.asc
ncols            288
nrows            254
xllcorner        113.274861
yllcorner        31.4918055
cellsize         0.008333333333
NODATA_value     -9999
[rows 60 to 79 of 254, columns 176 to 219 of 288]
2.164975921034594 2.1630385873423945 2.1611012536501946 2.1591639199579946 2.1572265862657947 2.1552892525735947 2.1533519188813917 2.1514145851891917 2.1494772514969918 2.147539917804792 2.145602584112592 2.143665250420392 2.141727916728192 2.139790583035992 2.1378532493437925 2.1359159156515926 2.1341610819555035 2.1326013448846126 2.131041607813722 2.1294818707428287 2.1279221336719383 2.126362396601048 2.124802659530157 2.1232429224592666 2.1216831853883757 2.1201234483174853 2.1185637112465945 2.117003974175704 2.115444237104813 2.113884500033923 2.112324762963032 2.1107650258921415 2.1092052888212485 2.1076455517503576 -9999.0 -9999.0 -9999.0 -9999.0 -9999.0 -9999.0 -9999.0 -9999.0 -9999.0 -9999.0
2.1667720674882487 2.1648126636634735 2.1628532598386982 2.160893856013923 2.1589344521891474 2.156975048364372 2.1550156445395934 2.153056240714818 2.151096836890043 2.1491374330652677 2.1471780292404925 2.145218625415717 2.1432592215909416 2.1412998177661664 2.139340413941391 2.137381010116616 2.1356026569552853 2.1340178510497396 -9999.0 -9999.0 -9999.0 2.127678627427554 2.126093821522008 2.1245090156164625 2.1229242097109164 2.121339403805371 2.119754597899825 2.1181697919942795 2.116584986088734 2.1150001801831877 2.113415374277642 2.1118305683720964 -9999.0 -9999.0 -9999.0 -9999.0 -9999.0 -9999.0 -9999.0 -9999.0 -9999.0 -9999.0 -9999.0 -9999.0
2.168568213941904 2.166586739984553 2.1646052660272024 2.1626237920698514 2.160642318112501 2.15866084415515 2.156679370197796 2.1546978962404455 2.1527164222830946 2.150734948325744 2.148753474368393 2.1467720004110427 2.1447905264536917 2.1428090524963412 2.1408275785389903 2.13884610458164 2.1370442319550675 2.1354343572148666 -9999.0 -9999.0 -9999.0 2.1289948582540603 2.1273849835138594 2.1257751087736585 2.1241652340334576 2.1225553592932567 2.1209454845530558 -9999.0 -9999.0 -9999.0 -9999.0 -9999.0 -9999.0 -9999.0 -9999.0 -9999.0 -9999.0 -9999.0 -9999.0 -9999.0 -9999.0 -9999.0 -9999.0 -9999.0
2.170364360395558 2.1683608163056323 2.166357272215706 2.16435372812578 2.1623501840358537 2.1603466399459275 2.158343095855998 2.156339551766072 2.1543360076761457 2.15233246358622 2.150328919496294 2.1483253754063676 2.1463218313164414 2.144318287226515 2.142314743136589 2.1403111990466632 2.1384858069548494 2.136850863379993 -9999.0 -9999.0 -9999.0 -9999.0 -9999.0 -9999.0 -9999.0 -9999.0 -9999.0 -9999.0 -9999.0 -9999.0 -9999.0 -9999.0 -9999.0 -9999.0 -9999.0 -9999.0 -9999.0 -9999.0 -9999.0 -9999.0 -9999.0 -9999.0 -9999.0 -9999.0
2.172160506849213 2.1701348926267117 2.16810927840421 2.1660836641817087 2.1640580499592073 2.162032435736706 2.1600068215142008 2.1579812072916993 2.1559555930691974 2.153929978846696 2.1519043646241944 2.149878750401693 2.1478531361791915 2.14582752195669 2.1438019077341885 2.141776293511687 2.1399273819546316 2.1382673695451206 -9999.0 -9999.0 -9999.0 -9999.0 -9999.0 -9999.0 -9999.0 -9999.0 -9999.0 -9999.0 -9999.0 -9999.0 -9999.0 -9999.0 -9999.0 -9999.0 -9999.0 -9999.0 -9999.0 -9999.0 -9999.0 -9999.0 -9999.0 -9999.0 -9999.0 -9999.0
2.173956653302868 2.1719089689477906 2.169861284592714 2.167813600237637 2.16576591588256 2.163718231527483 2.1616705471724025 2.1596228628173257 2.157575178462249 2.155527494107172 2.153479809752095 2.151432125397018 2.149384441041941 2.1473367566868644 2.1452890723317872 2.1432413879767105 2.1413689569544134 2.139683875710247 2.137998794466081 -9999.0 -9999.0 -9999.0 -9999.0 -9999.0 -9999.0 -9999.0 -9999.0 -9999.0 -9999.0 -9999.0 -9999.0 -9999.0 -9999.0 -9999.0 -9999.0 -9999.0 -9999.0 -9999.0 -9999.0 -9999.0 -9999.0 -9999.0 -9999.0 -9999.0
2.1757527997565242 2.173683045268872 2.17161329078122 2.1695435362935673 2.167473781805915 2.1654040273182624 2.163334272830607 2.1612645183429544 2.159194763855302 2.1571250093676495 2.155055254879997 2.152985500392345 2.1509157459046926 2.14884599141704 2.1467762369293877 2.1447064824417357 2.142810531954197 2.1411003818753755 2.1393902317965545 -9999.0 -9999.0 -9999.0 -9999.0 -9999.0 -9999.0 -9999.0 -9999.0 -9999.0 -9999.0 -9999.0 -9999.0 -9999.0 -9999.0 -9999.0 -9999.0 -9999.0 -9999.0 -9999.0 -9999.0 -9999.0 -9999.0 -9999.0 -9999.0 -9999.0
2.177548946210179 2.175457121589951 2.1733652969697235 2.1712734723494957 2.169181647729268 2.1670898231090403 2.164997998488809 2.1629061738685813 2.160814349248353 2.1587225246281254 2.1566307000078977 2.15453887538767 2.1524470507674422 2.1503552261472145 2.148263401526987 2.146171576906759 2.1442521069539793 2.1425168880405026 2.140781669127026 2.1390464502135464 -9999.0 -9999.0 -9999.0 -9999.0 -9999.0 -9999.0 -9999.0 -9999.0 -9999.0 -9999.0 -9999.0 -9999.0 -9999.0 -9999.0 -9999.0 -9999.0 -9999.0 -9999.0 -9999.0 -9999.0 -9999.0 -9999.0 -9999.0 -9999.0
2.1793450926638336 2.1772311979110306 2.1751173031582276 2.173003408405424 2.170889513652621 2.168775618899818 2.166661724147011 2.164547829394208 2.1624339346414048 2.1603200398886018 2.158206145135799 2.1560922503829953 2.1539783556301924 2.151864460877389 2.149750566124586 2.147636671371783 2.1456936819537615 2.1439333942056296 2.142173106457498 -9999.0 -9999.0 -9999.0 -9999.0 -9999.0 -9999.0 -9999.0 -9999.0 -9999.0 -9999.0 -9999.0 -9999.0 -9999.0 -9999.0 -9999.0 -9999.0 -9999.0 -9999.0 -9999.0 -9999.0 -9999.0 -9999.0 -9999.0 -9999.0 -9999.0
2.1811412391174887 2.17900527423211 2.1768693093467317 2.174733344461353 2.1725973795759743 2.170461414690596 2.168325449805214 2.166189484919835 2.1640535200344564 2.161917555149078 2.1597815902636994 2.1576456253783207 2.1555096604929425 2.1533736956075638 2.151237730722185 2.149101765836807 2.147135256953544 2.145349900370757 -9999.0 -9999.0 -9999.0 -9999.0 -9999.0 -9999.0 -9999.0 -9999.0 -9999.0 -9999.0 -9999.0 -9999.0 -9999.0 -9999.0 -9999.0 -9999.0 -9999.0 -9999.0 -9999.0 -9999.0 -9999.0 -9999.0 -9999.0 -9999.0 -9999.0 -9999.0
2.1829373855711434 2.1807793505531894 2.1786213155352354 2.1764632805172814 2.1743052454993275 2.1721472104813735 2.169989175463416 2.167831140445462 2.165673105427508 2.163515070409554 2.1613570353916 2.159199000373646 2.157040965355692 2.154882930337738 2.152724895319784 2.15056686030183 2.1485768319533256 2.1467664065358836 -9999.0 -9999.0 -9999.0 -9999.0 -9999.0 -9999.0 -9999.0 -9999.0 -9999.0 -9999.0 -9999.0 -9999.0 -9999.0 -9999.0 -9999.0 -9999.0 -9999.0 -9999.0 -9999.0 -9999.0 -9999.0 -9999.0 -9999.0 -9999.0 -9999.0 -9999.0
2.184733532024798 2.182553426874269 2.1803733217237395 2.1781932165732103 2.1760131114226806 2.1738330062721514 2.171652901121618 2.169472795971089 2.1672926908205596 2.16511258567003 2.1629324805195007 2.1607523753689715 2.1585722702184422 2.1563921650679125 2.1542120599173833 2.152031954766854 2.150018406953108 2.1481829127010106 -9999.0 -9999.0 -9999.0 -9999.0 -9999.0 -9999.0 -9999.0 -9999.0 -9999.0 -9999.0 -9999.0 -9999.0 -9999.0 -9999.0 -9999.0 -9999.0 -9999.0 -9999.0 -9999.0 -9999.0 -9999.0 -9999.0 -9999.0 -9999.0 -9999.0 -9999.0
2.1865296784784545 2.1843275031953495 2.1821253279122446 2.17992315262914 2.177720977346035 2.17551880206293 2.1733166267798216 2.171114451496717 2.168912276213612 2.1667101009305076 2.1645079256474027 2.1623057503642977 2.160103575081193 2.1579013997980883 2.1556992245149833 2.153497049231879 2.151459981952891 2.149599418866139 2.1477388557793864 -9999.0 -9999.0 -9999.0 -9999.0 -9999.0 -9999.0 -9999.0 -9999.0 -9999.0 -9999.0 -9999.0 -9999.0 -9999.0 -9999.0 -9999.0 -9999.0 -9999.0 -9999.0 -9999.0 -9999.0 -9999.0 -9999.0 -9999.0 -9999.0 -9999.0
2.188325824932109 2.186101579516429 2.1838773341007487 2.181653088685069 2.1794288432693887 2.1772045978537085 2.1749803524380242 2.172756107022344 2.170531861606664 2.1683076161909836 2.1660833707753033 2.163859125359623 2.1616348799439433 2.159410634528263 2.157186389112583 2.1549621436969026 2.1529015569526733 2.151015925031266 2.1491302931098586 2.1472446611884477 2.1453590292670404 2.143473397345633 -9999.0 -9999.0 -9999.0 -9999.0 -9999.0 -9999.0 -9999.0 -9999.0 -9999.0 -9999.0 -9999.0 -9999.0 -9999.0 -9999.0 -9999.0 -9999.0 -9999.0 -9999.0 -9999.0 -9999.0 -9999.0 -9999.0
2.190121971385764 2.1878756558375083 2.1856293402892524 2.183383024740997 2.1811367091927414 2.178890393644486 2.1766440780962264 2.174397762547971 2.172151446999715 2.1699051314514595 2.167658815903204 2.1654125003549485 2.1631661848066925 2.160919869258437 2.1586735537101815 2.156427238161926 2.154343131952455 2.1524324311963925 2.15052173044033 2.148611029684264 2.1467003289282016 2.144789628172139 2.1428789274160764 2.140968226660014 2.1390575259039513 -9999.0 -9999.0 -9999.0 -9999.0 -9999.0 -9999.0 -9999.0 -9999.0 -9999.0 -9999.0 -9999.0 -9999.0 -9999.0 -9999.0 -9999.0 -9999.0 -9999.0 -9999.0 -9999.0
2.191918117839419 2.1896497321585877 2.187381346477757 2.1851129607969257 2.1828445751160945 2.1805761894352638 2.178307803754429 2.176039418073598 2.173771032392767 2.171502646711936 2.1692342610311046 2.166965875350274 2.1646974896694426 2.162429103988612 2.1601607183077807 2.15789233262695 2.1557847069522373 2.15384893736152 2.151913167770802 2.149977398180081 2.1480416285893633 2.1461058589986455 2.144170089407928 2.1422343198172102 2.1402985502264924 -9999.0 -9999.0 -9999.0 -9999.0 -9999.0 2.1286839326821863 -9999.0 -9999.0 -9999.0 -9999.0 -9999.0 -9999.0 -9999.0 -9999.0 -9999.0 -9999.0 -9999.0 -9999.0 -9999.0
2.1937142642930736 2.191423808479667 2.1891333526662606 2.186842896852854 2.184552441039448 2.1822619852260416 2.179971529412631 2.1776810735992247 2.175390617785818 2.173100161972412 2.1708097061590057 2.1685192503455992 2.1662287945321927 2.1639383387187863 2.1616478829053802 2.1593574270919738 2.15722628195202 2.155265443526647 2.1533046051012743 2.1513437666758977 2.149382928250525 2.147422089825152 2.1454612513997793 2.143500412974406 2.1415395745490335 2.1395787361236605 -9999.0 -9999.0 -9999.0 2.131735382422169 2.1297745439967963 -9999.0 -9999.0 -9999.0 -9999.0 -9999.0 -9999.0 -9999.0 -9999.0 -9999.0 -9999.0 -9999.0 -9999.0 -9999.0
2.1955104107467283 2.1931978848007465 2.1908853588547648 2.188572832908783 2.186260306962801 2.183947781016819 2.1816352550708333 2.1793227291248516 2.17701020317887 2.174697677232888 2.1723851512869063 2.170072625340924 2.1677600993949424 2.1654475734489607 2.163135047502979 2.160822521556997 2.158667856951802 2.1566819496917735 2.1546960424317456 2.152710135171714 2.1507242279116863 2.1487383206516584 2.1467524133916305 2.1447665061316026 2.1427805988715742 2.1407946916115463 -9999.0 -9999.0 -9999.0 2.1328510625714343 2.1308651553114064 -9999.0 -9999.0 -9999.0 -9999.0 -9999.0 -9999.0 -9999.0 -9999.0 -9999.0 -9999.0 -9999.0 -9999.0 -9999.0
2.197306557200383 2.194971961121826 2.1926373650432684 2.1903027689647114 2.187968172886154 2.185633576807597 2.183298980729036 2.1809643846504785 2.1786297885719215 2.176295192493364 2.173960596414807 2.1716260003362495 2.1692914042576925 2.1669568081791355 2.164622212100578 2.162287616022021 2.160109431951584 2.158098455856901 2.156087479762218 2.154076503667531 2.152065527572848 2.150054551478165 2.1480435753834817 2.1460325992887985 2.1440216231941154 2.1420106470994322 -9999.0 -9999.0 2.135977718815383 2.1339667427206996 2.1319557666260165 -9999.0 -9999.0 -9999.0 -9999.0 -9999.0 -9999.0 -9999.0 -9999.0 -9999.0 -9999.0 -9999.0 -9999.0 -9999.0
2.1991027036540394 2.1967460374429066 2.194389371231774 2.192032705020641 2.189676038809509 2.187319372598376 2.1849627063872394 2.1826060401761067 2.180249373964974 2.1778927077538417 2.175536041542709 2.1731793753315762 2.1708227091204435 2.1684660429093108 2.1661093766981785 2.1637527104870458 2.1615510069513673 2.159514962022029 2.1574789170926905 2.155442872163349 2.1534068272340106 2.151370782304672 2.149334737375334 2.147298692445996 2.1452626475166574 2.143226602587319 2.141190557657981 2.1391545127286427 2.1371184677993043 2.135082422869966 -9999.0 -9999.0 -9999.0 -9999.0 -9999.0 -9999.0 -9999.0 -9999.0 -9999.0 -9999.0 -9999.0 -9999.0 -9999.0 -9999.0
