Figures/CREST_Example_wjb_NSE/PETs/wjb.pet.20090717.asc
ncols            288
nrows            254
xllcorner        113.274861
yllcorner        31.4918055
cellsize         0.008333333333
NODATA_value     -9999
[rows 160 to 179 of 254, columns 135 to 179 of 288]
4.461130868190683 4.462031377730136 4.462931887269589 4.4638323968090425 4.4647329063484955 4.4656334158879485 4.466533925427402 4.467434434966855 4.46833494450631 4.469235454045764 4.470135963585217 4.47103647312467 4.471936982664124 4.472837492203577 4.47373800174303 4.474638511282484 4.4755390208219366 4.4764395303613895 4.477340039900843 4.478240549440296 4.479141058979749 4.480041568519204 4.480942078058658 4.481842587598111 4.482743097137564 4.483643606677018 4.484544116216471 4.4851008863443065 4.485290191265233 4.485479496186159 4.485668801107085 4.485858106028011 4.486047410948937 4.486236715869863 4.486426020790789 4.486615325711716 4.4868046306326415 4.486993935553568 4.487183240474494 4.48737254539542 4.487561850316347 4.487751155237272 4.487940460158199 4.488129765079124 4.488319070000051
4.464060675766752 4.464945953309871 4.465831230852991 4.466716508396111 4.46760178593923 4.46848706348235 4.469372341025469 4.470257618568589 4.471142896111711 4.47202817365483 4.472913451197949 4.473798728741069 4.474684006284189 4.4755692838273085 4.476454561370428 4.477339838913547 4.4782251164566675 4.479110393999787 4.479995671542906 4.480880949086026 4.481766226629146 4.482651504172267 4.483536781715387 4.484422059258506 4.485307336801625 4.486192614344746 4.487077891887865 4.48758491794427 4.487687584604773 4.4877902512652765 4.487892917925779 4.487995584586282 4.488098251246785 4.488200917907288 4.488303584567792 4.4884062512282945 4.488508917888797 4.4886115845493 4.488714251209803 4.488816917870306 4.48891958453081 4.4890222511913125 4.489124917851815 4.489227584512318 4.489330251172821
4.466990483342822 4.467860528889608 4.468730574436393 4.469600619983179 4.470470665529965 4.471340711076751 4.472210756623538 4.4730808021703234 4.473950847717111 4.474820893263897 4.475690938810683 4.4765609843574685 4.477431029904254 4.47830107545104 4.479171120997826 4.480041166544613 4.4809112120913985 4.481781257638184 4.48265130318497 4.483521348731756 4.484391394278542 4.485261439825329 4.486131485372115 4.487001530918902 4.487871576465688 4.488741622012474 4.4896116675592594 4.490068949544234 4.4900849779443135 4.490101006344394 4.490117034744474 4.490133063144554 4.490149091544633 4.490165119944713 4.490181148344793 4.490197176744873 4.490213205144953 4.4902292335450325 4.4902452619451125 4.490261290345193 4.490277318745273 4.490293347145352 4.490309375545432 4.490325403945512 4.490341432345592
4.4699202909188935 4.470775104469346 4.471629918019798 4.47248473157025 4.4733395451207025 4.474194358671155 4.475049172221607 4.475903985772059 4.476758799322513 4.4776136128729656 4.478468426423418 4.47932323997387 4.480178053524322 4.4810328670747746 4.481887680625227 4.482742494175679 4.483597307726131 4.4844521212765835 4.485306934827036 4.486161748377488 4.48701656192794 4.487871375478394 4.488726189028847 4.489581002579299 4.490435816129751 4.491290629680203 4.492145443230656 4.4925529811441995 4.492482371283856 4.492411761423512 4.49234115156317 4.492270541702826 4.492199931842483 4.49212932198214 4.492058712121796 4.491988102261453 4.491917492401109 4.4918468825407665 4.491776272680423 4.491705662820079 4.491635052959737 4.491564443099393 4.4914938332390495 4.491423223378707 4.491352613518363
4.472850098494963 4.473689680049081 4.4745292616032 4.475368843157319 4.476208424711437 4.477048006265556 4.477887587819675 4.478727169373793 4.479566750927914 4.480406332482032 4.48124591403615 4.482085495590269 4.482925077144388 4.483764658698506 4.484604240252625 4.485443821806744 4.486283403360862 4.487122984914981 4.4879625664691 4.488802148023218 4.489641729577337 4.4904813111314565 4.491320892685575 4.492160474239694 4.493000055793813 4.493839637347931 4.49467921890205 4.495037012744163 4.494879764623397 4.49472251650263 4.494565268381864 4.494408020261098 4.494250772140331 4.494093524019565 4.493936275898798 4.493779027778031 4.493621779657265 4.493464531536499 4.493307283415732 4.493150035294966 4.4929927871742 4.492835539053433 4.492678290932667 4.492521042811901 4.492363794691134
4.475779906071033 4.476604255628817 4.477428605186602 4.478252954744387 4.479077304302172 4.479901653859957 4.480726003417742 4.4815503529755265 4.482374702533313 4.4831990520910985 4.484023401648884 4.484847751206668 4.485672100764453 4.486496450322238 4.487320799880023 4.488145149437808 4.488969498995593 4.489793848553378 4.490618198111163 4.491442547668948 4.492266897226733 4.49309124678452 4.493915596342304 4.494739945900089 4.495564295457874 4.496388645015659 4.497212994573444 4.4975210443441265 4.497277157962937 4.497033271581747 4.496789385200558 4.496545498819368 4.496301612438179 4.496057726056989 4.4958138396758 4.49556995329461 4.495326066913421 4.495082180532231 4.494838294151042 4.494594407769852 4.494350521388663 4.494106635007473 4.493862748626284 4.4936188622450945 4.4933749758639046
4.478709713647102 4.479518831208553 4.480327948770005 4.481137066331456 4.481946183892907 4.482755301454358 4.48356441901581 4.4843735365772615 4.485182654138714 4.485991771700165 4.486800889261616 4.4876100068230675 4.488419124384519 4.489228241945971 4.490037359507421 4.490846477068873 4.491655594630324 4.492464712191776 4.493273829753226 4.494082947314678 4.4948920648761295 4.495701182437582 4.496510299999033 4.497319417560485 4.498128535121936 4.498937652683387 4.499746770244839 4.50000507594409 4.499674551302478 4.499344026660865 4.4990135020192525 4.49868297737764 4.498352452736027 4.498021928094414 4.4976914034528015 4.497360878811189 4.497030354169576 4.496699829527963 4.4963693048863504 4.496038780244738 4.495708255603126 4.495377730961513 4.4950472063199 4.4947166816782875 4.494386157036675
4.481639521223171 4.482433406788289 4.483227292353407 4.484021177918524 4.484815063483642 4.48560894904876 4.486402834613877 4.487196720178995 4.4879906057441135 4.488784491309231 4.489578376874349 4.490372262439466 4.491166148004584 4.491960033569702 4.492753919134819 4.493547804699937 4.494341690265055 4.495135575830172 4.49592946139529 4.496723346960408 4.497517232525525 4.498311118090644 4.499105003655762 4.49989888922088 4.500692774785997 4.501486660351115 4.502280545916233 4.502489107544054 4.502071944642018 4.501654781739982 4.501237618837947 4.500820455935911 4.500403293033875 4.499986130131839 4.499568967229803 4.499151804327767 4.498734641425732 4.4983174785236955 4.49790031562166 4.497483152719624 4.497065989817589 4.4966488269155525 4.496231664013517 4.495814501111481 4.495397338209446
4.484569328799241 4.485347982368025 4.486126635936809 4.486905289505593 4.4876839430743765 4.488462596643161 4.489241250211944 4.490019903780729 4.490798557349514 4.491577210918297 4.492355864487082 4.493134518055865 4.49391317162465 4.494691825193433 4.4954704787622175 4.496249132331002 4.497027785899785 4.49780643946857 4.498585093037353 4.499363746606138 4.500142400174921 4.500921053743706 4.501699707312491 4.502478360881274 4.5032570144500585 4.504035668018842 4.504814321587626 4.504973139144017 4.504469337981558 4.503965536819099 4.50346173565664 4.502957934494181 4.502454133331723 4.5019503321692635 4.501446531006804 4.500942729844345 4.500438928681886 4.499935127519428 4.4994313263569685 4.49892752519451 4.498423724032051 4.497919922869592 4.497416121707134 4.496912320544674 4.496408519382216
4.48749913637531 4.488262557947761 4.4890259795202105 4.489789401092661 4.490552822665111 4.491316244237561 4.492079665810012 4.492843087382462 4.4936065089549135 4.494369930527364 4.495133352099814 4.495896773672265 4.496660195244715 4.497423616817165 4.498187038389616 4.4989504599620656 4.499713881534516 4.500477303106966 4.501240724679417 4.502004146251867 4.502767567824318 4.5035309893967685 4.504294410969219 4.505057832541669 4.50582125411412 4.50658467568657 4.507348097259021 4.50745717074398 4.506866731321098 4.506276291898216 4.5056858524753345 4.5050954130524525 4.504504973629571 4.503914534206689 4.503324094783806 4.502733655360924 4.502143215938042 4.50155277651516 4.500962337092278 4.500371897669396 4.499781458246514 4.499191018823632 4.49860057940075 4.498010139977868 4.497419700554986
4.4904289439513825 4.4911771335275 4.491925323103616 4.492673512679732 4.49342170225585 4.494169891831966 4.494918081408082 4.4956662709841995 4.496414460560317 4.497162650136434 4.49791083971255 4.498659029288667 4.499407218864784 4.5001554084409 4.5009035980170164 4.501651787593134 4.50239997716925 4.503148166745366 4.5038963563214836 4.5046445458976 4.505392735473716 4.506140925049834 4.506889114625951 4.507637304202068 4.508385493778184 4.5091336833543005 4.509881872930418 4.5099412023439465 4.509264124660642 4.508587046977336 4.507909969294031 4.507232891610726 4.506555813927421 4.5058787362441155 4.50520165856081 4.504524580877504 4.5038475031942 4.503170425510894 4.502493347827589 4.501816270144284 4.501139192460979 4.500462114777673 4.499785037094369 4.499107959411063 4.498430881727758
4.493358751527452 4.494091709107235 4.494824666687018 4.495557624266801 4.4962905818465835 4.497023539426367 4.49775649700615 4.498489454585933 4.499222412165717 4.4999553697455 4.500688327325283 4.501421284905065 4.502154242484849 4.502887200064632 4.503620157644415 4.504353115224197 4.505086072803981 4.505819030383764 4.5065519879635465 4.507284945543329 4.508017903123113 4.5087508607028965 4.50948381828268 4.510216775862463 4.510949733442246 4.5116826910220285 4.512415648601812 4.512425233943911 4.5116615180001824 4.510897802056454 4.510134086112726 4.509370370168997 4.508606654225269 4.507842938281541 4.507079222337811 4.506315506394083 4.505551790450355 4.504788074506626 4.504024358562899 4.50326064261917 4.502496926675442 4.501733210731714 4.500969494787985 4.500205778844257 4.4994420629005285
4.4962885591035215 4.497006284686971 4.49772401027042 4.498441735853869 4.499159461437318 4.499877187020768 4.5005949126042175 4.501312638187667 4.502030363771117 4.502748089354566 4.503465814938015 4.504183540521465 4.504901266104914 4.5056189916883636 4.506336717271813 4.507054442855262 4.507772168438711 4.50848989402216 4.5092076196056095 4.509925345189059 4.510643070772509 4.511360796355959 4.512078521939408 4.512796247522857 4.513513973106306 4.5142316986897555 4.514949424273206 4.514909265543873 4.514058911339722 4.51320855713557 4.512358202931419 4.511507848727268 4.510657494523117 4.509807140318965 4.508956786114812 4.508106431910661 4.50725607770651 4.5064057235023585 4.505555369298206 4.504705015094055 4.503854660889904 4.503004306685753 4.502153952481601 4.50130359827745 4.500453244073299
4.499218366679591 4.499920860266706 4.500623353853822 4.5013258474409374 4.502028341028053 4.502730834615169 4.503433328202284 4.5041358217894 4.504838315376517 4.505540808963633 4.5062433025507485 4.506945796137864 4.50764828972498 4.508350783312095 4.509053276899211 4.5097557704863265 4.510458264073442 4.511160757660558 4.511863251247673 4.512565744834789 4.5132682384219045 4.513970732009021 4.514673225596137 4.515375719183252 4.516078212770368 4.516780706357483 4.517483199944599 4.517393297143837 4.516456304679262 4.515519312214688 4.514582319750113 4.513645327285539 4.512708334820965 4.51177134235639 4.510834349891814 4.509897357427239 4.5089603649626655 4.508023372498091 4.507086380033516 4.506149387568942 4.505212395104367 4.504275402639792 4.5033384101752185 4.502401417710644 4.501464425246069
4.502148174255661 4.502835435846443 4.503522697437225 4.504209959028007 4.504897220618789 4.505584482209571 4.506271743800353 4.506959005391134 4.507646266981918 4.5083335285727 4.509020790163481 4.509708051754263 4.510395313345045 4.511082574935827 4.511769836526609 4.512457098117391 4.513144359708173 4.513831621298955 4.514518882889737 4.515206144480519 4.515893406071301 4.516580667662084 4.517267929252866 4.517955190843648 4.51864245243443 4.519329714025211 4.520016975615993 4.5198773287438 4.518853698018803 4.517830067293805 4.516806436568808 4.51578280584381 4.5147591751188125 4.513735544393815 4.512711913668816 4.511688282943818 4.5106646522188205 4.509641021493823 4.508617390768825 4.507593760043828 4.50657012931883 4.505546498593833 4.504522867868835 4.503499237143838 4.50247560641884
4.50507798183173 4.505750011426178 4.506422041020627 4.507094070615075 4.507766100209523 4.508438129803971 4.5091101593984195 4.509782188992868 4.510454218587317 4.511126248181766 4.511798277776214 4.512470307370663 4.51314233696511 4.513814366559559 4.514486396154007 4.515158425748456 4.515830455342904 4.5165024849373525 4.5171745145318 4.5178465441262485 4.518518573720697 4.519190603315146 4.519862632909595 4.520534662504043 4.521206692098492 4.52187872169294 4.522550751287388 4.522361360343764 4.5212510913583435 4.520140822372923 4.519030553387502 4.517920284402082 4.51681001541666 4.51569974643124 4.514589477445818 4.513479208460397 4.512368939474976 4.511258670489555 4.510148401504135 4.5090381325187145 4.507927863533293 4.506817594547873 4.505707325562452 4.5045970565770315 4.503486787591611
4.508007789407802 4.508664587005917 4.509321384604031 4.509978182202146 4.510634979800261 4.511291777398376 4.51194857499649 4.512605372594605 4.5132621701927205 4.513918967790835 4.514575765388949 4.515232562987064 4.515889360585179 4.516546158183294 4.517202955781408 4.517859753379523 4.518516550977638 4.519173348575753 4.519830146173867 4.5204869437719815 4.521143741370096 4.521800538968212 4.522457336566326 4.523114134164441 4.523770931762556 4.524427729360671 4.525084526958785 4.524845391943731 4.523648484697887 4.522451577452043 4.521254670206199 4.520057762960355 4.518860855714511 4.517663948468667 4.516467041222821 4.515270133976977 4.514073226731133 4.512876319485289 4.511679412239446 4.510482504993602 4.509285597747758 4.508088690501914 4.50689178325607 4.505694876010226 4.504497968764382
4.510937596983871 4.511579162585653 4.512220728187433 4.512862293789214 4.513503859390995 4.514145424992776 4.5147869905945575 4.515428556196338 4.51607012179812 4.516711687399901 4.517353253001682 4.517994818603463 4.5186363842052435 4.519277949807025 4.519919515408806 4.5205610810105865 4.521202646612368 4.521844212214149 4.5224857778159295 4.523127343417711 4.523768909019491 4.524410474621273 4.525052040223055 4.525693605824835 4.5263351714266165 4.526976737028398 4.527618302630178 4.527329423543693 4.526045878037427 4.524762332531159 4.523478787024892 4.5221952415186255 4.520911696012359 4.519628150506091 4.518344604999823 4.517061059493556 4.515777513987288 4.5144939684810215 4.513210422974755 4.511926877468488 4.51064333196222 4.509359786455954 4.508076240949687 4.50679269544342 4.5055091499371525
4.510937896748848 4.511563742973545 4.512189589198242 4.51281543542294 4.513441281647638 4.514067127872335 4.5146929740970325 4.51531882032173 4.515944666546429 4.516570512771127 4.5171963589958235 4.517822205220521 4.518448051445219 4.519073897669917 4.519699743894614 4.520325590119311 4.520951436344009 4.521577282568707 4.522203128793404 4.522828975018101 4.523454821242799 4.524080667467498 4.524706513692196 4.525332359916892 4.52595820614159 4.526584052366288 4.527209898590986 4.52690658060944 4.52560996507236 4.524313349535281 4.523016733998202 4.521720118461123 4.520423502924044 4.519126887386965 4.517830271849884 4.516533656312805 4.515237040775726 4.513940425238647 4.512643809701568 4.511347194164488 4.510050578627409 4.50875396309033 4.507457347553251 4.506160732016172 4.504864116479093
4.507806737318933 4.508416343187247 4.509025949055561 4.509635554923874 4.510245160792188 4.5108547666605014 4.511464372528815 4.512073978397129 4.512683584265443 4.513293190133757 4.51390279600207 4.514512401870384 4.5151220077386975 4.515731613607011 4.516341219475325 4.516950825343638 4.517560431211952 4.5181700370802655 4.518779642948579 4.519389248816893 4.519998854685206 4.520608460553521 4.521218066421834 4.521827672290148 4.522437278158462 4.523046884026775 4.523656489895089 4.523376472026636 4.5221454262589855 4.520914380491335 4.519683334723684 4.518452288956033 4.5172212431883825 4.515990197420732 4.514759151653078 4.5135281058854275 4.512297060117777 4.511066014350126 4.509834968582475 4.5086039228148245 4.507372877047174 4.506141831279523 4.504910785511872 4.503679739744221 4.502448693976571
