Figures/CREST_Example_wjb_NSE/PETs/wjb.pet.20101103.asc
ncols            288
nrows            254
xllcorner        113.274861
yllcorner        31.4918055
cellsize         0.008333333333
NODATA_value     -9999
[rows 100 to 119 of 254, columns 88 to 131 of 288]
1.24138016705019 1.2408196795920685 1.2402591921339472 1.2396987046758248 1.2391382172177032 1.238577729759582 1.2380172423014604 1.237456754843339 1.2368962673852175 1.2363357799270962 1.2357752924689749 1.2352148050108533 1.234654317552732 1.2340938300946105 1.2332845889630324 1.2322094245299104 1.231134260096787 1.230059095663665 1.2289839312305433 1.2279087667974213 1.2268336023642996 1.2257584379311777 1.224683273498056 1.223608109064934 1.2225329446318123 1.2214577801986903 1.2203826157655686 1.2193074513324467 1.218232286899325 1.2171571224662012 1.2160819580330795 1.2150067935999576 1.2139316291668358 1.212856464733714 1.2117813003005922 1.2107061358674702 1.2096309714343485 1.2085558070012266 1.2074806425681048 1.206405478134983 1.2053303137018612 1.2042551492687392 1.2031799848356157 1.2021048204024938
1.2425195798694237 1.2419674183937932 1.2414152569181625 1.240863095442531 1.2403109339669003 1.2397587724912698 1.239206611015639 1.2386544495400085 1.2381022880643777 1.2375501265887472 1.2369979651131164 1.236445803637486 1.2358936421618552 1.2353414806862246 1.2345276501991163 1.2334340896220883 1.2323405290450584 1.2312469684680305 1.2301534078910026 1.2290598473139747 1.2279662867369467 1.2268727261599188 1.225779165582891 1.224685605005863 1.223592044428835 1.2224984838518071 1.2214049232747792 1.2203113626977513 1.2192178021207234 1.2181242415436937 1.2170306809666656 1.2159371203896376 1.2148435598126097 1.2137499992355818 1.2126564386585539 1.211562878081526 1.210469317504498 1.2093757569274701 1.2082821963504422 1.2071886357734143 1.2060950751963864 1.2050015146193584 1.2039079540423288 1.2028143934653008
1.2436589926886579 1.243115157195518 1.2425713217023782 1.2420274862092373 1.2414836507160973 1.2409398152229576 1.2403959797298176 1.2398521442366779 1.239308308743538 1.2387644732503982 1.2382206377572582 1.2376768022641185 1.2371329667709785 1.2365891312778388 1.2357707114352 1.234658754714266 1.2335467979933301 1.232434841272396 1.231322884551462 1.230210927830528 1.2290989711095939 1.22798701438866 1.2268750576677259 1.225763100946792 1.2246511442258579 1.223539187504924 1.2224272307839898 1.221315274063056 1.2202033173421218 1.219091360621186 1.2179794039002518 1.216867447179318 1.2157554904583838 1.21464353373745 1.2135315770165158 1.2124196202955817 1.2113076635746478 1.2101957068537137 1.2090837501327798 1.2079717934118457 1.2068598366909118 1.2057478799699777 1.2046359232490418 1.2035239665281077
1.2447984055078918 1.2442628959972428 1.2437273864865936 1.2431918769759438 1.2426563674652946 1.2421208579546457 1.2415853484439965 1.2410498389333475 1.2405143294226983 1.2399788199120494 1.2394433104014002 1.2389078008907513 1.238372291380102 1.2378367818694531 1.237013772671284 1.235883419806444 1.2347530669416018 1.2336227140767617 1.2324923612119216 1.2313620083470815 1.2302316554822412 1.2291013026174011 1.227970949752561 1.226840596887721 1.2257102440228809 1.2245798911580408 1.2234495382932005 1.2223191854283604 1.2211888325635203 1.2200584796986782 1.218928126833838 1.217797773968998 1.216667421104158 1.2155370682393176 1.2144067153744775 1.2132763625096374 1.2121460096447974 1.2110156567799573 1.2098853039151172 1.2087549510502769 1.2076245981854368 1.2064942453205967 1.2053638924557546 1.2042335395909145
1.2459378183271257 1.2454106347989675 1.2448834512708091 1.24435626774265 1.2438290842144917 1.2433019006863335 1.2427747171581751 1.242247533630017 1.2417203501018585 1.2411931665737004 1.240665983045542 1.2401387995173838 1.2396116159892254 1.2390844324610673 1.2382568339073678 1.2371080848986216 1.2359593358898735 1.2348105868811272 1.233661837872381 1.2325130888636346 1.2313643398548886 1.2302155908461423 1.229066841837396 1.22791809282865 1.2267693438199037 1.2256205948111574 1.224471845802411 1.223323096793665 1.2221743477849187 1.2210255987761705 1.2198768497674244 1.218728100758678 1.2175793517499318 1.2164306027411858 1.2152818537324395 1.2141331047236932 1.212984355714947 1.2118356067062008 1.2106868576974545 1.2095381086887083 1.2083893596799622 1.207240610671216 1.2060918616624676 1.2049431126537216
1.2470772311463607 1.246558373600693 1.2460395160550257 1.2455206585093572 1.2450018009636898 1.2444829434180222 1.2439640858723549 1.2434452283266872 1.2429263707810199 1.2424075132353523 1.2418886556896849 1.2413697981440173 1.2408509405983499 1.2403320830526823 1.2394998951434528 1.2383327499908003 1.237165604838146 1.2359984596854938 1.2348313145328413 1.233664169380189 1.2324970242275366 1.2313298790748843 1.230162733922232 1.2289955887695796 1.2278284436169273 1.226661298464275 1.2254941533116226 1.2243270081589703 1.223159863006318 1.2219927178536636 1.2208255727010113 1.219658427548359 1.2184912823957066 1.2173241372430543 1.216156992090402 1.2149898469377496 1.2138227017850973 1.2126555566324448 1.2114884114797926 1.2103212663271403 1.2091541211744878 1.2079869760218356 1.2068198308691813 1.2056526857165288
1.2482166439655946 1.2477061124024178 1.2471955808392412 1.2466850492760635 1.246174517712887 1.24566398614971 1.2451534545865335 1.2446429230233567 1.24413239146018 1.2436218598970032 1.2431113283338266 1.2426007967706498 1.2420902652074732 1.2415797336442964 1.2407429563795365 1.239557415082978 1.2383718737864176 1.237186332489859 1.2360007911933009 1.2348152498967424 1.233629708600184 1.2324441673036255 1.231258626007067 1.2300730847105086 1.2288875434139501 1.2277020021173917 1.2265164608208332 1.225330919524275 1.2241453782277165 1.222959836931156 1.2217742956345976 1.2205887543380392 1.2194032130414807 1.2182176717449222 1.2170321304483638 1.2158465891518053 1.2146610478552469 1.2134755065586884 1.2122899652621302 1.2111044239655717 1.2099188826690133 1.2087333413724548 1.2075478000758944 1.206362258779336
1.2493560567848285 1.2488538512041425 1.2483516456234567 1.24784944004277 1.247347234462084 1.2468450288813981 1.246342823300712 1.245840617720026 1.2453384121393403 1.2448362065586542 1.2443340009779684 1.2438317953972824 1.2433295898165966 1.2428273842359105 1.2419860176156203 1.240782080175156 1.2395781427346892 1.2383742052942246 1.2371702678537602 1.2359663304132955 1.234762392972831 1.2335584555323664 1.232354518091902 1.2311505806514376 1.229946643210973 1.2287427057705085 1.2275387683300438 1.2263348308895794 1.2251308934491147 1.223926956008648 1.2227230185681837 1.221519081127719 1.2203151436872546 1.2191112062467901 1.2179072688063255 1.216703331365861 1.2154993939253964 1.214295456484932 1.2130915190444673 1.211887581604003 1.2106836441635382 1.2094797067230738 1.2082757692826072 1.2070718318421427
1.2504954696040624 1.2500015900058672 1.2495077104076722 1.249013830809476 1.248519951211281 1.2480260716130858 1.2475321920148907 1.2470383124166955 1.2465444328185005 1.2460505532203052 1.2455566736221102 1.245062794023915 1.24456891442572 1.2440750348275247 1.2432290788517042 1.2420067452673336 1.2407844116829607 1.23956207809859 1.2383397445142195 1.2371174109298488 1.2358950773454782 1.2346727437611076 1.233450410176737 1.2322280765923663 1.2310057430079957 1.229783409423625 1.2285610758392544 1.2273387422548838 1.2261164086705132 1.2248940750861406 1.22367174150177 1.2224494079173993 1.2212270743330287 1.220004740748658 1.2187824071642874 1.2175600735799168 1.2163377399955462 1.2151154064111755 1.213893072826805 1.2126707392424343 1.2114484056580637 1.210226072073693 1.2090037384893202 1.2077814049049496
1.2516348824232966 1.251149328807592 1.2506637751918879 1.2501782215761825 1.2496926679604783 1.2492071143447738 1.2487215607290696 1.2482360071133651 1.247750453497661 1.2472648998819564 1.2467793462662522 1.2462937926505477 1.2458082390348435 1.245322685419139 1.244472140087788 1.2432314103595115 1.2419906806312326 1.2407499509029558 1.239509221174679 1.2382684914464024 1.2370277617181256 1.235787031989849 1.2345463022615721 1.2333055725332953 1.2320648428050187 1.2308241130767419 1.229583383348465 1.2283426536201885 1.2271019238919116 1.2258611941636328 1.224620464435356 1.2233797347070794 1.2221390049788026 1.220898275250526 1.2196575455222491 1.2184168157939723 1.2171760860656957 1.215935356337419 1.214694626609142 1.2134538968808655 1.2122131671525886 1.210972437424312 1.209731707696033 1.2084909779677564
1.2527742952425305 1.2522970676093168 1.2518198399761034 1.2513426123428888 1.2508653847096753 1.2503881570764617 1.2499109294432482 1.2494337018100345 1.248956474176821 1.2484792465436074 1.2480020189103938 1.2475247912771803 1.2470475636439666 1.2465703360107532 1.245715201323872 1.2444560754516891 1.243196949579504 1.2419378237073213 1.2406786978351385 1.2394195719629557 1.238160446090773 1.23690132021859 1.235642194346407 1.2343830684742243 1.2331239426020415 1.2318648167298587 1.230605690857676 1.2293465649854929 1.22808743911331 1.226828313241125 1.2255691873689423 1.2243100614967595 1.2230509356245767 1.2217918097523939 1.220532683880211 1.219273558008028 1.2180144321358453 1.2167553062636625 1.2154961803914797 1.2142370545192969 1.212977928647114 1.211718802774931 1.2104596769027463 1.2092005510305632
1.2539137080617653 1.2534448064110426 1.2529759047603197 1.2525070031095962 1.2520381014588733 1.2515691998081506 1.2511002981574277 1.250631396506705 1.2501624948559822 1.2496935932052595 1.2492246915545366 1.248755789903814 1.248286888253091 1.2478179866023684 1.246958262559957 1.245680740543868 1.2444032185277767 1.243125696511688 1.241848174495599 1.24057065247951 1.239293130463421 1.238015608447332 1.2367380864312432 1.2354605644151542 1.2341830423990652 1.2329055203829762 1.2316279983668872 1.2303504763507984 1.2290729543347094 1.2277954323186182 1.2265179103025292 1.2252403882864404 1.2239628662703514 1.2226853442542625 1.2214078222381735 1.2201303002220845 1.2188527782059957 1.2175752561899067 1.2162977341738177 1.2150202121577287 1.2137426901416397 1.212465168125551 1.2111876461094597 1.2099101240933707
1.2550531208809992 1.2545925452127673 1.2541319695445352 1.2536713938763024 1.2532108182080706 1.2527502425398385 1.2522896668716064 1.2518290912033745 1.2513685155351424 1.2509079398669105 1.2504473641986784 1.2499867885304465 1.2495262128622144 1.2490656371939826 1.2482013237960408 1.2469054056360456 1.2456094874760484 1.2443135693160534 1.2430176511560582 1.2417217329960633 1.2404258148360683 1.239129896676073 1.2378339785160781 1.2365380603560832 1.235242142196088 1.233946224036093 1.232650305876098 1.2313543877161028 1.2300584695561079 1.2287625513961107 1.2274666332361155 1.2261707150761205 1.2248747969161253 1.2235788787561304 1.2222829605961354 1.2209870424361402 1.2196911242761452 1.2183952061161503 1.217099287956155 1.21580336979616 1.2145074516361651 1.21321153347617 1.2119156153161728 1.2106196971561778
1.256192533700233 1.255740284014492 1.2552880343287507 1.2548357846430087 1.2543835349572676 1.2539312852715263 1.253479035585785 1.253026785900044 1.2525745362143026 1.2521222865285615 1.2516700368428202 1.251217787157079 1.2507655374713378 1.2503132877855965 1.2494443850321244 1.2481300707282232 1.2468157564243199 1.245501442120419 1.2441871278165177 1.2428728135126166 1.2415584992087154 1.2402441849048143 1.238929870600913 1.237615556297012 1.2363012419931108 1.2349869276892096 1.2336726133853084 1.2323582990814073 1.231043984777506 1.2297296704736027 1.2284153561697015 1.2271010418658006 1.2257867275618994 1.2244724132579983 1.223158098954097 1.221843784650196 1.2205294703462948 1.2192151560423936 1.2179008417384924 1.2165865274345913 1.2152722131306901 1.213957898826789 1.2126435845228856 1.2113292702189844
1.2573319465194672 1.2568880228162167 1.2564440991129664 1.2560001754097152 1.2555562517064647 1.2551123280032144 1.2546684042999638 1.2542244805967133 1.253780556893463 1.2533366331902125 1.2528927094869622 1.2524487857837117 1.2520048620804614 1.2515609383772108 1.2506874462682085 1.2493547358204014 1.2480220253725918 1.2466893149247844 1.2453566044769773 1.24402389402917 1.2426911835813628 1.2413584731335554 1.2400257626857483 1.238693052237941 1.2373603417901338 1.2360276313423264 1.2346949208945193 1.233362210446712 1.2320294999989048 1.2306967895510952 1.229364079103288 1.2280313686554807 1.2266986582076735 1.2253659477598662 1.224033237312059 1.2227005268642517 1.2213678164164445 1.2200351059686372 1.21870239552083 1.2173696850730227 1.2160369746252155 1.2147042641774082 1.2133715537295986 1.2120388432817915
1.2584713593387011 1.2580357616179414 1.2576001638971819 1.2571645661764215 1.2567289684556617 1.2562933707349022 1.2558577730141425 1.255422175293383 1.2549865775726232 1.2545509798518635 1.254115382131104 1.2536797844103442 1.2532441866895847 1.252808588968825 1.2519305075042924 1.250579400912579 1.2492282943208632 1.24787718772915 1.2465260811374366 1.2451749745457232 1.24382386795401 1.2424727613622966 1.2411216547705832 1.23977054817887 1.2384194415871566 1.2370683349954432 1.2357172284037299 1.2343661218120165 1.233015015220303 1.2316639086285874 1.230312802036874 1.2289616954451608 1.2276105888534474 1.226259482261734 1.2249083756700208 1.2235572690783074 1.2222061624865939 1.2208550558948805 1.2195039493031672 1.2181528427114539 1.2168017361197405 1.2154506295280272 1.2140995229363116 1.2127484163445983
1.259610772157935 1.259183500419666 1.2587562286813974 1.2583289569431277 1.2579016852048588 1.25747441346659 1.257047141728321 1.2566198699900524 1.2561925982517834 1.2557653265135145 1.2553380547752457 1.2549107830369768 1.254483511298708 1.254056239560439 1.2531735687403762 1.2518040660047567 1.250434563269135 1.2490650605335154 1.247695557797896 1.2463260550622766 1.244956552326657 1.2435870495910377 1.2422175468554182 1.2408480441197989 1.2394785413841793 1.2381090386485598 1.2367395359129405 1.235370033177321 1.2340005304417014 1.2326310277060797 1.2312615249704604 1.2298920222348408 1.2285225194992213 1.227153016763602 1.2257835140279825 1.2244140112923632 1.2230445085567436 1.221675005821124 1.2203055030855048 1.2189360003498853 1.217566497614266 1.2161969948786464 1.2148274921430247 1.2134579894074051
1.260750184977169 1.260331239221391 1.2599122934656128 1.259493347709834 1.2590744019540558 1.258655456198278 1.2582365104424997 1.2578175646867218 1.2573986189309436 1.2569796731751655 1.2565607274193875 1.2561417816636093 1.2557228359078314 1.2553038901520532 1.2544166299764599 1.2530287310969344 1.2516408322174064 1.250252933337881 1.2488650344583554 1.2474771355788299 1.2460892366993044 1.2447013378197789 1.2433134389402531 1.2419255400607276 1.2405376411812021 1.2391497423016766 1.2377618434221511 1.2363739445426256 1.2349860456630999 1.2335981467835722 1.2322102479040467 1.230822349024521 1.2294344501449954 1.22804655126547 1.2266586523859444 1.225270753506419 1.2238828546268934 1.2224949557473677 1.2211070568678422 1.2197191579883166 1.2183312591087911 1.2169433602292656 1.2155554613497377 1.2141675624702122
1.2621357181425055 1.261724699113844 1.2613136800851825 1.2609026610565204 1.260491642027859 1.2600806229991974 1.259669603970536 1.2592585849418745 1.258847565913213 1.2584365468845515 1.25802552785589 1.2576145088272286 1.257203489798567 1.2567924707699056 1.2559042366049689 1.2545058486689482 1.2531074607329253 1.2517090727969047 1.250310684860884 1.2489122969248634 1.2475139089888427 1.2461155210528223 1.2447171331168017 1.243318745180781 1.2419203572447604 1.24052196930874 1.2391235813727193 1.2377251934366986 1.236326805500678 1.234928417564655 1.2335300296286345 1.2321316416926138 1.2307332537565931 1.2293348658205725 1.227936477884552 1.2265380899485314 1.2251397020125108 1.2237413140764901 1.2223429261404695 1.220944538204449 1.2195461502684284 1.2181477623324077 1.2167493743963849 1.2153509864603642
1.2637843384416327 1.2633808193612632 1.2629773002808937 1.2625737812005233 1.2621702621201538 1.2617667430397843 1.2613632239594146 1.260959704879045 1.2605561857986756 1.260152666718306 1.2597491476379363 1.2593456285575668 1.2589421094771973 1.2585385903968276 1.2576532468410775 1.2562528220265168 1.2548523972119539 1.2534519723973934 1.2520515475828327 1.2506511227682722 1.2492506979537115 1.247850273139151 1.2464498483245903 1.2450494235100298 1.2436489986954693 1.2422485738809086 1.240848149066348 1.2394477242517874 1.238047299437227 1.236646874622664 1.2352464498081033 1.2338460249935428 1.232445600178982 1.2310451753644216 1.229644750549861 1.2282443257353004 1.22684390092074 1.2254434761061792 1.2240430512916187 1.2226426264770582 1.2212422016624975 1.219841776847937 1.218441352033374 1.2170409272188134
