Figures/CREST_Example_wjb_NSE/PETs/wjb.pet.20101208.asc
ncols            288
nrows            254
xllcorner        113.274861
yllcorner        31.4918055
cellsize         0.008333333333
NODATA_value     -9999
[rows 152 to 170 of 254, columns 0 to 43 of 288]
-9999.0 -9999.0 -9999.0 -9999.0 -9999.0 0.8285066487066866 0.8282679495193823 0.828029250332078 0.8277905511447737 0.8275518519574694 0.8273131527701651 0.8270744535828608 0.8267682754596554 0.8263899608292313 0.826011646198808 0.8256333315683845 0.8252550169379611 0.8248767023075376 0.8244983876771143 0.8241200730466908 0.8237417584162674 0.8233634437858439 0.8229851291554205 0.8226068145249972 0.8222284998945737 0.8218501852641503 0.8214718706337262 0.8210935560033028 0.8207152413728793 0.820336926742456 0.8199586121120326 0.8195802974816091 0.8192019828511857 0.8188236682207622 0.8184453535903389 0.8180670389599154 0.817688724329492 0.8173104096990685 0.8169320950686452 0.8165537804382211 0.8161754658077977 0.8157971511773743 0.8158634929262361 0.8164051823941966
-9999.0 -9999.0 -9999.0 -9999.0 0.8294179569066993 0.8292041793526465 0.8289904017985936 0.8287766242445408 0.828562846690488 0.8283490691364351 0.8281352915823823 0.8279215140283295 0.8276273370390254 0.8272472112367484 0.826867085434472 0.8264869596321957 0.8261068338299192 0.8257267080276429 0.8253465822253666 0.8249664564230902 0.8245863306208139 0.8242062048185375 0.8238260790162611 0.8234459532139848 0.8230658274117084 0.8226857016094321 0.8223055758071551 0.8219254500048787 0.8215453242026024 0.821165198400326 0.8207850725980497 0.8204049467957734 0.8200248209934969 0.8196446951912206 0.8192645693889442 0.8188844435866679 0.8185043177843916 0.8181241919821152 0.8177440661798389 0.8173639403775619 0.8169838145752855 0.8166036887730092 0.816682181968126 0.8172509492366671
-9999.0 -9999.0 -9999.0 -9999.0 0.8300905659194077 0.8299017099986064 0.8297128540778049 0.8295239981570036 0.8293351422362022 0.8291462863154009 0.8289574303945995 0.8287685744737981 0.8284863986183952 0.8281044616442653 0.8277225246701361 0.8273405876960067 0.8269586507218775 0.8265767137477482 0.8261947767736189 0.8258128397994896 0.8254309028253604 0.825048965851231 0.8246670288771017 0.8242850919029725 0.8239031549288431 0.8235212179547139 0.823139280980584 0.8227573440064546 0.8223754070323254 0.8219934700581961 0.8216115330840668 0.8212295961099375 0.8208476591358083 0.8204657221616789 0.8200837851875497 0.8197018482134204 0.819319911239291 0.8189379742651618 0.8185560372910325 0.8181741003169025 0.8177921633427733 0.817410226368644 0.817500871010016 0.8180967160791376
-9999.0 -9999.0 -9999.0 -9999.0 -9999.0 -9999.0 0.8304353063570163 0.8302713720694664 0.8301074377819165 0.8299435034943666 0.8297795692068167 0.8296156349192668 0.8293454601977652 0.8289617120517823 0.8285779639058001 0.8281942157598179 0.8278104676138357 0.8274267194678534 0.8270429713218712 0.826659223175889 0.8262754750299067 0.8258917268839245 0.8255079787379423 0.8251242305919602 0.8247404824459779 0.8243567342999957 0.8239729861540128 0.8235892380080306 0.8232054898620483 0.8228217417160661 0.822437993570084 0.8220542454241017 0.8216704972781195 0.8212867491321373 0.8209030009861551 0.8205192528401728 0.8201355046941906 0.8197517565482084 0.8193680084022261 0.8189842602562433 0.8186005121102611 0.8182167639642789 0.818319560051906 0.8189424829216082
-9999.0 -9999.0 -9999.0 -9999.0 -9999.0 -9999.0 -9999.0 -9999.0 0.8308797333276307 0.8307407206733323 0.8306017080190338 0.8304626953647354 0.830204521777135 0.8298189624592992 0.8294334031414641 0.8290478438236288 0.8286622845057937 0.8282767251879586 0.8278911658701235 0.8275056065522882 0.8271200472344531 0.826734487916618 0.8263489285987828 0.8259633692809477 0.8255778099631125 0.8251922506452773 0.8248066913274416 0.8244211320096064 0.8240355726917712 0.8236500133739361 0.8232644540561009 0.8228788947382658 0.8224933354204307 0.8221077761025954 0.8217222167847603 0.8213366574669252 0.8209510981490901 0.8205655388312548 0.8201799795134197 0.8197944201955839 0.8194088608777488 0.8190233015599137 0.8191382490937958 0.8197882497640786
-9999.0 -9999.0 -9999.0 -9999.0 -9999.0 -9999.0 -9999.0 -9999.0 -9999.0 0.8315379378522987 -9999.0 -9999.0 -9999.0 0.8306762128668169 0.8302888423771289 0.8299014718874408 0.8295141013977527 0.8291267309080647 0.8287393604183765 0.8283519899286884 0.8279646194390003 0.8275772489493123 0.8271898784596242 0.8268025079699362 0.826415137480248 0.8260277669905599 0.8256403965008712 0.8252530260111831 0.824865655521495 0.824478285031807 0.8240909145421188 0.8237035440524307 0.8233161735627427 0.8229288030730546 0.8225414325833665 0.8221540620936784 0.8217666916039903 0.8213793211143022 0.8209919506246142 0.8206045801349254 0.8202172096452374 0.8198298391555492 0.8199569381356866 0.82063401660655
-9999.0 -9999.0 -9999.0 -9999.0 -9999.0 -9999.0 -9999.0 -9999.0 -9999.0 -9999.0 -9999.0 -9999.0 -9999.0 -9999.0 0.8311442816127929 0.8307550999512519 0.8303659182897107 0.8299767366281697 0.8295875549666287 0.8291983733050877 0.8288091916435467 0.8284200099820057 0.8280308283204647 0.8276416466589237 0.8272524649973826 0.8268632833358416 0.8264741016742999 0.8260849200127589 0.8256957383512179 0.8253065566896769 0.8249173750281359 0.8245281933665949 0.8241390117050538 0.8237498300435128 0.8233606483819718 0.8229714667204308 0.8225822850588898 0.8221931033973487 0.8218039217358077 0.8214147400742661 0.8210255584127251 0.820636376751184 0.8207756271775765 0.8214797834490204
-9999.0 -9999.0 -9999.0 -9999.0 -9999.0 -9999.0 -9999.0 -9999.0 -9999.0 -9999.0 -9999.0 -9999.0 -9999.0 -9999.0 -9999.0 -9999.0 0.831217735181669 0.830826742348275 0.8304357495148811 0.8300447566814871 0.8296537638480932 0.8292627710146993 0.8288717781813053 0.8284807853479114 0.8280897925145173 0.8276987996811234 0.8273078068477288 0.8269168140143348 0.8265258211809409 0.8261348283475469 0.825743835514153 0.825352842680759 0.8249618498473651 0.8245708570139711 0.8241798641805772 0.8237888713471833 0.8233978785137893 0.8230068856803954 0.8226158928470014 0.8222249000136067 0.8218339071802128 0.8214429143468188 0.8215943162194663 0.8223255502914909
-9999.0 -9999.0 -9999.0 -9999.0 -9999.0 -9999.0 -9999.0 -9999.0 -9999.0 -9999.0 -9999.0 -9999.0 -9999.0 -9999.0 -9999.0 -9999.0 -9999.0 0.8316767480683803 0.8312839440631334 0.8308911400578866 0.8304983360526397 0.8301055320473928 0.8297127280421459 0.829319924036899 0.8289271200316521 0.8285343160264051 0.8281415120211576 0.8277487080159107 0.8273559040106638 0.826963100005417 0.8265702960001701 0.8261774919949232 0.8257846879896763 0.8253918839844294 0.8249990799791825 0.8246062759739357 0.8242134719686888 0.8238206679634419 0.823427863958195 0.8230350599529475 0.8226422559477006 0.8222494519424537 0.8224130052613563 0.8231713171339615
-9999.0 -9999.0 -9999.0 -9999.0 -9999.0 -9999.0 -9999.0 -9999.0 -9999.0 -9999.0 -9999.0 -9999.0 -9999.0 -9999.0 -9999.0 -9999.0 -9999.0 -9999.0 0.8321321386113857 0.8317375234342859 0.831342908257186 0.8309482930800862 0.8305536779029864 0.8301590627258867 0.8297644475487869 0.829369832371687 0.8289752171945866 0.8285806020174867 0.8281859868403869 0.8277913716632871 0.8273967564861873 0.8270021413090874 0.8266075261319876 0.8262129109548878 0.825818295777788 0.8254236806006882 0.8250290654235883 0.8246344502464885 0.8242398350693887 0.8238452198922882 0.8234506047151884 0.8230559895380886 0.8232316943032463 0.824017083976432
-9999.0 -9999.0 -9999.0 -9999.0 -9999.0 -9999.0 -9999.0 -9999.0 -9999.0 -9999.0 -9999.0 -9999.0 -9999.0 -9999.0 -9999.0 -9999.0 -9999.0 -9999.0 -9999.0 0.8325839068106853 0.8321874804617325 0.8317910541127798 0.831394627763827 0.8309982014148742 0.8306017750659215 0.8302053487169687 0.8298089223680153 0.8294124960190625 0.8290160696701098 0.828619643321157 0.8282232169722042 0.8278267906232516 0.8274303642742988 0.8270339379253461 0.8266375115763933 0.8262410852274406 0.8258446588784878 0.825448232529535 0.8250518061805823 0.8246553798316288 0.8242589534826761 0.8238625271337233 0.8240503833451361 0.8248628508189025
-9999.0 -9999.0 -9999.0 -9999.0 -9999.0 -9999.0 -9999.0 -9999.0 -9999.0 -9999.0 -9999.0 -9999.0 -9999.0 -9999.0 -9999.0 -9999.0 -9999.0 -9999.0 -9999.0 0.8334302901870854 0.8330320526662797 0.832633815145474 0.8322355776246683 0.8318373401038626 0.8314391025830569 0.8310408650622512 0.8306426275414448 0.8302443900206391 0.8298461524998335 0.8294479149790278 0.8290496774582221 0.8286514399374164 0.8282532024166107 0.827854964895805 0.8274567273749993 0.8270584898541936 0.826660252333388 0.8262620148125823 0.8258637772917766 0.8254655397709703 0.8250673022501646 0.8246690647293589 0.8248690723870268 0.8257086176613737
-9999.0 -9999.0 -9999.0 -9999.0 -9999.0 -9999.0 -9999.0 -9999.0 -9999.0 -9999.0 -9999.0 -9999.0 -9999.0 -9999.0 -9999.0 -9999.0 -9999.0 -9999.0 -9999.0 -9999.0 0.8338766248708261 0.8334765761781675 0.8330765274855089 0.8326764787928502 0.8322764301001916 0.831876381407533 -9999.0 -9999.0 0.8306762353295565 0.8302761866368978 0.8298761379442392 0.8294760892515806 0.829076040558922 0.8286759918662634 0.8282759431736048 0.8278758944809461 0.8274758457882875 0.8270757970956288 0.8266757484029703 0.826275699710311 0.8258756510176524 0.8254756023249937 0.8256877614289168 0.8265543845038443
-9999.0 -9999.0 -9999.0 -9999.0 -9999.0 -9999.0 -9999.0 -9999.0 -9999.0 -9999.0 -9999.0 -9999.0 -9999.0 -9999.0 -9999.0 -9999.0 -9999.0 -9999.0 -9999.0 -9999.0 -9999.0 -9999.0 -9999.0 -9999.0 -9999.0 -9999.0 -9999.0 0.831908178023791 0.8315063181592794 0.8311044582947679 0.8307025984302564 0.8303007385657448 0.8298988787012332 0.8294970188367217 0.8290951589722101 0.8286932991076986 0.828291439243187 0.8278895793786755 0.8274877195141639 0.8270858596496516 0.8266839997851402 0.8262821399206286 0.8265064504708067 0.8274001513463148
-9999.0 -9999.0 -9999.0 -9999.0 -9999.0 -9999.0 -9999.0 -9999.0 -9999.0 -9999.0 -9999.0 -9999.0 -9999.0 -9999.0 -9999.0 -9999.0 -9999.0 -9999.0 -9999.0 -9999.0 -9999.0 -9999.0 -9999.0 -9999.0 -9999.0 -9999.0 -9999.0 0.8327400720253669 0.8323364009890024 0.8319327299526379 0.8315290589162734 0.831125387879909 0.8307217168435445 0.8303180458071799 0.8299143747708155 0.829510703734451 0.8291070326980865 0.8287033616617221 0.8282996906253576 0.8278960195889924 0.8274923485526279 0.8270886775162635 0.8273251395126967 0.8282459181887853
-9999.0 -9999.0 -9999.0 -9999.0 -9999.0 -9999.0 -9999.0 -9999.0 -9999.0 -9999.0 -9999.0 -9999.0 -9999.0 -9999.0 -9999.0 -9999.0 -9999.0 -9999.0 -9999.0 -9999.0 -9999.0 -9999.0 -9999.0 -9999.0 -9999.0 -9999.0 -9999.0 0.8335719660269428 0.8331664838187254 0.8327610016105079 0.8323555194022906 0.8319500371940731 0.8315445549858558 0.8311390727776383 0.8307335905694209 0.8303281083612035 0.8299226261529861 0.8295171439447686 0.8291116617365513 0.8287061795283331 0.8283006973201157 0.8278952151118983 0.8281438285545867 0.829091685031256
-9999.0 -9999.0 -9999.0 -9999.0 -9999.0 -9999.0 -9999.0 -9999.0 -9999.0 -9999.0 -9999.0 -9999.0 -9999.0 -9999.0 -9999.0 -9999.0 -9999.0 -9999.0 -9999.0 -9999.0 -9999.0 -9999.0 -9999.0 -9999.0 -9999.0 -9999.0 -9999.0 -9999.0 0.8339965666484483 0.833589273268378 0.8331819798883077 0.8327746865082373 0.8323673931281669 0.8319600997480966 0.8315528063680262 0.8311455129879559 0.8307382196078855 0.8303309262278151 0.8299236328477448 0.8295163394676738 0.8291090460876034 0.8287017527075331 0.8289625175964765 0.8299374518737264
-9999.0 -9999.0 -9999.0 -9999.0 -9999.0 -9999.0 -9999.0 -9999.0 -9999.0 -9999.0 -9999.0 -9999.0 -9999.0 -9999.0 -9999.0 -9999.0 -9999.0 -9999.0 -9999.0 -9999.0 -9999.0 -9999.0 -9999.0 -9999.0 -9999.0 -9999.0 -9999.0 -9999.0 -9999.0 0.834417544926248 0.8340084403743248 0.8335993358224014 0.8331902312704782 0.8327811267185549 0.8323720221666316 0.8319629176147083 0.8315538130627851 0.8311447085108618 0.8307356039589384 0.8303264994070145 0.8299173948550912 0.829508290303168 0.8297812066383664 0.8307832187161969
-9999.0 -9999.0 -9999.0 -9999.0 -9999.0 -9999.0 -9999.0 -9999.0 -9999.0 -9999.0 -9999.0 -9999.0 -9999.0 -9999.0 -9999.0 -9999.0 -9999.0 -9999.0 -9999.0 -9999.0 -9999.0 -9999.0 -9999.0 -9999.0 -9999.0 -9999.0 -9999.0 -9999.0 -9999.0 0.8352458165841188 0.8348349008603425 0.8344239851365663 0.8340130694127901 0.8336021536890139 0.8331912379652376 0.8327803222414615 0.8323694065176852 0.831958490793909 0.8315475750701328 0.8311366593463558 0.8307257436225797 0.8303148278988034 0.830599895680257 0.8316289855586682
