Figures/CREST_Example_wjb_NSE/PETs/wjb.pet.20100215.asc
ncols            288
nrows            254
xllcorner        113.274861
yllcorner        31.4918055
cellsize         0.008333333333
NODATA_value     -9999
[rows 171 to 189 of 254, columns 44 to 87 of 288]
0.7381041490069676 0.7346776039787185 0.7312510589504693 0.7278245139222201 0.724397968893971 0.7209714238657218 0.7175448788374726 0.7141183338092234 0.7106917887809685 0.7072652437527193 0.7038386987244701 0.7004121536962209 0.6969856086679718 0.6935590636397226 0.6901325186114734 0.6867059735832243 0.6832794285549751 0.6798528835267259 0.6764263384984768 0.6729997934702276 0.6695732484419784 0.6661467034137234 0.6627201583854743 0.659293613357225 0.6558670683289759 0.6524405233007268 0.6490139782724775 0.6455874332442284 0.6428985135782932 0.6409981320994733 0.6390977506206535 0.6371973691418338 0.6352969876630139 0.6333966061841941 0.631496224705371 0.6295958432265513 0.6276954617477314 0.6257950802689116 0.6238946987900919 0.621994317311272 0.6200939358324522 0.6181935543536323 0.6162931728748126 0.6143927913959928
0.7418930810287464 0.7383330866486174 0.7347730922684884 0.7312130978883595 0.7276531035082305 0.7240931091281015 0.7205331147479725 0.7169731203678437 0.7134131259877086 0.7098531316075797 0.7062931372274507 0.7027331428473217 0.6991731484671927 0.6956131540870638 0.6920531597069348 0.6884931653268058 0.6849331709466768 0.681373176566548 0.677813182186419 0.67425318780629 0.6706931934261611 0.667133199046026 0.663573204665897 0.6600132102857681 0.6564532159056391 0.6528932215255101 0.6493332271453811 0.6457732327652522 0.6429795941038285 0.6410052070299829 0.6390308199561371 0.6370564328822913 0.6350820458084456 0.6331076587345998 0.6311332716607507 0.629158884586905 0.6271844975130593 0.6252101104392136 0.6232357233653678 0.6212613362915221 0.6192869492176764 0.6173125621438307 0.6153381750699849 0.6133637879961392
0.7456820130505251 0.7419885693185163 0.7382951255865076 0.7346016818544988 0.7309082381224901 0.7272147943904813 0.7235213506584726 0.7198279069264638 0.7161344631944487 0.71244101946244 0.7087475757304312 0.7050541319984225 0.7013606882664137 0.697667244534405 0.6939738008023961 0.6902803570703874 0.6865869133383786 0.6828934696063699 0.6792000258743611 0.6755065821423524 0.6718131384103436 0.6681196946783285 0.6644262509463198 0.660732807214311 0.6570393634823023 0.6533459197502935 0.6496524760182848 0.645959032286276 0.6430606746293639 0.6410122819604923 0.6389638892916206 0.6369154966227489 0.6348671039538774 0.6328187112850057 0.6307703186161305 0.6287219259472588 0.6266735332783872 0.6246251406095156 0.6225767479406439 0.6205283552717722 0.6184799626029006 0.6164315699340289 0.6143831772651572 0.6123347845962857
0.7494709450723037 0.7456440519884152 0.7418171589045267 0.7379902658206381 0.7341633727367496 0.730336479652861 0.7265095865689725 0.722682693485084 0.7188558004011889 0.7150289073173003 0.7112020142334118 0.7073751211495232 0.7035482280656347 0.6997213349817462 0.6958944418978575 0.692067548813969 0.6882406557300804 0.6844137626461919 0.6805868695623034 0.6767599764784148 0.6729330833945263 0.6691061903106312 0.6652792972267426 0.6614524041428541 0.6576255110589655 0.653798617975077 0.6499717248911885 0.6461448318072999 0.6431417551548995 0.6410193568910019 0.6388969586271043 0.6367745603632067 0.6346521620993091 0.6325297638354115 0.6304073655715103 0.6282849673076127 0.6261625690437151 0.6240401707798175 0.62191777251592 0.6197953742520224 0.6176729759881248 0.6155505777242272 0.6134281794603296 0.611305781196432
0.7532598770940825 0.7492995346583141 0.7453391922225459 0.7413788497867775 0.7374185073510091 0.7334581649152407 0.7294978224794725 0.7255374800437041 0.721577137607929 0.7176167951721606 0.7136564527363923 0.709696110300624 0.7057357678648556 0.7017754254290873 0.697815082993319 0.6938547405575506 0.6898943981217822 0.6859340556860138 0.6819737132502456 0.6780133708144772 0.6740530283787088 0.6700926859429338 0.6661323435071654 0.6621720010713971 0.6582116586356288 0.6542513161998604 0.6502909737640921 0.6463306313283237 0.6432228356804348 0.6410264318215113 0.6388300279625878 0.6366336241036643 0.6344372202447408 0.6322408163858173 0.63004441252689 0.6278480086679665 0.625651604809043 0.6234552009501195 0.621258797091196 0.6190623932322725 0.616865989373349 0.6146695855144255 0.612473181655502 0.6102767777965785
0.7570488091158644 0.7529550173282161 0.7488612255405679 0.7447674337529196 0.7406736419652714 0.7365798501776232 0.7324860583899749 0.7283922666023266 0.7242984748146715 0.7202046830270231 0.7161108912393749 0.7120170994517266 0.7079233076640784 0.7038295158764302 0.6997357240887819 0.6956419323011337 0.6915481405134855 0.6874543487258371 0.6833605569381889 0.6792667651505406 0.6751729733628924 0.6710791815752372 0.6669853897875889 0.6628915979999407 0.6587978062122924 0.6547040144246442 0.650610222636996 0.6465164308493476 0.6433039162059703 0.6410335067520208 0.6387630972980713 0.6364926878441218 0.6342222783901723 0.6319518689362228 0.6296814594822695 0.62741105002832 0.6251406405743705 0.622870231120421 0.6205998216664715 0.618329412212522 0.6160590027585725 0.613788593304623 0.6115181838506735 0.6092477743967241
0.7608377411376431 0.7566104999981151 0.752383258858587 0.748156017719059 0.7439287765795309 0.7397015354400029 0.7354742943004748 0.7312470531609468 0.7270198120214116 0.7227925708818835 0.7185653297423555 0.7143380886028274 0.7101108474632994 0.7058836063237713 0.7016563651842433 0.6974291240447152 0.6932018829051872 0.6889746417656593 0.6847474006261312 0.6805201594866032 0.6762929183470751 0.6720656772075398 0.6678384360680119 0.6636111949284837 0.6593839537889558 0.6551567126494277 0.6509294715098997 0.6467022303703716 0.6433849967315058 0.6410405816825304 0.638696166633555 0.6363517515845796 0.6340073365356041 0.6316629214866287 0.6293185064376493 0.6269740913886739 0.6246296763396985 0.622285261290723 0.6199408462417476 0.6175964311927722 0.6152520161437968 0.6129076010948213 0.6105631860458459 0.6082187709968705
0.762752143183432 0.7586114198736358 0.7544706965638396 0.7503299732540434 0.7461892499442472 0.742048526634451 0.7379078033246548 0.7337670800148586 0.7296263567050554 0.7254856333952592 0.721344910085463 0.7172041867756668 0.7130634634658706 0.7089227401560744 0.7047820168462782 0.700641293536482 0.6965005702266858 0.6923598469168896 0.6882191236070934 0.6840784002972972 0.679937676987501 0.6757969536776978 0.6716562303679016 0.6675155070581054 0.6633747837483092 0.659234060438513 0.6550933371287168 0.6509526138189206 0.6476415365375351 0.6452173696155469 0.6427932026935587 0.6403690357715704 0.6379448688495823 0.6355207019275941 0.6330965350056018 0.6306723680836136 0.6282482011616255 0.6258240342396373 0.6233998673176491 0.6209757003956609 0.6185515334736728 0.6161273665516845 0.6137031996296963 0.6112790327077081
0.7626627908418174 0.7588437164137419 0.7550246419856664 0.7512055675575909 0.7473864931295153 0.7435674187014398 0.7397483442733643 0.7359292698452888 0.7321101954172068 0.7282911209891313 0.7244720465610558 0.7206529721329803 0.7168338977049048 0.7130148232768293 0.7091957488487538 0.7053766744206783 0.7015575999926027 0.6977385255645272 0.6939194511364517 0.6901003767083762 0.6862813022803007 0.6824622278522187 0.6786431534241432 0.6748240789960677 0.6710050045679922 0.6671859301399167 0.6633668557118412 0.6595477812837657 0.6563613791233966 0.6538513179194319 0.6513412567154672 0.6488311955115025 0.6463211343075377 0.643811073103573 0.641301011899604 0.6387909506956392 0.6362808894916745 0.6337708282877098 0.631260767083745 0.6287507058797803 0.6262406446758156 0.6237305834718508 0.6212205222678862 0.6187104610639214
0.7625734385002028 0.759076012953848 0.7555785874074932 0.7520811618611383 0.7485837363147835 0.7450863107684287 0.7415888852220739 0.738091459675719 0.7345940341293582 0.7310966085830034 0.7275991830366486 0.7241017574902938 0.7206043319439389 0.7171069063975841 0.7136094808512293 0.7101120553048745 0.7066146297585196 0.7031172042121648 0.69961977866581 0.6961223531194553 0.6926249275731005 0.6891275020267396 0.6856300764803848 0.68213265093403 0.6786352253876752 0.6751377998413204 0.6716403742949655 0.6681429487486107 0.6650812217092582 0.6624852662233169 0.6598893107373757 0.6572933552514344 0.6546973997654931 0.6521014442795519 0.6495054887936061 0.6469095333076649 0.6443135778217236 0.6417176223357823 0.6391216668498411 0.6365257113638998 0.6339297558779584 0.6313338003920171 0.6287378449060759 0.6261418894201346
0.7624840861585882 0.7593083094939541 0.7561325328293199 0.7529567561646858 0.7497809795000516 0.7466052028354175 0.7434294261707833 0.7402536495061492 0.7370778728415097 0.7339020961768755 0.7307263195122414 0.7275505428476072 0.7243747661829731 0.721198989518339 0.7180232128537049 0.7148474361890708 0.7116716595244366 0.7084958828598025 0.7053201061951683 0.7021443295305342 0.6989685528659 0.6957927762012605 0.6926169995366264 0.6894412228719922 0.6862654462073581 0.6830896695427239 0.6799138928780898 0.6767381162134556 0.6738010642951197 0.6711192145272018 0.6684373647592841 0.6657555149913662 0.6630736652234483 0.6603918154555306 0.6577099656876082 0.6550281159196903 0.6523462661517726 0.6496644163838547 0.6469825666159369 0.6443007168480192 0.6416188670801013 0.6389370173121836 0.6362551675442657 0.6335733177763478
0.7623947338169736 0.7595406060340602 0.7566864782511468 0.7538323504682333 0.7509782226853199 0.7481240949024064 0.7452699671194929 0.7424158393365795 -9999.0 0.7367075837707476 0.7338534559878342 0.7309993282049208 0.7281452004220073 0.7252910726390939 0.7224369448561804 0.719582817073267 0.7167286892903535 0.71387456150744 0.7110204337245266 0.7081663059416131 0.7053121781586996 0.7024580503757814 0.6996039225928679 0.6967497948099544 0.693895667027041 0.6910415392441275 0.6881874114612141 0.6853332836783006 0.6825209068809811 0.6797531628310868 0.6769854187811923 0.674217674731298 0.6714499306814037 0.6686821866315094 0.6659144425816103 0.6631466985317159 0.6603789544818215 0.6576112104319272 0.6548434663820328 0.6520757223321385 0.6493079782822442 0.6465402342323497 0.6437724901824554 0.6410047461325611
-9999.0 -9999.0 -9999.0 -9999.0 0.7521754658705889 0.7496429869693965 0.7471105080682039 0.7445780291670114 -9999.0 -9999.0 0.7369805924634296 0.7344481135622372 0.7319156346610447 0.7293831557598521 0.7268506768586597 0.7243181979574672 0.7217857190562746 0.7192532401550822 0.7167207612538897 0.7141882823526973 0.7116558034515047 0.7091233245503079 0.7065908456491155 0.7040583667479229 0.7015258878467304 0.698993408945538 0.6964609300443454 0.6939284511431529 0.6912407494668501 0.6883871111349791 0.6855334728031082 0.6826798344712371 0.6798261961393662 0.6769725578074952 0.6741189194756194 0.6712652811437484 0.6684116428118775 0.6655580044800065 0.6627043661481355 0.6598507278162645 0.6569970894843936 0.6541434511525226 0.6512898128206517 0.6484361744887807
-9999.0 -9999.0 -9999.0 -9999.0 -9999.0 0.7511618790363853 -9999.0 -9999.0 -9999.0 -9999.0 -9999.0 -9999.0 0.7356860689000789 0.7334752388806071 0.7312644088611353 0.7290535788416634 0.7268427488221917 0.7246319188027198 0.7224210887832481 0.7202102587637762 0.7179994287443044 0.7157885987248288 0.713577768705357 0.7113669386858852 0.7091561086664134 0.7069452786469417 0.7047344486274698 0.7025236186079981 0.6999605920527117 0.6970210594388642 0.6940815268250166 0.6911419942111691 0.6882024615973216 0.6852629289834741 0.6823233963696216 0.6793838637557741 0.6764443311419265 0.673504798528079 0.6705652659142315 0.667625733300384 0.6646862006865365 0.661746668072689 0.6588071354588415 0.6558676028449939
-9999.0 -9999.0 -9999.0 -9999.0 -9999.0 -9999.0 -9999.0 -9999.0 -9999.0 -9999.0 -9999.0 -9999.0 -9999.0 0.737567322001362 0.7356781408636108 0.7337889597258597 0.7318997785881085 0.7300105974503575 0.7281214163126063 0.7262322351748551 0.7243430540371041 0.7224538728993497 0.7205646917615985 0.7186755106238475 0.7167863294860963 0.7148971483483452 0.7130079672105941 0.711118786072843 0.7086804346385731 0.705655007742749 0.702629580846925 0.699604153951101 0.6965787270552769 0.6935533001594528 0.6905278732636236 0.6875024463677996 0.6844770194719755 0.6814515925761515 0.6784261656803274 0.6754007387845034 0.6723753118886793 0.6693498849928552 0.6663244580970312 0.6632990312012071
-9999.0 -9999.0 -9999.0 -9999.0 -9999.0 -9999.0 -9999.0 -9999.0 -9999.0 -9999.0 -9999.0 -9999.0 -9999.0 -9999.0 -9999.0 -9999.0 -9999.0 -9999.0 -9999.0 0.7322542115859342 0.7306866793299037 0.7291191470738706 0.7275516148178403 0.7259840825618098 0.7244165503057793 0.7228490180497489 0.7212814857937184 0.719713953537688 0.7174002772244347 0.714288956046634 0.7111776348688335 0.7080663136910329 0.7049549925132322 0.7018436713354317 0.6987323501576258 0.6956210289798251 0.6925097078020246 0.6893983866242239 0.6862870654464234 0.6831757442686228 0.6800644230908222 0.6769531019130216 0.6738417807352209 0.6707304595574204
-9999.0 -9999.0 -9999.0 -9999.0 -9999.0 -9999.0 -9999.0 -9999.0 -9999.0 -9999.0 -9999.0 -9999.0 -9999.0 -9999.0 -9999.0 -9999.0 -9999.0 -9999.0 -9999.0 0.7382761879970131 0.7370303046227034 0.7357844212483915 0.7345385378740817 0.733292654499772 0.7320467711254622 0.7308008877511525 0.7295550043768427 0.728309121002533 0.7261201198102961 0.722922904350519 0.7197256888907418 0.7165284734309647 0.7133312579711876 0.7101340425114104 0.7069368270516279 0.7037396115918507 0.7005423961320736 0.6973451806722964 0.6941479652125193 0.6909507497527422 0.687753534292965 0.6845563188331879 0.6813591033734108 0.6781618879136336
-9999.0 -9999.0 -9999.0 -9999.0 -9999.0 -9999.0 -9999.0 -9999.0 -9999.0 -9999.0 -9999.0 -9999.0 -9999.0 -9999.0 -9999.0 -9999.0 -9999.0 0.7461466333932703 0.7452223989006812 0.7442981644080922 0.7433739299155031 0.7424496954229124 0.7415254609303233 0.7406012264377343 0.7396769919451452 0.7387527574525562 0.7378285229599671 0.736904288467378 0.7348399623961577 0.731556852654404 0.7282737429126503 0.7249906331708966 0.7217075234291429 0.7184244136873893 0.71514130394563 0.7118581942038763 0.7085750844621226 0.705291974720369 0.7020088649786153 0.6987257552368615 0.6954426454951079 0.6921595357533542 0.6888764260116005 0.6855933162698469
-9999.0 -9999.0 -9999.0 -9999.0 -9999.0 -9999.0 -9999.0 -9999.0 -9999.0 -9999.0 -9999.0 -9999.0 -9999.0 -9999.0 -9999.0 -9999.0 0.7521278976517806 0.7515253120409124 0.7509227264300443 0.7503201408191762 0.7497175552083081 0.749114969597439 0.7485123839865708 0.7479097983757027 0.7473072127648346 0.7467046271539665 0.7461020415430983 0.7454994559322303 0.7435598049820266 0.7401908009582963 0.736821796934566 0.7334527929108356 0.7300837888871053 0.726714784863375 0.7233457808396391 0.7199767768159088 0.7166077727921785 0.7132387687684482 0.7098697647447179 0.7065007607209876 0.7031317566972572 0.6997627526735269 0.6963937486497966 0.6930247446260664
