Figures/CREST_Example_wjb_NSE/PETs/wjb.pet.20101201.asc
ncols            288
nrows            254
xllcorner        113.274861
yllcorner        31.4918055
cellsize         0.008333333333
NODATA_value     -9999
[rows 114 to 132 of 254, columns 132 to 175 of 288]
0.8695245060390677 0.8698068918429195 0.8700892776467712 0.870371663450623 0.8706540492544748 0.8709364350583265 0.8712188208621783 0.87150120666603 0.8717835924698818 0.8720659782737334 0.8723483640775852 0.8726307498814375 0.8729131356852892 0.8731955214891409 0.8734779072929927 0.8737602930968444 0.8740426789006962 0.874325064704548 0.8746074505083997 0.8748898363122515 0.8751722221161032 0.875454607919955 0.8757369937238066 0.8760193795276584 0.8763017653315107 0.8765841511353624 0.8768665369392141 0.8771489227430659 0.8774313085469176 0.8777136943507694 0.8779946517807579 0.8782740822467744 0.878553512712791 0.8788329431788076 0.8791123736448242 0.8793918041108408 0.8796712345768574 0.8799506650428744 0.8802300955088911 0.8805095259749076 0.8807889564409243 0.8810683869069408 0.8813478173729574 0.8816272478389741
0.8713222407579848 0.8716291517966933 0.8719360628354017 0.8722429738741102 0.8725498849128186 0.8728567959515271 0.8731637069902355 0.873470618028944 0.8737775290676524 0.8740844401063609 0.8743913511450693 0.8746982621837782 0.8750051732224867 0.8753120842611951 0.8756189952999036 0.875925906338612 0.8762328173773205 0.8765397284160289 0.8768466394547373 0.8771535504934458 0.8774604615321542 0.8777673725708627 0.8780742836095711 0.8783811946482796 0.8786881056869885 0.8789950167256969 0.8793019277644054 0.8796088388031138 0.8799157498418223 0.8802226608805307 0.8805147392964562 0.8807909613030909 0.8810671833097257 0.8813434053163604 0.881619627322995 0.8818958493296298 0.8821720713362645 0.8824482933428998 0.8827245153495344 0.8830007373561691 0.8832769593628039 0.8835531813694386 0.8838294033760733 0.8841056253827081
0.8731199754769019 0.873451411750467 0.8737828480240322 0.8741142842975973 0.8744457205711624 0.8747771568447276 0.8751085931182927 0.8754400293918578 0.875771465665423 0.8761029019389881 0.8764343382125532 0.8767657744861189 0.877097210759684 0.8774286470332492 0.8777600833068143 0.8780915195803795 0.8784229558539446 0.8787543921275097 0.8790858284010749 0.87941726467464 0.8797487009482051 0.8800801372217703 0.8804115734953354 0.8807430097689005 0.8810744460424662 0.8814058823160313 0.8817373185895965 0.8820687548631616 0.8824001911367267 0.8827316274102919 0.8830348268121544 0.8833078403594072 0.8835808539066602 0.883853867453913 0.8841268810011659 0.8843998945484187 0.8846729080956716 0.8849459216429248 0.8852189351901778 0.8854919487374306 0.8857649622846835 0.8860379758319363 0.8863109893791892 0.886584002926442
0.874917710195819 0.8752736717042409 0.8756296332126627 0.8759855947210845 0.8763415562295064 0.8766975177379281 0.87705347924635 0.8774094407547718 0.8777654022631937 0.8781213637716155 0.8784773252800373 0.8788332867884597 0.8791892482968816 0.8795452098053034 0.8799011713137252 0.880257132822147 0.8806130943305689 0.8809690558389907 0.8813250173474125 0.8816809788558344 0.8820369403642562 0.882392901872678 0.8827488633810998 0.8831048248895217 0.8834607863979441 0.8838167479063659 0.8841727094147878 0.8845286709232096 0.8848846324316314 0.8852405939400533 0.8855549143278528 0.8858247194157237 0.8860945245035947 0.8863643295914657 0.8866341346793367 0.8869039397672077 0.8871737448550787 0.8874435499429502 0.8877133550308212 0.8879831601186922 0.888252965206563 0.888522770294434 0.888792575382305 0.889062380470176
0.8769007294601593 0.8772621352633935 0.8776235410666277 0.8779849468698618 0.878346352673096 0.8787077584763301 0.8790691642795643 0.8794305700827985 0.8797919758860326 0.8801533816892668 0.880514787492501 0.8808761932957357 0.8812375990989699 0.8815990049022041 0.8819604107054383 0.8823218165086725 0.8826832223119065 0.8830446281151407 0.8834060339183749 0.8837674397216091 0.8841288455248433 0.8844902513280775 0.8848516571313116 0.8852130629345457 0.8855744687377806 0.8859358745410147 0.8862972803442489 0.886658686147483 0.8870200919507172 0.8873814977539514 0.8876990261701119 0.8879696486669195 0.8882402711637273 0.888510893660535 0.8887815161573427 0.8890521386541504 0.8893227611509582 0.8895933836477663 0.8898640061445741 0.8901346286413818 0.8904052511381895 0.8906758736349972 0.890946496131805 0.8912171186286126
0.879081806222641 0.8794282599987017 0.8797747137747625 0.8801211675508231 0.8804676213268839 0.8808140751029446 0.8811605288790054 0.8815069826550661 0.8818534364311269 0.8821998902071876 0.8825463439832484 0.8828927977593096 0.8832392515353704 0.8835857053114311 0.8839321590874919 0.8842786128635526 0.8846250666396134 0.8849715204156741 0.8853179741917349 0.8856644279677955 0.8860108817438563 0.886357335519917 0.8867037892959778 0.8870502430720385 0.8873966968480999 0.8877431506241606 0.8880896044002213 0.8884360581762821 0.8887825119523428 0.8891289657284036 0.8894412437201334 0.8897169870253073 0.8899927303304811 0.890268473635655 0.8905442169408287 0.8908199602460025 0.8910957035511764 0.8913714468563506 0.8916471901615245 0.8919229334666983 0.8921986767718721 0.8924744200770459 0.8927501633822197 0.8930259066873936
0.8812628829851227 0.88159438473401 0.8819258864828973 0.8822573882317846 0.8825888899806719 0.8829203917295593 0.8832518934784466 0.8835833952273339 0.8839148969762212 0.8842463987251085 0.8845779004739958 0.8849094022228836 0.8852409039717709 0.8855724057206582 0.8859039074695456 0.8862354092184329 0.8865669109673202 0.8868984127162075 0.8872299144650948 0.8875614162139821 0.8878929179628694 0.8882244197117567 0.888555921460644 0.8888874232095314 0.8892189249584193 0.8895504267073066 0.8898819284561938 0.8902134302050811 0.8905449319539684 0.8908764337028557 0.8911834612701551 0.891464325383695 0.8917451894972349 0.8920260536107748 0.8923069177243147 0.8925877818378546 0.8928686459513946 0.8931495100649349 0.8934303741784748 0.8937112382920147 0.8939921024055546 0.8942729665190945 0.8945538306326345 0.8948346947461744
0.8834439597476043 0.8837605094693182 0.8840770591910321 0.884393608912746 0.8847101586344598 0.8850267083561737 0.8853432580778876 0.8856598077996015 0.8859763575213153 0.8862929072430292 0.8866094569647431 0.8869260066864575 0.8872425564081714 0.8875591061298853 0.8878756558515992 0.888192205573313 0.8885087552950269 0.8888253050167408 0.8891418547384548 0.8894584044601686 0.8897749541818825 0.8900915039035964 0.8904080536253103 0.8907246033470241 0.8910411530687385 0.8913577027904525 0.8916742525121664 0.8919908022338802 0.8923073519555941 0.892623901677308 0.8929256788201768 0.8932116637420827 0.8934976486639887 0.8937836335858947 0.8940696185078008 0.8943556034297068 0.8946415883516128 0.8949275732735192 0.8952135581954253 0.8954995431173313 0.8957855280392373 0.8960715129611432 0.8963574978830492 0.8966434828049552
0.885625036510086 0.8859266342046264 0.8862282318991669 0.8865298295937073 0.8868314272882477 0.8871330249827882 0.8874346226773286 0.8877362203718691 0.8880378180664096 0.88833941576095 0.8886410134554904 0.8889426111500314 0.8892442088445719 0.8895458065391123 0.8898474042336527 0.8901490019281932 0.8904505996227337 0.8907521973172741 0.8910537950118146 0.891355392706355 0.8916569904008955 0.8919585880954359 0.8922601857899763 0.8925617834845169 0.8928633811790578 0.8931649788735982 0.8934665765681387 0.8937681742626792 0.8940697719572196 0.89437136965176 0.8946678963701983 0.8949590021004704 0.8952501078307424 0.8955412135610146 0.8958323192912867 0.8961234250215587 0.8964145307518309 0.8967056364821034 0.8969967422123756 0.8972878479426476 0.8975789536729197 0.8978700594031919 0.8981611651334639 0.898452270863736
0.8878061132725676 0.8880927589399347 0.8883794046073017 0.8886660502746687 0.8889526959420357 0.8892393416094028 0.8895259872767698 0.8898126329441368 0.8900992786115038 0.8903859242788709 0.8906725699462379 0.8909592156136054 0.8912458612809724 0.8915325069483394 0.8918191526157064 0.8921057982830735 0.8923924439504405 0.8926790896178075 0.8929657352851745 0.8932523809525416 0.8935390266199086 0.8938256722872756 0.8941123179546426 0.8943989636220097 0.8946856092893771 0.8949722549567442 0.8952589006241112 0.8955455462914782 0.8958321919588452 0.8961188376262123 0.89641011392022 0.8967063404588581 0.8970025669974963 0.8972987935361345 0.8975950200747727 0.8978912466134109 0.898187473152049 0.8984836996906878 0.8987799262293259 0.899076152767964 0.8993723793066023 0.8996686058452404 0.8999648323838787 0.9002610589225168
0.8899871900350512 0.8902588836752447 0.8905305773154384 0.8908022709556319 0.8910739645958256 0.8913456582360191 0.8916173518762127 0.8918890455164062 0.8921607391565999 0.8924324327967934 0.892704126436987 0.892975820077181 0.8932475137173747 0.8935192073575682 0.8937909009977618 0.8940625946379553 0.894334288278149 0.8946059819183425 0.8948776755585361 0.8951493691987297 0.8954210628389233 0.8956927564791168 0.8959644501193105 0.896236143759504 0.8965078373996981 0.8967795310398916 0.8970512246800852 0.8973229183202788 0.8975946119604724 0.8978663056006659 0.8981523314702431 0.8984536788172474 0.8987550261642517 0.899056373511256 0.8993577208582603 0.8996590682052645 0.8999604155522688 0.9002617628992736 0.9005631102462779 0.9008644575932822 0.9011658049402864 0.9014671522872907 0.901768499634295 0.9020698469812992
0.8921682667975328 0.892425008410553 0.8926817500235732 0.8929384916365933 0.8931952332496135 0.8934519748626336 0.8937087164756538 0.8939654580886739 0.894222199701694 0.8944789413147142 0.8947356829277344 0.894992424540755 0.8952491661537751 0.8955059077667953 0.8957626493798154 0.8960193909928356 0.8962761326058557 0.8965328742188758 0.896789615831896 0.8970463574449162 0.8973030990579364 0.8975598406709565 0.8978165822839766 0.8980733238969968 0.8983300655100174 0.8985868071230375 0.8988435487360577 0.8991002903490779 0.899357031962098 0.8996137735751182 0.8998945490202648 0.9002010171756352 0.9005074853310056 0.9008139534863759 0.9011204216417462 0.9014268897971166 0.901733357952487 0.9020398261078579 0.9023462942632282 0.9026527624185986 0.902959230573969 0.9032656987293394 0.9035721668847098 0.9038786350400801
0.8943493435600146 0.8945911331458613 0.894832922731708 0.8950747123175548 0.8953165019034014 0.8955582914892481 0.8958000810750949 0.8960418706609417 0.8962836602467883 0.896525449832635 0.8967672394184818 0.8970090290043289 0.8972508185901756 0.8974926081760223 0.897734397761869 0.8979761873477158 0.8982179769335625 0.8984597665194092 0.8987015561052559 0.8989433456911027 0.8991851352769493 0.8994269248627961 0.8996687144486428 0.8999105040344895 0.9001522936203367 0.9003940832061834 0.9006358727920301 0.9008776623778768 0.9011194519637236 0.9013612415495702 0.9016367665702864 0.9019483555340227 0.9022599444977593 0.9025715334614957 0.9028831224252322 0.9031947113889687 0.9035063003527051 0.9038178893164421 0.9041294782801785 0.904441067243915 0.9047526562076514 0.905064245171388 0.9053758341351245 0.9056874230988609
0.8965304203224962 0.8967572578811694 0.8969840954398428 0.8972109329985161 0.8974377705571893 0.8976646081158627 0.8978914456745359 0.8981182832332093 0.8983451207918826 0.8985719583505558 0.8987987959092292 0.8990256334679028 0.8992524710265761 0.8994793085852494 0.8997061461439226 0.899932983702596 0.9001598212612693 0.9003866588199425 0.9006134963786159 0.9008403339372891 0.9010671714959624 0.9012940090546357 0.901520846613309 0.9017476841719823 0.901974521730656 0.9022013592893293 0.9024281968480026 0.9026550344066758 0.9028818719653492 0.9031087095240224 0.9033789841203079 0.9036956938924106 0.9040124036645131 0.9043291134366156 0.9046458232087182 0.9049625329808207 0.9052792427529233 0.9055959525250263 0.905912662297129 0.9062293720692315 0.9065460818413341 0.9068627916134366 0.9071795013855392 0.9074962111576418
0.8987114970849779 0.8989233826164778 0.8991352681479776 0.8993471536794775 0.8995590392109774 0.8997709247424771 0.899982810273977 0.9001946958054768 0.9004065813369767 0.9006184668684766 0.9008303523999764 0.9010422379314768 0.9012541234629766 0.9014660089944765 0.9016778945259764 0.9018897800574761 0.902101665588976 0.9023135511204758 0.9025254366519757 0.9027373221834756 0.9029492077149754 0.9031610932464753 0.9033729787779752 0.903584864309475 0.9037967498409754 0.9040086353724752 0.904220520903975 0.9044324064354748 0.9046442919669747 0.9048561774984746 0.9051212016703296 0.9054430322507983 0.9057648628312669 0.9060866934117355 0.9064085239922042 0.9067303545726728 0.9070521851531415 0.9073740157336107 0.9076958463140793 0.9080176768945479 0.9083395074750166 0.9086613380554852 0.908983168635954 0.9093049992164226
0.9008925738474596 0.9010895073517861 0.9012864408561124 0.9014833743604389 0.9016803078647653 0.9018772413690918 0.9020741748734182 0.9022711083777446 0.9024680418820711 0.9026649753863975 0.9028619088907239 0.9030588423950506 0.9032557758993771 0.9034527094037036 0.90364964290803 0.9038465764123564 0.9040435099166828 0.9042404434210093 0.9044373769253358 0.9046343104296621 0.9048312439339886 0.905028177438315 0.9052251109426415 0.9054220444469678 0.9056189779512946 0.9058159114556211 0.9060128449599475 0.906209778464274 0.9064067119686003 0.9066036454729268 0.9068634192203512 0.907190370609186 0.9075173219980207 0.9078442733868555 0.9081712247756902 0.9084981761645249 0.9088251275533596 0.909152078942195 0.9094790303310297 0.9098059817198645 0.9101329331086992 0.9104598844975339 0.9107868358863687 0.9111137872752034
0.9030736506099413 0.9032556320870943 0.9034376135642472 0.9036195950414002 0.9038015765185532 0.9039835579957063 0.9041655394728593 0.9043475209500123 0.9045295024271652 0.9047114839043182 0.9048934653814713 0.9050754468586246 0.9052574283357776 0.9054394098129306 0.9056213912900836 0.9058033727672367 0.9059853542443896 0.9061673357215426 0.9063493171986956 0.9065312986758486 0.9067132801530017 0.9068952616301547 0.9070772431073076 0.9072592245844606 0.9074412060616139 0.907623187538767 0.90780516901592 0.907987150493073 0.908169131970226 0.908351113447379 0.9086056367703729 0.9089377089675736 0.9092697811647745 0.9096018533619754 0.9099339255591762 0.9102659977563771 0.9105980699535778 0.9109301421507793 0.91126221434798 0.9115942865451809 0.9119263587423817 0.9122584309395826 0.9125905031367834 0.9129225753339842
0.9052547273724247 0.9054217568224043 0.9055887862723838 0.9057558157223634 0.905922845172343 0.9060898746223226 0.9062569040723021 0.9064239335222817 0.9065909629722613 0.9067579924222408 0.9069250218722203 0.9070920513222002 0.9072590807721798 0.9074261102221594 0.907593139672139 0.9077601691221184 0.907927198572098 0.9080942280220776 0.9082612574720572 0.9084282869220367 0.9085953163720163 0.9087623458219959 0.9089293752719754 0.909096404721955 0.9092634341719348 0.9094304636219144 0.909597493071894 0.9097645225218736 0.909931551971853 0.9100985814218326 0.910347854320396 0.9106850473259629 0.9110222403315298 0.9113594333370968 0.9116966263426637 0.9120338193482306 0.9123710123537975 0.912708205359365 0.9130453983649319 0.9133825913704989 0.9137197843760658 0.9140569773816327 0.9143941703871997 0.9147313633927666
0.9074358041349064 0.9075878815577126 0.9077399589805187 0.9078920364033248 0.908044113826131 0.9081961912489371 0.9083482686717432 0.9085003460945494 0.9086524235173555 0.9088045009401616 0.9089565783629678 0.9091086557857742 0.9092607332085804 0.9094128106313865 0.9095648880541926 0.9097169654769988 0.9098690428998049 0.910021120322611 0.9101731977454172 0.9103252751682233 0.9104773525910294 0.9106294300138356 0.9107815074366417 0.9109335848594478 0.9110856622822542 0.9112377397050603 0.9113898171278665 0.9115418945506726 0.9116939719734787 0.9118460493962849 0.9120900718704176 0.9124323856843506 0.9127746994982836 0.9131170133122166 0.9134593271261496 0.9138016409400826 0.9141439547540158 0.9144862685679493 0.9148285823818824 0.9151708961958154 0.9155132100097484 0.9158555238236814 0.9161978376376144 0.9165401514515474
