Figures/CREST_Example_wjb_NSE/PETs/wjb.pet.20091129.asc
ncols            288
nrows            254
xllcorner        113.274861
yllcorner        31.4918055
cellsize         0.008333333333
NODATA_value     -9999
[rows 180 to 199 of 254, columns 215 to 257 of 288]
0.5389113397498608 0.5376524540719693 0.5363935683940777 0.5351346827161861 0.5338757970382946 0.532616911360403 0.5313580256825093 0.5299598240624461 0.5284126905472393 0.5268655570320324 0.5253184235168257 0.5237712900016188 0.522224156486412 0.5206770229712051 0.5191298894559983 0.5175827559407915 0.5160356224255847 0.5144884889103778 0.5129413553951709 0.5113942218799615 0.5098470883647547 0.5082999548495478 0.506752821334341 0.5052056878191342 0.5036585543039274 0.5021114207887205 0.5005642872735137 0.49901715375830685 0.4974700202431 0.4959228867278932 0.49437575321268634 0.49282861969747954 0.4912814861822701 0.4897343526670632 0.48818721915185637 0.48664008563664957 0.4850929521214427 0.48380836099105035 0.48280443361316494 0.48180050623527954 -9999.0 -9999.0 -9999.0
0.5396099367627424 0.538326076804643 0.5370422168465434 0.535758356888444 0.5344744969303445 0.533190636972245 0.5319067770141434 0.530490739114423 0.5289334000036933 0.5273760608929634 0.5258187217822337 0.5242613826715038 0.5227040435607739 0.5211467044500442 0.5195893653393143 0.5180320262285846 0.5164746871178547 0.514917348007125 0.5133600088963951 0.5118026697856627 0.5102453306749328 0.5086879915642031 0.5071306524534732 0.5055733133427435 0.5040159742320136 0.5024586351212839 0.500901296010554 0.4993439568998242 0.4977866177890944 0.4962292786783646 0.4946719395676348 0.493114600456905 0.4915572613461725 0.4899999222354427 0.4884425831247129 0.4868852440139831 0.4853279049032533 0.4840209962979394 0.4829818035718803 -9999.0 -9999.0 -9999.0 -9999.0
0.5403085337756239 0.5389996995373165 0.5376908652990091 0.5363820310607017 0.5350731968223943 0.5337643625840869 0.5324555283457773 0.5310216541663998 0.529454109460147 0.5278865647538943 0.5263190200476415 0.5247514753413887 0.5231839306351359 0.5216163859288832 0.5200488412226304 0.5184812965163775 0.5169137518101248 0.515346207103872 0.5137786623976193 0.5122111176913637 0.510643572985111 0.5090760282788582 0.5075084835726055 0.5059409388663526 0.5043733941600999 0.5028058494538471 0.5012383047475943 0.49967076004134153 0.4981032153350887 0.49653567062883597 0.49496812592258316 0.4934005812163304 0.49183303651007493 0.4902654918038222 0.48869794709756936 0.4871304023913166 0.4855628576850638 0.48423363160482846 -9999.0 -9999.0 -9999.0 -9999.0 -9999.0
0.5410071307885059 0.5396733222699907 0.5383395137514753 0.53700570523296 0.5356718967144446 0.5343380881959293 0.5330042796774117 0.531552569218377 0.5299748189166013 0.5283970686148255 0.5268193183130497 0.525241568011274 0.5236638177094982 0.5220860674077225 0.5205083171059467 0.5189305668041709 0.5173528165023952 0.5157750662006194 0.5141973158988437 0.5126195655970652 0.5110418152952895 0.5094640649935137 0.507886314691738 0.5063085643899622 0.5047308140881864 0.5031530637864106 0.5015753134846348 0.4999975631828591 0.49841981288108334 0.4968420625793076 0.4952643122775318 0.493686561975756 0.4921088116739776 0.4905310613722018 0.48895331107042606 0.4873755607686503 0.48579781046687454 0.48444626691171766 0.48333654348931115 -9999.0 -9999.0 -9999.0 -9999.0
0.5417057278013875 0.5403469450026643 0.5389881622039411 0.5376293794052178 0.5362705966064946 0.5349118138077713 0.5335530310090457 0.532083484270354 0.5304955283730552 0.5289075724757565 0.5273196165784577 0.525731660681159 0.5241437047838603 0.5225557488865615 0.5209677929892628 0.519379837091964 0.5177918811946653 0.5162039252973666 0.5146159694000678 0.5130280135027664 0.5114400576054676 0.5098521017081689 0.5082641458108701 0.5066761899135714 0.5050882340162727 0.5035002781189739 0.5019123222216751 0.5003243663243764 0.4987364104270777 0.49714845452977896 0.4955604986324802 0.4939725427351815 0.49238458683788 0.4907966309405813 0.4892086750432825 0.4876207191459838 0.48603276324868505 0.4846589022186067 0.4835139134480265 -9999.0 -9999.0 -9999.0 -9999.0
0.542404324814269 0.5410205677353379 0.5396368106564067 0.5382530535774755 0.5368692964985443 0.5354855394196132 0.5341017823406796 0.5326143993223308 0.531016237829509 0.5294180763366874 0.5278199148438656 0.5262217533510439 0.5246235918582222 0.5230254303654005 0.5214272688725787 0.5198291073797571 0.5182309458869353 0.5166327843941136 0.5150346229012919 0.5134364614084674 0.5118382999156458 0.510240138422824 0.5086419769300023 0.5070438154371806 0.5054456539443589 0.5038474924515371 0.5022493309587155 0.5006511694658937 0.49905300797307206 0.49745484648025035 0.49585668498742863 0.4942585234946069 0.4926603620017825 0.49106220050896077 0.48946403901613905 0.48786587752331734 0.4862677160304956 0.4848715375254957 0.4836912834067419 -9999.0 -9999.0 -9999.0 -9999.0
0.5431029218271505 0.5416941904680115 0.5402854591088724 0.5388767277497333 0.5374679963905942 0.5360592650314551 0.5346505336723135 0.5331453143743076 0.5315369472859629 0.5299285801976181 0.5283202131092735 0.5267118460209288 0.5251034789325841 0.5234951118442395 0.5218867447558947 0.52027837766755 0.5186700105792054 0.5170616434908607 0.515453276402516 0.5138449093141686 0.5122365422258239 0.5106281751374792 0.5090198080491345 0.5074114409607898 0.5058030738724452 0.5041947067841004 0.5025863396957557 0.5009779726074111 0.4993696055190664 0.4977612384307217 0.496152871342377 0.4945445042540323 0.4929361371656849 0.4913277700773402 0.4897194029889955 0.48811103590065086 0.48650266881230614 -9999.0 -9999.0 -9999.0 -9999.0 -9999.0 -9999.0
0.543801518840032 0.542367813200685 0.540934107561338 0.539500401921991 0.5380666962826439 0.536632990643297 0.5351992850039475 0.5336762294262843 0.5320576567424167 0.530439084058549 0.5288205113746813 0.5272019386908137 0.525583366006946 0.5239647933230784 0.5223462206392108 0.5207276479553431 0.5191090752714754 0.5174905025876078 0.5158719299037401 0.5142533572198696 0.512634784536002 0.5110162118521343 0.5093976391682666 0.5077790664843991 0.5061604938005314 0.5045419211166637 0.5029233484327961 0.5013047757489284 0.49968620306506073 0.49806763038119306 0.4964490576973254 0.4948304850134577 0.49321191232958733 0.49159333964571966 0.489974766961852 0.4883561942779843 -9999.0 -9999.0 -9999.0 -9999.0 -9999.0 -9999.0 -9999.0
0.5445001158529136 0.5430414359333586 0.5415827560138037 0.5401240760942488 0.5386653961746939 0.5372067162551389 0.5357480363355815 0.5342071444782612 0.5325783661988707 0.53094958791948 0.5293208096400893 0.5276920313606988 0.5260632530813081 0.5244344748019174 0.5228056965225268 0.5211769182431362 0.5195481399637455 0.5179193616843549 0.5162905834049643 0.5146618051255708 0.5130330268461802 0.5114042485667896 0.5097754702873989 0.5081466920080083 0.5065179137286177 0.504889135449227 0.5032603571698364 0.5016315788904457 0.5000028006110551 0.49837402233166445 0.4967452440522738 0.4951164657728832 0.49348768749348976 0.49185890921409914 0.4902301309347085 0.48860135265531784 -9999.0 -9999.0 -9999.0 -9999.0 -9999.0 -9999.0 -9999.0
0.5451987128657957 0.5437150586660328 0.5422314044662699 0.540747750266507 0.5392640960667442 0.5377804418669813 0.5362967876672159 0.5347380595302385 0.5330990756553249 0.5314600917804112 0.5298211079054976 0.528182124030584 0.5265431401556704 0.5249041562807568 0.5232651724058431 0.5216261885309296 0.5199872046560159 0.5183482207811023 0.5167092369061886 0.5150702530312723 0.5134312691563586 0.511792285281445 0.5101533014065314 0.5085143175316178 0.5068753336567041 0.5052363497817906 0.5035973659068769 0.5019583820319633 0.5003193981570497 0.49868041428213605 0.49704143040722243 0.4954024465323088 0.4937634626573924 0.4921244787824788 0.49048549490756516 0.48884651103265153 -9999.0 -9999.0 -9999.0 -9999.0 -9999.0 -9999.0 -9999.0
0.5458973098786771 0.5443886813987063 0.5428800529187355 0.5413714244387647 0.539862795958794 0.5383541674788233 0.5368455389988498 0.5352689745822152 0.5336197851117787 0.5319705956413421 0.5303214061709055 0.5286722167004689 0.5270230272300324 0.5253738377595957 0.5237246482891591 0.5220754588187225 0.520426269348286 0.5187770798778494 0.5171278904074128 0.5154787009369733 0.5138295114665368 0.5121803219961002 0.5105311325256636 0.5088819430552269 0.5072327535847904 0.5055835641143538 0.5039343746439172 0.5022851851734806 0.5006359957030441 0.49898680623260744 0.49733761676217086 0.49568842729173423 0.49403923782129483 0.49239004835085826 0.4907408588804217 0.48909166940998505 0.4874424799395485 -9999.0 -9999.0 -9999.0 -9999.0 -9999.0 -9999.0
0.5465959068915587 0.54506230413138 0.5435287013712014 0.5419950986110226 0.5404614958508439 0.5389278930906652 0.5373942903304839 0.5357998896341922 0.5341404945682326 0.5324810995022731 0.5308217044363135 0.5291623093703539 0.5275029143043943 0.5258435192384348 0.5241841241724752 0.5225247291065156 0.520865334040556 0.5192059389745964 0.517546543908637 0.5158871488426745 0.5142277537767149 0.5125683587107553 0.5109089636447958 0.5092495685788363 0.5075901735128767 0.5059307784469171 0.5042713833809576 0.502611988314998 0.5009525932490384 0.4992931981830788 0.49763380311711924 0.4959744080511597 0.4943150129851973 0.49265561791923773 0.49099622285327815 0.4893368277873186 0.487677432721359 -9999.0 -9999.0 -9999.0 -9999.0 -9999.0 -9999.0
0.5472945039044402 0.5457359268640536 0.544177349823667 0.5426187727832803 0.5410601957428938 0.5395016187025071 0.5379430416621178 0.536330804686169 0.5346612040246864 0.5329916033632038 0.5313220027017214 0.5296524020402388 0.5279828013787563 0.5263132007172737 0.5246436000557911 0.5229739993943087 0.5213043987328261 0.5196347980713436 0.517965197409861 0.5162955967483757 0.5146259960868931 0.5129563954254105 0.511286794763928 0.5096171941024454 0.507947593440963 0.5062779927794804 0.5046083921179978 0.5029387914565153 0.5012691907950327 0.4995995901335502 0.4979299894720677 0.4962603888105851 0.49459078814909974 0.4929211874876172 0.4912515868261347 0.4895819861646521 0.48791238550316957 -9999.0 -9999.0 -9999.0 -9999.0 -9999.0 -9999.0
0.5479931009173217 0.5464095495967272 0.5448259982761327 0.543242446955538 0.5416588956349435 0.540075344314349 0.5384917929937517 0.5368617197381458 0.5351819134811403 0.5335021072241347 0.5318223009671292 0.5301424947101236 0.5284626884531182 0.5267828821961127 0.5251030759391071 0.5234232696821016 0.5217434634250961 0.5200636571680906 0.5183838509110851 0.5167040446540767 0.5150242383970712 0.5133444321400656 0.5116646258830602 0.5099848196260547 0.5083050133690491 0.5066252071120436 0.504945400855038 0.5032655945980326 0.5015857883410271 0.49990598208402154 0.498226175827016 0.4965463695700105 0.4948665633130021 0.49318675705599657 0.4915069507989911 0.48982714454198556 0.48814733828498 0.4865726199806082 -9999.0 -9999.0 -9999.0 -9999.0 -9999.0
0.5486916979302034 0.547083172329401 0.5454746467285986 0.5438661211277961 0.5422575955269936 0.5406490699261911 0.5390405443253858 0.5373926347901228 0.5357026229375943 0.5340126110850658 0.5323225992325373 0.5306325873800088 0.5289425755274804 0.5272525636749518 0.5255625518224233 0.5238725399698948 0.5221825281173663 0.5204925162648378 0.5188025044123094 0.517112492559778 0.5154224807072495 0.513732468854721 0.5120424570021925 0.510352445149664 0.5086624332971355 0.506972421444607 0.5052824095920785 0.50359239773955 0.5019023858870215 0.500212374034493 0.49852236218196455 0.49683235032943607 0.4951423384769047 0.4934523266243762 0.4917623147718477 0.4900723029193192 0.4883822910667907 0.48678525528749733 -9999.0 -9999.0 -9999.0 -9999.0 -9999.0
0.549390294943085 0.5477567950620746 0.5461232951810643 0.5444897953000539 0.5428562954190435 0.5412227955380331 0.53958929565702 0.5379235498420997 0.5362233323940482 0.5345231149459968 0.5328228974979453 0.5311226800498938 0.5294224626018423 0.5277222451537908 0.5260220277057394 0.5243218102576879 0.5226215928096365 0.520921375361585 0.5192211579135335 0.5175209404654791 0.5158207230174277 0.5141205055693762 0.5124202881213248 0.5107200706732733 0.5090198532252218 0.5073196357771703 0.5056194183291188 0.5039192008810673 0.502218983433016 0.5005187659849645 0.498818548536913 0.4971183310888615 0.4954181136408071 0.49371789619275563 0.4920176787447042 0.4903174612966527 0.4886172438486012 0.48699789059438636 -9999.0 -9999.0 -9999.0 -9999.0 -9999.0
0.5500888919559666 0.5484304177947482 0.5467719436335299 0.5451134694723117 0.5434549953110933 0.541796521149875 0.5401380469886539 0.5384544648940764 0.5367440418505021 0.5350336188069276 0.5333231957633532 0.5316127727197787 0.5299023496762043 0.5281919266326298 0.5264815035890553 0.5247710805454809 0.5230606575019064 0.5213502344583321 0.5196398114147576 0.5179293883711802 0.5162189653276058 0.5145085422840313 0.5127981192404569 0.5110876961968824 0.509377273153308 0.5076668501097336 0.5059564270661592 0.5042460040225847 0.5025355809790103 0.5008251579354358 0.49911473489186137 0.49740431184828693 0.49569388880470955 0.4939834657611351 0.49227304271756067 0.49056261967398623 0.4888521966304118 0.4872105259012754 -9999.0 -9999.0 -9999.0 -9999.0 -9999.0
0.5507874889688483 0.5491040405274221 0.5474205920859958 0.5457371436445696 0.5440536952031434 0.5423702467617171 0.540686798320288 0.5389853799460534 0.5372647513069561 0.5355441226678587 0.5338234940287613 0.5321028653896638 0.5303822367505664 0.528661608111469 0.5269409794723715 0.5252203508332741 0.5234997221941767 0.5217790935550792 0.5200584649159818 0.5183378362768815 0.5166172076377841 0.5148965789986867 0.5131759503595892 0.5114553217204918 0.5097346930813944 0.508014064442297 0.5062934358031995 0.5045728071641021 0.5028521785250047 0.5011315498859072 0.49941092124680986 0.4976902926077124 0.4959696639686121 0.49424903532951464 0.49252840669041725 0.4908077780513198 0.48908714941222237 0.4874231612081645 -9999.0 -9999.0 -9999.0 -9999.0 -9999.0
0.5514860859817299 0.5497776632600957 0.5480692405384616 0.5463608178168274 0.5446523950951933 0.5429439723735592 0.5412355496519221 0.5395162949980304 0.53778546076341 0.5360546265287895 0.5343237922941692 0.5325929580595488 0.5308621238249284 0.529131289590308 0.5274004553556876 0.5256696211210672 0.5239387868864468 0.5222079526518264 0.520477118417206 0.5187462841825826 0.5170154499479622 0.5152846157133418 0.5135537814787214 0.511822947244101 0.5100921130094807 0.5083612787748603 0.5066304445402399 0.5048996103056195 0.5031687760709991 0.5014379418363787 0.4997071076017583 0.4979762733671379 0.4962454391325145 0.4945146048978941 0.4927837706632737 0.49105293642865333 -9999.0 -9999.0 -9999.0 -9999.0 -9999.0 -9999.0 -9999.0
0.5521846829946114 0.5504512859927693 0.5487178889909272 0.5469844919890852 0.5452510949872431 0.5435176979854011 0.541784300983556 0.5400472100500072 0.5383061702198638 0.5365651303897204 0.534824090559577 0.5330830507294337 0.5313420108992903 0.5296009710691469 0.5278599312390035 0.5261188914088603 0.5243778515787169 0.5226368117485735 0.5208957719184301 0.5191547320882838 0.5174136922581404 0.515672652427997 0.5139316125978537 0.5121905727677103 0.5104495329375669 0.5087084931074235 0.5069674532772801 0.5052264134471368 0.5034853736169934 0.50174433378685 0.5000032939567067 0.4982622541265633 0.49652121429641694 0.4947801744662736 0.4930391346361302 0.49129809480598685 -9999.0 -9999.0 -9999.0 -9999.0 -9999.0 -9999.0 -9999.0
