Figures/CREST_Example_wjb_NSE/PETs/wjb.pet.20091118.asc
ncols            288
nrows            254
xllcorner        113.274861
yllcorner        31.4918055
cellsize         0.008333333333
NODATA_value     -9999
[rows 171 to 189 of 254, columns 215 to 257 of 288]
0.3997070557343685 0.39982628250389396 0.3999455092734195 0.40006473604294496 0.4001839628124705 0.40030318958199596 0.40042241635152165 0.4004241275644612 0.40030021198782884 0.40017629641119645 0.4000523808345641 0.39992846525793174 0.39980454968129936 0.39968063410466703 0.39955671852803465 0.39943280295140227 0.3993088873747699 0.39918497179813756 0.3990610562215052 0.39893714064487257 0.39881322506824024 0.39868930949160786 0.3985653939149755 0.39844147833834315 0.39831756276171076 0.3981936471850784 0.398069731608446 0.39794581603181367 0.3978219004551813 0.3976979848785489 0.3975740693019166 0.3974501537252842 0.3973262381486516 0.39720232257201926 0.3970784069953869 0.3969544914187545 0.3968305758421221 0.3970701602638275 0.3976983344122615 0.3983265085606955 0.39895468270912954 0.3995828568575635 0.40021103100599753
0.3991626235534941 0.39927721778058206 0.39939181200767 0.39950640623475797 0.39962100046184595 0.3997355946889339 0.39985018891602203 0.3998445470191289 0.39971036998454734 0.39957619294996577 0.39944201591538414 0.39930783888080257 0.399173661846221 0.3990394848116394 0.3989053077770578 0.3987711307424762 0.39863695370789465 0.3985027766733131 0.39836859963873145 0.39823442260414965 0.3981002455695681 0.39796606853498645 0.3978318915004049 0.3976977144658233 0.39756353743124173 0.3974293603966601 0.39729518336207853 0.39716100632749696 0.3970268292929154 0.39689265225833376 0.3967584752237522 0.3966242981891706 0.39649012115458876 0.3963559441200072 0.3962217670854256 0.39608759005084404 0.3959534130162624 0.3961934447226889 0.3968335140441711 0.39747358336565336 0.3981136526871356 0.3987537220086178 0.39939379133010006
0.39861819137261967 0.39872815305727005 0.3988381147419205 0.39894807642657093 0.3990580381112213 0.39916799979587175 0.39927796148052236 0.3992649664737966 0.3991205279812658 0.398976089488735 0.39883165099620416 0.39868721250367334 0.3985427740111426 0.39839833551861176 0.39825389702608094 0.3981094585335501 0.39796502004101936 0.39782058154848854 0.3976761430559577 0.3975317045634267 0.39738726607089586 0.39724282757836504 0.3970983890858342 0.39695395059330346 0.39680951210077264 0.3966650736082418 0.396520635115711 0.39637619662318024 0.3962317581306494 0.3960873196381186 0.3959428811455878 0.39579844265305697 0.39565400416052593 0.3955095656679951 0.39536512717546435 0.39522068868293353 0.3950762501904027 0.3953167291815503 0.3959686936760808 0.3966206581706112 0.3972726226651417 0.3979245871596721 0.3985765516542026
0.3980737591917452 0.3981790883339581 0.398284417476171 0.3983897466183839 0.39849507576059673 0.3986004049028096 0.3987057340450227 0.39868538592846425 0.39853068597798424 0.3983759860275042 0.3982212860770242 0.39806658612654416 0.3979118861760641 0.3977571862255841 0.3976024862751041 0.3974477863246241 0.397293086374144 0.397138386423664 0.396983686473184 0.3968289865227037 0.39667428657222364 0.39651958662174364 0.3963648866712636 0.39621018672078356 0.39605548677030356 0.39590078681982355 0.39574608686934354 0.3955913869188635 0.39543668696838347 0.39528198701790346 0.3951272870674234 0.3949725871169434 0.3948178871664631 0.3946631872159831 0.3945084872655031 0.394353787315023 0.394199087364543 0.3944400136404117 0.3951038733079904 0.39576773297556905 0.39643159264314776 0.3970954523107264 0.3977593119783051
0.3975293270108708 0.39763002361064614 0.3977307202104215 0.39783141681019685 0.3979321134099722 0.39803281000974755 0.39813350660952307 0.39810580538313195 0.3979408439747027 0.3977758825662735 0.39761092115784424 0.397445959749415 0.39728099834098574 0.3971160369325565 0.39695107552412723 0.39678611411569803 0.3966211527072688 0.3964561912988395 0.39629122989041027 0.39612626848198074 0.3959613070735515 0.39579634566512223 0.39563138425669303 0.3954664228482638 0.3953014614398345 0.39513650003140527 0.394971538622976 0.39480657721454676 0.39464161580611756 0.3944766543976883 0.39431169298925905 0.3941467315808298 0.39398177017240027 0.393816808763971 0.39365184735554176 0.39348688594711256 0.3933219245386833 0.39356329809927315 0.3942390529399 0.39491480778052696 0.39559056262115383 0.39626631746178076 0.39694207230240763
0.3969848948299959 0.3970809588873337 0.3971770229446715 0.3972730870020093 0.3973691510593471 0.3974652151166849 0.3975612791740229 0.39752622483779915 0.39735100197142065 0.3971757791050422 0.3970005562386637 0.39682533337228526 0.39665011050590676 0.3964748876395283 0.3962996647731498 0.3961244419067714 0.3959492190403929 0.39577399617401443 0.39559877330763593 0.39542355044125715 0.3952483275748787 0.3950731047085002 0.39489788184212177 0.39472265897574327 0.3945474361093648 0.3943722132429863 0.3941969903766079 0.3940217675102294 0.39384654464385094 0.39367132177747244 0.393496098911094 0.3933208760447155 0.3931456531783368 0.3929704303119583 0.39279520744557983 0.39261998457920133 0.3924447617128229 0.3926865825581338 0.393374232571809 0.3940618825854841 0.39474953259915924 0.3954371826128344 -9999.0
0.3964404626491215 0.39653189416402174 0.396623325678922 0.39671475719382226 0.39680618870872253 0.3968976202236228 0.3969890517385232 0.3969466442924668 0.3967611599681391 0.3965756756438114 0.3963901913194837 0.39620470699515603 0.39601922267082834 0.39583373834650065 0.39564825402217296 0.3954627696978453 0.3952772853735176 0.3950918010491899 0.3949063167248622 0.3947208324005342 0.3945353480762065 0.3943498637518788 0.3941643794275511 0.3939788951032234 0.39379341077889574 0.39360792645456805 0.39342244213024036 0.39323695780591267 0.393051473481585 0.3928659891572573 0.3926805048329296 0.3924950205086019 0.3923095361842739 0.3921240518599462 0.3919385675356185 0.3917530832112908 0.39156759888696313 0.3918098670169952 0.3925094122037186 0.3932089573904419 0.3939085025771653 -9999.0 -9999.0
0.39606830363066065 0.39615185454073476 0.3962354054508089 0.39631895636088293 0.39640250727095705 0.39648605818103116 0.3965696090911054 0.39652221035413754 0.3963348234808636 0.39614743660758955 0.39596004973431553 0.39577266286104157 0.39558527598776755 0.39539788911449353 0.39521050224121956 0.39502311536794554 0.3948357284946715 0.3946483416213975 0.39446095474812354 0.3942735678748492 0.3940861810015752 0.3938987941283012 0.3937114072550272 0.39352402038175316 0.3933366335084792 0.3931492466352052 0.39296185976193115 0.3927744728886572 0.39258708601538317 0.39239969914210915 0.3922123122688352 0.39202492539556116 0.3918375385222868 0.39165015164901285 0.3914627647757388 0.3912753779024648 0.39108799102919084 0.39132662332921464 0.39202067976923843 0.3927147362092622 -9999.0 -9999.0 -9999.0
0.395880293763955 0.3959524920952441 0.3960246904265331 0.3960968887578222 0.3961690870891112 0.39624128542040027 0.39631348375168945 0.3962636183593649 0.39608326408398303 0.3959029098086011 0.3957225555332192 0.3955422012578373 0.3953618469824554 0.3951814927070735 0.3950011384316916 0.39482078415630967 0.3946404298809278 0.3944600756055459 0.394279721330164 0.39409936705478177 0.3939190127793999 0.39373865850401796 0.3935583042286361 0.39337794995325415 0.39319759567787227 0.39301724140249034 0.39283688712710846 0.3926565328517266 0.39247617857634465 0.39229582430096277 0.39211547002558084 0.39193511575019896 0.39175476147481675 0.3915744071994348 0.39139405292405294 0.391213698648671 0.3910333443732891 0.39126397625102927 0.39193396162990074 0.39260394700877227 -9999.0 -9999.0 -9999.0
0.39569228389724936 0.39575312964975334 0.3958139754022573 0.39587482115476136 0.39593566690726534 0.3959965126597693 0.39605735841227346 0.3960050263645922 0.3958317046871024 0.3956583830096126 0.3954850613321228 0.395311739654633 0.3951384179771432 0.39496509629965343 0.3947917746221636 0.3946184529446738 0.394445131267184 0.3942718095896942 0.3940984879122044 0.3939251662347143 0.3937518445572245 0.3935785228797347 0.3934052012022449 0.39323187952475513 0.39305855784726534 0.3928852361697755 0.3927119144922857 0.3925385928147959 0.3923652711373061 0.39219194945981634 0.39201862778232655 0.3918453061048367 0.39167198442734663 0.39149866274985684 0.39132534107236705 0.3911520193948772 0.3909786977173874 0.39120132917284384 0.3918472434905631 0.39249315780828237 -9999.0 -9999.0 -9999.0
0.3955042740305437 0.39555376720426266 0.3956032603779816 0.39565275355170054 0.39570224672541954 0.3957517398991385 0.3958012330728575 0.39574643436981954 0.39558014529022184 0.39541385621062414 0.3952475671310265 0.3950812780514288 0.3949149889718311 0.3947486998922334 0.3945824108126357 0.39441612173303797 0.39424983265344027 0.39408354357384257 0.39391725449424486 0.3937509654146469 0.3935846763350492 0.3934183872554515 0.39325209817585377 0.3930858090962561 0.3929195200166584 0.3927532309370607 0.392586941857463 0.3924206527778653 0.3922543636982676 0.3920880746186699 0.3919217855390722 0.3917554964594745 0.3915892073798765 0.3914229183002788 0.3912566292206811 0.3910903401410834 0.3909240510614857 0.39113868209465846 0.3917605253512254 -9999.0 -9999.0 -9999.0 -9999.0
0.3953162641638381 0.395354404758772 0.3953925453537059 0.3954306859486398 0.3954688265435737 0.3955069671385076 0.39554510773344154 0.3954878423750469 0.3953285858933413 0.39516932941163574 0.3950100729299301 0.3948508164482245 0.39469155996651895 0.39453230348481333 0.3943730470031077 0.39421379052140215 0.39405453403969654 0.3938952775579909 0.39373602107628536 0.39357676459457946 0.39341750811287385 0.3932582516311683 0.39309899514946267 0.39293973866775705 0.3927804821860515 0.3926212257043459 0.39246196922264026 0.3923027127409347 0.3921434562592291 0.39198419977752347 0.3918249432958179 0.3916656868141123 0.3915064303324064 0.39134717385070084 0.3911879173689952 0.3910286608872896 0.39086940440558404 0.3910760350164731 -9999.0 -9999.0 -9999.0 -9999.0 -9999.0
0.3951282542971322 0.3951550423132811 0.39518183032942994 0.39520861834557874 0.3952354063617276 0.39526219437787646 0.3952889823940253 0.395229250380274 0.3950770264964605 0.394924802612647 0.39477257872883353 0.39462035484502006 0.39446813096120653 0.39431590707739306 0.3941636831935796 0.3940114593097661 0.3938592354259526 0.3937070115421391 0.39355478765832563 0.3934025637745119 0.3932503398906984 0.3930981160068849 0.3929458921230714 0.39279366823925793 0.39264144435544446 0.39248922047163093 0.39233699658781745 0.392184772704004 0.3920325488201905 0.391880324936377 0.3917281010525635 0.39157587716875003 0.3914236532849363 0.3912714294011228 0.3911192055173093 0.3909669816334958 0.39081475774968233 0.39101338793828766 0.3915870890725501 -9999.0 -9999.0 -9999.0 -9999.0
0.39494024443042663 0.3949556798677904 0.3949711153051542 0.394986550742518 0.3950019861798818 0.39501742161724557 0.3950328570546094 0.3949706583855013 0.39482546709957994 0.39468027581365855 0.39453508452773717 0.3943898932418158 0.3942447019558944 0.394099510669973 0.3939543193840516 0.39380912809813023 0.39366393681220885 0.39351874552628746 0.3933735542403661 0.39322836295444447 0.3930831716685231 0.3929379803826017 0.3927927890966803 0.3926475978107589 0.39250240652483753 0.39235721523891615 0.39221202395299476 0.3920668326670734 0.391921641381152 0.3917764500952306 0.3916312588093092 0.3914860675233878 0.39134087623746616 0.3911956849515448 0.3910504936656234 0.390905302379702 0.3907601110937806 0.3909507408601023 0.3915003709332124 -9999.0 -9999.0 -9999.0 -9999.0
0.39475223456372094 0.39475631742229966 0.39476040028087844 0.39476448313945717 0.3947685659980359 0.39477264885661467 0.3947767317151934 0.39471206639072864 0.39457390770269934 0.39443574901467005 0.3942975903266408 0.3941594316386115 0.3940212729505822 0.39388311426255296 0.39374495557452366 0.39360679688649436 0.39346863819846506 0.3933304795104358 0.3931923208224065 0.393054162134377 0.3929160034463477 0.39277784475831845 0.39263968607028915 0.39250152738225985 0.39236336869423055 0.3922252100062013 0.392087051318172 0.3919488926301427 0.3918107339421134 0.39167257525408417 0.39153441656605487 0.39139625787802557 0.39125809918999604 0.3911199405019668 0.3909817818139375 0.3908436231259082 0.3907054644378789 0.3908880937819169 0.39141365279387474 -9999.0 -9999.0 -9999.0 -9999.0
0.3945642246970153 0.394556954976809 0.3945496852566027 0.3945424155363964 0.3945351458161901 0.3945278760959838 0.39452060637577746 0.39445347439595596 0.3943223483058188 0.39419122221568165 0.39406009612554443 0.3939289700354073 0.39379784394527007 0.3936667178551329 0.3935355917649957 0.39340446567485854 0.3932733395847213 0.39314221349458417 0.39301108740444696 0.3928799613143096 0.39274883522417237 0.3926177091340352 0.392486583043898 0.39235545695376084 0.3922243308636236 0.39209320477348647 0.3919620786833493 0.3918309525932121 0.39169982650307494 0.39156870041293773 0.3914375743228006 0.39130644823266336 0.391175322142526 0.39104419605238877 0.3909130699622516 0.3907819438721144 0.39065081778197724 -9999.0 -9999.0 -9999.0 -9999.0 -9999.0 -9999.0
0.39437621483030966 0.3943575925313183 0.39433897023232695 0.3943203479333356 0.39430172563434424 0.3942831033353528 0.39426448103636147 0.3941948824011833 0.3940707889089382 0.39394669541669314 0.39382260192444807 0.39369850843220294 0.3935744149399579 0.3934503214477128 0.39332622795546773 0.39320213446322266 0.39307804097097754 0.39295394747873247 0.3928298539864874 0.3927057604942421 0.39258166700199704 0.39245757350975197 0.39233348001750684 0.39220938652526177 0.3920852930330167 0.39196119954077163 0.39183710604852656 0.3917130125562815 0.39158891906403637 0.3914648255717913 0.3913407320795462 0.39121663858730116 0.39109254509505587 0.3909684516028108 0.39084435811056567 0.3907202646183206 -9999.0 -9999.0 -9999.0 -9999.0 -9999.0 -9999.0 -9999.0
0.394188204963604 0.3941582300858276 0.39412825520805117 0.3940982803302748 0.3940683054524984 0.394038330574722 0.39400835569694553 0.39393629040641065 0.39381922951205767 0.3937021686177047 0.3935851077233517 0.3934680468289987 0.39335098593464574 0.39323392504029275 0.39311686414593977 0.3929998032515868 0.3928827423572338 0.3927656814628808 0.39264862056852784 0.3925315596741747 0.3924144987798217 0.3922974378854687 0.39218037699111574 0.39206331609676276 0.3919462552024098 0.3918291943080568 0.3917121334137038 0.39159507251935083 0.39147801162499785 0.39136095073064486 0.39124388983629194 0.39112682894193895 0.39100976804758575 0.39089270715323277 0.3907756462588798 0.3906585853645268 -9999.0 -9999.0 -9999.0 -9999.0 -9999.0 -9999.0 -9999.0
0.3940001950968982 0.3939588676403368 0.3939175401837753 0.39387621272721385 0.39383488527065236 0.39379355781409087 0.3937522303575294 0.39367769841163774 0.3935676701151769 0.393457641818716 0.39334761352225517 0.3932375852257943 0.3931275569293334 0.39301752863287254 0.39290750033641164 0.3927974720399508 0.3926874437434899 0.392577415447029 0.39246738715056817 0.3923573588541071 0.3922473305576462 0.39213730226118537 0.3920272739647245 0.39191724566826364 0.39180721737180274 0.39169718907534185 0.391587160778881 0.3914771324824201 0.39136710418595927 0.3912570758894984 0.3911470475930375 0.39103701929657664 0.3909269910001156 0.3908169627036547 0.39070693440719384 0.39059690611073294 -9999.0 -9999.0 -9999.0 -9999.0 -9999.0 -9999.0 -9999.0
