Figures/CREST_Example_wjb_NSE/PETs/wjb.pet.20100207.asc
ncols            288
nrows            254
xllcorner        113.274861
yllcorner        31.4918055
cellsize         0.008333333333
NODATA_value     -9999
[rows 133 to 151 of 254, columns 88 to 131 of 288]
0.491726672107054 0.4902777758294741 0.48882887955189425 0.48737998327431187 0.485931086996732 0.4844821907191521 0.4830332944415723 0.48158439816399234 0.4801355018864125 0.47868660560883264 0.47723770933125276 0.4757888130536729 0.474339916776093 0.4728910204985131 0.47194715618912014 0.4715431824730965 0.4711392087570722 0.4707352350410486 0.470331261325025 0.4699272876090014 0.46952331389297774 0.4691193401769541 0.46871536646093054 0.4683113927449069 0.4679074190288833 0.46750344531285964 0.46709947159683607 0.46669549788081244 0.4662915241647888 0.4658875504487645 0.4654835767327409 0.4650796030167173 0.46467562930069367 0.46427165558467004 0.4638676818686464 0.46346370815262283 0.4630597344365992 0.46265576072057557 0.46225178700455194 0.46184781328852836 0.46144383957250473 0.4610398658564811 0.4606358921404568 0.4602319184244332
0.4919853071789801 0.49053646290953673 0.4890876186400933 0.4876387743706475 0.4861899301012041 0.48474108583176073 0.48329224156231737 0.481843397292874 0.4803945530234306 0.47894570875398723 0.47749686448454387 0.4760480202151005 0.47459917594565715 0.47315033167621373 0.47220350408232387 0.47179334366579884 0.47138318324927314 0.4709730228327481 0.4705628624162231 0.47015270199969805 0.469742541583173 0.469332381166648 0.46892222075012296 0.468512060333598 0.46810189991707296 0.46769173950054793 0.4672815790840229 0.4668714186674979 0.46646125825097284 0.46605109783444715 0.4656409374179221 0.4652307770013971 0.46482061658487206 0.46441045616834703 0.464000295751822 0.46359013533529697 0.463179974918772 0.46276981450224697 0.46235965408572194 0.4619494936691969 0.4615393332526719 0.46112917283614685 0.46071901241962115 0.4603088520030961
0.4922439422509062 0.4907951499895993 0.48934635772829244 0.4878975654669831 0.4864487732056762 0.48499998094436936 0.48355118868306246 0.4821023964217556 0.4806536041604487 0.4792048118991419 0.477756019637835 0.47630722737652814 0.47485843511522124 0.4734096428539144 0.4724598519755276 0.47204350485850116 0.471627157741474 0.4712108106244476 0.47079446350742116 0.47037811639039473 0.4699617692733683 0.4695454221563419 0.46912907503931545 0.468712727922289 0.4682963808052626 0.46788003368823616 0.46746368657120974 0.4670473394541833 0.4666309923371569 0.46621464522012973 0.4657982981031033 0.4653819509860769 0.46496560386905045 0.464549256752024 0.4641329096349976 0.46371656251797116 0.46330021540094474 0.4628838682839183 0.4624675211668919 0.4620511740498654 0.46163482693283897 0.46121847981581254 0.46080213269878545 0.460385785581759
0.4925025773228323 0.49105383706966194 0.48960509681649156 0.48815635656331874 0.48670761631014836 0.485258876056978 0.4838101358038076 0.4823613955506373 0.4809126552974669 0.47946391504429653 0.47801517479112615 0.4765664345379558 0.47511769428478545 0.4736689540316151 0.47271619986873137 0.47229366605120354 0.47187113223367494 0.4714485984161471 0.4710260645986193 0.47060353078109146 0.47018099696356364 0.46975846314603575 0.46933592932850793 0.4689133955109801 0.4684908616934523 0.4680683278759244 0.46764579405839657 0.46722326024086874 0.4668007264233409 0.46637819260581237 0.4659556587882845 0.46553312497075666 0.46511059115322884 0.464688057335701 0.46426552351817313 0.4638429897006453 0.4634204558831175 0.46299792206558965 0.46257538824806177 0.46215285443053394 0.4617303206130061 0.4613077867954783 0.46088525297794974 0.46046271916042186
0.4927612123947586 0.49131252414972476 0.4898638359046909 0.48841514765965455 0.4869664594146207 0.48551777116958683 0.484069082924553 0.4826203946795191 0.48117170643448526 0.4797230181894514 0.4782743299444175 0.47682564169938363 0.47537695345434977 0.4739282652093159 0.4729725477619353 0.47254382724390603 0.4721151067258761 0.4716863862078468 0.4712576656898176 0.4708289451717883 0.4704002246537591 0.4699715041357298 0.4695427836177006 0.46911406309967135 0.4686853425816421 0.46825662206361285 0.46782790154558357 0.46739918102755434 0.46697046050952506 0.4665417399914951 0.46611301947346584 0.4656842989554366 0.46525557843740734 0.4648268579193781 0.46439813740134883 0.4639694168833196 0.46354069636529033 0.4631119758472611 0.4626832553292318 0.4622545348112026 0.4618258142931734 0.4613970937751441 0.46096837325711415 0.46053965273908487
0.4930198474666847 0.49157121122978736 0.49012257499288997 0.4886739387559902 0.4872253025190928 0.48577666628219546 0.48432803004529806 0.4828793938084007 0.48143075757150333 0.479982121334606 0.47853348509770866 0.47708484886081126 0.4756362126239139 0.47418757638701653 0.47322889565513904 0.47279398843660836 0.47235908121807696 0.47192417399954634 0.47148926678101566 0.471054359562485 0.47061945234395436 0.4701845451254237 0.46974963790689306 0.4693147306883624 0.4688798234698317 0.4684449162513011 0.4680100090327704 0.4675751018142397 0.4671401945957091 0.4667052873771777 0.466270380158647 0.4658354729401164 0.4654005657215857 0.46496565850305505 0.4645307512845244 0.46409584406599375 0.46366093684746307 0.46322602962893245 0.46279112241040177 0.46235621519187114 0.46192130797334047 0.4614864007548098 0.4610514935362784 0.46061658631774777
0.49327848253861084 0.49182989830984997 0.4903813140810891 0.4889327298523258 0.4874841456235649 0.486035561394804 0.4845869771660432 0.48313839293728233 0.48168980870852146 0.4802412244797606 0.47879264025099977 0.4773440560222389 0.475895471793478 0.4744468875647172 0.47348524354834276 0.4730441496293107 0.4726030557102779 0.4721619617912458 0.47172086787221373 0.4712797739531817 0.47083868003414964 0.47039758611511756 0.4699564921960855 0.46951539827705346 0.4690743043580214 0.4686332104389893 0.46819211651995724 0.4677510226009252 0.46730992868189314 0.4668688347628603 0.46642774084382826 0.4659866469247962 0.4655455530057641 0.46510445908673204 0.4646633651677 0.46422227124866794 0.46378117732963586 0.46334008341060384 0.46289898949157177 0.4624578955725397 0.4620168016535076 0.4615757077344756 0.46113461381544274 0.46069351989641066
0.4935371176105369 0.49208858538991257 0.4906400531692882 0.4891915209486614 0.48774298872803706 0.4862944565074127 0.48484592428678835 0.483397392066164 0.48194885984553965 0.4805003276249153 0.47905179540429094 0.4776032631836666 0.4761547309630422 0.4747061987424179 0.47374159144154654 0.47329431082201306 0.4728470302024788 0.47239974958294534 0.47195246896341186 0.4715051883438784 0.4710579077243449 0.47061062710481144 0.47016334648527797 0.46971606586574455 0.4692687852462111 0.4688215046266776 0.4683742240071441 0.46792694338761065 0.4674796627680772 0.4670323821485429 0.46658510152900945 0.466137820909476 0.4656905402899425 0.465243259670409 0.46479597905087555 0.4643486984313421 0.46390141781180866 0.4634541371922752 0.4630068565727417 0.46255957595320824 0.46211229533367476 0.4616650147141413 0.46121773409460703 0.46077045347507356
0.493795752682463 0.4923472724699752 0.49089879225748734 0.489450312044997 0.48800183183250917 0.48655335162002133 0.48510487140753344 0.4836563911950456 0.4822079109825578 0.4807594307700699 0.47931095055758205 0.4778624703450942 0.4764139901326063 0.4749655099201185 0.47399793933475026 0.4735444720147154 0.47309100469467974 0.4726375373746448 0.47218407005460994 0.47173060273457507 0.4712771354145402 0.4708236680945053 0.47037020077447045 0.4699167334544356 0.4694632661344007 0.46900979881436583 0.46855633149433096 0.46810286417429603 0.46764939685426116 0.4671959295342255 0.46674246221419063 0.46628899489415576 0.4658355275741209 0.465382060254086 0.46492859293405114 0.46447512561401627 0.4640216582939814 0.4635681909739465 0.4631147236539116 0.4626612563338767 0.46220778901384185 0.461754321693807 0.46130085437377133 0.46084738705373646
0.4940543877543891 0.4926059595500377 0.4911575313456864 0.4897091031413326 0.4882606749369812 0.4868122467326299 0.48536381852827853 0.4839153903239272 0.48246696211957585 0.48101853391522453 0.47957010571087316 0.4781216775065218 0.4766732493021705 0.4752248210978191 0.474254287227954 0.47379463320741766 0.4733349791868806 0.47287532516634434 0.472415671145808 0.47195601712527174 0.47149636310473547 0.4710367090841992 0.4705770550636629 0.4701174010431266 0.46965774702259033 0.46919809300205406 0.46873843898151774 0.46827878496098146 0.4678191309404452 0.4673594769199081 0.4668998228993718 0.46644016887883555 0.4659805148582993 0.46552086083776295 0.4650612068172267 0.4646015527966904 0.46414189877615414 0.4636822447556178 0.46322259073508154 0.46276293671454527 0.462303282694009 0.4618436286734727 0.4613839746529356 0.46092432063239935
0.49431302282631523 0.4928646466301004 0.4914162704338855 0.48996789423766823 0.4885195180414534 0.48707114184523853 0.4856227656490237 0.4841743894528089 0.48272601325659403 0.4812776370603792 0.47982926086416433 0.4783808846679495 0.47693250847173463 0.47548413227551983 0.47451063512115776 0.47404479440012004 0.47357895367908154 0.47311311295804387 0.4726472722370062 0.4721814315159685 0.4717155907949308 0.4712497500738931 0.4707839093528554 0.4703180686318177 0.46985222791078 0.46938638718974235 0.4689205464687046 0.46845470574766696 0.46798886502662923 0.4675230243055908 0.46705718358455306 0.4665913428635154 0.46612550214247767 0.46565966142144 0.4651938207004023 0.4647279799793646 0.46426213925832693 0.4637962985372892 0.46333045781625154 0.4628646170952138 0.46239877637417615 0.4619329356531385 0.4614670949321 0.46100125421106225
0.49457165789824153 0.4931233337101632 0.49167500952208487 0.49022668533400404 0.4887783611459257 0.4873300369578474 0.48588171276976905 0.4844333885816907 0.48298506439361233 0.481536740205534 0.48008841601745567 0.47864009182937733 0.477191767641299 0.47574344345322067 0.4747669830143617 0.4742949555928226 0.4738229281712827 0.47335090074974356 0.47287887332820444 0.4724068459066654 0.47193481848512625 0.4714627910635871 0.47099076364204806 0.47051873622050894 0.4700467087989698 0.4695746813774307 0.4691026539558916 0.4686306265343525 0.4681585991128134 0.4676865716912735 0.4672145442697344 0.4667425168481953 0.46627048942665617 0.4657984620051171 0.465326434583578 0.46485440716203885 0.46438237974049973 0.46391035231896066 0.46343832489742154 0.4629662974758824 0.46249427005434335 0.4620222426328042 0.4615502152112643 0.4610781877897252
0.4948302929701676 0.4933820207902258 0.49193374861028394 0.49048547643033963 0.4890372042503978 0.487588932070456 0.48614065989051414 0.4846923877105723 0.48324411553063046 0.48179584335068865 0.4803475711707468 0.47889929899080497 0.47745102681086315 0.4760027546309213 0.4750233309075654 0.4745451167855249 0.47406690266348356 0.47358868854144304 0.47311047441940257 0.47263226029736205 0.47215404617532153 0.471675832053281 0.4711976179312405 0.47071940380919997 0.4702411896871595 0.469762975565119 0.46928476144307846 0.46880654732103794 0.4683283331989974 0.4678501190769561 0.4673719049549156 0.4668936908328751 0.4664154767108346 0.4659372625887941 0.46545904846675357 0.46498083434471305 0.4645026202226725 0.464024406100632 0.46354619197859154 0.463067977856551 0.4625897637345105 0.46211154961247 0.4616333354904287 0.46115512136838815
0.4950889280420937 0.4936407078702884 0.49219248769848306 0.49074426752667527 0.4892960473548699 0.4878478271830646 0.4863996070112593 0.48495138683945394 0.4835031666676486 0.48205494649584324 0.48060672632403795 0.4791585061522326 0.47771028598042725 0.47626206580862196 0.4752796788007691 0.4747952779782272 0.4743108771556845 0.47382647633314257 0.47334207551060065 0.4728576746880587 0.4723732738655168 0.4718888730429749 0.47140447222043297 0.47092007139789105 0.47043567057534913 0.4699512697528072 0.4694668689302653 0.46898246810772337 0.46849806728518145 0.4680136664626387 0.4675292656400968 0.46704486481755486 0.46656046399501294 0.466076063172471 0.4655916623499291 0.4651072615273872 0.46462286070484526 0.46413845988230334 0.4636540590597614 0.4631696582372195 0.4626852574146776 0.46220085659213567 0.46171645576959297 0.46123205494705105
0.49534756311401984 0.493899394950351 0.4924512267866822 0.4910030586230109 0.4895548904593421 0.48810672229567326 0.48665855413200443 0.4852103859683356 0.48376221780466677 0.48231404964099794 0.4808658814773291 0.4794177133136603 0.47796954514999146 0.47652137698632263 0.4755360266939729 0.47504543917092956 0.4745548516478854 0.4740642641248421 0.4735736766017988 0.4730830890787554 0.4725925015557121 0.47210191403266877 0.47161132650962545 0.47112073898658213 0.4706301514635388 0.47013956394049544 0.4696489764174521 0.4691583888944088 0.4686678013713655 0.46817721384832134 0.467686626325278 0.46719603880223465 0.46670545127919133 0.466214863756148 0.4657242762331047 0.4652336887100614 0.46474310118701806 0.4642525136639747 0.46376192614093137 0.46327133861788805 0.46278075109484473 0.4622901635718014 0.46179957604875727 0.4613089885257139
0.49547482421551353 0.4939922942899215 0.49250976436432947 0.4910272344387349 0.4895447045131429 0.48806217458755086 0.48657964466195885 0.48509711473636685 0.48361458481077485 0.4821320548851828 0.4806495249595908 0.4791669950339988 0.47768446510840673 0.47620193518281473 0.47519405310026785 0.4746935802942923 0.47419310748831595 0.4736926346823404 0.47319216187636487 0.47269168907038933 0.4721912162644138 0.47169074345843826 0.4711902706524628 0.47068979784648723 0.4701893250405117 0.46968885223453616 0.4691883794285606 0.4686879066225851 0.46818743381660954 0.4676869610106332 0.46718648820465764 0.4666860153986821 0.46618554259270656 0.465685069786731 0.46518459698075554 0.46468412417478 0.46418365136880446 0.4636831785628289 0.4631827057568534 0.46268223295087785 0.4621817601449023 0.46168128733892677 0.4611808145329504 0.46068034172697486
0.4954616548241628 0.49390797698582783 0.49235429914749285 0.49080062130915525 0.48924694347082026 0.4876932656324853 0.4861395877941503 0.4845859099558153 0.4830322321174803 0.4814785542791453 0.4799248764408104 0.4783711986024754 0.4768175207641404 0.4752638429258054 0.4742125115540266 0.4736981999136515 0.4731838882732754 0.47266957663290027 0.47215526499252514 0.47164095335214995 0.4711266417117748 0.47061233007139963 0.4700980184310245 0.4695837067906493 0.4690693951502742 0.46855508350989905 0.46804077186952386 0.46752646022914873 0.46701214858877355 0.4664978369483975 0.4659835253080224 0.4654692136676472 0.4649549020272721 0.46444059038689695 0.46392627874652176 0.4634119671061466 0.46289765546577144 0.4623833438253963 0.4618690321850211 0.461354720544646 0.46084040890427086 0.4603260972638957 0.45981178562351965 0.4592974739831445
0.49544848543281206 0.49382365968173403 0.49219883393065605 0.4905740081795753 0.4889491824284973 0.4873243566774193 0.4856995309263413 0.4840747051752633 0.4824498794241853 0.4808250536731073 0.4792002279220293 0.4775754021709513 0.4759505764198733 0.47432575066879534 0.4732309700077845 0.47270281953300974 0.472174669058234 0.47164651858345924 0.47111836810868446 0.4705902176339097 0.4700620671591349 0.4695339166843601 0.46900576620958534 0.4684776157348105 0.4679494652600357 0.46742131478526094 0.46689316431048616 0.4663650138357114 0.4658368633609366 0.4653087128861609 0.4647805624113861 0.4642524119366113 0.46372426146183654 0.46319611098706176 0.462667960512287 0.46213981003751214 0.46161165956273736 0.4610835090879626 0.4605553586131878 0.460027208138413 0.45949905766363824 0.45897090718886346 0.45844275671408774 0.45791460623931296
0.49543531604146135 0.4937393423776404 0.49204336871381943 0.4903473950499956 0.4886514213861746 0.48695544772235366 0.4852594740585327 0.48356350039471174 0.4818675267308908 0.4801715530670698 0.4784755794032489 0.4767796057394279 0.475083632075607 0.47338765841178604 0.4722494284615433 0.47170743915236885 0.47116544984319353 0.4706234605340191 0.4700814712248447 0.4695394819156703 0.46899749260649587 0.4684555032973215 0.46791351398814707 0.46737152467897264 0.46682953536979827 0.46628754606062384 0.4657455567514494 0.46520356744227503 0.4646615781331006 0.4641195888239253 0.46357759951475086 0.46303561020557643 0.46249362089640206 0.46195163158722763 0.4614096422780532 0.4608676529688788 0.4603256636597044 0.45978367435052997 0.4592416850413556 0.45869969573218117 0.45815770642300674 0.45761571711383237 0.457073727804657 0.4565317384954826
