Figures/CREST_Example_wjb_NSE/PETs/wjb.pet.20090516.asc
ncols            288
nrows            254
xllcorner        113.274861
yllcorner        31.4918055
cellsize         0.008333333333
NODATA_value     -9999
[rows 160 to 179 of 254, columns 88 to 131 of 288]
1.7039231983882808 1.7011541791431803 1.69838515989808 1.6956161406529748 1.6928471214078744 1.690078102162774 1.6873090829176736 1.6845400636725731 1.6817710444274725 1.679002025182372 1.6762330059372716 1.6734639866921712 1.6706949674470708 1.6679259482019704 1.666106040292059 1.665300753860009 1.6644954674279575 1.6636901809959073 1.6628848945638572 1.662079608131807 1.661274321699757 1.6604690352677067 1.6596637488356567 1.6588584624036065 1.6580531759715564 1.6572478895395062 1.656442603107456 1.655637316675406 1.6548320302433557 1.6540267438113043 1.653221457379254 1.652416170947204 1.6516108845151538 1.6508055980831036 1.6500003116510535 1.6491950252190033 1.6483897387869533 1.647584452354903 1.646779165922853 1.6459738794908028 1.6451685930587527 1.6443633066267025 1.643558020194651 1.642752733762601
1.7018376426880841 1.6989048192163025 1.6959719957445207 1.693039172272734 1.6901063488009522 1.6871735253291706 1.6842407018573888 1.6813078783856072 1.6783750549138254 1.6754422314420439 1.672509407970262 1.6695765844984802 1.6666437610266986 1.6637109375549168 1.6616870774477293 1.660634919730043 1.6595827620123547 1.6585306042946684 1.657478446576982 1.6564262888592955 1.6553741311416093 1.6543219734239227 1.6532698157062364 1.6522176579885501 1.6511655002708636 1.6501133425531773 1.6490611848354908 1.6480090271178045 1.646956869400118 1.64590471168243 1.6448525539647436 1.643800396247057 1.6427482385293708 1.6416960808116843 1.640643923093998 1.6395917653763117 1.6385396076586252 1.6374874499409389 1.6364352922232523 1.635383134505566 1.6343309767878798 1.6332788190701932 1.6322266613525052 1.6311745036348186
1.6997520869878877 1.6966554592894247 1.6935588315909618 1.6904622038924935 1.6873655761940305 1.6842689484955675 1.6811723207971045 1.6780756930986416 1.6749790654001786 1.6718824377017156 1.6687858100032527 1.6656891823047897 1.6625925546063267 1.6594959269078635 1.6572681146033996 1.655969085600077 1.6546700565967523 1.6533710275934295 1.652071998590107 1.6507729695867843 1.6494739405834615 1.648174911580139 1.6468758825768164 1.6455768535734938 1.644277824570171 1.6429787955668484 1.6416797665635259 1.640380737560203 1.6390817085568805 1.6377826795535557 1.6364836505502331 1.6351846215469104 1.6338855925435878 1.6325865635402652 1.6312875345369424 1.6299885055336198 1.6286894765302973 1.6273904475269747 1.626091418523652 1.6247923895203293 1.6234933605170068 1.622194331513684 1.6208953025103592 1.6195962735070366
1.6976665312876895 1.694406099362545 1.6911456674374006 1.6878852355122507 1.6846248035871063 1.681364371661962 1.6781039397368174 1.674843507811673 1.6715830758865287 1.6683226439613843 1.66506221203624 1.6618017801110954 1.658541348185951 1.6552809162608066 1.6528491517590662 1.651303251470107 1.6497573511811452 1.6482114508921861 1.646665550603227 1.645119650314268 1.643573750025309 1.6420278497363499 1.6404819494473908 1.6389360491584317 1.6373901488694727 1.6358442485805136 1.6342983482915543 1.6327524480025952 1.6312065477136362 1.6296606474246744 1.6281147471357154 1.6265688468467563 1.6250229465577972 1.6234770462688382 1.621931145979879 1.62038524569092 1.618839345401961 1.6172934451130017 1.6157475448240426 1.6142016445350835 1.6126557442461245 1.6111098439571654 1.6095639436682037 1.6080180433792446
1.6955809755874927 1.6921567394356671 1.6887325032838414 1.6853082671320099 1.6818840309801841 1.6784597948283586 1.6750355586765329 1.6716113225247071 1.6681870863728816 1.6647628502210559 1.6613386140692301 1.6579143779174046 1.6544901417655788 1.651065905613753 1.6484301889147361 1.646637417340141 1.6448446457655426 1.6430518741909472 1.6412591026163519 1.6394663310417565 1.6376735594671612 1.6358807878925659 1.6340880163179705 1.6322952447433752 1.6305024731687798 1.6287097015941845 1.6269169300195891 1.6251241584449938 1.6233313868703985 1.6215386152958002 1.619745843721205 1.6179530721466095 1.6161603005720142 1.6143675289974189 1.6125747574228235 1.6107819858482282 1.6089892142736328 1.6071964426990375 1.6054036711244422 1.6036108995498468 1.6018181279752515 1.6000253564006561 1.598232584826058 1.5964398132514626
1.6934954198872962 1.6899073795087893 1.6863193391302824 1.6827312987517693 1.6791432583732624 1.6755552179947555 1.6719671776162486 1.6683791372377414 1.6647910968592345 1.6612030564807276 1.6576150161022207 1.6540269757237138 1.650438935345207 1.6468508949666998 1.6440112260704065 1.6419715832101751 1.63993194034994 1.6378922974897083 1.6358526546294767 1.6338130117692453 1.6317733689090137 1.629733726048782 1.6276940831885505 1.6256544403283189 1.6236147974680872 1.6215751546078558 1.6195355117476242 1.6174958688873926 1.615456226027161 1.613416583166926 1.6113769403066944 1.6093372974464628 1.6072976545862312 1.6052580117259996 1.603218368865768 1.6011787260055366 1.599139083145305 1.5970994402850733 1.5950597974248417 1.59302015456461 1.5909805117043785 1.588940868844147 1.586901225983912 1.5848615831236803
1.6914098641870996 1.6876580195819115 1.6839061749767232 1.6801543303715285 1.6764024857663404 1.6726506411611521 1.6688987965559638 1.6651469519507758 1.6613951073455875 1.6576432627403992 1.6538914181352111 1.6501395735300228 1.6463877289248345 1.6426358843196465 1.6395922632260767 1.637305749080209 1.635019234934337 1.6327327207884694 1.6304462066426015 1.6281596924967336 1.625873178350866 1.623586664204998 1.6213001500591302 1.6190136359132625 1.6167271217673946 1.6144406076215267 1.612154093475659 1.6098675793297912 1.6075810651839233 1.6052945510380516 1.6030080368921837 1.600721522746316 1.5984350086004482 1.5961484944545803 1.5938619803087126 1.5915754661628447 1.5892889520169768 1.5870024378711092 1.5847159237252413 1.5824294095793734 1.5801428954335057 1.5778563812876378 1.5755698671417662 1.5732833529958983
1.6893243084869032 1.6854086596550337 1.6814930108231643 1.6775773619912882 1.6736617131594185 1.669746064327549 1.6658304154956796 1.66191476666381 1.6579991178319406 1.6540834690000712 1.6501678201682015 1.646252171336332 1.6423365225044626 1.6384208736725931 1.635173300381747 1.632639914950243 1.6301065295187347 1.6275731440872305 1.6250397586557264 1.6225063732242224 1.6199729877927183 1.6174396023612143 1.6149062169297101 1.6123728314982062 1.609839446066702 1.607306060635198 1.604772675203694 1.6022392897721898 1.5997059043406858 1.5971725189091774 1.5946391334776733 1.5921057480461693 1.5895723626146652 1.5870389771831612 1.584505591751657 1.581972206320153 1.579438820888649 1.5769054354571448 1.5743720500256408 1.5718386645941367 1.5693052791626327 1.5667718937311286 1.5642385082996202 1.5617051228681162
1.6872387527867065 1.683159299728156 1.679079846669605 1.6750003936110474 1.6709209405524965 1.666841487493946 1.662762034435395 1.6586825813768442 1.6546031283182936 1.6505236752597428 1.646444222201192 1.6423647691426413 1.6382853160840904 1.6342058630255396 1.6307543375374172 1.627974080820277 1.6251938241031318 1.6224135673859914 1.6196333106688512 1.616853053951711 1.6140727972345705 1.6112925405174303 1.6085122838002899 1.6057320270831497 1.6029517703660094 1.600171513648869 1.5973912569317288 1.5946110002145883 1.5918307434974481 1.589050486780303 1.5862702300631628 1.5834899733460224 1.5807097166288822 1.577929459911742 1.5751492031946015 1.5723689464774613 1.5695886897603208 1.5668084330431806 1.5640281763260404 1.5612479196089 1.5584676628917598 1.5556874061746193 1.5529071494574744 1.550126892740334
1.6851531970865101 1.6809099398012781 1.6766666825160461 1.6724234252308068 1.6681801679455748 1.6639369106603428 1.6596936533751105 1.6554503960898785 1.6512071388046465 1.6469638815194145 1.6427206242341825 1.6384773669489505 1.6342341096637183 1.6299908523784863 1.6263353746930875 1.623308246690311 1.6202811186875292 1.6172539906847527 1.6142268626819762 1.6111997346791995 1.608172606676423 1.6051454786736465 1.6021183506708698 1.5990912226680933 1.5960640946653168 1.5930369666625404 1.5900098386597636 1.5869827106569871 1.5839555826542107 1.5809284546514288 1.5779013266486523 1.5748741986458759 1.5718470706430991 1.5688199426403227 1.5657928146375462 1.5627656866347694 1.559738558631993 1.5567114306292165 1.55368430262644 1.5506571746236633 1.5476300466208868 1.5446029186181103 1.5415757906153285 1.538548662612552
1.6830676413863117 1.6786605798743983 1.674253518362485 1.669846456850564 1.6654393953386504 1.661032333826737 1.6566252723148236 1.6522182108029102 1.6478111492909966 1.6434040877790832 1.6389970262671698 1.6345899647552562 1.6301829032433428 1.6257758417314294 1.621916411848754 1.618642412560341 1.6153684132719224 1.6120944139835094 1.6088204146950964 1.6055464154066834 1.6022724161182704 1.5989984168298574 1.5957244175414442 1.5924504182530312 1.5891764189646183 1.5859024196762053 1.5826284203877923 1.5793544210993793 1.5760804218109663 1.5728064225225478 1.5695324232341346 1.5662584239457216 1.5629844246573086 1.5597104253688956 1.5564364260804826 1.5531624267920696 1.5498884275036566 1.5466144282152436 1.5433404289268307 1.5400664296384177 1.5367924303500045 1.5335184310615915 1.530244431773173 1.52697043248476
1.6809820856861153 1.6764112199475205 1.6718403542089257 1.6672694884703232 1.6626986227317284 1.6581277569931339 1.653556891254539 1.6489860255159443 1.6444151597773495 1.6398442940387548 1.63527342830016 1.6307025625615654 1.6261316968229707 1.6215608310843759 1.617497449004424 1.6139765784303748 1.6104557078563195 1.6069348372822703 1.603413966708221 1.599893096134172 1.5963722255601227 1.5928513549860734 1.5893304844120242 1.585809613837975 1.5822887432639257 1.5787678726898764 1.5752470021158271 1.5717261315417779 1.5682052609677286 1.5646843903936734 1.561163519819624 1.5576426492455748 1.5541217786715256 1.5506009080974763 1.547080037523427 1.5435591669493778 1.5400382963753285 1.5365174258012793 1.53299655522723 1.5294756846531807 1.5259548140791315 1.5224339435050824 1.518913072931027 1.515392202356978
1.6788965299859187 1.6741618600206427 1.6694271900553668 1.6646925200900826 1.6599578501248067 1.6552231801595305 1.6504885101942546 1.6457538402289786 1.6410191702637027 1.6362845002984265 1.6315498303331506 1.6268151603678747 1.6220804904025985 1.6173458204373226 1.6130784861600944 1.6093107443004089 1.6055430024407171 1.6017752605810316 1.598007518721346 1.5942397768616605 1.590472035001975 1.5867042931422894 1.5829365512826041 1.5791688094229186 1.575401067563233 1.5716333257035475 1.567865583843862 1.5640978419841765 1.5603301001244911 1.5565623582647992 1.5527946164051136 1.549026874545428 1.5452591326857426 1.541491390826057 1.5377236489663717 1.5339559071066862 1.5301881652470006 1.526420423387315 1.5226526815276296 1.5188849396679442 1.5151171978082587 1.5113494559485732 1.5075817140888812 1.5038139722291957
1.6768109742857222 1.671912500093765 1.6670140259018076 1.6621155517098418 1.6572170775178847 1.6523186033259274 1.64742012913397 1.6425216549420127 1.6376231807500554 1.6327247065580983 1.627826232366141 1.6229277581741837 1.6180292839822263 1.613130809790269 1.6086595233157646 1.6046449101704428 1.6006302970251143 1.5966156838797925 1.5926010707344709 1.588586457589149 1.5845718444438273 1.5805572312985054 1.5765426181531839 1.572528005007862 1.5685133918625402 1.5644987787172187 1.5604841655718968 1.556469552426575 1.5524549392812534 1.5484403261359247 1.544425712990603 1.5404110998452814 1.5363964866999595 1.532381873554638 1.5283672604093161 1.5243526472639943 1.5203380341186725 1.516323420973351 1.5123088078280291 1.5082941946827073 1.5042795815373857 1.500264968392064 1.4962503552467354 1.4922357421014136
1.6747254185855256 1.669663140166887 1.6646008617482484 1.6595385833296012 1.6544763049109628 1.6494140264923243 1.6443517480736856 1.639289469655047 1.6342271912364086 1.62916491281777 1.6241026343991316 1.619040355980493 1.6139780775618544 1.608915799143216 1.604240560471435 1.5999790760404768 1.5957175916095117 1.5914561071785538 1.5871946227475957 1.5829331383166376 1.5786716538856798 1.5744101694547217 1.5701486850237638 1.5658872005928057 1.5616257161618479 1.5573642317308898 1.5531027472999317 1.5488412628689738 1.5445797784380157 1.5403182940070506 1.5360568095760927 1.5317953251451346 1.5275338407141765 1.5232723562832187 1.5190108718522606 1.5147493874213027 1.5104879029903446 1.5062264185593868 1.5019649341284287 1.4977034496974706 1.4934419652665127 1.4891804808355547 1.4849189964045895 1.4806575119736314
1.672639862885329 1.6674137802400093 1.6621876975946894 1.6569616149493607 1.6517355323040408 1.646509449658721 1.641283367013401 1.6360572843680814 1.6308312017227615 1.6256051190774417 1.6203790364321218 1.6151529537868021 1.6099268711414823 1.6047007884961624 1.599821597627105 1.5953132419105107 1.5908048861939088 1.5862965304773147 1.5817881747607205 1.5772798190441262 1.572771463327532 1.5682631076109377 1.5637547518943435 1.5592463961777494 1.554738040461155 1.550229684744561 1.5457213290279666 1.5412129733113724 1.5367046175947783 1.5321962618781764 1.527687906161582 1.5231795504449879 1.5186711947283935 1.5141628390117994 1.509654483295205 1.5051461275786109 1.5006377718620167 1.4961294161454224 1.4916210604288282 1.487112704712234 1.4826043489956398 1.4780959932790456 1.4735876375624435 1.4690792818458493
1.6705543071851308 1.6651644203131295 1.6597745334411282 1.6543846465691179 1.6489947596971166 1.6436048728251154 1.638214985953114 1.6328250990811128 1.6274352122091116 1.6220453253371103 1.616655438465109 1.6112655515931078 1.6058756647211065 1.6004857778491053 1.5954026347827714 1.5906474077805408 1.585892180778302 1.5811369537760713 1.5763817267738407 1.57162649977161 1.5668712727693792 1.5621160457671486 1.557360818764918 1.5526055917626873 1.5478503647604567 1.5430951377582258 1.5383399107559952 1.5335846837537646 1.528829456751534 1.524074229749295 1.5193190027470644 1.5145637757448336 1.509808548742603 1.5050533217403723 1.5002980947381417 1.495542867735911 1.4907876407336802 1.4860324137314496 1.481277186729219 1.4765219597269883 1.4717667327247574 1.4670115057225268 1.4622562787202882 1.4575010517180573
1.6684687514849341 1.6629150603862517 1.6573613692875693 1.651807678188877 1.6462539870901947 1.6407002959915122 1.6351466048928296 1.6295929137941472 1.6240392226954645 1.618485531596782 1.6129318404980997 1.607378149399417 1.6018244583007346 1.5962707672020522 1.5909836719384418 1.585981573650575 1.5809794753626996 1.5759773770748324 1.5709752787869655 1.5659731804990986 1.5609710822112317 1.5559689839233648 1.550966885635498 1.545964787347631 1.540962689059764 1.5359605907718972 1.5309584924840303 1.5259563941961631 1.5209542959082962 1.5159521976204209 1.510950099332554 1.505948001044687 1.50094590275682 1.495943804468953 1.4909417061810861 1.4859396078932192 1.4809375096053523 1.4759354113174854 1.4709333130296185 1.4659312147417516 1.4609291164538847 1.4559270181660176 1.4509249198781422 1.4459228215902753
1.672721341699022 1.6670513157692137 1.6613812898394056 1.6557112639095877 1.6500412379797793 1.6443712120499712 1.638701186120163 1.6330311601903547 1.6273611342605463 1.6216911083307382 1.61602108240093 1.6103510564711216 1.6046810305413133 1.5990110046115051 1.5935186694678272 1.5882162897923238 1.5829139101168113 1.5776115304413079 1.5723091507658045 1.5670067710903008 1.5617043914147974 1.556402011739294 1.5510996320637906 1.5457972523882872 1.5404948727127838 1.5351924930372804 1.529890113361777 1.5245877336862736 1.5192853540107703 1.5139829743352577 1.5086805946597543 1.503378214984251 1.4980758353087473 1.492773455633244 1.4874710759577405 1.4821686962822371 1.4768663166067337 1.4715639369312303 1.466261557255727 1.4609591775802235 1.4556567979047201 1.4503544182292165 1.4450520385537042 1.4397496588782008
1.6837490103842045 1.678013391414989 1.6722777724457736 1.6665421534765483 1.6608065345073328 1.6550709155381174 1.6493352965689019 1.6435996775996864 1.637864058630471 1.6321284396612554 1.62639282069204 1.6206572017228245 1.614921582753609 1.6091859637843935 1.6034870123089098 1.5978272592133216 1.5921675061177236 1.5865077530221354 1.580847999926547 1.5751882468309588 1.5695284937353706 1.5638687406397822 1.558208987544194 1.5525492344486058 1.5468894813530174 1.5412297282574292 1.5355699751618408 1.5299102220662526 1.5242504689706644 1.5185907158750664 1.512930962779478 1.5072712096838898 1.5016114565883016 1.4959517034927132 1.490291950397125 1.4846321973015368 1.4789724442059484 1.4733126911103602 1.4676529380147718 1.4619931849191836 1.4563334318235954 1.450673678728007 1.4450139256324093 1.4393541725368209
