Figures/CREST_Example_wjb_NSE/PETs/wjb.pet.20100823.asc
ncols            288
nrows            254
xllcorner        113.274861
yllcorner        31.4918055
cellsize         0.008333333333
NODATA_value     -9999
[rows 140 to 159 of 254, columns 220 to 263 of 288]
2.4551855990538556 2.453254309028093 2.4533619703462572 2.455649316796092 2.457936663245927 2.460224009695762 2.462511356145597 2.464798702595432 2.467086049045267 2.4693733954951016 2.4716607419449366 2.4739480883947715 2.4762354348446065 2.4785227812944415 2.48081012774428 2.483097474194115 2.48538482064395 2.487672167093785 2.48995951354362 2.492246859993455 2.49453420644329 2.496821552893125 2.4991088993429593 2.5013962457927943 2.5036835922426293 2.5059709386924642 2.508258285142299 2.5105456315921377 2.5128329780419727 2.5151203244918077 2.5174076709416426 2.5196950173914776 2.522540357426609 2.525982205235655 2.5294240530447016 2.532865900853748 2.5363077486627947 2.539749596471841 2.5431914442808874 2.546633292089934 2.5500751398989863 2.553516987708033 2.556958835517079 2.5604006833261255
2.453520854014351 2.451606020039365 2.451791818383324 2.4542232402171966 2.4566546620510694 2.459086083884942 2.4615175057188146 2.4639489275526874 2.46638034938656 2.468811771220433 2.4712431930543057 2.473674614888178 2.476106036722051 2.4785374585559237 2.4809688803898005 2.4834003022236733 2.485831724057546 2.4882631458914184 2.490694567725291 2.493125989559164 2.4955574113930368 2.497988833226909 2.500420255060782 2.5028516768946547 2.5052830987285275 2.5077145205624003 2.5101459423962726 2.5125773642301494 2.5150087860640222 2.517440207897895 2.519871629731768 2.5223030515656406 2.5251346779811 2.5283941321536587 2.5316535863262177 2.5349130404987767 2.5381724946713358 2.5414319488438943 2.5446914030164534 2.5479508571890124 2.5512103113615767 2.5544697655341353 2.5577292197066943 2.5609886738792533
2.451856108974846 2.449957731050636 2.45022166642039 2.4527971636383006 2.455372660856211 2.457948158074122 2.460523655292032 2.4630991525099426 2.465674649727853 2.4682501469457634 2.470825644163674 2.4734011413815846 2.475976638599495 2.4785521358174054 2.4811276330353205 2.4837031302532306 2.4862786274711413 2.488854124689052 2.491429621906962 2.4940051191248727 2.4965806163427833 2.4991561135606934 2.501731610778604 2.5043071079965147 2.5068826052144253 2.5094581024323355 2.512033599650246 2.5146090968681607 2.5171845940860713 2.519760091303982 2.5223355885218925 2.5249110857398027 2.527728998535591 2.5308060590716623 2.5338831196077334 2.536960180143805 2.5400372406798764 2.5431143012159474 2.546191361752019 2.5492684222880904 2.5523454828241667 2.555422543360238 2.5584996038963093 2.5615766644323807
2.450191363935341 2.4483094420619076 2.4486515144574565 2.451371087059405 2.4540906596613534 2.4568102322633014 2.45952980486525 2.462249377467198 2.4649689500691463 2.4676885226710943 2.4704080952730427 2.473127667874991 2.475847240476939 2.4785668130788876 2.4812863856808405 2.4840059582827885 2.486725530884737 2.489445103486685 2.4921646760886333 2.494884248690582 2.49760382129253 2.500323393894478 2.503042966496426 2.5057625390983747 2.5084821117003226 2.511201684302271 2.5139212569042195 2.5166408295061724 2.5193604021081204 2.522079974710069 2.524799547312017 2.5275191199139653 2.5303233190900816 2.5332179859896655 2.536112652889249 2.539007319788833 2.541901986688417 2.5447966535880004 2.5476913204875844 2.5505859873871684 2.5534806542867567 2.5563753211863407 2.5592699880859247 2.562164654985508
2.448526618895835 2.4466611530731774 2.447081362494522 2.4499450104805076 2.452808658466494 2.45567230645248 2.4585359544384664 2.461399602424452 2.4642632504104385 2.4671268983964247 2.469990546382411 2.472854194368397 2.475717842354383 2.4785814903403693 2.4814451383263605 2.4843087863123463 2.4871724342983326 2.490036082284319 2.492899730270305 2.495763378256291 2.498627026242277 2.5014906742282634 2.5043543222142497 2.5072179702002355 2.5100816181862218 2.512945266172208 2.5158089141581943 2.518672562144185 2.5215362101301713 2.5243998581161575 2.527263506102144 2.5301271540881296 2.5329176396445745 2.535629912907671 2.538342186170767 2.541054459433863 2.543766732696959 2.546479005960055 2.5491912792231513 2.5519035524862472 2.554615825749348 2.557328099012444 2.56004037227554 2.562752645538636
2.44686187385633 2.445012864084449 2.4455112105315884 2.448518933901612 2.451526657271636 2.45453438064166 2.457542104011684 2.460549827381708 2.463557550751732 2.4665652741217556 2.4695729974917797 2.472580720861804 2.4755884442318274 2.4785961676018515 2.4816038909718805 2.4846116143419046 2.4876193377119287 2.4906270610819523 2.4936347844519764 2.4966425078220005 2.499650231192024 2.502657954562048 2.5056656779320723 2.508673401302096 2.51168112467212 2.514688848042144 2.5176965714121677 2.5207042947821967 2.523712018152221 2.526719741522245 2.5297274648922685 2.5327351882622926 2.535511960199066 2.5380418398256746 2.540571719452283 2.5431015990788914 2.5456314787055 2.5481613583321083 2.550691237958717 2.5532211175853257 2.5557509972119385 2.558280876838547 2.5608107564651554 2.563340636091764
2.445197128816825 2.4433645750957202 2.4439410585686545 2.447092857322716 2.450244656076778 2.45339645483084 2.4565482535849013 2.459700052338963 2.4628518510930246 2.4660036498470865 2.469155448601148 2.47230724735521 2.475459046109272 2.4786108448633333 2.4817626436174005 2.484914442371462 2.488066241125524 2.491218039879586 2.4943698386336473 2.497521637387709 2.5006734361417706 2.5038252348958325 2.506977033649894 2.510128832403956 2.513280631158018 2.5164324299120793 2.519584228666141 2.522736027420208 2.52588782617427 2.529039624928332 2.5321914236823932 2.535343222436455 2.538106280753557 2.5404537667436777 2.5428012527337986 2.5451487387239196 2.5474962247140405 2.5498437107041614 2.5521911966942827 2.5545386826844036 2.5568861686745286 2.5592336546646495 2.5615811406547704 2.5639286266448913
2.4435323837773204 2.441716286106992 2.442370906605721 2.4456667807438204 2.44896265488192 2.4522585290200194 2.455554403158119 2.4588502772962184 2.462146151434318 2.4654420255724174 2.4687378997105167 2.4720337738486164 2.4753296479867157 2.4786255221248155 2.4819213962629205 2.48521727040102 2.4885131445391195 2.491809018677219 2.4951048928153186 2.498400766953418 2.5016966410915176 2.504992515229617 2.5082883893677166 2.511584263505816 2.5148801376439156 2.518176011782015 2.521471885920114 2.5247677600582197 2.528063634196319 2.5313595083344183 2.534655382472518 2.5379512566106173 2.5407006013080475 2.542865693661681 2.5450307860153143 2.5471958783689477 2.549360970722581 2.5515260630762144 2.553691155429848 2.555856247783481 2.5580213401371186 2.560186432490752 2.5623515248443853 2.5645166171980187
2.441332140729999 2.4394924626049077 2.440149706492125 2.443476216520186 2.446802726548247 2.450129236576308 2.453455746604369 2.4567822566324296 2.4601087666604906 2.4634352766885517 2.4667617867166123 2.4700882967446733 2.4734148067727344 2.476741316800795 2.480067826828862 2.483394336856923 2.4867208468849835 2.4900473569130446 2.4933738669411056 2.4967003769691662 2.5000268869972273 2.5033533970252884 2.506679907053349 2.51000641708141 2.513332927109471 2.516659437137532 2.5199859471655928 2.5233124571936596 2.52663896722172 2.5299654772497813 2.5332919872778423 2.536618497305903 2.5393110918317747 2.5413260163359372 2.5433409408400998 2.5453558653442623 2.547370789848425 2.5493857143525873 2.55140063885675 2.5534155633609124 2.5554304878650784 2.557445412369241 2.5594603368734035 2.561475261377566
2.4385594840690255 2.4366534289885715 2.4372325769462218 2.4404684631960714 2.443704349445921 2.4469402356957706 2.4501761219456206 2.4534120081954702 2.45664789444532 2.4598837806951694 2.463119666945019 2.4663555531948687 2.4695914394447183 2.472827325694568 2.4760632119444232 2.479299098194273 2.4825349844441225 2.485770870693972 2.4890067569438217 2.4922426431936713 2.4954785294435213 2.498714415693371 2.5019503019432205 2.50518618819307 2.5084220744429198 2.5116579606927694 2.514893846942619 2.5181297331924744 2.521365619442324 2.5246015056921736 2.527837391942023 2.5310732781918728 2.5336631191851557 2.53556232317472 2.537461527164284 2.539360731153849 2.541259935143413 2.5431591391329773 2.545058343122542 2.546957547112106 2.5488567511016735 2.550755955091238 2.5526551590808024 2.5545543630703667
2.43578682740805 2.4338143953722327 2.434315447400316 2.4374607098719547 2.440605972343593 2.443751234815231 2.4468964972868696 2.450041759758508 2.453187022230146 2.4563322847017846 2.4594775471734227 2.462622809645061 2.4657680721166995 2.4689133345883376 2.472058597059981 2.4752038595316197 2.478349122003258 2.481494384474896 2.4846396469465346 2.4877849094181728 2.490930171889811 2.4940754343614495 2.4972206968330877 2.500365959304726 2.5035112217763644 2.5066564842480026 2.5098017467196407 2.5129470091912847 2.516092271662923 2.519237534134561 2.5223827966061996 2.5255280590778377 2.528015146538532 2.529798630013498 2.5315821134884637 2.53336559696343 2.535149080438396 2.536932563913362 2.5387160473883283 2.5404995308632943 2.5422830143382633 2.5440664978132297 2.5458499812881956 2.5476334647631615
2.433014170747077 2.430975361755896 2.4313983178544127 2.43445295654784 2.437507595241267 2.440562233934694 2.4436168726281213 2.446671511321548 2.449726150014975 2.4527807887084023 2.4558354274018295 2.458890066095256 2.4619447047886833 2.4649993434821105 2.4680539821755425 2.4711086208689697 2.474163259562397 2.477217898255824 2.4802725369492507 2.483327175642678 2.486381814336105 2.489436453029532 2.492491091722959 2.495545730416386 2.498600369109813 2.5016550078032402 2.504709646496667 2.5077642851900994 2.5108189238835266 2.5138735625769533 2.5169282012703804 2.5199828399638076 2.522367173891913 2.5240349368522805 2.5257026998126486 2.5273704627730162 2.5290382257333843 2.5307059886937524 2.53237375165412 2.534041514614488 2.535709277574859 2.537377040535227 2.5390448034955946 2.5407125664559627
2.4302415140861036 2.42813632813956 2.42848118830851 2.4314452032237255 2.434409218138941 2.437373233054157 2.4403372479693726 2.4433012628845883 2.4462652777998044 2.44922929271502 2.452193307630236 2.4551573225454515 2.458121337460667 2.461085352375883 2.464049367291104 2.4670133822063196 2.4699773971215353 2.472941412036751 2.4759054269519667 2.478869441867183 2.4818334567823985 2.4847974716976142 2.48776148661283 2.4907255015280456 2.4936895164432613 2.4966535313584775 2.499617546273693 2.5025815611889137 2.5055455761041294 2.508509591019345 2.5114736059345613 2.514437620849777 2.516719201245293 2.518271243691063 2.5198232861368326 2.5213753285826024 2.522927371028372 2.524479413474142 2.5260314559199117 2.5275834983656815 2.529135540811454 2.5306875832572238 2.5322396257029935 2.5337916681487633
2.42746885742513 2.425297294523223 2.4255640587626064 2.428437449899611 2.4313108410366153 2.43418423217362 2.4370576233106243 2.439931014447629 2.442804405584633 2.445677796721638 2.4485511878586426 2.451424578995647 2.4542979701326515 2.4571713612696557 2.4600447524066653 2.4629181435436696 2.4657915346806742 2.468664925817679 2.471538316954683 2.474411708091688 2.477285099228692 2.480158490365697 2.483031881502701 2.4859052726397057 2.4887786637767104 2.4916520549137147 2.4945254460507194 2.4973988371877285 2.500272228324733 2.5031456194617374 2.506019010598742 2.508892401735747 2.511071228598674 2.512507550529846 2.5139438724610175 2.515380194392189 2.5168165163233605 2.5182528382545324 2.519689160185704 2.5211254821168754 2.5225618040480495 2.523998125979221 2.5254344479103925 2.5268707698415644
2.424696200764157 2.4224582609068865 2.422646929216703 2.4254296965754962 2.4282124639342895 2.4309952312930827 2.433777998651876 2.436560766010669 2.4393435333694624 2.4421263007282557 2.444909068087049 2.447691835445842 2.4504746028046354 2.4532573701634286 2.4560401375222267 2.45882290488102 2.461605672239813 2.4643884395986064 2.4671712069573997 2.469953974316193 2.472736741674986 2.4755195090337794 2.4783022763925726 2.481085043751366 2.483867811110159 2.4866505784689523 2.4894333458277456 2.4922161131865432 2.4949988805453365 2.4977816479041297 2.500564415262923 2.503347182621716 2.505423255952055 2.5067438573686287 2.508064458785202 2.5093850602017755 2.5107056616183487 2.5120262630349224 2.5133468644514956 2.514667465868069 2.515988067284645 2.5173086687012183 2.518629270117792 2.519949871534365
2.4219235441031843 2.419619227290551 2.4197297996708 2.4224219432513823 2.425114086831964 2.4278062304125463 2.430498373993128 2.43319051757371 2.435882661154292 2.438574804734874 2.4412669483154557 2.443959091896038 2.4466512354766197 2.449343379057202 2.452035522637788 2.4547276662183704 2.457419809798952 2.460111953379534 2.462804096960116 2.465496240540698 2.46818838412128 2.470880527701862 2.4735726712824437 2.476264814863026 2.4789569584436077 2.48164910202419 2.4843412456047718 2.4870333891853584 2.48972553276594 2.492417676346522 2.4951098199271042 2.497801963507686 2.499775283305436 2.5009801642074114 2.5021850451093868 2.503389926011362 2.504594806913337 2.5057996878153124 2.5070045687172877 2.508209449619263 2.50941433052124 2.5106192114232155 2.511824092325191 2.5130289732271662
2.419150887442211 2.416780193674214 2.416812670124897 2.4194141899272674 2.422015709729638 2.424617229532009 2.4272187493343798 2.4298202691367505 2.432421788939121 2.4350233087414916 2.4376248285438624 2.440226348346233 2.4428278681486035 2.4454293879509743 2.4480309077533495 2.4506324275557203 2.4532339473580906 2.4558354671604614 2.458436986962832 2.461038506765203 2.4636400265675737 2.466241546369944 2.468843066172315 2.4714445859746856 2.4740461057770564 2.4766476255794267 2.4792491453817975 2.4818506651841727 2.4844521849865435 2.487053704788914 2.4896552245912846 2.4922567443936554 2.4941273106588167 2.4952164710461937 2.4963056314335708 2.497394791820948 2.4984839522083253 2.4995731125957024 2.5006622729830794 2.5017514333704565 2.5028405937578353 2.503929754145213 2.50501891453259 2.506108074919967
2.4163782307812354 2.4139411600578753 2.4138955405789915 2.416406436603151 2.41891733262731 2.4214282286514694 2.4239391246756288 2.426450020699788 2.4289609167239474 2.4314718127481068 2.433982708772266 2.4364936047964254 2.4390045008205847 2.441515396844744 2.4440262928689074 2.4465371888930667 2.449048084917226 2.4515589809413854 2.4540698769655447 2.456580772989704 2.4590916690138633 2.4616025650380227 2.464113461062182 2.4666243570863413 2.4691352531105006 2.47164614913466 2.4741570451588193 2.476667941182983 2.4791788372071424 2.4816897332313017 2.484200629255461 2.4867115252796204 2.488479338012193 2.4894527778849715 2.4904262177577503 2.491399657630529 2.492373097503308 2.493346537376087 2.494319977248866 2.4952934171216445 2.496266856994425 2.497240296867204 2.498213736739983 2.499187176612762
2.413605574120262 2.411102126441539 2.410978411033088 2.413398683279036 2.4158189555249843 2.418239227770932 2.4206595000168805 2.4230797722628283 2.4255000445087767 2.4279203167547245 2.4303405890006724 2.4327608612466207 2.4351811334925686 2.437601405738517 2.440021677984469 2.442441950230417 2.444862222476365 2.4472824947223133 2.449702766968261 2.452123039214209 2.4545433114601574 2.4569635837061052 2.4593838559520536 2.4618041281980014 2.4642244004439497 2.4666446726898976 2.4690649449358455 2.471485217181798 2.4739054894277457 2.476325761673694 2.478746033919642 2.48116630616559 2.4828313653655734 2.4836890847237543 2.4845468040819347 2.4854045234401156 2.4862622427982966 2.487119962156477 2.487977681514658 2.4888354008728384 2.4896931202310206 2.490550839589201 2.491408558947382 2.4922662783055625
2.410832917459289 2.4082630928252025 2.4080612814871847 2.4103909299549215 2.4127205784226584 2.4150502268903953 2.417379875358132 2.4197095238258686 2.4220391722936054 2.4243688207613423 2.426698469229079 2.429028117696816 2.431357766164553 2.4336874146322898 2.43601706310003 2.438346711567767 2.440676360035504 2.443006008503241 2.4453356569709777 2.4476653054387145 2.449994953906451 2.452324602374188 2.4546542508419247 2.4569838993096615 2.4593135477773984 2.4616431962451353 2.4639728447128717 2.4663024931806126 2.4686321416483494 2.4709617901160863 2.473291438583823 2.47562108705156 2.4771833927189544 2.477925391562537 2.4786673904061196 2.4794093892497022 2.480151388093285 2.480893386936867 2.4816353857804496 2.4823773846240322 2.483119383467616 2.4838613823111984 2.484603381154781 2.4853453799983636
