Figures/CREST_Example_wjb_NSE/PETs/wjb.pet.20100612.asc
ncols            288
nrows            254
xllcorner        113.274861
yllcorner        31.4918055
cellsize         0.008333333333
NODATA_value     -9999
[rows 220 to 239 of 254, columns 132 to 175 of 288]
2.777434233483285 2.7809668334242845 2.784499433365284 2.7880320333062834 2.7915646332472823 2.7950972331882817 2.798629833129281 2.8021624330702806 2.80569503301128 2.8092276329522794 2.812760232893279 2.816292832834284 2.8198254327752834 2.823358032716283 2.8268906326572822 2.8304232325982817 2.8339558325392806 2.83748843248028 2.8410210324212795 2.844553632362279 2.8480862323032783 2.8516188322442777 2.855151432185277 2.858684032126276 2.8622166320672817 2.865749232008281 2.8692818319492805 2.87281443189028 2.876347031831279 2.8798796317722783 2.88335432323537 2.886767109225604 2.890179895215838 2.893592681206072 2.8970054671963057 2.9004182531865395 2.903831039176773 2.907243825167013 2.910656611157247 2.9140693971474807 2.9174821831377145 2.9208949691279487 2.9243077551181824 2.927720541108416
2.7806950579058003 2.7841624909851532 2.787629924064506 2.791097357143859 2.794564790223212 2.798032223302565 2.801499656381918 2.804967089461271 2.8084345225406238 2.8119019556199767 2.8153693886993296 2.8188368217786888 2.8223042548580417 2.8257716879373946 2.8292391210167476 2.8327065540961005 2.8361739871754534 2.8396414202548064 2.8431088533341593 2.8465762864135122 2.850043719492865 2.853511152572218 2.856978585651571 2.860446018730924 2.863913451810283 2.867380884889636 2.870848317968989 2.874315751048342 2.877783184127695 2.881250617207048 2.8846644725497623 2.8880210520800027 2.891377631610243 2.8947342111404835 2.8980907906707243 2.9014473702009647 2.904803949731205 2.9081605292614516 2.911517108791692 2.9148736883219324 2.9182302678521728 2.9215868473824136 2.924943426912654 2.9283000064428943
2.783955882328315 2.7873581485460215 2.790760414763728 2.7941626809814344 2.7975649471991413 2.8009672134168477 2.804369479634554 2.807771745852261 2.8111740120699675 2.814576278287674 2.8179785445053804 2.821380810723093 2.8247830769407996 2.828185343158506 2.831587609376213 2.8349898755939194 2.838392141811626 2.8417944080293323 2.845196674247039 2.8485989404647456 2.852001206682452 2.855403472900159 2.8588057391178654 2.862208005335572 2.865610271553284 2.869012537770991 2.8724148039886974 2.875817070206404 2.8792193364241108 2.882621602641817 2.885974621864154 2.889274994934401 2.8925753680046484 2.8958757410748954 2.8991761141451424 2.90247648721539 2.905776860285637 2.9090772333558896 2.912377606426137 2.915677979496384 2.918978352566631 2.9222787256368785 2.9255790987071255 2.928879471777373
2.7872167067508307 2.790553806106891 2.793890905462951 2.7972280048190115 2.8005651041750714 2.803902203531132 2.807239302887192 2.8105764022432522 2.813913501599312 2.8172506009553726 2.8205877003114326 2.8239247996674983 2.8272618990235587 2.8305989983796187 2.833936097735679 2.837273197091739 2.8406102964477995 2.8439473958038595 2.84728449515992 2.85062159451598 2.8539586938720403 2.8572957932281002 2.86063289258416 2.8639699919402206 2.8673070912962864 2.8706441906523468 2.8739812900084067 2.877318389364467 2.880655488720527 2.8839925880765875 2.8872847711785465 2.8905289377888006 2.893773104399054 2.897017271009308 2.900261437619562 2.9035056042298155 2.9067497708400696 2.9099939374503285 2.9132381040605826 2.916482270670836 2.9197264372810903 2.922970603891344 2.9262147705015975 2.9294589371118516
2.7904775311733454 2.7937494636677593 2.7970213961621733 2.8002933286565868 2.8035652611510007 2.8068371936454146 2.810109126139828 2.813381058634242 2.816652991128656 2.8199249236230695 2.8231968561174834 2.8264687886119026 2.8297407211063166 2.8330126536007305 2.836284586095144 2.839556518589558 2.842828451083972 2.846100383578386 2.8493723160727993 2.852644248567213 2.855916181061627 2.8591881135560406 2.8624600460504546 2.8657319785448685 2.8690039110392878 2.8722758435337017 2.875547776028115 2.878819708522529 2.882091641016943 2.8853635735113565 2.8885949204929386 2.891782880643199 2.8949708407934596 2.89815880094372 2.9013467610939805 2.9045347212442407 2.907722681394501 2.910910641544767 2.9140986016950277 2.917286561845288 2.9204745219955486 2.923662482145809 2.9268504422960695 2.9300384024463297
2.7937383555958606 2.796945121228628 2.8001518868613955 2.803358652494163 2.8065654181269304 2.8097721837596974 2.812978949392465 2.8161857150252323 2.8193924806579997 2.822599246290767 2.8258060119235346 2.8290127775563074 2.832219543189075 2.8354263088218423 2.8386330744546098 2.8418398400873772 2.8450466057201442 2.8482533713529117 2.851460136985679 2.8546669026184466 2.857873668251214 2.8610804338839815 2.864287199516749 2.8674939651495164 2.870700730782289 2.8739074964150566 2.877114262047824 2.880321027680591 2.8835277933133585 2.886734558946126 2.8899050698073303 2.8930368234975976 2.8961685771878645 2.8993003308781318 2.9024320845683986 2.905563838258666 2.908695591948933 2.9118273456392054 2.9149590993294723 2.9180908530197396 2.921222606710007 2.9243543604002737 2.927486114090541 2.930617867780808
2.7969991800183767 2.8001407787894976 2.8032823775606186 2.8064239763317396 2.8095655751028605 2.8127071738739815 2.8158487726451025 2.8189903714162234 2.8221319701873444 2.8252735689584654 2.8284151677295863 2.8315567665007126 2.8346983652718336 2.8378399640429546 2.8409815628140755 2.8441231615851965 2.8472647603563175 2.8504063591274384 2.85354795789856 2.856689556669681 2.859831155440802 2.8629727542119228 2.8661143529830437 2.8692559517541647 2.872397550525291 2.875539149296412 2.878680748067533 2.881822346838654 2.884963945609775 2.888105544380896 2.8912152191217224 2.8942907663519963 2.89736631358227 2.9004418608125437 2.9035174080428177 2.906592955273091 2.909668502503365 2.912744049733644 2.915819596963918 2.9188951441941913 2.921970691424465 2.9250462386547387 2.9281217858850126 2.9311973331152865
2.8002600044408914 2.803336436350366 2.8064128682598404 2.809489300169315 2.81256573207879 2.8156421639882643 2.8187185958977388 2.8217950278072133 2.824871459716688 2.8279478916261627 2.831024323535637 2.834100755445117 2.837177187354592 2.8402536192640664 2.843330051173541 2.8464064830830154 2.8494829149924903 2.8525593469019648 2.8556357788114393 2.8587122107209137 2.8617886426303887 2.864865074539863 2.8679415064493377 2.871017938358812 2.874094370268292 2.877170802177767 2.8802472340872414 2.883323665996716 2.8864000979061903 2.8894765298156653 2.8925253684361145 2.8955447092063946 2.898564049976675 2.9015833907469557 2.904602731517236 2.9076220722875163 2.910641413057797 2.9136607538280823 2.9166800945983624 2.919699435368643 2.9227187761389235 2.9257381169092036 2.928757457679484 2.9317767984497647
2.803520828863406 2.806532093911234 2.809543358959062 2.8125546240068906 2.8155658890547186 2.818577154102547 2.821588419150375 2.8245996841982035 2.8276109492460315 2.83062221429386 2.833633479341688 2.8366447443895213 2.8396560094373497 2.8426672744851778 2.845678539533006 2.848689804580834 2.8517010696286627 2.8547123346764907 2.857723599724319 2.860734864772147 2.8637461298199756 2.8667573948678036 2.869768659915632 2.87277992496346 2.8757911900112934 2.878802455059122 2.88181372010695 2.8848249851547783 2.8878362502026063 2.8908475152504343 2.893835517750506 2.8967986520607933 2.8997617863710805 2.9027249206813672 2.9056880549916544 2.9086511893019416 2.9116143236122283 2.9145774579225208 2.9175405922328075 2.9205037265430946 2.923466860853382 2.9264299951636685 2.9293931294739557 2.932356263784243
2.806781653285921 2.809727751472103 2.812673849658285 2.8156199478444663 2.8185660460306483 2.8215121442168303 2.824458242403012 2.8274043405891938 2.8303504387753757 2.8332965369615573 2.836242635147739 2.839188733333926 2.842134831520108 2.8450809297062896 2.8480270278924715 2.8509731260786535 2.853919224264835 2.856865322451017 2.859811420637199 2.8627575188233805 2.8657036170095624 2.8686497151957444 2.871595813381926 2.874541911568108 2.8774880097542948 2.8804341079404767 2.8833802061266582 2.88632630431284 2.889272402499022 2.8922185006852037 2.895145667064898 2.8980525949151916 2.9009595227654854 2.903866450615779 2.906773378466073 2.9096803063163663 2.91258723416666 2.9154941620169588 2.9184010898672526 2.9213080177175463 2.92421494556784 2.927121873418134 2.9300288012684272 2.932935729118721
2.810042477708437 2.8129234090329724 2.815804340357508 2.8186852716820434 2.821566203006579 2.824447134331114 2.8273280656556494 2.830208996980185 2.8330899283047204 2.835970859629256 2.8388517909537914 2.8417327222783317 2.8446136536028668 2.8474945849274023 2.8503755162519377 2.8532564475764732 2.8561373789010087 2.859018310225544 2.8618992415500797 2.8647801728746147 2.86766110419915 2.8705420355236857 2.873422966848221 2.8763038981727567 2.879184829497297 2.8820657608218325 2.884946692146368 2.887827623470903 2.8907085547954385 2.893589486119974 2.896455816379291 2.8993065377695912 2.902157259159891 2.9050079805501916 2.907858701940492 2.9107094233307924 2.913560144721093 2.9164108661113977 2.919261587501698 2.9221123088919985 2.924963030282299 2.9278137516725993 2.9306644730628997 2.9335151944531996
2.8133033021309517 2.8161190665938407 2.8189348310567297 2.8217505955196187 2.8245663599825077 2.8273821244453967 2.8301978889082857 2.833013653371175 2.835829417834064 2.838645182296953 2.841460946759842 2.844276711222736 2.847092475685625 2.849908240148514 2.852724004611403 2.855539769074292 2.858355533537181 2.86117129800007 2.863987062462959 2.866802826925848 2.869618591388737 2.872434355851626 2.875250120314515 2.8780658847774045 2.880881649240298 2.8836974137031874 2.8865131781660764 2.8893289426289654 2.8921447070918544 2.8949604715547435 2.8977659656936825 2.9005604806239895 2.9033549955542965 2.9061495104846036 2.9089440254149106 2.9117385403452176 2.9145330552755246 2.917327570205836 2.920122085136143 2.92291660006645 2.925711114996757 2.928505629927064 2.9313001448573712 2.9340946597876782
2.8165641265534664 2.819314724154709 2.8220653217559515 2.8248159193571944 2.827566516958437 2.8303171145596795 2.8330677121609225 2.835818309762165 2.8385689073634075 2.8413195049646505 2.844070102565893 2.8468207001671404 2.849571297768383 2.8523218953696254 2.8550724929708684 2.857823090572111 2.8605736881733534 2.863324285774596 2.866074883375839 2.8688254809770815 2.871576078578324 2.874326676179567 2.8770772737808095 2.879827871382052 2.8825784689832994 2.885329066584542 2.888079664185785 2.8908302617870274 2.89358085938827 2.896331456989513 2.8990761150080746 2.9018144234783882 2.904552731948702 2.907291040419015 2.9100293488893287 2.9127676573596424 2.915505965829956 2.9182442743002746 2.920982582770588 2.923720891240902 2.9264591997112155 2.929197508181529 2.9319358166518428 2.9346741251221564
2.819824950975983 2.822510381715579 2.825195812455175 2.8278812431947715 2.8305666739343676 2.833252104673964 2.83593753541356 2.8386229661531566 2.8413083968927526 2.8439938276323486 2.846679258371945 2.849364689111546 2.852050119851142 2.854735550590738 2.8574209813303346 2.8601064120699307 2.862791842809527 2.865477273549123 2.8681627042887197 2.8708481350283157 2.8735335657679117 2.8762189965075082 2.8789044272471043 2.8815898579867008 2.8842752887263012 2.8869607194658977 2.8896461502054938 2.8923315809450902 2.8950170116846863 2.8977024424242823 2.9003862643224667 2.903068366332787 2.9057504683431072 2.9084325703534275 2.9111146723637478 2.913796774374068 2.9164788763843883 2.919160978394713 2.9218430804050333 2.9245251824153535 2.927207284425674 2.929889386435994 2.9325714884463148 2.935253590456635
2.8230857753984973 2.8257060392764473 2.8283263031543973 2.830946567032347 2.833566830910297 2.836187094788247 2.8388073586661964 2.8414276225441464 2.8440478864220964 2.846668150300046 2.849288414177996 2.8519086780559504 2.8545289419339 2.85714920581185 2.8597694696898 2.8623897335677495 2.8650099974456995 2.867630261323649 2.870250525201599 2.872870789079549 2.8754910529574986 2.8781113168354486 2.8807315807133986 2.883351844591348 2.8859721084693026 2.8885923723472526 2.891212636225202 2.893832900103152 2.896453163981102 2.8990734278590518 2.9016964136368584 2.9043223091871853 2.906948204737512 2.909574100287839 2.9121999958381664 2.9148258913884932 2.91745178693882 2.9200776824891514 2.9227035780394783 2.925329473589805 2.927955369140132 2.930581264690459 2.933207160240786 2.9358330557911128
2.826346599821012 2.8289016968373155 2.831456793853619 2.8340118908699226 2.836566987886226 2.8391220849025296 2.8416771819188327 2.844232278935136 2.8467873759514397 2.8493424729677432 2.8518975699840468 2.8544526670003547 2.857007764016658 2.8595628610329613 2.862117958049265 2.8646730550655684 2.867228152081872 2.8697832490981754 2.872338346114479 2.8748934431307824 2.8774485401470855 2.880003637163389 2.8825587341796926 2.885113831195996 2.887668928212304 2.8902240252286076 2.8927791222449106 2.895334219261214 2.8978893162775177 2.900444413293821 2.9030065629512505 2.905576252041584 2.9081459411319175 2.910715630222251 2.9132853193125845 2.915855008402918 2.918424697493252 2.92099438658359 2.9235640756739234 2.926133764764257 2.9287034538545904 2.931273142944924 2.9338428320352574 2.936412521125591
2.8296074242435285 2.8320973543981856 2.8345872845528426 2.8370772147074996 2.8395671448621567 2.8420570750168137 2.8445470051714707 2.847036935326128 2.849526865480785 2.852016795635442 2.854506725790099 2.8569966559447604 2.8594865860994174 2.8619765162540745 2.8644664464087315 2.8669563765633885 2.8694463067180456 2.8719362368727026 2.8744261670273596 2.8769160971820167 2.8794060273366737 2.8818959574913308 2.884385887645988 2.886875817800645 2.8893657479553063 2.8918556781099634 2.8943456082646204 2.8968355384192774 2.8993254685739345 2.9018153987285915 2.904316712265643 2.906830194895983 2.9093436775263233 2.9118571601566634 -9999.0 -9999.0 -9999.0 -9999.0 -9999.0 2.926938055938709 2.929451538569049 2.9319650211993893 2.93447850382973 2.93699198646007
2.8328682486660433 2.835293011959054 2.8377177752520644 2.8401425385450754 2.842567301838086 2.8449920651310965 2.847416828424107 2.849841591717118 2.8522663550101286 2.854691118303139 2.8571158815961497 2.8595406448891647 2.8619654081821753 2.864390171475186 2.866814934768197 2.8692396980612074 2.871664461354218 2.8740892246472285 2.8765139879402395 2.87893875123325 2.8813635145262606 2.883788277819271 2.886213041112282 2.8886378044052927 2.8910625676983073 2.8934873309913183 2.895912094284329 2.8983368575773394 2.90076162087035 2.903186384163361 2.9056268615800347 2.908084137750382 2.9105414139207286 -9999.0 -9999.0 -9999.0 -9999.0 -9999.0 -9999.0 2.9277423471131607 2.9301996232835075 2.932656899453854 2.9351141756242014 2.937571451794548
2.834839424202397 2.8372387970698956 2.8396381699373943 2.842037542804893 2.844436915672392 2.846836288539891 2.8492356614073895 2.851635034274888 2.854034407142387 2.8564337800098856 2.8588331528773847 2.8612325257448874 2.863631898612386 2.866031271479885 2.868430644347384 2.8708300172148826 2.8732293900823813 2.87562876294988 2.8780281358173787 2.8804275086848774 2.8828268815523765 2.8852262544198752 2.887625627287374 2.8900250001548726 2.8924243730223753 2.8948237458898745 2.897223118757373 2.899622491624872 2.9020218644923705 2.9044212373598692 2.9068139397833024 2.9091995113511335 -9999.0 -9999.0 -9999.0 -9999.0 -9999.0 -9999.0 -9999.0 -9999.0 2.9306696554616196 2.933055227029451 2.9354407985972824 -9999.0
2.8354320463564138 2.8378485473018156 2.840265048247218 2.8426815491926196 2.8450980501380214 2.8475145510834237 2.8499310520288255 2.8523475529742273 2.8547640539196295 2.8571805548650313 2.8595970558104336 2.8620135567558393 2.8644300577012416 2.8668465586466434 2.869263059592045 2.8716795605374474 2.8740960614828492 2.876512562428251 2.8789290633736533 2.881345564319055 2.883762065264457 2.886178566209859 2.888595067155261 2.8910115681006627 2.893428069046069 2.8958445699914708 2.898261070936873 2.900677571882275 2.903094072827677 2.905510573773079 2.9078694627250337 -9999.0 -9999.0 -9999.0 -9999.0 -9999.0 -9999.0 -9999.0 -9999.0 -9999.0 -9999.0 -9999.0 -9999.0 -9999.0
