Figures/CREST_Example_wjb_NSE/PETs/wjb.pet.20090704.asc
ncols            288
nrows            254
xllcorner        113.274861
yllcorner        31.4918055
cellsize         0.008333333333
NODATA_value     -9999
[rows 140 to 159 of 254, columns 132 to 175 of 288]
3.228365631586792 3.225330971876339 3.222296312165886 3.219261652455433 3.2162269927449803 3.2131923330345273 3.2101576733240744 3.2071230136136215 3.2040883539031686 3.2010536941927157 3.1980190344822628 3.1949843747718045 3.1919497150613516 3.1889150553508987 3.185880395640446 3.182845735929993 3.17981107621954 3.176776416509087 3.173741756798634 3.170707097088181 3.1676724373777283 3.1646377776672754 3.1616031179568225 3.1585684582463696 3.1555337985359118 3.152499138825459 3.149464479115006 3.146429819404553 3.1433951596941 3.140360499983647 3.139290192488285 3.1403198219473873 3.1413494514064895 3.1423790808655916 3.1434087103246937 3.1444383397837963 3.1454679692428984 3.1464975987020023 3.147527228161105 3.148556857620207 3.149586487079309 3.1506161165384112 3.151645745997514 3.152675375456616
3.2384165130068867 3.2354026056601226 3.2323886983133585 3.2293747909665944 3.2263608836198303 3.223346976273066 3.220333068926302 3.217319161579538 3.214305254232774 3.21129134688601 3.2082774395392457 3.2052635321924763 3.202249624845712 3.199235717498948 3.196221810152184 3.19320790280542 3.190193995458656 3.1871800881118917 3.1841661807651276 3.1811522734183635 3.1781383660715994 3.1751244587248353 3.172110551378071 3.169096644031307 3.1660827366845377 3.1630688293377736 3.1600549219910095 3.1570410146442454 3.1540271072974813 3.151013199950717 3.149956515606134 3.150992146926142 3.1520277782461497 3.153063409566158 3.1540990408861656 3.1551346722061733 3.156170303526181 3.1572059348461905 3.158241566166198 3.159277197486206 3.160312828806214 3.161348460126222 3.1623840914462296 3.1634197227662373
3.248467394426982 3.2454742394439067 3.2424810844608314 3.239487929477756 3.2364947744946804 3.233501619511605 3.23050846452853 3.2275153095454545 3.2245221545623792 3.221528999579304 3.2185358445962287 3.215542689613148 3.2125495346300728 3.2095563796469975 3.206563224663922 3.203570069680847 3.2005769146977716 3.197583759714696 3.1945906047316206 3.1915974497485453 3.18860429476547 3.1856111397823947 3.1826179847993195 3.179624829816244 3.1766316748331636 3.1736385198500883 3.170645364867013 3.1676522098839377 3.1646590549008624 3.161665899917787 3.160622838723983 3.1616644719048965 3.16270610508581 3.163747738266723 3.1647893714476365 3.16583100462855 3.166872637809463 3.1679142709903783 3.1689559041712916 3.169997537352205 3.1710391705331182 3.1720808037140316 3.173122436894945 3.174164070075858
3.2585182758470768 3.2555458732276903 3.252573470608304 3.2496010679889173 3.246628665369531 3.243656262750144 3.2406838601307575 3.237711457511371 3.2347390548919845 3.231766652272598 3.228794249653211 3.22582184703382 3.2228494444144333 3.219877041795047 3.21690463917566 3.2139322365562735 3.210959833936887 3.2079874313175005 3.205015028698114 3.202042626078727 3.1990702234593407 3.196097820839954 3.1931254182205677 3.1901530156011813 3.1871806129817895 3.184208210362403 3.1812358077430165 3.1782634051236296 3.175291002504243 3.1723185998848566 3.171289161841832 3.172336796883651 3.17338443192547 3.174432066967289 3.1754797020091075 3.1765273370509264 3.1775749720927453 3.178622607134566 3.179670242176385 3.180717877218204 3.181765512260023 3.1828131473018417 3.1838607823436607 3.1849084173854796
3.2685691572671804 3.265617507011483 3.262665856755785 3.259714206500087 3.2567625562443894 3.2538109059886917 3.250859255732994 3.2479076054772964 3.2449559552215983 3.2420043049659006 3.239052654710203 3.2361010044545 3.2331493541988023 3.2301977039431047 3.227246053687407 3.2242944034317094 3.2213427531760113 3.2183911029203136 3.215439452664616 3.2124878024089183 3.2095361521532206 3.2065845018975225 3.203632851641825 3.200681201386127 3.1977295511304247 3.1947779008747266 3.191826250619029 3.1888746003633313 3.1859229501076336 3.1829712998519355 3.1819554849596905 3.183009121862415 3.184062758765139 3.1851163956678636 3.186170032570588 3.1872236694733127 3.188277306376037 3.189330943278763 3.1903845801814876 3.191438217084212 3.1924918539869367 3.1935454908896608 3.1945991277923853 3.19565276469511
3.2786200386872753 3.2756891407952664 3.2727582429032576 3.2698273450112487 3.2668964471192394 3.2639655492272306 3.2610346513352217 3.258103753443213 3.2551728555512036 3.2522419576591948 3.249311059767186 3.2463801618751718 3.243449263983163 3.240518366091154 3.237587468199145 3.234656570307136 3.231725672415127 3.2287947745231182 3.225863876631109 3.2229329787391 3.2200020808470913 3.217071182955082 3.214140285063073 3.2112093871710643 3.20827848927905 3.2053475913870413 3.2024166934950324 3.1994857956030236 3.1965548977110143 3.1936239998190055 3.1926218080775395 3.193681446841169 3.1947410856047993 3.1958007243684294 3.196860363132059 3.1979200018956893 3.1989796406593194 3.200039279422951 3.201098918186581 3.202158556950211 3.203218195713841 3.204277834477471 3.205337473241101 3.2063971120047308
3.2886709201073705 3.2857607745790505 3.28285062905073 3.27994048352241 3.27703033799409 3.2741201924657695 3.2712100469374494 3.2682999014091294 3.265389755880809 3.262479610352489 3.2595694648241684 3.2566593192958435 3.2537491737675235 3.250839028239203 3.247928882710883 3.245018737182563 3.2421085916542425 3.2391984461259224 3.236288300597602 3.233378155069282 3.230468009540962 3.2275578640126414 3.2246477184843214 3.2217375729560014 3.218827427427676 3.215917281899356 3.213007136371036 3.2100969908427155 3.2071868453143955 3.204276699786075 3.203288131195388 3.2043537718199238 3.205419412444459 3.206485053068995 3.2075506936935305 3.208616334318066 3.2096819749426015 3.2107476155671386 3.2118132561916743 3.2128788968162096 3.2139445374407454 3.2150101780652807 3.2160758186898164 3.2171414593143517
3.2987218015274653 3.295832408362834 3.292943015198203 3.290053622033571 3.28716422886894 3.284274835704309 3.281385442539677 3.278496049375046 3.2756066562104142 3.272717263045783 3.269827869881152 3.2669384767165153 3.264049083551884 3.2611596903872524 3.258270297222621 3.25538090405799 3.2524915108933583 3.249602117728727 3.2467127245640954 3.243823331399464 3.240933938234833 3.2380445450702013 3.23515515190557 3.2322657587409385 3.2293763655763024 3.2264869724116707 3.2235975792470395 3.2207081860824083 3.2178187929177766 3.2149293997531454 3.2139544543132375 3.215026096798679 3.2160977392841197 3.2171693817695606 3.218241024255002 3.219312666740443 3.220384309225884 3.221455951711327 3.222527594196768 3.223599236682209 3.22467087916765 3.2257425216530913 3.226814164138532 3.227885806623973
3.3075078515299636 3.304636292405896 3.301764733281828 3.2988931741577607 3.296021615033693 3.293150055909625 3.2902784967855574 3.28740693766149 3.2845353785374223 3.2816638194133545 3.278792260289287 3.2759207011652145 3.2730491420411467 3.270177582917079 3.2673060237930116 3.264434464668944 3.261562905544876 3.2586913464208087 3.255819787296741 3.252948228172673 3.250076669048606 3.247205109924538 3.2443335508004703 3.2414619916764025 3.2385904325523303 3.2357188734282625 3.2328473143041947 3.2299757551801274 3.2271041960560596 3.224232636931992 3.2232558348612104 3.224304570942579 3.2253533070239477 3.2264020431053164 3.227450779186685 3.228499515268054 3.2295482513494225 3.230596987430793 3.2316457235121616 3.2326944595935303 3.233743195674899 3.2347919317562677 3.2358406678376364 3.236889403919005
3.314941876479449 3.3120850318924897 3.3092281873055303 3.306371342718571 3.3035144981316114 3.300657653544652 3.2978008089576925 3.2949439643707334 3.292087119783774 3.2892302751968145 3.286373430609855 3.2835165860228908 3.2806597414359313 3.277802896848972 3.2749460522620124 3.272089207675053 3.269232363088094 3.2663755185011345 3.263518673914175 3.2606618293272156 3.257804984740256 3.2549481401532967 3.2520912955663372 3.249234450979378 3.2463776063924135 3.243520761805454 3.240663917218495 3.2378070726315356 3.234950228044576 3.2320933834576167 3.231098177845188 3.2320931064095415 3.2330880349738944 3.2340829635382473 3.2350778921026007 3.2360728206669536 3.237067749231307 3.2380626777956616 3.239057606360015 3.240052534924368 3.2410474634887207 3.242042392053074 3.243037320617427 3.2440322491817803
3.322375901428941 3.31953377137909 3.3166916413292387 3.3138495112793875 3.3110073812295364 3.3081652511796853 3.305323121129834 3.302480991079983 3.299638861030132 3.296796730980281 3.2939546009304297 3.2911124708805737 3.288270340830722 3.285428210780871 3.28258608073102 3.2797439506811688 3.2769018206313176 3.2740596905814665 3.2712175605316154 3.2683754304817643 3.265533300431913 3.262691170382062 3.259849040332211 3.25700691028236 3.2541647802325038 3.2513226501826527 3.2484805201328015 3.2456383900829504 3.2427962600330993 3.239954129983248 3.2389405208291726 3.23988164187651 3.2408227629238477 3.2417638839711853 3.2427050050185224 3.24364612606586 3.2445872471131976 3.245528368160537 3.246469489207874 3.2474106102552116 3.248351731302549 3.2492928523498867 3.2502339733972243 3.2511750944445614
3.3298099263784264 3.3269825108656836 3.324155095352941 3.321327679840198 3.318500264327455 3.315672848814712 3.3128454333019692 3.3100180177892264 3.307190602276483 3.3043631867637404 3.3015357712509976 3.29870835573825 3.2958809402255067 3.293053524712764 3.290226109200021 3.2873986936872783 3.284571278174535 3.2817438626617923 3.2789164471490495 3.2760890316363067 3.2732616161235635 3.2704342006108207 3.267606785098078 3.264779369585335 3.261951954072587 3.259124538559844 3.2562971230471014 3.2534697075343586 3.2506422920216154 3.2478148765088726 3.2467828638131504 3.2476701773434726 3.2485574908737944 3.249444804404116 3.2503321179344384 3.2512194314647602 3.252106744995082 3.2529940585254056 3.2538813720557274 3.254768685586049 3.2556559991163714 3.256543312646693 3.257430626177015 3.2583179397073367
3.3372439513279124 3.3344312503522775 3.331618549376643 3.328805848401008 3.3259931474253737 3.3231804464497388 3.3203677454741043 3.3175550444984694 3.314742343522835 3.3119296425472005 3.3091169415715656 3.306304240595926 3.3034915396202913 3.300678838644657 3.297866137669022 3.2950534366933875 3.292240735717753 3.289428034742118 3.2866153337664836 3.2838026327908487 3.2809899318152143 3.2781772308395793 3.275364529863945 3.27255182888831 3.2697391279126706 3.266926426937036 3.2641137259614013 3.261301024985767 3.258488324010132 3.2556756230344974 3.2546252067971286 3.2554587128104346 3.256292218823741 3.2571257248370475 3.2579592308503535 3.25879273686366 3.2596262428769665 3.2604597488902742 3.2612932549035802 3.2621267609168867 3.262960266930193 3.2637937729434996 3.2646272789568056 3.265460784970112
3.344677976277398 3.3418799898388714 3.3390820034003452 3.3362840169618186 3.333486030523292 3.3306880440847655 3.3278900576462394 3.3250920712077128 3.322294084769186 3.31949609833066 3.3166981118921335 3.3139001254536025 3.311102139015076 3.3083041525765493 3.305506166138023 3.3027081796994966 3.29991019326097 3.2971122068224434 3.2943142203839173 3.2915162339453907 3.288718247506864 3.285920261068338 3.2831222746298114 3.280324288191285 3.277526301752754 3.2747283153142273 3.271930328875701 3.2691323424371745 3.266334355998648 3.263536369560122 3.262467549781106 3.2632472482773967 3.2640269467736873 3.264806645269978 3.265586343766269 3.2663660422625598 3.2671457407588504 3.2679254392551425 3.268705137751433 3.2694848362477242 3.270264534744015 3.2710442332403056 3.2718239317365962 3.272603630232887
3.3521120012268835 3.349328729325465 3.346545457424047 3.3437621855226287 3.340978913621211 3.3381956417197927 3.3354123698183744 3.332629097916956 3.329845826015538 3.3270625541141197 3.3242792822127014 3.3214960103112787 3.3187127384098605 3.3159294665084422 3.313146194607024 3.3103629227056057 3.3075796508041875 3.3047963789027692 3.3020131070013514 3.299229835099933 3.296446563198515 3.2936632912970967 3.2908800193956784 3.28809674749426 3.2853134755928375 3.2825302036914192 3.279746931790001 3.2769636598885827 3.2741803879871645 3.2713971160857462 3.2703098927650838 3.271035783744359 3.271761674723634 3.2724875657029093 3.2732134566821847 3.2739393476614596 3.274665238640735 3.275391129620011 3.2761170205992864 3.2768429115785613 3.2775688025578367 3.278294693537112 3.279020584516387 3.2797464754956622
3.359546026176369 3.356777468812059 3.354008911447749 3.3512403540834392 3.3484717967191293 3.3457032393548194 3.3429346819905095 3.3401661246261996 3.3373975672618896 3.3346290098975797 3.33186045253327 3.329091895168955 3.326323337804645 3.323554780440335 3.3207862230760252 3.3180176657117153 3.3152491083474054 3.312480550983095 3.309711993618785 3.306943436254475 3.3041748788901653 3.3014063215258553 3.2986377641615454 3.2958692067972355 3.2931006494329207 3.2903320920686108 3.287563534704301 3.284794977339991 3.282026419975681 3.279257862611371 3.2781522357490616 3.278824319211321 3.2794964026735807 3.2801684861358402 3.2808405695981 3.2815126530603598 3.2821847365226193 3.2828568199848798 3.2835289034471398 3.2842009869093993 3.284873070371659 3.2855451538339184 3.286217237296178 3.2868893207584375
3.366980051125855 3.364226208298653 3.3614723654714513 3.3587185226442497 3.355964679817048 3.353210836989846 3.3504569941626445 3.347703151335443 3.344949308508241 3.3421954656810393 3.3394416228538377 3.3366877800266312 3.3339339371994297 3.3311800943722276 3.328426251545026 3.3256724087178244 3.322918565890623 3.320164723063421 3.317410880236219 3.3146570374090176 3.311903194581816 3.309149351754614 3.3063955089274124 3.303641666100211 3.3008878232730043 3.2981339804458027 3.2953801376186007 3.292626294791399 3.2898724519641975 3.287118609136996 3.2859945787330394 3.2866128546782836 3.2872311306235273 3.2878494065687716 3.2884676825140153 3.2890859584592596 3.2897042344045038 3.2903225103497484 3.2909407862949926 3.2915590622402364 3.2921773381854806 3.292795614130725 3.2934138900759686 3.294032166021213
3.3744140760753467 3.371674947785253 3.3689358194951597 3.3661966912050665 3.3634575629149728 3.3607184346248795 3.357979306334786 3.3552401780446925 3.352501049754599 3.3497619214645056 3.3470227931744123 3.344283664884314 3.3415445365942205 3.338805408304127 3.3360662800140335 3.3333271517239402 3.3305880234338465 3.3278488951437533 3.32510976685366 3.3223706385635663 3.319631510273473 3.3168923819833793 3.314153253693286 3.3114141254031924 3.308674997113094 3.305935868823001 3.3031967405329072 3.300457612242814 3.2977184839527207 3.294979355662627 3.2938369217170242 3.2944013901452522 3.2949658585734807 3.295530327001709 3.2960947954299376 3.296659263858166 3.2972237322863944 3.2977882007146238 3.298352669142852 3.2989171375710806 3.299481605999309 3.300046074427537 3.3006105428557655 3.301175011283994
3.3818481010248322 3.3791236872718473 3.376399273518862 3.3736748597658766 3.3709504460128916 3.3682260322599062 3.365501618506921 3.362777204753936 3.3600527910009506 3.357328377247965 3.3546039634949802 3.3518795497419904 3.349155135989005 3.3464307222360197 3.3437063084830347 3.3409818947300494 3.3382574809770644 3.335533067224079 3.3328086534710937 3.3300842397181087 3.3273598259651234 3.324635412212138 3.321910998459153 3.3191865847061677 3.316462170953178 3.3137377572001925 3.3110133434472075 3.308288929694222 3.305564515941237 3.302840102188252 3.301679264701002 3.3021899256122147 3.3027005865234274 3.3032112474346405 3.303721908345853 3.3042325692570658 3.304743230168279 3.3052538910794924 3.305764551990705 3.306275212901918 3.306785873813131 3.307296534724344 3.3078071956355566 3.3083178565467692
3.3892821259743178 3.386572426758441 3.383862727542564 3.381153028326687 3.37844332911081 3.375733629894933 3.373023930679056 3.3703142314631793 3.3676045322473023 3.3648948330314252 3.362185133815548 3.3594754345996667 3.3567657353837896 3.3540560361679126 3.3513463369520355 3.348636637736159 3.345926938520282 3.343217239304405 3.340507540088528 3.3377978408726507 3.3350881416567737 3.332378442440897 3.32966874322502 3.326959044009143 3.3242493447932615 3.3215396455773845 3.3188299463615074 3.3161202471456304 3.3134105479297533 3.3107008487138767 3.30952160768498 3.309978461079177 3.310435314473374 3.3108921678675713 3.3113490212617687 3.311805874655966 3.3122627280501633 3.312719581444361 3.3131764348385584 3.3136332882327557 3.3140901416269526 3.31454699502115 3.3150038484153472 3.3154607018095446
