Figures/CREST_Example_wjb_NSE/PETs/wjb.pet.20101222.asc
ncols            288
nrows            254
xllcorner        113.274861
yllcorner        31.4918055
cellsize         0.008333333333
NODATA_value     -9999
[rows 57 to 75 of 254, columns 44 to 87 of 288]
0.8080103514335114 0.8083342726265347 0.8086581938195578 0.8089821150125811 0.8093060362056043 0.8096299573986275 0.8099538785916507 0.810277799784674 0.8106017209776977 0.8109256421707209 0.8112495633637441 0.8115734845567674 0.8118974057497906 0.8122213269428138 0.8125452481358371 0.8128691693288602 0.8131930905218835 0.8135170117149066 0.8138409329079299 0.8141648541009531 0.8144887752939763 0.814812696487 0.8151366176800233 0.8154605388730465 0.8157844600660697 0.8161083812590929 0.8164323024521162 0.8167562236451393 0.8176529052783227 0.819161880769893 0.8206708562614633 0.8221798317530337 0.823688807244604 0.8251977827361743 0.8267067582277472 0.8282157337193176 0.8297247092108878 0.8312336847024582 0.8327426601940284 0.8342516356855988 0.8357606111771692 0.8372695866687394 0.8387785621603098 0.8402875376518801
0.809075873167615 0.8094092779818572 0.8097426827960995 0.8100760876103418 0.810409492424584 0.8107428972388262 0.8110763020530685 0.8114097068673107 0.8117431116815536 0.8120765164957958 0.8124099213100381 0.8127433261242804 0.8130767309385226 0.8134101357527648 0.813743540567007 0.8140769453812493 0.8144103501954916 0.8147437550097338 0.8150771598239761 0.8154105646382184 0.8157439694524605 0.8160773742667033 0.8164107790809456 0.8167441838951879 0.8170775887094301 0.8174109935236724 0.8177443983379147 0.8180778031521568 0.818979931312924 0.8204900375877192 0.8220001438625144 0.8235102501373096 0.8250203564121048 0.8265304626869 0.8280405689616978 0.829550675236493 0.8310607815112881 0.8325708877860833 0.8340809940608785 0.8355911003356737 0.8371012066104689 0.8386113128852641 0.8401214191600593 0.8416315254348545
0.8102477631108409 0.8105677089702436 0.8108876548296462 0.811207600689049 0.8115275465484516 0.8118474924078543 0.812167438267257 0.8124873841266597 0.8128073299860629 0.8131272758454656 0.8134472217048683 0.8137671675642709 0.8140871134236737 0.8144070592830763 0.814727005142479 0.8150469510018817 0.8153668968612844 0.815686842720687 0.8160067885800898 0.8163267344394924 0.8166466802988951 0.8169666261582984 0.817286572017701 0.8176065178771037 0.8179264637365065 0.8182464095959091 0.8185663554553118 0.8188863013147145 0.8197598142156142 0.8212251027978429 0.8226903913800716 0.8241556799623003 0.8256209685445289 0.8270862571267577 0.8285515457089889 0.8300168342912175 0.8314821228734462 0.832947411455675 0.8344127000379037 0.8358779886201324 0.8373432772023611 0.8388085657845898 0.8402738543668185 0.8417391429490472
0.8114196530540658 0.811726139958629 0.8120326268631921 0.8123391137677552 0.8126456006723184 0.8129520875768815 0.8132585744814447 0.8135650613860078 0.8138715482905714 0.8141780351951345 0.8144845220996977 0.8147910090042608 0.815097495908824 0.8154039828133871 0.8157104697179502 0.8160169566225134 0.8163234435270765 0.8166299304316397 0.8169364173362028 0.817242904240766 0.8175493911453291 0.8178558780498927 0.8181623649544558 0.818468851859019 0.8187753387635821 0.8190818256681452 0.8193883125727084 0.8196947994772715 0.8205396971183039 0.8219601680079661 0.8233806388976282 0.8248011097872905 0.8262215806769527 0.827642051566615 0.8290625224562796 0.8304829933459419 0.8319034642356041 0.8333239351252664 0.8347444060149286 0.8361648769045908 0.8375853477942531 0.8390058186839153 0.8404262895735776 0.8418467604632398
0.8125915429972907 0.8128845709470143 0.8131775988967379 0.8134706268464614 0.8137636547961851 0.8140566827459086 0.8143497106956322 0.8146427386453557 0.8149357665950798 0.8152287945448035 0.815521822494527 0.8158148504442506 0.8161078783939743 0.8164009063436978 0.8166939342934214 0.8169869622431449 0.8172799901928686 0.8175730181425921 0.8178660460923157 0.8181590740420392 0.8184521019917629 0.818745129941487 0.8190381578912106 0.8193311858409341 0.8196242137906578 0.8199172417403813 0.8202102696901049 0.8205032976398284 0.8213195800209934 0.8226952332180891 0.8240708864151849 0.8254465396122806 0.8268221928093765 0.8281978460064723 0.8295734992035704 0.8309491524006661 0.8323248055977619 0.8337004587948577 0.8350761119919535 0.8364517651890493 0.837827418386145 0.8392030715832408 0.8405787247803366 0.8419543779774323
0.8137634329405157 0.8140430019353997 0.8143225709302837 0.8146021399251677 0.8148817089200519 0.8151612779149359 0.8154408469098199 0.8157204159047039 0.8159999848995884 0.8162795538944725 0.8165591228893565 0.8168386918842405 0.8171182608791245 0.8173978298740086 0.8176773988688926 0.8179569678637766 0.8182365368586607 0.8185161058535447 0.8187956748484287 0.8190752438433128 0.8193548128381968 0.8196343818330813 0.8199139508279654 0.8201935198228494 0.8204730888177334 0.8207526578126174 0.8210322268075014 0.8213117958023856 0.8220994629236831 0.8234302984282124 0.8247611339327416 0.8260919694372709 0.8274228049418003 0.8287536404463296 0.8300844759508612 0.8314153114553905 0.8327461469599198 0.8340769824644492 0.8354078179689785 0.8367386534735077 0.8380694889780371 0.8394003244825664 0.8407311599870957 0.8420619954916251
0.8149353228837406 0.815201432923785 0.8154675429638295 0.815733653003874 0.8159997630439185 0.8162658730839629 0.8165319831240074 0.8167980931640519 0.8170642032040969 0.8173303132441413 0.8175964232841858 0.8178625333242303 0.8181286433642748 0.8183947534043192 0.8186608634443637 0.8189269734844082 0.8191930835244527 0.8194591935644971 0.8197253036045417 0.8199914136445862 0.8202575236846306 0.8205236337246755 0.82078974376472 0.8210558538047645 0.821321963844809 0.8215880738848534 0.821854183924898 0.8221202939649425 0.8228793458263726 0.8241653636383354 0.8254513814502983 0.8267373992622611 0.828023417074224 0.8293094348861868 0.8305954526981519 0.8318814705101147 0.8331674883220777 0.8344535061340405 0.8357395239460033 0.8370255417579662 0.838311559569929 0.8395975773818919 0.8408835951938547 0.8421696130058176
0.8161072128269655 0.8163598639121704 0.8166125149973754 0.8168651660825803 0.8171178171677852 0.8173704682529902 0.8176231193381951 0.8178757704234 0.8181284215086053 0.8183810725938103 0.8186337236790152 0.8188863747642201 0.8191390258494251 0.81939167693463 0.8196443280198349 0.8198969791050398 0.8201496301902448 0.8204022812754497 0.8206549323606546 0.8209075834458596 0.8211602345310645 0.8214128856162698 0.8216655367014747 0.8219181877866797 0.8221708388718846 0.8224234899570895 0.8226761410422945 0.8229287921274994 0.823659228729062 0.8249004288484585 0.8261416289678549 0.8273828290872512 0.8286240292066477 0.8298652293260441 0.8311064294454426 0.832347629564839 0.8335888296842354 0.8348300298036317 0.8360712299230282 0.8373124300424246 0.8385536301618209 0.8397948302812174 0.8410360304006138 0.8422772305200101
0.8172791027701904 0.8175182949005558 0.8177574870309211 0.8179966791612865 0.8182358712916519 0.8184750634220173 0.8187142555523826 0.818953447682748 0.8191926398131139 0.8194318319434792 0.8196710240738446 0.81991021620421 0.8201494083345754 0.8203886004649407 0.820627792595306 0.8208669847256714 0.8211061768560368 0.8213453689864022 0.8215845611167676 0.821823753247133 0.8220629453774984 0.8223021375078642 0.8225413296382296 0.822780521768595 0.8230197138989602 0.8232589060293256 0.823498098159691 0.8237372902900564 0.8244391116317518 0.8256354940585817 0.8268318764854117 0.8280282589122415 0.8292246413390715 0.8304210237659014 0.8316174061927334 0.8328137886195633 0.8340101710463933 0.8352065534732233 0.8364029359000531 0.8375993183268831 0.838795700753713 0.839992083180543 0.8411884656073729 0.8423848480342028
0.8184509927134164 0.8186767258889421 0.818902459064468 0.8191281922399938 0.8193539254155195 0.8195796585910454 0.8198053917665712 0.8200311249420971 0.8202568581176232 0.820482591293149 0.8207083244686748 0.8209340576442007 0.8211597908197265 0.8213855239952522 0.8216112571707781 0.8218369903463039 0.8220627235218297 0.8222884566973555 0.8225141898728814 0.8227399230484072 0.8229656562239329 0.8231913893994591 0.823417122574985 0.8236428557505108 0.8238685889260365 0.8240943221015624 0.8243200552770882 0.8245457884526141 0.8252189945344419 0.8263705592687054 0.8275221240029689 0.8286736887372322 0.8298252534714957 0.8309768182057592 0.8321283829400246 0.8332799476742879 0.8344315124085514 0.8355830771428149 0.8367346418770782 0.8378862066113417 0.8390377713456052 0.8401893360798686 0.841340900814132 0.8424924655483955
0.8196228826566413 0.8198351568773276 0.8200474310980138 0.8202597053187001 0.8204719795393863 0.8206842537600726 0.8208965279807588 0.8211088022014451 0.8213210764221318 0.8215333506428181 0.8217456248635043 0.8219578990841906 0.8221701733048769 0.8223824475255631 0.8225947217462494 0.8228069959669356 0.8230192701876219 0.8232315444083081 0.8234438186289944 0.8236560928496807 0.8238683670703669 0.8240806412910535 0.8242929155117398 0.824505189732426 0.8247174639531123 0.8249297381737986 0.8251420123944848 0.8253542866151711 0.8259988774371316 0.8271056244788286 0.8282123715205255 0.8293191185622225 0.8304258656039195 0.8315326126456165 0.8326393596873153 0.8337461067290123 0.8348528537707093 0.8359596008124063 0.8370663478541033 0.8381730948958002 0.8392798419374972 0.8403865889791942 0.8414933360208912 0.842600083062588
0.8207947725998662 0.8209935878657129 0.8211924031315596 0.8213912183974064 0.821590033663253 0.8217888489290998 0.8219876641949464 0.8221864794607932 0.8223852947266402 0.8225841099924869 0.8227829252583336 0.8229817405241803 0.823180555790027 0.8233793710558738 0.8235781863217204 0.8237770015875672 0.8239758168534138 0.8241746321192606 0.8243734473851073 0.824572262650954 0.8247710779168007 0.8249698931826477 0.8251687084484944 0.8253675237143412 0.8255663389801878 0.8257651542460346 0.8259639695118813 0.826162784777728 0.8267787603398211 0.8278406896889516 0.8289026190380822 0.8299645483872127 0.8310264777363432 0.8320884070854737 0.833150336434606 0.8342122657837365 0.835274195132867 0.8363361244819976 0.8373980538311281 0.8384599831802586 0.8395219125293891 0.8405838418785196 0.8416457712276502 0.8427077005767807
0.8219666625430911 0.8221520188540983 0.8223373751651055 0.8225227314761127 0.8227080877871198 0.8228934440981269 0.8230788004091341 0.8232641567201413 0.8234495130311488 0.8236348693421559 0.823820225653163 0.8240055819641702 0.8241909382751774 0.8243762945861846 0.8245616508971917 0.8247470072081988 0.824932363519206 0.8251177198302132 0.8253030761412203 0.8254884324522275 0.8256737887632346 0.8258591450742421 0.8260445013852492 0.8262298576962565 0.8264152140072636 0.8266005703182707 0.8267859266292779 0.826971282940285 0.8275586432425108 0.8285757548990749 0.8295928665556389 0.830609978212203 0.831627089868767 0.832644201525331 0.8336613131818968 0.8346784248384609 0.8356955364950249 0.836712648151589 0.837729759808153 0.8387468714647172 0.8397639831212812 0.8407810947778452 0.8417982064344093 0.8428153180909733
0.8231385524863161 0.8233104498424837 0.8234823471986512 0.8236542445548188 0.8238261419109865 0.8239980392671541 0.8241699366233217 0.8243418339794892 0.8245137313356572 0.8246856286918248 0.8248575260479923 0.82502942340416 0.8252013207603276 0.8253732181164952 0.8255451154726628 0.8257170128288304 0.825888910184998 0.8260608075411656 0.8262327048973332 0.8264046022535009 0.8265764996096684 0.8267483969658364 0.826920294322004 0.8270921916781715 0.8272640890343391 0.8274359863905068 0.8276078837466744 0.827779781102842 0.8283385261452003 0.829310820109198 0.8302831140731955 0.8312554080371931 0.8322277020011907 0.8331999959651883 0.8341722899291876 0.8351445838931851 0.8361168778571828 0.8370891718211804 0.8380614657851779 0.8390337597491756 0.8400060537131732 0.8409783476771707 0.8419506416411684 0.842922935605166
0.824310442429541 0.8244688808308691 0.8246273192321971 0.8247857576335251 0.8249441960348532 0.8251026344361813 0.8252610728375093 0.8254195112388374 0.8255779496401657 0.8257363880414937 0.8258948264428218 0.8260532648441499 0.8262117032454779 0.8263701416468059 0.826528580048134 0.826687018449462 0.82684545685079 0.8270038952521181 0.8271623336534462 0.8273207720547743 0.8274792104561023 0.8276376488574306 0.8277960872587586 0.8279545256600866 0.8281129640614148 0.8282714024627428 0.8284298408640709 0.8285882792653989 0.8291184090478899 0.830045885319321 0.8309733615907522 0.8319008378621833 0.8328283141336145 0.8337557904050455 0.8346832666764783 0.8356107429479094 0.8365382192193406 0.8374656954907717 0.8383931717622028 0.8393206480336339 0.8402481243050651 0.8411756005764962 0.8421030768479274 0.8430305531193585
0.8254823323727669 0.8256273118192553 0.8257722912657438 0.8259172707122323 0.8260622501587208 0.8262072296052093 0.8263522090516978 0.8264971884981863 0.826642167944675 0.8267871473911635 0.826932126837652 0.8270771062841406 0.827222085730629 0.8273670651771174 0.827512044623606 0.8276570240700944 0.827802003516583 0.8279469829630715 0.82809196240956 0.8282369418560485 0.828381921302537 0.8285269007490257 0.8286718801955142 0.8288168596420027 0.8289618390884911 0.8291068185349796 0.8292517979814681 0.8293967774279566 0.8298982919505802 0.8307809505294448 0.8316636091083095 0.8325462676871741 0.8334289262660387 0.8343115848449033 0.8351942434237695 0.8360769020026342 0.8369595605814988 0.8378422191603634 0.838724877739228 0.8396075363180927 0.8404901948969573 0.8413728534758219 0.8422555120546865 0.8431381706335512
0.8266542223159918 0.8267857428076407 0.8269172632992897 0.8270487837909386 0.8271803042825876 0.8273118247742365 0.8274433452658855 0.8275748657575344 0.8277063862491836 0.8278379067408325 0.8279694272324815 0.8281009477241303 0.8282324682157793 0.8283639887074282 0.8284955091990771 0.8286270296907261 0.828758550182375 0.828890070674024 0.8290215911656729 0.8291531116573219 0.8292846321489707 0.82941615264062 0.8295476731322688 0.8296791936239178 0.8298107141155667 0.8299422346072157 0.8300737550988646 0.8302052755905135 0.8306781748532698 0.8315160157395679 0.832353856625866 0.8331916975121643 0.8340295383984624 0.8348673792847606 0.8357052201710602 0.8365430610573584 0.8373809019436566 0.8382187428299548 0.8390565837162529 0.8398944246025511 0.8407322654888493 0.8415701063751475 0.8424079472614456 0.8432457881477439
0.8278261122592169 0.8279441737960263 0.8280622353328356 0.828180296869645 0.8282983584064544 0.8284164199432638 0.8285344814800731 0.8286525430168825 0.8287706045536921 0.8288886660905015 0.8290067276273109 0.8291247891641202 0.8292428507009296 0.829360912237739 0.8294789737745484 0.8295970353113578 0.8297150968481671 0.8298331583849765 0.8299512199217859 0.8300692814585953 0.8301873429954046 0.8303054045322142 0.8304234660690236 0.830541527605833 0.8306595891426425 0.8307776506794519 0.8308957122162612 0.8310137737530706 0.8314580577559594 0.8322510809496911 0.8330441041434228 0.8338371273371545 0.8346301505308862 0.8354231737246179 0.836216196918351 0.8370092201120827 0.8378022433058144 0.8385952664995462 0.8393882896932778 0.8401813128870096 0.8409743360807413 0.841767359274473 0.8425603824682047 0.8433534056619364
0.8289980022024417 0.8291026047844116 0.8292072073663813 0.8293118099483512 0.8294164125303211 0.8295210151122908 0.8296256176942607 0.8297302202762306 0.8298348228582005 0.8299394254401704 0.8300440280221402 0.83014863060411 0.8302532331860799 0.8303578357680497 0.8304624383500195 0.8305670409319893 0.8306716435139592 0.830776246095929 0.8308808486778988 0.8309854512598687 0.8310900538418385 0.8311946564238085 0.8312992590057784 0.8314038615877481 0.831508464169718 0.8316130667516879 0.8317176693336576 0.8318222719156275 0.8322379406586489 0.8329861461598141 0.8337343516609794 0.8344825571621447 0.83523076266331 0.8359789681644751 0.8367271736656418 0.8374753791668069 0.8382235846679722 0.8389717901691375 0.8397199956703028 0.840468201171468 0.8412164066726332 0.8419646121737985 0.8427128176749638 0.843461023176129
