Figures/CREST_Example_wjb_NSE/PETs/wjb.pet.20091010.asc
ncols            288
nrows            254
xllcorner        113.274861
yllcorner        31.4918055
cellsize         0.008333333333
NODATA_value     -9999
[rows 200 to 219 of 254, columns 132 to 175 of 288]
1.2388830834931734 1.2414959163738664 1.2441087492545593 1.2467215821352522 1.249334415015945 1.2519472478966382 1.2545600807773312 1.257172913658024 1.259785746538717 1.26239857941941 1.2650114123001028 1.2676242451808002 1.270237078061493 1.272849910942186 1.275462743822879 1.2780755767035719 1.2806884095842648 1.2833012424649577 1.2859140753456506 1.2885269082263435 1.2911397411070364 1.2937525739877294 1.2963654068684223 1.2989782397491152 1.3015910726298126 1.3042039055105055 1.3068167383911984 1.3094295712718913 1.3120424041525842 1.3146552370332771 1.316355980809525 1.3170816807003263 1.3178073805911272 1.3185330804819284 1.3192587803727294 1.3199844802635303 1.3207101801543315 1.3214358800451338 1.3221615799359347 1.322887279826736 1.3236129797175369 1.324338679608338 1.325064379499139 1.3257900793899402
1.2405556272675435 1.2431951288372145 1.2458346304068852 1.248474131976556 1.2511136335462267 1.2537531351158975 1.2563926366855682 1.2590321382552392 1.26167163982491 1.2643111413945807 1.2669506429642514 1.2695901445339268 1.2722296461035976 1.2748691476732683 1.277508649242939 1.2801481508126098 1.2827876523822808 1.2854271539519515 1.2880666555216223 1.290706157091293 1.2933456586609637 1.2959851602306345 1.2986246618003054 1.3012641633699762 1.3039036649396514 1.3065431665093221 1.309182668078993 1.3118221696486638 1.3144616712183346 1.3171011727880053 1.3188211878281262 1.3195582509680224 1.3202953141079186 1.321032377247815 1.3217694403877112 1.3225065035276073 1.3232435666675035 1.323980629807401 1.3247176929472972 1.3254547560871934 1.3261918192270896 1.3269288823669858 1.3276659455068822 1.3284030086467784
1.2422281710419136 1.2448943413005624 1.247560511559211 1.2502266818178596 1.2528928520765084 1.255559022335157 1.2582251925938055 1.2608913628524543 1.2635575331111029 1.2662237033697514 1.2688898736284002 1.2715560438870535 1.274222214145702 1.2768883844043506 1.2795545546629994 1.282220724921648 1.2848868951802965 1.2875530654389453 1.290219235697594 1.2928854059562425 1.295551576214891 1.2982177464735398 1.3008839167321884 1.303550086990837 1.3062162572494902 1.308882427508139 1.3115485977667876 1.3142147680254361 1.316880938284085 1.3195471085427335 1.3212863948467273 1.3220348212357187 1.3227832476247101 1.3235316740137015 1.3242801004026927 1.3250285267916841 1.3257769531806756 1.3265253795696683 1.3272738059586597 1.3280222323476512 1.3287706587366424 1.3295190851256338 1.3302675115146252 1.3310159379036166
1.2439007148162842 1.2465935537639106 1.249286392711537 1.2519792316591636 1.25467207060679 1.2573649095544166 1.260057748502043 1.2627505874496696 1.265443426397296 1.2681362653449224 1.270829104292549 1.27352194324018 1.2762147821878065 1.278907621135433 1.2816004600830595 1.2842932990306861 1.2869861379783125 1.2896789769259391 1.2923718158735655 1.2950646548211922 1.2977574937688185 1.300450332716445 1.3031431716640716 1.305836010611698 1.308528849559329 1.3112216885069556 1.313914527454582 1.3166073664022087 1.319300205349835 1.3219930442974617 1.3237516018653284 1.3245113915034148 1.3252711811415014 1.326030970779588 1.3267907604176745 1.3275505500557612 1.3283103396938476 1.3290701293319356 1.329829918970022 1.3305897086081087 1.331349498246195 1.3321092878842817 1.3328690775223682 1.3336288671604548
1.245573258590655 1.2482927662272592 1.2510122738638636 1.253731781500468 1.2564512891370723 1.2591707967736767 1.2618903044102812 1.2646098120468854 1.2673293196834898 1.2700488273200943 1.2727683349566985 1.2754878425933076 1.2782073502299118 1.2809268578665163 1.2836463655031207 1.286365873139725 1.2890853807763294 1.2918048884129338 1.294524396049538 1.2972439036861425 1.299963411322747 1.3026829189593512 1.3054024265959556 1.30812193423256 1.310841441869169 1.3135609495057734 1.3162804571423776 1.318999964778982 1.3217194724155865 1.3244389800521907 1.3262168088839306 1.3269879617711122 1.3277591146582939 1.3285302675454758 1.3293014204326574 1.330072573319839 1.3308437262070207 1.331614879094204 1.3323860319813856 1.3331571848685673 1.333928337755749 1.3346994906429308 1.3354706435301125 1.3362417964172941
1.247245802365025 1.249991978690607 1.2527381550161893 1.2554843313417716 1.258230507667354 1.2609766839929362 1.2637228603185182 1.2664690366441005 1.2692152129696828 1.271961389295265 1.2747075656208473 1.2774537419464342 1.2801999182720163 1.2829460945975986 1.2856922709231808 1.288438447248763 1.2911846235743454 1.2939307998999274 1.2966769762255097 1.299423152551092 1.3021693288766742 1.3049155052022565 1.3076616815278386 1.3104078578534208 1.3131540341790078 1.31590021050459 1.3186463868301723 1.3213925631557544 1.3241387394813366 1.326884915806919 1.3286820159025317 1.3294645320388085 1.3302470481750854 1.3310295643113623 1.3318120804476392 1.332594596583916 1.3333771127201928 1.334159628856471 1.3349421449927479 1.3357246611290248 1.3365071772653017 1.3372896934015785 1.3380722095378554 1.3388547256741323
1.2489183461393951 1.2516911911539552 1.2544640361685153 1.2572368811830754 1.2600097261976355 1.2627825712121954 1.2655554162267555 1.2683282612413156 1.2711011062558757 1.2738739512704358 1.2766467962849959 1.2794196412995607 1.2821924863141207 1.2849653313286808 1.287738176343241 1.290511021357801 1.2932838663723611 1.2960567113869212 1.2988295564014813 1.3016024014160414 1.3043752464306015 1.3071480914451616 1.3099209364597217 1.3126937814742818 1.3154666264888466 1.3182394715034067 1.3210123165179668 1.323785161532527 1.326558006547087 1.329330851561647 1.3311472229211327 1.3319411023065046 1.3327349816918768 1.3335288610772489 1.3343227404626208 1.335116619847993 1.335910499233365 1.3367043786187383 1.3374982580041104 1.3382921373894825 1.3390860167748544 1.3398798961602265 1.3406737755455986 1.3414676549309708
1.250590889913766 1.253390403617304 1.256189917320842 1.2589894310243799 1.2617889447279178 1.2645884584314557 1.2673879721349939 1.2701874858385318 1.2729869995420697 1.2757865132456077 1.2785860269491456 1.2813855406526884 1.2841850543562263 1.2869845680597642 1.2897840817633022 1.29258359546684 1.295383109170378 1.2981826228739162 1.300982136577454 1.303781650280992 1.30658116398453 1.3093806776880679 1.3121801913916058 1.3149797050951437 1.3177792187986865 1.3205787325022245 1.3233782462057624 1.3261777599093003 1.3289772736128382 1.3317767873163762 1.3336124299397347 1.334417672574202 1.3352229152086692 1.3360281578431366 1.3368334004776037 1.3376386431120708 1.3384438857465382 1.3392491283810066 1.340054371015474 1.340859613649941 1.3416648562844085 1.3424700989188756 1.3432753415533427 1.34408058418781
1.2576794648981897 1.260511063415348 1.263342661932506 1.2661742604496644 1.2690058589668227 1.2718374574839808 1.2746690560011391 1.2775006545182972 1.2803322530354555 1.2831638515526136 1.285995450069772 1.2888270485869349 1.2916586471040932 1.2944902456212513 1.2973218441384096 1.3001534426555676 1.302985041172726 1.3058166396898843 1.3086482382070423 1.3114798367242007 1.3143114352413587 1.317143033758517 1.3199746322756751 1.3228062307928334 1.3256378293099964 1.3284694278271547 1.3313010263443128 1.334132624861471 1.3369642233786294 1.3397958218957875 1.3416401861876308 1.3424291747599246 1.3432181633322182 1.344007151904512 1.3447961404768056 1.3455851290490992 1.346374117621393 1.347163106193688 1.3479520947659815 1.3487410833382754 1.349530071910569 1.3503190604828628 1.3511080490551564 1.35189703762745
1.270557435886208 1.2734269087128633 1.2762963815395185 1.279165854366174 1.2820353271928293 1.2849048000194847 1.2877742728461399 1.2906437456727953 1.2935132184994507 1.296382691326106 1.2992521641527612 1.3021216369794215 1.304991109806077 1.3078605826327323 1.3107300554593875 1.3135995282860429 1.3164690011126983 1.3193384739393537 1.3222079467660088 1.3250774195926642 1.3279468924193196 1.330816365245975 1.3336858380726302 1.3365553108992856 1.3394247837259459 1.3422942565526013 1.3451637293792564 1.3480332022059118 1.3509026750325672 1.3537721478592226 1.3556139569669976 1.356357170312027 1.357100383657056 1.3578435970020855 1.3585868103471148 1.359330023692144 1.3600732370371733 1.360816450382204 1.3615596637272331 1.3623028770722625 1.3630460904172919 1.363789303762321 1.3645325171073504 1.3652757304523797
1.2834354068742313 1.2863427540103838 1.2892501011465363 1.2921574482826887 1.2950647954188412 1.2979721425549937 1.3008794896911462 1.3037868368272987 1.3066941839634512 1.3096015310996036 1.3125088782357561 1.3154162253719137 1.3183235725080662 1.3212309196442187 1.3241382667803712 1.3270456139165236 1.3299529610526761 1.3328603081888286 1.335767655324981 1.3386750024611336 1.341582349597286 1.3444896967334385 1.347397043869591 1.3503043910057435 1.3532117381419009 1.3561190852780534 1.3590264324142058 1.3619337795503583 1.3648411266865108 1.3677484738226633 1.36958772774637 1.3702851658641348 1.3709826039818998 1.3716800420996647 1.3723774802174296 1.3730749183351945 1.3737723564529594 1.3744697945707254 1.3751672326884903 1.3758646708062552 1.37656210892402 1.377259547041785 1.37795698515955 1.3786544232773148
1.2963133778622495 1.299258599307899 1.3022038207535487 1.3051490421991983 1.308094263644848 1.3110394850904976 1.3139847065361472 1.3169299279817968 1.3198751494274463 1.3228203708730961 1.3257655923187457 1.3287108137644004 1.33165603521005 1.3346012566556995 1.337546478101349 1.3404916995469986 1.3434369209926484 1.346382142438298 1.3493273638839476 1.3522725853295972 1.3552178067752467 1.3581630282208965 1.361108249666546 1.3640534711121957 1.3669986925578503 1.3699439140035 1.3728891354491495 1.375834356894799 1.3787795783404486 1.3817247997860984 1.3835614985257367 1.3842131614162372 1.3848648243067376 1.3855164871972383 1.3861681500877387 1.3868198129782392 1.3874714758687399 1.3881231387592414 1.3887748016497419 1.3894264645402425 1.390078127430743 1.3907297903212434 1.3913814532117441 1.3920331161022446
1.3091913488502676 1.3121744446054144 1.315157540360561 1.3181406361157078 1.3211237318708546 1.3241068276260013 1.3270899233811482 1.3300730191362948 1.3330561148914415 1.3360392106465884 1.339022306401735 1.3420054021568868 1.3449884979120337 1.3479715936671803 1.3509546894223272 1.3539377851774739 1.3569208809326205 1.3599039766877674 1.362887072442914 1.365870168198061 1.3688532639532076 1.3718363597083543 1.3748194554635011 1.3778025512186478 1.3807856469737996 1.3837687427289465 1.3867518384840931 1.3897349342392398 1.3927180299943867 1.3957011257495333 1.3975352693051033 1.3981411569683395 1.3987470446315755 1.3993529322948117 1.399958819958048 1.400564707621284 1.4011705952845201 1.4017764829477573 1.4023823706109935 1.4029882582742297 1.4035941459374657 1.404200033600702 1.404805921263938 1.405411808927174
1.3220693198382911 1.325090289902935 1.3281112599675788 1.3311322300322228 1.3341532000968666 1.3371741701615105 1.3401951402261545 1.3432161102907982 1.3462370803554422 1.3492580504200862 1.35227902048473 1.355299990549379 1.358320960614023 1.3613419306786667 1.3643629007433107 1.3673838708079546 1.3704048408725984 1.3734258109372424 1.3764467810018863 1.37946775106653 1.382488721131174 1.3855096911958178 1.3885306612604618 1.3915516313251057 1.3945726013897548 1.3975935714543986 1.4006145415190425 1.4036355115836863 1.4066564816483302 1.4096774517129742 1.4115090400844759 1.4120691525204474 1.4126292649564192 1.413189377392391 1.4137494898283627 1.4143096022643344 1.4148697147003062 1.4154298271362789 1.4159899395722506 1.4165500520082224 1.4171101644441941 1.417670276880166 1.4182303893161377 1.4187905017521094
1.3349472908263091 1.3380061352004502 1.3410649795745913 1.3441238239487323 1.3471826683228734 1.3502415126970144 1.3533003570711553 1.3563592014452963 1.3594180458194374 1.3624768901935784 1.3655357345677195 1.3685945789418656 1.3716534233160067 1.3747122676901478 1.3777711120642886 1.3808299564384297 1.3838888008125707 1.3869476451867118 1.3900064895608528 1.3930653339349939 1.3961241783091347 1.3991830226832758 1.4022418670574168 1.4053007114315579 1.408359555805704 1.411418400179845 1.4144772445539862 1.4175360889281272 1.420594933302268 1.423653777676409 1.4254828108638424 1.4259971480725497 1.4265114852812573 1.4270258224899646 1.4275401596986719 1.4280544969073792 1.4285688341160867 1.429083171324795 1.4295975085335022 1.4301118457422095 1.430626182950917 1.4311405201596243 1.4316548573683316 1.4321691945770392
1.3478252618143274 1.3509219804979655 1.3540186991816037 1.3571154178652418 1.36021213654888 1.363308855232518 1.3664055739161562 1.3695022925997944 1.3725990112834325 1.3756957299670707 1.3787924486507088 1.381889167334352 1.3849858860179902 1.3880826047016284 1.3911793233852665 1.3942760420689047 1.3973727607525428 1.400469479436181 1.403566198119819 1.4066629168034572 1.4097596354870954 1.4128563541707335 1.4159530728543717 1.4190497915380098 1.4221465102216533 1.4252432289052914 1.4283399475889296 1.4314366662725677 1.4345333849562059 1.437630103639844 1.4394565816432088 1.4399251436246518 1.440393705606095 1.4408622675875378 1.4413308295689808 1.441799391550424 1.4422679535318668 1.4427365155133107 1.4432050774947536 1.4436736394761966 1.4441422014576397 1.4446107634390826 1.4450793254205256 1.4455478874019685
1.3607032328023452 1.3638378257954806 1.3669724187886159 1.370107011781751 1.3732416047748863 1.3763761977680216 1.379510790761157 1.3826453837542922 1.3857799767474275 1.3889145697405627 1.392049162733698 1.3951837557268387 1.398318348719974 1.4014529417131092 1.4045875347062444 1.4077221276993797 1.410856720692515 1.4139913136856503 1.4171259066787856 1.4202604996719208 1.4233950926650563 1.4265296856581915 1.4296642786513267 1.432798871644462 1.4359334646376025 1.439068057630738 1.4422026506238732 1.4453372436170084 1.4484718366101437 1.451606429603279 1.4534303524225756 1.4538531391767542 1.4542759259309328 1.4546987126851114 1.45512149943929 1.4555442861934687 1.4559670729476473 1.4563898597018266 1.4568126464560052 1.4572354332101838 1.4576582199643624 1.458081006718541 1.4585037934727196 1.4589265802268983
1.373581203790369 1.3767536710930013 1.3799261383956338 1.3830986056982661 1.3862710730008987 1.389443540303531 1.3926160076061633 1.3957884749087959 1.3989609422114282 1.4021334095140607 1.405305876816693 1.408478344119331 1.4116508114219632 1.4148232787245958 1.417995746027228 1.4211682133298607 1.424340680632493 1.4275131479351253 1.4306856152377578 1.4338580825403902 1.4370305498430227 1.440203017145655 1.4433754844482876 1.4465479517509199 1.4497204190535578 1.45289288635619 1.4560653536588226 1.459237820961455 1.4624102882640873 1.4655827555667198 1.467404123201948 1.4677811347288623 1.4681581462557765 1.4685351577826906 1.4689121693096048 1.4692891808365192 1.4696661923634333 1.4700432038903481 1.4704202154172625 1.4707972269441767 1.4711742384710909 1.471551249998005 1.4719282615249194 1.4723052730518336
1.3864591747783868 1.3896695163905164 1.392879858002646 1.3960901996147754 1.399300541226905 1.4025108828390347 1.405721224451164 1.4089315660632937 1.4121419076754234 1.4153522492875528 1.4185625908996824 1.4217729325118174 1.424983274123947 1.4281936157360764 1.431403957348206 1.4346142989603357 1.437824640572465 1.4410349821845947 1.4442453237967243 1.4474556654088537 1.4506660070209834 1.453876348633113 1.4570866902452424 1.460297031857372 1.463507373469507 1.4667177150816366 1.469928056693766 1.4731383983058957 1.4763487399180253 1.4795590815301547 1.4813778939813147 1.4817091302809644 1.4820403665806143 1.4823716028802643 1.482702839179914 1.483034075479564 1.4833653117792138 1.4836965480788642 1.484027784378514 1.4843590206781638 1.4846902569778138 1.4850214932774635 1.4853527295771134 1.4856839658767633
1.399337145766405 1.4025853616880317 1.4058335776096584 1.409081793531285 1.4123300094529116 1.4155782253745384 1.418826441296165 1.4220746572177918 1.4253228731394185 1.428571089061045 1.4318193049826717 1.435067520904304 1.4383157368259307 1.4415639527475574 1.4448121686691842 1.4480603845908107 1.4513086005124374 1.454556816434064 1.4578050323556908 1.4610532482773175 1.464301464198944 1.4675496801205707 1.4707978960421975 1.4740461119638242 1.4772943278854564 1.4805425438070832 1.4837907597287097 1.4870389756503364 1.490287191571963 1.4935354074935898 1.4953516647606813 1.4956371258330667 1.4959225869054522 1.4962080479778377 1.4964935090502232 1.4967789701226086 1.497064431194994 1.49734989226738 1.4976353533397655 1.497920814412151 1.4982062754845364 1.498491736556922 1.4987771976293074 1.4990626587016929
