Figures/CREST_Example_wjb_NSE/PETs/wjb.pet.20090225.asc
ncols            288
nrows            254
xllcorner        113.274861
yllcorner        31.4918055
cellsize         0.008333333333
NODATA_value     -9999
[rows 152 to 170 of 254, columns 176 to 219 of 288]
0.6807469415127451 0.6806354904800667 0.6805240394473883 0.6804125884147099 0.6803011373820315 0.6801896863493531 0.6800782353166744 0.679966784283996 0.6798553332513175 0.6797438822186391 0.6796324311859607 0.6795209801532823 0.6794095291206039 0.6792980780879255 0.6791866270552471 0.6790751760225687 0.675419558142639 0.6679751457105235 0.660530733278408 0.6530863208462799 0.6456419084141645 0.6381974959820491 0.6307530835499336 0.6233086711178182 0.6158642586857027 0.6084198462535872 0.6009754338214718 0.5935310213893563 0.586086608957241 0.5786421965251255 0.57119778409301 0.5637533716608946 0.5563089592287664 0.548864546796651 0.5414201343645355 0.5339757219324202 0.5265313095003046 0.5190868970681892 0.5116424846360738 0.5041980722039583 0.4967536597718428 0.4893092473397274 0.48186483490761195 0.47442042247549654
0.6673906334330583 0.6671857822609005 0.6669809310887428 0.666776079916585 0.6665712287444272 0.6663663775722695 0.6661615264001114 0.6659566752279537 0.6657518240557958 0.6655469728836381 0.6653421217114803 0.6651372705393226 0.6649324193671647 0.664727568195007 0.6645227170228493 0.6643178658506915 0.6607438449042282 0.6535681052361485 0.6463923655680688 0.6392166258999767 0.632040886231897 0.6248651465638173 0.6176894068957375 0.6105136672276578 0.603337927559578 0.5961621878914983 0.5889864482234186 0.5818107085553388 0.5746349688872591 0.5674592292191794 0.5602834895510995 0.5531077498830198 0.5459320102149279 0.538756270546848 0.5315805308787683 0.5244047912106886 0.5172290515426088 0.5100533118745291 0.5028775722064494 0.49570183253836964 0.48852609287028986 0.4813503532022101 0.4741746135341304 0.4669988738660506
0.6540343253533712 0.6537360740417342 0.6534378227300971 0.6531395714184599 0.6528413201068228 0.6525430687951858 0.6522448174835481 0.651946566171911 0.6516483148602739 0.6513500635486368 0.6510518122369997 0.6507535609253625 0.6504553096137254 0.6501570583020884 0.6498588069904512 0.6495605556788141 0.6460681316658173 0.6391610647617733 0.6322539978577293 0.6253469309536734 0.6184398640496294 0.6115327971455854 0.6046257302415413 0.5977186633374972 0.5908115964334533 0.5839045295294092 0.5769974626253651 0.5700903957213211 0.5631833288172771 0.5562762619132331 0.549369195009189 0.5424621281051449 0.5355550612010892 0.5286479942970451 0.521740927393001 0.5148338604889571 0.507926793584913 0.5010197266808689 0.49411265977682495 0.48720559287278087 0.4802985259687369 0.4733914590646928 0.4664843921606488 0.4595773252566048
0.6406780172736846 0.640286365822568 0.6398947143714516 0.6395030629203351 0.6391114114692187 0.6387197600181022 0.6383281085669851 0.6379364571158687 0.6375448056647521 0.6371531542136357 0.6367615027625192 0.6363698513114028 0.6359781998602863 0.6355865484091698 0.6351948969580534 0.6348032455069369 0.6313924184274066 0.6247540242873982 0.6181156301473899 0.6114772360073703 0.6048388418673619 0.5982004477273536 0.5915620535873453 0.5849236594473369 0.5782852653073286 0.5716468711673203 0.5650084770273118 0.5583700828873035 0.5517316887472952 0.5450932946072868 0.5384549004672785 0.5318165063272702 0.5251781121872505 0.5185397180472422 0.5119013239072339 0.5052629297672255 0.4986245356272172 0.4919861414872089 0.48534774734720054 0.4787093532071922 0.4720709590671839 0.46543256492717555 0.4587941707871672 0.4521557766471589
0.6273217091939977 0.6268366576034018 0.626351606012806 0.6258665544222102 0.6253815028316144 0.6248964512410186 0.6244113996504219 0.6239263480598262 0.6234412964692303 0.6229562448786345 0.6224711932880388 0.6219861416974429 0.6215010901068472 0.6210160385162513 0.6205309869256556 0.6200459353350597 0.6167167051889958 0.6103469838130232 0.6039772624370505 0.5976075410610671 0.5912378196850945 0.5848680983091218 0.5784983769331492 0.5721286555571765 0.5657589341812039 0.5593892128052312 0.5530194914292587 0.546649770053286 0.5402800486773134 0.5339103273013407 0.5275406059253681 0.5211708845493954 0.514801163173412 0.5084314417974393 0.5020617204214667 0.49569199904549405 0.4893222776695214 0.4829525562935488 0.47658283491757614 0.4702131135416035 0.46384339216563086 0.4574736707896582 0.4511039494136856 0.44473422803771295
0.6139654011142993 0.6133869493842241 0.6128084976541489 0.6122300459240736 0.6116515941939984 0.6110731424639232 0.6104946907338469 0.6099162390037717 0.6093377872736965 0.6087593355436213 0.608180883813546 0.6076024320834708 0.6070239803533956 0.6064455286233202 0.605867076893245 0.6052886251631698 0.6020409919505725 0.5959399433386358 0.589838894726699 0.583737846114752 0.5776367975028153 0.5715357488908785 0.5654347002789418 0.5593336516670051 0.5532326030550685 0.5471315544431318 0.541030505831195 0.5349294572192583 0.5288284086073216 0.522727359995385 0.5166263113834483 0.5105252627715116 0.5044242141595644 0.49832316554762773 0.49222211693569107 0.48612106832375435 0.4800200197118176 0.47391897109988096 0.46781792248794424 0.46171687387600757 0.45561582526407085 0.44951477665213413 0.4434137280401974 0.43731267942826074
0.6006090930346124 0.5999372411650579 0.5992653892955033 0.5985935374259487 0.5979216855563941 0.5972498336868395 0.5965779818172838 0.5959061299477292 0.5952342780781746 0.59456242620862 0.5938905743390654 0.5932187224695109 0.5925468705999563 0.5918750187304017 0.5912031668608471 0.5905313149912925 0.5873652787121616 0.5815329028642606 0.5757005270163597 0.5698681511684487 0.5640357753205477 0.5582033994726467 0.5523710236247457 0.5465386477768447 0.5407062719289437 0.5348738960810427 0.5290415202331418 0.5232091443852407 0.5173767685373397 0.5115443926894387 0.5057120168415378 0.49987964099363674 0.4940472651457258 0.4882148892978248 0.4823825134499238 0.4765501376020228 0.47071776175412183 0.4648853859062208 0.4590530100583198 0.4532206342104188 0.44738825836251783 0.44155588251461686 0.43572350666671583 0.4298911308188148
0.5872527849549256 0.5864875329458916 0.5857222809368577 0.5849570289278239 0.5841917769187899 0.583426524909756 0.5826612729007207 0.5818960208916868 0.5811307688826528 0.5803655168736189 0.5796002648645849 0.5788350128555511 0.5780697608465171 0.5773045088374832 0.5765392568284492 0.5757740048194153 0.5726895654737508 0.5671258623898856 0.5615621593060203 0.5559984562221455 0.5504347531382802 0.5448710500544149 0.5393073469705496 0.5337436438866843 0.528179940802819 0.5226162377189537 0.5170525346350885 0.5114888315512232 0.5059251284673578 0.5003614253834926 0.49479772229962726 0.489234019215762 0.48367031613188716 0.4781066130480219 0.4725429099641566 0.4669792068802913 0.46141550379642604 0.4558518007125607 0.4502880976286954 0.44472439454483015 0.4391606914609648 0.43359698837709953 0.42803328529323426 0.4224695822093689
0.5738964768752387 0.5730378247267255 0.5721791725782122 0.5713205204296988 0.5704618682811856 0.5696032161326723 0.5687445639841575 0.5678859118356443 0.567027259687131 0.5661686075386178 0.5653099553901044 0.5644513032415911 0.5635926510930779 0.5627339989445646 0.5618753467960513 0.561016694647538 0.5580138522353401 0.5527188219155105 0.5474237915956809 0.5421287612758422 0.5368337309560126 0.531538700636183 0.5262436703163534 0.5209486399965239 0.5156536096766943 0.5103585793568647 0.5050635490370351 0.4997685187172055 0.4944734883973759 0.48917845807754634 0.48388342775771676 0.47858839743788717 0.4732933671180486 0.467998336798219 0.4627033064783894 0.4574082761585598 0.4521132458387302 0.4468182155189006 0.441523185199071 0.43622815487924144 0.43093312455941185 0.42563809423958227 0.4203430639197527 0.4150480335999231
0.5605401687955518 0.5595881165075592 0.5586360642195666 0.5576840119315739 0.5567319596435812 0.5557799073555887 0.5548278550675944 0.5538758027796018 0.5529237504916091 0.5519716982036165 0.5510196459156239 0.5500675936276312 0.5491155413396386 0.548163489051646 0.5472114367636534 0.5462593844756607 0.5433381389969292 0.5383117814411353 0.5332854238853414 0.528259066329539 0.5232327087737451 0.5182063512179512 0.5131799936621573 0.5081536361063634 0.5031272785505696 0.49810092099477565 0.4930745634389818 0.4880482058831879 0.48302184832739403 0.47799549077160014 0.47296913321580625 0.46794277566001236 0.4629164181042099 0.457890060548416 0.45286370299262213 0.44783734543682824 0.44281098788103435 0.4377846303252405 0.4327582727694466 0.4277319152136527 0.42270555765785883 0.41767920010206494 0.4126528425462711 0.40762648499047716
0.547183860715865 0.546138408288393 0.545092955860921 0.5440475034334491 0.5430020510059771 0.5419565985785051 0.5409111461510313 0.5398656937235593 0.5388202412960874 0.5377747888686154 0.5367293364411434 0.5356838840136714 0.5346384315861995 0.5335929791587275 0.5325475267312555 0.5315020743037835 0.5286624257585185 0.5239047409667603 0.5191470561750021 0.5143893713832358 0.5096316865914776 0.5048740017997194 0.5001163170079612 0.4953586322162031 0.4906009474244449 0.4858432626326867 0.48108557784092854 0.47632789304917034 0.47157020825741214 0.46681252346565394 0.4620548386738958 0.4572971538821376 0.4525394690903713 0.44778178429861315 0.44302409950685495 0.43826641471509675 0.43350872992333855 0.42875104513158036 0.4239933603398222 0.419235675548064 0.4144779907563058 0.40972030596454767 0.40496262117278947 0.4002049363810313
0.5338275526361668 0.5326887000692153 0.531549847502264 0.5304109949353125 0.5292721423683612 0.5281332898014097 0.5269944372344564 0.5258555846675049 0.5247167321005536 0.5235778795336021 0.5224390269666508 0.5213001743996993 0.520161321832748 0.5190224692657965 0.5178836166988451 0.5167447641318937 0.5139867125200952 0.509497700492373 0.5050086884646506 0.5005196764369207 0.4960306644091985 0.4915416523814763 0.487052640353754 0.4825636283260318 0.4780746162983095 0.47358560427058727 0.46909659224286504 0.46460758021514276 0.46011856818742053 0.45562955615969825 0.451140544131976 0.4466515321042538 0.44216252007652385 0.4376735080488016 0.43318449602107933 0.4286954839933571 0.4242064719656349 0.4197174599379126 0.4152284479101903 0.4107394358824681 0.40625042385474586 0.4017614118270236 0.39727239979930135 0.39278338777157906
0.5204712445564799 0.5192389918500491 0.5180067391436184 0.5167744864371876 0.5155422337307568 0.5143099810243261 0.5130777283178932 0.5118454756114624 0.5106132229050317 0.509380970198601 0.5081487174921702 0.5069164647857395 0.5056842120793087 0.5044519593728779 0.5032197066664472 0.5019874539600164 0.4993109992816844 0.4950906600179978 0.49087032075431125 0.4866499814906175 0.48242964222693097 0.47820930296324443 0.4739889636995579 0.4697686244358713 0.4655482851721848 0.46132794590849824 0.4571076066448117 0.4528872673811251 0.4486669281174386 0.44444658885375204 0.4402262495900655 0.4360059103263789 0.4317855710626852 0.42756523179899864 0.4233448925353121 0.41912455327162557 0.414904214007939 0.41068387474425244 0.4064635354805659 0.4022431962168794 0.39802285695319284 0.39380251768950625 0.3895821784258197 0.3853618391621332
0.507114936476793 0.5057892836308828 0.5044636307849728 0.5031379779390627 0.5018123250931525 0.5004866722472424 0.49916101940133006 0.49783536655542 0.49650971370950986 0.4951840608635998 0.49385840801768965 0.4925327551717795 0.49120710232586945 0.4898814494799593 0.48855579663404924 0.4872301437881391 0.4846352860432735 0.48068361954362265 0.4767319530439718 0.47278028654431425 0.4688286200446634 0.4648769535450126 0.46092528704536173 0.4569736205457109 0.45302195404606005 0.4490702875464092 0.44511862104675837 0.4411669545471075 0.4372152880474567 0.4332636215478058 0.42931195504815495 0.4253602885485041 0.42140862204884655 0.4174569555491957 0.41350528904954487 0.409553622549894 0.4056019560502432 0.40165028955059234 0.3976986230509415 0.39374695655129066 0.3897952900516398 0.385843623551989 0.38189195705233814 0.3779402905526873
0.49375862839710616 0.4923395754117167 0.4909205224263272 0.48950146944093775 0.48808241645554834 0.48666336347015887 0.485244310484767 0.48382525749937755 0.4824062045139881 0.48098715152859867 0.4795680985432092 0.47814904555781973 0.4767299925724303 0.47531093958704085 0.4738918866016514 0.4724728336162619 0.4699595728048628 0.46627657906924763 0.4625935853336325 0.45891059159801106 0.4552275978623959 0.45154460412678077 0.4478616103911657 0.44417861665555053 0.4404956229199354 0.43681262918432023 0.4331296354487051 0.42944664171308994 0.4257636479774748 0.4220806542418597 0.41839766050624455 0.4147146667706294 0.411031673035008 0.40734867929939284 0.4036656855637777 0.39998269182816254 0.3962996980925474 0.3926167043569323 0.3889337106213171 0.385250716885702 0.38156772315008686 0.3778847294144717 0.37420173567885656 0.3705187419432414
0.48040232031741925 0.47888986719255044 0.47737741406768164 0.47586496094281283 0.474352507817944 0.4728400546930752 0.47132760156820386 0.46981514844333505 0.46830269531846624 0.46679024219359744 0.46527778906872863 0.4637653359438598 0.462252882818991 0.4607404296941222 0.45922797656925346 0.45771552344438465 0.45528385956645195 0.4518695385948725 0.44845521762329305 0.4450408966517078 0.44162657568012836 0.4382122547085489 0.4347979337369695 0.43138361276539006 0.4279692917938106 0.4245549708222312 0.42114064985065175 0.4177263288790723 0.4143120079074929 0.41089768693591344 0.407483365964334 0.4040690449927546 0.4006547240211693 0.39724040304958985 0.39382608207801045 0.390411761106431 0.3869974401348516 0.38358311916327215 0.3801687981916927 0.37675447722011324 0.37334015624853384 0.3699258352769544 0.366511514305375 0.36309719333379553
0.4670460122377324 0.46544015897338425 0.46383430570903605 0.4622284524446879 0.46062259918033976 0.4590167459159916 0.45741089265164075 0.4558050393872926 0.45419918612294446 0.45259333285859626 0.4509874795942481 0.4493816263299 0.44777577306555183 0.4461699198012037 0.44456406653685554 0.4429582132725074 0.44060814632804113 0.4374624981204974 0.43431684991295366 0.43117120170540457 0.42802555349786087 0.4248799052903171 0.4217342570827734 0.41858860887522964 0.41544296066768593 0.4122973124601422 0.40915166425259847 0.4060060160450547 0.402860367837511 0.39971471962996724 0.39656907142242354 0.3934234232148798 0.3902777750073307 0.3871321267997869 0.3839864785922432 0.3808408303846995 0.37769518217715575 0.374549533969612 0.3714038857620683 0.3682582375545246 0.3651125893469808 0.36196694113943706 0.35882129293189335 0.35567564472434965
0.4536897041580455 0.451990450754218 0.4502911973503905 0.44859194394656304 0.4468926905427355 0.445193437138908 0.44349418373507765 0.4417949303312501 0.44009567692742263 0.43839642352359515 0.4366971701197676 0.4349979167159401 0.43329866331211264 0.43159940990828516 0.4299001565044577 0.42820090310063014 0.42593243308963036 0.42305545764612235 0.4201784822026143 0.4173015067591014 0.4144245313155933 0.4115475558720853 0.4086705804285773 0.4057936049850692 0.4029166295415612 0.4000396540980532 0.39716267865454513 0.3942857032110371 0.3914087277675291 0.38853175232402104 0.38565477688051303 0.382777801437005 0.37990082599349206 0.377023850549984 0.374146875106476 0.371269899662968 0.3683929242194599 0.3655159487759519 0.3626389733324439 0.3597619978889358 0.3568850224454278 0.3540080470019198 0.3511310715584117 0.3482540961149037
0.4403333960783472 0.43854074253504033 0.4367480889917334 0.43495543544842646 0.43316278190511953 0.4313701283618126 0.4295774748185026 0.4277848212751957 0.42599216773188875 0.4241995141885818 0.42240686064527494 0.420614207101968 0.4188215535586611 0.41702890001535414 0.4152362464720472 0.4134435929287403 0.41125671985120704 0.40864841717173495 0.40604011449226285 0.4034318118127863 0.4008235091333142 0.3982152064538421 0.39560690377437 0.3929986010948979 0.39039029841542583 0.38778199573595373 0.38517369305648164 0.38256539037700954 0.37995708769753744 0.37734878501806535 0.37474048233859325 0.37213217965912115 0.36952387697964456 0.36691557430017246 0.36430727162070037 0.36169896894122827 0.3590906662617562 0.3564823635822841 0.353874060902812 0.3512657582233399 0.3486574555438678 0.3460491528643957 0.3434408501849236 0.3408325475054515
