Figures/CREST_Example_wjb_NSE/PETs/wjb.pet.20091014.asc
ncols            288
nrows            254
xllcorner        113.274861
yllcorner        31.4918055
cellsize         0.008333333333
NODATA_value     -9999
[rows 140 to 159 of 254, columns 88 to 131 of 288]
1.84277487960752 1.841005684816598 1.8392364900256764 1.8374672952347515 1.8356981004438295 1.8339289056529078 1.8321597108619858 1.8303905160710638 1.828621321280142 1.8268521264892201 1.8250829316982984 1.8233137369073764 1.8215445421164547 1.8197753473255327 1.8176049919417852 1.8150057868135852 1.812406581685381 1.8098073765571812 1.8072081714289812 1.8046089663007814 1.8020097611725816 1.7994105560443818 1.7968113509161818 1.794212145787982 1.7916129406597823 1.7890137355315823 1.7864145304033825 1.7838153252751827 1.7812161201469827 1.7786169150187785 1.7760177098905787 1.773418504762379 1.770819299634179 1.7682200945059792 1.7656208893777794 1.7630216842495794 1.7604224791213796 1.7578232739931798 1.75522406886498 1.75262486373678 1.7500256586085803 1.7474264534803805 1.744827248352176 1.7422280432239763
1.846570971445246 1.8448359204826277 1.8431008695200093 1.841365818557388 1.8396307675947696 1.8378957166321515 1.836160665669533 1.8344256147069147 1.8326905637442963 1.830955512781678 1.8292204618190595 1.8274854108564411 1.8257503598938227 1.8240153089312043 1.8218706857518765 1.8192882206119676 1.8167057554720543 1.8141232903321456 1.8115408251922367 1.8089583600523278 1.806375894912419 1.80379342977251 1.8012109646326013 1.7986284994926924 1.7960460343527835 1.7934635692128746 1.7908811040729657 1.788298638933057 1.7857161737931482 1.7831337086532348 1.780551243513326 1.7779687783734173 1.7753863132335084 1.7728038480935995 1.7702213829536906 1.767638917813782 1.765056452673873 1.7624739875339641 1.7598915223940552 1.7573090572541463 1.7547265921142376 1.7521441269743288 1.7495616618344154 1.7469791966945065
1.8503670632829723 1.8486661561486573 1.8469652490143424 1.8452643418800247 1.84356343474571 1.841862527611395 1.84016162047708 1.8384607133427653 1.8367598062084505 1.8350588990741357 1.8333579919398206 1.8316570848055058 1.829956177671191 1.8282552705368762 1.8261363795619678 1.82357065441035 1.8210049292587278 1.81843920410711 1.815873478955492 1.8133077538038742 1.8107420286522564 1.8081763035006386 1.8056105783490206 1.8030448531974028 1.800479128045785 1.7979134028941672 1.7953476777425492 1.7927819525909314 1.7902162274393136 1.7876505022876914 1.7850847771360736 1.7825190519844556 1.7799533268328378 1.77738760168122 1.7748218765296022 1.7722561513779842 1.7696904262263664 1.7671247010747486 1.7645589759231308 1.7619932507715128 1.759427525619895 1.7568618004682772 1.754296075316655 1.7517303501650372
1.8541631551206983 1.852496391814687 1.8508296285086756 1.8491628652026615 1.84749610189665 1.8458293385906388 1.8441625752846273 1.8424958119786161 1.8408290486726047 1.8391622853665932 1.837495522060582 1.8358287587545705 1.8341619954485593 1.8324952321425478 1.8304020733720592 1.8278530882087323 1.8253041030454011 1.8227551178820742 1.8202061327187475 1.8176571475554206 1.8151081623920937 1.812559177228767 1.8100101920654401 1.8074612069021132 1.8049122217387865 1.8023632365754596 1.7998142514121327 1.7972652662488058 1.794716281085479 1.7921672959221477 1.789618310758821 1.7870693255954941 1.7845203404321672 1.7819713552688405 1.7794223701055136 1.7768733849421867 1.7743243997788598 1.7717754146155331 1.7692264294522062 1.7666774442888793 1.7641284591255526 1.7615794739622257 1.7590304887988946 1.7564815036355677
1.8579592469584278 1.85632662748072 1.854694008003012 1.8530613885253016 1.8514287690475937 1.8497961495698858 1.8481635300921782 1.8465309106144703 1.8448982911367624 1.8432656716590545 1.8416330521813467 1.840000432703639 1.8383678132259311 1.8367351937482232 1.8346677671821543 1.8321355220071185 1.8296032768320785 1.8270710316570427 1.8245387864820066 1.8220065413069708 1.819474296131935 1.8169420509568992 1.8144098057818634 1.8118775606068276 1.8093453154317918 1.8068130702567557 1.80428082508172 1.8017485799066841 1.7992163347316483 1.7966840895566083 1.7941518443815723 1.7916195992065365 1.7890873540315007 1.7865551088564648 1.784022863681429 1.7814906185063932 1.7789583733313574 1.7764261281563214 1.7738938829812856 1.7713616378062498 1.768829392631214 1.7662971474561782 1.763764902281138 1.761232657106102
1.8617553387961538 1.8601568631467496 1.8585583874973453 1.856959911847938 1.8553614361985338 1.8537629605491295 1.8521644848997252 1.8505660092503209 1.8489675336009166 1.8473690579515123 1.845770582302108 1.8441721066527037 1.8425736310032994 1.8409751553538949 1.8389334609922459 1.836417955805501 1.8339024506187518 1.8313869454320069 1.8288714402452622 1.8263559350585172 1.8238404298717725 1.8213249246850276 1.818809419498283 1.816293914311538 1.813778409124793 1.8112629039380483 1.8087473987513034 1.8062318935645587 1.8037163883778138 1.8012008831910646 1.7986853780043197 1.796169872817575 1.79365436763083 1.7911388624440854 1.7886233572573405 1.7861078520705957 1.7835923468838508 1.781076841697106 1.7785613365103612 1.7760458313236163 1.7735303261368716 1.7710148209501266 1.7684993157633775 1.7659838105766328
1.8655514306338798 1.8639870988127791 1.8624227669916782 1.8608584351705748 1.8592941033494739 1.8577297715283732 1.8561654397072722 1.8546011078861715 1.8530367760650706 1.8514724442439698 1.849908112422869 1.8483437806017682 1.8467794487806672 1.8452151169595665 1.843199154802337 1.8407003896038832 1.838201624405425 1.835702859206971 1.8332040940085172 1.8307053288100634 1.8282065636116096 1.8257077984131558 1.823209033214702 1.8207102680162481 1.8182115028177943 1.8157127376193405 1.8132139724208867 1.8107152072224328 1.808216442023979 1.805717676825521 1.8032189116270672 1.8007201464286133 1.7982213812301593 1.7957226160317055 1.7932238508332516 1.7907250856347978 1.788226320436344 1.7857275552378902 1.7832287900394364 1.7807300248409825 1.7782312596425287 1.7757324944440749 1.7732337292456168 1.770734964047163
1.869347522471606 1.8678173344788087 1.8662871464860114 1.8647569584932113 1.8632267705004142 1.8616965825076168 1.8601663945148195 1.858636206522022 1.8571060185292247 1.8555758305364274 1.8540456425436302 1.8525154545508329 1.8509852665580355 1.8494550785652382 1.8474648486124283 1.8449828234022654 1.8425007981920984 1.8400187729819355 1.8375367477717728 1.8350547225616098 1.8325726973514471 1.8300906721412842 1.8276086469311215 1.8251266217209585 1.8226445965107958 1.8201625713006329 1.8176805460904701 1.8151985208803072 1.8127164956701445 1.8102344704599773 1.8077524452498146 1.8052704200396517 1.802788394829489 1.800306369619326 1.7978243444091633 1.7953423191990003 1.7928602939888376 1.7903782687786747 1.787896243568512 1.785414218358349 1.7829321931481863 1.7804501679380234 1.7779681427278564 1.7754861175176935
1.8731383438001752 1.871587035680399 1.8700357275606228 1.8684844194408439 1.8669331113210674 1.8653818032012912 1.863830495081515 1.8622791869617386 1.8607278788419623 1.8591765707221861 1.8576252626024097 1.8560739544826335 1.8545226463628572 1.852971338243081 1.8509855790676277 1.8485353818901975 1.846085184712763 1.8436349875353328 1.8411847903579026 1.8387345931804724 1.8362843960030422 1.8338341988256117 1.8313840016481815 1.8289338044707513 1.826483607293321 1.8240334101158908 1.8215832129384606 1.8191330157610301 1.8166828185836 1.8142326214061655 1.8117824242287353 1.809332227051305 1.8068820298738748 1.8044318326964446 1.8019816355190144 1.799531438341584 1.7970812411641537 1.7946310439867235 1.7921808468092932 1.789730649631863 1.7872804524544328 1.7848302552770023 1.782380058099568 1.7799298609221377
1.8769235312866979 1.8752920293554731 1.8736605274242482 1.8720290254930205 1.8703975235617956 1.8687660216305706 1.8671345196993459 1.8655030177681209 1.863871515836896 1.8622400139056712 1.8606085119744462 1.8589770100432212 1.8573455081119965 1.8557140061807715 1.853709990657422 1.8513077496811128 1.8489055087047994 1.84650326772849 1.844101026752181 1.8416987857758715 1.8392965447995622 1.836894303823253 1.8344920628469437 1.8320898218706345 1.8296875808943251 1.827285339918016 1.8248830989417066 1.8224808579653973 1.8200786169890881 1.8176763760127748 1.8152741350364654 1.8128718940601563 1.8104696530838469 1.8080674121075377 1.8056651711312284 1.803262930154919 1.8008606891786099 1.7984584482023005 1.7960562072259914 1.793653966249682 1.7912517252733728 1.7888494842970635 1.7864472433207501 1.784045002344441
1.8807087187732237 1.87899702303055 1.8772853272878764 1.8755736315451998 1.8738619358025264 1.8721502400598529 1.8704385443171792 1.8687268485745057 1.8670151528318322 1.8653034570891585 1.863591761346485 1.8618800656038115 1.8601683698611378 1.8584566741184643 1.8564344022472181 1.8540801174720298 1.8517258326968378 1.8493715479216495 1.8470172631464612 1.8446629783712731 1.8423086935960848 1.8399544088208966 1.8376001240457085 1.8352458392705202 1.832891554495332 1.8305372697201436 1.8281829849449556 1.8258287001697673 1.823474415394579 1.821120130619387 1.8187658458441986 1.8164115610690104 1.814057276293822 1.811702991518634 1.8093487067434457 1.8069944219682574 1.8046401371930694 1.802285852417881 1.7999315676426928 1.7975772828675047 1.7952229980923164 1.7928687133171282 1.7905144285419359 1.7881601437667478
1.8844939062597463 1.882702016705624 1.8809101271515019 1.8791182375973767 1.8773263480432545 1.8755344584891323 1.8737425689350102 1.871950679380888 1.8701587898267658 1.8683669002726435 1.8665750107185215 1.8647831211643993 1.862991231610277 1.8611993420561548 1.8591588138370123 1.856852485262945 1.854546156688874 1.8522398281148067 1.8499334995407395 1.8476271709666723 1.845320842392605 1.8430145138185379 1.8407081852444707 1.8384018566704032 1.836095528096336 1.8337891995222688 1.8314828709482016 1.8291765423741344 1.8268702138000672 1.824563885225996 1.8222575566519288 1.8199512280778616 1.8176448995037944 1.8153385709297272 1.81303224235566 1.8107259137815928 1.8084195852075253 1.8061132566334581 1.803806928059391 1.8015005994853237 1.7991942709112565 1.7968879423371893 1.794581613763118 1.7922752851890509
1.888279093746269 1.8864070103806982 1.8845349270151273 1.8826628436495534 1.8807907602839826 1.8789186769184119 1.877046593552841 1.87517451018727 1.8733024268216993 1.8714303434561286 1.8695582600905578 1.867686176724987 1.8658140933594163 1.8639420099938455 1.8618832254268065 1.8596248530538602 1.8573664806809103 1.855108108307964 1.8528497359350178 1.8505913635620714 1.8483329911891253 1.846074618816179 1.8438162464432328 1.8415578740702865 1.8392995016973404 1.837041129324394 1.8347827569514479 1.8325243845785015 1.8302660122055554 1.8280076398326053 1.825749267459659 1.8234908950867128 1.8212325227137665 1.8189741503408203 1.816715777967874 1.8144574055949279 1.8121990332219815 1.8099406608490354 1.807682288476089 1.805423916103143 1.8031655437301966 1.8009071713572504 1.7986487989843003 1.796390426611354
1.8920642812327915 1.890112004055772 1.8881597268787527 1.8862074497017298 1.8842551725247105 1.882302895347691 1.8803506181706717 1.8783983409936522 1.876446063816633 1.8744937866396134 1.8725415094625941 1.8705892322855746 1.8686369551085553 1.8666846779315358 1.8646076370166005 1.8623972208447752 1.8601868046729462 1.857976388501121 1.8557659723292956 1.8535555561574706 1.8513451399856453 1.84913472381382 1.8469243076419948 1.8447138914701695 1.8425034752983442 1.8402930591265192 1.838082642954694 1.8358722267828687 1.8336618106110434 1.8314513944392143 1.829240978267389 1.827030562095564 1.8248201459237388 1.8226097297519135 1.8203993135800882 1.818188897408263 1.8159784812364377 1.8137680650646126 1.8115576488927874 1.809347232720962 1.8071368165491368 1.8049264003773116 1.8027159842054825 1.8005055680336575
1.8958494687193141 1.893816997730846 1.891784526742378 1.8897520557539065 1.8877195847654387 1.8856871137769706 1.8836546427885026 1.8816221718000345 1.8795897008115665 1.8775572298230985 1.8755247588346304 1.8734922878461626 1.8714598168576946 1.8694273458692265 1.8673320486063947 1.8651695886356903 1.8630071286649823 1.8608446686942781 1.858682208723574 1.8565197487528697 1.8543572887821655 1.8521948288114611 1.850032368840757 1.8478699088700528 1.8457074488993486 1.8435449889286442 1.84138252895794 1.8392200689872358 1.8370576090165316 1.8348951490458236 1.8327326890751194 1.830570229104415 1.8284077691337108 1.8262453091630066 1.8240828491923025 1.821920389221598 1.8197579292508939 1.8175954692801897 1.8154330093094855 1.8132705493387813 1.8111080893680769 1.8089456293973727 1.8067831694266647 1.8046207094559605
1.8996346562058366 1.89752199140592 1.8954093266060035 1.8932966618060831 1.8911839970061666 1.8890713322062498 1.8869586674063332 1.8848460026064167 1.8827333378065 1.8806206730065833 1.8785080082066667 1.8763953434067502 1.8742826786068336 1.8721700138069168 1.8700564601961884 1.8679419564266053 1.8658274526570184 1.863712948887435 1.861598445117852 1.8594839413482687 1.8573694375786856 1.8552549338091022 1.853140430039519 1.8510259262699358 1.8489114225003525 1.8467969187307693 1.844682414961186 1.8425679111916027 1.8404534074220196 1.8383389036524327 1.8362243998828494 1.8341098961132662 1.831995392343683 1.8298808885740998 1.8277663848045165 1.8256518810349331 1.82353737726535 1.8214228734957667 1.8193083697261836 1.8171938659566003 1.815079362187017 1.8129648584174338 1.810850354647847 1.8087358508782636
1.9034198436923593 1.901226985080994 1.8990341264696289 1.8968412678582598 1.8946484092468947 1.8924555506355294 1.890262692024164 1.888069833412799 1.8858769748014337 1.8836841161900684 1.8814912575787033 1.879298398967338 1.8771055403559727 1.8749126817446076 1.8727808717859826 1.8707143242175204 1.8686477766490546 1.8665812290805923 1.86451468151213 1.8624481339436678 1.8603815863752056 1.8583150388067433 1.856248491238281 1.8541819436698188 1.8521153961013566 1.8500488485328943 1.847982300964432 1.8459157533959698 1.8438492058275076 1.8417826582590417 1.8397161106905795 1.8376495631221172 1.835583015553655 1.8335164679851927 1.8314499204167305 1.8293833728482682 1.827316825279806 1.8252502777113437 1.8231837301428815 1.8211171825744192 1.819050635005957 1.8169840874374947 1.8149175398690292 1.812850992300567
1.907205031178885 1.9049319787560712 1.9026589263332572 1.9003858739104396 1.8981128214876255 1.8958397690648117 1.8935667166419978 1.8912936642191838 1.88902061179637 1.886747559373556 1.884474506950742 1.8822014545279282 1.8799284021051144 1.8776553496823005 1.875505283375779 1.8734866920084379 1.8714681006410931 1.869449509273752 1.8674309179064108 1.8654123265390696 1.8633937351717285 1.8613751438043873 1.859356552437046 1.8573379610697047 1.8553193697023636 1.8533007783350224 1.8512821869676812 1.84926359560034 1.8472450042329986 1.8452264128656541 1.843207821498313 1.8411892301309716 1.8391706387636304 1.8371520473962892 1.835133456028948 1.833114864661607 1.8310962732942655 1.8290776819269243 1.8270590905595832 1.825040499192242 1.8230219078249008 1.8210033164575596 1.818984725090215 1.8169661337228737
1.9109902186654075 1.9086369724311452 1.9062837261968826 1.903930479962616 1.9015772337283536 1.899223987494091 1.8968707412598285 1.8945174950255659 1.8921642487913035 1.889811002557041 1.8874577563227783 1.885104510088516 1.8827512638542534 1.8803980176199908 1.878229694965573 1.876259059799353 1.8742884246331293 1.872317789466909 1.8703471543006889 1.8683765191344686 1.8664058839682485 1.8644352488020282 1.862464613635808 1.8604939784695878 1.8585233433033677 1.8565527081371473 1.8545820729709273 1.852611437804707 1.8506408026384866 1.8486701674722632 1.846699532306043 1.8447288971398228 1.8427582619736025 1.8407876268073824 1.838816991641162 1.836846356474942 1.8348757213087217 1.8329050861425014 1.8309344509762813 1.828963815810061 1.8269931806438409 1.8250225454776206 1.8230519103113971 1.8210812751451768
1.9147754061519302 1.912341966106219 1.909908526060508 1.9074750860147927 1.9050416459690815 1.9026082059233704 1.9001747658776593 1.8977413258319482 1.895307885786237 1.892874445740526 1.8904410056948149 1.8880075656491038 1.8855741256033927 1.8831406855576815 1.8809541065553672 1.879031427590268 1.8771087486251654 1.8751860696600662 1.873263390694967 1.8713407117298677 1.8694180327647687 1.8674953537996695 1.8655726748345702 1.863649995869471 1.8617273169043718 1.8598046379392725 1.8578819589741733 1.855959280009074 1.8540366010439748 1.8521139220788723 1.850191243113773 1.8482685641486738 1.8463458851835748 1.8444232062184756 1.8425005272533763 1.840577848288277 1.8386551693231779 1.8367324903580786 1.8348098113929794 1.8328871324278802 1.830964453462781 1.8290417744976817 1.8271190955325791 1.8251964165674799
