Figures/CREST_Example_wjb_NSE/PETs/wjb.pet.20101008.asc
ncols            288
nrows            254
xllcorner        113.274861
yllcorner        31.4918055
cellsize         0.008333333333
NODATA_value     -9999
[rows 160 to 179 of 254, columns 44 to 87 of 288]
2.1671096079173227 2.1674590446351623 2.167808481353002 2.1681579180708415 2.168507354788681 2.16885679150652 2.16920622822436 2.1695556649421994 2.1699051016600395 2.170254538377879 2.1706039750957187 2.1709534118135583 2.171302848531398 2.1716522852492375 2.1720017219670766 2.1723511586849162 2.172700595402756 2.1730500321205954 2.173399468838435 2.1737489055562746 2.1740983422741142 2.1744477789919543 2.174797215709794 2.175146652427633 2.1754960891454727 2.1758455258633123 2.176194962581152 2.1765443992989915 2.176056881603479 2.1746746407198536 2.1732923998362277 2.171910158952602 2.1705279180689767 2.1691456771853512 2.167763436301723 2.1663811954180976 2.164998954534472 2.163616713650846 2.1622344727672207 2.160852231883595 2.1594699909999697 2.158087750116344 2.1567055092327183 2.155323268349093
2.169070255745576 2.1694678670162784 2.169865478286981 2.1702630895576833 2.170660700828386 2.1710583120990883 2.1714559233697908 2.1718535346404932 2.172251145911196 2.1726487571818986 2.173046368452601 2.1734439797233036 2.173841590994006 2.1742392022647086 2.174636813535411 2.1750344248061135 2.175432036076816 2.1758296473475185 2.176227258618221 2.1766248698889235 2.177022481159626 2.1774200924303293 2.177817703701032 2.1782153149717343 2.1786129262424367 2.1790105375131392 2.1794081487838417 2.179805760054544 2.1793005590927557 2.1778302314454083 2.176359903798061 2.1748895761507137 2.1734192485033663 2.171948920856019 2.170478593208669 2.1690082655613216 2.1675379379139743 2.166067610266627 2.1645972826192796 2.1631269549719323 2.161656627324585 2.160186299677238 2.1587159720298907 2.1572456443825434
2.1710309035738287 2.171476689397394 2.17192247522096 2.172368261044525 2.1728140468680905 2.173259832691656 2.1737056185152213 2.1741514043387866 2.174597190162353 2.1750429759859182 2.1754887618094836 2.1759345476330494 2.1763803334566147 2.17682611928018 2.1772719051037455 2.177717690927311 2.178163476750876 2.178609262574442 2.1790550483980073 2.1795008342215727 2.179946620045138 2.1803924058687043 2.1808381916922697 2.181283977515835 2.1817297633394004 2.1821755491629657 2.1826213349865315 2.183067120810097 2.182544236582032 2.180985822170963 2.179427407759894 2.1778689933488247 2.176310578937756 2.1747521645266867 2.173193750115615 2.171635335704546 2.170076921293477 2.1685185068824078 2.166960092471339 2.16540167806027 2.1638432636492007 2.162284849238132 2.1607264348270627 2.1591680204159935
2.172991551402083 2.173485511778512 2.17397947215494 2.174473432531369 2.174967392907797 2.1754613532842253 2.175955313660654 2.176449274037082 2.176943234413512 2.17743719478994 2.1779311551663683 2.178425115542797 2.178919075919225 2.179413036295654 2.179906996672082 2.180400957048511 2.180894917424939 2.1813888778013673 2.181882838177796 2.182376798554224 2.182870758930653 2.183364719307082 2.18385867968351 2.184352640059939 2.184846600436367 2.185340560812796 2.185834521189224 2.1863284815656527 2.1857879140713115 2.184141412896521 2.18249491172173 2.180848410546939 2.179201909372148 2.177555408197357 2.1759089070225635 2.174262405847773 2.172615904672982 2.1709694034981912 2.1693229023234 2.1676764011486096 2.1660298999738186 2.164383398799028 2.162736897624237 2.1610903964494463
2.1749521992303364 2.1754943341596276 2.176036469088919 2.1765786040182107 2.177120738947502 2.1776628738767934 2.1782050088060845 2.178747143735376 2.1792892786646685 2.1798314135939596 2.180373548523251 2.1809156834525423 2.181457818381834 2.181999953311125 2.1825420882404165 2.183084223169708 2.183626358098999 2.1841684930282907 2.184710627957582 2.1852527628868734 2.1857948978161645 2.186337032745457 2.1868791676747485 2.1874213026040397 2.1879634375333312 2.1885055724626223 2.189047707391914 2.1895898423212055 2.189031591560588 2.1872970036220756 2.1855624156835627 2.1838278277450502 2.182093239806538 2.1803586518680254 2.17862406392951 2.176889475990997 2.1751548880524845 2.173420300113972 2.1716857121754596 2.1699511242369467 2.1682165362984342 2.166481948359922 2.1647473604214094 2.1630127724828965
2.1769128470585892 2.1775031565407437 2.178093466022898 2.1786837755050525 2.1792740849872065 2.179864394469361 2.1804547039515154 2.1810450134336694 2.1816353229158247 2.182225632397979 2.1828159418801336 2.183406251362288 2.183996560844442 2.1845868703265965 2.185177179808751 2.1857674892909054 2.1863577987730594 2.186948108255214 2.1875384177373682 2.1881287272195222 2.1887190367016767 2.189309346183832 2.1898996556659864 2.190489965148141 2.191080274630295 2.1916705841124493 2.1922608935946037 2.1928512030767577 2.1922752690498646 2.1904525943476303 2.188629919645396 2.1868072449431617 2.1849845702409274 2.183161895538693 2.1813392208364557 2.1795165461342214 2.177693871431987 2.175871196729753 2.1740485220275185 2.1722258473252842 2.17040317262305 2.1685804979208156 2.1667578232185813 2.164935148516347
2.1788734948868425 2.1795119789218598 2.180150462956877 2.1807889469918944 2.1814274310269117 2.182065915061929 2.1827043990969464 2.1833428831319632 2.183981367166982 2.184619851201999 2.1852583352370165 2.185896819272034 2.1865353033070507 2.187173787342068 2.1878122713770853 2.1884507554121027 2.18908923944712 2.1897277234821373 2.1903662075171546 2.191004691552172 2.1916431755871892 2.1922816596222074 2.1929201436572248 2.193558627692242 2.1941971117272594 2.1948355957622767 2.1954740797972936 2.196112563832311 2.195518946539141 2.1936081850731854 2.1916974236072293 2.189786662141273 2.1878759006753175 2.1859651392093613 2.184054377743402 2.182143616277446 2.1802328548114898 2.178322093345534 2.176411331879578 2.1745005704136218 2.172589808947666 2.17067904748171 2.1687682860157538 2.166857524549798
2.1808341427150957 2.181520801302976 2.182207459890856 2.1828941184787363 2.1835807770666165 2.1842674356544967 2.184954094242377 2.185640752830257 2.1863274114181386 2.1870140700060188 2.187700728593899 2.188387387181779 2.1890740457696594 2.1897607043575396 2.1904473629454198 2.1911340215333 2.19182068012118 2.1925073387090603 2.1931939972969405 2.1938806558848207 2.194567314472701 2.1952539730605825 2.1959406316484626 2.196627290236343 2.197313948824223 2.1980006074121032 2.1986872659999834 2.1993739245878636 2.1987626240284177 2.19676377579874 2.194764927569062 2.1927660793393846 2.1907672311097066 2.188768382880029 2.186769534650348 2.1847706864206704 2.1827718381909924 2.180772989961315 2.178774141731637 2.1767752935019593 2.1747764452722818 2.1727775970426038 2.170778748812926 2.168779900583248
2.1827947905433485 2.183529623684092 2.184264456824835 2.184999289965578 2.185734123106321 2.1864689562470643 2.187203789387808 2.187938622528551 2.1886734556692953 2.1894082888100383 2.1901431219507814 2.1908779550915245 2.191612788232268 2.192347621373011 2.193082454513754 2.1938172876544972 2.1945521207952403 2.1952869539359834 2.196021787076727 2.19675662021747 2.197491453358213 2.1982262864989575 2.1989611196397005 2.1996959527804436 2.200430785921187 2.20116561906193 2.2019004522026733 2.2026352853434163 2.2020063015176943 2.199919366524295 2.1978324315308955 2.195745496537496 2.193658561544096 2.191571626550697 2.189484691557294 2.1873977565638945 2.185310821570495 2.1832238865770957 2.1811369515836962 2.179050016590297 2.1769630815968974 2.174876146603498 2.1727892116100986 2.1707022766166992
2.1847554383716017 2.1855384460652076 2.186321453758814 2.18710446145242 2.1878874691460264 2.1886704768396323 2.1894534845332383 2.1902364922268447 2.191019499920452 2.191802507614058 2.1925855153076643 2.1933685230012703 2.1941515306948767 2.1949345383884826 2.1957175460820886 2.196500553775695 2.197283561469301 2.198066569162907 2.1988495768565133 2.1996325845501192 2.2004155922437256 2.201198599937333 2.201981607630939 2.2027646153245453 2.203547623018151 2.204330630711757 2.2051136384053636 2.2058966460989695 2.2052499790069713 2.20307495724985 2.2008999354927288 2.1987249137356075 2.1965498919784863 2.194374870221365 2.19219984846424 2.190024826707119 2.187849804949998 2.185674783192877 2.1834997614357556 2.1813247396786344 2.179149717921513 2.1769746961643923 2.174799674407271 2.17262465265015
2.1867160861998562 2.1875472684463255 2.1883784506927944 2.1892096329392636 2.1900408151857325 2.1908719974322017 2.191703179678671 2.19253436192514 2.1933655441716104 2.1941967264180797 2.1950279086645486 2.195859090911018 2.196690273157487 2.197521455403956 2.198352637650425 2.199183819896894 2.2000150021433633 2.2008461843898326 2.2016773666363014 2.2025085488827707 2.20333973112924 2.20417091337571 2.2050020956221794 2.2058332778686487 2.2066644601151175 2.207495642361587 2.2083268246080556 2.209158006854525 2.20849365649625 2.206230547975407 2.2039674394545643 2.201704330933721 2.199441222412878 2.1971781138920354 2.1949150053711883 2.1926518968503457 2.1903887883295026 2.1881256798086595 2.185862571287817 2.1835994627669737 2.1813363542461306 2.179073245725288 2.176810137204445 2.1745470286836017
2.1886767340281095 2.189556090827441 2.1904354476267733 2.1913148044261055 2.1921941612254376 2.19307351802477 2.1939528748241015 2.1948322316234337 2.195711588422767 2.1965909452220993 2.1974703020214315 2.1983496588207636 2.1992290156200958 2.2001083724194275 2.2009877292187596 2.201867086018092 2.202746442817424 2.203625799616756 2.204505156416088 2.20538451321542 2.206263870014752 2.2071432268140856 2.2080225836134177 2.20890194041275 2.209781297212082 2.2106606540114138 2.211540010810746 2.212419367610078 2.211737333985527 2.209386138700962 2.2070349434163976 2.204683748131833 2.202332552847268 2.1999813575627036 2.1976301622781347 2.19527896699357 2.192927771709005 2.1905765764244407 2.188225381139876 2.1858741858553112 2.1835229905707467 2.1811717952861818 2.1788206000016173 2.1764694047170523
2.1906373818563623 2.1915649132085573 2.1924924445607523 2.1934199759129474 2.1943475072651424 2.1952750386173374 2.1962025699695324 2.1971301013217275 2.198057632673924 2.198985164026119 2.199912695378314 2.200840226730509 2.201767758082704 2.202695289434899 2.203622820787094 2.204550352139289 2.205477883491484 2.206405414843679 2.207332946195874 2.208260477548069 2.2091880089002642 2.2101155402524606 2.2110430716046556 2.2119706029568507 2.2128981343090457 2.2138256656612407 2.2147531970134358 2.215680728365631 2.2149810114748036 2.2125417294265173 2.2101024473782305 2.207663165329944 2.2052238832816577 2.2027846012333714 2.200345319185081 2.1979060371367947 2.195466755088508 2.1930274730402215 2.190588190991935 2.1881489089436488 2.1857096268953624 2.183270344847076 2.1808310627987897 2.1783917807505033
2.1925980296846155 2.1935737355896734 2.1945494414947313 2.195525147399789 2.196500853304847 2.197476559209905 2.198452265114963 2.199427971020021 2.2004036769250805 2.2013793828301385 2.2023550887351964 2.2033307946402547 2.2043065005453126 2.2052822064503705 2.2062579123554285 2.2072336182604864 2.2082093241655443 2.209185030070602 2.21016073597566 2.211136441880718 2.212112147785776 2.2130878536908356 2.2140635595958935 2.2150392655009514 2.21601497140601 2.2169906773110677 2.2179663832161256 2.2189420891211835 2.2182246889640798 2.215697320152072 2.213169951340064 2.2106425825280556 2.2081152137160474 2.205587844904039 2.203060476092027 2.2005331072800187 2.1980057384680105 2.1954783696560023 2.1929510008439945 2.1904236320319863 2.187896263219978 2.18536889440797 2.1828415255959617 2.180314156783954
2.1945586775128683 2.1955825579707895 2.1966064384287103 2.197630318886631 2.198654199344552 2.199678079802473 2.200701960260394 2.2017258407183147 2.2027497211762372 2.2037736016341585 2.2047974820920793 2.20582136255 2.206845243007921 2.2078691234658416 2.208893003923763 2.2099168843816837 2.2109407648396044 2.2119646452975252 2.2129885257554465 2.2140124062133673 2.215036286671288 2.2160601671292106 2.217084047587132 2.2181079280450526 2.2191318085029734 2.220155688960894 2.2211795694188154 2.2222034498767362 2.2214683664533563 2.2188529108776267 2.2162374553018966 2.213621999726167 2.211006544150437 2.2083910885747073 2.205775632998973 2.203160177423243 2.200544721847513 2.1979292662717835 2.1953138106960535 2.1926983551203234 2.190082899544594 2.1874674439688637 2.184851988393134 2.182236532817404
2.1965193253411215 2.1975913803519056 2.1986634353626893 2.199735490373473 2.200807545384257 2.2018796003950407 2.202951655405825 2.2040237104166085 2.2050957654273944 2.206167820438178 2.2072398754489617 2.208311930459746 2.2093839854705295 2.2104560404813136 2.2115280954920973 2.2126001505028814 2.213672205513665 2.2147442605244487 2.215816315535233 2.2168883705460165 2.2179604255568006 2.219032480567586 2.22010453557837 2.221176590589154 2.2222486455999375 2.2233207006107216 2.2243927556215053 2.2254648106322894 2.2247120439426333 2.222008501603182 2.21930495926373 2.2166014169242785 2.213897874584827 2.2111943322453755 2.208490789905919 2.2057872475664677 2.203083705227016 2.2003801628875643 2.197676620548113 2.1949730782086614 2.1922695358692095 2.189565993529758 2.1868624511903065 2.184158908850855
2.198479973169376 2.199600202733023 2.2007204322966696 2.2018406618603166 2.2029608914239636 2.20408112098761 2.205201350551257 2.206321580114904 2.207441809678553 2.2085620392421994 2.2096822688058464 2.2108024983694934 2.21192272793314 2.213042957496787 2.214163187060434 2.2152834166240805 2.2164036461877274 2.2175238757513744 2.218644105315021 2.219764334878668 2.220884564442315 2.2220047940059637 2.2231250235696103 2.2242452531332573 2.2253654826969043 2.226485712260551 2.227605941824198 2.228726171387845 2.2279557214319126 2.225164092328739 2.2223724632255655 2.219580834122392 2.216789205019219 2.2139975759160455 2.2112059468128673 2.208414317709694 2.2056226886065207 2.2028310595033473 2.200039430400174 2.1972478012970003 2.194456172193827 2.1916645430906536 2.1888729139874803 2.186081284884307
2.2004406209976293 2.2016090251141387 2.2027774292306486 2.2039458333471584 2.2051142374636683 2.206282641580178 2.207451045696688 2.208619449813198 2.2097878539297096 2.2109562580462194 2.2121246621627293 2.2132930662792387 2.2144614703957486 2.2156298745122585 2.2167982786287683 2.217966682745278 2.219135086861788 2.220303490978298 2.2214718950948074 2.2226402992113172 2.223808703327827 2.2249771074443387 2.2261455115608486 2.2273139156773585 2.2284823197938683 2.229650723910378 2.230819128026888 2.2319875321433975 2.231199398921189 2.228319683054294 2.2254399671873992 2.222560251320504 2.219680535453609 2.2168008195867137 2.2139211037198137 2.2110413878529185 2.2081616719860238 2.2052819561191286 2.2024022402522334 2.1995225243853382 2.196642808518443 2.193763092651548 2.190883376784653 2.188003660917758
2.202667899681805 2.203839621881899 2.2050113440819934 2.206183066282087 2.2073547884821814 2.2085265106822756 2.2096982328823698 2.2108699550824635 2.2120416772825595 2.2132133994826537 2.214385121682748 2.2155568438828417 2.216728566082936 2.21790028828303 2.219072010483124 2.220243732683218 2.2214154548833123 2.222587177083406 2.2237588992835002 2.2249306214835944 2.2261023436836886 2.2272740658837846 2.2284457880838784 2.2296175102839726 2.230789232484067 2.2319609546841606 2.2331326768842548 2.234304399084349 2.233509254076395 2.230611483559922 2.2277137130434497 2.2248159425269773 2.221918172010505 2.2190204014940327 2.2161226309775555 2.213224860461083 2.210327089944611 2.2074293194281385 2.2045315489116657 2.2016337783951934 2.198736007878721 2.1958382373622487 2.1929404668457764 2.190042696329304
2.2051801899444663 2.2063072814899156 2.2074343730353654 2.208561464580815 2.2096885561262645 2.2108156476717142 2.211942739217164 2.2130698307626133 2.214196922308065 2.2153240138535146 2.2164511053989644 2.2175781969444137 2.2187052884898635 2.2198323800353132 2.2209594715807626 2.2220865631262123 2.223213654671662 2.224340746217112 2.225467837762561 2.226594929308011 2.2277220208534607 2.2288491123989123 2.2299762039443616 2.2311032954898113 2.232230387035261 2.2333574785807104 2.23448457012616 2.23561166167161 2.234820912017943 2.2319799467675914 2.2291389815172398 2.226298016266888 2.2234570510165366 2.220616085766185 2.2177751205158285 2.214934155265477 2.2120931900151253 2.2092522247647737 2.206411259514422 2.2035702942640705 2.200729329013719 2.1978883637633673 2.1950473985130157 2.192206433262664
