Figures/CREST_Example_wjb_NSE/PETs/wjb.pet.20100104.asc
ncols            288
nrows            254
xllcorner        113.274861
yllcorner        31.4918055
cellsize         0.008333333333
NODATA_value     -9999
[rows 38 to 56 of 254, columns 88 to 131 of 288]
0.5844006035842556 0.5851613261491534 0.5859220487140511 0.5866827712789501 0.5874434938438479 0.5882042164087457 0.5889649389736433 0.5897256615385411 0.5904863841034388 0.5912471066683366 0.5920078292332344 0.592768551798132 0.5935292743630298 0.5942899969279275 0.5946522706016961 0.5945885934014409 0.5945249162011857 0.5944612390009305 0.5943975618006754 0.5943338846004202 0.5942702074001651 0.59420653019991 0.5941428529996549 0.5940791757993997 0.5940154985991446 0.5939518213988895 0.5938881441986343 0.5938244669983792 0.5937607897981241 0.5936971125978688 0.5936334353976137 0.5935697581973586 0.5935060809971034 0.5934424037968483 0.5933787265965932 0.5933150493963381 0.5932513721960829 0.5931876949958278 0.5931240177955727 0.5930603405953175 0.5929966633950624 0.5929329861948073 0.592869308994552 0.5928056317942969
0.5859089365191543 0.5866998000581386 0.5874906635971229 0.5882815271361085 0.5890723906750928 0.589863254214077 0.5906541177530613 0.5914449812920456 0.5922358448310299 0.5930267083700143 0.5938175719089985 0.5946084354479828 0.5953992989869671 0.5961901625259514 0.5965600676905711 0.5964799588346222 0.5963998499786731 0.5963197411227242 0.5962396322667753 0.5961595234108265 0.5960794145548776 0.5959993056989287 0.5959191968429798 0.5958390879870309 0.595758979131082 0.5956788702751331 0.5955987614191841 0.5955186525632352 0.5954385437072863 0.5953584348513373 0.5952783259953884 0.5951982171394395 0.5951181082834907 0.5950379994275418 0.5949578905715929 0.594877781715644 0.594797672859695 0.5947175640037461 0.5946374551477972 0.5945573462918483 0.5944772374358994 0.5943971285799505 0.5943170197240015 0.5942369108680526
0.5874172694540541 0.588238273967125 0.5890592784801959 0.5898802829932681 0.590701287506339 0.5915222920194099 0.5923432965324807 0.5931643010455516 0.5939853055586224 0.5948063100716933 0.5956273145847641 0.596448319097835 0.5972693236109059 0.5980903281239767 0.5984678647794477 0.5983713242678049 0.5982747837561622 0.5981782432445194 0.5980817027328768 0.5979851622212341 0.5978886217095915 0.5977920811979488 0.597695540686306 0.5975990001746634 0.5975024596630207 0.5974059191513781 0.5973093786397353 0.5972128381280927 0.59711629761645 0.5970197571048071 0.5969232165931645 0.5968266760815218 0.5967301355698791 0.5966335950582364 0.5965370545465938 0.5964405140349511 0.5963439735233084 0.5962474330116657 0.5961508925000231 0.5960543519883804 0.5959578114767378 0.595861270965095 0.5957647304534522 0.5956681899418095
0.5889256023889529 0.5897767478761102 0.5906278933632676 0.5914790388504265 0.5923301843375839 0.5931813298247413 0.5940324753118987 0.5948836207990561 0.5957347662862136 0.596585911773371 0.5974370572605283 0.5982882027476857 0.5991393482348432 0.5999904937220005 0.6003756618683227 0.6002626897009862 0.6001497175336495 0.6000367453663131 0.5999237731989767 0.5998108010316402 0.5996978288643038 0.5995848566969674 0.5994718845296308 0.5993589123622944 0.599245940194958 0.5991329680276215 0.5990199958602851 0.5989070236929487 0.5987940515256122 0.5986810793582755 0.5985681071909391 0.5984551350236027 0.5983421628562662 0.5982291906889298 0.5981162185215934 0.5980032463542568 0.5978902741869204 0.597777302019584 0.5976643298522475 0.5975513576849111 0.5974383855175747 0.5973254133502381 0.5972124411829015 0.5970994690155651
0.5904339353238515 0.5913152217850954 0.5921965082463393 0.5930777947075848 0.5939590811688288 0.5948403676300726 0.5957216540913166 0.5966029405525606 0.5974842270138045 0.5983655134750485 0.5992467999362924 0.6001280863975363 0.6010093728587803 0.6018906593200243 0.6022834589571976 0.6021540551341674 0.6020246513111369 0.6018952474881067 0.6017658436650765 0.6016364398420463 0.6015070360190161 0.6013776321959858 0.6012482283729557 0.6011188245499255 0.6009894207268952 0.600860016903865 0.6007306130808349 0.6006012092578046 0.6004718054347744 0.600342401611744 0.6002129977887137 0.6000835939656836 0.5999541901426533 0.5998247863196231 0.5996953824965929 0.5995659786735626 0.5994365748505325 0.5993071710275023 0.599177767204472 0.5990483633814419 0.5989189595584117 0.5987895557353814 0.598660151912351 0.5985307480893208
0.5919422682587501 0.5928536956940806 0.5937651231294111 0.5946765505647431 0.5955879780000737 0.5964994054354041 0.5974108328707346 0.5983222603060652 0.5992336877413956 0.6001451151767261 0.6010565426120567 0.6019679700473871 0.6028793974827176 0.6037908249180481 0.6041912560460726 0.6040454205673487 0.6038995850886244 0.6037537496099004 0.6036079141311764 0.6034620786524525 0.6033162431737285 0.6031704076950045 0.6030245722162805 0.6028787367375565 0.6027329012588326 0.6025870657801086 0.6024412303013846 0.6022953948226606 0.6021495593439367 0.6020037238652124 0.6018578883864885 0.6017120529077644 0.6015662174290405 0.6014203819503166 0.6012745464715925 0.6011287109928686 0.6009828755141445 0.6008370400354206 0.6006912045566966 0.6005453690779726 0.6003995335992487 0.6002536981205246 0.6001078626418005 0.5999620271630765
0.5934506011936488 0.5943921696030658 0.5953337380124829 0.5962753064219015 0.5972168748313186 0.5981584432407356 0.5991000116501526 0.6000415800595696 0.6009831484689867 0.6019247168784038 0.6028662852878208 0.6038078536972379 0.6047494221066548 0.6056909905160719 0.6060990531349476 0.6059367860005299 0.6057745188661119 0.6056122517316941 0.6054499845972764 0.6052877174628586 0.6051254503284409 0.6049631831940231 0.6048009160596054 0.6046386489251876 0.6044763817907699 0.6043141146563521 0.6041518475219344 0.6039895803875166 0.6038273132530989 0.6036650461186809 0.6035027789842631 0.6033405118498454 0.6031782447154276 0.6030159775810099 0.6028537104465922 0.6026914433121744 0.6025291761777567 0.6023669090433389 0.6022046419089212 0.6020423747745034 0.6018801076400857 0.6017178405056679 0.6015555733712499 0.6013933062368322
0.5949589341285474 0.5959306435120509 0.5969023528955545 0.5978740622790598 0.5988457716625634 0.5998174810460669 0.6007891904295706 0.6017608998130741 0.6027326091965777 0.6037043185800813 0.6046760279635849 0.6056477373470884 0.6066194467305921 0.6075911561140956 0.6080068502238225 0.607828151433711 0.6076494526435992 0.6074707538534877 0.6072920550633761 0.6071133562732647 0.6069346574831531 0.6067559586930417 0.6065772599029301 0.6063985611128186 0.6062198623227071 0.6060411635325956 0.6058624647424841 0.6056837659523726 0.605505067162261 0.6053263683721493 0.6051476695820378 0.6049689707919262 0.6047902720018148 0.6046115732117032 0.6044328744215918 0.6042541756314802 0.6040754768413688 0.6038967780512572 0.6037180792611457 0.6035393804710342 0.6033606816809227 0.6031819828908112 0.6030032841006994 0.6028245853105878
0.5964672670634473 0.5974691174210375 0.5984709677786276 0.5994728181362196 0.6004746684938097 0.6014765188513999 0.60247836920899 0.6034802195665802 0.6044820699241703 0.6054839202817605 0.6064857706393506 0.6074876209969408 0.6084894713545309 0.6094913217121211 0.6099146473126992 0.609719516866894 0.6095243864210883 0.609329255975283 0.6091341255294777 0.6089389950836724 0.6087438646378671 0.6085487341920618 0.6083536037462566 0.6081584733004513 0.6079633428546459 0.6077682124088407 0.6075730819630354 0.6073779515172301 0.6071828210714247 0.6069876906256192 0.6067925601798139 0.6065974297340085 0.6064022992882033 0.606207168842398 0.6060120383965927 0.6058169079507875 0.6056217775049821 0.6054266470591768 0.6052315166133715 0.6050363861675663 0.604841255721761 0.6046461252759556 0.6044509948301501 0.6042558643843448
0.5979755999983459 0.5990075913300227 0.6000395826616993 0.6010715739933779 0.6021035653250545 0.6031355566567312 0.6041675479884079 0.6051995393200846 0.6062315306517613 0.607263521983438 0.6082955133151147 0.6093275046467914 0.6103594959784682 0.6113914873101448 0.6118224444015741 0.6116108823000751 0.6113993201985757 0.6111877580970766 0.6109761959955775 0.6107646338940784 0.6105530717925794 0.6103415096910804 0.6101299475895813 0.6099183854880823 0.6097068233865832 0.6094952612850841 0.609283699183585 0.6090721370820861 0.608860574980587 0.6086490128790876 0.6084374507775885 0.6082258886760894 0.6080143265745904 0.6078027644730913 0.6075912023715923 0.6073796402700933 0.6071680781685942 0.6069565160670951 0.606744953965596 0.606533391864097 0.606321829762598 0.6061102676610989 0.6058987055595995 0.6056871434581005
0.5994839329332446 0.6005460652390079 0.6016081975447711 0.6026703298505361 0.6037324621562994 0.6047945944620626 0.6058567267678259 0.6069188590735892 0.6079809913793525 0.6090431236851157 0.610105255990879 0.6111673882966422 0.6122295206024054 0.6132916529081687 0.6137302414904491 0.6135022477332563 0.613274253976063 0.6130462602188702 0.6128182664616775 0.6125902727044846 0.6123622789472918 0.6121342851900989 0.6119062914329061 0.6116782976757134 0.6114503039185205 0.6112223101613277 0.6109943164041348 0.610766322646942 0.6105383288897491 0.610310335132556 0.6100823413753631 0.6098543476181703 0.6096263538609775 0.6093983601037847 0.6091703663465918 0.608942372589399 0.6087143788322061 0.6084863850750134 0.6082583913178206 0.6080303975606277 0.6078024038034349 0.607574410046242 0.6073464162890488 0.607118422531856
0.6009922658681434 0.6020845391479931 0.6031768124278429 0.6042690857076946 0.6053613589875444 0.6064536322673941 0.607545905547244 0.6086381788270937 0.6097304521069435 0.6108227253867933 0.6119149986666431 0.6130072719464928 0.6140995452263427 0.6151918185061924 0.6156380385793242 0.6153936131664376 0.6151491877535505 0.6149047623406639 0.6146603369277773 0.6144159115148907 0.6141714861020041 0.6139270606891176 0.613682635276231 0.6134382098633444 0.6131937844504578 0.6129493590375712 0.6127049336246846 0.612460508211798 0.6122160827989114 0.6119716573860244 0.6117272319731378 0.6114828065602512 0.6112383811473646 0.610993955734478 0.6107495303215914 0.6105051049087049 0.6102606794958183 0.6100162540829317 0.6097718286700451 0.6095274032571585 0.6092829778442719 0.6090385524313853 0.6087941270184983 0.6085497016056117
0.602500598803042 0.6036230130569783 0.6047454273109146 0.6058678415648528 0.6069902558187892 0.6081126700727255 0.6092350843266618 0.6103574985805982 0.6114799128345345 0.6126023270884708 0.6137247413424072 0.6148471555963435 0.6159695698502798 0.6170919841042162 0.6175458356681991 0.6172849785996187 0.6170241215310379 0.6167632644624575 0.6165024073938772 0.6162415503252968 0.6159806932567164 0.6157198361881361 0.6154589791195557 0.6151981220509753 0.6149372649823951 0.6146764079138147 0.6144155508452344 0.614154693776654 0.6138938367080736 0.6136329796394928 0.6133721225709124 0.6131112655023321 0.6128504084337517 0.6125895513651713 0.612328694296591 0.6120678372280107 0.6118069801594304 0.61154612309085 0.6112852660222696 0.6110244089536893 0.6107635518851089 0.6105026948165285 0.6102418377479477 0.6099809806793673
0.6040089317379406 0.6051614869659634 0.6063140421939863 0.6074665974220111 0.6086191526500341 0.6097717078780569 0.6109242631060798 0.6120768183341027 0.6132293735621256 0.6143819287901485 0.6155344840181713 0.6166870392461943 0.6178395944742171 0.61899214970224 0.6194536327570741 0.6191763440328 0.6188990553085254 0.6186217665842513 0.6183444778599771 0.618067189135703 0.6177899004114289 0.6175126116871548 0.6172353229628806 0.6169580342386065 0.6166807455143324 0.6164034567900583 0.6161261680657841 0.61584887934151 0.6155715906172359 0.6152943018929613 0.6150170131686872 0.614739724444413 0.6144624357201389 0.6141851469958648 0.6139078582715907 0.6136305695473165 0.6133532808230424 0.6130759920987683 0.6127987033744942 0.61252141465022 0.6122441259259459 0.6119668372016718 0.6116895484773972 0.6114122597531231
0.6055172646728393 0.6066999608749487 0.6078826570770581 0.6090653532791696 0.610248049481279 0.6114307456833884 0.6126134418854978 0.6137961380876072 0.6149788342897167 0.6161615304918261 0.6173442266939355 0.6185269228960449 0.6197096190981544 0.6208923153002638 0.6213614298459491 0.6210677094659812 0.6207739890860128 0.6204802687060449 0.620186548326077 0.6198928279461091 0.6195991075661412 0.6193053871861733 0.6190116668062055 0.6187179464262376 0.6184242260462697 0.6181305056663018 0.6178367852863339 0.617543064906366 0.6172493445263981 0.6169556241464297 0.6166619037664618 0.6163681833864939 0.616074463006526 0.6157807426265581 0.6154870222465902 0.6151933018666224 0.6148995814866545 0.6146058611066866 0.6143121407267187 0.6140184203467508 0.6137246999667829 0.613430979586815 0.6131372592068467 0.6128435388268787
0.6070255976077391 0.6082384347839351 0.6094512719601312 0.6106641091363292 0.6118769463125252 0.6130897834887212 0.6143026206649173 0.6155154578411132 0.6167282950173092 0.6179411321935052 0.6191539693697012 0.6203668065458972 0.6215796437220932 0.6227924808982892 0.6232692269348257 0.622959074899164 0.6226489228635018 0.6223387708278402 0.6220286187921784 0.6217184667565168 0.6214083147208551 0.6210981626851935 0.6207880106495318 0.6204778586138701 0.6201677065782084 0.6198575545425468 0.6195474025068851 0.6192372504712235 0.6189270984355617 0.6186169463998996 0.6183067943642379 0.6179966423285762 0.6176864902929146 0.6173763382572529 0.6170661862215913 0.6167560341859295 0.6164458821502679 0.6161357301146062 0.6158255780789446 0.6155154260432829 0.6152052740076212 0.6148951219719595 0.6145849699362973 0.6142748179006357
0.6085339305426378 0.6097769086929203 0.611019886843203 0.6122628649934876 0.6135058431437701 0.6147488212940526 0.6159917994443352 0.6172347775946178 0.6184777557449003 0.6197207338951829 0.6209637120454654 0.6222066901957479 0.6234496683460304 0.6246926464963131 0.6251770240237007 0.6248504403323453 0.6245238566409892 0.6241972729496338 0.6238706892582784 0.623544105566923 0.6232175218755674 0.622890938184212 0.6225643544928566 0.6222377708015012 0.6219111871101457 0.6215846034187903 0.6212580197274349 0.6209314360360795 0.620604852344724 0.620278268653368 0.6199516849620126 0.6196251012706572 0.6192985175793017 0.6189719338879462 0.6186453501965908 0.6183187665052354 0.6179921828138799 0.6176655991225245 0.6173390154311691 0.6170124317398137 0.6166858480484582 0.6163592643571028 0.6160326806657468 0.6157060969743914
0.6100422634775364 0.6113153826019055 0.6125885017262747 0.6138616208506459 0.615134739975015 0.616407859099384 0.6176809782237531 0.6189540973481222 0.6202272164724913 0.6215003355968604 0.6227734547212295 0.6240465738455986 0.6253196929699677 0.6265928120943367 0.6270848211125756 0.6267418057655264 0.6263987904184766 0.6260557750714274 0.6257127597243782 0.625369744377329 0.6250267290302798 0.6246837136832306 0.6243406983361813 0.6239976829891322 0.623654667642083 0.6233116522950337 0.6229686369479845 0.6226256216009354 0.6222826062538861 0.6219395909068364 0.6215965755597872 0.6212535602127379 0.6209105448656888 0.6205675295186396 0.6202245141715903 0.6198814988245411 0.619538483477492 0.6191954681304427 0.6188524527833935 0.6185094374363443 0.6181664220892951 0.6178234067422459 0.6174803913951962 0.6171373760481469
0.6115505964124351 0.6128538565108907 0.6141571166093464 0.6154603767078043 0.6167636368062599 0.6180668969047155 0.6193701570031711 0.6206734171016268 0.6219766772000824 0.623279937298538 0.6245831973969936 0.6258864574954492 0.627189717593905 0.6284929776923606 0.6289926182014506 0.6286331711987077 0.6282737241959641 0.6279142771932211 0.6275548301904781 0.6271953831877352 0.6268359361849921 0.6264764891822492 0.6261170421795063 0.6257575951767632 0.6253981481740203 0.6250387011712774 0.6246792541685343 0.6243198071657914 0.6239603601630483 0.6236009131603049 0.6232414661575618 0.6228820191548189 0.6225225721520758 0.6221631251493329 0.62180367814659 0.621444231143847 0.621084784141104 0.6207253371383611 0.620365890135618 0.6200064431328751 0.6196469961301322 0.6192875491273891 0.6189281021246456 0.6185686551219026
