Figures/CREST_Example_wjb_NSE/PETs/wjb.pet.20090708.asc
ncols            288
nrows            254
xllcorner        113.274861
yllcorner        31.4918055
cellsize         0.008333333333
NODATA_value     -9999
[rows 120 to 139 of 254, columns 45 to 89 of 288]
4.085900501932188 4.084157313338747 4.082414124745306 4.080670936151865 4.078927747558423 4.077184558964983 4.075441370371541 4.073698181778098 4.071954993184656 4.0702118045912155 4.068468615997774 4.066725427404333 4.064982238810892 4.063239050217451 4.061495861624009 4.059752673030569 4.058009484437127 4.056266295843686 4.054523107250245 4.052779918656804 4.05103673006336 4.049293541469919 4.047550352876478 4.045807164283037 4.044063975689595 4.042320787096155 4.040577598502713 4.0375299855295275 4.033087913406502 4.028645841283476 4.02420376916045 4.019761697037424 4.015319624914398 4.0108775527913645 4.006435480668339 4.001993408545313 3.997551336422287 3.9931092642992607 3.988667192176235 3.984225120053209 3.9797830479301832 3.9753409758071574 3.9708989036841316 3.9664568315611053 3.9620147594380795
4.087190156533888 4.085553677304157 4.083917198074425 4.082280718844694 4.080644239614962 4.079007760385231 4.077371281155499 4.0757348019257655 4.074098322696034 4.072461843466303 4.070825364236571 4.06918888500684 4.067552405777109 4.065915926547377 4.064279447317646 4.062642968087914 4.061006488858183 4.059370009628451 4.05773353039872 4.056097051168988 4.054460571939255 4.052824092709523 4.051187613479792 4.04955113425006 4.047914655020329 4.046278175790597 4.044641696560866 4.041729653265182 4.037454003147517 4.033178353029854 4.028902702912189 4.024627052794525 4.020351402676861 4.01607575255919 4.0118001024415255 4.007524452323861 4.003248802206198 3.998973152088533 3.9946975019708693 3.990421851853205 3.986146201735541 3.981870551617877 3.9775949015002126 3.9733192513825486 3.969043601264884
4.0884798111355884 4.086950041269567 4.085420271403545 4.083890501537524 4.082360731671502 4.08083096180548 4.079301191939458 4.077771422073434 4.076241652207412 4.074711882341391 4.073182112475369 4.071652342609347 4.070122572743325 4.068592802877304 4.067063033011282 4.0655332631452605 4.064003493279238 4.062473723413217 4.060943953547196 4.059414183681174 4.05788441381515 4.056354643949128 4.054824874083106 4.053295104217084 4.051765334351063 4.050235564485041 4.0487057946190195 4.045929321000836 4.041820092888533 4.037710864776231 4.033601636663929 4.029492408551627 4.025383180439324 4.0212739523270145 4.017164724214712 4.01305549610241 4.008946267990108 4.004837039877805 4.000727811765503 3.9966185836532007 3.9925093555408986 3.988400127428596 3.984290899316294 3.9801816712039915 3.9760724430916894
4.089769465737289 4.088346405234977 4.086923344732665 4.085500284230353 4.084077223728041 4.082654163225729 4.081231102723417 4.079808042221102 4.0783849817187905 4.076961921216478 4.0755388607141665 4.074115800211854 4.0726927397095425 4.07126967920723 4.0698466187049185 4.068423558202606 4.0670004977002945 4.065577437197982 4.0641543766956705 4.062731316193358 4.061308255691044 4.059885195188731 4.05846213468642 4.057039074184107 4.055616013681796 4.054192953179483 4.052769892677172 4.050128988736489 4.046186182629548 4.042243376522608 4.038300570415667 4.0343577643087265 4.030414958201786 4.026472152094839 4.022529345987898 4.018586539880958 4.014643733774018 4.010700927667077 4.006758121560137 4.002815315453196 3.998872509346256 3.994929703239315 3.990986897132375 3.9870440910254343 3.9831012849184937
4.09105912033899 4.089742769200388 4.088426418061785 4.0871100669231835 4.085793715784582 4.084477364645979 4.083161013507377 4.0818446623687725 4.08052831123017 4.079211960091568 4.077895608952965 4.076579257814363 4.0752629066757615 4.073946555537159 4.072630204398557 4.071313853259954 4.069997502121352 4.0686811509827505 4.067364799844148 4.066048448705546 4.064732097566941 4.063415746428339 4.062099395289737 4.060783044151134 4.059466693012532 4.05815034187393 4.056833990735328 4.054328656472146 4.050552272370568 4.046775888268989 4.042999504167411 4.039223120065832 4.035446735964253 4.031670351862669 4.02789396776109 4.024117583659511 4.020341199557933 4.016564815456355 4.0127884313547755 4.009012047253197 4.005235663151619 4.0014592790500405 3.9976828949484617 3.993906510846883 3.9901301267453047
4.092348774940691 4.0911391331657985 4.0899294913909054 4.088719849616013 4.08751020784112 4.086300566066228 4.085090924291335 4.083881282516441 4.082671640741548 4.081461998966656 4.080252357191763 4.079042715416871 4.077833073641978 4.076623431867086 4.075413790092194 4.074204148317301 4.0729945065424085 4.071784864767515 4.070575222992623 4.06936558121773 4.068155939442836 4.066946297667943 4.065736655893051 4.064527014118158 4.063317372343266 4.062107730568373 4.060898088793481 4.0585283242078 4.054918362111583 4.051308400015367 4.04769843791915 4.044088475822933 4.0404785137267165 4.036868551630493 4.0332585895342765 4.0296486274380605 4.026038665341844 4.022428703245627 4.01881874114941 4.015208779053193 4.011598816956976 4.00798885486076 4.004378892764543 4.000768930668326 3.9971589685721094
4.09363842954239 4.092535497131208 4.091432564720025 4.090329632308842 4.089226699897659 4.0881237674864765 4.087020835075293 4.085917902664109 4.084814970252926 4.083712037841743 4.08260910543056 4.081506173019378 4.080403240608194 4.079300308197012 4.0781973757858285 4.077094443374646 4.075991510963463 4.07488857855228 4.073785646141098 4.072682713729915 4.07157978131873 4.070476848907547 4.069373916496365 4.068270984085181 4.067168051673999 4.066065119262816 4.064962186851633 4.062727991943453 4.059284451852599 4.055840911761743 4.052397371670889 4.048953831580034 4.045510291489179 4.042066751398318 4.038623211307463 4.035179671216608 4.031736131125753 4.028292591034899 4.024849050944043 4.021405510853189 4.017961970762334 4.014518430671479 4.011074890580624 4.007631350489769 4.004187810398914
4.094928084144091 4.0939318610966176 4.092935638049145 4.091939415001671 4.0909431919541985 4.089946968906726 4.088950745859252 4.087954522811778 4.086958299764304 4.085962076716831 4.084965853669358 4.083969630621885 4.0829734075744115 4.081977184526939 4.080980961479465 4.0799847384319925 4.078988515384519 4.077992292337046 4.076996069289573 4.0759998462421 4.0750036231946245 4.074007400147152 4.073011177099678 4.0720149540522055 4.071018731004732 4.070022507957259 4.069026284909786 4.0669276596791075 4.063650541593614 4.060373423508121 4.057096305422628 4.053819187337135 4.050542069251642 4.047264951166143 4.04398783308065 4.040710714995157 4.037433596909664 4.034156478824171 4.030879360738678 4.027602242653185 4.024325124567691 4.021048006482198 4.017770888396705 4.014493770311212 4.011216652225719
4.096217738745792 4.095328225062028 4.094438711378265 4.093549197694501 4.092659684010738 4.091770170326974 4.090880656643211 4.089991142959446 4.0891016292756825 4.0882121155919195 4.087322601908156 4.086433088224393 4.085543574540629 4.084654060856866 4.083764547173102 4.082875033489339 4.081985519805575 4.081096006121812 4.080206492438048 4.079316978754285 4.0784274650705195 4.0775379513867565 4.076648437702993 4.07575892401923 4.074869410335466 4.073979896651703 4.073090382967939 4.071127327414762 4.06801663133463 4.064905935254499 4.0617952391743675 4.058684543094236 4.055573847014105 4.052463150933968 4.049352454853837 4.046241758773705 4.043131062693575 4.040020366613443 4.036909670533312 4.03379897445318 4.0306882783730495 4.027577582292918 4.024466886212786 4.021356190132655 4.018245494052524
4.097507393347492 4.0967245890274375 4.095941784707384 4.09515898038733 4.094376176067277 4.093593371747223 4.092810567427169 4.092027763107114 4.09124495878706 4.090462154467007 4.089679350146953 4.088896545826898 4.088113741506845 4.087330937186791 4.086548132866738 4.0857653285466835 4.08498252422663 4.084199719906576 4.083416915586523 4.082634111266469 4.0818513069464135 4.08106850262636 4.080285698306306 4.079502893986253 4.078720089666199 4.077937285346145 4.077154481026091 4.075326995150414 4.072382721075645 4.069438447000875 4.066494172926106 4.0635498988513366 4.060605624776567 4.0576613507017925 4.054717076627023 4.051772802552254 4.048828528477484 4.045884254402715 4.0429399803279455 4.039995706253176 4.037051432178407 4.0341071581036365 4.031162884028867 4.028218609954098 4.025274335879328
4.098797047949192 4.098120952992848 4.097444858036504 4.09676876308016 4.0960926681238155 4.095416573167472 4.094740478211127 4.094064383254783 4.0933882882984385 4.092712193342094 4.09203609838575 4.091360003429406 4.090683908473062 4.090007813516718 4.089331718560374 4.08865562360403 4.087979528647686 4.087303433691342 4.086627338734997 4.085951243778654 4.0852751488223085 4.084599053865965 4.08392295890962 4.083246863953276 4.082570768996932 4.081894674040588 4.081218579084244 4.079526662886068 4.076748810816661 4.073970958747253 4.071193106677845 4.068415254608438 4.06563740253903 4.062859550469618 4.06008169840021 4.057303846330802 4.054525994261395 4.051748142191987 4.048970290122579 4.046192438053172 4.043414585983764 4.040636733914356 4.037858881844949 4.035081029775541 4.032303177706133
4.100086702550894 4.099517316958259 4.098947931365625 4.098378545772991 4.097809160180357 4.097239774587722 4.096670388995088 4.0961010034024525 4.095531617809819 4.094962232217184 4.09439284662455 4.093823461031915 4.093254075439281 4.092684689846647 4.092115304254013 4.091545918661378 4.090976533068744 4.0904071474761095 4.089837761883476 4.089268376290841 4.088698990698206 4.088129605105571 4.087560219512937 4.086990833920303 4.086421448327668 4.085852062735034 4.085282677142399 4.083726330621725 4.0811149005576794 4.078503470493634 4.075892040429588 4.073280610365543 4.070669180301497 4.068057750237447 4.065446320173401 4.062834890109356 4.060223460045309 4.0576120299812635 4.055000599917218 4.052389169853172 4.049777739789127 4.047166309725081 4.044554879661035 4.04194344959699 4.039332019532944
4.101376357152594 4.100913680923669 4.100451004694745 4.09998832846582 4.0995256522368955 4.09906297600797 4.098600299779046 4.09813762355012 4.097674947321196 4.097212271092272 4.096749594863347 4.096286918634423 4.095824242405498 4.095361566176574 4.094898889947649 4.0944362137187245 4.093973537489799 4.093510861260875 4.09304818503195 4.092585508803026 4.0921228325741 4.091660156345176 4.091197480116251 4.090734803887327 4.090272127658402 4.089809451429478 4.089346775200553 4.087925998357379 4.085480990298695 4.083035982240012 4.0805909741813275 4.078145966122643 4.07570095806396 4.073255950005271 4.070810941946588 4.068365933887904 4.06592092582922 4.063475917770536 4.061030909711852 4.058585901653168 4.056140893594485 4.0536958855358005 4.051250877477116 4.048805869418433 4.046360861359749
4.102666011754295 4.102310044889079 4.101954078023865 4.1015981111586495 4.101242144293435 4.10088617742822 4.100530210563005 4.100174243697789 4.099818276832575 4.099462309967359 4.099106343102145 4.0987503762369295 4.098394409371715 4.0980384425065 4.097682475641285 4.09732650877607 4.0969705419108555 4.09661457504564 4.096258608180426 4.09590264131521 4.095546674449995 4.095190707584781 4.094834740719565 4.094478773854351 4.0941228069891356 4.09376684012392 4.093410873258706 4.092125666093033 4.089847080039711 4.087568493986389 4.085289907933067 4.083011321879745 4.080732735826423 4.078454149773097 4.076175563719775 4.073896977666452 4.07161839161313 4.0693398055598085 4.067061219506487 4.064782633453164 4.062504047399842 4.06022546134652 4.057946875293198 4.055668289239875 4.053389703186554
4.103955666355994 4.103706408854489 4.103457151352984 4.103207893851478 4.102958636349974 4.102709378848468 4.1024601213469625 4.102210863845457 4.101961606343952 4.1017123488424465 4.101463091340942 4.101213833839436 4.100964576337931 4.100715318836426 4.100466061334921 4.1002168038334155 4.099967546331911 4.099718288830405 4.0994690313288995 4.099219773827395 4.098970516325889 4.0987212588243835 4.098472001322879 4.098222743821373 4.0979734863198685 4.097724228818363 4.097474971316858 4.096325333828687 4.094213169780726 4.092101005732766 4.089988841684805 4.087876677636845 4.085764513588885 4.083652349540921 4.081540185492961 4.0794280214450005 4.07731585739704 4.0752036933490805 4.07309152930112 4.07097936525316 4.068867201205199 4.066755037157239 4.064642873109279 4.062530709061319 4.060418545013358
4.105245320957695 4.105102772819899 4.104960224682103 4.104817676544308 4.104675128406512 4.104532580268717 4.1043900321309215 4.104247483993126 4.1041049358553305 4.103962387717535 4.10381983957974 4.103677291441944 4.103534743304149 4.103392195166353 4.103249647028557 4.103107098890762 4.102964550752966 4.102822002615171 4.102679454477375 4.10253690633958 4.102394358201784 4.102251810063988 4.102109261926193 4.101966713788397 4.101824165650602 4.101681617512806 4.1015390693750104 4.10052500156434 4.098579259521742 4.096633517479144 4.094687775436545 4.092742033393947 4.090796291351348 4.088850549308746 4.086904807266148 4.08495906522355 4.083013323180951 4.0810675811383526 4.0791218390957535 4.077176097053155 4.075230355010557 4.073284612967958 4.07133887092536 4.069393128882761 4.067447386840163
4.106534975559395 4.10649913678531 4.1064632980112235 4.106427459237138 4.106391620463052 4.106355781688967 4.1063199429148804 4.106284104140794 4.106248265366709 4.106212426592623 4.1061765878185374 4.106140749044451 4.106104910270365 4.10606907149628 4.106033232722194 4.105997393948108 4.105961555174022 4.105925716399937 4.105889877625851 4.105854038851764 4.105818200077679 4.105782361303593 4.105746522529508 4.105710683755421 4.105674844981335 4.10563900620725 4.105603167433164 4.104724669299994 4.1029453492627574 4.101166029225521 4.099386709188284 4.097607389151047 4.095828069113811 4.094048749076571 4.092269429039335 4.090490109002098 4.088710788964861 4.086931468927625 4.085152148890388 4.083372828853151 4.0815935088159145 4.079814188778678 4.078034868741441 4.0762555487042045 4.074476228666968
4.107824630161097 4.10789550075072 4.1079663713403445 4.108037241929968 4.108108112519592 4.108178983109216 4.10824985369884 4.108320724288464 4.108391594878088 4.108462465467712 4.108533336057336 4.10860420664696 4.108675077236584 4.108745947826208 4.108816818415832 4.1088876890054555 4.10895855959508 4.1090294301847035 4.109100300774328 4.109171171363951 4.109242041953576 4.109312912543199 4.109383783132824 4.109454653722447 4.109525524312072 4.109596394901695 4.1096672654913196 4.108924337035651 4.107311439003777 4.105698540971901 4.104085642940027 4.102472744908152 4.100859846876277 4.0992469488444 4.097634050812525 4.096021152780651 4.0944082547487755 4.092795356716901 4.091182458685027 4.0895695606531515 4.087956662621277 4.086343764589402 4.0847308665575275 4.083117968525653 4.081505070493778
4.109114284762797 4.1092918647161305 4.109469444669465 4.109647024622798 4.109824604576132 4.110002184529465 4.110179764482798 4.1103573444361325 4.110534924389467 4.1107125043428 4.110890084296134 4.111067664249467 4.111245244202801 4.111422824156135 4.111600404109469 4.111777984062802 4.111955564016136 4.112133143969469 4.112310723922803 4.112488303876137 4.112665883829471 4.112843463782804 4.113021043736138 4.113198623689471 4.113376203642805 4.113553783596139 4.113731363549473 4.113124004771305 4.111677528744792 4.110231052718279 4.108784576691766 4.107338100665253 4.1058916246387405 4.104445148612225 4.102998672585712 4.101552196559199 4.100105720532686 4.098659244506173 4.09721276847966 4.095766292453147 4.094319816426634 4.092873340400121 4.0914268643736085 4.0899803883470955 4.088533912320583
4.110403939364498 4.110688228681541 4.110972517998584 4.111256807315628 4.111541096632671 4.1118253859497145 4.112109675266757 4.112393964583801 4.112678253900845 4.112962543217888 4.113246832534932 4.113531121851975 4.113815411169019 4.1140997004860616 4.1143839898031045 4.114668279120148 4.114952568437191 4.115236857754235 4.115521147071278 4.115805436388322 4.116089725705366 4.116374015022409 4.1166583043394525 4.116942593656495 4.117226882973539 4.117511172290582 4.117795461607625 4.117323672506959 4.116043618485808 4.114763564464657 4.113483510443506 4.112203456422355 4.110923402401204 4.10964334838005 4.108363294358899 4.107083240337748 4.105803186316597 4.104523132295446 4.103243078274295 4.101963024253144 4.1006829702319925 4.099402916210842 4.09812286218969 4.09684280816854 4.095562754147388
