Figures/CREST_Example_wjb_NSE/PETs/wjb.pet.20090430.asc
ncols            288
nrows            254
xllcorner        113.274861
yllcorner        31.4918055
cellsize         0.008333333333
NODATA_value     -9999
[rows 180 to 199 of 254, columns 44 to 87 of 288]
2.0157403874390245 2.015535454370926 2.0153305213028276 2.015125588234729 2.0149206551666308 2.0147157220985323 2.014510789030434 2.0143058559623355 2.0141009228942366 2.013895989826138 2.0136910567580397 2.0134861236899413 2.013281190621843 2.0130762575537444 2.012871324485646 2.0126663914175476 2.012461458349449 2.0122565252813507 2.0120515922132522 2.011846659145154 2.0116417260770554 2.0114367930089565 2.011231859940858 2.0110269268727596 2.010821993804661 2.0106170607365628 2.0104121276684643 2.010207194600366 2.009150550521167 2.0071834081172724 2.0052162657133783 2.0032491233094842 2.00128198090559 1.999314838501696 1.9973476960977985 1.9953805536939044 1.9934134112900102 1.991446268886116 1.989479126482222 1.9875119840783277 1.9855448416744337 1.9835776992705394 1.9816105568666453 1.9796434144627513
2.0150524729316883 2.0148499072496224 2.014647341567557 2.014444775885491 2.014242210203425 2.0140396445213593 2.013837078839294 2.013634513157228 2.0134319474751616 2.013229381793096 2.0130268161110303 2.0128242504289644 2.0126216847468985 2.012419119064833 2.012216553382767 2.0120139877007013 2.011811422018636 2.01160885633657 2.011406290654504 2.011203724972438 2.0110011592903727 2.0107985936083064 2.0105960279262405 2.010393462244175 2.010190896562109 2.0099883308800433 2.0097857651979774 2.009583199515912 2.008569176718414 2.0066876879206728 2.004806199122932 2.002924710325191 2.0010432215274494 1.9991617327297084 1.997280243931964 1.995398755134223 1.9935172663364817 1.9916357775387405 1.9897542887409994 1.9878727999432582 1.985991311145517 1.984109822347776 1.9822283335500348 1.9803468447522936
2.0143645584243512 2.0141643601283183 2.0139641618322854 2.013763963536252 2.013563765240219 2.013363566944186 2.013163368648153 2.01296317035212 -9999.0 2.0125627737600533 2.0123625754640204 2.012162377167987 2.011962178871954 2.011761980575921 2.011561782279888 2.011361583983855 2.0111613856878217 2.0109611873917888 2.0107609890957554 2.0105607907997225 2.0103605925036896 2.010160394207656 2.009960195911623 2.00975999761559 2.0095597993195566 2.0093596010235237 2.0091594027274904 2.0089592044314575 2.007987802915661 2.0061919677240727 2.004396132532485 2.0026002973408965 2.0008044621493086 1.9990086269577203 1.997212791766129 1.995416956574541 1.9936211213829529 1.9918252861913648 1.9900294509997765 1.9882336158081884 1.9864377806166003 1.9846419454250122 1.982846110233424 1.9810502750418357
-9999.0 -9999.0 -9999.0 -9999.0 2.0128853202770127 2.0126874893670124 2.012489658457012 2.0122918275470116 -9999.0 -9999.0 2.01169833481701 2.0115005039070097 2.0113026729970094 2.011104842087009 2.010907011177008 2.010709180267008 2.0105113493570075 2.010313518447007 2.0101156875370068 2.0099178566270064 2.009720025717006 2.0095221948070052 2.009324363897005 2.0091265329870045 2.008928702077004 2.0087308711670038 2.0085330402570034 2.008335209347003 2.007406429112908 2.005696247527473 2.003986065942038 2.0022758843566026 2.000565702771168 1.9988555211857326 1.9971453396002947 1.9954351580148595 1.9937249764294245 1.9920147948439895 1.9903046132585542 1.9885944316731192 1.9868842500876842 1.985174068502249 1.983463886916814 1.981753705331379
-9999.0 -9999.0 -9999.0 -9999.0 -9999.0 2.0120114117898393 -9999.0 -9999.0 -9999.0 -9999.0 -9999.0 -9999.0 2.0106431671220646 2.010447703598097 2.0102522400741294 2.0100567765501616 2.0098613130261938 2.0096658495022264 2.0094703859782586 2.0092749224542907 2.009079458930323 2.008883995406355 2.0086885318823873 2.0084930683584195 2.0082976048344516 2.0081021413104843 2.0079066777865164 2.0077112142625486 2.006825055310155 2.005200527330873 2.003575999351591 2.0019514713723088 2.0003269433930266 1.9987024154137445 1.9970778874344597 1.9954533594551775 1.9938288314758956 1.9922043034966135 1.9905797755173313 1.9889552475380494 1.9873307195587673 1.9857061915794851 1.984081663600203 1.982457135620921
-9999.0 -9999.0 -9999.0 -9999.0 -9999.0 -9999.0 -9999.0 -9999.0 -9999.0 -9999.0 -9999.0 -9999.0 -9999.0 2.0097905651091854 2.00959746897125 2.0094043728333153 2.0092112766953805 2.009018180557445 2.0088250844195104 2.008631988281575 2.0084388921436402 2.008245796005705 2.0080526998677697 2.007859603729835 2.0076665075919 2.0074734114539647 2.00728031531603 2.0070872191780946 2.0062436815074025 2.0047048071342735 2.0031659327611444 2.001627058388015 2.000088184014886 1.998549309641757 1.9970104352686253 1.995471560895496 1.993932686522367 1.992393812149238 1.990854937776109 1.9893160634029798 1.9877771890298508 1.9862383146567215 1.9846994402835925 1.9831605659104634
-9999.0 -9999.0 -9999.0 -9999.0 -9999.0 -9999.0 -9999.0 -9999.0 -9999.0 -9999.0 -9999.0 -9999.0 -9999.0 -9999.0 -9999.0 -9999.0 -9999.0 -9999.0 -9999.0 2.00798905410886 2.0077983253569576 2.007607596605055 2.0074168678531525 2.0072261391012503 2.007035410349348 2.0068446815974457 2.0066539528455434 2.0064632240936406 2.00566230770465 2.004209086937674 2.0027558661706975 2.0013026454037215 1.9998494246367453 1.9983962038697693 1.9969429831027907 1.9954897623358145 1.9940365415688386 1.9925833208018624 1.9911301000348862 1.9896768792679103 1.988223658500934 1.9867704377339581 1.985317216966982 1.9838639962000058
-9999.0 -9999.0 -9999.0 -9999.0 -9999.0 -9999.0 -9999.0 -9999.0 -9999.0 -9999.0 -9999.0 -9999.0 -9999.0 -9999.0 -9999.0 -9999.0 -9999.0 -9999.0 -9999.0 2.007346119936144 2.0071577585702745 2.0069693972044043 2.0067810358385345 2.006592674472665 2.0064043131067955 2.0062159517409257 2.006027590375056 2.0058392290091867 2.0050809339018967 2.003713366741074 2.0023457995802505 2.0009782324194276 1.9996106652586043 1.9982430980977812 1.996875530936956 1.9955079637761328 1.9941403966153097 1.9927728294544866 1.9914052622936635 1.9900376951328405 1.9886701279720174 1.9873025608111943 1.9859349936503712 1.984567426489548
-9999.0 -9999.0 -9999.0 -9999.0 -9999.0 -9999.0 -9999.0 -9999.0 -9999.0 -9999.0 -9999.0 -9999.0 -9999.0 -9999.0 -9999.0 -9999.0 -9999.0 2.0070751737231025 2.0068891797432657 2.0067031857634285 2.006517191783592 2.006331197803754 2.0061452038239174 2.0059592098440806 2.0057732158642434 2.0055872218844066 2.0054012279045694 2.0052152339247327 2.004499560099144 2.003217646544474 2.001935732989804 2.0006538194351338 1.9993719058804638 1.9980899923257935 1.9968080787711213 1.9955261652164513 1.994244251661781 1.992962338107111 1.9916804245524409 1.9903985109977709 1.9891165974431007 1.9878346838884307 1.9865527703337604 1.9852708567790904
-9999.0 -9999.0 -9999.0 -9999.0 -9999.0 -9999.0 -9999.0 -9999.0 -9999.0 -9999.0 -9999.0 -9999.0 -9999.0 -9999.0 -9999.0 -9999.0 2.006611131372125 2.006427504778321 2.0062438781845167 2.0060602515907124 2.005876624996908 2.0056929984031036 2.0055093718092993 2.0053257452154947 2.0051421186216905 2.0049584920278862 2.004774865434082 2.004591238840278 2.003918186296391 2.0027219263478737 2.0015256663993566 2.0003294064508395 1.9991331465023225 1.9979368865538056 1.9967406266052865 1.9955443666567694 1.9943481067082525 1.9931518467597353 1.9919555868112184 1.9907593268627013 1.9895630669141844 1.9883668069656673 1.9871705470171503 1.9859742870686332
-9999.0 -9999.0 -9999.0 -9999.0 -9999.0 -9999.0 -9999.0 -9999.0 -9999.0 -9999.0 -9999.0 -9999.0 -9999.0 -9999.0 -9999.0 2.006142354249083 2.0059610950413114 2.00577983583354 2.0055985766257685 2.005417317417997 2.005236058210225 2.0050547990024534 2.0048735397946817 2.00469228058691 2.0045110213791384 2.004329762171367 2.0041485029635955 2.003967243755824 2.003336812493638 2.002226206151274 2.00111559980891 2.000004993466546 1.998894387124182 1.997783780781818 1.996673174439452 1.9955625680970879 1.9944519617547238 1.9933413554123598 1.9922307490699958 1.9911201427276317 1.9900095363852677 1.9888989300429036 1.9877883237005396 1.9866777173581756
-9999.0 -9999.0 -9999.0 -9999.0 -9999.0 -9999.0 -9999.0 -9999.0 -9999.0 -9999.0 -9999.0 -9999.0 -9999.0 -9999.0 -9999.0 2.0054899505322368 2.005311058710498 2.005132166888759 2.0049532750670203 2.0047743832452816 2.0045954914235424 2.0044165996018033 2.004237707780064 2.0040588159583255 2.0038799241365863 2.0037010323148476 2.003522140493109 2.00334324867137 2.0027554386908855 2.0017304859546745 2.0007055332184636 1.9996805804822524 1.9986556277460412 1.9976306750098303 1.9966057222736173 1.9955807695374064 1.9945558168011954 1.9935308640649843 1.9925059113287733 1.9914809585925621 1.9904560058563512 1.9894310531201402 1.988406100383929 1.9873811476477181
-9999.0 -9999.0 -9999.0 -9999.0 -9999.0 -9999.0 -9999.0 -9999.0 -9999.0 -9999.0 -9999.0 -9999.0 -9999.0 -9999.0 -9999.0 2.0048375468153905 2.0046610223796844 2.0044844979439778 2.0043079735082716 2.0041314490725655 2.0039549246368593 2.0037784002011527 2.0036018757654466 2.0034253513297404 2.0032488268940343 2.003072302458328 2.0028957780226215 2.0027192535869154 2.0021740648881323 2.0012347657580745 2.000295466628016 1.9993561674979583 1.9984168683679002 1.9974775692378421 1.9965382701077825 1.9955989709777244 1.9946596718476666 1.9937203727176085 1.9927810735875504 1.9918417744574923 1.9909024753274343 1.9899631761973764 1.9890238770673183 1.9880845779372602
-9999.0 -9999.0 -9999.0 -9999.0 -9999.0 -9999.0 -9999.0 -9999.0 -9999.0 -9999.0 -9999.0 -9999.0 -9999.0 2.0045334571978914 2.004359300148218 2.0041851430985442 2.0040109860488706 2.003836828999197 2.0036626719495234 2.0034885148998502 2.0033143578501766 2.0031402008005026 2.0029660437508294 2.002791886701156 2.002617729651482 2.0024435726018086 2.002269415552135 2.0020952585024614 2.0015926910853796 2.000739045561475 1.9998854000375696 1.9990317545136647 1.9981781089897597 1.9973244634658545 1.9964708179419481 1.995617172418043 1.994763526894138 1.993909881370233 1.993056235846328 1.9922025903224228 1.9913489447985178 1.9904952992746128 1.9896416537507078 1.9887880082268026
-9999.0 -9999.0 -9999.0 -9999.0 -9999.0 -9999.0 -9999.0 -9999.0 -9999.0 -9999.0 -9999.0 -9999.0 -9999.0 2.003876318708979 2.003704529045338 2.0035327393816975 2.0033609497180564 2.003189160054416 2.0030173703907748 2.002845580727134 2.002673791063493 2.002502001399852 2.0023302117362114 2.0021584220725703 2.0019866324089297 2.0018148427452886 2.001643053081648 2.001471263418007 2.001011317282627 2.000243325364875 1.9994753334471227 1.9987073415293708 1.9979393496116187 1.9971713576938668 1.9964033657761133 1.9956353738583614 1.9948673819406093 1.9940993900228574 1.9933313981051053 1.9925634061873534 1.9917954142696013 1.9910274223518494 1.9902594304340973 1.9894914385163454
-9999.0 -9999.0 -9999.0 -9999.0 -9999.0 -9999.0 -9999.0 -9999.0 -9999.0 -9999.0 -9999.0 -9999.0 -9999.0 -9999.0 2.0030497579424593 2.0028803356648512 2.002710913387243 2.002541491109635 2.002372068832027 2.002202646554419 2.0020332242768104 2.0018638019992023 2.001694379721594 2.0015249574439857 2.0013555351663777 2.0011861128887696 2.0010166906111615 2.0008472683335534 2.0004299434798742 1.9997476051682752 1.9990652668566762 1.9983829285450772 1.9977005902334781 1.997018251921879 1.996335913610279 1.99565357529868 1.994971236987081 1.9942888986754819 1.9936065603638828 1.9929242220522838 1.9922418837406848 1.9915595454290858 1.9908772071174867 1.9901948688058877
-9999.0 -9999.0 -9999.0 -9999.0 -9999.0 -9999.0 -9999.0 -9999.0 -9999.0 -9999.0 -9999.0 -9999.0 -9999.0 -9999.0 2.00239498683958 2.0022279319480045 2.0020608770564294 2.001893822164854 2.0017267672732784 2.001559712381703 2.0013926574901273 2.0012256025985518 2.001058547706976 2.0008914928154007 2.000724437923825 2.0005573830322496 2.0003903281406745 2.000223273249099 1.999848569677121 1.9992518849716752 1.998655200266229 1.998058515560783 1.9974618308553371 1.996865146149891 1.996268461444444 1.995671776738998 1.9950750920335518 1.9944784073281059 1.99388172262266 1.9932850379172138 1.9926883532117678 1.992091668506322 1.9914949838008758 1.9908982990954298
-9999.0 -9999.0 -9999.0 -9999.0 -9999.0 -9999.0 -9999.0 -9999.0 -9999.0 -9999.0 -9999.0 -9999.0 -9999.0 -9999.0 2.0017402157367012 2.0015755282311583 2.0014108407256157 2.0012461532200727 2.00108146571453 2.000916778208987 2.0007520907034446 2.000587403197901 2.0004227156923586 2.0002580281868156 2.000093340681273 1.9999286531757303 1.9997639656701875 1.9995992781646448 1.9992671958743682 1.9987561647750753 1.9982451336757823 1.9977341025764892 1.9972230714771964 1.9967120403779033 1.9962010092786096 1.9956899781793165 1.9951789470800234 1.9946679159807306 1.9941568848814375 1.9936458537821444 1.9931348226828516 1.9926237915835585 1.9921127604842657 1.9916017293849726
-9999.0 -9999.0 -9999.0 -9999.0 -9999.0 -9999.0 -9999.0 -9999.0 -9999.0 -9999.0 -9999.0 -9999.0 -9999.0 -9999.0 2.001085444633822 2.000923124514312 2.000760804394802 2.000598484275292 2.0004361641557815 2.0002738440362715 2.0001115239167615 1.999949203797251 1.999786883677741 1.999624563558231 1.9994622434387208 1.9992999233192108 1.9991376031997006 1.9989752830801906 1.9986858220716155 1.9982604445784755 1.9978350670853355 1.9974096895921956 1.9969843120990556 1.9965589346059156 1.9961335571127747 1.9957081796196348 1.9952828021264948 1.9948574246333548 1.9944320471402148 1.9940066696470748 1.9935812921539349 1.993155914660795 1.992730537167655 1.992305159674515
-9999.0 -9999.0 -9999.0 -9999.0 -9999.0 -9999.0 -9999.0 -9999.0 -9999.0 -9999.0 2.0010704844648526 2.000910531731375 2.0007505789978977 2.0005906262644206 2.000430673530943 2.0002707207974657 2.0001107680639882 1.9999508153305108 1.9997908625970335 1.999630909863556 1.9994709571300786 1.999311004396601 1.9991510516631237 1.9989910989296462 1.9988311461961688 1.9986711934626915 1.998511240729214 1.9983512879957366 1.9981044482688628 1.997764724381876 1.9974250004948888 1.997085276607902 1.9967455527209148 1.996405828833928 1.9960661049469404 1.9957263810599533 1.9953866571729664 1.9950469332859793 1.9947072093989924 1.9943674855120053 1.9940277616250184 1.9936880377380313 1.9933483138510444 1.9930085899640573
