Figures/CREST_Example_wjb_NSE/PETs/wjb.pet.20101220.asc
ncols            288
nrows            254
xllcorner        113.274861
yllcorner        31.4918055
cellsize         0.008333333333
NODATA_value     -9999
[rows 95 to 113 of 254, columns 176 to 219 of 288]
0.7202649691434434 0.7202449187746963 0.7202248684059493 0.7202048180372023 0.7201847676684552 0.7201647172997082 0.7201446669309611 0.7201246165622142 0.7201045661934671 0.72008451582472 0.720064465455973 0.7200444150872259 0.720024364718479 0.7200043143497319 0.7199842639809849 0.7199642136122378 0.7194081496413034 0.7182790750014609 0.7171500003616185 0.716020925721774 0.7148918510819315 0.7137627764420891 0.7126337018022466 0.711504627162404 0.7103755525225616 0.7092464778827191 0.7081174032428766 0.7069883286030342 0.7058592539631917 0.7047301793233491 0.7036011046835067 0.7024720300436642 0.7013429554038199 0.7002138807639773 0.6990848061241348 0.6979557314842924 0.6968266568444499 0.6956975822046074 0.694568507564765 0.6934394329249224 0.6923103582850799 0.6911812836452375 0.690052209005395 0.6889231343655525
0.7209913535399899 0.7209685192441322 0.7209456849482744 0.7209228506524167 0.720900016356559 0.7208771820607012 0.7208543477648435 0.7208315134689857 0.720808679173128 0.7207858448772703 0.7207630105814125 0.7207401762855548 0.7207173419896971 0.7206945076938392 0.7206716733979815 0.7206488391021239 0.7201015332909714 0.7189935555629573 0.7178855778349432 0.7167776001069274 0.7156696223789133 0.7145616446508992 0.7134536669228853 0.7123456891948712 0.7112377114668571 0.7101297337388431 0.7090217560108291 0.7079137782828151 0.706805800554801 0.705697822826787 0.704589845098773 0.7034818673707589 0.7023738896427429 0.701265911914729 0.7001579341867149 0.6990499564587009 0.6979419787306869 0.6968340010026728 0.6957260232746588 0.6946180455466447 0.6935100678186307 0.6924020900906167 0.6912941123626026 0.6901861346345886
0.7217177379365364 0.721692119713568 0.7216665014905995 0.7216408832676311 0.7216152650446627 0.7215896468216942 0.7215640285987257 0.7215384103757573 0.7215127921527889 0.7214871739298204 0.721461555706852 0.7214359374838836 0.7214103192609151 0.7213847010379467 0.7213590828149783 0.7213334645920099 0.7207949169406392 0.7197080361244537 0.7186211553082681 0.7175342744920806 0.716447393675895 0.7153605128597095 0.7142736320435239 0.7131867512273383 0.7120998704111527 0.7110129895949672 0.7099261087787815 0.7088392279625959 0.7077523471464103 0.7066654663302248 0.7055785855140392 0.7044917046978536 0.7034048238816661 0.7023179430654806 0.701231062249295 0.7001441814331094 0.6990573006169238 0.6979704198007383 0.6968835389845527 0.6957966581683671 0.6947097773521815 0.6936228965359958 0.6925360157198103 0.6914491349036247
0.7224441223330835 0.7224157201830044 0.7223873180329252 0.7223589158828461 0.7223305137327669 0.7223021115826878 0.7222737094326086 0.7222453072825294 0.7222169051324503 0.7221885029823712 0.7221601008322921 0.7221316986822129 0.7221032965321338 0.7220748943820546 0.7220464922319755 0.7220180900818963 0.7214883005903078 0.7204225166859506 0.7193567327815935 0.7182909488772345 0.7172251649728775 0.7161593810685203 0.7150935971641632 0.7140278132598061 0.712962029355449 0.7118962454510919 0.7108304615467347 0.7097646776423776 0.7086988937380205 0.7076331098336633 0.7065673259293063 0.7055015420249492 0.7044357581205902 0.703369974216233 0.702304190311876 0.7012384064075189 0.7001726225031617 0.6991068385988046 0.6980410546944475 0.6969752707900904 0.6959094868857333 0.6948437029813761 0.693777919077019 0.692712135172662
0.72317050672963 0.7231393206524401 0.7231081345752504 0.7230769484980605 0.7230457624208706 0.7230145763436808 0.7229833902664909 0.7229522041893011 0.7229210181121112 0.7228898320349214 0.7228586459577315 0.7228274598805418 0.7227962738033519 0.722765087726162 0.7227339016489722 0.7227027155717823 0.7221816842399756 0.721136997247447 0.7200923102549184 0.7190476232623879 0.7180029362698592 0.7169582492773305 0.7159135622848019 0.7148688752922732 0.7138241882997445 0.7127795013072159 0.7117348143146872 0.7106901273221585 0.7096454403296298 0.7086007533371012 0.7075560663445725 0.7065113793520439 0.7054666923595134 0.7044220053669847 0.703377318374456 0.7023326313819274 0.7012879443893987 0.70024325739687 0.6991985704043414 0.6981538834118127 0.697109196419284 0.6960645094267554 0.6950198224342267 0.693975135441698
0.7238968911261765 0.723862921121876 0.7238289511175754 0.7237949811132749 0.7237610111089744 0.7237270411046738 0.7236930711003732 0.7236591010960727 0.7236251310917722 0.7235911610874716 0.7235571910831711 0.7235232210788705 0.72348925107457 0.7234552810702695 0.7234213110659689 0.7233873410616684 0.7228750678896436 0.7218514778089433 0.7208278877282431 0.7198042976475412 0.718780707566841 0.7177571174861407 0.7167335274054405 0.7157099373247403 0.71468634724404 0.7136627571633398 0.7126391670826396 0.7116155770019393 0.7105919869212391 0.709568396840539 0.7085448067598387 0.7075212166791385 0.7064976265984365 0.7054740365177363 0.704450446437036 0.7034268563563358 0.7024032662756357 0.7013796761949354 0.7003560861142352 0.699332496033535 0.6983089059528347 0.6972853158721345 0.6962617257914343 0.695238135710734
0.724623275522723 0.7245865215913118 0.7245497676599005 0.7245130137284893 0.7244762597970781 0.7244395058656669 0.7244027519342555 0.7243659980028443 0.7243292440714331 0.7242924901400217 0.7242557362086105 0.7242189822771993 0.724182228345788 0.7241454744143768 0.7241087204829656 0.7240719665515544 0.7235684515393115 0.7225659583704397 0.721563465201568 0.7205609720326945 0.7195584788638227 0.7185559856949509 0.7175534925260791 0.7165509993572073 0.7155485061883357 0.7145460130194639 0.7135435198505921 0.7125410266817203 0.7115385335128485 0.7105360403439768 0.709533547175105 0.7085310540062332 0.7075285608373597 0.7065260676684879 0.7055235744996161 0.7045210813307443 0.7035185881618726 0.7025160949930008 0.701513601824129 0.7005111086552572 0.6995086154863854 0.6985061223175137 0.697503629148642 0.6965011359797701
0.7253496599192696 0.7253101220607476 0.7252705842022257 0.7252310463437037 0.7251915084851818 0.7251519706266598 0.7251124327681379 0.7250728949096159 0.725033357051094 0.724993819192572 0.72495428133405 0.7249147434755281 0.7248752056170061 0.7248356677584842 0.7247961298999622 0.7247565920414403 0.7242618351889795 0.7232804389319362 0.7222990426748928 0.7213176464178478 0.7203362501608045 0.7193548539037611 0.7183734576467178 0.7173920613896745 0.7164106651326312 0.7154292688755878 0.7144478726185445 0.7134664763615012 0.7124850801044579 0.7115036838474145 0.7105222875903712 0.7095408913333279 0.7085594950762829 0.7075780988192395 0.7065967025621962 0.7056153063051529 0.7046339100481096 0.7036525137910662 0.7026711175340229 0.7016897212769796 0.7007083250199363 0.6997269287628929 0.6987455325058496 0.6977641362488063
0.7260760443158161 0.7260337225301835 0.7259914007445508 0.7259490789589181 0.7259067571732856 0.7258644353876529 0.7258221136020202 0.7257797918163875 0.725737470030755 0.7256951482451223 0.7256528264594896 0.725610504673857 0.7255681828882243 0.7255258611025917 0.7254835393169591 0.7254412175313264 0.7249552188386474 0.7239949194934326 0.7230346201482177 0.7220743208030012 0.7211140214577864 0.7201537221125714 0.7191934227673565 0.7182331234221416 0.7172728240769268 0.7163125247317119 0.715352225386497 0.7143919260412821 0.7134316266960673 0.7124713273508524 0.7115110280056375 0.7105507286604226 0.7095904293152061 0.7086301299699912 0.7076698306247763 0.7067095312795615 0.7057492319343466 0.7047889325891317 0.7038286332439168 0.702868333898702 0.701908034553487 0.7009477352082721 0.6999874358630572 0.6990271365178424
0.7268024287123626 0.7267573229996193 0.726712217286876 0.7266671115741326 0.7266220058613893 0.7265769001486458 0.7265317944359024 0.7264866887231591 0.7264415830104158 0.7263964772976724 0.7263513715849291 0.7263062658721857 0.7262611601594424 0.7262160544466991 0.7261709487339557 0.7261258430212124 0.7256486024883154 0.724709400054929 0.7237701976215425 0.7228309951881545 0.7218917927547681 0.7209525903213816 0.7200133878879952 0.7190741854546088 0.7181349830212224 0.717195780587836 0.7162565781544494 0.715317375721063 0.7143781732876766 0.7134389708542902 0.7124997684209038 0.7115605659875173 0.7106213635541293 0.7096821611207429 0.7087429586873564 0.70780375625397 0.7068645538205836 0.7059253513871971 0.7049861489538107 0.7040469465204242 0.7031077440870378 0.7021685416536514 0.701229339220265 0.7002901367868786
0.7275288131089097 0.7274809234690557 0.7274330338292017 0.7273851441893476 0.7273372545494935 0.7272893649096395 0.7272414752697853 0.7271935856299313 0.7271456959900773 0.7270978063502233 0.7270499167103692 0.7270020270705151 0.7269541374306611 0.726906247790807 0.726858358150953 0.726810468511099 0.7263419861379838 0.7254238806164259 0.724505775094868 0.7235876695733084 0.7226695640517504 0.7217514585301925 0.7208333530086345 0.7199152474870766 0.7189971419655186 0.7180790364439606 0.7171609309224026 0.7162428254008447 0.7153247198792867 0.7144066143577288 0.7134885088361708 0.7125704033146129 0.7116522977930533 0.7107341922714954 0.7098160867499373 0.7088979812283794 0.7079798757068214 0.7070617701852635 0.7061436646637055 0.7052255591421476 0.7043074536205896 0.7033893480990316 0.7024712425774736 0.7015531370559157
0.7282551975054562 0.7282045239384914 0.7281538503715267 0.7281031768045619 0.7280525032375973 0.7280018296706325 0.7279511561036677 0.7279004825367029 0.7278498089697382 0.7277991354027734 0.7277484618358087 0.7276977882688439 0.7276471147018791 0.7275964411349144 0.7275457675679496 0.7274950940009849 0.7270353697876518 0.7261383611779223 0.7252413525681928 0.7243443439584617 0.7234473353487322 0.7225503267390027 0.7216533181292732 0.7207563095195437 0.7198593009098142 0.7189622923000847 0.7180652836903552 0.7171682750806256 0.7162712664708961 0.7153742578611666 0.7144772492514371 0.7135802406417076 0.7126832320319765 0.711786223422247 0.7108892148125174 0.7099922062027879 0.7090951975930584 0.7081981889833289 0.7073011803735993 0.7064041717638698 0.7055071631541404 0.7046101545444109 0.7037131459346814 0.7028161373249519
0.7289815819020028 0.7289281244079273 0.7288746669138519 0.7288212094197765 0.728767751925701 0.7287142944316255 0.72866083693755 0.7286073794434745 0.728553921949399 0.7285004644553237 0.7284470069612482 0.7283935494671727 0.7283400919730972 0.7282866344790219 0.7282331769849464 0.7281797194908709 0.7277287534373198 0.7268528417394187 0.7259769300415176 0.7251010183436151 0.7242251066457139 0.7233491949478129 0.7224732832499118 0.7215973715520108 0.7207214598541097 0.7198455481562086 0.7189696364583076 0.7180937247604064 0.7172178130625054 0.7163419013646043 0.7154659896667033 0.7145900779688021 0.7137141662708996 0.7128382545729985 0.7119623428750975 0.7110864311771964 0.7102105194792954 0.7093346077813942 0.7084586960834932 0.7075827843855921 0.7067068726876911 0.7058309609897899 0.7049550492918889 0.7040791375939879
0.7297079662985493 0.7296517248773632 0.729595483456177 0.7295392420349909 0.7294830006138047 0.7294267591926186 0.7293705177714322 0.7293142763502461 0.7292580349290599 0.7292017935078738 0.7291455520866876 0.7290893106655015 0.7290330692443153 0.7289768278231292 0.728920586401943 0.7288643449807569 0.7284221370869877 0.727567322300915 0.7267125075148424 0.7258576927287683 0.7250028779426957 0.7241480631566231 0.7232932483705505 0.7224384335844779 0.7215836187984053 0.7207288040123326 0.71987398922626 0.7190191744401874 0.7181643596541147 0.7173095448680421 0.7164547300819695 0.7155999152958968 0.7147451005098228 0.7138902857237501 0.7130354709376775 0.712180656151605 0.7113258413655323 0.7104710265794597 0.7096162117933871 0.7087613970073144 0.7079065822212418 0.7070517674351692 0.7061969526490965 0.7053421378630239
0.7304343506950958 0.7303753253467989 0.7303162999985021 0.7302572746502053 0.7301982493019084 0.7301392239536115 0.7300801986053146 0.7300211732570178 0.7299621479087208 0.729903122560424 0.7298440972121272 0.7297850718638303 0.7297260465155334 0.7296670211672366 0.7296079958189398 0.7295489704706429 0.7291155207366556 0.7282818028624114 0.7274480849881673 0.7266143671139217 0.7257806492396774 0.7249469313654333 0.7241132134911892 0.7232794956169449 0.7224457777427008 0.7216120598684567 0.7207783419942124 0.7199446241199683 0.719110906245724 0.7182771883714799 0.7174434704972358 0.7166097526229915 0.715776034748746 0.7149423168745018 0.7141085990002576 0.7132748811260134 0.7124411632517693 0.7116074453775251 0.7107737275032809 0.7099400096290368 0.7091062917547926 0.7082725738805484 0.7074388560063042 0.70660513813206
0.7311607350916424 0.7310989258162348 0.7310371165408273 0.7309753072654197 0.7309134979900122 0.7308516887146046 0.7307898794391969 0.7307280701637894 0.7306662608883818 0.7306044516129742 0.7305426423375666 0.730480833062159 0.7304190237867515 0.7303572145113439 0.7302954052359364 0.7302335959605288 0.7298089043863235 0.7289962834239078 0.7281836624614921 0.7273710414990749 0.7265584205366592 0.7257457995742436 0.7249331786118278 0.7241205576494121 0.7233079366869963 0.7224953157245806 0.7216826947621648 0.7208700737997492 0.7200574528373335 0.7192448318749177 0.718432210912502 0.7176195899500862 0.7168069689876692 0.7159943480252534 0.7151817270628377 0.714369106100422 0.7135564851380063 0.7127438641755905 0.7119312432131748 0.7111186222507591 0.7103060012883433 0.7094933803259277 0.7086807593635119 0.7078681384010962
0.7318871194881895 0.7318225262856712 0.731757933083153 0.7316933398806347 0.7316287466781165 0.7315641534755982 0.7314995602730798 0.7314349670705615 0.7313703738680434 0.7313057806655251 0.7312411874630068 0.7311765942604885 0.7311120010579703 0.7310474078554521 0.7309828146529338 0.7309182214504155 0.7305022880359922 0.7297107639854049 0.7289192399348176 0.728127715884229 0.7273361918336417 0.7265446677830545 0.7257531437324672 0.72496161968188 0.7241700956312926 0.7233785715807054 0.7225870475301182 0.7217955234795309 0.7210039994289437 0.7202124753783564 0.7194209513277691 0.7186294272771818 0.7178379032265932 0.717046379176006 0.7162548551254188 0.7154633310748315 0.7146718070242442 0.7138802829736569 0.7130887589230697 0.7122972348724824 0.7115057108218952 0.7107141867713079 0.7099226627207206 0.7091311386701333
0.732613503884736 0.732546126755107 0.7324787496254781 0.7324113724958491 0.7323439953662202 0.7322766182365912 0.7322092411069622 0.7321418639773332 0.7320744868477043 0.7320071097180753 0.7319397325884464 0.7318723554588173 0.7318049783291883 0.7317376011995594 0.7316702240699304 0.7316028469403015 0.73119567168566 0.7304252445469013 0.7296548174081424 0.7288843902693823 0.7281139631306235 0.7273435359918646 0.7265731088531059 0.725802681714347 0.7250322545755883 0.7242618274368294 0.7234914002980706 0.7227209731593118 0.721950546020553 0.7211801188817941 0.7204096917430354 0.7196392646042765 0.7188688374655164 0.7180984103267576 0.7173279831879988 0.71655755604924 0.7157871289104811 0.7150167017717224 0.7142462746329635 0.7134758474942048 0.7127054203554459 0.7119349932166871 0.7111645660779283 0.7103941389391695
0.7333398882812825 0.7332697272245429 0.7331995661678032 0.7331294051110635 0.7330592440543239 0.7329890829975843 0.7329189219408444 0.7328487608841048 0.7327785998273652 0.7327084387706254 0.7326382777138858 0.7325681166571462 0.7324979556004064 0.7324277945436668 0.7323576334869272 0.7322874724301875 0.731889055335328 0.7311397251083976 0.7303903948814673 0.7296410646545356 0.7288917344276052 0.7281424042006749 0.7273930739737445 0.7266437437468142 0.7258944135198837 0.7251450832929534 0.724395753066023 0.7236464228390926 0.7228970926121623 0.7221477623852319 0.7213984321583016 0.7206491019313712 0.7198997717044395 0.7191504414775092 0.7184011112505788 0.7176517810236485 0.7169024507967181 0.7161531205697877 0.7154037903428574 0.7146544601159269 0.7139051298889966 0.7131557996620662 0.7124064694351359 0.7116571392082055
