Figures/CREST_Example_wjb_NSE/PETs/wjb.pet.20090419.asc
ncols            288
nrows            254
xllcorner        113.274861
yllcorner        31.4918055
cellsize         0.008333333333
NODATA_value     -9999
[rows 152 to 170 of 254, columns 44 to 87 of 288]
0.7618599385308537 0.7558853283502895 0.7499107181697254 0.7439361079891614 0.7379614978085973 0.7319868876280332 0.7260122774474692 0.7200376672669051 0.7140630570863309 0.7080884469057668 0.7021138367252027 0.6961392265446387 0.6901646163640746 0.6841900061835104 0.6782153960029464 0.6722407858223823 0.6662661756418182 0.6602915654612542 0.6543169552806901 0.648342345100126 0.642367734919562 0.6363931247389878 0.6304185145584237 0.6244439043778596 0.6184692941972956 0.6124946840167315 0.6065200738361674 0.6005454636556034 0.5977929307477132 0.5984848712827778 0.5991768118178423 0.5998687523529069 0.6005606928879714 0.601252633423036 0.6019445739581017 0.6026365144931662 0.6033284550282308 0.6040203955632953 0.60471233609836 0.6054042766334244 0.606096217168489 0.6067881577035535 0.6074800982386181 0.6081720387736826
0.7758685091137216 0.7694463987716795 0.7630242884296375 0.7566021780875956 0.7501800677455535 0.7437579574035114 0.7373358470614694 0.7309137367194274 0.7244916263773743 0.7180695160353323 0.7116474056932902 0.7052252953512482 0.6988031850092062 0.6923810746671641 0.685958964325122 0.6795368539830801 0.6731147436410381 0.666692633298996 0.6602705229569539 0.6538484126149119 0.6474263022728699 0.6410041919308169 0.6345820815887748 0.6281599712467327 0.6217378609046907 0.6153157505626488 0.6088936402206067 0.6024715298785646 0.5993782820670807 0.599843663553223 0.6003090450393656 0.6007744265255079 0.6012398080116503 0.6017051894977928 0.602170570983936 0.6026359524700785 0.6031013339562209 0.6035667154423633 0.6040320969285058 0.6044974784146482 0.6049628599007907 0.6054282413869331 0.6058936228730755 0.606359004359218
0.7898770796965896 0.7830074691930696 0.7761378586895497 0.7692682481860296 0.7623986376825096 0.7555290271789896 0.7486594166754695 0.7417898061719496 0.7349201956684178 0.7280505851648978 0.7211809746613778 0.7143113641578578 0.7074417536543378 0.7005721431508178 0.6937025326472978 0.6868329221437778 0.6799633116402577 0.6730937011367377 0.6662240906332177 0.6593544801296978 0.6524848696261777 0.6456152591226461 0.638745648619126 0.631876038115606 0.6250064276120859 0.6181368171085659 0.611267206605046 0.604397596101526 0.600963633386448 0.6012024558236684 0.6014412782608887 0.601680100698109 0.6019189231353292 0.6021577455725496 0.6023965680097704 0.6026353904469907 0.602874212884211 0.6031130353214312 0.6033518577586516 0.6035906801958719 0.6038295026330922 0.6040683250703125 0.6043071475075328 0.6045459699447532
0.8038856502794577 0.7965685396144597 0.7892514289494617 0.7819343182844637 0.7746172076194657 0.7673000969544678 0.7599829862894698 0.7526658756244717 0.7453487649594613 0.7380316542944634 0.7307145436294654 0.7233974329644675 0.7160803222994694 0.7087632116344714 0.7014461009694735 0.6941289903044755 0.6868118796394775 0.6794947689744795 0.6721776583094815 0.6648605476444835 0.6575434369794856 0.6502263263144751 0.6429092156494771 0.6355921049844792 0.6282749943194812 0.6209578836544832 0.6136407729894853 0.6063236623244872 0.6025489847058154 0.6025612480941136 0.6025735114824118 0.6025857748707101 0.6025980382590083 0.6026103016473064 0.6026225650356046 0.6026348284239028 0.602647091812201 0.6026593552004993 0.6026716185887975 0.6026838819770957 0.6026961453653938 0.602708408753692 0.6027206721419902 0.6027329355302884
0.8178942208623257 0.8101296100358497 0.8023649992093738 0.7946003883828978 0.7868357775564219 0.7790711667299459 0.77130655590347 0.763541945076994 0.7557773342505049 0.7480127234240289 0.740248112597553 0.732483501771077 0.7247188909446011 0.7169542801181251 0.7091896692916492 0.7014250584651732 0.6936604476386973 0.6858958368122213 0.6781312259857454 0.6703666151592693 0.6626020043327934 0.6548373935063042 0.6470727826798283 0.6393081718533523 0.6315435610268764 0.6237789502004004 0.6160143393739245 0.6082497285474485 0.6041343360251828 0.6039200403645589 0.603705744703935 0.6034914490433111 0.6032771533826872 0.6030628577220633 0.6028485620614389 0.602634266400815 0.602419970740191 0.6022056750795671 0.6019913794189432 0.6017770837583193 0.6015627880976954 0.6013484924370714 0.6011341967764475 0.6009199011158236
0.8319027914452056 0.8236906804572514 0.815478569469297 0.8072664584813427 0.7990543474933884 0.7908422365054342 0.7826301255174798 0.7744180145295255 0.7662059035415572 0.7579937925536029 0.7497816815656486 0.7415695705776943 0.73335745958974 0.7251453486017857 0.7169332376138314 0.708721126625877 0.7005090156379228 0.6922969046499685 0.6840847936620142 0.67587268267406 0.6676605716861056 0.6594484606981373 0.651236349710183 0.6430242387222287 0.6348121277342744 0.6266000167463202 0.6183879057583658 0.6101757947704115 0.6057196873445516 0.6052788326350054 0.6048379779254591 0.6043971232159129 0.6039562685063666 0.6035154137968204 0.6030745590872735 0.6026337043777272 0.602192849668181 0.6017519949586347 0.6013111402490885 0.6008702855395424 0.6004294308299961 0.5999885761204499 0.5995477214109036 0.5991068667013574
0.8459113620280736 0.8372517508786413 0.8285921397292091 0.8199325285797768 0.8112729174303446 0.8026133062809123 0.7939536951314801 0.7852940839820478 0.7766344728326008 0.7679748616831685 0.7593152505337362 0.7506556393843039 0.7419960282348717 0.7333364170854394 0.7246768059360071 0.7160171947865749 0.7073575836371426 0.6986979724877104 0.6900383613382781 0.6813787501888457 0.6727191390394136 0.6640595278899666 0.6553999167405342 0.646740305591102 0.6380806944416697 0.6294210832922374 0.6207614721428052 0.6121018609933729 0.607305038663919 0.6066376249054507 0.6059702111469824 0.605302797388514 0.6046353836300457 0.6039679698715773 0.6033005561131078 0.6026331423546395 0.6019657285961711 0.6012983148377028 0.6006309010792344 0.5999634873207661 0.5992960735622977 0.5986286598038294 0.597961246045361 0.5972938322868927
0.8599199326109417 0.8508128213000314 0.8417057099891212 0.832598598678211 0.8234914873673007 0.8143843760563905 0.8052772647454802 0.79617015343457 0.7870630421236442 0.777955930812734 0.7688488195018237 0.7597417081909136 0.7506345968800033 0.7415274855690931 0.7324203742581828 0.7233132629472726 0.7142061516363624 0.7050990403254521 0.6959919290145419 0.6868848177036316 0.6777777063927214 0.6686705950817957 0.6595634837708855 0.6504563724599752 0.641349261149065 0.6322421498381547 0.6231350385272445 0.6140279272163343 0.6088903899832865 0.607996417175896 0.6071024443685056 0.606208471561115 0.6053144987537246 0.6044205259463341 0.6035265531389421 0.6026325803315516 0.6017386075241612 0.6008446347167707 0.5999506619093803 0.5990566891019898 0.5981627162945994 0.5972687434872089 0.5963747706798184 0.5954807978724279
0.8739285031938097 0.8643738917214214 0.8548192802490333 0.8452646687766451 0.8357100573042568 0.8261554458318686 0.8166008343594804 0.8070462228870923 0.7974916114146877 0.7879369999422995 0.7783823884699114 0.7688277769975231 0.7592731655251349 0.7497185540527467 0.7401639425803586 0.7306093311079703 0.7210547196355821 0.7115001081631939 0.7019454966908056 0.6923908852184175 0.6828362737460293 0.6732816622736247 0.6637270508012365 0.6541724393288484 0.6446178278564602 0.6350632163840719 0.6255086049116838 0.6159539934392955 0.6104757413026538 0.6093552094463413 0.6082346775900287 0.6071141457337161 0.6059936138774035 0.6048730820210909 0.6037525501647765 0.6026320183084638 0.6015114864521512 0.6003909545958387 0.5992704227395261 0.5981498908832135 0.5970293590269009 0.5959088271705884 0.5947882953142758 0.5936677634579631
0.8879370737766776 0.8779349621428114 0.8679328505089452 0.8579307388750791 0.8479286272412129 0.8379265156073468 0.8279244039734805 0.8179222923396143 0.8079201807057311 0.797918069071865 0.7879159574379988 0.7779138458041326 0.7679117341702665 0.7579096225364004 0.7479075109025342 0.7379053992686679 0.7279032876348018 0.7179011760009356 0.7078990643670695 0.6978969527332033 0.6878948410993371 0.6778927294654539 0.6678906178315878 0.6578885061977215 0.6478863945638553 0.6378842829299892 0.627882171296123 0.6178800596622569 0.6120610926220212 0.6107140017167866 0.6093669108115518 0.6080198199063171 0.6066727290010825 0.6053256380958477 0.6039785471906107 0.6026314562853761 0.6012843653801414 0.5999372744749066 0.598590183569672 0.5972430926644372 0.5958960017592025 0.5945489108539679 0.5932018199487331 0.5918547290434985
0.9019456443595456 0.8914960325642015 0.8810464207688573 0.8705968089735132 0.860147197178169 0.8496975853828249 0.8392479735874807 0.8287983617921366 0.8183487499967746 0.8078991382014306 0.7974495264060864 0.7869999146107423 0.7765503028153982 0.766100691020054 0.7556510792247098 0.7452014674293657 0.7347518556340216 0.7243022438386774 0.7138526320433333 0.7034030202479891 0.692953408452645 0.682503796657283 0.6720541848619388 0.6616045730665947 0.6511549612712506 0.6407053494759065 0.6302557376805623 0.6198061258852181 0.6136464439413887 0.6120727939872318 0.610499144033075 0.6089254940789182 0.6073518441247614 0.6057781941706045 0.6042045442164451 0.6026308942622882 0.6010572443081315 0.5994835943539746 0.5979099443998178 0.5963362944456609 0.5947626444915042 0.5931889945373473 0.5916153445831905 0.5900416946290337
0.9159542149424256 0.905057102985603 0.8941599910287805 0.8832628790719581 0.8723657671151356 0.8614686551583131 0.8505715432014906 0.8396744312446681 0.828777319287827 0.8178802073310045 0.8069830953741821 0.7960859834173596 0.7851888714605371 0.7742917595037145 0.7633946475468921 0.7524975355900696 0.7416004236332471 0.7307033116764245 0.7198061997196021 0.7089090877627796 0.6980119758059571 0.687114863849116 0.6762177518922936 0.6653206399354711 0.6544235279786486 0.6435264160218261 0.6326293040650036 0.6217321921081811 0.6152317952607574 0.6134315862576782 0.6116313772545992 0.6098311682515201 0.6080309592484409 0.6062307502453618 0.6044305412422796 0.6026303322392005 0.6008301232361213 0.5990299142330422 0.5972297052299631 0.5954294962268839 0.5936292872238048 0.5918290782207256 0.5900288692176465 0.5882286602145674
0.9299627855252935 0.9186181734069931 0.9072735612886926 0.8959289491703922 0.8845843370520917 0.8732397249337913 0.8618951128154908 0.8505505006971904 0.8392058885788706 0.8278612764605702 0.8165166643422697 0.8051720522239691 0.7938274401056687 0.7824828279873683 0.7711382158690678 0.7597936037507673 0.7484489916324669 0.7371043795141665 0.725759767395866 0.7144151552775655 0.7030705431592651 0.6917259310409453 0.6803813189226449 0.6690367068043443 0.6576920946860438 0.6463474825677434 0.635002870449443 0.6236582583311425 0.6168171465801249 0.6147903785281237 0.6127636104761224 0.6107368424241212 0.6087100743721199 0.6066833063201187 0.6046565382681139 0.6026297702161126 0.6006030021641114 0.5985762341121101 0.596549466060109 0.5945226980081076 0.5924959299561064 0.5904691619041051 0.588442393852104 0.5864156258001026
0.9439713561081616 0.9321792438283831 0.9203871315486047 0.9085950192688264 0.8968029069890479 0.8850107947092695 0.8732186824294911 0.8614265701497126 0.8496344578699141 0.8378423455901356 0.8260502333103572 0.8142581210305788 0.8024660087508003 0.7906738964710219 0.7788817841912435 0.767089671911465 0.7552975596316867 0.7435054473519083 0.7317133350721298 0.7199212227923514 0.7081291105125729 0.6963369982327744 0.684544885952996 0.6727527736732175 0.6609606613934391 0.6491685491136607 0.6373764368338823 0.6255843245541038 0.6184024978994923 0.6161491707985689 0.6138958436976456 0.6116425165967222 0.6093891894957988 0.6071358623948755 0.6048825352939482 0.6026292081930249 0.6003758810921015 0.5981225539911781 0.5958692268902548 0.5936158997893314 0.591362572688408 0.5891092455874847 0.5868559184865613 0.5846025913856379
0.9579799266910296 0.9457403142497732 0.9335007018085169 0.9212610893672604 0.909021476926004 0.8967818644847476 0.8845422520434912 0.8723026396022349 0.8600630271609575 0.8478234147197011 0.8355838022784448 0.8233441898371884 0.811104577395932 0.7988649649546755 0.7866253525134193 0.7743857400721628 0.7621461276309064 0.74990651518965 0.7376669027483935 0.7254272903071373 0.7131876778658808 0.7009480654246035 0.6887084529833472 0.6764688405420907 0.6642292281008344 0.6519896156595779 0.6397500032183215 0.6275103907770652 0.6199878492188597 0.6175079630690142 0.6150280769191687 0.6125481907693232 0.6100683046194777 0.6075884184696323 0.6051085323197826 0.602628646169937 0.6001487600200915 0.5976688738702461 0.5951889877204006 0.5927091015705551 0.5902292154207096 0.5877493292708642 0.5852694431210187 0.5827895569711732
0.9719884972738975 0.9593013846711631 0.9466142720684287 0.9339271594656944 0.92124004686296 0.9085529342602257 0.8958658216574913 0.8831787090547569 0.870491596452001 0.8578044838492667 0.8451173712465323 0.8324302586437979 0.8197431460410636 0.8070560334383292 0.7943689208355948 0.7816818082328605 0.7689946956301261 0.7563075830273918 0.7436204704246574 0.730933357821923 0.7182462452191887 0.7055591326164327 0.6928720200136983 0.6801849074109639 0.6674977948082296 0.6548106822054952 0.6421235696027608 0.6294364570000265 0.6215732005382271 0.6188667553394595 0.6161603101406918 0.6134538649419242 0.6107474197431567 0.6080409745443891 0.6053345293456168 0.6026280841468492 0.5999216389480816 0.597215193749314 0.5945087485505465 0.5918023033517789 0.5890958581530112 0.5863894129542436 0.583682967755476 0.5809765225567084
0.9859970678567656 0.9728624550925532 0.9597278423283409 0.9465932295641285 0.9334586167999162 0.9203240040357039 0.9071893912714916 0.8940547785072792 0.8809201657430445 0.8677855529788321 0.8546509402146198 0.8415163274504075 0.8283817146861951 0.8152471019219828 0.8021124891577704 0.7889778763935582 0.7758432636293459 0.7627086508651335 0.7495740381009212 0.7364394253367088 0.7233048125724966 0.7101701998082618 0.6970355870440494 0.6839009742798371 0.6707663615156247 0.6576317487514125 0.6444971359872 0.6313625232229878 0.6231585518575945 0.6202255476099048 0.6172925433622151 0.6143595391145253 0.6114265348668356 0.6084935306191459 0.6055605263714512 0.6026275221237615 0.5996945178760718 0.596761513628382 0.5938285093806923 0.5908955051330026 0.5879625008853129 0.5850294966376232 0.5820964923899334 0.5791634881422437
1.0000056384396336 0.9864235255139433 0.972841412588253 0.9592592996625626 0.9456771867368723 0.9320950738111821 0.9185129608854917 0.9049308479598015 0.891348735034088 0.8777666221083977 0.8641845091827074 0.8506023962570171 0.8370202833313267 0.8234381704056365 0.8098560574799462 0.7962739445542559 0.7826918316285656 0.7691097187028753 0.7555276057771849 0.7419454928514946 0.7283633799258044 0.7147812670000909 0.7011991540744006 0.6876170411487104 0.67403492822302 0.6604528152973297 0.6468707023716394 0.633288589445949 0.6247439031769618 0.62158433988035 0.6184247765837382 0.6152652132871264 0.6121056499905145 0.6089460866939027 0.6057865233972854 0.6026269601006736 0.5994673968040618 0.59630783350745 0.5931482702108382 0.5899887069142262 0.5868291436176144 0.5836695803210026 0.5805100170243908 0.5773504537277789
1.0140142090225135 0.9999845959353448 0.9859549828481762 0.9719253697610075 0.9578957566738389 0.9438661435866703 0.9298365304995017 0.915806917412333 0.9017773043251404 0.8877476912379718 0.8737180781508032 0.8596884650636345 0.8456588519764658 0.8316292388892972 0.8175996258021285 0.8035700127149599 0.7895403996277912 0.7755107865406226 0.7614811734534539 0.7474515603662852 0.7334219472791166 0.719392334191924 0.7053627211047554 0.6913331080175867 0.6773034949304181 0.6632738818432494 0.6492442687560809 0.6352146556689122 0.6263292544963307 0.6229431321507966 0.6195570098052624 0.6161708874597283 0.6127847651141941 0.60939864276866 0.60601252042312 0.6026263980775859 0.5992402757320517 0.5958541533865176 0.5924680310409834 0.5890819086954493 0.5856957863499151 0.582309664004381 0.5789235416588469 0.5755374193133127
