Figures/CREST_Example_wjb_NSE/PETs/wjb.pet.20090410.asc
ncols            288
nrows            254
xllcorner        113.274861
yllcorner        31.4918055
cellsize         0.008333333333
NODATA_value     -9999
[rows 100 to 119 of 254, columns 44 to 87 of 288]
2.284530045136369 2.2901213632942614 2.2957126814521533 2.3013039996100457 2.3068953177679377 2.31248663592583 2.3180779540837224 2.3236692722416143 2.329260590399516 2.3348519085574084 2.340443226715301 2.3460345448731927 2.351625863031085 2.3572171811889775 2.3628084993468694 2.368399817504762 2.3739911356626537 2.379582453820546 2.3851737719784385 2.3907650901363304 2.396356408294223 2.4019477264521245 2.407539044610017 2.413130362767909 2.418721680925801 2.4243129990836936 2.4299043172415855 2.435495635399478 2.4423394093204296 2.45052208676518 2.45870476420993 2.46688744165468 2.4750701190994304 2.4832527965441806 2.4914354739889446 2.499618151433695 2.507800828878445 2.5159835063231952 2.5241661837679454 2.5323488612126956 2.540531538657446 2.548714216102196 2.5568968935469463 2.5650795709916965
2.280463926589547 2.2861171503743707 2.2917703741591944 2.2974235979440185 2.303076821728842 2.308730045513666 2.3143832692984896 2.3200364930833133 2.3256897168681467 2.3313429406529704 2.336996164437794 2.342649388222618 2.3483026120074415 2.3539558357922656 2.3596090595770893 2.365262283361913 2.3709155071467367 2.3765687309315604 2.382221954716384 2.387875178501208 2.3935284022860315 2.399181626070865 2.4048348498556886 2.4104880736405123 2.4161412974253365 2.42179452121016 2.427447744994984 2.4331009687798075 2.4400131068615902 2.448271052785912 2.456528998710234 2.464786944634556 2.473044890558878 2.4813028364832 2.489560782407536 2.497818728331858 2.50607667425618 2.514334620180502 2.522592566104824 2.530850512029146 2.5391084579534677 2.5473664038777897 2.5556243498021116 2.5638822957264336
2.276397808042725 2.2821129374544804 2.287828066866236 2.293543196277991 2.2992583256897463 2.3049734551015018 2.3106885845132568 2.316403713925012 2.3221188433367774 2.3278339727485324 2.333549102160288 2.3392642315720433 2.3449793609837983 2.350694490395554 2.3564096198073092 2.3621247492190642 2.3678398786308197 2.373555008042575 2.37927013745433 2.3849852668660856 2.390700396277841 2.396415525689606 2.4021306551013613 2.4078457845131167 2.4135609139248717 2.419276043336627 2.4249911727483826 2.4307063021601376 2.4376868044027518 2.4460200188066454 2.454353233210539 2.462686447614433 2.4710196620183265 2.47935287642222 2.487686090826128 2.4960193052300217 2.5043525196339154 2.512685734037809 2.5210189484417027 2.5293521628455964 2.53768537724949 2.5460185916533837 2.5543518060572774 2.562685020461171
2.2723316894959034 2.27810872453459 2.283885759573277 2.2896627946119636 2.2954398296506504 2.301216864689337 2.3069938997280244 2.312770934766711 2.3185479698054077 2.3243250048440944 2.330102039882781 2.3358790749214684 2.341656109960155 2.347433144998842 2.3532101800375287 2.3589872150762154 2.3647642501149027 2.3705412851535894 2.376318320192276 2.382095355230963 2.3878723902696497 2.3936494253083467 2.3994264603470334 2.40520349538572 2.410980530424407 2.4167575654630937 2.4225346005017805 2.4283116355404677 2.4353605019439124 2.443768984827378 2.452177467710843 2.460585950594309 2.4689944334777745 2.47740291636124 2.4858113992447195 2.494219882128185 2.5026283650116503 2.5110368478951157 2.519445330778581 2.5278538136620465 2.536262296545512 2.5446707794289773 2.5530792623124428 2.561487745195908
2.2682655709490813 2.2741045116146994 2.279943452280318 2.2857823929459364 2.2916213336115545 2.297460274277173 2.3032992149427916 2.3091381556084096 2.3149770962740384 2.3208160369396564 2.326654977605275 2.3324939182708935 2.3383328589365115 2.34417179960213 2.3500107402677486 2.3558496809333667 2.361688621598985 2.3675275622646037 2.3733665029302218 2.3792054435958403 2.385044384261459 2.390883324927087 2.3967222655927056 2.4025612062583237 2.408400146923942 2.4142390875895607 2.420078028255179 2.4259169689207973 2.4330341994850735 2.4415179508481106 2.4500017022111478 2.458485453574185 2.466969204937222 2.475452956300259 2.483936707663311 2.492420459026348 2.5009042103893853 2.5093879617524224 2.5178717131154595 2.5263554644784967 2.534839215841534 2.543322967204571 2.551806718567608 2.5602904699306452
2.2641994524022553 2.2701002986948056 2.2760011449873554 2.2819019912799052 2.2878028375724555 2.2937036838650053 2.299604530157555 2.3055053764501054 2.3114062227426655 2.3173070690352153 2.323207915327765 2.3291087616203154 2.3350096079128653 2.3409104542054155 2.3468113004979654 2.352712146790515 2.3586129930830655 2.3645138393756153 2.370414685668165 2.3763155319607154 2.3822163782532653 2.3881172245458253 2.394018070838375 2.3999189171309254 2.4058197634234753 2.411720609716025 2.4176214560085754 2.423522302301125 2.430707897026233 2.4392669168688417 2.4478259367114505 2.4563849565540594 2.4649439763966683 2.4735029962392776 2.482062016081901 2.49062103592451 2.499180055767119 2.5077390756097278 2.516298095452337 2.524857115294946 2.533416135137555 2.5419751549801637 2.5505341748227726 2.559093194665382
2.2601333338554332 2.266096085774915 2.2720588376943964 2.278021589613878 2.2839843415333596 2.289947093452841 2.295909845372323 2.301872597291804 2.3078353492112957 2.3137981011307773 2.319760853050259 2.3257236049697405 2.331686356889222 2.3376491088087037 2.343611860728185 2.3495746126476664 2.355537364567148 2.3615001164866296 2.367462868406111 2.373425620325593 2.3793883722450744 2.3853511241645657 2.3913138760840473 2.397276628003529 2.4032393799230105 2.409202131842492 2.4151648837619737 2.421127635681455 2.4283815945673934 2.437015882889574 2.445650171211755 2.4542844595339357 2.4629187478561163 2.471553036178297 2.4801873245004926 2.4888216128226732 2.497455901144854 2.5060901894670344 2.5147244777892155 2.523358766111396 2.5319930544335767 2.5406273427557573 2.5492616310779384 2.557895919400119
2.2560672153086117 2.2620918728550246 2.2681165304014375 2.274141187947851 2.2801658454942637 2.2861905030406766 2.29221516058709 2.298239818133503 2.3042644756799264 2.3102891332263393 2.3163137907727522 2.3223384483191656 2.3283631058655785 2.334387763411992 2.3404124209584047 2.3464370785048176 2.352461736051231 2.358486393597644 2.364511051144057 2.37053570869047 2.376560366236883 2.3825850237833066 2.3886096813297195 2.3946343388761324 2.4006589964225458 2.4066836539689587 2.4127083115153716 2.418732969061785 2.4260552921085545 2.434764848910307 2.443474405712059 2.452183962513812 2.4608935193155643 2.4696030761173167 2.478312632919084 2.4870221897208364 2.495731746522589 2.5044413033243416 2.513150860126094 2.5218604169278462 2.5305699737295986 2.5392795305313514 2.5479890873331037 2.556698644134856
2.2520010967617896 2.2580876599351343 2.264174223108479 2.2702607862818236 2.2763473494551683 2.2824339126285125 2.288520475801857 2.294607038975202 2.3006936021485567 2.3067801653219013 2.312866728495246 2.3189532916685907 2.3250398548419353 2.33112641801528 2.3372129811886246 2.3432995443619693 2.349386107535314 2.3554726707086586 2.3615592338820033 2.3676457970553475 2.373732360228692 2.3798189234020475 2.3859054865753917 2.3919920497487364 2.398078612922081 2.4041651760954257 2.4102517392687703 2.416338302442115 2.4237289896497156 2.43251381493104 2.441298640212364 2.4500834654936883 2.4588682907750123 2.467653116056337 2.476437941337676 2.485222766619 2.494007591900324 2.5027924171816482 2.5115772424629728 2.520362067744297 2.529146893025621 2.537931718306945 2.5467165435882695 2.5555013688695936
2.247934978214967 2.2540834470152435 2.2602319158155195 2.2663803846157955 2.272528853416072 2.278677322216348 2.2848257910166243 2.2909742598169003 2.297122728617187 2.3032711974174633 2.3094196662177393 2.3155681350180157 2.3217166038182917 2.327865072618568 2.334013541418844 2.34016201021912 2.3463104790193965 2.3524589478196725 2.358607416619949 2.364755885420225 2.3709043542205013 2.377052823020788 2.383201291821064 2.3893497606213403 2.3954982294216163 2.4016466982218923 2.4077951670221687 2.4139436358224446 2.4214026871908767 2.4302627809517725 2.4391228747126683 2.4479829684735646 2.4568430622344604 2.465703155995356 2.4745632497562675 2.4834233435171633 2.492283437278059 2.501143531038955 2.510003624799851 2.518863718560747 2.527723812321643 2.536583906082539 2.545443999843435 2.5543040936043306
2.243868859668145 2.250079234095353 2.2562896085225606 2.2624999829497683 2.268710357376976 2.2749207318041837 2.2811311062313915 2.287341480658599 2.2935518550858176 2.2997622295130253 2.305972603940233 2.312182978367441 2.3183933527946485 2.324603727221856 2.3308141016490636 2.3370244760762713 2.343234850503479 2.3494452249306867 2.3556555993578945 2.361865973785102 2.36807634821231 2.3742867226395283 2.380497097066736 2.386707471493944 2.3929178459211515 2.3991282203483593 2.405338594775567 2.4115489692027747 2.4190763847320373 2.4280117469725053 2.436947109212973 2.4458824714534404 2.4548178336939084 2.463753195934376 2.472688558174859 2.4816239204153265 2.490559282655794 2.499494644896262 2.5084300071367296 2.517365369377197 2.526300731617665 2.5352360938581326 2.5441714560986 2.553106818339068
2.23980274112132 2.246075021175459 2.2523473012295985 2.258619581283738 2.264891861337877 2.2711641413920165 2.2774364214461555 2.283708701500295 2.289980981554445 2.2962532616085842 2.3025255416627237 2.3087978217168628 2.3150701017710023 2.3213423818251417 2.327614661879281 2.3338869419334203 2.3401592219875593 2.346431502041699 2.352703782095838 2.3589760621499773 2.365248342204117 2.3715206222582665 2.377792902312406 2.384065182366545 2.3903374624206846 2.396609742474824 2.402882022528963 2.4091543025831026 2.4167500822731967 2.425760712993236 2.4347713437132756 2.443781974433315 2.4527926051533546 2.461803235873394 2.4708138665934487 2.4798244973134884 2.4888351280335277 2.4978457587535674 2.5068563894736067 2.5158670201936464 2.5248776509136857 2.5338882816337254 2.5428989123537646 2.5519095430738044
2.235736622574498 2.2420708082555687 2.2484049939366395 2.2547391796177103 2.261073365298781 2.267407550979852 2.273741736660923 2.280075922341994 2.2864101080230754 2.2927442937041462 2.299078479385217 2.305412665066288 2.3117468507473586 2.3180810364284294 2.3244152221095007 2.3307494077905715 2.3370835934716423 2.343417779152713 2.349751964833784 2.3560861505148547 2.3624203361959255 2.3687545218770074 2.375088707558078 2.381422893239149 2.38775707892022 2.3940912646012906 2.4004254502823614 2.4067596359634322 2.4144237798143573 2.4235096790139687 2.43259557821358 2.441681477413191 2.4507673766128026 2.4598532758124136 2.46893917501204 2.4780250742116516 2.487110973411263 2.496196872610874 2.5052827718104855 2.5143686710100965 2.523454570209708 2.532540469409319 2.5416263686089304 2.5507122678085414
2.231670504027676 2.2380665953356784 2.2444626866436805 2.250858777951683 2.2572548692596857 2.2636509605676878 2.2700470518756903 2.2764431431836925 2.282839234491706 2.2892353257997082 2.295631417107711 2.302027508415713 2.3084235997237155 2.3148196910317176 2.32121578233972 2.3276118736477227 2.334007964955725 2.3404040562637274 2.3468001475717295 2.353196238879732 2.3595923301877346 2.365988421495748 2.37238451280375 2.3787806041117525 2.385176695419755 2.391572786727757 2.3979688780357598 2.404364969343762 2.4120974773555184 2.4212586450347016 2.4304198127138843 2.4395809803930675 2.44874214807225 2.4579033157514334 2.467064483430632 2.476225651109815 2.485386818788998 2.4945479864681808 2.503709154147364 2.5128703218265467 2.52203148950573 2.5311926571849126 2.5403538248640958 2.549514992543279
2.2276043854808534 2.2340623824157877 2.2405203793507216 2.2469783762856554 2.2534363732205893 2.259894370155523 2.266352367090457 2.2728103640253914 2.2792683609603364 2.2857263578952702 2.292184354830204 2.298642351765138 2.305100348700072 2.3115583456350057 2.31801634256994 2.324474339504874 2.330932336439808 2.3373903333747417 2.3438483303096755 2.35030632724461 2.3567643241795437 2.3632223211144887 2.3696803180494226 2.3761383149843565 2.3825963119192903 2.389054308854224 2.3955123057891585 2.4019703027240924 2.40977117489668 2.4190076110554344 2.4282440472141893 2.4374804833729438 2.4467169195316987 2.455953355690453 2.4651897918492236 2.4744262280079785 2.483662664166733 2.492899100325488 2.502135536484243 2.5113719726429973 2.520608408801752 2.5298448449605067 2.5390812811192616 2.548317717278016
2.223538266934032 2.230058169495897 2.2365780720577626 2.2430979746196282 2.2496178771814934 2.256137779743359 2.2626576823052247 2.26917758486709 2.2756974874289666 2.2822173899908322 2.2887372925526974 2.295257195114563 2.3017770976764287 2.308297000238294 2.3148169028001595 2.321336805362025 2.3278567079238908 2.334376610485756 2.3408965130476216 2.347416415609487 2.3539363181713524 2.360456220733229 2.3669761232950948 2.37349602585696 2.3800159284188256 2.386535830980691 2.3930557335425564 2.399575636104422 2.4074448724378406 2.416756577076167 2.4260682817144934 2.43537998635282 2.4446916909911462 2.454003395629473 2.463315100267815 2.4726268049061417 2.4819385095444684 2.4912502141827946 2.500561918821121 2.5098736234594474 2.519185328097774 2.5284970327361003 2.537808737374427 2.5471204420127536
2.2194721483872097 2.2260539565760067 2.2326357647648036 2.2392175729536006 2.245799381142398 2.252381189331195 2.258962997519992 2.265544805708789 2.2721266138975973 2.2787084220863942 2.285290230275191 2.291872038463988 2.298453846652785 2.305035654841582 2.3116174630303794 2.3181992712191763 2.3247810794079733 2.3313628875967702 2.337944695785567 2.3445265039743646 2.3511083121631615 2.3576901203519696 2.3642719285407665 2.370853736729564 2.377435544918361 2.384017353107158 2.3905991612959547 2.3971809694847517 2.4051185699790016 2.4145055430968996 2.423892516214798 2.433279489332696 2.4426664624505943 2.4520534355684926 2.4614404086864066 2.470827381804305 2.4802143549222033 2.4896013280401013 2.4989883011579996 2.5083752742758976 2.517762247393796 2.5271492205116943 2.5365361936295923 2.5459231667474906
2.2154060298403877 2.2220497436561164 2.2286934574718447 2.2353371712875734 2.241980885103302 2.2486245989190303 2.255268312734759 2.2619120265504877 2.2685557403662275 2.2751994541819562 2.2818431679976845 2.288486881813413 2.295130595629142 2.30177430944487 2.308418023260599 2.3150617370763276 2.321705450892056 2.3283491647077845 2.3349928785235132 2.341636592339242 2.34828030615497 2.35492401997071 2.3615677337864387 2.3682114476021674 2.374855161417896 2.3814988752336244 2.388142589049353 2.3947863028650818 2.4027922675201623 2.4122545091176324 2.421716750715102 2.431178992312572 2.4406412339100423 2.450103475507512 2.459565717104998 2.469027958702468 2.4784902002999383 2.487952441897408 2.497414683494878 2.506876925092348 2.516339166689818 2.525801408287288 2.535263649884758 2.5447258914822277
2.21152331546158 2.2182070332286226 2.224890750995665 2.2315744687627075 2.23825818652975 2.2449419042967924 2.251625622063835 2.2583093398308773 2.2649930575979313 2.271676775364974 2.2783604931320163 2.2850442108990587 2.291727928666101 2.2984116464331437 2.305095364200186 2.3117790819672286 2.318462799734271 2.3251465175013135 2.331830235268356 2.3385139530353984 2.345197670802441 2.351881388569495 2.3585651063365374 2.36524882410358 2.3719325418706223 2.3786162596376648 2.3852999774047072 2.3919836951717497 2.4000246412653103 2.4095164951215007 2.4190083489776915 2.4285002028338822 2.4379920566900726 2.4474839105462634 2.45697576440247 2.466467618258661 2.4759594721148512 2.485451325971042 2.4949431798272323 2.504435033683423 2.513926887539614 2.5234187413958042 2.532910595251995 2.5424024491081854
2.207836648576019 2.2145369587838895 2.2212372689917603 2.2279375791996308 2.2346378894075016 2.241338199615372 2.248038509823243 2.2547388200311134 2.2614391302389953 2.268139440446866 2.2748397506547366 2.2815400608626075 2.288240371070478 2.294940681278349 2.3016409914862193 2.30834130169409 2.3150416119019606 2.3217419221098314 2.328442232317702 2.3351425425255727 2.3418428527334436 2.3485431629413256 2.355243473149196 2.361943783357067 2.3686440935649373 2.375344403772808 2.3820447139806786 2.3887450241885495 2.396785267694946 2.4062579301880773 2.4157305926812085 2.4252032551743397 2.434675917667471 2.444148580160602 2.4536212426537496 2.4630939051468808 2.472566567640012 2.482039230133143 2.4915118926262743 2.5009845551194054 2.5104572176125366 2.5199298801056678 2.529402542598799 2.53887520509193
