Figures/CREST_Example_wjb_NSE/PETs/wjb.pet.20101019.asc
ncols            288
nrows            254
xllcorner        113.274861
yllcorner        31.4918055
cellsize         0.008333333333
NODATA_value     -9999
[rows 100 to 119 of 254, columns 132 to 175 of 288]
1.6218106084688806 1.6205843282703798 1.6193580480718792 1.6181317678733784 1.6169054876748779 1.615679207476377 1.6144529272778765 1.6132266470793757 1.6120003668808751 1.6107740866823743 1.6095478064838737 1.608321526285371 1.6070952460868702 1.6058689658883696 1.6046426856898688 1.6034164054913682 1.6021901252928674 1.6009638450943668 1.599737564895866 1.5985112846973655 1.5972850044988647 1.596058724300364 1.5948324441018633 1.5936061639033627 1.59237988370486 1.5911536035063591 1.5899273233078586 1.5887010431093578 1.5874747629108572 1.5862484827123564 1.585822418537538 1.5862518033940973 1.5866811882506568 1.5871105731072164 1.587539957963776 1.5879693428203352 1.5883987276768947 1.588828112533455 1.5892574973900144 1.589686882246574 1.5901162671031335 1.5905456519596928 1.5909750368162523 1.5914044216728118
1.6223021397821618 1.621138214754202 1.619974289726242 1.6188103646982819 1.617646439670322 1.616482514642362 1.6153185896144022 1.6141546645864422 1.6129907395584822 1.6118268145305223 1.6106628895025623 1.6094989644746003 1.6083350394466405 1.6071711144186804 1.6060071893907204 1.6048432643627606 1.6036793393348006 1.6025154143068407 1.6013514892788807 1.6001875642509207 1.5990236392229609 1.5978597141950008 1.5966957891670408 1.595531864139081 1.594367939111119 1.5932040140831591 1.5920400890551991 1.590876164027239 1.5897122389992793 1.5885483139713192 1.5881564518816174 1.5885899425381111 1.589023433194605 1.5894569238510985 1.5898904145075923 1.590323905164086 1.5907573958205798 1.5911908864770743 1.5916243771335679 1.5920578677900616 1.5924913584465554 1.592924849103049 1.5933583397595428 1.5937918304160366
1.6227936710954434 1.621692101238024 1.6205905313806048 1.6194889615231856 1.6183873916657665 1.6172858218083472 1.616184251950928 1.6150826820935087 1.6139811122360894 1.6128795423786702 1.611777972521251 1.6106764026638298 1.6095748328064106 1.6084732629489915 1.6073716930915722 1.606270123234153 1.6051685533767337 1.6040669835193144 1.6029654136618952 1.601863843804476 1.6007622739470568 1.5996607040896376 1.5985591342322183 1.597457564374799 1.596355994517378 1.5952544246599587 1.5941528548025394 1.5930512849451202 1.5919497150877011 1.5908481452302818 1.5904904852256967 1.5909280816821245 1.5913656781385526 1.5918032745949806 1.5922408710514087 1.5926784675078365 1.5931160639642645 1.5935536604206932 1.5939912568771213 1.5944288533335491 1.5948664497899772 1.5953040462464052 1.5957416427028333 1.596179239159261
1.6232852024087248 1.6222459877218462 1.6212067730349677 1.6201675583480892 1.6191283436612107 1.6180891289743322 1.6170499142874537 1.6160106996005752 1.6149714849136967 1.6139322702268182 1.6128930555399397 1.6118538408530594 1.6108146261661809 1.6097754114793024 1.6087361967924239 1.6076969821055453 1.6066577674186668 1.6056185527317883 1.6045793380449098 1.6035401233580313 1.6025009086711528 1.601461693984274 1.6004224792973956 1.599383264610517 1.5983440499236368 1.5973048352367583 1.5962656205498797 1.5952264058630012 1.5941871911761227 1.5931479764892442 1.5928245185697758 1.5932662208261381 1.5937079230825004 1.5941496253388625 1.5945913275952248 1.5950330298515871 1.5954747321079492 1.5959164343643124 1.5963581366206745 1.5967998388770368 1.5972415411333991 1.5976832433897612 1.5981249456461235 1.5985666479024858
1.6237767337220061 1.6227998742056684 1.6218230146893307 1.620846155172993 1.6198692956566552 1.6188924361403172 1.6179155766239794 1.6169387171076417 1.615961857591304 1.6149849980749662 1.6140081385586285 1.613031279042289 1.6120544195259512 1.6110775600096134 1.6101007004932755 1.6091238409769377 1.6081469814606 1.6071701219442622 1.6061932624279245 1.6052164029115865 1.6042395433952488 1.603262683878911 1.6022858243625733 1.6013089648462355 1.600332105329896 1.5993552458135583 1.5983783862972205 1.5974015267808828 1.5964246672645448 1.595447807748207 1.5951585519138554 1.5956043599701517 1.5960501680264483 1.5964959760827448 1.5969417841390412 1.5973875921953378 1.5978334002516343 1.5982792083079316 1.5987250163642281 1.5991708244205245 1.599616632476821 1.6000624405331174 1.600508248589414 1.6009540566457106
1.624268265035288 1.623353760689491 1.622439256343694 1.621524751997897 1.6206102476521 1.619695743306303 1.6187812389605059 1.6178667346147089 1.6169522302689119 1.616037725923115 1.615123221577318 1.6142087172315194 1.6132942128857224 1.6123797085399254 1.6114652041941284 1.6105506998483312 1.6096361955025342 1.6087216911567372 1.6078071868109403 1.6068926824651433 1.6059781781193463 1.6050636737735493 1.6041491694277523 1.6032346650819551 1.6023201607361566 1.6014056563903596 1.6004911520445626 1.5995766476987656 1.5986621433529686 1.5977476390071716 1.5974925852579365 1.5979424991141673 1.5983924129703981 1.5988423268266287 1.5992922406828596 1.5997421545390904 1.600192068395321 1.6006419822515527 1.6010918961077834 1.6015418099640142 1.601991723820245 1.6024416376764756 1.6028915515327065 1.6033414653889373
1.6247597963485696 1.6239076471733134 1.623055497998057 1.6222033488228007 1.6213511996475445 1.620499050472288 1.6196469012970318 1.6187947521217756 1.6179426029465194 1.617090453771263 1.6162383045960067 1.615386155420749 1.6145340062454927 1.6136818570702365 1.61282970789498 1.6119775587197238 1.6111254095444676 1.6102732603692111 1.609421111193955 1.6085689620186987 1.6077168128434425 1.606864663668186 1.6060125144929298 1.6051603653176736 1.6043082161424158 1.6034560669671596 1.6026039177919031 1.601751768616647 1.6008996194413907 1.6000474702661343 1.599826618602016 1.6002806382581811 1.600734657914346 1.601188677570511 1.601642697226676 1.602096716882841 1.6025507365390061 1.603004756195172 1.603458775851337 1.6039127955075019 1.604366815163667 1.6048208348198318 1.605274854475997 1.605728874132162
1.625251327661851 1.6244615336571353 1.6236717396524198 1.6228819456477042 1.6220921516429887 1.621302357638273 1.6205125636335576 1.6197227696288419 1.6189329756241264 1.6181431816194107 1.6173533876146953 1.6165635936099783 1.6157737996052628 1.6149840056005473 1.6141942115958317 1.6134044175911162 1.6126146235864005 1.611824829581685 1.6110350355769694 1.610245241572254 1.6094554475675382 1.6086656535628228 1.607875859558107 1.6070860655533916 1.6062962715486746 1.6055064775439591 1.6047166835392437 1.603926889534528 1.6031370955298125 1.6023473015250969 1.6021606519460951 1.6026187774021945 1.6030769028582939 1.603535028314393 1.6039931537704923 1.6044512792265917 1.6049094046826908 1.6053675301387909 1.6058256555948902 1.6062837810509896 1.6067419065070887 1.607200031963188 1.6076581574192874 1.6081162828753865
1.6257428589751322 1.6250154201409575 1.6242879813067825 1.6235605424726076 1.622833103638433 1.622105664804258 1.621378225970083 1.6206507871359084 1.6199233483017335 1.6191959094675588 1.6184684706333838 1.6177410317992078 1.6170135929650329 1.616286154130858 1.6155587152966833 1.6148312764625083 1.6141038376283336 1.6133763987941587 1.6126489599599838 1.611921521125809 1.6111940822916342 1.6104666434574593 1.6097392046232846 1.6090117657891096 1.6082843269549336 1.6075568881207587 1.606829449286584 1.606102010452409 1.6053745716182344 1.6046471327840595 1.6044946852901745 1.604956916546208 1.6054191478022415 1.605881379058275 1.6063436103143085 1.6068058415703421 1.6072680728263757 1.60773030408241 1.6081925353384436 1.608654766594477 1.6091169978505107 1.609579229106544 1.6100414603625777 1.6105036916186113
1.6262343902884138 1.6255693066247796 1.6249042229611455 1.6242391392975115 1.6235740556338774 1.6229089719702432 1.622243888306609 1.6215788046429749 1.620913720979341 1.6202486373157068 1.6195835536520726 1.6189184699884374 1.6182533863248032 1.617588302661169 1.616923218997535 1.616258135333901 1.6155930516702668 1.6149279680066326 1.6142628843429985 1.6135978006793645 1.6129327170157304 1.6122676333520962 1.611602549688462 1.610937466024828 1.6102723823611929 1.6096072986975587 1.6089422150339245 1.6082771313702904 1.6076120477066562 1.6069469640430223 1.606828718634254 1.6072950556902217 1.6077613927461896 1.6082277298021572 1.608694066858125 1.6091604039140928 1.6096267409700606 1.6100930780260292 1.6105594150819968 1.6110257521379647 1.6114920891939326 1.6119584262499003 1.6124247633058681 1.6128911003618358
1.6267259216016952 1.6261231931086018 1.6255204646155084 1.624917736122415 1.6243150076293216 1.6237122791362282 1.6231095506431348 1.6225068221500414 1.621904093656948 1.6213013651638546 1.6206986366707612 1.6200959081776667 1.6194931796845733 1.61889045119148 1.6182877226983865 1.617684994205293 1.6170822657122 1.6164795372191065 1.6158768087260131 1.6152740802329197 1.6146713517398263 1.614068623246733 1.6134658947536396 1.6128631662605462 1.6122604377674516 1.6116577092743583 1.6110549807812649 1.6104522522881715 1.609849523795078 1.6092467953019847 1.6091627519783331 1.6096331948342353 1.6101036376901372 1.6105740805460393 1.6110445234019413 1.6115149662578434 1.6119854091137453 1.6124558519696481 1.6129262948255503 1.6133967376814524 1.6138671805373543 1.6143376233932565 1.6148080662491584 1.6152785091050605
1.627217452914977 1.6266770795924244 1.626136706269872 1.6255963329473193 1.6250559596247667 1.624515586302214 1.6239752129796614 1.6234348396571088 1.6228944663345561 1.6223540930120035 1.6218137196894509 1.6212733463668973 1.6207329730443447 1.6201925997217923 1.6196522263992397 1.619111853076687 1.6185714797541344 1.6180311064315818 1.6174907331090291 1.6169503597864765 1.6164099864639239 1.6158696131413712 1.6153292398188186 1.614788866496266 1.6142484931737124 1.61370811985116 1.6131677465286074 1.6126273732060548 1.6120869998835021 1.6115466265609495 1.6114967853224147 1.6119713339782509 1.6124458826340873 1.6129204312899235 1.6133949799457599 1.613869528601596 1.6143440772574325 1.6148186259132695 1.6152931745691057 1.615767723224942 1.6162422718807785 1.6167168205366147 1.617191369192451 1.6176659178482873
1.6277089842282584 1.6272309660762465 1.6267529479242346 1.6262749297722228 1.625796911620211 1.625318893468199 1.6248408753161871 1.6243628571641753 1.6238848390121632 1.6234068208601513 1.6229288027081394 1.622450784556127 1.621972766404115 1.621494748252103 1.621016730100091 1.6205387119480792 1.6200606937960673 1.6195826756440554 1.6191046574920436 1.6186266393400317 1.6181486211880198 1.617670603036008 1.617192584883996 1.6167145667319842 1.6162365485799715 1.6157585304279596 1.6152805122759477 1.6148024941239358 1.614324475971924 1.613846457819912 1.6138308186664938 1.6143094731222645 1.614788127578035 1.6152667820338056 1.615745436489576 1.6162240909453467 1.6167027454011171 1.6171813998568885 1.6176600543126591 1.6181387087684298 1.6186173632242002 1.619096017679971 1.6195746721357414 1.620053326591512
1.62820051554154 1.6277848525600689 1.6273691895785976 1.6269535265971264 1.6265378636156553 1.6261222006341842 1.625706537652713 1.6252908746712418 1.6248752116897707 1.6244595487082996 1.6240438857268282 1.6236282227453565 1.6232125597638853 1.622796896782414 1.622381233800943 1.6219655708194718 1.6215499078380007 1.6211342448565293 1.6207185818750582 1.6203029188935871 1.619887255912116 1.6194715929306447 1.6190559299491736 1.6186402669677025 1.6182246039862307 1.6178089410047594 1.6173932780232883 1.6169776150418171 1.616561952060346 1.6161462890788747 1.6161648520105734 1.616647612266278 1.617130372521983 1.6176131327776877 1.6180958930333926 1.6185786532890973 1.6190614135448023 1.6195441738005079 1.6200269340562126 1.6205096943119175 1.6209924545676222 1.6214752148233271 1.6219579750790318 1.6224407353347368
1.6286920468548212 1.6283387390438908 1.6279854312329605 1.62763212342203 1.6272788156110995 1.626925507800169 1.6265721999892386 1.6262188921783083 1.6258655843673777 1.6255122765564474 1.6251589687455168 1.6248056609345858 1.6244523531236554 1.6240990453127249 1.6237457375017945 1.6233924296908642 1.6230391218799336 1.6226858140690033 1.6223325062580727 1.6219791984471423 1.6216258906362118 1.6212725828252814 1.620919275014351 1.6205659672034205 1.6202126593924895 1.6198593515815591 1.6195060437706286 1.6191527359596982 1.6187994281487676 1.6184461203378373 1.6184988853546525 1.6189857514102917 1.6194726174659306 1.6199594835215698 1.6204463495772088 1.620933215632848 1.621420081688487 1.6219069477441268 1.622393813799766 1.622880679855405 1.6233675459110442 1.6238544119666831 1.6243412780223223 1.6248281440779613
1.6291835781681028 1.628892625527713 1.6286016728873234 1.6283107202469336 1.628019767606544 1.6277288149661542 1.6274378623257644 1.6271469096853748 1.626855957044985 1.6265650044045954 1.6262740517642056 1.6259830991238153 1.6256921464834255 1.625401193843036 1.6251102412026461 1.6248192885622565 1.6245283359218667 1.624237383281477 1.6239464306410873 1.6236554780006975 1.623364525360308 1.6230735727199181 1.6227826200795283 1.6224916674391388 1.6222007147987485 1.6219097621583587 1.621618809517969 1.6213278568775793 1.6210369042371895 1.6207459515968 1.6208329186987318 1.621323890554305 1.6218148624098785 1.6223058342654517 1.6227968061210252 1.6232877779765984 1.6237787498321719 1.624269721687746 1.6247606935433192 1.6252516653988927 1.6257426372544659 1.6262336091100393 1.6267245809656126 1.627215552821186
1.6296751094813842 1.6294465120115351 1.629217914541686 1.6289893170718373 1.6287607196019882 1.6285321221321392 1.6283035246622901 1.6280749271924413 1.6278463297225922 1.6276177322527432 1.6273891347828942 1.6271605373130449 1.6269319398431958 1.6267033423733468 1.626474744903498 1.626246147433649 1.6260175499637999 1.6257889524939508 1.625560355024102 1.625331757554253 1.625103160084404 1.6248745626145549 1.624645965144706 1.624417367674857 1.6241887702050075 1.6239601727351587 1.6237315752653096 1.6235029777954606 1.6232743803256116 1.6230457828557627 1.6231669520428111 1.6236620296983189 1.6241571073538263 1.624652185009334 1.6251472626648416 1.625642340320349 1.6261374179758568 1.6266324956313651 1.6271275732868726 1.6276226509423803 1.6281177285978878 1.6286128062533956 1.629107883908903 1.6296029615644108
1.6301666407946656 1.6300003984953575 1.6298341561960492 1.629667913896741 1.6295016715974326 1.6293354292981244 1.629169186998816 1.6290029446995078 1.6288367024001995 1.6286704601008912 1.628504217801583 1.6283379755022744 1.6281717332029662 1.6280054909036579 1.6278392486043496 1.6276730063050413 1.627506764005733 1.6273405217064247 1.6271742794071165 1.6270080371078082 1.6268417948084999 1.6266755525091916 1.6265093102098833 1.626343067910575 1.6261768256112665 1.6260105833119582 1.62584434101265 1.6256780987133417 1.6255118564140334 1.6253456141147251 1.6255009853868905 1.6260001688423322 1.6264993522977742 1.626998535753216 1.6274977192086577 1.6279969026640997 1.6284960861195414 1.6289952695749843 1.629494453030426 1.6299936364858678 1.6304928199413098 1.6309920033967515 1.6314911868521935 1.6319903703076353
1.6319653602091602 1.6318176617054088 1.6316699632016574 1.631522264697906 1.6313745661941548 1.6312268676904034 1.631079169186652 1.6309314706829008 1.6307837721791494 1.630636073675398 1.6304883751716466 1.6303406766678952 1.6301929781641438 1.6300452796603924 1.6298975811566412 1.6297498826528898 1.6296021841491384 1.629454485645387 1.6293067871416358 1.6291590886378844 1.629011390134133 1.6288636916303818 1.6287159931266304 1.628568294622879 1.6284205961191274 1.6282728976153762 1.6281251991116248 1.6279775006078734 1.6278298021041222 1.6276821036003708 1.6278436376606227 1.628335748327089 1.6288278589935554 1.6293199696600218 1.6298120803264882 1.6303041909929545 1.630796301659421 1.6312884123258882 1.6317805229923545 1.632272633658821 1.6327647443252873 1.6332568549917537 1.63374896565822 1.6342410763246864
1.6351613812946548 1.6349853949886077 1.6348094086825606 1.6346334223765135 1.6344574360704665 1.6342814497644194 1.6341054634583723 1.6339294771523252 1.633753490846278 1.633577504540231 1.633401518234184 1.6332255319281364 1.6330495456220893 1.6328735593160422 1.632697573009995 1.632521586703948 1.6323456003979009 1.6321696140918538 1.6319936277858065 1.6318176414797594 1.6316416551737123 1.6314656688676652 1.631289682561618 1.631113696255571 1.6309377099495237 1.6307617236434764 1.6305857373374293 1.6304097510313822 1.630233764725335 1.630057778419288 1.630195503026786 1.6306685916974653 1.6311416803681447 1.6316147690388239 1.6320878577095033 1.6325609463801825 1.6330340350508619 1.633507123721542 1.6339802123922214 1.6344533010629005 1.63492638973358 1.6353994784042591 1.6358725670749386 1.6363456557456177
