Figures/CREST_Example_wjb_NSE/PETs/wjb.pet.20100524.asc
ncols            288
nrows            254
xllcorner        113.274861
yllcorner        31.4918055
cellsize         0.008333333333
NODATA_value     -9999
[rows 60 to 79 of 254, columns 0 to 43 of 288]
-9999.0 -9999.0 -9999.0 -9999.0 -9999.0 -9999.0 -9999.0 -9999.0 -9999.0 -9999.0 -9999.0 4.177314336919068 4.177338235179585 4.175846850084558 4.174355464989535 4.172864079894511 4.171372694799488 4.169881309704464 4.16838992460944 4.166898539514417 4.165407154419393 4.163915769324369 4.162424384229346 4.160932999134322 4.159441614039298 4.157950228944275 4.156458843849248 4.154967458754225 4.153476073659201 4.151984688564177 4.150493303469154 4.14900191837413 4.147510533279106 4.146019148184083 4.144527763089059 4.143036377994035 4.141544992899012 4.140053607803988 4.138562222708964 4.137070837613938 4.135579452518914 4.134088067423891 4.133884856072778 4.135058731567819
-9999.0 -9999.0 -9999.0 -9999.0 -9999.0 -9999.0 -9999.0 -9999.0 -9999.0 4.1726858884331985 4.174133354743174 4.17558082105315 4.175677326219421 4.174329623397038 4.172981920574658 4.1716342177522785 4.170286514929899 4.168938812107518 4.167591109285138 4.166243406462758 4.164895703640378 4.163548000817998 4.162200297995618 4.160852595173238 4.159504892350858 4.1581571895284775 4.156809486706096 4.155461783883715 4.154114081061335 4.1527663782389554 4.151418675416576 4.150070972594195 4.148723269771815 4.147375566949435 4.146027864127055 4.1446801613046755 4.143332458482295 4.141984755659915 4.140637052837535 4.139289350015153 4.137941647192773 4.136593944370392 4.136421074681094 4.137504128163367
-9999.0 -9999.0 -9999.0 -9999.0 -9999.0 -9999.0 -9999.0 -9999.0 -9999.0 4.1709401313742545 4.172393718280744 4.173847305187232 4.174016417259256 4.172812396709518 4.1716083761597815 4.170404355610045 4.169200335060309 4.167996314510573 4.166792293960836 4.1655882734111 4.164384252861363 4.1631802323116265 4.16197621176189 4.160772191212154 4.159568170662418 4.158364150112681 4.157160129562943 4.155956109013206 4.15475208846347 4.153548067913733 4.1523440473639965 4.15114002681426 4.149936006264523 4.148731985714788 4.147527965165051 4.146323944615315 4.145119924065578 4.1439159035158415 4.142711882966105 4.141507862416367 4.14030384186663 4.1390998213168935 4.138957293289408 4.139949524758914
-9999.0 -9999.0 -9999.0 -9999.0 -9999.0 -9999.0 -9999.0 -9999.0 -9999.0 4.169194374315312 4.170654081818313 4.172113789321314 4.172355508299093 4.171295170021998 4.170234831744906 4.169174493467812 4.16811415519072 4.167053816913627 4.165993478636534 4.164933140359441 4.163872802082349 4.162812463805255 4.161752125528163 4.16069178725107 4.159631448973977 4.158571110696885 4.15751077241979 4.156450434142697 4.155390095865604 4.154329757588512 4.153269419311418 4.152209081034326 4.151148742757233 4.15008840448014 4.149028066203047 4.147967727925955 4.146907389648861 4.145847051371769 4.1447867130946765 4.143726374817581 4.142666036540489 4.141605698263396 4.141493511897723 4.142394921354462
-9999.0 -9999.0 -9999.0 -9999.0 -9999.0 -9999.0 -9999.0 -9999.0 4.165982789156855 4.167448617256369 4.168914445355882 4.170380273455396 4.170694599338929 4.169777943334478 4.168861287330029 4.16794463132558 4.167027975321131 4.166111319316681 4.165194663312232 4.164278007307783 4.163361351303334 4.162444695298885 4.161528039294435 4.160611383289986 4.159694727285537 4.158778071281088 4.1578614152766376 4.1569447592721875 4.156028103267738 4.155111447263289 4.15419479125884 4.153278135254391 4.152361479249942 4.151444823245493 4.150528167241044 4.1496115112365946 4.148694855232145 4.147778199227696 4.146861543223247 4.145944887218796 4.145028231214347 4.144111575209898 4.1440297305060385 4.1448403179500115
-9999.0 -9999.0 -9999.0 -9999.0 -9999.0 -9999.0 -9999.0 -9999.0 4.164230911501399 4.165702860197425 4.167174808893451 4.168646757589477 4.169033690378765 4.168260716646958 4.167487742915152 4.166714769183346 4.165941795451541 4.165168821719735 4.1643958479879295 4.1636228742561245 4.162849900524319 4.162076926792513 4.161303953060708 4.160530979328902 4.159758005597096 4.158985031865291 4.158212058133484 4.157439084401679 4.156666110669873 4.155893136938067 4.155120163206262 4.154347189474456 4.15357421574265 4.152801242010845 4.1520282682790395 4.151255294547234 4.150482320815429 4.149709347083623 4.148936373351817 4.14816339962001 4.147390425888205 4.146617452156399 4.146565949114352 4.147285714545559
-9999.0 -9999.0 -9999.0 -9999.0 -9999.0 -9999.0 -9999.0 -9999.0 4.162479033845942 4.163957103138481 4.16543517243102 4.166913241723559 4.1673727814185995 4.166743489959437 4.166114198500275 4.165484907041113 4.164855615581951 4.164226324122789 4.163597032663628 4.162967741204466 4.162338449745304 4.161709158286142 4.16107986682698 4.160450575367818 4.159821283908657 4.159191992449495 4.158562700990331 4.15793340953117 4.157304118072008 4.156674826612846 4.156045535153685 4.155416243694523 4.15478695223536 4.154157660776199 4.153528369317037 4.152899077857875 4.152269786398714 4.151640494939552 4.151011203480389 4.150381912021227 4.149752620562065 4.1491233291029035 4.14910216772267 4.149731111141109
-9999.0 -9999.0 -9999.0 -9999.0 -9999.0 -9999.0 -9999.0 -9999.0 4.160727156190487 4.162211346079538 4.163695535968589 4.165179725857641 4.165711872458435 4.165226263271917 4.164740654085398 4.16425504489888 4.163769435712362 4.163283826525844 4.162798217339326 4.162312608152807 4.161826998966289 4.161341389779771 4.160855780593253 4.1603701714067345 4.159884562220216 4.159398953033698 4.158913343847179 4.158427734660661 4.157942125474142 4.157456516287625 4.1569709071011065 4.156485297914588 4.15599968872807 4.155514079541551 4.155028470355034 4.154542861168515 4.154057251981997 4.1535716427954785 4.153086033608961 4.152600424422442 4.152114815235923 4.151629206049405 4.151638386330985 4.152176507736657
-9999.0 -9999.0 -9999.0 -9999.0 -9999.0 -9999.0 -9999.0 4.157484968049467 4.158975278535031 4.160465589020594 4.161955899506158 4.163446209991722 4.164050963498271 4.163709036584396 4.163367109670522 4.163025182756647 4.162683255842772 4.162341328928898 4.161999402015024 4.161657475101149 4.161315548187274 4.1609736212734 4.160631694359525 4.160289767445651 4.1599478405317765 4.159605913617901 4.159263986704026 4.158922059790152 4.158580132876278 4.158238205962403 4.157896279048528 4.157554352134653 4.157212425220779 4.156870498306905 4.15652857139303 4.156186644479155 4.155844717565281 4.155502790651406 4.155160863737532 4.1548189368236565 4.154477009909782 4.154135082995907 4.1541746049393 4.154621904332205
-9999.0 -9999.0 -9999.0 -9999.0 -9999.0 -9999.0 -9999.0 4.155726969797499 4.157223400879575 4.158719831961651 4.160216263043728 4.1617126941258045 4.162390054538108 4.162191809896876 4.161993565255645 4.161795320614414 4.161597075973183 4.161398831331952 4.161200586690721 4.16100234204949 4.160804097408259 4.160605852767028 4.160407608125797 4.160209363484567 4.160011118843336 4.159812874202105 4.159614629560873 4.159416384919642 4.159218140278411 4.15901989563718 4.158821650995949 4.158623406354718 4.158425161713487 4.158226917072256 4.158028672431025 4.157830427789794 4.157632183148563 4.1574339385073324 4.1572356938661015 4.1570374492248705 4.1568392045836395 4.156640959942409 4.1567108235476145 4.157067300927753
-9999.0 -9999.0 -9999.0 -9999.0 -9999.0 -9999.0 -9999.0 4.15396897154553 4.1554715232241195 4.156974074902708 4.158476626581297 4.159979178259886 4.160729145577943 4.160674583209356 4.160620020840769 4.160565458472181 4.1605108961035935 4.160456333735007 4.160401771366419 4.160347208997832 4.1602926466292445 4.160238084260658 4.16018352189207 4.160128959523482 4.1600743971548955 4.160019834786308 4.159965272417721 4.159910710049133 4.1598561476805465 4.159801585311959 4.159747022943371 4.159692460574784 4.159637898206197 4.15958333583761 4.159528773469022 4.159474211100435 4.1594196487318476 4.15936508636326 4.159310523994673 4.159255961626085 4.1592013992574985 4.159146836888911 4.159247042155929 4.159512697523302
-9999.0 -9999.0 -9999.0 -9999.0 -9999.0 -9999.0 4.150702301018461 4.152210973293562 4.153719645568664 4.155228317843765 4.156736990118866 4.158245662393968 4.159068236617779 4.159157356521836 4.159246476425892 4.1593355963299485 4.159424716234004 4.159513836138061 4.159602956042117 4.1596920759461735 4.15978119585023 4.159870315754286 4.159959435658342 4.1600485555623985 4.160137675466455 4.160226795370511 4.160315915274568 4.1604050351786235 4.16049415508268 4.160583274986736 4.160672394890793 4.160761514794849 4.160850634698905 4.160939754602961 4.161028874507018 4.161117994411074 4.161207114315131 4.161296234219186 4.161385354123243 4.161474474027299 4.161563593931356 4.161652713835412 4.161783260764244 4.161958094118849
-9999.0 -9999.0 -9999.0 -9999.0 -9999.0 -9999.0 -9999.0 4.150452975041592 4.151967767913206 4.15348256078482 4.154997353656434 4.156512146528049 4.157407327657613 4.157640129834314 4.1578729320110135 4.158105734187714 4.158338536364414 4.1585713385411145 4.158804140717814 4.159036942894514 4.159269745071215 4.159502547247914 4.159735349424615 4.159968151601315 4.1602009537780145 4.160433755954715 4.160666558131415 4.1608993603081155 4.161132162484815 4.161364964661516 4.161597766838216 4.161830569014915 4.162063371191616 4.162296173368316 4.162528975545016 4.162761777721716 4.162994579898416 4.1632273820751164 4.163460184251816 4.163692986428517 4.163925788605217 4.164158590781917 4.164319479372561 4.1644034907144
-9999.0 -9999.0 -9999.0 -9999.0 -9999.0 -9999.0 -9999.0 -9999.0 4.150215890257751 4.1517368037258775 4.153257717194005 4.154778630662131 4.15574641869745 4.156122903146795 4.1564993875961385 4.1568758720454815 4.157252356494825 4.157628840944169 4.158005325393512 4.158381809842856 4.1587582942922 4.159134778741544 4.159511263190887 4.159887747640231 4.160264232089575 4.160640716538919 4.161017200988263 4.161393685437607 4.16177016988695 4.1621466543362935 4.162523138785637 4.162899623234981 4.163276107684324 4.163652592133668 4.164029076583012 4.164405561032355 4.164782045481699 4.165158529931043 4.165535014380387 4.165911498829731 4.166287983279075 4.166664467728419 4.166855697980876 4.166848887309947
-9999.0 -9999.0 -9999.0 -9999.0 -9999.0 -9999.0 -9999.0 -9999.0 -9999.0 4.149991046666934 4.151518080731574 4.153045114796213 4.154085509737286 4.1546056764592745 4.155125843181262 4.155646009903249 4.156166176625236 4.156686343347223 4.15720651006921 4.157726676791198 4.158246843513186 4.158767010235173 4.15928717695716 4.159807343679147 4.160327510401134 4.1608476771231215 4.16136784384511 4.161888010567098 4.162408177289085 4.162928344011072 4.163448510733059 4.163968677455046 4.164488844177034 4.165009010899021 4.165529177621008 4.166049344342996 4.166569511064983 4.16708967778697 4.1676098445089576 4.168130011230946 4.168650177952933 4.16917034467492 4.169391916589191 4.169294283905495
-9999.0 -9999.0 -9999.0 -9999.0 -9999.0 -9999.0 -9999.0 -9999.0 -9999.0 -9999.0 4.149778444269143 4.1513115989302944 4.152424600777122 4.153088449771754 4.153752298766385 4.154416147761016 4.155079996755647 4.155743845750278 4.1564076947449085 4.15707154373954 4.15773539273417 4.158399241728802 4.159063090723432 4.159726939718063 4.160390788712694 4.161054637707325 4.1617184867019565 4.162382335696588 4.163046184691218 4.16371003368585 4.16437388268048 4.1650377316751115 4.165701580669742 4.166365429664373 4.167029278659004 4.167693127653635 4.1683569766482655 4.169020825642897 4.169684674637527 4.17034852363216 4.171012372626791 4.171676221621421 4.171928135197505 4.171739680501043
-9999.0 -9999.0 -9999.0 -9999.0 -9999.0 -9999.0 -9999.0 -9999.0 -9999.0 -9999.0 -9999.0 4.149578083064377 4.150763691816958 4.151571223084233 4.152378754351508 4.153186285618783 4.153993816886057 4.154801348153332 4.1556088794206065 4.156416410687881 4.157223941955156 4.15803147322243 4.158839004489705 4.15964653575698 4.160454067024253 4.161261598291528 4.162069129558804 4.162876660826079 4.163684192093354 4.164491723360628 4.165299254627902 4.166106785895177 4.166914317162451 4.167721848429726 4.168529379697 4.169336910964275 4.17014444223155 4.170951973498824 4.171759504766099 4.172567036033374 4.173374567300649 4.174182098567924 4.174464353805821 4.174185077096592
-9999.0 -9999.0 -9999.0 -9999.0 -9999.0 -9999.0 -9999.0 -9999.0 -9999.0 -9999.0 -9999.0 4.147844567198458 4.149102782856794 4.150053996396713 4.151005209936632 4.15195642347655 4.152907637016468 4.153858850556387 4.154810064096305 4.1557612776362225 4.15671249117614 4.157663704716059 4.158614918255977 4.159566131795895 4.160517345335814 4.161468558875732 4.162419772415651 4.16337098595557 4.164322199495488 4.165273413035406 4.166224626575325 4.167175840115243 4.1681270536551605 4.169078267195078 4.170029480734997 4.170980694274915 4.171931907814833 4.172883121354752 4.17383433489467 4.174785548434589 4.175736761974508 4.176687975514426 4.177000572414135 4.17663047369214
-9999.0 -9999.0 -9999.0 -9999.0 -9999.0 -9999.0 -9999.0 -9999.0 -9999.0 -9999.0 -9999.0 4.14611105133254 4.147441873896629 4.148536769709193 4.149631665521755 4.1507265613343165 4.151821457146879 4.152916352959441 4.154011248772003 4.155106144584564 4.156201040397126 4.157295936209688 4.158390832022249 4.159485727834811 4.160580623647373 4.161675519459934 4.162770415272498 4.16386531108506 4.164960206897622 4.1660551027101835 4.167149998522746 4.168244894335308 4.169339790147869 4.170434685960431 4.171529581772993 4.172624477585554 4.173719373398116 4.174814269210678 4.17590916502324 4.177004060835803 4.178098956648365 4.179193852460927 4.17953679102245 4.179075870287687
-9999.0 -9999.0 -9999.0 -9999.0 -9999.0 -9999.0 -9999.0 -9999.0 -9999.0 -9999.0 -9999.0 -9999.0 4.145780964936464 4.147019543021671 4.148258121106877 4.149496699192083 4.150735277277288 4.151973855362494 4.153212433447699 4.154451011532905 4.1556895896181105 4.156928167703316 4.158166745788521 4.1594053238737265 4.160643901958933 4.161882480044138 4.163121058129346 4.164359636214551 4.165598214299757 4.166836792384962 4.168075370470168 4.169313948555374 4.170552526640579 4.171791104725784 4.17302968281099 4.174268260896196 4.175506838981401 4.1767454170666065 4.177983995151812 4.17922257323702 4.180461151322225 4.1816997294074305 4.182073009630767 4.181521266883237
