Figures/CREST_Example_wjb_NSE/PETs/wjb.pet.20100809.asc
ncols            288
nrows            254
xllcorner        113.274861
yllcorner        31.4918055
cellsize         0.008333333333
NODATA_value     -9999
[rows 180 to 199 of 254, columns 220 to 263 of 288]
3.8703354730915573 3.8715828653413875 3.873522210614702 3.876201269330225 3.878880328045748 3.8815593867612708 3.884238445476794 3.8869175041923167 3.8895965629078395 3.8922756216233627 3.8949546803388855 3.8976337390544082 3.9003127977699314 3.902991856485454 3.905670915200982 3.9083499739165046 3.9110290326320274 3.9137080913475506 3.9163871500630734 3.9190662087785966 3.9217452674941193 3.924424326209642 3.9271033849251653 3.929782443640688 3.932461502356211 3.935140561071734 3.937819619787257 3.9404986785027845 3.943177737218307 3.94585679593383 3.948535854649353 3.951214913364876 3.9542217257187584 3.9575789141313664 3.960936102543974 -9999.0 -9999.0 -9999.0 -9999.0 -9999.0 -9999.0 -9999.0 -9999.0 -9999.0
3.8747183976649304 3.8760163490084167 3.8779904744902742 3.88068744542905 3.8833844163678264 3.8860813873066022 3.888778358245378 3.8914753291841544 3.8941723001229303 3.896869271061706 3.899566242000482 3.9022632129392583 3.904960183878034 3.90765715481681 3.9103541257555907 3.9130510966943666 3.9157480676331424 3.9184450385719187 3.9211420095106946 3.9238389804494704 3.9265359513882467 3.9292329223270226 3.9319298932657984 3.9346268642045743 3.9373238351433506 3.9400208060821265 3.9427177770209023 3.945414747959683 3.948111718898459 3.9508086898372348 3.953505660776011 3.956202631714787 3.959151703710136 3.9623702774417424 -9999.0 -9999.0 -9999.0 -9999.0 -9999.0 -9999.0 -9999.0 -9999.0 -9999.0 -9999.0
3.879101322238304 3.880449832675447 3.882458738365847 3.8851736215278763 3.887888504689905 3.890603387851934 3.893318271013963 3.896033154175992 3.8987480373380214 3.9014629205000504 3.9041778036620793 3.9068926868241083 3.9096075699861372 3.9123224531481666 3.9150373363102 3.917752219472229 3.9204671026342583 3.9231819857962873 3.9258968689583162 3.928611752120345 3.931326635282374 3.9340415184444035 3.9367564016064325 3.9394712847684614 3.9421861679304904 3.9449010510925193 3.9476159342545483 3.950330817416582 3.953045700578611 3.9557605837406404 3.9584754669026694 3.9611903500646983 3.9640816817015136 -9999.0 -9999.0 -9999.0 -9999.0 -9999.0 -9999.0 -9999.0 -9999.0 -9999.0 -9999.0 -9999.0
3.883484246811681 3.88488331634248 3.8869270022414235 3.8896597976267056 3.8923925930119876 3.8951253883972696 3.8978581837825517 3.9005909791678337 3.9033237745531157 3.9060565699383982 3.9087893653236803 3.9115221607089623 3.9142549560942443 3.9169877514795264 3.9197205468648133 3.9224533422500953 3.9251861376353774 3.9279189330206594 3.9306517284059415 3.933384523791224 3.936117319176506 3.938850114561788 3.94158290994707 3.944315705332352 3.947048500717634 3.949781296102916 3.952514091488198 3.955246886873485 3.957979682258767 3.960712477644049 3.9634452730293317 3.9661780684146137 3.9690116596928955 3.971953004062499 -9999.0 -9999.0 -9999.0 -9999.0 -9999.0 -9999.0 -9999.0 -9999.0 -9999.0 -9999.0
3.887867171385054 3.8893168000095093 3.8913952661169957 3.894145973725531 3.896896681334066 3.899647388942601 3.9023980965511362 3.9051488041596714 3.9078995117682065 3.9106502193767416 3.9134009269852768 3.916151634593812 3.918902342202347 3.921653049810882 3.924403757419422 3.9271544650279573 3.9299051726364924 3.9326558802450275 3.9354065878535627 3.938157295462098 3.940908003070633 3.943658710679168 3.946409418287703 3.9491601258962388 3.951910833504774 3.954661541113309 3.957412248721844 3.9601629563303837 3.962913663938919 3.965664371547454 3.9684150791559896 3.9711657867645247 3.973941637684273 3.976744367372875 -9999.0 -9999.0 -9999.0 -9999.0 -9999.0 -9999.0 -9999.0 -9999.0 -9999.0 -9999.0
3.892250095958427 3.8937502836765394 3.8958635299925684 3.8986321498243566 3.901400769656145 3.904169389487933 3.9069380093197212 3.9097066291515095 3.9124752489832977 3.915243868815086 3.918012488646874 3.9207811084786623 3.9235497283104506 3.926318348142239 3.9290869679740315 3.9318555878058197 3.934624207637608 3.937392827469396 3.9401614473011843 3.9429300671329726 3.945698686964761 3.948467306796549 3.9512359266283372 3.9540045464601254 3.9567731662919137 3.959541786123702 3.96231040595549 3.9650790257872828 3.967847645619071 3.970616265450859 3.9733848852826474 3.9761535051144357 3.9788716156756507 3.9815357306832513 -9999.0 -9999.0 -9999.0 -9999.0 -9999.0 -9999.0 -9999.0 -9999.0 -9999.0 -9999.0
3.8966330205318003 3.8981837673435686 3.9003317938681406 3.903118325923182 3.905904857978223 3.9086913900332645 3.911477922088306 3.914264454143347 3.917050986198388 3.9198375182534293 3.9226240503084706 3.925410582363512 3.9281971144185532 3.9309836464735946 3.9337701785286403 3.9365567105836816 3.939343242638723 3.9421297746937642 3.9449163067488056 3.947702838803847 3.950489370858888 3.9532759029139295 3.956062434968971 3.9588489670240117 3.961635499079053 3.9644220311340943 3.9672085631891356 3.969995095244182 3.972781627299223 3.975568159354264 3.9783546914093053 3.9811412234643466 -9999.0 -9999.0 -9999.0 -9999.0 -9999.0 -9999.0 -9999.0 -9999.0 -9999.0 -9999.0 -9999.0 -9999.0
3.9010159451051734 3.902617251010598 3.9048000577437127 3.907604502022007 3.9104089463003016 3.913213390578596 3.9160178348568904 3.9188222791351843 3.9216267234134787 3.924431167691773 3.9272356119700675 3.930040056248362 3.9328445005266564 3.9356489448049503 3.9384533890832496 3.941257833361544 3.9440622776398384 3.946866721918133 3.9496711661964268 3.952475610474721 3.9552800547530156 3.95808449903131 3.9608889433096044 3.963693387587899 3.9664978318661928 3.969302276144487 3.9721067204227816 3.974911164701081 3.9777156089793753 3.980520053257669 3.9833244975359636 -9999.0 -9999.0 -9999.0 -9999.0 -9999.0 -9999.0 -9999.0 -9999.0 -9999.0 -9999.0 -9999.0 -9999.0 -9999.0
3.905398869678547 3.907050734677628 3.9092683216192854 3.912090678120833 3.9149130346223804 3.917735391123928 3.920557747625475 3.9233801041270224 3.92620246062857 3.9290248171301174 3.9318471736316645 3.934669530133212 3.9374918866347595 3.9403142431363065 3.943136599637859 3.9459589561394064 3.9487813126409534 3.951603669142501 3.9544260256440484 3.957248382145596 3.960070738647143 3.9628930951486905 3.965715451650238 3.968537808151785 3.9713601646533325 3.97418252115488 3.9770048776564275 3.9798272341579795 3.982649590659527 3.9854719471610744 3.9882943036626215 -9999.0 -9999.0 -9999.0 -9999.0 -9999.0 -9999.0 -9999.0 -9999.0 -9999.0 -9999.0 -9999.0 -9999.0 -9999.0
3.909781794251924 3.911484218344661 3.913736585494862 3.916576854219662 3.9194171229444628 3.9222573916692633 3.9250976603940635 3.927937929118864 3.9307781978436647 3.9336184665684653 3.9364587352932654 3.939299004018066 3.9421392727428666 3.9449795414676667 3.947819810192472 3.9506600789172728 3.953500347642073 3.9563406163668735 3.959180885091674 3.9620211538164742 3.964861422541275 3.9677016912660754 3.970541959990876 3.973382228715676 3.9762224974404767 3.9790627661652773 3.9819030348900775 3.984743303614883 3.9875835723396835 3.9904238410644837 3.9932641097892843 -9999.0 -9999.0 -9999.0 -9999.0 -9999.0 -9999.0 -9999.0 -9999.0 -9999.0 -9999.0 -9999.0 -9999.0 -9999.0
3.914164718825297 3.9159177020116904 3.9182048493704342 3.921063030318488 3.923921211266541 3.926779392214595 3.929637573162648 3.9324957541107017 3.9353539350587554 3.9382121160068086 3.9410702969548623 3.943928477902916 3.9467866588509692 3.949644839799023 3.9525030207470815 3.9553612016951347 3.9582193826431884 3.961077563591242 3.9639357445392953 3.966793925487349 3.9696521064354022 3.972510287383456 3.9753684683315096 3.978226649279563 3.9810848302276165 3.98394301117567 3.9868011921237234 3.989659373071782 3.9925175540198357 3.995375734967889 3.9982339159159426 4.001092096863996 -9999.0 -9999.0 -9999.0 -9999.0 -9999.0 -9999.0 -9999.0 -9999.0 -9999.0 -9999.0 -9999.0 -9999.0
3.9185476433986706 3.9203511856787205 3.922673113246007 3.9255492064173136 3.92842529958862 3.9313013927599267 3.934177485931233 3.93705357910254 3.939929672273846 3.942805765445153 3.9456818586164593 3.948557951787766 3.9514340449590724 3.954310138130379 3.9571862313016903 3.960062324472997 3.9629384176443034 3.96581451081561 3.968690603986917 3.9715666971582233 3.97444279032953 3.9773188835008364 3.980194976672143 3.9830710698434495 3.9859471630147563 3.9888232561860626 3.9916993493573694 3.9945754425286806 3.9974515356999873 4.000327628871294 4.0032037220426 4.006079815213907 -9999.0 -9999.0 -9999.0 -9999.0 -9999.0 -9999.0 -9999.0 -9999.0 -9999.0 -9999.0 -9999.0 -9999.0
3.9229305679720436 3.9247846693457498 3.927141377121579 3.930035382516139 3.9329293879106983 3.935823393305258 3.9387173986998176 3.941611404094377 3.944505409488937 3.9473994148834963 3.950293420278056 3.9531874256726156 3.9560814310671755 3.958975436461735 3.9618694418562996 3.964763447250859 3.967657452645419 3.9705514580399783 3.9734454634345377 3.9763394688290976 3.979233474223657 3.982127479618217 3.9850214850127763 3.987915490407336 3.9908094958018956 3.993703501196455 3.996597506591015 3.999491511985579 4.002385517380139 4.005279522774699 4.008173528169258 4.011067533563818 -9999.0 -9999.0 -9999.0 -9999.0 -9999.0 -9999.0 -9999.0 -9999.0 -9999.0 -9999.0 -9999.0 -9999.0
3.9273134925454167 3.92921815301278 3.9316096409971517 3.9345215586149647 3.937433476232777 3.9403453938505897 3.9432573114684026 3.946169229086215 3.9490811467040277 3.9519930643218406 3.954904981939653 3.9578168995574656 3.9607288171752786 3.963640734793091 3.9665526524109085 3.9694645700287214 3.972376487646534 3.9752884052643465 3.9782003228821594 3.981112240499972 3.9840241581177844 3.9869360757355974 3.98984799335341 3.9927599109712224 3.9956718285890354 3.998583746206848 4.00149566382466 4.004407581442478 4.007319499060291 4.010231416678104 4.013143334295916 4.016055251913729 4.018311439606676 -9999.0 -9999.0 -9999.0 -9999.0 -9999.0 -9999.0 -9999.0 -9999.0 -9999.0 -9999.0 -9999.0
3.9316964171187916 3.933651636679811 3.936077904872726 3.9390077347137917 3.9419375645548573 3.9448673943959234 3.947797224236989 3.9507270540780546 3.95365688391912 3.9565867137601862 3.959516543601252 3.9624463734423174 3.9653762032833835 3.968306033124449 3.97123586296552 3.9741656928065856 3.977095522647651 3.980025352488717 3.982955182329783 3.9858850121708485 3.988814842011914 3.99174467185298 3.9946745016940457 3.9976043315351113 4.000534161376177 4.0034639912172425 4.0063938210583085 4.009323650899379 4.012253480740445 4.015183310581511 4.018113140422576 4.021042970263642 4.023241417598056 -9999.0 -9999.0 -9999.0 -9999.0 -9999.0 -9999.0 -9999.0 -9999.0 -9999.0 -9999.0 -9999.0
3.936079341692165 3.9380851203468406 3.9405461687482988 3.9434939108126175 3.946441652876936 3.949389394941255 3.952337137005574 3.9552848790698927 3.9582326211342114 3.96118036319853 3.9641281052628488 3.9670758473271674 3.9700235893914866 3.9729713314558053 3.975919073520129 3.978866815584448 3.9818145576487667 3.9847622997130854 3.987710041777404 3.9906577838417228 3.9936055259060415 3.9965532679703606 3.9995010100346793 4.0024487520989975 4.005396494163317 4.008344236227636 4.011291978291954 4.0142397203562785 4.017187462420597 4.020135204484916 4.023082946549234 4.026030688613553 4.028171395589434 -9999.0 -9999.0 -9999.0 -9999.0 -9999.0 -9999.0 -9999.0 -9999.0 -9999.0 -9999.0 -9999.0
3.940462266265538 3.94251860401387 3.945014432623871 3.9479800869114428 3.9509457411990145 3.9539113954865863 3.956877049774158 3.95984270406173 3.962808358349302 3.965774012636874 3.9687396669244457 3.9717053212120175 3.9746709754995893 3.977636629787161 3.980602284074738 3.98356793836231 3.9865335926498817 3.9894992469374535 3.9924649012250253 3.995430555512597 3.998396209800169 4.001361864087741 4.004327518375312 4.007293172662885 4.010258826950456 4.013224481238028 4.0161901355256 4.019155789813177 4.0221214441007485 4.025087098388321 4.028052752675892 4.031018406963464 4.033101373580812 -9999.0 -9999.0 -9999.0 -9999.0 -9999.0 -9999.0 -9999.0 -9999.0 -9999.0 -9999.0 -9999.0
3.9448451908389135 3.9469520876809017 3.9494826964994454 3.9524662630102703 3.955449829521095 3.95843339603192 3.961416962542745 3.9644005290535698 3.9673840955643946 3.9703676620752195 3.973351228586045 3.9763347950968697 3.9793183616076946 3.9823019281185195 3.9852854946293492 3.988269061140174 3.991252627650999 3.994236194161824 3.9972197606726487 4.000203327183474 4.0031868936942985 4.006170460205124 4.009154026715948 4.0121375932267735 4.015121159737598 4.018104726248423 4.021088292759248 4.024071859270078 4.027055425780903 4.030038992291728 4.033022558802553 4.036006125313378 4.038031351572192 -9999.0 -9999.0 -9999.0 -9999.0 -9999.0 -9999.0 -9999.0 -9999.0 -9999.0 -9999.0 -9999.0
3.949228115412287 3.9513855713479313 3.953950960375018 3.956952439109096 3.959953917843174 3.962955396577252 3.96595687531133 3.968958354045408 3.971959832779486 3.974961311513564 3.9779627902476418 3.9809642689817197 3.9839657477157977 3.9869672264498757 3.9899687051839585 3.9929701839180365 3.9959716626521145 3.9989731413861924 4.00197462012027 4.004976098854348 4.007977577588426 4.010979056322504 4.013980535056582 4.01698201379066 4.019983492524738 4.022984971258816 4.025986449992894 4.028987928726977 4.0319894074610545 4.034990886195133 4.03799236492921 -9999.0 -9999.0 -9999.0 -9999.0 -9999.0 -9999.0 -9999.0 -9999.0 -9999.0 -9999.0 -9999.0 -9999.0 -9999.0
3.95361103998566 3.955819055014961 3.9584192242505907 3.9614386152079213 3.9644580061652523 3.9674773971225834 3.9704967880799145 3.9735161790372455 3.9765355699945766 3.9795549609519076 3.9825743519092387 3.9855937428665698 3.988613133823901 3.991632524781232 3.994651915738568 3.997671306695899 4.00069069765323 4.0037100886105605 4.006729479567892 4.009748870525223 4.012768261482554 4.015787652439885 4.018807043397216 4.021826434354547 4.024845825311878 4.027865216269209 4.03088460722654 4.0339039981838765 4.036923389141207 4.039942780098539 4.042962171055869 -9999.0 -9999.0 -9999.0 -9999.0 -9999.0 -9999.0 -9999.0 -9999.0 -9999.0 -9999.0 -9999.0 -9999.0 -9999.0
