Figures/CREST_Example_wjb_NSE/PETs/wjb.pet.20100707.asc
ncols            288
nrows            254
xllcorner        113.274861
yllcorner        31.4918055
cellsize         0.008333333333
NODATA_value     -9999
[rows 100 to 119 of 254, columns 180 to 224 of 288]
3.6284902905113987 3.6294947483086073 3.6304992061058177 3.6315036639030263 3.6325081217002353 3.633512579497444 3.6345170372946525 3.6355214950918615 3.63652595288907 3.6375304106862787 3.6385348684834873 3.6395393262806963 3.6400415500066554 3.640006874146596 3.6399721982865363 3.639937522426477 3.639902846566417 3.639868170706358 3.639833494846298 3.6397988189862387 3.639764143126179 3.6397294672661196 3.63969479140606 3.6396601155460004 3.6396254396859407 3.6395907638258813 3.6395560879658215 3.639521412105762 3.6394867362457024 3.639452060385643 3.6394173845255833 3.639382708665524 3.639348032805464 3.639313356945405 3.639278681085345 3.6392440052252857 3.639209329365226 3.6391746535051666 3.6391399776451068 3.6391053017850474 3.6390706259249876 3.639035950064928 3.6385745671506755 3.6376570247383673 3.6367394823260595
3.6310060036238143 3.6321797701496177 3.633353536675423 3.6345273032012257 3.635701069727029 3.636874836252832 3.6380486027786354 3.6392223693044383 3.6403961358302412 3.6415699023560446 3.6427436688818475 3.643917435407651 3.6445394043257697 3.644571489115966 3.644603573906162 3.644635658696359 3.644667743486555 3.6446998282767513 3.6447319130669475 3.644763997857144 3.64479608264734 3.6448281674375362 3.6448602522277325 3.644892337017929 3.6449244218081254 3.6449565065983216 3.644988591388518 3.645020676178714 3.6450527609689103 3.645084845759107 3.645116930549303 3.6451490153394994 3.6451811001296957 3.645213184919892 3.645245269710088 3.6452773545002843 3.6453094392904806 3.6453415240806772 3.6453736088708735 3.6454056936610697 3.645437778451266 3.645469863241462 3.6450064552074353 3.6440133541304482 3.6430202530534617
3.63352171673623 3.6348647919906276 3.6362078672450275 3.6375509424994252 3.6388940177538225 3.64023709300822 3.641580168262618 3.642923243517015 3.644266318771413 3.6456093940258105 3.6469524692802078 3.6482955445346055 3.649037258644884 3.649136104085336 3.649234949525788 3.6493337949662403 3.6494326404066926 3.649531485847145 3.649630331287597 3.649729176728049 3.649828022168501 3.6499268676089534 3.650025713049405 3.6501245584898574 3.6502234039303096 3.650322249370762 3.6504210948112137 3.650519940251666 3.650618785692118 3.6507176311325704 3.6508164765730227 3.6509153220134745 3.6510141674539267 3.651113012894379 3.651211858334831 3.651310703775283 3.6514095492157352 3.6515083946561875 3.6516072400966397 3.6517060855370915 3.6518049309775438 3.651903776417996 3.6514383432641946 3.6503696835225288 3.6493010237808634
3.636037429848646 3.637549813831638 3.6390621978146322 3.6405745817976243 3.6420869657806163 3.6435993497636083 3.6451117337466004 3.6466241177295924 3.6481365017125844 3.6496488856955764 3.651161269678568 3.65267365366156 3.653535112963998 3.653700719054706 3.653866325145414 3.6540319312361222 3.65419753732683 3.6543631434175383 3.654528749508246 3.654694355598954 3.654859961689662 3.65502556778037 3.655191173871078 3.655356779961786 3.655522386052494 3.6556879921432017 3.65585359823391 3.656019204324618 3.656184810415326 3.656350416506034 3.656516022596742 3.65668162868745 3.6568472347781578 3.657012840868866 3.657178446959574 3.6573440530502817 3.65750965914099 3.6576752652316977 3.6578408713224055 3.658006477413114 3.6581720835038216 3.65833768959453 3.6578702313209535 3.6567260129146093 3.655581794508265
3.6385531429610616 3.640234835672648 3.641916528384237 3.6435982210958238 3.64527991380741 3.6469616065189965 3.648643299230583 3.650324991942169 3.6520066846537556 3.653688377365342 3.6553700700769283 3.657051762788515 3.6580329672831122 3.658265334024076 3.65849770076504 3.658730067506004 3.658962434246968 3.659194800987932 3.6594271677288956 3.6596595344698595 3.6598919012108233 3.660124267951787 3.660356634692751 3.660589001433715 3.6608213681746786 3.6610537349156425 3.6612861016566063 3.66151846839757 3.661750835138534 3.6619832018794978 3.6622155686204616 3.6624479353614254 3.6626803021023893 3.662912668843353 3.663145035584317 3.6633774023252808 3.6636097690662446 3.6638421358072084 3.6640745025481722 3.664306869289136 3.6645392360301 3.664771602771064 3.664302119377713 3.6630823423066903 3.6618625652356673
3.641068856073479 3.64291985751366 3.6447708589538443 3.646621860394025 3.648472861834206 3.6503238632743873 3.652174864714568 3.654025866154749 3.6558768675949302 3.657727869035111 3.659578870475292 3.661429871915473 3.66253082160223 3.66282994899345 3.6631290763846693 3.6634282037758896 3.6637273311671095 3.6640264585583293 3.6643255859495487 3.6646247133407686 3.6649238407319884 3.665222968123208 3.6655220955144276 3.6658212229056475 3.6661203502968673 3.6664194776880867 3.6667186050793066 3.6670177324705264 3.6673168598617463 3.667615987252966 3.667915114644186 3.668214242035406 3.668513369426625 3.668812496817845 3.669111624209065 3.6694107516002843 3.669709878991504 3.670009006382724 3.6703081337739434 3.6706072611651632 3.670906388556383 3.6712055159476034 3.670734007434478 3.669438671698776 3.6681433359630744
3.643584569185895 3.6456048793546705 3.647625189523449 3.6496454996922245 3.651665809861 3.6536861200297754 3.655706430198551 3.6577267403673264 3.6597470505361014 3.661767360704877 3.6637876708736523 3.6658079810424278 3.6670286759213444 3.66739456396282 3.6677604520042952 3.6681263400457715 3.668492228087247 3.668858116128723 3.6692240041701982 3.6695898922116736 3.6699557802531495 3.670321668294625 3.6706875563361003 3.671053444377576 3.6714193324190516 3.671785220460527 3.672151108502003 3.6725169965434783 3.6728828845849546 3.67324877262643 3.673614660667906 3.6739805487093813 3.6743464367508567 3.6747123247923326 3.675078212833808 3.6754441008752834 3.6758099889167593 3.6761758769582347 3.67654176499971 3.676907653041186 3.6772735410826614 3.6776394291241377 3.6771658954912376 3.675795001090857 3.6744241066904766
3.6461002822983106 3.6482899011956804 3.6504795200930538 3.6526691389904236 3.654858757887794 3.6570483767851636 3.6592379956825334 3.661427614579903 3.663617233477273 3.6658068523746428 3.6679964712720126 3.6701860901693824 3.6715265302404583 3.6719591789321897 3.672391827623921 3.6728244763156535 3.673257125007385 3.6736897736991163 3.6741224223908477 3.674555071082579 3.6749877197743106 3.6754203684660416 3.675853017157773 3.6762856658495044 3.676718314541236 3.6771509632329673 3.6775836119246987 3.67801626061643 3.6784489093081625 3.678881557999894 3.6793142066916253 3.6797468553833563 3.6801795040750878 3.680612152766819 3.6810448014585506 3.681477450150282 3.6819100988420135 3.682342747533745 3.6827753962254763 3.6832080449172078 3.683640693608939 3.684073342300671 3.683597783547997 3.6821513304829376 3.6807048774178783
3.6486159954107262 3.6509749230366904 3.653333850662659 3.655692778288623 3.658051705914587 3.6604106335405517 3.662769561166516 3.66512848879248 3.6674874164184446 3.6698463440444087 3.672205271670373 3.674564199296337 3.6760243845595726 3.67652379390156 3.677023203243547 3.6775226125855354 3.6780220219275224 3.67852143126951 3.679020840611497 3.6795202499534843 3.6800196592954713 3.6805190686374587 3.6810184779794457 3.681517887321433 3.68201729666342 3.6825167060054076 3.683016115347395 3.683515524689382 3.6840149340313704 3.6845143433733574 3.685013752715345 3.685513162057332 3.6860125713993193 3.6865119807413063 3.6870113900832937 3.6875107994252807 3.688010208767268 3.688509618109255 3.6890090274512426 3.6895084367932296 3.690007846135217 3.690507255477205 3.6900296716047563 3.688507659875018 3.68698564814528
3.651131708523142 3.6536599448777007 3.6561881812322636 3.6587164175868225 3.661244653941381 3.66377289029594 3.6663011266504983 3.6688293630050572 3.6713575993596157 3.6738858357141746 3.676414072068733 3.678942308423292 3.680522238878687 3.68108840887093 3.681654578863173 3.682220748855417 3.6827869188476603 3.6833530888399033 3.6839192588321463 3.6844854288243893 3.6850515988166324 3.6856177688088754 3.6861839388011184 3.6867501087933614 3.687316278785605 3.687882448777848 3.688448618770091 3.689014788762334 3.689580958754578 3.690147128746821 3.6907132987390643 3.6912794687313073 3.6918456387235503 3.6924118087157933 3.6929779787080363 3.6935441487002794 3.6941103186925224 3.694676488684766 3.695242658677009 3.695808828669252 3.696374998661495 3.696941168653739 3.696461559661515 3.6948639892670987 3.693266418872682
3.653647421635558 3.6563449667187107 3.6590425118018683 3.6617400568850216 3.664437601968175 3.667135147051328 3.669832692134481 3.672530237217634 3.6752277823007873 3.6779253273839405 3.6806228724670933 3.6833204175502465 3.685020093197801 3.6856530238403 3.686285954482799 3.6869188851252988 3.687551815767798 3.688184746410297 3.688817677052796 3.6894506076952944 3.6900835383377935 3.6907164689802925 3.6913493996227915 3.69198233026529 3.692615260907789 3.693248191550288 3.693881122192787 3.694514052835286 3.695146983477786 3.6957799141202847 3.6964128447627838 3.697045775405283 3.697678706047782 3.698311636690281 3.6989445673327794 3.6995774979752785 3.7002104286177775 3.7008433592602765 3.701476289902775 3.702109220545274 3.702742151187773 3.703375081830273 3.702893447718275 3.7012203186591797 3.699547189600084
3.6561631347479757 3.6590299885597233 3.6618968423714757 3.6647636961832237 3.6676305499949713 3.670497403806719 3.673364257618467 3.6762311114302144 3.679097965241962 3.68196481905371 3.6848316728654575 3.687698526677205 3.689517947516919 3.690217638809674 3.6909173301024287 3.6916170213951847 3.6923167126879397 3.6930164039806943 3.6937160952734494 3.694415786566204 3.695115477858959 3.6958151691517136 3.6965148604444686 3.6972145517372232 3.6979142430299783 3.698613934322733 3.699313625615488 3.7000133169082425 3.7007130082009985 3.7014126994937535 3.702112390786508 3.702812082079263 3.7035117733720178 3.704211464664773 3.7049111559575274 3.705610847250282 3.706310538543037 3.7070102298357916 3.7077099211285467 3.7084096124213013 3.7091093037140563 3.7098089950068123 3.7093253357750395 3.7075766480512655 3.705827960327491
3.6586788478603913 3.661715010400733 3.664751172941081 3.6677873354814228 3.670823498021765 3.673859660562107 3.6768958231024493 3.6799319856427912 3.6829681481831336 3.6860043107234755 3.689040473263818 3.6920766358041597 3.6940158018360334 3.694782253779044 3.6955487057220546 3.6963151576650666 3.697081609608077 3.697848061551088 3.698614513494099 3.6993809654371095 3.70014741738012 3.7009138693231307 3.7016803212661413 3.702446773209152 3.7032132251521626 3.703979677095173 3.704746129038184 3.705512580981195 3.706279032924207 3.7070454848672174 3.707811936810228 3.7085783887532386 3.7093448406962493 3.71011129263926 3.7108777445822705 3.711644196525281 3.7124106484682917 3.7131771004113023 3.7139435523543134 3.714710004297324 3.7154764562403346 3.7162429081833466 3.7157572238317993 3.7139329774433465 3.7121087310548933
3.661194560972807 3.6644000322417436 3.6676055035106856 3.6708109747796223 3.674016446048559 3.677221917317495 3.680427388586432 3.6836328598553685 3.6868383311243047 3.6900438023932414 3.693249273662178 3.6964547449311147 3.6985136561551477 3.699346868748414 3.7001800813416805 3.7010132939349485 3.701846506528215 3.7026797191214813 3.703512931714748 3.7043461443080146 3.705179356901281 3.7060125694945474 3.706845782087814 3.7076789946810806 3.708512207274347 3.7093454198676135 3.71017863246088 3.7110118450541463 3.7118450576474142 3.712678270240681 3.7135114828339475 3.714344695427214 3.7151779080204803 3.716011120613747 3.7168443332070136 3.7176775458002798 3.7185107583935464 3.719343970986813 3.720177183580079 3.721010396173346 3.7218436087666125 3.7226768213598804 3.7221891118885586 3.720289306835427 3.718389501782295
3.6637102740852225 3.6670850540827535 3.6704598340802903 3.6738346140778213 3.6772093940753523 3.6805841740728833 3.6839589540704143 3.6873337340679453 3.6907085140654763 3.6940832940630073 3.6974580740605383 3.7008328540580693 3.7030115104742616 3.7039114837177842 3.7048114569613064 3.7057114302048304 3.7066114034483526 3.707511376691875 3.7084113499353974 3.7093113231789197 3.710211296422442 3.7111112696659645 3.7120112429094867 3.712911216153009 3.7138111893965315 3.7147111626400537 3.715611135883576 3.716511109127098 3.717411082370622 3.7183110556141448 3.719211028857667 3.720111002101189 3.7210109753447114 3.721910948588234 3.722810921831756 3.7237108950752784 3.724610868318801 3.7255108415623233 3.7264108148058455 3.727310788049368 3.7282107612928903 3.7291107345364143 3.7286209999453175 3.7266456362275076 3.724670272509697
3.6662259871976386 3.669770075923764 3.6733141646498955 3.676858253376021 3.680402342102146 3.6839464308282714 3.6874905195543968 3.691034608280522 3.694578697006648 3.698122785732773 3.7016668744588985 3.705210963185024 3.707509364793376 3.708476098687154 3.7094428325809323 3.7104095664747123 3.7113763003684905 3.7123430342622687 3.7133097681560465 3.7142765020498247 3.715243235943603 3.716209969837381 3.7171767037311594 3.7181434376249376 3.719110171518716 3.720076905412494 3.7210436393062722 3.7220103732000505 3.7229771070938305 3.7239438409876087 3.7249105748813864 3.7258773087751647 3.726844042668943 3.727810776562721 3.7287775104564993 3.7297442443502775 3.7307109782440557 3.731677712137834 3.732644446031612 3.7336111799253904 3.7345779138191686 3.735544647712948 3.7350528880020772 3.7330019656195885 3.7309510432370994
3.668741700310054 3.672455097764774 3.6761684952195 3.67988189267422 3.68359529012894 3.6873086875836596 3.6910220850383793 3.6947354824930994 3.698448879947819 3.702162277402539 3.7058756748572588 3.7095890723119784 3.71200721911249 3.713040713656524 3.7140742082005582 3.715107702744594 3.716141197288628 3.7171746918326622 3.718208186376696 3.7192416809207303 3.720275175464764 3.7213086700087983 3.722342164552832 3.7233756590968663 3.7244091536409 3.7254426481849343 3.726476142728968 3.7275096372730023 3.728543131817038 3.729576626361072 3.730610120905106 3.73164361544914 3.7326771099931744 3.733710604537208 3.7347440990812424 3.735777593625276 3.7368110881693104 3.737844582713344 3.7388780772573784 3.739911571801412 3.7409450663454464 3.741978560889482 3.7414847760588366 3.7393582950116686 3.737231813964501
3.67125741342247 3.6751401196057842 3.679022825789105 3.6829055319724193 3.6867882381557333 3.6906709443390477 3.694553650522362 3.698436356705676 3.7023190628889906 3.7062017690723046 3.710084475255619 3.7139671814389335 3.7165050734316045 3.7176053286258943 3.718705583820184 3.7198058390144757 3.7209060942087655 3.7220063494030553 3.7231066045973455 3.7242068597916353 3.725307114985925 3.726407370180215 3.7275076253745048 3.7286078805687946 3.7297081357630844 3.7308083909573746 3.7319086461516644 3.733008901345954 3.7341091565402458 3.7352094117345356 3.736309666928826 3.7374099221231156 3.7385101773174054 3.7396104325116952 3.740710687705985 3.741810942900275 3.7429111980945646 3.7440114532888544 3.7451117084831447 3.7462119636774345 3.7473122188717243 3.748412474066016 3.747916664115596 3.745714624403749 3.743512584691903
3.6753823329750466 3.679321848878744 3.683261364782448 3.6872008806861456 3.691140396589843 3.6950799124935405 3.699019428397238 3.7029589443009354 3.706898460204633 3.7108379761083303 3.714777492012028 3.7187170079157252 3.7213115992634105 3.7224684358296374 3.7236252723958643 3.724782108962093 3.72593894552832 3.7270957820945467 3.7282526186607736 3.7294094552270005 3.7305662917932274 3.7317231283594543 3.7328799649256807 3.7340368014919076 3.7351936380581345 3.7363504746243614 3.7375073111905883 3.738664147756815 3.739820984323044 3.7409778208892708 3.7421346574554977 3.7432914940217246 3.7444483305879515 3.7456051671541783 3.7467620037204052 3.747918840286632 3.749075676852859 3.750232513419086 3.751389349985313 3.7525461865515397 3.7537030231177666 3.7548598596839953 3.754394486681263 3.752194934935887 3.7499953831905115
3.681227392762782 3.6851034640393716 3.6889795353159673 3.692855606592557 3.696731677869146 3.7006077491457354 3.7044838204223245 3.708359891698914 3.7122359629755035 3.7161120342520926 3.719988105528682 3.723864176805271 3.7264480754826668 3.727650612414041 3.7288531493454147 3.730055686276791 3.7312582232081652 3.7324607601395394 3.7336632970709136 3.7348658340022878 3.736068370933662 3.737270907865036 3.7384734447964103 3.739675981727784 3.740878518659158 3.7420810555905324 3.7432835925219066 3.7444861294532807 3.745688666384657 3.7468912033160313 3.7480937402474055 3.7492962771787792 3.7504988141101534 3.7517013510415276 3.7529038879729018 3.754106424904276 3.75530896183565 3.7565114987670243 3.7577140356983985 3.7589165726297726 3.760119109561147 3.7613216464925228 3.7609214103410853 3.758807773490578 3.756694136640071
