Figures/CREST_Example_wjb_NSE/PETs/wjb.pet.20101114.asc
ncols            288
nrows            254
xllcorner        113.274861
yllcorner        31.4918055
cellsize         0.008333333333
NODATA_value     -9999
[rows 190 to 208 of 254, columns 44 to 87 of 288]
-9999.0 -9999.0 -9999.0 -9999.0 -9999.0 -9999.0 -9999.0 -9999.0 -9999.0 -9999.0 -9999.0 -9999.0 -9999.0 -9999.0 -9999.0 1.0693336816449375 1.0681132839977414 1.0668928863505454 1.0656724887033493 1.064452091056153 1.063231693408957 1.062011295761759 1.0607908981145626 1.0595705004673666 1.0583501028201705 1.0571297051729744 1.0559093075257784 1.0546889098785823 1.0510839000276189 1.0449296858241461 1.0387754716206736 1.032621257417201 1.0264670432137284 1.0203128290102557 1.0141586148067727 1.0080044006033 1.0018501863998275 0.9956959721963548 0.9895417579928821 0.9833875437894095 0.9772333295859369 0.9710791153824643 0.9649249011789917 0.958770686975519
-9999.0 -9999.0 -9999.0 -9999.0 -9999.0 -9999.0 -9999.0 -9999.0 -9999.0 -9999.0 -9999.0 -9999.0 -9999.0 -9999.0 -9999.0 1.0808311127060681 1.0803856898749726 1.0799402670438774 1.0794948442127819 1.0790494213816864 1.078603998550591 1.078158575719495 1.0777131528883994 1.077267730057304 1.0768223072262086 1.0763768843951131 1.0759314615640179 1.0754860387329224 1.0722408489049255 1.0660026448655457 1.0597644408261657 1.053526236786786 1.0472880327474061 1.0410498287080263 1.0348116246686359 1.0285734206292558 1.022335216589876 1.0160970125504962 1.0098588085111162 1.0036206044717364 0.9973824004323566 0.9911441963929767 0.9849059923535969 0.978667788314217
-9999.0 -9999.0 -9999.0 -9999.0 -9999.0 -9999.0 -9999.0 -9999.0 -9999.0 -9999.0 -9999.0 -9999.0 -9999.0 -9999.0 -9999.0 1.0923285437671986 1.0926580957522039 1.0929876477372091 1.0933171997222144 1.0936467517072197 1.093976303692225 1.094305855677231 1.0946354076622362 1.0949649596472415 1.0952945116322468 1.095624063617252 1.0959536156022571 1.0962831675872624 1.0933977977822322 1.0870756039069451 1.080753410031658 1.074431216156371 1.0681090222810838 1.0617868284057967 1.0554646345304988 1.0491424406552117 1.0428202467799246 1.0364980529046375 1.0301758590293504 1.0238536651540633 1.0175314712787762 1.011209277403489 1.004887083528202 0.9985648896529149
-9999.0 -9999.0 -9999.0 -9999.0 -9999.0 -9999.0 -9999.0 -9999.0 -9999.0 -9999.0 -9999.0 -9999.0 -9999.0 1.1016169212261173 1.1027214480272232 1.1038259748283292 1.1049305016294353 1.1060350284305411 1.1071395552316472 1.108244082032753 1.109348608833859 1.110453135634967 1.1115576624360728 1.1126621892371789 1.1137667160382847 1.1148712428393908 1.1159757696404966 1.1170802964416027 1.114554746659539 1.1081485629483445 1.1017423792371501 1.095336195525956 1.0889300118147616 1.0825238281035672 1.076117644392362 1.0697114606811675 1.0633052769699731 1.056899093258779 1.0504929095475846 1.0440867258363902 1.0376805421251958 1.0312743584140014 1.0248681747028072 1.0184619909916128
-9999.0 -9999.0 -9999.0 -9999.0 -9999.0 -9999.0 -9999.0 -9999.0 -9999.0 -9999.0 -9999.0 -9999.0 -9999.0 1.1115644026550506 1.1134439042722577 1.1153234058894645 1.1172029075066716 1.1190824091238785 1.1209619107410855 1.1228414123582926 1.1247209139754994 1.1266004155927096 1.1284799172099167 1.1303594188271235 1.1322389204443306 1.1341184220615377 1.1359979236787445 1.1378774252959516 1.1357116955368545 1.1292215219897528 1.1227313484426513 1.1162411748955496 1.109751001348448 1.1032608278013465 1.0967706542542337 1.090280480707132 1.0837903071600306 1.0773001336129289 1.0708099600658272 1.0643197865187257 1.057829612971624 1.0513394394245223 1.0448492658774209 1.0383590923303192
-9999.0 -9999.0 -9999.0 -9999.0 -9999.0 -9999.0 -9999.0 -9999.0 -9999.0 -9999.0 -9999.0 -9999.0 -9999.0 -9999.0 1.1241663605172876 1.1268208369505952 1.1294753133839028 1.1321297898172107 1.1347842662505183 1.137438742683826 1.1400932191171336 1.1427476955504459 1.1454021719837535 1.1480566484170611 1.150711124850369 1.1533656012836766 1.1560200777169842 1.1586745541502919 1.1568686444141614 1.1502944810311526 1.1437203176481436 1.1371461542651349 1.130571990882126 1.1239978274991171 1.117423664116097 1.110849500733088 1.1042753373500793 1.0977011739670703 1.0911270105840616 1.0845528472010526 1.0779786838180438 1.0714045204350349 1.064830357052026 1.0582561936690171
-9999.0 -9999.0 -9999.0 -9999.0 -9999.0 -9999.0 -9999.0 -9999.0 -9999.0 -9999.0 -9999.0 -9999.0 -9999.0 -9999.0 1.1348888167623175 1.1383182680117259 1.1417477192611343 1.1451771705105427 1.1486066217599509 1.1520360730093593 1.1554655242587677 1.1588949755081819 1.1623244267575903 1.1657538780069987 1.169183329256407 1.1726127805058153 1.1760422317552237 1.1794716830046321 1.178025593291468 1.171367440072552 1.164709286853636 1.1580511336347197 1.1513929804158036 1.1447348271968876 1.13807667397796 1.131418520759044 1.1247603675401279 1.1181022143212118 1.1114440611022955 1.1047859078833795 1.0981277546644634 1.0914696014455474 1.0848114482266311 1.078153295007715
-9999.0 -9999.0 -9999.0 -9999.0 -9999.0 -9999.0 -9999.0 -9999.0 -9999.0 -9999.0 -9999.0 -9999.0 -9999.0 -9999.0 1.145611273007352 1.1498156990728614 1.1540201251383708 1.1582245512038802 1.1624289772693897 1.1666334033348988 1.1708378294004083 1.1750422554659248 1.1792466815314342 1.1834511075969436 1.187655533662453 1.1918599597279624 1.1960643857934716 1.200268811858981 1.1991825421687838 1.1924403991139605 1.1856982560591371 1.1789561130043138 1.1722139699494902 1.1654718268946669 1.158729683839832 1.1519875407850086 1.1452453977301853 1.138503254675362 1.1317611116205386 1.125018968565715 1.1182768255108917 1.1115346824560683 1.104792539401245 1.0980503963464217
-9999.0 -9999.0 -9999.0 -9999.0 -9999.0 -9999.0 -9999.0 -9999.0 -9999.0 -9999.0 -9999.0 -9999.0 -9999.0 -9999.0 1.1563337292523819 1.1613131301339918 1.166292531015602 1.171271931897212 1.1762513327788222 1.1812307336604322 1.1862101345420424 1.1911895354236608 1.196168936305271 1.201148337186881 1.2061277380684912 1.2111071389501011 1.216086539831711 1.2210659407133213 1.2203394910460905 1.2135133581553599 1.2066872252646292 1.1998610923738986 1.193034959483168 1.1862088265924373 1.1793826937016951 1.1725565608109645 1.1657304279202338 1.1589042950295032 1.1520781621387726 1.145252029248042 1.1384258963573113 1.1315997634665809 1.1247736305758502 1.1179474976851196
-9999.0 -9999.0 -9999.0 -9999.0 -9999.0 -9999.0 -9999.0 -9999.0 -9999.0 -9999.0 1.1440386827065687 1.1497930584042795 1.1555474341019902 1.161301809799701 1.1670561854974117 1.1728105611951225 1.1785649368928333 1.184319312590544 1.1900736882882548 1.1958280639859655 1.2015824396836763 1.2073368153813968 1.2130911910791076 1.2188455667768183 1.224599942474529 1.2303543181722398 1.2361086938699506 1.2418630695676613 1.2414964399233972 1.2345863171967595 1.2276761944701216 1.2207660717434836 1.2138559490168457 1.206945826290208 1.2000357035635583 1.1931255808369203 1.1862154581102824 1.1793053353836447 1.1723952126570067 1.1654850899303688 1.1585749672037309 1.1516648444770932 1.1447547217504552 1.1378445990238173
-9999.0 -9999.0 -9999.0 -9999.0 -9999.0 -9999.0 -9999.0 -9999.0 -9999.0 -9999.0 1.1516612396871992 1.158190590201011 1.1647199407148228 1.1712492912286345 1.1777786417424463 1.184307992256258 1.1908373427700698 1.1973666932838816 1.2038960437976933 1.210425394311505 1.2169547448253168 1.2234840953391397 1.2300134458529517 1.2365427963667635 1.2430721468805752 1.249601497394387 1.2561308479081987 1.2626601984220105 1.262653388800713 1.255659276238168 1.2486651636756227 1.2416710511130775 1.2346769385505325 1.2276828259879873 1.2206887134254303 1.213694600862885 1.2067004883003398 1.1997063757377948 1.1927122631752496 1.1857181506127044 1.1787240380501594 1.1717299254876141 1.164735812925069 1.1577417003625239
-9999.0 -9999.0 -9999.0 -9999.0 -9999.0 -9999.0 -9999.0 -9999.0 -9999.0 1.151979471337914 1.1592837966678262 1.1665881219977388 1.1738924473276513 1.1811967726575636 1.1885010979874762 1.1958054233173887 1.203109748647301 1.2104140739772136 1.217718399307126 1.2250227246370384 1.232327049966951 1.239631375296876 1.2469357006267883 1.2542400259567008 1.2615443512866134 1.2688486766165257 1.2761530019464382 1.2834573272763508 1.2838103376780197 1.2767322352795674 1.2696541328811148 1.2625760304826625 1.2554979280842102 1.2484198256857577 1.2413417232872934 1.234263620888841 1.2271855184903886 1.220107416091936 1.2130293136934838 1.2059512112950315 1.198873108896579 1.1917950064981266 1.1847169040996741 1.1776388017012218
-9999.0 -9999.0 -9999.0 -9999.0 -9999.0 -9999.0 -9999.0 -9999.0 1.150747753356427 1.1588270535024403 1.1669063536484534 1.1749856537944665 1.1830649539404796 1.1911442540864927 1.199223554232506 1.2073028543785191 1.2153821545245322 1.2234614546705456 1.2315407548165587 1.2396200549625718 1.2476993551085849 1.2557786552546117 1.263857955400625 1.2719372555466382 1.2800165556926513 1.2880958558386646 1.2961751559846777 1.3042544561306908 1.3049672865553263 1.2978051943209667 1.2906431020866072 1.2834810098522476 1.276318917617888 1.2691568253835281 1.2619947331491563 1.2548326409147967 1.2476705486804371 1.2405084564460775 1.2333463642117177 1.2261842719773581 1.2190221797429985 1.211860087508639 1.2046979952742793 1.1975359030399195
-9999.0 -9999.0 -9999.0 -9999.0 -9999.0 -9999.0 -9999.0 -9999.0 -9999.0 1.1656746356669667 1.1745289106290806 1.1833831855911943 1.1922374605533081 1.201091735515422 1.209946010477536 1.2188002854396498 1.2276545604017635 1.2365088353638773 1.2453631103259912 1.2542173852881051 1.263071660250219 1.271925935212348 1.2807802101744616 1.2896344851365755 1.2984887600986894 1.3073430350608033 1.3161973100229172 1.3250515849850308 1.326124235432633 1.3188781533623661 1.3116320712920992 1.3043859892218326 1.2971399071515657 1.2898938250812988 1.2826477430110195 1.2754016609407526 1.2681555788704857 1.2609094968002188 1.253663414729952 1.246417332659685 1.2391712505894181 1.2319251685191515 1.2246790864488846 1.2174330043786177
-9999.0 -9999.0 -9999.0 -9999.0 -9999.0 -9999.0 -9999.0 -9999.0 -9999.0 -9999.0 1.182151467609711 1.1917807173879258 1.2014099671661407 1.2110392169443556 1.2206684667225705 1.2302977165007853 1.239926966279 1.249556216057215 1.2591854658354298 1.2688147156136447 1.2784439653918596 1.2880732151700909 1.2977024649483058 1.3073317147265207 1.3169609645047355 1.3265902142829504 1.336219464061165 1.34584871383938 1.3472811843099488 1.3399511124037746 1.3326210404976007 1.3252909685914265 1.3179608966852523 1.310630824779078 1.3033007528728915 1.2959706809667173 1.2886406090605431 1.281310537154369 1.2739804652481947 1.2666503933420208 1.2593203214358466 1.2519902495296724 1.2446601776234982 1.237330105717324
-9999.0 -9999.0 -9999.0 -9999.0 -9999.0 -9999.0 -9999.0 -9999.0 -9999.0 -9999.0 1.189774024590338 1.2001782491846535 1.210582473778969 1.2209866983732847 1.2313909229676003 1.2417951475619158 1.2521993721562312 1.262603596750547 1.2730078213448623 1.283412045939178 1.2938162705334935 1.304220495127827 1.3146247197221423 1.325028944316458 1.3354331689107735 1.3458373935050891 1.3562416180994046 1.3666458426937202 1.3684381331872555 1.3610240714451742 1.3536100097030928 1.3461959479610113 1.33878188621893 1.3313678244768485 1.3239537627347546 1.3165397009926731 1.3091256392505917 1.3017115775085104 1.294297515766429 1.2868834540243475 1.2794693922822662 1.2720553305401847 1.2646412687981032 1.257227207056022
-9999.0 -9999.0 -9999.0 -9999.0 -9999.0 -9999.0 -9999.0 -9999.0 -9999.0 -9999.0 -9999.0 -9999.0 1.2197549803917975 1.230934179802214 1.2421133792126302 1.2532925786230464 1.2644717780334627 1.275650977443879 1.2868301768542951 1.2980093762647114 1.3091885756751276 1.320367775085563 1.3315469744959791 1.3427261739063954 1.3539053733168116 1.3650845727272278 1.376263772137644 1.3874429715480603 1.3895950820645622 1.3820970304865736 1.374598978908585 1.3671009273305963 1.3596028757526077 1.352104824174619 1.3446067725966175 1.337108721018629 1.3296106694406404 1.3221126178626517 1.314614566284663 1.3071165147066743 1.2996184631286858 1.2921204115506972 1.2846223599727085 1.27712430839472
-9999.0 -9999.0 -9999.0 -9999.0 -9999.0 -9999.0 -9999.0 -9999.0 -9999.0 -9999.0 -9999.0 -9999.0 -9999.0 1.2408816612311473 1.2528358354576645 1.264790009684182 1.2767441839106992 1.2886983581372164 1.3006525323637337 1.312606706590251 1.3245608808167681 1.3365150550433058 1.348469229269823 1.3604234034963403 1.3723775777228577 1.384331751949375 1.3962859261758922 1.4082401004024094 1.410752030941878 1.403169989527982 1.3955879481140863 1.3880059067001902 1.3804238652862943 1.3728418238723985 1.3652597824584896 1.3576777410445937 1.3500956996306979 1.3425136582168018 1.334931616802906 1.32734957538901 1.319767533975114 1.3121854925612182 1.3046034511473223 1.2970214097334263
-9999.0 -9999.0 -9999.0 -9999.0 -9999.0 -9999.0 -9999.0 -9999.0 -9999.0 -9999.0 -9999.0 -9999.0 -9999.0 1.2397809008271876 1.2520724203316376 1.2643639398360875 1.2766554593405375 1.2889469788449872 1.3012384983494372 1.3135300178538871 1.3258215373583369 1.3381130568628077 1.3504045763672576 1.3626960958717076 1.3749876153761575 1.3872791348806075 1.3995706543850572 1.4118621738895072 1.4145643314070826 1.4070152441830148 1.3994661569589473 1.3919170697348795 1.3843679825108117 1.376818895286744 1.3692698080626633 1.3617207208385955 1.354171633614528 1.3466225463904602 1.3390734591663924 1.3315243719423246 1.3239752847182569 1.316426197494189 1.3088771102701213 1.3013280230460538
