Figures/CREST_Example_wjb_NSE/PETs/wjb.pet.20100813.asc
ncols            288
nrows            254
xllcorner        113.274861
yllcorner        31.4918055
cellsize         0.008333333333
NODATA_value     -9999
[rows 140 to 159 of 254, columns 180 to 224 of 288]
4.2495576609070564 4.254208409155109 4.258859157403169 4.263509905651222 4.268160653899273 4.272811402147326 4.277462150395378 4.2821128986434305 4.286763646891482 4.291414395139535 4.296065143387587 4.300715891635639 4.303974840826305 4.305745925332932 4.307517009839559 4.30928809434619 4.311059178852817 4.312830263359444 4.314601347866072 4.3163724323727 4.318143516879327 4.319914601385954 4.321685685892581 4.323456770399209 4.325227854905836 4.326998939412463 4.328770023919091 4.330541108425718 4.332312192932348 4.3340832774389755 4.335854361945604 4.337625446452231 4.339396530958858 4.341167615465485 4.3429386999721125 4.34470978447874 4.346480868985367 4.348251953491995 4.350023037998622 4.351794122505249 4.353565207011877 4.3553362915185065 4.355656816409063 4.354426660241351 4.353196504073638
4.254299868971673 4.2589723618728845 4.263644854774105 4.268317347675317 4.272989840576528 4.277662333477741 4.2823348263789525 4.287007319280165 4.291679812181377 4.296352305082588 4.301024797983801 4.305697290885012 4.3088984527078145 4.310526728316566 4.312155003925317 4.3137832795340705 4.315411555142822 4.317039830751573 4.318668106360324 4.320296381969075 4.321924657577825 4.323552933186576 4.325181208795327 4.3268094844040785 4.32843776001283 4.330066035621581 4.331694311230332 4.333322586839083 4.334950862447837 4.336579138056587 4.338207413665338 4.339835689274089 4.34146396488284 4.3430922404915915 4.344720516100343 4.346348791709094 4.347977067317844 4.349605342926595 4.351233618535346 4.352861894144097 4.354490169752848 4.356118445361602 4.356310892926558 4.354968407817411 4.353625922708264
4.2590420770362885 4.263736314590661 4.26843055214504 4.273124789699412 4.277819027253783 4.282513264808155 4.287207502362526 4.291901739916898 4.29659597747127 4.301290215025642 4.305984452580013 4.3106786901343845 4.313822064589324 4.315307531300198 4.316792998011073 4.31827846472195 4.319763931432825 4.3212493981437 4.322734864854574 4.324220331565449 4.325705798276324 4.327191264987198 4.328676731698073 4.330162198408948 4.331647665119823 4.333133131830698 4.334618598541572 4.336104065252447 4.3375895319633235 4.3390749986741985 4.340560465385074 4.342045932095948 4.343531398806823 4.345016865517697 4.346502332228572 4.347987798939447 4.349473265650321 4.350958732361196 4.35244419907207 4.353929665782945 4.35541513249382 4.356900599204697 4.3569649694440535 4.355510155393471 4.35405534134289
4.263784285100905 4.268500267308436 4.273216249515976 4.277932231723507 4.282648213931038 4.28736419613857 4.292080178346101 4.296796160553632 4.301512142761164 4.306228124968695 4.310944107176226 4.315660089383758 4.318745676470834 4.320088334283832 4.321430992096831 4.3227736499098315 4.3241163077228295 4.3254589655358275 4.326801623348826 4.3281442811618245 4.3294869389748225 4.3308295967878205 4.3321722546008194 4.3335149124138175 4.3348575702268155 4.336200228039814 4.3375428858528124 4.3388855436658105 4.340228201478811 4.341570859291809 4.342913517104808 4.344256174917806 4.345598832730804 4.346941490543803 4.348284148356801 4.349626806169799 4.350969463982797 4.352312121795796 4.353654779608794 4.354997437421792 4.356340095234791 4.357682753047792 4.357619045961548 4.356051902969531 4.354484759977515
4.268526493165525 4.273264220026216 4.278001946886915 4.2827396737476064 4.287477400608297 4.292215127468988 4.296952854329679 4.30169058119037 4.3064283080510615 4.311166034911753 4.315903761772443 4.320641488633134 4.323669288352347 4.324869137267469 4.326068986182591 4.327268835097715 4.328468684012837 4.3296685329279585 4.33086838184308 4.332068230758202 4.333268079673324 4.334467928588446 4.335667777503568 4.33686762641869 4.338067475333812 4.339267324248934 4.340467173164056 4.341667022079177 4.3428668709943015 4.344066719909423 4.345266568824544 4.346466417739666 4.347666266654788 4.34886611556991 4.350065964485032 4.351265813400154 4.352465662315276 4.353665511230398 4.35486536014552 4.356065209060642 4.357265057975764 4.358464906890887 4.358273122479044 4.356593650545593 4.354914178612141
4.2732687012301405 4.2780281727439915 4.2827876442578505 4.287547115771701 4.292306587285552 4.297066058799403 4.301825530313253 4.306585001827104 4.311344473340954 4.316103944854805 4.320863416368656 4.325622887882506 4.328592900233857 4.329649940251102 4.3307069802683476 4.331764020285595 4.33282106030284 4.333878100320086 4.334935140337331 4.335992180354577 4.3370492203718225 4.338106260389067 4.339163300406313 4.340220340423559 4.341277380440804 4.34233442045805 4.343391460475296 4.344448500492541 4.345505540509788 4.346562580527034 4.347619620544279 4.348676660561525 4.34973370057877 4.350790740596016 4.351847780613261 4.352904820630506 4.353961860647752 4.355018900664998 4.356075940682243 4.357132980699489 4.358190020716735 4.359247060733981 4.358927198996539 4.3571353981216525 4.355343597246766
4.278010909294757 4.282792125461768 4.287573341628786 4.292354557795797 4.297135773962807 4.3019169901298175 4.3066982062968275 4.311479422463838 4.316260638630848 4.321041854797858 4.325823070964869 4.330604287131879 4.3335165121153665 4.334430743234735 4.335344974354105 4.336259205473476 4.3371734365928445 4.338087667712213 4.339001898831583 4.339916129950952 4.340830361070322 4.34174459218969 4.342658823309059 4.343573054428429 4.344487285547798 4.345401516667167 4.346315747786536 4.347229978905905 4.348144210025276 4.349058441144646 4.349972672264014 4.350886903383383 4.351801134502753 4.352715365622122 4.353629596741491 4.35454382786086 4.355458058980229 4.356372290099598 4.357286521218968 4.358200752338337 4.359114983457705 4.360029214577077 4.359581275514034 4.357677145697713 4.355773015881392
4.2827531173593725 4.287556078179543 4.292359038999721 4.297161999819891 4.301964960640062 4.3067679214602315 4.311570882280401 4.316373843100571 4.321176803920742 4.325979764740912 4.330782725561082 4.335585686381251 4.338440123996875 4.339211546218368 4.339982968439861 4.340754390661355 4.341525812882848 4.342297235104341 4.3430686573258335 4.343840079547326 4.34461150176882 4.345382923990313 4.346154346211805 4.346925768433298 4.347697190654791 4.3484686128762835 4.349240035097776 4.350011457319269 4.3507828795407635 4.351554301762256 4.352325723983749 4.353097146205242 4.353868568426734 4.354639990648228 4.355411412869721 4.3561828350912135 4.356954257312706 4.357725679534199 4.358497101755692 4.3592685239771845 4.360039946198677 4.360811368420172 4.36023535203153 4.358218893273774 4.3562024345160175
4.284319797091992 4.2891029387577015 4.29388608042342 4.298669222089129 4.303452363754838 4.308235505420547 4.313018647086256 4.317801788751965 4.322584930417674 4.327368072083384 4.332151213749093 4.336934355414802 4.339745136557082 4.340447419671985 4.34114970278689 4.341851985901796 4.3425542690167 4.343256552131605 4.343958835246508 4.3446611183614126 4.345363401476317 4.346065684591221 4.346767967706126 4.34747025082103 4.3481725339359345 4.348874817050839 4.349577100165743 4.350279383280648 4.350981666395553 4.351683949510457 4.352386232625362 4.353088515740266 4.3537907988551705 4.354493081970075 4.355195365084979 4.355897648199884 4.356599931314788 4.3573022144296925 4.358004497544597 4.3587067806595 4.359409063774405 4.360111346889311 4.359492346917747 4.357460865423816 4.355429383929883
4.282492037216552 4.287210930637552 4.29192982405856 4.29664871747956 4.301367610900559 4.306086504321559 4.310805397742559 4.315524291163559 4.320243184584559 4.324962078005559 4.3296809714265585 4.334399864847558 4.3371820945519515 4.33789398692316 4.338605879294369 4.339317771665579 4.340029664036788 4.3407415564079965 4.341453448779205 4.342165341150414 4.342877233521623 4.343589125892832 4.344301018264041 4.3450129106352495 4.345724803006458 4.346436695377668 4.347148587748877 4.347860480120086 4.3485723724912955 4.349284264862504 4.349996157233713 4.350708049604922 4.351419941976131 4.35213183434734 4.3528437267185485 4.353555619089757 4.354267511460966 4.354979403832175 4.355691296203384 4.356403188574593 4.3571150809458015 4.357826973317012 4.357255949609314 4.3553134595786425 4.35337096954797
4.280664277341111 4.285318922517401 4.2899735676937 4.29462821286999 4.29928285804628 4.303937503222571 4.308592148398861 4.313246793575152 4.317901438751442 4.322556083927733 4.3272107291040225 4.331865374280313 4.334619052546819 4.335340554174333 4.336062055801846 4.336783557429361 4.337505059056874 4.3382265606843875 4.338948062311901 4.339669563939414 4.340391065566927 4.341112567194441 4.341834068821954 4.342555570449467 4.34327707207698 4.343998573704495 4.344720075332008 4.345441576959521 4.346163078587035 4.346884580214549 4.347606081842062 4.348327583469576 4.349049085097089 4.349770586724603 4.350492088352116 4.351213589979629 4.351935091607142 4.352656593234656 4.353378094862169 4.354099596489682 4.3548210981171955 4.355542599744711 4.355019552300878 4.353166053733466 4.3513125551660545
4.27883651746567 4.283426914397252 4.288017311328841 4.292607708260421 4.2971981051920025 4.301788502123584 4.306378899055165 4.310969295986745 4.315559692918327 4.320150089849908 4.324740486781488 4.3293308837130695 4.332056010541689 4.332787121425507 4.333518232309324 4.334249343193144 4.334980454076962 4.335711564960779 4.336442675844598 4.337173786728416 4.337904897612233 4.338636008496051 4.339367119379869 4.3400982302636875 4.340829341147505 4.341560452031323 4.342291562915141 4.343022673798958 4.343753784682778 4.344484895566596 4.345216006450413 4.345947117334232 4.34667822821805 4.347409339101867 4.348140449985685 4.348871560869503 4.349602671753321 4.350333782637139 4.351064893520957 4.3517960044047745 4.352527115288592 4.353258226172412 4.352783154992445 4.351018647888293 4.349254140784142
4.277008757590231 4.281534906277102 4.286061054963981 4.290587203650853 4.295113352337725 4.299639501024596 4.304165649711468 4.30869179839834 4.313217947085211 4.317744095772083 4.322270244458954 4.326796393145826 4.329492968536559 4.330233688676681 4.330974408816804 4.331715128956927 4.33245584909705 4.333196569237172 4.333937289377294 4.334678009517416 4.3354187296575395 4.336159449797662 4.336900169937784 4.337640890077907 4.338381610218029 4.339122330358151 4.339863050498273 4.340603770638396 4.3413444907785195 4.3420852109186425 4.342825931058765 4.343566651198887 4.344307371339009 4.345048091479132 4.345788811619254 4.346529531759376 4.347270251899499 4.348010972039622 4.348751692179744 4.349492412319866 4.350233132459988 4.350973852600112 4.350546757684011 4.34887124204312 4.347195726402227
4.2751809977147905 4.279642898156953 4.284104798599123 4.288566699041286 4.293028599483447 4.29749049992561 4.301952400367772 4.3064143008099345 4.310876201252096 4.315338101694259 4.319800002136421 4.324261902578583 4.326929926531429 4.327680255927857 4.328430585324283 4.329180914720712 4.329931244117138 4.330681573513565 4.331431902909992 4.332182232306419 4.332932561702846 4.333682891099273 4.3344332204957 4.335183549892126 4.335933879288554 4.33668420868498 4.337434538081407 4.3381848674778345 4.338935196874263 4.3396855262706895 4.340435855667116 4.341186185063543 4.34193651445997 4.342686843856397 4.343437173252823 4.344187502649251 4.3449378320456775 4.345688161442104 4.346438490838532 4.347188820234958 4.347939149631385 4.348689479027813 4.348310360375577 4.346723836197946 4.345137312020315
4.27335323783935 4.2777508900368035 4.282148542234264 4.2865461944317165 4.29094384662917 4.295341498826622 4.299739151024076 4.304136803221528 4.3085344554189815 4.312932107616434 4.317329759813887 4.32172741201134 4.3243668845263 4.325126823179031 4.325886761831762 4.326646700484495 4.327406639137227 4.328166577789958 4.3289265164426896 4.329686455095421 4.330446393748152 4.331206332400884 4.331966271053615 4.332726209706347 4.333486148359078 4.33424608701181 4.335006025664541 4.335765964317272 4.3365259029700045 4.3372858416227364 4.3380457802754675 4.338805718928199 4.3395656575809305 4.3403255962336615 4.3410855348863935 4.3418454735391245 4.3426054121918565 4.3433653508445875 4.3441252894973195 4.3448852281500505 4.345645166802782 4.346405105455514 4.346073963067144 4.344576430352773 4.343078897638402
4.271525477963911 4.275858881916654 4.280192285869405 4.284525689822148 4.288859093774891 4.2931924977276354 4.297525901680379 4.301859305633122 4.306192709585866 4.310526113538609 4.314859517491353 4.319192921444096 4.321803842521169 4.322573390430205 4.323342938339241 4.3241124862482785 4.324882034157314 4.32565158206635 4.326421129975386 4.327190677884422 4.327960225793458 4.328729773702494 4.32949932161153 4.330268869520566 4.3310384174296015 4.331807965338638 4.332577513247673 4.33334706115671 4.334116609065747 4.3348861569747825 4.335655704883819 4.336425252792854 4.337194800701891 4.337964348610926 4.338733896519963 4.339503444428998 4.3402729923380345 4.34104254024707 4.3418120881561055 4.342581636065142 4.343351183974177 4.344120731883215 4.34383756575871 4.342429024507599 4.341020483256488
4.26969771808847 4.273966873796505 4.278236029504546 4.28250518521258 4.286774340920615 4.291043496628649 4.2953126523366825 4.299581808044717 4.303850963752751 4.308120119460785 4.31238927516882 4.316658430876854 4.31924080051604 4.32001995768138 4.320799114846721 4.321578272012062 4.322357429177403 4.323136586342743 4.323915743508084 4.324694900673424 4.325474057838765 4.326253215004105 4.3270323721694455 4.327811529334785 4.328590686500126 4.329369843665467 4.330149000830807 4.330928157996148 4.3317073151614895 4.3324864723268295 4.33326562949217 4.33404478665751 4.334823943822851 4.335603100988192 4.336382258153532 4.337161415318873 4.337940572484213 4.338719729649553 4.339498886814893 4.340278043980234 4.341057201145575 4.341836358310917 4.341601168450277 4.340281618662425 4.338962068874575
4.267869958213029 4.272074865676354 4.276279773139685 4.28048468060301 4.284689588066335 4.28889449552966 4.2930994029929845 4.297304310456309 4.301509217919634 4.305714125382959 4.309919032846284 4.314123940309608 4.316677758510908 4.317466524932553 4.318255291354197 4.3190440577758435 4.319832824197489 4.320621590619134 4.3214103570407785 4.322199123462424 4.322987889884068 4.323776656305713 4.324565422727359 4.325354189149003 4.326142955570648 4.326931721992294 4.327720488413938 4.328509254835583 4.329298021257229 4.330086787678875 4.330875554100519 4.331664320522164 4.33245308694381 4.333241853365454 4.334030619787099 4.334819386208744 4.335608152630389 4.336396919052034 4.3371856854736786 4.337974451895324 4.338763218316969 4.339551984738615 4.339364771141841 4.33813421281725 4.33690365449266
4.266042198337589 4.270182857556204 4.274323516774826 4.278464175993442 4.282604835212057 4.286745494430672 4.2908861536492875 4.295026812867904 4.299167472086519 4.303308131305134 4.3074487905237495 4.311589449742365 4.314114716505777 4.314913092183727 4.315711467861677 4.316509843539627 4.317308219217577 4.318106594895526 4.318904970573476 4.319703346251425 4.320501721929374 4.321300097607324 4.322098473285274 4.322896848963223 4.323695224641172 4.324493600319122 4.325291975997072 4.326090351675021 4.326888727352972 4.327687103030922 4.3284854787088705 4.32928385438682 4.33008223006477 4.330880605742719 4.331678981420668 4.332477357098618 4.333275732776568 4.334074108454517 4.334872484132466 4.335670859810416 4.336469235488366 4.337267611166316 4.337128373833408 4.335986806972077 4.334845240110746
4.264214438462148 4.268290849436054 4.272367260409967 4.276443671383873 4.280520082357779 4.284596493331685 4.288672904305591 4.292749315279497 4.296825726253403 4.300902137227309 4.304978548201215 4.309054959175121 4.311551674500647 4.312359659434901 4.313167644369155 4.31397562930341 4.3147836142376645 4.315591599171919 4.316399584106173 4.317207569040427 4.31801555397468 4.3188235389089344 4.319631523843189 4.320439508777443 4.321247493711697 4.322055478645951 4.322863463580204 4.3236714485144585 4.324479433448714 4.325287418382968 4.326095403317222 4.326903388251476 4.32771137318573 4.328519358119984 4.3293273430542385 4.330135327988492 4.330943312922746 4.331751297857 4.332559282791254 4.333367267725508 4.334175252659763 4.334983237594018 4.334891976524974 4.3338394011269035 4.332786825728833
