Figures/CREST_Example_wjb_NSE/PETs/wjb.pet.20090714.asc
ncols            288
nrows            254
xllcorner        113.274861
yllcorner        31.4918055
cellsize         0.008333333333
NODATA_value     -9999
[rows 160 to 179 of 254, columns 176 to 219 of 288]
3.011300045502723 3.0132594867491456 3.015218927995568 3.0171783692419902 3.0191378104884126 3.0210972517348353 3.023056692981261 3.0250161342276836 3.026975575474106 3.0289350167205282 3.030894457966951 3.0328538992133733 3.0348133404597957 3.036772781706218 3.038732222952641 3.040691664199063 3.0419206453616887 3.042368748166901 3.0428168509721134 3.0432649537773266 3.0437130565825394 3.044161159387752 3.044609262192964 3.045057364998177 3.0455054678033893 3.0459535706086016 3.0464016734138144 3.0468497762190268 3.047297879024239 3.047745981829452 3.0481940846346642 3.0486421874398766 3.04909029024509 3.0495383930503026 3.049986495855515 3.0504345986607273 3.05088270146594 3.0513308042711524 3.051778907076365 3.0522270098815776 3.05267511268679 3.0531232154920023 3.053571318297215 3.0540194211024274
2.9996344927689593 3.0014089847807166 3.003183476792474 3.004957968804231 3.0067324608159884 3.0085069528277457 3.010281444839506 3.0120559368512634 3.0138304288630207 3.015604920874778 3.017379412886535 3.0191539048982925 3.0209283969100498 3.022702888921807 3.0244773809335643 3.0262518729453216 3.0273768642934846 3.027807524736268 3.0282381851790516 3.028668845621836 3.0290995060646195 3.0295301665074033 3.0299608269501865 3.0303914873929703 3.030822147835754 3.0312528082785373 3.031683468721321 3.0321141291641047 3.032544789606888 3.0329754500496717 3.0334061104924555 3.033836770935239 3.0342674313780233 3.034698091820807 3.0351287522635904 3.035559412706374 3.035990073149158 3.036420733591941 3.036851394034725 3.0372820544775085 3.037712714920292 3.0381433753630755 3.0385740358058593 3.0390046962486426
2.9879689400351954 2.9895584828122876 2.99114802558938 2.9927375683664716 2.994327111143564 2.995916653920656 2.997506196697751 2.999095739474843 3.000685282251935 3.002274825029027 3.0038643678061194 3.0054539105832117 3.007043453360304 3.0086329961373957 3.010222538914488 3.01181208169158 3.0128330832252805 3.013246301305635 3.01365951938599 3.014072737466345 3.0144859555466996 3.0148991736270543 3.015312391707409 3.015725609787764 3.0161388278681187 3.0165520459484734 3.016965264028828 3.0173784821091827 3.0177917001895374 3.018204918269892 3.0186181363502467 3.0190313544306013 3.0194445725109564 3.019857790591311 3.0202710086716658 3.0206842267520204 3.021097444832375 3.0215106629127297 3.0219238809930844 3.0223370990734395 3.022750317153794 3.023163535234149 3.0235767533145035 3.023989971394858
2.9763033873014217 2.9777079808438485 2.979112574386275 2.980517167928702 2.9819217614711286 2.9833263550135554 2.9847309485559848 2.9861355420984115 2.987540135640838 2.988944729183265 2.990349322725692 2.991753916268119 2.9931585098105455 2.9945631033529723 2.995967696895399 2.9973722904378257 2.9982893021570636 2.998685077874989 2.999080853592915 2.9994766293108412 2.9998724050287673 3.000268180746693 3.000663956464619 3.0010597321825445 3.00145550790047 3.001851283618396 3.0022470593363217 3.0026428350542473 3.0030386107721734 3.003434386490099 3.003830162208025 3.0042259379259506 3.004621713643877 3.0050174893618027 3.0054132650797287 3.0058090407976543 3.00620481651558 3.006600592233506 3.0069963679514315 3.007392143669357 3.007787919387283 3.0081836951052088 3.0085794708231344 3.0089752465410604
2.964637834567658 2.9658574788754195 2.967077123183181 2.968296767490943 2.969516411798704 2.9707360561064657 2.9719557004142296 2.9731753447219913 2.974394989029753 2.9756146333375146 2.9768342776452763 2.978053921953038 2.9792735662607996 2.980493210568561 2.9817128548763225 2.982932499184084 2.9837455210888595 2.9841238544443565 2.984502187799853 2.984880521155351 2.9852588545108474 2.9856371878663444 2.9860155212218413 2.986393854577338 2.986772187932835 2.987150521288332 2.987528854643829 2.9879071879993253 2.9882855213548223 2.9886638547103193 2.989042188065816 2.9894205214213128 2.98979885477681 2.990177188132307 2.990555521487804 2.9909338548433007 2.9913121881987976 2.9916905215542946 2.992068854909791 2.992447188265288 2.992825521620785 2.993203854976282 2.9935821883317786 2.9939605216872756
2.952972281833894 2.9540069769069905 2.955041671980087 2.9560763670531833 2.95711106212628 2.9581457571993766 2.9591804522724745 2.960215147345571 2.9612498424186677 2.962284537491764 2.9633192325648605 2.964353927637957 2.9653886227110533 2.96642331778415 2.9674580128572465 2.9684927079303427 2.9692017400206554 2.9695626310137233 2.969923522006791 2.97028441299986 2.970645303992928 2.971006194985996 2.9713670859790637 2.9717279769721316 2.9720888679651996 2.9724497589582675 2.9728106499513354 2.9731715409444033 2.973532431937471 2.973893322930539 2.974254213923607 2.974615104916675 2.9749759959097437 2.9753368869028116 2.9756977778958795 2.9760586688889474 2.9764195598820153 2.9767804508750833 2.977141341868151 2.977502232861219 2.977863123854287 2.978224014847355 2.978584905840423 2.9789457968334907
2.9413067291001305 2.9421564749385616 2.943006220776993 2.9438559666154243 2.944705712453856 2.945555458292287 2.94640520413072 2.947254949969151 2.9481046958075825 2.9489544416460136 2.9498041874844447 2.9506539333228763 2.9515036791613074 2.952353424999739 2.95320317083817 2.954052916676601 2.9546579589524513 2.9550014075830906 2.9553448562137294 2.955688304844369 2.956031753475008 2.956375202105647 2.956718650736286 2.957062099366925 2.9574055479975643 2.957748996628203 2.958092445258842 2.9584358938894812 2.95877934252012 2.9591227911507594 2.9594662397813982 2.959809688412037 2.960153137042677 2.960496585673316 2.960840034303955 2.9611834829345938 2.961526931565233 2.961870380195872 2.962213828826511 2.96255727745715 2.962900726087789 2.963244174718428 2.963587623349067 2.963931071979706
2.9296411763663666 2.9303059729701326 2.9309707695738987 2.9316355661776647 2.932300362781431 2.932965159385197 2.9336299559889643 2.9342947525927303 2.9349595491964964 2.935624345800263 2.936289142404029 2.936953939007795 2.937618735611561 2.938283532215327 2.938948328819093 2.9396131254228592 2.940114177884247 2.940440184152457 2.9407661904206672 2.941092196688878 2.941418202957088 2.941744209225298 2.942070215493508 2.9423962217617183 2.9427222280299286 2.9430482342981383 2.9433742405663486 2.9437002468345588 2.944026253102769 2.944352259370979 2.944678265639189 2.945004271907399 2.94533027817561 2.94565628444382 2.9459822907120303 2.94630829698024 2.9466343032484503 2.9469603095166605 2.9472863157848708 2.947612322053081 2.9479383283212908 2.948264334589501 2.948590340857711 2.9489163471259214
2.9179756236326027 2.9184554710017037 2.9189353183708047 2.9194151657399057 2.9198950131090067 2.9203748604781077 2.920854707847209 2.92133455521631 2.921814402585411 2.922294249954512 2.922774097323613 2.923253944692714 2.923733792061815 2.924213639430916 2.924693486800017 2.925173334169118 2.9255703968160427 2.925878960721824 2.9261875246276055 2.926496088533387 2.926804652439168 2.9271132163449494 2.9274217802507305 2.9277303441565117 2.928038908062293 2.9283474719680744 2.9286560358738556 2.9289645997796367 2.929273163685418 2.929581727591199 2.92989029149698 2.9301988554027614 2.9305074193085434 2.9308159832143246 2.9311245471201057 2.931433111025887 2.931741674931668 2.932050238837449 2.9323588027432304 2.9326673666490115 2.932975930554793 2.9332844944605743 2.9335930583663554 2.9339016222721366
2.906310070898839 2.9066049690332747 2.9068998671677106 2.9071947653021466 2.907489663436582 2.907784561571018 2.9080794597054545 2.90837435783989 2.908669255974326 2.908964154108762 2.9092590522431974 2.9095539503776333 2.9098488485120693 2.9101437466465048 2.9104386447809407 2.9107335429153767 2.9110266157478386 2.911317737291191 2.9116088588345432 2.911899980377896 2.9121911019212483 2.912482223464601 2.912773345007953 2.9130644665513055 2.9133555880946576 2.91364670963801 2.913937831181362 2.9142289527247147 2.914520074268067 2.9148111958114193 2.9151023173547714 2.9153934388981235 2.9156845604414765 2.9159756819848286 2.916266803528181 2.916557925071533 2.9168490466148858 2.917140168158238 2.9174312897015904 2.9177224112449425 2.918013532788295 2.918304654331647 2.9185957758749996 2.9188868974183517
2.894644518165065 2.8947544670648355 2.894864415964606 2.8949743648643764 2.895084313764147 2.8951942626639173 2.8953042115636882 2.8954141604634587 2.895524109363229 2.8956340582629996 2.89574400716277 2.8958539560625405 2.895963904962311 2.8960738538620814 2.896183802761852 2.8962937516616223 2.896482834679622 2.896756513860545 2.8970301930414686 2.8973038722223925 2.897577551403316 2.8978512305842394 2.8981249097651625 2.898398588946086 2.8986722681270094 2.898945947307933 2.8992196264888563 2.8994933056697794 2.899766984850703 2.9000406640316263 2.9003143432125498 2.9005880223934732 2.9008617015743967 2.90113538075532 2.9014090599362437 2.901682739117167 2.9019564182980906 2.9022300974790136 2.902503776659937 2.9027774558408606 2.903051135021784 2.9033248142027075 2.9035984933836305 2.903872172564554
2.8829789654313016 2.8829039650964066 2.882828964761512 2.8827539644266174 2.8826789640917228 2.8826039637568277 2.882528963421933 2.8824539630870385 2.8823789627521434 2.882303962417249 2.8822289620823542 2.8821539617474596 2.882078961412565 2.88200396107767 2.8819289607427754 2.8818539604078808 2.881939053611418 2.8821952904299124 2.882451527248407 2.8827077640669017 2.882964000885396 2.8832202377038905 2.883476474522385 2.8837327113408797 2.883988948159374 2.8842451849778685 2.884501421796363 2.8847576586148573 2.8850138954333517 2.8852701322518466 2.885526369070341 2.8857826058888354 2.8860388427073302 2.8862950795258246 2.886551316344319 2.8868075531628135 2.8870637899813083 2.8873200267998027 2.887576263618297 2.8878325004367915 2.888088737255286 2.8883449740737803 2.8886012108922747 2.8888574477107696
2.8713134126975377 2.8710534631279776 2.870793513558418 2.870533563988858 2.870273614419298 2.870013664849738 2.869753715280178 2.869493765710618 2.869233816141058 2.8689738665714986 2.8687139170019385 2.868453967432379 2.8681940178628187 2.867934068293259 2.867674118723699 2.8674141691541393 2.867395272543214 2.8676340669992793 2.867872861455345 2.868111655911411 2.8683504503674766 2.868589244823542 2.8688280392796077 2.869066833735673 2.869305628191739 2.869544422647804 2.86978321710387 2.8700220115599353 2.870260806016001 2.8704996004720664 2.8707383949281318 2.8709771893841975 2.8712159838402633 2.871454778296329 2.8716935727523945 2.8719323672084602 2.8721711616645256 2.8724099561205914 2.8726487505766567 2.8728875450327225 2.873126339488788 2.8733651339448536 2.873603928400919 2.8738427228569847
2.859647859963774 2.8592029611595486 2.858758062355324 2.8583131635510988 2.8578682647468736 2.857423365942649 2.856978467138423 2.856533568334198 2.856088669529973 2.855643770725748 2.8551988719215227 2.854753973117298 2.854309074313073 2.8538641755088476 2.853419276704623 2.8529743779003978 2.85285149147501 2.8530728435686465 2.8532941956622833 2.85351554775592 2.8537368998495567 2.8539582519431934 2.85417960403683 2.854400956130467 2.854622308224103 2.85484366031774 2.8550650124113766 2.8552863645050133 2.85550771659865 2.8557290686922863 2.855950420785923 2.8561717728795597 2.856393124973197 2.8566144770668336 2.85683582916047 2.8570571812541066 2.8572785333477433 2.85749988544138 2.8577212375350167 2.8579425896286534 2.8581639417222897 2.8583852938159264 2.858606645909563 2.8588279980032
2.84798230723001 2.8473524591911197 2.8467226111522295 2.8460927631133393 2.845462915074449 2.844833067035559 2.8442032189966677 2.8435733709577775 2.8429435229188873 2.842313674879997 2.841683826841107 2.8410539788022167 2.8404241307633264 2.8397942827244362 2.839164434685546 2.838534586646656 2.8383077104068053 2.838511620138013 2.8387155298692206 2.8389194396004287 2.839123349331637 2.8393272590628444 2.839531168794052 2.8397350785252597 2.8399389882564674 2.8401428979876755 2.840346807718883 2.840550717450091 2.8407546271812985 2.840958536912506 2.841162446643714 2.841366356374922 2.84157026610613 2.8417741758373376 2.8419780855685453 2.842181995299753 2.842385905030961 2.8425898147621687 2.8427937244933763 2.842997634224584 2.8432015439557916 2.8434054536869997 2.8436093634182074 2.843813273149415
2.836316754496246 2.8355019572226907 2.8346871599491354 2.83387236267558 2.8330575654020245 2.832242768128469 2.8314279708549126 2.8306131735813573 2.829798376307802 2.8289835790342464 2.828168781760691 2.827353984487136 2.8265391872135806 2.8257243899400253 2.8249095926664696 2.8240947953929143 2.823763929338601 2.8239503967073802 2.824136864076159 2.824323331444938 2.824509798813717 2.824696266182496 2.8248827335512745 2.8250692009200535 2.825255668288832 2.825442135657611 2.8256286030263897 2.8258150703951688 2.8260015377639474 2.8261880051327264 2.826374472501505 2.826560939870284 2.826747407239063 2.826933874607842 2.8271203419766207 2.8273068093453997 2.8274932767141783 2.8276797440829573 2.8278662114517363 2.828052678820515 2.828239146189294 2.8284256135580725 2.8286120809268516 2.82879854829563
2.8246512017624728 2.823651455254252 2.822651708746031 2.8216519622378105 2.8206522157295897 2.819652469221369 2.818652722713147 2.817652976204926 2.8166532296967053 2.8156534831884845 2.8146537366802638 2.8136539901720434 2.8126542436638227 2.811654497155602 2.810654750647381 2.8096550041391604 2.8092201482703847 2.8093891732767347 2.8095581982830846 2.8097272232894346 2.8098962482957845 2.8100652733021345 2.8102342983084845 2.8104033233148344 2.8105723483211844 2.8107413733275344 2.810910398333884 2.811079423340234 2.811248448346584 2.811417473352934 2.8115864983592838 2.8117555233656337 2.8119245483719837 2.8120935733783337 2.8122625983846836 2.8124316233910336 2.8126006483973836 2.812769673403733 2.812938698410083 2.813107723416433 2.813276748422783 2.813445773429133 2.813614798435483 2.813783823441833
2.8129856490287084 2.8118009532858226 2.8106162575429368 2.809431561800051 2.808246866057165 2.8070621703142793 2.8058774745713913 2.8046927788285054 2.8035080830856196 2.802323387342734 2.801138691599848 2.799953995856962 2.7987693001140763 2.7975846043711905 2.7963999086283047 2.7952152128854184 2.79467636720218 2.794827949846101 2.7949795324900224 2.7951311151339437 2.7952826977778646 2.7954342804217855 2.7955858630657064 2.7957374457096273 2.7958890283535487 2.7960406109974696 2.7961921936413905 2.7963437762853114 2.7964953589292327 2.7966469415731536 2.7967985242170745 2.7969501068609954 2.7971016895049168 2.7972532721488377 2.797404854792759 2.79755643743668 2.797708020080601 2.7978596027245217 2.798011185368443 2.798162768012364 2.798314350656285 2.7984659333002058 2.798617515944127 2.798769098588048
2.806469098576723 2.8051570172307208 2.8038449358847184 2.8025328545387165 2.801220773192714 2.7999086918467118 2.798596610500707 2.797284529154705 2.795972447808703 2.7946603664627006 2.793348285116698 2.792036203770696 2.7907241224246935 2.7894120410786916 2.788099959732689 2.786787878386687 2.786165944397677 2.786281793548986 2.7863976427002948 2.786513491851604 2.786629341002913 2.786745190154222 2.786861039305531 2.7869768884568398 2.7870927376081487 2.7872085867594576 2.7873244359107665 2.7874402850620754 2.7875561342133843 2.7876719833646932 2.787787832516002 2.787903681667311 2.7880195308186204 2.7881353799699293 2.7882512291212382 2.788367078272547 2.788482927423856 2.788598776575165 2.788714625726474 2.788830474877783 2.7889463240290917 2.7890621731804006 2.7891780223317095 2.7892938714830184
2.805456507007772 2.80407857195238 2.8027006368969887 2.801322701841597 2.7999447667862056 2.7985668317308137 2.79718889667542 2.7958109616200284 2.7944330265646364 2.793055091509245 2.7916771564538534 2.7902992213984614 2.78892128634307 2.7875433512876784 2.786165416232287 2.784787481176895 2.784104801277423 2.784165364870896 2.7842259284643687 2.784286492057842 2.7843470556513146 2.7844076192447873 2.78446818283826 2.7845287464317328 2.7845893100252055 2.784649873618678 2.784710437212151 2.7847710008056237 2.7848315643990964 2.784892127992569 2.784952691586042 2.785013255179515 2.7850738187729878 2.7851343823664605 2.785194945959933 2.785255509553406 2.7853160731468787 2.7853766367403514 2.785437200333824 2.785497763927297 2.7855583275207696 2.7856188911142423 2.785679454707715 2.785740018301188
