Figures/CREST_Example_wjb_NSE/PETs/wjb.pet.20090111.asc
ncols            288
nrows            254
xllcorner        113.274861
yllcorner        31.4918055
cellsize         0.008333333333
NODATA_value     -9999
[rows 57 to 75 of 254, columns 132 to 175 of 288]
0.6402331685195956 0.6394585331280819 0.6386838977365683 0.6379092623450546 0.6371346269535411 0.6363599915620275 0.6355853561705138 0.6348107207790002 0.6340360853874866 0.633261449995973 0.6324868146044593 0.6317121792129444 0.6309375438214309 0.6301629084299172 0.6293882730384036 0.6286136376468899 0.6278390022553764 0.6270643668638628 0.6262897314723491 0.6255150960808356 0.6247404606893219 0.6239658252978083 0.6231911899062946 0.6224165545147811 0.6216419191232662 0.6208672837317525 0.6200926483402389 0.6193180129487252 0.6185433775572117 0.6177687421656981 0.6172683530517307 0.6170611394123137 0.6168539257728967 0.6166467121334797 0.6164394984940627 0.6162322848546457 0.6160250712152288 0.6158178575758114 0.6156106439363944 0.6154034302969774 0.6151962166575604 0.6149890030181434 0.6147817893787264 0.6145745757393095
0.6411112120011707 0.6403291799211288 0.6395471478410868 0.6387651157610449 0.637983083681003 0.637201051600961 0.6364190195209191 0.6356369874408772 0.6348549553608351 0.6340729232807932 0.6332908912007513 0.632508859120708 0.6317268270406661 0.6309447949606242 0.6301627628805822 0.6293807308005402 0.6285986987204982 0.6278166666404563 0.6270346345604144 0.6262526024803724 0.6254705704003305 0.6246885383202886 0.6239065062402466 0.6231244741602047 0.6223424420801614 0.6215604100001194 0.6207783779200775 0.6199963458400356 0.6192143137599936 0.6184322816799517 0.6179314477805661 0.6177312210974178 0.6175309944142697 0.6173307677311216 0.6171305410479734 0.6169303143648253 0.6167300876816771 0.6165298609985286 0.6163296343153805 0.6161294076322323 0.6159291809490841 0.615728954265936 0.6155287275827879 0.6153285008996396
0.6415570076100755 0.6407836682122362 0.640010328814397 0.6392369894165577 0.6384636500187185 0.6376903106208792 0.63691697122304 0.6361436318252007 0.6353702924273615 0.6345969530295222 0.6338236136316829 0.6330502742338424 0.6322769348360031 0.6315035954381639 0.6307302560403246 0.6299569166424854 0.6291835772446461 0.6284102378468069 0.6276368984489676 0.6268635590511284 0.6260902196532891 0.6253168802554498 0.6245435408576107 0.6237702014597714 0.6229968620619308 0.6222235226640915 0.6214501832662523 0.620676843868413 0.6199035044705739 0.6191301650727346 0.6186381964926032 0.6184470196816227 0.6182558428706424 0.6180646660596619 0.6178734892486816 0.6176823124377011 0.6174911356267206 0.61729995881574 0.6171087820047595 0.6169176051937791 0.6167264283827987 0.6165352515718183 0.6163440747608379 0.6161528979498574
0.6420028032189798 0.6412381565033433 0.6404735097877067 0.6397088630720702 0.6389442163564336 0.638179569640797 0.6374149229251604 0.636650276209524 0.6358856294938874 0.6351209827782508 0.6343563360626142 0.6335916893469764 0.6328270426313398 0.6320623959157032 0.6312977492000666 0.6305331024844302 0.6297684557687936 0.629003809053157 0.6282391623375204 0.6274745156218839 0.6267098689062474 0.6259452221906108 0.6251805754749742 0.6244159287593376 0.6236512820436998 0.6228866353280632 0.6221219886124266 0.6213573418967901 0.6205926951811536 0.619828048465517 0.6193449452046399 0.6191628182658272 0.6189806913270145 0.6187985643882018 0.6186164374493891 0.6184343105105764 0.6182521835717637 0.6180700566329507 0.617887929694138 0.6177058027553253 0.6175236758165126 0.6173415488776999 0.6171594219388872 0.6169772950000745
0.6424485988278843 0.6416926447944504 0.6409366907610166 0.6401807367275827 0.6394247826941488 0.638668828660715 0.6379128746272811 0.6371569205938472 0.6364009665604132 0.6356450125269794 0.6348890584935455 0.6341331044601104 0.6333771504266765 0.6326211963932427 0.6318652423598088 0.6311092883263749 0.630353334292941 0.6295973802595071 0.6288414262260732 0.6280854721926393 0.6273295181592055 0.6265735641257716 0.6258176100923377 0.6250616560589038 0.6243057020254688 0.6235497479920349 0.6227937939586009 0.622037839925167 0.6212818858917332 0.6205259318582993 0.6200516939166766 0.6198786168500315 0.6197055397833866 0.6195324627167416 0.6193593856500966 0.6191863085834517 0.6190132315168067 0.6188401544501614 0.6186670773835165 0.6184940003168714 0.6183209232502265 0.6181478461835815 0.6179747691169365 0.6178016920502916
0.6428943944367888 0.6421471330855575 0.6413998717343263 0.6406526103830952 0.639905349031864 0.6391580876806328 0.6384108263294016 0.6376635649781704 0.6369163036269392 0.636169042275708 0.6354217809244769 0.6346745195732444 0.6339272582220132 0.6331799968707821 0.6324327355195508 0.6316854741683197 0.6309382128170885 0.6301909514658572 0.6294436901146261 0.6286964287633949 0.6279491674121638 0.6272019060609325 0.6264546447097014 0.6257073833584702 0.6249601220072377 0.6242128606560066 0.6234655993047753 0.6227183379535441 0.621971076602313 0.6212238152510817 0.6207584426287133 0.620594415434236 0.6204303882397587 0.6202663610452814 0.6201023338508043 0.619938306656327 0.6197742794618497 0.6196102522673721 0.6194462250728949 0.6192821978784177 0.6191181706839404 0.6189541434894631 0.6187901162949858 0.6186260891005085
0.6433401900456931 0.6426016213766645 0.6418630527076361 0.6411244840386076 0.6403859153695791 0.6396473467005506 0.638908778031522 0.6381702093624936 0.637431640693465 0.6366930720244366 0.635954503355408 0.6352159346863783 0.6344773660173498 0.6337387973483213 0.6330002286792928 0.6322616600102643 0.6315230913412359 0.6307845226722073 0.6300459540031789 0.6293073853341503 0.6285688166651219 0.6278302479960933 0.6270916793270649 0.6263531106580363 0.6256145419890066 0.6248759733199781 0.6241374046509496 0.6233988359819211 0.6226602673128926 0.6219216986438642 0.6214651913407498 0.6213102140184403 0.6211552366961308 0.6210002593738213 0.6208452820515117 0.6206903047292022 0.6205353274068927 0.6203803500845828 0.6202253727622733 0.6200703954399638 0.6199154181176543 0.6197604407953446 0.6196054634730351 0.6194504861507256
0.6437859856545975 0.6430561096677717 0.6423262336809459 0.64159635769412 0.6408664817072942 0.6401366057204685 0.6394067297336427 0.6386768537468168 0.637946977759991 0.6372171017731653 0.6364872257863394 0.6357573497995124 0.6350274738126865 0.6342975978258607 0.633567721839035 0.6328378458522091 0.6321079698653833 0.6313780938785575 0.6306482178917316 0.6299183419049059 0.6291884659180801 0.6284585899312543 0.6277287139444284 0.6269988379576027 0.6262689619707756 0.6255390859839498 0.624809209997124 0.6240793340102981 0.6233494580234724 0.6226195820366466 0.6221719400527865 0.6220260126026448 0.6218800851525029 0.6217341577023612 0.6215882302522193 0.6214423028020775 0.6212963753519357 0.6211504479017936 0.6210045204516518 0.62085859300151 0.6207126655513682 0.6205667381012263 0.6204208106510846 0.6202748832009427
0.6442317812635019 0.6435105979588788 0.6427894146542557 0.6420682313496325 0.6413470480450094 0.6406258647403863 0.6399046814357632 0.6391834981311401 0.6384623148265169 0.6377411315218938 0.6370199482172707 0.6362987649126464 0.6355775816080232 0.6348563983034001 0.634135214998777 0.6334140316941539 0.6326928483895308 0.6319716650849077 0.6312504817802845 0.6305292984756613 0.6298081151710382 0.6290869318664151 0.628365748561792 0.6276445652571688 0.6269233819525445 0.6262021986479214 0.6254810153432983 0.6247598320386751 0.624038648734052 0.6233174654294289 0.6228786887648232 0.6227418111868491 0.622604933608875 0.6224680560309009 0.6223311784529268 0.6221943008749528 0.6220574232969787 0.6219205457190042 0.6217836681410301 0.621646790563056 0.621509912985082 0.6213730354071079 0.6212361578291338 0.6210992802511597
0.6446775768724067 0.6439650862499863 0.6432525956275659 0.6425401050051455 0.641827614382725 0.6411151237603046 0.6404026331378841 0.6396901425154637 0.6389776518930433 0.6382651612706228 0.6375526706482024 0.6368401800257808 0.6361276894033604 0.63541519878094 0.6347027081585195 0.6339902175360991 0.6332777269136787 0.6325652362912583 0.6318527456688378 0.6311402550464174 0.630427764423997 0.6297152738015765 0.6290027831791561 0.6282902925567356 0.627577801934314 0.6268653113118936 0.6261528206894732 0.6254403300670528 0.6247278394446323 0.6240153488222119 0.6235854374768605 0.6234576097710541 0.6233297820652477 0.6232019543594414 0.623074126653635 0.6229462989478286 0.6228184712420223 0.6226906435362157 0.6225628158304093 0.622434988124603 0.6223071604187965 0.6221793327129902 0.6220515050071839 0.6219236773013774
0.645123372481311 0.6444195745410933 0.6437157766008755 0.6430119786606578 0.6423081807204402 0.6416043827802224 0.6409005848400047 0.6401967868997869 0.6394929889595692 0.6387891910193514 0.6380853930791337 0.6373815951389148 0.636677797198697 0.6359739992584793 0.6352702013182615 0.6345664033780438 0.6338626054378261 0.6331588074976083 0.6324550095573906 0.6317512116171728 0.6310474136769552 0.6303436157367374 0.6296398177965197 0.628936019856302 0.628232221916083 0.6275284239758653 0.6268246260356475 0.6261208280954298 0.6254170301552121 0.6247132322149943 0.6242921861888971 0.6241734083552586 0.6240546305216199 0.6239358526879812 0.6238170748543426 0.623698297020704 0.6235795191870653 0.6234607413534264 0.6233419635197878 0.6232231856861492 0.6231044078525105 0.6229856300188719 0.6228668521852332 0.6227480743515946
0.6455691680902155 0.6448740628322004 0.6441789575741854 0.6434838523161703 0.6427887470581553 0.6420936418001403 0.6413985365421252 0.6407034312841101 0.6400083260260951 0.6393132207680801 0.638618115510065 0.6379230102520488 0.6372279049940337 0.6365327997360186 0.6358376944780036 0.6351425892199886 0.6344474839619735 0.6337523787039585 0.6330572734459434 0.6323621681879283 0.6316670629299133 0.6309719576718983 0.6302768524138832 0.6295817471558681 0.6288866418978519 0.6281915366398368 0.6274964313818218 0.6268013261238068 0.6261062208657917 0.6254111156077766 0.6249989349009338 0.6248892069394628 0.6247794789779919 0.624669751016521 0.6245600230550501 0.6244502950935792 0.6243405671321083 0.6242308391706372 0.6241211112091662 0.6240113832476952 0.6239016552862243 0.6237919273247534 0.6236821993632825 0.6235724714018116
0.6460149636991199 0.6453285511233076 0.6446421385474952 0.6439557259716828 0.6432693133958705 0.6425829008200581 0.6418964882442457 0.6412100756684334 0.640523663092621 0.6398372505168087 0.6391508379409964 0.6384644253651828 0.6377780127893704 0.637091600213558 0.6364051876377457 0.6357187750619333 0.6350323624861209 0.6343459499103086 0.6336595373344962 0.632973124758684 0.6322867121828716 0.6316002996070592 0.6309138870312468 0.6302274744554345 0.6295410618796209 0.6288546493038085 0.6281682367279962 0.6274818241521838 0.6267954115763714 0.626108999000559 0.6257056836129705 0.6256050055236673 0.6255043274343641 0.6254036493450609 0.6253029712557577 0.6252022931664545 0.6251016150771512 0.6250009369878479 0.6249002588985447 0.6247995808092415 0.6246989027199383 0.6245982246306351 0.6244975465413318 0.6243968684520287
0.6464607593080243 0.6457830394144146 0.645105319520805 0.6444275996271952 0.6437498797335856 0.6430721598399759 0.6423944399463662 0.6417167200527566 0.6410390001591468 0.6403612802655372 0.6396835603719275 0.6390058404783167 0.638328120584707 0.6376504006910974 0.6369726807974877 0.636294960903878 0.6356172410102684 0.6349395211166586 0.634261801223049 0.6335840813294393 0.6329063614358297 0.63222864154222 0.6315509216486103 0.6308732017550006 0.6301954818613899 0.6295177619677801 0.6288400420741704 0.6281623221805608 0.6274846022869511 0.6268068823933415 0.6264124323250071 0.6263208041078716 0.6262291758907361 0.6261375476736006 0.6260459194564651 0.6259542912393297 0.6258626630221943 0.6257710348050586 0.6256794065879231 0.6255877783707876 0.6254961501536521 0.6254045219365166 0.6253128937193811 0.6252212655022457
0.6469065549169287 0.6462375277055217 0.6455685004941147 0.6448994732827078 0.6442304460713008 0.6435614188598938 0.6428923916484868 0.6422233644370798 0.6415543372256728 0.6408853100142659 0.6402162828028589 0.6395472555914508 0.6388782283800437 0.6382092011686368 0.6375401739572298 0.6368711467458228 0.6362021195344159 0.6355330923230088 0.6348640651116019 0.6341950379001948 0.6335260106887879 0.632856983477381 0.6321879562659739 0.631518929054567 0.6308499018431588 0.6301808746317519 0.6295118474203448 0.6288428202089379 0.6281737929975308 0.6275047657861239 0.6271191810370438 0.6270366026920761 0.6269540243471083 0.6268714460021405 0.6267888676571728 0.6267062893122051 0.6266237109672372 0.6265411326222693 0.6264585542773016 0.6263759759323339 0.626293397587366 0.6262108192423983 0.6261282408974306 0.6260456625524627
0.6473523505258335 0.6466920159966292 0.646031681467425 0.6453713469382206 0.6447110124090163 0.6440506778798121 0.6433903433506077 0.6427300088214034 0.6420696742921992 0.6414093397629949 0.6407490052337905 0.6400886707045852 0.6394283361753809 0.6387680016461765 0.6381076671169723 0.637447332587768 0.6367869980585636 0.6361266635293594 0.6354663290001551 0.6348059944709508 0.6341456599417465 0.6334853254125422 0.632824990883338 0.6321646563541337 0.6315043218249282 0.6308439872957239 0.6301836527665197 0.6295233182373153 0.6288629837081111 0.6282026491789068 0.627825929749081 0.627752401276281 0.6276788728034809 0.6276053443306809 0.6275318158578809 0.6274582873850808 0.6273847589122808 0.6273112304394807 0.6272377019666806 0.6271641734938805 0.6270906450210806 0.6270171165482805 0.6269435880754805 0.6268700596026805
0.6477981461347379 0.6471465042877362 0.6464948624407346 0.645843220593733 0.6451915787467314 0.6445399368997298 0.6438882950527283 0.6432366532057266 0.642585011358725 0.6419333695117234 0.6412817276647218 0.6406300858177191 0.6399784439707176 0.639326802123716 0.6386751602767143 0.6380235184297127 0.6373718765827111 0.6367202347357095 0.6360685928887079 0.6354169510417064 0.6347653091947048 0.6341136673477031 0.6334620255007015 0.6328103836536999 0.6321587418066972 0.6315070999596956 0.6308554581126941 0.6302038162656924 0.6295521744186908 0.6289005325716892 0.6285326784611177 0.6284681998604854 0.6284037212598531 0.6283392426592208 0.6282747640585885 0.6282102854579562 0.6281458068573238 0.6280813282566914 0.6280168496560591 0.6279523710554268 0.6278878924547945 0.6278234138541622 0.6277589352535299 0.6276944566528976
0.6482439417436423 0.6476009925788433 0.6469580434140444 0.6463150942492455 0.6456721450844466 0.6450291959196477 0.6443862467548488 0.6437432975900499 0.643100348425251 0.642457399260452 0.6418144500956531 0.6411715009308531 0.6405285517660542 0.6398856026012553 0.6392426534364564 0.6385997042716575 0.6379567551068586 0.6373138059420597 0.6366708567772607 0.6360279076124618 0.6353849584476629 0.634742009282864 0.634099060118065 0.6334561109532661 0.6328131617884661 0.6321702126236672 0.6315272634588683 0.6308843142940693 0.6302413651292704 0.6295984159644715 0.6292394271731543 0.6291839984446898 0.6291285697162251 0.6290731409877606 0.6290177122592959 0.6289622835308314 0.6289068548023669 0.6288514260739021 0.6287959973454376 0.6287405686169729 0.6286851398885084 0.6286297111600437 0.6285742824315792 0.6285188537031146
0.6486897373525468 0.6480554808699505 0.6474212243873543 0.646786967904758 0.6461527114221618 0.6455184549395656 0.6448841984569693 0.6442499419743731 0.643615685491777 0.6429814290091806 0.6423471725265845 0.6417129160439872 0.6410786595613909 0.6404444030787947 0.6398101465961985 0.6391758901136022 0.638541633631006 0.6379073771484098 0.6372731206658135 0.6366388641832174 0.6360046077006211 0.6353703512180249 0.6347360947354287 0.6341018382528324 0.6334675817702351 0.6328333252876389 0.6321990688050426 0.6315648123224464 0.6309305558398502 0.630296299357254 0.6299461758851911 0.6298997970288942 0.6298534181725973 0.6298070393163004 0.6297606604600036 0.6297142816037067 0.6296679027474098 0.6296215238911129 0.629575145034816 0.6295287661785192 0.6294823873222223 0.6294360084659254 0.6293896296096285 0.6293432507533316
