Figures/CREST_Example_wjb_NSE/PETs/wjb.pet.20100924.asc
ncols            288
nrows            254
xllcorner        113.274861
yllcorner        31.4918055
cellsize         0.008333333333
NODATA_value     -9999
[rows 180 to 199 of 254, columns 176 to 219 of 288]
1.754124498062944 1.7560780330546213 1.7580315680462986 1.7599851030379758 1.761938638029653 1.7638921730213302 1.7658457080130108 1.767799243004688 1.7697527779963653 1.7717063129880424 1.7736598479797197 1.775613382971397 1.7775669179630742 1.7795204529547515 1.7814739879464285 1.7834275229381058 1.784496088961294 1.784618603133321 1.784741117305348 1.7848636314773754 1.7849861456494025 1.7851086598214296 1.7852311739934568 1.785353688165484 1.785476202337511 1.7855987165095382 1.7857212306815653 1.7858437448535924 1.7859662590256196 1.7860887731976467 1.7862112873696738 1.786333801541701 1.7864563157137283 1.7865788298857554 1.7867013440577826 1.7868238582298097 1.7869463724018368 1.787068886573864 1.7871914007458911 1.787313914917918 1.7874364290899452 1.7875589432619723 1.7876814574339994 1.7878039716060266
1.7615375845452605 1.7633775623847234 1.765217540224186 1.7670575180636487 1.7688974959031116 1.7707374737425743 1.77257745158204 1.774417429421503 1.7762574072609656 1.7780973851004283 1.779937362939891 1.7817773407793538 1.7836173186188164 1.785457296458279 1.787297274297742 1.7891372521372046 1.790159459872101 1.7903074528618521 1.790455445851603 1.7906034388413545 1.7907514318311055 1.7908994248208567 1.791047417810608 1.791195410800359 1.7913434037901101 1.7914913967798611 1.7916393897696123 1.7917873827593636 1.7919353757491145 1.7920833687388658 1.7922313617286167 1.792379354718368 1.7925273477081194 1.7926753406978704 1.7928233336876216 1.7929713266773726 1.7931193196671238 1.793267312656875 1.793415305646626 1.7935632986363772 1.7937112916261282 1.7938592846158794 1.7940072776056304 1.7941552705953816
1.7689506710275773 1.7706770917148256 1.7724035124020738 1.7741299330893219 1.7758563537765701 1.7775827744638184 1.7793091951510696 1.7810356158383178 1.7827620365255659 1.7844884572128141 1.7862148779000624 1.7879412985873107 1.7896677192745587 1.791394139961807 1.7931205606490552 1.7948469813363035 1.7958228307829078 1.7959963025903831 1.7961697743978582 1.7963432462053335 1.7965167180128088 1.7966901898202838 1.796863661627759 1.797037133435234 1.797210605242709 1.7973840770501843 1.7975575488576594 1.7977310206651345 1.7979044924726095 1.7980779642800846 1.7982514360875599 1.798424907895035 1.7985983797025102 1.7987718515099855 1.7989453233174606 1.7991187951249357 1.7992922669324107 1.799465738739886 1.799639210547361 1.7998126823548362 1.7999861541623112 1.8001596259697863 1.8003330977772616 1.8005065695847366
1.7763637575099003 1.777976621044934 1.7795894845799674 1.781202348115001 1.7828152116500346 1.7844280751850683 1.7860409387201046 1.787653802255138 1.7892666657901717 1.7908795293252053 1.792492392860239 1.7941052563952726 1.795718119930306 1.7973309834653397 1.7989438470003734 1.800556710535407 1.8014862016937196 1.8016851523189188 1.801884102944118 1.8020830535693173 1.8022820041945165 1.8024809548197156 1.8026799054449147 1.8028788560701139 1.803077806695313 1.8032767573205122 1.8034757079457113 1.8036746585709105 1.8038736091961096 1.8040725598213088 1.804271510446508 1.804470461071707 1.8046694116969064 1.8048683623221056 1.8050673129473047 1.8052662635725039 1.805465214197703 1.8056641648229022 1.8058631154481013 1.8060620660733004 1.8062610166984996 1.8064599673236987 1.8066589179488979 1.806857868574097
1.7837768439922168 1.7852761503750358 1.7867754567578549 1.7882747631406741 1.7897740695234932 1.7912733759063122 1.792772682289134 1.794271988671953 1.7957712950547722 1.7972706014375912 1.7987699078204102 1.8002692142032293 1.8017685205860485 1.8032678269688676 1.8047671333516866 1.8062664397345056 1.8071495726045266 1.8073740020474498 1.807598431490373 1.8078228609332965 1.8080472903762197 1.8082717198191427 1.808496149262066 1.808720578704989 1.8089450081479121 1.8091694375908354 1.8093938670337584 1.8096182964766816 1.8098427259196048 1.8100671553625278 1.810291584805451 1.8105160142483743 1.8107404436912977 1.810964873134221 1.811189302577144 1.8114137320200672 1.8116381614629902 1.8118625909059134 1.8120870203488366 1.8123114497917596 1.8125358792346828 1.812760308677606 1.812984738120529 1.8132091675634523
1.7911899304745336 1.792575679705138 1.7939614289357426 1.7953471781663473 1.796732927396952 1.7981186766275563 1.7995044258581634 1.8008901750887678 1.8022759243193724 1.803661673549977 1.8050474227805817 1.8064331720111861 1.8078189212417908 1.8092046704723954 1.8105904197029998 1.8119761689336045 1.8128129435153337 1.8130628517759808 1.813312760036628 1.8135626682972754 1.8138125765579227 1.8140624848185698 1.8143123930792169 1.814562301339864 1.8148122096005113 1.8150621178611583 1.8153120261218054 1.8155619343824525 1.8158118426430998 1.8160617509037469 1.816311659164394 1.8165615674250413 1.8168114756856888 1.8170613839463359 1.817311292206983 1.8175612004676303 1.8178111087282773 1.8180610169889244 1.8183109252495715 1.8185608335102188 1.8188107417708659 1.819060650031513 1.81931055829216 1.8195604665528073
1.79860301695685 1.7998752090352401 1.8011474011136301 1.8024195931920204 1.8036917852704104 1.8049639773488004 1.8062361694271927 1.8075083615055827 1.8087805535839727 1.810052745662363 1.811324937740753 1.812597129819143 1.813869321897533 1.815141513975923 1.8164137060543133 1.8176858981327033 1.8184763144261407 1.8187517015045118 1.819027088582883 1.8193024756612546 1.8195778627396257 1.819853249817997 1.820128636896368 1.820404023974739 1.8206794110531102 1.8209547981314813 1.8212301852098525 1.8215055722882236 1.8217809593665948 1.822056346444966 1.822331733523337 1.8226071206017083 1.8228825076800799 1.8231578947584508 1.823433281836822 1.8237086689151931 1.8239840559935643 1.8242594430719354 1.8245348301503066 1.8248102172286778 1.825085604307049 1.82536099138542 1.8256363784637912 1.8259117655421622
1.8060161034391669 1.8071747383653423 1.8083333732915179 1.8094920082176935 1.810650643143869 1.8118092780700445 1.8129679129962222 1.8141265479223976 1.8152851828485732 1.8164438177747488 1.8176024527009242 1.8187610876270999 1.8199197225532755 1.821078357479451 1.8222369924056265 1.8233956273318022 1.8241396853369476 1.8244405512330428 1.824741417129138 1.8250422830252335 1.8253431489213288 1.825644014817424 1.825944880713519 1.8262457466096143 1.8265466125057093 1.8268474784018045 1.8271483442978995 1.8274492101939948 1.8277500760900898 1.828050941986185 1.8283518078822802 1.8286526737783753 1.828953539674471 1.8292544055705662 1.8295552714666612 1.8298561373627564 1.8301570032588514 1.8304578691549467 1.8307587350510417 1.831059600947137 1.831360466843232 1.8316613327393272 1.8319621986354224 1.8322630645315174
1.8134291899214834 1.8144742676954444 1.8155193454694054 1.8165644232433664 1.8176095010173274 1.8186545787912884 1.8196996565652512 1.8207447343392122 1.8217898121131735 1.8228348898871345 1.8238799676610955 1.8249250454350565 1.8259701232090175 1.8270152009829785 1.8280602787569395 1.8291053565309006 1.8298030562477545 1.8301294009615736 1.8304557456753927 1.8307820903892125 1.8311084351030316 1.8314347798168507 1.83176112453067 1.832087469244489 1.8324138139583082 1.8327401586721273 1.8330665033859466 1.8333928480997657 1.8337191928135848 1.8340455375274038 1.834371882241223 1.8346982269550423 1.8350245716688618 1.835350916382681 1.8356772610965002 1.8360036058103193 1.8363299505241384 1.8366562952379575 1.8369826399517768 1.837308984665596 1.837635329379415 1.837961674093234 1.8382880188070534 1.8386143635208725
1.8208422764038064 1.8217737970255528 1.8227053176472992 1.8236368382690455 1.8245683588907922 1.8254998795125386 1.8264314001342865 1.827362920756033 1.8282944413777793 1.8292259619995257 1.8301574826212723 1.8310890032430187 1.832020523864765 1.8329520444865115 1.833883565108258 1.8348150857300043 1.8354664271585663 1.8358182506901095 1.8361700742216527 1.8365218977531965 1.8368737212847397 1.8372255448162829 1.837577368347826 1.8379291918793692 1.8382810154109124 1.8386328389424555 1.8389846624739985 1.8393364860055417 1.8396883095370848 1.840040133068628 1.8403919566001712 1.8407437801317144 1.8410956036632582 1.8414474271948014 1.8417992507263445 1.8421510742578877 1.8425028977894309 1.842854721320974 1.8432065448525172 1.8435583683840602 1.8439101919156033 1.8442620154471465 1.8446138389786897 1.8449656625102329
1.828255362886123 1.829073326355655 1.829891289825187 1.8307092532947187 1.8315272167642507 1.8323451802337825 1.8331631437033158 1.8339811071728478 1.8347990706423798 1.8356170341119116 1.8364349975814436 1.8372529610509756 1.8380709245205074 1.8388888879900394 1.8397068514595711 1.8405248149291031 1.8411297980693735 1.8415071004186405 1.8418844027679078 1.8422617051171755 1.8426390074664427 1.8430163098157097 1.843393612164977 1.8437709145142442 1.8441482168635113 1.8445255192127785 1.8449028215620455 1.8452801239113128 1.8456574262605798 1.846034728609847 1.8464120309591143 1.8467893333083814 1.8471666356576493 1.8475439380069163 1.8479212403561835 1.8482985427054506 1.8486758450547178 1.849053147403985 1.849430449753252 1.8498077521025194 1.8501850544517864 1.8505623568010536 1.8509396591503207 1.851316961499588
1.8356684493684396 1.836372855685757 1.8370772620030744 1.8377816683203918 1.8384860746377092 1.8391904809550266 1.8398948872723453 1.8405992935896627 1.84130369990698 1.8420081062242974 1.8427125125416148 1.8434169188589322 1.8441213251762496 1.8448257314935672 1.8455301378108846 1.846234544128202 1.8467931689801804 1.8471959501471715 1.8475987313141629 1.8480015124811546 1.8484042936481457 1.8488070748151368 1.849209855982128 1.8496126371491193 1.8500154183161104 1.8504181994831015 1.8508209806500926 1.8512237618170837 1.851626542984075 1.8520293241510661 1.8524321053180572 1.8528348864850483 1.8532376676520403 1.8536404488190314 1.8540432299860226 1.8544460111530137 1.8548487923200048 1.855251573486996 1.8556543546539872 1.8560571358209783 1.8564599169879694 1.8568626981549605 1.8572654793219519 1.857668260488943
1.8430815358507562 1.8436723850158592 1.844263234180962 1.844854083346065 1.845444932511168 1.8460357816762707 1.8466266308413746 1.8472174800064776 1.8478083291715803 1.8483991783366833 1.8489900275017863 1.849580876666889 1.850171725831992 1.8507625749970948 1.8513534241621978 1.8519442733273008 1.8524565398909876 1.8528847998757025 1.8533130598604177 1.8537413198451336 1.8541695798298488 1.854597839814564 1.8550260997992791 1.8554543597839943 1.8558826197687095 1.8563108797534247 1.8567391397381396 1.8571673997228548 1.85759565970757 1.8580239196922852 1.8584521796770004 1.8588804396617156 1.8593086996464314 1.8597369596311466 1.8601652196158618 1.860593479600577 1.861021739585292 1.8614499995700071 1.8618782595547223 1.8623065195394375 1.8627347795241527 1.8631630395088679 1.863591299493583 1.864019559478298
1.850494622333073 1.8509719143459613 1.8514492063588497 1.851926498371738 1.8524037903846264 1.8528810823975148 1.8533583744104039 1.8538356664232922 1.8543129584361806 1.854790250449069 1.8552675424619574 1.8557448344748457 1.856222126487734 1.8566994185006225 1.8571767105135109 1.8576540025263992 1.8581199108017943 1.8585736496042333 1.8590273884066726 1.8594811272091125 1.8599348660115518 1.8603886048139908 1.86084234361643 1.8612960824188691 1.8617498212213084 1.8622035600237474 1.8626572988261867 1.8631110376286257 1.863564776431065 1.864018515233504 1.8644722540359433 1.8649259928383823 1.8653797316408223 1.8658334704432615 1.8662872092457006 1.8667409480481398 1.8671946868505789 1.8676484256530181 1.8681021644554572 1.8685559032578964 1.8690096420603357 1.8694633808627747 1.869917119665214 1.870370858467653
1.8579077088153926 1.8582714436760663 1.8586351785367403 1.858998913397414 1.8593626482580878 1.8597263831187616 1.860090117979436 1.86045385284011 1.8608175877007838 1.8611813225614575 1.8615450574221315 1.8619087922828053 1.862272527143479 1.862636262004153 1.8629999968648268 1.8633637317255005 1.8637832817126037 1.864262499332767 1.8647417169529301 1.8652209345730941 1.8657001521932572 1.8661793698134204 1.8666585874335835 1.8671378050537468 1.86761702267391 1.868096240294073 1.8685754579142362 1.8690546755343993 1.8695338931545626 1.8700131107747258 1.8704923283948889 1.870971546015052 1.871450763635216 1.8719299812553791 1.8724091988755425 1.8728884164957056 1.8733676341158687 1.8738468517360318 1.8743260693561952 1.8748052869763583 1.8752845045965214 1.8757637222166845 1.8762429398368476 1.876722157457011
1.8653207952977093 1.8655709730061685 1.8658211507146278 1.8660713284230872 1.8663215061315466 1.8665716838400057 1.8668218615484655 1.8670720392569249 1.8673222169653843 1.8675723946738434 1.8678225723823028 1.8680727500907621 1.8683229277992215 1.8685731055076806 1.86882328321614 1.8690734609245994 1.8694466526234108 1.869951349061298 1.870456045499185 1.870960741937073 1.8714654383749603 1.8719701348128475 1.8724748312507347 1.8729795276886219 1.8734842241265088 1.873988920564396 1.8744936170022832 1.8749983134401704 1.8755030098780576 1.8760077063159448 1.876512402753832 1.877017099191719 1.877521795629607 1.8780264920674943 1.8785311885053815 1.8790358849432687 1.8795405813811559 1.8800452778190428 1.88054997425693 1.8810546706948172 1.8815593671327044 1.8820640635705916 1.8825687600084788 1.8830734564463658
1.8727338817800259 1.8728705023362706 1.8730071228925154 1.8731437434487603 1.873280364005005 1.8734169845612498 1.8735536051174948 1.8736902256737398 1.8738268462299845 1.8739634667862293 1.874100087342474 1.874236707898719 1.8743733284549637 1.8745099490112085 1.8746465695674532 1.8747831901236982 1.8751100235342177 1.875640198789829 1.87617037404544 1.8767005493010522 1.8772307245566633 1.8777608998122746 1.8782910750678856 1.878821250323497 1.879351425579108 1.8798816008347192 1.8804117760903303 1.8809419513459413 1.8814721266015526 1.8820023018571637 1.882532477112775 1.883062652368386 1.8835928276239982 1.8841230028796092 1.8846531781352205 1.8851833533908315 1.8857135286464428 1.8862437039020539 1.8867738791576651 1.8873040544132762 1.8878342296688875 1.8883644049244985 1.8888945801801098 1.8894247554357209
1.8801469682623457 1.8801700316663759 1.8801930950704062 1.8802161584744363 1.8802392218784667 1.8802622852824968 1.8802853486865272 1.8803084120905575 1.8803314754945877 1.880354538898618 1.8803776023026482 1.8804006657066783 1.8804237291107087 1.8804467925147388 1.8804698559187691 1.8804929193227993 1.8807733944450273 1.8813290485183625 1.8818847025916976 1.8824403566650336 1.882996010738369 1.883551664811704 1.8841073188850392 1.8846629729583744 1.8852186270317095 1.8857742811050446 1.88632993517838 1.8868855892517151 1.8874412433250503 1.8879968973983854 1.8885525514717205 1.8891082055450557 1.889663859618392 1.890219513691727 1.8907751677650622 1.8913308218383973 1.8918864759117326 1.8924421299850678 1.892997784058403 1.893553438131738 1.8941090922050732 1.8946647462784083 1.8952204003517437 1.8957760544250788
1.8875600547446623 1.887469560996478 1.8873790672482937 1.8872885735001095 1.8871980797519252 1.887107586003741 1.8870170922555565 1.8869265985073722 1.886836104759188 1.8867456110110037 1.8866551172628194 1.8865646235146352 1.8864741297664507 1.8863836360182664 1.8862931422700822 1.886202648521898 1.886436765355834 1.8870178982468933 1.8875990311379525 1.8881801640290126 1.8887612969200718 1.889342429811131 1.88992356270219 1.8905046955932492 1.8910858284843084 1.8916669613753676 1.8922480942664268 1.892829227157486 1.893410360048545 1.8939914929396042 1.8945726258306634 1.8951537587217226 1.8957348916127827 1.896316024503842 1.8968971573949012 1.8974782902859604 1.8980594231770196 1.8986405560680786 1.8992216889591378 1.899802821850197 1.9003839547412562 1.9009650876323154 1.9015462205233746 1.9021273534144336
1.8949731412269788 1.8947690903265801 1.8945650394261813 1.8943609885257826 1.8941569376253837 1.8939528867249849 1.8937488358245858 1.893544784924187 1.8933407340237882 1.8931366831233896 1.8929326322229907 1.8927285813225918 1.8925245304221932 1.8923204795217943 1.8921164286213956 1.8919123777209967 1.892100136266641 1.8927067479754243 1.8933133596842073 1.8939199713929915 1.8945265831017748 1.8951331948105579 1.8957398065193412 1.8963464182281242 1.8969530299369075 1.8975596416456906 1.8981662533544739 1.898772865063257 1.8993794767720402 1.8999860884808233 1.9005927001896066 1.9011993118983896 1.9018059236071738 1.902412535315957 1.9030191470247402 1.9036257587335235 1.9042323704423065 1.9048389821510896 1.9054455938598729 1.906052205568656 1.9066588172774392 1.9072654289862223 1.9078720406950056 1.9084786524037887
