Figures/CREST_Example_wjb_NSE/PETs/wjb.pet.20100125.asc
ncols            288
nrows            254
xllcorner        113.274861
yllcorner        31.4918055
cellsize         0.008333333333
NODATA_value     -9999
[rows 95 to 113 of 254, columns 88 to 131 of 288]
0.8482347879608763 0.8483927865191705 0.8485507850774647 0.8487087836357592 0.8488667821940534 0.8490247807523477 0.8491827793106419 0.8493407778689362 0.8494987764272305 0.8496567749855247 0.849814773543819 0.8499727721021132 0.8501307706604074 0.8502887692187017 0.85027580068659 0.8500800644690639 0.8498843282515375 0.8496885920340115 0.8494928558164854 0.8492971195989593 0.8491013833814332 0.848905647163907 0.8487099109463809 0.8485141747288548 0.8483184385113287 0.8481227022938026 0.8479269660762765 0.8477312298587504 0.8475354936412244 0.8473397574236979 0.8471440212061718 0.8469482849886457 0.8467525487711196 0.8465568125535935 0.8463610763360674 0.8461653401185413 0.8459696039010152 0.8457738676834891 0.845578131465963 0.8453823952484368 0.8451866590309108 0.8449909228133847 0.8447951865958583 0.8445994503783322
0.8489686795815895 0.8491374040944193 0.8493061286072491 0.8494748531200792 0.849643577632909 0.8498123021457388 0.8499810266585687 0.8501497511713985 0.8503184756842282 0.850487200197058 0.8506559247098879 0.8508246492227177 0.8509933737355475 0.8511620982483773 0.85115521310351 0.8509605972638198 0.8507659814241293 0.850571365584439 0.8503767497447489 0.8501821339050586 0.8499875180653684 0.8497929022256782 0.849598286385988 0.8494036705462977 0.8492090547066075 0.8490144388669173 0.848819823027227 0.8486252071875369 0.8484305913478466 0.8482359755081561 0.8480413596684658 0.8478467438287757 0.8476521279890854 0.8474575121493952 0.847262896309705 0.8470682804700148 0.8468736646303245 0.8466790487906344 0.8464844329509441 0.846289817111254 0.8460952012715637 0.8459005854318735 0.8457059695921829 0.8455113537524928
0.8497025712023027 0.8498820216696681 0.8500614721370335 0.8502409226043992 0.8504203730717645 0.85059982353913 0.8507792740064953 0.8509587244738607 0.8511381749412261 0.8513176254085915 0.8514970758759569 0.8516765263433222 0.8518559768106876 0.852035427278053 0.85203462552043 0.8518411300585756 0.851647634596721 0.8514541391348667 0.8512606436730124 0.851067148211158 0.8508736527493036 0.8506801572874493 0.850486661825595 0.8502931663637406 0.8500996709018863 0.849906175440032 0.8497126799781777 0.8495191845163234 0.849325689054469 0.8491321935926144 0.8489386981307601 0.8487452026689057 0.8485517072070513 0.848358211745197 0.8481647162833427 0.8479712208214883 0.847777725359634 0.8475842298977797 0.8473907344359254 0.8471972389740711 0.8470037435122167 0.8468102480503624 0.8466167525885078 0.8464232571266533
0.8504364628230167 0.8506266392449175 0.8508168156668185 0.8510069920887199 0.8511971685106208 0.8513873449325218 0.8515775213544228 0.8517676977763237 0.8519578741982247 0.8521480506201256 0.8523382270420266 0.8525284034639276 0.8527185798858284 0.8529087563077294 0.8529140379373507 0.8527216628533323 0.8525292877693135 0.852336912685295 0.8521445376012766 0.8519521625172581 0.8517597874332397 0.8515674123492212 0.8513750372652028 0.8511826621811843 0.8509902870971658 0.8507979120131475 0.850605536929129 0.8504131618451105 0.8502207867610921 0.8500284116770733 0.8498360365930548 0.8496436615090365 0.849451286425018 0.8492589113409995 0.849066536256981 0.8488741611729627 0.8486817860889442 0.8484894110049257 0.8482970359209073 0.8481046608368888 0.8479122857528704 0.847719910668852 0.8475275355848332 0.8473351605008147
0.8511703544437299 0.8513712568201665 0.8515721591966029 0.8517730615730398 0.8519739639494763 0.8521748663259129 0.8523757687023494 0.852576671078786 0.8527775734552224 0.852978475831659 0.8531793782080955 0.8533802805845321 0.8535811829609686 0.8537820853374051 0.8537934503542707 0.853602195648088 0.8534109409419052 0.8532196862357226 0.8530284315295401 0.8528371768233575 0.8526459221171749 0.8524546674109924 0.8522634127048099 0.8520721579986272 0.8518809032924447 0.8516896485862622 0.8514983938800796 0.851307139173897 0.8511158844677145 0.8509246297615316 0.850733375055349 0.8505421203491664 0.8503508656429839 0.8501596109368014 0.8499683562306187 0.8497771015244362 0.8495858468182537 0.8493945921120711 0.8492033374058885 0.849012082699706 0.8488208279935234 0.8486295732873409 0.8484383185811579 0.8482470638749754
0.8519042460644433 0.8521158743954154 0.8523275027263875 0.8525391310573599 0.852750759388332 0.8529623877193041 0.8531740160502762 0.8533856443812483 0.8535972727122204 0.8538089010431925 0.8540205293741646 0.8542321577051367 0.8544437860361088 0.8546554143670809 0.8546728627711907 0.854482728442844 0.854292594114497 0.8541024597861503 0.8539123254578036 0.853722191129457 0.8535320568011103 0.8533419224727636 0.853151788144417 0.8529616538160703 0.8527715194877236 0.8525813851593769 0.8523912508310302 0.8522011165026835 0.8520109821743368 0.8518208478459899 0.8516307135176432 0.8514405791892965 0.8512504448609498 0.8510603105326031 0.8508701762042564 0.8506800418759097 0.850489907547563 0.8502997732192163 0.8501096388908697 0.849919504562523 0.8497293702341764 0.8495392359058297 0.8493491015774827 0.849158967249136
0.8526381376851564 0.852860491970664 0.8530828462561718 0.8533052005416798 0.8535275548271875 0.8537499091126952 0.8539722633982029 0.8541946176837105 0.8544169719692182 0.8546393262547258 0.8548616805402336 0.8550840348257412 0.8553063891112489 0.8555287433967566 0.8555522751881106 0.8553632612375999 0.8551742472870887 0.8549852333365779 0.8547962193860671 0.8546072054355563 0.8544181914850456 0.8542291775345348 0.854040163584024 0.8538511496335132 0.8536621356830024 0.8534731217324916 0.8532841077819808 0.85309509383147 0.8529060798809592 0.852717065930448 0.8525280519799373 0.8523390380294265 0.8521500240789157 0.8519610101284049 0.8517719961778941 0.8515829822273833 0.8513939682768725 0.8512049543263618 0.8510159403758509 0.8508269264253402 0.8506379124748293 0.8504488985243186 0.8502598845738074 0.8500708706232967
0.8533720293058696 0.853605109545913 0.8538381897859562 0.8540712700259998 0.854304350266043 0.8545374305060863 0.8547705107461295 0.8550035909861727 0.855236671226216 0.8554697514662593 0.8557028317063025 0.8559359119463458 0.856168992186389 0.8564020724264323 0.8564316876050306 0.8562437940323557 0.8560559004596805 0.8558680068870055 0.8556801133143306 0.8554922197416557 0.8553043261689808 0.8551164325963059 0.854928539023631 0.8547406454509561 0.8545527518782812 0.8543648583056063 0.8541769647329314 0.8539890711602565 0.8538011775875816 0.8536132840149063 0.8534253904422314 0.8532374968695564 0.8530496032968815 0.8528617097242066 0.8526738161515317 0.8524859225788568 0.8522980290061819 0.852110135433507 0.8519222418608321 0.8517343482881572 0.8515464547154823 0.8513585611428074 0.8511706675701322 0.8509827739974573
0.854105920926583 0.8543497271211618 0.8545935333157406 0.8548373395103198 0.8550811457048986 0.8553249518994774 0.8555687580940562 0.8558125642886351 0.8560563704832138 0.8563001766777927 0.8565439828723714 0.8567877890669503 0.8570315952615291 0.8572754014561079 0.8573111000219505 0.8571243268271115 0.8569375536322722 0.8567507804374331 0.8565640072425941 0.8563772340477551 0.8561904608529161 0.856003687658077 0.855816914463238 0.855630141268399 0.85544336807356 0.855256594878721 0.8550698216838819 0.854883048489043 0.8546962752942039 0.8545095020993645 0.8543227289045255 0.8541359557096865 0.8539491825148474 0.8537624093200085 0.8535756361251694 0.8533888629303303 0.8532020897354914 0.8530153165406523 0.8528285433458134 0.8526417701509743 0.8524549969561352 0.8522682237612963 0.8520814505664569 0.8518946773716178
0.8548398125472962 0.8550943446964107 0.8553488768455251 0.8556034089946398 0.8558579411437542 0.8561124732928687 0.856367005441983 0.8566215375910974 0.8568760697402118 0.8571306018893261 0.8573851340384405 0.8576396661875549 0.8578941983366694 0.8581487304857837 0.8581905124388706 0.8580048596218675 0.857819206804864 0.8576335539878609 0.8574479011708577 0.8572622483538546 0.8570765955368514 0.8568909427198482 0.8567052899028451 0.856519637085842 0.8563339842688388 0.8561483314518357 0.8559626786348326 0.8557770258178294 0.8555913730008262 0.8554057201838228 0.8552200673668197 0.8550344145498165 0.8548487617328133 0.8546631089158102 0.8544774560988071 0.8542918032818039 0.8541061504648008 0.8539204976477976 0.8537348448307945 0.8535491920137913 0.8533635391967882 0.8531778863797851 0.8529922335627816 0.8528065807457784
0.8555737041680102 0.8558389622716601 0.8561042203753101 0.8563694784789605 0.8566347365826105 0.8568999946862604 0.8571652527899104 0.8574305108935604 0.8576957689972103 0.8579610271008603 0.8582262852045103 0.8584915433081602 0.8587568014118102 0.8590220595154602 0.8590699248557914 0.8588853924166241 0.8587008599774565 0.8585163275382892 0.8583317950991219 0.8581472626599547 0.8579627302207875 0.8577781977816202 0.857593665342453 0.8574091329032857 0.8572246004641184 0.8570400680249511 0.8568555355857839 0.8566710031466167 0.8564864707074494 0.8563019382682818 0.8561174058291146 0.8559328733899473 0.85574834095078 0.8555638085116128 0.8553792760724456 0.8551947436332783 0.855010211194111 0.8548256787549438 0.8546411463157765 0.8544566138766092 0.8542720814374419 0.8540875489982748 0.8539030165591072 0.8537184841199399
0.8563075957887234 0.8565835798469089 0.8568595639050944 0.8571355479632805 0.857411532021466 0.8576875160796515 0.8579635001378371 0.8582394841960226 0.8585154682542081 0.8587914523123936 0.8590674363705793 0.8593434204287648 0.8596194044869503 0.8598953885451358 0.8599493372727113 0.8597659252113798 0.8595825131500482 0.8593991010887169 0.8592156890273854 0.8590322769660541 0.8588488649047227 0.8586654528433914 0.8584820407820599 0.8582986287207286 0.8581152166593972 0.8579318045980658 0.8577483925367344 0.8575649804754031 0.8573815684140718 0.85719815635274 0.8570147442914087 0.8568313322300772 0.8566479201687459 0.8564645081074145 0.8562810960460832 0.8560976839847517 0.8559142719234204 0.855730859862089 0.8555474478007576 0.8553640357394263 0.8551806236780949 0.8549972116167636 0.8548137995554318 0.8546303874941005
0.8570414874094366 0.8573281974221578 0.8576149074348789 0.8579016174476005 0.8581883274603216 0.8584750374730427 0.8587617474857637 0.8590484574984849 0.859335167511206 0.859621877523927 0.8599085875366481 0.8601952975493693 0.8604820075620904 0.8607687175748114 0.8608287496896312 0.8606464580061357 0.8604641663226399 0.8602818746391444 0.8600995829556489 0.8599172912721534 0.859734999588658 0.8595527079051625 0.859370416221667 0.8591881245381715 0.859005832854676 0.8588235411711805 0.858641249487685 0.8584589578041896 0.8582766661206941 0.8580943744371983 0.8579120827537028 0.8577297910702073 0.8575474993867118 0.8573652077032163 0.8571829160197209 0.8570006243362254 0.8568183326527299 0.8566360409692344 0.8564537492857389 0.8562714576022434 0.856089165918748 0.8559068742352525 0.8557245825517567 0.8555422908682612
0.85777537903015 0.8580728149974066 0.8583702509646634 0.8586676869319205 0.8589651228991771 0.8592625588664339 0.8595599948336905 0.8598574308009472 0.8601548667682039 0.8604523027354606 0.8607497387027172 0.8610471746699739 0.8613446106372306 0.8616420466044873 0.8617081621065513 0.8615269908008917 0.8613458194952317 0.8611646481895722 0.8609834768839125 0.8608023055782529 0.8606211342725933 0.8604399629669337 0.8602587916612741 0.8600776203556145 0.8598964490499549 0.8597152777442952 0.8595341064386357 0.8593529351329761 0.8591717638273164 0.8589905925216565 0.8588094212159969 0.8586282499103373 0.8584470786046777 0.8582659072990181 0.8580847359933584 0.8579035646876989 0.8577223933820393 0.8575412220763796 0.8573600507707201 0.8571788794650604 0.8569977081594008 0.8568165368537413 0.8566353655480813 0.8564541942424218
0.8585092706508632 0.8588174325726554 0.8591255944944477 0.8594337564162405 0.8597419183380327 0.860050080259825 0.8603582421816172 0.8606664041034094 0.8609745660252017 0.8612827279469939 0.8615908898687862 0.8618990517905785 0.8622072137123706 0.8625153756341629 0.8625875745234712 0.8624075235956475 0.8622274726678235 0.8620474217399997 0.861867370812176 0.8616873198843523 0.8615072689565286 0.8613272180287048 0.8611471671008811 0.8609671161730574 0.8607870652452337 0.8606070143174099 0.8604269633895862 0.8602469124617625 0.8600668615339389 0.8598868106061148 0.859706759678291 0.8595267087504673 0.8593466578226436 0.8591666068948199 0.8589865559669961 0.8588065050391724 0.8586264541113487 0.858446403183525 0.8582663522557012 0.8580863013278776 0.8579062504000539 0.8577261994722302 0.8575461485444061 0.8573660976165823
0.8592431622715765 0.8595620501479043 0.8598809380242322 0.8601998259005604 0.8605187137768883 0.8608376016532161 0.8611564895295439 0.8614753774058717 0.8617942652821995 0.8621131531585273 0.8624320410348552 0.862750928911183 0.8630698167875107 0.8633887046638385 0.8634669869403911 0.8632880563904033 0.8631091258404152 0.8629301952904274 0.8627512647404395 0.8625723341904517 0.8623934036404638 0.8622144730904759 0.8620355425404882 0.8618566119905003 0.8616776814405125 0.8614987508905246 0.8613198203405368 0.8611408897905489 0.8609619592405611 0.860783028690573 0.8606040981405851 0.8604251675905973 0.8602462370406094 0.8600673064906216 0.8598883759406338 0.859709445390646 0.8595305148406581 0.8593515842906703 0.8591726537406824 0.8589937231906946 0.8588147926407067 0.858635862090719 0.8584569315407308 0.8582780009907429
0.8599770538922904 0.8603066677231538 0.8606362815540172 0.8609658953848811 0.8612955092157445 0.8616251230466079 0.8619547368774713 0.8622843507083346 0.862613964539198 0.8629435783700614 0.8632731922009248 0.8636028060317882 0.8639324198626517 0.8642620336935151 0.864346399357312 0.8641685891851599 0.8639907790130077 0.8638129688408558 0.8636351586687038 0.8634573484965519 0.8632795383243999 0.863101728152248 0.8629239179800959 0.862746107807944 0.8625682976357921 0.8623904874636401 0.8622126772914882 0.8620348671193362 0.8618570569471843 0.861679246775032 0.86150143660288 0.8613236264307281 0.8611458162585761 0.8609680060864242 0.8607901959142723 0.8606123857421203 0.8604345755699684 0.8602567653978164 0.8600789552256645 0.8599011450535125 0.8597233348813605 0.8595455247092086 0.8593677145370563 0.8591899043649044
0.8607109455130038 0.8610512852984027 0.8613916250838016 0.8617319648692012 0.8620723046546002 0.8624126444399991 0.862752984225398 0.863093324010797 0.863433663796196 0.863774003581595 0.8641143433669939 0.8644546831523928 0.8647950229377919 0.8651353627231908 0.865225811774232 0.8650491219799159 0.8648724321855995 0.8646957423912834 0.8645190525969674 0.8643423628026513 0.8641656730083352 0.8639889832140192 0.8638122934197031 0.863635603625387 0.863458913831071 0.8632822240367549 0.8631055342424389 0.8629288444481228 0.8627521546538067 0.8625754648594903 0.8623987750651743 0.8622220852708582 0.8620453954765421 0.8618687056822261 0.86169201588791 0.8615153260935939 0.8613386362992779 0.8611619465049618 0.8609852567106457 0.8608085669163297 0.8606318771220136 0.8604551873276975 0.8602784975333811 0.8601018077390651
0.861444837133717 0.8617959028736515 0.8621469686135861 0.8624980343535211 0.8628491000934557 0.8632001658333902 0.8635512315733247 0.8639022973132593 0.8642533630531938 0.8646044287931284 0.8649554945330629 0.8653065602729973 0.865657626012932 0.8660086917528664 0.8661052241911519 0.8659296547746718 0.8657540853581912 0.8655785159417111 0.8654029465252309 0.8652273771087506 0.8650518076922705 0.8648762382757903 0.8647006688593101 0.86452509944283 0.8643495300263497 0.8641739606098695 0.8639983911933894 0.8638228217769092 0.863647252360429 0.8634716829439485 0.8632961135274684 0.8631205441109882 0.8629449746945079 0.8627694052780278 0.8625938358615476 0.8624182664450674 0.8622426970285872 0.862067127612107 0.8618915581956269 0.8617159887791467 0.8615404193626665 0.8613648499461863 0.8611892805297058 0.8610137111132257
