Figures/CREST_Example_wjb_NSE/PETs/wjb.pet.20100221.asc
ncols            288
nrows            254
xllcorner        113.274861
yllcorner        31.4918055
cellsize         0.008333333333
NODATA_value     -9999
[rows 100 to 119 of 254, columns 44 to 87 of 288]
1.6136517893094726 1.6132717059564416 1.612891622603411 1.61251153925038 1.612131455897349 1.611751372544318 1.611371289191287 1.610991205838256 1.6106111224852244 1.6102310391321935 1.6098509557791625 1.6094708724261315 1.6090907890731008 1.6087107057200698 1.6083306223670388 1.6079505390140079 1.607570455660977 1.607190372307946 1.606810288954915 1.606430205601884 1.606050122248853 1.6056700388958216 1.6052899555427906 1.6049098721897597 1.6045297888367287 1.6041497054836977 1.6037696221306668 1.6033895387776358 1.602577021459651 1.6013022224575033 1.6000274234553558 1.598752624453208 1.5974778254510604 1.5962030264489127 1.5949282274467629 1.593653428444615 1.5923786294424676 1.5911038304403198 1.5898290314381722 1.5885542324360244 1.5872794334338767 1.5860046344317291 1.5847298354295813 1.5834550364274338
1.6128779419359691 1.6125418937734544 1.6122058456109394 1.6118697974484246 1.6115337492859096 1.6111977011233949 1.61086165296088 1.6105256047983652 1.6101895566358497 1.6098535084733347 1.60951746031082 1.609181412148305 1.6088453639857903 1.6085093158232753 1.6081732676607605 1.6078372194982455 1.6075011713357308 1.6071651231732158 1.606829075010701 1.606493026848186 1.6061569786856713 1.6058209305231559 1.605484882360641 1.6051488341981262 1.6048127860356112 1.6044767378730964 1.6041406897105814 1.6038046415480667 1.602999702095664 1.601693507254587 1.6003873124135104 1.5990811175724338 1.5977749227313571 1.5964687278902805 1.5951625330492014 1.5938563382081248 1.5925501433670481 1.5912439485259715 1.5899377536848947 1.588631558843818 1.5873253640027414 1.5860191691616647 1.5847129743205879 1.5834067794795113
1.6121040945624656 1.6118120815904668 1.611520068618468 1.611228055646469 1.6109360426744703 1.6106440297024716 1.6103520167304728 1.610060003758474 1.6097679907864748 1.6094759778144758 1.609183964842477 1.6088919518704783 1.6085999388984795 1.6083079259264808 1.608015912954482 1.6077238999824832 1.6074318870104845 1.6071398740384857 1.6068478610664867 1.606555848094488 1.6062638351224892 1.60597182215049 1.6056798091784912 1.6053877962064924 1.6050957832344934 1.6048037702624947 1.6045117572904959 1.6042197443184971 1.6034223827316763 1.6020847920516708 1.600747201371665 1.5994096106916593 1.5980720200116536 1.5967344293316479 1.59539683865164 1.5940592479716342 1.5927216572916287 1.591384066611623 1.5900464759316173 1.5887088852516116 1.5873712945716059 1.5860337038916001 1.5846961132115946 1.583358522531589
1.6113302471889621 1.6110822694074793 1.6108342916259966 1.6105863138445138 1.6103383360630312 1.6100903582815485 1.6098423805000657 1.6095944027185831 1.6093464249371 1.6090984471556171 1.6088504693741346 1.6086024915926518 1.608354513811169 1.6081065360296862 1.6078585582482037 1.607610580466721 1.6073626026852381 1.6071146249037556 1.6068666471222728 1.60661866934079 1.6063706915593072 1.6061227137778242 1.6058747359963415 1.6056267582148587 1.6053787804333761 1.6051308026518933 1.6048828248704106 1.6046348470889278 1.603845063367689 1.6024760768487545 1.6011070903298197 1.599738103810885 1.5983691172919503 1.5970001307730157 1.5956311442540787 1.594262157735144 1.5928931712162093 1.5915241846972745 1.59015519817834 1.5887862116594051 1.5874172251404706 1.5860482386215358 1.5846792521026012 1.5833102655836664
1.6105563998154584 1.6103524572244918 1.6101485146335253 1.6099445720425585 1.609740629451592 1.6095366868606253 1.6093327442696586 1.609128801678692 1.608924859087725 1.6087209164967584 1.6085169739057916 1.608313031314825 1.6081090887238585 1.6079051461328917 1.6077012035419251 1.6074972609509586 1.6072933183599918 1.6070893757690252 1.6068854331780587 1.6066814905870919 1.6064775479961253 1.6062736054051583 1.6060696628141917 1.605865720223225 1.6056617776322584 1.6054578350412918 1.605253892450325 1.6050499498593584 1.6042677440037016 1.602867361645838 1.6014669792879743 1.6000665969301104 1.5986662145722468 1.5972658322143831 1.595865449856517 1.5944650674986534 1.5930646851407897 1.591664302782926 1.5902639204250624 1.5888635380671987 1.587463155709335 1.5860627733514714 1.5846623909936077 1.5832620086357438
1.609782552441954 1.6096226450415037 1.609462737641053 1.6093028302406025 1.609142922840152 1.6089830154397016 1.608823108039251 1.6086632006388004 1.6085032932383496 1.608343385837899 1.6081834784374487 1.6080235710369981 1.6078636636365475 1.607703756236097 1.6075438488356466 1.607383941435196 1.6072240340347455 1.6070641266342949 1.6069042192338443 1.606744311833394 1.6065844044329434 1.6064244970324926 1.606264589632042 1.6061046822315914 1.605944774831141 1.6057848674306905 1.60562496003024 1.6054650526297893 1.6046904246397145 1.6032586464429217 1.6018268682461292 1.6003950900493364 1.5989633118525437 1.597531533655751 1.5960997554589558 1.594667977262163 1.5932361990653703 1.5918044208685778 1.590372642671785 1.5889408644749923 1.5875090862781995 1.5860773080814068 1.584645529884614 1.5832137516878213
1.6090087050684505 1.6088928328585161 1.6087769606485818 1.6086610884386472 1.6085452162287128 1.6084293440187782 1.6083134718088439 1.6081975995989095 1.608081727388975 1.6079658551790403 1.607849982969106 1.6077341107591714 1.607618238549237 1.6075023663393027 1.607386494129368 1.6072706219194337 1.6071547497094993 1.6070388774995648 1.6069230052896304 1.606807133079696 1.6066912608697614 1.6065753886598269 1.6064595164498925 1.606343644239958 1.6062277720300235 1.6061118998200892 1.6059960276101546 1.6058801554002202 1.6051131052757273 1.6036499312400054 1.6021867572042838 1.600723583168562 1.5992604091328404 1.5977972350971186 1.5963340610613945 1.5948708870256727 1.593407712989951 1.5919445389542293 1.5904813649185077 1.5890181908827858 1.5875550168470642 1.5860918428113424 1.5846286687756208 1.583165494739899
1.6082348576949472 1.6081630206755289 1.6080911836561105 1.608019346636692 1.6079475096172737 1.6078756725978554 1.607803835578437 1.6077319985590186 1.6076601615396 1.6075883245201816 1.6075164875007633 1.6074446504813449 1.6073728134619265 1.6073009764425081 1.6072291394230898 1.6071573024036714 1.607085465384253 1.6070136283648346 1.6069417913454163 1.6068699543259979 1.6067981173065795 1.606726280287161 1.6066544432677425 1.6065826062483242 1.6065107692289058 1.6064389322094874 1.606367095190069 1.6062952581706507 1.6055357859117398 1.6040412160370892 1.6025466461624382 1.6010520762877876 1.5995575064131369 1.5980629365384862 1.5965683666638328 1.5950737967891822 1.5935792269145315 1.5920846570398808 1.59059008716523 1.5890955172905794 1.5876009474159285 1.5861063775412778 1.5846118076666271 1.5831172377919764
1.6074610103214437 1.6074332084925413 1.607405406663639 1.6073776048347368 1.6073498030058344 1.6073220011769322 1.6072941993480299 1.6072663975191275 1.6072385956902253 1.607210793861323 1.6071829920324205 1.6071551902035184 1.607127388374616 1.6070995865457138 1.6070717847168114 1.607043982887909 1.607016181059007 1.6069883792301045 1.6069605774012021 1.6069327755723 1.6069049737433976 1.6068771719144952 1.606849370085593 1.6068215682566906 1.6067937664277885 1.606765964598886 1.6067381627699837 1.6067103609410816 1.6059584665477524 1.6044325008341729 1.6029065351205931 1.6013805694070133 1.5998546036934336 1.598328637979854 1.5968026722662716 1.5952767065526918 1.5937507408391123 1.5922247751255325 1.5906988094119527 1.589172843698373 1.5876468779847932 1.5861209122712137 1.5845949465576339 1.5830689808440541
1.60668716294794 1.6067033963095538 1.6067196296711677 1.6067358630327815 1.606752096394395 1.606768329756009 1.6067845631176227 1.6068007964792366 1.6068170298408504 1.606833263202464 1.6068494965640778 1.6068657299256917 1.6068819632873055 1.606898196648919 1.606914430010533 1.6069306633721467 1.6069468967337606 1.6069631300953744 1.606979363456988 1.6069955968186018 1.6070118301802157 1.6070280635418295 1.607044296903443 1.607060530265057 1.6070767636266707 1.6070929969882846 1.6071092303498984 1.607125463711512 1.606381147183765 1.6048237856312564 1.6032664240787475 1.601709062526239 1.6001517009737303 1.5985943394212214 1.5970369778687101 1.5954796163162013 1.5939222547636926 1.592364893211184 1.5908075316586752 1.5892501701061665 1.5876928085536577 1.586135447001149 1.5845780854486404 1.5830207238961316
1.6059133155744365 1.6059735841265663 1.6060338526786961 1.6060941212308262 1.606154389782956 1.6062146583350858 1.6062749268872156 1.6063351954393454 1.6063954639914755 1.6064557325436053 1.6065160010957351 1.6065762696478652 1.606636538199995 1.6066968067521248 1.6067570753042546 1.6068173438563844 1.6068776124085142 1.6069378809606443 1.606998149512774 1.607058418064904 1.6071186866170337 1.6071789551691638 1.6072392237212936 1.6072994922734234 1.6073597608255532 1.607420029377683 1.607480297929813 1.6075405664819429 1.6068038278197778 1.60521507042834 1.6036263130369024 1.6020375556454647 1.600448798254027 1.5988600408625893 1.5972712834711487 1.595682526079711 1.5940937686882732 1.5925050112968355 1.5909162539053978 1.58932749651396 1.5877387391225224 1.5861499817310847 1.584561224339647 1.5829724669482093
1.6051394682009321 1.6052437719435781 1.6053480756862242 1.6054523794288702 1.605556683171516 1.605660986914162 1.605765290656808 1.605869594399454 1.6059738981421001 1.6060782018847461 1.6061825056273922 1.606286809370038 1.606391113112684 1.60649541685533 1.606599720597976 1.6067040243406219 1.606808328083268 1.606912631825914 1.60701693556856 1.6071212393112058 1.6072255430538518 1.607329846796498 1.6074341505391438 1.6075384542817899 1.607642758024436 1.607747061767082 1.6078513655097277 1.6079556692523738 1.6072265084557906 1.605606355225424 1.6039862019950573 1.6023660487646905 1.6007458955343237 1.5991257423039569 1.5975055890735874 1.5958854358432206 1.5942652826128538 1.5926451293824873 1.5910249761521205 1.5894048229217537 1.5877846696913869 1.58616451646102 1.5845443632306535 1.5829242100002867
1.6043656208274286 1.6045139597605906 1.6046622986937527 1.6048106376269147 1.604958976560077 1.605107315493239 1.605255654426401 1.605403993359563 1.6055523322927252 1.6057006712258872 1.6058490101590492 1.6059973490922115 1.6061456880253735 1.6062940269585355 1.6064423658916975 1.6065907048248596 1.6067390437580216 1.6068873826911836 1.6070357216243456 1.6071840605575076 1.6073323994906699 1.607480738423832 1.6076290773569941 1.6077774162901561 1.6079257552233182 1.6080740941564802 1.6082224330896424 1.6083707720228044 1.6076491890918032 1.6059976400225076 1.6043460909532117 1.602694541883916 1.6010429928146201 1.5993914437453245 1.597739894676026 1.59608834560673 1.5944367965374344 1.5927852474681385 1.5911336983988429 1.5894821493295472 1.5878306002602514 1.5861790511909557 1.5845275021216598 1.5828759530523642
1.6035917734539251 1.6037841475776031 1.6039765217012814 1.6041688958249594 1.6043612699486376 1.6045536440723156 1.6047460181959938 1.604938392319672 1.6051307664433505 1.6053231405670285 1.6055155146907067 1.6057078888143848 1.605900262938063 1.606092637061741 1.6062850111854192 1.6064773853090972 1.6066697594327755 1.6068621335564535 1.6070545076801317 1.6072468818038097 1.607439255927488 1.6076316300511664 1.6078240041748444 1.6080163782985226 1.6082087524222008 1.6084011265458789 1.608593500669557 1.608785874793235 1.608071869727816 1.6063889248195913 1.6047059799113665 1.6030230350031416 1.6013400900949168 1.599657145186692 1.5979742002784645 1.5962912553702397 1.594608310462015 1.5929253655537903 1.5912424206455655 1.5895594757373408 1.587876530829116 1.5861935859208913 1.5845106410126664 1.5828276961044416
1.6028179260804214 1.6030543353946156 1.6032907447088098 1.603527154023004 1.6037635633371983 1.6039999726513925 1.6042363819655867 1.604472791279781 1.6047092005939756 1.6049456099081696 1.6051820192223638 1.605418428536558 1.6056548378507522 1.6058912471649465 1.6061276564791407 1.606364065793335 1.6066004751075291 1.6068368844217233 1.6070732937359176 1.6073097030501118 1.6075461123643058 1.6077825216785004 1.6080189309926947 1.6082553403068889 1.608491749621083 1.6087281589352773 1.6089645682494715 1.6092009775636658 1.6084945503638284 1.6067802096166748 1.605065868869521 1.6033515281223671 1.6016371873752135 1.5999228466280597 1.598208505880903 1.5964941651337492 1.5947798243865956 1.5930654836394418 1.591351142892288 1.5896368021451344 1.5879224613979805 1.5862081206508267 1.5844937799036731 1.5827794391565193
1.602044078706918 1.6023245232116283 1.6026049677163385 1.6028854122210487 1.6031658567257592 1.6034463012304694 1.6037267457351796 1.6040071902398898 1.6042876347446007 1.6045680792493109 1.6048485237540213 1.6051289682587315 1.6054094127634417 1.6056898572681522 1.6059703017728624 1.6062507462775726 1.6065311907822828 1.6068116352869932 1.6070920797917034 1.6073725242964136 1.607652968801124 1.6079334133058347 1.608213857810545 1.6084943023152554 1.6087747468199656 1.6090551913246758 1.6093356358293862 1.6096160803340964 1.6089172309998412 1.6071714944137585 1.6054257578276756 1.603680021241593 1.6019342846555102 1.6001885480694273 1.5984428114833418 1.5966970748972589 1.5949513383111762 1.5932056017250935 1.5914598651390106 1.589714128552928 1.5879683919668452 1.5862226553807623 1.5844769187946797 1.582731182208597
1.6012702313334144 1.6015947110286408 1.601919190723867 1.6022436704190934 1.6025681501143199 1.602892629809546 1.6032171095047725 1.603541589199999 1.6038660688952258 1.6041905485904522 1.6045150282856784 1.6048395079809048 1.6051639876761312 1.6054884673713574 1.6058129470665838 1.6061374267618103 1.6064619064570365 1.6067863861522629 1.6071108658474893 1.6074353455427157 1.607759825237942 1.6080843049331688 1.6084087846283952 1.6087332643236216 1.6090577440188478 1.6093822237140742 1.6097067034093007 1.610031183104527 1.6093399116358538 1.607562779210842 1.6057856467858302 1.6040085143608185 1.6022313819358067 1.600454249510795 1.59867711708578 1.5968999846607683 1.5951228522357566 1.5933457198107448 1.591568587385733 1.5897914549607213 1.5880143225357097 1.586237190110698 1.5844600576856862 1.5826829252606744
1.600496383959911 1.6008648988456533 1.6012334137313957 1.6016019286171381 1.6019704435028805 1.602338958388623 1.6027074732743654 1.6030759881601078 1.6034445030458508 1.6038130179315933 1.6041815328173357 1.604550047703078 1.6049185625888205 1.605287077474563 1.6056555923603053 1.6060241072460477 1.6063926221317901 1.6067611370175328 1.6071296519032752 1.6074981667890176 1.60786668167476 1.608235196560503 1.6086037114462455 1.6089722263319879 1.6093407412177303 1.6097092561034727 1.6100777709892151 1.6104462858749575 1.6097625922718664 1.6079540640079255 1.6061455357439847 1.604337007480044 1.6025284792161032 1.6007199509521626 1.5989114226882186 1.5971028944242778 1.5952943661603372 1.5934858378963963 1.5916773096324557 1.5898687813685148 1.588060253104574 1.5862517248406334 1.5844431965766925 1.582634668312752
1.600440919084066 1.6008176186524083 1.6011943182207506 1.6015710177890927 1.601947717357435 1.6023244169257773 1.6027011164941194 1.6030778160624617 1.6034545156308047 1.6038312151991467 1.604207914767489 1.6045846143358313 1.6049613139041734 1.6053380134725157 1.605714713040858 1.6060914126092003 1.6064681121775424 1.6068448117458847 1.607221511314227 1.607598210882569 1.6079749104509113 1.6083516100192543 1.6087283095875964 1.6091050091559387 1.609481708724281 1.609858408292623 1.6102351078609654 1.6106118074293077 1.6099266451284036 1.6081063284847643 1.606286011841125 1.6044656951974858 1.6026453785538464 1.6008250619102071 1.5990047452665648 1.5971844286229255 1.5953641119792863 1.5935437953356468 1.5917234786920076 1.5899031620483683 1.588082845404729 1.5862625287610899 1.5844422121174504 1.5826218954738112
1.6011533598091574 1.6014999221272643 1.601846484445371 1.6021930467634777 1.6025396090815844 1.6028861713996914 1.603232733717798 1.6035792960359048 1.6039258583540121 1.6042724206721188 1.6046189829902258 1.6049655453083325 1.6053121076264392 1.6056586699445459 1.6060052322626528 1.6063517945807595 1.6066983568988662 1.607044919216973 1.6073914815350798 1.6077380438531865 1.6080846061712932 1.6084311684894006 1.6087777308075073 1.6091242931256142 1.609470855443721 1.6098174177618276 1.6101639800799346 1.6105105423980413 1.6098142411933791 1.6080030953078437 1.606191949422308 1.6043808035367726 1.6025696576512372 1.6007585117657017 1.5989473658801632 1.5971362199946277 1.5953250741090923 1.5935139282235566 1.5917027823380212 1.5898916364524858 1.5880804905669503 1.586269344681415 1.5844581987958795 1.5826470529103438
