Figures/CREST_Example_wjb_NSE/PETs/wjb.pet.20090616.asc
ncols            288
nrows            254
xllcorner        113.274861
yllcorner        31.4918055
cellsize         0.008333333333
NODATA_value     -9999
[rows 180 to 199 of 254, columns 220 to 263 of 288]
3.1744975117889513 3.175326994781624 3.176274095743901 3.177346932977586 3.178419770211271 3.179492607444956 3.1805654446786407 3.181638281912326 3.1827111191460107 3.1837839563796955 3.1848567936133807 3.1859296308470655 3.1870024680807503 3.1880753053144355 3.189148142548122 3.1902209797818073 3.191293817015492 3.192366654249177 3.193439491482862 3.194512328716547 3.1955851659502317 3.196658003183917 3.1977308404176017 3.1988036776512865 3.1998765148849717 3.2009493521186565 3.2020221893523413 3.2030950265860283 3.204167863819713 3.2052407010533983 3.206313538287083 3.207386375520768 3.207496567402445 3.206577669611538 3.2056587718206315 -9999.0 -9999.0 -9999.0 -9999.0 -9999.0 -9999.0 -9999.0 -9999.0 -9999.0
3.18530945254997 3.1861033379109274 3.1870510303266353 3.1881631459647957 3.1892752616029556 3.190387377241116 3.1914994928792764 3.1926116085174363 3.1937237241555967 3.1948358397937566 3.195947955431917 3.197060071070077 3.1981721867082373 3.1992843023463973 3.2003964179845594 3.20150853362272 3.2026206492608797 3.20373276489904 3.2048448805372 3.2059569961753605 3.2070691118135204 3.2081812274516808 3.2092933430898407 3.210405458728001 3.211517574366161 3.2126296900043214 3.2137418056424814 3.2148539212806435 3.215966036918804 3.217078152556964 3.218190268195124 3.219302383833284 3.2194261174934877 3.2184932484453723 -9999.0 -9999.0 -9999.0 -9999.0 -9999.0 -9999.0 -9999.0 -9999.0 -9999.0 -9999.0
3.196121393310989 3.1968796810402305 3.19782796490937 3.1989793589520055 3.2001307529946406 3.201282147037276 3.2024335410799116 3.203584935122547 3.2047363291651823 3.205887723207818 3.2070391172504533 3.208190511293089 3.209341905335724 3.2104932993783595 3.211644693420997 3.2127960874636323 3.213947481506268 3.2150988755489034 3.2162502695915385 3.217401663634174 3.2185530576768095 3.219704451719445 3.22085584576208 3.2220072398047157 3.2231586338473512 3.2243100278899868 3.225461421932622 3.2266128159752596 3.2277642100178947 3.2289156040605302 3.2300669981031658 3.2312183921458013 3.2313556675845314 -9999.0 -9999.0 -9999.0 -9999.0 -9999.0 -9999.0 -9999.0 -9999.0 -9999.0 -9999.0 -9999.0
3.206933334072017 3.207656024169543 3.2086048994921135 3.209795571939224 3.2109862443863353 3.212176916833446 3.2133675892805567 3.2145582617276673 3.215748934174778 3.2169396066218887 3.2181302790689994 3.21932095151611 3.2205116239632208 3.2217022964103315 3.222892968857444 3.2240836413045546 3.2252743137516653 3.2264649861987764 3.227655658645887 3.228846331092998 3.2300370035401085 3.231227675987219 3.23241834843433 3.2336090208814405 3.234799693328551 3.235990365775662 3.2371810382227726 3.238371710669885 3.2395623831169957 3.240753055564107 3.2419437280112176 3.2431344004583282 3.243285217675585 3.242324406113051 -9999.0 -9999.0 -9999.0 -9999.0 -9999.0 -9999.0 -9999.0 -9999.0 -9999.0 -9999.0
3.2177452748330357 3.218432367298846 3.219381834074848 3.220611784926434 3.22184173577802 3.223071686629606 3.224301637481192 3.2255315883327778 3.2267615391843636 3.2279914900359494 3.2292214408875357 3.2304513917391215 3.2316813425907074 3.232911293442293 3.2341412442938813 3.235371195145467 3.2366011459970534 3.2378310968486392 3.239061047700225 3.240290998551811 3.241520949403397 3.242750900254983 3.243980851106569 3.2452108019581547 3.2464407528097405 3.247670703661327 3.2489006545129127 3.2501306053645007 3.2513605562160866 3.2525905070676724 3.2538204579192582 3.2550504087708445 3.255214767766628 3.254239984946885 -9999.0 -9999.0 -9999.0 -9999.0 -9999.0 -9999.0 -9999.0 -9999.0 -9999.0 -9999.0
3.228557215594054 3.229208710428149 3.2301587686575823 3.2314279979136438 3.2326972271697048 3.233966456425766 3.235235685681827 3.2365049149378886 3.2377741441939496 3.2390433734500106 3.240312602706072 3.241581831962133 3.2428510612181944 3.2441202904742554 3.245389519730319 3.24665874898638 3.247927978242441 3.2491972074985025 3.2504664367545635 3.251735666010625 3.253004895266686 3.2542741245227473 3.2555433537788083 3.2568125830348693 3.2580818122909307 3.2593510415469917 3.260620270803053 3.2618895000591164 3.263158729315178 3.264427958571239 3.2656971878273 3.266966417083361 3.267144317857672 3.2661555637807194 -9999.0 -9999.0 -9999.0 -9999.0 -9999.0 -9999.0 -9999.0 -9999.0 -9999.0 -9999.0
3.2393691563550733 3.2399850535574526 3.2409357032403174 3.242244210900854 3.24355271856139 3.2448612262219267 3.246169733882463 3.2474782415429995 3.248786749203536 3.250095256864072 3.2514037645246088 3.252712272185145 3.2540207798456815 3.255329287506218 3.2566377951667564 3.257946302827293 3.2592548104878296 3.2605633181483658 3.2618718258089023 3.2631803334694385 3.264488841129975 3.2657973487905116 3.267105856451048 3.2684143641115844 3.269722871772121 3.271031379432657 3.2723398870931937 3.273648394753732 3.2749569024142686 3.276265410074805 3.2775739177353413 3.278882425395878 -9999.0 -9999.0 -9999.0 -9999.0 -9999.0 -9999.0 -9999.0 -9999.0 -9999.0 -9999.0 -9999.0 -9999.0
3.250181097116092 3.2507613966867557 3.2517126378230516 3.2530604238880634 3.254408209953075 3.255755996018087 3.2571037820830986 3.25845156814811 3.2597993542131216 3.2611471402781333 3.262494926343145 3.263842712408157 3.265190498473168 3.26653828453818 3.267886070603194 3.2692338566682055 3.2705816427332173 3.271929428798229 3.2732772148632403 3.274625000928252 3.2759727869932638 3.2773205730582755 3.2786683591232872 3.2800161451882985 3.2813639312533103 3.282711717318322 3.2840595033833337 3.2854072894483477 3.2867550755133594 3.2881028615783707 3.2894506476433825 -9999.0 -9999.0 -9999.0 -9999.0 -9999.0 -9999.0 -9999.0 -9999.0 -9999.0 -9999.0 -9999.0 -9999.0 -9999.0
3.260993037877111 3.2615377398160588 3.2624895724057863 3.263876636875273 3.26526370134476 3.266650765814247 3.268037830283734 3.2694248947532207 3.2708119592227076 3.2721990236921945 3.2735860881616814 3.2749731526311683 3.276360217100655 3.277747281570142 3.279134346039631 3.2805214105091185 3.2819084749786054 3.2832955394480923 3.284682603917579 3.286069668387066 3.287456732856553 3.28884379732604 3.2902308617955267 3.2916179262650136 3.2930049907345005 3.2943920552039874 3.2957791196734743 3.2971661841429634 3.2985532486124503 3.299940313081937 3.301327377551424 -9999.0 -9999.0 -9999.0 -9999.0 -9999.0 -9999.0 -9999.0 -9999.0 -9999.0 -9999.0 -9999.0 -9999.0 -9999.0
3.271804978638139 3.272314082945371 3.27326650698853 3.2746928498624923 3.2761191927364544 3.2775455356104164 3.278971878484379 3.280398221358341 3.281824564232303 3.2832509071062654 3.2846772499802275 3.2861035928541895 3.287529935728152 3.288956278602114 3.2903826214760787 3.291808964350041 3.293235307224003 3.2946616500979653 3.2960879929719273 3.2975143358458894 3.2989406787198514 3.300367021593814 3.301793364467776 3.303219707341738 3.3046460502157005 3.3060723930896625 3.3074987359636245 3.3089250788375892 3.3103514217115513 3.3117777645855138 3.313204107459476 -9999.0 -9999.0 -9999.0 -9999.0 -9999.0 -9999.0 -9999.0 -9999.0 -9999.0 -9999.0 -9999.0 -9999.0 -9999.0
3.2826169193991577 3.2830904260746743 3.2840434415712645 3.2855090628497017 3.2869746841281393 3.288440305406577 3.289905926685014 3.2913715479634518 3.292837169241889 3.2943027905203266 3.295768411798764 3.2972340330772014 3.2986996543556386 3.3001652756340762 3.301630896912516 3.3030965181909533 3.304562139469391 3.306027760747828 3.3074933820262657 3.308959003304703 3.3104246245831406 3.311890245861578 3.3133558671400154 3.314821488418453 3.3162871096968902 3.317752730975328 3.319218352253765 3.320683973532205 3.3221495948106425 3.3236152160890797 3.3250808373675174 3.3265464586459546 -9999.0 -9999.0 -9999.0 -9999.0 -9999.0 -9999.0 -9999.0 -9999.0 -9999.0 -9999.0 -9999.0 -9999.0
3.293428860160176 3.2938667692039774 3.2948203761539987 3.2963252758369115 3.2978301755198243 3.299335075202737 3.3008399748856494 3.302344874568562 3.303849774251475 3.3053546739343873 3.3068595736173 3.308364473300213 3.3098693729831257 3.311374272666038 3.3128791723489535 3.314384072031866 3.3158889717147786 3.3173938713976914 3.318898771080604 3.3204036707635165 3.3219085704464293 3.323413470129342 3.3249183698122544 3.326423269495167 3.32792816917808 3.3294330688609923 3.330937968543905 3.3324428682268206 3.333947767909733 3.3354526675926457 3.3369575672755585 3.338462466958471 -9999.0 -9999.0 -9999.0 -9999.0 -9999.0 -9999.0 -9999.0 -9999.0 -9999.0 -9999.0 -9999.0 -9999.0
3.304240800921195 3.304643112333281 3.305597310736734 3.3071414888241217 3.3086856669115097 3.3102298449988976 3.3117740230862855 3.313318201173673 3.314862379261061 3.316406557348449 3.317950735435837 3.319494913523225 3.3210390916106127 3.3225832696980007 3.3241274477853913 3.3256716258727788 3.3272158039601667 3.3287599820475546 3.3303041601349426 3.3318483382223305 3.3333925163097184 3.3349366943971064 3.3364808724844943 3.3380250505718823 3.3395692286592698 3.3411134067466577 3.3426575848340456 3.3442017629214362 3.345745941008824 3.347290119096212 3.3488342971836 3.350378475270988 -9999.0 -9999.0 -9999.0 -9999.0 -9999.0 -9999.0 -9999.0 -9999.0 -9999.0 -9999.0 -9999.0 -9999.0
3.315052741682214 3.315419455462584 3.316374245319468 3.3179577018113315 3.3195411583031946 3.3211246147950577 3.322708071286921 3.324291527778784 3.325874984270647 3.32745844076251 3.329041897254373 3.3306253537462363 3.3322088102381 3.333792266729963 3.3353757232218286 3.3369591797136917 3.338542636205555 3.340126092697418 3.341709549189281 3.343293005681144 3.344876462173007 3.3464599186648707 3.348043375156734 3.349626831648597 3.35121028814046 3.352793744632323 3.354377201124186 3.355960657616052 3.357544114107915 3.359127570599778 3.3607110270916416 3.3622944835835047 3.362580718586029 -9999.0 -9999.0 -9999.0 -9999.0 -9999.0 -9999.0 -9999.0 -9999.0 -9999.0 -9999.0 -9999.0
3.325864682443237 3.3261957985918915 3.327151179902207 3.3287739147985453 3.330396649694884 3.3320193845912223 3.3336421194875605 3.335264854383899 3.3368875892802374 3.3385103241765757 3.3401330590729144 3.3417557939692526 3.3433785288655913 3.3450012637619295 3.3466239986582704 3.348246733554609 3.3498694684509474 3.351492203347286 3.3531149382436243 3.3547376731399625 3.356360408036301 3.3579831429326394 3.3596058778289777 3.3612286127253164 3.3628513476216546 3.364474082517993 3.3660968174143315 3.3677195523106724 3.369342287207011 3.3709650221033494 3.3725877569996876 3.3742104918960263 3.3745102686770774 -9999.0 -9999.0 -9999.0 -9999.0 -9999.0 -9999.0 -9999.0 -9999.0 -9999.0 -9999.0 -9999.0
3.336676623204256 3.3369721417211946 3.3379281144849413 3.339590127785755 3.341252141086569 3.3429141543873824 3.344576167688196 3.3462381809890096 3.3479001942898234 3.349562207590637 3.3512242208914507 3.3528862341922645 3.354548247493078 3.3562102607938917 3.3578722740947082 3.3595342873955216 3.3611963006963355 3.362858313997149 3.3645203272979627 3.3661823405987765 3.36784435389959 3.3695063672004038 3.371168380501217 3.372830393802031 3.3744924071028444 3.376154420403658 3.377816433704472 3.3794784470052885 3.381140460306102 3.3828024736069158 3.384464486907729 3.386126500208543 3.386439818768121 -9999.0 -9999.0 -9999.0 -9999.0 -9999.0 -9999.0 -9999.0 -9999.0 -9999.0 -9999.0 -9999.0
3.3474885639652747 3.347748484850498 3.3487050490676764 3.3504063407729654 3.352107632478254 3.353808924183543 3.355510215888832 3.357211507594121 3.3589127992994094 3.3606140910046984 3.3623153827099874 3.364016674415276 3.365717966120565 3.367419257825854 3.3691205495311456 3.3708218412364346 3.3725231329417236 3.374224424647012 3.375925716352301 3.37762700805759 3.379328299762879 3.3810295914681676 3.3827308831734566 3.3844321748787456 3.386133466584034 3.387834758289323 3.389536049994612 3.3912373416999038 3.3929386334051927 3.3946399251104817 3.3963412168157703 3.3980425085210593 3.398369368859164 -9999.0 -9999.0 -9999.0 -9999.0 -9999.0 -9999.0 -9999.0 -9999.0 -9999.0 -9999.0 -9999.0
3.358300504726298 3.358524827979806 3.359481983650415 3.361222553760179 3.3629631238699433 3.3647036939797075 3.3664442640894716 3.3681848341992358 3.369925404309 3.371665974418764 3.373406544528528 3.3751471146382923 3.3768876847480565 3.3786282548578206 3.380368824967588 3.382109395077352 3.383849965187116 3.3855905352968803 3.3873311054066444 3.3890716755164085 3.3908122456261727 3.392552815735937 3.394293385845701 3.396033955955465 3.3977745260652292 3.3995150961749934 3.4012556662847575 3.4029962363945243 3.4047368065042884 3.4064773766140526 3.4082179467238167 3.409958516833581 3.4102989189502124 -9999.0 -9999.0 -9999.0 -9999.0 -9999.0 -9999.0 -9999.0 -9999.0 -9999.0 -9999.0 -9999.0
3.369112445487317 3.3693011711091096 3.37025891823315 3.3720387667473894 3.3738186152616287 3.375598463775868 3.3773783122901078 3.379158160804347 3.3809380093185863 3.3827178578328256 3.384497706347065 3.386277554861304 3.388057403375544 3.3898372518897832 3.3916171004040256 3.393396948918265 3.3951767974325042 3.3969566459467435 3.398736494460983 3.400516342975222 3.402296191489462 3.404076040003701 3.4058558885179404 3.4076357370321797 3.409415585546419 3.4111954340606583 3.412975282574898 3.4147551310891404 3.4165349796033797 3.418314828117619 3.4200946766318583 -9999.0 -9999.0 -9999.0 -9999.0 -9999.0 -9999.0 -9999.0 -9999.0 -9999.0 -9999.0 -9999.0 -9999.0 -9999.0
3.379924386248336 3.3800775142384127 3.3810358528158844 3.3828549797345993 3.3846741066533137 3.3864932335720286 3.388312360490743 3.3901314874094575 3.3919506143281724 3.393769741246887 3.3955888681656012 3.397407995084316 3.3992271220030306 3.4010462489217455 3.402865375840463 3.4046845027591774 3.4065036296778923 3.4083227565966068 3.410141883515321 3.411961010434036 3.4137801373527505 3.4155992642714654 3.41741839119018 3.4192375181088943 3.421056645027609 3.4228757719463236 3.424694898865038 3.426514025783756 3.4283331527024705 3.4301522796211854 3.4319714065399 -9999.0 -9999.0 -9999.0 -9999.0 -9999.0 -9999.0 -9999.0 -9999.0 -9999.0 -9999.0 -9999.0 -9999.0 -9999.0
