Figures/CREST_Example_wjb_NSE/PETs/wjb.pet.20100302.asc
ncols            288
nrows            254
xllcorner        113.274861
yllcorner        31.4918055
cellsize         0.008333333333
NODATA_value     -9999
[rows 38 to 56 of 254, columns 88 to 131 of 288]
0.7348253508091975 0.7331217482069882 0.7314181456047788 0.7297145430025664 0.7280109404003571 0.7263073377981477 0.7246037351959382 0.7229001325937289 0.7211965299915195 0.7194929273893101 0.7177893247871007 0.7160857221848913 0.7143821195826819 0.7126785169804726 0.7119842652655155 0.7123690324716634 0.7127537996778119 0.7131385668839599 0.7135233340901078 0.7139081012962557 0.7142928685024036 0.7146776357085516 0.7150624029146995 0.7154471701208474 0.7158319373269952 0.7162167045331432 0.7166014717392911 0.716986238945439 0.7173710061515869 0.7177557733577355 0.7181405405638834 0.7185253077700313 0.7189100749761792 0.7192948421823272 0.7196796093884751 0.720064376594623 0.7204491438007709 0.7208339110069188 0.7212186782130667 0.7216034454192146 0.7219882126253625 0.7223729798315105 0.722757747037659 0.7231425142438069
0.7362396869839276 0.734593864302461 0.7329480416209944 0.7313022189395249 0.7296563962580582 0.7280105735765915 0.7263647508951249 0.7247189282136582 0.7230731055321915 0.7214272828507249 0.7197814601692581 0.7181356374877915 0.7164898148063249 0.7148439921248582 0.7141704403572156 0.7145362681806605 0.714902096004106 0.7152679238275509 0.7156337516509957 0.7159995794744407 0.7163654072978856 0.7167312351213305 0.7170970629447754 0.7174628907682202 0.7178287185916652 0.71819454641511 0.718560374238555 0.7189262020619999 0.7192920298854447 0.7196578577088902 0.7200236855323352 0.72038951335578 0.720755341179225 0.7211211690026699 0.7214869968261147 0.7218528246495597 0.7222186524730045 0.7225844802964495 0.7229503081198944 0.7233161359433392 0.7236819637667842 0.724047791590229 0.7244136194136745 0.7247794472371195
0.7376540231586589 0.736065980397935 0.7344779376372111 0.7328898948764846 0.7313018521157607 0.7297138093550367 0.7281257665943128 0.7265377238335889 0.7249496810728651 0.7233616383121412 0.7217735955514173 0.7201855527906934 0.7185975100299695 0.7170094672692456 0.7163566154489175 0.7167035038896593 0.7170503923304018 0.7173972807711436 0.7177441692118856 0.7180910576526274 0.7184379460933693 0.7187848345341111 0.719131722974853 0.7194786114155949 0.7198254998563367 0.7201723882970786 0.7205192767378205 0.7208661651785624 0.7212130536193042 0.7215599420600467 0.7219068305007885 0.7222537189415305 0.7226006073822723 0.7229474958230142 0.723294384263756 0.723641272704498 0.7239881611452398 0.7243350495859816 0.7246819380267235 0.7250288264674654 0.7253757149082073 0.7257226033489491 0.7260694917896916 0.7264163802304334
0.7390683593333891 0.7375380964934078 0.7360078336534267 0.7344775708134429 0.7329473079734617 0.7314170451334806 0.7298867822934995 0.7283565194535183 0.7268262566135371 0.7252959937735559 0.7237657309335748 0.7222354680935936 0.7207052052536125 0.7191749424136312 0.7185427905406175 0.7188707395986563 0.7191986886566958 0.7195266377147347 0.7198545867727735 0.7201825358308124 0.7205104848888512 0.7208384339468901 0.721166383004929 0.7214943320629678 0.7218222811210067 0.7221502301790454 0.7224781792370844 0.7228061282951233 0.723134077353162 0.7234620264112015 0.7237899754692403 0.7241179245272792 0.7244458735853181 0.7247738226433569 0.7251017717013958 0.7254297207594346 0.7257576698174735 0.7260856188755124 0.7264135679335512 0.7267415169915901 0.7270694660496289 0.7273974151076678 0.7277253641657071 0.728053313223746
0.7404826955081192 0.7390102125888808 0.7375377296696423 0.7360652467504013 0.7345927638311629 0.7331202809119245 0.731647797992686 0.7301753150734476 0.7287028321542092 0.7272303492349707 0.7257578663157322 0.7242853833964937 0.7228129004772553 0.7213404175580169 0.7207289656323176 0.7210379753076535 0.7213469849829899 0.7216559946583256 0.7219650043336615 0.7222740140089974 0.7225830236843332 0.722892033359669 0.7232010430350049 0.7235100527103407 0.7238190623856766 0.7241280720610124 0.7244370817363482 0.7247460914116841 0.72505510108702 0.7253641107623563 0.7256731204376922 0.725982130113028 0.7262911397883639 0.7266001494636997 0.7269091591390355 0.7272181688143714 0.7275271784897073 0.727836188165043 0.7281451978403789 0.7284542075157148 0.7287632171910506 0.7290722268663864 0.7293812365417228 0.7296902462170587
0.7418970316828493 0.7404823286843536 0.7390676256858578 0.7376529226873597 0.736238219688864 0.7348235166903683 0.7334088136918726 0.7319941106933768 0.7305794076948812 0.7291647046963854 0.7277500016978897 0.726335298699394 0.7249205957008983 0.7235058927024025 0.7229151407240177 0.7232052110166505 0.7234952813092839 0.7237853516019167 0.7240754218945495 0.7243654921871824 0.7246555624798151 0.724945632772448 0.7252357030650808 0.7255257733577136 0.7258158436503465 0.7261059139429793 0.7263959842356121 0.726686054528245 0.7269761248208778 0.7272661951135111 0.7275562654061439 0.7278463356987768 0.7281364059914096 0.7284264762840424 0.7287165465766753 0.7290066168693081 0.729296687161941 0.7295867574545737 0.7298768277472065 0.7301668980398394 0.7304569683324722 0.730747038625105 0.7310371089177384 0.7313271792103712
0.7433113678575793 0.7419544447798264 0.7405975217020734 0.7392405986243181 0.7378836755465651 0.7365267524688122 0.7351698293910591 0.7338129063133061 0.7324559832355532 0.7310990601578001 0.7297421370800472 0.7283852140022942 0.7270282909245412 0.7256713678467882 0.7251013158157178 0.7253724467256476 0.7256435776355779 0.7259147085455077 0.7261858394554375 0.7264569703653673 0.7267281012752971 0.7269992321852269 0.7272703630951568 0.7275414940050866 0.7278126249150164 0.7280837558249462 0.728354886734876 0.7286260176448058 0.7288971485547356 0.7291682794646659 0.7294394103745957 0.7297105412845255 0.7299816721944553 0.7302528031043851 0.7305239340143149 0.7307950649242447 0.7310661958341746 0.7313373267441045 0.7316084576540343 0.7318795885639641 0.7321507194738939 0.7324218503838237 0.7326929812937539 0.7329641122036837
0.7447257040323094 0.7434265608752991 0.7421274177182889 0.7408282745612764 0.7395291314042661 0.7382299882472558 0.7369308450902456 0.7356317019332353 0.734332558776225 0.7330334156192149 0.7317342724622046 0.7304351293051943 0.729135986148184 0.7278368429911738 0.7272874909074177 0.7275396824346445 0.7277918739618718 0.7280440654890986 0.7282962570163254 0.7285484485435522 0.728800640070779 0.7290528315980058 0.7293050231252326 0.7295572146524594 0.7298094061796861 0.730061597706913 0.7303137892341398 0.7305659807613666 0.7308181722885934 0.7310703638158207 0.7313225553430475 0.7315747468702742 0.731826938397501 0.7320791299247279 0.7323313214519547 0.7325835129791815 0.7328357045064082 0.733087896033635 0.7333400875608619 0.7335922790880887 0.7338444706153154 0.7340966621425422 0.7343488536697695 0.7346010451969963
0.7461400402070408 0.7448986769707733 0.7436573137345058 0.7424159504982362 0.7411745872619687 0.7399332240257012 0.7386918607894337 0.7374504975531662 0.7362091343168987 0.7349677710806313 0.7337264078443637 0.7324850446080963 0.7312436813718287 0.7300023181355613 0.7294736659991197 0.7297069181436435 0.7299401702881677 0.7301734224326915 0.7304066745772152 0.7306399267217389 0.7308731788662628 0.7311064310107865 0.7313396831553103 0.731572935299834 0.7318061874443579 0.7320394395888816 0.7322726917334054 0.7325059438779291 0.732739196022453 0.732972448166977 0.7332057003115009 0.7334389524560246 0.7336722046005484 0.7339054567450721 0.734138708889596 0.7343719610341197 0.7346052131786435 0.7348384653231672 0.7350717174676911 0.7353049696122148 0.7355382217567386 0.7357714739012623 0.7360047260457865 0.7362379781903103
0.7475543763817709 0.7463707930662461 0.7451872097507214 0.7440036264351946 0.7428200431196698 0.741636459804145 0.7404528764886202 0.7392692931730955 0.7380857098575707 0.736902126542046 0.7357185432265212 0.7345349599109965 0.7333513765954717 0.732167793279947 0.7316598410908198 0.7318741538526405 0.7320884666144617 0.7323027793762824 0.7325170921381032 0.7327314048999239 0.7329457176617447 0.7331600304235655 0.7333743431853862 0.733588655947207 0.7338029687090277 0.7340172814708484 0.7342315942326693 0.73444590699449 0.7346602197563108 0.7348745325181318 0.7350888452799527 0.7353031580417734 0.7355174708035942 0.7357317835654149 0.7359460963272356 0.7361604090890564 0.7363747218508772 0.736589034612698 0.7368033473745187 0.7370176601363394 0.7372319728981602 0.7374462856599809 0.7376605984218021 0.7378749111836228
0.748968712556501 0.7478429091617189 0.746717105766937 0.745591302372153 0.7444654989773709 0.7433396955825888 0.7422138921878069 0.7410880887930248 0.7399622853982427 0.7388364820034607 0.7377106786086787 0.7365848752138967 0.7354590718191146 0.7343332684243326 0.7338460161825199 0.7340413895616377 0.7342367629407557 0.7344321363198735 0.7346275096989912 0.734822883078109 0.7350182564572267 0.7352136298363444 0.7354090032154622 0.7356043765945799 0.7357997499736977 0.7359951233528154 0.7361904967319332 0.7363858701110509 0.7365812434901686 0.7367766168692867 0.7369719902484044 0.7371673636275222 0.73736273700664 0.7375581103857577 0.7377534837648755 0.7379488571439932 0.738144230523111 0.7383396039022286 0.7385349772813464 0.7387303506604642 0.7389257240395819 0.7391210974186997 0.7393164707978177 0.7395118441769355
0.7503830487312311 0.7493150252571918 0.7482470017831525 0.7471789783091114 0.7461109548350721 0.7450429313610327 0.7439749078869934 0.742906884412954 0.7418388609389148 0.7407708374648755 0.7397028139908361 0.7386347905167968 0.7375667670427576 0.7364987435687183 0.7360321912742199 0.7362086252706347 0.7363850592670498 0.7365614932634644 0.7367379272598792 0.736914361256294 0.7370907952527087 0.7372672292491234 0.7374436632455381 0.7376200972419529 0.7377965312383675 0.7379729652347823 0.738149399231197 0.7383258332276118 0.7385022672240265 0.7386787012204415 0.7388551352168562 0.739031569213271 0.7392080032096857 0.7393844372061005 0.7395608712025151 0.7397373051989299 0.7399137391953446 0.7400901731917594 0.740266607188174 0.7404430411845888 0.7406194751810036 0.7407959091774182 0.7409723431738333 0.7411487771702481
0.7517973849059613 0.7507871413526647 0.7497768977993681 0.7487666542460697 0.7477564106927731 0.7467461671394766 0.74573592358618 0.7447256800328834 0.7437154364795868 0.7427051929262902 0.7416949493729936 0.740684705819697 0.7396744622664004 0.7386642187131038 0.7382183663659201 0.7383758609796318 0.7385333555933438 0.7386908502070555 0.7388483448207672 0.739005839434479 0.7391633340481906 0.7393208286619023 0.739478323275614 0.7396358178893258 0.7397933125030375 0.7399508071167492 0.7401083017304609 0.7402657963441727 0.7404232909578843 0.7405807855715963 0.7407382801853081 0.7408957747990197 0.7410532694127314 0.7412107640264431 0.7413682586401549 0.7415257532538666 0.7416832478675783 0.7418407424812901 0.7419982370950018 0.7421557317087134 0.7423132263224251 0.7424707209361369 0.7426282155498488 0.7427857101635605
0.7532117210806912 0.7522592574481374 0.7513067938155835 0.750354330183028 0.7494018665504741 0.7484494029179203 0.7474969392853664 0.7465444756528126 0.7455920120202587 0.7446395483877049 0.743687084755151 0.7427346211225971 0.7417821574900433 0.7408296938574894 0.74040454145762 0.7405430966886287 0.7406816519196376 0.7408202071506464 0.7409587623816551 0.7410973176126638 0.7412358728436725 0.7413744280746812 0.7415129833056899 0.7416515385366986 0.7417900937677073 0.741928648998716 0.7420672042297247 0.7422057594607334 0.7423443146917421 0.7424828699227511 0.7426214251537598 0.7427599803847685 0.7428985356157772 0.7430370908467859 0.7431756460777946 0.7433142013088033 0.743452756539812 0.7435913117708207 0.7437298670018294 0.7438684222328381 0.7440069774638469 0.7441455326948556 0.7442840879258645 0.7444226431568732
0.7546260572554214 0.7537313735436103 0.7528366898317992 0.7519420061199865 0.7510473224081753 0.7501526386963642 0.749257954984553 0.7483632712727419 0.7474685875609308 0.7465739038491196 0.7456792201373085 0.7447845364254974 0.7438898527136862 0.7429951690018751 0.7425907165493201 0.7427103323976258 0.7428299482459317 0.7429495640942374 0.7430691799425431 0.7431887957908487 0.7433084116391545 0.7434280274874602 0.7435476433357658 0.7436672591840715 0.7437868750323773 0.743906490880683 0.7440261067289886 0.7441457225772943 0.7442653384256 0.7443849542739059 0.7445045701222116 0.7446241859705173 0.7447438018188229 0.7448634176671286 0.7449830335154344 0.74510264936374 0.7452222652120457 0.7453418810603514 0.7454614969086572 0.7455811127569628 0.7457007286052685 0.7458203444535741 0.74593996030188 0.7460595761501858
0.7560403934301527 0.7552034896390843 0.754366585848016 0.7535296820569461 0.7526927782658779 0.7518558744748095 0.7510189706837411 0.7501820668926727 0.7493451631016044 0.748508259310536 0.7476713555194677 0.7468344517283994 0.745997547937331 0.7451606441462626 0.7447768916410221 0.7448775681066248 0.7449782445722276 0.7450789210378302 0.7451795975034329 0.7452802739690355 0.7453809504346383 0.7454816269002409 0.7455823033658435 0.7456829798314462 0.7457836562970489 0.7458843327626515 0.7459850092282542 0.7460856856938568 0.7461863621594595 0.7462870386250623 0.746387715090665 0.7464883915562677 0.7465890680218703 0.7466897444874729 0.7467904209530757 0.7468910974186783 0.746991773884281 0.7470924503498836 0.7471931268154863 0.747293803281089 0.7473944797466916 0.7474951562122942 0.7475958326778971 0.7476965091434997
0.7574547296048828 0.7566756057345572 0.7558964818642315 0.7551173579939046 0.7543382341235789 0.7535591102532533 0.7527799863829276 0.752000862512602 0.7512217386422764 0.7504426147719507 0.7496634909016251 0.7488843670312996 0.7481052431609739 0.7473261192906483 0.7469630667327222 0.7470448038156218 0.7471265408985216 0.7472082779814212 0.7472900150643209 0.7473717521472205 0.7474534892301202 0.7475352263130198 0.7476169633959194 0.7476987004788191 0.7477804375617187 0.7478621746446185 0.7479439117275181 0.7480256488104177 0.7481073858933174 0.7481891229762171 0.7482708600591168 0.7483525971420164 0.7484343342249161 0.7485160713078157 0.7485978083907153 0.748679545473615 0.7487612825565146 0.7488430196394142 0.748924756722314 0.7490064938052136 0.7490882308881133 0.7491699679710129 0.7492517050539127 0.7493334421368123
0.758869065779613 0.7581477218300301 0.7574263778804472 0.756705033930863 0.7559836899812801 0.7552623460316972 0.7545410020821143 0.7538196581325314 0.7530983141829485 0.7523769702333656 0.7516556262837827 0.7509342823341997 0.7502129383846168 0.7494915944350339 0.7491492418244222 0.7492120395246189 0.7492748372248156 0.7493376349250123 0.7494004326252088 0.7494632303254055 0.7495260280256022 0.7495888257257988 0.7496516234259955 0.749714421126192 0.7497772188263887 0.7498400165265853 0.749902814226782 0.7499656119269785 0.7500284096271752 0.7500912073273719 0.7501540050275686 0.7502168027277651 0.7502796004279618 0.7503423981281584 0.7504051958283551 0.7504679935285518 0.7505307912287483 0.750593588928945 0.7506563866291416 0.7507191843293383 0.7507819820295348 0.7508447797297315 0.7509075774299282 0.7509703751301249
0.7602834019543431 0.7596198379255029 0.7589562738966628 0.7582927098678214 0.7576291458389812 0.7569655818101411 0.7563020177813008 0.7556384537524606 0.7549748897236205 0.7543113256947803 0.75364776166594 0.7529841976370999 0.7523206336082597 0.7516570695794196 0.7513354169161224 0.7513792752336159 0.7514231335511097 0.7514669918686033 0.7515108501860969 0.7515547085035905 0.7515985668210842 0.7516424251385777 0.7516862834560714 0.751730141773565 0.7517740000910587 0.7518178584085522 0.7518617167260458 0.7519055750435395 0.751949433361033 0.7519932916785268 0.7520371499960203 0.752081008313514 0.7521248666310076 0.7521687249485013 0.7522125832659948 0.7522564415834885 0.7523002999009821 0.7523441582184757 0.7523880165359693 0.752431874853463 0.7524757331709566 0.7525195914884502 0.7525634498059439 0.7526073081234375
