Figures/CREST_Example_wjb_NSE/PETs/wjb.pet.20090701.asc
ncols            288
nrows            254
xllcorner        113.274861
yllcorner        31.4918055
cellsize         0.008333333333
NODATA_value     -9999
[rows 180 to 199 of 254, columns 176 to 219 of 288]
3.7630377011888765 3.764750972614709 3.7664642440405416 3.768177515466374 3.7698907868922067 3.7716040583180392 3.773317329743875 3.775030601169707 3.7767438725955396 3.778457144021372 3.7801704154472047 3.781883686873037 3.7835969582988698 3.7853102297247023 3.787023501150535 3.7887367725763674 3.790459834477068 3.792193362616928 3.7939268907567887 3.795660418896652 3.797393947036512 3.799127475176372 3.8008610033162324 3.8025945314560925 3.804328059595953 3.806061587735813 3.807795115875673 3.8095286440155336 3.8112621721553936 3.8129957002952537 3.814729228435114 3.8164627565749742 3.8181962847148374 3.819929812854698 3.821663340994558 3.823396869134418 3.8251303972742785 3.8268639254141386 3.828597453553999 3.830330981693859 3.832064509833719 3.8337980379735797 3.8355315661134397 3.8372650942532998
3.771215876274237 3.7729498240375565 3.774683771800876 3.7764177195641957 3.7781516673275153 3.779885615090835 3.7816195628541576 3.783353510617477 3.7850874583807967 3.7868214061441163 3.788555353907436 3.7902893016707555 3.792023249434075 3.7937571971973947 3.7954911449607143 3.7972250927240343 3.798926595564323 3.8005934140477735 3.8022602325312236 3.803927051014677 3.8055938694981273 3.807260687981578 3.8089275064650283 3.810594324948479 3.812261143431929 3.8139279619153794 3.81559478039883 3.8172615988822804 3.818928417365731 3.820595235849181 3.8222620543326316 3.823928872816082 3.8255956912995353 3.8272625097829858 3.8289293282664363 3.8305961467498864 3.832262965233337 3.8339297837167874 3.835596602200238 3.837263420683688 3.8389302391671385 3.840597057650589 3.8422638761340395 3.84393069461749
3.7793940513595974 3.781148675460404 3.7829032995612106 3.7846579236620173 3.786412547762824 3.788167171863631 3.7899217959644402 3.7916764200652473 3.793431044166054 3.7951856682668605 3.796940292367667 3.798694916468474 3.8004495405692804 3.802204164670087 3.8039587887708937 3.8057134128717003 3.8073933566515774 3.808993465478618 3.8105935743056585 3.812193683132702 3.8137937919597427 3.815393900786783 3.8169940096138237 3.8185941184408643 3.8201942272679053 3.821794336094946 3.8233944449219863 3.824994553749027 3.8265946625760674 3.8281947714031084 3.829794880230149 3.8313949890571894 3.8329950978842326 3.8345952067112736 3.836195315538314 3.8377954243653547 3.8393955331923952 3.8409956420194358 3.8425957508464768 3.8441958596735173 3.845795968500558 3.8473960773275984 3.848996186154639 3.85059629498168
3.7875722264449645 3.7893475268832586 3.7911228273215523 3.792898127759846 3.7946734281981396 3.7964487286364337 3.7982240290747304 3.799999329513024 3.8017746299513178 3.803549930389612 3.8053252308279055 3.807100531266199 3.808875831704493 3.810651132142787 3.8124264325810806 3.8142017330193743 3.8158601177388394 3.81739351690947 3.818926916080101 3.820460315250734 3.821993714421365 3.8235271135919957 3.8250605127626267 3.8265939119332573 3.8281273111038883 3.829660710274519 3.83119410944515 3.8327275086157804 3.8342609077864114 3.835794306957042 3.837327706127673 3.8388611052983035 3.840394504468937 3.8419279036395677 3.8434613028101987 3.8449947019808293 3.8465281011514603 3.848061500322091 3.849594899492722 3.8511282986633524 3.852661697833983 3.854195097004614 3.855728496175245 3.8572618953458755
3.795750401530325 3.797546378306106 3.799342355081887 3.8011383318576675 3.8029343086334486 3.8047302854092293 3.806526262185013 3.8083222389607942 3.810118215736575 3.811914192512356 3.8137101692881368 3.8155061460639175 3.8173021228396986 3.8190980996154793 3.8208940763912604 3.822690053167041 3.8243268788260942 3.8257935683403153 3.8272602578545363 3.8287269473687595 3.8301936368829805 3.8316603263972016 3.8331270159114226 3.8345937054256436 3.8360603949398646 3.837527084454085 3.838993773968306 3.8404604634825272 3.8419271529967483 3.8433938425109693 3.8448605320251903 3.8463272215394113 3.8477939110536346 3.8492606005678556 3.8507272900820766 3.8521939795962976 3.8536606691105186 3.8551273586247397 3.8565940481389607 3.8580607376531817 3.8595274271674023 3.8609941166816233 3.8624608061958443 3.8639274957100653
3.8039285766156854 3.805745229728953 3.8075618828422213 3.809378535955489 3.811195189068757 3.813011842182025 3.814828495295296 3.816645148408564 3.818461801521832 3.8202784546351 3.822095107748368 3.8239117608616358 3.8257284139749035 3.8275450670881717 3.8293617202014394 3.8311783733147076 3.8327936399133486 3.8341936197711597 3.8355935996289707 3.8369935794867844 3.8383935593445955 3.839793539202407 3.841193519060218 3.842593498918029 3.8439934787758405 3.8453934586336516 3.8467934384914626 3.848193418349274 3.849593398207085 3.850993378064896 3.8523933579227077 3.8537933377805187 3.8551933176383324 3.8565932974961434 3.8579932773539545 3.859393257211766 3.860793237069577 3.862193216927388 3.8635931967851995 3.8649931766430106 3.8663931565008216 3.867793136358633 3.869193116216444 3.870593096074255
3.812106751701046 3.8139440811518006 3.815781410602556 3.8176187400533106 3.819456069504066 3.821293398954821 3.823130728405579 3.824968057856334 3.8268053873070893 3.828642716757844 3.8304800462085993 3.832317375659354 3.8341547051101093 3.8359920345608645 3.8378293640116192 3.8396666934623744 3.8412604010006035 3.8425936712020046 3.843926941403406 3.84526021160481 3.8465934818062113 3.8479267520076124 3.849260022209014 3.8505932924104154 3.8519265626118164 3.853259832813218 3.8545931030146194 3.8559263732160205 3.857259643417422 3.8585929136188235 3.8599261838202246 3.861259454021626 3.86259272422303 3.8639259944244313 3.8652592646258324 3.866592534827234 3.8679258050286354 3.8692590752300364 3.870592345431438 3.8719256156328394 3.8732588858342405 3.874592156035642 3.8759254262370435 3.8772586964384446
3.820284926786406 3.822142932574648 3.82400093836289 3.825858944151132 3.8277169499393744 3.829574955727616 3.8314329615158615 3.833290967304104 3.835148973092346 3.837006978880588 3.83886498466883 3.8407229904570723 3.842580996245314 3.8444390020335564 3.8462970078217986 3.848155013610041 3.849727162087858 3.8509937226328494 3.852260283177841 3.8535268437228347 3.8547934042678262 3.8560599648128178 3.8573265253578093 3.858593085902801 3.859859646447793 3.8611262069927843 3.862392767537776 3.8636593280827674 3.864925888627759 3.8661924491727504 3.867459009717742 3.8687255702627334 3.869992130807727 3.8712586913527187 3.8725252518977102 3.873791812442702 3.8750583729876937 3.8763249335326853 3.877591494077677 3.8788580546226683 3.88012461516766 3.8813911757126514 3.882657736257643 3.8839242968026344
3.8284631018717663 3.8303417839974956 3.8322204661232244 3.8340991482489537 3.835977830374683 3.8378565125004123 3.8397351946261447 3.841613876751874 3.843492558877603 3.845371241003332 3.8472499231290613 3.8491286052547906 3.85100728738052 3.852885969506249 3.8547646516319785 3.8566433337577073 3.858193923175113 3.8593937740636943 3.8605936249522763 3.86179347584086 3.8629933267294416 3.8641931776180236 3.865393028506605 3.866592879395187 3.8677927302837687 3.8689925811723507 3.870192432060932 3.871392282949514 3.8725921338380958 3.8737919847266777 3.8749918356152593 3.8761916865038413 3.877391537392425 3.878591388281007 3.8797912391695886 3.8809910900581706 3.882190940946752 3.883390791835334 3.8845906427239156 3.8857904936124976 3.886990344501079 3.888190195389661 3.8893900462782427 3.8905898971668247
3.836641276957134 3.8385406354203497 3.840439993883566 3.8423393523467824 3.8442387108099987 3.846138069273215 3.848037427736435 3.849936786199651 3.851836144662867 3.8537355031260834 3.8556348615892997 3.857534220052516 3.8594335785157323 3.8613329369789486 3.863232295442165 3.8651316539053813 3.8666606842623747 3.8677938254945463 3.8689269667267183 3.870060107958892 3.871193249191064 3.872326390423236 3.873459531655408 3.87459267288758 3.8757258141197517 3.8768589553519237 3.8779920965840957 3.8791252378162677 3.8802583790484397 3.8813915202806113 3.8825246615127833 3.8836578027449553 3.884790943977129 3.885924085209301 3.887057226441473 3.888190367673645 3.8893235089058167 3.8904566501379887 3.8915897913701607 3.8927229326023327 3.8938560738345047 3.8949892150666763 3.8961223562988483 3.8972554975310203
3.844819452042494 3.846739486843197 3.8486595216439006 3.850579556444604 3.8524995912453073 3.8544196260460106 3.856339660846717 3.858259695647421 3.8601797304481242 3.8620997652488276 3.864019800049531 3.8659398348502343 3.8678598696509376 3.869779904451641 3.8716999392523443 3.8736199740530477 3.875127445349629 3.876193876925391 3.877260308501153 3.878326740076917 3.8793931716526795 3.8804596032284415 3.8815260348042036 3.8825924663799656 3.883658897955728 3.88472532953149 3.885791761107252 3.886858192683014 3.8879246242587766 3.8889910558345386 3.8900574874103007 3.8911239189860627 3.892190350561827 3.893256782137589 3.894323213713351 3.895389645289113 3.896456076864875 3.8975225084406375 3.8985889400163996 3.8996553715921616 3.9007218031679236 3.901788234743686 3.902854666319448 3.90392109789521
3.852997627127854 3.8549383382660443 3.8568790494042346 3.8588197605424255 3.860760471680616 3.8627011828188063 3.8646418939569998 3.8665826050951906 3.868523316233381 3.8704640273715714 3.8724047385097617 3.874345449647952 3.8762861607861425 3.8782268719243334 3.8801675830625237 3.882108294200714 3.8835942064368836 3.8845939283562356 3.885593650275588 3.886593372194942 3.8875930941142944 3.888592816033647 3.889592537952999 3.8905922598723515 3.891591981791704 3.892591703711056 3.8935914256304085 3.894591147549761 3.895590869469113 3.8965905913884655 3.897590313307818 3.89859003522717 3.8995897571465243 3.900589479065877 3.901589200985229 3.9025889229045814 3.903588644823934 3.904588366743286 3.9055880886626384 3.9065878105819904 3.907587532501343 3.9085872544206954 3.9095869763400475 3.9105866982594
3.8611758022132143 3.863137189688892 3.8650985771645696 3.867059964640247 3.8690213521159245 3.8709827395916023 3.872944127067283 3.8749055145429607 3.876866902018638 3.8788282894943156 3.880789676969993 3.882751064445671 3.8847124519213483 3.8866738393970257 3.888635226872703 3.890596614348381 3.8920609675241384 3.892993979787081 3.8939269920500235 3.8948600043129673 3.89579301657591 3.8967260288388528 3.8976590411017953 3.898592053364738 3.8995250656276803 3.900458077890623 3.9013910901535653 3.902324102416508 3.9032571146794504 3.904190126942393 3.9051231392053354 3.906056151468278 3.906989163731222 3.9079221759941647 3.908855188257107 3.9097882005200497 3.9107212127829922 3.9116542250459347 3.9125872373088773 3.9135202495718198 3.9144532618347623 3.915386274097705 3.9163192863606473 3.91725229862359
3.8693539772985748 3.8713360411117392 3.8733181049249037 3.8753001687380686 3.877282232551233 3.8792642963643975 3.8812463601775655 3.8832284239907304 3.885210487803895 3.8871925516170593 3.8891746154302242 3.8911566792433887 3.893138743056553 3.895120806869718 3.8971028706828825 3.8990849344960474 3.900527728611393 3.9013940312179254 3.9022603338244584 3.9031266364309922 3.903992939037525 3.9048592416440577 3.9057255442505907 3.9065918468571232 3.907458149463656 3.9083244520701887 3.9091907546767217 3.9100570572832543 3.9109233598897872 3.9117896624963198 3.9126559651028527 3.9135222677093853 3.9143885703159196 3.915254872922452 3.916121175528985 3.9169874781355176 3.9178537807420506 3.918720083348583 3.919586385955116 3.9204526885616486 3.9213189911681816 3.922185293774714 3.923051596381247 3.9239178989877797
3.8775321523839383 3.8795348925345903 3.8815376326852418 3.8835403728358937 3.885543112986545 3.887545853137197 3.889548593287852 3.891551333438504 3.8935540735891556 3.895556813739807 3.897559553890459 3.8995622940411105 3.9015650341917625 3.903567774342414 3.905570514493066 3.9075732546437174 3.9089944896986513 3.909794082648774 3.910593675598897 3.911393268549021 3.912192861499144 3.912992454449267 3.91379204739939 3.9145916403495127 3.9153912332996357 3.9161908262497587 3.9169904191998817 3.9177900121500047 3.918589605100127 3.91938919805025 3.920188791000373 3.920988383950496 3.9217879769006205 3.9225875698507435 3.923387162800866 3.924186755750989 3.924986348701112 3.925785941651235 3.926585534601358 3.9273851275514806 3.9281847205016036 3.9289843134517266 3.9297839064018496 3.9305834993519726
3.885710327469299 3.8877337439574378 3.8897571604455763 3.8917805769337153 3.8938039934218542 3.8958274099099928 3.8978508263981353 3.899874242886274 3.901897659374413 3.9039210758625513 3.9059444923506903 3.9079679088388293 3.909991325326968 3.9120147418151068 3.9140381583032458 3.9160615747913843 3.917461250785906 3.918194134079619 3.918927017373332 3.9196599006670465 3.9203927839607595 3.9211256672544725 3.921858550548186 3.922591433841899 3.923324317135612 3.924057200429325 3.924790083723038 3.9255229670167515 3.9262558503104645 3.9269887336041776 3.9277216168978906 3.9284545001916036 3.929187383485318 3.9299202667790314 3.9306531500727444 3.9313860333664574 3.9321189166601704 3.932851799953884 3.933584683247597 3.93431756654131 3.935050449835023 3.935783333128736 3.9365162164224494 3.9372490997161624
3.893888502554659 3.895932595380285 3.897976688205911 3.900020781031537 3.9020648738571624 3.9041089666827884 3.906153059508418 3.9081971523340435 3.9102412451596695 3.9122853379852955 3.914329430810921 3.916373523636547 3.918417616462173 3.920461709287799 3.9225058021134247 3.9245498949390507 3.9259280118731605 3.9265941855104636 3.927260359147767 3.9279265327850714 3.928592706422375 3.929258880059678 3.9299250536969814 3.930591227334285 3.931257400971588 3.9319235746088914 3.9325897482461944 3.933255921883498 3.9339220955208014 3.9345882691581044 3.935254442795408 3.9359206164327114 3.9365867900700158 3.937252963707319 3.9379191373446223 3.9385853109819258 3.939251484619229 3.9399176582565323 3.9405838318938358 3.941250005531139 3.9419161791684423 3.9425823528057458 3.943248526443049 3.9439147000803523
3.902066677640023 3.904131446803136 3.906196215966249 3.908260985129362 3.910325754292475 3.9123905234555876 3.914455292618704 3.916520061781817 3.9185848309449303 3.9206496001080433 3.9227143692711564 3.924779138434269 3.926843907597382 3.928908676760495 3.930973445923608 3.933038215086721 3.934394772960419 3.9349942369413125 3.9355937009222055 3.9361931649031003 3.936792628883994 3.9373920928648873 3.937991556845781 3.9385910208266743 3.939190484807568 3.9397899487884613 3.9403894127693544 3.940988876750248 3.9415883407311414 3.942187804712035 3.9427872686929284 3.943386732673822 3.9439861966547167 3.9445856606356102 3.9451851246165033 3.945784588597397 3.9463840525782903 3.946983516559184 3.9475829805400773 3.948182444520971 3.9487819085018643 3.949381372482758 3.9499808364636513 3.950580300444545
3.9102448527253832 3.9123302982259833 3.9144157437265834 3.9165011892271835 3.9185866347277836 3.9206720802283836 3.9227575257289873 3.924842971229587 3.926928416730187 3.929013862230787 3.931099307731387 3.9331847532319872 3.9352701987325873 3.9373556442331874 3.9394410897337875 3.9415265352343876 3.9428615340476734 3.943394288372157 3.9439270426966404 3.9444597970211253 3.9449925513456088 3.9455253056700927 3.9460580599945763 3.94659081431906 3.9471235686435437 3.9476563229680273 3.948189077292511 3.9487218316169947 3.9492545859414783 3.9497873402659622 3.9503200945904458 3.9508528489149293 3.951385603239414 3.9519183575638976 3.9524511118883816 3.952983866212865 3.9535166205373486 3.9540493748618326 3.954582129186316 3.9551148835108 3.9556476378352836 3.956180392159767 3.956713146484251 3.9572459008087346
3.9184230278107437 3.920529149648831 3.922635271486918 3.924741393325005 3.926847515163092 3.9289536370011793 3.93105975883927 3.933165880677357 3.935272002515444 3.9373781243535313 3.9394842461916184 3.9415903680297055 3.9436964898677926 3.9458026117058798 3.947908733543967 3.9500148553820544 3.9513282951349282 3.9517943398030018 3.9522603844710757 3.9527264291391506 3.953192473807224 3.953658518475298 3.954124563143372 3.954590607811446 3.95505665247952 3.9555226971475936 3.9559887418156676 3.9564547864837416 3.9569208311518156 3.9573868758198896 3.957852920487963 3.958318965156037 3.958785009824112 3.9592510544921855 3.9597170991602595 3.9601831438283335 3.9606491884964075 3.9611152331644814 3.961581277832555 3.962047322500629 3.962513367168703 3.962979411836777 3.963445456504851 3.9639115011729245
