Figures/CREST_Example_wjb_NSE/PETs/wjb.pet.20100220.asc
ncols            288
nrows            254
xllcorner        113.274861
yllcorner        31.4918055
cellsize         0.008333333333
NODATA_value     -9999
[rows 200 to 219 of 254, columns 220 to 263 of 288]
1.4073628638834412 1.406507133447849 1.4059778888872123 1.405797665115845 1.405617441344478 1.4054372175731107 1.4052569938017436 1.4050767700303766 1.4048965462590093 1.4047163224876422 1.404536098716275 1.4043558749449079 1.4041756511735406 1.4039954274021735 1.403815203630806 1.4036349798594387 1.4034547560880717 1.4032745323167046 1.4030943085453373 1.4029140847739703 1.402733861002603 1.402553637231236 1.4023734134598687 1.4021931896885016 1.4020129659171343 1.4018327421457673 1.4016525183744 1.4014722946030327 1.4012920708316654 1.4011118470602983 1.400931623288931 -9999.0 -9999.0 -9999.0 -9999.0 -9999.0 -9999.0 -9999.0 -9999.0 -9999.0 -9999.0 -9999.0 -9999.0 -9999.0
1.4090897059437348 1.4082459418162043 1.4077520496147136 1.4076321784203687 1.4075123072260236 1.4073924360316785 1.4072725648373334 1.4071526936429883 1.4070328224486435 1.4069129512542984 1.4067930800599533 1.4066732088656082 1.4065533376712631 1.4064334664769182 1.406313595282573 1.4061937240882278 1.4060738528938828 1.4059539816995377 1.4058341105051928 1.4057142393108477 1.4055943681165026 1.4054744969221575 1.4053546257278124 1.4052347545334676 1.4051148833391225 1.4049950121447774 1.4048751409504323 1.404755269756087 1.4046353985617421 1.404515527367397 -9999.0 -9999.0 -9999.0 -9999.0 -9999.0 -9999.0 -9999.0 -9999.0 -9999.0 -9999.0 -9999.0 -9999.0 -9999.0 -9999.0
1.4108165480040284 1.4099847501845597 1.409526210342215 1.4094666917248921 1.4094071731075692 1.4093476544902463 1.4092881358729232 1.4092286172556003 1.4091690986382774 1.4091095800209545 1.4090500614036316 1.4089905427863088 1.4089310241689859 1.408871505551663 1.4088119869343398 1.408752468317017 1.408692949699694 1.4086334310823712 1.4085739124650483 1.4085143938477254 1.4084548752304022 1.4083953566130794 1.4083358379957565 1.4082763193784336 1.4082168007611107 1.4081572821437878 1.4080977635264649 1.4080382449091418 1.4079787262918189 1.407919207674496 -9999.0 -9999.0 -9999.0 -9999.0 -9999.0 -9999.0 -9999.0 -9999.0 -9999.0 -9999.0 -9999.0 -9999.0 -9999.0 -9999.0
1.4125433900643223 1.411723558552915 1.4113003710697163 1.4113012050294156 1.4113020389891149 1.411302872948814 1.4113037069085133 1.4113045408682123 1.4113053748279116 1.4113062087876107 1.41130704274731 1.411307876707009 1.4113087106667084 1.4113095446264077 1.4113103785861068 1.411311212545806 1.4113120465055051 1.4113128804652044 1.4113137144249035 1.4113145483846028 1.4113153823443019 1.4113162163040012 1.4113170502637002 1.4113178842233995 1.4113187181830988 1.411319552142798 1.4113203861024972 1.4113212200621963 1.4113220540218956 1.4113228879815947 1.411323721941294 -9999.0 -9999.0 -9999.0 -9999.0 -9999.0 -9999.0 -9999.0 -9999.0 -9999.0 -9999.0 -9999.0 -9999.0 -9999.0
1.4142702321246168 1.4134623669212714 1.4130745317972186 1.41313571833394 1.4131969048706614 1.4132580914073827 1.413319277944104 1.4133804644808254 1.4134416510175467 1.413502837554268 1.4135640240909895 1.4136252106277107 1.413686397164432 1.4137475837011533 1.4138087702378748 1.4138699567745963 1.4139311433113175 1.4139923298480388 1.41405351638476 1.4141147029214816 1.4141758894582028 1.414237075994924 1.4142982625316456 1.4143594490683669 1.4144206356050881 1.4144818221418096 1.4145430086785309 1.4146041952152524 1.4146653817519736 1.414726568288695 -9999.0 -9999.0 -9999.0 -9999.0 -9999.0 -9999.0 -9999.0 -9999.0 -9999.0 -9999.0 -9999.0 -9999.0 -9999.0 -9999.0
1.4159970741849104 1.4152011752896267 1.4148486925247201 1.4149702316384636 1.415091770752207 1.4152133098659505 1.4153348489796937 1.4154563880934372 1.4155779272071807 1.4156994663209241 1.4158210054346676 1.415942544548411 1.4160640836621545 1.416185622775898 1.4163071618896417 1.4164287010033851 1.4165502401171286 1.416671779230872 1.4167933183446155 1.416914857458359 1.4170363965721025 1.417157935685846 1.4172794747995894 1.4174010139133328 1.4175225530270763 1.4176440921408198 1.4177656312545632 1.417887170368307 1.4180087094820504 -9999.0 -9999.0 -9999.0 -9999.0 -9999.0 -9999.0 -9999.0 -9999.0 -9999.0 -9999.0 -9999.0 -9999.0 -9999.0 -9999.0 -9999.0
1.4177239162452042 1.4169399836579821 1.4166228532522214 1.416804744942987 1.4169866366337525 1.4171685283245181 1.4173504200152838 1.4175323117060492 1.4177142033968149 1.4178960950875805 1.418077986778346 1.4182598784691116 1.418441770159877 1.4186236618506427 1.4188055535414086 1.4189874452321742 1.4191693369229397 1.4193512286137053 1.419533120304471 1.4197150119952364 1.419896903686002 1.4200787953767675 1.4202606870675332 1.4204425787582988 1.4206244704490643 1.42080636213983 1.4209882538305956 -9999.0 -9999.0 -9999.0 -9999.0 -9999.0 -9999.0 -9999.0 -9999.0 -9999.0 -9999.0 -9999.0 -9999.0 -9999.0 -9999.0 -9999.0 -9999.0 -9999.0
1.4194507583054987 1.4186787920263384 1.4183970139797237 1.4186392582475114 1.4188815025152992 1.4191237467830868 1.4193659910508745 1.4196082353186623 1.41985047958645 1.4200927238542378 1.4203349681220254 1.4205772123898133 1.420819456657601 1.4210617009253885 1.4213039451931768 1.4215461894609644 1.421788433728752 1.42203067799654 1.4222729222643276 1.4225151665321154 1.422757410799903 1.4229996550676909 1.4232418993354785 1.4234841436032661 1.423726387871054 1.4239686321388416 -9999.0 -9999.0 -9999.0 -9999.0 -9999.0 -9999.0 -9999.0 -9999.0 -9999.0 -9999.0 -9999.0 -9999.0 -9999.0 -9999.0 -9999.0 -9999.0 -9999.0 -9999.0
1.4216133132572117 1.4208770707331004 1.4206280749745843 1.4208999570357301 1.421171839096876 1.421443721158022 1.4217156032191678 1.4219874852803136 1.4222593673414596 1.4225312494026054 1.4228031314637513 1.423075013524897 1.423346895586043 1.423618777647189 1.4238906597083352 1.424162541769481 1.424434423830627 1.4247063058917728 1.4249781879529186 1.4252500700140647 1.4255219520752105 1.4257938341363563 1.426065716197502 1.4263375982586481 1.426609480319794 1.4268813623809398 -9999.0 -9999.0 -9999.0 -9999.0 -9999.0 -9999.0 -9999.0 -9999.0 -9999.0 -9999.0 -9999.0 -9999.0 -9999.0 -9999.0 -9999.0 -9999.0 -9999.0 -9999.0
1.424241617827874 1.4235664942722641 1.4233475335578825 1.4236162212445316 1.423884908931181 1.42415359661783 1.4244222843044791 1.4246909719911285 1.4249596596777776 1.425228347364427 1.425497035051076 1.4257657227377252 1.4260344104243745 1.4263030981110236 1.4265717857976732 1.4268404734843225 1.4271091611709716 1.427377848857621 1.42764653654427 1.4279152242309192 1.4281839119175685 1.4284525996042177 1.4287212872908668 1.4289899749775161 1.4292586626641652 1.4295273503508146 1.4297960380374637 -9999.0 -9999.0 -9999.0 -9999.0 -9999.0 -9999.0 -9999.0 -9999.0 -9999.0 -9999.0 -9999.0 -9999.0 -9999.0 -9999.0 -9999.0 -9999.0 -9999.0
1.4268699223985375 1.4262559178114287 1.4260669921411817 1.4263324854533341 1.4265979787654868 1.4268634720776392 1.4271289653897918 1.4273944587019443 1.427659952014097 1.4279254453262493 1.428190938638402 1.4284564319505544 1.428721925262707 1.4289874185748594 1.4292529118870125 1.429518405199165 1.4297838985113176 1.43004939182347 1.4303148851356227 1.430580378447775 1.4308458717599277 1.4311113650720801 1.4313768583842328 1.4316423516963852 1.4319078450085378 1.4321733383206903 1.432438831632843 -9999.0 -9999.0 -9999.0 -9999.0 -9999.0 -9999.0 -9999.0 -9999.0 -9999.0 -9999.0 -9999.0 -9999.0 -9999.0 -9999.0 -9999.0 -9999.0 -9999.0
1.4294982269691998 1.4289453413505924 1.4287864507244799 1.4290487496621356 1.4293110485997915 1.4295733475374475 1.4298356464751032 1.4300979454127591 1.4303602443504149 1.4306225432880708 1.4308848422257268 1.4311471411633825 1.4314094401010384 1.4316717390386942 1.4319340379763505 1.4321963369140065 1.4324586358516622 1.4327209347893182 1.432983233726974 1.4332455326646298 1.4335078316022858 1.4337701305399415 1.4340324294775975 1.4342947284152532 1.4345570273529091 -9999.0 -9999.0 -9999.0 -9999.0 -9999.0 -9999.0 -9999.0 -9999.0 -9999.0 -9999.0 -9999.0 -9999.0 -9999.0 -9999.0 -9999.0 -9999.0 -9999.0 -9999.0 -9999.0
1.432126531539862 1.4316347648897556 1.4315059093077778 1.431765013870937 1.432024118434096 1.4322832229972553 1.4325423275604146 1.4328014321235738 1.4330605366867328 1.433319641249892 1.4335787458130513 1.4338378503762104 1.4340969549393696 1.4343560595025289 1.4346151640656886 1.4348742686288476 1.4351333731920068 1.435392477755166 1.4356515823183253 1.4359106868814844 1.4361697914446436 1.4364288960078029 1.4366880005709621 1.4369471051341212 -9999.0 -9999.0 -9999.0 -9999.0 -9999.0 -9999.0 -9999.0 -9999.0 -9999.0 -9999.0 -9999.0 -9999.0 -9999.0 -9999.0 -9999.0 -9999.0 -9999.0 -9999.0 -9999.0 -9999.0
1.4347548361105251 1.4343241884289204 1.434225367891077 1.4344812780797396 1.4347371882684021 1.4349930984570645 1.435249008645727 1.4355049188343896 1.4357608290230521 1.4360167392117147 1.4362726494003772 1.4365285595890396 1.4367844697777021 1.4370403799663647 1.4372962901550277 1.4375522003436902 1.4378081105323528 1.4380640207210154 1.4383199309096777 1.4385758410983402 1.4388317512870028 1.4390876614756654 -9999.0 -9999.0 -9999.0 -9999.0 -9999.0 -9999.0 -9999.0 -9999.0 -9999.0 -9999.0 -9999.0 -9999.0 -9999.0 -9999.0 -9999.0 -9999.0 -9999.0 -9999.0 -9999.0 -9999.0 -9999.0 -9999.0
1.4373831406811874 1.4370136119680839 1.4369448264743752 1.437197542288541 1.4374502581027069 1.4377029739168727 1.4379556897310384 1.4382084055452042 1.43846112135937 1.438713837173536 1.4389665529877018 1.4392192688018677 1.4394719846160335 1.4397247004301994 1.4399774162443657 1.4402301320585316 1.4404828478726974 1.4407355636868633 1.4409882795010291 1.4412409953151948 1.4414937111293606 -9999.0 -9999.0 -9999.0 -9999.0 -9999.0 -9999.0 -9999.0 -9999.0 -9999.0 -9999.0 -9999.0 -9999.0 -9999.0 -9999.0 -9999.0 -9999.0 -9999.0 -9999.0 -9999.0 -9999.0 -9999.0 -9999.0 -9999.0
1.4400114452518498 1.4397030355072475 1.4396642850576733 1.4399138064973425 1.4401633279370116 1.4404128493766808 1.44066237081635 1.4409118922560191 1.4411614136956883 1.4414109351353575 1.4416604565750266 1.4419099780146958 1.442159499454365 1.442409020894034 1.4426585423337037 1.4429080637733729 1.443157585213042 1.4434071066527112 1.4436566280923804 -9999.0 -9999.0 -9999.0 -9999.0 -9999.0 -9999.0 -9999.0 -9999.0 -9999.0 -9999.0 -9999.0 -9999.0 -9999.0 -9999.0 -9999.0 -9999.0 -9999.0 -9999.0 -9999.0 -9999.0 -9999.0 -9999.0 -9999.0 -9999.0 -9999.0
1.4426397498225119 1.4423924590464108 1.4423837436409712 1.4426300707061437 1.4428763977713162 1.4431227248364886 1.443369051901661 1.4436153789668338 1.4438617060320063 1.4441080330971787 1.4443543601623512 1.4446006872275237 1.4448470142926964 1.4450933413578688 1.4453396684230417 1.4455859954882142 1.4458323225533867 1.4460786496185591 -9999.0 -9999.0 -9999.0 -9999.0 -9999.0 -9999.0 -9999.0 -9999.0 -9999.0 -9999.0 -9999.0 -9999.0 -9999.0 -9999.0 -9999.0 -9999.0 -9999.0 -9999.0 -9999.0 -9999.0 -9999.0 -9999.0 -9999.0 -9999.0 -9999.0 -9999.0
1.4452680543931753 1.4450818825855756 1.4451032022242705 1.4453463349149462 1.445589467605622 1.445832600296298 1.4460757329869738 1.4463188656776496 1.4465619983683253 1.4468051310590013 1.447048263749677 1.4472913964403529 1.4475345291310289 1.4477776618217046 1.4480207945123809 1.4482639272030566 1.4485070598937326 1.4487501925844084 -9999.0 -9999.0 -9999.0 -9999.0 -9999.0 -9999.0 -9999.0 -9999.0 -9999.0 -9999.0 -9999.0 -9999.0 -9999.0 -9999.0 -9999.0 -9999.0 -9999.0 -9999.0 -9999.0 -9999.0 -9999.0 -9999.0 -9999.0 -9999.0 -9999.0 -9999.0
1.4478963589638376 1.447771306124739 1.4478226608075686 1.4480625991237477 1.4483025374399268 1.448542475756106 1.4487824140722851 1.4490223523884644 1.4492622907046435 1.4495022290208226 1.449742167337002 1.449982105653181 1.4502220439693603 1.4504619822855394 1.4507019206017189 1.4509418589178982 1.4511817972340773 1.4514217355502566 -9999.0 -9999.0 -9999.0 -9999.0 -9999.0 -9999.0 -9999.0 -9999.0 -9999.0 -9999.0 -9999.0 -9999.0 -9999.0 -9999.0 -9999.0 -9999.0 -9999.0 -9999.0 -9999.0 -9999.0 -9999.0 -9999.0 -9999.0 -9999.0 -9999.0 -9999.0
1.4505246635344997 1.4504607296639027 1.4505421193908667 1.4507788633325491 1.4510156072742317 1.4512523512159141 1.4514890951575967 1.451725839099279 1.4519625830409617 1.452199326982644 1.4524360709243267 1.452672814866009 1.4529095588076917 1.453146302749374 1.4533830466910571 1.4536197906327395 1.453856534574422 -9999.0 -9999.0 -9999.0 -9999.0 -9999.0 -9999.0 -9999.0 -9999.0 -9999.0 -9999.0 -9999.0 -9999.0 -9999.0 -9999.0 -9999.0 -9999.0 -9999.0 -9999.0 -9999.0 -9999.0 -9999.0 -9999.0 -9999.0 -9999.0 -9999.0 -9999.0 -9999.0
