Figures/CREST_Example_wjb_NSE/PETs/wjb.pet.20100526.asc
ncols            288
nrows            254
xllcorner        113.274861
yllcorner        31.4918055
cellsize         0.008333333333
NODATA_value     -9999
[rows 20 to 39 of 254, columns 88 to 131 of 288]
1.6775980326835738 1.6827236540228014 1.6878492753620291 1.6929748967012657 1.6981005180404933 1.703226139379721 1.7083517607189487 1.7134773820581763 1.718603003397404 1.7237286247366317 1.7288542460758594 1.733979867415087 1.7391054887543147 1.7442311100935424 1.7504838630013257 1.7579415450416898 1.7653992270820664 1.7728569091224304 1.7803145911627944 1.7877722732031585 1.7952299552435225 1.8026876372838865 1.8101453193242505 1.8176030013646145 1.8250606834049785 1.8325183654453425 1.8399760474857065 1.8474337295260703 1.8548914115664343 1.8623490936068112 1.8698067756471752 1.8772644576875392 1.884722139727903 -9999.0 -9999.0 -9999.0 -9999.0 -9999.0 -9999.0 -9999.0 -9999.0 -9999.0 -9999.0 -9999.0
1.6783981304698417 1.6834010825587542 1.688404034647667 1.6934069867365882 1.6984099388255007 1.7034128909144133 1.708415843003326 1.7134187950922386 1.7184217471811514 1.723424699270064 1.7284276513589767 1.7334306034478892 1.738433555536802 1.7434365076257146 1.749682091214652 1.7572560759745022 1.7648300607343654 1.7724040454942156 1.7799780302540658 1.787552015013916 1.795125999773766 1.8026999845336162 1.8102739692934664 1.8178479540533168 1.825421938813167 1.832995923573017 1.8405699083328673 1.8481438930927174 1.8557178778525676 1.8632918626124308 1.870865847372281 1.8784398321321312 1.8860138168919813 -9999.0 -9999.0 -9999.0 -9999.0 -9999.0 -9999.0 -9999.0 -9999.0 -9999.0 -9999.0 -9999.0
1.6791982282561093 1.684078511094707 1.6889587939333044 1.6938390767719105 1.6987193596105081 1.7035996424491056 1.7084799252877032 1.7133602081263009 1.7182404909648985 1.7231207738034962 1.7280010566420938 1.7328813394806915 1.7377616223192889 1.7426419051578865 1.748880319427978 1.7565706069073146 1.764260894386664 1.7719511818660003 1.7796414693453368 1.7873317568246732 1.7950220443040097 1.802712331783346 1.8104026192626823 1.8180929067420188 1.8257831942213552 1.8334734817006917 1.841163769180028 1.8488540566593643 1.8565443441387008 1.8642346316180503 1.8719249190973866 1.879615206576723 1.8873054940560594 1.894995781535396 1.9026860690147323 1.9103763564940688 -9999.0 1.9257569314527414 -9999.0 -9999.0 -9999.0 -9999.0 -9999.0 -9999.0
1.679998326042377 1.6847559396306595 1.6895135532189423 1.694271166807233 1.6990287803955155 1.703786393983798 1.7085440075720808 1.7133016211603633 1.7180592347486459 1.7228168483369284 1.7275744619252111 1.7323320755134937 1.7370896891017762 1.741847302690059 1.7480785476413043 1.755885137840127 1.7636917280389628 1.7714983182377855 1.779304908436608 1.7871114986354306 1.7949180888342533 1.8027246790330758 1.8105312692318984 1.818337859430721 1.8261444496295436 1.833951039828366 1.8417576300271887 1.8495642202260114 1.8573708104248339 1.8651774006236699 1.8729839908224923 1.880790581021315 1.8885971712201375 1.8964037614189602 1.9042103516177828 1.9120169418166053 1.919823532015428 1.9276301222142505 1.9354367124130731 -9999.0 -9999.0 -9999.0 -9999.0 -9999.0
1.6807984238286446 1.6854333681666123 1.69006831250458 1.6947032568425553 1.699338201180523 1.7039731455184906 1.7086080898564582 1.7132430341944256 1.7178779785323932 1.7225129228703608 1.7271478672083285 1.7317828115462959 1.7364177558842635 1.7410527002222311 1.7472767758546306 1.7551996687729394 1.7631225616912618 1.7710454546095704 1.7789683475278792 1.786891240446188 1.794814133364497 1.8027370262828057 1.8106599192011144 1.8185828121194232 1.826505705037732 1.8344285979560409 1.8423514908743495 1.8502743837926583 1.8581972767109671 1.8661201696292895 1.8740430625475981 1.881965955465907 1.8898888483842158 1.8978117413025246 1.9057346342208334 1.913657527139142 1.9215804200574509 1.9295033129757597 1.9374262058940686 -9999.0 -9999.0 -9999.0 -9999.0 -9999.0
1.6815985216149123 1.6861107967025648 1.6906230717902175 1.6951353468778776 1.6996476219655303 1.7041598970531828 1.7086721721408353 1.7131844472284878 1.7176967223161403 1.7222089974037929 1.7267212724914456 1.731233547579098 1.7357458226667506 1.740258097754403 1.7464750040679566 1.7545141997057516 1.7625533953435604 1.7705925909813554 1.7786317866191503 1.7866709822569453 1.7947101778947403 1.8027493735325353 1.8107885691703303 1.8188277648081252 1.8268669604459202 1.8349061560837152 1.8429453517215102 1.8509845473593052 1.8590237429971002 1.867062938634909 1.875102134272704 1.8831413299104989 1.8911805255482939 1.8992197211860888 1.9072589168238838 1.9152981124616788 1.9233373080994738 1.931376503737269 1.939415699375064 -9999.0 -9999.0 -9999.0 -9999.0 -9999.0
1.6823986194011802 1.6867882252385176 1.6911778310758552 1.6955674369132 1.6999570427505377 1.704346648587875 1.7087362544252127 1.7131258602625503 1.7175154660998877 1.7219050719372253 1.726294677774563 1.7306842836119003 1.735073889449238 1.7394634952865753 1.745673232281283 1.7538287306385643 1.7619842289958592 1.7701397273531405 1.7782952257104216 1.7864507240677028 1.794606222424984 1.802761720782265 1.8109172191395464 1.8190727174968275 1.8272282158541087 1.8353837142113898 1.843539212568671 1.8516947109259523 1.8598502092832334 1.8680057076405285 1.8761612059978097 1.8843167043550908 1.892472202712372 1.900627701069653 1.9087831994269344 1.9169386977842156 1.9250941961414967 1.9332496944987778 1.9414051928560592 -9999.0 -9999.0 -9999.0 -9999.0 -9999.0
1.6831987171874485 1.687465653774471 1.6917325903614933 1.6959995269485229 1.7002664635355453 1.7045334001225676 1.70880033670959 1.7130672732966126 1.7173342098836348 1.7216011464706573 1.7258680830576796 1.730135019644702 1.7344019562317243 1.7386688928187468 1.7448714604946085 1.7531432615713758 1.7614150626481575 1.769686863724925 1.7779586648016925 1.78623046587846 1.7945022669552273 1.8027740680319948 1.8110458691087623 1.8193176701855298 1.8275894712622973 1.8358612723390648 1.8441330734158323 1.8524048744925998 1.8606766755693673 1.8689484766461488 1.8772202777229163 1.8854920787996838 1.8937638798764513 1.9020356809532188 1.9103074820299861 1.9185792831067536 1.9268510841835211 1.9351228852602886 1.9433946863370561 1.9516664874138236 1.9599382884905912 1.9682100895673587 -9999.0 -9999.0
1.6846088452250048 1.6888675289942325 1.69312621276346 1.6973848965326952 1.701643580301923 1.7059022640711505 1.7101609478403783 1.714419631609606 1.7186783153788339 1.7229369991480614 1.7271956829172892 1.731454366686517 1.7357130504557448 1.7399717342249725 1.7461984329351226 1.7545289841162932 1.7628595352974779 1.7711900864786485 1.7795206376598192 1.7878511888409898 1.7961817400221602 1.804512291203331 1.8128428423845016 1.821173393565672 1.8295039447468426 1.8378344959280133 1.8461650471091837 1.8544955982903544 1.862826149471525 1.87115670065271 1.8794872518338803 1.887817803015051 1.8961483541962216 1.904478905377392 1.9128094565585627 1.9211400077397334 1.929470558920904 1.9378011101020745 1.946131661283245 1.9544622124644158 1.9627927636455862 1.9711233148267568 1.9794538660079417 1.9877844171891121
1.6866710571335874 1.6910437920364547 1.6954165269393218 1.6997892618421964 1.7041619967450636 1.7085347316479307 1.712907466550798 1.717280201453665 1.7216529363565323 1.7260256712593993 1.7303984061622666 1.7347711410651336 1.7391438759680007 1.743516610870868 1.7498008987190536 1.7581286798882858 1.7664564610575324 1.7747842422267646 1.7831120233959967 1.791439804565229 1.7997675857344613 1.8080953669036934 1.8164231480729258 1.824750929242158 1.8330787104113904 1.8414064915806225 1.8497342727498547 1.858062053919087 1.8663898350883192 1.8747176162575656 1.883045397426798 1.8913731785960302 1.8997009597652625 1.9080287409344947 1.9163565221037269 1.9246843032729593 1.9330120844421914 1.9413398656114236 1.949667646780656 1.9579954279498881 1.9663232091191203 1.9746509902883527 1.982978771457599 1.9913065526268312
1.6887332690421701 1.6932200550786767 1.6977068411151832 1.7021936271516975 1.706680413188204 1.7111671992247106 1.7156539852612172 1.7201407712977237 1.7246275573342302 1.729114343370737 1.7336011294072435 1.73808791544375 1.7425747014802566 1.7470614875167632 1.7534033645029845 1.7617283756602784 1.7700533868175865 1.7783783979748804 1.7867034091321743 1.7950284202894682 1.803353431446762 1.811678442604056 1.8200034537613499 1.8283284649186438 1.8366534760759377 1.8449784872332315 1.8533034983905257 1.8616285095478196 1.8699535207051134 1.8782785318624216 1.8866035430197154 1.8949285541770093 1.9032535653343032 1.9115785764915971 1.919903587648891 1.928228598806185 1.9365536099634788 1.9448786211207727 1.9532036322780666 1.9615286434353605 1.9698536545926544 1.9781786657499483 1.9865036769072564 1.9948286880645503
1.690795480950753 1.6953963181208989 1.699997155291045 1.7045979924611987 1.7091988296313447 1.7137996668014908 1.7184005039716368 1.7230013411417828 1.7276021783119286 1.7322030154820747 1.7368038526522207 1.7414046898223667 1.7460055269925128 1.7506063641626588 1.7570058302869154 1.765328071432271 1.7736503125776408 1.7819725537229965 1.7902947948683519 1.7986170360137075 1.806939277159063 1.8152615183044185 1.8235837594497741 1.8319060005951298 1.8402282417404852 1.8485504828858408 1.8568727240311964 1.865194965176552 1.8735172063219074 1.8818394474672773 1.890161688612633 1.8984839297579883 1.906806170903344 1.9151284120486995 1.923450653194055 1.9317728943394106 1.9400951354847662 1.9484173766301218 1.9567396177754772 1.9650618589208328 1.9733841000661885 1.9817063412115439 1.9900285823569137 1.9983508235022693
1.6928576928593357 1.697572581163121 1.7022874694669066 1.7070023577706999 1.7117172460744854 1.716432134378271 1.7211470226820562 1.7258619109858417 1.730576799289627 1.7352916875934126 1.7400065758971979 1.7447214642009834 1.7494363525047687 1.7541512408085542 1.7606082960708465 1.7689277672042638 1.7772472383376952 1.7855667094711123 1.7938861806045296 1.8022056517379468 1.8105251228713641 1.8188445940047813 1.8271640651381984 1.8354835362716158 1.843803007405033 1.8521224785384502 1.8604419496718674 1.8687614208052845 1.8770808919387019 1.8854003630721332 1.8937198342055503 1.9020393053389677 1.9103587764723848 1.9186782476058022 1.9269977187392193 1.9353171898726367 1.9436366610060538 1.951956132139471 1.9602756032728883 1.9685950744063054 1.9769145455397228 1.98523401667314 1.9935534878065713 2.0018729589399884
1.6949199047679202 1.699748844205345 1.70457778364277 1.7094067230802032 1.714235662517628 1.719064601955053 1.723893541392478 1.7287224808299029 1.733551420267328 1.738380359704753 1.7432092991421777 1.7480382385796027 1.7528671780170275 1.7576961174544525 1.7642107618547804 1.7725274629762593 1.7808441640977524 1.7891608652192312 1.79747756634071 1.805794267462189 1.8141109685836678 1.8224276697051467 1.8307443708266258 1.8390610719481046 1.8473777730695835 1.8556944741910624 1.8640111753125412 1.87232787643402 1.880644577555499 1.888961278676992 1.897277979798471 1.9055946809199498 1.9139113820414286 1.9222280831629075 1.9305447842843864 1.9388614854058652 1.947178186527344 1.9554948876488232 1.963811588770302 1.972128289891781 1.9804449910132598 1.9887616921347386 1.9970783932562317 2.0053950943777106
1.696982116676503 1.7019251072475672 1.7068680978186317 1.7118110883897044 1.7167540789607687 1.7216970695318332 1.7266400601028975 1.7315830506739618 1.7365260412450263 1.7414690318160906 1.7464120223871549 1.7513550129582194 1.7562980035292837 1.761240994100348 1.7678132276387115 1.776127158748252 1.7844410898578067 1.7927550209673473 1.8010689520768879 1.8093828831864283 1.8176968142959689 1.8260107454055095 1.8343246765150498 1.8426386076245904 1.850952538734131 1.8592664698436714 1.867580400953212 1.8758943320627526 1.8842082631722932 1.8925221942818478 1.9008361253913884 1.909150056500929 1.9174639876104693 1.92577791872001 1.9340918498295505 1.9424057809390909 1.9507197120486315 1.959033643158172 1.9673475742677127 1.975661505377253 1.9839754364867936 1.9922893675963342 2.000603298705889 2.008917229815429
1.6990443285850856 1.7041013702897894 1.7091584119944931 1.7142154536992056 1.7192724954039094 1.7243295371086131 1.729386578813317 1.7344436205180207 1.7395006622227245 1.7445577039274283 1.749614745632132 1.7546717873368358 1.7597288290415396 1.7647858707462434 1.7714156934226424 1.7797268545202445 1.7880380156178608 1.7963491767154631 1.8046603378130652 1.8129714989106676 1.8212826600082697 1.829593821105872 1.837904982203474 1.8462161433010764 1.8545273043986785 1.8628384654962806 1.871149626593883 1.879460787691485 1.8877719487890874 1.8960831098867037 1.9043942709843058 1.9127054320819081 1.9210165931795102 1.9293277542771126 1.9376389153747147 1.945950076472317 1.954261237569919 1.9625723986675214 1.9708835597651235 1.9791947208627256 1.987505881960328 1.99581704305793 2.0041282041555464 2.0124393652531487
1.7011065404936683 1.7062776333320115 1.7114487261703546 1.7166198190087067 1.72179091184705 1.726962004685393 1.7321330975237363 1.7373041903620796 1.7424752832004229 1.747646376038766 1.7528174688771092 1.7579885617154525 1.7631596545537955 1.7683307473921388 1.7750181592065732 1.7833265502922373 1.7916349413779151 1.7999433324635792 1.808251723549243 1.8165601146349069 1.8248685057205707 1.8331768968062345 1.8414852878918984 1.8497936789775622 1.858102070063226 1.8664104611488899 1.8747188522345537 1.8830272433202175 1.8913356344058814 1.8996440254915594 1.9079524165772233 1.916260807662887 1.924569198748551 1.9328775898342148 1.9411859809198788 1.9494943720055427 1.9578027630912065 1.9661111541768703 1.9744195452625342 1.982727936348198 1.9910363274338618 1.9993447185195257 2.0076531096052035 2.0159615006908678
1.703168752402251 1.7084538963742337 1.7137390403462163 1.719024184318208 1.7243093282901907 1.7295944722621732 1.734879616234156 1.7401647602061385 1.745449904178121 1.7507350481501038 1.7560201921220864 1.7613053360940691 1.7665904800660517 1.7718756240380342 1.7786206249905043 1.78692624606423 1.7952318671379695 1.803537488211695 1.8118431092854206 1.8201487303591461 1.8284543514328715 1.836759972506597 1.8450655935803226 1.853371214654048 1.8616768357277735 1.869982456801499 1.8782880778752247 1.88659369894895 1.8948993200226756 1.9032049410964151 1.9115105621701407 1.9198161832438663 1.9281218043175918 1.9364274253913172 1.9447330464650427 1.9530386675387683 1.9613442886124937 1.9696499096862192 1.9779555307599448 1.9862611518336704 1.9945667729073957 2.0028723939811215 2.011178015054861 2.0194836361285864
1.7052309643108337 1.7106301594164557 1.7160293545220777 1.721428549627709 1.7268277447333311 1.7322269398389532 1.7376261349445752 1.7430253300501972 1.7484245251558193 1.7538237202614413 1.7592229153670633 1.7646221104726856 1.7700213055783076 1.7754205006839296 1.7822230907744352 1.7905259418362225 1.7988287928980238 1.8071316439598109 1.8154344950215981 1.8237373460833852 1.8320401971451723 1.8403430482069596 1.8486458992687467 1.856948750330534 1.865251601392321 1.8735544524541083 1.8818573035158954 1.8901601545776827 1.8984630056394698 1.906765856701271 1.9150687077630584 1.9233715588248455 1.9316744098866327 1.9399772609484198 1.948280112010207 1.9565829630719942 1.9648858141337813 1.9731886651955686 1.9814915162573556 1.989794367319143 1.99809721838093 2.006400069442717 2.0147029205045186 2.023005771566306
1.7072931762194166 1.7128064224586779 1.7183196686979394 1.7238329149372102 1.7293461611764718 1.7348594074157333 1.7403726536549948 1.7458858998942564 1.7513991461335177 1.7569123923727792 1.7624256386120407 1.7679388848513022 1.7734521310905635 1.778965377329825 1.7858255565583663 1.794125637608215 1.802425718658078 1.810725799707927 1.8190258807577757 1.8273259618076245 1.8356260428574733 1.8439261239073221 1.852226204957171 1.8605262860070197 1.8688263670568686 1.8771264481067174 1.8854265291565664 1.8937266102064152 1.902026691256264 1.910326772306127 1.9186268533559758 1.9269269344058246 1.9352270154556734 1.9435270965055222 1.951827177555371 1.9601272586052199 1.9684273396550687 1.9767274207049175 1.9850275017547663 1.993327582804615 2.001627663854464 2.0099277449043127 2.0182278259541757 2.0265279070040245
