Figures/CREST_Example_wjb_NSE/PETs/wjb.pet.20090918.asc
ncols            288
nrows            254
xllcorner        113.274861
yllcorner        31.4918055
cellsize         0.008333333333
NODATA_value     -9999
[rows 76 to 94 of 254, columns 44 to 87 of 288]
0.6315617172951921 0.6293375646979393 0.6271134121006865 0.6248892595034338 0.622665106906181 0.6204409543089282 0.6182168017116755 0.6159926491144226 0.6137684965171661 0.6115443439199133 0.6093201913226606 0.6070960387254077 0.604871886128155 0.6026477335309023 0.6004235809336494 0.5981994283363967 0.5959752757391439 0.5937511231418912 0.5915269705446383 0.5893028179473856 0.5870786653501329 0.5848545127528763 0.5826303601556235 0.5804062075583707 0.578182054961118 0.5759579023638651 0.5737337497666124 0.5715095971693596 0.5707012051621815 0.5714062932305594 0.5721113812989372 0.5728164693673151 0.573521557435693 0.5742266455040709 0.5749317335724499 0.5756368216408277 0.5763419097092056 0.5770469977775835 0.5777520858459614 0.5784571739143393 0.5791622619827171 0.579867350051095 0.5805724381194729 0.5812775261878508
0.6239685239269399 0.6218590387315563 0.6197495535361728 0.6176400683407892 0.6155305831454057 0.6134210979500221 0.6113116127546385 0.609202127559255 0.6070926423638678 0.6049831571684843 0.6028736719731007 0.6007641867777171 0.5986547015823336 0.59654521638695 0.5944357311915665 0.5923262459961829 0.5902167608007993 0.5881072756054158 0.5859977904100322 0.5838883052146486 0.5817788200192651 0.579669334823878 0.5775598496284944 0.5754503644331108 0.5733408792377273 0.5712313940423437 0.5691219088469601 0.5670124236515766 0.5662780526514223 0.5670137098118794 0.5677493669723366 0.5684850241327938 0.569220681293251 0.5699563384537081 0.5706919956141665 0.5714276527746237 0.5721633099350809 0.572898967095538 0.5736346242559952 0.5743702814164524 0.5751059385769096 0.5758415957373667 0.5765772528978239 0.5773129100582811
0.6163753305586878 0.6143805127651735 0.6123856949716591 0.6103908771781447 0.6083960593846304 0.606401241591116 0.6044064237976017 0.6024116060040873 0.6004167882105695 0.5984219704170551 0.5964271526235408 0.5944323348300264 0.5924375170365122 0.5904426992429977 0.5884478814494835 0.586453063655969 0.5844582458624548 0.5824634280689404 0.580468610275426 0.5784737924819117 0.5764789746883973 0.5744841568948795 0.5724893391013651 0.5704945213078508 0.5684997035143364 0.5665048857208221 0.5645100679273077 0.5625152501337934 0.5618549001406629 0.5626211263931994 0.5633873526457358 0.5641535788982723 0.5649198051508089 0.5656860314033453 0.566452257655883 0.5672184839084196 0.5679847101609561 0.5687509364134925 0.569517162666029 0.5702833889185654 0.571049615171102 0.5718158414236384 0.5725820676761749 0.5733482939287114
0.6087821371904291 0.606901986798784 0.605021836407139 0.6031416860154939 0.6012615356238489 0.5993813852322039 0.5975012348405588 0.5956210844489137 0.5937409340572655 0.5918607836656204 0.5899806332739754 0.5881004828823304 0.5862203324906853 0.5843401820990403 0.5824600317073952 0.5805798813157502 0.5786997309241051 0.5768195805324601 0.574939430140815 0.57305927974917 0.5711791293575249 0.5692989789658767 0.5674188285742316 0.5655386781825866 0.5636585277909416 0.5617783773992965 0.5598982270076515 0.5580180766160064 0.5574317476298998 0.5582285429745156 0.5590253383191314 0.5598221336637472 0.5606189290083631 0.5614157243529788 0.562212519697596 0.5630093150422119 0.5638061103868276 0.5646029057314434 0.5653997010760592 0.566196496420675 0.5669932917652909 0.5677900871099066 0.5685868824545225 0.5693836777991383
0.6011889438221769 0.5994234608324011 0.5976579778426252 0.5958924948528495 0.5941270118630736 0.5923615288732977 0.5905960458835219 0.588830562893746 0.5870650799039672 0.5852995969141913 0.5835341139244156 0.5817686309346397 0.5800031479448639 0.578237664955088 0.5764721819653121 0.5747066989755363 0.5729412159857605 0.5711757329959847 0.5694102500062088 0.567644767016433 0.5658792840266571 0.5641138010368782 0.5623483180471025 0.5605828350573266 0.5588173520675508 0.5570518690777749 0.5552863860879991 0.5535209030982233 0.5530085951191405 0.5538359595558355 0.5546633239925307 0.5554906884292258 0.5563180528659208 0.557145417302616 0.5579727817393125 0.5588001461760076 0.5596275106127028 0.5604548750493978 0.561282239486093 0.5621096039227881 0.5629369683594833 0.5637643327961783 0.5645916972328734 0.5654190616695686
0.5935957504539248 0.5919449348660181 0.5902941192781115 0.5886433036902049 0.5869924881022982 0.5853416725143916 0.5836908569264849 0.5820400413385783 0.5803892257506689 0.5787384101627623 0.5770875945748556 0.575436778986949 0.5737859633990424 0.5721351478111357 0.5704843322232291 0.5688335166353224 0.5671827010474159 0.5655318854595093 0.5638810698716026 0.562230254283696 0.5605794386957893 0.5589286231078799 0.5572778075199732 0.5556269919320667 0.55397617634416 0.5523253607562534 0.5506745451683468 0.5490237295804401 0.548585442608381 0.5494433761371555 0.5503013096659299 0.5511592431947043 0.5520171767234787 0.5528751102522532 0.553733043781029 0.5545909773098034 0.555448910838578 0.5563068443673523 0.5571647778961267 0.5580227114249012 0.5588806449536756 0.55973857848245 0.5605965120112244 0.5614544455399989
0.5860025570856726 0.5844664088996352 0.5829302607135978 0.5813941125275603 0.5798579643415229 0.5783218161554855 0.5767856679694481 0.5752495197834107 0.5737133715973706 0.5721772234113331 0.5706410752252957 0.5691049270392583 0.5675687788532209 0.5660326306671835 0.564496482481146 0.5629603342951086 0.5614241861090712 0.5598880379230338 0.5583518897369963 0.5568157415509589 0.5552795933649215 0.5537434451788815 0.5522072969928441 0.5506711488068067 0.5491350006207693 0.5475988524347318 0.5460627042486944 0.544526556062657 0.5441622900976217 0.5450507927184755 0.5459392953393292 0.5468277979601829 0.5477163005810366 0.5486048032018903 0.5494933058227456 0.5503818084435993 0.551270311064453 0.5521588136853068 0.5530473163061606 0.5539358189270143 0.554824321547868 0.5557128241687217 0.5566013267895754 0.5574898294104291
0.5784093637174205 0.5769878829332522 0.5755664021490839 0.5741449213649158 0.5727234405807475 0.5713019597965794 0.5698804790124111 0.568458998228243 0.5670375174440723 0.5656160366599041 0.5641945558757359 0.5627730750915676 0.5613515943073994 0.5599301135232312 0.558508632739063 0.5570871519548948 0.5556656711707266 0.5542441903865584 0.5528227096023901 0.551401228818222 0.5499797480340537 0.5485582672498831 0.5471367864657148 0.5457153056815467 0.5442938248973784 0.5428723441132103 0.541450863329042 0.5400293825448738 0.5397391375868624 0.5406582092997955 0.5415772810127284 0.5424963527256614 0.5434154244385945 0.5443344961515275 0.5452535678644621 0.5461726395773951 0.5470917112903282 0.5480107830032612 0.5489298547161943 0.5498489264291273 0.5507679981420603 0.5516870698549934 0.5526061415679264 0.5535252132808594
0.5708161703491682 0.5695093569668692 0.5682025435845702 0.5668957302022712 0.5655889168199723 0.5642821034376733 0.5629752900553742 0.5616684766730752 0.560361663290774 0.559054849908475 0.557748036526176 0.556441223143877 0.5551344097615779 0.5538275963792789 0.5525207829969799 0.5512139696146809 0.549907156232382 0.548600342850083 0.547293529467784 0.5459867160854849 0.5446799027031859 0.5433730893208847 0.5420662759385857 0.5407594625562867 0.5394526491739877 0.5381458357916886 0.5368390224093896 0.5355322090270906 0.535315985076103 0.5362656258811154 0.5372152666861277 0.5381649074911401 0.5391145482961524 0.5400641891011647 0.5410138299061786 0.541963470711191 0.5429131115162034 0.5438627523212157 0.5448123931262281 0.5457620339312403 0.5467116747362527 0.5476613155412651 0.5486109563462774 0.5495605971512897
0.5632229769809096 0.5620308310004799 0.5608386850200502 0.5596465390396205 0.5584543930591908 0.557262247078761 0.5560701010983313 0.5548779551179017 0.5536858091374699 0.5524936631570403 0.5513015171766106 0.5501093711961809 0.5489172252157511 0.5477250792353214 0.5465329332548917 0.5453407872744621 0.5441486412940324 0.5429564953136027 0.541764349333173 0.5405722033527433 0.5393800573723135 0.5381879113918818 0.5369957654114521 0.5358036194310225 0.5346114734505928 0.5334193274701631 0.5322271814897334 0.5310350355093036 0.5308928325653399 0.5318730424624316 0.5328532523595233 0.5338334622566149 0.5348136721537066 0.5357938820507983 0.5367740919478916 0.5377543018449833 0.538734511742075 0.5397147216391666 0.5406949315362582 0.5416751414333499 0.5426553513304416 0.5436355612275333 0.5446157711246249 0.5455959810217166
0.5556297836126574 0.5545523050340969 0.5534748264555365 0.5523973478769759 0.5513198692984155 0.5502423907198549 0.5491649121412945 0.5480874335627339 0.5470099549841716 0.5459324764056112 0.5448549978270507 0.5437775192484902 0.5427000406699297 0.5416225620913692 0.5405450835128087 0.5394676049342482 0.5383901263556877 0.5373126477771273 0.5362351691985667 0.5351576906200063 0.5340802120414457 0.5330027334628834 0.531925254884323 0.5308477763057625 0.529770297727202 0.5286928191486415 0.527615340570081 0.5265378619915205 0.5264696800545806 0.5274804590437515 0.5284912380329225 0.5295020170220935 0.5305127960112644 0.5315235750004355 0.5325343539896081 0.5335451329787791 0.53455591196795 0.5355666909571211 0.536577469946292 0.537588248935463 0.538599027924634 0.5396098069138049 0.5406205859029759 0.5416313648921469
0.5480365902444052 0.5470737790677139 0.5461109678910226 0.5451481567143314 0.5441853455376401 0.5432225343609488 0.5422597231842575 0.5412969120075662 0.5403341008308734 0.5393712896541821 0.5384084784774908 0.5374456673007996 0.5364828561241083 0.535520044947417 0.5345572337707257 0.5335944225940344 0.5326316114173432 0.5316688002406519 0.5307059890639606 0.5297431778872693 0.528780366710578 0.5278175555338851 0.5268547443571938 0.5258919331805025 0.5249291220038113 0.52396631082712 0.5230034996504287 0.5220406884737374 0.5220465275438213 0.5230878756250716 0.5241292237063219 0.5251705717875722 0.5262119198688224 0.5272532679500728 0.5282946160313248 0.529335964112575 0.5303773121938253 0.5314186602750756 0.5324600083563259 0.5335013564375761 0.5345427045188265 0.5355840526000767 0.536625400681327 0.5376667487625773
0.545490577571389 0.5445484271160632 0.5436062766607374 0.5426641262054115 0.5417219757500857 0.5407798252947599 0.5398376748394341 0.5388955243841083 0.5379533739287808 0.537011223473455 0.5360690730181292 0.5351269225628034 0.5341847721074775 0.5332426216521517 0.5323004711968259 0.5313583207415 0.5304161702861743 0.5294740198308484 0.5285318693755225 0.5275897189201968 0.5266475684648709 0.5257054180095435 0.5247632675542176 0.5238211170988919 0.522878966643566 0.5219368161882403 0.5209946657329144 0.5200525152775886 0.5200499983467228 0.5210519708949151 0.5220539434431072 0.5230559159912993 0.5240578885394915 0.5250598610876837 0.5260618336358776 0.5270638061840697 0.5280657787322619 0.529067751280454 0.5300697238286461 0.5310716963768384 0.5320736689250305 0.5330756414732226 0.5340776140214148 0.535079586569607
0.5483396828457225 0.5473177058972594 0.5462957289487962 0.545273752000333 0.54425177505187 0.5432297981034068 0.5422078211549436 0.5411858442064804 0.5401638672580155 0.5391418903095523 0.5381199133610891 0.5370979364126259 0.5360759594641628 0.5350539825156997 0.5340320055672365 0.5330100286187733 0.5319880516703102 0.530966074721847 0.5299440977733838 0.5289221208249206 0.5279001438764575 0.5268781669279926 0.5258561899795294 0.5248342130310663 0.5238122360826031 0.5227902591341399 0.5217682821856767 0.5207463052372135 0.5206473764776 0.5215352070983476 0.5224230377190953 0.5233108683398429 0.5241986989605905 0.5250865295813381 0.5259743602020872 0.5268621908228348 0.5277500214435825 0.5286378520643301 0.5295256826850777 0.5304135133058253 0.531301343926573 0.5321891745473206 0.5330770051680682 0.5339648357888158
0.5511887881200561 0.5500869846784556 0.5489851812368551 0.5478833777952546 0.546781574353654 0.5456797709120536 0.5445779674704531 0.5434761640288526 0.5423743605872502 0.5412725571456497 0.5401707537040491 0.5390689502624486 0.5379671468208481 0.5368653433792476 0.5357635399376471 0.5346617364960466 0.5335599330544462 0.5324581296128456 0.5313563261712451 0.5302545227296446 0.5291527192880441 0.5280509158464417 0.5269491124048412 0.5258473089632406 0.5247455055216401 0.5236437020800396 0.5225418986384391 0.5214400951968386 0.5212447546084772 0.5220184433017803 0.5227921319950833 0.5235658206883864 0.5243395093816895 0.5251131980749926 0.525886886768297 0.5266605754616001 0.5274342641549031 0.5282079528482063 0.5289816415415094 0.5297553302348125 0.5305290189281155 0.5313027076214186 0.5320763963147217 0.5328500850080248
0.5540378933943896 0.5528562634596517 0.5516746335249139 0.550493003590176 0.5493113736554381 0.5481297437207003 0.5469481137859624 0.5457664838512246 0.5445848539164847 0.5434032239817469 0.5422215940470091 0.5410399641122712 0.5398583341775334 0.5386767042427955 0.5374950743080577 0.5363134443733198 0.5351318144385819 0.5339501845038441 0.5327685545691062 0.5315869246343684 0.5304052946996306 0.5292236647648907 0.5280420348301529 0.526860404895415 0.5256787749606772 0.5244971450259392 0.5233155150912014 0.5221338851564636 0.5218421327393543 0.5225016795052129 0.5231612262710714 0.52382077303693 0.5244803198027885 0.5251398665686471 0.5257994133345067 0.5264589601003653 0.5271185068662239 0.5277780536320823 0.5284376003979409 0.5290971471637994 0.529756693929658 0.5304162406955165 0.5310757874613751 0.5317353342272336
0.5568869986687255 0.5556255422408503 0.554364085812975 0.5531026293850997 0.5518411729572245 0.5505797165293492 0.5493182601014739 0.5480568036735987 0.5467953472457213 0.545533890817846 0.5442724343899707 0.5430109779620955 0.5417495215342202 0.540488065106345 0.5392266086784697 0.5379651522505944 0.5367036958227192 0.5354422393948439 0.5341807829669687 0.5329193265390934 0.5316578701112181 0.5303964136833407 0.5291349572554654 0.5278735008275902 0.526612044399715 0.5253505879718396 0.5240891315439644 0.5228276751160892 0.522439510870232 0.5229849157086458 0.5235303205470597 0.5240757253854736 0.5246211302238876 0.5251665350623015 0.5257119399007163 0.5262573447391302 0.5268027495775441 0.5273481544159581 0.527893559254372 0.5284389640927859 0.5289843689311998 0.5295297737696137 0.5300751786080277 0.5306205834464416
0.5597361039430591 0.5583948210220464 0.5570535381010339 0.5557122551800212 0.5543709722590087 0.553029689337996 0.5516884064169835 0.5503471234959708 0.5490058405749559 0.5476645576539433 0.5463232747329307 0.5449819918119181 0.5436407088909055 0.5422994259698929 0.5409581430488802 0.5396168601278677 0.538275577206855 0.5369342942858425 0.5355930113648298 0.5342517284438173 0.5329104455228046 0.5315691626017898 0.5302278796807771 0.5288865967597646 0.5275453138387519 0.5262040309177394 0.5248627479967267 0.5235214650757141 0.5230368890011091 0.5234681519120784 0.5238994148230478 0.5243306777340172 0.5247619406449866 0.5251932035559559 0.5256244664669261 0.5260557293778955 0.5264869922888648 0.5269182551998342 0.5273495181108036 0.527780781021773 0.5282120439327422 0.5286433068437116 0.529074569754681 0.5295058326656504
0.5625852092173926 0.5611640998032427 0.5597429903890927 0.5583218809749427 0.5569007715607928 0.5554796621466429 0.5540585527324929 0.552637443318343 0.5512163339041906 0.5497952244900406 0.5483741150758906 0.5469530056617408 0.5455318962475908 0.5441107868334408 0.5426896774192909 0.5412685680051409 0.5398474585909909 0.5384263491768411 0.5370052397626911 0.5355841303485411 0.5341630209343912 0.5327419115202388 0.5313208021060889 0.5298996926919389 0.528478583277789 0.527057473863639 0.525636364449489 0.5242152550353391 0.5236342671319861 0.523951388115511 0.5242685090990359 0.5245856300825606 0.5249027510660855 0.5252198720496104 0.5255369930331357 0.5258541140166606 0.5261712350001854 0.5264883559837102 0.5268054769672351 0.5271225979507599 0.5274397189342848 0.5277568399178096 0.5280739609013344 0.5283910818848593
