Figures/CREST_Example_wjb_NSE/PETs/wjb.pet.20090705.asc
ncols            288
nrows            254
xllcorner        113.274861
yllcorner        31.4918055
cellsize         0.008333333333
NODATA_value     -9999
[rows 220 to 239 of 254, columns 176 to 219 of 288]
1.6324710332755508 1.6406463938099667 1.6488217543443828 1.6569971148787987 1.6651724754132147 1.6733478359476306 1.6815231964820605 1.6896985570164764 1.6978739175508923 1.7060492780853083 1.7142246386197244 1.7223999991541403 1.7305753596885562 1.7387507202229722 1.746926080757388 1.755101441291804 1.7659615846711887 1.779691821659374 1.7934220586475593 1.807152295635768 1.8208825326239533 1.8346127696121386 1.848343006600324 1.8620732435885092 1.8758034805766943 1.8895337175648796 1.903263954553065 1.9169941915412503 1.9307244285294356 1.944454665517621 1.9581849025058062 1.9719151394939916 1.9856453764822002 1.9993756134703855 2.0131058504585706 2.026836087446756 2.0405663244349412 2.0542965614231266 2.068026798411312 2.081757035399497 2.0954872723876825 2.109217509375868 2.122947746364053 2.1366779833522385
1.6469725834868156 1.6550149721022531 1.6630573607176906 1.671099749333128 1.6791421379485656 1.6871845265640029 1.6952269151794541 1.7032693037948916 1.711311692410329 1.7193540810257666 1.727396469641204 1.7354388582566416 1.743481246872079 1.7515236354875166 1.759566024102954 1.7676084127183915 1.7783953299411743 1.792116210344582 1.8058370907479897 1.819557971151421 1.8332788515548286 1.8469997319582363 1.8607206123616442 1.874441492765052 1.8881623731684596 1.9018832535718673 1.9156041339752752 1.9293250143786829 1.9430458947820906 1.9567667751854985 1.9704876555889062 1.9842085359923138 1.997929416395745 2.0116502967991527 2.0253711772025604 2.039092057605968 2.052812938009376 2.0665338184127835 2.0802546988161916 2.0939755792195993 2.107696459623007 2.1214173400264147 2.1351382204298224 2.14885910083323
1.66147413369808 1.6693835503945391 1.6772929670909982 1.6852023837874572 1.6931118004839163 1.7010212171803754 1.708930633876848 1.7168400505733068 1.7247494672697659 1.732658883966225 1.740568300662684 1.748477717359143 1.756387134055602 1.7642965507520612 1.7722059674485202 1.7801153841449793 1.79082907521116 1.8045405990297902 1.8182521228484203 1.831963646667074 1.8456751704857042 1.8593866943043342 1.8730982181229645 1.8868097419415948 1.9005212657602248 1.9142327895788551 1.9279443133974854 1.9416558372161155 1.9553673610347457 1.969078884853376 1.982790408672006 1.9965019324906363 2.01021345630929 2.02392498012792 2.0376365039465503 2.0513480277651808 2.065059551583811 2.078771075402441 2.0924825992210714 2.1061941230397014 2.1199056468583315 2.133617170676962 2.147328694495592 2.161040218314222
1.675975683909351 1.6837521286868316 1.691528573464312 1.6993050182417926 1.707081463019273 1.7148579077967536 1.7226343525742474 1.7304107973517278 1.7381872421292084 1.745963686906689 1.7537401316841694 1.76151657646165 1.7692930212391305 1.777069466016611 1.7848459107940915 1.7926223555715721 1.8032628204811507 1.8169649877150034 1.830667154948856 1.844369322182732 1.8580714894165848 1.8717736566504373 1.8854758238842901 1.8991779911181428 1.9128801583519954 1.926582325585848 1.9402844928197007 1.9539866600535534 1.967688827287406 1.9813909945212587 1.9950931617551113 2.0087953289889637 2.02249749622284 2.0361996634566926 2.049901830690545 2.063603997924398 2.0773061651582507 2.091008332392103 2.104710499625956 2.1184126668598084 2.1321148340936613 2.1458170013275137 2.1595191685613666 2.173221335795219
1.6904772341206156 1.6981207069791178 1.7057641798376197 1.713407652696122 1.721051125554624 1.7286945984131261 1.7363380712716412 1.7439815441301432 1.7516250169886451 1.7592684898471473 1.7669119627056493 1.7745554355641515 1.7821989084226535 1.7898423812811557 1.7974858541396577 1.8051293269981596 1.8156965657511364 1.8293893764002116 1.8430821870492866 1.8567749976983852 1.8704678083474602 1.8841606189965354 1.8978534296456104 1.9115462402946857 1.9252390509437607 1.9389318615928357 1.952624672241911 1.966317482890986 1.9800102935400612 1.9937031041891362 2.0073959148382112 2.0210887254872865 2.034781536136385 2.04847434678546 2.0621671574345353 2.07585996808361 2.0895527787326853 2.1032455893817605 2.1169384000308353 2.1306312106799106 2.144324021328986 2.158016831978061 2.171709642627136 2.185402453276211
1.7049787843318802 1.7124892852714038 1.7199997862109275 1.727510287150451 1.7350207880899746 1.7425312890294982 1.7500417899690346 1.7575522909085584 1.765062791848082 1.7725732927876054 1.7800837937271292 1.7875942946666528 1.7951047956061763 1.8026152965456999 1.8101257974852236 1.8176362984247472 1.828130311021122 1.8418137650854196 1.855497219149717 1.869180673214038 1.8828641272783355 1.8965475813426331 1.9102310354069307 1.9239144894712283 1.937597943535526 1.9512813975998236 1.964964851664121 1.9786483057284185 1.9923317597927162 2.0060152138570135 2.019698667921311 2.0333821219856087 2.04706557604993 2.0607490301142275 2.0744324841785247 2.0881159382428223 2.10179939230712 2.1154828463714175 2.129166300435715 2.1428497545000127 2.1565332085643103 2.170216662628608 2.1839001166929055 2.197583570757203
1.7194803345431509 1.726857863563696 1.734235392584241 1.7416129216047862 1.7489904506253313 1.7563679796458764 1.7637455086664342 1.771123037686979 1.7785005667075242 1.7858780957280693 1.7932556247486144 1.8006331537691596 1.8080106827897047 1.8153882118102498 1.822765740830795 1.83014326985134 1.8405640562911127 1.8542381537706327 1.8679122512501527 1.8815863487296962 1.8952604462092162 1.9089345436887362 1.9226086411682561 1.9362827386477761 1.9499568361272963 1.9636309336068163 1.9773050310863363 1.9909791285658562 2.0046532260453764 2.0183273235248964 2.0320014210044164 2.0456755184839364 2.05934961596348 2.073023713443 2.08669781092252 2.10037190840204 2.1140460058815598 2.1277201033610798 2.1413942008405997 2.1550682983201197 2.16874239579964 2.1824164932791597 2.19609059075868 2.2097646882382
1.7339818847544157 1.7412264418559822 1.7484709989575489 1.7557155560591156 1.7629601131606822 1.770204670262249 1.7774492273638278 1.7846937844653945 1.7919383415669612 1.7991828986685279 1.8064274557700943 1.813672012871661 1.8209165699732277 1.8281611270747944 1.835405684176361 1.8426502412779278 1.8529978015610984 1.866662542455841 1.8803272833505835 1.8939920242453492 1.9076567651400917 1.921321506034834 1.9349862469295767 1.948650987824319 1.9623157287190616 1.9759804696138041 1.9896452105085465 2.003309951403289 2.0169746922980316 2.030639433192774 2.0443041740875163 2.057968914982259 2.0716336558770245 2.0852983967717673 2.0989631376665097 2.112627878561252 2.1262926194559943 2.139957360350737 2.1536221012454795 2.167286842140222 2.1809515830349646 2.194616323929707 2.2082810648244493 2.221945805719192
1.7484834349656801 1.7555950201482684 1.7627066053308567 1.7698181905134447 1.776929775696033 1.7840413608786212 1.7911529460612214 1.7982645312438097 1.8053761164263977 1.812487701608986 1.8195992867915742 1.8267108719741625 1.8338224571567505 1.8409340423393388 1.8480456275219268 1.855157212704515 1.865431546831084 1.879086931141049 1.892742315451014 1.9063976997610022 1.920053084070967 1.933708468380932 1.947363852690897 1.961019237000862 1.9746746213108268 1.9883300056207918 2.0019853899307565 2.0156407742407216 2.0292961585506863 2.0429515428606515 2.056606927170616 2.0702623114805814 2.0839176957905696 2.0975730801005343 2.1112284644104995 2.124883848720464 2.1385392330304294 2.152194617340394 2.1658500016503592 2.179505385960324 2.193160770270289 2.206816154580254 2.220471538890219 2.2341269232001837
1.762984985176945 1.7699635984405546 1.7769422117041644 1.783920824967774 1.7908994382313839 1.7978780514949935 1.8048566647586153 1.8118352780222249 1.8188138912858347 1.8257925045494443 1.8327711178130541 1.839749731076664 1.8467283443402736 1.8537069576038834 1.860685570867493 1.8676641841311028 1.8778652921010697 1.891511319826257 1.9051573475514445 1.9188033752766551 1.9324494030018424 1.94609543072703 1.9597414584522173 1.9733874861774048 1.987033513902592 2.0006795416277794 2.014325569352967 2.0279715970781544 2.0416176248033415 2.055263652528529 2.0689096802537166 2.0825557079789037 2.0962017357041147 2.109847763429302 2.1234937911544893 2.137139818879677 2.150785846604864 2.1644318743300515 2.178077902055239 2.1917239297804265 2.2053699575056136 2.219015985230801 2.2326620129559887 2.2463080406811757
1.7774865353882157 1.7843321767328468 1.791177818077478 1.7980234594221094 1.8048691007667406 1.8117147421113717 1.8185603834560147 1.8254060248006458 1.832251666145277 1.8390973074899082 1.8459429488345396 1.8527885901791707 1.859634231523802 1.866479872868433 1.8733255142130645 1.8801711555576957 1.8902990373710604 1.9039357085114703 1.9175723796518802 1.9312090507923132 1.944845721932723 1.958482393073133 1.9721190642135429 1.9857557353539526 1.9993924064943625 2.0130290776347723 2.0266657487751822 2.040302419915592 2.053939091056002 2.0675757621964115 2.0812124333368214 2.0948491044772313 2.1084857756176643 2.122122446758074 2.135759117898484 2.149395789038894 2.163032460179304 2.1766691313197137 2.1903058024601236 2.2039424736005335 2.2175791447409434 2.231215815881353 2.2448524870217628 2.2584891581621727
1.7919880855994803 1.798700755025133 1.8054134244507858 1.8121260938764385 1.8188387633020913 1.825551432727744 1.8322641021534083 1.838976771579061 1.8456894410047138 1.8524021104303665 1.8591147798560193 1.865827449281672 1.8725401187073247 1.8792527881329775 1.8859654575586302 1.892678126984283 1.902732782641046 1.9163600971966783 1.9299874117523106 1.9436147263079662 1.9572420408635984 1.9708693554192307 1.984496669974863 1.9981239845304954 2.0117512990861277 2.02537861364176 2.0390059281973922 2.0526332427530245 2.0662605573086568 2.079887871864289 2.0935151864199213 2.107142500975554 2.1207698155312094 2.1343971300868416 2.148024444642474 2.161651759198106 2.1752790737537384 2.1889063883093707 2.2025337028650034 2.2161610174206356 2.229788331976268 2.2434156465319 2.2570429610875324 2.2706702756431647
1.806489635810745 1.8130693333174193 1.8196490308240936 1.8262287283307679 1.8328084258374422 1.8393881233441165 1.845967820850802 1.8525475183574762 1.8591272158641505 1.8657069133708248 1.8722866108774991 1.8788663083841735 1.8854460058908478 1.892025703397522 1.8986054009041964 1.9051850984108707 1.9151665279110317 1.9287844858818866 1.9424024438527412 1.9560204018236191 1.969638359794474 1.9832563177653286 1.9968742757361835 2.0104922337070383 2.024110191677893 2.0377281496487476 2.0513461076196027 2.0649640655904573 2.078582023561312 2.092199981532167 2.1058179395030217 2.1194358974738763 2.1330538554447545 2.146671813415609 2.1602897713864637 2.173907729357319 2.1875256873281734 2.201143645299028 2.2147616032698827 2.2283795612407378 2.2419975192115924 2.255615477182447 2.269233435153302 2.2828513931241567
1.8209911860220158 1.8274379116097115 1.8338846371974074 1.840331362785103 1.8467780883727989 1.8532248139604948 1.8596715395482015 1.8661182651358972 1.872564990723593 1.8790117163112887 1.8854584418989846 1.8919051674866805 1.8983518930743761 1.904798618662072 1.9112453442497677 1.9176920698374635 1.9276002731810224 1.9412088745670997 1.954817475953177 1.9684260773392774 1.9820346787253547 1.9956432801114319 2.009251881497509 2.022860482883586 2.0364690842696636 2.0500776856557406 2.063686287041818 2.077294888427895 2.0909034898139724 2.1045120912000495 2.118120692586127 2.131729293972204 2.1453378953583044 2.158946496744382 2.172555098130459 2.1861636995165363 2.1997723009026133 2.2133809022886908 2.226989503674768 2.2405981050608452 2.2542067064469222 2.2678153078329997 2.2814239092190767 2.295032510605154
1.8354927362332805 1.8418064899019977 1.8481202435707151 1.8544339972394324 1.8607477509081498 1.867061504576867 1.8733752582455951 1.8796890119143126 1.8860027655830298 1.8923165192517473 1.8986302729204645 1.904944026589182 1.9112577802578992 1.9175715339266166 1.9238852875953338 1.9301990412640513 1.9400340184510083 1.953633263252308 1.9672325080536075 1.9808317528549304 1.9944309976562302 2.00803024245753 2.0216294872588296 2.035228732060129 2.048827976861429 2.0624272216627286 2.076026466464028 2.089625711265328 2.1032249560666276 2.1168242008679274 2.130423445669227 2.1440226904705266 2.1576219352718495 2.1712211800731493 2.1848204248744487 2.1984196696757485 2.2120189144770483 2.2256181592783477 2.2392174040796475 2.2528166488809473 2.2664158936822467 2.2800151384835465 2.2936143832848463 2.3072136280861457
1.849994286444545 1.856175068194284 1.8623558499440227 1.8685366316937617 1.8747174134435005 1.8808981951932393 1.8870789769429888 1.8932597586927278 1.8994405404424666 1.9056213221922054 1.9118021039419442 1.9179828856916832 1.924163667441422 1.930344449191161 1.9365252309408998 1.9427060126906386 1.9524677637209937 1.966057651937516 1.9796475401540379 1.9932374283705834 2.0068273165871053 2.0204172048036275 2.0340070930201497 2.047596981236672 2.061186869453194 2.0747767576697163 2.088366645886238 2.10195653410276 2.1155464223192824 2.1291363105358045 2.1427261987523267 2.156316086968849 2.169905975185394 2.1834958634019164 2.1970857516184386 2.2106756398349603 2.2242655280514825 2.2378554162680047 2.251445304484527 2.265035192701049 2.278625080917571 2.2922149691340934 2.3058048573506156 2.3193947455671378
1.8644958366558158 1.8705436464865761 1.8765914563173365 1.8826392661480968 1.8886870759788572 1.8947348858096176 1.9007826956403882 1.9068305054711485 1.9128783153019089 1.9189261251326692 1.9249739349634296 1.93102174479419 1.9370695546249503 1.9431173644557107 1.949165174286471 1.9552129841172314 1.9649015089909845 1.978482040622729 1.9920625722544738 2.0056431038862415 2.019223635517986 2.0328041671497306 2.046384698781475 2.0599652304132197 2.073545762044964 2.087126293676709 2.1007068253084538 2.1142873569401983 2.127867888571943 2.1414484202036874 2.155028951835432 2.1686094834671765 2.182190015098944 2.1957705467306887 2.2093510783624337 2.2229316099941783 2.236512141625923 2.2500926732576674 2.263673204889412 2.2772537365211565 2.290834268152901 2.3044147997846456 2.31799533141639 2.3315758630481347
1.8789973868670804 1.8849122247788623 1.8908270626906443 1.8967419006024262 1.9026567385142081 1.90857157642599 1.914486414337782 1.920401252249564 1.9263160901613459 1.9322309280731278 1.9381457659849095 1.9440606038966914 1.9499754418084734 1.9558902797202553 1.9618051176320372 1.9677199555438192 1.9773352542609703 1.9909064293079373 2.0044776043549044 2.0180487794018944 2.031619954448862 2.0451911294958287 2.0587623045427956 2.0723334795897626 2.08590465463673 2.099475829683697 2.1130470047306638 2.1266181797776307 2.140189354824598 2.153760529871565 2.167331704918532 2.1809028799654993 2.1944740550124893 2.208045230059456 2.2216164051064236 2.2351875801533905 2.2487587552003574 2.2623299302473248 2.2759011052942917 2.2894722803412586 2.3030434553882255 2.316614630435193 2.33018580548216 2.3437569805291267
-9999.0 1.8950738882801959 1.9010680629401884 1.9070622376001807 1.9130564122601732 1.9190505869201655 1.9250447615801682 1.9310389362401605 1.937033110900153 1.9430272855601454 1.9490214602201377 1.9550156348801302 1.9610098095401227 1.967003984200115 1.9729981588601073 1.9789923335200998 1.9886672444907707 2.0022769458601344 2.0158866472294985 2.0294963485988857 2.0431060499682494 2.0567157513376135 2.070325452706977 2.0839351540763413 2.097544855445705 2.1111545568150687 2.124764258184433 2.138373959553797 2.1519836609231606 2.1655933622925243 2.1792030636618884 2.192812765031252 2.2064224664006393 2.2200321677700035 2.233641869139367 2.2472515705087313 2.260861271878095 2.274470973247459 2.2880806746168227 2.301690375986187 2.3153000773555505 2.3289097787249142 2.3425194800942784 2.3561291814636425
-9999.0 -9999.0 -9999.0 -9999.0 -9999.0 -9999.0 -9999.0 1.9385413609596966 1.9448418169528896 1.9511422729460828 1.957442728939276 1.9637431849324691 1.9700436409256623 1.9763440969188555 1.9826445529120487 1.9889450089052416 1.9988215280180364 2.012520939519863 2.0262203510216903 2.0399197625235406 2.0536191740253678 2.0673185855271945 2.0810179970290217 2.094717408530849 2.1084168200326756 2.122116231534503 2.13581564303633 2.1495150545381567 2.163214466039984 2.1769138775418106 2.190613289043638 2.204312700545465 2.2180121120473153 2.231711523549142 2.2454109350509692 2.2591103465527964 2.272809758054623 2.2865091695564503 2.300208581058277 2.3139079925601043 2.3276074040619315 2.341306815563758 2.3550062270655854 2.3687056385674126
