Figures/CREST_Example_wjb_NSE/PETs/wjb.pet.20100709.asc
ncols            288
nrows            254
xllcorner        113.274861
yllcorner        31.4918055
cellsize         0.008333333333
NODATA_value     -9999
[rows 120 to 139 of 254, columns 132 to 175 of 288]
3.3029366086271583 3.305913922489343 3.3088912363515273 3.311868550213712 3.3148458640758967 3.317823177938081 3.3208004918002656 3.3237778056624503 3.326755119524635 3.3297324333868192 3.332709747249004 3.3356870611111935 3.338664374973378 3.341641688835563 3.344619002697747 3.347596316559932 3.3505736304221165 3.353550944284301 3.3565282581464855 3.35950557200867 3.362482885870855 3.365460199733039 3.368437513595224 3.3714148274574085 3.374392141319598 3.3773694551817828 3.380346769043967 3.3833240829061517 3.3863013967683364 3.3892787106305207 3.3921810169103854 3.3950031383879686 3.397825259865552 3.4006473813431346 3.403469502820718 3.4062916242983006 3.4091137457758838 3.411935867253472 3.4147579887310546 3.417580110208638 3.4204022316862206 3.423224353163804 3.426046474641387 3.4288685961189698
3.3006718262042383 3.3035168700919475 3.3063619139796567 3.309206957867366 3.312052001755075 3.3148970456427844 3.3177420895304937 3.320587133418203 3.323432177305912 3.3262772211936213 3.3291222650813306 3.3319673089690447 3.3348123528567535 3.3376573967444627 3.340502440632172 3.343347484519881 3.3461925284075904 3.3490375722952996 3.351882616183009 3.354727660070718 3.3575727039584273 3.3604177478461366 3.363262791733846 3.366107835621555 3.368952879509269 3.3717979233969784 3.374642967284687 3.3774880111723964 3.3803330550601056 3.383178098947815 3.3861134963488153 3.389145483699453 3.3921774710500907 3.3952094584007284 3.398241445751366 3.401273433102004 3.4043054204526415 3.4073374078032845 3.4103693951539222 3.41340138250456 3.4164333698551976 3.4194653572058353 3.422497344556473 3.4255293319071107
3.298407043781318 3.301119817694552 3.3038325916077858 3.3065453655210195 3.3092581394342537 3.3119709133474875 3.3146836872607213 3.317396461173955 3.3201092350871892 3.322822009000423 3.325534782913657 3.3282475568268954 3.330960330740129 3.333673104653363 3.3363858785665967 3.3390986524798305 3.3418114263930647 3.3445242003062985 3.3472369742195323 3.349949748132766 3.3526625220460002 3.355375295959234 3.3580880698724678 3.3608008437857015 3.36351361769894 3.366226391612174 3.3689391655254077 3.371651939438642 3.3743647133518757 3.3770774872651095 3.3800459757872456 3.383287829010938 3.38652968223463 3.3897715354583227 3.393013388682015 3.396255241905707 3.3994970951293997 3.4027389483530976 3.40598080157679 3.409222654800482 3.4124645080241747 3.415706361247867 3.418948214471559 3.4221900676952517
3.296142261358398 3.298722765297157 3.301303269235915 3.303883773174674 3.3064642771134323 3.309044781052191 3.3116252849909493 3.314205788929708 3.3167862928684664 3.3193667968072247 3.3219473007459834 3.324527804684746 3.327108308623505 3.3296888125622632 3.332269316501022 3.3348498204397803 3.337430324378539 3.3400108283172973 3.342591332256056 3.3451718361948144 3.347752340133573 3.3503328440723315 3.35291334801109 3.3554938519498485 3.3580743558886113 3.36065485982737 3.3632353637661283 3.365815867704887 3.3683963716436454 3.370976875582404 3.3739784552256755 3.3774301743224227 3.38088189341917 3.3843336125159165 3.3877853316126636 3.3912370507094107 3.394688769806158 3.3981404889029108 3.4015922079996574 3.4050439270964046 3.4084956461931517 3.411947365289899 3.4153990843866455 3.4188508034833927
3.2938774789354768 3.2963257128997596 3.2987739468640425 3.3012221808283257 3.3036704147926086 3.306118648756892 3.3085668827211747 3.311015116685458 3.313463350649741 3.3159115846140237 3.318359818578307 3.3208080525425943 3.323256286506877 3.32570452047116 3.3281527544354432 3.330600988399726 3.3330492223640094 3.335497456328292 3.3379456902925755 3.3403939242568583 3.342842158221141 3.3452903921854245 3.3477386261497073 3.3501868601139906 3.352635094078278 3.3550833280425607 3.3575315620068436 3.359979795971127 3.3624280299354097 3.364876263899693 3.3679109346641 3.371572519633902 3.3752341046037038 3.378895689573506 3.3825572745433075 3.3862188595131095 3.389880444482911 3.3935420294527194 3.397203614422521 3.400865199392323 3.404526784362125 3.408188369331927 3.411849954301729 3.4155115392715305
3.2916126965125563 3.293928660502364 3.2962446244921715 3.2985605884819793 3.300876552471787 3.303192516461595 3.3055084804514023 3.30782444444121 3.310140408431018 3.3124563724208254 3.314772336410633 3.317088300400445 3.3194042643902524 3.32172022838006 3.324036192369868 3.326352156359676 3.3286681203494832 3.330984084339291 3.333300048329099 3.3356160123189063 3.337931976308714 3.340247940298522 3.3425639042883297 3.344879868278137 3.347195832267949 3.3495117962577567 3.351827760247564 3.354143724237372 3.3564596882271798 3.358775652216987 3.3618434141025304 3.365714864945387 3.3695863157882435 3.3734577666310996 3.377329217473956 3.3812006683168128 3.3850721191596693 3.3889435700025325 3.392815020845389 3.3966864716882457 3.4005579225311022 3.404429373373959 3.4083008242168154 3.4121722750596715
3.2893479140896362 3.2915316081049686 3.293715302120301 3.2958989961356333 3.2980826901509657 3.300266384166298 3.3024500781816304 3.3046337721969627 3.306817466212295 3.3090011602276275 3.31118485424296 3.3133685482582957 3.315552242273628 3.3177359362889605 3.319919630304293 3.322103324319625 3.3242870183349575 3.32647071235029 3.3286544063656223 3.3308381003809546 3.333021794396287 3.3352054884116193 3.3373891824269517 3.339572876442284 3.34175657045762 3.3439402644729523 3.3461239584882847 3.348307652503617 3.3504913465189494 3.352675040534282 3.3557758935409603 3.359857210256872 3.363938526972783 3.368019843688694 3.372101160404605 3.3761824771205164 3.3802637938364275 3.3843451105523457 3.3884264272682567 3.392507743984168 3.3965890607000793 3.4006703774159903 3.4047516941319014 3.408833010847813
3.2870831316667166 3.2891345557075735 3.2911859797484304 3.2932374037892873 3.2952888278301447 3.2973402518710015 3.2993916759118584 3.3014430999527153 3.3034945239935722 3.3055459480344296 3.3075973720752865 3.309648796116147 3.311700220157004 3.3137516441978607 3.3158030682387176 3.317854492279575 3.319905916320432 3.3219573403612888 3.3240087644021457 3.3260601884430026 3.3281116124838594 3.330163036524717 3.3322144605655737 3.3342658846064306 3.336317308647291 3.338368732688148 3.340420156729005 3.342471580769862 3.344523004810719 3.346574428851576 3.34970837297939 3.353999555568356 3.3582907381573217 3.3625819207462877 3.3668731033352537 3.3711642859242192 3.3754554685131852 3.3797466511021583 3.3840378336911243 3.3883290162800903 3.392620198869056 3.396911381458022 3.401202564046988 3.4054937466359534
3.2848183492437966 3.2867375033101784 3.28865665737656 3.2905758114429418 3.292494965509323 3.294414119575705 3.2963332736420865 3.298252427708468 3.30017158177485 3.3020907358412313 3.304009889907613 3.305929043973998 3.3078481980403796 3.309767352106761 3.311686506173143 3.3136056602395243 3.315524814305906 3.3174439683722876 3.3193631224386695 3.321282276505051 3.3232014305714324 3.3251205846378142 3.3270397387041957 3.3289588927705775 3.3308780468369625 3.332797200903344 3.3347163549697254 3.3366355090361073 3.3385546631024887 3.3404738171688706 3.3436408524178205 3.348141900879841 3.3526429493418615 3.357143997803882 3.3616450462659024 3.366146094727923 3.3706471431899434 3.3751481916519714 3.379649240113992 3.3841502885760124 3.388651337038033 3.393152385500054 3.3976534339620743 3.402154482424095
3.2825535668208765 3.2843404509127825 3.286127335004689 3.2879142190965953 3.2897011031885017 3.2914879872804077 3.293274871372314 3.2950617554642205 3.2968486395561265 3.298635523648033 3.3004224077399393 3.3022092918318484 3.303996175923755 3.3057830600156612 3.307569944107567 3.3093568281994736 3.31114371229138 3.312930596383286 3.3147174804751924 3.316504364567099 3.318291248659005 3.3200781327509112 3.3218650168428177 3.323651900934724 3.325438785026633 3.3272256691185396 3.3290125532104455 3.330799437302352 3.3325863213942584 3.334373205486165 3.33757333185625 3.3422842461913254 3.3469951605264003 3.3517060748614758 3.3564169891965507 3.361127903531626 3.365838817866701 3.3705497322017846 3.3752606465368595 3.379971560871935 3.38468247520701 3.389393389542085 3.3941043038771603 3.3988152182122353
3.2802887843979565 3.2819433985153874 3.2835980126328184 3.2852526267502493 3.2869072408676803 3.288561854985111 3.290216469102542 3.291871083219973 3.293525697337404 3.295180311454835 3.296834925572266 3.2984895396896996 3.3001441538071306 3.3017987679245615 3.3034533820419925 3.3051079961594234 3.3067626102768544 3.3084172243942853 3.3100718385117163 3.311726452629147 3.3133810667465777 3.3150356808640087 3.3166902949814396 3.3183449090988706 3.3199995232163046 3.3216541373337356 3.323308751451166 3.324963365568597 3.326617979686028 3.328272593803459 3.3315058112946803 3.33642659150281 3.34134737171094 3.3462681519190696 3.3511889321271995 3.3561097123353294 3.3610304925434593 3.3659512727515977 3.370872052959727 3.375792833167857 3.380713613375987 3.385634393584117 3.390555173792247 3.3954759540003767
3.278024001975035 3.2795463461179906 3.2810686902609456 3.282591034403901 3.2841133785468566 3.285635722689812 3.2871580668327676 3.288680410975723 3.2902027551186785 3.291725099261634 3.2932474434045895 3.2947697875475477 3.296292131690503 3.2978144758334587 3.2993368199764137 3.300859164119369 3.3023815082623247 3.30390385240528 3.3054261965482357 3.306948540691191 3.3084708848341466 3.309993228977102 3.3115155731200576 3.313037917263013 3.3145602614059713 3.3160826055489263 3.317604949691882 3.3191272938348373 3.320649637977793 3.3221719821207483 3.3254382907331053 3.3305689368142897 3.3356995828954745 3.3408302289766594 3.345960875057844 3.3510915211390286 3.356222167220213 3.361352813301407 3.366483459382591 3.371614105463776 3.3767447515449605 3.3818753976261453 3.38700604370733 3.3921366897885146
3.2757592195521146 3.2771492937205946 3.2785393678890746 3.279929442057555 3.281319516226035 3.282709590394515 3.284099664562995 3.285489738731475 3.2868798128999552 3.2882698870684357 3.2896599612369157 3.291050035405398 3.2924401095738784 3.2938301837423585 3.2952202579108385 3.2966103320793185 3.2980004062477986 3.2993904804162786 3.300780554584759 3.302170628753239 3.303560702921719 3.304950777090199 3.306340851258679 3.3077309254271596 3.309120999595642 3.310511073764122 3.311901147932602 3.3132912221010824 3.3146812962695624 3.3160713704380425 3.319370770171535 3.3247112821257745 3.330051794080014 3.335392306034253 3.3407328179884925 3.3460733299427314 3.351413841896971 3.3567543538512195 3.362094865805459 3.367435377759698 3.3727758897139375 3.378116401668177 3.383456913622416 3.3887974255766555
3.2734944371291945 3.2747522413231995 3.276010045517204 3.277267849711209 3.2785256539052137 3.2797834580992187 3.2810412622932232 3.2822990664872282 3.283556870681233 3.2848146748752374 3.2860724790692424 3.287330283263249 3.288588087457254 3.2898458916512587 3.2911036958452633 3.2923615000392683 3.293619304233273 3.294877108427278 3.2961349126212824 3.2973927168152875 3.298650521009292 3.2999083252032966 3.3011661293973016 3.302423933591306 3.3036817377853134 3.304939541979318 3.3061973461733225 3.3074551503673275 3.308712954561332 3.309970758755337 3.313303249609965 3.3188536274372593 3.324404005264553 3.329954383091847 3.335504760919141 3.341055138746435 3.346605516573729 3.3521558944010326 3.3577062722283264 3.3632566500556202 3.3688070278829145 3.3743574057102084 3.379907783537502 3.3854581613647965
3.271229654706275 3.2723551889258045 3.2734807231453336 3.274606257364863 3.2757317915843926 3.2768573258039217 3.2779828600234513 3.279108394242981 3.28023392846251 3.2813594626820395 3.282484996901569 3.2836105311211004 3.28473606534063 3.285861599560159 3.2869871337796885 3.288112667999218 3.289238202218747 3.2903637364382767 3.2914892706578063 3.2926148048773354 3.293740339096865 3.2948658733163945 3.2959914075359236 3.297116941755453 3.2982424759749844 3.299368010194514 3.300493544414043 3.3016190786335726 3.302744612853102 3.3038701470726317 3.3072357290483954 3.312995972748744 3.3187562164490925 3.3245164601494412 3.33027670384979 3.3360369475501384 3.341797191250487 3.3475574349508457 3.3533176786511945 3.359077922351543 3.3648381660518916 3.3705984097522403 3.3763586534525887 3.3821188971529375
3.268964872283355 3.269958136528409 3.270951400773463 3.271944665018517 3.272937929263571 3.2739311935086253 3.2749244577536794 3.2759177219987334 3.2769109862437875 3.2779042504888416 3.2788975147338952 3.279890778978951 3.280884043224005 3.2818773074690593 3.2828705717141133 3.2838638359591674 3.2848571002042215 3.2858503644492756 3.2868436286943297 3.2878368929393833 3.2888301571844374 3.2898234214294915 3.2908166856745455 3.2918099499195996 3.2928032141646555 3.2937964784097096 3.2947897426547637 3.2957830068998173 3.2967762711448714 3.2977695353899255 3.3011682084868252 3.3071383180602285 3.313108427633632 3.319078537207035 3.3250486467804383 3.3310187563538416 3.336988865927245 3.3429589755006583 3.3489290850740616 3.354899194647465 3.360869304220868 3.3668394137942714 3.372809523367675 3.3787796329410784
3.266700089860435 3.2675610841310134 3.268422078401592 3.2692830726721707 3.2701440669427497 3.2710050612133283 3.271866055483907 3.2727270497544856 3.273588044025064 3.2744490382956433 3.275310032566222 3.276171026836802 3.2770320211073805 3.2778930153779595 3.278754009648538 3.2796150039191168 3.2804759981896954 3.281336992460274 3.282197986730853 3.2830589810014317 3.2839199752720103 3.284780969542589 3.2856419638131675 3.2865029580837466 3.2873639523543265 3.288224946624905 3.289085940895484 3.289946935166063 3.2908079294366415 3.29166892370722 3.295100687925255 3.3012806633717133 3.307460638818171 3.3136406142646293 3.319820589711087 3.326000565157545 3.332180540604003 3.3383605160504715 3.3445404914969297 3.3507204669433874 3.3569004423898456 3.3630804178363034 3.369260393282761 3.3754403687292194
3.264435307437513 3.265164031733616 3.2658927560297197 3.266621480325823 3.267350204621926 3.268078928918029 3.2688076532141324 3.2695363775102355 3.270265101806339 3.2709938261024423 3.2717225503985454 3.27245127469465 3.273179998990753 3.2739087232868562 3.2746374475829594 3.275366171879063 3.276094896175166 3.2768236204712693 3.2775523447673724 3.2782810690634756 3.279009793359579 3.2797385176556824 3.2804672419517855 3.2811959662478887 3.281924690543993 3.2826534148400963 3.2833821391361995 3.284110863432303 3.2848395877284062 3.2855683120245094 3.28903316736368 3.295423008683193 3.3018128500027055 3.3082026913222187 3.3145925326417314 3.320982373961244 3.3273722152807568 3.3337620566002806 3.3401518979197933 3.3465417392393064 3.352931580558819 3.359321421878332 3.3657112631978445 3.3721011045173577
3.2621705250145934 3.262766979336221 3.2633634336578488 3.263959887979477 3.2645563423011046 3.2651527966227327 3.2657492509443604 3.266345705265988 3.2669421595876162 3.267538613909244 3.268135068230872 3.2687315225525007 3.269327976874129 3.2699244311957565 3.270520885517384 3.2711173398390123 3.27171379416064 3.272310248482268 3.272906702803896 3.2735031571255235 3.2740996114471517 3.2746960657687794 3.2752925200904075 3.275888974412035 3.276485428733664 3.277081883055292 3.27767833737692 3.2782747916985477 3.2788712460201754 3.2794677003418036 3.28296564680211 3.289565353994677 3.296165061187245 3.3027647683798125 3.3093644755723797 3.3159641827649473 3.3225638899575145 3.3291635971500932 3.335763304342661 3.3423630115352285 3.3489627187277957 3.3555624259203634 3.362162133112931 3.368761840305498
3.259905742591673 3.2603699269388255 3.2608341112859778 3.2612982956331305 3.261762479980283 3.2622266643274354 3.262690848674588 3.2631550330217407 3.2636192173688934 3.2640834017160456 3.2645475860631983 3.2650117704103514 3.265475954757504 3.2659401391046567 3.266404323451809 3.2668685077989617 3.2673326921461143 3.267796876493267 3.2682610608404192 3.268725245187572 3.2691894295347246 3.269653613881877 3.2701177982290295 3.270581982576182 3.2710461669233353 3.271510351270488 3.27197453561764 3.272438719964793 3.2729029043119455 3.273367088659098 3.27689812624054 3.283707699306162 3.290517272371784 3.2973268454374063 3.3041364185030284 3.3109459915686505 3.3177555646342727 3.3245651376999064 3.3313747107655285 3.3381842838311506 3.3449938568967728 3.351803429962395 3.358613003028017 3.365422576093639
