Figures/CREST_Example_wjb_NSE/PETs/wjb.pet.20091219.asc
ncols            288
nrows            254
xllcorner        113.274861
yllcorner        31.4918055
cellsize         0.008333333333
NODATA_value     -9999
[rows 114 to 132 of 254, columns 88 to 131 of 288]
0.5963680670018916 0.5958833421152049 0.5953986172285183 0.5949138923418307 0.5944291674551441 0.5939444425684574 0.5934597176817706 0.5929749927950839 0.5924902679083972 0.5920055430217106 0.5915208181350239 0.5910360932483372 0.5905513683616505 0.5900666434749637 0.5895276048252663 0.588930503534811 0.5883334022443548 0.5877363009538995 0.5871391996634443 0.586542098372989 0.5859449970825338 0.5853478957920785 0.5847507945016233 0.584153693211168 0.5835565919207127 0.5829594906302574 0.5823623893398022 0.5817652880493469 0.5811681867588917 0.5805710854684354 0.5799739841779802 0.5793768828875249 0.5787797815970697 0.5781826803066143 0.5775855790161591 0.5769884777257039 0.5763913764352486 0.5757942751447934 0.5751971738543381 0.5746000725638829 0.5740029712734276 0.5734058699829724 0.5728087686925161 0.5722116674020609
0.5966637260419672 0.5961617074559212 0.5956596888698753 0.5951576702838286 0.5946556516977827 0.5941536331117369 0.5936516145256909 0.593149595939645 0.5926475773535992 0.5921455587675533 0.5916435401815073 0.5911415215954614 0.5906395030094156 0.5901374844233697 0.5895887373117568 0.5889900363497248 0.5883913353876918 0.5877926344256599 0.587193933463628 0.5865952325015961 0.5859965315395641 0.5853978305775321 0.5847991296155002 0.5842004286534683 0.5836017276914364 0.5830030267294044 0.5824043257673724 0.5818056248053405 0.5812069238433085 0.5806082228812756 0.5800095219192437 0.5794108209572117 0.5788121199951798 0.5782134190331478 0.5776147180711159 0.5770160171090839 0.576417316147052 0.5758186151850201 0.5752199142229881 0.5746212132609562 0.5740225122989242 0.5734238113368924 0.5728251103748594 0.5722264094128274
0.5969593850820426 0.5964400727966376 0.5959207605112324 0.5954014482258265 0.5948821359404214 0.5943628236550162 0.5938435113696112 0.5933241990842061 0.5928048867988011 0.5922855745133959 0.5917662622279908 0.5912469499425858 0.5907276376571806 0.5902083253717756 0.5896498697982473 0.5890495691646386 0.588449268531029 0.5878489678974204 0.5872486672638118 0.586648366630203 0.5860480659965944 0.5854477653629858 0.5848474647293772 0.5842471640957685 0.5836468634621599 0.5830465628285513 0.5824462621949427 0.5818459615613341 0.5812456609277253 0.5806453602941157 0.5800450596605071 0.5794447590268985 0.5788444583932898 0.5782441577596812 0.5776438571260726 0.577043556492464 0.5764432558588554 0.5758429552252466 0.575242654591638 0.5746423539580294 0.5740420533244208 0.5734417526908122 0.5728414520572025 0.5722411514235939
0.5972550441221182 0.5967184381373538 0.5961818321525896 0.5956452261678243 0.5951086201830601 0.5945720141982958 0.5940354082135315 0.5934988022287672 0.5929621962440029 0.5924255902592386 0.5918889842744743 0.59135237828971 0.5908157723049458 0.5902791663201814 0.5897110022847377 0.5891091019795524 0.5885072016743661 0.5879053013691807 0.5873034010639954 0.5867015007588101 0.5860996004536247 0.5854977001484395 0.5848957998432541 0.5842938995380688 0.5836919992328835 0.5830900989276981 0.5824881986225129 0.5818862983173275 0.5812843980121422 0.5806824977069559 0.5800805974017705 0.5794786970965852 0.5788767967913999 0.5782748964862146 0.5776729961810293 0.5770710958758439 0.5764691955706586 0.5758672952654733 0.575265394960288 0.5746634946551027 0.5740615943499173 0.573459694044732 0.5728577937395457 0.5722558934343603
0.5980298373698024 0.5974874631972454 0.5969450890246885 0.5964027148521306 0.5958603406795736 0.5953179665070167 0.5947755923344598 0.5942332181619028 0.5936908439893458 0.5931484698167888 0.5926060956442318 0.592063721471675 0.591521347299118 0.590978973126561 0.5904068238688172 0.5898028443717582 0.5891988648746982 0.5885948853776393 0.5879909058805803 0.5873869263835213 0.5867829468864624 0.5861789673894034 0.5855749878923444 0.5849710083952855 0.5843670288982266 0.5837630494011676 0.5831590699041086 0.5825550904070497 0.5819511109099907 0.5813471314129307 0.5807431519158718 0.5801391724188129 0.5795351929217538 0.5789312134246949 0.578327233927636 0.577723254430577 0.577119274933518 0.5765152954364591 0.5759113159394001 0.5753073364423411 0.5747033569452822 0.5740993774482233 0.5734953979511632 0.5728914184541043
0.5993167948793121 0.5987809725642231 0.5982451502491342 0.5977093279340442 0.5971735056189552 0.5966376833038662 0.5961018609887773 0.5955660386736883 0.5950302163585992 0.5944943940435102 0.5939585717284213 0.5934227494133323 0.5928869270982433 0.5923511047831542 0.5917810880854483 0.5911745168195487 0.590567945553648 0.5899613742877484 0.5893548030218488 0.5887482317559493 0.5881416604900497 0.5875350892241501 0.5869285179582505 0.5863219466923509 0.5857153754264514 0.5851088041605517 0.5845022328946521 0.5838956616287525 0.5832890903628529 0.5826825190969523 0.5820759478310528 0.5814693765651532 0.5808628052992536 0.580256234033354 0.5796496627674543 0.5790430915015548 0.5784365202356552 0.5778299489697556 0.577223377703856 0.5766168064379564 0.5760102351720569 0.5754036639061573 0.5747970926402567 0.574190521374357
0.6006037523888219 0.6000744819312008 0.5995452114735799 0.5990159410159579 0.5984866705583368 0.5979574001007159 0.5974281296430948 0.5968988591854737 0.5963695887278527 0.5958403182702317 0.5953110478126107 0.5947817773549896 0.5942525068973685 0.5937232364397476 0.5931553523020793 0.592546189267339 0.5919370262325978 0.5913278631978576 0.5907187001631173 0.5901095371283771 0.589500374093637 0.5888912110588967 0.5882820480241565 0.5876728849894163 0.587063721954676 0.5864545589199358 0.5858453958851956 0.5852362328504553 0.5846270698157152 0.5840179067809739 0.5834087437462337 0.5827995807114935 0.5821904176767533 0.581581254642013 0.5809720916072728 0.5803629285725326 0.5797537655377923 0.5791446025030521 0.578535439468312 0.5779262764335718 0.5773171133988315 0.5767079503640913 0.57609878732935 0.5754896242946098
0.6018907098983316 0.6013679912981785 0.6008452726980255 0.6003225540978715 0.5997998354977184 0.5992771168975654 0.5987543982974123 0.5982316796972592 0.5977089610971061 0.5971862424969531 0.5966635238968 0.5961408052966469 0.5956180866964939 0.5950953680963408 0.5945296165187104 0.5939178617151295 0.5933061069115476 0.5926943521079667 0.592082597304386 0.5914708425008051 0.5908590876972242 0.5902473328936434 0.5896355780900625 0.5890238232864816 0.5884120684829008 0.58780031367932 0.5871885588757391 0.5865768040721583 0.5859650492685774 0.5853532944649955 0.5847415396614146 0.5841297848578338 0.583518030054253 0.5829062752506721 0.5822945204470913 0.5816827656435104 0.5810710108399295 0.5804592560363487 0.5798475012327678 0.579235746429187 0.5786239916256062 0.5780122368220253 0.5774004820184434 0.5767887272148625
0.6031776674078414 0.6026615006651562 0.6021453339224712 0.6016291671797852 0.6011130004371 0.600596833694415 0.6000806669517298 0.5995645002090447 0.5990483334663596 0.5985321667236745 0.5980159999809894 0.5974998332383042 0.5969836664956192 0.596467499752934 0.5959038807353414 0.59528953416292 0.5946751875904974 0.5940608410180759 0.5934464944456544 0.592832147873233 0.5922178013008115 0.59160345472839 0.5909891081559685 0.5903747615835471 0.5897604150111255 0.5891460684387041 0.5885317218662826 0.5879173752938611 0.5873030287214396 0.586688682149017 0.5860743355765956 0.5854599890041742 0.5848456424317526 0.5842312958593312 0.5836169492869097 0.5830026027144882 0.5823882561420667 0.5817739095696453 0.5811595629972237 0.5805452164248023 0.5799308698523807 0.5793165232799593 0.5787021767075368 0.5780878301351153
0.6044646249173512 0.603955010032134 0.6034453951469169 0.6029357802616988 0.6024261653764816 0.6019165504912646 0.6014069356060474 0.6008973207208302 0.6003877058356131 0.5998780909503959 0.5993684760651787 0.5988588611799616 0.5983492462947445 0.5978396314095273 0.5972781449519725 0.5966612066107104 0.5960442682694472 0.5954273299281851 0.594810391586923 0.5941934532456609 0.5935765149043988 0.5929595765631367 0.5923426382218745 0.5917256998806124 0.5911087615393503 0.5904918231980882 0.589874884856826 0.589257946515564 0.5886410081743019 0.5880240698330387 0.5874071314917766 0.5867901931505145 0.5861732548092523 0.5855563164679902 0.5849393781267281 0.5843224397854659 0.5837055014442039 0.5830885631029418 0.5824716247616797 0.5818546864204175 0.5812377480791554 0.5806208097378933 0.5800038713966301 0.579386933055368
0.605751582426862 0.6052485193991127 0.6047454563713636 0.6042423933436135 0.6037393303158644 0.6032362672881152 0.602733204260366 0.6022301412326168 0.6017270782048676 0.6012240151771184 0.6007209521493693 0.60021788912162 0.5997148260938708 0.5992117630661217 0.5986524091686046 0.5980328790585019 0.5974133489483981 0.5967938188382954 0.5961742887281927 0.5955547586180899 0.5949352285079872 0.5943156983978845 0.5936961682877817 0.5930766381776789 0.5924571080675761 0.5918375779574734 0.5912180478473706 0.5905985177372679 0.5899789876271652 0.5893594575170614 0.5887399274069587 0.5881203972968558 0.5875008671867531 0.5868813370766504 0.5862618069665476 0.5856422768564449 0.5850227467463421 0.5844032166362394 0.5837836865261367 0.5831641564160339 0.5825446263059312 0.5819250961958284 0.5813055660857246 0.5806860359756219
0.6070385399363717 0.6065420287660904 0.6060455175958093 0.6055490064255272 0.605052495255246 0.6045559840849647 0.6040594729146835 0.6035629617444023 0.603066450574121 0.6025699394038398 0.6020734282335586 0.6015769170632774 0.6010804058929962 0.6005838947227149 0.6000266733852357 0.5994045515062923 0.598782429627348 0.5981603077484046 0.5975381858694612 0.5969160639905178 0.5962939421115744 0.5956718202326311 0.5950496983536877 0.5944275764747443 0.5938054545958009 0.5931833327168575 0.5925612108379141 0.5919390889589707 0.5913169670800275 0.590694845201083 0.5900727233221396 0.5894506014431962 0.5888284795642529 0.5882063576853095 0.5875842358063661 0.5869621139274227 0.5863399920484793 0.5857178701695359 0.5850957482905925 0.5844736264116492 0.5838515045327058 0.5832293826537625 0.5826072607748181 0.5819851388958747
0.6083254974458815 0.6078355381330682 0.607345578820255 0.6068556195074408 0.6063656601946276 0.6058757008818143 0.605385741569001 0.6048957822561878 0.6044058229433745 0.6039158636305613 0.603425904317748 0.6029359450049347 0.6024459856921215 0.6019560263793082 0.6014009376018669 0.6007762239540828 0.6001515103062978 0.5995267966585137 0.5989020830107297 0.5982773693629457 0.5976526557151617 0.5970279420673777 0.5964032284195937 0.5957785147718097 0.5951538011240257 0.5945290874762417 0.5939043738284576 0.5932796601806737 0.5926549465328896 0.5920302328851046 0.5914055192373205 0.5907808055895365 0.5901560919417526 0.5895313782939685 0.5889066646461845 0.5882819509984005 0.5876572373506165 0.5870325237028325 0.5864078100550485 0.5857830964072644 0.5851583827594805 0.5845336691116965 0.5839089554639114 0.5832842418161274
0.6096124549553912 0.6091290475000459 0.6086456400447006 0.6081622325893544 0.6076788251340092 0.6071954176786638 0.6067120102233186 0.6062286027679733 0.6057451953126279 0.6052617878572827 0.6047783804019373 0.6042949729465921 0.6038115654912467 0.6033281580359015 0.6027752018184979 0.6021478964018733 0.6015205909852476 0.6008932855686229 0.6002659801519983 0.5996386747353736 0.599011369318749 0.5983840639021243 0.5977567584854997 0.5971294530688751 0.5965021476522504 0.5958748422356258 0.5952475368190011 0.5946202314023765 0.5939929259857518 0.5933656205691261 0.5927383151525015 0.5921110097358768 0.5914837043192522 0.5908563989026275 0.5902290934860029 0.5896017880693784 0.5889744826527537 0.5883471772361291 0.5877198718195044 0.5870925664028798 0.5864652609862551 0.5858379555696305 0.5852106501530048 0.5845833447363801
0.6108994124649009 0.6104225568670236 0.6099457012691463 0.6094688456712681 0.6089919900733908 0.6085151344755134 0.6080382788776361 0.6075614232797587 0.6070845676818815 0.6066077120840041 0.6061308564861267 0.6056540008882494 0.605177145290372 0.6047002896924947 0.604149466035129 0.6035195688496637 0.6028896716641974 0.602259774478732 0.6016298772932668 0.6009999801078015 0.6003700829223363 0.5997401857368709 0.5991102885514057 0.5984803913659404 0.5978504941804752 0.5972205969950098 0.5965906998095446 0.5959608026240794 0.5953309054386141 0.5947010082531478 0.5940711110676825 0.5934412138822172 0.5928113166967519 0.5921814195112867 0.5915515223258214 0.5909216251403561 0.5902917279548908 0.5896618307694256 0.5890319335839603 0.588402036398495 0.5877721392130297 0.5871422420275645 0.5865123448420981 0.5858824476566329
0.6121863699744107 0.6117160662340013 0.6112457624935919 0.6107754587531817 0.6103051550127724 0.609834851272363 0.6093645475319536 0.6088942437915442 0.6084239400511349 0.6079536363107255 0.6074833325703161 0.6070130288299067 0.6065427250894974 0.606072421349088 0.60552373025176 0.6048912412974541 0.6042587523431472 0.6036262633888413 0.6029937744345354 0.6023612854802294 0.6017287965259235 0.6010963075716176 0.6004638186173117 0.5998313296630058 0.5991988407086999 0.598566351754394 0.5979338628000881 0.5973013738457822 0.5966688848914763 0.5960363959371693 0.5954039069828634 0.5947714180285575 0.5941389290742516 0.5935064401199457 0.5928739511656398 0.5922414622113339 0.591608973257028 0.5909764843027221 0.5903439953484162 0.5897115063941103 0.5890790174398044 0.5884465284854985 0.5878140395311915 0.5871815505768856
0.6134733274839204 0.613009575600979 0.6125458237180376 0.6120820718350953 0.611618319952154 0.6111545680692125 0.6106908161862711 0.6102270643033297 0.6097633124203883 0.6092995605374469 0.6088358086545055 0.608372056771564 0.6079083048886227 0.6074445530056812 0.6068979944683911 0.6062629137452445 0.605627833022097 0.6049927522989504 0.6043576715758039 0.6037225908526573 0.6030875101295108 0.6024524294063642 0.6018173486832178 0.6011822679600712 0.6005471872369247 0.5999121065137781 0.5992770257906316 0.598641945067485 0.5980068643443386 0.5973717836211909 0.5967367028980444 0.5961016221748978 0.5954665414517513 0.5948314607286048 0.5941963800054583 0.5935612992823117 0.5929262185591652 0.5922911378360186 0.5916560571128721 0.5910209763897256 0.5903858956665791 0.5897508149434325 0.5891157342202848 0.5884806534971383
0.6147602849934313 0.6143030849679578 0.6138458849424844 0.6133886849170102 0.6129314848915367 0.6124742848660633 0.6120170848405898 0.6115598848151164 0.6111026847896429 0.6106454847641695 0.6101882847386959 0.6097310847132225 0.609273884687749 0.6088166846622756 0.6082722586850233 0.6076345861930361 0.6069969137010479 0.6063592412090607 0.6057215687170735 0.6050838962250864 0.6044462237330992 0.603808551241112 0.6031708787491249 0.6025332062571377 0.6018955337651505 0.6012578612731634 0.6006201887811762 0.5999825162891891 0.5993448437972019 0.5987071713052136 0.5980694988132265 0.5974318263212393 0.5967941538292522 0.596156481337265 0.5955188088452777 0.5948811363532907 0.5942434638613034 0.5936057913693162 0.5929681188773291 0.5923304463853419 0.5916927738933548 0.5910551014013676 0.5904174289093793 0.5897797564173922
0.616047242502941 0.6155965943349355 0.61514594616693 0.6146952979989238 0.6142446498309183 0.6137940016629128 0.6133433534949073 0.6128927053269018 0.6124420571588963 0.6119914089908908 0.6115407608228853 0.6110901126548799 0.6106394644868743 0.6101888163188689 0.6096465229016543 0.6090062586408266 0.6083659943799976 0.6077257301191699 0.6070854658583421 0.6064452015975142 0.6058049373366865 0.6051646730758586 0.6045244088150309 0.603884144554203 0.6032438802933753 0.6026036160325475 0.6019633517717197 0.6013230875108919 0.6006828232500641 0.6000425589892352 0.5994022947284074 0.5987620304675796 0.5981217662067518 0.597481501945924 0.5968412376850962 0.5962009734242684 0.5955607091634406 0.5949204449026129 0.594280180641785 0.5936399163809573 0.5929996521201294 0.5923593878593016 0.5917191235984728 0.5910788593376449
