Figures/CREST_Example_wjb_NSE/PETs/wjb.pet.20090113.asc
ncols            288
nrows            254
xllcorner        113.274861
yllcorner        31.4918055
cellsize         0.008333333333
NODATA_value     -9999
[rows 57 to 75 of 254, columns 132 to 175 of 288]
0.7036533562101545 0.7027008741589571 0.7017483921077599 0.7007959100565625 0.6998434280053651 0.6988909459541678 0.6979384639029704 0.6969859818517731 0.6960334998005757 0.6950810177493784 0.6941285356981811 0.6931760536469821 0.6922235715957847 0.6912710895445874 0.69031860749339 0.6893661254421928 0.6884136433909954 0.6874611613397981 0.6865086792886007 0.6855561972374034 0.684603715186206 0.6836512331350086 0.6826987510838113 0.681746269032614 0.680793786981415 0.6798413049302177 0.6788888228790203 0.677936340827823 0.6769838587766257 0.6760313767254283 0.6754040769954676 0.6751244045230104 0.6748447320505532 0.6745650595780961 0.6742853871056389 0.6740057146331817 0.6737260421607245 0.6734463696882669 0.6731666972158098 0.6728870247433526 0.6726073522708954 0.6723276797984382 0.6720480073259811 0.6717683348535239
0.704325110642719 0.7033653663481243 0.7024056220535296 0.701445877758935 0.7004861334643403 0.6995263891697456 0.698566644875151 0.6976069005805563 0.6966471562859617 0.6956874119913671 0.6947276676967724 0.6937679234021761 0.6928081791075814 0.6918484348129867 0.6908886905183921 0.6899289462237975 0.6889692019292029 0.6880094576346082 0.6870497133400135 0.6860899690454189 0.6851302247508242 0.6841704804562295 0.6832107361616349 0.6822509918670403 0.681291247572444 0.6803315032778493 0.6793717589832546 0.67841201468866 0.6774522703940653 0.6764925260994707 0.6758655616823772 0.675594346482302 0.6753231312822269 0.6750519160821516 0.6747807008820765 0.6745094856820013 0.6742382704819262 0.6739670552818505 0.6736958400817754 0.6734246248817002 0.6731534096816251 0.6728821944815498 0.6726109792814747 0.6723397640813995
0.7045681738467465 0.703618980588475 0.7026697873302036 0.701720594071932 0.7007714008136605 0.699822207555389 0.6988730142971175 0.697923821038846 0.6969746277805745 0.6960254345223029 0.6950762412640314 0.6941270480057583 0.6931778547474868 0.6922286614892154 0.6912794682309438 0.6903302749726723 0.6893810817144008 0.6884318884561293 0.6874826951978578 0.6865335019395863 0.6855843086813148 0.6846351154230432 0.6836859221647718 0.6827367289065003 0.6817875356482271 0.6808383423899557 0.6798891491316841 0.6789399558734126 0.6779907626151411 0.6770415693568695 0.6764251061174844 0.6761643387951304 0.6759035714727764 0.6756428041504224 0.6753820368280684 0.6751212695057144 0.6748605021833604 0.674599734861006 0.674338967538652 0.6740782002162979 0.6738174328939439 0.6735566655715899 0.673295898249236 0.6730351309268819
0.7048112370507741 0.7038725948288257 0.7029339526068773 0.7019953103849289 0.7010566681629805 0.7001180259410322 0.6991793837190838 0.6982407414971354 0.697302099275187 0.6963634570532387 0.6954248148312904 0.6944861726093403 0.693547530387392 0.6926088881654436 0.6916702459434952 0.6907316037215468 0.6897929614995985 0.6888543192776502 0.6879156770557018 0.6869770348337534 0.686038392611805 0.6850997503898566 0.6841611081679082 0.6832224659459599 0.6822838237240099 0.6813451815020616 0.6804065392801132 0.6794678970581648 0.6785292548362164 0.677590612614268 0.6769846505525912 0.6767343311079583 0.6764840116633255 0.6762336922186926 0.6759833727740597 0.6757330533294269 0.6754827338847941 0.6752324144401608 0.674982094995528 0.6747317755508951 0.6744814561062623 0.6742311366616294 0.6739808172169965 0.6737304977723637
0.7050543002548014 0.7041262090691762 0.703198117883551 0.7022700266979257 0.7013419355123005 0.7004138443266753 0.69948575314105 0.6985576619554248 0.6976295707697996 0.6967014795841744 0.6957733883985491 0.6948452972129223 0.693917206027297 0.6929891148416718 0.6920610236560466 0.6911329324704214 0.6902048412847961 0.6892767500991709 0.6883486589135457 0.6874205677279204 0.6864924765422952 0.68556438535667 0.6846362941710448 0.6837082029854195 0.6827801117997927 0.6818520206141674 0.6809239294285422 0.679995838242917 0.6790677470572918 0.6781396558716665 0.6775441949876979 0.6773043234207862 0.6770644518538745 0.6768245802869628 0.6765847087200512 0.6763448371531394 0.6761049655862278 0.6758650940193157 0.675625222452404 0.6753853508854923 0.6751454793185806 0.6749056077516689 0.6746657361847572 0.6744258646178455
0.705297363458829 0.7043798233095269 0.7034622831602247 0.7025447430109226 0.7016272028616206 0.7007096627123185 0.6997921225630164 0.6988745824137143 0.6979570422644121 0.6970395021151101 0.696121961965808 0.6952044218165043 0.6942868816672022 0.6933693415179001 0.692451801368598 0.691534261219296 0.6906167210699938 0.6896991809206917 0.6887816407713896 0.6878641006220875 0.6869465604727855 0.6860290203234833 0.6851114801741812 0.6841939400248791 0.6832763998755754 0.6823588597262733 0.6814413195769713 0.6805237794276692 0.679606239278367 0.6786886991290649 0.6781037394228047 0.6778743157336141 0.6776448920444236 0.677415468355233 0.6771860446660425 0.676956620976852 0.6767271972876615 0.6764977735984705 0.67626834990928 0.6760389262200895 0.675809502530899 0.6755800788417085 0.6753506551525179 0.6751212314633274
0.7055404266628563 0.7046334375498774 0.7037264484368985 0.7028194593239194 0.7019124702109405 0.7010054810979616 0.7000984919849825 0.6991915028720036 0.6982845137590247 0.6973775246460456 0.6964705355330667 0.6955635464200862 0.6946565573071073 0.6937495681941283 0.6928425790811493 0.6919355899681704 0.6910286008551914 0.6901216117422124 0.6892146226292335 0.6883076335162545 0.6874006444032755 0.6864936552902966 0.6855866661773176 0.6846796770643386 0.6837726879513581 0.6828656988383792 0.6819587097254002 0.6810517206124213 0.6801447314994423 0.6792377423864633 0.6786632838579113 0.678444308046442 0.6782253322349726 0.6780063564235032 0.6777873806120338 0.6775684048005645 0.6773494289890951 0.6771304531776253 0.676911477366156 0.6766925015546866 0.6764735257432173 0.6762545499317478 0.6760355741202785 0.6758165983088091
0.7057834898668839 0.704887051790228 0.7039906137135722 0.7030941756369163 0.7021977375602605 0.7013012994836048 0.7004048614069489 0.6995084233302931 0.6986119852536372 0.6977155471769814 0.6968191091003255 0.6959226710236682 0.6950262329470124 0.6941297948703565 0.6932333567937007 0.692336918717045 0.6914404806403891 0.6905440425637333 0.6896476044870774 0.6887511664104216 0.6878547283337657 0.68695829025711 0.6860618521804541 0.6851654141037983 0.6842689760271409 0.6833725379504851 0.6824760998738293 0.6815796617971734 0.6806832237205176 0.6797867856438617 0.679222828293018 0.6790143003592698 0.6788057724255216 0.6785972444917734 0.6783887165580252 0.678180188624277 0.6779716606905288 0.6777631327567802 0.677554604823032 0.6773460768892838 0.6771375489555356 0.6769290210217874 0.6767204930880392 0.676511965154291
0.7060265530709112 0.7051406660305786 0.7042547789902459 0.7033688919499131 0.7024830049095805 0.7015971178692478 0.7007112308289151 0.6998253437885824 0.6989394567482498 0.6980535697079171 0.6971676826675843 0.6962817956272501 0.6953959085869175 0.6945100215465848 0.693624134506252 0.6927382474659194 0.6918523604255867 0.690966473385254 0.6900805863449213 0.6891946993045887 0.688308812264256 0.6874229252239232 0.6865370381835906 0.6856511511432579 0.6847652641029237 0.6838793770625909 0.6829934900222583 0.6821076029819256 0.6812217159415929 0.6803358289012602 0.6797823727281248 0.6795842926720977 0.6793862126160707 0.6791881325600436 0.6789900525040166 0.6787919724479895 0.6785938923919624 0.678395812335935 0.6781977322799081 0.677999652223881 0.677801572167854 0.6776034921118269 0.6774054120557998 0.6772073319997728
0.7062696162749389 0.7053942802709293 0.7045189442669197 0.7036436082629103 0.7027682722589007 0.7018929362548911 0.7010176002508817 0.7001422642468721 0.6992669282428625 0.6983915922388529 0.6975162562348435 0.6966409202308325 0.6957655842268229 0.6948902482228133 0.6940149122188037 0.6931395762147943 0.6922642402107847 0.6913889042067751 0.6905135682027655 0.6896382321987561 0.6887628961947465 0.6878875601907369 0.6870122241867275 0.6861368881827179 0.6852615521787069 0.6843862161746973 0.6835108801706877 0.6826355441666783 0.6817602081626687 0.6808848721586591 0.680341917163232 0.6801542849849261 0.6799666528066203 0.6797790206283143 0.6795913884500084 0.6794037562717026 0.6792161240933967 0.6790284919150905 0.6788408597367847 0.6786532275584787 0.6784655953801728 0.678277963201867 0.6780903310235611 0.6779026988452551
0.7065126794789663 0.70564789451128 0.7047831095435936 0.7039183245759072 0.7030535396082208 0.7021887546405343 0.7013239696728479 0.7004591847051616 0.6995943997374752 0.6987296147697887 0.6978648298021023 0.6970000448344145 0.696135259866728 0.6952704748990416 0.6944056899313552 0.6935409049636688 0.6926761199959823 0.691811335028296 0.6909465500606096 0.6900817650929232 0.6892169801252367 0.6883521951575503 0.6874874101898639 0.6866226252221775 0.6857578402544896 0.6848930552868032 0.6840282703191168 0.6831634853514303 0.682298700383744 0.6814339154160576 0.6809014615983388 0.6807242772977541 0.6805470929971693 0.6803699086965845 0.6801927243959999 0.6800155400954151 0.6798383557948304 0.6796611714942453 0.6794839871936607 0.6793068028930759 0.6791296185924912 0.6789524342919064 0.6787752499913217 0.678598065690737
0.7067557426829938 0.7059015087516305 0.7050472748202673 0.704193040888904 0.7033388069575407 0.7024845730261774 0.7016303390948142 0.7007761051634509 0.6999218712320876 0.6990676373007244 0.6982134033693611 0.6973591694379964 0.6965049355066331 0.6956507015752699 0.6947964676439066 0.6939422337125433 0.69308799978118 0.6922337658498168 0.6913795319184535 0.6905252979870902 0.689671064055727 0.6888168301243637 0.6879625961930004 0.6871083622616371 0.6862541283302724 0.6853998943989091 0.6845456604675458 0.6836914265361825 0.6828371926048193 0.681982958673456 0.6814610060334455 0.6812942696105819 0.6811275331877183 0.6809607967648548 0.6807940603419912 0.6806273239191276 0.6804605874962641 0.6802938510734002 0.6801271146505367 0.6799603782276731 0.6797936418048095 0.6796269053819459 0.6794601689590823 0.6792934325362188
0.7069988058870214 0.7061551229919811 0.705311440096941 0.7044677572019009 0.7036240743068608 0.7027803914118206 0.7019367085167805 0.7010930256217404 0.7002493427267003 0.69940565983166 0.6985619769366199 0.6977182940415784 0.6968746111465383 0.6960309282514981 0.6951872453564579 0.6943435624614178 0.6934998795663777 0.6926561966713376 0.6918125137762974 0.6909688308812573 0.6901251479862172 0.689281465091177 0.6884377821961368 0.6875940993010967 0.6867504164060552 0.685906733511015 0.6850630506159749 0.6842193677209347 0.6833756848258946 0.6825320019308545 0.6820205504685523 0.6818642619234099 0.6817079733782675 0.681551684833125 0.6813953962879826 0.6812391077428402 0.6810828191976978 0.6809265306525552 0.6807702421074127 0.6806139535622703 0.6804576650171279 0.6803013764719854 0.680145087926843 0.6799887993817006
0.7072418690910487 0.7064087372323317 0.7055756053736147 0.7047424735148977 0.7039093416561807 0.7030762097974638 0.7022430779387467 0.7014099460800297 0.7005768142213127 0.6997436823625958 0.6989105505038787 0.6980774186451603 0.6972442867864433 0.6964111549277263 0.6955780230690093 0.6947448912102924 0.6939117593515753 0.6930786274928583 0.6922454956341413 0.6914123637754244 0.6905792319167073 0.6897461000579903 0.6889129681992734 0.6880798363405564 0.6872467044818379 0.686413572623121 0.6855804407644039 0.6847473089056869 0.68391417704697 0.683081045188253 0.682580094903659 0.6824342542362378 0.6822884135688165 0.6821425729013952 0.6819967322339741 0.6818508915665528 0.6817050508991315 0.68155921023171 0.6814133695642888 0.6812675288968675 0.6811216882294462 0.680975847562025 0.6808300068946037 0.6806841662271825
0.7074849322950763 0.7066623514726823 0.7058397706502885 0.7050171898278946 0.7041946090055008 0.7033720281831068 0.702549447360713 0.7017268665383192 0.7009042857159253 0.7000817048935314 0.6992591240711375 0.6984365432487423 0.6976139624263484 0.6967913816039546 0.6959688007815606 0.6951462199591668 0.694323639136773 0.6935010583143791 0.6926784774919852 0.6918558966695914 0.6910333158471975 0.6902107350248037 0.6893881542024097 0.6885655733800159 0.6877429925576206 0.6869204117352268 0.6860978309128329 0.685275250090439 0.6844526692680452 0.6836300884456513 0.6831396393387656 0.6830042465490656 0.6828688537593655 0.6827334609696654 0.6825980681799653 0.6824626753902652 0.6823272826005651 0.6821918898108648 0.6820564970211647 0.6819211042314646 0.6817857114417645 0.6816503186520644 0.6815149258623643 0.6813795330726642
0.7077279954991038 0.7069159657130332 0.7061039359269624 0.7052919061408917 0.7044798763548209 0.7036678465687503 0.7028558167826795 0.7020437869966087 0.7012317572105381 0.7004197274244673 0.6996076976383966 0.6987956678523245 0.6979836380662539 0.6971716082801831 0.6963595784941123 0.6955475487080417 0.6947355189219709 0.6939234891359002 0.6931114593498295 0.6922994295637588 0.691487399777688 0.6906753699916174 0.6898633402055466 0.6890513104194759 0.6882392806334038 0.687427250847333 0.6866152210612624 0.6858031912751916 0.6849911614891209 0.6841791317030502 0.6836991837738728 0.683574238861894 0.683449293949915 0.683324349037936 0.6831994041259571 0.6830744592139782 0.6829495143019993 0.6828245693900201 0.6826996244780412 0.6825746795660623 0.6824497346540834 0.6823247897421044 0.6821998448301255 0.6820748999181466
0.7079710587031313 0.7071695799533837 0.706368101203636 0.7055666224538885 0.7047651437041409 0.7039636649543933 0.7031621862046458 0.7023607074548982 0.7015592287051506 0.700757749955403 0.6999562712056554 0.6991547924559065 0.6983533137061589 0.6975518349564113 0.6967503562066637 0.6959488774569161 0.6951473987071686 0.694345919957421 0.6935444412076734 0.6927429624579258 0.6919414837081782 0.6911400049584306 0.6903385262086831 0.6895370474589355 0.6887355687091865 0.6879340899594389 0.6871326112096914 0.6863311324599438 0.6855296537101963 0.6847281749604487 0.6842587282089796 0.6841442311747219 0.6840297341404641 0.6839152371062063 0.6838007400719486 0.6836862430376908 0.6835717460034331 0.683457248969175 0.6833427519349173 0.6832282549006595 0.6831137578664017 0.682999260832144 0.6828847637978862 0.6827702667636285
0.7082141219071587 0.7074231941937343 0.7066322664803099 0.7058413387668854 0.705050411053461 0.7042594833400365 0.703468555626612 0.7026776279131877 0.7018867001997632 0.7010957724863387 0.7003048447729143 0.6995139170594885 0.698722989346064 0.6979320616326395 0.6971411339192152 0.6963502062057907 0.6955592784923662 0.6947683507789418 0.6939774230655174 0.6931864953520929 0.6923955676386685 0.691604639925244 0.6908137122118195 0.6900227844983952 0.6892318567849693 0.6884409290715449 0.6876500013581205 0.686859073644696 0.6860681459312715 0.6852772182178472 0.6848182726440863 0.6847142234875497 0.6846101743310131 0.6845061251744765 0.6844020760179399 0.6842980268614033 0.6841939777048667 0.68408992854833 0.6839858793917933 0.6838818302352567 0.6837777810787201 0.6836737319221835 0.6835696827656469 0.6834656336091103
0.7084571851111862 0.7076768084340849 0.7068964317569836 0.7061160550798822 0.7053356784027809 0.7045553017256796 0.7037749250485783 0.702994548371477 0.7022141716943757 0.7014337950172743 0.700653418340173 0.6998730416630704 0.6990926649859691 0.6983122883088678 0.6975319116317665 0.6967515349546652 0.6959711582775638 0.6951907816004625 0.6944104049233613 0.69363002824626 0.6928496515691587 0.6920692748920574 0.6912888982149561 0.6905085215378547 0.6897281448607521 0.6889477681836508 0.6881673915065495 0.6873870148294482 0.6866066381523469 0.6858262614752456 0.6853778170791931 0.6852842158003777 0.6851906145215623 0.6850970132427467 0.6850034119639313 0.6849098106851158 0.6848162094063004 0.6847226081274848 0.6846290068486693 0.6845354055698539 0.6844418042910384 0.684348203012223 0.6842546017334075 0.684161000454592
