Figures/CREST_Example_wjb_NSE/PETs/wjb.pet.20090903.asc
ncols            288
nrows            254
xllcorner        113.274861
yllcorner        31.4918055
cellsize         0.008333333333
NODATA_value     -9999
[rows 160 to 179 of 254, columns 132 to 175 of 288]
2.9220844114139006 2.9249664756482012 2.927848539882502 2.930730604116803 2.9336126683511035 2.9364947325854045 2.939376796819705 2.9422588610540057 2.9451409252883067 2.9480229895226073 2.9509050537569084 2.953787117991214 2.956669182225515 2.9595512464598155 2.962433310694116 2.965315374928417 2.9681974391627177 2.9710795033970188 2.9739615676313194 2.9768436318656204 2.979725696099921 2.9826077603342216 2.9854898245685226 2.9883718888028232 2.991253953037129 2.9941360172714298 2.997018081505731 2.9999001457400314 3.002782209974332 3.005664274208633 3.0073087601009245 3.007630246749768 3.007951733398612 3.0082732200474553 3.0085947066962992 3.0089161933451427 3.0092376799939866 3.009559166642831 3.0098806532916744 3.0102021399405183 3.010523626589362 3.0108451132382057 3.0111665998870496 3.011488086535893
2.9247592747183395 2.9276414451590282 2.930523615599717 2.933405786040406 2.936287956481095 2.9391701269217836 2.9420522973624723 2.944934467803161 2.9478166382438498 2.9506988086845385 2.953580979125227 2.956463149565921 2.9593453200066095 2.9622274904472983 2.965109660887987 2.9679918313286757 2.9708740017693644 2.973756172210053 2.976638342650742 2.9795205130914306 2.9824026835321193 2.985284853972808 2.988167024413497 2.9910491948541855 2.9939313652948796 2.9968135357355683 2.999695706176257 3.0025778766169458 3.0054600470576345 3.008342217498323 3.0099875328975623 3.0103106222780136 3.010633711658465 3.0109568010389163 3.0112798904193676 3.0116029797998194 3.0119260691802707 3.0122491585607225 3.0125722479411743 3.0128953373216256 3.013218426702077 3.0135415160825283 3.01386460546298 3.0141876948434314
2.927434138022779 2.9303164146698557 2.9331986913169326 2.936080967964009 2.938963244611086 2.9418455212581627 2.944727797905239 2.947610074552316 2.950492351199393 2.953374627846469 2.956256904493546 2.959139181140628 2.962021457787704 2.964903734434781 2.967786011081858 2.9706682877289343 2.973550564376011 2.976432841023088 2.9793151176701644 2.9821973943172413 2.985079670964318 2.9879619476113946 2.9908442242584714 2.9937265009055483 2.9966087775526296 2.9994910541997064 3.0023733308467833 3.0052556074938597 3.0081378841409365 3.0110201607880134 3.0126663056941996 3.012990997806259 3.013315689918318 3.013640382030377 3.0139650741424364 3.0142897662544956 3.014614458366555 3.0149391504786145 3.0152638425906737 3.015588534702733 3.015913226814792 3.0162379189268513 3.0165626110389105 3.0168873031509698
2.9301090013272204 2.9329913841806854 2.93587376703415 2.9387561498876145 2.9416385327410794 2.944520915594544 2.9474032984480085 2.950285681301473 2.953168064154938 2.9560504470084026 2.958932829861867 2.961815212715337 2.9646975955688015 2.9675799784222665 2.970462361275731 2.9733447441291956 2.97622712698266 2.979109509836125 2.9819918926895896 2.984874275543054 2.987756658396519 2.9906390412499837 2.9935214241034482 2.996403806956913 2.9992861898103826 3.002168572663847 3.005050955517312 3.0079333383707767 3.0108157212242412 3.013698104077706 3.01534507849084 3.015671373334507 3.0159976681781737 3.016323963021841 3.0166502578655074 3.0169765527091745 3.0173028475528416 3.0176291423965087 3.017955437240176 3.018281732083843 3.0186080269275095 3.0189343217711766 3.0192606166148432 3.0195869114585103
2.9327838646316597 2.9356663536915124 2.938548842751365 2.9414313318112177 2.9443138208710704 2.947196309930923 2.9500787989907757 2.9529612880506284 2.955843777110481 2.9587262661703337 2.9616087552301864 2.964491244290044 2.9673737333498966 2.9702562224097493 2.9731387114696015 2.976021200529454 2.978903689589307 2.9817861786491595 2.984668667709012 2.987551156768865 2.9904336458287175 2.99331613488857 2.996198623948423 2.9990811130082755 3.001963602068133 3.0048460911279857 3.0077285801878384 3.010611069247691 3.0134935583075437 3.0163760473673964 3.0180238512874777 3.0183517488627523 3.0186796464380268 3.0190075440133017 3.0193354415885763 3.0196633391638508 3.0199912367391257 3.0203191343144007 3.0206470318896756 3.02097492946495 3.0213028270402247 3.021630724615499 3.021958622190774 3.0222865197660487
2.935458727936099 2.93834132320234 2.9412239184685802 2.944106513734821 2.9469891090010614 2.949871704267302 2.9527542995335425 2.9556368947997833 2.958519490066024 2.9614020853322645 2.9642846805985053 2.9671672758647505 2.9700498711309913 2.972932466397232 2.9758150616634724 2.9786976569297132 2.9815802521959536 2.9844628474621944 2.9873454427284347 2.9902280379946755 2.9931106332609163 2.9959932285271567 2.9988758237933975 3.001758419059638 3.0046410143258835 3.007523609592124 3.0104062048583646 3.0132888001246054 3.0161713953908458 3.0190539906570866 3.0207026240841155 3.021032124390998 3.0213616246978803 3.0216911250047627 3.022020625311645 3.0223501256185274 3.02267962592541 3.0230091262322927 3.023338626539175 3.0236681268460575 3.02399762715294 3.0243271274598222 3.0246566277667046 3.024986128073587
2.9381335912405384 2.941016292713167 2.9438989941857954 2.946781695658424 2.9496643971310528 2.9525470986036813 2.9554298000763097 2.958312501548938 2.9611952030215667 2.9640779044941956 2.966960605966824 2.9698433074394575 2.972726008912086 2.975608710384715 2.9784914118573433 2.981374113329972 2.9842568148026003 2.987139516275229 2.9900222177478577 2.992904919220486 2.9957876206931147 2.998670322165743 3.0015530236383716 3.0044357251110005 3.007318426583634 3.0102011280562624 3.013083829528891 3.0159665310015193 3.0188492324741483 3.0217319339467767 3.023381396880753 3.023712499919243 3.0240436029577333 3.024374705996223 3.0247058090347134 3.0250369120732037 3.025368015111694 3.025699118150184 3.0260302211886745 3.0263613242271648 3.026692427265655 3.027023530304145 3.027354633342635 3.0276857363811254
2.940808454544978 2.943691262223995 2.946574069903011 2.9494568775820276 2.952339685261044 2.955222492940061 2.9581053006190774 2.9609881082980936 2.96387091597711 2.9667537236561268 2.9696365313351434 2.972519339014165 2.975402146693181 2.9782849543721976 2.9811677620512143 2.984050569730231 2.986933377409247 2.9898161850882636 2.9926989927672802 2.995581800446297 2.9984646081253135 3.0013474158043296 3.0042302234833462 3.007113031162363 3.0099958388413843 3.012878646520401 3.015761454199417 3.0186442618784337 3.0215270695574503 3.024409877236467 3.0260601696773906 3.0263928754474887 3.0267255812175864 3.027058286987684 3.0273909927577822 3.02772369852788 3.0280564042979776 3.028389110068076 3.028721815838174 3.029054521608272 3.0293872273783697 3.029719933148468 3.0300526389185656 3.0303853446886633
2.9434833178494175 2.946366231734822 2.9492491456202266 2.952132059505631 2.955014973391035 2.95789788727644 2.960780801161844 2.963663715047249 2.966546628932653 2.9694295428180575 2.9723124567034622 2.9751953705888714 2.978078284474276 2.9809611983596804 2.9838441122450847 2.9867270261304895 2.9896099400158938 2.9924928539012985 2.995375767786703 2.9982586816721075 3.001141595557512 3.004024509442916 3.006907423328321 3.009790337213725 3.0126732510991348 3.015556164984539 3.0184390788699433 3.021321992755348 3.0242049066407524 3.027087820526157 3.0287389424740283 3.029073250975734 3.0294075594774394 3.029741867979145 3.0300761764808506 3.030410484982556 3.030744793484262 3.031079101985968 3.0314134104876738 3.0317477189893793 3.032082027491085 3.0324163359927905 3.032750644494496 3.0330849529962016
2.946158181153857 2.9490412012456493 2.9519242213374417 2.954807241429234 2.9576902615210265 2.960573281612819 2.9634563017046114 2.966339321796404 2.9692223418881962 2.9721053619799886 2.974988382071781 2.9778714021635784 2.980754422255371 2.983637442347163 2.9865204624389556 2.989403482530748 2.9922865026225405 2.995169522714333 2.9980525428061253 3.0009355628979177 3.00381858298971 3.0067016030815026 3.009584623173295 3.0124676432650874 3.015350663356885 3.0182336834486776 3.02111670354047 3.0239997236322624 3.026882743724055 3.0297657638158473 3.031417715270666 3.0317536265039795 3.0320895377372925 3.032425448970606 3.0327613602039194 3.033097271437233 3.033433182670546 3.03376909390386 3.034105005137173 3.0344409163704866 3.0347768276038 3.0351127388371135 3.0354486500704265 3.03578456130374
2.9488330444582984 2.9517161707564785 2.954599297054659 2.9574824233528396 2.9603655496510197 2.9632486759492003 2.966131802247381 2.969014928545561 2.9718980548437415 2.974781181141922 2.977664307440102 2.9805474337382876 2.983430560036468 2.9863136863346487 2.9891968126328288 2.9920799389310093 2.99496306522919 2.99784619152737 3.0007293178255505 3.003612444123731 3.006495570421911 3.0093786967200917 3.0122618230182723 3.0151449493164524 3.018028075614638 3.0209112019128184 3.023794328210999 3.026677454509179 3.0295605808073596 3.03244370710554 3.0340964880673065 3.0344340020322274 3.0347715159971482 3.0351090299620695 3.0354465439269904 3.0357840578919117 3.0361215718568326 3.0364590858217544 3.0367965997866753 3.0371341137515966 3.0374716277165175 3.037809141681439 3.0381466556463597 3.038484169611281
2.9515079077627373 2.954391140267306 2.957274372771874 2.9601576052764424 2.963040837781011 2.9659240702855794 2.9688073027901476 2.9716905352947163 2.9745737677992845 2.9774570003038527 2.9803402328084214 2.9832234653129945 2.9861066978175628 2.9889899303221314 2.9918731628266997 2.994756395331268 2.997639627835836 3.000522860340405 3.003406092844973 3.0062893253495413 3.00917255785411 3.012055790358678 3.0149390228632464 3.017822255367815 3.0207054878723882 3.0235887203769565 3.026471952881525 3.0293551853860934 3.0322384178906616 3.0351216503952303 3.036775260863944 3.037114377560473 3.0374534942570017 3.0377926109535305 3.0381317276500592 3.038470844346588 3.0388099610431167 3.0391490777396464 3.039488194436175 3.039827311132704 3.0401664278292326 3.0405055445257614 3.0408446612222906 3.0411837779188193
2.9541827710671766 2.957066109778133 2.9599494484890894 2.9628327872000457 2.965716125911002 2.9685994646219585 2.971482803332915 2.974366142043871 2.9772494807548275 2.980132819465784 2.9830161581767403 2.9858994968877015 2.988782835598658 2.9916661743096142 2.9945495130205706 2.9974328517315265 3.000316190442483 3.0031995291534392 3.0060828678643956 3.008966206575352 3.0118495452863083 3.0147328839972647 3.017616222708221 3.0204995614191774 3.0233829001301387 3.026266238841095 3.0291495775520514 3.0320329162630077 3.034916254973964 3.0377995936849205 3.0394540336605815 3.039794753088718 3.040135472516855 3.0404761919449914 3.040816911373128 3.0411576308012642 3.041498350229401 3.041839069657538 3.0421797890856745 3.042520508513811 3.042861227941948 3.0432019473700844 3.043542666798221 3.0438833862263572
2.956857634371616 2.9597410792889605 2.9626245242063045 2.965507969123649 2.968391414040993 2.9712748589583375 2.974158303875682 2.977041748793026 2.9799251937103706 2.9828086386277146 2.985692083545059 2.988575528462408 2.9914589733797525 2.994342418297097 2.997225863214441 3.0001093081317856 3.0029927530491296 3.005876197966474 3.008759642883818 3.0116430878011626 3.014526532718507 3.017409977635851 3.0202934225531957 3.0231768674705397 3.026060312387889 3.028943757305233 3.0318272022225776 3.034710647139922 3.037594092057266 3.0404775369746107 3.0421328064572193 3.0424751286169633 3.042817450776708 3.0431597729364523 3.0435020950961964 3.043844417255941 3.044186739415685 3.04452906157543 3.0448713837351744 3.0452137058949185 3.045556028054663 3.045898350214407 3.0462406723741515 3.0465829945338956
2.9595324976760553 2.9624160487997875 2.9652995999235197 2.9681831510472523 2.9710667021709845 2.9739502532947166 2.976833804418449 2.979717355542181 2.9826009066659136 2.9854844577896458 2.988368008913378 2.991251560037115 2.994135111160847 2.99701866228458 2.999902213408312 3.002785764532044 3.0056693156557763 3.0085528667795085 3.011436417903241 3.0143199690269733 3.0172035201507055 3.0200870712744377 3.02297062239817 3.025854173521902 3.0287377246456395 3.0316212757693717 3.034504826893104 3.037388378016836 3.040271929140568 3.043155480264301 3.044811579253857 3.045155504145209 3.045499429036561 3.045843353927913 3.046187278819265 3.046531203710617 3.046875128601969 3.047219053493322 3.047562978384674 3.0479069032760258 3.0482508281673777 3.0485947530587296 3.048938677950082 3.049282602841434
2.9622073609804946 2.965091018310615 2.9679746756407352 2.970858332970855 2.9737419903009754 2.9766256476310957 2.979509304961216 2.9823929622913363 2.985276619621456 2.9881602769515765 2.991043934281697 2.993927591611822 2.9968112489419423 2.9996949062720626 3.0025785636021824 3.0054622209323028 3.008345878262423 3.0112295355925434 3.0141131929226637 3.0169968502527835 3.019880507582904 3.022764164913024 3.0256478222431444 3.0285314795732647 3.03141513690339 3.03429879423351 3.03718245156363 3.0400661088937504 3.0429497662238707 3.045833423553991 3.047490352050495 3.047835879673454 3.048181407296414 3.0485269349193738 3.0488724625423336 3.0492179901652934 3.049563517788253 3.0499090454112134 3.0502545730341732 3.050600100657133 3.050945628280093 3.0512911559030527 3.0516366835260125 3.0519822111489723
2.9648822242849366 2.9677659878214446 2.970649751357953 2.973533514894461 2.9764172784309695 2.9793010419674775 2.9821848055039855 2.985068569040494 2.987952332577002 2.9908360961135103 2.9937198596500183 2.9966036231865316 2.9994873867230396 3.002371150259548 3.005254913796056 3.008138677332564 3.0110224408690724 3.0139062044055804 3.016789967942089 3.019673731478597 3.0225574950151053 3.0254412585516133 3.0283250220881213 3.0312087856246297 3.0340925491611426 3.036976312697651 3.039860076234159 3.0427438397706674 3.0456276033071754 3.048511366843684 3.0501691248471348 3.0505162552017024 3.05086338555627 3.0512105159108374 3.051557646265405 3.0519047766199723 3.05225190697454 3.052599037329108 3.0529461676836753 3.053293298038243 3.0536404283928107 3.053987558747378 3.0543346891019456 3.054681819456513
2.967557087589376 2.970440957332272 2.973324827075168 2.9762086968180643 2.9790925665609604 2.9819764363038566 2.9848603060467527 2.987744175789649 2.990628045532545 2.993511915275441 2.996395785018337 2.9992796547612386 3.0021635245041347 3.005047394247031 3.007931263989927 3.010815133732823 3.013699003475719 3.0165828732186153 3.0194667429615114 3.0223506127044075 3.0252344824473036 3.0281183521901998 3.031002221933096 3.033886091675992 3.036769961418893 3.039653831161789 3.0425377009046852 3.0454215706475813 3.048305440390478 3.051189310133374 3.0528478976437725 3.0531966307299476 3.053545363816123 3.0538940969022983 3.0542428299884734 3.054591563074649 3.054940296160824 3.0552890292469996 3.055637762333175 3.0559864954193503 3.0563352285055254 3.056683961591701 3.057032694677876 3.057381427764051
2.9705171014804113 2.9734190907040645 2.9763210799277178 2.9792230691513706 2.982125058375024 2.985027047598677 2.9879290368223304 2.990831026045983 2.9937330152696364 2.9966350044932897 2.999536993716943 3.002438982940601 3.0053409721642543 3.008242961387907 3.0111449506115604 3.0140469398352137 3.016948929058867 3.0198509182825197 3.022752907506173 3.0256548967298262 3.0285568859534795 3.0314588751771328 3.0343608644007856 3.037262853624439 3.040164842848097 3.04306683207175 3.0459688212954035 3.0488708105190563 3.0517727997427095 3.054674788966363 3.0563492893252215 3.0567115763200143 3.0570738633148067 3.0574361503095995 3.057798437304392 3.0581607242991846 3.0585230112939774 3.0588852982887706 3.059247585283563 3.059609872278356 3.059972159273148 3.060334446267941 3.0606967332627337 3.061059020257526
2.97378192337467 2.976721287133953 2.979660650893236 2.982600014652519 2.985539378411802 2.9884787421710852 2.991418105930368 2.994357469689651 2.9972968334489343 3.000236197208217 3.0031755609675 3.006114924726788 3.009054288486071 3.011993652245354 3.0149330160046373 3.01787237976392 3.020811743523203 3.0237511072824863 3.026690471041769 3.029629834801052 3.0325691985603354 3.035508562319618 3.0384479260789012 3.041387289838184 3.044326653597472 3.047266017356755 3.0502053811160383 3.053144744875321 3.0560841086346042 3.0590234723938874 3.0607300087425373 3.061118624700854 3.061507240659171 3.0618958566174874 3.0622844725758043 3.062673088534121 3.063061704492438 3.0634503204507553 3.063838936409072 3.0642275523673885 3.0646161683257054 3.0650047842840222 3.065393400242339 3.065782016200656
