Figures/CREST_Example_wjb_NSE/PETs/wjb.pet.20090408.asc
ncols            288
nrows            254
xllcorner        113.274861
yllcorner        31.4918055
cellsize         0.008333333333
NODATA_value     -9999
[rows 180 to 199 of 254, columns 44 to 87 of 288]
2.919070708268562 2.9197579098024864 2.9204451113364107 2.921132312870335 2.92181951440426 2.922506715938184 2.9231939174721084 2.9238811190060328 2.9245683205399584 2.9252555220738827 2.925942723607807 2.926629925141732 2.927317126675656 2.9280043282095805 2.9286915297435048 2.929378731277429 2.930065932811354 2.930753134345278 2.9314403358792025 2.932127537413127 2.932814738947051 2.933501940480977 2.934189142014901 2.934876343548826 2.93556354508275 2.9362507466166745 2.936937948150599 2.937625149684523 2.936061084106027 2.932090363092078 2.9281196420781286 2.9241489210641793 2.92017820005023 2.916207479036281 2.912236758022325 2.9082660370083757 2.9042953159944265 2.9003245949804772 2.896353873966528 2.8923831529525788 2.8884124319386295 2.8844417109246803 2.880470989910731 2.876500268896782
2.918978069985764 2.9196419778495906 2.920305885713417 2.920969793577244 2.921633701441071 2.9222976093048976 2.922961517168724 2.9236254250325513 2.924289332896379 2.924953240760206 2.9256171486240325 2.926281056487859 2.926944964351686 2.927608872215513 2.9282727800793396 2.928936687943166 2.9296005958069933 2.93026450367082 2.9309284115346466 2.931592319398473 2.9322562272623003 2.932920135126128 2.933584042989955 2.9342479508537815 2.934911858717608 2.935575766581435 2.936239674445262 2.9369035823090885 2.9353479335346244 2.931419528538401 2.9274911235421777 2.9235627185459543 2.919634313549731 2.9157059085535075 2.9117775035572775 2.9078490985610546 2.903920693564831 2.899992288568608 2.8960638835723844 2.892135478576161 2.8882070735799377 2.8842786685837143 2.880350263587491 2.8764218585912675
2.9188854317029658 2.9195260458966947 2.9201666600904237 2.920807274284153 2.921447888477882 2.922088502671611 2.9227291168653404 2.9233697310590694 -9999.0 2.9246509594465286 2.925291573640258 2.925932187833987 2.9265728020277164 2.9272134162214454 2.9278540304151743 2.9284946446089037 2.9291352588026327 2.9297758729963617 2.930416487190091 2.93105710138382 2.9316977155775494 2.9323383297712793 2.9329789439650087 2.9336195581587377 2.9342601723524666 2.934900786546196 2.935541400739925 2.9361820149336544 2.934634782963222 2.9307486939847247 2.9268626050062276 2.92297651602773 2.9190904270492326 2.915204338070735 2.911318249092231 2.9074321601137334 2.903546071135236 2.8996599821567384 2.8957738931782413 2.891887804199744 2.8880017152212463 2.8841156262427488 2.8802295372642512 2.8763434482857537
-9999.0 -9999.0 -9999.0 -9999.0 2.9212620755146927 2.9218793960383245 2.9224967165619558 2.9231140370855875 -9999.0 -9999.0 2.9249659986564827 2.9255833191801144 2.9262006397037457 2.9268179602273774 2.9274352807510087 2.92805260127464 2.9286699217982717 2.929287242321903 2.9299045628455347 2.930521883369166 2.9311392038927977 2.9317565244164303 2.9323738449400616 2.932991165463693 2.9336084859873246 2.934225806510956 2.9348431270345876 2.935460447558219 2.9339216323918196 2.930077859431048 2.9262340864702763 2.9223903135095046 2.918546540548733 2.9147027675879618 2.9108589946271834 2.907015221666412 2.9031714487056406 2.899327675744869 2.8954839027840973 2.8916401298233256 2.887796356862554 2.8839525839017828 2.880108810941011 2.8762650379802395
-9999.0 -9999.0 -9999.0 -9999.0 -9999.0 2.921670289405038 -9999.0 -9999.0 -9999.0 -9999.0 -9999.0 -9999.0 2.925828477379776 2.92642250423331 2.9270165310868435 2.9276105579403775 2.928204584793911 2.928798611647445 2.929392638500979 2.929986665354513 2.930580692208047 2.9311747190615813 2.9317687459151154 2.9323627727686494 2.932956799622183 2.933550826475717 2.9341448533292507 2.9347388801827847 2.9332084818204174 2.9294070248773716 2.925605567934326 2.92180411099128 2.9180026540482347 2.914201197105189 2.910399740162137 2.906598283219091 2.9027968262760453 2.8989953693329995 2.895193912389954 2.8913924554469084 2.8875909985038626 2.8837895415608172 2.8799880846177714 2.8761866276747257
-9999.0 -9999.0 -9999.0 -9999.0 -9999.0 -9999.0 -9999.0 -9999.0 -9999.0 -9999.0 -9999.0 -9999.0 -9999.0 2.926027048239242 2.9265977814226782 2.9271685146061146 2.927739247789551 2.928309980972987 2.9288807141564233 2.9294514473398596 2.9300221805232955 2.930592913706733 2.931163646890169 2.9317343800736055 2.9323051132570415 2.932875846440478 2.933446579623914 2.93401731280735 2.932495331249015 2.9287361903236953 2.9249770493983753 2.921217908473056 2.917458767547736 2.913699626622416 2.90994048569709 2.90618134477177 2.9024222038464504 2.8986630629211305 2.8949039219958106 2.8911447810704907 2.887385640145171 2.8836264992198513 2.8798673582945313 2.876108217369212
-9999.0 -9999.0 -9999.0 -9999.0 -9999.0 -9999.0 -9999.0 -9999.0 -9999.0 -9999.0 -9999.0 -9999.0 -9999.0 -9999.0 -9999.0 -9999.0 -9999.0 -9999.0 -9999.0 2.928916229325206 2.9294636688385443 2.930011108351884 2.9305585478652225 2.931105987378561 2.9316534268919 2.932200866405238 2.932748305918577 2.9332957454319155 2.9317821806776125 2.9280653557700185 2.924348530862425 2.920631705954831 2.9169148810472367 2.913198056139643 2.909481231232043 2.9057644063244488 2.902047581416855 2.898330756509261 2.894613931601667 2.8908971066940734 2.8871802817864793 2.8834634568788853 2.8797466319712917 2.8760298070636976
-9999.0 -9999.0 -9999.0 -9999.0 -9999.0 -9999.0 -9999.0 -9999.0 -9999.0 -9999.0 -9999.0 -9999.0 -9999.0 -9999.0 -9999.0 -9999.0 -9999.0 -9999.0 -9999.0 2.9283810113105524 2.9289051571537934 2.9294293029970353 2.9299534488402763 2.9304775946835173 2.9310017405267583 2.9315258863699993 2.9320500322132403 2.932574178056481 2.9310690301062103 2.9273945212163426 2.9237200123264744 2.920045503436606 2.9163709945467384 2.9126964856568702 2.909021976766996 2.905347467877128 2.90167295898726 2.8979984500973917 2.894323941207524 2.8906494323176557 2.8869749234277875 2.8833004145379197 2.8796259056480515 2.8759513967581833
-9999.0 -9999.0 -9999.0 -9999.0 -9999.0 -9999.0 -9999.0 -9999.0 -9999.0 -9999.0 -9999.0 -9999.0 -9999.0 -9999.0 -9999.0 -9999.0 -9999.0 2.9268440889496126 2.927344941122756 2.9278457932958992 2.9283466454690426 2.9288474976421868 2.92934834981533 2.9298492019884734 2.9303500541616168 2.93085090633476 2.9313517585079034 2.9318526106810467 2.930355879534808 2.9267236866626662 2.923091493790524 2.919459300918382 2.9158271080462397 2.9121949151740973 2.9085627223019492 2.904930529429807 2.901298336557665 2.8976661436855227 2.8940339508133803 2.8904017579412384 2.886769565069096 2.883137372196954 2.879505179324812 2.8758729864526695
-9999.0 -9999.0 -9999.0 -9999.0 -9999.0 -9999.0 -9999.0 -9999.0 -9999.0 -9999.0 -9999.0 -9999.0 -9999.0 -9999.0 -9999.0 -9999.0 2.925877899772108 2.926355458275154 2.9268330167781995 2.927310575281245 2.927788133784291 2.9282656922873374 2.928743250790383 2.9292208092934287 2.9296983677964743 2.93017592629952 2.930653484802566 2.9311310433056117 2.9296427289634055 2.926052852108989 2.922462975254573 2.9188730984001565 2.9152832215457405 2.911693344691324 2.9081034678369018 2.9045135909824853 2.9009237141280693 2.897333837273653 2.8937439604192368 2.8901540835648203 2.8865642067104043 2.882974329855988 2.8793844530015718 2.8757945761471553
-9999.0 -9999.0 -9999.0 -9999.0 -9999.0 -9999.0 -9999.0 -9999.0 -9999.0 -9999.0 -9999.0 -9999.0 -9999.0 -9999.0 -9999.0 2.9249582979347997 2.9254125627677476 2.925866827600696 2.926321092433644 2.926775357266592 2.92722962209954 2.927683886932489 2.928138151765437 2.9285924165983848 2.929046681431333 2.929500946264281 2.929955211097229 2.930409475930177 2.9289295783920033 2.9253820175553127 2.9218344567186225 2.918286895881932 2.9147393350452417 2.911191774208551 2.9076442133718547 2.9040966525351646 2.900549091698474 2.897001530861784 2.893453970025093 2.889906409188403 2.8863588483517124 2.8828112875150222 2.8792637266783316 2.8757161658416415
-9999.0 -9999.0 -9999.0 -9999.0 -9999.0 -9999.0 -9999.0 -9999.0 -9999.0 -9999.0 -9999.0 -9999.0 -9999.0 -9999.0 -9999.0 2.924516254600537 2.9249472257633875 2.925378196926238 2.925809168089088 2.926240139251939 2.926671110414789 2.9271020815776403 2.9275330527404906 2.9279640239033413 2.9283949950661916 2.928825966229042 2.929256937391892 2.929687908554743 2.928216427820601 2.924711183001637 2.921205938182672 2.9177006933637077 2.914195448544743 2.9106902037257787 2.907184958906808 2.9036797140878434 2.900174469268879 2.896669224449915 2.89316397963095 2.8896587348119858 2.886153489993021 2.8826482451740567 2.879143000355092 2.8756377555361277
-9999.0 -9999.0 -9999.0 -9999.0 -9999.0 -9999.0 -9999.0 -9999.0 -9999.0 -9999.0 -9999.0 -9999.0 -9999.0 -9999.0 -9999.0 2.924074211266274 2.9244818887590265 2.9248895662517795 2.925297243744532 2.925704921237285 2.926112598730038 2.9265202762227913 2.926927953715544 2.927335631208297 2.9277433087010496 2.9281509861938027 2.9285586636865553 2.928966341179308 2.9275032772491985 2.92404034844796 2.920577419646721 2.9171144908454827 2.9136515620442442 2.9101886332430054 2.9067257044417607 2.9032627756405223 2.899799846839284 2.896336918038045 2.8928739892368065 2.8894110604355676 2.885948131634329 2.8824852028330907 2.879022274031852 2.8755593452306134
-9999.0 -9999.0 -9999.0 -9999.0 -9999.0 -9999.0 -9999.0 -9999.0 -9999.0 -9999.0 -9999.0 -9999.0 -9999.0 2.9228634002867007 2.923247784109356 2.923632167932011 2.9240165517546663 2.9244009355773213 2.9247853193999767 2.9251697032226316 2.925554087045287 2.925938470867943 2.9263228546905977 2.926707238513253 2.927091622335908 2.9274760061585634 2.9278603899812183 2.9282447738038737 2.9267901266777963 2.9233695138942837 2.919948901110771 2.916528288327258 2.9131076755437455 2.909687062760233 2.906266449976714 2.9028458371932016 2.8994252244096885 2.896004611626176 2.8925839988426634 2.8891633860591504 2.8857427732756378 2.882322160492125 2.878901547708612 2.8754809349250996
-9999.0 -9999.0 -9999.0 -9999.0 -9999.0 -9999.0 -9999.0 -9999.0 -9999.0 -9999.0 -9999.0 -9999.0 -9999.0 2.922467944292633 2.9228290344451904 2.923190124597748 2.9235512147503053 2.923912304902863 2.9242733950554207 2.924634485207978 2.9249955753605357 2.925356665513094 2.925717755665651 2.9260788458182088 2.9264399359707665 2.9268010261233237 2.9271621162758814 2.9275232064284387 2.9260769761063936 2.922698679340607 2.91932038257482 2.9159420858090335 2.9125637890432463 2.9091854922774596 2.905807195511667 2.9024288987458804 2.8990506019800932 2.8956723052143065 2.89229400844852 2.8889157116827326 2.885537414916946 2.882159118151159 2.8787808213853725 2.8754025246195853
-9999.0 -9999.0 -9999.0 -9999.0 -9999.0 -9999.0 -9999.0 -9999.0 -9999.0 -9999.0 -9999.0 -9999.0 -9999.0 -9999.0 2.9224102847810256 2.922748081263485 2.923085877745945 2.923423674228405 2.923761470710865 2.924099267193325 2.924437063675785 2.9247748601582453 2.925112656640705 2.925450453123165 2.925788249605625 2.926126046088085 2.9264638425705445 2.9268016390530045 2.925363825534992 2.9220278447869306 2.9186918640388697 2.915355883290809 2.912019902542748 2.9086839217946867 2.90534794104662 2.9020119602985592 2.8986759795504984 2.895339998802437 2.8920040180543762 2.8886680373063154 2.8853320565582545 2.8819960758101932 2.8786600950621324 2.8753241143140715
-9999.0 -9999.0 -9999.0 -9999.0 -9999.0 -9999.0 -9999.0 -9999.0 -9999.0 -9999.0 -9999.0 -9999.0 -9999.0 -9999.0 2.92199153511686 2.9223060379292223 2.922620540741584 2.9229350435539465 2.923249546366309 2.923564049178671 2.9238785519910335 2.9241930548033963 2.924507557615758 2.9248220604281205 2.925136563240483 2.925451066052845 2.9257655688652076 2.92608007167757 2.924650674963589 2.9213570102332542 2.918063345502919 2.914769680772584 2.911476016042249 2.908182351311914 2.904888686581573 2.901595021851238 2.898301357120903 2.8950076923905677 2.8917140276602327 2.8884203629298977 2.8851266981995627 2.8818330334692277 2.8785393687388927 2.8752457040085573
-9999.0 -9999.0 -9999.0 -9999.0 -9999.0 -9999.0 -9999.0 -9999.0 -9999.0 -9999.0 -9999.0 -9999.0 -9999.0 -9999.0 2.9215727854526947 2.921863994594959 2.9221552037372236 2.9224464128794883 2.922737622021753 2.9230288311640176 2.9233200403062822 2.9236112494485473 2.923902458590812 2.9241936677330767 2.924484876875341 2.9247760860176055 2.92506729515987 2.925358504302135 2.9239375243921866 2.9206861756795774 2.9174348269669683 2.914183478254359 2.91093212954175 2.9076807808291405 2.904429432116526 2.901178083403917 2.897926734691308 2.8946753859786982 2.891424037266089 2.88817268855348 2.884921339840871 2.8816699911282617 2.8784186424156526 2.8751672937030435
-9999.0 -9999.0 -9999.0 -9999.0 -9999.0 -9999.0 -9999.0 -9999.0 -9999.0 -9999.0 -9999.0 -9999.0 -9999.0 -9999.0 2.9211540357885295 2.9214219512606965 2.9216898667328635 2.9219577822050304 2.9222256976771974 2.9224936131493644 2.9227615286215314 2.923029444093699 2.923297359565866 2.9235652750380328 2.9238331905101997 2.9241011059823667 2.9243690214545337 2.9246369369267007 2.9232243738207844 2.920015341125901 2.916806308431018 2.9135972757361346 2.9103882430412513 2.907179210346368 2.903970177651479 2.9007611449565958 2.8975521122617125 2.8943430795668292 2.891134046871946 2.8879250141770627 2.8847159814821794 2.8815069487872957 2.8782979160924125 2.875088883397529
-9999.0 -9999.0 -9999.0 -9999.0 -9999.0 -9999.0 -9999.0 -9999.0 -9999.0 -9999.0 2.9197567989160866 2.920001420718156 2.9202460425202252 2.920490664322295 2.9207352861243643 2.9209799079264336 2.921224529728503 2.921469151530572 2.9217137733326415 2.921958395134711 2.92220301693678 2.92244763873885 2.9226922605409196 2.922936882342989 2.923181504145058 2.9234261259471275 2.9236707477491968 2.923915369551266 2.922511223249382 2.9193445065722248 2.9161777898950674 2.91301107321791 2.9098443565407526 2.906677639863595 2.9035109231864324 2.900344206509275 2.897177489832117 2.89401077315496 2.8908440564778024 2.887677339800645 2.8845106231234876 2.88134390644633 2.878177189769173 2.8750104730920154
