Figures/CREST_Example_wjb_NSE/PETs/wjb.pet.20100412.asc
ncols            288
nrows            254
xllcorner        113.274861
yllcorner        31.4918055
cellsize         0.008333333333
NODATA_value     -9999
[rows 76 to 94 of 254, columns 132 to 175 of 288]
0.6738932994053546 0.6732442249483412 0.672595150491328 0.6719460760343147 0.6712970015773014 0.6706479271202882 0.6699988526632749 0.6693497782062616 0.6687007037492483 0.668051629292235 0.6674025548352217 0.6667534803782074 0.666104405921194 0.6654553314641808 0.6648062570071674 0.6641571825501542 0.6635081080931409 0.6628590336361276 0.6622099591791143 0.6615608847221011 0.6609118102650877 0.6602627358080745 0.6596136613510611 0.6589645868940479 0.6583155124370335 0.6576664379800202 0.657017363523007 0.6563682890659936 0.6557192146089804 0.6550701401519671 0.6542600599742106 0.6532778610387937 0.6522956621033769 0.65131346316796 0.6503312642325432 0.6493490652971263 0.6483668663617095 0.647384667426291 0.6464024684908741 0.6454202695554573 0.6444380706200404 0.6434558716846236 0.6424736727492067 0.6414914738137899
0.6806096532430231 0.6799704117273585 0.679331170211694 0.6786919286960293 0.6780526871803647 0.6774134456647001 0.6767742041490354 0.6761349626333709 0.6754957211177063 0.6748564796020416 0.674217238086377 0.6735779965707114 0.6729387550550467 0.6722995135393821 0.6716602720237175 0.6710210305080528 0.6703817889923883 0.6697425474767237 0.669103305961059 0.6684640644453944 0.6678248229297298 0.6671855814140653 0.6665463398984006 0.665907098382736 0.6652678568670702 0.6646286153514057 0.6639893738357411 0.6633501323200764 0.6627108908044118 0.6620716492887472 0.6612325022550481 0.6601796517004138 0.6591268011457795 0.658073950591145 0.6570211000365107 0.6559682494818764 0.654915398927242 0.6538625483726059 0.6528096978179715 0.6517568472633372 0.6507039967087028 0.6496511461540685 0.6485982955994342 0.6475454450447998
0.6873260070806918 0.6866965985063759 0.68606718993206 0.685437781357744 0.6848083727834281 0.6841789642091122 0.6835495556347962 0.6829201470604803 0.6822907384861643 0.6816613299118484 0.6810319213375324 0.6804025127632154 0.6797731041888995 0.6791436956145835 0.6785142870402676 0.6778848784659517 0.6772554698916358 0.6766260613173198 0.6759966527430039 0.6753672441686879 0.674737835594372 0.674108427020056 0.6734790184457401 0.6728496098714242 0.6722202012971071 0.6715907927227912 0.6709613841484753 0.6703319755741594 0.6697025669998434 0.6690731584255275 0.6682049445358857 0.6670814423620339 0.6659579401881821 0.6648344380143302 0.6637109358404784 0.6625874336666265 0.6614639314927746 0.6603404293189209 0.6592169271450691 0.6580934249712171 0.6569699227973653 0.6558464206235135 0.6547229184496616 0.6535994162758098
0.6940423609183662 0.6934227852853989 0.6928032096524317 0.6921836340194645 0.6915640583864971 0.6909444827535299 0.6903249071205626 0.6897053314875954 0.6890857558546282 0.6884661802216608 0.6878466045886936 0.6872270289557253 0.6866074533227581 0.6859878776897907 0.6853683020568235 0.6847487264238563 0.684129150790889 0.6835095751579218 0.6828899995249544 0.6822704238919872 0.68165084825902 0.6810312726260527 0.6804116969930855 0.6797921213601182 0.6791725457271499 0.6785529700941826 0.6779333944612154 0.6773138188282481 0.6766942431952808 0.6760746675623136 0.6751773868167293 0.6739832330236599 0.6727890792305905 0.6715949254375211 0.6704007716444517 0.6692066178513821 0.6680124640583127 0.6668183102652413 0.6656241564721719 0.6644300026791025 0.663235848886033 0.6620416950929636 0.6608475412998942 0.6596533875068248
0.7007587147560348 0.7001489720644162 0.6995392293727977 0.698929486681179 0.6983197439895604 0.6977100012979418 0.6971002586063233 0.6964905159147047 0.6958807732230861 0.6952710305314675 0.6946612878398489 0.6940515451482293 0.6934418024566107 0.6928320597649922 0.6922223170733736 0.6916125743817549 0.6910028316901363 0.6903930889985178 0.6897833463068992 0.6891736036152806 0.6885638609236621 0.6879541182320434 0.6873443755404248 0.6867346328488063 0.6861248901571867 0.6855151474655681 0.6849054047739495 0.6842956620823308 0.6836859193907123 0.6830761766990937 0.6821498290975668 0.6808850236852799 0.679620218272993 0.678355412860706 0.6770906074484191 0.6758258020361322 0.6745609966238453 0.6732961912115561 0.6720313857992692 0.6707665803869823 0.6695017749746954 0.6682369695624085 0.6669721641501216 0.6657073587378346
0.7074750685937033 0.7068751588434334 0.7062752490931635 0.7056753393428936 0.7050754295926237 0.7044755198423538 0.7038756100920839 0.703275700341814 0.7026757905915441 0.7020758808412741 0.7014759710910042 0.7008760613407333 0.7002761515904634 0.6996762418401935 0.6990763320899236 0.6984764223396537 0.6978765125893838 0.6972766028391139 0.696676693088844 0.696076783338574 0.6954768735883041 0.6948769638380342 0.6942770540877643 0.6936771443374944 0.6930772345872234 0.6924773248369535 0.6918774150866835 0.6912775053364136 0.6906775955861437 0.6900776858358738 0.6891222713784043 0.6877868143468999 0.6864513573153955 0.685115900283891 0.6837804432523866 0.6824449862208822 0.6811095291893777 0.6797740721578711 0.6784386151263666 0.6771031580948622 0.6757677010633578 0.6744322440318533 0.6730967870003489 0.6717613299688445
0.714191422431372 0.7136013456224508 0.7130112688135296 0.7124211920046083 0.7118311151956871 0.7112410383867659 0.7106509615778446 0.7100608847689234 0.7094708079600021 0.7088807311510809 0.7082906543421597 0.7077005775332373 0.7071105007243161 0.7065204239153949 0.7059303471064736 0.7053402702975524 0.7047501934886311 0.7041601166797099 0.7035700398707887 0.7029799630618674 0.7023898862529462 0.701799809444025 0.7012097326351037 0.7006196558261825 0.7000295790172602 0.699439502208339 0.6988494253994177 0.6982593485904964 0.6976692717815752 0.697079194972654 0.6960947136592419 0.6946886050085199 0.693282496357798 0.6918763877070762 0.6904702790563542 0.6890641704056323 0.6876580617549103 0.686251953104186 0.6848458444534641 0.6834397358027421 0.6820336271520202 0.6806275185012982 0.6792214098505763 0.6778153011998543
0.7209077762690407 0.7203275324014681 0.7197472885338955 0.719167044666323 0.7185868007987504 0.7180065569311778 0.7174263130636053 0.7168460691960327 0.7162658253284601 0.7156855814608875 0.715105337593315 0.7145250937257414 0.7139448498581688 0.7133646059905963 0.7127843621230237 0.712204118255451 0.7116238743878786 0.711043630520306 0.7104633866527333 0.7098831427851608 0.7093028989175882 0.7087226550500156 0.7081424111824431 0.7075621673148705 0.7069819234472969 0.7064016795797244 0.7058214357121518 0.7052411918445792 0.7046609479770067 0.7040807041094341 0.7030671559400794 0.70159039567014 0.7001136354002006 0.6986368751302612 0.6971601148603217 0.6956833545903822 0.6942065943204428 0.6927298340505008 0.6912530737805614 0.689776313510622 0.6882995532406825 0.6868227929707431 0.6853460327008036 0.6838692724308643
0.7276241301067092 0.7270537191804853 0.7264833082542614 0.7259128973280375 0.7253424864018136 0.7247720754755897 0.7242016645493659 0.723631253623142 0.7230608426969181 0.7224904317706942 0.7219200208444703 0.7213496099182454 0.7207791989920215 0.7202087880657976 0.7196383771395737 0.7190679662133498 0.7184975552871259 0.717927144360902 0.7173567334346781 0.7167863225084542 0.7162159115822303 0.7156455006560064 0.7150750897297825 0.7145046788035586 0.7139342678773337 0.7133638569511098 0.7127934460248859 0.712223035098662 0.7116526241724381 0.7110822132462142 0.710039598220917 0.70849218633176 0.7069447744426031 0.7053973625534462 0.7038499506642892 0.7023025387751323 0.7007551268859753 0.6992077149968158 0.6976603031076588 0.6961128912185018 0.6945654793293449 0.6930180674401879 0.691470655551031 0.6899232436618741
0.7343404839443836 0.7337799059595084 0.7332193279746332 0.7326587499897579 0.7320981720048827 0.7315375940200075 0.7309770160351323 0.730416438050257 0.7298558600653818 0.7292952820805066 0.7287347040956315 0.7281741261107553 0.72761354812588 0.7270529701410048 0.7264923921561296 0.7259318141712544 0.7253712361863791 0.7248106582015039 0.7242500802166287 0.7236895022317535 0.7231289242468782 0.7225683462620031 0.7220077682771279 0.7214471902922526 0.7208866123073765 0.7203260343225012 0.719765456337626 0.7192048783527508 0.7186443003678756 0.7180837223830003 0.7170120405017605 0.715393976993386 0.7137759134850115 0.712157849976637 0.7105397864682624 0.708921722959888 0.7073036594515134 0.7056855959431362 0.7040675324347616 0.7024494689263872 0.7008314054180126 0.6992133419096381 0.6975952784012636 0.6959772148928891
0.7410568377820522 0.7405060927385257 0.7399553476949992 0.7394046026514727 0.7388538576079461 0.7383031125644196 0.737752367520893 0.7372016224773664 0.73665087743384 0.7361001323903134 0.7355493873467869 0.7349986423032594 0.7344478972597328 0.7338971522162062 0.7333464071726797 0.7327956621291531 0.7322449170856267 0.7316941720421001 0.7311434269985735 0.730592681955047 0.7300419369115204 0.7294911918679939 0.7289404468244673 0.7283897017809409 0.7278389567374133 0.7272882116938868 0.7267374666503602 0.7261867216068337 0.7256359765633071 0.7250852315197807 0.7239844827825982 0.7222957676550061 0.7206070525274141 0.7189183373998221 0.7172296222722301 0.715540907144638 0.7138521920170461 0.7121634768894511 0.7104747617618591 0.7087860466342671 0.7070973315066751 0.7054086163790831 0.7037199012514911 0.702031186123899
0.7477731916197209 0.747232279517543 0.7466913674153651 0.7461504553131872 0.7456095432110094 0.7450686311088315 0.7445277190066536 0.7439868069044757 0.7434458948022978 0.7429049827001201 0.7423640705979422 0.7418231584957633 0.7412822463935855 0.7407413342914076 0.7402004221892298 0.7396595100870519 0.739118597984874 0.7385776858826961 0.7380367737805182 0.7374958616783404 0.7369549495761625 0.7364140374739846 0.7358731253718067 0.7353322132696289 0.7347913011674501 0.7342503890652722 0.7337094769630943 0.7331685648609165 0.7326276527587386 0.7320867406565608 0.7309569250634357 0.7291975583166261 0.7274381915698166 0.7256788248230072 0.7239194580761976 0.7221600913293881 0.7204007245825785 0.718641357835766 0.7168819910889566 0.715122624342147 0.7133632575953375 0.7116038908485279 0.7098445241017184 0.7080851573549088
0.7536107341403889 0.7531212483143059 0.7526317624882228 0.7521422766621398 0.7516527908360568 0.7511633050099739 0.7506738191838908 0.7501843333578078 0.7496948475317248 0.7492053617056418 0.7487158758795587 0.7482263900534749 0.7477369042273918 0.7472474184013088 0.7467579325752258 0.7462684467491428 0.7457789609230598 0.7452894750969767 0.7447999892708937 0.7443105034448108 0.7438210176187278 0.7433315317926447 0.7428420459665617 0.7423525601404787 0.7418630743143948 0.7413735884883118 0.7408841026622288 0.7403946168361457 0.7399051310100627 0.7394156451839797 0.7382999901932753 0.7365149462007243 0.7347299022081734 0.7329448582156224 0.7311598142230714 0.7293747702305204 0.7275897262379696 0.7258046822454155 0.7240196382528645 0.7222345942603137 0.7204495502677627 0.7186645062752117 0.7168794622826608 0.7150944182901098
0.7585088827706896 0.7581152838731586 0.7577216849756276 0.7573280860780965 0.7569344871805656 0.7565408882830346 0.7561472893855035 0.7557536904879725 0.7553600915904415 0.7549664926929105 0.7545728937953794 0.7541792948978477 0.7537856960003168 0.7533920971027857 0.7529984982052547 0.7526048993077237 0.7522113004101927 0.7518177015126616 0.7514241026151306 0.7510305037175996 0.7506369048200685 0.7502433059225375 0.7498497070250065 0.7494561081274754 0.7490625092299438 0.7486689103324128 0.7482753114348818 0.7478817125373507 0.7474881136398197 0.7470945147422887 0.7460392277815799 0.7442765813129784 0.7425139348443769 0.7407512883757753 0.7389886419071737 0.7372259954385723 0.7354633489699707 0.7337007025013661 0.7319380560327646 0.730175409564163 0.7284127630955615 0.7266501166269599 0.7248874701583584 0.7231248236897568
0.7634070314009904 0.7631093194320113 0.7628116074630323 0.7625138954940534 0.7622161835250743 0.7619184715560953 0.7616207595871163 0.7613230476181372 0.7610253356491582 0.7607276236801792 0.7604299117112002 0.7601321997422207 0.7598344877732416 0.7595367758042626 0.7592390638352836 0.7589413518663045 0.7586436398973255 0.7583459279283465 0.7580482159593674 0.7577505039903885 0.7574527920214095 0.7571550800524304 0.7568573680834514 0.7565596561144724 0.7562619441454929 0.7559642321765139 0.7556665202075348 0.7553688082385558 0.7550710962695768 0.7547733843005977 0.7537784653698847 0.7520382164252326 0.7502979674805804 0.7485577185359283 0.7468174695912762 0.7450772206466241 0.7433369717019719 0.7415967227573168 0.7398564738126646 0.7381162248680125 0.7363759759233603 0.7346357269787083 0.7328954780340561 0.731155229089404
0.7683051800312911 0.7681033549908641 0.767901529950437 0.76769970491001 0.7674978798695831 0.767296054829156 0.767094229788729 0.766892404748302 0.7666905797078749 0.7664887546674479 0.7662869296270208 0.7660851045865935 0.7658832795461665 0.7656814545057394 0.7654796294653124 0.7652778044248854 0.7650759793844584 0.7648741543440314 0.7646723293036043 0.7644705042631773 0.7642686792227503 0.7640668541823232 0.7638650291418962 0.7636632041014692 0.7634613790610418 0.7632595540206148 0.7630577289801878 0.7628559039397608 0.7626540788993337 0.7624522538589067 0.7615177029581894 0.7597998515374866 0.758082000116784 0.7563641486960813 0.7546462972753785 0.7529284458546758 0.751210594433973 0.7494927430132674 0.7477748915925646 0.7460570401718619 0.7443391887511592 0.7426213373304564 0.7409034859097537 0.739185634489051
0.7732033286615961 0.7730973905497212 0.7729914524378463 0.7728855143259713 0.7727795762140963 0.7726736381022214 0.7725676999903465 0.7724617618784715 0.7723558237665965 0.7722498856547216 0.7721439475428467 0.7720380094309716 0.7719320713190966 0.7718261332072216 0.7717201950953467 0.7716142569834717 0.7715083188715968 0.7714023807597218 0.7712964426478469 0.7711905045359719 0.771084566424097 0.7709786283122221 0.7708726902003471 0.7707667520884721 0.770660813976597 0.770554875864722 0.7704489377528471 0.7703429996409722 0.7702370615290972 0.7701311234172222 0.7692569405465007 0.7675614866497474 0.7658660327529941 0.7641705788562408 0.7624751249594875 0.7607796710627343 0.759084217165981 0.7573887632692248 0.7556933093724714 0.7539978554757181 0.7523024015789648 0.7506069476822115 0.7489114937854582 0.7472160398887049
0.7781014772918969 0.778091426108574 0.778081374925251 0.778071323741928 0.778061272558605 0.7780512213752822 0.7780411701919592 0.7780311190086362 0.7780210678253132 0.7780110166419903 0.7780009654586674 0.7779909142753444 0.7779808630920214 0.7779708119086984 0.7779607607253756 0.7779507095420526 0.7779406583587296 0.7779306071754066 0.7779205559920838 0.7779105048087608 0.7779004536254378 0.7778904024421148 0.777880351258792 0.777870300075469 0.777860248892146 0.777850197708823 0.7778401465255 0.7778300953421772 0.7778200441588542 0.7778099929755312 0.7769961781348054 0.7753231217620016 0.7736500653891977 0.7719770090163938 0.7703039526435899 0.768630896270786 0.766957839897982 0.7652847835251753 0.7636117271523714 0.7619386707795676 0.7602656144067637 0.7585925580339598 0.7569195016611558 0.7552464452883519
0.7829996259221976 0.7830854616674267 0.7831712974126557 0.7832571331578848 0.7833429689031138 0.7834288046483429 0.7835146403935719 0.7836004761388009 0.7836863118840299 0.7837721476292591 0.7838579833744881 0.7839438191197172 0.7840296548649462 0.7841154906101754 0.7842013263554044 0.7842871621006334 0.7843729978458625 0.7844588335910915 0.7845446693363205 0.7846305050815496 0.7847163408267787 0.7848021765720077 0.7848880123172367 0.7849738480624657 0.785059683807695 0.785145519552924 0.785231355298153 0.785317191043382 0.7854030267886111 0.7854888625338402 0.7847354157231101 0.7830847568742556 0.7814340980254011 0.7797834391765467 0.7781327803276922 0.7764821214788377 0.7748314626299831 0.7731808037811259 0.7715301449322715 0.7698794860834169 0.7682288272345624 0.7665781683857079 0.7649275095368535 0.763276850687999
