Figures/CREST_Example_wjb_NSE/PETs/wjb.pet.20100726.asc
ncols            288
nrows            254
xllcorner        113.274861
yllcorner        31.4918055
cellsize         0.008333333333
NODATA_value     -9999
[rows 160 to 179 of 254, columns 176 to 219 of 288]
3.69046302432676 3.6910719922085464 3.691680960090333 3.692289927972119 3.6928988958539053 3.6935078637356913 3.6941168316174786 3.694725799499265 3.695334767381051 3.6959437352628375 3.6965527031446235 3.69716167102641 3.6977706389081964 3.6983796067899823 3.698988574671769 3.6995975425535548 3.700344788965675 3.701239858255496 3.702134927545317 3.7030299968351397 3.703925066124961 3.7048201354147823 3.705715204704603 3.7066102739944244 3.7075053432842453 3.7084004125740666 3.7092954818638875 3.7101905511537088 3.7110856204435296 3.711980689733351 3.712875759023172 3.713770828312993 3.7146658976028157 3.715560966892637 3.716456036182458 3.717351105472279 3.7182461747621 3.7191412440519214 3.7200363133417422 3.7209313826315635 3.7218264519213844 3.7227215212112057 3.7236165905010266 3.724511659790848
3.6966099737341946 3.69716869044639 3.697727407158585 3.6982861238707803 3.6988448405829755 3.6994035572951707 3.6999622740073668 3.7005209907195624 3.7010797074317576 3.701638424143953 3.702197140856148 3.7027558575683432 3.7033145742805385 3.7038732909927337 3.704432007704929 3.704990724417124 3.7057260380988377 3.7066501379367565 3.707574237774675 3.7084983376125953 3.709422437450514 3.7103465372884328 3.7112706371263515 3.71219473696427 3.7131188368021886 3.7140429366401073 3.714967036478026 3.715891136315945 3.7168152361538636 3.7177393359917823 3.7186634358297006 3.7195875356676193 3.72051163550554 3.7214357353434586 3.722359835181377 3.7232839350192957 3.7242080348572144 3.725132134695133 3.726056234533052 3.7269803343709706 3.727904434208889 3.7288285340468077 3.7297526338847264 3.730676733722645
3.7027569231416284 3.7032653886842324 3.703773854226837 3.7042823197694412 3.704790785312045 3.7052992508546496 3.705807716397255 3.706316181939859 3.7068246474824633 3.7073331130250677 3.7078415785676717 3.708350044110276 3.7088585096528806 3.7093669751954845 3.709875440738089 3.710383906280693 3.7111072872319997 3.7120604176180163 3.7130135480040325 3.7139666783900505 3.7149198087760666 3.715872939162083 3.716826069548099 3.717779199934115 3.718732330320132 3.719685460706148 3.720638591092164 3.7215917214781804 3.7225448518641966 3.7234979822502132 3.7244511126362294 3.7254042430222456 3.7263573734082636 3.7273105037942798 3.728263634180296 3.729216764566312 3.7301698949523288 3.731123025338345 3.732076155724361 3.7330292861103773 3.7339824164963935 3.73493554688241 3.7358886772684263 3.7368418076544425
3.7089038725490675 3.7093620869220807 3.709820301295094 3.710278515668107 3.7107367300411203 3.7111949444141334 3.7116531587871475 3.7121113731601607 3.712569587533174 3.713027801906187 3.7134860162792003 3.7139442306522135 3.7144024450252267 3.7148606593982403 3.7153188737712535 3.7157770881442667 3.7164885363651665 3.71747069729928 3.718452858233394 3.7194350191675096 3.7204171801016237 3.7213993410357378 3.7223815019698514 3.7233636629039655 3.7243458238380795 3.725327984772193 3.7263101457063073 3.727292306640421 3.728274467574535 3.729256628508649 3.7302387894427627 3.7312209503768767 3.732203111310992 3.733185272245106 3.73416743317922 3.735149594113334 3.736131755047448 3.7371139159815616 3.7380960769156757 3.7390782378497893 3.7400603987839034 3.7410425597180175 3.742024720652131 3.743006881586245
3.7150508219565017 3.715458785159924 3.715866748363346 3.7162747115667685 3.716682674770191 3.717090637973613 3.7174986011770357 3.717906564380458 3.7183145275838805 3.7187224907873024 3.719130453990725 3.719538417194147 3.719946380397569 3.7203543436009916 3.7207623068044136 3.721170270007836 3.721869785498329 3.7228809769805404 3.723892168462752 3.7249033599449652 3.7259145514271768 3.7269257429093883 3.7279369343916 3.728948125873811 3.7299593173560224 3.730970508838234 3.7319817003204454 3.732992891802657 3.7340040832848684 3.73501527476708 3.7360264662492915 3.737037657731503 3.738048849213716 3.7390600406959273 3.740071232178139 3.7410824236603504 3.742093615142562 3.7431048066247734 3.744115998106985 3.745127189589196 3.7461383810714075 3.747149572553619 3.7481607640358305 3.749171955518042
3.7211977713639355 3.7215554833977667 3.7219131954315983 3.7222709074654294 3.7226286194992606 3.7229863315330918 3.723344043566924 3.723701755600755 3.724059467634586 3.7244171796684173 3.7247748917022485 3.7251326037360797 3.725490315769911 3.7258480278037425 3.7262057398375736 3.726563451871405 3.7272510346314913 3.7282912566618003 3.7293314786921092 3.73037170072242 3.7314119227527294 3.7324521447830383 3.7334923668133473 3.7345325888436562 3.7355728108739656 3.7366130329042746 3.7376532549345836 3.7386934769648925 3.739733698995202 3.740773921025511 3.74181414305582 3.742854365086129 3.7438945871164395 3.744934809146749 3.745975031177058 3.747015253207367 3.748055475237676 3.749095697267985 3.750135919298294 3.751176141328603 3.752216363358912 3.7532565853892215 3.7542968074195304 3.7553370294498394
3.7273447207713697 3.72765218163561 3.72795964249985 3.7282671033640904 3.728574564228331 3.7288820250925707 3.7291894859568115 3.729496946821052 3.729804407685292 3.7301118685495323 3.7304193294137726 3.7307267902780126 3.731034251142253 3.7313417120064933 3.7316491728707333 3.7319566337349737 3.7326322837646533 3.73370153634306 3.7347707889214665 3.735840041499875 3.736909294078282 3.7379785466566884 3.7390477992350952 3.7401170518135016 3.7411863043919085 3.7422555569703153 3.7433248095487217 3.7443940621271286 3.745463314705535 3.746532567283942 3.747601819862348 3.748671072440755 3.7497403250191637 3.75080957759757 3.751878830175977 3.7529480827543833 3.75401733533279 3.755086587911197 3.7561558404896034 3.7572250930680102 3.7582943456464166 3.7593635982248235 3.76043285080323 3.7615021033816367
3.733491670178804 3.733748879873453 3.7340060895681026 3.734263299262752 3.734520508957401 3.73477771865205 3.7350349283466997 3.735292138041349 3.7355493477359984 3.7358065574306476 3.7360637671252968 3.736320976819946 3.736578186514595 3.7368353962092447 3.737092605903894 3.737349815598543 3.738013532897816 3.7391118160243204 3.7402100991508247 3.7413083822773308 3.742406665403835 3.743504948530339 3.744603231656843 3.7457015147833475 3.7467997979098517 3.747898081036356 3.7489963641628603 3.7500946472893646 3.751192930415869 3.7522912135423727 3.753389496668877 3.7544877797953813 3.7555860629218873 3.7566843460483916 3.757782629174896 3.7588809123014 3.7599791954279045 3.7610774785544088 3.762175761680913 3.7632740448074173 3.764372327933921 3.7654706110604255 3.7665688941869298 3.767667177313434
3.7396386195862377 3.739845578111296 3.7400525366363544 3.7402594951614123 3.7404664536864707 3.740673412211529 3.7408803707365874 3.7410873292616458 3.741294287786704 3.7415012463117625 3.7417082048368204 3.741915163361879 3.742122121886937 3.7423290804119955 3.7425360389370534 3.742742997462112 3.743394782030978 3.7445220957055803 3.745649409380182 3.7467767230547855 3.7479040367293877 3.7490313504039894 3.750158664078591 3.751285977753193 3.7524132914277946 3.7535406051023967 3.7546679187769985 3.7557952324516 3.756922546126202 3.758049859800804 3.759177173475406 3.7603044871500075 3.7614318008246115 3.762559114499213 3.763686428173815 3.7648137418484167 3.7659410555230184 3.7670683691976206 3.7681956828722223 3.769322996546824 3.7704503102214257 3.771577623896028 3.7727049375706296 3.7738322512452314
3.745785568993672 3.745942276349139 3.746098983704606 3.7462556910600737 3.746412398415541 3.746569105771008 3.7467258131264756 3.7468825204819427 3.74703922783741 3.7471959351928774 3.7473526425483445 3.7475093499038117 3.747666057259279 3.7478227646147464 3.7479794719702135 3.7481361793256807 3.7487760311641405 3.7499323753868397 3.7510887196095393 3.7522450638322407 3.75340140805494 3.7545577522776394 3.755714096500339 3.756870440723038 3.758026784945738 3.759183129168437 3.7603394733911366 3.761495817613836 3.7626521618365354 3.763808506059235 3.764964850281934 3.766121194504634 3.767277538727335 3.7684338829500343 3.769590227172734 3.770746571395433 3.7719029156181327 3.7730592598408323 3.7742156040635315 3.775371948286231 3.7765282925089303 3.77768463673163 3.778840980954329 3.7799973251770287
3.7519325184011114 3.7520389745869873 3.7521454307728637 3.75225188695874 3.752358343144616 3.7524647993304923 3.7525712555163686 3.752677711702245 3.7527841678881213 3.752890624073997 3.7529970802598736 3.75310353644575 3.753209992631626 3.753316448817502 3.7534229050033785 3.7535293611892544 3.7541572802973073 3.7553426550681044 3.7565280298389014 3.7577134046097007 3.7588987793804973 3.7600841541512944 3.7612695289220914 3.7624549036928885 3.7636402784636855 3.7648256532344826 3.7660110280052796 3.7671964027760767 3.7683817775468738 3.769567152317671 3.770752527088468 3.771937901859265 3.7731232766300637 3.774308651400861 3.775494026171658 3.776679400942455 3.777864775713252 3.779050150484049 3.7802355252548456 3.7814209000256427 3.7826062747964397 3.783791649567237 3.784977024338034 3.786162399108831
3.758079467808545 3.7581356728248303 3.7581918778411154 3.7582480828574005 3.758304287873686 3.758360492889971 3.7584166979062563 3.758472902922542 3.758529107938827 3.758585312955112 3.7586415179713972 3.7586977229876823 3.758753928003968 3.758810133020253 3.758866338036538 3.7589225430528233 3.7595385294304697 3.7607529347493642 3.7619673400682587 3.7631817453871554 3.76439615070605 3.765610556024945 3.7668249613438394 3.768039366662734 3.7692537719816284 3.7704681773005233 3.771682582619418 3.7728969879383123 3.7741113932572072 3.7753257985761017 3.7765402038949962 3.7777546092138907 3.7789690145327874 3.780183419851682 3.781397825170577 3.7826122304894714 3.783826635808366 3.7850410411272604 3.7862554464461553 3.78746985176505 3.7886842570839443 3.7898986624028392 3.7911130677217337 3.7923274730406282
3.7642264172159794 3.7642323710626737 3.7642383249093676 3.764244278756062 3.7642502326027563 3.7642561864494506 3.764262140296145 3.764268094142839 3.764274047989533 3.7642800018362275 3.764285955682922 3.7642919095296157 3.76429786337631 3.7643038172230043 3.7643097710696987 3.7643157249163925 3.764919778563632 3.7661632144306245 3.7674066502976165 3.768650086164611 3.769893522031603 3.7711369578985954 3.7723803937655873 3.7736238296325797 3.774867265499572 3.776110701366564 3.7773541372335564 3.7785975731005483 3.7798410089675407 3.7810844448345327 3.782327880701525 3.7835713165685174 3.7848147524355116 3.7860581883025035 3.787301624169496 3.7885450600364883 3.78978849590348 3.7910319317704726 3.7922753676374645 3.793518803504457 3.794762239371449 3.7960056752384412 3.7972491111054336 3.7984925469724256
3.770373366623413 3.7703290693005163 3.77028477197762 3.770240474654723 3.770196177331826 3.7701518800089295 3.7701075826860326 3.7700632853631357 3.770018988040239 3.7699746907173424 3.7699303933944455 3.7698860960715486 3.769841798748652 3.769797501425755 3.7697532041028583 3.7697089067799614 3.7703010276967945 3.7715734941118844 3.772845960526974 3.774118426942066 3.7753908933571556 3.7766633597722454 3.7779358261873353 3.779208292602425 3.780480759017515 3.7817532254326047 3.7830256918476945 3.7842981582627844 3.785570624677874 3.7868430910929636 3.7881155575080534 3.7893880239231432 3.7906604903382353 3.791932956753325 3.793205423168415 3.7944778895835047 3.7957503559985946 3.7970228224136844 3.798295288828774 3.7995677552438636 3.8008402216589534 3.8021126880740432 3.803385154489133 3.804657620904223
3.7765203160308474 3.7764257675383597 3.7763312190458715 3.776236670553384 3.776142122060896 3.7760475735684085 3.7759530250759203 3.7758584765834327 3.775763928090945 3.7756693795984573 3.7755748311059696 3.7754802826134815 3.7753857341209938 3.775291185628506 3.7751966371360184 3.7751020886435307 3.7756822768299565 3.7769837737931438 3.7782852707563315 3.779586767719521 3.780888264682708 3.782189761645896 3.783491258609083 3.7847927555722705 3.7860942525354577 3.7873957494986454 3.7886972464618327 3.78999874342502 3.7913002403882072 3.792601737351395 3.793903234314582 3.7952047312777695 3.796506228240959 3.7978077252041467 3.799109222167334 3.800410719130521 3.8017122160937085 3.803013713056896 3.8043152100200834 3.8056167069832707 3.806918203946458 3.8082197009096457 3.809521197872833 3.81082269483602
3.782667265438281 3.7825224657762027 3.7823776661141237 3.782232866452045 3.7820880667899663 3.7819432671278874 3.7817984674658085 3.7816536678037296 3.7815088681416507 3.781364068479572 3.7812192688174933 3.7810744691554143 3.780929669493336 3.780784869831257 3.780640070169178 3.7804952705070995 3.781063525963119 3.7823940534744036 3.7837245809856888 3.785055108496976 3.786385636008261 3.787716163519546 3.7890466910308307 3.790377218542116 3.791707746053401 3.7930382735646857 3.794368801075971 3.7956993285872556 3.7970298560985407 3.798360383609826 3.7996909111211106 3.8010214386323957 3.8023519661436826 3.803682493654968 3.805013021166253 3.8063435486775377 3.807674076188823 3.8090046037001075 3.8103351312113927 3.811665658722678 3.8129961862339625 3.8143267137452477 3.8156572412565324 3.8169877687678175
3.7888142148457207 3.7886191640140505 3.788424113182381 3.788229062350711 3.7880340115190414 3.7878389606873717 3.7876439098557015 3.7874488590240314 3.7872538081923617 3.787058757360692 3.7868637065290223 3.7866686556973526 3.7864736048656824 3.7862785540340127 3.786083503202343 3.7858884523706733 3.7864447750962857 3.7878043331556683 3.789163891215051 3.7905234492744357 3.7918830073338183 3.793242565393201 3.7946021234525835 3.795961681511966 3.7973212395713487 3.7986807976307313 3.800040355690114 3.8013999137494965 3.802759471808879 3.8041190298682617 3.8054785879276443 3.806838145987027 3.8081977040464117 3.8095572621057943 3.810916820165177 3.8122763782245594 3.8136359362839416 3.814995494343324 3.816355052402707 3.8177146104620894 3.819074168521472 3.8204337265808546 3.821793284640237 3.8231528426996197
3.7949611642531544 3.794715862251894 3.794470560250633 3.794225258249372 3.7939799562481116 3.7937346542468506 3.7934893522455893 3.7932440502443283 3.792998748243068 3.792753446241807 3.792508144240546 3.7922628422392854 3.7920175402380245 3.7917722382367636 3.791526936235503 3.791281634234242 3.791826024229448 3.793214612836928 3.794603201444408 3.795991790051891 3.797380378659371 3.798768967266851 3.8001575558743315 3.8015461444818115 3.8029347330892915 3.804323321696772 3.805711910304252 3.807100498911732 3.808489087519212 3.8098776761266926 3.8112662647341726 3.8126548533416527 3.8140434419491354 3.8154320305566154 3.8168206191640954 3.818209207771576 3.819597796379056 3.820986384986536 3.8223749735940165 3.8237635622014965 3.8251521508089765 3.8265407394164566 3.827929328023937 3.829317916631417
3.800420030735002 3.8001467494260983 3.7998734681171946 3.799600186808291 3.7993269054993872 3.7990536241904835 3.7987803428815794 3.7985070615726757 3.798233780263772 3.7979604989548683 3.7976872176459646 3.797413936337061 3.7971406550281572 3.7968673737192535 3.79659409241035 3.796320811101446 3.7968455245452466 3.798223312435603 3.7996011003259587 3.800978888216317 3.802356676106673 3.8037344639970287 3.8051122518873846 3.806490039777741 3.8078678276680966 3.8092456155584524 3.8106234034488087 3.8120011913391645 3.8133789792295203 3.814756767119876 3.8161345550102324 3.817512342900588 3.8188901307909466 3.8202679186813024 3.8216457065716583 3.8230234944620145 3.8244012823523703 3.825779070242726 3.827156858133082 3.828534646023438 3.829912433913794 3.83129022180415 3.832668009694506 3.834045797584862
3.80514337994121 3.8048659265412277 3.804588473141245 3.8043110197412626 3.80403356634128 3.8037561129412976 3.8034786595413146 3.803201206141332 3.8029237527413495 3.802646299341367 3.8023688459413845 3.802091392541402 3.8018139391414194 3.801536485741437 3.8012590323414543 3.800981578941472 3.8014783381773345 3.8028027482387214 3.804127158300109 3.805451568361498 3.806775978422885 3.808100388484272 3.809424798545659 3.810749208607046 3.812073618668433 3.81339802872982 3.814722438791207 3.816046848852594 3.817371258913981 3.818695668975368 3.820020079036755 3.8213444890981423 3.8226688991595315 3.8239933092209184 3.8253177192823054 3.8266421293436923 3.8279665394050792 3.8292909494664666 3.8306153595278536 3.8319397695892405 3.8332641796506275 3.8345885897120144 3.8359129997734014 3.8372374098347883
