Figures/CREST_Example_wjb_NSE/PETs/wjb.pet.20090417.asc
ncols            288
nrows            254
xllcorner        113.274861
yllcorner        31.4918055
cellsize         0.008333333333
NODATA_value     -9999
[rows 200 to 219 of 254, columns 132 to 175 of 288]
2.2309284943221908 2.2343178874907563 2.237707280659322 2.2410966738278875 2.244486066996453 2.2478754601650186 2.251264853333584 2.2546542465021497 2.2580436396707153 2.261433032839281 2.2648224260078464 2.2682118191764182 2.271601212344984 2.2749906055135494 2.278379998682115 2.2817693918506805 2.285158785019246 2.2885481781878116 2.291937571356377 2.295326964524943 2.2987163576935083 2.302105750862074 2.3054951440306395 2.308884537199205 2.312273930367777 2.3156633235363424 2.319052716704908 2.3224421098734735 2.325831503042039 2.3292208962106047 2.332970653250202 2.3371056474198926 2.341240641589583 2.345375635759273 2.3495106299289636 2.353645624098654 2.357780618268344 2.361915612438042 2.366050606607732 2.3701856007774222 2.374320594947113 2.378455589116803 2.3825905832864933 2.386725577456184
2.2328167073482876 2.2361980685225844 2.2395794296968816 2.2429607908711784 2.2463421520454756 2.249723513219773 2.2531048743940696 2.2564862355683664 2.2598675967426636 2.263248957916961 2.2666303190912576 2.27001168026556 2.2733930414398573 2.276774402614154 2.2801557637884513 2.283537124962748 2.2869184861370453 2.290299847311342 2.2936812084856393 2.297062569659936 2.3004439308342333 2.30382529200853 2.3072066531828272 2.310588014357124 2.313969375531427 2.317350736705724 2.320732097880021 2.3241134590543178 2.327494820228615 2.3308761814029118 2.3346040338923384 2.338702293435781 2.3428005529792237 2.346898812522666 2.3509970720661086 2.3550953316095513 2.359193591152994 2.3632918506964433 2.367390110239886 2.371488369783328 2.375586629326771 2.3796848888702136 2.3837831484136562 2.3878814079570985
2.234704920374385 2.2380782495544134 2.241451578734442 2.24482490791447 2.2481982370944986 2.251571566274527 2.254944895454555 2.2583182246345834 2.261691553814612 2.2650648829946403 2.2684382121746687 2.271811541354703 2.275184870534731 2.2785581997147593 2.2819315288947877 2.285304858074816 2.2886781872548445 2.292051516434873 2.2954248456149013 2.2987981747949293 2.3021715039749577 2.305544833154986 2.3089181623350146 2.312291491515043 2.315664820695077 2.3190381498751056 2.3224114790551336 2.325784808235162 2.3291581374151904 2.332531466595219 2.3362374145344744 2.3402989394516696 2.3443604643688642 2.348421989286059 2.3524835142032536 2.3565450391204483 2.360606564037643 2.364668088954845 2.3687296138720395 2.372791138789234 2.376852663706429 2.3809141886236236 2.3849757135408187 2.3890372384580134
2.236593133400482 2.239958430586242 2.2433237277720015 2.246689024957761 2.2500543221435207 2.253419619329281 2.2567849165150404 2.2601502137008 2.2635155108865597 2.2668808080723197 2.2702461052580793 2.2736114024438447 2.2769766996296044 2.2803419968153644 2.283707294001124 2.2870725911868837 2.2904378883726433 2.2938031855584033 2.297168482744163 2.3005337799299226 2.303899077115682 2.3072643743014423 2.310629671487202 2.3139949686729615 2.317360265858727 2.320725563044487 2.3240908602302466 2.327456157416006 2.330821454601766 2.334186751787526 2.3378707951766105 2.3418955854675576 2.3459203757585048 2.3499451660494515 2.3539699563403986 2.3579947466313453 2.3620195369222925 2.3660443272132463 2.370069117504193 2.37409390779514 2.378118698086087 2.382143488377034 2.3861682786679808 2.390193068958928
2.23848134642658 2.241838611618071 2.245195876809562 2.248553142001053 2.251910407192544 2.2552676723840355 2.2586249375755263 2.2619822027670176 2.265339467958509 2.2686967331499996 2.272053998341491 2.2754112635329875 2.2787685287244788 2.2821257939159696 2.285483059107461 2.288840324298952 2.292197589490443 2.295554854681934 2.2989121198734255 2.3022693850649163 2.3056266502564076 2.3089839154478984 2.3123411806393896 2.315698445830881 2.3190557110223775 2.3224129762138688 2.3257702414053596 2.329127506596851 2.332484771788342 2.335842036979833 2.3395041758187474 2.3434922314834465 2.3474802871481453 2.3514683428128444 2.3554563984775436 2.359444454142243 2.363432509806942 2.3674205654716483 2.371408621136347 2.375396676801046 2.3793847324657453 2.3833727881304445 2.3873608437951437 2.391348899459843
2.2403695594526774 2.2437187926499 2.2470680258471223 2.2504172590443448 2.253766492241567 2.2571157254387897 2.260464958636012 2.2638141918332346 2.267163425030457 2.2705126582276796 2.273861891424902 2.27721112462213 2.2805603578193523 2.2839095910165748 2.2872588242137972 2.2906080574110197 2.293957290608242 2.2973065238054646 2.300655757002687 2.3040049901999096 2.307354223397132 2.3107034565943545 2.314052689791577 2.3174019229887994 2.3207511561860277 2.32410038938325 2.3274496225804726 2.330798855777695 2.3341480889749175 2.33749732217214 2.3411375564608834 2.3450888774993346 2.349040198537786 2.3529915195762374 2.3569428406146886 2.36089416165314 2.3648454826915914 2.3687968037300493 2.3727481247685005 2.376699445806952 2.3806507668454033 2.3846020878838545 2.388553408922306 2.3925047299607574
2.2422577724787742 2.245598973681728 2.248940174884682 2.2522813760876357 2.25562257729059 2.2589637784935435 2.262304979696497 2.2656461808994512 2.268987382102405 2.2723285833053586 2.2756697845083127 2.279010985711272 2.282352186914226 2.28569338811718 2.2890345893201336 2.2923757905230873 2.2957169917260414 2.299058192928995 2.3023993941319487 2.305740595334903 2.3090817965378565 2.3124229977408106 2.3157641989437643 2.319105400146718 2.3224466013496774 2.3257878025526315 2.329129003755585 2.3324702049585393 2.335811406161493 2.3391526073644466 2.3427709371030194 2.346685523515223 2.3506001099274263 2.35451469633963 2.3584292827518336 2.3623438691640373 2.3662584555762405 2.370173041988451 2.3740876284006545 2.378002214812858 2.3819168012250613 2.385831387637265 2.3897459740494686 2.3936605604616723
2.244145985504872 2.2474791547135573 2.2508123239222426 2.254145493130928 2.257478662339613 2.260811831548298 2.2641450007569834 2.2674781699656688 2.2708113391743536 2.274144508383039 2.2774776775917243 2.280810846800415 2.2841440160091 2.2874771852177855 2.290810354426471 2.2941435236351557 2.297476692843841 2.3008098620525264 2.3041430312612117 2.3074762004698965 2.310809369678582 2.314142538887267 2.3174757080959525 2.3208088773046374 2.3241420465133285 2.3274752157220138 2.330808384930699 2.334141554139384 2.3374747233480693 2.3408078925567546 2.3444043177451563 2.348282169531112 2.3521600213170677 2.3560378731030234 2.359915724888979 2.3637935766749347 2.3676714284608904 2.3715492802468527 2.375427132032809 2.3793049838187645 2.38318283560472 2.387060687390676 2.3909385391766316 2.3948163909625872
2.248773818880783 2.252035972215734 2.2552981255506848 2.2585602788856356 2.261822432220587 2.2650845855555377 2.2683467388904885 2.2716088922254394 2.27487104556039 2.278133198895341 2.281395352230292 2.2846575055652485 2.2879196589001993 2.29118181223515 2.294443965570101 2.2977061189050523 2.300968272240003 2.304230425574954 2.307492578909905 2.3107547322448556 2.3140168855798064 2.3172790389147573 2.3205411922497086 2.3238033455846594 2.3270654989196156 2.330327652254567 2.3335898055895177 2.3368519589244685 2.3401141122594193 2.34337626559437 2.346916932890099 2.350755337910295 2.35459374293049 2.3584321479506856 2.362270552970881 2.3661089579910763 2.369947363011272 2.3737857680314742 2.3776241730516694 2.381462578071865 2.3853009830920606 2.389139388112256 2.3929777931324514 2.396816198152647
2.2563301337386945 2.259453945402491 2.2625777570662873 2.265701568730084 2.26882538039388 2.2719491920576766 2.275073003721473 2.2781968153852694 2.2813206270490656 2.284444438712862 2.2875682503766583 2.2906920620404603 2.2938158737042564 2.296939685368053 2.300063497031849 2.303187308695646 2.306311120359442 2.3094349320232386 2.3125587436870347 2.3156825553508313 2.3188063670146275 2.321930178678424 2.3250539903422203 2.328177802006017 2.3313016136698184 2.334425425333615 2.337549236997411 2.3406730486612077 2.3437968603250043 2.3469206719888005 2.3503693943024198 2.354165453450656 2.3579615125988926 2.361757571747129 2.3655536308953655 2.3693496900436015 2.373145749191838 2.3769418083400806 2.380737867488317 2.3845339266365535 2.38832998578479 2.3921260449330264 2.3959221040812624 2.399718163229499
2.263886448596609 2.2668719185892505 2.2698573885818925 2.2728428585745344 2.2758283285671763 2.278813798559818 2.2817992685524597 2.2847847385451017 2.2877702085377436 2.2907556785303855 2.293741148523027 2.2967266185156743 2.2997120885083158 2.3026975585009577 2.3056830284935996 2.3086684984862416 2.311653968478883 2.314639438471525 2.317624908464167 2.320610378456809 2.3235958484494508 2.3265813184420923 2.329566788434734 2.332552258427376 2.335537728420023 2.338523198412665 2.341508668405307 2.3444941383979483 2.3474796083905902 2.350465078383232 2.353821855714742 2.3575755689910194 2.3613292822672967 2.3650829955435735 2.3688367088198508 2.372590422096128 2.3763441353724053 2.380097848648689 2.383851561924966 2.3876052752012433 2.3913589884775206 2.395112701753798 2.3988664150300747 2.402620128306352
2.27144276345452 2.2742898917760073 2.2771370200974945 2.279984148418982 2.2828312767404695 2.2856784050619567 2.288525533383444 2.2913726617049313 2.2942197900264185 2.297066918347906 2.2999140466693935 2.3027611749908856 2.305608303312373 2.30845543163386 2.3113025599553474 2.314149688276835 2.3169968165983224 2.3198439449198096 2.322691073241297 2.325538201562784 2.3283853298842714 2.331232458205759 2.3340795865272463 2.3369267148487336 2.3397738431702257 2.342620971491713 2.3454680998132003 2.348315228134688 2.351162356456175 2.3540094847776625 2.3572743171270627 2.360985684531381 2.364697051935699 2.368408419340017 2.372119786744335 2.375831154148653 2.3795425215529713 2.3832538889572956 2.3869652563616137 2.390676623765932 2.39438799117025 2.398099358574568 2.4018107259788857 2.4055220933832038
2.2789990783124314 2.2817078649627645 2.284416651613097 2.28712543826343 2.2898342249137627 2.2925430115640957 2.2952517982144283 2.2979605848647613 2.3006693715150943 2.303378158165427 2.30608694481576 2.3087957314660974 2.31150451811643 2.314213304766763 2.3169220914170956 2.3196308780674286 2.322339664717761 2.3250484513680942 2.327757238018427 2.33046602466876 2.333174811319093 2.3358835979694255 2.3385923846197585 2.341301171270091 2.3440099579204285 2.3467187445707616 2.349427531221094 2.352136317871427 2.3548451045217598 2.357553891172093 2.3607267785393837 2.3643958000717427 2.3680648216041016 2.3717338431364605 2.3754028646688194 2.3790718862011784 2.3827409077335373 2.3864099292659025 2.3900789507982614 2.3937479723306203 2.3974169938629792 2.401086015395338 2.404755036927697 2.408424058460056
2.2865553931703455 2.289125838149524 2.291696283128702 2.2942667281078806 2.296837173087059 2.2994076180662373 2.301978063045415 2.3045485080245935 2.307118953003772 2.3096893979829503 2.3122598429621286 2.314830287941311 2.3174007329204893 2.3199711778996677 2.322541622878846 2.3251120678580244 2.3276825128372023 2.3302529578163806 2.332823402795559 2.3353938477747374 2.3379642927539157 2.3405347377330936 2.343105182712272 2.3456756276914503 2.348246072670633 2.3508165176498115 2.3533869626289894 2.3559574076081677 2.358527852587346 2.3610982975665245 2.3641792399517056 2.3678059156121054 2.371432591272505 2.375059266932905 2.3786859425933047 2.382312618253705 2.3859392939141046 2.3895659695745106 2.3931926452349104 2.39681932089531 2.40044599655571 2.4040726722161097 2.4076993478765094 2.411326023536909
2.294111708028257 2.2965438113362806 2.2989759146443043 2.301408017952328 2.303840121260352 2.3062722245683758 2.3087043278763995 2.311136431184423 2.3135685344924473 2.316000637800471 2.3184327411084946 2.3208648444165227 2.3232969477245464 2.32572905103257 2.328161154340594 2.3305932576486175 2.3330253609566416 2.3354574642646653 2.337889567572689 2.3403216708807126 2.3427537741887363 2.3451858774967604 2.347617980804784 2.350050084112808 2.352482187420836 2.3549142907288596 2.3573463940368833 2.359778497344907 2.362210600652931 2.3646427039609548 2.3676317013640267 2.3712160311524673 2.374800360940908 2.3783846907293484 2.381969020517789 2.38555335030623 2.3891376800946706 2.3927220098831175 2.396306339671558 2.3998906694599986 2.403474999248439 2.40705932903688 2.4106436588253204 2.4142279886137614
2.3016680228861683 2.303961784523038 2.306255546159907 2.3085493077967763 2.3108430694336453 2.3131368310705147 2.315430592707384 2.317724354344253 2.3200181159811226 2.3223118776179916 2.324605639254861 2.326899400891734 2.3291931625286035 2.331486924165473 2.333780685802342 2.3360744474392114 2.3383682090760805 2.34066197071295 2.342955732349819 2.3452494939866884 2.347543255623558 2.349837017260427 2.3521307788972963 2.3544245405341653 2.3567183021710387 2.3590120638079077 2.361305825444777 2.3635995870816466 2.3658933487185156 2.368187110355385 2.3710841627763473 2.3746261466928287 2.3781681306093105 2.381710114525792 2.3852520984422734 2.388794082358755 2.392336066275236 2.395878050191724 2.3994200341082057 2.402962018024687 2.4065040019411685 2.41004598585765 2.4135879697741314 2.4171299536906132
2.3092243377440793 2.311379757709794 2.313535177675509 2.3156905976412236 2.3178460176069384 2.320001437572653 2.322156857538368 2.3243122775040828 2.3264676974697975 2.3286231174355123 2.330778537401227 2.332933957366946 2.3350893773326606 2.3372447972983754 2.33940021726409 2.341555637229805 2.3437110571955198 2.3458664771612345 2.348021897126949 2.3501773170926636 2.3523327370583784 2.354488157024093 2.356643576989808 2.3587989969555228 2.3609544169212415 2.3631098368869563 2.365265256852671 2.367420676818386 2.3695760967841006 2.3717315167498154 2.3745366241886683 2.3780362622331905 2.381535900277713 2.3850355383222355 2.3885351763667577 2.39203481441128 2.3955344524558027 2.3990340905003307 2.4025337285448534 2.4060333665893756 2.409533004633898 2.41303264267842 2.416532280722943 2.420031918767465
2.316780652601994 2.318797730896554 2.320814809191114 2.3228318874856746 2.3248489657802347 2.326866044074795 2.328883122369355 2.3309002006639155 2.3329172789584756 2.3349343572530357 2.3369514355475958 2.3389685138421594 2.34098559213672 2.34300267043128 2.34501974872584 2.3470368270204003 2.349053905314961 2.351070983609521 2.353088061904081 2.355105140198641 2.3571222184932017 2.359139296787762 2.361156375082322 2.363173453376882 2.3651905316714457 2.367207609966006 2.3692246882605663 2.3712417665551264 2.3732588448496865 2.375275923144247 2.37798908560099 2.3814463777735533 2.384903669946117 2.38836096211868 2.3918182542912434 2.3952755464638065 2.3987328386363695 2.402190130808939 2.405647422981502 2.4091047151540654 2.4125620073266285 2.4160192994991916 2.419476591671755 2.422933883844318
2.3243369674599053 2.326215704083311 2.3280944407067166 2.3299731773301224 2.3318519139535283 2.3337306505769337 2.3356093872003396 2.337488123823745 2.339366860447151 2.341245597070557 2.3431243336939622 2.345003070317371 2.346881806940777 2.3487605435641825 2.3506392801875884 2.3525180168109943 2.3543967534343997 2.3562754900578056 2.358154226681211 2.360032963304617 2.3619116999280227 2.363790436551428 2.365669173174834 2.36754790979824 2.3694266464216485 2.3713053830450543 2.37318411966846 2.3750628562918656 2.3769415929152715 2.3788203295386774 2.3814415470133112 2.384856493313915 2.3882714396145195 2.3916863859151234 2.3951013322157273 2.3985162785163316 2.4019312248169356 2.4053461711175457 2.4087611174181496 2.412176063718754 2.415591010019358 2.419005956319962 2.422420902620566 2.4258358489211704
2.3318932823178162 2.3336336772700674 2.3353740722223186 2.33711446717457 2.3388548621268215 2.3405952570790727 2.342335652031324 2.344076046983575 2.3458164419358263 2.3475568368880775 2.3492972318403287 2.3510376267925825 2.3527780217448337 2.354518416697085 2.356258811649336 2.3579992066015873 2.3597396015538386 2.36147999650609 2.3632203914583414 2.3649607864105926 2.366701181362844 2.368441576315095 2.370181971267346 2.3719223662195974 2.3736627611718513 2.3754031561241025 2.3771435510763537 2.378883946028605 2.380624340980856 2.3823647359331073 2.384894008425632 2.388266608854277 2.3916392092829217 2.395011809711567 2.3983844101402116 2.401757010568857 2.4051296109975016 2.4085022114261525 2.4118748118547972 2.4152474122834424 2.418620012712087 2.4219926131407323 2.425365213569377 2.4287378139980222
