Figures/CREST_Example_wjb_NSE/PETs/wjb.pet.20090710.asc
ncols            288
nrows            254
xllcorner        113.274861
yllcorner        31.4918055
cellsize         0.008333333333
NODATA_value     -9999
[rows 60 to 79 of 254, columns 88 to 131 of 288]
2.3534025299388355 2.351226566783401 2.349050603627967 2.346874640472529 2.3446986773170946 2.3425227141616602 2.340346751006226 2.3381707878507916 2.3359948246953572 2.333818861539923 2.3316428983844886 2.3294669352290542 2.32729097207362 2.3251150089181856 2.321834103537109 2.317371989932754 2.312909876328391 2.308447762724036 2.303985649119681 2.2995235355153256 2.2950614219109706 2.2905993083066156 2.2861371947022606 2.281675081097905 2.27721296749355 2.272750853889195 2.26828874028484 2.2638266266804847 2.2593645130761297 2.254902399471767 2.2504402858674117 2.2459781722630567 2.2415160586587017 2.2370539450543467 2.2325918314499913 2.2281297178456363 2.2236676042412813 2.219205490636926 2.214743377032571 2.210281263428216 2.205819149823861 2.2013570362195054 2.196894922615143 2.192432809010788
2.3521967889105593 2.3499641439050505 2.3477314988995417 2.345498853894029 2.34326620888852 2.3410335638830113 2.3388009188775025 2.3365682738719937 2.334335628866485 2.332102983860976 2.3298703388554673 2.3276376938499586 2.3254050488444498 2.323172403838941 2.319829434179282 2.315299502358566 2.3107695705378424 2.3062396387171265 2.3017097068964105 2.2971797750756946 2.2926498432549787 2.2881199114342627 2.283589979613547 2.279060047792831 2.274530115972115 2.270000184151399 2.265470252330683 2.2609403205099676 2.2564103886892517 2.251880456868528 2.247350525047812 2.2428205932270964 2.2382906614063804 2.2337607295856645 2.2292307977649486 2.2247008659442327 2.2201709341235167 2.215641002302801 2.211111070482085 2.206581138661369 2.202051206840653 2.197521275019937 2.1929913431992136 2.1884614113784977
2.350991047882283 2.3487017210267 2.346412394171116 2.344123067315529 2.3418337404599456 2.3395444136043624 2.337255086748779 2.334965759893196 2.332676433037612 2.330387106182029 2.3280977793264457 2.3258084524708624 2.3235191256152787 2.3212297987596955 2.317824764821454 2.313227014784377 2.308629264747293 2.304031514710216 2.2994337646731395 2.2948360146360627 2.2902382645989863 2.2856405145619094 2.281042764524833 2.276445014487756 2.2718472644506797 2.267249514413603 2.2626517643765265 2.2580540143394496 2.2534562643023732 2.248858514265289 2.244260764228212 2.2396630141911356 2.2350652641540587 2.2304675141169823 2.2258697640799054 2.221272014042829 2.216674264005752 2.2120765139686753 2.207478763931599 2.202881013894522 2.1982832638574457 2.193685513820369 2.1890877637832844 2.184490013746208
2.349785306854007 2.347439298148349 2.3450932894426915 2.3427472807370293 2.3404012720313716 2.338055263325714 2.3357092546200557 2.333363245914398 2.33101723720874 2.328671228503082 2.3263252197974245 2.3239792110917663 2.3216332023861086 2.319287193680451 2.3158200954636263 2.311154527210189 2.3064889589567437 2.3018233907033063 2.297157822449869 2.2924922541964317 2.287826685942994 2.2831611176895565 2.278495549436119 2.273829981182682 2.2691644129292445 2.2644988446758068 2.2598332764223694 2.255167708168932 2.2505021399154947 2.2458365716620494 2.241171003408612 2.2365054351551743 2.231839866901737 2.2271742986482996 2.2225087303948623 2.217843162141425 2.2131775938879876 2.20851202563455 2.2038464573811125 2.199180889127675 2.194515320874238 2.1898497526208005 2.1851841843673547 2.1805186161139174
2.3485795658257307 2.346176875269998 2.343774184714266 2.3413714941585293 2.338968803602797 2.3365661130470645 2.3341634224913324 2.3317607319355997 2.3293580413798676 2.326955350824135 2.324552660268403 2.32214996971267 2.319747279156938 2.3173445886012054 2.3138154261057986 2.3090820396360003 2.304348653166194 2.2996152666963963 2.294881880226598 2.2901484937567997 2.2854151072870015 2.280681720817203 2.2759483343474054 2.271214947877607 2.266481561407809 2.2617481749380106 2.257014788468213 2.2522814019984145 2.2475480155286163 2.24281462905881 2.2380812425890118 2.2333478561192135 2.2286144696494157 2.2238810831796174 2.219147696709819 2.214414310240021 2.2096809237702226 2.204947537300425 2.2002141508306265 2.1954807643608283 2.19074737789103 2.186013991421232 2.181280604951426 2.1765472184816277
2.3473738247974545 2.3449144523916474 2.342455079985841 2.3399957075800293 2.3375363351742227 2.3350769627684156 2.3326175903626085 2.330158217956802 2.327698845550995 2.3252394731451878 2.322780100739381 2.320320728333574 2.317861355927767 2.3154019835219604 2.311810756747971 2.307009552061812 2.302208347375645 2.2974071426894858 2.292605938003327 2.2878047333171683 2.283003528631009 2.2782023239448503 2.273401119258691 2.2685999145725324 2.2637987098863737 2.2589975052002145 2.2541963005140557 2.2493950958278965 2.244593891141738 2.2397926864555706 2.234991481769412 2.2301902770832527 2.225389072397094 2.220587867710935 2.215786663024776 2.2109854583386173 2.2061842536524585 2.2013830489662993 2.1965818442801406 2.1917806395939814 2.1869794349078227 2.182178230221664 2.1773770255354967 2.1725758208493375
2.3461680837691774 2.343652029513296 2.3411359752574143 2.3386199210015284 2.3361038667456473 2.3335878124897658 2.3310717582338842 2.3285557039780027 2.326039649722121 2.3235235954662397 2.321007541210358 2.3184914869544766 2.315975432698595 2.3134593784427135 2.309806087390142 2.304937064487622 2.300068041585094 2.2951990186825744 2.2903299957800543 2.2854609728775346 2.280591949975015 2.2757229270724952 2.2708539041699756 2.265984881267456 2.261115858364936 2.256246835462416 2.2513778125598964 2.2465087896573768 2.241639766754857 2.236770743852329 2.2319017209498093 2.2270326980472896 2.2221636751447695 2.21729465224225 2.21242562933973 2.2075566064372105 2.202687583534691 2.197818560632171 2.192949537729651 2.1880805148271314 2.1832114919246117 2.178342469022092 2.173473446119564 2.1686044232170443
2.344962342740901 2.3423896066349448 2.339816870528989 2.3372441344230284 2.3346713983170724 2.3320986622111164 2.3295259261051604 2.3269531899992044 2.3243804538932484 2.3218077177872924 2.3192349816813365 2.3166622455753805 2.3140895094694245 2.3115167733634685 2.307801418032314 2.3028645769134335 2.2979277357945445 2.292990894675664 2.2880540535567833 2.283117212437903 2.2781803713190225 2.273243530200142 2.2683066890812613 2.2633698479623807 2.2584330068435006 2.25349616572462 2.2485593246057394 2.2436224834868588 2.238685642367978 2.2337488012490896 2.228811960130209 2.2238751190113284 2.218938277892448 2.214001436773567 2.209064595654687 2.2041277545358064 2.199190913416926 2.1942540722980453 2.1893172311791647 2.1843803900602845 2.179443548941404 2.1745067078225233 2.1695698667036343 2.1646330255847537
2.343756601712625 2.3411271837565946 2.338497765800564 2.335868347844529 2.3332389298884983 2.330609511932468 2.3279800939764375 2.3253506760204066 2.322721258064376 2.3200918401083457 2.3174624221523152 2.314833004196285 2.312203586240254 2.3095741682842235 2.3057967486744864 2.3007920893392453 2.2957874300039953 2.2907827706687542 2.2857781113335127 2.2807734519982716 2.27576879266303 2.270764133327789 2.265759473992548 2.2607548146573064 2.2557501553220654 2.250745495986824 2.2457408366515828 2.2407361773163412 2.2357315179811 2.23072685864585 2.225722199310609 2.2207175399753676 2.2157128806401265 2.2107082213048854 2.205703561969644 2.200698902634403 2.1956942432991613 2.19068958396392 2.1856849246286787 2.1806802652934376 2.1756756059581965 2.170670946622955 2.165666287287705 2.160661627952464
2.342550860684349 2.339864760878244 2.3371786610721386 2.334492561266029 2.331806461459924 2.329120361653819 2.3264342618477136 2.3237481620416087 2.321062062235504 2.3183759624293985 2.3156898626232936 2.3130037628171882 2.3103176630110833 2.3076315632049784 2.3037920793166586 2.2987196017650566 2.293647124213446 2.288574646661844 2.283502169110242 2.2784296915586397 2.2733572140070377 2.2682847364554357 2.2632122589038337 2.2581397813522317 2.2530673038006297 2.2479948262490277 2.2429223486974257 2.2378498711458237 2.2327773935942217 2.2277049160426112 2.2226324384910088 2.2175599609394068 2.2124874833878048 2.2074150058362028 2.2023425282846008 2.1972700507329987 2.1921975731813967 2.1871250956297947 2.1820526180781927 2.1769801405265907 2.1719076629749887 2.1668351854233867 2.161762707871776 2.156690230320174
2.3413451196560726 2.338602337999893 2.3358595563437135 2.333116774687529 2.3303739930313494 2.3276312113751696 2.3248884297189902 2.3221456480628104 2.319402866406631 2.3166600847504513 2.313917303094272 2.311174521438092 2.3084317397819127 2.305688958125733 2.301787409958831 2.296647114190868 2.2915068184228966 2.2863665226549337 2.281226226886971 2.2760859311190083 2.2709456353510453 2.2658053395830824 2.26066504381512 2.255524748047157 2.250384452279194 2.2452441565112315 2.2401038607432686 2.2349635649753057 2.229823269207343 2.2246829734393714 2.219542677671409 2.214402381903446 2.209262086135483 2.2041217903675205 2.1989814945995576 2.1938411988315947 2.1887009030636317 2.1835606072956693 2.1784203115277063 2.1732800157597434 2.168139719991781 2.162999424223818 2.1578591284558466 2.1527188326878837
2.3401393786277964 2.3373399151215426 2.3345404516152883 2.331740988109029 2.3289415246027754 2.326142061096521 2.323342597590267 2.320543134084013 2.3177436705777588 2.3149442070715045 2.3121447435652507 2.3093452800589964 2.306545816552742 2.3037463530464883 2.2997827406010036 2.2945746266166798 2.2893665126323475 2.284158398648024 2.2789502846637006 2.273742170679377 2.2685340566950534 2.26332594271073 2.258117828726406 2.2529097147420827 2.2477016007577593 2.2424934867734354 2.237285372789112 2.2320772588047886 2.2268691448204647 2.2216610308361324 2.216452916851809 2.211244802867485 2.2060366888831617 2.2008285748988383 2.1956204609145145 2.190412346930191 2.1852042329458676 2.1799961189615438 2.1747880049772204 2.169579890992897 2.164371777008573 2.1591636630242497 2.1539555490399174 2.1487474350555935
2.3389336375995193 2.3360774922431906 2.333221346886862 2.3303652015305283 2.3275090561741996 2.324652910817871 2.321796765461542 2.3189406201052134 2.3160844747488847 2.313228329392556 2.3103721840362272 2.3075160386798985 2.30465989332357 2.301803747967241 2.297778071243174 2.2925021390424893 2.287226206841796 2.2819502746411118 2.2766743424404274 2.271398410239743 2.2661224780390588 2.2608465458383744 2.25557061363769 2.2502946814370057 2.2450187492363214 2.239742817035637 2.2344668848349527 2.2291909526342684 2.2239150204335836 2.2186390882328904 2.213363156032206 2.2080872238315217 2.2028112916308373 2.197535359430153 2.1922594272294686 2.1869834950287843 2.1817075628281 2.1764316306274156 2.1711556984267313 2.165879766226047 2.1606038340253626 2.155327901824678 2.1500519696239846 2.1447760374233003
2.337727896571243 2.33481506936484 2.3319022421584368 2.3289894149520287 2.3260765877456255 2.323163760539222 2.3202509333328187 2.3173381061264156 2.3144252789200124 2.311512451713609 2.308599624507206 2.305686797300803 2.3027739700943997 2.2998611428879965 2.2957734018853464 2.2904296514683016 2.285085901051247 2.279742150634202 2.274398400217157 2.2690546498001116 2.263710899383067 2.2583671489660215 2.2530233985489763 2.2476796481319314 2.242335897714886 2.236992147297841 2.2316483968807956 2.226304646463751 2.2209608960467055 2.2156171456296514 2.210273395212606 2.204929644795561 2.199585894378516 2.1942421439614708 2.1888983935444255 2.1835546431273807 2.1782108927103354 2.17286714229329 2.1675233918762453 2.1621796414592 2.156835891042155 2.15149214062511 2.1461483902080554 2.1408046397910105
2.336522155542967 2.3335526464864893 2.330583137430011 2.3276136283735287 2.3246441193170506 2.321674610260573 2.3187051012040953 2.3157355921476177 2.3127660830911396 2.309796574034662 2.3068270649781843 2.3038575559217067 2.3008880468652286 2.297918537808751 2.2937687325275187 2.288357163894113 2.282945595260698 2.2775340266272917 2.272122457993886 2.26671088936048 2.2612993207270744 2.255887752093668 2.2504761834602625 2.2450646148268567 2.2396530461934505 2.2342414775600448 2.228829908926639 2.2234183402932333 2.218006771659827 2.212595203026412 2.2071836343930062 2.2017720657596005 2.1963604971261943 2.1909489284927885 2.185537359859383 2.1801257912259766 2.174714222592571 2.169302653959165 2.163891085325759 2.158479516692353 2.1530679480589474 2.147656379425541 2.142244810792126 2.1368332421587204
2.3353164145146907 2.332290223608138 2.329264032701586 2.3262378417950287 2.323211650888476 2.320185459981924 2.317159269075372 2.3141330781688194 2.3111068872622673 2.308080696355715 2.3050545054491627 2.3020283145426106 2.299002123636058 2.295975932729506 2.291764063169691 2.2862846763199243 2.2808052894701483 2.2753259026203816 2.269846515770615 2.2643671289208482 2.2588877420710816 2.253408355221315 2.247928968371548 2.2424495815217815 2.2369701946720153 2.2314908078222486 2.226011420972482 2.2205320341227153 2.2150526472729486 2.2095732604231726 2.204093873573406 2.1986144867236392 2.1931350998738726 2.187655713024106 2.182176326174339 2.1766969393245725 2.171217552474806 2.165738165625039 2.1602587787752725 2.154779391925506 2.149300005075739 2.143820618225973 2.138341231376197 2.1328618445264302
2.3341106734864145 2.3310278007297875 2.327944927973161 2.324862055216529 2.321779182459902 2.318696309703275 2.3156134369466486 2.3125305641900216 2.309447691433395 2.306364818676768 2.3032819459201415 2.3001990731635145 2.297116200406888 2.294033327650261 2.2897593938118637 2.284212188745736 2.278664983679599 2.273117778613472 2.2675705735473444 2.262023368481217 2.2564761634150896 2.250928958348962 2.245381753282835 2.2398345482167072 2.23428734315058 2.2287401380844525 2.2231929330183253 2.2176457279521977 2.21209852288607 2.2065513178199336 2.201004112753806 2.1954569076876784 2.1899097026215513 2.1843624975554237 2.1788152924892965 2.173268087423169 2.1677208823570417 2.162173677290914 2.1566264722247865 2.1510792671586594 2.1455320620925318 2.1399848570264046 2.1344376519602677 2.12889044689414
2.3329049324581383 2.329765377851437 2.326625823244736 2.323486268638029 2.3203467140313276 2.317207159424626 2.314067604817925 2.3109280502112237 2.3077884956045223 2.304648940997821 2.30150938639112 2.2983698317844183 2.295230277177717 2.292090722571016 2.287754724454036 2.2821397011715474 2.27652467788905 2.270909654606562 2.2652946313240734 2.2596796080415853 2.254064584759097 2.248449561476609 2.242834538194121 2.2372195149116325 2.2316044916291444 2.2259894683466563 2.2203744450641683 2.21475942178168 2.209144398499192 2.2035293752166942 2.197914351934206 2.1922993286517176 2.1866843053692295 2.1810692820867414 2.1754542588042534 2.1698392355217653 2.1642242122392767 2.1586091889567887 2.1529941656743006 2.1473791423918125 2.1417641191093244 2.1361490958268363 2.1305340725443385 2.1249190492618504
2.331699191429862 2.3285029549730862 2.3253067185163103 2.322110482059529 2.318914245602753 2.3157180091459773 2.3125217726892013 2.3093255362324254 2.30612929977565 2.302933063318874 2.299736826862098 2.296540590405322 2.2933443539485463 2.2901481174917704 2.2857500550962078 2.280067213597359 2.2743843720985004 2.2687015305996514 2.2630186891008024 2.257335847601954 2.251653006103105 2.245970164604256 2.240287323105407 2.234604481606558 2.2289216401077088 2.22323879860886 2.217555957110011 2.211873115611162 2.206190274112313 2.2005074326134544 2.194824591114606 2.189141749615757 2.183458908116908 2.177776066618059 2.1720932251192098 2.166410383620361 2.160727542121512 2.155044700622663 2.149361859123814 2.143679017624965 2.1379961761261166 2.1323133346272676 2.126630493128409 2.12094765162956
2.330493450401585 2.3272405320947347 2.3239876137878843 2.320734695481028 2.317481777174178 2.3142288588673274 2.310975940560477 2.3077230222536262 2.304470103946776 2.3012171856399255 2.297964267333075 2.2947113490262248 2.2914584307193744 2.288205512412524 2.2837453857383787 2.277994726023169 2.2722440663079495 2.2664934065927396 2.26074274687753 2.25499208716232 2.2492414274471106 2.2434907677319007 2.2377401080166908 2.2319894483014813 2.2262387885862713 2.220488128871062 2.214737469155852 2.208986809440642 2.2032361497254325 2.1974854900102128 2.1917348302950033 2.1859841705797933 2.1802335108645834 2.174482851149374 2.168732191434164 2.1629815317189545 2.1572308720037445 2.1514802122885346 2.145729552573325 2.139978892858115 2.1342282331429057 2.1284775734276957 2.122726913712476 2.1169762539972665
