Figures/CREST_Example_wjb_NSE/PETs/wjb.pet.20100903.asc
ncols            288
nrows            254
xllcorner        113.274861
yllcorner        31.4918055
cellsize         0.008333333333
NODATA_value     -9999
[rows 100 to 119 of 254, columns 44 to 87 of 288]
2.474562162684189 2.4692320922258837 2.463902021767579 2.4585719513092736 2.4532418808509684 2.447911810392663 2.4425817399343583 2.437251669476053 2.431921599017739 2.4265915285594337 2.421261458101129 2.4159313876428237 2.4106013171845184 2.405271246726213 2.3999411762679084 2.394611105809603 2.389281035351298 2.383950964892993 2.378620894434688 2.3732908239763826 2.3679607535180773 2.362630683059763 2.3573006126014584 2.351970542143153 2.346640471684848 2.341310401226543 2.335980330768238 2.3306502603099326 2.325250155871453 2.3197751835249756 2.3143002111784976 2.3088252388320196 2.3033502664855416 2.2978752941390637 2.292400321792577 2.286925349446099 2.281450377099621 2.275975404753143 2.270500432406665 2.2650254600601873 2.2595504877137094 2.2540755153672314 2.2486005430207534 2.2431255706742754
2.4721635126116595 2.4668110975567905 2.4614586825019216 2.4561062674470526 2.4507538523921837 2.4454014373373147 2.440049022282446 2.434696607227577 2.429344192172699 2.42399177711783 2.418639362062961 2.413286947008092 2.4079345319532233 2.4025821168983543 2.3972297018434854 2.3918772867886164 2.3865248717337475 2.3811724566788786 2.3758200416240096 2.3704676265691407 2.3651152115142717 2.3597627964593935 2.3544103814045245 2.3490579663496556 2.3437055512947866 2.3383531362399177 2.3330007211850488 2.32764830613018 2.3222307330677343 2.3167435046222233 2.3112562761767124 2.305769047731201 2.30028181928569 2.294794590840179 2.2893073623946587 2.2838201339491477 2.2783329055036363 2.2728456770581253 2.2673584486126144 2.2618712201671034 2.2563839917215924 2.250896763276081 2.24540953483057 2.239922306385059
2.46976486253913 2.4643901028876973 2.4590153432362643 2.4536405835848316 2.448265823933399 2.4428910642819663 2.4375163046305333 2.4321415449791006 2.4267667853276587 2.421392025676226 2.4160172660247934 2.4106425063733603 2.4052677467219277 2.399892987070495 2.394518227419062 2.3891434677676293 2.3837687081161967 2.3783939484647636 2.373019188813331 2.3676444291618983 2.3622696695104657 2.3568949098590237 2.3515201502075906 2.346145390556158 2.3407706309047254 2.3353958712532923 2.3300211116018597 2.324646351950427 2.319211310264015 2.3137118257194706 2.3082123411749262 2.3027128566303823 2.297213372085838 2.291713887541294 2.28621440299674 2.2807149184521958 2.275215433907652 2.2697159493631074 2.2642164648185634 2.258716980274019 2.2532174957294746 2.2477180111849306 2.2422185266403862 2.2367190420958423
2.4673662124666 2.4619691082186037 2.456572003970607 2.4511748997226106 2.445777795474614 2.4403806912266175 2.4349835869786207 2.429586482730624 2.4241893784826183 2.418792274234622 2.413395169986625 2.407998065738629 2.402600961490632 2.3972038572426353 2.391806752994639 2.386409648746642 2.381012544498646 2.375615440250649 2.3702183360026527 2.364821231754656 2.3594241275066596 2.3540270232586535 2.348629919010657 2.3432328147626604 2.337835710514664 2.3324386062666673 2.327041502018671 2.321644397770674 2.316191887460296 2.3106801468167184 2.305168406173141 2.2996566655295636 2.294144924885986 2.288633184242409 2.283121443598822 2.2776097029552447 2.2720979623116673 2.26658622166809 2.2610744810245125 2.255562740380935 2.2500509997373577 2.2445392590937803 2.239027518450203 2.2335157778066255
2.4649675623940706 2.4595481135495105 2.45412866470495 2.4487092158603896 2.443289767015829 2.4378703181712686 2.432450869326708 2.427031420482148 2.4216119716375784 2.416192522793018 2.4107730739484574 2.4053536251038974 2.399934176259337 2.3945147274147764 2.389095278570216 2.3836758297256555 2.378256380881095 2.372836932036535 2.3674174831919745 2.361998034347414 2.3565785855028536 2.351159136658284 2.3457396878137238 2.3403202389691633 2.334900790124603 2.3294813412800424 2.324061892435482 2.318642443590922 2.313172464656577 2.307648467913966 2.3021244711713558 2.296600474428745 2.2910764776861345 2.285552480943524 2.280028484200904 2.2745044874582936 2.2689804907156828 2.2634564939730724 2.257932497230462 2.252408500487851 2.2468845037452407 2.2413605070026303 2.2358365102600195 2.230312513517409
2.462568912321539 2.4571271188804147 2.4516853254392905 2.4462435319981664 2.440801738557042 2.435359945115918 2.429918151674794 2.4244763582336692 2.4190345647925358 2.4135927713514116 2.4081509779102874 2.4027091844691633 2.397267391028039 2.391825597586915 2.3863838041457908 2.380942010704666 2.375500217263542 2.370058423822418 2.3646166303812937 2.3591748369401695 2.3537330434990453 2.348291250057912 2.3428494566167877 2.337407663175663 2.331965869734539 2.3265240762934147 2.3210822828522906 2.3156404894111664 2.310153041852855 2.3046167890112113 2.299080536169568 2.293544283327924 2.28800803048628 2.2824717776446364 2.2769355248029832 2.2713992719613394 2.2658630191196956 2.260326766278052 2.2547905134364084 2.2492542605947645 2.2437180077531207 2.238181754911477 2.2326455020698335 2.2271092492281896
2.460170262249009 2.454706124211321 2.449241986173633 2.443777848135945 2.438313710098257 2.4328495720605687 2.427385434022881 2.421921295985193 2.4164571579474954 2.4109930199098075 2.405528881872119 2.4000647438344314 2.394600605796743 2.389136467759055 2.3836723297213673 2.378208191683679 2.372744053645991 2.367279915608303 2.361815777570615 2.356351639532927 2.350887501495239 2.3454233634575417 2.3399592254198534 2.3344950873821655 2.329030949344477 2.3235668113067893 2.3181026732691015 2.312638535231413 2.307133619049136 2.301585110108459 2.2960366011677817 2.290488092227105 2.284939583286428 2.2793910743457513 2.2738425654050647 2.268294056464388 2.262745547523711 2.257197038583034 2.2516485296423574 2.2461000207016806 2.2405515117610033 2.2350030028203265 2.2294544938796497 2.223905984938973
2.45777161217648 2.452285129542228 2.446798646907976 2.441312164273724 2.4358256816394723 2.4303391990052203 2.4248527163709683 2.4193662337367168 2.4138797511024555 2.4083932684682035 2.402906785833952 2.3974203031997 2.391933820565448 2.386447337931196 2.3809608552969443 2.3754743726626923 2.3699878900284403 2.364501407394189 2.359014924759937 2.353528442125685 2.3480419594914332 2.342555476857172 2.33706899422292 2.331582511588668 2.3260960289544164 2.3206095463201644 2.3151230636859124 2.309636581051661 2.3041141962454166 2.2985534312057068 2.2929926661659965 2.2874319011262862 2.2818711360865764 2.276310371046866 2.2707496060071466 2.265188840967437 2.2596280759277265 2.2540673108880167 2.2485065458483064 2.242945780808596 2.2373850157688864 2.231824250729176 2.2262634856894663 2.220702720649756
2.4553729621039504 2.4498641348731347 2.444355307642319 2.4388464804115033 2.4333376531806876 2.427828825949872 2.4223199987190562 2.4168111714882405 2.4113023442574155 2.4057935170266 2.400284689795784 2.3947758625649684 2.3892670353341527 2.383758208103337 2.3782493808725214 2.3727405536417057 2.36723172641089 2.3617228991800743 2.3562140719492586 2.350705244718443 2.345196417487627 2.339687590256802 2.3341787630259865 2.328669935795171 2.323161108564355 2.3176522813335394 2.3121434541027237 2.306634626871908 2.3010947734416978 2.2955217523029545 2.2899487311642113 2.284375710025468 2.2788026888867248 2.2732296677479815 2.267656646609229 2.2620836254704857 2.2565106043317424 2.250937583192999 2.245364562054256 2.2397915409155127 2.2342185197767694 2.228645498638026 2.223072477499283 2.2174994563605397
2.4529743120314205 2.4474431402040406 2.4419119683766612 2.436380796549282 2.4308496247219025 2.4253184528945226 2.4197872810671432 2.414256109239764 2.4087249374123747 2.4031937655849953 2.397662593757616 2.3921314219302365 2.3866002501028567 2.3810690782754773 2.375537906448098 2.3700067346207185 2.3644755627933387 2.3589443909659593 2.35341321913858 2.3478820473112005 2.3423508754838207 2.336819703656432 2.3312885318290526 2.3257573600016728 2.3202261881742934 2.314695016346914 2.3091638445195346 2.3036326726921548 2.298075350637978 2.292490073400202 2.2869047961624256 2.281319518924649 2.2757342416868727 2.2701489644490964 2.2645636872113104 2.258978409973534 2.2533931327357575 2.2478078554979812 2.242222578260205 2.2366373010224283 2.231052023784652 2.225466746546876 2.219881469309099 2.214296192071323
2.450575661958891 2.4450221455349475 2.4394686291110044 2.433915112687061 2.4283615962631178 2.4228080798391742 2.417254563415231 2.4117010469912876 2.4061475305673348 2.4005940141433917 2.395040497719448 2.389486981295505 2.3839334648715615 2.378379948447618 2.372826432023675 2.3672729155997314 2.3617193991757883 2.356165882751845 2.3506123663279017 2.345058849903958 2.339505333480015 2.3339518170560623 2.3283983006321187 2.3228447842081756 2.317291267784232 2.311737751360289 2.3061842349363455 2.3006307185124024 2.2950559278342593 2.2894583944974496 2.28386086116064 2.2782633278238307 2.272665794487021 2.2670682611502113 2.2614707278133923 2.2558731944765826 2.2502756611397734 2.2446781278029637 2.239080594466154 2.2334830611293444 2.227885527792535 2.2222879944557254 2.2166904611189158 2.211092927782106
2.4481770118863593 2.442601150865852 2.437025289845345 2.4314494288248376 2.4258735678043304 2.4202977067838236 2.4147218457633164 2.409145984742809 2.4035701237222926 2.3979942627017854 2.392418401681278 2.386842540660771 2.3812666796402637 2.3756908186197565 2.3701149575992497 2.3645390965787425 2.3589632355582353 2.353387374537728 2.347811513517221 2.3422356524967136 2.3366597914762064 2.33108393045569 2.3255080694351826 2.3199322084146754 2.3143563473941686 2.3087804863736614 2.303204625353154 2.297628764332647 2.2920365050305374 2.2864267155946947 2.280816926158852 2.2752071367230093 2.2695973472871667 2.263987557851324 2.2583777684154716 2.252767978979629 2.247158189543786 2.241548400107943 2.2359386106721004 2.2303288212362578 2.224719031800415 2.2191092423645724 2.2134994529287297 2.207889663492887
2.44577836181383 2.440180156196759 2.434581950579688 2.4289837449626166 2.4233855393455457 2.4177873337284748 2.412189128111404 2.406590922494333 2.4009927168772522 2.3953945112601813 2.3897963056431104 2.3841981000260395 2.378599894408968 2.373001688791897 2.3674034831748263 2.3618052775577554 2.3562070719406845 2.3506088663236135 2.345010660706542 2.3394124550894713 2.3338142494724003 2.3282160438553197 2.3226178382382487 2.317019632621178 2.311421427004107 2.305823221387036 2.300225015769965 2.2946268101528937 2.289017082226818 2.283395036691942 2.2777729911570663 2.27215094562219 2.2665289000873146 2.2609068545524384 2.255284809017553 2.2496627634826774 2.2440407179478012 2.2384186724129256 2.2327966268780495 2.227174581343174 2.2215525358082977 2.215930490273422 2.210308444738546 2.2046863992036703
2.4433797117413 2.4377591615276653 2.43213861131403 2.4265180611003956 2.4208975108867605 2.415276960673126 2.4096564104594913 2.4040358602458562 2.398415310032212 2.3927947598185773 2.387174209604942 2.3815536593913076 2.375933109177673 2.370312558964038 2.3646920087504033 2.3590714585367683 2.3534509083231336 2.3478303581094986 2.342209807895864 2.3365892576822294 2.3309687074685943 2.32534815725495 2.3197276070413153 2.3141070568276803 2.3084865066140456 2.302865956400411 2.297245406186776 2.2916248559731414 2.2859976594230993 2.28036335778919 2.274729056155281 2.269094754521372 2.263460452887463 2.257826151253554 2.252191849619635 2.246557547985726 2.2409232463518167 2.2352889447179076 2.2296546430839985 2.22402034145009 2.2183860398161808 2.2127517381822717 2.2071174365483626 2.2014831349144535
2.4409810616687704 2.4353381668585716 2.4296952720483733 2.4240523772381746 2.418409482427976 2.4127665876177775 2.4071236928075788 2.40148079799738 2.395837903187172 2.390195008376973 2.384552113566775 2.378909218756576 2.3732663239463774 2.3676234291361786 2.3619805343259803 2.3563376395157816 2.350694744705583 2.3450518498953845 2.3394089550851858 2.333766060274987 2.3281231654647887 2.32248027065458 2.316837375844382 2.311194481034183 2.3055515862239844 2.2999086914137856 2.2942657966035873 2.2886229017933886 2.28297823661938 2.277331678886438 2.2716851211534954 2.2660385634205533 2.2603920056876112 2.2547454479546687 2.249098890221717 2.2434523324887747 2.2378057747558326 2.23215921702289 2.226512659289948 2.220866101557006 2.2152195438240634 2.2095729860911213 2.203926428358179 2.1982798706252367
2.4385824115962405 2.432917172189478 2.4272519327827156 2.421586693375953 2.4159214539691907 2.4102562145624282 2.4045909751556658 2.3989257357489033 2.3932604963421316 2.387595256935369 2.3819300175286067 2.3762647781218442 2.3705995387150818 2.3649342993083193 2.359269059901557 2.3536038204947944 2.347938581088032 2.3422733416812695 2.336608102274507 2.3309428628677447 2.325277623460982 2.31961238405421 2.3139471446474476 2.308281905240685 2.3026166658339227 2.29695142642716 2.2912861870203978 2.2856209476136353 2.279958813815661 2.2742999999836853 2.2686411861517097 2.2629823723197346 2.257323558487759 2.2516647446557836 2.2460059308237987 2.240347116991823 2.2346883031598477 2.2290294893278726 2.223370675495897 2.2177118616639215 2.2120530478319465 2.206394233999971 2.2007354201679954 2.1950766063360203
2.436183761523711 2.430496177520385 2.4248085935170587 2.4191210095137325 2.413433425510406 2.40774584150708 2.4020582575037537 2.3963706735004275 2.390683089497091 2.384995505493765 2.379307921490439 2.3736203374871128 2.367932753483786 2.36224516948046 2.356557585477134 2.3508700014738078 2.345182417470481 2.339494833467155 2.333807249463829 2.3281196654605028 2.322432081457176 2.3167444974538403 2.311056913450514 2.305369329447188 2.299681745443862 2.2939941614405353 2.288306577437209 2.282618993433883 2.2769393910119415 2.271268321080933 2.2655972511499245 2.259926181218916 2.2542551112879075 2.248584041356899 2.2429129714258806 2.237241901494872 2.231570831563863 2.2258997616328546 2.220228691701846 2.2145576217708376 2.208886551839829 2.2032154819088205 2.197544411977812 2.1918733420468035
2.4337851114511815 2.4280751828512916 2.4223652542514014 2.4166553256515115 2.4109453970516213 2.4052354684517314 2.399525539851841 2.3938156112519513 2.3881056826520513 2.3823957540521614 2.376685825452271 2.3709758968523813 2.365265968252491 2.359556039652601 2.353846111052711 2.3481361824528206 2.342426253852931 2.3367163252530405 2.3310063966531507 2.3252964680532604 2.3195865394533706 2.3138766108534705 2.3081666822535807 2.3024567536536904 2.2967468250538006 2.2910368964539103 2.2853269678540205 2.27961703925413 2.2739199682082227 2.2682366421781808 2.2625533161481393 2.2568699901180973 2.251186664088056 2.245503338058014 2.2398200120279625 2.2341366859979206 2.228453359967879 2.222770033937837 2.2170867079077956 2.2114033818777536 2.205720055847712 2.20003672981767 2.1943534037876287 2.1886700777575867
2.431623288386571 2.425873464897413 2.420123641408255 2.414373817919097 2.4086239944299392 2.4028741709407813 2.3971243474516233 2.3913745239624653 2.3856247004732976 2.3798748769841396 2.3741250534949816 2.3683752300058236 2.3626254065166656 2.3568755830275077 2.3511257595383492 2.3453759360491913 2.3396261125600333 2.3338762890708753 2.3281264655817173 2.3223766420925593 2.3166268186034014 2.3108769951142336 2.3051271716250756 2.2993773481359177 2.2936275246467597 2.2878777011576017 2.2821278776684437 2.2763780541792853 2.2706568836042678 2.264966343642196 2.2592758036801235 2.253585263718051 2.247894723755979 2.242204183793907 2.236513643831825 2.230823103869753 2.225132563907681 2.2194420239456085 2.213751483983536 2.2080609440214642 2.202370404059392 2.19667986409732 2.1909893241352476 2.1852987841731757
2.429714618463122 2.4239061399282202 2.4180976613933187 2.4122891828584168 2.4064807043235152 2.4006722257886137 2.3948637472537118 2.3890552687188102 2.3832467901838985 2.377438311648997 2.371629833114095 2.3658213545791935 2.3600128760442916 2.35420439750939 2.3483959189744885 2.3425874404395866 2.336778961904685 2.330970483369783 2.3251620048348816 2.31935352629998 2.313545047765078 2.307736569230167 2.301928090695265 2.2961196121603633 2.2903111336254613 2.28450265509056 2.2786941765556583 2.2728856980207564 2.2671333398970632 2.2614409757616123 2.255748611626162 2.2500562474907113 2.244363883355261 2.2386715192198103 2.23297915508435 2.2272867909488996 2.221594426813449 2.2159020626779986 2.210209698542548 2.2045173344070976 2.198824970271647 2.193132606136196 2.1874402420007457 2.1817478778652952
