Figures/CREST_Example_wjb_NSE/PETs/wjb.pet.20101007.asc
ncols            288
nrows            254
xllcorner        113.274861
yllcorner        31.4918055
cellsize         0.008333333333
NODATA_value     -9999
[rows 160 to 179 of 254, columns 176 to 219 of 288]
2.1445615334350743 2.143682912273056 2.142804291111037 2.141925669949018 2.1410470487869993 2.1401684276249804 2.13928980646296 2.1384111853009413 2.1375325641389225 2.1366539429769036 2.135775321814885 2.1348967006528663 2.1340180794908474 2.1331394583288286 2.1322608371668097 2.131382216004791 2.130056699643037 2.1282534422010433 2.1264501847590496 2.1246469273170527 2.122843669875059 2.1210404124330653 2.1192371549910716 2.117433897549078 2.1156306401070837 2.11382738266509 2.1120241252230962 2.1102208677811025 2.108417610339109 2.106614352897115 2.1048110954551214 2.1030078380131276 2.101204580571131 2.099401323129137 2.0975980656871434 2.0957948082451496 2.093991550803156 2.092188293361162 2.0903850359191685 2.0885817784771747 2.086778521035181 2.0849752635931873 2.0831720061511936 2.0813687487092
2.145372475579863 2.1444785022982202 2.143584529016577 2.1426905557349336 2.1417965824532903 2.140902609171647 2.1400086358900023 2.139114662608359 2.138220689326716 2.137326716045073 2.1364327427634295 2.1355387694817862 2.134644796200143 2.1337508229184996 2.1328568496368567 2.1319628763552134 2.1306269366180115 2.1288185247396156 2.12701011286122 2.1252017009828212 2.1233932891044254 2.1215848772260295 2.119776465347634 2.117968053469238 2.1161596415908424 2.1143512297124465 2.112542817834051 2.110734405955655 2.1089259940772593 2.1071175821988635 2.105309170320468 2.103500758442072 2.101692346563673 2.0998839346852773 2.098075522806882 2.096267110928486 2.09445869905009 2.0926502871716943 2.090841875293299 2.089033463414903 2.087225051536507 2.0854166396581117 2.083608227779716 2.08179981590132
2.146183417724652 2.145274092323384 2.1443647669221164 2.143455441520849 2.1425461161195813 2.1416367907183136 2.1407274653170445 2.1398181399157767 2.138908814514509 2.1379994891132412 2.1370901637119735 2.1361808383107057 2.1352715129094384 2.1343621875081706 2.133452862106903 2.132543536705635 2.1311971735929855 2.129383607278188 2.12757004096339 2.1257564746485893 2.1239429083337917 2.1221293420189937 2.120315775704196 2.118502209389398 2.1166886430746006 2.1148750767598026 2.113061510445005 2.111247944130207 2.1094343778154094 2.107620811500612 2.105807245185814 2.1039936788710163 2.102180112556215 2.1003665462414176 2.0985529799266196 2.096739413611822 2.094925847297024 2.0931122809822265 2.091298714667429 2.089485148352631 2.0876715820378333 2.0858580157230353 2.0840444494082377 2.0822308830934397
2.146994359869441 2.146069682348549 2.1451450048276572 2.144220327306765 2.143295649785873 2.1423709722649806 2.141446294744087 2.140521617223195 2.1395969397023027 2.1386722621814105 2.1377475846605187 2.1368229071396265 2.1358982296187343 2.134973552097842 2.13404887457695 2.133124197056058 2.131767410567961 2.1299486898167608 2.128129969065561 2.1263112483143582 2.1244925275631585 2.122673806811959 2.120855086060759 2.119036365309559 2.1172176445583593 2.1153989238071595 2.11358020305596 2.11176148230476 2.1099427615535604 2.1081240408023607 2.1063053200511606 2.104486599299961 2.102667878548758 2.1008491577975583 2.0990304370463586 2.097211716295159 2.095392995543959 2.093574274792759 2.0917555540415593 2.0899368332903596 2.08811811253916 2.08629939178796 2.0844806710367605 2.082661950285561
2.14780530201423 2.1468652723737134 2.1459252427331967 2.14498521309268 2.144045183452164 2.1431051538116472 2.142165124171129 2.141225094530612 2.140285064890096 2.1393450352495793 2.1384050056090627 2.137464975968546 2.1365249463280294 2.135584916687513 2.1346448870469965 2.13370485740648 2.132337647542935 2.130513772355333 2.1286898971677313 2.1268660219801263 2.125042146792525 2.123218271604923 2.121394396417321 2.1195705212297193 2.1177466460421175 2.1159227708545156 2.1140988956669142 2.1122750204793124 2.1104511452917105 2.1086272701041087 2.106803394916507 2.1049795197289054 2.1031556445413004 2.1013317693536986 2.0995078941660967 2.097684018978495 2.095860143790893 2.0940362686032916 2.0922123934156898 2.090388518228088 2.088564643040486 2.086740767852884 2.084916892665283 2.083093017477681
2.1486162441590184 2.1476608623988778 2.1467054806387367 2.1457500988785956 2.1447947171184545 2.1438393353583134 2.142883953598171 2.14192857183803 2.1409731900778888 2.1400178083177477 2.1390624265576066 2.138107044797466 2.137151663037325 2.1361962812771838 2.1352408995170427 2.1342855177569016 2.132907884517909 2.1310788548939055 2.1292498252699015 2.1274207956458944 2.125591766021891 2.123762736397887 2.1219337067738833 2.1201046771498793 2.1182756475258757 2.1164466179018717 2.114617588277868 2.112788558653864 2.1109595290298606 2.1091304994058566 2.107301469781853 2.105472440157849 2.1036434105338424 2.1018143809098384 2.099985351285835 2.098156321661831 2.0963272920378273 2.0944982624138233 2.0926692327898198 2.0908402031658158 2.089011173541812 2.087182143917808 2.0853531142938047 2.0835240846698007
2.1494271863038077 2.148456452424042 2.1474857185442766 2.146514984664511 2.1455442507847455 2.14457351690498 2.143602783025213 2.1426320491454476 2.141661315265682 2.140690581385917 2.1397198475061514 2.138749113626386 2.1377783797466203 2.136807645866855 2.1358369119870892 2.134866178107324 2.1334781214928835 2.131643937432478 2.129809753372072 2.1279755693116633 2.126141385251257 2.1243072011908515 2.122473017130446 2.12063883307004 2.1188046490096344 2.1169704649492282 2.1151362808888226 2.113302096828417 2.111467912768011 2.109633728707605 2.1077995446471993 2.1059653605867936 2.104131176526385 2.102296992465979 2.100462808405573 2.0986286243451673 2.0967944402847616 2.094960256224356 2.0931260721639497 2.091291888103544 2.0894577040431384 2.0876235199827327 2.085789335922327 2.083955151861921
2.150238128448596 2.149252042449206 2.1482659564498165 2.1472798704504266 2.1462937844510366 2.1453076984516466 2.144321612452255 2.1433355264528653 2.1423494404534753 2.1413633544540853 2.1403772684546953 2.1393911824553054 2.138405096455916 2.137419010456526 2.136432924457136 2.135446838457746 2.134048358467858 2.13220901997105 2.1303696814742423 2.1285303429774314 2.1266910044806235 2.1248516659838157 2.123012327487008 2.1211729889902 2.119333650493392 2.1174943119965848 2.115654973499777 2.113815635002969 2.1119762965061613 2.1101369580093534 2.1082976195125456 2.1064582810157377 2.104618942518927 2.102779604022119 2.1009402655253115 2.0991009270285037 2.097261588531696 2.095422250034888 2.09358291153808 2.0917435730412723 2.0899042345444645 2.0880648960476567 2.086225557550849 2.0843862190540414
2.151049070593385 2.1500476324743705 2.149046194355356 2.1480447562363416 2.1470433181173276 2.146041879998313 2.145040441879297 2.144039003760283 2.1430375656412686 2.142036127522254 2.1410346894032397 2.1400332512842253 2.1390318131652113 2.138030375046197 2.1370289369271824 2.136027498808168 2.1346185954428325 2.1327741025096225 2.130929609576413 2.1290851166432 2.12724062370999 2.1253961307767804 2.1235516378435704 2.1217071449103604 2.119862651977151 2.118018159043941 2.1161736661107313 2.1143291731775213 2.1124846802443114 2.110640187311102 2.108795694377892 2.106951201444682 2.105106708511469 2.103262215578259 2.1014177226450492 2.0995732297118397 2.0977287367786297 2.09588424384542 2.09403975091221 2.092195257979 2.0903507650457906 2.0885062721125807 2.086661779179371 2.084817286246161
2.1518600127381733 2.150843222499535 2.149826432260896 2.148809642022257 2.1477928517836182 2.1467760615449794 2.145759271306339 2.1447424810677003 2.1437256908290614 2.1427089005904225 2.141692110351784 2.140675320113145 2.1396585298745063 2.1386417396358675 2.137624949397229 2.13660815915859 2.1351888324178065 2.133339185048195 2.1314895376785827 2.129639890308968 2.1277902429393563 2.1259405955697446 2.1240909482001324 2.1222413008305208 2.120391653460909 2.118542006091297 2.1166923587216853 2.1148427113520736 2.112993063982462 2.1111434166128498 2.109293769243238 2.1074441218736264 2.105594474504011 2.1037448271343995 2.101895179764788 2.1000455323951757 2.098195885025564 2.0963462376559523 2.0944965902863406 2.0926469429167285 2.090797295547117 2.088947648177505 2.087098000807893 2.0852483534382813
2.152670954882963 2.1516388125246997 2.1506066701664364 2.149574527808173 2.1485423854499097 2.1475102430916464 2.1464781007333817 2.1454459583751184 2.144413816016855 2.143381673658592 2.1423495313003285 2.141317388942065 2.1402852465838023 2.139253104225539 2.1382209618672756 2.1371888195090123 2.135759069392781 2.133904267586767 2.1320494657807534 2.1301946639747364 2.1283398621687226 2.126485060362709 2.124630258556695 2.1227754567506816 2.1209206549446677 2.119065853138654 2.11721105133264 2.1153562495266263 2.1135014477206124 2.1116466459145986 2.109791844108585 2.107937042302571 2.106082240496554 2.10422743869054 2.1023726368845264 2.1005178350785125 2.0986630332724987 2.096808231466485 2.094953429660471 2.093098627854457 2.0912438260484434 2.0893890242424296 2.0875342224364157 2.085679420630402
2.153481897027752 2.152434402549864 2.1513869080719763 2.1503394135940885 2.1492919191162008 2.1482444246383134 2.147196930160424 2.146149435682536 2.1451019412046484 2.1440544467267606 2.1430069522488733 2.1419594577709855 2.1409119632930977 2.13986446881521 2.138816974337322 2.1377694798594344 2.136329306367756 2.13446935012534 2.132609393882924 2.130749437640505 2.1288894813980894 2.1270295251556735 2.1251695689132575 2.123309612670842 2.121449656428426 2.11958970018601 2.1177297439435945 2.1158697877011785 2.1140098314587625 2.1121498752163466 2.110289918973931 2.108429962731515 2.106570006489096 2.1047100502466805 2.1028500940042645 2.1009901377618485 2.099130181519433 2.097270225277017 2.095410269034601 2.093550312792185 2.0916903565497695 2.0898304003073536 2.0879704440649376 2.086110487822522
2.15429283917254 2.153229992575028 2.1521671459775162 2.151104299380004 2.150041452782492 2.1489786061849796 2.1479157595874656 2.1468529129899534 2.1457900663924416 2.1447272197949294 2.143664373197417 2.142601526599905 2.141538680002393 2.1404758334048806 2.139412986807369 2.1383501402098566 2.13689954334273 2.135034432663912 2.1331693219850942 2.1313042113062735 2.1294391006274553 2.1275739899486377 2.12570887926982 2.123843768591002 2.121978657912184 2.120113547233366 2.1182484365545484 2.1163833258757307 2.1145182151969126 2.112653104518095 2.1107879938392773 2.108922883160459 2.1070577724816384 2.1051926618028203 2.1033275511240026 2.101462440445185 2.099597329766367 2.097732219087549 2.0958671084087315 2.0940019977299134 2.0921368870510957 2.090271776372278 2.08840666569346 2.0865415550146422
2.155103781317329 2.154025582600193 2.152947383883056 2.1518691851659195 2.150790986448783 2.149712787731646 2.1486345890145078 2.1475563902973716 2.146478191580235 2.1453999928630982 2.1443217941459616 2.143243595428825 2.1421653967116887 2.141087197994552 2.1400089992774154 2.1389308005602787 2.1374697803177045 2.1355995152024847 2.133729250087265 2.131858984972042 2.129988719856822 2.1281184547416023 2.1262481896263825 2.1243779245111623 2.1225076593959424 2.1206373942807226 2.118767129165503 2.116896864050283 2.115026598935063 2.1131563338198434 2.1112860687046235 2.1094158035894037 2.107545538474181 2.105675273358961 2.103805008243741 2.1019347431285214 2.1000644780133015 2.0981942128980817 2.0963239477828615 2.0944536826676416 2.092583417552422 2.090713152437202 2.088842887321982 2.0869726222067624
2.1559147234621174 2.1548211726253568 2.1537276217885957 2.1526340709518346 2.1515405201150735 2.150446969278313 2.14935341844155 2.148259867604789 2.1471663167680277 2.1460727659312666 2.1449792150945055 2.143885664257745 2.1427921134209837 2.1416985625842226 2.1406050117474615 2.139511460910701 2.1380400172926786 2.136164597741057 2.134289178189435 2.13241375863781 2.130538339086188 2.128662919534566 2.1267874999829446 2.1249120804313226 2.1230366608797007 2.121161241328079 2.119285821776457 2.1174104022248352 2.1155349826732133 2.1136595631215918 2.11178414356997 2.109908724018348 2.1080333044667228 2.1061578849151013 2.1042824653634793 2.1024070458118573 2.1005316262602354 2.098656206708614 2.096780787156992 2.09490536760537 2.0930299480537484 2.0911545285021265 2.0892791089505045 2.0874036893988825
2.1567256656069063 2.1556167626505207 2.154507859694135 2.15339895673775 2.1522900537813645 2.151181150824979 2.1500722478685916 2.148963344912206 2.1478544419558205 2.1467455389994354 2.14563663604305 2.1445277330866643 2.143418830130279 2.1423099271738937 2.141201024217508 2.1400921212611226 2.138610254267653 2.136729680279629 2.1348491062916053 2.132968532303578 2.1310879583155544 2.1292073843275303 2.1273268103395067 2.1254462363514826 2.123565662363459 2.1216850883754352 2.119804514387411 2.1179239403993875 2.1160433664113634 2.1141627924233397 2.1122822184353156 2.110401644447292 2.1085210704592647 2.106640496471241 2.1047599224832174 2.1028793484951933 2.1009987745071697 2.0991182005191455 2.097237626531122 2.095357052543098 2.093476478555074 2.0915959045670505 2.0897153305790264 2.0878347565910027
2.157536607751696 2.156412352675686 2.155288097599676 2.154163842523666 2.153039587447656 2.1519153323716464 2.1507910772956347 2.1496668222196247 2.1485425671436147 2.1474183120676047 2.1462940569915947 2.145169801915585 2.144045546839575 2.142921291763565 2.141797036687555 2.140672781611545 2.139180491242628 2.137294762818202 2.1354090343937764 2.133523305969347 2.1316375775449212 2.1297518491204954 2.1278661206960696 2.125980392271644 2.124094663847218 2.1222089354227918 2.120323206998366 2.11843747857394 2.1165517501495144 2.1146660217250886 2.1127802933006627 2.110894564876237 2.1090088364518076 2.107123108027382 2.105237379602956 2.10335165117853 2.1014659227541044 2.0995801943296786 2.0976944659052528 2.0958087374808265 2.0939230090564007 2.092037280631975 2.090151552207549 2.0882658237831233
2.1583475498964844 2.15720794270085 2.156068335505216 2.1549287283095815 2.153789121113947 2.1526495139183126 2.1515099067226764 2.150370299527042 2.1492306923314075 2.1480910851357735 2.146951477940139 2.1458118707445046 2.14467226354887 2.1435326563532358 2.1423930491576018 2.1412534419619673 2.139750728217602 2.137859845356774 2.135968962495946 2.134078079635115 2.132187196774287 2.1302963139134596 2.1284054310526317 2.1265145481918037 2.124623665330976 2.122732782470148 2.1208418996093203 2.1189510167484924 2.1170601338876645 2.1151692510268365 2.1132783681660086 2.1113874853051806 2.1094966024443496 2.107605719583522 2.105714836722694 2.103823953861866 2.101933071001038 2.1000421881402103 2.0981513052793823 2.096260422418555 2.094369539557727 2.092478656696899 2.090587773836071 2.088696890975243
2.160414140125208 2.1592485172507954 2.1580828943763826 2.1569172715019698 2.1557516486275565 2.1545860257531437 2.1534204028787287 2.152254780004316 2.151089157129903 2.1499235342554903 2.148757911381077 2.1475922885066643 2.1464266656322515 2.1452610427578387 2.144095419883426 2.1429297970090126 2.1414064043863794 2.1395005478077826 2.137594691229186 2.1356888346505856 2.133782978071989 2.131877121493392 2.129971264914795 2.128065408336198 2.1261595517576013 2.1242536951790045 2.1223478386004073 2.1204419820218106 2.118536125443214 2.116630268864617 2.11472441228602 2.112818555707423 2.110912699128823 2.109006842550226 2.107100985971629 2.1051951293930324 2.1032892728144357 2.1013834162358385 2.0994775596572417 2.097571703078645 2.095665846500048 2.093759989921451 2.091854133342854 2.0899482767642574
2.163822939008606 2.162619901782833 2.16141686455706 2.160213827331287 2.1590107901055147 2.1578077528797417 2.1566047156539665 2.155401678428194 2.154198641202421 2.152995603976648 2.151792566750875 2.150589529525102 2.149386492299329 2.1481834550735566 2.1469804178477836 2.1457773806220106 2.1442223466350274 2.142291020145817 2.140359693656607 2.1384283671673936 2.136497040678184 2.1345657141889736 2.1326343876997638 2.1307030612105535 2.1287717347213433 2.1268404082321335 2.1249090817429233 2.1229777552537135 2.1210464287645032 2.119115102275293 2.117183775786083 2.115252449296873 2.1133211228076596 2.11138979631845 2.1094584698292396 2.1075271433400293 2.1055958168508195 2.1036644903616093 2.1017331638723995 2.0998018373831893 2.097870510893979 2.0959391844047692 2.094007857915559 2.092076531426349
