Figures/CREST_Example_wjb_NSE/PETs/wjb.pet.20090414.asc
ncols            288
nrows            254
xllcorner        113.274861
yllcorner        31.4918055
cellsize         0.008333333333
NODATA_value     -9999
[rows 120 to 139 of 254, columns 132 to 175 of 288]
3.3401741066872623 3.3393597830255604 3.338545459363858 3.337731135702156 3.336916812040454 3.3361024883787516 3.3352881647170496 3.3344738410553476 3.333659517393645 3.332845193731943 3.332030870070241 3.3312165464085375 3.3304022227468355 3.329587899085133 3.328773575423431 3.3279592517617287 3.3271449281000267 3.3263306044383247 3.3255162807766223 3.3247019571149203 3.3238876334532184 3.323073309791516 3.322258986129814 3.3214446624681115 3.3206303388064082 3.3198160151447063 3.319001691483004 3.318187367821302 3.3173730441595994 3.3165587204978975 3.3152454879462994 3.3133989105053505 3.311552333064402 3.3097057556234533 3.3078591781825044 3.3060126007415556 3.304166023300607 3.302319445859655 3.3004728684187064 3.2986262909777575 3.296779713536809 3.2949331360958602 3.2930865586549114 3.2912399812139626
3.3352810844785683 3.334487969519895 3.3336948545612213 3.332901739602548 3.3321086246438747 3.3313155096852016 3.330522394726528 3.329729279767855 3.3289361648091815 3.3281430498505085 3.327349934891835 3.32655681993316 3.325763704974487 3.3249705900158135 3.3241774750571405 3.323384360098467 3.322591245139794 3.3217981301811204 3.321005015222447 3.3202119002637738 3.3194187853051003 3.318625670346427 3.3178325553877537 3.3170394404290806 3.3162463254704058 3.3154532105117323 3.314660095553059 3.3138669805943857 3.3130738656357126 3.312280750677039 3.3109925954637434 3.3091752310197187 3.3073578665756935 3.305540502131669 3.3037231376876437 3.301905773243619 3.3000884087995943 3.298271044355566 3.2964536799115414 3.2946363154675167 3.2928189510234915 3.291001586579467 3.2891842221354417 3.287366857691417
3.3303880622698743 3.3296161560142297 3.328844249758585 3.328072343502941 3.3273004372472963 3.3265285309916517 3.325756624736007 3.324984718480363 3.3242128122247183 3.3234409059690737 3.322668999713429 3.321897093457783 3.321125187202139 3.3203532809464944 3.31958137469085 3.318809468435205 3.318037562179561 3.3172656559239164 3.316493749668272 3.315721843412627 3.3149499371569826 3.3141780309013384 3.313406124645694 3.3126342183900492 3.3118623121344033 3.311090405878759 3.3103184996231145 3.30954659336747 3.3087746871118253 3.308002780856181 3.3067397029811874 3.3049515515340864 3.3031634000869854 3.3013752486398844 3.2995870971927834 3.2977989457456824 3.2960107942985815 3.2942226428514774 3.2924344914043764 3.2906463399572754 3.2888581885101744 3.287070037063073 3.285281885615972 3.283493734168871
3.32549504006118 3.324744342508564 3.3239936449559484 3.3232429474033327 3.3224922498507174 3.3217415522981018 3.320990854745486 3.3202401571928704 3.3194894596402547 3.318738762087639 3.3179880645350233 3.3172373669824062 3.3164866694297905 3.315735971877175 3.314985274324559 3.3142345767719434 3.3134838792193277 3.312733181666712 3.3119824841140963 3.3112317865614807 3.310481089008865 3.3097303914562493 3.3089796939036336 3.308228996351018 3.3074782987984013 3.3067276012457856 3.30597690369317 3.305226206140554 3.3044755085879385 3.303724811035323 3.3024868104986314 3.300727872048454 3.2989689335982773 3.2972099951481 3.2954510566979227 3.2936921182477454 3.2919331797975686 3.2901742413473882 3.288415302897211 3.2866563644470337 3.284897425996857 3.2831384875466796 3.2813795490965023 3.279620610646325
3.3206020178524818 3.319872529002895 3.319143040153308 3.318413551303721 3.317684062454134 3.3169545736045474 3.3162250847549606 3.315495595905374 3.314766107055787 3.3140366182062 3.3133071293566134 3.3125776405070253 3.3118481516574385 3.3111186628078517 3.3103891739582645 3.3096596851086777 3.308930196259091 3.308200707409504 3.3074712185599173 3.3067417297103305 3.3060122408607437 3.305282752011157 3.30455326316157 3.303823774311983 3.3030942854623953 3.302364796612808 3.3016353077632212 3.3009058189136344 3.3001763300640476 3.299446841214461 3.298233918016072 3.2965041925628187 3.294774467109565 3.293044741656312 3.291315016203059 3.2895852907498053 3.287855565296552 3.286125839843296 3.2843961143900424 3.2826663889367893 3.2809366634835357 3.2792069380302826 3.2774772125770295 3.275747487123776
3.3157089956437877 3.31500071549723 3.314292435350672 3.3135841552041136 3.3128758750575558 3.312167594910998 3.3114593147644396 3.3107510346178817 3.310042754471324 3.309334474324766 3.3086261941782076 3.3079179140316484 3.3072096338850905 3.3065013537385326 3.3057930735919743 3.3050847934454164 3.3043765132988585 3.3036682331523 3.3029599530057423 3.3022516728591844 3.3015433927126265 3.300835112566068 3.3001268324195103 3.2994185522729524 3.2987102721263932 3.298001991979835 3.297293711833277 3.296585431686719 3.295877151540161 3.295168871393603 3.2939810255335162 3.292280513077187 3.2905800006208574 3.288879488164528 3.2871789757081986 3.285478463251869 3.28377795079554 3.2820774383392073 3.280376925882878 3.2786764134265485 3.276975900970219 3.275275388513889 3.27357487605756 3.2718743636012304
3.3108159734350937 3.3101289019915643 3.3094418305480353 3.308754759104506 3.308067687660977 3.3073806162174475 3.3066935447739185 3.306006473330389 3.30531940188686 3.3046323304433307 3.3039452589998017 3.3032581875562714 3.302571116112742 3.301884044669213 3.3011969732256836 3.3005099017821546 3.2998228303386252 3.2991357588950962 3.298448687451567 3.297761616008038 3.2970745445645084 3.2963874731209795 3.29570040167745 3.295013330233921 3.2943262587903908 3.2936391873468613 3.2929521159033324 3.292265044459803 3.291577973016274 3.2908909015727446 3.2897281330509602 3.288056833591555 3.2863855341321493 3.2847142346727436 3.283042935213338 3.281371635753932 3.279700336294527 3.278029036835118 3.276357737375713 3.274686437916307 3.2730151384569015 3.271343838997496 3.26967253953809 3.268001240078685
3.3059229512263997 3.305257088485899 3.304591225745399 3.3039253630048986 3.303259500264398 3.3025936375238976 3.3019277747833975 3.301261912042897 3.3005960493023965 3.2999301865618964 3.299264323821396 3.2985984610808945 3.297932598340394 3.2972667355998935 3.2966008728593934 3.295935010118893 3.2952691473783924 3.2946032846378923 3.293937421897392 3.2932715591568913 3.2926056964163912 3.2919398336758907 3.29127397093539 3.2906081081948897 3.2899422454543883 3.289276382713888 3.2886105199733877 3.287944657232887 3.2872787944923867 3.2866129317518866 3.2854752405684047 3.2838331541059227 3.282191067643441 3.280548981180959 3.2789068947184776 3.2772648082559956 3.2756227217935137 3.2739806353310295 3.2723385488685475 3.270696462406066 3.269054375943584 3.2674122894811024 3.2657702030186204 3.264128116556139
3.301029929017705 3.3003852749802336 3.2997406209427624 3.299095966905291 3.2984513128678192 3.2978066588303476 3.297162004792876 3.2965173507554044 3.295872696717933 3.295228042680461 3.29458338864299 3.293938734605517 3.2932940805680455 3.292649426530574 3.2920047724931027 3.291360118455631 3.2907154644181595 3.290070810380688 3.2894261563432163 3.2887815023057447 3.288136848268273 3.2874921942308015 3.2868475401933304 3.2862028861558588 3.285558232118386 3.284913578080914 3.284268924043443 3.2836242700059715 3.2829796159685 3.2823349619310282 3.2812223480858487 3.2796094746202904 3.2779966011547326 3.2763837276891747 3.274770854223617 3.273157980758059 3.2715451072925013 3.2699322338269403 3.2683193603613825 3.2667064868958247 3.265093613430267 3.2634807399647086 3.2618678664991507 3.260254993033593
3.2961369068090116 3.295513461474569 3.294890016140126 3.294266570805683 3.2936431254712404 3.2930196801367977 3.292396234802355 3.2917727894679123 3.2911493441334696 3.290525898799027 3.289902453464584 3.28927900813014 3.2886555627956975 3.288032117461255 3.287408672126812 3.2867852267923694 3.2861617814579267 3.285538336123484 3.2849148907890413 3.2842914454545986 3.2836680001201555 3.2830445547857128 3.28242110945127 3.2817976641168274 3.281174218782384 3.280550773447941 3.279927328113498 3.2793038827790553 3.2786804374446126 3.27805699211017 3.2769694556032927 3.2753857951346586 3.2738021346660244 3.2722184741973903 3.270634813728756 3.269051153260122 3.2674674927914884 3.2658838323228516 3.2643001718542175 3.2627165113855834 3.2611328509169493 3.259549190448315 3.257965529979681 3.2563818695110474
3.291243884600317 3.2906416479689033 3.2900394113374896 3.2894371747060753 3.2888349380746615 3.2882327014432478 3.287630464811834 3.2870282281804197 3.286425991549006 3.285823754917592 3.2852215182861784 3.2846192816547632 3.2840170450233495 3.2834148083919357 3.2828125717605214 3.2822103351291076 3.281608098497694 3.28100586186628 3.280403625234866 3.279801388603452 3.2791991519720383 3.2785969153406245 3.2779946787092102 3.2773924420777965 3.2767902054463818 3.2761879688149675 3.2755857321835538 3.27498349555214 3.274381258920726 3.273779022289312 3.272716563120737 3.2711621156490267 3.2696076681773167 3.2680532207056063 3.266498773233896 3.264944325762186 3.2633898782904756 3.261835430818763 3.2602809833470525 3.258726535875342 3.257172088403632 3.2556176409319217 3.254063193460212 3.2525087459885014
3.2863508623916187 3.285769834463234 3.285188806534849 3.2846077786064636 3.2840267506780787 3.2834457227496934 3.2828646948213085 3.2822836668929236 3.2817026389645383 3.2811216110361534 3.280540583107768 3.2799595551793823 3.279378527250997 3.278797499322612 3.278216471394227 3.277635443465842 3.2770544155374566 3.2764733876090717 3.275892359680687 3.2753113317523015 3.2747303038239166 3.2741492758955313 3.2735682479671464 3.272987220038761 3.2724061921103753 3.27182516418199 3.271244136253605 3.27066310832522 3.270082080396835 3.26950105246845 3.268463670638177 3.266938436163391 3.2654132016886046 3.263887967213818 3.2623627327390317 3.2608374982642454 3.259312263789459 3.2577870293146702 3.256261794839884 3.2547365603650977 3.253211325890311 3.251686091415525 3.2501608569407385 3.2486356224659523
3.281457840182925 3.2808980209575687 3.2803382017322127 3.2797783825068563 3.2792185632815 3.278658744056144 3.2780989248307875 3.2775391056054315 3.276979286380075 3.2764194671547187 3.2758596479293627 3.2752998287040054 3.274740009478649 3.274180190253293 3.2736203710279366 3.2730605518025806 3.272500732577224 3.2719409133518678 3.271381094126512 3.2708212749011554 3.2702614556757994 3.269701636450443 3.2691418172250866 3.2685819979997306 3.2680221787743733 3.267462359549017 3.266902540323661 3.2663427210983045 3.2657829018729485 3.265223082647592 3.2642107781556216 3.262714756677759 3.2612187351998965 3.259722713722034 3.2582266922441714 3.256730670766309 3.2552346492884463 3.2537386278105815 3.252242606332719 3.2507465848548565 3.249250563376994 3.2477545418991314 3.246258520421269 3.2447624989434063
3.2765648179742306 3.276026207451903 3.275487596929576 3.2749489864072485 3.274410375884921 3.2738717653625935 3.2733331548402664 3.272794544317939 3.2722559337956114 3.271717323273284 3.2711787127509564 3.270640102228628 3.270101491706301 3.2695628811839734 3.269024270661646 3.2684856601393184 3.2679470496169913 3.267408439094664 3.2668698285723363 3.266331218050009 3.2657926075276813 3.2652539970053542 3.2647153864830267 3.264176775960699 3.263638165438371 3.2630995549160433 3.2625609443937162 3.2620223338713887 3.2614837233490612 3.2609451128267337 3.2599578856730655 3.2584910771921267 3.2570242687111883 3.2555574602302495 3.254090651749311 3.2526238432683723 3.251157034787434 3.2496902263064924 3.248223417825554 3.246756609344615 3.245289800863677 3.243822992382738 3.242356183901799 3.2408893754208608
3.271671795765537 3.2711543939462384 3.27063699212694 3.270119590307641 3.2696021884883426 3.269084786669044 3.2685673848497454 3.268049983030447 3.267532581211148 3.2670151793918496 3.266497777572551 3.2659803757532515 3.265462973933953 3.2649455721146543 3.2644281702953557 3.263910768476057 3.263393366656758 3.2628759648374595 3.262358563018161 3.2618411611988622 3.2613237593795636 3.260806357560265 3.2602889557409664 3.259771553921668 3.2592541521023684 3.2587367502830697 3.258219348463771 3.2577019466444725 3.257184544825174 3.2566671430058753 3.2557049931905095 3.254267397706495 3.25282980222248 3.251392206738465 3.2499546112544504 3.2485170157704357 3.247079420286421 3.2456418248024037 3.244204229318389 3.242766633834374 3.2413290383503592 3.2398914428663446 3.23845384738233 3.2370162518983148
3.2667787735568425 3.266282580440573 3.265786387324303 3.265290194208033 3.2647940010917633 3.2642978079754936 3.263801614859224 3.2633054217429542 3.262809228626684 3.2623130355104144 3.2618168423941447 3.261320649277874 3.2608244561616044 3.2603282630453347 3.2598320699290646 3.259335876812795 3.258839683696525 3.2583434905802555 3.257847297463986 3.2573511043477157 3.256854911231446 3.2563587181151763 3.2558625249989066 3.255366331882637 3.2548701387663663 3.254373945650096 3.2538777525338265 3.253381559417557 3.252885366301287 3.2523891731850174 3.2514521007079535 3.2500437182208626 3.2486353357337716 3.2472269532466806 3.2458185707595897 3.2444101882724987 3.2430018057854078 3.2415934232983146 3.2401850408112236 3.2387766583241326 3.2373682758370417 3.2359598933499507 3.2345515108628597 3.233143128375769
3.2618857513481485 3.2614107669349077 3.260935782521667 3.2604607981084257 3.259985813695185 3.259510829281944 3.259035844868703 3.258560860455462 3.258085876042221 3.25761089162898 3.2571359072157393 3.256660922802497 3.2561859383892564 3.2557109539760156 3.2552359695627744 3.2547609851495336 3.254286000736293 3.2538110163230516 3.253336031909811 3.2528610474965696 3.252386063083329 3.251911078670088 3.2514360942568468 3.250961109843606 3.2504861254303643 3.250011141017123 3.2495361566038823 3.2490611721906415 3.2485861877774003 3.2481112033641595 3.247199208225398 3.245820038735231 3.244440869245064 3.2430616997548967 3.24168253026473 3.2403033607745626 3.2389241912843953 3.237545021794226 3.236165852304059 3.234786682813892 3.2334075133237246 3.2320283438335577 3.2306491743433905 3.2292700048532232
3.2569927291394505 3.256538953429238 3.2560851777190263 3.255631402008814 3.255177626298602 3.2547238505883898 3.254270074878178 3.2538162991679656 3.2533625234577537 3.2529087477475414 3.2524549720373295 3.2520011963271163 3.2515474206169044 3.251093644906692 3.25063986919648 3.250186093486268 3.249732317776056 3.2492785420658437 3.2488247663556318 3.2483709906454195 3.2479172149352076 3.2474634392249953 3.247009663514783 3.246555887804571 3.2461021120943583 3.245648336384146 3.245194560673934 3.2447407849637218 3.24428700925351 3.2438332335432976 3.2429463157428384 3.2415963592495953 3.2402464027563522 3.2388964462631087 3.2375464897698656 3.2361965332766225 3.234846576783379 3.2334966202901336 3.2321466637968905 3.230796707303647 3.229446750810404 3.228096794317161 3.2267468378239172 3.225396881330674
3.252099706930756 3.251667139923573 3.2512345729163896 3.250802005909206 3.250369438902023 3.24993687189484 3.2495043048876564 3.249071737880473 3.24863917087329 3.2482066038661066 3.247774036858923 3.2473414698517393 3.246908902844556 3.2464763358373725 3.2460437688301895 3.245611201823006 3.2451786348158227 3.2447460678086393 3.2443135008014563 3.243880933794273 3.2434483667870895 3.2430157997799065 3.242583232772723 3.2421506657655397 3.241718098758356 3.2412855317511724 3.240852964743989 3.240420397736806 3.2399878307296226 3.239555263722439 3.2386934232602824 3.237372679763963 3.2360519362676436 3.2347311927713243 3.233410449275005 3.2320897057786855 3.2307689622823665 3.2294482187860445 3.228127475289725 3.2268067317934057 3.2254859882970868 3.2241652448007674 3.222844501304448 3.2215237578081286
3.2472066847220624 3.246795326417908 3.2463839681137534 3.245972609809599 3.2455612515054444 3.24514989320129 3.2447385348971354 3.244327176592981 3.2439158182888264 3.243504459984672 3.2430931016805173 3.2426817433763624 3.242270385072208 3.2418590267680534 3.241447668463899 3.2410363101597444 3.24062495185559 3.2402135935514353 3.239802235247281 3.2393908769431263 3.238979518638972 3.2385681603348178 3.2381568020306633 3.2377454437265087 3.2373340854223533 3.236922727118199 3.2365113688140443 3.23610001050989 3.2356886522057353 3.2352772939015813 3.2344405307777264 3.233149000278331 3.2318574697789355 3.23056593927954 3.2292744087801446 3.227982878280749 3.2266913477813532 3.225399817281956 3.22410828678256 3.2228167562831644 3.221525225783769 3.2202336952843735 3.218942164784978 3.2176506342855826
