Figures/CREST_Example_wjb_NSE/PETs/wjb.pet.20100910.asc
ncols            288
nrows            254
xllcorner        113.274861
yllcorner        31.4918055
cellsize         0.008333333333
NODATA_value     -9999
[rows 120 to 139 of 254, columns 88 to 131 of 288]
0.8157255165446298 0.815430911396692 0.8151363062487542 0.8148417011008159 0.8145470959528781 0.8142524908049403 0.8139578856570026 0.8136632805090648 0.813368675361127 0.8130740702131892 0.8127794650652516 0.8124848599173138 0.812190254769376 0.8118956496214382 0.8118491501877911 0.812067881372688 0.8122866125575853 0.8125053437424822 0.8127240749273791 0.812942806112276 0.8131615372971729 0.8133802684820698 0.8135989996669667 0.8138177308518636 0.8140364620367606 0.8142551932216575 0.8144739244065544 0.8146926555914513 0.8149113867763482 0.8151301179612455 0.8153488491461424 0.8155675803310393 0.8157863115159362 0.8160050427008332 0.8162237738857301 0.816442505070627 0.8166612362555239 0.8168799674404208 0.8170986986253177 0.8173174298102146 0.8175361609951115 0.8177548921800084 0.8179736233649056 0.8181923545498027
0.8104321570095949 0.8101036378021588 0.8097751185947226 0.8094465993872859 0.8091180801798498 0.8087895609724136 0.8084610417649775 0.8081325225575413 0.8078040033501052 0.807475484142669 0.8071469649352329 0.8068184457277967 0.8064899265203606 0.8061614073129244 0.8061590753472078 0.8065054449183733 0.8068518144895395 0.807198184060705 0.8075445536318706 0.8078909232030361 0.8082372927742018 0.8085836623453673 0.8089300319165329 0.8092764014876984 0.809622771058864 0.8099691406300296 0.8103155102011952 0.8106618797723607 0.8110082493435263 0.8113546189146925 0.811700988485858 0.8120473580570237 0.8123937276281892 0.8127400971993548 0.8130864667705203 0.813432836341686 0.8137792059128515 0.8141255754840171 0.8144719450551826 0.8148183146263482 0.8151646841975138 0.8155110537686794 0.8158574233398456 0.8162037929110111
0.8051387974745602 0.8047763642076257 0.8044139309406911 0.8040514976737559 0.8036890644068214 0.8033266311398869 0.8029641978729524 0.8026017646060178 0.8022393313390833 0.8018768980721488 0.8015144648052143 0.8011520315382797 0.8007895982713451 0.8004271650044106 0.8004690005066244 0.8009430084640586 0.8014170164214937 0.8018910243789279 0.8023650323363621 0.8028390402937964 0.8033130482512305 0.8037870562086648 0.804261064166099 0.8047350721235332 0.8052090800809675 0.8056830880384017 0.806157095995836 0.8066311039532702 0.8071051119107044 0.8075791198681395 0.8080531278255737 0.8085271357830079 0.8090011437404421 0.8094751516978763 0.8099491596553106 0.8104231676127448 0.810897175570179 0.8113711835276133 0.8118451914850475 0.8123191994424818 0.812793207399916 0.8132672153573501 0.8137412233147853 0.8142152312722195
0.7998454379395254 0.7994490906130926 0.7990527432866597 0.798656395960226 0.7982600486337931 0.7978637013073602 0.7974673539809273 0.7970710066544944 0.7966746593280615 0.7962783120016285 0.7958819646751956 0.7954856173487627 0.7950892700223298 0.7946929226958969 0.794778925666041 0.7953805720097439 0.7959822183534478 0.7965838646971507 0.7971855110408537 0.7977871573845565 0.7983888037282594 0.7989904500719622 0.7995920964156652 0.800193742759368 0.8007953891030709 0.8013970354467739 0.8019986817904767 0.8026003281341796 0.8032019744778826 0.8038036208215864 0.8044052671652894 0.8050069135089922 0.8056085598526951 0.806210206196398 0.8068118525401009 0.8074134988838038 0.8080151452275067 0.8086167915712096 0.8092184379149124 0.8098200842586154 0.8104217306023183 0.8110233769460211 0.8116250232897251 0.8122266696334279
0.7945520784044862 0.7941218170185549 0.7936915556326235 0.7932612942466915 0.7928310328607602 0.7924007714748288 0.7919705100888975 0.7915402487029661 0.7911099873170349 0.7906797259311035 0.7902494645451722 0.7898192031592408 0.7893889417733095 0.7889586803873782 0.7890888508254529 0.7898181355554245 0.7905474202853974 0.7912767050153691 0.7920059897453408 0.7927352744753123 0.793464559205284 0.7941938439352557 0.7949231286652274 0.795652413395199 0.7963816981251707 0.7971109828551424 0.797840267585114 0.7985695523150856 0.7992988370450573 0.8000281217750302 0.8007574065050018 0.8014866912349735 0.8022159759649452 0.8029452606949169 0.8036745454248885 0.8044038301548602 0.8051331148848319 0.8058623996148035 0.8065916843447751 0.8073209690747468 0.8080502538047185 0.8087795385346901 0.809508823264663 0.8102381079946347
0.7892587188694513 0.7887945434240217 0.7883303679785919 0.7878661925331615 0.7874020170877317 0.786937841642302 0.7864736661968723 0.7860094907514426 0.7855453153060129 0.7850811398605831 0.7846169644151534 0.7841527889697237 0.783688613524294 0.7832244380788643 0.7833987759848694 0.7842556991011097 0.7851126222173515 0.7859695453335918 0.7868264684498322 0.7876833915660725 0.7885403146823128 0.7893972377985531 0.7902541609147934 0.7911110840310337 0.791968007147274 0.7928249302635144 0.7936818533797547 0.794538776495995 0.7953956996122353 0.7962526227284771 0.7971095458447174 0.7979664689609578 0.7988233920771981 0.7996803151934384 0.8005372383096787 0.801394161425919 0.8022510845421593 0.8031080076583996 0.80396493077464 0.8048218538908803 0.8056787770071207 0.806535700123361 0.8073926232396027 0.808249546355843
0.7839653593344166 0.7834672698294886 0.7829691803245604 0.7824710908196315 0.7819730013147034 0.7814749118097752 0.7809768223048472 0.7804787327999191 0.779980643294991 0.7794825537900629 0.7789844642851348 0.7784863747802067 0.7779882852752786 0.7774901957703505 0.777708701144286 0.7786932626467951 0.7796778241493056 0.7806623856518147 0.7816469471543236 0.7826315086568326 0.7836160701593416 0.7846006316618506 0.7855851931643596 0.7865697546668685 0.7875543161693775 0.7885388776718865 0.7895234391743955 0.7905080006769045 0.7914925621794134 0.7924771236819241 0.793461685184433 0.7944462466869421 0.7954308081894511 0.79641536969196 0.7973999311944691 0.798384492696978 0.799369054199487 0.8003536157019959 0.801338177204505 0.802322738707014 0.8033073002095229 0.8042918617120319 0.8052764232145425 0.8062609847170515
0.7786719997993818 0.7781399962349553 0.7776079926705288 0.7770759891061014 0.776543985541675 0.7760119819772485 0.775479978412822 0.7749479748483956 0.7744159712839691 0.7738839677195426 0.7733519641551162 0.7728199605906897 0.7722879570262632 0.7717559534618368 0.7720186263037027 0.7731308261924803 0.7742430260812598 0.7753552259700375 0.7764674258588151 0.7775796257475928 0.7786918256363704 0.779804025525148 0.7809162254139257 0.7820284253027033 0.783140625191481 0.7842528250802586 0.7853650249690363 0.7864772248578139 0.7875894247465915 0.7887016246353711 0.7898138245241487 0.7909260244129264 0.792038224301704 0.7931504241904817 0.7942626240792593 0.7953748239680369 0.7964870238568146 0.7975992237455922 0.7987114236343699 0.7998236235231475 0.800935823411925 0.8020480233007027 0.8031602231894823 0.8042724230782599
0.7733786402643471 0.7728127226404222 0.7722468050164973 0.7716808873925716 0.7711149697686467 0.7705490521447218 0.7699831345207969 0.7694172168968721 0.7688512992729473 0.7682853816490224 0.7677194640250975 0.7671535464011726 0.7665876287772478 0.766021711153323 0.7663285514631193 0.7675683897381657 0.768808228013214 0.7700480662882603 0.7712879045633066 0.7725277428383529 0.7737675811133993 0.7750074193884455 0.7762472576634918 0.7774870959385382 0.7787269342135844 0.7799667724886308 0.781206610763677 0.7824464490387233 0.7836862873137697 0.784926125588818 0.7861659638638644 0.7874058021389106 0.788645640413957 0.7898854786890033 0.7911253169640495 0.7923651552390959 0.7936049935141422 0.7948448317891885 0.7960846700642348 0.797324508339281 0.7985643466143274 0.7998041848893737 0.8010440231644221 0.8022838614394684
0.7680852807293124 0.7674854490458891 0.7668856173624659 0.7662857856790416 0.7656859539956183 0.7650861223121951 0.7644862906287718 0.7638864589453486 0.7632866272619254 0.7626867955785022 0.7620869638950789 0.7614871322116556 0.7608873005282324 0.7602874688448091 0.7606384766225359 0.7620059532838509 0.7633734299451682 0.7647409066064832 0.7661083832677982 0.7674758599291132 0.768843336590428 0.770210813251743 0.771578289913058 0.772945766574373 0.774313243235688 0.7756807198970029 0.7770481965583178 0.7784156732196328 0.7797831498809478 0.7811506265422651 0.7825181032035801 0.7838855798648949 0.7852530565262099 0.7866205331875249 0.7879880098488399 0.7893554865101549 0.7907229631714698 0.7920904398327848 0.7934579164940997 0.7948253931554147 0.7961928698167297 0.7975603464780446 0.798927823139362 0.8002952998006768
0.7627919211942775 0.7621581754513559 0.7615244297084343 0.7608906839655116 0.76025693822259 0.7596231924796684 0.7589894467367467 0.7583557009938251 0.7577219552509035 0.7570882095079818 0.7564544637650602 0.7558207180221386 0.755186972279217 0.7545532265362954 0.7549484017819527 0.7564435168295363 0.7579386318771224 0.759433746924706 0.7609288619722896 0.7624239770198733 0.7639190920674569 0.7654142071150405 0.7669093221626241 0.7684044372102078 0.7698995522577914 0.771394667305375 0.7728897823529586 0.7743848974005422 0.7758800124481259 0.777375127495712 0.7788702425432956 0.7803653575908792 0.7818604726384629 0.7833555876860465 0.7848507027336301 0.7863458177812137 0.7878409328287973 0.789336047876381 0.7908311629239646 0.7923262779715482 0.7938213930191318 0.7953165080667155 0.7968116231143016 0.7983067381618852
0.7574985616592382 0.7568309018568182 0.7561632420543982 0.7554955822519771 0.754827922449557 0.754160262647137 0.753492602844717 0.752824943042297 0.7521572832398769 0.7514896234374568 0.7508219636350368 0.7501543038326168 0.7494866440301968 0.7488189842277767 0.7492583269413644 0.7508810803752168 0.7525038338090719 0.7541265872429244 0.7557493406767768 0.7573720941106291 0.7589948475444815 0.7606176009783339 0.7622403544121863 0.7638631078460387 0.765485861279891 0.7671086147137435 0.7687313681475959 0.7703541215814482 0.7719768750153007 0.7735996284491558 0.7752223818830082 0.7768451353168606 0.7784678887507129 0.7800906421845654 0.7817133956184177 0.7833361490522701 0.7849589024861225 0.7865816559199749 0.7882044093538273 0.7898271627876797 0.791449916221532 0.7930726696553845 0.7946954230892396 0.796318176523092
0.7522052021242035 0.7515036282622851 0.7508020544003667 0.7501004805384471 0.7493989066765286 0.7486973328146103 0.7479957589526919 0.7472941850907734 0.746592611228855 0.7458910373669366 0.7451894635050182 0.7444878896430998 0.7437863157811814 0.743084741919263 0.743568252100781 0.7453186439209021 0.7470690357410261 0.7488194275611472 0.7505698193812682 0.7523202112013893 0.7540706030215104 0.7558209948416315 0.7575713866617525 0.7593217784818735 0.7610721703019946 0.7628225621221156 0.7645729539422367 0.7663233457623577 0.7680737375824788 0.7698241294026028 0.7715745212227239 0.7733249130428449 0.7750753048629659 0.776825696683087 0.778576088503208 0.7803264803233291 0.7820768721434501 0.7838272639635712 0.7855776557836922 0.7873280476038133 0.7890784394239343 0.7908288312440553 0.7925792230641794 0.7943296148843004
0.7469118425891688 0.7461763546677519 0.7454408667463351 0.744705378824917 0.7439698909035003 0.7432344029820835 0.7424989150606667 0.7417634271392499 0.7410279392178332 0.7402924512964163 0.7395569633749995 0.7388214754535828 0.7380859875321659 0.7373504996107492 0.7378781772601978 0.7397562074665874 0.7416342376729803 0.7435122678793701 0.7453902980857597 0.7472683282921495 0.7491463584985392 0.7510243887049288 0.7529024189113186 0.7547804491177083 0.756658479324098 0.7585365095304877 0.7604145397368774 0.7622925699432671 0.7641706001496569 0.7660486303560498 0.7679266605624394 0.7698046907688292 0.7716827209752188 0.7735607511816086 0.7754387813879983 0.777316811594388 0.7791948418007777 0.7810728720071674 0.7829509022135571 0.7848289324199468 0.7867069626263365 0.7885849928327262 0.7904630230391192 0.7923410532455089
0.741618483054134 0.7408490810732188 0.7400796790923037 0.7393102771113872 0.738540875130472 0.7377714731495568 0.7370020711686416 0.7362326691877265 0.7354632672068113 0.7346938652258961 0.733924463244981 0.7331550612640657 0.7323856592831506 0.7316162573022353 0.7321881024196144 0.7341937710122728 0.7361994396049345 0.7382051081975929 0.7402107767902513 0.7422164453829097 0.744222113975568 0.7462277825682264 0.7482334511608847 0.7502391197535431 0.7522447883462015 0.7542504569388598 0.7562561255315182 0.7582617941241766 0.760267462716835 0.7622731313094967 0.7642787999021551 0.7662844684948135 0.7682901370874718 0.7702958056801302 0.7723014742727886 0.774307142865447 0.7763128114581053 0.7783184800507637 0.780324148643422 0.7823298172360804 0.7843354858287388 0.7863411544213972 0.788346823014059 0.7903524916067173
0.7363251235190993 0.7355218074786857 0.7347184914382722 0.7339151753978572 0.7331118593574436 0.7323085433170301 0.7315052272766165 0.730701911236203 0.7298985951957894 0.7290952791553759 0.7282919631149622 0.7274886470745487 0.7266853310341351 0.7258820149937216 0.726498027579031 0.728631334557958 0.7307646415368887 0.7328979485158157 0.7350312554947428 0.7371645624736698 0.7392978694525968 0.7414311764315238 0.7435644834104509 0.7456977903893779 0.7478310973683049 0.749964404347232 0.752097711326159 0.754231018305086 0.756364325284013 0.7584976322629436 0.7606309392418708 0.7627642462207977 0.7648975531997247 0.7670308601786517 0.7691641671575788 0.7712974741365058 0.7734307811154328 0.77556408809436 0.777697395073287 0.7798307020522139 0.7819640090311409 0.784097316010068 0.7862306229889987 0.7883639299679257
0.7310317639840643 0.7301945338841525 0.7293573037842405 0.7285200736843271 0.7276828435844152 0.7268456134845033 0.7260083833845913 0.7251711532846794 0.7243339231847674 0.7234966930848555 0.7226594629849435 0.7218222328850316 0.7209850027851197 0.7201477726852077 0.7208079527384476 0.7230688981036433 0.7253298434688428 0.7275907888340385 0.7298517341992342 0.7321126795644298 0.7343736249296255 0.7366345702948213 0.738895515660017 0.7411564610252126 0.7434174063904083 0.745678351755604 0.7479392971207997 0.7502002424859954 0.7524611878511911 0.7547221332163906 0.7569830785815863 0.759244023946782 0.7615049693119778 0.7637659146771734 0.7660268600423691 0.7682878054075648 0.7705487507727605 0.7728096961379561 0.7750706415031519 0.7773315868683476 0.7795925322335433 0.7818534775987389 0.7841144229639385 0.7863753683291341
0.7257384044490252 0.7248672602896148 0.7239961161302044 0.7231249719707926 0.7222538278113823 0.7213826836519719 0.7205115394925615 0.7196403953331512 0.7187692511737408 0.7178981070143304 0.7170269628549202 0.7161558186955098 0.7152846745360995 0.7144135303766891 0.7151178778978594 0.7175064616493239 0.7198950454007924 0.7222836291522569 0.7246722129037213 0.7270607966551857 0.7294493804066502 0.7318379641581146 0.7342265479095791 0.7366151316610435 0.7390037154125081 0.7413922991639725 0.743780882915437 0.7461694666669014 0.7485580504183659 0.7509466341698344 0.7533352179212989 0.7557238016727633 0.7581123854242278 0.7605009691756922 0.7628895529271568 0.7652781366786212 0.7676667204300857 0.7700553041815501 0.7724438879330146 0.774832471684479 0.7772210554359434 0.7796096391874079 0.7819982229388764 0.7843868066903409
0.7204450449139904 0.7195399866950817 0.7186349284761729 0.7177298702572626 0.7168248120383539 0.7159197538194452 0.7150146956005364 0.7141096373816277 0.713204579162719 0.7122995209438102 0.7113944627249015 0.7104894045059927 0.709584346287084 0.7086792880681753 0.709427803057276 0.7119440251950091 0.7144602473327465 0.7169764694704797 0.7194926916082128 0.7220089137459459 0.7245251358836791 0.7270413580214121 0.7295575801591453 0.7320738022968784 0.7345900244346115 0.7371062465723446 0.7396224687100778 0.7421386908478108 0.744654912985544 0.7471711351232814 0.7496873572610144 0.7522035793987476 0.7547198015364807 0.7572360236742138 0.759752245811947 0.7622684679496801 0.7647846900874132 0.7673009122251463 0.7698171343628795 0.7723333565006125 0.7748495786383457 0.7773658007760788 0.7798820229138161 0.7823982450515493
0.7151516853789556 0.7142127131005485 0.7132737408221413 0.7123347685437327 0.7113957962653256 0.7104568239869185 0.7095178517085113 0.7085788794301042 0.7076399071516971 0.70670093487329 0.7057619625948829 0.7048229903164758 0.7038840180380687 0.7029450457596615 0.7037377282166927 0.7063815887406945 0.7090254492647007 0.7116693097887025 0.7143131703127042 0.716957030836706 0.7196008913607078 0.7222447518847096 0.7248886124087114 0.7275324729327132 0.730176333456715 0.7328201939807167 0.7354640545047185 0.7381079150287203 0.7407517755527221 0.7433956360767283 0.7460394966007301 0.7486833571247319 0.7513272176487337 0.7539710781727355 0.7566149386967372 0.759258799220739 0.7619026597447408 0.7645465202687426 0.7671903807927444 0.7698342413167462 0.7724781018407479 0.7751219623647497 0.777765822888756 0.7804096834127577
