Figures/CREST_Example_wjb_NSE/PETs/wjb.pet.20101118.asc
ncols            288
nrows            254
xllcorner        113.274861
yllcorner        31.4918055
cellsize         0.008333333333
NODATA_value     -9999
[rows 120 to 139 of 254, columns 220 to 263 of 288]
0.997757435241034 0.9972035351475357 0.9965795742878452 0.9958807168834972 0.9951818594791494 0.9944830020748014 0.9937841446704535 0.9930852872661056 0.9923864298617577 0.9916875724574098 0.9909887150530619 0.9902898576487139 0.9895910002443661 0.9888921428400181 0.988193285435669 0.9874944280313211 0.9867955706269732 0.9860967132226253 0.9853978558182773 0.9846989984139295 0.9840001410095816 0.9833012836052336 0.9826024262008857 0.9819035687965378 0.9812047113921899 0.980505853987842 0.979806996583494 0.979108139179145 0.978409281774797 0.9777104243704491 0.9770115669661013 0.9763127095617533 0.9760424323622531 0.9762303171034533 0.9764182018446536 0.9766060865858538 0.976793971327054 0.9769818560682543 0.9771697408094545 0.9773576255506548 0.9775455102918553 0.9777333950330556 0.9779212797742558 -9999.0
0.9986184507981256 0.9980779080715689 0.9974585709003133 0.9967550006844184 0.9960514304685234 0.9953478602526283 0.9946442900367334 0.9939407198208383 0.9932371496049434 0.9925335793890484 0.9918300091731533 0.9911264389572584 0.9904228687413633 0.9897192985254684 0.9890157283095722 0.9883121580936771 0.9876085878777822 0.9869050176618871 0.9862014474459921 0.9854978772300972 0.9847943070142021 0.9840907367983072 0.9833871665824121 0.9826835963665171 0.9819800261506222 0.9812764559347271 0.9805728857188322 0.9798693155029359 0.9791657452870409 0.978462175071146 0.9777586048552509 0.977055034639356 0.9767837184850209 0.9769744917073765 0.977165264929732 0.9773560381520876 0.9775468113744431 0.9777375845967987 0.9779283578191543 0.9781191310415098 0.9783099042638658 0.9785006774862213 0.9786914507085769 -9999.0
0.9994794663552171 0.9989522809956022 0.9983375675127816 0.9976292844853395 0.9969210014578974 0.9962127184304552 0.9955044354030131 0.9947961523755711 0.994087869348129 0.9933795863206869 0.9926713032932448 0.9919630202658027 0.9912547372383607 0.9905464542109186 0.9898381711834753 0.9891298881560332 0.9884216051285911 0.987713322101149 0.987005039073707 0.9862967560462649 0.9855884730188227 0.9848801899913806 0.9841719069639385 0.9834636239364964 0.9827553409090544 0.9820470578816123 0.9813387748541702 0.9806304918267269 0.9799222087992848 0.9792139257718427 0.9785056427444007 0.9777973597169586 0.9775250046077887 0.9777186663112996 0.9779123280148105 0.9781059897183214 0.9782996514218323 0.9784933131253432 0.978686974828854 0.978880636532365 0.9790742982358762 0.9792679599393871 0.979461621642898 0.9796552833464088
1.0003404819123087 0.9998266539196353 0.9992165641252497 0.9985035682862605 0.9977905724472714 0.9970775766082822 0.996364580769293 0.9956515849303038 0.9949385890913147 0.9942255932523255 0.9935125974133363 0.9927996015743471 0.992086605735358 0.9913736098963688 0.9906606140573784 0.9899476182183892 0.9892346223794001 0.9885216265404109 0.9878086307014217 0.9870956348624325 0.9863826390234434 0.9856696431844542 0.984956647345465 0.9842436515064759 0.9835306556674867 0.9828176598284974 0.9821046639895082 0.9813916681505179 0.9806786723115287 0.9799656764725395 0.9792526806335503 0.9785396847945612 0.9782662907305566 0.9784628409152227 0.978659391099889 0.9788559412845552 0.9790524914692215 0.9792490416538877 0.9794455918385538 0.9796421420232201 0.9798386922078867 0.9800352423925529 0.9802317925772192 0.9804283427618853
1.001201497469401 1.0007010268436696 1.0000955607377189 0.9993778520871825 0.9986601434366462 0.99794243478611 0.9972247261355737 0.9965070174850374 0.9957893088345011 0.9950716001839649 0.9943538915334286 0.9936361828828923 0.992918474232356 0.9922007655818198 0.9914830569312822 0.990765348280746 0.9900476396302097 0.9893299309796735 0.9886122223291371 0.9878945136786009 0.9871768050280646 0.9864590963775284 0.985741387726992 0.9850236790764558 0.9843059704259195 0.9835882617753833 0.982870553124847 0.9821528444743095 0.9814351358237732 0.980717427173237 0.9799997185227006 0.9792820098721644 0.979007576853325 0.9792070155191465 0.9794064541849681 0.9796058928507896 0.9798053315166112 0.9800047701824327 0.9802042088482542 0.9804036475140758 0.9806030861798977 0.9808025248457193 0.9810019635115408 0.9812014021773624
1.0020625130264924 1.0015753997677026 1.000974557350187 1.0002521358881036 0.9995297144260201 0.9988072929639368 0.9980848715018534 0.9973624500397701 0.9966400285776867 0.9959176071156034 0.9951951856535199 0.9944727641914366 0.9937503427293533 0.9930279212672699 0.9923054998051853 0.991583078343102 0.9908606568810187 0.9901382354189352 0.9894158139568519 0.9886933924947685 0.9879709710326852 0.9872485495706018 0.9865261281085185 0.9858037066464351 0.9850812851843518 0.9843588637222683 0.983636442260185 0.9829140207981004 0.9821915993360171 0.9814691778739337 0.9807467564118504 0.980024334949767 0.9797488629760928 0.9799511901230696 0.9801535172700465 0.9803558444170234 0.9805581715640003 0.9807604987109771 0.980962825857954 0.9811651530049309 0.9813674801519081 0.981569807298885 0.9817721344458619 0.9819744615928387
1.0029235285835842 1.002449772691736 1.0018535539626552 1.0011264196890246 1.0003992854153942 0.9996721511417638 0.9989450168681334 0.998217882594503 0.9974907483208725 0.996763614047242 0.9960364797736115 0.9953093454999811 0.9945822112263507 0.9938550769527202 0.9931279426790885 0.9924008084054581 0.9916736741318276 0.9909465398581971 0.9902194055845667 0.9894922713109363 0.9887651370373058 0.9880380027636754 0.9873108684900449 0.9865837342164144 0.985856599942784 0.9851294656691536 0.9844023313955231 0.9836751971218914 0.982948062848261 0.9822209285746305 0.981493794301 0.9807666600273696 0.9804901490988607 0.9806953647269928 0.9809005803551251 0.9811057959832572 0.9813110116113894 0.9815162272395217 0.9817214428676538 0.9819266584957861 0.9821318741239186 0.9823370897520508 0.982542305380183 0.9827475210083152
1.0037845441406756 1.003324145615769 1.0027325505751232 1.0020007034899456 1.0012688564047683 1.0005370093195907 0.9998051622344131 0.9990733151492356 0.998341468064058 0.9976096209788805 0.9968777738937029 0.9961459268085254 0.9954140797233479 0.9946822326381703 0.9939503855529915 0.993218538467814 0.9924866913826365 0.991754844297459 0.9910229972122815 0.9902911501271039 0.9895593030419264 0.9888274559567488 0.9880956088715713 0.9873637617863937 0.9866319147012163 0.9859000676160387 0.9851682205308612 0.9844363734456824 0.9837045263605049 0.9829726792753273 0.9822408321901498 0.9815089851049722 0.9812314352216285 0.981439539330916 0.9816476434402035 0.9818557475494911 0.9820638516587786 0.9822719557680661 0.9824800598773537 0.9826881639866412 0.982896268095929 0.9831043722052166 0.9833124763145041 0.9835205804237916
1.0046455596977673 1.0041985185398024 1.0036115471875915 1.0028749872908669 1.0021384273941423 1.0014018674974177 1.000665307600693 0.9999287477039684 0.9991921878072437 0.9984556279105191 0.9977190680137945 0.9969825081170699 0.9962459482203453 0.9955093883236207 0.9947728284268947 0.9940362685301701 0.9932997086334455 0.9925631487367209 0.9918265888399963 0.9910900289432716 0.990353469046547 0.9896169091498224 0.9888803492530978 0.9881437893563731 0.9874072294596485 0.9866706695629239 0.9859341096661992 0.9851975497694734 0.9844609898727488 0.9837244299760242 0.9829878700792994 0.9822513101825748 0.9819727213443963 0.9821837139348392 0.982394706525282 0.9826056991157249 0.9828166917061677 0.9830276842966106 0.9832386768870535 0.9834496694774963 0.9836606620679396 0.9838716546583823 0.9840826472488252 0.9842936398392681
1.0055065752548586 1.0050728914638356 1.0044905438000595 1.003749271091788 1.0030079983835163 1.0022667256752444 1.0015254529669728 1.000784180258701 1.0000429075504293 0.9993016348421576 0.9985603621338859 0.9978190894256143 0.9970778167173425 0.9963365440090708 0.9955952713007978 0.9948539985925261 0.9941127258842544 0.9933714531759827 0.992630180467711 0.9918889077594393 0.9911476350511675 0.9904063623428958 0.9896650896346242 0.9889238169263525 0.9881825442180807 0.987441271509809 0.9866999988015372 0.9859587260932643 0.9852174533849927 0.9844761806767209 0.9837349079684492 0.9829936352601775 0.9827140074671642 0.9829278885387623 0.9831417696103606 0.9833556506819587 0.9835695317535569 0.983783412825155 0.9839972938967533 0.9842111749683514 0.98442505603995 0.9846389371115482 0.9848528181831463 0.9850666992547445
1.0063675908119503 1.0059472643878689 1.0053695404125278 1.0046235548927092 1.0038775693728903 1.0031315838530714 1.0023855983332528 1.001639612813434 1.000893627293615 1.0001476417737962 0.9994016562539775 0.9986556707341587 0.9979096852143399 0.9971636996945211 0.996417714174701 0.9956717286548822 0.9949257431350634 0.9941797576152446 0.9934337720954258 0.992687786575607 0.9919418010557882 0.9911958155359694 0.9904498300161506 0.9897038444963318 0.988957858976513 0.9882118734566941 0.9874658879368754 0.9867199024170553 0.9859739168972366 0.9852279313774177 0.984481945857599 0.9837359603377801 0.983455293589932 0.9836720631426855 0.983888832695439 0.9841056022481925 0.9843223718009461 0.9845391413536996 0.9847559109064531 0.9849726804592066 0.9851894500119605 0.985406219564714 0.9856229891174675 0.985839758670221
1.0072286063690425 1.006821637311903 1.006248537024997 1.005497838693631 1.004747140362265 1.003996442030899 1.0032457436995332 1.0024950453681674 1.0017443470368015 1.0009936487054356 1.0002429503740697 0.9994922520427039 0.9987415537113379 0.997990855379972 0.9972401570486049 0.9964894587172389 0.9957387603858731 0.9949880620545072 0.9942373637231413 0.9934866653917754 0.9927359670604096 0.9919852687290436 0.9912345703976777 0.9904838720663118 0.989733173734946 0.9889824754035801 0.9882317770722141 0.987481078740847 0.9867303804094811 0.9859796820781151 0.9852289837467493 0.9844782854153834 0.9841965797127006 0.9844162377466094 0.9846358957805182 0.984855553814427 0.9850752118483359 0.9852948698822447 0.9855145279161536 0.9857341859500623 0.9859538439839716 0.9861735020178803 0.9863931600517892 0.986612818085698
1.0080896219261342 1.007696010235936 1.007127533637465 1.0063721224945519 1.005616711351639 1.004861300208726 1.004105889065813 1.0033504779229 1.002595066779987 1.0018396556370741 1.0010842444941612 1.0003288333512481 0.9995734222083352 0.9988180110654222 0.9980625999225079 0.9973071887795949 0.996551777636682 0.995796366493769 0.995040955350856 0.994285544207943 0.99353013306503 0.9927747219221171 0.9920193107792041 0.9912638996362911 0.9905084884933781 0.9897530773504651 0.9889976662075523 0.9882422550646379 0.9874868439217249 0.986731432778812 0.985976021635899 0.985220610492986 0.9849378658354684 0.9851604123505325 0.9853829588655967 0.9856055053806608 0.985828051895725 0.9860505984107891 0.9862731449258533 0.9864956914409175 0.986718237955982 0.9869407844710462 0.9871633309861103 0.9873858775011745
1.0089506374832258 1.0085703831599695 1.0080065302499333 1.0072464062954731 1.006486282341013 1.005726158386553 1.004966034432093 1.0042059104776329 1.0034457865231727 1.0026856625687128 1.0019255386142527 1.0011654146597926 1.0004052907053325 0.9996451667508724 0.9988850427964111 0.9981249188419511 0.997364794887491 0.996604670933031 0.9958445469785708 0.9950844230241108 0.9943242990696507 0.9935641751151907 0.9928040511607306 0.9920439272062705 0.9912838032518104 0.9905236792973504 0.9897635553428903 0.9890034313884289 0.9882433074339688 0.9874831834795088 0.9867230595250487 0.9859629355705887 0.9856791519582362 0.9859045869544557 0.9861300219506752 0.9863554569468946 0.9865808919431142 0.9868063269393337 0.9870317619355531 0.9872571969317726 0.9874826319279925 0.987708066924212 0.9879335019204314 0.9881589369166509
1.0098116530403172 1.0094447560840025 1.0088855268624013 1.0081206900963942 1.007355853330387 1.0065910165643799 1.0058261797983727 1.0050613430323656 1.0042965062663585 1.0035316695003513 1.0027668327343442 1.0020019959683368 1.0012371592023297 1.0004723224363226 0.9997074856703142 0.9989426489043071 0.9981778121382999 0.9974129753722927 0.9966481386062855 0.9958833018402784 0.9951184650742713 0.9943536283082641 0.993588791542257 0.9928239547762499 0.9920591180102426 0.9912942812442355 0.9905294444782283 0.9897646077122199 0.9889997709462127 0.9882349341802056 0.9874700974141984 0.9867052606481913 0.9864204380810041 0.9866487615583789 0.9868770850357537 0.9871054085131284 0.9873337319905033 0.9875620554678781 0.9877903789452529 0.9880187024226277 0.9882470259000029 0.9884753493773777 0.9887036728547526 0.9889319963321274
1.0106726685974088 1.010319129008036 1.0097645234748696 1.0089949738973154 1.008225424319761 1.0074558747422069 1.0066863251646527 1.0059167755870984 1.0051472260095442 1.0043776764319898 1.0036081268544357 1.0028385772768813 1.0020690276993272 1.001299478121773 1.0005299285442173 0.9997603789666631 0.9989908293891089 0.9982212798115546 0.9974517302340004 0.9966821806564461 0.9959126310788919 0.9951430815013377 0.9943735319237834 0.9936039823462292 0.9928344327686749 0.9920648831911207 0.9912953336135665 0.9905257840360109 0.9897562344584566 0.9889866848809024 0.9882171353033482 0.9874475857257939 0.9871617242037719 0.9873929361623021 0.9876241481208322 0.9878553600793624 0.9880865720378924 0.9883177839964226 0.9885489959549527 0.9887802079134829 0.9890114198720134 0.9892426318305435 0.9894738437890737 0.9897050557476038
1.0115336841545004 1.0111935019320692 1.0106435200873378 1.0098692576982367 1.0090949953091353 1.0083207329200339 1.0075464705309325 1.0067722081418313 1.00599794575273 1.0052236833636286 1.0044494209745272 1.0036751585854258 1.0029008961963246 1.0021266338072232 1.0013523714181205 1.0005781090290191 0.9998038466399178 0.9990295842508166 0.9982553218617152 0.9974810594726139 0.9967067970835125 0.9959325346944112 0.9951582723053098 0.9943840099162086 0.9936097475271072 0.9928354851380059 0.9920612227489045 0.9912869603598019 0.9905126979707005 0.9897384355815992 0.9889641731924979 0.9881899108033966 0.9879030103265397 0.9881371107662252 0.9883712112059106 0.9886053116455962 0.9888394120852816 0.989073512524967 0.9893076129646525 0.9895417134043379 0.9897758138440238 0.9900099142837093 0.9902440147233947 0.9904781151630803
1.0123946997115927 1.0120678748561032 1.0115225166998068 1.0107435414991583 1.00996456629851 1.0091855910978615 1.0084066158972131 1.0076276406965647 1.0068486654959163 1.006069690295268 1.0052907150946195 1.004511739893971 1.0037327646933225 1.002953789492674 1.0021748142920244 1.001395839091376 1.0006168638907276 0.9998378886900792 0.9990589134894307 0.9982799382887823 0.9975009630881339 0.9967219878874854 0.995943012686837 0.9951640374861885 0.9943850622855401 0.9936060870848917 0.9928271118842433 0.9920481366835936 0.9912691614829451 0.9904901862822967 0.9897112110816483 0.9889322358809999 0.9886442964493083 0.9888812853701491 0.9891182742909899 0.9893552632118306 0.9895922521326714 0.9898292410535122 0.990066229974353 0.9903032188951938 0.9905402078160349 0.9907771967368757 0.9910141856577165 0.9912511745785573
1.013255715268684 1.0129422477801364 1.012401513312275 1.0116178253000794 1.010834137287884 1.0100504492756883 1.009266761263493 1.0084830732512975 1.0076993852391019 1.0069156972269064 1.0061320092147108 1.0053483212025154 1.0045646331903197 1.0037809451781243 1.0029972571659276 1.002213569153732 1.0014298811415365 1.0006461931293409 0.9998625051171455 0.99907881710495 0.9982951290927544 0.9975114410805589 0.9967277530683634 0.9959440650561678 0.9951603770439723 0.9943766890317769 0.9935930010195814 0.9928093130073845 0.992025624995189 0.9912419369829935 0.9904582489707979 0.9896745609586024 0.9893855825720761 0.9896254599740723 0.9898653373760683 0.9901052147780645 0.9903450921800606 0.9905849695820567 0.9908248469840528 0.9910647243860489 0.9913046017880455 0.9915444791900415 0.9917843565920377 0.9920242339940337
1.014116730825776 1.0138166207041697 1.0132805099247433 1.0124921091010006 1.011703708277258 1.0109153074535153 1.010126906629773 1.0093385058060302 1.0085501049822876 1.007761704158545 1.0069733033348025 1.0061849025110599 1.0053965016873172 1.0046081008635745 1.0038197000398306 1.0030312992160881 1.0022428983923455 1.0014544975686028 1.0006660967448602 0.9998776959211176 0.9990892950973751 0.9983008942736324 0.9975124934498898 0.9967240926261473 0.9959356918024046 0.9951472909786621 0.9943588901549194 0.9935704893311755 0.9927820885074329 0.9919936876836903 0.9912052868599477 0.990416886036205 0.990126868694844 0.9903696345779954 0.9906124004611468 0.9908551663442983 0.9910979322274497 0.9913406981106011 0.9915834639937526 0.991826229876904 0.9920689957600559 0.9923117616432073 0.9925545275263588 0.9927972934095102
