Figures/CREST_Example_wjb_NSE/PETs/wjb.pet.20101128.asc
ncols            288
nrows            254
xllcorner        113.274861
yllcorner        31.4918055
cellsize         0.008333333333
NODATA_value     -9999
[rows 152 to 170 of 254, columns 132 to 175 of 288]
0.845406636959367 0.8448350515734634 0.8442634661875598 0.8436918808016561 0.8431202954157525 0.8425487100298489 0.8419771246439453 0.8414055392580416 0.840833953872138 0.8402623684862344 0.8396907831003307 0.8391191977144261 0.8385476123285225 0.8379760269426189 0.8374044415567152 0.8368328561708116 0.836261270784908 0.8356896853990043 0.8351181000131006 0.834546514627197 0.8339749292412934 0.8334033438553897 0.8328317584694861 0.8322601730835825 0.8316885876976778 0.8311170023117742 0.8305454169258706 0.829973831539967 0.8294022461540633 0.8288306607681597 0.8284030098623321 0.8281292281717151 0.827855446481098 0.827581664790481 0.8273078830998639 0.8270341014092468 0.8267603197186298 0.8264865380280123 0.8262127563373953 0.8259389746467782 0.8256651929561613 0.8253914112655442 0.8251176295749272 0.8248438478843101
0.8463388562511417 0.8457554989401413 0.845172141629141 0.8445887843181407 0.8440054270071403 0.84342206969614 0.8428387123851396 0.8422553550741393 0.841671997763139 0.8410886404521386 0.8405052831411383 0.8399219258301369 0.8393385685191366 0.8387552112081362 0.8381718538971359 0.8375884965861355 0.8370051392751352 0.8364217819641349 0.8358384246531345 0.8352550673421342 0.8346717100311338 0.8340883527201335 0.8335049954091331 0.8329216380981328 0.8323382807871315 0.8317549234761311 0.8311715661651308 0.8305882088541305 0.8300048515431302 0.8294214942321299 0.8289845614632221 0.8287041598421494 0.8284237582210768 0.8281433566000043 0.8278629549789317 0.8275825533578591 0.8273021517367866 0.8270217501157134 0.8267413484946409 0.8264609468735683 0.8261805452524957 0.8259001436314231 0.8256197420103505 0.8253393403892779
0.8472710755429164 0.8466759463068193 0.8460808170707222 0.8454856878346252 0.8448905585985281 0.8442954293624311 0.843700300126334 0.843105170890237 0.8425100416541399 0.8419149124180428 0.8413197831819458 0.8407246539458477 0.8401295247097508 0.8395343954736537 0.8389392662375567 0.8383441370014596 0.8377490077653625 0.8371538785292655 0.8365587492931684 0.8359636200570714 0.8353684908209743 0.8347733615848772 0.8341782323487802 0.8335831031126831 0.8329879738765851 0.8323928446404881 0.8317977154043911 0.831202586168294 0.830607456932197 0.8300123276960999 0.829566113064112 0.8292790915125838 0.8289920699610557 0.8287050484095276 0.8284180268579995 0.8281310053064713 0.8278439837549432 0.8275569622034146 0.8272699406518864 0.8269829191003583 0.8266958975488301 0.8264088759973021 0.8261218544457739 0.8258348328942458
0.848203294834691 0.8475963936734973 0.8469894925123035 0.8463825913511097 0.8457756901899159 0.8451687890287222 0.8445618878675285 0.8439549867063347 0.843348085545141 0.8427411843839472 0.8421342832227534 0.8415273820615586 0.8409204809003649 0.8403135797391711 0.8397066785779773 0.8390997774167837 0.8384928762555899 0.8378859750943961 0.8372790739332023 0.8366721727720086 0.8360652716108148 0.835458370449621 0.8348514692884274 0.8342445681272336 0.8336376669660388 0.833030765804845 0.8324238646436513 0.8318169634824575 0.8312100623212637 0.8306031611600699 0.830147664665002 0.8298540231830183 0.8295603817010346 0.8292667402190509 0.8289730987370673 0.8286794572550835 0.8283858157730999 0.8280921742911157 0.827798532809132 0.8275048913271483 0.8272112498451646 0.826917608363181 0.8266239668811973 0.8263303253992136
0.8491355141264657 0.8485168410401752 0.8478981679538847 0.8472794948675944 0.8466608217813039 0.8460421486950134 0.8454234756087229 0.8448048025224324 0.844186129436142 0.8435674563498515 0.842948783263561 0.8423301101772696 0.8417114370909791 0.8410927640046886 0.8404740909183981 0.8398554178321076 0.8392367447458172 0.8386180716595267 0.8379993985732362 0.8373807254869458 0.8367620524006553 0.8361433793143649 0.8355247062280744 0.8349060331417839 0.8342873600554924 0.8336686869692019 0.8330500138829114 0.832431340796621 0.8318126677103306 0.8311939946240401 0.8307292162658919 0.8304289548534527 0.8301286934410135 0.8298284320285743 0.8295281706161349 0.8292279092036957 0.8289276477912565 0.8286273863788167 0.8283271249663775 0.8280268635539383 0.8277266021414991 0.8274263407290599 0.8271260793166206 0.8268258179041814
0.8500677334182412 0.849437288406854 0.8488068433954667 0.8481763983840797 0.8475459533726925 0.8469155083613052 0.846285063349918 0.8456546183385308 0.8450241733271436 0.8443937283157564 0.8437632833043693 0.843132838292981 0.8425023932815938 0.8418719482702066 0.8412415032588195 0.8406110582474323 0.8399806132360451 0.8393501682246579 0.8387197232132707 0.8380892782018835 0.8374588331904963 0.8368283881791092 0.836197943167722 0.8355674981563348 0.8349370531449465 0.8343066081335594 0.8336761631221722 0.833045718110785 0.8324152730993978 0.8317848280880106 0.8313107678667823 0.8310038865238876 0.8306970051809928 0.830390123838098 0.8300832424952032 0.8297763611523084 0.8294694798094137 0.8291625984665183 0.8288557171236235 0.8285488357807287 0.828241954437834 0.8279350730949392 0.8276281917520444 0.8273213104091496
0.8509999527100157 0.8503577357735318 0.849715518837048 0.8490733019005641 0.8484310849640802 0.8477888680275962 0.8471466510911124 0.8465044341546285 0.8458622172181446 0.8452200002816607 0.8445777833451769 0.8439355664086918 0.8432933494722079 0.8426511325357241 0.8420089155992402 0.8413666986627563 0.8407244817262723 0.8400822647897885 0.8394400478533046 0.8387978309168207 0.8381556139803368 0.8375133970438529 0.836871180107369 0.8362289631708851 0.8355867462344001 0.8349445292979163 0.8343023123614324 0.8336600954249485 0.8330178784884645 0.8323756615519807 0.8318923194676723 0.8315788181943219 0.8312653169209716 0.8309518156476213 0.8306383143742709 0.8303248131009207 0.8300113118275703 0.8296978105542194 0.829384309280869 0.8290708080075188 0.8287573067341685 0.8284438054608181 0.8281303041874678 0.8278168029141174
0.8519321720017904 0.8512781831402099 0.8506241942786292 0.8499702054170486 0.8493162165554681 0.8486622276938874 0.8480082388323068 0.8473542499707262 0.8467002611091456 0.846046272247565 0.8453922833859844 0.8447382945244027 0.8440843056628221 0.8434303168012415 0.842776327939661 0.8421223390780803 0.8414683502164997 0.840814361354919 0.8401603724933385 0.8395063836317579 0.8388523947701773 0.8381984059085967 0.8375444170470161 0.8368904281854355 0.8362364393238537 0.8355824504622732 0.8349284616006926 0.8342744727391119 0.8336204838775314 0.8329664950159508 0.8324738710685622 0.8321537498647563 0.8318336286609505 0.8315135074571446 0.8311933862533387 0.8308732650495328 0.830553143845727 0.8302330226419206 0.8299129014381146 0.8295927802343087 0.8292726590305028 0.828952537826697 0.8286324166228911 0.8283122954190852
0.8528643912935651 0.8521986305068877 0.8515328697202104 0.8508671089335331 0.8502013481468558 0.8495355873601785 0.8488698265735012 0.8482040657868238 0.8475383050001466 0.8468725442134692 0.8462067834267919 0.8455410226401135 0.8448752618534362 0.8442095010667588 0.8435437402800816 0.8428779794934043 0.842212218706727 0.8415464579200497 0.8408806971333723 0.8402149363466951 0.8395491755600177 0.8388834147733404 0.8382176539866631 0.8375518931999858 0.8368861324133073 0.8362203716266301 0.8355546108399527 0.8348888500532755 0.8342230892665982 0.8335573284799208 0.8330554226694522 0.8327286815351908 0.8324019404009293 0.8320751992666678 0.8317484581324065 0.831421716998145 0.8310949758638836 0.8307682347296216 0.8304414935953602 0.8301147524610988 0.8297880113268373 0.8294612701925759 0.8291345290583145 0.8288077879240531
0.8537966105853397 0.8531190778735657 0.8524415451617917 0.8517640124500176 0.8510864797382437 0.8504089470264696 0.8497314143146956 0.8490538816029216 0.8483763488911475 0.8476988161793736 0.8470212834675995 0.8463437507558244 0.8456662180440504 0.8449886853322763 0.8443111526205024 0.8436336199087283 0.8429560871969543 0.8422785544851803 0.8416010217734062 0.8409234890616323 0.8402459563498582 0.8395684236380843 0.8388908909263102 0.8382133582145362 0.8375358255027611 0.836858292790987 0.8361807600792129 0.835503227367439 0.8348256946556649 0.834148161943891 0.8336369742703421 0.8333036132056252 0.8329702521409081 0.8326368910761912 0.8323035300114743 0.8319701689467572 0.8316368078820403 0.8313034468173227 0.8309700857526058 0.8306367246878887 0.8303033636231718 0.8299700025584549 0.8296366414937378 0.8293032804290209
0.8547288298771144 0.8540395252402436 0.853350220603373 0.8526609159665022 0.8519716113296315 0.8512823066927607 0.8505930020558901 0.8499036974190193 0.8492143927821486 0.8485250881452778 0.8478357835084072 0.8471464788715353 0.8464571742346645 0.8457678695977938 0.845078564960923 0.8443892603240524 0.8436999556871816 0.8430106510503109 0.8423213464134401 0.8416320417765695 0.8409427371396987 0.840253432502828 0.8395641278659572 0.8388748232290866 0.8381855185922147 0.8374962139553439 0.8368069093184732 0.8361176046816025 0.8354283000447318 0.834738995407861 0.8342185258712321 0.8338785448760596 0.8335385638808871 0.8331985828857146 0.832858601890542 0.8325186208953694 0.8321786399001969 0.8318386589050238 0.8314986779098513 0.8311586969146788 0.8308187159195063 0.8304787349243338 0.8301387539291613 0.8297987729339887
0.8556610491688899 0.8549599726069225 0.854258896044955 0.8535578194829875 0.8528567429210201 0.8521556663590526 0.8514545897970852 0.8507535132351177 0.8500524366731503 0.8493513601111828 0.8486502835492155 0.8479492069872467 0.8472481304252794 0.8465470538633119 0.8458459773013445 0.845144900739377 0.8444438241774096 0.8437427476154421 0.8430416710534746 0.8423405944915072 0.8416395179295397 0.8409384413675723 0.8402373648056048 0.8395362882436375 0.8388352116816687 0.8381341351197014 0.8374330585577339 0.8367319819957665 0.836030905433799 0.8353298288718316 0.8348000774721225 0.8344534765464944 0.8341068756208664 0.8337602746952383 0.8334136737696102 0.8330670728439821 0.8327204719183541 0.8323738709927254 0.8320272700670973 0.8316806691414692 0.8313340682158411 0.8309874672902131 0.830640866364585 0.8302942654389569
0.8565932684606644 0.8558804199736003 0.8551675714865361 0.854454722999472 0.8537418745124078 0.8530290260253437 0.8523161775382795 0.8516033290512154 0.8508904805641513 0.8501776320770871 0.849464783590023 0.8487519351029575 0.8480390866158934 0.8473262381288292 0.8466133896417651 0.8459005411547009 0.8451876926676368 0.8444748441805726 0.8437619956935085 0.8430491472064444 0.8423362987193802 0.8416234502323161 0.8409106017452519 0.8401977532581878 0.8394849047711224 0.8387720562840583 0.838059207796994 0.83734635930993 0.8366335108228657 0.8359206623358016 0.8353816290730125 0.8350284082169288 0.8346751873608452 0.8343219665047615 0.833968745648678 0.8336155247925944 0.8332623039365107 0.8329090830804264 0.8325558622243429 0.8322026413682593 0.8318494205121756 0.831496199656092 0.8311429788000083 0.8307897579439247
0.8575254877524391 0.8568008673402783 0.8560762469281175 0.8553516265159565 0.8546270061037957 0.8539023856916348 0.853177765279474 0.8524531448673132 0.8517285244551522 0.8510039040429914 0.8502792836308305 0.8495546632186685 0.8488300428065075 0.8481054223943467 0.8473808019821859 0.846656181570025 0.8459315611578642 0.8452069407457032 0.8444823203335424 0.8437576999213816 0.8430330795092207 0.8423084590970599 0.8415838386848989 0.8408592182727381 0.840134597860576 0.8394099774484152 0.8386853570362544 0.8379607366240934 0.8372361162119326 0.8365114957997717 0.8359631806739024 0.8356033398873632 0.8352434991008241 0.8348836583142849 0.8345238175277457 0.8341639767412066 0.8338041359546674 0.8334442951681276 0.8330844543815884 0.8327246135950492 0.8323647728085101 0.8320049320219709 0.8316450912354317 0.8312852504488926
0.8584577070442138 0.8577213147069561 0.8569849223696986 0.8562485300324411 0.8555121376951834 0.8547757453579259 0.8540393530206682 0.8533029606834107 0.8525665683461532 0.8518301760088955 0.851093783671638 0.8503573913343792 0.8496209989971216 0.8488846066598641 0.8481482143226065 0.8474118219853489 0.8466754296480914 0.8459390373108338 0.8452026449735762 0.8444662526363187 0.843729860299061 0.8429934679618035 0.842257075624546 0.8415206832872884 0.8407842909500296 0.840047898612772 0.8393115062755144 0.8385751139382569 0.8378387216009993 0.8371023292637417 0.8365447322747922 0.8361782715577976 0.8358118108408028 0.835445350123808 0.8350788894068134 0.8347124286898187 0.8343459679728239 0.8339795072558286 0.8336130465388338 0.8332465858218392 0.8328801251048444 0.8325136643878497 0.832147203670855 0.8317807429538603
0.8593899263359884 0.8586417620736341 0.8578935978112798 0.8571454335489256 0.8563972692865713 0.855649105024217 0.8549009407618627 0.8541527764995085 0.8534046122371541 0.8526564479747999 0.8519082837124456 0.8511601194500901 0.8504119551877358 0.8496637909253815 0.8489156266630272 0.848167462400673 0.8474192981383187 0.8466711338759644 0.8459229696136101 0.8451748053512559 0.8444266410889015 0.8436784768265473 0.842930312564193 0.8421821483018388 0.8414339840394832 0.8406858197771289 0.8399376555147746 0.8391894912524204 0.8384413269900661 0.8376931627277118 0.8371262838756822 0.836753203228232 0.8363801225807816 0.8360070419333314 0.8356339612858812 0.8352608806384308 0.8348877999909806 0.8345147193435297 0.8341416386960795 0.8337685580486291 0.8333954774011789 0.8330223967537287 0.8326493161062783 0.8322762354588281
0.8603221456277631 0.8595622094403121 0.8588022732528611 0.8580423370654101 0.8572824008779591 0.8565224646905082 0.8557625285030571 0.8550025923156062 0.8542426561281552 0.8534827199407042 0.8527227837532533 0.851962847565801 0.8512029113783499 0.850442975190899 0.849683039003448 0.848923102815997 0.848163166628546 0.847403230441095 0.846643294253644 0.8458833580661931 0.845123421878742 0.844363485691291 0.8436035495038401 0.8428436133163891 0.8420836771289368 0.8413237409414859 0.8405638047540348 0.8398038685665838 0.8390439323791329 0.8382839961916819 0.8377078354765721 0.8373281348986663 0.8369484343207605 0.8365687337428547 0.836189033164949 0.8358093325870432 0.8354296320091373 0.8350499314312309 0.834670230853325 0.8342905302754192 0.8339108296975134 0.8335311291196076 0.8331514285417018 0.832771727963796
0.8612543649195377 0.86048265680699 0.8597109486944423 0.8589392405818946 0.858167532469347 0.8573958243567992 0.8566241162442515 0.8558524081317038 0.8550807000191561 0.8543089919066085 0.8535372837940608 0.8527655756815118 0.851993867568964 0.8512221594564163 0.8504504513438687 0.849678743231321 0.8489070351187733 0.8481353270062256 0.847363618893678 0.8465919107811302 0.8458202026685825 0.8450484945560348 0.8442767864434871 0.8435050783309395 0.8427333702183905 0.8419616621058428 0.8411899539932951 0.8404182458807473 0.8396465377681996 0.838874829655652 0.8382893870774621 0.8379030665691007 0.8375167460607394 0.837130425552378 0.8367441050440166 0.8363577845356553 0.8359714640272939 0.835585143518932 0.8351988230105706 0.8348125025022093 0.8344261819938479 0.8340398614854865 0.8336535409771252 0.8332672204687638
0.8621865842113131 0.8614031041736687 0.8606196241360243 0.8598361440983799 0.8590526640607354 0.858269184023091 0.8574857039854467 0.8567022239478023 0.8559187439101579 0.8551352638725134 0.854351783834869 0.8535683037972233 0.8527848237595789 0.8520013437219345 0.85121786368429 0.8504343836466456 0.8496509036090012 0.8488674235713568 0.8480839435337124 0.847300463496068 0.8465169834584235 0.8457335034207791 0.8449500233831347 0.8441665433454903 0.8433830633078445 0.8425995832702001 0.8418161032325557 0.8410326231949113 0.840249143157267 0.8394656631196226 0.8388709386783525 0.8384779982395356 0.8380850578007187 0.8376921173619017 0.8372991769230849 0.836906236484268 0.836513296045451 0.8361203556066334 0.8357274151678166 0.8353344747289997 0.8349415342901827 0.8345485938513658 0.8341556534125489 0.833762712973732
