Figures/CREST_Example_wjb_NSE/PETs/wjb.pet.20100713.asc
ncols            288
nrows            254
xllcorner        113.274861
yllcorner        31.4918055
cellsize         0.008333333333
NODATA_value     -9999
[rows 180 to 199 of 254, columns 220 to 263 of 288]
1.2562374788507575 1.2498437192464216 1.2443496188481185 1.239817274501906 1.2352849301556938 1.2307525858094817 1.2262202414632695 1.2216878971170573 1.217155552770845 1.212623208424633 1.2080908640784207 1.2035585197322085 1.199026175385996 1.194493831039784 1.189961486693564 1.1854291423473517 1.1808967980011396 1.1763644536549274 1.1718321093087152 1.167299764962503 1.1627674206162908 1.1582350762700786 1.1537027319238664 1.149170387577654 1.1446380432314418 1.1401056988852296 1.1355733545390174 1.1310410101927975 1.1265086658465853 1.121976321500373 1.1174439771541609 1.1129116328079487 1.1085550507115696 1.1043863624389711 1.1002176741663727 -9999.0 -9999.0 -9999.0 -9999.0 -9999.0 -9999.0 -9999.0 -9999.0 -9999.0
1.2618714855030486 1.2554518528727756 1.2498984259079602 1.2452709924032486 1.240643558898537 1.2360161253938255 1.231388691889114 1.2267612583844023 1.222133824879691 1.2175063913749793 1.212878957870268 1.2082515243655563 1.2036240908608447 1.1989966573561333 1.1943692238514136 1.1897417903467022 1.1851143568419906 1.180486923337279 1.1758594898325676 1.171232056327856 1.1666046228231444 1.161977189318433 1.1573497558137213 1.1527223223090097 1.1480948888042983 1.1434674552995867 1.138840021794875 1.1342125882901557 1.1295851547854443 1.1249577212807327 1.120330287776021 1.1157028542713097 1.1113076671488031 1.1071607566662072 -9999.0 -9999.0 -9999.0 -9999.0 -9999.0 -9999.0 -9999.0 -9999.0 -9999.0 -9999.0
1.2675054921553395 1.2610599864991294 1.2554472329678017 1.2507247103045909 1.24600218764138 1.241279664978169 1.2365571423149582 1.2318346196517473 1.2271120969885365 1.2223895743253257 1.2176670516621149 1.2129445289989038 1.208222006335693 1.2034994836724822 1.1987769610092633 1.1940544383460523 1.1893319156828415 1.1846093930196306 1.1798868703564198 1.175164347693209 1.1704418250299982 1.1657193023667871 1.1609967797035763 1.1562742570403655 1.1515517343771546 1.1468292117139438 1.142106689050733 1.137384166387514 1.1326616437243031 1.1279391210610923 1.1232165983978815 1.1184940757346706 1.1140602835860365 -9999.0 -9999.0 -9999.0 -9999.0 -9999.0 -9999.0 -9999.0 -9999.0 -9999.0 -9999.0 -9999.0
1.2731394988076352 1.2666681201254884 1.2609960400276483 1.256178428205938 1.2513608163842278 1.2465432045625175 1.241725592740807 1.2369079809190968 1.2320903690973866 1.2272727572756763 1.222455145453966 1.2176375336322558 1.2128199218105455 1.2080023099888353 1.2031846981671168 1.1983670863454063 1.193549474523696 1.1887318627019858 1.1839142508802756 1.1790966390585653 1.174279027236855 1.1694614154151448 1.1646438035934346 1.159826191771724 1.1550085799500138 1.1501909681283036 1.1453733563065933 1.1405557444848748 1.1357381326631646 1.1309205208414543 1.126102909019744 1.1212852971980336 1.1168129000232723 1.1127095451206814 -9999.0 -9999.0 -9999.0 -9999.0 -9999.0 -9999.0 -9999.0 -9999.0 -9999.0 -9999.0
1.2787735054599263 1.2722762537518426 1.26654484708749 1.2616321461072804 1.256719445127071 1.2518067441468612 1.2468940431666515 1.241981342186442 1.2370686412062324 1.232155940226023 1.2272432392458132 1.2223305382656036 1.217417837285394 1.2125051363051844 1.2075924353249663 1.2026797343447568 1.1977670333645472 1.1928543323843375 1.187941631404128 1.1830289304239183 1.1781162294437086 1.1732035284634992 1.1682908274832895 1.1633781265030798 1.1584654255228704 1.1535527245426607 1.148640023562451 1.143727322582233 1.1388146216020234 1.133901920621814 1.1289892196416043 1.1240765186613946 1.1195655164605058 1.1154839393479175 -9999.0 -9999.0 -9999.0 -9999.0 -9999.0 -9999.0 -9999.0 -9999.0 -9999.0 -9999.0
1.2844075121122172 1.2778843873781967 1.2720936541473318 1.2670858640086229 1.262078073869914 1.257070283731205 1.252062493592496 1.247054703453787 1.2420469133150782 1.2370391231763693 1.2320313330376602 1.2270235428989513 1.2220157527602424 1.2170079626215335 1.212000172482816 1.206992382344107 1.201984592205398 1.196976802066689 1.1919690119279802 1.1869612217892713 1.1819534316505622 1.1769456415118533 1.1719378513731444 1.1669300612344355 1.1619222710957264 1.1569144809570175 1.1519066908183087 1.146898900679591 1.1418911105408822 1.1368833204021733 1.1318755302634642 1.1268677401247553 1.122318132897739 1.1182583335751533 -9999.0 -9999.0 -9999.0 -9999.0 -9999.0 -9999.0 -9999.0 -9999.0 -9999.0 -9999.0
1.290041518764508 1.2834925210045505 1.2776424612071735 1.2725395819099652 1.2674367026127569 1.2623338233155486 1.2572309440183402 1.2521280647211321 1.2470251854239238 1.2419223061267155 1.2368194268295072 1.231716547532299 1.2266136682350908 1.2215107889378825 1.2164079096406655 1.2113050303434572 1.206202151046249 1.2010992717490407 1.1959963924518324 1.190893513154624 1.185790633857416 1.1806877545602077 1.1755848752629994 1.170481995965791 1.165379116668583 1.1602762373713746 1.1551733580741663 1.1500704787769493 1.144967599479741 1.139864720182533 1.1347618408853246 1.1296589615881163 -9999.0 -9999.0 -9999.0 -9999.0 -9999.0 -9999.0 -9999.0 -9999.0 -9999.0 -9999.0 -9999.0 -9999.0
1.295675525416799 1.2891006546309045 1.2831912682670152 1.2779932998113075 1.2727953313556 1.2675973628998924 1.2623993944441847 1.2572014259884772 1.2520034575327696 1.2468054890770621 1.2416075206213544 1.2364095521656469 1.2312115837099393 1.2260136152542316 1.2208156467985152 1.2156176783428077 1.2104197098871001 1.2052217414313924 1.2000237729756849 1.1948258045199773 1.1896278360642696 1.184429867608562 1.1792318991528545 1.1740339306971468 1.1688359622414393 1.1636379937857317 1.158440025330024 1.1532420568743076 1.1480440884186 1.1428461199628925 1.1376481515071848 -9999.0 -9999.0 -9999.0 -9999.0 -9999.0 -9999.0 -9999.0 -9999.0 -9999.0 -9999.0 -9999.0 -9999.0 -9999.0
1.30130953206909 1.2947087882572585 1.288740075326857 1.28344701771265 1.278153960098443 1.2728609024842361 1.2675678448700292 1.2622747872558224 1.2569817296416155 1.2516886720274085 1.2463956144132016 1.2411025567989946 1.2358094991847877 1.2305164415705807 1.2252233839563649 1.219930326342158 1.214637268727951 1.209344211113744 1.2040511534995373 1.1987580958853303 1.1934650382711234 1.1881719806569164 1.1828789230427095 1.1775858654285025 1.1722928078142956 1.1669997502000888 1.1617066925858819 1.1564136349716658 1.1511205773574589 1.1458275197432521 1.1405344621290452 -9999.0 -9999.0 -9999.0 -9999.0 -9999.0 -9999.0 -9999.0 -9999.0 -9999.0 -9999.0 -9999.0 -9999.0 -9999.0
1.3069435387213857 1.3003169218836175 1.2942888823867034 1.288900735613997 1.2835125888412906 1.2781244420685844 1.272736295295878 1.2673481485231717 1.2619600017504653 1.2565718549777591 1.2511837082050528 1.2457955614323464 1.24040741465964 1.2350192678869336 1.2296311211142181 1.224242974341512 1.2188548275688056 1.2134666807960992 1.2080785340233928 1.2026903872506867 1.1973022404779803 1.191914093705274 1.1865259469325675 1.1811378001598611 1.175749653387155 1.1703615066144486 1.1649733598417422 1.1595852130690267 1.1541970662963204 1.148808919523614 1.1434207727509078 -9999.0 -9999.0 -9999.0 -9999.0 -9999.0 -9999.0 -9999.0 -9999.0 -9999.0 -9999.0 -9999.0 -9999.0 -9999.0
1.3125775453736765 1.3059250555099715 1.299837689446545 1.2943544535153395 1.2888712175841337 1.2833879816529281 1.2779047457217225 1.272421509790517 1.2669382738593111 1.2614550379281055 1.2559718019969 1.2504885660656941 1.2450053301344886 1.239522094203283 1.2340388582720678 1.2285556223408622 1.2230723864096567 1.2175891504784508 1.2121059145472453 1.2066226786160397 1.2011394426848339 1.1956562067536283 1.1901729708224227 1.1846897348912169 1.1792064989600113 1.1737232630288057 1.1682400270975999 1.162756791166385 1.1572735552351794 1.1517903193039736 1.146307083372768 1.1408238474415624 -9999.0 -9999.0 -9999.0 -9999.0 -9999.0 -9999.0 -9999.0 -9999.0 -9999.0 -9999.0 -9999.0 -9999.0
1.3182115520259676 1.3115331891363256 1.3053864965063868 1.2998081714166818 1.294229846326977 1.288651521237272 1.283073196147567 1.277494871057862 1.271916545968157 1.266338220878452 1.260759895788747 1.2551815706990421 1.249603245609337 1.244024920519632 1.2384465954299175 1.2328682703402125 1.2272899452505075 1.2217116201608027 1.2161332950710977 1.2105549699813927 1.2049766448916877 1.1993983198019826 1.1938199947122776 1.1882416696225726 1.1826633445328678 1.1770850194431628 1.1715066943534578 1.1659283692637432 1.1603500441740382 1.1547717190843332 1.1491933939946284 1.1436150689049234 -9999.0 -9999.0 -9999.0 -9999.0 -9999.0 -9999.0 -9999.0 -9999.0 -9999.0 -9999.0 -9999.0 -9999.0
1.3238455586782587 1.3171413227626798 1.3109353035662286 1.3052618893180243 1.2995884750698201 1.2939150608216157 1.2882416465734114 1.282568232325207 1.2768948180770028 1.2712214038287986 1.2655479895805941 1.25987457533239 1.2542011610841854 1.2485277468359812 1.2428543325877672 1.237180918339563 1.2315075040913586 1.2258340898431543 1.22016067559495 1.2144872613467457 1.2088138470985412 1.203140432850337 1.1974670186021328 1.1917936043539283 1.1861201901057241 1.18044677585752 1.1747733616093154 1.1690999473611015 1.1634265331128972 1.1577531188646928 1.1520797046164886 1.1464062903682843 -9999.0 -9999.0 -9999.0 -9999.0 -9999.0 -9999.0 -9999.0 -9999.0 -9999.0 -9999.0 -9999.0 -9999.0
1.3294795653305496 1.3227494563890339 1.3164841106260705 1.3107156072193669 1.3049471038126632 1.2991786004059596 1.293410096999256 1.2876415935925523 1.2818730901858486 1.276104586779145 1.2703360833724413 1.2645675799657377 1.258799076559034 1.2530305731523304 1.2472620697456167 1.2414935663389133 1.2357250629322096 1.229956559525506 1.2241880561188023 1.2184195527120987 1.212651049305395 1.2068825458986914 1.2011140424919877 1.195345539085284 1.1895770356785804 1.1838085322718768 1.1780400288651731 1.1722715254584595 1.1665030220517558 1.1607345186450522 1.1549660152383485 1.1491975118316449 1.1443390643956088 -9999.0 -9999.0 -9999.0 -9999.0 -9999.0 -9999.0 -9999.0 -9999.0 -9999.0 -9999.0 -9999.0
1.3351135719828429 1.32835759001539 1.3220329176859145 1.3161693251207114 1.3103057325555083 1.3044421399903054 1.2985785474251024 1.2927149548598993 1.2868513622946964 1.2809877697294934 1.2751241771642903 1.2692605845990874 1.2633969920338843 1.2575333994686813 1.2516698069034684 1.2458062143382653 1.2399426217730622 1.2340790292078594 1.2282154366426563 1.2223518440774532 1.2164882515122504 1.2106246589470473 1.2047610663818442 1.1988974738166414 1.1930338812514383 1.1871702886862352 1.1813066961210323 1.1754431035558193 1.1695795109906162 1.1637159184254133 1.1578523258602103 1.1519887332950072 1.1470916808328435 -9999.0 -9999.0 -9999.0 -9999.0 -9999.0 -9999.0 -9999.0 -9999.0 -9999.0 -9999.0 -9999.0
1.340747578635134 1.3339657236417441 1.3275817247457562 1.321623043022054 1.3156643612983514 1.3097056795746491 1.3037469978509468 1.2977883161272445 1.291829634403542 1.2858709526798398 1.2799122709561375 1.2739535892324352 1.2679949075087327 1.2620362257850304 1.2560775440613179 1.2501188623376156 1.2441601806139133 1.2382014988902108 1.2322428171665085 1.2262841354428062 1.220325453719104 1.2143667719954014 1.2084080902716992 1.2024494085479969 1.1964907268242946 1.190532045100592 1.1845733633768898 1.1786146816531773 1.172655999929475 1.1666973182057727 1.1607386364820702 1.154779954758368 1.1498442972700769 -9999.0 -9999.0 -9999.0 -9999.0 -9999.0 -9999.0 -9999.0 -9999.0 -9999.0 -9999.0 -9999.0
1.3463815852874248 1.3395738572680984 1.333130531805598 1.3270767609233962 1.3210229900411947 1.314969219158993 1.3089154482767913 1.3028616773945896 1.2968079065123879 1.2907541356301864 1.2847003647479847 1.278646593865783 1.2725928229835812 1.2665390521013795 1.2604852812191676 1.2544315103369659 1.2483777394547642 1.2423239685725627 1.236270197690361 1.2302164268081592 1.2241626559259575 1.2181088850437558 1.2120551141615543 1.2060013432793526 1.1999475723971509 1.1938938015149492 1.1878400306327475 1.1817862597505355 1.1757324888683338 1.1696787179861323 1.1636249471039306 1.157571176221729 1.1525969137073102 -9999.0 -9999.0 -9999.0 -9999.0 -9999.0 -9999.0 -9999.0 -9999.0 -9999.0 -9999.0 -9999.0
1.352015591939718 1.3451819908944547 1.3386793388654419 1.332530478824741 1.3263816187840398 1.320232758743339 1.3140838987026378 1.3079350386619368 1.3017861786212357 1.2956373185805348 1.2894884585398336 1.2833395984991327 1.2771907384584316 1.2710418784177306 1.264893018377019 1.258744158336318 1.252595298295617 1.2464464382549159 1.240297578214215 1.2341487181735138 1.2279998581328129 1.2218509980921117 1.2157021380514108 1.2095532780107097 1.2034044179700087 1.1972555579293076 1.1911066978886067 1.184957837847895 1.178808977807194 1.172660117766493 1.166511257725792 1.160362397685091 1.155349530144545 -9999.0 -9999.0 -9999.0 -9999.0 -9999.0 -9999.0 -9999.0 -9999.0 -9999.0 -9999.0 -9999.0
1.357649598592009 1.3507901245208087 1.3442281459252836 1.3379841967260833 1.331740247526883 1.3254962983276826 1.3192523491284822 1.3130083999292819 1.3067644507300815 1.3005205015308812 1.2942765523316808 1.2880326031324805 1.2817886539332801 1.2755447047340798 1.2693007555348688 1.2630568063356684 1.256812857136468 1.2505689079372677 1.2443249587380674 1.2380810095388668 1.2318370603396664 1.225593111140466 1.2193491619412657 1.2131052127420654 1.206861263542865 1.2006173143436647 1.1943733651444643 1.1881294159452533 1.181885466746053 1.1756415175468526 1.1693975683476523 -9999.0 -9999.0 -9999.0 -9999.0 -9999.0 -9999.0 -9999.0 -9999.0 -9999.0 -9999.0 -9999.0 -9999.0 -9999.0
1.3632836052443 1.3563982581471627 1.3497769529851256 1.3434379146274258 1.337098876269726 1.3307598379120265 1.3244207995543267 1.3180817611966271 1.3117427228389273 1.3054036844812276 1.299064646123528 1.2927256077658282 1.2863865694081287 1.280047531050429 1.2737084926927185 1.2673694543350187 1.261030415977319 1.2546913776196194 1.2483523392619196 1.24201330090422 1.2356742625465202 1.2293352241888205 1.222996185831121 1.2166571474734211 1.2103181091157216 1.2039790707580218 1.197640032400322 1.1913009940426116 1.184961955684912 1.1786229173272122 1.1722838789695125 -9999.0 -9999.0 -9999.0 -9999.0 -9999.0 -9999.0 -9999.0 -9999.0 -9999.0 -9999.0 -9999.0 -9999.0 -9999.0
