Figures/CREST_Example_wjb_NSE/PETs/wjb.pet.20100314.asc
ncols            288
nrows            254
xllcorner        113.274861
yllcorner        31.4918055
cellsize         0.008333333333
NODATA_value     -9999
[rows 19 to 37 of 254, columns 44 to 87 of 288]
0.5261763770173875 0.5271641128031223 0.5281518485888569 0.5291395843745916 0.5301273201603263 0.5311150559460609 0.5321027917317956 0.5330905275175303 0.5340782633032667 0.5350659990890013 -9999.0 -9999.0 -9999.0 -9999.0 -9999.0 -9999.0 -9999.0 -9999.0 -9999.0 -9999.0 -9999.0 -9999.0 -9999.0 -9999.0 -9999.0 -9999.0 -9999.0 0.5528452432322274 0.5522802723041441 0.5500554227984112 0.5478305732926785 0.5456057237869456 0.5433808742812127 0.5411560247754799 0.5389311752697432 0.5367063257640103 0.5344814762582776 0.5322566267525447 0.5300317772468118 0.527806927741079 0.5255820782353462 0.5233572287296133 0.5211323792238804 0.5189075297181476
0.5289133027745823 0.5300666126700044 0.5312199225654266 0.5323732324608487 0.5335265423562708 0.534679852251693 0.5358331621471151 0.5369864720425372 0.5381397819379613 0.5392930918333835 0.5404464017288056 0.5415997116242277 -9999.0 -9999.0 -9999.0 -9999.0 -9999.0 -9999.0 -9999.0 -9999.0 -9999.0 -9999.0 -9999.0 -9999.0 -9999.0 -9999.0 0.5588993600555617 0.5600526699509839 0.5594067923847187 0.5568375427493735 0.5542682931140283 0.551699043478683 0.5491297938433378 0.5465605442079926 0.5439912945726431 0.5414220449372977 0.5388527953019525 0.5362835456666073 0.5337142960312621 0.5311450463959169 0.5285757967605716 0.5260065471252264 0.5234372974898812 0.520868047854536
0.5316502285317746 0.5329691125368841 0.5342879965419935 0.5356068805471029 0.5369257645522124 0.5382446485573218 0.5395635325624313 0.5408824165675408 0.5422013005726525 0.5435201845777619 0.5448390685828713 0.5461579525879807 0.5474768365930902 0.5487957205981997 -9999.0 -9999.0 -9999.0 -9999.0 -9999.0 -9999.0 -9999.0 -9999.0 -9999.0 -9999.0 -9999.0 -9999.0 0.5659412126646247 0.5672600966697342 0.5665333124652872 0.5636196627003298 0.5607060129353726 0.5577923631704153 0.5548787134054579 0.5519650636405007 0.5490514138755384 0.546137764110581 0.5432241143456238 0.5403104645806664 0.5373968148157091 0.5344831650507518 0.5315695152857945 0.5286558655208372 0.5257422157558799 0.5228285659909226
0.534387154288967 0.5358716124037638 0.5373560705185605 0.5388405286333573 0.5403249867481541 0.5418094448629508 0.5432939029777476 0.5447783610925443 0.5462628192073437 0.5477472773221403 0.5492317354369372 0.5507161935517338 0.5522006516665307 0.5536851097813275 -9999.0 -9999.0 -9999.0 -9999.0 -9999.0 -9999.0 -9999.0 -9999.0 -9999.0 -9999.0 -9999.0 -9999.0 0.5729830652736878 0.5744675233884846 0.5736598325458557 0.5704017826512863 0.5671437327567169 0.5638856828621476 0.5606276329675781 0.5573695830730088 0.5541115331784338 0.5508534832838644 0.5475954333892951 0.5443373834947256 0.5410793336001563 0.5378212837055869 0.5345632338110174 0.5313051839164481 0.5280471340218786 0.5247890841273093
0.5371240800461594 0.5387741122706435 0.5404241444951275 0.5420741767196117 0.5437242089440957 0.5453742411685798 0.5470242733930638 0.5486743056175479 0.5503243378420348 0.5519743700665188 0.553624402291003 0.555274434515487 0.5569244667399711 0.5585744989644551 -9999.0 -9999.0 -9999.0 -9999.0 -9999.0 -9999.0 -9999.0 -9999.0 -9999.0 -9999.0 -9999.0 -9999.0 0.5800249178827508 0.5816749501072348 0.5807863526264241 0.5771839026022426 0.5735814525780611 0.5699790025538797 0.5663765525296982 0.5627741025055167 0.5591716524813292 0.5555692024571477 0.5519667524329662 0.5483643024087848 0.5447618523846033 0.5411594023604218 0.5375569523362403 0.5339545023120589 0.5303520522878774 0.5267496022636959
0.5398610058033518 0.5416766121375233 0.5434922184716946 0.545307824805866 0.5471234311400374 0.5489390374742087 0.5507546438083801 0.5525702501425515 0.554385856476726 0.5562014628108973 0.5580170691450688 0.5598326754792401 0.5616482818134114 0.5634638881475829 0.5652794944817542 0.5670951008159256 -9999.0 0.5707263134842684 0.5725419198184397 -9999.0 -9999.0 -9999.0 -9999.0 -9999.0 -9999.0 0.5852511641576424 0.5870667704918138 0.5888823768259852 0.5879128727069927 0.5839660225531991 0.5800191723994056 0.576072322245612 0.5721254720918184 0.5681786219380249 0.5642317717842246 0.5602849216304311 0.5563380714766375 0.5523912213228439 0.5484443711690504 0.5444975210152568 0.5405506708614634 0.5366038207076698 0.5326569705538762 0.5287101204000826
0.5425979315605443 0.544579112004403 0.5465602924482617 0.5485414728921203 0.550522653335979 0.5525038337798377 0.5544850142236963 0.5564661946675551 0.5584473751114171 0.5604285555552758 0.5624097359991345 0.5643909164429932 0.5663720968868519 0.5683532773307105 0.5703344577745693 0.5723156382184279 0.5742968186622865 0.5762779991061453 0.5782591795500039 0.5802403599938626 0.5822215404377213 -9999.0 -9999.0 -9999.0 -9999.0 0.5921274426570181 0.5941086231008768 0.5960898035447355 0.5950393927875611 0.5907481425041554 0.5864568922207498 0.5821656419373442 0.5778743916539385 0.5735831413705329 0.56929189108712 0.5650006408037144 0.5607093905203087 0.5564181402369031 0.5521268899534975 0.5478356396700917 0.5435443893866861 0.5392531391032805 0.5349618888198748 0.5306706385364692
0.5453348573177366 0.5474816118712826 0.5496283664248286 0.5517751209783746 0.5539218755319206 0.5560686300854666 0.5582153846390125 0.5603621391925586 0.5625088937461082 0.5646556482996542 0.5668024028532003 0.5689491574067462 0.5710959119602922 0.5732426665138383 0.5753894210673842 0.5775361756209302 0.5796829301744763 0.5818296847280222 0.5839764392815682 0.5861231938351142 0.5882699483886602 -9999.0 -9999.0 -9999.0 -9999.0 0.5990037211563939 0.6011504757099398 0.6032972302634858 0.6021659128681296 0.5975302624551119 0.5928946120420941 0.5882589616290764 0.5836233112160587 0.578987660803041 0.5743520103900154 0.5697163599769977 0.5650807095639799 0.5604450591509622 0.5558094087379445 0.5511737583249268 0.5465381079119092 0.5419024574988914 0.5372668070858737 0.532631156672856
0.5480717830749313 0.5503841117381648 0.5526964404013982 0.5550087690646317 0.5573210977278651 0.5596334263910986 0.561945755054332 0.5642580837175655 0.5665704123808029 0.5688827410440364 0.5711950697072697 0.5735073983705032 0.5758197270337366 0.5781320556969701 0.5804443843602035 0.582756713023437 0.5850690416866704 0.5873813703499039 0.5896936990131373 0.5920060276763708 0.5943183563396042 0.5966306850028416 -9999.0 -9999.0 -9999.0 0.6058799996557753 0.6081923283190088 0.6105046569822423 0.6092924329487042 0.604312382406074 0.5993323318634439 0.5943522813208139 0.5893722307781838 0.5843921802355537 0.5794121296929151 0.574432079150285 0.5694520286076549 0.5644719780650248 0.5594919275223947 0.5545118769797647 0.5495318264371345 0.5445517758945044 0.5395717253518744 0.5345916748092443
0.5522943468722141 0.5545538806601122 0.5568134144480104 0.5590729482359085 0.5613324820238066 0.5635920158117046 0.5658515495996027 0.5681110833875008 0.5703706171754028 0.5726301509633009 0.5748896847511991 0.5771492185390971 0.5794087523269952 0.5816682861148933 0.5839278199027914 0.5861873536906895 0.5884468874785876 0.5907064212664858 0.5929659550543838 0.5952254888422819 0.59748502263018 0.599744556418082 0.6020040902059801 0.6042636239938782 0.6065231577817762 0.6087826915696744 0.6110422253575725 0.6133017591454706 0.6120055754470188 0.6069082493749028 0.6018109233027868 0.596713597230671 0.591616271158555 0.586518945086439 0.5814216190143143 0.5763242929421984 0.5712269668700825 0.5661296407979665 0.5610323147258506 0.5559349886537346 0.5508376625816186 0.5457403365095027 0.5406430104373867 0.5355456843652707
0.5581049640522268 0.560078280289824 0.5620515965274211 0.5640249127650183 0.5659982290026154 0.5679715452402126 0.5699448614778098 0.571918177715407 0.5738914939530075 0.5758648101906046 0.5778381264282019 0.579811442665799 0.5817847589033962 0.5837580751409933 0.5857313913785905 0.5877047076161876 0.5896780238537849 0.591651340091382 0.5936246563289792 0.5955979725665763 0.5975712888041735 0.5995446050417741 0.6015179212793712 0.6034912375169684 0.6054645537545655 0.6074378699921628 0.6094111862297599 0.6113845024673571 0.6100010956109347 0.6050292758847281 0.6000574561585215 0.5950856364323149 0.5901138167061083 0.5851419969799017 0.5801701772536867 0.57519835752748 0.5702265378012734 0.5652547180750669 0.5602828983488602 0.5553110786226536 0.5503392588964471 0.5453674391702404 0.5403956194440339 0.5354237997178273
0.5639155812322396 0.5656026799195358 0.567289778606832 0.5689768772941283 0.5706639759814245 0.5723510746687207 0.5740381733560169 0.5757252720433133 0.5774123707306122 0.5790994694179086 0.5807865681052048 0.582473666792501 0.5841607654797972 0.5858478641670934 0.5875349628543897 0.5892220615416859 0.5909091602289821 0.5925962589162783 0.5942833576035745 0.5959704562908709 0.5976575549781671 0.5993446536654662 0.6010317523527624 0.6027188510400586 0.6044059497273548 0.6060930484146511 0.6077801471019473 0.6094672457892435 0.6079966157748505 0.6031503023945534 0.5983039890142561 0.5934576756339589 0.5886113622536616 0.5837650488733643 0.578918735493059 0.5740724221127617 0.5692261087324644 0.5643797953521672 0.5595334819718699 0.5546871685915727 0.5498408552112755 0.5449945418309783 0.540148228450681 0.5353019150703837
0.5697261984122524 0.5711270795492477 0.572527960686243 0.5739288418232382 0.5753297229602335 0.5767306040972289 0.5781314852342241 0.5795323663712194 0.5809332475082171 0.5823341286452124 0.5837350097822077 0.5851358909192029 0.5865367720561983 0.5879376531931936 0.5893385343301888 0.5907394154671841 0.5921402966041794 0.5935411777411747 0.59494205887817 0.5963429400151653 0.5977438211521605 0.5991447022891583 0.6005455834261535 0.6019464645631488 0.6033473457001441 0.6047482268371394 0.6061491079741347 0.60754998911113 0.6059921359387664 0.6012713289043786 0.5965505218699907 0.5918297148356029 0.5871089078012149 0.5823881007668271 0.5776672937324312 0.5729464866980433 0.5682256796636554 0.5635048726292675 0.5587840655948797 0.5540632585604918 0.549342451526104 0.544621644491716 0.5399008374573282 0.5351800304229403
0.5755368155922651 0.5766514791789594 0.5777661427656537 0.5788808063523481 0.5799954699390425 0.5811101335257368 0.5822247971124311 0.5833394606991256 0.5844541242858218 0.5855687878725161 0.5866834514592104 0.5877981150459048 0.5889127786325992 0.5900274422192935 0.5911421058059879 0.5922567693926822 0.5933714329793766 0.5944860965660709 0.5956007601527653 0.5967154237394596 0.597830087326154 0.5989447509128503 0.6000594144995446 0.6011740780862389 0.6022887416729332 0.6034034052596277 0.604518068846322 0.6056327324330163 0.6039876561026822 0.5993923554142037 0.5947970547257252 0.5902017540372467 0.5856064533487682 0.5810111526602897 0.5764158519718033 0.5718205512833248 0.5672252505948463 0.5626299499063678 0.5580346492178893 0.5534393485294108 0.5488440478409323 0.5442487471524537 0.5396534464639753 0.5350581457754967
0.5813474327722827 0.5821758788086759 0.5830043248450691 0.5838327708814622 0.5846612169178554 0.5854896629542486 0.5863181089906417 0.5871465550270349 0.5879750010634296 0.5888034470998227 0.5896318931362159 0.5904603391726091 0.5912887852090022 0.5921172312453954 0.5929456772817886 0.5937741233181817 0.5946025693545749 0.5954310153909681 0.5962594614273612 0.5970879074637544 0.5979163535001476 0.5987447995365421 0.5995732455729353 0.6004016916093284 0.6012301376457216 0.6020585836821148 0.6028870297185079 0.6037154757549011 0.6019831762665964 0.5975133819240274 0.5930435875814583 0.5885737932388893 0.5841039988963203 0.5796342045537511 0.5751644102111745 0.5706946158686055 0.5662248215260365 0.5617550271834674 0.5572852328408984 0.5528154384983293 0.5483456441557603 0.5438758498131913 0.5394060554706221 0.5349362611280531
0.5871580499522955 0.5877002784383877 0.5882425069244799 0.5887847354105722 0.5893269638966644 0.5898691923827566 0.5904114208688489 0.5909536493549411 0.5914958778410343 0.5920381063271265 0.5925803348132187 0.5931225632993109 0.5936647917854032 0.5942070202714954 0.5947492487575876 0.5952914772436799 0.5958337057297721 0.5963759342158643 0.5969181627019566 0.5974603911880488 0.598002619674141 0.5985448481602342 0.5990870766463264 0.5996293051324186 0.6001715336185109 0.6007137621046031 0.6012559905906953 0.6017982190767877 0.5999786964305123 0.5956344084338526 0.5912901204371929 0.5869458324405332 0.5826015444438736 0.5782572564472138 0.5739129684505467 0.5695686804538871 0.5652243924572274 0.5608801044605677 0.556535816463908 0.5521915284672484 0.5478472404705886 0.543502952473929 0.5391586644772693 0.5348143764806097
0.5929686671323082 0.5932246780680995 0.5934806890038908 0.5937366999396821 0.5939927108754735 0.5942487218112648 0.5945047327470561 0.5947607436828473 0.595016754618639 0.5952727655544303 0.5955287764902216 0.5957847874260129 0.5960407983618042 0.5962968092975955 0.5965528202333868 0.5968088311691782 0.5970648421049694 0.5973208530407607 0.597576863976552 0.5978328749123433 0.5980888858481346 0.5983448967839263 0.5986009077197176 0.5988569186555089 0.5991129295913002 0.5993689405270914 0.5996249514628827 0.5998809623986741 0.5979742165944282 0.5937554349436778 0.5895366532929275 0.5853178716421772 0.5810990899914269 0.5768803083406765 0.572661526689919 0.5684427450391687 0.5642239633884184 0.5600051817376681 0.5557864000869177 0.5515676184361674 0.5473488367854171 0.5431300551346668 0.5389112734839164 0.5346924918331661
0.5987792843123211 0.5987490776978114 0.5987188710833018 0.5986886644687921 0.5986584578542825 0.5986282512397728 0.5985980446252632 0.5985678380107535 0.5985376313962438 0.5985074247817341 0.5984772181672245 0.5984470115527148 0.5984168049382053 0.5983865983236956 0.598356391709186 0.5983261850946763 0.5982959784801667 0.598265771865657 0.5982355652511474 0.5982053586366377 0.5981751520221281 0.5981449454076184 0.5981147387931087 0.5980845321785991 0.5980543255640894 0.5980241189495799 0.5979939123350702 0.5979637057205606 0.595969736758344 0.591876461453503 0.5877831861486621 0.5836899108438212 0.5795966355389802 0.5755033602341392 0.5714100849292912 0.5673168096244503 0.5632235343196094 0.5591302590147684 0.5550369837099275 0.5509437084050866 0.5468504331002455 0.5427571577954046 0.5386638824905636 0.5345706071857227
0.6045899014923337 0.6042734773275231 0.6039570531627125 0.6036406289979019 0.6033242048330913 0.6030077806682809 0.6026913565034703 0.6023749323386597 0.6020585081738485 0.601742084009038 0.6014256598442274 0.6011092356794168 0.6007928115146063 0.6004763873497957 0.6001599631849851 0.5998435390201745 0.5995271148553639 0.5992106906905533 0.5988942665257427 0.5985778423609321 0.5982614181961216 0.5979449940313105 0.5976285698664999 0.5973121457016893 0.5969957215368787 0.5966792973720682 0.5963628732072576 0.596046449042447 0.5939652569222599 0.5899974879633283 0.5860297190043967 0.5820619500454651 0.5780941810865335 0.5741264121276018 0.5701586431686635 0.5661908742097319 0.5622231052508003 0.5582553362918687 0.5542875673329372 0.5503197983740056 0.546352029415074 0.5423842604561424 0.5384164914972107 0.5344487225382791
