Figures/CREST_Example_wjb_NSE/PETs/wjb.pet.20090224.asc
ncols            288
nrows            254
xllcorner        113.274861
yllcorner        31.4918055
cellsize         0.008333333333
NODATA_value     -9999
[rows 76 to 94 of 254, columns 44 to 87 of 288]
0.5917249496416978 0.5893625326130316 0.5870001155843655 0.5846376985556994 0.5822752815270332 0.5799128644983671 0.577550447469701 0.5751880304410348 0.5728256134123647 0.5704631963836986 0.5681007793550324 0.5657383623263663 0.5633759452977002 0.5610135282690341 0.5586511112403679 0.5562886942117018 0.5539262771830357 0.5515638601543695 0.5492014431257034 0.5468390260970373 0.5444766090683711 0.542114192039701 0.5397517750110349 0.5373893579823688 0.5350269409537026 0.5326645239250365 0.5303021068963704 0.5279396898677042 0.5262945843093833 0.5254163009284462 0.524538017547509 0.5236597341665719 0.5227814507856346 0.5219031674046976 0.5210248840237589 0.5201466006428218 0.5192683172618846 0.5183900338809475 0.5175117505000103 0.5166334671190732 0.5157551837381361 0.5148769003571989 0.5139986169762618 0.5131203335953246
0.5865536599369636 0.5843264880284379 0.5820993161199122 0.5798721442113863 0.5776449723028606 0.5754178003943349 0.573190628485809 0.5709634565772833 0.5687362846687538 0.566509112760228 0.5642819408517022 0.5620547689431765 0.5598275970346507 0.557600425126125 0.5553732532175992 0.5531460813090734 0.5509189094005477 0.5486917374920219 0.5464645655834962 0.5442373936749704 0.5420102217664446 0.539783049857915 0.5375558779493893 0.5353287060408636 0.5331015341323379 0.530874362223812 0.5286471903152863 0.5264200184067606 0.5248798629788456 0.5240741436994382 0.5232684244200307 0.5224627051406233 0.5216569858612159 0.5208512665818086 0.5200455473023997 0.5192398280229923 0.5184341087435849 0.5176283894641776 0.5168226701847701 0.5160169509053627 0.5152112316259553 0.5144055123465479 0.5135997930671404 0.512794073787733
0.5813823702322296 0.5792904434438442 0.5771985166554587 0.5751065898670734 0.573014663078688 0.5709227362903025 0.5688308095019172 0.5667388827135318 0.5646469559251428 0.5625550291367575 0.560463102348372 0.5583711755599866 0.5562792487716013 0.5541873219832159 0.5520953951948304 0.5500034684064451 0.5479115416180597 0.5458196148296742 0.5437276880412889 0.5416357612529035 0.539543834464518 0.537451907676129 0.5353599808877437 0.5332680540993583 0.531176127310973 0.5290842005225875 0.5269922737342021 0.5249003469458167 0.5234651416483078 0.5227319864704302 0.5219988312925524 0.5212656761146748 0.5205325209367971 0.5197993657589194 0.5190662105810405 0.5183330554031628 0.5175999002252851 0.5168667450474075 0.5161335898695297 0.5154004346916521 0.5146672795137743 0.5139341243358967 0.513200969158019 0.5124678139801413
0.576211080527491 0.5742543988592462 0.5722977171910013 0.5703410355227564 0.5683843538545115 0.5664276721862666 0.5644709905180216 0.5625143088497767 0.5605576271815285 0.5586009455132835 0.5566442638450386 0.5546875821767937 0.5527309005085488 0.5507742188403039 0.548817537172059 0.546860855503814 0.5449041738355691 0.5429474921673242 0.5409908104990793 0.5390341288308343 0.5370774471625894 0.5351207654943412 0.5331640838260963 0.5312074021578513 0.5292507204896064 0.5272940388213615 0.5253373571531166 0.5233806754848717 0.5220504203177689 0.521389829241421 0.5207292381650731 0.5200686470887252 0.5194080560123773 0.5187474649360294 0.5180868738596804 0.5174262827833325 0.5167656917069846 0.5161051006306367 0.5154445095542889 0.5147839184779409 0.514123327401593 0.5134627363252452 0.5128021452488973 0.5121415541725494
0.571039790822757 0.5692183542746525 0.5673969177265479 0.5655754811784434 0.5637540446303388 0.5619326080822342 0.5601111715341297 0.5582897349860252 0.5564682984379175 0.5546468618898129 0.5528254253417084 0.5510039887936039 0.5491825522454993 0.5473611156973948 0.5455396791492902 0.5437182426011856 0.5418968060530811 0.5400753695049766 0.538253932956872 0.5364324964087674 0.5346110598606629 0.5327896233125553 0.5309681867644507 0.5291467502163462 0.5273253136682416 0.525503877120137 0.5236824405720325 0.521861004023928 0.5206356989872313 0.5200476720124131 0.5194596450375949 0.5188716180627767 0.5182835910879586 0.5176955641131404 0.5171075371383212 0.5165195101635031 0.5159314831886849 0.5153434562138668 0.5147554292390486 0.5141674022642304 0.5135793752894122 0.512991348314594 0.512403321339776 0.5118152943649578
0.5658685011180229 0.5641823096900588 0.5624961182620946 0.5608099268341303 0.5591237354061662 0.557437543978202 0.5557513525502378 0.5540651611222737 0.5523789696943066 0.5506927782663423 0.5490065868383782 0.547320395410414 0.5456342039824498 0.5439480125544857 0.5422618211265214 0.5405756296985572 0.5388894382705931 0.5372032468426289 0.5355170554146647 0.5338308639867005 0.5321446725587363 0.5304584811307693 0.5287722897028051 0.5270860982748409 0.5253999068468768 0.5237137154189125 0.5220275239909483 0.5203413325629842 0.5192209776566935 0.518705514783405 0.5181900519101166 0.5176745890368282 0.5171591261635398 0.5166436632902514 0.516128200416962 0.5156127375436735 0.5150972746703851 0.5145818117970967 0.5140663489238082 0.5135508860505198 0.5130354231772314 0.512519960303943 0.5120044974306545 0.511489034557366
0.5606972114132889 0.5591462651054651 0.5575953187976412 0.5560443724898174 0.5544934261819936 0.5529424798741698 0.551391533566346 0.5498405872585221 0.5482896409506957 0.5467386946428718 0.545187748335048 0.5436368020272242 0.5420858557194004 0.5405349094115766 0.5389839631037527 0.5374330167959289 0.5358820704881051 0.5343311241802813 0.5327801778724575 0.5312292315646336 0.5296782852568098 0.5281273389489833 0.5265763926411595 0.5250254463333357 0.5234745000255119 0.5219235537176881 0.5203726074098644 0.5188216611020405 0.5178062563261558 0.5173633575543971 0.5169204587826384 0.5164775600108797 0.516034661239121 0.5155917624673623 0.5151488636956029 0.5147059649238441 0.5142630661520854 0.5138201673803267 0.513377268608568 0.5129343698368093 0.5124914710650506 0.5120485722932918 0.5116056735215332 0.5111627747497745
0.5555259217085546 0.5541102205208712 0.5526945193331877 0.5512788181455043 0.5498631169578209 0.5484474157701373 0.5470317145824539 0.5456160133947705 0.5442003122070846 0.5427846110194012 0.5413689098317177 0.5399532086440343 0.5385375074563509 0.5371218062686673 0.5357061050809839 0.5342904038933005 0.532874702705617 0.5314590015179336 0.5300433003302502 0.5286275991425667 0.5272118979548832 0.5257961967671974 0.5243804955795139 0.5229647943918305 0.521549093204147 0.5201333920164636 0.5187176908287802 0.5173019896410966 0.5163915349956181 0.5160212003253891 0.51565086565516 0.5152805309849311 0.5149101963147021 0.5145398616444732 0.5141695269742436 0.5137991923040146 0.5134288576337857 0.5130585229635566 0.5126881882933276 0.5123178536230987 0.5119475189528697 0.5115771842826408 0.5112068496124117 0.5108365149421827
0.5503546320038205 0.5490741759362775 0.5477937198687344 0.5465132638011913 0.5452328077336482 0.5439523516661051 0.5426718955985621 0.541391439531019 0.5401109834634737 0.5388305273959306 0.5375500713283876 0.5362696152608445 0.5349891591933014 0.5337087031257584 0.5324282470582152 0.5311477909906721 0.5298673349231291 0.528586878855586 0.527306422788043 0.5260259667204998 0.5247455106529567 0.5234650545854115 0.5221845985178684 0.5209041424503253 0.5196236863827822 0.5183432303152392 0.5170627742476961 0.515782318180153 0.5149768136650804 0.5146790430963811 0.514381272527682 0.5140835019589827 0.5137857313902834 0.5134879608215841 0.5131901902528844 0.5128924196841851 0.5125946491154859 0.5122968785467866 0.5119991079780873 0.5117013374093882 0.5114035668406889 0.5111057962719896 0.5108080257032904 0.5105102551345911
0.545183342299082 0.5440381313516794 0.5428929204042768 0.5417477094568742 0.5406024985094716 0.5394572875620691 0.5383120766146665 0.5371668656672639 0.5360216547198593 0.5348764437724567 0.5337312328250541 0.5325860218776515 0.5314408109302489 0.5302955999828463 0.5291503890354436 0.5280051780880411 0.5268599671406385 0.5257147561932359 0.5245695452458333 0.5234243342984307 0.5222791233510281 0.5211339124036235 0.5199887014562209 0.5188434905088183 0.5176982795614158 0.5165530686140132 0.5154078576666106 0.514262646719208 0.5135620923345414 0.513336885867372 0.5131116794002025 0.512886472933033 0.5126612664658636 0.5124360599986941 0.5122108535315243 0.5119856470643549 0.5117604405971854 0.5115352341300159 0.5113100276628465 0.511084821195677 0.5108596147285076 0.5106344082613381 0.5104092017941686 0.5101839953269992
0.5400120525943479 0.5390020867670857 0.5379921209398235 0.5369821551125613 0.535972189285299 0.5349622234580368 0.5339522576307746 0.5329422918035123 0.5319323259762484 0.5309223601489861 0.5299123943217239 0.5289024284944617 0.5278924626671994 0.5268824968399372 0.525872531012675 0.5248625651854127 0.5238525993581504 0.5228426335308882 0.521832667703626 0.5208227018763637 0.5198127360491015 0.5188027702218375 0.5177928043945753 0.5167828385673131 0.5157728727400508 0.5147629069127886 0.5137529410855264 0.5127429752582642 0.5121473710040036 0.5119947286383639 0.5118420862727242 0.5116894439070845 0.5115368015414448 0.511384159175805 0.5112315168101651 0.5110788744445254 0.5109262320788857 0.5107735897132458 0.5106209473476061 0.5104683049819664 0.5103156626163267 0.5101630202506869 0.5100103778850472 0.5098577355194075
0.5348407628896139 0.533966042182492 0.5330913214753702 0.5322166007682483 0.5313418800611264 0.5304671593540046 0.5295924386468827 0.5287177179397609 0.5278429972326375 0.5269682765255156 0.5260935558183937 0.5252188351112719 0.52434411440415 0.523469393697028 0.5225946729899063 0.5217199522827843 0.5208452315756625 0.5199705108685406 0.5190957901614187 0.5182210694542969 0.517346348747175 0.5164716280400516 0.5155969073329298 0.5147221866258079 0.513847465918686 0.5129727452115642 0.5120980245044423 0.5112233037973204 0.510732649673466 0.510652571409356 0.510572493145246 0.5104924148811361 0.510412336617026 0.5103322583529161 0.5102521800888059 0.5101721018246959 0.5100920235605859 0.5100119452964759 0.5099318670323659 0.5098517887682559 0.5097717105041459 0.5096916322400359 0.5096115539759258 0.5095314757118159
0.5363267891377553 0.5354752286406698 0.5346236681435842 0.5337721076464986 0.5329205471494131 0.5320689866523275 0.5312174261552419 0.5303658656581564 0.5295143051610693 0.5286627446639838 0.5278111841668982 0.5269596236698126 0.5261080631727271 0.5252565026756415 0.5244049421785559 0.5235533816814704 0.5227018211843848 0.5218502606872992 0.5209987001902137 0.5201471396931281 0.5192955791960425 0.5184440186989555 0.5175924582018699 0.5167408977047844 0.5158893372076988 0.5150377767106132 0.5141862162135277 0.5133346557164421 0.5128267642794313 0.5126862628366431 0.5125457613938549 0.5124052599510668 0.5122647585082786 0.5121242570654904 0.5119837556227019 0.5118432541799138 0.5117027527371256 0.5115622512943374 0.5114217498515493 0.5112812484087611 0.5111407469659729 0.5110002455231848 0.5108597440803966 0.5107192426376084
0.5449290664074699 0.5439808544182756 0.5430326424290813 0.5420844304398871 0.5411362184506928 0.5401880064614986 0.5392397944723043 0.53829158248311 0.5373433704939142 0.53639515850472 0.5354469465155257 0.5344987345263315 0.5335505225371372 0.5326023105479429 0.5316540985587487 0.5307058865695544 0.5297576745803602 0.5288094625911659 0.5278612506019716 0.5269130386127774 0.5259648266235831 0.5250166146343873 0.524068402645193 0.5231201906559988 0.5221719786668045 0.5212237666776103 0.520275554688416 0.5193273426992218 0.5186716032755895 0.5183285236361947 0.5179854439968 0.5176423643574054 0.5172992847180107 0.516956205078616 0.5166131254392208 0.516270045799826 0.5159269661604313 0.5155838865210367 0.515240806881642 0.5148977272422472 0.5145546476028526 0.5142115679634579 0.5138684883240632 0.5135254086846686
0.5535313436771844 0.5524864801958814 0.5514416167145785 0.5503967532332755 0.5493518897519726 0.5483070262706696 0.5472621627893668 0.5462172993080638 0.5451724358267591 0.5441275723454562 0.5430827088641532 0.5420378453828503 0.5409929819015473 0.5399481184202444 0.5389032549389414 0.5378583914576385 0.5368135279763355 0.5357686644950326 0.5347238010137297 0.5336789375324268 0.5326340740511238 0.5315892105698191 0.5305443470885162 0.5294994836072132 0.5284546201259103 0.5274097566446073 0.5263648931633044 0.5253200296820014 0.5245164422717478 0.5239707844357465 0.5234251265997453 0.5228794687637441 0.5223338109277429 0.5217881530917416 0.5212424952557395 0.5206968374197384 0.5201511795837371 0.5196055217477359 0.5190598639117346 0.5185142060757335 0.5179685482397323 0.517422890403731 0.5168772325677299 0.5163315747317286
0.5621336209468989 0.5609921059734873 0.5598505910000756 0.558709076026664 0.5575675610532523 0.5564260460798408 0.5552845311064292 0.5541430161330175 0.5530015011596039 0.5518599861861924 0.5507184712127807 0.5495769562393691 0.5484354412659574 0.5472939262925458 0.5461524113191342 0.5450108963457226 0.543869381372311 0.5427278663988994 0.5415863514254877 0.5404448364520761 0.5393033214786644 0.5381618065052509 0.5370202915318393 0.5358787765584276 0.5347372615850161 0.5335957466116045 0.5324542316381928 0.5313127166647812 0.530361281267906 0.5296130452352983 0.5288648092026905 0.5281165731700829 0.5273683371374751 0.5266201011048673 0.5258718650722584 0.5251236290396506 0.5243753930070428 0.5236271569744352 0.5228789209418274 0.5221306849092197 0.5213824488766119 0.5206342128440042 0.5198859768113965 0.5191377407787887
0.5707358982166207 0.5694977317511003 0.56825956528558 0.5670213988200595 0.5657832323545391 0.5645450658890188 0.5633068994234983 0.562068732957978 0.5608305664924554 0.5595924000269351 0.5583542335614147 0.5571160670958943 0.5558779006303739 0.5546397341648536 0.5534015676993331 0.5521634012338128 0.5509252347682924 0.5496870683027719 0.5484489018372516 0.5472107353717311 0.5459725689062108 0.5447344024406883 0.5434962359751679 0.5422580695096475 0.5410199030441272 0.5397817365786067 0.5385435701130864 0.537305403647566 0.5362061202640692 0.5352553060348548 0.5343044918056403 0.5333536775764259 0.5324028633472115 0.5314520491179971 0.5305012348887811 0.5295504206595666 0.5285996064303522 0.5276487922011378 0.5266979779719233 0.5257471637427089 0.5247963495134945 0.52384553528428 0.5228947210550656 0.5219439068258512
0.5793381754863351 0.5780033575287061 0.576668539571077 0.575333721613448 0.5739989036558188 0.5726640856981898 0.5713292677405608 0.5699944497829317 0.5686596318253003 0.5673248138676713 0.5659899959100422 0.5646551779524132 0.563320359994784 0.561985542037155 0.5606507240795259 0.5593159061218969 0.5579810881642677 0.5566462702066387 0.5553114522490096 0.5539766342913806 0.5526418163337514 0.5513069983761201 0.549972180418491 0.548637362460862 0.5473025445032329 0.5459677265456039 0.5446329085879748 0.5432980906303457 0.5420509592602275 0.5408975668344066 0.5397441744085856 0.5385907819827647 0.5374373895569438 0.5362839971311227 0.5351306047052998 0.5339772122794789 0.532823819853658 0.531670427427837 0.5305170350020161 0.5293636425761952 0.5282102501503741 0.5270568577245532 0.5259034652987323 0.5247500728729113
0.5879404527560498 0.5865089833063121 0.5850775138565742 0.5836460444068365 0.5822145749570987 0.580783105507361 0.5793516360576232 0.5779201666078855 0.5764886971581453 0.5750572277084075 0.5736257582586698 0.572194288808932 0.5707628193591943 0.5693313499094564 0.5678998804597187 0.566468411009981 0.5650369415602432 0.5636054721105055 0.5621740026607677 0.56074253321103 0.5593110637612921 0.557879594311552 0.5564481248618143 0.5550166554120765 0.5535851859623387 0.5521537165126009 0.5507222470628632 0.5492907776131254 0.5478957982563858 0.5465398276339584 0.5451838570115308 0.5438278863891034 0.542471915766676 0.5411159451442484 0.5397599745218187 0.5384040038993912 0.5370480332769637 0.5356920626545363 0.5343360920321087 0.5329801214096813 0.5316241507872539 0.5302681801648264 0.5289122095423989 0.5275562389199715
