Figures/CREST_Example_wjb_NSE/PETs/wjb.pet.20090721.asc
ncols            288
nrows            254
xllcorner        113.274861
yllcorner        31.4918055
cellsize         0.008333333333
NODATA_value     -9999
[rows 20 to 39 of 254, columns 45 to 89 of 288]
3.5072565004804734 3.5085230623362085 3.509789624191944 3.511056186047679 3.5123227479034145 3.5135893097591495 3.514855871614885 3.5161224334706223 3.5173889953263577 3.5186555571820928 3.5199221190378283 -9999.0 -9999.0 -9999.0 -9999.0 -9999.0 -9999.0 -9999.0 -9999.0 -9999.0 -9999.0 -9999.0 -9999.0 -9999.0 -9999.0 3.538920546873859 3.5401871087295946 3.541668640987168 3.5433799814639393 3.5450913219407107 3.546802662417482 3.5485140028942537 3.550225343371025 3.5519366838477997 3.553648024324571 3.5553593648013426 3.557070705278114 3.5587820457548855 3.560493386231657 3.5622047267084285 3.5639160671852 3.5656274076619714 3.567338748138743 3.5690500886155143 3.5707614290922858
3.5087263487086986 3.5100380920739487 3.5113498354391988 3.512661578804449 3.513973322169699 3.515285065534949 3.516596808900199 3.517908552265452 3.519220295630702 3.520532038995952 3.521843782361202 3.523155525726452 3.5244672690917023 -9999.0 -9999.0 -9999.0 -9999.0 -9999.0 -9999.0 -9999.0 -9999.0 -9999.0 -9999.0 -9999.0 -9999.0 3.541519932839956 3.542831676205206 3.5442946251364402 3.5459192162358737 3.5475438073353067 3.54916839843474 3.550792989534173 3.5524175806336062 3.5540421717330424 3.555666762832476 3.557291353931909 3.5589159450313423 3.5605405361307754 3.5621651272302084 3.563789718329642 3.565414309429075 3.5670389005285084 3.5686634916279414 3.570288082727375 3.571912673826808
3.5101961969369238 3.511553121811689 3.5129100466864536 3.5142669715612187 3.5156238964359834 3.5169808213107485 3.5183377461855136 3.5196946710602806 3.5210515959350457 3.522408520809811 3.5237654456845755 3.5251223705593406 3.5264792954341053 -9999.0 -9999.0 -9999.0 -9999.0 -9999.0 -9999.0 -9999.0 -9999.0 -9999.0 -9999.0 -9999.0 -9999.0 3.544119318806052 3.545476243680817 3.546920609285712 3.548458451007807 3.5499962927299022 3.5515341344519973 3.5530719761740923 3.5546098178961874 3.556147659618285 3.5576855013403796 3.5592233430624747 3.5607611847845697 3.5622990265066647 3.56383686822876 3.565374709950855 3.56691255167295 3.568450393395045 3.56998823511714 3.571526076839235 3.5730639185613295
3.511666045165149 3.5130681515494286 3.514470257933709 3.5158723643179886 3.5172744707022683 3.518676577086548 3.5200786834708278 3.52148078985511 3.52288289623939 3.5242850026236696 3.5256871090079493 3.527089215392229 3.528491321776509 -9999.0 -9999.0 -9999.0 -9999.0 -9999.0 -9999.0 -9999.0 -9999.0 -9999.0 -9999.0 -9999.0 -9999.0 3.5467187047721485 3.548120811156428 3.5495465934349846 3.5509976857797416 3.552448778124498 3.553899870469255 3.555350962814012 3.5568020551587685 3.5582531475035277 3.5597042398482843 3.561155332193041 3.562606424537798 3.5640575168825546 3.565508609227311 3.566959701572068 3.568410793916825 3.5698618862615814 3.5713129786063385 3.572764070951095 3.5742151632958516
3.5131358933933745 3.514583181287169 3.5160304691809636 3.5174777570747584 3.5189250449685527 3.5203723328623475 3.5218196207561423 3.5232669086499393 3.5247141965437336 3.5261614844375284 3.527608772331323 3.529056060225118 3.5305033481189123 3.531950636012707 3.533397923906502 -9999.0 3.536292499694091 3.5377397875878858 -9999.0 -9999.0 -9999.0 -9999.0 -9999.0 -9999.0 3.5478708028444506 3.5493180907382453 3.5507653786320397 3.5521725775842574 3.5535369205516756 3.554901263519094 3.556265606486513 3.557629949453931 3.5589942924213496 3.5603586353887704 3.561722978356189 3.563087321323607 3.564451664291026 3.5658160072584444 3.567180350225863 3.568544693193281 3.5699090361606998 3.5712733791281184 3.5726377220955365 3.574002065062955 3.5753664080303738
3.5146057416215997 3.516098211024909 3.5175906804282184 3.519083149831528 3.520575619234837 3.522068088638147 3.5235605580414564 3.5250530274447684 3.526545496848078 3.528037966251387 3.5295304356546966 3.531022905058006 3.532515374461316 3.534007843864625 3.5355003132679346 3.536992782671244 3.5384852520745533 3.539977721477863 3.5414701908811725 3.542962660284482 -9999.0 -9999.0 -9999.0 -9999.0 3.550425007301032 3.5519174767043413 3.5534099461076507 3.5547985617335294 3.5560761553236095 3.5573537489136897 3.55863134250377 3.55990893609385 3.5611865296839302 3.5624641232740126 3.5637417168640932 3.5650193104541734 3.5662969040442536 3.5675744976343338 3.568852091224414 3.570129684814494 3.5714072784045747 3.572684871994655 3.573962465584735 3.5752400591748152 3.5765176527648954
3.516075589849825 3.517613240762649 3.5191508916754732 3.5206885425882977 3.522226193501122 3.523763844413946 3.5253014953267705 3.5268391462395976 3.528376797152422 3.529914448065246 3.5314520989780704 3.532989749890895 3.5345274008037193 3.5360650517165433 3.5376027026293677 3.539140353542192 3.5406780044550166 3.5422156553678406 3.543753306280665 3.5452909571934894 -9999.0 -9999.0 -9999.0 -9999.0 3.5529792117576133 3.5545168626704378 3.556054513583262 3.5574245458828018 3.5586153900955435 3.5598062343082857 3.5609970785210274 3.5621879227337696 3.563378766946512 3.5645696111592557 3.5657604553719975 3.5669512995847397 3.5681421437974814 3.5693329880102236 3.5705238322229653 3.5717146764357075 3.5729055206484497 3.5740963648611914 3.5752872090739336 3.5764780532866753 3.5776688974994175
3.517545438078051 3.5191282705003903 3.5207111029227294 3.5222939353450684 3.523876767767408 3.525459600189747 3.5270424326120864 3.528625265034428 3.5302080974567676 3.5317909298791066 3.5333737623014456 3.534956594723785 3.536539427146124 3.538122259568463 3.5397050919908026 3.5412879244131417 3.542870756835481 3.54445358925782 3.546036421680159 3.5476192541024987 3.5492020865248404 -9999.0 -9999.0 -9999.0 3.5555334162141974 3.5571162486365364 3.558699081058876 3.5600505300320764 3.56115462486748 3.5622587197028834 3.563362814538287 3.564466909373691 3.5655710042090947 3.5666750990445 3.567779193879904 3.5688832887153072 3.569987383550711 3.5710914783861147 3.5721955732215185 3.5732996680569222 3.5744037628923255 3.5755078577277293 3.576611952563133 3.5777160473985368 3.5788201422339405
3.522537109936335 3.5240184974416167 3.5254998849468984 3.52698127245218 3.5284626599574618 3.5299440474627435 3.531425434968025 3.5329068224733096 3.5343882099785913 3.5358695974838734 3.537350984989155 3.538832372494437 3.5403137599997185 3.5417951475050002 3.543276535010282 3.5447579225155637 3.5462393100208454 3.5477206975261275 3.549202085031409 3.550683472536691 3.5521648600419753 3.553646247547257 3.5551276350525387 3.5566090225578204 3.558090410063102 3.559571797568384 3.5610531850736655 3.562368427644244 3.563506057523743 3.5646436874032417 3.5657813172827404 3.5669189471622387 3.5680565770417374 3.5691942069212383 3.5703318368007366 3.5714694666802353 3.572607096559734 3.573744726439233 3.5748823563187315 3.5760199861982302 3.577157616077729 3.5782952459572273 3.579432875836726 3.5805705057162247 3.5817081355957234
3.5312933891741873 3.5325165973584505 3.5337398055427136 3.5349630137269767 3.53618622191124 3.537409430095503 3.538632638279766 3.539855846464031 3.541079054648294 3.5423022628325573 3.5435254710168205 3.5447486792010836 3.5459718873853463 3.5471950955696094 3.5484183037538726 3.5496415119381357 3.550864720122399 3.552087928306662 3.553311136490925 3.554534344675188 3.555757552859453 3.5569807610437163 3.5582039692279794 3.5594271774122426 3.5606503855965053 3.5618735937807684 3.5630968019650315 3.5643570001757263 3.5656567415608755 3.5669564829460243 3.5682562243311735 3.5695559657163223 3.5708557071014715 3.5721554484866225 3.5734551898717717 3.5747549312569205 3.576054672642069 3.5773544140272184 3.578654155412367 3.5799538967975164 3.581253638182665 3.5825533795678144 3.583853120952963 3.5851528623381124 3.586452603723261
3.54004966841204 3.5410146972752847 3.541979726138529 3.5429447550017734 3.5439097838650175 3.544874812728262 3.5458398415915067 3.5468048704547526 3.547769899317997 3.5487349281812413 3.549699957044486 3.55066498590773 3.5516300147709745 3.552595043634219 3.553560072497463 3.5545251013607078 3.555490130223952 3.5564551590871964 3.5574201879504406 3.558385216813685 3.559350245676931 3.5603152745401756 3.56128030340342 3.5622453322666643 3.563210361129909 3.564175389993153 3.5651404188563975 3.5663455727072084 3.567807425598008 3.5692692784888074 3.5707311313796066 3.572192984270406 3.573654837161205 3.575116690052007 3.5765785429428063 3.5780403958336056 3.579502248724405 3.580964101615204 3.5824259545060033 3.583887807396803 3.5853496602876023 3.5868115131784015 3.5882733660692008 3.58973521896 3.5911970718507993
3.548805947649893 3.5495127971921185 3.5502196467343445 3.55092649627657 3.5516333458187956 3.5523401953610216 3.553047044903247 3.553753894445474 3.5544607439877 3.5551675935299256 3.555874443072151 3.556581292614377 3.5572881421566027 3.5579949916988283 3.5587018412410543 3.55940869078328 3.5601155403255054 3.5608223898677314 3.561529239409957 3.5622360889521825 3.56294293849441 3.5636497880366353 3.564356637578861 3.565063487121087 3.5657703366633124 3.566477186205538 3.567184035747764 3.5683341452386914 3.5699581096351407 3.5715820740315904 3.57320603842804 3.5748300028244895 3.5764539672209392 3.5780779316173916 3.5797018960138414 3.5813258604102907 3.5829498248067404 3.58457378920319 3.58619775359964 3.587821717996089 3.589445682392539 3.5910696467889887 3.592693611185438 3.5943175755818877 3.5959415399783374
3.557562226887746 3.558010897108953 3.55845956733016 3.5589082375513668 3.5593569077725737 3.5598055779937807 3.5602542482149877 3.5607029184361956 3.5611515886574026 3.5616002588786095 3.5620489290998165 3.5624975993210235 3.5629462695422305 3.563394939763438 3.563843609984645 3.564292280205852 3.564740950427059 3.565189620648266 3.565638290869473 3.56608696109068 3.5665356313118877 3.5669843015330946 3.5674329717543016 3.5678816419755086 3.5683303121967156 3.5687789824179226 3.5692276526391296 3.5703227177701735 3.5721087936722733 3.573894869574373 3.5756809454764733 3.577467021378573 3.5792530972806733 3.581039173182776 3.582825249084876 3.5846113249869758 3.586397400889076 3.5881834767911758 3.589969552693276 3.591755628595376 3.5935417044974756 3.595327780399576 3.5971138563016756 3.5988999322037754 3.6006860081058756
3.566318506125606 3.566508997025794 3.566699487925982 3.5668899788261705 3.5670804697263585 3.5672709606265465 3.567461451526735 3.5676519424269233 3.5678424333271113 3.5680329242272992 3.5682234151274876 3.5684139060276756 3.5686043969278636 3.5687948878280515 3.56898537872824 3.569175869628428 3.569366360528616 3.5695568514288043 3.5697473423289923 3.5699378332291802 3.5701283241293686 3.570318815029557 3.570509305929745 3.570699796829933 3.5708902877301214 3.5710807786303094 3.5712712695304973 3.5723112903016574 3.5742594777094077 3.5762076651171584 3.5781558525249086 3.580104039932659 3.5820522273404096 3.584000414748163 3.5859486021559137 3.587896789563664 3.5898449769714142 3.591793164379165 3.5937413517869152 3.5956895391946655 3.597637726602416 3.5995859140101665 3.6015341014179167 3.6034822888256675 3.6054304762334177
3.5750747853634586 3.575007096942628 3.5749394085217974 3.5748717201009668 3.5748040316801366 3.574736343259306 3.5746686548384754 3.5746009664176444 3.5745332779968138 3.5744655895759836 3.574397901155153 3.5743302127343224 3.574262524313492 3.574194835892661 3.5741271474718306 3.574059459051 3.5739917706301694 3.5739240822093388 3.573856393788508 3.5737887053676776 3.573721016946847 3.5736533285260164 3.5735856401051858 3.573517951684355 3.5734502632635246 3.573382574842694 3.5733148864218633 3.5742998628331395 3.5764101617465403 3.578520460659941 3.5806307595733418 3.5827410584867425 3.5848513574001433 3.5869616563135476 3.5890719552269483 3.591182254140349 3.59329255305375 3.5954028519671506 3.5975131508805513 3.5996234497939517 3.6017337487073524 3.603844047620753 3.605954346534154 3.6080646454475547 3.6101749443609554
3.5838310646013114 3.5835051968594622 3.583179329117613 3.582853461375764 3.5825275936339143 3.582201725892065 3.581875858150216 3.5815499904083663 3.5812241226665167 3.5808982549246675 3.5805723871828183 3.580246519440969 3.57992065169912 3.5795947839572704 3.579268916215421 3.578943048473572 3.578617180731723 3.5782913129898737 3.5779654452480245 3.577639577506175 3.5773137097643253 3.576987842022476 3.576661974280627 3.5763361065387773 3.576010238796928 3.575684371055079 3.57535850331323 3.576288435364622 3.5785608457836733 3.580833256202724 3.5831056666217753 3.5853780770408266 3.5876504874598774 3.589922897878932 3.5921953082979834 3.594467718717034 3.5967401291360854 3.5990125395551367 3.6012849499741875 3.6035573603932387 3.6058297708122895 3.6081021812313407 3.6103745916503915 3.612647002069443 3.6149194124884936
3.5925873438391642 3.592003296776296 3.5914192497134283 3.59083520265056 3.5902511555876924 3.5896671085248246 3.5890830614619564 3.5884990143990874 3.5879149673362196 3.587330920273352 3.5867468732104837 3.586162826147616 3.5855787790847478 3.58499473202188 3.584410684959012 3.583826637896144 3.583242590833276 3.582658543770408 3.58207449670754 3.5814904496446722 3.580906402581803 3.5803223555189354 3.579738308456067 3.5791542613931995 3.5785702143303313 3.5779861672674635 3.577402120204596 3.5782770078961046 3.580711529820806 3.583146051745507 3.5855805736702084 3.5880150955949097 3.590449617519611 3.5928841394443167 3.595318661369018 3.5977531832937193 3.6001877052184206 3.6026222271431223 3.6050567490678236 3.607491270992525 3.609925792917226 3.6123603148419274 3.6147948367666287 3.6172293586913304 3.6196638806160317
3.601343623077017 3.6005013966931303 3.5996591703092435 3.598816943925357 3.5979747175414705 3.5971324911575837 3.596290264773697 3.595448038389809 3.5946058120059226 3.593763585622036 3.592921359238149 3.5920791328542623 3.591236906470376 3.590394680086489 3.5895524537026025 3.5887102273187157 3.5878680009348294 3.5870257745509426 3.586183548167056 3.5853413217831696 3.5844990953992815 3.5836568690153947 3.582814642631508 3.581972416247621 3.581130189863735 3.580287963479848 3.5794457370959614 3.5802655804275867 3.5828622138579385 3.58545884728829 3.5880554807186416 3.5906521141489933 3.593248747579345 3.5958453810097013 3.5984420144400526 3.6010386478704044 3.603635281300756 3.606231914731108 3.6088285481614597 3.611425181591811 3.614021815022163 3.6166184484525146 3.6192150818828663 3.621811715313218 3.62440834874357
3.6100999023148694 3.608999496609964 3.607899090905059 3.6067986852001535 3.6056982794952486 3.6045978737903432 3.603497468085438 3.6023970623805304 3.601296656675625 3.60019625097072 3.599095845265815 3.5979954395609095 3.596895033856004 3.595794628151099 3.5946942224461935 3.593593816741288 3.592493411036383 3.5913930053314775 3.590292599626572 3.589192193921667 3.58809178821676 3.5869913825118545 3.585890976806949 3.584790571102044 3.5836901653971385 3.582589759692233 3.581489353987328 3.5822541529590692 3.585012897895071 3.5877716428310733 3.590530387767075 3.593289132703077 3.596047877639079 3.598806622575086 3.6015653675110877 3.60432411244709 3.6070828573830918 3.6098416023190936 3.612600347255096 3.6153590921910976 3.6181178371271 3.6208765820631017 3.6236353269991035 3.6263940719351058 3.6291528168711076
3.6188561815527223 3.6174975965267984 3.6161390115008745 3.61478042647495 3.6134218414490262 3.6120632564231023 3.6107046713971784 3.609346086371252 3.607987501345328 3.606628916319404 3.60527033129348 3.603911746267556 3.602553161241632 3.601194576215708 3.599835991189784 3.59847740616386 3.597118821137936 3.595760236112012 3.594401651086088 3.593043066060164 3.5916844810342377 3.5903258960083138 3.58896731098239 3.5876087259564655 3.5862501409305416 3.5848915559046177 3.583532970878694 3.5842427254905513 3.5871635819322036 3.590084438373856 3.5930052948155082 3.5959261512571605 3.598847007698813 3.6017678641404705 3.6046887205821228 3.607609577023775 3.6105304334654273 3.6134512899070796 3.616372146348732 3.6192930027903842 3.6222138592320365 3.625134715673689 3.628055572115341 3.6309764285569934 3.6338972849986457
