Figures/CREST_Example_wjb_NSE/PETs/wjb.pet.20091214.asc
ncols            288
nrows            254
xllcorner        113.274861
yllcorner        31.4918055
cellsize         0.008333333333
NODATA_value     -9999
[rows 95 to 113 of 254, columns 88 to 131 of 288]
0.5624848421602328 0.5624797567698002 0.5624746713793678 0.5624695859889354 0.5624645005985028 0.5624594152080704 0.562454329817638 0.5624492444272056 0.562444159036773 0.5624390736463406 0.5624339882559082 0.5624289028654758 0.5624238174750432 0.5624187320846108 0.5633330237688181 0.5652301503340318 0.5671272768992488 0.5690244034644625 0.5709215300296762 0.5728186565948898 0.5747157831601036 0.5766129097253173 0.578510036290531 0.5804071628557447 0.5823042894209585 0.5842014159861721 0.5860985425513858 0.5879956691165996 0.5898927956818133 0.5917899222470302 0.593687048812244 0.5955841753774577 0.5974813019426714 0.599378428507885 0.6012755550730988 0.6031726816383125 0.6050698082035262 0.6069669347687399 0.6088640613339537 0.6107611878991673 0.612658314464381 0.6145554410295948 0.6164525675948117 0.6183496941600254
0.5682768031279054 0.568005602409769 0.5677344016916328 0.5674632009734959 0.5671920002553597 0.5669207995372233 0.5666495988190869 0.5663783981009506 0.5661071973828142 0.5658359966646779 0.5655647959465415 0.5652935952284052 0.5650223945102688 0.5647511937921325 0.565584127143562 0.567597404781151 0.5696106824187432 0.5716239600563321 0.573637237693921 0.5756505153315099 0.5776637929690989 0.5796770706066877 0.5816903482442766 0.5837036258818655 0.5857169035194544 0.5877301811570432 0.5897434587946322 0.591756736432221 0.5937700140698099 0.5957832917074023 0.5977965693449911 0.59980984698258 0.601823124620169 0.6038364022577578 0.6058496798953467 0.6078629575329356 0.6098762351705245 0.6118895128081134 0.6139027904457023 0.6159160680832911 0.6179293457208801 0.619942623358469 0.6219559009960612 0.6239691786336502
0.5740687640955782 0.573531448049738 0.5729941320038977 0.5724568159580565 0.5719194999122164 0.5713821838663761 0.5708448678205359 0.5703075517746956 0.5697702357288554 0.5692329196830151 0.5686956036371749 0.5681582875913347 0.5676209715454944 0.5670836554996542 0.567835230518306 0.5699646592282701 0.5720940879382378 0.5742235166482018 0.576352945358166 0.57848237406813 0.580611802778094 0.5827412314880581 0.5848706601980221 0.5870000889079863 0.5891295176179503 0.5912589463279144 0.5933883750378784 0.5955178037478425 0.5976472324578066 0.5997766611677743 0.6019060898777384 0.6040355185877024 0.6061649472976665 0.6082943760076306 0.6104238047175946 0.6125532334275587 0.6146826621375228 0.6168120908474869 0.6189415195574509 0.6210709482674149 0.6232003769773791 0.6253298056873431 0.6274592343973108 0.6295886631072749
0.5798607250632558 0.5790572936897115 0.5782538623161672 0.5774504309426214 0.5766469995690771 0.5758435681955327 0.5750401368219884 0.574236705448444 0.5734332740748996 0.5726298427013553 0.571826411327811 0.5710229799542667 0.5702195485807222 0.5694161172071779 0.5700863338930519 0.5723319136753913 0.5745774934577343 0.5768230732400738 0.5790686530224131 0.5813142328047525 0.5835598125870918 0.5858053923694312 0.5880509721517705 0.5902965519341098 0.5925421317164492 0.5947877114987885 0.5970332912811279 0.5992788710634672 0.6015244508458065 0.6037700306281497 0.6060156104104891 0.6082611901928284 0.6105067699751678 0.6127523497575071 0.6149979295398464 0.6172435093221859 0.6194890891045252 0.6217346688868646 0.6239802486692039 0.6262258284515433 0.6284714082338826 0.6307169880162219 0.6329625677985651 0.6352081475809045
0.5856526860309286 0.5845831393296803 0.583513592628432 0.582444045927182 0.5813744992259338 0.5803049525246855 0.5792354058234372 0.578165859122189 0.5770963124209408 0.5760267657196926 0.5749572190184443 0.5738876723171961 0.5728181256159478 0.5717485789146997 0.5723374372677958 0.5746991681225103 0.5770608989772289 0.5794226298319434 0.581784360686658 0.5841460915413724 0.586507822396087 0.5888695532508015 0.5912312841055161 0.5935930149602305 0.5959547458149451 0.5983164766696596 0.6006782075243742 0.6030399383790888 0.6054016692338032 0.6077634000885218 0.6101251309432363 0.6124868617979509 0.6148485926526653 0.6172103235073799 0.6195720543620944 0.621933785216809 0.6242955160715234 0.626657246926238 0.6290189777809525 0.6313807086356671 0.6337424394903816 0.6361041703450961 0.6384659011998146 0.6408276320545292
0.5914446469986012 0.5901089849696491 0.588773322940697 0.5874376609117425 0.5861019988827905 0.5847663368538384 0.5834306748248862 0.5820950127959341 0.5807593507669819 0.5794236887380299 0.5780880267090777 0.5767523646801256 0.5754167026511734 0.5740810406222213 0.5745885406425397 0.5770664225696295 0.5795443044967235 0.5820221864238131 0.5845000683509028 0.5869779502779925 0.5894558322050822 0.591933714132172 0.5944115960592616 0.5968894779863514 0.5993673599134411 0.6018452418405308 0.6043231237676205 0.6068010056947102 0.6092788876217999 0.6117567695488939 0.6142346514759836 0.6167125334030733 0.6191904153301631 0.6216682972572527 0.6241461791843425 0.6266240611114321 0.6291019430385218 0.6315798249656116 0.6340577068927012 0.636535588819791 0.6390134707468806 0.6414913526739704 0.6439692346010644 0.646447116528154
0.597236607966274 0.595634830609618 0.5940330532529619 0.5924312758963032 0.5908294985396472 0.5892277211829912 0.5876259438263352 0.5860241664696791 0.5844223891130231 0.582820611756367 0.581218834399711 0.579617057043055 0.578015279686399 0.576413502329743 0.5768396440172837 0.5794336770167486 0.5820277100162179 0.5846217430156828 0.5872157760151477 0.5898098090146126 0.5924038420140775 0.5949978750135424 0.5975919080130072 0.6001859410124721 0.6027799740119371 0.6053740070114019 0.6079680400108668 0.6105620730103317 0.6131561060097965 0.6157501390092659 0.6183441720087308 0.6209382050081956 0.6235322380076606 0.6261262710071255 0.6287203040065903 0.6313143370060552 0.6339083700055201 0.6365024030049851 0.6390964360044499 0.6416904690039148 0.6442845020033797 0.6468785350028445 0.6494725680023139 0.6520666010017788
0.6030285689339466 0.6011606762495867 0.5992927835652267 0.5974248908808637 0.5955569981965038 0.5936891055121438 0.591821212827784 0.589953320143424 0.5880854274590641 0.5862175347747042 0.5843496420903443 0.5824817494059844 0.5806138567216245 0.5787459640372645 0.5790907473920276 0.5818009314638676 0.5845111155357123 0.5872212996075524 0.5899314836793924 0.5926416677512325 0.5953518518230726 0.5980620358949127 0.6007722199667528 0.6034824040385928 0.6061925881104329 0.608902772182273 0.611612956254113 0.6143231403259531 0.6170333243977932 0.6197435084696379 0.622453692541478 0.6251638766133181 0.627874060685158 0.6305842447569981 0.6332944288288382 0.6360046129006783 0.6387147969725184 0.6414249810443584 0.6441351651161985 0.6468453491880386 0.6495555332598787 0.6522657173317188 0.6549759014035634 0.6576860854754035
0.6088205299016194 0.6066865218895555 0.6045525138774918 0.6024185058654243 0.6002844978533605 0.5981504898412967 0.5960164818292328 0.5938824738171691 0.5917484658051053 0.5896144577930414 0.5874804497809777 0.5853464417689139 0.5832124337568501 0.5810784257447863 0.5813418507667715 0.5841681859109867 0.5869945210552068 0.589820856199422 0.5926471913436373 0.5954735264878526 0.5982998616320678 0.6011261967762831 0.6039525319204984 0.6067788670647136 0.6096052022089288 0.612431537353144 0.6152578724973593 0.6180842076415746 0.6209105427857898 0.6237368779300099 0.6265632130742251 0.6293895482184404 0.6322158833626557 0.6350422185068709 0.6378685536510862 0.6406948887953015 0.6435212239395167 0.646347559083732 0.6491738942279471 0.6520002293721624 0.6548265645163777 0.6576528996605929 0.660479234804813 0.6633055699490282
0.614612490869292 0.6122123675295243 0.6098122441897567 0.6074121208499849 0.6050119975102172 0.6026118741704495 0.6002117508306818 0.5978116274909141 0.5954115041511464 0.5930113808113787 0.590611257471611 0.5882111341318433 0.5858110107920756 0.583410887452308 0.5835929541415155 0.5865354403581059 0.5894779265747013 0.5924204127912918 0.5953628990078822 0.5983053852244726 0.6012478714410631 0.6041903576576535 0.6071328438742439 0.6100753300908344 0.6130178163074248 0.6159603025240152 0.6189027887406057 0.6218452749571961 0.6247877611737865 0.627730247390382 0.6306727336069724 0.6336152198235628 0.6365577060401533 0.6395001922567437 0.6424426784733341 0.6453851646899246 0.648327650906515 0.6512701371231053 0.6542126233396959 0.6571551095562862 0.6600975957728766 0.6630400819894671 0.6659825682060626 0.668925054422653
0.6204044518369697 0.6177382131694978 0.6150719745020261 0.6124057358345497 0.609739497167078 0.6070732584996061 0.6044070198321343 0.6017407811646625 0.5990745424971907 0.5964083038297189 0.5937420651622471 0.5910758264947753 0.5884095878273035 0.5857433491598316 0.5858440575162613 0.5889026948052271 0.591961332094198 0.5950199693831637 0.5980786066721294 0.6011372439610951 0.6041958812500607 0.6072545185390265 0.6103131558279922 0.6133717931169579 0.6164304304059236 0.6194890676948893 0.622547704983855 0.6256063422728207 0.6286649795617865 0.6317236168507574 0.6347822541397231 0.6378408914286888 0.6408995287176545 0.6439581660066203 0.647016803295586 0.6500754405845517 0.6531340778735174 0.6561927151624831 0.6592513524514488 0.6623099897404146 0.6653686270293802 0.668427264318346 0.6714859016073169 0.6745445388962825
0.6261964128046424 0.6232640588094668 0.620331704814291 0.6173993508191103 0.6144669968239347 0.6115346428287589 0.6086022888335832 0.6056699348384076 0.6027375808432318 0.5998052268480561 0.5968728728528805 0.5939405188577047 0.591008164862529 0.5880758108673534 0.5880951608910052 0.5912699492523461 0.5944447376136924 0.5976195259750333 0.6007943143363742 0.6039691026977151 0.607143891059056 0.6103186794203969 0.6134934677817377 0.6166682561430786 0.6198430445044196 0.6230178328657605 0.6261926212271014 0.6293674095884423 0.6325421979497832 0.6357169863111294 0.6388917746724703 0.6420665630338112 0.6452413513951522 0.648416139756493 0.6515909281178339 0.6547657164791748 0.6579405048405157 0.6611152932018566 0.6642900815631975 0.6674648699245384 0.6706396582858792 0.6738144466472201 0.6769892350085664 0.6801640233699073
0.6319883737723151 0.6287899044494355 0.6255914351265559 0.6223929658036709 0.6191944964807913 0.6159960271579117 0.6127975578350322 0.6095990885121526 0.606400619189273 0.6032021498663934 0.6000036805435138 0.5968052112206342 0.5936067418977546 0.590408272574875 0.5903462642657492 0.5936372036994653 0.596928143133187 0.600219082566903 0.6035100220006191 0.6068009614343352 0.6100919008680512 0.6133828403017673 0.6166737797354833 0.6199647191691995 0.6232556586029155 0.6265465980366316 0.6298375374703477 0.6331284769040637 0.6364194163377798 0.6397103557715015 0.6430012952052175 0.6462922346389336 0.6495831740726496 0.6528741135063657 0.6561650529400818 0.6594559923737979 0.662746931807514 0.66603787124123 0.6693288106749461 0.6726197501086622 0.6759106895423782 0.6792016289760943 0.682492568409816 0.685783507843532
0.6377803347399879 0.6343157500894043 0.6308511654388209 0.6273865807882315 0.6239219961376481 0.6204574114870646 0.616992826836481 0.6135282421858976 0.6100636575353141 0.6065990728847307 0.6031344882341472 0.5996699035835638 0.5962053189329802 0.5927407342823967 0.5925973676404932 0.5960044581465844 0.5994115486526814 0.6028186391587727 0.606225729664864 0.6096328201709552 0.6130399106770464 0.6164470011831377 0.6198540916892289 0.6232611821953202 0.6266682727014115 0.6300753632075027 0.6334824537135939 0.6368895442196851 0.6402966347257765 0.6437037252318735 0.6471108157379647 0.650517906244056 0.6539249967501473 0.6573320872562385 0.6607391777623297 0.6641462682684209 0.6675533587745123 0.6709604492806035 0.6743675397866947 0.677774630292786 0.6811817207988772 0.6845888113049685 0.6879959018110655 0.6914029923171567
0.6435722957076606 0.6398415957293732 0.6361108957510858 0.6323801957727921 0.6286494957945048 0.6249187958162173 0.62118809583793 0.6174573958596427 0.6137266958813553 0.609995995903068 0.6062652959247805 0.6025345959464932 0.5988038959682058 0.5950731959899185 0.5948484710152371 0.5983717125937035 0.601894954172176 0.6054181957506424 0.6089414373291089 0.6124646789075753 0.6159879204860417 0.6195111620645081 0.6230344036429746 0.626557645221441 0.6300808867999074 0.6336041283783739 0.6371273699568403 0.6406506115353067 0.6441738531137732 0.6476970946922456 0.651220336270712 0.6547435778491785 0.6582668194276449 0.6617900610061113 0.6653133025845778 0.6688365441630442 0.6723597857415106 0.6758830273199771 0.6794062688984435 0.6829295104769099 0.6864527520553763 0.6899759936338428 0.6934992352123152 0.6970224767907817
0.6493642566753333 0.645367441369342 0.6413706260633507 0.6373738107573527 0.6333769954513614 0.6293801801453702 0.625383364839379 0.6213865495333877 0.6173897342273964 0.6133929189214051 0.6093961036154139 0.6053992883094227 0.6014024730034314 0.5974056576974401 0.5970995743899811 0.6007389670408226 0.6043783596916704 0.6080177523425121 0.6116571449933537 0.6152965376441953 0.6189359302950369 0.6225753229458785 0.6262147155967202 0.6298541082475617 0.6334935008984034 0.637132893549245 0.6407722862000865 0.6444116788509282 0.6480510715017698 0.6516904641526176 0.6553298568034592 0.6589692494543008 0.6626086421051425 0.666248034755984 0.6698874274068256 0.6735268200576673 0.6771662127085089 0.6808056053593505 0.6844449980101921 0.6880843906610337 0.6917237833118753 0.6953631759627169 0.6990025686135648 0.7026419612644064
0.6551562176430109 0.6508932870093155 0.6466303563756202 0.6423674257419175 0.6381044951082221 0.6338415644745268 0.6295786338408313 0.625315703207136 0.6210527725734406 0.6167898419397453 0.6125269113060499 0.6082639806723545 0.6040010500386591 0.5997381194049638 0.5993506777647268 0.6031062214879437 0.606861765211167 0.6106173089343839 0.6143728526576008 0.6181283963808177 0.6218839401040346 0.6256394838272514 0.6293950275504684 0.6331505712736852 0.6369061149969022 0.640661658720119 0.6444172024433359 0.6481727461665528 0.6519282898897697 0.655683833612993 0.6594393773362099 0.6631949210594268 0.6669504647826436 0.6707060085058606 0.6744615522290774 0.6782170959522944 0.6819726396755112 0.6857281833987282 0.6894837271219451 0.6932392708451619 0.6969948145683789 0.7007503582915957 0.704505902014819 0.708261445738036
0.6609481786106836 0.6564191326492843 0.6518900866878851 0.647361040726478 0.6428319947650788 0.6383029488036795 0.6337739028422803 0.629244856880881 0.6247158109194818 0.6201867649580826 0.6156577189966832 0.611128673035284 0.6065996270738847 0.6020705811124855 0.6016017811394707 0.6054734759350628 0.6093451707306615 0.6132168655262535 0.6170885603218457 0.6209602551174377 0.6248319499130298 0.6287036447086218 0.632575339504214 0.636447034299806 0.6403187290953981 0.6441904238909901 0.6480621186865823 0.6519338134821743 0.6558055082777664 0.6596772030733651 0.6635488978689571 0.6674205926645492 0.6712922874601412 0.6751639822557334 0.6790356770513254 0.6829073718469175 0.6867790666425095 0.6906507614381017 0.6945224562336937 0.6983941510292858 0.7022658458248778 0.70613754062047 0.7100092354160686 0.7138809302116607
0.6667401395783563 0.6619449782892531 0.65714981700015 0.6523546557110387 0.6475594944219355 0.6427643331328323 0.6379691718437293 0.6331740105546261 0.6283788492655229 0.6235836879764197 0.6187885266873165 0.6139933653982135 0.6091982041091103 0.6044030428200071 0.6038528845142147 0.607840730382182 0.611828576250156 0.6158164221181233 0.6198042679860906 0.6237921138540578 0.627779959722025 0.6317678055899922 0.6357556514579595 0.6397434973259267 0.643731343193894 0.6477191890618613 0.6517070349298285 0.6556948807977958 0.659682726665763 0.6636705725337371 0.6676584184017044 0.6716462642696716 0.6756341101376389 0.679621956005606 0.6836098018735733 0.6875976477415406 0.6915854936095078 0.6955733394774751 0.6995611853454423 0.7035490312134096 0.7075368770813768 0.7115247229493441 0.7155125688173182 0.7195004146852854
