Figures/CREST_Example_wjb_NSE/PETs/wjb.pet.20100708.asc
ncols            288
nrows            254
xllcorner        113.274861
yllcorner        31.4918055
cellsize         0.008333333333
NODATA_value     -9999
[rows 140 to 159 of 254, columns 132 to 175 of 288]
1.2293302198822786 1.2296244301398291 1.2299186403973794 1.2302128506549297 1.23050706091248 1.2308012711700302 1.2310954814275805 1.231389691685131 1.2316839019426813 1.2319781122002316 1.2322723224577818 1.2325665327153328 1.232860742972883 1.2331549532304333 1.2334491634879836 1.2337433737455339 1.2340375840030842 1.2343317942606344 1.234626004518185 1.2349202147757352 1.2352144250332855 1.2355086352908358 1.235802845548386 1.2360970558059363 1.2363912660634873 1.2366854763210375 1.2369796865785878 1.237273896836138 1.2375681070936884 1.2378623173512389 1.241101580945469 1.2474891731780422 1.2538767654106153 1.2602643576431882 1.2666519498757614 1.2730395421083345 1.2794271343409076 1.2858147265734916 1.2922023188060647 1.2985899110386379 1.304977503271211 1.311365095503784 1.3177526877363572 1.3241402799689301
1.228936519425107 1.229031650686613 1.2291267819481189 1.2292219132096247 1.2293170444711305 1.2294121757326366 1.2295073069941425 1.2296024382556483 1.2296975695171544 1.2297927007786602 1.229887832040166 1.2299829633016721 1.2300780945631782 1.230173225824684 1.2302683570861899 1.230363488347696 1.2304586196092018 1.2305537508707076 1.2306488821322135 1.2307440133937195 1.2308391446552254 1.2309342759167312 1.2310294071782373 1.2311245384397431 1.2312196697012492 1.231314800962755 1.231409932224261 1.231505063485767 1.2316001947472728 1.2316953260087788 1.2349641336634178 1.2416256731755375 1.248287212687657 1.2549487521997766 1.2616102917118963 1.268271831224016 1.2749333707361357 1.2815949102482667 1.2882564497603863 1.294917989272506 1.3015795287846257 1.3082410682967454 1.314902607808865 1.3215641473209845
1.2285428189679353 1.2284388712333967 1.2283349234988583 1.2282309757643197 1.2281270280297814 1.2280230802952428 1.2279191325607044 1.2278151848261658 1.2277112370916274 1.2276072893570888 1.2275033416225503 1.2273993938880117 1.2272954461534733 1.2271914984189347 1.2270875506843961 1.2269836029498578 1.2268796552153192 1.2267757074807808 1.2266717597462422 1.2265678120117038 1.2264638642771652 1.2263599165426269 1.2262559688080883 1.22615202107355 1.2260480733390111 1.2259441256044727 1.2258401778699342 1.2257362301353958 1.2256322824008572 1.2255283346663186 1.2288266863813666 1.2357621731730326 1.2426976599646988 1.249633146756365 1.2565686335480313 1.2635041203396975 1.2704396071313637 1.2773750939230417 1.284310580714708 1.2912460675063742 1.2981815542980404 1.3051170410897064 1.3120525278813726 1.3189880146730388
1.2281491185107638 1.2278460917801808 1.227543065049598 1.227240038319015 1.2269370115884322 1.2266339848578491 1.2263309581272663 1.2260279313966835 1.2257249046661005 1.2254218779355177 1.2251188512049347 1.2248158244743514 1.2245127977437684 1.2242097710131856 1.2239067442826026 1.2236037175520198 1.2233006908214368 1.222997664090854 1.2226946373602712 1.2223916106296882 1.2220885838991054 1.2217855571685223 1.2214825304379395 1.2211795037073565 1.2208764769767733 1.2205734502461902 1.2202704235156074 1.2199673967850244 1.2196643700544416 1.2193613433238586 1.2226892390993154 1.229898673170528 1.2371081072417407 1.2443175413129535 1.2515269753841662 1.258736409455379 1.2659458435265918 1.2731552775978168 1.2803647116690295 1.2875741457402423 1.294783579811455 1.3019930138826679 1.3092024479538806 1.3164118820250934
1.2277554180535917 1.2272533123269642 1.2267512066003368 1.2262491008737093 1.2257469951470819 1.2252448894204544 1.224742783693827 1.2242406779671995 1.223738572240572 1.2232364665139444 1.222734360787317 1.2222322550606888 1.221730149334061 1.2212280436074336 1.2207259378808062 1.2202238321541787 1.2197217264275513 1.2192196207009238 1.2187175149742964 1.218215409247669 1.2177133035210415 1.217211197794414 1.2167090920677865 1.216206986341159 1.2157048806145307 1.2152027748879033 1.2147006691612758 1.2141985634346484 1.213696457708021 1.2131943519813935 1.2165517918172588 1.2240351731680184 1.231518554518778 1.2390019358695374 1.246485317220297 1.2539686985710565 1.261452079921816 1.2689354612725883 1.2764188426233478 1.2839022239741074 1.291385605324867 1.2988689866756264 1.306352368026386 1.3138357493771455
1.22736171759642 1.226660532873748 1.2259593481510762 1.2252581634284043 1.2245569787057324 1.2238557939830605 1.2231546092603887 1.2224534245377168 1.2217522398150449 1.221051055092373 1.220349870369701 1.219648685647028 1.2189475009243562 1.2182463162016843 1.2175451314790124 1.2168439467563406 1.2161427620336687 1.2154415773109968 1.214740392588325 1.214039207865653 1.2133380231429813 1.2126368384203094 1.2119356536976376 1.2112344689749657 1.2105332842522925 1.2098320995296206 1.209130914806949 1.208429730084277 1.2077285453616051 1.2070273606389332 1.2104143445352074 1.2181716731655134 1.2259290017958195 1.2336863304261256 1.2414436590564317 1.2492009876867378 1.256958316317044 1.264715644947363 1.2724729735776692 1.2802303022079753 1.2879876308382814 1.2957449594685875 1.3035022880988936 1.3112596167291997
1.226968017139248 1.226067753420532 1.2251674897018157 1.2242672259830993 1.223366962264383 1.2224666985456667 1.2215664348269506 1.2206661711082343 1.219765907389518 1.2188656436708016 1.2179653799520853 1.2170651162333677 1.2161648525146513 1.215264588795935 1.2143643250772187 1.2134640613585026 1.2125637976397863 1.21166353392107 1.2107632702023536 1.2098630064836373 1.2089627427649212 1.208062479046205 1.2071622153274886 1.2062619516087723 1.2053616878900546 1.2044614241713383 1.203561160452622 1.2026608967339056 1.2017606330151893 1.2008603692964732 1.2042768972531561 1.2123081731630088 1.2203394490728614 1.228370724982714 1.2364020008925667 1.2444332768024193 1.252464552712272 1.2604958286221382 1.2685271045319908 1.2765583804418434 1.284589656351696 1.2926209322615487 1.3006522081714014 1.308683484081254
1.2265743166820764 1.2254749739673156 1.224375631252555 1.2232762885377944 1.2221769458230338 1.221077603108273 1.2199782603935123 1.2188789176787518 1.217779574963991 1.2166802322492303 1.2155808895344697 1.2144815468197072 1.2133822041049465 1.2122828613901857 1.2111835186754252 1.2100841759606644 1.2089848332459037 1.2078854905311431 1.2067861478163824 1.2056868051016216 1.204587462386861 1.2034881196721003 1.2023887769573398 1.201289434242579 1.2001900915278165 1.1990907488130558 1.197991406098295 1.1968920633835345 1.1957927206687737 1.1946933779540132 1.1981394499711049 1.206444673160504 1.2147498963499033 1.2230551195393025 1.2313603427287017 1.2396655659181008 1.2479707891075 1.2562760122969132 1.2645812354863124 1.2728864586757116 1.2811916818651108 1.28949690505451 1.2978021282439092 1.3061073514333084
1.220926193550714 1.2198018251678786 1.2186774567850431 1.2175530884022079 1.2164287200193724 1.2153043516365372 1.2141799832537017 1.2130556148708664 1.211931246488031 1.2108068781051955 1.2096825097223602 1.208558141339523 1.2074337729566875 1.206309404573852 1.2051850361910168 1.2040606678081813 1.202936299425346 1.2018119310425106 1.2006875626596751 1.1995631942768399 1.1984388258940044 1.1973144575111692 1.1961900891283337 1.1950657207454984 1.193941352362661 1.1928169839798257 1.1916926155969902 1.190568247214155 1.1894438788313195 1.188319510448484 1.1917955493153187 1.200189527600019 1.2085835058847194 1.2169774841694199 1.22537146245412 1.2337654407388206 1.242159419023521 1.2505533973082357 1.2589473755929361 1.2673413538776364 1.2757353321623368 1.2841293104470373 1.2925232887317377 1.300917267016438
1.2096614238087562 1.208698081793478 1.2077347397782 1.2067713977629217 1.2058080557476436 1.2048447137323655 1.2038813717170873 1.2029180297018092 1.201954687686531 1.2009913456712529 1.2000280036559747 1.199064661640695 1.1981013196254169 1.1971379776101387 1.1961746355948606 1.1952112935795824 1.1942479515643043 1.1932846095490262 1.192321267533748 1.1913579255184699 1.1903945835031917 1.1894312414879136 1.1884678994726354 1.1875045574573573 1.1865412154420776 1.1855778734267994 1.1846145314115213 1.1836511893962431 1.182687847380965 1.1817245053656869 1.1852309630174103 1.1935157376265921 1.201800512235774 1.2100852868449559 1.2183700614541375 1.2266548360633194 1.2349396106725012 1.243224385281697 1.251509159890879 1.2597939345000608 1.2680787091092427 1.2763634837184243 1.2846482583276062 1.292933032936788
1.1983966540667887 1.197594338419068 1.196792022771347 1.1959897071236265 1.1951873914759057 1.1943850758281849 1.193582760180464 1.1927804445327435 1.1919781288850226 1.1911758132373018 1.190373497589581 1.1895711819418588 1.1887688662941382 1.1879665506464174 1.1871642349986966 1.1863619193509758 1.1855596037032552 1.1847572880555344 1.1839549724078136 1.1831526567600927 1.1823503411123721 1.1815480254646513 1.1807457098169305 1.1799433941692097 1.1791410785214875 1.178338762873767 1.1775364472260461 1.1767341315783253 1.1759318159306045 1.1751295002828839 1.1786663767194965 1.1868419476531595 1.1950175185868228 1.2031930895204859 1.2113686604541491 1.2195442313878122 1.2277198023214755 1.2358953732551525 1.2440709441888156 1.2522465151224789 1.260422086056142 1.2685976569898052 1.2767732279234683 1.2849487988571315
1.1871318843248309 1.1864905950446674 1.1858493057645039 1.1852080164843404 1.1845667272041769 1.1839254379240134 1.1832841486438497 1.1826428593636862 1.1820015700835227 1.1813602808033592 1.1807189915231957 1.180077702243031 1.1794364129628674 1.178795123682704 1.1781538344025404 1.177512545122377 1.1768712558422134 1.17622996656205 1.1755886772818864 1.1749473880017227 1.1743060987215592 1.1736648094413957 1.1730235201612322 1.1723822308810687 1.1717409416009041 1.1710996523207404 1.170458363040577 1.1698170737604134 1.16917578448025 1.1685344952000865 1.172101790421588 1.1801681576797327 1.1882345249378774 1.1963008921960219 1.2043672594541666 1.212433626712311 1.2204999939704557 1.228566361228614 1.2366327284867586 1.2446990957449031 1.2527654630030478 1.2608318302611923 1.268898197519337 1.2769645647774817
1.1758671145828732 1.1753868516702668 1.1749065887576606 1.1744263258450542 1.173946062932448 1.1734658000198417 1.1729855371072353 1.1725052741946291 1.1720250112820227 1.1715447483694166 1.1710644854568102 1.1705842225442031 1.1701039596315967 1.1696236967189906 1.1691434338063842 1.168663170893778 1.1681829079811716 1.1677026450685655 1.167222382155959 1.1667421192433527 1.1662618563307465 1.1657815934181401 1.165301330505534 1.1648210675929276 1.1643408046803205 1.1638605417677141 1.163380278855108 1.1629000159425016 1.1624197530298954 1.161939490117289 1.1655372041236798 1.1734943677063059 1.1814515312889318 1.1894086948715579 1.197365858454184 1.2053230220368099 1.213280185619436 1.2212373492020756 1.2291945127847015 1.2371516763673276 1.2451088399499537 1.2530660035325796 1.2610231671152057 1.2689803306978318
1.1646023448409155 1.1642831082958665 1.1639638717508174 1.1636446352057683 1.1633253986607193 1.1630061621156702 1.1626869255706211 1.1623676890255723 1.1620484524805232 1.1617292159354742 1.1614099793904251 1.1610907428453754 1.1607715063003263 1.1604522697552773 1.1601330332102282 1.1598137966651791 1.15949456012013 1.159175323575081 1.158856087030032 1.158536850484983 1.1582176139399338 1.157898377394885 1.157579140849836 1.1572599043047869 1.1569406677597371 1.156621431214688 1.156302194669639 1.15598295812459 1.155663721579541 1.1553444850344918 1.1589726178257718 1.1668205777328793 1.1746685376399866 1.182516497547094 1.1903644574542016 1.198212417361309 1.2060603772684164 1.2139083371755373 1.2217562970826448 1.2296042569897523 1.2374522168968596 1.245300176803967 1.2531481367110746 1.260996096618182
1.1533375750989578 1.1531793649214659 1.1530211547439742 1.1528629445664824 1.1527047343889905 1.1525465242114987 1.152388314034007 1.152230103856515 1.1520718936790233 1.1519136835015313 1.1517554733240396 1.1515972631465474 1.1514390529690557 1.151280842791564 1.151122632614072 1.1509644224365803 1.1508062122590885 1.1506480020815966 1.1504897919041048 1.1503315817266129 1.1501733715491211 1.1500151613716294 1.1498569511941374 1.1496987410166457 1.1495405308391535 1.1493823206616618 1.14922411048417 1.149065900306678 1.1489076901291864 1.1487494799516946 1.1524080315278633 1.1601467877594522 1.1678855439910412 1.17562430022263 1.183363056454219 1.1911018126858077 1.1988405689173967 1.206579325148999 1.2143180813805876 1.2220568376121765 1.2297955938437655 1.2375343500753544 1.245273106306943 1.253011862538532
1.142072805357 1.1420756215470653 1.142078437737131 1.1420812539271963 1.1420840701172617 1.142086886307327 1.1420897024973926 1.142092518687458 1.1420953348775233 1.1420981510675887 1.1421009672576543 1.1421037834477197 1.142106599637785 1.1421094158278504 1.1421122320179158 1.1421150482079814 1.1421178643980467 1.1421206805881121 1.1421234967781775 1.142126312968243 1.1421291291583084 1.1421319453483738 1.1421347615384392 1.1421375777285045 1.1421403939185701 1.1421432101086355 1.1421460262987009 1.1421488424887662 1.1421516586788318 1.1421544748688972 1.145843445229955 1.1534729977860254 1.1611025503420958 1.168732102898166 1.1763616554542364 1.1839912080103068 1.1916207605663771 1.1992503131224603 1.2068798656785307 1.214509418234601 1.2221389707906714 1.2297685233467417 1.237398075902812 1.2450276284588822
1.1308080356150423 1.130971878172665 1.1311357207302875 1.1312995632879101 1.1314634058455328 1.1316272484031555 1.1317910909607782 1.1319549335184007 1.1321187760760234 1.132282618633646 1.1324464611912688 1.1326103037488917 1.1327741463065144 1.132937988864137 1.1331018314217596 1.1332656739793823 1.133429516537005 1.1335933590946277 1.1337572016522504 1.133921044209873 1.1340848867674955 1.1342487293251182 1.134412571882741 1.1345764144403636 1.1347402569979865 1.1349040995556092 1.135067942113232 1.1352317846708544 1.135395627228477 1.1355594697860998 1.1392788589320468 1.1467992078125986 1.1543195566931503 1.161839905573702 1.1693602544542538 1.1768806033348056 1.1844009522153573 1.191921301095922 1.1994416499764737 1.2069619988570255 1.2144823477375772 1.222002696618129 1.2295230454986807 1.2370433943792325
1.1195432658730748 1.1198681347982549 1.1201930037234349 1.120517872648615 1.120842741573795 1.121167610498975 1.121492479424155 1.121817348349335 1.122142217274515 1.122467086199695 1.122791955124875 1.1231168240500558 1.1234416929752358 1.1237665619004158 1.1240914308255958 1.1244162997507758 1.1247411686759559 1.1250660376011359 1.125390906526316 1.125715775451496 1.126040644376676 1.126365513301856 1.126690382227036 1.127015251152216 1.1273401200773967 1.1276649890025767 1.1279898579277567 1.1283147268529368 1.1286395957781168 1.1289644647032968 1.1327142726341328 1.140125417839166 1.1475365630441992 1.154947708249232 1.1623588534542653 1.1697699986592984 1.1771811438643314 1.1845922890693772 1.1920034342744104 1.1994145794794433 1.2068257246844765 1.2142368698895096 1.2216480150945426 1.2290591602995757
1.1082784961311172 1.1087643914238545 1.1092502867165916 1.109736182009329 1.1102220773020661 1.1107079725948035 1.1111938678875408 1.111679763180278 1.1121656584730153 1.1126515537657524 1.1131374490584898 1.1136233443512278 1.1141092396439651 1.1145951349367025 1.1150810302294396 1.115566925522177 1.1160528208149143 1.1165387161076514 1.1170246114003888 1.117510506693126 1.1179964019858633 1.1184822972786006 1.1189681925713377 1.119454087864075 1.119939983156813 1.1204258784495504 1.1209117737422876 1.121397669035025 1.1218835643277623 1.1223694596204994 1.1261496863362246 1.1334516278657392 1.1407535693952537 1.148055510924768 1.1553574524542827 1.1626593939837973 1.1699613355133118 1.1772632770428388 1.1845652185723532 1.1918671601018678 1.1991691016313824 1.206471043160897 1.2137729846904113 1.2210749262199259
1.0970137263891593 1.097660648049454 1.0983075697097484 1.0989544913700429 1.0996014130303373 1.1002483346906318 1.1008952563509264 1.101542178011221 1.1021890996715153 1.1028360213318098 1.1034829429921045 1.1041298646524 1.1047767863126945 1.105423707972989 1.1060706296332834 1.106717551293578 1.1073644729538725 1.108011394614167 1.1086583162744614 1.1093052379347559 1.1099521595950506 1.110599081255345 1.1112460029156395 1.111892924575934 1.1125398462362295 1.1131867678965242 1.1138336895568186 1.114480611217113 1.1151275328774075 1.1157744545377022 1.1195851000383163 1.1267778378923123 1.133970575746308 1.141163313600304 1.1483560514543 1.155548789308296 1.162741527162292 1.1699342650163003 1.1771270028702963 1.1843197407242922 1.191512478578288 1.198705216432284 1.20589795428628 1.213090692140276
