Figures/CREST_Example_wjb_NSE/PETs/wjb.pet.20100608.asc
ncols            288
nrows            254
xllcorner        113.274861
yllcorner        31.4918055
cellsize         0.008333333333
NODATA_value     -9999
[rows 19 to 37 of 254, columns 0 to 43 of 288]
-9999.0 -9999.0 -9999.0 -9999.0 -9999.0 -9999.0 -9999.0 -9999.0 -9999.0 -9999.0 -9999.0 -9999.0 -9999.0 -9999.0 -9999.0 -9999.0 -9999.0 -9999.0 -9999.0 -9999.0 -9999.0 -9999.0 -9999.0 -9999.0 -9999.0 0.5731274865427032 0.5780201093522312 0.5829127321617511 0.5878053549712708 0.5926979777807906 0.5975906005903103 0.6024832233998301 0.6073758462093499 0.6122684690188697 0.6171610918283894 0.6220537146379091 -9999.0 -9999.0 -9999.0 -9999.0 -9999.0 -9999.0 0.654719655565825 0.6563382182407932
-9999.0 -9999.0 -9999.0 -9999.0 -9999.0 -9999.0 -9999.0 -9999.0 -9999.0 -9999.0 -9999.0 -9999.0 -9999.0 -9999.0 -9999.0 -9999.0 -9999.0 -9999.0 -9999.0 -9999.0 -9999.0 -9999.0 -9999.0 0.5661424443253809 0.5709906171237995 0.5758387899222182 0.5806869627206451 0.5855351355190638 0.5903833083174824 0.5952314811159011 0.6000796539143197 0.6049278267127385 0.6097759995111571 0.6146241723095758 0.6194723451079944 0.6243205179064131 0.6291686907048317 0.6340168635032504 0.6388650363016691 0.643713209100096 0.6485613818985148 0.6534095546969334 0.6567575591819671 0.65850184983481
-9999.0 -9999.0 -9999.0 -9999.0 -9999.0 -9999.0 -9999.0 -9999.0 -9999.0 -9999.0 -9999.0 -9999.0 -9999.0 -9999.0 -9999.0 -9999.0 -9999.0 -9999.0 -9999.0 -9999.0 -9999.0 -9999.0 0.5641389249397781 0.5689426477270957 0.5737463705144134 0.5785500933017309 0.5833538160890567 0.5881575388763743 0.5929612616636919 0.5977649844510096 0.6025687072383271 0.6073724300256448 0.6121761528129623 0.61697987560028 0.6217835983875976 0.6265873211749151 0.6313910439622328 0.6361947667495503 0.640998489536868 0.6458022123241938 0.6506059351115114 0.655409657898829 0.6587954627981075 0.6606654814288251
-9999.0 -9999.0 -9999.0 -9999.0 -9999.0 -9999.0 -9999.0 -9999.0 -9999.0 -9999.0 -9999.0 -9999.0 -9999.0 -9999.0 -9999.0 -9999.0 -9999.0 -9999.0 -9999.0 -9999.0 -9999.0 -9999.0 -9999.0 0.5717428511288105 0.576502123905027 0.5812613966812435 0.5860206694574682 0.5907799422336848 0.5955392150099013 0.6002984877861178 0.6050577605623344 0.609817033338551 0.6145763061147675 0.619335578890984 0.6240948516672006 0.6288541244434172 0.6336133972196337 0.6383726699958502 0.6431319427720668 0.6478912155482914 0.652650488324508 0.6574097611007246 0.6608333664142478 0.6628291130228401
-9999.0 -9999.0 -9999.0 -9999.0 -9999.0 -9999.0 -9999.0 -9999.0 -9999.0 -9999.0 -9999.0 -9999.0 -9999.0 -9999.0 -9999.0 -9999.0 -9999.0 -9999.0 -9999.0 -9999.0 -9999.0 -9999.0 0.5698282317654099 0.5745430545305253 0.5792578772956408 0.5839727000607563 0.5886875228258799 0.5934023455909954 0.5981171683561108 0.6028319911212263 0.6075468138863418 0.6122616366514573 0.6169764594165728 0.6216912821816882 0.6264061049468037 0.6311209277119192 0.6358357504770347 0.6405505732421501 0.6452653960072656 0.6499802187723892 0.6546950415375047 0.6594098643026202 0.6628712700303881 0.6649927446168551
-9999.0 -9999.0 -9999.0 -9999.0 -9999.0 -9999.0 -9999.0 -9999.0 -9999.0 -9999.0 -9999.0 -9999.0 -9999.0 -9999.0 -9999.0 -9999.0 -9999.0 -9999.0 -9999.0 -9999.0 -9999.0 -9999.0 0.5726728851782258 0.5773432579322402 0.5820136306862546 0.586684003440269 0.5913543761942914 0.5960247489483058 0.6006951217023202 0.6053654944563347 0.6100358672103491 0.6147062399643635 0.619376612718378 0.6240469854723923 0.6287173582264067 0.6333877309804212 0.6380581037344356 0.64272847648845 0.6473988492424645 0.6520692219964869 0.6567395947505013 0.6614099675045158 0.6649091736465285 0.6671563762108701
-9999.0 -9999.0 -9999.0 -9999.0 -9999.0 -9999.0 -9999.0 -9999.0 -9999.0 -9999.0 -9999.0 -9999.0 -9999.0 -9999.0 -9999.0 -9999.0 -9999.0 -9999.0 -9999.0 -9999.0 -9999.0 -9999.0 0.5755175385910416 0.580143461333955 0.5847693840768684 0.5893953068197817 0.594021229562703 0.5986471523056164 0.6032730750485297 0.6078989977914431 0.6125249205343565 0.6171508432772698 0.6217767660201832 0.6264026887630966 0.6310286115060099 0.6356545342489233 0.6402804569918366 0.64490637973475 0.6495323024776634 0.6541582252205846 0.6587841479634979 0.6634100707064113 0.6669470772626689 0.6693200078048852
-9999.0 -9999.0 -9999.0 -9999.0 -9999.0 -9999.0 -9999.0 -9999.0 -9999.0 -9999.0 -9999.0 -9999.0 -9999.0 -9999.0 -9999.0 -9999.0 0.5508733556129837 0.555454828344796 0.5600363010766083 0.5646177738084206 0.5691992465402329 0.5737807192720452 0.5783621920038575 0.5829436647356698 0.5875251374674821 0.5921066101992944 0.5966880829311145 0.6012695556629268 0.6058510283947391 0.6104325011265515 0.6150139738583638 0.6195954465901761 0.6241769193219884 0.6287583920538007 0.633339864785613 0.6379213375174253 0.6425028102492375 0.6470842829810498 0.6516657557128621 0.6562472284446823 0.6608287011764946 0.6654101739083068 0.6689849808788092 0.6714836393989001
-9999.0 -9999.0 -9999.0 -9999.0 -9999.0 -9999.0 -9999.0 -9999.0 -9999.0 -9999.0 -9999.0 -9999.0 -9999.0 -9999.0 -9999.0 -9999.0 0.5539847090924086 0.5585217318131198 0.563058754533831 0.5675957772545422 0.5721327999752535 0.5766698226959647 0.5812068454166759 0.5857438681373871 0.5902808908580982 0.5948179135788094 0.5993549362995284 0.6038919590202396 0.6084289817409508 0.612966004461662 0.6175030271823732 0.6220400499030844 0.6265770726237956 0.6311140953445068 0.635651118065218 0.6401881407859292 0.6447251635066404 0.6492621862273517 0.6537992089480629 0.6583362316687817 0.662873254389493 0.6674102771102042 0.6710228844949514 0.6736472709929171
-9999.0 -9999.0 -9999.0 -9999.0 -9999.0 -9999.0 -9999.0 -9999.0 -9999.0 -9999.0 -9999.0 -9999.0 -9999.0 -9999.0 -9999.0 0.5507467143897942 0.5553394282724129 0.5599321421550316 0.5645248560376503 0.5691175699202691 0.5737102838028878 0.5783029976855066 0.5828957115681254 0.5874884254507441 0.5920811393333628 0.5966738532159815 0.6012665670986082 0.6058592809812269 0.6104519948638456 0.6150447087464643 0.6196374226290831 0.6242301365117018 0.6288228503943205 0.6334155642769392 0.638008278159558 0.6426009920421767 0.6471937059247955 0.6517864198074143 0.656379133690033 0.6609718475726596 0.6655645614552783 0.670157275337897 0.6737793503283331 0.6763637904056954
-9999.0 -9999.0 -9999.0 -9999.0 -9999.0 -9999.0 -9999.0 -9999.0 -9999.0 -9999.0 -9999.0 -9999.0 -9999.0 -9999.0 -9999.0 0.5500609665133684 0.5548164161570874 0.5595718658008063 0.5643273154445253 0.5690827650882442 0.5738382147319632 0.578593664375682 0.583349114019401 0.5881045636631199 0.5928600133068389 0.5976154629505579 0.6023709125942849 0.6071263622380039 0.6118818118817227 0.6166372615254417 0.6213927111691606 0.6261481608128796 0.6309036104565986 0.6356590601003175 0.6404145097440365 0.6451699593877553 0.6499254090314743 0.6546808586751933 0.6594363083189122 0.6641917579626393 0.6689472076063582 0.6737026572500772 0.677303913860481 0.679671312032448
-9999.0 -9999.0 -9999.0 -9999.0 -9999.0 -9999.0 -9999.0 -9999.0 -9999.0 -9999.0 -9999.0 -9999.0 -9999.0 -9999.0 -9999.0 0.5493752186369427 0.5542934040417619 0.559211589446581 0.5641297748514001 0.5690479602562193 0.5739661456610383 0.5788843310658576 0.5838025164706766 0.5887207018754957 0.5936388872803149 0.598557072685134 0.6034752580899616 0.6083934434947808 0.6133116288995999 0.618229814304419 0.6231479997092382 0.6280661851140573 0.6329843705188765 0.6379025559236956 0.6428207413285147 0.6477389267333339 0.652657112138153 0.6575752975429722 0.6624934829477913 0.6674116683526188 0.6723298537574379 0.6772480391622571 0.6808284773926286 0.6829788336592004
-9999.0 -9999.0 -9999.0 -9999.0 -9999.0 -9999.0 -9999.0 -9999.0 -9999.0 -9999.0 -9999.0 -9999.0 -9999.0 -9999.0 -9999.0 0.5486894707605169 0.5537703919264363 0.5588513130923556 0.563932234258275 0.5690131554241943 0.5740940765901137 0.579174997756033 0.5842559189219523 0.5893368400878717 0.594417761253791 0.5994986824197104 0.6045796035856383 0.6096605247515576 0.614741445917477 0.6198223670833963 0.6249032882493157 0.629984209415235 0.6350651305811544 0.6401460517470737 0.6452269729129931 0.6503078940789124 0.6553888152448317 0.6604697364107511 0.6655506575766704 0.6706315787425985 0.6757124999085178 0.6807934210744371 0.6843530409247763 0.6862863552859528
-9999.0 -9999.0 -9999.0 -9999.0 -9999.0 -9999.0 -9999.0 -9999.0 -9999.0 -9999.0 -9999.0 -9999.0 -9999.0 -9999.0 0.5427600659570717 0.5480037228840913 0.5532473798111108 0.5584910367381304 0.5637346936651499 0.5689783505921694 0.574222007519189 0.5794656644462085 0.5847093213732281 0.5899529783002476 0.5951966352272671 0.6004402921542866 0.6056839490813152 0.6109276060083347 0.6161712629353542 0.6214149198623737 0.6266585767893933 0.6319022337164129 0.6371458906434324 0.642389547570452 0.6476332044974714 0.652876861424491 0.6581205183515105 0.6633641752785301 0.6686078322055496 0.6738514891325781 0.6790951460595976 0.6843388029866172 0.687877604456924 0.6895938769127054
-9999.0 -9999.0 -9999.0 -9999.0 -9999.0 -9999.0 -9999.0 -9999.0 -9999.0 -9999.0 -9999.0 -9999.0 -9999.0 -9999.0 0.5419115823195451 0.5473179750076649 0.5527243676957848 0.5581307603839046 0.5635371530720246 0.5689435457601444 0.5743499384482643 0.5797563311363843 0.5851627238245041 0.590569116512624 0.5959755092007438 0.6013819018888638 0.6067882945769928 0.6121946872651127 0.6176010799532325 0.6230074726413525 0.6284138653294723 0.6338202580175922 0.639226650705712 0.644633043393832 0.6500394360819519 0.6554458287700717 0.6608522214581917 0.6662586141463115 0.6716650068344314 0.6770713995225605 0.6824777922106804 0.6878841848988002 0.6914021679890748 0.6929013985394606
-9999.0 -9999.0 -9999.0 -9999.0 -9999.0 -9999.0 -9999.0 -9999.0 -9999.0 -9999.0 -9999.0 -9999.0 -9999.0 -9999.0 0.5410630986820192 0.5466322271312393 0.5522013555804594 0.5577704840296794 0.5633396124788995 0.5689087409281196 0.5744778693773397 0.5800469978265598 0.5856161262757799 0.5911852547249998 0.5967543831742199 0.60232351162344 0.6078926400726696 0.6134617685218897 0.6190308969711098 0.6246000254203299 0.63016915386955 0.63573828231877 0.6413074107679901 0.6468765392172102 0.6524456676664303 0.6580147961156504 0.6635839245648705 0.6691530530140904 0.6747221814633105 0.6802913099125402 0.6858604383617602 0.6914295668109803 0.6949267315212225 0.6962089201662132
-9999.0 -9999.0 -9999.0 -9999.0 -9999.0 -9999.0 -9999.0 -9999.0 -9999.0 -9999.0 -9999.0 -9999.0 -9999.0 -9999.0 0.5402146150444932 0.5459464792548135 0.5516783434651338 0.5574102076754541 0.5631420718857744 0.5688739360960946 0.574605800306415 0.5803376645167352 0.5860695287270554 0.5918013929373758 0.597533257147696 0.6032651213580164 0.6089969855683464 0.6147288497786667 0.620460713988987 0.6261925781993072 0.6319244424096275 0.6376563066199478 0.643388170830268 0.6491200350405884 0.6548518992509086 0.6605837634612288 0.6663156276715492 0.6720474918818695 0.6777793560921898 0.6835112203025198 0.6892430845128401 0.6949749487231603 0.6984512950533702 0.6995164417929656
-9999.0 -9999.0 -9999.0 -9999.0 -9999.0 -9999.0 -9999.0 -9999.0 -9999.0 -9999.0 -9999.0 -9999.0 -9999.0 0.5334715314355468 0.5393661314069673 0.5452607313783877 0.5511553313498082 0.5570499313212287 0.5629445312926492 0.5688391312640697 0.5747337312354902 0.5806283312069107 0.5865229311783311 0.5924175311497516 0.5983121311211721 0.6042067310925926 0.6101013310640231 0.6159959310354436 0.6218905310068641 0.6277851309782846 0.6336797309497051 0.6395743309211255 0.645468930892546 0.6513635308639665 0.657258130835387 0.6631527308068075 0.6690473307782279 0.6749419307496485 0.6808365307210689 0.6867311306924995 0.6926257306639199 0.6985203306353404 0.7019758585855179 0.7028239634197181
-9999.0 -9999.0 -9999.0 -9999.0 -9999.0 -9999.0 -9999.0 -9999.0 -9999.0 -9999.0 -9999.0 -9999.0 0.5264029763043896 0.5324603120369207 0.5385176477694413 0.544574983501962 0.5506323192344827 0.5566896549670034 0.562746990699524 0.5688043264320447 0.5748616621645655 0.5809189978970861 0.5869763336296068 0.5930336693621274 0.5990910050946482 0.6051483408271688 0.6112056765596998 0.6172630122922206 0.6233203480247412 0.6293776837572619 0.6354350194897826 0.6414923552223033 0.647549690954824 0.6536070266873446 0.6596643624198653 0.665721698152386 0.6717790338849067 0.6778363696174274 0.6838937053499481 0.6899510410824791 0.6960083768149997 0.7020657125475205 0.7055004221176656 0.7061314850464706
