Figures/CREST_Example_wjb_NSE/PETs/wjb.pet.20100908.asc
ncols            288
nrows            254
xllcorner        113.274861
yllcorner        31.4918055
cellsize         0.008333333333
NODATA_value     -9999
[rows 114 to 132 of 254, columns 0 to 43 of 288]
-9999.0 -9999.0 -9999.0 -9999.0 -9999.0 -9999.0 -9999.0 -9999.0 -9999.0 -9999.0 -9999.0 -9999.0 -9999.0 -9999.0 -9999.0 -9999.0 -9999.0 -9999.0 -9999.0 -9999.0 -9999.0 -9999.0 -9999.0 -9999.0 -9999.0 -9999.0 -9999.0 -9999.0 -9999.0 -9999.0 -9999.0 -9999.0 -9999.0 0.7718708591070949 0.7682008212195075 0.7645307833319201 0.7608607454443328 0.7571907075567454 0.7535206696691581 0.7498506317815644 0.7461805938939771 0.7425105560063897 0.7394864349352644 0.7371528135392507
-9999.0 -9999.0 -9999.0 -9999.0 -9999.0 -9999.0 -9999.0 -9999.0 -9999.0 -9999.0 -9999.0 -9999.0 -9999.0 -9999.0 -9999.0 -9999.0 -9999.0 -9999.0 -9999.0 -9999.0 -9999.0 -9999.0 -9999.0 -9999.0 -9999.0 -9999.0 -9999.0 -9999.0 -9999.0 -9999.0 -9999.0 -9999.0 0.7748218288635388 0.7711633082366539 0.767504787609769 0.7638462669828842 0.7601877463559993 0.7565292257291144 0.7528707051022295 0.7492121844753383 0.7455536638484535 0.7418951432215686 0.7388857751759216 0.7365703659110626
-9999.0 -9999.0 -9999.0 -9999.0 -9999.0 -9999.0 -9999.0 -9999.0 -9999.0 -9999.0 -9999.0 -9999.0 -9999.0 -9999.0 -9999.0 -9999.0 -9999.0 -9999.0 -9999.0 -9999.0 -9999.0 -9999.0 -9999.0 -9999.0 -9999.0 -9999.0 -9999.0 -9999.0 -9999.0 -9999.0 -9999.0 -9999.0 0.7741027607323954 0.770455757366213 0.7668087540000306 0.7631617506338482 0.7595147472676658 0.7558677439014834 0.752220740535301 0.7485737371691124 0.74492673380293 0.7412797304367476 0.7382851154165787 0.7359879182828745
-9999.0 -9999.0 -9999.0 -9999.0 -9999.0 -9999.0 -9999.0 -9999.0 -9999.0 -9999.0 -9999.0 -9999.0 -9999.0 -9999.0 -9999.0 -9999.0 -9999.0 -9999.0 -9999.0 -9999.0 -9999.0 -9999.0 -9999.0 -9999.0 -9999.0 -9999.0 -9999.0 -9999.0 -9999.0 -9999.0 -9999.0 -9999.0 0.773383692601252 0.769748206495772 0.7661127203902921 0.7624772342848122 0.7588417481793323 0.7552062620738523 0.7515707759683725 0.7479352898628864 0.7442998037574065 0.7406643176519265 0.737684455657236 0.7354054706546865
-9999.0 -9999.0 -9999.0 -9999.0 -9999.0 -9999.0 -9999.0 -9999.0 -9999.0 -9999.0 -9999.0 -9999.0 -9999.0 -9999.0 -9999.0 0.8353819954603159 0.8317489197746661 0.8281158440890164 -9999.0 -9999.0 -9999.0 -9999.0 -9999.0 -9999.0 -9999.0 -9999.0 -9999.0 -9999.0 -9999.0 -9999.0 0.7808858601755634 0.7772527844899136 0.7736197088042639 0.769986633118614 0.7663535574329643 0.7627204817473145 0.7590874060616648 0.7554543303760151 0.7518212546903653 0.7481881790047094 0.7445551033190596 0.7409220276334099 0.7379474338185583 0.7356767720058854
-9999.0 -9999.0 -9999.0 -9999.0 -9999.0 -9999.0 -9999.0 -9999.0 -9999.0 -9999.0 -9999.0 -9999.0 -9999.0 0.8440442481361978 0.8404038482316093 0.8367634483270207 0.833123048422432 0.8294826485178434 -9999.0 -9999.0 -9999.0 -9999.0 -9999.0 -9999.0 -9999.0 -9999.0 -9999.0 -9999.0 -9999.0 0.7857978496627739 0.7821574497581852 0.7785170498535966 0.7748766499490081 0.7712362500444194 0.7675958501398308 0.7639554502352421 0.7603150503306535 0.756674650426065 0.7530342505214763 0.7493938506168815 0.7457534507122929 0.7421130508077043 0.7391335864706575 0.7368606771930643
-9999.0 -9999.0 -9999.0 -9999.0 -9999.0 -9999.0 -9999.0 -9999.0 -9999.0 -9999.0 -9999.0 -9999.0 -9999.0 0.8454403494407803 0.8417926253172527 0.8381449011937253 0.8344971770701979 0.8308494529466703 -9999.0 -9999.0 -9999.0 -9999.0 -9999.0 -9999.0 -9999.0 -9999.0 -9999.0 -9999.0 -9999.0 0.7870767634643345 0.783429039340807 0.7797813152172796 0.7761335910937521 0.7724858669702246 0.7688381428466972 0.7651904187231696 0.7615426945996422 0.7578949704761148 0.7542472463525872 0.7505995222290536 0.746951798105526 0.7433040739819986 0.7403197391227567 0.738044582380243
-9999.0 -9999.0 -9999.0 -9999.0 -9999.0 -9999.0 -9999.0 -9999.0 -9999.0 -9999.0 -9999.0 -9999.0 0.8504914990878353 0.8468364507453626 0.8431814024028963 0.83952635406043 0.8358713057179636 0.8322162573754973 0.828561209033031 -9999.0 -9999.0 -9999.0 -9999.0 -9999.0 -9999.0 -9999.0 -9999.0 -9999.0 -9999.0 -9999.0 0.7847006289234288 0.7810455805809625 0.7773905322384962 0.7737354838960299 0.7700804355535635 0.7664253872110971 0.7627703388686309 0.7591152905261644 0.7554602421836981 0.7518051938412256 0.7481501454987592 0.7444950971562929 0.7415058917748558 0.7392284875674217
-9999.0 -9999.0 -9999.0 -9999.0 -9999.0 -9999.0 -9999.0 -9999.0 -9999.0 -9999.0 -9999.0 -9999.0 0.8518949246113565 0.8482325520499451 0.8445701794885399 0.8409078069271347 0.8372454343657295 0.8335830618043243 0.8299206892429192 0.826258316681514 0.8225959441201087 -9999.0 -9999.0 -9999.0 -9999.0 -9999.0 -9999.0 -9999.0 -9999.0 0.7896345910674558 0.7859722185060506 0.7823098459446454 0.7786474733832403 0.774985100821835 0.7713227282604298 0.7676603556990247 0.7639979831376195 0.7603356105762142 0.7566732380148091 0.7530108654533977 0.7493484928919925 0.7456861203305872 0.742692044426955 0.7404123927546004
-9999.0 -9999.0 -9999.0 -9999.0 -9999.0 -9999.0 -9999.0 -9999.0 -9999.0 -9999.0 -9999.0 -9999.0 0.8532983501348778 0.8496286533545275 0.8459589565741834 0.8422892597938394 0.8386195630134954 0.8349498662331513 0.8312801694528072 0.8276104726724632 0.8239407758921191 -9999.0 -9999.0 0.812931685551087 -9999.0 -9999.0 -9999.0 -9999.0 -9999.0 0.7909135048690165 0.7872438080886723 0.7835741113083283 0.7799044145279843 0.7762347177476403 0.7725650209672962 0.7688953241869522 0.765225627406608 0.761555930626264 0.75788623384592 0.7542165370655697 0.7505468402852257 0.7468771435048815 0.7438781970790541 0.7415962979417792
-9999.0 -9999.0 -9999.0 -9999.0 -9999.0 -9999.0 -9999.0 -9999.0 -9999.0 -9999.0 -9999.0 -9999.0 0.8547017756584003 0.8510247546591111 0.8473477336598282 0.8436707126605453 0.8399936916612624 0.8363166706619795 0.8326396496626965 0.8289626286634136 0.8252856076641307 0.8216085866648478 0.8179315656655649 0.814254544666282 0.810577523666999 0.8069005026677161 -9999.0 -9999.0 0.7958694396698611 0.7921924186705782 0.7885153976712953 0.7848383766720124 0.7811613556727295 0.7774843346734466 0.7738073136741637 0.7701302926748806 0.7664532716755977 0.7627762506763148 0.7590992296770319 0.7554222086777428 0.7517451876784599 0.7480681666791769 0.7450643497311542 0.7427802031289589
-9999.0 -9999.0 -9999.0 -9999.0 -9999.0 -9999.0 -9999.0 -9999.0 -9999.0 -9999.0 -9999.0 0.8600395144077622 0.8561052011819216 0.8524208559636935 0.8487365107454717 0.8450521655272499 0.8413678203090282 0.8376834750908064 0.8339991298725846 0.8303147846543629 0.8266304394361411 0.8229460942179193 0.8192617489996975 0.8155774037814758 0.811893058563254 0.8082087133450322 0.8045243681268042 0.8008400229085824 0.7971556776903606 0.7934713324721389 0.789786987253917 0.7861026420356952 0.7824182968174735 0.7787339515992517 0.7750496063810299 0.7713652611628081 0.7676809159445864 0.7639965707263646 0.7603122255081428 0.7566278802899148 0.752943535071693 0.7492591898534713 0.7462505023832534 0.7439641083161376
-9999.0 -9999.0 -9999.0 -9999.0 -9999.0 -9999.0 -9999.0 -9999.0 -9999.0 -9999.0 -9999.0 0.8614193057422722 0.8575086267054428 0.8538169572682759 0.8501252878311153 0.8464336183939547 0.842741948956794 0.8390502795196334 0.8353586100824728 0.8316669406453121 0.8279752712081515 0.8242836017709909 0.8205919323338302 0.8169002628966696 0.8132085934595089 0.8095169240223483 0.8058252545851814 0.8021335851480208 0.7984419157108601 0.7947502462736995 0.7910585768365388 0.7873669073993782 0.7836752379622176 0.7799835685250569 0.7762918990878963 0.7726002296507357 0.768908560213575 0.7652168907764144 0.7615252213392538 0.7578335519020869 0.7541418824649262 0.7504502130277656 0.7474366550353525 0.7451480135033163
-9999.0 -9999.0 -9999.0 -9999.0 -9999.0 -9999.0 -9999.0 -9999.0 -9999.0 -9999.0 -9999.0 0.8627990970767822 0.8589120522289642 0.8552130585728583 0.8515140649167589 0.8478150712606594 0.8441160776045599 0.8404170839484604 0.8367180902923609 0.8330190966362614 0.8293201029801619 0.8256211093240624 0.8219221156679629 0.8182231220118634 0.8145241283557639 0.8108251346996644 0.8071261410435586 0.8034271473874591 0.7997281537313596 0.7960291600752601 0.7923301664191607 0.7886311727630612 0.7849321791069617 0.7812331854508622 0.7775341917947627 0.7738351981386632 0.7701362044825637 0.7664372108264642 0.7627382171703647 0.7590392235142589 0.7553402298581594 0.7516412362020599 0.7486228076874516 0.746331918690495
-9999.0 -9999.0 -9999.0 -9999.0 -9999.0 -9999.0 -9999.0 -9999.0 -9999.0 -9999.0 -9999.0 0.8641788884112922 0.8603154777524854 0.8566091598774408 0.8529028420024024 0.849196524127364 0.8454902062523257 0.8417838883772873 0.838077570502249 0.8343712526272107 0.8306649347521723 0.8269586168771339 0.8232522990020956 0.8195459811270572 0.8158396632520188 0.8121333453769806 0.8084270275019358 0.8047207096268975 0.8010143917518592 0.7973080738768208 0.7936017560017824 0.7898954381267441 0.7861891202517057 0.7824828023766673 0.7787764845016291 0.7750701666265907 0.7713638487515523 0.767657530876514 0.7639512130014756 0.7602448951264309 0.7565385772513926 0.7528322593763542 0.7498089603395508 0.7475158238776737
-9999.0 -9999.0 -9999.0 -9999.0 -9999.0 -9999.0 -9999.0 -9999.0 -9999.0 -9999.0 0.8695164465895293 0.8655586797458023 0.8617189032760068 0.8580052611820231 0.854291619088046 0.8505779769940688 0.8468643349000915 0.8431506928061143 0.8394370507121371 0.8357234086181599 0.8320097665241827 0.8282961244302055 0.8245824823362282 0.820868840242251 0.8171551981482739 0.8134415560542966 0.8097279139603131 0.8060142718663359 0.8023006297723586 0.7985869876783814 0.7948733455844043 0.791159703490427 0.7874460613964498 0.7837324193024726 0.7800187772084953 0.7763051351145182 0.772591493020541 0.7688778509265637 0.7651642088325865 0.761450566738603 0.7577369246446257 0.7540232825506485 0.7509951129916499 0.7486997290648524
-9999.0 -9999.0 -9999.0 -9999.0 -9999.0 -9999.0 -9999.0 -9999.0 -9999.0 0.8747488172997787 0.8708436441900455 0.8669384710803122 0.863122328799528 0.8594013624866056 0.8556803961736895 0.8519594298607734 0.8482384635478574 0.8445174972349413 0.8407965309220252 0.8370755646091091 0.8333545982961931 0.829633631983277 0.8259126656703609 0.8221916993574448 0.8184707330445288 0.8147497667316127 0.8110288004186903 0.8073078341057742 0.8035868677928582 0.7998659014799421 0.796144935167026 0.7924239688541099 0.7887030025411939 0.7849820362282778 0.7812610699153617 0.7775401036024456 0.7738191372895296 0.7700981709766135 0.7663772046636974 0.762656238350775 0.7589352720378589 0.7552143057249429 0.752181265643749 0.7498836342520312
-9999.0 -9999.0 -9999.0 -9999.0 -9999.0 -9999.0 -9999.0 0.8837285799177808 0.8798760005420414 0.876023421166302 0.8721708417905627 0.8683182624148235 0.8645257543230505 0.8607974637911892 0.8570691732593343 0.8533408827274793 0.8496125921956243 0.8458843016637695 0.8421560111319145 0.8384277206000595 0.8346994300682047 0.8309711395363497 0.8272428490044947 0.8235145584726398 0.8197862679407849 0.8160579774089299 0.8123296868770686 0.8086013963452137 0.8048731058133588 0.8011448152815038 0.7974165247496489 0.793688234217794 0.789959943685939 0.786231653154084 0.7825033626222291 0.7787750720903742 0.7750467815585192 0.7713184910266643 0.7675902004948094 0.7638619099629481 0.7601336194310931 0.7564053288992382 0.7533674182958492 0.7510675394392109
-9999.0 -9999.0 -9999.0 -9999.0 -9999.0 -9999.0 0.8886979819580606 0.8848979963163152 0.8810980106745697 0.8772980250328243 0.8734980393910788 0.8696980537493334 0.8659291798465718 0.8621935650957716 0.8584579503449778 0.854722335594184 0.8509867208433902 0.8472511060925965 0.8435154913418026 0.8397798765910088 0.8360442618402151 0.8323086470894212 0.8285730323386274 0.8248374175878337 0.8211018028370398 0.8173661880862461 0.8136305733354459 0.8098949585846521 0.8061593438338582 0.8024237290830645 0.7986881143322707 0.7949524995814768 0.7912168848306831 0.7874812700798893 0.7837456553290955 0.7800100405783017 0.7762744258275079 0.7725388110767141 0.7688031963259203 0.7650675815751201 0.7613319668243264 0.7575963520735325 0.7545535709479483 0.7522514446263896
