Figures/CREST_Example_wjb_NSE/PETs/wjb.pet.20100508.asc
ncols            288
nrows            254
xllcorner        113.274861
yllcorner        31.4918055
cellsize         0.008333333333
NODATA_value     -9999
[rows 57 to 75 of 254, columns 0 to 43 of 288]
-9999.0 -9999.0 -9999.0 -9999.0 -9999.0 -9999.0 -9999.0 -9999.0 -9999.0 -9999.0 -9999.0 -9999.0 -9999.0 -9999.0 -9999.0 -9999.0 -9999.0 0.5048849691283984 0.5096288987953613 0.5143728284623242 0.5191167581292871 0.52386068779625 0.5286046174632129 0.5333485471301758 0.5380924767971387 0.5428364064641016 0.5475803361310726 0.5523242657980355 0.5570681954649984 0.5618121251319613 0.5665560547989242 0.571299984465887 0.5760439141328499 0.5807878437998129 0.5855317734667758 0.5902757031337387 0.5950196328007016 0.5997635624676645 0.6045074921346274 0.6092514218015984 0.6139953514685613 0.6187392811355241 0.6204369952442961 0.6188782360740913
-9999.0 -9999.0 -9999.0 -9999.0 -9999.0 -9999.0 -9999.0 -9999.0 -9999.0 -9999.0 -9999.0 -9999.0 -9999.0 -9999.0 -9999.0 0.49168632365154447 0.4964439949657258 0.5012016662799071 0.5059593375940885 0.5107170089082699 0.5154746802224512 0.5202323515366325 0.5249900228508139 0.5297476941649952 0.5345053654791766 0.539263036793358 0.5440207081075474 0.5487783794217288 0.5535360507359102 0.5582937220500914 0.5630513933642728 0.5678090646784542 0.5725667359926355 0.5773244073068169 0.5820820786209983 0.5868397499351796 0.5915974212493609 0.5963550925635422 0.6011127638777236 0.6058704351919131 0.6106281065060944 0.6153857778202758 0.6170786600392479 0.615495213448392
-9999.0 -9999.0 -9999.0 -9999.0 -9999.0 -9999.0 -9999.0 -9999.0 -9999.0 -9999.0 -9999.0 -9999.0 -9999.0 -9999.0 0.4844864203152539 0.48917013592946357 0.49385385154367323 0.49853756715788294 0.5032212827720927 0.5079049983863023 0.512588714000512 0.5172724296147216 0.5219561452289313 0.526639860843141 0.5313235764573507 0.5360072920715604 0.540691007685778 0.5453747232999877 0.5500584389141974 0.554742154528407 0.5594258701426167 0.5641095857568265 0.5687933013710361 0.5734770169852458 0.5781607325994554 0.5828444482136651 0.5875281638278749 0.5922118794420845 0.5968955950562942 0.6015793106705118 0.6062630262847215 0.6109467418989312 0.6126296514023253 0.6111046313522821
-9999.0 -9999.0 -9999.0 -9999.0 -9999.0 -9999.0 -9999.0 -9999.0 -9999.0 -9999.0 -9999.0 0.4704902259541347 0.4728246684646627 0.4774344283789086 0.48204418829314666 0.4866539482073848 0.49126370812162284 0.4958734680358609 0.500483227950099 0.5050929878643371 0.5097027477785752 0.5143125076928132 0.5189222676070513 0.5235320275212894 0.5281417874355274 0.5327515473497655 0.5373613072640114 0.5419710671782495 0.5465808270924876 0.5511905870067256 0.5558003469209637 0.5604101068352018 0.5650198667494398 0.5696296266636779 0.574239386577916 0.5788491464921541 0.5834589064063922 0.5880686663206303 0.5926784262348683 0.5972881861491142 0.6018979460633522 0.6065077059775904 0.6081806427654063 0.606714049256176
-9999.0 -9999.0 -9999.0 -9999.0 -9999.0 -9999.0 -9999.0 -9999.0 -9999.0 0.46786381482783646 0.4680522726865691 0.46824073054530174 0.4705303478424989 0.4750661520567731 0.4796019562710396 0.48413776048530605 0.4886735646995725 0.49320936891383893 0.4977451731281054 0.5022809773423719 0.5068167815566383 0.5113525857709048 0.5158883899851713 0.5204241941994378 0.5249599984137042 0.5294958026279707 0.5340316068422448 0.5385674110565113 0.5431032152707778 0.5476390194850442 0.5521748236993107 0.5567106279135772 0.5612464321278436 0.5657822363421101 0.5703180405563766 0.574853844770643 0.5793896489849095 0.583925453199176 0.5884612574134425 0.5929970616277166 0.5975328658419831 0.6020686700562495 0.6037316341284874 0.6023234671600698
-9999.0 -9999.0 -9999.0 -9999.0 -9999.0 -9999.0 -9999.0 -9999.0 -9999.0 0.4656494705549005 0.4658203528456846 0.46599123513646873 0.4682360272203351 0.47269787573463756 0.4771597242489324 0.48162157276322726 0.48608342127752213 0.49054526979181695 0.4950071183061118 0.4994689668204067 0.5039308153347015 0.5083926638489964 0.5128545123632913 0.5173163608775861 0.5217782093918809 0.5262400579061758 0.5307019064204783 0.5351637549347731 0.539625603449068 0.5440874519633628 0.5485493004776577 0.5530111489919526 0.5574729975062473 0.5619348460205422 0.5663966945348371 0.570858543049132 0.5753203915634268 0.5797822400777217 0.5842440885920165 0.588705937106319 0.5931677856206139 0.5976296341349087 0.5992826254915684 0.5979328850639636
-9999.0 -9999.0 -9999.0 -9999.0 -9999.0 -9999.0 -9999.0 -9999.0 -9999.0 0.46343512628196465 0.4635884330048002 0.4637417397276357 0.46594170659817125 0.470329599412502 0.47471749222682524 0.47910538504114847 0.48349327785547175 0.487881170669795 0.49226906348411825 0.4966569562984415 0.5010448491127647 0.505432741927088 0.5098206347414113 0.5142085275557344 0.5185964203700577 0.522984313184381 0.5273722059987117 0.5317600988130349 0.5361479916273582 0.5405358844416814 0.5449237772560047 0.5493116700703279 0.5536995628846512 0.5580874556989744 0.5624753485132976 0.5668632413276209 0.5712511341419442 0.5756390269562675 0.5800269197705906 0.5844148125849213 0.5888027053992446 0.5931905982135679 0.5948336168546495 0.5935423029678575
-9999.0 -9999.0 -9999.0 -9999.0 -9999.0 -9999.0 -9999.0 -9999.0 0.4610850508541417 0.4612207820090287 0.4613565131639157 0.4614922443188027 0.46364738597600746 0.4679613230903664 0.4722752602047181 0.47658919731906974 0.48090313443342136 0.485217071547773 0.4895310086621246 0.49384494577647625 0.49815888289082794 0.5024728200051796 0.5067867571195311 0.5111006942338828 0.5154146313482345 0.5197285684625861 0.5240425055769451 0.5283564426912968 0.5326703798056484 0.53698431692 0.5412982540343516 0.5456121911487033 0.549926128263055 0.5542400653774066 0.5585540024917582 0.5628679396061098 0.5671818767204615 0.5714958138348132 0.5758097509491648 0.5801236880635238 0.5844376251778753 0.588751562292227 0.5903846082177305 0.5891517208717513
-9999.0 -9999.0 -9999.0 -9999.0 -9999.0 -9999.0 -9999.0 -9999.0 0.45888828214915434 0.4590064377360928 0.45912459332303124 0.4592427489099697 0.4613530653538436 0.4655930467682309 0.4698330281826109 0.47407300959699095 0.478312991011371 0.482552972425751 0.48679295384013105 0.4910329352545111 0.4952729166688911 0.49951289808327115 0.5037528794976511 0.5079928609120312 0.5122328423264112 0.5164728237407913 0.5207128051551785 0.5249527865695586 0.5291927679839386 0.5334327493983186 0.5376727308126986 0.5419127122270787 0.5461526936414587 0.5503926750558388 0.5546326564702188 0.5588726378845987 0.5631126192989788 0.5673526007133588 0.5715925821277389 0.5758325635421262 0.5800725449565062 0.5843125263708862 0.5859355995808115 0.5847611387756451
-9999.0 -9999.0 -9999.0 -9999.0 -9999.0 -9999.0 -9999.0 -9999.0 0.4566915134441651 0.45679209346315497 0.45689267348214485 0.45699325350113473 0.45905874473167785 0.4632247704460933 0.46739079616050166 0.47155682187491005 0.4757228475893184 0.47988887330372676 0.4840548990181351 0.48822092473254347 0.49238695044695185 0.4965529761613602 0.5007190018757686 0.504885027590177 0.5090510533045853 0.5132170790189936 0.5173831047334091 0.5215491304478175 0.5257151561622259 0.5298811818766342 0.5340472075910425 0.5382132333054509 0.5423792590198593 0.5465452847342677 0.550711310448676 0.5548773361630843 0.5590433618774927 0.5632093875919011 0.5673754133063095 0.5715414390207249 0.5757074647351332 0.5798734904495416 0.5814865909438889 0.5803705566795352
-9999.0 -9999.0 -9999.0 -9999.0 -9999.0 -9999.0 -9999.0 -9999.0 0.4544947447391777 0.45457774919021904 0.45466075364126035 0.4547437580923017 0.456764424109514 0.46085649412395774 0.4649485641383945 0.46904063415283126 0.473132704167268 0.4772247741817048 0.4813168441961415 0.48540891421057825 0.48950098422501503 0.49359305423945177 0.49768512425388856 0.5017771942683252 0.505869264282762 0.5099613342971988 0.5140534043116425 0.5181454743260793 0.5222375443405161 0.5263296143549527 0.5304216843693895 0.5345137543838263 0.538605824398263 0.5426978944126998 0.5467899644271366 0.5508820344415732 0.55497410445601 0.5590661744704468 0.5631582444848835 0.5672503144993273 0.5713423845137641 0.5754344545282007 0.5770375823069699 0.575979974583429
-9999.0 -9999.0 -9999.0 -9999.0 -9999.0 -9999.0 -9999.0 0.45223254715109756 0.45229797603419036 0.4523634049172831 0.4524288338003759 0.4524942626834687 0.4544701034873502 0.4584882178018222 0.46250633211628733 0.46652444643075247 0.47054256074521766 0.4745606750596828 0.47857878937414794 0.4825969036886131 0.48661501800307827 0.4906331323175434 0.49465124663200855 0.4986693609464737 0.5026874752609388 0.506705589575404 0.510723703889876 0.5147418182043412 0.5187599325188063 0.5227780468332714 0.5267961611477365 0.5308142754622017 0.5348323897766669 0.538850504091132 0.5428686184055972 0.5468867327200623 0.5509048470345275 0.5549229613489927 0.5589410756634577 0.5629591899779298 0.5669773042923949 0.5709954186068601 0.5725885736700511 0.571589392487323
-9999.0 -9999.0 -9999.0 -9999.0 -9999.0 -9999.0 -9999.0 0.45005335401405877 0.450101207329203 0.45014906064434723 0.45019691395949146 0.4502447672746357 0.4521757828651864 0.45611994147968665 0.4600641000941802 0.46400825870867374 0.4679524173231673 0.4718965759376608 0.47584073455215437 0.4797848931666479 0.48372905178114145 0.48767321039563494 0.49161736901012854 0.495561527624622 0.4995056862391156 0.5034498448536091 0.5073940034681094 0.511338162082603 0.5152823206970965 0.51922647931159 0.5231706379260835 0.5271147965405771 0.5310589551550706 0.5350031137695642 0.5389472723840577 0.5428914309985513 0.5468355896130448 0.5507797482275383 0.5547239068420319 0.5586680654565321 0.5626122240710257 0.5665563826855192 0.5681395650331321 0.5671988103912168
-9999.0 -9999.0 -9999.0 -9999.0 -9999.0 -9999.0 -9999.0 0.4478741608770199 0.44790443862421564 0.4479347163714113 0.44796499411860696 0.4479952718658026 0.44988146224302256 0.4537516651575511 0.457621868072073 0.46149207098659495 0.4653622739011169 0.46923247681563884 0.47310267973016074 0.4769728826446827 0.48084308555920463 0.4847132884737265 0.48858349138824847 0.4924536943027704 0.49632389721729236 0.5001941001318143 0.5040643030463428 0.5079345059608648 0.5118047088753866 0.5156749117899087 0.5195451147044305 0.5234153176189524 0.5272855205334744 0.5311557234479963 0.5350259263625182 0.5388961292770402 0.5427663321915621 0.546636535106084 0.550506738020606 0.5543769409351346 0.5582471438496565 0.5621173467641783 0.5636905563962132 0.5628082282951106
-9999.0 -9999.0 -9999.0 -9999.0 -9999.0 -9999.0 0.445682265560734 0.44569496773998113 0.4457076699192283 0.44572037209847537 0.4457330742777225 0.4457457764569696 0.4475871416208587 0.4513833888354155 0.45517963604996586 0.45897588326451616 0.4627721304790665 0.4665683776936168 0.47036462490816716 0.47416087212271746 0.4779571193372678 0.4817533665518181 0.48554961376636846 0.48934586098091876 0.4931421081954691 0.4969383554100194 0.5007346026245763 0.5045308498391265 0.5083270970536768 0.5121233442682271 0.5159195914827776 0.5197158386973278 0.5235120859118781 0.5273083331264286 0.5311045803409788 0.5349008275555291 0.5386970747700794 0.5424933219846297 0.5462895691991801 0.5500858164137369 0.5538820636282873 0.5576783108428376 0.5592415477592942 0.5584176461990045
-9999.0 -9999.0 -9999.0 -9999.0 -9999.0 -9999.0 -9999.0 0.4435157746029405 0.44351090121423903 0.4435060278255376 0.4435011544368362 0.4434962810481347 0.445292820998693 0.449015112513278 0.45273740402785667 0.4564596955424353 0.46018198705701396 0.4639042785715926 0.46762657008617126 0.4713488616007499 0.47507115311532855 0.47879344462990725 0.4825157361444859 0.48623802765906454 0.4899603191736432 0.49368261068822183 0.49740490220280686 0.5011271937173855 0.5048494852319642 0.5085717767465427 0.5122940682611214 0.5160163597757002 0.5197386512902787 0.5234609428048574 0.527183234319436 0.5309055258340147 0.5346278173485933 0.538350108863172 0.5420724003777506 0.5457946918923356 0.5495169834069143 0.5532392749214929 0.5547925391223716 0.5540270641028946
-9999.0 -9999.0 -9999.0 -9999.0 -9999.0 -9999.0 -9999.0 -9999.0 0.4413141325092516 0.4412916835526016 0.44126923459595163 0.44124678563930164 0.4429985003765291 0.44664683619114237 0.4502951720057494 0.4539435078203565 0.4575918436349635 0.4612401794495706 0.4648885152641776 0.4685368510787847 0.47218518689339173 0.4758335227079988 0.47948185852260583 0.4831301943372129 0.48677853015181993 0.49042686596642693 0.49407520178104025 0.49772353759564725 0.5013718734102544 0.5050202092248613 0.5086685450394685 0.5123168808540755 0.5159652166686826 0.5196135524832896 0.5232618882978965 0.5269102241125037 0.5305585599271107 0.5342068957417178 0.5378552315563248 0.5415035673709381 0.5451519031855451 0.5488002390001522 0.5503435304854526 0.5496364820067884
-9999.0 -9999.0 -9999.0 -9999.0 -9999.0 -9999.0 -9999.0 -9999.0 -9999.0 0.4390773392796658 0.43903731475506724 0.4389972902304687 0.4407041797543654 0.4442785598690069 0.44785293998364234 0.45142732009827774 0.4550017002129132 0.45857608032754865 0.46215046044218405 0.4657248405568195 0.46929922067145496 0.47287360078609036 0.4764479809007258 0.4800223610153613 0.4835967411299967 0.48717112124463213 0.49074550135927364 0.4943198814739091 0.49789426158854455 0.50146864170318 0.5050430218178155 0.5086174019324509 0.5121917820470863 0.5157661621617218 0.5193405422763572 0.5229149223909926 0.5264893025056281 0.5300636826202635 0.5336380627348989 0.5372124428495404 0.5407868229641759 0.5443612030788113 0.5458945218485337 0.5452458999106822
-9999.0 -9999.0 -9999.0 -9999.0 -9999.0 -9999.0 -9999.0 -9999.0 -9999.0 -9999.0 0.4368053949141828 0.43674779482163567 0.43840985913220154 0.44191028354687134 0.44541070796153515 0.448911132376199 0.4524115567908628 0.4559119812055267 0.4594124056201905 0.4629128300348543 0.46641325444951814 0.46991367886418195 0.4734141032788458 0.4769145276935096 0.4804149521081735 0.4839153765228373 0.4874158009375071 0.4909162253521709 0.49441664976683475 0.49791707418149855 0.5014174985961624 0.5049179230108263 0.5084183474254901 0.5119187718401539 0.5154191962548177 0.5189196206694815 0.5224200450841454 0.5259204694988092 0.529420893913473 0.5329213183281428 0.5364217427428066 0.5399221671574704 0.5414455132116147 0.5408553178145761
