Figures/CREST_Example_wjb_NSE/PETs/wjb.pet.20101214.asc
ncols            288
nrows            254
xllcorner        113.274861
yllcorner        31.4918055
cellsize         0.008333333333
NODATA_value     -9999
[rows 57 to 75 of 254, columns 0 to 43 of 288]
-9999.0 -9999.0 -9999.0 -9999.0 -9999.0 -9999.0 -9999.0 -9999.0 -9999.0 -9999.0 -9999.0 -9999.0 -9999.0 -9999.0 -9999.0 -9999.0 -9999.0 0.494889882085303 0.4958346715218885 0.4967794609584739 0.49772425039505935 0.49866903983164484 0.4996138292682303 0.5005586187048158 0.5015034081414013 0.5024481975779866 0.5033929870145738 0.5043377764511592 0.5052825658877447 0.5062273553243302 0.5071721447609157 0.508116934197501 0.5090617236340865 0.510006513070672 0.5109513025072575 0.5118960919438429 0.5128408813804284 0.5137856708170139 0.5147304602535993 0.5156752496901864 0.5166200391267718 0.5175648285633573 0.5174737590596105 0.5162753329372844
-9999.0 -9999.0 -9999.0 -9999.0 -9999.0 -9999.0 -9999.0 -9999.0 -9999.0 -9999.0 -9999.0 -9999.0 -9999.0 -9999.0 -9999.0 0.4922927397309652 0.4932485530163365 0.49420436630170783 0.49516017958707914 0.49611599287245045 0.49707180615782176 0.49802761944319307 0.4989834327285644 0.4999392460139357 0.500895059299307 0.5018508725846783 0.5028066858700513 0.5037624991554226 0.5047183124407939 0.5056741257261652 0.5066299390115365 0.5075857522969078 0.5085415655822791 0.5094973788676505 0.5104531921530218 0.5114090054383931 0.5123648187237644 0.5133206320091357 0.514276445294507 0.5152322585798799 0.5161880718652512 0.5171438851506225 0.5170471877401638 0.515825332608154
-9999.0 -9999.0 -9999.0 -9999.0 -9999.0 -9999.0 -9999.0 -9999.0 -9999.0 -9999.0 -9999.0 -9999.0 -9999.0 -9999.0 0.4903801611717061 0.49133495604482536 0.4922897509179447 0.49324454579106397 0.49419934066418325 0.4951541355373026 0.49610893041042187 0.4970637252835412 0.4980185201566605 0.49897331502977976 0.4999281099028991 0.5008829047760184 0.5018376996491393 0.5027924945222586 0.5037472893953779 0.5047020842684972 0.5056568791416165 0.5066116740147358 0.5075664688878552 0.5085212637609744 0.5094760586340937 0.5104308535072131 0.5113856483803323 0.5123404432534516 0.513295238126571 0.5142500329996919 0.5152048278728112 0.5161596227459304 0.5160616384640014 0.5148382094715496
-9999.0 -9999.0 -9999.0 -9999.0 -9999.0 -9999.0 -9999.0 -9999.0 -9999.0 -9999.0 -9999.0 0.48695612171661995 0.48751584297608275 0.48846961943695166 0.48942339589781897 0.4903771723586863 0.4913309488195536 0.4922847252804209 0.4932385017412882 0.49419227820215544 0.49514605466302275 0.49609983112389006 0.49705360758475736 0.49800738404562467 0.498961160506492 0.4999149369673592 0.5008687134282281 0.5018224898890955 0.5027762663499628 0.5037300428108301 0.5046838192716974 0.5056375957325646 0.506591372193432 0.5075451486542992 0.5084989251151666 0.5094527015760338 0.5104064780369011 0.5113602544977685 0.5123140309586357 0.5132678074195046 0.514221583880372 0.5151753603412392 0.51507608918784 0.5138510863349461
-9999.0 -9999.0 -9999.0 -9999.0 -9999.0 -9999.0 -9999.0 -9999.0 -9999.0 0.4857310745346233 0.48587791599734703 0.48602475746007073 0.4865611145266997 0.48751387257531664 0.4884666306239319 0.4894193886725472 0.4903721467211625 0.4913249047697778 0.4922776628183931 0.49323042086700836 0.49418317891562363 0.49513593696423897 0.49608869501285424 0.4970414530614695 0.4979942111100848 0.49894696915870007 0.499899727207317 0.5008524852559323 0.5018052433045476 0.5027580013531628 0.5037107594017781 0.5046635174503934 0.5056162754990088 0.5065690335476241 0.5075217915962393 0.5084745496448546 0.5094273076934699 0.5103800657420852 0.5113328237907004 0.5122855818393174 0.5132383398879327 0.5141910979365479 0.5140905399116784 0.5128639631983426
-9999.0 -9999.0 -9999.0 -9999.0 -9999.0 -9999.0 -9999.0 -9999.0 -9999.0 0.48488824466610286 0.48499081893481216 0.4850933932035215 0.4856063860773167 0.4865581257136816 0.48750986535004487 0.48846160498640817 0.4894133446227714 0.4903650842591347 0.491316823895498 0.49226856353186127 0.49322030316822457 0.4941720428045879 0.4951237824409511 0.4960755220773144 0.4970272617136777 0.497979001350041 0.4989307409864059 0.4998824806227692 0.5008342202591325 0.5017859598954958 0.502737699531859 0.5036894391682223 0.5046411788045856 0.5055929184409489 0.5065446580773122 0.5074963977136755 0.5084481373500387 0.509399876986402 0.5103516166227653 0.5113033562591301 0.5122550958954935 0.5132068355318568 0.513104990635517 0.5118768400617391
-9999.0 -9999.0 -9999.0 -9999.0 -9999.0 -9999.0 -9999.0 -9999.0 -9999.0 0.4840454147975824 0.48410372187227735 0.48416202894697224 0.48465165762793366 0.48560237885204655 0.4865531000761578 0.4875038213002691 0.48845454252438036 0.4894052637484917 0.49035598497260297 0.49130670619671424 0.4922574274208255 0.4932081486449368 0.49415886986904806 0.49510959109315933 0.4960603123172706 0.4970110335413819 0.49796175476549476 0.4989124759896061 0.49986319721371736 0.5008139184378286 0.5017646396619398 0.5027153608860512 0.5036660821101624 0.5046168033342737 0.505567524558385 0.5065182457824963 0.5074689670066076 0.5084196882307188 0.5093704094548301 0.510321130678943 0.5112718519030542 0.5122225731271656 0.5121194413593555 0.5108897169251356
-9999.0 -9999.0 -9999.0 -9999.0 -9999.0 -9999.0 -9999.0 -9999.0 0.4831885450483814 0.48320258492906193 0.4832166248097425 0.48323066469042303 0.4836969291785506 0.4846466319904115 0.48559633480227077 0.48654603761413007 0.4874957404259893 0.4884454432378486 0.48939514604970785 0.49034484886156715 0.4912945516734264 0.4922442544852857 0.493193957297145 0.49414366010900423 0.49509336292086353 0.4960430657327228 0.4969927685445837 0.49794247135644293 0.4988921741683022 0.49984187698016147 0.5007915797920207 0.5017412826038801 0.5026909854157393 0.5036406882275986 0.5045903910394578 0.5055400938513172 0.5064897966631764 0.5074394994750356 0.5083892022868949 0.5093389050987558 0.5102886079106151 0.5112383107224744 0.511133892083194 0.5099025937885322
-9999.0 -9999.0 -9999.0 -9999.0 -9999.0 -9999.0 -9999.0 -9999.0 0.48238998237387526 0.48235975506054146 0.4823295277472076 0.48229930043387376 0.4827422007291675 0.4836908851287764 0.48463956952838366 0.48558825392799093 0.4865369383275982 0.48748562272720547 0.48843430712681274 0.48938299152642 0.4903316759260273 0.49128036032563455 0.4922290447252418 0.4931777291248491 0.49412641352445635 0.49507509792406357 0.4960237823236725 0.4969724667232797 0.497921151122887 0.49886983552249425 0.4998185199221015 0.5007672043217088 0.5017158887213161 0.5026645731209234 0.5036132575205305 0.5045619419201378 0.5055106263197451 0.5064593107193524 0.5074079951189596 0.5083566795185686 0.5093053639181758 0.5102540483177831 0.5101483428070325 0.5089154706519285
-9999.0 -9999.0 -9999.0 -9999.0 -9999.0 -9999.0 -9999.0 -9999.0 0.4815914196993686 0.4815169251920203 0.481442430684672 0.48136793617732376 0.48178747227978375 0.4827351382671406 0.48368280425449584 0.48463047024185113 0.48557813622920637 0.48652580221656166 0.4874734682039169 0.48842113419127214 0.48936880017862744 0.4903164661659827 0.4912641321533379 0.4922117981406932 0.49315946412804845 0.4941071301154037 0.4950547961027606 0.49600246209011584 0.49695012807747113 0.49789779406482637 0.4988454600521816 0.4997931260395369 0.5007407920268921 0.5016884580142474 0.5026361240016026 0.5035837899889579 0.5045314559763132 0.5054791219636684 0.5064267879510237 0.5073744539383805 0.5083221199257358 0.5092697859130911 0.5091627935308702 0.5079283475153243
-9999.0 -9999.0 -9999.0 -9999.0 -9999.0 -9999.0 -9999.0 -9999.0 0.48079285702486246 0.4806740953234998 0.48055533362213715 0.4804365719207745 0.48083274383040064 0.4817793914055055 0.48272603898060873 0.483672686555712 0.48461933413081526 0.4855659817059185 0.48651262928102174 0.487459276856125 0.48840592443122827 0.48935257200633153 0.4902992195814348 0.491245867156538 0.4921925147316413 0.49313916230674454 0.4940858098818494 0.4950324574569526 0.4959791050320559 0.49692575260715915 0.4978724001822624 0.49881904775736563 0.4997656953324689 0.5007123429075722 0.5016589904826754 0.5026056380577787 0.5035522856328819 0.5044989332079852 0.5054455807830884 0.5063922283581933 0.5073388759332965 0.5082855235083998 0.5081772442547087 0.5069412243787208
-9999.0 -9999.0 -9999.0 -9999.0 -9999.0 -9999.0 -9999.0 0.4801573232457334 0.4799942943503564 0.47983126545497934 0.47966823655960233 0.4795052076642253 0.4798780153810176 0.48082364454387044 0.48176927370672173 0.48271490286957297 0.4836605320324242 0.48460616119527544 0.4855517903581267 0.48649741952097797 0.4874430486838292 0.48838867784668044 0.4893343070095317 0.4902799361723829 0.4912255653352342 0.49217119449808544 0.4931168236609383 0.4940624528237895 0.49500808198664076 0.49595371114949205 0.4968993403123433 0.4978449694751945 0.49879059863804576 0.499736227800897 0.5006818569637482 0.5016274861265995 0.5025731152894507 0.503518744452302 0.5044643736151533 0.5054100027780061 0.5063556319408573 0.5073012611037085 0.5071916949785472 0.5059541012421173
-9999.0 -9999.0 -9999.0 -9999.0 -9999.0 -9999.0 -9999.0 0.47940302776524174 0.47919573167585033 0.47898843558645887 0.47878113949706746 0.47857384340767606 0.47892328693163455 0.4798678976822354 0.4808125084328347 0.4817571191834339 0.48270172993403315 0.4836463406846324 0.4845909514352316 0.4855355621858309 0.4864801729364301 0.48742478368702935 0.4883693944376286 0.4893140051882278 0.4902586159388271 0.49120322668942634 0.49214783744002716 0.4930924481906264 0.4940370589412256 0.4949816696918249 0.49592628044242415 0.49687089119302336 0.4978155019436226 0.4987601126942219 0.4997047234448211 0.5006493341954203 0.5015939449460196 0.5025385556966189 0.503483166447218 0.504427777197819 0.5053723879484182 0.5063169986990174 0.5062061457023858 0.5049669781055138
-9999.0 -9999.0 -9999.0 -9999.0 -9999.0 -9999.0 -9999.0 0.4786487322847501 0.47839716900134427 0.47814560571793846 0.47789404243453265 0.4776424791511268 0.47796855848225156 0.4789121508206004 0.47985574315894763 0.48079933549729487 0.4817429278356421 0.48268652017398933 0.48363011251233656 0.4845737048506838 0.485517297189031 0.48646088952737826 0.4874044818657255 0.4883480742040727 0.48929166654241996 0.4902352588807672 0.4911788512191161 0.4921224435574633 0.49306603589581055 0.4940096282341578 0.494953220572505 0.49589681291085225 0.4968404052491995 0.4977839975875467 0.49872758992589394 0.4996711822642412 0.5006147746025884 0.5015583669409357 0.5025019592792829 0.5034455516176317 0.504389143955979 0.5053327362943262 0.5052205964262243 0.5039798549689103
-9999.0 -9999.0 -9999.0 -9999.0 -9999.0 -9999.0 0.47819026728167857 0.47789443680425836 0.47759860632683815 0.47730277584941794 0.4770069453719977 0.4767111148945775 0.47701383003286846 0.47795640395896527 0.47889897788506053 0.47984155181115573 0.480784125737251 0.4817266996633462 0.48266927358944145 0.48361184751553665 0.4845544214416319 0.4854969953677271 0.4864395692938223 0.4873821432199176 0.4883247171460128 0.48926729107210803 0.49020986499820485 0.4911524389243001 0.4920950128503953 0.49303758677649057 0.49398016070258577 0.494922734628681 0.49586530855477623 0.4968078824808715 0.4977504564069667 0.49869303033306195 0.49963560425915715 0.5005781781852524 0.5015207521113476 0.5024633260374445 0.5034058999635397 0.5043484738896349 0.5042350471500627 0.5029927318323067
-9999.0 -9999.0 -9999.0 -9999.0 -9999.0 -9999.0 -9999.0 0.4771401413237661 0.4768000436523314 0.4764599459808968 0.4761198483094622 0.4757797506380275 0.47605910158348463 0.4770006570973295 0.4779422126111727 0.47888376812501593 0.47982532363885916 0.4807668791527024 0.48170843466654556 0.4826499901803888 0.483591545694232 0.48453310120807525 0.4854746567219185 0.4864162122357617 0.48735776774960493 0.48829932326344816 0.489240878777293 0.4901824342911362 0.4911239898049794 0.49206554531882263 0.49300710083266586 0.4939486563465091 0.4948902118603523 0.49583176737419554 0.49677332288803877 0.497714878401882 0.49865643391572523 0.49959798942956846 0.5005395449434117 0.5014811004572565 0.5024226559710997 0.5033642114849429 0.5032494978739005 0.5020056086957025
-9999.0 -9999.0 -9999.0 -9999.0 -9999.0 -9999.0 -9999.0 -9999.0 0.4760014809778253 0.4756171161123763 0.47523275124692727 0.47484838638147825 0.47510437313410153 0.47604491023569434 0.4769854473372856 0.4779259844388768 0.478866521540468 0.47980705864205925 0.48074759574365045 0.48168813284524165 0.4826286699468329 0.4835692070484241 0.4845097441500153 0.48545028125160655 0.48639081835319775 0.48733135545478895 0.48827189255638176 0.489212429657973 0.4901529667595642 0.4910935038611554 0.49203404096274667 0.49297457806433786 0.49391511516592906 0.4948556522675203 0.4957961893691115 0.4967367264707027 0.4976772635722939 0.49861780067388517 0.49955833777547637 0.5004988748770692 0.5014394119786604 0.5023799490802516 0.5022639485977389 0.5010184855590989
-9999.0 -9999.0 -9999.0 -9999.0 -9999.0 -9999.0 -9999.0 -9999.0 -9999.0 0.47477428624385587 0.47434565418439245 0.47391702212492903 0.47414964468471854 0.4750891633740593 0.47602868206339854 0.47696820075273777 0.47790771944207694 0.47884723813141616 0.4797867568207554 0.4807262755100946 0.4816657941994338 0.482605312888773 0.48354483157811223 0.48448435026745146 0.4854238689567906 0.48636338764612985 0.4873029063354707 0.48824242502480986 0.4891819437141491 0.4901214624034883 0.49106098109282753 0.4920004997821667 0.4929400184715059 0.49387953716084515 0.4948190558501844 0.49575857453952354 0.49669809322886277 0.497637611918202 0.4985771306075412 0.499516649296882 0.5004561679862213 0.5013956866755604 0.5012783993215775 0.5000313624224955
-9999.0 -9999.0 -9999.0 -9999.0 -9999.0 -9999.0 -9999.0 -9999.0 -9999.0 -9999.0 0.4734585571218576 0.4729856578683798 0.4731949162353355 0.4741334165124243 0.4750719167895115 0.4760104170665987 0.4769489173436859 0.47788741762077314 0.47882591789786033 0.4797644181749475 0.4807029184520347 0.4816414187291219 0.4825799190062091 0.48351841928329636 0.48445691956038356 0.48539541983747075 0.48633392011455956 0.48727242039164675 0.48821092066873395 0.4891494209458212 0.4900879212229084 0.4910264214999956 0.4919649217770828 0.49290342205417 0.4938419223312572 0.49478042260834443 0.4957189228854316 0.4966574231625188 0.497595923439606 0.4985344237166948 0.499472923993782 0.5004114242708693 0.500292850045416 0.499044239285892
