Figures/CREST_Example_wjb_NSE/PETs/wjb.pet.20100319.asc
ncols            288
nrows            254
xllcorner        113.274861
yllcorner        31.4918055
cellsize         0.008333333333
NODATA_value     -9999
[rows 60 to 79 of 254, columns 0 to 43 of 288]
-9999.0 -9999.0 -9999.0 -9999.0 -9999.0 -9999.0 -9999.0 -9999.0 -9999.0 -9999.0 -9999.0 2.6303084064033477 2.6305672849449193 2.629118452967068 2.6276696209892183 2.626220789011369 2.62477195703352 2.623323125055671 2.6218742930778216 2.620425461099972 2.618976629122123 2.6175277971442736 2.6160789651664245 2.614630133188575 2.6131813012107257 2.6117324692328765 2.6102836372550247 2.6088348052771755 2.6073859732993263 2.605937141321477 2.6044883093436275 2.6030394773657783 2.601590645387929 2.60014181341008 2.598692981432231 2.597244149454381 2.595795317476532 2.594346485498683 2.5928976535208337 2.591448821542982 2.5899999895651327 2.5885511575872835 2.5878673230352485 2.588001288021054
-9999.0 -9999.0 -9999.0 -9999.0 -9999.0 -9999.0 -9999.0 -9999.0 -9999.0 2.6275479415253713 2.629424177870834 2.6313004142162963 2.631638539302747 2.6303323886984775 2.62902623809421 2.6277200874899425 2.626413936885675 2.625107786281408 2.6238016356771405 2.6224954850728732 2.6211893344686055 2.619883183864338 2.618577033260071 2.6172708826558035 2.6159647320515362 2.6146585814472685 2.613352430842999 2.6120462802387316 2.6107401296344643 2.609433979030197 2.6081278284259293 2.606821677821662 2.6055155272173947 2.6042093766131273 2.60290322600886 2.6015970754045923 2.600290924800325 2.5989847741960577 2.5976786235917904 2.596372472987521 2.595066322383253 2.5937601717789858 2.5931170998857778 2.5931828741208798
-9999.0 -9999.0 -9999.0 -9999.0 -9999.0 -9999.0 -9999.0 -9999.0 -9999.0 2.628500134429834 2.63039627822954 2.6322924220292454 2.632709793660575 2.631546324429887 2.6303828551992017 2.6292193859685162 2.628055916737831 2.626892447507145 2.6257289782764595 2.624565509045774 2.6234020398150886 2.622238570584403 2.6210751013537177 2.6199116321230322 2.6187481628923464 2.617584693661661 2.6164212244309737 2.615257755200288 2.6140942859696024 2.612930816738917 2.6117673475082315 2.610603878277546 2.6094404090468606 2.6082769398161747 2.6071134705854893 2.605950001354804 2.6047865321241184 2.603623062893433 2.6024595936627475 2.60129612443206 2.6001326552013744 2.598969185970689 2.5983668767363075 2.598364460220706
-9999.0 -9999.0 -9999.0 -9999.0 -9999.0 -9999.0 -9999.0 -9999.0 -9999.0 2.6294523273342976 2.631368378588246 2.6332844298421945 2.633781048018402 2.6327602601612967 2.631739472304193 2.6307186844470896 2.629697896589986 2.6286771087328824 2.627656320875779 2.626635533018675 2.6256147451615712 2.6245939573044677 2.623573169447364 2.6225523815902605 2.621531593733157 2.6205108058760533 2.6194900180189475 2.618469230161844 2.6174484423047404 2.616427654447637 2.6154068665905332 2.6143860787334297 2.613365290876326 2.612344503019222 2.6113237151621185 2.610302927305015 2.6092821394479113 2.6082613515908077 2.607240563733704 2.606219775876599 2.605198988019495 2.604178200162391 2.6036166535868364 2.6035460463205324
-9999.0 -9999.0 -9999.0 -9999.0 -9999.0 -9999.0 -9999.0 -9999.0 2.6284685615305694 2.6304045202387605 2.632340478946952 2.634276437655143 2.63485230237623 2.6339741958927068 2.633096089409185 2.632217982925663 2.631339876442141 2.6304617699586195 2.6295836634750978 2.628705556991576 2.6278274505080543 2.626949344024532 2.6260712375410105 2.6251931310574887 2.624315024573967 2.6234369180904453 2.622558811606922 2.6216807051234 2.6208025986398784 2.6199244921563567 2.619046385672835 2.6181682791893133 2.6172901727057916 2.6164120662222694 2.6155339597387477 2.614655853255226 2.6137777467717043 2.6128996402881826 2.612021533804661 2.6111434273211374 2.6102653208376156 2.609387214354094 2.6088664304373657 2.6087276324203583
-9999.0 -9999.0 -9999.0 -9999.0 -9999.0 -9999.0 -9999.0 -9999.0 2.6294008469807895 2.631356713143224 2.6333125793056578 2.635268445468092 2.6359235567340575 2.6351881316241164 2.6344527065141765 2.6337172814042367 2.632981856294297 2.6322464311843565 2.6315110060744167 2.630775580964477 2.630040155854537 2.629304730744597 2.6285693056346573 2.6278338805247174 2.627098455414777 2.6263630303048373 2.625627605194896 2.6248921800849563 2.6241567549750164 2.6234213298650766 2.6226859047551367 2.621950479645197 2.6212150545352566 2.6204796294253168 2.619744204315377 2.619008779205437 2.618273354095497 2.6175379289855574 2.6168025038756175 2.6160670787656763 2.615331653655736 2.614596228545796 2.614116207287895 2.613909218520184
-9999.0 -9999.0 -9999.0 -9999.0 -9999.0 -9999.0 -9999.0 -9999.0 2.6303331324310104 2.6323089060476876 2.634284679664365 2.6362604532810416 2.636994811091886 2.6364020673555273 2.6358093236191693 2.6352165798828113 2.6346238361464533 2.6340310924100954 2.6334383486737374 2.63284560493738 2.632252861201022 2.631660117464664 2.631067373728306 2.630474629991948 2.62988188625559 2.6292891425192324 2.6286963987828735 2.6281036550465156 2.6275109113101576 2.6269181675737996 2.6263254238374416 2.6257326801010836 2.625139936364726 2.624547192628368 2.62395444889201 2.623361705155652 2.622768961419294 2.622176217682936 2.6215834739465786 2.6209907302102193 2.620397986473862 2.619805242737504 2.619365984138429 2.619090804620015
-9999.0 -9999.0 -9999.0 -9999.0 -9999.0 -9999.0 -9999.0 -9999.0 2.631265417881231 2.6332610989521505 2.6352567800230706 2.6372524610939907 2.6380660654497134 2.637616003086937 2.6371659407241608 2.6367158783613847 2.6362658159986085 2.635815753635833 2.6353656912730568 2.6349156289102806 2.6344655665475045 2.6340155041847284 2.6335654418219523 2.6331153794591766 2.6326653170964005 2.6322152547336244 2.6317651923708474 2.6313151300080717 2.6308650676452956 2.6304150052825195 2.6299649429197434 2.6295148805569672 2.629064818194191 2.6286147558314155 2.6281646934686393 2.6277146311058632 2.627264568743087 2.626814506380311 2.626364444017535 2.6259143816547583 2.625464319291982 2.625014256929206 2.624615760988958 2.6242723907198413
-9999.0 -9999.0 -9999.0 -9999.0 -9999.0 -9999.0 -9999.0 2.630182114806288 2.632197703331451 2.634213291856614 2.636228880381777 2.6382444689069398 2.639137319807541 2.6388299388183465 2.6385225578291522 2.6382151768399584 2.637907795850764 2.63760041486157 2.6372930338723757 2.6369856528831814 2.636678271893987 2.6363708909047934 2.636063509915599 2.635756128926405 2.6354487479372106 2.6351413669480164 2.6348339859588217 2.6345266049696274 2.6342192239804336 2.6339118429912394 2.633604462002045 2.633297081012851 2.6329897000236566 2.632682319034463 2.6323749380452686 2.6320675570560743 2.63176017606688 2.631452795077686 2.6311454140884916 2.630838033099297 2.630530652110103 2.630223271120909 2.6298655378394873 2.629453976819667
-9999.0 -9999.0 -9999.0 -9999.0 -9999.0 -9999.0 -9999.0 2.6310944928022657 2.633129988781671 2.635165484761077 2.6372009807404826 2.6392364767198884 2.640208574165369 2.640043874549756 2.639879174934144 2.6397144753185318 2.6395497757029194 2.639385076087307 2.6392203764716946 2.6390556768560827 2.6388909772404703 2.638726277624858 2.6385615780092455 2.638396878393633 2.6382321787780207 2.638067479162409 2.637902779546796 2.6377380799311836 2.6375733803155716 2.6374086806999593 2.637243981084347 2.6370792814687345 2.636914581853122 2.63674988223751 2.636585182621898 2.6364204830062854 2.636255783390673 2.6360910837750606 2.6359263841594482 2.635761684543836 2.6355969849282235 2.635432285312611 2.6351153146900166 2.634635562919493
-9999.0 -9999.0 -9999.0 -9999.0 -9999.0 -9999.0 -9999.0 2.632006870798243 2.6340622742318915 2.63611767766554 2.638173081099189 2.6402284845328374 2.6412798285231966 2.641257810281166 2.6412357920391356 2.641213773797105 2.6411917555550746 2.641169737313044 2.641147719071014 2.6411257008289835 2.641103682586953 2.6410816643449224 2.641059646102892 2.641037627860862 2.6410156096188313 2.640993591376801 2.6409715731347703 2.6409495548927397 2.6409275366507092 2.640905518408679 2.6408835001666486 2.640861481924618 2.6408394636825876 2.640817445440557 2.640795427198527 2.6407734089564965 2.640751390714466 2.6407293724724354 2.640707354230405 2.6406853359883744 2.6406633177463443 2.640641299504314 2.640365091540546 2.6398171490193194
-9999.0 -9999.0 -9999.0 -9999.0 -9999.0 -9999.0 2.6308439379063286 2.63291924879422 2.6349945596821116 2.637069870570003 2.6391451814578946 2.641220492345786 2.642351082881024 2.6424717460125757 2.642592409144127 2.642713072275679 2.64283373540723 2.6429543985387816 2.643075061670333 2.6431957248018842 2.643316387933436 2.6434370510649874 2.6435577141965387 2.64367837732809 2.643799040459642 2.643919703591193 2.6440403667227446 2.6441610298542964 2.6442816929858477 2.644402356117399 2.6445230192489504 2.644643682380502 2.6447643455120535 2.644885008643605 2.645005671775156 2.645126334906708 2.6452469980382594 2.6453676611698107 2.645488324301362 2.645608987432914 2.645729650564465 2.6458503136960165 2.6456148683910756 2.6449987351191457
-9999.0 -9999.0 -9999.0 -9999.0 -9999.0 -9999.0 -9999.0 2.633831626790198 2.6359268451323326 2.6380220634744673 2.6401172818166017 2.642212500158736 2.6434223372388526 2.6436856817439867 2.64394902624912 2.6442123707542535 2.6444757152593867 2.6447390597645204 2.6450024042696536 2.6452657487747873 2.6455290932799205 2.645792437785054 2.6460557822901873 2.646319126795321 2.646582471300454 2.646845815805588 2.6471091603107215 2.647372504815855 2.6476358493209884 2.647899193826122 2.6481625383312553 2.648425882836389 2.648689227341522 2.648952571846656 2.649215916351789 2.6494792608569226 2.649742605362056 2.6500059498671895 2.6502692943723227 2.650532638877457 2.65079598338259 2.6510593278877237 2.650864645241609 2.650180321218976
-9999.0 -9999.0 -9999.0 -9999.0 -9999.0 -9999.0 -9999.0 -9999.0 2.636859130582553 2.6389742563789302 2.6410893821753074 2.643204507971685 2.6444935915966803 2.6448996174753963 2.6453056433541113 2.645711669232827 2.6461176951115424 2.6465237209902575 2.646929746868973 2.647335772747688 2.6477417986264036 2.6481478245051187 2.648553850383834 2.6489598762625493 2.6493659021412648 2.64977192801998 2.650177953898696 2.6505839797774113 2.6509900056561264 2.651396031534842 2.651802057413557 2.6522080832922725 2.6526141091709876 2.653020135049703 2.653426160928418 2.6538321868071337 2.654238212685849 2.6546442385645643 2.6550502644432794 2.6554562903219954 2.655862316200711 2.656268342079426 2.656114422092138 2.655361907318802
-9999.0 -9999.0 -9999.0 -9999.0 -9999.0 -9999.0 -9999.0 -9999.0 -9999.0 2.639926449283393 2.6420614825340136 2.6441965157846337 2.645564845954508 2.646113553206806 2.6466622604591032 2.6472109677114 2.6477596749636976 2.6483083822159945 2.648857089468292 2.649405796720589 2.6499545039728862 2.650503211225183 2.6510519184774806 2.6516006257297775 2.652149332982075 2.652698040234372 2.65324674748667 2.6537954547389675 2.6543441619912644 2.654892869243562 2.6554415764958588 2.655990283748156 2.656538991000453 2.6570876982527505 2.6576364055050474 2.658185112757345 2.6587338200096418 2.659282527261939 2.659831234514236 2.6603799417665344 2.6609286490188313 2.6614773562711287 2.6613641989426675 2.660543493418628
-9999.0 -9999.0 -9999.0 -9999.0 -9999.0 -9999.0 -9999.0 -9999.0 -9999.0 -9999.0 2.6430335828927194 2.6451885235975827 2.6466361003123353 2.647327488938216 2.6480188775640947 2.648710266189974 2.6494016548158528 2.650093043441732 2.650784432067611 2.65147582069349 2.652167209319369 2.652858597945248 2.6535499865711274 2.654241375197006 2.6549327638228855 2.6556241524487643 2.6563155410746444 2.6570069297005237 2.657698318326403 2.6583897069522817 2.659081095578161 2.6597724842040398 2.660463872829919 2.661155261455798 2.661846650081677 2.662538038707556 2.663229427333435 2.6639208159593144 2.664612204585193 2.6653035932110734 2.6659949818369526 2.6666863704628314 2.6666139757931973 2.6657250795184546
-9999.0 -9999.0 -9999.0 -9999.0 -9999.0 -9999.0 -9999.0 -9999.0 -9999.0 -9999.0 -9999.0 2.6461805314105313 2.647707354670163 2.6485414246696255 2.649375494669086 2.6502095646685473 2.6510436346680084 2.651877704667469 2.65271177466693 2.653545844666391 2.654379914665852 2.6552139846653127 2.656048054664774 2.6568821246642345 2.6577161946636956 2.6585502646631567 2.6593843346626187 2.66021840466208 2.6610524746615405 2.6618865446610016 2.6627206146604627 2.6635546846599234 2.6643887546593845 2.665222824658845 2.6660568946583063 2.666890964657767 2.667725034657228 2.6685591046566888 2.66939317465615 2.6702272446556123 2.671061314655073 2.671895384654534 2.6718637526437266 2.6709066656182805
-9999.0 -9999.0 -9999.0 -9999.0 -9999.0 -9999.0 -9999.0 -9999.0 -9999.0 -9999.0 -9999.0 2.6471725392234804 2.648778609027991 2.649755360401035 2.650732111774078 2.6517088631471206 2.6526856145201636 2.653662365893206 2.654639117266249 2.655615868639292 2.6565926200123346 2.6575693713853776 2.65854612275842 2.659522874131463 2.6604996255045057 2.6614763768775487 2.662453128250593 2.663429879623636 2.6644066309966785 2.6653833823697215 2.666360133742764 2.667336885115807 2.66831363648885 2.6692903878618925 2.6702671392349355 2.671243890607978 2.672220641981021 2.6731973933540636 2.6741741447271066 2.675150896100151 2.676127647473194 2.6771043988462364 2.6771135294942554 2.6760882517181064
-9999.0 -9999.0 -9999.0 -9999.0 -9999.0 -9999.0 -9999.0 -9999.0 -9999.0 -9999.0 -9999.0 2.6481645470364295 2.6498498633858185 2.6509692961324447 2.6520887288790695 2.6532081616256944 2.654327594372319 2.6554470271189436 2.656566459865568 2.657685892612193 2.6588053253588173 2.659924758105442 2.661044190852067 2.6621636235986914 2.6632830563453163 2.6644024890919407 2.6655219218385673 2.666641354585192 2.6677607873318165 2.6688802200784414 2.669999652825066 2.6711190855716906 2.6722385183183155 2.67335795106494 2.6744773838115647 2.675596816558189 2.676716249304814 2.6778356820514384 2.6789551147980633 2.68007454754469 2.6811939802913143 2.682313413037939 2.6823633063447847 2.6812698378179327
-9999.0 -9999.0 -9999.0 -9999.0 -9999.0 -9999.0 -9999.0 -9999.0 -9999.0 -9999.0 -9999.0 -9999.0 2.6509211177436467 2.6521832318638556 2.6534453459840623 2.654707460104269 2.6559695742244758 2.6572316883446825 2.6584938024648888 2.6597559165850955 2.661018030705302 2.662280144825509 2.6635422589457156 2.6648043730659223 2.666066487186129 2.6673286013063358 2.6685907154265442 2.669852829546751 2.6711149436669577 2.6723770577871644 2.673639171907371 2.674901286027578 2.6761634001477845 2.6774255142679912 2.6786876283881975 2.6799497425084042 2.681211856628611 2.6824739707488177 2.6837360848690244 2.6849981989892333 2.68626031310944 2.6875224272296463 2.687613083195319 2.6864514239177635
