Figures/CREST_Example_wjb_NSE/PETs/wjb.pet.20100131.asc
ncols            288
nrows            254
xllcorner        113.274861
yllcorner        31.4918055
cellsize         0.008333333333
NODATA_value     -9999
[rows 20 to 39 of 254, columns 0 to 43 of 288]
-9999.0 -9999.0 -9999.0 -9999.0 -9999.0 -9999.0 -9999.0 -9999.0 -9999.0 -9999.0 -9999.0 -9999.0 -9999.0 -9999.0 -9999.0 -9999.0 -9999.0 -9999.0 -9999.0 -9999.0 -9999.0 -9999.0 -9999.0 0.7243849735975273 0.7269702186107115 0.7295554636238957 0.7321407086370844 0.7347259536502685 0.7373111986634527 0.7398964436766369 0.7424816886898211 0.7450669337030054 0.7476521787161895 0.7502374237293737 0.7528226687425579 0.7554079137557421 0.7579931587689264 0.7605784037821105 0.7631636487952947 0.7657488938084833 0.7683341388216676 0.7709193838348517 0.7727949122728002 0.773911737651575
-9999.0 -9999.0 -9999.0 -9999.0 -9999.0 -9999.0 -9999.0 -9999.0 -9999.0 -9999.0 -9999.0 -9999.0 -9999.0 -9999.0 -9999.0 -9999.0 -9999.0 -9999.0 -9999.0 -9999.0 -9999.0 -9999.0 0.7241885263361112 0.7268161620700011 0.7294437978038911 0.732071433537781 0.7346990692716755 0.7373267050055654 0.7399543407394553 0.7425819764733452 0.7452096122072351 0.7478372479411252 0.7504648836750151 0.753092519408905 0.7557201551427949 0.7583477908766849 0.7609754266105748 0.7636030623444647 0.7662306980783546 0.7688583338122491 0.771485969546139 0.7741136052800289 0.7760337822098119 0.7771976696887855
-9999.0 -9999.0 -9999.0 -9999.0 -9999.0 -9999.0 -9999.0 -9999.0 -9999.0 -9999.0 -9999.0 -9999.0 -9999.0 -9999.0 -9999.0 -9999.0 -9999.0 -9999.0 -9999.0 -9999.0 -9999.0 -9999.0 -9999.0 0.729247350542475 0.7319173769970707 0.7345874034516664 0.7372574299062666 0.7399274563608622 0.7425974828154579 0.7452675092700536 0.7479375357246493 0.7506075621792448 0.7532775886338405 0.7559476150884362 0.7586176415430319 0.7612876679976275 0.7639576944522232 0.7666277209068189 0.7692977473614145 0.7719677738160147 0.7746378002706104 0.777307826725206 0.7792726521468234 0.7804836017259957
-9999.0 -9999.0 -9999.0 -9999.0 -9999.0 -9999.0 -9999.0 -9999.0 -9999.0 -9999.0 -9999.0 -9999.0 -9999.0 -9999.0 -9999.0 -9999.0 -9999.0 -9999.0 -9999.0 -9999.0 -9999.0 -9999.0 0.7289661218396475 0.731678539014949 0.7343909561902503 0.7371033733655518 0.7398157905408578 0.7425282077161591 0.7452406248914605 0.7479530420667619 0.7506654592420633 0.7533778764173646 0.7560902935926661 0.7588027107679675 0.7615151279432689 0.7642275451185703 0.7669399622938716 0.7696523794691731 0.7723647966444744 0.7750772138197805 0.7777896309950818 0.7805020481703833 0.7825115220838351 0.7837695337632062
-9999.0 -9999.0 -9999.0 -9999.0 -9999.0 -9999.0 -9999.0 -9999.0 -9999.0 -9999.0 -9999.0 -9999.0 -9999.0 -9999.0 -9999.0 -9999.0 -9999.0 -9999.0 -9999.0 -9999.0 -9999.0 -9999.0 0.7313549195914157 0.7341097274874229 0.73686453538343 0.7396193432794371 0.7423741511754489 0.745128959071456 0.7478837669674632 0.7506385748634703 0.7533933827594774 0.7561481906554846 0.7589029985514917 0.7616578064474988 0.7644126143435059 0.7671674222395131 0.7699222301355202 0.7726770380315273 0.7754318459275344 0.7781866538235462 0.7809414617195534 0.7836962696155605 0.7857503920208468 0.7870554658004167
-9999.0 -9999.0 -9999.0 -9999.0 -9999.0 -9999.0 -9999.0 -9999.0 -9999.0 -9999.0 -9999.0 -9999.0 -9999.0 -9999.0 -9999.0 -9999.0 -9999.0 -9999.0 -9999.0 -9999.0 -9999.0 -9999.0 0.7337437173431839 0.7365409159598968 0.7393381145766096 0.7421353131933225 0.74493251181004 0.747729710426753 0.7505269090434658 0.7533241076601787 0.7561213062768914 0.7589185048936044 0.7617157035103173 0.76451290212703 0.767310100743743 0.7701072993604557 0.7729044979771686 0.7757016965938814 0.7784988952105943 0.7812960938273119 0.7840932924440248 0.7868904910607377 0.7889892619578585 0.7903413978376272
-9999.0 -9999.0 -9999.0 -9999.0 -9999.0 -9999.0 -9999.0 -9999.0 -9999.0 -9999.0 -9999.0 -9999.0 -9999.0 -9999.0 -9999.0 -9999.0 0.7190949790704405 0.7219345684078591 0.7247741577452776 0.7276137470826962 0.7304533364201149 0.7332929257575335 0.736132515094952 0.7389721044323706 0.7418116937697892 0.7446512831072077 0.7474908724446312 0.7503304617820498 0.7531700511194683 0.756009640456887 0.7588492297943056 0.7616888191317241 0.7645284084691427 0.7673679978065613 0.77020758714398 0.7730471764813985 0.7758867658188171 0.7787263551562357 0.7815659444936542 0.7844055338310777 0.7872451231684963 0.7900847125059148 0.7922281318948702 0.7936273298748376
-9999.0 -9999.0 -9999.0 -9999.0 -9999.0 -9999.0 -9999.0 -9999.0 -9999.0 -9999.0 -9999.0 -9999.0 -9999.0 -9999.0 -9999.0 -9999.0 0.7212294324979761 0.7241114125561005 0.7269933926142248 0.7298753726723493 0.7327573527304736 0.7356393327885979 0.7385213128467223 0.7414032929048466 0.744285272962971 0.7471672530210953 0.7500492330792246 0.7529312131373489 0.7558131931954732 0.7586951732535976 0.7615771533117219 0.7644591333698463 0.7673411134279706 0.770223093486095 0.7731050735442193 0.7759870536023437 0.778869033660468 0.7817510137185925 0.7846329937767168 0.787514973834846 0.7903969538929704 0.7932789339510947 0.7954670018318846 0.7969132619120509
-9999.0 -9999.0 -9999.0 -9999.0 -9999.0 -9999.0 -9999.0 -9999.0 -9999.0 -9999.0 -9999.0 -9999.0 -9999.0 -9999.0 -9999.0 0.7197936351874031 0.7227593408424997 0.7257250464975964 0.7286907521526931 0.7316564578077897 0.7346221634628863 0.737587869117983 0.7405535747730797 0.7435192804281763 0.746484986083273 0.7494506917383696 0.7524163973934713 0.755382103048568 0.7583478087036646 0.7613135143587613 0.764279220013858 0.7672449256689546 0.7702106313240512 0.7731763369791479 0.7761420426342446 0.7791077482893412 0.7820734539444378 0.7850391595995345 0.7880048652546312 0.7909705709097329 0.7939362765648295 0.7969019822199261 0.7991249059423255 0.8005537789911176
-9999.0 -9999.0 -9999.0 -9999.0 -9999.0 -9999.0 -9999.0 -9999.0 -9999.0 -9999.0 -9999.0 -9999.0 -9999.0 -9999.0 -9999.0 0.7205494129867179 0.723643028615 0.726736644243282 0.729830259871564 0.7329238754998461 0.7360174911281282 0.7391111067564102 0.7422047223846923 0.7452983380129743 0.7483919536412564 0.7514855692695385 0.7545791848978257 0.7576728005261079 0.7607664161543899 0.7638600317826719 0.766953647410954 0.7700472630392361 0.7731408786675181 0.7762344942958002 0.7793281099240822 0.7824217255523642 0.7855153411806464 0.7886089568089284 0.7917025724372104 0.7947961880654978 0.7978898036937798 0.8009834193220619 0.8032307311604905 0.8045733251203226
-9999.0 -9999.0 -9999.0 -9999.0 -9999.0 -9999.0 -9999.0 -9999.0 -9999.0 -9999.0 -9999.0 -9999.0 -9999.0 -9999.0 -9999.0 0.7213051907860326 0.7245267163875 0.7277482419889675 0.730969767590435 0.7341912931919025 0.7374128187933698 0.7406343443948373 0.7438558699963048 0.7470773955977722 0.7502989211992397 0.7535204468007072 0.7567419724021801 0.7599634980036476 0.763185023605115 0.7664065492065825 0.76962807480805 0.7728496004095173 0.7760711260109848 0.7792926516124523 0.7825141772139198 0.7857357028153872 0.7889572284168547 0.7921787540183222 0.7954002796197897 0.7986218052212626 0.80184333082273 0.8050648564241975 0.8073365563786554 0.8085928712495277
-9999.0 -9999.0 -9999.0 -9999.0 -9999.0 -9999.0 -9999.0 -9999.0 -9999.0 -9999.0 -9999.0 -9999.0 -9999.0 -9999.0 -9999.0 0.7220609685853474 0.7254104041600002 0.7287598397346531 0.7321092753093059 0.7354587108839589 0.7388081464586117 0.7421575820332645 0.7455070176079174 0.7488564531825702 0.7522058887572232 0.755555324331876 0.7589047599065346 0.7622541954811874 0.7656036310558403 0.7689530666304931 0.772302502205146 0.7756519377797988 0.7790013733544517 0.7823508089291046 0.7857002445037574 0.7890496800784103 0.7923991156530632 0.795748551227716 0.7990979868023689 0.8024474223770275 0.8057968579516803 0.8091462935263332 0.8114423815968204 0.8126124173787329
-9999.0 -9999.0 -9999.0 -9999.0 -9999.0 -9999.0 -9999.0 -9999.0 -9999.0 -9999.0 -9999.0 -9999.0 -9999.0 -9999.0 0.7193394008368238 0.7228167463846621 0.7262940919325004 0.7297714374803386 0.7332487830281769 0.7367261285760152 0.7402034741238535 0.7436808196716916 0.7471581652195299 0.7506355107673682 0.7541128563152065 0.7575902018630447 0.761067547410889 0.7645448929587272 0.7680222385065655 0.7714995840544038 0.774976929602242 0.7784542751500803 0.7819316206979186 0.7854089662457568 0.788886311793595 0.7923636573414333 0.7958410028892716 0.7993183484371099 0.8027956939849481 0.8062730395327924 0.8097503850806306 0.8132277306284689 0.8155482068149853 0.8166319635079381
-9999.0 -9999.0 -9999.0 -9999.0 -9999.0 -9999.0 -9999.0 -9999.0 -9999.0 -9999.0 -9999.0 -9999.0 -9999.0 -9999.0 0.7199672686629537 0.7235725241839774 0.7271777797050013 0.7307830352260251 0.7343882907470488 0.7379935462680726 0.7415988017890963 0.7452040573101202 0.7488093128311439 0.7524145683521677 0.7560198238731914 0.7596250793942152 0.7632303349152452 0.7668355904362689 0.7704408459572927 0.7740461014783165 0.7776513569993403 0.781256612520364 0.7848618680413878 0.7884671235624116 0.7920723790834354 0.7956776346044592 0.7992828901254829 0.8028881456465067 0.8064934011675304 0.8100986566885604 0.8137039122095842 0.8173091677306079 0.8196540320331537 0.8206515096371466
-9999.0 -9999.0 -9999.0 -9999.0 -9999.0 -9999.0 -9999.0 -9999.0 -9999.0 -9999.0 -9999.0 -9999.0 -9999.0 -9999.0 0.7205951364890831 0.7243283019832922 0.7280614674775014 0.7317946329717107 0.7355277984659199 0.739260963960129 0.7429941294543382 0.7467272949485474 0.7504604604427565 0.7541936259369657 0.7579267914311749 0.7616599569253841 0.7653931224195996 0.7691262879138088 0.772859453408018 0.7765926189022272 0.7803257843964363 0.7840589498906455 0.7877921153848547 0.7915252808790638 0.795258446373273 0.7989916118674822 0.8027247773616915 0.8064579428559006 0.8101911083501098 0.8139242738443253 0.8176574393385345 0.8213906048327436 0.8237598572513186 0.8246710557663518
-9999.0 -9999.0 -9999.0 -9999.0 -9999.0 -9999.0 -9999.0 -9999.0 -9999.0 -9999.0 -9999.0 -9999.0 -9999.0 -9999.0 0.7212230043152124 0.725084079782607 0.7289451552500016 0.7328062307173961 0.7366673061847907 0.7405283816521854 0.7443894571195799 0.7482505325869745 0.752111608054369 0.7559726835217637 0.7598337589891583 0.7636948344565528 0.767555909923954 0.7714169853913486 0.7752780608587432 0.7791391363261377 0.7830002117935324 0.786861287260927 0.7907223627283215 0.7945834381957161 0.7984445136631106 0.8023055891305053 0.8061666645978999 0.8100277400652944 0.813888815532689 0.8177498910000902 0.8216109664674848 0.8254720419348793 0.8278656824694836 0.828690601895557
-9999.0 -9999.0 -9999.0 -9999.0 -9999.0 -9999.0 -9999.0 -9999.0 -9999.0 -9999.0 -9999.0 -9999.0 -9999.0 0.7178618867007618 0.7218508721413418 0.7258398575819218 0.7298288430225017 0.7338178284630817 0.7378068139036618 0.7417957993442418 0.7457847847848217 0.7497737702254017 0.7537627556659817 0.7577517411065617 0.7617407265471416 0.7657297119877217 0.7697186974283085 0.7737076828688885 0.7776966683094684 0.7816856537500484 0.7856746391906284 0.7896636246312084 0.7936526100717883 0.7976415955123684 0.8016305809529484 0.8056195663935284 0.8096085518341083 0.8135975372746883 0.8175865227152683 0.8215755081558551 0.825564493596435 0.829553479037015 0.8319715076876485 0.8327101480247622
-9999.0 -9999.0 -9999.0 -9999.0 -9999.0 -9999.0 -9999.0 -9999.0 -9999.0 -9999.0 -9999.0 -9999.0 0.7142449491399334 0.7183618445537058 0.7224787399674713 0.7265956353812366 0.730712530795002 0.7348294262087673 0.7389463216225327 0.7430632170362981 0.7471801124500635 0.7512970078638289 0.7554139032775943 0.7595307986913596 0.763647694105125 0.7677645895188905 0.7718814849326628 0.7759983803464282 0.7801152757601937 0.784232171173959 0.7883490665877244 0.7924659620014898 0.7965828574152551 0.8006997528290205 0.804816648242786 0.8089335436565513 0.8130504390703167 0.8171673344840821 0.8212842298978474 0.8254011253116199 0.8295180207253853 0.8336349161391506 0.8360773329058133 0.8367296941539673
-9999.0 -9999.0 -9999.0 -9999.0 -9999.0 -9999.0 -9999.0 -9999.0 -9999.0 -9999.0 -9999.0 -9999.0 -9999.0 0.7188618024066498 0.7231066077936005 0.7273514131805513 0.7315962185675021 0.7358410239544528 0.7400858293414037 0.7443306347283545 0.7485754401153053 0.752820245502256 0.7570650508892068 0.7613098562761577 0.7655546616631084 0.7697994670500592 0.7740442724370172 0.7782890778239681 0.7825338832109188 0.7867786885978696 0.7910234939848204 0.7952682993717712 0.799513104758722 0.8037579101456728 0.8080027155326236 0.8122475209195744 0.8164923263065251 0.820737131693476 0.8249819370804268 0.8292267424673848 0.8334715478543355 0.8377163532412863 0.8401831581239783 0.8407492402831724
-9999.0 -9999.0 -9999.0 -9999.0 -9999.0 -9999.0 -9999.0 -9999.0 -9999.0 -9999.0 -9999.0 -9999.0 -9999.0 0.7193617602595938 0.7237344756197299 0.7281071909798661 0.7324799063400023 0.7368526217001384 0.7412253370602747 0.7455980524204109 0.749970767780547 0.7543434831406832 0.7587161985008195 0.7630889138609557 0.7674616292210918 0.771834344581228 0.7762070599413717 0.7805797753015079 0.7849524906616441 0.7893252060217802 0.7936979213819164 0.7980706367420527 0.8024433521021889 0.806816067462325 0.8111887828224612 0.8155614981825975 0.8199342135427337 0.8243069289028698 0.828679644263006 0.8330523596231497 0.8374250749832859 0.8417977903434221 0.8442889833421432 0.8447687864123776
