Figures/CREST_Example_wjb_NSE/PETs/wjb.pet.20100917.asc
ncols            288
nrows            254
xllcorner        113.274861
yllcorner        31.4918055
cellsize         0.008333333333
NODATA_value     -9999
[rows 80 to 99 of 254, columns 176 to 219 of 288]
2.9304911687208874 2.9300920644708137 2.92969296022074 2.9292938559706663 2.928894751720592 2.9284956474705184 2.928096543220444 2.9276974389703705 2.9272983347202963 2.9268992304702226 2.926500126220149 2.926101021970075 2.9257019177200014 2.9253028134699277 2.924903709219854 2.92450460496978 2.9243731163457007 2.924527714881043 2.924682313416386 2.924836911951729 2.924991510487071 2.925146109022414 2.9253007075577564 2.9254553060930992 2.9256099046284416 2.9257645031637844 2.925919101699127 2.9260737002344697 2.926228298769812 2.926382897305155 -9999.0 -9999.0 -9999.0 -9999.0 -9999.0 -9999.0 -9999.0 -9999.0 -9999.0 -9999.0 -9999.0 -9999.0 -9999.0 -9999.0
2.9311661540091203 2.930712210999001 2.9302582679888816 2.9298043249787624 2.9293503819686433 2.9288964389585237 2.9284424959484037 2.9279885529382845 2.9275346099281654 2.927080666918046 2.9266267239079267 2.9261727808978075 2.9257188378876884 2.925264894877569 2.9248109518674497 2.9243570088573305 2.9241905826905845 2.924331518534936 2.9244724543792873 2.924613390223639 2.9247543260679905 2.924895261912342 2.925036197756693 2.925177133601045 2.9253180694453964 2.925459005289748 2.925599941134099 2.9257408769784505 2.925881812822802 2.9260227486671533 -9999.0 -9999.0 -9999.0 -9999.0 -9999.0 -9999.0 -9999.0 -9999.0 -9999.0 -9999.0 -9999.0 -9999.0 -9999.0 -9999.0
2.931841139297353 2.9313323575271886 2.930823575757024 2.930314793986859 2.9298060122166945 2.9292972304465295 2.928788448676364 2.928279666906199 2.9277708851360345 2.9272621033658695 2.926753321595705 2.92624453982554 2.9257357580553753 2.925226976285211 2.9247181945150458 2.924209412744881 2.9240080490354687 2.924135322188829 2.9242625953421895 2.92438986849555 2.92451714164891 2.92464441480227 2.9247716879556305 2.924898961108991 2.925026234262351 2.925153507415711 2.9252807805690715 2.925408053722432 2.925535326875792 -9999.0 -9999.0 -9999.0 -9999.0 -9999.0 -9999.0 -9999.0 -9999.0 -9999.0 -9999.0 -9999.0 -9999.0 -9999.0 -9999.0 -9999.0
2.932516124585586 2.931952504055376 2.9313888835251656 2.9308252629949556 2.930261642464745 2.9296980219345348 2.9291344014043235 2.9285707808741135 2.928007160343903 2.927443539813693 2.9268799192834827 2.9263162987532723 2.9257526782230623 2.925189057692852 2.9246254371626415 2.9240618166324315 2.923825515380353 2.923939125842722 2.9240527363050908 2.92416634676746 2.924279957229829 2.9243935676921984 2.9245071781545673 2.9246207886169366 2.9247343990793055 2.9248480095416745 2.924961620004044 2.9250752304664127 2.9251888409287816 -9999.0 -9999.0 -9999.0 -9999.0 -9999.0 -9999.0 -9999.0 -9999.0 -9999.0 -9999.0 -9999.0 -9999.0 -9999.0 -9999.0 -9999.0
2.933191109873819 2.9325726505835634 2.9319541912933076 2.9313357320030518 2.930717272712796 2.93009881342254 2.9294803541322834 2.9288618948420275 2.928243435551772 2.9276249762615163 2.9270065169712605 2.9263880576810046 2.925769598390749 2.9251511391004934 2.9245326798102376 2.9239142205199817 2.9236429817252367 2.9237429294966146 2.9238428772679925 2.9239428250393704 2.9240427728107483 2.924142720582126 2.924242668353504 2.924342616124882 2.92444256389626 2.924542511667638 2.9246424594390157 2.9247424072103936 2.9248423549817715 -9999.0 -9999.0 -9999.0 -9999.0 -9999.0 -9999.0 -9999.0 -9999.0 -9999.0 -9999.0 -9999.0 -9999.0 -9999.0 -9999.0 -9999.0
2.933866095162052 2.933192797111751 2.9325194990614496 2.9318462010111483 2.931172902960847 2.930499604910546 2.9298263068602437 2.929153008809942 2.9284797107596408 2.9278064127093395 2.9271331146590382 2.926459816608737 2.9257865185584357 2.9251132205081345 2.9244399224578332 2.923766624407532 2.9234604480701205 2.923546733150507 2.923633018230894 2.9237193033112807 2.9238055883916676 2.923891873472054 2.923978158552441 2.9240644436328274 2.9241507287132142 2.924237013793601 2.9243232988739876 2.9244095839543744 2.924495869034761 2.9245821541151478 -9999.0 -9999.0 2.924841009356308 2.924927294436695 -9999.0 -9999.0 -9999.0 -9999.0 -9999.0 -9999.0 -9999.0 -9999.0 -9999.0 -9999.0
2.9345410804502854 2.9338129436399387 2.9330848068295916 2.932356670019245 2.9316285332088983 2.9309003963985516 2.9301722595882036 2.929444122777857 2.92871598596751 2.927987849157163 2.9272597123468165 2.92653157553647 2.925803438726123 2.925075301915776 2.9243471651054294 2.9236190282950827 2.9232779144150047 2.9233505368044 2.9234231591937956 2.9234957815831915 2.923568403972587 2.9236410263619823 2.923713648751378 2.9237862711407736 2.923858893530169 2.9239315159195645 2.92400413830896 2.9240767606983558 2.924149383087751 2.9242220054771466 2.924294627866542 2.9243672502559375 2.9244398726453333 2.9245124950347288 2.924585117424124 -9999.0 -9999.0 -9999.0 -9999.0 -9999.0 -9999.0 -9999.0 -9999.0 -9999.0
2.9352160657385182 2.9344330901681257 2.9336501145977336 2.9328671390273415 2.932084163456949 2.931301187886557 2.9305182123161635 2.929735236745771 2.928952261175379 2.9281692856049863 2.9273863100345943 2.926603334464202 2.9258203588938096 2.9250373833234176 2.9242544077530255 2.923471432182633 2.9230953807598885 2.923154340458293 2.9232133001566973 2.9232722598551018 2.923331219553506 2.9233901792519106 2.923449138950315 2.923508098648719 2.9235670583471234 2.923626018045528 2.923684977743932 2.9237439374423366 2.923802897140741 2.923861856839145 2.9239208165375494 2.923979776235954 2.9240387359343583 2.9240976956327627 2.924156655331167 -9999.0 -9999.0 -9999.0 -9999.0 -9999.0 -9999.0 -9999.0 -9999.0 -9999.0
2.937204961751209 2.9364080300263606 2.9356110983015125 2.9348141665766647 2.9340172348518165 2.9332203031269684 2.932423371402119 2.9316264396772707 2.9308295079524225 2.9300325762275743 2.9292356445027266 2.9284387127778784 2.92764178105303 2.926844849328182 2.926047917603334 2.9252509858784856 2.9248675798958863 2.9249262422884357 2.924984904680985 2.9250435670735344 2.925102229466084 2.925160891858633 2.9252195542511825 2.925278216643732 2.9253368790362813 2.9253955414288306 2.92545420382138 2.9255128662139294 2.9255715286064787 2.925630190999028 2.9256888533915775 2.925747515784127 2.925806178176676 2.9258648405692256 2.925923502961775 -9999.0 -9999.0 -9999.0 -9999.0 -9999.0 -9999.0 -9999.0 -9999.0 -9999.0
2.9405983454885867 2.9398311585370815 2.9390639715855764 2.9382967846340713 2.9375295976825666 2.9367624107310615 2.9359952237795555 2.9352280368280503 2.934460849876545 2.9336936629250405 2.9329264759735354 2.9321592890220303 2.9313921020705256 2.9306249151190205 2.9298577281675153 2.92909054121601 2.9287292651431227 2.928801916983864 2.9288745688246047 2.928947220665346 2.9290198725060868 2.9290925243468275 2.9291651761875688 2.9292378280283096 2.9293104798690504 2.9293831317097916 2.9294557835505324 2.929528435391273 2.9296010872320144 2.929673739072755 2.929746390913496 2.929819042754237 2.929891694594978 2.9299643464357192 2.93003699827646 2.930109650117201 -9999.0 -9999.0 -9999.0 -9999.0 -9999.0 -9999.0 -9999.0 -9999.0
2.9439917292259636 2.943254287047802 2.9425168448696404 2.9417794026914783 2.9410419605133167 2.9403045183351546 2.9395670761569916 2.9388296339788296 2.938092191800668 2.937354749622506 2.9366173074443442 2.9358798652661826 2.9351424230880205 2.934404980909859 2.933667538731697 2.932930096553535 2.9325909503903596 2.932677591679292 2.9327642329682244 2.932850874257157 2.9329375155460897 2.9330241568350224 2.933110798123955 2.9331974394128872 2.93328408070182 2.9333707219907525 2.933457363279685 2.9335440045686174 2.93363064585755 2.9337172871464827 2.9338039284354154 2.9338905697243476 2.9339772110132802 2.934063852302213 2.9341504935911455 2.934237134880078 -9999.0 -9999.0 -9999.0 -9999.0 -9999.0 -9999.0 -9999.0 -9999.0
2.9473851129633415 2.946677415558523 2.945969718153704 2.9452620207488853 2.9445543233440667 2.9438466259392477 2.943138928534428 2.9424312311296092 2.9417235337247907 2.941015836319972 2.940308138915153 2.9396004415103345 2.938892744105516 2.9381850467006974 2.9374773492958783 2.9367696518910598 2.936452635637596 2.93655326637472 2.9366538971118445 2.9367545278489686 2.9368551585860927 2.9369557893232168 2.937056420060341 2.9371570507974654 2.9372576815345894 2.9373583122717135 2.9374589430088376 2.9375595737459617 2.9376602044830857 2.93776083522021 2.9378614659573343 2.9379620966944584 2.9380627274315825 2.9381633581687066 -9999.0 -9999.0 -9999.0 -9999.0 -9999.0 -9999.0 2.9388677733285755 -9999.0 2.939069034802824 -9999.0
2.950778496700722 2.9501005440692465 2.949422591437771 2.9487446388062954 2.94806668617482 2.9473887335433444 2.9467107809118676 2.946032828280392 2.9453548756489165 2.944676923017441 2.9439989703859655 2.94332101775449 2.9426430651230144 2.941965112491539 2.9412871598600634 2.940609207228588 2.9403143208848364 2.940428941070152 2.940543561255468 2.9406581814407837 2.940772801626099 2.940887421811415 2.9410020419967307 2.9411166621820466 2.941231282367362 2.941345902552678 2.941460522737994 2.9415751429233095 2.9416897631086254 2.941804383293941 2.941919003479257 2.9420336236645723 2.9421482438498883 2.942262864035204 -9999.0 -9999.0 -9999.0 -9999.0 -9999.0 2.9429505851470985 2.9430652053324144 2.94317982551773 2.943294445703046 -9999.0
2.9541718804380994 2.953523672579967 2.952875464721835 2.9522272568637025 2.95157904900557 2.9509308411474375 2.950282633289304 2.9496344254311717 2.9489862175730392 2.948338009714907 2.9476898018567743 2.9470415939986423 2.94639338614051 2.9457451782823774 2.945096970424245 2.9444487625661124 2.9441760061320728 2.94430461576558 2.9444332253990875 2.944561835032595 2.944690444666102 2.9448190542996096 2.944947663933117 2.9450762735666243 2.9452048832001316 2.945333492833639 2.9454621024671463 2.9455907121006537 2.9457193217341606 2.945847931367668 2.9459765410011753 2.9461051506346827 2.9462337602681905 2.946362369901698 2.946490979535205 -9999.0 -9999.0 -9999.0 -9999.0 2.9471340277027416 2.947262637336249 2.9473912469697563 2.9475198566032637 -9999.0
2.9575652641754773 2.956946801090688 2.9563283380058984 2.9557098749211095 2.95509141183632 2.954472948751531 2.953854485666741 2.9532360225819514 2.9526175594971624 2.951999096412373 2.9513806333275836 2.9507621702427946 2.9501437071580052 2.9495252440732163 2.948906780988427 2.948288317903638 2.9480376913793096 2.948180290461009 2.9483228895427076 2.948465488624407 2.9486080877061056 2.9487506867878044 2.9488932858695036 2.9490358849512024 2.949178484032901 2.9493210831146 2.949463682196299 2.949606281277998 2.9497488803596967 2.949891479441396 2.9500340785230947 2.9501766776047935 2.9503192766864927 2.9504618757681915 2.9506044748498907 2.9507470739315895 -9999.0 -9999.0 -9999.0 2.951317470258385 2.951460069340084 2.951602668421783 2.951745267503482 2.9518878665851807
2.9609586479128547 2.9603699296014088 2.9597812112899624 2.9591924929785165 2.95860377466707 2.9580150563556242 2.957426338044177 2.956837619732731 2.956248901421285 2.955660183109839 2.955071464798393 2.9544827464869465 2.9538940281755006 2.9533053098640547 2.9527165915526083 2.9521278732411624 2.9518993766265464 2.9520559651564366 2.9522125536863273 2.952369142216218 2.9525257307461086 2.9526823192759992 2.9528389078058894 2.95299549633578 2.9531520848656707 2.9533086733955614 2.9534652619254516 2.953621850455342 2.953778438985233 2.953935027515123 2.9540916160450137 2.9542482045749043 2.954404793104795 2.9545613816346856 2.954717970164576 2.9548745586944665 2.955031147224357 2.9551877357542473 2.955344324284138 2.9555009128140286 2.955657501343919 2.9558140898738094 2.9559706784037 2.9561272669335903
2.964352031650232 2.9637930581121292 2.9632340845740264 2.962675111035923 2.96211613749782 2.9615571639597174 2.9609981904216136 2.9604392168835107 2.9598802433454074 2.9593212698073046 2.9587622962692017 2.958203322731099 2.957644349192996 2.9570853756548927 2.95652640211679 2.955967428578687 2.955761061873783 2.955931639851865 2.956102217829947 2.9562727958080295 2.9564433737861116 2.9566139517641936 2.9567845297422757 2.9569551077203577 2.9571256856984403 2.9572962636765223 2.9574668416546044 2.9576374196326864 2.9578079976107685 2.9579785755888506 2.9581491535669326 2.9583197315450147 2.958490309523097 2.9586608875011793 2.9588314654792613 2.9590020434573434 2.9591726214354255 2.9593431994135075 2.9595137773915896 2.9596843553696717 2.959854933347754 2.9600255113258362 2.9601960893039183 2.9603666672820004
2.9677454153876095 2.9672161866228497 2.96668695785809 2.96615772909333 2.9656285003285703 2.9650992715638105 2.96457004279905 2.96404081403429 2.96351158526953 2.9629823565047704 2.9624531277400106 2.9619238989752508 2.961394670210491 2.960865441445731 2.9603362126809714 2.9598069839162116 2.9596227471210197 2.959807314547293 2.9599918819735667 2.960176449399841 2.9603610168261145 2.9605455842523885 2.960730151678662 2.9609147191049354 2.9610992865312094 2.961283853957483 2.9614684213837568 2.9616529888100303 2.961837556236304 2.9620221236625777 2.9622066910888516 2.962391258515125 2.962575825941399 2.962760393367673 2.9629449607939464 2.9631295282202204 2.963314095646494 2.9634986630727678 2.9636832304990413 2.9638677979253147 2.9640523653515887 2.964236932777862 2.964421500204136 2.9646060676304096
2.97113879912499 2.9706393151335737 2.970139831142157 2.96964034715074 2.9691408631593235 2.968641379167907 2.9681418951764895 2.9676424111850728 2.9671429271936565 2.9666434432022397 2.966143959210823 2.965644475219406 2.96514499122799 2.964645507236573 2.9641460232451564 2.9636465392537397 2.9634844323682596 2.963682989242725 2.9638815461171903 2.9640801029916557 2.964278659866121 2.9644772167405864 2.9646757736150517 2.964874330489517 2.9650728873639824 2.9652714442384474 2.9654700011129127 2.965668557987378 2.9658671148618434 2.9660656717363088 2.966264228610774 2.9664627854852395 2.966661342359705 2.96685989923417 2.9670584561086355 2.967257012983101 2.967455569857566 2.967654126732031 2.9678526836064965 2.968051240480962 2.968249797355427 2.9684483542298925 2.968646911104358 2.968845467978823
2.974532182862368 2.974062443644294 2.973592704426221 2.9731229652081472 2.972653225990074 2.9721834867720003 2.971713747553926 2.9712440083358524 2.970774269117779 2.9703045298997055 2.969834790681632 2.9693650514635586 2.968895312245485 2.9684255730274116 2.967955833809338 2.9674860945912647 2.967346117615496 2.9675586639381533 2.96777121026081 2.9679837565834672 2.968196302906124 2.968408849228781 2.968621395551438 2.9688339418740948 2.9690464881967515 2.9692590345194083 2.9694715808420655 2.9696841271647223 2.969896673487379 2.9701092198100363 2.970321766132693 2.97053431245535 2.970746858778007 2.970959405100664 2.971171951423321 2.971384497745978 2.9715970440686346 2.9718095903912913 2.9720221367139485 2.9722346830366053 2.972447229359262 2.972659775681919 2.972872322004576 2.973084868327233
