Figures/CREST_Example_wjb_NSE/PETs/wjb.pet.20100203.asc
ncols            288
nrows            254
xllcorner        113.274861
yllcorner        31.4918055
cellsize         0.008333333333
NODATA_value     -9999
[rows 114 to 132 of 254, columns 0 to 43 of 288]
-9999.0 -9999.0 -9999.0 -9999.0 -9999.0 -9999.0 -9999.0 -9999.0 -9999.0 -9999.0 -9999.0 -9999.0 -9999.0 -9999.0 -9999.0 -9999.0 -9999.0 -9999.0 -9999.0 -9999.0 -9999.0 -9999.0 -9999.0 -9999.0 -9999.0 -9999.0 -9999.0 -9999.0 -9999.0 -9999.0 -9999.0 -9999.0 -9999.0 0.6832678869313298 0.6834537911906888 0.6836396954500479 0.6838255997094069 0.6840115039687659 0.6841974082281249 0.6843833124874843 0.6845692167468433 0.6847551210062024 0.684609340824177 0.6841089824779385
-9999.0 -9999.0 -9999.0 -9999.0 -9999.0 -9999.0 -9999.0 -9999.0 -9999.0 -9999.0 -9999.0 -9999.0 -9999.0 -9999.0 -9999.0 -9999.0 -9999.0 -9999.0 -9999.0 -9999.0 -9999.0 -9999.0 -9999.0 -9999.0 -9999.0 -9999.0 -9999.0 -9999.0 -9999.0 -9999.0 -9999.0 -9999.0 0.6808414157678123 0.6809857745738263 0.6811301333798403 0.6812744921858543 0.6814188509918684 0.6815632097978823 0.6817075686038964 0.6818519274099106 0.6819962862159247 0.6821406450219387 0.6819748783702558 0.6814775805951746
-9999.0 -9999.0 -9999.0 -9999.0 -9999.0 -9999.0 -9999.0 -9999.0 -9999.0 -9999.0 -9999.0 -9999.0 -9999.0 -9999.0 -9999.0 -9999.0 -9999.0 -9999.0 -9999.0 -9999.0 -9999.0 -9999.0 -9999.0 -9999.0 -9999.0 -9999.0 -9999.0 -9999.0 -9999.0 -9999.0 -9999.0 -9999.0 0.6786008488636539 0.678703662216323 0.6788064755689919 0.6789092889216609 0.67901210227433 0.6791149156269989 0.6792177289796679 0.6793205423323371 0.6794233556850061 0.679526169037675 0.6793404159163348 0.6788461787124109
-9999.0 -9999.0 -9999.0 -9999.0 -9999.0 -9999.0 -9999.0 -9999.0 -9999.0 -9999.0 -9999.0 -9999.0 -9999.0 -9999.0 -9999.0 -9999.0 -9999.0 -9999.0 -9999.0 -9999.0 -9999.0 -9999.0 -9999.0 -9999.0 -9999.0 -9999.0 -9999.0 -9999.0 -9999.0 -9999.0 -9999.0 -9999.0 0.6763602819594955 0.6764215498588194 0.6764828177581435 0.6765440856574674 0.6766053535567914 0.6766666214561153 0.6767278893554394 0.6767891572547634 0.6768504251540874 0.6769116930534114 0.6767059534624136 0.676214776829647
-9999.0 -9999.0 -9999.0 -9999.0 -9999.0 -9999.0 -9999.0 -9999.0 -9999.0 -9999.0 -9999.0 -9999.0 -9999.0 -9999.0 -9999.0 0.6734798004314283 0.6735062674274592 0.6735327344234902 -9999.0 -9999.0 -9999.0 -9999.0 -9999.0 -9999.0 -9999.0 -9999.0 -9999.0 -9999.0 -9999.0 -9999.0 0.673876805371892 0.6739032723679229 0.6739297393639538 0.6739562063599847 0.6739826733560156 0.6740091403520465 0.6740356073480774 0.6740620743441084 0.6740885413401393 0.6741150083361702 0.6741414753322011 0.6741679423282321 0.6739454113763377 0.6734566959905288
-9999.0 -9999.0 -9999.0 -9999.0 -9999.0 -9999.0 -9999.0 -9999.0 -9999.0 -9999.0 -9999.0 -9999.0 -9999.0 0.6713174884916094 0.6713163640831554 0.6713152396747015 0.6713141152662476 0.6713129908577936 -9999.0 -9999.0 -9999.0 -9999.0 -9999.0 -9999.0 -9999.0 -9999.0 -9999.0 -9999.0 -9999.0 0.6712994979563465 0.6712983735478925 0.6712972491394386 0.6712961247309847 0.6712950003225308 0.6712938759140767 0.6712927515056228 0.6712916270971689 0.6712905026887149 0.671289378280261 0.6712882538718071 0.6712871294633532 0.6712860050548992 0.6710500981119444 0.670563203333307
-9999.0 -9999.0 -9999.0 -9999.0 -9999.0 -9999.0 -9999.0 -9999.0 -9999.0 -9999.0 -9999.0 -9999.0 -9999.0 0.6692081105438522 0.6691793947309134 0.6691506789179746 0.6691219631050358 0.6690932472920971 -9999.0 -9999.0 -9999.0 -9999.0 -9999.0 -9999.0 -9999.0 -9999.0 -9999.0 -9999.0 -9999.0 0.6687486575368318 0.668719941723893 0.6686912259109542 0.6686625100980155 0.6686337942850766 0.6686050784721379 0.6685763626591992 0.6685476468462603 0.6685189310333216 0.6684902152203829 0.668461499407444 0.6684327835945052 0.6684040677815665 0.6681547848475511 0.6676697106760852
-9999.0 -9999.0 -9999.0 -9999.0 -9999.0 -9999.0 -9999.0 -9999.0 -9999.0 -9999.0 -9999.0 -9999.0 0.6671550398135188 0.6670987325960951 0.6670424253786714 0.6669861181612479 0.6669298109438242 0.6668735037264006 0.666817196508977 -9999.0 -9999.0 -9999.0 -9999.0 -9999.0 -9999.0 -9999.0 -9999.0 -9999.0 -9999.0 -9999.0 0.6661415098998935 0.66608520268247 0.6660288954650463 0.6659725882476227 0.6659162810301991 0.6658599738127755 0.6658036665953518 0.6657473593779283 0.6656910521605046 0.665634744943081 0.6655784377256573 0.6655221305082337 0.6652594715831577 0.6647762180188632
-9999.0 -9999.0 -9999.0 -9999.0 -9999.0 -9999.0 -9999.0 -9999.0 -9999.0 -9999.0 -9999.0 -9999.0 0.6650732532702466 0.664989354648338 0.6649054560264295 0.664821557404521 0.6647376587826126 0.6646537601607041 0.6645698615387957 0.6644859629168872 0.6644020642949787 -9999.0 -9999.0 -9999.0 -9999.0 -9999.0 -9999.0 -9999.0 -9999.0 0.6636469766978025 0.6635630780758941 0.6634791794539856 0.6633952808320771 0.6633113822101687 0.6632274835882602 0.6631435849663517 0.6630596863444433 0.6629757877225348 0.6628918891006264 0.6628079904787179 0.6627240918568094 0.6626401932349009 0.6623641583187644 0.6618827253616414
-9999.0 -9999.0 -9999.0 -9999.0 -9999.0 -9999.0 -9999.0 -9999.0 -9999.0 -9999.0 -9999.0 -9999.0 0.6629914667269742 0.6628799767005807 0.6627684866741874 0.6626569966477941 0.6625455066214009 0.6624340165950076 0.6623225265686142 0.6622110365422209 0.6620995465158277 -9999.0 -9999.0 0.6617650764366478 -9999.0 -9999.0 -9999.0 -9999.0 -9999.0 0.6610961362782878 0.6609846462518946 0.6608731562255012 0.6607616661991079 0.6606501761727147 0.6605386861463214 0.6604271961199281 0.6603157060935347 0.6602042160671415 0.6600927260407482 0.6599812360143547 0.6598697459879614 0.6597582559615681 0.6594688450543711 0.6589892327044194
-9999.0 -9999.0 -9999.0 -9999.0 -9999.0 -9999.0 -9999.0 -9999.0 -9999.0 -9999.0 -9999.0 -9999.0 0.6609096801837002 0.6607705987528218 0.6606315173219437 0.6604924358910655 0.6603533544601873 0.6602142730293091 0.660075191598431 0.6599361101675528 0.6597970287366747 0.6596579473057965 0.6595188658749184 0.6593797844440402 0.6592407030131621 0.6591016215822839 -9999.0 -9999.0 0.6586843772896492 0.6585452958587711 0.6584062144278929 0.6582671329970147 0.6581280515661365 0.6579889701352584 0.6578498887043802 0.6577108072735021 0.6575717258426239 0.6574326444117458 0.6572935629808676 0.6571544815499892 0.6570154001191111 0.6568763186882329 0.6565735317899754 0.6560957400471952
-9999.0 -9999.0 -9999.0 -9999.0 -9999.0 -9999.0 -9999.0 -9999.0 -9999.0 -9999.0 -9999.0 0.6592994854836312 0.658827893640428 0.6586612208050647 0.6584945479697017 0.6583278751343387 0.6581612022989757 0.6579945294636127 0.6578278566282497 0.6576611837928867 0.6574945109575238 0.6573278381221608 0.6571611652867977 0.6569944924514347 0.6568278196160717 0.6566611467807087 0.6564944739453454 0.6563278011099825 0.6561611282746195 0.6559944554392565 0.6558277826038935 0.6556611097685304 0.6554944369331674 0.6553277640978045 0.6551610912624415 0.6549944184270785 0.6548277455917155 0.6546610727563525 0.6544943999209895 0.6543277270856263 0.6541610542502633 0.6539943814149002 0.653678218525582 0.6532022473899733
-9999.0 -9999.0 -9999.0 -9999.0 -9999.0 -9999.0 -9999.0 -9999.0 -9999.0 -9999.0 -9999.0 0.6572266036827905 0.6567461070971556 0.6565518428573075 0.6563575786174597 0.6561633143776118 0.655969050137764 0.6557747858979162 0.6555805216580683 0.6553862574182204 0.6551919931783726 0.6549977289385248 0.654803464698677 0.6546092004588291 0.6544149362189813 0.6542206719791335 0.6540264077392853 0.6538321434994374 0.6536378792595896 0.6534436150197418 0.653249350779894 0.6530550865400462 0.6528608223001983 0.6526665580603505 0.6524722938205026 0.6522780295806548 0.6520837653408069 0.6518895011009591 0.6516952368611113 0.6515009726212632 0.6513067083814152 0.6511124441415674 0.6507829052611888 0.6503087547327515
-9999.0 -9999.0 -9999.0 -9999.0 -9999.0 -9999.0 -9999.0 -9999.0 -9999.0 -9999.0 -9999.0 0.65515372188195 0.6546643205538835 0.6544424649095504 0.6542206092652177 0.653998753620885 0.6537768979765524 0.6535550423322197 0.653333186687887 0.6531113310435543 0.6528894753992216 0.652667619754889 0.6524457641105563 0.6522239084662236 0.6520020528218909 0.6517801971775583 0.6515583415332252 0.6513364858888925 0.6511146302445598 0.6508927746002272 0.6506709189558945 0.6504490633115618 0.6502272076672292 0.6500053520228964 0.6497834963785638 0.6495616407342311 0.6493397850898984 0.6491179294455658 0.648896073801233 0.6486742181569001 0.6484523625125673 0.6482305068682347 0.6478875919967955 0.6474152620755297
-9999.0 -9999.0 -9999.0 -9999.0 -9999.0 -9999.0 -9999.0 -9999.0 -9999.0 -9999.0 -9999.0 0.6530808400811094 0.6525825340106112 0.6523330869617933 0.6520836399129758 0.6518341928641582 0.6515847458153408 0.6513352987665232 0.6510858517177057 0.6508364046688881 0.6505869576200707 0.6503375105712531 0.6500880635224356 0.6498386164736181 0.6495891694248006 0.649339722375983 0.6490902753271651 0.6488408282783475 0.6485913812295301 0.6483419341807125 0.648092487131895 0.6478430400830775 0.64759359303426 0.6473441459854424 0.647094698936625 0.6468452518878074 0.6465958048389899 0.6463463577901724 0.6460969107413549 0.6458474636925369 0.6455980166437194 0.6453485695949018 0.6449922787324022 0.6445217694183077
-9999.0 -9999.0 -9999.0 -9999.0 -9999.0 -9999.0 -9999.0 -9999.0 -9999.0 -9999.0 0.6517304801264123 0.6510079582802688 0.6505007474673389 0.650223709014036 0.6499466705607337 0.6496696321074313 0.6493925936541289 0.6491155552008266 0.6488385167475242 0.648561478294222 0.6482844398409195 0.6480074013876171 0.6477303629343149 0.6474533244810124 0.6471762860277102 0.6468992475744078 0.6466222091211049 0.6463451706678026 0.6460681322145002 0.6457910937611978 0.6455140553078955 0.6452370168545931 0.6449599784012908 0.6446829399479884 0.6444059014946861 0.6441288630413837 0.6438518245880813 0.643574786134779 0.6432977476814766 0.6430207092281738 0.6427436707748715 0.6424666323215691 0.6420969654680089 0.6416282767610859
-9999.0 -9999.0 -9999.0 -9999.0 -9999.0 -9999.0 -9999.0 -9999.0 -9999.0 0.6503629693814136 0.6496490229304209 0.6489350764794283 0.6484189609240667 0.6481143310662789 0.6478097012084918 0.6475050713507046 0.6472004414929173 0.6468958116351301 0.646591181777343 0.6462865519195558 0.6459819220617685 0.6456772922039814 0.6453726623461942 0.6450680324884069 0.6447634026306197 0.6444587727728326 0.6441541429150448 0.6438495130572577 0.6435448831994705 0.6432402533416832 0.642935623483896 0.6426309936261089 0.6423263637683216 0.6420217339105344 0.6417171040527472 0.6414124741949601 0.6411078443371728 0.6408032144793856 0.6404985846215985 0.6401939547638107 0.6398893249060236 0.6395846950482363 0.6392016522036155 0.638734784103864
-9999.0 -9999.0 -9999.0 -9999.0 -9999.0 -9999.0 -9999.0 0.6496836789019532 0.6489783078461113 0.6482729367902695 0.6475675657344278 0.646862194678586 0.6463371743807926 0.64600495311852 0.645672731856248 0.6453405105939759 0.6450082893317038 0.6446760680694318 0.6443438468071597 0.6440116255448877 0.6436794042826156 0.6433471830203435 0.6430149617580715 0.6426827404957994 0.6423505192335274 0.6420182979712552 0.6416860767089826 0.6413538554467105 0.6410216341844385 0.6406894129221664 0.6403571916598944 0.6400249703976223 0.6396927491353502 0.6393605278730782 0.6390283066108061 0.6386960853485341 0.638363864086262 0.6380316428239899 0.6376994215617179 0.6373672002994453 0.6370349790371732 0.6367027577749012 0.6363063389392197 0.6358412914466397
-9999.0 -9999.0 -9999.0 -9999.0 -9999.0 -9999.0 0.6482732911812001 0.6475764955205092 0.6468796998598182 0.6461829041991273 0.6454861085384362 0.6447893128777452 0.6442553878375203 0.6438955751707628 0.6435357625040059 0.643175949837249 0.6428161371704921 0.6424563245037352 0.6420965118369782 0.6417366991702214 0.6413768865034645 0.6410170738367076 0.6406572611699507 0.6402974485031938 0.6399376358364369 0.63957782316968 0.6392180105029225 0.6388581978361656 0.6384983851694087 0.6381385725026517 0.6377787598358948 0.6374189471691379 0.637059134502381 0.6366993218356242 0.6363395091688673 0.6359796965021104 0.6356198838353534 0.6352600711685965 0.6349002585018396 0.6345404458350822 0.6341806331683252 0.6338208205015683 0.6334110256748264 0.6329477987894178
