Figures/CREST_Example_wjb_NSE/PETs/wjb.pet.20090908.asc
ncols            288
nrows            254
xllcorner        113.274861
yllcorner        31.4918055
cellsize         0.008333333333
NODATA_value     -9999
[rows 140 to 159 of 254, columns 176 to 219 of 288]
1.527590467231436 1.526277554425731 1.524964641620026 1.523651728814321 1.522338816008616 1.521025903202911 1.5197129903972038 1.5184000775914988 1.5170871647857938 1.5157742519800887 1.5144613391743837 1.5131484263686785 1.5118355135629735 1.5105226007572685 1.5092096879515635 1.5078967751458585 1.5055216453458191 1.5020109815444687 1.4985003177431182 1.494989653941762 1.4914789901404115 1.487968326339061 1.4844576625377106 1.4809469987363602 1.4774363349350097 1.4739256711336592 1.470415007332309 1.4669043435309586 1.463393679729608 1.4598830159282576 1.4563723521269072 1.4528616883255567 1.4493510245242003 1.44584036072285 1.4423296969214996 1.4388190331201491 1.4353083693187987 1.4317977055174482 1.4282870417160978 1.4247763779147473 1.421265714113397 1.4177550503120466 1.4142443865106962 1.4107337227093457
1.530437714166429 1.5290918954918595 1.5277460768172904 1.526400258142721 1.5250544394681516 1.5237086207935824 1.5223628021190108 1.5210169834444414 1.519671164769872 1.5183253460953026 1.5169795274207334 1.515633708746164 1.5142878900715946 1.5129420713970254 1.511596252722456 1.5102504340478866 1.5078132010244163 1.5042092213669658 1.5006052417095155 1.497001262052059 1.4933972823946084 1.4897933027371582 1.4861893230797079 1.4825853434222573 1.478981363764807 1.4753773841073565 1.4717734044499062 1.4681694247924557 1.4645654451350054 1.4609614654775551 1.4573574858201046 1.4537535061626543 1.4501495265051978 1.4465455468477473 1.442941567190297 1.4393375875328465 1.4357336078753962 1.4321296282179456 1.4285256485604954 1.4249216689030448 1.4213176892455945 1.4177137095881442 1.4141097299306937 1.4105057502732434
1.5332849611014219 1.531906236557988 1.5305275120145545 1.529148787471121 1.5277700629276874 1.5263913383842536 1.5250126138408178 1.523633889297384 1.5222551647539504 1.5208764402105168 1.5194977156670832 1.5181189911236495 1.5167402665802159 1.5153615420367823 1.5139828174933487 1.512604092949915 1.5101047567030135 1.5064074611894631 1.5027101656759128 1.4990128701623562 1.4953155746488058 1.4916182791352555 1.487920983621705 1.4842236881081547 1.4805263925946044 1.476829097081054 1.4731318015675037 1.4694345060539533 1.465737210540403 1.4620399150268526 1.4583426195133022 1.4546453239997517 1.450948028486195 1.4472507329726447 1.4435534374590944 1.439856141945544 1.4361588464319937 1.4324615509184433 1.428764255404893 1.4250669598913426 1.4213696643777922 1.4176723688642419 1.4139750733506915 1.4102777778371411
1.5361322080364146 1.5347205776241168 1.5333089472118189 1.531897316799521 1.530485686387223 1.529074055974925 1.5276624255626245 1.5262507951503266 1.5248391647380288 1.5234275343257309 1.5220159039134329 1.520604273501135 1.519192643088837 1.517781012676539 1.516369382264241 1.5149577518519433 1.5123963123816107 1.5086057010119602 1.50481508964231 1.5010244782726532 1.497233866903003 1.4934432555333526 1.4896526441637024 1.485862032794052 1.4820714214244015 1.4782808100547513 1.474490198685101 1.4706995873154507 1.4669089759458003 1.46311836457615 1.4593277532064997 1.4555371418368492 1.4517465304671926 1.4479559190975422 1.444165307727892 1.4403746963582416 1.4365840849885911 1.432793473618941 1.4290028622492905 1.4252122508796403 1.42142163950999 1.4176310281403397 1.4138404167706893 1.410049805401039
1.53897945497141 1.5375349186902478 1.5360903824090855 1.534645846127923 1.533201309846761 1.5317567735655986 1.5303122372844338 1.5288677010032716 1.5274231647221093 1.525978628440947 1.5245340921597847 1.5230895558786224 1.5216450195974602 1.5202004833162979 1.5187559470351355 1.5173114107539734 1.5146878680602096 1.5108039408344593 1.5069200136087089 1.503036086382952 1.4991521591572017 1.4952682319314512 1.491384304705701 1.4875003774799505 1.4836164502542002 1.4797325230284497 1.4758485958026994 1.471964668576949 1.4680807413511987 1.4641968141254482 1.460312886899698 1.4564289596739475 1.4525450324481906 1.44866110522244 1.4447771779966898 1.4408932507709393 1.437009323545189 1.4331253963194386 1.4292414690936883 1.4253575418679378 1.4214736146421876 1.417589687416437 1.4137057601906868 1.4098218329649364
1.5418267019064027 1.5403492597563762 1.5388718176063496 1.537394375456323 1.5359169333062963 1.5344394911562698 1.5329620490062408 1.5314846068562142 1.5300071647061875 1.528529722556161 1.5270522804061344 1.5255748382561078 1.524097396106081 1.5226199539560545 1.521142511806028 1.5196650696560015 1.5169794237388068 1.5130021806569565 1.5090249375751061 1.505047694493249 1.5010704514113986 1.4970932083295483 1.493115965247698 1.4891387221658476 1.4851614790839973 1.481184236002147 1.4772069929202967 1.4732297498384463 1.469252506756596 1.4652752636747457 1.4612980205928954 1.457320777511045 1.4533435344291878 1.4493662913473375 1.4453890482654872 1.4414118051836369 1.4374345621017866 1.4334573190199362 1.429480075938086 1.4255028328562356 1.4215255897743853 1.417548346692535 1.4135711036106846 1.4095938605288343
1.5446739488413956 1.543163600822505 1.541653252803614 1.540142904784723 1.538632556765832 1.5371222087469414 1.5356118607280478 1.5341015127091568 1.5325911646902661 1.5310808166713752 1.5295704686524842 1.5280601206335933 1.5265497726147024 1.5250394245958117 1.5235290765769207 1.5220187285580298 1.5192709794174042 1.5152004204794538 1.5111298615415034 1.5070593026035461 1.502988743665596 1.4989181847276456 1.4948476257896954 1.490777066851745 1.4867065079137947 1.4826359489758445 1.4785653900378941 1.4744948310999437 1.4704242721619936 1.4663537132240432 1.462283154286093 1.4582125953481426 1.4541420364101854 1.450071477472235 1.4460009185342848 1.4419303595963344 1.437859800658384 1.4337892417204339 1.4297186827824835 1.425648123844533 1.421577564906583 1.4175070059686325 1.4134364470306824 1.409365888092732
1.5475211957763886 1.5459779418886335 1.5444346880008781 1.542891434113123 1.541348180225368 1.5398049263376126 1.5382616724498548 1.5367184185620995 1.5351751646743443 1.5336319107865892 1.532088656898834 1.5305454030110788 1.5290021491233234 1.5274588952355683 1.5259156413478132 1.5243723874600579 1.5215625350960011 1.517398660301951 1.5132347855079007 1.5090709107138434 1.5049070359197931 1.5007431611257427 1.4965792863316925 1.4924154115376422 1.488251536743592 1.4840876619495418 1.4799237871554916 1.475759912361441 1.4715960375673909 1.4674321627733407 1.4632682879792904 1.4591044131852402 1.4549405383911829 1.4507766635971324 1.4466127888030822 1.442448914009032 1.4382850392149817 1.4341211644209315 1.4299572896268813 1.4257934148328308 1.4216295400387806 1.4174656652447304 1.4133017904506802 1.40913791565663
1.5470517256210743 1.5454093748662205 1.543767024111367 1.5421246733565135 1.5404823226016597 1.5388399718468062 1.5371976210919498 1.535555270337096 1.5339129195822425 1.5322705688273888 1.5306282180725352 1.5289858673176815 1.527343516562828 1.5257011658079742 1.5240588150531207 1.522416464298267 1.5195349865080736 1.5153288538798602 1.5111227212516467 1.5069165886234261 1.5027104559952127 1.4985043233669992 1.4942981907387858 1.4900920581105723 1.4858859254823589 1.4816797928541454 1.477473660225932 1.4732675275977185 1.469061394969505 1.4648552623412916 1.4606491297130781 1.4564429970848647 1.4522368644566441 1.4480307318284307 1.4438245992002172 1.4396184665720038 1.4354123339437903 1.431206201315577 1.4270000686873636 1.4227939360591502 1.4185878034309367 1.4143816708027233 1.4101755381745098 1.4059694055462963
1.5430368939753192 1.5412246923488007 1.5394124907222821 1.5376002890957636 1.5357880874692451 1.5339758858427268 1.5321636842162052 1.5303514825896867 1.5285392809631682 1.5267270793366496 1.5249148777101313 1.5231026760836128 1.5212904744570943 1.5194782728305758 1.5176660712040573 1.515853869577539 1.5128905877267766 1.5086967750712565 1.5045029624157367 1.5003091497602095 1.4961153371046894 1.4919215244491695 1.4877277117936494 1.4835338991381295 1.4793400864826094 1.4751462738270895 1.4709524611715694 1.4667586485160493 1.4625648358605294 1.4583710232050093 1.4541772105494895 1.4499833978939694 1.4457895852384421 1.4415957725829223 1.4374019599274022 1.4332081472718823 1.4290143346163622 1.4248205219608423 1.4206267093053222 1.416432896649802 1.4122390839942822 1.4080452713387621 1.4038514586832422 1.3996576460277221
1.5390220623295605 1.537040009831377 1.5350579573331935 1.53307590483501 1.5310938523368265 1.5291117998386432 1.5271297473404561 1.5251476948422729 1.5231656423440894 1.5211835898459058 1.5192015373477223 1.5172194848495388 1.5152374323513556 1.513255379853172 1.5112733273549885 1.509291274856805 1.506246188945474 1.5020646962626474 1.4978832035798209 1.493701710896987 1.4895202182141605 1.485338725531334 1.4811572328485074 1.476975740165681 1.4727942474828544 1.4686127548000278 1.464431262117201 1.4602497694343746 1.456068276751548 1.4518867840687215 1.447705291385895 1.4435237987030685 1.4393423060202348 1.4351608133374083 1.4309793206545816 1.426797827971755 1.4226163352889285 1.418434842606102 1.4142533499232754 1.410071857240449 1.4058903645576224 1.4017088718747959 1.3975273791919691 1.3933458865091426
1.5350072306838052 1.532855327313957 1.5307034239441086 1.5285515205742604 1.526399617204412 1.5242477138345636 1.5220958104647118 1.5199439070948635 1.517792003725015 1.5156401003551667 1.5134881969853184 1.5113362936154702 1.509184390245622 1.5070324868757736 1.5048805835059254 1.502728680136077 1.499601790164177 1.4954326174540438 1.4912634447439106 1.4870942720337705 1.4829250993236374 1.4787559266135042 1.474586753903371 1.470417581193238 1.466248408483105 1.4620792357729717 1.4579100630628385 1.4537408903527056 1.4495717176425724 1.4454025449324392 1.441233372222306 1.4370641995121731 1.4328950268020328 1.4287258540918997 1.4245566813817665 1.4203875086716335 1.4162183359615004 1.4120491632513672 1.407879990541234 1.403710817831101 1.399541645120968 1.3953724724108347 1.3912032997007016 1.3870341269905686
1.53099239903805 1.5286706447965368 1.5263488905550238 1.5240271363135105 1.5217053820719975 1.5193836278304842 1.5170618735889672 1.5147401193474541 1.5124183651059409 1.5100966108644278 1.5077748566229145 1.5054531023814015 1.5031313481398882 1.5008095938983752 1.498487839656862 1.496166085415349 1.49295739138288 1.4888005386454402 1.4846436859080006 1.4804868331705539 1.476329980433114 1.4721731276956744 1.4680162749582348 1.463859422220795 1.4597025694833554 1.4555457167459158 1.451388864008476 1.4472320112710364 1.4430751585335966 1.438918305796157 1.4347614530587174 1.4306046003212776 1.4264477475838309 1.4222908948463913 1.4181340421089514 1.4139771893715118 1.409820336634072 1.4056634838966324 1.4015066311591928 1.397349778421753 1.3931929256843134 1.3890360729468738 1.384879220209434 1.3807223674719944
1.5269775673922947 1.5244859622791167 1.5219943571659387 1.5195027520527606 1.5170111469395828 1.5145195418264048 1.5120279367132226 1.5095363316000445 1.5070447264868665 1.5045531213736885 1.5020615162605104 1.4995699111473324 1.4970783060341546 1.4945867009209766 1.4920950958077985 1.4896034906946205 1.4863129926015828 1.4821684598368365 1.4780239270720903 1.473879394307337 1.4697348615425907 1.4655903287778445 1.4614457960130982 1.457301263248352 1.4531567304836057 1.4490121977188595 1.4448676649541132 1.440723132189367 1.4365785994246207 1.4324340666598745 1.4282895338951282 1.424145001130382 1.4200004683656289 1.4158559356008826 1.4117114028361364 1.4075668700713901 1.403422337306644 1.3992778045418977 1.3951332717771514 1.3909887390124052 1.386844206247659 1.3826996734829127 1.3785551407181664 1.3744106079534202
1.5229627357465396 1.5203012797616966 1.5176398237768538 1.514978367792011 1.5123169118071682 1.5096554558223254 1.506993999837478 1.5043325438526352 1.5016710878677924 1.4990096318829493 1.4963481758981065 1.4936867199132637 1.491025263928421 1.4883638079435781 1.4857023519587353 1.4830408959738923 1.4796685938202858 1.475536381028233 1.4714041682361803 1.4672719554441203 1.4631397426520676 1.4590075298600147 1.4548753170679618 1.4507431042759091 1.4466108914838562 1.4424786786918034 1.4383464658997507 1.4342142531076978 1.4300820403156451 1.4259498275235922 1.4218176147315393 1.4176854019394867 1.4135531891474267 1.409420976355374 1.405288763563321 1.4011565507712682 1.3970243379792155 1.3928921251871627 1.38875991239511 1.384627699603057 1.3804954868110042 1.3763632740189515 1.3722310612268986 1.3680988484348457
1.5189479041007843 1.5161165972442767 1.513285290387769 1.5104539835312614 1.5076226766747536 1.504791369818246 1.5019600629617333 1.4991287561052258 1.496297449248718 1.4934661423922104 1.4906348355357026 1.487803528679195 1.4849722218226873 1.4821409149661797 1.479309608109672 1.4764783012531644 1.4730241950389888 1.4689043022196295 1.46478440940027 1.4606645165809036 1.4565446237615443 1.452424730942185 1.4483048381228256 1.444184945303466 1.4400650524841068 1.4359451596647475 1.4318252668453881 1.4277053740260286 1.4235854812066693 1.41946558838731 1.4153456955679506 1.411225802748591 1.4071059099292247 1.4029860171098654 1.398866124290506 1.3947462314711467 1.3906263386517872 1.3865064458324279 1.3823865530130686 1.3782666601937092 1.3741467673743497 1.3700268745549904 1.365906981735631 1.3617870889162718
1.514933072455029 1.5119319147268564 1.508930756998684 1.5059295992705115 1.502928441542339 1.4999272838141664 1.4969261260859887 1.4939249683578162 1.4909238106296436 1.487922652901471 1.4849214951732985 1.4819203374451262 1.4789191797169536 1.475918021988781 1.4729168642606085 1.469915706532436 1.4663797962576917 1.4622722234110257 1.4581646505643597 1.4540570777176869 1.449949504871021 1.445841932024355 1.441734359177689 1.437626786331023 1.433519213484357 1.4294116406376913 1.4253040677910254 1.4211964949443594 1.4170889220976934 1.4129813492510275 1.4088737764043615 1.4047662035576958 1.4006586307110227 1.3965510578643567 1.3924434850176908 1.388335912171025 1.384228339324359 1.380120766477693 1.3760131936310271 1.3719056207843612 1.3677980479376952 1.3636904750910293 1.3595829022443635 1.3554753293976975
1.5109182408092705 1.507747232209433 1.5045762236095954 1.5014052150097579 1.4982342064099203 1.495063197810083 1.49189218921024 1.4887211806104024 1.485550172010565 1.4823791634107275 1.47920815481089 1.4760371462110524 1.4728661376112149 1.4696951290113773 1.46652412041154 1.4633531118117025 1.4597353974763891 1.4556401446024165 1.4515448917284441 1.4474496388544646 1.4433543859804923 1.4392591331065197 1.4351638802325473 1.4310686273585747 1.4269733744846023 1.4228781216106297 1.4187828687366573 1.4146876158626847 1.4105923629887123 1.4064971101147399 1.4024018572407673 1.3983066043667949 1.3942113514928154 1.3901160986188428 1.3860208457448704 1.381925592870898 1.3778303399969254 1.373735087122953 1.3696398342489804 1.365544581375008 1.3614493285010354 1.357354075627063 1.3532588227530904 1.349163569879118
1.5069034091635152 1.5035625496920129 1.5002216902205103 1.496880830749008 1.4935399712775057 1.4901991118060034 1.4868582523344953 1.483517392862993 1.4801765333914907 1.4768356739199882 1.4734948144484858 1.4701539549769835 1.4668130955054812 1.4634722360339787 1.4601313765624764 1.456790517090974 1.453090998695092 1.449008065793813 1.4449251328925339 1.4408421999912477 1.4367592670899687 1.4326763341886897 1.4285934012874106 1.4245104683861316 1.4204275354848526 1.4163446025835735 1.4122616696822945 1.4081787367810155 1.4040958038797364 1.4000128709784574 1.3959299380771784 1.3918470051758993 1.3877640722746134 1.3836811393733344 1.379598206472055 1.375515273570776 1.371432340669497 1.367349407768218 1.363266474866939 1.35918354196566 1.355100609064381 1.3510176761631019 1.3469347432618228 1.3428518103605438
1.50288857751776 1.4993778671745928 1.4958671568314255 1.4923564464882584 1.488845736145091 1.485335025801924 1.4818243154587507 1.4783136051155836 1.4748028947724163 1.4712921844292493 1.467781474086082 1.4642707637429146 1.4607600533997476 1.4572493430565803 1.4537386327134132 1.450227922370246 1.446446599913795 1.4423759869852093 1.4383053740566236 1.434234761128031 1.4301641481994456 1.42609353527086 1.4220229223422742 1.4179523094136888 1.413881696485103 1.4098110835565174 1.405740470627932 1.4016698576993463 1.3975992447707606 1.393528631842175 1.3894580189135894 1.3853874059850038 1.3813167930564112 1.3772461801278255 1.37317556719924 1.3691049542706544 1.3650343413420687 1.3609637284134832 1.3568931154848975 1.3528225025563119 1.3487518896277264 1.3446812766991407 1.340610663770555 1.3365400508419696
