Figures/CREST_Example_wjb_NSE/PETs/wjb.pet.20100122.asc
ncols            288
nrows            254
xllcorner        113.274861
yllcorner        31.4918055
cellsize         0.008333333333
NODATA_value     -9999
[rows 57 to 75 of 254, columns 176 to 219 of 288]
0.6694397629466771 0.6688297996378467 0.6682198363290165 0.6676098730201862 0.6669999097113558 0.6663899464025255 0.6657799830936941 0.6651700197848639 0.6645600564760336 -9999.0 -9999.0 0.6627301665495426 -9999.0 -9999.0 -9999.0 -9999.0 -9999.0 -9999.0 0.65961371878096 -9999.0 -9999.0 -9999.0 -9999.0 -9999.0 -9999.0 -9999.0 -9999.0 0.6583037997267948 -9999.0 -9999.0 -9999.0 -9999.0 -9999.0 -9999.0 -9999.0 -9999.0 -9999.0 -9999.0 -9999.0 -9999.0 -9999.0 -9999.0 -9999.0 -9999.0
0.6691739928371669 0.6685669521800328 0.6679599115228987 0.6673528708657646 0.6667458302086304 0.6661387895514963 0.6655317488943612 0.664924708237227 0.6643176675800929 0.6637106269229588 0.6631035862658247 0.6624965456086905 0.6618895049515564 0.6612824642944223 0.660675423637288 0.6600683829801539 0.6596837665934668 0.6595369267845943 0.6593900869757218 0.659243247166849 -9999.0 -9999.0 -9999.0 -9999.0 -9999.0 -9999.0 0.6582153685047415 0.658068528695869 0.6579216888869965 0.657774849078124 0.6576280092692515 0.6574811694603789 0.6573343296515062 0.6571874898426338 -9999.0 -9999.0 -9999.0 -9999.0 -9999.0 -9999.0 -9999.0 -9999.0 -9999.0 -9999.0
0.6689069300274759 0.6683109658445607 0.6677150016616454 0.6671190374787302 0.6665230732958151 0.6659271091128999 0.6653311449299837 0.6647351807470685 0.6641392165641533 0.6635432523812381 0.6629472881983228 0.6623513240154076 0.6617553598324925 0.6611593956495773 0.6605634314666621 0.6599674672837469 0.6595845773790564 0.6594294686989363 0.6592743600188161 0.6591192513386958 0.6589641426585757 0.6588090339784556 0.6586539252983354 0.6584988166182154 0.6583437079380953 0.6581885992579751 0.658033490577855 0.657878381897735 0.6577232732176148 0.6575681645374947 0.6574130558573746 0.6572579471772545 0.6571028384971341 0.656947729817014 -9999.0 -9999.0 -9999.0 -9999.0 -9999.0 -9999.0 -9999.0 -9999.0 -9999.0 -9999.0
0.668639867217785 0.6680549795090888 0.6674700918003924 0.6668852040916962 0.6663003163829999 0.6657154286743036 0.6651305409656063 0.6645456532569101 0.6639607655482138 0.6633758778395175 0.6627909901308212 0.662206102422125 0.6616212147134286 0.6610363270047324 0.6604514392960361 0.6598665515873398 0.659485388164646 0.6593220106132782 0.6591586330619106 0.6589952555105426 0.6588318779591749 0.6586685004078072 0.6585051228564395 0.6583417453050718 0.6581783677537041 0.6580149902023364 0.6578516126509687 0.6576882350996011 0.6575248575482333 0.6573614799968657 0.6571981024454979 0.6570347248941303 0.6568713473427623 0.6567079697913946 -9999.0 -9999.0 -9999.0 -9999.0 -9999.0 -9999.0 -9999.0 -9999.0 -9999.0 -9999.0
0.6683728044080941 0.6677989931736167 0.6672251819391394 0.666651370704662 0.6660775594701847 0.6655037482357072 0.6649299370012289 0.6643561257667516 0.6637823145322742 0.6632085032977969 0.6626346920633195 0.6620608808288422 0.6614870695943648 0.6609132583598875 0.66033944712541 0.6597656358909327 0.6593861989502355 0.6592145525276202 -9999.0 -9999.0 -9999.0 0.6585279668371588 0.6583563204145435 0.6581846739919283 0.6580130275693129 0.6578413811466977 0.6576697347240823 0.657498088301467 0.6573264418788518 0.6571547954562365 0.6569831490336212 0.656811502611006 -9999.0 -9999.0 -9999.0 -9999.0 -9999.0 -9999.0 -9999.0 -9999.0 -9999.0 -9999.0 -9999.0 -9999.0
0.6681057415984032 0.6675430068381448 0.6669802720778863 0.6664175373176279 0.6658548025573694 0.665292067797111 0.6647293330368516 0.6641665982765932 0.6636038635163347 0.6630411287560762 0.6624783939958179 0.6619156592355594 0.6613529244753009 0.6607901897150426 0.6602274549547841 0.6596647201945256 0.6592870097358251 0.6591070944419621 -9999.0 -9999.0 -9999.0 0.6583874332665104 0.6582075179726475 0.6580276026787847 0.6578476873849217 0.6576677720910589 0.657487856797196 -9999.0 -9999.0 -9999.0 -9999.0 -9999.0 -9999.0 -9999.0 -9999.0 -9999.0 -9999.0 -9999.0 -9999.0 -9999.0 -9999.0 -9999.0 -9999.0 -9999.0
0.6678386787887123 0.6672870205026727 0.6667353622166332 0.6661837039305938 0.6656320456445542 0.6650803873585147 0.6645287290724742 0.6639770707864348 0.6634254125003952 0.6628737542143557 0.6623220959283161 0.6617704376422766 0.6612187793562371 0.6606671210701975 0.6601154627841581 0.6595638044981186 0.6591878205214146 0.6589996363563041 -9999.0 -9999.0 -9999.0 -9999.0 -9999.0 -9999.0 -9999.0 -9999.0 -9999.0 -9999.0 -9999.0 -9999.0 -9999.0 -9999.0 -9999.0 -9999.0 -9999.0 -9999.0 -9999.0 -9999.0 -9999.0 -9999.0 -9999.0 -9999.0 -9999.0 -9999.0
0.6675716159790214 0.6670310341672008 0.6664904523553802 0.6659498705435596 0.665409288731739 0.6648687069199184 0.6643281251080969 0.6637875432962763 0.6632469614844557 0.6627063796726351 0.6621657978608145 0.6616252160489939 0.6610846342371732 0.6605440524253526 0.660003470613532 0.6594628888017114 0.6590886313070041 0.6588921782706462 -9999.0 -9999.0 -9999.0 -9999.0 -9999.0 -9999.0 -9999.0 -9999.0 -9999.0 -9999.0 -9999.0 -9999.0 -9999.0 -9999.0 -9999.0 -9999.0 -9999.0 -9999.0 -9999.0 -9999.0 -9999.0 -9999.0 -9999.0 -9999.0 -9999.0 -9999.0
0.6673045531693305 0.6667750478317288 0.6662455424941272 0.6657160371565255 0.6651865318189237 0.6646570264813221 0.6641275211437195 0.6635980158061179 0.6630685104685161 0.6625390051309145 0.6620094997933128 0.6614799944557112 0.6609504891181094 0.6604209837805077 0.6598914784429061 0.6593619731053044 0.6589894420925937 0.6587847201849881 0.6585799982773825 -9999.0 -9999.0 -9999.0 -9999.0 -9999.0 -9999.0 -9999.0 -9999.0 -9999.0 -9999.0 -9999.0 -9999.0 -9999.0 -9999.0 -9999.0 -9999.0 -9999.0 -9999.0 -9999.0 -9999.0 -9999.0 -9999.0 -9999.0 -9999.0 -9999.0
0.6670374903596394 0.6665190614962566 0.6660006326328739 0.6654822037694912 0.6649637749061084 0.6644453460427256 0.6639269171793419 0.6634084883159592 0.6628900594525765 0.6623716305891937 0.661853201725811 0.6613347728624283 0.6608163439990454 0.6602979151356627 0.65977948627228 0.6592610574088972 0.6588902528781831 0.65867726209933 0.6584642713204767 -9999.0 -9999.0 -9999.0 -9999.0 -9999.0 -9999.0 -9999.0 -9999.0 -9999.0 -9999.0 -9999.0 -9999.0 -9999.0 -9999.0 -9999.0 -9999.0 -9999.0 -9999.0 -9999.0 -9999.0 -9999.0 -9999.0 -9999.0 -9999.0 -9999.0
0.6667704275499485 0.6662630751607846 0.6657557227716208 0.665248370382457 0.6647410179932931 0.6642336656041293 0.6637263132149646 0.6632189608258008 0.6627116084366369 0.6622042560474731 0.6616969036583092 0.6611895512691455 0.6606821988799816 0.6601748464908178 0.6596674941016539 0.6591601417124902 0.6587910636637727 0.6585698040136719 0.658348544363571 0.6581272847134699 -9999.0 -9999.0 -9999.0 -9999.0 -9999.0 -9999.0 -9999.0 -9999.0 -9999.0 -9999.0 -9999.0 -9999.0 -9999.0 -9999.0 -9999.0 -9999.0 -9999.0 -9999.0 -9999.0 -9999.0 -9999.0 -9999.0 -9999.0 -9999.0
0.6665033647402576 0.6660070888253128 0.6655108129103678 0.6650145369954229 0.6645182610804781 0.6640219851655331 0.6635257092505873 0.6630294333356425 0.6625331574206975 0.6620368815057526 0.6615406055908077 0.6610443296758628 0.6605480537609179 0.6600517778459729 0.6595555019310281 0.6590592260160831 0.6586918744493624 0.658462345928014 0.6582328174066656 -9999.0 -9999.0 -9999.0 -9999.0 -9999.0 -9999.0 -9999.0 -9999.0 -9999.0 -9999.0 -9999.0 -9999.0 -9999.0 -9999.0 -9999.0 -9999.0 -9999.0 -9999.0 -9999.0 -9999.0 -9999.0 -9999.0 -9999.0 -9999.0 -9999.0
0.6662363019305667 0.6657511024898407 0.6652659030491147 0.6647807036083888 0.6642955041676628 0.6638103047269368 0.6633251052862099 0.662839905845484 0.662354706404758 0.661869506964032 0.661384307523306 0.66089910808258 0.660413908641854 0.659928709201128 0.659443509760402 0.6589583103196761 0.658592685234952 0.658354887842356 -9999.0 -9999.0 -9999.0 -9999.0 -9999.0 -9999.0 -9999.0 -9999.0 -9999.0 -9999.0 -9999.0 -9999.0 -9999.0 -9999.0 -9999.0 -9999.0 -9999.0 -9999.0 -9999.0 -9999.0 -9999.0 -9999.0 -9999.0 -9999.0 -9999.0 -9999.0
0.6659692391208759 0.6654951161543687 0.6650209931878617 0.6645468702213546 0.6640727472548476 0.6635986242883405 0.6631245013218326 0.6626503783553256 0.6621762553888185 0.6617021324223115 0.6612280094558043 0.6607538864892972 0.6602797635227902 0.6598056405562831 0.659331517589776 0.658857394623269 0.6584934960205415 0.6582474297566979 -9999.0 -9999.0 -9999.0 -9999.0 -9999.0 -9999.0 -9999.0 -9999.0 -9999.0 -9999.0 -9999.0 -9999.0 -9999.0 -9999.0 -9999.0 -9999.0 -9999.0 -9999.0 -9999.0 -9999.0 -9999.0 -9999.0 -9999.0 -9999.0 -9999.0 -9999.0
0.6657021763111849 0.6652391298188968 0.6647760833266086 0.6643130368343205 0.6638499903420323 0.6633869438497442 0.6629238973574553 0.6624608508651672 0.6619978043728789 0.6615347578805908 0.6610717113883027 0.6606086648960146 0.6601456184037263 0.6596825719114382 0.6592195254191501 0.6587564789268618 0.6583943068061311 0.6581399716710399 -9999.0 -9999.0 -9999.0 -9999.0 -9999.0 -9999.0 -9999.0 -9999.0 -9999.0 -9999.0 -9999.0 -9999.0 -9999.0 -9999.0 -9999.0 -9999.0 -9999.0 -9999.0 -9999.0 -9999.0 -9999.0 -9999.0 -9999.0 -9999.0 -9999.0 -9999.0
0.6654351135014939 0.6649831434834246 0.6645311734653554 0.6640792034472862 0.6636272334292169 0.6631752634111477 0.6627232933930777 0.6622713233750085 0.6618193533569393 0.66136738333887 0.6609154133208008 0.6604634433027317 0.6600114732846624 0.6595595032665932 0.6591075332485239 0.6586555632304547 0.6582951175917205 0.6580325135853817 0.657769909579043 -9999.0 -9999.0 -9999.0 -9999.0 -9999.0 -9999.0 -9999.0 -9999.0 -9999.0 -9999.0 -9999.0 -9999.0 -9999.0 -9999.0 -9999.0 -9999.0 -9999.0 -9999.0 -9999.0 -9999.0 -9999.0 -9999.0 -9999.0 -9999.0 -9999.0
0.665168050691803 0.6647271571479526 0.6642862636041023 0.663845370060252 0.6634044765164017 0.6629635829725514 0.6625226894287003 0.66208179588485 0.6616409023409997 0.6612000087971495 0.6607591152532991 0.6603182217094489 0.6598773281655985 0.6594364346217483 0.6589955410778979 0.6585546475340476 0.6581959283773101 0.6579250554997237 0.6576541826221374 0.6573833097445505 0.6571124368669642 0.6568415639893778 -9999.0 -9999.0 -9999.0 -9999.0 -9999.0 -9999.0 -9999.0 -9999.0 -9999.0 -9999.0 -9999.0 -9999.0 -9999.0 -9999.0 -9999.0 -9999.0 -9999.0 -9999.0 -9999.0 -9999.0 -9999.0 -9999.0
0.664900987882112 0.6644711708124806 0.6640413537428492 0.6636115366732179 0.6631817196035865 0.6627519025339551 0.662322085464323 0.6618922683946916 0.6614624513250602 0.6610326342554288 0.6606028171857975 0.6601730001161661 0.6597431830465347 0.6593133659769033 0.658883548907272 0.6584537318376406 0.6580967391628997 0.6578175974140656 0.6575384556652317 0.6572593139163972 0.6569801721675633 0.6567010304187294 0.6564218886698955 0.6561427469210614 0.6558636051722275 -9999.0 -9999.0 -9999.0 -9999.0 -9999.0 -9999.0 -9999.0 -9999.0 -9999.0 -9999.0 -9999.0 -9999.0 -9999.0 -9999.0 -9999.0 -9999.0 -9999.0 -9999.0 -9999.0
0.6646339250724211 0.6642151844770087 0.6637964438815962 0.6633777032861837 0.6629589626907713 0.6625402220953588 0.6621214814999457 0.6617027409045332 0.6612840003091207 0.6608652597137082 0.6604465191182958 0.6600277785228833 0.6596090379274708 0.6591902973320584 0.6587715567366459 0.6583528161412334 0.6579975499484891 0.6577101393284076 0.6574227287083261 0.6571353180882441 0.6568479074681626 0.656560496848081 0.6562730862279994 0.6559856756079179 0.6556982649878363 -9999.0 -9999.0 -9999.0 -9999.0 -9999.0 0.6539738012673472 -9999.0 -9999.0 -9999.0 -9999.0 -9999.0 -9999.0 -9999.0 -9999.0 -9999.0 -9999.0 -9999.0 -9999.0 -9999.0
