Figures/CREST_Example_wjb_NSE/PETs/wjb.pet.20090412.asc
ncols            288
nrows            254
xllcorner        113.274861
yllcorner        31.4918055
cellsize         0.008333333333
NODATA_value     -9999
[rows 40 to 59 of 254, columns 0 to 43 of 288]
-9999.0 -9999.0 -9999.0 -9999.0 -9999.0 -9999.0 -9999.0 -9999.0 -9999.0 -9999.0 -9999.0 -9999.0 -9999.0 -9999.0 2.4021797895889123 2.409699854645981 2.417219919703049 2.424739984760117 2.432260049817186 2.439780114874254 2.447300179931322 2.4548202449883907 2.462340310045459 2.469860375102527 2.4773804401595956 2.4849005052166637 2.4924205702737448 2.4999406353308133 2.5074607003878815 2.5149807654449496 2.5225008305020182 2.5300208955590864 2.5375409606161545 2.545061025673223 2.5525810907302913 2.5601011557873594 2.567621220844428 2.575141285901496 2.5826613509585643 2.5901814160156453 2.597701481072714 2.605221546129782 2.609962615622432 2.611732876048865
-9999.0 -9999.0 -9999.0 -9999.0 -9999.0 -9999.0 -9999.0 -9999.0 -9999.0 -9999.0 -9999.0 -9999.0 -9999.0 -9999.0 -9999.0 2.4079217702505655 2.4157251156953086 2.4235284611400516 2.431331806584795 2.439135152029538 2.446938497474281 2.454741842919024 2.4625451883637677 2.4703485338085107 2.4781518792532538 2.485955224697997 2.4937585701427536 2.5015619155874966 2.5093652610322397 2.5171686064769827 2.524971951921726 2.5327752973664692 2.5405786428112123 2.5483819882559553 2.556185333700699 2.563988679145442 2.571792024590185 2.579595370034928 2.5873987154796714 2.5952020609244277 2.6030054063691708 2.610808751813914 2.6156542406336034 2.617337713870833
-9999.0 -9999.0 -9999.0 -9999.0 -9999.0 -9999.0 -9999.0 -9999.0 -9999.0 -9999.0 -9999.0 -9999.0 -9999.0 -9999.0 -9999.0 2.40614368585515 2.414230311687568 2.422316937519986 2.430403563352404 2.438490189184822 2.44657681501724 2.454663440849658 2.462750066682076 2.470836692514494 2.478923318346912 2.48700994417933 2.4950965700117615 2.50318319584418 2.511269821676598 2.5193564475090158 2.5274430733414337 2.5355296991738516 2.5436163250062696 2.5517029508386875 2.559789576671106 2.5678762025035238 2.5759628283359417 2.5840494541683596 2.5921360800007776 2.6002227058332092 2.6083093316656276 2.6163959574980455 2.621345865644775 2.622942551692801
-9999.0 -9999.0 -9999.0 -9999.0 -9999.0 -9999.0 -9999.0 -9999.0 -9999.0 -9999.0 -9999.0 -9999.0 -9999.0 -9999.0 -9999.0 -9999.0 2.412735507679827 2.4211054138999204 2.429475320120013 2.437845226340106 2.446215132560199 2.4545850387802917 2.4629549450003845 2.4713248512204773 2.47969475744057 2.488064663660663 2.49643456988077 2.5048044761008628 2.5131743823209556 2.5215442885410484 2.529914194761141 2.538284100981234 2.5466540072013273 2.55502391342142 2.563393819641513 2.5717637258616057 2.5801336320816985 2.5885035383017914 2.596873444521884 2.605243350741991 2.613613256962084 2.621983163182177 2.627037490655946 2.6285473895147686
-9999.0 -9999.0 -9999.0 -9999.0 -9999.0 -9999.0 -9999.0 -9999.0 -9999.0 -9999.0 -9999.0 -9999.0 -9999.0 -9999.0 -9999.0 -9999.0 -9999.0 2.419893890279854 2.4285470768876216 2.4372002634953893 2.445853450103157 2.4545066367109247 2.4631598233186924 2.47181300992646 2.480466196534228 2.4891193831419955 2.4977725697497783 2.5064257563575456 2.5150789429653138 2.523732129573081 2.532385316180849 2.5410385027886164 2.5496916893963846 2.558344876004152 2.56699806261192 2.5756512492196872 2.584304435827455 2.5929576224352227 2.6016108090429904 2.610263995650773 2.618917182258541 2.6275703688663086 2.632729115667117 2.6341522273367364
-9999.0 -9999.0 -9999.0 -9999.0 -9999.0 -9999.0 -9999.0 -9999.0 -9999.0 -9999.0 -9999.0 -9999.0 -9999.0 -9999.0 -9999.0 -9999.0 -9999.0 2.4186823666597883 2.427618833655231 2.4365553006506735 2.445491767646116 2.4544282346415587 2.4633647016370013 2.472301168632444 2.4812376356278865 2.490174102623329 2.4991105696187867 2.5080470366142293 2.516983503609672 2.5259199706051145 2.534856437600557 2.5437929045959993 2.552729371591442 2.5616658385868845 2.570602305582327 2.5795387725777696 2.5884752395732122 2.597411706568655 2.6063481735640974 2.615284640559555 2.6242211075549977 2.6331575745504403 2.638420740678289 2.6397570651587046
-9999.0 -9999.0 -9999.0 -9999.0 -9999.0 -9999.0 -9999.0 -9999.0 -9999.0 -9999.0 -9999.0 -9999.0 -9999.0 -9999.0 -9999.0 -9999.0 -9999.0 -9999.0 2.426690590422839 2.435910337805957 2.4451300851890743 2.4543498325721917 2.4635695799553097 2.472789327338427 2.482009074721545 2.4912288221046626 2.500448569487796 2.5096683168709135 2.5188880642540314 2.528107811637149 2.5373275590202664 2.5465473064033843 2.555767053786502 2.5649868011696197 2.5742065485527372 2.5834262959358547 2.5926460433189726 2.60186579070209 2.611085538085208 2.620305285468341 2.629525032851459 2.6387447802345765 2.6441123656894647 2.645361902980677
-9999.0 -9999.0 -9999.0 -9999.0 -9999.0 -9999.0 -9999.0 -9999.0 -9999.0 -9999.0 -9999.0 -9999.0 -9999.0 -9999.0 -9999.0 -9999.0 -9999.0 -9999.0 2.425762347190448 2.4352653749612405 2.444768402732033 2.4542714305028257 2.463774458273618 2.4732774860444104 2.4827805138152033 2.4922835415859956 2.5017865693568044 2.511289597127597 2.520792624898389 2.530295652669182 2.5397986804399744 2.5493017082107667 2.558804735981559 2.568307763752352 2.5778107915231443 2.5873138192939367 2.5968168470647295 2.606319874835522 2.6158229026063142 2.625325930377123 2.6348289581479154 2.644331985918708 2.649803990700636 2.650966740802645
-9999.0 -9999.0 -9999.0 -9999.0 -9999.0 -9999.0 -9999.0 -9999.0 -9999.0 -9999.0 -9999.0 -9999.0 -9999.0 -9999.0 -9999.0 -9999.0 -9999.0 -9999.0 -9999.0 2.4346204121165247 2.444406720274992 2.454193028433459 2.4639793365919265 2.4737656447503937 2.4835519529088614 2.4933382610673287 2.503124569225813 2.51291087738428 2.5226971855427474 2.5324834937012146 2.542269801859682 2.5520561100181496 2.561842418176617 2.571628726335084 2.5814150344935514 2.5912013426520186 2.600987650810486 2.6107739589689536 2.620560267127421 2.630346575285905 2.6401328834443722 2.6499191916028395 2.6554956157118075 2.6565715786246127
-9999.0 -9999.0 -9999.0 -9999.0 -9999.0 -9999.0 -9999.0 -9999.0 -9999.0 -9999.0 -9999.0 -9999.0 -9999.0 -9999.0 -9999.0 -9999.0 -9999.0 -9999.0 -9999.0 2.4339754492718084 2.4440450378179506 2.4541146263640927 2.4641842149102353 2.4742538034563775 2.4843233920025196 2.4943929805486618 2.5044625690948212 2.5145321576409634 2.5246017461871055 2.5346713347332477 2.54474092327939 2.554810511825532 2.5648801003716746 2.5749496889178167 2.585019277463959 2.595088866010101 2.605158454556243 2.6152280431023853 2.6252976316485275 2.635367220194687 2.645436808740829 2.6555063972869712 2.661187240722979 2.662176416446581
-9999.0 -9999.0 -9999.0 -9999.0 -9999.0 -9999.0 -9999.0 -9999.0 -9999.0 -9999.0 -9999.0 -9999.0 -9999.0 -9999.0 -9999.0 -9999.0 -9999.0 -9999.0 -9999.0 -9999.0 -9999.0 -9999.0 -9999.0 2.4747419621623603 2.4850948310961773 2.4954477000299944 2.505800568963829 2.5161534378976462 2.5265063068314633 2.5368591757652803 2.5472120446990973 2.5575649136329144 2.567917782566732 2.578270651500549 2.588623520434366 2.598976389368183 2.609329258302 2.619682127235817 2.630034996169634 2.640387865103469 2.650740734037286 2.661093602971103 2.6668788657341502 2.6677812542685486
-9999.0 -9999.0 -9999.0 -9999.0 -9999.0 -9999.0 -9999.0 -9999.0 -9999.0 -9999.0 -9999.0 -9999.0 -9999.0 -9999.0 -9999.0 -9999.0 -9999.0 -9999.0 -9999.0 -9999.0 -9999.0 -9999.0 -9999.0 2.4752301208683436 2.4858662701898355 2.4965024195113275 2.5071385688328376 2.5177747181543295 2.5284108674758214 2.5390470167973134 2.5496831661188053 2.5603193154402972 2.570955464761789 2.581591614083281 2.592227763404773 2.602863912726265 2.613500062047757 2.6241362113692484 2.6347723606907403 2.6454085100122504 2.6560446593337423 2.6666808086552343 2.6725704907453216 2.6733860920905164
-9999.0 -9999.0 -9999.0 -9999.0 -9999.0 -9999.0 -9999.0 -9999.0 -9999.0 -9999.0 -9999.0 -9999.0 -9999.0 -9999.0 -9999.0 -9999.0 -9999.0 -9999.0 -9999.0 -9999.0 -9999.0 -9999.0 -9999.0 -9999.0 -9999.0 2.4975571389926605 2.508476568701846 2.519395998411013 2.5303154281201796 2.5412348578293464 2.5521542875385133 2.56307371724768 2.573993146956847 2.5849125766660137 2.59583200637518 2.606751436084347 2.6176708657935137 2.6285902955026805 2.6395097252118473 2.650429154921033 2.6613485846301996 2.6722680143393664 2.678262115756493 2.6789909299124846
-9999.0 -9999.0 -9999.0 -9999.0 -9999.0 -9999.0 -9999.0 -9999.0 -9999.0 -9999.0 -9999.0 -9999.0 -9999.0 -9999.0 -9999.0 -9999.0 -9999.0 -9999.0 -9999.0 -9999.0 -9999.0 -9999.0 -9999.0 -9999.0 -9999.0 2.4986118584739945 2.5098145685708553 2.5210172786676974 2.532219988764539 2.543422698861381 2.554625408958223 2.5658281190550647 2.5770308291519064 2.5882335392487485 2.5994362493455903 2.610638959442432 2.621841669539274 2.633044379636116 2.644247089732958 2.6554497998298188 2.6666525099266605 2.6778552200235026 2.6839537407676692 2.684595767734457
-9999.0 -9999.0 -9999.0 -9999.0 -9999.0 -9999.0 -9999.0 -9999.0 -9999.0 -9999.0 -9999.0 -9999.0 -9999.0 -9999.0 -9999.0 -9999.0 -9999.0 -9999.0 -9999.0 -9999.0 -9999.0 -9999.0 -9999.0 -9999.0 -9999.0 2.4996665779553275 2.5111525684398637 2.5226385589243803 2.5341245494088973 2.545610539893414 2.5570965303779305 2.568582520862447 2.580068511346964 2.5915545018314807 2.6030404923159973 2.614526482800514 2.626012473285031 2.6374984637695476 2.648984454254064 2.6604704447386007 2.6719564352231173 2.683442425707634 2.6896453657788406 2.690200605556425
-9999.0 -9999.0 -9999.0 -9999.0 -9999.0 -9999.0 -9999.0 -9999.0 -9999.0 -9999.0 -9999.0 -9999.0 -9999.0 -9999.0 -9999.0 -9999.0 -9999.0 -9999.0 -9999.0 -9999.0 2.4418749430757027 2.4536442139478942 2.4654134848200857 2.477182755692277 2.4889520265644687 2.5007212974366606 2.512490568308872 2.5242598391810636 2.536029110053255 2.5477983809254465 2.5595676517976385 2.57133692266983 2.5831061935420214 2.594875464414213 2.6066447352864044 2.618414006158596 2.630183277030788 2.6419525479029793 2.6537218187751708 2.6654910896473822 2.6772603605195737 2.6890296313917657 2.6953369907900115 2.6958054433783927
-9999.0 -9999.0 -9999.0 -9999.0 -9999.0 -9999.0 -9999.0 -9999.0 -9999.0 -9999.0 -9999.0 -9999.0 -9999.0 -9999.0 -9999.0 -9999.0 -9999.0 -9999.0 -9999.0 2.429460709358795 2.4415132606186614 2.4535658118785277 2.465618363138394 2.477670914398261 2.4897234656581273 2.5017760169179937 2.5138285681778805 2.525881119437747 2.537933670697613 2.5499862219574796 2.5620387732173464 2.574091324477213 2.586143875737079 2.5981964269969455 2.610248978256812 2.6223015295166783 2.6343540807765446 2.646406632036411 2.6584591832962774 2.6705117345561646 2.682564285816031 2.6946168370758974 2.7010286158011834 2.701410281200361
-9999.0 -9999.0 -9999.0 -9999.0 -9999.0 -9999.0 -9999.0 -9999.0 -9999.0 -9999.0 -9999.0 -9999.0 -9999.0 -9999.0 -9999.0 -9999.0 -9999.0 2.404144083218996 2.4164799148665375 2.4288157465140787 2.44115157816162 2.4534874098091612 2.4658232414567025 2.4781590731042438 2.490494904751785 2.5028307363993263 2.5151665680468884 2.52750239969443 2.5398382313419714 2.5521740629895127 2.564509894637054 2.576845726284595 2.5891815579321364 2.6015173895796777 2.613853221227219 2.6261890528747602 2.6385248845223015 2.6508607161698428 2.663196547817384 2.675532379464946 2.6878682111124874 2.7002040427600287 2.7067202408123547 2.7070151190223286
-9999.0 -9999.0 -9999.0 -9999.0 -9999.0 -9999.0 -9999.0 -9999.0 -9999.0 -9999.0 -9999.0 -9999.0 -9999.0 -9999.0 -9999.0 2.3748623805907365 2.3873232628079477 2.399784145025159 2.41224502724237 2.4247059094595813 2.4371667916767925 2.4496276738940037 2.462088556111215 2.474549438328426 2.4870103205456378 2.499471202762849 2.5119320849800815 2.5243929671972927 2.536853849414504 2.549314731631715 2.5617756138489263 2.5742364960661375 2.5866973782833487 2.59915826050056 2.611619142717771 2.6240800249349823 2.6365409071521935 2.649001789369405 2.6614626715866163 2.673923553803849 2.68638443602106 2.6988453182382712 2.7054254870236605 2.7057190402409055
-9999.0 -9999.0 -9999.0 -9999.0 -9999.0 -9999.0 -9999.0 -9999.0 -9999.0 -9999.0 -9999.0 -9999.0 -9999.0 -9999.0 2.3548083649050433 2.367225159993401 2.3796419550817594 2.392058750170117 2.4044755452584754 2.416892340346833 2.429309135435191 2.4417259305235492 2.454142725611907 2.4665595207002653 2.478976315788623 2.4913931108769813 2.5038099059653605 2.5162267010537183 2.5286434961420765 2.5410602912304343 2.5534770863187926 2.5658938814071504 2.5783106764955086 2.5907274715838664 2.603144266672224 2.6155610617605825 2.6279778568489403 2.6403946519372985 2.6528114470256563 2.6652282421140354 2.6776450372023937 2.6900618322907515 2.696662734812665 2.6970463167365324
