Figures/CREST_Example_wjb_NSE/PETs/wjb.pet.20100703.asc
ncols            288
nrows            254
xllcorner        113.274861
yllcorner        31.4918055
cellsize         0.008333333333
NODATA_value     -9999
[rows 180 to 199 of 254, columns 176 to 219 of 288]
3.2492191692586463 3.2513507673882587 3.2534823655178715 3.255613963647484 3.2577455617770967 3.259877159906709 3.2620087580363255 3.264140356165938 3.2662719542955507 3.268403552425163 3.270535150554776 3.2726667486843883 3.2747983468140007 3.2769299449436136 3.279061543073226 3.281193141202839 3.282896110937283 3.284140867218886 3.285385623500489 3.286630379782094 3.287875136063697 3.2891198923453 3.2903646486269027 3.2916094049085056 3.2928541611901085 3.2940989174717115 3.295343673753314 3.296588430034917 3.29783318631652 3.2990779425981227 3.3003226988797256 3.3015674551613285 3.3028122114429337 3.3040569677245366 3.3053017240061395 3.3065464802877425 3.3077912365693454 3.3090359928509483 3.310280749132551 3.311525505414154 3.312770261695757 3.3140150179773595 3.3152597742589625 3.3165045305405654
3.259040845298258 3.260959597514022 3.262878349729786 3.26479710194555 3.266715854161314 3.268634606377078 3.2705533585928452 3.272472110808609 3.274390863024373 3.276309615240137 3.278228367455901 3.280147119671665 3.282065871887429 3.283984624103193 3.285903376318957 3.287822128534721 3.2893789368385313 3.2905488189109002 3.2917187009832696 3.2928885830556403 3.2940584651280096 3.2952283472003785 3.2963982292727474 3.2975681113451163 3.298737993417485 3.2999078754898545 3.3010777575622234 3.3022476396345923 3.3034175217069612 3.3045874037793306 3.3057572858516995 3.3069271679240684 3.3080970499964395 3.3092669320688084 3.3104368141411773 3.3116066962135466 3.3127765782859155 3.3139464603582844 3.3151163424306533 3.3162862245030227 3.3174561065753916 3.3186259886477605 3.3197958707201294 3.3209657527924987
3.26886252133787 3.2705684276397853 3.272274333941701 3.273980240243616 3.2756861465455316 3.2773920528474467 3.279097959149365 3.2808038654512806 3.2825097717531957 3.2842156780551113 3.2859215843570264 3.287627490658942 3.289333396960857 3.2910393032627727 3.292745209564688 3.2944511158666034 3.2958617627397797 3.2969567706029146 3.29805177846605 3.299146786329187 3.300241794192322 3.301336802055457 3.302431809918592 3.3035268177817274 3.3046218256448623 3.3057168335079976 3.3068118413711325 3.307906849234268 3.309001857097403 3.310096864960538 3.3111918728236733 3.312286880686808 3.3133818885499453 3.3144768964130806 3.3155719042762155 3.316666912139351 3.3177619200024857 3.318856927865621 3.319951935728756 3.3210469435918912 3.322141951455026 3.3232369593181614 3.3243319671812963 3.3254269750444316
3.2786841973774905 3.280177257765557 3.2816703181536235 3.28316337854169 3.2846564389297566 3.286149499317823 3.2876425597058923 3.2891356200939588 3.2906286804820253 3.292121740870092 3.2936148012581588 3.2951078616462253 3.296600922034292 3.2980939824223583 3.299587042810425 3.3010801031984913 3.302344588641034 3.3033647222949347 3.304384855948836 3.305404989602739 3.30642512325664 3.3074452569105413 3.3084653905644426 3.3094855242183434 3.3105056578722447 3.311525791526146 3.312545925180047 3.313566058833948 3.3145861924878495 3.3156063261417503 3.3166264597956516 3.317646593449553 3.3186667271034556 3.319686860757357 3.320706994411258 3.321727128065159 3.3227472617190603 3.3237673953729616 3.3247875290268625 3.3258076626807638 3.326827796334665 3.327847929988566 3.3288680636424672 3.3298881972963685
3.2885058734171024 3.2897860878913203 3.291066302365538 3.292346516839756 3.293626731313974 3.294906945788192 3.2961871602624124 3.2974673747366303 3.298747589210848 3.300027803685066 3.301308018159284 3.302588232633502 3.3038684471077198 3.3051486615819377 3.3064288760561555 3.3077090905303734 3.308827414542282 3.309772673986949 3.3107179334316164 3.3116631928762854 3.3126084523209527 3.31355371176562 3.3144989712102872 3.3154442306549545 3.316389490099622 3.317334749544289 3.3182800089889564 3.3192252684336236 3.320170527878291 3.321115787322958 3.3220610467676255 3.3230063062122928 3.323951565656962 3.324896825101629 3.3258420845462964 3.3267873439909637 3.327732603435631 3.328677862880298 3.3296231223249655 3.3305683817696328 3.3315136412143 3.3324589006589673 3.3334041601036346 3.334349419548302
3.2983275494567144 3.2993949180170836 3.300462286577453 3.301529655137822 3.302597023698192 3.303664392258561 3.304731760818932 3.3057991293793014 3.3068664979396707 3.30793386650004 3.309001235060409 3.3100686036207785 3.311135972181148 3.3122033407415175 3.3132707093018867 3.314338077862256 3.31531024044353 3.3161806256789634 3.317051010914397 3.3179213961498317 3.3187917813852654 3.3196621666206987 3.320532551856132 3.3214029370915656 3.322273322326999 3.323143707562432 3.324014092797866 3.324884478033299 3.3257548632687324 3.326625248504166 3.3274956337395993 3.3283660189750326 3.3292364042104676 3.330106789445901 3.330977174681334 3.331847559916768 3.332717945152201 3.3335883303876344 3.334458715623068 3.3353291008585013 3.3361994860939346 3.3370698713293683 3.3379402565648015 3.338810641800235
3.3081492254963263 3.309003748142847 3.3098582707893676 3.310712793435888 3.311567316082409 3.31242183872893 3.313276361375452 3.3141308840219725 3.314985406668493 3.315839929315014 3.316694451961535 3.3175489746080555 3.318403497254576 3.319258019901097 3.3201125425476175 3.320967065194138 3.3217930663447786 3.3225885773709782 3.3233840883971775 3.3241795994233785 3.3249751104495777 3.3257706214757774 3.326566132501977 3.3273616435281763 3.328157154554376 3.3289526655805757 3.329748176606775 3.3305436876329746 3.331339198659174 3.3321347096853735 3.332930220711573 3.3337257317377724 3.3345212427639734 3.3353167537901727 3.3361122648163724 3.336907775842572 3.3377032868687713 3.338498797894971 3.3392943089211706 3.34008981994737 3.3408853309735695 3.341680841999769 3.3424763530259685 3.343271864052168
3.317970901535938 3.3186125782686102 3.3192542550012822 3.3198959317339543 3.3205376084666267 3.3211792851992987 3.3218209619319716 3.3224626386646436 3.323104315397316 3.323745992129988 3.32438766886266 3.325029345595332 3.325671022328004 3.326312699060676 3.3269543757933486 3.3275960525260206 3.328275892246027 3.3289965290629926 3.3297171658799583 3.330437802696925 3.3311584395138905 3.331879076330856 3.3325997131478218 3.3333203499647874 3.334040986781753 3.3347616235987187 3.3354822604156844 3.33620289723265 3.3369235340496153 3.337644170866581 3.3383648076835466 3.3390854445005123 3.3398060813174792 3.340526718134445 3.3412473549514106 3.3419679917683762 3.342688628585342 3.343409265402307 3.3441299022192728 3.3448505390362384 3.345571175853204 3.3462918126701697 3.3470124494871354 3.347733086304101
3.32779257757555 3.3282214083943735 3.328650239213197 3.3290790700320203 3.3295079008508437 3.3299367316696675 3.3303655624884914 3.330794393307315 3.3312232241261386 3.331652054944962 3.3320808857637854 3.3325097165826087 3.332938547401432 3.333367378220256 3.3337962090390794 3.3342250398579028 3.3347587181472753 3.335404480755007 3.3360502433627386 3.3366960059704716 3.337341768578203 3.337987531185935 3.3386332937936665 3.3392790564013985 3.33992481900913 3.340570581616862 3.3412163442245935 3.341862106832325 3.342507869440057 3.343153632047789 3.3437993946555205 3.344445157263252 3.345090919870985 3.3457366824787167 3.3463824450864483 3.3470282076941804 3.347673970301912 3.3483197329096437 3.3489654955173753 3.349611258125107 3.350257020732839 3.3509027833405707 3.3515485459483023 3.352194308556034
3.3376142536151705 3.3378302385201453 3.33804622342512 3.3382622083300943 3.338478193235069 3.338694178140044 3.338910163045019 3.3391261479499934 3.339342132854968 3.339558117759943 3.3397741026649177 3.3399900875698925 3.340206072474867 3.3404220573798415 3.3406380422848163 3.340854027189791 3.341241544048529 3.341812432447027 3.3423833208455247 3.3429542092440236 3.3435250976425213 3.344095986041019 3.344666874439517 3.3452377628380146 3.3458086512365126 3.3463795396350102 3.346950428033508 3.347521316432006 3.3480922048305035 3.348663093229001 3.349233981627499 3.349804870025997 3.3503757584244958 3.3509466468229934 3.351517535221491 3.352088423619989 3.3526593120184867 3.3532302004169847 3.3538010888154823 3.35437197721398 3.354942865612478 3.3555137540109756 3.3560846424094732 3.3566555308079713
3.3474359296547824 3.3474390686459086 3.3474422076370343 3.3474453466281604 3.3474484856192865 3.3474516246104127 3.347454763601539 3.3474579025926645 3.3474610415837907 3.347464180574917 3.347467319566043 3.347470458557169 3.347473597548295 3.347476736539421 3.347479875530547 3.347483014521673 3.3477243699497774 3.3482203841390414 3.348716398328305 3.34921241251757 3.349708426706834 3.3502044408960976 3.3507004550853616 3.3511964692746257 3.3516924834638893 3.3521884976531533 3.3526845118424173 3.353180526031681 3.353676540220945 3.354172554410209 3.3546685685994726 3.3551645827887366 3.3556605969780016 3.356156611167265 3.356652625356529 3.3571486395457932 3.357644653735057 3.358140667924321 3.358636682113585 3.3591326963028485 3.3596287104921125 3.3601247246813766 3.36062073887064 3.361116753059904
3.3572576056943944 3.357047898771672 3.3568381918489494 3.3566284849262265 3.356418778003504 3.3562090710807815 3.3559993641580586 3.355789657235336 3.3555799503126136 3.355370243389891 3.355160536467168 3.3549508295444457 3.354741122621723 3.3545314156990007 3.354321708776278 3.3541120018535553 3.354207195851026 3.354628335831056 3.355049475811086 3.3554706157911163 3.3558917557711463 3.3563128957511763 3.3567340357312063 3.3571551757112363 3.3575763156912664 3.3579974556712964 3.3584185956513264 3.3588397356313564 3.3592608756113864 3.3596820155914164 3.3601031555714465 3.3605242955514765 3.3609454355315074 3.3613665755115374 3.3617877154915674 3.3622088554715974 3.3626299954516274 3.3630511354316575 3.3634722754116875 3.3638934153917175 3.3643145553717475 3.3647356953517775 3.3651568353318075 3.365577975311837
3.3670792817340063 3.366656728897435 3.366234176060864 3.365811623224293 3.3653890703877214 3.3649665175511503 3.3645439647145783 3.364121411878007 3.363698859041436 3.363276306204865 3.362853753368294 3.3624312005317227 3.362008647695151 3.36158609485858 3.361163542022009 3.360740989185438 3.360690021752274 3.36103628752307 3.361382553293866 3.361728819064663 3.362075084835459 3.362421350606255 3.3627676163770515 3.3631138821478475 3.3634601479186435 3.36380641368944 3.364152679460236 3.364498945231032 3.364845211001828 3.3651914767726243 3.3655377425434203 3.3658840083142163 3.366230274085013 3.366576539855809 3.366922805626605 3.3672690713974016 3.3676153371681976 3.3679616029389936 3.3683078687097896 3.368654134480586 3.369000400251382 3.369346666022178 3.3696929317929745 3.3700391975637705
3.376900957773618 3.3762655590231985 3.3756301602727787 3.3749947615223586 3.374359362771939 3.373723964021519 3.3730885652710985 3.3724531665206783 3.3718177677702585 3.371182369019839 3.370546970269419 3.3699115715189993 3.3692761727685796 3.3686407740181594 3.3680053752677397 3.36736997651732 3.3671728476535225 3.3674442392150845 3.367715630776647 3.3679870223382093 3.3682584138997718 3.3685298054613337 3.368801197022896 3.3690725885844586 3.3693439801460205 3.369615371707583 3.369886763269145 3.3701581548307074 3.3704295463922693 3.3707009379538317 3.370972329515394 3.371243721076956 3.371515112638519 3.371786504200081 3.3720578957616434 3.372329287323206 3.3726006788847678 3.37287207044633 3.373143462007892 3.3734148535694546 3.3736862451310166 3.373957636692579 3.3742290282541414 3.3745004198157034
3.3867226338132346 3.3858743891489658 3.3850261444846974 3.384177899820429 3.3833296551561602 3.382481410491892 3.3816331658276217 3.3807849211633534 3.379936676499085 3.3790884318348167 3.378240187170548 3.3773919425062795 3.376543697842011 3.3756954531777423 3.374847208513474 3.3739989638492056 3.3736556735547736 3.373852190907102 3.3740487082594304 3.3742452256117588 3.374441742964087 3.3746382603164156 3.374834777668744 3.375031295021072 3.3752278123734003 3.3754243297257287 3.375620847078057 3.3758173644303855 3.3760138817827134 3.376210399135042 3.3764069164873702 3.3766034338396986 3.376799951192027 3.3769964685443554 3.377192985896684 3.3773895032490118 3.37758602060134 3.3777825379536686 3.377979055305997 3.3781755726583254 3.3783720900106533 3.3785686073629817 3.37876512471531 3.3789616420676385
3.3965443098528465 3.3954832192747295 3.394422128696612 3.393361038118495 3.392299947540378 3.3912388569622607 3.390177766384142 3.389116675806025 3.3880555852279075 3.3869944946497905 3.3859334040716735 3.384872313493556 3.383811222915439 3.382750132337322 3.3816890417592047 3.3806279511810877 3.380138499456022 3.3802601425991163 3.3803817857422107 3.3805034288853055 3.3806250720284 3.3807467151714943 3.3808683583145887 3.380990001457683 3.3811116446007774 3.3812332877438718 3.381354930886966 3.3814765740300605 3.381598217173155 3.3817198603162493 3.381841503459344 3.3819631466024385 3.382084789745533 3.382206432888627 3.3823280760317216 3.382449719174816 3.3825713623179103 3.382693005461005 3.3828146486040995 3.382936291747194 3.3830579348902883 3.3831795780333827 3.383301221176477 3.3834228643195714
3.4063659858924584 3.405092049400493 3.4038181129085268 3.402544176416561 3.4012702399245955 3.3999963034326295 3.3987223669406617 3.397448430448696 3.3961744939567304 3.3949005574647644 3.3936266209727988 3.392352684480833 3.391078747988867 3.3898048114969015 3.388530875004936 3.38725693851297 3.3866213253572703 3.3866680942911307 3.3867148632249915 3.386761632158852 3.3868084010927126 3.386855170026573 3.3869019389604333 3.386948707894294 3.3869954768281545 3.3870422457620153 3.3870890146958756 3.3871357836297364 3.387182552563597 3.387229321497457 3.387276090431318 3.3873228593651783 3.387369628299039 3.3874163972328994 3.3874631661667602 3.3875099351006206 3.387556704034481 3.3876034729683417 3.387650241902202 3.387697010836063 3.3877437797699232 3.3877905487037836 3.3878373176376444 3.3878840865715047
3.4161876619320743 3.41470087952626 3.4132140971204454 3.411727314714631 3.4102405323088165 3.4087537499030023 3.4072669674971854 3.4057801850913707 3.4042934026855565 3.402806620279742 3.4013198378739276 3.399833055468113 3.398346273062298 3.396859490656484 3.3953727082506693 3.393885925844855 3.3931041512585214 3.3930760459831477 3.3930479407077745 3.393019835432401 3.3929917301570276 3.3929636248816544 3.3929355196062807 3.3929074143309075 3.3928793090555343 3.3928512037801606 3.3928230985047874 3.392794993229414 3.3927668879540405 3.3927387826786672 3.3927106774032936 3.3926825721279203 3.392654466852547 3.3926263615771735 3.3925982563018002 3.392570151026427 3.3925420457510533 3.39251394047568 3.3924858352003064 3.392457729924933 3.39242962464956 3.3924015193741863 3.392373414098813 3.39234530882344
3.4260093379716863 3.4243097096520234 3.42261008133236 3.4209104530126972 3.419210824693034 3.417511196373371 3.415811568053705 3.414111939734042 3.412412311414379 3.4107126830947156 3.409013054775053 3.4073134264553895 3.4056137981357266 3.4039141698160633 3.4022145414964005 3.400514913176737 3.3995869771597693 3.399483997675162 3.399381018190555 3.3992780387059476 3.3991750592213403 3.399072079736733 3.398969100252126 3.3988661207675186 3.3987631412829113 3.3986601617983037 3.3985571823136964 3.398454202829089 3.398351223344482 3.3982482438598747 3.3981452643752674 3.39804228489066 3.397939305406053 3.3978363259214457 3.3977333464368384 3.3976303669522308 3.3975273874676235 3.3974244079830163 3.397321428498409 3.3972184490138018 3.3971154695291945 3.3970124900445873 3.39690951055998 3.396806531075373
3.435831014011298 3.4339185397777867 3.432006065544275 3.4300935913107633 3.4281811170772514 3.42626864284374 3.424356168610225 3.4224436943767134 3.4205312201432014 3.41861874590969 3.416706271676178 3.4147937974426665 3.4128813232091546 3.410968848975643 3.409056374742131 3.4071439005086197 3.4060698030610177 3.4058919493671764 3.4057140956733356 3.405536241979494 3.405358388285653 3.405180534591812 3.4050026808979705 3.4048248272041293 3.404646973510288 3.404469119816447 3.404291266122606 3.4041134124287646 3.4039355587349234 3.4037577050410825 3.4035798513472413 3.4034019976534 3.4032241439595587 3.4030462902657175 3.402868436571876 3.402690582878035 3.402512729184194 3.402334875490353 3.4021570217965116 3.4019791681026703 3.4018013144088295 3.4016234607149882 3.401445607021147 3.4012677533273057
