Figures/CREST_Example_wjb_NSE/PETs/wjb.pet.20100518.asc
ncols            288
nrows            254
xllcorner        113.274861
yllcorner        31.4918055
cellsize         0.008333333333
NODATA_value     -9999
[rows 120 to 139 of 254, columns 88 to 131 of 288]
2.211000927370125 2.210067247287764 2.209133567205403 2.208199887123041 2.20726620704068 2.206332526958319 2.205398846875958 2.204465166793597 2.203531486711236 2.202597806628875 2.201664126546514 2.2007304464641533 2.1997967663817923 2.198863086299432 2.1985741672776946 2.198974512408584 2.1993748575394747 2.1997752026703643 2.200175547801254 2.2005758929321435 2.200976238063033 2.2013765831939227 2.2017769283248128 2.2021772734557024 2.202577618586592 2.2029779637174816 2.203378308848371 2.2037786539792608 2.2041789991101504 2.204579344241041 2.2049796893719305 2.20538003450282 2.2057803796337097 2.2061807247645993 2.2065810698954893 2.206981415026379 2.2073817601572685 2.207782105288158 2.2081824504190477 2.2085827955499373 2.208983140680827 2.2093834858117165 2.209783830942607 2.2101841760734966
2.2027760737485753 2.2018374829925027 2.2008988922364296 2.199960301480355 2.1990217107242818 2.198083119968209 2.197144529212136 2.196205938456063 2.19526734769999 2.194328756943917 2.193390166187844 2.1924515754317713 2.191512984675698 2.190574393919625 2.190288749877818 2.1907011206374674 2.1911134913971178 2.1915258621567677 2.191938232916417 2.192350603676067 2.1927629744357167 2.1931753451953666 2.193587715955016 2.194000086714666 2.1944124574743156 2.1948248282339655 2.195237198993615 2.195649569753265 2.1960619405129145 2.1964743112725653 2.196886682032215 2.1972990527918648 2.1977114235515143 2.1981237943111642 2.1985361650708137 2.1989485358304637 2.199360906590113 2.199773277349763 2.2001856481094126 2.2005980188690626 2.201010389628712 2.201422760388362 2.2018351311480124 2.202247501907662
2.194551220127026 2.193607718697241 2.192664217267456 2.1917207158376693 2.190777214407884 2.1898337129780994 2.188890211548314 2.187946710118529 2.1870032086887443 2.186059707258959 2.185116205829174 2.1841727043993893 2.183229202969604 2.182285701539819 2.1820033324779415 2.182427728866351 2.1828521252547617 2.1832765216431715 2.1837009180315814 2.1841253144199912 2.1845497108084007 2.1849741071968105 2.1853985035852204 2.18582289997363 2.18624729636204 2.18667169275045 2.18709608913886 2.1875204855272696 2.187944881915679 2.18836927830409 2.1887936746924996 2.1892180710809095 2.1896424674693193 2.190066863857729 2.1904912602461386 2.1909156566345485 2.1913400530229583 2.191764449411368 2.192188845799778 2.192613242188188 2.1930376385765977 2.1934620349650076 2.193886431353418 2.1943108277418277
2.1863263665054764 2.1853779544019796 2.1844295422984823 2.1834811301949837 2.1825327180914864 2.1815843059879896 2.1806358938844923 2.1796874817809955 2.178739069677498 2.1777906575740014 2.176842245470504 2.1758938333670073 2.17494542126351 2.1739970091600127 2.1737179150780648 2.1741543370952345 2.174590759112405 2.1750271811295754 2.175463603146745 2.175900025163915 2.1763364471810847 2.1767728691982544 2.1772092912154246 2.1776457132325944 2.178082135249764 2.178518557266934 2.178954979284104 2.179391401301274 2.1798278233184436 2.1802642453356142 2.180700667352784 2.1811370893699538 2.181573511387124 2.1820099334042937 2.1824463554214635 2.1828827774386332 2.1833191994558034 2.183755621472973 2.184192043490143 2.1846284655073127 2.1850648875244825 2.1855013095416527 2.1859377315588233 2.186374153575993
2.17810151288392 2.177148190106711 2.1761948673295017 2.175241544552291 2.174288221775082 2.1733348989978727 2.1723815762206637 2.1714282534434544 2.1704749306662454 2.1695216078890365 2.168568285111827 2.167614962334618 2.1666616395574088 2.1657083167802 2.1654324976781814 2.1658809453241115 2.166329392970042 2.166777840615972 2.167226288261902 2.167674735907832 2.1681231835537615 2.1685716311996917 2.1690200788456218 2.1694685264915514 2.1699169741374815 2.1703654217834116 2.1708138694293413 2.1712623170752714 2.1717107647212015 2.172159212367132 2.172607660013062 2.173056107658992 2.173504555304922 2.173953002950852 2.1744014505967817 2.174849898242712 2.1752983458886415 2.1757467935345716 2.1761952411805017 2.1766436888264313 2.1770921364723614 2.1775405841182915 2.177989031764222 2.178437479410152
2.169876659262371 2.1689184258114493 2.1679601923605283 2.1670019589096055 2.1660437254586844 2.165085492007763 2.164127258556842 2.163169025105921 2.1622107916549997 2.1612525582040782 2.160294324753157 2.159336091302236 2.1583778578513146 2.1574196244003936 2.157147080278305 2.157607553552995 2.1580680268276855 2.1585285001023755 2.1589889733770655 2.1594494466517555 2.1599099199264455 2.1603703932011356 2.1608308664758256 2.1612913397505156 2.1617518130252056 2.1622122862998956 2.1626727595745856 2.1631332328492756 2.1635937061239656 2.1640541793986565 2.1645146526733465 2.1649751259480365 2.1654355992227265 2.1658960724974166 2.1663565457721066 2.1668170190467966 2.1672774923214866 2.1677379655961766 2.1681984388708666 2.1686589121455566 2.1691193854202466 2.1695798586949366 2.1700403319696275 2.1705008052443175
2.1616518056408216 2.160688661516188 2.159725517391555 2.15876237326692 2.1577992291422867 2.1568360850176536 2.1558729408930204 2.154909796768387 2.1539466526437536 2.1529835085191205 2.1520203643944873 2.151057220269854 2.1500940761452205 2.1491309320205874 2.1488616628784283 2.1493341617818786 2.1498066606853294 2.1502791595887794 2.1507516584922297 2.1512241573956796 2.1516966562991295 2.15216915520258 2.15264165410603 2.1531141530094797 2.15358665191293 2.15405915081638 2.1545316497198304 2.1550041486232803 2.15547664752673 2.155949146430181 2.1564216453336313 2.1568941442370813 2.1573666431405316 2.1578391420439815 2.1583116409474314 2.158784139850882 2.1592566387543317 2.1597291376577816 2.160201636561232 2.160674135464682 2.1611466343681323 2.161619133271582 2.162091632175033 2.162564131078483
2.153426952019272 2.1524588972209266 2.1514908424225814 2.1505227876242343 2.149554732825889 2.1485866780275438 2.1476186232291985 2.1466505684308532 2.145682513632508 2.1447144588341627 2.1437464040358174 2.142778349237472 2.141810294439127 2.1408422396407816 2.140576245478552 2.1410607700107622 2.141545294542973 2.142029819075183 2.1425143436073935 2.1429988681396037 2.1434833926718135 2.143967917204024 2.144452441736234 2.1449369662684443 2.145421490800654 2.1459060153328644 2.1463905398650747 2.146875064397285 2.1473595889294947 2.147844113461706 2.148328637993916 2.148813162526126 2.1492976870583362 2.1497822115905465 2.1502667361227568 2.1507512606549666 2.151235785187177 2.151720309719387 2.1522048342515974 2.152689358783807 2.1531738833160174 2.1536584078482277 2.154142932380439 2.1546274569126487
2.1452020983977222 2.144229132925665 2.1432561674536075 2.1422832019815483 2.141310236509491 2.1403372710374335 2.139364305565376 2.1383913400933188 2.137418374621262 2.1364454091492044 2.135472443677147 2.1344994782050897 2.1335265127330323 2.132553547260975 2.132290828078675 2.1327873782396454 2.1332839284006164 2.1337804785615866 2.1342770287225568 2.134773578883527 2.135270129044497 2.1357666792054677 2.136263229366438 2.136759779527408 2.137256329688378 2.1377528798493484 2.1382494300103185 2.1387459801712887 2.139242530332259 2.13973908049323 2.1402356306542005 2.1407321808151707 2.141228730976141 2.141725281137111 2.142221831298081 2.1427183814590514 2.1432149316200215 2.1437114817809917 2.1442080319419623 2.1447045821029325 2.1452011322639026 2.145697682424873 2.146194232585844 2.146690782746814
2.1369772447761726 2.135999368630403 2.135021492484634 2.1340436163388627 2.1330657401930933 2.1320878640473238 2.1311099879015547 2.130132111755785 2.1291542356100157 2.128176359464246 2.127198483318477 2.1262206071727077 2.125242731026938 2.1242648548811687 2.1240054106787984 2.124513986468529 2.12502256225826 2.1255311380479904 2.1260397138377205 2.126548289627451 2.127056865417181 2.1275654412069116 2.1280740169966417 2.128582592786372 2.1290911685761023 2.1295997443658328 2.130108320155563 2.1306168959452934 2.1311254717350234 2.131634047524755 2.132142623314485 2.1326511991042154 2.1331597748939455 2.133668350683676 2.134176926473406 2.1346855022631366 2.135194078052867 2.135702653842597 2.1362112296323277 2.1367198054220577 2.1372283812117883 2.1377369570015183 2.1382455327912497 2.13875410858098
2.1287523911546233 2.1277696043351417 2.1267868175156606 2.125804030696177 2.124821243876696 2.1238384570572144 2.122855670237733 2.1218728834182516 2.12089009659877 2.1199073097792884 2.118924522959807 2.1179417361403257 2.116958949320844 2.1159761625013624 2.115719993278922 2.1162405946974125 2.116761196115904 2.1172817975343943 2.1178023989528847 2.118323000371375 2.118843601789865 2.1193642032083555 2.119884804626846 2.1204054060453363 2.1209260074638268 2.121446608882317 2.1219672103008076 2.122487811719298 2.1230084131377884 2.1235290145562793 2.1240496159747697 2.12457021739326 2.1250908188117505 2.125611420230241 2.1261320216487314 2.126652623067222 2.127173224485712 2.1276938259042026 2.1282144273226926 2.128735028741183 2.1292556301596735 2.129776231578164 2.130296832996655 2.1308174344151456
2.120527537533067 2.1195398400398733 2.1185521425466796 2.1175644450534845 2.1165767475602912 2.1155890500670975 2.114601352573904 2.1136136550807105 2.112625957587517 2.1116382600943235 2.11065056260113 2.1096628651079365 2.108675167614743 2.1076874701215496 2.1074345758790387 2.107967202926289 2.1084998299735402 2.109032457020791 2.1095650840680413 2.1100977111152917 2.110630338162542 2.1111629652097927 2.111695592257043 2.1122282193042934 2.112760846351544 2.1132934733987945 2.113826100446045 2.114358727493295 2.114891354540546 2.115423981587797 2.1159566086350474 2.1164892356822977 2.1170218627295485 2.117554489776799 2.118087116824049 2.1186197438713 2.1191523709185502 2.1196849979658006 2.120217625013051 2.1207502520603017 2.121282879107552 2.1218155061548023 2.1223481332020535 2.1228807602493043
2.1123026839115173 2.111310075744612 2.1103174675777066 2.109324859410799 2.1083322512438936 2.1073396430769877 2.1063470349100823 2.105354426743177 2.104361818576271 2.1033692104093658 2.10237660224246 2.1013839940755545 2.1003913859086487 2.0993987777417433 2.0991491584791624 2.0996938111551726 2.100238463831184 2.100783116507195 2.101327769183205 2.1018724218592157 2.1024170745352264 2.1029617272112366 2.1035063798872473 2.1040510325632575 2.104595685239268 2.105140337915279 2.105684990591289 2.1062296432673 2.1067742959433104 2.1073189486193216 2.1078636012953322 2.108408253971343 2.108952906647353 2.109497559323364 2.1100422119993745 2.1105868646753847 2.1111315173513954 2.111676170027406 2.1122208227034163 2.112765475379427 2.1133101280554376 2.113854780731448 2.1143994334074594 2.11494408608347
2.104077830289968 2.1030803114493506 2.1020827926087327 2.1010852737681134 2.100087754927496 2.0990902360868784 2.0980927172462605 2.097095198405643 2.0960976795650255 2.0951001607244075 2.09410264188379 2.0931051230431725 2.092107604202555 2.091110085361937 2.0908637410792856 2.091420419384056 2.0919770976888277 2.0925337759935982 2.093090454298369 2.0936471326031394 2.09420381090791 2.0947604892126805 2.095317167517451 2.0958738458222217 2.0964305241269923 2.096987202431763 2.0975438807365334 2.098100559041304 2.0986572373460746 2.099213915650846 2.0997705939556166 2.100327272260387 2.1008839505651578 2.1014406288699283 2.101997307174699 2.1025539854794695 2.10311066378424 2.1036673420890106 2.104224020393781 2.1047806986985518 2.1053373770033224 2.105894055308093 2.1064507336128644 2.107007411917635
2.0958529766684184 2.094850547154089 2.0938481176397588 2.0928456881254274 2.0918432586110978 2.090840829096768 2.0898383995824386 2.088835970068109 2.087833540553779 2.0868311110394493 2.0858286815251197 2.08482625201079 2.0838238224964605 2.082821392982131 2.082578323679409 2.0831470276129394 2.083715731546471 2.0842844354800016 2.0848531394135326 2.085421843347063 2.085990547280594 2.0865592512141244 2.087127955147655 2.087696659081186 2.0882653630147163 2.0888340669482472 2.0894027708817777 2.089971474815308 2.090540178748839 2.0911088826823705 2.0916775866159014 2.092246290549432 2.092814994482963 2.0933836984164933 2.093952402350024 2.0945211062835547 2.095089810217085 2.095658514150616 2.0962272180841466 2.0967959220176775 2.097364625951208 2.0979333298847385 2.0985020338182703 2.0990707377518008
2.0876281230468687 2.086620782858827 2.0856134426707853 2.084606102482742 2.0835987622947 2.0825914221066584 2.0815840819186167 2.080576741730575 2.0795694015425332 2.0785620613544915 2.07755472116645 2.076547380978408 2.0755400407903664 2.0745327006023246 2.0742929062795326 2.074873635841823 2.0754543654041147 2.0760350949664055 2.0766158245286963 2.077196554090987 2.077777283653278 2.0783580132155683 2.078938742777859 2.07951947234015 2.080100201902441 2.0806809314647317 2.081261661027022 2.081842390589313 2.0824231201516037 2.0830038497138954 2.0835845792761862 2.084165308838477 2.0847460384007674 2.0853267679630583 2.085907497525349 2.08648822708764 2.0870689566499303 2.087649686212221 2.088230415774512 2.088811145336803 2.0893918748990936 2.089972604461384 2.0905533340236757 2.0911340635859665
2.0794032694253195 2.0783910185635657 2.077378767701812 2.0763665168400562 2.0753542659783024 2.074342015116549 2.073329764254795 2.0723175133930414 2.0713052625312875 2.0702930116695337 2.06928076080778 2.068268509946026 2.0672562590842722 2.0662440082225184 2.066007488879656 2.0666002440707065 2.0671929992617586 2.0677857544528093 2.06837850964386 2.068971264834911 2.0695640200259615 2.0701567752170127 2.0707495304080634 2.071342285599114 2.071935040790165 2.0725277959812156 2.0731205511722663 2.073713306363317 2.074306061554368 2.07489881674542 2.0754915719364706 2.0760843271275213 2.076677082318572 2.077269837509623 2.077862592700674 2.0784553478917247 2.0790481030827754 2.079640858273826 2.080233613464877 2.0808263686559276 2.0814191238469784 2.0820118790380295 2.082604634229081 2.083197389420132
2.0711784158037627 2.0701612542682972 2.0691440927328313 2.0681269311973636 2.0671097696618976 2.066092608126432 2.065075446590966 2.0640582850555003 2.0630411235200343 2.062023961984569 2.061006800449103 2.059989638913637 2.058972477378171 2.057955315842705 2.0577220714797724 2.0583268522995835 2.058931633119395 2.059536413939206 2.060141194759017 2.0607459755788278 2.061350756398639 2.0619555372184495 2.0625603180382606 2.063165098858071 2.0637698796778823 2.064374660497693 2.064979441317504 2.065584222137315 2.0661890029571257 2.0667937837769377 2.0673985645967483 2.0680033454165594 2.0686081262363705 2.069212907056181 2.069817687875992 2.070422468695803 2.071027249515614 2.0716320303354245 2.0722368111552356 2.0728415919750462 2.0734463727948573 2.074051153614668 2.07465593443448 2.075260715254291
2.0629535621822135 2.061931489973036 2.060909417763858 2.059887345554678 2.0588652733455004 2.0578432011363224 2.0568211289271443 2.0557990567179667 2.0547769845087887 2.0537549122996106 2.052732840090433 2.051710767881255 2.050688695672077 2.0496666234628993 2.049436654079896 2.050053460528467 2.050670266977039 2.05128707342561 2.051903879874181 2.052520686322752 2.0531374927713224 2.0537542992198934 2.0543711056684644 2.0549879121170354 2.0556047185656063 2.0562215250141773 2.0568383314627483 2.0574551379113193 2.0580719443598903 2.058688750808462 2.059305557257033 2.059922363705604 2.060539170154175 2.0611559766027456 2.0617727830513166 2.0623895894998876 2.0630063959484586 2.0636232023970296 2.0642400088456005 2.0648568152941715 2.0654736217427425 2.0660904281913135 2.0667072346398854 2.0673240410884564
2.0547287085606643 2.053701725677774 2.0526747427948844 2.0516477599119924 2.0506207770291027 2.0495937941462126 2.048566811263323 2.0475398283804327 2.046512845497543 2.045485862614653 2.044458879731763 2.043431896848873 2.042404913965983 2.041377931083093 2.0411512366800193 2.0417800687573506 2.0424089008346824 2.0430377329120137 2.0436665649893446 2.0442953970666755 2.044924229144007 2.0455530612213377 2.0461818932986686 2.0468107253759995 2.047439557453331 2.0480683895306617 2.0486972216079926 2.0493260536853235 2.049954885762655 2.0505837178399866 2.051212549917318 2.051841381994649 2.0524702140719797 2.0530990461493106 2.053727878226642 2.054356710303973 2.0549855423813037 2.055614374458635 2.056243206535966 2.056872038613297 2.0575008706906277 2.058129702767959 2.058758534845291 2.059387366922622
