Figures/CREST_Example_wjb_NSE/PETs/wjb.pet.20090317.asc
ncols            288
nrows            254
xllcorner        113.274861
yllcorner        31.4918055
cellsize         0.008333333333
NODATA_value     -9999
[rows 120 to 139 of 254, columns 44 to 87 of 288]
2.1820167607668948 2.1832580602970775 2.1844993598272606 2.1857406593574433 2.1869819588876265 2.188223258417809 2.1894645579479923 2.1907058574781755 2.1919471570083604 2.193188456538543 2.1944297560687263 2.1956710555989094 2.196912355129092 2.1981536546592753 2.199394954189458 2.200636253719641 2.201877553249824 2.203118852780007 2.2043601523101897 2.205601451840373 2.206842751370556 2.208084050900741 2.2093253504309236 2.2105666499611067 2.21180794949129 2.2130492490214726 2.2142905485516557 2.2155318480818385 2.216417645561059 2.2169234033113003 2.217429161061542 2.2179349188117836 2.218440676562025 2.2189464343122665 2.219452192062509 2.21995794981275 2.220463707562992 2.2209694653132335 2.2214752230634747 2.2219809808137163 2.222486738563958 2.222992496314199 2.223498254064441 2.2240040118146824
2.1844607689651188 2.185683986522142 2.1869072040791644 2.1881304216361874 2.18935363919321 2.190576856750233 2.191800074307256 2.1930232918642787 2.1942465094213035 2.1954697269783265 2.1966929445353496 2.197916162092372 2.199139379649395 2.200362597206418 2.201585814763441 2.2028090323204634 2.2040322498774865 2.205255467434509 2.206478684991532 2.207701902548555 2.2089251201055777 2.2101483376626025 2.2113715552196256 2.212594772776648 2.213817990333671 2.2150412078906943 2.216264425447717 2.21748764300474 2.218348044861229 2.218820588532016 2.2192931322028024 2.219765675873589 2.2202382195443757 2.220710763215162 2.2211833068859494 2.221655850556736 2.2221283942275227 2.222600937898309 2.2230734815690956 2.2235460252398824 2.224018568910669 2.2244911125814553 2.224963656252242 2.2254361999230285
2.1869047771633436 2.188109912747206 2.189315048331069 2.1905201839149315 2.1917253194987945 2.192930455082657 2.19413559066652 2.1953407262503823 2.1965458618342475 2.19775099741811 2.198956133001973 2.2001612685858354 2.2013664041696983 2.202571539753561 2.2037766753374237 2.204981810921286 2.206186946505149 2.2073920820890116 2.2085972176728745 2.209802353256737 2.2110074888406 2.2122126244244646 2.2134177600083276 2.21462289559219 2.215828031176053 2.2170331667599155 2.2182383023437784 2.219443437927641 2.2202784441613996 2.2207177737527313 2.221157103344063 2.2215964329353945 2.222035762526726 2.222475092118058 2.22291442170939 2.2233537513007215 2.223793080892053 2.224232410483385 2.2246717400747165 2.225111069666048 2.2255503992573797 2.2259897288487114 2.226429058440043 2.2268683880313747
2.1893487853615676 2.1905358389722704 2.191722892582973 2.1929099461936756 2.194096999804378 2.195284053415081 2.196471107025783 2.197658160636486 2.1988452142471906 2.2000322678578934 2.201219321468596 2.2024063750792986 2.203593428690001 2.204780482300704 2.205967535911406 2.207154589522109 2.2083416431328113 2.209528696743514 2.2107157503542165 2.2119028039649193 2.2130898575756217 2.2142769111863263 2.215463964797029 2.216651018407732 2.2178380720184343 2.219025125629137 2.2202121792398395 2.2213992328505423 2.2222088434615697 2.2226149589734465 2.2230210744853234 2.2234271899972 2.2238333055090767 2.2242394210209535 2.224645536532831 2.2250516520447077 2.225457767556584 2.225863883068461 2.226269998580338 2.226676114092214 2.227082229604091 2.227488345115968 2.2278944606278444 2.228300576139721
2.1917927935597943 2.1929617651973365 2.1941307368348792 2.1952997084724215 2.196468680109964 2.1976376517475065 2.198806623385049 2.1999755950225914 2.201144566660136 2.2023135382976786 2.203482509935221 2.2046514815727636 2.205820453210306 2.2069894248478485 2.208158396485391 2.2093273681229335 2.2104963397604758 2.2116653113980185 2.2128342830355607 2.2140032546731034 2.2151722263106457 2.21634119794819 2.217510169585733 2.218679141223275 2.219848112860818 2.22101708449836 2.222186056135903 2.223355027773445 2.224139242761742 2.2245121441941635 2.224885045626585 2.2252579470590073 2.225630848491429 2.2260037499238505 2.226376651356273 2.2267495527886947 2.2271224542211163 2.2274953556535384 2.22786825708596 2.2282411585183817 2.2286140599508033 2.2289869613832254 2.229359862815647 2.2297327642480687
2.1942368017580183 2.195387691422401 2.196538581086783 2.1976894707511656 2.1988403604155478 2.1999912500799303 2.2011421397443125 2.202293029408695 2.2034439190730795 2.2045948087374616 2.205745698401844 2.2068965880662264 2.208047477730609 2.209198367394991 2.2103492570593737 2.211500146723756 2.2126510363881384 2.2138019260525206 2.214952815716903 2.2161037053812853 2.217254595045668 2.2184054847100523 2.2195563743744344 2.220707264038817 2.221858153703199 2.2230090433675818 2.224159933031964 2.2253108226963465 2.226069642061912 2.226409329414879 2.2267490167678456 2.2270887041208125 2.2274283914737794 2.227768078826746 2.2281077661797135 2.2284474535326804 2.2287871408856472 2.229126828238614 2.229466515591581 2.229806202944548 2.2301458902975146 2.2304855776504815 2.2308252650034484 2.231164952356415
2.196680809956243 2.197813617647465 2.1989464253386877 2.2000792330299097 2.201212040721132 2.2023448484123542 2.2034776561035767 2.2046104637947987 2.205743271486023 2.206876079177245 2.2080088868684675 2.2091416945596896 2.210274502250912 2.211407309942134 2.2125401176333566 2.2136729253245786 2.214805733015801 2.215938540707023 2.2170713483982456 2.2182041560894676 2.2193369637806897 2.220469771471914 2.2216025791631364 2.2227353868543585 2.223868194545581 2.225001002236803 2.2261338099280255 2.2272666176192475 2.2280000413620824 2.228306514635594 2.228612987909106 2.228919461182618 2.22922593445613 2.229532407729642 2.2298388810031544 2.230145354276666 2.230451827550178 2.23075830082369 2.231064774097202 2.231371247370714 2.231677720644226 2.2319841939177376 2.2322906671912497 2.2325971404647618
2.199124818154467 2.2002395438725295 2.2013542695905914 2.202468995308654 2.2035837210267157 2.204698446744778 2.20581317246284 2.2069278981809024 2.208042623898966 2.2091573496170285 2.2102720753350904 2.2113868010531528 2.2125015267712147 2.213616252489277 2.214730978207339 2.2158457039254014 2.2169604296434633 2.2180751553615257 2.2191898810795876 2.22030460679765 2.221419332515712 2.222534058233776 2.223648783951838 2.2247635096699003 2.2258782353879623 2.2269929611060246 2.2281076868240866 2.229222412542149 2.2299304406622524 2.2302036998563097 2.2304769590503666 2.2307502182444234 2.2310234774384807 2.2312967366325376 2.231569995826595 2.231843255020652 2.232116514214709 2.232389773408766 2.2326630326028227 2.23293629179688 2.233209550990937 2.2334828101849937 2.233756069379051 2.234029328573108
2.2015688263526916 2.2026654700975934 2.2037621138424957 2.2048587575873975 2.2059554013322997 2.2070520450772015 2.208148688822104 2.2092453325670056 2.2103419763119097 2.2114386200568115 2.2125352638017137 2.2136319075466155 2.214728551291518 2.2158251950364196 2.216921838781322 2.2180184825262237 2.219115126271126 2.2202117700160278 2.22130841376093 2.222405057505832 2.223501701250734 2.2245983449956377 2.22569498874054 2.2267916324854418 2.227888276230344 2.228984919975246 2.230081563720148 2.23117820746505 2.231860839962423 2.232100885077025 2.232340930191627 2.232580975306229 2.232821020420831 2.2330610655354333 2.233301110650036 2.233541155764638 2.23378120087924 2.234021245993842 2.234261291108444 2.234501336223046 2.234741381337648 2.23498142645225 2.235221471566852 2.235461516681454
2.204012834550916 2.2050913963226577 2.2061699580943994 2.2072485198661416 2.2083270816378833 2.2094056434096254 2.210484205181367 2.2115627669531093 2.2126413287248528 2.213719890496595 2.2147984522683366 2.2158770140400788 2.2169555758118205 2.2180341375835626 2.2191126993553043 2.2201912611270465 2.221269822898788 2.2223483846705303 2.223426946442272 2.224505508214014 2.225584069985756 2.2266626317575 2.2277411935292415 2.2288197553009836 2.2298983170727253 2.230976878844467 2.232055440616209 2.233134002387951 2.233791239262593 2.2339980702977402 2.2342049013328875 2.2344117323680344 2.2346185634031817 2.234825394438329 2.2350322254734762 2.2352390565086235 2.2354458875437704 2.2356527185789177 2.235859549614065 2.236066380649212 2.236273211684359 2.2364800427195064 2.2366868737546532 2.2368937047898005
2.2064568427491404 2.207517322547722 2.208577802346304 2.2096382821448857 2.2106987619434677 2.2117592417420493 2.2128197215406313 2.213880201339213 2.2149406811377967 2.2160011609363783 2.21706164073496 2.218122120533542 2.2191826003321236 2.2202430801307056 2.221303559929287 2.2223640397278692 2.223424519526451 2.224484999325033 2.2255454791236144 2.226605958922196 2.227666438720778 2.2287269185193614 2.2297873983179435 2.230847878116525 2.231908357915107 2.2329688377136887 2.2340293175122703 2.2350897973108523 2.2357216385627634 2.2358952555184555 2.236068872474148 2.23624248942984 2.236416106385532 2.2365897233412246 2.236763340296917 2.236936957252609 2.2371105742083013 2.237284191163994 2.237457808119686 2.237631425075378 2.2378050420310704 2.2379786589867625 2.2381522759424546 2.238325892898147
2.2089008509473667 2.2099432487727886 2.21098564659821 2.212028044423632 2.2130704422490535 2.214112840074475 2.215155237899897 2.2161976357253184 2.2172400335507416 2.2182824313761635 2.219324829201585 2.220367227027007 2.2214096248524284 2.22245202267785 2.223494420503272 2.2245368183286933 2.225579216154115 2.2266216139795367 2.227664011804958 2.2287064096303797 2.2297488074558016 2.230791205281225 2.231833603106647 2.2328760009320683 2.2339183987574898 2.2349607965829117 2.236003194408333 2.2370455922337547 2.2376520378629348 2.237792440739172 2.2379328436154093 2.2380732464916466 2.238213649367884 2.238354052244121 2.238494455120359 2.2386348579965962 2.2387752608728335 2.238915663749071 2.239056066625308 2.2391964695015454 2.2393368723777827 2.23947727525402 2.2396176781302573 2.2397580810064945
2.211344859145591 2.2123691749978525 2.2133934908501143 2.2144178067023756 2.2154421225546375 2.216466438406899 2.21749075425916 2.218515070111422 2.219539385963685 2.2205637018159465 2.2215880176682083 2.2226123335204697 2.223636649372731 2.224660965224993 2.2256852810772543 2.226709596929516 2.2277339127817775 2.228758228634039 2.2297825444863006 2.230806860338562 2.2318311761908234 2.232855492043087 2.2338798078953483 2.2349041237476097 2.2359284395998715 2.236952755452133 2.2379770713043943 2.239001387156656 2.2395824371631052 2.2396896259598877 2.23979681475667 2.2399040035534523 2.240011192350235 2.240118381147017 2.2402255699437994 2.240332758740582 2.2404399475373644 2.2405471363341465 2.240654325130929 2.2407615139277115 2.2408687027244936 2.240975891521276 2.241083080318058 2.2411902691148406
2.2137888673438155 2.214795101222917 2.215801335102018 2.2168075689811197 2.217813802860221 2.2188200367393223 2.219826270618424 2.2208325044975252 2.2218387383766283 2.22284497225573 2.2238512061348312 2.224857440013933 2.225863673893034 2.2268699077721354 2.227876141651237 2.2288823755303384 2.2298886094094397 2.2308948432885414 2.2319010771676426 2.232907311046744 2.2339135449258456 2.2349197788049486 2.23592601268405 2.2369322465631516 2.237938480442253 2.2389447143213546 2.239950948200456 2.240957182079557 2.2415128364632757 2.241586811180603 2.2416607858979303 2.2417347606152576 2.2418087353325853 2.2418827100499126 2.2419566847672403 2.2420306594845676 2.242104634201895 2.2421786089192226 2.24225258363655 2.242326558353877 2.242400533071205 2.242474507788532 2.2425484825058595 2.242622457223187
2.21623287554204 2.2172210274479816 2.2182091793539227 2.219197331259864 2.2201854831658054 2.2211736350717466 2.2221617869776877 2.2231499388836293 2.2241380907895723 2.2251262426955134 2.226114394601455 2.227102546507396 2.2280906984133373 2.229078850319279 2.23006700222522 2.2310551541311616 2.2320433060371028 2.233031457943044 2.2340196098489855 2.2350077617549267 2.235995913660868 2.236984065566811 2.2379722174727523 2.2389603693786935 2.239948521284635 2.240936673190576 2.2419248250965174 2.242912977002459 2.243443235763446 2.2434839964013187 2.243524757039191 2.2435655176770637 2.243606278314936 2.2436470389528087 2.243687799590681 2.2437285602285537 2.243769320866426 2.2438100815042987 2.2438508421421712 2.2438916027800437 2.2439323634179162 2.2439731240557887 2.244013884693661 2.2440546453315333
2.2186768837402644 2.2196469536730454 2.220617023605827 2.221587093538608 2.222557163471389 2.2235272334041705 2.2244973033369515 2.2254673732697325 2.2264374432025154 2.227407513135297 2.228377583068078 2.2293476530008594 2.2303177229336404 2.2312877928664214 2.232257862799203 2.233227932731984 2.234198002664765 2.2351680725975465 2.2361381425303275 2.237108212463109 2.23807828239589 2.239048352328673 2.240018422261454 2.2409884921942353 2.2419585621270164 2.2429286320597974 2.243898701992579 2.24486877192536 2.2453736350636166 2.245381181622034 2.2453887281804517 2.2453962747388694 2.2454038212972867 2.2454113678557044 2.2454189144141217 2.2454264609725394 2.245434007530957 2.2454415540893744 2.245449100647792 2.24545664720621 2.245464193764627 2.245471740323045 2.2454792868814626 2.24548683343988
2.2211208919384884 2.2220728798981098 2.2230248678577307 2.2239768558173516 2.224928843776973 2.225880831736594 2.2268328196962153 2.227784807655836 2.228736795615459 2.22968878357508 2.230640771534701 2.231592759494322 2.232544747453943 2.2334967354135644 2.2344487233731853 2.2354007113328067 2.2363526992924276 2.2373046872520486 2.23825667521167 2.239208663171291 2.240160651130912 2.2411126390905345 2.242064627050156 2.243016615009777 2.243968602969398 2.244920590929019 2.24587257888864 2.2468245668482614 2.2473040343637867 2.247278366842749 2.247252699321712 2.2472270318006746 2.247201364279637 2.2471756967586 2.2471500292375626 2.247124361716525 2.247098694195488 2.2470730266744505 2.247047359153413 2.2470216916323755 2.2469960241113385 2.246970356590301 2.2469446890692635 2.2469190215482264
2.223564900136715 2.224498806123176 2.2254327121096367 2.226366618096098 2.2273005240825587 2.2282344300690196 2.229168336055481 2.2301022420419416 2.231036148028404 2.231970054014865 2.232903960001326 2.233837865987787 2.234771771974248 2.2357056779607087 2.23663958394717 2.237573489933631 2.2385073959200916 2.239441301906553 2.2403752078930137 2.2413091138794745 2.2422430198659353 2.243176925852398 2.244110831838859 2.24504473782532 2.245978643811781 2.246912549798242 2.247846455784703 2.2487803617711637 2.2492344336639585 2.249175552063466 2.2491166704629735 2.249057788862481 2.248998907261989 2.2489400256614966 2.2488811440610044 2.248822262460512 2.24876338086002 2.2487044992595275 2.2486456176590353 2.248586736058543 2.2485278544580507 2.2484689728575584 2.248410091257066 2.248351209656574
2.226008908334939 2.22692473234824 2.227840556361541 2.2287563803748416 2.2296722043881427 2.2305880284014434 2.231503852414744 2.232419676428045 2.2333355004413473 2.2342513244546485 2.235167148467949 2.23608297248125 2.236998796494551 2.2379146205078517 2.2388304445211524 2.239746268534453 2.2406620925477543 2.241577916561055 2.2424937405743557 2.243409564587657 2.2443253886009575 2.24524121261426 2.2461570366275607 2.2470728606408614 2.2479886846541626 2.2489045086674633 2.249820332680764 2.250736156694065 2.2511648329641285 2.2510727372841814 2.250980641604234 2.250888545924287 2.25079645024434 2.2507043545643923 2.250612258884445 2.2505201632044978 2.2504280675245507 2.250335971844603 2.250243876164656 2.250151780484709 2.2500596848047616 2.2499675891248145 2.249875493444867 2.24978339776492
2.228452916533164 2.2293506585733045 2.230248400613445 2.231146142653586 2.2320438846937267 2.2329416267338673 2.233839368774008 2.234737110814149 2.235634852854291 2.236532594894432 2.2374303369345725 2.238328078974713 2.239225821014854 2.2401235630549947 2.2410213050951353 2.241919047135276 2.242816789175417 2.2437145312155575 2.244612273255698 2.2455100152958387 2.2464077573359797 2.2473054993761217 2.2482032414162627 2.2491009834564033 2.249998725496544 2.250896467536685 2.2517942095768255 2.252691951616966 2.253095232264299 2.2529699225048967 2.2528446127454944 2.252719302986092 2.2525939932266903 2.252468683467288 2.2523433737078857 2.2522180639484835 2.252092754189081 2.2519674444296793 2.251842134670277 2.2517168249108748 2.251591515151473 2.2514662053920707 2.2513408956326684 2.251215585873266
