Figures/CREST_Example_wjb_NSE/PETs/wjb.pet.20091022.asc
ncols            288
nrows            254
xllcorner        113.274861
yllcorner        31.4918055
cellsize         0.008333333333
NODATA_value     -9999
[rows 20 to 39 of 254, columns 88 to 131 of 288]
1.4525306379519451 1.4525286612180797 1.452526684484214 1.4525247077503485 1.4525227310164828 1.4525207542826173 1.4525187775487516 1.452516800814886 1.4525148240810206 1.452512847347155 1.4525108706132894 1.4525088938794237 1.4525069171455582 1.4525049404116925 1.4528032350465376 1.4534225265640295 1.4540418180815224 1.4546611095990145 1.4552804011165064 1.4558996926339982 1.4565189841514903 1.4571382756689821 1.457757567186474 1.458376858703966 1.458996150221458 1.4596154417389497 1.4602347332564418 1.4608540247739337 1.4614733162914255 1.4620926078089187 1.4627118993264105 1.4633311908439024 1.4639504823613945 -9999.0 -9999.0 -9999.0 -9999.0 -9999.0 -9999.0 -9999.0 -9999.0 -9999.0 -9999.0 -9999.0
1.4532469434051802 1.4532113961820623 1.4531758489589444 1.4531403017358264 1.4531047545127085 1.4530692072895905 1.4530336600664726 1.4529981128433547 1.452962565620237 1.452927018397119 1.452891471174001 1.4528559239508831 1.4528203767277652 1.4527848295046473 1.4530803362969165 1.4537297473171622 1.4543791583374088 1.4550285693576546 1.4556779803779 1.4563273913981458 1.4569768024183913 1.457626213438637 1.4582756244588826 1.4589250354791283 1.4595744464993738 1.4602238575196196 1.460873268539865 1.4615226795601108 1.4621720905803564 1.4628215016006032 1.4634709126208487 1.4641203236410945 1.4647697346613402 -9999.0 -9999.0 -9999.0 -9999.0 -9999.0 -9999.0 -9999.0 -9999.0 -9999.0 -9999.0 -9999.0
1.4539632488584153 1.4538941311460452 1.4538250134336748 1.4537558957213046 1.4536867780089342 1.453617660296564 1.4535485425841939 1.4534794248718237 1.4534103071594533 1.4533411894470831 1.453272071734713 1.4532029540223428 1.4531338363099726 1.4530647185976022 1.4533574375472955 1.454036968070295 1.4547164985932954 1.4553960291162948 1.456075559639294 1.4567550901622934 1.4574346206852928 1.458114151208292 1.4587936817312914 1.4594732122542908 1.4601527427772902 1.4608322733002894 1.4615118038232888 1.4621913343462882 1.4628708648692874 1.463550395392288 1.4642299259152873 1.4649094564382867 1.4655889869612861 1.4662685174842853 1.4669480480072847 1.4676275785302841 -9999.0 1.4689866395762827 -9999.0 -9999.0 -9999.0 -9999.0 -9999.0 -9999.0
1.4546795543116504 1.4545768661100278 1.4544741779084054 1.4543714897067825 1.4542688015051601 1.4541661133035375 1.454063425101915 1.4539607369002925 1.4538580486986699 1.4537553604970475 1.4536526722954248 1.4535499840938024 1.4534472958921798 1.4533446076905572 1.4536345387976746 1.4543441888234276 1.4550538388491818 1.455763488874935 1.456473138900688 1.457182788926441 1.4578924389521941 1.4586020889779472 1.4593117390037003 1.4600213890294533 1.4607310390552062 1.4614406890809593 1.4621503391067123 1.4628599891324654 1.4635696391582185 1.4642792891839727 1.4649889392097257 1.4656985892354788 1.4664082392612319 1.467117889286985 1.467827539312738 1.468537189338491 1.469246839364244 1.469956489389997 1.47066613941575 -9999.0 -9999.0 -9999.0 -9999.0 -9999.0
1.4553958597648855 1.4552596010740106 1.4551233423831358 1.4549870836922605 1.4548508250013856 1.4547145663105108 1.454578307619636 1.454442048928761 1.4543057902378862 1.4541695315470113 1.4540332728561365 1.4538970141652616 1.4537607554743868 1.453624496783512 1.4539116400480534 1.4546514095765604 1.4553911791050682 1.456130948633575 1.4568707181620817 1.4576104876905887 1.4583502572190954 1.4590900267476021 1.4598297962761089 1.4605695658046156 1.4613093353331224 1.462049104861629 1.4627888743901358 1.4635286439186426 1.4642684134471493 1.4650081829756574 1.4657479525041641 1.4664877220326709 1.4672274915611778 1.4679672610896846 1.4687070306181913 1.469446800146698 1.4701865696752048 1.4709263392037115 1.4716661087322183 -9999.0 -9999.0 -9999.0 -9999.0 -9999.0
1.4561121652181206 1.4559423360379933 1.4557725068578662 1.4556026776777387 1.4554328484976116 1.4552630193174843 1.4550931901373572 1.45492336095723 1.4547535317771028 1.4545837025969757 1.4544138734168486 1.4542440442367213 1.4540742150565942 1.4539043858764669 1.4541887412984327 1.454958630329693 1.4557285193609548 1.4564984083922152 1.4572682974234759 1.4580381864547363 1.4588080754859967 1.459577964517257 1.4603478535485177 1.4611177425797781 1.4618876316110385 1.4626575206422991 1.4634274096735596 1.46419729870482 1.4649671877360804 1.4657370767673423 1.4665069657986027 1.4672768548298631 1.4680467438611238 1.4688166328923842 1.4695865219236446 1.470356410954905 1.4711262999861656 1.471896189017426 1.4726660780486864 -9999.0 -9999.0 -9999.0 -9999.0 -9999.0
1.4568284706713557 1.4566250710019761 1.4564216713325966 1.4562182716632168 1.4560148719938373 1.4558114723244577 1.4556080726550784 1.4554046729856989 1.4552012733163193 1.45499787364694 1.4547944739775605 1.454591074308181 1.4543876746388014 1.454184274969422 1.4544658425488117 1.4552658510828258 1.4560658596168414 1.4568658681508555 1.4576658766848698 1.4584658852188839 1.459265893752898 1.4600659022869122 1.4608659108209263 1.4616659193549406 1.4624659278889547 1.463265936422969 1.464065944956983 1.4648659534909974 1.4656659620250114 1.466465970559027 1.4672659790930411 1.4680659876270552 1.4688659961610695 1.4696660046950836 1.4704660132290979 1.471266021763112 1.4720660302971262 1.4728660388311403 1.4736660473651546 -9999.0 -9999.0 -9999.0 -9999.0 -9999.0
1.4575447761245914 1.4573078059659594 1.4570708358073277 1.4568338656486954 1.4565968954900637 1.4563599253314319 1.4561229551727999 1.455885985014168 1.4556490148555363 1.4554120446969045 1.4551750745382726 1.4549381043796408 1.454701134221009 1.4544641640623772 1.454742943799191 1.455573071835959 1.4564031998727283 1.457233327909496 1.458063455946264 1.458893583983032 1.4597237120198 1.4605538400565679 1.4613839680933356 1.4622140961301036 1.4630442241668715 1.4638743522036395 1.4647044802404072 1.4655346082771752 1.4663647363139432 1.4671948643507124 1.4680249923874804 1.4688551204242484 1.4696852484610161 1.470515376497784 1.471345504534552 1.47217563257132 1.4730057606080877 1.4738358886448557 1.4746660166816237 1.4754961447183916 1.4763262727551594 1.4771564007919273 -9999.0 -9999.0
1.4595531394905703 1.4593322020131434 1.4591112645357165 1.4588903270582891 1.4586693895808622 1.4584484521034353 1.4582275146260084 1.4580065771485815 1.4577856396711544 1.4575647021937275 1.4573437647163006 1.4571228272388737 1.4569018897614467 1.4566809522840198 1.456959563086521 1.45777220229565 1.4585848415047806 1.4593974807139098 1.460210119923039 1.461022759132168 1.4618353983412973 1.4626480375504265 1.4634606767595555 1.4642733159686847 1.465085955177814 1.4658985943869431 1.4667112335960721 1.4675238728052014 1.4683365120143306 1.4691491512234611 1.4699617904325901 1.4707744296417193 1.4715870688508486 1.4723997080599776 1.4732123472691068 1.474024986478236 1.474837625687365 1.4756502648964942 1.4764629041056234 1.4772755433147526 1.4780881825238816 1.4789008217330109 1.4797134609421414 1.4805261001512706
1.4629426312900211 1.4627907491551155 1.4626388670202102 1.4624869848853044 1.462335102750399 1.4621832206154934 1.462031338480588 1.4618794563456825 1.4617275742107771 1.4615756920758716 1.4614238099409662 1.4612719278060606 1.4611200456711553 1.4609681635362497 1.4612494048522273 1.4619936649306386 1.4627379250090513 1.4634821850874629 1.4642264451658742 1.4649707052442855 1.4657149653226968 1.4664592254011084 1.4672034854795197 1.467947745557931 1.4686920056363426 1.469436265714754 1.4701805257931653 1.4709247858715766 1.4716690459499882 1.4724133060284008 1.4731575661068121 1.4739018261852235 1.474646086263635 1.4753903463420464 1.4761346064204577 1.476878866498869 1.4776231265772806 1.478367386655692 1.4791116467341032 1.4798559068125148 1.480600166890926 1.4813444269693374 1.48208868704775 1.4828329471261614
1.4663321230894717 1.466249296297088 1.4661664695047039 1.4660836427123196 1.4660008159199356 1.4659179891275516 1.4658351623351678 1.4657523355427837 1.4656695087503997 1.4655866819580157 1.4655038551656316 1.4654210283732476 1.4653382015808636 1.4652553747884798 1.4655392466179336 1.4662151275656272 1.466891008513322 1.4675668894610157 1.4682427704087093 1.468918651356403 1.4695945323040966 1.4702704132517903 1.470946294199484 1.4716221751471774 1.472298056094871 1.4729739370425647 1.4736498179902584 1.474325698937952 1.4750015798856457 1.4756774608333405 1.4763533417810342 1.4770292227287278 1.4777051036764213 1.478380984624115 1.4790568655718086 1.4797327465195023 1.480408627467196 1.4810845084148896 1.4817603893625833 1.482436270310277 1.4831121512579704 1.483788032205664 1.4844639131533588 1.4851397941010525
1.4697216148889225 1.46970784343906 1.4696940719891975 1.4696803005393348 1.4696665290894724 1.46965275763961 1.4696389861897474 1.4696252147398847 1.4696114432900222 1.4695976718401598 1.4695839003902973 1.4695701289404346 1.4695563574905721 1.4695425860407096 1.46982908838364 1.4704365902006158 1.4710440920175927 1.4716515938345687 1.4722590956515444 1.4728665974685202 1.4734740992854962 1.474081601102472 1.474689102919448 1.4752966047364238 1.4759041065533998 1.4765116083703755 1.4771191101873513 1.4777266120043273 1.478334113821303 1.47894161563828 1.479549117455256 1.4801566192722317 1.4807641210892077 1.4813716229061835 1.4819791247231595 1.4825866265401353 1.483194128357111 1.483801630174087 1.4844091319910628 1.4850166338080388 1.4856241356250146 1.4862316374419906 1.4868391392589675 1.4874466410759433
1.4731111066883733 1.4731663905810322 1.4732216744736912 1.47327695836635 1.4733322422590092 1.473387526151668 1.473442810044327 1.473498093936986 1.4735533778296448 1.4736086617223039 1.4736639456149627 1.4737192295076216 1.4737745134002807 1.4738297972929395 1.4741189301493463 1.4746580528356044 1.4751971755218634 1.4757362982081215 1.4762754208943796 1.4768145435806377 1.4773536662668958 1.477892788953154 1.478431911639412 1.4789710343256701 1.4795101570119282 1.4800492796981863 1.4805884023844444 1.4811275250707026 1.4816666477569607 1.4822057704432199 1.482744893129478 1.483284015815736 1.4838231385019942 1.4843622611882523 1.4849013838745104 1.4854405065607685 1.4859796292470266 1.4865187519332848 1.4870578746195429 1.487596997305801 1.488136119992059 1.4886752426783172 1.4892143653645762 1.4897534880508343
1.4765005984878268 1.4766249377230072 1.4767492769581878 1.4768736161933684 1.4769979554285488 1.4771222946637292 1.4772466338989099 1.4773709731340903 1.4774953123692707 1.477619651604451 1.4777439908396317 1.477868330074812 1.4779926693099925 1.478117008545173 1.478408771915056 1.4788795154705963 1.4793502590261374 1.4798210025816778 1.480291746137218 1.4807624896927585 1.4812332332482987 1.481703976803839 1.4821747203593794 1.4826454639149196 1.48311620747046 1.4835869510260002 1.4840576945815405 1.484528438137081 1.4849991816926211 1.4854699252481622 1.4859406688037025 1.486411412359243 1.4868821559147831 1.4873528994703236 1.4878236430258638 1.488294386581404 1.4887651301369444 1.4892358736924847 1.4897066172480251 1.4901773608035653 1.4906481043591056 1.491118847914646 1.491589591470187 1.4920603350257273
1.4798900902872776 1.4800834848649795 1.4802768794426813 1.4804702740203837 1.4806636685980856 1.4808570631757876 1.4810504577534893 1.4812438523311913 1.4814372469088932 1.4816306414865952 1.4818240360642971 1.482017430641999 1.482210825219701 1.482404219797403 1.4826986136807623 1.4831009781055848 1.483503342530408 1.4839057069552306 1.4843080713800532 1.4847104358048757 1.4851128002296983 1.4855151646545208 1.4859175290793434 1.486319893504166 1.4867222579289885 1.487124622353811 1.4875269867786336 1.4879293512034562 1.4883317156282787 1.488734080053102 1.4891364444779245 1.489538808902747 1.4899411733275696 1.490343537752392 1.4907459021772145 1.491148266602037 1.4915506310268596 1.4919529954516821 1.4923553598765047 1.4927577243013272 1.4931600887261498 1.4935624531509724 1.4939648175757956 1.4943671820006181
1.4832795820867282 1.4835420320069517 1.483804481927175 1.484066931847399 1.4843293817676222 1.4845918316878457 1.484854281608069 1.4851167315282925 1.4853791814485158 1.4856416313687393 1.4859040812889626 1.486166531209186 1.4864289811294094 1.4866914310496329 1.4869884554464687 1.4873224407405734 1.4876564260346787 1.4879904113287836 1.4883243966228883 1.4886583819169932 1.4889923672110978 1.4893263525052027 1.4896603377993074 1.4899943230934123 1.4903283083875172 1.4906622936816218 1.4909962789757267 1.4913302642698314 1.4916642495639363 1.4919982348580416 1.4923322201521463 1.4926662054462512 1.4930001907403558 1.4933341760344607 1.4936681613285654 1.4940021466226703 1.4943361319167752 1.4946701172108798 1.4950041025049847 1.4953380877990894 1.4956720730931943 1.496006058387299 1.4963400436814043 1.4966740289755092
1.486669073886179 1.4870005791489238 1.4873320844116686 1.4876635896744141 1.487995094937159 1.4883266001999038 1.4886581054626487 1.4889896107253937 1.4893211159881385 1.4896526212508834 1.4899841265136282 1.490315631776373 1.4906471370391179 1.4909786423018627 1.491278297212175 1.491543903375562 1.4918095095389494 1.4920751157023364 1.4923407218657234 1.4926063280291106 1.4928719341924976 1.4931375403558846 1.4934031465192716 1.4936687526826586 1.4939343588460456 1.4941999650094326 1.4944655711728199 1.4947311773362069 1.4949967834995939 1.4952623896629813 1.4955279958263683 1.4957936019897553 1.4960592081531423 1.4963248143165293 1.4965904204799165 1.4968560266433035 1.4971216328066905 1.4973872389700775 1.4976528451334645 1.4979184512968515 1.4981840574602385 1.4984496636236255 1.4987152697870132 1.4989808759504002
1.4900585656856296 1.490459126290896 1.4908596868961623 1.4912602475014294 1.4916608081066955 1.492061368711962 1.4924619293172283 1.4928624899224945 1.4932630505277609 1.4936636111330273 1.4940641717382934 1.4944647323435598 1.4948652929488262 1.4952658535540926 1.495568138977881 1.4957653660105503 1.4959625930432199 1.4961598200758892 1.4963570471085585 1.4965542741412279 1.496751501173897 1.4969487282065663 1.4971459552392357 1.497343182271905 1.497540409304574 1.4977376363372434 1.4979348633699128 1.498132090402582 1.4983293174352512 1.498526544467921 1.49872377150059 1.4989209985332594 1.4991182255659288 1.499315452598598 1.4995126796312672 1.4997099066639366 1.4999071336966059 1.5001043607292752 1.5003015877619443 1.5004988147946137 1.500696041827283 1.5008932688599523 1.501090495892622 1.5012877229252912
1.4934480574850804 1.493917673432868 1.494387289380656 1.4948569053284446 1.4953265212762323 1.49579613722402 1.496265753171808 1.4967353691195957 1.4972049850673834 1.4976746010151714 1.498144216962959 1.4986138329107468 1.4990834488585347 1.4995530648063224 1.4998579807435874 1.499986828645539 1.5001156765474906 1.5002445244494422 1.5003733723513937 1.5005022202533451 1.5006310681552968 1.5007599160572482 1.5008887639591997 1.5010176118611513 1.5011464597631028 1.5012753076650542 1.501404155567006 1.5015330034689574 1.5016618513709088 1.5017906992728607 1.5019195471748121 1.5020483950767636 1.5021772429787152 1.5023060908806667 1.5024349387826181 1.5025637866845698 1.5026926345865212 1.5028214824884727 1.5029503303904244 1.5030791782923758 1.5032080261943275 1.503336874096279 1.5034657219982306 1.5035945699001823
1.4968375492845312 1.4973762205748404 1.4979148918651497 1.4984535631554599 1.4989922344457691 1.4995309057360784 1.5000695770263877 1.500608248316697 1.5011469196070062 1.5016855908973152 1.5022242621876245 1.5027629334779338 1.503301604768243 1.5038402760585523 1.5041478225092937 1.5042082912805275 1.5042687600517612 1.504329228822995 1.5043896975942288 1.5044501663654626 1.5045106351366964 1.5045711039079301 1.504631572679164 1.5046920414503975 1.5047525102216313 1.504812978992865 1.5048734477640988 1.5049339165353326 1.5049943853065664 1.5050548540778002 1.505115322849034 1.5051757916202677 1.5052362603915015 1.5052967291627353 1.505357197933969 1.5054176667052028 1.5054781354764366 1.5055386042476704 1.505599073018904 1.5056595417901377 1.5057200105613715 1.5057804793326053 1.5058409481038393 1.5059014168750728
