Figures/CREST_Example_wjb_NSE/PETs/wjb.pet.20101101.asc
ncols            288
nrows            254
xllcorner        113.274861
yllcorner        31.4918055
cellsize         0.008333333333
NODATA_value     -9999
[rows 20 to 39 of 254, columns 0 to 43 of 288]
-9999.0 -9999.0 -9999.0 -9999.0 -9999.0 -9999.0 -9999.0 -9999.0 -9999.0 -9999.0 -9999.0 -9999.0 -9999.0 -9999.0 -9999.0 -9999.0 -9999.0 -9999.0 -9999.0 -9999.0 -9999.0 -9999.0 -9999.0 1.1142783372051803 1.112850586398782 1.1114228355923836 1.109995084785983 1.1085673339795847 1.1071395831731865 1.1057118323667883 1.1042840815603898 1.1028563307539916 1.1014285799475934 1.1000008291411951 1.0985730783347967 1.0971453275283984 1.0957175767220002 1.094289825915602 1.0928620751092037 1.0914343243028028 1.0900065734964046 1.0885788226900064 1.0868030200541794 1.0846551421464024
-9999.0 -9999.0 -9999.0 -9999.0 -9999.0 -9999.0 -9999.0 -9999.0 -9999.0 -9999.0 -9999.0 -9999.0 -9999.0 -9999.0 -9999.0 -9999.0 -9999.0 -9999.0 -9999.0 -9999.0 -9999.0 -9999.0 1.11995119850208 1.1184538382904041 1.116956478078728 1.1154591178670519 1.1139617576553733 1.1124643974436972 1.110967037232021 1.109469677020345 1.1079723168086688 1.106474956596993 1.1049775963853168 1.1034802361736407 1.1019828759619645 1.1004855157502884 1.0989881555386125 1.0974907953269364 1.0959934351152603 1.0944960749035817 1.0929987146919056 1.0915013544802294 1.0896671255169035 1.0874727762445204
-9999.0 -9999.0 -9999.0 -9999.0 -9999.0 -9999.0 -9999.0 -9999.0 -9999.0 -9999.0 -9999.0 -9999.0 -9999.0 -9999.0 -9999.0 -9999.0 -9999.0 -9999.0 -9999.0 -9999.0 -9999.0 -9999.0 -9999.0 1.122629339375628 1.121062369758674 1.11949540014172 1.1179284305247634 1.1163614609078096 1.1147944912908558 1.1132275216739018 1.111660552056948 1.1100935824399942 1.1085266128230402 1.1069596432060864 1.1053926735891326 1.1038257039721786 1.1022587343552248 1.1006917647382708 1.099124795121317 1.0975578255043605 1.0959908558874065 1.0944238862704527 1.0925312309796276 1.0902904103426385
-9999.0 -9999.0 -9999.0 -9999.0 -9999.0 -9999.0 -9999.0 -9999.0 -9999.0 -9999.0 -9999.0 -9999.0 -9999.0 -9999.0 -9999.0 -9999.0 -9999.0 -9999.0 -9999.0 -9999.0 -9999.0 -9999.0 1.1284414194830834 1.1268048404608517 1.12516826143862 1.1235316824163883 1.1218951033941538 1.120258524371922 1.1186219453496904 1.1169853663274587 1.115348787305227 1.1137122082829953 1.1120756292607636 1.110439050238532 1.1088024712163005 1.1071658921940688 1.1055293131718371 1.1038927341496054 1.1022561551273737 1.1006195761051392 1.0989829970829075 1.0973464180606758 1.0953953364423514 1.0931080444407566
-9999.0 -9999.0 -9999.0 -9999.0 -9999.0 -9999.0 -9999.0 -9999.0 -9999.0 -9999.0 -9999.0 -9999.0 -9999.0 -9999.0 -9999.0 -9999.0 -9999.0 -9999.0 -9999.0 -9999.0 -9999.0 -9999.0 1.1326865299735849 1.1309803415460755 1.129274153118566 1.1275679646910566 1.1258617762635441 1.1241555878360348 1.1224493994085252 1.1207432109810158 1.1190370225535062 1.1173308341259969 1.1156246456984873 1.1139184572709777 1.1122122688434684 1.1105060804159588 1.1087998919884494 1.1070937035609398 1.1053875151334305 1.103681326705918 1.1019751382784087 1.100268949850899 1.0982594419050757 1.095925678538875
-9999.0 -9999.0 -9999.0 -9999.0 -9999.0 -9999.0 -9999.0 -9999.0 -9999.0 -9999.0 -9999.0 -9999.0 -9999.0 -9999.0 -9999.0 -9999.0 -9999.0 -9999.0 -9999.0 -9999.0 -9999.0 -9999.0 1.1369316404640866 1.1351558426312993 1.133380044798512 1.1316042469657248 1.1298284491329345 1.1280526513001472 1.12627685346736 1.1245010556345727 1.1227252578017854 1.1209494599689982 1.119173662136211 1.1173978643034235 1.1156220664706362 1.113846268637849 1.1120704708050617 1.1102946729722745 1.1085188751394872 1.1067430773066969 1.1049672794739096 1.1031914816411224 1.1011235473677998 1.0987433126369932
-9999.0 -9999.0 -9999.0 -9999.0 -9999.0 -9999.0 -9999.0 -9999.0 -9999.0 -9999.0 -9999.0 -9999.0 -9999.0 -9999.0 -9999.0 -9999.0 1.1522491943829787 1.1504037871449135 1.1485583799068486 1.1467129726687835 1.1448675654307183 1.1430221581926534 1.1411767509545883 1.1393313437165231 1.1374859364784582 1.135640529240393 1.1337951220023248 1.1319497147642597 1.1301043075261947 1.1282589002881296 1.1264134930500644 1.1245680858119993 1.1227226785739344 1.1208772713358692 1.119031864097804 1.1171864568597392 1.115341049621674 1.1134956423836089 1.111650235145544 1.1098048279074757 1.1079594206694106 1.1061140134313454 1.103987652830524 1.1015609467351113
-9999.0 -9999.0 -9999.0 -9999.0 -9999.0 -9999.0 -9999.0 -9999.0 -9999.0 -9999.0 -9999.0 -9999.0 -9999.0 -9999.0 -9999.0 -9999.0 1.156911961305151 1.154996944661808 1.1530819280184652 1.1511669113751222 1.1492518947317794 1.1473368780884363 1.1454218614450935 1.1435068448017505 1.1415918281584077 1.1396768115150646 1.1377617948717185 1.1358467782283754 1.1339317615850326 1.1320167449416896 1.1301017282983468 1.1281867116550037 1.126271695011661 1.1243566783683179 1.122441661724975 1.120526645081632 1.1186116284382892 1.1166966117949462 1.1147815951516034 1.112866578508257 1.1109515618649142 1.1090365452215711 1.1068517582932504 1.1043785808332318
-9999.0 -9999.0 -9999.0 -9999.0 -9999.0 -9999.0 -9999.0 -9999.0 -9999.0 -9999.0 -9999.0 -9999.0 -9999.0 -9999.0 -9999.0 1.1613396787187718 1.159473507175176 1.1576073356315806 1.1557411640879849 1.1538749925443894 1.1520088210007937 1.1501426494571982 1.1482764779136025 1.146410306370007 1.1445441348264114 1.142677963282816 1.140811791739217 1.1389456201956214 1.137079448652026 1.1352132771084302 1.1333471055648348 1.131480934021239 1.1296147624776436 1.127748590934048 1.1258824193904524 1.124016247846857 1.1221500763032612 1.1202839047596658 1.11841773321607 1.1165515616724713 1.1146853901288758 1.11281921858528 1.1106151792403252 1.1080499515795939
-9999.0 -9999.0 -9999.0 -9999.0 -9999.0 -9999.0 -9999.0 -9999.0 -9999.0 -9999.0 -9999.0 -9999.0 -9999.0 -9999.0 -9999.0 1.1614796862878778 1.1597889802403363 1.158098274192795 1.1564075681452537 1.1547168620977122 1.153026156050171 1.1513354500026296 1.149644743955088 1.1479540379075468 1.1462633318600055 1.144572625812464 1.1428819197649198 1.1411912137173785 1.1395005076698372 1.1378098016222957 1.1361190955747544 1.1344283895272131 1.1327376834796716 1.1310469774321303 1.129356271384589 1.1276655653370475 1.1259748592895062 1.124284153241965 1.1225934471944234 1.1209027411468793 1.119212035099338 1.1175213290517965 1.115339911730673 1.1126339129675649
-9999.0 -9999.0 -9999.0 -9999.0 -9999.0 -9999.0 -9999.0 -9999.0 -9999.0 -9999.0 -9999.0 -9999.0 -9999.0 -9999.0 -9999.0 1.1616196938569836 1.1601044533054965 1.1585892127540094 1.1570739722025223 1.155558731651035 1.1540434910995478 1.1525282505480607 1.1510130099965736 1.1494977694450865 1.1479825288935992 1.146467288342112 1.1449520477906223 1.1434368072391352 1.141921566687648 1.140406326136161 1.138891085584674 1.1373758450331868 1.1358606044816995 1.1343453639302123 1.1328301233787252 1.1313148828272381 1.129799642275751 1.128284401724264 1.1267691611727766 1.125253920621287 1.1237386800697997 1.1222234395183126 1.120064644221021 1.1172178743555357
-9999.0 -9999.0 -9999.0 -9999.0 -9999.0 -9999.0 -9999.0 -9999.0 -9999.0 -9999.0 -9999.0 -9999.0 -9999.0 -9999.0 -9999.0 1.1617597014260896 1.1604199263706567 1.1590801513152238 1.1577403762597909 1.156400601204358 1.155060826148925 1.153721051093492 1.1523812760380592 1.1510415009826263 1.1497017259271933 1.1483619508717604 1.147022175816325 1.1456824007608921 1.1443426257054592 1.1430028506500263 1.1416630755945933 1.1403233005391604 1.1389835254837275 1.1376437504282946 1.1363039753728617 1.1349642003174287 1.1336244252619958 1.1322846502065629 1.13094487515113 1.1296051000956946 1.1282653250402617 1.1269255499848287 1.1247893767113688 1.1218018357435064
-9999.0 -9999.0 -9999.0 -9999.0 -9999.0 -9999.0 -9999.0 -9999.0 -9999.0 -9999.0 -9999.0 -9999.0 -9999.0 -9999.0 1.1630640185545742 1.1618997089951957 1.160735399435817 1.1595710898764382 1.1584067803170595 1.1572424707576807 1.156078161198302 1.1549138516389232 1.1537495420795447 1.152585232520166 1.1514209229607872 1.1502566134014085 1.1490923038420278 1.147927994282649 1.1467636847232703 1.1455993751638915 1.144435065604513 1.1432707560451343 1.1421064464857555 1.1409421369263768 1.139777827366998 1.1386135178076193 1.1374492082482406 1.136284898688862 1.1351205891294833 1.1339562795701026 1.1327919700107238 1.131627660451345 1.129514109201717 1.1263857971314775
-9999.0 -9999.0 -9999.0 -9999.0 -9999.0 -9999.0 -9999.0 -9999.0 -9999.0 -9999.0 -9999.0 -9999.0 -9999.0 -9999.0 1.163028560627626 1.1620397165643017 1.1610508725009774 1.160062028437653 1.1590731843743287 1.1580843403110044 1.15709549624768 1.1561066521843557 1.1551178081210314 1.154128964057707 1.1531401199943827 1.1521512759310584 1.1511624318677323 1.150173587804408 1.1491847437410836 1.1481958996777593 1.147207055614435 1.1462182115511106 1.1452293674877863 1.144240523424462 1.1432516793611376 1.1422628352978133 1.141273991234489 1.1402851471711646 1.13929630310784 1.1383074590445141 1.1373186149811898 1.1363297709178655 1.1342388416920688 1.1309697585194523
-9999.0 -9999.0 -9999.0 -9999.0 -9999.0 -9999.0 -9999.0 -9999.0 -9999.0 -9999.0 -9999.0 -9999.0 -9999.0 -9999.0 1.1629931027006777 1.1621797241334075 1.1613663455661376 1.1605529669988675 1.1597395884315973 1.1589262098643272 1.158112831297057 1.1572994527297868 1.1564860741625167 1.1556726955952465 1.1548593170279764 1.1540459384607062 1.1532325598934348 1.1524191813261646 1.1516058027588947 1.1507924241916245 1.1499790456243544 1.1491656670570842 1.148352288489814 1.147538909922544 1.1467255313552738 1.1459121527880036 1.1450987742207335 1.1442853956534635 1.1434720170861934 1.1426586385189217 1.1418452599516518 1.1410318813843816 1.1389635741824167 1.1355537199074228
-9999.0 -9999.0 -9999.0 -9999.0 -9999.0 -9999.0 -9999.0 -9999.0 -9999.0 -9999.0 -9999.0 -9999.0 -9999.0 -9999.0 1.1629576447737295 1.1623197317025138 1.1616818186312978 1.1610439055600819 1.160405992488866 1.15976807941765 1.1591301663464342 1.1584922532752182 1.1578543402040022 1.1572164271327863 1.1565785140615705 1.1559406009903546 1.1553026879191375 1.1546647748479215 1.1540268617767058 1.1533889487054898 1.1527510356342738 1.1521131225630579 1.1514752094918421 1.1508372964206262 1.1501993833494102 1.1495614702781942 1.1489235572069783 1.1482856441357625 1.1476477310645465 1.1470098179933295 1.1463719049221135 1.1457339918508977 1.1436883066727646 1.1401376812953936
-9999.0 -9999.0 -9999.0 -9999.0 -9999.0 -9999.0 -9999.0 -9999.0 -9999.0 -9999.0 -9999.0 -9999.0 -9999.0 1.163384634421943 1.1629221868467814 1.1624597392716196 1.1619972916964578 1.1615348441212963 1.1610723965461345 1.160609948970973 1.1601475013958111 1.1596850538206493 1.1592226062454878 1.158760158670326 1.1582977110951644 1.1578352635200027 1.1573728159448402 1.1569103683696784 1.1564479207945169 1.155985473219355 1.1555230256441935 1.1550605780690317 1.15459813049387 1.1541356829187084 1.1536732353435466 1.153210787768385 1.1527483401932233 1.1522858926180617 1.1518234450429 1.1513609974677375 1.1508985498925757 1.150436102317414 1.1484130391631124 1.1447216426833646
-9999.0 -9999.0 -9999.0 -9999.0 -9999.0 -9999.0 -9999.0 -9999.0 -9999.0 -9999.0 -9999.0 -9999.0 1.1634606930780487 1.1631737109989406 1.1628867289198332 1.1625997468407256 1.1623127647616183 1.1620257826825107 1.1617388006034033 1.1614518185242957 1.1611648364451883 1.1608778543660807 1.1605908722869733 1.1603038902078657 1.1600169081287584 1.1597299260496508 1.159442943970543 1.1591559618914353 1.158868979812328 1.1585819977332203 1.158295015654113 1.1580080335750054 1.157721051495898 1.1574340694167906 1.157147087337683 1.1568601052585756 1.156573123179468 1.1562861411003607 1.155999159021253 1.1557121769421452 1.1554251948630376 1.1551382127839303 1.1531377716534603 1.1493056040713354
-9999.0 -9999.0 -9999.0 -9999.0 -9999.0 -9999.0 -9999.0 -9999.0 -9999.0 -9999.0 -9999.0 -9999.0 -9999.0 1.1629627875759383 1.162851270992885 1.1627397544098317 1.1626282378267785 1.1625167212437253 1.1624052046606719 1.1622936880776187 1.1621821714945655 1.162070654911512 1.1619591383284589 1.1618476217454055 1.1617361051623523 1.161624588579299 1.1615130719962456 1.1614015554131922 1.161290038830139 1.1611785222470858 1.1610670056640324 1.1609554890809792 1.160843972497926 1.1607324559148726 1.1606209393318194 1.160509422748766 1.1603979061657128 1.1602863895826596 1.1601748729996062 1.1600633564165528 1.1599518398334996 1.1598403232504464 1.1578625041438082 1.1538895654593062
-9999.0 -9999.0 -9999.0 -9999.0 -9999.0 -9999.0 -9999.0 -9999.0 -9999.0 -9999.0 -9999.0 -9999.0 -9999.0 1.1627518641529357 1.1628158130659367 1.1628797619789377 1.1629437108919385 1.1630076598049395 1.1630716087179405 1.1631355576309415 1.1631995065439424 1.1632634554569434 1.1633274043699444 1.1633913532829452 1.1634553021959462 1.1635192511089472 1.1635832000219481 1.1636471489349491 1.1637110978479501 1.1637750467609511 1.163838995673952 1.163902944586953 1.1639668934999539 1.1640308424129548 1.1640947913259558 1.1641587402389568 1.1642226891519578 1.1642866380649588 1.1643505869779596 1.1644145358909608 1.1644784848039618 1.1645424337169628 1.1625872366341563 1.158473526847277
