Figures/CREST_Example_wjb_NSE/PETs/wjb.pet.20100101.asc
ncols            288
nrows            254
xllcorner        113.274861
yllcorner        31.4918055
cellsize         0.008333333333
NODATA_value     -9999
[rows 114 to 132 of 254, columns 44 to 87 of 288]
0.7466581578113818 0.7472049637027022 0.7477517695940227 0.7482985754853432 0.7488453813766636 0.7493921872679841 0.7499389931593046 0.7504857990506251 0.7510326049419465 0.7515794108332668 0.7521262167245873 0.7526730226159078 0.7532198285072284 0.7537666343985487 0.7543134402898692 0.7548602461811897 0.7554070520725101 0.7559538579638306 0.7565006638551511 0.7570474697464716 0.757594275637792 0.7581410815291134 0.7586878874204339 0.7592346933117544 0.7597814992030749 0.7603283050943953 0.7608751109857158 0.7614219168770363 0.76161457583347 0.7614286437106436 0.7612427115878172 0.7610567794649907 0.7608708473421644 0.760684915219338 0.7604989830965112 0.7603130509736848 0.7601271188508585 0.759941186728032 0.7597552546052057 0.7595693224823792 0.7593833903595528 0.7591974582367265 0.7590115261139 0.7588255939910736
0.7460520698109661 0.746608371173348 0.7471646725357299 0.7477209738981118 0.7482772752604937 0.7488335766228756 0.7493898779852576 0.7499461793476394 0.7505024807100223 0.7510587820724042 0.7516150834347861 0.752171384797168 0.75272768615955 0.7532839875219318 0.7538402888843138 0.7543965902466957 0.7549528916090776 0.7555091929714595 0.7560654943338414 0.7566217956962233 0.7571780970586053 0.7577343984209881 0.75829069978337 0.7588470011457519 0.7594033025081338 0.7599596038705158 0.7605159052328977 0.7610722065952795 0.7612708828577471 0.7610872498039125 0.7609036167500779 0.7607199836962433 0.7605363506424085 0.7603527175885739 0.760169084534739 0.7599854514809044 0.7598018184270697 0.7596181853732351 0.7594345523194004 0.7592509192655658 0.7590672862117311 0.7588836531578965 0.7587000201040619 0.7585163870502272
0.7454459818105506 0.7460117786439939 0.7465775754774372 0.7471433723108806 0.747709169144324 0.7482749659777673 0.7488407628112106 0.749406559644654 0.7499723564780983 0.7505381533115417 0.751103950144985 0.7516697469784284 0.7522355438118717 0.7528013406453151 0.7533671374787584 0.7539329343122018 0.7544987311456451 0.7550645279790885 0.7556303248125319 0.7561961216459752 0.7567619184794185 0.7573277153128629 0.7578935121463062 0.7584593089797496 0.7590251058131929 0.7595909026466363 0.7601566994800796 0.760722496313523 0.7609271898820245 0.7607458558971816 0.7605645219123386 0.7603831879274957 0.7602018539426528 0.76002051995781 0.7598391859729667 0.7596578519881239 0.759476518003281 0.7592951840184381 0.7591138500335952 0.7589325160487523 0.7587511820639095 0.7585698480790666 0.7583885140942237 0.7582071801093808
0.7448398938101348 0.7454151861146396 0.7459904784191445 0.7465657707236493 0.7471410630281541 0.7477163553326588 0.7482916476371636 0.7488669399416684 0.7494422322461742 0.750017524550679 0.7505928168551838 0.7511681091596886 0.7517434014641934 0.7523186937686982 0.752893986073203 0.7534692783777077 0.7540445706822125 0.7546198629867173 0.7551951552912222 0.755770447595727 0.7563457399002318 0.7569210322047375 0.7574963245092423 0.7580716168137471 0.7586469091182519 0.7592222014227566 0.7597974937272615 0.7603727860317663 0.7605834969063016 0.7604044619904504 0.7602254270745993 0.7600463921587483 0.7598673572428971 0.759688322327046 0.7595092874111945 0.7593302524953434 0.7591512175794923 0.7589721826636412 0.75879314774779 0.7586141128319389 0.7584350779160878 0.7582560430002366 0.7580770080843855 0.7578979731685345
0.7447248007735052 0.7453086063824906 0.745892411991476 0.7464762176004615 0.7470600232094469 0.7476438288184324 0.7482276344274178 0.7488114400364032 0.7493952456453896 0.7499790512543751 0.7505628568633606 0.751146662472346 0.7517304680813314 0.7523142736903169 0.7528980792993023 0.7534818849082877 0.7540656905172731 0.7546494961262586 0.7552333017352441 0.7558171073442295 0.7564009129532149 0.7569847185622013 0.7575685241711868 0.7581523297801722 0.7587361353891576 0.759319940998143 0.7599037466071286 0.760487552216114 0.7607049478724686 0.7605306430063761 0.7603563381402837 0.7601820332741912 0.7600077284080987 0.7598334235420062 0.7596591186759135 0.759484813809821 0.7593105089437286 0.7591362040776362 0.7589618992115437 0.7587875943454513 0.7586132894793588 0.7584389846132663 0.7582646797471739 0.7580903748810814
0.745134550399317 0.745725819438627 0.746317088477937 0.746908357517247 0.747499626556557 0.7480908955958671 0.748682164635177 0.7492734336744871 0.7498647027137981 0.7504559717531081 0.7510472407924181 0.7516385098317281 0.7522297788710381 0.7528210479103481 0.7534123169496582 0.7540035859889681 0.7545948550282782 0.7551861240675881 0.7557773931068982 0.7563686621462081 0.7569599311855182 0.7575512002248292 0.7581424692641392 0.7587337383034493 0.7593250073427592 0.7599162763820693 0.7605075454213792 0.7610988144606893 0.7613236083883981 0.7611566321372475 0.760989655886097 0.7608226796349464 0.760655703383796 0.7604887271326454 0.7603217508814946 0.760154774630344 0.7599877983791935 0.7598208221280429 0.7596538458768923 0.7594868696257419 0.7593198933745913 0.7591529171234407 0.7589859408722902 0.7588189646211396
0.7455443000251288 0.7461430324947634 0.746741764964398 0.7473404974340325 0.7479392299036671 0.7485379623733017 0.7491366948429363 0.7497354273125709 0.7503341597822065 0.7509328922518411 0.7515316247214757 0.7521303571911103 0.7527290896607449 0.7533278221303794 0.753926554600014 0.7545252870696486 0.7551240195392832 0.7557227520089178 0.7563214844785524 0.756920216948187 0.7575189494178216 0.7581176818874572 0.7587164143570918 0.7593151468267263 0.7599138792963609 0.7605126117659955 0.7611113442356301 0.7617100767052647 0.7619422689043277 0.7617826212681191 0.7616229736319104 0.7614633259957018 0.7613036783594932 0.7611440307232845 0.7609843830870756 0.760824735450867 0.7606650878146584 0.7605054401784498 0.7603457925422411 0.7601861449060325 0.7600264972698239 0.7598668496336153 0.7597072019974066 0.759547554361198
0.7459540496509406 0.7465602455508997 0.7471664414508589 0.747772637350818 0.7483788332507773 0.7489850291507364 0.7495912250506955 0.7501974209506547 0.7508036168506149 0.7514098127505741 0.7520160086505332 0.7526222045504924 0.7532284004504516 0.7538345963504107 0.7544407922503699 0.7550469881503291 0.7556531840502883 0.7562593799502474 0.7568655758502065 0.7574717717501658 0.7580779676501249 0.7586841635500851 0.7592903594500443 0.7598965553500034 0.7605027512499626 0.7611089471499217 0.761715143049881 0.7623213389498401 0.7625609294202573 0.7624086103989907 0.7622562913777239 0.7621039723564572 0.7619516533351904 0.7617993343139238 0.7616470152926568 0.7614946962713901 0.7613423772501233 0.7611900582288567 0.7610377392075899 0.7608854201863232 0.7607331011650564 0.7605807821437898 0.7604284631225231 0.7602761441012563
0.7463637992767523 0.7469774586070361 0.7475911179373199 0.7482047772676036 0.7488184365978874 0.7494320959281711 0.7500457552584548 0.7506594145887385 0.7512730739190233 0.7518867332493071 0.7525003925795909 0.7531140519098746 0.7537277112401584 0.754341370570442 0.7549550299007258 0.7555686892310096 0.7561823485612933 0.7567960078915771 0.7574096672218608 0.7580233265521445 0.7586369858824282 0.759250645212713 0.7598643045429968 0.7604779638732806 0.7610916232035643 0.7617052825338481 0.7623189418641317 0.7629326011944155 0.763179589936187 0.7630345995298622 0.7628896091235373 0.7627446187172126 0.7625996283108878 0.7624546379045629 0.7623096474982379 0.7621646570919131 0.7620196666855883 0.7618746762792635 0.7617296858729387 0.7615846954666139 0.7614397050602891 0.7612947146539643 0.7611497242476395 0.7610047338413147
0.7467735489025642 0.7473946716631725 0.7480157944237809 0.7486369171843892 0.7492580399449975 0.7498791627056058 0.7505002854662142 0.7511214082268225 0.7517425309874318 0.7523636537480402 0.7529847765086485 0.7536058992692568 0.7542270220298651 0.7548481447904735 0.7554692675510817 0.75609039031169 0.7567115130722983 0.7573326358329067 0.757953758593515 0.7585748813541233 0.7591960041147316 0.759817126875341 0.7604382496359493 0.7610593723965576 0.761680495157166 0.7623016179177743 0.7629227406783826 0.7635438634389909 0.7637982504521166 0.7636605886607337 0.7635229268693509 0.7633852650779679 0.763247603286585 0.7631099414952022 0.762972279703819 0.7628346179124361 0.7626969561210533 0.7625592943296703 0.7624216325382874 0.7622839707469046 0.7621463089555216 0.7620086471641387 0.7618709853727559 0.761733323581373
0.7471832985283764 0.7478118847193093 0.7484404709102421 0.7490690571011751 0.749697643292108 0.7503262294830408 0.7509548156739738 0.7515834018649067 0.7522119880558407 0.7528405742467735 0.7534691604377064 0.7540977466286394 0.7547263328195722 0.7553549190105051 0.7559835052014381 0.756612091392371 0.7572406775833038 0.7578692637742367 0.7584978499651697 0.7591264361561025 0.7597550223470354 0.7603836085379694 0.7610121947289022 0.7616407809198352 0.7622693671107681 0.762897953301701 0.7635265394926339 0.7641551256835668 0.7644169109680466 0.7642865777916057 0.7641562446151647 0.7640259114387238 0.7638955782622828 0.7637652450858419 0.7636349119094007 0.7635045787329597 0.7633742455565187 0.7632439123800777 0.7631135792036368 0.7629832460271958 0.7628529128507548 0.7627225796743139 0.7625922464978729 0.762461913321432
0.7475930481541881 0.7482290977754456 0.7488651473967031 0.7495011970179606 0.750137246639218 0.7507732962604755 0.751409345881733 0.7520453955029904 0.7526814451242491 0.7533174947455065 0.753953544366764 0.7545895939880215 0.7552256436092789 0.7558616932305364 0.7564977428517939 0.7571337924730513 0.7577698420943089 0.7584058917155664 0.7590419413368238 0.7596779909580813 0.7603140405793388 0.7609500902005973 0.7615861398218549 0.7622221894431123 0.7628582390643698 0.7634942886856273 0.7641303383068847 0.7647663879281422 0.7650355714839763 0.7649125669224772 0.7647895623609782 0.7646665577994791 0.7645435532379801 0.764420548676481 0.7642975441149817 0.7641745395534827 0.7640515349919836 0.7639285304304846 0.7638055258689855 0.7636825213074865 0.7635595167459874 0.7634365121844884 0.7633135076229893 0.7631905030614902
0.7480027977799999 0.748646310831582 0.749289823883164 0.7499333369347461 0.7505768499863281 0.7512203630379102 0.7518638760894922 0.7525073891410743 0.7531509021926575 0.7537944152442395 0.7544379282958216 0.7550814413474036 0.7557249543989857 0.7563684674505677 0.7570119805021498 0.7576554935537319 0.7582990066053139 0.758942519656896 0.759586032708478 0.7602295457600601 0.7608730588116421 0.7615165718632253 0.7621600849148074 0.7628035979663894 0.7634471110179715 0.7640906240695535 0.7647341371211356 0.7653776501727176 0.765654231999906 0.7655385560533489 0.7654228801067917 0.7653072041602346 0.7651915282136774 0.7650758522671203 0.7649601763205629 0.7648445003740058 0.7647288244274486 0.7646131484808915 0.7644974725343343 0.7643817965877772 0.76426612064122 0.7641504446946629 0.7640347687481057 0.7639190928015486
0.7484125474058118 0.7490635238877184 0.7497145003696251 0.7503654768515317 0.7510164533334382 0.751667429815345 0.7523184062972516 0.7529693827791581 0.753620359261066 0.7542713357429726 0.7549223122248792 0.7555732887067859 0.7562242651886925 0.756875241670599 0.7575262181525058 0.7581771946344124 0.758828171116319 0.7594791475982257 0.7601301240801323 0.7607811005620388 0.7614320770439456 0.7620830535258533 0.7627340300077599 0.7633850064896666 0.7640359829715732 0.7646869594534798 0.7653379359353865 0.765988912417293 0.7662728925158356 0.7661645451842204 0.7660561978526051 0.7659478505209899 0.7658395031893747 0.7657311558577594 0.7656228085261441 0.7655144611945288 0.7654061138629136 0.7652977665312983 0.7651894191996831 0.7650810718680678 0.7649727245364526 0.7648643772048374 0.7647560298732221 0.7646476825416069
0.7488222970316236 0.7494807369438549 0.750139176856086 0.7507976167683172 0.7514560566805485 0.7521144965927796 0.7527729365050109 0.753431376417242 0.7540898163294744 0.7547482562417056 0.7554066961539369 0.756065136066168 0.7567235759783992 0.7573820158906305 0.7580404558028616 0.7586988957150929 0.7593573356273241 0.7600157755395552 0.7606742154517865 0.7613326553640177 0.7619910952762489 0.7626495351884812 0.7633079751007125 0.7639664150129436 0.7646248549251748 0.7652832948374061 0.7659417347496372 0.7666001746618685 0.7668915530317653 0.7667905343150919 0.7666895155984186 0.7665884968817452 0.7664874781650719 0.7663864594483986 0.7662854407317251 0.7661844220150518 0.7660834032983784 0.7659823845817051 0.7658813658650319 0.7657803471483585 0.7656793284316852 0.7655783097150118 0.7654772909983385 0.7653762722816652
0.7492320466574354 0.7498979499999912 0.7505638533425469 0.7512297566851027 0.7518956600276585 0.7525615633702143 0.7532274667127701 0.7538933700553259 0.7545592733978828 0.7552251767404385 0.7558910800829943 0.7565569834255501 0.7572228867681059 0.7578887901106617 0.7585546934532175 0.7592205967957733 0.759886500138329 0.7605524034808848 0.7612183068234406 0.7618842101659964 0.7625501135085522 0.7632160168511092 0.763881920193665 0.7645478235362207 0.7652137268787765 0.7658796302213323 0.7665455335638881 0.7672114369064439 0.7675102135476949 0.7674165234459634 0.767322833344232 0.7672291432425006 0.7671354531407693 0.7670417630390378 0.7669480729373063 0.7668543828355748 0.7667606927338434 0.766667002632112 0.7665733125303806 0.7664796224286492 0.7663859323269178 0.7662922422251863 0.766198552123455 0.7661048620217236
0.7496417962832471 0.7503151630561276 0.7509885298290079 0.7516618966018882 0.7523352633747686 0.753008630147649 0.7536819969205294 0.7543553636934097 0.7550287304662913 0.7557020972391716 0.7563754640120519 0.7570488307849323 0.7577221975578127 0.758395564330693 0.7590689311035734 0.7597422978764538 0.7604156646493342 0.7610890314222145 0.7617623981950948 0.7624357649679753 0.7631091317408556 0.7637824985137371 0.7644558652866175 0.7651292320594978 0.7658025988323782 0.7664759656052585 0.767149332378139 0.7678226991510193 0.7681288740636245 0.768042512576835 0.7679561510900454 0.767869789603256 0.7677834281164665 0.767697066629677 0.7676107051428873 0.7675243436560979 0.7674379821693084 0.7673516206825188 0.7672652591957294 0.7671788977089399 0.7670925362221503 0.7670061747353609 0.7669198132485714 0.7668334517617819
0.7500515459090593 0.7507323761122643 0.7514132063154693 0.7520940365186741 0.7527748667218791 0.7534556969250841 0.754136527128289 0.7548173573314939 0.7554981875347001 0.756179017737905 0.7568598479411099 0.7575406781443149 0.7582215083475198 0.7589023385507248 0.7595831687539297 0.7602639989571347 0.7609448291603396 0.7616256593635445 0.7623064895667495 0.7629873197699545 0.7636681499731593 0.7643489801763654 0.7650298103795704 0.7657106405827754 0.7663914707859804 0.7670723009891852 0.7677531311923902 0.7684339613955952 0.7687475345795546 0.768668501707707 0.7685894688358594 0.7685104359640118 0.7684314030921643 0.7683523702203167 0.768273337348469 0.7681943044766214 0.7681152716047738 0.7680362387329263 0.7679572058610786 0.7678781729892311 0.7677991401173835 0.767720107245536 0.7676410743736883 0.7675620415018408
0.7504612955348712 0.7511495891684007 0.7518378828019302 0.7525261764354597 0.7532144700689892 0.7539027637025187 0.7545910573360483 0.7552793509695778 0.7559676446031085 0.756655938236638 0.7573442318701675 0.758032525503697 0.7587208191372266 0.7594091127707561 0.7600974064042856 0.7607857000378152 0.7614739936713447 0.7621622873048742 0.7628505809384037 0.7635388745719333 0.7642271682054628 0.7649154618389935 0.765603755472523 0.7662920491060525 0.766980342739582 0.7676686363731116 0.7683569300066411 0.7690452236401706 0.7693661950954842 0.7692944908385786 0.7692227865816729 0.7691510823247673 0.7690793780678615 0.7690076738109559 0.7689359695540501 0.7688642652971445 0.7687925610402387 0.7687208567833331 0.7686491525264274 0.7685774482695218 0.7685057440126162 0.7684340397557105 0.7683623354988048 0.7682906312418991
