Figures/CREST_Example_wjb_NSE/PETs/wjb.pet.20090831.asc
ncols            288
nrows            254
xllcorner        113.274861
yllcorner        31.4918055
cellsize         0.008333333333
NODATA_value     -9999
[rows 80 to 99 of 254, columns 176 to 219 of 288]
2.1055943033530444 2.104734246906112 2.1038741904591793 2.1030141340122466 2.1021540775653142 2.1012940211183815 2.1004339646714474 2.099573908224515 2.0987138517775823 2.0978537953306495 2.096993738883717 2.0961336824367844 2.095273625989852 2.0944135695429194 2.0935535130959866 2.0926934566490543 2.09227292137405 2.0923222441767098 2.0923715669793697 2.0924208897820296 2.0924702125846895 2.09251953538735 2.0925688581900097 2.0926181809926696 2.0926675037953295 2.0927168265979894 2.0927661494006493 2.092815472203309 2.0928647950059696 2.0929141178086295 -9999.0 -9999.0 -9999.0 -9999.0 -9999.0 -9999.0 -9999.0 -9999.0 -9999.0 -9999.0 -9999.0 -9999.0 -9999.0 -9999.0
2.10364494873035 2.1028504080891115 2.1020558674478727 2.1012613268066342 2.100466786165396 2.0996722455241574 2.0988777048829173 2.098083164241679 2.0972886236004404 2.096494082959202 2.095699542317963 2.0949050016767248 2.0941104610354864 2.093315920394248 2.092521379753009 2.0917268391117707 2.0913558455383088 2.0914376333637335 2.091519421189158 2.091601209014583 2.0916829968400075 2.091764784665432 2.0918465724908564 2.091928360316281 2.0920101481417057 2.0920919359671304 2.092173723792555 2.0922555116179797 2.0923372994434044 2.0924190872688286 -9999.0 -9999.0 -9999.0 -9999.0 -9999.0 -9999.0 -9999.0 -9999.0 -9999.0 -9999.0 -9999.0 -9999.0 -9999.0 -9999.0
2.101695594107655 2.1009665692721105 2.100237544436566 2.0995085196010215 2.0987794947654774 2.098050469929933 2.097321445094387 2.0965924202588426 2.095863395423298 2.095134370587754 2.0944053457522096 2.093676320916665 2.0929472960811206 2.092218271245576 2.091489246410032 2.0907602215744876 2.090438769702568 2.090553022550757 2.0906672753989466 2.090781528247136 2.090895781095325 2.0910100339435145 2.0911242867917035 2.091238539639893 2.091352792488082 2.0914670453362714 2.091581298184461 2.09169555103265 2.0918098038808393 -9999.0 -9999.0 -9999.0 -9999.0 -9999.0 -9999.0 -9999.0 -9999.0 -9999.0 -9999.0 -9999.0 -9999.0 -9999.0 -9999.0 -9999.0
2.0997462394849595 2.0990827304551094 2.0984192214252593 2.0977557123954087 2.0970922033655586 2.096428694335708 2.0957651853058565 2.0951016762760064 2.094438167246156 2.0937746582163057 2.093111149186455 2.092447640156605 2.091784131126755 2.0911206220969043 2.090457113067054 2.0897936040372036 2.0895216938668266 2.0896684117377804 2.0898151296087346 2.089961847479689 2.0901085653506426 2.0902552832215964 2.09040200109255 2.0905487189635044 2.090695436834458 2.090842154705412 2.090988872576366 2.09113559044732 2.0912823083182737 -9999.0 -9999.0 -9999.0 -9999.0 -9999.0 -9999.0 -9999.0 -9999.0 -9999.0 -9999.0 -9999.0 -9999.0 -9999.0 -9999.0 -9999.0
2.097796884862265 2.097198891638109 2.0966008984139526 2.0960029051897964 2.09540491196564 2.094806918741484 2.0942089255173264 2.09361093229317 2.093012939069014 2.0924149458448578 2.0918169526207016 2.0912189593965453 2.090620966172389 2.090022972948233 2.0894249797240767 2.0888269864999205 2.088604618031086 2.0887838009248045 2.088962983818523 2.0891421667122416 2.08932134960596 2.0895005324996787 2.0896797153933973 2.089858898287116 2.0900380811808343 2.090217264074553 2.0903964469682714 2.09057562986199 2.0907548127557085 -9999.0 -9999.0 -9999.0 -9999.0 -9999.0 -9999.0 -9999.0 -9999.0 -9999.0 -9999.0 -9999.0 -9999.0 -9999.0 -9999.0 -9999.0
2.0958475302395683 2.0953150528211064 2.094782575402644 2.0942500979841823 2.09371762056572 2.093185143147258 2.092652665728795 2.092120188310333 2.091587710891871 2.0910552334734085 2.0905227560549466 2.0899902786364843 2.0894578012180225 2.08892532379956 2.0883928463810983 2.087860368962636 2.087687542195344 2.0878991901118273 2.0881108380283107 2.088322485944794 2.0885341338612773 2.0887457817777606 2.088957429694244 2.089169077610727 2.08938072552721 2.0895923734436934 2.0898040213601763 2.0900156692766596 2.090227317193143 2.0904389651096262 -9999.0 -9999.0 2.091073908859076 2.091285556775559 -9999.0 -9999.0 -9999.0 -9999.0 -9999.0 -9999.0 -9999.0 -9999.0 -9999.0 -9999.0
2.0938981756168733 2.0934312140041054 2.0929642523913374 2.092497290778569 2.092030329165801 2.091563367553033 2.0910964059402644 2.0906294443274964 2.0901624827147285 2.0896955211019606 2.0892285594891926 2.0887615978764242 2.0882946362636563 2.0878276746508884 2.0873607130381204 2.0868937514253525 2.086770466359603 2.0870145792988506 2.0872586922380987 2.0875028051773468 2.087746918116595 2.0879910310558425 2.0882351439950906 2.0884792569343382 2.0887233698735863 2.088967482812834 2.0892115957520816 2.0894557086913297 2.0896998216305773 2.0899439345698254 2.090188047509073 2.090432160448321 2.0906762733875692 2.0909203863268173 2.091164499266065 -9999.0 -9999.0 -9999.0 -9999.0 -9999.0 -9999.0 -9999.0 -9999.0 -9999.0
2.0919488209941783 2.0915473751871043 2.0911459293800307 2.0907444835729567 2.0903430377658827 2.0899415919588087 2.0895401461517342 2.08913870034466 2.088737254537586 2.0883358087305126 2.0879343629234386 2.0875329171163646 2.0871314713092906 2.086730025502217 2.086328579695143 2.085927133888069 2.085853390523862 2.0861299684858747 2.086406546447887 2.0866831244099 2.0869597023719124 2.087236280333925 2.0875128582959372 2.08778943625795 2.0880660142199625 2.088342592181975 2.0886191701439873 2.0888957481059998 2.089172326068012 2.089448904030025 2.0897254819920374 2.09000205995405 2.0902786379160627 2.090555215878075 2.090831793840088 -9999.0 -9999.0 -9999.0 -9999.0 -9999.0 -9999.0 -9999.0 -9999.0 -9999.0
2.0920202743119685 2.0916731240676527 2.091325973823337 2.0909788235790217 2.090631673334706 2.0902845230903906 2.0899373728460744 2.0895902226017586 2.089243072357443 2.0888959221131276 2.088548771868812 2.088201621624496 2.0878544713801808 2.087507321135865 2.0871601708915497 2.086813020647234 2.0867835820167775 2.087093784290273 2.0874039865637686 2.0877141888372646 2.08802439111076 2.0883345933842556 2.088644795657751 2.0889549979312467 2.089265200204742 2.0895754024782374 2.089885604751733 2.0901958070252284 2.090506009298724 2.0908162115722195 2.091126413845715 2.0914366161192106 2.0917468183927066 2.0920570206662017 2.0923672229396972 -9999.0 -9999.0 -9999.0 -9999.0 -9999.0 -9999.0 -9999.0 -9999.0 -9999.0
2.094251843909753 2.093946995495914 2.0936421470820754 2.0933372986682364 2.0930324502543973 2.0927276018405583 2.092422753426719 2.0921179050128798 2.0918130565990407 2.0915082081852017 2.0912033597713626 2.0908985113575236 2.090593662943685 2.090288814529846 2.089983966116007 2.089679117702168 2.0896883858170745 2.0900334516086017 2.090378517400129 2.090723583191657 2.091068648983184 2.0914137147747116 2.0917587805662388 2.092103846357766 2.092448912149293 2.0927939779408207 2.093139043732348 2.093484109523875 2.0938291753154026 2.0941742411069297 2.094519306898457 2.094864372689984 2.095209438481512 2.0955545042730392 2.095899570064567 2.096244635856094 -9999.0 -9999.0 -9999.0 -9999.0 -9999.0 -9999.0 -9999.0 -9999.0
2.096483413507538 2.0962208669241758 2.0959583203408134 2.095695773757451 2.0954332271740883 2.095170680590726 2.094908134007363 2.094645587424001 2.0943830408406385 2.094120494257276 2.093857947673914 2.093595401090551 2.0933328545071888 2.0930703079238264 2.092807761340464 2.0925452147571018 2.092593189617371 2.0929731189269303 2.0933530482364895 2.093732977546049 2.0941129068556084 2.094492836165167 2.0948727654747263 2.0952526947842856 2.0956326240938443 2.0960125534034035 2.0963924827129627 2.096772412022522 2.0971523413320807 2.09753227064164 2.097912199951199 2.098292129260758 2.098672058570318 2.099051987879877 2.099431917189436 2.099811846498995 -9999.0 -9999.0 -9999.0 -9999.0 -9999.0 -9999.0 -9999.0 -9999.0
2.098714983105323 2.0984947383524375 2.0982744935995514 2.098054248846666 2.0978340040937797 2.097613759340894 2.097393514588008 2.097173269835122 2.0969530250822364 2.0967327803293503 2.0965125355764647 2.096292290823579 2.096072046070693 2.0958518013178074 2.0956315565649213 2.0954113118120357 2.095497993417668 2.095912786245259 2.0963275790728497 2.0967423719004414 2.0971571647280323 2.097571957555623 2.097986750383214 2.0984015432108047 2.0988163360383956 2.099231128865987 2.0996459216935777 2.1000607145211685 2.1004755073487593 2.10089030017635 2.101305093003941 2.101719885831532 2.1021346786591235 2.1025494714867143 -9999.0 -9999.0 -9999.0 -9999.0 -9999.0 -9999.0 2.1054530212798506 -9999.0 2.106282606935032 -9999.0
2.10094655270311 2.100768609780701 2.1005906668582917 2.1004127239358827 2.1002347810134734 2.100056838091064 2.0998788951686547 2.0997009522462458 2.0995230093238364 2.099345066401427 2.099167123479018 2.0989891805566088 2.0988112376342 2.0986332947117905 2.098455351789381 2.0982774088669722 2.0984027972179677 2.09885245356359 2.099302109909213 2.0997517662548364 2.1002014226004593 2.1006510789460817 2.1011007352917046 2.101550391637327 2.10200004798295 2.1024497043285724 2.1028993606741953 2.1033490170198177 2.1037986733654406 2.1042483297110635 2.104697986056686 2.105147642402309 2.105597298747932 2.106046955093555 -9999.0 -9999.0 -9999.0 -9999.0 -9999.0 2.108744893167291 2.109194549512914 2.1096442058585363 2.110093862204159 -9999.0
2.1031781223008945 2.1030424812089623 2.1029068401170297 2.102771199025097 2.1026355579331644 2.1024999168412317 2.102364275749299 2.1022286346573664 2.1020929935654338 2.101957352473501 2.1018217113815685 2.101686070289636 2.101550429197703 2.101414788105771 2.1012791470138383 2.1011435059219057 2.101307601018264 2.1017921208819184 2.102276640745573 2.1027611606092282 2.1032456804728827 2.1037302003365372 2.1042147202001917 2.1046992400638462 2.1051837599275007 2.1056682797911552 2.1061527996548097 2.1066373195184642 2.1071218393821187 2.107606359245773 2.1080908791094277 2.108575398973082 2.1090599188367376 2.109544438700392 2.1100289585640466 -9999.0 -9999.0 -9999.0 -9999.0 2.112451557882319 2.1129360777459736 2.113420597609628 2.1139051174732826 -9999.0
2.10540969189868 2.105316352637224 2.1052230133757677 2.1051296741143117 2.105036334852856 2.1049429955914 2.1048496563299435 2.1047563170684875 2.1046629778070316 2.1045696385455757 2.1044762992841197 2.104382960022664 2.1042896207612074 2.1041962814997515 2.1041029422382955 2.1040096029768396 2.104212404818561 2.104731788200247 2.1052511715819335 2.1057705549636205 2.1062899383453066 2.106809321726993 2.1073287051086793 2.107848088490366 2.108367471872052 2.1088868552537385 2.1094062386354246 2.1099256220171108 2.1104450053987973 2.1109643887804834 2.11148377216217 2.112003155543856 2.1125225389255435 2.1130419223072296 2.1135613056889158 2.1140806890706023 -9999.0 -9999.0 -9999.0 2.1161582225973476 2.1166776059790338 2.11719698936072 2.1177163727424064 2.1182357561240925
2.1076412614964646 2.1075902240654854 2.107539186634506 2.1074881492035265 2.1074371117725472 2.1073860743415676 2.1073350369105883 2.1072839994796086 2.1072329620486294 2.1071819246176497 2.1071308871866705 2.1070798497556913 2.1070288123247116 2.1069777748937324 2.1069267374627527 2.1068757000317735 2.1071172086188574 2.1076714555185756 2.1082257024182938 2.108779949318013 2.109334196217731 2.1098884431174487 2.110442690017167 2.110996936916885 2.1115511838166032 2.1121054307163214 2.112659677616039 2.1132139245157573 2.1137681714154755 2.1143224183151936 2.114876665214912 2.11543091211463 2.1159851590143486 2.1165394059140668 2.117093652813785 2.117647899713503 2.1182021466132213 2.1187563935129394 2.119310640412657 2.1198648873123753 2.1204191342120935 2.1209733811118117 2.12152762801153 2.1220818749112476
2.1098728310942496 2.1098640954937466 2.109855359893244 2.109846624292741 2.109837888692238 2.1098291530917357 2.1098204174912327 2.1098116818907298 2.1098029462902272 2.1097942106897243 2.1097854750892213 2.109776739488719 2.109768003888216 2.109759268287713 2.1097505326872104 2.1097417970867074 2.1100220124191544 2.110611122836904 2.111200233254654 2.111789343672405 2.112378454090155 2.1129675645079047 2.1135566749256545 2.1141457853434047 2.1147348957611545 2.1153240061789043 2.115913116596654 2.1165022270144043 2.117091337432154 2.117680447849904 2.1182695582676536 2.1188586686854034 2.1194477791031545 2.1200368895209043 2.120625999938654 2.1212151103564043 2.121804220774154 2.122393331191904 2.1229824416096537 2.123571552027404 2.1241606624451537 2.1247497728629035 2.1253388832806532 2.125927993698403
2.1121044006920346 2.1121379669220084 2.112171533151982 2.112205099381956 2.1122386656119296 2.1122722318419034 2.1123057980718776 2.1123393643018513 2.112372930531825 2.112406496761799 2.1124400629917726 2.1124736292217463 2.11250719545172 2.112540761681694 2.1125743279116675 2.1126078941416413 2.112926816219451 2.113550790155233 2.1141747640910147 2.1147987380267974 2.115422711962579 2.1160466858983606 2.1166706598341425 2.117294633769924 2.1179186077057057 2.1185425816414876 2.119166555577269 2.119790529513051 2.120414503448832 2.121038477384614 2.121662451320396 2.1222864252561773 2.12291039919196 2.123534373127742 2.1241583470635237 2.124782320999305 2.125406294935087 2.1260302688708688 2.12665424280665 2.127278216742432 2.127902190678214 2.1285261646139952 2.129150138549777 2.129774112485559
2.1143359702898215 2.114411838350272 2.1144877064107224 2.1145635744711724 2.114639442531623 2.1147153105920733 2.1147911786525238 2.114867046712974 2.1149429147734247 2.115018782833875 2.1150946508943256 2.1151705189547756 2.115246387015226 2.1153222550756765 2.115398123136127 2.1154739911965774 2.1158316200197502 2.1164904574735637 2.117149294927377 2.117808132381192 2.1184669698350054 2.119125807288819 2.1197846447426323 2.1204434821964457 2.121102319650259 2.121761157104073 2.1224199945578865 2.1230788320117 2.1237376694655135 2.124396506919327 2.1250553443731404 2.125714181826954 2.1263730192807686 2.127031856734582 2.1276906941883955 2.128349531642209 2.129008369096023 2.1296672065498363 2.1303260440036498 2.1309848814574632 2.1316437189112767 2.13230255636509 2.1329613938189036 2.133620231272717
2.116567539887606 2.116685709778533 2.1168038796694604 2.116922049560387 2.1170402194513143 2.117158389342241 2.117276559233168 2.1173947291240953 2.1175128990150225 2.117631068905949 2.1177492387968764 2.117867408687803 2.1179855785787303 2.1181037484696574 2.118221918360584 2.1183400882515113 2.118736423820047 2.1194301247918923 2.120123825763738 2.120817526735584 2.1215112277074293 2.122204928679275 2.12289862965112 2.1235923306229654 2.1242860315948104 2.124979732566656 2.1256734335385015 2.1263671345103465 2.127060835482192 2.127754536454037 2.1284482374258826 2.1291419383977277 2.129835639369574 2.1305293403414196 2.131223041313265 2.13191674228511 2.1326104432569557 2.1333041442288008 2.1339978452006463 2.1346915461724913 2.135385247144337 2.136078948116182 2.1367726490880274 2.1374663500598725
