Figures/CREST_Example_wjb_NSE/PETs/wjb.pet.20100503.asc
ncols            288
nrows            254
xllcorner        113.274861
yllcorner        31.4918055
cellsize         0.008333333333
NODATA_value     -9999
[rows 100 to 119 of 254, columns 44 to 87 of 288]
3.5356228517069743 3.533433177015571 3.5312435023241675 3.529053827632764 3.5268641529413607 3.524674478249957 3.5224848035585534 3.5202951288671502 3.518105454175743 3.5159157794843394 3.5137261047929362 3.5115364301015326 3.509346755410129 3.507157080718726 3.504967406027322 3.5027777313359185 3.5005880566445153 3.4983983819531117 3.4962087072617085 3.494019032570305 3.4918293578789013 3.489639683187494 3.487450008496091 3.4852603338046872 3.4830706591132836 3.4808809844218804 3.478691309730477 3.4765016350390736 3.4763759127986784 3.47845660238624 3.480537291973802 3.4826179815613636 3.4846986711489256 3.486779360736487 3.4888600503240528 3.4909407399116144 3.4930214294991764 3.495102119086738 3.4971828086743 3.4992634982618616 3.5013441878494236 3.503424877436985 3.505505567024547 3.5075862566121088
3.5361139776168877 3.533802862418872 3.531491747220856 3.52918063202284 3.5268695168248243 3.524558401626808 3.5222472864287924 3.5199361712307766 3.517625056032757 3.5153139408347407 3.513002825636725 3.510691710438709 3.508380595240693 3.5060694800426773 3.5037583648446615 3.5014472496466453 3.4991361344486296 3.496825019250614 3.4945139040525977 3.492202788854582 3.489891673656566 3.4875805584585464 3.4852694432605302 3.4829583280625145 3.4806472128644987 3.4783360976664826 3.476024982468467 3.473713867270451 3.473569059380974 3.4757400829759932 3.4779111065710127 3.480082130166032 3.4822531537610515 3.484424177356071 3.486595200951094 3.4887662245461133 3.4909372481411327 3.493108271736152 3.4952792953311715 3.497450318926191 3.4996213425212104 3.50179236611623 3.5039633897112497 3.506134413306269
3.5366051035268007 3.5341725478221724 3.531739992117544 3.5293074364129158 3.5268748807082875 3.524442325003659 3.522009769299031 3.5195772135944026 3.5171446578897703 3.514712102185142 3.5122795464805137 3.5098469907758854 3.507414435071257 3.5049818793666287 3.5025493236620004 3.500116767957372 3.497684212252744 3.4952516565481155 3.4928191008434872 3.490386545138859 3.4879539894342306 3.4855214337295983 3.48308887802497 3.4806563223203417 3.4782237666157134 3.475791210911085 3.473358655206457 3.4709260995018285 3.4707622059632692 3.473023563565746 3.4752849211682233 3.4775462787707 3.4798076363731774 3.482068993975654 3.484330351578135 3.4865917091806122 3.4888530667830895 3.4911144243855663 3.4933757819880435 3.4956371395905204 3.4978984971929976 3.5001598547954744 3.5024212123979517 3.5046825700004285
3.5370962294367136 3.5345422332254732 3.5319882370142324 3.5294342408029915 3.526880244591751 3.5243262483805102 3.5217722521692694 3.519218255958029 3.5166642597467836 3.5141102635355432 3.5115562673243024 3.5090022711130615 3.506448274901821 3.5038942786905802 3.5013402824793394 3.498786286268099 3.496232290056858 3.4936782938456172 3.491124297634377 3.488570301423136 3.486016305211895 3.4834623090006502 3.4809083127894094 3.478354316578169 3.475800320366928 3.4732463241556872 3.470692327944447 3.468138331733206 3.467955352545564 3.470307044155499 3.472658735765434 3.4750104273753686 3.4773621189853032 3.479713810595238 3.4820655022051765 3.484417193815111 3.486768885425046 3.4891205770349805 3.491472268644915 3.4938239602548498 3.4961756518647844 3.498527343474719 3.5008790350846537 3.5032307266945883
3.537587355346627 3.534911918628774 3.5322364819109207 3.5295610451930677 3.5268856084752147 3.5242101717573613 3.5215347350395083 3.518859298321655 3.5161838616037975 3.513508424885944 3.510832988168091 3.508157551450238 3.5054821147323847 3.5028066780145317 3.5001312412966783 3.4974558045788253 3.4947803678609723 3.492104931143119 3.489429494425266 3.4867540577074125 3.4840786209895596 3.4814031842717017 3.4787277475538487 3.4760523108359958 3.4733768741181423 3.4707014374002894 3.468026000682436 3.465350563964583 3.465148499127859 3.4675905247452516 3.470032550362644 3.472474575980036 3.4749166015974287 3.4773586272148207 3.479800652832217 3.4822426784496097 3.484684704067002 3.487126729684394 3.4895687553017867 3.492010780919179 3.494452806536571 3.4968948321539637 3.4993368577713557 3.501778883388748
3.5380784812565405 3.535281604032075 3.5324847268076094 3.529687849583144 3.526890972358678 3.5240940951342123 3.521297217909747 3.518500340685281 3.5157034634608104 3.512906586236345 3.5101097090118794 3.5073128317874134 3.504515954562948 3.5017190773384823 3.498922200114017 3.496125322889551 3.4933284456650853 3.4905315684406197 3.4877346912161538 3.4849378139916882 3.4821409367672227 3.4793440595427523 3.4765471823182867 3.4737503050938208 3.4709534278693552 3.4681565506448897 3.4653596734204237 3.462562796195958 3.4623416457101523 3.4648740053350027 3.4674063649598525 3.4699387245847024 3.4724710842095527 3.4750034438344026 3.477535803459257 3.480068163084107 3.4826005227089567 3.485132882333807 3.487665241958657 3.490197601583507 3.492729961208357 3.495262320833207 3.497794680458057 3.5003270400829067
3.538569607166454 3.5356512894353758 3.5327329717042977 3.5298146539732196 3.5268963362421415 3.5239780185110634 3.5210597007799853 3.5181413830489072 3.5152230653178242 3.512304747586746 3.509386429855668 3.50646811212459 3.503549794393512 3.500631476662434 3.4977131589313557 3.4947948412002776 3.4918765234691995 3.4889582057381214 3.4860398880070433 3.4831215702759653 3.480203252544887 3.477284934813804 3.474366617082726 3.471448299351648 3.46852998162057 3.465611663889492 3.4626933461584137 3.4597750284273356 3.4595347922924478 3.4621574859247555 3.464780179557063 3.467402873189371 3.470025566821678 3.472648260453986 3.475270954086298 3.4778936477186058 3.4805163413509135 3.4831390349832207 3.4857617286155285 3.488384422247836 3.491007115880144 3.4936298095124516 3.496252503144759 3.4988751967770666
3.539060733076367 3.536020974838676 3.5329812166009855 3.5299414583632953 3.5269017001256047 3.523861941887914 3.520822183650224 3.517782425412533 3.5147426671748376 3.511702908937147 3.5086631506994563 3.505623392461766 3.5025836342240755 3.499543875986385 3.4965041177486946 3.493464359511004 3.4904246012733133 3.487384843035623 3.4843450847979325 3.481305326560242 3.4782655683225516 3.4752258100848556 3.4721860518471654 3.469146293609475 3.466106535371784 3.463066777134094 3.4600270188964033 3.4569872606587126 3.4567279388747427 3.4594409665145083 3.4621539941542734 3.4648670217940385 3.467580049433804 3.470293077073569 3.473006104713339 3.4757191323531043 3.47843215999287 3.481145187632635 3.4838582152724 3.4865712429121656 3.4892842705519307 3.491997298191696 3.4947103258314614 3.4974233534712265
3.53955185898628 3.536390660241977 3.5332294614976743 3.530068262753371 3.5269070640090683 3.5237458652647655 3.5205846665204623 3.5174234677761596 3.5142622690318515 3.5111010702875483 3.5079398715432455 3.5047786727989423 3.5016174740546395 3.4984562753103368 3.4952950765660336 3.492133877821731 3.488972679077428 3.485811480333125 3.482650281588822 3.4794890828445193 3.476327884100216 3.473166685355908 3.470005486611605 3.466844287867302 3.4636830891229993 3.460521890378696 3.4573606916343933 3.4541994928900905 3.453921085457038 3.456724447104261 3.459527808751484 3.462331170398707 3.46513453204593 3.4679378936931524 3.4707412553403802 3.473544616987603 3.476347978634826 3.479151340282049 3.481954701929272 3.4847580635764945 3.4875614252237175 3.4903647868709404 3.4931681485181634 3.4959715101653863
3.540042984896193 3.536760345645278 3.5334777063943625 3.530195067143447 3.526912427892532 3.5236297886416166 3.5203471493907013 3.517064510139786 3.513781870888865 3.5104992316379495 3.507216592387034 3.503933953136119 3.5006513138852036 3.4973686746342882 3.494086035383373 3.4908033961324576 3.4875207568815423 3.484238117630627 3.4809554783797116 3.4776728391287963 3.474390199877881 3.47110756062696 3.4678249213760446 3.4645422821251293 3.461259642874214 3.4579770036232986 3.4546943643723833 3.451411725121468 3.4511142320393335 3.454007927694014 3.4569016233486947 3.459795319003375 3.4626890146580553 3.465582710312736 3.4684764059674213 3.471370101622102 3.4742637972767825 3.477157492931463 3.4800511885861436 3.482944884240824 3.4858385798955047 3.488732275550185 3.4916259712048654 3.494519666859546
3.540534110806106 3.5371300310485783 3.533725951291051 3.530321871533523 3.526917791775995 3.5235137120184676 3.5201096322609398 3.516705552503412 3.5133014727458782 3.509897392988351 3.506493313230823 3.503089233473295 3.499685153715767 3.4962810739582397 3.492876994200712 3.489472914443184 3.4860688346856565 3.4826647549281287 3.479260675170601 3.475856595413073 3.4724525156555455 3.469048435898012 3.465644356140484 3.4622402763829565 3.4588361966254286 3.4554321168679007 3.452028037110373 3.4486239573528454 3.448307378621629 3.451291408283767 3.4542754379459053 3.4572594676080435 3.4602434972701817 3.4632275269323194 3.466211556594463 3.469195586256601 3.4721796159187392 3.4751636455808774 3.478147675243015 3.4811317049051533 3.4841157345672915 3.4870997642294297 3.490083793891568 3.493067823553706
3.5410252367160195 3.5374997164518796 3.533974196187739 3.5304486759235987 3.5269231556594587 3.5233976353953183 3.519872115131178 3.516346594867038 3.5128210746028916 3.509295554338751 3.5057700340746107 3.5022445138104707 3.4987189935463303 3.49519347328219 3.49166795301805 3.4881424327539094 3.484616912489769 3.481091392225629 3.4775658719614886 3.4740403516973486 3.470514831433208 3.466989311169062 3.4634637909049215 3.459938270640781 3.456412750376641 3.4528872301125006 3.4493617098483607 3.44583618958422 3.4455005252039217 3.4485748888735177 3.4516492525431133 3.4547236162127093 3.457797979882305 3.460872343551901 3.4639467072215018 3.467021070891098 3.470095434560694 3.4731697982302894 3.4762441618998854 3.479318525569481 3.482392889239077 3.485467252908673 3.4885416165782686 3.4916159802478646
3.541516362625933 3.5378694018551804 3.5342224410844274 3.530575480313675 3.5269285195429223 3.5232815587721693 3.5196345980014168 3.515987637230664 3.512340676459905 3.5086937156891524 3.5050467549184 3.501399794147647 3.4977528333768944 3.494105872606142 3.490458911835389 3.4868119510646363 3.4831649902938837 3.4795180295231307 3.475871068752378 3.4722241079816256 3.4685771472108726 3.464930186440114 3.4612832256693613 3.4576362648986083 3.4539893041278558 3.450342343357103 3.44669538258635 3.4430484218155977 3.442693671786217 3.4458583694632705 3.449023067140324 3.4521877648173773 3.4553524624944307 3.458517160171484 3.4616818578485433 3.4648465555255967 3.46801125320265 3.4711759508797035 3.474340648556757 3.4775053462338104 3.4806700439108638 3.483834741587917 3.486999439264971 3.4901641369420244
3.5420074885358463 3.5382390872584812 3.534470685981116 3.530702284703751 3.526933883426386 3.523165482149021 3.5193970808716557 3.5156286795942906 3.511860278316919 3.5080918770395537 3.5043234757621886 3.5005550744848235 3.4967866732074584 3.4930182719300933 3.489249870652728 3.485481469375363 3.481713068097998 3.477944666820633 3.4741762655432677 3.4704078642659026 3.4666394629885375 3.4628710617111658 3.4591026604338007 3.4553342591564356 3.4515658578790704 3.4477974566017053 3.4440290553243402 3.440260654046975 3.4398868183685125 3.4431418500530233 3.4463968817375346 3.449651913422046 3.4529069451065566 3.456161976791068 3.4594170084755844 3.4626720401600957 3.4659270718446065 3.4691821035291177 3.4724371352136285 3.4756921668981398 3.478947198582651 3.482202230267162 3.485457261951673 3.488712293636184
3.542498614445759 3.5386087726617816 3.534718930877804 3.5308290890938263 3.526939247309849 3.5230494055258714 3.5191595637418938 3.515269721957916 3.511379880173932 3.5074900383899545 3.503600196605977 3.4997103548219997 3.495820513038022 3.4919306712540443 3.4880408294700667 3.4841509876860894 3.4802611459021118 3.476371304118134 3.472481462334157 3.468591620550179 3.4647017787662016 3.4608119369822177 3.45692209519824 3.4530322534142623 3.4491424116302847 3.4452525698463075 3.44136272806233 3.437472886278352 3.4370799649508075 3.440425330642776 3.4437706963347448 3.4471160620267134 3.450461427718682 3.453806793410651 3.4571521591026255 3.460497524794594 3.463842890486563 3.4671882561785314 3.4705336218705 3.473878987562469 3.477224353254438 3.4805697189464064 3.483915084638375 3.4872604503303437
3.5429897403556723 3.5389784580650825 3.5349671757744923 3.5309558934839025 3.5269446111933127 3.5229333289027225 3.5189220466121327 3.5149107643215425 3.5108994820309456 3.506888199740356 3.502876917449766 3.498865635159176 3.494854352868586 3.490843070577996 3.486831788287406 3.4828205059968163 3.478809223706226 3.4747979414156362 3.470786659125046 3.4667753768344562 3.4627640945438665 3.4587528122532696 3.4547415299626794 3.4507302476720896 3.4467189653815 3.4427076830909096 3.43869640080032 3.4346851185097296 3.434273111533103 3.437708811232529 3.4411445109319554 3.444580210631382 3.448015910330808 3.4514516100302344 3.4548873097296666 3.458323009429093 3.461758709128519 3.4651944088279456 3.468630108527372 3.472065808226798 3.4755015079262246 3.478937207625651 3.482372907325077 3.4858086070245036
3.5434808662655857 3.5393481434683833 3.535215420671181 3.5310826978739787 3.526949975076776 3.5228172522795735 3.518684529482371 3.514551806685169 3.5104190838879594 3.506286361090757 3.5021536382935547 3.4980209154963524 3.49388819269915 3.4897554699019477 3.4856227471047454 3.4814900243075426 3.4773573015103403 3.473224578713138 3.4690918559159356 3.4649591331187333 3.460826410321531 3.4566936875243215 3.452560964727119 3.448428241929917 3.4442955191327145 3.440162796335512 3.4360300735383094 3.431897350741107 3.4314662581153983 3.434992291822282 3.438518325529166 3.44204435923605 3.4455703929429338 3.4490964266498176 3.4526224603567077 3.4561484940635916 3.459674527770476 3.4632005614773598 3.4667265951842436 3.4702526288911275 3.4737786625980114 3.4773046963048957 3.4808307300117796 3.4843567637186634
3.5439719921754986 3.5397178288716837 3.535463665567869 3.531209502264054 3.5269553389602395 3.5227011756564246 3.5184470123526097 3.514192849048795 3.509938685744973 3.5056845224411584 3.5014303591373435 3.4971761958335286 3.4929220325297137 3.4886678692258988 3.4844137059220843 3.4801595426182694 3.4759053793144545 3.4716512160106396 3.467397052706825 3.4631428894030103 3.4588887260991954 3.4546345627953734 3.4503803994915585 3.446126236187744 3.441872072883929 3.4376179095801143 3.4333637462762994 3.429109582972485 3.4286594046976933 3.432275772412035 3.4358921401263767 3.4395085078407184 3.4431248755550596 3.4467412432694013 3.4503576109837493 3.4539739786980905 3.4575903464124322 3.461206714126774 3.4648230818411156 3.468439449555457 3.4720558172697986 3.4756721849841403 3.479288552698482 3.4829049204128233
3.539734036890153 3.53549495518972 3.531255873489287 3.527016791788854 3.522777710088421 3.5185386283879883 3.514299546687555 3.510060464987122 3.5058213832866816 3.501582301586249 3.4973432198858156 3.493104138185383 3.4888650564849497 3.4846259747845165 3.4803868930840838 3.4761478113836506 3.471908729683218 3.4676696479827847 3.463430566282352 3.4591914845819187 3.4549524028814855 3.4507133211810457 3.4464742394806125 3.4422351577801793 3.4379960760797466 3.4337569943793134 3.4295179126788806 3.4252788309784474 3.424853214575647 3.4285042787834343 3.4321553429912215 3.435806407199009 3.4394574714067963 3.4431085356145834 3.446759599822377 3.4504106640301644 3.4540617282379515 3.4577127924457387 3.461363856653526 3.465014920861313 3.4686659850691006 3.472317049276888 3.475968113484675 3.479619177692462
3.5304409919430335 3.526362925374789 3.522284858806544 3.518206792238299 3.5141287256700546 3.5100506591018097 3.5059725925335647 3.5018945259653202 3.497816459397068 3.4937383928288237 3.4896603262605788 3.4855822596923343 3.4815041931240893 3.4774261265558444 3.4733480599876 3.469269993419355 3.46519192685111 3.4611138602828655 3.4570357937146206 3.4529577271463756 3.448879660578131 3.444801594009879 3.4407235274416346 3.4366454608733896 3.432567394305145 3.4284893277369 3.4244112611686552 3.4203331946004107 3.4199787965179533 3.4236050842242687 3.4272313719305845 3.4308576596369 3.4344839473432156 3.4381102350495314 3.441736522755853 3.4453628104621687 3.448989098168484 3.4526153858748 3.4562416735811152 3.459867961287431 3.4634942489937464 3.467120536700062 3.470746824406378 3.4743731121126933
