Figures/CREST_Example_wjb_NSE/PETs/wjb.pet.20101110.asc
ncols            288
nrows            254
xllcorner        113.274861
yllcorner        31.4918055
cellsize         0.008333333333
NODATA_value     -9999
[rows 100 to 119 of 254, columns 44 to 87 of 288]
1.2590754601423932 1.2587910100903288 1.2585065600382643 1.2582221099862 1.2579376599341356 1.2576532098820712 1.2573687598300067 1.2570843097779423 1.2567998597258774 1.2565154096738131 1.2562309596217487 1.2559465095696842 1.2556620595176198 1.2553776094655555 1.255093159413491 1.2548087093614266 1.2545242593093622 1.2542398092572977 1.2539553592052335 1.253670909153169 1.2533864591011046 1.2531020090490397 1.2528175589969752 1.2525331089449108 1.2522486588928465 1.251964208840782 1.2516797587887176 1.2513953087366532 1.2518874057778637 1.253209649216454 1.2545318926550442 1.2558541360936344 1.2571763795322246 1.2584986229708146 1.259820866409407 1.2611431098479973 1.2624653532865875 1.2637875967251777 1.265109840163768 1.2664320836023581 1.2677543270409484 1.2690765704795384 1.2703988139181286 1.2717210573567188
1.2600786135335178 1.2598108905660064 1.259543167598495 1.2592754446309835 1.259007721663472 1.2587399986959604 1.258472275728449 1.2582045527609376 1.2579368297934257 1.2576691068259143 1.2574013838584028 1.2571336608908914 1.25686593792338 1.2565982149558685 1.256330491988357 1.2560627690208455 1.255795046053334 1.2555273230858226 1.2552596001183112 1.2549918771507997 1.2547241541832883 1.2544564312157764 1.2541887082482648 1.2539209852807534 1.253653262313242 1.2533855393457305 1.253117816378219 1.2528500934107076 1.2533610028203197 1.2547042878428856 1.2560475728654514 1.2573908578880173 1.2587341429105834 1.2600774279331493 1.2614207129557173 1.2627639979782832 1.264107283000849 1.2654505680234152 1.266793853045981 1.2681371380685469 1.2694804230911128 1.2708237081136786 1.2721669931362445 1.2735102781588106
1.2610817669246424 1.260830771041684 1.2605797751587253 1.260328779275767 1.2600777833928083 1.2598267875098499 1.2595757916268913 1.2593247957439329 1.2590737998609738 1.2588228039780154 1.2585718080950568 1.2583208122120983 1.2580698163291397 1.2578188204461813 1.257567824563223 1.2573168286802643 1.2570658327973059 1.2568148369143473 1.2565638410313889 1.2563128451484302 1.2560618492654718 1.2558108533825127 1.2555598574995543 1.2553088616165957 1.2550578657336373 1.2548068698506787 1.2545558739677203 1.2543048780847619 1.2548345998627755 1.256198926469317 1.2575632530758587 1.2589275796824002 1.260291906288942 1.2616562328954835 1.2630205595020274 1.264384886108569 1.2657492127151106 1.2671135393216522 1.268477865928194 1.2698421925347354 1.2712065191412771 1.2725708457478186 1.2739351723543604 1.275299498960902
1.2620849203157667 1.261850651517361 1.2616163827189557 1.26138211392055 1.2611478451221445 1.260913576323739 1.2606793075253335 1.260445038726928 1.2602107699285219 1.2599765011301165 1.259742232331711 1.2595079635333053 1.2592736947348997 1.2590394259364943 1.2588051571380887 1.2585708883396831 1.2583366195412775 1.258102350742872 1.2578680819444665 1.257633813146061 1.2573995443476553 1.2571652755492495 1.256931006750844 1.2566967379524383 1.2564624691540327 1.2562282003556273 1.2559939315572217 1.2557596627588161 1.2563081969052312 1.2576935650957486 1.259078933286266 1.2604643014767833 1.2618496696673005 1.2632350378578179 1.2646204060483375 1.2660057742388549 1.2673911424293722 1.2687765106198896 1.2701618788104068 1.2715472470009241 1.2729326151914415 1.274317983381959 1.275703351572476 1.2770887197629934
1.2630880737068912 1.2628705319930387 1.262652990279186 1.2624354485653335 1.262217906851481 1.2620003651376284 1.2617828234237758 1.2615652817099232 1.2613477399960702 1.2611301982822176 1.260912656568365 1.2606951148545125 1.26047757314066 1.2602600314268073 1.2600424897129545 1.259824947999102 1.2596074062852494 1.2593898645713968 1.2591723228575442 1.2589547811436916 1.258737239429839 1.258519697715986 1.2583021560021335 1.258084614288281 1.2578670725744283 1.2576495308605757 1.2574319891467232 1.2572144474328706 1.2577817939476872 1.2591882037221802 1.2605946134966732 1.2620010232711663 1.2634074330456593 1.2648138428201523 1.2662202525946478 1.2676266623691408 1.2690330721436338 1.2704394819181268 1.2718458916926199 1.2732523014671129 1.274658711241606 1.276065121016099 1.277471530790592 1.278877940565085
1.2640912270980167 1.263890412468717 1.2636895978394174 1.2634887832101176 1.263287968580818 1.2630871539515185 1.2628863393222187 1.2626855246929192 1.2624847100636192 1.2622838954343196 1.26208308080502 1.2618822661757203 1.2616814515464208 1.2614806369171212 1.2612798222878214 1.2610790076585219 1.2608781930292223 1.2606773783999226 1.260476563770623 1.2602757491413235 1.2600749345120237 1.2598741198827237 1.2596733052534241 1.2594724906241246 1.2592716759948248 1.2590708613655253 1.2588700467362257 1.258669232106926 1.2592553909901443 1.260682842348613 1.2621102937070818 1.2635377450655505 1.2649651964240194 1.266392647782488 1.2678200991409592 1.269247550499428 1.2706750018578967 1.2721024532163656 1.2735299045748343 1.2749573559333032 1.2763848072917718 1.2778122586502405 1.2792397100087094 1.280667161367178
1.265094380489141 1.2649102929443943 1.2647262053996475 1.264542117854901 1.2643580303101543 1.2641739427654075 1.263989855220661 1.2638057676759142 1.2636216801311673 1.2634375925864205 1.263253505041674 1.2630694174969272 1.2628853299521805 1.262701242407434 1.2625171548626872 1.2623330673179405 1.262148979773194 1.2619648922284472 1.2617808046837005 1.261596717138954 1.2614126295942072 1.2612285420494602 1.2610444545047135 1.260860366959967 1.2606762794152202 1.2604921918704735 1.260308104325727 1.2601240167809802 1.2607289880325998 1.2621774809750443 1.2636259739174889 1.2650744668599334 1.2665229598023777 1.2679714527448223 1.2694199456872692 1.2708684386297138 1.2723169315721583 1.2737654245146026 1.2752139174570472 1.2766624103994917 1.278110903341936 1.2795593962843805 1.281007889226825 1.2824563821692696
1.2660975338802656 1.2659301734200719 1.2657628129598781 1.2655954524996844 1.2654280920394907 1.265260731579297 1.2650933711191032 1.2649260106589095 1.2647586501987156 1.2645912897385219 1.2644239292783281 1.2642565688181344 1.2640892083579407 1.263921847897747 1.2637544874375533 1.2635871269773595 1.2634197665171658 1.263252406056972 1.2630850455967784 1.2629176851365846 1.262750324676391 1.2625829642161968 1.262415603756003 1.2622482432958093 1.2620808828356156 1.2619135223754219 1.2617461619152281 1.2615788014550344 1.2622025850750558 1.263672119601476 1.2651416541278961 1.2666111886543163 1.2680807231807365 1.2695502577071567 1.2710197922335795 1.2724893267599997 1.2739588612864199 1.27542839581284 1.2768979303392602 1.2783674648656804 1.2798369993921006 1.2813065339185208 1.282776068444941 1.2842456029713611
1.26710068727139 1.2669500538957492 1.2667994205201083 1.2666487871444676 1.266498153768827 1.266347520393186 1.2661968870175453 1.2660462536419046 1.2658956202662635 1.2657449868906228 1.265594353514982 1.2654437201393414 1.2652930867637004 1.2651424533880598 1.264991820012419 1.2648411866367784 1.2646905532611374 1.2645399198854967 1.264389286509856 1.2642386531342151 1.2640880197585744 1.2639373863829335 1.2637867530072926 1.263636119631652 1.2634854862560112 1.2633348528803705 1.2631842195047296 1.263033586129089 1.2636761821175118 1.2651667582279076 1.2666573343383036 1.2681479104486995 1.2696384865590953 1.2711290626694913 1.2726196387798896 1.2741102148902856 1.2756007910006815 1.2770913671110773 1.2785819432214733 1.2800725193318692 1.281563095442265 1.283053671552661 1.2845442476630569 1.2860348237734527
1.2681038406625145 1.2679699343714266 1.267836028080339 1.267702121789251 1.2675682154981631 1.2674343092070754 1.2673004029159876 1.2671664966248997 1.2670325903338118 1.2668986840427239 1.266764777751636 1.2666308714605483 1.2664969651694604 1.2663630588783727 1.2662291525872849 1.266095246296197 1.2659613400051093 1.2658274337140214 1.2656935274229335 1.2655596211318458 1.265425714840758 1.26529180854967 1.2651579022585822 1.2650239959674943 1.2648900896764066 1.2647561833853187 1.2646222770942308 1.2644883708031431 1.2651497791599675 1.266661396854339 1.2681730145487107 1.2696846322430821 1.2711962499374538 1.2727078676318255 1.2742194853261997 1.2757311030205714 1.2772427207149428 1.2787543384093145 1.280265956103686 1.2817775737980577 1.2832891914924294 1.2848008091868008 1.2863124268811725 1.2878240445755442
1.269106994053639 1.2689898148471042 1.2688726356405693 1.2687554564340344 1.2686382772274996 1.2685210980209647 1.2684039188144298 1.268286739607895 1.2681695604013599 1.268052381194825 1.2679352019882901 1.2678180227817555 1.2677008435752206 1.2675836643686857 1.2674664851621509 1.267349305955616 1.2672321267490811 1.2671149475425463 1.2669977683360114 1.2668805891294765 1.2667634099229417 1.2666462307164066 1.2665290515098717 1.2664118723033368 1.266294693096802 1.2661775138902671 1.2660603346837322 1.2659431554771974 1.2666233762024233 1.2681560354807706 1.269688694759118 1.2712213540374653 1.2727540133158126 1.27428667259416 1.27581933187251 1.2773519911508573 1.2788846504292044 1.2804173097075517 1.281949968985899 1.2834826282642464 1.2850152875425938 1.286547946820941 1.2880806060992884 1.2896132653776358
1.2701101474447642 1.2700096953227824 1.2699092432008006 1.2698087910788187 1.2697083389568367 1.2696078868348548 1.269507434712873 1.2694069825908911 1.269306530468909 1.269206078346927 1.2691056262249452 1.2690051741029633 1.2689047219809815 1.2688042698589996 1.2687038177370176 1.2686033656150357 1.2685029134930539 1.268402461371072 1.2683020092490902 1.2682015571271081 1.2681011050051263 1.2680006528831442 1.2679002007611624 1.2677997486391805 1.2676992965171987 1.2675988443952166 1.2674983922732348 1.267397940151253 1.2680969732448804 1.2696506741072033 1.2712043749695265 1.2727580758318495 1.2743117766941725 1.2758654775564957 1.2774191784188214 1.2789728792811443 1.2805265801434675 1.2820802810057905 1.2836339818681135 1.2851876827304367 1.2867413835927597 1.2882950844550827 1.2898487853174059 1.2914024861797289
1.2711133008358886 1.2710295757984598 1.2709458507610307 1.270862125723602 1.2707784006861729 1.270694675648744 1.270610950611315 1.2705272255738862 1.2704435005364572 1.2703597754990281 1.2702760504615993 1.2701923254241703 1.2701086003867414 1.2700248753493124 1.2699411503118836 1.2698574252744546 1.2697737002370257 1.2696899751995967 1.2696062501621679 1.2695225251247388 1.26943880008731 1.2693550750498808 1.269271350012452 1.269187624975023 1.269103899937594 1.269020174900165 1.2689364498627362 1.2688527248253072 1.2695705702873363 1.271145312733635 1.2727200551799338 1.2742947976262327 1.2758695400725313 1.2774442825188301 1.2790190249651314 1.2805937674114303 1.2821685098577291 1.2837432523040277 1.2853179947503266 1.2868927371966252 1.288467479642924 1.2900422220892227 1.2916169645355216 1.2931917069818204
1.2721164542270131 1.2720494562741371 1.2719824583212613 1.2719154603683853 1.2718484624155093 1.2717814644626333 1.2717144665097573 1.2716474685568813 1.2715804706040053 1.2715134726511292 1.2714464746982532 1.2713794767453772 1.2713124787925012 1.2712454808396254 1.2711784828867494 1.2711114849338734 1.2710444869809974 1.2709774890281214 1.2709104910752453 1.2708434931223693 1.2707764951694935 1.2707094972166173 1.2706424992637413 1.2705755013108655 1.2705085033579895 1.2704415054051135 1.2703745074522375 1.2703075094993614 1.2710441673297919 1.2726399513600664 1.2742357353903409 1.2758315194206153 1.2774273034508898 1.2790230874811643 1.2806188715114415 1.282214655541716 1.2838104395719905 1.285406223602265 1.2870020076325395 1.288597791662814 1.2901935756930885 1.291789359723363 1.2933851437536374 1.2949809277839117
1.2731196076181375 1.2730693367498145 1.2730190658814915 1.2729687950131685 1.2729185241448455 1.2728682532765225 1.2728179824081995 1.2727677115398763 1.2727174406715533 1.2726671698032304 1.2726168989349074 1.2725666280665842 1.2725163571982612 1.2724660863299382 1.2724158154616152 1.2723655445932922 1.2723152737249692 1.2722650028566462 1.272214731988323 1.27216446112 1.272114190251677 1.272063919383354 1.2720136485150308 1.2719633776467079 1.2719131067783849 1.2718628359100619 1.271812565041739 1.271762294173416 1.2725177643722478 1.274134589986498 1.2757514156007483 1.2773682412149985 1.2789850668292486 1.2806018924434988 1.2822187180577518 1.283835543672002 1.285452369286252 1.2870691949005024 1.2886860205147526 1.2903028461290027 1.2919196717432528 1.293536497357503 1.2951533229717533 1.2967701485860035
1.274122761009262 1.274089217225492 1.2740556734417219 1.274022129657952 1.2739885858741817 1.2739550420904118 1.2739214983066416 1.2738879545228716 1.2738544107391014 1.2738208669553315 1.2737873231715613 1.2737537793877913 1.2737202356040211 1.2736866918202512 1.273653148036481 1.273619604252711 1.2735860604689409 1.2735525166851709 1.2735189729014007 1.2734854291176307 1.2734518853338606 1.2734183415500904 1.2733847977663204 1.2733512539825502 1.2733177101987803 1.27328416641501 1.2732506226312401 1.27321707884747 1.2739913614147036 1.2756292286129294 1.2772670958111554 1.2789049630093812 1.2805428302076072 1.282180697405833 1.2838185646040619 1.2854564318022876 1.2870942990005136 1.2887321661987394 1.2903700333969654 1.2920079005951912 1.2936457677934172 1.295283634991643 1.296921502189869 1.2985593693880948
1.2751259144003866 1.2751090977011694 1.2750922810019523 1.275075464302735 1.275058647603518 1.275041830904301 1.2750250142050839 1.2750081975058667 1.2749913808066495 1.2749745641074324 1.2749577474082154 1.2749409307089983 1.2749241140097811 1.274907297310564 1.2748904806113468 1.2748736639121299 1.2748568472129127 1.2748400305136955 1.2748232138144784 1.2748063971152612 1.2747895804160443 1.2747727637168271 1.27475594701761 1.2747391303183928 1.2747223136191757 1.2747054969199587 1.2746886802207416 1.2746718635215244 1.2754649584571596 1.277123867239361 1.2787827760215627 1.2804416848037643 1.282100593585966 1.2837595023681676 1.285418411150372 1.2870773199325736 1.2887362287147752 1.2903951374969769 1.2920540462791783 1.29371295506138 1.2953718638435816 1.2970307726257833 1.298689681407985 1.3003485901901863
1.2761290677915111 1.276128978176847 1.2761288885621827 1.2761287989475185 1.2761287093328544 1.2761286197181902 1.2761285301035261 1.276128440488862 1.2761283508741978 1.2761282612595337 1.2761281716448696 1.2761280820302052 1.276127992415541 1.276127902800877 1.2761278131862128 1.2761277235715487 1.2761276339568846 1.2761275443422204 1.2761274547275563 1.276127365112892 1.2761272754982278 1.2761271858835637 1.2761270962688995 1.2761270066542354 1.2761269170395713 1.2761268274249071 1.276126737810243 1.2761266481955789 1.2769385554996153 1.2786185058657926 1.2802984562319701 1.2819784065981474 1.2836583569643247 1.285338307330502 1.2870182576966822 1.2886982080628595 1.2903781584290368 1.292058108795214 1.2937380591613914 1.2954180095275687 1.297097959893746 1.2987779102599235 1.3004578606261008 1.302137810992278
1.2775100674556383 1.277537195991273 1.2775643245269075 1.2775914530625423 1.2776185815981769 1.2776457101338115 1.277672838669446 1.2776999672050806 1.2777270957407152 1.27775422427635 1.2777813528119846 1.2778084813476192 1.2778356098832537 1.2778627384188883 1.277889866954523 1.2779169954901575 1.277944124025792 1.2779712525614269 1.2779983810970614 1.278025509632696 1.2780526381683306 1.2780797667039652 1.2781068952395997 1.2781340237752346 1.2781611523108691 1.2781882808465037 1.2782154093821383 1.2782425379177729 1.2790690605983703 1.2807501536910835 1.2824312467837966 1.2841123398765097 1.2857934329692229 1.2874745260619358 1.2891556191546518 1.290836712247365 1.292517805340078 1.2941988984327912 1.2958799915255044 1.2975610846182175 1.2992421777109306 1.3009232708036438 1.302604363896357 1.30428545698907
1.2792949609650022 1.2793605219388284 1.2794260829126547 1.279491643886481 1.2795572048603072 1.2796227658341335 1.2796883268079597 1.279753887781786 1.2798194487556123 1.2798850097294385 1.2799505707032648 1.280016131677091 1.2800816926509173 1.2801472536247436 1.2802128145985698 1.280278375572396 1.2803439365462224 1.2804094975200486 1.2804750584938749 1.2805406194677011 1.2806061804415274 1.2806717414153537 1.28073730238918 1.2808028633630062 1.2808684243368325 1.2809339853106587 1.280999546284485 1.2810651072583112 1.281901758995783 1.2835627241909144 1.2852236893860458 1.2868846545811772 1.2885456197763085 1.29020658497144 1.2918675501665742 1.2935285153617055 1.295189480556837 1.2968504457519683 1.2985114109470997 1.300172376142231 1.3018333413373624 1.303494306532494 1.3051552717276254 1.3068162369227567
