Figures/CREST_Example_wjb_NSE/PETs/wjb.pet.20100111.asc
ncols            288
nrows            254
xllcorner        113.274861
yllcorner        31.4918055
cellsize         0.008333333333
NODATA_value     -9999
[rows 209 to 227 of 254, columns 176 to 219 of 288]
0.6220747973392604 0.6219656054613819 0.6218564135835033 0.6217472217056247 0.6216380298277461 0.6215288379498675 0.6214196460719887 0.6213104541941101 0.6212012623162315 0.6210920704383529 0.6209828785604743 0.6208736866825957 0.6207644948047171 0.6206553029268386 0.62054611104896 0.6204369191710813 0.6200743789285298 0.6194410035517288 0.6188076281749278 0.6181742527981257 0.6175408774213247 0.6169075020445237 0.6162741266677226 0.6156407512909217 0.6150073759141207 0.6143740005373196 0.6137406251605186 0.6131072497837177 0.6124738744069166 0.6118404990301156 0.6112071236533146 0.6105737482765136 0.6099403728997115 0.6093069975229105 0.6086736221461094 0.6080402467693085 0.6074068713925075 0.6067734960157064 0.6061401206389054 0.6055067452621045 0.6048733698853034 0.6042399945085024 0.6036066191317014 0.6029732437549004
0.6235665432472824 0.6234200670776038 0.6232735909079251 0.6231271147382464 0.6229806385685678 0.6228341623988891 0.6226876862292102 0.6225412100595316 0.6223947338898529 0.6222482577201742 0.6221017815504956 0.6219553053808169 0.6218088292111382 0.6216623530414596 0.6215158768717809 0.6213694007021022 0.620981162700597 0.620334475830619 0.6196877889606409 0.6190411020906618 0.6183944152206837 0.6177477283507057 0.6171010414807276 0.6164543546107496 0.6158076677407716 0.6151609808707935 0.6145142940008155 0.6138676071308374 0.6132209202608594 0.6125742333908814 0.6119275465209033 0.6112808596509253 0.6106341727809461 0.6099874859109681 0.60934079904099 0.608694112171012 0.608047425301034 0.6074007384310559 0.6067540515610779 0.6061073646910998 0.6054606778211218 0.6048139909511439 0.6041673040811658 0.6035206172111878
0.6250582891553038 0.6248745286938251 0.6246907682323463 0.6245070077708675 0.6243232473093888 0.6241394868479101 0.623955726386431 0.6237719659249523 0.6235882054634736 0.6234044450019949 0.6232206845405162 0.6230369240790374 0.6228531636175587 0.62266940315608 0.6224856426946013 0.6223018822331225 0.6218879464726635 0.6212279481095085 0.6205679497463534 0.6199079513831973 0.6192479530200422 0.6185879546568872 0.6179279562937321 0.6172679579305771 0.616607959567422 0.615947961204267 0.6152879628411119 0.6146279644779569 0.6139679661148018 0.6133079677516468 0.6126479693884916 0.6119879710253366 0.6113279726621804 0.6106679742990254 0.6100079759358703 0.6093479775727153 0.6086879792095602 0.6080279808464052 0.6073679824832501 0.6067079841200951 0.60604798575694 0.605387987393785 0.6047279890306299 0.6040679906674749
0.6265500350633251 0.6263289903100463 0.6261079455567675 0.6258869008034887 0.62566585605021 0.6254448112969312 0.625223766543652 0.6250027217903732 0.6247816770370944 0.6245606322838156 0.6243395875305369 0.6241185427772581 0.6238974980239793 0.6236764532707005 0.6234554085174218 0.623234363764143 0.6227947302447303 0.6221214203883982 0.6214481105320662 0.6207748006757329 0.6201014908194008 0.6194281809630687 0.6187548711067367 0.6180815612504046 0.6174082513940725 0.6167349415377404 0.6160616316814084 0.6153883218250763 0.6147150119687442 0.6140417021124122 0.6133683922560801 0.612695082399748 0.6120217725434147 0.6113484626870826 0.6106751528307506 0.6100018429744185 0.6093285331180864 0.6086552232617544 0.6079819134054223 0.6073086035490902 0.6066352936927581 0.6059619838364261 0.605288673980094 0.6046153641237619
0.6280417809713471 0.6277834519262683 0.6275251228811894 0.6272667938361105 0.6270084647910317 0.6267501357459528 0.6264918067008736 0.6262334776557946 0.6259751486107158 0.625716819565637 0.6254584905205581 0.6252001614754792 0.6249418324304004 0.6246835033853215 0.6244251743402427 0.6241668452951638 0.6237015140167974 0.6230148926672884 0.6223282713177792 0.621641649968269 0.6209550286187598 0.6202684072692507 0.6195817859197417 0.6188951645702325 0.6182085432207234 0.6175219218712144 0.6168353005217052 0.6161486791721961 0.615462057822687 0.6147754364731779 0.6140888151236688 0.6134021937741597 0.6127155724246494 0.6120289510751403 0.6113423297256312 0.610655708376122 0.609969087026613 0.6092824656771039 0.6085958443275947 0.6079092229780857 0.6072226016285766 0.6065359802790674 0.6058493589295584 0.6051627375800492
0.6295335268793685 0.6292379135424896 0.6289423002056106 0.6286466868687317 0.6283510735318528 0.6280554601949739 0.6277598468580945 0.6274642335212156 0.6271686201843366 0.6268730068474577 0.6265773935105788 0.6262817801736998 0.625986166836821 0.6256905534999421 0.6253949401630632 0.6250993268261842 0.6246082977888642 0.6239083649461781 0.6232084321034919 0.6225084992608045 0.6218085664181184 0.6211086335754323 0.6204087007327462 0.61970876789006 0.6190088350473739 0.6183089022046878 0.6176089693620017 0.6169090365193156 0.6162091036766294 0.6155091708339433 0.6148092379912572 0.6141093051485711 0.6134093723058838 0.6127094394631976 0.6120095066205115 0.6113095737778254 0.6106096409351393 0.6099097080924532 0.6092097752497669 0.6085098424070808 0.6078099095643947 0.6071099767217086 0.6064100438790224 0.6057101110363363
0.6310252727873897 0.6306923751587108 0.6303594775300319 0.6300265799013528 0.6296936822726739 0.6293607846439949 0.6290278870153153 0.6286949893866364 0.6283620917579574 0.6280291941292784 0.6276962965005994 0.6273633988719205 0.6270305012432414 0.6266976036145625 0.6263647059858836 0.6260318083572045 0.6255150815609307 0.6248018372250677 0.6240885928892045 0.6233753485533401 0.622662104217477 0.6219488598816139 0.6212356155457507 0.6205223712098875 0.6198091268740245 0.6190958825381613 0.6183826382022981 0.617669393866435 0.6169561495305719 0.6162429051947087 0.6155296608588455 0.6148164165229825 0.6141031721871181 0.6133899278512549 0.6126766835153918 0.6119634391795287 0.6112501948436655 0.6105369505078023 0.6098237061719393 0.6091104618360761 0.6083972175002129 0.6076839731643499 0.6069707288284867 0.6062574844926235
0.6325170186954111 0.6321468367749321 0.631776654854453 0.631406472933974 0.631036291013495 0.6306661090930159 0.6302959271725362 0.6299257452520572 0.6295555633315782 0.6291853814110991 0.6288151994906201 0.628445017570141 0.628074835649662 0.627704653729183 0.6273344718087039 0.626964289888225 0.6264218653329975 0.6256953095039574 0.6249687536749171 0.6242421978458758 0.6235156420168356 0.6227890861877954 0.6220625303587553 0.6213359745297151 0.620609418700675 0.6198828628716347 0.6191563070425946 0.6184297512135545 0.6177031953845142 0.6169766395554741 0.616250083726434 0.6155235278973938 0.6147969720683524 0.6140704162393122 0.6133438604102721 0.6126173045812319 0.6118907487521917 0.6111641929231516 0.6104376370941115 0.6097110812650712 0.6089845254360311 0.608257969606991 0.6075314137779508 0.6068048579489106
0.6340087646034331 0.633601298391154 0.6331938321788749 0.6327863659665958 0.6323788997543167 0.6319714335420376 0.6315639673297578 0.6311565011174787 0.6307490349051996 0.6303415686929205 0.6299341024806414 0.6295266362683622 0.6291191700560832 0.628711703843804 0.6283042376315249 0.6278967714192458 0.6273286491050646 0.6265887817828474 0.6258489144606303 0.6251090471384118 0.6243691798161946 0.6236293124939774 0.6228894451717603 0.6221495778495431 0.6214097105273259 0.6206698432051087 0.6199299758828914 0.6191901085606742 0.618450241238457 0.6177103739162398 0.6169705065940226 0.6162306392718055 0.615490771949587 0.6147509046273698 0.6140110373051527 0.6132711699829355 0.6125313026607183 0.6117914353385011 0.6110515680162839 0.6103117006940667 0.6095718333718495 0.6088319660496323 0.6080920987274151 0.607352231405198
0.6355005105114545 0.6350557600073753 0.6346110095032962 0.634166258999217 0.6337215084951379 0.6332767579910586 0.6328320074869788 0.6323872569828995 0.6319425064788204 0.6314977559747412 0.6310530054706621 0.6306082549665829 0.6301635044625037 0.6297187539584246 0.6292740034543454 0.6288292529502663 0.6282354328771314 0.6274822540617371 0.6267290752463429 0.6259758964309474 0.6252227176155531 0.624469538800159 0.6237163599847648 0.6229631811693706 0.6222100023539764 0.6214568235385821 0.620703644723188 0.6199504659077937 0.6191972870923995 0.6184441082770052 0.6176909294616111 0.6169377506462169 0.6161845718308214 0.6154313930154272 0.614678214200033 0.6139250353846387 0.6131718565692446 0.6124186777538503 0.6116654989384561 0.6109123201230618 0.6101591413076677 0.6094059624922735 0.6086527836768792 0.6078996048614851
0.6369922564194758 0.6365102216235965 0.6360281868277173 0.6355461520318381 0.6350641172359589 0.6345820824400796 0.6341000476441996 0.6336180128483203 0.6331359780524412 0.6326539432565619 0.6321719084606827 0.6316898736648034 0.6312078388689242 0.630725804073045 0.6302437692771657 0.6297617344812866 0.6291422166491979 0.6283757263406267 0.6276092360320554 0.626842745723483 0.6260762554149117 0.6253097651063405 0.6245432747977693 0.623776784489198 0.6230102941806268 0.6222438038720556 0.6214773135634843 0.6207108232549131 0.6199443329463419 0.6191778426377706 0.6184113523291994 0.6176448620206282 0.6168783717120556 0.6161118814034844 0.6153453910949132 0.6145789007863419 0.6138124104777707 0.6130459201691996 0.6122794298606283 0.6115129395520571 0.6107464492434859 0.6099799589349146 0.6092134686263434 0.6084469783177722
0.6384840023274977 0.6379646832398185 0.6374453641521391 0.6369260450644598 0.6364067259767805 0.6358874068891013 0.6353680878014211 0.6348487687137417 0.6343294496260625 0.6338101305383832 0.6332908114507039 0.6327714923630245 0.6322521732753453 0.631732854187666 0.6312135350999867 0.6306942160123075 0.6300490004212651 0.6292691986195168 0.6284893968177686 0.627709595016019 0.6269297932142708 0.6261499914125225 0.6253701896107742 0.624590387809026 0.6238105860072777 0.6230307842055295 0.6222509824037812 0.6214711806020329 0.6206913788002847 0.6199115769985364 0.6191317751967882 0.6183519733950399 0.6175721715932903 0.6167923697915421 0.6160125679897938 0.6152327661880456 0.6144529643862973 0.6136731625845491 0.6128933607828008 0.6121135589810525 0.6113337571793043 0.610553955377556 0.6097741535758078 0.6089943517740595
0.6399757482355191 0.6394191448560397 0.6388625414765604 0.638305938097081 0.6377493347176016 0.6371927313381223 0.636636127958642 0.6360795245791626 0.6355229211996833 0.634966317820204 0.6344097144407246 0.6338531110612452 0.6332965076817659 0.6327399043022865 0.6321833009228072 0.6316266975433278 0.6309557841933318 0.6301626708984065 0.6293695576034812 0.6285764443085546 0.6277833310136294 0.6269902177187041 0.6261971044237788 0.6254039911288535 0.6246108778339282 0.623817764539003 0.6230246512440777 0.6222315379491524 0.6214384246542272 0.6206453113593019 0.6198521980643766 0.6190590847694514 0.6182659714745247 0.6174728581795994 0.6166797448846741 0.6158866315897489 0.6150935182948236 0.6143004049998984 0.6135072917049731 0.6127141784100477 0.6119210651151225 0.6111279518201972 0.6103348385252719 0.6095417252303467
0.6414674941435404 0.640873606472261 0.6402797188009816 0.6396858311297022 0.6390919434584228 0.6384980557871434 0.6379041681158629 0.6373102804445835 0.6367163927733042 0.6361225051020247 0.6355286174307453 0.6349347297594659 0.6343408420881865 0.6337469544169071 0.6331530667456277 0.6325591790743482 0.6318625679653985 0.6310561431772962 0.630249718389194 0.6294432936010903 0.628636868812988 0.6278304440248856 0.6270240192367834 0.6262175944486811 0.6254111696605787 0.6246047448724765 0.6237983200843742 0.6229918952962719 0.6221854705081696 0.6213790457200673 0.620572620931965 0.6197661961438627 0.618959771355759 0.6181533465676567 0.6173469217795544 0.6165404969914521 0.6157340722033499 0.6149276474152475 0.6141212226271452 0.613314797839043 0.6125083730509406 0.6117019482628383 0.6108955234747361 0.6100890986866337
0.6429592400515624 0.6423280680884829 0.6416968961254034 0.6410657241623239 0.6404345521992444 0.6398033802361649 0.6391722082730844 0.6385410363100049 0.6379098643469254 0.6372786923838459 0.6366475204207664 0.636016348457687 0.6353851764946075 0.634754004531528 0.6341228325684485 0.633491660605369 0.6327693517374655 0.6319496154561862 0.6311298791749069 0.6303101428936262 0.6294904066123469 0.6286706703310676 0.6278509340497882 0.6270311977685089 0.6262114614872296 0.6253917252059503 0.6245719889246709 0.6237522526433916 0.6229325163621123 0.622112780080833 0.6212930437995536 0.6204733075182743 0.6196535712369936 0.6188338349557143 0.618014098674435 0.6171943623931556 0.6163746261118763 0.615554889830597 0.6147351535493177 0.6139154172680383 0.613095680986759 0.6122759447054797 0.6114562084242005 0.610636472142921
0.6444509859595837 0.6437825297047042 0.6431140734498246 0.6424456171949451 0.6417771609400655 0.641108704685186 0.6404402484303053 0.6397717921754258 0.6391033359205462 0.6384348796656667 0.6377664234107872 0.6370979671559076 0.6364295109010281 0.6357610546461485 0.635092598391269 0.6344241421363894 0.6336761355095323 0.6328430877350759 0.6320100399606196 0.6311769921861619 0.6303439444117055 0.6295108966372491 0.6286778488627928 0.6278448010883364 0.6270117533138801 0.6261787055394238 0.6253456577649674 0.6245126099905111 0.6236795622160547 0.6228465144415984 0.6220134666671421 0.6211804188926857 0.6203473711182279 0.6195143233437717 0.6186812755693153 0.6178482277948589 0.6170151800204026 0.6161821322459462 0.61534908447149 0.6145160366970336 0.6136829889225772 0.6128499411481209 0.6120168933736645 0.6111838455992081
0.6459427318676051 0.6452369913209255 0.6445312507742459 0.6438255102275663 0.6431197696808867 0.6424140291342071 0.6417082885875263 0.6410025480408467 0.6402968074941671 0.6395910669474875 0.6388853264008079 0.6381795858541283 0.6374738453074487 0.6367681047607691 0.6360623642140895 0.6353566236674099 0.6345829192815989 0.6337365600139656 0.6328902007463323 0.6320438414786974 0.6311974822110641 0.6303511229434308 0.6295047636757973 0.628658404408164 0.6278120451405307 0.6269656858728972 0.6261193266052639 0.6252729673376305 0.6244266080699972 0.6235802488023638 0.6227338895347304 0.6218875302670971 0.6210411709994623 0.6201948117318289 0.6193484524641956 0.6185020931965621 0.6176557339289288 0.6168093746612955 0.615963015393662 0.6151166561260287 0.6142702968583954 0.613423937590762 0.6125775783231286 0.6117312190554953
0.647434477775627 0.6466914529371474 0.6459484280986677 0.645205403260188 0.6444623784217083 0.6437193535832286 0.6429763287447477 0.642233303906268 0.6414902790677883 0.6407472542293087 0.640004229390829 0.6392612045523494 0.6385181797138697 0.6377751548753899 0.6370321300369103 0.6362891051984306 0.635489703053666 0.6346300322928556 0.6337703615320452 0.6329106907712334 0.632051020010423 0.6311913492496126 0.6303316784888022 0.6294720077279918 0.6286123369671814 0.627752666206371 0.6268929954455607 0.6260333246847503 0.6251736539239399 0.6243139831631295 0.6234543124023191 0.6225946416415087 0.6217349708806968 0.6208753001198865 0.6200156293590761 0.6191559585982657 0.6182962878374553 0.617436617076645 0.6165769463158346 0.6157172755550242 0.6148576047942138 0.6139979340334034 0.613138263272593 0.6122785925117826
0.6489262236836484 0.6481459145533687 0.647365605423089 0.6465852962928091 0.6458049871625294 0.6450246780322497 0.6442443689019687 0.6434640597716889 0.6426837506414091 0.6419034415111294 0.6411231323808497 0.64034282325057 0.6395625141202902 0.6387822049900105 0.6380018958597308 0.6372215867294511 0.6363964868257327 0.6355235045717453 0.634650522317758 0.6337775400637691 0.6329045578097816 0.6320315755557943 0.6311585933018068 0.6302856110478194 0.629412628793832 0.6285396465398446 0.6276666642858572 0.6267936820318698 0.6259206997778823 0.625047717523895 0.6241747352699075 0.6233017530159202 0.6224287707619313 0.6215557885079439 0.6206828062539564 0.6198098239999691 0.6189368417459816 0.6180638594919943 0.6171908772380068 0.6163178949840195 0.615444912730032 0.6145719304760446 0.6136989482220572 0.6128259659680698
