Figures/CREST_Example_wjb_NSE/PETs/wjb.pet.20090905.asc
ncols            288
nrows            254
xllcorner        113.274861
yllcorner        31.4918055
cellsize         0.008333333333
NODATA_value     -9999
[rows 200 to 219 of 254, columns 176 to 219 of 288]
3.5745663485257864 3.573876613902681 3.5731868792795756 3.57249714465647 3.5718074100333648 3.5711176754102594 3.570427940787153 3.5697382061640477 3.5690484715409423 3.568358736917837 3.5676690022947315 3.566979267671626 3.5662895330485207 3.5655997984254153 3.56491006380231 3.5642203291792045 3.5629714660837495 3.561124882000172 3.5592782979165944 3.5574317138330134 3.555585129749436 3.5537385456658583 3.5518919615822804 3.550045377498703 3.5481987934151253 3.5463522093315474 3.54450562524797 3.5426590411643923 3.5408124570808144 3.538965872997237 3.5371192889136593 3.535272704830082 3.5334261207465008 3.5315795366629232 3.5297329525793457 3.5278863684957678 3.5260397844121902 3.5241932003286127 3.5223466162450348 3.5205000321614572 3.5186534480778797 3.516806863994302 3.5149602799107242 3.5131136958271467
3.5766432958936965 3.576019800412105 3.575396304930514 3.574772809448923 3.5741493139673315 3.5735258184857406 3.5729023230041483 3.572278827522557 3.571655332040966 3.5710318365593747 3.5704083410777834 3.5697848455961925 3.569161350114601 3.5685378546330098 3.567914359151419 3.5672908636698275 3.566064097810592 3.5641924222676917 3.5623207467247915 3.560449071181888 3.558577395638988 3.5567057200960877 3.5548340445531874 3.552962369010287 3.5510906934673874 3.549219017924487 3.547347342381587 3.5454756668386866 3.5436039912957864 3.541732315752886 3.539860640209986 3.537988964667086 3.5361172891241828 3.5342456135812825 3.5323739380383823 3.530502262495482 3.528630586952582 3.5267589114096816 3.5248872358667813 3.5230155603238815 3.5211438847809813 3.519272209238081 3.517400533695181 3.5155288581522806
3.578720243261606 3.5781629869215292 3.5776057305814524 3.577048474241375 3.576491217901298 3.5759339615612213 3.575376705221143 3.5748194488810663 3.5742621925409894 3.573704936200912 3.5731476798608353 3.5725904235207584 3.572033167180681 3.5714759108406042 3.5709186545005274 3.57036139816045 3.5691567295374336 3.567259962535211 3.565363195532988 3.5634664285307625 3.5615696615285395 3.559672894526317 3.5577761275240944 3.5558793605218715 3.553982593519649 3.552085826517426 3.5501890595152035 3.548292292512981 3.546395525510758 3.5444987585085355 3.5426019915063125 3.54070522450409 3.538808457501864 3.5369116904996414 3.535014923497419 3.533118156495196 3.5312213894929734 3.5293246224907504 3.527427855488528 3.5255310884863054 3.5236343214840824 3.52173755448186 3.519840787479637 3.5179440204774144
3.580797190629516 3.5803061734309534 3.5798151562323905 3.5793241390338277 3.578833121835265 3.578342104636702 3.5778510874381384 3.5773600702395756 3.5768690530410128 3.57637803584245 3.575887018643887 3.5753960014453243 3.5749049842467615 3.5744139670481987 3.573922949849636 3.573431932651073 3.572249361264276 3.570327502802731 3.5684056443411856 3.566483785879637 3.564561927418092 3.5626400689565467 3.5607182104950015 3.5587963520334562 3.556874493571911 3.5549526351103657 3.5530307766488205 3.5511089181872753 3.54918705972573 3.5472652012641848 3.5453433428026395 3.5434214843410943 3.541499625879546 3.5395777674180007 3.5376559089564554 3.53573405049491 3.533812192033365 3.5318903335718197 3.5299684751102745 3.528046616648729 3.526124758187184 3.5242028997256387 3.5222810412640935 3.5203591828025482
3.582874137997427 3.5824493599403784 3.58202458188333 3.5815998038262813 3.5811750257692325 3.580750247712184 3.5803254696551345 3.579900691598086 3.5794759135410374 3.5790511354839887 3.5786263574269404 3.5782015793698916 3.577776801312843 3.5773520232557945 3.5769272451987457 3.576502467141697 3.575341992991119 3.5733950430702515 3.5714480931493835 3.5695011432285124 3.567554193307645 3.565607243386777 3.5636602934659094 3.5617133435450414 3.559766393624174 3.557819443703306 3.5558724937824384 3.5539255438615704 3.551978593940703 3.550031644019835 3.5480846940989674 3.5461377441780995 3.5441907942572284 3.542243844336361 3.540296894415493 3.538349944494625 3.5364029945737574 3.5344560446528894 3.532509094732022 3.530562144811154 3.5286151948902864 3.5266682449694184 3.524721295048551 3.522774345127683
3.5849510853653372 3.584592546449803 3.5842340075342682 3.583875468618734 3.5835169297031997 3.583158390787665 3.58279985187213 3.5824413129565955 3.5820827740410612 3.5817242351255265 3.5813656962099922 3.581007157294458 3.5806486183789232 3.580290079463389 3.5799315405478547 3.57957300163232 3.5784346247179615 3.5764625833377712 3.574490541957581 3.572518500577387 3.570546459197197 3.5685744178170067 3.5666023764368164 3.564630335056626 3.562658293676436 3.5606862522962457 3.5587142109160554 3.5567421695358648 3.5547701281556745 3.5527980867754843 3.550826045395294 3.5488540040151038 3.54688196263491 3.5449099212547197 3.5429378798745295 3.540965838494339 3.538993797114149 3.5370217557339587 3.5350497143537685 3.533077672973578 3.531105631593388 3.5291335902131977 3.527161548833007 3.525189507452817
3.5870280327332473 3.586735732959227 3.586443433185207 3.5861511334111866 3.5858588336371664 3.585566533863146 3.5852742340891255 3.5849819343151053 3.584689634541085 3.5843973347670643 3.584105034993044 3.583812735219024 3.5835204354450036 3.5832281356709834 3.582935835896963 3.582643536122943 3.581527256444804 3.579530123605291 3.577532990765778 3.575535857926262 3.573538725086749 3.5715415922472364 3.5695444594077235 3.5675473265682105 3.565550193728698 3.563553060889185 3.561555928049672 3.5595587952101595 3.5575616623706465 3.5555645295311336 3.553567396691621 3.551570263852108 3.549573131012592 3.547575998173079 3.545578865333566 3.5435817324940535 3.5415845996545405 3.5395874668150276 3.537590333975515 3.535593201136002 3.533596068296489 3.5315989354569766 3.5296018026174636 3.5276046697779506
3.589104980101158 3.5888789194686517 3.588652858836146 3.5884267982036397 3.5882007375711336 3.587974676938628 3.587748616306121 3.5875225556736154 3.5872964950411093 3.587070434408603 3.5868443737760973 3.586618313143591 3.586392252511085 3.5861661918785788 3.585940131246073 3.585714070613567 3.584619888171647 3.5825976638728116 3.5805754395739764 3.5785532152751376 3.576530990976302 3.5745087666774666 3.5724865423786314 3.570464318079796 3.568442093780961 3.566419869482125 3.56439764518329 3.5623754208844547 3.5603531965856194 3.5583309722867837 3.5563087479879485 3.5542865236891132 3.5522642993902744 3.550242075091439 3.548219850792604 3.5461976264937682 3.544175402194933 3.5421531778960977 3.5401309535972625 3.538108729298427 3.5360865049995915 3.5340642807007563 3.532042056401921 3.530019832103086
3.5927602824463603 3.5925374151721634 3.592314547897967 3.59209168062377 3.5918688133495738 3.591645946075377 3.59142307880118 3.591200211526983 3.590977344252787 3.59075447697859 3.5905316097043936 3.5903087424301967 3.5900858751560003 3.5898630078818035 3.589640140607607 3.58941727333341 3.588319164323588 3.5862854020946306 3.584251639865673 3.5822178776367117 3.580184115407754 3.578150353178797 3.576116590949839 3.5740828287208815 3.5720490664919238 3.5700153042629665 3.567981542034009 3.565947779805051 3.5639140175760935 3.561880255347136 3.5598464931181786 3.557812730889221 3.5557789686602597 3.553745206431302 3.5517114442023447 3.549677681973387 3.5476439197444294 3.5456101575154717 3.5435763952865145 3.541542633057557 3.539508870828599 3.5374751085996414 3.5354413463706837 3.5334075841417265
3.5981027467822146 3.5978156808977118 3.597528615013209 3.597241549128706 3.596954483244203 3.5966674173597 3.596380351475197 3.596093285590694 3.595806219706191 3.5955191538216886 3.5952320879371857 3.594945022052683 3.59465795616818 3.594370890283677 3.594083824399174 3.5937967585146713 3.5926669051305615 3.590636092839949 3.5886052805493365 3.586574468258721 3.5845436559681083 3.582512843677496 3.5804820313868837 3.578451219096271 3.5764204068056586 3.5743895945150466 3.572358782224434 3.5703279699338215 3.5682971576432094 3.566266345352597 3.5642355330619844 3.5622047207713723 3.560173908480756 3.5581430961901437 3.5561122838995316 3.554081471608919 3.5520506593183065 3.5500198470276945 3.547989034737082 3.5459582224464694 3.5439274101558573 3.541896597865245 3.5398657855746323 3.53783497328402
3.6034452111180713 3.603093946623262 3.602742682128453 3.602391417633644 3.6020401531388346 3.6016888886440257 3.601337624149216 3.600986359654407 3.6006350951595976 3.6002838306647886 3.5999325661699797 3.5995813016751703 3.5992300371803614 3.5988787726855525 3.598527508190743 3.598176243695934 3.5970146459375365 3.594986783585269 3.592958921233002 3.5909310588807313 3.5889031965284643 3.586875334176197 3.5848474718239296 3.5828196094716627 3.5807917471193953 3.5787638847671284 3.576736022414861 3.5747081600625936 3.5726802977103267 3.5706524353580593 3.5686245730057924 3.566596710653525 3.5645688483012545 3.562540985948987 3.5605131235967202 3.558485261244453 3.556457398892186 3.5544295365399186 3.552401674187651 3.5503738118353843 3.548345949483117 3.54631808713085 3.5442902247785826 3.542262362426315
3.6087876754539256 3.6083722123488102 3.607956749243695 3.60754128613858 3.6071258230334644 3.606710359928349 3.606294896823233 3.6058794337181177 3.6054639706130023 3.605048507507887 3.604633044402772 3.6042175812976565 3.603802118192541 3.6033866550874256 3.6029711919823106 3.602555728877195 3.6013623867445097 3.5993374743305875 3.5973125619166657 3.59528764950274 3.593262737088818 3.591237824674896 3.589212912260974 3.587187999847052 3.58516308743313 3.583138175019208 3.581113262605286 3.579088350191364 3.577063437777442 3.57503852536352 3.573013612949598 3.570988700535676 3.5689637881217506 3.566938875707829 3.5649139632939066 3.562889050879985 3.5608641384660626 3.5588392260521404 3.5568143136382186 3.5547894012242964 3.5527644888103747 3.5507395763964524 3.5487146639825307 3.5466897515686084
3.6141301397897796 3.613650478074358 3.6131708163589367 3.612691154643515 3.6122114929280937 3.6117318312126723 3.61125216949725 3.6107725077818285 3.610292846066407 3.6098131843509855 3.6093335226355636 3.608853860920142 3.6083741992047207 3.6078945374892992 3.6074148757738778 3.6069352140584563 3.605710127551483 3.6036881650759063 3.601666202600329 3.599644240124749 3.5976222776491724 3.5956003151735954 3.5935783526980187 3.5915563902224417 3.589534427746865 3.587512465271288 3.5854905027957114 3.5834685403201347 3.5814465778445577 3.579424615368981 3.577402652893404 3.5753806904178274 3.573358727942247 3.57133676546667 3.5693148029910935 3.567292840515517 3.56527087803994 3.563248915564363 3.561226953088786 3.5592049906132095 3.557183028137633 3.555161065662056 3.553139103186479 3.551117140710902
3.6194726041256366 3.6189287437999087 3.6183848834741807 3.6178410231484532 3.6172971628227253 3.616753302496998 3.616209442171269 3.615665581845541 3.6151217215198135 3.6145778611940855 3.614034000868358 3.61349014054263 3.6129462802169026 3.6124024198911746 3.6118585595654467 3.611314699239719 3.610057868358458 3.6080388558212264 3.6060198432839945 3.6040008307467595 3.601981818209528 3.5999628056722965 3.5979437931350646 3.595924780597833 3.5939057680606017 3.5918867555233702 3.5898677429861383 3.587848730448907 3.5858297179116754 3.5838107053744435 3.581791692837212 3.5797726802999805 3.5777536677627455 3.5757346552255136 3.573715642688282 3.5716966301510507 3.5696776176138187 3.5676586050765873 3.565639592539356 3.563620580002124 3.5616015674648924 3.559582554927661 3.557563542390429 3.5555445298531976
3.624815068461491 3.624207009525457 3.623598950589423 3.622990891653389 3.622382832717355 3.621774773781321 3.621166714845286 3.620558655909252 3.619950596973218 3.619342538037184 3.61873447910115 3.618126420165116 3.617518361229082 3.616910302293048 3.6163022433570142 3.6156941844209802 3.614405609165431 3.6123895465665448 3.6103734839676584 3.6083574213687686 3.6063413587698823 3.6043252961709955 3.602309233572109 3.600293170973223 3.5982771083743366 3.5962610457754502 3.5942449831765635 3.592228920577677 3.590212857978791 3.5881967953799045 3.5861807327810182 3.5841646701821315 3.5821486075832416 3.5801325449843553 3.578116482385469 3.5761004197865827 3.5740843571876963 3.5720682945888096 3.5700522319899233 3.568036169391037 3.5660201067921506 3.564004044193264 3.5619879815943776 3.5599719189954913
3.630157532797345 3.629485275251005 3.628813017704665 3.6281407601583244 3.6274685026119844 3.6267962450656444 3.626123987519303 3.6254517299729625 3.6247794724266225 3.6241072148802824 3.623434957333942 3.622762699787602 3.622090442241262 3.6214181846949214 3.6207459271485813 3.6200736696022413 3.6187533499724043 3.616740237311863 3.614727124651322 3.6127140119907772 3.610700899330236 3.608687786669695 3.6066746740091538 3.6046615613486126 3.602648448688071 3.60063533602753 3.5986222233669887 3.5966091107064475 3.5945959980459063 3.592582885385365 3.590569772724824 3.5885566600642824 3.586543547403738 3.5845304347431965 3.5825173220826554 3.5805042094221142 3.578491096761573 3.576477984101032 3.5744648714404907 3.5724517587799496 3.570438646119408 3.568425533458867 3.5664124207983257 3.5643993081377845
3.6354999971332 3.6347635409765533 3.6340270848199068 3.6332906286632602 3.632554172506614 3.6318177163499676 3.63108126019332 3.6303448040366737 3.629608347880027 3.6288718917233806 3.628135435566734 3.627398979410088 3.6266625232534415 3.625926067096795 3.6251896109401485 3.6244531547835024 3.623101090779378 3.6210909280571815 3.6190807653349855 3.6170706026127863 3.6150604398905903 3.6130502771683943 3.6110401144461983 3.609029951724002 3.607019789001806 3.60500962627961 3.602999463557414 3.600989300835218 3.598979138113022 3.596968975390826 3.59495881266863 3.592948649946434 3.5909384872242343 3.5889283245020382 3.5869181617798422 3.5849079990576462 3.5828978363354502 3.580887673613254 3.578877510891058 3.576867348168862 3.574857185446666 3.57284702272447 3.570836860002274 3.568826697280078
3.640842461469056 3.6400418067021034 3.639241151935151 3.6384404971681983 3.6376398424012457 3.6368391876342927 3.636038532867339 3.6352378781003862 3.6344372233334337 3.633636568566481 3.632835913799528 3.6320352590325755 3.631234604265623 3.6304339494986704 3.629633294731718 3.6288326399647652 3.627448831586353 3.625441618802502 3.623434406018651 3.621427193234797 3.619419980450946 3.617412767667095 3.615405554883244 3.6133983420993934 3.6113911293155425 3.6093839165316917 3.6073767037478413 3.6053694909639904 3.6033622781801395 3.6013550653962887 3.599347852612438 3.597340639828587 3.5953334270447326 3.5933262142608817 3.591319001477031 3.58931178869318 3.587304575909329 3.5852973631254783 3.5832901503416275 3.581282937557777 3.579275724773926 3.5772685119900753 3.5752612992062245 3.5732540864223736
3.6461849258049104 3.6453200724276518 3.6444552190503927 3.643590365673134 3.642725512295875 3.6418606589186164 3.640995805541356 3.640130952164097 3.6392660987868384 3.6384012454095793 3.6375363920323203 3.6366715386550617 3.6358066852778026 3.634941831900544 3.634076978523285 3.633212125146026 3.631796572393326 3.6297923095478204 3.6277880467023147 3.625783783856806 3.6237795210113 3.6217752581657945 3.619770995320289 3.617766732474783 3.6157624696292774 3.613758206783772 3.6117539439382664 3.6097496810927607 3.607745418247255 3.6057411554017493 3.6037368925562436 3.601732629710738 3.599728366865229 3.5977241040197234 3.5957198411742177 3.593715578328712 3.5917113154832068 3.589707052637701 3.5877027897921954 3.5856985269466897 3.583694264101184 3.5816900012556783 3.5796857384101726 3.5776814755646673
3.651527390140765 3.6505983381532 3.649669286165635 3.64874023417807 3.647811182190505 3.6468821302029397 3.645953078215373 3.6450240262278077 3.6440949742402426 3.6431659222526775 3.6422368702651124 3.6413078182775473 3.6403787662899822 3.639449714302417 3.638520662314852 3.637591610327287 3.6361443132002993 3.6341430002931387 3.632141687385978 3.6301403744788145 3.628139061571654 3.6261377486644935 3.6241364357573334 3.622135122850173 3.6201338099430123 3.6181324970358517 3.616131184128691 3.614129871221531 3.6121285583143705 3.61012724540721 3.6081259325000494 3.6061246195928893 3.6041233066857252 3.6021219937785647 3.6001206808714046 3.598119367964244 3.5961180550570835 3.594116742149923 3.5921154292427624 3.5901141163356023 3.5881128034284417 3.586111490521281 3.5841101776141207 3.5821088647069605
