Figures/CREST_Example_wjb_NSE/PETs/wjb.pet.20100413.asc
ncols            288
nrows            254
xllcorner        113.274861
yllcorner        31.4918055
cellsize         0.008333333333
NODATA_value     -9999
[rows 160 to 179 of 254, columns 220 to 263 of 288]
1.4905169232203956 1.489159191914754 1.488291343895921 1.4879471921975955 1.48760304049927 1.4872588888009441 1.4869147371026186 1.4865705854042928 1.4862264337059672 1.4858822820076416 1.4855381303093158 1.4851939786109902 1.4848498269126646 1.4845056752143388 1.4841615235160126 1.483817371817687 1.4834732201193614 1.4831290684210356 1.48278491672271 1.4824407650243843 1.4820966133260587 1.481752461627733 1.4814083099294073 1.4810641582310817 1.4807200065327562 1.4803758548344303 1.4800317031361048 1.4796875514377785 1.479343399739453 1.4789992480411271 1.4786550963428016 1.4783109446444758 1.478601954444826 1.4795719662653342 1.4805419780858424 1.481511989906351 1.4824820017268592 1.4834520135473674 1.484422025367876 1.4853920371883842 1.4863620490088942 1.4873320608294025 1.488302072649911 1.4892720844704193
1.4838347805561394 1.4824666328889382 1.4816276950787792 1.4813544945827355 1.481081294086692 1.4808080935906482 1.4805348930946045 1.480261692598561 1.4799884921025173 1.4797152916064735 1.47944209111043 1.4791688906143863 1.4788956901183425 1.478622489622299 1.4783492891262549 1.4780760886302111 1.4778028881341674 1.4775296876381239 1.4772564871420801 1.4769832866460364 1.4767100861499929 1.4764368856539491 1.4761636851579054 1.475890484661862 1.4756172841658182 1.4753440836697744 1.475070883173731 1.4747976826776867 1.474524482181643 1.4742512816855993 1.4739780811895558 1.473704880693512 1.474000058464353 1.4749028454688038 1.475805632473255 1.4767084194777058 1.4776112064821567 1.4785139934866076 1.4794167804910585 1.4803195674955094 1.4812223544999619 1.4821251415044128 1.4830279285088637 1.4839307155133146
1.477152637891883 1.4757740738631224 1.4749640462616374 1.4747617969678757 1.474559547674114 1.4743572983803523 1.4741550490865907 1.473952799792829 1.4737505504990673 1.4735483012053057 1.473346051911544 1.4731438026177823 1.4729415533240207 1.472739304030259 1.472537054736497 1.4723348054427354 1.4721325561489738 1.471930306855212 1.4717280575614504 1.4715258082676888 1.471323558973927 1.4711213096801654 1.4709190603864037 1.470716811092642 1.4705145617988804 1.4703123125051187 1.470110063211357 1.469907813917595 1.4697055646238333 1.4695033153300716 1.46930106603631 1.4690988167425483 1.4693981624838803 1.4702337246722739 1.4710692868606674 1.4719048490490607 1.4727404112374542 1.4735759734258478 1.4744115356142413 1.4752470978026346 1.4760826599910295 1.476918222179423 1.4777537843678166 1.47858934655621
1.4704704952276209 1.4690815148373009 1.4683003974444897 1.46816909935301 1.4680378012615305 1.467906503170051 1.4677752050785713 1.4676439069870917 1.467512608895612 1.4673813108041325 1.4672500127126529 1.4671187146211733 1.4669874165296937 1.466856118438214 1.466724820346734 1.4665935222552544 1.4664622241637748 1.4663309260722952 1.4661996279808156 1.466068329889336 1.4659370317978564 1.4658057337063768 1.4656744356148972 1.4655431375234176 1.465411839431938 1.4652805413404584 1.4651492432489788 1.465017945157499 1.4648866470660193 1.4647553489745397 1.4646240508830601 1.4644927527915805 1.4647962665034036 1.4655646038757395 1.4663329412480754 1.4671012786204116 1.4678696159927476 1.4686379533650835 1.4694062907374195 1.4701746281097554 1.4709429654820927 1.4717113028544289 1.4724796402267648 1.4732479775991008
1.4637883525633644 1.462388955811485 1.4616367486273478 1.46157640173815 1.4615160548489525 1.461455707959755 1.4613953610705572 1.4613350141813597 1.4612746672921622 1.4612143204029644 1.4611539735137669 1.4610936266245693 1.4610332797353718 1.460972932846174 1.4609125859569763 1.4608522390677787 1.4607918921785812 1.4607315452893834 1.4606711984001859 1.4606108515109884 1.4605505046217906 1.460490157732593 1.4604298108433955 1.4603694639541978 1.4603091170650002 1.4602487701758027 1.460188423286605 1.4601280763974074 1.4600677295082096 1.460007382619012 1.4599470357298145 1.4598866888406168 1.460194370522931 1.4608954830792096 1.4615965956354882 1.4622977081917665 1.462998820748045 1.4636999333043237 1.4644010458606023 1.4651021584168809 1.4658032709731605 1.4665043835294391 1.4672054960857177 1.467906608641996
1.4571062098991079 1.4556963967856693 1.454973099810206 1.4549837041232903 1.4549943084363746 1.455004912749459 1.4550155170625434 1.4550261213756277 1.4550367256887122 1.4550473300017965 1.4550579343148808 1.4550685386279654 1.4550791429410497 1.455089747254134 1.4551003515672185 1.4551109558803028 1.4551215601933873 1.4551321645064716 1.455142768819556 1.4551533731326405 1.4551639774457248 1.455174581758809 1.4551851860718936 1.455195790384978 1.4552063946980622 1.4552169990111468 1.455227603324231 1.4552382076373156 1.4552488119504 1.4552594162634842 1.4552700205765687 1.455280624889653 1.4555924745424582 1.4562263622826792 1.4568602500229004 1.4574941377631214 1.4581280255033426 1.4587619132435636 1.4593958009837849 1.4600296887240058 1.4606635764642282 1.4612974642044492 1.4619313519446704 1.4625652396848914
1.4504240672348514 1.4490038377598533 1.4483094509930636 1.44839100650843 1.4484725620237966 1.448554117539163 1.4486356730545293 1.4487172285698957 1.448798784085262 1.4488803396006285 1.4489618951159948 1.4490434506313612 1.4491250061467276 1.449206561662094 1.4492881171774605 1.449369672692827 1.4494512282081933 1.4495327837235596 1.449614339238926 1.4496958947542924 1.4497774502696588 1.4498590057850251 1.4499405613003915 1.4500221168157579 1.4501036723311242 1.4501852278464906 1.4502667833618572 1.4503483388772236 1.45042989439259 1.4505114499079563 1.4505930054233227 1.450674560938689 1.4509905785619854 1.451557241486149 1.4521239044103127 1.4526905673344763 1.4532572302586402 1.4538238931828038 1.4543905561069674 1.454957219031131 1.4555238819552958 1.4560905448794594 1.456657207803623 1.4572238707277867
1.443741924570595 1.4423112787340375 1.4416458021759218 1.4417983088935702 1.4419508156112186 1.442103322328867 1.4422558290465153 1.4424083357641637 1.4425608424818122 1.4427133491994606 1.4428658559171088 1.4430183626347572 1.4431708693524057 1.4433233760700541 1.4434758827877028 1.443628389505351 1.4437808962229994 1.4439334029406479 1.4440859096582963 1.4442384163759447 1.444390923093593 1.4445434298112414 1.4446959365288898 1.4448484432465383 1.4450009499641865 1.445153456681835 1.4453059633994834 1.445458470117132 1.4456109768347805 1.4457634835524287 1.4459159902700771 1.4460684969877255 1.4463886825815129 1.446888120689619 1.4473875587977252 1.4478869969058314 1.4483864350139377 1.448885873122044 1.44938531123015 1.4498847493382563 1.4503841874463634 1.4508836255544697 1.451383063662576 1.451882501770682
1.4370597819063387 1.4356187197082215 1.4349821533587799 1.4352056112787104 1.4354290691986407 1.435652527118571 1.4358759850385014 1.4360994429584317 1.4363229008783622 1.4365463587982925 1.436769816718223 1.4369932746381533 1.4372167325580838 1.437440190478014 1.4376636483979448 1.4378871063178753 1.4381105642378056 1.438334022157736 1.4385574800776664 1.4387809379975967 1.4390043959175272 1.4392278538374574 1.439451311757388 1.4396747696773182 1.4398982275972487 1.440121685517179 1.4403451434371095 1.4405686013570402 1.4407920592769705 1.441015517196901 1.4412389751168313 1.4414624330367616 1.44178678660104 1.4422189998930888 1.4426512131851377 1.4430834264771863 1.4435156397692352 1.443947853061284 1.4443800663533326 1.4448122796453815 1.445244492937431 1.4456767062294797 1.4461089195215286 1.4465411328135773
1.4303776392420822 1.4289261606824057 1.428318504541638 1.4286129136638503 1.4289073227860627 1.429201731908275 1.4294961410304874 1.4297905501527 1.4300849592749123 1.4303793683971247 1.430673777519337 1.4309681866415493 1.4312625957637617 1.431557004885974 1.431851414008187 1.4321458231303994 1.4324402322526117 1.432734641374824 1.4330290504970364 1.4333234596192488 1.4336178687414611 1.4339122778636737 1.434206686985886 1.4345010961080984 1.4347955052303107 1.435089914352523 1.4353843234747354 1.4356787325969484 1.4359731417191608 1.4362675508413731 1.4365619599635855 1.4368563690857978 1.437184890620567 1.4375498790965586 1.43791486757255 1.4382798560485412 1.4386448445245326 1.4390098330005239 1.4393748214765152 1.4397398099525067 1.4401047984284987 1.44046978690449 1.4408347753804813 1.4411997638564726
1.42369549657782 1.4222336016565842 1.4216548557244904 1.4220202160489848 1.4223855763734792 1.4227509366979736 1.423116297022468 1.4234816573469624 1.4238470176714568 1.4242123779959515 1.4245777383204459 1.4249430986449403 1.4253084589694347 1.4256738192939291 1.4260391796184242 1.4264045399429186 1.426769900267413 1.4271352605919074 1.4275006209164018 1.4278659812408963 1.4282313415653907 1.4285967018898853 1.4289620622143797 1.4293274225388741 1.4296927828633685 1.430058143187863 1.4304235035123574 1.4307888638368524 1.4311542241613469 1.4315195844858413 1.4318849448103357 1.43225030513483 1.4325829946400905 1.4328807583000245 1.4331785219599582 1.4334762856198922 1.433774049279826 1.4340718129397598 1.4343695765996938 1.4346673402596275 1.434965103919562 1.4352628675794958 1.4355606312394296 1.4358583948993635
1.4170133539135636 1.4155410426307684 1.4149912069073485 1.4154275184341247 1.4158638299609012 1.4163001414876777 1.4167364530144542 1.4171727645412306 1.417609076068007 1.4180453875947834 1.4184816991215599 1.4189180106483363 1.4193543221751126 1.419790633701889 1.4202269452286662 1.4206632567554427 1.4210995682822192 1.4215358798089957 1.421972191335772 1.4224085028625484 1.4228448143893249 1.4232811259161013 1.4237174374428778 1.424153748969654 1.4245900604964306 1.425026372023207 1.4254626835499835 1.4258989950767607 1.4263353066035371 1.4267716181303134 1.4272079296570899 1.4276442411838663 1.4279810986596178 1.4282116375034941 1.4284421763473707 1.428672715191247 1.4289032540351234 1.429133792879 1.4293643317228764 1.4295948705667527 1.4298254094106295 1.4300559482545059 -9999.0 -9999.0
1.410331211249307 1.4088484836049524 1.4083275580902064 1.4088348208192647 1.4093420835483232 1.4098493462773816 1.41035660900644 1.4108638717354984 1.411371134464557 1.4118783971936153 1.4123856599226738 1.4128929226517322 1.4134001853807907 1.413907448109849 1.4144147108389085 1.4149219735679668 1.4154292362970253 1.4159364990260837 1.4164437617551422 1.4169510244842005 1.417458287213259 1.4179655499423174 1.418472812671376 1.4189800754004342 1.4194873381294928 1.4199946008585511 1.4205018635876097 1.4210091263166689 1.4215163890457274 1.4220236517747857 1.4225309145038443 1.4230381772329026 1.4233792026791452 1.4235425167069642 1.4237058307347832 1.4238691447626022 1.4240324587904212 1.4241957728182402 1.4243590868460592 1.424522400873878 1.4246857149016974 -9999.0 -9999.0 -9999.0
1.4036490685850507 1.4021559245791366 1.4016639092730643 1.4022421232044049 1.4028203371357453 1.4033985510670857 1.403976764998426 1.4045549789297664 1.405133192861107 1.4057114067924474 1.4062896207237878 1.4068678346551282 1.4074460485864686 1.4080242625178092 1.4086024764491505 1.4091806903804909 1.4097589043118315 1.4103371182431719 1.4109153321745123 1.4114935461058526 1.412071760037193 1.4126499739685336 1.413228187899874 1.4138064018312144 1.4143846157625548 1.4149628296938952 1.4155410436252358 1.416119257556577 1.4166974714879175 1.417275685419258 1.4178538993505985 1.4184321132819389 1.4187773066986724 1.418873395910434 1.4189694851221955 1.419065574333957 1.4191616635457185 1.4192577527574801 1.4193538419692417 -9999.0 -9999.0 -9999.0 -9999.0 -9999.0
1.3969669259207942 1.3954633655533208 1.3950002604559224 1.3956494255895449 1.3962985907231673 1.3969477558567898 1.3975969209904122 1.3982460861240347 1.398895251257657 1.3995444163912794 1.4001935815249018 1.4008427466585243 1.4014919117921467 1.4021410769257692 1.4027902420593927 1.4034394071930152 1.4040885723266374 1.4047377374602599 1.4053869025938823 1.4060360677275048 1.4066852328611272 1.4073343979947497 1.4079835631283721 1.4086327282619946 1.4092818933956168 1.4099310585292393 1.4105802236628617 1.4112293887964853 1.4118785539301077 1.4125277190637302 1.4131768841973527 1.4138260493309749 1.4141754107181996 1.4142042751139037 1.4142331395096077 1.414262003905312 1.414290868301016 1.41431973269672 -9999.0 -9999.0 -9999.0 -9999.0 -9999.0 -9999.0
1.3902847832565377 1.388770806527505 1.3883366116387805 1.389056727974685 1.3897768443105893 1.3904969606464939 1.3912170769823982 1.3919371933183027 1.3926573096542072 1.3933774259901115 1.394097542326016 1.3948176586619203 1.3955377749978248 1.3962578913337291 1.396978007669635 1.3976981240055393 1.3984182403414438 1.399138356677348 1.3998584730132526 1.400578589349157 1.4012987056850614 1.402018822020966 1.4027389383568702 1.4034590546927748 1.404179171028679 1.4048992873645836 1.405619403700488 1.4063395200363937 1.407059636372298 1.4077797527082025 1.4084998690441068 1.4092199853800114 1.409573514737727 1.4095351543173738 1.4094967938970204 1.4094584334766669 1.4094200730563136 1.4093817126359602 -9999.0 -9999.0 -9999.0 -9999.0 -9999.0 -9999.0
1.3836026405922757 1.3820782475016833 1.3816729628216329 1.3824640303598195 1.3832550978980058 1.3840461654361924 1.3848372329743788 1.3856283005125654 1.3864193680507517 1.3872104355889383 1.3880015031271247 1.3887925706653113 1.3895836382034978 1.3903747057416842 1.3911657732798721 1.3919568408180585 1.392747908356245 1.3935389758944314 1.394330043432618 1.3951211109708046 1.395912178508991 1.3967032460471775 1.397494313585364 1.3982853811235505 1.3990764486617369 1.3998675161999234 1.40065858373811 1.4014496512762977 1.4022407188144843 1.4030317863526707 1.4038228538908573 1.4046139214290436 1.4049716187572505 1.4048660335208396 1.4047604482844287 1.4046548630480178 1.404549277811607 -9999.0 -9999.0 -9999.0 -9999.0 -9999.0 -9999.0 -9999.0
1.3769204979280192 1.3753856884758675 1.375009314004491 1.3758713327449594 1.3767333514854279 1.3775953702258965 1.378457388966365 1.3793194077068334 1.3801814264473018 1.3810434451877702 1.3819054639282389 1.3827674826687073 1.3836295014091757 1.3844915201496442 1.3853535388901141 1.3862155576305828 1.3870775763710512 1.3879395951115197 1.388801613851988 1.3896636325924565 1.3905256513329252 1.3913876700733936 1.392249688813862 1.3931117075543304 1.393973726294799 1.3948357450352675 1.395697763775736 1.396559782516206 1.3974218012566744 1.3982838199971428 1.3991458387376114 1.4000078574780799 1.4003697227767775 1.4001969127243092 1.400024102671841 1.3998512926193727 -9999.0 -9999.0 -9999.0 -9999.0 -9999.0 -9999.0 -9999.0 -9999.0
1.3740156161308292 1.3724879083494392 1.3721329130424649 1.373031573911162 1.3739302347798592 1.3748288956485564 1.3757275565172535 1.3766262173859507 1.3775248782546476 1.3784235391233448 1.379322199992042 1.3802208608607391 1.3811195217294363 1.3820181825981335 1.3829168434668322 1.3838155043355294 1.3847141652042263 1.3856128260729235 1.3865114869416206 1.3874101478103178 1.388308808679015 1.3892074695477121 1.3901061304164093 1.3910047912851065 1.3919034521538034 1.3928021130225006 1.3937007738911977 1.3945994347598965 1.3954980956285936 1.3963967564972908 1.397295417365988 1.3981940782346851 1.398564249496689 1.3983694534057827 1.3981746573148763 -9999.0 -9999.0 -9999.0 -9999.0 -9999.0 -9999.0 -9999.0 -9999.0 -9999.0
1.3751483881090898 1.3736465076708018 1.3733048413166067 1.3742034700759673 1.3751020988353282 1.376000727594689 1.37689935635405 1.3777979851134108 1.3786966138727714 1.3795952426321323 1.3804938713914932 1.381392500150854 1.3822911289102147 1.3831897576695755 1.384088386428938 1.3849870151882988 1.3858856439476597 1.3867842727070203 1.3876829014663812 1.388581530225742 1.389480158985103 1.3903787877444636 1.3912774165038244 1.3921760452631853 1.3930746740225461 1.393973302781907 1.3948719315412677 1.39577056030063 1.396669189059991 1.3975678178193518 1.3984664465787124 1.3993650753380733 1.3997479758168738 1.3995795510892763 1.3994111263616789 -9999.0 -9999.0 -9999.0 -9999.0 -9999.0 -9999.0 -9999.0 -9999.0 -9999.0
