Figures/CREST_Example_wjb_NSE/PETs/wjb.pet.20100414.asc
ncols            288
nrows            254
xllcorner        113.274861
yllcorner        31.4918055
cellsize         0.008333333333
NODATA_value     -9999
[rows 114 to 132 of 254, columns 88 to 131 of 288]
0.8208863429685612 0.8219481145371822 0.8230098861058031 0.8240716576744258 0.8251334292430467 0.8261952008116676 0.8272569723802885 0.8283187439489095 0.8293805155175303 0.8304422870861512 0.8315040586547722 0.832565830223393 0.833627601792014 0.8346893733606349 0.8354614046959432 0.8359236971704669 0.8363859896449912 0.8368482821195149 0.8373105745940385 0.8377728670685621 0.8382351595430857 0.8386974520176094 0.8391597444921329 0.8396220369666566 0.8400843294411802 0.8405466219157037 0.8410089143902274 0.841471206864751 0.8419334993392746 0.842395791813799 0.8428580842883227 0.8433203767628462 0.8437826692373699 0.8442449617118934 0.8447072541864171 0.8451695466609407 0.8456318391354644 0.8460941316099879 0.8465564240845116 0.8470187165590352 0.8474810090335587 0.8479433015080824 0.8484055939826068 0.8488678864571304
0.8213921115302 0.8224354766219509 0.8234788417137019 0.8245222068054546 0.8255655718972055 0.8266089369889564 0.8276523020807074 0.8286956671724584 0.8297390322642093 0.8307823973559603 0.8318257624477111 0.8328691275394621 0.833912492631213 0.834955857722964 0.8357033002898562 0.8361343949865118 0.836565489683168 0.8369965843798236 0.8374276790764792 0.8378587737731348 0.8382898684697904 0.838720963166446 0.8391520578631015 0.8395831525597571 0.8400142472564127 0.8404453419530683 0.8408764366497239 0.8413075313463795 0.8417386260430351 0.8421697207396913 0.8426008154363469 0.8430319101330025 0.8434630048296581 0.8438940995263137 0.8443251942229693 0.8447562889196248 0.8451873836162804 0.845618478312936 0.8460495730095916 0.8464806677062472 0.8469117624029028 0.8473428570995583 0.8477739517962146 0.8482050464928702
0.8218978800918387 0.8229228387067198 0.8239477973216007 0.8249727559364834 0.8259977145513644 0.8270226731662453 0.8280476317811264 0.8290725903960073 0.8300975490108883 0.8311225076257692 0.8321474662406503 0.8331724248555312 0.8341973834704122 0.8352223420852931 0.8359451958837693 0.8363450928025568 0.8367449897213449 0.8371448866401325 0.83754478355892 0.8379446804777076 0.8383445773964951 0.8387444743152827 0.8391443712340703 0.8395442681528578 0.8399441650716453 0.8403440619904329 0.8407439589092204 0.841143855828008 0.8415437527467955 0.8419436496655838 0.8423435465843713 0.8427434435031588 0.8431433404219464 0.8435432373407339 0.8439431342595214 0.844343031178309 0.8447429280970965 0.8451428250158841 0.8455427219346716 0.8459426188534591 0.8463425157722467 0.8467424126910342 0.8471423096098225 0.84754220652861
0.8224036486534776 0.8234102007914886 0.8244167529294996 0.8254233050675123 0.8264298572055233 0.8274364093435344 0.8284429614815453 0.8294495136195563 0.8304560657575674 0.8314626178955783 0.8324691700335893 0.8334757221716004 0.8344822743096113 0.8354888264476223 0.8361870914776822 0.8365557906186017 0.8369244897595218 0.8372931889004414 0.8376618880413609 0.8380305871822804 0.8383992863231999 0.8387679854641195 0.8391366846050389 0.8395053837459584 0.8398740828868779 0.8402427820277975 0.840611481168717 0.8409801803096365 0.8413488794505559 0.8417175785914761 0.8420862777323956 0.842454976873315 0.8428236760142346 0.8431923751551541 0.8435610742960736 0.8439297734369932 0.8442984725779127 0.8446671717188321 0.8450358708597516 0.8454045700006712 0.8457732691415907 0.8461419682825102 0.8465106674234303 0.8468793665643498
0.8215638585681861 0.8225531604776698 0.8235424623871533 0.8245317642966387 0.8255210662061223 0.8265103681156059 0.8274996700250894 0.828488971934573 0.8294782738440566 0.8304675757535402 0.8314568776630238 0.8324461795725074 0.833435481481991 0.8344247833914746 0.8351284222279801 0.8355266807802879 0.8359249393325964 0.8363231978849041 0.8367214564372119 0.8371197149895196 0.8375179735418274 0.8379162320941352 0.838314490646443 0.8387127491987507 0.8391110077510585 0.8395092663033663 0.8399075248556741 0.8403057834079819 0.8407040419602897 0.8411023005125982 0.8415005590649058 0.8418988176172136 0.8422970761695214 0.8426953347218292 0.843093593274137 0.8434918518264448 0.8438901103787526 0.8442883689310603 0.8446866274833681 0.8450848860356759 0.8454831445879837 0.8458814031402915 0.8462796616925999 0.8466779202449077
0.8192857511175197 0.8202590387550607 0.8212323263926016 0.8222056140301441 0.823178901667685 0.824152189305226 0.8251254769427669 0.8260987645803078 0.8270720522178487 0.8280453398553898 0.8290186274929306 0.8299919151304715 0.8309652027680126 0.8319384904055535 0.832679531152098 0.8331722947207874 0.8336650582894775 0.8341578218581668 0.834650585426856 0.8351433489955453 0.8356361125642345 0.8361288761329239 0.8366216397016131 0.8371144032703024 0.8376071668389916 0.8380999304076809 0.8385926939763702 0.8390854575450595 0.8395782211137488 0.8400709846824389 0.8405637482511281 0.8410565118198174 0.8415492753885067 0.842042038957196 0.8425348025258852 0.8430275660945745 0.8435203296632638 0.8440130932319531 0.8445058568006424 0.8449986203693316 0.8454913839380209 0.8459841475067101 0.8464769110754002 0.8469696746440896
0.8170076436668532 0.8179649170324516 0.8189221903980498 0.8198794637636496 0.8208367371292479 0.8217940104948462 0.8227512838604445 0.8237085572260427 0.824665830591641 0.8256231039572393 0.8265803773228375 0.8275376506884358 0.828494924054034 0.8294521974196323 0.830230640076216 0.8308179086612868 0.8314051772463587 0.8319924458314294 0.8325797144165001 0.8331669830015709 0.8337542515866417 0.8343415201717125 0.8349287887567832 0.8355160573418541 0.8361033259269248 0.8366905945119956 0.8372778630970663 0.8378651316821372 0.8384524002672079 0.8390396688522797 0.8396269374373505 0.8402142060224213 0.840801474607492 0.8413887431925627 0.8419760117776336 0.8425632803627043 0.8431505489477751 0.8437378175328459 0.8443250861179167 0.8449123547029874 0.8454996232880582 0.846086891873129 0.8466741604582008 0.8472614290432715
0.8147295362161867 0.8156707953098423 0.8166120544034979 0.8175533134971551 0.8184945725908107 0.8194358316844663 0.8203770907781219 0.8213183498717775 0.8222596089654332 0.8232008680590888 0.8241421271527444 0.8250833862464 0.8260246453400555 0.8269659044337111 0.827781749000334 0.8284635226017862 0.8291452962032397 0.829827069804692 0.8305088434061443 0.8311906170075966 0.8318723906090488 0.8325541642105011 0.8332359378119534 0.8339177114134056 0.8345994850148579 0.8352812586163102 0.8359630322177625 0.8366448058192147 0.837326579420667 0.8380083530221204 0.8386901266235727 0.839371900225025 0.8400536738264772 0.8407354474279295 0.8414172210293818 0.842098994630834 0.8427807682322863 0.8434625418337386 0.8441443154351909 0.8448260890366431 0.8455078626380954 0.8461896362395477 0.8468714098410012 0.8475531834424535
0.8124514287655202 0.8133766735872332 0.8143019184089462 0.8152271632306606 0.8161524080523735 0.8170776528740865 0.8180028976957995 0.8189281425175123 0.8198533873392253 0.8207786321609383 0.8217038769826511 0.8226291218043641 0.8235543666260771 0.82447961144779 0.825332857924452 0.8261091365422858 0.8268854151601208 0.8276616937779546 0.8284379723957884 0.8292142510136221 0.8299905296314559 0.8307668082492897 0.8315430868671234 0.8323193654849572 0.833095644102791 0.8338719227206248 0.8346482013384585 0.8354244799562923 0.8362007585741261 0.8369770371919611 0.837753315809795 0.8385295944276288 0.8393058730454624 0.8400821516632963 0.84085843028113 0.8416347088989637 0.8424109875167975 0.8431872661346314 0.8439635447524652 0.8447398233702988 0.8455161019881327 0.8462923806059665 0.8470686592238015 0.8478449378416353
0.8101733213148538 0.8110825518646241 0.8119917824143943 0.8129010129641662 0.8138102435139364 0.8147194740637067 0.8156287046134769 0.8165379351632472 0.8174471657130175 0.8183563962627878 0.819265626812558 0.8201748573623283 0.8210840879120985 0.8219933184618688 0.82288396684857 0.8237547504827852 0.824625534117002 0.8254963177512172 0.8263671013854326 0.8272378850196478 0.8281086686538631 0.8289794522880783 0.8298502359222936 0.8307210195565089 0.8315918031907241 0.8324625868249395 0.8333333704591547 0.83420415409337 0.8350749377275852 0.835945721361802 0.8368165049960172 0.8376872886302326 0.8385580722644478 0.8394288558986631 0.8402996395328783 0.8411704231670936 0.8420412068013089 0.8429119904355241 0.8437827740697394 0.8446535577039547 0.84552434133817 0.8463951249723852 0.847265908606602 0.8481366922408172
0.8078952138641854 0.808788430142013 0.8096816464198405 0.8105748626976697 0.8114680789754972 0.8123612952533249 0.8132545115311525 0.81414772780898 0.8150409440868076 0.8159341603646352 0.8168273766424629 0.8177205929202904 0.818613809198118 0.8195070254759456 0.8204350757726858 0.8214003644232827 0.8223656530738812 0.8233309417244781 0.8242962303750749 0.8252615190256718 0.8262268076762687 0.8271920963268654 0.8281573849774623 0.8291226736280591 0.830087962278656 0.8310532509292529 0.8320185395798497 0.8329838282304466 0.8339491168810435 0.8349144055316419 0.8358796941822387 0.8368449828328356 0.8378102714834325 0.8387755601340293 0.8397408487846262 0.8407061374352229 0.8416714260858198 0.8426367147364167 0.8436020033870135 0.8445672920376104 0.8455325806882072 0.8464978693388041 0.8474631579894025 0.8484284466399994
0.8056171064135189 0.8064943084194038 0.8073715104252888 0.8082487124311751 0.8091259144370601 0.810003116442945 0.8108803184488299 0.8117575204547148 0.8126347224605998 0.8135119244664847 0.8143891264723696 0.8152663284782545 0.8161435304841395 0.8170207324900244 0.8179861846968038 0.8190459783637822 0.8201057720307623 0.8211655656977407 0.8222253593647191 0.8232851530316974 0.8243449466986758 0.825404740365654 0.8264645340326324 0.8275243276996107 0.8285841213665891 0.8296439150335675 0.8307037087005458 0.8317635023675242 0.8328232960345024 0.8338830897014826 0.834942883368461 0.8360026770354393 0.8370624707024177 0.8381222643693961 0.8391820580363744 0.8402418517033527 0.841301645370331 0.8423614390373094 0.8434212327042878 0.8444810263712661 0.8455408200382445 0.8466006137052228 0.8476604073722029 0.8487202010391813
0.8033389989628524 0.8042001866967947 0.805061374430737 0.8059225621646807 0.8067837498986229 0.8076449376325652 0.8085061253665075 0.8093673131004497 0.810228500834392 0.8110896885683342 0.8119508763022765 0.8128120640362188 0.813673251770161 0.8145344395041033 0.8155372936209219 0.8166915923042817 0.8178458909876435 0.8190001896710033 0.8201544883543631 0.821308787037723 0.8224630857210828 0.8236173844044427 0.8247716830878026 0.8259259817711624 0.8270802804545222 0.828234579137882 0.8293888778212419 0.8305431765046017 0.8316974751879616 0.8328517738713234 0.8340060725546833 0.8351603712380431 0.8363146699214029 0.8374689686047627 0.8386232672881226 0.8397775659714825 0.8409318646548423 0.8420861633382022 0.843240462021562 0.8443947607049218 0.8455490593882816 0.8467033580716415 0.8478576567550034 0.8490119554383632
0.801060891512186 0.8019060649741855 0.8027512384361851 0.8035964118981862 0.8044415853601857 0.8052867588221854 0.8061319322841849 0.8069771057461845 0.8078222792081842 0.8086674526701837 0.8095126261321833 0.810357799594183 0.8112029730561825 0.8120481465181821 0.8130884025450398 0.8143372062447811 0.8155860099445246 0.8168348136442659 0.8180836173440073 0.8193324210437486 0.8205812247434899 0.8218300284432313 0.8230788321429726 0.8243276358427141 0.8255764395424554 0.8268252432421968 0.8280740469419381 0.8293228506416794 0.8305716543414208 0.8318204580411642 0.8330692617409056 0.8343180654406469 0.8355668691403882 0.8368156728401296 0.8380644765398709 0.8393132802396123 0.8405620839393536 0.841810887639095 0.8430596913388363 0.8443084950385776 0.845557298738319 0.8468061024380603 0.8480549061378038 0.8493037098375451
0.7987827840615195 0.7996119432515765 0.8004411024416334 0.8012702616316917 0.8020994208217487 0.8029285800118056 0.8037577392018626 0.8045868983919194 0.8054160575819764 0.8062452167720333 0.8070743759620903 0.8079035351521472 0.8087326943422042 0.8095618535322611 0.8106395114691579 0.8119828201852807 0.8133261289014059 0.8146694376175286 0.8160127463336515 0.8173560550497744 0.8186993637658971 0.82004267248202 0.8213859811981429 0.8227292899142657 0.8240725986303885 0.8254159073465114 0.8267592160626343 0.828102524778757 0.8294458334948799 0.830789142211005 0.8321324509271278 0.8334757596432507 0.8348190683593735 0.8361623770754963 0.8375056857916192 0.8388489945077421 0.8401923032238648 0.8415356119399877 0.8428789206561106 0.8442222293722333 0.8455655380883562 0.8469088468044791 0.8482521555206042 0.849595464236727
0.796504676610853 0.7973178215289674 0.7981309664470816 0.7989441113651973 0.7997572562833115 0.8005704012014258 0.80138354611954 0.8021966910376543 0.8030098359557686 0.8038229808738828 0.8046361257919971 0.8054492707101114 0.8062624156282256 0.8070755605463399 0.8081906203932758 0.8096284341257802 0.811066247858287 0.8125040615907912 0.8139418753232956 0.8153796890557999 0.8168175027883043 0.8182553165208086 0.8196931302533129 0.8211309439858173 0.8225687577183216 0.824006571450826 0.8254443851833303 0.8268821989158346 0.828320012648339 0.8297578263808457 0.8311956401133501 0.8326334538458544 0.8340712675783588 0.8355090813108631 0.8369468950433674 0.8383847087758718 0.8398225225083761 0.8412603362408805 0.8426981499733848 0.8441359637058891 0.8455737774383935 0.8470115911708977 0.8484494049034046 0.8498872186359089
0.7942265691601865 0.7950236998063581 0.7958208304525297 0.7966179610987028 0.7974150917448743 0.798212222391046 0.7990093530372175 0.7998064836833891 0.8006036143295607 0.8014007449757323 0.8021978756219039 0.8029950062680755 0.8037921369142471 0.8045892675604188 0.8057417293173939 0.8072740480662797 0.8088063668151682 0.810338685564054 0.8118710043129398 0.8134033230618256 0.8149356418107114 0.8164679605595973 0.8180002793084831 0.819532598057369 0.8210649168062548 0.8225972355551406 0.8241295543040265 0.8256618730529123 0.8271941918017981 0.8287265105506866 0.8302588292995724 0.8317911480484582 0.833323466797344 0.83485578554623 0.8363881042951158 0.8379204230440016 0.8394527417928874 0.8409850605417732 0.8425173792906591 0.8440496980395449 0.8455820167884307 0.8471143355373166 0.848646654286205 0.8501789730350908
0.7919484617095182 0.792729578083747 0.793510694457976 0.7942918108322062 0.7950729272064352 0.7958540435806641 0.796635159954893 0.7974162763291219 0.7981973927033509 0.7989785090775798 0.7997596254518087 0.8005407418260376 0.8013218582002666 0.8021029745744955 0.8032928382415098 0.8049196620067771 0.8065464857720474 0.8081733095373147 0.8098001333025822 0.8114269570678496 0.813053780833117 0.8146806045983844 0.8163074283636518 0.8179342521289192 0.8195610758941866 0.821187899659454 0.8228147234247215 0.8244415471899889 0.8260683709552563 0.8276951947205264 0.8293220184857939 0.8309488422510612 0.8325756660163287 0.8342024897815962 0.8358293135468635 0.837456137312131 0.8390829610773983 0.8407097848426658 0.8423366086079332 0.8439634323732006 0.845590256138468 0.8472170799037354 0.8488439036690056 0.850470727434273
0.7896703542588516 0.7904354563611379 0.7912005584634242 0.7919656605657117 0.792730762667998 0.7934958647702842 0.7942609668725705 0.7950260689748567 0.795791171077143 0.7965562731794293 0.7973213752817155 0.7980864773840018 0.798851579486288 0.7996166815885744 0.8008439471656277 0.8025652759472766 0.8042866047289284 0.8060079335105773 0.8077292622922263 0.8094505910738752 0.8111719198555241 0.812893248637173 0.8146145774188219 0.8163359062004708 0.8180572349821197 0.8197785637637687 0.8214998925454176 0.8232212213270664 0.8249425501087154 0.8266638788903672 0.8283852076720162 0.8301065364536651 0.8318278652353139 0.8335491940169628 0.8352705227986118 0.8369918515802607 0.8387131803619096 0.8404345091435586 0.8421558379252074 0.8438771667068563 0.8455984954885052 0.8473198242701542 0.849041153051806 0.8507624818334549
