Figures/CREST_Example_wjb_NSE/PETs/wjb.pet.20101026.asc
ncols            288
nrows            254
xllcorner        113.274861
yllcorner        31.4918055
cellsize         0.008333333333
NODATA_value     -9999
[rows 140 to 159 of 254, columns 220 to 263 of 288]
1.3222251949354895 1.3227423401685912 1.3230998488484214 1.3232867024399522 1.3234735560314832 1.3236604096230142 1.323847263214545 1.324034116806076 1.324220970397607 1.324407823989138 1.324594677580669 1.3247815311721998 1.3249683847637308 1.3251552383552616 1.3253420919467929 1.325528945538324 1.325715799129855 1.3259026527213857 1.3260895063129168 1.3262763599044476 1.3264632134959786 1.3266500670875097 1.3268369206790405 1.3270237742705715 1.3272106278621023 1.3273974814536333 1.3275843350451644 1.3277711886366956 1.3279580422282264 1.3281448958197575 1.3283317494112883 1.3285186030028193 1.3289927690529102 1.329774078625059 1.3305553881972076 1.3313366977693564 1.332118007341505 1.3328993169136538 1.3336806264858028 1.3344619360579515 1.3352432456301015 1.3360245552022503 1.336805864774399 1.3375871743465477
1.3220620722847964 1.3225636831199912 1.3229215780749557 1.3231258375014148 1.3233300969278738 1.3235343563543331 1.3237386157807922 1.3239428752072513 1.3241471346337104 1.3243513940601694 1.3245556534866285 1.3247599129130878 1.3249641723395469 1.325168431766006 1.3253726911924655 1.3255769506189246 1.3257812100453836 1.3259854694718427 1.3261897288983018 1.326393988324761 1.3265982477512201 1.3268025071776792 1.3270067666041383 1.3272110260305974 1.3274152854570567 1.3276195448835157 1.3278238043099748 1.3280280637364343 1.3282323231628934 1.3284365825893525 1.3286408420158116 1.3288451014422706 1.3293232269659585 1.3300941215470574 1.330865016128156 1.331635910709255 1.332406805290354 1.3331776998714528 1.3339485944525518 1.3347194890336507 1.335490383614751 1.3362612781958498 1.3370321727769485 1.3378030673580474
1.3218989496341036 1.3223850260713914 1.3227433073014903 1.3229649725628776 1.323186637824265 1.323408303085652 1.3236299683470394 1.3238516336084267 1.324073298869814 1.3242949641312012 1.3245166293925885 1.3247382946539759 1.324959959915363 1.3251816251767503 1.325403290438138 1.3256249556995252 1.3258466209609125 1.3260682862222999 1.3262899514836872 1.3265116167450743 1.3267332820064617 1.326954947267849 1.3271766125292364 1.3273982777906235 1.3276199430520108 1.3278416083133981 1.3280632735747853 1.328284938836173 1.3285066040975604 1.3287282693589475 1.3289499346203348 1.3291715998817222 1.3296536848790068 1.3304141644690557 1.3311746440591048 1.331935123649154 1.3326956032392028 1.3334560828292519 1.334216562419301 1.3349770420093499 1.3357375215994003 1.3364980011894492 1.3372584807794983 1.3380189603695472
1.321735826983411 1.3222063690227914 1.3225650365280248 1.3228041076243402 1.3230431787206558 1.3232822498169712 1.3235213209132866 1.3237603920096022 1.3239994631059175 1.324238534202233 1.3244776052985485 1.324716676394864 1.3249557474911793 1.3251948185874947 1.3254338896838107 1.325672960780126 1.3259120318764415 1.3261511029727568 1.3263901740690724 1.3266292451653878 1.3268683162617032 1.3271073873580188 1.3273464584543342 1.3275855295506496 1.327824600646965 1.3280636717432805 1.328302742839596 1.3285418139359118 1.3287808850322271 1.3290199561285427 1.3292590272248581 1.3294980983211735 1.3299841427920551 1.3307342073910542 1.3314842719900533 1.3322343365890525 1.3329844011880516 1.333734465787051 1.33448453038605 1.335234594985049 1.3359846595840494 1.3367347241830487 1.3374847887820478 1.3382348533810469
1.321572704332718 1.3220277119741914 1.3223867657545592 1.3226432426858028 1.3228997196170464 1.32315619654829 1.3234126734795337 1.3236691504107774 1.323925627342021 1.3241821042732647 1.3244385812045083 1.324695058135752 1.3249515350669956 1.3252080119982392 1.3254644889294833 1.325720965860727 1.3259774427919706 1.326233919723214 1.3264903966544577 1.3267468735857013 1.327003350516945 1.3272598274481886 1.3275163043794322 1.3277727813106759 1.3280292582419195 1.3282857351731632 1.3285422121044068 1.328798689035651 1.3290551659668945 1.3293116428981382 1.3295681198293818 1.3298245967606255 1.3303146007051039 1.3310542503130531 1.3317938999210024 1.3325335495289516 1.333273199136901 1.3340128487448502 1.3347524983527994 1.3354921479607487 1.3362317975686993 1.3369714471766485 1.3377110967845978 1.338450746392547
1.3214095816820248 1.3218490549255915 1.3222084949810935 1.3224823777472654 1.3227562605134373 1.323030143279609 1.323304026045781 1.3235779088119526 1.3238517915781245 1.3241256743442962 1.324399557110468 1.3246734398766398 1.3249473226428117 1.3252212054089834 1.3254950881751557 1.3257689709413274 1.3260428537074993 1.3263167364736712 1.326590619239843 1.3268645020060148 1.3271383847721865 1.3274122675383584 1.32768615030453 1.327960033070702 1.3282339158368737 1.3285077986030456 1.3287816813692173 1.3290555641353896 1.3293294469015615 1.3296033296677332 1.329877212433905 1.3301510952000768 1.3306450586181522 1.3313742932350516 1.3321035278519509 1.3328327624688503 1.3335619970857497 1.3342912317026492 1.3350204663195484 1.3357497009364478 1.3364789355533484 1.3372081701702478 1.3379374047871473 1.3386666394040467
1.321246459031332 1.3216703978769917 1.3220302242076283 1.3223215128087282 1.3226128014098282 1.3229040900109281 1.323195378612028 1.323486667213128 1.323777955814228 1.324069244415328 1.3243605330164279 1.3246518216175278 1.3249431102186278 1.3252343988197277 1.325525687420828 1.325816976021928 1.3261082646230282 1.3263995532241282 1.3266908418252281 1.326982130426328 1.327273419027428 1.327564707628528 1.327855996229628 1.3281472848307279 1.3284385734318278 1.3287298620329278 1.3290211506340277 1.329312439235128 1.329603727836228 1.329895016437328 1.3301863050384282 1.3304775936395281 1.3309755165312003 1.3316943361570497 1.3324131557828993 1.3331319754087487 1.3338507950345984 1.334569614660448 1.3352884342862974 1.336007253912147 1.3367260735379978 1.3374448931638472 1.3381637127896968 1.3388825324155462
1.3210833363806394 1.3214917408283917 1.3218519534341628 1.3221606478701908 1.322469342306219 1.322778036742247 1.3230867311782752 1.3233954256143035 1.3237041200503314 1.3240128144863597 1.3243215089223876 1.3246302033584159 1.324938897794444 1.325247592230472 1.3255562866665007 1.325864981102529 1.3261736755385571 1.3264823699745851 1.3267910644106133 1.3270997588466413 1.3274084532826695 1.3277171477186978 1.3280258421547257 1.328334536590754 1.328643231026782 1.3289519254628102 1.3292606198988384 1.329569314334867 1.329878008770895 1.3301867032069232 1.3304953976429512 1.3308040920789794 1.3313059744442486 1.3320143790790482 1.3327227837138478 1.3334311883486476 1.3341395929834472 1.3348479976182468 1.3355564022530464 1.3362648068878462 1.336973211522647 1.3376816161574465 1.3383900207922463 1.339098425427046
1.3203410749382938 1.320735636687688 1.3210871519045464 1.3213926494039068 1.3216981469032671 1.3220036444026273 1.3223091419019877 1.322614639401348 1.3229201369007084 1.3232256344000688 1.3235311318994292 1.3238366293987895 1.32414212689815 1.3244476243975103 1.324753121896871 1.3250586193962315 1.3253641168955919 1.3256696143949522 1.3259751118943126 1.326280609393673 1.3265861068930334 1.3268916043923937 1.3271971018917539 1.3275025993911143 1.3278080968904746 1.328113594389835 1.3284190918891954 1.3287245893885562 1.3290300868879166 1.329335584387277 1.3296410818866373 1.3299465793859977 1.330444594437488 1.3311484151102022 1.3318522357829166 1.3325560564556307 1.3332598771283448 1.333963697801059 1.334667518473773 1.3353713391464872 1.3360751598192027 1.3367789804919168 1.337482801164631 1.338186621837345
1.3189797506354028 1.319362278006615 1.3196953859703102 1.3199756634689235 1.320255940967537 1.3205362184661502 1.3208164959647635 1.321096773463377 1.3213770509619902 1.3216573284606037 1.321937605959217 1.3222178834578302 1.3224981609564437 1.322778438455057 1.3230587159536709 1.3233389934522841 1.3236192709508974 1.3238995484495109 1.3241798259481241 1.3244601034467374 1.3247403809453508 1.325020658443964 1.3253009359425776 1.3255812134411908 1.325861490939804 1.3261417684384176 1.3264220459370308 1.3267023234356448 1.326982600934258 1.3272628784328713 1.3275431559314848 1.327823433430098 1.32830921482549 1.3290146845385054 1.3297201542515207 1.330425623964536 1.3311310936775513 1.3318365633905667 1.3325420331035822 1.3332475028165975 1.333952972529614 1.3346584422426293 1.3353639119556446 1.33606938166866
1.3176184263325108 1.3179889193255407 1.318303620036073 1.3185586775339393 1.3188137350318057 1.3190687925296718 1.3193238500275382 1.3195789075254045 1.3198339650232707 1.320089022521137 1.3203440800190034 1.3205991375168695 1.3208541950147359 1.3211092525126023 1.3213643100104688 1.3216193675083352 1.3218744250062016 1.322129482504068 1.322384540001934 1.3226395974998004 1.3228946549976668 1.323149712495533 1.3234047699933993 1.3236598274912657 1.323914884989132 1.3241699424869982 1.3244249999848645 1.3246800574827313 1.3249351149805975 1.3251901724784638 1.3254452299763302 1.3257002874741963 1.32617383521349 1.3268809539668065 1.327588072720123 1.3282951914734396 1.329002310226756 1.3297094289800726 1.3304165477333891 1.3311236664867057 1.3318307852400235 1.33253790399334 1.3332450227466566 1.333952141499973
1.3162571020296199 1.3166155606444678 1.3169118541018368 1.317141691598956 1.3173715290960755 1.3176013665931947 1.317831204090314 1.3180610415874332 1.3182908790845524 1.3185207165816717 1.318750554078791 1.3189803915759102 1.3192102290730296 1.319440066570149 1.3196699040672686 1.3198997415643878 1.320129579061507 1.3203594165586263 1.3205892540557456 1.3208190915528648 1.321048929049984 1.3212787665471033 1.3215086040442228 1.321738441541342 1.3219682790384613 1.3221981165355805 1.3224279540326997 1.3226577915298194 1.3228876290269387 1.323117466524058 1.3233473040211772 1.3235771415182966 1.3240384556014917 1.3247472233951094 1.3254559911887271 1.3261647589823449 1.3268735267759626 1.3275822945695803 1.328291062363198 1.3289998301568158 1.3297085979504348 1.3304173657440526 1.3311261335376703 1.331834901331288
1.3148957777267292 1.3152422019633947 1.3155200881676008 1.315724705663973 1.3159293231603453 1.3161339406567174 1.3163385581530898 1.3165431756494619 1.3167477931458342 1.3169524106422064 1.3171570281385787 1.3173616456349508 1.3175662631313232 1.3177708806276955 1.3179754981240681 1.3181801156204402 1.3183847331168126 1.3185893506131847 1.318793968109557 1.3189985856059292 1.3192032031023015 1.319407820598674 1.319612438095046 1.3198170555914184 1.3200216730877905 1.3202262905841629 1.320430908080535 1.3206355255769076 1.32084014307328 1.3210447605696523 1.3212493780660244 1.3214539955623967 1.3219030759894934 1.3226134928234123 1.3233239096573313 1.3240343264912502 1.3247447433251691 1.325455160159088 1.326165576993007 1.326875993826926 1.3275864106608462 1.328296827494765 1.329007244328684 1.329717661162603
1.3135344534238382 1.3138688432823218 1.3141283222333646 1.3143077197289899 1.314487117224615 1.3146665147202403 1.3148459122158656 1.3150253097114908 1.315204707207116 1.3153841047027413 1.3155635021983665 1.3157428996939917 1.315922297189617 1.316101694685242 1.3162810921808676 1.3164604896764929 1.316639887172118 1.3168192846677433 1.3169986821633686 1.3171780796589938 1.317357477154619 1.3175368746502443 1.3177162721458695 1.3178956696414947 1.31807506713712 1.3182544646327452 1.3184338621283704 1.318613259623996 1.3187926571196211 1.3189720546152464 1.3191514521108716 1.3193308496064968 1.319767696377495 1.320479762251715 1.3211918281259354 1.3219038940001555 1.3226159598743756 1.3233280257485958 1.3240400916228159 1.324752157497036 1.3254642233712572 1.3261762892454776 1.3268883551196977 1.3276004209939178
1.3121731291209473 1.3124954846012487 1.3127365562991284 1.3128907337940066 1.313044911288885 1.313199088783763 1.3133532662786414 1.3135074437735195 1.3136616212683976 1.313815798763276 1.313969976258154 1.3141241537530324 1.3142783312479105 1.3144325087427886 1.3145866862376672 1.3147408637325453 1.3148950412274236 1.3150492187223017 1.31520339621718 1.3153575737120582 1.3155117512069363 1.3156659287018146 1.3158201061966928 1.315974283691571 1.3161284611864492 1.3162826386813273 1.3164368161762057 1.316590993671084 1.3167451711659623 1.3168993486608405 1.3170535261557188 1.317207703650597 1.3176323167654966 1.318346031680018 1.3190597465945393 1.3197734615090606 1.3204871764235822 1.3212008913381035 1.3219146062526248 1.3226283211671461 1.3233420360816686 1.3240557509961899 1.3247694659107112 1.3254831808252328
1.3108118048180564 1.3111221259201755 1.3113447903648923 1.3114737478590235 1.3116027053531547 1.311731662847286 1.311860620341417 1.3119895778355481 1.3121185353296794 1.3122474928238106 1.3123764503179418 1.312505407812073 1.312634365306204 1.3127633228003353 1.3128922802944667 1.313021237788598 1.3131501952827291 1.3132791527768604 1.3134081102709914 1.3135370677651226 1.3136660252592538 1.313794982753385 1.3139239402475162 1.3140528977416475 1.3141818552357785 1.3143108127299097 1.314439770224041 1.3145687277181723 1.3146976852123036 1.3148266427064346 1.3149556002005658 1.315084557694697 1.3154969371534984 1.3162123011083209 1.3169276650631434 1.317643029017966 1.3183583929727885 1.319073756927611 1.3197891208824335 1.3205044848372562 1.3212198487920799 1.3219352127469024 1.322650576701725 1.3233659406565474
1.3094504805151654 1.3097487672391026 1.309953024430656 1.3100567619240404 1.3101604994174245 1.3102642369108086 1.310367974404193 1.310471711897577 1.3105754493909612 1.3106791868843453 1.3107829243777296 1.3108866618711137 1.3109903993644978 1.3110941368578821 1.3111978743512664 1.3113016118446505 1.3114053493380347 1.3115090868314188 1.311612824324803 1.3117165618181872 1.3118202993115713 1.3119240368049556 1.3120277742983397 1.3121315117917238 1.312235249285108 1.3123389867784923 1.3124427242718764 1.3125464617652607 1.3126501992586448 1.3127539367520291 1.3128576742454132 1.3129614117387973 1.3133615575415003 1.314078570536624 1.3147955835317477 1.3155125965268715 1.3162296095219952 1.316946622517119 1.3176636355122426 1.3183806485073664 1.3190976615024912 1.319814674497615 1.3205316874927386 1.3212487004878624
1.3080891562122734 1.3083754085580284 1.308561258496419 1.308639775989056 1.3087182934816932 1.3087968109743302 1.3088753284669674 1.3089538459596044 1.3090323634522416 1.3091108809448788 1.3091893984375158 1.309267915930153 1.30934643342279 1.3094249509154272 1.3095034684080644 1.3095819859007016 1.3096605033933386 1.3097390208859758 1.3098175383786128 1.30989605587125 1.3099745733638872 1.3100530908565242 1.3101316083491614 1.3102101258417984 1.3102886433344356 1.3103671608270726 1.3104456783197098 1.310524195812347 1.3106027133049842 1.3106812307976212 1.3107597482902584 1.3108382657828954 1.3112261779295 1.311944839964925 1.3126635020003499 1.3133821640357748 1.3141008260711997 1.3148194881066246 1.3155381501420496 1.3162568121774745 1.3169754742129007 1.3176941362483257 1.3184127982837506 1.3191314603191755
1.3067278319093825 1.3070020498769555 1.3071694925621828 1.307222790054073 1.307276087545963 1.3073293850378531 1.3073826825297432 1.3074359800216333 1.3074892775135234 1.3075425750054135 1.3075958724973036 1.3076491699891937 1.3077024674810838 1.3077557649729739 1.3078090624648642 1.3078623599567543 1.3079156574486444 1.3079689549405344 1.3080222524324245 1.3080755499243146 1.3081288474162047 1.3081821449080948 1.308235442399985 1.308288739891875 1.308342037383765 1.3083953348756552 1.3084486323675453 1.3085019298594354 1.3085552273513255 1.3086085248432158 1.3086618223351059 1.308715119826996 1.3090907983175017 1.3098111093932279 1.310531420468954 1.31125173154468 1.3119720426204062 1.3126923536961324 1.3134126647718585 1.3141329758475848 1.314853286923312 1.3155735979990382 1.3162939090747643 1.3170142201504904
1.3053665076064915 1.3056286911958823 1.3057777266279467 1.3058058041190896 1.3058338816102328 1.3058619591013758 1.305890036592519 1.305918114083662 1.3059461915748052 1.3059742690659482 1.3060023465570914 1.3060304240482343 1.3060585015393775 1.3060865790305205 1.3061146565216637 1.3061427340128067 1.3061708115039499 1.3061988889950928 1.306226966486236 1.306255043977379 1.306283121468522 1.3063111989596652 1.3063392764508082 1.3063673539419514 1.3063954314330943 1.3064235089242375 1.3064515864153805 1.3064796639065237 1.3065077413976667 1.3065358188888099 1.3065638963799528 1.306591973871096 1.3069554187055035 1.3076773788215308 1.308399338937558 1.3091212990535854 1.3098432591696128 1.31056521928564 1.3112871794016674 1.3120091395176947 1.3127310996337234 1.3134530597497507 1.314175019865778 1.3148969799818053
