Figures/CREST_Example_wjb_NSE/PETs/wjb.pet.20090507.asc
ncols            288
nrows            254
xllcorner        113.274861
yllcorner        31.4918055
cellsize         0.008333333333
NODATA_value     -9999
[rows 60 to 79 of 254, columns 88 to 131 of 288]
3.737364732013873 3.7384330750279795 3.7395014180420856 3.740569761056194 3.7416381040703004 3.7427064470844065 3.743774790098513 3.744843133112619 3.7459114761267256 3.7469798191408317 3.748048162154938 3.7491165051690447 3.750184848183151 3.7512531911972573 3.7516643276726147 3.751372895497823 3.7510814633230307 3.750790031148239 3.750498598973447 3.7502071667986554 3.7499157346238636 3.749624302449072 3.7493328702742805 3.7490414380994888 3.748750005924697 3.748458573749905 3.7481671415751134 3.7478757094003217 3.74758427722553 3.7472928450507377 3.747001412875946 3.746709980701154 3.7464185485263624 3.7461271163515706 3.745835684176779 3.745544252001987 3.7452528198271953 3.7449613876524035 3.744669955477612 3.7443785233028204 3.7440870911280286 3.743795658953237 3.7435042267784446 3.743212794603653
3.73545734874264 3.736476806990135 3.7374962652376302 3.738515723485127 3.739535181732622 3.740554639980117 3.7415740982276118 3.7425935564751067 3.7436130147226017 3.7446324729700966 3.745651931217592 3.746671389465087 3.747690847712582 3.748710305960077 3.7491548013880682 3.7489846485614127 3.748814495734757 3.7486443429081016 3.748474190081446 3.7483040372547904 3.748133884428135 3.7479637316014793 3.7477935787748238 3.747623425948168 3.7474532731215127 3.747283120294857 3.7471129674682015 3.746942814641546 3.7467726618148904 3.746602508988235 3.7464323561615793 3.7462622033349238 3.746092050508268 3.7459218976816127 3.745751744854957 3.7455815920283015 3.745411439201646 3.7452412863749904 3.745071133548335 3.7449009807216793 3.7447308278950238 3.744560675068368 3.7443905222417126 3.744220369415057
3.7335499654714073 3.7345205389522906 3.7354911124331744 3.7364616859140596 3.7374322593949434 3.738402832875827 3.7393734063567106 3.7403439798375944 3.741314553318478 3.7422851267993615 3.7432557002802453 3.744226273761129 3.745196847242013 3.7461674207228963 3.7466452751035217 3.7465964016250024 3.746547528146483 3.7464986546679637 3.7464497811894444 3.746400907710925 3.7463520342324057 3.7463031607538864 3.746254287275367 3.7462054137968477 3.7461565403183283 3.746107666839809 3.7460587933612897 3.7460099198827703 3.745961046404251 3.7459121729257316 3.7458632994472123 3.745814425968693 3.7457655524901736 3.7457166790116543 3.745667805533135 3.7456189320546156 3.7455700585760963 3.745521185097577 3.7454723116190576 3.7454234381405382 3.745374564662019 3.7453256911834996 3.74527681770498 3.745227944226461
3.731642582200174 3.7325642709144464 3.7334859596287187 3.7344076483429927 3.735329337057265 3.736251025771537 3.73717271448581 3.738094403200082 3.7390160919143542 3.7399377806286265 3.740859469342899 3.7417811580571714 3.7427028467714436 3.743624535485716 3.7441357488189757 3.7442081546885926 3.7442805605582095 3.7443529664278263 3.744425372297443 3.74449777816706 3.744570184036677 3.744642589906294 3.7447149957759107 3.7447874016455276 3.7448598075151445 3.7449322133847613 3.745004619254378 3.745077025123995 3.745149430993612 3.745221836863229 3.7452942427328457 3.7453666486024626 3.7454390544720795 3.7455114603416964 3.7455838662113132 3.74565627208093 3.745728677950547 3.745801083820164 3.7458734896897807 3.7459458955593976 3.7460183014290145 3.7460907072986314 3.7461631131682482 3.746235519037865
3.729735198928941 3.730608002876602 3.7314808068242633 3.7323536107719257 3.733226414719587 3.7340992186672475 3.7349720226149086 3.7358448265625697 3.7367176305102308 3.7375904344578914 3.7384632384055525 3.7393360423532136 3.7402088463008747 3.741081650248536 3.7416262225344292 3.7418199077521823 3.7420135929699354 3.7422072781876885 3.7424009634054416 3.7425946486231947 3.742788333840948 3.742982019058701 3.743175704276454 3.743369389494207 3.74356307471196 3.7437567599297132 3.7439504451474663 3.7441441303652194 3.7443378155829725 3.744531500800726 3.744725186018479 3.7449188712362322 3.7451125564539853 3.7453062416717384 3.745499926889491 3.745693612107244 3.7458872973249973 3.7460809825427503 3.7462746677605034 3.7464683529782565 3.7466620381960096 3.7468557234137627 3.7470494086315163 3.7472430938492693
3.727827815657708 3.728651734838758 3.7294756540198075 3.7302995732008584 3.7311234923819083 3.731947411562958 3.7327713307440074 3.7335952499250573 3.734419169106107 3.7352430882871563 3.7360670074682063 3.736890926649256 3.7377148458303058 3.7385387650113553 3.7391166962498827 3.739431660815772 3.739746625381662 3.740061589947551 3.7403765545134404 3.7406915190793297 3.741006483645219 3.7413214482111083 3.7416364127769977 3.741951377342887 3.742266341908776 3.742581306474665 3.7428962710405544 3.7432112356064438 3.743526200172333 3.743841164738223 3.744156129304112 3.7444710938700014 3.7447860584358907 3.74510102300178 3.7454159875676694 3.7457309521335587 3.746045916699448 3.7463608812653373 3.7466758458312266 3.746990810397116 3.747305774963005 3.7476207395288945 3.7479357040947843 3.7482506686606736
3.7259204323864736 3.726695466800912 3.72747050121535 3.7282455356297897 3.729020570044228 3.7297956044586664 3.730570638873105 3.7313456732875427 3.732120707701981 3.7328957421164195 3.733670776530858 3.7344458109452963 3.735220845359734 3.7359958797741726 3.736607169965334 3.7370434138793596 3.737479657793386 3.7379159017074115 3.738352145621437 3.738788389535463 3.7392246334494885 3.739660877363514 3.7400971212775396 3.740533365191565 3.7409696091055906 3.741405853019616 3.741842096933642 3.7422783408476676 3.742714584761693 3.7431508286757196 3.743587072589745 3.7440233165037706 3.744459560417796 3.7448958043318217 3.745332048245847 3.7457682921598727 3.7462045360738987 3.746640779987924 3.7470770239019497 3.7475132678159753 3.747949511730001 3.7483857556440263 3.7488219995580527 3.7492582434720783
3.7240130491152406 3.7247391987630674 3.7254653484108946 3.7261914980587227 3.7269176477065495 3.727643797354377 3.7283699470022036 3.7290960966500304 3.7298222462978576 3.7305483959456844 3.7312745455935112 3.7320006952413385 3.7327268448891653 3.733452994536992 3.7340976436807876 3.7346551669429493 3.7352126902051124 3.735770213467274 3.736327736729436 3.7368852599915976 3.7374427832537593 3.738000306515921 3.738557829778083 3.7391153530402446 3.7396728763024067 3.7402303995645685 3.7407879228267302 3.741345446088892 3.7419029693510537 3.7424604926132163 3.743018015875378 3.7435755391375403 3.744133062399702 3.7446905856618637 3.7452481089240255 3.7458056321861872 3.746363155448349 3.7469206787105107 3.7474782019726725 3.748035725234834 3.7485932484969964 3.749150771759158 3.7497082950213207 3.7502658182834825
3.7221056658440075 3.722782930725223 3.723460195606439 3.724137460487656 3.724814725368871 3.7254919902500867 3.7261692551313024 3.726846520012518 3.7275237848937337 3.7282010497749494 3.728878314656165 3.7295555795373807 3.7302328444185964 3.730910109299812 3.731588117396241 3.7322669200065395 3.7329457226168383 3.7336245252271363 3.7343033278374342 3.734982130447732 3.7356609330580306 3.7363397356683286 3.7370185382786265 3.7376973408889245 3.7383761434992224 3.7390549461095204 3.7397337487198183 3.7404125513301163 3.7410913539404143 3.7417701565507135 3.7424489591610115 3.7431277617713095 3.7438065643816074 3.7444853669919054 3.7451641696022033 3.7458429722125017 3.7465217748227997 3.7472005774330976 3.7478793800433956 3.7485581826536936 3.7492369852639915 3.7499157878742895 3.7505945904845888 3.7512733930948867
3.7201982825727744 3.720826662687379 3.721455042801983 3.7220834229165884 3.722711803031193 3.723340183145797 3.7239685632604016 3.7245969433750057 3.7252253234896098 3.7258537036042143 3.7264820837188184 3.727110463833423 3.727738843948027 3.7283672240626315 3.729078591111695 3.729878673070129 3.7306787550285647 3.731478836986999 3.732278918945433 3.7330790009038672 3.7338790828623014 3.7346791648207356 3.7354792467791698 3.736279328737604 3.737079410696038 3.7378794926544723 3.7386795746129065 3.7394796565713406 3.7402797385297752 3.7410798204882107 3.741879902446645 3.742679984405079 3.7434800663635133 3.7442801483219474 3.7450802302803816 3.745880312238816 3.74668039419725 3.747480476155684 3.7482805581141183 3.7490806400725525 3.7498807220309867 3.750680803989421 3.751480885947857 3.752280967906291
3.7182908993015418 3.7188703946495347 3.7194498899975277 3.7200293853455215 3.7206088806935145 3.7211883760415074 3.7217678713895004 3.7223473667374933 3.7229268620854863 3.7235063574334792 3.724085852781472 3.724665348129465 3.725244843477458 3.725824338825451 3.7265690648271486 3.727490426133719 3.7284117874402907 3.729333148746861 3.7302545100534314 3.731175871360002 3.7320972326665722 3.733018593973143 3.7339399552797135 3.734861316586284 3.7357826778928542 3.7367040391994246 3.737625400505995 3.7385467618125654 3.739468123119136 3.7403894844257075 3.741310845732278 3.7422322070388483 3.7431535683454187 3.7440749296519895 3.74499629095856 3.7459176522651303 3.7468390135717007 3.747760374878271 3.7486817361848415 3.749603097491412 3.7505244587979822 3.7514458201045526 3.7523671814111244 3.7532885427176947
3.7163835160303087 3.71691412661169 3.717444737193072 3.7179753477744546 3.718505958355836 3.719036568937218 3.719567179518599 3.720097790099981 3.7206284006813624 3.721159011262744 3.7216896218441256 3.7222202324255074 3.722750843006889 3.7232814535882706 3.724059538542602 3.7251021791973087 3.726144819852017 3.7271874605067237 3.7282301011614303 3.729272741816137 3.7303153824708435 3.73135802312555 3.7324006637802567 3.7334433044349633 3.73448594508967 3.7355285857443765 3.736571226399083 3.7376138670537897 3.7386565077084963 3.7396991483632047 3.7407417890179113 3.741784429672618 3.7428270703273245 3.743869710982031 3.7449123516367377 3.7459549922914444 3.746997632946151 3.7480402736008576 3.749082914255564 3.7501255549102708 3.7511681955649774 3.752210836219684 3.7532534768743924 3.754296117529099
3.714476132759074 3.714957858573844 3.7154395843886143 3.7159213102033855 3.7164030360181557 3.716884761832926 3.717366487647696 3.7178482134624664 3.7183299392772367 3.718811665092007 3.719293390906777 3.7197751167215474 3.7202568425363176 3.720738568351088 3.7215500122580534 3.722713932260896 3.7238778522637412 3.725041772266584 3.726205692269427 3.72736961227227 3.728533532275113 3.729697452277956 3.7308613722807986 3.732025292283642 3.7331892122864847 3.7343531322893275 3.7355170522921703 3.736680972295013 3.7378448922978564 3.739008812300701 3.7401727323035443 3.741336652306387 3.74250057230923 3.7436644923120728 3.7448284123149156 3.745992332317759 3.7471562523206017 3.7483201723234445 3.7494840923262873 3.7506480123291306 3.7518119323319734 3.7529758523348162 3.7541397723376613 3.755303692340504
3.7125687494878408 3.713001590536 3.7134344315841585 3.7138672726323185 3.714300113680477 3.7147329547286363 3.715165795776795 3.715598636824954 3.716031477873113 3.716464318921272 3.716897159969431 3.7173300010175896 3.7177628420657487 3.718195683113908 3.719040485973507 3.720325685324486 3.7216108846754676 3.7228960840264467 3.7241812833774257 3.7254664827284047 3.726751682079384 3.7280368814303633 3.7293220807813423 3.7306072801323213 3.7318924794833004 3.7331776788342794 3.734462878185259 3.735748077536238 3.737033276887217 3.7383184762381982 3.7396036755891773 3.7408888749401563 3.742174074291136 3.743459273642115 3.744744472993094 3.746029672344073 3.747314871695052 3.7486000710460314 3.7498852703970105 3.7511704697479895 3.7524556690989685 3.7537408684499476 3.755026067800929 3.7563112671519083
3.710661366216608 3.7110453224981557 3.711429278779703 3.711813235061251 3.712197191342799 3.7125811476243467 3.712965103905894 3.7133490601874417 3.7137330164689892 3.7141169727505368 3.7145009290320843 3.7148848853136323 3.71526884159518 3.7156527978767273 3.7165309596889604 3.717937438388076 3.7193439170871936 3.720750395786309 3.722156874485424 3.72356335318454 3.724969831883655 3.7263763105827703 3.7277827892818856 3.729189267981001 3.730595746680116 3.7320022253792318 3.733408704078347 3.7348151827774623 3.7362216614765775 3.7376281401756954 3.7390346188748107 3.740441097573926 3.741847576273041 3.7432540549721565 3.744660533671272 3.7460670123703874 3.7474734910695027 3.748879969768618 3.750286448467733 3.7516929271668484 3.753099405865964 3.7545058845650794 3.755912363264197 3.757318841963312
3.708753982945375 3.709089054460311 3.7094241259752474 3.7097591974901842 3.7100942690051206 3.7104293405200566 3.710764412034993 3.7110994835499294 3.7114345550648657 3.7117696265798017 3.712104698094738 3.7124397696096745 3.7127748411246104 3.713109912639547 3.7140214334044144 3.715549191451666 3.71707694949892 3.7186047075461715 3.720132465593423 3.7216602236406744 3.723187981687926 3.7247157397351773 3.7262434977824292 3.7277712558296807 3.729299013876932 3.7308267719241837 3.732354529971435 3.7338822880186866 3.735410046065938 3.736937804113192 3.738465562160444 3.7399933202076956 3.741521078254947 3.7430488363021985 3.74457659434945 3.7461043523967015 3.747632110443953 3.749159868491205 3.7506876265384563 3.752215384585708 3.7537431426329593 3.7552709006802107 3.756798658727465 3.7583264167747163
3.706846599674142 3.707132786422467 3.7074189731707916 3.7077051599191173 3.707991346667442 3.708277533415767 3.708563720164092 3.708849906912417 3.709136093660742 3.7094222804090666 3.7097084671573914 3.7099946539057167 3.7102808406540415 3.7105670274023663 3.711511907119868 3.7131609445152556 3.714809981910646 3.7164590193060336 3.7181080567014213 3.7197570940968094 3.721406131492197 3.723055168887585 3.7247042062829725 3.72635324367836 3.728002281073748 3.7296513184691356 3.7313003558645232 3.7329493932599114 3.734598430655299 3.7362474680506894 3.737896505446077 3.739545542841465 3.7411945802368525 3.7428436176322406 3.7444926550276283 3.746141692423016 3.7477907298184037 3.7494397672137914 3.751088804609179 3.7527378420045667 3.7543868793999544 3.756035916795342 3.757684954190733 3.7593339915861206
3.704939216402909 3.7051765183846226 3.7054138203663363 3.7056511223480504 3.7058884243297636 3.7061257263114773 3.706363028293191 3.7066003302749047 3.706837632256618 3.7070749342383316 3.7073122362200452 3.707549538201759 3.7077868401834726 3.708024142165186 3.7090023808353214 3.7107726975788453 3.7125430143223723 3.7143133310658962 3.71608364780942 3.717853964552944 3.719624281296468 3.721394598039992 3.7231649147835157 3.7249352315270396 3.726705548270564 3.728475865014088 3.730246181757612 3.7320164985011357 3.7337868152446596 3.7355571319881866 3.7373274487317105 3.7390977654752344 3.7408680822187583 3.7426383989622822 3.744408715705806 3.74617903244933 3.747949349192854 3.749719665936378 3.751489982679902 3.753260299423426 3.75503061616695 3.756800932910474 3.758571249654001 3.760341566397525
3.7030318331316763 3.7032202503467784 3.703408667561881 3.7035970847769835 3.7037855019920856 3.703973919207188 3.70416233642229 3.7043507536373923 3.704539170852495 3.704727588067597 3.704916005282699 3.7051044224978016 3.7052928397129037 3.7054812569280062 3.7064928545507754 3.7083844506424355 3.7102760467340987 3.712167642825759 3.714059238917419 3.715950835009079 3.717842431100739 3.7197340271923993 3.7216256232840594 3.7235172193757196 3.72540881546738 3.7273004115590402 3.7291920076507004 3.7310836037423605 3.7329751998340206 3.734866795925684 3.736758392017344 3.738649988109004 3.740541584200664 3.7424331802923243 3.7443247763839844 3.7462163724756445 3.7481079685673047 3.749999564658965 3.751891160750625 3.753782756842285 3.755674352933945 3.7575659490256053 3.759457545117269 3.761349141208929
3.701124449860442 3.7012639823089324 3.7014035147574234 3.7015430472059148 3.7016825796544053 3.7018221121028962 3.701961644551387 3.702101176999878 3.702240709448369 3.70238024189686 3.7025197743453506 3.7026593067938416 3.7027988392423326 3.7029383716908235 3.7039833282662267 3.705996203706023 3.708009079145823 3.7100219545856197 3.712034830025416 3.7140477054652123 3.7160605809050087 3.7180734563448055 3.720086331784602 3.722099207224398 3.7241120826641945 3.7261249581039912 3.7281378335437876 3.730150708983584 3.7321635844233803 3.73417645986318 3.7361893353029765 3.7382022107427733 3.7402150861825696 3.742227961622366 3.7442408370621623 3.746253712501959 3.7482665879417554 3.7502794633815517 3.752292338821348 3.754305214261145 3.756318089700941 3.7583309651407375 3.7603438405805374 3.7623567160203337
