Figures/CREST_Example_wjb_NSE/PETs/wjb.pet.20090718.asc
ncols            288
nrows            254
xllcorner        113.274861
yllcorner        31.4918055
cellsize         0.008333333333
NODATA_value     -9999
[rows 60 to 79 of 254, columns 45 to 89 of 288]
3.3045801765059446 3.303095913440979 3.301611650376014 3.300127387311048 3.2986431242460825 3.297158861181117 3.2956745981161513 3.294190335051183 3.292706071986218 3.2912218089212524 3.2897375458562865 3.288253282791321 3.2867690197263557 3.28528475666139 3.2838004935964245 3.2823162305314586 3.280831967466493 3.279347704401528 3.277863441336562 3.2763791782715965 3.2748949152066285 3.273410652141663 3.271926389076697 3.270442126011732 3.2689578629467664 3.2674735998818005 3.265989336816835 3.2694315519059565 3.278140283510049 3.2868490151141407 3.2955577467182327 3.3042664783223246 3.312975209926417 3.3216839415305235 3.330392673134616 3.3391014047387078 3.3478101363427997 3.3565188679468916 3.365227599550984 3.373936331155076 3.3826450627591678 3.3913537943632597 3.4000625259673516 3.408771257571444 3.417479989175536
3.317040664146762 3.3155614127070097 3.3140821612672577 3.3126029098275054 3.311123658387753 3.3096444069480007 3.3081651555082487 3.3066859040684937 3.3052066526287414 3.3037274011889894 3.302248149749237 3.3007688983094847 3.2992896468697324 3.2978103954299804 3.296331143990228 3.2948518925504757 3.2933726411107234 3.2918933896709714 3.290414138231219 3.2889348867914667 3.287455635351712 3.28597638391196 3.2844971324722074 3.283017881032455 3.281538629592703 3.280059378152951 3.2785801267131984 3.2819088191117274 3.2903773121620365 3.2988458052123453 3.3073142982626544 3.3157827913129636 3.3242512843632728 3.332719777413596 3.3411882704639053 3.3496567635142145 3.3581252565645237 3.366593749614833 3.375062242665142 3.3835307357154507 3.39199922876576 3.400467721816069 3.408936214866378 3.4174047079166874 3.4258732009669965
3.3295011517875794 3.3280269119730406 3.3265526721585013 3.3250784323439624 3.3236041925294235 3.3221299527148846 3.320655712900346 3.3191814730858042 3.3177072332712654 3.316232993456726 3.314758753642187 3.3132845138276483 3.3118102740131095 3.31033603419857 3.3088617943840313 3.3073875545694924 3.3059133147549535 3.3044390749404147 3.3029648351258754 3.3014905953113365 3.300016355496795 3.298542115682256 3.297067875867717 3.2955936360531783 3.2941193962386395 3.2926451564241 3.2911709166095613 3.2943860863174974 3.302614340814024 3.31084259531055 3.3190708498070762 3.327299104303602 3.3355273588001286 3.343755613296669 3.351983867793195 3.360212122289721 3.368440376786247 3.3766686312827736 3.3848968857792996 3.393125140275826 3.401353394772352 3.4095816492688784 3.4178099037654044 3.426038158261931 3.434266412758457
3.341961639428397 3.340492411239071 3.339023183049745 3.33755395486042 3.336084726671094 3.334615498481768 3.333146270292443 3.3316770421031143 3.330207813913789 3.328738585724463 3.3272693575351373 3.325800129345812 3.324330901156486 3.3228616729671603 3.321392444777835 3.319923216588509 3.3184539883991833 3.316984760209858 3.315515532020532 3.3140463038312062 3.312577075641878 3.3111078474525524 3.309638619263227 3.308169391073901 3.3067001628845754 3.30523093469525 3.303761706505924 3.3068633535232674 3.314851369466011 3.3228393854087543 3.3308274013514976 3.338815417294241 3.346803433236984 3.354791449179741 3.3627794651224843 3.3707674810652275 3.3787554970079707 3.386743512950714 3.3947315288934576 3.402719544836201 3.410707560778944 3.4186955767216873 3.4266835926644306 3.434671608607174 3.4426596245499175
3.354422127069214 3.3529579105051015 3.351493693940989 3.350029477376877 3.3485652608127645 3.347101044248652 3.34563682768454 3.344172611120425 3.3427083945563125 3.3412441779922 3.339779961428088 3.3383157448639755 3.336851528299863 3.335387311735751 3.3339230951716385 3.332458878607526 3.330994662043414 3.329530445479301 3.3280662289151888 3.3266020123510764 3.325137795786962 3.323673579222849 3.322209362658737 3.3207451460946245 3.319280929530512 3.3178167129664 3.3163524964022875 3.3193406207290383 3.327088398117999 3.334836175506959 3.3425839528959194 3.35033173028488 3.3580795076738403 3.3658272850628137 3.373575062451774 3.3813228398407347 3.3890706172296947 3.396818394618655 3.4045661720076157 3.4123139493965757 3.420061726785536 3.4278095041744967 3.435557281563457 3.4433050589524177 3.4510528363413777
3.3668826147100313 3.3654234097711324 3.363964204832233 3.3625049998933343 3.361045794954435 3.359586590015536 3.358127385076637 3.3566681801377354 3.355208975198836 3.3537497702599373 3.352290565321038 3.350831360382139 3.34937215544324 3.347912950504341 3.3464537455654417 3.344994540626543 3.3435353356876436 3.3420761307487443 3.3406169258098455 3.339157720870946 3.3376985159320447 3.336239310993146 3.3347801060542466 3.3333209011153477 3.3318616961764485 3.3304024912375496 3.3289432862986503 3.3318178879348084 3.339325426769986 3.3468329656051634 3.3543405044403407 3.3618480432755184 3.3693555821106957 3.376863120945886 3.3843706597810637 3.391878198616241 3.3993857374514183 3.406893276286596 3.4144008151217733 3.421908353956951 3.4294158927921283 3.4369234316273056 3.4444309704624834 3.4519385092976607 3.4594460481328384
3.3793431023508593 3.3778889090371735 3.3764347157234877 3.374980522409802 3.373526329096116 3.3720721357824304 3.3706179424687446 3.3691637491550566 3.3677095558413708 3.366255362527685 3.364801169213999 3.3633469759003134 3.3618927825866276 3.360438589272942 3.358984395959256 3.3575302026455702 3.3560760093318844 3.3546218160181986 3.353167622704513 3.351713429390827 3.350259236077139 3.3488050427634533 3.3473508494497675 3.3458966561360817 3.344442462822396 3.34298826950871 3.3415340761950243 3.3442951551405895 3.351562455421984 3.358829755703378 3.3660970559847727 3.373364356266167 3.3806316565475614 3.387898956828968 3.3951662571103625 3.4024335573917566 3.409700857673151 3.4169681579545452 3.4242354582359398 3.4315027585173343 3.4387700587987284 3.446037359080123 3.453304659361517 3.4605719596429116 3.4678392599243058
3.3918035899916763 3.390354408303204 3.3889052266147313 3.387456044926259 3.386006863237786 3.384557681549314 3.3831084998608416 3.3816593181723666 3.380210136483894 3.3787609547954216 3.3773117731069493 3.3758625914184766 3.3744134097300043 3.3729642280415315 3.371515046353059 3.370065864664587 3.368616682976114 3.367167501287642 3.3657183195991696 3.364269137910697 3.362819956222222 3.3613707745337496 3.3599215928452772 3.3584724111568045 3.357023229468332 3.3555740477798595 3.354124866091387 3.35677242234636 3.3637994840739713 3.3708265458015827 3.377853607529194 3.3848806692568054 3.391907730984417 3.3989347927120406 3.405961854439652 3.4129889161672633 3.4200159778948747 3.427043039622486 3.434070101350098 3.441097163077709 3.4481242248053205 3.455151286532932 3.4621783482605433 3.4692054099881546 3.4762324717157664
3.4042640776324937 3.4028199075692345 3.401375737505975 3.399931567442716 3.398487397379457 3.397043227316198 3.3955990572529386 3.394154887189677 3.392710717126418 3.3912665470631587 3.3898223769998994 3.38837820693664 3.3869340368733813 3.385489866810122 3.384045696746863 3.3826015266836036 3.381157356620345 3.3797131865570855 3.3782690164938263 3.376824846430567 3.3753806763673055 3.3739365063040463 3.372492336240787 3.371048166177528 3.369603996114269 3.3681598260510097 3.3667156559877505 3.3692496895521304 3.376036512725959 3.3828233358997872 3.389610159073616 3.3963969822474445 3.403183805421273 3.4099706285951132 3.4167574517689414 3.42354427494277 3.4303310981165986 3.4371179212904273 3.443904744464256 3.450691567638084 3.4574783908119127 3.4642652139857413 3.47105203715957 3.4778388603333985 3.4846256835072267
3.4167245652733107 3.415285406835265 3.413846248397219 3.4124070899591734 3.4109679315211276 3.4095287730830814 3.4080896146450357 3.4066504562069873 3.4052112977689415 3.4037721393308957 3.40233298089285 3.4008938224548038 3.399454664016758 3.3980155055787122 3.3965763471406665 3.3951371887026203 3.3936980302645745 3.3922588718265287 3.390819713388483 3.3893805549504368 3.387941396512389 3.3865022380743426 3.385063079636297 3.383623921198251 3.3821847627602053 3.380745604322159 3.3793064458841133 3.3817269567579005 3.3882735413779463 3.3948201259979918 3.4013667106180376 3.407913295238083 3.4144598798581285 3.4210064644781855 3.427553049098231 3.4340996337182768 3.440646218338322 3.447192802958368 3.4537393875784135 3.4602859721984593 3.4668325568185048 3.47337914143855 3.479925726058596 3.4864723106786415 3.4930188952986874
3.429185052914128 3.427750906101296 3.426316759288463 3.4248826124756304 3.4234484656627977 3.4220143188499654 3.4205801720371327 3.419146025224298 3.417711878411465 3.4162777315986324 3.4148435847858 3.4134094379729674 3.4119752911601346 3.4105411443473024 3.4091069975344697 3.407672850721637 3.4062387039088047 3.404804557095972 3.4033704102831392 3.4019362634703065 3.4005021166574716 3.3990679698446393 3.3976338230318066 3.396199676218974 3.394765529406141 3.393331382593309 3.391897235780476 3.394204223963671 3.4005105700299336 3.4068169160961963 3.413123262162459 3.4194296082287217 3.4257359542949843 3.4320423003612577 3.4383486464275204 3.444654992493783 3.4509613385600457 3.457267684626309 3.4635740306925715 3.469880376758834 3.476186722825097 3.4824930688913596 3.4887994149576222 3.495105761023885 3.5014121070901476
3.4416455405549455 3.4402164053673263 3.438787270179707 3.437358134992088 3.4359289998044686 3.434499864616849 3.4330707294292298 3.4316415942416083 3.430212459053989 3.42878332386637 3.42735418867875 3.425925053491131 3.4244959183035117 3.4230667831158925 3.4216376479282733 3.420208512740654 3.418779377553035 3.4173502423654156 3.415921107177796 3.4144919719901767 3.4130628368025553 3.411633701614936 3.410204566427317 3.408775431239697 3.407346296052078 3.4059171608644587 3.4044880256768395 3.4066814911694414 3.4127475986819213 3.418813706194401 3.4248798137068808 3.4309459212193607 3.43701202873184 3.4430781362443303 3.4491442437568103 3.45521035126929 3.4612764587817697 3.4673425662942496 3.4734086738067296 3.479474781319209 3.485540888831689 3.491606996344169 3.4976731038566484 3.5037392113691284 3.5098053188816083
3.4541060281957736 3.4526819046333674 3.4512577810709617 3.4498336575085555 3.44840953394615 3.4469854103837436 3.4455612868213374 3.444137163258929 3.4427130396965233 3.441288916134117 3.4398647925717114 3.4384406690093052 3.437016545446899 3.4355924218844933 3.434168298322087 3.4327441747596814 3.4313200511972752 3.4298959276348695 3.4284718040724633 3.427047680510057 3.4256235569476488 3.424199433385243 3.422775309822837 3.421351186260431 3.419927062698025 3.418502939135619 3.417078815573213 3.419158758375222 3.424984627333919 3.4308104962926156 3.4366363652513123 3.442462234210009 3.448288103168706 3.4541139721274123 3.459939841086109 3.465765710044806 3.471591579003502 3.477417447962199 3.4832433169208956 3.4890691858795924 3.494895054838289 3.500720923796986 3.5065467927556826 3.5123726617143793 3.518198530673076
3.466566515836591 3.4651474038993983 3.4637282919622057 3.4623091800250125 3.46089006808782 3.459470956150627 3.4580518442134345 3.4566327322762396 3.455213620339047 3.453794508401854 3.4523753964646615 3.450956284527469 3.449537172590276 3.4481180606530835 3.4466989487158908 3.445279836778698 3.4438607248415054 3.4424416129043127 3.44102250096712 3.4396033890299273 3.438184277092732 3.4367651651555393 3.4353460532183466 3.433926941281154 3.4325078293439613 3.4310887174067686 3.429669605469576 3.431636025580992 3.437221655985906 3.4428072863908197 3.4483929167957337 3.4539785472006477 3.4595641776055612 3.4651498080104846 3.4707354384153986 3.476321068820312 3.481906699225226 3.4874923296301397 3.4930779600350537 3.498663590439967 3.504249220844881 3.5098348512497948 3.5154204816547088 3.5210061120596223 3.5265917424645363
3.479027003477408 3.477612903165429 3.4761988028534496 3.47478470254147 3.473370602229491 3.471956501917511 3.470542401605532 3.46912830129355 3.4677142009815705 3.4663001006695913 3.464886000357612 3.4634719000456324 3.4620577997336532 3.4606436994216736 3.4592295991096944 3.4578154987977148 3.4564013984857356 3.454987298173756 3.4535731978617767 3.4521590975497976 3.4507449972378157 3.449330896925836 3.447916796613857 3.4465026963018772 3.445088595989898 3.4436744956779184 3.442260395365939 3.444113292786763 3.449458684637894 3.4548040764890247 3.4601494683401555 3.4654948601912863 3.470840252042417 3.476185643893557 3.481531035744688 3.486876427595819 3.49222181944695 3.497567211298081 3.5029126031492117 3.5082579950003425 3.5136033868514733 3.518948778702604 3.524294170553735 3.529639562404866 3.534984954255997
3.4914874911182254 3.4900784024314593 3.488669313744693 3.487260225057927 3.4858511363711613 3.484442047684395 3.483032958997629 3.48162387031086 3.4802147816240945 3.4788056929373283 3.477396604250562 3.475987515563796 3.47457842687703 3.4731693381902637 3.4717602495034976 3.4703511608167315 3.4689420721299653 3.4675329834431996 3.4661238947564335 3.4647148060696673 3.4633057173828985 3.461896628696133 3.4604875400093666 3.4590784513226005 3.4576693626358344 3.456260273949068 3.454851185262302 3.456590559992533 3.461695713289881 3.466800866587229 3.471906019884577 3.477011173181925 3.482116326479273 3.4872214797766294 3.4923266330739775 3.4974317863713256 3.5025369396686736 3.5076420929660217 3.5127472462633693 3.5178523995607174 3.5229575528580654 3.5280627061554135 3.5331678594527616 3.538273012750109 3.5433781660474573
3.503947978759043 3.50254390169749 3.501139824635937 3.4997357475743844 3.498331670512832 3.4969275934512787 3.495523516389726 3.4941194393281707 3.492715362266618 3.4913112852050654 3.4899072081435123 3.4885031310819596 3.487099054020407 3.4856949769588543 3.4842908998973012 3.4828868228357486 3.481482745774196 3.480078668712643 3.47867459165109 3.4772705145895375 3.475866437527982 3.4744623604664295 3.4730582834048764 3.471654206343324 3.470250129281771 3.468846052220218 3.4674419751586654 3.4690678271983035 3.473932741941869 3.4787976566854337 3.483662571428999 3.488527486172564 3.493392400916129 3.4982573156597025 3.5031222304032674 3.5079871451468323 3.5128520598903976 3.5177169746339625 3.522581889377528 3.5274468041210927 3.5323117188646576 3.537176633608223 3.5420415483517877 3.546906463095353 3.551771377838918
3.5164084663998603 3.5150094009635207 3.513610335527181 3.5122112700908414 3.5108122046545023 3.5094131392181627 3.508014073781823 3.5066150083454812 3.5052159429091416 3.503816877472802 3.502417812036463 3.5010187466001232 3.4996196811637836 3.498220615727444 3.496821550291105 3.4954224848547653 3.4940234194184256 3.492624353982086 3.491225288545747 3.4898262231094073 3.4884271576730654 3.487028092236726 3.485629026800386 3.4842299613640466 3.4828308959277074 3.481431830491368 3.4800327650550282 3.481545094404074 3.486169770593856 3.4907944467836383 3.4954191229734204 3.5000437991632025 3.5046684753529846 3.5092931515427748 3.513917827732557 3.518542503922339 3.523167180112121 3.5277918563019033 3.5324165324916854 3.5370412086814675 3.5416658848712497 3.546290561061032 3.550915237250814 3.555539913440596 3.560164589630378
3.5288689540406772 3.527474900229551 3.526080846418425 3.524686792607299 3.5232927387961728 3.521898684985046 3.52050463117392 3.5191105773627918 3.517716523551665 3.516322469740539 3.514928415929413 3.513534362118287 3.5121403083071603 3.510746254496034 3.509352200684908 3.507958146873782 3.506564093062656 3.5051700392515293 3.503775985440403 3.502381931629277 3.5009878778181482 3.499593824007022 3.498199770195896 3.49680571638477 3.4954116625736433 3.494017608762517 3.492623554951391 3.494022361609844 3.4984067992458434 3.5027912368818424 3.5071756745178417 3.511560112153841 3.5159445497898405 3.520328987425847 3.5247134250618464 3.5290978626978453 3.5334823003338447 3.537866737969844 3.5422511756058435 3.5466356132418424 3.551020050877842 3.555404488513841 3.55978892614984 3.5641733637858395 3.568557801421839
3.5413294416815053 3.5399403994955927 3.5385513573096796 3.5371623151237666 3.535773272937854 3.534384230751941 3.5329951885660282 3.531606146380113 3.5302171041942 3.528828062008287 3.527439019822374 3.526049977636461 3.524660935450548 3.5232718932646354 3.5218828510787223 3.5204938088928093 3.5191047667068966 3.5177157245209836 3.5163266823350705 3.514937640149158 3.5135485979632426 3.5121595557773295 3.510770513591417 3.509381471405504 3.5079924292195908 3.506603387033678 3.505214344847765 3.506499628815625 3.5106438278978414 3.5147880269800575 3.5189322260622737 3.52307642514449 3.5272206242267057 3.531364823308929 3.535509022391145 3.5396532214733614 3.5437974205555776 3.5479416196377933 3.5520858187200095 3.5562300178022257 3.560374216884442 3.564518415966658 3.5686626150488743 3.57280681413109 3.576951013213306
