Figures/CREST_Example_wjb_NSE/PETs/wjb.pet.20091228.asc
ncols            288
nrows            254
xllcorner        113.274861
yllcorner        31.4918055
cellsize         0.008333333333
NODATA_value     -9999
[rows 57 to 75 of 254, columns 132 to 175 of 288]
0.6946295567764574 0.6936192509037008 0.6926089450309441 0.6915986391581874 0.6905883332854308 0.6895780274126742 0.6885677215399175 0.6875574156671608 0.6865471097944041 0.6855368039216475 0.6845264980488909 0.6835161921761325 0.6825058863033758 0.6814955804306192 0.6804852745578626 0.6794749686851058 0.6784646628123492 0.6774543569395926 0.6764440510668359 0.6754337451940793 0.6744234393213225 0.6734131334485659 0.6724028275758093 0.6713925217030526 0.6703822158302942 0.6693719099575376 0.668361604084781 0.6673512982120242 0.6663409923392676 0.665330686466511 0.6645969066458031 0.6641587394301608 0.6637205722145186 0.6632824049988764 0.6628442377832341 0.6624060705675918 0.6619679033519495 0.6615297361363066 0.6610915689206643 0.6606534017050221 0.6602152344893798 0.6597770672737375 0.6593389000580954 0.6589007328424531
0.6951171455721677 0.6941010219039019 0.693084898235636 0.6920687745673701 0.6910526508991044 0.6900365272308385 0.6890204035625727 0.6880042798943068 0.686988156226041 0.6859720325577752 0.6849559088895093 0.6839397852212418 0.6829236615529759 0.68190753788471 0.6808914142164442 0.6798752905481784 0.6788591668799125 0.6778430432116467 0.6768269195433808 0.6758107958751151 0.6747946722068492 0.6737785485385833 0.6727624248703175 0.6717463012020517 0.670730177533784 0.6697140538655182 0.6686979301972524 0.6676818065289866 0.6666656828607207 0.6656495591924548 0.6649142472534635 0.6644791294054404 0.6640440115574172 0.6636088937093941 0.6631737758613709 0.6627386580133477 0.6623035401653247 0.6618684223173008 0.6614333044692776 0.6609981866212544 0.6605630687732313 0.6601279509252082 0.6596928330771851 0.6592577152291619
0.6946794591990685 0.6936819672788809 0.6926844753586933 0.6916869834385057 0.690689491518318 0.6896919995981304 0.6886945076779428 0.6876970157577552 0.6866995238375676 0.68570203191738 0.6847045399971924 0.683707048077003 0.6827095561568154 0.6817120642366278 0.6807145723164402 0.6797170803962526 0.678719588476065 0.6777220965558773 0.6767246046356897 0.6757271127155021 0.6747296207953145 0.6737321288751269 0.6727346369549393 0.6717371450347517 0.6707396531145624 0.6697421611943748 0.6687446692741872 0.6677471773539996 0.666749685433812 0.6657521935136244 0.6650336176281882 0.6646132092933917 0.6641928009585952 0.6637723926237987 0.6633519842890021 0.6629315759542056 0.6625111676194091 0.6620907592846119 0.6616703509498154 0.6612499426150189 0.6608295342802224 0.6604091259454259 0.6599887176106294 0.6595683092758329
0.6942417728259695 0.6932629126538601 0.6922840524817507 0.6913051923096414 0.6903263321375319 0.6893474719654226 0.6883686117933131 0.6873897516212037 0.6864108914490944 0.6854320312769849 0.6844531711048756 0.6834743109327646 0.6824954507606551 0.6815165905885457 0.6805377304164364 0.6795588702443269 0.6785800100722176 0.6776011499001081 0.6766222897279988 0.6756434295558894 0.6746645693837799 0.6736857092116706 0.6727068490395612 0.6717279888674518 0.6707491286953408 0.6697702685232313 0.6687914083511219 0.6678125481790126 0.6668336880069031 0.6658548278347938 0.6651529880029128 0.6647472891813428 0.664341590359773 0.6639358915382031 0.6635301927166332 0.6631244938950633 0.6627187950734934 0.6623130962519228 0.661907397430353 0.661501698608783 0.6610959997872131 0.6606903009656433 0.6602846021440734 0.6598789033225035
0.6938040864528707 0.6928438580288395 0.6918836296048083 0.6909234011807771 0.689963172756746 0.6890029443327148 0.6880427159086836 0.6870824874846524 0.6861222590606212 0.6851620306365901 0.6842018022125589 0.683241573788526 0.6822813453644949 0.6813211169404637 0.6803608885164325 0.6794006600924013 0.6784404316683702 0.677480203244339 0.6765199748203078 0.6755597463962766 0.6745995179722454 0.6736392895482143 0.6726790611241831 0.6717188327001519 0.6707586042761191 0.6697983758520879 0.6688381474280567 0.6678779190040255 0.6669176905799944 0.6659574621559632 0.6652723583776373 0.6648813690692941 0.6644903797609508 0.6640993904526075 0.6637084011442642 0.663317411835921 0.6629264225275777 0.6625354332192338 0.6621444439108906 0.6617534546025472 0.661362465294204 0.6609714759858607 0.6605804866775175 0.6601894973691742
0.6933664000797719 0.6924248034038188 0.6914832067278659 0.690541610051913 0.68960001337596 0.688658416700007 0.687716820024054 0.686775223348101 0.6858336266721481 0.6848920299961951 0.6839504333202422 0.6830088366442876 0.6820672399683346 0.6811256432923817 0.6801840466164287 0.6792424499404757 0.6783008532645227 0.6773592565885698 0.6764176599126168 0.6754760632366639 0.6745344665607109 0.6735928698847579 0.6726512732088049 0.671709676532852 0.6707680798568973 0.6698264831809444 0.6688848865049914 0.6679432898290385 0.6670016931530856 0.6660600964771326 0.6653917287523619 0.6650154489572452 0.6646391691621286 0.6642628893670119 0.6638866095718953 0.6635103297767786 0.663134049981662 0.6627577701865447 0.662381490391428 0.6620052105963115 0.6616289308011948 0.6612526510060781 0.6608763712109614 0.6605000914158449
0.6929287137066729 0.6920057487787982 0.6910827838509234 0.6901598189230487 0.6892368539951739 0.6883138890672992 0.6873909241394244 0.6864679592115496 0.6855449942836749 0.6846220293558001 0.6836990644279254 0.682776099500049 0.6818531345721742 0.6809301696442995 0.6800072047164247 0.67908423978855 0.6781612748606752 0.6772383099328005 0.6763153450049257 0.6753923800770509 0.6744694151491762 0.6735464502213014 0.6726234852934267 0.671700520365552 0.6707775554376756 0.6698545905098009 0.6689316255819261 0.6680086606540514 0.6670856957261766 0.6661627307983018 0.6655110991270863 0.6651495288451963 0.6647879585633063 0.6644263882814162 0.6640648179995262 0.6637032477176362 0.6633416774357462 0.6629801071538556 0.6626185368719655 0.6622569665900755 0.6618953963081855 0.6615338260262954 0.6611722557444054 0.6608106854625154
0.692491027333574 0.6915866941537775 0.690682360973981 0.6897780277941844 0.6888736946143879 0.6879693614345913 0.6870650282547948 0.6861606950749983 0.6852563618952018 0.6843520287154052 0.6834476955356087 0.6825433623558106 0.681639029176014 0.6807346959962175 0.679830362816421 0.6789260296366244 0.6780216964568279 0.6771173632770313 0.6762130300972348 0.6753086969174382 0.6744043637376417 0.6735000305578451 0.6725956973780486 0.671691364198252 0.6707870310184539 0.6698826978386574 0.6689783646588608 0.6680740314790643 0.6671696982992678 0.6662653651194712 0.6656304695018109 0.6652836087331475 0.6649367479644841 0.6645898871958207 0.6642430264271573 0.6638961656584939 0.6635493048898304 0.6632024441211665 0.662855583352503 0.6625087225838397 0.6621618618151763 0.6618150010465129 0.6614681402778495 0.6611212795091861
0.6920533409604752 0.6911676395287569 0.6902819380970386 0.6893962366653202 0.688510535233602 0.6876248338018836 0.6867391323701653 0.685853430938447 0.6849677295067286 0.6840820280750103 0.6831963266432919 0.682310625211572 0.6814249237798538 0.6805392223481355 0.6796535209164171 0.6787678194846988 0.6778821180529805 0.6769964166212621 0.6761107151895438 0.6752250137578254 0.6743393123261071 0.6734536108943888 0.6725679094626704 0.6716822080309521 0.6707965065992323 0.669910805167514 0.6690251037357956 0.6681394023040773 0.6672537008723589 0.6663679994406406 0.6657498398765355 0.6654176886210986 0.6650855373656619 0.664753386110225 0.6644212348547883 0.6640890835993516 0.6637569323439148 0.6634247810884775 0.6630926298330406 0.6627604785776039 0.662428327322167 0.6620961760667303 0.6617640248112935 0.6614318735558568
0.691615654587376 0.6907485849037359 0.6898815152200958 0.6890144455364556 0.6881473758528156 0.6872803061691755 0.6864132364855354 0.6855461668018953 0.6846790971182551 0.6838120274346151 0.682944957750975 0.6820778880673334 0.6812108183836934 0.6803437487000532 0.6794766790164131 0.678609609332773 0.6777425396491329 0.6768754699654929 0.6760084002818527 0.6751413305982126 0.6742742609145725 0.6734071912309324 0.6725401215472923 0.6716730518636522 0.6708059821800106 0.6699389124963705 0.6690718428127305 0.6682047731290903 0.6673377034454502 0.6664706337618101 0.6658692102512601 0.66555176850905 0.6652343267668398 0.6649168850246296 0.6645994432824195 0.6642820015402093 0.6639645597979993 0.6636471180557886 0.6633296763135784 0.6630122345713683 0.6626947928291581 0.662377351086948 0.6620599093447378 0.6617424676025278
0.691177968214277 0.6903295302787151 0.6894810923431532 0.6886326544075914 0.6877842164720295 0.6869357785364676 0.6860873406009057 0.6852389026653438 0.6843904647297819 0.68354202679422 0.6826935888586582 0.6818451509230948 0.680996712987533 0.6801482750519711 0.6792998371164092 0.6784513991808473 0.6776029612452854 0.6767545233097235 0.6759060853741616 0.6750576474385999 0.674209209503038 0.6733607715674761 0.6725123336319142 0.6716638956963523 0.670815457760789 0.6699670198252271 0.6691185818896652 0.6682701439541033 0.6674217060185414 0.6665732680829796 0.6659885806259846 0.6656858483970012 0.6653831161680176 0.6650803839390341 0.6647776517100505 0.6644749194810671 0.6641721872520835 0.6638694550230995 0.663566722794116 0.6632639905651324 0.6629612583361489 0.6626585261071654 0.6623557938781819 0.6620530616491983
0.6907402818411782 0.6899104756536946 0.6890806694662108 0.6882508632787272 0.6874210570912436 0.6865912509037598 0.6857614447162762 0.6849316385287925 0.6841018323413088 0.6832720261538252 0.6824422199663415 0.6816124137788564 0.6807826075913728 0.679952801403889 0.6791229952164054 0.6782931890289218 0.677463382841438 0.6766335766539544 0.6758037704664707 0.674973964278987 0.6741441580915034 0.6733143519040197 0.672484545716536 0.6716547395290524 0.6708249333415672 0.6699951271540836 0.6691653209666 0.6683355147791162 0.6675057085916326 0.666675902404149 0.6661079510007092 0.6658199282849523 0.6655319055691954 0.6652438828534385 0.6649558601376816 0.6646678374219247 0.6643798147061678 0.6640917919904104 0.6638037692746535 0.6635157465588966 0.6632277238431397 0.6629397011273828 0.6626516784116259 0.662363655695869
0.6903025954680794 0.6894914210286739 0.6886802465892684 0.687869072149863 0.6870578977104576 0.6862467232710521 0.6854355488316466 0.6846243743922412 0.6838131999528357 0.6830020255134303 0.6821908510740248 0.681379676634618 0.6805685021952125 0.679757327755807 0.6789461533164016 0.6781349788769961 0.6773238044375907 0.6765126299981852 0.6757014555587797 0.6748902811193743 0.6740791066799688 0.6732679322405634 0.6724567578011579 0.6716455833617525 0.6708344089223456 0.6700232344829402 0.6692120600435347 0.6684008856041292 0.6675897111647238 0.6667785367253183 0.6662273213754337 0.6659540081729035 0.6656806949703732 0.665407381767843 0.6651340685653127 0.6648607553627823 0.6645874421602521 0.6643141289577214 0.664040815755191 0.6637675025526608 0.6634941893501305 0.6632208761476003 0.66294756294507 0.6626742497425396
0.6898649090949804 0.6890723664036532 0.688279823712326 0.6874872810209987 0.6866947383296714 0.6859021956383442 0.685109652947017 0.6843171102556898 0.6835245675643625 0.6827320248730353 0.681939482181708 0.6811469394903794 0.6803543967990522 0.679561854107725 0.6787693114163977 0.6779767687250704 0.6771842260337432 0.676391683342416 0.6755991406510887 0.6748065979597615 0.6740140552684343 0.673221512577107 0.6724289698857797 0.6716364271944525 0.6708438845031239 0.6700513418117967 0.6692587991204695 0.6684662564291421 0.6676737137378149 0.6668811710464877 0.6663466917501584 0.6660880880608546 0.665829484371551 0.6655708806822473 0.6653122769929437 0.6650536733036401 0.6647950696143363 0.6645364659250322 0.6642778622357286 0.664019258546425 0.6637606548571213 0.6635020511678177 0.6632434474785139 0.6629848437892103
0.6894272227218816 0.6886533117786325 0.6878794008353836 0.6871054898921345 0.6863315789488854 0.6855576680056364 0.6847837570623874 0.6840098461191384 0.6832359351758893 0.6824620242326404 0.6816881132893913 0.6809142023461409 0.6801402914028919 0.6793663804596428 0.6785924695163938 0.6778185585731448 0.6770446476298958 0.6762707366866467 0.6754968257433976 0.6747229148001487 0.6739490038568996 0.6731750929136506 0.6724011819704016 0.6716272710271525 0.6708533600839022 0.6700794491406531 0.6693055381974041 0.668531627254155 0.6677577163109061 0.666983805367657 0.6664660621248828 0.6662221679488057 0.6659782737727287 0.6657343795966517 0.6654904854205747 0.6652465912444976 0.6650026970684205 0.6647588028923431 0.6645149087162661 0.664271014540189 0.664027120364112 0.663783226188035 0.6635393320119579 0.6632954378358809
0.6889895363487823 0.6882342571536115 0.6874789779584407 0.6867236987632699 0.6859684195680992 0.6852131403729284 0.6844578611777575 0.6837025819825867 0.6829473027874159 0.6821920235922451 0.6814367443970744 0.6806814652019022 0.6799261860067314 0.6791709068115607 0.6784156276163898 0.677660348421219 0.6769050692260482 0.6761497900308774 0.6753945108357066 0.6746392316405359 0.673883952445365 0.6731286732501942 0.6723733940550234 0.6716181148598526 0.6708628356646805 0.6701075564695097 0.6693522772743389 0.6685969980791681 0.6678417188839973 0.6670864396888265 0.6665854324996074 0.6663562478367571 0.6661270631739067 0.6658978785110562 0.6656686938482058 0.6654395091853554 0.6652103245225051 0.6649811398596542 0.6647519551968039 0.6645227705339535 0.6642935858711031 0.6640644012082526 0.6638352165454022 0.6636060318825519
0.6885518499756835 0.6878152025285909 0.6870785550814983 0.6863419076344057 0.6856052601873132 0.6848686127402206 0.6841319652931279 0.6833953178460354 0.6826586703989428 0.6819220229518502 0.6811853755047576 0.6804487280576638 0.6797120806105712 0.6789754331634785 0.678238785716386 0.6775021382692934 0.6767654908222008 0.6760288433751083 0.6752921959280156 0.674555548480923 0.6738189010338305 0.6730822535867379 0.6723456061396453 0.6716089586925527 0.6708723112454589 0.6701356637983662 0.6693990163512736 0.6686623689041811 0.6679257214570885 0.6671890740099959 0.666704802874332 0.6664903277247082 0.6662758525750845 0.6660613774254607 0.6658469022758369 0.6656324271262131 0.6654179519765894 0.6652034768269652 0.6649890016773414 0.6647745265277176 0.6645600513780938 0.66434557622847 0.6641311010788463 0.6639166259292225
0.6881141636025846 0.6873961479035702 0.6866781322045558 0.6859601165055415 0.685242100806527 0.6845240851075127 0.6838060694084983 0.6830880537094839 0.6823700380104696 0.6816520223114552 0.6809340066124409 0.6802159909134252 0.6794979752144109 0.6787799595153965 0.6780619438163821 0.6773439281173678 0.6766259124183533 0.675907896719339 0.6751898810203246 0.6744718653213102 0.6737538496222959 0.6730358339232815 0.6723178182242672 0.6715998025252528 0.6708817868262371 0.6701637711272228 0.6694457554282084 0.6687277397291941 0.6680097240301797 0.6672917083311652 0.6668241732490565 0.6666244076126594 0.6664246419762623 0.666224876339865 0.6660251107034679 0.6658253450670708 0.6656255794306736 0.6654258137942761 0.665226048157879 0.6650262825214818 0.6648265168850847 0.6646267512486875 0.6644269856122903 0.6642272199758932
0.6876764772294858 0.6869770932785496 0.6862777093276134 0.6855783253766773 0.6848789414257411 0.684179557474805 0.6834801735238688 0.6827807895729326 0.6820814056219965 0.6813820216710603 0.6806826377201242 0.6799832537691868 0.6792838698182506 0.6785844858673145 0.6778851019163783 0.6771857179654421 0.676486334014506 0.6757869500635698 0.6750875661126337 0.6743881821616975 0.6736887982107613 0.6729894142598252 0.672290030308889 0.6715906463579528 0.6708912624070155 0.6701918784560793 0.6694924945051431 0.668793110554207 0.6680937266032708 0.6673943426523347 0.6669435436237812 0.6667584875006106 0.6665734313774401 0.6663883752542695 0.666203319131099 0.6660182630079284 0.6658332068847579 0.665648150761587 0.6654630946384165 0.665278038515246 0.6650929823920755 0.6649079262689049 0.6647228701457344 0.6645378140225638
