Figures/CREST_Example_wjb_NSE/PETs/wjb.pet.20090803.asc
ncols            288
nrows            254
xllcorner        113.274861
yllcorner        31.4918055
cellsize         0.008333333333
NODATA_value     -9999
[rows 120 to 139 of 254, columns 88 to 131 of 288]
1.522928543076407 1.524601114416419 1.5262736857564314 1.5279462570964466 1.5296188284364587 1.531291399776471 1.5329639711164833 1.5346365424564954 1.5363091137965077 1.53798168513652 1.539654256476532 1.5413268278165444 1.5429993991565567 1.5446719704965688 1.5497628901316587 1.558508101387135 1.567253312642626 1.5759985238981022 1.5847437351535782 1.5934889464090545 1.6022341576645305 1.6109793689200067 1.619724580175483 1.628469791430959 1.6372150026864352 1.6459602139419114 1.6547054251973874 1.6634506364528636 1.6721958477083396 1.6809410589638307 1.689686270219307 1.698431481474783 1.7071766927302592 1.7159219039857354 1.7246671152412114 1.7334123264966876 1.7421575377521639 1.7509027490076399 1.759647960263116 1.7683931715185923 1.7771383827740683 1.7858835940295446 1.7946288052850354 1.8033740165405117
1.5135779417653012 1.5153944989417285 1.517211056118156 1.5190276132945866 1.520844170471014 1.5226607276474413 1.5244772848238688 1.5262938420002963 1.5281103991767235 1.529926956353151 1.5317435135295785 1.533560070706006 1.5353766278824332 1.5371931850588607 1.5424101638934502 1.5512622703682202 1.5601143768430055 1.5689664833177757 1.5778185897925456 1.5866706962673158 1.595522802742086 1.604374909216856 1.6132270156916262 1.6220791221663964 1.6309312286411664 1.6397833351159365 1.6486354415907067 1.6574875480654767 1.666339654540247 1.675191761015032 1.6840438674898022 1.6928959739645724 1.7017480804393423 1.7106001869141125 1.7194522933888827 1.7283043998636527 1.737156506338423 1.7460086128131929 1.754860719287963 1.7637128257627332 1.7725649322375032 1.7814170387122734 1.7902691451870587 1.7991212516618287
1.5042273404541955 1.5061878834670381 1.5081484264798806 1.5101089694927265 1.5120695125055692 1.5140300555184119 1.5159905985312543 1.517951141544097 1.5199116845569396 1.5218722275697822 1.5238327705826247 1.5257933135954673 1.52775385660831 1.5297143996211526 1.5350574376552415 1.5440164393493057 1.552975441043385 1.561934442737449 1.5708934444315132 1.5798524461255772 1.5888114478196413 1.5977704495137055 1.6067294512077694 1.6156884529018336 1.6246474545958978 1.633606456289962 1.6425654579840259 1.65152445967809 1.6604834613721542 1.6694424630662335 1.6784014647602976 1.6873604664543618 1.6963194681484257 1.7052784698424899 1.714237471536554 1.723196473230618 1.7321554749246821 1.7411144766187463 1.7500734783128102 1.7590324800068744 1.7679914817009386 1.7769504833950025 1.785909485089082 1.794868486783146
1.4948767391430895 1.4969812679923473 1.4990857968416051 1.5011903256908665 1.5032948545401243 1.5053993833893822 1.50750391223864 1.5096084410878976 1.5117129699371554 1.5138174987864133 1.515922027635671 1.518026556484929 1.5201310853341865 1.5222356141834443 1.527704711417033 1.536770608330391 1.5458365052437646 1.5549024021571225 1.5639682990704806 1.5730341959838388 1.5821000928971967 1.5911659898105548 1.600231886723913 1.6092977836372708 1.618363680550629 1.627429577463987 1.6364954743773452 1.6455613712907031 1.6546272682040613 1.6636931651174347 1.6727590620307928 1.681824958944151 1.6908908558575089 1.699956752770867 1.7090226496842251 1.718088546597583 1.7271544435109412 1.7362203404242993 1.7452862373376574 1.7543521342510153 1.7634180311643735 1.7724839280777316 1.781549824991105 1.7906157219044632
1.485526137831976 1.487774652517649 1.4900231672033222 1.492271681888999 1.4945201965746722 1.4967687112603452 1.4990172259460184 1.5012657406316914 1.5035142553173646 1.5057627700030376 1.5080112846887106 1.5102597993743838 1.5125083140600568 1.51475682874573 1.520351985178818 1.5295247773114702 1.538697569444138 1.5478703615767901 1.5570431537094422 1.5662159458420943 1.5753887379747464 1.5845615301073985 1.5937343222400506 1.602907114372703 1.612079906505355 1.6212526986380071 1.6304254907706592 1.6395982829033113 1.6487710750359634 1.6579438671686313 1.6671166593012834 1.6762894514339355 1.6854622435665876 1.6946350356992397 1.7038078278318918 1.7129806199645439 1.722153412097196 1.7313262042298483 1.7404989963625004 1.7496717884951525 1.7588445806278046 1.7680173727604567 1.7771901648931245 1.7863629570257766
1.4761755365208702 1.4785680370429584 1.4809605375650468 1.4833530380871391 1.4857455386092273 1.4881380391313157 1.4905305396534039 1.4929230401754923 1.4953155406975807 1.4977080412196688 1.5001005417417572 1.5024930422638454 1.5048855427859338 1.507278043308022 1.5129992589406098 1.522278946292556 1.5315586336445177 1.5408383209964638 1.5501180083484098 1.559397695700356 1.5686773830523022 1.5779570704042483 1.5872367577561943 1.5965164451081404 1.6057961324600865 1.6150758198120325 1.6243555071639786 1.6336351945159246 1.642914881867871 1.6521945692198328 1.6614742565717788 1.670753943923725 1.680033631275671 1.689313318627617 1.6985930059795633 1.7078726933315094 1.7171523806834554 1.7264320680354015 1.7357117553873476 1.7449914427392936 1.7542711300912397 1.763550817443186 1.7728305047951478 1.7821101921470939
1.4668249352097644 1.4693614215682678 1.4718979079267713 1.4744343942852791 1.4769708806437827 1.479507367002286 1.4820438533607896 1.484580339719293 1.4871168260777965 1.4896533124363 1.4921897987948034 1.494726285153307 1.4972627715118103 1.4997992578703139 1.5056465327024011 1.5150331152736412 1.5244196978448972 1.5338062804161372 1.5431928629873775 1.5525794455586175 1.5619660281298575 1.5713526107010976 1.5807391932723376 1.5901257758435776 1.5995123584148176 1.608898940986058 1.618285523557298 1.627672106128538 1.637058688699778 1.646445271271034 1.655831853842274 1.665218436413514 1.6746050189847543 1.6839916015559944 1.6933781841272344 1.7027647666984744 1.7121513492697145 1.7215379318409545 1.7309245144121945 1.7403110969834348 1.7496976795546748 1.7590842621259148 1.7684708446971709 1.777857427268411
1.4574743338986584 1.4601548060935772 1.462835278288496 1.465515750483419 1.4681962226783378 1.4708766948732563 1.473557167068175 1.4762376392630938 1.4789181114580123 1.481598583652931 1.4842790558478498 1.4869595280427683 1.489640000237687 1.4923204724326058 1.4982938064641924 1.5077872842547264 1.5172807620452766 1.5267742398358108 1.5362677176263448 1.5457611954168788 1.5552546732074128 1.5647481509979468 1.5742416287884808 1.583735106579015 1.593228584369549 1.602722062160083 1.612215539950617 1.621709017741151 1.631202495531685 1.6406959733222353 1.6501894511127695 1.6596829289033035 1.6691764066938375 1.6786698844843715 1.6881633622749055 1.6976568400654395 1.7071503178559735 1.7166437956465077 1.7261372734370417 1.7356307512275757 1.7451242290181097 1.7546177068086437 1.764111184599194 1.7736046623897281
1.4481237325875527 1.4509481906188866 1.4537726486502205 1.456597106681559 1.459421564712893 1.4622460227442269 1.4650704807755606 1.4678949388068945 1.4707193968382284 1.473543854869562 1.476368312900896 1.47919277093223 1.4820172289635638 1.4848416869948975 1.490941080225984 1.500541453235812 1.5101418262456563 1.5197421992554843 1.5293425722653122 1.5389429452751402 1.5485433182849684 1.5581436912947964 1.5677440643046243 1.5773444373144523 1.5869448103242803 1.5965451833341084 1.6061455563439364 1.6157459293537644 1.6253463023635923 1.6349466753734367 1.6445470483832647 1.654147421393093 1.6637477944029209 1.6733481674127488 1.6829485404225768 1.6925489134324048 1.702149286442233 1.711749659452061 1.721350032461889 1.7309504054717169 1.7405507784815448 1.750151151491373 1.7597515245012172 1.7693518975110454
1.438773131276447 1.441741575144196 1.444710019011945 1.4476784628796993 1.4506469067474481 1.4536153506151972 1.4565837944829463 1.4595522383506954 1.4625206822184444 1.4654891260861935 1.4684575699539424 1.4714260138216915 1.4743944576894406 1.4773629015571896 1.4835883539877754 1.4932956222168974 1.503002890446036 1.512710158675158 1.5224174269042798 1.5321246951334018 1.541831963362524 1.5515392315916459 1.5612464998207678 1.5709537680498897 1.5806610362790117 1.5903683045081338 1.6000755727372558 1.6097828409663777 1.6194901091954996 1.6291973774246382 1.6389046456537602 1.648611913882882 1.658319182112004 1.668026450341126 1.6777337185702481 1.68744098679937 1.697148255028492 1.706855523257614 1.7165627914867359 1.726270059715858 1.73597732794498 1.7456845961741019 1.7553918644032405 1.7650991326323624
1.4294225299653411 1.4325349596695054 1.4356473893736696 1.4387598190778392 1.4418722487820035 1.4449846784861677 1.448097108190332 1.451209537894496 1.4543219675986603 1.4574343973028245 1.4605468270069888 1.463659256711153 1.4667716864153173 1.4698841161194816 1.4762356277495667 1.4860497911979829 1.4958639546464154 1.5056781180948313 1.5154922815432474 1.5253064449916633 1.5351206084400792 1.5449347718884952 1.554748935336911 1.5645630987853272 1.574377262233743 1.584191425682159 1.5940055891305749 1.6038197525789908 1.613633916027407 1.6234480794758395 1.6332622429242554 1.6430764063726713 1.6528905698210874 1.6627047332695033 1.6725188967179192 1.682333060166335 1.692147223614751 1.7019613870631671 1.711775550511583 1.721589713959999 1.7314038774084148 1.7412180408568307 1.7510322043052635 1.7608463677536794
1.4200719286542274 1.423328344194807 1.4265847597353865 1.4298411752759717 1.433097590816551 1.4363540063571307 1.4396104218977102 1.4428668374382898 1.4461232529788692 1.4493796685194489 1.4526360840600283 1.455892499600608 1.4591489151411874 1.462405330681767 1.468882901511352 1.4788039601790621 1.4887250188467889 1.498646077514499 1.508567136182209 1.518488194849919 1.528409253517629 1.538330312185339 1.548251370853049 1.558172429520759 1.5680934881884692 1.578014546856179 1.5879356055238891 1.5978566641915992 1.607777722859309 1.617698781527036 1.6276198401947461 1.637540898862456 1.647461957530166 1.6573830161978762 1.667304074865586 1.6772251335332962 1.687146192201006 1.6970672508687161 1.7069883095364262 1.716909368204136 1.7268304268718462 1.7367514855395563 1.746672544207283 1.756593602874993
1.4107213273431216 1.4141217287201164 1.417522130097111 1.4209225314741116 1.4243229328511064 1.427723334228101 1.4311237356050959 1.4345241369820905 1.4379245383590853 1.44132493973608 1.4447253411130747 1.4481257424900695 1.4515261438670641 1.454926545244059 1.4615301752731433 1.4715581291601474 1.4815860830471685 1.4916140369341724 1.5016419908211764 1.5116699447081805 1.5216978985951843 1.5317258524821884 1.5417538063691925 1.5517817602561963 1.5618097141432004 1.5718376680302044 1.5818656219172083 1.5918935758042123 1.6019215296912162 1.6119494835782373 1.6219774374652414 1.6320053913522452 1.6420333452392493 1.6520612991262533 1.6620892530132572 1.6721172069002612 1.6821451607872653 1.6921731146742691 1.7022010685612732 1.7122290224482772 1.722256976335281 1.7322849302222851 1.7423128841093063 1.7523408379963101
1.4013707260320158 1.4049151132454256 1.4084595004588356 1.4120038876722516 1.4155482748856616 1.4190926620990714 1.4226370493124814 1.4261814365258911 1.4297258237393011 1.4332702109527111 1.436814598166121 1.4403589853795309 1.4439033725929409 1.4474477598063507 1.4541774490349348 1.4643122981412326 1.474447147247548 1.484581996353846 1.4947168454601438 1.5048516945664419 1.5149865436727397 1.5251213927790377 1.5352562418853357 1.5453910909916337 1.5555259400979315 1.5656607892042296 1.5757956383105274 1.5859304874168254 1.5960653365231234 1.6062001856294386 1.6163350347357366 1.6264698838420346 1.6366047329483324 1.6467395820546304 1.6568744311609285 1.6670092802672263 1.6771441293735243 1.6872789784798223 1.6974138275861201 1.7075486766924182 1.7176835257987162 1.7278183749050142 1.7379532240113293 1.7480880731176272
1.39202012472091 1.3957084977707352 1.3993968708205604 1.4030852438703918 1.406773616920217 1.410461989970042 1.414150363019867 1.4178387360696922 1.4215271091195172 1.4252154821693424 1.4289038552191675 1.4325922282689927 1.4362806013188176 1.4399689743686428 1.4468247227967264 1.4570664671223184 1.4673082114479277 1.4775499557735197 1.4877917000991114 1.4980334444247034 1.5082751887502954 1.5185169330758872 1.5287586774014792 1.5390004217270712 1.5492421660526632 1.559483910378255 1.569725654703847 1.579967399029439 1.5902091433550307 1.6004508876806403 1.610692632006232 1.620934376331824 1.631176120657416 1.6414178649830078 1.6516596093085998 1.6619013536341918 1.6721430979597836 1.6823848422853755 1.6926265866109675 1.7028683309365595 1.7131100752621513 1.7233518195877433 1.7335935639133526 1.7438353082389446
1.3826695234098043 1.3865018822960447 1.3903342411822848 1.3941666000685318 1.3979989589547719 1.4018313178410122 1.4056636767272526 1.409496035613493 1.4133283944997332 1.4171607533859734 1.4209931122722137 1.424825471158454 1.4286578300446944 1.4324901889309347 1.4394719965585177 1.4498206361034036 1.4601692756483071 1.470517915193193 1.480866554738079 1.4912151942829648 1.5015638338278507 1.5119124733727367 1.5222611129176224 1.5326097524625084 1.5429583920073944 1.5533070315522803 1.563655671097166 1.574004310642052 1.584352950186938 1.5947015897318415 1.6050502292767272 1.6153988688216132 1.6257475083664992 1.6360961479113851 1.6464447874562709 1.6567934270011568 1.6671420665460428 1.6774907060909285 1.6878393456358145 1.6981879851807005 1.7085366247255864 1.7188852642704722 1.7292339038153757 1.7395825433602616
1.3733189220986985 1.377295266821354 1.3812716115440096 1.3852479562666717 1.3892243009893273 1.3932006457119828 1.397176990434638 1.4011533351572936 1.405129679879949 1.4091060246026046 1.41308236932526 1.4170587140479156 1.421035058770571 1.4250114034932264 1.4321192703203092 1.4425748050844889 1.4530303398486866 1.4634858746128665 1.4739414093770464 1.4843969441412264 1.494852478905406 1.505308013669586 1.515763548433766 1.5262190831979456 1.5366746179621256 1.5471301527263055 1.5575856874904854 1.5680412222546651 1.578496757018845 1.5889522917830428 1.5994078265472227 1.6098633613114024 1.6203188960755823 1.6307744308397623 1.6412299656039422 1.651685500368122 1.6621410351323018 1.6725965698964818 1.6830521046606615 1.6935076394248414 1.7039631741890213 1.7144187089532013 1.724874243717399 1.7353297784815787
1.3639683207875848 1.3680886513466557 1.3722089819057264 1.3763293124648042 1.380449643023875 1.3845699735829458 1.3886903041420164 1.3928106347010873 1.396930965260158 1.401051295819229 1.4051716263782996 1.4092919569373705 1.4134122874964412 1.4175326180555121 1.4247665440820942 1.4353289740655684 1.4458914040490602 1.4564538340325341 1.467016264016008 1.477578693999482 1.4881411239829558 1.49870355396643 1.5092659839499039 1.5198284139333778 1.5303908439168517 1.5409532739003255 1.5515157038837994 1.5620781338672733 1.5726405638507475 1.5832029938342393 1.5937654238177132 1.6043278538011871 1.614890283784661 1.625452713768135 1.636015143751609 1.646577573735083 1.6571400037185569 1.6677024337020308 1.6782648636855046 1.6888272936689788 1.6993897236524527 1.7099521536359266 1.7205145836194184 1.7310770136028923
1.354617719476479 1.3588820358719649 1.363146352267451 1.3674106686629441 1.3716749850584302 1.375939301453916 1.3802036178494022 1.384467934244888 1.388732250640374 1.39299656703586 1.397260883431346 1.4015251998268319 1.405789516222318 1.4100538326178038 1.4174138178438858 1.4280831430466536 1.4387524682494397 1.4494217934522076 1.4600911186549754 1.4707604438577435 1.4814297690605114 1.4920990942632792 1.5027684194660471 1.513437744668815 1.5241070698715828 1.534776395074351 1.5454457202771188 1.5561150454798867 1.5667843706826545 1.5774536958854406 1.5881230210882085 1.5987923462909763 1.6094616714937444 1.6201309966965123 1.6308003218992801 1.641469647102048 1.6521389723048159 1.662808297507584 1.6734776227103518 1.6841469479131197 1.6948162731158876 1.7054855983186554 1.7161549235214415 1.7268242487242094
1.3452671181653733 1.3496754203972745 1.3540837226291758 1.3584920248610843 1.3629003270929856 1.3673086293248866 1.3717169315567879 1.376125233788689 1.3805335360205901 1.3849418382524914 1.3893501404843924 1.3937584427162937 1.3981667449481947 1.402575047180096 1.4100610916056773 1.420837312027739 1.4316135324498194 1.4423897528718812 1.453165973293943 1.463942193716005 1.474718414138067 1.4854946345601288 1.4962708549821906 1.5070470754042524 1.5178232958263143 1.5285995162483763 1.5393757366704381 1.5501519570925 1.5609281775145618 1.571704397936642 1.582480618358704 1.5932568387807657 1.6040330592028276 1.6148092796248896 1.6255855000469515 1.6363617204690133 1.6471379408910751 1.657914161313137 1.6686903817351988 1.6794666021572606 1.6902428225793225 1.7010190430013845 1.7117952634234648 1.7225714838455266
