Figures/CREST_Example_wjb_NSE/PETs/wjb.pet.20100420.asc
ncols            288
nrows            254
xllcorner        113.274861
yllcorner        31.4918055
cellsize         0.008333333333
NODATA_value     -9999
[rows 133 to 151 of 254, columns 132 to 175 of 288]
0.8912944697451337 0.892779923710993 0.8942653776768522 0.8957508316427115 0.8972362856085707 0.89872173957443 0.9002071935402893 0.9016926475061485 0.9031781014720078 0.904663555437867 0.9061490094037263 0.9076344633695881 0.9091199173354473 0.9106053713013066 0.9120908252671658 0.9135762792330251 0.9150617331988844 0.9165471871647436 0.9180326411306029 0.9195180950964621 0.9210035490623214 0.9224890030281806 0.9239744569940399 0.9254599109598991 0.9269453649257609 0.9284308188916202 0.9299162728574795 0.9314017268233387 0.932887180789198 0.9343726347550572 0.9357364925590093 0.9369703613151988 0.9382042300713884 0.939438098827578 0.9406719675837676 0.9419058363399572 0.9431397050961468 0.9443735738523384 0.9456074426085279 0.9468413113647175 0.9480751801209071 0.9493090488770967 0.9505429176332862 0.9517767863894758
0.8903982378145577 0.8916141331611276 0.8928300285076974 0.8940459238542673 0.8952618192008371 0.896477714547407 0.8976936098939768 0.8989095052405467 0.9001254005871165 0.9013412959336863 0.9025571912802561 0.9037730866268281 0.9049889819733979 0.9062048773199678 0.9074207726665376 0.9086366680131074 0.9098525633596772 0.9110684587062471 0.9122843540528169 0.9135002493993868 0.9147161447459566 0.9159320400925265 0.9171479354390963 0.9183638307856662 0.919579726132238 0.9207956214788079 0.9220115168253777 0.9232274121719476 0.9244433075185174 0.9256592028650873 0.92706121685411 0.928662195882192 0.9302631749102739 0.9318641539383559 0.9334651329664378 0.9350661119945198 0.9366670910226017 0.9382680700506865 0.9398690490787684 0.9414700281068503 0.9430710071349323 0.9446719861630143 0.9462729651910963 0.9478739442191783
0.8895020058839818 0.8904483426112622 0.8913946793385426 0.892341016065823 0.8932873527931035 0.8942336895203838 0.8951800262476642 0.8961263629749447 0.8970726997022251 0.8980190364295055 0.8989653731567859 0.899911709884068 0.9008580466113485 0.9018043833386289 0.9027507200659093 0.9036970567931897 0.9046433935204702 0.9055897302477506 0.906536066975031 0.9074824037023115 0.9084287404295919 0.9093750771568723 0.9103214138841528 0.9112677506114332 0.9122140873387152 0.9131604240659956 0.914106760793276 0.9150530975205565 0.9159994342478369 0.9169457709751173 0.9183859411492107 0.9203540304491851 0.9223221197491595 0.9242902090491337 0.9262582983491081 0.9282263876490825 0.9301944769490568 0.9321625662490345 0.9341306555490089 0.9360987448489833 0.9380668341489575 0.9400349234489319 0.9420030127489063 0.9439711020488806
0.8886057739534058 0.8892825520613967 0.8899593301693878 0.8906361082773788 0.8913128863853698 0.8919896644933608 0.8926664426013519 0.8933432207093428 0.8940199988173338 0.8946967769253249 0.8953735550333158 0.896050333141308 0.896727111249299 0.8974038893572901 0.898080667465281 0.8987574455732721 0.8994342236812631 0.9001110017892541 0.9007877798972451 0.9014645580052362 0.9021413361132271 0.9028181142212182 0.9034948923292092 0.9041716704372001 0.9048484485451923 0.9055252266531834 0.9062020047611744 0.9068787828691653 0.9075555609771564 0.9082323390851474 0.9097106654443115 0.9120458650161781 0.9143810645880449 0.9167162641599116 0.9190514637317784 0.921386663303645 0.9237218628755118 0.9260570624473825 0.9283922620192493 0.930727461591116 0.9330626611629828 0.9353978607348494 0.9377330603067162 0.9400682598785829
0.887709542022829 0.8881167615115304 0.8885239810002318 0.8889312004889331 0.8893384199776345 0.8897456394663358 0.8901528589550372 0.8905600784437385 0.8909672979324399 0.8913745174211413 0.8917817369098426 0.8921889563985448 0.8925961758872462 0.8930033953759475 0.8934106148646488 0.8938178343533502 0.8942250538420515 0.8946322733307529 0.8950394928194543 0.8954467123081556 0.895853931796857 0.8962611512855584 0.8966683707742598 0.8970755902629611 0.8974828097516632 0.8978900292403645 0.8982972487290659 0.8987044682177673 0.8991116877064687 0.89951890719517 0.9010353897394048 0.9037376995831642 0.9064400094269236 0.9091423192706831 0.9118446291144425 0.9145469389582019 0.9172492488019613 0.9199515586457254 0.9226538684894848 0.9253561783332442 0.9280584881770036 0.9307607980207632 0.9334631078645226 0.936165417708282
0.886813310092253 0.8869509709616649 0.8870886318310768 0.8872262927004888 0.8873639535699007 0.8875016144393126 0.8876392753087247 0.8877769361781366 0.8879145970475485 0.8880522579169605 0.8881899187863724 0.8883275796557847 0.8884652405251966 0.8886029013946085 0.8887405622640205 0.8888782231334325 0.8890158840028444 0.8891535448722564 0.8892912057416683 0.8894288666110802 0.8895665274804923 0.8897041883499042 0.8898418492193161 0.8899795100887281 0.8901171709581402 0.8902548318275522 0.8903924926969642 0.8905301535663761 0.890667814435788 0.8908054753052 0.8923601140345054 0.8954295341501572 0.8984989542658091 0.9015683743814609 0.9046377944971127 0.9077072146127645 0.9107766347284163 0.9138460548440733 0.9169154749597253 0.9199848950753771 0.9230543151910289 0.9261237353066807 0.9291931554223325 0.9322625755379843
0.885917078161677 0.8857851804117994 0.885653282661922 0.8855213849120446 0.8853894871621671 0.8852575894122896 0.8851256916624122 0.8849937939125347 0.8848618961626572 0.8847299984127798 0.8845981006629023 0.8844662029130247 0.8843343051631471 0.8842024074132697 0.8840705096633923 0.8839386119135147 0.8838067141636373 0.8836748164137599 0.8835429186638825 0.8834110209140049 0.8832791231641275 0.8831472254142501 0.8830153276643725 0.8828834299144951 0.8827515321646174 0.8826196344147399 0.8824877366648625 0.882355838914985 0.8822239411651076 0.8820920434152301 0.8836848383296061 0.8871213687171503 0.8905578991046945 0.8939944294922387 0.8974309598797829 0.9008674902673272 0.9043040206548714 0.9077405510424215 0.9111770814299656 0.9146136118175098 0.918050142205054 0.9214866725925982 0.9249232029801424 0.9283597333676866
0.885020846231101 0.8846193898619341 0.8842179334927672 0.8838164771236003 0.8834150207544335 0.8830135643852666 0.8826121080160997 0.8822106516469328 0.8818091952777659 0.8814077389085991 0.8810062825394323 0.8806048261702647 0.8802033698010978 0.8798019134319309 0.879400457062764 0.8789990006935972 0.8785975443244303 0.8781960879552634 0.8777946315860965 0.8773931752169296 0.8769917188477627 0.8765902624785958 0.876188806109429 0.8757873497402622 0.8753858933710945 0.8749844370019277 0.8745829806327609 0.874181524263594 0.8737800678944271 0.8733786115252602 0.8750095626247069 0.8788132032841435 0.8826168439435801 0.8864204846030166 0.8902241252624532 0.8940277659218898 0.8978314065813264 0.9016350472407695 0.9054386879002061 0.9092423285596427 0.9130459692190792 0.9168496098785158 0.9206532505379524 0.924456891197389
0.8841246143005249 0.8834535993120686 0.8827825843236123 0.882111569335156 0.8814405543466998 0.8807695393582434 0.8800985243697872 0.8794275093813309 0.8787564943928745 0.8780854794044183 0.8774144644159619 0.8767434494275046 0.8760724344390483 0.8754014194505919 0.8747304044621357 0.8740593894736793 0.8733883744852231 0.8727173594967668 0.8720463445083105 0.8713753295198542 0.870704314531398 0.8700332995429416 0.8693622845544854 0.868691269566029 0.8680202545775716 0.8673492395891154 0.866678224600659 0.8660072096122027 0.8653361946237464 0.8646651796352901 0.8663342869198075 0.8705050378511364 0.8746757887824654 0.8788465397137945 0.8830172906451234 0.8871880415764524 0.8913587925077814 0.8955295434391175 0.8997002943704464 0.9038710453017754 0.9080417962331044 0.9122125471644333 0.9163832980957624 0.9205540490270914
0.8832283823699489 0.8822878087622033 0.8813472351544576 0.8804066615467118 0.8794660879389661 0.8785255143312204 0.8775849407234747 0.876644367115729 0.8757037935079832 0.8747632199002375 0.8738226462924918 0.8728820726847446 0.8719414990769988 0.8710009254692531 0.8700603518615074 0.8691197782537617 0.8681792046460161 0.8672386310382703 0.8662980574305246 0.8653574838227789 0.8644169102150332 0.8634763366072875 0.8625357629995418 0.861595189391796 0.8606546157840488 0.8597140421763031 0.8587734685685573 0.8578328949608116 0.8568923213530659 0.8559517477453202 0.8576590112149082 0.8621968724181296 0.8667347336213509 0.8712725948245723 0.8758104560277937 0.880348317231015 0.8848861784342364 0.8894240396374655 0.8939619008406868 0.8984997620439082 0.9030376232471297 0.907575484450351 0.9121133456535724 0.9166512068567937
0.882332150439373 0.8811220182123378 0.8799118859853027 0.8787017537582676 0.8774916215312325 0.8762814893041974 0.8750713570771622 0.8738612248501271 0.872651092623092 0.8714409603960569 0.8702308281690218 0.8690206959419846 0.8678105637149495 0.8666004314879143 0.8653902992608792 0.864180167033844 0.862970034806809 0.8617599025797739 0.8605497703527387 0.8593396381257036 0.8581295058986684 0.8569193736716333 0.8557092414445983 0.8544991092175631 0.8532889769905259 0.8520788447634908 0.8508687125364557 0.8496585803094205 0.8484484480823854 0.8472383158553503 0.8489837355100089 0.8538887069851226 0.8587936784602365 0.8636986499353502 0.868603621410464 0.8735085928855777 0.8784135643606914 0.8833185358358135 0.8882235073109274 0.8931284787860411 0.8980334502611549 0.9029384217362686 0.9078433932113823 0.9127483646864961
0.8814359185087961 0.8799562276624714 0.8784765368161466 0.8769968459698219 0.875517155123497 0.8740374642771723 0.8725577734308475 0.8710780825845228 0.869598391738198 0.8681187008918733 0.8666390100455484 0.8651593191992212 0.8636796283528965 0.8621999375065716 0.8607202466602469 0.8592405558139221 0.8577608649675974 0.8562811741212726 0.8548014832749479 0.853321792428623 0.8518421015822983 0.8503624107359735 0.8488827198896488 0.8474030290433241 0.8459233381969967 0.844443647350672 0.8429639565043472 0.8414842656580225 0.8400045748116978 0.838524883965373 0.8403084598051023 0.8455805415521087 0.8508526232991152 0.8561247050461216 0.861396786793128 0.8666688685401345 0.8719409502871409 0.8772130320341565 0.8824851137811629 0.8877571955281693 0.8930292772751758 0.8983013590221822 0.9035734407691887 0.9088455225161951
0.8805396865782201 0.878790437112606 0.8770411876469918 0.8752919381813776 0.8735426887157635 0.8717934392501492 0.870044189784535 0.8682949403189208 0.8665456908533067 0.8647964413876925 0.8630471919220783 0.8612979424564612 0.859548692990847 0.8577994435252329 0.8560501940596186 0.8543009445940044 0.8525516951283902 0.8508024456627761 0.8490531961971619 0.8473039467315477 0.8455546972659336 0.8438054478003194 0.8420561983347051 0.840306948869091 0.8385576994034738 0.8368084499378596 0.8350592004722455 0.8333099510066313 0.8315607015410171 0.829811452075403 0.8316331841002029 0.8372723761191018 0.8429115681380006 0.8485507601568995 0.8541899521757983 0.8598291441946971 0.865468336213596 0.8711075282325044 0.8767467202514032 0.882385912270302 0.8880251042892009 0.8936642963080997 0.8993034883269986 0.9049426803458974
0.8796434546476442 0.8776246465627405 0.875605838477837 0.8735870303929334 0.8715682223080298 0.8695494142231261 0.8675306061382226 0.865511798053319 0.8634929899684154 0.8614741818835118 0.8594553737986083 0.8574365657137012 0.8554177576287976 0.853398949543894 0.8513801414589903 0.8493613333740868 0.8473425252891832 0.8453237172042796 0.8433049091193761 0.8412861010344724 0.8392672929495688 0.8372484848646652 0.8352296767797616 0.833210868694858 0.831192060609951 0.8291732525250474 0.8271544444401437 0.8251356363552402 0.8231168282703366 0.821098020185433 0.8229579083953036 0.8289642106860948 0.8349705129768861 0.8409768152676773 0.8469831175584686 0.8529894198492597 0.8589957221400509 0.8650020244308524 0.8710083267216436 0.8770146290124349 0.8830209313032261 0.8890272335940173 0.8950335358848085 0.9010398381755997
0.8787472227170681 0.8764588560128751 0.874170489308682 0.871882122604489 0.8695937559002961 0.867305389196103 0.86501702249191 0.8627286557877171 0.860440289083524 0.858151922379331 0.855863555675138 0.8535751889709411 0.8512868222667481 0.848998455562555 0.8467100888583621 0.8444217221541691 0.842133355449976 0.8398449887457831 0.8375566220415901 0.835268255337397 0.832979888633204 0.8306915219290111 0.828403155224818 0.826114788520625 0.8238264218164281 0.8215380551122351 0.8192496884080421 0.816961321703849 0.8146729549996561 0.8123845882954631 0.8142826326904044 0.820656045253088 0.8270294578157715 0.8334028703784552 0.8397762829411388 0.8461496955038224 0.852523108066506 0.8588965206292005 0.865269933191884 0.8716433457545677 0.8780167583172513 0.8843901708799349 0.8907635834426185 0.8971369960053022
0.871663421545631 0.8692911983995739 0.8669189752535168 0.8645467521074597 0.8621745289614026 0.8598023058153454 0.8574300826692883 0.8550578595232312 0.8526856363771741 0.850313413231117 0.8479411900850599 0.8455689669389987 0.8431967437929416 0.8408245206468845 0.8384522975008274 0.8360800743547703 0.8337078512087132 0.831335628062656 0.8289634049165989 0.8265911817705418 0.8242189586244847 0.8218467354784276 0.8194745123323705 0.8171022891863133 0.8147300660402522 0.8123578428941951 0.809985619748138 0.8076133966020809 0.8052411734560238 0.8028689503099666 0.8047598982424862 0.8112082724971955 0.817656646751905 0.8241050210066143 0.8305533952613237 0.8370017695160331 0.8434501437707425 0.8498985180254628 0.8563468922801722 0.8627952665348816 0.8692436407895909 0.8756920150443003 0.8821403892990097 0.8885887635537191
0.8579654989074894 0.8557079232409484 0.8534503475744074 0.8511927719078664 0.8489351962413254 0.8466776205747844 0.8444200449082434 0.8421624692417023 0.8399048935751614 0.8376473179086203 0.8353897422420794 0.8331321665755345 0.8308745909089935 0.8286170152424525 0.8263594395759115 0.8241018639093705 0.8218442882428295 0.8195867125762885 0.8173291369097475 0.8150715612432065 0.8128139855766655 0.8105564099101245 0.8082988342435835 0.8060412585770425 0.8037836829104976 0.8015261072439566 0.7992685315774156 0.7970109559108746 0.7947533802443336 0.7924958045777926 0.794331283820356 0.8005423313516659 0.8067533788829756 0.8129644264142855 0.8191754739455952 0.825386521476905 0.8315975690082148 0.8378086165395352 0.8440196640708449 0.8502307116021548 0.8564417591334645 0.8626528066647744 0.8688638541960841 0.875074901727394
0.844267576269336 0.8421246480823112 0.8399817198952865 0.8378387917082617 0.8356958635212368 0.833552935334212 0.8314100071471873 0.8292670789601625 0.8271241507731377 0.824981222586113 0.8228382943990881 0.8206953662120596 0.8185524380250349 0.8164095098380101 0.8142665816509853 0.8121236534639605 0.8099807252769358 0.8078377970899109 0.8056948689028861 0.8035519407158613 0.8014090125288366 0.7992660843418118 0.797123156154787 0.7949802279677622 0.7928372997807337 0.7906943715937089 0.7885514434066841 0.7864085152196594 0.7842655870326346 0.7821226588456098 0.7839026693982171 0.7898763902061271 0.795850111014037 0.801823831821947 0.8077975526298571 0.8137712734377671 0.8197449942456771 0.8257187150535973 0.8316924358615073 0.8376661566694173 0.8436398774773273 0.8496135982852373 0.8555873190931473 0.8615610399010574
0.8305696536311945 0.8285413729236858 0.8265130922161771 0.8244848115086685 0.8224565308011598 0.8204282500936511 0.8183999693861423 0.8163716886786337 0.814343407971125 0.8123151272636163 0.8102868465561076 0.8082585658485955 0.8062302851410869 0.8042020044335781 0.8021737237260694 0.8001454430185607 0.7981171623110521 0.7960888816035434 0.7940606008960347 0.792032320188526 0.7900040394810173 0.7879757587735087 0.785947478066 0.7839191973584912 0.7818909166509791 0.7798626359434704 0.7778343552359618 0.7758060745284531 0.7737777938209444 0.7717495131134356 0.7734740549760868 0.7792104490605972 0.7849468431451077 0.7906832372296181 0.7964196313141285 0.802156025398639 0.8078924194831494 0.8136288135676696 0.81936520765218 0.8251016017366904 0.8308379958212009 0.8365743899057113 0.8423107839902217 0.8480471780747322
