Figures/CREST_Example_wjb_NSE/PETs/wjb.pet.20090520.asc
ncols            288
nrows            254
xllcorner        113.274861
yllcorner        31.4918055
cellsize         0.008333333333
NODATA_value     -9999
[rows 100 to 119 of 254, columns 44 to 87 of 288]
2.99422322139519 2.979643801422348 2.9650643814495052 2.9504849614766626 2.9359055415038204 2.921326121530978 2.9067467015581356 2.892167281585293 2.8775878616124255 2.8630084416395833 2.8484290216667407 2.833849601693898 2.819270181721056 2.8046907617482133 2.790111341775371 2.7755319218025285 2.760952501829686 2.7463730818568437 2.731793661884001 2.717214241911159 2.7026348219383163 2.688055401965449 2.6734759819926066 2.658896562019764 2.644317142046922 2.629737722074079 2.6151583021012366 2.6005788821283944 2.5856278547598457 2.570279570684709 2.554931286609573 2.539583002534436 2.5242347184592995 2.508886434384163 2.4935381503090004 2.4781898662338637 2.462841582158727 2.447493298083591 2.432145014008454 2.4167967299333175 2.401448445858181 2.3861001617830446 2.370751877707908 2.3554035936327713
2.9848530376673184 2.970400284191211 2.9559475307151044 2.941494777238997 2.9270420237628905 2.9125892702867833 2.898136516810676 2.8836837633345693 2.8692310098584377 2.8547782563823305 2.8403255029062233 2.8258727494301166 2.8114199959540094 2.7969672424779026 2.7825144890017954 2.7680617355256887 2.7536089820495815 2.7391562285734743 2.7247034750973675 2.7102507216212604 2.695797968145153 2.6813452146690215 2.666892461192915 2.6524397077168076 2.6379869542407004 2.6235342007645936 2.6090814472884865 2.5946286938123797 2.579780166503514 2.564508548020543 2.549236929537572 2.533965311054601 2.51869369257163 2.5034220740886592 2.488150455605662 2.4728788371226913 2.4576072186397204 2.4423356001567496 2.4270639816737782 2.4117923631908074 2.3965207447078365 2.3812491262248656 2.3659775077418947 2.350705889258924
2.9754828539394467 2.9611567669600753 2.9468306799807036 2.932504593001332 2.9181785060219605 2.9038524190425887 2.8895263320632174 2.8752002450838456 2.8608741581044494 2.846548071125078 2.8322219841457064 2.8178958971663346 2.8035698101869633 2.7892437232075915 2.7749176362282197 2.7605915492488484 2.7462654622694767 2.731939375290105 2.7176132883107336 2.703287201331362 2.68896111435199 2.6746350273725943 2.6603089403932225 2.6459828534138508 2.6316567664344794 2.6173306794551077 2.6030045924757363 2.5886785054963646 2.5739324782471815 2.5587375253563764 2.543542572465571 2.5283476195747654 2.5131526666839603 2.497957713793155 2.4827627609023235 2.4675678080115184 2.452372855120713 2.437177902229908 2.4219829493391023 2.4067879964482968 2.3915930435574917 2.376398090666686 2.361203137775881 2.3460081848850756
2.966112670211575 2.9519132497289386 2.9377138292463028 2.9235144087636664 2.9093149882810305 2.895115567798394 2.880916147315758 2.866716726833122 2.852517306350461 2.8383178858678253 2.824118465385189 2.809919044902553 2.7957196244199167 2.7815202039372804 2.7673207834546445 2.753121362972008 2.7389219424893723 2.724722522006736 2.7105231015240996 2.6963236810414637 2.6821242605588274 2.667924840076167 2.6537254195935307 2.6395259991108944 2.6253265786282585 2.611127158145622 2.5969277376629862 2.58272831718035 2.56808478999085 2.55296650269221 2.5378482153935704 2.5227299280949307 2.507611640796291 2.4924933534976508 2.4773750661989853 2.4622567789003456 2.447138491601706 2.432020204303066 2.4169019170044264 2.4017836297057866 2.386665342407147 2.371547055108507 2.3564287678098674 2.3413104805112277
2.9567424864837033 2.9426697324978024 2.9285969785119015 2.914524224526001 2.9004514705401 2.886378716554199 2.8723059625682987 2.858233208582398 2.844160454596473 2.8300877006105725 2.8160149466246716 2.801942192638771 2.78786943865287 2.7737966846669693 2.759723930681069 2.745651176695168 2.731578422709267 2.7175056687233665 2.7034329147374656 2.6893601607515647 2.6752874067656642 2.6612146527797393 2.6471418987938384 2.633069144807938 2.618996390822037 2.604923636836136 2.5908508828502357 2.5767781288643348 2.5622371017345174 2.5471954800280434 2.532153858321569 2.517112236615095 2.5020706149086207 2.4870289932021468 2.471987371495647 2.4569457497891727 2.4419041280826987 2.4268625063762244 2.4118208846697504 2.3967792629632765 2.381737641256802 2.366696019550328 2.3516543978438538 2.33661277613738
2.9473723027558236 2.933426215266658 2.919480127777493 2.905534040288328 2.8915879527991626 2.8776418653099975 2.863695777820832 2.849749690331667 2.835803602842478 2.821857515353313 2.8079114278641475 2.7939653403749825 2.7800192528858174 2.766073165396652 2.752127077907487 2.7381809904183214 2.7242349029291564 2.7102888154399913 2.696342727950826 2.682396640461661 2.6684505529724953 2.6545044654833063 2.6405583779941413 2.6266122905049762 2.6126662030158108 2.5987201155266457 2.5847740280374807 2.570827940548315 2.556389413478181 2.5414244573638722 2.5264595012495636 2.5114945451352555 2.496529589020947 2.4815646329066383 2.4665996767923044 2.451634720677996 2.4366697645636872 2.4217048084493786 2.4067398523350705 2.391774896220762 2.3768099401064533 2.3618449839921447 2.3468800278778366 2.331915071763528
2.9380021190279515 2.924182698035522 2.910363277043092 2.8965438560506622 2.8827244350582326 2.8689050140658026 2.855085593073373 2.8412661720809433 2.8274467510884898 2.81362733009606 2.79980790910363 2.7859884881112005 2.7721690671187704 2.758349646126341 2.744530225133911 2.730710804141481 2.7168913831490515 2.7030719621566215 2.689252541164192 2.6754331201717623 2.661613699179332 2.647794278186879 2.633974857194449 2.6201554362020194 2.60633601520959 2.5925165942171597 2.57869717322473 2.5648777522323 2.5505417252218483 2.5356534346997055 2.5207651441775627 2.50587685365542 2.490988563133277 2.4761002726111343 2.4612119820889657 2.446323691566823 2.43143540104468 2.4165471105225373 2.401658820000394 2.3867705294782513 2.3718822389561085 2.3569939484339657 2.342105657911823 2.32721736738968
2.9286319353000803 2.9149391808043856 2.9012464263086915 2.8875536718129973 2.8738609173173026 2.8601681628216085 2.846475408325914 2.8327826538302197 2.819089899334502 2.8053971448388078 2.791704390343113 2.778011635847419 2.7643188813517243 2.75062612685603 2.7369333723603355 2.7232406178646413 2.709547863368947 2.6958551088732525 2.6821623543775583 2.6684695998818637 2.6547768453861695 2.641084090890452 2.6273913363947576 2.613698581899063 2.600005827403369 2.586313072907674 2.57262031841198 2.558927563916286 2.5446940369655167 2.529882412035539 2.515070787105562 2.5002591621755847 2.4854475372456073 2.4706359123156303 2.4558242873856275 2.4410126624556505 2.426201037525673 2.4113894125956956 2.3965777876657186 2.381766162735741 2.3669545378057637 2.3521429128757867 2.3373312879458092 2.3225196630158322
2.919261751572208 2.9056956635732494 2.89212957557429 2.8785634875753314 2.8649973995763727 2.8514313115774135 2.8378652235784547 2.8242991355794955 2.8107330475805137 2.7971669595815545 2.7836008715825957 2.770034783583637 2.7564686955846778 2.742902607585719 2.72933651958676 2.715770431587801 2.702204343588842 2.688638255589883 2.6750721675909244 2.661506079591965 2.6479399915930064 2.634373903594024 2.6208078155950654 2.607241727596106 2.5936756395971474 2.5801095515981887 2.5665434635992295 2.5529773756002707 2.538846348709184 2.5241113893713725 2.509376430033561 2.494641470695749 2.4799065113579375 2.465171552020126 2.4504365926822893 2.435701633344477 2.4209666740066655 2.406231714668854 2.3914967553310422 2.3767617959932306 2.362026836655419 2.3472918773176072 2.3325569179797956 2.317821958641984
2.9098915678443364 2.896452146342113 2.8830127248398894 2.869573303337666 2.8561338818354423 2.842694460333219 2.8292550388309956 2.815815617328772 2.8023761958265254 2.788936774324302 2.7754973528220783 2.762057931319855 2.7486185098176312 2.735179088315408 2.7217396668131846 2.708300245310961 2.6948608238087375 2.6814214023065137 2.6679819808042904 2.654542559302067 2.6411031377998433 2.627663716297597 2.6142242947953735 2.60078487329315 2.5873454517909265 2.573906030288703 2.5604666087864794 2.547027187284256 2.5329986604528525 2.5183403667072066 2.5036820729615603 2.4890237792159144 2.474365485470268 2.4597071917246223 2.445048897978951 2.4303906042333048 2.415732310487659 2.4010740167420126 2.3864157229963667 2.3717574292507204 2.3570991355050745 2.3424408417594282 2.3277825480137824 2.313124254268136
2.900521384116465 2.887208629110977 2.873895874105489 2.8605831191000006 2.8472703640945127 2.8339576090890244 2.8206448540835365 2.8073320990780486 2.7940193440725376 2.7807065890670497 2.7673938340615614 2.7540810790560735 2.740768324050585 2.7274555690450972 2.714142814039609 2.700830059034121 2.687517304028633 2.6742045490231448 2.660891794017657 2.6475790390121685 2.6342662840066806 2.62095352900117 2.6076407739956817 2.594328018990194 2.5810152639847055 2.5677025089792176 2.5543897539737292 2.5410769989682414 2.527150972196521 2.5125693440430403 2.49798771588956 2.4834060877360793 2.4688244595825988 2.4542428314291183 2.439661203275613 2.4250795751221323 2.410497946968652 2.3959163188151713 2.381334690661691 2.3667530625082103 2.3521714343547298 2.3375898062012492 2.3230081780477687 2.308426549894288
2.891151200388585 2.8779651118798326 2.8647790233710797 2.8515929348623272 2.8384068463535748 2.8252207578448223 2.81203466933607 2.7988485808273174 2.7856624923185422 2.7724764038097898 2.759290315301037 2.7461042267922844 2.732918138283532 2.7197320497747794 2.706545961266027 2.6933598727572745 2.6801737842485216 2.666987695739769 2.6538016072310167 2.640615518722264 2.6274294302135117 2.6142433417047366 2.601057253195984 2.5878711646872317 2.574685076178479 2.5614989876697263 2.548312899160974 2.5351268106522213 2.5213032839401834 2.5067983213788687 2.492293358817554 2.477788396256239 2.463283433694924 2.4487784711336094 2.4342735085722698 2.419768546010955 2.40526358344964 2.390758620888325 2.3762536583270104 2.3617486957656957 2.3472437332043805 2.332738770643066 2.318233808081751 2.3037288455204363
2.8817810166607134 2.8687215946486964 2.8556621726366793 2.8426027506246623 2.829543328612645 2.8164839066006278 2.8034244845886107 2.7903650625765937 2.777305640564554 2.764246218552537 2.75118679654052 2.738127374528503 2.7250679525164854 2.7120085305044683 2.6989491084924513 2.6858896864804342 2.672830264468417 2.6597708424563997 2.6467114204443827 2.6336519984323656 2.6205925764203486 2.607533154408309 2.594473732396292 2.581414310384275 2.568354888372258 2.5552954663602403 2.5422360443482233 2.529176622336206 2.5154555956838514 2.501027298714702 2.4865990017455526 2.4721707047764037 2.4577424078072543 2.443314110838105 2.428885813868931 2.414457516899782 2.400029219930633 2.3856009229614834 2.3711726259923345 2.356744329023185 2.342316032054036 2.3278877350848868 2.3134594381157374 2.2990311411465885
2.8724108329328417 2.85947807741756 2.846545321902278 2.8336125663869964 2.820679810871715 2.807747055356433 2.7948142998411516 2.7818815443258695 2.768948788810566 2.756016033295284 2.7430832777800025 2.730150522264721 2.7172177667494393 2.7042850112341577 2.6913522557188756 2.678419500203594 2.6654867446883124 2.6525539891730308 2.639621233657749 2.6266884781424675 2.6137557226271855 2.6008229671118817 2.5878902115966 2.5749574560813184 2.562024700566037 2.549091945050755 2.536159189535473 2.5232264340201915 2.5096079074275193 2.4952562760505357 2.480904644673552 2.4665530132965685 2.452201381919585 2.4378497505426013 2.423498119165593 2.4091464877886093 2.3947948564116257 2.380443225034642 2.3660915936576585 2.351739962280675 2.3373883309036914 2.3230366995267078 2.308685068149724 2.2943334367727406
2.8630406492049696 2.8502345601864234 2.837428471167877 2.824622382149331 2.8118162931307844 2.799010204112238 2.786204115093692 2.773398026075146 2.760591937056578 2.7477858480380313 2.734979759019485 2.722173670000939 2.7093675809823927 2.696561491963846 2.6837554029453 2.6709493139267537 2.6581432249082075 2.6453371358896614 2.6325310468711147 2.6197249578525685 2.6069188688340224 2.5941127798154544 2.5813066907969078 2.5685006017783616 2.5556945127598154 2.542888423741269 2.530082334722723 2.5172762457041764 2.503760219171187 2.489485253386369 2.475210287601551 2.460935321816733 2.446660356031915 2.432385390247097 2.4181104244622547 2.4038354586774364 2.3895604928926186 2.3752855271078004 2.3610105613229826 2.3467355955381644 2.3324606297533466 2.3181856639685283 2.30391069818371 2.2896357323988923
2.8536704654770984 2.8409910429552876 2.8283116204334764 2.8156321979116656 2.802952775389855 2.790273352868044 2.7775939303462334 2.764914507824422 2.7522350853025896 2.739555662780779 2.726876240258968 2.7141968177371574 2.7015173952153466 2.6888379726935354 2.6761585501717247 2.663479127649914 2.650799705128103 2.638120282606292 2.625440860084481 2.6127614375626704 2.6000820150408597 2.587402592519027 2.5747231699972164 2.562043747475405 2.5493643249535944 2.5366849024317837 2.524005479909973 2.511326057388162 2.497912530914855 2.4837142307222027 2.46951593052955 2.4553176303368978 2.4411193301442453 2.426921029951593 2.4127227297589164 2.398524429566264 2.3843261293736115 2.370127829180959 2.3559295289883067 2.341731228795654 2.3275329286030018 2.3133346284103493 2.299136328217697 2.2849380280250444
2.8443002817492262 2.831747525724151 2.8191947696990756 2.8066420136740002 2.794089257648925 2.781536501623849 2.768983745598774 2.7564309895736985 2.743878233548602 2.731325477523526 2.7187727214984507 2.7062199654733754 2.6936672094483 2.6811144534232247 2.668561697398149 2.6560089413730736 2.6434561853479983 2.630903429322923 2.6183506732978477 2.6057979172727723 2.5932451612476966 2.5806924052226 2.5681396491975246 2.555586893172449 2.5430341371473735 2.530481381122298 2.517928625097223 2.5053758690721475 2.4920648426585235 2.4779432080580364 2.4638215734575497 2.449699938857063 2.435578304256576 2.4214566696560893 2.407335035055578 2.3932134004550916 2.3790917658546045 2.364970131254118 2.3508484966536307 2.336726862053144 2.322605227452657 2.3084835928521703 2.2943619582516837 2.2802403236511966
2.8349300980213545 2.8225040084930146 2.8100779189646747 2.7976518294363344 2.7852257399079945 2.7727996503796546 2.7603735608513147 2.7479474713229743 2.7355213817946136 2.7230952922662732 2.7106692027379333 2.6982431132095934 2.6858170236812535 2.6733909341529136 2.6609648446245733 2.6485387550962334 2.6361126655678935 2.6236865760395536 2.6112604865112132 2.5988343969828733 2.5864083074545334 2.573982217926172 2.5615561283978323 2.5491300388694924 2.5367039493411525 2.524277859812812 2.5118517702844723 2.4994256807561324 2.486217154402191 2.47217218539387 2.4581272163855488 2.4440822473772275 2.430037278368906 2.415992309360585 2.40194734035224 2.3879023713439187 2.3738574023355974 2.359812433327276 2.3457674643189548 2.3317224953106335 2.3176775263023126 2.3036325572939913 2.28958758828567 2.2755426192773487
2.827252786568923 2.814886009637043 2.802519232705164 2.7901524557732844 2.7777856788414046 2.765418901909525 2.753052124977646 2.740685348045766 2.7283185711138653 2.715951794181986 2.7035850172501066 2.6912182403182268 2.6788514633863474 2.666484686454468 2.654117909522588 2.641751132590709 2.6293843556588294 2.6170175787269496 2.6046508017950702 2.592284024863191 2.579917247931311 2.567550470999411 2.555183694067531 2.5428169171356516 2.5304501402037722 2.5180833632718924 2.505716586340013 2.493349809408133 2.4801825986453965 2.466159706022819 2.4521368134002417 2.4381139207776643 2.424091028155087 2.4100681355325095 2.3960452429099086 2.3820223502873312 2.367999457664754 2.3539765650421764 2.339953672419599 2.3259307797970217 2.3119078871744443 2.2978849945518673 2.28386210192929 2.2698392093067126
2.8213850488550287 2.8090055874464146 2.7966261260378005 2.784246664629186 2.771867203220572 2.7594877418119577 2.7471082804033435 2.7347288189947294 2.722349357586094 2.70996989617748 2.6975904347688657 2.685210973360251 2.672831511951637 2.660452050543023 2.648072589134409 2.6356931277257947 2.62331366631718 2.610934204908566 2.598554743499952 2.5861752820913377 2.5737958206827236 2.561416359274088 2.549036897865474 2.53665743645686 2.5242779750482454 2.5118985136396312 2.499519052231017 2.487139590822403 2.473948293311325 2.4598891246542998 2.4458299559972745 2.431770787340249 2.417711618683224 2.4036524500261987 2.3895932813691494 2.375534112712124 2.3614749440550984 2.347415775398073 2.333356606741048 2.3192974380840226 2.3052382694269973 2.291179100769972 2.2771199321129467 2.2630607634559214
