Figures/CREST_Example_wjb_NSE/PETs/wjb.pet.20101013.asc
ncols            288
nrows            254
xllcorner        113.274861
yllcorner        31.4918055
cellsize         0.008333333333
NODATA_value     -9999
[rows 133 to 151 of 254, columns 132 to 175 of 288]
0.8075084555736124 0.8026798534756734 0.7978512513777344 0.7930226492797954 0.7881940471818563 0.7833654450839173 0.7785368429859783 0.7737082408880392 0.7688796387901001 0.7640510366921611 0.7592224345942221 0.7543938324962749 0.7495652303983358 0.7447366283003968 0.7399080262024578 0.7350794241045188 0.7302508220065796 0.7254222199086406 0.7205936178107016 0.7157650157127626 0.7109364136148235 0.7061078115168845 0.7012792094189455 0.6964506073210065 0.6916220052230592 0.6867934031251202 0.6819648010271812 0.6771361989292422 0.672307596831303 0.667478994733364 0.6640897202078682 0.6622391194170176 0.6603885186261672 0.6585379178353167 0.6566873170444661 0.6548367162536156 0.6529861154627652 0.6511355146719114 0.649284913881061 0.6474343130902105 0.64558371229936 0.6437331115085095 0.641882510717659 0.6400319099268085
0.8054238079169312 0.8004788132567421 0.7955338185965528 0.7905888239363635 0.7856438292761744 0.7806988346159851 0.7757538399557958 0.7708088452956067 0.7658638506354174 0.7609188559752282 0.755973861315039 0.7510288666548413 0.7460838719946521 0.7411388773344628 0.7361938826742735 0.7312488880140844 0.7263038933538951 0.721358898693706 0.7164139040335167 0.7114689093733274 0.7065239147131382 0.701578920052949 0.6966339253927598 0.6916889307325705 0.6867439360723728 0.6817989414121837 0.6768539467519944 0.6719089520918051 0.666963957431616 0.6620189627714267 0.6586927619466707 0.657097088351487 0.6555014147563032 0.6539057411611194 0.6523100675659357 0.6507143939707519 0.6491187203755682 0.6475230467803818 0.645927373185198 0.6443316995900142 0.6427360259948305 0.6411403523996467 0.639544678804463 0.6379490052092792
0.8033391602602501 0.7982777730378107 0.7932163858153712 0.7881549985929318 0.7830936113704924 0.778032224148053 0.7729708369256135 0.7679094497031741 0.7628480624807347 0.7577866752582952 0.7527252880358558 0.7476639008134077 0.7426025135909683 0.7375411263685289 0.7324797391460894 0.72741835192365 0.7223569647012106 0.7172955774787712 0.7122341902563317 0.7071728030338923 0.7021114158114529 0.6970500285890134 0.691988641366574 0.6869272541441346 0.6818658669216865 0.6768044796992471 0.6717430924768076 0.6666817052543682 0.6616203180319288 0.6565589308094893 0.6532958036854732 0.6519550572859563 0.6506143108864393 0.6492735644869222 0.6479328180874052 0.6465920716878882 0.6452513252883713 0.643910578888852 0.642569832489335 0.6412290860898179 0.6398883396903009 0.6385475932907839 0.6372068468912669 0.6358661004917499
0.801254512603569 0.7960767328188794 0.7908989530341897 0.7857211732495001 0.7805433934648105 0.7753656136801208 0.7701878338954312 0.7650100541107415 0.7598322743260519 0.7546544945413624 0.7494767147566727 0.7442989349719742 0.7391211551872846 0.733943375402595 0.7287655956179053 0.7235878158332157 0.7184100360485262 0.7132322562638365 0.7080544764791469 0.7028766966944572 0.6976989169097676 0.692521137125078 0.6873433573403883 0.6821655775556987 0.6769877977710003 0.6718100179863107 0.666632238201621 0.6614544584169314 0.6562766786322418 0.6510988988475521 0.6478988454242759 0.6468130262204256 0.6457272070165754 0.6446413878127251 0.6435555686088749 0.6424697494050245 0.6413839302011743 0.6402981109973223 0.6392122917934719 0.6381264725896216 0.6370406533857714 0.6359548341819211 0.6348690149780709 0.6337831957742206
0.7991698649468861 0.7938756925999462 0.7885815202530062 0.7832873479060662 0.7779931755591264 0.7726990032121864 0.7674048308652465 0.7621106585183066 0.7568164861713667 0.7515223138244267 0.7462281414774868 0.7409339691305379 0.7356397967835979 0.730345624436658 0.725051452089718 0.7197572797427781 0.7144631073958382 0.7091689350488982 0.7038747627019584 0.6985805903550184 0.6932864180080784 0.6879922456611385 0.6826980733141986 0.6774039009672587 0.6721097286203097 0.6668155562733697 0.6615213839264298 0.6562272115794899 0.65093303923255 0.6456388668856101 0.6425018871630738 0.6416709951548905 0.6408401031467071 0.6400092111385239 0.6391783191303406 0.6383474271221573 0.637516535113974 0.6366856431057893 0.635854751097606 0.6350238590894227 0.6341929670812394 0.6333620750730562 0.6325311830648729 0.6317002910566896
0.797085217290205 0.7916746523810148 0.7862640874718246 0.7808535225626345 0.7754429576534444 0.7700323927442543 0.7646218278350642 0.759211262925874 0.7538006980166839 0.7483901331074938 0.7429795681983037 0.7375690032891044 0.7321584383799142 0.7267478734707241 0.721337308561534 0.7159267436523438 0.7105161787431536 0.7051056138339635 0.6996950489247734 0.6942844840155833 0.6888739191063932 0.683463354197203 0.6780527892880129 0.6726422243788228 0.6672316594696235 0.6618210945604334 0.6564105296512432 0.650999964742053 0.645589399832863 0.6401788349236728 0.6371049289018764 0.6365289640893599 0.6359529992768433 0.6353770344643268 0.6348010696518103 0.6342251048392936 0.6336491400267771 0.6330731752142595 0.632497210401743 0.6319212455892265 0.6313452807767099 0.6307693159641934 0.6301933511516769 0.6296173863391603
0.7950005696335237 0.7894736121620834 0.7839466546906432 0.7784196972192028 0.7728927397477625 0.7673657822763221 0.7618388248048819 0.7563118673334415 0.7507849098620012 0.7452579523905608 0.7397309949191205 0.7342040374476708 0.7286770799762304 0.7231501225047902 0.7176231650333498 0.7120962075619095 0.7065692500904691 0.7010422926190288 0.6955153351475885 0.6899883776761482 0.6844614202047078 0.6789344627332675 0.6734075052618271 0.6678805477903869 0.6623535903189371 0.6568266328474968 0.6512996753760565 0.6457727179046161 0.6402457604331758 0.6347188029617354 0.631707970640679 0.6313869330238292 0.6310658954069793 0.6307448577901296 0.6304238201732798 0.6301027825564299 0.6297817449395802 0.6294607073227299 0.62913966970588 0.6288186320890302 0.6284975944721803 0.6281765568553306 0.6278555192384808 0.627534481621631
0.7929159219768426 0.7872725719431521 0.7816292219094616 0.7759858718757711 0.7703425218420805 0.76469917180839 0.7590558217746994 0.7534124717410089 0.7477691217073185 0.7421257716736279 0.7364824216399374 0.7308390716062372 0.7251957215725466 0.7195523715388562 0.7139090215051657 0.7082656714714751 0.7026223214377846 0.696978971404094 0.6913356213704035 0.6856922713367131 0.6800489213030225 0.674405571269332 0.6687622212356414 0.6631188712019509 0.6574755211682508 0.6518321711345603 0.6461888211008697 0.6405454710671792 0.6349021210334886 0.6292587709997981 0.6263110123794815 0.6262449019582984 0.6261787915371154 0.6261126811159323 0.6260465706947493 0.6259804602735662 0.6259143498523831 0.6258482394312 0.625782129010017 0.625716018588834 0.6256499081676509 0.6255837977464678 0.6255176873252848 0.6254515769041017
0.7908312743201614 0.7850715317242207 0.77931178912828 0.7735520465323393 0.7677923039363985 0.7620325613404578 0.7562728187445171 0.7505130761485764 0.7447533335526356 0.7389935909566949 0.7332338483607542 0.7274741057648036 0.721714363168863 0.7159546205729223 0.7101948779769814 0.7044351353810407 0.6986753927851 0.6929156501891593 0.6871559075932185 0.6813961649972778 0.6756364224013371 0.6698766798053964 0.6641169372094557 0.6583571946135149 0.6525974520175644 0.6468377094216237 0.641077966825683 0.6353182242297423 0.6295584816338016 0.6237987390378608 0.620914054118284 0.6211028708927677 0.6212916876672514 0.6214805044417351 0.6216693212162189 0.6218581379907026 0.6220469547651862 0.6222357715396702 0.6224245883141539 0.6226134050886376 0.6228022218631213 0.622991038637605 0.6231798554120888 0.6233686721865724
0.7887466266634803 0.7828704915052894 0.7769943563470985 0.7711182211889075 0.7652420860307166 0.7593659508725257 0.7534898157143347 0.7476136805561439 0.7417375453979529 0.735861410239762 0.7299852750815711 0.7241091399233701 0.7182330047651792 0.7123568696069883 0.7064807344487973 0.7006045992906064 0.6947284641324155 0.6888523289742245 0.6829761938160337 0.6771000586578427 0.6712239234996518 0.6653477883414609 0.65947165318327 0.653595518025079 0.6477193828668781 0.6418432477086872 0.6359671125504962 0.6300909773923054 0.6242148422341144 0.6183387070759234 0.6155170958570866 0.615960839827237 0.6164045837973875 0.616848327767538 0.6172920717376884 0.6177358157078388 0.6181795596779892 0.6186233036481404 0.6190670476182909 0.6195107915884414 0.6199545355585918 0.6203982795287423 0.6208420234988927 0.6212857674690431
0.7866619790067991 0.780669451286358 0.7746769235659169 0.7686843958454758 0.7626918681250346 0.7566993404045935 0.7507068126841524 0.7447142849637113 0.7387217572432702 0.732729229522829 0.7267367018023879 0.7207441740819366 0.7147516463614955 0.7087591186410543 0.7027665909206132 0.6967740632001721 0.690781535479731 0.6847890077592899 0.6787964800388487 0.6728039523184075 0.6668114245979664 0.6608188968775253 0.6548263691570841 0.648833841436643 0.6428413137161917 0.6368487859957506 0.6308562582753094 0.6248637305548683 0.6188712028344272 0.6128786751139861 0.6101201375958891 0.6108188087617064 0.6115174799275235 0.6122161510933407 0.6129148222591579 0.6136134934249751 0.6143121645907923 0.6150108357566106 0.6157095069224279 0.6164081780882451 0.6171068492540622 0.6178055204198795 0.6185041915856967 0.6192028627515138
0.7845773313501163 0.7784684110674248 0.7723594907847334 0.766250570502042 0.7601416502193505 0.7540327299366592 0.7479238096539678 0.7418148893712763 0.7357059690885849 0.7295970488058935 0.723488128523202 0.7173792082405002 0.7112702879578088 0.7051613676751174 0.6990524473924259 0.6929435271097345 0.6868346068270431 0.6807256865443516 0.6746167662616602 0.6685078459789688 0.6623989256962773 0.656290005413586 0.6501810851308946 0.6440721648482031 0.6379632445655012 0.6318543242828099 0.6257454040001185 0.619636483717427 0.6135275634347356 0.6074186431520441 0.6047231793346871 0.6056767776961712 0.6066303760576555 0.6075839744191396 0.6085375727806237 0.6094911711421079 0.610444769503592 0.6113983678650778 0.612351966226562 0.6133055645880462 0.6142591629495303 0.6152127613110144 0.6161663596724987 0.6171199580339828
0.7824926836934352 0.7762673708484935 0.7700420580035519 0.7638167451586103 0.7575914323136687 0.751366119468727 0.7451408066237853 0.7389154937788438 0.7326901809339021 0.7264648680889605 0.7202395552440188 0.7140142423990666 0.707788929554125 0.7015636167091834 0.6953383038642418 0.6891129910193001 0.6828876781743585 0.6766623653294169 0.6704370524844753 0.6642117396395336 0.6579864267945921 0.6517611139496504 0.6455358011047088 0.6393104882597671 0.6330851754148149 0.6268598625698732 0.6206345497249317 0.61440923687999 0.6081839240350484 0.6019586111901067 0.5993262210734897 0.6005347466306405 0.6017432721877914 0.6029517977449423 0.6041603233020932 0.6053688488592441 0.606577374416395 0.607785899973548 0.6089944255306989 0.6102029510878498 0.6114114766450007 0.6126200022021516 0.6138285277593025 0.6150370533164534
0.780408036036754 0.7740663306295622 0.7677246252223703 0.7613829198151785 0.7550412144079867 0.7486995090007948 0.742357803593603 0.7360160981864112 0.7296743927792194 0.7233326873720276 0.7169909819648357 0.7106492765576331 0.7043075711504413 0.6979658657432495 0.6916241603360577 0.6852824549288659 0.6789407495216739 0.6725990441144821 0.6662573387072903 0.6599156333000985 0.6535739278929067 0.6472322224857149 0.6408905170785231 0.6345488116713311 0.6282071062641286 0.6218654008569368 0.615523695449745 0.6091819900425531 0.6028402846353613 0.5964985792281694 0.5939292628122922 0.5953927155651099 0.5968561683179275 0.5983196210707451 0.5997830738235628 0.6012465265763804 0.6027099793291981 0.6041734320820182 0.6056368848348359 0.6071003375876536 0.6085637903404711 0.6100272430932888 0.6114906958461065 0.6129541485989242
0.7783233883800729 0.7718652904106308 0.7654071924411888 0.7589490944717467 0.7524909965023048 0.7460328985328627 0.7395748005634207 0.7331167025939787 0.7266586046245367 0.7202005066550946 0.7137424086856526 0.7072843107161996 0.7008262127467576 0.6943681147773155 0.6879100168078736 0.6814519188384315 0.6749938208689895 0.6685357228995474 0.6620776249301055 0.6556195269606634 0.6491614289912214 0.6427033310217793 0.6362452330523374 0.6297871350828954 0.6233290371134423 0.6168709391440003 0.6104128411745583 0.6039547432051162 0.5974966452356743 0.5910385472662322 0.5885323045510948 0.5902506844995792 0.5919690644480636 0.593687444396548 0.5954058243450324 0.5971242042935169 0.5988425842420012 0.6005609641904885 0.6022793441389729 0.6039977240874573 0.6057161040359418 0.6074344839844261 0.6091528639329106 0.6108712438813949
0.7735651133159455 0.7670976020563408 0.7606300907967363 0.7541625795371317 0.7476950682775272 0.7412275570179225 0.734760045758318 0.7282925344987135 0.7218250232391089 0.7153575119795043 0.7088900007198997 0.7024224894602842 0.6959549782006795 0.689487466941075 0.6830199556814704 0.6765524444218659 0.6700849331622613 0.6636174219026567 0.6571499106430522 0.6506823993834476 0.644214888123843 0.6377473768642384 0.6312798656046339 0.6248123543450294 0.6183448430854137 0.6118773318258092 0.6054098205662046 0.5989423093066 0.5924747980469954 0.5860072867873909 0.5835326122224883 0.5853263704080527 0.5871201285936172 0.5889138867791816 0.5907076449647459 0.5925014031503103 0.5942951613358747 0.5960889195214422 0.5978826777070065 0.5996764358925709 0.6014701940781353 0.6032639522636998 0.6050577104492642 0.6068514686348285
0.7659488990932902 0.7595863286416291 0.753223758189968 0.746861187738307 0.7404986172866459 0.7341360468349848 0.7277734763833237 0.7214109059316627 0.7150483354800016 0.7086857650283405 0.7023231945766795 0.6959606241250075 0.6895980536733464 0.6832354832216854 0.6768729127700243 0.6705103423183632 0.664147771866702 0.6577852014150409 0.6514226309633799 0.6450600605117188 0.6386974900600577 0.6323349196083967 0.6259723491567356 0.6196097787050745 0.6132472082534026 0.6068846378017415 0.6005220673500804 0.5941594968984193 0.5877969264467582 0.5814343559950972 0.5789575721329854 0.5806347820373016 0.5823119919416178 0.583989201845934 0.5856664117502501 0.5873436216545663 0.5890208315588825 0.5906980414632016 0.5923752513675178 0.594052461271834 0.5957296711761502 0.5974068810804665 0.5990840909847827 0.6007613008890988
0.7583326848706285 0.752075055226911 0.7458174255831935 0.739559795939476 0.7333021662957585 0.7270445366520409 0.7207869070083235 0.7145292773646059 0.7082716477208885 0.702014018077171 0.6957563884334534 0.6894987587897252 0.6832411291460078 0.6769834995022903 0.6707258698585727 0.6644682402148553 0.6582106105711377 0.6519529809274203 0.6456953512837027 0.6394377216399852 0.6331800919962678 0.6269224623525502 0.6206648327088328 0.6144072030651152 0.6081495734213871 0.6018919437776695 0.5956343141339521 0.5893766844902345 0.583119054846517 0.5768614252027995 0.5743825320434784 0.5759431936665463 0.5775038552896142 0.5790645169126821 0.5806251785357501 0.582185840158818 0.5837465017818859 0.5853071634049565 0.5868678250280244 0.5884284866510923 0.5899891482741602 0.5915498098972282 0.5931104715202961 0.594671133143364
0.7507164706479733 0.7445637818121993 0.7384110929764253 0.7322584041406512 0.7261057153048772 0.7199530264691032 0.7138003376333292 0.7076476487975552 0.7014949599617811 0.6953422711260071 0.6891895822902331 0.6830368934544486 0.6768842046186746 0.6707315157829006 0.6645788269471266 0.6584261381113525 0.6522734492755785 0.6461207604398045 0.6399680716040305 0.6338153827682564 0.6276626939324825 0.6215100050967084 0.6153573162609345 0.6092046274251605 0.6030519385893759 0.5968992497536019 0.5907465609178278 0.5845938720820538 0.5784411832462799 0.5722884944105058 0.5698074919539754 0.5712516052957952 0.5726957186376149 0.5741398319794346 0.5755839453212543 0.577028058663074 0.5784721720048938 0.579916285346716 0.5813603986885357 0.5828045120303554 0.5842486253721751 0.5856927387139949 0.5871368520558146 0.5885809653976343
