Figures/CREST_Example_wjb_NSE/PETs/wjb.pet.20100213.asc
ncols            288
nrows            254
xllcorner        113.274861
yllcorner        31.4918055
cellsize         0.008333333333
NODATA_value     -9999
[rows 140 to 159 of 254, columns 220 to 263 of 288]
1.0897174953763034 1.0883781468257374 1.0873177264175822 1.0865554865062903 1.0857932465949987 1.085031006683707 1.0842687667724151 1.0835065268611235 1.0827442869498318 1.08198204703854 1.0812198071272483 1.0804575672159566 1.0796953273046648 1.0789330873933731 1.0781708474820801 1.0774086075707883 1.0766463676594966 1.0758841277482047 1.075121887836913 1.0743596479256214 1.0735974080143296 1.072835168103038 1.0720729281917463 1.0713106882804544 1.0705484483691627 1.069786208457871 1.0690239685465792 1.0682617286352862 1.0674994887239946 1.0667372488127027 1.065975008901411 1.0652127689901192 1.0655145381122557 1.0669537569769707 1.0683929758416857 1.069832194706401 1.0712714135711159 1.072710632435831 1.074149851300546 1.075589070165261 1.0770282890299787 1.0784675078946937 1.079906726759409 1.081345945624124
1.0885193382757428 1.0870206524453956 1.0858183719449899 1.0849329554504576 1.0840475389559254 1.0831621224613932 1.082276705966861 1.0813912894723288 1.0805058729777965 1.0796204564832643 1.078735039988732 1.0778496234941999 1.0769642069996677 1.0760787905051354 1.0751933740106019 1.0743079575160697 1.0734225410215374 1.0725371245270052 1.071651708032473 1.0707662915379408 1.0698808750434083 1.0689954585488761 1.068110042054344 1.0672246255598117 1.0663392090652795 1.0654537925707472 1.064568376076215 1.0636829595816815 1.0627975430871492 1.061912126592617 1.0610267100980848 1.0601412936035526 1.060456261214652 1.0620544666076217 1.0636526720005917 1.0652508773935614 1.0668490827865313 1.0684472881795013 1.070045493572471 1.071643698965441 1.0732419043584134 1.0748401097513833 1.0764383151443533 1.078036520537323
1.0873211811751824 1.0856631580650535 1.0843190174723978 1.083310424394625 1.0823018313168524 1.0812932382390796 1.0802846451613068 1.0792760520835343 1.0782674590057615 1.0772588659279887 1.0762502728502161 1.0752416797724433 1.0742330866946708 1.073224493616898 1.0722159005391236 1.0712073074613508 1.070198714383578 1.0691901213058055 1.0681815282280327 1.06717293515026 1.0661643420724873 1.0651557489947145 1.0641471559169418 1.0631385628391692 1.0621299697613964 1.0611213766836236 1.060112783605851 1.0591041905280765 1.058095597450304 1.0570870043725311 1.0560784112947583 1.0550698182169858 1.0553979843170482 1.057155176238273 1.0589123681594974 1.060669560080722 1.0624267520019468 1.0641839439231713 1.065941135844396 1.0676983277656207 1.0694555196868483 1.071212711608073 1.0729699035292974 1.0747270954505221
1.0861230240746222 1.084305663684712 1.082819662999806 1.0816878933387926 1.0805561236777794 1.0794243540167663 1.078292584355753 1.0771608146947398 1.0760290450337266 1.0748972753727133 1.0737655057117002 1.072633736050687 1.0715019663896737 1.0703701967286605 1.0692384270676454 1.0681066574066322 1.0669748877456189 1.0658431180846057 1.0647113484235926 1.0635795787625792 1.062447809101566 1.061316039440553 1.0601842697795398 1.0590525001185265 1.0579207304575133 1.0567889607965002 1.0556571911354868 1.0545254214744717 1.0533936518134586 1.0522618821524454 1.051130112491432 1.049998342830419 1.0503397074194445 1.052255885868924 1.0541720643184034 1.0560882427678828 1.058004421217362 1.0599205996668415 1.061836778116321 1.0637529565658004 1.065669135015283 1.0675853134647624 1.0695014919142418 1.071417670363721
1.0849248669740608 1.0829481693043688 1.0813203085272123 1.0800653622829584 1.0788104160387046 1.077555469794451 1.076300523550197 1.0750455773059433 1.0737906310616894 1.0725356848174357 1.071280738573182 1.070025792328928 1.0687708460846743 1.0675158998404204 1.0662609535961645 1.0650060073519108 1.0637510611076568 1.0624961148634031 1.0612411686191494 1.0599862223748955 1.0587312761306418 1.0574763298863878 1.0562213836421341 1.0549664373978802 1.0537114911536265 1.0524565449093728 1.0512015986651189 1.049946652420863 1.0486917061766092 1.0474367599323553 1.0461818136881016 1.0449268674438477 1.0452814305218365 1.0473565954995707 1.0494317604773051 1.0515069254550393 1.0535820904327737 1.055657255410508 1.0577324203882423 1.0598075853659767 1.0618827503437145 1.063957915321449 1.066033080299183 1.0681082452769175
1.0837267098735006 1.0815906749240272 1.0798209540546202 1.078442831227126 1.0770647083996316 1.0756865855721374 1.074308462744643 1.0729303399171488 1.0715522170896545 1.0701740942621603 1.0687959714346658 1.0674178486071715 1.0660397257796772 1.064661602952183 1.0632834801246862 1.061905357297192 1.0605272344696977 1.0591491116422034 1.057770988814709 1.0563928659872148 1.0550147431597205 1.053636620332226 1.0522584975047318 1.0508803746772375 1.0495022518497432 1.048124129022249 1.0467460061947547 1.045367883367258 1.0439897605397637 1.0426116377122694 1.0412335148847751 1.0398553920572808 1.0402231536242326 1.0424573051302217 1.0446914566362107 1.0469256081421998 1.049159759648189 1.0513939111541781 1.053628062660167 1.0558622141661562 1.0580963656721492 1.060330517178138 1.0625646686841272 1.0647988201901164
1.0825285527729402 1.0802331805436851 1.0783215995820281 1.0768203001712933 1.0753190007605584 1.0738177013498238 1.072316401939089 1.070815102528354 1.0693138031176193 1.0678125037068846 1.0663112042961498 1.064809904885415 1.06330860547468 1.0618073060639455 1.060306006653208 1.0588047072424733 1.0573034078317385 1.0558021084210036 1.0543008090102688 1.0527995095995342 1.0512982101887993 1.0497969107780645 1.0482956113673296 1.046794311956595 1.0452930125458602 1.0437917131351253 1.0422904137243905 1.0407891143136532 1.0392878149029183 1.0377865154921835 1.0362852160814489 1.034783916670714 1.0351648767266288 1.0375580147608727 1.0399511527951166 1.0423442908293605 1.0447374288636044 1.0471305668978481 1.049523704932092 1.051916842966336 1.0543099810005838 1.0567031190348277 1.0590962570690716 1.0614893951033155
1.08133039567238 1.0788756861633435 1.0768222451094362 1.0751977691154608 1.0735732931214856 1.0719488171275102 1.070324341133535 1.0686998651395596 1.0670753891455844 1.0654509131516092 1.0638264371576338 1.0622019611636586 1.0605774851696832 1.058953009175708 1.05732853318173 1.0557040571877545 1.0540795811937793 1.0524551051998041 1.0508306292058287 1.0492061532118535 1.047581677217878 1.045957201223903 1.0443327252299275 1.0427082492359523 1.041083773241977 1.0394592972480017 1.0378348212540265 1.0362103452600484 1.034585869266073 1.0329613932720978 1.0313369172781224 1.0297124412841472 1.030106599829025 1.0326587243915237 1.0352108489540224 1.037762973516521 1.0403150980790197 1.0428672226415183 1.045419347204017 1.0479714717665156 1.0505235963290187 1.0530757208915174 1.055627845454016 1.0581799700165146
1.0766692245217488 1.0741634452916722 1.0720778498829278 1.0704414404886742 1.0688050310944206 1.067168621700167 1.0655322123059132 1.0638958029116596 1.062259393517406 1.0606229841231525 1.058986574728899 1.0573501653346453 1.0557137559403917 1.054077346546138 1.0524409371518817 1.0508045277576281 1.0491681183633743 1.0475317089691207 1.0458952995748672 1.0442588901806136 1.04262248078636 1.0409860713921064 1.0393496619978528 1.037713252603599 1.0360768432093455 1.0344404338150919 1.0328040244208383 1.0311676150265818 1.0295312056323283 1.0278947962380747 1.026258386843821 1.0246219774495675 1.0250327130211159 1.0276318929020805 1.030231072783045 1.0328302526640096 1.0354294325449742 1.0380286124259388 1.0406277923069034 1.043226972187868 1.045826152068837 1.0484253319498016 1.0510245118307662 1.0536236917117308
1.0683063096529521 1.0658651918971633 1.0638647106512502 1.062335279806761 1.0608058489622716 1.0592764181177823 1.057746987273293 1.0562175564288037 1.0546881255843144 1.053158694739825 1.0516292638953357 1.0500998330508466 1.0485704022063573 1.047040971361868 1.045511540517376 1.0439821096728867 1.0424526788283974 1.0409232479839081 1.0393938171394188 1.0378643862949295 1.0363349554504402 1.0348055246059509 1.0332760937614616 1.0317466629169723 1.030217232072483 1.0286878012279939 1.0271583703835045 1.0256289395390126 1.0240995086945233 1.022570077850034 1.0210406470055446 1.0195112161610553 1.0199421402031075 1.0224687279951894 1.0249953157872715 1.0275219035793535 1.0300484913714354 1.0325750791635173 1.0351016669555992 1.0376282547476814 1.0401548425397675 1.0426814303318495 1.0452080181239316 1.0477346059160135
1.0599433947841481 1.0575669385026472 1.0556515714195656 1.0542291191248407 1.0528066668301157 1.0513842145353909 1.049961762240666 1.048539309945941 1.0471168576512162 1.0456944053564914 1.0442719530617663 1.0428495007670415 1.0414270484723165 1.0400045961775917 1.0385821438828644 1.0371596915881394 1.0357372392934145 1.0343147869986897 1.0328923347039647 1.0314698824092399 1.0300474301145148 1.02862497781979 1.0272025255250652 1.0257800732303402 1.0243576209356153 1.0229351686408905 1.0215127163461655 1.0200902640514382 1.0186678117567134 1.0172453594619884 1.0158229071672635 1.0144004548725385 1.0148515673850944 1.0173055630882937 1.019759558791493 1.0222135544946924 1.0246675501978917 1.027121545901091 1.0295755416042902 1.0320295373074897 1.0344835330106932 1.0369375287138924 1.0393915244170917 1.0418455201202912
1.0515804799153514 1.0492686851081383 1.047438432187888 1.0461229584429275 1.044807484697967 1.0434920109530064 1.0421765372080458 1.040861063463085 1.0395455897181245 1.038230115973164 1.0369146422282034 1.0355991684832428 1.034283694738282 1.0329682209933215 1.0316527472483588 1.0303372735033982 1.0290217997584377 1.027706326013477 1.0263908522685163 1.0250753785235558 1.0237599047785952 1.0224444310336347 1.0211289572886741 1.0198134835437134 1.0184980097987528 1.0171825360537923 1.0158670623088317 1.014551588563869 1.0132361148189082 1.0119206410739476 1.010605167328987 1.0092896935840265 1.0097609945670858 1.0121423981814026 1.0145238017957194 1.016905205410036 1.0192866090243529 1.0216680126386695 1.0240494162529863 1.026430819867303 1.0288122234816237 1.0311936270959405 1.0335750307102571 1.035956434324574
1.0432175650465547 1.0409704317136295 1.0392252929562105 1.0380167977610142 1.036808302565818 1.0355998073706216 1.0343913121754253 1.033182816980229 1.0319743217850328 1.0307658265898365 1.0295573313946402 1.028348836199444 1.0271403410042477 1.0259318458090514 1.0247233506138531 1.0235148554186568 1.0223063602234606 1.0210978650282643 1.019889369833068 1.0186808746378717 1.0174723794426754 1.0162638842474792 1.0150553890522829 1.0138468938570866 1.0126383986618903 1.011429903466694 1.0102214082714978 1.0090129130762993 1.007804417881103 1.0065959226859067 1.0053874274907104 1.0041789322955141 1.0046704217490772 1.0069792332745113 1.0092880447999455 1.0115968563253797 1.0139056678508138 1.0162144793762478 1.018523290901682 1.020832102427116 1.0231409139525542 1.0254497254779882 1.0277585370034223 1.0300673485288565
1.034854650177758 1.0326721783191206 1.031012153724533 1.029910637079101 1.0288091204336691 1.0277076037882371 1.026606087142805 1.025504570497373 1.024403053851941 1.023301537206509 1.0222000205610773 1.0210985039156453 1.0199969872702133 1.0188954706247813 1.0177939539793475 1.0166924373339155 1.0155909206884834 1.0144894040430514 1.0133878873976194 1.0122863707521874 1.0111848541067556 1.0100833374613236 1.0089818208158916 1.0078803041704596 1.0067787875250276 1.0056772708795956 1.0045757542341636 1.0034742375887298 1.0023727209432978 1.0012712042978658 1.000169687652434 0.999068171007002 0.9995798489310685 1.00181606836762 1.0040522878041716 1.006288507240723 1.0085247266772746 1.0107609461138263 1.0129971655503778 1.0152333849869293 1.0174696044234846 1.019705823860036 1.0219420432965876 1.024178262733139
1.0264917353089609 1.0243739249246115 1.0227990144928552 1.0218044763971876 1.02080993830152 1.0198154002058522 1.0188208621101846 1.017826324014517 1.0168317859188494 1.0158372478231816 1.014842709727514 1.0138481716318464 1.0128536335361786 1.011859095440511 1.0108645573448416 1.009870019249174 1.0088754811535063 1.0078809430578386 1.006886404962171 1.0058918668665033 1.0048973287708356 1.003902790675168 1.0029082525795003 1.0019137144838326 1.000919176388165 0.9999246382924973 0.9989301001968297 0.9979355621011604 0.9969410240054927 0.995946485909825 0.9949519478141574 0.9939574097184897 0.99448927611306 0.9966529034607289 0.9988165308083978 1.0009801581560667 1.0031437855037357 1.0053074128514046 1.0074710401990736 1.0096346675467425 1.011798294894415 1.013961922242084 1.016125549589753 1.0182891769374218
1.0181288204401642 1.0160756715301027 1.0145858752611776 1.0136983157152744 1.0128107561693709 1.0119231966234676 1.0110356370775644 1.010148077531661 1.0092605179857577 1.0083729584398542 1.007485398893951 1.0065978393480475 1.0057102798021442 1.0048227202562408 1.003935160710336 1.0030476011644327 1.0021600416185292 1.001272482072626 1.0003849225267225 0.9994973629808191 0.9986098034349158 0.9977222438890124 0.9968346843431091 0.9959471247972058 0.9950595652513025 0.9941720057053991 0.9932844461594957 0.9923968866135908 0.9915093270676875 0.9906217675217841 0.9897342079758807 0.9888466484299774 0.9893987032950513 0.9914897385538376 0.993580773812624 0.9956718090714103 0.9977628443301966 0.999853879588983 1.0019449148477693 1.0040359501065557 1.0061269853653454 1.0082180206241318 1.0103090558829182 1.0124000911417044
1.0097659055713675 1.0077774181355938 1.0063727360295 1.005592155033361 1.004811574037222 1.0040309930410831 1.003250412044944 1.002469831048805 1.001689250052666 1.0009086690565268 1.0001280880603878 0.9993475070642488 0.9985669260681097 0.9977863450719707 0.9970057640758303 0.9962251830796912 0.9954446020835522 0.9946640210874131 0.9938834400912742 0.9931028590951351 0.9923222780989961 0.991541697102857 0.9907611161067179 0.9899805351105789 0.9891999541144398 0.9884193731183009 0.9876387921221618 0.9868582111260215 0.9860776301298824 0.9852970491337433 0.9845164681376043 0.9837358871414652 0.9843081304770428 0.9863265736469464 0.9883450168168502 0.9903634599867539 0.9923819031566576 0.9944003463265614 0.9964187894964651 0.9984372326663689 1.000455675836276 1.0024741190061797 1.0044925621760834 1.0065110053459871
1.0014029907025634 0.9994791647410779 0.9981595967978155 0.9974859943514409 0.9968123919050663 0.9961387894586916 0.995465187012317 0.9947915845659423 0.9941179821195677 0.9934443796731931 0.9927707772268184 0.9920971747804438 0.9914235723340691 0.9907499698876945 0.9900763674413187 0.9894027649949441 0.9887291625485694 0.9880555601021948 0.98738195765582 0.9867083552094454 0.9860347527630708 0.9853611503166961 0.9846875478703215 0.9840139454239468 0.9833403429775722 0.9826667405311976 0.9819931380848229 0.9813195356384471 0.9806459331920725 0.9799723307456979 0.9792987282993232 0.9786251258529486 0.9792175576590297 0.9811634087400508 0.9831092598210719 0.9850551109020929 0.9870009619831139 0.988946813064135 0.9908926641451561 0.9928385152261772 0.9947843663072016 0.9967302173882227 0.9986760684692436 1.0006219195502648
0.9930400758337666 0.9911809113465689 0.9899464575661379 0.9893798336695275 0.9888132097729172 0.9882465858763069 0.9876799619796965 0.9871133380830862 0.9865467141864759 0.9859800902898656 0.9854134663932552 0.9848468424966449 0.9842802186000346 0.9837135947034242 0.983146970806813 0.9825803469102027 0.9820137230135924 0.981447099116982 0.9808804752203717 0.9803138513237614 0.979747227427151 0.9791806035305407 0.9786139796339304 0.9780473557373199 0.9774807318407096 0.9769141079440993 0.976347484047489 0.9757808601508777 0.9752142362542674 0.9746476123576571 0.9740809884610467 0.9735143645644364 0.9741269848410211 0.9760002438331596 0.9778735028252981 0.9797467618174366 0.981620020809575 0.9834932798017134 0.9853665387938519 0.9872397977859904 0.989113056778132 0.9909863157702705 0.9928595747624089 0.9947328337545475
0.9846771609649699 0.98288265795206 0.9817333183344604 0.9812736729876144 0.9808140276407683 0.9803543822939222 0.9798947369470763 0.9794350916002302 0.9789754462533842 0.9785158009065382 0.9780561555596922 0.9775965102128461 0.9771368648660002 0.9766772195191541 0.9762175741723073 0.9757579288254613 0.9752982834786152 0.9748386381317692 0.9743789927849232 0.9739193474380772 0.9734597020912311 0.9730000567443851 0.9725404113975391 0.972080766050693 0.971621120703847 0.971161475357001 0.970701830010155 0.9702421846633081 0.9697825393164622 0.9693228939696161 0.9688632486227701 0.9684036032759241 0.9690364120230125 0.9708370789262684 0.9726377458295242 0.9744384127327801 0.976239079636036 0.9780397465392918 0.9798404134425477 0.9816410803458036 0.9834417472490624 0.9852424141523183 0.9870430810555741 0.98884374795883
