Figures/CREST_Example_wjb_NSE/PETs/wjb.pet.20091031.asc
ncols            288
nrows            254
xllcorner        113.274861
yllcorner        31.4918055
cellsize         0.008333333333
NODATA_value     -9999
[rows 76 to 94 of 254, columns 0 to 43 of 288]
-9999.0 -9999.0 -9999.0 -9999.0 -9999.0 -9999.0 -9999.0 -9999.0 -9999.0 -9999.0 -9999.0 0.3195803906814717 0.32291987705082614 0.330363381367412 0.33780688568398515 0.3452503900005583 0.35269389431713144 0.3601373986337046 0.3675809029502778 0.37502440726685093 0.3824679115834241 0.3899114158999972 0.3973549202165704 0.4047984245331435 0.41224192884971667 0.4196854331662898 0.42712893748287567 0.4345724417994488 0.442015946116022 0.44945945043259516 0.4569029547491683 0.46434645906574146 0.4717899633823146 0.47923346769888775 0.4866769720154609 0.49412047633203404 0.5015639806486072 0.5090074849651803 0.5164509892817535 0.5238944935983394 0.5313379979149125 0.5387815022314857 0.5413022170390144 0.5385603586018086
-9999.0 -9999.0 -9999.0 -9999.0 -9999.0 -9999.0 -9999.0 -9999.0 -9999.0 -9999.0 -9999.0 0.3183459417170787 0.32162914921062213 0.32893125914668225 0.3362333690827299 0.34353547901877757 0.35083758895482525 0.3581396988908729 0.36544180882692057 0.37274391876296825 0.3800460286990159 0.38734813863506357 0.3946502485711112 0.4019523585071589 0.40925446844320656 0.4165565783792542 0.42385868831531437 0.431160798251362 0.4384629081874097 0.44576501812345737 0.453067128059505 0.4603692379955527 0.46767134793160037 0.474973457867648 0.4822755678036956 0.48957767773974337 0.496879787675791 0.5041818976118386 0.5114840075478864 0.5187861174839464 0.5260882274199941 0.5333903373560418 0.5359063319109842 0.53330586095292
-9999.0 -9999.0 -9999.0 -9999.0 -9999.0 -9999.0 -9999.0 -9999.0 -9999.0 -9999.0 -9999.0 0.3171114927526857 0.32033842137041807 0.32749913692595245 0.3346598524814746 0.3418205680369968 0.34898128359251895 0.3561419991480411 0.36330271470356335 0.3704634302590855 0.3776241458146077 0.38478486137012985 0.391945576925652 0.39910629248117424 0.4062670080366964 0.4134277235922186 0.42058843914775296 0.4277491547032751 0.43490987025879735 0.4420705858143195 0.4492313013698417 0.4563920169253639 0.463552732480886 0.47071344803640824 0.4778741635919304 0.4850348791474526 0.4921955947029748 0.4993563102584969 0.5065170258140191 0.5136777413695535 0.5208384569250757 0.5279991724805979 0.530510446782954 0.5280513633040314
-9999.0 -9999.0 -9999.0 -9999.0 -9999.0 -9999.0 -9999.0 -9999.0 -9999.0 -9999.0 -9999.0 -9999.0 0.3190476935302129 0.3260670147052214 0.333086335880218 0.34010565705521456 0.34712497823021116 0.35414429940520775 0.3611636205802043 0.3681829417552009 0.3752022629301974 0.382221584105194 0.3892409052801906 0.39626022645518716 0.4032795476301837 0.4102988688051803 0.4173181899801888 0.4243375111551854 0.43135683233018196 0.43837615350517856 0.44539547468017515 0.4524147958551717 0.45943411703016823 0.4664534382051648 0.4734727593801614 0.480492080555158 0.48751140173015456 0.4945307229051511 0.5015500440801477 0.5085693652551562 0.5155886864301528 0.5226080076051494 0.5251145616549192 0.5227968656551383
-9999.0 -9999.0 -9999.0 -9999.0 -9999.0 -9999.0 -9999.0 -9999.0 -9999.0 -9999.0 -9999.0 -9999.0 -9999.0 0.3246348924844917 0.33151281927896276 0.33839074607343383 0.3452686728679049 0.352146599662376 0.35902452645684707 0.36590245325131815 0.37278038004578923 0.3796583068402603 0.3865362336347314 0.39341416042920246 0.40029208722367354 0.4071700140181446 0.4140479408126274 0.4209258676070985 0.4278037944015696 0.4346817211960407 0.4415596479905117 0.4484375747849828 0.4553155015794539 0.46219342837392496 0.46907135516839604 0.4759492819628671 0.4828272087573382 0.4897051355518093 0.49658306234628036 0.5034609891407632 0.5103389159352343 0.5172168427297054 0.5197186765268889 0.5175423680062495
-9999.0 -9999.0 -9999.0 -9999.0 -9999.0 -9999.0 -9999.0 -9999.0 -9999.0 -9999.0 -9999.0 -9999.0 0.3164662378498048 0.3232027702637619 0.3299393026777075 0.33667583509165305 0.34341236750559867 0.35014889991954423 0.35688543233348985 0.36362196474743547 0.37035849716138103 0.37709502957532665 0.3838315619892722 0.3905680944032178 0.3973046268171634 0.404041159231109 0.41077769164506606 0.4175142240590117 0.4242507564729573 0.43098728888690285 0.43772382130084847 0.44446035371479403 0.45119688612873965 0.4579334185426852 0.46466995095663083 0.47140648337057645 0.478143015784522 0.48487954819846757 0.4916160806124132 0.49835261302637024 0.5050891454403159 0.5118256778542615 0.5143227913988587 0.5122878703573609
-9999.0 -9999.0 -9999.0 -9999.0 -9999.0 -9999.0 -9999.0 -9999.0 -9999.0 -9999.0 -9999.0 0.31217369689511265 0.31517551000960076 0.3217706480430321 0.3283657860764522 0.3349609241098723 0.3415560621432924 0.3481512001767125 0.3547463382101327 0.36134147624355273 0.3679366142769729 0.374531752310393 0.3811268903438131 0.3877220283772332 0.3943171664106533 0.4009123044440734 0.40750744247750476 0.41410258051092486 0.42069771854434496 0.42729285657776506 0.43388799461118516 0.44048313264460526 0.44707827067802536 0.45367340871144546 0.4602685467448656 0.46686368477828566 0.4734588228117058 0.48005396084512586 0.486649098878546 0.4932442369119774 0.49983937494539743 0.5064345129788176 0.5089269062708285 0.5070333727084723
-9999.0 -9999.0 -9999.0 -9999.0 -9999.0 -9999.0 -9999.0 -9999.0 -9999.0 -9999.0 -9999.0 0.3109392479307197 0.31388478216939675 0.3203385258223024 0.32679226947519696 0.3332460131280916 0.3396997567809862 0.3461535004338808 0.35260724408677546 0.35906098773967005 0.3655147313925647 0.37196847504545927 0.3784222186983539 0.3848759623512485 0.39132970600414313 0.3977834496570377 0.40423719330994334 0.410690936962838 0.41714468061573257 0.4235984242686272 0.4300521679215218 0.4365059115744164 0.44295965522731107 0.44941339888020565 0.45586714253310023 0.4623208861859949 0.4687746298388895 0.4752283734917841 0.4816821171446787 0.4881358607975843 0.49458960445047895 0.5010433481033736 0.5035310211427982 0.5017788750595836
-9999.0 -9999.0 -9999.0 -9999.0 -9999.0 -9999.0 -9999.0 -9999.0 -9999.0 -9999.0 -9999.0 0.30970479896632663 0.3125940543291927 0.3189064036015726 0.3252187528739417 0.3315311021463108 0.33784345141867994 0.34415580069104906 0.3504681499634182 0.3567804992357873 0.36309284850815643 0.3694051977805256 0.37571754705289473 0.38202989632526385 0.388342245597633 0.3946545948700021 0.400966944142382 0.4072792934147511 0.41359164268712023 0.41990399195948935 0.4262163412318585 0.4325286905042276 0.4388410397765967 0.44515338904896584 0.45146573832133496 0.4577780875937041 0.46409043686607326 0.4704027861384424 0.4767151354108115 0.4830274846831914 0.4893398339555605 0.49565218322792964 0.49813513601476805 0.496524377410695
-9999.0 -9999.0 -9999.0 -9999.0 -9999.0 -9999.0 -9999.0 -9999.0 -9999.0 -9999.0 -9999.0 0.30847035000193257 0.3113033264889875 0.31747428138084155 0.3236452362726851 0.3298161911645286 0.33598714605637214 0.34215810094821564 0.3483290558400592 0.3545000107319027 0.36067096562374623 0.3668419205155897 0.3730128754074332 0.37918383029927677 0.38535478519112026 0.3915257400829638 0.39769669497481785 0.40386764986666135 0.4100386047585049 0.4162095596503484 0.42238051454219194 0.42855146943403544 0.43472242432587893 0.4408933792177225 0.44706433410956603 0.4532352890014095 -9999.0 -9999.0 0.47174815367694006 0.4779191085687941 0.48409006346063765 0.49026101835248115 0.49273925088673326 0.49126987976180186
-9999.0 -9999.0 -9999.0 -9999.0 -9999.0 -9999.0 -9999.0 -9999.0 -9999.0 -9999.0 0.30750204172821205 0.3072359010375396 0.3100125986487835 0.3160421591601118 0.32207171967142983 0.32810128018274787 0.3341308406940659 0.34016040120538393 0.34618996171670197 0.35221952222802 0.35824908273933803 0.36427864325065606 0.3703082037619741 0.37633776427329213 0.3823673247846101 0.3883968852959282 0.3944264458072565 0.4004560063185745 0.40648556682989256 0.41251512734121054 0.4185446878525286 0.4245742483638466 -9999.0 0.4366333693864827 -9999.0 -9999.0 -9999.0 -9999.0 -9999.0 -9999.0 -9999.0 -9999.0 0.487343365758703 0.48601538211291323
-9999.0 -9999.0 -9999.0 -9999.0 -9999.0 -9999.0 -9999.0 -9999.0 -9999.0 -9999.0 0.3062442517091909 0.3060014520731466 0.30872187080857943 0.314610036939382 0.32049820307017457 0.3263863692009671 0.33227453533175966 0.3381627014625522 0.34405086759334474 0.34993903372413726 0.35582719985492983 0.36171536598572235 0.3676035321165149 0.37349169824730744 0.3793798643781 0.3852680305088925 0.39115619663969514 0.39704436277048766 0.4029325289012802 -9999.0 -9999.0 -9999.0 -9999.0 -9999.0 -9999.0 -9999.0 -9999.0 -9999.0 -9999.0 -9999.0 -9999.0 -9999.0 -9999.0 0.4807608844640246
-9999.0 -9999.0 -9999.0 -9999.0 -9999.0 -9999.0 -9999.0 -9999.0 -9999.0 -9999.0 -9999.0 0.3080105394258735 0.3108572632399169 0.3168906594439295 0.3229240556479319 0.32895745185193426 0.3349908480559366 0.34102424425993894 0.3470576404639413 0.35309103666794367 0.359124432871946 0.36515782907594835 0.37119122527995074 0.3772246214839531 0.3832580176879554 0.38929141389195776 0.3953248100959704 0.40135820629997276 0.4073916025039751 -9999.0 -9999.0 -9999.0 -9999.0 -9999.0 -9999.0 -9999.0 -9999.0 -9999.0 -9999.0 -9999.0 -9999.0 -9999.0 -9999.0 -9999.0
-9999.0 -9999.0 -9999.0 -9999.0 -9999.0 -9999.0 -9999.0 -9999.0 -9999.0 -9999.0 -9999.0 -9999.0 -9999.0 -9999.0 0.3296249817248677 0.3361099914719557 0.3425950012190437 0.34908001096613167 0.35556502071321966 0.36205003046030765 0.36853504020739564 0.37502004995448357 0.38150505970157156 0.38799006944865955 0.39447507919574754 0.4009600889428355 0.40744509868993456 0.41393010843702255 0.42041511818411054 -9999.0 -9999.0 -9999.0 -9999.0 -9999.0 -9999.0 -9999.0 -9999.0 -9999.0 -9999.0 -9999.0 -9999.0 -9999.0 -9999.0 -9999.0
-9999.0 -9999.0 -9999.0 -9999.0 -9999.0 -9999.0 -9999.0 -9999.0 -9999.0 -9999.0 -9999.0 -9999.0 -9999.0 -9999.0 0.3363259078018035 0.34326253109197713 0.3501991543821507 0.35713577767232435 0.36407240096249793 0.37100902425267157 0.37794564754284515 0.3848822708330188 0.3918188941231924 0.398755517413366 0.40569214070353965 0.41262876399371323 0.4195653872838987 0.42650201057407233 -9999.0 -9999.0 -9999.0 -9999.0 -9999.0 -9999.0 -9999.0 -9999.0 -9999.0 -9999.0 -9999.0 -9999.0 -9999.0 -9999.0 -9999.0 -9999.0
-9999.0 -9999.0 -9999.0 -9999.0 -9999.0 -9999.0 -9999.0 -9999.0 -9999.0 -9999.0 -9999.0 -9999.0 -9999.0 0.33563859704548 0.3430268338787392 0.3504150707119985 0.35780330754525774 0.365191544378517 0.3725797812117762 0.37996801804503544 0.3873562548782947 0.39474449171155396 0.4021327285448132 0.4095209653780724 0.41690920221133165 0.42429743904459094 0.4316856758778628 0.439073912711122 -9999.0 -9999.0 -9999.0 -9999.0 -9999.0 -9999.0 -9999.0 -9999.0 -9999.0 -9999.0 -9999.0 -9999.0 -9999.0 -9999.0 -9999.0 0.5434395697590143
-9999.0 -9999.0 -9999.0 -9999.0 -9999.0 -9999.0 -9999.0 -9999.0 -9999.0 -9999.0 -9999.0 -9999.0 0.33404805920297687 0.3418879095793355 0.34972775995568073 0.357567610332026 0.36540746070837127 0.37324731108471654 0.3810871614610618 0.3889270118374071 0.3967668622137523 0.40460671259009756 0.41244656296644283 0.4202864133427881 0.4281262637191333 0.4359661140954786 0.44380596447183723 0.4516458148481825 -9999.0 -9999.0 -9999.0 -9999.0 -9999.0 -9999.0 -9999.0 -9999.0 -9999.0 -9999.0 -9999.0 -9999.0 -9999.0 -9999.0 -9999.0 0.5622127799224769
-9999.0 -9999.0 -9999.0 -9999.0 -9999.0 -9999.0 -9999.0 -9999.0 -9999.0 -9999.0 -9999.0 -9999.0 0.33984575819374063 0.34813722211318565 0.3564286860326165 0.3647201499520474 0.3730116138714783 0.38130307779090916 0.3895945417103401 0.39788600562977094 0.40617746954920186 0.4144689334686327 0.4227603973880636 0.4310518613074945 0.4393433252269254 0.44763478914635624 0.4559262530658013 -9999.0 -9999.0 -9999.0 -9999.0 -9999.0 -9999.0 -9999.0 -9999.0 -9999.0 -9999.0 -9999.0 -9999.0 -9999.0 -9999.0 -9999.0 -9999.0 0.5809859900859232
-9999.0 -9999.0 -9999.0 -9999.0 -9999.0 -9999.0 -9999.0 -9999.0 -9999.0 -9999.0 -9999.0 -9999.0 0.3456434571845044 0.35438653464703584 0.36312961210955236 0.37187268957206887 0.38061576703458533 -9999.0 -9999.0 0.4068449994221349 0.4155880768846514 0.42433115434716795 0.4330742318096844 0.441817309272201 -9999.0 -9999.0 -9999.0 -9999.0 -9999.0 -9999.0 -9999.0 -9999.0 -9999.0 -9999.0 -9999.0 -9999.0 -9999.0 -9999.0 -9999.0 -9999.0 -9999.0 -9999.0 0.6024227365265419 0.5997592002493697
