Figures/CREST_Example_wjb_NSE/PETs/wjb.pet.20101009.asc
ncols            288
nrows            254
xllcorner        113.274861
yllcorner        31.4918055
cellsize         0.008333333333
NODATA_value     -9999
[rows 180 to 199 of 254, columns 88 to 131 of 288]
2.3822344866899168 2.3780899006066862 2.3739453145234557 2.3698007284402185 2.365656142356988 2.3615115562737574 2.357366970190527 2.3532223841072963 2.349077798024066 2.3449332119408353 2.3407886258576047 2.336644039774374 2.332499453691144 2.3283548676079135 2.3257895583346566 2.3249125316806016 2.324035505026545 2.32315847837249 2.322281451718435 2.32140442506438 2.3205273984103245 2.3196503717562695 2.3187733451022146 2.3178963184481596 2.3170192917941046 2.316142265140049 2.315265238485994 2.314388211831939 2.3135111851778842 2.3126341585238275 2.3117571318697725 2.3108801052157175 2.3100030785616625 2.309126051907607 2.308249025253552 2.307371998599497 2.306494971945442 2.3056179452913868 2.3047409186373318 2.303863891983277 2.302986865329222 2.302109838675167 2.30123281202111 2.300355785367055
2.385212501749494 2.3811032053025847 2.3769939088556753 2.3728846124087593 2.36877531596185 2.3646660195149405 2.360556723068031 2.356447426621122 2.352338130174213 2.3482288337273034 2.3441195372803945 2.340010240833485 2.3359009443865757 2.3317916479396663 2.329233770102957 2.328334393839983 2.3274350175770078 2.326535641314034 2.32563626505106 2.3247368887880864 2.3238375125251127 2.322938136262139 2.3220387599991654 2.3211393837361913 2.3202400074732177 2.319340631210244 2.3184412549472704 2.3175418786842963 2.3166425024213226 2.3157431261583477 2.3148437498953736 2.3139443736324 2.3130449973694263 2.3121456211064526 2.3112462448434785 2.310346868580505 2.309447492317531 2.3085481160545576 2.307648739791584 2.30674936352861 2.305849987265636 2.3049506110026625 2.304051234739687 2.3031518584767134
2.388190516809071 2.384116509998483 2.380042503187895 2.3759684963773 2.371894489566712 2.367820482756124 2.3637464759455358 2.3596724691349475 2.3555984623243598 2.3515244555137715 2.3474504487031838 2.3433764418925955 2.3393024350820073 2.3352284282714195 2.332677981871257 2.3317562559993643 2.3308345301274707 2.3299128042555783 2.3289910783836856 2.3280693525117933 2.327147626639901 2.3262259007680086 2.325304174896116 2.3243824490242235 2.323460723152331 2.322538997280439 2.3216172714085466 2.320695545536654 2.3197738196647615 2.318852093792868 2.317930367920975 2.3170086420490827 2.3160869161771904 2.315165190305298 2.3142434644334053 2.313321738561513 2.3124000126896207 2.3114782868177284 2.310556560945836 2.3096348350739433 2.308713109202051 2.3077913833301587 2.3068696574582646 2.3059479315863722
2.391168531868651 2.387129814694384 2.383091097520117 2.3790523803458434 2.375013663171577 2.3709749459973097 2.366936228823043 2.3628975116487765 2.3588587944745094 2.354820077300243 2.3507813601259757 2.346742642951709 2.3427039257774425 2.3386652086031754 2.33612219363956 2.335178118158749 2.334234042677936 2.3332899671971252 2.3323458917163142 2.331401816235503 2.330457740754692 2.329513665273881 2.32856958979307 2.3276255143122584 2.3266814388314474 2.3257373633506364 2.324793287869825 2.323849212389014 2.322905136908203 2.3219610614273902 2.3210169859465792 2.320072910465768 2.319128834984957 2.318184759504146 2.3172406840233344 2.3162966085425234 2.3153525330617124 2.3144084575809014 2.31346438210009 2.312520306619279 2.311576231138468 2.3106321556576566 2.3096880801768442 2.308744004696033
2.394146546928228 2.3901431193902827 2.3861396918523368 2.3821362643143846 2.378132836776439 2.3741294092384937 2.370125981700548 2.3661225541626023 2.362119126624657 2.3581156990867114 2.354112271548766 2.35010884401082 2.3461054164728745 2.342101988934929 2.3395664054078606 2.338599980318131 2.3376335552283996 2.33666713013867 2.33570070504894 2.33473427995921 2.3337678548694805 2.3328014297797504 2.3318350046900207 2.330868579600291 2.3299021545105614 2.3289357294208313 2.3279693043311016 2.327002879241372 2.326036454151642 2.3250700290619104 2.3241036039721807 2.323137178882451 2.322170753792721 2.3212043287029913 2.3202379036132617 2.319271478523532 2.318305053433802 2.3173386283440722 2.3163722032543426 2.3154057781646125 2.314439353074883 2.313472927985153 2.3125065028954217 2.3115400778056916
2.397124561987805 2.3931564240861807 2.3891882861845564 2.3852201482829254 2.381252010381301 2.3772838724796768 2.3733157345780524 2.369347596676428 2.365379458774804 2.3614113208731795 2.357443182971555 2.353475045069931 2.3495069071683066 2.3455387692666823 2.343010617176161 2.3420218424775125 2.3410330677788624 2.3400442930802137 2.3390555183815653 2.338066743682917 2.3370779689842682 2.33608919428562 2.3351004195869716 2.334111644888323 2.3331228701896745 2.332134095491026 2.3311453207923774 2.330156546093729 2.3291677713950807 2.3281789966964306 2.327190221997782 2.3262014472991335 2.325212672600485 2.324223897901837 2.323235123203188 2.3222463485045397 2.3212575738058914 2.3202687991072426 2.3192800244085943 2.318291249709946 2.317302475011297 2.316313700312649 2.3153249256139987 2.3143361509153504
2.4001025770473823 2.396169728782079 2.392236880516776 2.3883040322514666 2.3843711839861634 2.3804383357208603 2.376505487455557 2.372572639190254 2.368639790924951 2.364706942659648 2.360774094394345 2.356841246129042 2.3529083978637386 2.3489755495984355 2.3464548289444616 2.345443704636894 2.3444325803293253 2.3434214560217583 2.3424103317141913 2.341399207406624 2.340388083099057 2.3393769587914894 2.3383658344839224 2.3373547101763554 2.336343585868788 2.335332461561221 2.334321337253654 2.3333102129460865 2.3322990886385195 2.3312879643309508 2.3302768400233833 2.3292657157158163 2.3282545914082493 2.327243467100682 2.326232342793115 2.325221218485548 2.3242100941779804 2.3231989698704134 2.322187845562846 2.321176721255279 2.320165596947712 2.3191544726401445 2.3181433483325757 2.3171322240250087
2.4030805921069596 2.3991830334779776 2.3952854748489956 2.3913879162200073 2.3874903575910253 2.3835927989620433 2.379695240333062 2.37579768170408 2.371900123075098 2.3680025644461162 2.3641050058171342 2.3602074471881522 2.3563098885591707 2.3524123299301887 2.349899040712762 2.3488655667962757 2.3478320928797882 2.3467986189633026 2.3457651450468164 2.3447316711303308 2.343698197213845 2.342664723297359 2.3416312493808733 2.3405977754643876 2.3395643015479015 2.338530827631416 2.33749735371493 2.336463879798444 2.3354304058819584 2.334396931965471 2.333363458048985 2.332329984132499 2.3312965102160135 2.3302630362995274 2.3292295623830417 2.328196088466556 2.32716261455007 2.3261291406335842 2.3250956667170986 2.3240621928006124 2.3230287188841268 2.321995244967641 2.320961771051153 2.3199282971346675
2.4060586071665364 2.402196338173876 2.398334069181215 2.394471800188548 2.3906095311958873 2.386747262203227 2.382884993210566 2.3790227242179056 2.3751604552252448 2.3712981862325844 2.3674359172399235 2.363573648247263 2.3597113792546023 2.3558491102619414 2.3533432524810616 2.3522874289556572 2.351231605430251 2.3501757819048463 2.349119958379442 2.3480641348540376 2.347008311328633 2.3459524878032285 2.344896664277824 2.3438408407524194 2.342785017227015 2.3417291937016107 2.340673370176206 2.3396175466508016 2.338561723125397 2.3375058995999907 2.3364500760745863 2.3353942525491815 2.334338429023777 2.333282605498373 2.332226781972968 2.3311709584475637 2.3301151349221594 2.3290593113967546 2.3280034878713503 2.3269476643459455 2.325891840820541 2.324836017295137 2.32378019376973 2.322724370244326
2.4090366222261164 2.4052096428697767 2.4013826635134374 2.3975556841570915 2.3937287048007523 2.3899017254444126 2.3860747460880734 2.382247766731734 2.3784207873753944 2.374593808019055 2.370766828662716 2.3669398493063767 2.363112869950037 2.3592858905936978 2.356787464249365 2.355709291115042 2.3546311179807167 2.3535529448463937 2.35247477171207 2.351396598577747 2.350318425443424 2.3492402523091007 2.3481620791747777 2.3470839060404542 2.3460057329061312 2.3449275597718082 2.3438493866374848 2.3427712135031618 2.3416930403688383 2.3406148672345135 2.3395366941001905 2.338458520965867 2.337380347831544 2.3363021746972206 2.3352240015628976 2.3341458284285745 2.333067655294251 2.331989482159928 2.3309113090256046 2.3298331358912816 2.3287549627569586 2.327676789622635 2.3265986164883103 2.325520443353987
2.4120146372856937 2.4082229475656756 2.404431257845657 2.4006395681256327 2.3968478784056146 2.3930561886855966 2.389264498965578 2.38547280924556 2.381681119525542 2.3778894298055238 2.3740977400855057 2.3703060503654876 2.3665143606454695 2.3627226709254514 2.3602316760176656 2.359131153274424 2.35803063053118 2.356930107787938 2.355829585044696 2.3547290623014545 2.3536285395582124 2.3525280168149707 2.3514274940717286 2.350326971328487 2.3492264485852448 2.348125925842003 2.347025403098761 2.3459248803555193 2.3448243576122776 2.3437238348690337 2.3426233121257916 2.34152278938255 2.340422266639308 2.339321743896066 2.3382212211528244 2.3371206984095823 2.3360201756663406 2.3349196529230984 2.3338191301798568 2.3327186074366146 2.331618084693373 2.330517561950131 2.3294170392068874 2.3283165164636452
2.4149926523452705 2.4112362522615736 2.4074798521778766 2.4037234520941735 2.3999670520104766 2.3962106519267796 2.3924542518430827 2.3886978517593858 2.384941451675689 2.381185051591992 2.377428651508295 2.373672251424598 2.369915851340901 2.366159451257204 2.363675887785966 2.362553015433805 2.361430143081643 2.360307270729482 2.3591843983773217 2.358061526025161 2.3569386536730006 2.3558157813208402 2.3546929089686794 2.353570036616519 2.3524471642643583 2.351324291912198 2.350201419560037 2.349078547207877 2.3479556748557164 2.346832802503554 2.345709930151393 2.3445870577992327 2.3434641854470724 2.3423413130949116 2.341218440742751 2.3400955683905904 2.33897269603843 2.3378498236862693 2.336726951334109 2.3356040789819486 2.3344812066297878 2.3333583342776274 2.332235461925465 2.331112589573304
2.417970667404848 2.414249556957472 2.4105284465100967 2.4068073360627142 2.403086225615339 2.399365115167963 2.3956440047205874 2.3919228942732116 2.3882017838258363 2.3844806733784605 2.3807595629310847 2.377038452483709 2.3733173420363336 2.369596231588958 2.3671200995542665 2.365974877593187 2.364829655632106 2.3636844336710268 2.3625392117099473 2.3613939897488683 2.360248767787789 2.35910354582671 2.3579583238656303 2.3568131019045513 2.355667879943472 2.354522657982393 2.3533774360213138 2.3522322140602343 2.3510869920991553 2.349941770138074 2.3487965481769946 2.3476513262159155 2.346506104254836 2.345360882293757 2.3442156603326776 2.3430704383715986 2.341925216410519 2.34077999444944 2.3396347724883606 2.3384895505272816 2.337344328566202 2.336199106605123 2.335053884644042 2.333908662682963
2.420948682464425 2.4172628616533705 2.413577040842316 2.4098912200312554 2.406205399220201 2.402519578409146 2.398833757598092 2.3951479367870374 2.3914621159759832 2.3877762951649286 2.384090474353874 2.38040465354282 2.376718832731765 2.3730330119207106 2.3705643113225663 2.3693967397525686 2.3682291681825687 2.367061596612571 2.365894025042573 2.364726453472575 2.363558881902577 2.3623913103325793 2.361223738762581 2.3600561671925835 2.3588885956225853 2.3577210240525877 2.35655345248259 2.355385880912592 2.354218309342594 2.353050737772594 2.351883166202596 2.3507155946325984 2.3495480230626002 2.3483804514926025 2.3472128799226044 2.3460453083526067 2.3448777367826086 2.343710165212611 2.342542593642613 2.341375022072615 2.3402074505026174 2.339039878932619 2.3378723073626193 2.3367047357926216
2.4239266975240032 2.4202761663492702 2.4166256351745368 2.4129751039997975 2.4093245728250645 2.405674041650331 2.402023510475598 2.3983729793008646 2.3947224481261316 2.3910719169513985 2.387421385776665 2.383770854601932 2.3801203234271986 2.3764697922524656 2.3740085230908683 2.372818601911952 2.3716286807330333 2.3704387595541165 2.3692488383752 2.3680589171962834 2.366868996017367 2.36567907483845 2.364489153659534 2.363299232480617 2.3621093113017007 2.360919390122784 2.3597294689438675 2.3585395477649507 2.3573496265860343 2.3561597054071157 2.354969784228199 2.3537798630492826 2.3525899418703657 2.3514000206914494 2.3502100995125326 2.349020178333616 2.3478302571546994 2.346640335975783 2.3454504147968662 2.34426049361795 2.343070572439033 2.3418806512601167 2.3406907300811977 2.3395008089022813
2.4269047125835805 2.4232894710451687 2.4196742295067564 2.4160589879683383 2.4124437464299264 2.4088285048915146 2.4052132633531023 2.4015980218146904 2.3979827802762785 2.3943675387378667 2.3907522971994544 2.3871370556610425 2.3835218141226306 2.379906572584219 2.3774527348591685 2.3762404640713335 2.375028193283496 2.3738159224956608 2.3726036517078253 2.3713913809199902 2.3701791101321548 2.3689668393443197 2.3677545685564843 2.366542297768649 2.3653300269808137 2.3641177561929787 2.3629054854051432 2.361693214617308 2.3604809438294727 2.3592686730416355 2.3580564022538 2.356844131465965 2.3556318606781295 2.3544195898902944 2.353207319102459 2.351995048314624 2.3507827775267884 2.3495705067389534 2.348358235951118 2.347145965163283 2.3459336943754474 2.3447214235876124 2.343509152799775 2.3422968820119396
2.429882727643158 2.426302775741067 2.4227228238389764 2.4191428719368795 2.415562920034789 2.411982968132698 2.4084030162306074 2.4048230643285167 2.401243112426426 2.3976631605243353 2.394083208622244 2.3905032567201534 2.3869233048180627 2.383343352915972 2.380896946627469 2.379662326230715 2.378427705833959 2.377193085437205 2.3759584650404513 2.374723844643697 2.3734892242469434 2.3722546038501893 2.3710199834534356 2.3697853630566814 2.3685507426599273 2.3673161222631736 2.3660815018664194 2.3648468814696657 2.3636122610729116 2.3623776406761556 2.3611430202794015 2.359908399882648 2.3586737794858936 2.35743915908914 2.3562045386923858 2.354969918295632 2.353735297898878 2.3525006775021238 2.35126605710537 2.350031436708616 2.348796816311862 2.347562195915108 2.346327575518352 2.345092955121598
2.432860742702736 2.4293160804369665 2.425771418171197 2.4222267559054216 2.418682093639652 2.4151374313738825 2.411592769108113 2.4080481068423434 2.404503444576574 2.4009587823108043 2.397414120045035 2.3938694577792656 2.390324795513496 2.3867801332477265 2.3843411583957708 2.383084188390098 2.3818272183844234 2.3805702483787505 2.379313278373078 2.3780563083674053 2.376799338361733 2.37554236835606 2.3742853983503873 2.373028428344715 2.371771458339042 2.3705144883333698 2.369257518327697 2.3680005483220246 2.3667435783163517 2.365486608310677 2.3642296383050043 2.362972668299332 2.361715698293659 2.3604587282879868 2.359201758282314 2.3579447882766416 2.3566878182709687 2.355430848265296 2.3541738782596235 2.3529169082539507 2.3516599382482783 2.3504029682426055 2.349145998236931 2.347889028231258
2.4358387577623133 2.432329385132865 2.428820012503417 2.4253106398739623 2.4218012672445144 2.418291894615066 2.4147825219856176 2.4112731493561697 2.4077637767267213 2.404254404097273 2.4007450314678245 2.3972356588383765 2.393726286208928 2.3902169135794797 2.387785370164071 2.38650605054948 2.3852267309348862 2.383947411320295 2.3826680917057037 2.3813887720911127 2.380109452476521 2.3788301328619297 2.3775508132473386 2.376271493632747 2.374992174018156 2.3737128544035646 2.372433534788973 2.371154215174382 2.3698748955597906 2.3685955759451973 2.367316256330606 2.366036936716015 2.3647576171014233 2.363478297486832 2.3621989778722408 2.3609196582576493 2.359640338643058 2.3583610190284667 2.3570816994138752 2.355802379799284 2.3545230601846927 2.3532437405701017 2.351964420955508 2.350685101340917
2.4388167728218906 2.4353426898287633 2.431868606835636 2.4283945238425035 2.4249204408493763 2.421446357856249 2.4179722748631223 2.414498191869995 2.4110241088768682 2.407550025883741 2.404075942890614 2.400601859897487 2.39712777690436 2.393653693911233 2.3912295819323712 2.3899279127088615 2.388626243485349 2.387324574261839 2.3860229050383293 2.384721235814819 2.3834195665913094 2.382117897367799 2.380816228144289 2.3795145589207793 2.378212889697269 2.3769112204737595 2.3756095512502493 2.374307882026739 2.3730062128032294 2.371704543579717 2.3704028743562073 2.369101205132697 2.367799535909187 2.3664978666856773 2.365196197462167 2.3638945282386574 2.3625928590151473 2.361291189791637 2.3599895205681274 2.3586878513446172 2.3573861821211075 2.3560845128975973 2.354782843674085 2.3534811744505753
