Figures/CREST_Example_wjb_NSE/PETs/wjb.pet.20090628.asc
ncols            288
nrows            254
xllcorner        113.274861
yllcorner        31.4918055
cellsize         0.008333333333
NODATA_value     -9999
[rows 140 to 159 of 254, columns 88 to 131 of 288]
2.7307796553193233 2.726939631222427 2.723099607125531 2.7192595830286286 2.7154195589317323 2.7115795348348364 2.70773951073794 2.7038994866410437 2.700059462544148 2.6962194384472515 2.6923794143503557 2.6885393902534593 2.6846993661565635 2.680859342059667 2.681113867672085 2.6857455595064317 2.690377251340786 2.6950089431751327 2.6996406350094793 2.7042723268438253 2.708904018678172 2.7135357105125184 2.718167402346865 2.7227990941812115 2.727430786015558 2.7320624778499045 2.736694169684251 2.7413258615185976 2.745957553352944 2.750589245187298 2.7552209370216447 2.7598526288559913 2.764484320690338 2.7691160125246843 2.773747704359031 2.7783793961933774 2.783011088027724 2.7876427798620704 2.792274471696417 2.796906163530763 2.8015378553651096 2.806169547199456 2.8108012390338106 2.815432930868157
2.7316030002127993 2.7280397808994064 2.724476561586014 2.720913342272615 2.7173501229592225 2.7137869036458295 2.710223684332437 2.706660465019044 2.7030972457056515 2.699534026392259 2.695970807078866 2.6924075877654734 2.6888443684520804 2.685281149138688 2.6857580471343065 2.6905539218851486 2.6953497966359987 2.7001456713868404 2.7049415461376825 2.7097374208885245 2.714533295639366 2.7193291703902083 2.7241250451410504 2.728920919891892 2.733716794642734 2.738512669393576 2.7433085441444183 2.74810441889526 2.752900293646102 2.757696168396952 2.762492043147794 2.767287917898636 2.772083792649478 2.77687966740032 2.7816755421511616 2.7864714169020037 2.791267291652846 2.7960631664036875 2.8008590411545295 2.8056549159053716 2.8104507906562133 2.8152466654070554 2.8200425401579055 2.8248384149087475
2.732426345106275 2.7291399305763857 2.7258535160464965 2.7225671015166015 2.7192806869867123 2.7159942724568227 2.7127078579269335 2.7094214433970443 2.7061350288671546 2.7028486143372654 2.699562199807376 2.6962757852774866 2.6929893707475974 2.689702956217708 2.6904022265965275 2.6953622842638647 2.700322341931211 2.705282399598548 2.7102424572658856 2.715202514933223 2.72016257260056 2.7251226302678977 2.730082687935235 2.7350427456025725 2.7400028032699097 2.7449628609372474 2.7499229186045846 2.7548829762719222 2.7598430339392594 2.764803091606605 2.7697631492739427 2.77472320694128 2.7796832646086176 2.784643322275955 2.7896033799432924 2.7945634376106296 2.7995234952779673 2.8044835529453045 2.8094436106126417 2.8144036682799793 2.8193637259473165 2.824323783614654 2.829283841282 2.8342438989493375
2.733249689999751 2.730240080253365 2.727230470506979 2.724220860760588 2.721211251014202 2.7182016412678163 2.7151920315214304 2.7121824217750445 2.7091728120286582 2.7061632022822724 2.7031535925358865 2.7001439827895006 2.6971343730431148 2.6941247632967285 2.695046406058749 2.7001706466425817 2.7052948872264233 2.710419127810256 2.715543368394089 2.7206676089779216 2.725791849561755 2.7309160901455876 2.7360403307294203 2.741164571313253 2.746288811897086 2.751413052480919 2.756537293064752 2.7616615336485846 2.7667857742324173 2.771910014816259 2.7770342554000917 2.7821584959839245 2.7872827365677577 2.7924069771515905 2.7975312177354232 2.802655458319256 2.8077796989030888 2.812903939486922 2.8180281800707547 2.8231524206545875 2.8282766612384203 2.833400901822253 2.8385251424060947 2.843649382989928
2.734073034893228 2.7313402299303453 2.7286074249674632 2.7258746200045763 2.7231418150416937 2.720409010078811 2.717676205115929 2.7149434001530466 2.7122105951901645 2.709477790227282 2.7067449852643994 2.7040121803015174 2.701279375338635 2.6985465703757527 2.699690585520974 2.704979009021302 2.71026743252164 2.715555856021968 2.7208442795222965 2.726132703022625 2.7314211265229535 2.736709550023282 2.74199797352361 2.747286397023939 2.7525748205242673 2.7578632440245956 2.7631516675249244 2.7684400910252527 2.773728514525581 2.7790169380259186 2.784305361526247 2.7895937850265753 2.794882208526904 2.8001706320272324 2.8054590555275607 2.8107474790278895 2.816035902528218 2.821324326028546 2.8266127495288744 2.831901173029203 2.8371895965295315 2.84247802002986 2.8477664435301975 2.853054867030526
2.7348963797867034 2.7324403796073247 2.7299843794279455 2.7275283792485623 2.7250723790691835 2.7226163788898043 2.7201603787104256 2.7177043785310464 2.7152483783516677 2.7127923781722885 2.7103363779929097 2.7078803778135305 2.705424377634152 2.7029683774547726 2.704334764983195 2.7097873714000187 2.715239977816852 2.7206925842336758 2.7261451906504997 2.7315977970673235 2.7370504034841474 2.7425030099009713 2.747955616317795 2.753408222734619 2.758860829151443 2.764313435568267 2.7697660419850907 2.7752186484019146 2.7806712548187384 2.7861238612355717 2.7915764676523955 2.7970290740692194 2.8024816804860433 2.807934286902867 2.8133868933196915 2.8188394997365154 2.8242921061533393 2.829744712570163 2.835197318986987 2.840649925403811 2.8461025318206348 2.8515551382374587 2.857007744654292 2.8624603510711157
2.7357197246801794 2.733540529284304 2.7313613338884286 2.729182138492549 2.7270029430966733 2.724823747700798 2.7226445523049225 2.7204653569090467 2.7182861615131713 2.716106966117296 2.71392777072142 2.7117485753255446 2.709569379929669 2.7073901845337933 2.7089789444454158 2.714595733778735 2.7202125231120644 2.7258293124453834 2.731446101778703 2.7370628911120223 2.7426796804453417 2.748296469778661 2.7539132591119806 2.7595300484452996 2.765146837778619 2.7707636271119385 2.776380416445258 2.7819972057785773 2.7876139951118963 2.7932307844452255 2.798847573778545 2.804464363111864 2.8100811524451834 2.815697941778503 2.8213147311118223 2.8269315204451417 2.832548309778461 2.83816509911178 2.8437818884450996 2.849398677778419 2.8550154671117385 2.860632256445058 2.8662490457783867 2.871865835111706
2.7365430695736555 2.7346406789612834 2.732738288348911 2.7308358977365357 2.728933507124163 2.727031116511791 2.725128725899419 2.723226335287047 2.7213239446746744 2.7194215540623023 2.7175191634499303 2.7156167728375578 2.7137143822251857 2.7118119916128136 2.7136231239076367 2.7194040961574517 2.7251850684072765 2.730966040657091 2.736747012906906 2.7425279851567206 2.7483089574065356 2.75408992965635 2.759870901906165 2.76565187415598 2.7714328464057947 2.7772138186556097 2.7829947909054242 2.7887757631552392 2.7945567354050542 2.8003377076548785 2.8061186799046935 2.8118996521545085 2.817680624404323 2.823461596654138 2.8292425689039526 2.8350235411537676 2.840804513403582 2.846585485653397 2.852366457903212 2.8581474301530267 2.8639284024028417 2.8697093746526563 2.875490346902481 2.881271319152296
2.738334535793323 2.736546732807157 2.734758929820991 2.732971126834822 2.7311833238486556 2.72939552086249 2.7276077178763236 2.7258199148901574 2.724032111903991 2.7222443089178254 2.720456505931659 2.718668702945493 2.716880899959327 2.715093096973161 2.7169775060330417 2.7227875928032588 2.728597679573485 2.734407766343702 2.7402178531139185 2.7460279398841356 2.7518380266543523 2.757648113424569 2.7634582001947856 2.7692682869650023 2.7750783737352194 2.780888460505436 2.7866985472756527 2.7925086340458694 2.798318720816086 2.804128807586313 2.8099388943565295 2.815748981126746 2.821559067896963 2.82736915466718 2.8331792414373966 2.8389893282076133 2.84479941497783 2.8506095017480466 2.8564195885182633 2.8622296752884804 2.868039762058697 2.8738498488289137 2.8796599355991406 2.8854700223693572
2.7411608626822916 2.7393142474070205 2.7374676321317493 2.735621016856475 2.7337744015812038 2.7319277863059326 2.7300811710306614 2.7282345557553898 2.7263879404801186 2.7245413252048474 2.722694709929576 2.720848094654305 2.719001479379034 2.7171548641037626 2.718953176111591 2.7246479978012226 2.730342819490864 2.7360376411804954 2.741732462870127 2.7474272845597585 2.75312210624939 2.7588169279390216 2.764511749628653 2.7702065713182846 2.775901393007916 2.7815962146975477 2.7872910363871792 2.7929858580768108 2.7986806797664423 2.8043755014560836 2.810070323145715 2.8157651448353467 2.821459966524978 2.82715478821461 2.8328496099042417 2.8385444315938733 2.844239253283505 2.8499340749731363 2.855628896662768 2.8613237183523994 2.867018540042031 2.8727133617316625 2.878408183421304 2.8841030051109353
2.7439871895712624 2.742081762006886 2.7401763344425096 2.73827090687813 2.7363654793137533 2.734460051749377 2.7325546241850005 2.7306491966206243 2.7287437690562477 2.7268383414918715 2.7249329139274954 2.7230274863631188 2.7211220587987426 2.719216631234366 2.7209288461901413 2.7265084027991873 2.732087959408243 2.7376675160172894 2.743247072626336 2.7488266292353822 2.754406185844428 2.7599857424534746 2.765565299062521 2.7711448556715674 2.776724412280614 2.78230396888966 2.787883525498706 2.7934630821077526 2.799042638716799 2.8046221953258548 2.8102017519349007 2.815781308543947 2.8213608651529936 2.82694042176204 2.832519978371086 2.8380995349801323 2.8436790915891788 2.849258648198225 2.8548382048072716 2.8604177614163175 2.865997318025364 2.8715768746344104 2.877156431243466 2.8827359878525125
2.7468135164602305 2.744849276606749 2.7428850367532673 2.7409207968997826 2.738956557046301 2.7369923171928194 2.7350280773393383 2.7330638374858567 2.731099597632375 2.7291353577788935 2.727171117925412 2.7252068780719303 2.723242638218449 2.7212783983649675 2.72290451626869 2.7283688077971506 2.7338330993256212 2.7392973908540825 2.7447616823825434 2.7502259739110047 2.755690265439466 2.7611545569679268 2.766618848496388 2.7720831400248493 2.77754743155331 2.7830117230817715 2.7884760146102328 2.7939403061386936 2.799404597667155 2.8048688891956255 2.8103331807240863 2.8157974722525476 2.821261763781009 2.8267260553094697 2.832190346837931 2.8376546383663923 2.843118929894853 2.8485832214233144 2.8540475129517757 2.8595118044802366 2.864976096008698 2.870440387537159 2.8759046790656293 2.8813689705940906
2.749639843349199 2.7476167912066125 2.745593739064026 2.743570686921436 2.741547634778849 2.7395245826362626 2.7375015304936756 2.735478478351089 2.7334554262085025 2.731432374065916 2.7294093219233293 2.7273862697807427 2.725363217638156 2.723340165495569 2.7248801863472387 2.7302292127951144 2.735578239243 2.7409272656908756 2.746276292138752 2.7516253185866275 2.7569743450345037 2.7623233714823794 2.7676723979302555 2.7730214243781313 2.7783704508260074 2.783719477273883 2.7890685037217593 2.7944175301696355 2.799766556617511 2.805115583065396 2.8104646095132724 2.815813635961148 2.8211626624090242 2.8265116888569 2.831860715304776 2.8372097417526523 2.842558768200528 2.847907794648404 2.85325682109628 2.858605847544156 2.8639548739920317 2.869303900439908 2.874652926887793 2.880001953335669
2.752466170238167 2.7503843058064756 2.7483024413747836 2.7462205769430885 2.7441387125113965 2.742056848079705 2.739974983648013 2.7378931192163214 2.7358112547846294 2.733729390352938 2.731647525921246 2.7295656614895543 2.7274837970578627 2.7254019326261707 2.726855856425787 2.732089617793078 2.7373233791603777 2.7425571405276683 2.7477909018949593 2.75302466326225 2.758258424629541 2.7634921859968316 2.7687259473641226 2.773959708731413 2.7791934700987038 2.784427231465995 2.7896609928332854 2.7948947542005764 2.800128515567867 2.805362276935167 2.8105960383024575 2.8158297996697486 2.821063561037039 2.8262973224043297 2.8315310837716208 2.8367648451389114 2.8419986065062024 2.847232367873493 2.852466129240784 2.8576998906080746 2.862933651975365 2.8681674133426562 2.873401174709956 2.8786349360772467
2.7552924971271358 2.7531518204063388 2.751011143685542 2.7488704669647412 2.7467297902439443 2.7445891135231473 2.7424484368023503 2.7403077600815537 2.7381670833607568 2.7360264066399598 2.733885729919163 2.731745053198366 2.7296043764775693 2.7274636997567723 2.7288315265043357 2.7339500227910416 2.739068519077756 2.7441870153644614 2.749305511651167 2.754424007937873 2.7595425042245783 2.7646610005112837 2.7697794967979896 2.774897993084695 2.7800164893714006 2.7851349856581065 2.790253481944812 2.7953719782315174 2.8004904745182233 2.8056089708049377 2.810727467091643 2.8158459633783486 2.8209644596650545 2.82608295595176 2.8312014522384654 2.8363199485251713 2.841438444811877 2.8465569410985827 2.851675437385288 2.8567939336719936 2.8619124299586995 2.867030926245405 2.8721494225321194 2.877267918818825
2.7581188240161043 2.755919335006202 2.7537198459963 2.7515203569863944 2.7493208679764924 2.74712137896659 2.744921889956688 2.742722400946786 2.740522911936884 2.738323422926982 2.73612393391708 2.7339244449071782 2.731724955897276 2.729525466887374 2.7308071965828846 2.7358104277890054 2.740813658995134 2.7458168902012545 2.750820121407375 2.7558233526134956 2.760826583819616 2.7658298150257363 2.7708330462318567 2.7758362774379775 2.780839508644098 2.785842739850218 2.7908459710563385 2.7958492022624593 2.8008524334685796 2.8058556646747084 2.8108588958808287 2.8158621270869495 2.82086535829307 2.82586858949919 2.8308718207053105 2.8358750519114313 2.8408782831175516 2.845881514323672 2.8508847455297923 2.855887976735913 2.8608912079420334 2.865894439148154 2.8708976703542826 2.8759009015604033
2.7609451509050724 2.758686849606065 2.756428548307058 2.754170247008047 2.7519119457090397 2.749653644410033 2.7473953431110254 2.7451370418120185 2.742878740513011 2.740620439214004 2.7383621379149967 2.7361038366159898 2.7338455353169824 2.7315872340179754 2.732782866661433 2.7376708327869688 2.7425587989125124 2.7474467650380476 2.752334731163583 2.757222697289118 2.7621106634146533 2.7669986295401885 2.7718865956657237 2.7767745617912594 2.7816625279167946 2.78655049404233 2.791438460167865 2.7963264262934002 2.8012143924189354 2.806102358544479 2.8109903246700143 2.81587829079555 2.820766256921085 2.8256542230466204 2.8305421891721556 2.835430155297691 2.840318121423226 2.8452060875487613 2.850094053674297 2.854982019799832 2.8598699859253673 2.8647579520509026 2.869645918176446 2.8745338843019814
2.7637714777940428 2.7614543642059304 2.7591372506178184 2.756820137029702 2.7545030234415897 2.7521859098534773 2.749868796265365 2.7475516826772526 2.74523456908914 2.742917455501028 2.7406003419129155 2.7382832283248035 2.735966114736691 2.733649001148579 2.7347585367399834 2.7395312377849335 2.7443039388298915 2.7490766398748416 2.7538493409197917 2.758622041964742 2.763394743009692 2.768167444054642 2.772940145099592 2.7777128461445417 2.782485547189492 2.787258248234442 2.792030949279392 2.796803650324342 2.8015763513692917 2.8063490524142503 2.8111217534592 2.81589445450415 2.8206671555491 2.82543985659405 2.8302125576390003 2.8349852586839503 2.8397579597289004 2.84453066077385 2.8493033618188 2.8540760628637503 2.8588487639087004 2.8636214649536504 2.8683941659986085 2.8731668670435586
2.7665978046830113 2.764221878805794 2.7618459529285766 2.7594700270513552 2.7570941011741374 2.75471817529692 2.7523422494197027 2.7499663235424854 2.7475903976652676 2.7452144717880502 2.742838545910833 2.7404626200336155 2.738086694156398 2.7357107682791804 2.7367342068185327 2.7413916427828973 2.7460490787472702 2.750706514711635 2.7553639506759997 2.7600213866403647 2.7646788226047296 2.7693362585690946 2.773993694533459 2.778651130497824 2.783308566462189 2.7879660024265536 2.7926234383909185 2.7972808743552835 2.8019383103196485 2.806595746284021 2.811253182248386 2.815910618212751 2.8205680541771154 2.8252254901414804 2.8298829261058454 2.83454036207021 2.839197798034575 2.84385523399894 2.8485126699633048 2.8531701059276693 2.8578275418920343 2.862484977856399 2.8671424138207717 2.8717998497851367
2.7694241315719794 2.766989393405657 2.7645546552393343 2.7621199170730075 2.759685178906685 2.7572504407403624 2.75481570257404 2.7523809644077173 2.749946226241395 2.747511488075072 2.74507674990875 2.742642011742427 2.7402072735761047 2.737772535409782 2.7387098768970812 2.7432520477808606 2.7477942186646485 2.752336389548428 2.7568785604322077 2.761420731315987 2.765962902199767 2.7705050730835468 2.775047243967326 2.779589414851106 2.784131585734886 2.7886737566186652 2.793215927502445 2.7977580983862245 2.8023002692700043 2.8068424401537917 2.8113846110375715 2.815926781921351 2.8204689528051308 2.8250111236889106 2.82955329457269 2.83409546545647 2.8386376363402497 2.843179807224029 2.847721978107809 2.8522641489915888 2.856806319875368 2.861348490759148 2.8658906616429354 2.870432832526715
