Figures/CREST_Example_wjb_NSE/PETs/wjb.pet.20090411.asc
ncols            288
nrows            254
xllcorner        113.274861
yllcorner        31.4918055
cellsize         0.008333333333
NODATA_value     -9999
[rows 40 to 59 of 254, columns 0 to 43 of 288]
-9999.0 -9999.0 -9999.0 -9999.0 -9999.0 -9999.0 -9999.0 -9999.0 -9999.0 -9999.0 -9999.0 -9999.0 -9999.0 -9999.0 1.6202450097926606 1.6216493593309287 1.6230537088691965 1.6244580584074644 1.6258624079457322 1.6272667574840003 1.6286711070222681 1.630075456560536 1.6314798060988038 1.6328841556370717 1.6342885051753397 1.6356928547136076 1.6370972042518779 1.6385015537901457 1.6399059033284136 1.6413102528666814 1.6427146024049495 1.6441189519432173 1.6455233014814852 1.646927651019753 1.648332000558021 1.649736350096289 1.6511406996345568 1.6525450491728246 1.6539493987110925 1.6553537482493628 1.6567580977876308 1.6581624473258987 1.6594685231922852 1.6606695422823554
-9999.0 -9999.0 -9999.0 -9999.0 -9999.0 -9999.0 -9999.0 -9999.0 -9999.0 -9999.0 -9999.0 -9999.0 -9999.0 -9999.0 -9999.0 1.6190029373643502 1.620550021811868 1.622097106259386 1.6236441907069041 1.625191275154422 1.62673835960194 1.628285444049458 1.629832528496976 1.631379612944494 1.632926697392012 1.6344737818395298 1.6360208662870506 1.6375679507345686 1.6391150351820865 1.6406621196296045 1.6422092040771226 1.6437562885246404 1.6453033729721585 1.6468504574196765 1.6483975418671943 1.6499446263147124 1.6514917107622304 1.6530387952097485 1.6545858796572663 1.656132964104787 1.6576800485523049 1.659227132999823 1.6606271269592447 1.6618698778625112
-9999.0 -9999.0 -9999.0 -9999.0 -9999.0 -9999.0 -9999.0 -9999.0 -9999.0 -9999.0 -9999.0 -9999.0 -9999.0 -9999.0 -9999.0 1.6163565153977717 1.6180463347545397 1.619736154111308 1.621425973468076 1.623115792824844 1.6248056121816121 1.6264954315383802 1.6281852508951482 1.6298750702519162 1.6315648896086843 1.6332547089654526 1.6349445283222235 1.6366343476789915 1.6383241670357596 1.6400139863925276 1.6417038057492956 1.6433936251060637 1.6450834444628317 1.6467732638196 1.648463083176368 1.650152902533136 1.651842721889904 1.6535325412466721 1.6552223606034402 1.6569121799602111 1.6586019993169792 1.6602918186737474 1.661785730726204 1.663070213442667
-9999.0 -9999.0 -9999.0 -9999.0 -9999.0 -9999.0 -9999.0 -9999.0 -9999.0 -9999.0 -9999.0 -9999.0 -9999.0 -9999.0 -9999.0 -9999.0 1.6155426476972115 1.6173752019632295 1.6192077562292477 1.621040310495266 1.622872864761284 1.6247054190273023 1.6265379732933203 1.6283705275593385 1.6302030818253568 1.6320356360913748 1.6338681903573962 1.6357007446234142 1.6375332988894324 1.6393658531554507 1.6411984074214687 1.643030961687487 1.644863515953505 1.6466960702195232 1.6485286244855415 1.6503611787515595 1.6521937330175778 1.6540262872835958 1.655858841549614 1.6576913958156354 1.6595239500816534 1.6613565043476717 1.6629443344931636 1.664270549022823
-9999.0 -9999.0 -9999.0 -9999.0 -9999.0 -9999.0 -9999.0 -9999.0 -9999.0 -9999.0 -9999.0 -9999.0 -9999.0 -9999.0 -9999.0 -9999.0 -9999.0 1.6150142498151512 1.6169895389904194 1.6189648281656877 1.6209401173409559 1.6229154065162241 1.6248906956914924 1.6268659848667606 1.6288412740420288 1.630816563217297 1.6327918523925689 1.634767141567837 1.6367424307431053 1.6387177199183736 1.6406930090936418 1.64266829826891 1.6446435874441783 1.6466188766194465 1.6485941657947147 1.650569454969983 1.6525447441452512 1.6545200333205194 1.6564953224957877 1.6584706116710592 1.6604459008463275 1.6624211900215957 1.6641029382601227 1.6654708846029784
-9999.0 -9999.0 -9999.0 -9999.0 -9999.0 -9999.0 -9999.0 -9999.0 -9999.0 -9999.0 -9999.0 -9999.0 -9999.0 -9999.0 -9999.0 -9999.0 -9999.0 1.6126532976670729 1.614771321751591 1.6168893458361095 1.6190073699206278 1.6211253940051462 1.6232434180896644 1.6253614421741829 1.627479466258701 1.6295974903432195 1.6317155144277415 1.6338335385122598 1.6359515625967782 1.6380695866812964 1.6401876107658149 1.642305634850333 1.6444236589348515 1.6465416830193698 1.6486597071038882 1.6507777311884064 1.6528957552729249 1.655013779357443 1.6571318034419615 1.6592498275264833 1.6613678516110018 1.66348587569552 1.6652615420270822 1.6666712201831342
-9999.0 -9999.0 -9999.0 -9999.0 -9999.0 -9999.0 -9999.0 -9999.0 -9999.0 -9999.0 -9999.0 -9999.0 -9999.0 -9999.0 -9999.0 -9999.0 -9999.0 -9999.0 1.612553104512761 1.6148138635065297 1.617074622500298 1.6193353814940668 1.6215961404878352 1.6238568994816038 1.6261176584753723 1.628378417469141 1.6306391764629133 1.6328999354566818 1.6351606944504504 1.6374214534442189 1.6396822124379875 1.641942971431756 1.6442037304255246 1.646464489419293 1.6487252484130617 1.65098600740683 1.6532467664005988 1.6555075253943672 1.6577682843881358 1.660029043381908 1.6622898023756767 1.6645505613694453 1.6664201457940424 1.667871555763291
-9999.0 -9999.0 -9999.0 -9999.0 -9999.0 -9999.0 -9999.0 -9999.0 -9999.0 -9999.0 -9999.0 -9999.0 -9999.0 -9999.0 -9999.0 -9999.0 -9999.0 -9999.0 1.610334887273933 1.6127383811769516 1.6151418750799702 1.6175453689829886 1.6199488628860073 1.622352356789026 1.6247558506920445 1.6271593445950632 1.629562838498086 1.6319663324011047 1.6343698263041233 1.636773320207142 1.6391768141101606 1.6415803080131792 1.6439838019161979 1.6463872958192165 1.6487907897222351 1.6511942836252538 1.6535977775282722 1.6560012714312908 1.6584047653343095 1.6608082592373323 1.663211753140351 1.6656152470433696 1.667578749561002 1.6690718913434468
-9999.0 -9999.0 -9999.0 -9999.0 -9999.0 -9999.0 -9999.0 -9999.0 -9999.0 -9999.0 -9999.0 -9999.0 -9999.0 -9999.0 -9999.0 -9999.0 -9999.0 -9999.0 -9999.0 1.6106628988473732 1.613209127659642 1.6157553564719107 1.6183015852841796 1.6208478140964482 1.623394042908717 1.6259402717209857 1.6284865005332587 1.6310327293455273 1.6335789581577962 1.6361251869700648 1.6386714157823337 1.6412176445946023 1.6437638734068711 1.6463101022191398 1.6488563310314084 1.6514025598436772 1.6539487886559459 1.6564950174682147 1.6590412462804833 1.6615874750927564 1.6641337039050252 1.6666799327172939 1.6687373533279615 1.6702722269236026
-9999.0 -9999.0 -9999.0 -9999.0 -9999.0 -9999.0 -9999.0 -9999.0 -9999.0 -9999.0 -9999.0 -9999.0 -9999.0 -9999.0 -9999.0 -9999.0 -9999.0 -9999.0 -9999.0 1.6085874165177951 1.611276380239314 1.6139653439608328 1.6166543076823516 1.6193432714038705 1.6220322351253893 1.6247211988469081 1.6274101625684314 1.6300991262899502 1.632788090011469 1.635477053732988 1.6381660174545067 1.6408549811760256 1.6435439448975444 1.646232908619063 1.6489218723405819 1.6516108360621007 1.6542997997836195 1.6569887635051384 1.6596777272266572 1.6623666909481807 1.6650556546696995 1.6677446183912181 1.6698959570949208 1.6714725625037585
-9999.0 -9999.0 -9999.0 -9999.0 -9999.0 -9999.0 -9999.0 -9999.0 -9999.0 -9999.0 -9999.0 -9999.0 -9999.0 -9999.0 -9999.0 -9999.0 -9999.0 -9999.0 -9999.0 -9999.0 -9999.0 -9999.0 -9999.0 1.6178387287112925 1.6206704273420616 1.6235021259728304 1.626333824603604 1.6291655232343731 1.631997221865142 1.6348289204959108 1.6376606191266798 1.6404923177574486 1.6433240163882177 1.6461557150189865 1.6489874136497553 1.6518191122805244 1.6546508109112932 1.657482509542062 1.660314208172831 1.6631459068036047 1.6659776054343736 1.6688093040651426 1.6710545608618803 1.6726728980839143
-9999.0 -9999.0 -9999.0 -9999.0 -9999.0 -9999.0 -9999.0 -9999.0 -9999.0 -9999.0 -9999.0 -9999.0 -9999.0 -9999.0 -9999.0 -9999.0 -9999.0 -9999.0 -9999.0 -9999.0 -9999.0 -9999.0 -9999.0 1.6163341860187148 1.6193086195587338 1.6222830530987529 1.6252574866387768 1.6282319201787958 1.6312063537188148 1.6341807872588339 1.637155220798853 1.6401296543388717 1.6431040878788907 1.6460785214189098 1.6490529549589288 1.6520273884989476 1.6550018220389666 1.6579762555789856 1.6609506891190047 1.6639251226590286 1.6668995561990476 1.6698739897390666 1.6722131646288394 1.6738732336640698
-9999.0 -9999.0 -9999.0 -9999.0 -9999.0 -9999.0 -9999.0 -9999.0 -9999.0 -9999.0 -9999.0 -9999.0 -9999.0 -9999.0 -9999.0 -9999.0 -9999.0 -9999.0 -9999.0 -9999.0 -9999.0 -9999.0 -9999.0 -9999.0 -9999.0 1.6210639802246751 1.6241811486739497 1.6272983171232187 1.6304154855724877 1.6335326540217567 1.636649822471026 1.639766990920295 1.642884159369564 1.646001327818833 1.6491184962681023 1.6522356647173713 1.6553528331666403 1.6584700016159093 1.6615871700651785 1.6647043385144529 1.667821506963722 1.670938675412991 1.673371768395799 1.6750735692442258
-9999.0 -9999.0 -9999.0 -9999.0 -9999.0 -9999.0 -9999.0 -9999.0 -9999.0 -9999.0 -9999.0 -9999.0 -9999.0 -9999.0 -9999.0 -9999.0 -9999.0 -9999.0 -9999.0 -9999.0 -9999.0 -9999.0 -9999.0 -9999.0 -9999.0 1.6198449073505965 1.6231048107091215 1.6263647140676407 1.62962461742616 1.6328845207846792 1.6361444241431986 1.6394043275017178 1.642664230860237 1.6459241342187563 1.6491840375772757 1.652443940935795 1.6557038442943142 1.6589637476528334 1.6622236510113528 1.6654835543698776 1.6687434577283968 1.672003361086916 1.6745303721627591 1.6762739048243824
-9999.0 -9999.0 -9999.0 -9999.0 -9999.0 -9999.0 -9999.0 -9999.0 -9999.0 -9999.0 -9999.0 -9999.0 -9999.0 -9999.0 -9999.0 -9999.0 -9999.0 -9999.0 -9999.0 -9999.0 -9999.0 -9999.0 -9999.0 -9999.0 -9999.0 1.618625834476519 1.6220284727442942 1.6254311110120634 1.6288337492798328 1.6322363875476023 1.6356390258153717 1.639041664083141 1.6424443023509103 1.6458469406186798 1.6492495788864492 1.6526522171542184 1.6560548554219878 1.6594574936897573 1.6628601319575265 1.6662627702253017 1.669665408493071 1.6730680467608405 1.6756889759297187 1.6774742404045384
-9999.0 -9999.0 -9999.0 -9999.0 -9999.0 -9999.0 -9999.0 -9999.0 -9999.0 -9999.0 -9999.0 -9999.0 -9999.0 -9999.0 -9999.0 -9999.0 -9999.0 -9999.0 -9999.0 -9999.0 1.5996798957173441 1.6032252688943636 1.606770642071383 1.6103160152484024 1.6138613884254218 1.6174067616024415 1.6209521347794669 1.6244975079564863 1.6280428811335057 1.6315882543105253 1.6351336274875448 1.6386790006645642 1.6422243738415836 1.645769747018603 1.6493151201956224 1.652860493372642 1.6564058665496615 1.659951239726681 1.6634966129037003 1.667041986080726 1.6705873592577454 1.6741327324347648 1.6768475796966782 1.6786745759846942
-9999.0 -9999.0 -9999.0 -9999.0 -9999.0 -9999.0 -9999.0 -9999.0 -9999.0 -9999.0 -9999.0 -9999.0 -9999.0 -9999.0 -9999.0 -9999.0 -9999.0 -9999.0 -9999.0 1.5940590402107464 1.597747148297016 1.6014352563832854 1.605123364469555 1.6088114725558247 1.612499580642094 1.6161876887283637 1.6198757968146396 1.6235639049009092 1.6272520129871786 1.6309401210734482 1.6346282291597178 1.6383163372459872 1.6420044453322569 1.6456925534185265 1.649380661504796 1.6530687695910655 1.6567568776773351 1.6604449857636046 1.6641330938498742 1.66782120193615 1.6715093100224196 1.675197418108689 1.6780061834636375 1.67987491156485
-9999.0 -9999.0 -9999.0 -9999.0 -9999.0 -9999.0 -9999.0 -9999.0 -9999.0 -9999.0 -9999.0 -9999.0 -9999.0 -9999.0 -9999.0 -9999.0 -9999.0 1.584321871890129 1.5881527148856487 1.5919835578811683 1.595814400876688 1.5996452438722075 1.6034760868677271 1.6073069298632467 1.6111377728587666 1.6149686158542862 1.6187994588498122 1.6226303018453319 1.6264611448408517 1.6302919878363713 1.634122830831891 1.6379536738274105 1.6417845168229301 1.6456153598184498 1.6494462028139694 1.653277045809489 1.6571078888050088 1.6609387318005284 1.664769574796048 1.668600417791574 1.6724312607870937 1.6762621037826135 1.679164787230597 1.6810752471450057
-9999.0 -9999.0 -9999.0 -9999.0 -9999.0 -9999.0 -9999.0 -9999.0 -9999.0 -9999.0 -9999.0 -9999.0 -9999.0 -9999.0 -9999.0 1.574033933279766 1.5779882821900875 1.5819426311004092 1.5858969800107308 1.5898513289210523 1.5938056778313738 1.5977600267416954 1.6017143756520171 1.6056687245623387 1.6096230734726602 1.6135774223829817 1.6175317712933102 1.6214861202036317 1.6254404691139532 1.6293948180242748 1.6333491669345963 1.6373035158449178 1.6412578647552396 1.6452122136655611 1.6491665625758827 1.6531209114862042 1.6570752603965258 1.6610296093068473 1.664983958217169 1.6689383071274972 1.6728926560378188 1.6768470049481405 1.6798340473179418 1.6817870171339107
-9999.0 -9999.0 -9999.0 -9999.0 -9999.0 -9999.0 -9999.0 -9999.0 -9999.0 -9999.0 -9999.0 -9999.0 -9999.0 -9999.0 1.5673719401783985 1.57142924042091 1.5754865406634215 1.579543840905933 1.5836011411484445 1.587658441390956 1.5917157416334677 1.5957730418759792 1.5998303421184907 1.6038876423610022 1.6079449426035137 1.6120022428460252 1.6160595430885438 1.6201168433310553 1.6241741435735668 1.6282314438160783 1.6322887440585898 1.6363460443011013 1.6404033445436128 1.6444606447861245 1.648517945028636 1.6525752452711475 1.656632545513659 1.6606898457561705 1.664747145998682 1.6688044462412004 1.672861746483712 1.6769190467262236 1.6799802298665496 1.681976541311478
