Figures/CREST_Example_wjb_NSE/PETs/wjb.pet.20090324.asc
ncols            288
nrows            254
xllcorner        113.274861
yllcorner        31.4918055
cellsize         0.008333333333
NODATA_value     -9999
[rows 60 to 79 of 254, columns 44 to 87 of 288]
1.7581596004833218 1.75592966392551 1.753699727367698 1.7514697908098862 1.7492398542520744 1.7470099176942624 1.7447799811364506 1.7425500445786388 1.740320108020823 1.7380901714630113 1.7358602349051995 1.7336302983473875 1.7314003617895757 1.729170425231764 1.726940488673952 1.72471055211614 1.7224806155583283 1.7202506790005165 1.7180207424427045 1.7157908058848927 1.713560869327081 1.7113309327692652 1.7091009962114534 1.7068710596536416 1.7046411230958296 1.7024111865380178 1.700181249980206 1.697951313422394 1.6965663669918336 1.696084734109201 1.6956031012265682 1.6951214683439355 1.6946398354613028 1.6941582025786701 1.6936765696960365 1.6931949368134038 1.6927133039307711 1.6922316710481384 1.6917500381655057 1.691268405282873 1.6907867724002403 1.6903051395176076 1.689823506634975 1.6893418737523422
1.7620079865376896 1.7597862201439112 1.7575644537501325 1.755342687356354 1.7531209209625753 1.7508991545687969 1.7486773881750182 1.7464556217812397 1.7442338553874572 1.7420120889936788 1.7397903225999 1.7375685562061216 1.735346789812343 1.7331250234185644 1.7309032570247858 1.7286814906310073 1.7264597242372286 1.7242379578434501 1.7220161914496714 1.719794425055893 1.7175726586621143 1.715350892268332 1.7131291258745533 1.7109073594807749 1.7086855930869962 1.7064638266932177 1.704242060299439 1.7020202939056606 1.700617672122965 1.700090734447148 1.699563796771331 1.6990368590955143 1.6985099214196973 1.6979829837438802 1.6974560460680623 1.6969291083922453 1.6964021707164285 1.6958752330406115 1.6953482953647945 1.6948213576889775 1.6942944200131607 1.6937674823373436 1.6932405446615266 1.6927136069857096
1.7658563725920575 1.7636427763623124 1.761429180132567 1.7592155839028216 1.7570019876730765 1.754788391443331 1.7525747952135857 1.7503611989838406 1.7481476027540914 1.745934006524346 1.743720410294601 1.7415068140648555 1.7392932178351102 1.737079621605365 1.7348660253756196 1.7326524291458743 1.730438832916129 1.7282252366863837 1.7260116404566384 1.7237980442268932 1.7215844479971478 1.7193708517673987 1.7171572555376535 1.7149436593079082 1.7127300630781628 1.7105164668484176 1.7083028706186723 1.7060892743889269 1.7046689772540964 1.7040967347850953 1.703524492316094 1.7029522498470928 1.7023800073780915 1.7018077649090904 1.7012355224400881 1.700663279971087 1.7000910375020857 1.6995187950330846 1.6989465525640832 1.698374310095082 1.697802067626081 1.6972298251570797 1.6966575826880785 1.6960853402190772
1.7697047586464254 1.7674993325807136 1.7652939065150015 1.7630884804492895 1.7608830543835774 1.7586776283178653 1.7564722022521533 1.7542667761864414 1.7520613501207256 1.7498559240550136 1.7476504979893015 1.7454450719235894 1.7432396458578774 1.7410342197921655 1.7388287937264535 1.7366233676607414 1.7344179415950294 1.7322125155293173 1.7300070894636053 1.7278016633978934 1.7255962373321814 1.7233908112664655 1.7211853852007535 1.7189799591350414 1.7167745330693296 1.7145691070036175 1.7123636809379055 1.7101582548721934 1.7087202823852279 1.7081027351230424 1.7074851878608568 1.7068676405986714 1.706250093336486 1.7056325460743005 1.705014998812114 1.7043974515499285 1.703779904287743 1.7031623570255576 1.702544809763372 1.7019272625011865 1.701309715239001 1.7006921679768157 1.7000746207146302 1.6994570734524448
1.7735531447007935 1.7713558887991148 1.769158632897436 1.7669613769957573 1.7647641210940783 1.7625668651923996 1.7603696092907208 1.758172353389042 1.7559750974873598 1.753777841585681 1.7515805856840023 1.7493833297823236 1.7471860738806448 1.744988817978966 1.7427915620772874 1.7405943061756086 1.7383970502739299 1.7361997943722511 1.7340025384705722 1.7318052825688934 1.7296080266672147 1.7274107707655324 1.7252135148638537 1.723016258962175 1.7208190030604962 1.7186217471588174 1.7164244912571385 1.7142272353554597 1.7127715875163592 1.7121087354609894 1.7114458834056197 1.7107830313502501 1.7101201792948804 1.7094573272395106 1.7087944751841397 1.70813162312877 1.7074687710734002 1.7068059190180305 1.7061430669626607 1.7054802149072912 1.7048173628519214 1.7041545107965517 1.703491658741182 1.7028288066858122
1.7774015307551614 1.775212445017516 1.7730233592798703 1.770834273542225 1.7686451878045795 1.766456102066934 1.7642670163292886 1.7620779305916432 1.759888844853994 1.7576997591163486 1.755510673378703 1.7533215876410575 1.751132501903412 1.7489434161657667 1.7467543304281212 1.7445652446904758 1.7423761589528304 1.7401870732151847 1.7379979874775393 1.7358089017398939 1.7336198160022485 1.7314307302645993 1.7292416445269538 1.7270525587893084 1.7248634730516628 1.7226743873140173 1.720485301576372 1.7182962158387265 1.7168228926474909 1.7161147357989368 1.7154065789503827 1.7146984221018289 1.7139902652532748 1.7132821084047207 1.7125739515561655 1.7118657947076117 1.7111576378590576 1.7104494810105038 1.7097413241619497 1.7090331673133956 1.7083250104648418 1.7076168536162877 1.7069086967677338 1.7062005399191797
1.7812499168095326 1.7790690012359205 1.7768880856623082 1.774707170088696 1.772526254515084 1.7703453389414716 1.7681644233678595 1.7659835077942474 1.7638025922206315 1.7616216766470192 1.759440761073407 1.757259845499795 1.7550789299261826 1.7528980143525705 1.7507170987789584 1.748536183205346 1.746355267631734 1.7441743520581219 1.7419934364845095 1.7398125209108974 1.7376316053372853 1.7354506897636695 1.7332697741900571 1.731088858616445 1.728907943042833 1.7267270274692206 1.7245461118956085 1.7223651963219964 1.7208741977786255 1.720120736136887 1.719367274495149 1.7186138128534107 1.7178603512116724 1.7171068895699342 1.7163534279281945 1.7155999662864563 1.7148465046447179 1.7140930430029797 1.7133395813612415 1.7125861197195031 1.711832658077765 1.7110791964360266 1.7103257347942884 1.70957227315255
1.7850983028639005 1.7829255574543217 1.7807528120447427 1.7785800666351639 1.7764073212255849 1.774234575816006 1.772061830406427 1.7698890849968483 1.7677163395872655 1.7655435941776867 1.7633708487681077 1.7611981033585289 1.7590253579489499 1.756852612539371 1.754679867129792 1.7525071217202133 1.7503343763106343 1.7481616309010555 1.7459888854914765 1.7438161400818977 1.7416433946723187 1.739470649262736 1.7372979038531573 1.7351251584435783 1.7329524130339995 1.7307796676244205 1.7286069222148417 1.7264341768052627 1.7249255029097568 1.7241267364748343 1.7233279700399118 1.7225292036049893 1.7217304371700668 1.7209316707351443 1.7201329043002203 1.7193341378652978 1.7185353714303753 1.7177366049954528 1.7169378385605303 1.7161390721256078 1.7153403056906853 1.7145415392557626 1.71374277282084 1.7129440063859176
1.7889466889182684 1.7867821136727229 1.7846175384271772 1.7824529631816315 1.780288387936086 1.7781238126905403 1.7759592374449946 1.7737946621994491 1.7716300869539 1.7694655117083542 1.7673009364628085 1.765136361217263 1.7629717859717173 1.7608072107261716 1.7586426354806262 1.7564780602350805 1.7543134849895348 1.7521489097439893 1.7499843344984436 1.747819759252898 1.7456551840073524 1.7434906087618032 1.7413260335162575 1.7391614582707118 1.7369968830251663 1.7348323077796206 1.732667732534075 1.7305031572885294 1.7289768080408885 1.7281327368127817 1.7272886655846749 1.726444594356568 1.7256005231284612 1.7247564519003544 1.7239123806722463 1.7230683094441395 1.7222242382160327 1.7213801669879258 1.720536095759819 1.7196920245317124 1.7188479533036056 1.7180038820754988 1.717159810847392 1.7163157396192852
1.7927950749726365 1.790638669891124 1.7884822648096117 1.7863258597280993 1.784169454646587 1.7820130495650746 1.7798566444835624 1.77770023940205 1.7755438343205339 1.7733874292390217 1.7712310241575093 1.769074619075997 1.7669182139944846 1.7647618089129722 1.7626054038314598 1.7604489987499476 1.7582925936684353 1.7561361885869229 1.7539797835054105 1.7518233784238981 1.7496669733423857 1.7475105682608698 1.7453541631793574 1.743197758097845 1.741041353016333 1.7388849479348205 1.7367285428533081 1.7345721377717958 1.7330281131720198 1.7321387371507289 1.7312493611294377 1.7303599851081466 1.7294706090868557 1.7285812330655645 1.727691857044272 1.726802481022981 1.72591310500169 1.725023728980399 1.7241343529591078 1.7232449769378169 1.7223556009165257 1.7214662248952348 1.7205768488739437 1.7196874728526526
1.7966434610270043 1.7944952261095253 1.7923469911920462 1.7901987562745671 1.788050521357088 1.785902286439609 1.78375405152213 1.781605816604651 1.779457581687168 1.777309346769689 1.77516111185221 1.7730128769347309 1.7708646420172518 1.7687164070997727 1.7665681721822937 1.7644199372648146 1.7622717023473355 1.7601234674298565 1.7579752325123774 1.7558269975948984 1.7536787626774193 1.7515305277599367 1.7493822928424576 1.7472340579249785 1.7450858230074995 1.7429375880900204 1.7407893531725414 1.7386411182550623 1.7370794183031513 1.7361447374886758 1.7352100566742006 1.7342753758597254 1.73334069504525 1.7324060142307747 1.7314713334162979 1.7305366526018224 1.7296019717873472 1.728667290972872 1.7277326101583965 1.7267979293439213 1.725863248529446 1.7249285677149706 1.7239938869004954 1.7230592060860201
1.8004918470813724 1.7983517823279267 1.7962117175744807 1.794071652821035 1.7919315880675892 1.7897915233141435 1.7876514585606977 1.7855113938072518 1.7833713290538025 1.7812312643003565 1.7790911995469108 1.776951134793465 1.7748110700400193 1.7726710052865735 1.7705309405331275 1.7683908757796818 1.766250811026236 1.7641107462727903 1.7619706815193446 1.7598306167658986 1.7576905520124528 1.7555504872590033 1.7534104225055576 1.7512703577521118 1.749130292998666 1.7469902282452203 1.7448501634917744 1.7427100987383286 1.7411307234342825 1.740150737826623 1.7391707522189634 1.738190766611304 1.7372107810036443 1.7362307953959848 1.7352508097883237 1.7342708241806641 1.7332908385730046 1.732310852965345 1.7313308673576855 1.730350881750026 1.7293708961423664 1.7283909105347068 1.7274109249270473 1.7264309393193877
1.8043402331357434 1.802208338546331 1.8000764439569186 1.797944549367506 1.7958126547780935 1.793680760188681 1.7915488655992684 1.789416971009856 1.7872850764204398 1.7851531818310273 1.783021287241615 1.7808893926522023 1.7787574980627898 1.7766256034733774 1.7744937088839647 1.7723618142945523 1.7702299197051399 1.7680980251157272 1.7659661305263148 1.7638342359369024 1.7617023413474897 1.7595704467580737 1.757438552168661 1.7553066575792486 1.7531747629898362 1.7510428684004236 1.7489109738110111 1.7467790792215987 1.7451820285654174 1.7441567381645735 1.7431314477637299 1.742106157362886 1.7410808669620421 1.7400555765611982 1.7390302861603526 1.7380049957595087 1.7369797053586649 1.735954414957821 1.7349291245569773 1.7339038341561335 1.7328785437552896 1.7318532533544457 1.7308279629536019 1.729802672552758
1.8081886191901115 1.8060648947647324 1.803941170339353 1.801817445913974 1.7996937214885946 1.7975699970632155 1.7954462726378362 1.793322548212457 1.7911988237870742 1.7890750993616948 1.7869513749363157 1.7848276505109364 1.7827039260855573 1.780580201660178 1.7784564772347986 1.7763327528094195 1.7742090283840402 1.772085303958661 1.7699615795332817 1.7678378551079026 1.7657141306825233 1.7635904062571404 1.7614666818317612 1.759342957406382 1.7572192329810028 1.7550955085556235 1.7529717841302443 1.750848059704865 1.7492333336965489 1.7481627385025207 1.7470921433084927 1.7460215481144645 1.7449509529204366 1.7438803577264084 1.7428097625323784 1.7417391673383504 1.7406685721443222 1.739597976950294 1.738527381756266 1.737456786562238 1.73638619136821 1.7353155961741817 1.7342450009801538 1.7331744057861256
1.8120370052444794 1.8099214509831336 1.8078058967217876 1.8056903424604416 1.8035747881990958 1.8014592339377498 1.7993436796764037 1.7972281254150577 1.7951125711537084 1.7929970168923623 1.7908814626310163 1.7887659083696703 1.7866503541083245 1.7845347998469785 1.7824192455856325 1.7803036913242867 1.7781881370629407 1.7760725828015946 1.7739570285402486 1.7718414742789028 1.7697259200175568 1.7676103657562072 1.7654948114948612 1.7633792572335154 1.7612637029721694 1.7591481487108234 1.7570325944494773 1.7549170401881315 1.7532846388276802 1.7521687388404679 1.7510528388532556 1.749936938866043 1.7488210388788308 1.7477051388916185 1.7465892389044042 1.745473338917192 1.7443574389299794 1.7432415389427671 1.7421256389555548 1.7410097389683425 1.73989383898113 1.7387779389939177 1.7376620390067055 1.736546139019493
1.8158853912988475 1.8137780072015348 1.811670623104222 1.8095632390069094 1.8074558549095967 1.805348470812284 1.8032410867149713 1.8011337026176586 1.7990263185203423 1.7969189344230296 1.7948115503257172 1.7927041662284044 1.7905967821310917 1.788489398033779 1.7863820139364663 1.7842746298391536 1.782167245741841 1.7800598616445282 1.7779524775472155 1.775845093449903 1.7737377093525903 1.771630325255274 1.7695229411579614 1.7674155570606487 1.765308172963336 1.7632007888660233 1.7610934047687106 1.7589860206713979 1.7573359439588117 1.756174739178415 1.7550135343980184 1.7538523296176218 1.7526911248372252 1.7515299200568286 1.75036871527643 1.7492075104960334 1.7480463057156368 1.7468851009352402 1.7457238961548436 1.744562691374447 1.7434014865940504 1.7422402818136538 1.7410790770332571 1.7399178722528605
1.8197337773532154 1.817634563419936 1.8155353494866566 1.8134361355533772 1.8113369216200979 1.8092377076868182 1.8071384937535389 1.8050392798202595 1.8029400658869765 1.8008408519536971 1.7987416380204178 1.7966424240871384 1.794543210153859 1.7924439962205796 1.7903447822873002 1.7882455683540208 1.7861463544207414 1.784047140487462 1.7819479265541827 1.779848712620903 1.7777494986876237 1.7756502847543407 1.7735510708210613 1.771451856887782 1.7693526429545026 1.7672534290212232 1.7651542150879438 1.7630550011546644 1.761387249089943 1.760180739516362 1.7589742299427813 1.7577677203692004 1.7565612107956194 1.7553547012220387 1.7541481916484558 1.7529416820748749 1.751735172501294 1.7505286629277133 1.7493221533541323 1.7481156437805514 1.7469091342069707 1.7457026246333898 1.7444961150598088 1.7432896054862281
1.8235821634075833 1.8214911196383372 1.819400075869091 1.8173090320998448 1.8152179883305988 1.8131269445613527 1.8110359007921066 1.8089448570228603 1.8068538132536107 1.8047627694843646 1.8026717257151186 1.8005806819458723 1.7984896381766262 1.7963985944073801 1.794307550638134 1.7922165068688878 1.7901254630996417 1.7880344193303956 1.7859433755611496 1.7838523317919033 1.7817612880226572 1.7796702442534076 1.7775792004841615 1.7754881567149152 1.7733971129456692 1.771306069176423 1.769215025407177 1.7671239816379307 1.7654385542210744 1.7641867398543092 1.7629349254875442 1.761683111120779 1.7604312967540139 1.7591794823872489 1.7579276680204816 1.7566758536537164 1.7554240392869513 1.754172224920186 1.752920410553421 1.751668596186656 1.7504167818198908 1.7491649674531258 1.7479131530863607 1.7466613387195955
1.8274305494619512 1.8253476758567384 1.8232648022515254 1.8211819286463127 1.8190990550410997 1.817016181435887 1.8149333078306742 1.8128504342254612 1.810767560620245 1.808684687015032 1.8066018134098192 1.8045189398046064 1.8024360661993934 1.8003531925941807 1.7982703189889677 1.796187445383755 1.794104571778542 1.7920216981733292 1.7899388245681165 1.7878559509629035 1.7857730773576908 1.7836902037524742 1.7816073301472615 1.7795244565420487 1.7774415829368357 1.775358709331623 1.77327583572641 1.7711929621211973 1.7694898593522057 1.7681927401922564 1.766895621032307 1.7655985018723577 1.7643013827124083 1.7630042635524588 1.7617071443925072 1.7604100252325579 1.7591129060726085 1.7578157869126592 1.7565186677527098 1.7552215485927605 1.7539244294328111 1.7526273102728618 1.7513301911129124 1.750033071952963
1.8312789355163224 1.829204232075143 1.8271295286339633 1.8250548251927838 1.8229801217516042 1.8209054183104247 1.818830714869245 1.8167560114280654 1.8146813079868824 1.8126066045457028 1.8105319011045233 1.8084571976633437 1.8063824942221642 1.8043077907809846 1.8022330873398051 1.8001583838986255 1.798083680457446 1.7960089770162664 1.7939342735750867 1.7918595701339073 1.7897848666927276 1.7877101632515446 1.785635459810365 1.7835607563691855 1.7814860529280059 1.7794113494868264 1.7773366460456468 1.7752619426044671 1.7735411644833405 1.7721987405302069 1.7708563165770732 1.7695138926239395 1.7681714686708059 1.7668290447176722 1.7654866207645363 1.7641441968114027 1.762801772858269 1.7614593489051353 1.7601169249520017 1.758774500998868 1.7574320770457343 1.7560896530926007 1.754747229139467 1.7534048051863333
