Figures/CREST_Example_wjb_NSE/PETs/wjb.pet.20100819.asc
ncols            288
nrows            254
xllcorner        113.274861
yllcorner        31.4918055
cellsize         0.008333333333
NODATA_value     -9999
[rows 160 to 179 of 254, columns 132 to 175 of 288]
3.9564362419961348 3.955026322796391 3.953616403596648 3.9522064843969043 3.9507965651971606 3.9493866459974174 3.9479767267976738 3.94656680759793 3.945156888398187 3.9437469691984433 3.9423370499986996 3.9409271307989537 3.9395172115992105 3.938107292399467 3.9366973731997232 3.93528745399998 3.9338775348002364 3.9324676156004927 3.9310576964007495 3.929647777201006 3.9282378580012627 3.926827938801519 3.9254180196017754 3.924008100402032 3.922598181202286 3.9211882620025427 3.919778342802799 3.918368423603056 3.916958504403312 3.9155485852035685 3.9146118209090535 3.9141808699116862 3.913749918914319 3.913318967916952 3.912888016919585 3.9124570659222178 3.9120261149248505 3.911595163927483 3.9111642129301156 3.9107332619327484 3.910302310935381 3.9098713599380144 3.909440408940647 3.90900945794328
3.9507815087446185 3.9495105668194537 3.948239624894289 3.946968682969124 3.9456977410439587 3.944426799118794 3.943155857193629 3.941884915268464 3.940613973343299 3.9393430314181344 3.938072089492969 3.936801147567802 3.935530205642637 3.9342592637174723 3.9329883217923074 3.9317173798671425 3.9304464379419772 3.9291754960168124 3.9279045540916475 3.9266336121664827 3.925362670241318 3.924091728316153 3.9228207863909876 3.9215498444658228 3.9202789025406557 3.919007960615491 3.917737018690326 3.916466076765161 3.915195134839996 3.913924192914831 3.912947185289779 3.912284400080773 3.9116216148717675 3.9109588296627615 3.910296044453756 3.90963325924475 3.9089704740357445 3.9083076888267376 3.9076449036177316 3.906982118408726 3.90631933319972 3.9056565479907146 3.9049937627817086 3.904330977572703
3.9451267754931023 3.9439948108425162 3.9428628461919297 3.941730881541343 3.940598916890757 3.9394669522401706 3.938334987589584 3.9372030229389976 3.9360710582884115 3.934939093637825 3.9338071289872385 3.93267516433665 3.931543199686064 3.9304112350354776 3.929279270384891 3.9281473057343046 3.9270153410837185 3.925883376433132 3.9247514117825455 3.9236194471319594 3.922487482481373 3.9213555178307864 3.9202235531802 3.919091588529614 3.9179596238790255 3.916827659228439 3.9156956945778525 3.9145637299272664 3.91343176527668 3.9122998006260934 3.9112825496705046 3.9103879302498603 3.9094933108292156 3.9085986914085713 3.907704071987927 3.9068094525672827 3.9059148331466385 3.9050202137259924 3.904125594305348 3.9032309748847034 3.902336355464059 3.901441736043415 3.9005471166227705 3.8996524972021263
3.939472042241582 3.9384790548655744 3.9374860674895666 3.936493080113559 3.935500092737551 3.9345071053615435 3.9335141179855357 3.932521130609528 3.9315281432335203 3.9305351558575126 3.929542168481505 3.9285491811054953 3.9275561937294876 3.92656320635348 3.925570218977472 3.9245772316014644 3.9235842442254567 3.922591256849449 3.9215982694734413 3.9206052820974335 3.919612294721426 3.918619307345418 3.9176263199694104 3.9166333325934026 3.915640345217393 3.9146473578413854 3.9136543704653777 3.91266138308937 3.9116683957133622 3.9106754083373545 3.909617914051229 3.9084914604189454 3.9073650067866623 3.906238553154379 3.905112099522096 3.903985645889813 3.9028591922575293 3.901732738625244 3.900606284992961 3.899479831360678 3.8983533777283945 3.8972269240961115 3.896100470463828 3.894974016831545
3.933817308990066 3.9329632988886365 3.9321092887872076 3.931255278685778 3.9304012685843492 3.92954725848292 3.928693248381491 3.9278392382800615 3.9269852281786326 3.9261312180772032 3.9252772079757743 3.9244231978743436 3.923569187772914 3.9227151776714853 3.921861167570056 3.921007157468627 3.9201531473671976 3.9192991372657686 3.9184451271643392 3.9175911170629103 3.916737106961481 3.9158830968600515 3.9150290867586226 3.914175076657193 3.913321066555763 3.9124670564543336 3.9116130463529046 3.9107590362514753 3.9099050261500463 3.909051016048617 3.9079532784319544 3.906594990588032 3.9052367027441104 3.9038784149001886 3.902520127056267 3.901161839212345 3.8998035513684233 3.898445263524499 3.897086975680577 3.8957286878366553 3.8943703999927335 3.8930121121488117 3.8916538243048895 3.8902955364609677
3.9281625757385497 3.927447542911699 3.9267325100848485 3.926017477257998 3.9253024444311473 3.9245874116042967 3.9238723787774457 3.923157345950595 3.9224423131237445 3.921727280296894 3.9210122474700433 3.9202972146431914 3.9195821818163408 3.91886714898949 3.9181521161626396 3.917437083335789 3.9167220505089384 3.916007017682088 3.915291984855237 3.9145769520283866 3.913861919201536 3.913146886374685 3.9124318535478344 3.911716820720984 3.911001787894132 3.9102867550672813 3.9095717222404307 3.90885668941358 3.9081416565867295 3.907426623759879 3.906288642812679 3.904698520757119 3.9031083987015585 3.901518276645998 3.8999281545904374 3.898338032534877 3.8967479104793163 3.895157788423753 3.893567666368193 3.8919775443126325 3.890387422257072 3.8887973002015115 3.887207178145951 3.8856170560903904
3.9225078424870334 3.921931786934761 3.9213557313824894 3.920779675830217 3.9202036202779453 3.919627564725673 3.919051509173401 3.918475453621129 3.917899398068857 3.917323342516585 3.9167472869643127 3.9161712314120396 3.915595175859768 3.9150191203074955 3.9144430647552233 3.9138670092029515 3.9132909536506792 3.9127148980984074 3.912138842546135 3.911562786993863 3.910986731441591 3.910410675889319 3.9098346203370467 3.909258564784775 3.9086825092325017 3.9081064536802295 3.9075303981279577 3.9069543425756854 3.9063782870234136 3.9058022314711414 3.9046240071934046 3.902802050926206 3.9009800946590065 3.8991581383918077 3.8973361821246084 3.8955142258574096 3.8936922695902103 3.8918703133230084 3.890048357055809 3.88822640078861 3.886404444521411 3.8845824882542117 3.882760531987013 3.8809385757198136
3.9168531092355177 3.916416030957824 3.9159789526801307 3.9155418744024373 3.915104796124744 3.91466771784705 3.9142306395693565 3.913793561291663 3.9133564830139695 3.912919404736276 3.9124823264585826 3.9120452481808883 3.911608169903195 3.911171091625501 3.9107340133478075 3.910296935070114 3.9098598567924205 3.909422778514727 3.9089857002370336 3.9085486219593397 3.9081115436816463 3.907674465403953 3.9072373871262593 3.906800308848566 3.9063632305708715 3.905926152293178 3.905489074015484 3.9050519957377907 3.9046149174600973 3.904177839182404 3.90295937157413 3.9009055810952926 3.898851790616455 3.896798000137617 3.8947442096587794 3.892690419179942 3.890636628701104 3.8885828382222627 3.886529047743425 3.8844752572645875 3.8824214667857495 3.880367676306912 3.8783138858280743 3.8762600953492363
3.9111983759840014 3.9109002749808868 3.9106021739777717 3.9103040729746565 3.910005971971542 3.9097078709684268 3.9094097699653116 3.909111668962197 3.908813567959082 3.9085154669559667 3.9082173659528516 3.9079192649497365 3.9076211639466214 3.9073230629435063 3.9070249619403916 3.9067268609372765 3.9064287599341614 3.9061306589310463 3.9058325579279316 3.9055344569248165 3.9052363559217014 3.9049382549185867 3.9046401539154716 3.9043420529123565 3.904043951909241 3.9037458509061262 3.903447749903011 3.903149648899896 3.9028515478967813 3.9025534468936662 3.9012947359548558 3.8990091112643794 3.896723486573903 3.8944378618834268 3.8921522371929504 3.889866612502474 3.887580987811998 3.8852953631215175 3.883009738431041 3.880724113740565 3.8784384890500885 3.876152864359612 3.873867239669136 3.8715816149786595
3.9055436427324857 3.905384519003949 3.9052253952754126 3.9050662715468762 3.90490714781834 3.904748024089803 3.904588900361267 3.9044297766327305 3.904270652904194 3.904111529175658 3.903952405447121 3.9037932817185848 3.903634157990048 3.9034750342615117 3.9033159105329753 3.903156786804439 3.9029976630759022 3.902838539347366 3.9026794156188296 3.9025202918902933 3.902361168161757 3.90220204443322 3.902042920704684 3.9018837969761475 3.9017246732476107 3.9015655495190744 3.901406425790538 3.9012473020620013 3.901088178333465 3.9009290546049287 3.8996301003355813 3.8971126414334663 3.8945951825313516 3.8920777236292365 3.8895602647271215 3.8870428058250064 3.8845253469228918 3.8820078880207722 3.879490429118657 3.8769729702165425 3.8744555113144274 3.8719380524123124 3.8694205935101973 3.866903134608082
3.899888909480965 3.899868763027007 3.8998486165730495 3.8998284701190915 3.899808323665134 3.899788177211176 3.8997680307572185 3.8997478843032605 3.899727737849303 3.899707591395345 3.8996874449413874 3.8996672984874294 3.899647152033472 3.899627005579514 3.8996068591255564 3.8995867126715984 3.899566566217641 3.899546419763683 3.8995262733097253 3.8995061268557674 3.8994859804018094 3.899465833947852 3.899445687493894 3.8994255410399363 3.8994053945859783 3.899385248132021 3.899365101678063 3.8993449552241053 3.8993248087701473 3.8993046623161898 3.8979654647163056 3.8952161716025517 3.892466878488798 3.889717585375044 3.8869682922612903 3.8842189991475364 3.8814697060337826 3.8787204129200243 3.8759711198062705 3.8732218266925167 3.870472533578763 3.867723240465009 3.864973947351255 3.8622246542375014
3.894234176229449 3.8943530070500696 3.8944718378706904 3.894590668691311 3.894709499511932 3.894828330332553 3.8949471611531736 3.895065991973794 3.895184822794415 3.8953036536150356 3.8954224844356564 3.8955413152562777 3.8956601460768985 3.895778976897519 3.8958978077181396 3.8960166385387605 3.8961354693593813 3.896254300180002 3.896373131000623 3.8964919618212437 3.8966107926418645 3.8967296234624853 3.896848454283106 3.896967285103727 3.8970861159243477 3.8972049467449685 3.8973237775655893 3.89744260838621 3.897561439206831 3.8976802700274518 3.8963008290970307 3.893319701771638 3.890338574446246 3.8873574471208534 3.884376319795461 3.8813951924700687 3.878414065144676 3.8754329378192787 3.872451810493886 3.869470683168494 3.8664895558431014 3.863508428517709 3.8605273011923167 3.857546173866924
3.8885794429779326 3.888837251073132 3.8890950591683313 3.8893528672635305 3.88961067535873 3.889868483453929 3.890126291549129 3.890384099644328 3.890641907739527 3.8908997158347267 3.891157523929926 3.891415332025126 3.891673140120325 3.891930948215524 3.892188756310724 3.892446564405923 3.8927043725011226 3.8929621805963217 3.893219988691521 3.8934777967867205 3.8937356048819196 3.893993412977119 3.8942512210723184 3.8945090291675175 3.8947668372627176 3.8950246453579167 3.8952824534531163 3.8955402615483155 3.8957980696435146 3.896055877738714 3.8946361934777562 3.891423231940725 3.888210270403694 3.884997308866663 3.881784347329632 3.878571385792601 3.87535842425557 3.8721454627185334 3.8689325011815026 3.8657195396444712 3.8625065781074404 3.8592936165704095 3.856080655033378 3.8528676934963473
3.8829247097264163 3.8833214950961943 3.8837182804659722 3.88411506583575 3.884511851205528 3.884908636575306 3.885305421945084 3.8857022073148615 3.8860989926846394 3.8864957780544174 3.8868925634241953 3.8872893487939737 3.8876861341637516 3.8880829195335296 3.8884797049033075 3.8888764902730855 3.8892732756428634 3.8896700610126413 3.8900668463824193 3.890463631752197 3.8908604171219747 3.8912572024917527 3.8916539878615306 3.8920507732313085 3.892447558601087 3.892844343970865 3.893241129340643 3.8936379147104208 3.8940347000801987 3.8944314854499766 3.892971557858482 3.889526762109812 3.886081966361142 3.8826371706124725 3.879192374863803 3.8757475791151332 3.8723027833664636 3.868857987617788 3.8654131918691186 3.861968396120449 3.858523600371779 3.8550788046231093 3.8516340088744396 3.84818921312577
3.8772699764749006 3.8778057391192573 3.8783415017636136 3.87887726440797 3.8794130270523266 3.879948789696683 3.880484552341039 3.881020314985396 3.881556077629752 3.8820918402741085 3.882627602918465 3.8831633655628224 3.8836991282071787 3.8842348908515354 3.8847706534958917 3.885306416140248 3.8858421787846047 3.886377941428961 3.8869137040733173 3.887449466717674 3.8879852293620303 3.8885209920063866 3.889056754650743 3.8895925172950996 3.8901282799394568 3.890664042583813 3.8911998052281698 3.891735567872526 3.8922713305168823 3.892807093161239 3.8913069222392074 3.887630292278899 3.8839536623185906 3.8802770323582823 3.876600402397974 3.872923772437666 3.8692471424773576 3.865570512517043 3.8618938825567346 3.8582172525964262 3.854540622636118 3.8508639926758095 3.8471873627155015 3.843510732755193
3.871615243223385 3.8722899831423194 3.8729647230612545 3.8736394629801896 3.8743142028991246 3.8749889428180597 3.8756636827369944 3.8763384226559294 3.8770131625748645 3.8776879024937996 3.8783626424127347 3.8790373823316706 3.8797121222506057 3.8803868621695403 3.8810616020884754 3.8817363420074105 3.8824110819263455 3.8830858218452806 3.8837605617642152 3.8844353016831503 3.8851100416020854 3.8857847815210205 3.8864595214399555 3.88713426135889 3.8878090012778266 3.8884837411967617 3.8891584811156963 3.8898332210346314 3.8905079609535664 3.8911827008725015 3.889642286619933 3.885733822447986 3.8818253582760387 3.877916894104092 3.874008429932145 3.870099965760198 3.866191501588251 3.8622830374162977 3.8583745732443506 3.8544661090724035 3.850557644900457 3.8466491807285097 3.842740716556563 3.838832252384616
3.8659605099718637 3.866774227165377 3.867587944358891 3.8684016615524044 3.8692153787459183 3.870029095939432 3.8708428131329455 3.8716565303264594 3.872470247519973 3.8732839647134867 3.874097681907 3.8749113991005153 3.8757251162940287 3.8765388334875426 3.877352550681056 3.87816626787457 3.8789799850680837 3.879793702261597 3.880607419455111 3.8814211366486244 3.8822348538421383 3.8830485710356517 3.8838622882291656 3.884676005422679 3.885489722616194 3.8863034398097076 3.8871171570032215 3.8879308741967353 3.8887445913902488 3.8895583085837626 3.8879776510006567 3.8838373526170713 3.8796970542334854 3.8755567558498996 3.8714164574663137 3.8672761590827283 3.8631358606991424 3.8589955623155494 3.854855263931964 3.850714965548378 3.8465746671647922 3.8424343687812064 3.838294070397621 3.834153772014035
3.860305776720348 3.86125847118844 3.8622111656565323 3.8631638601246245 3.8641165545927167 3.865069249060809 3.866021943528901 3.8669746379969934 3.8679273324650856 3.8688800269331773 3.8698327214012695 3.8707854158693635 3.8717381103374557 3.872690804805548 3.87364349927364 3.8745961937417324 3.8755488882098246 3.876501582677917 3.877454277146009 3.878406971614101 3.879359666082193 3.880312360550285 3.8812650550183774 3.8822177494864696 3.8831704439545636 3.8841231384226558 3.885075832890748 3.88602852735884 3.8869812218269324 3.8879339162950246 3.886313015381382 3.8819408827861577 3.877568750190933 3.873196617595709 3.8688244850004843 3.86445235240526 3.860080219810036 3.8557080872148037 3.8513359546195796 3.846963822024355 3.8425916894291308 3.8382195568339066 3.833847424238682 3.829475291643458
3.858626496925635 3.8596591499652053 3.860691803004775 3.861724456044345 3.8627571090839155 3.8637897621234853 3.8648224151630552 3.8658550682026256 3.8668877212421955 3.8679203742817654 3.8689530273213353 3.8699856803609074 3.8710183334004773 3.872050986440047 3.8730836394796175 3.8741162925191874 3.8751489455587573 3.8761815985983277 3.8772142516378976 3.8782469046774675 3.879279557717038 3.8803122107566077 3.8813448637961776 3.882377516835748 3.8834101698753196 3.8844428229148895 3.8854754759544594 3.8865081289940298 3.8875407820335997 3.8885734350731695 3.8869455892866465 3.882473610070638 3.8780016308546297 3.8735296516386213 3.869057672422613 3.864585693206605 3.8601137139905966 3.8556417347745806 3.851169755558572 3.846697776342564 3.8422257971265554 3.8377538179105475 3.833281838694539 3.8288098594785307
3.861196726292163 3.862246250629712 3.8632957749672614 3.8643452993048104 3.8653948236423594 3.8664443479799084 3.8674938723174574 3.868543396655007 3.869592920992556 3.870642445330105 3.871691969667654 3.872741494005205 3.873791018342754 3.874840542680303 3.875890067017852 3.8769395913554012 3.8779891156929507 3.8790386400304997 3.8800881643680487 3.8811376887055977 3.882187213043147 3.883236737380696 3.884286261718245 3.885335786055794 3.8863853103933454 3.8874348347308945 3.8884843590684435 3.8895338834059925 3.8905834077435415 3.891632932081091 3.8900337353740246 3.8856029959523046 3.8811722565305846 3.8767415171088646 3.8723107776871446 3.8678800382654246 3.8634492988437046 3.859018559421977 3.854587820000257 3.850157080578537 3.8457263411568174 3.8412956017350974 3.8368648623133774 3.8324341228916574
