Figures/CREST_Example_wjb_NSE/PETs/wjb.pet.20090307.asc
ncols            288
nrows            254
xllcorner        113.274861
yllcorner        31.4918055
cellsize         0.008333333333
NODATA_value     -9999
[rows 40 to 59 of 254, columns 0 to 43 of 288]
-9999.0 -9999.0 -9999.0 -9999.0 -9999.0 -9999.0 -9999.0 -9999.0 -9999.0 -9999.0 -9999.0 -9999.0 -9999.0 -9999.0 1.8525539036610692 1.8523251690412863 1.8520964344215036 1.8518676998017207 1.8516389651819378 1.8514102305621551 1.8511814959423722 1.8509527613225893 1.8507240267028067 1.8504952920830238 1.8502665574632409 1.8500378228434582 1.8498090882236748 1.8495803536038922 1.8493516189841093 1.8491228843643264 1.8488941497445437 1.8486654151247608 1.848436680504978 1.8482079458851952 1.8479792112654123 1.8477504766456294 1.8475217420258467 1.8472930074060638 1.847064272786281 1.8468355381664978 1.846606803546715 1.8463780689269322 1.845556137274937 1.8441000645887087
-9999.0 -9999.0 -9999.0 -9999.0 -9999.0 -9999.0 -9999.0 -9999.0 -9999.0 -9999.0 -9999.0 -9999.0 -9999.0 -9999.0 -9999.0 1.853909322409954 1.8537167170315543 1.8535241116531544 1.8533315062747546 1.8531389008963548 1.852946295517955 1.8527536901395552 1.8525610847611553 1.8523684793827555 1.8521758740043555 1.8519832686259556 1.8517906632475556 1.8515980578691558 1.851405452490756 1.8512128471123561 1.8510202417339563 1.8508276363555565 1.8506350309771566 1.8504424255987568 1.850249820220357 1.8500572148419572 1.8498646094635574 1.8496720040851575 1.8494793987067577 1.8492867933283574 1.8490941879499576 1.8489015825715578 1.8480828812615329 1.8465948692502574
-9999.0 -9999.0 -9999.0 -9999.0 -9999.0 -9999.0 -9999.0 -9999.0 -9999.0 -9999.0 -9999.0 -9999.0 -9999.0 -9999.0 -9999.0 1.8554934757786217 1.855336999641605 1.855180523504588 1.8550240473675712 1.8548675712305545 1.8547110950935375 1.8545546189565207 1.8543981428195038 1.854241666682487 1.8540851905454703 1.8539287144084533 1.8537722382714363 1.8536157621344194 1.8534592859974026 1.8533028098603856 1.853146333723369 1.8529898575863522 1.8528333814493352 1.8526769053123184 1.8525204291753017 1.8523639530382847 1.852207476901268 1.852051000764251 1.8518945246272343 1.851738048490217 1.8515815723532003 1.8514250962161836 1.8506096252481288 1.8490896739118061
-9999.0 -9999.0 -9999.0 -9999.0 -9999.0 -9999.0 -9999.0 -9999.0 -9999.0 -9999.0 -9999.0 -9999.0 -9999.0 -9999.0 -9999.0 -9999.0 1.8569572822516556 1.8568369353560217 1.8567165884603878 1.8565962415647541 1.8564758946691202 1.8563555477734863 1.8562352008778527 1.8561148539822188 1.8559945070865849 1.855874160190951 1.855753813295317 1.8556334663996832 1.8555131195040493 1.8553927726084156 1.8552724257127817 1.8551520788171478 1.855031731921514 1.8549113850258803 1.8547910381302464 1.8546706912346125 1.8545503443389788 1.854429997443345 1.854309650547711 1.8541893036520771 1.8540689567564432 1.8539486098608093 1.8531363692347251 1.8515844785733553
-9999.0 -9999.0 -9999.0 -9999.0 -9999.0 -9999.0 -9999.0 -9999.0 -9999.0 -9999.0 -9999.0 -9999.0 -9999.0 -9999.0 -9999.0 -9999.0 -9999.0 1.8584933472074554 1.8584091295532046 1.8583249118989538 1.858240694244703 1.858156476590452 1.858072258936201 1.8579880412819503 1.8579038236276995 1.8578196059734486 1.8577353883191976 1.8576511706649468 1.857566953010696 1.8574827353564451 1.8573985177021943 1.8573143000479435 1.8572300823936927 1.8571458647394419 1.857061647085191 1.8569774294309402 1.8568932117766894 1.8568089941224386 1.8567247764681876 1.8566405588139367 1.856556341159686 1.8564721235054351 1.855663113221321 1.854079283234904
-9999.0 -9999.0 -9999.0 -9999.0 -9999.0 -9999.0 -9999.0 -9999.0 -9999.0 -9999.0 -9999.0 -9999.0 -9999.0 -9999.0 -9999.0 -9999.0 -9999.0 1.860149759058889 1.8601016706460212 1.8600535822331534 1.8600054938202855 1.8599574054074177 1.8599093169945498 1.859861228581682 1.859813140168814 1.8597650517559463 1.8597169633430783 1.8596688749302106 1.8596207865173426 1.859572698104475 1.859524609691607 1.8594765212787392 1.8594284328658712 1.8593803444530035 1.8593322560401357 1.8592841676272678 1.8592360792144 1.859187990801532 1.8591399023886643 1.8590918139757964 1.8590437255629284 1.8589956371500607 1.858189857207917 1.8565740878964527
-9999.0 -9999.0 -9999.0 -9999.0 -9999.0 -9999.0 -9999.0 -9999.0 -9999.0 -9999.0 -9999.0 -9999.0 -9999.0 -9999.0 -9999.0 -9999.0 -9999.0 -9999.0 1.8617942117388393 1.8617822525673544 1.8617702933958697 1.8617583342243849 1.8617463750529 1.8617344158814153 1.8617224567099304 1.8617104975384455 1.8616985383669609 1.861686579195476 1.861674620023991 1.8616626608525064 1.8616507016810215 1.8616387425095366 1.861626783338052 1.861614824166567 1.8616028649950822 1.8615909058235975 1.8615789466521127 1.8615669874806278 1.861555028309143 1.8615430691376582 1.8615311099661733 1.8615191507946884 1.8607166011945153 1.8590688925580037
-9999.0 -9999.0 -9999.0 -9999.0 -9999.0 -9999.0 -9999.0 -9999.0 -9999.0 -9999.0 -9999.0 -9999.0 -9999.0 -9999.0 -9999.0 -9999.0 -9999.0 -9999.0 1.8634867528316559 1.863510922901554 1.8635350929714523 1.8635592630413504 1.8635834331112486 1.8636076031811468 1.863631773251045 1.8636559433209432 1.8636801133908414 1.8637042834607396 1.8637284535306378 1.863752623600536 1.8637767936704341 1.8638009637403323 1.8638251338102305 1.8638493038801287 1.863873473950027 1.863897644019925 1.8639218140898233 1.8639459841597215 1.8639701542296196 1.8639943242995178 1.864018494369416 1.8640426644393142 1.8632433451811112 1.8615636972195526
-9999.0 -9999.0 -9999.0 -9999.0 -9999.0 -9999.0 -9999.0 -9999.0 -9999.0 -9999.0 -9999.0 -9999.0 -9999.0 -9999.0 -9999.0 -9999.0 -9999.0 -9999.0 -9999.0 1.865239593235754 1.865299892547035 1.8653601918583163 1.8654204911695973 1.8654807904808786 1.8655410897921598 1.8656013891034409 1.8656616884147221 1.8657219877260034 1.8657822870372847 1.8658425863485657 1.865902885659847 1.8659631849711282 1.8660234842824093 1.8660837835936905 1.8661440829049718 1.8662043822162528 1.866264681527534 1.8663249808388152 1.8663852801500964 1.8664455794613777 1.866505878772659 1.86656617808394 1.8657700891677074 1.8640585018811016
-9999.0 -9999.0 -9999.0 -9999.0 -9999.0 -9999.0 -9999.0 -9999.0 -9999.0 -9999.0 -9999.0 -9999.0 -9999.0 -9999.0 -9999.0 -9999.0 -9999.0 -9999.0 -9999.0 1.8669682635699534 1.8670646921226177 1.8671611206752818 1.867257549227946 1.8673539777806103 1.8674504063332744 1.8675468348859385 1.8676432634386029 1.867739691991267 1.8678361205439313 1.8679325490965955 1.8680289776492596 1.8681254062019237 1.868221834754588 1.8683182633072521 1.8684146918599163 1.8685111204125806 1.8686075489652447 1.8687039775179088 1.868800406070573 1.8688968346232373 1.8689932631759016 1.8690896917285658 1.8682968331543033 1.8665533065426503
-9999.0 -9999.0 -9999.0 -9999.0 -9999.0 -9999.0 -9999.0 -9999.0 -9999.0 -9999.0 -9999.0 -9999.0 -9999.0 -9999.0 -9999.0 -9999.0 -9999.0 -9999.0 -9999.0 -9999.0 -9999.0 -9999.0 -9999.0 1.8692271650803418 1.869359722874389 1.8694922806684362 1.8696248384624836 1.8697573962565308 1.869889954050578 1.870022511844625 1.8701550696386722 1.8702876274327194 1.8704201852267666 1.8705527430208138 1.870685300814861 1.8708178586089081 1.8709504164029553 1.8710829741970025 1.8712155319910497 1.8713480897850971 1.8714806475791441 1.8716132053731913 1.8708235771408994 1.869048111204199
-9999.0 -9999.0 -9999.0 -9999.0 -9999.0 -9999.0 -9999.0 -9999.0 -9999.0 -9999.0 -9999.0 -9999.0 -9999.0 -9999.0 -9999.0 -9999.0 -9999.0 -9999.0 -9999.0 -9999.0 -9999.0 -9999.0 -9999.0 1.8711003523800733 1.8712690394155036 1.8714377264509339 1.8716064134863641 1.8717751005217944 1.8719437875572245 1.8721124745926547 1.872281161628085 1.872449848663515 1.8726185356989453 1.8727872227343754 1.8729559097698056 1.8731245968052357 1.873293283840666 1.873461970876096 1.8736306579115263 1.8737993449469568 1.8739680319823868 1.874136719017817 1.8733503211274953 1.871542915865748
-9999.0 -9999.0 -9999.0 -9999.0 -9999.0 -9999.0 -9999.0 -9999.0 -9999.0 -9999.0 -9999.0 -9999.0 -9999.0 -9999.0 -9999.0 -9999.0 -9999.0 -9999.0 -9999.0 -9999.0 -9999.0 -9999.0 -9999.0 -9999.0 -9999.0 1.8733831722334313 1.8735879885102449 1.873792804787058 1.8739976210638711 1.8742024373406845 1.8744072536174976 1.8746120698943107 1.8748168861711239 1.875021702447937 1.87522651872475 1.8754313350015634 1.8756361512783766 1.8758409675551897 1.8760457838320028 1.8762506001088164 1.8764554163856295 1.8766602326624426 1.8758770651140912 1.8740377205272967
-9999.0 -9999.0 -9999.0 -9999.0 -9999.0 -9999.0 -9999.0 -9999.0 -9999.0 -9999.0 -9999.0 -9999.0 -9999.0 -9999.0 -9999.0 -9999.0 -9999.0 -9999.0 -9999.0 -9999.0 -9999.0 -9999.0 -9999.0 -9999.0 -9999.0 1.8753286180159308 1.8755695635341274 1.8758105090523236 1.8760514545705198 1.8762924000887158 1.876533345606912 1.8767742911251082 1.8770152366433044 1.8772561821615006 1.8774971276796968 1.877738073197893 1.8779790187160892 1.8782199642342854 1.8784609097524816 1.8787018552706782 1.8789428007888744 1.8791837463070706 1.8784038091006894 1.8765325251888476
-9999.0 -9999.0 -9999.0 -9999.0 -9999.0 -9999.0 -9999.0 -9999.0 -9999.0 -9999.0 -9999.0 -9999.0 -9999.0 -9999.0 -9999.0 -9999.0 -9999.0 -9999.0 -9999.0 -9999.0 -9999.0 -9999.0 -9999.0 -9999.0 -9999.0 1.8772740637984284 1.8775511385580081 1.8778282133175872 1.8781052880771665 1.8783823628367458 1.8786594375963248 1.878936512355904 1.8792135871154831 1.8794906618750624 1.8797677366346417 1.8800448113942207 1.8803218861538 1.8805989609133793 1.8808760356729584 1.881153110432538 1.8814301851921174 1.8817072599516964 1.8809305530872857 1.8790273298503966
-9999.0 -9999.0 -9999.0 -9999.0 -9999.0 -9999.0 -9999.0 -9999.0 -9999.0 -9999.0 -9999.0 -9999.0 -9999.0 -9999.0 -9999.0 -9999.0 -9999.0 -9999.0 -9999.0 -9999.0 1.877653489576115 1.8779666935770774 1.8782798975780395 1.8785931015790016 1.8789063055799637 1.879219509580926 1.8795327135818887 1.879845917582851 1.8801591215838132 1.8804723255847753 1.8807855295857374 1.8810987335866998 1.881411937587662 1.881725141588624 1.8820383455895862 1.8823515495905485 1.8826647535915106 1.8829779575924728 1.8832911615934351 1.8836043655943977 1.8839175695953598 1.8842307735963222 1.8834572970738817 1.8815221345119455
-9999.0 -9999.0 -9999.0 -9999.0 -9999.0 -9999.0 -9999.0 -9999.0 -9999.0 -9999.0 -9999.0 -9999.0 -9999.0 -9999.0 -9999.0 -9999.0 -9999.0 -9999.0 -9999.0 1.8790689559093525 1.8794182891516977 1.879767622394043 1.8801169556363881 1.8804662888787333 1.8808156221210786 1.8811649553634235 1.8815142886057694 1.8818636218481146 1.8822129550904598 1.882562288332805 1.8829116215751502 1.8832609548174954 1.8836102880598404 1.8839596213021856 1.8843089545445308 1.884658287786876 1.8850076210292213 1.8853569542715665 1.8857062875139117 1.8860556207562573 1.8864049539986025 1.8867542872409477 1.8859840410604776 1.8840169391734942
-9999.0 -9999.0 -9999.0 -9999.0 -9999.0 -9999.0 -9999.0 -9999.0 -9999.0 -9999.0 -9999.0 -9999.0 -9999.0 -9999.0 -9999.0 -9999.0 -9999.0 1.8800267012760958 1.880412163759824 1.8807976262435522 1.8811830887272805 1.8815685512110085 1.8819540136947368 1.8823394761784649 1.8827249386621931 1.8831104011459212 1.8834958636296502 1.8838813261133782 1.8842667885971065 1.8846522510808346 1.8850377135645628 1.885423176048291 1.8858086385320192 1.8861941010157472 1.8865795634994755 1.8869650259832038 1.8873504884669319 1.8877359509506602 1.8881214134343882 1.8885068759181172 1.8888923384018452 1.8892778008855735 1.8885107850470735 1.886511743835043
-9999.0 -9999.0 -9999.0 -9999.0 -9999.0 -9999.0 -9999.0 -9999.0 -9999.0 -9999.0 -9999.0 -9999.0 -9999.0 -9999.0 -9999.0 1.8801359591735178 1.880556144609294 1.8809763300450701 1.8813965154808463 1.8818167009166222 1.8822368863523984 1.8826570717881745 1.8830772572239507 1.8834974426597269 1.883917628095503 1.8843378135312792 1.884757998967056 1.8851781844028321 1.8855983698386083 1.8860185552743844 1.8864387407101606 1.8868589261459368 1.887279111581713 1.887699297017489 1.8881194824532652 1.8885396678890414 1.8889598533248175 1.8893800387605937 1.8898002241963698 1.8902204096321467 1.8906405950679228 1.891060780503699 1.8903068287994977 1.8882976979560828
-9999.0 -9999.0 -9999.0 -9999.0 -9999.0 -9999.0 -9999.0 -9999.0 -9999.0 -9999.0 -9999.0 -9999.0 -9999.0 -9999.0 1.8798102368043652 1.8802636419575613 1.8807170471107577 1.8811704522639539 1.8816238574171502 1.8820772625703466 1.8825306677235427 1.882984072876739 1.8834374780299352 1.8838908831831316 1.8843442883363277 1.884797693489524 1.8852510986427211 1.8857045037959173 1.8861579089491136 1.88661131410231 1.8870647192555061 1.8875181244087025 1.8879715295618986 1.888424934715095 1.8888783398682911 1.8893317450214875 1.8897851501746836 1.89023855532788 1.8906919604810764 1.8911453656342734 1.8915987707874695 1.8920521759406659 1.8913218000747087 1.8893259355447376
