Figures/CREST_Example_wjb_NSE/PETs/wjb.pet.20100311.asc
ncols            288
nrows            254
xllcorner        113.274861
yllcorner        31.4918055
cellsize         0.008333333333
NODATA_value     -9999
[rows 140 to 159 of 254, columns 88 to 131 of 288]
2.0035168052887875 2.0011672661334607 1.998817726978134 1.9964681878228032 1.9941186486674765 1.99176910951215 1.9894195703568232 1.9870700312014964 1.9847204920461696 1.9823709528908429 1.980021413735516 1.9776718745801893 1.9753223354248626 1.9729727962695358 1.9704066621007785 1.967608982965191 1.964811303829599 1.9620136246940116 1.9592159455584242 1.956418266422837 1.9536205872872494 1.9508229081516621 1.9480252290160747 1.9452275498804872 1.9424298707449 1.9396321916093124 1.9368345124737252 1.9340368333381377 1.9312391542025504 1.9284414750669583 1.9256437959313708 1.9228461167957833 1.920048437660196 1.9172507585246086 1.9144530793890213 1.9116554002534338 1.9088577211178466 1.906060041982259 1.9032623628466718 1.9004646837110843 1.8976670045754969 1.8948693254399096 1.8920716463043175 1.88927396716873
2.0037114722456524 2.001323020077636 1.9989345679096204 1.9965461157416002 1.9941576635735845 1.9917692114055685 1.9893807592375525 1.9869923070695366 1.9846038549015206 1.9822154027335048 1.9798269505654889 1.9774384983974729 1.975050046229457 1.972661594061441 1.970065528998756 1.967247521057294 1.964429513115827 1.9616115051743648 1.9587934972329026 1.9559754892914405 1.9531574813499784 1.9503394734085162 1.947521465467054 1.944703457525592 1.9418854495841298 1.9390674416426676 1.9362494337012055 1.9334314257597434 1.9306134178182812 1.9277954098768144 1.9249774019353523 1.9221593939938901 1.9193413860524278 1.9165233781109656 1.9137053701695035 1.9108873622280413 1.9080693542865792 1.905251346345117 1.902433338403655 1.8996153304621928 1.8967973225207306 1.8939793145792685 1.8911613066378017 1.8883432986963395
2.003906139202517 2.0014787740218116 1.9990514088411067 1.9966240436603975 1.9941966784796923 1.991769313298987 1.989341948118282 1.986914582937577 1.9844872177568718 1.9820598525761666 1.9796324873954614 1.9772051222147564 1.9747777570340512 1.972350391853346 1.9697243958967336 1.9668860591493968 1.964047722402055 1.9612093856547181 1.9583710489073813 1.9555327121600443 1.9526943754127075 1.9498560386653705 1.9470177019180337 1.9441793651706967 1.9413410284233599 1.9385026916760228 1.935664354928686 1.932826018181349 1.9299876814340122 1.9271493446866703 1.9243110079393335 1.9214726711919967 1.9186343344446597 1.915795997697323 1.9129576609499859 1.910119324202649 1.907280987455312 1.9044426507079752 1.9016043139606382 1.8987659772133014 1.8959276404659644 1.8930893037186276 1.8902509669712857 1.887412630223949
2.0041008061593817 2.0016345279659875 1.999168249772593 1.9967019715791945 1.9942356933858 1.991769415192406 1.9893031369990115 1.9868368588056171 1.9843705806122227 1.9819043024188285 1.9794380242254341 1.9769717460320397 1.9745054678386456 1.9720391896452512 1.9693832627947112 1.9665245972414995 1.9636659316882832 1.9608072661350715 1.9579486005818598 1.9550899350286481 1.9522312694754365 1.9493726039222248 1.946513938369013 1.9436552728158014 1.9407966072625897 1.937937941709378 1.9350792761561664 1.9322206106029547 1.929361945049743 1.9265032794965264 1.9236446139433148 1.9207859483901033 1.9179272828368916 1.91506861728368 1.9122099517304683 1.9093512861772566 1.906492620624045 1.9036339550708332 1.9007752895176215 1.8979166239644099 1.8950579584111982 1.8921992928579865 1.88934062730477 1.8864819617515582
2.0042954731162466 2.001790281910163 1.9992850907040796 1.9967798994979917 1.9942747082919081 1.9917695170858245 1.989264325879741 1.9867591346736575 1.9842539434675739 1.9817487522614903 1.9792435610554067 1.9767383698493233 1.9742331786432397 1.971727987437156 1.9690421296926885 1.9661631353336022 1.9632841409745108 1.9604051466154244 1.9575261522563379 1.9546471578972515 1.951768163538165 1.9488891691790786 1.946010174819992 1.9431311804609057 1.9402521861018192 1.9373731917427328 1.9344941973836463 1.93161520302456 1.9287362086654734 1.9258572143063821 1.9229782199472956 1.9200992255882092 1.9172202312291227 1.9143412368700363 1.9114622425109498 1.9085832481518634 1.9057042537927769 1.9028252594336905 1.899946265074604 1.8970672707155176 1.894188276356431 1.8913092819973447 1.8884302876382533 1.885551293279167
2.0044901400731114 2.0019460358543384 1.9994019316355658 1.9968578274167887 1.994313723198016 1.9917696189792433 1.9892255147604705 1.9866814105416977 1.9841373063229248 1.9815932021041522 1.9790490978853794 1.9765049936666066 1.973960889447834 1.9714167852290612 1.9687009965906663 1.965801673425705 1.9629023502607388 1.9600030270957778 1.9571037039308166 1.9542043807658553 1.9513050576008941 1.948405734435933 1.9455064112709717 1.9426070881060105 1.9397077649410492 1.936808441776088 1.9339091186111268 1.9310097954461656 1.9281104722812044 1.9252111491162383 1.922311825951277 1.9194125027863158 1.9165131796213546 1.9136138564563934 1.9107145332914321 1.907815210126471 1.9049158869615097 1.9020165637965485 1.8991172406315873 1.896217917466626 1.8933185943016648 1.8904192711367036 1.8875199479717375 1.8846206248067763
2.0046848070299763 2.0021017897985143 1.9995187725670522 1.996935755335586 1.994352738104124 1.991769720872662 1.9891867036412 1.986603686409738 1.984020669178276 1.9814376519468142 1.9788546347153522 1.9762716174838901 1.973688600252428 1.9711055830209663 1.968359863488644 1.9654402115178078 1.962520559546967 1.959600907576131 1.956681255605295 1.953761603634459 1.950841951663623 1.947922299692787 1.945002647721951 1.9420829957511152 1.939163343780279 1.9362436918094432 1.9333240398386071 1.9304043878677712 1.9274847358969354 1.9245650839260944 1.9216454319552583 1.9187257799844224 1.9158061280135863 1.9128864760427504 1.9099668240719145 1.9070471721010784 1.9041275201302426 1.9012078681594065 1.8982882161885706 1.8953685642177347 1.8924489122468986 1.8895292602760627 1.8866096083052217 1.8836899563343859
2.004879473986841 2.0022575437426897 1.9996356134985387 1.997013683254383 1.9943917530102317 1.9917698227660807 1.9891478925219295 1.9865259622777782 1.9839040320336272 1.981282101789476 1.9786601715453247 1.9760382413011737 1.9734163110570224 1.9707943808128714 1.9680187303866215 1.9650787496099107 1.962138768833195 1.9591987880564843 1.9562588072797735 1.9533188265030628 1.950378845726352 1.9474388649496412 1.9444988841729305 1.9415589033962197 1.9386189226195092 1.9356789418427984 1.9327389610660877 1.929798980289377 1.9268589995126661 1.9239190187359505 1.9209790379592397 1.918039057182529 1.9150990764058182 1.9121590956291075 1.9092191148523967 1.906279134075686 1.9033391532989754 1.9003991725222646 1.8974591917455539 1.8945192109688431 1.8915792301921324 1.8886392494154216 1.885699268638706 1.8827592878619952
2.005885782983229 2.0032457175869354 2.000605652190642 1.9979655867943444 1.9953255213980512 1.9926854560017577 1.9900453906054645 1.987405325209171 1.9847652598128778 1.9821251944165845 1.979485129020291 1.9768450636239978 1.9742049982277046 1.971564932831411 1.9687709846414807 1.965812532265678 1.9628540798898706 1.959895627514068 1.9569371751382654 1.9539787227624628 1.9510202703866601 1.9480618180108575 1.945103365635055 1.9421449132592523 1.9391864608834497 1.936228008507647 1.9332695561318445 1.9303111037560419 1.9273526513802393 1.9243941990044315 1.921435746628629 1.9184772942528263 1.9155188418770237 1.912560389501221 1.9096019371254185 1.9066434847496159 1.9036850323738133 1.9007265799980106 1.897768127622208 1.8948096752464054 1.8918512228706028 1.8888927704948002 1.8859343181189925 1.8829758657431899
2.0077596861556044 2.0051236958303 2.0024877055049948 1.9998517151796857 1.997215724854381 1.9945797345290763 1.9919437442037715 1.9893077538784667 1.986671763553162 1.9840357732278573 1.9813997829025527 1.9787637925772479 1.976127802251943 1.9734918119266385 1.9706920010559326 1.9677170623180145 1.9647421235800913 1.9617671848421732 1.958792246104255 1.9558173073663367 1.9528423686284186 1.9498674298905005 1.9468924911525822 1.9439175524146641 1.940942613676746 1.937967674938828 1.9349927362009096 1.9320177974629915 1.9290428587250734 1.9260679199871502 1.9230929812492321 1.9201180425113138 1.9171431037733957 1.9141681650354776 1.9111932262975595 1.9082182875596412 1.905243348821723 1.902268410083805 1.8992934713458869 1.8963185326079686 1.8933435938700505 1.8903686551321324 1.8873937163942092 1.8844187776562908
2.0096335893279815 2.007001674073665 2.004369758819349 2.001737843565029 1.9991059283107124 1.9964740130563965 1.9938420978020803 1.9912101825477642 1.988578267293448 1.9859463520391318 1.9833144367848157 1.9806825215304997 1.9780506062761836 1.9754186910218674 1.9726130174703862 1.9696215923703526 1.9666301672703137 1.9636387421702801 1.9606473170702463 1.9576558919702127 1.954664466870179 1.9516730417701451 1.9486816166701115 1.9456901915700777 1.9426987664700441 1.9397073413700103 1.9367159162699767 1.933724491169943 1.9307330660699094 1.9277416409698704 1.9247502158698369 1.921758790769803 1.9187673656697695 1.9157759405697357 1.9127845154697019 1.9097930903696683 1.9068016652696345 1.9038102401696009 1.900818815069567 1.8978273899695335 1.8948359648694997 1.891844539769466 1.8888531146694272 1.8858616895693936
2.011507492500357 2.0088796523170296 2.006251812133702 2.00362397195037 2.0009961317670424 1.9983682915837149 1.9957404514003874 1.9931126112170598 1.9904847710337323 1.9878569308504048 1.9852290906670773 1.9826012504837496 1.979973410300422 1.9773455701170946 1.974534033884838 1.9715261224226888 1.9685182109605344 1.9655102994983853 1.962502388036236 1.9594944765740867 1.9564865651119374 1.9534786536497881 1.950470742187639 1.9474628307254898 1.9444549192633405 1.9414470078011912 1.9384390963390419 1.9354311848768928 1.9324232734147435 1.9294153619525891 1.9264074504904398 1.9233995390282905 1.9203916275661415 1.9173837161039922 1.9143758046418429 1.9113678931796936 1.9083599817175443 1.9053520702553952 1.902344158793246 1.8993362473310966 1.8963283358689473 1.893320424406798 1.8903125129446439 1.8873046014824946
2.013381395672732 2.0107576305603936 2.0081338654480545 2.005510100335711 2.0028863352233723 2.0002625701110333 1.9976388049986942 1.9950150398863553 1.9923912747740165 1.9897675096616774 1.9871437445493385 1.9845199794369994 1.9818962143246606 1.9792724492123217 1.9764550502992897 1.973430652475025 1.970406254650755 1.9673818568264902 1.9643574590022255 1.9613330611779607 1.958308663353696 1.9552842655294311 1.9522598677051664 1.9492354698809016 1.9462110720566368 1.943186674232372 1.9401622764081072 1.9371378785838425 1.9341134807595777 1.9310890829353078 1.928064685111043 1.9250402872867782 1.9220158894625134 1.9189914916382487 1.915967093813984 1.912942695989719 1.9099182981654543 1.9068939003411896 1.9038695025169248 1.90084510469266 1.8978207068683952 1.8947963090441304 1.8917719112198605 1.8887475133955958
2.015255298845108 2.0126356088037576 2.010015918762407 2.0073962287210523 2.004776538679702 2.002156848638352 1.9995371585970014 1.996917468555651 1.9942977785143006 1.9916780884729501 1.9890583984316 1.9864387083902495 1.9838190183488993 1.9811993283075489 1.9783760667137416 1.9753351825273613 1.9722942983409757 1.9692534141545954 1.9662125299682152 1.963171645781835 1.9601307615954544 1.9570898774090741 1.9540489932226939 1.9510081090363136 1.9479672248499333 1.9449263406635529 1.9418854564771726 1.9388445722907923 1.935803688104412 1.9327628039180265 1.9297219197316462 1.926681035545266 1.9236401513588857 1.9205992671725052 1.917558382986125 1.9145174987997446 1.9114766146133644 1.9084357304269841 1.9053948462406036 1.9023539620542234 1.899313077867843 1.8962721936814628 1.8932313094950772 1.890190425308697
2.0171292020174834 2.0145135870471216 2.01189797207676 2.0092823571063936 2.006666742136032 2.00405112716567 2.0014355121953082 1.9988198972249467 1.996204282254585 1.9935886672842231 1.9909730523138613 1.9883574373434996 1.9857418223731378 1.983126207402776 1.9802970831281934 1.9772397125796974 1.9741823420311964 1.9711249714827006 1.9680676009342049 1.9650102303857089 1.9619528598372131 1.9588954892887172 1.9558381187402214 1.9527807481917254 1.9497233776432297 1.9466660070947337 1.943608636546238 1.940551265997742 1.9374938954492462 1.9344365249007451 1.9313791543522494 1.9283217838037534 1.9252644132552577 1.9222070427067617 1.919149672158266 1.91609230160977 1.9130349310612742 1.9099775605127782 1.9069201899642825 1.9038628194157865 1.9008054488672907 1.897748078318795 1.894690707770294 1.891633337221798
2.019003105189859 2.0163915652904856 2.0137800253911124 2.011168485491735 2.0085569455923618 2.0059454056929886 2.0033338657936155 2.0007223258942424 1.9981107859948692 1.995499246095496 1.9928877061961228 1.9902761662967496 1.9876646263973765 1.9850530864980032 1.9822180995426453 1.9791442426320338 1.9760703857214172 1.9729965288108058 1.9699226719001943 1.966848814989583 1.9637749580789716 1.9607011011683602 1.957627244257749 1.9545533873471375 1.951479530436526 1.9484056735259148 1.9453318166153033 1.9422579597046918 1.9391841027940806 1.9361102458834638 1.9330363889728526 1.929962532062241 1.9268886751516296 1.9238148182410184 1.920740961330407 1.9176671044197955 1.9145932475091842 1.9115193905985728 1.9084455336879613 1.90537167677735 1.9022978198667386 1.8992239629561272 1.8961501060455106 1.8930762491348991
2.0208770083622345 2.01826954353385 2.015662078705465 2.013054613877076 2.0104471490486917 2.0078396842203072 2.0052322193919228 2.002624754563538 2.0000172897351534 1.9974098249067689 1.9948023600783842 1.9921948952499997 1.989587430421615 1.9869799655932305 1.9841391159570971 1.9810487726843702 1.977958429411638 1.974868086138911 1.971777742866184 1.968687399593457 1.9655970563207301 1.9625067130480032 1.9594163697752762 1.9563260265025493 1.9532356832298226 1.9501453399570956 1.9470549966843687 1.9439646534116417 1.9408743101389148 1.9377839668661825 1.9346936235934555 1.9316032803207286 1.9285129370480016 1.9254225937752747 1.922332250502548 1.919241907229821 1.916151563957094 1.9130612206843671 1.9099708774116402 1.9068805341389132 1.9037901908661863 1.9006998475934593 1.897609504320727 1.894519161048
2.0227509115346116 2.020147521777216 2.01754413201982 2.0149407422624193 2.0123373525050234 2.009733962747627 2.0071305729902313 2.0045271832328355 2.0019237934754393 1.9993204037180434 1.9967170139606474 1.9941136242032516 1.9915102344458555 1.9889068446884595 1.9860601323715505 1.9829533027367081 1.9798464731018603 1.976739643467018 1.9736328138321755 1.970525984197333 1.9674191545624904 1.964312324927648 1.9612054952928055 1.958098665657963 1.9549918360231204 1.951885006388278 1.9487781767534356 1.9456713471185931 1.9425645174837507 1.9394576878489027 1.9363508582140603 1.9332440285792178 1.9301371989443754 1.927030369309533 1.9239235396746903 1.9208167100398479 1.9177098804050055 1.914603050770163 1.9114962211353206 1.908389391500478 1.9052825618656355 1.902175732230793 1.8990689025959453 1.8959620729611029
2.0246248147069874 2.02202550002058 2.0194261853341726 2.0168268706477606 2.0142275559613534 2.0116282412749458 2.0090289265885386 2.006429611902131 2.003830297215724 2.001230982529316 1.9986316678429088 1.9960323531565014 1.993433038470094 1.9908337237836866 1.9879811487860024 1.9848578327890445 1.981734516792081 1.978611200795123 1.975487884798165 1.972364568801207 1.969241252804249 1.966117936807291 1.962994620810333 1.959871304813375 1.956747988816417 1.9536246728194588 1.950501356822501 1.9473780408255428 1.9442547248285849 1.9411314088316214 1.9380080928346635 1.9348847768377053 1.9317614608407474 1.9286381448437893 1.9255148288468313 1.9223915128498734 1.9192681968529153 1.9161448808559574 1.9130215648589992 1.9098982488620413 1.9067749328650831 1.9036516168681252 1.9005283008711618 1.8974049848742038
2.0264987178793628 2.023903478263944 2.0213082386485253 2.018712999033102 2.0161177594176833 2.0135225198022644 2.0109272801868454 2.008332040571427 2.005736800956008 2.003141561340589 2.0005463217251704 1.9979510821097515 1.9953558424943327 1.992760602878914 1.9899021652004543 1.9867623628413809 1.983622560482302 1.9804827581232283 1.9773429557641546 1.9742031534050812 1.9710633510460076 1.967923548686934 1.9647837463278606 1.961643943968787 1.9585041416097133 1.95536433925064 1.9522245368915663 1.9490847345324926 1.945944932173419 1.9428051298143403 1.9396653274552667 1.936525525096193 1.9333857227371196 1.930245920378046 1.9271061180189724 1.9239663156598987 1.9208265133008253 1.9176867109417517 1.914546908582678 1.9114071062236047 1.908267303864531 1.9051275015054574 1.9019876991463787 1.898847896787305
