Figures/CREST_Example_wjb_NSE/PETs/wjb.pet.20100802.asc
ncols            288
nrows            254
xllcorner        113.274861
yllcorner        31.4918055
cellsize         0.008333333333
NODATA_value     -9999
[rows 180 to 199 of 254, columns 180 to 224 of 288]
4.159386187045564 4.161853357271956 4.164320527498352 4.166787697724743 4.1692548679511345 4.171722038177526 4.174189208403917 4.176656378630309 4.1791235488567 4.181590719083092 4.184057889309483 4.1865250595358745 4.188250299187593 4.189182398267614 4.190114497347635 4.1910465964276575 4.191978695507679 4.1929107945877 4.19384289366772 4.194774992747742 4.195707091827763 4.196639190907783 4.197571289987804 4.198503389067826 4.199435488147846 4.200367587227867 4.201299686307888 4.202231785387909 4.203163884467932 4.204095983547953 4.205028082627973 4.205960181707995 4.206892280788016 4.207824379868036 4.208756478948057 4.209688578028079 4.210620677108099 4.21155277618812 4.212484875268141 4.213416974348162 4.214349073428183 4.215281172508206 4.215078271544809 4.213662029847972 4.212245788151136
4.159706589159751 4.162171346717613 4.16463610427548 4.167100861833341 4.169565619391204 4.172030376949066 4.174495134506928 4.17695989206479 4.179424649622653 4.181889407180514 4.184354164738377 4.186818922296238 4.18855452947258 4.189510658392878 4.190466787313175 4.191422916233474 4.192379045153771 4.193335174074068 4.194291302994365 4.195247431914663 4.19620356083496 4.197159689755257 4.1981158186755545 4.199071947595852 4.2000280765161495 4.200984205436447 4.201940334356744 4.202896463277041 4.2038525921973395 4.204808721117637 4.2057648500379345 4.206720978958232 4.207677107878529 4.208633236798826 4.209589365719123 4.210545494639421 4.211501623559718 4.212457752480015 4.213413881400312 4.214370010320609 4.215326139240907 4.216282268161206 4.216101532135836 4.214705461754315 4.213309391372795
4.160026991273937 4.1624893361632695 4.164951681052607 4.167414025941939 4.169876370831272 4.172338715720604 4.174801060609938 4.1772634054992706 4.179725750388603 4.182188095277936 4.184650440167269 4.187112785056602 4.188858759757567 4.189838918518141 4.190819077278714 4.191799236039289 4.192779394799863 4.193759553560437 4.19473971232101 4.195719871081583 4.196700029842157 4.197680188602731 4.198660347363304 4.1996405061238775 4.200620664884451 4.201600823645025 4.202580982405598 4.203561141166172 4.204541299926747 4.20552145868732 4.206501617447894 4.207481776208468 4.208461934969041 4.209442093729614 4.210422252490188 4.211402411250762 4.212382570011335 4.213362728771909 4.214342887532482 4.215323046293055 4.216303205053629 4.217283363814205 4.217124792726861 4.215748893660658 4.214372994594455
4.160347393388123 4.162807325608926 4.1652672578297345 4.167727190050537 4.170187122271341 4.172647054492145 4.175106986712948 4.177566918933752 4.1800268511545555 4.182486783375358 4.184946715596162 4.187406647816966 4.189162990042554 4.190167178643405 4.191171367244254 4.192175555845106 4.193179744445955 4.194183933046806 4.195188121647655 4.196192310248505 4.1971964988493555 4.198200687450205 4.199204876051055 4.200209064651904 4.201213253252755 4.2022174418536045 4.203221630454454 4.204225819055304 4.205230007656156 4.206234196257006 4.207238384857855 4.208242573458705 4.209246762059555 4.210250950660405 4.2112551392612545 4.212259327862104 4.213263516462955 4.214267705063804 4.215271893664654 4.216276082265503 4.217280270866354 4.218284459467205 4.218148053317889 4.216792325567003 4.215436597816115
4.1606677955023095 4.163125315054583 4.1655828346068615 4.168040354159136 4.17049787371141 4.172955393263685 4.1754129128159585 4.177870432368233 4.180327951920507 4.182785471472781 4.1852429910250555 4.187700510577329 4.1894672203275425 4.190495438768668 4.191523657209794 4.192551875650922 4.193580094092048 4.194608312533174 4.1956365309743004 4.196664749415427 4.197692967856552 4.1987211862976785 4.199749404738805 4.200777623179931 4.201805841621057 4.202834060062183 4.203862278503309 4.204890496944436 4.205918715385563 4.206946933826689 4.2079751522678155 4.209003370708942 4.210031589150067 4.211059807591194 4.21208802603232 4.213116244473446 4.214144462914572 4.215172681355698 4.216200899796824 4.21722911823795 4.218257336679076 4.219285555120204 4.219171313908915 4.2178357574733445 4.216500201037775
4.160988197616494 4.163443304500239 4.1658984113839885 4.168353518267733 4.170808625151478 4.173263732035223 4.175718838918968 4.178173945802713 4.180629052686458 4.183084159570202 4.185539266453947 4.187994373337692 4.189771450612529 4.190823698893931 4.191875947175333 4.192928195456737 4.19398044373814 4.195032692019542 4.196084940300945 4.197137188582348 4.19818943686375 4.199241685145152 4.200293933426554 4.201346181707957 4.202398429989359 4.2034506782707615 4.2045029265521645 4.205555174833567 4.206607423114971 4.207659671396374 4.208711919677776 4.209764167959178 4.21081641624058 4.211868664521983 4.212920912803385 4.2139731610847875 4.2150254093661905 4.216077657647593 4.217129905928995 4.218182154210397 4.2192344024918 4.220286650773204 4.220194574499942 4.218879189379688 4.217563804259434
4.161308599730681 4.163761293945897 4.166213988161116 4.168666682376332 4.171119376591547 4.173572070806763 4.176024765021978 4.178477459237194 4.18093015345241 4.183382847667625 4.185835541882841 4.188288236098057 4.190075680897516 4.191151959019194 4.192228237140873 4.193304515262554 4.194380793384233 4.195457071505912 4.19653334962759 4.1976096277492685 4.198685905870947 4.199762183992626 4.200838462114304 4.201914740235983 4.202991018357662 4.204067296479341 4.205143574601019 4.206219852722698 4.207296130844378 4.208372408966057 4.209448687087736 4.210524965209414 4.211601243331093 4.212677521452772 4.213753799574451 4.214830077696129 4.215906355817808 4.2169826339394865 4.218058912061165 4.219135190182844 4.220211468304522 4.221287746426203 4.221217835090968 4.219922621286031 4.218627407481094
4.161629001844867 4.164079283391553 4.1665295649382434 4.1689798464849295 4.1714301280316155 4.173880409578302 4.1763306911249884 4.1787809726716745 4.1812312542183605 4.183681535765047 4.1861318173117334 4.1885820988584195 4.190379911182503 4.191480219144458 4.192580527106412 4.19368083506837 4.194781143030324 4.195881450992279 4.196981758954235 4.198082066916189 4.199182374878144 4.2002826828401 4.201382990802054 4.202483298764009 4.203583606725965 4.204683914687919 4.205784222649874 4.20688453061183 4.207984838573786 4.209085146535741 4.210185454497696 4.211285762459651 4.212386070421606 4.213486378383561 4.214586686345516 4.215686994307471 4.2167873022694256 4.217887610231381 4.218987918193336 4.220088226155291 4.221188534117246 4.222288842079203 4.222241095681995 4.220966053192374 4.219691010702753
4.161949403959053 4.16439727283721 4.166845141715371 4.169293010593528 4.171740879471685 4.174188748349842 4.176636617227999 4.179084486106156 4.181532354984313 4.18398022386247 4.186428092740626 4.188875961618783 4.19068414146749 4.191808479269721 4.192932817071952 4.194057154874185 4.195181492676417 4.196305830478648 4.19743016828088 4.19855450608311 4.199678843885342 4.200803181687573 4.2019275194898045 4.203051857292036 4.204176195094266 4.205300532896498 4.206424870698729 4.207549208500961 4.208673546303194 4.209797884105425 4.210922221907656 4.212046559709887 4.213170897512119 4.21429523531435 4.2154195731165816 4.216543910918812 4.2176682487210435 4.218792586523275 4.219916924325506 4.221041262127738 4.222165599929968 4.2232899377322015 4.223264356273021 4.222009485098717 4.220754613924412
4.1622698060732395 4.164715262282867 4.167160718492499 4.1696061747021265 4.172051630911754 4.174497087121382 4.176942543331009 4.179387999540637 4.181833455750264 4.184278911959892 4.18672436816952 4.189169824379147 4.190988371752478 4.192136739394985 4.193285107037492 4.194433474680002 4.195581842322509 4.196730209965017 4.197878577607525 4.199026945250032 4.20017531289254 4.201323680535047 4.202472048177555 4.203620415820063 4.20476878346257 4.205917151105077 4.207065518747585 4.208213886390093 4.209362254032603 4.21051062167511 4.211658989317617 4.212807356960125 4.2139557246026325 4.21510409224514 4.216252459887648 4.217400827530155 4.218549195172662 4.2196975628151705 4.220845930457678 4.221994298100185 4.223142665742693 4.224291033385202 4.224287616864049 4.223052917005061 4.221818217146073
4.162590208187424 4.165033251728524 4.167476295269625 4.169919338810724 4.172362382351822 4.17480542589292 4.177248469434018 4.1796915129751175 4.182134556516216 4.184577600057314 4.187020643598412 4.189463687139511 4.191292602037464 4.192464999520248 4.193637397003031 4.194809794485818 4.195982191968601 4.197154589451385 4.198326986934169 4.199499384416953 4.200671781899737 4.201844179382521 4.203016576865305 4.204188974348088 4.205361371830872 4.206533769313656 4.20770616679644 4.208878564279224 4.210050961762009 4.211223359244793 4.212395756727577 4.213568154210361 4.214740551693144 4.215912949175928 4.217085346658712 4.218257744141496 4.21943014162428 4.220602539107064 4.221774936589848 4.222947334072631 4.224119731555415 4.225292129038201 4.225310877455074 4.224096348911403 4.222881820367732
4.162910610301611 4.16535124117418 4.167791872046753 4.170232502919323 4.172673133791891 4.17511376466446 4.17755439553703 4.179995026409598 4.182435657282167 4.184876288154737 4.187316919027305 4.189757549899874 4.1915968323224515 4.192793259645511 4.193989686968572 4.195186114291634 4.196382541614694 4.197578968937754 4.198775396260814 4.1999718235838746 4.201168250906934 4.202364678229994 4.203561105553055 4.204757532876115 4.205953960199175 4.207150387522235 4.208346814845295 4.209543242168356 4.210739669491417 4.211936096814478 4.213132524137538 4.214328951460598 4.215525378783658 4.216721806106718 4.217918233429779 4.2191146607528385 4.220311088075898 4.221507515398959 4.222703942722019 4.223900370045079 4.225096797368139 4.226293224691202 4.226334138046101 4.225139780817747 4.2239454235893925
4.163231012415797 4.165669230619836 4.16810744882388 4.17054566702792 4.17298388523196 4.1754221034359995 4.177860321640039 4.180298539844078 4.182736758048119 4.185174976252158 4.187613194456198 4.190051412660237 4.191901062607438 4.1931215197707745 4.194341976934111 4.195562434097449 4.196782891260786 4.198003348424122 4.199223805587459 4.2004442627507945 4.201664719914131 4.202885177077468 4.204105634240804 4.205326091404141 4.206546548567477 4.207767005730814 4.20898746289415 4.210207920057487 4.211428377220825 4.2126488343841615 4.213869291547498 4.215089748710834 4.21631020587417 4.217530663037507 4.218751120200843 4.21997157736418 4.221192034527516 4.222412491690853 4.223632948854189 4.224853406017526 4.226073863180861 4.227294320344201 4.227357398637127 4.22618321272409 4.225009026811051
4.163551414529984 4.165987220065493 4.168423025601008 4.170858831136519 4.173294636672029 4.175730442207539 4.178166247743049 4.18060205327856 4.18303785881407 4.185473664349581 4.187909469885091 4.190345275420601 4.192205292892425 4.193449779896038 4.194694266899651 4.195938753903265 4.197183240906878 4.198427727910491 4.199672214914104 4.200916701917716 4.202161188921329 4.203405675924942 4.204650162928554 4.205894649932167 4.20713913693578 4.208383623939392 4.209628110943005 4.210872597946618 4.212117084950233 4.213361571953845 4.214606058957458 4.215850545961071 4.217095032964684 4.218339519968296 4.2195840069719095 4.220828493975522 4.222072980979134 4.223317467982747 4.22456195498636 4.225806441989973 4.227050928993585 4.2282954159972 4.228380659228154 4.2272266446304325 4.226072630032712
4.1638718166441695 4.166305209511151 4.168738602378136 4.171171995245117 4.173605388112098 4.176038780979079 4.1784721738460595 4.180905566713041 4.183338959580022 4.185772352447003 4.188205745313984 4.190639138180965 4.192509523177413 4.193778040021302 4.195046556865191 4.196315073709082 4.197583590552971 4.19885210739686 4.200120624240749 4.201389141084638 4.202657657928527 4.203926174772416 4.205194691616305 4.206463208460193 4.2077317253040825 4.2090002421479715 4.210268758991861 4.21153727583575 4.2128057926796405 4.21407430952353 4.215342826367419 4.216611343211308 4.217879860055197 4.219148376899086 4.220416893742975 4.221685410586864 4.222953927430753 4.224222444274642 4.225490961118531 4.22675947796242 4.228027994806308 4.2292965116502 4.229403919819181 4.228270076536776 4.227136233254371
4.164192218758355 4.166623198956807 4.169054179155262 4.171485159353714 4.1739161395521664 4.176347119750618 4.17877809994907 4.1812090801475215 4.183640060345973 4.186071040544425 4.1885020207428765 4.190933000941328 4.192813753462399 4.194106300146564 4.19539884683073 4.1966913935148975 4.197983940199062 4.199276486883228 4.200569033567393 4.201861580251558 4.203154126935724 4.204446673619889 4.2057392203040544 4.207031766988219 4.208324313672385 4.20961686035655 4.210909407040715 4.212201953724881 4.213494500409048 4.214787047093213 4.216079593777379 4.217372140461544 4.21866468714571 4.2199572338298745 4.221249780514039 4.222542327198205 4.22383487388237 4.225127420566536 4.226419967250701 4.227712513934867 4.2290050606190315 4.230297607303199 4.230427180410207 4.229313508443119 4.22819983647603
4.164512620872541 4.166941188402464 4.16936975593239 4.171798323462313 4.1742268909922355 4.176655458522157 4.17908402605208 4.181512593582003 4.183941161111925 4.186369728641847 4.18879829617177 4.191226863701692 4.193117983747387 4.194434560271828 4.19575113679627 4.197067713320713 4.198384289845155 4.1997008663695965 4.201017442894038 4.20233401941848 4.203650595942921 4.204967172467363 4.206283748991805 4.207600325516246 4.208916902040688 4.210233478565129 4.211550055089571 4.212866631614013 4.214183208138456 4.215499784662898 4.216816361187339 4.218132937711781 4.2194495142362225 4.220766090760664 4.222082667285106 4.223399243809547 4.224715820333989 4.226032396858431 4.227348973382872 4.228665549907314 4.229982126431755 4.231298702956199 4.231450441001234 4.230356940349462 4.22926343969769
4.164833022986727 4.16725917784812 4.169685332709517 4.172111487570911 4.174537642432304 4.176963797293697 4.1793899521550895 4.181816107016482 4.184242261877876 4.186668416739269 4.189094571600662 4.191520726462055 4.193422214032373 4.1947628203970915 4.196103426761809 4.197444033126529 4.198784639491247 4.200125245855965 4.201465852220683 4.202806458585401 4.204147064950119 4.205487671314836 4.206828277679555 4.208168884044272 4.2095094904089905 4.210850096773708 4.212190703138426 4.213531309503144 4.214871915867864 4.216212522232582 4.2175531285973 4.218893734962018 4.220234341326735 4.221574947691454 4.222915554056171 4.2242561604208895 4.225596766785607 4.226937373150325 4.228277979515043 4.229618585879761 4.2309591922444785 4.232299798609199 4.23247370159226 4.231400372255806 4.23032704291935
4.165153425100914 4.167577167293778 4.170000909486645 4.172424651679509 4.174848393872373 4.177272136065237 4.1796958782581 4.182119620450964 4.1845433626438275 4.186967104836691 4.189390847029555 4.191814589222419 4.1937264443173605 4.195091080522355 4.196455716727349 4.197820352932346 4.19918498913734 4.200549625342334 4.201914261547328 4.203278897752322 4.204643533957316 4.20600817016231 4.207372806367304 4.208737442572298 4.210102078777292 4.211466714982286 4.212831351187281 4.214195987392275 4.215560623597272 4.216925259802266 4.21828989600726 4.219654532212254 4.221019168417248 4.222383804622242 4.2237484408272365 4.225113077032231 4.226477713237225 4.227842349442219 4.229206985647213 4.230571621852207 4.2319362580572015 4.2333008942621975 4.2334969621832865 4.232443804162148 4.231390646141009
4.165473827215099 4.167895156739434 4.170316486263772 4.172737815788106 4.175159145312441 4.177580474836775 4.18000180436111 4.182423133885444 4.184844463409779 4.187265792934113 4.189687122458447 4.192108451982782 4.194030674602347 4.195419340647618 4.196808006692888 4.1981966727381606 4.199585338783431 4.200974004828701 4.202362670873972 4.203751336919242 4.205140002964513 4.206528669009783 4.207917335055054 4.209306001100325 4.210694667145595 4.212083333190866 4.213471999236136 4.214860665281407 4.216249331326679 4.217637997371949 4.21902666341722 4.22041532946249 4.221803995507761 4.223192661553031 4.224581327598302 4.225969993643572 4.227358659688843 4.228747325734113 4.230135991779384 4.231524657824655 4.232913323869925 4.234301989915197 4.2345202227743135 4.233487236068491 4.232454249362669
