Figures/CREST_Example_wjb_NSE/PETs/wjb.pet.20090108.asc
ncols            288
nrows            254
xllcorner        113.274861
yllcorner        31.4918055
cellsize         0.008333333333
NODATA_value     -9999
[rows 171 to 189 of 254, columns 88 to 131 of 288]
0.6493215518299011 0.6486326178728624 0.6479436839158236 0.6472547499587837 0.6465658160017449 0.6458768820447062 0.6451879480876674 0.6444990141306287 0.64381008017359 0.6431211462165511 0.6424322122595124 0.6417432783024737 0.641054344345435 0.6403654103883962 0.6401574027202597 0.6404635161292789 0.6407696295382986 0.641075742947318 0.6413818563563372 0.6416879697653565 0.6419940831743757 0.642300196583395 0.6426063099924142 0.6429124234014334 0.6432185368104527 0.6435246502194719 0.6438307636284912 0.6441368770375104 0.6444429904465296 0.6447491038555495 0.6450552172645687 0.6453613306735879 0.6456674440826072 0.6459735574916264 0.6462796709006458 0.646585784309665 0.6468918977186842 0.6471980111277035 0.6475041245367227 0.647810237945742 0.6481163513547612 0.6484224647637805 0.6487285781728003 0.6490346915818195
0.6486755391838757 0.6479098600772651 0.6471441809706545 0.6463785018640427 0.645612822757432 0.6448471436508215 0.6440814645442109 0.6433157854376004 0.6425501063309897 0.6417844272243792 0.6410187481177687 0.6402530690111581 0.6394873899045475 0.6387217107979369 0.6384829721114704 0.6388075446488919 0.6391321171863139 0.6394566897237353 0.6397812622611567 0.6401058347985781 0.6404304073359995 0.640754979873421 0.6410795524108424 0.6414041249482638 0.6417286974856853 0.6420532700231066 0.6423778425605281 0.6427024150979496 0.6430269876353709 0.6433515601727929 0.6436761327102144 0.6440007052476358 0.6443252777850572 0.6446498503224786 0.6449744228599 0.6452989953973215 0.6456235679347428 0.6459481404721643 0.6462727130095858 0.6465972855470071 0.6469218580844286 0.64724643062185 0.647571003159272 0.6478955756966934
0.6480295265378502 0.6471871022816678 0.6463446780254855 0.6455022537693016 0.6446598295131192 0.6438174052569368 0.6429749810007545 0.642132556744572 0.6412901324883896 0.6404477082322072 0.6396052839760249 0.6387628597198425 0.6379204354636601 0.6370780112074776 0.6368085415026813 0.6371515731685049 0.6374946048343291 0.6378376365001527 0.6381806681659762 0.6385236998317998 0.6388667314976234 0.639209763163447 0.6395527948292706 0.6398958264950942 0.6402388581609179 0.6405818898267415 0.6409249214925651 0.6412679531583887 0.6416109848242123 0.6419540164900365 0.6422970481558601 0.6426400798216836 0.6429831114875072 0.6433261431533308 0.6436691748191544 0.644012206484978 0.6443552381508016 0.6446982698166253 0.6450413014824489 0.6453843331482725 0.6457273648140961 0.6460703964799197 0.6464134281457439 0.6467564598115675
0.6473835138918248 0.6464643444860706 0.6455451750803164 0.6446260056745605 0.6437068362688063 0.6427876668630521 0.6418684974572979 0.6409493280515437 0.6400301586457895 0.6391109892400353 0.6381918198342811 0.6372726504285269 0.6363534810227727 0.6354343116170185 0.635134110893892 0.6354956016881178 0.6358570924823442 0.63621858327657 0.6365800740707958 0.6369415648650215 0.6373030556592473 0.637664546453473 0.6380260372476989 0.6383875280419247 0.6387490188361504 0.6391105096303762 0.639472000424602 0.6398334912188277 0.6401949820130535 0.6405564728072799 0.6409179636015057 0.6412794543957314 0.6416409451899572 0.642002435984183 0.6423639267784088 0.6427254175726346 0.6430869083668603 0.6434483991610861 0.6438098899553119 0.6441713807495376 0.6445328715437634 0.6448943623379892 0.6452558531322156 0.6456173439264413
0.6467375012457993 0.6457415866904733 0.6447456721351472 0.6437497575798196 0.6427538430244935 0.6417579284691675 0.6407620139138415 0.6397660993585154 0.6387701848031894 0.6377742702478634 0.6367783556925373 0.6357824411372113 0.6347865265818853 0.6337906120265592 0.6334596802851028 0.6338396302077308 0.6342195801303594 0.6345995300529873 0.6349794799756153 0.6353594298982432 0.6357393798208711 0.6361193297434992 0.6364992796661271 0.6368792295887551 0.637259179511383 0.6376391294340109 0.6380190793566389 0.6383990292792668 0.6387789792018949 0.6391589291245234 0.6395388790471513 0.6399188289697794 0.6402987788924073 0.6406787288150352 0.6410586787376632 0.6414386286602911 0.6418185785829191 0.642198528505547 0.642578478428175 0.642958428350803 0.6433383782734309 0.6437183281960588 0.6440982781186875 0.6444782280413154
0.6460914885997733 0.6450188288948754 0.6439461691899775 0.6428735094850777 0.6418008497801798 0.6407281900752819 0.6396555303703839 0.638582870665486 0.6375102109605881 0.6364375512556902 0.6353648915507923 0.6342922318458943 0.6332195721409964 0.6321469124360986 0.6317852496763122 0.6321836587273423 0.6325820677783731 0.6329804768294033 0.6333788858804335 0.6337772949314636 0.6341757039824937 0.6345741130335238 0.634972522084554 0.6353709311355842 0.6357693401866144 0.6361677492376444 0.6365661582886746 0.6369645673397047 0.6373629763907349 0.6377613854417657 0.6381597944927958 0.638558203543826 0.6389566125948561 0.6393550216458863 0.6397534306969165 0.6401518397479465 0.6405502487989767 0.6409486578500069 0.641347066901037 0.6417454759520672 0.6421438850030973 0.6425422940541274 0.6429407031051583 0.6433391121561884
0.6454454759537479 0.6442960710992781 0.6431466662448084 0.6419972613903366 0.640847856535867 0.6396984516813972 0.6385490468269275 0.6373996419724577 0.636250237117988 0.6351008322635183 0.6339514274090485 0.6328020225545787 0.631652617700109 0.6305032128456394 0.630110819067523 0.6305276872469553 0.6309445554263883 0.6313614236058206 0.6317782917852529 0.6321951599646852 0.6326120281441175 0.6330288963235499 0.6334457645029822 0.6338626326824145 0.6342795008618468 0.6346963690412791 0.6351132372207116 0.6355301054001439 0.6359469735795762 0.6363638417590092 0.6367807099384415 0.6371975781178738 0.6376144462973061 0.6380313144767384 0.6384481826561708 0.6388650508356031 0.6392819190150354 0.6396987871944677 0.6401156553739 0.6405325235533323 0.6409493917327647 0.641366259912197 0.6417831280916301 0.6421999962710624
0.6454939623064389 0.6443129861063166 0.6431320099061945 0.6419510337060702 0.640770057505948 0.6395890813058258 0.6384081051057036 0.6372271289055813 0.6360461527054592 0.6348651765053369 0.6336842003052147 0.6325032241050925 0.6313222479049703 0.630141271704848 0.6297225564381251 0.6301187153448385 0.6305148742515525 0.6309110331582659 0.6313071920649793 0.6317033509716926 0.632099509878406 0.6324956687851193 0.6328918276918327 0.6332879865985461 0.6336841455052594 0.6340803044119728 0.6344764633186862 0.6348726222253995 0.6352687811321129 0.635664940038827 0.6360610989455403 0.6364572578522537 0.6368534167589671 0.6372495756656804 0.6376457345723938 0.6380418934791071 0.6384380523858205 0.6388342112925339 0.6392303701992472 0.6396265291059606 0.640022688012674 0.6404188469193873 0.6408150058261014 0.6412111647328148
0.6462848243125201 0.6451205647157024 0.6439563051188848 0.6427920455220651 0.6416277859252475 0.64046352632843 0.6392992667316123 0.6381350071347947 0.636970747537977 0.6358064879411593 0.6346422283443417 0.6334779687475242 0.6323137091507065 0.6311494495538889 0.6307091263078886 0.6310427073899796 0.6313762884720713 0.6317098695541624 0.6320434506362536 0.6323770317183447 0.6327106128004357 0.6330441938825269 0.633377774964618 0.6337113560467091 0.6340449371288002 0.6343785182108913 0.6347120992929824 0.6350456803750736 0.6353792614571646 0.6357128425392563 0.6360464236213474 0.6363800047034386 0.6367135857855296 0.6370471668676208 0.6373807479497119 0.637714329031803 0.6380479101138941 0.6383814911959852 0.6387150722780763 0.6390486533601675 0.6393822344422586 0.6397158155243496 0.6400493966064413 0.6403829776885325
0.6470756863186014 0.6459281433250883 0.6447806003315752 0.6436330573380603 0.6424855143445473 0.6413379713510342 0.6401904283575212 0.6390428853640081 0.637895342370495 0.636747799376982 0.635600256383469 0.6344527133899559 0.6333051703964429 0.6321576274029298 0.631695696177652 0.6319666994351208 0.6322377026925902 0.632508705950059 0.6327797092075279 0.6330507124649968 0.6333217157224657 0.6335927189799344 0.6338637222374033 0.6341347254948722 0.634405728752341 0.6346767320098099 0.6349477352672788 0.6352187385247475 0.6354897417822164 0.6357607450396857 0.6360317482971546 0.6363027515546235 0.6365737548120923 0.6368447580695612 0.63711576132703 0.6373867645844988 0.6376577678419677 0.6379287710994366 0.6381997743569054 0.6384707776143743 0.6387417808718432 0.639012784129312 0.6392837873867813 0.6395547906442501
0.6478665483246826 0.6467357219344742 0.6456048955442657 0.6444740691540554 0.6433432427638468 0.6422124163736384 0.6410815899834299 0.6399507635932214 0.638819937203013 0.6376891108128045 0.6365582844225961 0.6354274580323875 0.6342966316421791 0.6331658052519706 0.6326822660474155 0.6328906914802621 0.633099116913109 0.6333075423459557 0.6335159677788023 0.6337243932116489 0.6339328186444955 0.6341412440773421 0.6343496695101887 0.6345580949430353 0.6347665203758819 0.6349749458087284 0.635183371241575 0.6353917966744216 0.6356002221072682 0.6358086475401151 0.6360170729729617 0.6362254984058083 0.6364339238386549 0.6366423492715015 0.6368507747043481 0.6370592001371947 0.6372676255700414 0.637476051002888 0.6376844764357346 0.6378929018685812 0.6381013273014278 0.6383097527342743 0.6385181781671213 0.6387266035999679
0.6486574103307639 0.64754330054386 0.6464291907569562 0.6453150809700503 0.6442009711831465 0.6430868613962426 0.6419727516093386 0.6408586418224348 0.6397445320355309 0.638630422248627 0.6375163124617231 0.6364022026748193 0.6352880928879153 0.6341739831010115 0.6336688359171789 0.6338146835254033 0.6339605311336278 0.6341063787418522 0.6342522263500765 0.6343980739583008 0.6345439215665252 0.6346897691747495 0.6348356167829738 0.6349814643911982 0.6351273119994225 0.6352731596076469 0.6354190072158712 0.6355648548240955 0.6357107024323199 0.6358565500405444 0.6360023976487688 0.6361482452569931 0.6362940928652174 0.6364399404734418 0.6365857880816661 0.6367316356898906 0.6368774832981149 0.6370233309063392 0.6371691785145636 0.6373150261227879 0.6374608737310122 0.6376067213392366 0.6377525689474611 0.6378984165556855
0.6494482723368459 0.6483508791532466 0.6472534859696473 0.6461560927860461 0.6450586996024469 0.6439613064188475 0.6428639132352483 0.641766520051649 0.6406691268680497 0.6395717336844504 0.6384743405008511 0.6373769473172518 0.6362795541336526 0.6351821609500532 0.6346554057869432 0.6347386755705453 0.6348219453541475 0.6349052151377494 0.6349884849213515 0.6350717547049536 0.6351550244885555 0.6352382942721576 0.6353215640557597 0.6354048338393616 0.6354881036229637 0.6355713734065657 0.6356546431901677 0.6357379129737698 0.6358211827573718 0.6359044525409739 0.635987722324576 0.6360709921081781 0.63615426189178 0.6362375316753821 0.6363208014589841 0.6364040712425861 0.6364873410261882 0.6365706108097902 0.6366538805933922 0.6367371503769943 0.6368204201605963 0.6369036899441983 0.6369869597278005 0.6370702295114025
0.6502391343429271 0.6491584577626324 0.6480777811823377 0.6469971046020412 0.6459164280217464 0.6448357514414518 0.643755074861157 0.6426743982808623 0.6415937217005676 0.6405130451202729 0.6394323685399782 0.6383516919596834 0.6372710153793888 0.636190338799094 0.6356419756567067 0.6356626676156865 0.6356833595746663 0.635704051533646 0.6357247434926258 0.6357454354516056 0.6357661274105854 0.635786819369565 0.6358075113285448 0.6358282032875247 0.6358488952465043 0.6358695872054841 0.635890279164464 0.6359109711234437 0.6359316630824234 0.6359523550414032 0.635973047000383 0.6359937389593628 0.6360144309183426 0.6360351228773223 0.6360558148363021 0.6360765067952819 0.6360971987542616 0.6361178907132414 0.6361385826722212 0.636159274631201 0.6361799665901807 0.6362006585491605 0.6362213505081403 0.6362420424671201
0.6510299963490084 0.6499660363720183 0.6489020763950282 0.6478381164180362 0.6467741564410461 0.6457101964640559 0.6446462364870659 0.6435822765100757 0.6425183165330856 0.6414543565560955 0.6403903965791053 0.6393264366021152 0.638262476625125 0.637198516648135 0.6366285455264702 0.6365866596608276 0.6365447737951851 0.6365028879295426 0.6364610020639001 0.6364191161982576 0.6363772303326152 0.6363353444669727 0.6362934586013301 0.6362515727356877 0.6362096868700452 0.6361678010044027 0.6361259151387603 0.6360840292731177 0.6360421434074752 0.6360002575418326 0.6359583716761902 0.6359164858105477 0.6358745999449052 0.6358327140792628 0.6357908282136202 0.6357489423479777 0.6357070564823353 0.6356651706166928 0.6356232847510503 0.6355813988854078 0.6355395130197653 0.6354976271541228 0.6354557412884803 0.6354138554228378
0.6518208583550897 0.6507736149814042 0.6497263716077186 0.6486791282340313 0.6476318848603457 0.6465846414866602 0.6455373981129746 0.6444901547392892 0.6434429113656036 0.642395667991918 0.6413484246182325 0.6403011812445469 0.6392539378708614 0.6382066944971758 0.6376151153962336 0.6375106517059689 0.6374061880157039 0.6373017243254392 0.6371972606351745 0.6370927969449097 0.636988333254645 0.6368838695643803 0.6367794058741155 0.6366749421838508 0.6365704784935861 0.6364660148033213 0.6363615511130565 0.6362570874227917 0.636152623732527 0.6360481600422621 0.6359436963519973 0.6358392326617326 0.6357347689714679 0.6356303052812031 0.6355258415909384 0.6354213779006737 0.6353169142104089 0.6352124505201442 0.6351079868298795 0.6350035231396146 0.6348990594493499 0.6347945957590851 0.6346901320688203 0.6345856683785555
0.652611720361171 0.6515811935907899 0.650550666820409 0.6495201400500263 0.6484896132796453 0.6474590865092643 0.6464285597388834 0.6453980329685024 0.6443675061981214 0.6433369794277405 0.6423064526573595 0.6412759258869786 0.6402453991165976 0.6392148723462167 0.638601685265997 0.63843464375111 0.6382676022362227 0.6381005607213357 0.6379335192064487 0.6377664776915618 0.6375994361766748 0.6374323946617878 0.6372653531469008 0.6370983116320138 0.6369312701171268 0.6367642286022398 0.6365971870873528 0.6364301455724658 0.6362631040575788 0.6360960625426915 0.6359290210278045 0.6357619795129175 0.6355949379980305 0.6354278964831435 0.6352608549682565 0.6350938134533695 0.6349267719384825 0.6347597304235955 0.6345926889087085 0.6344256473938215 0.6342586058789345 0.6340915643640475 0.6339245228491602 0.6337574813342732
0.6534025823672522 0.6523887722001759 0.6513749620330995 0.6503611518660214 0.649347341698945 0.6483335315318686 0.6473197213647922 0.6463059111977159 0.6452921010306395 0.644278290863563 0.6432644806964867 0.6422506705294103 0.641236860362334 0.6402230501952576 0.6395882551357606 0.6393586357962513 0.6391290164567416 0.6388993971172323 0.6386697777777232 0.6384401584382139 0.6382105390987046 0.6379809197591954 0.6377513004196861 0.6375216810801768 0.6372920617406675 0.6370624424011583 0.636832823061649 0.6366032037221397 0.6363735843826306 0.6361439650431209 0.6359143457036116 0.6356847263641023 0.6354551070245931 0.6352254876850839 0.6349958683455746 0.6347662490060654 0.6345366296665561 0.6343070103270468 0.6340773909875376 0.6338477716480283 0.633618152308519 0.6333885329690098 0.6331589136295002 0.6329292942899909
0.6541934443733342 0.6531963508095624 0.6521992572457905 0.6512021636820171 0.6502050701182454 0.6492079765544735 0.6482108829907017 0.64721378942693 0.6462166958631581 0.6452196022993864 0.6442225087356146 0.6432254151718428 0.642228321608071 0.6412312280442992 0.6405748250055248 0.6402826278413932 0.6399904306772611 0.6396982335131296 0.6394060363489981 0.6391138391848664 0.6388216420207349 0.6385294448566033 0.6382372476924717 0.6379450505283402 0.6376528533642086 0.6373606562000771 0.6370684590359454 0.6367762618718139 0.6364840647076824 0.6361918675435503 0.6358996703794187 0.6356074732152871 0.6353152760511556 0.635023078887024 0.6347308817228925 0.6344386845587608 0.6341464873946293 0.6338542902304978 0.6335620930663661 0.6332698959022346 0.6329776987381031 0.6326855015739715 0.6323933044098394 0.6321011072457079
