Figures/CREST_Example_wjb_NSE/PETs/wjb.pet.20090629.asc
ncols            288
nrows            254
xllcorner        113.274861
yllcorner        31.4918055
cellsize         0.008333333333
NODATA_value     -9999
[rows 40 to 59 of 254, columns 88 to 131 of 288]
1.8844696915754882 1.8789412469478945 1.8734128023203007 1.8678843576926978 1.8623559130651042 1.8568274684375106 1.8512990238099167 1.8457705791823231 1.8402421345547295 1.834713689927136 1.8291852452995423 1.8236568006719487 1.818128356044355 1.8125999114167612 1.8081922123287084 1.8049826155638236 1.801773018798933 1.7985634220340478 1.795353825269163 1.792144228504278 1.7889346317393928 1.7857250349745077 1.7825154382096229 1.7793058414447378 1.7760962446798527 1.7728866479149676 1.7696770511500826 1.7664674543851977 1.7632578576203126 1.760048260855422 1.7568386640905371 1.753629067325652 1.750419470560767 1.7472098737958819 1.744000277030997 1.740790680266112 1.7375810835012269 1.7343714867363418 1.7311618899714567 1.7279522932065718 1.7247426964416868 1.7215330996768017 1.7183235029119113 1.7151139061470262
1.8741108460939375 1.8685812712377172 1.8630516963814967 1.8575221215252669 1.8519925466690466 1.846462971812826 1.8409333969566057 1.8354038221003852 1.829874247244165 1.8243446723879444 1.8188150975317239 1.8132855226755036 1.8077559478192833 1.8022263729630628 1.7977793181679909 1.794489501795362 1.791199685422727 1.787909869050098 1.784620052677469 1.7813302363048398 1.7780404199322106 1.7747506035595815 1.7714607871869523 1.7681709708143232 1.764881154441694 1.7615913380690649 1.758301521696436 1.7550117053238068 1.7517218889511776 1.748432072578543 1.7451422562059138 1.7418524398332846 1.7385626234606555 1.7352728070880263 1.7319829907153972 1.728693174342768 1.725403357970139 1.72211354159751 1.7188237252248808 1.7155339088522517 1.7122440924796225 1.7089542761069934 1.7056644597343587 1.7023746433617295
1.863752000612387 1.85822129552754 1.8526905904426927 1.8471598853578362 1.841629180272989 1.8360984751881417 1.8305677701032945 1.8250370650184475 1.8195063599336003 1.8139756548487531 1.808444949763906 1.8029142446790587 1.7973835395942115 1.7918528345093645 1.7873664240072735 1.7839963880269005 1.7806263520465215 1.7772563160661483 1.773886280085775 1.7705162441054019 1.7671462081250287 1.7637761721446554 1.7604061361642822 1.757036100183909 1.7536660642035358 1.7502960282231625 1.7469259922427893 1.743555956262416 1.7401859202820429 1.736815884301664 1.7334458483212907 1.7300758123409175 1.7267057763605442 1.723335740380171 1.7199657043997978 1.7165956684194246 1.7132256324390513 1.7098555964586781 1.706485560478305 1.7031155244979317 1.6997454885175585 1.6963754525371852 1.6930054165568063 1.689635380576433
1.8533931551308367 1.8478613198173628 1.842329484503889 1.8367976491904054 1.8312658138769315 1.8257339785634576 1.8202021432499835 1.8146703079365096 1.8091384726230357 1.8036066373095618 1.798074801996088 1.792542966682614 1.78701113136914 1.781479296055666 1.7769535298465564 1.773503274258439 1.7700530186703158 1.7666027630821985 1.7631525074940813 1.7597022519059637 1.7562519963178465 1.7528017407297292 1.7493514851416119 1.7459012295534946 1.7424509739653773 1.73900071837726 1.7355504627891427 1.7321002072010254 1.728649951612908 1.7251996960247848 1.7217494404366676 1.7182991848485503 1.7148489292604328 1.7113986736723155 1.7079484180841982 1.7044981624960809 1.7010479069079636 1.6975976513198463 1.694147395731729 1.6906971401436117 1.6872468845554944 1.683796628967377 1.6803463733792539 1.6768961177911366
1.8430343096492863 1.8375013441071855 1.8319683785650849 1.8264354130229745 1.820902447480874 1.8153694819387731 1.8098365163966725 1.8043035508545717 1.7987705853124711 1.7932376197703703 1.7877046542282695 1.782171688686169 1.7766387231440681 1.7711057576019675 1.7665406356858389 1.7630101604899773 1.75947968529411 1.7559492100982486 1.7524187349023872 1.7488882597065258 1.7453577845106643 1.741827309314803 1.7382968341189415 1.7347663589230802 1.7312358837272188 1.7277054085313572 1.7241749333354959 1.7206444581396345 1.7171139829437732 1.7135835077479058 1.7100530325520442 1.7065225573561829 1.7029920821603215 1.6994616069644601 1.6959311317685988 1.6924006565727372 1.6888701813768758 1.6853397061810145 1.6818092309851531 1.6782787557892918 1.6747482805934304 1.6712178053975688 1.6676873302017015 1.66415685500584
1.8326754641677359 1.8271413683970084 1.8216072726262809 1.8160731768555438 1.8105390810848163 1.805004985314089 1.7994708895433615 1.793936793772634 1.7884026980019065 1.782868602231179 1.7773345064604515 1.771800410689724 1.7662663149189965 1.7607322191482693 1.7561277415251215 1.7525170467215159 1.7489063519179042 1.7452956571142988 1.7416849623106934 1.7380742675070877 1.7344635727034823 1.7308528778998769 1.7272421830962712 1.7236314882926658 1.7200207934890603 1.7164100986854547 1.7127994038818493 1.7091887090782438 1.7055780142746382 1.7019673194710265 1.698356624667421 1.6947459298638157 1.69113523506021 1.6875245402566046 1.6839138454529992 1.6803031506493935 1.676692455845788 1.6730817610421826 1.669471066238577 1.6658603714349716 1.6622496766313661 1.6586389818277607 1.655028287024149 1.6514175922205434
1.8223166186861766 1.8167813926868224 1.811246166687468 1.8057109406881044 1.80017571468875 1.7946404886893959 1.7891052626900417 1.7835700366906875 1.778034810691333 1.7724995846919789 1.7669643586926247 1.7614291326932705 1.755893906693916 1.750358680694562 1.745714847364395 1.7420239329530456 1.7383330185416896 1.73464210413034 1.7309511897189902 1.7272602753076407 1.723569360896291 1.7198784464849413 1.7161875320735915 1.712496617662242 1.7088057032508923 1.7051147888395426 1.701423874428193 1.6977329600168434 1.6940420456054937 1.6903511311941377 1.686660216782788 1.6829693023714385 1.6792783879600888 1.675587473548739 1.6718965591373893 1.6682056447260398 1.66451473031469 1.6608238159033404 1.6571329014919909 1.6534419870806412 1.6497510726692914 1.6460601582579417 1.6423692438465858 1.6386783294352363
1.8119577732046261 1.806421416976645 1.8008850607486642 1.7953487045206735 1.7898123482926926 1.7842759920647115 1.7787396358367307 1.7732032796087496 1.7676669233807687 1.7621305671527876 1.7565942109248065 1.7510578546968256 1.7455214984688445 1.7399851422408636 1.735301953203678 1.7315308191845842 1.727759685165484 1.7239885511463902 1.7202174171272964 1.7164462831082026 1.7126751490891088 1.7089040150700152 1.7051328810509214 1.7013617470318276 1.6975906130127338 1.69381947899364 1.6900483449745463 1.6862772109554525 1.682506076936359 1.6787349429172587 1.6749638088981649 1.671192674879071 1.6674215408599773 1.6636504068408835 1.6598792728217897 1.6561081388026961 1.6523370047836023 1.6485658707645086 1.6447947367454148 1.641023602726321 1.6372524687072272 1.6334813346881336 1.6297102006690334 1.6259390666499396
1.8015989277230755 1.7960614412664677 1.79052395480986 1.7849864683532428 1.779448981896635 1.7739114954400272 1.7683740089834195 1.7628365225268117 1.7572990360702039 1.751761549613596 1.7462240631569883 1.7406865767003805 1.7351490902437727 1.729611603787165 1.7248890590429604 1.7210377054161226 1.717186351789278 1.7133349981624402 1.7094836445356023 1.7056322909087644 1.7017809372819266 1.697929583655089 1.694078230028251 1.6902268764014132 1.6863755227745754 1.6825241691477375 1.6786728155208996 1.6748214618940618 1.670970108267224 1.6671187546403796 1.6632674010135418 1.659416047386704 1.655564693759866 1.6517133401330282 1.6478619865061903 1.6440106328793525 1.6401592792525146 1.6363079256256767 1.6324565719988389 1.628605218372001 1.6247538647451631 1.6209025111183255 1.617051157491481 1.6131998038646431
1.791240082241525 1.7857014655562906 1.780162848871056 1.7746242321858121 1.7690856155005774 1.763546998815343 1.7580083821301085 1.7524697654448738 1.7469311487596393 1.7413925320744048 1.7358539153891703 1.7303152987039359 1.7247766820187012 1.7192380653334667 1.714476164882243 1.7105445916476612 1.7066130184130723 1.7026814451784904 1.6987498719439085 1.6948182987093265 1.6908867254747446 1.6869551522401627 1.6830235790055807 1.6790920057709988 1.6751604325364169 1.671228859301835 1.667297286067253 1.663365712832671 1.6594341395980892 1.6555025663635003 1.6515709931289184 1.6476394198943365 1.6437078466597546 1.6397762734251726 1.6358447001905907 1.6319131269560088 1.6279815537214268 1.624049980486845 1.620118407252263 1.616186834017681 1.612255260783099 1.6083236875485172 1.6043921143139284 1.6004605410793464
1.7808812367599747 1.7753414898461135 1.7698017429322521 1.7642619960183814 1.75872224910452 1.7531825021906589 1.7476427552767975 1.742103008362936 1.736563261449075 1.7310235145352135 1.7254837676213524 1.719944020707491 1.7144042737936296 1.7088645268797684 1.7040632707215257 1.7000514778791995 1.6960396850368669 1.6920278921945406 1.6880160993522146 1.6840043065098886 1.6799925136675626 1.6759807208252366 1.6719689279829106 1.6679571351405844 1.6639453422982584 1.6599335494559324 1.6559217566136064 1.6519099637712804 1.6478981709289544 1.6438863780866215 1.6398745852442955 1.6358627924019693 1.6318509995596433 1.6278392067173173 1.6238274138749913 1.6198156210326653 1.6158038281903393 1.611792035348013 1.607780242505687 1.603768449663361 1.599756656821035 1.595744863978709 1.5917330711363762 1.5877212782940502
1.7705223912784243 1.7649815141359362 1.759440636993448 1.7538997598509507 1.7483588827084626 1.7428180055659745 1.7372771284234865 1.7317362512809984 1.7261953741385103 1.7206544969960222 1.7151136198535342 1.709572742711046 1.704031865568558 1.69849098842607 1.6936503765608084 1.6895583641107381 1.6854663516606612 1.6813743392105909 1.6772823267605208 1.6731903143104507 1.6690983018603804 1.6650062894103104 1.6609142769602403 1.6568222645101702 1.6527302520601 1.6486382396100299 1.6445462271599598 1.6404542147098895 1.6363622022598194 1.6322701898097423 1.6281781773596722 1.6240861649096021 1.619994152459532 1.6159021400094618 1.6118101275593917 1.6077181151093216 1.6036261026592513 1.5995340902091812 1.5954420777591112 1.591350065309041 1.5872580528589708 1.5831660404089007 1.5790740279588236 1.5749820155087535
1.7601635457968738 1.7546215384257589 1.749079531054644 1.7435375236835198 1.737995516312405 1.73245350894129 1.7269115015701753 1.7213694941990605 1.7158274868279455 1.7102854794568307 1.704743472085716 1.699201464714601 1.6936594573434862 1.6881174499723715 1.6832374824000909 1.6790652503422765 1.6748930182844552 1.670720786226641 1.6665485541688267 1.6623763221110126 1.6582040900531985 1.654031857995384 1.64985962593757 1.6456873938797556 1.6415151618219415 1.6373429297641273 1.633170697706313 1.6289984656484988 1.6248262335906847 1.6206540015328632 1.616481769475049 1.612309537417235 1.6081373053594206 1.6039650733016064 1.599792841243792 1.595620609185978 1.5914483771281638 1.5872761450703494 1.5831039130125353 1.5789316809547211 1.5747594488969068 1.5705872168390926 1.5664149847812712 1.562242752723457
1.7498047003153145 1.7442615627155729 1.7387184251158314 1.7331752875160802 1.7276321499163387 1.722089012316597 1.7165458747168554 1.7110027371171137 1.7054595995173722 1.6999164619176306 1.6943733243178891 1.6888301867181474 1.6832870491184058 1.677743911518664 1.6728245882393646 1.6685721365738062 1.6643196849082404 1.6600672332426822 1.6558147815771238 1.6515623299115654 1.647309878246007 1.6430574265804485 1.6388049749148903 1.6345525232493319 1.6303000715837734 1.626047619918215 1.6217951682526566 1.6175427165870984 1.61329026492154 1.6090378132559742 1.604785361590416 1.6005329099248575 1.596280458259299 1.5920280065937407 1.5877755549281822 1.583523103262624 1.5792706515970656 1.5750181999315072 1.5707657482659487 1.5665132966003903 1.562260844934832 1.5580083932692737 1.553755941603708 1.5495034899381497
1.7394458548337641 1.7339015870053958 1.7283573191770274 1.7228130513486495 1.7172687835202811 1.7117245156919128 1.7061802478635444 1.700635980035176 1.6950917122068077 1.6895474443784393 1.684003176550071 1.6784589087217026 1.6729146408933342 1.6673703730649658 1.6624116940786473 1.6580790228053448 1.6537463515320348 1.6494136802587325 1.64508100898543 1.6407483377121275 1.636415666438825 1.6320829951655225 1.62775032389222 1.6234176526189175 1.619084981345615 1.6147523100723125 1.61041963879901 1.6060869675257075 1.601754296252405 1.5974216249790951 1.5930889537057926 1.5887562824324901 1.5844236111591876 1.5800909398858851 1.5757582686125828 1.5714255973392803 1.5670929260659778 1.5627602547926753 1.5584275835193728 1.5540949122460703 1.5497622409727678 1.5454295696994653 1.5410968984261555 1.536764227152853
1.7290870093522137 1.7235416112952184 1.7179962132382234 1.7124508151812188 1.7069054171242237 1.7013600190672284 1.6958146210102334 1.6902692229532383 1.684723824896243 1.679178426839248 1.673633028782253 1.6680876307252577 1.6625422326682626 1.6569968346112676 1.65199879991793 1.6475859090368834 1.6431730181558293 1.6387601272747827 1.6343472363937361 1.6299343455126896 1.625521454631643 1.6211085637505964 1.6166956728695498 1.6122827819885033 1.6078698911074565 1.60345700022641 1.5990441093453633 1.5946312184643168 1.5902183275832702 1.585805436702216 1.5813925458211695 1.576979654940123 1.5725667640590764 1.5681538731780298 1.5637409822969832 1.5593280914159366 1.55491520053489 1.5505023096538435 1.546089418772797 1.5416765278917504 1.5372636370107038 1.5328507461296572 1.528437855248603 1.5240249643675565
1.7187281638706633 1.7131816355850413 1.7076351072994194 1.702088579013788 1.696542050728166 1.6909955224425441 1.6854489941569222 1.6799024658713004 1.6743559375856785 1.6688094093000565 1.6632628810144348 1.6577163527288128 1.6521698244431908 1.6466232961575689 1.6415859057572124 1.6370927952684218 1.6325996847796234 1.6281065742908327 1.623613463802042 1.6191203533132514 1.6146272428244606 1.61013413233567 1.6056410218468793 1.6011479113580886 1.596654800869298 1.5921616903805074 1.5876685798917167 1.5831754694029259 1.5786823589141352 1.574189248425337 1.5696961379365464 1.5652030274477555 1.5607099169589649 1.5562168064701742 1.5517236959813836 1.547230585492593 1.5427374750038023 1.5382443645150117 1.533751254026221 1.5292581435374302 1.5247650330486395 1.5202719225598489 1.5157788120710505 1.5112857015822598
1.7083693183891127 1.702821659874864 1.6972740013606153 1.6917263428463574 1.6861786843321087 1.6806310258178598 1.6750833673036112 1.6695357087893625 1.6639880502751139 1.6584403917608652 1.6528927332466166 1.647345074732368 1.6417974162181193 1.6362497577038706 1.631173011596495 1.6265996814999604 1.6220263514034177 1.617453021306883 1.6128796912103482 1.6083063611138133 1.6037330310172786 1.5991597009207439 1.5945863708242092 1.5900130407276745 1.5854397106311395 1.5808663805346048 1.57629305043807 1.5717197203415354 1.5671463902450005 1.562573060148458 1.5579997300519233 1.5534263999553883 1.5488530698588536 1.544279739762319 1.5397064096657842 1.5351330795692495 1.5305597494727146 1.5259864193761798 1.5214130892796451 1.5168397591831104 1.5122664290865755 1.5076930989900408 1.5031197688934983 1.4985464387969636
1.699560833561567 1.693909059976065 1.6882572863905625 1.6826055128050508 1.6769537392195486 1.6713019656340462 1.665650192048544 1.6599984184630419 1.6543466448775397 1.6486948712920375 1.6430430977065353 1.637391324121033 1.6317395505355308 1.6260877769500286 1.6208960034400048 1.6161959804118202 1.6114959573836274 1.6067959343554428 1.602095911327258 1.5973958882990733 1.5926958652708885 1.5879958422427038 1.583295819214519 1.5785957961863344 1.5738957731581495 1.569195750129965 1.56449572710178 1.5597957040735955 1.5550956810454106 1.550395658017218 1.5456956349890332 1.5409956119608486 1.5362955889326637 1.531595565904479 1.5268955428762943 1.5221955198481096 1.517495496819925 1.5127954737917402 1.5080954507635556 1.5033954277353707 1.498695404707186 1.4939953816790013 1.4892953586508086 1.4845953356226238
1.6924095865176751 1.686543613557693 1.6806776405977109 1.6748116676377187 1.6689456946777368 1.6630797217177546 1.6572137487577725 1.6513477757977906 1.6454818028378084 1.6396158298778263 1.6337498569178441 1.6278838839578622 1.62201791099788 1.616151938037898 1.610764248853954 1.6058878558411638 1.6010114628283652 1.5961350698155747 1.5912586768027845 1.5863822837899941 1.5815058907772037 1.5766294977644135 1.571753104751623 1.566876711738833 1.5620003187260425 1.5571239257132523 1.552247532700462 1.5473711396876717 1.5424947466748813 1.5376183536620827 1.5327419606492922 1.527865567636502 1.5229891746237116 1.5181127816109214 1.513236388598131 1.5083599955853408 1.5034836025725504 1.49860720955976 1.4937308165469698 1.4888544235341794 1.4839780305213892 1.4791016375085988 1.4742252444958002 1.46934885148301
