Figures/CREST_Example_wjb_NSE/PETs/wjb.pet.20091128.asc
ncols            288
nrows            254
xllcorner        113.274861
yllcorner        31.4918055
cellsize         0.008333333333
NODATA_value     -9999
[rows 19 to 37 of 254, columns 0 to 43 of 288]
-9999.0 -9999.0 -9999.0 -9999.0 -9999.0 -9999.0 -9999.0 -9999.0 -9999.0 -9999.0 -9999.0 -9999.0 -9999.0 -9999.0 -9999.0 -9999.0 -9999.0 -9999.0 -9999.0 -9999.0 -9999.0 -9999.0 -9999.0 -9999.0 -9999.0 0.2516203691709281 0.255799746680613 0.25997912419029084 0.2641585016999687 0.26833787920964647 0.2725172567193243 0.2766966342290021 0.28087601173867993 0.2850553892483577 0.28923476675803556 0.2934141442677134 -9999.0 -9999.0 -9999.0 -9999.0 -9999.0 -9999.0 0.3206179306925611 0.3205519714687363
-9999.0 -9999.0 -9999.0 -9999.0 -9999.0 -9999.0 -9999.0 -9999.0 -9999.0 -9999.0 -9999.0 -9999.0 -9999.0 -9999.0 -9999.0 -9999.0 -9999.0 -9999.0 -9999.0 -9999.0 -9999.0 -9999.0 -9999.0 0.24539922000105588 0.24954117518722024 0.2536831303733846 0.257825085559556 0.26196704074572036 0.2661089959318847 0.2702509511180491 0.2743929063042134 0.27853486149037776 0.2826768166765421 0.28681877186270643 0.2909607270488708 0.29510268223503516 0.29924463742119956 0.3033865926073639 0.30752854779352823 0.31167050297969967 0.315812458165864 0.31995441335202834 0.3221244824367056 0.32218656071245555
-9999.0 -9999.0 -9999.0 -9999.0 -9999.0 -9999.0 -9999.0 -9999.0 -9999.0 -9999.0 -9999.0 -9999.0 -9999.0 -9999.0 -9999.0 -9999.0 -9999.0 -9999.0 -9999.0 -9999.0 -9999.0 -9999.0 0.24343229298788654 0.2475368258505375 0.2516413587131884 0.2557458915758393 0.25985042443849726 0.26395495730114815 0.2680594901637991 0.27216402302645004 0.27626855588910093 0.2803730887517518 0.28447762161440276 0.2885821544770537 0.2926866873397046 0.29679122020235554 0.3008957530650065 0.3050002859276574 0.3091048187903083 0.3132093516529662 0.31731388451561715 0.32141841737826804 0.3236310341808488 0.32382114995617334
-9999.0 -9999.0 -9999.0 -9999.0 -9999.0 -9999.0 -9999.0 -9999.0 -9999.0 -9999.0 -9999.0 -9999.0 -9999.0 -9999.0 -9999.0 -9999.0 -9999.0 -9999.0 -9999.0 -9999.0 -9999.0 -9999.0 -9999.0 0.24967443170001907 0.25374154223915657 0.25780865277829407 0.26187576331743845 0.26594287385657595 0.27000998439571344 0.27407709493485094 0.27814420547398844 0.28221131601312593 0.28627842655226343 0.29034553709140093 0.2944126476305384 0.29847975816967587 0.3025468687088134 0.30661397924795086 0.31068108978708836 0.3147482003262328 0.3188153108653703 0.3228824214045078 0.32513758592499203 0.3254557391998911
-9999.0 -9999.0 -9999.0 -9999.0 -9999.0 -9999.0 -9999.0 -9999.0 -9999.0 -9999.0 -9999.0 -9999.0 -9999.0 -9999.0 -9999.0 -9999.0 -9999.0 -9999.0 -9999.0 -9999.0 -9999.0 -9999.0 0.2477823493338766 0.25181203754950066 0.2558417257651247 0.25987141398074876 0.26390110219637974 0.2679307904120038 0.27196047862762784 0.2759901668432519 0.28001985505887594 0.28404954327450005 0.2880792314901241 0.29210891970574815 0.2961386079213722 0.30016829613699625 0.30419798435262035 0.3082276725682444 0.31225736078386845 0.3162870489994994 0.32031673721512344 0.32434642543074754 0.32664413766913525 0.3270903284436089
-9999.0 -9999.0 -9999.0 -9999.0 -9999.0 -9999.0 -9999.0 -9999.0 -9999.0 -9999.0 -9999.0 -9999.0 -9999.0 -9999.0 -9999.0 -9999.0 -9999.0 -9999.0 -9999.0 -9999.0 -9999.0 -9999.0 0.24995737750687164 0.2539496433989823 0.2579419092910929 0.26193417518320355 0.265926441075321 0.26991870696743164 0.27391097285954225 0.2779032387516529 0.2818955046437635 0.28588777053587416 0.28988003642798477 0.2938723023200954 0.2978645682122061 0.3018568341043167 0.3058490999964273 0.30984136588853795 0.3138336317806486 0.31782589767276603 0.32181816356487664 0.3258104294569873 0.3281506894132785 0.32872491768732676
-9999.0 -9999.0 -9999.0 -9999.0 -9999.0 -9999.0 -9999.0 -9999.0 -9999.0 -9999.0 -9999.0 -9999.0 -9999.0 -9999.0 -9999.0 -9999.0 -9999.0 -9999.0 -9999.0 -9999.0 -9999.0 -9999.0 0.25213240567986667 0.2560872492484639 0.2600420928170611 0.26399693638565824 0.2679517799542622 0.27190662352285944 0.27586146709145665 0.27981631066005386 0.283771154228651 0.2877259977972482 0.29168084136584543 0.29563568493444264 0.29959052850303985 0.30354537207163707 0.3075002156402342 0.31145505920883143 0.31540990277742864 0.3193647463460326 0.32331958991462983 0.327274433483227 0.32965724115742173 0.3303595069310446
-9999.0 -9999.0 -9999.0 -9999.0 -9999.0 -9999.0 -9999.0 -9999.0 -9999.0 -9999.0 -9999.0 -9999.0 -9999.0 -9999.0 -9999.0 -9999.0 0.23080290638235906 0.23472032762744283 0.2386377488725266 0.24255517011761038 0.24647259136269414 0.25039001260777793 0.2543074338528617 0.25822485509794546 0.2621422763430292 0.266059697588113 0.26997711883320347 0.27389454007828723 0.277811961323371 0.28172938256845476 0.2856468038135386 0.28956422505862234 0.2934816463037061 0.29739906754878986 0.3013164887938736 0.3052339100389574 0.30915133128404115 0.31306875252912497 0.31698617377420873 0.3209035950192992 0.324821016264383 0.32873843750946674 0.33116379290156495 0.3319940961747624
-9999.0 -9999.0 -9999.0 -9999.0 -9999.0 -9999.0 -9999.0 -9999.0 -9999.0 -9999.0 -9999.0 -9999.0 -9999.0 -9999.0 -9999.0 -9999.0 0.23320246849643672 0.237082467418007 0.24096246633957732 0.24484246526114764 0.24872246418271796 0.25260246310428824 0.25648246202585856 0.2603624609474289 0.2642424598689992 0.2681224587905695 0.27200245771214643 0.27588245663371674 0.27976245555528706 0.2836424544768573 0.28752245339842764 0.29140245231999795 0.29528245124156827 0.2991624501631386 0.3030424490847089 0.3069224480062792 0.31080244692784953 0.31468244584941985 0.31856244477099016 0.3224424436925671 0.3263224426141374 0.33020244153570766 0.33267034464570944 0.33362868541848156
-9999.0 -9999.0 -9999.0 -9999.0 -9999.0 -9999.0 -9999.0 -9999.0 -9999.0 -9999.0 -9999.0 -9999.0 -9999.0 -9999.0 -9999.0 0.2300174607024146 0.2339876109620533 0.23795776122169204 0.24192791148133078 0.2458980617409695 0.24986821200060821 0.2538383622602469 0.2578085125198857 0.2617786627795244 0.26574881303916315 0.26971896329880185 0.27368911355844733 0.2776592638180861 0.2816294140777248 0.28559956433736355 0.28956971459700226 0.29353986485664096 0.2975100151162797 0.30148016537591843 0.30545031563555713 0.3094204658951959 0.3133906161548346 0.3173607664144733 0.32133091667411207 0.32530106693375754 0.32927121719339625 0.333241367453035 0.3357372021911617 0.3366569603159066
-9999.0 -9999.0 -9999.0 -9999.0 -9999.0 -9999.0 -9999.0 -9999.0 -9999.0 -9999.0 -9999.0 -9999.0 -9999.0 -9999.0 -9999.0 0.2288503708290381 0.23304704062637077 0.23724371042370343 0.2414403802210361 0.24563705001836872 0.24983371981570138 0.25403038961303404 0.25822705941036667 0.2624237292076993 0.266620399005032 0.2708170688023646 0.27501373859970446 0.2792104083970371 0.2834070781943697 0.2876037479917024 0.29180041778903504 0.29599708758636767 0.30019375738370035 0.304390427181033 0.3085870969783656 0.3127837667756983 0.31698043657303093 0.32117710637036356 0.32537377616769625 0.32957044596503604 0.3337671157623687 0.33796378555970136 0.34047192824764866 0.34117499729339884
-9999.0 -9999.0 -9999.0 -9999.0 -9999.0 -9999.0 -9999.0 -9999.0 -9999.0 -9999.0 -9999.0 -9999.0 -9999.0 -9999.0 -9999.0 0.22768328095566162 0.2321064702906882 0.2365296596257148 0.24095284896074137 0.24537603829576793 0.24979922763079454 0.2542224169658211 0.25864560630084765 0.26306879563587426 0.2674919849709008 0.27191517430592743 0.27633836364096154 0.2807615529759881 0.2851847423110147 0.28960793164604126 0.2940311209810679 0.29845431031609443 0.302877499651121 0.3073006889861476 0.31172387832117415 0.3161470676562007 0.3205702569912273 0.3249934463262539 0.3294166356612805 0.3338398249963146 0.3382630143313412 0.34268620366636776 0.3452066543041356 0.34569303427089115
-9999.0 -9999.0 -9999.0 -9999.0 -9999.0 -9999.0 -9999.0 -9999.0 -9999.0 -9999.0 -9999.0 -9999.0 -9999.0 -9999.0 -9999.0 0.22651619108228516 0.23116589995500567 0.23581560882772618 0.24046531770044666 0.24511502657316717 0.24976473544588768 0.25441444431860816 0.2590641531913287 0.2637138620640492 0.26836357093676966 0.2730132798094902 0.2776629886822186 0.28231269755493915 0.28696240642765963 0.2916121153003801 0.29626182417310065 0.30091153304582113 0.3055612419185416 0.31021095079126215 0.31486065966398263 0.31951036853670317 0.32416007740942365 0.3288097862821442 0.33345949515486467 0.3381092040275931 0.3427589129003136 0.3474086217730341 0.34994138036062256 0.3502110712483834
-9999.0 -9999.0 -9999.0 -9999.0 -9999.0 -9999.0 -9999.0 -9999.0 -9999.0 -9999.0 -9999.0 -9999.0 -9999.0 -9999.0 0.22047287279849423 0.22534910120890866 0.2302253296193231 0.23510155802973753 0.23997778644015194 0.24485401485056638 0.2497302432609808 0.2546064716713952 0.2594827000818097 0.2643589284922241 0.26923515690263855 0.27411138531305296 0.2789876137234757 0.28386384213389015 0.28874007054430456 0.29361629895471897 0.29849252736513343 0.30336875577554784 0.30824498418596225 0.3131212125963767 0.3179974410067911 0.3228736694172056 0.32774989782762 0.33262612623803445 0.33750235464844885 0.3423785830588716 0.34725481146928605 0.35213103987970046 0.3546761064171095 0.3547291082258756
-9999.0 -9999.0 -9999.0 -9999.0 -9999.0 -9999.0 -9999.0 -9999.0 -9999.0 -9999.0 -9999.0 -9999.0 -9999.0 -9999.0 0.21907926338742262 0.22418201133553117 0.22928475928363973 0.23438750723174828 0.2394902551798568 0.24459300312796536 0.24969575107607392 0.25479849902418245 0.259901246972291 0.26500399492039955 0.2701067428685081 0.27520949081661666 0.2803122387647339 0.28541498671284243 0.290517734660951 0.29562048260905954 0.3007232305571681 0.3058259785052766 0.3109287264533852 0.3160314744014937 0.32113422234960226 0.3262369702977108 0.33133971824581937 0.3364424661939279 0.3415452141420364 0.3466479620901537 0.35175071003826225 0.3568534579863708 0.3594108324736005 0.3592471452033717
-9999.0 -9999.0 -9999.0 -9999.0 -9999.0 -9999.0 -9999.0 -9999.0 -9999.0 -9999.0 -9999.0 -9999.0 -9999.0 -9999.0 0.2176856539763522 0.22301492146215468 0.22834418894795716 0.2336734564337596 0.2390027239195621 0.24433199140536457 0.24966125889116703 0.2549905263769695 0.260319793862772 0.26564906134857447 0.27097832883437695 0.2763075963201794 0.28163686380599096 0.28696613129179344 0.2922953987775959 0.2976246662633984 0.3029539337492009 0.3082832012350033 0.31361246872080584 0.31894173620660826 0.32427100369241074 0.3296002711782132 0.3349295386640157 0.3402588061498182 0.3455880736356206 0.35091734112143225 0.35624660860723467 0.36157587609303715 0.3641455585300874 0.36376518218086396
-9999.0 -9999.0 -9999.0 -9999.0 -9999.0 -9999.0 -9999.0 -9999.0 -9999.0 -9999.0 -9999.0 -9999.0 -9999.0 -9999.0 0.2162920445652818 0.22184783158877822 0.2274036186122746 0.232959405635771 0.2385151926592674 0.2440709796827638 0.2496267667062602 0.2551825537297566 0.260738340753253 0.2662941277767494 0.2718499148002458 0.2774057018237422 0.28296148884724803 0.28851727587074444 0.29407306289424084 0.29962884991773725 0.30518463694123366 0.31074042396473006 0.31629621098822647 0.3218519980117228 0.3274077850352192 0.33296357205871563 0.33851935908221203 0.34407514610570844 0.34963093312920485 0.3551867201527107 0.3607425071762071 0.3662982941997035 0.36888028458657435 0.3682832191583562
-9999.0 -9999.0 -9999.0 -9999.0 -9999.0 -9999.0 -9999.0 -9999.0 -9999.0 -9999.0 -9999.0 -9999.0 -9999.0 0.20911612859302106 0.2148984351542114 0.22068074171540172 0.22646304827659203 0.23224535483778236 0.2380276613989727 0.24380996796016302 0.24959227452135335 0.2553745810825437 0.261156887643734 0.2669391942049243 0.2727215007661147 0.27850380732730495 0.28428611388850517 0.2900684204496955 0.29585072701088583 0.30163303357207616 0.30741534013326643 0.31319764669445677 0.3189799532556471 0.32476225981683743 0.33054456637802776 0.3363268729392181 0.3421091795004084 0.34789148606159875 0.3536737926227891 0.35945609918398924 0.3652384057451796 0.3710207123063699 0.37361501064306135 0.37280125613584847
-9999.0 -9999.0 -9999.0 -9999.0 -9999.0 -9999.0 -9999.0 -9999.0 -9999.0 -9999.0 -9999.0 -9999.0 0.20148717354536222 0.20749599964425672 0.21350482574314097 0.2195136518420252 0.22552247794090946 0.23153130403979372 0.23754013013867797 0.24354895623756223 0.2495577823364465 0.25556660843533074 0.26157543453421495 0.26758426063309926 0.27359308673198346 0.2796019128308677 0.28561073892976224 0.2916195650286465 0.29762839112753076 0.303637217226415 0.3096460433252992 0.31565486942418347 0.3216636955230677 0.327672521621952 0.33368134772083624 0.3396901738197205 0.34569899991860475 0.351707826017489 0.35771665211637327 0.36372547821526774 0.369734304314152 0.37574313041303625 0.3783497366995483 0.3773192931133407
