Figures/CREST_Example_wjb_NSE/PETs/wjb.pet.20091012.asc
ncols            288
nrows            254
xllcorner        113.274861
yllcorner        31.4918055
cellsize         0.008333333333
NODATA_value     -9999
[rows 171 to 189 of 254, columns 44 to 87 of 288]
0.7986293342555204 0.7937798132296618 0.7889302922038033 0.7840807711779447 0.7792312501520862 0.7743817291262276 0.7695322081003689 0.7646826870745104 0.7598331660486436 0.754983645022785 0.7501341239969265 0.7452846029710679 0.7404350819452092 0.7355855609193507 0.7307360398934921 0.7258865188676336 0.721036997841775 0.7161874768159164 0.7113379557900579 0.7064884347641993 0.7016389137383408 0.696789392712474 0.6919398716866153 0.6870903506607567 0.6822408296348982 0.6773913086090396 0.6725417875831811 0.6676922665573225 0.6638093958275207 0.6609598961163566 0.6581103964051924 0.6552608966940283 0.6524113969828641 0.6495618972716999 0.6467123975605309 0.6438628978493668 0.6410133981382026 0.6381638984270384 0.6353143987158743 0.63246489900471 0.6296153992935459 0.6267658995823817 0.6239163998712175 0.6210669001600534
0.7998922887005943 0.7948447975119325 0.7897973063232707 0.7847498151346091 0.7797023239459473 0.7746548327572855 0.7696073415686239 0.7645598503799621 0.7595123591912918 0.7544648680026301 0.7494173768139684 0.7443698856253066 0.7393223944366449 0.7342749032479832 0.7292274120593214 0.7241799208706597 0.719132429681998 0.7140849384933363 0.7090374473046746 0.7039899561160128 0.6989424649273511 0.6938949737386808 0.688847482550019 0.6837999913613573 0.6787525001726956 0.6737050089840338 0.6686575177953722 0.6636100266067104 0.6595923350679311 0.656675522634587 0.6537587102012428 0.6508418977678986 0.6479250853345543 0.6450082729012101 0.6420914604678609 0.6391746480345167 0.6362578356011725 0.6333410231678283 0.6304242107344841 0.6275073983011399 0.6245905858677957 0.6216737734344515 0.6187569610011072 0.615840148567763
0.801155243145668 0.7959097817942031 0.7906643204427383 0.7854188590912734 0.7801733977398085 0.7749279363883437 0.7696824750368787 0.7644370136854138 0.7591915523339401 0.7539460909824751 0.7487006296310103 0.7434551682795454 0.7382097069280805 0.7329642455766157 0.7277187842251508 0.7224733228736859 0.717227861522221 0.7119824001707561 0.7067369388192912 0.7014914774678264 0.6962460161163615 0.6910005547648876 0.6857550934134228 0.6805096320619579 0.6752641707104929 0.6700187093590282 0.6647732480075632 0.6595277866560983 0.6553752743083415 0.6523911491528173 0.649407023997293 0.6464228988417687 0.6434387736862446 0.6404546485307203 0.637470523375191 0.6344863982196667 0.6315022730641424 0.6285181479086182 0.625534022753094 0.6225498975975697 0.6195657724420455 0.6165816472865212 0.6135975221309969 0.6106133969754727
0.8024181975907418 0.7969747660764738 0.7915313345622057 0.7860879030479377 0.7806444715336697 0.7752010400194016 0.7697576085051336 0.7643141769908656 0.7588707454765882 0.7534273139623202 0.7479838824480521 0.7425404509337841 0.7370970194195161 0.731653587905248 0.72621015639098 0.720766724876712 0.7153232933624439 0.7098798618481759 0.7044364303339078 0.6989929988196398 0.6935495673053718 0.6881061357910945 0.6826627042768264 0.6772192727625583 0.6717758412482903 0.6663324097340223 0.6608889782197542 0.6554455467054862 0.6511582135487518 0.6481067756710475 0.6450553377933432 0.6420038999156389 0.6389524620379347 0.6359010241602303 0.6328495862825209 0.6297981484048166 0.6267467105271123 0.623695272649408 0.6206438347717037 0.6175923968939995 0.6145409590162951 0.6114895211385909 0.6084380832608866 0.6053866453831823
0.8036811520358157 0.7980397503587444 0.7923983486816732 0.7867569470046021 0.7811155453275309 0.7754741436504596 0.7698327419733885 0.7641913402963173 0.7585499386192365 0.7529085369421653 0.747267135265094 0.7416257335880229 0.7359843319109517 0.7303429302338804 0.7247015285568092 0.7190601268797381 0.7134187252026669 0.7077773235255957 0.7021359218485245 0.6964945201714533 0.6908531184943821 0.6852117168173013 0.6795703151402301 0.6739289134631589 0.6682875117860877 0.6626461101090165 0.6570047084319453 0.6513633067548741 0.6469411527891622 0.6438224021892778 0.6407036515893935 0.6375849009895092 0.6344661503896248 0.6313473997897405 0.6282286491898509 0.6251098985899666 0.6219911479900823 0.618872397390198 0.6157536467903136 0.6126348961904293 0.6095161455905449 0.6063973949906606 0.6032786443907763 0.600159893790892
0.8049441064808904 0.799104734641016 0.7932653628011415 0.787425990961267 0.7815866191213924 0.7757472472815179 0.7699078754416434 0.7640685036017688 0.7582291317618843 0.7523897599220098 0.7465503880821354 0.7407110162422608 0.7348716444023863 0.7290322725625118 0.7231929007226373 0.7173535288827627 0.7115141570428882 0.7056747852030137 0.6998354133631393 0.6939960415232647 0.6881566696833902 0.6823172978435057 0.6764779260036311 0.6706385541637566 0.6647991823238821 0.6589598104840076 0.653120438644133 0.6472810668042586 0.6427240920295689 0.6395380287075045 0.6363519653854401 0.6331659020633756 0.6299798387413112 0.6267937754192469 0.623607712097177 0.6204216487751125 0.6172355854530481 0.6140495221309837 0.6108634588089192 0.6076773954868548 0.6044913321647905 0.6013052688427261 0.5981192055206616 0.5949331421985972
0.8062070609259643 0.8001697189232866 0.794132376920609 0.7880950349179313 0.7820576929152536 0.7760203509125759 0.7699830089098982 0.7639456669072205 0.7579083249045326 0.751870982901855 0.7458336408991773 0.7397962988964996 0.7337589568938219 0.7277216148911443 0.7216842728884666 0.7156469308857889 0.7096095888831112 0.7035722468804335 0.6975349048777558 0.6914975628750781 0.6854602208724005 0.6794228788697125 0.6733855368670348 0.6673481948643571 0.6613108528616796 0.6552735108590019 0.6492361688563242 0.6431988268536465 0.6385070312699793 0.6352536552257348 0.6320002791814904 0.6287469031372459 0.6254935270930014 0.622240151048757 0.6189867750045069 0.6157333989602626 0.6124800229160181 0.6092266468717736 0.6059732708275292 0.6027198947832847 0.5994665187390402 0.5962131426947958 0.5929597666505513 0.5897063906063068
0.8055697074843511 0.7996799215311161 0.7937901355778811 0.7879003496246462 0.7820105636714113 0.7761207777181763 0.7702309917649414 0.7643412058117064 0.7584514198584614 0.7525616339052266 0.7466718479519916 0.7407820619987566 0.7348922760455217 0.7290024900922867 0.7231127041390518 0.7172229181858168 0.7113331322325819 0.705443346279347 0.699553560326112 0.6936637743728771 0.6877739884196421 0.6818842024663971 0.6759944165131622 0.6701046305599273 0.6642148446066923 0.6583250586534574 0.6524352727002225 0.6465454867469875 0.641903128834561 0.6385942996971894 0.6352854705598179 0.6319766414224464 0.6286678122850748 0.6253589831477032 0.622050154010326 0.6187413248729545 0.615432495735583 0.6121236665982115 0.60881483746084 0.6055060083234683 0.6021971791860968 0.5988883500487253 0.5955795209113538 0.5922706917739822
0.8029010446936535 0.7975281605312572 0.7921552763688607 0.7867823922064643 0.781409508044068 0.7760366238816715 0.770663739719275 0.7652908555568786 0.759917971394473 0.7545450872320767 0.7491722030696802 0.7437993189072838 0.7384264347448873 0.733053550582491 0.7276806664200945 0.7223077822576981 0.7169348980953016 0.7115620139329053 0.7061891297705088 0.7008162456081124 0.6954433614457161 0.6900704772833104 0.684697593120914 0.6793247089585176 0.6739518247961211 0.6685789406337248 0.6632060564713284 0.6578331723089319 0.6534372127687659 0.6500856077341789 0.6467340026995919 0.6433823976650049 0.6400307926304178 0.6366791875958309 0.6333275825612382 0.6299759775266512 0.6266243724920643 0.6232727674574773 0.6199211624228902 0.6165695573883032 0.6132179523537162 0.6098663473191293 0.6065147422845423 0.6031631372499553
0.8002323819029561 0.7953763995313983 0.7905204171598403 0.7856644347882824 0.7808084524167246 0.7759524700451667 0.7710964876736087 0.7662405053020509 0.7613845229304846 0.7565285405589268 0.7516725581873689 0.746816575815811 0.741960593444253 0.7371046110726952 0.7322486287011373 0.7273926463295793 0.7225366639580215 0.7176806815864636 0.7128246992149057 0.7079687168433477 0.7031127344717899 0.6982567521002236 0.6934007697286658 0.6885447873571079 0.6836888049855501 0.6788328226139921 0.6739768402424342 0.6691208578708763 0.6649712967029707 0.6615769157711683 0.6581825348393658 0.6547881539075634 0.651393772975761 0.6479993920439585 0.6446050111121503 0.6412106301803479 0.6378162492485454 0.634421868316743 0.6310274873849405 0.6276331064531381 0.6242387255213356 0.6208443445895332 0.6174499636577307 0.6140555827259283
0.7975637191122588 0.7932246385315393 0.78888555795082 0.7845464773701006 0.7802073967893812 0.7758683162086618 0.7715292356279425 0.7671901550472231 0.7628510744664962 0.758511993885777 0.7541729133050575 0.7498338327243381 0.7454947521436188 0.7411556715628994 0.73681659098218 0.7324775104014606 0.7281384298207412 0.7237993492400219 0.7194602686593025 0.715121188078583 0.7107821074978637 0.7064430269171369 0.7021039463364175 0.6977648657556982 0.6934257851749788 0.6890867045942594 0.68474762401354 0.6804085434328206 0.6765053806371755 0.6730682238081577 0.6696310669791398 0.6661939101501219 0.662756753321104 0.659319596492086 0.6558824396630623 0.6524452828340443 0.6490081260050264 0.6455709691760086 0.6421338123469907 0.6386966555179728 0.6352594986889549 0.631822341859937 0.6283851850309191 0.6249480282019012
0.7948950563215613 0.7910728775316804 0.7872506987417996 0.7834285199519188 0.7796063411620379 0.775784162372157 0.7719619835822762 0.7681398047923953 -9999.0 0.7604954472126271 0.7566732684227462 0.7528510896328653 0.7490289108429845 0.7452067320531036 0.7413845532632227 0.7375623744733418 0.733740195683461 0.7299180168935802 0.7260958381036993 0.7222736593138184 0.7184514805239376 0.7146293017340501 0.7108071229441694 0.7069849441542885 0.7031627653644076 0.6993405865745268 0.6955184077846459 0.691696228994765 0.6880394645713804 0.6845595318451471 0.6810795991189137 0.6775996663926803 0.6741197336664471 0.6706398009402137 0.6671598682139743 0.6636799354877411 0.6602000027615077 0.6567200700352743 0.653240137309041 0.6497602045828077 0.6462802718565743 0.642800339130341 0.6393204064041076 0.6358404736778742
-9999.0 -9999.0 -9999.0 -9999.0 0.7790052855346941 0.7757000085356521 0.7723947315366102 0.7690894545375683 -9999.0 -9999.0 0.7591736235404369 0.755868346541395 0.7525630695423532 0.7492577925433113 0.7459525155442693 0.7426472385452274 0.7393419615461856 0.7360366845471437 0.7327314075481017 0.7294261305490598 0.7261208535500179 0.7228155765509704 0.7195102995519285 0.7162050225528865 0.7128997455538447 0.7095944685548028 0.7062891915557609 0.7029839145567189 0.699573548505595 0.6960508398821462 0.6925281312586974 0.6890054226352486 0.6854827140117997 0.6819600053883509 0.6784372967648961 0.6749145881414472 0.6713918795179984 0.6678691708945496 0.6643464622711007 0.6608237536476519 0.6573010450242031 0.6537783364007542 0.6502556277773054 0.6467329191538566
-9999.0 -9999.0 -9999.0 -9999.0 -9999.0 0.7756158546991473 -9999.0 -9999.0 -9999.0 -9999.0 -9999.0 -9999.0 0.7560972282417189 0.7533088530335155 0.7505204778253121 0.7477321026171087 0.7449437274089054 0.742155352200702 0.7393669769924985 0.7365786017842952 0.7337902265760918 0.7310018513678836 0.7282134761596802 0.7254251009514769 0.7226367257432735 0.7198483505350701 0.7170599753268667 0.7142716001186634 0.7111076324397999 0.7075421479191356 0.7039766633984713 0.700411178877807 0.6968456943571428 0.6932802098364785 0.6897147253158081 0.6861492407951438 0.6825837562744795 0.6790182717538152 0.6754527872331509 0.6718873027124866 0.6683218181918225 0.6647563336711582 0.6611908491504939 0.6576253646298296
-9999.0 -9999.0 -9999.0 -9999.0 -9999.0 -9999.0 -9999.0 -9999.0 -9999.0 -9999.0 -9999.0 -9999.0 -9999.0 0.7573599135237197 0.7550884401063548 0.7528169666889899 0.750545493271625 0.7482740198542601 0.7460025464368953 0.7437310730195305 0.7414595996021656 0.7391881261847969 0.736916652767432 0.7346451793500671 0.7323737059327022 0.7301022325153375 0.7278307590979726 0.7255592856806077 0.7226417163740048 0.719033455956125 0.7154251955382452 0.7118169351203655 0.7082086747024857 0.7046004142846061 0.7009921538667201 0.6973838934488404 0.6937756330309607 0.6901673726130809 0.6865591121952012 0.6829508517773215 0.6793425913594417 0.675734330941562 0.6721260705236822 0.6685178101058025
-9999.0 -9999.0 -9999.0 -9999.0 -9999.0 -9999.0 -9999.0 -9999.0 -9999.0 -9999.0 -9999.0 -9999.0 -9999.0 -9999.0 -9999.0 -9999.0 -9999.0 -9999.0 -9999.0 0.7508835442547659 0.7491289726282395 0.7473744010017102 0.7456198293751838 0.7438652577486574 0.7421106861221312 0.7403561144956048 0.7386015428690784 0.736846971242552 0.7341758003082096 0.7305247639931144 0.7268737276780192 0.723222691362924 0.7195716550478288 0.7159206187327336 0.7122695824176323 0.708618546102537 0.7049675097874418 0.7013164734723467 0.6976654371572515 0.6940144008421563 0.6903633645270612 0.6867123282119659 0.6830612918968707 0.6794102555817756
-9999.0 -9999.0 -9999.0 -9999.0 -9999.0 -9999.0 -9999.0 -9999.0 -9999.0 -9999.0 -9999.0 -9999.0 -9999.0 -9999.0 -9999.0 -9999.0 -9999.0 -9999.0 -9999.0 0.7580360154900012 0.7567983456543134 0.7555606758186234 0.7543230059829356 0.7530853361472478 0.75184766631156 0.7506099964758721 0.7493723266401843 0.7481346568044965 0.7457098842424145 0.7420160720301039 0.7383222598177932 0.7346284476054825 0.7309346353931719 0.7272408231808613 0.7235470109685443 0.7198531987562337 0.7161593865439231 0.7124655743316124 0.7087717621193017 0.7050779499069911 0.7013841376946804 0.6976903254823699 0.6939965132700592 0.6903027010577486
-9999.0 -9999.0 -9999.0 -9999.0 -9999.0 -9999.0 -9999.0 -9999.0 -9999.0 -9999.0 -9999.0 -9999.0 -9999.0 -9999.0 -9999.0 -9999.0 -9999.0 0.7666300228149351 0.7659092547700859 0.7651884867252365 0.7644677186803872 0.7637469506355367 0.7630261825906874 0.7623054145458381 0.7615846465009888 0.7608638784561395 0.7601431104112902 0.7594223423664409 0.7572439681766193 0.7535073800670933 0.7497707919575671 0.7460342038480411 0.7422976157385149 0.7385610276289889 0.7348244395194564 0.7310878514099303 0.7273512633004042 0.7236146751908781 0.719878087081352 0.7161414989718259 0.7124049108622998 0.7086683227527737 0.7049317346432477 0.7011951465337215
-9999.0 -9999.0 -9999.0 -9999.0 -9999.0 -9999.0 -9999.0 -9999.0 -9999.0 -9999.0 -9999.0 -9999.0 -9999.0 -9999.0 -9999.0 -9999.0 0.772952556722509 0.7727486904684986 0.7725448242144882 0.772340957960478 0.7721370917064676 0.7719332254524569 0.7717293591984465 0.7715254929444362 0.7713216266904259 0.7711177604364156 0.7709138941824052 0.7707100279283948 0.768778052110834 0.7649986881040924 0.7612193240973508 0.7574399600906092 0.7536605960838677 0.7498812320771261 0.746101868070378 0.7423225040636364 0.7385431400568949 0.7347637760501533 0.7309844120434117 0.7272050480366701 0.7234256840299286 0.719646320023187 0.7158669560164453 0.7120875920097038
