Figures/CREST_Example_wjb_NSE/PETs/wjb.pet.20091205.asc
ncols            288
nrows            254
xllcorner        113.274861
yllcorner        31.4918055
cellsize         0.008333333333
NODATA_value     -9999
[rows 19 to 37 of 254, columns 88 to 131 of 288]
0.68133427908821 0.6814101107984618 0.6814859425087136 0.6815617742189657 0.6816376059292175 0.6817134376394693 0.6817892693497213 0.6818651010599731 0.6819409327702249 0.6820167644804769 0.6820925961907287 0.6821684279009805 0.6822442596112325 0.6823200913214843 0.6821531500732648 0.6817266790430522 0.6813002080128389 0.6808737369826263 0.6804472659524137 0.6800207949222011 0.6795943238919885 0.679167852861776 0.6787413818315633 0.6783149108013508 0.6778884397711381 0.6774619687409256 0.6770354977107129 0.6766090266805003 0.6761825556502877 0.6757560846200744 0.6753296135898618 0.6749031425596492 0.6744766715294366 -9999.0 -9999.0 -9999.0 -9999.0 -9999.0 -9999.0 -9999.0 -9999.0 -9999.0 -9999.0 -9999.0
0.6816696232231985 0.6817666358726876 0.6818636485221766 0.6819606611716659 0.6820576738211549 0.6821546864706439 0.682251699120133 0.6823487117696221 0.6824457244191111 0.6825427370686001 0.6826397497180892 0.6827367623675783 0.6828337750170673 0.6829307876665563 0.6827775014753886 0.6823566401640024 0.6819357788526155 0.6815149175412292 0.6810940562298429 0.6806731949184567 0.6802523336070704 0.6798314722956841 0.6794106109842979 0.6789897496729116 0.6785688883615253 0.6781480270501391 0.6777271657387528 0.6773063044273665 0.6768854431159803 0.6764645818045933 0.676043720493207 0.6756228591818207 0.6752019978704344 -9999.0 -9999.0 -9999.0 -9999.0 -9999.0 -9999.0 -9999.0 -9999.0 -9999.0 -9999.0 -9999.0
0.6820049673581867 0.6821231609469129 0.6822413545356392 0.6823595481243656 0.6824777417130918 0.6825959353018181 0.6827141288905443 0.6828323224792705 0.6829505160679967 0.683068709656723 0.6831869032454492 0.6833050968341755 0.6834232904229017 0.683541484011628 0.683401852877512 0.682986601284952 0.6825713496923914 0.6821560980998315 0.6817408465072715 0.6813255949147116 0.6809103433221517 0.6804950917295918 0.6800798401370318 0.6796645885444719 0.6792493369519119 0.678834085359352 0.6784188337667921 0.6780035821742322 0.6775883305816722 0.6771730789891116 0.6767578273965517 0.6763425758039917 0.6759273242114318 -9999.0 -9999.0 -9999.0 -9999.0 -9999.0 -9999.0 -9999.0 -9999.0 -9999.0 -9999.0 -9999.0
0.682340311493175 0.6824796860211384 0.6826190605491018 0.6827584350770655 0.6828978096050289 0.6830371841329923 0.6831765586609557 0.6833159331889191 0.6834553077168826 0.683594682244846 0.6837340567728093 0.6838734313007727 0.6840128058287361 0.6841521803566996 0.6840262042796353 0.6836165624059017 0.6832069205321675 0.6827972786584339 0.6823876367847003 0.6819779949109667 0.6815683530372331 0.6811587111634995 0.6807490692897659 0.6803394274160323 0.6799297855422985 0.679520143668565 0.6791105017948313 0.6787008599210977 0.6782912180473641 0.6778815761736299 0.6774719342998963 0.6770622924261627 0.6766526505524291 0.6762430086786955 0.6758333668049619 0.6754237249312283 -9999.0 0.674604441183761 -9999.0 -9999.0 -9999.0 -9999.0 -9999.0 -9999.0
0.6826756556281632 0.6828362110953639 0.6829967665625644 0.6831573220297653 0.6833178774969658 0.6834784329641664 0.6836389884313671 0.6837995438985676 0.6839600993657682 0.6841206548329688 0.6842812103001693 0.6844417657673699 0.6846023212345705 0.6847628767017712 0.6846505556817587 0.6842465235268514 0.6838424913719434 0.6834384592170362 0.6830344270621289 0.6826303949072215 0.6822263627523143 0.681822330597407 0.6814182984424998 0.6810142662875925 0.6806102341326852 0.6802062019777779 0.6798021698228707 0.6793981376679634 0.6789941055130561 0.6785900733581481 0.6781860412032409 0.6777820090483336 0.6773779768934263 0.676973944738519 0.6765699125836118 0.6761658804287045 0.6757618482737973 0.6753578161188899 0.6749537839639826 -9999.0 -9999.0 -9999.0 -9999.0 -9999.0
0.6830109997631516 0.6831927361695893 0.6833744725760271 0.6835562089824652 0.6837379453889029 0.6839196817953407 0.6841014182017784 0.6842831546082162 0.6844648910146539 0.6846466274210917 0.6848283638275294 0.6850101002339672 0.685191836640405 0.6853735730468428 0.6852749070838821 0.6848764846478012 0.6844780622117195 0.6840796397756386 0.6836812173395576 0.6832827949034767 0.6828843724673958 0.6824859500313147 0.6820875275952338 0.6816891051591528 0.6812906827230719 0.680892260286991 0.68049383785091 0.6800954154148291 0.6796969929787481 0.6792985705426665 0.6789001481065855 0.6785017256705046 0.6781033032344237 0.6777048807983427 0.6773064583622618 0.6769080359261808 0.6765096134900999 0.6761111910540188 0.6757127686179379 -9999.0 -9999.0 -9999.0 -9999.0 -9999.0
0.6833463438981398 0.6835492612438147 0.6837521785894897 0.6839550959351649 0.6841580132808399 0.6843609306265148 0.6845638479721897 0.6847667653178646 0.6849696826635396 0.6851726000092145 0.6853755173548894 0.6855784347005645 0.6857813520462394 0.6859842693919143 0.6858992584860054 0.6855064457687507 0.6851136330514954 0.6847208203342409 0.6843280076169862 0.6839351948997316 0.683542382182477 0.6831495694652224 0.6827567567479678 0.6823639440307131 0.6819711313134585 0.6815783185962039 0.6811855058789493 0.6807926931616947 0.6803998804444401 0.6800070677271848 0.6796142550099301 0.6792214422926756 0.6788286295754209 0.6784358168581663 0.6780430041409117 0.677650191423657 0.6772573787064025 0.6768645659891478 0.6764717532718932 -9999.0 -9999.0 -9999.0 -9999.0 -9999.0
0.6836816880331281 0.6839057863180402 0.6841298846029523 0.6843539828878649 0.684578081172777 0.6848021794576891 0.6850262777426012 0.6852503760275133 0.6854744743124254 0.6856985725973375 0.6859226708822496 0.6861467691671618 0.6863708674520739 0.686594965736986 0.6865236098881288 0.6861364068897005 0.6857492038912716 0.6853620008928433 0.684974797894415 0.6845875948959866 0.6842003918975584 0.6838131888991301 0.6834259859007018 0.6830387829022735 0.6826515799038452 0.682264376905417 0.6818771739069887 0.6814899709085603 0.681102767910132 0.6807155649117032 0.6803283619132748 0.6799411589148465 0.6795539559164182 0.67916675291799 0.6787795499195617 0.6783923469211334 0.6780051439227051 0.6776179409242767 0.6772307379258485 -9999.0 -9999.0 -9999.0 -9999.0 -9999.0
0.6840170321681166 0.6842623113922659 0.6845075906164152 0.6847528698405649 0.6849981490647142 0.6852434282888635 0.6854887075130128 0.6857339867371622 0.6859792659613115 0.6862245451854608 0.6864698244096101 0.6867151036337594 0.6869603828579087 0.687205662082058 0.6871479612902527 0.6867663680106507 0.6863847747310481 0.6860031814514461 0.6856215881718442 0.6852399948922422 0.6848584016126402 0.6844768083330383 0.6840952150534363 0.6837136217738344 0.6833320284942325 0.6829504352146305 0.6825688419350285 0.6821872486554266 0.6818056553758246 0.681424062096222 0.68104246881662 0.6806608755370182 0.6802792822574162 0.6798976889778142 0.6795160956982123 0.6791345024186103 0.6787529091390083 0.6783713158594064 0.6779897225798044 0.6776081293002024 0.6772265360206005 0.6768449427409986 -9999.0 -9999.0
0.6849152058623951 0.6851881515547738 0.6854610972471525 0.6857340429395317 0.6860069886319105 0.6862799343242891 0.6865528800166679 0.6868258257090466 0.6870987714014253 0.6873717170938041 0.6876446627861827 0.6879176084785615 0.6881905541709402 0.688463499863319 0.6884160825725756 0.688026190009084 0.6876362974455918 0.6872464048821003 0.6868565123186087 0.6864666197551171 0.6860767271916256 0.6856868346281341 0.6852969420646425 0.6849070495011509 0.6845171569376594 0.6841272643741678 0.6837373718106763 0.6833474792471848 0.6829575866836931 0.6825676941202009 0.6821778015567094 0.6817879089932178 0.6813980164297263 0.6810081238662347 0.6806182313027431 0.6802283387392516 0.6798384461757601 0.6794485536122685 0.6790586610487769 0.6786687684852853 0.6782788759217938 0.6778889833583023 0.6774990907948101 0.6771091982313184
0.6864150088643591 0.6867225536464922 0.6870300984286252 0.6873376432107587 0.6876451879928918 0.6879527327750248 0.6882602775571578 0.6885678223392908 0.6888753671214238 0.6891829119035568 0.68949045668569 0.689798001467823 0.690105546249956 0.690413091032089 0.69037235326166 0.6899592935674566 0.6895462338732524 0.689133174179049 0.6887201144848455 0.688307054790642 0.6878939950964387 0.6874809354022352 0.6870678757080317 0.6866548160138283 0.6862417563196248 0.6858286966254215 0.685415636931218 0.6850025772370145 0.684589517542811 0.6841764578486069 0.6837633981544035 0.6833503384602 0.6829372787659966 0.6825242190717932 0.6821111593775897 0.6816980996833862 0.6812850399891829 0.6808719802949794 0.680458920600776 0.6800458609065725 0.679632801212369 0.6792197415181657 0.6788066818239614 0.6783936221297581
0.6879148118663233 0.6882569557382107 0.6885990996100979 0.6889412434819859 0.6892833873538732 0.6896255312257605 0.6899676750976479 0.6903098189695352 0.6906519628414225 0.6909941067133099 0.6913362505851972 0.6916783944570846 0.6920205383289718 0.6923626822008592 0.6923286239507445 0.6918923971258292 0.6914561703009131 0.6910199434759977 0.6905837166510824 0.690147489826167 0.6897112630012517 0.6892750361763365 0.688838809351421 0.6884025825265058 0.6879663557015904 0.6875301288766751 0.6870939020517597 0.6866576752268444 0.6862214484019291 0.6857852215770129 0.6853489947520977 0.6849127679271824 0.684476541102267 0.6840403142773517 0.6836040874524363 0.683167860627521 0.6827316338026057 0.6822954069776903 0.681859180152775 0.6814229533278596 0.6809867265029443 0.6805504996780289 0.6801142728531129 0.6796780460281976
0.6894146148682875 0.6897913578299291 0.6901681007915708 0.690544843753213 0.6909215867148546 0.6912983296764963 0.6916750726381379 0.6920518155997796 0.6924285585614212 0.6928053015230627 0.6931820444847044 0.693558787446346 0.6939355304079877 0.6943122733696293 0.694284894639829 0.6938255006842018 0.6933661067285737 0.6929067127729465 0.6924473188173192 0.691987924861692 0.6915285309060648 0.6910691369504376 0.6906097429948104 0.6901503490391832 0.6896909550835559 0.6892315611279287 0.6887721671723015 0.6883127732166743 0.6878533792610471 0.6873939853054191 0.6869345913497918 0.6864751973941646 0.6860158034385374 0.6855564094829102 0.685097015527283 0.6846376215716558 0.6841782276160285 0.6837188336604013 0.6832594397047741 0.6828000457491468 0.6823406517935195 0.6818812578378923 0.6814218638822643 0.6809624699266371
0.6909144178702515 0.6913257599216475 0.6917371019730435 0.6921484440244401 0.692559786075836 0.6929711281272319 0.6933824701786279 0.6937938122300239 0.6942051542814198 0.6946164963328157 0.6950278383842117 0.6954391804356076 0.6958505224870035 0.6962618645383996 0.6962411653289134 0.6957586042425743 0.6952760431562344 0.6947934820698953 0.6943109209835562 0.693828359897217 0.693345798810878 0.6928632377245388 0.6923806766381997 0.6918981155518606 0.6914155544655215 0.6909329933791823 0.6904504322928433 0.6899678712065042 0.689485310120165 0.6890027490338251 0.688520187947486 0.6880376268611469 0.6875550657748077 0.6870725046884687 0.6865899436021295 0.6861073825157904 0.6856248214294514 0.6851422603431122 0.6846596992567731 0.684177138170434 0.6836945770840949 0.6832120159977557 0.6827294549114158 0.6822468938250768
0.692414220872217 0.6928601620133673 0.6933061031545176 0.6937520442956686 0.6941979854368189 0.6946439265779691 0.6950898677191194 0.6955358088602697 0.6959817500014199 0.6964276911425702 0.6968736322837205 0.6973195734248707 0.6977655145660211 0.6982114557071714 0.6981974360179997 0.6976917078009486 0.6971859795838967 0.6966802513668456 0.6961745231497947 0.6956687949327437 0.6951630667156926 0.6946573384986416 0.6941516102815906 0.6936458820645396 0.6931401538474885 0.6926344256304375 0.6921286974133865 0.6916229691963355 0.6911172409792844 0.6906115127622325 0.6901057845451816 0.6896000563281305 0.6890943281110795 0.6885885998940284 0.6880828716769775 0.6875771434599264 0.6870714152428754 0.6865656870258243 0.6860599588087734 0.6855542305917224 0.6850485023746713 0.6845427741576203 0.6840370459405684 0.6835313177235174
0.6939140238741811 0.6943945641050857 0.6948751043359903 0.6953556445668957 0.6958361847978003 0.6963167250287049 0.6967972652596094 0.697277805490514 0.6977583457214186 0.6982388859523232 0.6987194261832277 0.6991999664141323 0.6996805066450369 0.7001610468759415 0.7001537067070841 0.6996248113593212 0.6990959160115574 0.6985670206637945 0.6980381253160315 0.6975092299682686 0.6969803346205057 0.6964514392727428 0.6959225439249799 0.695393648577217 0.6948647532294541 0.6943358578816912 0.6938069625339283 0.6932780671861652 0.6927491718384023 0.6922202764906386 0.6916913811428756 0.6911624857951127 0.6906335904473498 0.6901046950995869 0.6895757997518239 0.689046904404061 0.6885180090562981 0.6879891137085352 0.6874602183607723 0.6869313230130094 0.6864024276652465 0.6858735323174836 0.6853446369697197 0.6848157416219568
0.6954138268761453 0.6959289661968042 0.696444105517463 0.6969592448381228 0.6974743841587817 0.6979895234794405 0.6985046628000995 0.6990198021207583 0.6995349414414173 0.7000500807620761 0.700565220082735 0.7010803594033939 0.7015954987240528 0.7021106380447116 0.7021099773961686 0.7015579149176938 0.7010058524392181 0.7004537899607433 0.6999017274822684 0.6993496650037937 0.6987976025253189 0.698245540046844 0.6976934775683692 0.6971414150898945 0.6965893526114196 0.6960372901329448 0.6954852276544701 0.6949331651759952 0.6943811026975204 0.6938290402190447 0.6932769777405698 0.6927249152620951 0.6921728527836203 0.6916207903051454 0.6910687278266706 0.6905166653481959 0.689964602869721 0.6894125403912462 0.6888604779127715 0.6883084154342967 0.6877563529558218 0.687204290477347 0.6866522279988713 0.6861001655203965
0.6969136298781095 0.6974633682885226 0.6980131066989358 0.69856284510935 0.6991125835197631 0.6996623219301763 0.7002120603405895 0.7007617987510026 0.7013115371614158 0.7018612755718291 0.7024110139822423 0.7029607523926554 0.7035104908030686 0.7040602292134818 0.7040662480852531 0.7034910184760664 0.7029157888668788 0.702340559257692 0.7017653296485054 0.7011901000393187 0.7006148704301319 0.7000396408209453 0.6994644112117586 0.6988891816025719 0.6983139519933852 0.6977387223841985 0.6971634927750118 0.6965882631658251 0.6960130335566385 0.6954378039474507 0.694862574338264 0.6942873447290774 0.6937121151198906 0.693136885510704 0.6925616559015173 0.6919864262923305 0.6914111966831439 0.6908359670739572 0.6902607374647705 0.6896855078555838 0.6891102782463971 0.6885350486372104 0.6879598190280227 0.6873845894188361
0.6984134328800735 0.698997770380241 0.6995821078804085 0.700166445380577 0.7007507828807445 0.7013351203809121 0.7019194578810795 0.702503795381247 0.7030881328814145 0.703672470381582 0.7042568078817495 0.704841145381917 0.7054254828820845 0.7060098203822519 0.7060225187743376 0.705424122034439 0.7048257252945394 0.7042273285546409 0.7036289318147423 0.7030305350748437 0.7024321383349451 0.7018337415950465 0.7012353448551479 0.7006369481152493 0.7000385513753508 0.6994401546354522 0.6988417578955536 0.698243361155655 0.6976449644157564 0.6970465676758568 0.6964481709359582 0.6958497741960596 0.6952513774561611 0.6946529807162625 0.6940545839763639 0.6934561872364653 0.6928577904965667 0.6922593937566681 0.6916609970167695 0.6910626002768709 0.6904642035369724 0.6898658067970738 0.6892674100571742 0.6886690133172756
