Figures/CREST_Example_wjb_NSE/PETs/wjb.pet.20091221.asc
ncols            288
nrows            254
xllcorner        113.274861
yllcorner        31.4918055
cellsize         0.008333333333
NODATA_value     -9999
[rows 114 to 132 of 254, columns 44 to 87 of 288]
0.6862886259782606 0.6860299987772961 0.6857713715763316 0.6855127443753671 0.6852541171744027 0.6849954899734382 0.6847368627724738 0.6844782355715093 0.6842196083705444 0.6839609811695799 0.6837023539686155 0.683443726767651 0.6831850995666866 0.6829264723657221 0.6826678451647576 0.6824092179637932 0.6821505907628287 0.6818919635618642 0.6816333363608998 0.6813747091599354 0.6811160819589709 0.680857454758006 0.6805988275570415 0.680340200356077 0.6800815731551125 0.6798229459541482 0.6795643187531837 0.6793056915522192 0.678853345277053 0.6781939089323406 0.6775344725876281 0.6768750362429156 0.6762155998982031 0.6755561635534907 0.6748967272087771 0.6742372908640646 0.6735778545193521 0.6729184181746397 0.6722589818299272 0.6715995454852147 0.6709401091405023 0.6702806727957898 0.6696212364510773 0.6689618001063649
0.6860845329539574 0.6858444029816168 0.685604273009276 0.6853641430369352 0.6851240130645945 0.6848838830922537 0.684643753119913 0.6844036231475722 0.6841634931752311 0.6839233632028903 0.6836832332305496 0.6834431032582088 0.683202973285868 0.6829628433135273 0.6827227133411865 0.6824825833688458 0.682242453396505 0.6820023234241642 0.6817621934518235 0.6815220634794827 0.6812819335071421 0.6810418035348008 0.6808016735624601 0.6805615435901193 0.6803214136177785 0.6800812836454379 0.679841153673097 0.6796010237007564 0.6791501383040682 0.6784739505944036 0.6777977628847389 0.6771215751750742 0.6764453874654096 0.6757691997557449 0.6750930120460791 0.6744168243364144 0.6737406366267498 0.6730644489170851 0.6723882612074203 0.6717120734977557 0.671035885788091 0.6703596980784263 0.6696835103687617 0.669007322659097
0.6858804399296545 0.6856588071859374 0.6854371744422204 0.6852155416985033 0.6849939089547863 0.6847722762110693 0.6845506434673522 0.6843290107236352 0.6841073779799177 0.6838857452362007 0.6836641124924836 0.6834424797487666 0.6832208470050496 0.6829992142613325 0.6827775815176155 0.6825559487738984 0.6823343160301814 0.6821126832864643 0.6818910505427472 0.6816694177990302 0.6814477850553131 0.6812261523115958 0.6810045195678787 0.6807828868241617 0.6805612540804447 0.6803396213367275 0.6801179885930105 0.6798963558492934 0.6794469313310836 0.6787539922564667 0.6780610531818497 0.6773681141072329 0.676675175032616 0.6759822359579991 0.675289296883381 0.6745963578087641 0.6739034187341473 0.6732104796595304 0.6725175405849135 0.6718246015102967 0.6711316624356798 0.6704387233610628 0.6697457842864459 0.6690528452118291
0.6856763469053514 0.6854732113902581 0.6852700758751648 0.6850669403600714 0.6848638048449781 0.6846606693298848 0.6844575338147915 0.684254398299698 0.6840512627846044 0.683848127269511 0.6836449917544177 0.6834418562393244 0.6832387207242311 0.6830355852091378 0.6828324496940444 0.682629314178951 0.6824261786638577 0.6822230431487644 0.682019907633671 0.6818167721185777 0.6816136366034844 0.6814105010883907 0.6812073655732974 0.6810042300582041 0.6808010945431107 0.6805979590280173 0.680394823512924 0.6801916879978307 0.6797437243580989 0.6790340339185298 0.6783243434789608 0.6776146530393916 0.6769049625998226 0.6761952721602534 0.6754855817206831 0.674775891281114 0.6740662008415449 0.6733565104019759 0.6726468199624067 0.6719371295228376 0.6712274390832685 0.6705177486436994 0.6698080582041304 0.6690983677645612
0.6858349817021144 0.6856482159739636 0.685461450245813 0.6852746845176623 0.6850879187895116 0.6849011530613608 0.6847143873332101 0.6845276216050594 0.6843408558769084 0.6841540901487576 0.6839673244206069 0.6837805586924562 0.6835937929643054 0.6834070272361548 0.6832202615080041 0.6830334957798534 0.6828467300517026 0.6826599643235519 0.6824731985954012 0.6822864328672504 0.6820996671390998 0.6819129014109487 0.681726135682798 0.6815393699546473 0.6813526042264966 0.6811658384983459 0.6809790727701951 0.6807923070420444 0.6803511384341284 0.6796380073966969 0.6789248763592655 0.678211745321834 0.6774986142844026 0.6767854832469711 0.6760723522095384 0.675359221172107 0.6746460901346756 0.673932959097244 0.6732198280598126 0.6725066970223812 0.6717935659849498 0.6710804349475182 0.6703673039100868 0.6696541728726554
0.6863813496721094 0.6862086796298646 0.68603600958762 0.6858633395453754 0.6856906695031306 0.685517999460886 0.6853453294186413 0.6851726593763966 0.6849999893341516 0.684827319291907 0.6846546492496624 0.6844819792074176 0.684309309165173 0.6841366391229283 0.6839639690806836 0.6837912990384389 0.6836186289961943 0.6834459589539496 0.6832732889117049 0.6831006188694602 0.6829279488272155 0.6827552787849706 0.6825826087427259 0.6824099387004812 0.6822372686582365 0.6820645986159919 0.6818919285737471 0.6817192585315025 0.6812905868290385 0.6805882435646117 0.6798859003001849 0.6791835570357581 0.6784812137713313 0.6777788705069044 0.6770765272424765 0.6763741839780496 0.6756718407136229 0.674969497449196 0.6742671541847692 0.6735648109203424 0.6728624676559155 0.6721601243914888 0.6714577811270619 0.6707554378626351
0.6869277176421044 0.6867691432857657 0.6866105689294271 0.6864519945730884 0.6862934202167498 0.6861348458604112 0.6859762715040725 0.6858176971477339 0.685659122791395 0.6855005484350563 0.6853419740787177 0.685183399722379 0.6850248253660404 0.6848662510097018 0.6847076766533631 0.6845491022970245 0.6843905279406858 0.6842319535843472 0.6840733792280085 0.6839148048716699 0.6837562305153312 0.6835976561589924 0.6834390818026537 0.6832805074463151 0.6831219330899764 0.6829633587336378 0.6828047843772991 0.6826462100209605 0.6822300352239485 0.6815384797325263 0.6808469242411043 0.6801553687496821 0.6794638132582599 0.6787722577668377 0.6780807022754144 0.6773891467839922 0.67669759129257 0.6760060358011478 0.6753144803097257 0.6746229248183035 0.6739313693268814 0.6732398138354592 0.6725482583440371 0.6718567028526149
0.6874740856120993 0.6873296069416667 0.6871851282712341 0.6870406496008015 0.6868961709303689 0.6867516922599363 0.6866072135895037 0.6864627349190711 0.6863182562486383 0.6861737775782056 0.6860292989077731 0.6858848202373404 0.6857403415669078 0.6855958628964752 0.6854513842260426 0.68530690555561 0.6851624268851774 0.6850179482147448 0.6848734695443122 0.6847289908738796 0.684584512203447 0.6844400335330142 0.6842955548625815 0.684151076192149 0.6840065975217163 0.6838621188512838 0.6837176401808511 0.6835731615104186 0.6831694836188587 0.6824887159004411 0.6818079481820236 0.6811271804636061 0.6804464127451886 0.6797656450267711 0.6790848773083523 0.6784041095899348 0.6777233418715173 0.6770425741530998 0.6763618064346822 0.6756810387162647 0.6750002709978472 0.6743195032794297 0.6736387355610122 0.6729579678425947
0.6880204535820943 0.6878900705975677 0.6877596876130412 0.6876293046285146 0.687498921643988 0.6873685386594615 0.6872381556749348 0.6871077726904083 0.6869773897058815 0.6868470067213549 0.6867166237368284 0.6865862407523018 0.6864558577677753 0.6863254747832487 0.6861950917987221 0.6860647088141956 0.685934325829669 0.6858039428451425 0.6856735598606158 0.6855431768760892 0.6854127938915627 0.6852824109070359 0.6851520279225094 0.6850216449379828 0.6848912619534562 0.6847608789689297 0.6846304959844031 0.6845001129998765 0.6841089320137688 0.6834389520683558 0.682768972122943 0.6820989921775301 0.6814290122321172 0.6807590322867043 0.6800890523412902 0.6794190723958774 0.6787490924504646 0.6780791125050516 0.6774091325596387 0.6767391526142259 0.676069172668813 0.6753991927234001 0.6747292127779873 0.6740592328325744
0.6885668215520894 0.6884505342534688 0.6883342469548482 0.6882179596562278 0.6881016723576072 0.6879853850589867 0.6878690977603662 0.6877528104617456 0.6876365231631248 0.6875202358645044 0.6874039485658838 0.6872876612672633 0.6871713739686428 0.6870550866700222 0.6869387993714017 0.6868225120727811 0.6867062247741607 0.6865899374755401 0.6864736501769195 0.6863573628782991 0.6862410755796785 0.6861247882810578 0.6860085009824373 0.6858922136838167 0.6857759263851961 0.6856596390865757 0.6855433517879551 0.6854270644893345 0.6850483804086789 0.6843891882362706 0.6837299960638624 0.6830708038914541 0.6824116117190459 0.6817524195466377 0.6810932273742283 0.68043403520182 0.6797748430294118 0.6791156508570035 0.6784564586845954 0.6777972665121871 0.6771380743397788 0.6764788821673706 0.6758196899949623 0.675160497822554
0.6891131895220848 0.6890109979093703 0.6889088062966559 0.6888066146839413 0.6887044230712268 0.6886022314585124 0.6885000398457979 0.6883978482330834 0.6882956566203687 0.6881934650076542 0.6880912733949397 0.6879890817822253 0.6878868901695108 0.6877846985567962 0.6876825069440818 0.6875803153313673 0.6874781237186528 0.6873759321059384 0.6872737404932239 0.6871715488805094 0.687069357267795 0.6869671656550802 0.6868649740423658 0.6867627824296513 0.6866605908169368 0.6865583992042222 0.6864562075915078 0.6863540159787933 0.6859878288035897 0.685339424404186 0.6846910200047825 0.6840426156053789 0.6833942112059753 0.6827458068065717 0.682097402407167 0.6814489980077635 0.6808005936083599 0.6801521892089563 0.6795037848095526 0.678855380410149 0.6782069760107455 0.6775585716113419 0.6769101672119383 0.6762617628125347
0.6896595574920797 0.6895714615652713 0.6894833656384629 0.6893952697116544 0.689307173784846 0.6892190778580375 0.689130981931229 0.6890428860044207 0.6889547900776121 0.6888666941508036 0.6887785982239951 0.6886905022971866 0.6886024063703783 0.6885143104435698 0.6884262145167613 0.6883381185899529 0.6882500226631445 0.688161926736336 0.6880738308095276 0.6879857348827191 0.6878976389559107 0.687809543029102 0.6877214471022937 0.6876333511754852 0.6875452552486767 0.6874571593218682 0.6873690633950599 0.6872809674682514 0.6869272771984998 0.6862896605721008 0.6856520439457019 0.685014427319303 0.684376810692904 0.6837391940665051 0.683101577440105 0.6824639608137061 0.6818263441873071 0.6811887275609082 0.6805511109345093 0.6799134943081103 0.6792758776817114 0.6786382610553124 0.6780006444289135 0.6773630278025146
0.6902059254620747 0.6901319252211723 0.6900579249802699 0.6899839247393674 0.6899099244984651 0.6898359242575627 0.6897619240166603 0.6896879237757578 0.6896139235348553 0.6895399232939529 0.6894659230530504 0.6893919228121481 0.6893179225712457 0.6892439223303433 0.6891699220894408 0.6890959218485384 0.689021921607636 0.6889479213667336 0.6888739211258312 0.6887999208849288 0.6887259206440264 0.6886519204031238 0.6885779201622214 0.688503919921319 0.6884299196804166 0.6883559194395141 0.6882819191986118 0.6882079189577094 0.6878667255934099 0.6872398967400155 0.6866130678866212 0.685986239033227 0.6853594101798326 0.6847325813264383 0.684105752473043 0.6834789236196487 0.6828520947662543 0.68222526591286 0.6815984370594658 0.6809716082060714 0.6803447793526771 0.6797179504992829 0.6790911216458885 0.6784642927924942
0.6907522934320697 0.6906923888770733 0.6906324843220769 0.6905725797670805 0.6905126752120841 0.6904527706570878 0.6903928661020914 0.690332961547095 0.6902730569920985 0.6902131524371022 0.6901532478821059 0.6900933433271095 0.6900334387721131 0.6899735342171167 0.6899136296621203 0.689853725107124 0.6897938205521276 0.6897339159971312 0.6896740114421348 0.6896141068871384 0.689554202332142 0.6894942977771455 0.6894343932221492 0.6893744886671528 0.6893145841121564 0.68925467955716 0.6891947750021638 0.6891348704471674 0.6888061739883199 0.6881901329079302 0.6875740918275406 0.6869580507471509 0.6863420096667613 0.6857259685863716 0.6851099275059809 0.6844938864255912 0.6838778453452016 0.6832618042648119 0.6826457631844223 0.6820297221040326 0.681413681023643 0.6807976399432533 0.6801815988628637 0.679565557782474
0.6912986614020646 0.6912528525329743 0.691207043663884 0.6911612347947936 0.6911154259257033 0.691069617056613 0.6910238081875226 0.6909779993184323 0.6909321904493418 0.6908863815802515 0.6908405727111612 0.6907947638420708 0.6907489549729805 0.6907031461038902 0.6906573372347998 0.6906115283657095 0.6905657194966192 0.6905199106275288 0.6904741017584385 0.6904282928893481 0.6903824840202578 0.6903366751511674 0.690290866282077 0.6902450574129867 0.6901992485438964 0.690153439674806 0.6901076308057157 0.6900618219366254 0.68974562238323 0.689140369075845 0.6885351157684599 0.6879298624610749 0.68732460915369 0.686719355846305 0.6861141025389189 0.6855088492315339 0.6849035959241488 0.6842983426167638 0.6836930893093788 0.6830878360019937 0.6824825826946087 0.6818773293872238 0.6812720760798388 0.6806668227724537
0.6918450293720596 0.6918133161888753 0.691781603005691 0.6917498898225067 0.6917181766393224 0.691686463456138 0.6916547502729538 0.6916230370897695 0.6915913239065852 0.6915596107234009 0.6915278975402165 0.6914961843570322 0.6914644711738479 0.6914327579906636 0.6914010448074793 0.691369331624295 0.6913376184411107 0.6913059052579265 0.6912741920747422 0.6912424788915579 0.6912107657083735 0.6911790525251892 0.6911473393420049 0.6911156261588206 0.6910839129756363 0.6910521997924519 0.6910204866092676 0.6909887734260833 0.69068507077814 0.6900906052437596 0.6894961397093793 0.6889016741749989 0.6883072086406186 0.6877127431062382 0.6871182775718568 0.6865238120374765 0.685929346503096 0.6853348809687156 0.6847404154343353 0.6841459498999549 0.6835514843655746 0.6829570188311942 0.6823625532968138 0.6817680877624335
0.6923913973420546 0.6923737798447763 0.6923561623474981 0.6923385448502198 0.6923209273529415 0.6923033098556632 0.692285692358385 0.6922680748611068 0.6922504573638284 0.6922328398665502 0.6922152223692719 0.6921976048719937 0.6921799873747154 0.6921623698774372 0.6921447523801588 0.6921271348828806 0.6921095173856023 0.6920918998883241 0.6920742823910458 0.6920566648937676 0.6920390473964892 0.692021429899211 0.6920038124019328 0.6919861949046545 0.6919685774073763 0.6919509599100979 0.6919333424128197 0.6919157249155414 0.6916245191730501 0.6910408414116744 0.6904571636502987 0.6898734858889229 0.6892898081275473 0.6887061303661716 0.6881224526047948 0.6875387748434191 0.6869550970820434 0.6863714193206676 0.6857877415592919 0.6852040637979162 0.6846203860365404 0.6840367082751647 0.683453030513789 0.6828693527524132
0.69293776531205 0.6929342435006778 0.6929307216893056 0.6929271998779334 0.6929236780665612 0.6929201562551889 0.6929166344438167 0.6929131126324445 0.6929095908210723 0.6929060690097001 0.6929025471983279 0.6928990253869556 0.6928955035755834 0.6928919817642112 0.692888459952839 0.6928849381414668 0.6928814163300946 0.6928778945187223 0.6928743727073501 0.6928708508959779 0.6928673290846057 0.6928638072732335 0.6928602854618613 0.692856763650489 0.6928532418391168 0.6928497200277446 0.6928461982163724 0.6928426764050002 0.692563967567961 0.6919910775795899 0.6914181875912189 0.6908452976028477 0.6902724076144767 0.6896995176261056 0.6891266276377336 0.6885537376493625 0.6879808476609914 0.6874079576726203 0.6868350676842493 0.6862621776958782 0.6856892877075071 0.685116397719136 0.684543507730765 0.6839706177423939
0.693484133282045 0.6934947071565788 0.6935052810311126 0.6935158549056465 0.6935264287801802 0.6935370026547141 0.6935475765292479 0.6935581504037818 0.6935687242783156 0.6935792981528494 0.6935898720273832 0.693600445901917 0.6936110197764509 0.6936215936509847 0.6936321675255185 0.6936427414000523 0.6936533152745862 0.69366388914912 0.6936744630236538 0.6936850368981876 0.6936956107727215 0.6937061846472553 0.6937167585217892 0.693727332396323 0.6937379062708567 0.6937484801453906 0.6937590540199244 0.6937696278944583 0.6935034159628711 0.6929413137475047 0.6923792115321382 0.6918171093167719 0.6912550071014054 0.690692904886039 0.6901308026706715 0.6895687004553052 0.6890065982399387 0.6884444960245723 0.6878823938092058 0.6873202915938393 0.686758189378473 0.6861960871631065 0.6856339849477401 0.6850718827323736
