Figures/CREST_Example_wjb_NSE/PETs/wjb.pet.20090829.asc
ncols            288
nrows            254
xllcorner        113.274861
yllcorner        31.4918055
cellsize         0.008333333333
NODATA_value     -9999
[rows 60 to 79 of 254, columns 176 to 219 of 288]
0.6701559877509355 0.6748763434894308 0.6795966992279261 0.6843170549664213 0.6890374107049165 0.6937577664434118 0.6984781221819151 0.7031984779204103 0.7079188336589056 0.7126391893974009 0.7173595451358961 0.7220799008743913 0.7268002566128866 0.7315206123513818 0.736240968089877 0.7409613238283723 0.7437724376709116 0.744542528727006 0.7453126197831004 0.746082710839196 0.7468528018952904 0.7476228929513847 0.7483929840074791 0.7491630750635735 0.7499331661196679 0.7507032571757621 0.7514733482318565 0.7522434392879509 0.7530135303440453 0.7537836214001397 0.754553712456234 0.7553238035123283 0.756093894568424 0.7568639856245184 -9999.0 -9999.0 -9999.0 -9999.0 -9999.0 -9999.0 -9999.0 -9999.0 -9999.0 -9999.0
0.6644727574626383 0.6690479942485257 0.673623231034413 0.6781984678203004 0.6827737046061877 0.687348941392075 0.6919241781779701 0.6964994149638575 0.7010746517497448 0.7056498885356322 0.7102251253215195 0.7148003621074068 0.7193755988932942 0.7239508356791815 0.7285260724650688 0.7331013092509562 0.7359618598973303 0.7369893722630337 -9999.0 -9999.0 -9999.0 0.7410994217258493 0.7421269340915527 0.7431544464572563 0.7441819588229597 0.7452094711886631 0.7462369835543665 0.74726449592007 0.7482920082857735 0.7493195206514769 0.7503470330171803 0.7513745453828838 -9999.0 -9999.0 -9999.0 -9999.0 -9999.0 -9999.0 -9999.0 -9999.0 -9999.0 -9999.0 -9999.0 -9999.0
0.6587895271743411 0.6632196450076205 0.6676497628408999 0.6720798806741793 0.6765099985074589 0.6809401163407383 0.6853702341740252 0.6898003520073046 0.6942304698405841 0.6986605876738635 0.7030907055071429 0.7075208233404223 0.7119509411737017 0.7163810590069812 0.7208111768402606 0.72524129467354 0.7281512821237491 0.7294362157990617 -9999.0 -9999.0 -9999.0 0.734575950500314 0.7358608841756266 0.737145817850939 0.7384307515262516 0.7397156852015642 0.7410006188768766 -9999.0 -9999.0 -9999.0 -9999.0 -9999.0 -9999.0 -9999.0 -9999.0 -9999.0 -9999.0 -9999.0 -9999.0 -9999.0 -9999.0 -9999.0 -9999.0 -9999.0
0.6531062968860438 0.6573912957667154 0.6616762946473869 0.6659612935280583 0.6702462924087299 0.6745312912894015 0.6788162901700803 0.6831012890507517 0.6873862879314233 0.6916712868120948 0.6959562856927664 0.7002412845734378 0.7045262834541093 0.7088112823347809 0.7130962812154523 0.7173812800961239 0.7203407043501678 0.7218830593350894 -9999.0 -9999.0 -9999.0 -9999.0 -9999.0 -9999.0 -9999.0 -9999.0 -9999.0 -9999.0 -9999.0 -9999.0 -9999.0 -9999.0 -9999.0 -9999.0 -9999.0 -9999.0 -9999.0 -9999.0 -9999.0 -9999.0 -9999.0 -9999.0 -9999.0 -9999.0
0.6474230665977466 0.6515629465258103 0.6557028264538739 0.6598427063819374 0.6639825863100011 0.6681224662380647 0.6722623461661353 0.676402226094199 0.6805421060222625 0.6846819859503261 0.6888218658783898 0.6929617458064534 0.697101625734517 0.7012415056625806 0.7053813855906442 0.7095212655187078 0.7125301265765867 0.7143299028711174 -9999.0 -9999.0 -9999.0 -9999.0 -9999.0 -9999.0 -9999.0 -9999.0 -9999.0 -9999.0 -9999.0 -9999.0 -9999.0 -9999.0 -9999.0 -9999.0 -9999.0 -9999.0 -9999.0 -9999.0 -9999.0 -9999.0 -9999.0 -9999.0 -9999.0 -9999.0
0.6417398363094494 0.6457345972849051 0.6497293582603608 0.6537241192358165 0.6577188802112721 0.6617136411867278 0.6657084021621904 0.6697031631376461 0.6736979241131018 0.6776926850885574 0.6816874460640132 0.6856822070394688 0.6896769680149245 0.6936717289903802 0.6976664899658359 0.7016612509412916 0.7047195488030054 0.7067767464071452 0.708833944011285 -9999.0 -9999.0 -9999.0 -9999.0 -9999.0 -9999.0 -9999.0 -9999.0 -9999.0 -9999.0 -9999.0 -9999.0 -9999.0 -9999.0 -9999.0 -9999.0 -9999.0 -9999.0 -9999.0 -9999.0 -9999.0 -9999.0 -9999.0 -9999.0 -9999.0
0.6360566060211473 0.639906248043995 0.6437558900668426 0.6476055320896903 0.651455174112538 0.6553048161353856 0.6591544581582398 0.6630041001810876 0.6668537422039352 0.6707033842267829 0.6745530262496305 0.6784026682724782 0.6822523102953258 0.6861019523181735 0.6899515943410212 0.6938012363638688 0.6969089710294175 0.6992235899431666 0.7015382088569158 -9999.0 -9999.0 -9999.0 -9999.0 -9999.0 -9999.0 -9999.0 -9999.0 -9999.0 -9999.0 -9999.0 -9999.0 -9999.0 -9999.0 -9999.0 -9999.0 -9999.0 -9999.0 -9999.0 -9999.0 -9999.0 -9999.0 -9999.0 -9999.0 -9999.0
0.6303733757328501 0.6340778988030898 0.6377824218733297 0.6414869449435694 0.6451914680138091 0.6488959910840488 0.652600514154295 0.6563050372245347 0.6600095602947744 0.6637140833650143 0.667418606435254 0.6711231295054938 0.6748276525757335 0.6785321756459732 0.6822366987162131 0.6859412217864528 0.6890983932558363 0.6916704334791945 0.6942424737025527 0.6968145139259152 -9999.0 -9999.0 -9999.0 -9999.0 -9999.0 -9999.0 -9999.0 -9999.0 -9999.0 -9999.0 -9999.0 -9999.0 -9999.0 -9999.0 -9999.0 -9999.0 -9999.0 -9999.0 -9999.0 -9999.0 -9999.0 -9999.0 -9999.0 -9999.0
0.6246901454445528 0.6282495495621847 0.6318089536798165 0.6353683577974484 0.6389277619150803 0.642487166032712 0.6460465701503499 0.6496059742679818 0.6531653783856137 0.6567247825032455 0.6602841866208774 0.6638435907385092 0.6674029948561411 0.670962398973773 0.6745218030914047 0.6780812072090366 0.681287815482255 0.6841172770152223 0.6869467385481896 -9999.0 -9999.0 -9999.0 -9999.0 -9999.0 -9999.0 -9999.0 -9999.0 -9999.0 -9999.0 -9999.0 -9999.0 -9999.0 -9999.0 -9999.0 -9999.0 -9999.0 -9999.0 -9999.0 -9999.0 -9999.0 -9999.0 -9999.0 -9999.0 -9999.0
0.6190069151562556 0.6224212003212796 0.6258354854863035 0.6292497706513274 0.6326640558163513 0.6360783409813753 0.639492626146405 0.642906911311429 0.6463211964764529 0.6497354816414769 0.6531497668065008 0.6565640519715248 0.6599783371365487 0.6633926223015727 0.6668069074665965 0.6702211926316205 0.6734772377086738 0.6765641205512503 -9999.0 -9999.0 -9999.0 -9999.0 -9999.0 -9999.0 -9999.0 -9999.0 -9999.0 -9999.0 -9999.0 -9999.0 -9999.0 -9999.0 -9999.0 -9999.0 -9999.0 -9999.0 -9999.0 -9999.0 -9999.0 -9999.0 -9999.0 -9999.0 -9999.0 -9999.0
0.6133236848679583 0.6165928510803743 0.6198620172927904 0.6231311835052065 0.6264003497176225 0.6296695159300385 0.6329386821424601 0.6362078483548761 0.6394770145672921 0.6427461807797081 0.6460153469921242 0.6492845132045402 0.6525536794169563 0.6558228456293723 0.6590920118417883 0.6623611780542044 0.6656666599350926 0.669010964087278 -9999.0 -9999.0 -9999.0 -9999.0 -9999.0 -9999.0 -9999.0 -9999.0 -9999.0 -9999.0 -9999.0 -9999.0 -9999.0 -9999.0 -9999.0 -9999.0 -9999.0 -9999.0 -9999.0 -9999.0 -9999.0 -9999.0 -9999.0 -9999.0 -9999.0 -9999.0
0.6076404545796611 0.6107645018394693 0.6138885490992774 0.6170125963590855 0.6201366436188936 0.6232606908787017 0.6263847381385151 0.6295087853983233 0.6326328326581314 0.6357568799179395 0.6388809271777477 0.6420049744375558 0.6451290216973639 0.648253068957172 0.6513771162169801 0.6545011634767883 0.6578560821615114 0.6614578076233059 -9999.0 -9999.0 -9999.0 -9999.0 -9999.0 -9999.0 -9999.0 -9999.0 -9999.0 -9999.0 -9999.0 -9999.0 -9999.0 -9999.0 -9999.0 -9999.0 -9999.0 -9999.0 -9999.0 -9999.0 -9999.0 -9999.0 -9999.0 -9999.0 -9999.0 -9999.0
0.601957224291359 0.6049361525985592 0.6079150809057592 0.6108940092129593 0.6138729375201594 0.6168518658273595 0.6198307941345647 0.6228097224417647 0.6257886507489648 0.6287675790561649 0.631746507363365 0.634725435670565 0.6377043639777651 0.6406832922849652 0.6436622205921653 0.6466411488993654 0.6500455043879234 0.6539046511593273 0.657763797930731 -9999.0 -9999.0 -9999.0 -9999.0 -9999.0 -9999.0 -9999.0 -9999.0 -9999.0 -9999.0 -9999.0 -9999.0 -9999.0 -9999.0 -9999.0 -9999.0 -9999.0 -9999.0 -9999.0 -9999.0 -9999.0 -9999.0 -9999.0 -9999.0 -9999.0
0.5962739940030618 0.599107803357654 0.6019416127122461 0.6047754220668383 0.6076092314214305 0.6104430407760226 0.6132768501306197 0.6161106594852119 0.618944468839804 0.6217782781943962 0.6246120875489884 0.6274458969035805 0.6302797062581728 0.633113515612765 0.6359473249673571 0.6387811343219493 0.6422349266143422 0.6463514946953551 0.650468062776368 0.6545846308573879 0.6587011989384008 0.6628177670194138 -9999.0 -9999.0 -9999.0 -9999.0 -9999.0 -9999.0 -9999.0 -9999.0 -9999.0 -9999.0 -9999.0 -9999.0 -9999.0 -9999.0 -9999.0 -9999.0 -9999.0 -9999.0 -9999.0 -9999.0 -9999.0 -9999.0
0.5905907637147646 0.5932794541167489 0.5959681445187331 0.5986568349207174 0.6013455253227017 0.604034215724686 0.6067229061266748 0.6094115965286591 0.6121002869306433 0.6147889773326276 0.6174776677346119 0.6201663581365962 0.6228550485385804 0.6255437389405647 0.628232429342549 0.6309211197445332 0.634424348840761 0.638798338231383 0.643172327622005 0.6475463170126344 0.6519203064032565 0.6562942957938784 0.6606682851845004 0.6650422745751223 0.6694162639657444 -9999.0 -9999.0 -9999.0 -9999.0 -9999.0 -9999.0 -9999.0 -9999.0 -9999.0 -9999.0 -9999.0 -9999.0 -9999.0 -9999.0 -9999.0 -9999.0 -9999.0 -9999.0 -9999.0
0.5849075334264673 0.5874511048758437 0.5899946763252201 0.5925382477745964 0.5950818192239727 0.5976253906733491 0.6001689621227299 0.6027125335721062 0.6052561050214825 0.6077996764708589 0.6103432479202353 0.6128868193696116 0.615430390818988 0.6179739622683643 0.6205175337177407 0.6230611051671171 0.6266137710671797 0.6312451817674108 0.6358765924676419 0.6405080031678808 0.6451394138681119 0.649770824568343 0.6544022352685741 0.6590336459688051 0.6636650566690362 -9999.0 -9999.0 -9999.0 -9999.0 -9999.0 0.6914535208704226 -9999.0 -9999.0 -9999.0 -9999.0 -9999.0 -9999.0 -9999.0 -9999.0 -9999.0 -9999.0 -9999.0 -9999.0 -9999.0
0.5792243031381701 0.5816227556349386 0.584021208131707 0.5864196606284755 0.5888181131252439 0.5912165656220124 0.5936150181187849 0.5960134706155533 0.5984119231123218 0.6008103756090902 0.6032088281058587 0.6056072806026271 0.6080057330993957 0.610404185596164 0.6128026380929326 0.615201090589701 0.6188031932935986 0.6236920253034387 0.6285808573132788 0.6334696893231274 0.6383585213329676 0.6432473533428077 0.6481361853526478 0.653025017362488 0.6579138493723281 0.6628026813821682 -9999.0 -9999.0 -9999.0 0.6823580094215289 0.687246841431369 -9999.0 -9999.0 -9999.0 -9999.0 -9999.0 -9999.0 -9999.0 -9999.0 -9999.0 -9999.0 -9999.0 -9999.0 -9999.0
0.5735410728498729 0.5757944063940335 0.5780477399381939 0.5803010734823545 0.5825544070265151 0.5848077405706755 0.58706107411484 0.5893144076590004 0.591567741203161 0.5938210747473216 0.5960744082914821 0.5983277418356426 0.6005810753798032 0.6028344089239637 0.6050877424681242 0.6073410760122848 0.6109926155200173 0.6161388688394666 0.6212851221589157 0.6264313754783738 0.631577628797823 0.6367238821172723 0.6418701354367214 0.6470163887561707 0.6521626420756199 0.6573088953950692 -9999.0 -9999.0 -9999.0 0.6778939086728661 0.6830401619923153 -9999.0 -9999.0 -9999.0 -9999.0 -9999.0 -9999.0 -9999.0 -9999.0 -9999.0 -9999.0 -9999.0 -9999.0 -9999.0
0.5678578425615757 0.5699660571531283 0.572074271744681 0.5741824863362336 0.5762907009277862 0.5783989155193389 0.580507130110895 0.5826153447024477 0.5847235592940003 0.586831773885553 0.5889399884771056 0.5910482030686582 0.5931564176602109 0.5952646322517634 0.597372846843316 0.5994810614348687 0.6031820377464361 0.6085857123754944 0.6139893870045527 0.6193930616336203 0.6247967362626786 0.630200410891737 0.6356040855207953 0.6410077601498536 0.6464114347789118 0.6518151094079702 -9999.0 -9999.0 0.6680261332951452 0.6734298079242035 0.6788334825532618 -9999.0 -9999.0 -9999.0 -9999.0 -9999.0 -9999.0 -9999.0 -9999.0 -9999.0 -9999.0 -9999.0 -9999.0 -9999.0
0.5621746122732736 0.5641377079122182 0.5661008035511628 0.5680638991901074 0.570026994829052 0.5719900904679966 0.5739531861069446 0.5759162817458892 0.5778793773848337 0.5798424730237783 0.5818055686627229 0.5837686643016675 0.5857317599406121 0.5876948555795567 0.5896579512185014 0.591621046857446 0.5953714599728482 0.6010325559115158 0.6066936518501835 0.6123547477888608 0.6180158437275284 0.623676939666196 0.6293380356048637 0.6349991315435313 0.6406602274821989 0.6463213234208665 0.6519824193595342 0.6576435152982018 0.6633046112368693 0.6689657071755369 -9999.0 -9999.0 -9999.0 -9999.0 -9999.0 -9999.0 -9999.0 -9999.0 -9999.0 -9999.0 -9999.0 -9999.0 -9999.0 -9999.0
