Figures/CREST_Example_wjb_NSE/PETs/wjb.pet.20090502.asc
ncols            288
nrows            254
xllcorner        113.274861
yllcorner        31.4918055
cellsize         0.008333333333
NODATA_value     -9999
[rows 160 to 179 of 254, columns 88 to 131 of 288]
2.655460908715023 2.654166588376633 2.652872268038243 2.651577947699851 2.650283627361461 2.6489893070230712 2.6476949866846815 2.6464006663462913 2.6451063460079016 2.6438120256695115 2.6425177053311217 2.6412233849927316 2.639929064654342 2.638634744315952 2.637956611905 2.637937198321225 2.637917784737451 2.6378983711536765 2.637878957569902 2.637859543986128 2.6378401304023535 2.637820716818579 2.637801303234805 2.63778188965103 2.637762476067256 2.6377430624834814 2.637723648899707 2.637704235315933 2.6376848217321585 2.637665408148384 2.63764599456461 2.637626580980835 2.6376071673970607 2.6375877538132864 2.637568340229512 2.6375489266457377 2.6375295130619634 2.637510099478189 2.6374906858944147 2.6374712723106404 2.6374518587268656 2.6374324451430913 2.637413031559317 2.6373936179755426
2.6526560331991886 2.651186196840576 2.6497163604819636 2.6482465241233486 2.6467766877647363 2.6453068514061235 2.6438370150475112 2.642367178688899 2.6408973423302866 2.639427505971674 2.6379576696130616 2.6364878332544492 2.6350179968958365 2.633548160537224 2.632736866725512 2.632629569786872 2.632522272848232 2.632414975909592 2.632307678970952 2.6322003820323117 2.632093085093672 2.6319857881550317 2.6318784912163915 2.6317711942777517 2.6316638973391115 2.631556600400472 2.6314493034618316 2.6313420065231914 2.6312347095845516 2.6311274126459114 2.6310201157072712 2.6309128187686315 2.6308055218299913 2.630698224891351 2.6305909279527113 2.630483631014071 2.6303763340754314 2.630269037136791 2.630161740198151 2.630054443259511 2.629947146320871 2.6298398493822313 2.629732552443591 2.629625255504951
2.649851157683354 2.648205805304519 2.646560452925684 2.644915100546846 2.643269748168011 2.6416243957891763 2.6399790434103414 2.638333691031506 2.636688338652671 2.6350429862738363 2.6333976338950014 2.6317522815161665 2.6301069291373316 2.6284615767584962 2.6275171215460245 2.627321941252519 2.6271267609590128 2.626931580665507 2.6267364003720015 2.626541220078496 2.6263460397849903 2.6261508594914846 2.625955679197979 2.6257604989044734 2.6255653186109678 2.625370138317462 2.625174958023956 2.6249797777304504 2.624784597436945 2.624589417143439 2.624394236849933 2.6241990565564275 2.624003876262922 2.6238086959694162 2.6236135156759106 2.623418335382405 2.6232231550888994 2.6230279747953937 2.622832794501888 2.6226376142083825 2.622442433914877 2.6222472536213712 2.622052073327865 2.6218568930343595
2.647046282167517 2.6452254137684594 2.6434045453694015 2.641583676970341 2.639762808571283 2.6379419401722255 2.636121071773168 2.63430020337411 2.6324793349750526 2.6306584665759947 2.628837598176937 2.6270167297778797 2.6251958613788218 2.6233749929797643 2.6222973763665323 2.6220143127181608 2.6217312490697893 2.6214481854214178 2.6211651217730463 2.620882058124675 2.6205989944763037 2.6203159308279322 2.6200328671795607 2.6197498035311897 2.619466739882818 2.6191836762344467 2.618900612586075 2.618617548937704 2.6183344852893327 2.6180514216409607 2.6177683579925892 2.617485294344218 2.6172022306958467 2.616919167047475 2.616636103399104 2.6163530397507326 2.616069976102361 2.6157869124539896 2.6155038488056186 2.615220785157247 2.6149377215088756 2.6146546578605045 2.6143715942121326 2.614088530563761
2.644241406651682 2.642245022232402 2.640248637813122 2.6382522533938384 2.6362558689745583 2.634259484555278 2.6322631001359977 2.6302667157167177 2.6282703312974376 2.626273946878157 2.624277562458877 2.622281178039597 2.620284793620317 2.6182884092010363 2.6170776311870445 2.6167066841838076 2.61633573718057 2.615964790177333 2.615593843174096 2.615222896170859 2.614851949167622 2.614481002164385 2.6141100551611482 2.613739108157911 2.613368161154674 2.612997214151437 2.6126262671482 2.612255320144963 2.611884373141726 2.6115134261384885 2.6111424791352515 2.610771532132014 2.6104005851287773 2.6100296381255403 2.6096586911223034 2.6092877441190665 2.6089167971158296 2.608545850112592 2.6081749031093553 2.6078039561061184 2.6074330091028814 2.6070620620996445 2.6066911150964067 2.60632016809317
2.641436531135848 2.639264630696345 2.637092730256842 2.634920829817336 2.6327489293778332 2.6305770289383306 2.628405128498828 2.6262332280593252 2.624061327619822 2.6218894271803195 2.619717526740817 2.617545626301314 2.6153737258618115 2.613201825422309 2.611857886007557 2.6113990556494544 2.610940225291351 2.6104813949332484 2.6100225645751456 2.609563734217043 2.6091049038589404 2.6086460735008377 2.608187243142735 2.6077284127846325 2.6072695824265297 2.606810752068427 2.6063519217103246 2.605893091352222 2.605434260994119 2.6049754306360158 2.604516600277913 2.6040577699198106 2.603598939561708 2.603140109203605 2.6026812788455027 2.6022224484874 2.601763618129297 2.601304787771195 2.600845957413092 2.600387127054989 2.599928296696887 2.599469466338784 2.599010635980681 2.598551805622578
2.638631655620013 2.636284239160288 2.6339368227005626 2.6315894062408334 2.629241989781108 2.626894573321383 2.6245471568616576 2.6221997404019324 2.619852323942207 2.617504907482482 2.6151574910227566 2.6128100745630314 2.610462658103306 2.608115241643581 2.6066381408280694 2.6060914271151012 2.6055447134021317 2.6049979996891635 2.6044512859761952 2.603904572263227 2.603357858550259 2.6028111448372906 2.6022644311243224 2.601717717411354 2.6011710036983855 2.6006242899854173 2.600077576272449 2.599530862559481 2.5989841488465126 2.5984374351335435 2.5978907214205753 2.5973440077076067 2.5967972939946384 2.59625058028167 2.595703866568702 2.595157152855734 2.5946104391427656 2.5940637254297974 2.593517011716829 2.5929702980038605 2.5924235842908923 2.591876870577924 2.591330156864955 2.5907834431519867
2.6358267801041784 2.6333038476242305 2.6307809151442827 2.628257982664331 2.625735050184383 2.623212117704435 2.6206891852244873 2.6181662527445395 2.6156433202645917 2.613120387784644 2.610597455304696 2.608074522824748 2.6055515903448003 2.603028657864853 2.6014183956485812 2.6007837985807476 2.6001492015129126 2.5995146044450785 2.5988800073772444 2.598245410309411 2.5976108132415767 2.596976216173743 2.596341619105909 2.5957070220380754 2.5950724249702413 2.5944378279024076 2.5938032308345735 2.5931686337667395 2.592534036698906 2.591899439631071 2.5912648425632367 2.590630245495403 2.589995648427569 2.5893610513597354 2.5887264542919013 2.5880918572240676 2.5874572601562336 2.5868226630884 2.586188066020566 2.5855534689527317 2.584918871884898 2.584284274817064 2.583649677749229 2.5830150806813954
2.6330219045883436 2.6303234560881736 2.627625007588003 2.6249265590878283 2.622228110587658 2.6195296620874875 2.616831213587317 2.614132765087147 2.6114343165869767 2.6087358680868062 2.606037419586636 2.6033389710864654 2.6006405225862954 2.597942074086125 2.5961986504690935 2.595476170046394 2.594753689623693 2.5940312092009936 2.593308728778294 2.5925862483555946 2.591863767932895 2.5911412875101956 2.590418807087496 2.5896963266647965 2.588973846242097 2.5882513658193975 2.587528885396698 2.5868064049739985 2.586083924551299 2.585361444128598 2.5846389637058986 2.583916483283199 2.5831940028604996 2.5824715224378 2.5817490420151006 2.581026561592401 2.5803040811697016 2.579581600747002 2.5788591203243025 2.578136639901603 2.5774141594789035 2.576691679056204 2.575969198633503 2.5752467182108036
2.6302170290725093 2.6273430645521163 2.6244691000317237 2.621595135511326 2.618721170990933 2.6158472064705403 2.6129732419501472 2.6100992774297542 2.6072253129093617 2.6043513483889686 2.6014773838685756 2.598603419348183 2.59572945482779 2.592855490307397 2.590978905289606 2.590168541512041 2.589358177734474 2.588547813956909 2.5877374501793438 2.586927086401779 2.5861167226242134 2.5853063588466485 2.584495995069083 2.583685631291518 2.582875267513953 2.582064903736388 2.5812545399588225 2.5804441761812575 2.579633812403692 2.578823448626126 2.5780130848485605 2.5772027210709956 2.57639235729343 2.5755819935158653 2.5747716297383 2.573961265960735 2.5731509021831696 2.5723405384056046 2.5715301746280392 2.5707198108504743 2.569909447072909 2.569099083295344 2.5682887195177773 2.5674783557402123
2.6274121535566723 2.6243626730160567 2.621313192475441 2.61826371193482 2.615214231394205 2.6121647508535895 2.609115270312974 2.6060657897723583 2.6030163092317427 2.599966828691127 2.5969173481505115 2.5938678676098963 2.5908183870692807 2.587768906528665 2.585759160110114 2.584860912977683 2.5839626658452506 2.5830644187128198 2.582166171580389 2.5812679244479577 2.580369677315527 2.579471430183096 2.5785731830506653 2.5776749359182345 2.5767766887858037 2.575878441653373 2.5749801945209416 2.574081947388511 2.57318370025608 2.5722854531236474 2.5713872059912166 2.570488958858786 2.569590711726355 2.568692464593924 2.5677942174614934 2.566895970329062 2.5659977231966313 2.5650994760642005 2.5642012289317697 2.563302981799339 2.562404734666908 2.561506487534477 2.5606082404020447 2.559709993269614
2.624607278040838 2.62138228148 2.6181572849191617 2.614932288358318 2.61170729179748 2.6084822952366418 2.605257298675804 2.602032302114966 2.5988073055541276 2.5955823089932895 2.5923573124324517 2.5891323158716135 2.5859073193107753 2.582682322749937 2.580539414930626 2.5795532844433295 2.5785671539560315 2.577581023468735 2.5765948929814386 2.575608762494142 2.5746226320068453 2.573636501519549 2.5726503710322524 2.571664240544956 2.5706781100576594 2.5696919795703628 2.5687058490830665 2.56771971859577 2.5667335881084736 2.565747457621175 2.564761327133879 2.5637751966465823 2.5627890661592856 2.5618029356719894 2.5608168051846927 2.559830674697396 2.5588445442100998 2.557858413722803 2.556872283235507 2.55588615274821 2.5549000222609135 2.5539138917736173 2.552927761286319 2.5519416307990226
2.6218024025250033 2.6184018899439425 2.615001377362882 2.6116008647818156 2.608200352200755 2.6047998396196945 2.6013993270386337 2.597998814457573 2.5945983018765126 2.591197789295452 2.5877972767143915 2.5843967641333307 2.58099625155227 2.5775957389712096 2.5753196697511385 2.5742456559089764 2.5731716420668125 2.5720976282246504 2.5710236143824883 2.569949600540326 2.5688755866981636 2.5678015728560015 2.5667275590138394 2.5656535451716773 2.564579531329515 2.563505517487353 2.562431503645191 2.561357489803029 2.560283475960867 2.5592094621187025 2.5581354482765404 2.5570614344343783 2.555987420592216 2.554913406750054 2.553839392907892 2.55276537906573 2.5516913652235678 2.550617351381405 2.549543337539243 2.548469323697081 2.547395309854919 2.546321296012757 2.545247282170593 2.544173268328431
2.6189975270091685 2.6154214984078856 2.6118454698066023 2.608269441205313 2.60469341260403 2.601117384002747 2.597541355401464 2.5939653268001805 2.5903892981988976 2.5868132695976143 2.5832372409963313 2.579661212395048 2.576085183793765 2.5725091551924817 2.5700999245716507 2.568938027374623 2.5677761301775934 2.5666142329805655 2.565452335783538 2.56429043858651 2.5631285413894824 2.5619666441924545 2.5608047469954265 2.559642849798399 2.558480952601371 2.5573190554043435 2.5561571582073155 2.554995261010288 2.55383336381326 2.5526714666162302 2.5515095694192023 2.5503476722221747 2.5491857750251468 2.5480238778281192 2.5468619806310913 2.5457000834340637 2.5445381862370358 2.543376289040008 2.5422143918429803 2.5410524946459523 2.5398905974489248 2.538728700251897 2.537566803054867 2.5364049058578395
2.616192651493334 2.6124411068718283 2.6086895622503223 2.6049380176288106 2.6011864730073047 2.597434928385799 2.593683383764293 2.5899318391427877 2.586180294521282 2.582428749899776 2.5786772052782707 2.5749256606567648 2.5711741160352592 2.5674225714137533 2.564880179392163 2.5636303988402696 2.562380618288374 2.5611308377364805 2.559881057184587 2.5586312766326937 2.5573814960808003 2.556131715528907 2.5548819349770135 2.55363215442512 2.5523823738732268 2.5511325933213334 2.54988281276944 2.5486330322175466 2.547383251665653 2.5461334711137575 2.544883690561864 2.5436339100099707 2.5423841294580773 2.541134348906184 2.5398845683542906 2.538634787802397 2.5373850072505038 2.53613522669861 2.5348854461467165 2.533635665594823 2.5323858850429297 2.5311361044910363 2.529886323939141 2.5286365433872477
2.6133877759774995 2.609460715335771 2.605533654694043 2.601606594052308 2.5976795334105796 2.5937524727688515 2.5898254121271234 2.5858983514853953 2.5819712908436667 2.5780442302019386 2.5741171695602105 2.570190108918482 2.566263048276754 2.562335987635026 2.559660434212675 2.558322770305916 2.556985106399155 2.5556474424923956 2.554309778585637 2.5529721146788775 2.5516344507721187 2.5502967868653594 2.5489591229586006 2.5476214590518413 2.5462837951450825 2.5449461312383233 2.5436084673315644 2.542270803424805 2.5409331395180463 2.539595475611285 2.538257811704526 2.5369201477977668 2.535582483891008 2.5342448199842487 2.53290715607749 2.5315694921707306 2.5302318282639717 2.528894164357213 2.5275565004504537 2.526218836543695 2.5248811726369356 2.5235435087301767 2.5222058448234153 2.520868180916656
2.6105829004616625 2.6064803237997114 2.6023777471377607 2.5982751704758025 2.594172593813852 2.5900700171519007 2.58596744048995 2.581864863827999 2.577762287166048 2.573659710504097 2.5695571338421463 2.565454557180195 2.5613519805182445 2.5572494038562934 2.554440689033183 2.5530151417715583 2.551589594509931 2.5501640472483063 2.5487384999866816 2.547312952725057 2.545887405463432 2.5444618582018075 2.5430363109401823 2.5416107636785576 2.540185216416933 2.5387596691553083 2.5373341218936836 2.535908574632059 2.534483027370434 2.533057480108807 2.531631932847182 2.5302063855855574 2.5287808383239327 2.5273552910623076 2.525929743800683 2.524504196539058 2.5230786492774335 2.521653102015809 2.520227554754184 2.5188020074925594 2.5173764602309343 2.5159509129693096 2.5145253657076827 2.513099818446058
2.6077780249458278 2.6034999322636545 2.599221839581481 2.5949437468993 2.5906656542171267 2.5863875615349534 2.5821094688527797 2.5778313761706064 2.573553283488433 2.5692751908062594 2.564997098124086 2.560719005441913 2.556440912759739 2.552162820077566 2.5492209438536952 2.547707513237205 2.546194082620712 2.5446806520042218 2.543167221387731 2.541653790771241 2.5401403601547505 2.53862692953826 2.53711349892177 2.5356000683052793 2.534086637688789 2.5325732070722986 2.531059776455808 2.529546345839318 2.5280329152228274 2.5265194846063346 2.525006053989844 2.5234926233733534 2.5219791927568633 2.5204657621403728 2.5189523315238826 2.517438900907392 2.5159254702909015 2.5144120396744114 2.512898609057921 2.5113851784414307 2.50987174782494 2.5083583172084496 2.506844886591957 2.5053314559754662
2.604234171309526 2.599903979776051 2.595573788242575 2.5912435967090923 2.586913405175617 2.5825832136421414 2.578253022108666 2.5739228305751904 2.569592639041715 2.5652624475082395 2.5609322559747643 2.5566020644412886 2.5522718729078133 2.547941681374338 2.5449576083721177 2.543412566517161 2.541867524662202 2.5403224828072455 2.538777440952289 2.5372323990973324 2.535687357242376 2.5341423153874194 2.532597273532463 2.5310522316775064 2.52950718982255 2.5279621479675933 2.526417106112637 2.5248720642576803 2.5233270224027238 2.5217819805477646 2.520236938692808 2.5186918968378516 2.517146854982895 2.5156018131279385 2.514056771272982 2.5125117294180255 2.510966687563069 2.5094216457081124 2.507876603853156 2.5063315619981994 2.504786520143243 2.5032414782882864 2.501696436433327 2.5001513945783707
2.5999003966423273 2.5956500314317923 2.5913996662212577 2.5871493010107156 2.5828989358001806 2.5786485705896456 2.5743982053791106 2.570147840168576 2.565897474958041 2.561647109747506 2.557396744536971 2.5531463793264364 2.5488960141159014 2.5446456489053664 2.5417166145723953 2.540200112824413 2.538683611076428 2.5371671093284456 2.5356506075804632 2.534134105832481 2.5326176040844985 2.531101102336516 2.529584600588534 2.5280680988405515 2.526551597092569 2.525035095344587 2.5235185935966045 2.522002091848622 2.5204855901006398 2.5189690883526548 2.5174525866046724 2.51593608485669 2.5144195831087077 2.5129030813607254 2.511386579612743 2.5098700778647607 2.5083535761167783 2.506837074368796 2.5053205726208136 2.5038040708728313 2.502287569124849 2.5007710673768666 2.499254565628882 2.4977380638808997
