Figures/CREST_Example_wjb_NSE/PETs/wjb.pet.20100517.asc
ncols            288
nrows            254
xllcorner        113.274861
yllcorner        31.4918055
cellsize         0.008333333333
NODATA_value     -9999
[rows 20 to 39 of 254, columns 88 to 131 of 288]
1.700730635114311 1.700232140306313 1.699733645498315 1.699235150690316 1.698736655882318 1.69823816107432 1.6977396662663218 1.6972411714583238 1.6967426766503257 1.6962441818423277 1.6957456870343297 1.6952471922263317 1.6947486974183337 1.6942502026103354 1.6936395599949212 1.6929090288375825 1.6921784976802428 1.691447966522904 1.6907174353655654 1.689986904208227 1.6892563730508883 1.6885258418935496 1.687795310736211 1.6870647795788725 1.6863342484215338 1.6856037172641951 1.6848731861068564 1.684142654949518 1.6834121237921793 1.6826815926348395 1.6819510614775008 1.6812205303201622 1.6804899991628235 -9999.0 -9999.0 -9999.0 -9999.0 -9999.0 -9999.0 -9999.0 -9999.0 -9999.0 -9999.0 -9999.0
1.6993334410347802 1.6988095987670522 1.6982857564993241 1.6977619142315952 1.6972380719638671 1.696714229696139 1.696190387428411 1.695666545160683 1.6951427028929549 1.6946188606252268 1.6940950183574988 1.6935711760897707 1.6930473338220426 1.6925234915543146 1.6918966280396406 1.6911596324825477 1.6904226369254536 1.6896856413683607 1.688948645811268 1.688211650254175 1.6874746546970822 1.6867376591399894 1.6860006635828966 1.6852636680258037 1.6845266724687107 1.6837896769116178 1.683052681354525 1.6823156857974322 1.6815786902403393 1.6808416946832452 1.6801046991261523 1.6793677035690595 1.6786307080119667 -9999.0 -9999.0 -9999.0 -9999.0 -9999.0 -9999.0 -9999.0 -9999.0 -9999.0 -9999.0 -9999.0
1.697936246955249 1.697387057227791 1.696837867500333 1.696288677772874 1.695739488045416 1.6951902983179579 1.6946411085904998 1.6940919188630417 1.6935427291355836 1.6929935394081257 1.6924443496806676 1.6918951599532095 1.6913459702257514 1.6907967804982933 1.6901536960843597 1.6894102361275127 1.6886667761706644 1.6879233162138172 1.6871798562569702 1.6864363963001232 1.685692936343276 1.684949476386429 1.684206016429582 1.6834625564727348 1.6827190965158878 1.6819756365590406 1.6812321766021936 1.6804887166453466 1.6797452566884994 1.679001796731651 1.678258336774804 1.6775148768179569 1.6767714168611099 1.6760279569042627 1.6752844969474157 1.6745410369905687 -9999.0 1.6730541170768745 -9999.0 -9999.0 -9999.0 -9999.0 -9999.0 -9999.0
1.6965390528757183 1.6959645156885301 1.695389978501342 1.694815441314153 1.6942409041269648 1.693666366939777 1.6930918297525888 1.6925172925654006 1.6919427553782127 1.6913682181910246 1.6907936810038366 1.6902191438166485 1.6896446066294604 1.6890700694422724 1.6884107641290793 1.687660839772478 1.6869109154158752 1.686160991059274 1.6854110667026727 1.6846611423460713 1.68391121798947 1.6831612936328688 1.6824113692762674 1.681661444919666 1.6809115205630647 1.6801615962064635 1.6794116718498622 1.6786617474932608 1.6779118231366594 1.677161898780057 1.6764119744234556 1.6756620500668542 1.6749121257102528 1.6741622013536517 1.6734122769970503 1.672662352640449 1.6719124282838476 1.6711625039272464 1.670412579570645 -9999.0 -9999.0 -9999.0 -9999.0 -9999.0
1.695141858796187 1.694541974149269 1.693942089502351 1.6933422048554319 1.6927423202085137 1.6921424355615957 1.6915425509146775 1.6909426662677596 1.6903427816208414 1.6897428969739234 1.6891430123270053 1.6885431276800873 1.6879432430331691 1.6873433583862512 1.6866678321737985 1.685911443417443 1.685155054661086 1.6843986659047305 1.683642277148375 1.6828858883920195 1.682129499635664 1.6813731108793084 1.6806167221229527 1.6798603333665971 1.6791039446102416 1.678347555853886 1.6775911670975305 1.676834778341175 1.6760783895848195 1.6753220008284626 1.674565612072107 1.6738092233157515 1.673052834559396 1.6722964458030405 1.6715400570466847 1.6707836682903292 1.6700272795339737 1.6692708907776181 1.6685145020212626 -9999.0 -9999.0 -9999.0 -9999.0 -9999.0
1.693744664716656 1.693119432610008 1.69249420050336 1.691868968396711 1.6912437362900627 1.6906185041834147 1.6899932720767668 1.6893680399701185 1.6887428078634705 1.6881175757568225 1.6874923436501743 1.6868671115435263 1.6862418794368783 1.68561664733023 1.6849249002185178 1.6841620470624081 1.6833991939062969 1.6826363407501872 1.6818734875940775 1.6811106344379676 1.680347781281858 1.679584928125748 1.6788220749696383 1.6780592218135284 1.6772963686574187 1.6765335155013088 1.6757706623451991 1.6750078091890892 1.6742449560329795 1.6734821028768685 1.6727192497207586 1.671956396564649 1.671193543408539 1.6704306902524293 1.6696678370963194 1.6689049839402097 1.6681421307840998 1.66737927762799 1.6666164244718804 -9999.0 -9999.0 -9999.0 -9999.0 -9999.0
1.6923474706371253 1.6916968910707473 1.6910463115043692 1.6903957319379899 1.6897451523716118 1.6890945728052338 1.6884439932388557 1.6877934136724777 1.6871428341060994 1.6864922545397214 1.6858416749733434 1.6851910954069653 1.6845405158405873 1.6838899362742092 1.6831819682632374 1.6824126507073733 1.681643333151508 1.6808740155956439 1.6801046980397798 1.679335380483916 1.6785660629280519 1.6777967453721878 1.6770274278163237 1.6762581102604597 1.6754887927045956 1.6747194751487318 1.6739501575928677 1.6731808400370036 1.6724115224811396 1.6716422049252742 1.6708728873694103 1.6701035698135462 1.6693342522576822 1.668564934701818 1.667795617145954 1.66702629959009 1.6662569820342261 1.665487664478362 1.664718346922498 -9999.0 -9999.0 -9999.0 -9999.0 -9999.0
1.690950276557593 1.690274349531485 1.6895984225053768 1.6889224954792674 1.6882465684531593 1.6875706414270513 1.6868947144009432 1.686218787374835 1.685542860348727 1.684866933322619 1.6841910062965106 1.6835150792704026 1.6828391522442945 1.6821632252181864 1.681439036307955 1.6806632543523368 1.6798874723967172 1.6791116904410988 1.6783359084854805 1.6775601265298623 1.676784344574244 1.6760085626186259 1.6752327806630076 1.6744569987073892 1.673681216751771 1.6729054347961527 1.6721296528405345 1.6713538708849163 1.670578088929298 1.6698023069736785 1.66902652501806 1.6682507430624418 1.6674749611068236 1.6666991791512054 1.6659233971955871 1.665147615239969 1.6643718332843507 1.6635960513287322 1.662820269373114 1.6620444874174958 1.6612687054618775 1.6604929235062593 -9999.0 -9999.0
1.689284847403299 1.6886051747537842 1.6879255021042692 1.687245829454753 1.686566156805238 1.6858864841557228 1.6852068115062078 1.6845271388566927 1.6838474662071778 1.6831677935576628 1.6824881209081477 1.6818084482586326 1.6811287756091176 1.6804491029596025 1.679718056969291 1.6789320917160553 1.6781461264628184 1.6773601612095828 1.676574195956347 1.6757882307031113 1.6750022654498755 1.67421630019664 1.6734303349434043 1.6726443696901685 1.671858404436933 1.671072439183697 1.6702864739304615 1.6695005086772257 1.66871454342399 1.6679285781707531 1.6671426129175173 1.6663566476642817 1.6655706824110459 1.6647847171578103 1.6639987519045747 1.6632127866513389 1.6624268213981033 1.6616408561448675 1.6608548908916319 1.660068925638396 1.6592829603851604 1.6584969951319248 1.6577110298786877 1.656925064625452
1.687332691868589 1.6866723645965167 1.6860120373244443 1.685351710052371 1.6846913827802987 1.6840310555082263 1.683370728236154 1.6827104009640819 1.6820500736920094 1.6813897464199372 1.680729419147865 1.6800690918757928 1.6794087646037203 1.6787484373316481 1.678020543593491 1.6772204197753302 1.6764202959571681 1.6756201721390074 1.6748200483208466 1.6740199245026859 1.6732198006845254 1.6724196768663646 1.6716195530482039 1.6708194292300431 1.6700193054118824 1.6692191815937218 1.668419057775561 1.6676189339574004 1.6668188101392396 1.6660186863210775 1.6652185625029168 1.664418438684756 1.6636183148665955 1.6628181910484348 1.662018067230274 1.6612179434121133 1.6604178195939525 1.659617695775792 1.6588175719576312 1.6580174481394705 1.6572173243213097 1.656417200503149 1.655617076684987 1.6548169528668262
1.6853805363338787 1.6847395544392494 1.6840985725446198 1.6834575906499891 1.6828166087553595 1.68217562686073 1.6815346449661006 1.680893663071471 1.6802526811768415 1.6796116992822119 1.6789707173875825 1.678329735492953 1.6776887535983234 1.6770477717036938 1.676323030217691 1.6755087478346051 1.6746944654515181 1.6738801830684324 1.6730659006853466 1.6722516183022609 1.6714373359191752 1.6706230535360895 1.6698087711530036 1.668994488769918 1.6681802063868323 1.6673659240037466 1.6665516416206607 1.665737359237575 1.6649230768544894 1.6641087944714024 1.6632945120883165 1.6624802297052308 1.6616659473221451 1.6608516649390594 1.6600373825559736 1.6592231001728879 1.6584088177898022 1.6575945354067165 1.6567802530236306 1.655965970640545 1.6551516882574593 1.6543374058743736 1.6535231234912864 1.6527088411082007
1.6834283807991686 1.6828067442819816 1.682185107764795 1.681563471247607 1.6809418347304204 1.6803201982132334 1.6796985616960467 1.67907692517886 1.6784552886616733 1.6778336521444865 1.6772120156272996 1.6765903791101129 1.6759687425929262 1.6753471060757394 1.6746255168418906 1.67379707589388 1.672968634945868 1.672140193997857 1.6713117530498462 1.6704833121018356 1.6696548711538248 1.668826430205814 1.6679979892578034 1.6671695483097926 1.666341107361782 1.6655126664137712 1.6646842254657603 1.6638557845177497 1.663027343569739 1.6621989026217268 1.661370461673716 1.6605420207257053 1.6597135797776945 1.6588851388296837 1.658056697881673 1.6572282569336623 1.6563998159856517 1.6555713750376408 1.65474293408963 1.6539144931416194 1.6530860521936086 1.6522576112455978 1.6514291702975856 1.650600729349575
1.6814762252644584 1.6808739341247143 1.6802716429849702 1.6796693518452253 1.6790670607054812 1.6784647695657373 1.6778624784259932 1.6772601872862491 1.676657896146505 1.6760556050067612 1.6754533138670171 1.674851022727273 1.6742487315875292 1.673646440447785 1.6729280034660907 1.672085403953155 1.6712428044402179 1.6704002049272821 1.6695576054143462 1.6687150059014104 1.6678724063884747 1.667029806875539 1.6661872073626032 1.6653446078496674 1.6645020083367317 1.663659408823796 1.6628168093108602 1.6619742097979244 1.6611316102849887 1.6602890107720514 1.6594464112591156 1.6586038117461799 1.6577612122332441 1.6569186127203084 1.6560760132073726 1.6552334136944369 1.6543908141815011 1.6535482146685654 1.6527056151556296 1.6518630156426939 1.6510204161297581 1.6501778166168224 1.649335217103885 1.6484926175909493
1.6795240697297464 1.6789411239674452 1.678358178205144 1.6777752324428417 1.6771922866805404 1.6766093409182392 1.676026395155938 1.6754434493936368 1.6748605036313355 1.6742775578690343 1.6736946121067329 1.6731116663444316 1.6725287205821304 1.6719457748198292 1.6712304900902892 1.6703737320124283 1.669516973934566 1.6686602158567054 1.6678034577788445 1.6669466997009839 1.666089941623123 1.6652331835452623 1.6643764254674014 1.6635196673895407 1.6626629093116798 1.6618061512338191 1.6609493931559582 1.6600926350780976 1.6592358770002367 1.6583791189223744 1.6575223608445135 1.6566656027666529 1.655808844688792 1.6549520866109313 1.6540953285330704 1.6532385704552097 1.6523818123773488 1.6515250542994881 1.6506682962216273 1.6498115381437666 1.6489547800659057 1.648098021988045 1.6472412639101828 1.6463845058323219
1.6775719141950363 1.6770083138101777 1.676444713425319 1.6758811130404598 1.6753175126556012 1.6747539122707427 1.6741903118858843 1.6736267115010257 1.6730631111161673 1.6724995107313088 1.6719359103464502 1.6713723099615918 1.6708087095767332 1.6702451091918746 1.669532976714489 1.6686620600717033 1.6677911434289159 1.66692022678613 1.6660493101433442 1.6651783935005586 1.6643074768577728 1.663436560214987 1.6625656435722012 1.6616947269294153 1.6608238102866295 1.6599528936438437 1.6590819770010579 1.658211060358272 1.6573401437154862 1.656469227072699 1.6555983104299132 1.6547273937871274 1.6538564771443416 1.6529855605015558 1.65211464385877 1.6512437272159843 1.6503728105731985 1.6495018939304127 1.6486309772876269 1.647760060644841 1.6468891440020552 1.6460182273592694 1.6451473107164822 1.6442763940736964
1.6756197586603259 1.6750755036529101 1.6745312486454944 1.6739869936380778 1.673442738630662 1.6728984836232463 1.6723542286158306 1.6718099736084149 1.6712657186009992 1.6707214635935834 1.6701772085861677 1.669632953578752 1.6690886985713362 1.6685444435639205 1.667835463338689 1.6669503881309782 1.6660653129232659 1.6651802377155551 1.6642951625078442 1.6634100873001334 1.6625250120924226 1.6616399368847117 1.660754861677001 1.6598697864692902 1.6589847112615792 1.6580996360538685 1.6572145608461577 1.6563294856384467 1.655444410430736 1.6545593352230237 1.653674260015313 1.652789184807602 1.6519041095998912 1.6510190343921805 1.6501339591844695 1.6492488839767587 1.648363808769048 1.647478733561337 1.6465936583536263 1.6457085831459155 1.6448235079382045 1.6439384327304938 1.6430533575227815 1.6421682823150705
1.6736676031256157 1.6731426934956428 1.6726177838656697 1.6720928742356957 1.6715679646057229 1.6710430549757498 1.670518145345777 1.6699932357158038 1.669468326085831 1.6689434164558579 1.668418506825885 1.667893597195912 1.667368687565939 1.666843777935966 1.6661379499628888 1.665238716190253 1.6643394824176156 1.6634402486449797 1.662541014872344 1.6616417810997082 1.6607425473270723 1.6598433135544364 1.6589440797818007 1.6580448460091648 1.657145612236529 1.6562463784638932 1.6553471446912573 1.6544479109186214 1.6535486771459855 1.6526494433733483 1.6517502096007124 1.6508509758280765 1.6499517420554408 1.649052508282805 1.648153274510169 1.6472540407375333 1.6463548069648974 1.6454555731922615 1.6445563394196256 1.64365710564699 1.642757871874354 1.6418586381017182 1.640959404329081 1.640060170556445
1.6717154475909055 1.6712098833383753 1.670704319085845 1.670198754833314 1.6696931905807837 1.6691876263282535 1.6686820620757232 1.668176497823193 1.6676709335706628 1.6671653693181325 1.6666598050656023 1.666154240813072 1.6656486765605418 1.6651431123080114 1.6644404365870886 1.6635270442495278 1.6626136519119654 1.6617002595744046 1.6607868672368438 1.659873474899283 1.658960082561722 1.658046690224161 1.6571332978866002 1.6562199055490394 1.6553065132114786 1.6543931208739178 1.653479728536357 1.6525663361987961 1.651652943861235 1.6507395515236727 1.6498261591861119 1.648912766848551 1.6479993745109902 1.6470859821734294 1.6461725898358686 1.6452591974983077 1.644345805160747 1.6434324128231859 1.642519020485625 1.6416056281480642 1.6406922358105034 1.6397788434729426 1.6388654511353802 1.6379520587978194
1.6697632920561951 1.6692770731811077 1.6687908543060204 1.6683046354309319 1.6678184165558445 1.667332197680757 1.6668459788056695 1.6663597599305822 1.6658735410554946 1.6653873221804072 1.6649011033053196 1.6644148844302322 1.6639286655551446 1.6634424466800573 1.6627429232112887 1.6618153723088027 1.6608878214063154 1.6599602705038294 1.6590327196013437 1.6581051686988577 1.657177617796372 1.656250066893886 1.6553225159914002 1.6543949650889143 1.6534674141864285 1.6525398632839425 1.6516123123814568 1.6506847614789708 1.6497572105764848 1.6488296596739975 1.6479021087715116 1.6469745578690258 1.6460470069665398 1.645119456064054 1.644191905161568 1.6432643542590823 1.6423368033565964 1.6414092524541106 1.6404817015516246 1.639554150649139 1.638626599746653 1.637699048844167 1.6367714979416796 1.6358439470391937
1.667811136521485 1.6673442630238402 1.6668773895261955 1.66641051602855 1.6659436425309053 1.6654767690332606 1.6650098955356158 1.664543022037971 1.6640761485403264 1.6636092750426816 1.663142401545037 1.6626755280473922 1.6622086545497474 1.6617417810521027 1.6610454098354885 1.6601037003680776 1.6591619909006652 1.6582202814332543 1.6572785719658434 1.6563368624984325 1.6553951530310216 1.6544534435636107 1.6535117340961998 1.6525700246287889 1.651628315161378 1.650686605693967 1.6497448962265562 1.6488031867591453 1.6478614772917344 1.646919767824322 1.645978058356911 1.6450363488895001 1.6440946394220892 1.6431529299546785 1.6422112204872676 1.6412695110198567 1.6403278015524458 1.639386092085035 1.638444382617624 1.6375026731502131 1.6365609636828022 1.6356192542153913 1.6346775447479789 1.633735835280568
