Figures/CREST_Example_wjb_NSE/PETs/wjb.pet.20100422.asc
ncols            288
nrows            254
xllcorner        113.274861
yllcorner        31.4918055
cellsize         0.008333333333
NODATA_value     -9999
[rows 120 to 139 of 254, columns 132 to 175 of 288]
2.6164035390135685 2.617953618361377 2.6195036977091863 2.621053777056995 2.6226038564048038 2.624153935752613 2.6257040151004216 2.6272540944482308 2.6288041737960395 2.630354253143848 2.6319043324916573 2.6334544118394687 2.6350044911872774 2.6365545705350866 2.6381046498828953 2.6396547292307044 2.641204808578513 2.642754887926322 2.644304967274131 2.6458550466219397 2.647405125969749 2.6489552053175576 2.6505052846653663 2.6520553640131754 2.653605443360987 2.6551555227087955 2.6567056020566047 2.6582556814044134 2.6598057607522225 2.6613558401000312 2.6625597288084686 2.663393531892077 2.664227334975686 2.665061138059295 2.6658949411429034 2.666728744226512 2.6675625473101205 2.6683963503937305 2.6692301534773395 2.670063956560948 2.6708977596445567 2.6717315627281653 2.672565365811774 2.6733991688953824
2.61042501380053 2.61194471152653 2.6134644092525305 2.6149841069785307 2.616503804704531 2.6180235024305314 2.6195432001565315 2.6210628978825317 2.6225825956085322 2.6241022933345324 2.625621991060533 2.6271416887865358 2.628661386512536 2.6301810842385365 2.6317007819645366 2.6332204796905367 2.6347401774165373 2.6362598751425375 2.6377795728685376 2.639299270594538 2.6408189683205383 2.6423386660465384 2.643858363772539 2.645378061498539 2.646897759224542 2.6484174569505425 2.6499371546765427 2.651456852402543 2.6529765501285434 2.6544962478545435 2.6556872960859486 2.656527010573097 2.6573667250602457 2.658206439547394 2.6590461540345425 2.659885868521691 2.6607255830088397 2.6615652974959896 2.6624050119831377 2.6632447264702863 2.664084440957435 2.664924155444583 2.6657638699317316 2.6666035844188802
2.6044464885874916 2.605935804691683 2.607425120795875 2.6089144369000667 2.6104037530042583 2.6118930691084503 2.613382385212642 2.6148717013168334 2.616361017421025 2.617850333525217 2.6193396496294086 2.620828965733603 2.6223182818377944 2.6238075979419864 2.625296914046178 2.6267862301503695 2.6282755462545615 2.629764862358753 2.6312541784629446 2.6327434945671366 2.634232810671328 2.6357221267755198 2.6372114428797118 2.6387007589839033 2.6401900750880976 2.641679391192289 2.643168707296481 2.6446580234006727 2.6461473395048642 2.647636655609056 2.6488148633634285 2.649660489254117 2.6505061151448053 2.6513517410354934 2.6521973669261816 2.65304299281687 2.6538886187075583 2.654734244598248 2.6555798704889364 2.6564254963796246 2.6572711222703127 2.658116748161001 2.6589623740516894 2.6598079999423776
2.598467963374453 2.599926897856836 2.6013858323392194 2.6028447668216024 2.6043037013039854 2.6057626357863684 2.607221570268752 2.6086805047511348 2.6101394392335178 2.611598373715901 2.613057308198284 2.61451624268067 2.615975177163053 2.617434111645436 2.6188930461278193 2.6203519806102022 2.6218109150925852 2.6232698495749687 2.6247287840573517 2.6261877185397347 2.6276466530221176 2.629105587504501 2.630564521986884 2.632023456469267 2.6334823909516527 2.634941325434036 2.636400259916419 2.637859194398802 2.639318128881185 2.6407770633635685 2.6419424306409085 2.6427939679351367 2.643645505229365 2.644497042523593 2.645348579817821 2.646200117112049 2.647051654406277 2.6479031917005065 2.6487547289947346 2.649606266288963 2.650457803583191 2.651309340877419 2.652160878171647 2.653012415465875
2.5924894381614094 2.593917991021984 2.5953465438825583 2.596775096743133 2.5982036496037075 2.599632202464282 2.6010607553248564 2.6024893081854312 2.6039178610460056 2.60534641390658 2.6067749667671545 2.6082035196277316 2.609632072488306 2.6110606253488804 2.612489178209455 2.6139177310700297 2.615346283930604 2.6167748367911785 2.618203389651753 2.6196319425123273 2.621060495372902 2.6224890482334766 2.623917601094051 2.6253461539546254 2.6267747068152025 2.628203259675777 2.6296318125363514 2.6310603653969262 2.6324889182575006 2.633917471118075 2.6350699979183827 2.635927446616151 2.6367848953139186 2.6376423440116863 2.6384997927094545 2.639357241407222 2.6402146901049903 2.6410721388027594 2.641929587500527 2.6427870361982952 2.643644484896063 2.644501933593831 2.645359382291599 2.6462168309893666
2.586510912948371 2.587909084187137 2.589307255425903 2.590705426664669 2.592103597903435 2.593501769142201 2.5948999403809667 2.5962981116197326 2.5976962828584984 2.5990944540972643 2.6004926253360305 2.6018907965747986 2.6032889678135644 2.6046871390523303 2.6060853102910966 2.6074834815298624 2.6088816527686283 2.610279824007394 2.61167799524616 2.613076166484926 2.614474337723692 2.615872508962458 2.6172706802012238 2.6186688514399896 2.6200670226787577 2.621465193917524 2.62286336515629 2.6242615363950557 2.6256597076338215 2.6270578788725873 2.6281975651958627 2.6290609252971704 2.629924285398478 2.630787645499786 2.6316510056010936 2.6325143657024013 2.633377725803709 2.634241085905018 2.6351044460063258 2.6359678061076335 2.636831166208941 2.637694526310249 2.6385578864115566 2.6394212465128644
2.580532387735333 2.5819001773522903 2.5832679669692475 2.584635756586205 2.5860035462031625 2.58737133582012 2.588739125437077 2.5901069150540343 2.5914747046709916 2.592842494287949 2.594210283904906 2.595578073521866 2.5969458631388234 2.5983136527557806 2.599681442372738 2.601049231989695 2.6024170216066524 2.6037848112236097 2.605152600840567 2.6065203904575243 2.6078881800744815 2.609255969691439 2.6106237593083965 2.611991548925354 2.6133593385423133 2.6147271281592706 2.616094917776228 2.617462707393185 2.6188304970101424 2.6201982866270996 2.621325132473343 2.6221944039781904 2.623063675483038 2.6239329469878854 2.6248022184927327 2.6256714899975804 2.6265407615024277 2.6274100330072767 2.6282793045121244 2.6291485760169717 2.6300178475218194 2.6308871190266667 2.6317563905315144 2.6326256620363617
2.5745538625222943 2.575891270517443 2.5772286785125917 2.578566086507741 2.5799034945028896 2.5812409024980383 2.582578310493187 2.5839157184883357 2.5852531264834844 2.586590534478633 2.5879279424737818 2.5892653504689327 2.5906027584640814 2.59194016645923 2.593277574454379 2.594614982449528 2.5959523904446766 2.5972897984398253 2.598627206434974 2.5999646144301227 2.6013020224252714 2.60263943042042 2.603976838415569 2.6053142464107175 2.6066516544058684 2.607989062401017 2.609326470396166 2.610663878391315 2.6120012863864637 2.6133386943816124 2.614452699750823 2.6153278826592103 2.6162030655675976 2.617078248475985 2.617953431384372 2.6188286142927595 2.6197037972011468 2.6205789801095354 2.6214541630179227 2.62232934592631 2.6232045288346972 2.6240797117430845 2.624954894651472 2.625830077559859
2.5685753373092557 2.569882363682596 2.571189390055936 2.5724964164292765 2.5738034428026166 2.5751104691759568 2.576417495549297 2.577724521922637 2.579031548295977 2.5803385746693173 2.5816456010426574 2.5829526274159997 2.58425965378934 2.58556668016268 2.58687370653602 2.5881807329093602 2.5894877592827004 2.5907947856560405 2.5921018120293806 2.5934088384027207 2.594715864776061 2.5960228911494014 2.5973299175227416 2.5986369438960817 2.599943970269424 2.601250996642764 2.6025580230161043 2.6038650493894444 2.6051720757627845 2.6064791021361247 2.607580267028303 2.60846136134023 2.609342455652157 2.610223549964084 2.6111046442760113 2.6119857385879386 2.6128668328998654 2.613747927211794 2.6146290215237213 2.615510115835648 2.6163912101475755 2.6172723044595023 2.6181533987714296 2.619034493083357
2.5625968120962175 2.563873456847749 2.5651501015992806 2.566426746350812 2.5677033911023437 2.5689800358538752 2.570256680605407 2.5715333253569383 2.57280997010847 2.5740866148600015 2.575363259611533 2.576639904363067 2.5779165491145983 2.57919319386613 2.5804698386176614 2.581746483369193 2.5830231281207245 2.584299772872256 2.5855764176237876 2.586853062375319 2.5881297071268508 2.5894063518783823 2.590682996629914 2.5919596413814454 2.593236286132979 2.5945129308845107 2.5957895756360423 2.597066220387574 2.5983428651391054 2.599619509890637 2.600707834305783 2.60159484002125 2.6024818457367167 2.6033688514521836 2.6042558571676504 2.6051428628831172 2.606029868598584 2.6069168743140527 2.6078038800295196 2.6086908857449864 2.6095778914604533 2.61046489717592 2.611351902891387 2.6122389086068543
2.5566182868831793 2.5578645500129022 2.5591108131426252 2.560357076272348 2.561603339402071 2.562849602531794 2.564095865661517 2.56534212879124 2.566588391920963 2.567834655050686 2.569080918180409 2.5703271813101343 2.5715734444398572 2.5728197075695802 2.574065970699303 2.5753122338290257 2.5765584969587487 2.5778047600884717 2.5790510232181947 2.5802972863479177 2.5815435494776406 2.5827898126073636 2.5840360757370866 2.5852823388668096 2.586528601996535 2.5877748651262578 2.5890211282559807 2.5902673913857037 2.5915136545154267 2.5927599176451492 2.593835401583263 2.5947283187022694 2.5956212358212762 2.596514152940283 2.5974070700592895 2.5982999871782964 2.599192904297303 2.6000858214163114 2.6009787385353182 2.6018716556543247 2.6027645727733315 2.6036574898923384 2.6045504070113448 2.6054433241303516
2.550639761670136 2.55185564317805 2.5530715246859645 2.554287406193879 2.5555032877017934 2.5567191692097078 2.557935050717622 2.5591509322255366 2.5603668137334505 2.561582695241365 2.5627985767492794 2.564014458257196 2.56523033976511 2.5664462212730244 2.5676621027809388 2.568877984288853 2.5700938657967676 2.571309747304682 2.5725256288125964 2.5737415103205104 2.5749573918284248 2.576173273336339 2.5773891548442536 2.578605036352168 2.579820917860084 2.5810367993679986 2.582252680875913 2.5834685623838274 2.584684443891742 2.585900325399656 2.586962968860737 2.5878617973832836 2.58876062590583 2.5896594544283764 2.5905582829509233 2.5914571114734697 2.592355939996016 2.5932547685185643 2.5941535970411107 2.595052425563657 2.5959512540862035 2.5968500826087504 2.597748911131297 2.598647739653843
2.5446612364570975 2.545846736343203 2.5470322362293087 2.5482177361154146 2.5494032360015204 2.5505887358876262 2.551774235773732 2.5529597356598375 2.5541452355459433 2.555330735432049 2.556516235318155 2.5577017352042626 2.5588872350903684 2.5600727349764743 2.56125823486258 2.562443734748686 2.5636292346347918 2.564814734520897 2.566000234407003 2.567185734293109 2.5683712341792146 2.5695567340653205 2.5707422339514263 2.5719277338375317 2.5731132337236398 2.5742987336097456 2.575484233495851 2.576669733381957 2.5778552332680627 2.5790407331541685 2.580090536138217 2.5809952760643036 2.5819000159903895 2.582804755916476 2.5837094958425624 2.584614235768649 2.585518975694735 2.586423715620823 2.5873284555469094 2.5882331954729954 2.5891379353990818 2.590042675325168 2.5909474152512546 2.5918521551773406
2.5386827112440593 2.539837829508356 2.5409929477726534 2.5421480660369506 2.543303184301248 2.544458302565545 2.545613420829842 2.5467685390941392 2.5479236573584365 2.5490787756227338 2.5502338938870306 2.55138901215133 2.552544130415627 2.553699248679924 2.5548543669442214 2.5560094852085187 2.557164603472816 2.5583197217371128 2.55947484000141 2.5606299582657073 2.5617850765300045 2.562940194794302 2.5640953130585986 2.565250431322896 2.566405549587195 2.567560667851492 2.5687157861157894 2.5698709043800867 2.5710260226443835 2.5721811409086808 2.573218103415697 2.574128754745323 2.5750394060749495 2.5759500574045755 2.5768607087342015 2.5777713600638275 2.578682011393454 2.5795926627230816 2.5805033140527076 2.5814139653823336 2.5823246167119596 2.583235268041586 2.584145919371212 2.585056570700838
2.5327041860310207 2.5338289226735093 2.5349536593159976 2.5360783959584863 2.537203132600975 2.5383278692434637 2.539452605885952 2.5405773425284406 2.5417020791709293 2.542826815813418 2.543951552455906 2.5450762890983967 2.5462010257408854 2.547325762383374 2.5484504990258627 2.549575235668351 2.5506999723108397 2.5518247089533284 2.552949445595817 2.5540741822383057 2.555198918880794 2.5563236555232827 2.5574483921657714 2.55857312880826 2.5596978654507505 2.5608226020932388 2.5619473387357274 2.563072075378216 2.564196812020705 2.565321548663193 2.566345670693177 2.567262233426343 2.568178796159509 2.569095358892675 2.5700119216258406 2.5709284843590066 2.5718450470921725 2.5727616098253403 2.573678172558506 2.574594735291672 2.575511298024838 2.576427860758004 2.5773444234911698 2.5782609862243357
2.5267256608179824 2.5278200158386626 2.5289143708593422 2.5300087258800223 2.5311030809007025 2.532197435921382 2.5332917909420622 2.5343861459627424 2.535480500983422 2.536574856004102 2.5376692110247823 2.538763566045464 2.539857921066144 2.540952276086824 2.542046631107504 2.543140986128184 2.544235341148864 2.545329696169544 2.546424051190224 2.5475184062109038 2.548612761231584 2.549707116252264 2.550801471272944 2.5518958262936238 2.5529901813143057 2.5540845363349858 2.555178891355666 2.5562732463763456 2.5573676013970257 2.558461956417706 2.559473237970657 2.5603957121073626 2.5613181862440686 2.562240660380774 2.56316313451748 2.5640856086541857 2.565008082790891 2.5659305569275985 2.5668530310643045 2.56777550520101 2.568697979337716 2.5696204534744216 2.570542927611127 2.571465401747833
2.520747135604944 2.5218111090038153 2.5228750824026864 2.523939055801558 2.5250030292004295 2.5260670025993006 2.527130975998172 2.5281949493970437 2.529258922795915 2.5303228961947863 2.531386869593658 2.532450842992531 2.5335148163914023 2.534578789790274 2.5356427631891454 2.5367067365880165 2.537770709986888 2.5388346833857596 2.5398986567846307 2.540962630183502 2.5420266035823738 2.543090576981245 2.5441545503801164 2.545218523778988 2.5462824971778613 2.5473464705767324 2.548410443975604 2.5494744173744754 2.5505383907733465 2.551602364172218 2.552600805248137 2.5535291907883826 2.554457576328628 2.5553859618688737 2.5563143474091192 2.5572427329493648 2.5581711184896103 2.559099504029857 2.5600278895701027 2.5609562751103483 2.561884660650594 2.5628130461908394 2.563741431731085 2.5646698172713305
2.5147686103919002 2.515802202168963 2.5168357939460257 2.5178693857230887 2.5189029775001512 2.519936569277214 2.520970161054277 2.5220037528313397 2.5230373446084027 2.524070936385465 2.525104528162528 2.5261381199395925 2.5271717117166554 2.5282053034937184 2.529238895270781 2.530272487047844 2.5313060788249064 2.5323396706019694 2.5333732623790324 2.534406854156095 2.535440445933158 2.5364740377102204 2.5375076294872834 2.5385412212643463 2.5395748130414106 2.5406084048184736 2.541641996595536 2.542675588372599 2.543709180149662 2.5447427719267246 2.5457283725256112 2.546662669469397 2.547596966413182 2.5485312633569674 2.5494655603007526 2.550399857244538 2.551334154188323 2.55226845113211 2.5532027480758956 2.5541370450196808 2.5550713419634663 2.5560056389072514 2.556939935851037 2.557874232794822
2.508790085178862 2.5097932953341164 2.5107965054893704 2.511799715644625 2.5128029257998787 2.513806135955133 2.514809346110387 2.5158125562656415 2.5168157664208954 2.51781897657615 2.518822186731404 2.51982539688666 2.520828607041914 2.5218318171971683 2.5228350273524223 2.5238382375076767 2.524841447662931 2.525844657818185 2.5268478679734394 2.5278510781286934 2.5288542882839478 2.5298574984392017 2.530860708594456 2.53186391874971 2.5328671289049662 2.53387033906022 2.5348735492154746 2.5358767593707285 2.536879969525983 2.537883179681237 2.538855939803091 2.5397961481504163 2.5407363564977414 2.5416765648450665 2.5426167731923917 2.543556981539717 2.5444971898870423 2.5454373982343688 2.546377606581694 2.547317814929019 2.548258023276344 2.5491982316236697 2.5501384399709948 2.55107864831832
2.5028115599658234 2.503784388499269 2.5047572170327146 2.5057300455661604 2.506702874099606 2.5076757026330516 2.508648531166497 2.509621359699943 2.510594188233388 2.511567016766834 2.5125398453002794 2.513512673833727 2.5144855023671724 2.515458330900618 2.5164311594340636 2.5174039879675094 2.518376816500955 2.5193496450344006 2.520322473567846 2.521295302101292 2.522268130634737 2.523240959168183 2.5242137877016284 2.5251866162350742 2.5261594447685214 2.527132273301967 2.5281051018354126 2.5290779303688584 2.530050758902304 2.5310235874357496 2.531983507080571 2.5329296268314363 2.533875746582301 2.534821866333166 2.535767986084031 2.536714105834896 2.537660225585761 2.5386063453366274 2.5395524650874925 2.540498584838357 2.5414447045892223 2.542390824340087 2.543336944090952 2.5442830638418172
