Figures/CREST_Example_wjb_NSE/PETs/wjb.pet.20100112.asc
ncols            288
nrows            254
xllcorner        113.274861
yllcorner        31.4918055
cellsize         0.008333333333
NODATA_value     -9999
[rows 57 to 75 of 254, columns 44 to 87 of 288]
0.682144830900999 0.6823784142459955 0.682611997590992 0.6828455809359885 0.683079164280985 0.6833127476259815 0.6835463309709779 0.6837799143159745 0.6840134976609714 0.6842470810059679 0.6844806643509643 0.6847142476959609 0.6849478310409574 0.6851814143859538 0.6854149977309504 0.6856485810759468 0.6858821644209433 0.6861157477659399 0.6863493311109363 0.6865829144559328 0.6868164978009293 0.6870500811459263 0.6872836644909227 0.6875172478359192 0.6877508311809157 0.6879844145259122 0.6882179978709086 0.6884515812159052 0.6889954032503727 0.6898708774571584 0.6907463516639442 0.69162182587073 0.6924973000775158 0.6933727742843016 0.6942482484910888 0.6951237226978746 0.6959991969046603 0.6968746711114461 0.6977501453182319 0.6986256195250177 0.6995010937318034 0.7003765679385892 0.701252042145375 0.7021275163521608
0.6831347724596825 0.6833750476976165 0.6836153229355504 0.6838555981734844 0.6840958734114183 0.6843361486493523 0.6845764238872862 0.6848166991252203 0.6850569743631546 0.6852972496010886 0.6855375248390225 0.6857778000769565 0.6860180753148905 0.6862583505528245 0.6864986257907584 0.6867389010286924 0.6869791762666264 0.6872194515045603 0.6874597267424943 0.6877000019804282 0.6879402772183623 0.6881805524562966 0.6884208276942306 0.6886611029321645 0.6889013781700986 0.6891416534080325 0.6893819286459665 0.6896222038839004 0.6901657000954557 0.6910333463824432 0.6919009926694307 0.6927686389564183 0.6936362852434057 0.6945039315303932 0.6953715778173822 0.6962392241043697 0.6971068703913572 0.6979745166783448 0.6988421629653322 0.6997098092523197 0.7005774555393072 0.7014451018262947 0.7023127481132823 0.7031803944002697
0.6845669361908978 0.6847973110360299 0.6850276858811621 0.6852580607262944 0.6854884355714265 0.6857188104165587 0.6859491852616908 0.686179560106823 0.6864099349519556 0.6866403097970877 0.6868706846422199 0.6871010594873521 0.6873314343324842 0.6875618091776164 0.6877921840227486 0.6880225588678808 0.6882529337130129 0.6884833085581451 0.6887136834032772 0.6889440582484094 0.6891744330935416 0.6894048079386742 0.6896351827838063 0.6898655576289385 0.6900959324740706 0.6903263073192029 0.690556682164335 0.6907870570094672 0.6913052986827565 0.6921312765028801 0.6929572543230037 0.6937832321431273 0.6946092099632509 0.6954351877833745 0.6962611656034996 0.6970871434236231 0.6979131212437467 0.6987390990638703 0.6995650768839939 0.7003910547041176 0.7012170325242412 0.7020430103443648 0.7028689881644884 0.703694965984612
0.6859990999221117 0.6862195743744421 0.6864400488267725 0.6866605232791029 0.6868809977314333 0.6871014721837636 0.687321946636094 0.6875424210884244 0.6877628955407552 0.6879833699930856 0.6882038444454159 0.6884243188977464 0.6886447933500768 0.6888652678024071 0.6890857422547375 0.6893062167070679 0.6895266911593984 0.6897471656117287 0.6899676400640591 0.6901881145163895 0.6904085889687198 0.6906290634210507 0.690849537873381 0.6910700123257114 0.6912904867780418 0.6915109612303721 0.6917314356827026 0.691951910135033 0.6924448972700563 0.6932292066233161 0.6940135159765758 0.6947978253298356 0.6955821346830953 0.6963664440363551 0.6971507533896161 0.6979350627428759 0.6987193720961357 0.6995036814493953 0.7002879908026551 0.7010723001559148 0.7018566095091746 0.7026409188624343 0.7034252282156941 0.7042095375689538
0.6874312636533257 0.6876418377128544 0.687852411772383 0.6880629858319115 0.6882735598914401 0.6884841339509687 0.6886947080104974 0.688905282070026 0.689115856129555 0.6893264301890836 0.6895370042486121 0.6897475783081407 0.6899581523676693 0.690168726427198 0.6903793004867266 0.6905898745462551 0.6908004486057837 0.6910110226653123 0.691221596724841 0.6914321707843696 0.6916427448438982 0.6918533189034272 0.6920638929629557 0.6922744670224843 0.6924850410820129 0.6926956151415415 0.6929061892010702 0.6931167632605987 0.6935844958573562 0.694327136743752 0.6950697776301479 0.6958124185165437 0.6965550594029397 0.6972977002893356 0.6980403411757327 0.6987829820621285 0.6995256229485244 0.7002682638349204 0.7010109047213162 0.7017535456077121 0.7024961864941079 0.7032388273805038 0.7039814682668997 0.7047241091532955
0.6888634273845398 0.6890641010512666 0.6892647747179934 0.6894654483847202 0.6896661220514471 0.6898667957181739 0.6900674693849007 0.6902681430516274 0.6904688167183546 0.6906694903850814 0.6908701640518082 0.6910708377185351 0.6912715113852619 0.6914721850519887 0.6916728587187155 0.6918735323854424 0.6920742060521692 0.692274879718896 0.6924755533856228 0.6926762270523497 0.6928769007190765 0.6930775743858036 0.6932782480525305 0.6934789217192572 0.693679595385984 0.6938802690527108 0.6940809427194377 0.6942816163861645 0.694724094444656 0.6954250668641879 0.69612603928372 0.696827011703252 0.697527984122784 0.698228956542316 0.6989299289618492 0.6996309013813813 0.7003318738009132 0.7010328462204453 0.7017338186399773 0.7024347910595092 0.7031357634790413 0.7038367358985733 0.7045377083181054 0.7052386807376373
0.6902955911157538 0.6904863643896788 0.6906771376636038 0.6908679109375289 0.6910586842114539 0.6912494574853789 0.6914402307593039 0.691631004033229 0.6918217773071543 0.6920125505810794 0.6922033238550044 0.6923940971289294 0.6925848704028544 0.6927756436767795 0.6929664169507045 0.6931571902246296 0.6933479634985547 0.6935387367724797 0.6937295100464047 0.6939202833203297 0.6941110565942548 0.6943018298681801 0.6944926031421051 0.6946833764160302 0.6948741496899552 0.6950649229638802 0.6952556962378053 0.6954464695117303 0.6958636930319558 0.6965229969846239 0.697182300937292 0.6978416048899603 0.6985009088426284 0.6991602127952965 0.6998195167479658 0.7004788207006339 0.701138124653302 0.7017974286059703 0.7024567325586384 0.7031160365113065 0.7037753404639747 0.7044346444166428 0.705093948369311 0.7057532523219792
0.6917277548469678 0.691908627728091 0.6920895006092143 0.6922703734903375 0.6924512463714608 0.692632119252584 0.6928129921337073 0.6929938650148305 0.6931747378959541 0.6933556107770773 0.6935364836582005 0.6937173565393238 0.6938982294204471 0.6940791023015703 0.6942599751826936 0.6944408480638168 0.69462172094494 0.6948025938260632 0.6949834667071865 0.6951643395883098 0.695345212469433 0.6955260853505566 0.6957069582316798 0.6958878311128031 0.6960687039939263 0.6962495768750495 0.6964304497561727 0.6966113226372961 0.6970032916192556 0.6976209271050599 0.6982385625908641 0.6988561980766684 0.6994738335624727 0.700091469048277 0.7007091045340823 0.7013267400198866 0.7019443755056909 0.7025620109914952 0.7031796464772995 0.7037972819631038 0.704414917448908 0.7050325529347123 0.7056501884205166 0.7062678239063209
0.6931599185781818 0.6933308910665033 0.6935018635548247 0.6936728360431462 0.6938438085314677 0.6940147810197891 0.6941857535081106 0.6943567259964321 0.6945276984847538 0.6946986709730752 0.6948696434613967 0.6950406159497182 0.6952115884380397 0.6953825609263611 0.6955535334146825 0.695724505903004 0.6958954783913255 0.6960664508796469 0.6962374233679683 0.6964083958562899 0.6965793683446113 0.6967503408329331 0.6969213133212545 0.6970922858095759 0.6972632582978975 0.6974342307862189 0.6976052032745403 0.6977761757628618 0.6981428902065554 0.6987188572254959 0.6992948242444362 0.6998707912633767 0.7004467582823171 0.7010227253012575 0.7015986923201989 0.7021746593391394 0.7027506263580797 0.7033265933770202 0.7039025603959607 0.704478527414901 0.7050544944338415 0.7056304614527819 0.7062064284717223 0.7067823954906627
0.6945920823093971 0.6947531544049167 0.6949142265004363 0.6950752985959561 0.6952363706914757 0.6953974427869953 0.6955585148825151 0.6957195869780347 0.6958806590735547 0.6960417311690743 0.6962028032645939 0.6963638753601137 0.6965249474556333 0.696686019551153 0.6968470916466727 0.6970081637421923 0.697169235837712 0.6973303079332317 0.6974913800287513 0.697652452124271 0.6978135242197906 0.6979745963153106 0.6981356684108303 0.6982967405063499 0.6984578126018696 0.6986188846973893 0.6987799567929089 0.6989410288884286 0.6992824887938562 0.6998167873459327 0.7003510858980092 0.7008853844500857 0.7014196830021623 0.7019539815542388 0.7024882801063163 0.7030225786583928 0.7035568772104693 0.7040911757625458 0.7046254743146223 0.7051597728666988 0.7056940714187754 0.7062283699708519 0.7067626685229285 0.7072969670750049
0.6960242460406111 0.6961754177433289 0.6963265894460469 0.6964777611487647 0.6966289328514825 0.6967801045542005 0.6969312762569183 0.6970824479596361 0.6972336196623543 0.6973847913650723 0.6975359630677901 0.6976871347705079 0.6978383064732259 0.6979894781759437 0.6981406498786615 0.6982918215813795 0.6984429932840973 0.6985941649868153 0.6987453366895331 0.6988965083922509 0.6990476800949689 0.699198851797687 0.6993500235004049 0.6995011952031227 0.6996523669058407 0.6998035386085585 0.6999547103112763 0.7001058820139943 0.7004220873811559 0.7009147174663686 0.7014073475515812 0.7018999776367939 0.7023926077220065 0.7028852378072192 0.7033778678924327 0.7038704979776453 0.7043631280628581 0.7048557581480707 0.7053483882332834 0.705841018318496 0.7063336484037087 0.7068262784889213 0.707318908574134 0.7078115386593467
0.6974564097718251 0.6975976810817411 0.6977389523916573 0.6978802237015733 0.6980214950114895 0.6981627663214055 0.6983040376313217 0.6984453089412377 0.698586580251154 0.6987278515610701 0.6988691228709862 0.6990103941809023 0.6991516654908184 0.6992929368007345 0.6994342081106506 0.6995754794205666 0.6997167507304828 0.6998580220403988 0.699999293350315 0.700140564660231 0.7002818359701471 0.7004231072800635 0.7005643785899796 0.7007056498998957 0.7008469212098117 0.7009881925197279 0.7011294638296439 0.7012707351395601 0.7015616859684557 0.7020126475868045 0.7024636092051533 0.7029145708235021 0.703365532441851 0.7038164940601997 0.7042674556785493 0.7047184172968981 0.7051693789152469 0.7056203405335957 0.7060713021519445 0.7065222637702933 0.706973225388642 0.7074241870069908 0.7078751486253396 0.7083261102436884
0.6988885735030391 0.6990199444201534 0.6991513153372677 0.6992826862543821 0.6994140571714963 0.6995454280886106 0.6996767990057249 0.6998081699228392 0.6999395408399538 0.700070911757068 0.7002022826741824 0.7003336535912967 0.700465024508411 0.7005963954255253 0.7007277663426396 0.7008591372597539 0.7009905081768683 0.7011218790939825 0.7012532500110968 0.7013846209282111 0.7015159918453254 0.70164736276244 0.7017787336795542 0.7019101045966686 0.7020414755137828 0.7021728464308972 0.7023042173480115 0.7024355882651258 0.7027012845557555 0.7031105777072405 0.7035198708587254 0.7039291640102103 0.7043384571616953 0.7047477503131803 0.7051570434646659 0.7055663366161508 0.7059756297676357 0.7063849229191207 0.7067942160706056 0.7072035092220905 0.7076128023735755 0.7080220955250605 0.7084313886765453 0.7088406818280303
0.700320737234253 0.7004422077585656 0.700563678282878 0.7006851488071906 0.7008066193315031 0.7009280898558157 0.7010495603801281 0.7011710309044407 0.7012925014287534 0.701413971953066 0.7015354424773784 0.701656913001691 0.7017783835260035 0.7018998540503161 0.7020213245746285 0.7021427950989411 0.7022642656232536 0.7023857361475662 0.7025072066718786 0.7026286771961912 0.7027501477205037 0.7028716182448164 0.7029930887691289 0.7031145592934415 0.703236029817754 0.7033575003420666 0.703478970866379 0.7036004413906916 0.7038408831430554 0.7042085078276764 0.7045761325122974 0.7049437571969186 0.7053113818815396 0.7056790065661607 0.7060466312507824 0.7064142559354035 0.7067818806200246 0.7071495053046456 0.7075171299892666 0.7078847546738878 0.7082523793585088 0.7086200040431299 0.708987628727751 0.709355253412372
0.701752900965467 0.7018644710969778 0.7019760412284886 0.7020876113599992 0.70219918149151 0.7023107516230207 0.7024223217545315 0.7025338918860422 0.7026454620175532 0.7027570321490638 0.7028686022805746 0.7029801724120853 0.7030917425435961 0.7032033126751068 0.7033148828066176 0.7034264529381283 0.703538023069639 0.7036495932011497 0.7037611633326605 0.7038727334641712 0.703984303595682 0.704095873727193 0.7042074438587036 0.7043190139902143 0.7044305841217251 0.7045421542532359 0.7046537243847466 0.7047652945162574 0.7049804817303551 0.7053064379481123 0.7056323941658695 0.7059583503836268 0.706284306601384 0.7066102628191412 0.706936219036899 0.7072621752546562 0.7075881314724134 0.7079140876901706 0.7082400439079278 0.7085660001256849 0.7088919563434422 0.7092179125611994 0.7095438687789566 0.7098698249967138
0.7031850646966823 0.7032867344353912 0.7033884041741002 0.703490073912809 0.703591743651518 0.703693413390227 0.7037950831289359 0.7038967528676449 0.703998422606354 0.7041000923450629 0.7042017620837718 0.7043034318224808 0.7044051015611897 0.7045067712998987 0.7046084410386076 0.7047101107773166 0.7048117805160256 0.7049134502547345 0.7050151199934435 0.7051167897321524 0.7052184594708614 0.7053201292095704 0.7054217989482794 0.7055234686869883 0.7056251384256973 0.7057268081644062 0.7058284779031152 0.7059301476418242 0.7061200803176559 0.7064043680685492 0.7066886558194425 0.7069729435703359 0.7072572313212292 0.7075415190721225 0.7078258068230163 0.7081100945739096 0.7083943823248029 0.7086786700756962 0.7089629578265895 0.7092472455774829 0.7095315333283762 0.7098158210792694 0.7101001088301627 0.7103843965810561
0.7046172284278963 0.7047089977738035 0.7048007671197106 0.7048925364656178 0.7049843058115249 0.7050760751574321 0.7051678445033392 0.7052596138492464 0.7053513831951537 0.7054431525410608 0.705534921886968 0.7056266912328751 0.7057184605787823 0.7058102299246894 0.7059019992705966 0.7059937686165039 0.706085537962411 0.7061773073083182 0.7062690766542253 0.7063608460001325 0.7064526153460396 0.7065443846919469 0.7066361540378541 0.7067279233837612 0.7068196927296684 0.7069114620755755 0.7070032314214827 0.7070950007673898 0.7072596789049558 0.7075022981889852 0.7077449174730147 0.7079875367570441 0.7082301560410735 0.708472775325103 0.7087153946091329 0.7089580138931623 0.7092006331771917 0.7094432524612212 0.7096858717452507 0.7099284910292801 0.7101711103133096 0.710413729597339 0.7106563488813684 0.7108989681653979
0.7060493921591103 0.7061312611122157 0.706213130065321 0.7062949990184264 0.7063768679715318 0.7064587369246371 0.7065406058777426 0.706622474830848 0.7067043437839534 0.7067862127370588 0.7068680816901641 0.7069499506432695 0.707031819596375 0.7071136885494803 0.7071955575025857 0.707277426455691 0.7073592954087964 0.7074411643619017 0.7075230333150071 0.7076049022681126 0.7076867712212179 0.7077686401743234 0.7078505091274288 0.7079323780805341 0.7080142470336396 0.7080961159867449 0.7081779849398503 0.7082598538929556 0.7083992774922556 0.7086002283094212 0.7088011791265867 0.7090021299437523 0.7092030807609179 0.7094040315780835 0.7096049823952494 0.709805933212415 0.7100068840295806 0.7102078348467462 0.7104087856639117 0.7106097364810773 0.7108106872982429 0.7110116381154085 0.7112125889325741 0.7114135397497396
0.7074815558903244 0.7075535244506279 0.7076254930109315 0.707697461571235 0.7077694301315387 0.7078413986918423 0.7079133672521458 0.7079853358124494 0.7080573043727532 0.7081292729330567 0.7082012414933603 0.708273210053664 0.7083451786139675 0.7084171471742711 0.7084891157345746 0.7085610842948783 0.7086330528551819 0.7087050214154854 0.708776989975789 0.7088489585360926 0.7089209270963962 0.7089928956566999 0.7090648642170034 0.7091368327773071 0.7092088013376107 0.7092807698979142 0.7093527384582178 0.7094247070185214 0.7095388760795553 0.7096981584298571 0.7098574407801588 0.7100167231304605 0.7101760054807622 0.7103352878310639 0.710494570181366 0.7106538525316677 0.7108131348819694 0.7109724172322711 0.7111316995825728 0.7112909819328745 0.7114502642831763 0.711609546633478 0.7117688289837797 0.7119281113340814
