Figures/CREST_Example_wjb_NSE/PETs/wjb.pet.20100128.asc
ncols            288
nrows            254
xllcorner        113.274861
yllcorner        31.4918055
cellsize         0.008333333333
NODATA_value     -9999
[rows 114 to 132 of 254, columns 44 to 87 of 288]
0.9121418428987973 0.9122273784816548 0.9123129140645123 0.9123984496473698 0.9124839852302274 0.912569520813085 0.9126550563959425 0.9127405919788 0.9128261275616577 0.9129116631445152 0.9129971987273727 0.9130827343102303 0.9131682698930879 0.9132538054759454 0.9133393410588029 0.9134248766416605 0.913510412224518 0.9135959478073755 0.913681483390233 0.9137670189730907 0.9138525545559482 0.9139380901388058 0.9140236257216634 0.9141091613045209 0.9141946968873784 0.9142802324702359 0.9143657680530936 0.9144513036359511 0.9145151896449308 0.9145559317700239 0.914596673895117 0.91463741602021 0.9146781581453031 0.914718900270396 0.9147596423954891 0.9148003845205822 0.9148411266456753 0.9148818687707683 0.9149226108958614 0.9149633530209543 0.9150040951460474 0.9150448372711405 0.9150855793962335 0.9151263215213266
0.9108980494858401 0.910985290571238 0.9110725316566359 0.9111597727420339 0.9112470138274318 0.9113342549128297 0.9114214959982276 0.9115087370836256 0.9115959781690236 0.9116832192544215 0.9117704603398195 0.9118577014252174 0.9119449425106153 0.9120321835960132 0.9121194246814112 0.9122066657668091 0.912293906852207 0.9123811479376049 0.9124683890230029 0.9125556301084008 0.9126428711937988 0.9127301122791969 0.9128173533645948 0.9129045944499927 0.9129918355353907 0.9130790766207886 0.9131663177061865 0.9132535587915844 0.9133302905827967 0.9133957877009508 0.9134612848191049 0.913526781937259 0.9135922790554131 0.9136577761735671 0.9137232732917213 0.9137887704098755 0.9138542675280296 0.9139197646461836 0.9139852617643377 0.9140507588824918 0.9141162560006459 0.9141817531188 0.9142472502369541 0.9143127473551081
0.909654256072883 0.9097432026608212 0.9098321492487595 0.9099210958366979 0.9100100424246362 0.9100989890125746 0.9101879356005128 0.9102768821884512 0.9103658287763896 0.910454775364328 0.9105437219522663 0.9106326685402046 0.910721615128143 0.9108105617160812 0.9108995083040196 0.9109884548919579 0.9110774014798962 0.9111663480678346 0.9112552946557729 0.9113442412437112 0.9114331878316495 0.911522134419588 0.9116110810075263 0.9117000275954646 0.911788974183403 0.9118779207713413 0.9119668673592796 0.9120558139472179 0.9121453915206627 0.9122356436318778 0.912325895743093 0.912416147854308 0.9125063999655232 0.9125966520767383 0.9126869041879536 0.9127771562991688 0.9128674084103839 0.912957660521599 0.9130479126328142 0.9131381647440293 0.9132284168552445 0.9133186689664595 0.9134089210776747 0.9134991731888898
0.9084104626599258 0.9085011147504045 0.9085917668408833 0.9086824189313619 0.9087730710218407 0.9088637231123193 0.9089543752027981 0.9090450272932769 0.9091356793837557 0.9092263314742344 0.9093169835647131 0.9094076356551918 0.9094982877456705 0.9095889398361493 0.909679591926628 0.9097702440171067 0.9098608961075854 0.9099515481980641 0.9100422002885429 0.9101328523790215 0.9102235044695003 0.9103141565599792 0.9104048086504578 0.9104954607409366 0.9105861128314153 0.910676764921894 0.9107674170123727 0.9108580691028514 0.9109604924585286 0.9110754995628048 0.9111905066670809 0.9113055137713572 0.9114205208756333 0.9115355279799094 0.9116505350841858 0.9117655421884621 0.9118805492927382 0.9119955563970144 0.9121105635012906 0.9122255706055667 0.9123405777098429 0.9124555848141191 0.9125705919183953 0.9126855990226714
0.9079235470048435 0.908016955472119 0.9081103639393946 0.9082037724066702 0.9082971808739457 0.9083905893412213 0.908483997808497 0.9085774062757725 0.9086708147430482 0.9087642232103238 0.9088576316775995 0.908951040144875 0.9090444486121506 0.9091378570794262 0.9092312655467018 0.9093246740139773 0.9094180824812529 0.9095114909485286 0.9096048994158041 0.9096983078830797 0.9097917163503553 0.909885124817631 0.9099785332849066 0.9100719417521822 0.9101653502194578 0.9102587586867333 0.9103521671540089 0.9104455756212845 0.9105598117153039 0.9106963130131427 0.9108328143109816 0.9109693156088206 0.9111058169066595 0.9112423182044984 0.9113788195023375 0.9115153208001764 0.9116518220980153 0.9117883233958542 0.9119248246936932 0.912061325991532 0.9121978272893709 0.9123343285872099 0.9124708298850488 0.9126073311828877
0.9082456859570079 0.9083429741194102 0.9084402622818124 0.9085375504442147 0.908634838606617 0.9087321267690192 0.9088294149314214 0.9089267030938237 0.9090239912562261 0.9091212794186284 0.9092185675810306 0.9093158557434329 0.9094131439058352 0.9095104320682375 0.9096077202306396 0.9097050083930419 0.9098022965554442 0.9098995847178464 0.9099968728802487 0.910094161042651 0.9101914492050531 0.9102887373674556 0.9103860255298578 0.9104833136922601 0.9105806018546624 0.9106778900170646 0.9107751781794668 0.9108724663418691 0.9109974109154382 0.911151920817747 0.9113064307200558 0.9114609406223646 0.9116154505246734 0.9117699604269821 0.9119244703292912 0.9120789802316001 0.9122334901339089 0.9123880000362177 0.9125425099385264 0.9126970198408352 0.912851529743144 0.9130060396454528 0.9131605495477616 0.9133150594500704
0.9085678249091724 0.9086689927667013 0.9087701606242302 0.9088713284817592 0.9089724963392881 0.909073664196817 0.9091748320543459 0.9092759999118749 0.9093771677694039 0.9094783356269329 0.9095795034844618 0.9096806713419907 0.9097818391995196 0.9098830070570486 0.9099841749145775 0.9100853427721064 0.9101865106296353 0.9102876784871642 0.9103888463446932 0.9104900142022221 0.910591182059751 0.9106923499172801 0.910793517774809 0.9108946856323379 0.9109958534898669 0.9110970213473958 0.9111981892049247 0.9112993570624536 0.9114350101155724 0.9116075286223511 0.9117800471291297 0.9119525656359085 0.9121250841426872 0.9122976026494659 0.9124701211562449 0.9126426396630236 0.9128151581698023 0.912987676676581 0.9131601951833597 0.9133327136901384 0.913505232196917 0.9136777507036957 0.9138502692104744 0.9140227877172531
0.9088899638613369 0.9089950114139925 0.9091000589666481 0.9092051065193038 0.9093101540719593 0.9094152016246149 0.9095202491772705 0.9096252967299261 0.9097303442825818 0.9098353918352374 0.909940439387893 0.9100454869405485 0.9101505344932042 0.9102555820458598 0.9103606295985154 0.910465677151171 0.9105707247038265 0.9106757722564821 0.9107808198091377 0.9108858673617933 0.910990914914449 0.9110959624671047 0.9112010100197603 0.9113060575724159 0.9114111051250714 0.911516152677727 0.9116212002303826 0.9117262477830382 0.9118726093157068 0.9120631364269554 0.9122536635382039 0.9124441906494525 0.9126347177607012 0.9128252448719497 0.9130157719831986 0.9132062990944472 0.9133968262056958 0.9135873533169444 0.913777880428193 0.9139684075394415 0.9141589346506902 0.9143494617619388 0.9145399888731873 0.9147305159844359
0.9092121028135014 0.9093210300612837 0.909429957309066 0.9095388845568482 0.9096478118046305 0.9097567390524127 0.9098656663001949 0.9099745935479772 0.9100835207957596 0.9101924480435419 0.9103013752913242 0.9104103025391064 0.9105192297868887 0.9106281570346709 0.9107370842824531 0.9108460115302355 0.9109549387780177 0.9110638660257999 0.9111727932735822 0.9112817205213645 0.9113906477691467 0.9114995750169291 0.9116085022647115 0.9117174295124937 0.9118263567602759 0.9119352840080582 0.9120442112558405 0.9121531385036227 0.912310208515841 0.9125187442315594 0.912727279947278 0.9129358156629964 0.913144351378715 0.9133528870944334 0.9135614228101523 0.9137699585258707 0.9139784942415893 0.9141870299573077 0.9143955656730263 0.9146041013887447 0.9148126371044633 0.9150211728201817 0.9152297085359001 0.9154382442516187
0.9095342417656658 0.9096470487085747 0.9097598556514837 0.9098726625943926 0.9099854695373015 0.9100982764802105 0.9102110834231194 0.9103238903660283 0.9104366973089374 0.9105495042518463 0.9106623111947553 0.9107751181376642 0.9108879250805731 0.9110007320234821 0.911113538966391 0.9112263459092999 0.9113391528522088 0.9114519597951177 0.9115647667380267 0.9116775736809356 0.9117903806238445 0.9119031875667537 0.9120159945096625 0.9121288014525715 0.9122416083954804 0.9123544153383893 0.9124672222812983 0.9125800292242072 0.9127478077159752 0.9129743520361636 0.9132008963563519 0.9134274406765404 0.9136539849967288 0.9138805293169171 0.914107073637106 0.9143336179572943 0.9145601622774827 0.914786706597671 0.9150132509178595 0.9152397952380479 0.9154663395582362 0.9156928838784246 0.915919428198613 0.9161459725188014
0.9098563807178306 0.9099730673558662 0.9100897539939018 0.9102064406319375 0.910323127269973 0.9104398139080087 0.9105565005460442 0.9106731871840799 0.9107898738221156 0.9109065604601512 0.9110232470981868 0.9111399337362224 0.911256620374258 0.9113733070122936 0.9114899936503292 0.9116066802883648 0.9117233669264004 0.911840053564436 0.9119567402024715 0.9120734268405072 0.9121901134785427 0.9123068001165786 0.9124234867546142 0.9125401733926498 0.9126568600306854 0.9127735466687209 0.9128902333067566 0.9130069199447921 0.9131854069161099 0.9134299598407681 0.9136745127654264 0.9139190656900847 0.914163618614743 0.9144081715394013 0.9146527244640601 0.9148972773887184 0.9151418303133767 0.915386383238035 0.9156309361626933 0.9158754890873516 0.9161200420120099 0.9163645949366681 0.9166091478613264 0.9168537007859847
0.9101785196699952 0.9102990860031575 0.9104196523363197 0.910540218669482 0.9106607850026442 0.9107813513358065 0.9109019176689688 0.911022484002131 0.9111430503352935 0.9112636166684558 0.911384183001618 0.9115047493347803 0.9116253156679426 0.9117458820011048 0.9118664483342671 0.9119870146674294 0.9121075810005916 0.9122281473337539 0.9123487136669162 0.9124692800000784 0.9125898463332407 0.9127104126664032 0.9128309789995654 0.9129515453327277 0.91307211166589 0.9131926779990522 0.9133132443322145 0.9134338106653768 0.9136230061162443 0.9138855676453724 0.9141481291745006 0.9144106907036288 0.914673252232757 0.9149358137618852 0.9151983752910138 0.9154609368201421 0.9157234983492702 0.9159860598783984 0.9162486214075266 0.9165111829366548 0.916773744465783 0.9170363059949111 0.9172988675240393 0.9175614290531675
0.9105006586221596 0.9106251046504484 0.9107495506787374 0.9108739967070264 0.9109984427353153 0.9111228887636043 0.9112473347918931 0.9113717808201821 0.9114962268484712 0.9116206728767602 0.9117451189050492 0.911869564933338 0.911994010961627 0.9121184569899159 0.9122429030182049 0.9123673490464937 0.9124917950747827 0.9126162411030717 0.9127406871313606 0.9128651331596496 0.9129895791879384 0.9131140252162276 0.9132384712445165 0.9133629172728055 0.9134873633010945 0.9136118093293834 0.9137362553576723 0.9138607013859612 0.9140606053163784 0.9143411754499765 0.9146217455835747 0.9149023157171727 0.9151828858507708 0.915463455984369 0.9157440261179675 0.9160245962515655 0.9163051663851637 0.9165857365187617 0.9168663066523598 0.917146876785958 0.917427446919556 0.9177080170531541 0.9179885871867521 0.9182691573203503
0.910822797574324 0.9109511232977396 0.9110794490211552 0.9112077747445708 0.9113361004679865 0.9114644261914021 0.9115927519148177 0.9117210776382333 0.9118494033616491 0.9119777290850647 0.9121060548084803 0.912234380531896 0.9123627062553116 0.9124910319787272 0.9126193577021428 0.9127476834255583 0.9128760091489739 0.9130043348723895 0.9131326605958052 0.9132609863192208 0.9133893120426364 0.9135176377660522 0.9136459634894678 0.9137742892128834 0.913902614936299 0.9140309406597147 0.9141592663831303 0.9142875921065459 0.9144982045165128 0.9147967832545808 0.9150953619926487 0.9153939407307168 0.9156925194687847 0.9159910982068528 0.9162896769449211 0.9165882556829892 0.9168868344210571 0.9171854131591252 0.9174839918971931 0.9177825706352611 0.9180811493733291 0.918379728111397 0.918678306849465 0.918976885587533
0.9111449365264885 0.9112771419450308 0.911409347363573 0.9115415527821153 0.9116737582006577 0.9118059636191999 0.9119381690377422 0.9120703744562845 0.9122025798748269 0.9123347852933692 0.9124669907119115 0.9125991961304537 0.912731401548996 0.9128636069675383 0.9129958123860806 0.9131280178046228 0.9132602232231651 0.9133924286417074 0.9135246340602496 0.913656839478792 0.9137890448973343 0.9139212503158767 0.914053455734419 0.9141856611529613 0.9143178665715035 0.9144500719900458 0.9145822774085881 0.9147144828271303 0.9149358037166471 0.9152523910591849 0.9155689784017228 0.9158855657442607 0.9162021530867985 0.9165187404293365 0.9168353277718748 0.9171519151144127 0.9174685024569506 0.9177850897994885 0.9181016771420264 0.9184182644845642 0.9187348518271021 0.9190514391696399 0.9193680265121779 0.9196846138547158
0.911467075478653 0.9116031605923219 0.911739245705991 0.9118753308196599 0.9120114159333288 0.9121475010469977 0.9122835861606667 0.9124196712743357 0.9125557563880048 0.9126918415016737 0.9128279266153427 0.9129640117290116 0.9131000968426806 0.9132361819563495 0.9133722670700185 0.9135083521836874 0.9136444372973563 0.9137805224110253 0.9139166075246943 0.9140526926383632 0.9141887777520321 0.9143248628657012 0.9144609479793703 0.9145970330930392 0.9147331182067081 0.914869203320377 0.915005288434046 0.915141373547715 0.9153734029167814 0.9157079988637892 0.916042594810797 0.9163771907578047 0.9167117867048125 0.9170463826518203 0.9173809785988286 0.9177155745458364 0.9180501704928441 0.9183847664398519 0.9187193623868597 0.9190539583338675 0.9193885542808752 0.919723150227883 0.9200577461748908 0.9203923421218986
0.9117892144308175 0.9119291792396131 0.9120691440484088 0.9122091088572044 0.9123490736659999 0.9124890384747956 0.9126290032835912 0.9127689680923868 0.9129089329011827 0.9130488977099782 0.9131888625187738 0.9133288273275695 0.9134687921363651 0.9136087569451606 0.9137487217539563 0.9138886865627519 0.9140286513715475 0.9141686161803432 0.9143085809891387 0.9144485457979343 0.91458851060673 0.9147284754155258 0.9148684402243215 0.915008405033117 0.9151483698419126 0.9152883346507082 0.9154282994595039 0.9155682642682994 0.9158110021169156 0.9161636066683932 0.9165162112198709 0.9168688157713486 0.9172214203228263 0.917574024874304 0.9179266294257823 0.9182792339772599 0.9186318385287375 0.9189844430802152 0.9193370476316929 0.9196896521831706 0.9200422567346482 0.9203948612861259 0.9207474658376036 0.9211000703890813
0.9121113533829822 0.9122551978869046 0.9123990423908268 0.9125428868947492 0.9126867313986714 0.9128305759025936 0.912974420406516 0.9131182649104382 0.9132621094143608 0.913405953918283 0.9135497984222053 0.9136936429261276 0.9138374874300499 0.9139813319339721 0.9141251764378945 0.9142690209418167 0.9144128654457391 0.9145567099496613 0.9147005544535836 0.9148443989575059 0.9149882434614282 0.9151320879653507 0.915275932469273 0.9154197769731952 0.9155636214771176 0.9157074659810398 0.9158513104849622 0.9159951549888844 0.9162486013170503 0.9166192144729979 0.9169898276289454 0.917360440784893 0.9177310539408406 0.9181016670967882 0.9184722802527364 0.918842893408684 0.9192135065646315 0.9195841197205792 0.9199547328765267 0.9203253460324743 0.9206959591884218 0.9210665723443695 0.9214371855003171 0.9218077986562646
0.9124334923351468 0.9125812165341957 0.9127289407332446 0.9128766649322936 0.9130243891313425 0.9131721133303915 0.9133198375294405 0.9134675617284894 0.9136152859275386 0.9137630101265876 0.9139107343256365 0.9140584585246855 0.9142061827237344 0.9143539069227834 0.9145016311218322 0.9146493553208812 0.9147970795199302 0.9149448037189791 0.9150925279180281 0.915240252117077 0.915387976316126 0.9155357005151752 0.9156834247142241 0.9158311489132731 0.9159788731123221 0.916126597311371 0.9162743215104199 0.9164220457094688 0.9166862005171845 0.9170748222776021 0.9174634440380195 0.9178520657984369 0.9182406875588545 0.9186293093192719 0.9190179310796901 0.9194065528401075 0.919795174600525 0.9201837963609425 0.9205724181213599 0.9209610398817775 0.9213496616421949 0.9217382834026124 0.9221269051630299 0.9225155269234473
