Figures/CREST_Example_wjb_NSE/PETs/wjb.pet.20100824.asc
ncols            288
nrows            254
xllcorner        113.274861
yllcorner        31.4918055
cellsize         0.008333333333
NODATA_value     -9999
[rows 190 to 208 of 254, columns 220 to 263 of 288]
1.0689767497230744 1.069173420191772 1.0709313852887625 1.0743584096782128 1.0777854340676631 1.0812124584571134 1.0846394828465638 1.088066507236014 1.0914935316254644 1.0949205560149147 1.098347580404365 1.1017746047938153 1.1052016291832656 1.108628653572716 1.112055677962172 1.1154827023516223 1.1189097267410726 1.122336751130523 1.1257637755199732 1.1291907999094235 1.1326178242988738 1.1360448486883241 1.1394718730777744 1.1428988974672247 1.146325921856675 1.1497529462461253 1.1531799706355756 1.156606995025032 1.1600340194144823 1.1634610438039326 1.1668880681933829 1.1703150925828332 -9999.0 -9999.0 -9999.0 -9999.0 -9999.0 -9999.0 -9999.0 -9999.0 -9999.0 -9999.0 -9999.0 -9999.0
1.0834677476317207 1.083731397505556 1.0855098693069085 1.0889077200318331 1.092305570756758 1.0957034214816828 1.0991012722066076 1.1024991229315324 1.1058969736564572 1.109294824381382 1.1126926751063069 1.1160905258312317 1.1194883765561563 1.1228862272810811 1.1262840780060117 1.1296819287309365 1.1330797794558614 1.1364776301807862 1.139875480905711 1.1432733316306358 1.1466711823555606 1.1500690330804852 1.15346688380541 1.156864734530335 1.1602625852552597 1.1636604359801845 1.1670582867051094 1.17045613743004 1.1738539881549648 1.1772518388798896 1.1806496896048144 1.184047540329739 -9999.0 -9999.0 -9999.0 -9999.0 -9999.0 -9999.0 -9999.0 -9999.0 -9999.0 -9999.0 -9999.0 -9999.0
1.0979587455403668 1.0982893748193399 1.100088353325054 1.1034570303854534 1.1068257074458527 1.110194384506252 1.1135630615666514 1.1169317386270505 1.1203004156874499 1.1236690927478492 1.1270377698082485 1.1304064468686479 1.133775123929047 1.1371438009894463 1.1405124780498515 1.1438811551102508 1.14724983217065 1.1506185092310492 1.1539871862914486 1.157355863351848 1.1607245404122473 1.1640932174726464 1.1674618945330457 1.170830571593445 1.1741992486538444 1.1775679257142437 1.1809366027746429 1.184305279835048 1.1876739568954473 1.1910426339558464 1.1944113110162458 1.197779988076645 -9999.0 -9999.0 -9999.0 -9999.0 -9999.0 -9999.0 -9999.0 -9999.0 -9999.0 -9999.0 -9999.0 -9999.0
1.112449743449013 1.1128473521331237 1.1146668373431998 1.1180063407390737 1.1213458441349475 1.1246853475308212 1.128024850926695 1.1313643543225689 1.1347038577184425 1.1380433611143164 1.1413828645101902 1.1447223679060639 1.1480618713019377 1.1514013746978116 1.154740878093691 1.1580803814895648 1.1614198848854387 1.1647593882813123 1.1680988916771862 1.17143839507306 1.1747778984689337 1.1781174018648075 1.1814569052606814 1.1847964086565552 1.1881359120524289 1.1914754154483027 1.1948149188441766 1.198154422240056 1.2014939256359298 1.2048334290318035 1.2081729324276773 1.2115124358235512 1.2149231645946847 -9999.0 -9999.0 -9999.0 -9999.0 -9999.0 -9999.0 -9999.0 -9999.0 -9999.0 -9999.0 -9999.0
1.1269407413576655 1.127405329446914 1.129245321361352 1.1325556510927002 1.1358659808240485 1.1391763105553967 1.142486640286745 1.1457969700180932 1.1491072997494416 1.1524176294807897 1.1557279592121381 1.1590382889434863 1.1623486186748346 1.165658948406183 1.1689692781375367 1.172279607868885 1.1755899376002332 1.1789002673315816 1.1822105970629297 1.1855209267942781 1.1888312565256263 1.1921415862569746 1.1954519159883228 1.1987622457196712 1.2020725754510195 1.2053829051823677 1.2086932349137158 1.2120035646450698 1.2153138943764181 1.2186242241077663 1.2219345538391146 1.2252448835704628 1.2286456324373694 -9999.0 -9999.0 -9999.0 -9999.0 -9999.0 -9999.0 -9999.0 -9999.0 -9999.0 -9999.0 -9999.0
1.1414317392663116 1.1419633067606978 1.1438238053794978 1.1471049614463205 1.1503861175131433 1.153667273579966 1.1569484296467887 1.1602295857136116 1.1635107417804342 1.1667918978472571 1.1700730539140798 1.1733542099809025 1.1766353660477253 1.179916522114548 1.1831976781813764 1.186478834248199 1.189759990315022 1.1930411463818447 1.1963223024486676 1.1996034585154902 1.2028846145823129 1.2061657706491358 1.2094469267159584 1.2127280827827813 1.216009238849604 1.2192903949164267 1.2225715509832495 1.2258527070500778 1.2291338631169006 1.2324150191837233 1.2356961752505462 1.2389773313173689 1.2423681002800482 -9999.0 -9999.0 -9999.0 -9999.0 -9999.0 -9999.0 -9999.0 -9999.0 -9999.0 -9999.0 -9999.0
1.1559227371749576 1.1565212840744816 1.1584022893976436 1.1616542717999407 1.164906254202238 1.1681582366045353 1.1714102190068325 1.1746622014091297 1.1779141838114269 1.1811661662137243 1.1844181486160215 1.1876701310183186 1.190922113420616 1.1941740958229132 1.197426078225216 1.2006780606275134 1.2039300430298105 1.2071820254321077 1.2104340078344051 1.2136859902367023 1.2169379726389995 1.220189955041297 1.223441937443594 1.2266939198458913 1.2299459022481884 1.2331978846504859 1.236449867052783 1.2397018494550858 1.2429538318573832 1.2462058142596804 1.2494577966619775 1.252709779064275 1.256090568122727 -9999.0 -9999.0 -9999.0 -9999.0 -9999.0 -9999.0 -9999.0 -9999.0 -9999.0 -9999.0 -9999.0
1.17041373508361 1.1710792613882717 1.1729807734157953 1.1762035821535672 1.179426390891339 1.1826491996291106 1.1858720083668823 1.189094817104654 1.1923176258424257 1.1955404345801974 1.1987632433179694 1.201986052055741 1.2052088607935127 1.2084316695312844 1.2116544782690617 1.2148772870068334 1.218100095744605 1.2213229044823768 1.2245457132201487 1.2277685219579204 1.230991330695692 1.2342141394334638 1.2374369481712355 1.2406597569090072 1.2438825656467791 1.2471053743845508 1.2503281831223225 1.2535509918600998 1.2567738005978715 1.2599966093356432 1.2632194180734149 1.2664422268111866 1.2698130359654116 -9999.0 -9999.0 -9999.0 -9999.0 -9999.0 -9999.0 -9999.0 -9999.0 -9999.0 -9999.0 -9999.0
1.1849047329922564 1.185637238702056 1.1875592574339413 1.1907528925071875 1.1939465275804337 1.19714016265368 1.2003337977269262 1.2035274328001724 1.2067210678734186 1.2099147029466648 1.213108338019911 1.2163019730931572 1.2194956081664035 1.2226892432396497 1.2258828783129014 1.2290765133861477 1.2322701484593939 1.23546378353264 1.2386574186058863 1.2418510536791325 1.2450446887523787 1.248238323825625 1.2514319588988712 1.2546255939721174 1.2578192290453636 1.2610128641186098 1.264206499191856 1.2674001342651078 1.270593769338354 1.2737874044116002 1.2769810394848464 -9999.0 -9999.0 -9999.0 -9999.0 -9999.0 -9999.0 -9999.0 -9999.0 -9999.0 -9999.0 -9999.0 -9999.0 -9999.0
1.1993957309009025 1.2001952160158398 1.202137741452087 1.2053022028608078 1.2084666642695285 1.2116311256782493 1.21479558708697 1.2179600484956907 1.2211245099044115 1.2242889713131322 1.2274534327218527 1.2306178941305734 1.2337823555392942 1.236946816948015 1.240111278356741 1.2432757397654617 1.2464402011741824 1.2496046625829031 1.2527691239916239 1.2559335854003446 1.2590980468090653 1.262262508217786 1.2654269696265068 1.2685914310352275 1.2717558924439483 1.274920353852669 1.2780848152613897 1.2812492766701158 1.2844137380788365 1.2875781994875573 1.290742660896278 -9999.0 -9999.0 -9999.0 -9999.0 -9999.0 -9999.0 -9999.0 -9999.0 -9999.0 -9999.0 -9999.0 -9999.0 -9999.0
1.2138867288095547 1.2147531933296298 1.216716225470239 1.2198515132144343 1.2229868009586293 1.2261220887028246 1.2292573764470198 1.232392664191215 1.2355279519354103 1.2386632396796053 1.2417985274238006 1.2449338151679958 1.248069102912191 1.2512043906563863 1.254339678400587 1.257474966144782 1.2606102538889772 1.2637455416331724 1.2668808293773677 1.270016117121563 1.273151404865758 1.2762866926099532 1.2794219803541484 1.2825572680983437 1.285692555842539 1.288827843586734 1.2919631313309292 1.2950984190751298 1.298233706819325 1.3013689945635203 1.3045042823077155 -9999.0 -9999.0 -9999.0 -9999.0 -9999.0 -9999.0 -9999.0 -9999.0 -9999.0 -9999.0 -9999.0 -9999.0 -9999.0
1.2283777267182008 1.2293111706434137 1.2312947094883848 1.2344008235680544 1.2375069376477241 1.240613051727394 1.2437191658070634 1.2468252798867332 1.249931393966403 1.2530375080460727 1.2561436221257423 1.259249736205412 1.2623558502850818 1.2654619643647513 1.2685680784444264 1.2716741925240962 1.2747803066037657 1.2778864206834355 1.2809925347631053 1.284098648842775 1.2872047629224446 1.2903108770021143 1.293416991081784 1.2965231051614536 1.2996292192411234 1.3027353333207932 1.305841447400463 1.3089475614801378 1.3120536755598076 1.3151597896394773 -9999.0 -9999.0 -9999.0 -9999.0 -9999.0 -9999.0 -9999.0 -9999.0 -9999.0 -9999.0 -9999.0 -9999.0 -9999.0 -9999.0
1.242868724626847 1.2438691479571977 1.2458731935065306 1.2489501339216749 1.2520270743368191 1.2551040147519632 1.2581809551671075 1.2612578955822515 1.2643348359973958 1.2674117764125399 1.2704887168276842 1.2735656572428284 1.2766425976579725 1.2797195380731168 1.2827964784882662 1.2858734189034104 1.2889503593185545 1.2920272997336988 1.2951042401488428 1.2981811805639871 1.3012581209791314 1.3043350613942755 1.3074120018094197 1.3104889422245638 1.313565882639708 1.3166428230548521 1.3197197634699964 1.3227967038851458 1.32587364430029 1.3289505847154341 -9999.0 -9999.0 -9999.0 -9999.0 -9999.0 -9999.0 -9999.0 -9999.0 -9999.0 -9999.0 -9999.0 -9999.0 -9999.0 -9999.0
1.2573597225354933 1.2584271252709816 1.2604516775246764 1.2634994442752951 1.2665472110259137 1.2695949777765325 1.272642744527151 1.27569051127777 1.2787382780283885 1.2817860447790073 1.2848338115296258 1.2878815782802446 1.2909293450308632 1.293977111781482 1.2970248785321057 1.3000726452827245 1.303120412033343 1.3061681787839619 1.3092159455345804 1.3122637122851992 1.3153114790358178 1.3183592457864366 1.3214070125370552 1.324454779287674 1.3275025460382925 1.3305503127889113 1.33359807953953 1.3366458462901538 1.3396936130407726 1.3427413797913912 1.34578914654201 -9999.0 -9999.0 -9999.0 -9999.0 -9999.0 -9999.0 -9999.0 -9999.0 -9999.0 -9999.0 -9999.0 -9999.0 -9999.0
1.2718507204441456 1.2729851025847716 1.2750301615428283 1.2780487546289214 1.2810673477150147 1.2840859408011078 1.287104533887201 1.2901231269732942 1.2931417200593873 1.2961603131454804 1.2991789062315737 1.3021974993176668 1.30521609240376 1.3082346854898532 1.3112532785759514 1.3142718716620445 1.3172904647481378 1.320309057834231 1.323327650920324 1.3263462440064173 1.3293648370925104 1.3323834301786035 1.3354020232646968 1.33842061635079 1.341439209436883 1.3444578025229763 1.3474763956090694 1.3504949886951678 1.353513581781261 1.356532174867354 -9999.0 -9999.0 -9999.0 -9999.0 -9999.0 -9999.0 -9999.0 -9999.0 -9999.0 -9999.0 -9999.0 -9999.0 -9999.0 -9999.0
1.2863417183527919 1.2875430798985557 1.2896086455609743 1.292598064982542 1.2955874844041095 1.2985769038256771 1.301566323247245 1.3045557426688126 1.3075451620903802 1.3105345815119478 1.3135240009335154 1.3165134203550832 1.3195028397766508 1.3224922591982184 1.3254816786197912 1.3284710980413588 1.3314605174629266 1.3344499368844942 1.3374393563060618 1.3404287757276294 1.343418195149197 1.3464076145707649 1.3493970339923325 1.3523864534139 1.3553758728354677 1.3583652922570353 1.3613547116786031 1.3643441311001758 1.3673335505217434 -9999.0 -9999.0 -9999.0 -9999.0 -9999.0 -9999.0 -9999.0 -9999.0 -9999.0 -9999.0 -9999.0 -9999.0 -9999.0 -9999.0 -9999.0
1.300832716261438 1.3021010572123395 1.30418712957912 1.3071473753361622 1.3101076210932043 1.3130678668502465 1.3160281126072886 1.3189883583643307 1.3219486041213728 1.324908849878415 1.327869095635457 1.3308293413924994 1.3337895871495415 1.3367498329065837 1.339710078663631 1.342670324420673 1.3456305701777151 1.3485908159347573 1.3515510616917994 1.3545113074488415 1.3574715532058836 1.3604317989629258 1.3633920447199679 1.3663522904770102 1.3693125362340524 1.3722727819910945 1.3752330277481366 -9999.0 -9999.0 -9999.0 -9999.0 -9999.0 -9999.0 -9999.0 -9999.0 -9999.0 -9999.0 -9999.0 -9999.0 -9999.0 -9999.0 -9999.0 -9999.0 -9999.0
1.3153237141700902 1.3166590345261295 1.3187656135972718 1.3216966856897885 1.3246277577823051 1.3275588298748218 1.3304899019673384 1.333420974059855 1.3363520461523717 1.3392831182448883 1.342214190337405 1.3451452624299216 1.3480763345224382 1.3510074066149549 1.3539384787074764 1.356869550799993 1.3598006228925097 1.3627316949850263 1.365662767077543 1.3685938391700596 1.3715249112625763 1.374455983355093 1.3773870554476095 1.3803181275401262 1.3832491996326428 1.3861802717251595 -9999.0 -9999.0 -9999.0 -9999.0 -9999.0 -9999.0 -9999.0 -9999.0 -9999.0 -9999.0 -9999.0 -9999.0 -9999.0 -9999.0 -9999.0 -9999.0 -9999.0 -9999.0
1.3370249744125455 1.338394787413152 1.34054003736645 1.3435142469716648 1.3464884565768795 1.3494626661820943 1.352436875787309 1.3554110853925239 1.3583852949977384 1.3613595046029532 1.364333714208168 1.3673079238133827 1.3702821334185975 1.3732563430238123 1.376230552629032 1.3792047622342467 1.3821789718394615 1.3851531814446763 1.388127391049891 1.3911016006551058 1.3940758102603203 1.3970500198655351 1.40002422947075 1.4029984390759647 1.4059726486811794 1.4089468582863942 -9999.0 -9999.0 -9999.0 -9999.0 -9999.0 -9999.0 -9999.0 -9999.0 -9999.0 -9999.0 -9999.0 -9999.0 -9999.0 -9999.0 -9999.0 -9999.0 -9999.0 -9999.0
