Figures/CREST_Example_wjb_NSE/PETs/wjb.pet.20100710.asc
ncols            288
nrows            254
xllcorner        113.274861
yllcorner        31.4918055
cellsize         0.008333333333
NODATA_value     -9999
[rows 152 to 170 of 254, columns 176 to 219 of 288]
0.5943908294613928 0.5995449578814335 0.6046990863014743 0.609853214721515 0.6150073431415557 0.6201614715615964 0.625315599981646 0.6304697284016867 0.6356238568217274 0.6407779852417682 0.6459321136618089 0.6510862420818496 0.6562403705018904 0.6613944989219311 0.6665486273419718 0.6717027557620125 0.6736524701327999 0.6721765933799146 0.6707007166270295 0.6692248398741416 0.6677489631212564 0.6662730863683711 0.6647972096154859 0.6633213328626006 0.6618454561097153 0.6603695793568302 0.6588937026039449 0.6574178258510596 0.6559419490981744 0.6544660723452891 0.6529901955924038 0.6515143188395186 0.6500384420866308 0.6485625653337456 0.6470866885808603 0.645610811827975 0.6441349350750898 0.6426590583222045 0.6411831815693193 0.639707304816434 0.6382314280635487 0.6367555513106635 0.6352796745577782 0.6338037978048929
0.5859128027376097 0.5909009088302678 0.5958890149229259 0.600877121015584 0.6058652271082421 0.6108533332009002 0.6158414392935667 0.6208295453862249 0.6258176514788829 0.630805757571541 0.6357938636641991 0.6407819697568572 0.6457700758495153 0.6507581819421734 0.6557462880348315 0.6607343941274896 0.6626126694120945 0.6611664651979678 0.6597202609838412 0.6582740567697122 0.6568278525555855 0.6553816483414588 0.6539354441273322 0.6524892399132056 0.651043035699079 0.6495968314849523 0.6481506272708257 0.6467044230566991 0.6452582188425724 0.6438120146284458 0.6423658104143192 0.6409196062001925 0.6394734019860634 0.6380271977719367 0.6365809935578102 0.6351347893436835 0.6336885851295568 0.6322423809154303 0.6307961767013036 0.629349972487177 0.6279037682730504 0.6264575640589237 0.625011359844797 0.6235651556306704
0.5774347760138268 0.5822568597791021 0.5870789435443776 0.591901027309653 0.5967231110749285 0.6015451948402039 0.6063672786054876 0.6111893623707629 0.6160114461360384 0.6208335299013139 0.6256556136665893 0.6304776974318648 0.6352997811971401 0.6401218649624156 0.644943948727691 0.6497660324929665 0.6515728686913891 0.650156337016021 0.648739805340653 0.6473232736652826 0.6459067419899146 0.6444902103145466 0.6430736786391785 0.6416571469638106 0.6402406152884426 0.6388240836130745 0.6374075519377065 0.6359910202623384 0.6345744885869705 0.6331579569116025 0.6317414252362344 0.6303248935608664 0.628908361885496 0.627491830210128 0.62607529853476 0.624658766859392 0.623242235184024 0.621825703508656 0.6204091718332879 0.61899264015792 0.617576108482552 0.6161595768071839 0.6147430451318159 0.6133265134564478
0.5689567492900437 0.5736128107279365 0.5782688721658292 0.5829249336037221 0.5875809950416149 0.5922370564795076 0.5968931179174084 0.6015491793553012 0.6062052407931939 0.6108613022310867 0.6155173636689795 0.6201734251068722 0.624829486544765 0.6294855479826579 0.6341416094205506 0.6387976708584434 0.6405330679706835 0.6391462088340742 0.6377593496974648 0.6363724905608531 0.6349856314242437 0.6335987722876343 0.6322119131510249 0.6308250540144156 0.6294381948778062 0.6280513357411968 0.6266644766045874 0.6252776174679779 0.6238907583313686 0.6225038991947592 0.6211170400581498 0.6197301809215404 0.6183433217849287 0.6169564626483193 0.61556960351171 0.6141827443751006 0.6127958852384912 0.6114090261018817 0.6100221669652723 0.608635307828663 0.6072484486920536 0.6058615895554442 0.6044747304188348 0.6030878712822255
0.5604787225662606 0.5649687616767708 0.569458800787281 0.5739488398977911 0.5784388790083013 0.5829289181188114 0.5874189572293291 0.5919089963398393 0.5963990354503494 0.6008890745608596 0.6053791136713698 0.6098691527818799 0.6143591918923901 0.6188492310029001 0.6233392701134103 0.6278293092239204 0.6294932672499782 0.6281360806521274 0.6267788940542767 0.6254217074564237 0.6240645208585729 0.6227073342607221 0.6213501476628713 0.6199929610650206 0.6186357744671698 0.617278587869319 0.6159214012714683 0.6145642146736175 0.6132070280757668 0.611849841477916 0.6104926548800652 0.6091354682822144 0.6077782816843613 0.6064210950865107 0.6050639084886599 0.6037067218908091 0.6023495352929583 0.6009923486951075 0.5996351620972568 0.598277975499406 0.5969207889015552 0.5955636023037045 0.5942064157058538 0.592849229108003
0.5520006958424705 0.5563247126255978 0.5606487294087251 0.5649727461918524 0.5692967629749799 0.5736207797581072 0.5779447965412419 0.5822688133243692 0.5865928301074966 0.590916846890624 0.5952408636737513 0.5995648804568786 0.6038888972400059 0.6082129140231334 0.6125369308062607 0.616860947589388 0.6184534665292634 0.6171259524701712 0.6157984384110792 0.6144709243519848 0.6131434102928927 0.6118158962338005 0.6104883821747085 0.6091608681156163 0.6078333540565242 0.6065058399974321 0.60517832593834 0.6038508118792478 0.6025232978201558 0.6011957837610636 0.5998682697019715 0.5985407556428795 0.5972132415837851 0.5958857275246929 0.5945582134656008 0.5932306994065087 0.5919031853474166 0.5905756712883244 0.5892481572292324 0.5879206431701403 0.5865931291110481 0.585265615051956 0.5839381009928639 0.5826105869337718
0.5435226691186874 0.5476806635744321 0.5518386580301768 0.5559966524859214 0.5601546469416662 0.5643126413974109 0.5684706358531627 0.5726286303089074 0.576786624764652 0.5809446192203968 0.5851026136761415 0.5892606081318862 0.5934186025876309 0.5975765970433755 0.6017345914991202 0.605892585954865 0.6074136658085579 0.6061158242882244 0.6048179827678909 0.6035201412475553 0.6022222997272217 0.6009244582068882 0.5996266166865548 0.5983287751662213 0.5970309336458878 0.5957330921255543 0.5944352506052208 0.5931374090848873 0.5918395675645538 0.5905417260442203 0.5892438845238869 0.5879460430035534 0.5866482014832176 0.5853503599628842 0.5840525184425507 0.5827546769222172 0.5814568354018836 0.5801589938815502 0.5788611523612167 0.5775633108408832 0.5762654693205497 0.5749676278002163 0.5736697862798827 0.5723719447595492
0.5350446423949043 0.5390366145232665 0.5430285866516285 0.5470205587799906 0.5510125309083526 0.5550045030367146 0.5589964751650834 0.5629884472934455 0.5669804194218075 0.5709723915501697 0.5749643636785317 0.5789563358068937 0.5829483079352558 0.5869402800636178 0.5909322521919799 0.5949242243203419 0.5963738650878525 0.5951056961062776 0.5938375271247027 0.5925693581431257 0.5913011891615508 0.5900330201799759 0.588764851198401 0.5874966822168263 0.5862285132352514 0.5849603442536765 0.5836921752721016 0.5824240062905268 0.5811558373089519 0.579887668327377 0.5786194993458021 0.5773513303642273 0.5760831613826503 0.5748149924010754 0.5735468234195005 0.5722786544379257 0.5710104854563508 0.5697423164747759 0.568474147493201 0.5672059785116262 0.5659378095300514 0.5646696405484765 0.5634014715669016 0.5621333025853267
0.5265666156711213 0.5303925654721008 0.5342185152730802 0.5380444650740596 0.541870414875039 0.5456963646760183 0.5495223144770043 0.5533482642779837 0.5571742140789631 0.5610001638799424 0.5648261136809218 0.5686520634819012 0.5724780132828806 0.57630396308386 0.5801299128848394 0.5839558626858188 0.5853340643671471 0.5840955679243308 0.5828570714815146 0.5816185750386962 0.5803800785958799 0.5791415821530637 0.5779030857102474 0.5766645892674312 0.575426092824615 0.5741875963817987 0.5729490999389825 0.5717106034961662 0.5704721070533499 0.5692336106105337 0.5679951141677175 0.5667566177249013 0.5655181212820829 0.5642796248392666 0.5630411283964504 0.5618026319536341 0.5605641355108179 0.5593256390680017 0.5580871426251854 0.5568486461823692 0.5556101497395529 0.5543716532967367 0.5531331568539204 0.5518946604111041
0.5180885889473383 0.5217485164209351 0.5254084438945319 0.5290683713681286 0.5327282988417253 0.5363882263153221 0.5400481537889251 0.5437080812625219 0.5473680087361186 0.5510279362097154 0.5546878636833121 0.5583477911569089 0.5620077186305056 0.5656676461041024 0.5693275735776991 0.5729875010512959 0.5742942636464416 0.573085439742384 0.5718766158383264 0.5706677919342668 0.5694589680302091 0.5682501441261515 0.5670413202220939 0.5658324963180362 0.5646236724139786 0.5634148485099211 0.5622060246058634 0.5609972007018058 0.5597883767977482 0.5585795528936905 0.5573707289896329 0.5561619050855753 0.5549530811815157 0.553744257277458 0.5525354333734004 0.5513266094693428 0.5501177855652851 0.5489089616612275 0.5477001377571699 0.5464913138531122 0.5452824899490546 0.544073666044997 0.5428648421409394 0.5416560182368818
0.5096105622235554 0.5131044673697694 0.5165983725159835 0.5200922776621977 0.5235861828084117 0.5270800879546258 0.5305739931008459 0.53406789824706 0.5375618033932741 0.5410557085394883 0.5445496136857023 0.5480435188319164 0.5515374239781305 0.5550313291243446 0.5585252342705587 0.5620191394167728 0.5632544629257362 0.5620753115604372 0.5608961601951382 0.5597170088298372 0.5585378574645382 0.5573587060992392 0.5561795547339402 0.5550004033686412 0.5538212520033422 0.5526421006380432 0.5514629492727442 0.5502837979074452 0.5491046465421462 0.5479254951768472 0.5467463438115482 0.5455671924462492 0.5443880410809482 0.5432088897156492 0.5420297383503502 0.5408505869850512 0.5396714356197522 0.5384922842544533 0.5373131328891543 0.5361339815238553 0.5349548301585563 0.5337756787932573 0.5325965274279583 0.5314173760626593
0.5011325354997651 0.5044604183185963 0.5077883011374277 0.511116183956259 0.5144440667750904 0.5177719495939216 0.5210998324127586 0.5244277152315899 0.5277555980504212 0.5310834808692525 0.5344113636880838 0.5377392465069152 0.5410671293257464 0.5443950121445778 0.5477228949634091 0.5510507777822404 0.5522146622050214 0.551065183378481 0.5499157045519406 0.5487662257253983 0.547616746898858 0.5464672680723177 0.5453177892457773 0.544168310419237 0.5430188315926966 0.5418693527661562 0.540719873939616 0.5395703951130756 0.5384209162865352 0.5372714374599948 0.5361219586334546 0.5349724798069142 0.5338230009803719 0.5326735221538316 0.5315240433272912 0.5303745645007508 0.5292250856742104 0.5280756068476702 0.5269261280211298 0.5257766491945894 0.5246271703680491 0.5234776915415088 0.5223282127149684 0.5211787338884281
0.49265450877598205 0.4958163692674307 0.49897822975887934 0.502140090250328 0.5053019507417766 0.5084638112332254 0.5116256717246794 0.514787532216128 0.5179493927075767 0.5211112531990254 0.524273113690474 0.5274349741819226 0.5305968346733714 0.53375869516482 0.5369205556562686 0.5400824161477173 0.5411748614843159 0.5400550551965342 0.5389352489087524 0.5378154426209688 0.5366956363331871 0.5355758300454053 0.5344560237576237 0.5333362174698419 0.5322164111820602 0.5310966048942785 0.5299767986064967 0.5288569923187151 0.5277371860309333 0.5266173797431516 0.5254975734553698 0.5243777671675881 0.5232579608798045 0.5221381545920227 0.5210183483042411 0.5198985420164594 0.5187787357286776 0.5176589294408959 0.5165391231531141 0.5154193168653325 0.5142995105775507 0.513179704289769 0.5120598980019873 0.5109400917142055
0.48417648205219904 0.4871723202162651 0.4901681583803311 0.49316399654439713 0.49615983470846314 0.49915567287252915 0.5021515110366003 0.5051473492006663 0.5081431873647323 0.5111390255287983 0.5141348636928643 0.5171307018569303 0.5201265400209963 0.5231223781850624 0.5261182163491284 0.5291140545131944 0.5301350607636106 0.5290449270145875 0.5279547932655644 0.5268646595165394 0.5257745257675163 0.5246843920184932 0.52359425826947 0.5225041245204469 0.5214139907714239 0.5203238570224008 0.5192337232733777 0.5181435895243546 0.5170534557753315 0.5159633220263083 0.5148731882772852 0.5137830545282621 0.5126929207792371 0.5116027870302141 0.510512653281191 0.5094225195321679 0.5083323857831448 0.5072422520341217 0.5061521182850985 0.5050619845360754 0.5039718507870523 0.5028817170380292 0.5017915832890061 0.500701449539983
0.47569845532841604 0.4785282711650994 0.48135808700178273 0.48418790283846613 0.4870177186751495 0.4898475345118328 0.492677350348521 0.4955071661852044 0.49833698202188775 0.5011667978585711 0.5039966136952545 0.5068264295319378 0.5096562453686212 0.5124860612053046 0.5153158770419879 0.5181456928786713 0.5190952600429051 0.5180347988326406 0.5169743376223761 0.5159138764121098 0.5148534152018454 0.5137929539915809 0.5127324927813164 0.5116720315710519 0.5106115703607874 0.5095511091505229 0.5084906479402586 0.5074301867299941 0.5063697255197296 0.5053092643094651 0.5042488030992006 0.5031883418889361 0.5021278806786698 0.5010674194684054 0.5000069582581409 0.49894649704787636 0.4978860358376119 0.4968255746273474 0.49576511341708296 0.4947046522068185 0.493644190996554 0.4925837297862895 0.491523268576025 0.49046280736576053
0.467220428604633 0.4698842221139337 0.47254801562323445 0.47521180913253513 0.4778756026418359 0.48053939615113656 0.48320318966044185 0.48586698316974253 0.4885307766790432 0.49119457018834395 0.4938583636976447 0.49652215720694537 0.4991859507162461 0.5018497442255468 0.5045135377348475 0.5071773312441482 0.5080554593221996 0.5070246706506938 0.5059938819791879 0.5049630933076803 0.5039323046361744 0.5029015159646686 0.5018707272931627 0.5008399386216569 0.4998091499501511 0.4987783612786452 0.49774757260713937 0.4967167839356335 0.49568599526412765 0.4946552065926218 0.49362441792111594 0.4925936292496101 0.49156284057810246 0.4905320519065966 0.48950126323509074 0.4884704745635849 0.48743968589207903 0.4864088972205732 0.4853781085490673 0.48434731987756147 0.4833165312060556 0.48228574253454976 0.4812549538630439 0.48022416519153804
0.45874240188084997 0.46124017306276804 0.4637379442446861 0.46623571542660414 0.4687334866085222 0.4712312577904403 0.4737290289723626 0.47622680015428065 0.4787245713361987 0.4812223425181168 0.48372011370003487 0.48621788488195294 0.48871565606387096 0.49121342724578904 0.4937111984277071 0.49620896960962513 0.4970156586014942 0.496014542468747 0.49501342633599976 0.4940123102032508 0.4930111940705036 0.49201007793775636 0.4910089618050091 0.49000784567226185 0.48900672953951463 0.4880056134067674 0.4870044972740202 0.48600338114127295 0.4850022650085257 0.4840011488757785 0.48300003274303127 0.481998916610284 0.4809978004775351 0.4799966843447878 0.4789955682120406 0.47799445207929336 0.47699333594654614 0.4759922198137989 0.4749911036810517 0.47398998754830446 0.47298887141555723 0.47198775528281 0.4709866391500627 0.4699855230173155
0.45026437515706697 0.4525961240116024 0.4549278728661378 0.4572596217206732 0.4595913705752086 0.46192311942974407 0.4642548682842834 0.4665866171388188 0.46891836599335424 0.47125011484788965 0.47358186370242505 0.4759136125569605 0.47824536141149593 0.48057711026603134 0.48290885912056675 0.48524060797510216 0.4859758578807888 0.4850044142868002 0.4840329706928116 0.48306152709882133 0.48209008350483273 0.4811186399108441 0.4801471963168555 0.4791757527228669 0.4782043091288783 0.4772328655348897 0.47626142194090104 0.47528997834691245 0.47431853475292385 0.47334709115893525 0.4723756475649466 0.471404203970958 0.47043276037696774 0.46946131678297914 0.46848987318899055 0.4675184295950019 0.4665469860010133 0.4655755424070247 0.4646040988130361 0.46363265521904745 0.46266121162505885 0.46168976803107026 0.46071832443708166 0.459746880843093
0.4417863484332767 0.4439520749604293 0.44611780148758196 0.4482835280147346 0.4504492545418872 0.45261498106903986 0.45478070759619615 0.4569464341233488 0.4591121606505014 0.461277887177654 0.46344361370480663 0.46560934023195927 0.4677750667591119 0.46994079328626454 0.47210651981341717 0.47427224634056975 0.474936057160074 0.473994286104844 0.4730525150496141 0.4721107439943825 0.47116897293915255 0.4702272018839226 0.4692854308286926 0.46834365977346265 0.4674018887182327 0.4664601176630027 0.4655183466077728 0.46457657555254284 0.46363480449731287 0.4626930334420829 0.46175126238685293 0.46080949133162297 0.4598677202763914 0.4589259492211614 0.4579841781659315 0.45704240711070154 0.4561006360554716 0.4551588650002416 0.45421709394501164 0.4532753228897817 0.4523335518345517 0.45139178077932174 0.45045000972409177 0.4495082386688618
