Figures/CREST_Example_wjb_NSE/PETs/wjb.pet.20090715.asc
ncols            288
nrows            254
xllcorner        113.274861
yllcorner        31.4918055
cellsize         0.008333333333
NODATA_value     -9999
[rows 200 to 219 of 254, columns 132 to 175 of 288]
3.8109368020279786 3.8125633098875125 3.814189817747047 3.815816325606581 3.817442833466115 3.8190693413256493 3.8206958491851837 3.8223223570447176 3.823948864904252 3.8255753727637862 3.82720188062332 3.828828388482857 3.8304548963423914 3.832081404201926 3.8337079120614597 3.835334419920994 3.8369609277805283 3.838587435640062 3.8402139434995965 3.841840451359131 3.8434669592186648 3.845093467078199 3.8467199749377334 3.8483464827972678 3.8499729906568043 3.8515994985163386 3.853226006375873 3.8548525142354073 3.856479022094941 3.8581055299544755 3.8585959442264355 3.8578718487531733 3.857147753279911 3.856423657806649 3.855699562333387 3.854975466860125 3.8542513713868627 3.8535272759135992 3.852803180440337 3.852079084967075 3.8513549894938124 3.8506308940205503 3.849906798547288 3.849182703074026
3.814585933994847 3.816193366325726 3.817800798656605 3.8194082309874835 3.8210156633183625 3.8226230956492415 3.8242305279801205 3.825837960310999 3.827445392641878 3.829052824972757 3.830660257303636 3.832267689634518 3.8338751219653964 3.8354825542962754 3.8370899866271544 3.8386974189580334 3.840304851288912 3.841912283619791 3.84351971595067 3.8451271482815486 3.8467345806124276 3.8483420129433066 3.8499494452741856 3.851556877605064 3.853164309935946 3.854771742266825 3.856379174597704 3.857986606928583 3.8595940392594614 3.8612014715903404 3.8616721528480924 3.8609276214936927 3.860183090139293 3.8594385587848934 3.858694027430494 3.8579494960760945 3.857204964721695 3.856460433367294 3.855715902012894 3.854971370658495 3.8542268393040953 3.8534823079496956 3.852737776595296 3.8519932452408963
3.8182350659617152 3.819823422763939 3.8214117795661626 3.823000136368386 3.8245884931706096 3.8261768499728332 3.827765206775057 3.8293535635772806 3.8309419203795043 3.8325302771817276 3.8341186339839513 3.8357069907861776 3.8372953475884013 3.838883704390625 3.8404720611928487 3.842060417995072 3.8436487747972956 3.8452371315995193 3.846825488401743 3.8484138452039667 3.8500022020061904 3.8515905588084136 3.8531789156106373 3.854767272412861 3.8563556292150873 3.857943986017311 3.8595323428195347 3.8611206996217584 3.8627090564239817 3.8642974132262053 3.8647483614697493 3.863983394234212 3.8632184269986753 3.862453459763138 3.861688492527601 3.860923525292064 3.860158558056527 3.859393590820989 3.8586286235854517 3.8578636563499145 3.8570986891143777 3.8563337218788405 3.8555687546433037 3.8548037874077665
3.8218841979285836 3.823453479202152 3.8250227604757203 3.8265920417492882 3.8281613230228566 3.829730604296425 3.8312998855699933 3.8328691668435617 3.83443844811713 3.8360077293906985 3.837577010664267 3.839146291937838 3.840715573211406 3.8422848544849746 3.843854135758543 3.8454234170321113 3.8469926983056797 3.848561979579248 3.8501312608528164 3.851700542126385 3.853269823399953 3.8548391046735215 3.85640838594709 3.8579776672206583 3.8595469484942293 3.8611162297677972 3.8626855110413656 3.864254792314934 3.8658240735885023 3.8673933548620707 3.8678245700914067 3.867039166974732 3.8662537638580576 3.865468360741383 3.8646829576247086 3.8638975545080343 3.8631121513913595 3.862326748274684 3.8615413451580096 3.860755942041335 3.8599705389246606 3.859185135807986 3.8583997326913115 3.8576143295746372
3.8255333298954532 3.8270835356403663 3.8286337413852793 3.8301839471301924 3.8317341528751054 3.8332843586200185 3.8348345643649315 3.8363847701098446 3.8379349758547576 3.8394851815996707 3.8410353873445837 3.8425855930894994 3.8441357988344125 3.8456860045793255 3.8472362103242386 3.8487864160691516 3.8503366218140647 3.8518868275589777 3.8534370333038908 3.854987239048804 3.856537444793717 3.85808765053863 3.859637856283543 3.861188062028456 3.8627382677733717 3.8642884735182847 3.865838679263198 3.867388885008111 3.868939090753024 3.870489296497937 3.8709007787130645 3.8700949397152526 3.869289100717441 3.868483261719629 3.867677422721817 3.8668715837240053 3.866065744726193 3.86525990572838 3.864454066730568 3.863648227732756 3.8628423887349443 3.862036549737132 3.8612307107393202 3.8604248717415084
3.829182461862322 3.8307135920785798 3.8322447222948375 3.833775852511095 3.835306982727353 3.8368381129436107 3.8383692431598684 3.839900373376126 3.841431503592384 3.842962633808642 3.8444937640248997 3.84602489424116 3.847556024457418 3.8490871546736756 3.8506182848899333 3.852149415106191 3.8536805453224487 3.8552116755387065 3.856742805754964 3.858273935971222 3.8598050661874796 3.8613361964037374 3.862867326619995 3.864398456836253 3.865929587052513 3.867460717268771 3.8689918474850287 3.8705229777012864 3.8720541079175446 3.8735852381338023 3.8739769873347214 3.873150712455772 3.8723244375768227 3.8714981626978733 3.8706718878189244 3.869845612939975 3.8690193380610256 3.868193063182075 3.8673667883031255 3.866540513424176 3.8657142385452268 3.8648879636662774 3.864061688787328 3.8632354139083787
3.8328315938291904 3.8343436485167928 3.835855703204395 3.8373677578919976 3.8388798125796 3.840391867267203 3.8419039219548052 3.8434159766424076 3.84492803133001 3.8464400860176124 3.847952140705215 3.84946419539282 3.8509762500804228 3.852488304768025 3.8540003594556276 3.85551241414323 3.8570244688308324 3.8585365235184352 3.8600485782060376 3.86156063289364 3.8630726875812424 3.864584742268845 3.8660967969564477 3.86760885164405 3.869120906331655 3.8706329610192576 3.87214501570686 3.8736570703944624 3.8751691250820652 3.8766811797696676 3.8770531959563788 3.876206485196292 3.8753597744362054 3.8745130636761185 3.8736663529160316 3.8728196421559447 3.871972931395858 3.87112622063577 3.870279509875683 3.869432799115596 3.8685860883555097 3.8677393775954227 3.866892666835336 3.866045956075249
3.83648072579606 3.837973704955007 3.8394666841139546 3.8409596632729017 3.842452642431849 3.843945621590796 3.8454386007497434 3.8469315799086905 3.8484245590676376 3.8499175382265847 3.851410517385532 3.852903496544482 3.854396475703429 3.855889454862376 3.857382434021323 3.8588754131802707 3.860368392339218 3.861861371498165 3.863354350657112 3.8648473298160595 3.8663403089750066 3.8678332881339537 3.8693262672929007 3.8708192464518483 3.872312225610798 3.873805204769745 3.875298183928692 3.8767911630876393 3.878284142246587 3.879777121405534 3.880129404578037 3.8792622579368126 3.8783951112955886 3.877527964654364 3.87666081801314 3.8757936713719157 3.8749265247306917 3.874059378089466 3.8731922314482414 3.8723250848070174 3.871457938165793 3.870590791524569 3.8697236448833445 3.8688564982421205
3.841091148908291 3.8426285040754786 3.8441658592426666 3.845703214409854 3.847240569577042 3.8487779247442298 3.8503152799114173 3.8518526350786053 3.853389990245793 3.8549273454129804 3.8564647005801684 3.8580020557473587 3.859539410914546 3.8610767660817342 3.862614121248922 3.86415147641611 3.8656888315832973 3.867226186750485 3.868763541917673 3.8703008970848605 3.871838252252048 3.873375607419236 3.8749129625864236 3.8764503177536116 3.877987672920802 3.8795250280879894 3.8810623832551774 3.882599738422365 3.8841370935895525 3.8856744487567405 3.8860128693641007 3.885069601805345 3.8841263342465897 3.883183066687834 3.8822397991290787 3.881296531570323 3.880353264011567 3.8794099964528104 3.878466728894055 3.877523461335299 3.8765801937765434 3.875636926217788 3.8746936586590324 3.873750391100277
3.8467291316669514 3.8483786885361173 3.850028245405283 3.851677802274449 3.853327359143615 3.854976916012781 3.856626472881947 3.8582760297511127 3.8599255866202786 3.8615751434894445 3.8632247003586104 3.8648742572277794 3.8665238140969453 3.8681733709661112 3.869822927835277 3.871472484704443 3.873122041573609 3.874771598442775 3.8764211553119408 3.8780707121811067 3.8797202690502726 3.8813698259194385 3.8830193827886044 3.8846689396577703 3.886318496526939 3.8879680533961047 3.8896176102652706 3.8912671671344365 3.8929167240036024 3.8945662808727683 3.8948971140550364 3.8938182017845437 3.892739289514051 3.8916603772435585 3.8905814649730655 3.889502552702573 3.88842364043208 3.887344728161586 3.886265815891093 3.8851869036206006 3.884107991350108 3.8830290790796154 3.8819501668091227 3.8808712545386297
3.8523671144256144 3.854128872996758 3.8558906315679025 3.8576523901390467 3.859414148710191 3.8611759072813348 3.862937665852479 3.8646994244236232 3.866461182994767 3.8682229415659113 3.8699847001370555 3.8717464587082024 3.8735082172793467 3.875269975850491 3.8770317344216347 3.878793492992779 3.8805552515639232 3.882317010135067 3.8840787687062113 3.8858405272773555 3.8876022858484993 3.8893640444196436 3.891125802990788 3.892887561561932 3.894649320133079 3.896411078704223 3.898172837275367 3.8999345958465113 3.9016963544176555 3.9034581129887993 3.903781358745975 3.902566801763745 3.901352244781515 3.9001376877992855 3.8989231308170558 3.897708573834826 3.8964940168525963 3.8952794598703644 3.8940649028881347 3.892850345905905 3.8916357889236752 3.8904212319414455 3.889206674959216 3.8879921179769856
3.8580050971842748 3.859879057457397 3.8617530177305195 3.8636269780036416 3.8655009382767638 3.8673748985498864 3.8692488588230085 3.8711228190961307 3.872996779369253 3.8748707396423754 3.8767446999154975 3.878618660188623 3.8804926204617454 3.8823665807348675 3.8842405410079897 3.8861145012811122 3.8879884615542344 3.8898624218273565 3.891736382100479 3.8936103423736013 3.8954843026467234 3.8973582629198456 3.899232223192968 3.9011061834660903 3.9029801437392155 3.904854104012338 3.9067280642854603 3.9086020245585824 3.910475984831705 3.912349945104827 3.91266560343691 3.911315401742943 3.909965200048976 3.9086149983550094 3.9072647966610425 3.9059145949670757 3.904564393273109 3.90321419157914 3.901863989885173 3.900513788191206 3.8991635864972394 3.8978133848032726 3.8964631831093057 3.895112981415339
3.8636430799429347 3.865629241918035 3.8676154038931356 3.869601565868236 3.8715877278433366 3.873573889818437 3.8755600517935376 3.877546213768638 3.8795323757437385 3.881518537718839 3.8835046996939395 3.8854908616690436 3.887477023644144 3.889463185619244 3.8914493475943446 3.893435509569445 3.8954216715445455 3.897407833519646 3.8993939954947465 3.901380157469847 3.9033663194449475 3.905352481420048 3.9073386433951485 3.909324805370249 3.9113109673453526 3.913297129320453 3.9152832912955535 3.917269453270654 3.9192556152457545 3.921241777220855 3.9215498481278455 3.9200640017221415 3.9185781553164376 3.9170923089107337 3.9156064625050298 3.914120616099326 3.912634769693622 3.9111489232879153 3.9096630768822114 3.9081772304765074 3.9066913840708035 3.9052055376650996 3.9037196912593957 3.9022338448536917
3.8692810627015977 3.8713794263786765 3.873477790055755 3.8755761537328337 3.877674517409912 3.879772881086991 3.8818712447640698 3.883969608441148 3.886067972118227 3.888166335795306 3.890264699472384 3.8923630631494666 3.8944614268265454 3.8965597905036238 3.8986581541807026 3.9007565178577814 3.90285488153486 3.9049532452119387 3.9070516088890175 3.909149972566096 3.9112483362431747 3.913346699920253 3.915445063597332 3.9175434272744107 3.9196417909514927 3.9217401546285715 3.9238385183056503 3.9259368819827287 3.9280352456598076 3.9301336093368864 3.930434092818784 3.928812601701343 3.927191110583902 3.925569619466461 3.92394812834902 3.922326637231579 3.920705146114138 3.919083654996694 3.917462163879253 3.915840672761812 3.9142191816443708 3.9125976905269297 3.9109761994094887 3.9093547082920477
3.874919045460258 3.8771296108393147 3.879340176218372 3.8815507415974286 3.8837613069764854 3.885971872355542 3.8881824377345993 3.890393003113656 3.8926035684927127 3.8948141338717694 3.8970246992508266 3.899235264629887 3.901445830008944 3.903656395388001 3.9058669607670575 3.9080775261461143 3.910288091525171 3.912498656904228 3.914709222283285 3.9169197876623416 3.9191303530413983 3.9213409184204555 3.9235514837995122 3.925762049178569 3.9279726145576297 3.9301831799366864 3.932393745315743 3.9346043106948003 3.936814876073857 3.939025441452914 3.939318337509719 3.9375612016805412 3.935804065851363 3.934046930022185 3.932289794193007 3.9305326583638287 3.9287755225346506 3.9270183867054693 3.925261250876291 3.923504115047113 3.921746979217935 3.919989843388757 3.9182327075595786 3.9164755717304005
3.880557028218919 3.8828797952999534 3.8852025623809885 3.8875253294620236 3.8898480965430586 3.8921708636240937 3.8944936307051288 3.8968163977861634 3.8991391648671985 3.9014619319482335 3.9037846990292686 3.9061074661103077 3.9084302331913423 3.9107530002723774 3.9130757673534124 3.9153985344344475 3.9177213015154826 3.9200440685965177 3.9223668356775523 3.9246896027585874 3.9270123698396224 3.9293351369206575 3.9316579040016926 3.9339806710827276 3.9363034381637663 3.9386262052448013 3.9409489723258364 3.9432717394068715 3.9455945064879065 3.947917273568941 3.948202582200654 3.946309801659739 3.944417021118824 3.942524240577909 3.9406314600369936 3.9387386794960784 3.936845898955163 3.9349531184142448 3.9330603378733295 3.9311675573324143 3.929274776791499 3.9273819962505843 3.925489215709669 3.923596435168754
3.886195010977579 3.888629979760592 3.8910649485436055 3.8934999173266185 3.895934886109632 3.898369854892645 3.9008048236756583 3.9032397924586713 3.9056747612416847 3.9081097300246976 3.9105446988077106 3.912979667590728 3.9154146363737414 3.9178496051567544 3.920284573939768 3.922719542722781 3.925154511505794 3.927589480288807 3.93002444907182 3.9324594178548335 3.9348943866378465 3.93732935542086 3.939764324203873 3.9421992929868863 3.9446342617699037 3.9470692305529167 3.94950419933593 3.951939168118943 3.954374136901956 3.9568091056849695 3.9570868268915897 3.9550584016389374 3.953029976386285 3.951001551133633 3.948973125880981 3.9469447006283285 3.944916275375676 3.9428878501230207 3.9408594248703683 3.938830999617716 3.9368025743650636 3.9347741491124113 3.9327457238597594 3.930717298607107
3.8918329937362417 3.894380164221233 3.8969273347062248 3.899474505191216 3.9020216756762074 3.9045688461611987 3.90711601664619 3.9096631871311813 3.912210357616173 3.9147575281011644 3.9173046985861557 3.9198518690711515 3.9223990395561428 3.924946210041134 3.9274933805261254 3.9300405510111167 3.932587721496108 3.9351348919811 3.937682062466091 3.9402292329510824 3.9427764034360737 3.945323573921065 3.9478707444060563 3.950417914891048 3.9529650853760434 3.955512255861035 3.9580594263460265 3.960606596831018 3.963153767316009 3.9657009378010004 3.9659710715825285 3.963807001618139 3.9616429316537496 3.95947886168936 3.9573147917249707 3.9551507217605812 3.9529866517961922 3.950822581831799 3.94865851186741 3.9464944419030203 3.944330371938631 3.9421663019742414 3.940002232009852 3.9378381620454626
3.897470976494902 3.9001303486818713 3.902789720868841 3.9054490930558106 3.90810846524278 3.91076783742975 3.9134272096167195 3.9160865818036887 3.9187459539906584 3.921405326177628 3.9240646983645977 3.926724070551572 3.9293834427385415 3.9320428149255107 3.9347021871124803 3.93736155929945 3.9400209314864196 3.9426803036733893 3.9453396758603585 3.947999048047328 3.950658420234298 3.9533177924212675 3.955977164608237 3.9586365367952068 3.961295908982181 3.96395528116915 3.9666146533561197 3.9692740255430894 3.971933397730059 3.9745927699170287 3.9748553162734637 3.9725556015973376 3.970255886921211 3.9679561722450845 3.965656457568958 3.9633567428928314 3.9610570282167052 3.9587573135405747 3.956457598864448 3.954157884188322 3.9518581695121955 3.949558454836069 3.9472587401599424 3.944959025483816
3.9031089592535624 3.90588053314251 3.908652107031458 3.9114236809204055 3.9141952548093535 3.916966828698301 3.9197384025872486 3.9225099764761966 3.925281550365144 3.928053124254092 3.9308246981430397 3.933596272031992 3.93636784592094 3.9391394198098877 3.9419109936988352 3.9446825675877832 3.947454141476731 3.950225715365679 3.9529972892546263 3.955768863143574 3.958540437032522 3.9613120109214695 3.9640835848104174 3.966855158699365 3.9696267325883174 3.972398306477265 3.975169880366213 3.9779414542551605 3.9807130281441085 3.983484602033056 3.983739560964399 3.981304201576535 3.978868842188672 3.9764334828008083 3.9739981234129447 3.9715627640250815 3.969127404637218 3.96669204524935 3.9642566858614865 3.9618213264736233 3.9593859670857596 3.956950607697896 3.9545152483100323 3.952079888922169
