Figures/CREST_Example_wjb_NSE/PETs/wjb.pet.20100419.asc
ncols            288
nrows            254
xllcorner        113.274861
yllcorner        31.4918055
cellsize         0.008333333333
NODATA_value     -9999
[rows 120 to 139 of 254, columns 132 to 175 of 288]
1.4936619926709467 1.4908696688954608 1.488077345119975 1.485285021344489 1.4824926975690031 1.4797003737935173 1.4769080500180314 1.4741157262425455 1.4713234024670596 1.4685310786915737 1.4657387549160878 1.4629464311405973 1.4601541073651114 1.4573617835896255 1.4545694598141397 1.4517771360386538 1.4489848122631679 1.446192488487682 1.4434001647121961 1.4406078409367105 1.4378155171612246 1.4350231933857387 1.4322308696102528 1.429438545834767 1.4266462220592762 1.4238538982837905 1.4210615745083046 1.4182692507328187 1.4154769269573328 1.412684603181847 1.4100389649845888 1.4075501369886994 1.40506130899281 1.4025724809969204 1.4000836530010308 1.3975948250051413 1.3951059970092519 1.3926171690133582 1.3901283410174687 1.3876395130215793 1.3851506850256898 1.3826618570298004 1.3801730290339107 1.3776842010380212
1.4914346227806894 1.488575965505706 1.4857173082307227 1.4828586509557393 1.479999993680756 1.4771413364057724 1.474282679130789 1.4714240218558057 1.4685653645808223 1.465706707305839 1.4628480500308556 1.4599893927558671 1.4571307354808838 1.4542720782059004 1.451413420930917 1.4485547636559337 1.4456961063809504 1.4428374491059668 1.4399787918309834 1.437120134556 1.4342614772810167 1.4314028200060334 1.42854416273105 1.4256855054560664 1.4228268481810782 1.4199681909060948 1.4171095336311115 1.4142508763561281 1.4113922190811448 1.4085335618061612 1.4058498498451217 1.403353158382208 1.4008564669192944 1.3983597754563808 1.395863083993467 1.3933663925305533 1.3908697010676396 1.3883730096047218 1.3858763181418081 1.3833796266788945 1.3808829352159808 1.3783862437530672 1.3758895522901535 1.3733928608272397
1.4892072528904325 1.4862822621159517 1.4833572713414707 1.4804322805669898 1.4775072897925088 1.474582299018028 1.471657308243547 1.468732317469066 1.4658073266945852 1.4628823359201042 1.4599573451456234 1.4570323543711374 1.4541073635966564 1.4511823728221755 1.4482573820476947 1.4453323912732137 1.4424074004987328 1.4394824097242518 1.436557418949771 1.4336324281752901 1.430707437400809 1.4277824466263282 1.4248574558518472 1.4219324650773664 1.4190074743028804 1.4160824835283996 1.4131574927539186 1.4102325019794377 1.4073075112049567 1.4043825204304758 1.4016607347056549 1.399156179775717 1.3966516248457792 1.3941470699158411 1.3916425149859033 1.3891379600559655 1.3866334051260276 1.3841288501960856 1.3816242952661477 1.3791197403362099 1.376615185406272 1.374110630476334 1.3716060755463961 1.3691015206164583
1.4869798830001755 1.483988558726197 1.4809972344522184 1.4780059101782401 1.4750145859042616 1.472023261630283 1.4690319373563048 1.4660406130823262 1.4630492888083477 1.4600579645343694 1.457066640260391 1.4540753159864073 1.451083991712429 1.4480926674384504 1.445101343164472 1.4421100188904936 1.439118694616515 1.4361273703425366 1.4331360460685583 1.4301447217945797 1.4271533975206012 1.424162073246623 1.4211707489726444 1.4181794246986659 1.4151881004246825 1.412196776150704 1.4092054518767254 1.406214127602747 1.4032228033287686 1.4002314790547903 1.3974716195661878 1.3949592011692258 1.3924467827722637 1.3899343643753015 1.3874219459783395 1.3849095275813774 1.3823971091844154 1.3798846907874491 1.377372272390487 1.374859853993525 1.372347435596563 1.369835017199601 1.3673225988026387 1.3648101804056767
1.4847525131099162 1.4816948553364402 1.4786371975629642 1.4755795397894882 1.4725218820160122 1.469464224242536 1.46640656646906 1.463348908695584 1.460291250922108 1.457233593148632 1.454175935375156 1.4511182776016747 1.4480606198281987 1.4450029620547227 1.4419453042812467 1.4388876465077707 1.4358299887342945 1.4327723309608185 1.4297146731873425 1.4266570154138665 1.4235993576403905 1.4205416998669145 1.4174840420934385 1.4144263843199625 1.4113687265464812 1.4083110687730052 1.4052534109995292 1.402195753226053 1.399138095452577 1.396080437679101 1.3932825044267172 1.390762222562731 1.3882419406987445 1.3857216588347583 1.383201376970772 1.3806810951067858 1.3781608132427996 1.3756405313788092 1.373120249514823 1.3705999676508365 1.3680796857868502 1.365559403922864 1.3630391220588778 1.3605188401948916
1.4825251432196591 1.4794011519466856 1.476277160673712 1.4731531694007385 1.4700291781277648 1.4669051868547913 1.4637811955818179 1.4606572043088442 1.4575332130358707 1.4544092217628972 1.4512852304899235 1.4481612392169447 1.4450372479439713 1.4419132566709976 1.438789265398024 1.4356652741250506 1.432541282852077 1.4294172915791035 1.42629330030613 1.4231693090331563 1.4200453177601828 1.4169213264872094 1.4137973352142357 1.4106733439412622 1.4075493526682834 1.4044253613953097 1.4013013701223362 1.3981773788493626 1.395053387576389 1.3919293963034156 1.3890933892872503 1.3865652439562397 1.3840370986252293 1.3815089532942189 1.3789808079632084 1.376452662632198 1.3739245173011876 1.3713963719701727 1.3688682266391623 1.3663400813081519 1.3638119359771415 1.361283790646131 1.3587556453151206 1.3562274999841102
1.480297773329402 1.4771074485569309 1.4739171237844597 1.4707267990119888 1.4675364742395176 1.4643461494670467 1.4611558246945755 1.4579654999221043 1.4547751751496334 1.4515848503771622 1.4483945256046913 1.4452042008322148 1.4420138760597436 1.4388235512872725 1.4356332265148015 1.4324429017423304 1.4292525769698594 1.4260622521973882 1.422871927424917 1.4196816026524461 1.416491277879975 1.413300953107504 1.4101106283350329 1.4069203035625617 1.4037299787900852 1.4005396540176143 1.397349329245143 1.3941590044726722 1.390968679700201 1.3877783549277298 1.3849042741477833 1.3823682653497484 1.3798322565517138 1.3772962477536792 1.3747602389556446 1.37222423015761 1.3696882213595754 1.3671522125615363 1.3646162037635017 1.362080194965467 1.3595441861674324 1.3570081773693978 1.3544721685713632 1.3519361597733286
1.4780704034391448 1.4748137451671761 1.4715570868952077 1.468300428623239 1.4650437703512704 1.4617871120793018 1.4585304538073331 1.4552737955353647 1.452017137263396 1.4487604789914275 1.4455038207194588 1.4422471624474846 1.4389905041755162 1.4357338459035476 1.432477187631579 1.4292205293596103 1.4259638710876417 1.4227072128156733 1.4194505545437046 1.416193896271736 1.4129372379997673 1.4096805797277987 1.4064239214558303 1.4031672631838616 1.3999106049118875 1.3966539466399188 1.3933972883679502 1.3901406300959818 1.3868839718240131 1.3836273135520445 1.3807151590083162 1.3781712867432574 1.3756274144781986 1.3730835422131398 1.370539669948081 1.3679957976830222 1.3654519254179633 1.3629080531529 1.3603641808878413 1.3578203086227825 1.3552764363577237 1.3527325640926648 1.350188691827606 1.3476448195625472
1.4758430335488877 1.4725200417774216 1.4691970500059555 1.4658740582344894 1.4625510664630232 1.4592280746915571 1.455905082920091 1.452582091148625 1.4492590993771588 1.4459361076056925 1.4426131158342264 1.4392901240627547 1.4359671322912886 1.4326441405198225 1.4293211487483564 1.4259981569768903 1.4226751652054241 1.419352173433958 1.416029181662492 1.4127061898910256 1.4093831981195595 1.4060602063480934 1.4027372145766273 1.3994142228051611 1.3960912310336895 1.3927682392622234 1.3894452474907573 1.3861222557192912 1.3827992639478248 1.3794762721763587 1.3765260438688491 1.3739743081367661 1.3714225724046831 1.3688708366726001 1.3663191009405171 1.3637673652084341 1.361215629476351 1.3586638937442637 1.3561121580121807 1.3535604222800977 1.3510086865480146 1.3484569508159316 1.3459052150838486 1.3433534793517656
1.4736156636586306 1.4702263383876668 1.4668370131167032 1.4634476878457396 1.460058362574776 1.4566690373038123 1.4532797120328487 1.449890386761885 1.4465010614909215 1.4431117362199577 1.4397224109489941 1.4363330856780248 1.432943760407061 1.4295544351360974 1.4261651098651338 1.4227757845941702 1.4193864593232064 1.4159971340522428 1.4126078087812792 1.4092184835103156 1.4058291582393518 1.4024398329683883 1.3990505076974247 1.395661182426461 1.3922718571554915 1.388882531884528 1.3854932066135643 1.3821038813426008 1.378714556071637 1.3753252308006734 1.3723369287293823 1.369777329530275 1.367217730331168 1.3646581311320607 1.3620985319329535 1.3595389327338463 1.356979333534739 1.3544197343356275 1.3518601351365203 1.349300535937413 1.3467409367383059 1.3441813375391987 1.3416217383400915 1.3390621391409843
1.4713882937683733 1.4679326349979123 1.464476976227451 1.46102131745699 1.4575656586865287 1.4541099999160676 1.4506543411456063 1.4471986823751453 1.443743023604684 1.440287364834223 1.4368317060637616 1.4333760472932946 1.4299203885228335 1.4264647297523723 1.4230090709819112 1.41955341221145 1.4160977534409889 1.4126420946705276 1.4091864359000665 1.4057307771296053 1.4022751183591442 1.398819459588683 1.3953638008182219 1.3919081420477606 1.3884524832772935 1.3849968245068325 1.3815411657363712 1.3780855069659101 1.3746298481954489 1.3711741894249878 1.3681478135899152 1.3655803509237838 1.3630128882576524 1.360445425591521 1.3578779629253896 1.3553105002592583 1.3527430375931269 1.350175574926991 1.3476081122608596 1.3450406495947282 1.3424731869285969 1.3399057242624655 1.337338261596334 1.3347707989302027
1.4691609238781145 1.4656389316081557 1.462116939338197 1.4585949470682382 1.4550729547982795 1.4515509625283207 1.448028970258362 1.4445069779884032 1.4409849857184445 1.4374629934484857 1.433941001178527 1.4304190089085622 1.4268970166386035 1.4233750243686447 1.419853032098686 1.4163310398287272 1.4128090475587685 1.4092870552888097 1.4057650630188507 1.402243070748892 1.3987210784789332 1.3951990862089745 1.3916770939390157 1.388155101669057 1.3846331093990922 1.3811111171291335 1.3775891248591747 1.374067132589216 1.3705451403192572 1.3670231480492985 1.3639586984504446 1.361383372317289 1.3588080461841334 1.3562327200509778 1.3536573939178222 1.3510820677846667 1.348506741651511 1.345931415518351 1.3433560893851955 1.3407807632520399 1.3382054371188843 1.3356301109857287 1.3330547848525731 1.3304794587194175
1.4669335539878574 1.463345228218401 1.4597569024489447 1.4561685766794885 1.4525802509100323 1.4489919251405758 1.4454035993711196 1.4418152736016634 1.4382269478322072 1.4346386220627507 1.4310502962932945 1.427461970523832 1.4238736447543758 1.4202853189849196 1.4166969932154634 1.4131086674460072 1.4095203416765507 1.4059320159070945 1.4023436901376383 1.398755364368182 1.3951670385987256 1.3915787128292694 1.3879903870598131 1.384402061290357 1.3808137355208945 1.3772254097514383 1.3736370839819818 1.3700487582125256 1.3664604324430694 1.3628721066736131 1.3597695833109777 1.357186393710798 1.3546032041106182 1.3520200145104384 1.3494368249102586 1.3468536353100788 1.344270445709899 1.3416872561097148 1.339104066509535 1.3365208769093553 1.3339376873091755 1.3313544977089957 1.328771308108816 1.326188118508636
1.4647061840976001 1.4610515248286464 1.4573968655596925 1.4537422062907388 1.4500875470217849 1.4464328877528312 1.4427782284838773 1.4391235692149236 1.4354689099459697 1.431814250677016 1.428159591408062 1.4245049321391021 1.4208502728701484 1.4171956136011945 1.4135409543322408 1.4098862950632869 1.4062316357943332 1.4025769765253793 1.3989223172564256 1.3952676579874717 1.391612998718518 1.387958339449564 1.3843036801806103 1.3806490209116564 1.3769943616426965 1.3733397023737426 1.369685043104789 1.366030383835835 1.3623757245668813 1.3587210652979274 1.3555804681715107 1.3529894151043067 1.3503983620371027 1.3478073089698988 1.3452162559026948 1.3426252028354908 1.3400341497682868 1.3374430967010784 1.3348520436338744 1.3322609905666705 1.3296699374994665 1.3270788844322625 1.3244878313650585 1.3218967782978546
1.462478814207343 1.4587578214388917 1.4550368286704405 1.451315835901989 1.4475948431335377 1.4438738503650863 1.4401528575966351 1.4364318648281837 1.4327108720597324 1.4289898792912812 1.4252688865228298 1.4215478937543722 1.4178269009859208 1.4141059082174694 1.4103849154490182 1.4066639226805668 1.4029429299121154 1.3992219371436643 1.3955009443752129 1.3917799516067615 1.3880589588383103 1.384337966069859 1.3806169733014075 1.3768959805329564 1.3731749877644985 1.3694539949960474 1.365733002227596 1.3620120094591446 1.3582910166906934 1.354570023922242 1.3513913530320438 1.3487924364978157 1.3461935199635875 1.3435946034293593 1.3409956868951312 1.338396770360903 1.3357978538266748 1.3331989372924422 1.330600020758214 1.3280011042239859 1.3254021876897575 1.3228032711555293 1.3202043546213011 1.317605438087073
1.460251444317086 1.4564641180491371 1.4526767917811882 1.4488894655132394 1.4451021392452905 1.4413148129773417 1.4375274867093928 1.433740160441444 1.429952834173495 1.4261655079055462 1.4223781816375973 1.418590855369642 1.4148035291016932 1.4110162028337443 1.4072288765657956 1.4034415502978468 1.399654224029898 1.395866897761949 1.3920795714940002 1.3882922452260513 1.3845049189581025 1.3807175926901536 1.3769302664222047 1.3731429401542559 1.3693556138863006 1.3655682876183517 1.3617809613504028 1.357993635082454 1.354206308814505 1.3504189825465565 1.3472022378925768 1.3445954578913244 1.341988677890072 1.3393818978888197 1.3367751178875673 1.334168337886315 1.3315615578850626 1.3289547778838058 1.3263479978825534 1.323741217881301 1.3211344378800487 1.3185276578787963 1.315920877877544 1.3133140978762916
1.4580240744268287 1.4541704146593823 1.450316754891936 1.4464630951244897 1.4426094353570433 1.438755775589597 1.4349021158221504 1.431048456054704 1.4271947962872578 1.4233411365198114 1.419487476752365 1.415633816984912 1.4117801572174657 1.4079264974500194 1.404072837682573 1.4002191779151267 1.3963655181476802 1.3925118583802338 1.3886581986127875 1.3848045388453412 1.3809508790778948 1.3770972193104485 1.3732435595430021 1.3693898997755558 1.3655362400081028 1.3616825802406565 1.3578289204732101 1.3539752607057636 1.3501216009383172 1.346267941170871 1.34301312275311 1.3403984792848334 1.3377838358165568 1.3351691923482802 1.3325545488800037 1.3299399054117271 1.3273252619434506 1.3247106184751694 1.3220959750068928 1.3194813315386162 1.3168666880703397 1.3142520446020631 1.3116374011337866 1.30902275766551
1.4557967045365698 1.4518767112696258 1.447956718002682 1.444036724735738 1.440116731468794 1.4361967382018501 1.432276744934906 1.428356751667962 1.4244367584010182 1.4205167651340742 1.4165967718671302 1.4126767786001797 1.4087567853332357 1.4048367920662916 1.4009167987993478 1.3969968055324038 1.3930768122654598 1.389156818998516 1.385236825731572 1.3813168324646279 1.377396839197684 1.37347684593074 1.369556852663796 1.3656368593968522 1.3617168661299015 1.3577968728629575 1.3538768795960137 1.3499568863290696 1.3460368930621256 1.3421168997951818 1.3388240076136393 1.3362015006783385 1.3335789937430378 1.330956486807737 1.3283339798724363 1.3257114729371353 1.3230889660018346 1.3204664590665294 1.3178439521312286 1.3152214451959279 1.3125989382606271 1.3099764313253264 1.3073539243900256 1.3047314174547249
1.4535693346463128 1.4495830078798713 1.4455966811134298 1.4416103543469883 1.4376240275805467 1.4336377008141052 1.4296513740476637 1.4256650472812222 1.4216787205147807 1.4176923937483392 1.413706066981898 1.4097197402154495 1.405733413449008 1.4017470866825665 1.397760759916125 1.3937744331496837 1.3897881063832422 1.3858017796168007 1.3818154528503592 1.3778291260839177 1.3738427993174762 1.3698564725510347 1.3658701457845932 1.3618838190181517 1.3578974922517035 1.353911165485262 1.3499248387188205 1.345938511952379 1.3419521851859375 1.337965858419496 1.3346348924741722 1.3320045220718473 1.3293741516695223 1.3267437812671974 1.3241134108648724 1.3214830404625475 1.3188526700602223 1.316222299657893 1.313591929255568 1.310961558853243 1.3083311884509181 1.3057008180485932 1.3030704476462682 1.3004400772439433
1.4513419647560555 1.4472893044901165 1.4432366442241775 1.4391839839582385 1.4351313236922996 1.4310786634263606 1.4270260031604216 1.4229733428944824 1.4189206826285434 1.4148680223626044 1.4108153620966655 1.4067627018307196 1.4027100415647806 1.3986573812988417 1.3946047210329027 1.3905520607669635 1.3864994005010245 1.3824467402350855 1.3783940799691465 1.3743414197032076 1.3702887594372686 1.3662360991713296 1.3621834389053906 1.3581307786394516 1.3540781183735056 1.3500254581075666 1.3459727978416276 1.3419201375756886 1.3378674773097496 1.3338148170438107 1.3304457773347054 1.3278075434653562 1.325169309596007 1.322531075726658 1.3198928418573088 1.3172546079879597 1.3146163741186105 1.3119781402492567 1.3093399063799076 1.3067016725105585 1.3040634386412093 1.3014252047718602 1.298786970902511 1.296148737033162
