Figures/CREST_Example_wjb_NSE/PETs/wjb.pet.20101123.asc
ncols            288
nrows            254
xllcorner        113.274861
yllcorner        31.4918055
cellsize         0.008333333333
NODATA_value     -9999
[rows 152 to 170 of 254, columns 88 to 131 of 288]
0.9792436350076792 0.9793375855700687 0.979431536132458 0.9795254866948476 0.9796194372572371 0.9797133878196265 0.9798073383820158 0.9799012889444053 0.9799952395067947 0.9800891900691842 0.9801831406315735 0.980277091193963 0.9803710417563524 0.9804649923187417 0.9802997453222617 0.9798574102745828 0.9794150752269033 0.9789727401792244 0.9785304051315457 0.9780880700838668 0.977645735036188 0.9772033999885091 0.9767610649408304 0.9763187298931516 0.9758763948454727 0.975434059797794 0.9749917247501151 0.9745493897024363 0.9741070546547574 0.9736647196070779 0.973222384559399 0.9727800495117203 0.9723377144640414 0.9718953794163626 0.9714530443686837 0.971010709321005 0.9705683742733262 0.9701260392256473 0.9696837041779686 0.9692413691302897 0.9687990340826109 0.968356699034932 0.9679143639872525 0.9674720289395736
0.9804107317382218 0.9804514095047484 0.9804920872712749 0.9805327650378015 0.9805734428043281 0.9806141205708546 0.9806547983373812 0.9806954761039077 0.9807361538704343 0.9807768316369608 0.9808175094034874 0.9808581871700139 0.9808988649365405 0.980939542703067 0.9807486330753767 0.9803101512868002 0.9798716694982229 0.9794331877096464 0.9789947059210699 0.9785562241324933 0.9781177423439168 0.9776792605553403 0.9772407787667637 0.9768022969781872 0.9763638151896107 0.975925333401034 0.9754868516124575 0.975048369823881 0.9746098880353045 0.9741714062467273 0.9737329244581507 0.9732944426695742 0.9728559608809977 0.972417479092421 0.9719789973038445 0.971540515515268 0.9711020337266915 0.9706635519381149 0.9702250701495384 0.9697865883609619 0.9693481065723853 0.9689096247838088 0.9684711429952315 0.968032661206655
0.9815778284687645 0.9815652334394283 0.9815526384100919 0.9815400433807556 0.9815274483514193 0.981514853322083 0.9815022582927466 0.9814896632634104 0.981477068234074 0.9814644732047377 0.9814518781754014 0.9814392831460651 0.9814266881167287 0.9814140930873925 0.9811975208284919 0.9807628922990176 0.9803282637695426 0.9798936352400683 0.9794590067105942 0.9790243781811199 0.9785897496516456 0.9781551211221714 0.9777204925926971 0.9772858640632229 0.9768512355337486 0.9764166070042744 0.9759819784748002 0.9755473499453259 0.9751127214158517 0.9746780928863766 0.9742434643569025 0.9738088358274282 0.973374207297954 0.9729395787684797 0.9725049502390054 0.9720703217095312 0.9716356931800569 0.9712010646505828 0.9707664361211085 0.9703318075916342 0.96989717906216 0.9694625505326857 0.9690279220032108 0.9685932934737365
0.9827449251993071 0.982679057374108 0.9826131895489087 0.9825473217237095 0.9824814538985104 0.9824155860733111 0.982349718248112 0.9822838504229128 0.9822179825977136 0.9821521147725144 0.9820862469473153 0.982020379122116 0.9819545112969169 0.9818886434717177 0.9816464085816069 0.981215633311235 0.9807848580408622 0.9803540827704903 0.9799233075001184 0.9794925322297463 0.9790617569593744 0.9786309816890024 0.9782002064186305 0.9777694311482585 0.9773386558778866 0.9769078806075147 0.9764771053371427 0.9760463300667708 0.9756155547963987 0.9751847795260261 0.9747540042556542 0.9743232289852821 0.9738924537149102 0.9734616784445382 0.9730309031741663 0.9726001279037944 0.9721693526334224 0.9717385773630505 0.9713078020926785 0.9708770268223065 0.9704462515519345 0.9700154762815626 0.9695847010111899 0.9691539257408179
0.9839120219298498 0.9837928813087878 0.9836737406877257 0.9835546000666635 0.9834354594456015 0.9833163188245394 0.9831971782034774 0.9830780375824153 0.9829588969613533 0.9828397563402913 0.9827206157192292 0.9826014750981672 0.9824823344771051 0.9823631938560431 0.982095296334722 0.9816683743234523 0.981241452312182 0.9808145303009123 0.9803876082896426 0.979960686278373 0.9795337642671033 0.9791068422558336 0.9786799202445639 0.9782529982332943 0.9778260762220246 0.9773991542107549 0.9769722321994853 0.9765453101882156 0.9761183881769459 0.9756914661656755 0.9752645441544058 0.9748376221431361 0.9744107001318665 0.9739837781205968 0.9735568561093271 0.9731299340980575 0.9727030120867878 0.9722760900755181 0.9718491680642485 0.9714222460529788 0.9709953240417091 0.9705684020304394 0.970141480019169 0.9697145580078993
0.9850791186603935 0.9849067052434686 0.9847342918265436 0.9845618784096184 0.9843894649926934 0.9842170515757684 0.9840446381588435 0.9838722247419186 0.9836998113249936 0.9835273979080686 0.9833549844911437 0.9831825710742188 0.9830101576572938 0.9828377442403688 0.9825441840878375 0.9821211153356701 0.981698046583502 0.9812749778313347 0.9808519090791672 0.9804288403269998 0.9800057715748325 0.9795827028226651 0.9791596340704977 0.9787365653183303 0.978313496566163 0.9778904278139956 0.9774673590618281 0.9770442903096608 0.9766212215574934 0.9761981528053253 0.9757750840531579 0.9753520153009906 0.9749289465488231 0.9745058777966558 0.9740828090444884 0.973659740292321 0.9732366715401537 0.9728136027879862 0.9723905340358189 0.9719674652836515 0.9715443965314842 0.9711213277793167 0.9706982590271487 0.9702751902749812
0.9862462153909362 0.9860205291781484 0.9857948429653606 0.9855691567525724 0.9853434705397845 0.9851177843269967 0.9848920981142089 0.984666411901421 0.9844407256886333 0.9842150394758454 0.9839893532630576 0.9837636670502697 0.9835379808374819 0.9833122946246942 0.9829930718409525 0.9825738563478874 0.9821546408548216 0.9817354253617565 0.9813162098686914 0.9808969943756264 0.9804777788825613 0.9800585633894962 0.979639347896431 0.979220132403366 0.9788009169103009 0.9783817014172358 0.9779624859241707 0.9775432704311056 0.9771240549380406 0.9767048394449747 0.9762856239519097 0.9758664084588445 0.9754471929657794 0.9750279774727143 0.9746087619796493 0.9741895464865842 0.9737703309935191 0.973351115500454 0.9729319000073889 0.9725126845143238 0.9720934690212587 0.9716742535281936 0.9712550380351278 0.9708358225420627
0.9874133121214789 0.9871343531128282 0.9868553941041776 0.9865764350955264 0.9862974760868757 0.986018517078225 0.9857395580695743 0.9854605990609236 0.9851816400522729 0.9849026810436222 0.9846237220349715 0.9843447630263209 0.9840658040176702 0.9837868450090195 0.9834419595940677 0.9830265973601049 0.9826112351261413 0.9821958728921786 0.9817805106582157 0.9813651484242529 0.9809497861902902 0.9805344239563273 0.9801190617223645 0.9797036994884017 0.9792883372544389 0.9788729750204761 0.9784576127865133 0.9780422505525505 0.9776268883185877 0.9772115260846241 0.9767961638506614 0.9763808016166986 0.9759654393827357 0.975550077148773 0.9751347149148102 0.9747193526808473 0.9743039904468845 0.9738886282129218 0.9734732659789589 0.9730579037449961 0.9726425415110334 0.9722271792770705 0.971811817043107 0.9713964548091442
0.9885804088520215 0.988248177047508 0.9879159452429944 0.9875837134384803 0.9872514816339667 0.9869192498294532 0.9865870180249396 0.9862547862204261 0.9859225544159125 0.985590322611399 0.9852580908068854 0.9849258590023718 0.9845936271978584 0.9842613953933448 0.9838908473471827 0.9834793383723222 0.983067829397461 0.9826563204226004 0.9822448114477399 0.9818333024728794 0.9814217934980188 0.9810102845231583 0.9805987755482979 0.9801872665734374 0.9797757575985768 0.9793642486237163 0.9789527396488558 0.9785412306739952 0.9781297216991347 0.9777182127242735 0.977306703749413 0.9768951947745524 0.9764836857996919 0.9760721768248314 0.975660667849971 0.9752491588751104 0.9748376499002499 0.9744261409253894 0.9740146319505288 0.9736031229756683 0.9731916140008078 0.9727801050259473 0.972368596051086 0.9719570870762255
0.9897475055825641 0.9893620009821877 0.9889764963818113 0.9885909917814342 0.9882054871810578 0.9878199825806814 0.9874344779803049 0.9870489733799286 0.9866634687795521 0.9862779641791757 0.9858924595787993 0.9855069549784229 0.9851214503780464 0.9847359457776701 0.9843397351002977 0.9839320793845395 0.9835244236687806 0.9831167679530223 0.9827091122372641 0.9823014565215059 0.9818938008057476 0.9814861450899894 0.9810784893742311 0.980670833658473 0.9802631779427148 0.9798555222269565 0.9794478665111983 0.97904021079544 0.9786325550796818 0.9782248993639229 0.9778172436481647 0.9774095879324064 0.9770019322166482 0.97659427650089 0.9761866207851317 0.9757789650693736 0.9753713093536153 0.9749636536378571 0.9745559979220989 0.9741483422063406 0.9737406864905824 0.9733330307748241 0.9729253750590653 0.972517719343307
0.9909146023131069 0.9904758249168676 0.9900370475206283 0.9895982701243883 0.989159492728149 0.9887207153319097 0.9882819379356704 0.9878431605394311 0.9874043831431919 0.9869656057469526 0.9865268283507133 0.986088050954474 0.9856492735582347 0.9852104961619954 0.9847886228534128 0.9843848203967569 0.9839810179401003 0.9835772154834443 0.9831734130267884 0.9827696105701325 0.9823658081134765 0.9819620056568206 0.9815582032001646 0.9811544007435087 0.9807505982868527 0.9803467958301968 0.9799429933735408 0.9795391909168849 0.979135388460229 0.9787315860035724 0.9783277835469164 0.9779239810902605 0.9775201786336045 0.9771163761769486 0.9767125737202926 0.9763087712636367 0.9759049688069807 0.9755011663503248 0.9750973638936689 0.9746935614370129 0.974289758980357 0.973885956523701 0.9734821540670444 0.9730783516103885
0.9920816990436505 0.9915896488515483 0.9910975986594461 0.9906055484673431 0.9901134982752409 0.9896214480831387 0.9891293978910365 0.9886373476989343 0.9881452975068321 0.9876532473147299 0.9871611971226277 0.9866691469305255 0.9861770967384234 0.9856850465463212 0.9852375106065283 0.9848375614089747 0.9844376122114203 0.9840376630138666 0.983637713816313 0.9832377646187593 0.9828378154212057 0.982437866223652 0.9820379170260984 0.9816379678285447 0.9812380186309911 0.9808380694334374 0.9804381202358838 0.9800381710383301 0.9796382218407765 0.9792382726432222 0.9788383234456686 0.9784383742481149 0.9780384250505613 0.9776384758530076 0.977238526655454 0.9768385774579003 0.9764386282603467 0.976038679062793 0.9756387298652394 0.9752387806676857 0.9748388314701321 0.9744388822725784 0.9740389330750241 0.9736389838774704
0.9932487957741931 0.9927034727862281 0.992158149798263 0.991612826810297 0.991067503822332 0.9905221808343669 0.9899768578464019 0.9894315348584368 0.9888862118704718 0.9883408888825067 0.9877955658945416 0.9872502429065766 0.9867049199186115 0.9861595969306465 0.9856863983596433 0.985290302421192 0.98489420648274 0.9844981105442886 0.9841020146058372 0.9837059186673859 0.9833098227289345 0.9829137267904832 0.9825176308520318 0.9821215349135803 0.981725438975129 0.9813293430366776 0.9809332470982263 0.9805371511597749 0.9801410552213236 0.9797449592828715 0.9793488633444202 0.9789527674059688 0.9785566714675175 0.9781605755290661 0.9777644795906147 0.9773683836521634 0.976972287713712 0.9765761917752607 0.9761800958368093 0.975783999898358 0.9753879039599065 0.9749918080214551 0.9745957120830031 0.9741996161445517
0.9944158925047358 0.9938172967209079 0.99321870093708 0.992620105153251 0.9920215093694231 0.9914229135855952 0.9908243178017673 0.9902257220179393 0.9896271262341114 0.9890285304502835 0.9884299346664556 0.9878313388826276 0.9872327430987997 0.9866341473149718 0.9861352861127585 0.9857430434334093 0.9853508007540597 0.9849585580747106 0.9845663153953615 0.9841740727160124 0.9837818300366633 0.9833895873573143 0.9829973446779652 0.9826051019986162 0.982212859319267 0.9818206166399179 0.9814283739605689 0.9810361312812198 0.9806438886018707 0.980251645922521 0.9798594032431719 0.9794671605638229 0.9790749178844738 0.9786826752051246 0.9782904325257756 0.9778981898464265 0.9775059471670775 0.9771137044877284 0.9767214618083793 0.9763292191290303 0.9759369764496811 0.975544733770332 0.9751524910909823 0.9747602484116332
0.9955829892352784 0.9949311206555876 0.9942792520758968 0.9936273834962049 0.9929755149165143 0.9923236463368235 0.9916717777571327 0.9910199091774419 0.9903680405977511 0.9897161720180603 0.9890643034383695 0.9884124348586787 0.9877605662789879 0.9871086976992971 0.9865841738658735 0.9861957844456267 0.9858073950253793 0.9854190056051325 0.9850306161848857 0.9846422267646389 0.9842538373443921 0.9838654479241453 0.9834770585038985 0.9830886690836518 0.982700279663405 0.9823118902431582 0.9819235008229114 0.9815351114026646 0.9811467219824178 0.9807583325621704 0.9803699431419236 0.9799815537216768 0.9795931643014301 0.9792047748811833 0.9788163854609364 0.9784279960406896 0.9780396066204429 0.9776512172001961 0.9772628277799493 0.9768744383597026 0.9764860489394558 0.9760976595192089 0.9757092700989615 0.9753208806787147
0.9967500859658212 0.9960449445902676 0.9953398032147139 0.994634661839159 0.9939295204636054 0.9932243790880517 0.9925192377124981 0.9918140963369444 0.9911089549613907 0.9904038135858371 0.9896986722102835 0.9889935308347299 0.9882883894591762 0.9875832480836225 0.9870330616189886 0.9866485254578441 0.986263989296699 0.9858794531355545 0.9854949169744099 0.9851103808132655 0.984725844652121 0.9843413084909765 0.9839567723298319 0.9835722361686875 0.983187700007543 0.9828031638463984 0.9824186276852539 0.9820340915241095 0.9816495553629649 0.9812650192018197 0.9808804830406753 0.9804959468795308 0.9801114107183863 0.9797268745572417 0.9793423383960973 0.9789578022349528 0.9785732660738082 0.9781887299126637 0.9778041937515193 0.9774196575903747 0.9770351214292302 0.9766505852680858 0.9762660491069406 0.9758815129457961
0.9979171826963638 0.9971587685249472 0.9964003543535307 0.9956419401821129 0.9948835260106964 0.9941251118392799 0.9933666976678633 0.9926082834964469 0.9918498693250304 0.9910914551536139 0.9903330409821973 0.9895746268107808 0.9888162126393643 0.9880577984679477 0.9874819493721037 0.9871012664700615 0.9867205835680186 0.9863399006659764 0.9859592177639341 0.985578534861892 0.9851978519598498 0.9848171690578076 0.9844364861557653 0.9840558032537231 0.9836751203516809 0.9832944374496387 0.9829137545475964 0.9825330716455543 0.9821523887435121 0.9817717058414692 0.9813910229394269 0.9810103400373847 0.9806296571353426 0.9802489742333004 0.9798682913312581 0.9794876084292159 0.9791069255271737 0.9787262426251315 0.9783455597230892 0.977964876821047 0.9775841939190049 0.9772035110169626 0.9768228281149197 0.9764421452128775
0.9990842794269065 0.9982725924596271 0.9974609054923477 0.9966492185250669 0.9958375315577875 0.9950258445905081 0.9942141576232287 0.9934024706559493 0.9925907836886699 0.9917790967213906 0.9909674097541112 0.9901557227868318 0.9893440358195524 0.988532348852273 0.9879308371252187 0.9875540074822787 0.9871771778393382 0.9868003481963983 0.9864235185534583 0.9860466889105185 0.9856698592675786 0.9852930296246386 0.9849161999816987 0.9845393703387587 0.9841625406958189 0.9837857110528789 0.983408881409939 0.983032051766999 0.9826552221240591 0.9822783924811186 0.9819015628381786 0.9815247331952387 0.9811479035522989 0.9807710739093589 0.980394244266419 0.980017414623479 0.9796405849805391 0.9792637553375992 0.9788869256946593 0.9785100960517193 0.9781332664087794 0.9777564367658395 0.977379607122899 0.977002777479959
1.00025137615745 0.9993864163943078 0.9985214566311655 0.9976564968680217 0.9967915371048794 0.9959265773417372 0.9950616175785948 0.9941966578154525 0.9933316980523103 0.992466738289168 0.9916017785260257 0.9907368187628833 0.9898718589997411 0.9890068992365988 0.9883797248783341 0.9880067484944965 0.9876337721106583 0.9872607957268207 0.986887819342983 0.9865148429591454 0.9861418665753078 0.9857688901914701 0.9853959138076325 0.9850229374237949 0.9846499610399572 0.9842769846561196 0.983904008272282 0.9835310318884444 0.9831580555046067 0.9827850791207684 0.9824121027369308 0.9820391263530932 0.9816661499692555 0.9812931735854179 0.9809201972015803 0.9805472208177426 0.980174244433905 0.9798012680500674 0.9794282916662297 0.9790553152823921 0.9786823388985545 0.9783093625147168 0.9779363861308785 0.9775634097470409
