Figures/CREST_Example_wjb_NSE/PETs/wjb.pet.20101023.asc
ncols            288
nrows            254
xllcorner        113.274861
yllcorner        31.4918055
cellsize         0.008333333333
NODATA_value     -9999
[rows 120 to 139 of 254, columns 132 to 175 of 288]
1.5123208065834857 1.5134601266085335 1.5145994466335813 1.5157387666586293 1.516878086683677 1.518017406708725 1.5191567267337729 1.520296046758821 1.5214353667838687 1.5225746868089167 1.5237140068339645 1.5248533268590143 1.5259926468840623 1.5271319669091101 1.5282712869341581 1.529410606959206 1.5305499269842537 1.5316892470093018 1.5328285670343496 1.5339678870593976 1.5351072070844454 1.5362465271094934 1.5373858471345412 1.5385251671595892 1.539664487184639 1.5408038072096868 1.5419431272347348 1.5430824472597826 1.5442217672848306 1.5453610873098784 1.5465378776717176 1.5477547246712202 1.548971571670723 1.550188418670226 1.5514052656697286 1.5526221126692314 1.5538389596687343 1.5550558066682392 1.556272653667742 1.557489500667245 1.5587063476667475 1.5599231946662504 1.5611400416657533 1.562356888665256
1.5157835032690323 1.516881304175175 1.5179791050813178 1.5190769059874607 1.5201747068936033 1.5212725077997462 1.5223703087058889 1.5234681096120317 1.5245659105181746 1.5256637114243172 1.52676151233046 1.5278593132366047 1.5289571141427474 1.5300549150488902 1.531152715955033 1.5322505168611757 1.5333483177673186 1.5344461186734613 1.5355439195796041 1.5366417204857468 1.5377395213918896 1.5388373222980325 1.5399351232041751 1.541032924110318 1.5421307250164626 1.5432285259226053 1.5443263268287482 1.545424127734891 1.5465219286410337 1.5476197295471765 1.5487637868091788 1.5499572931619816 1.5511507995147844 1.5523443058675872 1.55353781222039 1.5547313185731928 1.5559248249259956 1.5571183312788004 1.5583118376316032 1.559505343984406 1.5606988503372088 1.5618923566900116 1.5630858630428144 1.5642793693956172
1.5192461999545788 1.5203024817418165 1.5213587635290542 1.522415045316292 1.5234713271035294 1.524527608890767 1.5255838906780048 1.5266401724652425 1.52769645425248 1.5287527360397177 1.5298090178269554 1.530865299614195 1.5319215814014324 1.5329778631886701 1.5340341449759078 1.5350904267631456 1.536146708550383 1.5372029903376208 1.5382592721248585 1.5393155539120962 1.540371835699334 1.5414281174865714 1.542484399273809 1.5435406810610468 1.5445969628482863 1.5456532446355238 1.5467095264227615 1.5477658082099992 1.548822089997237 1.5498783717844744 1.55098969594664 1.5521598616527428 1.5533300273588455 1.5545001930649485 1.5556703587710512 1.556840524477154 1.5580106901832567 1.5591808558893616 1.5603510215954643 1.561521187301567 1.5626913530076698 1.5638615187137728 1.5650316844198755 1.5662018501259782
1.5227088966401254 1.5237236593084578 1.5247384219767903 1.5257531846451229 1.5267679473134554 1.527782709981788 1.5287974726501206 1.5298122353184531 1.5308269979867857 1.5318417606551182 1.5328565233234508 1.533871285991785 1.5348860486601175 1.53590081132845 1.5369155739967826 1.5379303366651151 1.5389450993334477 1.5399598620017803 1.5409746246701128 1.5419893873384451 1.5430041500067777 1.5440189126751103 1.5450336753434428 1.5460484380117754 1.5470632006801097 1.5480779633484423 1.5490927260167746 1.5501074886851072 1.5511222513534397 1.5521370140217723 1.553215605084101 1.554362430143504 1.5555092552029066 1.5566560802623095 1.5578029053217122 1.558949730381115 1.560096555440518 1.5612433804999226 1.5623902055593253 1.5635370306187282 1.564683855678131 1.5658306807375337 1.5669775057969366 1.5681243308563393
1.5261715933256748 1.5271448368751022 1.5281180804245296 1.529091323973957 1.5300645675233844 1.5310378110728118 1.532011054622239 1.5329842981716664 1.5339575417210938 1.5349307852705212 1.5359040288199486 1.5368772723693778 1.5378505159188052 1.5388237594682324 1.5397970030176598 1.5407702465670872 1.5417434901165146 1.542716733665942 1.5436899772153694 1.5446632207647968 1.5456364643142242 1.5466097078636516 1.547582951413079 1.5485561949625064 1.5495294385119354 1.5505026820613628 1.5514759256107902 1.5524491691602176 1.553422412709645 1.5543956562590724 1.5554415142215643 1.5565649986342671 1.55768848304697 1.5588119674596728 1.5599354518723754 1.5610589362850782 1.562182420697781 1.5633059051104856 1.5644293895231884 1.565552873935891 1.5666763583485939 1.5677998427612967 1.5689233271739995 1.5700468115867021
1.5296342900112214 1.5305660144417437 1.531497738872266 1.5324294633027882 1.5333611877333104 1.5342929121638327 1.535224636594355 1.5361563610248772 1.5370880854553997 1.538019809885922 1.5389515343164442 1.539883258746968 1.5408149831774902 1.5417467076080125 1.5426784320385347 1.543610156469057 1.5445418808995792 1.5454736053301015 1.5464053297606237 1.547337054191146 1.5482687786216682 1.5492005030521905 1.5501322274827127 1.551063951913235 1.5519956763437588 1.552927400774281 1.5538591252048035 1.5547908496353258 1.555722574065848 1.5566542984963703 1.5576674233590255 1.5587675671250283 1.559867710891031 1.5609678546570338 1.5620679984230366 1.5631681421890393 1.564268285955042 1.5653684297210466 1.5664685734870494 1.5675687172530521 1.568668861019055 1.5697690047850577 1.5708691485510604 1.5719692923170632
1.533096986696768 1.5339871920083852 1.5348773973200023 1.5357676026316194 1.5366578079432365 1.5375480132548538 1.538438218566471 1.539328423878088 1.540218629189705 1.5411088345013222 1.5419990398129395 1.5428892451245582 1.5437794504361753 1.5446696557477924 1.5455598610594095 1.5464500663710268 1.5473402716826439 1.548230476994261 1.549120682305878 1.5500108876174952 1.5509010929291125 1.5517912982407296 1.5526815035523467 1.5535717088639638 1.5544619141755824 1.5553521194871995 1.5562423247988169 1.557132530110434 1.558022735422051 1.5589129407336682 1.5598933324964868 1.5609701356157895 1.5620469387350921 1.563123741854395 1.5642005449736978 1.5652773480930005 1.5663541512123031 1.5674309543316078 1.5685077574509105 1.5695845605702132 1.5706613636895161 1.5717381668088188 1.5728149699281215 1.5738917730474242
1.5365596833823145 1.5374083695750265 1.5382570557677386 1.5391057419604506 1.5399544281531625 1.5408031143458747 1.5416518005385866 1.5425004867312986 1.5433491729240107 1.5441978591167227 1.5450465453094346 1.5458952315021481 1.5467439176948603 1.5475926038875722 1.5484412900802842 1.5492899762729964 1.5501386624657083 1.5509873486584203 1.5518360348511324 1.5526847210438444 1.5535334072365563 1.5543820934292685 1.5552307796219804 1.5560794658146924 1.5569281520074059 1.557776838200118 1.55862552439283 1.559474210585542 1.560322896778254 1.561171582970966 1.5621192416339478 1.5631727041065506 1.5642261665791533 1.565279629051756 1.5663330915243587 1.5673865539969616 1.5684400164695642 1.5694934789421688 1.5705469414147715 1.5716004038873743 1.572653866359977 1.5737073288325798 1.5747607913051827 1.5758142537777853
1.540022380067861 1.540829547141668 1.5416367142154748 1.5424438812892818 1.5432510483630886 1.5440582154368956 1.5448653825107024 1.5456725495845094 1.5464797166583162 1.5472868837321232 1.54809405080593 1.5489012178797383 1.5497083849535453 1.5505155520273521 1.5513227191011592 1.552129886174966 1.552937053248773 1.5537442203225797 1.5545513873963868 1.5553585544701936 1.5561657215440006 1.5569728886178074 1.5577800556916144 1.5585872227654212 1.5593943898392295 1.5602015569130365 1.5610087239868433 1.5618158910606503 1.5626230581344571 1.5634302252082641 1.564345150771409 1.5653752725973118 1.5664053944232146 1.5674355162491174 1.5684656380750202 1.5694957599009227 1.5705258817268255 1.57155600355273 1.5725861253786328 1.5736162472045356 1.5746463690304382 1.575676490856341 1.5767066126822438 1.5777367345081466
1.5434850767534078 1.5442507247083095 1.5450163726632113 1.5457820206181132 1.5465476685730148 1.5473133165279167 1.5480789644828186 1.5488446124377202 1.549610260392622 1.550375908347524 1.5511415563024256 1.5519072042573288 1.5526728522122304 1.5534385001671323 1.5542041481220341 1.5549697960769358 1.5557354440318376 1.5565010919867395 1.557266739941641 1.558032387896543 1.5587980358514448 1.5595636838063465 1.5603293317612483 1.5610949797161502 1.5618606276710532 1.562626275625955 1.5633919235808567 1.5641575715357585 1.5649232194906604 1.565688867445562 1.5665710599088705 1.5675778410880732 1.568584622267276 1.5695914034464786 1.5705981846256813 1.571604965804884 1.5726117469840868 1.5736185281632913 1.574625309342494 1.5756320905216967 1.5766388717008994 1.5776456528801022 1.5786524340593049 1.5796592152385076
1.5469477734389543 1.547671902274951 1.5483960311109477 1.5491201599469442 1.549844288782941 1.5505684176189376 1.5512925464549343 1.552016675290931 1.5527408041269275 1.5534649329629242 1.554189061798921 1.5549131906349187 1.5556373194709154 1.5563614483069121 1.5570855771429088 1.5578097059789053 1.558533834814902 1.5592579636508987 1.5599820924868955 1.5607062213228922 1.5614303501588886 1.5621544789948854 1.562878607830882 1.5636027366668788 1.5643268655028766 1.5650509943388733 1.56577512317487 1.5664992520108665 1.5672233808468632 1.56794750968286 1.5687969690463315 1.5697804095788341 1.5707638501113368 1.5717472906438397 1.5727307311763423 1.5737141717088452 1.5746976122413479 1.5756810527738523 1.576664493306355 1.5776479338388578 1.5786313743713605 1.5796148149038631 1.580598255436366 1.5815816959688687
1.5504104701245036 1.5510930798415952 1.5517756895586867 1.5524582992757783 1.5531409089928698 1.5538235187099612 1.5545061284270527 1.5551887381441443 1.5558713478612358 1.5565539575783274 1.557236567295419 1.5579191770125116 1.5586017867296031 1.5592843964466945 1.559967006163786 1.5606496158808776 1.5613322255979691 1.5620148353150607 1.562697445032152 1.5633800547492436 1.5640626644663351 1.5647452741834267 1.5654278839005182 1.5661104936176098 1.5667931033347025 1.567475713051794 1.5681583227688853 1.568840932485977 1.5695235422030684 1.57020615192016 1.5710228781837947 1.5719829780695973 1.5729430779554001 1.5739031778412027 1.5748632777270055 1.575823377612808 1.576783477498611 1.5777435773844153 1.5787036772702179 1.5796637771560207 1.5806238770418233 1.581583976927626 1.5825440768134287 1.5835041766992315
1.5538731668100505 1.554514257408237 1.5551553480064233 1.5557964386046095 1.5564375292027959 1.5570786198009823 1.5577197103991687 1.558360800997355 1.5590018915955415 1.5596429821937279 1.5602840727919143 1.5609251633901018 1.5615662539882882 1.5622073445864746 1.562848435184661 1.5634895257828474 1.5641306163810338 1.56477170697922 1.5654127975774064 1.5660538881755928 1.5666949787737792 1.5673360693719656 1.567977159970152 1.5686182505683384 1.5692593411665259 1.5699004317647123 1.5705415223628987 1.571182612961085 1.5718237035592715 1.5724647941574579 1.5732487873212557 1.5741855465603585 1.5751223057994612 1.576059065038564 1.5769958242776665 1.5779325835167692 1.578869342755872 1.5798061019949763 1.580742861234079 1.5816796204731818 1.5826163797122845 1.583553138951387 1.5844898981904898 1.5854266574295925
1.557335863495597 1.5579354349748782 1.5585350064541594 1.5591345779334407 1.559734149412722 1.5603337208920034 1.5609332923712846 1.5615328638505659 1.5621324353298471 1.5627320068091284 1.5633315782884096 1.563931149767692 1.5645307212469732 1.5651302927262545 1.5657298642055357 1.566329435684817 1.5669290071640982 1.5675285786433795 1.5681281501226607 1.5687277216019422 1.5693272930812234 1.5699268645605047 1.570526436039786 1.5711260075190672 1.5717255789983495 1.5723251504776308 1.572924721956912 1.5735242934361933 1.5741238649154745 1.5747234363947558 1.575474696458717 1.5763881150511196 1.5773015336435225 1.5782149522359252 1.579128370828328 1.5800417894207306 1.5809552080131333 1.5818686266055375 1.5827820451979402 1.5836954637903429 1.5846088823827456 1.5855223009751482 1.586435719567551 1.5873491381599536
1.5607985601811434 1.5613566125415197 1.5619146649018958 1.5624727172622719 1.563030769622648 1.5635888219830243 1.5641468743434004 1.5647049267037765 1.5652629790641526 1.5658210314245289 1.566379083784905 1.566937136145282 1.5674951885056583 1.5680532408660344 1.5686112932264105 1.5691693455867866 1.5697273979471629 1.570285450307539 1.570843502667915 1.5714015550282912 1.5719596073886672 1.5725176597490436 1.5730757121094197 1.5736337644697957 1.574191816830173 1.574749869190549 1.5753079215509251 1.5758659739113012 1.5764240262716775 1.5769820786320536 1.5777006055961782 1.5785906835418808 1.5794807614875834 1.5803708394332863 1.5812609173789889 1.5821509953246915 1.5830410732703943 1.5839311512160985 1.5848212291618011 1.585711307107504 1.5866013850532066 1.5874914629989092 1.588381540944612 1.5892716188903147
1.56426125686669 1.564777790108161 1.5652943233496321 1.565810856591103 1.566327389832574 1.5668439230740452 1.5673604563155161 1.5678769895569873 1.5683935227984582 1.5689100560399292 1.5694265892814003 1.5699431225228722 1.5704596557643433 1.5709761890058143 1.5714927222472852 1.5720092554887564 1.5725257887302273 1.5730423219716985 1.5735588552131694 1.5740753884546406 1.5745919216961115 1.5751084549375824 1.5756249881790536 1.5761415214205245 1.5766580546619966 1.5771745879034675 1.5776911211449385 1.5782076543864096 1.5787241876278806 1.5792407208693517 1.5799265147336394 1.580793252032642 1.5816599893316448 1.5825267266306475 1.58339346392965 1.5842602012286529 1.5851269385276556 1.5859936758266597 1.5868604131256623 1.587727150424665 1.5885938877236678 1.5894606250226704 1.5903273623216732 1.591194099620676
1.5677239535522365 1.5681989676748025 1.5686739817973683 1.5691489959199343 1.5696240100425 1.570099024165066 1.570574038287632 1.5710490524101979 1.5715240665327639 1.5719990806553297 1.5724740947778957 1.5729491089004624 1.5734241230230284 1.5738991371455942 1.5743741512681602 1.574849165390726 1.575324179513292 1.575799193635858 1.5762742077584238 1.5767492218809898 1.5772242360035555 1.5776992501261216 1.5781742642486876 1.5786492783712534 1.57912429249382 1.579599306616386 1.580074320738952 1.5805493348615178 1.5810243489840838 1.5814993631066496 1.5821524238711007 1.5829958205234034 1.583839217175706 1.5846826138280088 1.5855260104803115 1.5863694071326142 1.5872128037849167 1.588056200437221 1.5888995970895237 1.5897429937418264 1.590586390394129 1.5914297870464316 1.5922731836987343 1.593116580351037
1.571186650237786 1.5716201452414469 1.5720536402451077 1.5724871352487684 1.5729206302524292 1.5733541252560899 1.5737876202597507 1.5742211152634114 1.5746546102670722 1.5750881052707328 1.5755216002743937 1.5759550952780552 1.5763885902817159 1.5768220852853767 1.5772555802890373 1.5776890752926982 1.578122570296359 1.5785560653000197 1.5789895603036805 1.5794230553073412 1.579856550311002 1.5802900453146627 1.5807235403183235 1.5811570353219842 1.5815905303256457 1.5820240253293065 1.5824575203329672 1.582891015336628 1.5833245103402889 1.5837580053439495 1.5843783330085637 1.5851983890141663 1.586018445019769 1.5868385010253718 1.5876585570309745 1.5884786130365771 1.5892986690421798 1.5901187250477837 1.5909387810533864 1.591758837058989 1.5925788930645917 1.5933989490701945 1.5942190050757972 1.5950390610813998
1.5746493469233327 1.5750413228080882 1.5754332986928439 1.5758252745775996 1.5762172504623553 1.5766092263471108 1.5770012022318665 1.5773931781166222 1.5777851540013776 1.5781771298861333 1.578569105770889 1.5789610816556452 1.579353057540401 1.5797450334251566 1.580137009309912 1.5805289851946678 1.5809209610794235 1.581312936964179 1.5817049128489347 1.5820968887336904 1.582488864618446 1.5828808405032015 1.5832728163879572 1.583664792272713 1.584056768157469 1.5844487440422248 1.5848407199269805 1.585232695811736 1.5856246716964917 1.5860166475812474 1.5866042421460247 1.5874009575049275 1.58819767286383 1.5889943882227329 1.5897911035816354 1.590587818940538 1.5913845342994408 1.5921812496583447 1.5929779650172475 1.59377468037615 1.5945713957350527 1.5953681110939555 1.596164826452858 1.5969615418117606
1.5781120436088791 1.5784625003747297 1.5788129571405802 1.5791634139064308 1.5795138706722813 1.5798643274381317 1.5802147842039822 1.5805652409698328 1.5809156977356833 1.5812661545015338 1.5816166112673844 1.5819670680332354 1.582317524799086 1.5826679815649365 1.583018438330787 1.5833688950966376 1.5837193518624881 1.5840698086283385 1.584420265394189 1.5847707221600396 1.58512117892589 1.5854716356917407 1.5858220924575912 1.5861725492234418 1.5865230059892927 1.5868734627551433 1.5872239195209938 1.5875743762868444 1.587924833052695 1.5882752898185453 1.5888301512834861 1.5896035259956887 1.5903769007078914 1.5911502754200941 1.5919236501322966 1.5926970248444994 1.5934703995567019 1.594243774268906 1.5950171489811087 1.5957905236933112 1.596563898405514 1.5973372731177164 1.5981106478299192 1.598884022542122
