Figures/CREST_Example_wjb_NSE/PETs/wjb.pet.20100914.asc
ncols            288
nrows            254
xllcorner        113.274861
yllcorner        31.4918055
cellsize         0.008333333333
NODATA_value     -9999
[rows 120 to 139 of 254, columns 176 to 219 of 288]
2.05668053844539 2.0488033783064075 2.040926218167425 2.0330490580284417 2.025171897889459 2.0172947377504764 2.00941757761148 2.0015404174724973 1.9936632573335145 1.9857860971945316 1.9779089370555487 1.9700317769165658 1.9621546167775832 1.9542774566386003 1.9464002964996174 1.9385231363606348 1.9302645036498312 1.9215980681283207 1.9129316326068102 1.904265197085285 1.8955987615637746 1.8869323260422641 1.8782658905207537 1.8695994549992432 1.8609330194777327 1.8522665839562222 1.843600148434712 1.8349337129132015 1.826267277391691 1.8176008418701806 1.80893440634867 1.8002679708271596 1.7916015353056345 1.782935099784124 1.7742686642626135 1.765602228741103 1.7569357932195926 1.7482693576980823 1.7396029221765719 1.7309364866550614 1.722270051133551 1.7136036156120404 1.70493718009053 1.6962707445690195
2.063680480188574 2.055866839194471 2.0480531982003685 2.040239557206266 2.0324259162121634 2.024612275218061 2.016798634223945 2.0089849932298423 2.00117135223574 1.9933577112416372 1.9855440702475347 1.9777304292534321 1.9699167882593296 1.962103147265227 1.9542895062711243 1.9464758652770218 1.9382776298641764 1.9296682543156278 1.921058878767079 1.9124495032185158 1.9038401276699672 1.8952307521214184 1.8866213765728699 1.8780120010243213 1.8694026254757725 1.860793249927224 1.8521838743786754 1.8435744988301266 1.834965123281578 1.8263557477330294 1.8177463721844807 1.809136996635932 1.8005276210873686 1.79191824553882 1.7833088699902715 1.7746994944417227 1.7660901188931741 1.7574807433446256 1.7488713677960768 1.7402619922475282 1.7316526166989796 1.7230432411504308 1.7144338656018823 1.7058244900533337
2.0706804219317574 2.062930300082535 2.0551801782333126 2.0474300563840906 2.039679934534868 2.0319298126856458 2.02417969083641 2.016429568987188 2.0086794471379656 2.0009293252887432 1.9931792034395208 1.9854290815902984 1.9776789597410762 1.9699288378918538 1.9621787160426314 1.9544285941934092 1.9462907560785219 1.9377384405029352 1.9291861249273483 1.9206338093517468 1.9120814937761599 1.903529178200573 1.8949768626249863 1.8864245470493994 1.8778722314738125 1.8693199158982257 1.8607676003226388 1.8522152847470519 1.843662969171465 1.8351106535958783 1.8265583380202914 1.8180060224447046 1.809453706869103 1.8009013912935163 1.7923490757179295 1.7837967601423426 1.7752444445667557 1.7666921289911688 1.758139813415582 1.749587497839995 1.7410351822644081 1.7324828666888215 1.7239305511132346 1.7153782355376477
2.0776803636749412 2.0699937609705987 2.0623071582662567 2.0546205555619146 2.0469339528575725 2.0392473501532304 2.031560747448875 2.023874144744533 2.016187542040191 2.008500939335849 2.0008143366315068 1.9931277339271647 1.9854411312228226 1.9777545285184805 1.9700679258141383 1.9623813231097962 1.9543038822928673 1.9458086266902421 1.9373133710876171 1.9288181154849775 1.9203228598823525 1.9118276042797275 1.9033323486771023 1.8948370930744773 1.8863418374718524 1.8778465818692271 1.8693513262666022 1.860856070663977 1.852360815061352 1.843865559458727 1.8353703038561018 1.8268750482534768 1.8183797926508372 1.8098845370482122 1.8013892814455872 1.792894025842962 1.784398770240337 1.775903514637712 1.7674082590350868 1.7589130034324618 1.7504177478298366 1.7419224922272116 1.7334272366245866 1.7249319810219614
2.0846803054181304 2.0770572218586687 2.069434138299207 2.061811054739745 2.054187971180283 2.0465648876208213 2.0389418040613467 2.0313187205018846 2.023695636942423 2.016072553382961 2.0084494698234994 2.0008263862640376 1.9932033027045757 1.9855802191451137 1.977957135585652 1.9703340520261903 1.9623170085072195 1.9538788128775564 1.945440617247893 1.9370024216182156 1.9285642259885523 1.920126030358889 1.9116878347292259 1.9032496390995626 1.8948114434698993 1.8863732478402362 1.8779350522105729 1.8694968565809098 1.8610586609512465 1.8526204653215832 1.8441822696919201 1.8357440740622568 1.8273058784325793 1.818867682802916 1.810429487173253 1.8019912915435896 1.7935530959139263 1.7851149002842632 1.7766767046546 1.7682385090249366 1.7598003133952735 1.7513621177656102 1.7429239221359472 1.7344857265062839
2.091680247161314 2.0841206827467325 2.0765611183321506 2.0690015539175692 2.061441989502988 2.053882425088406 2.0463228606738117 2.03876329625923 2.0312037318446485 2.0236441674300667 2.0160846030154853 2.0085250386009035 2.000965474186322 1.9934059097717405 1.9858463453571589 1.9782867809425773 1.9703301347215647 1.9619489990648633 1.953567863408162 1.9451867277514463 1.936805592094745 1.9284244564380433 1.9200433207813419 1.9116621851246405 1.903281049467939 1.8948999138112377 1.8865187781545363 1.8781376424978349 1.8697565068411335 1.8613753711844319 1.8529942355277305 1.844613099871029 1.8362319642143135 1.827850828557612 1.8194696929009104 1.811088557244209 1.8027074215875076 1.7943262859308062 1.7859451502741048 1.7775640146174034 1.769182878960702 1.7608017433040004 1.752420607647299 1.7440394719905976
2.0986801889044973 2.091184143634796 2.0836880983650947 2.0761920530953932 2.068696007825692 2.0611999625559907 2.0537039172862763 2.0462078720165753 2.038711826746874 2.0312157814771723 2.0237197362074713 2.0162236909377698 2.0087276456680683 2.0012316003983672 1.9937355551286657 1.9862395098589642 1.9783432609359102 1.9700191852521705 1.961695109568431 1.953371033884677 1.9450469582009373 1.9367228825171978 1.928398806833458 1.9200747311497186 1.9117506554659789 1.9034265797822392 1.8951025040984997 1.88677842841476 1.8784543527310205 1.8701302770472807 1.861806201363541 1.8534821256798015 1.8451580499960476 1.836833974312308 1.8285098986285684 1.8201858229448287 1.8118617472610892 1.8035376715773495 1.79521359589361 1.7868895202098702 1.7785654445261305 1.770241368842391 1.7619172931586513 1.7535932174749118
2.105680130647681 2.09824760452286 2.090815078398039 2.0833825522732177 2.0759500261483965 2.0685175000235754 2.0610849738987413 2.05365244777392 2.046219921649099 2.0387873955242783 2.031354869399457 2.023922343274636 2.016489817149815 2.0090572910249938 2.0016247649001726 1.9941922387753515 1.9863563871502554 1.9780893714394776 1.9698223557286998 1.9615553400179078 1.95328832430713 1.9450213085963521 1.9367542928855743 1.9284872771747965 1.9202202614640187 1.9119532457532409 1.903686230042463 1.8954192143316853 1.8871521986209074 1.8788851829101296 1.8706181671993516 1.8623511514885738 1.854084135777782 1.8458171200670042 1.8375501043562261 1.8292830886454485 1.8210160729346705 1.8127490572238927 1.8044820415131149 1.796215025802337 1.7879480100915592 1.7796809943807814 1.7714139786700036 1.7631469629592258
2.1126800723908645 2.1053110654109237 2.0979420584309825 2.0905730514510417 2.083204044471101 2.07583503749116 2.0684660305112064 2.0610970235312656 2.0537280165513248 2.046359009571384 2.038990002591443 2.031620995611502 2.024251988631561 2.0168829816516203 2.0095139746716795 2.0021449676917387 1.9943695133646007 1.9861595576267848 1.9779496018889686 1.9697396461511387 1.9615296904133226 1.9533197346755067 1.9451097789376905 1.9368998231998744 1.9286898674620585 1.9204799117242424 1.9122699559864265 1.9040600002486103 1.8958500445107944 1.8876400887729783 1.8794301330351622 1.8712201772973462 1.8630102215595161 1.8548002658217002 1.846590310083884 1.838380354346068 1.830170398608252 1.821960442870436 1.81375048713262 1.8055405313948039 1.797330575656988 1.7891206199191718 1.780910664181356 1.7727007084435398
2.119680014134048 2.1123745262989875 2.1050690384639266 2.097763550628866 2.090458062793805 2.0831525749587447 2.0758470871236714 2.068541599288611 2.0612361114535505 2.0539306236184895 2.046625135783429 2.039319647948368 2.0320141601133077 2.024708672278247 2.0174031844431863 2.0100976966081254 2.002382639578946 1.994229743814092 1.9860768480492377 1.9779239522843695 1.9697710565195152 1.961618160754661 1.9534652649898068 1.9453123692249525 1.937159473460098 1.9290065776952439 1.9208536819303896 1.9127007861655354 1.9045478904006812 1.896394994635827 1.8882420988709727 1.8800892031061185 1.8719363073412503 1.863783411576396 1.8556305158115418 1.8474776200466876 1.8393247242818334 1.8311718285169791 1.823018932752125 1.8148660369872707 1.8067131412224164 1.798560245457562 1.7904073496927078 1.7822544539278535
2.1266799558772314 2.1194379871870512 2.1121960184968707 2.10495404980669 2.09771208111651 2.0904701124263294 2.083228143736137 2.0759861750459563 2.0687442063557757 2.0615022376655956 2.054260268975415 2.0470183002852345 2.0397763315950543 2.0325343629048738 2.025292394214693 2.018050425524513 2.0103957657932914 2.0022999300013993 1.9942040942095067 1.9861082584176004 1.9780124226257079 1.9699165868338155 1.961820751041923 1.9537249152500307 1.9456290794581381 1.9375332436662456 1.9294374078743532 1.9213415720824607 1.9132457362905684 1.9051499004986758 1.8970540647067835 1.888958228914891 1.8808623931229846 1.8727665573310923 1.8646707215391998 1.8565748857473072 1.848479049955415 1.8403832141635224 1.83228737837163 1.8241915425797375 1.816095706787845 1.8079998709959526 1.79990403520406 1.7918081994121677
2.133679897620421 2.126501448075121 2.119322998529821 2.1121445489845208 2.1049660994392205 2.0977876498939203 2.090609200348608 2.083430750803308 2.0762523012580076 2.069073851712708 2.0618954021674076 2.0547169526221074 2.047538503076807 2.040360053531507 2.033181603986207 2.026003154440907 2.0184088920076437 2.0103701161887133 2.0023313403697824 1.9942925645508383 1.9862537887319076 1.978215012912977 1.9701762370940463 1.962137461275116 1.9540986854561853 1.9460599096372546 1.938021133818324 1.9299823579993933 1.9219435821804627 1.913904806361532 1.9058660305426014 1.897827254723671 1.8897884789047266 1.881749703085796 1.8737109272668653 1.8656721514479346 1.8576333756290042 1.8495945998100736 1.841555823991143 1.8335170481722123 1.8254782723532816 1.817439496534351 1.8094007207154204 1.8013619448964897
2.1406798393636044 2.1335649089631845 2.1264499785627646 2.1193350481623447 2.112220117761925 2.105105187361505 2.0979902569610727 2.090875326560653 2.083760396160233 2.076645465759813 2.069530535359393 2.0624156049589732 2.0553006745585534 2.0481857441581335 2.0410708137577136 2.0339558833572937 2.026422018221989 2.0184403023760202 2.0104585865300515 2.002476870684069 1.9944951548381 1.9865134389921313 1.9785317231461625 1.9705500073001936 1.9625682914542248 1.954586575608256 1.9466048597622871 1.9386231439163184 1.9306414280703497 1.9226597122243807 1.914677996378412 1.9066962805324432 1.8987145646864607 1.890732848840492 1.882751132994523 1.8747694171485543 1.8667877013025855 1.8588059854566166 1.8508242696106478 1.842842553764679 1.8348608379187104 1.8268791220727414 1.8188974062267727 1.810915690380804
2.147679781106788 2.1406283698512483 2.1335769585957087 2.126525547340169 2.119474136084629 2.1124227248290897 2.105371313573538 2.098319902317998 2.0912684910624586 2.084217079806919 2.0771656685513795 2.0701142572958395 2.0630628460403 2.0560114347847604 2.0489600235292205 2.041908612273681 2.0344351444363347 2.0265104885633276 2.0185858326903205 2.0106611768172997 2.0027365209442927 1.9948118650712858 1.9868872091982788 1.9789625533252717 1.9710378974522649 1.9631132415792578 1.9551885857062508 1.9472639298332437 1.9393392739602366 1.9314146180872296 1.9234899622142227 1.9155653063412157 1.907640650468195 1.899715994595188 1.891791338722181 1.883866682849174 1.875942026976167 1.86801737110316 1.860092715230153 1.852168059357146 1.8442434034841388 1.836318747611132 1.828394091738125 1.820469435865118
2.1546797228499717 2.147691830739312 2.1407039386286524 2.133716046517993 2.1267281544073335 2.1197402622966743 2.1127523701860027 2.1057644780753435 2.098776585964684 2.0917886938540247 2.084800801743365 2.077812909632706 2.070825017522046 2.063837125411387 2.0568492333007273 2.049861341190068 2.0424482706506795 2.0345806747506345 2.026713078850589 2.0188454829505305 2.010977887050485 2.00311029115044 1.9952426952503948 1.9873750993503496 1.9795075034503045 1.971639907550259 1.963772311650214 1.9559047157501688 1.9480371198501236 1.9401695239500782 1.932301928050033 1.924434332149988 1.9165667362499292 1.908699140349884 1.9008315444498387 1.8929639485497936 1.8850963526497484 1.8772287567497032 1.869361160849658 1.8614935649496127 1.8536259690495676 1.8457583731495224 1.837890777249477 1.8300231813494319
2.161679664593155 2.154755291627376 2.147830918661597 2.1409065456958176 2.1339821727300383 2.127057799764259 2.120133426798468 2.113209053832689 2.1062846808669096 2.0993603079011303 2.0924359349353514 2.085511561969572 2.078587189003793 2.0716628160380135 2.064738443072234 2.0578140701064553 2.050461396865025 2.0426508609379415 2.034840325010858 2.0270297890837616 2.019219253156678 2.0114087172295947 2.003598181302511 1.9957876453754277 1.9879771094483443 1.980166573521261 1.9723560375941775 1.964545501667094 1.9567349657400106 1.9489244298129271 1.9411138938858439 1.9333033579587604 1.9254928220316636 1.9176822861045801 1.9098717501774969 1.9020612142504134 1.89425067832333 1.8864401423962465 1.878629606469163 1.8708190705420797 1.8630085346149963 1.8551979986879128 1.8473874627608293 1.8395769268337459
2.1686796063363385 2.1618187525154395 2.1549578986945406 2.1480970448736416 2.1412361910527427 2.1343753372318437 2.1275144834109327 2.120653629590034 2.113792775769135 2.106931921948236 2.100071068127337 2.093210214306438 2.086349360485539 2.07948850666464 2.072627652843741 2.065766799022842 2.05847452307937 2.0507210471252484 2.042967571171127 2.035214095216992 2.0274606192628704 2.019707143308749 2.011953667354627 2.0042001914005056 1.9964467154463839 1.9886932394922623 1.9809397635381407 1.973186287584019 1.9654328116298974 1.9576793356757758 1.9499258597216542 1.9421723837675324 1.9344189078133978 1.926665431859276 1.9189119559051544 1.9111584799510328 1.903405003996911 1.8956515280427895 1.887898052088668 1.8801445761345463 1.8723911001804248 1.864637624226303 1.8568841482721814 1.8491306723180598
2.175679548079528 2.1688822134035095 2.1620848787274904 2.155287544051472 2.148490209375453 2.1416928746994346 2.1348955400234044 2.128098205347386 2.1213008706713667 2.114503535995348 2.1077062013193295 2.100908866643311 2.0941115319672923 2.087314197291273 2.0805168626152546 2.073719527939236 2.0664876492937223 2.0587912333125624 2.051094817331403 2.0433984013502298 2.0357019853690703 2.0280055693879104 2.0203091534067505 2.0126127374255907 2.004916321444431 1.9972199054632713 1.9895234894821114 1.9818270735009518 1.9741306575197919 1.9664342415386322 1.9587378255574723 1.9510414095763127 1.9433449935951397 1.9356485776139798 1.9279521616328201 1.9202557456516602 1.9125593296705006 1.9048629136893407 1.897166497708181 1.8894700817270211 1.8817736657458615 1.8740772497647016 1.866380833783542 1.858684417802382
2.1826794898227115 2.175945674291573 2.1692118587604345 2.1624780432292963 2.1557442276981575 2.1490104121670193 2.1422765966358694 2.1355427811047307 2.1288089655735924 2.122075150042454 2.1153413345113155 2.108607518980177 2.1018737034490385 2.0951398879179 2.088406072386762 2.081672256855623 2.074500775508068 2.06686141949987 2.059222063491672 2.051582707483461 2.0439433514752627 2.036303995467065 2.0286646394588668 2.021025283450669 2.013385927442471 2.005746571434273 1.9981072154260748 1.9904678594178769 1.9828285034096789 1.9751891474014809 1.967549791393283 1.959910435385085 1.9522710793768738 1.9446317233686758 1.9369923673604779 1.9293530113522799 1.921713655344082 1.914074299335884 1.906434943327686 1.898795587319488 1.89115623131129 1.883516875303092 1.875877519294894 1.868238163286696
2.189679431565895 2.1830091351796366 2.1763388387933786 2.1696685424071203 2.162998246020862 2.156327949634604 2.149657653248334 2.142987356862076 2.1363170604758177 2.1296467640895593 2.1229764677033014 2.116306171317043 2.1096358749307846 2.1029655785445267 2.0962952821582683 2.0896249857720104 2.0825139017224132 2.0749316056871767 2.0673493096519406 2.0597670136166917 2.052184717581455 2.044602421546219 2.037020125510983 2.029437829475747 2.0218555334405104 2.0142732374052743 2.0066909413700382 1.999108645334802 1.9915263492995658 1.9839440532643295 1.9763617572290935 1.9687794611938572 1.961197165158608 1.953614869123372 1.9460325730881356 1.9384502770528995 1.9308679810176632 1.9232856849824271 1.9157033889471908 1.9081210929119548 1.9005387968767185 1.8929565008414824 1.885374204806246 1.87779190877101
