Figures/CREST_Example_wjb_NSE/PETs/wjb.pet.20100912.asc
ncols            288
nrows            254
xllcorner        113.274861
yllcorner        31.4918055
cellsize         0.008333333333
NODATA_value     -9999
[rows 140 to 159 of 254, columns 0 to 43 of 288]
-9999.0 3.582623638774806 3.583350804835747 3.5840779708966886 3.58480513695763 3.5855323030185713 3.586259469079512 3.5869866351404536 3.587713801201395 3.5884409672623363 3.589168133323277 3.5898952993842186 3.587763135759126 3.58257428409085 3.577385432422583 3.5721965807543157 3.5670077290860487 3.5618188774177817 3.5566300257495147 3.5514411740812477 3.5462523224129807 3.5410634707447133 3.5358746190764463 3.5306857674081793 3.5254969157399123 3.5203080640716453 3.5151192124033694 3.509930360735102 3.504741509066835 3.499552657398568 3.494363805730301 3.489174954062034 3.483986102393767 3.4787972507255 3.4736083990572326 3.4684195473889656 3.4632306957206986 3.4580418440524316 3.4528529923841647 3.447664140715889 3.4424752890476213 3.4372864373793544 3.4327566117873936 3.4289312999655994
-9999.0 -9999.0 3.591128707899174 3.591879229868168 3.592629751837162 3.5933802738061558 3.59413079577515 3.594881317744144 3.5956318397131377 3.596382361682132 3.597132883651126 3.59788340562012 3.5955876312190145 3.5900352971648 3.584482963110595 3.5789306290563903 3.5733782950021857 3.5678259609479808 3.562273626893776 3.556721292839571 3.551168958785366 3.545616624731161 3.5400642906769564 3.5345119566227514 3.5289596225685465 3.5234072885143415 3.517854954460127 3.5123026204059222 3.5067502863517173 3.5011979522975127 3.4956456182433078 3.490093284189103 3.484540950134898 3.478988616080693 3.4734362820264884 3.4678839479722834 3.4623316139180784 3.4567792798638735 3.4512269458096685 3.445674611755454 3.4401222777012492 3.4345699436470447 3.429875730922985 3.426098869295181
-9999.0 -9999.0 3.598906610962601 3.5996804888396476 3.6004543667166944 3.601228244593741 3.602002122470788 3.602776000347834 3.603549878224881 3.6043237561019277 3.6050976339789744 3.605871511856021 3.603412126678903 3.5974963102387503 3.5915804937986078 3.585664677358465 3.5797488609183223 3.5738330444781794 3.567917228038037 3.562001411597894 3.5560855951577515 3.550169778717609 3.544253962277466 3.5383381458373235 3.5324223293971806 3.526506512957038 3.5205906965168854 3.5146748800767424 3.5087590636366 3.502843247196457 3.4969274307563145 3.4910116143161716 3.485095797876029 3.479179981435886 3.4732641649957436 3.4673483485556007 3.461432532115458 3.4555167156753153 3.4496008992351728 3.44368508279502 3.437769266354877 3.4318534499147346 3.426994850058576 3.4232664386247627
-9999.0 -9999.0 3.6066845140260275 3.607481747811127 3.6082789815962264 3.609076215381326 3.6098734491664253 3.610670682951525 3.611467916736624 3.612265150521724 3.613062384306823 3.6138596180919222 3.611236622138792 3.604957323312701 3.59867802448662 3.5923987256605394 3.586119426834459 3.5798401280083785 3.573560829182298 3.5672815303562175 3.5610022315301366 3.554722932704056 3.5484436338779757 3.542164335051895 3.5358850362258147 3.5296057373997343 3.5233264385736427 3.5170471397475622 3.5107678409214818 3.5044885420954013 3.498209243269321 3.4919299444432403 3.4856506456171594 3.479371346791079 3.4730920479649985 3.466812749138918 3.4605334503128375 3.454254151486757 3.4479748526606766 3.441695553834585 3.4354162550085046 3.429136956182424 3.4241139691941664 3.420434007954344
-9999.0 -9999.0 3.614462417089461 3.615283006782613 3.616103596475765 3.616924186168917 3.6177447758620698 3.618565365555222 3.619385955248374 3.620206544941526 3.6210271346346783 3.6218477243278304 3.619061117598687 3.612418336386657 3.605775555174638 3.5991327739626198 3.592489992750601 3.5858472115385824 3.5792044303265635 3.572561649114545 3.565918867902526 3.5592760866905078 3.552633305478489 3.5459905242664704 3.5393477430544515 3.532704961842433 3.526062180630403 3.519419399418384 3.5127766182063658 3.506133836994347 3.4994910557823284 3.4928482745703096 3.486205493358291 3.479562712146272 3.4729199309342538 3.466277149722235 3.4596343685102164 3.4529915872981976 3.446348806086179 3.439706024874149 3.4330632436621302 3.426420462450112 3.421233088329755 3.4176015772839228
-9999.0 -9999.0 3.622240320152888 3.6230842657540925 3.6239282113552975 3.6247721569565026 3.625616102557707 3.626460048158912 3.6273039937601173 3.628147939361322 3.628991884962527 3.6298358305637315 3.6268856130585756 3.619879349460607 3.6128730858626508 3.6058668222646943 3.598860558666738 3.591854295068781 3.5848480314708246 3.5778417678728682 3.570835504274912 3.5638292406769554 3.556822977078999 3.5498167134810426 3.5428104498830857 3.5358041862851293 3.528797922687161 3.5217916590892044 3.514785395491248 3.5077791318932916 3.5007728682953347 3.4937666046973783 3.486760341099422 3.4797540775014655 3.472747813903509 3.4657415503055526 3.4587352867075962 3.4517290231096394 3.444722759511683 3.4377164959137145 3.430710232315758 3.4237039687178017 3.4183522074653463 3.4147691466135046
3.628283620197799 3.629150921707057 3.6300182232163145 3.630885524725572 3.6317528262348295 3.6326201277440875 3.633487429253345 3.6343547307626025 3.63522203227186 3.6360893337811175 3.6369566352903755 3.637823936799633 3.6347101085184645 3.6273403625345573 3.6199706165506633 3.612600870566769 3.6052311245828745 3.59786137859898 3.5904916326150857 3.583121886631192 3.5757521406472974 3.568382394663403 3.5610126486795086 3.5536429026956142 3.5462731567117203 3.538903410727826 3.531533664743919 3.5241639187600247 3.5167941727761303 3.509424426792236 3.5020546808083415 3.4946849348244475 3.487315188840553 3.4799454428566587 3.4725756968727644 3.46520595088887 3.4578362049049756 3.4504664589210816 3.443096712937187 3.4357269669532804 3.428357220969386 3.4209874749854916 3.415471326600937 3.411936715943086
3.6360148114451207 3.636905468862431 3.637796126279741 3.6386867836970516 3.639577441114362 3.6404680985316724 3.641358755948983 3.642249413366293 3.6431400707836032 3.6440307282009137 3.644921385618224 3.645812043035534 3.642534603978353 3.634801375608508 3.6270681472386754 3.6193349188688435 3.611601690499011 3.603868462129179 3.596135233759347 3.588402005389515 3.5806687770196826 3.5729355486498506 3.5652023202800183 3.5574690919101863 3.549735863540354 3.542002635170522 3.534269406800677 3.5265361784308444 3.518802950061012 3.51106972169118 3.503336493321348 3.495603264951516 3.4878700365816835 3.4801368082118516 3.4724035798420196 3.4646703514721873 3.4569371231023553 3.449203894732523 3.441470666362691 3.4337374379928454 3.4260042096230134 3.418270981253181 3.412590445736528 3.4091042852726674
-9999.0 3.6390876273581503 3.639845697452416 3.640603767546682 3.641361837640947 3.642119907735213 3.6428779778294786 3.643636047923744 3.6443941180180097 3.6451521881122755 3.6459102582065412 3.6466683283008066 3.643268899602783 3.635425010753832 3.627581121904895 3.619737233055957 3.6118933442070196 3.604049455358082 3.596205566509145 3.5883616776602074 3.5805177888112696 3.572673899962332 3.564830011113395 3.5569861222644574 3.54914223341552 3.541298344566582 3.5334544557176315 3.525610566868694 3.5177666780197567 3.509922789170819 3.5020789003218815 3.494235011472944 3.4863911226240067 3.4785472337750694 3.4707033449261315 3.462859456077194 3.4550155672282568 3.4471716783793194 3.439327789530382 3.431483900681431 3.4236400118324934 3.415796122983556 3.4100821895837514 3.4066452266980205
-9999.0 3.6353132536487425 3.635772042936264 3.6362308322237857 3.636689621511308 3.6371484107988294 3.637607200086351 3.638065989373873 3.638524778661395 3.638983567948917 3.6394423572364385 3.63990114652396 3.6364242185548794 3.6287399199078485 3.621055621260831 3.6133713226138138 3.605687023966796 3.5980027253197786 3.590318426672761 3.582634128025744 3.5749498293787263 3.5672655307317087 3.559581232084691 3.5518969334376735 3.5442126347906564 3.536528336143639 3.528844037496608 3.5211597388495908 3.513475440202573 3.5057911415555556 3.498106842908538 3.490422544261521 3.4827382456145033 3.4750539469674857 3.467369648320468 3.4596853496734505 3.4520010510264334 3.444316752379416 3.4366324537323982 3.4289481550853678 3.42126385643835 3.4135795577913326 3.4079722457582067 3.404585279357136
-9999.0 -9999.0 3.631698388420109 3.6318578969008866 3.6320174053816645 3.632176913862442 3.6323364223432195 3.6324959308239975 3.632655439304775 3.632814947785553 3.6329744562663304 3.633133964747108 3.6295795375069697 3.6220548290618595 3.614530120616762 3.607005412171665 3.5994807037265675 3.59195599528147 3.584431286836373 3.5769065783912755 3.569381869946178 3.561857161501081 3.554332453055983 3.5468077446108857 3.5392830361657883 3.531758327720691 3.5242336192755808 3.5167089108304834 3.509184202385386 3.5016594939402887 3.4941347854951914 3.486610077050094 3.4790853686049967 3.4715606601598994 3.464035951714802 3.4565112432697047 3.4489865348246074 3.44146182637951 3.4339371179344123 3.426412409489302 3.4188877010442047 3.4113629925991074 3.4058623019326597 3.4025253320162494
-9999.0 -9999.0 -9999.0 -9999.0 -9999.0 -9999.0 3.6270656446000924 3.626925872274126 3.62678609994816 3.626646327622194 3.6265065552962277 3.6263667829702615 3.6227348564590662 3.6153697382158763 3.6080046199726987 3.600639501729521 3.593274383486344 3.5859092652431666 3.578544146999989 3.571179028756812 3.5638139105136344 3.556448792270457 3.5490836740272798 3.541718555784102 3.5343534375409247 3.5269883192977476 3.5196232010545576 3.51225808281138 3.5048929645682025 3.4975278463250254 3.490162728081848 3.4827976098386704 3.4754324915954933 3.4680673733523157 3.460702255109138 3.453337136865961 3.4459720186227836 3.438606900379606 3.431241782136429 3.423876663893239 3.4165115456500614 3.409146427406884 3.4037523581071145 3.400465384675365
-9999.0 -9999.0 -9999.0 -9999.0 -9999.0 3.6222339199896756 3.6217948668569657 3.6213558137242554 3.6209167605915455 3.6204777074588357 3.620038654326126 3.6195996011934155 3.6158901754111628 3.608684647369893 3.6014791193286357 3.5942735912873784 3.5870680632461207 3.5798625352048634 3.572657007163606 3.565451479122349 3.558245951081091 3.551040423039834 3.5438348949985765 3.536629366957319 3.5294238389160615 3.522218310874804 3.5150127828335345 3.507807254792277 3.50060172675102 3.493396198709762 3.486190670668505 3.4789851426272476 3.4717796145859903 3.4645740865447325 3.4573685585034752 3.450163030462218 3.4429575024209607 3.435751974379703 3.4285464463384456 3.421340918297176 3.4141353902559186 3.4069298622146613 3.4016424142815698 3.3984054373344805
-9999.0 -9999.0 -9999.0 -9999.0 3.618000756992746 3.617262423053292 3.616524089113838 3.6157857551743846 3.6150474212349306 3.6143090872954766 3.613570753356023 3.612832419416569 3.609045494363259 3.60199955652391 3.5949536186845723 3.587907680845235 3.5808617430058973 3.57381580516656 3.5667698673272223 3.5597239294878853 3.552677991648548 3.5456320538092103 3.538586115969873 3.5315401781305353 3.524494240291198 3.517448302451861 3.5104023646125113 3.503356426773174 3.4963104889338363 3.489264551094499 3.4822186132551614 3.475172675415824 3.468126737576487 3.4610807997371493 3.454034861897812 3.4469889240584743 3.439942986219137 3.4328970483797994 3.4258511105404623 3.418805172701113 3.4117592348617753 3.404713297022438 3.3995324704560246 3.396345489993596
-9999.0 -9999.0 -9999.0 -9999.0 3.613328540863107 3.612290926116909 3.6112533113707115 3.610215696624514 3.609178081878316 3.6081404671321184 3.6071028523859208 3.606065237639723 3.602200813315356 3.5953144656779266 3.5884281180405093 3.5815417704030916 3.5746554227656744 3.5677690751282567 3.5608827274908395 3.5539963798534218 3.5471100322160045 3.540223684578587 3.5333373369411696 3.526450989303752 3.5195646416663346 3.512678294028917 3.505791946391488 3.4989055987540705 3.4920192511166532 3.4851329034792355 3.4782465558418183 3.4713602082044006 3.4644738605669834 3.4575875129295657 3.4507011652921484 3.4438148176547307 3.4369284700173135 3.430042122379896 3.4231557747424786 3.4162694271050493 3.409383079467632 3.4024967318302144 3.3974225266304794 3.394285542652711
-9999.0 -9999.0 -9999.0 -9999.0 -9999.0 -9999.0 3.6059825336275844 3.6046456380746426 3.603308742521701 3.60197184696876 3.600634951415818 3.5992980558628767 3.595356132267452 3.588629374831943 3.5819026173964454 3.575175859960948 3.5684491025254506 3.561722345089953 3.5549955876544557 3.5482688302189582 3.541542072783461 3.5348153153479633 3.528088557912466 3.5213618004769685 3.514635043041471 3.5079082856059736 3.5011815281704646 3.494454770734967 3.4877280132994697 3.4810012558639722 3.474274498428475 3.4675477409929774 3.46082098355748 3.4540942261219825 3.447367468686485 3.4406407112509876 3.43391395381549 3.4271871963799923 3.420460438944495 3.413733681508986 3.407006924073489 3.400280166637991 3.3953125828049346 3.3922255953118268
-9999.0 -9999.0 -9999.0 -9999.0 -9999.0 -9999.0 -9999.0 -9999.0 3.5974394031650863 3.5958032268054008 3.5941670504457157 3.5925308740860302 3.5885114512195484 3.5819442839859597 3.575377116752382 3.568809949518805 3.562242782285227 3.5556756150516495 3.5491084478180723 3.5425412805844947 3.535974113350917 3.52940694611734 3.522839778883762 3.516272611650185 3.5097054444166074 3.5031382771830297 3.496571109949441 3.490003942715864 3.483436775482286 3.476869608248709 3.4703024410151313 3.4637352737815537 3.4571681065479765 3.450600939314399 3.444033772080821 3.437466604847244 3.4308994376136663 3.4243322703800887 3.4177651031465115 3.4111979359129228 3.404630768679345 3.398063601445768 3.3932026389793895 3.390165647970942
-9999.0 -9999.0 -9999.0 -9999.0 -9999.0 -9999.0 -9999.0 -9999.0 -9999.0 3.589634606642037 -9999.0 -9999.0 -9999.0 3.5752591931399706 3.5688516161083133 3.562444039076656 3.5560364620449985 3.549628885013341 3.5432213079816837 3.5368137309500263 3.530406153918369 3.5239985768867115 3.5175909998550545 3.511183422823397 3.5047758457917397 3.4983682687600823 3.491960691728414 3.4855531146967564 3.479145537665099 3.4727379606334416 3.4663303836017842 3.4599228065701273 3.45351522953847 3.4471076525068125 3.440700075475155 3.4342924984434977 3.4278849214118403 3.421477344380183 3.4150697673485255 3.4086621903168575 3.4022546132852 3.3958470362535427 3.3910926951538425 3.3881057006300557
-9999.0 -9999.0 -9999.0 -9999.0 -9999.0 -9999.0 -9999.0 -9999.0 -9999.0 -9999.0 -9999.0 -9999.0 -9999.0 -9999.0 3.5623261154642503 3.5560781286345127 3.5498301418047755 3.543582154975038 3.5373341681453008 3.531086181315563 3.5248381944858256 3.5185902076560884 3.512342220826351 3.5060942339966137 3.499846247166876 3.493598260337139 3.4873502735073907 3.4811022866776535 3.474854299847916 3.468606313018179 3.462358326188441 3.4561103393587036 3.4498623525289664 3.443614365699229 3.4373663788694917 3.431118392039754 3.424870405210017 3.4186224183802794 3.412374431550542 3.406126444720794 3.399878457891057 3.393630471061319 3.3889827513282973 3.386045753289171
-9999.0 -9999.0 -9999.0 -9999.0 -9999.0 -9999.0 -9999.0 -9999.0 -9999.0 -9999.0 -9999.0 -9999.0 -9999.0 -9999.0 -9999.0 -9999.0 3.543623821564552 3.5375354249367343 3.531447028308917 3.5253586316810996 3.5192702350532823 3.513181838425465 3.5070934417976476 3.5010050451698302 3.494916648542013 3.4888282519141955 3.4827398552863675 3.47665145865855 3.470563062030733 3.4644746654029155 3.458386268775098 3.452297872147281 3.446209475519463 3.4401210788916456 3.4340326822638283 3.427944285636011 3.4218558890081936 3.4157674923803762 3.409679095752559 3.403590699124731 3.3975023024969135 3.391413905869096 3.3868728075027525 3.383985805948287
