Figures/CREST_Example_wjb_NSE/PETs/wjb.pet.20090124.asc
ncols            288
nrows            254
xllcorner        113.274861
yllcorner        31.4918055
cellsize         0.008333333333
NODATA_value     -9999
[rows 209 to 227 of 254, columns 132 to 175 of 288]
0.7604900727971757 0.760644999006884 0.7607999252165922 0.7609548514263005 0.7611097776360086 0.7612647038457169 0.7614196300554251 0.7615745562651333 0.7617294824748415 0.7618844086845498 0.762039334894258 0.7621942611039665 0.7623491873136747 0.7625041135233829 0.7626590397330911 0.7628139659427994 0.7629688921525075 0.7631238183622158 0.763278744571924 0.7634336707816323 0.7635885969913404 0.7637435232010487 0.7638984494107569 0.7640533756204652 0.7642083018301736 0.7643632280398818 0.76451815424959 0.7646730804592983 0.7648280066690065 0.7649829328787147 0.7648517489379322 0.7644147067740431 0.763977664610154 0.7635406224462651 0.763103580282376 0.762666538118487 0.762229495954598 0.7617924537907081 0.7613554116268191 0.7609183694629301 0.760481327299041 0.760044285135152 0.759607242971263 0.759170200807374
0.76257034198682 0.7627252376693423 0.7628801333518644 0.7630350290343866 0.7631899247169088 0.763344820399431 0.7634997160819532 0.7636546117644754 0.7638095074469975 0.7639644031295197 0.7641192988120419 0.7642741944945644 0.7644290901770865 0.7645839858596087 0.7647388815421309 0.7648937772246531 0.7650486729071753 0.7652035685896974 0.7653584642722197 0.7655133599547418 0.765668255637264 0.7658231513197862 0.7659780470023084 0.7661329426848306 0.766287838367353 0.7664427340498752 0.7665976297323974 0.7667525254149196 0.7669074210974417 0.767062316779964 0.7669242946471388 0.7664731367434764 0.7660219788398139 0.7655708209361515 0.7651196630324891 0.7646685051288267 0.7642173472251642 0.763766189321501 0.7633150314178385 0.7628638735141761 0.7624127156105136 0.7619615577068511 0.7615103998031887 0.7610592418995262
0.7646506111764634 0.7648054763317995 0.7649603414871357 0.7651152066424718 0.765270071797808 0.7654249369531442 0.7655798021084803 0.7657346672638164 0.7658895324191526 0.7660443975744887 0.7661992627298249 0.7663541278851613 0.7665089930404975 0.7666638581958336 0.7668187233511697 0.766973588506506 0.7671284536618421 0.7672833188171783 0.7674381839725144 0.7675930491278505 0.7677479142831867 0.7679027794385229 0.7680576445938591 0.7682125097491952 0.7683673749045316 0.7685222400598678 0.7686771052152039 0.7688319703705401 0.7689868355258762 0.7691417006812123 0.7689968403563449 0.768531566712909 0.768066293069473 0.7676010194260372 0.7671357457826014 0.7666704721391655 0.7662051984957297 0.765739924852293 0.7652746512088571 0.7648093775654212 0.7643441039219854 0.7638788302785495 0.7634135566351137 0.7629482829916778
0.7667308803661068 0.766885714994257 0.767040549622407 0.7671953842505571 0.7673502188787072 0.7675050535068574 0.7676598881350075 0.7678147227631577 0.7679695573913077 0.7681243920194578 0.768279226647608 0.7684340612757583 0.7685888959039084 0.7687437305320586 0.7688985651602087 0.7690533997883588 0.7692082344165089 0.769363069044659 0.7695179036728091 0.7696727383009593 0.7698275729291094 0.7699824075572596 0.7701372421854096 0.7702920768135597 0.7704469114417101 0.7706017460698602 0.7707565806980103 0.7709114153261605 0.7710662499543106 0.7712210845824607 0.7710693860655506 0.7705899966823414 0.7701106072991322 0.7696312179159228 0.7691518285327136 0.7686724391495043 0.768193049766295 0.767713660383085 0.7672342709998756 0.7667548816166664 0.7662754922334571 0.7657961028502478 0.7653167134670386 0.7648373240838293
0.7688111495557509 0.768965953656715 0.7691207577576792 0.7692755618586432 0.7694303659596073 0.7695851700605714 0.7697399741615355 0.7698947782624995 0.7700495823634637 0.7702043864644277 0.7703591905653918 0.7705139946663562 0.7706687987673202 0.7708236028682843 0.7709784069692484 0.7711332110702125 0.7712880151711766 0.7714428192721406 0.7715976233731048 0.7717524274740688 0.7719072315750329 0.772062035675997 0.7722168397769611 0.7723716438779251 0.7725264479788895 0.7726812520798536 0.7728360561808176 0.7729908602817818 0.7731456643827458 0.7733004684837099 0.7731419317747574 0.7726484266517747 0.7721549215287921 0.7716614164058093 0.7711679112828267 0.770674406159844 0.7701809010368613 0.7696873959138777 0.7691938907908951 0.7687003856679123 0.7682068805449297 0.767713375421947 0.7672198702989643 0.7667263651759816
0.7708914187453944 0.7710461923191724 0.7712009658929505 0.7713557394667285 0.7715105130405066 0.7716652866142846 0.7718200601880627 0.7719748337618407 0.7721296073356188 0.7722843809093968 0.7724391544831748 0.7725939280569531 0.7727487016307312 0.7729034752045092 0.7730582487782873 0.7732130223520653 0.7733677959258434 0.7735225694996214 0.7736773430733995 0.7738321166471775 0.7739868902209556 0.7741416637947336 0.7742964373685116 0.7744512109422897 0.774605984516068 0.7747607580898461 0.7749155316636241 0.7750703052374022 0.7752250788111802 0.7753798523849582 0.7752144774839632 0.7747068566212072 0.7741992357584511 0.7736916148956949 0.7731839940329388 0.7726763731701828 0.7721687523074267 0.7716611314446696 0.7711535105819136 0.7706458897191575 0.7701382688564014 0.7696306479936452 0.7691230271308892 0.7686154062681331
0.7729716879350378 0.7731264309816298 0.7732811740282218 0.7734359170748139 0.7735906601214059 0.7737454031679979 0.7739001462145898 0.7740548892611818 0.7742096323077738 0.7743643753543659 0.7745191184009579 0.7746738614475501 0.7748286044941421 0.7749833475407342 0.7751380905873262 0.7752928336339182 0.7754475766805102 0.7756023197271023 0.7757570627736943 0.7759118058202862 0.7760665488668782 0.7762212919134702 0.7763760349600622 0.7765307780066543 0.7766855210532465 0.7768402640998385 0.7769950071464305 0.7771497501930226 0.7773044932396146 0.7774592362862066 0.7772870231931691 0.7767652865906396 0.7762435499881101 0.7757218133855805 0.775200076783051 0.7746783401805215 0.774156603577992 0.7736348669754617 0.7731131303729322 0.7725913937704026 0.7720696571678731 0.7715479205653436 0.7710261839628141 0.7705044473602846
0.7750519571246811 0.775206669644087 0.775361382163493 0.7755160946828991 0.775670807202305 0.775825519721711 0.7759802322411169 0.7761349447605229 0.7762896572799289 0.7764443697993348 0.7765990823187409 0.7767537948381471 0.776908507357553 0.777063219876959 0.777217932396365 0.777372644915771 0.777527357435177 0.777682069954583 0.7778367824739889 0.7779914949933949 0.7781462075128008 0.7783009200322069 0.7784556325516129 0.7786103450710188 0.778765057590425 0.778919770109831 0.779074482629237 0.779229195148643 0.779383907668049 0.7795386201874549 0.7793595689023749 0.778823716560072 0.7782878642177691 0.7777520118754662 0.7772161595331633 0.7766803071908603 0.7761444548485574 0.7756086025062536 0.7750727501639506 0.7745368978216477 0.7740010454793448 0.7734651931370419 0.772929340794739 0.772393488452436
0.7771322263143254 0.7772869083065453 0.7774415902987653 0.7775962722909852 0.7777509542832052 0.7779056362754251 0.778060318267645 0.778215000259865 0.7783696822520849 0.7785243642443048 0.7786790462365247 0.778833728228745 0.7789884102209649 0.7791430922131849 0.7792977742054048 0.7794524561976247 0.7796071381898447 0.7797618201820646 0.7799165021742845 0.7800711841665044 0.7802258661587245 0.7803805481509444 0.7805352301431643 0.7806899121353843 0.7808445941276044 0.7809992761198244 0.7811539581120444 0.7813086401042643 0.7814633220964842 0.7816180040887042 0.7814321146115817 0.7808821465295054 0.780332178447429 0.7797822103653527 0.7792322422832764 0.7786822742012 0.7781323061191237 0.7775823380370464 0.77703236995497 0.7764824018728937 0.7759324337908173 0.775382465708741 0.7748324976266647 0.7742825295445883
0.7792124955039686 0.7793671469690026 0.7795217984340365 0.7796764498990704 0.7798311013641043 0.7799857528291382 0.7801404042941721 0.780295055759206 0.7804497072242399 0.7806043586892738 0.7807590101543077 0.780913661619342 0.7810683130843759 0.7812229645494098 0.7813776160144437 0.7815322674794776 0.7816869189445115 0.7818415704095454 0.7819962218745793 0.7821508733396132 0.7823055248046471 0.782460176269681 0.7826148277347149 0.7827694791997488 0.782924130664783 0.7830787821298169 0.7832334335948508 0.7833880850598847 0.7835427365249186 0.7836973879899525 0.7835046603207876 0.7829405764989378 0.782376492677088 0.7818124088552383 0.7812483250333885 0.7806842412115388 0.780120157389689 0.7795560735678383 0.7789919897459886 0.7784279059241388 0.7778638221022891 0.7772997382804393 0.7767356544585895 0.7761715706367398
0.7812927646936121 0.78144738563146 0.7816020065693078 0.7817566275071557 0.7819112484450036 0.7820658693828515 0.7822204903206993 0.7823751112585472 0.7825297321963951 0.7826843531342429 0.7828389740720908 0.7829935950099389 0.7831482159477868 0.7833028368856346 0.7834574578234825 0.7836120787613304 0.7837666996991782 0.7839213206370261 0.784075941574874 0.7842305625127218 0.7843851834505697 0.7845398043884176 0.7846944253262654 0.7848490462641133 0.7850036672019615 0.7851582881398094 0.7853129090776572 0.7854675300155051 0.785622150953353 0.7857767718912008 0.7855772060299934 0.7849990064683702 0.7844208069067471 0.7838426073451239 0.7832644077835007 0.7826862082218776 0.7821080086602544 0.7815298090986302 0.7809516095370072 0.780373409975384 0.7797952104137608 0.7792170108521377 0.7786388112905145 0.7780606117288913
0.7833730338832564 0.7835276242939182 0.7836822147045801 0.7838368051152419 0.7839913955259037 0.7841459859365656 0.7843005763472274 0.7844551667578892 0.7846097571685511 0.7847643475792129 0.7849189379898747 0.7850735284005368 0.7852281188111987 0.7853827092218605 0.7855372996325223 0.7856918900431842 0.785846480453846 0.7860010708645078 0.7861556612751697 0.7863102516858315 0.7864648420964933 0.7866194325071552 0.786774022917817 0.7869286133284787 0.7870832037391409 0.7872377941498028 0.7873923845604646 0.7875469749711264 0.7877015653817883 0.78785615579245 0.7876497517392002 0.7870574364378036 0.786465121136407 0.7858728058350104 0.7852804905336138 0.7846881752322172 0.7840958599308206 0.7835035446294231 0.7829112293280265 0.7823189140266299 0.7817265987252333 0.7811342834238367 0.7805419681224401 0.7799496528210437
0.7854533030728997 0.7856078629563755 0.7857624228398513 0.7859169827233271 0.7860715426068029 0.7862261024902787 0.7863806623737545 0.7865352222572303 0.7866897821407062 0.786844342024182 0.7869989019076578 0.7871534617911338 0.7873080216746096 0.7874625815580854 0.7876171414415611 0.787771701325037 0.7879262612085128 0.7880808210919886 0.7882353809754644 0.7883899408589402 0.788544500742416 0.7886990606258918 0.7888536205093676 0.7890081803928434 0.7891627402763195 0.7893173001597953 0.7894718600432711 0.7896264199267469 0.7897809798102227 0.7899355396936985 0.789722297448406 0.7891158664072361 0.7885094353660661 0.7879030043248961 0.7872965732837262 0.7866901422425561 0.7860837112013861 0.7854772801602151 0.7848708491190451 0.7842644180778751 0.7836579870367051 0.7830515559955351 0.7824451249543651 0.7818386939131952
0.7875335722625431 0.7876881016188328 0.7878426309751226 0.7879971603314124 0.7881516896877022 0.7883062190439919 0.7884607484002817 0.7886152777565715 0.7887698071128613 0.7889243364691509 0.7890788658254407 0.7892333951817307 0.7893879245380205 0.7895424538943103 0.7896969832506001 0.7898515126068898 0.7900060419631796 0.7901605713194694 0.7903151006757592 0.790469630032049 0.7906241593883386 0.7907786887446284 0.7909332181009182 0.791087747457208 0.791242276813498 0.7913968061697878 0.7915513355260775 0.7917058648823673 0.7918603942386571 0.7920149235949469 0.791794843157612 0.7911742963766685 0.7905537495957251 0.7899332028147817 0.7893126560338383 0.7886921092528949 0.7880715624719515 0.7874510156910071 0.7868304689100637 0.7862099221291202 0.7855893753481769 0.7849688285672335 0.78434828178629 0.7837277350053466
0.7896138414521873 0.7897683402812911 0.7899228391103947 0.7900773379394985 0.7902318367686022 0.790386335597706 0.7905408344268097 0.7906953332559135 0.7908498320850171 0.7910043309141209 0.7911588297432246 0.7913133285723286 0.7914678274014323 0.7916223262305361 0.7917768250596398 0.7919313238887435 0.7920858227178472 0.792240321546951 0.7923948203760547 0.7925493192051585 0.7927038180342622 0.7928583168633659 0.7930128156924696 0.7931673145215734 0.7933218133506774 0.7934763121797811 0.7936308110088849 0.7937853098379886 0.7939398086670924 0.794094307496196 0.7938673888668186 0.7932327263461019 0.792598063825385 0.7919634013046682 0.7913287387839514 0.7906940762632346 0.7900594137425178 0.7894247512217999 0.788790088701083 0.7881554261803663 0.7875207636596494 0.7868861011389325 0.7862514386182158 0.7856167760974989
0.7916941106418307 0.7918485789437484 0.7920030472456661 0.7921575155475838 0.7923119838495015 0.7924664521514192 0.7926209204533369 0.7927753887552546 0.7929298570571722 0.79308432535909 0.7932387936610077 0.7933932619629256 0.7935477302648433 0.793702198566761 0.7938566668686787 0.7940111351705964 0.7941656034725141 0.7943200717744318 0.7944745400763494 0.7946290083782672 0.7947834766801849 0.7949379449821026 0.7950924132840202 0.7952468815859379 0.7954013498878559 0.7955558181897736 0.7957102864916913 0.795864754793609 0.7960192230955266 0.7961736913974444 0.7959399345760245 0.7952911563155343 0.794642378055044 0.7939935997945539 0.7933448215340636 0.7926960432735733 0.7920472650130831 0.7913984867525918 0.7907497084921016 0.7901009302316113 0.7894521519711211 0.7888033737106309 0.7881545954501407 0.7875058171896504
0.7937743798314741 0.7939288176062058 0.7940832553809375 0.7942376931556691 0.7943921309304007 0.7945465687051324 0.7947010064798641 0.7948554442545958 0.7950098820293274 0.795164319804059 0.7953187575787907 0.7954731953535226 0.7956276331282542 0.7957820709029859 0.7959365086777176 0.7960909464524493 0.7962453842271809 0.7963998220019126 0.7965542597766442 0.7967086975513759 0.7968631353261075 0.7970175731008392 0.7971720108755709 0.7973264486503026 0.7974808864250345 0.7976353241997661 0.7977897619744977 0.7979441997492294 0.798098637523961 0.7982530752986927 0.7980124802852303 0.7973495862849667 0.7966866922847031 0.7960237982844395 0.7953609042841758 0.7946980102839122 0.7940351162836485 0.7933722222833838 0.7927093282831201 0.7920464342828565 0.7913835402825928 0.7907206462823292 0.7900577522820655 0.7893948582818019
0.7958546490211184 0.7960090562686639 0.7961634635162096 0.7963178707637552 0.7964722780113008 0.7966266852588464 0.7967810925063921 0.7969354997539376 0.7970899070014833 0.797244314249029 0.7973987214965745 0.7975531287441204 0.7977075359916661 0.7978619432392117 0.7980163504867573 0.7981707577343029 0.7983251649818486 0.7984795722293941 0.7986339794769398 0.7987883867244854 0.798942793972031 0.7990972012195767 0.7992516084671223 0.799406015714668 0.7995604229622139 0.7997148302097594 0.7998692374573051 0.8000236447048507 0.8001780519523963 0.8003324591999419 0.8000850259944371 0.7994080162544001 0.798731006514363 0.7980539967743259 0.7973769870342888 0.7966999772942518 0.7960229675542148 0.7953459578141765 0.7946689480741395 0.7939919383341024 0.7933149285940654 0.7926379188540283 0.7919609091139912 0.7912838993739542
0.7979349182107617 0.7980892949311214 0.7982436716514809 0.7983980483718405 0.7985524250922 0.7987068018125597 0.7988611785329193 0.7990155552532788 0.7991699319736384 0.799324308693998 0.7994786854143576 0.7996330621347174 0.7997874388550771 0.7999418155754366 0.8000961922957962 0.8002505690161558 0.8004049457365153 0.800559322456875 0.8007136991772346 0.8008680758975941 0.8010224526179537 0.8011768293383134 0.8013312060586729 0.8014855827790325 0.8016399594993924 0.8017943362197519 0.8019487129401115 0.8021030896604711 0.8022574663808307 0.8024118431011903 0.8021575717036429 0.8014664462238325 0.800775320744022 0.8000841952642115 0.7993930697844011 0.7987019443045906 0.7980108188247801 0.7973196933449684 0.796628567865158 0.7959374423853476 0.795246316905537 0.7945551914257266 0.7938640659459162 0.7931729404661056
