Figures/CREST_Example_wjb_NSE/PETs/wjb.pet.20090818.asc
ncols            288
nrows            254
xllcorner        113.274861
yllcorner        31.4918055
cellsize         0.008333333333
NODATA_value     -9999
[rows 60 to 79 of 254, columns 176 to 219 of 288]
2.193022549004882 2.1912587110162964 2.1894948730277104 2.187731035039125 2.185967197050539 2.1842033590619536 2.182439521073365 2.180675683084779 2.1789118450961933 2.1771480071076077 2.175384169119022 2.173620331130436 2.1718564931418505 2.170092655153265 2.1683288171646793 2.1665649791760937 2.1652539326052245 2.1644269303050288 2.1635999280048326 2.1627729257046355 2.1619459234044394 2.1611189211042436 2.1602919188040475 2.1594649165038518 2.158637914203656 2.15781091190346 2.156983909603264 2.156156907303068 2.1553299050028722 2.1545029027026765 2.1536759004024804 2.1528488981022846 2.152021895802087 2.1511948935018914 -9999.0 -9999.0 -9999.0 -9999.0 -9999.0 -9999.0 -9999.0 -9999.0 -9999.0 -9999.0
2.192858806950486 2.191185936566109 2.1895130661817324 2.1878401957973552 2.186167325412978 2.184494455028601 2.182821584644221 2.181148714259844 2.1794758438754673 2.17780297349109 2.176130103106713 2.174457232722336 2.1727843623379592 2.171111491953582 2.169438621569205 2.167765751184828 2.166519761661824 2.1657301174384935 -9999.0 -9999.0 -9999.0 2.162571540545171 2.161781896321841 2.1609922520985108 2.1602026078751804 2.15941296365185 2.15862331942852 2.1578336752051896 2.1570440309818593 2.156254386758529 2.155464742535199 2.1546750983118685 -9999.0 -9999.0 -9999.0 -9999.0 -9999.0 -9999.0 -9999.0 -9999.0 -9999.0 -9999.0 -9999.0 -9999.0
2.1926950648960903 2.191113162115922 2.1895312593357534 2.187949356555585 2.186367453775417 2.1847855509952487 2.1832036482150774 2.181621745434909 2.180039842654741 2.1784579398745727 2.176876037094404 2.175294134314236 2.1737122315340676 2.1721303287538993 2.1705484259737307 2.1689665231935624 2.1677855907184234 2.1670333045719588 -9999.0 -9999.0 -9999.0 2.164024159986099 2.1632718738396344 2.1625195876931698 2.161767301546705 2.1610150154002405 2.160262729253776 -9999.0 -9999.0 -9999.0 -9999.0 -9999.0 -9999.0 -9999.0 -9999.0 -9999.0 -9999.0 -9999.0 -9999.0 -9999.0 -9999.0 -9999.0 -9999.0 -9999.0
2.1925313228416945 2.1910403876657347 2.1895494524897754 2.1880585173138156 2.186567582137856 2.185076646961896 2.183585711785934 2.1820947766099743 2.1806038414340145 2.1791129062580548 2.1776219710820954 2.1761310359061357 2.174640100730176 2.173149165554216 2.171658230378257 2.170167295202297 2.169051419775023 2.168336491705424 -9999.0 -9999.0 -9999.0 -9999.0 -9999.0 -9999.0 -9999.0 -9999.0 -9999.0 -9999.0 -9999.0 -9999.0 -9999.0 -9999.0 -9999.0 -9999.0 -9999.0 -9999.0 -9999.0 -9999.0 -9999.0 -9999.0 -9999.0 -9999.0 -9999.0 -9999.0
2.1923675807872987 2.190967613215548 2.189567645643797 2.1881676780720456 2.1867677105002947 2.185367742928544 2.1839677753567903 2.1825678077850394 2.1811678402132886 2.1797678726415373 2.1783679050697864 2.1769679374980355 2.175567969926284 2.1741680023545333 2.1727680347827825 2.1713680672110316 2.1703172488316227 2.169639678838889 -9999.0 -9999.0 -9999.0 -9999.0 -9999.0 -9999.0 -9999.0 -9999.0 -9999.0 -9999.0 -9999.0 -9999.0 -9999.0 -9999.0 -9999.0 -9999.0 -9999.0 -9999.0 -9999.0 -9999.0 -9999.0 -9999.0 -9999.0 -9999.0 -9999.0 -9999.0
2.192203838732903 2.1908948387653604 2.189585838797818 2.188276838830276 2.1869678388627336 2.185658838895191 2.1843498389276466 2.1830408389601046 2.181731838992562 2.1804228390250198 2.1791138390574774 2.177804839089935 2.176495839122393 2.1751868391548506 2.173877839187308 2.1725688392197657 2.171583077888222 2.1709428659723544 2.1703026540564867 -9999.0 -9999.0 -9999.0 -9999.0 -9999.0 -9999.0 -9999.0 -9999.0 -9999.0 -9999.0 -9999.0 -9999.0 -9999.0 -9999.0 -9999.0 -9999.0 -9999.0 -9999.0 -9999.0 -9999.0 -9999.0 -9999.0 -9999.0 -9999.0 -9999.0
2.192040096678507 2.1908220643151735 2.18960403195184 2.1883859995885064 2.187167967225173 2.1859499348618394 2.1847319024985037 2.18351387013517 2.1822958377718367 2.181077805408503 2.1798597730451696 2.1786417406818357 2.177423708318502 2.1762056759551687 2.174987643591835 2.1737696112285017 2.172848906944823 2.172246053105821 2.1716431992668186 -9999.0 -9999.0 -9999.0 -9999.0 -9999.0 -9999.0 -9999.0 -9999.0 -9999.0 -9999.0 -9999.0 -9999.0 -9999.0 -9999.0 -9999.0 -9999.0 -9999.0 -9999.0 -9999.0 -9999.0 -9999.0 -9999.0 -9999.0 -9999.0 -9999.0
2.191876354624111 2.1907492898649865 2.1896222251058615 2.188495160346737 2.187368095587612 2.1862410308284868 2.18511396606936 2.1839869013102353 2.1828598365511103 2.1817327717919857 2.1806057070328606 2.1794786422737356 2.178351577514611 2.177224512755486 2.176097447996361 2.1749703832372362 2.1741147360014224 2.1735492402392858 2.1729837444771496 2.172418248715012 -9999.0 -9999.0 -9999.0 -9999.0 -9999.0 -9999.0 -9999.0 -9999.0 -9999.0 -9999.0 -9999.0 -9999.0 -9999.0 -9999.0 -9999.0 -9999.0 -9999.0 -9999.0 -9999.0 -9999.0 -9999.0 -9999.0 -9999.0 -9999.0
2.1917126125697153 2.190676515414799 2.189640418259883 2.188604321104967 2.1875682239500507 2.1865321267951345 2.1854960296402166 2.1844599324853 2.183423835330384 2.1823877381754677 2.1813516410205516 2.1803155438656354 2.1792794467107193 2.178243349555803 2.177207252400887 2.176171155245971 2.175380565058022 2.174852427372751 2.17432428968748 -9999.0 -9999.0 -9999.0 -9999.0 -9999.0 -9999.0 -9999.0 -9999.0 -9999.0 -9999.0 -9999.0 -9999.0 -9999.0 -9999.0 -9999.0 -9999.0 -9999.0 -9999.0 -9999.0 -9999.0 -9999.0 -9999.0 -9999.0 -9999.0 -9999.0
2.19154887051532 2.190603740964612 2.189658611413905 2.1887134818631973 2.1877683523124896 2.1868232227617823 2.1858780932110733 2.1849329636603656 2.183987834109658 2.1830427045589507 2.182097575008243 2.1811524454575357 2.180207315906828 2.179262186356121 2.178317056805413 2.1773719272547054 2.1766463941146217 2.1761556145062166 -9999.0 -9999.0 -9999.0 -9999.0 -9999.0 -9999.0 -9999.0 -9999.0 -9999.0 -9999.0 -9999.0 -9999.0 -9999.0 -9999.0 -9999.0 -9999.0 -9999.0 -9999.0 -9999.0 -9999.0 -9999.0 -9999.0 -9999.0 -9999.0 -9999.0 -9999.0
2.191385128460924 2.1905309665144252 2.1896768045679265 2.1888226426214277 2.187968480674929 2.18711431872843 2.1862601567819295 2.1854059948354307 2.184551832888932 2.183697670942433 2.1828435089959344 2.1819893470494356 2.1811351851029364 2.1802810231564376 2.179426861209939 2.17857269926344 2.177912223171221 2.177458801639682 -9999.0 -9999.0 -9999.0 -9999.0 -9999.0 -9999.0 -9999.0 -9999.0 -9999.0 -9999.0 -9999.0 -9999.0 -9999.0 -9999.0 -9999.0 -9999.0 -9999.0 -9999.0 -9999.0 -9999.0 -9999.0 -9999.0 -9999.0 -9999.0 -9999.0 -9999.0
2.191221386406528 2.190458192064238 2.189694997721948 2.1889318033796576 2.1881686090373673 2.1874054146950774 2.1866422203527858 2.185879026010496 2.1851158316682056 2.1843526373259152 2.1835894429836253 2.182826248641335 2.182063054299045 2.181299859956755 2.1805366656144645 2.1797734712721746 2.1791780522278206 2.1787619887731466 -9999.0 -9999.0 -9999.0 -9999.0 -9999.0 -9999.0 -9999.0 -9999.0 -9999.0 -9999.0 -9999.0 -9999.0 -9999.0 -9999.0 -9999.0 -9999.0 -9999.0 -9999.0 -9999.0 -9999.0 -9999.0 -9999.0 -9999.0 -9999.0 -9999.0 -9999.0
2.191057644352132 2.1903854176140505 2.1897131908759695 2.189040964137888 2.1883687373998066 2.187696510661725 2.1870242839236425 2.186352057185561 2.1856798304474796 2.185007603709398 2.1843353769713167 2.1836631502332353 2.182990923495154 2.1823186967570725 2.1816464700189915 2.18097424328091 2.1804438812844213 2.1800651759066128 2.1796864705288046 -9999.0 -9999.0 -9999.0 -9999.0 -9999.0 -9999.0 -9999.0 -9999.0 -9999.0 -9999.0 -9999.0 -9999.0 -9999.0 -9999.0 -9999.0 -9999.0 -9999.0 -9999.0 -9999.0 -9999.0 -9999.0 -9999.0 -9999.0 -9999.0 -9999.0
2.1908939022977365 2.190312643163864 2.189731384029991 2.1891501248961185 2.1885688657622455 2.187987606628373 2.187406347494499 2.1868250883606266 2.1862438292267536 2.185662570092881 2.1850813109590086 2.1845000518251356 2.183918792691263 2.18333753355739 2.1827562744235176 2.1821750152896446 2.1817097103410212 2.1813683630400784 2.181027015739136 2.180685668438193 2.18034432113725 2.1800029738363076 -9999.0 -9999.0 -9999.0 -9999.0 -9999.0 -9999.0 -9999.0 -9999.0 -9999.0 -9999.0 -9999.0 -9999.0 -9999.0 -9999.0 -9999.0 -9999.0 -9999.0 -9999.0 -9999.0 -9999.0 -9999.0 -9999.0
2.1907301602433407 2.1902398687136766 2.1897495771840125 2.1892592856543485 2.1887689941246844 2.1882787025950203 2.1877884110653554 2.1872981195356918 2.1868078280060277 2.1863175364763636 2.1858272449466996 2.1853369534170355 2.1848466618873714 2.1843563703577074 2.1838660788280433 2.1833757872983792 2.1829755393976207 2.1826715501735436 2.1823675609494666 2.182063571725389 2.181759582501312 2.181455593277235 2.181151604053158 2.1808476148290814 2.1805436256050044 -9999.0 -9999.0 -9999.0 -9999.0 -9999.0 -9999.0 -9999.0 -9999.0 -9999.0 -9999.0 -9999.0 -9999.0 -9999.0 -9999.0 -9999.0 -9999.0 -9999.0 -9999.0 -9999.0
2.190566418188945 2.1901670942634897 2.189767770338034 2.189368446412579 2.1889691224871233 2.188569798561668 2.188170474636212 2.1877711507107565 2.1873718267853013 2.186972502859846 2.1865731789343905 2.1861738550089354 2.1857745310834797 2.1853752071580246 2.184975883232569 2.184576559307114 2.18424136845422 2.183974737307009 2.1837081061597976 2.1834414750125855 2.183174843865374 2.182908212718163 2.1826415815709517 2.1823749504237404 2.1821083192765287 -9999.0 -9999.0 -9999.0 -9999.0 -9999.0 2.1805085323932607 -9999.0 -9999.0 -9999.0 -9999.0 -9999.0 -9999.0 -9999.0 -9999.0 -9999.0 -9999.0 -9999.0 -9999.0 -9999.0
2.190402676134549 2.1900943198133023 2.1897859634920556 2.189477607170809 2.189169250849562 2.188860894528316 2.1885525382070683 2.1882441818858216 2.187935825564575 2.187627469243328 2.1873191129220815 2.187010756600835 2.1867024002795885 2.186394043958342 2.186085687637095 2.1857773313158484 2.1855071975108196 2.1852779244404736 2.185048651370128 2.1848193782997822 2.1845901052294363 2.184360832159091 2.184131559088745 2.1839022860183994 2.1836730129480535 2.1834437398777076 -9999.0 -9999.0 -9999.0 2.1825266475963248 2.1822973745259793 -9999.0 -9999.0 -9999.0 -9999.0 -9999.0 -9999.0 -9999.0 -9999.0 -9999.0 -9999.0 -9999.0 -9999.0 -9999.0
2.190238934080153 2.1900215453631153 2.189804156646077 2.1895867679290393 2.189369379212001 2.1891519904949632 2.1889346017779245 2.1887172130608867 2.188499824343849 2.1882824356268107 2.188065046909773 2.1878476581927346 2.187630269475697 2.1874128807586586 2.187195492041621 2.1869781033245825 2.186773026567419 2.186581111573939 2.1863891965804587 2.1861972815869786 2.1860053665934984 2.1858134516000183 2.185621536606538 2.1854296216130584 2.1852377066195783 2.185045791626098 -9999.0 -9999.0 -9999.0 2.184278131652178 2.184086216658698 -9999.0 -9999.0 -9999.0 -9999.0 -9999.0 -9999.0 -9999.0 -9999.0 -9999.0 -9999.0 -9999.0 -9999.0 -9999.0
2.1900751920257573 2.189948770912928 2.1898223498000986 2.1896959286872693 2.18956950757444 2.1894430864616106 2.189316665348781 2.189190244235952 2.1890638231231225 2.188937402010293 2.188810980897464 2.1886845597846345 2.188558138671805 2.188431717558976 2.1883052964461465 2.188178875333317 2.1880388556240185 2.187884298707404 2.1877297417907897 2.187575184874175 2.1874206279575605 2.187266071040946 2.187111514124332 2.1869569572077174 2.186802400291103 2.1866478433744883 -9999.0 -9999.0 2.186184172624645 2.186029615708031 2.1858750587914164 -9999.0 -9999.0 -9999.0 -9999.0 -9999.0 -9999.0 -9999.0 -9999.0 -9999.0 -9999.0 -9999.0 -9999.0 -9999.0
2.1899114499713614 2.189875996462741 2.1898405429541206 2.1898050894455 2.1897696359368792 2.189734182428259 2.1896987289196383 2.1896632754110175 2.189627821902397 2.1895923683937766 2.1895569148851557 2.1895214613765352 2.189486007867915 2.189450554359294 2.1894151008506735 2.189379647342053 2.1893046846806192 2.1891874858408706 2.189070287001122 2.188953088161373 2.188835889321624 2.1887186904818754 2.1886014916421264 2.1884842928023778 2.188367093962629 2.18824989512288 2.1881326962831316 2.1880154974433825 2.187898298603634 2.1877810997638854 -9999.0 -9999.0 -9999.0 -9999.0 -9999.0 -9999.0 -9999.0 -9999.0 -9999.0 -9999.0 -9999.0 -9999.0 -9999.0 -9999.0
