Figures/CREST_Example_wjb_NSE/PETs/wjb.pet.20100607.asc
ncols            288
nrows            254
xllcorner        113.274861
yllcorner        31.4918055
cellsize         0.008333333333
NODATA_value     -9999
[rows 180 to 199 of 254, columns 176 to 219 of 288]
2.2510054063787464 2.2549634158052307 2.2589214252317147 2.262879434658199 2.2668374440846835 2.270795453511168 2.274753462937659 2.2787114723641433 2.2826694817906277 2.2866274912171116 2.290585500643596 2.2945435100700804 2.298501519496565 2.302459528923049 2.3064175383495336 2.3103755477760175 2.312908252148466 2.313917273168331 2.314926294188196 2.315935315208063 2.3169443362279276 2.317953357247793 2.3189623782676576 2.319971399287523 2.320980420307388 2.321989441327253 2.322998462347118 2.324007483366983 2.325016504386848 2.326025525406713 2.327034546426578 2.328043567446443 2.32905258846631 2.3300616094861746 2.33107063050604 2.3320796515259046 2.33308867254577 2.334097693565635 2.3351067145855 2.336115735605365 2.33712475662523 2.338133777645095 2.3391427986649598 2.340151819684825
2.256677142133181 2.2604901241849475 2.264303106236714 2.2681160882884805 2.271929070340247 2.2757420523920135 2.2795550344437863 2.2833680164955528 2.2871809985473193 2.2909939805990858 2.2948069626508523 2.2986199447026188 2.3024329267543853 2.3062459088061518 2.3100588908579183 2.3138718729096848 2.3163630056657882 2.317441051615863 2.318519097565937 2.319597143516013 2.3206751894660873 2.321753235416162 2.3228312813662364 2.3239093273163105 2.324987373266385 2.326065419216459 2.3271434651665337 2.328221511116608 2.3292995570666823 2.3303776030167564 2.331455648966831 2.332533694916905 2.3336117408669814 2.334689786817056 2.33576783276713 2.3368458787172046 2.3379239246672787 2.3390019706173533 2.3400800165674274 2.341158062517502 2.3422361084675765 2.3433141544176506 2.344392200367725 2.345470246317799
2.2623488778876157 2.2660168325646644 2.269684787241713 2.2733527419187616 2.27702069659581 2.280688651272859 2.2843566059499136 2.2880245606269622 2.291692515304011 2.2953604699810595 2.299028424658108 2.3026963793351567 2.3063643340122058 2.3100322886892544 2.313700243366303 2.3173681980433516 2.3198177591831106 2.3209648300633945 2.322111900943678 2.3232589718239636 2.324406042704247 2.325553113584531 2.3267001844648143 2.327847255345098 2.3289943262253816 2.3301413971056655 2.3312884679859494 2.332435538866233 2.3335826097465167 2.3347296806268 2.335876751507084 2.3370238223873674 2.338170893267653 2.3393179641479365 2.3404650350282203 2.3416121059085038 2.3427591767887876 2.343906247669071 2.345053318549355 2.346200389429639 2.3473474603099223 2.348494531190206 2.3496416020704896 2.3507886729507734
2.268020613642055 2.2715435409443856 2.2750664682467163 2.278589395549047 2.2821123228513778 2.2856352501537085 2.289158177456045 2.2926811047583757 2.2962040320607064 2.299726959363037 2.303249886665368 2.3067728139676986 2.3102957412700293 2.3138186685723596 2.3173415958746904 2.320864523177021 2.3232725127004357 2.324488608510929 2.3257047043214216 2.326920800131917 2.32813689594241 2.329352991752903 2.3305690875633958 2.331785183373889 2.333001279184382 2.334217374994875 2.335433470805368 2.3366495666158613 2.337865662426354 2.3390817582368473 2.3402978540473405 2.3415139498578332 2.342730045668328 2.3439461414788214 2.3451622372893146 2.3463783330998074 2.3475944289103006 2.3488105247207938 2.3500266205312865 2.3512427163417797 2.352458812152273 2.3536749079627657 2.354891003773259 2.3561070995837516
2.2736923493964896 2.2770702493241024 2.2804481492517152 2.283826049179328 2.287203949106941 2.2905818490345538 2.2939597489621724 2.297337648889785 2.300715548817398 2.304093448745011 2.3074713486726237 2.3108492486002365 2.3142271485278494 2.3176050484554622 2.320982948383075 2.324360848310688 2.326727266217758 2.32801238695846 2.3292975076991627 2.3305826284398674 2.3318677491805695 2.333152869921272 2.3344379906619745 2.3357231114026766 2.337008232143379 2.3382933528840812 2.3395784736247838 2.3408635943654863 2.3421487151061884 2.343433835846891 2.3447189565875934 2.3460040773282955 2.3472891980690003 2.3485743188097024 2.349859439550405 2.3511445602911074 2.3524296810318095 2.353714801772512 2.3549999225132145 2.3562850432539166 2.357570163994619 2.3588552847353217 2.3601404054760238 2.3614255262167263
2.2793640851509243 2.282596957703819 2.2858298302567146 2.2890627028096096 2.2922955753625045 2.2955284479153995 2.2987613204682997 2.301994193021195 2.30522706557409 2.308459938126985 2.31169281067988 2.314925683232775 2.31815855578567 2.321391428338565 2.3246243008914598 2.3278571734443547 2.3301820197350804 2.331536165405992 2.3328903110769037 2.3342444567478178 2.335598602418729 2.336952748089641 2.3383068937605525 2.3396610394314643 2.341015185102376 2.3423693307732876 2.3437234764441994 2.345077622115111 2.3464317677860227 2.3477859134569345 2.349140059127846 2.350494204798758 2.351848350469672 2.3532024961405833 2.354556641811495 2.3559107874824066 2.3572649331533184 2.3586190788242303 2.3599732244951417 2.3613273701660535 2.362681515836965 2.364035661507877 2.3653898071787887 2.3667439528497
2.2850358209053594 2.2881236660835365 2.2912115112617135 2.2942993564398906 2.2973872016180676 2.300475046796245 2.3035628919744275 2.3066507371526046 2.3097385823307817 2.3128264275089587 2.3159142726871362 2.3190021178653133 2.3220899630434904 2.3251778082216674 2.3282656533998445 2.331353498578022 2.333636773252403 2.3350599438535236 2.3364831144546447 2.337906285055768 2.339329455656889 2.34075262625801 2.3421757968591312 2.343598967460252 2.345022138061373 2.346445308662494 2.347868479263615 2.3492916498647363 2.350714820465857 2.352137991066978 2.353561161668099 2.35498433226922 2.3564075028703435 2.3578306734714647 2.3592538440725854 2.3606770146737066 2.3621001852748273 2.3635233558759485 2.3649465264770697 2.3663696970781904 2.3677928676793116 2.3692160382804324 2.3706392088815536 2.3720623794826743
2.2907075566597936 2.2936503744632533 2.2965931922667124 2.2995360100701716 2.3024788278736312 2.3054216456770904 2.308364463480555 2.311307281284014 2.3142500990874733 2.317192916890933 2.320135734694392 2.3230785524978512 2.326021370301311 2.32896418810477 2.3319070059082296 2.334849823711689 2.3370915267697248 2.3385837223010553 2.3400759178323858 2.3415681133637185 2.3430603088950486 2.344552504426379 2.3460446999577096 2.3475368954890397 2.34902909102037 2.3505212865517002 2.3520134820830307 2.353505677614361 2.3549978731456913 2.3564900686770214 2.357982264208352 2.3594744597396824 2.360966655271015 2.362458850802345 2.3639510463336757 2.3654432418650058 2.3669354373963363 2.368427632927667 2.369919828458997 2.3714120239903274 2.3729042195216574 2.374396415052988 2.375888610584318 2.3773808061156485
2.2963792924142283 2.29917708284297 2.3019748732717114 2.304772663700453 2.3075704541291944 2.310368244557936 2.3131660349866823 2.3159638254154236 2.3187616158441653 2.3215594062729066 2.3243571967016483 2.3271549871303896 2.3299527775591313 2.3327505679878726 2.3355483584166143 2.3383461488453556 2.340546280287047 2.342107500748587 2.3436687212101264 2.345229941671669 2.3467911621332087 2.348352382594748 2.349913603056288 2.3514748235178273 2.353036043979367 2.3545972644409066 2.3561584849024464 2.357719705363986 2.3592809258255256 2.360842146287065 2.362403366748605 2.3639645872101447 2.3655258076716867 2.3670870281332266 2.368648248594766 2.370209469056306 2.371770689517845 2.373331909979385 2.3748931304409244 2.3764543509024643 2.378015571364004 2.3795767918255435 2.3811380122870833 2.3826992327486227
2.302051028168668 2.3047037912226913 2.3073565542767147 2.3100093173307386 2.312662080384762 2.3153148434387854 2.3179676064928136 2.320620369546837 2.3232731326008604 2.3259258956548843 2.3285786587089077 2.331231421762931 2.333884184816955 2.3365369478709783 2.3391897109250017 2.341842473979025 2.344001033804372 2.3456312791961214 2.3472615245878705 2.3488917699796223 2.350522015371371 2.3521522607631202 2.3537825061548694 2.355412751546618 2.3570429969383673 2.3586732423301164 2.360303487721865 2.3619337331136143 2.3635639785053635 2.365194223897112 2.3668244692888614 2.3684547146806105 2.3700849600723624 2.371715205464111 2.3733454508558602 2.3749756962476094 2.376605941639358 2.3782361870311073 2.3798664324228564 2.381496677814605 2.3831269232063543 2.3847571685981035 2.386387413989852 2.3880176593816014
2.3077227639231026 2.310230499602408 2.312738235281714 2.3152459709610196 2.3177537066403255 2.320261442319631 2.322769177998941 2.3252769136782465 2.3277846493575525 2.330292385036858 2.332800120716164 2.3353078563954695 2.337815592074775 2.340323327754081 2.3428310634333864 2.3453387991126924 2.3474557873216946 2.349155057643653 2.350854327965611 2.3525535982875727 2.3542528686095308 2.3559521389314892 2.3576514092534477 2.359350679575406 2.3610499498973643 2.3627492202193223 2.364448490541281 2.3661477608632393 2.3678470311851973 2.369546301507156 2.3712455718291143 2.3729448421510724 2.3746441124730335 2.376343382794992 2.3780426531169505 2.3797419234389086 2.381441193760867 2.3831404640828255 2.3848397344047836 2.386539004726742 2.3882382750487006 2.3899375453706586 2.391636815692617 2.3933360860145756
2.3133944996775373 2.3157572079821254 2.318119916286713 2.320482624591301 2.3228453328958887 2.3252080412004767 2.3275707495050684 2.3299334578096564 2.332296166114244 2.334658874418832 2.3370215827234198 2.339384291028008 2.3417469993325954 2.3441097076371835 2.346472415941771 2.348835124246359 2.350910540839017 2.3526788360911848 2.354447131343352 2.356215426595523 2.3579837218476905 2.3597520170998583 2.361520312352026 2.3632886076041935 2.3650569028563613 2.366825198108529 2.3685934933606965 2.3703617886128643 2.3721300838650317 2.3738983791171995 2.3756666743693673 2.3774349696215347 2.3792032648737056 2.380971560125873 2.382739855378041 2.3845081506302086 2.386276445882376 2.388044741134544 2.3898130363867116 2.391581331638879 2.393349626891047 2.3951179221432146 2.396886217395382 2.39865451264755
2.319066235431972 2.3212839163618417 2.323501597291712 2.325719278221582 2.327936959151452 2.330154640081322 2.3323723210111957 2.334590001941066 2.3368076828709357 2.339025363800806 2.341243044730676 2.3434607256605458 2.345678406590416 2.347896087520286 2.350113768450156 2.352331449380026 2.3543652943563393 2.3562026145387165 2.358039934721093 2.3598772549034734 2.36171457508585 2.3635518952682273 2.3653892154506044 2.367226535632981 2.3690638558153583 2.370901175997735 2.372738496180112 2.3745758163624893 2.376413136544866 2.378250456727243 2.38008777690962 2.381925097091997 2.383762417274377 2.385599737456754 2.387437057639131 2.3892743778215078 2.391111698003885 2.392949018186262 2.3947863383686387 2.396623658551016 2.3984609787333926 2.4002982989157697 2.402135619098147 2.4039729392805236
2.3247379711864067 2.326810624741559 2.328883278296711 2.330955931851863 2.3330285854070154 2.3351012389621677 2.337173892517323 2.3392465460724754 2.3413191996276277 2.34339185318278 2.345464506737932 2.347537160293084 2.3496098138482364 2.3516824674033887 2.353755120958541 2.355827774513693 2.3578200478736617 2.3597263929862478 2.3616327380988342 2.363539083211424 2.3654454283240103 2.3673517734365963 2.369258118549183 2.371164463661769 2.3730708087743553 2.3749771538869413 2.3768834989995278 2.3787898441121142 2.3806961892247003 2.3826025343372867 2.3845088794498728 2.3864152245624592 2.388321569675049 2.3902279147876353 2.3921342599002213 2.394040605012808 2.395946950125394 2.3978532952379803 2.3997596403505668 2.401665985463153 2.4035723305757393 2.4054786756883253 2.4073850208009118 2.409291365913498
2.3304097069408436 2.332337333121278 2.3342649593017124 2.3361925854821464 2.3381202116625808 2.340047837843015 2.3419754640234527 2.343903090203887 2.345830716384321 2.3477583425647555 2.34968596874519 2.3516135949256243 2.3535412211060582 2.3554688472864926 2.357396473466927 2.3593240996473615 2.3612748013909854 2.363250171433781 2.3652255414765766 2.3672009115193755 2.3691762815621713 2.371151651604967 2.3731270216477625 2.3751023916905583 2.377077761733354 2.3790531317761494 2.381028501818945 2.383003871861741 2.3849792419045364 2.386954611947332 2.3889299819901275 2.3909053520329233 2.392880722075722 2.394856092118518 2.396831462161314 2.398806832204109 2.400782202246905 2.4027575722897008 2.404732942332496 2.406708312375292 2.4086836824180877 2.410659052460883 2.412634422503679 2.4146097925464747
2.3360814426952783 2.337864041500995 2.3396466403067113 2.3414292391124274 2.343211837918144 2.3449944367238604 2.34677703552958 2.3485596343352966 2.350342233141013 2.3521248319467296 2.3539074307524457 2.355690029558162 2.3574726283638787 2.3592552271695952 2.3610378259753118 2.3628204247810283 2.364729554908308 2.3667739498813125 2.3688183448543176 2.370862739827326 2.372907134800331 2.374951529773336 2.376995924746341 2.379040319719346 2.3810847146923506 2.3831291096653557 2.385173504638361 2.3872178996113655 2.3892622945843707 2.3913066895573754 2.3933510845303805 2.3953954795033856 2.397439874476394 2.399484269449399 2.4015286644224036 2.4035730593954088 2.405617454368414 2.4076618493414186 2.4097062443144237 2.411750639287429 2.4137950342604335 2.4158394292334386 2.4178838242064433 2.4199282191794484
2.341753178449713 2.3433907498807116 2.3450283213117102 2.346665892742709 2.3483034641737075 2.349941035604706 2.3515786070357074 2.353216178466706 2.3548537498977047 2.3564913213287033 2.358128892759702 2.3597664641907006 2.361404035621699 2.363041607052698 2.3646791784836965 2.366316749914695 2.3681843084256298 2.3702977283288442 2.3724111482320587 2.3745245681352762 2.3766379880384907 2.378751407941705 2.380864827844919 2.3829782477481336 2.385091667651348 2.387205087554562 2.3893185074577765 2.3914319273609905 2.393545347264205 2.3956587671674194 2.3977721870706334 2.399885606973848 2.401999026877066 2.40411244678028 2.4062258666834944 2.4083392865867084 2.410452706489923 2.4125661263931373 2.4146795462963513 2.4167929661995657 2.4189063861027797 2.421019806005994 2.4231332259092087 2.4252466458124227
2.34742491420415 2.3489174582604306 2.3504100023167114 2.351902546372992 2.353395090429273 2.3548876344855536 2.356380178541837 2.3578727225981178 2.3593652666543985 2.3608578107106792 2.36235035476696 2.3638428988232403 2.365335442879521 2.3668279869358018 2.3683205309920825 2.3698130750483632 2.3716390619429535 2.3738215067763773 2.376003951609801 2.3781863964432284 2.3803688412766517 2.3825512861100755 2.3847337309434993 2.3869161757769226 2.3890986206103464 2.39128106544377 2.3934635102771935 2.3956459551106173 2.3978283999440406 2.4000108447774644 2.402193289610888 2.4043757344443115 2.406558179277739 2.4087406241111626 2.4109230689445864 2.4131055137780097 2.4152879586114335 2.4174704034448573 2.4196528482782806 2.4218352931117044 2.424017737945128 2.4262001827785515 2.4283826276119753 2.430565072445399
2.3530966499585846 2.3544441666401474 2.3557916833217107 2.3571392000032736 2.3584867166848364 2.3598342333663993 2.3611817500479644 2.3625292667295272 2.36387678341109 2.365224300092653 2.366571816774216 2.3679193334557787 2.3692668501373415 2.3706143668189044 2.371961883500467 2.37330940018203 2.375093815460276 2.377345285223909 2.379596754987542 2.3818482247511787 2.3840996945148114 2.3863511642784445 2.3886026340420776 2.3908541038057103 2.3931055735693434 2.3953570433329765 2.397608513096609 2.3998599828602423 2.4021114526238754 2.404362922387508 2.406614392151141 2.408865861914774 2.411117331678411 2.4133688014420436 2.4156202712056767 2.41787174096931 2.4201232107329425 2.4223746804965756 2.4246261502602087 2.4268776200238413 2.4291290897874744 2.4313805595511075 2.43363202931474 2.4358834990783733
2.3587683857130193 2.3599708750198642 2.361173364326709 2.362375853633554 2.363578342940399 2.364780832247244 2.3659833215540913 2.3671858108609363 2.3683883001677817 2.3695907894746266 2.3707932787814716 2.3719957680883166 2.3731982573951615 2.3744007467020065 2.375603236008852 2.376805725315697 2.378548568977598 2.3808690636714402 2.3831895583652827 2.3855100530591287 2.387830547752971 2.390151042446813 2.3924715371406555 2.394792031834498 2.39711252652834 2.3994330212221824 2.401753515916025 2.404074010609867 2.4063945053037092 2.4087149999975517 2.4110354946913937 2.413355989385236 2.4156764840790825 2.4179969787729245 2.420317473466767 2.4226379681606094 2.4249584628544514 2.427278957548294 2.4295994522421362 2.4319199469359782 2.4342404416298207 2.436560936323663 2.438881431017505 2.4412019257113475
