Figures/CREST_Example_wjb_NSE/PETs/wjb.pet.20100301.asc
ncols            288
nrows            254
xllcorner        113.274861
yllcorner        31.4918055
cellsize         0.008333333333
NODATA_value     -9999
[rows 152 to 170 of 254, columns 44 to 87 of 288]
0.8110144414186076 0.8106907358370214 0.8103670302554352 0.8100433246738491 0.8097196190922629 0.8093959135106766 0.8090722079290905 0.8087485023475043 0.8084247967659176 0.8081010911843314 0.8077773856027451 0.807453680021159 0.8071299744395728 0.8068062688579867 0.8064825632764004 0.8061588576948143 0.8058351521132281 0.8055114465316419 0.8051877409500557 0.8048640353684695 0.8045403297868834 0.8042166242052966 0.8038929186237104 0.8035692130421243 0.803245507460538 0.8029218018789519 0.8025980962973657 0.8022743907157794 0.8020937624174462 0.8020660869693238 0.8020384115212014 0.8020107360730788 0.8019830606249564 0.801955385176834 0.8019277097287114 0.801900034280589 0.8018723588324665 0.801844683384344 0.8018170079362216 0.8017893324880991 0.8017616570399767 0.8017339815918542 0.8017063061437317 0.8016786306956093
0.809412848510456 0.8090775003235381 0.80874215213662 0.8084068039497021 0.8080714557627842 0.8077361075758662 0.8074007593889483 0.8070654112020303 0.8067300630151119 0.8063947148281939 0.8060593666412759 0.8057240184543579 0.80538867026744 0.805053322080522 0.8047179738936041 0.8043826257066862 0.8040472775197682 0.8037119293328503 0.8033765811459324 0.8030412329590143 0.8027058847720964 0.8023705365851779 0.8020351883982599 0.801699840211342 0.8013644920244241 0.8010291438375061 0.8006937956505881 0.8003584474636701 0.8001488583956445 0.8000737086686328 0.7999985589416211 0.7999234092146094 0.7998482594875975 0.7997731097605858 0.799697960033574 0.7996228103065622 0.7995476605795504 0.7994725108525387 0.799397361125527 0.7993222113985152 0.7992470616715035 0.7991719119444917 0.7990967622174799 0.7990216124904682
0.8078112556023043 0.8074642648100546 0.8071172740178049 0.8067702832255551 0.8064232924333055 0.8060763016410557 0.8057293108488061 0.8053823200565563 0.805035329264306 0.8046883384720562 0.8043413476798066 0.8039943568875568 0.8036473660953072 0.8033003753030574 0.8029533845108077 0.802606393718558 0.8022594029263083 0.8019124121340586 0.8015654213418089 0.8012184305495591 0.8008714397573095 0.8005244489650591 0.8001774581728094 0.7998304673805597 0.79948347658831 0.7991364857960602 0.7987894950038106 0.7984425042115608 0.7982039543738428 0.7980813303679418 0.7979587063620408 0.7978360823561398 0.7977134583502388 0.7975908343443376 0.7974682103384364 0.7973455863325354 0.7972229623266344 0.7971003383207333 0.7969777143148323 0.7968550903089313 0.7967324663030303 0.7966098422971292 0.7964872182912281 0.7963645942853271
0.8062096626941526 0.8058510292965712 0.8054923958989897 0.8051337625014082 0.8047751291038268 0.8044164957062453 0.8040578623086637 0.8036992289110823 0.8033405955135002 0.8029819621159187 0.8026233287183372 0.8022646953207557 0.8019060619231743 0.8015474285255928 0.8011887951280113 0.8008301617304298 0.8004715283328483 0.8001128949352668 0.7997542615376854 0.7993956281401039 0.7990369947425224 0.7986783613449403 0.7983197279473588 0.7979610945497774 0.7976024611521959 0.7972438277546143 0.7968851943570329 0.7965265609594514 0.796259050352041 0.7960889520672507 0.7959188537824604 0.7957487554976701 0.7955786572128798 0.7954085589280895 0.7952384606432988 0.7950683623585085 0.7948982640737182 0.7947281657889279 0.7945580675041376 0.7943879692193473 0.794217870934557 0.7940477726497667 0.7938776743649764 0.793707576080186
0.804608069786001 0.8042377937830877 0.8038675177801745 0.8034972417772612 0.803126965774348 0.8027566897714348 0.8023864137685215 0.8020161377656082 0.8016458617626944 0.8012755857597811 0.8009053097568679 0.8005350337539546 0.8001647577510413 0.7997944817481282 0.7994242057452149 0.7990539297423016 0.7986836537393884 0.7983133777364751 0.7979431017335619 0.7975728257306487 0.7972025497277354 0.7968322737248216 0.7964619977219083 0.796091721718995 0.7957214457160818 0.7953511697131685 0.7949808937102554 0.7946106177073421 0.7943141463302393 0.7940965737665597 0.7938790012028801 0.7936614286392005 0.7934438560755209 0.7932262835118413 0.7930087109481614 0.7927911383844818 0.7925735658208022 0.7923559932571226 0.792138420693443 0.7919208481297634 0.7917032755660838 0.7914857030024042 0.7912681304387246 0.791050557875045
0.803006476877848 0.802624558269603 0.8022426396613579 0.8018607210531129 0.8014788024448679 0.8010968838366229 0.8007149652283778 0.8003330466201328 0.7999511280118872 0.7995692094036422 0.7991872907953971 0.7988053721871521 0.7984234535789071 0.7980415349706621 0.797659616362417 0.797277697754172 0.796895779145927 0.7965138605376819 0.7961319419294369 0.7957500233211919 0.7953681047129469 0.7949861861047012 0.7946042674964562 0.7942223488882112 0.7938404302799662 0.7934585116717211 0.7930765930634761 0.7926946744552311 0.792369242308436 0.7921041954658671 0.7918391486232981 0.7915741017807292 0.7913090549381603 0.7910440080955914 0.7907789612530219 0.790513914410453 0.7902488675678842 0.7899838207253151 0.7897187738827462 0.7894537270401774 0.7891886801976083 0.7889236333550395 0.7886585865124706 0.7883935396699017
0.8014048839696963 0.8010113227561196 0.8006177615425428 0.800224200328966 0.7998306391153892 0.7994370779018124 0.7990435166882357 0.7986499554746589 0.7982563942610814 0.7978628330475046 0.7974692718339278 0.7970757106203511 0.7966821494067743 0.7962885881931975 0.7958950269796207 0.7955014657660439 0.7951079045524672 0.7947143433388903 0.7943207821253135 0.7939272209117367 0.7935336596981599 0.7931400984845824 0.7927465372710057 0.7923529760574289 0.7919594148438521 0.7915658536302753 0.7911722924166985 0.7907787312031218 0.7904243382866343 0.7901118171651761 0.7897992960437179 0.7894867749222596 0.7891742538008014 0.7888617326793432 0.7885492115578845 0.7882366904364263 0.787924169314968 0.7876116481935098 0.7872991270720516 0.7869866059505934 0.7866740848291351 0.786361563707677 0.7860490425862188 0.7857365214647606
0.7998032910615447 0.7993980872426361 0.7989928834237275 0.798587679604819 0.7981824757859104 0.7977772719670019 0.7973720681480934 0.7969668643291847 0.7965616605102755 0.796156456691367 0.7957512528724584 0.7953460490535499 0.7949408452346414 0.7945356414157327 0.7941304375968242 0.7937252337779157 0.7933200299590071 0.7929148261400986 0.79250962232119 0.7921044185022814 0.7916992146833729 0.7912940108644636 0.7908888070455551 0.7904836032266466 0.7900783994077379 0.7896731955888294 0.7892679917699209 0.7888627879510123 0.7884794342648325 0.788119438864485 0.7877594434641375 0.78739944806379 0.7870394526634426 0.786679457263095 0.7863194618627469 0.7859594664623994 0.7855994710620519 0.7852394756617044 0.7848794802613569 0.7845194848610094 0.7841594894606619 0.7837994940603145 0.783439498659967 0.7830795032596194
0.798201698153393 0.7977848517291527 0.7973680053049124 0.7969511588806721 0.7965343124564318 0.7961174660321915 0.7957006196079511 0.7952837731837108 0.7948669267594698 0.7944500803352295 0.7940332339109891 0.7936163874867488 0.7931995410625086 0.7927826946382682 0.7923658482140279 0.7919490017897876 0.7915321553655472 0.7911153089413069 0.7906984625170665 0.7902816160928263 0.789864769668586 0.7894479232443449 0.7890310768201046 0.7886142303958643 0.788197383971624 0.7877805375473836 0.7873636911231433 0.786946844698903 0.7865345302430308 0.786127060563794 0.7857195908845572 0.7853121212053205 0.7849046515260837 0.7844971818468469 0.7840897121676094 0.7836822424883726 0.7832747728091358 0.782867303129899 0.7824598334506623 0.7820523637714255 0.7816448940921887 0.781237424412952 0.7808299547337152 0.7804224850544784
0.7966001052452415 0.7961716162156693 0.7957431271860973 0.7953146381565251 0.7948861491269531 0.7944576600973811 0.7940291710678089 0.7936006820382369 0.793172193008664 0.792743703979092 0.7923152149495198 0.7918867259199478 0.7914582368903756 0.7910297478608036 0.7906012588312316 0.7901727698016594 0.7897442807720874 0.7893157917425153 0.7888873027129432 0.7884588136833711 0.788030324653799 0.7876018356242261 0.7871733465946541 0.7867448575650821 0.7863163685355099 0.7858878795059379 0.7854593904763658 0.7850309014467937 0.7845896262212291 0.784134682263103 0.783679738304977 0.7832247943468509 0.7827698503887248 0.7823149064305988 0.7818599624724719 0.7814050185143459 0.7809500745562198 0.7804951305980937 0.7800401866399677 0.7795852426818416 0.7791302987237155 0.7786753547655895 0.7782204108074634 0.7777654668493373
0.7949985123370897 0.7945583807021859 0.794118249067282 0.7936781174323781 0.7932379857974743 0.7927978541625704 0.7923577225276667 0.7919175908927628 0.7914774592578582 0.7910373276229543 0.7905971959880504 0.7901570643531466 0.7897169327182427 0.7892768010833389 0.7888366694484351 0.7883965378135313 0.7879564061786274 0.7875162745437235 0.7870761429088197 0.7866360112739158 0.7861958796390119 0.7857557480041073 0.7853156163692036 0.7848754847342997 0.7844353530993958 0.783995221464492 0.7835550898295881 0.7831149581946842 0.7826447221994273 0.7821423039624119 0.7816398857253966 0.7811374674883812 0.7806350492513658 0.7801326310143506 0.7796302127773344 0.779127794540319 0.7786253763033036 0.7781229580662883 0.7776205398292729 0.7771181215922576 0.7766157033552422 0.7761132851182269 0.7756108668812115 0.7751084486441963
0.7933969194289368 0.7929451451887012 0.7924933709484655 0.7920415967082298 0.7915898224679943 0.7911380482277586 0.790686273987523 0.7902344997472873 0.789782725507051 0.7893309512668153 0.7888791770265797 0.788427402786344 0.7879756285461085 0.7875238543058728 0.7870720800656372 0.7866203058254015 0.786168531585166 0.7857167573449303 0.7852649831046947 0.784813208864459 0.7843614346242235 0.783909660383987 0.7834578861437514 0.7830061119035158 0.7825543376632801 0.7821025634230445 0.7816507891828088 0.7811990149425733 0.7806998181776239 0.7801499256617193 0.7796000331458146 0.7790501406299098 0.7785002481140052 0.7779503555981006 0.7774004630821949 0.7768505705662903 0.7763006780503856 0.7757507855344808 0.7752008930185762 0.7746510005026715 0.7741011079867669 0.7735512154708623 0.7730013229549575 0.7724514304390528
0.7917953265207851 0.7913319096752177 0.7908684928296502 0.7904050759840828 0.7899416591385154 0.789478242292948 0.7890148254473807 0.7885514086018133 0.7880879917562451 0.7876245749106777 0.7871611580651103 0.786697741219543 0.7862343243739756 0.7857709075284082 0.7853074906828408 0.7848440738372734 0.784380656991706 0.7839172401461386 0.7834538233005712 0.7829904064550038 0.7825269896094365 0.7820635727638683 0.7816001559183009 0.7811367390727335 0.7806733222271661 0.7802099053815987 0.7797464885360313 0.779283071690464 0.7787549141558222 0.7781575473610283 0.7775601805662343 0.7769628137714403 0.7763654469766463 0.7757680801818524 0.7751707133870575 0.7745733465922635 0.7739759797974695 0.7733786130026755 0.7727812462078816 0.7721838794130876 0.7715865126182937 0.7709891458234998 0.7703917790287057 0.7697944122339118
0.7901937336126335 0.7897186741617342 0.7892436147108352 0.7887685552599359 0.7882934958090368 0.7878184363581376 0.7873433769072385 0.7868683174563393 0.7863932580054394 0.7859181985545403 0.785443139103641 0.784968079652742 0.7844930202018428 0.7840179607509437 0.7835429013000444 0.7830678418491452 0.7825927823982461 0.7821177229473469 0.7816426634964478 0.7811676040455486 0.7806925445946495 0.7802174851437496 0.7797424256928503 0.7792673662419513 0.778792306791052 0.778317247340153 0.7778421878892537 0.7773671284383546 0.7768100101340205 0.7761651690603373 0.775520327986654 0.7748754869129708 0.7742306458392876 0.7735858047656042 0.7729409636919199 0.7722961226182367 0.7716512815445534 0.7710064404708702 0.770361599397187 0.7697167583235037 0.7690719172498205 0.7684270761761373 0.767782235102454 0.7671373940287707
0.7885921407044818 0.7881054386482509 0.78761873659202 0.7871320345357891 0.7866453324795581 0.7861586304233272 0.7856719283670963 0.7851852263108653 0.7846985242546336 0.7842118221984027 0.7837251201421718 0.7832384180859409 0.7827517160297098 0.7822650139734789 0.781778311917248 0.7812916098610171 0.7808049078047862 0.7803182057485553 0.7798315036923243 0.7793448016360934 0.7788580995798625 0.7783713975236307 0.7778846954673998 0.7773979934111689 0.776911291354938 0.7764245892987071 0.7759378872424761 0.7754511851862451 0.7748651061122187 0.7741727907596462 0.7734804754070737 0.7727881600545011 0.7720958447019286 0.7714035293493561 0.7707112139967823 0.7700188986442098 0.7693265832916373 0.7686342679390648 0.7679419525864922 0.7672496372339197 0.7665573218813472 0.7658650065287747 0.7651726911762021 0.7644803758236296
0.7869905477963302 0.7864922031347674 0.7859938584732047 0.7854955138116421 0.7849971691500793 0.7844988244885167 0.784000479826954 0.7835021351653912 0.7830037905038277 0.7825054458422651 0.7820071011807024 0.7815087565191396 0.781010411857577 0.7805120671960143 0.7800137225344517 0.7795153778728889 0.7790170332113262 0.7785186885497636 0.7780203438882008 0.7775219992266382 0.7770236545650755 0.776525309903512 0.7760269652419493 0.7755286205803866 0.7750302759188239 0.7745319312572612 0.7740335865956985 0.7735352419341358 0.772920202090417 0.7721804124589552 0.7714406228274934 0.7707008331960316 0.7699610435645697 0.7692212539331079 0.7684814643016449 0.7677416746701831 0.7670018850387212 0.7662620954072594 0.7655223057757976 0.7647825161443358 0.764042726512874 0.7633029368814122 0.7625631472499503 0.7618233576184885
0.7853889548881785 0.7848789676212841 0.7843689803543896 0.7838589930874952 0.7833490058206007 0.7828390185537062 0.7823290312868117 0.7818190440199173 0.781309056753022 0.7807990694861275 0.7802890822192331 0.7797790949523387 0.7792691076854442 0.7787591204185498 0.7782491331516553 0.7777391458847608 0.7772291586178663 0.7767191713509719 0.7762091840840775 0.775699196817183 0.7751892095502886 0.7746792222833933 0.7741692350164988 0.7736592477496044 0.7731492604827098 0.7726392732158154 0.7721292859489209 0.7716192986820265 0.7709752980686153 0.7701880341582642 0.7694007702479131 0.768613506337562 0.7678262424272109 0.7670389785168599 0.7662517146065074 0.7654644506961563 0.7646771867858052 0.7638899228754541 0.763102658965103 0.7623153950547519 0.7615281311444008 0.7607408672340497 0.7599536033236985 0.7591663394133475
0.7837873619800269 0.7832657321078007 0.7827441022355744 0.7822224723633482 0.781700842491122 0.7811792126188958 0.7806575827466696 0.7801359528744434 0.7796143230022162 0.7790926931299901 0.7785710632577638 0.7780494333855376 0.7775278035133114 0.7770061736410852 0.7764845437688589 0.7759629138966327 0.7754412840244065 0.7749196541521802 0.7743980242799541 0.7738763944077278 0.7733547645355017 0.7728331346632745 0.7723115047910483 0.7717898749188221 0.7712682450465959 0.7707466151743696 0.7702249853021435 0.7697033554299172 0.7690303940468136 0.7681956558575732 0.7673609176683328 0.7665261794790925 0.7656914412898521 0.7648567031006117 0.7640219649113699 0.7631872267221295 0.7623524885328892 0.7615177503436488 0.7606830121544084 0.759848273965168 0.7590135357759276 0.7581787975866872 0.7573440593974469 0.7565093212082065
0.7821857690718739 0.7816524965943158 0.7811192241167578 0.7805859516391999 0.7800526791616418 0.7795194066840838 0.7789861342065258 0.7784528617289679 0.7779195892514089 0.777386316773851 0.776853044296293 0.7763197718187349 0.7757864993411769 0.775253226863619 0.774719954386061 0.7741866819085029 0.773653409430945 0.773120136953387 0.7725868644758289 0.772053591998271 0.771520319520713 0.770987047043154 0.770453774565596 0.7699205020880381 0.7693872296104801 0.768853957132922 0.7683206846553641 0.7677874121778061 0.7670854900250101 0.7662032775568804 0.7653210650887508 0.7644388526206211 0.7635566401524914 0.7626744276843617 0.7617922152162304 0.7609100027481007 0.760027790279971 0.7591455778118413 0.7582633653437116 0.7573811528755819 0.7564989404074521 0.7556167279393224 0.7547345154711927 0.753852303003063
