Figures/CREST_Example_wjb_NSE/PETs/wjb.pet.20100701.asc
ncols            288
nrows            254
xllcorner        113.274861
yllcorner        31.4918055
cellsize         0.008333333333
NODATA_value     -9999
[rows 60 to 79 of 254, columns 132 to 175 of 288]
3.859188214677007 3.851299906173214 3.8434115976694208 3.835523289165628 3.827634980661835 3.819746672158042 3.811858363654249 3.8039700551504563 3.796081746646663 3.78819343814287 3.7803051296390775 3.7724168211352707 3.764528512631478 3.756640204127685 3.748751895623892 3.740863587120099 3.732975278616306 3.725086970112513 3.71719866160872 3.709310353104927 3.7014220446011343 3.6935337360973413 3.685645427593548 3.677757119089755 3.6698688105859487 3.661980502082156 3.654092193578363 3.64620388507457 3.638315576570777 3.6304272680669842 3.626313679241329 3.626235351141307 3.626157023041285 3.626078694941263 3.626000366841241 3.6259220387412188 3.6258437106411967 3.6257653825411746 3.6256870544411526 3.6256087263411305 3.6255303982411085 3.6254520701410864 3.6253737420410643 3.6252954139410423
3.8525795316887015 3.8447101256553693 3.8368407196220375 3.8289713135887053 3.821101907555373 3.8132325015220414 3.805363095488709 3.7974936894553775 3.7896242834220453 3.781754877388713 3.7738854713553813 3.766016065322036 3.7581466592887036 3.750277253255372 3.7424078472220397 3.7345384411887075 3.7266690351553757 3.7187996291220435 3.7109302230887113 3.7030608170553796 3.6951914110220474 3.6873220049887157 3.6794525989553835 3.6715831929220513 3.6637137868887057 3.655844380855374 3.647974974822042 3.64010556878871 3.632236162755378 3.6243667567220457 3.620312529669523 3.620336815252437 3.6203611008353516 3.620385386418266 3.62040967200118 3.6204339575840945 3.6204582431670085 3.620482528749923 3.6205068143328374 3.6205310999157514 3.620555385498666 3.6205796710815803 3.6206039566644943 3.6206282422474088
3.8459708487003956 3.8381203451375243 3.8302698415746534 3.8224193380117826 3.8145688344489113 3.8067183308860404 3.798867827323169 3.791017323760298 3.783166820197427 3.775316316634556 3.767465813071685 3.7596153095088005 3.751764805945929 3.7439143023830583 3.7360637988201875 3.728213295257316 3.7203627916944453 3.712512288131574 3.704661784568703 3.696811281005832 3.688960777442961 3.68111027388009 3.6732597703172187 3.665409266754348 3.6575587631914632 3.6497082596285924 3.641857756065721 3.63400725250285 3.626156748939979 3.618306245377108 3.614311380097717 3.6144382793635677 3.6145651786294186 3.614692077895269 3.6148189771611197 3.61494587642697 3.6150727756928207 3.6151996749586717 3.615326574224522 3.615453473490373 3.6155803727562237 3.615707272022074 3.6158341712879247 3.6159610705537752
3.83936216571209 3.83153056461968 3.82369896352727 3.81586736243486 3.80803576134245 3.8002041602500394 3.7923725591576294 3.7845409580652194 3.7767093569728094 3.768877755880399 3.761046154787989 3.7532145536955657 3.7453829526031552 3.7375513515107452 3.7297197504183353 3.7218881493259253 3.714056548233515 3.706224947141105 3.698393346048695 3.6905617449562844 3.6827301438638744 3.6748985427714644 3.6670669416790544 3.659235340586644 3.6514037394942207 3.6435721384018107 3.6357405373094003 3.6279089362169903 3.6200773351245803 3.6122457340321703 3.6083102305259116 3.608539743474698 3.6087692564234852 3.6089987693722723 3.6092282823210593 3.6094577952698463 3.609687308218633 3.6099168211674204 3.6101463341162074 3.6103758470649945 3.610605360013781 3.610834872962568 3.611064385911355 3.611293898860142
3.832753482723785 3.8249407841018357 3.817128085479886 3.809315386857937 3.801502688235988 3.793689989614039 3.7858772909920897 3.7780645923701406 3.7702518937481915 3.7624391951262424 3.754626496504293 3.7468137978823304 3.7390010992603813 3.731188400638432 3.723375702016483 3.715563003394534 3.707750304772585 3.6999376061506357 3.6921249075286866 3.684312208906737 3.676499510284788 3.668686811662839 3.6608741130408897 3.6530614144189406 3.645248715796978 3.637436017175029 3.62962331855308 3.6218106199311304 3.6139979213091813 3.606185222687232 3.6023090809541056 3.602641207585829 3.6029733342175523 3.6033054608492754 3.603637587480999 3.603969714112722 3.604301840744445 3.604633967376169 3.6049660940078927 3.605298220639616 3.605630347271339 3.6059624739030625 3.6062946005347856 3.6066267271665087
3.826144799735479 3.8183510035839907 3.8105572074325025 3.8027634112810142 3.794969615129526 3.787175818978038 3.7793820228265496 3.7715882266750613 3.763794430523573 3.756000634372085 3.7482068382205966 3.740413042069095 3.7326192459176073 3.724825449766119 3.717031653614631 3.7092378574631426 3.7014440613116544 3.693650265160166 3.685856469008678 3.6780626728571897 3.6702688767057015 3.6624750805542132 3.654681284402725 3.6468874882512368 3.6390936920997357 3.6312998959482474 3.623506099796759 3.615712303645271 3.6079185074937827 3.6001247113422945 3.5963079313823 3.5967426716969597 3.5971774120116193 3.597612152326279 3.5980468926409386 3.598481632955598 3.5989163732702574 3.599351113584918 3.5997858538995775 3.600220594214237 3.6006553345288967 3.6010900748435564 3.601524815158216 3.6019595554728756
3.8195361167471673 3.8117612230661404 3.803986329385113 3.7962114357040857 3.788436542023059 3.7806616483420314 3.772886754661004 3.7651118609799767 3.75733696729895 3.7495620736179225 3.741787179936895 3.734012286255855 3.7262373925748276 3.7184624988938 3.710687605212773 3.702912711531746 3.6951378178507186 3.6873629241696912 3.679588030488664 3.671813136807637 3.6640382431266096 3.6562633494455823 3.6484884557645554 3.640713562083528 3.6329386684024874 3.62516377472146 3.617388881040433 3.6096139873594058 3.6018390936783784 3.5940641999973515 3.590306781810489 3.590844135808085 3.591381489805681 3.5919188438032768 3.592456197800873 3.592993551798469 3.593530905796065 3.594068259793662 3.594605613791258 3.595142967788854 3.59568032178645 3.5962176757840463 3.5967550297816424 3.597292383779238
3.812927433758862 3.805171442548296 3.7974154513377294 3.7896594601271634 3.781903468916597 3.774147477706031 3.7663914864954644 3.758635495284898 3.750879504074332 3.7431235128637654 3.7353675216531994 3.7276115304426196 3.7198555392320536 3.712099548021487 3.704343556810921 3.6965875656003546 3.688831574389788 3.681075583179222 3.6733195919686557 3.6655636007580896 3.657807609547523 3.650051618336957 3.6422956271263907 3.634539635915824 3.626783644705245 3.619027653494679 3.6112716622841123 3.603515671073546 3.59575967986298 3.5880036886524134 3.5843056322386833 3.5849455999192155 3.5855855675997477 3.5862255352802803 3.5868655029608125 3.5875054706413447 3.5881454383218774 3.588785406002411 3.589425373682943 3.5900653413634753 3.590705309044008 3.59134527672454 3.5919852444050724 3.592625212085605
3.8063187507705565 3.7985816620304513 3.7908445732903457 3.7831074845502406 3.7753703958101354 3.76763330707003 3.7598962183299247 3.752159129589819 3.744422040849714 3.736684952109609 3.7289478633695032 3.7212107746293848 3.7134736858892796 3.705736597149174 3.697999508409069 3.6902624196689633 3.682525330928858 3.674788242188753 3.6670511534486474 3.6593140647085423 3.6515769759684367 3.6438398872283315 3.636102798488226 3.628365709748121 3.6206286210080023 3.6128915322678967 3.6051544435277916 3.5974173547876864 3.589680266047581 3.5819431773074757 3.5783044826668773 3.579047064030346 3.5797896453938147 3.5805322267572834 3.581274808120752 3.582017389484221 3.5827599708476896 3.5835025522111597 3.5842451335746284 3.584987714938097 3.585730296301566 3.5864728776650345 3.587215459028503 3.5879580403919715
3.7997100677822506 3.7919918815126064 3.784273695242962 3.776555508973318 3.768837322703673 3.761119136434029 3.7534009501643846 3.7456827638947403 3.7379645776250956 3.7302463913554513 3.722528205085807 3.7148100188161495 3.707091832546505 3.699373646276861 3.6916554600072162 3.683937273737572 3.6762190874679277 3.6685009011982834 3.660782714928639 3.6530645286589944 3.64534634238935 3.637628156119706 3.6299099698500616 3.6221917835804174 3.61447359731076 3.606755411041115 3.599037224771471 3.5913190385018265 3.5836008522321823 3.5758826659625376 3.5723033330950718 3.5731485281414765 3.5739937231878818 3.5748389182342866 3.575684113280692 3.5765293083270966 3.577374503373502 3.5782196984199084 3.579064893466313 3.5799100885127184 3.580755283559123 3.5816004786055284 3.5824456736519332 3.5832908686983385
3.793101384793945 3.785402100994762 3.7777028171955784 3.770003533396395 3.7623042495972117 3.7546049657980283 3.746905681998845 3.7392063981996615 3.731507114400478 3.7238078306012947 3.7161085468021113 3.7084092630029146 3.7007099792037312 3.693010695404548 3.6853114116053645 3.677612127806181 3.6699128440069977 3.662213560207814 3.6545142764086305 3.646814992609447 3.6391157088102637 3.6314164250110803 3.623717141211897 3.6160178574127135 3.6083185736135173 3.6006192898143334 3.59292000601515 3.5852207222159667 3.5775214384167833 3.5698221546176 3.566302183523266 3.567249992252607 3.5681978009819484 3.5691456097112897 3.5700934184406314 3.5710412271699727 3.571989035899314 3.572936844628657 3.5738846533579984 3.5748324620873397 3.575780270816681 3.5767280795460223 3.5776758882753636 3.5786236970047054
3.78649270180564 3.7788123204769173 3.771131939148195 3.7634515578194723 3.7557711764907498 3.7480907951620273 3.7404104138333047 3.7327300325045822 3.72504965117586 3.7173692698471377 3.709688888518415 3.7020085071896793 3.694328125860957 3.6866477445322343 3.678967363203512 3.6712869818747893 3.663606600546067 3.6559262192173447 3.6482458378886222 3.6405654565598997 3.632885075231177 3.6252046939024547 3.617524312573732 3.6098439312450097 3.6021635499162743 3.594483168587552 3.5868027872588293 3.5791224059301068 3.5714420246013843 3.5637616432726618 3.5603010339514594 3.561351456363737 3.562401878776015 3.563452301188293 3.5645027236005706 3.565553146012848 3.566603568425126 3.5676539908374054 3.5687044132496832 3.5697548356619606 3.5708052580742384 3.5718556804865162 3.572906102898794 3.573956525311072
3.779884018817328 3.7722225399590665 3.7645610611008054 3.7568995822425437 3.749238103384282 3.741576624526021 3.7339151456677593 3.7262536668094977 3.7185921879512365 3.710930709092975 3.703269230234713 3.6956077513764387 3.687946272518177 3.680284793659916 3.6726233148016543 3.6649618359433926 3.6573003570851315 3.64963887822687 3.641977399368608 3.634315920510347 3.6266544416520854 3.6189929627938238 3.6113314839355626 3.603670005077301 3.5960085262190264 3.588347047360765 3.5806855685025036 3.573024089644242 3.5653626107859804 3.5577011319277188 3.554299884379649 3.5554529204748633 3.556605956570077 3.5577589926652915 3.5589120287605054 3.5600650648557197 3.5612181009509336 3.5623711370461497 3.563524173141364 3.564677209236578 3.5658302453317923 3.566983281427006 3.5681363175222205 3.5692893536174344
3.7732753358290227 3.765632759441222 3.7579901830534217 3.750347606665621 3.7427050302778206 3.73506245389002 3.7274198775022196 3.719777301114419 3.7121347247266185 3.704492148338818 3.6968495719510175 3.689206995563204 3.681564419175403 3.673921842787603 3.666279266399802 3.6586366900120018 3.650994113624201 3.6433515372364007 3.6357089608486 3.6280663844607997 3.620423808072999 3.6127812316851986 3.605138655297398 3.5974960789095975 3.589853502521784 3.582210926133983 3.574568349746183 3.566925773358382 3.559283196970582 3.551640620582781 3.548298734807843 3.549554384585994 3.550810034364144 3.5520656841422946 3.553321333920445 3.5545769836985954 3.555832633476746 3.5570882832548985 3.558343933033049 3.5595995828111993 3.56085523258935 3.5621108823675005 3.563366532145651 3.5646221819238013
3.7666666528407173 3.7590429789233775 3.751419305006038 3.7437956310886986 3.7361719571713587 3.7285482832540193 3.7209246093366795 3.71330093541934 3.7056772615020006 3.6980535875846607 3.6904299136673213 3.6828062397499686 3.675182565832629 3.6675588919152893 3.65993521799795 3.6523115440806104 3.6446878701632706 3.637064196245931 3.6294405223285913 3.621816848411252 3.6141931744939124 3.6065695005765726 3.598945826659233 3.5913221527418933 3.583698478824541 3.576074804907201 3.5684511309898617 3.5608274570725222 3.5532037831551824 3.545580109237843 3.542297585236037 3.543655848697124 3.5450141121582104 3.5463723756192973 3.547730639080384 3.549088902541471 3.5504471660025576 3.5518054294636467 3.5531636929247337 3.5545219563858206 3.5558802198469075 3.557238483307994 3.558596746769081 3.559955010230168
3.7600579698524115 3.752453198405533 3.744848426958654 3.7372436555117754 3.729638884064897 3.7220341126180183 3.7144293411711398 3.7068245697242608 3.6992197982773822 3.6916150268305037 3.684010255383625 3.6764054839367333 3.6688007124898547 3.661195941042976 3.6535911695960976 3.6459863981492187 3.63838162670234 3.6307768552554616 3.623172083808583 3.6155673123617045 3.6079625409148255 3.600357769467947 3.5927529980210684 3.58514822657419 3.577543455127298 3.5699386836804194 3.562333912233541 3.5547291407866624 3.547124369339784 3.539519597892905 3.536296435664231 3.5377573128082545 3.5392181899522774 3.5406790670963004 3.542139944240324 3.543600821384347 3.54506169852837 3.5465225756723955 3.547983452816419 3.549444329960442 3.5509052071044653 3.5523660842484883 3.5538269613925113 3.5552878385365347
3.753449286864106 3.7458634178876884 3.7382775489112707 3.730691679934853 3.723105810958435 3.7155199419820173 3.7079340730055996 3.700348204029182 3.6927623350527643 3.6851764660763466 3.677590597099929 3.6700047281234984 3.6624188591470808 3.654832990170663 3.6472471211942454 3.6396612522178278 3.63207538324141 3.6244895142649924 3.6169036452885748 3.609317776312157 3.6017319073357394 3.594146038359322 3.5865601693829037 3.578974300406486 3.5713884314300555 3.563802562453638 3.55621669347722 3.5486308245008025 3.541044955524385 3.533459086547967 3.5302952860924255 3.531858776919385 3.5334222677463445 3.534985758573304 3.5365492494002635 3.538112740227223 3.5396762310541825 3.541239721881144 3.5428032127081037 3.5443667035350632 3.5459301943620227 3.5474936851889822 3.5490571760159417 3.5506206668429012
3.7468406038758006 3.739273637369844 3.731706670863887 3.7241397043579303 3.7165727378519735 3.7090057713460167 3.70143880484006 3.693871838334103 3.6863048718281464 3.67873790532219 3.6711709388162332 3.6636039723102636 3.656037005804307 3.64847003929835 3.6409030727923932 3.6333361062864364 3.6257691397804797 3.618202173274523 3.610635206768566 3.6030682402626097 3.595501273756653 3.587934307250696 3.5803673407447394 3.5728003742387826 3.565233407732813 3.557666441226856 3.5500994747208994 3.5425325082149426 3.5349655417089862 3.5273985752030295 3.5242941365206195 3.5259602410305155 3.527626345540411 3.529292450050307 3.5309585545602027 3.5326246590700987 3.5342907635799947 3.535956868089893 3.537622972599789 3.539289077109685 3.5409551816195806 3.5426212861294766 3.544287390639372 3.545953495149268
3.7402319208874943 3.732683856851999 3.725135792816503 3.717587728781007 3.7100396647455116 3.7024916007100157 3.69494353667452 3.6873954726390243 3.6798474086035284 3.6722993445680325 3.664751280532537 3.6572032164970283 3.6496551524615324 3.6421070884260365 3.634559024390541 3.627010960355045 3.619462896319549 3.6119148322840537 3.604366768248558 3.596818704213062 3.5892706401775665 3.5817225761420706 3.5741745121065747 3.566626448071079 3.5590783840355704 3.5515303200000745 3.5439822559645786 3.536434191929083 3.5288861278935872 3.5213380638580913 3.518292986948814 3.520061705141646 3.521830423334478 3.5235991415273102 3.5253678597201423 3.5271365779129744 3.528905296105807 3.5306740142986417 3.5324427324914742 3.5342114506843063 3.5359801688771384 3.5377488870699705 3.5395176052628026 3.5412863234556347
3.733623237899183 3.7260940763341486 3.7185649147691135 3.711035753204079 3.703506591639044 3.6959774300740094 3.6884482685089743 3.6809191069439398 3.6733899453789047 3.66586078381387 3.658331622248835 3.6508024606837877 3.6432732991187526 3.635744137553718 3.628214975988683 3.6206858144236485 3.6131566528586134 3.605627491293579 3.598098329728544 3.5905691681635092 3.583040006598474 3.5755108450334396 3.5679816834684046 3.56045252190337 3.5529233603383226 3.5453941987732875 3.5378650372082525 3.530335875643218 3.522806714078183 3.5152775525131483 3.5122918373770027 3.5141631692527713 3.51603450112854 3.5179058330043085 3.519777164880077 3.5216484967558457 3.5235198286316143 3.525391160507386 3.5272624923831546 3.529133824258923 3.531005156134692 3.5328764880104604 3.534747819886229 3.5366191517619976
