Figures/CREST_Example_wjb_NSE/PETs/wjb.pet.20100916.asc
ncols            288
nrows            254
xllcorner        113.274861
yllcorner        31.4918055
cellsize         0.008333333333
NODATA_value     -9999
[rows 200 to 219 of 254, columns 220 to 263 of 288]
3.0722616212714264 3.072201049989779 3.07273482855914 3.0739039805704005 3.0750731325816605 3.0762422845929205 3.0774114366041805 3.0785805886154405 3.079749740626701 3.080918892637961 3.082088044649221 3.083257196660481 3.084426348671741 3.085595500683001 3.086764652694263 3.087933804705523 3.089102956716783 3.0902721087280436 3.0914412607393036 3.0926104127505636 3.0937795647618236 3.0949487167730836 3.096117868784344 3.097287020795604 3.098456172806864 3.099625324818124 3.100794476829384 3.1019636288406462 3.1031327808519062 3.1043019328631662 3.1054710848744262 -9999.0 -9999.0 -9999.0 -9999.0 -9999.0 -9999.0 -9999.0 -9999.0 -9999.0 -9999.0 -9999.0 -9999.0 -9999.0
3.075329236029319 3.075282197002166 3.0758079053414806 3.0769458935778187 3.0780838818141567 3.0792218700504947 3.0803598582868323 3.0814978465231704 3.0826358347595084 3.0837738229958465 3.0849118112321845 3.0860497994685225 3.08718778770486 3.088325775941198 3.089463764177538 3.090601752413876 3.091739740650214 3.092877728886552 3.09401571712289 3.095153705359228 3.0962916935955658 3.097429681831904 3.098567670068242 3.09970565830458 3.100843646540918 3.101981634777256 3.1031196230135936 3.104257611249934 3.1053955994862714 3.1065335877226095 -9999.0 -9999.0 -9999.0 -9999.0 -9999.0 -9999.0 -9999.0 -9999.0 -9999.0 -9999.0 -9999.0 -9999.0 -9999.0 -9999.0
3.0783968507872115 3.078363344014553 3.078880982123821 3.079987806585237 3.081094631046653 3.0822014555080686 3.0833082799694846 3.0844151044309003 3.0855219288923164 3.086628753353732 3.087735577815148 3.0888424022765637 3.08994922673798 3.0910560511993954 3.0921628756608133 3.093269700122229 3.094376524583645 3.0954833490450606 3.0965901735064767 3.0976969979678923 3.0988038224293084 3.099910646890724 3.10101747135214 3.1021242958135558 3.1032311202749714 3.1043379447363875 3.105444769197803 3.106551593659221 3.107658418120637 3.1087652425820527 -9999.0 -9999.0 -9999.0 -9999.0 -9999.0 -9999.0 -9999.0 -9999.0 -9999.0 -9999.0 -9999.0 -9999.0 -9999.0 -9999.0
3.0814644655451042 3.08144449102694 3.0819540589061614 3.083029719592655 3.084105380279149 3.085181040965643 3.0862567016521365 3.08733236233863 3.088408023025124 3.0894836837116175 3.090559344398111 3.091635005084605 3.092710665771099 3.0937863264575927 3.094861987144088 3.095937647830582 3.0970133085170755 3.098088969203569 3.0991646298900632 3.100240290576557 3.1013159512630506 3.1023916119495443 3.103467272636038 3.1045429333225316 3.1056185940090253 3.106694254695519 3.107769915382013 3.1088455760685085 3.109921236755002 3.110996897441496 3.1120725581279896 -9999.0 -9999.0 -9999.0 -9999.0 -9999.0 -9999.0 -9999.0 -9999.0 -9999.0 -9999.0 -9999.0 -9999.0 -9999.0
3.084532080302998 3.0845256380393278 3.0850271356885033 3.086071632600075 3.0871161295116463 3.088160626423218 3.0892051233347897 3.0902496202463614 3.0912941171579327 3.0923386140695044 3.093383110981076 3.094427607892648 3.095472104804219 3.096516601715791 3.0975610986273643 3.098605595538936 3.0996500924505073 3.100694589362079 3.1017390862736507 3.1027835831852224 3.1038280800967937 3.1048725770083654 3.105917073919937 3.106961570831509 3.10800606774308 3.109050564654652 3.1100950615662235 3.111139558477797 3.1121840553893683 3.11322855230094 -9999.0 -9999.0 -9999.0 -9999.0 -9999.0 -9999.0 -9999.0 -9999.0 -9999.0 -9999.0 -9999.0 -9999.0 -9999.0 -9999.0
3.0875996950608906 3.0876067850517144 3.088100212470844 3.089113545607493 3.0901268787441425 3.0911402118807922 3.0921535450174416 3.0931668781540913 3.0941802112907406 3.09519354442739 3.0962068775640397 3.097220210700689 3.0982335438373387 3.099246876973988 3.100260210110639 3.101273543247289 3.102286876383938 3.1033002095205875 3.1043135426572372 3.1053268757938866 3.1063402089305363 3.1073535420671856 3.108366875203835 3.1093802083404847 3.110393541477134 3.1114068746137837 3.112420207750433 3.113433540887084 3.114446874023734 -9999.0 -9999.0 -9999.0 -9999.0 -9999.0 -9999.0 -9999.0 -9999.0 -9999.0 -9999.0 -9999.0 -9999.0 -9999.0 -9999.0 -9999.0
3.090667309818783 3.0906879320641014 3.091173289253184 3.0921554586149114 3.0931376279766387 3.094119797338366 3.0951019667000934 3.0960841360618208 3.097066305423548 3.0980484747852755 3.099030644147003 3.10001281350873 3.1009949828704575 3.101977152232185 3.102959321593914 3.1039414909556413 3.1049236603173687 3.105905829679096 3.1068879990408234 3.1078701684025507 3.108852337764278 3.1098345071260054 3.1108166764877327 3.11179884584946 3.1127810152111874 3.113763184572915 3.114745353934642 -9999.0 -9999.0 -9999.0 -9999.0 -9999.0 -9999.0 -9999.0 -9999.0 -9999.0 -9999.0 -9999.0 -9999.0 -9999.0 -9999.0 -9999.0 -9999.0 -9999.0
3.093734924576677 3.0937690790764893 3.094246366035526 3.095197371622331 3.0961483772091363 3.0970993827959417 3.0980503883827466 3.099001393969552 3.0999523995563574 3.1009034051431623 3.1018544107299677 3.1028054163167726 3.103756421903578 3.1047074274903834 3.10565843307719 3.1066094386639955 3.1075604442508005 3.108511449837606 3.109462455424411 3.110413461011216 3.1113644665980216 3.1123154721848265 3.113266477771632 3.1142174833584373 3.1151684889452422 3.1161194945320476 -9999.0 -9999.0 -9999.0 -9999.0 -9999.0 -9999.0 -9999.0 -9999.0 -9999.0 -9999.0 -9999.0 -9999.0 -9999.0 -9999.0 -9999.0 -9999.0 -9999.0 -9999.0
3.09740281297304 3.0973962991327073 3.0978242483038834 3.098716648267016 3.099609048230149 3.100501448193282 3.1013938481564147 3.1022862481195475 3.10317864808268 3.104071048045813 3.1049634480089456 3.105855847972079 3.1067482479352115 3.1076406478983443 3.1085330478614788 3.1094254478246115 3.1103178477877442 3.111210247750877 3.1121026477140097 3.112995047677143 3.1138874476402756 3.1147798476034083 3.115672247566541 3.1165646475296738 3.117457047492807 3.1183494474559397 -9999.0 -9999.0 -9999.0 -9999.0 -9999.0 -9999.0 -9999.0 -9999.0 -9999.0 -9999.0 -9999.0 -9999.0 -9999.0 -9999.0 -9999.0 -9999.0 -9999.0 -9999.0
3.101712356055067 3.1016072368550573 3.1019417358200685 3.102746196552811 3.1035506572855542 3.104355118018297 3.1051595787510395 3.105964039483782 3.106768500216525 3.107572960949268 3.1083774216820106 3.1091818824147532 3.109986343147496 3.110790803880239 3.111595264612983 3.1123997253457256 3.1132041860784683 3.1140086468112114 3.114813107543954 3.1156175682766967 3.1164220290094393 3.1172264897421824 3.118030950474925 3.1188354112076677 3.1196398719404104 3.1204443326731535 3.121248793405896 -9999.0 -9999.0 -9999.0 -9999.0 -9999.0 -9999.0 -9999.0 -9999.0 -9999.0 -9999.0 -9999.0 -9999.0 -9999.0 -9999.0 -9999.0 -9999.0 -9999.0
3.106021899137095 3.1058181745774083 3.106059223336255 3.1067757448386075 3.1074922663409605 3.108208787843313 3.1089253093456657 3.1096418308480183 3.110358352350371 3.111074873852724 3.1117913953550764 3.112507916857429 3.1132244383597816 3.1139409598621346 3.1146574813644885 3.115374002866841 3.1160905243691936 3.1168070458715462 3.117523567373899 3.118240088876252 3.1189566103786044 3.119673131880957 3.1203896533833095 3.121106174885662 3.121822696388015 3.1225392178903677 3.1232557393927203 -9999.0 -9999.0 -9999.0 -9999.0 -9999.0 -9999.0 -9999.0 -9999.0 -9999.0 -9999.0 -9999.0 -9999.0 -9999.0 -9999.0 -9999.0 -9999.0 -9999.0
3.1103314422191213 3.1100291122997574 3.1101767108524396 3.1108052931244026 3.111433875396365 3.1120624576683276 3.11269103994029 3.113319622212253 3.1139482044842155 3.114576786756178 3.1152053690281405 3.1158339513001034 3.116462533572066 3.1170911158440284 3.1177196981159923 3.1183482803879548 3.1189768626599172 3.11960544493188 3.1202340272038427 3.120862609475805 3.1214911917477677 3.1221197740197306 3.122748356291693 3.1233769385636556 3.1240055208356186 -9999.0 -9999.0 -9999.0 -9999.0 -9999.0 -9999.0 -9999.0 -9999.0 -9999.0 -9999.0 -9999.0 -9999.0 -9999.0 -9999.0 -9999.0 -9999.0 -9999.0 -9999.0 -9999.0
3.1146409853011474 3.114240050022107 3.1142941983686243 3.114834841410197 3.1153754844517696 3.115916127493342 3.116456770534915 3.1169974135764873 3.11753805661806 3.1180786996596326 3.118619342701205 3.119159985742778 3.1197006287843503 3.1202412718259227 3.1207819148674965 3.121322557909069 3.1218632009506413 3.122403843992214 3.1229444870337866 3.123485130075359 3.124025773116932 3.1245664161585043 3.1251070592000767 3.1256477022416496 -9999.0 -9999.0 -9999.0 -9999.0 -9999.0 -9999.0 -9999.0 -9999.0 -9999.0 -9999.0 -9999.0 -9999.0 -9999.0 -9999.0 -9999.0 -9999.0 -9999.0 -9999.0 -9999.0 -9999.0
3.1189505283831753 3.118450987744458 3.118411685884811 3.1188643896959936 3.119317093507176 3.1197697973183587 3.120222501129541 3.1206752049407234 3.1211279087519057 3.1215806125630885 3.122033316374271 3.122486020185453 3.122938723996636 3.1233914278078183 3.1238441316190015 3.124296835430184 3.1247495392413667 3.125202243052549 3.1256549468637314 3.126107650674914 3.1265603544860965 3.127013058297279 -9999.0 -9999.0 -9999.0 -9999.0 -9999.0 -9999.0 -9999.0 -9999.0 -9999.0 -9999.0 -9999.0 -9999.0 -9999.0 -9999.0 -9999.0 -9999.0 -9999.0 -9999.0 -9999.0 -9999.0 -9999.0 -9999.0
3.1232600714652023 3.122661925466808 3.1225291734009963 3.1228939379817886 3.123258702562581 3.1236234671433736 3.123988231724166 3.124352996304958 3.124717760885751 3.125082525466543 3.1254472900473353 3.125812054628128 3.1261768192089203 3.1265415837897126 3.1269063483705057 3.127271112951298 3.1276358775320907 3.128000642112883 3.1283654066936752 3.128730171274468 3.12909493585526 -9999.0 -9999.0 -9999.0 -9999.0 -9999.0 -9999.0 -9999.0 -9999.0 -9999.0 -9999.0 -9999.0 -9999.0 -9999.0 -9999.0 -9999.0 -9999.0 -9999.0 -9999.0 -9999.0 -9999.0 -9999.0 -9999.0 -9999.0
3.1275696145472285 3.126872863189157 3.126646660917181 3.126923486267583 3.127200311617986 3.127477136968388 3.12775396231879 3.128030787669193 3.128307613019595 3.1285844383699972 3.1288612637204 3.129138089070802 3.1294149144212047 3.129691739771607 3.1299685651220095 3.130245390472412 3.1305222158228143 3.130799041173217 3.131075866523619 -9999.0 -9999.0 -9999.0 -9999.0 -9999.0 -9999.0 -9999.0 -9999.0 -9999.0 -9999.0 -9999.0 -9999.0 -9999.0 -9999.0 -9999.0 -9999.0 -9999.0 -9999.0 -9999.0 -9999.0 -9999.0 -9999.0 -9999.0 -9999.0 -9999.0
3.1318791576292546 3.1310838009115067 3.1307641484333657 3.130953034553378 3.1311419206733904 3.1313308067934025 3.131519692913415 3.131708579033427 3.1318974651534397 3.132086351273452 3.1322752373934644 3.1324641235134765 3.132653009633489 3.132841895753501 3.1330307818735137 3.1332196679935262 3.1334085541135384 3.133597440233551 -9999.0 -9999.0 -9999.0 -9999.0 -9999.0 -9999.0 -9999.0 -9999.0 -9999.0 -9999.0 -9999.0 -9999.0 -9999.0 -9999.0 -9999.0 -9999.0 -9999.0 -9999.0 -9999.0 -9999.0 -9999.0 -9999.0 -9999.0 -9999.0 -9999.0 -9999.0
3.1361887007112825 3.1352947386338577 3.134881635949552 3.134982582839174 3.1350835297287967 3.1351844766184187 3.135285423508041 3.135386370397663 3.1354873172872857 3.1355882641769077 3.13568921106653 3.1357901579561522 3.1358911048457743 3.1359920517353967 3.1360929986250192 3.1361939455146413 3.1362948924042637 3.1363958392938858 -9999.0 -9999.0 -9999.0 -9999.0 -9999.0 -9999.0 -9999.0 -9999.0 -9999.0 -9999.0 -9999.0 -9999.0 -9999.0 -9999.0 -9999.0 -9999.0 -9999.0 -9999.0 -9999.0 -9999.0 -9999.0 -9999.0 -9999.0 -9999.0 -9999.0 -9999.0
3.140498243793309 3.1395056763562073 3.138999123465737 3.1390121311249692 3.139025138784201 3.1390381464434336 3.1390511541026656 3.139064161761898 3.13907716942113 3.1390901770803623 3.1391031847395943 3.1391161923988267 3.1391292000580586 3.139142207717291 3.139155215376523 3.1391682230357554 3.1391812306949873 3.1391942383542197 -9999.0 -9999.0 -9999.0 -9999.0 -9999.0 -9999.0 -9999.0 -9999.0 -9999.0 -9999.0 -9999.0 -9999.0 -9999.0 -9999.0 -9999.0 -9999.0 -9999.0 -9999.0 -9999.0 -9999.0 -9999.0 -9999.0 -9999.0 -9999.0 -9999.0 -9999.0
3.1448077868753357 3.143716614078557 3.143116610981922 3.1430416794107643 3.142966747839606 3.1428918162684485 3.1428168846972904 3.1427419531261327 3.1426670215549746 3.142592089983817 3.142517158412659 3.142442226841501 3.1423672952703434 3.1422923636991853 3.142217432128027 3.1421425005568695 3.1420675689857114 -9999.0 -9999.0 -9999.0 -9999.0 -9999.0 -9999.0 -9999.0 -9999.0 -9999.0 -9999.0 -9999.0 -9999.0 -9999.0 -9999.0 -9999.0 -9999.0 -9999.0 -9999.0 -9999.0 -9999.0 -9999.0 -9999.0 -9999.0 -9999.0 -9999.0 -9999.0 -9999.0
