Figures/CREST_Example_wjb_NSE/PETs/wjb.pet.20100216.asc
ncols            288
nrows            254
xllcorner        113.274861
yllcorner        31.4918055
cellsize         0.008333333333
NODATA_value     -9999
[rows 171 to 189 of 254, columns 132 to 175 of 288]
0.6232466299926112 0.6236190267203944 0.6239914234481776 0.6243638201759608 0.624736216903744 0.6251086136315271 0.6254810103593104 0.6258534070870936 0.6262258038148768 0.62659820054266 0.6269705972704432 0.627342993998227 0.6277153907260102 0.6280877874537935 0.6284601841815767 0.6288325809093599 0.6292049776371431 0.6295773743649262 0.6299497710927094 0.6303221678204927 0.6306945645482759 0.6310669612760591 0.6314393580038423 0.6318117547316255 0.6321841514594093 0.6325565481871925 0.6329289449149758 0.633301341642759 0.6336737383705422 0.6340461350983253 0.6346916563216334 0.6356291538091347 0.636566651296636 0.6375041487841373 0.6384416462716387 0.63937914375914 0.6403166412466413 0.6412541387341443 0.6421916362216455 0.6431291337091469 0.6440666311966482 0.6450041286841495 0.6459416261716509 0.6468791236591521
0.6228626636549244 0.6232458469125733 0.6236290301702224 0.6240122134278714 0.6243953966855205 0.6247785799431694 0.6251617632008184 0.6255449464584675 0.6259281297161164 0.6263113129737654 0.6266944962314145 0.6270776794890641 0.6274608627467132 0.6278440460043622 0.6282272292620111 0.6286104125196602 0.6289935957773092 0.6293767790349581 0.6297599622926072 0.6301431455502562 0.6305263288079053 0.6309095120655542 0.6312926953232032 0.6316758785808523 0.6320590618385019 0.6324422450961509 0.6328254283538 0.6332086116114489 0.633591794869098 0.633974978126747 0.6346199792356738 0.635544869550321 0.636469759864968 0.6373946501796152 0.6383195404942623 0.6392444308089095 0.6401693211235566 0.6410942114382053 0.6420191017528524 0.6429439920674995 0.6438688823821467 0.6447937726967938 0.645718663011441 0.6466435533260881
0.6224786973172375 0.6228726671047523 0.6232666368922671 0.623660606679782 0.6240545764672968 0.6244485462548116 0.6248425160423264 0.6252364858298413 0.6256304556173561 0.6260244254048709 0.6264183951923857 0.6268123649799012 0.627206334767416 0.6276003045549309 0.6279942743424457 0.6283882441299605 0.6287822139174754 0.6291761837049902 0.629570153492505 0.6299641232800198 0.6303580930675347 0.6307520628550495 0.6311460326425643 0.6315400024300791 0.6319339722175946 0.6323279420051094 0.6327219117926243 0.6331158815801391 0.6335098513676539 0.6339038211551687 0.6345483021497144 0.6354605852915073 0.6363728684333002 0.6372851515750931 0.6381974347168861 0.639109717858679 0.640022001000472 0.6409342841422665 0.6418465672840594 0.6427588504258523 0.6436711335676453 0.6445834167094382 0.6454956998512312 0.6464079829930242
0.6220947309795507 0.6224994872969313 0.622904243614312 0.6233089999316925 0.6237137562490732 0.6241185125664538 0.6245232688838345 0.624928025201215 0.6253327815185957 0.6257375378359763 0.626142294153357 0.6265470504707383 0.6269518067881189 0.6273565631054996 0.6277613194228802 0.6281660757402608 0.6285708320576414 0.6289755883750221 0.6293803446924027 0.6297851010097834 0.6301898573271639 0.6305946136445446 0.6309993699619252 0.6314041262793059 0.6318088825966872 0.6322136389140678 0.6326183952314485 0.633023151548829 0.6334279078662097 0.6338326641835903 0.6344766250637547 0.6353763010326935 0.6362759770016322 0.637175652970571 0.6380753289395097 0.6389750049084485 0.6398746808773872 0.6407743568463276 0.6416740328152662 0.642573708784205 0.6434733847531438 0.6443730607220826 0.6452727366910213 0.6461724126599601
0.6217107646418638 0.6221263074891104 0.6225418503363568 0.6229573931836032 0.6233729360308496 0.6237884788780961 0.6242040217253425 0.6246195645725889 0.6250351074198354 0.6254506502670818 0.6258661931143282 0.6262817359615754 0.6266972788088219 0.6271128216560683 0.6275283645033147 0.6279439073505612 0.6283594501978076 0.628774993045054 0.6291905358923006 0.629606078739547 0.6300216215867934 0.6304371644340399 0.6308527072812863 0.6312682501285327 0.6316837929757798 0.6320993358230264 0.6325148786702728 0.6329304215175192 0.6333459643647656 0.6337615072120121 0.6344049479777952 0.6352920167738798 0.6361790855699644 0.637066154366049 0.6379532231621335 0.638840291958218 0.6397273607543026 0.6406144295503887 0.6415014983464733 0.6423885671425579 0.6432756359386425 0.6441627047347269 0.6450497735308115 0.6459368423268961
0.6213267983041767 0.621753127681289 0.6221794570584013 0.6226057864355136 0.6230321158126257 0.623458445189738 0.6238847745668503 0.6243111039439625 0.6247374333210748 0.6251637626981871 0.6255900920752994 0.6260164214524123 0.6264427508295246 0.6268690802066368 0.6272954095837491 0.6277217389608614 0.6281480683379737 0.6285743977150858 0.6290007270921981 0.6294270564693104 0.6298533858464226 0.6302797152235349 0.6307060446006472 0.6311323739777595 0.6315587033548724 0.6319850327319847 0.6324113621090969 0.6328376914862092 0.6332640208633215 0.6336903502404337 0.6343332708918357 0.635207732515066 0.6360821941382964 0.6369566557615267 0.6378311173847571 0.6387055790079874 0.6395800406312179 0.6404545022544497 0.64132896387768 0.6422034255009104 0.6430778871241408 0.6439523487473712 0.6448268103706015 0.6457012719938319
0.6209428319664899 0.621379947873468 0.6218170637804461 0.6222541796874241 0.6226912955944022 0.6231284115013802 0.6235655274083584 0.6240026433153364 0.6244397592223144 0.6248768751292926 0.6253139910362706 0.6257511069432494 0.6261882228502275 0.6266253387572055 0.6270624546641836 0.6274995705711617 0.6279366864781397 0.6283738023851178 0.6288109182920959 0.6292480341990739 0.629685150106052 0.63012226601303 0.6305593819200082 0.6309964978269862 0.631433613733965 0.631870729640943 0.6323078455479211 0.6327449614548992 0.6331820773618773 0.6336191932688553 0.6342615938058761 0.6351234482562522 0.6359853027066285 0.6368471571570046 0.6377090116073808 0.6385708660577569 0.6394327205081332 0.6402945749585107 0.641156429408887 0.6420182838592632 0.6428801383096393 0.6437419927600155 0.6446038472103917 0.6454657016607679
0.621194141415773 0.6216428255265133 0.6220915096372537 0.622540193747994 0.6229888778587342 0.6234375619694746 0.6238862460802149 0.6243349301909553 0.6247836143016956 0.6252322984124359 0.6256809825231763 0.6261296666339173 0.6265783507446576 0.6270270348553979 0.6274757189661383 0.6279244030768786 0.628373087187619 0.6288217712983593 0.6292704554090995 0.6297191395198399 0.6301678236305802 0.6306165077413205 0.6310651918520609 0.6315138759628012 0.6319625600735422 0.6324112441842826 0.6328599282950229 0.6333086124057632 0.6337572965165036 0.6342059806272439 0.6348474019773105 0.6356948637962164 0.6365423256151224 0.6373897874340283 0.6382372492529342 0.6390847110718402 0.6399321728907461 0.6407796347096535 0.6416270965285594 0.6424745583474654 0.6433220201663713 0.6441694819852772 0.6450169438041832 0.6458644056230891
0.6221245206380963 0.622585608512723 0.6230466963873499 0.6235077842619766 0.6239688721366033 0.6244299600112301 0.6248910478858568 0.6253521357604837 0.6258132236351104 0.6262743115097371 0.6267353993843638 0.6271964872589915 0.6276575751336182 0.6281186630082449 0.6285797508828717 0.6290408387574984 0.6295019266321251 0.629963014506752 0.6304241023813787 0.6308851902560054 0.6313462781306322 0.6318073660052589 0.6322684538798857 0.6327295417545125 0.63319062962914 0.6336517175037667 0.6341128053783935 0.6345738932530203 0.635034981127647 0.6354960690022737 0.6361360204457426 0.6369671810904602 0.6377983417351778 0.6386295023798955 0.6394606630246131 0.6402918236693308 0.6411229843140483 0.6419541449587675 0.6427853056034851 0.6436164662482027 0.6444476268929203 0.645278787537638 0.6461099481823556 0.6469411088270732
0.6230548998604196 0.6235283914989328 0.6240018831374461 0.6244753747759593 0.6249488664144724 0.6254223580529856 0.6258958496914988 0.626369341330012 0.6268428329685252 0.6273163246070383 0.6277898162455515 0.6282633078840655 0.6287367995225787 0.6292102911610918 0.629683782799605 0.6301572744381182 0.6306307660766314 0.6311042577151446 0.6315777493536578 0.632051240992171 0.6325247326306842 0.6329982242691974 0.6334717159077106 0.6339452075462237 0.6344186991847377 0.6348921908232509 0.6353656824617641 0.6358391741002772 0.6363126657387904 0.6367861573773036 0.6374246389141747 0.638239498384704 0.6390543578552333 0.6398692173257626 0.6406840767962919 0.6414989362668213 0.6423137957373506 0.6431286552078813 0.6439435146784107 0.64475837414894 0.6455732336194694 0.6463880930899987 0.6472029525605281 0.6480178120310573
0.623985279082743 0.6244711744851426 0.6249570698875422 0.6254429652899418 0.6259288606923414 0.6264147560947411 0.6269006514971407 0.6273865468995403 0.62787244230194 0.6283583377043396 0.6288442331067392 0.6293301285091396 0.6298160239115392 0.6303019193139389 0.6307878147163385 0.631273710118738 0.6317596055211376 0.6322455009235373 0.6327313963259369 0.6332172917283365 0.6337031871307361 0.6341890825331358 0.6346749779355354 0.635160873337935 0.6356467687403354 0.6361326641427351 0.6366185595451347 0.6371044549475343 0.6375903503499339 0.6380762457523335 0.6387132573826066 0.6395118156789478 0.6403103739752888 0.6411089322716298 0.6419074905679708 0.6427060488643118 0.6435046071606529 0.6443031654569953 0.6451017237533363 0.6459002820496774 0.6466988403460184 0.6474973986423594 0.6482959569387005 0.6490945152350415
0.6249156583050662 0.6254139574713523 0.6259122566376383 0.6264105558039244 0.6269088549702104 0.6274071541364965 0.6279054533027825 0.6284037524690685 0.6289020516353546 0.6294003508016407 0.6298986499679268 0.6303969491342136 0.6308952483004997 0.6313935474667858 0.6318918466330717 0.6323901457993578 0.6328884449656439 0.63338674413193 0.6338850432982159 0.634383342464502 0.6348816416307881 0.6353799407970742 0.6358782399633602 0.6363765391296462 0.6368748382959332 0.6373731374622192 0.6378714366285052 0.6383697357947913 0.6388680349610774 0.6393663341273634 0.6400018758510387 0.6407841329731915 0.6415663900953442 0.642348647217497 0.6431309043396497 0.6439131614618024 0.6446954185839552 0.6454776757061093 0.646259932828262 0.6470421899504147 0.6478244470725675 0.6486067041947202 0.649388961316873 0.6501712184390257
0.6258460375273903 0.6263567404575628 0.6268674433877353 0.6273781463179078 0.6278888492480803 0.6283995521782528 0.6289102551084252 0.6294209580385978 0.6299316609687703 0.6304423638989428 0.6309530668291152 0.6314637697592886 0.6319744726894612 0.6324851756196336 0.6329958785498061 0.6335065814799786 0.634017284410151 0.6345279873403236 0.6350386902704961 0.6355493932006686 0.636060096130841 0.6365707990610135 0.6370815019911861 0.6375922049213586 0.6381029078515319 0.6386136107817044 0.639124313711877 0.6396350166420494 0.6401457195722219 0.6406564225023944 0.6412904943194719 0.6420564502674363 0.6428224062154008 0.6435883621633652 0.6443543181113296 0.6451202740592941 0.6458862300072584 0.6466521859552242 0.6474181419031886 0.648184097851153 0.6489500537991174 0.6497160097470819 0.6504819656950463 0.6512479216430107
0.6267764167497136 0.6272995234437726 0.6278226301378315 0.6283457368318904 0.6288688435259493 0.6293919502200083 0.6299150569140672 0.6304381636081261 0.6309612703021851 0.6314843769962439 0.6320074836903029 0.6325305903843628 0.6330536970784216 0.6335768037724806 0.6340999104665395 0.6346230171605984 0.6351461238546573 0.6356692305487163 0.6361923372427752 0.6367154439368341 0.6372385506308931 0.6377616573249519 0.6382847640190109 0.6388078707130698 0.6393309774071296 0.6398540841011886 0.6403771907952475 0.6409002974893064 0.6414234041833653 0.6419465108774243 0.6425791127879039 0.6433287675616801 0.6440784223354562 0.6448280771092323 0.6455777318830085 0.6463273866567846 0.6470770414305607 0.6478266962043381 0.6485763509781143 0.6493260057518904 0.6500756605256665 0.6508253152994425 0.6515749700732187 0.6523246248469948
0.6277067959720368 0.6282423064299822 0.6287778168879276 0.629313327345873 0.6298488378038183 0.6303843482617636 0.630919858719709 0.6314553691776543 0.6319908796355997 0.632526390093545 0.6330619005514905 0.6335974110094367 0.6341329214673821 0.6346684319253274 0.6352039423832728 0.6357394528412181 0.6362749632991634 0.6368104737571089 0.6373459842150542 0.6378814946729996 0.6384170051309449 0.6389525155888903 0.6394880260468356 0.6400235365047809 0.6405590469627273 0.6410945574206726 0.641630067878618 0.6421655783365633 0.6427010887945087 0.643236599252454 0.6438677312563359 0.6446010848559237 0.6453344384555115 0.6460677920550995 0.6468011456546873 0.6475344992542751 0.6482678528538629 0.6490012064534519 0.6497345600530398 0.6504679136526276 0.6512012672522155 0.6519346208518033 0.6526679744513911 0.653401328050979
0.6286371751943601 0.629185089416192 0.6297330036380238 0.6302809178598555 0.6308288320816874 0.6313767463035191 0.6319246605253509 0.6324725747471827 0.6330204889690145 0.6335684031908463 0.634116317412678 0.6346642316345108 0.6352121458563426 0.6357600600781743 0.6363079743000062 0.6368558885218379 0.6374038027436697 0.6379517169655016 0.6384996311873333 0.6390475454091651 0.6395954596309968 0.6401433738528287 0.6406912880746605 0.6412392022964922 0.641787116518325 0.6423350307401567 0.6428829449619886 0.6434308591838204 0.6439787734056521 0.6445266876274839 0.645156349724768 0.6458734021501675 0.6465904545755671 0.6473075070009665 0.648024559426366 0.6487416118517656 0.6494586642771651 0.6501757167025659 0.6508927691279655 0.6516098215533649 0.6523268739787644 0.653043926404164 0.6537609788295635 0.6544780312549631
0.6295675544166836 0.6301278724024018 0.63068819038812 0.6312485083738382 0.6318088263595564 0.6323691443452746 0.6329294623309928 0.6334897803167111 0.6340500983024293 0.6346104162881475 0.6351707342738657 0.6357310522595849 0.6362913702453031 0.6368516882310213 0.6374120062167395 0.6379723242024578 0.638532642188176 0.6390929601738942 0.6396532781596125 0.6402135961453307 0.6407739141310489 0.6413342321167671 0.6418945501024853 0.6424548680882035 0.6430151860739227 0.6435755040596409 0.6441358220453591 0.6446961400310773 0.6452564580167955 0.6458167760025139 0.6464449681932001 0.6471457194444112 0.6478464706956225 0.6485472219468337 0.649247973198045 0.6499487244492562 0.6506494757004674 0.6513502269516799 0.652050978202891 0.6527517294541023 0.6534524807053135 0.6541532319565247 0.654853983207736 0.6555547344589472
0.6304979336390067 0.6310706553886114 0.6316433771382161 0.6322160988878207 0.6327888206374254 0.63336154238703 0.6339342641366347 0.6345069858862393 0.635079707635844 0.6356524293854486 0.6362251511350533 0.6367978728846589 0.6373705946342636 0.6379433163838683 0.6385160381334729 0.6390887598830776 0.6396614816326822 0.6402342033822869 0.6408069251318915 0.6413796468814962 0.6419523686311008 0.6425250903807055 0.6430978121303101 0.6436705338799148 0.6442432556295205 0.6448159773791251 0.6453886991287298 0.6459614208783344 0.6465341426279391 0.6471068643775437 0.647733586661632 0.6484180367386551 0.649102486815678 0.6497869368927008 0.6504713869697238 0.6511558370467467 0.6518402871237696 0.6525247372007937 0.6532091872778167 0.6538936373548396 0.6545780874318625 0.6552625375088855 0.6559469875859084 0.6566314376629313
0.6314283128613308 0.6320134383748219 0.632598563888313 0.6331836894018041 0.6337688149152952 0.6343539404287863 0.6349390659422774 0.6355241914557686 0.6361093169692597 0.6366944424827508 0.6372795679962419 0.637864693509734 0.6384498190232251 0.639034944536716 0.6396200700502072 0.6402051955636983 0.6407903210771894 0.6413754465906805 0.6419605721041716 0.6425456976176627 0.6431308231311538 0.6437159486446449 0.644301074158136 0.6448861996716271 0.6454713251851192 0.6460564506986103 0.6466415762121014 0.6472267017255925 0.6478118272390836 0.6483969527525747 0.6490222051300653 0.6496903540328999 0.6503585029357345 0.6510266518385691 0.6516948007414037 0.6523629496442384 0.653031098547073 0.6536992474499087 0.6543673963527433 0.655035545255578 0.6557036941584126 0.6563718430612472 0.6570399919640818 0.6577081408669164
