Figures/CREST_Example_wjb_NSE/PETs/wjb.pet.20090112.asc
ncols            288
nrows            254
xllcorner        113.274861
yllcorner        31.4918055
cellsize         0.008333333333
NODATA_value     -9999
[rows 38 to 56 of 254, columns 44 to 87 of 288]
0.6090350573951083 0.6085652671486471 0.608095476902186 0.6076256866557249 0.6071558964092638 0.6066861061628027 0.6062163159163416 0.6057465256698804 0.6052767354234185 0.6048069451769574 0.6043371549304963 0.6038673646840352 0.6033975744375741 0.6029277841911129 0.6024579939446518 0.6019882036981907 0.6015184134517296 0.6010486232052685 0.6005788329588074 0.6001090427123462 0.5996392524658851 0.5991694622194232 0.5986996719729621 0.598229881726501 0.5977600914800398 0.5972903012335787 0.5968205109871176 0.5963507207406565 0.59620063293786 0.5963923142745529 0.5965839956112458 0.5967756769479388 0.5969673582846317 0.5971590396213245 0.5973507209580178 0.5975424022947107 0.5977340836314036 0.5979257649680965 0.5981174463047894 0.5983091276414823 0.5985008089781751 0.598692490314868 0.5988841716515609 0.5990758529882538
0.6096149074507551 0.6091457168084007 0.6086765261660463 0.6082073355236919 0.6077381448813375 0.6072689542389831 0.6067997635966288 0.6063305729542744 0.6058613823119191 0.6053921916695647 0.6049230010272103 0.6044538103848559 0.6039846197425016 0.6035154291001472 0.6030462384577928 0.6025770478154384 0.602107857173084 0.6016386665307296 0.6011694758883752 0.6007002852460208 0.6002310946036664 0.5997619039613112 0.5992927133189568 0.5988235226766024 0.598354332034248 0.5978851413918936 0.5974159507495392 0.5969467601071848 0.5968053250315423 0.5970142680659761 0.59722321110041 0.5974321541348439 0.5976410971692777 0.5978500402037116 0.5980589832381458 0.5982679262725796 0.5984768693070135 0.5986858123414474 0.5988947553758813 0.5991036984103152 0.599312641444749 0.5995215844791829 0.5997305275136168 0.5999394705480506
0.6101947575064024 0.6097261664681547 0.6092575754299071 0.6087889843916594 0.6083203933534117 0.607851802315164 0.6073832112769164 0.6069146202386687 0.6064460292004202 0.6059774381621725 0.6055088471239248 0.6050402560856772 0.6045716650474295 0.6041030740091818 0.6036344829709341 0.6031658919326865 0.6026973008944388 0.6022287098561911 0.6017601188179434 0.6012915277796959 0.6008229367414482 0.6003543457031997 0.599885754664952 0.5994171636267044 0.5989485725884567 0.598479981550209 0.5980113905119613 0.5975427994737137 0.5974100171252251 0.5976362218574 0.5978624265895748 0.5980886313217496 0.5983148360539245 0.5985410407860994 0.5987672455182745 0.5989934502504494 0.5992196549826242 0.599445859714799 0.5996720644469739 0.5998982691791487 0.6001244739113236 0.6003506786434984 0.6005768833756733 0.6008030881078481
0.6107746075620493 0.6103066161279083 0.6098386246937674 0.6093706332596264 0.6089026418254855 0.6084346503913445 0.6079666589572036 0.6074986675230626 0.6070306760889208 0.6065626846547799 0.6060946932206389 0.605626701786498 0.605158710352357 0.604690718918216 0.6042227274840751 0.6037547360499341 0.6032867446157932 0.6028187531816522 0.6023507617475113 0.6018827703133703 0.6014147788792293 0.6009467874450877 0.6004787960109467 0.6000108045768058 0.5995428131426648 0.5990748217085238 0.5986068302743829 0.5981388388402419 0.5980147092189074 0.5982581756488232 0.598501642078739 0.5987451085086548 0.5989885749385706 0.5992320413684864 0.5994755077984026 0.5997189742283184 0.5999624406582342 0.60020590708815 0.6004493735180658 0.6006928399479816 0.6009363063778974 0.6011797728078132 0.601423239237729 0.6016667056676448
0.6113544576176961 0.6108870657876618 0.6104196739576276 0.6099522821275934 0.6094848902975591 0.609017498467525 0.6085501066374907 0.6080827148074565 0.6076153229774215 0.6071479311473872 0.606680539317353 0.6062131474873187 0.6057457556572845 0.6052783638272503 0.604810971997216 0.6043435801671818 0.6038761883371475 0.6034087965071133 0.6029414046770791 0.6024740128470448 0.6020066210170106 0.6015392291869756 0.6010718373569414 0.6006044455269072 0.6001370536968729 0.5996696618668387 0.5992022700368044 0.5987348782067702 0.5986194013125897 0.5988801294402465 0.5991408575679033 0.59940158569556 0.5996623138232168 0.5999230419508735 0.6001837700785306 0.6004444982061874 0.6007052263338442 0.6009659544615009 0.6012266825891577 0.6014874107168144 0.6017481388444712 0.602008866972128 0.6022695950997847 0.6025303232274414
0.611934307673343 0.6114675154474154 0.6110007232214879 0.6105339309955604 0.6100671387696329 0.6096003465437054 0.6091335543177778 0.6086667620918503 0.6081999698659221 0.6077331776399946 0.607266385414067 0.6067995931881395 0.606332800962212 0.6058660087362845 0.605399216510357 0.6049324242844294 0.6044656320585019 0.6039988398325744 0.6035320476066469 0.6030652553807194 0.6025984631547918 0.6021316709288635 0.6016648787029361 0.6011980864770086 0.600731294251081 0.6002645020251535 0.599797709799226 0.5993309175732985 0.599224093406272 0.5995020832316698 0.5997800730570675 0.6000580628824652 0.6003360527078628 0.6006140425332606 0.6008920323586587 0.6011700221840565 0.6014480120094542 0.6017260018348519 0.6020039916602495 0.6022819814856473 0.602559971311045 0.6028379611364427 0.6031159509618405 0.6033939407872382
0.6125141577289898 0.612047965107169 0.6115817724853482 0.6111155798635274 0.6106493872417066 0.6101831946198858 0.609717001998065 0.6092508093762442 0.6087846167544226 0.6083184241326018 0.607852231510781 0.6073860388889603 0.6069198462671395 0.6064536536453187 0.6059874610234979 0.6055212684016771 0.6050550757798563 0.6045888831580355 0.6041226905362147 0.6036564979143939 0.6031903052925731 0.6027241126707515 0.6022579200489308 0.60179172742711 0.6013255348052892 0.6008593421834684 0.6003931495616476 0.5999269569398268 0.5998287854999543 0.600124037023093 0.6004192885462316 0.6007145400693703 0.601009791592509 0.6013050431156477 0.6016002946387868 0.6018955461619255 0.6021907976850641 0.6024860492082028 0.6027813007313415 0.6030765522544802 0.6033718037776188 0.6036670553007575 0.6039623068238962 0.6042575583470349
0.6130940077846366 0.6126284147669225 0.6121628217492086 0.6116972287314945 0.6112316357137804 0.6107660426960663 0.6103004496783522 0.6098348566606382 0.6093692636429233 0.6089036706252092 0.6084380776074951 0.607972484589781 0.6075068915720669 0.607041298554353 0.6065757055366389 0.6061101125189248 0.6056445195012107 0.6051789264834966 0.6047133334657826 0.6042477404480685 0.6037821474303544 0.6033165544126395 0.6028509613949254 0.6023853683772113 0.6019197753594974 0.6014541823417833 0.6009885893240692 0.6005229963063551 0.6004334775936367 0.6007459908145164 0.601058504035396 0.6013710172562756 0.6016835304771552 0.6019960436980348 0.602308556918915 0.6026210701397946 0.6029335833606743 0.6032460965815538 0.6035586098024335 0.6038711230233131 0.6041836362441927 0.6044961494650724 0.604808662685952 0.6051211759068316
0.6136738578402839 0.6132088644266765 0.6127438710130693 0.6122788775994619 0.6118138841858545 0.6113488907722472 0.6108838973586398 0.6104189039450325 0.6099539105314243 0.6094889171178169 0.6090239237042097 0.6085589302906023 0.6080939368769949 0.6076289434633876 0.6071639500497802 0.6066989566361729 0.6062339632225655 0.6057689698089581 0.6053039763953508 0.6048389829817434 0.604373989568136 0.603908996154528 0.6034440027409206 0.6029790093273132 0.6025140159137059 0.6020490225000985 0.6015840290864912 0.6011190356728838 0.6010381696873195 0.6013679446059401 0.6016977195245606 0.6020274944431813 0.6023572693618019 0.6026870442804224 0.6030168191990436 0.6033465941176642 0.6036763690362849 0.6040061439549054 0.604335918873526 0.6046656937921466 0.6049954687107671 0.6053252436293878 0.6056550185480084 0.6059847934666289
0.6142537078959308 0.6137893140864301 0.6133249202769295 0.6128605264674288 0.6123961326579282 0.6119317388484277 0.611467345038927 0.6110029512294264 0.6105385574199249 0.6100741636104243 0.6096097698009236 0.609145375991423 0.6086809821819223 0.6082165883724218 0.6077521945629212 0.6072878007534205 0.6068234069439199 0.6063590131344192 0.6058946193249186 0.6054302255154179 0.6049658317059173 0.6045014378964159 0.6040370440869153 0.6035726502774146 0.603108256467914 0.6026438626584134 0.6021794688489127 0.6017150750394121 0.6016428617810018 0.6019898983973634 0.6023369350137249 0.6026839716300865 0.603031008246448 0.6033780448628095 0.6037250814791717 0.6040721180955333 0.6044191547118948 0.6047661913282564 0.6051132279446179 0.6054602645609795 0.605807301177341 0.6061543377937025 0.6065013744100641 0.6068484110264257
0.6148335579515777 0.6143697637461837 0.6139059695407898 0.6134421753353959 0.612978381130002 0.612514586924608 0.6120507927192141 0.6115869985138203 0.6111232043084255 0.6106594101030316 0.6101956158976377 0.6097318216922438 0.6092680274868498 0.6088042332814559 0.6083404390760621 0.6078766448706682 0.6074128506652742 0.6069490564598803 0.6064852622544864 0.6060214680490925 0.6055576738436985 0.6050938796383039 0.60463008543291 0.6041662912275161 0.6037024970221221 0.6032387028167282 0.6027749086113343 0.6023111144059403 0.6022475538746841 0.6026118521887865 0.6029761505028891 0.6033404488169916 0.6037047471310941 0.6040690454451967 0.6044333437592998 0.6047976420734023 0.6051619403875048 0.6055262387016073 0.6058905370157098 0.6062548353298123 0.6066191336439148 0.6069834319580174 0.6073477302721199 0.6077120285862224
0.6154134080072244 0.6149502134059373 0.6144870188046501 0.6140238242033629 0.6135606296020757 0.6130974350007885 0.6126342403995013 0.6121710457982141 0.6117078511969262 0.611244656595639 0.6107814619943518 0.6103182673930646 0.6098550727917774 0.6093918781904902 0.608928683589203 0.6084654889879159 0.6080022943866287 0.6075390997853415 0.6070759051840543 0.6066127105827671 0.6061495159814799 0.6056863213801918 0.6052231267789047 0.6047599321776175 0.6042967375763303 0.6038335429750431 0.6033703483737559 0.6029071537724687 0.6028522459683665 0.6032338059802099 0.6036153659920535 0.6039969260038969 0.6043784860157404 0.6047600460275838 0.6051416060394279 0.6055231660512714 0.6059047260631149 0.6062862860749584 0.6066678460868018 0.6070494060986452 0.6074309661104887 0.6078125261223322 0.6081940861341757 0.6085756461460191
0.6159932580628713 0.6155306630656908 0.6150680680685103 0.61460547307133 0.6141428780741495 0.613680283076969 0.6132176880797885 0.612755093082608 0.6122924980854267 0.6118299030882463 0.6113673080910659 0.6109047130938854 0.6104421180967049 0.6099795230995244 0.6095169281023439 0.6090543331051634 0.608591738107983 0.6081291431108026 0.6076665481136221 0.6072039531164416 0.6067413581192611 0.6062787631220798 0.6058161681248994 0.6053535731277189 0.6048909781305385 0.604428383133358 0.6039657881361775 0.603503193138997 0.6034569380620488 0.6038557597716332 0.6042545814812176 0.6046534031908021 0.6050522249003865 0.605451046609971 0.605849868319556 0.6062486900291404 0.6066475117387249 0.6070463334483093 0.6074451551578938 0.6078439768674782 0.6082427985770625 0.608641620286647 0.6090404419962314 0.6094392637058158
0.6165731081185182 0.6161111127254444 0.6156491173323707 0.6151871219392969 0.6147251265462231 0.6142631311531495 0.6138011357600757 0.6133391403670019 0.6128771449739274 0.6124151495808536 0.6119531541877798 0.6114911587947062 0.6110291634016324 0.6105671680085586 0.6101051726154849 0.6096431772224111 0.6091811818293373 0.6087191864362637 0.6082571910431899 0.6077951956501161 0.6073332002570424 0.6068712048639678 0.606409209470894 0.6059472140778203 0.6054852186847466 0.6050232232916728 0.604561227898599 0.6040992325055253 0.6040616301557311 0.6044777135630565 0.6048937969703818 0.6053098803777073 0.6057259637850326 0.606142047192358 0.6065581305996841 0.6069742140070095 0.6073902974143348 0.6078063808216603 0.6082224642289856 0.608638547636311 0.6090546310436364 0.6094707144509618 0.6098867978582871 0.6103028812656126
0.617152958174165 0.616691562385198 0.616230166596231 0.6157687708072639 0.6153073750182969 0.6148459792293298 0.6143845834403628 0.6139231876513958 0.613461791862428 0.6130003960734609 0.6125390002844939 0.6120776044955268 0.6116162087065599 0.6111548129175928 0.6106934171286258 0.6102320213396587 0.6097706255506917 0.6093092297617246 0.6088478339727577 0.6083864381837906 0.6079250423948236 0.6074636466058557 0.6070022508168887 0.6065408550279217 0.6060794592389547 0.6056180634499876 0.6051566676610206 0.6046952718720535 0.6046663222494134 0.6050996673544797 0.605533012459546 0.6059663575646124 0.6063997026696787 0.6068330477747451 0.6072663928798121 0.6076997379848785 0.6081330830899448 0.6085664281950112 0.6089997733000775 0.6094331184051438 0.6098664635102102 0.6102998086152766 0.6107331537203429 0.6111664988254092
0.6177328082298124 0.617272012044952 0.6168112158600917 0.6163504196752314 0.615889623490371 0.6154288273055107 0.6149680311206505 0.6145072349357901 0.614046438750929 0.6135856425660687 0.6131248463812083 0.6126640501963481 0.6122032540114878 0.6117424578266275 0.6112816616417671 0.6108208654569068 0.6103600692720466 0.6098992730871862 0.6094384769023259 0.6089776807174656 0.6085168845326052 0.6080560883477442 0.6075952921628839 0.6071344959780235 0.6066736997931632 0.6062129036083029 0.6057521074234427 0.6052913112385823 0.6052710143430962 0.6057216211459034 0.6061722279487107 0.606622834751518 0.6070734415543254 0.6075240483571327 0.6079746551599408 0.6084252619627482 0.6088758687655554 0.6093264755683627 0.60977708237117 0.6102276891739774 0.6106782959767847 0.611128902779592 0.6115795095823994 0.6120301163852067
0.6183126582854591 0.6178524617047055 0.617392265123952 0.6169320685431984 0.6164718719624448 0.6160116753816912 0.6155514788009376 0.615091282220184 0.6146310856394297 0.6141708890586761 0.6137106924779224 0.6132504958971688 0.6127902993164153 0.6123301027356617 0.6118699061549081 0.6114097095741545 0.610949512993401 0.6104893164126474 0.6100291198318938 0.6095689232511402 0.6091087266703866 0.6086485300896322 0.6081883335088786 0.607728136928125 0.6072679403473714 0.6068077437666178 0.6063475471858643 0.6058873506051107 0.6058757064367786 0.6063435749373268 0.6068114434378751 0.6072793119384233 0.6077471804389716 0.6082150489395198 0.608682917440069 0.6091507859406172 0.6096186544411655 0.6100865229417137 0.610554391442262 0.6110222599428103 0.6114901284433586 0.6119579969439068 0.6124258654444551 0.6128937339450033
0.618892508341106 0.6184329113644591 0.6179733143878122 0.6175137174111653 0.6170541204345186 0.6165945234578717 0.6161349264812248 0.6156753295045779 0.6152157325279303 0.6147561355512834 0.6142965385746365 0.6138369415979896 0.6133773446213427 0.6129177476446959 0.612458150668049 0.6119985536914022 0.6115389567147553 0.6110793597381085 0.6106197627614616 0.6101601657848147 0.6097005688081678 0.6092409718315202 0.6087813748548733 0.6083217778782264 0.6078621809015795 0.6074025839249327 0.6069429869482859 0.606483389971639 0.6064803985304608 0.6069655287287501 0.6074506589270393 0.6079357891253285 0.6084209193236177 0.608906049521907 0.6093911797201971 0.6098763099184863 0.6103614401167755 0.6108465703150647 0.611331700513354 0.6118168307116432 0.6123019609099324 0.6127870911082216 0.6132722213065108 0.6137573515048002
0.6194723583967529 0.6190133610242127 0.6185543636516726 0.6180953662791324 0.6176363689065922 0.617177371534052 0.616718374161512 0.6162593767889718 0.6158003794164308 0.6153413820438907 0.6148823846713506 0.6144233872988104 0.6139643899262702 0.6135053925537302 0.61304639518119 0.6125873978086498 0.6121284004361096 0.6116694030635695 0.6112104056910294 0.6107514083184892 0.6102924109459491 0.6098334135734081 0.609374416200868 0.6089154188283278 0.6084564214557877 0.6079974240832475 0.6075384267107073 0.6070794293381672 0.6070850906241431 0.6075874825201732 0.6080898744162034 0.6085922663122336 0.6090946582082638 0.609597050104294 0.6100994420003251 0.6106018338963553 0.6111042257923854 0.6116066176884156 0.6121090095844458 0.612611401480476 0.6131137933765062 0.6136161852725364 0.6141185771685665 0.6146209690645967
