Figures/CREST_Example_wjb_NSE/PETs/wjb.pet.20101105.asc
ncols            288
nrows            254
xllcorner        113.274861
yllcorner        31.4918055
cellsize         0.008333333333
NODATA_value     -9999
[rows 180 to 199 of 254, columns 176 to 219 of 288]
1.2730246618155105 1.272524702824289 1.2720247438330674 1.271524784841846 1.2710248258506245 1.2705248668594031 1.2700249078681807 1.269524948876959 1.2690249898857378 1.2685250308945162 1.2680250719032948 1.2675251129120733 1.2670251539208517 1.2665251949296303 1.2660252359384088 1.2655252769471874 1.2650796205136627 1.264692014742999 1.2643044089723352 1.2639168032016708 1.263529197431007 1.2631415916603432 1.2627539858896795 1.2623663801190157 1.261978774348352 1.2615911685776882 1.2612035628070244 1.2608159570363606 1.2604283512656969 1.260040745495033 1.2596531397243693 1.2592655339537056 1.2588779281830411 1.2584903224123773 1.2581027166417136 1.2577151108710496 1.2573275051003858 1.256939899329722 1.2565522935590583 1.2561646877883945 1.2557770820177308 1.255389476247067 1.2550018704764032 1.2546142647057394
1.2754148939789722 1.2749290453527309 1.2744431967264895 1.2739573481002484 1.273471499474007 1.2729856508477657 1.2724998022215237 1.2720139535952824 1.2715281049690412 1.2710422563427999 1.2705564077165585 1.2700705590903174 1.269584710464076 1.2690988618378347 1.2686130132115936 1.2681271645853522 1.2676840812426027 1.2672867149555391 1.2668893486684754 1.2664919823814111 1.2660946160943476 1.2656972498072838 1.2652998835202203 1.2649025172331567 1.2645051509460932 1.2641077846590294 1.2637104183719658 1.2633130520849023 1.2629156857978385 1.262518319510775 1.2621209532237114 1.2617235869366477 1.2613262206495834 1.26092885436252 1.2605314880754561 1.2601341217883926 1.259736755501329 1.2593393892142652 1.2589420229272017 1.2585446566401381 1.2581472903530744 1.2577499240660108 1.2573525577789473 1.2569551914918837
1.277805126142434 1.2773333878811728 1.2768616496199117 1.2763899113586508 1.2759181730973896 1.2754464348361285 1.2749746965748667 1.2745029583136056 1.2740312200523447 1.2735594817910836 1.2730877435298225 1.2726160052685613 1.2721442670073004 1.2716725287460393 1.2712007904847782 1.2707290522235173 1.2702885419715426 1.269881415168079 1.2694742883646157 1.2690671615611515 1.268660034757688 1.2682529079542246 1.267845781150761 1.2674386543472975 1.2670315275438342 1.2666244007403706 1.2662172739369073 1.2658101471334438 1.2654030203299802 1.2649958935265169 1.2645887667230533 1.26418163991959 1.2637745131161258 1.2633673863126622 1.2629602595091989 1.2625531327057353 1.2621460059022718 1.2617388790988084 1.2613317522953449 1.2609246254918813 1.260517498688418 1.2601103718849544 1.2597032450814911 1.2592961182780276
1.2801953583058976 1.279737730409617 1.279280102513336 1.2788224746170551 1.2783648467207744 1.2779072188244935 1.277449590928212 1.276991963031931 1.2765343351356502 1.2760767072393693 1.2756190793430886 1.2751614514468077 1.2747038235505268 1.2742461956542461 1.2737885677579652 1.2733309398616843 1.2728930027004848 1.2724761153806214 1.272059228060758 1.271642340740894 1.2712254534210308 1.2708085661011674 1.270391678781304 1.2699747914614408 1.2695579041415774 1.269141016821714 1.2687241295018508 1.2683072421819874 1.267890354862124 1.267473467542261 1.2670565802223976 1.2666396929025343 1.2662228055826703 1.265805918262807 1.2653890309429436 1.2649721436230803 1.264555256303217 1.2641383689833536 1.2637214816634903 1.263304594343627 1.2628877070237636 1.2624708197039003 1.262053932384037 1.2616370450641736
1.2825855904693595 1.2821420729380588 1.2816985554067584 1.2812550378754577 1.280811520344157 1.2803680028128563 1.279924485281555 1.2794809677502543 1.2790374502189537 1.278593932687653 1.2781504151563525 1.2777068976250519 1.2772633800937512 1.2768198625624505 1.2763763450311498 1.2759328274998494 1.2754974634294245 1.2750708155931614 1.2746441677568983 1.2742175199206345 1.2737908720843711 1.273364224248108 1.272937576411845 1.2725109285755818 1.2720842807393187 1.2716576329030556 1.2712309850667922 1.270804337230529 1.270377689394266 1.2699510415580029 1.2695243937217398 1.2690977458854764 1.2686710980492126 1.2682444502129495 1.2678178023766864 1.267391154540423 1.26696450670416 1.2665378588678968 1.2661112110316337 1.2656845631953706 1.2652579153591073 1.2648312675228441 1.264404619686581 1.263977971850318
1.2849758226328212 1.2845464154665007 1.2841170083001805 1.28368760113386 1.2832581939675396 1.2828287868012191 1.282399379634898 1.2819699724685776 1.2815405653022571 1.2811111581359367 1.2806817509696162 1.280252343803296 1.2798229366369755 1.279393529470655 1.2789641223043346 1.2785347151380142 1.2781019241583644 1.2776655158057015 1.2772291074530384 1.2767926991003749 1.2763562907477117 1.2759198823950488 1.2754834740423857 1.2750470656897228 1.2746106573370597 1.2741742489843968 1.2737378406317337 1.2733014322790708 1.2728650239264077 1.2724286155737448 1.2719922072210819 1.2715557988684187 1.271119390515755 1.270682982163092 1.270246573810429 1.269810165457766 1.269373757105103 1.26893734875244 1.268500940399777 1.268064532047114 1.267628123694451 1.267191715341788 1.266755306989125 1.266318898636462
1.2873660547962829 1.2869507579949426 1.2865354611936024 1.2861201643922622 1.285704867590922 1.2852895707895817 1.2848742739882408 1.2844589771869006 1.2840436803855604 1.2836283835842202 1.28321308678288 1.2827977899815397 1.2823824931801995 1.2819671963788595 1.2815518995775192 1.281136602776179 1.2807063848873042 1.2802602160182412 1.2798140471491786 1.279367878280115 1.278921709411052 1.2784755405419892 1.2780293716729263 1.2775832028038636 1.2771370339348007 1.2766908650657378 1.2762446961966751 1.2757985273276122 1.2753523584585493 1.2749061895894866 1.2744600207204237 1.2740138518513608 1.2735676829822973 1.2731215141132344 1.2726753452441717 1.2722291763751088 1.271783007506046 1.2713368386369832 1.2708906697679203 1.2704445008988574 1.2699983320297947 1.2695521631607318 1.269105994291669 1.268659825422606
1.2897562869597448 1.2893551005233848 1.2889539140870248 1.2885527276506648 1.2881515412143048 1.2877503547779448 1.2873491683415839 1.2869479819052239 1.2865467954688639 1.2861456090325039 1.2857444225961439 1.2853432361597839 1.2849420497234239 1.2845408632870638 1.2841396768507038 1.2837384904143438 1.283310845616244 1.2828549162307814 1.2823989868453187 1.2819430574598552 1.2814871280743925 1.2810311986889298 1.280575269303467 1.2801193399180044 1.2796634105325417 1.279207481147079 1.2787515517616164 1.2782956223761537 1.277839692990691 1.2773837636052283 1.2769278342197656 1.276471904834303 1.2760159754488396 1.275560046063377 1.2751041166779142 1.2746481872924516 1.2741922579069889 1.2737363285215262 1.2732803991360635 1.2728244697506008 1.2723685403651381 1.2719126109796755 1.2714566815942128 1.27100075220875
1.2921465191232064 1.2917594430518267 1.2913723669804469 1.290985290909067 1.2905982148376873 1.2902111387663073 1.2898240626949269 1.289436986623547 1.2890499105521673 1.2886628344807876 1.2882757584094078 1.287888682338028 1.2875016062666482 1.2871145301952684 1.2867274541238887 1.286340378052509 1.285915306345184 1.2854496164433213 1.2849839265414589 1.2845182366395955 1.284052546737733 1.2835868568358706 1.283121166934008 1.2826554770321454 1.282189787130283 1.2817240972284205 1.2812584073265578 1.2807927174246954 1.280327027522833 1.2798613376209704 1.2793956477191077 1.2789299578172453 1.278464267915382 1.2779985780135195 1.277532888111657 1.2770671982097943 1.2766015083079318 1.2761358184060694 1.275670128504207 1.2752044386023442 1.2747387487004818 1.2742730587986193 1.2738073688967568 1.2733416789948941
1.2945367512866701 1.2941637855802706 1.293790819873871 1.2934178541674715 1.293044888461072 1.2926719227546724 1.2922989570482721 1.2919259913418726 1.291553025635473 1.2911800599290735 1.290807094222674 1.2904341285162744 1.2900611628098746 1.289688197103475 1.2893152313970755 1.288942265690676 1.288519767074126 1.2880443166558637 1.2875688662376013 1.2870934158193381 1.2866179654010759 1.2861425149828134 1.285667064564551 1.2851916141462887 1.2847161637280262 1.284240713309764 1.2837652628915015 1.2832898124732393 1.2828143620549768 1.2823389116367143 1.281863461218452 1.2813880108001896 1.2809125603819265 1.280437109963664 1.2799616595454018 1.2794862091271393 1.279010758708877 1.2785353082906146 1.2780598578723523 1.2775844074540899 1.2771089570358274 1.2766335066175651 1.2761580561993027 1.2756826057810404
1.296926983450132 1.2965681281087125 1.2962092727672931 1.2958504174258738 1.2954915620844545 1.2951327067430352 1.2947738514016152 1.2944149960601958 1.2940561407187765 1.2936972853773572 1.2933384300359376 1.2929795746945183 1.292620719353099 1.2922618640116796 1.2919030086702603 1.291544153328841 1.291124227803066 1.2906390168684037 1.2901538059337416 1.2896685949990785 1.2891833840644162 1.288698173129754 1.2882129621950917 1.2877277512604297 1.2872425403257675 1.2867573293911052 1.286272118456443 1.2857869075217807 1.2853016965871185 1.2848164856524564 1.2843312747177942 1.283846063783132 1.2833608528484688 1.2828756419138068 1.2823904309791445 1.2819052200444823 1.28142000910982 1.2809347981751578 1.2804495872404955 1.2799643763058335 1.2794791653711712 1.278993954436509 1.2785087435018467 1.2780235325671845
1.2993172156135937 1.2989724706371546 1.2986277256607153 1.2982829806842762 1.297938235707837 1.297593490731398 1.2972487457549582 1.296904000778519 1.29655925580208 1.2962145108256407 1.2958697658492015 1.2955250208727624 1.2951802758963233 1.2948355309198842 1.294490785943445 1.2941460409670058 1.2937286885320058 1.2932337170809438 1.2927387456298818 1.2922437741788189 1.2917488027277568 1.2912538312766948 1.2907588598256328 1.2902638883745705 1.2897689169235085 1.2892739454724464 1.2887789740213844 1.2882840025703224 1.2877890311192604 1.2872940596681983 1.2867990882171363 1.2863041167660743 1.2858091453150113 1.2853141738639493 1.2848192024128873 1.284324230961825 1.283829259510763 1.283334288059701 1.282839316608639 1.282344345157577 1.2818493737065149 1.2813544022554528 1.2808594308043908 1.2803644593533288
1.3017074477770554 1.3013768131655965 1.3010461785541374 1.3007155439426785 1.3003849093312196 1.3000542747197605 1.2997236401083012 1.2993930054968421 1.2990623708853832 1.2987317362739244 1.2984011016624653 1.2980704670510064 1.2977398324395475 1.2974091978280884 1.2970785632166295 1.2967479286051706 1.2963331492609456 1.2958284172934835 1.2953236853260217 1.294818953358559 1.294314221391097 1.2938094894236352 1.2933047574561733 1.2928000254887113 1.2922952935212495 1.2917905615537877 1.2912858295863257 1.2907810976188638 1.2902763656514018 1.28977163368394 1.2892669017164782 1.2887621697490161 1.2882574377815534 1.2877527058140916 1.2872479738466296 1.2867432418791678 1.286238509911706 1.285733777944244 1.2852290459767821 1.28472431400932 1.2842195820418583 1.2837148500743965 1.2832101181069344 1.2827053861394726
1.304097679940517 1.3037811556940384 1.3034646314475595 1.3031481072010809 1.3028315829546022 1.3025150587081233 1.302198534461644 1.3018820102151654 1.3015654859686867 1.3012489617222078 1.3009324374757292 1.3006159132292505 1.3002993889827716 1.299982864736293 1.2996663404898143 1.2993498162433355 1.2989376099898855 1.2984231175060237 1.2979086250221619 1.2973941325382994 1.2968796400544376 1.2963651475705757 1.2958506550867142 1.2953361626028523 1.2948216701189907 1.294307177635129 1.293792685151267 1.2932781926674055 1.2927637001835437 1.2922492076996819 1.2917347152158203 1.2912202227319585 1.2907057302480958 1.2901912377642342 1.2896767452803723 1.2891622527965105 1.288647760312649 1.2881332678287871 1.2876187753449255 1.2871042828610637 1.286589790377202 1.2860752978933403 1.2855608054094785 1.2850463129256167
1.3064879121039799 1.3061854982224812 1.3058830843409828 1.3055806704594843 1.3052782565779857 1.3049758426964873 1.3046734288149882 1.3043710149334897 1.304068601051991 1.3037661871704926 1.3034637732889942 1.3031613594074956 1.3028589455259971 1.3025565316444987 1.302254117763 1.3019517038815016 1.3015420707188263 1.3010178177185647 1.3004935647183034 1.2999693117180409 1.2994450587177793 1.2989208057175177 1.298396552717256 1.2978722997169945 1.2973480467167329 1.2968237937164713 1.2962995407162097 1.295775287715948 1.2952510347156865 1.2947267817154249 1.2942025287151633 1.2936782757149017 1.2931540227146392 1.2926297697143776 1.292105516714116 1.2915812637138544 1.2910570107135928 1.2905327577133312 1.2900085047130698 1.2894842517128082 1.2889599987125466 1.288435745712285 1.2879114927120234 1.2873872397117618
1.3088781442674415 1.3085898407509233 1.308301537234405 1.3080132337178867 1.3077249302013685 1.30743662668485 1.3071483231683312 1.306860019651813 1.3065717161352945 1.3062834126187763 1.3059951091022581 1.3057068055857397 1.3054185020692215 1.305130198552703 1.3048418950361849 1.3045535915196664 1.3041465314477663 1.3036125179311049 1.3030785044144435 1.302544490897781 1.3020104773811196 1.3014764638644583 1.3009424503477969 1.3004084368311355 1.299874423314474 1.2993404097978125 1.2988063962811511 1.2982723827644898 1.2977383692478284 1.2972043557311668 1.2966703422145054 1.296136328697844 1.2956023151811817 1.2950683016645201 1.2945342881478588 1.2940002746311974 1.293466261114536 1.2929322475978744 1.292398234081213 1.2918642205645516 1.2913302070478903 1.2907961935312289 1.2902621800145673 1.289728166497906
1.3112683764309034 1.3109941832793652 1.3107199901278273 1.310445796976289 1.310171603824751 1.3098974106732129 1.3096232175216742 1.3093490243701362 1.309074831218598 1.30880063806706 1.3085264449155218 1.3082522517639839 1.3079780586124456 1.3077038654609077 1.3074296723093695 1.3071554791578315 1.3067509921767062 1.306207218143645 1.3056634441105837 1.3051196700775214 1.3045758960444602 1.3040321220113988 1.3034883479783377 1.3029445739452763 1.3024007999122151 1.3018570258791538 1.3013132518460926 1.3007694778130312 1.30022570377997 1.2996819297469089 1.2991381557138475 1.2985943816807863 1.298050607647724 1.2975068336146627 1.2969630595816015 1.2964192855485401 1.295875511515479 1.2953317374824176 1.2947879634493564 1.294244189416295 1.2937004153832339 1.2931566413501725 1.2926128673171113 1.2920690932840502
1.3136586085943662 1.3133985258078082 1.3131384430212505 1.3128783602346925 1.3126182774481345 1.3123581946615768 1.3120981118750183 1.3118380290884606 1.3115779463019026 1.3113178635153449 1.3110577807287869 1.3107976979422291 1.3105376151556711 1.3102775323691132 1.3100174495825554 1.3097573667959974 1.3093554529056473 1.308801918356186 1.308248383806725 1.3076948492572629 1.3071413147078017 1.3065877801583408 1.3060342456088796 1.3054807110594184 1.3049271765099573 1.304373641960496 1.3038201074110352 1.303266572861574 1.3027130383121128 1.3021595037626517 1.3016059692131905 1.3010524346637296 1.3004989001142675 1.2999453655648063 1.2993918310153452 1.298838296465884 1.298284761916423 1.297731227366962 1.2971776928175007 1.2966241582680396 1.2960706237185784 1.2955170891691175 1.2949635546196563 1.2944100200701951
1.3160488407578277 1.3158028683362502 1.3155568959146724 1.3153109234930946 1.315064951071517 1.3148189786499394 1.3145730062283614 1.3143270338067836 1.3140810613852059 1.3138350889636283 1.3135891165420506 1.3133431441204728 1.3130971716988953 1.3128511992773175 1.3126052268557398 1.3123592544341622 1.311959913634587 1.311396618568726 1.310833323502865 1.310270028437003 1.309706733371142 1.3091434383052811 1.3085801432394202 1.3080168481735592 1.3074535531076983 1.3068902580418373 1.3063269629759764 1.3057636679101154 1.3052003728442545 1.3046370777783936 1.3040737827125326 1.3035104876466717 1.3029471925808098 1.3023838975149489 1.301820602449088 1.3012573073832268 1.3006940123173658 1.3001307172515049 1.299567422185644 1.299004127119783 1.298440832053922 1.297877536988061 1.2973142419222001 1.2967509468563392
1.3184390729212896 1.318207210864692 1.3179753488080945 1.317743486751497 1.3175116246948997 1.3172797626383022 1.3170479005817044 1.3168160385251069 1.3165841764685093 1.3163523144119118 1.3161204523553145 1.315888590298717 1.3156567282421194 1.3154248661855221 1.3151930041289246 1.314961142072327 1.3145643743635267 1.313991318781266 1.3134182631990052 1.3128452076167434 1.3122721520344827 1.311699096452222 1.311126040869961 1.3105529852877003 1.3099799297054395 1.3094068741231786 1.3088338185409178 1.3082607629586571 1.3076877073763962 1.3071146517941354 1.3065415962118747 1.305968540629614 1.3053954850473521 1.3048224294650914 1.3042493738828305 1.3036763183005697 1.303103262718309 1.302530207136048 1.3019571515537873 1.3013840959715266 1.3008110403892659 1.300237984807005 1.2996649292247442 1.2990918736424835
