Figures/CREST_Example_wjb_NSE/PETs/wjb.pet.20090910.asc
ncols            288
nrows            254
xllcorner        113.274861
yllcorner        31.4918055
cellsize         0.008333333333
NODATA_value     -9999
[rows 80 to 99 of 254, columns 88 to 131 of 288]
1.8053072664443557 1.805006297686165 1.8047053289279744 1.8044043601697832 1.8041033914115925 1.8038024226534017 1.8035014538952112 1.8032004851370205 1.80289951637883 1.8025985476206392 1.8022975788624485 1.801996610104258 1.8016956413460672 1.8013946725878767 1.80072582838525 1.7996637170144172 1.7986016056435825 1.7975394942727498 1.796477382901917 1.795415271531084 1.7943531601602514 1.7932910487894185 1.7922289374185856 1.791166826047753 1.79010471467692 1.789042603306087 1.7879804919352544 1.7869183805644215 1.7858562691935886 1.784794157822754 1.7837320464519213 1.7826699350810884 1.7816078237102555 1.7805457123394228 1.77948360096859 1.778421489597757 1.7773593782269244 1.7762972668560915 1.7752351554852586 1.774173044114426 1.773110932743593 1.77204882137276 1.7709867100019256 1.7699245986310927
1.8141186535090228 1.8136513370982157 1.8131840206874086 1.8127167042766006 1.8122493878657935 1.8117820714549864 1.8113147550441793 1.8108474386333722 1.810380122222565 1.809912805811758 1.8094454894009508 1.8089781729901437 1.8085108565793366 1.8080435401685295 1.8072832732768929 1.8062098356972882 1.8051363981176818 1.8040629605380774 1.8029895229584727 1.801916085378868 1.8008426477992634 1.799769210219659 1.7986957726400543 1.7976223350604497 1.796548897480845 1.7954754599012406 1.794402022321636 1.7933285847420313 1.7922551471624266 1.7911817095828202 1.7901082720032158 1.789034834423611 1.7879613968440065 1.7868879592644018 1.7858145216847972 1.7847410841051927 1.783667646525588 1.7825942089459834 1.7815207713663788 1.7804473337867743 1.7793738962071697 1.778300458627565 1.7772270210479586 1.776153583468354
1.8229300405736901 1.8222963765102664 1.821662712446843 1.8210290483834182 1.8203953843199947 1.819761720256571 1.8191280561931475 1.8184943921297239 1.8178607280663004 1.8172270640028767 1.8165933999394532 1.8159597358760298 1.815326071812606 1.8146924077491826 1.8138407181685356 1.8127559543801595 1.811671190591781 1.8105864268034049 1.8095016630150285 1.808416899226652 1.8073321354382756 1.8062473716498992 1.8051626078615228 1.8040778440731466 1.8029930802847702 1.8019083164963938 1.8008235527080174 1.799738788919641 1.7986540251312646 1.7975692613428864 1.79648449755451 1.7953997337661336 1.7943149699777574 1.793230206189381 1.7921454424010046 1.7910606786126282 1.7899759148242518 1.7888911510358754 1.7878063872474992 1.7867216234591228 1.7856368596707464 1.78455209588237 1.7834673320939918 1.7823825683056154
1.8317414276383572 1.8309414159223172 1.8301414042062774 1.8293413924902358 1.828541380774196 1.8277413690581559 1.8269413573421158 1.8261413456260758 1.8253413339100357 1.8245413221939957 1.8237413104779556 1.8229412987619156 1.8221412870458755 1.8213412753298355 1.8203981630601787 1.8193020730630305 1.8182059830658805 1.8171098930687324 1.8160138030715842 1.814917713074436 1.813821623077288 1.8127255330801397 1.8116294430829916 1.8105333530858434 1.8094372630886952 1.808341173091547 1.807245083094399 1.8061489930972507 1.8050529031001026 1.8039568131029526 1.8028607231058045 1.8017646331086563 1.8006685431115081 1.79957245311436 1.7984763631172118 1.7973802731200637 1.7962841831229155 1.7951880931257675 1.7940920031286194 1.7929959131314712 1.791899823134323 1.790803733137175 1.7897076431400247 1.7886115531428768
1.8405528147030246 1.839586455334368 1.8386200959657115 1.8376537365970533 1.836687377228397 1.8357210178597405 1.8347546584910839 1.8337882991224275 1.8328219397537708 1.8318555803851144 1.830889221016458 1.8299228616478014 1.828956502279145 1.8279901429104886 1.8269556079518214 1.8258481917459015 1.8247407755399798 1.82363335933406 1.82252594312814 1.82141852692222 1.8203111107163001 1.81920369451038 1.81809627830446 1.8169888620985402 1.8158814458926202 1.8147740296867003 1.8136666134807804 1.8125591972748605 1.8114517810689406 1.8103443648630189 1.809236948657099 1.808129532451179 1.807022116245259 1.8059147000393392 1.8048072838334193 1.8036998676274993 1.8025924514215794 1.8014850352156595 1.8003776190097396 1.7992702028038197 1.7981627865978997 1.7970553703919798 1.795947954186058 1.794840537980138
1.8493642017676992 1.8482314947464262 1.847098787725153 1.845966080703878 1.844833373682605 1.8437006666613318 1.8425679596400588 1.8414352526187856 1.8403025455975126 1.8391698385762394 1.8380371315549664 1.8369044245336932 1.8357717175124202 1.834639010491147 1.8335130528434698 1.832394310428778 1.8312755680140846 1.8301568255993927 1.829038083184701 1.8279193407700094 1.8268005983553177 1.825681855940626 1.8245631135259344 1.8234443711112427 1.8223256286965508 1.8212068862818591 1.8200881438671674 1.8189694014524758 1.817850659037784 1.8167319166230904 1.8156131742083987 1.814494431793707 1.8133756893790154 1.8122569469643237 1.811138204549632 1.8100194621349401 1.8089007197202485 1.8077819773055568 1.806663234890865 1.8055444924761734 1.8044257500614818 1.80330700764679 1.8021882652320964 1.8010695228174047
1.8581755888323666 1.856876534158477 1.8555774794845874 1.8542784248106956 1.852979370136806 1.8516803154629164 1.8503812607890269 1.8490822061151373 1.8477831514412477 1.8464840967673581 1.8451850420934686 1.8438859874195792 1.8425869327456896 1.8412878780718 1.8400704977351128 1.8389404291116493 1.837810360488184 1.8366802918647203 1.8355502232412568 1.8344201546177934 1.83329008599433 1.8321600173708665 1.8310299487474029 1.8298998801239394 1.828769811500476 1.8276397428770126 1.826509674253549 1.8253796056300855 1.824249537006622 1.8231194683831566 1.8219893997596932 1.8208593311362298 1.8197292625127661 1.8185991938893027 1.8174691252658393 1.8163390566423758 1.8152089880189122 1.8140789193954487 1.8129488507719853 1.8118187821485219 1.8106887135250584 1.8095586449015948 1.8084285762781294 1.807298507654666
1.8669869758970337 1.8655215735705277 1.8640561712440216 1.8625907689175132 1.861125366591007 1.859659964264501 1.8581945619379951 1.856729159611489 1.855263757284983 1.8537983549584771 1.852332952631971 1.850867550305465 1.849402147978959 1.847936745652453 1.8466279426267556 1.8454865477945204 1.8443451529622832 1.8432037581300478 1.8420623632978126 1.8409209684655774 1.839779573633342 1.8386381788011068 1.8374967839688716 1.8363553891366362 1.835213994304401 1.8340725994721658 1.8329312046399304 1.8317898098076952 1.8306484149754598 1.8295070201432226 1.8283656253109875 1.8272242304787523 1.8260828356465169 1.8249414408142817 1.8238000459820465 1.822658651149811 1.8215172563175759 1.8203758614853407 1.8192344666531053 1.81809307182087 1.816951676988635 1.8158102821563995 1.8146688873241623 1.8135274924919271
1.8753901249415155 1.8738406234349079 1.8722911219283 1.8707416204216896 1.8691921189150817 1.867642617408474 1.866093115901866 1.8645436143952585 1.8629941128886507 1.8614446113820429 1.859895109875435 1.8583456083688272 1.8567961068622194 1.8552466053556116 1.8538892387075239 1.8527372685675934 1.8515852984276608 1.85043332828773 1.8492813581477996 1.8481293880078689 1.8469774178679383 1.8458254477280076 1.844673477588077 1.8435215074481464 1.8423695373082158 1.841217567168285 1.8400655970283546 1.8389136268884239 1.8377616567484933 1.8366096866085608 1.83545771646863 1.8343057463286996 1.8331537761887688 1.8320018060488383 1.8308498359089076 1.829697865768977 1.8285458956290463 1.8273939254891158 1.826241955349185 1.8250899852092546 1.823938015069324 1.8227860449293933 1.8216340747894608 1.82048210464953
1.8833568932811076 1.8818112110258949 1.8802655287706822 1.8787198465154666 1.877174164260254 1.8756284820050413 1.8740827997498286 1.872537117494616 1.870991435239403 1.8694457529841904 1.8679000707289777 1.866354388473765 1.864808706218552 1.8632630239633394 1.8619029073328892 1.860741164551171 1.8595794217694506 1.8584176789877322 1.8572559362060141 1.8560941934242958 1.8549324506425775 1.8537707078608592 1.8526089650791409 1.8514472222974228 1.8502854795157044 1.8491237367339861 1.8479619939522678 1.8468002511705495 1.8456385083888314 1.844476765607111 1.8433150228253927 1.8421532800436744 1.840991537261956 1.839829794480238 1.8386680516985197 1.8375063089168013 1.836344566135083 1.835182823353365 1.8340210805716466 1.8328593377899283 1.83169759500821 1.8305358522264916 1.8293741094447715 1.8282123666630532
1.8913236616206999 1.8897817986168823 1.8882399356130646 1.8866980726092442 1.8851562096054266 1.8836143466016089 1.8820724835977911 1.8805306205939736 1.8789887575901558 1.877446894586338 1.8759050315825205 1.8743631685787028 1.872821305574885 1.8712794425710675 1.8699165759582546 1.8687450605347486 1.8675735451112407 1.8664020296877348 1.865230514264229 1.8640589988407228 1.8628874834172169 1.861715967993711 1.860544452570205 1.8593729371466992 1.8582014217231932 1.8570299062996873 1.8558583908761814 1.8546868754526753 1.8535153600291694 1.8523438446056615 1.8511723291821556 1.8500008137586497 1.8488292983351438 1.8476577829116378 1.8464862674881317 1.8453147520646258 1.84414323664112 1.842971721217614 1.841800205794108 1.8406286903706022 1.8394571749470963 1.8382856595235904 1.8371141441000822 1.8359426286765763
1.899290429960292 1.8977523862078693 1.8962143424554467 1.8946762987030215 1.8931382549505988 1.8916002111981762 1.8900621674457536 1.888524123693331 1.8869860799409084 1.8854480361884858 1.8839099924360632 1.8823719486836403 1.8808339049312177 1.879295861178795 1.8779302445836197 1.8767489565183262 1.8755676684530305 1.874386380387737 1.8732050923224435 1.8720238042571498 1.8708425161918563 1.8696612281265625 1.868479940061269 1.8672986519959753 1.8661173639306818 1.8649360758653881 1.8637547878000946 1.862573499734801 1.8613922116695074 1.8602109236042117 1.8590296355389182 1.8578483474736245 1.856667059408331 1.8554857713430373 1.8543044832777438 1.8531231952124503 1.8519419071471566 1.850760619081863 1.8495793310165694 1.8483980429512759 1.8472167548859821 1.8460354668206886 1.844854178755393 1.8436728906900994
1.907257198299891 1.9057229737988632 1.9041887492978358 1.9026545247968056 1.901120300295778 1.8995860757947505 1.8980518512937228 1.8965176267926953 1.8949834022916676 1.8934491777906401 1.8919149532896125 1.890380728788585 1.8888465042875573 1.8873122797865298 1.885943913208992 1.8847528525019106 1.8835617917948273 1.882370731087746 1.8811796703806647 1.8799886096735836 1.8787975489665023 1.877606488259421 1.8764154275523397 1.8752243668452584 1.874033306138177 1.872842245431096 1.8716511847240147 1.8704601240169334 1.869269063309852 1.8680780026027688 1.8668869418956875 1.8656958811886062 1.864504820481525 1.8633137597744438 1.8621226990673625 1.8609316383602812 1.8597405776531999 1.8585495169461186 1.8573584562390375 1.8561673955319562 1.854976334824875 1.8537852741177936 1.8525942134107103 1.851403152703629
1.915223966639483 1.9136935613898505 1.912163156140218 1.910632750890583 1.9091023456409504 1.9075719403913178 1.9060415351416853 1.9045111298920527 1.9029807246424202 1.9014503193927876 1.899919914143155 1.8983895088935225 1.89685910364389 1.8953286983942577 1.893957581834357 1.8927567484854881 1.8915559151366172 1.8903550817877484 1.8891542484388795 1.8879534150900104 1.8867525817411415 1.8855517483922726 1.8843509150434037 1.8831500816945348 1.881949248345666 1.880748414996797 1.879547581647928 1.878346748299059 1.8771459149501901 1.8759450816013192 1.8747442482524503 1.8735434149035814 1.8723425815547123 1.8711417482058434 1.8699409148569746 1.8687400815081057 1.8675392481592368 1.8663384148103679 1.865137581461499 1.8639367481126299 1.862735914763761 1.861535081414892 1.8603342480660212 1.8591334147171523
1.9231907349790753 1.9216641489808377 1.9201375629826003 1.9186109769843602 1.9170843909861228 1.9155578049878854 1.9140312189896478 1.9125046329914104 1.910978046993173 1.9094514609949353 1.907924874996698 1.9063982889984605 1.904871703000223 1.9033451170019855 1.9019712504597226 1.900760644469066 1.8995500384784072 1.8983394324877507 1.897128826497094 1.8959182205064375 1.8947076145157808 1.8934970085251244 1.8922864025344677 1.8910757965438112 1.8898651905531545 1.888654584562498 1.8874439785718413 1.8862333725811848 1.8850227665905281 1.8838121605998697 1.882601554609213 1.8813909486185565 1.8801803426278998 1.8789697366372433 1.8777591306465866 1.8765485246559301 1.8753379186652734 1.874127312674617 1.8729167066839603 1.8717061006933038 1.870495494702647 1.8692848887119906 1.868074282721332 1.8668636767306752
1.9311575033186674 1.929634736571825 1.9281119698249825 1.9265892030781375 1.925066436331295 1.9235436695844528 1.9220209028376103 1.9204981360907678 1.9189753693439253 1.917452602597083 1.9159298358502406 1.914407069103398 1.9128843023565558 1.9113615356097133 1.9099849190850877 1.9087645404526434 1.9075441618201971 1.9063237831877529 1.9051034045553086 1.9038830259228645 1.9026626472904202 1.901442268657976 1.9002218900255317 1.8990015113930874 1.8977811327606433 1.896560754128199 1.8953403754957547 1.8941199968633105 1.8928996182308662 1.8916792395984199 1.8904588609659756 1.8892384823335315 1.8880181037010872 1.886797725068643 1.8855773464361987 1.8843569678037544 1.8831365891713103 1.881916210538866 1.8806958319064218 1.8794754532739775 1.8782550746415332 1.8770346960090891 1.8758143173766428 1.8745939387441986
1.9391242716582595 1.9376053241628122 1.9360863766673648 1.9345674291719148 1.9330484816764675 1.9315295341810201 1.9300105866855726 1.9284916391901252 1.9269726916946779 1.9254537441992305 1.9239347967037832 1.9224158492083359 1.9208969017128885 1.919377954217441 1.9179985877104528 1.916768436436221 1.915538285161987 1.9143081338877552 1.9130779826135231 1.9118478313392913 1.9106176800650594 1.9093875287908275 1.9081573775165956 1.9069272262423638 1.905697074968132 1.9044669236938998 1.903236772419668 1.902006621145436 1.9007764698712042 1.8995463185969703 1.8983161673227382 1.8970860160485064 1.8958558647742745 1.8946257135000426 1.8933955622258107 1.8921654109515789 1.890935259677347 1.889705108403115 1.888474957128883 1.8872448058546512 1.8860146545804193 1.8847845033061874 1.8835543520319533 1.8823242007577214
1.9470910399978518 1.9455759117537994 1.9440607835097472 1.9425456552656921 1.94103052702164 1.9395153987775875 1.9380002705335353 1.9364851422894829 1.9349700140454307 1.9334548858013783 1.931939757557326 1.9304246293132736 1.9289095010692214 1.927394372825169 1.9260122563358184 1.9247723324197987 1.923532408503777 1.9222924845877576 1.921052560671738 1.9198126367557184 1.9185727128396988 1.9173327889236793 1.9160928650076596 1.9148529410916402 1.9136130171756205 1.912373093259601 1.9111331693435814 1.909893245427562 1.9086533215115422 1.9074133975955205 1.906173473679501 1.9049335497634814 1.903693625847462 1.9024537019314423 1.9012137780154228 1.8999738540994031 1.8987339301833837 1.897494006267364 1.8962540823513445 1.8950141584353248 1.8937742345193054 1.8925343106032857 1.891294386687264 1.8900544627712446
1.9550578083374506 1.9535464993447933 1.952035190352136 1.9505238813594763 1.949012572366819 1.9475012633741617 1.9459899543815045 1.9444786453888472 1.94296733639619 1.9414560274035326 1.9399447184108753 1.9384334094182183 1.936922100425561 1.9354107914329037 1.9340259249611904 1.9327762284033831 1.9315265318455739 1.9302768352877666 1.9290271387299593 1.927777442172152 1.9265277456143448 1.9252780490565375 1.9240283524987305 1.9227786559409232 1.921528959383116 1.9202792628253087 1.9190295662675014 1.9177798697096942 1.916530173151887 1.9152804765940776 1.9140307800362704 1.912781083478463 1.9115313869206558 1.9102816903628486 1.9090319938050415 1.9077822972472342 1.906532600689427 1.9052829041316197 1.9040332075738124 1.9027835110160052 1.901533814458198 1.9002841179003909 1.8990344213425814 1.8977847247847741
1.9630245766770427 1.9615170869357805 1.9600095971945184 1.9585021074532536 1.9569946177119912 1.955487127970729 1.953979638229467 1.9524721484882046 1.9509646587469425 1.9494571690056803 1.947949679264418 1.9464421895231558 1.9449346997818937 1.9434272100406313 1.9420395935865558 1.9407801243869607 1.9395206551873638 1.9382611859877688 1.937001716788174 1.935742247588579 1.9344827783889842 1.9332233091893893 1.9319638399897945 1.9307043707901994 1.9294449015906046 1.9281854323910097 1.9269259631914148 1.92566649399182 1.9244070247922251 1.923147555592628 1.9218880863930332 1.9206286171934381 1.9193691479938433 1.9181096787942484 1.9168502095946536 1.9155907403950587 1.9143312711954636 1.9130718019958688 1.911812332796274 1.910552863596679 1.9092933943970842 1.9080339251974894 1.9067744559978923 1.9055149867982974
