Figures/CREST_Example_wjb_NSE/PETs/wjb.pet.20100613.asc
ncols            288
nrows            254
xllcorner        113.274861
yllcorner        31.4918055
cellsize         0.008333333333
NODATA_value     -9999
[rows 200 to 219 of 254, columns 44 to 87 of 288]
-9999.0 -9999.0 -9999.0 -9999.0 -9999.0 -9999.0 -9999.0 -9999.0 -9999.0 -9999.0 2.708754432146684 2.711367452558987 2.71398047297129 2.7165934933835927 2.719206513795896 2.721819534208199 2.7244325546205017 2.727045575032805 2.7296585954451076 2.7322716158574107 2.734884636269714 2.737497656682021 2.740110677094324 2.742723697506627 2.74533671791893 2.7479497383312332 2.750562758743536 2.753175779155839 2.753102848926996 2.750158576744011 2.7472143045610267 2.744270032378042 2.7413257601950574 2.7383814880120725 2.7354372158290827 2.7324929436460983 2.7295486714631134 2.726604399280129 2.723660127097144 2.7207158549141597 2.717771582731175 2.7148273105481904 2.7118830383652055 2.708938766182221
-9999.0 -9999.0 -9999.0 -9999.0 -9999.0 -9999.0 -9999.0 -9999.0 -9999.0 2.7003230765234423 2.7029572506651545 2.7055914248068667 2.7082255989485793 2.7108597730902915 2.7134939472320037 2.7161281213737163 2.7187622955154285 2.7213964696571407 2.7240306437988533 2.7266648179405655 2.7292989920822777 2.7319331662239947 2.734567340365707 2.737201514507419 2.7398356886491317 2.742469862790844 2.745104036932556 2.7477382110742687 2.7477216249128285 2.7448713160640774 2.7420210072153264 2.7391706983665753 2.7363203895178243 2.7334700806690733 2.730619771820317 2.727769462971566 2.724919154122815 2.722068845274064 2.7192185364253127 2.7163682275765613 2.7135179187278102 2.710667609879059 2.707817301030308 2.704966992181557
-9999.0 -9999.0 -9999.0 -9999.0 -9999.0 -9999.0 -9999.0 -9999.0 2.6918494134413815 2.6945047413125036 2.6971600691836253 2.699815397054747 2.7024707249258686 2.7051260527969903 2.707781380668112 2.7104367085392336 2.7130920364103552 2.715747364281477 2.7184026921525986 2.72105802002372 2.723713347894842 2.726368675765968 2.7290240036370896 2.7316793315082113 2.734334659379333 2.7369899872504546 2.7396453151215763 2.7423006429926984 2.7423404008986614 2.7395840553841437 2.7368277098696265 2.734071364355109 2.7313150188405912 2.7285586733260736 2.7258023278115515 2.723045982297034 2.7202896367825162 2.7175332912679986 2.714776945753481 2.7120206002389633 2.709264254724446 2.7065079092099285 2.703751563695411 2.700995218180893
-9999.0 -9999.0 -9999.0 -9999.0 -9999.0 -9999.0 -9999.0 -9999.0 -9999.0 2.688686406101565 2.6913628877020956 2.6940393693026268 2.696715850903158 2.6993923325036886 2.7020688141042197 2.704745295704751 2.7074217773052816 2.7100982589058127 2.712774740506344 2.715451222106875 2.7181277037074056 2.720804185307941 2.7234806669084723 2.7261571485090035 2.728833630109534 2.7315101117100653 2.7341865933105964 2.736863074911127 2.736959176884494 2.73429679470421 2.731634412523926 2.7289720303436416 2.7263096481633577 2.7236472659830735 2.7209848838027852 2.718322501622501 2.715660119442217 2.712997737261933 2.710335355081649 2.707672972901365 2.705010590721081 2.702348208540797 2.699685826360513 2.6970234441802288
-9999.0 -9999.0 -9999.0 -9999.0 -9999.0 -9999.0 -9999.0 -9999.0 -9999.0 -9999.0 2.685565706220564 2.6882633415505044 2.6909609768804446 2.693658612210385 2.6963562475403253 2.6990538828702655 2.701751518200206 2.7044491535301463 2.707146788860087 2.709844424190027 2.7125420595199676 2.7152396948499122 2.717937330179853 2.720634965509793 2.7233326008397336 2.7260302361696738 2.7287278714996144 2.7314255068295545 2.7315779528703246 2.729009534024274 2.7264411151782237 2.7238726963321733 2.7213042774861225 2.718735858640072 2.716167439794017 2.713599020947967 2.7110306021019164 2.708462183255866 2.7058937644098155 2.703325345563765 2.7007569267177147 2.6981885078716643 2.695620089025614 2.693051670179563
-9999.0 -9999.0 -9999.0 -9999.0 -9999.0 -9999.0 -9999.0 -9999.0 -9999.0 -9999.0 2.6797685247390346 2.6824873137983842 2.685206102857734 2.6879248919170835 2.690643680976433 2.693362470035783 2.696081259095133 2.6988000481544825 2.701518837213832 2.7042376262731818 2.7069564153325314 2.709675204391886 2.7123939934512356 2.715112782510585 2.7178315715699353 2.720550360629285 2.7232691496886345 2.725987938747984 2.7261967288561575 2.7237222733443405 2.7212478178325235 2.7187733623207064 2.71629890680889 2.713824451297073 2.711349995785252 2.708875540273435 2.706401084761618 2.7039266292498008 2.701452173737984 2.698977718226167 2.69650326271435 2.694028807202533 2.691554351690716 2.6890798961788995
-9999.0 -9999.0 -9999.0 -9999.0 -9999.0 -9999.0 -9999.0 -9999.0 -9999.0 -9999.0 -9999.0 -9999.0 2.679451228835023 2.6821911716237823 2.6849311144125414 2.6876710572013005 2.690410999990059 2.6931509427788183 2.6958908855675774 2.6986308283563365 2.7013707711450956 2.704110713933859 2.7068506567226183 2.7095905995113774 2.712330542300136 2.715070485088895 2.7178104278776543 2.7205503706664134 2.7208155048419895 2.7184350126644063 2.7160545204868227 2.7136740283092395 2.7112935361316564 2.7089130439540727 2.7065325517764856 2.704152059598902 2.7017715674213187 2.699391075243735 2.697010583066152 2.6946300908885688 2.692249598710985 2.689869106533402 2.6874886143558183 2.685108122178235
-9999.0 -9999.0 -9999.0 -9999.0 -9999.0 -9999.0 -9999.0 -9999.0 -9999.0 -9999.0 -9999.0 -9999.0 -9999.0 2.6764574513304784 2.679218547848647 2.681979644366815 2.6847407408849837 2.687501837403152 2.6902629339213204 2.693024030439489 2.695785126957657 2.69854622347583 2.7013073199939988 2.7040684165121673 2.7068295130303355 2.709590609548504 2.712351706066672 2.715112802584841 2.7154342808278202 2.7131477519844704 2.7108612231411207 2.708574694297771 2.706288165454421 2.7040016366110713 2.7017151077677175 2.6994285789243677 2.697142050081018 2.694855521237668 2.6925689923943184 2.6902824635509686 2.6879959347076188 2.685709405864269 2.683422877020919 2.6811363481775694
-9999.0 -9999.0 -9999.0 -9999.0 -9999.0 -9999.0 -9999.0 -9999.0 -9999.0 -9999.0 -9999.0 -9999.0 -9999.0 2.670791278375868 2.673489443319465 2.6761876082630622 2.6788857732066593 2.6815839381502564 2.684282103093853 2.68698026803745 2.6896784329810473 2.692376597924649 2.695074762868246 2.697772927811843 2.70047109275544 2.703169257699037 2.705867422642634 2.708565587586231 2.7089072685588036 2.7067298148955374 2.704552361232271 2.7023749075690047 2.7001974539057385 2.6980200002424723 2.695842546579202 2.693665092915936 2.69148763925267 2.6893101855894037 2.687132731926137 2.684955278262871 2.682777824599605 2.6806003709363386 2.6784229172730725 2.676245463609806
-9999.0 -9999.0 -9999.0 -9999.0 -9999.0 -9999.0 -9999.0 -9999.0 -9999.0 -9999.0 -9999.0 -9999.0 -9999.0 -9999.0 2.6677426607477392 2.6702880122265125 2.6728333637052852 2.6753787151840585 2.6779240666628312 2.6804694181416044 2.683014769620377 2.685560121099155 2.6881054725779276 2.6906508240567004 2.6931961755354736 2.6957415270142464 2.6982868784930196 2.7008322299717924 2.701155480861744 2.6991032559893102 2.6970510311168763 2.6949988062444423 2.6929465813720084 2.690894356499575 2.6888421316271374 2.6867899067547034 2.6847376818822695 2.6826854570098355 2.680633232137402 2.678581007264968 2.676528782392534 2.6744765575201 2.672424332647666 2.6703721077752327
-9999.0 -9999.0 -9999.0 -9999.0 -9999.0 -9999.0 -9999.0 -9999.0 -9999.0 -9999.0 -9999.0 -9999.0 -9999.0 -9999.0 -9999.0 2.6643884161899596 2.6667809542039085 2.6691734922178574 2.6715660302318063 2.673958568245755 2.676351106259704 2.6787436442736574 2.6811361822876063 2.683528720301555 2.685921258315504 2.688313796329453 2.690706334343402 2.693098872357351 2.693403693164681 2.6914766970830795 2.689549701001478 2.687622704919877 2.685695708838275 2.683768712756674 2.681841716675069 2.6799147205934677 2.6779877245118664 2.676060728430265 2.6741337323486634 2.672206736267062 2.6702797401854608 2.668352744103859 2.6664257480222577 2.6644987519406564
-9999.0 -9999.0 -9999.0 -9999.0 -9999.0 -9999.0 -9999.0 -9999.0 -9999.0 -9999.0 -9999.0 -9999.0 -9999.0 -9999.0 -9999.0 -9999.0 -9999.0 -9999.0 2.6652079938007844 2.6674477183499095 2.6696874428990345 2.671927167448163 2.674166891997288 2.6764066165464127 2.6786463410955377 2.6808860656446627 2.6831257901937873 2.6853655147429123 2.685651905467622 2.6838501381768527 2.6820483708860836 2.6802466035953145 2.6784448363045454 2.6766430690137764 2.674841301723004 2.673039534432235 2.671237767141466 2.669435999850697 2.667634232559928 2.6658324652691587 2.6640306979783897 2.6622289306876206 2.6604271633968515 2.6586253961060824
-9999.0 -9999.0 -9999.0 -9999.0 -9999.0 -9999.0 -9999.0 -9999.0 -9999.0 -9999.0 -9999.0 -9999.0 -9999.0 -9999.0 -9999.0 -9999.0 -9999.0 -9999.0 2.658849957369762 2.6609368684540633 2.663023779538364 2.6651106906226683 2.6671976017069694 2.66928451279127 2.671371423875571 2.673458334959872 2.6755452460441727 2.6776321571284734 2.6779001177705615 2.676223579270625 2.674547040770688 2.6728705022707517 2.671193963770815 2.6695174252708784 2.667840886770939 2.666164348271002 2.6644878097710656 2.6628112712711287 2.6611347327711923 2.6594581942712554 2.657781655771319 2.656105117271382 2.6544285787714457 2.652752040271509
-9999.0 -9999.0 -9999.0 -9999.0 -9999.0 -9999.0 -9999.0 -9999.0 -9999.0 -9999.0 -9999.0 -9999.0 -9999.0 -9999.0 -9999.0 -9999.0 -9999.0 -9999.0 -9999.0 -9999.0 2.656360116177691 2.6582942137971712 2.660228311416648 2.6621624090361244 2.6640965066556013 2.666030604275078 2.667964701894555 2.6698987995140318 2.6701483300734985 2.6685970203643943 2.66704571065529 2.665494400946186 2.6639430912370816 2.6623917815279774 2.6608404718188705 2.6592891621097663 2.657737852400662 2.656186542691558 2.6546352329824536 2.6530839232733494 2.651532613564245 2.649981303855141 2.6484299941460367 2.6468786844369325
-9999.0 -9999.0 -9999.0 -9999.0 -9999.0 -9999.0 -9999.0 -9999.0 -9999.0 -9999.0 -9999.0 -9999.0 -9999.0 -9999.0 -9999.0 -9999.0 -9999.0 -9999.0 -9999.0 -9999.0 -9999.0 -9999.0 2.6532590211263294 -9999.0 2.656821589435635 2.658602873590288 2.6603841577449407 2.6621654418995933 2.662396542376439 2.6609704614581675 2.6595443805398955 2.6581182996216235 2.656692218703352 2.65526613778508 2.6538400568668057 2.6524139759485337 2.650987895030262 2.64956181411199 2.6481357331937185 2.6467096522754465 2.6452835713571745 2.643857490438903 2.642431409520631 2.641005328602359
-9999.0 -9999.0 -9999.0 -9999.0 -9999.0 -9999.0 -9999.0 -9999.0 -9999.0 -9999.0 -9999.0 -9999.0 -9999.0 -9999.0 -9999.0 -9999.0 -9999.0 -9999.0 -9999.0 -9999.0 -9999.0 -9999.0 -9999.0 -9999.0 -9999.0 -9999.0 2.6528036135953257 2.6544320842851543 2.654644754679379 2.65334390255194 2.6520430504245005 2.650742198297061 2.6494413461696213 2.648140494042182 2.6468396419147404 2.645538789787301 2.6442379376598613 2.642937085532422 2.6416362334049825 2.640335381277543 2.6390345291501034 2.637733677022664 2.6364328248952247 2.6351319727677853
-9999.0 -9999.0 -9999.0 -9999.0 -9999.0 -9999.0 -9999.0 -9999.0 -9999.0 -9999.0 -9999.0 -9999.0 -9999.0 -9999.0 -9999.0 -9999.0 -9999.0 -9999.0 -9999.0 -9999.0 -9999.0 -9999.0 -9999.0 -9999.0 -9999.0 -9999.0 2.6452230694457115 2.6466987266707163 2.64689296698232 2.6457173436457126 2.6445417203091055 2.643366096972499 2.6421904736358917 2.6410148502992845 2.639839226962675 2.6386636036260684 2.6374879802894613 2.636312356952854 2.635136733616247 2.63396111027964 2.6327854869430327 2.6316098636064256 2.630434240269819 2.6292586169332117
-9999.0 -9999.0 -9999.0 -9999.0 -9999.0 -9999.0 -9999.0 -9999.0 -9999.0 -9999.0 -9999.0 -9999.0 -9999.0 -9999.0 -9999.0 -9999.0 -9999.0 -9999.0 -9999.0 -9999.0 -9999.0 -9999.0 -9999.0 -9999.0 -9999.0 -9999.0 -9999.0 2.638965369056274 2.639141179285257 2.6380907847394823 2.6370403901937074 2.635989995647933 2.6349396011021584 2.6338892065563835 2.632838812010607 2.6317884174648327 2.630738022919058 2.6296876283732833 2.628637233827509 2.627586839281734 2.6265364447359594 2.625486050190185 2.62443565564441 2.6233852610986355
-9999.0 -9999.0 -9999.0 -9999.0 -9999.0 -9999.0 -9999.0 -9999.0 -9999.0 -9999.0 -9999.0 -9999.0 -9999.0 -9999.0 -9999.0 -9999.0 -9999.0 -9999.0 -9999.0 -9999.0 -9999.0 -9999.0 -9999.0 -9999.0 -9999.0 -9999.0 -9999.0 -9999.0 2.631389391588197 2.6304642258332547 2.6295390600783124 2.62861389432337 2.627688728568428 2.6267635628134856 2.625838397058542 2.6249132313035997 2.6239880655486574 2.623062899793715 2.622137734038773 2.6212125682838305 2.6202874025288883 2.619362236773946 2.618437071019004 2.617511905264062
-9999.0 -9999.0 -9999.0 -9999.0 -9999.0 -9999.0 -9999.0 -9999.0 -9999.0 -9999.0 -9999.0 -9999.0 -9999.0 -9999.0 -9999.0 -9999.0 -9999.0 -9999.0 -9999.0 -9999.0 -9999.0 -9999.0 -9999.0 -9999.0 -9999.0 -9999.0 -9999.0 -9999.0 -9999.0 2.6228376669270275 2.622037729962918 2.6212377929988078 2.620437856034698 2.619637919070588 2.6188379821064767 2.618038045142367 2.617238108178257 2.6164381712141473 2.6156382342500373 2.6148382972859276 2.6140383603218176 2.6132384233577075 2.612438486393598 2.611638549429488
