Figures/CREST_Example_wjb_NSE/PETs/wjb.pet.20090604.asc
ncols            288
nrows            254
xllcorner        113.274861
yllcorner        31.4918055
cellsize         0.008333333333
NODATA_value     -9999
[rows 120 to 139 of 254, columns 176 to 219 of 288]
3.231594959145536 3.2332188274007043 3.234842695655872 3.2364665639110397 3.2380904321662074 3.239714300421375 3.241338168676546 3.2429620369317136 3.2445859051868813 3.2462097734420494 3.247833641697217 3.249457509952385 3.2510813782075525 3.25270524646272 3.2543291147178883 3.255952982973056 3.2573059441726384 3.2583692996000924 3.2594326550275463 3.260496010455002 3.261559365882456 3.26262272130991 3.263686076737364 3.264749432164818 3.265812787592272 3.2668761430197257 3.26793949844718 3.269002853874634 3.270066209302088 3.271129564729542 3.272192920156996 3.27325627558445 3.2743196310119056 3.2753829864393595 3.2764463418668135 3.2775096972942674 3.2785730527217214 3.2796364081491753 3.2806997635766293 3.2817631190040832 3.282826474431537 3.283889829858991 3.284953185286445 3.286016540713899
3.2252396136263473 3.2267809195509973 3.228322225475648 3.229863531400298 3.2314048373249484 3.2329461432495985 3.2344874491742517 3.2360287550989018 3.2375700610235523 3.2391113669482023 3.240652672872853 3.242193978797503 3.2437352847221534 3.2452765906468035 3.246817896571454 3.248359202496104 3.249652432864134 3.250680464849028 3.2517084968339223 3.252736528818818 3.253764560803712 3.254792592788606 3.2558206247735 3.256848656758394 3.257876688743288 3.2589047207281823 3.2599327527130764 3.2609607846979705 3.2619888166828646 3.2630168486677587 3.2640448806526523 3.2650729126375464 3.2661009446224423 3.2671289766073364 3.2681570085922305 3.2691850405771246 3.2702130725620187 3.2712411045469127 3.272269136531807 3.273297168516701 3.2743252005015946 3.2753532324864887 3.276381264471383 3.277409296456277
3.218884268107158 3.220343011701291 3.2218017552954237 3.223260498889556 3.224719242483689 3.226177986077822 3.227636729671957 3.22909547326609 3.230554216860223 3.2320129604543553 3.233471704048488 3.234930447642621 3.236389191236754 3.2378479348308864 3.2393066784250193 3.240765422019152 3.2419989215556293 3.2429916300979635 3.2439843386402973 3.2449770471826334 3.2459697557249676 3.246962464267302 3.2479551728096356 3.24894788135197 3.249940589894304 3.2509332984366384 3.2519260069789726 3.2529187155213064 3.2539114240636406 3.254904132605975 3.255896841148309 3.2568895496906434 3.257882258232979 3.258874966775313 3.2598676753176474 3.2608603838599817 3.2618530924023155 3.2628458009446497 3.263838509486984 3.264831218029318 3.265823926571652 3.2668166351139862 3.2678093436563205 3.2688020521986547
3.212528922587969 3.2139051038515842 3.2152812851151995 3.216657466378815 3.21803364764243 3.2194098289060453 3.220786010169663 3.222162191433278 3.2235383726968934 3.2249145539605086 3.226290735224124 3.227666916487739 3.2290430977513545 3.2304192790149697 3.231795460278585 3.2331716415422003 3.234345410247125 3.2353027953468994 3.2362601804466733 3.2372175655464495 3.2381749506462234 3.239132335745998 3.240089720845772 3.241047105945546 3.2420044910453205 3.242961876145095 3.243919261244869 3.2448766463446432 3.2458340314444176 3.2467914165441916 3.247748801643966 3.2487061867437403 3.249663571843516 3.2506209569432905 3.2515783420430644 3.252535727142839 3.253493112242613 3.2544504973423876 3.2554078824421615 3.256365267541936 3.2573226526417103 3.2582800377414842 3.2592374228412586 3.260194807941033
3.2061735770687747 3.2074671960018724 3.20876081493497 3.2100544338680677 3.2113480528011653 3.212641671734263 3.213935290667363 3.2152289096004605 3.216522528533558 3.217816147466656 3.219109766399754 3.2204033853328515 3.221697004265949 3.222990623199047 3.2242842421321445 3.225577861065242 3.226691898938614 3.227613960595828 3.2285360222530426 3.2294580839102585 3.2303801455674725 3.231302207224687 3.232224268881901 3.2331463305391157 3.23406839219633 3.2349904538535443 3.2359125155107584 3.236834577167973 3.237756638825187 3.2386787004824016 3.2396007621396157 3.24052282379683 3.241444885454046 3.24236694711126 3.2432890087684747 3.244211070425689 3.2451331320829033 3.2460551937401174 3.246977255397332 3.2478993170545465 3.2488213787117606 3.249743440368975 3.250665502026189 3.2515875636834037
3.1998182315495853 3.2010292881521654 3.2022403447547454 3.203451401357326 3.204662457959906 3.205873514562486 3.207084571165068 3.2082956277676487 3.2095066843702287 3.2107177409728087 3.211928797575389 3.213139854177969 3.2143509107805497 3.2155619673831297 3.2167730239857097 3.21798408058829 3.219038387630109 3.2199251258447634 3.2208118640594177 3.2216986022740737 3.2225853404887284 3.2234720787033826 3.224358816918037 3.2252455551326915 3.2261322933473457 3.2270190315620004 3.2279057697766547 3.228792507991309 3.2296792462059636 3.230565984420618 3.2314527226352725 3.2323394608499267 3.2332261990645828 3.234112937279237 3.2349996754938917 3.235886413708546 3.2367731519232006 3.237659890137855 3.238546628352509 3.2394333665671637 3.240320104781818 3.2412068429964727 3.242093581211127 3.242980319425781
3.193462886030396 3.194591380302459 3.1957198745745217 3.196848368846584 3.197976863118647 3.19910535739071 3.2002338516627744 3.201362345934837 3.2024908402068997 3.203619334478962 3.204747828751025 3.205876323023088 3.20700481729515 3.208133311567213 3.209261805839276 3.2103903001113383 3.211384876321605 3.2122362910936992 3.2130877058657936 3.21393912063789 3.214790535409984 3.2156419501820785 3.216493364954173 3.2173447797262678 3.218196194498362 3.2190476092704565 3.219899024042551 3.2207504388146457 3.22160185358674 3.2224532683588345 3.2233046831309293 3.2241560979030237 3.2250075126751194 3.2258589274472143 3.2267103422193086 3.227561756991403 3.2284131717634974 3.2292645865355922 3.2301160013076866 3.230967416079781 3.2318188308518754 3.23267024562397 3.2335216603960646 3.234373075168159
3.187107540511207 3.1881534724527523 3.1891994043942975 3.1902453363358423 3.1912912682773875 3.1923372002189327 3.1933831321604798 3.194429064102025 3.19547499604357 3.1965209279851154 3.1975668599266602 3.1986127918682055 3.1996587238097507 3.200704655751296 3.201750587692841 3.2027965196343864 3.2037313650131 3.2045474563426346 3.205363547672169 3.206179639001705 3.2069957303312395 3.2078118216607745 3.208627912990309 3.2094440043198436 3.210260095649378 3.2110761869789126 3.2118922783084476 3.212708369637982 3.2135244609675166 3.214340552297051 3.2151566436265857 3.2159727349561202 3.2167888262856565 3.217604917615191 3.2184210089447256 3.21923710027426 3.220053191603795 3.2208692829333296 3.221685374262864 3.2225014655923987 3.2233175569219332 3.2241336482514678 3.2249497395810027 3.2257658309105373
3.180752194992018 3.1817155646030457 3.1826789342140733 3.183642303825101 3.1846056734361285 3.185569043047156 3.1865324126581855 3.187495782269213 3.1884591518802408 3.189422521491269 3.1903858911022964 3.191349260713324 3.1923126303243516 3.1932759999353793 3.194239369546407 3.1952027391574345 3.1960778537045953 3.1968586215915704 3.197639389478545 3.198420157365521 3.1992009252524958 3.1999816931394705 3.200762461026445 3.20154322891342 3.2023239968003945 3.203104764687369 3.203885532574344 3.2046663004613185 3.205447068348293 3.206227836235268 3.2070086041222425 3.207789372009217 3.208570139896193 3.209350907783168 3.2101316756701426 3.2109124435571172 3.211693211444092 3.2124739793310666 3.2132547472180413 3.214035515105016 3.214816282991991 3.2155970508789657 3.2163778187659404 3.217158586652915
3.1743968494728287 3.1752776567533387 3.176158464033849 3.177039271314359 3.177920078594869 3.1788008858753796 3.179681693155891 3.1805625004364013 3.1814433077169113 3.1823241149974217 3.1832049222779317 3.1840857295584417 3.184966536838952 3.185847344119462 3.186728151399972 3.1876089586804826 3.1884243423960905 3.1891697868405053 3.18991523128492 3.1906606757293363 3.191406120173751 3.192151564618166 3.192897009062581 3.1936424535069956 3.1943878979514104 3.1951333423958252 3.19587878684024 3.196624231284655 3.1973696757290697 3.1981151201734845 3.1988605646178994 3.199606009062314 3.2003514535067303 3.201096897951145 3.20184234239556 3.202587786839975 3.2033332312843896 3.2040786757288044 3.204824120173219 3.2055695646176336 3.2063150090620485 3.2070604535064633 3.207805897950878 3.208551342395293
3.16804150395364 3.168839748903632 3.169637993853625 3.170436238803618 3.17123448375361 3.172032728703603 3.172830973653597 3.1736292186035895 3.1744274635535823 3.1752257085035747 3.1760239534535675 3.1768221984035603 3.1776204433535526 3.1784186883035455 3.1792169332535383 3.1800151782035306 3.180770831087586 3.181480952089441 3.182191073091296 3.1829011940931524 3.183611315095007 3.184321436096862 3.185031557098717 3.185741678100572 3.186451799102427 3.187161920104282 3.1878720411061363 3.1885821621079913 3.1892922831098462 3.190002404111701 3.190712525113556 3.191422646115411 3.192132767117267 3.192842888119122 3.193553009120977 3.194263130122832 3.1949732511246864 3.1956833721265414 3.1963934931283964 3.1971036141302513 3.1978137351321063 3.1985238561339613 3.199233977135816 3.199944098137671
3.161686158434445 3.16240184105392 3.163117523673395 3.1638332062928702 3.1645488889123454 3.16526457153182 3.1659802541512967 3.1666959367707714 3.1674116193902466 3.168127302009722 3.1688429846291966 3.1695586672486717 3.170274349868147 3.170990032487622 3.171705715107097 3.172421397726572 3.1731173197790747 3.17379211733837 3.174466914897665 3.175141712456961 3.175816510016256 3.1764913075755508 3.177166105134846 3.177840902694141 3.1785157002534357 3.1791904978127308 3.179865295372026 3.1805400929313206 3.1812148904906157 3.181889688049911 3.1825644856092055 3.1832392831685006 3.1839140807277966 3.1845888782870917 3.185263675846387 3.185938473405682 3.1866132709649766 3.1872880685242717 3.187962866083567 3.1886376636428615 3.1893124612021566 3.1899872587614517 3.1906620563207464 3.1913368538800415
3.155330812915256 3.1559639332042138 3.1565970534931713 3.157230173782129 3.1578632940710865 3.1584964143600436 3.1591295346490025 3.15976265493796 3.1603957752269176 3.161028895515875 3.1616620158048327 3.1622951360937903 3.162928256382748 3.1635613766717054 3.1641944969606626 3.16482761724962 3.1654638084705704 3.1661032825873057 3.1667427567040405 3.1673822308207766 3.168021704937512 3.1686611790542467 3.169300653170982 3.169940127287717 3.170579601404452 3.1712190755211873 3.171858549637922 3.1724980237546574 3.173137497871392 3.1737769719881275 3.1744164461048623 3.1750559202215975 3.1756953943383337 3.1763348684550685 3.1769743425718038 3.1776138166885386 3.178253290805274 3.178892764922009 3.179532239038744 3.180171713155479 3.180811187272214 3.1814506613889493 3.182090135505684 3.1827296096224194
3.148975467396067 3.1495260253545068 3.150076583312947 3.150627141271387 3.151177699229827 3.151728257188267 3.152278815146708 3.152829373105148 3.153379931063588 3.153930489022028 3.154481046980468 3.155031604938908 3.155582162897348 3.1561327208557883 3.1566832788142283 3.1572338367726682 3.1578102971620656 3.158414447836241 3.159018598510416 3.1596227491845923 3.1602268998587673 3.1608310505329427 3.1614352012071176 3.162039351881293 3.162643502555468 3.1632476532296434 3.1638518039038184 3.164455954577994 3.1650601052521687 3.165664255926344 3.166268406600519 3.1668725572746945 3.1674767079488704 3.168080858623046 3.1686850092972207 3.169289159971396 3.169893310645571 3.1704974613197465 3.1711016119939215 3.171705762668097 3.172309913342272 3.1729140640164473 3.1735182146906222 3.1741223653647976
3.142620121876878 3.1430881175048 3.143556113132723 3.1440241087606453 3.1444921043885676 3.1449601000164904 3.1454280956444136 3.1458960912723364 3.1463640869002587 3.1468320825281815 3.147300078156104 3.1477680737840266 3.148236069411949 3.1487040650398717 3.149172060667794 3.1496400562957163 3.1501567858535613 3.1507256130851764 3.151294440316792 3.151863267548408 3.1524320947800235 3.1530009220116386 3.1535697492432537 3.1541385764748693 3.1547074037064844 3.1552762309380995 3.155845058169715 3.15641388540133 3.1569827126329453 3.157551539864561 3.158120367096176 3.158689194327791 3.1592580215594075 3.1598268487910226 3.1603956760226377 3.1609645032542533 3.1615333304858684 3.1621021577174835 3.162670984949099 3.163239812180714 3.1638086394123293 3.164377466643945 3.16494629387556 3.165515121107175
3.1362647763576885 3.1366502096550937 3.1370356429524984 3.1374210762499035 3.1378065095473087 3.138191942844714 3.1385773761421194 3.138962809439524 3.1393482427369293 3.1397336760343344 3.1401191093317395 3.1405045426291442 3.1408899759265494 3.1412754092239545 3.1416608425213592 3.1420462758187644 3.1425032745450565 3.1430367783341118 3.143570282123167 3.1441037859122236 3.144637289701279 3.145170793490334 3.1457042972793894 3.146237801068445 3.1467713048575003 3.1473048086465556 3.147838312435611 3.1483718162246666 3.148905320013722 3.149438823802777 3.1499723275918323 3.1505058313808876 3.151039335169944 3.1515728389589994 3.1521063427480547 3.15263984653711 3.1531733503261656 3.153706854115221 3.154240357904276 3.1547738616933314 3.1553073654823867 3.1558408692714424 3.1563743730604976 3.156907876849553
3.1299094308384996 3.130212301805387 3.1305151727722746 3.130818043739162 3.1311209147060497 3.131423785672937 3.131726656639825 3.1320295276067127 3.1323323985736002 3.1326352695404878 3.1329381405073753 3.133241011474263 3.1335438824411503 3.133846753408038 3.1341496243749254 3.134452495341813 3.134849763236552 3.1353479435830476 3.135846123929543 3.1363443042760393 3.1368424846225347 3.13734066496903 3.137838845315526 3.1383370256620213 3.1388352060085167 3.139333386355012 3.1398315667015075 3.140329747048003 3.1408279273944983 3.1413261077409937 3.141824288087489 3.142322468433985 3.1428206487804813 3.1433188291269767 3.143817009473472 3.1443151898199675 3.144813370166463 3.1453115505129583 3.1458097308594537 3.146307911205949 3.146806091552445 3.1473042718989404 3.1478024522454358 3.148300632591931
3.123554085319305 3.1237743939556752 3.123994702592045 3.124215011228415 3.124435319864785 3.124655628501155 3.124875937137525 3.125096245773895 3.125316554410265 3.125536863046635 3.125757171683005 3.1259774803193747 3.1261977889557446 3.1264180975921145 3.1266384062284844 3.1268587148648543 3.127196251928041 3.1276591088319767 3.1281219657359123 3.1285848226398483 3.129047679543784 3.1295105364477194 3.129973393351655 3.1304362502555905 3.130899107159526 3.1313619640634616 3.131824820967397 3.1322876778713327 3.132750534775268 3.1332133916792038 3.1336762485831393 3.134139105487075 3.134601962391011 3.1350648192949464 3.135527676198882 3.1359905331028175 3.136453390006753 3.1369162469106886 3.137379103814624 3.1378419607185597 3.1383048176224952 3.138767674526431 3.1392305314303663 3.139693388334302
3.117198739800116 3.1173364861059683 3.1174742324118205 3.1176119787176733 3.1177497250235255 3.117887471329378 3.1180252176352306 3.118162963941083 3.1183007102469356 3.118438456552788 3.11857620285864 3.118713949164493 3.118851695470345 3.1189894417761974 3.1191271880820497 3.1192649343879024 3.1195427406195364 3.119970274080912 3.1203978075422873 3.120825341003664 3.1212528744650396 3.1216804079264153 3.1221079413877906 3.1225354748491663 3.122963008310542 3.1233905417719177 3.1238180752332934 3.124245608694669 3.1246731421560443 3.12510067561742 3.1255282090787957 3.1259557425401714 3.1263832760015475 3.1268108094629232 3.127238342924299 3.1276658763856746 3.1280934098470503 3.128520943308426 3.1289484767698013 3.129376010231177 3.1298035436925526 3.1302310771539283 3.130658610615304 3.1310861440766797
3.1108433942809266 3.1108985782562617 3.1109537622315964 3.1110089462069315 3.1110641301822666 3.1111193141576012 3.1111744981329363 3.1112296821082714 3.111284866083606 3.111340050058941 3.111395234034276 3.111450418009611 3.111505601984946 3.1115607859602807 3.111615969935616 3.1116711539109505 3.111889229311032 3.1122814393298475 3.1126736493486633 3.1130658593674796 3.1134580693862954 3.1138502794051113 3.1142424894239267 3.1146346994427425 3.1150269094615584 3.1154191194803738 3.1158113294991896 3.1162035395180054 3.1165957495368213 3.1169879595556367 3.1173801695744525 3.1177723795932684 3.1181645896120846 3.1185567996309005 3.118949009649716 3.1193412196685317 3.1197334296873476 3.120125639706163 3.120517849724979 3.1209100597437947 3.12130226976261 3.121694479781426 3.1220866898002417 3.122478899819057
