Figures/CREST_Example_wjb_NSE/PETs/wjb.pet.20091115.asc
ncols            288
nrows            254
xllcorner        113.274861
yllcorner        31.4918055
cellsize         0.008333333333
NODATA_value     -9999
[rows 95 to 113 of 254, columns 176 to 219 of 288]
0.4283866502990659 0.42907708401109834 0.4297675177231307 0.43045795143516313 0.4311483851471955 0.4318388188592279 0.43252925257126146 0.4332196862832939 0.43391011999532625 0.43460055370735867 0.43529098741939104 0.43598142113142346 0.43667185484345583 0.43736228855548825 0.4380527222675206 0.43874315597955305 0.4414571205727651 0.4463342854635983 0.45121145035443155 0.4560886152452731 0.46096578013610634 0.46584294502693957 0.47072010991777274 0.475597274808606 0.4804744396994392 0.48535160459027243 0.49022876948110566 0.4951059343719389 0.4999830992627721 0.5048602641536053 0.5097374290444385 0.5146145939352718 0.5194917588261133 0.5243689237169465 0.5292460886077798 0.534123253498613 0.5390004183894462 0.5438775832802795 0.5487547481711127 0.5536319130619459 0.5585090779527792 0.5633862428436124 0.5682634077344456 0.5731405726252788
0.4319360192614641 0.432540989456318 0.4331459596511719 0.43375092984602587 0.43435590004087976 0.4349608702357337 0.43556584043058866 0.4361708106254426 0.4367757808202965 0.43738075101515045 0.43798572121000434 0.4385906914048583 0.4391956615997122 0.43980063179456613 0.44040560198942 0.441010572184274 0.4436575421744071 0.4484874561492228 0.45331737012403844 0.45814728409886235 0.462977198073678 0.4678071120484937 0.4726370260233093 0.47746693999812495 0.48229685397294064 0.4871267679477563 0.4919566819225719 0.4967865958973876 0.5016165098722033 0.5064464238470189 0.5112763378218346 0.5161062517966503 0.5209361657714742 0.5257660797462897 0.5305959937211054 0.5354259076959211 0.5402558216707367 0.5450857356455524 0.5499156496203681 0.5547455635951838 0.5595754775699994 0.5644053915448151 0.5692353055196308 0.5740652194944464
0.4354853882238622 0.43600489490153765 0.43652440157921313 0.43704390825688855 0.437563414934564 0.43808292161223944 0.4386024282899158 0.4391219349675912 0.4396414416452667 0.4401609483229421 0.4406804550006176 0.44119996167829306 0.4417194683559685 0.44223897503364396 0.4427584817113194 0.44327798838899485 0.4458579637760491 0.4506406268348472 0.4554232898936453 0.46020595295245154 0.46498861601124963 0.4697712790700477 0.4745539421288458 0.47933660518764387 0.48411926824644197 0.48890193130524007 0.4936845943640381 0.4984672574228362 0.5032499204816343 0.5080325835404325 0.5128152465992305 0.5175979096580285 0.5223805727168348 0.527163235775633 0.531945898834431 0.5367285618932292 0.5415112249520272 0.5462938880108252 0.5510765510696234 0.5558592141284214 0.5606418771872196 0.5654245402460176 0.5702072033048158 0.5749898663636138
0.4390347571862634 0.4394688003467603 0.43990284350725717 0.44033688666775406 0.44077092982825095 0.4412049729887479 0.4416390161492455 0.44207305930974244 0.44250710247023933 0.4429411456307362 0.4433751887912331 0.44380923195173005 0.44424327511222694 0.44467731827272383 0.4451113614332207 0.4455454045937176 0.44805838537769294 0.45279379752047344 0.4575292096632539 0.46226462180604244 0.46700003394882295 0.47173544609160345 0.4764708582343839 0.4812062703771644 0.48594168251994485 0.49067709466272535 0.49541250680550586 0.5001479189482864 0.5048833310910668 0.5096187432338473 0.5143541553766278 0.5190895675194083 0.5238249796621968 0.5285603918049773 0.5332958039477578 0.5380312160905383 0.5427666282333188 0.5475020403760992 0.5522374525188797 0.5569728646616602 0.5617082768044407 0.5664436889472211 0.5711791010900016 0.5759145132327821
0.4425841261486615 0.44293270579197996 0.4432812854352984 0.4436298650786168 0.44397844472193526 0.4443270243652537 0.4446756040085727 0.4450241836518911 0.44537276329520953 0.445721342938528 0.4460699225818464 0.4464185022251648 0.4467670818684833 0.4471156615118017 0.4474642411551201 0.44781282079843854 0.45025880697933496 0.45494696820609787 0.4596351294328608 0.4643232906596317 0.4690114518863946 0.47369961311315756 0.47838777433992047 0.4830759355666834 0.4877640967934463 0.4924522580202092 0.4971404192469721 0.501828580473735 0.5065167417004979 0.5112049029272608 0.5158930641540238 0.5205812253807867 0.5252693866075576 0.5299575478343205 0.5346457090610834 0.5393338702878463 0.5440220315146093 0.5487101927413721 0.5533983539681351 0.5580865151948979 0.5627746764216609 0.5674628376484238 0.5721509988751867 0.5768391601019496
0.44613349511105965 0.4463966112371996 0.44665972736333953 0.4469228434894795 0.44718595961561947 0.4474490757417594 0.44771219186789984 0.4479753079940398 0.4482384241201797 0.4485015402463197 0.44876465637245966 0.4490277724985996 0.4492908886247396 0.44955400475087953 0.44981712087701947 0.4500802370031594 0.4524592285809769 0.4571001388917223 0.4617410492024676 0.46638195951322087 0.47102286982396624 0.47566378013471156 0.4803046904454569 0.48494560075620224 0.4895865110669476 0.49422742137769293 0.4988683316884383 0.5035092419991837 0.508150152309929 0.5127910626206743 0.5174319729314196 0.522072883242165 0.5267137935529183 0.5313547038636636 0.535995614174409 0.5406365244851543 0.5452774347958996 0.549918345106645 0.5545592554173904 0.5592001657281357 0.563841076038881 0.5684819863496263 0.5731228966603716 0.5777638069711171
0.4496828640734578 0.4498605166824193 0.45003816929138074 0.4502158219003422 0.4503934745093037 0.4505711271182652 0.450748779727227 0.45092643233618845 0.4511040849451499 0.45128173755411144 0.4514593901630729 0.45163704277203437 0.4518146953809959 0.45199234798995735 0.4521700005989188 0.4523476532078803 0.45465965018261895 0.4592533095773467 0.4638469689720745 0.4684406283668101 0.4730342877615379 0.47762794715626566 0.48222160655099344 0.4868152659457212 0.491408925340449 0.4960025847351768 0.5005962441299046 0.5051899035246323 0.5097835629193601 0.5143772223140879 0.5189708817088157 0.5235645411035434 0.528158200498279 0.5327518598930068 0.5373455192877346 0.5419391786824623 0.5465328380771901 0.5511264974719179 0.5557201568666457 0.5603138162613734 0.5649074756561012 0.569501135050829 0.5740947944455568 0.5786884538402846
0.4532322330358559 0.4533244221276389 0.4534166112194219 0.45350880031120494 0.45360098940298793 0.4536931784947709 0.45378536758655413 0.4538775566783371 0.4539697457701201 0.45406193486190316 0.45415412395368615 0.45424631304546914 0.45433850213725213 0.4544306912290352 0.45452288032081817 0.45461506941260116 0.4568600717842609 0.4614064802629711 0.46595288874168134 0.4704992972203993 0.4750457056991095 0.47959211417781966 0.4841385226565299 0.4886849311352401 0.4932313396139503 0.4977777480926605 0.5023241565713708 0.5068705650500809 0.5114169735287911 0.5159633820075014 0.5205097904862115 0.5250561989649217 0.5296026074436397 0.5341490159223499 0.5386954244010601 0.5432418328797703 0.5477882413584806 0.5523346498371907 0.556881058315901 0.5614274667946112 0.5659738752733213 0.5705202837520316 0.5750666922307418 0.579613100709452
0.456781601998254 0.4567883275728586 0.4567950531474631 0.4568017787220676 0.4568085042966722 0.4568152298712767 0.4568219554458812 0.4568286810204858 0.4568354065950903 0.4568421321696948 0.4568488577442994 0.4568555833189039 0.45686230889350843 0.456869034468113 0.4568757600427175 0.45688248561732203 0.4590604933859029 0.4635596509485955 0.46805880851128817 0.4725579660739885 0.4770571236366811 0.48155628119937377 0.4860554387620664 0.49055459632475906 0.49505375388745165 0.4995529114501443 0.504052069012837 0.5085512265755296 0.5130503841382222 0.5175495417009148 0.5220486992636075 0.5265478568263001 0.5310470143890005 0.5355461719516931 0.5400453295143858 0.5445444870770784 0.5490436446397711 0.5535428022024637 0.5580419597651562 0.562541117327849 0.5670402748905417 0.5715394324532342 0.5760385900159268 0.5805377475786195
0.4603309709606522 0.4602522330180782 0.4601734950755043 0.46009475713293035 0.46001601919035645 0.4599372812477825 0.4598585433052084 0.45977980536263446 0.45970106742006056 0.4596223294774866 0.45954359153491264 0.45946485359233874 0.4593861156497648 0.4593073777071909 0.4592286397646169 0.45914990182204296 0.4612609149875449 0.46571282163422 0.47016472828089506 0.4746166349275777 0.47906854157425277 0.4835204482209279 0.48797235486760293 0.492424261514278 0.4968761681609531 0.5013280748076282 0.5057799814543033 0.5102318881009783 0.5146837947476534 0.5191357013943284 0.5235876080410036 0.5280395146876786 0.5324914213343612 0.5369433279810363 0.5413952346277113 0.5458471412743865 0.5502990479210615 0.5547509545677366 0.5592028612144117 0.5636547678610867 0.5681066745077619 0.5725585811544369 0.577010487801112 0.581462394447787
0.46388033992305333 0.46371613846330084 0.46355193700354835 0.46338773554379586 0.4632235340840434 0.4630593326242909 0.4628951311645381 0.4627309297047857 0.4625667282450332 0.4624025267852807 0.4622383253255282 0.46207412386577573 0.46190992240602324 0.46174572094627075 0.46158151948651827 0.4614173180267658 0.46346133658918875 0.4678659923198462 0.47227064805050367 0.4766753037811686 0.48107995951182614 0.48548461524248354 0.48988927097314106 0.4942939267037985 0.498698582434456 0.5031032381651134 0.5075078938957709 0.5119125496264283 0.5163172053570858 0.5207218610877432 0.5251265168184007 0.5295311725490581 0.5339358282797232 0.5383404840103806 0.5427451397410381 0.5471497954716955 0.551554451202353 0.5559591069330104 0.5603637626636679 0.5647684183943253 0.5691730741249829 0.5735777298556403 0.5779823855862978 0.5823870413169552
0.46742970888545143 0.46718004390852047 0.46693037893158956 0.4666807139546586 0.46643104897772764 0.4661813840007967 0.46593171902386527 0.4656820540469343 0.46543238907000334 0.46518272409307243 0.46493305911614147 0.4646833941392105 0.46443372916227954 0.4641840641853486 0.4639343992084176 0.46368473423148665 0.4656617581908307 0.47001916300547064 0.4743765678201105 0.47873397263475787 0.48309137744939773 0.48744878226403765 0.4918061870786775 0.49616359189331743 0.5005209967079574 0.5048784015225972 0.5092358063372371 0.5135932111518771 0.5179506159665169 0.5223080207811568 0.5266654255957967 0.5310228304104366 0.5353802352250839 0.5397376400397238 0.5440950448543637 0.5484524496690036 0.5528098544836435 0.5571672592982834 0.5615246641129232 0.5658820689275632 0.5702394737422031 0.5745968785568429 0.5789542833714829 0.5833116881861228
0.4709790778478496 0.47064394935374015 0.4703088208596307 0.46997369236552133 0.4696385638714119 0.46930343537730246 0.46896830688319247 0.468633178389083 0.4682980498949736 0.46796292140086415 0.4676277929067547 0.4672926644126453 0.4669575359185359 0.46662240742442646 0.466287278930317 0.4659521504362076 0.46786217979247274 0.47217233369109507 0.4764824875897174 0.4807926414883471 0.48510279538696943 0.48941294928559176 0.4937231031842141 0.4980332570828364 0.5023434109814587 0.5066535648800811 0.5109637187787034 0.5152738726773257 0.519584026575948 0.5238941804745704 0.5282043343731927 0.532514488271815 0.5368246421704447 0.541134796069067 0.5454449499676893 0.5497551038663117 0.554065257764934 0.5583754116635563 0.5626855655621786 0.566995719460801 0.5713058733594233 0.5756160272580456 0.5799261811566679 0.5842363350552903
0.47452844681024775 0.47410785479895984 0.4736872627876719 0.473266670776384 0.4728460787650961 0.4724254867538082 0.4720048947425196 0.4715843027312317 0.4711637107199438 0.47074311870865587 0.47032252669736796 0.46990193468608005 0.4694813426747922 0.4690607506635043 0.46864015865221637 0.46821956664092845 0.47006260139411477 0.4743255043767195 0.47858840735932423 0.4828513103419363 0.487114213324541 0.4913771163071458 0.49564001928975054 0.49990292227235533 0.50416582525496 0.5084287282375648 0.5126916312201696 0.5169545342027744 0.521217437185379 0.5254803401679838 0.5297432431505886 0.5340061461331933 0.5382690491158054 0.5425319520984101 0.5467948550810149 0.5510577580636197 0.5553206610462245 0.5595835640288291 0.5638464670114339 0.5681093699940387 0.5723722729766434 0.5766351759592482 0.580898078941853 0.5851609819244576
0.47807781577264585 0.47757176024417947 0.4770657047157131 0.4765596491872467 0.47605359365878036 0.475547538130314 0.4750414826018467 0.47453542707338037 0.474029371544914 0.4735233160164476 0.4730172604879812 0.4725112049595148 0.47200514943104843 0.4714990939025821 0.4709930383741157 0.4704869828456493 0.47226302299575673 0.4764786750623439 0.4806943271289311 0.4849099791955255 0.48912563126211267 0.49334128332869986 0.49755693539528706 0.5017725874618743 0.5059882395284614 0.5102038915950486 0.5144195436616358 0.518635195728223 0.5228508477948102 0.5270664998613974 0.5312821519279846 0.5354978039945717 0.5397134560611662 0.5439291081277533 0.5481447601943406 0.5523604122609277 0.5565760643275148 0.5607917163941021 0.5650073684606893 0.5692230205272765 0.5734386725938636 0.5776543246604509 0.581869976727038 0.5860856287936252
0.48162718473504396 0.4810356656893991 0.4804441466437543 0.4798526275981094 0.47926110855246457 0.4786695895068197 0.47807807046117384 0.477486551415529 0.4768950323698842 0.4763035133242393 0.47571199427859445 0.4751204752329496 0.47452895618730473 0.4739374371416599 0.47334591809601506 0.4727543990503702 0.4744634445973987 0.4786318457479683 0.48280024689853795 0.48696864804911466 0.49113704919968426 0.4953054503502539 0.4994738515008235 0.5036422526513932 0.5078106538019628 0.5119790549525324 0.516147456103102 0.5203158572536716 0.5244842584042413 0.5286526595548109 0.5328210607053805 0.5369894618559501 0.5411578630065268 0.5453262641570964 0.5494946653076661 0.5536630664582357 0.5578314676088053 0.5619998687593749 0.5661682699099445 0.5703366710605142 0.5745050722110838 0.5786734733616534 0.582841874512223 0.5870102756627926
0.48517655369744517 0.4844995711346218 0.4838225885717984 0.48314560600897494 0.48246862344615155 0.48179164088332815 0.4811146583205036 0.4804376757576802 0.4797606931948568 0.4790837106320334 0.47840672806921003 0.47772974550638664 0.47705276294356325 0.47637578038073985 0.47569879781791646 0.47502181525509307 0.4766638661990426 0.4807850164335946 0.4849061666681466 0.4890273169027057 0.4931484671372577 0.4972696173718097 0.5013907676063617 0.5055119178409136 0.5096330680754657 0.5137542183100177 0.5178753685445697 0.5219965187791218 0.5261176690136737 0.5302388192482258 0.5343599694827778 0.5384811197173298 0.5426022699518889 0.5467234201864408 0.5508445704209929 0.5549657206555448 0.5590868708900969 0.5632080211246488 0.5673291713592009 0.5714503215937529 0.5755714718283049 0.5796926220628569 0.5838137722974089 0.5879349225319609
0.48872592265984327 0.4879634765798414 0.48720103049983954 0.48643858441983767 0.4856761383398358 0.48491369225983394 0.48415124617983074 0.4833888000998289 0.482626354019827 0.48186390793982514 0.4811014618598233 0.4803390157798214 0.47957656969981954 0.4788141236198177 0.4780516775398158 0.47728923145981395 0.4788642878006846 0.482938187119219 0.48701208643775346 0.49108598575629486 0.4951598850748293 0.49923378439336374 0.5033076837118982 0.5073815830304327 0.5114554823489671 0.5155293816675015 0.5196032809860359 0.5236771803045704 0.5277510796231049 0.5318249789416393 0.5358988782601737 0.5399727775787082 0.5440466768972496 0.548120576215784 0.5521944755343184 0.556268374852853 0.5603422741713874 0.5644161734899218 0.5684900728084562 0.5725639721269907 0.5766378714455251 0.5807117707640596 0.584785670082594 0.5888595694011285
0.4922752916222414 0.49142738202506103 0.4905794724278807 0.48973156283070035 0.48888365323352 0.48803574363633967 0.4871878340391579 0.48633992444197754 0.4854920148447972 0.48464410524761686 0.4837961956504365 0.4829482860532562 0.48210037645607584 0.4812524668588955 0.48040455726171516 0.4795566476645348 0.48106470940232654 0.4850913578048434 0.4891180062073603 0.49314465460988405 0.4971713030124009 0.5011979514149177 0.5052245998174346 0.5092512482199515 0.5132778966224684 0.5173045450249852 0.5213311934275021 0.525357841830019 0.5293844902325359 0.5334111386350527 0.5374377870375696 0.5414644354400865 0.5454910838426102 0.5495177322451271 0.553544380647644 0.5575710290501609 0.5615976774526777 0.5656243258551946 0.5696509742577115 0.5736776226602284 0.5777042710627452 0.5817309194652621 0.585757567867779 0.5897842162702959
