Figures/CREST_Example_wjb_NSE/PETs/wjb.pet.20100719.asc
ncols            288
nrows            254
xllcorner        113.274861
yllcorner        31.4918055
cellsize         0.008333333333
NODATA_value     -9999
[rows 140 to 159 of 254, columns 44 to 87 of 288]
1.6375458825934368 1.6419774849323483 1.64640908727126 1.6508406896101715 1.655272291949083 1.6597038942879945 1.664135496626906 1.6685670989658177 1.6729987013047367 1.6774303036436482 1.6818619059825597 1.6862935083214714 1.690725110660383 1.6951567129992944 1.6995883153382059 1.7040199176771174 1.708451520016029 1.7128831223549406 1.717314724693852 1.7217463270327635 1.726177929371675 1.7306095317105943 1.7350411340495058 1.7394727363884173 1.7439043387273288 1.7483359410662405 1.752767543405152 1.7571991457440634 1.7621668498949423 1.767707659001963 1.7732484681089833 1.7787892772160039 1.7843300863230245 1.789870895430045 1.795411704537075 1.8009525136440956 1.8064933227511162 1.8120341318581368 1.8175749409651571 1.8231157500721777 1.8286565591791983 1.834197368286219 1.8397381773932395 1.84527898650026
1.639048163916897 1.6436688556327363 1.6482895473485755 1.6529102390644148 1.6575309307802542 1.6621516224960933 1.6667723142119326 1.671393005927772 1.676013697643619 1.6806343893594582 1.6852550810752975 1.6898757727911369 1.694496464506976 1.6991171562228153 1.7037378479386547 1.7083585396544938 1.7129792313703331 1.7175999230861725 1.7222206148020116 1.726841306517851 1.7314619982336903 1.7360826899495374 1.7407033816653765 1.7453240733812159 1.7499447650970552 1.7545654568128943 1.7591861485287337 1.7638068402445728 1.7688949430844076 1.7744827189821164 1.7800704948798252 1.785658270777534 1.7912460466752427 1.7968338225729514 1.8024215984706697 1.8080093743683785 1.8135971502660873 1.819184926163796 1.8247727020615048 1.8303604779592137 1.8359482538569225 1.8415360297546313 1.84712380565234 1.8527115815500488
1.6405504452403572 1.6453602263331242 1.6501700074258911 1.6549797885186581 1.659789569611425 1.6645993507041923 1.6694091317969593 1.6742189128897262 1.6790286939825014 1.6838384750752684 1.6886482561680354 1.6934580372608024 1.6982678183535693 1.7030775994463363 1.7078873805391033 1.7126971616318702 1.7175069427246372 1.7223167238174042 1.7271265049101712 1.7319362860029381 1.7367460670957051 1.7415558481884803 1.7463656292812475 1.7511754103740145 1.7559851914667814 1.7607949725595484 1.7656047536523154 1.7704145347450824 1.7756230362738727 1.7812577789622699 1.7868925216506668 1.792527264339064 1.7981620070274609 1.8037967497158578 1.8094314924042645 1.8150662350926616 1.8207009777810585 1.8263357204694555 1.8319704631578526 1.8376052058462495 1.8432399485346467 1.8488746912230436 1.8545094339114405 1.8601441765998377
1.6420527265638172 1.647051597033512 1.6520504675032066 1.6570493379729014 1.662048208442596 1.6670470789122909 1.6720459493819855 1.6770448198516803 1.6820436903213836 1.6870425607910782 1.692041431260773 1.6970403017304676 1.7020391722001624 1.7070380426698573 1.7120369131395519 1.7170357836092467 1.7220346540789413 1.7270335245486361 1.7320323950183307 1.7370312654880256 1.7420301359577202 1.7470290064274234 1.7520278768971183 1.7570267473668129 1.7620256178365077 1.7670244883062023 1.7720233587758971 1.7770222292455917 1.782351129463338 1.7880328389424234 1.7937145484215087 1.7993962579005938 1.805077967379679 1.8107596768587644 1.8164413863378592 1.8221230958169445 1.8278048052960298 1.833486514775115 1.8391682242542002 1.8448499337332855 1.8505316432123706 1.856213352691456 1.8618950621705412 1.8675767716496265
1.6435550078872787 1.6487429677339014 1.653930927580524 1.6591188874271465 1.6643068472737692 1.6694948071203919 1.6746827669670143 1.679870726813637 1.6850586866602684 1.690246646506891 1.6954346063535137 1.7006225662001362 1.7058105260467589 1.7109984858933815 1.7161864457400042 1.7213744055866267 1.7265623654332494 1.731750325279872 1.7369382851264945 1.7421262449731172 1.7473142048197399 1.7525021646663712 1.757690124512994 1.7628780843596163 1.768066044206239 1.7732540040528617 1.7784419638994844 1.7836299237461068 1.7890792226528092 1.7948078989225826 1.8005365751923563 1.8062652514621298 1.8119939277319033 1.8177226040016767 1.82345128027146 1.8291799565412337 1.8349086328110071 1.8406373090807806 1.846365985350554 1.8520946616203275 1.8578233378901012 1.8635520141598747 1.8692806904296482 1.8750093666994216
1.6450572892107387 1.650434338434289 1.6558113876578395 1.6611884368813898 1.6665654861049402 1.6719425353284905 1.6773195845520408 1.682696633775591 1.6880736829991507 1.693450732222701 1.6988277814462514 1.7042048306698017 1.709581879893352 1.7149589291169023 1.7203359783404528 1.7257130275640031 1.7310900767875534 1.7364671260111038 1.741844175234654 1.7472212244582044 1.7525982736817547 1.7579753229053143 1.7633523721288646 1.768729421352415 1.7741064705759653 1.7794835197995156 1.7848605690230661 1.7902376182466164 1.7958073158422745 1.8015829589027363 1.807358601963198 1.8131342450236598 1.8189098880841215 1.824685531144583 1.8304611742050547 1.8362368172655166 1.8420124603259782 1.84778810338644 1.8535637464469017 1.8593393895073635 1.8651150325678252 1.870890675628287 1.8766663186887487 1.8824419617492105
1.6465595705341989 1.652125709134677 1.657691847735155 1.6632579863356332 1.6688241249361113 1.6743902635365893 1.6799564021370674 1.6855225407375454 1.691088679338033 1.696654817938511 1.7022209565389892 1.7077870951394671 1.7133532337399453 1.7189193723404232 1.7244855109409014 1.7300516495413794 1.7356177881418575 1.7411839267423357 1.7467500653428136 1.7523162039432918 1.7578823425437697 1.7634484811442575 1.7690146197447354 1.7745807583452136 1.7801468969456915 1.7857130355461697 1.7912791741466476 1.7968453127471258 1.8025354090317398 1.8083580188828898 1.8141806287340398 1.8200032385851896 1.8258258484363397 1.8316484582874897 1.8374710681386495 1.8432936779897995 1.8491162878409495 1.8549388976920995 1.8607615075432493 1.8665841173943993 1.8724067272455494 1.8782293370966994 1.8840519469478494 1.8898745567989992
1.6480618518576589 1.6538170798350649 1.6595723078124707 1.6653275357898765 1.6710827637672823 1.676837991744688 1.6825932197220939 1.6883484476994997 1.6941036756769152 1.699858903654321 1.7056141316317268 1.7113693596091326 1.7171245875865384 1.7228798155639442 1.7286350435413502 1.734390271518756 1.7401454994961618 1.7459007274735676 1.7516559554509734 1.7574111834283792 1.763166411405785 1.7689216393832006 1.7746768673606064 1.7804320953380122 1.786187323315418 1.7919425512928238 1.7976977792702296 1.8034530072476354 1.8092635022212054 1.8151330788630435 1.8210026555048817 1.82687223214672 1.832741808788558 1.8386113854303963 1.8444809620722444 1.8503505387140826 1.8562201153559208 1.862089691997759 1.8679592686395972 1.8738288452814356 1.8796984219232737 1.885567998565112 1.89143757520695 1.8973071518487883
1.6558290374235554 1.6615986338314568 1.6673682302393582 1.6731378266472596 1.678907423055161 1.6846770194630625 1.690446615870964 1.6962162122788653 1.7019858086867767 1.7077554050946782 1.7135250015025796 1.719294597910481 1.7250641943183824 1.7308337907262838 1.7366033871341853 1.7423729835420867 1.7481425799499881 1.7539121763578895 1.759681772765791 1.7654513691736924 1.7712209655815938 1.776990561989505 1.7827601583974064 1.7885297548053078 1.7942993512132093 1.8000689476211107 1.8058385440290121 1.8116081404369135 1.8174132090914887 1.8232561983796456 1.8290991876678027 1.8349421769559595 1.8407851662441166 1.8466281555322734 1.8524711448204405 1.8583141341085974 1.8641571233967544 1.8700001126849113 1.8758431019730684 1.8816860912612254 1.8875290805493823 1.8933720698375394 1.8992150591256962 1.9050580484138533
1.670293010697799 1.675890209858513 1.681487409019227 1.687084608179941 1.6926818073406553 1.6982790065013693 1.7038762056620835 1.7094734048227975 1.7150706039835213 1.7206678031442353 1.7262650023049495 1.7318622014656635 1.7374594006263777 1.7430565997870917 1.748653798947806 1.75425099810852 1.7598481972692341 1.7654453964299481 1.7710425955906621 1.7766397947513763 1.7822369939120906 1.787834193072814 1.7934313922335283 1.7990285913942423 1.8046257905549563 1.8102229897156705 1.8158201888763845 1.8214173880370987 1.8270825313709325 1.832820308561781 1.8385580857526294 1.8442958629434778 1.850033640134326 1.8557714173251745 1.8615091945160327 1.8672469717068811 1.8729847488977296 1.878722526088578 1.8844603032794265 1.890198080470275 1.8959358576611234 1.9016736348519718 1.9074114120428203 1.9131491892336687
1.6847569839720549 1.6901817858855814 1.695606587799108 1.7010313897126346 1.7064561916261614 1.711880993539688 1.7173057954532145 1.7227305973667413 1.7281553992802772 1.7335802011938037 1.7390050031073303 1.744429805020857 1.7498546069343837 1.7552794088479102 1.760704210761437 1.7661290126749636 1.7715538145884901 1.7769786165020167 1.7824034184155435 1.78782822032907 1.7932530222425966 1.7986778241561325 1.8041026260696593 1.8095274279831859 1.8149522298967125 1.8203770318102392 1.8258018337237658 1.8312266356372924 1.8367518536503846 1.8423844187439244 1.848016983837464 1.8536495489310039 1.8592821140245437 1.8649146791180835 1.8705472442116329 1.8761798093051727 1.8818123743987125 1.8874449394922523 1.8930775045857922 1.898710069679332 1.9043426347728718 1.9099751998664116 1.9156077649599512 1.921240330053491
1.6992209572462984 1.7044733619126378 1.709725766578977 1.7149781712453163 1.7202305759116556 1.725482980577995 1.7307353852443341 1.7359877899106735 1.7412401945770217 1.746492599243361 1.7517450039097004 1.7569974085760398 1.762249813242379 1.7675022179087183 1.7727546225750577 1.778007027241397 1.7832594319077364 1.7885118365740755 1.793764241240415 1.7990166459067543 1.8042690505730936 1.8095214552394419 1.814773859905781 1.8200262645721204 1.8252786692384597 1.830531073904799 1.8357834785711384 1.8410358832374776 1.8464211759298284 1.8519485289260595 1.8574758819222907 1.8630032349185222 1.8685305879147533 1.8740579409109845 1.8795852939072253 1.8851126469034565 1.8906399998996877 1.8961673528959189 1.9016947058921503 1.9072220588883815 1.9127494118846127 1.9182767648808439 1.9238041178770753 1.9293314708733065
1.713684930520542 1.7187649379396939 1.723844945358846 1.728924952777998 1.73400496019715 1.7390849676163018 1.744164975035454 1.749244982454606 1.7543249898737665 1.7594049972929184 1.7644850047120704 1.7695650121312225 1.7746450195503745 1.7797250269695264 1.7848050343886783 1.7898850418078305 1.7949650492269824 1.8000450566461343 1.8051250640652863 1.8102050714844382 1.8152850789035904 1.820365086322751 1.825445093741903 1.8305251011610548 1.835605108580207 1.840685115999359 1.8457651234185108 1.8508451308376628 1.856090498209272 1.8615126391081949 1.8669347800071174 1.8723569209060402 1.877779061804963 1.8832012027038856 1.8886233436028177 1.8940454845017403 1.899467625400663 1.9048897662995858 1.9103119071985084 1.9157340480974312 1.921156188996354 1.9265783298952766 1.9320004707941993 1.9374226116931221
1.7281489037947855 1.73305651396675 1.7379641241387147 1.7428717343106794 1.747779344482644 1.7526869546546087 1.7575945648265734 1.7625021749985381 1.767409785170511 1.7723173953424758 1.7772250055144403 1.782132615686405 1.7870402258583697 1.7919478360303345 1.796855446202299 1.8017630563742637 1.8066706665462284 1.811578276718193 1.8164858868901577 1.8213934970621224 1.8263011072340871 1.83120871740606 1.8361163275780248 1.8410239377499895 1.845931547921954 1.8508391580939187 1.8557467682658835 1.860654378437848 1.8657598204887158 1.87107674929033 1.8763936780919441 1.8817106068935583 1.8870275356951725 1.8923444644967866 1.8976613932984099 1.902978322100024 1.9082952509016382 1.9136121797032524 1.9189291085048665 1.9242460373064807 1.9295629661080949 1.934879894909709 1.9401968237113232 1.9455137525129373
1.742612877069029 1.7473480899938063 1.7520833029185836 1.7568185158433611 1.7615537287681384 1.7662889416929157 1.771024154617693 1.7757593675424703 1.7804945804672558 1.7852297933920331 1.7899650063168104 1.794700219241588 1.7994354321663653 1.8041706450911426 1.8089058580159199 1.8136410709406972 1.8183762838654747 1.823111496790252 1.8278467097150293 1.8325819226398066 1.837317135564584 1.8420523484893694 1.8467875614141467 1.8515227743389242 1.8562579872637015 1.8609932001884788 1.865728413113256 1.8704636260380334 1.8754291427681598 1.8806408594724655 1.885852576176771 1.8910642928810766 1.8962760095853823 1.9014877262896879 1.9066994429940023 1.911911159698308 1.9171228764026136 1.9223345931069191 1.9275463098112247 1.9327580265155304 1.937969743219836 1.9431814599241415 1.9483931766284472 1.9536048933327528
1.7570768503432725 1.7616396660208626 1.7662024816984527 1.7707652973760426 1.7753281130536327 1.7798909287312228 1.7844537444088127 1.7890165600864028 1.7935793757640006 1.7981421914415905 1.8027050071191806 1.8072678227967707 1.8118306384743605 1.8163934541519506 1.8209562698295407 1.8255190855071306 1.8300819011847207 1.8346447168623108 1.8392075325399007 1.8437703482174908 1.8483331638950808 1.8528959795726785 1.8574587952502686 1.8620216109278587 1.8665844266054485 1.8711472422830386 1.8757100579606287 1.8802728736382186 1.8850984650476035 1.8902049696546006 1.8953114742615977 1.9004179788685949 1.9055244834755918 1.910630988082589 1.9157374926895947 1.9208439972965918 1.925950501903589 1.9310570065105859 1.936163511117583 1.9412700157245801 1.9463765203315773 1.9514830249385742 1.9565895295455713 1.9616960341525684
1.771540823617516 1.7759312420479187 1.7803216604783214 1.784712078908724 1.7891024973391267 1.7934929157695294 1.7978833341999323 1.802273752630335 1.8066641710607452 1.8110545894911478 1.8154450079215505 1.8198354263519532 1.8242258447823558 1.8286162632127585 1.8330066816431614 1.837397100073564 1.8417875185039667 1.8461779369343694 1.850568355364772 1.8549587737951747 1.8593491922255776 1.8637396106559876 1.8681300290863905 1.8725204475167931 1.8769108659471958 1.8813012843775985 1.8856917028080011 1.8900821212384038 1.8947677873270474 1.899769079836736 1.9047703723464244 1.909771664856113 1.9147729573658014 1.91977424987549 1.924775542385187 1.9297768348948756 1.9347781274045641 1.9397794199142526 1.9447807124239411 1.9497820049336296 1.9547832974433181 1.9597845899530066 1.9647858824626951 1.9697871749723836
1.7860047968917718 1.790222818074987 1.7944408392582023 1.7986588604414175 1.8028768816246328 1.807094902807848 1.8113129239910633 1.8155309451742785 1.819748966357501 1.8239669875407163 1.8281850087239315 1.8324030299071468 1.836621051090362 1.8408390722735772 1.8450570934567925 1.8492751146400077 1.853493135823223 1.8577111570064382 1.8619291781896532 1.8661471993728687 1.8703652205560837 1.8745832417393062 1.8788012629225215 1.8830192841057367 1.887237305288952 1.8914553264721672 1.8956733476553824 1.8998913688385977 1.9044371096064996 1.9093331900188795 1.9142292704312593 1.9191253508436392 1.924021431256019 1.928917511668399 1.933813592080787 1.938709672493167 1.9436057529055468 1.9485018333179267 1.9533979137303068 1.9582939941426867 1.9631900745550666 1.9680861549674464 1.9729822353798263 1.9778783157922062
1.8004687701660156 1.8045143941020434 1.8085600180380714 1.8126056419740992 1.816651265910127 1.820696889846155 1.8247425137821829 1.828788137718211 1.8328337616542456 1.8368793855902736 1.8409250095263014 1.8449706334623295 1.8490162573983573 1.8530618813343853 1.8571075052704131 1.861153129206441 1.865198753142469 1.8692443770784968 1.8732900010145248 1.8773356249505526 1.8813812488865806 1.8854268728226153 1.8894724967586434 1.8935181206946712 1.8975637446306992 1.901609368566727 1.9056549925027548 1.9097006164387829 1.9141064318859433 1.9188973002010146 1.9236881685160858 1.9284790368311573 1.9332699051462285 1.9380607734613 1.9428516417763795 1.9476425100914507 1.9524333784065222 1.9572242467215935 1.9620151150366647 1.9668059833517362 1.9715968516668074 1.976387719981879 1.9811785882969501 1.9859694566120214
1.814932743440259 1.8188059701290995 1.82267919681794 1.8265524235067807 1.8304256501956213 1.834298876884462 1.8381721035733025 1.8420453302621431 1.8459185569509902 1.8497917836398308 1.8536650103286714 1.857538237017512 1.8614114637063526 1.8652846903951932 1.8691579170840338 1.8730311437728744 1.876904370461715 1.8807775971505556 1.8846508238393962 1.8885240505282368 1.8923972772170774 1.8962705039059244 1.900143730594765 1.9040169572836056 1.9078901839724463 1.9117634106612869 1.9156366373501275 1.919509864038968 1.923775754165387 1.9284614103831499 1.9331470666009125 1.9378327228186754 1.9425183790364382 1.947204035254201 1.9518896914719719 1.9565753476897345 1.9612610039074974 1.9659466601252602 1.970632316343023 1.975317972560786 1.9800036287785485 1.9846892849963114 1.9893749412140742 1.994060597431837
