Figures/CREST_Example_wjb_NSE/PETs/wjb.pet.20091030.asc
ncols            288
nrows            254
xllcorner        113.274861
yllcorner        31.4918055
cellsize         0.008333333333
NODATA_value     -9999
[rows 180 to 199 of 254, columns 132 to 175 of 288]
1.2327334940212062 1.2347888926270751 1.236844291232944 1.2388996898388132 1.240955088444682 1.243010487050551 1.2450658856564198 1.247121284262289 1.2491766828681579 1.2512320814740268 1.2532874800798957 1.255342878685768 1.2573982772916372 1.2594536758975061 1.261509074503375 1.263564473109244 1.265619871715113 1.267675270320982 1.2697306689268508 1.2717860675327197 1.2738414661385888 1.2758968647444577 1.2779522633503266 1.2800076619561955 1.2820630605620682 1.284118459167937 1.286173857773806 1.288229256379675 1.2902846549855438 1.292340053591413 1.2940598516409858 1.295420885104101 1.2967819185672163 1.2981429520303314 1.2995039854934465 1.3008650189565616 1.3022260524196767 1.3035870858827943 1.3049481193459094 1.3063091528090245 1.3076701862721396 1.3090312197352547 1.3103922531983698 1.3117532866614852
1.235136821402169 1.237220483741927 1.2393041460816852 1.2413878084214431 1.2434714707612011 1.2455551331009593 1.2476387954407173 1.2497224577804755 1.2518061201202335 1.2538897824599917 1.2559734447997497 1.2580571071395115 1.2601407694792695 1.2622244318190274 1.2643080941587856 1.2663917564985436 1.2684754188383018 1.2705590811780598 1.272642743517818 1.274726405857576 1.2768100681973342 1.2788937305370922 1.2809773928768502 1.2830610552166084 1.28514471755637 1.2872283798961281 1.2893120422358861 1.2913957045756443 1.2934793669154023 1.2955630292551605 1.297302817749533 1.2986749973242566 1.3000471768989805 1.3014193564737042 1.3027915360484281 1.3041637156231518 1.3055358951978757 1.3069080747726018 1.3082802543473255 1.3096524339220494 1.3110246134967731 1.312396793071497 1.3137689726462207 1.3151411522209446
1.2375401487831317 1.2396520748567788 1.241764000930426 1.2438759270040731 1.2459878530777204 1.2480997791513677 1.2502117052250148 1.252323631298662 1.2544355573723094 1.2565474834459565 1.2586594095196038 1.2607713355932546 1.2628832616669017 1.264995187740549 1.2671071138141963 1.2692190398878433 1.2713309659614906 1.273442892035138 1.275554818108785 1.2776667441824323 1.2797786702560794 1.2818905963297267 1.284002522403374 1.286114448477021 1.288226374550672 1.2903383006243192 1.2924502266979663 1.2945621527716136 1.2966740788452609 1.298786004918908 1.3005457838580798 1.3019291095444123 1.3033124352307448 1.3046957609170773 1.3060790866034098 1.307462412289742 1.3088457379760745 1.3102290636624094 1.311612389348742 1.3129957150350742 1.3143790407214067 1.3157623664077391 1.3171456920940716 1.318529017780404
1.239943476164096 1.2420836659716323 1.2442238557791687 1.246364045586705 1.2485042353942415 1.2506444252017779 1.2527846150093143 1.2549248048168506 1.257064994624387 1.2592051844319234 1.2613453742394598 1.263485564047 1.2656257538545364 1.2677659436620727 1.2699061334696091 1.2720463232771455 1.274186513084682 1.2763267028922183 1.2784668926997547 1.280607082507291 1.2827472723148274 1.2848874621223638 1.2870276519299002 1.2891678417374366 1.2913080315449765 1.293448221352513 1.2955884111600493 1.2977286009675857 1.299868790775122 1.3020089805826585 1.3037887499666299 1.305183221764571 1.306577693562512 1.3079721653604532 1.3093666371583943 1.3107611089563354 1.3121555807542764 1.31355005255222 1.314944524350161 1.3163389961481022 1.3177334679460433 1.3191279397439843 1.3205224115419254 1.3219168833398665
1.2423468035450587 1.2445152570864841 1.2466837106279098 1.2488521641693353 1.2510206177107608 1.2531890712521863 1.2553575247936117 1.2575259783350372 1.259694431876463 1.2618628854178884 1.2640313389593139 1.266199792500743 1.2683682460421686 1.270536699583594 1.2727051531250195 1.2748736066664452 1.2770420602078707 1.2792105137492962 1.2813789672907216 1.2835474208321471 1.2857158743735726 1.2878843279149983 1.2900527814564238 1.2922212349978492 1.2943896885392785 1.296558142080704 1.2987265956221294 1.300895049163555 1.3030635027049806 1.305231956246406 1.307031716075177 1.3084373339847266 1.3098429518942765 1.311248569803826 1.312654187713376 1.3140598056229256 1.3154654235324754 1.3168710414420275 1.3182766593515773 1.319682277261127 1.3210878951706768 1.3224935130802264 1.3238991309897763 1.325304748899326
1.2447501309260214 1.246946848201336 1.2491435654766507 1.2513402827519653 1.2535370000272799 1.2557337173025946 1.2579304345779092 1.260127151853224 1.2623238691285386 1.2645205864038531 1.266717303679168 1.2689140209544862 1.2711107382298008 1.2733074555051156 1.2755041727804302 1.2777008900557447 1.2798976073310595 1.282094324606374 1.2842910418816889 1.2864877591570034 1.288684476432318 1.2908811937076328 1.2930779109829473 1.295274628258262 1.2974713455335805 1.299668062808895 1.3018647800842096 1.3040614973595244 1.306258214634839 1.3084549319101537 1.310274682183724 1.3116914462048823 1.3131082102260407 1.3145249742471992 1.3159417382683576 1.317358502289516 1.3187752663106742 1.320192030331835 1.3216087943529935 1.323025558374152 1.3244423223953103 1.3258590864164688 1.3272758504376272 1.3286926144587854
1.2471534583069839 1.2493784393161875 1.2516034203253914 1.2538284013345953 1.256053382343799 1.2582783633530028 1.2605033443622065 1.2627283253714103 1.2649533063806142 1.2671782873898179 1.2694032683990217 1.2716282494082292 1.273853230417433 1.276078211426637 1.2783031924358406 1.2805281734450444 1.282753154454248 1.284978135463452 1.2872031164726558 1.2894280974818595 1.2916530784910634 1.293878059500267 1.296103040509471 1.2983280215186748 1.3005530025278822 1.302777983537086 1.30500296454629 1.3072279455554936 1.3094529265646975 1.3116779075739011 1.313517648292271 1.314945558425038 1.316373468557805 1.317801378690572 1.3192292888233392 1.3206571989561062 1.3220851090888732 1.3235130192216427 1.3249409293544097 1.3263688394871767 1.3277967496199439 1.3292246597527109 1.3306525698854779 1.3320804800182449
1.2495567856879466 1.2518100304310393 1.2540632751741323 1.2563165199172253 1.2585697646603182 1.2608230094034112 1.263076254146504 1.265329498889597 1.2675827436326899 1.2698359883757828 1.2720892331188758 1.2743424778619725 1.2765957226050655 1.2788489673481584 1.2811022120912512 1.2833554568343442 1.2856087015774371 1.28786194632053 1.290115191063623 1.2923684358067158 1.2946216805498088 1.2968749252929017 1.2991281700359947 1.3013814147790876 1.3036346595221844 1.3058879042652773 1.3081411490083703 1.310394393751463 1.312647638494556 1.314900883237649 1.3167606144008182 1.318199670645194 1.3196387268895695 1.3210777831339453 1.3225168393783209 1.3239558956226967 1.3253949518670722 1.3268340081114505 1.328273064355826 1.3297121206002018 1.3311511768445776 1.3325902330889532 1.334029289333329 1.3354683455777046
1.251960113068909 1.2542416215458911 1.2565231300228732 1.2588046384998552 1.2610861469768373 1.2633676554538193 1.2656491639308014 1.2679306724077835 1.2702121808847655 1.2724936893617476 1.2747751978387296 1.2770567063157157 1.2793382147926977 1.2816197232696798 1.2839012317466618 1.2861827402236439 1.288464248700626 1.290745757177608 1.29302726565459 1.295308774131572 1.2975902826085541 1.2998717910855362 1.3021532995625182 1.3044348080395003 1.3067163165164863 1.3089978249934684 1.3112793334704504 1.3135608419474325 1.3158423504244146 1.3181238589013966 1.3200035805093653 1.3214537828653496 1.322903985221334 1.3243541875773182 1.3258043899333025 1.3272545922892869 1.3287047946452712 1.330154997001258 1.3316051993572424 1.3330554017132268 1.334505604069211 1.3359558064251953 1.3374060087811797 1.338856211137164
1.2543634404498736 1.2566732126607447 1.258982984871616 1.2612927570824872 1.2636025292933586 1.2659123015042297 1.2682220737151009 1.2705318459259722 1.2728416181368434 1.2751513903477145 1.2774611625585859 1.279770934769461 1.2820807069803322 1.2843904791912033 1.2867002514020747 1.2890100236129458 1.291319795823817 1.2936295680346883 1.2959393402455595 1.2982491124564306 1.300558884667302 1.302868656878173 1.3051784290890442 1.3074882012999156 1.3097979735107907 1.3121077457216619 1.314417517932533 1.3167272901434044 1.3190370623542755 1.321346834565147 1.323246546617915 1.324707895085508 1.326169243553101 1.327630592020694 1.3290919404882868 1.33055328895588 1.332014637423473 1.3334759858910683 1.3349373343586612 1.3363986828262544 1.3378600312938473 1.3393213797614403 1.3407827282290332 1.3422440766966264
1.2567667678308363 1.2591048037755967 1.261442839720357 1.2637808756651174 1.2661189116098777 1.2684569475546381 1.2707949834993983 1.2731330194441588 1.275471055388919 1.2778090913336795 1.28014712727844 1.2824851632232042 1.2848231991679646 1.2871612351127248 1.2894992710574853 1.2918373070022455 1.294175342947006 1.2965133788917664 1.2988514148365267 1.3011894507812871 1.3035274867260473 1.3058655226708078 1.308203558615568 1.3105415945603285 1.3128796305050927 1.3152176664498532 1.3175557023946136 1.3198937383393738 1.3222317742841343 1.3245698102288945 1.3264895127264622 1.327962007305664 1.3294345018848654 1.3309069964640672 1.3323794910432687 1.3338519856224704 1.335324480201672 1.3367969747808761 1.3382694693600778 1.3397419639392794 1.341214458518481 1.3426869530976826 1.3441594476768843 1.3456319422560858
1.259170095211799 1.2615363948904483 1.2639026945690979 1.2662689942477474 1.268635293926397 1.2710015936050465 1.2733678932836958 1.2757341929623454 1.278100492640995 1.2804667923196444 1.2828330919982938 1.2851993916769473 1.2875656913555968 1.2899319910342464 1.2922982907128957 1.2946645903915452 1.2970308900701948 1.2993971897488443 1.3017634894274939 1.3041297891061432 1.3064960887847927 1.3088623884634423 1.3112286881420918 1.3135949878207411 1.3159612874993947 1.3183275871780442 1.3206938868566938 1.3230601865353433 1.3254264862139926 1.3277927858926422 1.3297324788350093 1.3312161195258196 1.3326997602166297 1.33418340090744 1.3356670415982503 1.3371506822890606 1.338634322979871 1.3401179636706837 1.341601604361494 1.3430852450523043 1.3445688857431146 1.346052526433925 1.3475361671247352 1.3490198078155455
1.2615734225927615 1.2639679860053001 1.2663625494178385 1.2687571128303772 1.2711516762429158 1.2735462396554544 1.275940803067993 1.2783353664805317 1.2807299298930703 1.283124493305609 1.2855190567181476 1.2879136201306904 1.290308183543229 1.2927027469557677 1.2950973103683063 1.297491873780845 1.2998864371933836 1.3022810006059222 1.3046755640184609 1.3070701274309995 1.3094646908435381 1.3118592542560767 1.3142538176686154 1.316648381081154 1.3190429444936966 1.3214375079062353 1.323832071318774 1.3262266347313125 1.3286211981438512 1.3310157615563898 1.3329754449435562 1.3344702317459751 1.3359650185483942 1.337459805350813 1.338954592153232 1.3404493789556509 1.34194416575807 1.3434389525604913 1.3449337393629102 1.3464285261653293 1.3479233129677481 1.349418099770167 1.350912886572586 1.3524076733750048
1.263976749973724 1.2663995771201517 1.2688224042665797 1.2712452314130074 1.273668058559435 1.2760908857058628 1.2785137128522905 1.2809365399987185 1.2833593671451462 1.285782194291574 1.2882050214380016 1.2906278485844336 1.2930506757308613 1.295473502877289 1.2978963300237167 1.3003191571701447 1.3027419843165724 1.3051648114630001 1.3075876386094278 1.3100104657558556 1.3124332929022833 1.3148561200487112 1.317278947195139 1.3197017743415667 1.3221246014879986 1.3245474286344263 1.326970255780854 1.3293930829272818 1.3318159100737095 1.3342387372201374 1.3362184110521034 1.3377243439661308 1.3392302768801585 1.3407362097941862 1.3422421427082136 1.3437480756222413 1.3452540085362688 1.3467599414502989 1.3482658743643265 1.349771807278354 1.3512777401923817 1.3527836731064093 1.3542896060204368 1.3557955389344645
1.2663800773546876 1.2688311682350046 1.2712822591153214 1.2737333499956385 1.2761844408759553 1.278635531756272 1.2810866226365891 1.283537713516906 1.285988804397223 1.2884398952775398 1.2908909861578568 1.2933420770381778 1.2957931679184949 1.2982442587988117 1.3006953496791285 1.3031464405594455 1.3055975314397623 1.3080486223200793 1.3104997132003962 1.3129508040807132 1.31540189496103 1.317852985841347 1.3203040767216638 1.3227551676019809 1.325206258482302 1.3276573493626187 1.3301084402429357 1.3325595311232525 1.3350106220035696 1.3374617128838864 1.3394613771606518 1.340978456186288 1.3424955352119243 1.3440126142375606 1.3455296932631968 1.347046772288833 1.3485638513144693 1.350080930340108 1.3515980093657443 1.3531150883913805 1.3546321674170168 1.356149246442653 1.3576663254682892 1.3591834044939253
1.2687834047356503 1.2712627593498564 1.2737421139640623 1.2762214685782685 1.2787008231924746 1.2811801778066805 1.2836595324208866 1.2861388870350927 1.2886182416492986 1.2910975962635047 1.2935769508777106 1.296056305491921 1.298535660106127 1.301015014720333 1.303494369334539 1.3059737239487452 1.3084530785629513 1.3109324331771572 1.3134117877913634 1.3158911424055693 1.3183704970197754 1.3208498516339815 1.3233292062481874 1.3258085608623935 1.3282879154766039 1.3307672700908098 1.3332466247050159 1.335725979319222 1.3382053339334279 1.340684688547634 1.342704343269199 1.3442325684064438 1.3457607935436886 1.3472890186809336 1.3488172438181785 1.3503454689554233 1.351873694092668 1.3534019192299156 1.3549301443671604 1.3564583695044055 1.3579865946416503 1.359514819778895 1.36104304491614 1.3625712700533847
1.2711867321166128 1.273694350464708 1.276201968812803 1.2787095871608982 1.2812172055089934 1.2837248238570886 1.2862324422051838 1.288740060553279 1.2912476789013743 1.2937552972494695 1.2962629155975647 1.298770533945664 1.3012781522937593 1.3037857706418543 1.3062933889899495 1.3088010073380447 1.31130862568614 1.3138162440342351 1.3163238623823303 1.3188314807304256 1.3213390990785208 1.323846717426616 1.326354335774711 1.3288619541228062 1.3313695724709056 1.3338771908190008 1.336384809167096 1.3388924275151912 1.3414000458632864 1.3439076642113816 1.345947309377746 1.3474866806265995 1.349026051875453 1.3505654231243065 1.3521047943731601 1.3536441656220135 1.3551835368708671 1.3567229081197232 1.3582622793685768 1.3598016506174302 1.3613410218662838 1.3628803931151372 1.3644197643639908 1.3659591356128444
1.2735900594975766 1.276125941579561 1.2786618236615452 1.2811977057435295 1.2837335878255138 1.2862694699074981 1.2888053519894824 1.291341234071467 1.2938771161534512 1.2964129982354355 1.2989488803174198 1.3014847623994086 1.3040206444813929 1.3065565265633772 1.3090924086453615 1.3116282907273458 1.31416417280933 1.3167000548913144 1.3192359369732989 1.3217718190552832 1.3243077011372675 1.3268435832192518 1.329379465301236 1.3319153473832204 1.334451229465209 1.3369871115471934 1.3395229936291777 1.342058875711162 1.3445947577931463 1.3471306398751308 1.3491902754862946 1.3507407928467567 1.352291310207219 1.3538418275676811 1.3553923449281433 1.3569428622886055 1.3584933796490675 1.3600438970095323 1.3615944143699945 1.3631449317304567 1.3646954490909189 1.366245966451381 1.3677964838118433 1.3693470011723052
1.275993386878539 1.2785575326944125 1.281121678510286 1.2836858243261593 1.286249970142033 1.2888141159579063 1.29137826177378 1.2939424075896533 1.2965065534055267 1.2990706992214003 1.3016348450372737 1.3041989908531515 1.3067631366690249 1.3093272824848985 1.3118914283007719 1.3144555741166455 1.3170197199325189 1.3195838657483923 1.3221480115642659 1.3247121573801393 1.3272763031960126 1.3298404490118862 1.3324045948277596 1.334968740643633 1.337532886459511 1.3400970322753845 1.3426611780912578 1.3452253239071315 1.3477894697230048 1.3503536155388782 1.3524332415948417 1.3539949050669124 1.3555565685389832 1.357118232011054 1.358679895483125 1.3602415589551957 1.3618032224272665 1.36336488589934 1.364926549371411 1.3664882128434817 1.3680498763155524 1.3696115397876232 1.371173203259694 1.372734866731765
1.2783967142595016 1.2809891238092643 1.2835815333590268 1.2861739429087895 1.288766352458552 1.2913587620083147 1.2939511715580772 1.2965435811078398 1.2991359906576025 1.301728400207365 1.3043208097571277 1.3069132193068946 1.3095056288566573 1.3120980384064198 1.3146904479561825 1.317282857505945 1.3198752670557077 1.3224676766054704 1.3250600861552329 1.3276524957049955 1.330244905254758 1.3328373148045207 1.3354297243542832 1.338022133904046 1.3406145434538128 1.3432069530035755 1.345799362553338 1.3483917721031007 1.3509841816528634 1.3535765912026259 1.3556762077033886 1.3572490172870681 1.3588218268707475 1.360394636454427 1.3619674460381066 1.363540255621786 1.3651130652054655 1.3666858747891475 1.368258684372827 1.3698314939565064 1.371404303540186 1.3729771131238653 1.3745499227075448 1.3761227322912242
