Figures/CREST_Example_wjb_NSE/PETs/wjb.pet.20090813.asc
ncols            288
nrows            254
xllcorner        113.274861
yllcorner        31.4918055
cellsize         0.008333333333
NODATA_value     -9999
[rows 60 to 79 of 254, columns 132 to 175 of 288]
3.6377016440394017 3.6335717229907916 3.6294418019421815 3.625311880893571 3.621181959844961 3.6170520387963507 3.6129221177477406 3.6087921966991305 3.60466227565052 3.60053235460191 3.5964024335533 3.5922725125046826 3.5881425914560725 3.5840126704074624 3.579882749358852 3.5757528283102418 3.5716229072616317 3.5674929862130216 3.5633630651644115 3.559233144115801 3.555103223067191 3.5509733020185807 3.5468433809699706 3.5427134599213606 3.5385835388727434 3.5344536178241333 3.5303236967755227 3.5261937757269126 3.5220638546783025 3.5179339336296924 3.5147961943120207 3.51271911970933 3.5106420451066396 3.508564970503949 3.5064878959012584 3.504410821298568 3.5023337466958773 3.500256672093183 3.4981795974904926 3.496102522887802 3.4940254482851114 3.491948373682421 3.4898712990797303 3.48779422447704
3.6327904323645557 3.6286395538029286 3.6244886752413015 3.6203377966796744 3.6161869181180473 3.61203603955642 3.607885160994793 3.603734282433166 3.599583403871539 3.5954325253099118 3.5912816467482847 3.5871307681866504 3.5829798896250233 3.5788290110633962 3.574678132501769 3.570527253940142 3.566376375378515 3.562225496816888 3.5580746182552607 3.5539237396936336 3.5497728611320065 3.5456219825703794 3.5414711040087523 3.537320225447125 3.533169346885491 3.529018468323864 3.524867589762237 3.5207167112006097 3.5165658326389826 3.5124149540773555 3.509283678514299 3.5072423816216314 3.505201084728964 3.503159787836297 3.5011184909436293 3.4990771940509617 3.497035897158294 3.4949946002656236 3.492953303372956 3.4909120064802885 3.4888707095876215 3.486829412694954 3.4847881158022864 3.482746818909619
3.6278792206897106 3.6237073846150665 3.6195355485404224 3.6153637124657783 3.611191876391134 3.6070200403164905 3.6028482042418464 3.5986763681672023 3.594504532092558 3.590332696017914 3.58616085994327 3.5819890238686187 3.577817187793975 3.573645351719331 3.569473515644687 3.5653016795700427 3.5611298434953986 3.5569580074207545 3.5527861713461104 3.5486143352714663 3.5444424991968226 3.5402706631221785 3.5360988270475344 3.5319269909728903 3.527755154898239 3.523583318823595 3.519411482748951 3.515239646674307 3.511067810599663 3.506895974525019 3.5037711627165775 3.501765643533933 3.499760124351289 3.4977546051686446 3.495749085986 3.493743566803356 3.4917380476207116 3.489732528438064 3.48772700925542 3.4857214900727755 3.483715970890131 3.481710451707487 3.4797049325248426 3.4776994133421986
3.622968009014865 3.6187752154272044 3.6145824218395433 3.610389628251882 3.6061968346642215 3.6020040410765604 3.5978112474888992 3.5936184539012386 3.5894256603135775 3.5852328667259163 3.5810400731382552 3.5768472795505875 3.5726544859629263 3.5684616923752652 3.564268898787604 3.5600761051999434 3.5558833116122823 3.551690518024621 3.5474977244369605 3.5433049308492994 3.5391121372616383 3.5349193436739776 3.5307265500863165 3.5265337564986554 3.522340962910987 3.5181481693233265 3.5139553757356654 3.5097625821480043 3.5055697885603436 3.5013769949726825 3.498258646918856 3.4962889054462347 3.4943191639736138 3.492349422500993 3.4903796810283714 3.4884099395557504 3.486440198083129 3.4844704566105045 3.4825007151378835 3.4805309736652625 3.478561232192641 3.47659149072002 3.4746217492473987 3.472652007774778
3.6180567973400195 3.6138430462393414 3.6096292951386637 3.6054155440379856 3.601201792937308 3.59698804183663 3.592774290735952 3.588560539635274 3.5843467885345963 3.580133037433918 3.5759192863332405 3.5717055352325553 3.567491784131877 3.5632780330311995 3.5590642819305214 3.5548505308298437 3.5506367797291656 3.546423028628488 3.54220927752781 3.5379955264271317 3.533781775326454 3.529568024225776 3.525354273125098 3.52114052202442 3.5169267709237353 3.512713019823057 3.508499268722379 3.5042855176217014 3.5000717665210233 3.4958580154203456 3.4927461311211343 3.4908121673585364 3.488878203595938 3.48694423983334 3.485010276070742 3.4830763123081443 3.4811423485455464 3.479208384782945 3.477274421020347 3.475340457257749 3.4734064934951507 3.471472529732553 3.469538565969955 3.467604602207357
3.613145585665174 3.6089108770514793 3.6046761684377846 3.6004414598240895 3.596206751210395 3.5919720425967 3.587737333983005 3.5835026253693103 3.579267916755615 3.5750332081419205 3.570798499528226 3.5665637909145236 3.562329082300829 3.5580943736871338 3.553859665073439 3.549624956459744 3.5453902478460493 3.5411555392323546 3.5369208306186595 3.532686122004965 3.52845141339127 3.524216704777575 3.5199819961638803 3.515747287550185 3.5115125789364834 3.5072778703227883 3.5030431617090936 3.498808453095399 3.4945737444817038 3.490339035868009 3.487233615323413 3.485335429270838 3.483437243218263 3.4815390571656883 3.4796408711131135 3.4777426850605386 3.4758444990079638 3.4739463129553854 3.4720481269028105 3.4701499408502356 3.468251754797661 3.466353568745086 3.464455382692511 3.462557196639936
3.6082343739903244 3.6039787078636127 3.5997230417369006 3.595467375610189 3.5912117094834772 3.5869560433567655 3.5827003772300534 3.5784447111033417 3.57418904497663 3.5699333788499183 3.565677712723206 3.5614220465964874 3.5571663804697757 3.5529107143430636 3.548655048216352 3.5443993820896402 3.5401437159629285 3.5358880498362164 3.5316323837095047 3.527376717582793 3.523121051456081 3.518865385329369 3.5146097192026575 3.510354053075946 3.5060983869492266 3.501842720822515 3.497587054695803 3.493331388569091 3.4890757224423794 3.4848200563156677 3.4817210995256866 3.479858691183135 3.477996282840583 3.4761338744980317 3.47427146615548 3.472409057812928 3.4705466494703763 3.4686842411278214 3.46682183278527 3.464959424442718 3.4630970161001664 3.4612346077576146 3.4593721994150632 3.4575097910725114
3.603323162315479 3.5990465386757498 3.594769915036021 3.5904932913962924 3.5862166677565637 3.581940044116835 3.5776634204771063 3.5733867968373776 3.569110173197649 3.56483354955792 3.5605569259181915 3.5562803022784553 3.5520036786387266 3.547727054998998 3.543450431359269 3.5391738077195405 3.534897184079812 3.530620560440083 3.5263439368003544 3.5220673131606257 3.517790689520897 3.5135140658811683 3.5092374422414396 3.504960818601711 3.5006841949619747 3.496407571322246 3.4921309476825173 3.4878543240427886 3.48357770040306 3.4793010767633312 3.4762085837279653 3.4743819530954365 3.472555322462908 3.4707286918303795 3.468902061197851 3.4670754305653224 3.4652487999327937 3.4634221693002623 3.4615955386677335 3.459768908035205 3.4579422774026765 3.4561156467701477 3.4542890161376194 3.4524623855050907
3.5984119506406333 3.5941143694878877 3.589816788335142 3.5855192071823963 3.5812216260296506 3.576924044876905 3.572626463724159 3.5683288825714135 3.564031301418668 3.5597337202659225 3.555436139113177 3.5511385579604235 3.546840976807678 3.542543395654932 3.5382458145021864 3.5339482333494407 3.5296506521966955 3.52535307104395 3.521055489891204 3.5167579087384584 3.5124603275857127 3.508162746432967 3.5038651652802213 3.4995675841274756 3.495270002974723 3.490972421821977 3.4866748406692314 3.4823772595164857 3.47807967836374 3.4737820972109943 3.4706960679302434 3.468905215007738 3.4671143620852325 3.4653235091627272 3.4635326562402216 3.4617418033177163 3.459950950395211 3.4581600974727023 3.456369244550197 3.4545783916276918 3.452787538705186 3.450996685782681 3.449205832860175 3.44741497993767
3.593500738965788 3.589182200300025 3.5848636616342624 3.5805451229684997 3.5762265843027374 3.5719080456369747 3.567589506971212 3.5632709683054493 3.558952429639687 3.5546338909739243 3.5503153523081616 3.545996813642392 3.541678274976629 3.5373597363108664 3.533041197645104 3.5287226589793415 3.5244041203135787 3.520085581647816 3.515767042982054 3.511448504316291 3.5071299656505284 3.5028114269847657 3.4984928883190034 3.4941743496532407 3.489855810987471 3.485537272321708 3.4812187336559455 3.4769001949901828 3.4725816563244205 3.468263117658658 3.465183552132522 3.46342847692004 3.4616734017075577 3.459918326495075 3.458163251282593 3.4564081760701106 3.4546531008576284 3.452898025645143 3.451142950432661 3.4493878752201783 3.447632800007696 3.445877724795214 3.4441226495827317 3.442367574370249
3.5885895272909423 3.584250031112163 3.5799105349333833 3.5755710387546036 3.5712315425758243 3.5668920463970446 3.5625525502182653 3.5582130540394856 3.553873557860706 3.5495340616819266 3.545194565503147 3.54085506932436 3.5365155731455804 3.532176076966801 3.5278365807880214 3.523497084609242 3.5191575884304624 3.514818092251683 3.5104785960729035 3.5061390998941238 3.5017996037153445 3.4974601075365648 3.4931206113577855 3.488781115179006 3.484441619000219 3.4801021228214393 3.47576262664266 3.4714231304638803 3.4670836342851006 3.4627441381063213 3.4596710363348007 3.4579517388323415 3.4562324413298824 3.4545131438274232 3.452793846324964 3.451074548822505 3.449355251320046 3.4476359538175836 3.4459166563151244 3.4441973588126653 3.442478061310206 3.440758763807747 3.439039466305288 3.4373201688028288
3.5836783156160967 3.5793178619243 3.5749574082325037 3.570596954540707 3.5662365008489108 3.5618760471571145 3.5575155934653178 3.5531551397735215 3.5487946860817248 3.5444342323899285 3.540073778698132 3.535713325006328 3.5313528713145317 3.526992417622735 3.5226319639309387 3.5182715102391424 3.5139110565473457 3.5095506028555494 3.5051901491637527 3.5008296954719564 3.4964692417801597 3.4921087880883634 3.487748334396567 3.4833878807047705 3.4790274270129666 3.4746669733211704 3.4703065196293736 3.4659460659375774 3.4615856122457807 3.4572251585539844 3.454158520537079 3.4524750007446428 3.4507914809522067 3.449107961159771 3.447424441367335 3.445740921574899 3.444057401782463 3.442373881990024 3.440690362197588 3.439006842405152 3.437323322612716 3.4356398028202797 3.4339562830278436 3.432272763235408
3.578767103941247 3.574385692736434 3.57000428153162 3.565622870326807 3.5612414591219936 3.55686004791718 3.5524786367123666 3.5480972255075534 3.5437158143027396 3.5393344030979264 3.534952991893113 3.5305715806882922 3.5261901694834785 3.5218087582786652 3.517427347073852 3.5130459358690382 3.508664524664225 3.5042831134594117 3.499901702254598 3.4955202910497847 3.4911388798449714 3.4867574686401577 3.4823760574353444 3.477994646230531 3.4736132350257103 3.4692318238208966 3.4648504126160833 3.46046900141127 3.4560875902064563 3.451706179001643 3.4486460047393526 3.44699826265694 3.445350520574527 3.443702778492114 3.4420550364097013 3.4404072943272883 3.4387595522448757 3.43711181016246 3.435464068080047 3.433816325997634 3.4321685839152214 3.4305208418328084 3.4288730997503953 3.4272253576679828
3.5738558922664017 3.569453523548571 3.5650511548307406 3.5606487861129104 3.55624641739508 3.55184404867725 3.5474416799594195 3.543039311241589 3.538636942523759 3.534234573805928 3.529832205088098 3.52542983637026 3.52102746765243 3.5166250989345995 3.5122227302167692 3.507820361498939 3.5034179927811087 3.499015624063278 3.4946132553454476 3.4902108866276174 3.485808517909787 3.481406149191957 3.4770037804741265 3.472601411756296 3.4681990430384584 3.4637966743206277 3.4593943056027974 3.454991936884967 3.450589568167137 3.4461871994493065 3.443133488941631 3.4415215245692417 3.4399095601968517 3.438297595824462 3.436685631452072 3.4350736670796826 3.433461702707293 3.4318497383349005 3.4302377739625105 3.428625809590121 3.427013845217731 3.4254018808453415 3.423789916472952 3.422177952100562
3.568944680591556 3.564521354360709 3.5600980281298615 3.5556747018990142 3.551251375668167 3.5468280494373197 3.5424047232064724 3.537981396975625 3.533558070744778 3.5291347445139305 3.524711418283083 3.5202880920522284 3.515864765821381 3.5114414395905342 3.507018113359687 3.5025947871288396 3.4981714608979924 3.493748134667145 3.4893248084362978 3.4849014822054505 3.480478155974603 3.476054829743756 3.4716315035129086 3.4672081772820613 3.4627848510512065 3.458361524820359 3.453938198589512 3.4495148723586646 3.4450915461278173 3.44066821989697 3.43762097314391 3.4360447864815433 3.434468599819177 3.43289241315681 3.4313162264944435 3.429740039832077 3.4281638531697105 3.426587666507341 3.4250114798449744 3.423435293182608 3.421859106520241 3.4202829198578746 3.418706733195508 3.417130546533141
3.5640334689167106 3.5595891851728463 3.555144901428982 3.5507006176851177 3.5462563339412534 3.5418120501973895 3.5373677664535252 3.532923482709661 3.5284791989657966 3.5240349152219324 3.5195906314780685 3.5151463477341967 3.5107020639903324 3.506257780246468 3.5018134965026038 3.4973692127587395 3.4929249290148756 3.4884806452710113 3.484036361527147 3.4795920777832827 3.4751477940394184 3.4707035102955546 3.4662592265516903 3.461814942807826 3.457370659063954 3.45292637532009 3.4484820915762255 3.4440378078323617 3.4395935240884974 3.435149240344633 3.432108457346188 3.4305680483938445 3.429027639441501 3.4274872304891577 3.4259468215368143 3.424406412584471 3.4228660036321275 3.4213255946797814 3.419785185727438 3.4182447767750945 3.416704367822751 3.4151639588704072 3.413623549918064 3.4120831409657204
3.559122257241865 3.554657015984984 3.550191774728103 3.5457265334712216 3.5412612922143407 3.5367960509574594 3.532330809700578 3.5278655684436973 3.523400327186816 3.5189350859299346 3.514469844673054 3.510004603416165 3.5055393621592836 3.5010741209024028 3.4966088796455215 3.49214363838864 3.4876783971317593 3.483213155874878 3.4787479146179967 3.474282673361116 3.4698174321042345 3.4653521908473532 3.4608869495904724 3.456421708333591 3.4519564670767022 3.4474912258198214 3.44302598456294 3.4385607433060588 3.434095502049178 3.4296302607922966 3.4265959415484666 3.4250913103061467 3.4235866790638263 3.422082047821506 3.4205774165791856 3.419072785336865 3.417568154094545 3.416063522852222 3.4145588916099014 3.413054260367581 3.4115496291252607 3.4100449978829404 3.4085403666406204 3.4070357353983
3.5542110455670195 3.549724846797121 3.5452386480272233 3.540752449257325 3.536266250487427 3.531780051717529 3.527293852947631 3.5228076541777327 3.518321455407835 3.5138352566379365 3.5093490578680386 3.5048628590981328 3.500376660328235 3.4958904615583366 3.4914042627884387 3.4869180640185404 3.4824318652486426 3.4779456664787443 3.4734594677088464 3.468973268938948 3.46448707016905 3.460000871399152 3.455514672629254 3.4510284738593557 3.44654227508945 3.442056076319552 3.4375698775496537 3.433083678779756 3.4285974800098575 3.4241112812399597 3.421083425750745 3.419614572218448 3.4181457186861506 3.4166768651538533 3.4152080116215564 3.413739158089259 3.412270304556962 3.4108014510246623 3.409332597492365 3.4078637439600676 3.4063948904277708 3.4049260368954735 3.403457183363176 3.401988329830879
3.549299833892174 3.544792677609259 3.540285521326344 3.535778365043429 3.531271208760514 3.526764052477599 3.522256896194684 3.517749739911769 3.513242583628854 3.508735427345939 3.504228271063024 3.499721114780101 3.495213958497186 3.4907068022142713 3.486199645931356 3.481692489648441 3.4771853333655263 3.472678177082611 3.468171020799696 3.463663864516781 3.459156708233866 3.454649551950951 3.450142395668036 3.445635239385121 3.4411280831021984 3.436620926819283 3.4321137705363682 3.4276066142534534 3.423099457970538 3.418592301687623 3.415570909953024 3.4141378341307496 3.4127047583084753 3.4112716824862015 3.4098386066639272 3.4084055308416534 3.406972455019379 3.4055393791971027 3.404106303374829 3.4026732275525546 3.4012401517302804 3.3998070759080066 3.3983740000857323 3.3969409242634585
3.5443886222173244 3.5398605084213925 3.5353323946254602 3.5308042808295284 3.5262761670335965 3.5217480532376646 3.5172199394417323 3.5126918256458004 3.5081637118498685 3.5036355980539367 3.4991074842580048 3.494579370462065 3.490051256666133 3.485523142870201 3.4809950290742693 3.476466915278337 3.471938801482405 3.467410687686473 3.4628825738905413 3.458354460094609 3.453826346298677 3.4492982325027453 3.4447701187068134 3.4402420049108815 3.4357138911149416 3.4311857773190098 3.426657663523078 3.4221295497271456 3.4176014359312137 3.413073322135282 3.4100583941552975 3.4086610960430463 3.4072637979307956 3.405866499818545 3.4044692017062936 3.403071903594043 3.401674605481792 3.4002773073695387 3.398880009257288 3.397482711145037 3.396085413032786 3.3946881149205352 3.3932908168082845 3.3918935186960333
