Figures/CREST_Example_wjb_NSE/PETs/wjb.pet.20091207.asc
ncols            288
nrows            254
xllcorner        113.274861
yllcorner        31.4918055
cellsize         0.008333333333
NODATA_value     -9999
[rows 209 to 227 of 254, columns 172 to 214 of 288]
0.3208072356569248 0.31881884328322363 0.31683045090952244 0.3148420585358213 0.3128536661621201 0.31086527378841894 0.30887688141471775 0.30688848904101657 0.3049000966673154 0.3029117042936142 0.3009233119199096 0.2989349195462085 0.2969465271725073 0.2949581347988061 0.29296974242510493 0.29098135005140374 0.28899295767770256 0.28700456530400137 0.28501617293030024 0.28302778055659905 0.2816176877253318 0.2808258101898835 0.28003393265443527 0.27924205511898564 0.27845017758353735 0.27765830004808906 0.2768664225126408 0.2760745449771925 0.27528266744174423 0.274490789906296 0.2736989123708477 0.2729070348353994 0.27211515729995117 0.2713232797645029 0.2705314022290546 0.26973952469360635 0.2689476471581567 0.26815576962270843 0.2673638920872602 0.2665720145518119 0.2657801370163636 0.26498825948091537 0.2641963819454671
0.3296636649693053 0.3276344136776636 0.32560516238602183 0.3235759110943801 0.32154665980273833 0.3195174085110966 0.31748815721945484 0.3154589059278131 0.31342965463617134 0.3114004033445296 0.3093711520528844 0.3073419007612426 0.3053126494696009 0.30328339817795913 0.3012541468863174 0.29922489559467563 0.2971956443030339 0.29516639301139214 0.29313714171975036 0.29110789042810864 0.2896718975171983 0.28887011123871464 0.288068324960231 0.28726653868174595 0.2864647524032623 0.28566296612477865 0.284861179846295 0.28405939356781135 0.2832576072893277 0.28245582101084404 0.2816540347323604 0.28085224845387674 0.2800504621753931 0.27924867589690944 0.2784468896184258 0.27764510333994213 0.2768433170614571 0.27604153078297344 0.2752397445044898 0.27443795822600614 0.2736361719475225 0.27283438566903884 0.2720325993905552
0.33852009428168206 0.33644998407209975 0.33437987386251744 0.33230976365293513 0.3302396534433529 0.32816954323377057 0.32609943302418826 0.32402932281460595 0.32195921260502364 0.3198891023954413 0.3178189921858555 0.3157488819762732 0.3136787717666909 0.3116086615571086 0.3095385513475263 0.307468441137944 0.3053983309283617 0.3033282207187794 0.3012581105091971 0.2991880002996148 0.2977261073090613 0.2969144122875423 0.2961027172660233 0.2952910222445029 0.2944793272229838 0.2936676322014648 0.2928559371799458 0.2920442421584267 0.2912325471369077 0.2904208521153887 0.28960915709386964 0.28879746207235063 0.2879857670508316 0.28717407202931255 0.28636237700779354 0.28555068198627453 0.2847389869647541 0.28392729194323507 0.28311559692171606 0.282303901900197 0.281492206878678 0.280680511857159 0.2798688168356399
0.3473765235940588 0.34526555446653595 0.34315458533901305 0.3410436162114902 0.33893264708396736 0.3368216779564445 0.3347107088289216 0.3325997397013988 0.33048877057387593 0.3283778014463531 0.3262668323188266 0.32415586319130374 0.3220448940637809 0.31993392493625805 0.3178229558087352 0.3157119866812123 0.31360101755368947 0.3114900484261666 0.3093790792986437 0.3072681101711209 0.3057803171009243 0.3049587133363699 0.3041371095718155 0.3033155058072597 0.3024939020427053 0.3016722982781509 0.3008506945135965 0.3000290907490421 0.2992074869844877 0.2983858832199333 0.2975642794553789 0.2967426756908245 0.2959210719262701 0.2950994681617157 0.2942778643971613 0.2934562606326069 0.29263465686805107 0.2918130531034967 0.2909914493389423 0.2901698455743879 0.2893482418098335 0.28852663804527906 0.2877050342807247
0.35623295290643925 0.3540811248609758 0.3519292968155124 0.34977746877004895 0.3476256407245855 0.34547381267912214 0.3433219846336587 0.3411701565881953 0.33901832854273184 0.3368665004972684 0.3347146724518013 0.3325628444063379 0.33041101636087444 0.328259188315411 0.3261073602699476 0.32395553222448414 0.3218037041790207 0.3196518761335573 0.31750004808809384 0.3153482200426304 0.31383452689279073 0.31300301438520095 0.31217150187761117 0.31133998937002 0.3105084768624302 0.30967696435484043 0.30884545184725065 0.30801393933966087 0.3071824268320711 0.3063509143244813 0.3055194018168915 0.30468788930930174 0.30385637680171196 0.3030248642941222 0.3021933517865324 0.3013618392789426 0.30053032677135144 0.29969881426376166 0.2988673017561719 0.2980357892485821 0.2972042767409923 0.29637276423340253 0.29554125172581275
0.365089382218816 0.362896695255412 0.36070400829200805 0.3585113213286041 0.35631863436520006 0.3541259474017961 0.3519332604383921 0.3497405734749881 0.34754788651158414 0.34535519954818017 0.34316251258477243 0.34096982562136846 0.3387771386579645 0.33658445169456047 0.3343917647311565 0.33219907776775254 0.33000639080434857 0.32781370384094455 0.3256210168775406 0.3234283299141366 0.3218887366846538 0.32104731543402865 0.32020589418340345 0.31936447293277687 0.3185230516821517 0.3176816304315266 0.3168402091809014 0.31599878793027625 0.3151573666796511 0.3143159454290259 0.31347452417840077 0.31263310292777563 0.31179168167715043 0.3109502604265253 0.31010883917590015 0.309267417925275 0.3084259966746484 0.30758457542402323 0.3067431541733981 0.3059017329227729 0.30506031167214775 0.3042188904215226 0.3033774691708975
0.3739458115311927 0.37171226564984816 0.3694787197685036 0.3672451738871591 0.36501162800581455 0.36277808212447 0.3605445362431255 0.35831099036178093 0.35607744448043643 0.3538438985990919 0.35161035271774355 0.349376806836399 0.34714326095505443 0.34490971507370993 0.3426761691923654 0.3404426233110208 0.3382090774296763 0.33597553154833176 0.3337419856669872 0.3315084397856427 0.3299429464765168 0.32909161648285623 0.32824028648919573 0.32738895649553373 0.3265376265018732 0.3256862965082127 0.3248349665145521 0.3239836365208916 0.3231323065272311 0.3222809765335705 0.32142964653991 0.32057831654624946 0.31972698655258897 0.3188756565589284 0.3180243265652679 0.31717299657160736 0.31632166657794536 0.31547033658428486 0.3146190065906243 0.3137676765969638 0.31291634660330325 0.3120650166096427 0.3112136866159822
0.3828022408435694 0.3805278360442843 0.3782534312449992 0.3759790264457141 0.37370462164642904 0.37143021684714395 0.36915581204785886 0.36688140724857377 0.3646070024492887 0.3623325976500036 0.3600581928507146 0.3577837880514295 0.35550938325214443 0.35323497845285934 0.35096057365357425 0.34868616885428916 0.34641176405500407 0.344137359255719 0.3418629544564339 0.3395885496571488 0.3379971562683798 0.33713591753168387 0.33627467879498796 0.3354134400582906 0.3345522013215947 0.3336909625848988 0.33282972384820286 0.33196848511150695 0.33110724637481104 0.3302460076381152 0.32938476890141927 0.32852353016472335 0.32766229142802744 0.32680105269133153 0.3259398139546356 0.3250785752179397 0.32421733648124235 0.32335609774454643 0.3224948590078506 0.32163362027115466 0.32077238153445875 0.31991114279776284 0.3190499040610669
0.3916586701559499 0.3893434064387242 0.3870281427214986 0.3847128790042729 0.38239761528704724 0.3800823515698216 0.37776708785259594 0.37545182413537026 0.37313656041814464 0.37082129670091896 0.36850603298368934 0.3661907692664637 0.36387550554923803 0.36156024183201235 0.35924497811478673 0.35692971439756105 0.35461445068033537 0.3522991869631097 0.34998392324588407 0.3476686595286584 0.3460513660602462 0.34518021858051495 0.3443090711007837 0.3434379236210509 0.34256677614131964 0.3416956286615883 0.34082448118185704 0.33995333370212577 0.3390821862223945 0.33821103874266323 0.3373398912629319 0.33646874378320063 0.33559759630346936 0.3347264488237381 0.3338553013440068 0.3329841538642755 0.3321130063845427 0.33124185890481145 0.3303707114250802 0.3294995639453489 0.32862841646561763 0.3277572689858863 0.32688612150615504
0.40051509946832664 0.3981589768331604 0.3958028541979942 0.393446731562828 0.3910906089276618 0.3887344862924956 0.38637836365732936 0.38402224102216315 0.38166611838699693 0.3793099957518307 0.37695387311666045 0.37459775048149424 0.372241627846328 0.3698855052111618 0.3675293825759956 0.3651732599408294 0.3628171373056632 0.36046101467049696 0.3581048920353308 0.35574876940016453 0.3541055758521093 0.35322451962934265 0.35234346340657596 0.3514624071838078 0.35058135096104115 0.34970029473827446 0.34881923851550783 0.34793818229274115 0.3470571260699745 0.34617606984720783 0.3452950136244412 0.3444139574016745 0.34353290117890783 0.3426518449561412 0.3417707887333745 0.3408897325106079 0.3400086762878397 0.3391276200650731 0.3382465638423064 0.33736550761953976 0.3364844513967731 0.3356033951740064 0.33472233895123976
0.4093715287807033 0.4069745472275965 0.40457756567448977 0.402180584121383 0.3997836025682763 0.39738662101516947 0.3949896394620627 0.3925926579089559 0.3901956763558492 0.3877986948027424 0.3854017132496316 0.38300473169652477 0.380607750143418 0.3782107685903113 0.37581378703720447 0.3734168054840977 0.371019823930991 0.3686228423778842 0.3662258608247774 0.3638288792716706 0.3621597856439723 0.36126882067817023 0.3603778557123682 0.35948689074656465 0.3585959257807626 0.35770496081496056 0.35681399584915857 0.35592303088335653 0.3550320659175545 0.35414110095175244 0.3532501359859504 0.3523591710201484 0.35146820605434637 0.3505772410885443 0.3496862761227423 0.34879531115694024 0.3479043461911367 0.34701338122533465 0.34612241625953266 0.3452314512937306 0.3443404863279286 0.34344952136212653 0.3425585563963245
0.41822795809308383 0.4157901176220365 0.41335227715098916 0.41091443667994176 0.4084765962088944 0.4060387557378471 0.40360091526679975 0.4011630747957524 0.3987252343247051 0.39628739385365774 0.39384955338260624 0.3914117129115589 0.38897387244051157 0.38653603196946423 0.3840981914984169 0.38166035102736956 0.3792225105563222 0.3767846700852749 0.37434682961422755 0.3719089891431802 0.3702139954358387 0.36931312172700126 0.36841224801816386 0.3675113743093249 0.3666105006004875 0.3657096268916501 0.3648087531828127 0.3639078794739753 0.3630070057651379 0.36210613205630043 0.36120525834746303 0.36030438463862563 0.35940351092978823 0.3585026372209508 0.35760176351211337 0.35670088980327597 0.355800016094437 0.3548991423855996 0.3539982686767622 0.3530973949679248 0.3521965212590874 0.35129564755024995 0.35039477384141254
0.4270843874054605 0.42460568801647264 0.42212698862748477 0.41964828923849684 0.41716958984950897 0.41469089046052104 0.4122121910715332 0.4097334916825453 0.4072547922935574 0.4047760929045695 0.40229739351557736 0.3998186941265895 0.3973399947376016 0.3948612953486137 0.3923825959596258 0.38990389657063795 0.38742519718165 0.38494649779266216 0.3824677984036743 0.37998909901468636 0.3782682052277017 0.37735742277582895 0.3764466403239562 0.3755358578720818 0.37462507542020906 0.37371429296833625 0.3728035105164635 0.37189272806459067 0.3709819456127179 0.3700711631608451 0.36916038070897234 0.3682495982570995 0.36733881580522676 0.36642803335335394 0.3655172509014812 0.36460646844960837 0.36369568599773405 0.36278490354586124 0.3618741210939885 0.36096333864211566 0.3600525561902429 0.3591417737383701 0.3582309912864973
0.43594081671783724 0.4334212584109088 0.4309017001039804 0.4283821417970519 0.42586258349012346 0.423343025183195 0.4208234668762666 0.41830390856933813 0.4157843502624097 0.4132647919554812 0.4107452336485485 0.40822567534162 0.4057061170346916 0.40318655872776316 0.4006670004208347 0.39814744211390624 0.3956278838069778 0.39310832550004937 0.3905887671931209 0.38806920888619245 0.3863224150195647 0.3854017238246566 0.3844810326297484 0.3835603414348387 0.3826396502399305 0.38171895904502234 0.38079826785011417 0.37987757665520605 0.3789568854602979 0.3780361942653897 0.37711550307048153 0.3761948118755734 0.37527412068066524 0.37435342948575706 0.3734327382908489 0.37251204709594077 0.37159135590103104 0.37067066470612287 0.3697499735112147 0.3688292823163065 0.3679085911213984 0.3669878999264902 0.36606720873158205
0.4447972460302177 0.4422368288053487 0.43967641158047965 0.43711599435561066 0.43455557713074167 0.4319951599058726 0.4294347426810036 0.4268743254561346 0.4243139082312656 0.42175349100639653 0.41919307378152315 0.41663265655665416 0.41407223933178516 0.4115118221069161 0.4089514048820471 0.40639098765717807 0.4038305704323091 0.40127015320744003 0.39870973598257103 0.396149318757702 0.39437662481143115 0.3934460248734876 0.3925154249355441 0.39158482499759895 0.3906542250596554 0.3897236251217119 0.38879302518376835 0.3878624252458248 0.3869318253078812 0.3860012253699377 0.38507062543199416 0.38414002549405063 0.3832094255561071 0.38227882561816356 0.38134822568022003 0.3804176257422765 0.37948702580433136 0.3785564258663878 0.3776258259284443 0.37669522599050076 0.37576462605255717 0.37483402611461364 0.3739034261766701
0.4536536753425945 0.4510523991997849 0.4484511230569753 0.44584984691416574 0.44324857077135615 0.4406472946285466 0.43804601848573704 0.43544474234292746 0.4328434662001179 0.43024219005730835 0.4276409139144943 0.42503963777168474 0.42243836162887516 0.4198370854860656 0.417235809343256 0.41463453320044646 0.4120332570576369 0.4094319809148273 0.40683070477201777 0.4042294286292082 0.4024308346032942 0.40149032592231526 0.40054981724133637 0.39960930856035587 0.3986687998793769 0.39772829119839803 0.3967877825174191 0.3958472738364402 0.3949067651554613 0.39396625647448236 0.39302574779350347 0.3920852391125245 0.39114473043154563 0.3902042217505667 0.3892637130695878 0.3883232043886089 0.38738269570762834 0.38644218702664945 0.3855016783456705 0.3845611696646916 0.3836206609837127 0.3826801523027338 0.3817396436217549
0.4625101046549712 0.4598679695942211 0.457225834533471 0.4545836994727208 0.4519415644119707 0.4492994293512206 0.44665729429047046 0.44401515922972035 0.44137302416897023 0.4387308891082201 0.43608875404746544 0.4334466189867153 0.4308044839259652 0.4281623488652151 0.4255202138044649 0.42287807874371486 0.4202359436829647 0.41759380862221457 0.41495167356146445 0.41230953850071433 0.41048504439515726 0.40953462697114296 0.40858420954712865 0.40763379212311274 0.4066833746990985 0.4057329572750842 0.4047825398510699 0.4038321224270556 0.4028817050030413 0.401931287579027 0.4009808701550127 0.4000304527309984 0.39908003530698416 0.39812961788296986 0.39717920045895555 0.39622878303494125 0.3952783656109254 0.3943279481869111 0.3933775307628968 0.39242711333888247 0.3914766959148682 0.3905262784908539 0.3895758610668396
0.4713665339673517 0.46868353998866097 0.46600054600997026 0.46331755203127956 0.4606345580525889 0.4579515640738982 0.4552685700952075 0.4525855761165168 0.4499025821378261 0.44721958815913543 0.4445365941804401 0.44185360020174946 0.43917060622305876 0.43648761224436805 0.43380461826567734 0.43112162428698664 0.428438630308296 0.4257556363296053 0.4230726423509146 0.42038964837222387 0.41853925418702365 0.417578928019974 0.4166186018529243 0.41565827568587305 0.4146979495188234 0.41373762335177366 0.412777297184724 0.41181697101767434 0.4108566448506247 0.409896318683575 0.40893599251652535 0.4079756663494757 0.407015340182426 0.40605501401537636 0.4050946878483267 0.404134361681277 0.4031740355142257 0.40221370934717604 0.4012533831801264 0.4002930570130767 0.399332730846027 0.39837240467897733 0.39741207851192767
0.4802229632797284 0.47749911038309717 0.4747752574864659 0.47205140458983463 0.4693275516932034 0.46660369879657215 0.4638798458999409 0.4611559930033096 0.4584321401066784 0.45570828721004714 0.45298443431341123 0.45026058141678 0.44753672852014875 0.44481287562351746 0.4420890227268862 0.439365169830255 0.43664131693362374 0.4339174640369925 0.43119361114036125 0.42846975824372996 0.42659346397888664 0.4256232290688016 0.4246529941587166 0.42368275924862986 0.42271252433854484 0.4217422894284598 0.42077205451837474 0.4198018196082897 0.4188315846982047 0.4178613497881196 0.4168911148780346 0.4159208799679495 0.4149506450578645 0.4139804101477795 0.4130101752376944 0.4120399403276094 0.4110697054175227 0.4100994705074376 0.4091292355973526 0.40815900068726757 0.4071887657771825 0.40621853086709747 0.4052482959570124
