Figures/CREST_Example_wjb_NSE/PETs/wjb.pet.20090723.asc
ncols            288
nrows            254
xllcorner        113.274861
yllcorner        31.4918055
cellsize         0.008333333333
NODATA_value     -9999
[rows 140 to 159 of 254, columns 0 to 43 of 288]
-9999.0 2.4773798671991023 2.4728228444720703 2.4682658217450384 2.4637087990180064 2.4591517762909745 2.4545947535639425 2.4500377308369106 2.445480708109879 2.440923685382847 2.436366662655815 2.431809639928783 2.425850308966766 2.418391878815279 2.4109334486638048 2.4034750185123306 2.3960165883608564 2.388558158209382 2.3810997280579076 2.3736412979064334 2.3661828677549592 2.358724437603485 2.351266007452011 2.3438075773005367 2.336349147149062 2.328890716997588 2.3214322868461013 2.3139738566946266 2.3065154265431524 2.2990569963916783 2.291598566240204 2.28414013608873 2.2766817059372553 2.269223275785781 2.261764845634307 2.2543064154828327 2.2468479853313585 2.2393895551798844 2.23193112502841 2.224472694876923 2.217014264725449 2.2095558345739743 2.203981732650133 2.20042202018918
-9999.0 -9999.0 2.468319745708496 2.4638320662987656 2.4593443868890352 2.4548567074793044 2.450369028069574 2.4458813486598436 2.441393669250113 2.4369059898403824 2.432418310430652 2.427930631020921 2.4218267418424837 2.4139950879017533 2.4061634339610363 2.3983317800203188 2.3905001260796017 2.3826684721388847 2.3748368181981676 2.3670051642574506 2.3591735103167335 2.351341856376016 2.343510202435299 2.335678548494582 2.327846894553865 2.320015240613148 2.312183586672417 2.3043519327317 2.296520278790983 2.288688624850266 2.2808569709095488 2.2730253169688317 2.265193663028114 2.257362009087397 2.24953035514668 2.241698701205963 2.233867047265246 2.226035393324529 2.2182037393838114 2.210372085443081 2.202540431502364 2.194708777561647 2.1889954462489736 2.1855466497017164
-9999.0 -9999.0 2.463816646944922 2.459398310852493 2.4549799747600636 2.4505616386676348 2.4461433025752055 2.4417249664827763 2.437306630390347 2.432888294297918 2.428469958205489 2.4240516221130597 2.4178031747182014 2.4095982969882273 2.4013934192582673 2.3931885415283074 2.3849836637983475 2.3767787860683876 2.368573908338427 2.3603690306084673 2.3521641528785073 2.3439592751485474 2.3357543974185875 2.3275495196886276 2.3193446419586676 2.3111397642287077 2.3029348864987336 2.2947300087687736 2.2865251310388137 2.2783202533088533 2.2701153755788934 2.2619104978489335 2.2537056201189736 2.2455007423890136 2.2372958646590537 2.229090986929094 2.2208861091991334 2.2126812314691735 2.2044763537392136 2.1962714760092394 2.1880665982792795 2.1798617205493196 2.174009159847814 2.1706712792142526
-9999.0 -9999.0 2.459313548181348 2.4549645554062205 2.4506155626310924 2.4462665698559647 2.441917577080837 2.4375685843057093 2.433219591530581 2.4288705987554535 2.424521605980326 2.4201726132051977 2.413779607593919 2.4052015060747016 2.396623404555499 2.3880453030362956 2.379467201517093 2.37088909999789 2.362310998478687 2.3537328969594844 2.3451547954402816 2.3365766939210784 2.3279985924018756 2.3194204908826728 2.31084238936347 2.302264287844267 2.2936861863250497 2.285108084805847 2.276529983286644 2.267951881767441 2.259373780248238 2.2507956787290353 2.2422175772098325 2.2336394756906297 2.225061374171427 2.2164832726522237 2.207905171133021 2.199327069613818 2.1907489680946153 2.182170866575398 2.173592765056195 2.1650146635369922 2.1590228734466543 2.1557959087267884
-9999.0 -9999.0 2.4548104494177703 2.450530799959944 2.4462511505021176 2.441971501044291 2.437691851586465 2.4334122021286384 2.4291325526708123 2.4248529032129857 2.4205732537551596 2.416293604297333 2.409756040469633 2.400804715161172 2.391853389852726 2.3829020645442798 2.3739507392358337 2.3649994139273876 2.356048088618942 2.3470967633104958 2.3381454380020497 2.3291941126936035 2.3202427873851574 2.3112914620767113 2.302340136768265 2.293388811459819 2.284437486151358 2.2754861608429118 2.2665348355344657 2.2575835102260196 2.248632184917574 2.2396808596091278 2.2307295343006817 2.2217782089922355 2.2128268836837894 2.2038755583753433 2.194924233066897 2.185972907758451 2.1770215824500054 2.1680702571415438 2.1591189318330977 2.1501676065246516 2.1440365870454823 2.1409205382393117
-9999.0 -9999.0 2.4503073506541964 2.4460970445136714 2.4418867383731464 2.4376764322326214 2.4334661260920964 2.4292558199515715 2.4250455138110465 2.4208352076705215 2.416624901529996 2.412414595389471 2.405732473345351 2.396407924247646 2.3870833751499574 2.3777588260522684 2.3684342769545794 2.3591097278568904 2.3497851787592015 2.3404606296615125 2.3311360805638235 2.3218115314661345 2.3124869823684455 2.303162433270757 2.293837884173068 2.284513335075379 2.275188785977674 2.265864236879985 2.256539687782296 2.247215138684607 2.237890589586918 2.2285660404892296 2.2192414913915406 2.2099169422938516 2.2005923931961626 2.1912678440984736 2.1819432950007847 2.1726187459030957 2.1632941968054067 2.153969647707702 2.144645098610013 2.135320549512324 2.129050300644322 2.126045167751848
2.4540861775370697 2.449945214713846 2.4458042518906224 2.4416632890673986 2.437522326244175 2.4333813634209513 2.429240400597728 2.425099437774504 2.4209584749512807 2.416817512128057 2.412676549304833 2.4085355864816096 2.4017089062210686 2.3920111333341203 2.3823133604471884 2.3726155875602566 2.3629178146733247 2.3532200417863933 2.3435222688994615 2.3338244960125296 2.3241267231255978 2.314428950238666 2.304731177351734 2.295033404464802 2.2853356315778703 2.275637858690939 2.26594008580399 2.256242312917059 2.246544540030127 2.236846767143195 2.2271489942562632 2.2174512213693314 2.2077534484823995 2.1980556755954677 2.1883579027085363 2.1786601298216044 2.1689623569346725 2.1592645840477407 2.149566811160809 2.1398690382738605 2.1301712653869287 2.120473492499997 2.114064014243163 2.111169797264384
2.449444392138893 2.445372772632971 2.4413011531270485 2.4372295336211263 2.433157914115204 2.4290862946092817 2.4250146751033594 2.420943055597437 2.416871436091515 2.4127998165855926 2.4087281970796703 2.404656577573748 2.3976853390967867 2.3876143424205947 2.37754334574442 2.3674723490682457 2.357401352392071 2.347330355715896 2.3372593590397215 2.3271883623635468 2.317117365687372 2.3070463690111973 2.2969753723350226 2.286904375658848 2.276833378982673 2.266762382306499 2.256691385630307 2.246620388954132 2.2365493922779573 2.2264783956017826 2.216407398925608 2.206336402249433 2.196265405573259 2.186194408897084 2.1761234122209094 2.1660524155447347 2.15598141886856 2.1459104221923853 2.1358394255162105 2.1257684288400185 2.115697432163844 2.1056264354876695 2.0990777278420034 2.0962944267769203
-9999.0 2.4384082804386633 2.434424475184921 2.430440669931179 2.4264568646774367 2.4224730594236945 2.4184892541699523 2.41450544891621 2.410521643662468 2.4065378384087257 2.4025540331549835 2.3985702279012413 2.3916112824961626 2.3814718450436554 2.3713324075911655 2.361192970138675 2.351053532686185 2.3409140952336953 2.3307746577812054 2.3206352203287155 2.3104957828762256 2.3003563454237352 2.2902169079712453 2.2800774705187554 2.2699380330662655 2.2597985956137756 2.2496591581612684 2.2395197207087785 2.2293802832562886 2.219240845803798 2.2091014083513083 2.1989619708988184 2.1888225334463285 2.1786830959938386 2.1685436585413487 2.1584042210888583 2.1482647836363684 2.1381253461838785 2.1279859087313886 2.1178464712788814 2.1077070338263915 2.097567596373901 2.0909746072507533 2.088172851544663
-9999.0 2.4288868374630685 2.4250105907265214 2.4211343439899746 2.4172580972534274 2.4133818505168807 2.4095056037803335 2.4056293570437868 2.4017531103072396 2.397876863570693 2.3940006168341457 2.390124370097599 2.3833453819040136 2.37346329750311 2.3635812131022234 2.3536991287013365 2.34381704430045 2.333934959899563 2.3240528754986762 2.31417079109779 2.304288706696903 2.2944066222960164 2.2845245378951295 2.274642453494243 2.264760369093356 2.2548782846924693 2.244996200291566 2.235114115890679 2.2252320314897927 2.2153499470889058 2.2054678626880193 2.1955857782871324 2.1857036938862455 2.175821609485359 2.165939525084472 2.1560574406835857 2.146175356282699 2.1362932718818124 2.1264111874809255 2.1165291030800217 2.1066470186791353 2.0967649342782484 2.0902291570095284 2.0872706576947104
-9999.0 -9999.0 2.4155967062681145 2.411828018048763 2.408059329829411 2.4042906416100593 2.400521953390708 2.3967532651713563 2.3929845769520046 2.3892158887326533 2.3854472005133016 2.38167851229395 2.375079481311858 2.365454749962558 2.355830018613275 2.3462052872639916 2.3365805559147086 2.326955824565425 2.317331093216142 2.3077063618668587 2.2980816305175757 2.2884568991682923 2.278832167819009 2.269207436469726 2.2595827051204425 2.2499579737711595 2.2403332424218596 2.2307085110725766 2.221083779723293 2.2114590483740098 2.2018343170247268 2.1922095856754433 2.1825848543261603 2.172960122976877 2.163335391627594 2.1537106602783105 2.1440859289290275 2.134461197579744 2.1248364662304606 2.115211734881161 2.1055870035318778 2.095962272182595 2.0894837067683025 2.0863684638447566
-9999.0 -9999.0 -9999.0 -9999.0 -9999.0 -9999.0 2.3915383030010893 2.387877173298933 2.3842160435967767 2.3805549138946205 2.3768937841924638 2.3732326544903075 2.366813580719709 2.357446202422013 2.348078824124333 2.338711445826653 2.329344067528973 2.319976689231293 2.310609310933613 2.301241932635933 2.291874554338253 2.282507176040573 2.273139797742893 2.263772419445213 2.254405041147533 2.245037662849853 2.235670284552157 2.2263029062544772 2.2169355279567973 2.2075681496591173 2.1982007713614373 2.1888333930637573 2.1794660147660774 2.1700986364683974 2.1607312581707174 2.1513638798730375 2.1419965015753575 2.1326291232776775 2.1232617449799975 2.1138943666823016 2.1045269883846216 2.0951596100869416 2.0887382565270776 2.0854662699948037
-9999.0 -9999.0 -9999.0 -9999.0 -9999.0 2.386108223796432 2.3825546526114714 2.37900108142651 2.375447510241549 2.371893939056588 2.368340367871627 2.3647867966866656 2.35854768012756 2.349437654881468 2.340327629635391 2.3312176043893147 2.3221075791432377 2.312997553897161 2.3038875286510843 2.2947775034050077 2.285667478158931 2.2765574529128543 2.2674474276667778 2.258337402420701 2.2492273771746243 2.2401173519285473 2.2310073266824553 2.2218973014363783 2.212787276190302 2.203677250944225 2.1945672256981483 2.185457200452072 2.176347175205995 2.1672371499599183 2.1581271247138414 2.149017099467765 2.139907074221688 2.1307970489756114 2.1216870237295344 2.1125769984834424 2.103466973237366 2.094356947991289 2.087992806285852 2.0845640761448507
-9999.0 -9999.0 -9999.0 -9999.0 2.3804630275573846 2.377017014889619 2.373571002221853 2.3701249895540872 2.3666789768863215 2.3632329642185557 2.35978695155079 2.356340938883024 2.3502817795354116 2.341429107340923 2.3325764351464495 2.323723762951976 2.3148710907575025 2.306018418563029 2.297165746368556 2.2883130741740825 2.279460401979609 2.2706077297851355 2.261755057590662 2.2529023853961885 2.244049713201715 2.2351970410072415 2.226344368812753 2.2174916966182794 2.2086390244238063 2.199786352229333 2.1909336800348593 2.182081007840386 2.1732283356459123 2.164375663451439 2.1555229912569653 2.146670319062492 2.1378176468680183 2.128964974673545 2.120112302479072 2.111259630284583 2.1024069580901097 2.093554285895636 2.087247356044627 2.0836618822948982
-9999.0 -9999.0 -9999.0 -9999.0 2.3712642601333758 2.367925805982805 2.3645873518322347 2.361248897681664 2.3579104435310936 2.354571989380523 2.351233535229952 2.3478950810793817 2.3420158789432626 2.333420559800378 2.3248252406575074 2.3162299215146374 2.3076346023717673 2.299039283228897 2.290443964086027 2.2818486449431568 2.2732533258002863 2.2646580066574162 2.256062687514546 2.2474673683716757 2.2388720492288057 2.2302767300859356 2.2216814109430505 2.2130860918001805 2.2044907726573104 2.19589545351444 2.18730013437157 2.1787048152287 2.1701094960858294 2.1615141769429593 2.1529188578000893 2.1443235386572193 2.1357282195143488 2.1271329003714787 2.1185375812286082 2.1099422620857236 2.1013469429428535 2.092751623799983 2.0865019058034022 2.0827596884449453
-9999.0 -9999.0 -9999.0 -9999.0 -9999.0 -9999.0 2.3556037014426163 2.352372805809241 2.3491419101758657 2.3459110145424904 2.342680118909115 2.33944922327574 2.333749978351114 2.3254120122598327 2.3170740461685657 2.308736080077299 2.300398113986032 2.292060147894765 2.283722181803498 2.275384215712231 2.2670462496209645 2.2587082835296974 2.2503703174384304 2.2420323513471634 2.233694385255897 2.22535641916463 2.2170184530733485 2.2086804869820815 2.2003425208908145 2.192004554799548 2.183666588708281 2.175328622617014 2.166990656525747 2.1586526904344803 2.1503147243432132 2.1419767582519462 2.133638792160679 2.125300826069412 2.1169628599781456 2.1086248938868644 2.1002869277955973 2.0919489617043303 2.0857564555621773 2.0818574945949924
-9999.0 -9999.0 -9999.0 -9999.0 -9999.0 -9999.0 -9999.0 -9999.0 2.340373376820638 2.3372500397044575 2.3341267025882777 2.3310033654720974 2.325484077758965 2.3174034647192876 2.3093228516796236 2.30124223863996 2.2931616256002965 2.285081012560633 2.2770003995209693 2.2689197864813053 2.2608391734416418 2.252758560401978 2.2446779473623146 2.2365973343226506 2.228516721282987 2.2204361082433235 2.212355495203646 2.204274882163982 2.1961942691243186 2.188113656084655 2.1800330430449915 2.1719524300053275 2.163871816965664 2.1557912039260003 2.1477105908863368 2.1396299778466727 2.131549364807009 2.1234687517673456 2.115388138727682 2.1073075256880043 2.0992269126483407 2.091146299608677 2.085011005320952 2.0809553007450394
-9999.0 -9999.0 -9999.0 -9999.0 -9999.0 -9999.0 -9999.0 -9999.0 -9999.0 2.328589064866418 -9999.0 -9999.0 -9999.0 2.309394917178736 2.3015716571906757 2.2937483972026156 2.285925137214555 2.278101877226495 2.270278617238435 2.2624553572503747 2.2546320972623146 2.246808837274254 2.238985577286194 2.231162317298134 2.2233390573100738 2.2155157973220136 2.2076925373339398 2.1998692773458797 2.1920460173578196 2.1842227573697595 2.1763994973816994 2.168576237393639 2.1607529774055787 2.1529297174175186 2.1451064574294585 2.1372831974413984 2.129459937453338 2.1216366774652777 2.1138134174772176 2.105990157489144 2.098166897501084 2.0903436375130235 2.084265555079726 2.080053106895086
-9999.0 -9999.0 -9999.0 -9999.0 -9999.0 -9999.0 -9999.0 -9999.0 -9999.0 -9999.0 -9999.0 -9999.0 -9999.0 -9999.0 2.2938204627017336 2.2862545557652765 2.27868864882882 2.2711227418923627 2.2635568349559057 2.255990928019449 2.248425021082992 2.2408591141465353 2.233293207210078 2.225727300273621 2.2181613933371644 2.2105954864007074 2.2030295794642374 2.1954636725277807 2.1878977655913237 2.180331858654867 2.17276595171841 2.165200044781953 2.157634137845496 2.150068230909039 2.1425023239725824 2.1349364170361254 2.1273705100996683 2.1198046031632116 2.1122386962267545 2.1046727892902846 2.097106882353828 2.089540975417371 2.083520104838501 2.079150913045133
-9999.0 -9999.0 -9999.0 -9999.0 -9999.0 -9999.0 -9999.0 -9999.0 -9999.0 -9999.0 -9999.0 -9999.0 -9999.0 -9999.0 -9999.0 -9999.0 2.2714521604430846 2.264143606558231 2.2568350526733774 2.2495264987885237 2.24221794490367 2.234909391018816 2.2276008371339624 2.2202922832491088 2.212983729364255 2.2056751754794015 2.1983666215945354 2.191058067709682 2.183749513824828 2.1764409599399746 2.169132406055121 2.1618238521702673 2.1545152982854137 2.1472067444005596 2.139898190515706 2.1325896366308523 2.1252810827459987 2.117972528861145 2.1106639749762914 2.1033554210914254 2.0960468672065717 2.088738313321718 2.082774654597276 2.07824871919518
