Figures/CREST_Example_wjb_NSE/PETs/wjb.pet.20100429.asc
ncols            288
nrows            254
xllcorner        113.274861
yllcorner        31.4918055
cellsize         0.008333333333
NODATA_value     -9999
[rows 40 to 59 of 254, columns 88 to 131 of 288]
3.251856962688131 3.2541534248786435 3.256449887069156 3.258746349259672 3.2610428114501846 3.263339273640697 3.2656357358312094 3.2679321980217217 3.270228660212234 3.2725251224027465 3.274821584593259 3.2771180467837713 3.2794145089742837 3.281710971164796 3.282185118836225 3.2807111710820402 3.279237223327853 3.2777632755736676 3.276289327819483 3.274815380065298 3.273341432311113 3.271867484556928 3.270393536802743 3.2689195890485583 3.2674456412943735 3.2659716935401883 3.2644977457860036 3.263023798031819 3.2615498502776337 3.2600759025234463 3.2586019547692615 3.2571280070150763 3.2556540592608916 3.254180111506707 3.2527061637525216 3.251232215998337 3.249758268244152 3.248284320489967 3.246810372735782 3.245336424981597 3.2438624772274123 3.2423885294732275 3.24091458171904 3.239440633964855
3.254409886394855 3.25676549587315 3.2591211053514444 3.2614767148297426 3.263832324308037 3.2661879337863313 3.268543543264626 3.2708991527429205 3.2732547622212147 3.2756103716995093 3.2779659811778035 3.280321590656098 3.2826772001343927 3.285032809612687 3.2855315267591836 3.284045184016429 3.282558841273672 3.2810724985309174 3.279586155788163 3.2780998130454084 3.276613470302654 3.2751271275598994 3.273640784817145 3.272154442074391 3.2706680993316364 3.269181756588882 3.2676954138461274 3.266209071103373 3.2647227283606184 3.2632363856178612 3.2617500428751067 3.2602637001323522 3.2587773573895977 3.2572910146468432 3.2558046719040887 3.2543183291613342 3.2528319864185797 3.2513456436758257 3.249859300933071 3.2483729581903167 3.246886615447562 3.2454002727048077 3.2439139299620505 3.242427587219296
3.25696281010158 3.2593775668676566 3.261792323633733 3.2642070803998138 3.26662183716589 3.2690365939319666 3.271451350698043 3.2738661074641193 3.2762808642301957 3.278695620996272 3.281110377762349 3.2835251345284253 3.2859398912945017 3.288354648060578 3.288877934682142 3.2873791969508184 3.285880459219492 3.2843817214881676 3.2828829837568434 3.2813842460255196 3.2798855082941953 3.2783867705628715 3.2768880328315473 3.2753892951002235 3.2738905573688992 3.2723918196375754 3.270893081906251 3.269394344174927 3.267895606443603 3.2663968687122766 3.2648981309809524 3.263399393249628 3.2619006555183043 3.26040191778698 3.2589031800556563 3.257404442324332 3.255905704593008 3.254406966861684 3.2529082291303597 3.251409491399036 3.2499107536677116 3.248412015936388 3.246913278205061 3.245414540473737
3.2595157338083047 3.261989637862163 3.2644635419160215 3.266937445969884 3.2694113500237427 3.2718852540776013 3.2743591581314595 3.276833062185318 3.2793069662391767 3.281780870293035 3.2842547743468935 3.286728678400752 3.2892025824546103 3.291676486508469 3.2922243426051008 3.290713209885207 3.289202077165311 3.2876909444454174 3.286179811725524 3.2846686790056303 3.2831575462857367 3.2816464135658427 3.280135280845949 3.2786241481260556 3.277113015406162 3.2756018826862685 3.274090749966375 3.2725796172464814 3.2710684845265874 3.2695573518066916 3.2680462190867976 3.266535086366904 3.2650239536470105 3.263512820927117 3.2620016882072234 3.26049055548733 3.2589794227674362 3.2574682900475422 3.2559571573276487 3.254446024607755 3.2529348918878616 3.251423759167968 3.2499126264480718 3.248401493728178
3.2620686575150293 3.2646017088566697 3.2671347601983105 3.269667811539955 3.2722008628815957 3.274733914223236 3.2772669655648765 3.279800016906517 3.2823330682481577 3.284866119589798 3.2873991709314385 3.289932222273079 3.2924652736147197 3.29499832495636 3.29557075052806 3.2940472228195965 3.292523695111131 3.2910001674026677 3.2894766396942043 3.287953111985741 3.286429584277278 3.284906056568815 3.2833825288603515 3.2818590011518882 3.2803354734434254 3.278811945734962 3.2772884180264987 3.2757648903180354 3.2742413626095725 3.2727178349011066 3.2711943071926433 3.26967077948418 3.268147251775717 3.2666237240672538 3.2651001963587905 3.263576668650327 3.2620531409418643 3.260529613233401 3.2590060855249376 3.2574825578164743 3.2559590301080115 3.254435502399548 3.252911974691082 3.2513884469826193
3.2646215812217534 3.267213779851176 3.2698059784805986 3.2723981771100257 3.2749903757394483 3.2775825743688705 3.280174772998293 3.2827669716277157 3.2853591702571383 3.2879513688865605 3.290543567515983 3.2931357661454057 3.2957279647748283 3.298320163404251 3.2989171584510184 3.2973812357539853 3.29584531305695 3.2943093903599174 3.2927734676628844 3.2912375449658517 3.289701622268819 3.288165699571786 3.2866297768747534 3.285093854177721 3.2835579314806878 3.282022008783655 3.2804860860866225 3.2789501633895894 3.277414240692557 3.2758783179955215 3.274342395298489 3.272806472601456 3.2712705499044232 3.2697346272073906 3.2681987045103575 3.266662781813325 3.2651268591162923 3.2635909364192592 3.2620550137222266 3.260519091025194 3.258983168328161 3.2574472456311283 3.255911322934093 3.25437540023706
3.2671745049284806 3.269825850845685 3.2724771967628894 3.2751285426800987 3.277779888597303 3.280431234514508 3.2830825804317123 3.285733926348917 3.2883852722661215 3.2910366181833264 3.2936879641005308 3.2963393100177356 3.29899065593494 3.3016420018521444 3.3022635663739797 3.3007152486883777 3.2991669310027727 3.2976186133171703 3.296070295631568 3.2945219779459656 3.292973660260363 3.291425342574761 3.2898770248891585 3.288328707203556 3.2867803895179537 3.2852320718323513 3.283683754146749 3.2821354364611466 3.280587118775544 3.279038801089939 3.277490483404337 3.2759421657187344 3.2743938480331325 3.27284553034753 3.2712972126619277 3.2697488949763254 3.268200577290723 3.2666522596051206 3.2651039419195182 3.263555624233916 3.2620073065483135 3.260458988862711 3.258910671177106 3.2573623534915037
3.2697274286352047 3.2724379218401913 3.275148415045178 3.2778589082501695 3.280569401455156 3.2832798946601427 3.2859903878651293 3.288700881070116 3.291411374275102 3.2941218674800887 3.2968323606850753 3.299542853890062 3.3022533470950486 3.304963840300035 3.3056099742969383 3.3040492616227666 3.302488548948592 3.30092783627442 3.299367123600248 3.2978064109260763 3.296245698251904 3.2946849855777325 3.2931242729035604 3.2915635602293882 3.2900028475552165 3.2884421348810444 3.2868814222068727 3.2853207095327006 3.283759996858529 3.282199284184354 3.2806385715101825 3.2790778588360103 3.2775171461618386 3.2759564334876665 3.274395720813495 3.2728350081393227 3.271274295465151 3.269713582790979 3.268152870116807 3.266592157442635 3.2650314447684634 3.2634707320942913 3.2619100194201165 3.260349306745945
3.2722803523419297 3.275049992834698 3.277819633327467 3.2805892738202402 3.283358914313009 3.2861285548057775 3.2888981952985463 3.2916678357913147 3.2944374762840836 3.297207116776852 3.299976757269621 3.302746397762389 3.305516038255158 3.3082856787479265 3.3089563822198973 3.307383274557156 3.3058101668944118 3.30423705923167 3.3026639515689284 3.301090843906187 3.2995177362434456 3.297944628580704 3.2963715209179627 3.2947984132552213 3.29322530559248 3.291652197929738 3.2900790902669965 3.288505982604255 3.2869328749415136 3.2853597672787695 3.283786659616028 3.2822135519532862 3.280640444290545 3.2790673366278034 3.277494228965062 3.2759211213023205 3.274348013639579 3.2727749059768376 3.2712017983140957 3.2696286906513543 3.268055582988613 3.2664824753258714 3.2649093676631273 3.263336260000386
3.2748332760486543 3.277662063829205 3.2804908516097555 3.283319639390311 3.2861484271708616 3.2889772149514123 3.291806002731963 3.2946347905125135 3.297463578293064 3.3002923660736148 3.3031211538541654 3.305949941634716 3.3087787294152666 3.3116075171958173 3.312302790142856 3.3107172874915447 3.309131784840231 3.3075462821889197 3.305960779537609 3.3043752768862977 3.3027897742349865 3.3012042715836754 3.2996187689323646 3.2980332662810534 3.2964477636297422 3.294862260978431 3.2932767583271203 3.291691255675809 3.290105753024498 3.288520250373184 3.286934747721873 3.285349245070562 3.283763742419251 3.2821782397679398 3.2805927371166286 3.279007234465318 3.2774217318140066 3.2758362291626955 3.2742507265113843 3.2726652238600735 3.2710797212087623 3.269494218557451 3.2679087159061373 3.2663232132548266
3.277386199755379 3.2802741348237117 3.283162069892044 3.286050004960382 3.2889379400287146 3.291825875097047 3.29471381016538 3.2976017452337123 3.300489680302045 3.3033776153703776 3.3062655504387104 3.3091534855070432 3.3120414205753756 3.3149293556437085 3.3156491980658145 3.314051300425934 3.312453402786051 3.31085550514617 3.3092576075062894 3.3076597098664084 3.306061812226528 3.3044639145866475 3.3028660169467665 3.301268119306886 3.2996702216670055 3.2980723240271246 3.296474426387244 3.2948765287473636 3.2932786311074826 3.2916807334675995 3.2900828358277185 3.288484938187838 3.2868870405479576 3.2852891429080766 3.283691245268196 3.282093347628315 3.2804954499884347 3.278897552348554 3.2772996547086732 3.2757017570687927 3.2741038594289122 3.2725059617890313 3.270908064149148 3.269310166509267
3.2799391234621034 3.282886205818218 3.2858332881743326 3.2887803705304526 3.291727452886567 3.294674535242682 3.2976216175987965 3.300568699954911 3.3035157823110257 3.3064628646671403 3.309409947023255 3.3123570293793696 3.3153041117354847 3.3182511940915993 3.318995605988773 3.317385313360323 3.31577502073187 3.3141647281034197 3.3125544354749694 3.310944142846519 3.309333850218069 3.3077235575896187 3.3061132649611684 3.304502972332718 3.3028926797042684 3.301282387075818 3.299672094447368 3.2980618018189176 3.2964515091904674 3.2948412165620145 3.293230923933564 3.291620631305114 3.2900103386766637 3.2884000460482135 3.286789753419763 3.285179460791313 3.2835691681628627 3.2819588755344125 3.280348582905962 3.278738290277512 3.2771279976490617 3.2755177050206115 3.2739074123921585 3.2722971197637083
3.282492047168828 3.2854982768127248 3.2885045064566216 3.2915107361005234 3.29451696574442 3.2975231953883166 3.3005294250322135 3.3035356546761103 3.3065418843200067 3.3095481139639036 3.3125543436078004 3.315560573251697 3.3185668028955937 3.3215730325394905 3.322342013911732 3.320719326294712 3.31909663867769 3.31747395106067 3.31585126344365 3.3142285758266303 3.3126058882096103 3.3109832005925908 3.3093605129755708 3.307737825358551 3.306115137741531 3.3044924501245116 3.3028697625074916 3.3012470748904716 3.299624387273452 3.2980016996564294 3.2963790120394094 3.29475632442239 3.29313363680537 3.2915109491883503 3.2898882615713303 3.2882655739543107 3.2866428863372907 3.285020198720271 3.283397511103251 3.281774823486231 3.2801521358692116 3.2785294482521916 3.2769067606351694 3.2752840730181494
3.2850449708755547 3.2881103478072338 3.2911757247389124 3.2942411016705964 3.297306478602275 3.300371855533954 3.3034372324656327 3.3065026093973113 3.3095679863289904 3.312633363260669 3.3156987401923477 3.3187641171240267 3.3218294940557054 3.324894870987384 3.325688421834694 3.324053339229104 3.322418256623512 3.320783174017923 3.3191480914123335 3.3175130088067437 3.3158779262011544 3.314242843595565 3.312607760989976 3.3109726783843865 3.309337595778797 3.3077025131732074 3.306067430567618 3.304432347962029 3.3027972653564395 3.301162182750847 3.2995271001452577 3.2978920175396684 3.296256934934079 3.29462185232849 3.2929867697229005 3.2913516871173107 3.2897166045117214 3.288081521906132 3.286446439300543 3.2848113566949535 3.283176274089364 3.2815411914837744 3.2799061088781825 3.278271026272593
3.2875978945822792 3.29072241880174 3.293846943021201 3.296971467240667 3.300095991460128 3.3032205156795884 3.3063450398990493 3.30946956411851 3.312594088337971 3.315718612557432 3.3188431367768927 3.3219676609963535 3.325092185215814 3.328216709435275 3.329034829757652 3.3273873521634934 3.3257398745693316 3.3240923969751726 3.3224449193810135 3.3207974417868544 3.319149964192696 3.3175024865985367 3.3158550090043777 3.3142075314102186 3.31256005381606 3.310912576221901 3.309265098627742 3.307617621033583 3.305970143439424 3.304322665845262 3.3026751882511034 3.3010277106569443 3.2993802330627853 3.297732755468626 3.2960852778744676 3.2944378002803085 3.2927903226861495 3.2911428450919904 3.289495367497832 3.2878478899036727 3.2862004123095137 3.2845529347153546 3.282905457121193 3.2812579795270342
3.2901508182890042 3.293334489796247 3.2965181613034895 3.299701832810738 3.302885504317981 3.3060691758252236 3.3092528473324663 3.3124365188397094 3.315620190346952 3.318803861854195 3.3219875333614377 3.3251712048686803 3.3283548763759234 3.331538547883166 3.332381237680611 3.3307213650978826 3.329061492515151 3.327401619932423 3.325741747349694 3.3240818747669656 3.322422002184237 3.3207621296015084 3.31910225701878 3.317442384436051 3.315782511853323 3.3141226392705945 3.3124627666878657 3.3108028941051373 3.309143021522409 3.3074831489396774 3.305823276356949 3.3041634037742202 3.302503531191492 3.300843658608763 3.2991837860260347 3.2975239134433063 3.2958640408605775 3.294204168277849 3.2925442956951207 3.290884423112392 3.2892245505296636 3.2875646779469347 3.2859048053642037 3.284244932781475
3.292703741995729 3.295946560790753 3.299189379585778 3.3024321983808087 3.3056750171758336 3.3089178359708584 3.3121606547658833 3.3154034735609077 3.3186462923559326 3.3218891111509574 3.3251319299459823 3.328374748741007 3.331617567536032 3.334860386331057 3.3357276456035696 3.3340553780322715 3.3323831104609707 3.3307108428896726 3.3290385753183744 3.3273663077470763 3.325694040175778 3.32402177260448 3.322349505033182 3.320677237461884 3.3190049698905857 3.3173327023192876 3.3156604347479894 3.3139881671766913 3.312315899605393 3.3106436320340924 3.3089713644627943 3.307299096891496 3.305626829320198 3.3039545617489 3.3022822941776018 3.3006100266063036 3.2989377590350055 3.2972654914637074 3.2955932238924093 3.293920956321111 3.292248688749813 3.290576421178515 3.288904153607214 3.287231886035916
3.2952566657024533 3.29855863178526 3.301860597868067 3.3051625639508795 3.3084645300336866 3.311766496116493 3.3150684621993003 3.318370428282107 3.3216723943649136 3.3249743604477207 3.3282763265305273 3.3315782926133344 3.334880258696141 3.338182224778948 3.3390740535265286 3.3373893909666608 3.33570472840679 3.3340200658469223 3.332335403287055 3.330650740727187 3.3289660781673196 3.3272814156074517 3.3255967530475843 3.3239120904877164 3.322227427927849 3.320542765367981 3.318858102808113 3.317173440248246 3.315488777688378 3.3138041151285074 3.31211945256864 3.310434790008772 3.3087501274489046 3.3070654648890367 3.305380802329169 3.3036961397693014 3.3020114772094336 3.300326814649566 3.2986421520896982 3.296957489529831 3.295272826969963 3.2935881644100955 3.291903501850225 3.290218839290357
3.295555973649734 3.2988317562758396 3.302107538901945 3.3053833215280566 3.308659104154162 3.311934886780268 3.315210669406374 3.3184864520324795 3.321762234658585 3.3250380172846907 3.3283137999107963 3.331589582536902 3.334865365163008 3.3381411477891136 3.3390450368089493 3.3374133179323278 3.3357815990557036 3.334149880179082 3.3325181613024606 3.330886442425839 3.329254723549218 3.3276230046725965 3.325991285795975 3.3243595669193535 3.322727848042732 3.3210961291661105 3.319464410289489 3.3178326914128675 3.3162009725362465 3.314569253659622 3.3129375347830003 3.3113058159063793 3.309674097029758 3.3080423781531363 3.306410659276515 3.3047789403998933 3.303147221523272 3.3015155026466503 3.2998837837700288 3.2982520648934077 3.296620346016786 3.2949886271401647 3.2933569082635406 3.291725189386919
3.2934463084482464 3.2966046944321894 3.299763080416133 3.3029214664000817 3.306079852384025 3.309238238367968 3.3123966243519116 3.315555010335855 3.3187133963197986 3.3218717823037416 3.325030168287685 3.3281885542716285 3.3313469402555715 3.334505326239515 3.335407903982547 3.3338989717095195 3.332390039436489 3.3308811071634614 3.3293721748904335 3.327863242617406 3.326354310344378 3.32484537807135 3.3233364457983225 3.3218275135252946 3.320318581252267 3.318809648979239 3.3173007167062116 3.3157917844331837 3.314282852160156 3.3127739198871256 3.311264987614098 3.30975605534107 3.3082471230680426 3.3067381907950146 3.305229258521987 3.303720326248959 3.3022113939759317 3.3007024617029037 3.2991935294298758 3.2976845971568483 3.2961756648838203 3.294666732610793 3.2931578003377626 3.2916488680647347
