Figures/CREST_Example_wjb_NSE/PETs/wjb.pet.20091021.asc
ncols            288
nrows            254
xllcorner        113.274861
yllcorner        31.4918055
cellsize         0.008333333333
NODATA_value     -9999
[rows 180 to 199 of 254, columns 220 to 263 of 288]
1.6927725358517438 1.6922182957299023 1.6913358288140419 1.6901024800270306 1.688869131240019 1.6876357824530077 1.6864024336659962 1.6851690848789849 1.6839357360919736 1.682702387304962 1.6814690385179507 1.6802356897309392 1.6790023409439279 1.6777689921569165 1.676535643369903 1.6753022945828915 1.6740689457958802 1.6728355970088686 1.6716022482218573 1.670368899434846 1.6691355506478345 1.6679022018608232 1.6666688530738116 1.6654355042868003 1.6642021554997888 1.6629688067127775 1.6617354579257662 1.6605021091387526 1.659268760351741 1.6580354115647298 1.6568020627777182 1.655568713990707 1.6544378077441892 1.6534164148924386 1.652395022040688 -9999.0 -9999.0 -9999.0 -9999.0 -9999.0 -9999.0 -9999.0 -9999.0 -9999.0
1.6932894639068417 1.6926853151499976 1.6917862846518 1.6905720188984068 1.6893577531450137 1.6881434873916206 1.6869292216382274 1.6857149558848343 1.6845006901314412 1.683286424378048 1.682072158624655 1.6808578928712619 1.6796436271178687 1.6784293613644758 1.6772150956110805 1.6760008298576874 1.6747865641042945 1.6735722983509014 1.6723580325975083 1.6711437668441151 1.669929501090722 1.668715235337329 1.6675009695839358 1.6662867038305427 1.6650724380771496 1.6638581723237564 1.6626439065703633 1.6614296408169682 1.660215375063575 1.659001109310182 1.657786843556789 1.656572577803396 1.6554695657878404 1.6544854865364709 -9999.0 -9999.0 -9999.0 -9999.0 -9999.0 -9999.0 -9999.0 -9999.0 -9999.0 -9999.0
1.6938063919619397 1.693152334570093 1.6922367404895577 1.6910415577697828 1.6898463750500081 1.6886511923302334 1.6874560096104585 1.6862608268906838 1.6850656441709089 1.6838704614511342 1.6826752787313592 1.6814800960115845 1.6802849132918098 1.679089730572035 1.6778945478522582 1.6766993651324833 1.6755041824127086 1.6743089996929337 1.673113816973159 1.671918634253384 1.6707234515336093 1.6695282688138346 1.6683330860940597 1.667137903374285 1.66594272065451 1.6647475379347354 1.6635523552149607 1.6623571724951838 1.661161989775409 1.6599668070556342 1.6587716243358595 1.6575764416160845 1.6565013238314914 -9999.0 -9999.0 -9999.0 -9999.0 -9999.0 -9999.0 -9999.0 -9999.0 -9999.0 -9999.0 -9999.0
1.6943233200170382 1.6936193539901887 1.692687196327316 1.6915110966411595 1.690334996955003 1.6891588972688467 1.6879827975826902 1.6868066978965337 1.6856305982103772 1.6844544985242207 1.6832783988380642 1.682102299151908 1.6809261994657514 1.6797500997795949 1.6785740000934364 1.6773979004072799 1.6762218007211234 1.675045701034967 1.6738696013488106 1.672693501662654 1.6715174019764976 1.670341302290341 1.6691652026041846 1.6679891029180283 1.6668130032318718 1.6656369035457153 1.6644608038595587 1.6632847041734002 1.6621086044872437 1.6609325048010875 1.659756405114931 1.6585803054287744 1.6575330818751435 1.656623629824536 -9999.0 -9999.0 -9999.0 -9999.0 -9999.0 -9999.0 -9999.0 -9999.0 -9999.0 -9999.0
1.6948402480721363 1.694086373410284 1.6931376521650738 1.6919806355125357 1.6908236188599977 1.6896666022074596 1.6885095855549213 1.6873525689023832 1.686195552249845 1.6850385355973068 1.6838815189447687 1.6827245022922306 1.6815674856396923 1.6804104689871542 1.679253452334614 1.6780964356820758 1.6769394190295377 1.6757824023769996 1.6746253857244615 1.6734683690719232 1.672311352419385 1.671154335766847 1.6699973191143087 1.6688403024617706 1.6676832858092325 1.6665262691566942 1.6653692525041561 1.664212235851616 1.6630552191990777 1.6618982025465396 1.6607411858940015 1.6595841692414632 1.6585648399187949 1.6576927014685685 -9999.0 -9999.0 -9999.0 -9999.0 -9999.0 -9999.0 -9999.0 -9999.0 -9999.0 -9999.0
1.6953571761272344 1.6945533928303793 1.6935881080028319 1.692450174383912 1.691312240764992 1.6901743071460722 1.6890363735271523 1.6878984399082326 1.6867605062893127 1.6856225726703928 1.684484639051473 1.683346705432553 1.6822087718136332 1.6810708381947135 1.6799329045757916 1.6787949709568717 1.6776570373379518 1.6765191037190321 1.6753811701001122 1.6742432364811923 1.6731053028622724 1.6719673692433525 1.6708294356244326 1.669691502005513 1.668553568386593 1.6674156347676732 1.6662777011487533 1.6651397675298314 1.6640018339109117 1.6628639002919918 1.661725966673072 1.660588033054152 1.6595965979624459 1.6587617731126005 -9999.0 -9999.0 -9999.0 -9999.0 -9999.0 -9999.0 -9999.0 -9999.0 -9999.0 -9999.0
1.6958741041823322 1.6950204122504746 1.6940385638405897 1.6929197132552882 1.6918008626699865 1.690682012084685 1.6895631614993836 1.688444310914082 1.6873254603287804 1.686206609743479 1.6850877591581774 1.6839689085728757 1.6828500579875743 1.6817312074022728 1.6806123568169693 1.6794935062316676 1.6783746556463661 1.6772558050610646 1.676136954475763 1.6750181038904615 1.67389925330516 1.6727804027198583 1.6716615521345568 1.6705427015492553 1.6694238509639538 1.6683050003786521 1.6671861497933507 1.6660672992080472 1.6649484486227457 1.663829598037444 1.6627107474521425 1.661591896866841 -9999.0 -9999.0 -9999.0 -9999.0 -9999.0 -9999.0 -9999.0 -9999.0 -9999.0 -9999.0 -9999.0 -9999.0
1.6963910322374303 1.69548743167057 1.6944890196783475 1.6933892521266645 1.6922894845749812 1.691189717023298 1.6900899494716146 1.6889901819199313 1.6878904143682483 1.686790646816565 1.6856908792648817 1.6845911117131984 1.6834913441615151 1.682391576609832 1.6812918090581468 1.6801920415064637 1.6790922739547804 1.6779925064030972 1.6768927388514139 1.6757929712997306 1.6746932037480475 1.6735934361963642 1.672493668644681 1.6713939010929977 1.6702941335413144 1.6691943659896313 1.668094598437948 1.666994830886263 1.6658950633345797 1.6647952957828964 1.6636955282312131 -9999.0 -9999.0 -9999.0 -9999.0 -9999.0 -9999.0 -9999.0 -9999.0 -9999.0 -9999.0 -9999.0 -9999.0 -9999.0
1.6969079602925283 1.6959544510906652 1.6949394755161056 1.6938587909980405 1.6927781064799756 1.6916974219619108 1.6906167374438459 1.6895360529257808 1.688455368407716 1.687374683889651 1.686293999371586 1.685213314853521 1.6841326303354562 1.6830519458173914 1.6819712612993245 1.6808905767812596 1.6798098922631948 1.6787292077451297 1.6776485232270648 1.676567838709 1.6754871541909349 1.67440646967287 1.6733257851548051 1.6722451006367403 1.6711644161186752 1.6700837316006103 1.6690030470825454 1.6679223625644786 1.6668416780464137 1.6657609935283488 1.6646803090102837 -9999.0 -9999.0 -9999.0 -9999.0 -9999.0 -9999.0 -9999.0 -9999.0 -9999.0 -9999.0 -9999.0 -9999.0 -9999.0
1.6974248883476268 1.696421470510761 1.6953899313538638 1.6943283298694172 1.6932667283849707 1.692205126900524 1.6911435254160774 1.6900819239316307 1.6890203224471843 1.6879587209627376 1.686897119478291 1.6858355179938445 1.6847739165093978 1.6837123150249511 1.6826507135405027 1.681589112056056 1.6805275105716095 1.6794659090871629 1.6784043076027162 1.6773427061182697 1.676281104633823 1.6752195031493764 1.6741579016649297 1.6730963001804833 1.6720346986960366 1.67097309721159 1.6699114957271433 1.668849894242695 1.6677882927582484 1.6667266912738017 1.665665089789355 -9999.0 -9999.0 -9999.0 -9999.0 -9999.0 -9999.0 -9999.0 -9999.0 -9999.0 -9999.0 -9999.0 -9999.0 -9999.0
1.697941816402725 1.6968884899308563 1.6958403871916217 1.6947978687407934 1.6937553502899652 1.692712831839137 1.6916703133883086 1.6906277949374802 1.689585276486652 1.6885427580358237 1.6875002395849954 1.686457721134167 1.6854152026833387 1.6843726842325104 1.6833301657816804 1.6822876473308521 1.6812451288800236 1.6802026104291954 1.6791600919783671 1.6781175735275389 1.6770750550767106 1.6760325366258821 1.6749900181750539 1.6739474997242256 1.6729049812733974 1.6718624628225691 1.6708199443717406 1.6697774259209106 1.6687349074700824 1.667692389019254 1.6666498705684256 1.6656073521175974 -9999.0 -9999.0 -9999.0 -9999.0 -9999.0 -9999.0 -9999.0 -9999.0 -9999.0 -9999.0 -9999.0 -9999.0
1.6984587444578227 1.6973555093509516 1.6962908430293797 1.6952674076121697 1.6942439721949596 1.6932205367777498 1.6921971013605397 1.6911736659433296 1.6901502305261198 1.6891267951089097 1.6881033596916997 1.6870799242744896 1.6860564888572798 1.6850330534400697 1.684009618022858 1.682986182605648 1.681962747188438 1.680939311771228 1.679915876354018 1.678892440936808 1.677869005519598 1.676845570102388 1.675822134685178 1.674798699267968 1.6737752638507581 1.672751828433548 1.671728393016338 1.6707049575991264 1.6696815221819163 1.6686580867647063 1.6676346513474964 1.6666112159302864 -9999.0 -9999.0 -9999.0 -9999.0 -9999.0 -9999.0 -9999.0 -9999.0 -9999.0 -9999.0 -9999.0 -9999.0
1.6989756725129208 1.697822528771047 1.6967412988671375 1.695736946483546 1.6947325940999542 1.6937282417163626 1.6927238893327707 1.691719536949179 1.6907151845655874 1.6897108321819958 1.6887064797984042 1.6877021274148123 1.6866977750312206 1.685693422647629 1.6846890702640356 1.683684717880444 1.6826803654968523 1.6816760131132606 1.680671660729669 1.6796673083460771 1.6786629559624855 1.6776586035788938 1.6766542511953022 1.6756498988117106 1.6746455464281187 1.673641194044527 1.6726368416609354 1.671632489277342 1.6706281368937503 1.6696237845101587 1.668619432126567 1.6676150797429752 -9999.0 -9999.0 -9999.0 -9999.0 -9999.0 -9999.0 -9999.0 -9999.0 -9999.0 -9999.0 -9999.0 -9999.0
1.6994926005680189 1.6982895481911422 1.6971917547048954 1.6962064853549221 1.6952212160049487 1.6942359466549752 1.693250677305002 1.6922654079550286 1.691280138605055 1.6902948692550819 1.6893095999051084 1.688324330555135 1.6873390612051615 1.6863537918551883 1.685368522505213 1.6843832531552398 1.6833979838052664 1.682412714455293 1.6814274451053197 1.6804421757553463 1.6794569064053728 1.6784716370553996 1.6774863677054261 1.6765010983554527 1.6755158290054795 1.674530559655506 1.6735452903055326 1.6725600209555576 1.671574751605584 1.6705894822556109 1.6696042129056374 1.668618943555664 1.6678506623116562 -9999.0 -9999.0 -9999.0 -9999.0 -9999.0 -9999.0 -9999.0 -9999.0 -9999.0 -9999.0 -9999.0
1.7000095286231172 1.6987565676112375 1.6976422105426536 1.6966760242262986 1.6957098379099433 1.6947436515935883 1.6937774652772333 1.6928112789608782 1.6918450926445232 1.6908789063281682 1.6899127200118131 1.6889465336954579 1.6879803473791029 1.6870141610627478 1.6860479747463912 1.685081788430036 1.684115602113681 1.683149415797326 1.6821832294809709 1.6812170431646158 1.6802508568482608 1.6792846705319058 1.6783184842155505 1.6773522978991955 1.6763861115828405 1.6754199252664854 1.6744537389501304 1.6734875526337736 1.6725213663174185 1.6715551800010635 1.6705889936847085 1.6696228073683534 1.6688824203553079 -9999.0 -9999.0 -9999.0 -9999.0 -9999.0 -9999.0 -9999.0 -9999.0 -9999.0 -9999.0 -9999.0
1.7005264566782152 1.6992235870313328 1.6980926663804115 1.6971455630976746 1.696198459814938 1.6952513565322012 1.6943042532494645 1.6933571499667277 1.6924100466839909 1.6914629434012542 1.6905158401185174 1.6895687368357806 1.688621633553044 1.6876745302703071 1.6867274269875687 1.685780323704832 1.6848332204220953 1.6838861171393584 1.6829390138566218 1.681991910573885 1.6810448072911481 1.6800977040084115 1.6791506007256747 1.678203497442938 1.6772563941602012 1.6763092908774644 1.6753621875947278 1.6744150843119894 1.6734679810292525 1.672520877746516 1.671573774463779 1.6706266711810422 1.6699141783989593 -9999.0 -9999.0 -9999.0 -9999.0 -9999.0 -9999.0 -9999.0 -9999.0 -9999.0 -9999.0 -9999.0
1.701043384733313 1.699690606451428 1.6985431222181693 1.6976151019690509 1.6966870817199324 1.695759061470814 1.6948310412216956 1.6939030209725772 1.6929750007234587 1.6920469804743403 1.6911189602252217 1.6901909399761033 1.6892629197269848 1.6883348994778664 1.6874068792287464 1.686478858979628 1.6855508387305096 1.6846228184813912 1.6836947982322727 1.682766777983154 1.6818387577340357 1.6809107374849173 1.6799827172357988 1.6790546969866804 1.678126676737562 1.6771986564884436 1.6762706362393252 1.675342615990205 1.6744145957410865 1.673486575491968 1.6725585552428497 1.6716305349937313 1.6709459364426105 -9999.0 -9999.0 -9999.0 -9999.0 -9999.0 -9999.0 -9999.0 -9999.0 -9999.0 -9999.0 -9999.0
1.7015603127884114 1.7001576258715236 1.6989935780559275 1.6980846408404273 1.697175703624927 1.696266766409427 1.6953578291939269 1.6944488919784269 1.6935399547629266 1.6926310175474266 1.6917220803319264 1.6908131431164262 1.6899042059009262 1.688995268685426 1.6880863314699244 1.6871773942544241 1.686268457038924 1.685359519823424 1.6844505826079237 1.6835416453924237 1.6826327081769235 1.6817237709614232 1.6808148337459232 1.679905896530423 1.678996959314923 1.6780880220994228 1.6771790848839228 1.676270147668421 1.6753612104529207 1.6744522732374207 1.6735433360219205 1.6726343988064205 1.6719776944862619 -9999.0 -9999.0 -9999.0 -9999.0 -9999.0 -9999.0 -9999.0 -9999.0 -9999.0 -9999.0 -9999.0
1.7020772408435094 1.700624645291619 1.6994440338936854 1.6985541797118036 1.6976643255299217 1.69677447134804 1.6958846171661581 1.6949947629842763 1.6941049088023945 1.6932150546205125 1.6923252004386307 1.6914353462567489 1.690545492074867 1.6896556378929852 1.6887657837111019 1.68787592952922 1.6869860753473382 1.6860962211654564 1.6852063669835746 1.6843165128016928 1.683426658619811 1.6825368044379292 1.6816469502560474 1.6807570960741656 1.6798672418922838 1.6789773877104017 1.67808753352852 1.6771976793466368 1.6763078251647547 1.675417970982873 1.6745281168009911 -9999.0 -9999.0 -9999.0 -9999.0 -9999.0 -9999.0 -9999.0 -9999.0 -9999.0 -9999.0 -9999.0 -9999.0 -9999.0
1.7025941688986075 1.7010916647117142 1.6998944897314432 1.6990237185831798 1.6981529474349162 1.6972821762866528 1.6964114051383892 1.6955406339901258 1.6946698628418622 1.6937990916935985 1.6929283205453352 1.6920575493970715 1.6911867782488081 1.6903160071005445 1.6894452359522796 1.688574464804016 1.6877036936557526 1.686832922507489 1.6859621513592256 1.685091380210962 1.6842206090626985 1.683349837914435 1.6824790667661715 1.681608295617908 1.6807375244696443 1.679866753321381 1.6789959821731173 1.6781252110248523 1.677254439876589 1.6763836687283253 1.6755128975800617 -9999.0 -9999.0 -9999.0 -9999.0 -9999.0 -9999.0 -9999.0 -9999.0 -9999.0 -9999.0 -9999.0 -9999.0 -9999.0
