Figures/CREST_Example_wjb_NSE/PETs/wjb.pet.20090725.asc
ncols            288
nrows            254
xllcorner        113.274861
yllcorner        31.4918055
cellsize         0.008333333333
NODATA_value     -9999
[rows 20 to 39 of 254, columns 0 to 43 of 288]
-9999.0 -9999.0 -9999.0 -9999.0 -9999.0 -9999.0 -9999.0 -9999.0 -9999.0 -9999.0 -9999.0 -9999.0 -9999.0 -9999.0 -9999.0 -9999.0 -9999.0 -9999.0 -9999.0 -9999.0 -9999.0 -9999.0 -9999.0 2.47009768349363 2.4727215502413205 2.4753454169890103 2.477969283736705 2.480593150484395 2.4832170172320853 2.485840883979775 2.4884647507274655 2.4910886174751554 2.4937124842228457 2.4963363509705356 2.498960217718226 2.501584084465916 2.5042079512136057 2.506831817961296 2.509455684708986 2.5120795514566807 2.5147034182043706 2.517327284952061 2.5208515182765288 2.525338263820684
-9999.0 -9999.0 -9999.0 -9999.0 -9999.0 -9999.0 -9999.0 -9999.0 -9999.0 -9999.0 -9999.0 -9999.0 -9999.0 -9999.0 -9999.0 -9999.0 -9999.0 -9999.0 -9999.0 -9999.0 -9999.0 -9999.0 2.471912896868941 2.4744730027812376 2.477033108693534 2.479593214605831 2.482153320518132 2.4847134264304285 2.487273532342725 2.4898336382550217 2.4923937441673183 2.4949538500796145 2.497513955991911 2.5000740619042077 2.5026341678165043 2.505194273728801 2.5077543796410975 2.510314485553394 2.5128745914656907 2.5154346973779917 2.5179948032902884 2.5205549092025845 2.5240096791610243 2.5284208652050197
-9999.0 -9999.0 -9999.0 -9999.0 -9999.0 -9999.0 -9999.0 -9999.0 -9999.0 -9999.0 -9999.0 -9999.0 -9999.0 -9999.0 -9999.0 -9999.0 -9999.0 -9999.0 -9999.0 -9999.0 -9999.0 -9999.0 -9999.0 2.478848322068845 2.4813446671457484 2.4838410122226513 2.4863373572995586 2.488833702376462 2.491330047453365 2.4938263925302677 2.496322737607171 2.498819082684074 2.5013154277609773 2.50381177283788 2.506308117914783 2.5088044629916864 2.5113008080685892 2.5137971531454926 2.5162934982223955 2.5187898432993028 2.521286188376206 2.523782533453109 2.52716784004552 2.5315034665893563
-9999.0 -9999.0 -9999.0 -9999.0 -9999.0 -9999.0 -9999.0 -9999.0 -9999.0 -9999.0 -9999.0 -9999.0 -9999.0 -9999.0 -9999.0 -9999.0 -9999.0 -9999.0 -9999.0 -9999.0 -9999.0 -9999.0 2.4807910571149434 2.483223641356453 2.485656225597962 2.488088809839472 2.490521394080986 2.492953978322495 2.4953865625640046 2.497819146805514 2.500251731047024 2.5026843152885334 2.505116899530043 2.507549483771552 2.509982068013062 2.5124146522545714 2.514847236496081 2.5172798207375906 2.5197124049791 2.522144989220614 2.5245775734621234 2.5270101577036326 2.5303260009300157 2.5345860679736925
-9999.0 -9999.0 -9999.0 -9999.0 -9999.0 -9999.0 -9999.0 -9999.0 -9999.0 -9999.0 -9999.0 -9999.0 -9999.0 -9999.0 -9999.0 -9999.0 -9999.0 -9999.0 -9999.0 -9999.0 -9999.0 -9999.0 2.485230137237944 2.48759896064406 2.4899677840501764 2.4923366074562923 2.494705430862412 2.4970742542685285 2.4994430776746444 2.5018119010807602 2.5041807244868766 2.5065495478929924 2.5089183712991083 2.511287194705224 2.5136560181113405 2.5160248415174564 2.5183936649235723 2.5207624883296886 2.5231313117358045 2.5255001351419244 2.5278689585480407 2.5302377819541566 2.533484161814511 2.5376686693580286
-9999.0 -9999.0 -9999.0 -9999.0 -9999.0 -9999.0 -9999.0 -9999.0 -9999.0 -9999.0 -9999.0 -9999.0 -9999.0 -9999.0 -9999.0 -9999.0 -9999.0 -9999.0 -9999.0 -9999.0 -9999.0 -9999.0 2.4896692173609454 2.491974279931668 2.4942793425023906 2.4965844050731127 2.4988894676438393 2.501194530214562 2.5034995927852846 2.5058046553560067 2.5081097179267293 2.510414780497452 2.5127198430681745 2.5150249056388967 2.5173299682096193 2.519635030780342 2.5219400933510645 2.5242451559217867 2.5265502184925093 2.528855281063236 2.5311603436339585 2.5334654062046806 2.5366423226990067 2.5407512707423647
-9999.0 -9999.0 -9999.0 -9999.0 -9999.0 -9999.0 -9999.0 -9999.0 -9999.0 -9999.0 -9999.0 -9999.0 -9999.0 -9999.0 -9999.0 -9999.0 2.480660487071973 2.4829017888073017 2.4851430905426306 2.4873843922779595 2.489625694013289 2.4918669957486177 2.4941082974839466 2.4963495992192755 2.4985909009546043 2.5008322026899337 2.503073504425266 2.5053148061605954 2.5075561078959243 2.509797409631253 2.512038711366582 2.514280013101911 2.5165213148372403 2.518762616572569 2.521003918307898 2.523245220043227 2.525486521778556 2.527727823513885 2.529969125249214 2.5322104269845465 2.534451728719876 2.5366930304552047 2.539800483583502 2.543833872126701
-9999.0 -9999.0 -9999.0 -9999.0 -9999.0 -9999.0 -9999.0 -9999.0 -9999.0 -9999.0 -9999.0 -9999.0 -9999.0 -9999.0 -9999.0 -9999.0 2.485482132207339 2.487659673107274 2.48983721400721 2.492014754907145 2.4941922958070806 2.4963698367070157 2.4985473776069513 2.5007249185068865 2.502902459406822 2.5050800003067573 2.5072575412066964 2.509435082106632 2.511612623006567 2.513790163906503 2.515967704806438 2.5181452457063735 2.5203227866063087 2.5225003275062443 2.5246778684061795 2.526855409306115 2.5290329502060502 2.531210491105986 2.533388032005921 2.53556557290586 2.5377431138057958 2.539920654705731 2.5429586444680004 2.5469164735110397
-9999.0 -9999.0 -9999.0 -9999.0 -9999.0 -9999.0 -9999.0 -9999.0 -9999.0 -9999.0 -9999.0 -9999.0 -9999.0 -9999.0 -9999.0 2.4881680280903784 2.490328123334899 2.4924882185794197 2.4946483138239404 2.496808409068461 2.4989685043129817 2.5011285995575023 2.503288694802023 2.5054487900465436 2.5076088852910643 2.509768980535585 2.511929075780109 2.51408917102463 2.5162492662691505 2.518409361513671 2.5205694567581918 2.5227295520027124 2.524889647247233 2.5270497424917537 2.5292098377362744 2.531369932980795 2.5335300282253157 2.5356901234698364 2.537850218714357 2.5400103139588817 2.5421704092034023 2.544330504447923 2.5473214336564727 2.55120054315018
-9999.0 -9999.0 -9999.0 -9999.0 -9999.0 -9999.0 -9999.0 -9999.0 -9999.0 -9999.0 -9999.0 -9999.0 -9999.0 -9999.0 -9999.0 2.49300798119696 2.495200138792897 2.4973922963888335 2.4995844539847702 2.501776611580707 2.503968769176644 2.506160926772581 2.5083530843685176 2.5105452419644543 2.512737399560391 2.514929557156328 2.5171217147522684 2.519313872348205 2.5215060299441423 2.523698187540079 2.5258903451360157 2.5280825027319525 2.530274660327889 2.5324668179238263 2.534658975519763 2.5368511331156998 2.5390432907116365 2.541235448307573 2.5434276059035104 2.5456197634994506 2.5478119210953873 2.5500040786913245 2.5529718945398243 2.556768906590904
-9999.0 -9999.0 -9999.0 -9999.0 -9999.0 -9999.0 -9999.0 -9999.0 -9999.0 -9999.0 -9999.0 -9999.0 -9999.0 -9999.0 -9999.0 2.4978479343035414 2.5000721542508946 2.5022963741982474 2.5045205941456 2.5067448140929534 2.508969034040306 2.5111932539876594 2.513417473935012 2.515641693882365 2.517865913829718 2.520090133777071 2.5223143537244277 2.5245385736717805 2.5267627936191337 2.5289870135664865 2.5312112335138397 2.5334354534611925 2.5356596734085453 2.5378838933558985 2.5401081133032513 2.5423323332506045 2.5445565531979573 2.5467807731453105 2.5490049930926633 2.55122921304002 2.553453432987373 2.555677652934726 2.5586223554231764 2.562337270031628
-9999.0 -9999.0 -9999.0 -9999.0 -9999.0 -9999.0 -9999.0 -9999.0 -9999.0 -9999.0 -9999.0 -9999.0 -9999.0 -9999.0 -9999.0 2.5026878874101226 2.5049441697088914 2.5072004520076607 2.50945673430643 2.511713016605199 2.513969298903968 2.5162255812027374 2.5184818635015063 2.5207381458002756 2.522994428099045 2.5252507103978137 2.5275069926965865 2.529763274995356 2.532019557294125 2.534275839592894 2.536532121891663 2.5387884041904325 2.5410446864892013 2.5433009687879706 2.54555725108674 2.5478135333855088 2.550069815684278 2.552326097983047 2.554582380281816 2.556838662580589 2.5590949448793583 2.5613512271781276 2.5642728163065285 2.567905633472352
-9999.0 -9999.0 -9999.0 -9999.0 -9999.0 -9999.0 -9999.0 -9999.0 -9999.0 -9999.0 -9999.0 -9999.0 -9999.0 -9999.0 2.5052394958665185 2.507527840516704 2.509816185166889 2.5121045298170745 2.51439287446726 2.5166812191174452 2.5189695637676306 2.5212579084178155 2.523546253068001 2.525834597718186 2.5281229423683715 2.530411287018557 2.532699631668746 2.534987976318931 2.5372763209691165 2.539564665619302 2.541853010269487 2.5441413549196725 2.5464296995698574 2.5487180442200428 2.551006388870228 2.5532947335204135 2.555583078170599 2.557871422820784 2.560159767470969 2.5624481121211584 2.5647364567713438 2.567024801421529 2.5699232771898806 2.5734739969130755
-9999.0 -9999.0 -9999.0 -9999.0 -9999.0 -9999.0 -9999.0 -9999.0 -9999.0 -9999.0 -9999.0 -9999.0 -9999.0 -9999.0 2.510047386621688 2.5123677936232895 2.514688200624891 2.5170086076264924 2.5193290146280938 2.5216494216296956 2.523969828631297 2.5262902356328985 2.5286106426345 2.5309310496361013 2.5332514566377027 2.535571863639304 2.5378922706409095 2.540212677642511 2.5425330846441123 2.544853491645714 2.5471738986473156 2.549494305648917 2.5518147126505184 2.55413511965212 2.556455526653721 2.5587759336553226 2.561096340656924 2.5634167476585255 2.5657371546601273 2.5680575616617327 2.570377968663334 2.5726983756649355 2.5755737380732375 2.5790423603538044
-9999.0 -9999.0 -9999.0 -9999.0 -9999.0 -9999.0 -9999.0 -9999.0 -9999.0 -9999.0 -9999.0 -9999.0 -9999.0 -9999.0 2.5148552773768533 2.5172077467298712 2.5195602160828887 2.521912685435906 2.524265154788924 2.5266176241419416 2.528970093494959 2.531322562847977 2.5336750322009944 2.536027501554012 2.5383799709070294 2.5407324402600473 2.5430849096130688 2.5454373789660862 2.547789848319104 2.5501423176721216 2.552494787025139 2.554847256378157 2.5571997257311745 2.559552195084192 2.56190466443721 2.5642571337902273 2.566609603143245 2.5689620724962627 2.57131454184928 2.5736670112023017 2.5760194805553196 2.578371949908337 2.5812241989565896 2.5846107237945284
-9999.0 -9999.0 -9999.0 -9999.0 -9999.0 -9999.0 -9999.0 -9999.0 -9999.0 -9999.0 -9999.0 -9999.0 -9999.0 -9999.0 2.519663168132019 2.5220476998364525 2.5244322315408865 2.52681676324532 2.529201294949754 2.5315858266541875 2.5339703583586215 2.536354890063055 2.538739421767489 2.5411239534719225 2.5435084851763565 2.54589301688079 2.548277548585228 2.550662080289662 2.5530466119940955 2.5554311436985295 2.557815675402963 2.560200207107397 2.5625847388118306 2.5649692705162646 2.567353802220698 2.569738333925132 2.5721228656295656 2.5745073973339996 2.576891929038433 2.579276460742871 2.5816609924473046 2.5840455241517386 2.5868746598399412 2.590179087235252
-9999.0 -9999.0 -9999.0 -9999.0 -9999.0 -9999.0 -9999.0 -9999.0 -9999.0 -9999.0 -9999.0 -9999.0 -9999.0 2.5220544648313337 2.5244710588871837 2.5268876529430337 2.529304246998884 2.5317208410547334 2.5341374351105834 2.5365540291664335 2.5389706232222835 2.541387217278133 2.543803811333983 2.546220405389833 2.5486369994456832 2.551053593501533 2.553470187557387 2.555886781613237 2.558303375669087 2.560719969724937 2.5631365637807866 2.5655531578366366 2.5679697518924867 2.5703863459483367 2.5728029400041863 2.5752195340600363 2.5776361281158864 2.5800527221717364 2.582469316227586 2.58488591028344 2.58730250433929 2.58971909839514 2.5925251207232933 2.595747450675976
-9999.0 -9999.0 -9999.0 -9999.0 -9999.0 -9999.0 -9999.0 -9999.0 -9999.0 -9999.0 -9999.0 -9999.0 2.5243816368278127 2.526830293235083 2.529278949642349 2.531727606049615 2.534176262456881 2.536624918864147 2.5390735752714133 2.5415222316786794 2.5439708880859455 2.5464195444932116 2.5488682009004777 2.551316857307744 2.55376551371501 2.556214170122276 2.558662826529546 2.5611114829368122 2.5635601393440783 2.5660087957513444 2.5684574521586105 2.5709061085658766 2.5733547649731427 2.575803421380409 2.578252077787675 2.580700734194941 2.583149390602207 2.5855980470094733 2.5880467034167394 2.5904953598240095 2.5929440162312756 2.5953926726385417 2.5981755816066454 2.6013158141167
-9999.0 -9999.0 -9999.0 -9999.0 -9999.0 -9999.0 -9999.0 -9999.0 -9999.0 -9999.0 -9999.0 -9999.0 -9999.0 2.5316061216388324 2.5340868403975145 2.5365675591561967 2.539048277914879 2.541528996673561 2.544009715432243 2.546490434190926 2.548971152949608 2.55145187170829 2.5539325904669723 2.5564133092256545 2.5588940279843366 2.561374746743019 2.5638554655017054 2.5663361842603876 2.5688169030190697 2.5712976217777523 2.5737783405364345 2.5762590592951167 2.578739778053799 2.581220496812481 2.583701215571163 2.5861819343298458 2.588662653088528 2.59114337184721 2.5936240906058923 2.596104809364579 2.598585528123261 2.601066246881943 2.6038260424899975 2.6068841775574234
-9999.0 -9999.0 -9999.0 -9999.0 -9999.0 -9999.0 -9999.0 -9999.0 -9999.0 -9999.0 -9999.0 -9999.0 -9999.0 2.5363819500425815 2.5388947311526797 2.541407512262778 2.5439202933728766 2.546433074482975 2.5489458555930735 2.5514586367031717 2.55397141781327 2.5564841989233686 2.558996980033467 2.561509761143565 2.5640225422536638 2.566535323363762 2.5690481044738647 2.571560885583963 2.5740736666940616 2.57658644780416 2.579099228914258 2.5816120100243567 2.584124791134455 2.5866375722445536 2.589150353354652 2.59166313446475 2.5941759155748487 2.596688696684947 2.599201477795045 2.601714258905148 2.6042270400152465 2.6067398211253447 2.6094765033733496 2.6124525409981474
