Figures/CREST_Example_wjb_NSE/PETs/wjb.pet.20090321.asc
ncols            288
nrows            254
xllcorner        113.274861
yllcorner        31.4918055
cellsize         0.008333333333
NODATA_value     -9999
[rows 190 to 208 of 254, columns 176 to 219 of 288]
0.5359175282046995 0.5354931536141642 0.5350687790236289 0.5346444044330936 0.5342200298425583 0.533795655252023 0.533371280661487 0.5329469060709517 0.5325225314804164 0.532098156889881 0.5316737822993458 0.5312494077088105 0.5308250331182752 0.5304006585277399 0.5299762839372046 0.5295519093466693 0.530332528448609 0.5324013130727244 0.5344700976968398 0.5365388823209587 0.5386076669450741 0.5406764515691895 0.542745236193305 0.5448140208174204 0.5468828054415358 0.5489515900656512 0.5510203746897666 0.553089159313882 0.5551579439379974 0.5572267285621127 0.5592955131862282 0.5613642978103436 0.5634330824344626 0.565501867058578 0.5675706516826934 0.5696394363068088 0.5717082209309242 0.5737770055550396 0.575845790179155 0.5779145748032704 0.5799833594273858 0.5820521440515012 0.5841209286756166 0.586189713299732
0.537662940045279 0.5372295507479068 0.5367961614505344 0.5363627721531622 0.53592938285579 0.5354959935584176 0.5350626042610446 0.5346292149636723 0.5341958256663001 0.5337624363689277 0.5333290470715555 0.5328956577741832 0.5324622684768109 0.5320288791794386 0.5315954898820663 0.531162100584694 0.5319331846077592 0.5339918778635178 0.5360505711192763 0.5381092643750384 0.5401679576307968 0.5422266508865554 0.544285344142314 0.5463440373980725 0.548402730653831 0.5504614239095896 0.5525201171653481 0.5545788104211067 0.5566375036768652 0.5586961969326237 0.5607548901883823 0.5628135834441408 0.5648722766999028 0.5669309699556614 0.56898966321142 0.5710483564671784 0.573107049722937 0.5751657429786955 0.5772244362344541 0.5792831294902127 0.5813418227459711 0.5834005160017297 0.5854592092574882 0.5875179025132468
0.5394083518858586 0.5389659478816493 0.5385235438774401 0.5380811398732307 0.5376387358690214 0.5371963318648122 0.5367539278606022 0.5363115238563929 0.5358691198521837 0.5354267158479744 0.5349843118437652 0.5345419078395559 0.5340995038353467 0.5336570998311373 0.533214695826928 0.5327722918227188 0.5335338407669095 0.5355824426543111 0.5376310445417128 0.539679646429118 0.5417282483165197 0.5437768502039213 0.5458254520913229 0.5478740539787247 0.5499226558661263 0.551971257753528 0.5540198596409297 0.5560684615283313 0.558117063415733 0.5601656653031346 0.5622142671905364 0.564262869077938 0.5663114709653432 0.5683600728527448 0.5704086747401464 0.5724572766275482 0.5745058785149498 0.5765544804023515 0.5786030822897532 0.5806516841771548 0.5827002860645565 0.5847488879519581 0.5867974898393599 0.5888460917267615
0.5411537637264381 0.5407023450153918 0.5402509263043456 0.5397995075932993 0.539348088882253 0.5388966701712068 0.5384452514601598 0.5379938327491135 0.5375424140380674 0.5370909953270211 0.5366395766159748 0.5361881579049286 0.5357367391938823 0.5352853204828361 0.5348339017717898 0.5343824830607435 0.5351344969260597 0.5371730074451045 0.5392115179641493 0.5412500284831976 0.5432885390022424 0.5453270495212872 0.547365560040332 0.5494040705593768 0.5514425810784216 0.5534810915974664 0.5555196021165112 0.557558112635556 0.5595966231546008 0.5616351336736456 0.5636736441926904 0.5657121547117352 0.5677506652307834 0.5697891757498282 0.571827686268873 0.5738661967879178 0.5759047073069626 0.5779432178260074 0.5799817283450522 0.582020238864097 0.5840587493831418 0.5860972599021866 0.5881357704212314 0.5901742809402762
0.5428991755670183 0.542438742149135 0.5419783087312519 0.5415178753133686 0.5410574418954853 0.5405970084776022 0.5401365750597181 0.5396761416418349 0.5392157082239516 0.5387552748060684 0.5382948413881852 0.5378344079703019 0.5373739745524188 0.5369135411345355 0.5364531077166522 0.535992674298769 0.5367351530852107 0.5387635722358985 0.5407919913865865 0.5428204105372779 0.5448488296879658 0.5468772488386537 0.5489056679893417 0.5509340871400296 0.5529625062907175 0.5549909254414054 0.5570193445920933 0.5590477637427813 0.5610761828934692 0.5631046020441571 0.5651330211948451 0.567161440345533 0.5691898594962244 0.5712182786469122 0.5732466977976002 0.5752751169482881 0.577303536098976 0.579331955249664 0.5813603744003519 0.5833887935510398 0.5854172127017278 0.5874456318524156 0.5894740510031036 0.5915024701537915
0.5446445874075978 0.5441751392828775 0.5437056911581574 0.5432362430334371 0.5427667949087169 0.5422973467839968 0.5418278986592757 0.5413584505345554 0.5408890024098353 0.540419554285115 0.5399501061603948 0.5394806580356746 0.5390112099109544 0.5385417617862343 0.538072313661514 0.5376028655367938 0.5383358092443609 0.540354137026692 0.542372464809023 0.5443907925913575 0.5464091203736886 0.5484274481560196 0.5504457759383506 0.5524641037206818 0.5544824315030128 0.5565007592853438 0.5585190870676748 0.560537414850006 0.562555742632337 0.564574070414668 0.5665923981969991 0.5686107259793302 0.5706290537616646 0.5726473815439957 0.5746657093263268 0.5766840371086578 0.5787023648909888 0.5807206926733199 0.582739020455651 0.584757348237982 0.5867756760203131 0.5887940038026441 0.5908123315849751 0.5928306593673063
0.5463899992481773 0.5459115364166202 0.5454330735850629 0.5449546107535057 0.5444761479219485 0.5439976850903914 0.5435192222588333 0.5430407594272761 0.5425622965957189 0.5420838337641617 0.5416053709326045 0.5411269081010474 0.5406484452694901 0.5401699824379329 0.5396915196063757 0.5392130567748186 0.5399364654035111 0.5419447018174853 0.5439529382314595 0.5459611746454371 0.5479694110594113 0.5499776474733855 0.5519858838873597 0.5539941203013339 0.5560023567153081 0.5580105931292823 0.5600188295432564 0.5620270659572306 0.5640353023712048 0.566043538785179 0.5680517751991532 0.5700600116131274 0.572068248027105 0.5740764844410792 0.5760847208550534 0.5780929572690275 0.5801011936830017 0.5821094300969758 0.58411766651095 0.5861259029249242 0.5881341393388984 0.5901423757528725 0.5921506121668467 0.5941588485808209
0.5481354110887575 0.5476479335503633 0.5471604560119692 0.546672978473575 0.5461855009351808 0.5456980233967866 0.5452105458583916 0.5447230683199974 0.5442355907816032 0.543748113243209 0.5432606357048149 0.5427731581664207 0.5422856806280265 0.5417982030896323 0.5413107255512382 0.540823248012844 0.5415371215626621 0.5435352666082794 0.5455334116538967 0.5475315566995175 0.5495297017451347 0.5515278467907521 0.5535259918363693 0.5555241368819867 0.557522281927604 0.5595204269732212 0.5615185720188386 0.5635167170644559 0.5655148621100732 0.5675130071556905 0.5695111522013078 0.5715092972469251 0.5735074422925458 0.5755055873381631 0.5775037323837805 0.5795018774293977 0.5815000224750151 0.5834981675206324 0.5854963125662497 0.587494457611867 0.5894926026574843 0.5914907477031016 0.593488892748719 0.5954870377943362
0.549880822929337 0.5493843306841059 0.5488878384388747 0.5483913461936436 0.5478948539484124 0.5473983617031812 0.5469018694579492 0.5464053772127181 0.5459088849674869 0.5454123927222557 0.5449159004770245 0.5444194082317934 0.5439229159865622 0.5434264237413311 0.5429299314960999 0.5424334392508687 0.5431377777218124 0.5451258313990728 0.5471138850763332 0.549101938753597 0.5510899924308575 0.553078046108118 0.5550660997853784 0.5570541534626388 0.5590422071398993 0.5610302608171597 0.5630183144944201 0.5650063681716806 0.566994421848941 0.5689824755262014 0.5709705292034619 0.5729585828807223 0.5749466365579862 0.5769346902352466 0.578922743912507 0.5809107975897675 0.5828988512670279 0.5848869049442883 0.5868749586215488 0.5888630122988092 0.5908510659760696 0.5928391196533301 0.5948271733305905 0.596815227007851
0.5516262347699166 0.5511207278178484 0.5506152208657803 0.5501097139137121 0.5496042069616439 0.5490987000095758 0.5485931930575068 0.5480876861054387 0.5475821791533705 0.5470766722013024 0.5465711652492342 0.546065658297166 0.5455601513450979 0.5450546443930298 0.5445491374409617 0.5440436304888935 0.5447384338809627 0.5467163961898662 0.5486943584987698 0.5506723208076767 0.5526502831165803 0.5546282454254838 0.5566062077343874 0.558584170043291 0.5605621323521945 0.5625400946610981 0.5645180569700017 0.5664960192789052 0.5684739815878088 0.5704519438967124 0.572429906205616 0.5744078685145195 0.5763858308234264 0.57836379313233 0.5803417554412336 0.5823197177501371 0.5842976800590407 0.5862756423679443 0.5882536046768478 0.5902315669857514 0.592209529294655 0.5941874916035585 0.5961654539124621 0.5981434162213657
0.5533716466104968 0.5528571249515917 0.5523426032926865 0.5518280816337814 0.5513135599748763 0.5507990383159711 0.5502845166570651 0.5497699949981599 0.5492554733392548 0.5487409516803498 0.5482264300214446 0.5477119083625395 0.5471973867036343 0.5466828650447292 0.5461683433858241 0.5456538217269189 0.5463390900401135 0.5483069609806602 0.550274831921207 0.5522427028617569 0.5542105738023037 0.5561784447428504 0.558146315683397 0.5601141866239437 0.5620820575644905 0.5640499285050371 0.5660177994455838 0.5679856703861306 0.5699535413266772 0.5719214122672239 0.5738892832077706 0.5758571541483173 0.5778250250888674 0.5797928960294141 0.5817607669699607 0.5837286379105074 0.5856965088510542 0.5876643797916008 0.5896322507321475 0.5916001216726942 0.5935679926132409 0.5955358635537876 0.5975037344943342 0.599471605434881
0.5551170584510763 0.5545935220853342 0.5540699857195921 0.55354644935385 0.5530229129881078 0.5524993766223657 0.5519758402566227 0.5514523038908806 0.5509287675251385 0.5504052311593963 0.5498816947936542 0.5493581584279121 0.54883462206217 0.548311085696428 0.5477875493306857 0.5472640129649436 0.5479397461992638 0.5498975257714536 0.5518553053436435 0.5538130849158366 0.5557708644880264 0.5577286440602163 0.5596864236324061 0.5616442032045958 0.5636019827767857 0.5655597623489755 0.5675175419211653 0.5694753214933552 0.571433101065545 0.5733908806377348 0.5753486602099247 0.5773064397821145 0.5792642193543076 0.5812219989264975 0.5831797784986873 0.5851375580708771 0.587095337643067 0.5890531172152568 0.5910108967874466 0.5929686763596365 0.5949264559318262 0.596884235504016 0.5988420150762059 0.6007997946483957
0.5568624702916558 0.5563299192190767 0.5557973681464976 0.5552648170739185 0.5547322660013394 0.5541997149287603 0.5536671638561803 0.5531346127836012 0.5526020617110221 0.552069510638443 0.5515369595658639 0.5510044084932848 0.5504718574207057 0.5499393063481266 0.5494067552755475 0.5488742042029684 0.5495404023584141 0.551488090562247 0.55343577876608 0.5553834669699163 0.5573311551737492 0.5592788433775822 0.5612265315814151 0.5631742197852481 0.565121907989081 0.567069596192914 0.5690172843967469 0.5709649726005799 0.5729126608044128 0.5748603490082458 0.5768080372120787 0.5787557254159117 0.580703413619748 0.5826511018235809 0.5845987900274139 0.5865464782312468 0.5884941664350798 0.5904418546389127 0.5923895428427457 0.5943372310465787 0.5962849192504116 0.5982326074542446 0.6001802956580775 0.6021279838619105
0.5586078821322353 0.5580663163528192 0.5575247505734031 0.5569831847939871 0.556441619014571 0.5559000532351549 0.5553584874557379 0.5548169216763218 0.5542753558969058 0.5537337901174897 0.5531922243380736 0.5526506585586575 0.5521090927792415 0.5515675269998254 0.5510259612204093 0.5504843954409931 0.5511410585175643 0.5530786553530403 0.5550162521885165 0.5569538490239958 0.5588914458594719 0.560829042694948 0.562766639530424 0.5647042363659002 0.5666418332013763 0.5685794300368523 0.5705170268723284 0.5724546237078045 0.5743922205432807 0.5763298173787567 0.5782674142142328 0.5802050110497089 0.5821426078851882 0.5840802047206644 0.5860178015561404 0.5879553983916165 0.5898929952270926 0.5918305920625686 0.5937681888980447 0.5957057857335208 0.5976433825689969 0.599580979404473 0.6015185762399491 0.6034561730754251
0.5603532939728155 0.5598027134865625 0.5592521330003094 0.5587015525140564 0.5581509720278033 0.5576003915415502 0.5570498110552962 0.5564992305690432 0.55594865008279 0.555398069596537 0.5548474891102839 0.5542969086240309 0.5537463281377778 0.5531957476515248 0.5526451671652717 0.5520945866790187 0.5527417146767152 0.5546692201438345 0.5565967256109536 0.5585242310780761 0.5604517365451953 0.5623792420123146 0.5643067474794338 0.5662342529465529 0.5681617584136722 0.5700892638807914 0.5720167693479106 0.5739442748150299 0.575871780282149 0.5777992857492682 0.5797267912163875 0.5816542966835067 0.5835818021506292 0.5855093076177483 0.5874368130848675 0.5893643185519868 0.591291824019106 0.5932193294862251 0.5951468349533444 0.5970743404204636 0.5990018458875828 0.600929351354702 0.6028568568218212 0.6047843622889404
0.562098705813395 0.561539110620305 0.5609795154272149 0.5604199202341249 0.5598603250410349 0.5593007298479448 0.5587411346548539 0.5581815394617637 0.5576219442686737 0.5570623490755837 0.5565027538824936 0.5559431586894036 0.5553835634963136 0.5548239683032234 0.5542643731101334 0.5537047779170434 0.5543423708358655 0.5562597849346278 0.5581771990333901 0.5600946131321558 0.5620120272309181 0.5639294413296805 0.5658468554284428 0.5677642695272052 0.5696816836259675 0.5715990977247298 0.5735165118234922 0.5754339259222545 0.5773513400210168 0.5792687541197792 0.5811861682185415 0.5831035823173039 0.5850209964160694 0.5869384105148318 0.5888558246135941 0.5907732387123564 0.5926906528111188 0.5946080669098811 0.5965254810086434 0.5984428951074058 0.6003603092061681 0.6022777233049305 0.6041951374036928 0.6061125515024551
0.5638441176539746 0.5632755077540476 0.5627068978541205 0.5621382879541935 0.5615696780542665 0.5610010681543394 0.5604324582544115 0.5598638483544844 0.5592952384545573 0.5587266285546303 0.5581580186547033 0.5575894087547763 0.5570207988548492 0.5564521889549222 0.5558835790549952 0.5553149691550682 0.5559430269950157 0.5578503497254212 0.5597576724558266 0.5616649951862354 0.5635723179166409 0.5654796406470464 0.5673869633774518 0.5692942861078573 0.5712016088382628 0.5731089315686682 0.5750162542990737 0.5769235770294792 0.5788308997598846 0.5807382224902901 0.5826455452206956 0.5845528679511011 0.5864601906815098 0.5883675134119152 0.5902748361423207 0.5921821588727262 0.5940894816031316 0.5959968043335371 0.5979041270639426 0.599811449794348 0.6017187725247535 0.603626095255159 0.6055334179855644 0.6074407407159699
0.5655895294945548 0.5650119048877907 0.5644342802810268 0.5638566556742628 0.5632790310674988 0.5627014064607347 0.5621237818539697 0.5615461572472057 0.5609685326404417 0.5603909080336776 0.5598132834269136 0.5592356588201497 0.5586580342133857 0.5580804096066216 0.5575027849998576 0.5569251603930936 0.5575436831541667 0.5594409145162152 0.5613381458782638 0.5632353772403157 0.5651326086023643 0.5670298399644128 0.5689270713264615 0.57082430268851 0.5727215340505587 0.5746187654126073 0.5765159967746558 0.5784132281367045 0.580310459498753 0.5822076908608016 0.5841049222228503 0.5860021535848988 0.5878993849469506 0.5897966163089993 0.5916938476710478 0.5935910790330964 0.595488310395145 0.5973855417571936 0.5992827731192422 0.6011800044812908 0.6030772358433394 0.604974467205388 0.6068716985674366 0.6087689299294852
0.5765837728547959 0.5759285668619746 0.5752733608691531 0.5746181548763317 0.5739629488835104 0.573307742890689 0.5726525368978665 0.5719973309050451 0.5713421249122237 0.5706869189194024 0.570031712926581 0.5693765069337595 0.5687213009409382 0.5680660949481168 0.5674108889552953 0.566755682962474 0.5673037248314101 0.5691380658899827 0.5709724069485553 0.572806748007131 0.5746410890657037 0.5764754301242763 0.5783097711828489 0.5801441122414215 0.5819784532999941 0.5838127943585667 0.5856471354171393 0.5874814764757119 0.5893158175342845 0.5911501585928571 0.5929844996514297 0.5948188407100024 0.5966531817685781 0.5984875228271507 0.6003218638857233 0.6021562049442959 0.6039905460028685 0.6058248870614411 0.6076592281200137 0.6094935691785863 0.6113279102371589 0.6131622512957315 0.6149965923543042 0.6168309334128768
