Figures/CREST_Example_wjb_NSE/PETs/wjb.pet.20101213.asc
ncols            288
nrows            254
xllcorner        113.274861
yllcorner        31.4918055
cellsize         0.008333333333
NODATA_value     -9999
[rows 19 to 37 of 254, columns 0 to 42 of 288]
-9999.0 -9999.0 -9999.0 -9999.0 -9999.0 -9999.0 -9999.0 -9999.0 -9999.0 -9999.0 -9999.0 -9999.0 -9999.0 -9999.0 -9999.0 -9999.0 -9999.0 -9999.0 -9999.0 -9999.0 -9999.0 -9999.0 -9999.0 -9999.0 -9999.0 0.18126650901930783 0.18104219943616046 0.18081788985301347 0.1805935802698665 0.1803692706867195 0.18014496110357253 0.17992065152042552 0.17969634193727854 0.17947203235413156 0.17924772277098458 0.1790234131878376 -9999.0 -9999.0 -9999.0 -9999.0 -9999.0 -9999.0 0.177417402983558
-9999.0 -9999.0 -9999.0 -9999.0 -9999.0 -9999.0 -9999.0 -9999.0 -9999.0 -9999.0 -9999.0 -9999.0 -9999.0 -9999.0 -9999.0 -9999.0 -9999.0 -9999.0 -9999.0 -9999.0 -9999.0 -9999.0 -9999.0 0.18134705903362447 0.18111478457572402 0.18088251011782358 0.18065023565992275 0.18041796120202233 0.1801856867441219 0.17995341228622144 0.179721137828321 0.17948886337042058 0.17925658891252014 0.1790243144546197 0.17879203999671925 0.17855976553881883 0.1783274910809184 0.17809521662301794 0.1778629421651175 0.17763066770721667 0.17739839324931625 0.1771661187914158 0.17691098726601345
-9999.0 -9999.0 -9999.0 -9999.0 -9999.0 -9999.0 -9999.0 -9999.0 -9999.0 -9999.0 -9999.0 -9999.0 -9999.0 -9999.0 -9999.0 -9999.0 -9999.0 -9999.0 -9999.0 -9999.0 -9999.0 -9999.0 0.1812192292143013 0.18097898988164743 0.18073875054899355 0.18049851121633967 0.18025827188368537 0.1800180325510315 0.17977779321837759 0.1795375538857237 0.17929731455306983 0.17905707522041595 0.17881683588776207 0.17857659655510819 0.1783363572224543 0.1780961178898004 0.17785587855714652 0.17761563922449264 0.17737539989183876 0.17713516055918446 0.17689492122653058 0.1766546818938767 0.17640457154846928
-9999.0 -9999.0 -9999.0 -9999.0 -9999.0 -9999.0 -9999.0 -9999.0 -9999.0 -9999.0 -9999.0 -9999.0 -9999.0 -9999.0 -9999.0 -9999.0 -9999.0 -9999.0 -9999.0 -9999.0 -9999.0 -9999.0 -9999.0 0.1806109207296704 0.18036271652226307 0.18011451231485573 0.179866308107448 0.17961810390004065 0.17936989969263334 0.179121695485226 0.17887349127781868 0.17862528707041134 0.17837708286300402 0.17812887865559668 0.17788067444818936 0.17763247024078202 0.1773842660333747 0.17713606182596736 0.17688785761856005 0.1766396534111523 0.17639144920374494 0.17614324499633763 0.17589815583092513
-9999.0 -9999.0 -9999.0 -9999.0 -9999.0 -9999.0 -9999.0 -9999.0 -9999.0 -9999.0 -9999.0 -9999.0 -9999.0 -9999.0 -9999.0 -9999.0 -9999.0 -9999.0 -9999.0 -9999.0 -9999.0 -9999.0 0.18049902065985415 0.18024285157769337 0.1799866824955326 0.17973051341337182 0.1794743443312106 0.17921817524904984 0.17896200616688906 0.1787058370847283 0.1784496680025675 0.17819349892040673 0.17793732983824595 0.1776811607560852 0.17742499167392442 0.17716882259176364 0.17691265350960286 0.17665648442744208 0.1764003153452813 0.1761441462631201 0.17588797718095933 0.17563180809879855 0.175391740113381
-9999.0 -9999.0 -9999.0 -9999.0 -9999.0 -9999.0 -9999.0 -9999.0 -9999.0 -9999.0 -9999.0 -9999.0 -9999.0 -9999.0 -9999.0 -9999.0 -9999.0 -9999.0 -9999.0 -9999.0 -9999.0 -9999.0 0.18013891638263055 0.17987478242571633 0.17961064846880212 0.1793465145118879 0.17908238055497322 0.178818246598059 0.1785541126411448 0.17828997868423058 0.17802584472731636 0.17776171077040212 0.1774975768134879 0.1772334428565737 0.17696930889965948 0.17670517494274526 0.17644104098583102 0.1761769070289168 0.1759127730720026 0.17564863911508793 0.1753845051581737 0.17512037120125948 0.17488532439583684
-9999.0 -9999.0 -9999.0 -9999.0 -9999.0 -9999.0 -9999.0 -9999.0 -9999.0 -9999.0 -9999.0 -9999.0 -9999.0 -9999.0 -9999.0 -9999.0 -9999.0 -9999.0 -9999.0 -9999.0 -9999.0 -9999.0 0.17977881210540697 0.1795067132737393 0.17923461444207164 0.17896251561040397 0.17869041677873584 0.1784183179470682 0.17814621911540052 0.17787412028373284 0.1776020214520652 0.1773299226203975 0.17705782378872986 0.17678572495706218 0.17651362612539453 0.17624152729372686 0.1759694284620592 0.17569732963039153 0.17542523079872388 0.17515313196705573 0.17488103313538808 0.1746089343037204 0.1743789086782927
-9999.0 -9999.0 -9999.0 -9999.0 -9999.0 -9999.0 -9999.0 -9999.0 -9999.0 -9999.0 -9999.0 -9999.0 -9999.0 -9999.0 -9999.0 -9999.0 0.18109909006671004 0.18081902636028893 0.18053896265386782 0.1802588989474467 0.1799788352410256 0.1796987715346045 0.1794187078281834 0.17913864412176228 0.17885858041534117 0.17857851670892005 0.17829845300249847 0.17801838929607736 0.17773832558965624 0.17745826188323513 0.17717819817681402 0.1768981344703929 0.17661807076397182 0.1763380070575507 0.1760579433511296 0.17577787964470848 0.17549781593828737 0.17521775223186625 0.17493768852544514 0.17465762481902355 0.17437756111260244 0.17409749740618133 0.17387249296074855
-9999.0 -9999.0 -9999.0 -9999.0 -9999.0 -9999.0 -9999.0 -9999.0 -9999.0 -9999.0 -9999.0 -9999.0 -9999.0 -9999.0 -9999.0 -9999.0 0.18078677503800686 0.18049874645683228 0.18021071787565773 0.17992268929448316 0.1796346607133086 0.17934663213213403 0.17905860355095948 0.17877057496978493 0.17848254638861036 0.1781945178074358 0.17790648922626073 0.17761846064508618 0.1773304320639116 0.17704240348273706 0.17675437490156248 0.17646634632038793 0.17617831773921339 0.1758902891580388 0.17560226057686426 0.17531423199568968 0.17502620341451514 0.17473817483334056 0.174450146252166 0.17416211767099093 0.17387408908981639 0.17358606050864184 0.173366077243204
-9999.0 -9999.0 -9999.0 -9999.0 -9999.0 -9999.0 -9999.0 -9999.0 -9999.0 -9999.0 -9999.0 -9999.0 -9999.0 -9999.0 -9999.0 0.18084375951402362 0.18055906352676168 0.18027436753949974 0.1799896715522378 0.17970497556497586 0.17942027957771392 0.17913558359045198 0.17885088760319004 0.1785661916159281 0.17828149562866616 0.17799679964140422 0.17771210365414178 0.17742740766687984 0.1771427116796179 0.17685801569235596 0.17657331970509402 0.17628862371783208 0.17600392773057014 0.1757192317433082 0.17543453575604626 0.17514983976878432 0.17486514378152238 0.17458044779426043 0.1742957518069985 0.17401105581973608 0.17372635983247414 0.1734416638452122 0.17322383213699086
-9999.0 -9999.0 -9999.0 -9999.0 -9999.0 -9999.0 -9999.0 -9999.0 -9999.0 -9999.0 -9999.0 -9999.0 -9999.0 -9999.0 -9999.0 0.18069107495245365 0.18042178784070675 0.18015250072895989 0.17988321361721302 0.17961392650546615 0.17934463939371925 0.17907535228197238 0.17880606517022551 0.17853677805847862 0.17826749094673175 0.17799820383498488 0.17772891672323754 0.17745962961149067 0.1771903424997438 0.1769210553879969 0.17665176827625004 0.17638248116450317 0.17611319405275627 0.1758439069410094 0.17557461982926253 0.17530533271751567 0.17503604560576877 0.1747667584940219 0.17449747138227503 0.1742281842705277 0.17395889715878082 0.17368961004703393 0.17347086245023308
-9999.0 -9999.0 -9999.0 -9999.0 -9999.0 -9999.0 -9999.0 -9999.0 -9999.0 -9999.0 -9999.0 -9999.0 -9999.0 -9999.0 -9999.0 0.18053839039088365 0.18028451215465183 0.18003063391842003 0.1797767556821882 0.1795228774459564 0.17926899920972458 0.1790151209734928 0.17876124273726096 0.17850736450102916 0.17825348626479734 0.17799960802856554 0.17774572979233327 0.17749185155610148 0.17723797331986965 0.17698409508363785 0.17673021684740603 0.17647633861117423 0.1762224603749424 0.1759685821387106 0.17571470390247879 0.175460825666247 0.17520694743001516 0.17495306919378337 0.17469919095755154 0.1744453127213193 0.1741914344850875 0.17393755624885568 0.17371789276347532
-9999.0 -9999.0 -9999.0 -9999.0 -9999.0 -9999.0 -9999.0 -9999.0 -9999.0 -9999.0 -9999.0 -9999.0 -9999.0 -9999.0 -9999.0 0.18038570582931368 0.18014723646859693 0.17990876710788017 0.17967029774716342 0.17943182838644667 0.17919335902572994 0.1789548896650132 0.17871642030429644 0.17847795094357968 0.17823948158286293 0.1780010122221462 0.17776254286142903 0.17752407350071228 0.17728560413999556 0.1770471347792788 0.17680866541856205 0.1765701960578453 0.17633172669712854 0.17609325733641182 0.17585478797569506 0.1756163186149783 0.17537784925426156 0.1751393798935448 0.17490091053282808 0.1746624411721109 0.17442397181139416 0.17418550245067743 0.17396492307671757
-9999.0 -9999.0 -9999.0 -9999.0 -9999.0 -9999.0 -9999.0 -9999.0 -9999.0 -9999.0 -9999.0 -9999.0 -9999.0 -9999.0 0.18045608175294536 0.18023302126774368 0.180009960782542 0.17978690029734032 0.17956383981213864 0.17934077932693696 0.17911771884173527 0.17889465835653356 0.17867159787133188 0.1784485373861302 0.17822547690092852 0.17800241641572684 0.1777793559305248 0.1775562954453231 0.1773332349601214 0.17711017447491972 0.17688711398971804 0.17666405350451636 0.17644099301931468 0.176217932534113 0.17599487204891132 0.17577181156370963 0.17554875107850795 0.17532569059330627 0.1751026301081046 0.17487956962290252 0.17465650913770084 0.17443344865249916 0.1742119533899598
-9999.0 -9999.0 -9999.0 -9999.0 -9999.0 -9999.0 -9999.0 -9999.0 -9999.0 -9999.0 -9999.0 -9999.0 -9999.0 -9999.0 0.18028798831586015 0.18008033670617354 0.17987268509648696 0.17966503348680035 0.17945738187711374 0.17924973026742713 0.17904207865774052 0.1788344270480539 0.17862677543836733 0.17841912382868072 0.1782114722189941 0.1780038206093075 0.17779616899962056 0.17758851738993395 0.17738086578024734 0.17717321417056073 0.17696556256087412 0.1767579109511875 0.17655025934150093 0.17634260773181432 0.1761349561221277 0.1759273045124411 0.1757196529027545 0.17551200129306788 0.1753043496833813 0.17509669807369432 0.1748890464640077 0.1746813948543211 0.17445898370320226
-9999.0 -9999.0 -9999.0 -9999.0 -9999.0 -9999.0 -9999.0 -9999.0 -9999.0 -9999.0 -9999.0 -9999.0 -9999.0 -9999.0 0.1801198948787751 0.17992765214460357 0.17973540941043203 0.1795431666762605 0.17935092394208896 0.17915868120791742 0.17896643847374588 0.17877419573957434 0.1785819530054028 0.17838971027123127 0.1781974675370597 0.17800522480288816 0.1778129820687163 0.17762073933454475 0.17742849660037321 0.17723625386620168 0.17704401113203014 0.1768517683978586 0.17665952566368706 0.17646728292951552 0.17627504019534398 0.17608279746117242 0.17589055472700088 0.17569831199282934 0.1755060692586578 0.17531382652448593 0.1751215837903144 0.17492934105614286 0.17470601401644448
-9999.0 -9999.0 -9999.0 -9999.0 -9999.0 -9999.0 -9999.0 -9999.0 -9999.0 -9999.0 -9999.0 -9999.0 -9999.0 -9999.0 0.17995180144169007 0.17977496758303357 0.1795981337243771 0.17942129986572064 0.17924446600706415 0.17906763214840768 0.1788907982897512 0.17871396443109472 0.17853713057243825 0.17836029671378179 0.1781834628551253 0.17800662899646882 0.17782979513781205 0.17765296127915556 0.1774761274204991 0.17729929356184262 0.17712245970318613 0.17694562584452966 0.1767687919858732 0.1765919581272167 0.17641512426856024 0.17623829040990377 0.17606145655124728 0.1758846226925908 0.17570778883393434 0.17553095497527754 0.17535412111662108 0.1751772872579646 0.17495304432968672
-9999.0 -9999.0 -9999.0 -9999.0 -9999.0 -9999.0 -9999.0 -9999.0 -9999.0 -9999.0 -9999.0 -9999.0 -9999.0 0.17994513298774645 0.17978370800460503 0.1796222830214636 0.1794608580383222 0.17929943305518078 0.1791380080720394 0.17897658308889797 0.17881515810575654 0.17865373312261515 0.17849230813947373 0.1783308831563323 0.1781694581731909 0.17800803319004949 0.1778466082069078 0.1776851832237664 0.17752375824062497 0.17736233325748357 0.17720090827434215 0.17703948329120073 0.17687805830805933 0.1767166333249179 0.17655520834177652 0.1763937833586351 0.17623235837549367 0.17607093339235227 0.17590950840921085 0.17574808342606915 0.17558665844292776 0.17542523345978633 0.17520007464292894
-9999.0 -9999.0 -9999.0 -9999.0 -9999.0 -9999.0 -9999.0 -9999.0 -9999.0 -9999.0 -9999.0 -9999.0 0.1799076467827729 0.1797616306751463 0.17961561456751995 0.17946959845989363 0.17932358235226728 0.17917756624464093 0.17903155013701458 0.17888553402938823 0.17873951792176188 0.17859350181413555 0.1784474857065092 0.17830146959888285 0.1781554534912565 0.17800943738363015 0.17786342127600355 0.1777174051683772 0.17757138906075087 0.17742537295312452 0.17727935684549817 0.17713334073787182 0.17698732463024547 0.17684130852261912 0.1766952924149928 0.17654927630736644 0.1764032601997401 0.17625724409211374 0.1761112279844874 0.1759652118768608 0.17581919576923447 0.17567317966160811 0.17544710495617122
