Figures/CREST_Example_wjb_NSE/PETs/wjb.pet.20100722.asc
ncols            288
nrows            254
xllcorner        113.274861
yllcorner        31.4918055
cellsize         0.008333333333
NODATA_value     -9999
[rows 180 to 199 of 254, columns 44 to 87 of 288]
1.3383077630474962 1.3291998395174642 1.3200919159874325 1.3109839924574005 1.3018760689273687 1.2927681453973368 1.2836602218673048 1.274552298337273 1.2654443748072257 1.2563364512771937 1.247228527747162 1.23812060421713 1.2290126806870982 1.2199047571570663 1.2107968336270343 1.2016889100970025 1.1925809865669708 1.1834730630369388 1.1743651395069068 1.165257215976875 1.1561492924468433 1.1470413689167958 1.137933445386764 1.128825521856732 1.1197175983267003 1.1106096747966683 1.1015017512666363 1.0923938277366045 1.08620348484865 1.0831321016220734 1.080060718395497 1.0769893351689206 1.073917951942344 1.0708465687157676 1.067775185489186 1.0647038022626094 1.061632419036033 1.0585610358094566 1.05548965258288 1.0524182693563036 1.049346886129727 1.0462755029031507 1.0432041196765742 1.0401327364499977
1.3398954732940664 1.3313265877590796 1.322757702224093 1.3141888166891065 1.30561993115412 1.2970510456191333 1.2884821600841465 1.27991327454916 1.2713443890141587 1.2627755034791721 1.2542066179441855 1.245637732409199 1.2370688468742121 1.2284999613392256 1.219931075804239 1.2113621902692524 1.2027933047342658 1.194224419199279 1.1856555336642924 1.1770866481293059 1.1685177625943193 1.159948877059318 1.1513799915243315 1.1428111059893449 1.134242220454358 1.1256733349193715 1.117104449384385 1.1085355638493983 1.1026346255388693 1.0995857831230558 1.0965369407072423 1.0934880982914288 1.090439255875615 1.0873904134598016 1.084341571043983 1.0812927286281693 1.0782438862123558 1.0751950437965423 1.0721462013807286 1.069097358964915 1.0660485165491016 1.062999674133288 1.0599508317174744 1.056901989301661
1.3414831835406367 1.3334533360006953 1.3254234884607539 1.3173936409208125 1.309363793380871 1.3013339458409297 1.2933040983009882 1.285274250761047 -9999.0 1.2692145556811505 1.261184708141209 1.253154860601268 1.2451250130613265 1.237095165521385 1.2290653179814437 1.2210354704415023 1.2130056229015609 1.2049757753616195 1.1969459278216783 1.188916080281737 1.1808862327417955 1.1728563852018403 1.1648265376618991 1.1567966901219577 1.1487668425820163 1.140736995042075 1.1327071475021335 1.1246772999621921 1.119065766229089 1.1160394646240384 1.1130131630189877 1.1099868614139372 1.1069605598088865 1.1039342582038358 1.10090795659878 1.0978816549937294 1.094855353388679 1.0918290517836282 1.0888027501785775 1.0857764485735268 1.0827501469684762 1.0797238453634257 1.076697543758375 1.0736712421533243
-9999.0 -9999.0 -9999.0 -9999.0 1.3131076556076253 1.3056168460627298 1.298126036517834 1.2906352269729384 -9999.0 -9999.0 1.2681627983382386 1.260671988793343 1.2531811792484473 1.2456903697035517 1.2381995601586562 1.2307087506137604 1.2232179410688648 1.215727131523969 1.2082363219790735 1.200745512434178 1.1932547028892821 1.1857638933443737 1.1782730837994781 1.1707822742545826 1.1632914647096868 1.1558006551647912 1.1483098456198955 1.140819036075 1.1354969069193226 1.132493146125035 1.1294893853307473 1.1264856245364596 1.123481863742172 1.120478102947884 1.1174743421535913 1.1144705813593037 1.111466820565016 1.1084630597707281 1.1054592989764405 1.1024555381821528 1.0994517773878651 1.0964480165935775 1.0934442557992896 1.090440495005002
-9999.0 -9999.0 -9999.0 -9999.0 -9999.0 1.3098997462845263 -9999.0 -9999.0 -9999.0 -9999.0 -9999.0 -9999.0 1.2612373454355617 1.2542855738857113 1.2473338023358609 1.2403820307860105 1.23343025923616 1.2264784876863097 1.2195267161364591 1.2125749445866087 1.2056231730367584 1.1986714014868962 1.1917196299370458 1.1847678583871954 1.177816086837345 1.1708643152874947 1.163912543737644 1.156960772187794 1.1519280476095424 1.1489468276260175 1.1459656076424927 1.142984387658968 1.1400031676754432 1.1370219476919183 1.1340407277083884 1.1310595077248637 1.128078287741339 1.125097067757814 1.1221158477742892 1.1191346277907646 1.1161534078072397 1.1131721878237149 1.11019096784019 1.1072097478566654
-9999.0 -9999.0 -9999.0 -9999.0 -9999.0 -9999.0 -9999.0 -9999.0 -9999.0 -9999.0 -9999.0 -9999.0 -9999.0 1.2628807780678706 1.2564680445130654 1.2500553109582604 1.2436425774034552 1.23722984384865 1.2308171102938448 1.2244043767390398 1.2179916431842346 1.2115789096294185 1.2051661760746133 1.1987534425198083 1.192340708965003 1.185927975410198 1.179515241855393 1.1731025083005877 1.168359188299762 1.165400509127 1.1624418299542383 1.1594831507814762 1.1565244716087144 1.1535657924359526 1.1506071132631857 1.1476484340904238 1.1446897549176618 1.1417310757449 1.1387723965721381 1.135813717399376 1.1328550382266143 1.1298963590538524 1.1269376798810904 1.1239790007083286
-9999.0 -9999.0 -9999.0 -9999.0 -9999.0 -9999.0 -9999.0 -9999.0 -9999.0 -9999.0 -9999.0 -9999.0 -9999.0 -9999.0 -9999.0 -9999.0 -9999.0 -9999.0 -9999.0 1.2362338088914706 1.2303601133317108 1.224486417771941 1.218612722212181 1.2127390266524212 1.2068653310926614 1.2009916355329013 1.1951179399731415 1.1892442444133817 1.1847903289899817 1.1818541906279827 1.1789180522659837 1.1759819139039847 1.1730457755419856 1.1701096371799868 1.1671734988179827 1.1642373604559837 1.161301222093985 1.1583650837319859 1.1554289453699869 1.1524928070079878 1.1495566686459888 1.1466205302839898 1.143684391921991 1.140748253559992
-9999.0 -9999.0 -9999.0 -9999.0 -9999.0 -9999.0 -9999.0 -9999.0 -9999.0 -9999.0 -9999.0 -9999.0 -9999.0 -9999.0 -9999.0 -9999.0 -9999.0 -9999.0 -9999.0 1.2480632410439016 1.242728583479187 1.2373939259144633 1.2320592683497487 1.226724610785034 1.2213899532203194 1.2160552956556048 1.2107206380908901 1.2053859805261755 1.2012214696802013 1.1983078721289653 1.1953942745777293 1.192480677026493 1.189567079475257 1.186653481924021 1.18373988437278 1.1808262868215438 1.1779126892703078 1.1749990917190718 1.1720854941678356 1.1691718966165996 1.1662582990653636 1.1633447015141274 1.1604311039628914 1.1575175064116554
-9999.0 -9999.0 -9999.0 -9999.0 -9999.0 -9999.0 -9999.0 -9999.0 -9999.0 -9999.0 -9999.0 -9999.0 -9999.0 -9999.0 -9999.0 -9999.0 -9999.0 1.2694839123356714 1.264688292766002 1.2598926731963327 1.2550970536266632 1.2503014340569858 1.2455058144873163 1.240710194917647 1.2359145753479777 1.2311189557783082 1.226323336208639 1.2215277166389695 1.217652610370421 1.2147615536299479 1.2118704968894747 1.2089794401490015 1.2060883834085283 1.2031973266680551 1.200306269927577 1.1974152131871039 1.1945241564466307 1.1916330997061577 1.1887420429656845 1.1858509862252113 1.1829599294847382 1.180068872744265 1.1771778160037918 1.1742867592633186
-9999.0 -9999.0 -9999.0 -9999.0 -9999.0 -9999.0 -9999.0 -9999.0 -9999.0 -9999.0 -9999.0 -9999.0 -9999.0 -9999.0 -9999.0 -9999.0 1.2844918500726448 1.280235268498021 1.2759786869233973 1.2717221053487737 1.2674655237741501 1.2632089421995192 1.2589523606248956 1.2546957790502717 1.2504391974756481 1.2461826159010245 1.241926034326401 1.237669452751777 1.2340837510606546 1.2312152351309444 1.2283467192012343 1.225478203271524 1.2226096873418137 1.2197411714121036 1.2168726554823883 1.2140041395526782 1.211135623622968 1.2082671076932576 1.2053985917635475 1.2025300758338373 1.199661559904127 1.1967930439744168 1.1939245280447066 1.1910560121149962
-9999.0 -9999.0 -9999.0 -9999.0 -9999.0 -9999.0 -9999.0 -9999.0 -9999.0 -9999.0 -9999.0 -9999.0 -9999.0 -9999.0 -9999.0 1.2984217118195183 1.2947041682399398 1.2909866246603614 1.287269081080783 1.2835515375012045 1.2798339939216261 1.2761164503420415 1.272398906762463 1.2686813631828846 1.2649638196033064 1.261246276023728 1.2575287324441495 1.253811188864571 1.2505148917508744 1.247668916631927 1.2448229415129797 1.2419769663940323 1.239130991275085 1.2362850161561376 1.2334390410371856 1.2305930659182382 1.227747090799291 1.2249011156803435 1.2220551405613962 1.219209165442449 1.2163631903235017 1.2135172152045544 1.210671240085607 1.2078252649666597
-9999.0 -9999.0 -9999.0 -9999.0 -9999.0 -9999.0 -9999.0 -9999.0 -9999.0 -9999.0 -9999.0 -9999.0 -9999.0 -9999.0 -9999.0 1.308094991991768 1.304916486407235 1.3017379808227016 1.2985594752381686 1.2953809696536354 1.2922024640691023 1.2890239584845637 1.2858454529000305 1.2826669473154975 1.2794884417309642 1.2763099361464312 1.273131430561898 1.269952924977365 1.2669460324410937 1.2641225981329094 1.2612991638247248 1.2584757295165405 1.2556522952083562 1.2528288609001716 1.2500054265919824 1.2471819922837981 1.2443585579756138 1.2415351236674292 1.238711689359245 1.2358882550510606 1.233064820742876 1.2302413864346917 1.2274179521265074 1.2245945178183228
-9999.0 -9999.0 -9999.0 -9999.0 -9999.0 -9999.0 -9999.0 -9999.0 -9999.0 -9999.0 -9999.0 -9999.0 -9999.0 -9999.0 -9999.0 1.317768272164018 1.3151288045745302 1.312489336985042 1.3098498693955543 1.3072104018060664 1.3045709342165785 1.301931466627086 1.2992919990375982 1.2966525314481103 1.2940130638586225 1.2913735962691346 1.2887341286796465 1.2860946610901587 1.2833771731313133 1.280576279633892 1.2777753861364705 1.274974492639049 1.2721735991416274 1.269372705644206 1.2665718121467797 1.2637709186493582 1.2609700251519367 1.2581691316545152 1.2553682381570936 1.2525673446596721 1.2497664511622506 1.2469655576648293 1.2441646641674078 1.2413637706699863
-9999.0 -9999.0 -9999.0 -9999.0 -9999.0 -9999.0 -9999.0 -9999.0 -9999.0 -9999.0 -9999.0 -9999.0 -9999.0 1.331642411525153 1.3295419819307106 1.327441552336268 1.3253411227418253 1.3232406931473826 1.32114026355294 1.3190398339584972 1.3169394043640548 1.3148389747696085 1.3127385451751659 1.3106381155807232 1.3085376859862805 1.3064372563918378 1.3043368267973954 1.3022363972029527 1.299808313821533 1.2970299611348746 1.2942516084482159 1.2914732557615574 1.2886949030748986 1.2859165503882402 1.2831381977015768 1.2803598450149183 1.2775814923282596 1.274803139641601 1.2720247869549424 1.2692464342682839 1.2664680815816254 1.2636897288949667 1.2609113762083082 1.2581330235216495
-9999.0 -9999.0 -9999.0 -9999.0 -9999.0 -9999.0 -9999.0 -9999.0 -9999.0 -9999.0 -9999.0 -9999.0 -9999.0 1.3402376157073161 1.338676224107919 1.3371148325085218 1.3355534409091248 1.3339920493097275 1.3324306577103304 1.3308692661109331 1.329307874511536 1.3277464829121364 1.326185091312739 1.324623699713342 1.3230623081139448 1.3215009165145477 1.3199395249151504 1.3183781333157534 1.3162394545117595 1.313483642635864 1.3107278307599683 1.3079720188840727 1.305216207008177 1.3024603951322813 1.299704583256381 1.2969487713804853 1.2941929595045896 1.291437147628694 1.2886813357527984 1.2859255238769027 1.283169712001007 1.2804139001251114 1.2776580882492157 1.27490227637332
-9999.0 -9999.0 -9999.0 -9999.0 -9999.0 -9999.0 -9999.0 -9999.0 -9999.0 -9999.0 -9999.0 -9999.0 -9999.0 -9999.0 1.3478104662851238 1.346788112680772 1.3457657590764198 1.344743405472068 1.343721051867716 1.3426986982633642 1.3416763446590123 1.3406539910546587 1.3396316374503068 1.338609283845955 1.337586930241603 1.3365645766372511 1.3355422230328993 1.3345198694285474 1.3326705952019793 1.3299373241368464 1.3272040530717137 1.324470782006581 1.3217375109414482 1.3190042398763155 1.316270968811178 1.3135376977460453 1.3108044266809127 1.3080711556157798 1.3053378845506471 1.3026046134855143 1.2998713424203816 1.297138071355249 1.294404800290116 1.2916715292249834
-9999.0 -9999.0 -9999.0 -9999.0 -9999.0 -9999.0 -9999.0 -9999.0 -9999.0 -9999.0 -9999.0 -9999.0 -9999.0 -9999.0 1.3569447084623285 1.3564613928530218 1.355978077243715 1.3554947616344084 1.355011446025102 1.3545281304157952 1.3540448148064885 1.3535614991971812 1.3530781835878745 1.3525948679785678 1.352111552369261 1.3516282367599546 1.3511449211506479 1.3506616055413412 1.3491017358921988 1.346391005637829 1.3436802753834591 1.3409695451290893 1.3382588148747196 1.3355480846203498 1.3328373543659753 1.3301266241116054 1.3274158938572356 1.3247051636028657 1.3219944333484959 1.319283703094126 1.3165729728397562 1.3138622425853863 1.3111515123310165 1.3084407820766466
-9999.0 -9999.0 -9999.0 -9999.0 -9999.0 -9999.0 -9999.0 -9999.0 -9999.0 -9999.0 -9999.0 -9999.0 -9999.0 -9999.0 1.366078950639537 1.366134673025276 1.3661903954110148 1.3662461177967535 1.3663018401824925 1.3663575625682314 1.36641328495397 1.366469007339709 1.366524729725448 1.3665804521111868 1.3666361744969255 1.3666918968826645 1.3667476192684034 1.366803341654142 1.3655328765824257 1.3628446871388187 1.3601564976952119 1.3574683082516048 1.354780118807998 1.3520919293643912 1.3494037399207794 1.3467155504771726 1.3440273610335658 1.3413391715899587 1.338650982146352 1.3359627927027449 1.333274603259138 1.330586413815531 1.3278982243719242 1.3252100349283171
-9999.0 -9999.0 -9999.0 -9999.0 -9999.0 -9999.0 -9999.0 -9999.0 -9999.0 -9999.0 -9999.0 -9999.0 -9999.0 -9999.0 1.3752131928167417 1.3758079531975258 1.37640271357831 1.376997473959094 1.377592234339878 1.3781869947206622 1.3787817551014463 1.3793765154822315 1.3799712758630156 1.3805660362437997 1.3811607966245838 1.381755557005368 1.382350317386152 1.382945077766936 1.3819640172726453 1.3792983686398013 1.3766327200069572 1.3739670713741132 1.3713014227412692 1.3686357741084252 1.3659701254755767 1.3633044768427327 1.3606388282098887 1.3579731795770447 1.3553075309442006 1.3526418823113566 1.3499762336785126 1.3473105850456686 1.3446449364128246 1.3419792877799805
-9999.0 -9999.0 -9999.0 -9999.0 -9999.0 -9999.0 -9999.0 -9999.0 -9999.0 -9999.0 1.3798122414906289 1.3809460398664581 1.3820798382422876 1.383213636618117 1.3843474349939462 1.3854812333697757 1.386615031745605 1.3877488301214342 1.3888826284972637 1.390016426873093 1.3911502252489223 1.3922840236247536 1.393417822000583 1.3945516203764123 1.3956854187522416 1.3968192171280711 1.3979530155039004 1.3990868138797297 1.3983951579628648 1.3957520501407836 1.3931089423187026 1.3904658344966214 1.3878227266745404 1.3851796188524592 1.3825365110303738 1.3798934032082926 1.3772502953862116 1.3746071875641304 1.3719640797420494 1.3693209719199682 1.3666778640978872 1.364034756275806 1.361391648453725 1.3587485406316437
