Figures/CREST_Example_wjb_NSE/PETs/wjb.pet.20091013.asc
ncols            288
nrows            254
xllcorner        113.274861
yllcorner        31.4918055
cellsize         0.008333333333
NODATA_value     -9999
[rows 120 to 139 of 254, columns 220 to 263 of 288]
1.5674342926055487 1.566957801190851 1.5664677130172595 1.5659630896006913 1.5654584661841229 1.5649538427675547 1.5644492193509865 1.563944595934418 1.5634399725178498 1.5629353491012816 1.5624307256847132 1.561926102268145 1.5614214788515768 1.5609168554350084 1.5604122320184393 1.559907608601871 1.5594029851853026 1.5588983617687344 1.5583937383521662 1.5578891149355978 1.5573844915190296 1.5568798681024614 1.556375244685893 1.5558706212693247 1.5553659978527565 1.554861374436188 1.55435675101962 1.5538521276030508 1.5533475041864826 1.5528428807699142 1.552338257353346 1.5518336339367778 1.5516885172331074 1.551927721343635 1.5521669254541628 1.5524061295646905 1.5526453336752182 1.5528845377857459 1.5531237418962738 1.5533629460068015 1.5536021501173296 1.5538413542278573 1.554080558338385 -9999.0
1.568168048321134 1.5676712238899035 1.5671577416434672 1.5666264518155797 1.5660951619876924 1.565563872159805 1.5650325823319176 1.5645012925040302 1.563970002676143 1.5634387128482554 1.5629074230203681 1.5623761331924806 1.5618448433645933 1.561313553536706 1.5607822637088176 1.5602509738809303 1.559719684053043 1.5591883942251554 1.5586571043972681 1.5581258145693806 1.5575945247414933 1.557063234913606 1.5565319450857185 1.5560006552578312 1.5554693654299436 1.5549380756020563 1.554406785774169 1.5538754959462806 1.5533442061183933 1.552812916290506 1.5522816264626185 1.5517503366347312 1.5515781003277795 1.5517897003625594 1.5520013003973394 1.5522129004321192 1.5524245004668993 1.552636100501679 1.5528477005364592 1.553059300571239 1.5532709006060192 1.5534825006407993 1.5536941006755791 -9999.0
1.5689018040367195 1.568384646588956 1.567847770269675 1.5672898140304683 1.566731857791262 1.5661739015520553 1.5656159453128489 1.5650579890736425 1.5645000328344358 1.5639420765952294 1.5633841203560228 1.5628261641168164 1.5622682078776098 1.5617102516384034 1.5611522953991959 1.5605943391599895 1.5600363829207828 1.5594784266815764 1.5589204704423698 1.5583625142031634 1.5578045579639568 1.5572466017247504 1.5566886454855438 1.5561306892463374 1.5555727330071307 1.5550147767679243 1.554456820528718 1.5538988642895104 1.5533409080503038 1.5527829518110974 1.5522249955718908 1.5516670393326844 1.5514676834224514 1.5516516793814836 1.5518356753405158 1.5520196712995478 1.55220366725858 1.5523876632176121 1.5525716591766443 1.5527556551356765 1.5529396510947089 1.553123647053741 1.5533076430127732 1.5534916389718054
1.5696355597523048 1.569098069288008 1.5685377988958824 1.5679531762453567 1.5673685535948312 1.5667839309443055 1.56619930829378 1.5656146856432542 1.5650300629927287 1.564445440342203 1.5638608176916775 1.563276195041152 1.5626915723906263 1.5621069497401008 1.5615223270895742 1.5609377044390484 1.560353081788523 1.5597684591379972 1.5591838364874717 1.558599213836946 1.5580145911864205 1.5574299685358948 1.5568453458853693 1.5562607232348435 1.555676100584318 1.5550914779337923 1.5545068552832668 1.5539222326327402 1.5533376099822147 1.552752987331689 1.5521683646811635 1.5515837420306378 1.5513572665171236 1.551513658400408 1.5516700502836922 1.5518264421669767 1.551982834050261 1.5521392259335454 1.5522956178168297 1.5524520097001142 1.5526084015833987 1.5527647934666833 1.5529211853499676 1.553077577233252
1.570369315467891 1.5698114919870614 1.5692278275220908 1.568616538460246 1.5680052493984011 1.5673939603365565 1.5667826712747117 1.566171382212867 1.5655600931510223 1.5649488040891775 1.5643375150273326 1.563726225965488 1.5631149369036432 1.5625036478417984 1.5618923587799527 1.5612810697181079 1.5606697806562633 1.5600584915944185 1.5594472025325736 1.558835913470729 1.5582246244088842 1.5576133353470396 1.5570020462851948 1.55639075722335 1.5557794681615054 1.5551681790996605 1.5545568900378157 1.55394560097597 1.5533343119141252 1.5527230228522806 1.5521117337904358 1.551500444728591 1.5512468496117955 1.551375637419332 1.5515044252268686 1.551633213034405 1.5517620008419417 1.5518907886494784 1.5520195764570148 1.5521483642645515 1.5522771520720882 1.5524059398796248 1.5525347276871613 1.552663515494698
1.5711030711834761 1.5705249146861135 1.5699178561482983 1.5692799006751343 1.5686419452019704 1.5680039897288065 1.5673660342556428 1.5667280787824789 1.566090123309315 1.5654521678361513 1.5648142123629873 1.5641762568898234 1.5635383014166597 1.5629003459434958 1.5622623904703308 1.561624434997167 1.5609864795240032 1.5603485240508392 1.5597105685776753 1.5590726131045116 1.5584346576313477 1.5577967021581838 1.55715874668502 1.5565207912118562 1.5558828357386922 1.5552448802655285 1.5546069247923646 1.5539689693191996 1.553331013846036 1.552693058372872 1.552055102899708 1.5514171474265441 1.5511364327064674 1.5512376164382562 1.551338800170045 1.5514399839018338 1.5515411676336226 1.5516423513654114 1.5517435350972002 1.551844718828989 1.5519459025607778 1.5520470862925666 1.5521482700243554 1.5522494537561442
1.5718368268990617 1.571238337385166 1.5706078847745057 1.569943262890023 1.56927864100554 1.568614019121057 1.5679493972365741 1.567284775352091 1.566620153467608 1.565955531583125 1.5652909096986423 1.5646262878141592 1.5639616659296762 1.5632970440451932 1.562632422160709 1.5619678002762263 1.5613031783917433 1.5606385565072602 1.5599739346227772 1.5593093127382944 1.5586446908538114 1.5579800689693284 1.5573154470848454 1.5566508252003626 1.5559862033158796 1.5553215814313965 1.5546569595469135 1.5539923376624296 1.5533277157779466 1.5526630938934636 1.5519984720089806 1.5513338501244978 1.5510260158011395 1.5510995954571805 1.5511731751132214 1.5512467547692625 1.5513203344253035 1.5513939140813446 1.5514674937373856 1.5515410733934265 1.5516146530494677 1.5516882327055088 1.5517618123615498 1.551835392017591
1.5725705826146472 1.5719517600842186 1.5712979134007135 1.5706066251049116 1.5699153368091094 1.5692240485133073 1.5685327602175052 1.567841471921703 1.567150183625901 1.566458895330099 1.565767607034297 1.5650763187384948 1.5643850304426927 1.5636937421468906 1.5630024538510874 1.5623111655552853 1.5616198772594834 1.5609285889636813 1.5602373006678791 1.559546012372077 1.558854724076275 1.5581634357804728 1.5574721474846709 1.5567808591888688 1.5560895708930667 1.5553982825972645 1.5547069943014624 1.5540157060056592 1.553324417709857 1.552633129414055 1.551941841118253 1.551250552822451 1.5509155988958114 1.5509615744761045 1.5510075500563978 1.551053525636691 1.5510995012169844 1.5511454767972777 1.5511914523775707 1.551237427957864 1.5512834035381573 1.5513293791184506 1.5513753546987439 1.5514213302790372
1.5733043383302325 1.572665182783271 1.5719879420269212 1.5712699873198 1.570552032612679 1.5698340779055577 1.5691161231984365 1.5683981684913153 1.567680213784194 1.5669622590770729 1.5662443043699517 1.5655263496628304 1.5648083949557094 1.5640904402485882 1.5633724855414657 1.5626545308343445 1.5619365761272235 1.5612186214201023 1.560500666712981 1.5597827120058598 1.5590647572987386 1.5583468025916174 1.5576288478844962 1.556910893177375 1.556192938470254 1.5554749837631328 1.5547570290560115 1.554039074348889 1.553321119641768 1.5526031649346468 1.5518852102275256 1.5511672555204044 1.5508051819904833 1.550823553495029 1.5508419249995744 1.5508602965041198 1.5508786680086653 1.550897039513211 1.5509154110177563 1.5509337825223017 1.5509521540268472 1.5509705255313928 1.5509888970359382 1.5510072685404837
1.5740380940458178 1.5733786054823231 1.5726779706531286 1.5719333495346883 1.571188728416248 1.570444107297808 1.5696994861793676 1.5689548650609273 1.568210243942487 1.5674656228240467 1.5667210017056064 1.565976380587166 1.5652317594687257 1.5644871383502854 1.563742517231844 1.5629978961134037 1.5622532749949634 1.561508653876523 1.5607640327580827 1.5600194116396424 1.559274790521202 1.5585301694027618 1.5577855482843215 1.5570409271658812 1.5562963060474408 1.5555516849290005 1.5548070638105602 1.5540624426921188 1.5533178215736785 1.5525732004552382 1.5518285793367979 1.5510839582183575 1.5506947650851552 1.550685532513953 1.5506762999427508 1.5506670673715484 1.5506578348003461 1.5506486022291437 1.5506393696579415 1.5506301370867392 1.5506209045155368 1.5506116719443346 1.5506024393731321 1.55059320680193
1.5747718497614034 1.5740920281813757 1.5733679992793363 1.572596711749577 1.5718254242198175 1.5710541366900581 1.5702828491602987 1.5695115616305393 1.5687402741007799 1.5679689865710205 1.567197699041261 1.5664264115115019 1.5656551239817424 1.564883836451983 1.5641125489222223 1.5633412613924629 1.5625699738627035 1.561798686332944 1.5610273988031846 1.5602561112734252 1.5594848237436658 1.5587135362139064 1.557942248684147 1.5571709611543876 1.5563996736246282 1.5556283860948688 1.5548570985651093 1.5540858110353486 1.5533145235055892 1.5525432359758298 1.5517719484460704 1.551000660916311 1.5505843481798274 1.5505475115328773 1.5505106748859272 1.550473838238977 1.550437001592027 1.550400164945077 1.5503633282981268 1.5503264916511768 1.5502896550042267 1.5502528183572766 1.5502159817103265 1.5501791450633764
1.5755056054769894 1.5748054508804286 1.5740580279055445 1.573260073964466 1.5724621200233875 1.571664166082309 1.5708662121412305 1.570068258200152 1.5692703042590732 1.5684723503179947 1.5676743963769162 1.5668764424358377 1.5660784884947592 1.5652805345536807 1.5644825806126008 1.563684626671522 1.5628866727304436 1.562088718789365 1.5612907648482865 1.560492810907208 1.5596948569661295 1.558896903025051 1.5580989490839725 1.557300995142894 1.5565030412018153 1.5557050872607368 1.5549071333196582 1.5541091793785784 1.5533112254374999 1.5525132714964214 1.5517153175553429 1.5509173636142644 1.5504739312744993 1.5504094905518016 1.5503450498291036 1.5502806091064056 1.550216168383708 1.55015172766101 1.550087286938312 1.5500228462156143 1.549958405492916 1.5498939647702183 1.5498295240475204 1.5497650833248224
1.5762393611925747 1.575518873579481 1.5747480565317522 1.5739234361793546 1.573098815826957 1.5722741954745592 1.5714495751221615 1.570624954769764 1.5698003344173663 1.5689757140649687 1.5681510937125709 1.5673264733601733 1.5665018530077757 1.565677232655378 1.564852612302979 1.5640279919505813 1.5632033715981837 1.562378751245786 1.5615541308933885 1.5607295105409906 1.559904890188593 1.5590802698361954 1.5582556494837978 1.5574310291314002 1.5566064087790024 1.5557817884266048 1.5549571680742071 1.554132547721808 1.5533079273694104 1.5524833070170128 1.5516586866646151 1.5508340663122175 1.5503635143691712 1.5502714695707256 1.55017942477228 1.5500873799738342 1.5499953351753886 1.549903290376943 1.5498112455784974 1.5497192007800515 1.5496271559816057 1.5495351111831601 1.5494430663847145 1.5493510215862687
1.5769731169081602 1.5762322962785336 1.57543808515796 1.5745867983942432 1.5737355116305263 1.5728842248668096 1.5720329381030929 1.5711816513393762 1.5703303645756592 1.5694790778119425 1.5686277910482258 1.567776504284509 1.5669252175207924 1.5660739307570755 1.5652226439933574 1.5643713572296405 1.5635200704659238 1.562668783702207 1.5618174969384904 1.5609662101747734 1.5601149234110567 1.55926363664734 1.5584123498836233 1.5575610631199064 1.5567097763561897 1.555858489592473 1.5550072028287563 1.554155916065038 1.5533046293013213 1.5524533425376044 1.5516020557738877 1.550750769010171 1.5502530974638433 1.5501334485896499 1.5500137997154564 1.5498941508412631 1.5497745019670697 1.5496548530928762 1.5495352042186827 1.5494155553444893 1.5492959064702956 1.5491762575961021 1.5490566087219086 1.5489369598477152
1.5777068726237455 1.5769457189775857 1.5761281137841674 1.5752501606091316 1.5743722074340956 1.5734942542590598 1.572616301084024 1.571738347908988 1.5708603947339521 1.5699824415589163 1.5691044883838805 1.5682265352088445 1.5673485820338087 1.5664706288587729 1.5655926756837355 1.5647147225086995 1.5638367693336637 1.5629588161586279 1.562080862983592 1.561202909808556 1.5603249566335202 1.5594470034584844 1.5585690502834484 1.5576910971084126 1.5568131439333768 1.555935190758341 1.555057237583305 1.5541792844082676 1.5533013312332318 1.552423378058196 1.55154542488316 1.5506674717081241 1.5501426805585152 1.5499954276085741 1.5498481746586328 1.5497009217086917 1.5495536687587503 1.5494064158088092 1.5492591628588679 1.5491119099089268 1.5489646569589852 1.548817404009044 1.5486701510591028 1.5485228981091617
1.5784406283393309 1.5776591416766381 1.576818142410375 1.57591352282402 1.575008903237665 1.5741042836513102 1.573199664064955 1.5722950444786001 1.5713904248922452 1.57048580530589 1.5695811857195352 1.5686765661331803 1.5677719465468252 1.5668673269604703 1.5659627073741138 1.565058087787759 1.5641534682014038 1.5632488486150489 1.5623442290286937 1.5614396094423388 1.560534989855984 1.5596303702696288 1.558725750683274 1.557821131096919 1.5569165115105639 1.556011891924209 1.555107272337854 1.5542026527514976 1.5532980331651425 1.5523934135787876 1.5514887939924327 1.5505841744060775 1.5500322636531874 1.5498574066274984 1.5496825496018094 1.5495076925761204 1.5493328355504314 1.5491579785247425 1.5489831214990535 1.5488082644733645 1.548633407447675 1.548458550421986 1.5482836933962971 1.5481088363706081
1.5791743840549164 1.5783725643756905 1.5775081710365828 1.5765768850389086 1.5756455990412346 1.5747143130435604 1.5737830270458864 1.5728517410482123 1.5719204550505381 1.5709891690528641 1.57005788305519 1.569126597057516 1.568195311059842 1.5672640250621677 1.566332739064492 1.5654014530668179 1.5644701670691439 1.5635388810714697 1.5626075950737957 1.5616763090761216 1.5607450230784474 1.5598137370807734 1.5588824510830992 1.5579511650854252 1.557019879087751 1.556088593090077 1.555157307092403 1.5542260210947272 1.5532947350970532 1.552363449099379 1.551432163101705 1.5505008771040307 1.5499218467478593 1.5497193856464224 1.5495169245449858 1.549314463443549 1.549112002342112 1.5489095412406755 1.5487070801392386 1.5485046190378018 1.5483021579363647 1.548099696834928 1.5478972357334913 1.5476947746320544
1.5799081397705024 1.5790859870747436 1.578198199662791 1.5772402472537976 1.5762822948448045 1.5753243424358112 1.5743663900268179 1.5734084376178248 1.5724504852088315 1.5714925327998384 1.570534580390845 1.569576627981852 1.5686186755728586 1.5676607231638653 1.5667027707548706 1.5657448183458773 1.564786865936884 1.5638289135278909 1.5628709611188976 1.5619130087099045 1.5609550563009111 1.559997103891918 1.5590391514829247 1.5580811990739314 1.5571232466649383 1.556165294255945 1.5552073418469519 1.554249389437957 1.5532914370289637 1.5523334846199706 1.5513755322109772 1.5504175798019841 1.5498114298425312 1.5495813646653467 1.549351299488162 1.5491212343109775 1.548891169133793 1.5486611039566083 1.5484310387794238 1.548200973602239 1.5479709084250541 1.5477408432478696 1.547510778070685 1.5472807128935004
1.580641895486088 1.579799409773796 1.5788882282889987 1.5779036094686862 1.5769189906483738 1.5759343718280616 1.5749497530077492 1.573965134187437 1.5729805153671246 1.5719958965468122 1.5710112777265 1.5700266589061875 1.5690420400858751 1.568057421265563 1.567072802445249 1.5660881836249365 1.565103564804624 1.564118945984312 1.5631343271639995 1.5621497083436873 1.5611650895233748 1.5601804707030624 1.5591958518827502 1.5582112330624378 1.5572266142421256 1.5562419954218132 1.5552573766015008 1.5542727577811868 1.5532881389608746 1.5523035201405622 1.5513189013202497 1.5503342824999375 1.5497010129372033 1.549443343684271 1.5491856744313386 1.5489280051784062 1.5486703359254739 1.5484126666725415 1.5481549974196092 1.5478973281666768 1.547639658913744 1.5473819896608116 1.5471243204078793 1.546866651154947
1.5813756512016732 1.5805128324728486 1.5795782569152061 1.5785669716835748 1.5775556864519433 1.5765444012203118 1.5755331159886805 1.574521830757049 1.5735105455254175 1.5724992602937862 1.5714879750621547 1.5704766898305231 1.5694654045988918 1.5684541193672603 1.567442834135627 1.5664315489039957 1.5654202636723642 1.5644089784407327 1.5633976932091014 1.5623864079774699 1.5613751227458383 1.560363837514207 1.5593525522825755 1.558341267050944 1.5573299818193127 1.5563186965876812 1.5553074113560497 1.5542961261244166 1.553284840892785 1.5522735556611535 1.5512622704295222 1.5502509851978907 1.5495905960318752 1.549305322703195 1.549020049374515 1.5487347760458348 1.5484495027171548 1.5481642293884745 1.5478789560597943 1.5475936827311143 1.5473084094024336 1.5470231360737534 1.5467378627450734 1.5464525894163932
