Figures/CREST_Example_wjb_NSE/PETs/wjb.pet.20090922.asc
ncols            288
nrows            254
xllcorner        113.274861
yllcorner        31.4918055
cellsize         0.008333333333
NODATA_value     -9999
[rows 180 to 199 of 254, columns 44 to 87 of 288]
2.8198654812922146 2.8209091973093363 2.8219529133264576 2.8229966293435793 2.8240403453607006 2.8250840613778223 2.8261277773949436 2.8271714934120653 2.828215209429189 2.82925892544631 2.830302641463432 2.831346357480553 2.832390073497675 2.833433789514796 2.834477505531918 2.835521221549039 2.836564937566161 2.837608653583282 2.838652369600404 2.8396960856175255 2.840739801634647 2.8417835176517703 2.8428272336688916 2.8438709496860133 2.8449146657031346 2.8459583817202563 2.8470020977373776 2.8480458137544993 2.8469102089635627 2.8434448609629595 2.839979512962356 2.836514164961753 2.8330488169611496 2.8295834689605464 2.8261181209599373 2.822652772959334 2.8191874249587308 2.8157220769581275 2.812256728957524 2.808791380956921 2.8053260329563177 2.8018606849557144 2.798395336955111 2.794929988954508
2.818392940992829 2.819443412338354 2.820493883683879 2.8215443550294035 2.8225948263749285 2.8236452977204536 2.824695769065978 2.8257462404115032 2.8267967117570296 2.8278471831025547 2.8288976544480793 2.8299481257936043 2.8309985971391294 2.832049068484654 2.833099539830179 2.8341500111757036 2.8352004825212287 2.8362509538667533 2.8373014252122783 2.8383518965578034 2.839402367903328 2.840452839248855 2.8415033105943794 2.8425537819399045 2.843604253285429 2.844654724630954 2.845705195976479 2.846755667322004 2.8456648483732803 2.842284941693872 2.8389050350144633 2.835525128335055 2.832145221655647 2.8287653149762386 2.8253854082968246 2.822005501617416 2.8186255949380077 2.8152456882585994 2.811865781579191 2.808485874899783 2.8051059682203743 2.801726061540966 2.798346154861558 2.7949662481821496
2.816920400693443 2.8179776273673713 2.8190348540412997 2.8200920807152277 2.821149307389156 2.8222065340630844 2.8232637607370124 2.8243209874109407 -9999.0 2.826435440758799 2.827492667432727 2.8285498941066556 2.8296071207805835 2.830664347454512 2.8317215741284403 2.832778800802368 2.8338360274762966 2.834893254150225 2.835950480824153 2.8370077074980813 2.8380649341720097 2.8391221608459394 2.8401793875198678 2.841236614193796 2.842293840867724 2.8433510675416525 2.844408294215581 2.8454655208895088 2.844419487782998 2.8411250224247846 2.837830557066571 2.8345360917083577 2.831241626350144 2.827947160991931 2.824652695633712 2.8213582302754983 2.818063764917285 2.814769299559072 2.811474834200858 2.808180368842645 2.8048859034844313 2.801591438126218 2.7982969727680045 2.7950025074097913
-9999.0 -9999.0 -9999.0 -9999.0 2.8197037884033826 2.820767770405714 2.8218317524080456 2.8228957344103773 -9999.0 -9999.0 2.826087680417374 2.8271516624197055 2.8282156444220368 2.8292796264243685 2.8303436084267 2.8314075904290315 2.832471572431363 2.833535554433695 2.834599536436026 2.835663518438358 2.8367275004406896 2.8377914824430226 2.8388554644453543 2.839919446447686 2.8409834284500173 2.842047410452349 2.8431113924546807 2.8441753744570124 2.843174127192714 2.8399651031556954 2.836756079118677 2.8335470550816586 2.8303380310446404 2.827129007007622 2.8239199829705983 2.8207109589335797 2.8175019348965615 2.814292910859543 2.8110838868225247 2.807874862785506 2.804665838748488 2.8014568147114693 2.798247790674451 2.7950387666374326
-9999.0 -9999.0 -9999.0 -9999.0 -9999.0 2.8193290067483447 -9999.0 -9999.0 -9999.0 -9999.0 -9999.0 -9999.0 2.8268241680634913 2.8278949053942264 2.8289656427249614 2.830036380055696 2.831107117386431 2.832177854717166 2.833248592047901 2.8343193293786357 2.8353900667093708 2.8364608040401076 2.8375315413708426 2.8386022787015777 2.8396730160323123 2.8407437533630473 2.8418144906937823 2.8428852280245174 2.8419287666024315 2.8388051838866084 2.835681601170785 2.8325580184549612 2.8294344357391377 2.8263108530233145 2.8231872703074856 2.820063687591662 2.816940104875839 2.8138165221600153 2.8106929394441917 2.807569356728368 2.804445774012545 2.8013221912967214 2.798198608580898 2.7950750258650743
-9999.0 -9999.0 -9999.0 -9999.0 -9999.0 -9999.0 -9999.0 -9999.0 -9999.0 -9999.0 -9999.0 -9999.0 -9999.0 2.8265101843640843 2.8275876770232222 2.8286651696823606 2.829742662341499 2.8308201550006373 2.8318976476597757 2.8329751403189136 2.834052632978052 2.835130125637192 2.8362076182963305 2.837285110955469 2.8383626036146072 2.839440096273745 2.8405175889328835 2.841595081592022 2.840683406012149 2.8376452646175205 2.834607123222892 2.8315689818282634 2.828530840433635 2.8254926990390064 2.822454557644373 2.8194164162497444 2.816378274855116 2.8133401334604873 2.8103019920658587 2.80726385067123 2.8042257092766016 2.801187567881973 2.7981494264873445 2.795111285092716
-9999.0 -9999.0 -9999.0 -9999.0 -9999.0 -9999.0 -9999.0 -9999.0 -9999.0 -9999.0 -9999.0 -9999.0 -9999.0 -9999.0 -9999.0 -9999.0 -9999.0 -9999.0 -9999.0 2.8316309512591915 2.832715199246733 2.8337994472342767 2.8348836952218184 2.83596794320936 2.8370521911969018 2.838136439184443 2.8392206871719847 2.8403049351595264 2.839438045421866 2.8364853453484327 2.833532645274999 2.8305799452015656 2.827627245128132 2.8246745450546986 2.8217218449812598 2.8187691449078263 2.8158164448343928 2.8128637447609592 2.8099110446875253 2.8069583446140918 2.8040056445406583 2.8010529444672247 2.7981002443937912 2.7951475443203577
-9999.0 -9999.0 -9999.0 -9999.0 -9999.0 -9999.0 -9999.0 -9999.0 -9999.0 -9999.0 -9999.0 -9999.0 -9999.0 -9999.0 -9999.0 -9999.0 -9999.0 -9999.0 -9999.0 2.83028676219947 2.831377765515415 2.8324687688313617 2.8335597721473067 2.8346507754632517 2.8357417787791968 2.8368327820951413 2.8379237854110864 2.8390147887270314 2.838192684831584 2.8353254260793457 2.8324581673271068 2.8295909085748683 2.8267236498226294 2.823856391070391 2.820989132318147 2.8181218735659086 2.81525461481367 2.812387356061431 2.8095200973091927 2.806652838556954 2.8037855798047153 2.8009183210524764 2.798051062300238 2.7951838035479994
-9999.0 -9999.0 -9999.0 -9999.0 -9999.0 -9999.0 -9999.0 -9999.0 -9999.0 -9999.0 -9999.0 -9999.0 -9999.0 -9999.0 -9999.0 -9999.0 -9999.0 2.826747055851051 2.8278448144953994 2.8289425731397477 2.830040331784096 2.831138090428446 2.8322358490727946 2.833333607717143 2.8344313663614913 2.8355291250058396 2.836626883650188 2.8377246422945364 2.8369473242413012 2.834165506810258 2.831383689379214 2.8286018719481705 2.8258200545171266 2.8230382370860827 2.8202564196550344 2.8174746022239905 2.814692784792947 2.811910967361903 2.8091291499308593 2.806347332499816 2.803565515068772 2.800783697637728 2.7980018802066846 2.7952200627756407
-9999.0 -9999.0 -9999.0 -9999.0 -9999.0 -9999.0 -9999.0 -9999.0 -9999.0 -9999.0 -9999.0 -9999.0 -9999.0 -9999.0 -9999.0 -9999.0 2.8242848421617692 2.825389356134521 2.8264938701072726 2.8275983840800243 2.828702898052776 2.82980741202553 2.8309119259982816 2.8320164399710333 2.833120953943785 2.8342254679165366 2.8353299818892883 2.83643449586204 2.835701963651018 2.833005587541169 2.8303092114313206 2.827612835321472 2.824916459211623 2.8222200831017745 2.8195237069919212 2.8168273308820724 2.8141309547722235 2.8114345786623747 2.8087382025525263 2.8060418264426774 2.8033454503328286 2.80064907422298 2.7979526981131313 2.7952563220032824
-9999.0 -9999.0 -9999.0 -9999.0 -9999.0 -9999.0 -9999.0 -9999.0 -9999.0 -9999.0 -9999.0 -9999.0 -9999.0 -9999.0 -9999.0 2.821809117815682 2.822920387116837 2.824031656417992 2.825142925719147 2.826254195020302 2.827365464321457 2.8284767336226144 2.8295880029237694 2.8306992722249245 2.8318105415260795 2.8329218108272345 2.8340330801283895 2.8351443494295445 2.8344566030607354 2.8318456682720816 2.829234733483428 2.826623798694774 2.82401286390612 2.8214019291174663 2.818790994328808 2.8161800595401543 2.8135691247515004 2.8109581899628466 2.808347255174193 2.805736320385539 2.8031253855968856 2.800514450808232 2.797903516019578 2.795292581230924
-9999.0 -9999.0 -9999.0 -9999.0 -9999.0 -9999.0 -9999.0 -9999.0 -9999.0 -9999.0 -9999.0 -9999.0 -9999.0 -9999.0 -9999.0 2.8204379074423467 2.821555932071905 2.8226739567014634 2.8237919813310217 2.82491000596058 2.8260280305901384 2.8271460552196985 2.8282640798492573 2.8293821044788157 2.830500129108374 2.8316181537379324 2.8327361783674907 2.833854202997049 2.8332112424704525 2.8306857490029937 2.828160255535535 2.825634762068076 2.8231092686006174 2.820583775133158 2.8180582816656954 2.815532788198236 2.8130072947307774 2.8104818012633186 2.80795630779586 2.805430814328401 2.8029053208609422 2.8003798273934835 2.7978543339260242 2.7953288404585654
-9999.0 -9999.0 -9999.0 -9999.0 -9999.0 -9999.0 -9999.0 -9999.0 -9999.0 -9999.0 -9999.0 -9999.0 -9999.0 -9999.0 -9999.0 2.8190666970690113 2.820191477026973 2.8213162569849346 2.8224410369428963 2.823565816900858 2.82469059685882 2.8258153768167835 2.826940156774745 2.828064936732707 2.829189716690669 2.8303144966486307 2.8314392766065923 2.832564056564554 2.8319658818801705 2.8295258297339063 2.8270857775876426 2.8246457254413784 2.8222056732951146 2.819765621148851 2.8173255690025827 2.8148855168563185 2.8124454647100547 2.810005412563791 2.807565360417527 2.805125308271263 2.8026852561249993 2.800245203978735 2.7978051518324714 2.795365099686207
-9999.0 -9999.0 -9999.0 -9999.0 -9999.0 -9999.0 -9999.0 -9999.0 -9999.0 -9999.0 -9999.0 -9999.0 -9999.0 2.8154324161229454 2.8165639514093104 2.817695486695676 2.818827021982041 2.819958557268406 2.821090092554771 2.822221627841136 2.8233531631275013 2.824484698413868 2.825616233700233 2.8267477689865985 2.8278793042729635 2.8290108395593285 2.8301423748456935 2.8312739101320585 2.8307205212898876 2.828365910464819 2.8260112996397497 2.8236566888146806 2.821302077989612 2.8189474671645427 2.8165928563394695 2.814238245514401 2.8118836346893317 2.809529023864263 2.807174413039194 2.8048198022141246 2.802465191389056 2.8001105805639868 2.7977559697389176 2.795401358913849
-9999.0 -9999.0 -9999.0 -9999.0 -9999.0 -9999.0 -9999.0 -9999.0 -9999.0 -9999.0 -9999.0 -9999.0 -9999.0 2.814047695092803 2.815185985707571 2.8163242763223395 2.817462566937108 2.8186008575518766 2.819739148166645 2.8208774387814133 2.8220157293961816 2.823154020010952 2.8242923106257205 2.8254306012404893 2.8265688918552576 2.827707182470026 2.8288454730847943 2.829983763699563 2.8294751606996047 2.8272059911957306 2.8249368216918564 2.8226676521879823 2.8203984826841086 2.8181293131802345 2.8158601436763564 2.8135909741724827 2.8113218046686086 2.8090526351647345 2.8067834656608603 2.8045142961569867 2.8022451266531125 2.7999759571492384 2.7977067876453643 2.79543761814149
-9999.0 -9999.0 -9999.0 -9999.0 -9999.0 -9999.0 -9999.0 -9999.0 -9999.0 -9999.0 -9999.0 -9999.0 -9999.0 -9999.0 2.8138080200058324 2.814953065949004 2.8160981118921757 2.817243157835348 2.8183882037785195 2.819533249721691 2.820678295664863 2.8218233416080367 2.8229683875512084 2.8241134334943805 2.825258479437552 2.826403525380724 2.827548571323896 2.8286936172670676 2.828229800109322 2.8260460719266427 2.8238623437439636 2.8216786155612845 2.8194948873786054 2.8173111591959263 2.8151274310132437 2.8129437028305646 2.8107599746478855 2.8085762464652064 2.8063925182825273 2.8042087900998482 2.802025061917169 2.79984133373449 2.797657605551811 2.795473877369132
-9999.0 -9999.0 -9999.0 -9999.0 -9999.0 -9999.0 -9999.0 -9999.0 -9999.0 -9999.0 -9999.0 -9999.0 -9999.0 -9999.0 2.8124300543040937 2.8135818555756686 2.8147336568472436 2.815885458118819 2.817037259390394 2.8181890606619695 2.8193408619335445 2.8204926632051217 2.8216444644766967 2.8227962657482717 2.823948067019847 2.825099868291422 2.8262516695629976 2.8274034708345726 2.8269844395190398 2.8248861526575557 2.822787865796071 2.820689578934587 2.818591292073103 2.816493005211619 2.814394718350131 2.812296431488647 2.810198144627163 2.8080998577656784 2.8060015709041943 2.8039032840427103 2.801804997181226 2.7997067103197417 2.7976084234582577 2.7955101365967736
-9999.0 -9999.0 -9999.0 -9999.0 -9999.0 -9999.0 -9999.0 -9999.0 -9999.0 -9999.0 -9999.0 -9999.0 -9999.0 -9999.0 2.811052088602354 2.8122106452023328 2.813369201802311 2.8145277584022894 2.815686315002268 2.8168448716022465 2.8180034282022253 2.819161984802206 2.820320541402184 2.8214790980021625 2.822637654602141 2.8237962112021195 2.8249547678020983 2.8261133244020766 2.8257390789287564 2.8237262333884674 2.8217133878481784 2.819700542307889 2.8176876967676 2.8156748512273104 2.813662005687018 2.811649160146729 2.80963631460644 2.8076234690661503 2.8056106235258613 2.8035977779855723 2.801584932445283 2.799572086904994 2.7975592413647044 2.7955463958244153
-9999.0 -9999.0 -9999.0 -9999.0 -9999.0 -9999.0 -9999.0 -9999.0 -9999.0 -9999.0 -9999.0 -9999.0 -9999.0 -9999.0 2.8096741229006152 2.810839434828997 2.812004746757379 2.8131700586857606 2.8143353706141427 2.8155006825425244 2.8166659944709065 2.8178313063992904 2.818996618327672 2.820161930256054 2.8213272421844358 2.8224925541128174 2.8236578660411995 2.824823177969581 2.824493718338474 2.8225663141193795 2.8206389099002855 2.818711505681191 2.816784101462097 2.8148566972430027 2.812929293023905 2.8110018888048107 2.8090744845857167 2.8071470803666223 2.8052196761475283 2.803292271928434 2.8013648677093395 2.7994374634902455 2.797510059271151 2.795582655052057
-9999.0 -9999.0 -9999.0 -9999.0 -9999.0 -9999.0 -9999.0 -9999.0 -9999.0 -9999.0 2.8036078881717352 2.8047799554285207 2.8059520226853056 2.807124089942091 2.808296157198876 2.8094682244556615 2.8106402917124464 2.811812358969232 2.812984426226017 2.8141564934828023 2.8153285607395873 2.816500627996375 2.81767269525316 2.8188447625099453 2.8200168297667303 2.8211888970235157 2.8223609642803007 2.823533031537086 2.823248357748191 2.821406394850292 2.8195644319523927 2.8177224690544933 2.815880506156594 2.8140385432586945 2.812196580360792 2.810354617462893 2.8085126545649937 2.8066706916670943 2.804828728769195 2.8029867658712955 2.8011448029733965 2.799302840075497 2.7974608771775977 2.7956189142796983
