Figures/CREST_Example_wjb_NSE/PETs/wjb.pet.20091001.asc
ncols            288
nrows            254
xllcorner        113.274861
yllcorner        31.4918055
cellsize         0.008333333333
NODATA_value     -9999
[rows 80 to 99 of 254, columns 176 to 219 of 288]
2.169600571775734 2.169438406798872 2.16927624182201 2.169114076845148 2.168951911868286 2.168789746891424 2.1686275819145617 2.1684654169377 2.168303251960838 2.168141086983976 2.167978922007114 2.167816757030252 2.16765459205339 2.167492427076528 2.167330262099666 2.1671680971228042 2.1674215023655843 2.1681191615761066 2.1688168207866285 2.169514479997152 2.170212139207674 2.1709097984181964 2.1716074576287183 2.1723051168392407 2.1730027760497626 2.173700435260285 2.1743980944708072 2.175095753681329 2.1757934128918515 2.1764910721023734 -9999.0 -9999.0 -9999.0 -9999.0 -9999.0 -9999.0 -9999.0 -9999.0 -9999.0 -9999.0 -9999.0 -9999.0 -9999.0 -9999.0
2.1692436090044396 2.169124722452182 2.1690058358999247 2.1688869493476672 2.1687680627954102 2.168649176243153 2.168530289690895 2.1684114031386374 2.1682925165863804 2.168173630034123 2.1680547434818656 2.167935856929608 2.1678169703773507 2.167698083825093 2.1675791972728358 2.1674603107205783 2.1677292992897113 2.168412935139908 2.1690965709901056 2.169780206840304 2.1704638426905007 2.1711474785406977 2.171831114390895 2.172514750241092 2.1731983860912893 2.1738820219414863 2.174565657791683 2.1752492936418806 2.1759329294920775 2.176616565342275 -9999.0 -9999.0 -9999.0 -9999.0 -9999.0 -9999.0 -9999.0 -9999.0 -9999.0 -9999.0 -9999.0 -9999.0 -9999.0 -9999.0
2.1688866462331453 2.1688110381054924 2.16873542997784 2.168659821850187 2.168584213722534 2.168508605594881 2.168432997467228 2.168357389339575 2.168281781211922 2.1682061730842697 2.1681305649566167 2.1680549568289638 2.167979348701311 2.167903740573658 2.1678281324460054 2.1677525243183524 2.1680370962138378 2.1687067087037097 2.1693763211935817 2.170045933683455 2.170715546173327 2.171385158663199 2.172054771153071 2.1727243836429433 2.1733939961328153 2.174063608622687 2.174733221112559 2.1754028336024316 2.1760724460923035 -9999.0 -9999.0 -9999.0 -9999.0 -9999.0 -9999.0 -9999.0 -9999.0 -9999.0 -9999.0 -9999.0 -9999.0 -9999.0 -9999.0 -9999.0
2.1685296834618515 2.168497353758803 2.1684650240557546 2.1684326943527066 2.168400364649658 2.1683680349466097 2.1683357052435617 2.1683033755405132 2.1682710458374648 2.1682387161344168 2.1682063864313683 2.16817405672832 2.1681417270252714 2.1681093973222234 2.168077067619175 2.1680447379161265 2.1683448931379643 2.1690004822675113 2.1696560713970583 2.1703116605266066 2.1709672496561536 2.1716228387857006 2.1722784279152476 2.1729340170447946 2.1735896061743416 2.1742451953038886 2.1749007844334356 2.1755563735629826 2.17621196269253 -9999.0 -9999.0 -9999.0 -9999.0 -9999.0 -9999.0 -9999.0 -9999.0 -9999.0 -9999.0 -9999.0 -9999.0 -9999.0 -9999.0 -9999.0
2.168172720690557 2.1681836694121137 2.1681946181336698 2.1682055668552263 2.1682165155767823 2.168227464298339 2.168238413019895 2.168249361741451 2.1682603104630074 2.1682712591845634 2.16828220790612 2.168293156627676 2.1683041053492325 2.1683150540707885 2.168326002792345 2.168336951513901 2.1686526900620913 2.1692942558313133 2.1699358216005353 2.1705773873697582 2.1712189531389803 2.1718605189082023 2.1725020846774243 2.1731436504466464 2.173785216215868 2.17442678198509 2.175068347754312 2.175709913523534 2.176351479292756 -9999.0 -9999.0 -9999.0 -9999.0 -9999.0 -9999.0 -9999.0 -9999.0 -9999.0 -9999.0 -9999.0 -9999.0 -9999.0 -9999.0 -9999.0
2.167815757919263 2.1678699850654235 2.1679242122115845 2.1679784393577455 2.168032666503906 2.168086893650067 2.168141120796228 2.1681953479423886 2.1682495750885495 2.1683038022347105 2.168358029380871 2.168412256527032 2.168466483673193 2.1685207108193536 2.1685749379655146 2.1686291651116756 2.1689604869862182 2.169588029395115 2.170215571804012 2.17084311421291 2.171470656621807 2.172098199030704 2.1727257414396006 2.1733532838484977 2.1739808262573943 2.1746083686662914 2.1752359110751884 2.175863453484085 2.176490995892982 2.177118538301879 -9999.0 -9999.0 2.179001165528571 2.179628707937468 -9999.0 -9999.0 -9999.0 -9999.0 -9999.0 -9999.0 -9999.0 -9999.0 -9999.0 -9999.0
2.1674587951479687 2.167556300718734 2.1676538062894997 2.1677513118602647 2.16784881743103 2.1679463230017957 2.168043828572561 2.1681413341433267 2.1682388397140917 2.168336345284857 2.1684338508556227 2.1685313564263877 2.168628861997153 2.1687263675679187 2.1688238731386837 2.1689213787094492 2.1692682839103448 2.1698818029589164 2.1704953220074885 2.171108841056061 2.171722360104633 2.172335879153205 2.172949398201777 2.1735629172503486 2.1741764362989207 2.1747899553474923 2.1754034743960644 2.176016993444636 2.176630512493208 2.17724403154178 2.177857550590352 2.1784710696389236 2.1790845886874965 2.1796981077360686 2.1803116267846403 -9999.0 -9999.0 -9999.0 -9999.0 -9999.0 -9999.0 -9999.0 -9999.0 -9999.0
2.167101832376675 2.167242616372045 2.167383400367415 2.1675241843627844 2.1676649683581544 2.1678057523535244 2.1679465363488943 2.1680873203442643 2.1682281043396343 2.1683688883350043 2.1685096723303743 2.168650456325744 2.168791240321114 2.168932024316484 2.169072808311854 2.1692135923072238 2.1695760808344713 2.1701755765227184 2.170775072210965 2.1713745678992127 2.17197406358746 2.1725735592757065 2.173173054963953 2.1737725506522003 2.174372046340447 2.1749715420286937 2.175571037716941 2.1761705334051875 2.176770029093434 2.177369524781681 2.177969020469928 2.1785685161581747 2.1791680118464227 2.1797675075346694 2.180367003222916 -9999.0 -9999.0 -9999.0 -9999.0 -9999.0 -9999.0 -9999.0 -9999.0 -9999.0
2.1690339917679773 2.169208347544873 2.1693827033217694 2.1695570590986657 2.1697314148755615 2.169905770652458 2.170080126429354 2.1702544822062504 2.1704288379831462 2.1706031937600425 2.170777549536939 2.1709519053138346 2.171126261090731 2.1713006168676268 2.171474972644523 2.1716493284214193 2.172027613739394 2.172623904351015 2.173220194962637 2.173816485574259 2.1744127761858807 2.175009066797502 2.1756053574091236 2.176201648020745 2.176797938632366 2.177394229243988 2.177990519855609 2.178586810467231 2.179183101078852 2.1797793916904737 2.180375682302095 2.1809719729137163 2.181568263525339 2.18216455413696 2.182760844748582 -9999.0 -9999.0 -9999.0 -9999.0 -9999.0 -9999.0 -9999.0 -9999.0 -9999.0
2.1734130784259724 2.173610630194931 2.173808181963889 2.1740057337328476 2.1742032855018056 2.174400837270764 2.1745983890397227 2.174795940808681 2.1749934925776397 2.175191044346598 2.1753885961155563 2.1755861478845144 2.175783699653473 2.1759812514224315 2.1761788031913896 2.176376354960348 2.1767706652490073 2.1773753148472044 2.177979964445402 2.1785846140436 2.1791892636417973 2.1797939132399944 2.180398562838192 2.181003212436389 2.1816078620345865 2.1822125116327835 2.1828171612309806 2.183421810829178 2.184026460427375 2.1846311100255726 2.1852357596237697 2.185840409221967 2.186445058820165 2.1870497084183627 2.1876543580165597 2.1882590076147572 -9999.0 -9999.0 -9999.0 -9999.0 -9999.0 -9999.0 -9999.0 -9999.0
2.177792165083968 2.1780129128449883 2.178233660606009 2.1784544083670294 2.17867515612805 2.178895903889071 2.1791166516500917 2.1793373994111125 2.179558147172133 2.1797788949331536 2.179999642694174 2.1802203904551947 2.1804411382162154 2.1806618859772358 2.1808826337382565 2.181103381499277 2.1815137167586207 2.1821267253433936 2.182739733928167 2.183352742512941 2.183965751097714 2.1845787596824873 2.18519176826726 2.185804776852033 2.1864177854368063 2.187030794021579 2.1876438026063525 2.1882568111911254 2.1888698197758987 2.1894828283606715 2.190095836945445 2.1907088455302177 2.191321854114992 2.1919348626997652 2.192547871284538 2.193160879869311 -9999.0 -9999.0 -9999.0 -9999.0 -9999.0 -9999.0 -9999.0 -9999.0
2.182171251741963 2.182415195495046 2.1826591392481287 2.1829030830012117 2.1831470267542947 2.1833909705073773 2.1836349142604607 2.1838788580135433 2.1841228017666263 2.184366745519709 2.184610689272792 2.1848546330258745 2.1850985767789575 2.1853425205320405 2.185586464285123 2.185830408038206 2.186256768268234 2.186878135839583 2.187499503410932 2.188120870982282 2.1887422385536306 2.1893636061249797 2.1899849736963284 2.1906063412676775 2.191227708839026 2.1918490764103753 2.192470443981724 2.193091811553073 2.1937131791244218 2.1943345466957704 2.1949559142671196 2.1955772818384682 2.1961986494098182 2.1968200169811674 -9999.0 -9999.0 -9999.0 -9999.0 -9999.0 -9999.0 2.2011695899806094 -9999.0 2.202412325123307 -9999.0
2.1865503383999627 2.1868174781451075 2.1870846178902528 2.1873517576353976 2.187618897380543 2.1878860371256876 2.1881531768708333 2.188420316615978 2.1886874563611234 2.1889545961062686 2.1892217358514134 2.1894888755965587 2.1897560153417035 2.1900231550868487 2.1902902948319936 2.190557434577139 2.1909998197778515 2.191629546335776 2.192259272893701 2.1928889994516267 2.1935187260095512 2.194148452567476 2.1947781791254006 2.1954079056833256 2.19603763224125 2.196667358799175 2.1972970853570994 2.1979268119150244 2.198556538472949 2.1991862650308738 2.1998159915887983 2.200445718146723 2.201075444704649 2.2017051712625735 -9999.0 -9999.0 -9999.0 -9999.0 -9999.0 2.2054835306101217 2.2061132571680466 2.206742983725971 2.207372710283896 -9999.0
2.190929425057958 2.1912197607951653 2.1915100965323724 2.19180043226958 2.192090768006787 2.1923811037439944 2.1926714394812024 2.1929617752184094 2.193252110955617 2.193542446692824 2.1938327824300314 2.1941231181672385 2.194413453904446 2.194703789641653 2.1949941253788605 2.1952844611160676 2.195742871287465 2.196380956831965 2.197019042376466 2.1976571279209676 2.198295213465468 2.1989332990099686 2.199571384554469 2.2002094700989696 2.20084755564347 2.2014856411879706 2.202123726732471 2.2027618122769717 2.203399897821472 2.2040379833659727 2.204676068910473 2.2053141544549737 2.2059522399994753 2.2065903255439756 2.2072284110884763 -9999.0 -9999.0 -9999.0 -9999.0 2.2104188388109787 2.2110569243554794 2.2116950098999797 2.2123330954444804 -9999.0
2.1953085117159534 2.1956220434452227 2.1959355751744924 2.1962491069037617 2.1965626386330315 2.1968761703623008 2.197189702091571 2.1975032338208407 2.19781676555011 2.1981302972793797 2.198443829008649 2.1987573607379187 2.199070892467188 2.1993844241964577 2.199697955925727 2.2000114876549968 2.2004859227970783 2.2011323673281544 2.201778811859231 2.2024252563903084 2.203071700921385 2.203718145452461 2.2043645899835376 2.2050110345146137 2.20565747904569 2.2063039235767663 2.206950368107843 2.207596812638919 2.2082432571699955 2.2088897017010716 2.209536146232148 2.2101825907632247 2.210829035294302 2.211475479825378 2.2121219243564547 2.212768368887531 -9999.0 -9999.0 -9999.0 2.215354147011836 2.2160005915429126 2.216647036073989 2.2172934806050653 2.217939925136142
2.199687598373949 2.2000243260952805 2.2003610538166125 2.200697781537944 2.2010345092592756 2.2013712369806075 2.20170796470194 2.2020446924232715 2.2023814201446035 2.202718147865935 2.203054875587267 2.2033916033085985 2.2037283310299305 2.204065058751262 2.2044017864725935 2.2047385141939255 2.2052289743066917 2.2058837778243436 2.206538581341996 2.207193384859649 2.2078481883773016 2.2085029918949535 2.209157795412606 2.2098125989302577 2.21046740244791 2.211122205965562 2.2117770094832143 2.2124318130008667 2.2130866165185186 2.213741420036171 2.214396223553823 2.215051027071475 2.2157058305891284 2.2163606341067803 2.2170154376244326 2.217670241142085 2.218325044659737 2.2189798481773892 2.219634651695041 2.2202894552126935 2.2209442587303454 2.2215990622479977 2.2222538657656496 2.222908669283302
2.204066685031944 2.2044266087453384 2.204786532458732 2.2051464561721263 2.20550637988552 2.2058663035989143 2.2062262273123086 2.2065861510257028 2.2069460747390965 2.2073059984524908 2.2076659221658845 2.2080258458792787 2.2083857695926725 2.2087456933060663 2.2091056170194605 2.2094655407328543 2.209972025816305 2.210635188320533 2.211298350824761 2.21196151332899 2.212624675833218 2.213287838337446 2.213951000841674 2.2146141633459018 2.21527732585013 2.215940488354358 2.216603650858586 2.217266813362814 2.2179299758670417 2.21859313837127 2.2192563008754975 2.2199194633797257 2.2205826258839547 2.221245788388183 2.2219089508924106 2.2225721133966387 2.2232352759008664 2.2238984384050946 2.2245616009093228 2.2252247634135505 2.2258879259177786 2.2265510884220063 2.2272142509262345 2.227877413430462
2.2084457716899397 2.2088288913953957 2.209212011100852 2.209595130806308 2.2099782505117647 2.2103613702172207 2.2107444899226776 2.2111276096281336 2.21151072933359 2.211893849039046 2.2122769687445025 2.2126600884499585 2.2130432081554146 2.213426327860871 2.213809447566327 2.2141925672717835 2.2147150773259185 2.215386598816722 2.216058120307526 2.216729641798331 2.217401163289135 2.2180726847799384 2.2187442062707423 2.2194157277615463 2.22008724925235 2.2207587707431538 2.2214302922339573 2.2221018137247612 2.2227733352155647 2.2234448567063687 2.2241163781971727 2.224787899687976 2.225459421178781 2.226130942669585 2.226802464160389 2.2274739856511925 2.2281455071419964 2.2288170286328 2.229488550123604 2.2301600716144074 2.2308315931052114 2.2315031145960154 2.232174636086819 2.232846157577623
2.212824858347939 2.2132311740454575 2.213637489742976 2.2140438054404945 2.2144501211380128 2.2148564368355315 2.2152627525330506 2.215669068230569 2.2160753839280876 2.216481699625606 2.2168880153231245 2.2172943310206428 2.217700646718161 2.2181069624156797 2.218513278113198 2.2189195938107167 2.2194581288355364 2.2201380093129157 2.2208178897902955 2.221497770267676 2.222177650745056 2.2228575312224352 2.223537411699815 2.2242172921771948 2.224897172654574 2.225577053131954 2.226256933609333 2.226936814086713 2.2276166945640927 2.228296575041472 2.228976455518852 2.229656335996231 2.2303362164736122 2.2310160969509916 2.2316959774283713 2.2323758579057507 2.2330557383831304 2.23373561886051 2.2344154993378895 2.2350953798152693 2.2357752602926486 2.2364551407700284 2.237135021247408 2.2378149017247875
2.2172039450059344 2.217633456695515 2.218062968385096 2.2184924800746764 2.2189219917642573 2.219351503453838 2.219781015143419 2.220210526833 2.2206400385225806 2.2210695502121616 2.221499061901742 2.2219285735913226 2.2223580852809035 2.222787596970484 2.223217108660065 2.2236466203496454 2.22420118034515 2.224889419809105 2.2255776592730605 2.226265898737017 2.2269541382009725 2.227642377664928 2.2283306171288833 2.229018856592839 2.229707096056794 2.2303953355207495 2.231083574984705 2.2317718144486602 2.232460053912616 2.233148293376571 2.2338365328405265 2.234524772304482 2.2352130117684386 2.2359012512323937 2.2365894906963493 2.237277730160305 2.23796596962426 2.2386542090882156 2.2393424485521707 2.2400306880161263 2.240718927480082 2.241407166944037 2.2420954064079925 2.242783645871948
