Figures/CREST_Example_wjb_NSE/PETs/wjb.pet.20101014.asc
ncols            288
nrows            254
xllcorner        113.274861
yllcorner        31.4918055
cellsize         0.008333333333
NODATA_value     -9999
[rows 140 to 159 of 254, columns 132 to 175 of 288]
1.3327787124507018 1.330397658222415 1.3280166039941284 1.3256355497658416 1.323254495537555 1.3208734413092682 1.3184923870809813 1.3161113328526945 1.3137302786244078 1.3113492243961211 1.3089681701678344 1.3065871159395437 1.3042060617112567 1.30182500748297 1.2994439532546833 1.2970628990263966 1.2946818447981099 1.2923007905698232 1.2899197363415364 1.2875386821132497 1.2851576278849628 1.282776573656676 1.2803955194283894 1.2780144652001026 1.275633410971812 1.2732523567435252 1.2708713025152383 1.2684902482869516 1.2661091940586648 1.2637281398303781 1.261210607027238 1.2585471755402338 1.2558837440532293 1.2532203125662251 1.2505568810792207 1.2478934495922165 1.245230018105212 1.2425665866182034 1.239903155131199 1.2372397236441948 1.2345762921571903 1.2319128606701861 1.2292494291831817 1.2265859976961775
1.3290948741712696 1.3266972397524475 1.3242996053336253 1.3219019709148032 1.319504336495981 1.317106702077159 1.3147090676583368 1.3123114332395147 1.3099137988206926 1.3075161644018705 1.3051185299830483 1.302720895564222 1.3003232611453999 1.2979256267265777 1.2955279923077556 1.2931303578889335 1.2907327234701114 1.2883350890512892 1.2859374546324671 1.283539820213645 1.2811421857948229 1.2787445513760007 1.2763469169571786 1.2739492825383565 1.2715516481195301 1.269154013700708 1.266756379281886 1.2643587448630638 1.2619611104442416 1.2595634760254195 1.2570011140073547 1.2542626544593194 1.251524194911284 1.2487857353632488 1.2460472758152135 1.243308816267178 1.2405703567191426 1.2378318971711026 1.2350934376230673 1.232354978075032 1.2296165185269965 1.2268780589789612 1.2241395994309259 1.2214011398828906
1.3254110358918374 1.3229968212824799 1.3205826066731223 1.318168392063765 1.3157541774544075 1.31333996284505 1.3109257482356924 1.3085115336263349 1.3060973190169773 1.3036831044076198 1.3012688897982623 1.2988546751889005 1.296440460579543 1.2940262459701855 1.291612031360828 1.2891978167514704 1.2867836021421128 1.2843693875327553 1.2819551729233978 1.2795409583140405 1.277126743704683 1.2747125290953254 1.2722983144859679 1.2698840998766103 1.2674698852672486 1.265055670657891 1.2626414560485335 1.260227241439176 1.2578130268298184 1.255398812220461 1.2527916209874717 1.2499781333784052 1.2471646457693388 1.2443511581602724 1.241537670551206 1.2387241829421396 1.2359106953330732 1.2330972077240019 1.2302837201149355 1.227470232505869 1.2246567448968027 1.2218432572877362 1.2190297696786698 1.2162162820696034
1.3217271976124054 1.3192964028125125 1.3168656080126195 1.3144348132127266 1.3120040184128339 1.309573223612941 1.307142428813048 1.304711634013155 1.302280839213262 1.2998500444133692 1.2974192496134762 1.2949884548135793 1.2925576600136863 1.2901268652137934 1.2876960704139004 1.2852652756140075 1.2828344808141146 1.2804036860142218 1.2779728912143289 1.275542096414436 1.273111301614543 1.27068050681465 1.2682497120147571 1.2658189172148642 1.2633881224149672 1.2609573276150743 1.2585265328151813 1.2560957380152884 1.2536649432153955 1.2512341484155027 1.2485821279675886 1.2456936122974913 1.2428050966273938 1.2399165809572963 1.2370280652871988 1.2341395496171013 1.231251033947004 1.2283625182769016 1.225474002606804 1.2225854869367065 1.219696971266609 1.2168084555965115 1.2139199399264142 1.2110314242563167
1.3180433593329701 1.3155959843425418 1.3131486093521134 1.310701234361685 1.3082538593712567 1.3058064843808284 1.3033591093904002 1.3009117343999719 1.2984643594095435 1.2960169844191152 1.2935696094286868 1.2911222344382545 1.2886748594478261 1.2862274844573978 1.2837801094669694 1.281332734476541 1.2788853594861127 1.2764379844956846 1.2739906095052562 1.2715432345148279 1.2690958595243995 1.2666484845339712 1.2642011095435428 1.2617537345531147 1.259306359562682 1.2568589845722538 1.2544116095818254 1.251964234591397 1.249516859600969 1.2470694846105406 1.244372634947702 1.2414090912165734 1.2384455474854448 1.2354820037543162 1.2325184600231875 1.229554916292059 1.2265913725609305 1.2236278288297968 1.2206642850986682 1.2177007413675396 1.214737197636411 1.2117736539052824 1.2088101101741537 1.2058465664430253
1.314359521053538 1.3118955658725742 1.3094316106916106 1.3069676555106469 1.304503700329683 1.3020397451487193 1.2995757899677558 1.297111834786792 1.2946478796058283 1.2921839244248645 1.2897199692439008 1.287256014062933 1.2847920588819692 1.2823281037010055 1.2798641485200417 1.2774001933390782 1.2749362381581144 1.2724722829771506 1.2700083277961869 1.2675443726152233 1.2650804174342596 1.2626164622532958 1.260152507072332 1.2576885518913685 1.2552245967104005 1.2527606415294368 1.250296686348473 1.2478327311675093 1.2453687759865457 1.242904820805582 1.2401631419278187 1.2371245701356592 1.2340859983434995 1.2310474265513398 1.2280088547591803 1.2249702829670206 1.2219317111748609 1.218893139382696 1.2158545675905363 1.2128159957983768 1.2097774240062171 1.2067388522140574 1.203700280421898 1.2006617086297382
1.310675682774106 1.3081951474026068 1.3057146120311076 1.3032340766596087 1.3007535412881095 1.2982730059166103 1.2957924705451114 1.2933119351736122 1.290831399802113 1.2883508644306139 1.285870329059115 1.2833897936876115 1.2809092583161124 1.2784287229446134 1.2759481875731142 1.273467652201615 1.270987116830116 1.268506581458617 1.2660260460871178 1.2635455107156186 1.2610649753441197 1.2585844399726205 1.2561039046011213 1.2536233692296221 1.251142833858119 1.2486622984866198 1.2461817631151206 1.2437012277436215 1.2412206923721225 1.2387401570006233 1.2359536489079357 1.2328400490547449 1.2297264492015543 1.2266128493483635 1.2234992494951729 1.2203856496419823 1.2172720497887914 1.2141584499355955 1.2110448500824047 1.207931250229214 1.2048176503760233 1.2017040505228327 1.1985904506696419 1.1954768508164513
1.3069918444946738 1.3044947289326394 1.3019976133706048 1.2995004978085702 1.2970033822465359 1.2945062666845013 1.292009151122467 1.2895120355604324 1.2870149199983978 1.2845178044363634 1.2820206888743289 1.27952357331229 1.2770264577502555 1.2745293421882211 1.2720322266261865 1.2695351110641522 1.2670379955021176 1.264540879940083 1.2620437643780487 1.259546648816014 1.2570495332539795 1.2545524176919451 1.2520553021299106 1.249558186567876 1.2470610710058374 1.2445639554438028 1.2420668398817682 1.239569724319734 1.2370726087576993 1.2345754931956647 1.2317441558880524 1.2285555279738307 1.225366900059609 1.2221782721453873 1.2189896442311654 1.2158010163169437 1.212612388402722 1.2094237604884948 1.206235132574273 1.2030465046600514 1.1998578767458294 1.1966692488316077 1.193480620917386 1.1902919930031644
1.3026696678746104 1.3001451491378933 1.2976206304011761 1.295096111664459 1.2925715929277417 1.2900470741910246 1.2875225554543075 1.2849980367175904 1.282473517980873 1.279948999244156 1.2774244805074388 1.2748999617707173 1.2723754430340002 1.269850924297283 1.2673264055605657 1.2648018868238486 1.2622773680871315 1.2597528493504144 1.257228330613697 1.25470381187698 1.2521792931402629 1.2496547744035458 1.2471302556668284 1.2446057369301113 1.2420812181933898 1.2395566994566727 1.2370321807199556 1.2345076619832385 1.2319831432465211 1.229458624509804 1.2265837494307115 1.2233343354960444 1.2200849215613776 1.2168355076267106 1.2135860936920435 1.2103366797573767 1.2070872658227096 1.203837851888037 1.2005884379533702 1.1973390240187032 1.1940896100840361 1.1908401961493693 1.1875907822147023 1.1843413682800352
1.2976651478079626 1.295101656808768 1.2925381658095738 1.2899746748103793 1.287411183811185 1.2848476928119907 1.2822842018127962 1.279720710813602 1.2771572198144074 1.2745937288152132 1.2720302378160186 1.26946674681682 1.2669032558176256 1.2643397648184311 1.2617762738192368 1.2592127828200423 1.256649291820848 1.2540858008216536 1.2515223098224593 1.2489588188232648 1.2463953278240705 1.2438318368248762 1.2412683458256817 1.2387048548264874 1.2361413638272887 1.2335778728280942 1.2310143818288999 1.2284508908297054 1.225887399830511 1.2233239088313166 1.2204068764523757 1.2171119003408606 1.2138169242293453 1.2105219481178302 1.207226972006315 1.2039319958947998 1.2006370197832847 1.197342043671764 1.1940470675602486 1.1907520914487335 1.1874571153372182 1.1841621392257031 1.1808671631141878 1.1775721870026727
1.2926606277413104 1.2900581644796387 1.2874557012179673 1.2848532379562956 1.282250774694624 1.2796483114329522 1.2770458481712808 1.274443384909609 1.2718409216479374 1.2692384583862657 1.2666359951245942 1.2640335318629181 1.2614310686012464 1.2588286053395747 1.2562261420779033 1.2536236788162316 1.25102121555456 1.2484187522928885 1.2458162890312168 1.243213825769545 1.2406113625078734 1.238008899246202 1.2354064359845303 1.2328039727228586 1.2302015094611825 1.227599046199511 1.2249965829378393 1.2223941196761676 1.219791656414496 1.2171891931528245 1.2142300034740352 1.2108894651856716 1.2075489268973083 1.2042083886089447 1.2008678503205814 1.1975273120322178 1.1941867737438545 1.1908462354554854 1.1875056971671218 1.1841651588787585 1.180824620590395 1.1774840823020316 1.174143544013668 1.1708030057253047
1.2876561076746624 1.2850146721505136 1.282373236626365 1.279731801102216 1.2770903655780672 1.2744489300539183 1.2718074945297695 1.2691660590056206 1.2665246234814718 1.263883187957323 1.261241752433174 1.2586003169090207 1.2559588813848719 1.253317445860723 1.2506760103365742 1.2480345748124253 1.2453931392882764 1.2427517037641276 1.2401102682399787 1.2374688327158299 1.234827397191681 1.2321859616675324 1.2295445261433835 1.2269030906192346 1.2242616550950811 1.2216202195709325 1.2189787840467836 1.2163373485226348 1.213695912998486 1.211054477474337 1.2080531304956994 1.2046670300304878 1.2012809295652762 1.1978948291000644 1.1945087286348528 1.1911226281696412 1.1877365277044296 1.184350427239212 1.1809643267740004 1.1775782263087888 1.1741921258435772 1.1708060253783654 1.1674199249131538 1.1640338244479422
1.2826515876080147 1.2799711798213886 1.2772907720347626 1.2746103642481366 1.2719299564615103 1.2692495486748843 1.2665691408882582 1.2638887331016322 1.2612083253150062 1.2585279175283801 1.255847509741754 1.2531671019551234 1.2504866941684973 1.2478062863818713 1.2451258785952453 1.2424454708086192 1.2397650630219932 1.2370846552353671 1.234404247448741 1.231723839662115 1.2290434318754888 1.2263630240888628 1.2236826163022367 1.2210022085156107 1.21832180072898 1.215641392942354 1.212960985155728 1.2102805773691019 1.2076001695824758 1.2049197617958498 1.201876257517364 1.1984445948753042 1.1950129322332443 1.1915812695911843 1.1881496069491244 1.1847179443070646 1.1812862816650047 1.177854619022939 1.1744229563808792 1.1709912937388192 1.1675596310967593 1.1641279684546995 1.1606963058126396 1.1572646431705798
1.2776470675413667 1.2749276874922635 1.2722083074431603 1.2694889273940568 1.2667695473449536 1.2640501672958504 1.2613307872467472 1.2586114071976438 1.2558920271485405 1.2531726470994373 1.250453267050334 1.2477338870012262 1.2450145069521228 1.2422951269030196 1.2395757468539164 1.2368563668048131 1.2341369867557097 1.2314176067066065 1.2286982266575033 1.2259788466084 1.2232594665592966 1.2205400865101934 1.2178207064610902 1.215101326411987 1.2123819463628789 1.2096625663137757 1.2069431862646725 1.2042238062155692 1.201504426166466 1.1987850461173626 1.1956993845390285 1.1922221597201204 1.1887449349012122 1.1852677100823041 1.181790485263396 1.1783132604444881 1.17483603562558 1.171358810806666 1.1678815859877578 1.1644043611688497 1.1609271363499416 1.1574499115310335 1.1539726867121254 1.1504954618932173
1.272642547474719 1.2698841951631383 1.267125842851558 1.2643674905399773 1.261609138228397 1.2588507859168163 1.256092433605236 1.2533340812936555 1.250575728982075 1.2478173766704945 1.245059024358914 1.2423006720473289 1.2395423197357485 1.2367839674241679 1.2340256151125875 1.2312672628010068 1.2285089104894265 1.225750558177846 1.2229922058662654 1.220233853554685 1.2174755012431044 1.214717148931524 1.2119587966199437 1.209200444308363 1.206442091996778 1.2036837396851974 1.200925387373617 1.1981670350620364 1.195408682750456 1.1926503304388756 1.189522511560693 1.1859997245649367 1.1824769375691804 1.1789541505734242 1.1754313635776679 1.1719085765819115 1.1683857895861551 1.1648630025903928 1.1613402155946366 1.1578174285988803 1.154294641603124 1.1507718546073678 1.1472490676116114 1.143726280615855
1.267638027408071 1.2648407028340132 1.2620433782599556 1.2592460536858978 1.25644872911184 1.2536514045377825 1.2508540799637247 1.248056755389667 1.2452594308156093 1.2424621062415517 1.239664781667494 1.2368674570934315 1.2340701325193737 1.2312728079453161 1.2284754833712583 1.2256781587972008 1.222880834223143 1.2200835096490852 1.2172861850750276 1.2144888605009698 1.2116915359269123 1.2088942113528545 1.2060968867787967 1.203299562204739 1.2005022376306766 1.1977049130566189 1.1949075884825613 1.1921102639085035 1.1893129393344457 1.1865156147603881 1.1833456385823573 1.179777289409753 1.1762089402371483 1.1726405910645439 1.1690722418919393 1.1655038927193349 1.1619355435467302 1.1583671943741196 1.1547988452015152 1.1512304960289106 1.147662146856306 1.1440937976837016 1.140525448511097 1.1369570993384925
1.262633507341423 1.259797210504888 1.2569609136683533 1.2541246168318183 1.2512883199952833 1.2484520231587484 1.2456157263222136 1.2427794294856787 1.2399431326491437 1.2371068358126087 1.234270538976074 1.2314342421395341 1.2285979453029992 1.2257616484664644 1.2229253516299294 1.2200890547933945 1.2172527579568597 1.2144164611203248 1.2115801642837898 1.2087438674472548 1.2059075706107198 1.203071273774185 1.2002349769376501 1.1973986801011152 1.1945623832645755 1.1917260864280406 1.1888897895915056 1.1860534927549709 1.1832171959184359 1.180380899081901 1.177168765604022 1.173554854254569 1.1699409429051164 1.1663270315556638 1.1627131202062109 1.1590992088567582 1.1554852975073053 1.1518713861578465 1.1482574748083938 1.1446435634589411 1.1410296521094883 1.1374157407600356 1.133801829410583 1.13018791806113
1.2576289872747708 1.2547537181757584 1.2518784490767463 1.2490031799777341 1.246127910878722 1.2432526417797098 1.2403773726806977 1.2375021035816856 1.2346268344826734 1.2317515653836613 1.2288762962846491 1.226001027185632 1.22312575808662 1.2202504889876078 1.2173752198885956 1.2144999507895835 1.2116246816905714 1.2087494125915592 1.205874143492547 1.202998874393535 1.2001236052945228 1.1972483361955106 1.1943730670964985 1.1914977979974863 1.188622528898469 1.185747259799457 1.1828719907004448 1.1799967216014327 1.1771214525024205 1.1742461834034084 1.170991892625681 1.1673324190993801 1.163672945573079 1.160013472046778 1.1563539985204772 1.152694524994176 1.149035051467875 1.145375577941568 1.1417161044152668 1.138056630888966 1.134397157362665 1.1307376838363639 1.127078210310063 1.123418736783762
1.2526244672081228 1.2497102258466335 1.246795984485144 1.2438817431236546 1.2409675017621653 1.238053260400676 1.2351390190391867 1.2322247776776973 1.2293105363162078 1.2263962949547185 1.2234820535932291 1.2205678122317347 1.2176535708702454 1.214739329508756 1.2118250881472667 1.2089108467857774 1.2059966054242879 1.2030823640627986 1.2001681227013092 1.19725388133982 1.1943396399783306 1.191425398616841 1.1885111572553517 1.1855969158938624 1.182682674532368 1.1797684331708786 1.1768541918093893 1.1739399504479 1.1710257090864107 1.1681114677249214 1.1648150196473457 1.1611099839441963 1.1574049482410471 1.153699912537898 1.1499948768347488 1.1462898411315996 1.1425848054284504 1.1388797697252948 1.1351747340221456 1.1314696983189965 1.127764662615847 1.124059626912698 1.1203545912095487 1.1166495555063995
1.2476199471414748 1.2446667335175083 1.2417135198935418 1.2387603062695751 1.2358070926456086 1.232853879021642 1.2299006653976754 1.226947451773709 1.2239942381497422 1.2210410245257757 1.2180878109018092 1.2151345972778376 1.2121813836538708 1.2092281700299043 1.2062749564059378 1.2033217427819711 1.2003685291580046 1.1974153155340381 1.1944621019100714 1.191508888286105 1.1885556746621384 1.1856024610381717 1.1826492474142052 1.1796960337902387 1.1767428201662669 1.1737896065423004 1.1708363929183339 1.1678831792943671 1.1649299656704006 1.1619767520464341 1.15863814666901 1.1548875487890127 1.1511369509090152 1.1473863530290178 1.1436357551490204 1.139885157269023 1.1361345593890255 1.1323839615090217 1.1286333636290242 1.1248827657490268 1.1211321678690294 1.117381569989032 1.1136309721090345 1.109880374229037
