Figures/CREST_Example_wjb_NSE/PETs/wjb.pet.20091206.asc
ncols            288
nrows            254
xllcorner        113.274861
yllcorner        31.4918055
cellsize         0.008333333333
NODATA_value     -9999
[rows 152 to 170 of 254, columns 0 to 43 of 288]
-9999.0 -9999.0 -9999.0 -9999.0 -9999.0 0.550642987290761 0.5512043032690594 0.5517656192473579 0.5523269352256563 0.5528882512039548 0.5534495671822532 0.5540108831605517 0.5546942464890435 0.5555080811926493 0.5563219158962538 0.5571357505998582 0.5579495853034626 0.558763420007067 0.5595772547106714 0.560391089414276 0.5612049241178804 0.5620187588214848 0.5628325935250892 0.5636464282286937 0.5644602629322981 0.5652740976359025 0.5660879323395084 0.5669017670431128 0.5677156017467172 0.5685294364503216 0.5693432711539261 0.5701571058575305 0.570970940561135 0.5717847752647394 0.5725986099683438 0.5734124446719483 0.5742262793755527 0.5750401140791571 0.5758539487827615 0.5766677834863674 0.5774816181899718 0.5782954528935762 0.5789494030047813 0.5794324328731725
-9999.0 -9999.0 -9999.0 -9999.0 0.5495175203829057 0.5501078577396857 0.5506981950964658 0.5512885324532458 0.5518788698100258 0.5524692071668058 0.5530595445235859 0.5536498818803658 0.5543433718284878 0.5551471342275697 0.5559508966266502 0.5567546590257307 0.5575584214248113 0.5583621838238918 0.5591659462229723 0.5599697086220529 0.5607734710211333 0.5615772334202138 0.5623809958192943 0.5631847582183749 0.5639885206174554 0.564792283016536 0.5655960454156178 0.5663998078146983 0.5672035702137789 0.5680073326128594 0.5688110950119399 0.5696148574110205 0.570418619810101 0.5712223822091814 0.572026144608262 0.5728299070073425 0.573633669406423 0.5744374318055036 0.5752411942045841 0.576044956603666 0.5768487190027465 0.577652481401827 0.5783098397675288 0.578810688912683
-9999.0 -9999.0 -9999.0 -9999.0 0.548953369453349 0.5495727281886107 0.5501920869238722 0.5508114456591338 0.5514308043943954 0.5520501631296569 0.5526695218649185 0.5532888806001801 0.5539924971679322 0.5547861872624902 0.5555798773570468 0.5563735674516034 0.55716725754616 0.5579609476407166 0.5587546377352732 0.5595483278298299 0.5603420179243864 0.5611357080189431 0.5619293981134996 0.5627230882080563 0.5635167783026128 0.5643104683971695 0.5651041584917275 0.565897848586284 0.5666915386808407 0.5674852287753972 0.5682789188699539 0.5690726089645105 0.569866299059067 0.5706599891536237 0.5714536792481802 0.5722473693427369 0.5730410594372934 0.5738347495318501 0.5746284396264068 0.5754221297209646 0.5762158198155213 0.5770095099100778 0.5776702765302765 0.5781889449521935
-9999.0 -9999.0 -9999.0 -9999.0 -9999.0 -9999.0 0.5496859787512786 0.5503343588650217 0.5509827389787648 0.551631119092508 0.5522794992062511 0.5529278793199942 0.5536416225073766 0.5544252402974106 0.5552088580874432 0.555992475877476 0.5567760936675087 0.5575597114575414 0.558343329247574 0.5591269470376068 0.5599105648276395 0.5606941826176721 0.5614778004077048 0.5622614181977375 0.5630450359877702 0.5638286537778029 0.5646122715678369 0.5653958893578697 0.5661795071479023 0.566963124937935 0.5677467427279677 0.5685303605180003 0.5693139783080331 0.5700975960980658 0.5708812138880984 0.5716648316781311 0.5724484494681639 0.5732320672581965 0.5740156850482292 0.5747993028382632 0.575582920628296 0.5763665384183286 0.577030713293024 0.5775672009917041
-9999.0 -9999.0 -9999.0 -9999.0 -9999.0 -9999.0 -9999.0 -9999.0 0.5505346735631343 0.551212075055359 0.5518894765475837 0.5525668780398084 0.5532907478468209 0.554064293332331 0.5548378388178398 0.5556113843033486 0.5563849297888573 0.5571584752743661 0.5579320207598749 0.5587055662453836 0.5594791117308924 0.5602526572164012 0.56102620270191 0.5617997481874187 0.5625732936729275 0.5633468391584363 0.5641203846439464 0.5648939301294552 0.565667475614964 0.5664410211004728 0.5672145665859815 0.5679881120714902 0.568761657556999 0.5695352030425078 0.5703087485280166 0.5710822940135254 0.5718558394990342 0.572629384984543 0.5734029304700518 0.5741764759555619 0.5749500214410707 0.5757235669265793 0.5763911500557716 0.5769454570312146
-9999.0 -9999.0 -9999.0 -9999.0 -9999.0 -9999.0 -9999.0 -9999.0 -9999.0 0.5507930310182098 -9999.0 -9999.0 -9999.0 0.5537033463672512 0.554466819548236 0.5552302927292209 0.5559937659102057 0.5567572390911906 0.5575207122721754 0.5582841854531603 0.5590476586341451 0.55981113181513 0.5605746049961149 0.5613380781770997 0.5621015513580846 0.5628650245390694 0.5636284977200555 0.5643919709010404 0.5651554440820252 0.5659189172630101 0.5666823904439949 0.5674458636249798 0.5682093368059646 0.5689728099869495 0.5697362831679345 0.5704997563489193 0.5712632295299042 0.572026702710889 0.5727901758918739 0.57355364907286 0.5743171222538448 0.5750805954348297 0.5757515868185187 0.5763237130707246
-9999.0 -9999.0 -9999.0 -9999.0 -9999.0 -9999.0 -9999.0 -9999.0 -9999.0 -9999.0 -9999.0 -9999.0 -9999.0 -9999.0 0.5540958002786326 0.5548492011550935 0.5556026020315544 0.5563560029080153 0.5571094037844763 0.5578628046609373 0.5586162055373982 0.5593696064138591 0.56012300729032 0.560876408166781 0.5616298090432419 0.5623832099197029 0.5631366107961651 0.5638900116726261 0.564643412549087 0.5653968134255479 0.5661502143020088 0.5669036151784698 0.5676570160549307 0.5684104169313917 0.5691638178078526 0.5699172186843136 0.5706706195607745 0.5714240204372354 0.5721774213136963 0.5729308221901586 0.5736842230666195 0.5744376239430804 0.5751120235812661 0.5757019691102351
-9999.0 -9999.0 -9999.0 -9999.0 -9999.0 -9999.0 -9999.0 -9999.0 -9999.0 -9999.0 -9999.0 -9999.0 -9999.0 -9999.0 -9999.0 -9999.0 0.5552114381529031 0.5559547667248401 0.5566980952967772 0.5574414238687142 0.5581847524406511 0.5589280810125882 0.5596714095845252 0.5604147381564623 0.5611580667283993 0.5619013953003363 0.5626447238722746 0.5633880524442116 0.5641313810161487 0.5648747095880856 0.5656180381600227 0.5663613667319597 0.5671046953038967 0.5678480238758338 0.5685913524477708 0.5693346810197077 0.5700780095916448 0.5708213381635818 0.5715646667355189 0.5723079953074571 0.5730513238793942 0.5737946524513312 0.5744724603440137 0.5750802251497457
-9999.0 -9999.0 -9999.0 -9999.0 -9999.0 -9999.0 -9999.0 -9999.0 -9999.0 -9999.0 -9999.0 -9999.0 -9999.0 -9999.0 -9999.0 -9999.0 -9999.0 0.5555535305416649 0.556286786809078 0.5570200430764911 0.5577532993439042 0.5584865556113173 0.5592198118787304 0.5599530681461435 0.5606863244135567 0.5614195806809698 0.5621528369483841 0.5628860932157973 0.5636193494832104 0.5643526057506235 0.5650858620180366 0.5658191182854497 0.5665523745528628 0.5672856308202759 0.568018887087689 0.5687521433551022 0.5694853996225152 0.5702186558899284 0.5709519121573415 0.5716851684247558 0.572418424692169 0.573151680959582 0.5738328971067613 0.5744584811892562
-9999.0 -9999.0 -9999.0 -9999.0 -9999.0 -9999.0 -9999.0 -9999.0 -9999.0 -9999.0 -9999.0 -9999.0 -9999.0 -9999.0 -9999.0 -9999.0 -9999.0 -9999.0 0.5558754783213788 0.5565986622842681 0.5573218462471573 0.5580450302100465 0.5587682141729357 0.5594913981358248 0.5602145820987141 0.5609377660616033 0.5616609500244937 0.5623841339873829 0.563107317950272 0.5638305019131613 0.5645536858760505 0.5652768698389397 0.5660000538018288 0.566723237764718 0.5674464217276072 0.5681696056904965 0.5688927896533856 0.5696159736162748 0.570339157579164 0.5710623415420545 0.5717855255049437 0.5725087094678328 0.5731933338695089 0.5738367372287667
-9999.0 -9999.0 -9999.0 -9999.0 -9999.0 -9999.0 -9999.0 -9999.0 -9999.0 -9999.0 -9999.0 -9999.0 -9999.0 -9999.0 -9999.0 -9999.0 -9999.0 -9999.0 -9999.0 0.556177281492045 0.5568903931504102 0.5576035048087755 0.5583166164671408 0.5590297281255061 0.5597428397838714 0.5604559514422367 0.5611690631006032 0.5618821747589684 0.5625952864173337 0.563308398075699 0.5640215097340643 0.5647346213924296 0.5654477330507949 0.5661608447091602 0.5668739563675254 0.5675870680258907 0.568300179684256 0.5690132913426212 0.5697264030009865 0.570439514659353 0.5711526263177183 0.5718657379760835 0.5725537706322564 0.5732149932682772
-9999.0 -9999.0 -9999.0 -9999.0 -9999.0 -9999.0 -9999.0 -9999.0 -9999.0 -9999.0 -9999.0 -9999.0 -9999.0 -9999.0 -9999.0 -9999.0 -9999.0 -9999.0 -9999.0 0.5557559006998216 0.5564589400536629 0.5571619794075043 0.5578650187613456 0.5585680581151871 0.5592710974690284 0.5599741368228698 0.5606771761767123 0.5613802155305537 0.562083254884395 0.5627862942382365 0.5634893335920778 0.5641923729459191 0.5648954122997605 0.5655984516536018 0.5663014910074432 0.5670045303612845 0.5677075697151259 0.5684106090689672 0.5691136484228086 0.5698166877766512 0.5705197271304925 0.5712227664843339 0.5719142073950035 0.5725932493077872
-9999.0 -9999.0 -9999.0 -9999.0 -9999.0 -9999.0 -9999.0 -9999.0 -9999.0 -9999.0 -9999.0 -9999.0 -9999.0 -9999.0 -9999.0 -9999.0 -9999.0 -9999.0 -9999.0 -9999.0 0.556027486956916 0.5567204540062334 0.5574134210555508 0.5581063881048683 0.5587993551541858 0.5594923222035032 -9999.0 -9999.0 0.5615712233514567 0.5622641904007741 0.5629571574500916 0.563650124499409 0.5643430915487264 0.565036058598044 0.5657290256473614 0.5664219926966788 0.5671149597459962 0.5678079267953137 0.5685008938446311 0.5691938608939497 0.5698868279432672 0.5705797949925846 0.5712746441577511 0.5719715053472978
-9999.0 -9999.0 -9999.0 -9999.0 -9999.0 -9999.0 -9999.0 -9999.0 -9999.0 -9999.0 -9999.0 -9999.0 -9999.0 -9999.0 -9999.0 -9999.0 -9999.0 -9999.0 -9999.0 -9999.0 -9999.0 -9999.0 -9999.0 -9999.0 -9999.0 -9999.0 -9999.0 0.5603762970737248 0.5610591918185184 0.5617420865633119 0.5624249813081055 0.563107876052899 0.5637907707976925 0.564473665542486 0.5651565602872796 0.5658394550320731 0.5665223497768667 0.5672052445216601 0.5678881392664537 0.5685710340112483 0.5692539287560419 0.5699368235008354 0.5706350809204986 0.5713497613868083
-9999.0 -9999.0 -9999.0 -9999.0 -9999.0 -9999.0 -9999.0 -9999.0 -9999.0 -9999.0 -9999.0 -9999.0 -9999.0 -9999.0 -9999.0 -9999.0 -9999.0 -9999.0 -9999.0 -9999.0 -9999.0 -9999.0 -9999.0 -9999.0 -9999.0 -9999.0 -9999.0 0.5598743378453105 0.5605471602855802 0.5612199827258497 0.5618928051661194 0.562565627606389 0.5632384500466586 0.5639112724869282 0.5645840949271979 0.5652569173674674 0.5659297398077371 0.5666025622480066 0.5672753846882763 0.567948207128547 0.5686210295688167 0.5692938520090862 0.5699955176832463 0.5707280174263188
-9999.0 -9999.0 -9999.0 -9999.0 -9999.0 -9999.0 -9999.0 -9999.0 -9999.0 -9999.0 -9999.0 -9999.0 -9999.0 -9999.0 -9999.0 -9999.0 -9999.0 -9999.0 -9999.0 -9999.0 -9999.0 -9999.0 -9999.0 -9999.0 -9999.0 -9999.0 -9999.0 0.5593723786168961 0.5600351287526418 0.5606978788883875 0.5613606290241332 0.5620233791598789 0.5626861292956247 0.5633488794313704 0.564011629567116 0.5646743797028617 0.5653371298386074 0.5659998799743531 0.5666626301100988 0.5673253802458457 0.5679881303815913 0.568650880517337 0.5693559544459939 0.5701062734658293
-9999.0 -9999.0 -9999.0 -9999.0 -9999.0 -9999.0 -9999.0 -9999.0 -9999.0 -9999.0 -9999.0 -9999.0 -9999.0 -9999.0 -9999.0 -9999.0 -9999.0 -9999.0 -9999.0 -9999.0 -9999.0 -9999.0 -9999.0 -9999.0 -9999.0 -9999.0 -9999.0 -9999.0 0.5595230972197035 0.5601757750509253 0.560828452882147 0.5614811307133688 0.5621338085445906 0.5627864863758124 0.5634391642070342 0.564091842038256 0.5647445198694777 0.5653971977006995 0.5660498755319213 0.5667025533631442 0.567355231194366 0.5680079090255877 0.5687163912087414 0.5694845295053398
-9999.0 -9999.0 -9999.0 -9999.0 -9999.0 -9999.0 -9999.0 -9999.0 -9999.0 -9999.0 -9999.0 -9999.0 -9999.0 -9999.0 -9999.0 -9999.0 -9999.0 -9999.0 -9999.0 -9999.0 -9999.0 -9999.0 -9999.0 -9999.0 -9999.0 -9999.0 -9999.0 -9999.0 -9999.0 0.5596536712134631 0.5602962767401609 0.5609388822668588 0.5615814877935567 0.5622240933202546 0.5628666988469524 0.5635093043736503 0.5641519099003481 0.5647945154270461 0.5654371209537439 0.5660797264804429 0.5667223320071407 0.5673649375338387 0.5680768279714891 0.5688627855448504
-9999.0 -9999.0 -9999.0 -9999.0 -9999.0 -9999.0 -9999.0 -9999.0 -9999.0 -9999.0 -9999.0 -9999.0 -9999.0 -9999.0 -9999.0 -9999.0 -9999.0 -9999.0 -9999.0 -9999.0 -9999.0 -9999.0 -9999.0 -9999.0 -9999.0 -9999.0 -9999.0 -9999.0 -9999.0 0.5591315673760004 0.5597641005981744 0.5603966338203483 0.5610291670425223 0.5616617002646962 0.5622942334868701 0.5629267667090441 0.563559299931218 0.5641918331533919 0.5648243663755659 0.5654568995977409 0.5660894328199149 0.5667219660420888 0.5674372647342361 0.5682410415843604
