Figures/CREST_Example_wjb_NSE/PETs/wjb.pet.20100909.asc
ncols            288
nrows            254
xllcorner        113.274861
yllcorner        31.4918055
cellsize         0.008333333333
NODATA_value     -9999
[rows 180 to 199 of 254, columns 88 to 131 of 288]
1.6048182212343058 1.5991133707133554 1.593408520192405 1.5877036696714448 1.5819988191504946 1.576293968629544 1.5705891181085938 1.5648842675876433 1.5591794170666928 1.5534745665457426 1.547769716024792 1.5420648655038418 1.5363600149828913 1.5306551644619408 1.5269710921357715 1.525447277392038 1.5239234626483018 1.5223996479045683 1.5208758331608347 1.5193520184171012 1.5178282036733677 1.5163043889296342 1.5147805741859006 1.513256759442167 1.5117329446984333 1.5102091299546998 1.5086853152109663 1.5071615004672327 1.5056376857234992 1.504113870979763 1.5025900562360295 1.501066241492296 1.4995424267485624 1.4980186120048289 1.4964947972610954 1.4949709825173616 1.493447167773628 1.4919233530298945 1.490399538286161 1.4888757235424275 1.487351908798694 1.4858280940549604 1.4843042793112242 1.4827804645674907
1.6170843502076497 1.6113297478889965 1.6055751455703435 1.5998205432516805 1.5940659409330276 1.5883113386143743 1.5825567362957214 1.5768021339770681 1.5710475316584152 1.565292929339762 1.559538327021109 1.553783724702456 1.5480291223838027 1.5422745200651495 1.5384773874397906 1.5367728341772966 1.5350682809147995 1.5333637276523056 1.5316591743898114 1.5299546211273174 1.5282500678648234 1.5265455146023292 1.5248409613398353 1.523136408077341 1.521431854814847 1.5197273015523531 1.518022748289859 1.516318195027365 1.514613641764871 1.512909088502374 1.51120453523988 1.5094999819773858 1.5077954287148918 1.5060908754523976 1.5043863221899036 1.5026817689274097 1.5009772156649155 1.4992726624024215 1.4975681091399276 1.4958635558774334 1.4941590026149394 1.4924544493524452 1.4907498960899483 1.4890453428274542
1.6293504791809936 1.623546125064638 1.617741770948282 1.6119374168319163 1.6061330627155606 1.6003287085992048 1.594524354482849 1.5887200003664932 1.5829156462501375 1.5771112921337815 1.5713069380174258 1.56550258390107 1.5596982297847142 1.5538938756683585 1.5499836827438096 1.548098390962555 1.5462130991812972 1.5443278074000426 1.5424425156187882 1.5405572238375336 1.538671932056279 1.5367866402750245 1.53490134849377 1.5330160567125153 1.5311307649312609 1.5292454731500063 1.5273601813687516 1.5254748895874972 1.5235895978062426 1.5217043060249849 1.5198190142437302 1.5179337224624758 1.5160484306812212 1.5141631388999666 1.5122778471187122 1.5103925553374575 1.508507263556203 1.5066219717749485 1.5047366799936939 1.5028513882124392 1.5009660964311848 1.4990808046499302 1.4971955128686725 1.4953102210874178
1.641616608154348 1.6357625022402895 1.6299083963262309 1.6240542904121624 1.6182001844981038 1.6123460785840453 1.6064919726699867 1.6006378667559282 1.5947837608418696 1.5889296549278111 1.5830755490137525 1.577221443099694 1.5713673371856354 1.565513231271577 1.5614899780478382 1.559423947747823 1.5573579174478043 1.555291887147789 1.553225856847774 1.5511598265477586 1.5490937962477433 1.5470277659477283 1.544961735647713 1.542895705347698 1.5408296750476826 1.5387636447476674 1.5366976144476523 1.534631584147637 1.5325655538476217 1.530499523547603 1.5284334932475878 1.5263674629475728 1.5243014326475575 1.5222354023475422 1.5201693720475271 1.5181033417475118 1.5160373114474968 1.5139712811474815 1.5119052508474662 1.5098392205474511 1.5077731902474358 1.5057071599474205 1.503641129647402 1.5015750993473866
1.6538827371276918 1.6479788794159307 1.6420750217041693 1.636171163992398 1.6302673062806368 1.6243634485688756 1.6184595908571142 1.612555733145353 1.6066518754335917 1.6007480177218305 1.5948441600100691 1.588940302298308 1.5830364445865468 1.5771325868747854 1.572996273351857 1.5707495045330813 1.5685027357143018 1.566255966895526 1.5640091980767503 1.5617624292579746 1.5595156604391989 1.5572688916204231 1.5550221228016474 1.5527753539828717 1.5505285851640962 1.5482818163453205 1.5460350475265447 1.543788278707769 1.5415415098889933 1.5392947410702138 1.537047972251438 1.5348012034326624 1.5325544346138866 1.530307665795111 1.5280608969763352 1.5258141281575595 1.523567359338784 1.5213205905200082 1.5190738217012325 1.5168270528824568 1.514580284063681 1.5123335152449053 1.5100867464261258 1.5078399776073501
1.6661488661010357 1.6601952565915719 1.654241647082108 1.6482880375726339 1.6423344280631698 1.6363808185537059 1.630427209044242 1.6244735995347779 1.618519990025314 1.61256638051585 1.606612771006386 1.6006591614969221 1.5947055519874582 1.5887519424779941 1.5845025686558758 1.5820750613183396 1.5796475539807993 1.577220046643263 1.574792539305727 1.5723650319681908 1.5699375246306546 1.5675100172931185 1.565082509955582 1.562655002618046 1.5602274952805097 1.5577999879429736 1.5553724806054374 1.5529449732679013 1.550517465930365 1.5480899585928247 1.5456624512552886 1.5432349439177522 1.540807436580216 1.5383799292426799 1.5359524219051437 1.5335249145676075 1.5310974072300714 1.528669899892535 1.5262423925549988 1.5238148852174627 1.5213873778799265 1.5189598705423903 1.51653236320485 1.5141048558673138
1.6784149950743796 1.672411633767213 1.6664082724600464 1.6604049111528694 1.6544015498457028 1.6483981885385361 1.6423948272313693 1.6363914659242027 1.630388104617036 1.6243847433098695 1.6183813820027027 1.612378020695536 1.6063746593883694 1.6003712980812028 1.5960088639598946 1.593400618103598 1.5907923722472967 1.5881841263910002 1.5855758805347033 1.5829676346784067 1.5803593888221101 1.5777511429658133 1.5751428971095167 1.57253465125322 1.5699264053969233 1.5673181595406267 1.5647099136843299 1.5621016678280333 1.5594934219717365 1.5568851761154354 1.5542769302591388 1.551668684402842 1.5490604385465454 1.5464521926902486 1.543843946833952 1.5412357009776554 1.5386274551213586 1.536019209265062 1.5334109634087651 1.5308027175524686 1.528194471696172 1.5255862258398751 1.522977979983574 1.5203697341272773
1.6906811240477237 1.6846280109428542 1.6785748978379849 1.6725217847331053 1.6664686716282358 1.6604155585233664 1.654362445418497 1.6483093323136278 1.6422562192087584 1.6362031061038889 1.6301499929990195 1.6240968798941502 1.6180437667892809 1.6119906536844115 1.6075151592639136 1.6047261748888564 1.6019371905137945 1.5991482061387372 1.5963592217636802 1.593570237388623 1.5907812530135657 1.5879922686385084 1.5852032842634514 1.582414299888394 1.5796253155133368 1.5768363311382798 1.5740473467632226 1.5712583623881653 1.5684693780131083 1.5656803936380461 1.562891409262989 1.5601024248879318 1.5573134405128746 1.5545244561378175 1.5517354717627603 1.548946487387703 1.546157503012646 1.5433685186375887 1.5405795342625315 1.5377905498874742 1.5350015655124172 1.53221258113736 1.529423596762298 1.5266346123872407
1.7029472530210674 1.6968443881184954 1.6907415232159233 1.6846386583133408 1.6785357934107688 1.6724329285081967 1.6663300636056246 1.6602271987030526 1.6541243338004805 1.6480214688979085 1.6419186039953364 1.6358157390927643 1.6297128741901923 1.6236100092876202 1.6190214545679324 1.6160517316741148 1.6130820087802922 1.6101122858864745 1.6071425629926568 1.604172840098839 1.6012031172050214 1.5982333943112037 1.595263671417386 1.5922939485235683 1.5893242256297506 1.586354502735933 1.5833847798421152 1.5804150569482975 1.5774453340544798 1.574475611160657 1.5715058882668393 1.5685361653730217 1.565566442479204 1.5625967195853863 1.5596269966915686 1.556657273797751 1.5536875509039334 1.5507178280101157 1.547748105116298 1.5447783822224803 1.5418086593286626 1.538838936434845 1.5358692135410221 1.5328994906472044
1.7152133819944217 1.709060765294147 1.7029081485938722 1.696755531893587 1.6906029151933122 1.6844502984930372 1.6782976817927624 1.6721450650924876 1.6659924483922128 1.659839831691938 1.6536872149916633 1.6475345982913883 1.6413819815911135 1.6352293648908387 1.6305277498719613 1.627377288459383 1.6242268270467992 1.6210763656342209 1.6179259042216425 1.6147754428090642 1.6116249813964858 1.6084745199839074 1.605324058571329 1.6021735971587507 1.5990231357461724 1.595872674333594 1.5927222129210157 1.5895717515084373 1.586421290095859 1.5832708286832753 1.580120367270697 1.5769699058581186 1.5738194444455404 1.570668983032962 1.5675185216203837 1.5643680602078054 1.561217598795227 1.5580671373826487 1.5549166759700703 1.551766214557492 1.5486157531449136 1.5454652917323353 1.5423148303197516 1.5391643689071732
1.7274795109677656 1.7212771424697881 1.7150747739718106 1.7088724054738225 1.702670036975845 1.6964676684778675 1.69026529997989 1.6840629314819124 1.677860562983935 1.6716581944859574 1.66545582598798 1.6592534574900024 1.6530510889920247 1.6468487204940472 1.6420340451759798 1.638702845244641 1.6353716453132965 1.6320404453819577 1.628709245450619 1.6253780455192801 1.6220468455879413 1.6187156456566025 1.6153844457252635 1.6120532457939247 1.608722045862586 1.6053908459312471 1.6020596459999084 1.5987284460685696 1.5953972461372306 1.5920660462058862 1.5887348462745474 1.5854036463432084 1.5820724464118696 1.5787412464805308 1.575410046549192 1.5720788466178532 1.5687476466865145 1.5654164467551754 1.5620852468238366 1.5587540468924979 1.555422846961159 1.5520916470298203 1.5487604470984757 1.545429247167137
1.7397456399411098 1.7334935196454295 1.7272413993497493 1.7209892790540584 1.7147371587583782 1.708485038462698 1.7022329181670175 1.6959807978713375 1.689728677575657 1.683476557279977 1.6772244369842966 1.6709723166886166 1.6647201963929361 1.6584680760972559 1.6535403404799989 1.6500284020298996 1.6465164635797942 1.643004525129695 1.6394925866795955 1.6359806482294963 1.6324687097793968 1.6289567713292976 1.6254448328791982 1.621932894429099 1.6184209559789995 1.6149090175289003 1.6113970790788008 1.6078851406287016 1.6043732021786024 1.600861263728497 1.5973493252783977 1.5938373868282982 1.590325448378199 1.5868135099280996 1.5833015714780003 1.5797896330279009 1.5762776945778016 1.5727657561277022 1.569253817677603 1.5657418792275035 1.5622299407774043 1.5587180023273048 1.5552060638771996 1.5516941254271004
1.7520117689144534 1.7457098968210705 1.7394080247276877 1.733106152634294 1.726804280540911 1.720502408447528 1.714200536354145 1.707898664260762 1.7015967921673791 1.6952949200739962 1.6889930479806132 1.6826911758872303 1.6763893037938473 1.6700874317004646 1.6650466357840177 1.6613539588151578 1.6576612818462917 1.6539686048774318 1.6502759279085721 1.6465832509397123 1.6428905739708524 1.6391978970019925 1.6355052200331328 1.631812543064273 1.628119866095413 1.6244271891265534 1.6207345121576935 1.6170418351888336 1.613349158219974 1.6096564812511076 1.605963804282248 1.602271127313388 1.5985784503445282 1.5948857733756685 1.5911930964068086 1.5875004194379487 1.583807742469089 1.5801150655002292 1.5764223885313693 1.5727297115625096 1.5690370345936497 1.5653443576247899 1.5616516806559237 1.5579590036870639
1.7642778978877973 1.7579262739967119 1.7515746501056262 1.7452230262145296 1.738871402323444 1.7325197784323583 1.7261681545412728 1.7198165306501871 1.7134649067591015 1.7071132828680158 1.70076165897693 1.6944100350858444 1.688058411194759 1.6817067873036733 1.6765529310880365 1.6726795156004162 1.6688061001127894 1.664932684625169 1.6610592691375488 1.6571858536499284 1.653312438162308 1.6494390226746878 1.6455656071870675 1.6416921916994471 1.6378187762118268 1.6339453607242065 1.6300719452365862 1.6261985297489658 1.6223251142613455 1.6184516987737185 1.6145782832860982 1.6107048677984779 1.6068314523108576 1.6029580368232372 1.599084621335617 1.5952112058479966 1.5913377903603763 1.587464374872756 1.5835909593851356 1.5797175438975153 1.575844128409895 1.5719707129222746 1.5680972974346477 1.5642238819470273
1.7765440268611465 1.7701426511723581 1.7637412754835697 1.7573398997947705 1.7509385241059823 1.7445371484171939 1.7381357727284055 1.731734397039617 1.7253330213508287 1.7189316456620403 1.7125302699732519 1.7061288942844637 1.6997275185956753 1.6933261429068869 1.6880592263920604 1.6840050723856794 1.6799509183792918 1.6758967643729108 1.6718426103665298 1.667788456360149 1.663734302353768 1.659680148347387 1.6556259943410063 1.6515718403346253 1.6475176863282446 1.6434635323218636 1.6394093783154826 1.6353552243091019 1.6313010703027209 1.6272469162963332 1.6231927622899522 1.6191386082835713 1.6150844542771905 1.6110303002708095 1.6069761462644288 1.6029219922580478 1.5988678382516668 1.594813684245286 1.590759530238905 1.5867053762325243 1.5826512222261433 1.5785970682197623 1.5745429142133747 1.5704887602069937
1.7888101558344904 1.7823590283479993 1.7759079008615082 1.7694567733750062 1.763005645888515 1.756554518402024 1.750103390915533 1.743652263429042 1.7372011359425508 1.7307500084560596 1.7242988809695685 1.7178477534830776 1.7113966259965865 1.7049454985100954 1.6995655216960792 1.6953306291709378 1.691095736645789 1.6868608441206476 1.6826259515955064 1.678391059070365 1.6741561665452236 1.6699212740200822 1.6656863814949407 1.6614514889697993 1.6572165964446581 1.6529817039195167 1.6487468113943753 1.6445119188692339 1.6402770263440924 1.636042133818944 1.6318072412938025 1.627572348768661 1.6233374562435197 1.6191025637183785 1.614867671193237 1.6106327786680956 1.6063978861429542 1.6021629936178128 1.5979281010926714 1.5936932085675302 1.5894583160423887 1.5852234235172473 1.5809885309920988 1.5767536384669574
1.8010762848078343 1.7945754055236405 1.7880745262394468 1.781573646955242 1.7750727676710483 1.7685718883868544 1.7620710091026606 1.7555701298184667 1.749069250534273 1.7425683712500792 1.7360674919658854 1.7295666126816918 1.723065733397498 1.716564854113304 1.711071817000098 1.7066561859561962 1.7022405549122868 1.697824923868385 1.693409292824483 1.6889936617805812 1.684578030736679 1.6801623996927773 1.6757467686488754 1.6713311376049735 1.6669155065610717 1.6624998755171698 1.658084244473268 1.6536686134293659 1.649252982385464 1.6448373513415546 1.6404217202976528 1.636006089253751 1.631590458209849 1.6271748271659472 1.6227591961220453 1.6183435650781433 1.6139279340342414 1.6095123029903395 1.6050966719464377 1.6006810409025358 1.596265409858634 1.591849778814732 1.5874341477708227 1.5830185167269208
1.8133424137811835 1.806791782699287 1.8002411516173904 1.793690520535483 1.7871398894535864 1.7805892583716898 1.7740386272897932 1.7674879962078969 1.7609373651260003 1.7543867340441037 1.7478361029622074 1.7412854718803108 1.7347348407984142 1.7281842097165176 1.722578112304122 1.7179817427414594 1.7133853731787891 1.7087890036161266 1.704192634053464 1.6995962644908018 1.6949998949281393 1.6904035253654768 1.6858071558028143 1.681210786240152 1.6766144166774894 1.672018047114827 1.6674216775521646 1.6628253079895021 1.6582289384268396 1.6536325688641693 1.6490361993015068 1.6444398297388445 1.639843460176182 1.6352470906135195 1.630650721050857 1.6260543514881947 1.6214579819255321 1.6168616123628696 1.612265242800207 1.6076688732375448 1.6030725036748823 1.5984761341122198 1.5938797645495495 1.589283394986887
1.8256085427545274 1.8190081598749281 1.8124077769953288 1.8058073941157184 1.7992070112361191 1.79260662835652 1.7860062454769208 1.7794058625973217 1.7728054797177224 1.766205096838123 1.759604713958524 1.7530043310789247 1.7464039481993254 1.7398035653197264 1.7340844076081405 1.7293072995267176 1.7245301914452866 1.7197530833638637 1.7149759752824407 1.7101988672010178 1.7054217591195948 1.7006446510381719 1.695867542956749 1.691090434875326 1.686313326793903 1.68153621871248 1.676759110631057 1.6719820025496341 1.6672048944682112 1.66242778638678 1.657650678305357 1.652873570223934 1.6480964621425112 1.6433193540610882 1.6385422459796652 1.6337651378982423 1.6289880298168193 1.6242109217353964 1.6194338136539734 1.6146567055725505 1.6098795974911275 1.6051024894097046 1.6003253813282734 1.5955482732468504
1.8378746717278713 1.8312245370505693 1.8245744023732675 1.8179242676959542 1.8112741330186521 1.8046239983413503 1.7979738636640485 1.7913237289867465 1.7846735943094445 1.7780234596321427 1.7713733249548407 1.7647231902775389 1.7580730556002369 1.751422920922935 1.7455907029121596 1.7406328563119762 1.7356750097117841 1.7307171631116007 1.7257593165114173 1.720801469911234 1.7158436233110503 1.710885776710867 1.7059279301106836 1.7009700835105 1.6960122369103166 1.6910543903101332 1.6860965437099498 1.6811386971097662 1.6761808505095828 1.671223003909391 1.6662651573092075 1.661307310709024 1.6563494641088405 1.6513916175086572 1.6464337709084735 1.6414759243082901 1.6365180777081068 1.6315602311079234 1.6266023845077398 1.6216445379075564 1.616686691307373 1.6117288447071894 1.6067709981069975 1.6018131515068141
