Figures/CREST_Example_wjb_NSE/PETs/wjb.pet.20100507.asc
ncols            288
nrows            254
xllcorner        113.274861
yllcorner        31.4918055
cellsize         0.008333333333
NODATA_value     -9999
[rows 140 to 159 of 254, columns 44 to 87 of 288]
2.4581720616850857 2.4597120429206614 2.4612520241562375 2.4627920053918135 2.464331986627389 2.4658719678629653 2.4674119490985413 2.468951930334117 2.4704919115696957 2.472031892805272 2.4735718740408474 2.4751118552764235 2.4766518365119996 2.4781918177475752 2.4797317989831513 2.4812717802187274 2.482811761454303 2.484351742689879 2.485891723925455 2.487431705161031 2.488971686396607 2.4905116676321857 2.4920516488677613 2.4935916301033374 2.4951316113389135 2.496671592574489 2.498211573810065 2.4997515550456413 2.5005366562622164 2.500514773673618 2.5004928910850195 2.5004710084964215 2.500449125907823 2.5004272433192245 2.5004053607306265 2.500383478142028 2.5003615955534295 2.5003397129648315 2.500317830376233 2.500295947787635 2.5002740651990365 2.500252182610438 2.50023030002184 2.5002084174332415
2.4639809770149608 2.4655231295937226 2.4670652821724843 2.468607434751246 2.470149587330008 2.4716917399087697 2.4732338924875314 2.4747760450662932 2.4763181976450577 2.4778603502238195 2.4794025028025812 2.480944655381343 2.482486807960105 2.4840289605388666 2.4855711131176284 2.48711326569639 2.488655418275152 2.4901975708539137 2.4917397234326755 2.4932818760114372 2.494824028590199 2.4963661811689635 2.4979083337477253 2.499450486326487 2.500992638905249 2.5025347914840106 2.5040769440627724 2.505619096641534 2.5063456308015173 2.5062002504339076 2.5060548700662983 2.505909489698689 2.50576410933108 2.5056187289634706 2.505473348595861 2.5053279682282517 2.5051825878606424 2.5050372074930327 2.5048918271254235 2.504746446757814 2.504601066390205 2.5044556860225957 2.504310305654986 2.5041649252873768
2.4697898923448363 2.4713342162667837 2.4728785401887317 2.474422864110679 2.4759671880326266 2.4775115119545745 2.479055835876522 2.4806001597984695 2.4821444837204196 2.4836888076423675 2.485233131564315 2.4867774554862625 2.4883217794082104 2.489866103330158 2.4914104272521054 2.4929547511740533 2.4944990750960008 2.4960433990179482 2.497587722939896 2.4991320468618436 2.500676370783791 2.5022206947057413 2.503765018627689 2.5053093425496367 2.506853666471584 2.508397990393532 2.5099423143154795 2.511486638237427 2.5121546053408177 2.5118857271941972 2.5116168490475768 2.5113479709009563 2.5110790927543363 2.510810214607716 2.510541336461095 2.5102724583144744 2.5100035801678544 2.509734702021234 2.5094658238746135 2.509196945727993 2.5089280675813725 2.5086591894347525 2.508390311288132 2.5081214331415116
2.4755988076747117 2.477145302939845 2.4786917982049785 2.480238293470112 2.4817847887352453 2.483331284000379 2.4848777792655126 2.4864242745306457 2.487970769795782 2.4895172650609156 2.491063760326049 2.4926102555911824 2.4941567508563156 2.4957032461214492 2.497249741386583 2.498796236651716 2.5003427319168496 2.5018892271819833 2.5034357224471164 2.50498221771225 2.5065287129773837 2.5080752082425195 2.509621703507653 2.5111681987727867 2.51271469403792 2.5142611893030535 2.5158076845681867 2.5173541798333203 2.5179635798801185 2.517571203954487 2.5171788280288556 2.5167864521032244 2.5163940761775927 2.5160017002519615 2.5156093243263293 2.515216948400698 2.5148245724750664 2.514432196549435 2.514039820623804 2.5136474446981723 2.513255068772541 2.5128626928469093 2.512470316921278 2.512077940995647
2.4814077230045917 2.482956389612911 2.4845050562212303 2.4860537228295496 2.487602389437869 2.4891510560461882 2.4906997226545076 2.492248389262827 2.493797055871149 2.495345722479468 2.4968943890877875 2.498443055696107 2.499991722304426 2.5015403889127454 2.5030890555210648 2.504637722129384 2.5061863887377034 2.5077350553460227 2.509283721954342 2.5108323885626613 2.5123810551709806 2.5139297217793026 2.515478388387622 2.5170270549959413 2.5185757216042606 2.52012438821258 2.521673054820899 2.5232217214292185 2.5237725544194243 2.523256680714782 2.522740807010139 2.5222249333054965 2.521709059600854 2.5211931858962116 2.520677312191568 2.5201614384869258 2.519645564782283 2.5191296910776404 2.518613817372998 2.5180979436683555 2.517582069963713 2.51706619625907 2.5165503225544277 2.516034448849785
2.487216638334467 2.488767476285972 2.4903183142374776 2.4918691521889826 2.4934199901404877 2.494970828091993 2.496521666043498 2.498072503995003 2.499623341946511 2.5011741798980163 2.5027250178495213 2.5042758558010263 2.5058266937525318 2.5073775317040368 2.508928369655542 2.510479207607047 2.5120300455585522 2.5135808835100573 2.5151317214615623 2.5166825594130677 2.5182333973645727 2.5197842353160804 2.5213350732675854 2.522885911219091 2.524436749170596 2.525987587122101 2.527538425073606 2.5290892630251114 2.5295815289587247 2.528942157475071 2.5283027859914173 2.527663414507764 2.5270240430241104 2.5263846715404568 2.525745300056802 2.5251059285731485 2.524466557089495 2.5238271856058416 2.523187814122188 2.5225484426385343 2.5219090711548806 2.5212696996712274 2.5206303281875737 2.51999095670392
2.4930255536643426 2.4945785629590334 2.4961315722537245 2.4976845815484157 2.4992375908431064 2.5007906001377975 2.5023436094324887 2.5038966187271794 2.505449628021873 2.507002637316564 2.508555646611255 2.5101086559059462 2.511661665200637 2.513214674495328 2.5147676837900192 2.51632069308471 2.517873702379401 2.519426711674092 2.520979720968783 2.522532730263474 2.524085739558165 2.5256387488528587 2.5271917581475494 2.5287447674422405 2.5302977767369317 2.5318507860316224 2.5334037953263135 2.5349568046210047 2.5353905034980255 2.534627634235361 2.533864764972696 2.5331018957100317 2.532339026447367 2.5315761571847024 2.5308132879220366 2.5300504186593717 2.5292875493967073 2.528524680134043 2.527761810871378 2.5269989416087135 2.526236072346049 2.525473203083384 2.5247103338207197 2.5239474645580553
2.4988344689942177 2.5003896496320945 2.5019448302699714 2.5035000109078482 2.505055191545725 2.506610372183602 2.508165552821479 2.5097207334593556 2.511275914097235 2.512831094735112 2.514386275372989 2.5159414560108657 2.5174966366487426 2.519051817286619 2.520606997924496 2.5221621785623727 2.5237173592002495 2.5252725398381264 2.5268277204760032 2.52838290111388 2.529938081751757 2.5314932623896365 2.5330484430275133 2.53460362366539 2.536158804303267 2.537713984941144 2.5392691655790207 2.540824346216897 2.541199478037326 2.5403131109956503 2.5394267439539746 2.538540376912299 2.5376540098706233 2.536767642828948 2.5358812757872706 2.534994908745595 2.5341085417039193 2.533222174662244 2.5323358076205684 2.5314494405788928 2.530563073537217 2.5296767064955414 2.5287903394538658 2.52790397241219
2.508013028520087 2.509484062935034 2.5109550973499815 2.512426131764929 2.5138971661798766 2.515368200594824 2.5168392350097712 2.518310269424719 2.519781303839669 2.5212523382546164 2.5227233726695637 2.5241944070845115 2.525665441499459 2.527136475914406 2.528607510329354 2.5300785447443013 2.5315495791592486 2.5330206135741964 2.5344916479891437 2.535962682404091 2.537433716819039 2.538904751233989 2.540375785648936 2.5418468200638835 2.5433178544788313 2.5447888888937786 2.546259923308726 2.5477309577236738 2.54799680257879 2.546974272549862 2.545951742520934 2.544929212492006 2.543906682463078 2.5428841524341497 2.5418616224052197 2.5408390923762916 2.5398165623473634 2.5387940323184357 2.5377715022895075 2.5367489722605794 2.5357264422316512 2.534703912202723 2.533681382173795 2.5326588521448667
2.520793525275958 2.522088145431083 2.5233827655862076 2.5246773857413323 2.525972005896457 2.527266626051582 2.528561246206707 2.5298558663618316 2.5311504865169585 2.5324451066720832 2.533739726827208 2.5350343469823327 2.5363289671374574 2.537623587292582 2.538918207447707 2.540212827602832 2.5415074477579567 2.5428020679130814 2.544096688068206 2.545391308223331 2.5466859283784555 2.5479805485335825 2.549275168688707 2.550569788843832 2.5518644089989566 2.5531590291540818 2.5544536493092065 2.555748269464331 2.555850610968994 2.554678379643592 2.5535061483181902 2.5523339169927888 2.551161685667387 2.5499894543419854 2.5488172230165818 2.54764499169118 2.5464727603657784 2.5453005290403765 2.5441282977149746 2.542956066389573 2.5417838350641713 2.54061160373877 2.539439372413368 2.5382671410879665
2.533574022031841 2.5346922279271427 2.5358104338224448 2.5369286397177464 2.5380468456130485 2.53916505150835 2.5402832574036522 2.541401463298954 2.5425196691942578 2.5436378750895594 2.5447560809848615 2.5458742868801636 2.5469924927754652 2.5481106986707673 2.549228904566069 2.550347110461371 2.5514653163566727 2.552583522251975 2.5537017281472765 2.5548199340425786 2.55593813993788 2.557056345833184 2.558174551728486 2.559292757623788 2.56041096351909 2.5615291694143916 2.5626473753096937 2.5637655812049953 2.5637044193592042 2.5623824867373286 2.5610605541154534 2.559738621493578 2.5584166888717026 2.557094756249827 2.555772823627949 2.554450891006074 2.5531289583841983 2.551807025762323 2.5504850931404475 2.5491631605185723 2.5478412278966966 2.5465192952748215 2.545197362652946 2.5438754300310706
2.5463545187877124 2.5472963104231914 2.548238102058671 2.54917989369415 2.550121685329629 2.551063476965108 2.5520052686005874 2.5529470602360664 2.5538888518715472 2.5548306435070263 2.5557724351425057 2.5567142267779848 2.557656018413464 2.558597810048943 2.5595396016844223 2.5604813933199013 2.5614231849553803 2.56236497659086 2.563306768226339 2.564248559861818 2.565190351497297 2.5661321431327777 2.567073934768257 2.568015726403736 2.5689575180392152 2.5698993096746947 2.5708411013101737 2.5717828929456528 2.571558227749408 2.570086593831059 2.56861495991271 2.5671433259943606 2.5656716920760116 2.5642000581576627 2.562728424239311 2.561256790320962 2.5597851564026133 2.558313522484264 2.556841888565915 2.555370254647566 2.553898620729217 2.5524269868108678 2.550955352892519 2.54948371897417
2.5591350155435837 2.5599003929192405 2.560665770294897 2.5614311476705534 2.5621965250462098 2.562961902421866 2.5637272797975226 2.564492657173179 2.5652580345488367 2.566023411924493 2.5667887893001495 2.567554166675806 2.5683195440514623 2.5690849214271188 2.569850298802775 2.5706156761784316 2.5713810535540884 2.572146430929745 2.5729118083054012 2.5736771856810576 2.574442563056714 2.575207940432372 2.575973317808028 2.5767386951836846 2.577504072559341 2.5782694499349974 2.579034827310654 2.57980020468631 2.5794120361396113 2.577790700924789 2.5761693657099665 2.574548030495144 2.572926695280321 2.5713053600654985 2.569684024850673 2.5680626896358505 2.566441354421028 2.564820019206205 2.5631986839913825 2.56157734877656 2.559956013561737 2.5583346783469145 2.556713343132092 2.555092007917269
2.5719155122994555 2.5725044754152893 2.573093438531123 2.573682401646957 2.57427136476279 2.574860327878624 2.5754492909944577 2.5760382541102915 2.576627217226126 2.57721618034196 2.5778051434577938 2.5783941065736276 2.578983069689461 2.5795720328052947 2.5801609959211285 2.5807499590369622 2.581338922152796 2.58192788526863 2.582516848384463 2.583105811500297 2.5836947746161307 2.5842837377319654 2.584872700847799 2.585461663963633 2.5860506270794668 2.5866395901953005 2.587228553311134 2.5878175164269677 2.5872658445298153 2.585494808018519 2.5837237715072225 2.5819527349959266 2.58018169848463 2.578410661973334 2.5766396254620347 2.5748685889507383 2.573097552439442 2.571326515928146 2.5695554794168496 2.567784442905553 2.5660134063942572 2.564242369882961 2.5624713333716644 2.5607002968603685
2.584696009055327 2.585108557911338 2.585521106767349 2.58593365562336 2.586346204479371 2.586758753335382 2.587171302191393 2.587583851047404 2.5879963999034157 2.588408948759427 2.5888214976154376 2.5892340464714487 2.5896465953274594 2.5900591441834706 2.5904716930394818 2.5908842418954925 2.5912967907515037 2.591709339607515 2.5921218884635255 2.5925344373195367 2.5929469861755474 2.5933595350315595 2.59377208388757 2.5941846327435814 2.594597181599592 2.5950097304556032 2.5954222793116144 2.595834828167625 2.595119652920019 2.593198915112249 2.591278177304479 2.5893574394967094 2.5874367016889397 2.5855159638811696 2.5835952260733963 2.5816744882656266 2.579753750457857 2.577833012650087 2.575912274842317 2.573991537034547 2.5720707992267773 2.5701500614190076 2.5682293236112375 2.5663085858034678
2.5974765058111986 2.5977126404073867 2.5979487750035752 2.5981849095997633 2.5984210441959514 2.59865717879214 2.598893313388328 2.599129447984516 2.599365582580705 2.5996017171768933 2.5998378517730814 2.60007398636927 2.600310120965458 2.600546255561646 2.6007823901578346 2.6010185247540227 2.6012546593502113 2.6014907939463994 2.6017269285425875 2.601963063138776 2.602199197734964 2.6024353323311527 2.602671466927341 2.6029076015235293 2.6031437361197174 2.603379870715906 2.603616005312094 2.603852139908282 2.602973461310222 2.6009030222059786 2.598832583101735 2.5967621439974917 2.5946917048932483 2.592621265789005 2.590550826684758 2.5884803875805145 2.586409948476271 2.5843395093720276 2.582269070267784 2.5801986311635408 2.5781281920592973 2.576057752955054 2.5739873138508105 2.571916874746567
2.61025700256707 2.6103167229034354 2.6103764432398013 2.610436163576167 2.6104958839125323 2.6105556042488978 2.6106153245852632 2.6106750449216287 2.6107347652579946 2.61079448559436 2.6108542059307256 2.610913926267091 2.6109736466034565 2.611033366939822 2.6110930872761875 2.6111528076125534 2.611212527948919 2.6112722482852844 2.61133196862165 2.6113916889580153 2.611451409294381 2.6115111296307467 2.611570849967112 2.6116305703034777 2.611690290639843 2.6117500109762086 2.611809731312574 2.6118694516489396 2.610827269700426 2.608607129299709 2.6063869888989917 2.6041668484982745 2.601946708097558 2.5997265676968406 2.59750642729612 2.5952862868954027 2.5930661464946856 2.5908460060939684 2.5886258656932517 2.5864057252925345 2.5841855848918174 2.5819654444911 2.579745304090383 2.5775251636896663
2.6230374993229524 2.6229208053994952 2.6228041114760376 2.6226874175525805 2.622570723629123 2.6224540297056658 2.622337335782208 2.622220641858751 2.6221039479352934 2.6219872540118363 2.6218705600883787 2.6217538661649216 2.621637172241464 2.621520478318007 2.6214037843945497 2.621287090471092 2.621170396547635 2.6210537026241774 2.62093700870072 2.620820314777263 2.6207036208538055 2.620586926930348 2.6204702330068907 2.620353539083433 2.620236845159976 2.620120151236519 2.6200034573130613 2.619886763389604 2.618681078090636 2.6163112363934453 2.613941394696255 2.611571552999064 2.609201711301873 2.606831869604682 2.6044620279074873 2.602092186210297 2.599722344513106 2.597352502815915 2.594982661118724 2.5926128194215337 2.5902429777243428 2.587873136027152 2.5855032943299614 2.5831334526327705
2.6358179960788237 2.635524887895544 2.6352317797122637 2.634938671528984 2.6346455633457038 2.6343524551624236 2.634059346979144 2.6337662387958636 2.633473130612583 2.633180022429303 2.632886914246023 2.6325938060627427 2.632300697879463 2.6320075896961828 2.6317144815129025 2.631421373329623 2.6311282651463426 2.6308351569630624 2.6305420487797826 2.6302489405965024 2.629955832413222 2.629662724229942 2.6293696160466618 2.6290765078633815 2.6287833996801018 2.6284902914968216 2.6281971833135414 2.6279040751302616 2.6265348864808398 2.6240153434871756 2.621495800493511 2.6189762574998467 2.6164567145061826 2.613937171512518 2.6114176285188493 2.608898085525185 2.6063785425315205 2.6038589995378563 2.6013394565441916 2.5988199135505274 2.596300370556863 2.5937808275631986 2.591261284569534 2.58874174157587
2.6485984928346955 2.6481289703915927 2.64765944794849 2.647189925505387 2.646720403062284 2.646250880619182 2.645781358176079 2.645311835732976 2.6448423132898724 2.6443727908467696 2.6439032684036667 2.6434337459605644 2.6429642235174615 2.6424947010743587 2.642025178631256 2.641555656188153 2.64108613374505 2.6406166113019474 2.6401470888588445 2.639677566415742 2.6392080439726393 2.6387385215295356 2.6382689990864328 2.63779947664333 2.637329954200227 2.6368604317571247 2.636390909314022 2.635921386870919 2.6343886948710438 2.631719450580906 2.6290502062907675 2.6263809620006295 2.6237117177104916 2.6210424734203537 2.6183732291302113 2.615703984840073 2.613034740549935 2.610365496259797 2.607696251969659 2.6050270076795212 2.6023577633893833 2.599688519099245 2.597019274809107 2.594350030518969
