Figures/CREST_Example_wjb_NSE/PETs/wjb.pet.20100805.asc
ncols            288
nrows            254
xllcorner        113.274861
yllcorner        31.4918055
cellsize         0.008333333333
NODATA_value     -9999
[rows 220 to 239 of 254, columns 132 to 175 of 288]
3.7957228856241865 3.7982168804442185 3.800710875264251 3.803204870084283 3.8056988649043153 3.8081928597243477 3.8106868545443797 3.813180849364412 3.815674844184444 3.8181688390044766 3.8206628338245086 3.8231568286445454 3.8256508234645774 3.82814481828461 3.830638813104642 3.8331328079246743 3.8356268027447067 3.8381207975647387 3.840614792384771 3.843108787204803 3.8456027820248355 3.848096776844868 3.8505907716649 3.8530847664849324 3.855578761304969 3.858072756125001 3.860566750945033 3.8630607457650656 3.8655547405850976 3.86804873540513 3.8705579699054895 3.873083495968863 3.875609022032237 3.87813454809561 3.8806600741589836 3.8831856002223573 3.885711126285731 3.8882366523491085 3.890762178412482 3.893287704475856 3.895813230539229 3.8983387566026027 3.9008642826659763 3.90338980872935
3.8156087344718084 3.8179528334092208 3.8202969323466327 3.8226410312840446 3.8249851302214566 3.827329229158869 3.829673328096281 3.832017427033693 3.834361525971105 3.836705624908517 3.839049723845929 3.841393822783345 3.843737921720757 3.8460820206581694 3.8484261195955813 3.8507702185329933 3.8531143174704052 3.855458416407817 3.8578025153452296 3.8601466142826415 3.8624907132200534 3.8648348121574654 3.8671789110948778 3.8695230100322897 3.8718671089697057 3.8742112079071176 3.87655530684453 3.878899405781942 3.881243504719354 3.883587603656766 3.885976089062701 3.888412024607574 3.8908479601524473 3.89328389569732 3.895719831242193 3.8981557667870663 3.900591702331939 3.9030276378768165 3.90546357342169 3.9078995089665627 3.910335444511436 3.912771380056309 3.915207315601182 3.917643251146055
3.835494583319431 3.837688786374223 3.839882989429015 3.842077192483807 3.8442713955385988 3.8464655985933907 3.848659801648182 3.850854004702974 3.853048207757766 3.855242410812558 3.8574366138673497 3.859630816922145 3.861825019976937 3.864019223031729 3.866213426086521 3.8684076291413123 3.870601832196104 3.872796035250896 3.874990238305688 3.87718444136048 3.879378644415272 3.8815728474700637 3.883767050524855 3.885961253579647 3.8881554566344425 3.8903496596892344 3.8925438627440263 3.894738065798818 3.89693226885361 3.899126471908402 3.9013942082199122 3.9037405532462848 3.9060868982726573 3.9084332432990303 3.910779588325403 3.9131259333517754 3.915472278378148 3.917818623404525 3.9201649684308975 3.92251131345727 3.9248576584836425 3.9272040035100155 3.929550348536388 3.9318966935627606
3.8553804321670624 3.857424739339234 3.8594690465114057 3.861513353683577 3.8635576608557485 3.8656019680279203 3.8676462752000917 3.869690582372263 3.871734889544435 3.8737791967166064 3.875823503888778 3.8778678110609532 3.8799121182331247 3.881956425405296 3.884000732577468 3.8860450397496393 3.8880893469218107 3.890133654093982 3.892177961266154 3.8942222684383254 3.896266575610497 3.8983108827826687 3.90035518995484 3.9023994971270115 3.904443804299187 3.9064881114713583 3.9085324186435297 3.9105767258157016 3.912621032987873 3.9146653401600444 3.91681232737713 3.9190690818850022 3.9213258363928745 3.9235825909007467 3.925839345408619 3.928096099916491 3.9303528544243633 3.932609608932239 3.9348663634401113 3.9371231179479835 3.9393798724558557 3.941636626963728 3.9438933814716 3.9461501359794724
3.8752662810146847 3.877160692304236 3.8790551035937875 3.880949514883339 3.88284392617289 3.8847383374624416 3.886632748751993 3.8885271600415443 3.8904215713310957 3.892315982620647 3.8942103939101984 3.896104805199753 3.8979992164893043 3.8998936277788556 3.901788039068407 3.9036824503579584 3.9055768616475097 3.907471272937061 3.9093656842266125 3.911260095516164 3.913154506805715 3.9150489180952666 3.916943329384818 3.9188377406743693 3.920732151963924 3.9226265632534756 3.924520974543027 3.9264153858325783 3.9283097971221297 3.930204208411681 3.932230446534342 3.9343976105237135 3.9365647745130854 3.9387319385024573 3.9408991024918287 3.9430662664812006 3.945233430470572 3.9474005944599475 3.9495677584493194 3.9517349224386913 3.9539020864280627 3.9560692504174346 3.958236414406806 3.960403578396178
3.8951521298623075 3.8968966452692384 3.8986411606761697 3.900385676083101 3.902130191490032 3.9038747068969633 3.9056192223038946 3.9073637377108255 3.909108253117757 3.9108527685246877 3.912597283931619 3.914341799338553 3.9160863147454843 3.9178308301524156 3.9195753455593465 3.921319860966278 3.9230643763732087 3.92480889178014 3.9265534071870714 3.9282979225940022 3.9300424380009336 3.931786953407865 3.9335314688147958 3.935275984221727 3.937020499628661 3.9387650150355924 3.9405095304425233 3.9422540458494546 3.943998561256386 3.945743076663317 3.947648565691553 3.9497261391624243 3.951803712633296 3.953881286104167 3.9559588595750386 3.9580364330459097 3.960114006516781 3.962191579987656 3.964269153458527 3.966346726929398 3.9684243004002697 3.970501873871141 3.9725794473420124 3.9746570208128835
3.9150379787099387 3.9166325982342496 3.9182272177585604 3.9198218372828713 3.921416456807182 3.923011076331493 3.9246056958558038 3.9262003153801146 3.9277949349044254 3.9293895544287367 3.9309841739530476 3.932578793477361 3.934173413001672 3.9357680325259827 3.9373626520502936 3.9389572715746044 3.9405518910989152 3.942146510623226 3.9437411301475374 3.945335749671848 3.946930369196159 3.94852498872047 3.9501196082447807 3.9517142277690915 3.953308847293405 3.954903466817716 3.9564980863420267 3.958092705866338 3.959687325390649 3.9612819449149597 3.963066684848771 3.965054667801142 3.967042650753513 3.969030633705884 3.9710186166582546 3.9730065996106254 3.974994582562996 3.9769825655153705 3.9789705484677413 3.980958531420112 3.982946514372483 3.9849344973248537 3.9869224802772245 3.9889104632295953
3.934923827557561 3.9363685511992514 3.9378132748409422 3.939257998482633 3.9407027221243234 3.942147445766014 3.943592169407705 3.9450368930493958 3.946481616691086 3.947926340332777 3.9493710639744677 3.9508157876161607 3.9522605112578515 3.9537052348995423 3.9551499585412326 3.9565946821829234 3.958039405824614 3.959484129466305 3.9609288531079954 3.962373576749686 3.963818300391377 3.9652630240330677 3.966707747674758 3.968152471316449 3.969597194958142 3.9710419185998327 3.9724866422415235 3.9739313658832143 3.9753760895249046 3.9768208131665954 3.9784848040059826 3.980383196439853 3.982281588873723 3.9841799813075935 3.986078373741464 3.9879767661753345 3.989875158609205 3.9917735510430785 3.993671943476949 3.995570335910819 3.9974687283446895 3.99936712077856 4.00126551321243 4.003163905646301
3.9548096764051834 3.956104504164254 3.9573993319233245 3.958694159682395 3.9599889874414655 3.961283815200536 3.9625786429596066 3.963873470718677 3.965168298477747 3.966463126236818 3.9677579539958883 3.969052781754961 3.9703476095140315 3.971642437273102 3.972937265032172 3.974232092791243 3.975526920550313 3.9768217483093835 3.9781165760684543 3.9794114038275246 3.980706231586595 3.9820010593456656 3.983295887104736 3.9845907148638067 3.985885542622879 3.9871803703819495 3.9884751981410203 3.9897700259000906 3.991064853659161 3.9923596814182316 3.9939029231631937 3.995711725078564 3.9975205269939336 3.9993293289093037 4.001138130824674 4.002946932740044 4.004755734655413 4.006564536570787 4.008373338486156 4.010182140401526 4.0119909423168965 4.013799744232267 4.015608546147637 4.017417348063006
3.974695525252806 3.975840457129256 3.9769853890057063 3.9781303208821566 3.979275252758607 3.980420184635057 3.9815651165115074 3.982710048387958 3.9838549802644083 3.9849999121408586 3.986144844017309 3.987289775893761 3.988434707770211 3.9895796396466614 3.9907245715231117 3.991869503399562 3.993014435276012 3.9941593671524624 3.9953042990289127 3.996449230905363 3.9975941627818132 3.9987390946582635 3.9998840265347138 4.0010289584111645 4.002173890287616 4.003318822164067 4.004463754040517 4.005608685916967 4.006753617793418 4.007898549669868 4.009321042320406 4.011040253717275 4.0127594651141445 4.014478676511014 4.016197887907883 4.017917099304753 4.019636310701623 4.021355522098495 4.023074733495364 4.024793944892234 4.026513156289104 4.028232367685973 4.029951579082843 4.031670790479712
3.994581374100437 3.9955764100942672 3.996571446088097 3.997566482081927 3.998561518075757 3.999556554069587 4.000551590063417 4.001546626057247 4.002541662051077 4.003536698044907 4.004531734038737 4.005526770032569 4.006521806026399 4.0075168420202285 4.008511878014059 4.009506914007889 4.010501950001719 4.0114969859955485 4.012492021989379 4.013487057983209 4.014482093977039 4.0154771299708685 4.016472165964699 4.017467201958529 4.0184622379523605 4.01945727394619 4.020452309940021 4.021447345933851 4.02244238192768 4.02343741792151 4.024739161477624 4.026368782355992 4.027998403234362 4.02962802411273 4.0312576449911 4.032887265869468 4.034516886747838 4.03614650762621 4.037776128504579 4.039405749382948 4.041035370261317 4.042664991139686 4.044294612018055 4.045924232896424
4.01446722294806 4.0153123630592695 4.016157503170479 4.017002643281689 4.017847783392899 4.0186929235041084 4.019538063615318 4.020383203726528 4.021228343837738 4.022073483948947 4.022918624060157 4.023763764171369 4.024608904282578 4.025454044393788 4.026299184504998 4.0271443246162075 4.027989464727417 4.028834604838627 4.029679744949837 4.0305248850610464 4.031370025172257 4.032215165283467 4.0330603053946765 4.033905445505886 4.034750585617097 4.035595725728307 4.036440865839516 4.037286005950726 4.038131146061936 4.038976286173146 4.040157280634834 4.041697310994703 4.043237341354572 4.04477737171444 4.046317402074309 4.047857432434178 4.049397462794046 4.050937493153917 4.052477523513786 4.0540175538736545 4.055557584233523 4.057097614593392 4.058637644953261 4.060177675313129
4.034353071795682 4.035048316024271 4.035743560252861 4.036438804481451 4.0371340487100404 4.03782929293863 4.03852453716722 4.0392197813958095 4.039915025624398 4.040610269852988 4.041305514081578 4.042000758310168 4.042696002538758 4.043391246767348 4.044086490995937 4.044781735224527 4.045476979453117 4.046172223681706 4.046867467910296 4.047562712138886 4.0482579563674745 4.048953200596064 4.049648444824654 4.050343689053244 4.051038933281834 4.051734177510424 4.0524294217390135 4.053124665967603 4.053819910196193 4.054515154424783 4.055575399792046 4.057025839633415 4.058476279474783 4.059926719316151 4.0613771591575185 4.062827598998887 4.064278038840255 4.065728478681626 4.067178918522994 4.068629358364362 4.070079798205731 4.071530238047099 4.0729806778884665 4.0744311177298345
4.054238920643313 4.054784268989282 4.055329617335252 4.055874965681221 4.05642031402719 4.05696566237316 4.0575110107191295 4.058056359065098 4.058601707411068 4.059147055757037 4.059692404103006 4.060237752448977 4.0607831007949455 4.061328449140915 4.061873797486885 4.062419145832854 4.062964494178823 4.063509842524792 4.064055190870762 4.064600539216731 4.0651458875627 4.06569123590867 4.066236584254639 4.066781932600608 4.067327280946579 4.067872629292548 4.068417977638517 4.068963325984487 4.069508674330455 4.070054022676425 4.070993518949264 4.072354368272132 4.073715217595 4.075076066917867 4.076436916240735 4.077797765563602 4.07915861488647 4.08051946420934 4.081880313532208 4.083241162855075 4.084602012177943 4.085962861500811 4.087323710823679 4.088684560146547
4.074124769490935 4.074520221954285 4.074915674417634 4.075311126880983 4.075706579344332 4.076102031807681 4.07649748427103 4.076892936734379 4.0772883891977285 4.077683841661077 4.078079294124427 4.078474746587776 4.078870199051125 4.079265651514475 4.0796611039778234 4.080056556441172 4.080452008904522 4.0808474613678705 4.08124291383122 4.081638366294569 4.082033818757918 4.082429271221267 4.082824723684616 4.083220176147965 4.083615628611315 4.084011081074665 4.084406533538013 4.084801986001362 4.085197438464712 4.08559289092806 4.086411638106475 4.0876828969108425 4.08895415571521 4.090225414519577 4.091496673323944 4.092767932128312 4.094039190932679 4.095310449737048 4.096581708541415 4.097852967345783 4.09912422615015 4.100395484954517 4.1016667437588845 4.102938002563252
4.094010618338558 4.094256174919287 4.094501731500015 4.094747288080744 4.094992844661474 4.095238401242202 4.095483957822931 4.0957295144036605 4.095975070984389 4.096220627565118 4.0964661841458465 4.096711740726576 4.096957297307305 4.097202853888034 4.097448410468763 4.097693967049492 4.09793952363022 4.09818508021095 4.0984306367916785 4.098676193372407 4.098921749953137 4.099167306533865 4.099412863114594 4.099658419695323 4.099903976276052 4.100149532856781 4.1003950894375105 4.100640646018239 4.100886202598968 4.1011317591796965 4.101829757263687 4.103011425549553 4.104193093835421 4.105374762121287 4.106556430407154 4.107738098693021 4.108919766978888 4.110101435264756 4.111283103550623 4.11246477183649 4.113646440122357 4.114828108408224 4.11600977669409 4.117191444979958
4.113896467186189 4.1139921278842975 4.114087788582406 4.114183449280515 4.114279109978623 4.114374770676732 4.114470431374841 4.114566092072949 4.114661752771058 4.1147574134691665 4.114853074167275 4.114948734865384 4.115044395563492 4.115140056261601 4.11523571695971 4.115331377657818 4.115427038355927 4.1155226990540354 4.115618359752144 4.115714020450253 4.115809681148361 4.11590534184647 4.116001002544579 4.116096663242688 4.116192323940797 4.116287984638905 4.116383645337014 4.116479306035123 4.116574966733231 4.11667062743134 4.117247876420905 4.118339954188271 4.119432031955637 4.120524109723004 -9999.0 -9999.0 -9999.0 -9999.0 -9999.0 4.1270765763272035 4.12816865409457 4.129260731861937 4.1303528096293025 4.131444887396669
4.133782316033811 4.133728080849299 4.133673845664788 4.1336196104802765 4.133565375295765 4.133511140111254 4.133456904926741 4.13340266974223 4.1333484345577185 4.133294199373207 4.133239964188696 4.133185729004183 4.133131493819672 4.1330772586351605 4.133023023450649 4.132968788266138 4.132914553081625 4.132860317897114 4.1328060827126025 4.132751847528091 4.13269761234358 4.132643377159068 4.132589141974556 4.1325349067900445 4.132480671605533 4.132426436421022 4.13237220123651 4.132317966051998 4.1322637308674866 4.132209495682975 4.132665995578115 4.133668482826981 4.134670970075847 -9999.0 -9999.0 -9999.0 -9999.0 -9999.0 -9999.0 4.141688380817911 4.142690868066777 4.1436933553156425 4.144695842564508 4.145698329813374
4.142978836055078 4.14294548363702 4.142912131218963 4.142878778800905 4.142845426382848 4.14281207396479 4.142778721546732 4.142745369128675 4.142712016710617 4.14267866429256 4.142645311874502 4.142611959456445 4.142578607038387 4.142545254620329 4.142511902202272 4.142478549784214 4.142445197366157 4.142411844948099 4.1423784925300415 4.142345140111985 4.142311787693927 4.14227843527587 4.142245082857812 4.1422117304397545 4.142178378021697 4.142145025603639 4.142111673185582 4.142078320767524 4.142044968349467 4.142011615931409 4.142463868783882 4.143435244655658 -9999.0 -9999.0 -9999.0 -9999.0 -9999.0 -9999.0 -9999.0 -9999.0 4.1521776275016355 4.153149003373411 4.154120379245185 -9999.0
4.140749137229793 4.140919219191143 4.141089301152493 4.141259383113843 4.141429465075193 4.141599547036543 4.141769628997893 4.141939710959243 4.142109792920593 4.142279874881943 4.142449956843293 4.142620038804643 4.142790120765993 4.142960202727343 4.143130284688693 4.143300366650043 4.143470448611393 4.143640530572743 4.143810612534093 4.143980694495443 4.144150776456793 4.144320858418143 4.144490940379493 4.144661022340843 4.1448311043021935 4.145001186263543 4.145171268224893 4.145341350186243 4.145511432147593 4.145681514108943 4.146254053269821 -9999.0 -9999.0 -9999.0 -9999.0 -9999.0 -9999.0 -9999.0 -9999.0 -9999.0 -9999.0 -9999.0 -9999.0 -9999.0
