Figures/CREST_Example_wjb_NSE/PETs/wjb.pet.20091015.asc
ncols            288
nrows            254
xllcorner        113.274861
yllcorner        31.4918055
cellsize         0.008333333333
NODATA_value     -9999
[rows 140 to 159 of 254, columns 132 to 175 of 288]
1.9180420858192744 1.9169043759160012 1.9157666660127277 1.9146289561094545 1.913491246206181 1.9123535363029076 1.9112158263996344 1.910078116496361 1.9089404065930877 1.9078026966898143 1.906664986786541 1.9055272768832656 1.9043895669799924 1.903251857076719 1.9021141471734457 1.9009764372701723 1.899838727366899 1.8987010174636256 1.8975633075603524 1.896425597657079 1.8952878877538057 1.8941501778505323 1.893012467947259 1.8918747580439856 1.8907370481407104 1.889599338237437 1.8884616283341638 1.8873239184308903 1.886186208527617 1.8850484986243436 1.8845967499619427 1.884878309383485 1.8851598688050275 1.88544142822657 1.8857229876481123 1.8860045470696545 1.8862861064911969 1.8865676659127397 1.8868492253342821 1.8871307847558245 1.887412344177367 1.8876939035989093 1.8879754630204517 1.8882570224419941
1.922702575810336 1.9215592953064162 1.9204160148024965 1.9192727342985767 1.918129453794657 1.9169861732907372 1.9158428927868174 1.9146996122828976 1.9135563317789779 1.9124130512750581 1.9112697707711384 1.9101264902672166 1.9089832097632968 1.907839929259377 1.9066966487554573 1.9055533682515375 1.9044100877476178 1.903266807243698 1.9021235267397782 1.9009802462358585 1.8998369657319387 1.898693685228019 1.8975504047240992 1.8964071242201794 1.895263843716258 1.8941205632123381 1.8929772827084184 1.8918340022044986 1.8906907217005788 1.889547441196659 1.889077950992187 1.8893287578599502 1.8895795647277138 1.8898303715954774 1.8900811784632408 1.8903319853310043 1.890582792198768 1.890833599066532 1.8910844059342953 1.8913352128020589 1.8915860196698224 1.8918368265375858 1.8920876334053494 1.892338440273113
1.9273630658013976 1.9262142146968315 1.9250653635922652 1.9239165124876991 1.9227676613831328 1.9216188102785667 1.9204699591740007 1.9193211080694343 1.9181722569648683 1.917023405860302 1.9158745547557359 1.9147257036511676 1.9135768525466015 1.9124280014420352 1.911279150337469 1.910130299232903 1.9089814481283367 1.9078325970237706 1.9066837459192043 1.9055348948146382 1.904386043710072 1.9032371926055058 1.9020883415009395 1.9009394903963734 1.8997906392918054 1.898641788187239 1.897492937082673 1.8963440859781067 1.8951952348735406 1.8940463837689743 1.8935591520224309 1.8937792063364156 1.8939992606504004 1.894219314964385 1.8944393692783696 1.8946594235923542 1.894879477906339 1.895099532220324 1.8953195865343084 1.8955396408482932 1.8957596951622777 1.8959797494762625 1.896199803790247 1.8964198581042317
1.9320235557924592 1.9308691340872466 1.9297147123820342 1.9285602906768216 1.927405868971609 1.9262514472663963 1.9250970255611837 1.923942603855971 1.9227881821507584 1.9216337604455458 1.9204793387403332 1.9193249170351188 1.9181704953299061 1.9170160736246935 1.9158616519194809 1.9147072302142683 1.9135528085090556 1.912398386803843 1.9112439650986306 1.910089543393418 1.9089351216882053 1.9077806999829927 1.90662627827778 1.9054718565725675 1.9043174348673528 1.9031630131621402 1.9020085914569278 1.9008541697517152 1.8996997480465025 1.89854532634129 1.8980403530526753 1.8982296548128812 1.898418956573087 1.8986082583332926 1.8987975600934983 1.8989868618537042 1.89917616361391 1.899365465374116 1.8995547671343218 1.8997440688945275 1.8999333706547334 1.9001226724149392 1.9003119741751449 1.9005012759353506
1.9366840457835246 1.9355240534776657 1.9343640611718067 1.9332040688659475 1.9320440765600886 1.9308840842542296 1.9297240919483707 1.9285640996425115 1.9274041073366526 1.9262441150307936 1.9250841227249345 1.9239241304190735 1.9227641381132146 1.9216041458073554 1.9204441535014964 1.9192841611956375 1.9181241688897783 1.9169641765839194 1.9158041842780604 1.9146441919722015 1.9134841996663423 1.9123242073604834 1.9111642150546244 1.9100042227487652 1.9088442304429043 1.9076842381370454 1.9065242458311862 1.9053642535253272 1.9042042612194683 1.9030442689136091 1.9025215540829234 1.9026801032893503 1.9028386524957772 1.902997201702204 1.903155750908631 1.9033143001150579 1.9034728493214848 1.9036313985279119 1.9037899477343387 1.9039484969407656 1.9041070461471925 1.9042655953536194 1.904424144560046 1.904582693766473
1.9413445357745862 1.940178972868081 1.9390134099615755 1.93784784705507 1.9366822841485645 1.9355167212420592 1.9343511583355537 1.9331855954290482 1.9320200325225427 1.9308544696160375 1.929688906709532 1.9285233438030245 1.927357780896519 1.9261922179900135 1.9250266550835082 1.9238610921770027 1.9226955292704972 1.9215299663639918 1.9203644034574865 1.919198840550981 1.9180332776444755 1.91686771473797 1.9157021518314648 1.9145365889249593 1.9133710260184518 1.9122054631119463 1.9110399002054408 1.9098743372989355 1.90870877439243 1.9075432114859245 1.9070027551131676 1.9071305517658155 1.9072583484184635 1.9073861450711116 1.9075139417237597 1.9076417383764075 1.9077695350290556 1.9078973316817038 1.908025128334352 1.9081529249869997 1.9082807216396478 1.9084085182922959 1.908536314944944 1.9086641115975918
1.946005025765648 1.944833892258496 1.9436627587513442 1.9424916252441924 1.9413204917370406 1.9401493582298885 1.9389782247227367 1.937807091215585 1.936635957708433 1.935464824201281 1.9342936906941293 1.9331225571869755 1.9319514236798236 1.9307802901726718 1.9296091566655198 1.928438023158368 1.9272668896512162 1.9260957561440644 1.9249246226369123 1.9237534891297605 1.9225823556226087 1.921411222115457 1.9202400886083049 1.919068955101153 1.9178978215939992 1.9167266880868474 1.9155555545796954 1.9143844210725436 1.9132132875653918 1.91204215405824 1.9114839561434116 1.9115810002422808 1.91167804434115 1.911775088440019 1.9118721325388883 1.9119691766377573 1.9120662207366266 1.9121632648354958 1.9122603089343648 1.912357353033234 1.9124543971321033 1.9125514412309723 1.9126484853298416 1.9127455294287106
1.9506655157567097 1.9494888116489113 1.948312107541113 1.9471354034333148 1.9459586993255165 1.944781995217718 1.94360529110992 1.9424285870021216 1.9412518828943233 1.9400751787865251 1.9388984746787268 1.9377217705709264 1.9365450664631283 1.93536836235533 1.9341916582475316 1.9330149541397335 1.931838250031935 1.9306615459241367 1.9294848418163386 1.9283081377085403 1.927131433600742 1.9259547294929438 1.9247780253851454 1.923601321277347 1.922424617169547 1.9212479130617486 1.9200712089539502 1.918894504846152 1.9177178007383537 1.9165410966305554 1.915965157173656 1.9160314487187464 1.9160977402638366 1.9161640318089268 1.916230323354017 1.9162966148991074 1.9163629064441976 1.916429197989288 1.9164954895343782 1.9165617810794684 1.9166280726245588 1.916694364169649 1.9167606557147392 1.9168269472598294
1.9546503117230263 1.9534502629359851 1.9522502141489442 1.951050165361903 1.9498501165748618 1.9486500677878207 1.9474500190007795 1.9462499702137384 1.9450499214266972 1.943849872639656 1.942649823852615 1.9414497750655717 1.9402497262785308 1.9390496774914896 1.9378496287044484 1.9366495799174073 1.935449531130366 1.934249482343325 1.9330494335562838 1.9318493847692426 1.9306493359822017 1.9294492871951605 1.9282492384081193 1.9270491896210782 1.925849140834035 1.9246490920469939 1.9234490432599527 1.9222489944729115 1.9210489456858704 1.9198488968988294 1.9192417179511205 1.9192683302732447 1.9192949425953691 1.9193215549174933 1.9193481672396175 1.9193747795617417 1.919401391883866 1.9194280042059901 1.9194546165281143 1.9194812288502385 1.919507841172363 1.9195344534944871 1.9195610658166113 1.9195876781387355
1.9579128333712676 1.9566704405354058 1.955428047699544 1.9541856548636822 1.9529432620278202 1.9517008691919584 1.9504584763560966 1.9492160835202348 1.947973690684373 1.9467312978485112 1.9454889050126494 1.9442465121767853 1.9430041193409235 1.9417617265050617 1.9405193336692 1.9392769408333381 1.9380345479974763 1.9367921551616145 1.9355497623257527 1.934307369489891 1.933064976654029 1.931822583818167 1.9305801909823053 1.9293377981464435 1.9280954053105797 1.9268530124747179 1.9256106196388558 1.924368226802994 1.9231258339671322 1.9218834411312704 1.9212305942364347 1.9212079852889508 1.921185376341467 1.921162767393983 1.9211401584464993 1.9211175494990154 1.9210949405515316 1.9210723316040477 1.921049722656564 1.92102711370908 1.921004504761596 1.9209818958141123 1.9209592868666283 1.9209366779191446
1.9611753550195117 1.9598906181348292 1.9586058812501466 1.9573211443654641 1.9560364074807814 1.954751670596099 1.9534669337114163 1.9521821968267339 1.9508974599420512 1.9496127230573688 1.948327986172686 1.9470432492880014 1.9457585124033188 1.9444737755186363 1.9431890386339536 1.9419043017492712 1.9406195648645885 1.939334827979906 1.9380500910952234 1.936765354210541 1.9354806173258583 1.9341958804411759 1.9329111435564932 1.9316264066718107 1.9303416697871258 1.9290569329024434 1.9277721960177607 1.9264874591330783 1.9252027222483956 1.9239179853637132 1.9232194705217502 1.9231476403046583 1.9230758100875662 1.9230039798704743 1.9229321496533824 1.9228603194362903 1.9227884892191984 1.9227166590021063 1.9226448287850144 1.9225729985679225 1.9225011683508304 1.9224293381337385 1.9223575079166466 1.9222856776995545
1.964437876667753 1.9631107957342497 1.9617837148007464 1.9604566338672431 1.95912955293374 1.9578024720002367 1.9564753910667334 1.95514831013323 1.953821229199727 1.9524941482662237 1.9511670673327204 1.9498399863992149 1.9485129054657118 1.9471858245322085 1.9458587435987051 1.9445316626652018 1.9432045817316987 1.9418775007981954 1.9405504198646921 1.9392233389311888 1.9378962579976857 1.9365691770641824 1.935242096130679 1.9339150151971758 1.9325879342636703 1.9312608533301672 1.9299337723966639 1.9286066914631605 1.9272796105296572 1.9259525295961542 1.925208346807064 1.9250872953203642 1.924966243833664 1.924845192346964 1.924724140860264 1.924603089373564 1.924482037886864 1.9243609864001636 1.9242399349134636 1.9241188834267637 1.9239978319400637 1.9238767804533636 1.9237557289666636 1.9236346774799635
1.967700398315994 1.96633097333367 1.964961548351346 1.9635921233690221 1.9622226983866984 1.9608532734043744 1.9594838484220505 1.9581144234397265 1.9567449984574026 1.9553755734750786 1.9540061484927547 1.9526367235104285 1.9512672985281045 1.9498978735457806 1.9485284485634566 1.9471590235811327 1.9457895985988087 1.9444201736164848 1.9430507486341608 1.9416813236518369 1.940311898669513 1.938942473687189 1.937573048704865 1.936203623722541 1.934834198740215 1.933464773757891 1.932095348775567 1.930725923793243 1.929356498810919 1.9279870738285951 1.9271972230923782 1.92702695033607 1.926856677579762 1.9266864048234538 1.9265161320671458 1.9263458593108376 1.9261755865545296 1.9260053137982212 1.9258350410419132 1.925664768285605 1.925494495529297 1.9253242227729888 1.9251539500166808 1.9249836772603726
1.9709629199642353 1.9695511509330907 1.968139381901946 1.9667276128708013 1.9653158438396567 1.9639040748085121 1.9624923057773676 1.961080536746223 1.9596687677150781 1.9582569986839335 1.956845229652789 1.955433460621642 1.9540216915904973 1.9526099225593527 1.951198153528208 1.9497863844970633 1.9483746154659187 1.9469628464347741 1.9455510774036295 1.944139308372485 1.9427275393413401 1.9413157703101955 1.939904001279051 1.9384922322479063 1.9370804632167593 1.9356686941856147 1.9342569251544701 1.9328451561233253 1.9314333870921807 1.9300216180610361 1.929186099377692 1.9289666053517758 1.9287471113258596 1.9285276172999435 1.9283081232740273 1.9280886292481112 1.927869135222195 1.9276496411962785 1.9274301471703623 1.9272106531444462 1.92699115911853 1.9267716650926139 1.9265521710666977 1.9263326770407816
1.9742254416124765 1.9727713285325112 1.971317215452546 1.9698631023725806 1.9684089892926153 1.9669548762126499 1.9655007631326846 1.9640466500527194 1.962592536972754 1.9611384238927887 1.9596843108128232 1.9582301977328556 1.95677608465289 1.9553219715729249 1.9538678584929596 1.9524137454129942 1.950959632333029 1.9495055192530637 1.9480514061730982 1.946597293093133 1.9451431800131675 1.9436890669332023 1.942234953853237 1.9407808407732716 1.939326727693304 1.9378726146133385 1.9364185015333732 1.9349643884534078 1.9335102753734426 1.9320561622934773 1.931174975663006 1.9309062603674818 1.9306375450719575 1.9303688297764334 1.9301001144809091 1.9298313991853848 1.9295626838898607 1.929293968594336 1.9290252532988117 1.9287565380032876 1.9284878227077633 1.928219107412239 1.927950392116715 1.9276816768211906
1.9774879632607179 1.9759915061319318 1.9744950490031459 1.9729985918743598 1.9715021347455737 1.9700056776167878 1.9685092204880017 1.9670127633592156 1.9655163062304297 1.9640198491016436 1.9625233919728575 1.961026934844069 1.959530477715283 1.958034020586497 1.956537563457711 1.955041106328925 1.953544649200139 1.952048192071353 1.950551734942567 1.9490552778137809 1.947558820684995 1.9460623635562089 1.9445659064274228 1.943069449298637 1.9415729921698484 1.9400765350410623 1.9385800779122762 1.9370836207834903 1.9355871636547042 1.934090706525918 1.9331638519483199 1.9328459153831876 1.9325279788180554 1.932210042252923 1.9318921056877907 1.9315741691226584 1.931256232557526 1.9309382959923933 1.9306203594272608 1.9303024228621286 1.9299844862969964 1.9296665497318641 1.9293486131667317 1.9290306766015994
1.980750484908959 1.9792116837313523 1.9776728825537457 1.976134081376139 1.9745952801985323 1.9730564790209255 1.9715176778433188 1.969978876665712 1.9684400754881055 1.9669012743104988 1.965362473132892 1.9638236719552826 1.9622848707776759 1.9607460696000691 1.9592072684224626 1.9576684672448559 1.9561296660672491 1.9545908648896424 1.9530520637120357 1.951513262534429 1.9499744613568222 1.9484356601792157 1.946896859001609 1.9453580578240022 1.9438192566463928 1.942280455468786 1.9407416542911795 1.9392028531135728 1.937664051935966 1.9361252507583593 1.9351527282336338 1.9347855703988937 1.9344184125641533 1.9340512547294129 1.9336840968946725 1.933316939059932 1.9329497812251917 1.9325826233904508 1.9322154655557104 1.93184830772097 1.9314811498862297 1.9311139920514893 1.9307468342167489 1.9303796763820085
1.9840130065572033 1.9824318613307756 1.9808507161043483 1.9792695708779209 1.9776884256514935 1.976107280425066 1.9745261351986385 1.9729449899722111 1.9713638447457837 1.9697826995193561 1.9682015542929288 1.9666204090664987 1.965039263840071 1.9634581186136437 1.9618769733872163 1.960295828160789 1.9587146829343614 1.957133537707934 1.9555523924815066 1.9539712472550792 1.9523901020286516 1.9508089568022242 1.9492278115757968 1.9476466663493694 1.9460655211229392 1.9444843758965118 1.9429032306700844 1.9413220854436568 1.9397409402172294 1.938159794990802 1.9371416045189496 1.936725225414601 1.9363088463102525 1.9358924672059041 1.9354760881015556 1.9350597089972073 1.9346433298928587 1.9342269507885095 1.933810571684161 1.9333941925798126 1.932977813475464 1.9325614343711155 1.9321450552667672 1.9317286761624186
1.9872755282054442 1.9856520389301962 1.984028549654948 1.9824050603796999 1.9807815711044516 1.9791580818292036 1.9775345925539554 1.9759111032787073 1.974287614003459 1.972664124728211 1.971040635452963 1.9694171461777121 1.9677936569024639 1.9661701676272159 1.9645466783519676 1.9629231890767196 1.9612996998014713 1.9596762105262233 1.958052721250975 1.956429231975727 1.9548057427004788 1.9531822534252308 1.9515587641499825 1.9499352748747345 1.9483117855994836 1.9466882963242353 1.9450648070489873 1.943441317773739 1.941817828498491 1.9401943392232428 1.9391304808042633 1.9386648804303068 1.9381992800563503 1.9377336796823939 1.9372680793084371 1.9368024789344807 1.9363368785605242 1.9358712781865668 1.9354056778126103 1.9349400774386538 1.934474477064697 1.9340088766907406 1.9335432763167841 1.9330776759428276
1.9905380498536855 1.9888722165296167 1.9872063832055478 1.985540549881479 1.9838747165574102 1.9822088832333413 1.9805430499092727 1.9788772165852038 1.9772113832611349 1.9755455499370662 1.9738797166129973 1.9722138832889256 1.9705480499648569 1.968882216640788 1.967216383316719 1.9655505499926504 1.9638847166685816 1.9622188833445127 1.960553050020444 1.958887216696375 1.9572213833723062 1.9555555500482376 1.9538897167241687 1.9522238834000998 1.9505580500760282 1.9488922167519593 1.9472263834278905 1.9455605501038218 1.943894716779753 1.942228883455684 1.9411193570895775 1.9406045354460129 1.9400897138024482 1.9395748921588836 1.939060070515319 1.9385452488717543 1.9380304272281899 1.9375156055846243 1.9370007839410597 1.936485962297495 1.9359711406539304 1.935456319010366 1.9349414973668013 1.9344266757232367
