Figures/CREST_Example_wjb_NSE/PETs/wjb.pet.20090103.asc
ncols            288
nrows            254
xllcorner        113.274861
yllcorner        31.4918055
cellsize         0.008333333333
NODATA_value     -9999
[rows 190 to 208 of 254, columns 86 to 128 of 288]
0.3675600519086382 0.3663744597409012 0.36518886757316427 0.3640032754054273 0.36281768323769037 0.36163209106995137 0.3604464989022144 0.3592609067344774 0.35807531456674047 0.3568897223990035 0.3557041302312665 0.35451853806352956 0.3533329458957926 0.35214735372805567 0.35096176156031866 0.3497761693925817 0.3490181077437804 0.34871708588669825 0.3484160640296156 0.3481150421725335 0.34781402031545133 0.34751299845836914 0.347211976601287 0.34691095474420486 0.3466099328871227 0.3463089110300406 0.34600788917295844 0.3457068673158763 0.34540584545879416 0.345104823601712 0.3448038017446299 0.3445027798875472 0.34420175803046504 0.3439007361733829 0.34359971431630076 0.3432986924592186 0.3429976706021365 0.34269664874505434 0.3423956268879722 0.34209460503089006 0.3417935831738079 0.3414925613167258 0.34119153945964364
0.36768524376059125 0.366491969991384 0.3652986962221767 0.3641054224529694 0.3629121486837621 0.3617188749145528 0.3605256011453455 0.3593323273761382 0.3581390536069309 0.35694577983772363 0.3557525060685163 0.354559232299309 0.3533659585301018 0.35217268476089447 0.35097941099168717 0.34978613722247986 0.34899949526807916 0.34864755191813895 0.34829560856819813 0.3479436652182579 0.3475917218683177 0.34723977851837745 0.34688783516843724 0.34653589181849703 0.3461839484685568 0.3458320051186166 0.34548006176867635 0.34512811841873614 0.34477617506879593 0.3444242317188557 0.3440722883689155 0.3437203450189747 0.34336840166903443 0.3430164583190942 0.342664514969154 0.3423125716192138 0.3419606282692736 0.3416086849193333 0.3412567415693931 0.3409047982194529 0.3405528548695127 0.3402009115195725 0.3398489681696322
0.3678104356125443 0.3666094802418667 0.365408524871189 0.3642075695005114 0.3630066141298338 0.36180565875915416 0.36060470338847656 0.3594037480177989 0.3582027926471213 0.3570018372764437 0.3558008819057661 0.3545999265350884 0.3533989711644108 0.3521980157937332 0.3509970604230556 0.34979610505237796 0.3489808827923779 0.3485780179495796 0.3481751531067806 0.3477722882639823 0.34736942342118404 0.3469665585783857 0.34656369373558743 0.34616082889278915 0.3457579640499909 0.34535509920719254 0.34495223436439426 0.344549369521596 0.34414650467879765 0.34374363983599937 0.3433407749932011 0.3429379101504021 0.3425350453076038 0.34213218046480554 0.3417293156220072 0.3413264507792089 0.34092358593641064 0.3405207210936123 0.34011785625081403 0.33971499140801575 0.3393121265652175 0.33890926172241914 0.33850639687962086
0.3679356274644973 0.36672699049234936 0.36551835352020146 0.3643097165480535 0.36310107957590554 0.3618924426037555 0.36068380563160757 0.35947516865945967 0.3582665316873117 0.35705789471516375 0.3558492577430158 0.3546406207708679 0.35343198379871993 0.35222334682657197 0.351014709854424 0.34980607288227605 0.3489622703166766 0.34850848398102025 0.3480546976453631 0.3476009113097067 0.34714712497405037 0.34669333863839397 0.3462395523027376 0.34578576596708127 0.34533197963142487 0.3448781932957685 0.3444244069601122 0.34397062062445577 0.3435168342887994 0.3430630479531431 0.34260926161748667 0.34215547528182955 0.34170168894617314 0.3412479026105168 0.34079411627486045 0.34034032993920404 0.3398865436035477 0.33943275726789135 0.33897897093223495 0.3385251845965786 0.33807139826092225 0.33761761192526585 0.3371638255896095
0.3680608193164504 0.36684450074283215 0.3656281821692139 0.3644118635955956 0.3631955450219773 0.36197922644835695 0.3607629078747387 0.35954658930112043 0.3583302707275022 0.35711395215388386 0.3558976335802656 0.35468131500664735 0.3534649964330291 0.3522486778594108 0.3510323592857925 0.34981604071217426 0.34894365784097536 0.3484389500124609 0.3479342421839456 0.3474295343554311 0.34692482652691664 0.34642011869840217 0.34591541086988775 0.3454107030413733 0.3449059952128588 0.34440128738434433 0.34389657955582986 0.3433918717273154 0.3428871638988009 0.3423824560702865 0.34187774824177203 0.34137304041325667 0.3408683325847422 0.3403636247562278 0.3398589169277133 0.33935420909919883 0.33884950127068436 0.3383447934421699 0.3378400856136554 0.33733537778514094 0.3368306699566265 0.33632596212811205 0.3358212542995976
0.36818601116840344 0.3669620109933148 0.36573801081822627 0.36451401064313765 0.36329001046804904 0.3620660102929584 0.36084201011786976 0.35961800994278115 0.35839400976769253 0.357170009592604 0.35594600941751536 0.35472200924242675 0.35349800906733814 0.3522740088922496 0.35105000871716097 0.34982600854207235 0.3489250453652741 0.34836941604390154 0.34781378672252805 0.3472581574011555 0.34670252807978297 0.3461468987584104 0.3455912694370379 0.3450356401156654 0.34448001079429286 0.3439243814729203 0.3433687521515478 0.34281312283017523 0.3422574935088027 0.34170186418743015 0.3411462348660576 0.3405906055446841 0.3400349762233116 0.33947934690193904 0.3389237175805665 0.33836808825919396 0.3378124589378214 0.33725682961644887 0.33670120029507633 0.3361455709737038 0.33558994165233125 0.3350343123309587 0.3344786830095862
0.3683112030203565 0.3670795212437976 0.36584783946723864 0.36461615769067973 0.3633844759141208 0.3621527941375598 0.3609211123610009 0.3596894305844419 0.358457748807883 0.3572260670313241 0.3559943852547651 0.3547627034782062 0.3535310217016473 0.3522993399250884 0.3510676581485294 0.3498359763719705 0.34890643288957285 0.34829988207534224 0.3476933312611106 0.34708678044687996 0.34648022963264935 0.34587367881841874 0.34526712800418813 0.3446605771899575 0.3440540263757269 0.3434474755614963 0.3428409247472657 0.3422343739330351 0.34162782311880446 0.34102127230457385 0.34041472149034324 0.3398081706761116 0.33920161986188097 0.33859506904765035 0.33798851823341974 0.33738196741918913 0.3367754166049585 0.3361688657907279 0.3355623149764973 0.3349557641622667 0.334349213348036 0.3337426625338054 0.3331361117195748
0.3684363948723096 0.36719703149428035 0.3659576681162511 0.3647183047382218 0.36347894136019254 0.36223957798216116 0.36100021460413195 0.3597608512261027 0.3585214878480734 0.35728212447004415 0.3560427610920149 0.35480339771398567 0.3535640343359564 0.35232467095792713 0.35108530757989787 0.3498459442018686 0.34888782041387156 0.3482303481067829 0.34757287579969304 0.3469154034926043 0.3462579311855156 0.3456004588784269 0.3449429865713382 0.34428551426424947 0.3436280419571608 0.34297056965007205 0.3423130973429833 0.34165562503589464 0.3409981527288059 0.3403406804217172 0.3396832081146285 0.3390257358075387 0.33836826350044996 0.3377107911933612 0.33705331888627255 0.3363958465791838 0.33573837427209513 0.3350809019650064 0.3344234296579177 0.333765957350829 0.3331084850437403 0.33245101273665156 0.3317935404295628
0.36856158672426265 0.367314541744763 0.36606749676526346 0.3648204517857639 0.36357340680626427 0.3623263618267626 0.36107931684726297 0.3598322718677634 0.35858522688826383 0.3573381819087642 0.35609113692926464 0.3548440919497651 0.3535970469702655 0.3523500019907659 0.3511029570112663 0.3498559120317667 0.3488692079381703 0.34816081413822353 0.3474524203382755 0.34674402653832875 0.34603563273838195 0.34532723893843514 0.3446188451384884 0.3439104513385416 0.34320205753859484 0.34249366373864804 0.34178526993870123 0.3410768761387545 0.3403684823388077 0.3396600885388609 0.3389516947389141 0.33824330093896615 0.33753490713901935 0.33682651333907254 0.3361181195391258 0.335409725739179 0.33470133193923224 0.33399293813928543 0.33328454433933863 0.3325761505393919 0.3318677567394451 0.3311593629394983 0.3304509691395515
0.3686867785762157 0.36743205199524576 0.36617732541427583 0.3649225988333059 0.36366787225233604 0.36241314567136396 0.3611584190903941 0.35990369250942417 0.35864896592845424 0.3573942393474843 0.35613951276651445 0.35488478618554453 0.3536300596045746 0.3523753330236047 0.35112060644263476 0.3498658798616649 0.34885059546246905 0.34809128016966423 0.3473319648768581 0.3465726495840532 0.34581333429124833 0.34505401899844346 0.34429470370563864 0.34353538841283376 0.3427760731200289 0.342016757827224 0.3412574425344192 0.3404981272416143 0.33973881194880945 0.33897949665600463 0.33822018136319976 0.3374608660703936 0.33670155077758873 0.33594223548478386 0.33518292019197904 0.33442360489917416 0.3336642896063693 0.3329049743135644 0.3321456590207596 0.3313863437279547 0.33062702843514985 0.32986771314234503 0.32910839784954016
0.36881197042816877 0.36754956224572854 0.36628715406328827 0.36502474588084804 0.3637623376984078 0.3624999295159654 0.36123752133352516 0.35997511315108494 0.35871270496864466 0.35745029678620444 0.3561878886037642 0.35492548042132394 0.3536630722388837 0.3524006640564435 0.3511382558740032 0.349875847691563 0.34883198298676776 0.3480217462011048 0.3472115094154405 0.34640127262977755 0.34559103584411455 0.3447807990584516 0.34397056227278866 0.3431603254871257 0.3423500887014628 0.3415398519157998 0.34072961513013683 0.3399193783444739 0.33910914155881094 0.338298904773148 0.337488667987485 0.33667843120182067 0.33586819441615773 0.3350579576304948 0.33424772084483184 0.33343748405916884 0.3326272472735059 0.33181701048784296 0.33100677370218 0.33019653691651707 0.32938630013085407 0.3285760633451911 0.3277658265595282
0.3689371622801218 0.3676670724962112 0.36639698271230065 0.36512689292839007 0.3638568031444795 0.36258671336056675 0.3613166235766562 0.36004653379274565 0.35877644400883507 0.3575063542249245 0.3562362644410139 0.35496617465710334 0.3536960848731928 0.35242599508928224 0.35115590530537166 0.3498858155214611 0.3488133705110665 0.34795221223254547 0.34709105395402295 0.34622989567550194 0.34536873739698093 0.34450757911845986 0.34364642083993885 0.34278526256141784 0.34192410428289677 0.34106294600437576 0.34020178772585474 0.33934062944733373 0.33847947116881266 0.33761831289029165 0.33675715461177064 0.3358959963332481 0.3350348380547271 0.33417367977620605 0.33331252149768503 0.332451363219164 0.33159020494064295 0.33072904666212194 0.3298678883836009 0.32900673010507986 0.32814557182655885 0.32728441354803783 0.3264232552695168
0.36906235413207483 0.36778458274669396 0.3665068113613131 0.36522903997593215 0.36395126859055127 0.36267349720516817 0.3613957258197873 0.3601179544344064 0.3588401830490255 0.3575624116636446 0.35628464027826373 0.3550068688928828 0.3537290975075019 0.35245132612212104 0.35117355473674017 0.34989578335135924 0.34879475803536525 -9999.0 -9999.0 -9999.0 0.3451464389498473 0.3442343591784682 0.3433222794070891 0.34241019963571 0.3414981198643309 0.3405860400929518 0.3396739603215727 0.3387618805501936 0.3378498007788145 0.33693772100743535 0.33602564123605627 0.33511356146467564 0.3342014816932965 0.3332894019219174 0.3323773221505383 0.3314652423791592 0.3305531626077801 0.329641082836401 0.3287290030650219 0.32781692329364276 0.3269048435222637 0.3259927637508846 0.32508068397950546
0.36918754598402787 0.36790209299717663 0.36661664001032546 0.3653311870234742 0.364045734036623 0.3627602810497696 0.36147482806291836 0.36018937507606713 0.3589039220892159 0.35761846910236467 0.3563330161155135 0.35504756312866226 0.353762110141811 0.3524766571549598 0.35119120416810856 0.34990575118125733 0.34877614555966396 -9999.0 -9999.0 -9999.0 -9999.0 0.34396113923847643 0.3429981379742393 -9999.0 0.3410721354457649 0.3401091341815278 0.33914613291729057 0.3381831316530534 0.3372201303888162 0.33625712912457906 0.33529412786034185 0.33433112659610303 0.3333681253318659 0.3324051240676287 0.3314421228033915 0.3304791215391543 0.32951612027491717 0.32855311901067996 0.3275901177464428 0.3266271164822056 0.32566411521796845 0.32470111395373125 0.3237381126894941
0.36931273783598095 0.3680196032476594 0.3667264686593379 0.3654333340710163 0.36414019948269477 0.362847064894371 0.3615539303060495 0.3602607957177279 0.35896766112940637 0.35767452654108484 0.35638139195276325 0.3550882573644417 0.3537951227761202 0.3525019881877986 0.35120885359947707 0.34991571901115553 -9999.0 -9999.0 -9999.0 -9999.0 -9999.0 -9999.0 -9999.0 -9999.0 -9999.0 0.33963222827010353 0.33861830551300826 0.337604382755913 0.3365904599988177 0.33557653724172243 0.33456261448462715 0.33354869172753016 0.3325347689704349 0.3315208462133396 0.33050692345624433 0.32949300069914905 0.3284790779420538 0.3274651551849585 0.3264512324278632 0.32543730967076795 0.3244233869136727 0.3234094641565774 0.3223955413994821
0.36943792968793404 0.36813711349814215 0.36683629730835027 0.3655354811185584 0.3642346649287665 0.3629338487389724 0.36163303254918056 0.36033221635938867 0.3590314001695968 0.3577305839798049 0.356429767790013 0.3551289516002211 0.35382813541042923 0.3525273192206374 0.3512265030308455 0.34992568684105363 -9999.0 -9999.0 -9999.0 -9999.0 -9999.0 -9999.0 -9999.0 -9999.0 -9999.0 -9999.0 0.33809047810872617 0.3370256338587728 0.3359607896088195 0.33489594535886613 0.3338311011089128 0.3327662568589576 0.33170141260900426 0.3306365683590509 0.3295717241090976 0.3285068798591442 0.32744203560919083 0.3263771913592375 0.32531234710928414 0.3242475028593308 0.32318265860937745 0.3221178143594241 0.32105297010947076
0.369563121539887 0.36825462374862483 0.36694612595736265 0.3656376281661004 0.3643291303748382 0.36302063258357375 0.36171213479231157 0.3604036370010494 0.35909513920978714 0.35778664141852495 0.35647814362726277 0.3551696458360005 0.35386114804473834 0.35255265025347615 0.3512441524622139 0.3499356546709517 0.34872030813256016 -9999.0 -9999.0 -9999.0 -9999.0 -9999.0 -9999.0 -9999.0 -9999.0 -9999.0 0.337562650704444 0.3364468849616326 0.3353311192188212 0.3342153534760098 0.33309958773319837 0.331983821990385 0.3308680562475736 0.3297522905047622 0.32863652476195077 0.32752075901913935 0.32640499327632794 0.32528922753351647 0.32417346179070505 0.32305769604789364 0.3219419303050822 0.3208261645622708 0.3197103988194594
0.36968831339184016 0.3683721339991076 0.3670559546063751 0.36573977521364254 0.36442359582091 0.36310741642817523 0.3617912370354427 0.36047505764271015 0.3591588782499776 0.35784269885724507 0.3565265194645126 0.35521034007178004 0.3538941606790475 0.35257798128631496 0.3512618018935824 0.3499456225008499 0.34870169565685893 -9999.0 -9999.0 -9999.0 -9999.0 -9999.0 -9999.0 -9999.0 -9999.0 -9999.0 -9999.0 0.33586813606449223 0.33470144882882275 0.3335347615931532 0.33236807435748367 0.3312013871218122 0.33003469988614265 0.32886801265047316 0.3277013254148036 0.3265346381791341 0.3253679509434646 0.32420126370779506 0.3230345764721255 0.32186788923645604 0.3207012020007865 0.31953451476511696 0.3183678275294475
0.3695266892628509 0.368212277735341 0.36689786620783105 0.36558345468032116 0.36426904315281117 0.362954631625299 0.36164022009778907 0.3603258085702791 0.3590113970427692 0.35769698551525925 0.3563825739877493 0.35506816246023937 0.3537537509327294 0.3524393394052195 0.35112492787770955 0.3498105163501996 0.3485653976540837 -9999.0 -9999.0 -9999.0 -9999.0 -9999.0 -9999.0 -9999.0 -9999.0 -9999.0 -9999.0 -9999.0 -9999.0 -9999.0 -9999.0 0.3309997512656515 0.3298287081730896 0.32865766508052774 0.32748662198796585 0.32631557889540397 0.3251445358028421 0.3239734927102802 0.3228024496177183 0.3216314065251564 0.32046036343259454 0.31928932034003266 0.3181182772474708
