Figures/CREST_Example_wjb_NSE/PETs/wjb.pet.20090525.asc
ncols            288
nrows            254
xllcorner        113.274861
yllcorner        31.4918055
cellsize         0.008333333333
NODATA_value     -9999
[rows 38 to 56 of 254, columns 88 to 131 of 288]
0.7587500831160616 0.7549367387860401 0.7511233944560185 0.7473100501259904 0.7434967057959688 0.7396833614659473 0.7358700171359257 0.7320566728059041 0.7282433284758826 0.724429984145861 0.7206166398158395 0.7168032954858179 0.7129899511557962 0.7091766068257747 0.7083117615676724 0.7105989284865465 0.7128860954054246 0.7151732623242987 0.7174604292431728 0.7197475961620469 0.722034763080921 0.7243219299997951 0.7266090969186692 0.7288962638375434 0.7311834307564175 0.7334705976752915 0.7357577645941656 0.7380449315130397 0.7403320984319138 0.7426192653507918 0.7449064322696659 0.7471935991885401 0.7494807661074142 0.7517679330262883 0.7540550999451624 0.7563422668640365 0.7586294337829106 0.7609166007017847 0.7632037676206589 0.765490934539533 0.7677781014584071 0.7700652683772812 0.7723524352961592 0.7746396022150333
0.7568749417772183 0.7530561135052036 0.749237285233189 0.7454184569611678 0.7415996286891532 0.7377808004171384 0.7339619721451238 0.7301431438731092 0.7263243156010946 0.7225054873290799 0.7186866590570652 0.7148678307850506 0.7110490025130359 0.7072301742410213 0.7063776710211079 0.7086962363540522 0.7110148016870004 0.7133333670199447 0.715651932352889 0.7179704976858333 0.7202890630187776 0.7226076283517219 0.7249261936846662 0.7272447590176104 0.7295633243505547 0.731881889683499 0.7342004550164433 0.7365190203493875 0.7388375856823318 0.7411561510152801 0.7434747163482244 0.7457932816811687 0.7481118470141129 0.7504304123470572 0.7527489776800015 0.7550675430129458 0.75738610834589 0.7597046736788343 0.7620232390117786 0.7643418043447229 0.7666603696776672 0.7689789350106114 0.7712975003435597 0.773616065676504
0.7549998004383733 0.7511754882243655 0.7473511760103578 0.7435268637963436 0.7397025515823359 0.7358782393683281 0.7320539271543204 0.7282296149403126 0.7244053027263049 0.7205809905122972 0.7167566782982894 0.7129323660842817 0.709108053870274 0.7052837416562662 0.7044435804745417 0.7067935442215563 0.7091435079685747 0.7114934717155892 0.7138434354626036 0.7161933992096182 0.7185433629566327 0.7208933267036471 0.7232432904506616 0.7255932541976761 0.7279432179446906 0.7302931816917051 0.7326431454387196 0.734993109185734 0.7373430729327486 0.739693036679767 0.7420430004267815 0.744392964173796 0.7467429279208104 0.749092891667825 0.7514428554148395 0.7537928191618539 0.7561427829088684 0.758492746655883 0.7608427104028974 0.7631926741499119 0.7655426378969263 0.7678926016439409 0.7702425653909594 0.7725925291379738
0.7531246590995299 0.749294862943529 0.7454650667875282 0.7416352706315208 0.73780547447552 0.7339756783195193 0.7301458821635184 0.7263160860075176 0.7224862898515167 0.718656493695516 0.7148266975395151 0.7109969013835143 0.7071671052275135 0.7033373090715127 0.7025094899279771 0.7048908520890618 0.7072722142501505 0.7096535764112352 0.7120349385723198 0.7144163007334045 0.7167976628944892 0.7191790250555739 0.7215603872166585 0.7239417493777431 0.7263231115388278 0.7287044736999125 0.7310858358609972 0.7334671980220818 0.7358485601831665 0.7382299223442552 0.7406112845053399 0.7429926466664245 0.7453740088275093 0.7477553709885939 0.7501367331496785 0.7525180953107632 0.7548994574718478 0.7572808196329326 0.7596621817940172 0.7620435439551019 0.7644249061161865 0.7668062682772712 0.7691876304383599 0.7715689925994447
0.7512495177606865 0.7474142376626925 0.7435789575646987 0.7397436774666982 0.7359083973687044 0.7320731172707104 0.7282378371727165 0.7244025570747227 0.7205672769767287 0.7167319968787349 0.712896716780741 0.709061436682747 0.7052261565847532 0.7013908764867592 0.7005753993814126 0.7029881599565674 0.7054009205317264 0.7078136811068813 0.7102264416820361 0.7126392022571909 0.7150519628323457 0.7174647234075006 0.7198774839826554 0.7222902445578102 0.724703005132965 0.72711576570812 0.7295285262832748 0.7319412868584296 0.7343540474335845 0.7367668080087434 0.7391795685838982 0.741592329159053 0.7440050897342079 0.7464178503093628 0.7488306108845176 0.7512433714596725 0.7536561320348273 0.7560688926099821 0.7584816531851369 0.7608944137602918 0.7633071743354467 0.7657199349106015 0.7681326954857605 0.7705454560609153
0.749374376421843 0.745533612381856 0.741692848341869 0.7378520843018755 0.7340113202618885 0.7301705562219015 0.7263297921819146 0.7224890281419276 0.7186482641019406 0.7148075000619536 0.7109667360219667 0.7071259719819797 0.7032852079419927 0.6994444439020058 0.698641308834848 0.701085467824073 0.7035296268133021 0.7059737858025271 0.7084179447917522 0.7108621037809773 0.7133062627702023 0.7157504217594273 0.7181945807486523 0.7206387397378773 0.7230828987271023 0.7255270577163273 0.7279712167055523 0.7304153756947773 0.7328595346840023 0.7353036936732316 0.7377478526624566 0.7401920116516816 0.7426361706409066 0.7450803296301316 0.7475244886193566 0.7499686476085816 0.7524128065978066 0.7548569655870316 0.7573011245762566 0.7597452835654818 0.7621894425547068 0.7646336015439318 0.7670777605331609 0.7695219195223859
0.7474992350829996 0.7436529871010196 0.7398067391190395 0.7359604911370529 0.7321142431550728 0.7282679951730928 0.7244217471911127 0.7205754992091327 0.7167292512271526 0.7128830032451725 0.7090367552631924 0.7051905072812125 0.7013442592992324 0.6974980113172523 0.6967072182882834 0.6991827756915786 0.701658333094878 0.7041338904981732 0.7066094479014684 0.7090850053047636 0.7115605627080588 0.714036120111354 0.7165116775146492 0.7189872349179444 0.7214627923212396 0.7239383497245347 0.7264139071278299 0.7288894645311251 0.7313650219344203 0.7338405793377198 0.7363161367410149 0.7387916941443102 0.7412672515476054 0.7437428089509006 0.7462183663541958 0.748693923757491 0.7511694811607862 0.7536450385640814 0.7561205959673766 0.7585961533706718 0.761071710773967 0.7635472681772622 0.7660228255805616 0.7684983829838568
0.7456240937441563 0.7417723618201831 0.73792062989621 0.7340688979722303 0.7302171660482571 0.726365434124284 0.7225137022003109 0.7186619702763377 0.7148102383523646 0.7109585064283914 0.7071067745044183 0.7032550425804451 0.6994033106564721 0.695551578732499 0.694773127741719 0.6972800835590842 0.6997870393764539 0.7022939951938193 0.7048009510111847 0.70730790682855 0.7098148626459154 0.7123218184632808 0.7148287742806462 0.7173357300980114 0.7198426859153768 0.7223496417327422 0.7248565975501076 0.7273635533674729 0.7298705091848383 0.732377465002208 0.7348844208195734 0.7373913766369387 0.739898332454304 0.7424052882716694 0.7449122440890348 0.7474191999064002 0.7499261557237655 0.7524331115411309 0.7549400673584963 0.7574470231758617 0.759953978993227 0.7624609348105924 0.764967890627962 0.7674748464453274
0.7437489524053112 0.7398917365393449 0.7360345206733787 0.732177304807406 0.7283200889414397 0.7244628730754735 0.7206056572095073 0.7167484413435411 0.7128912254775749 0.7090340096116086 0.7051767937456423 0.7013195778796761 0.6974623620137099 0.6936051461477437 0.6928390371951526 0.6953773914265882 0.697915745658028 0.7004540998894637 0.7029924541208993 0.7055308083523348 0.7080691625837704 0.710607516815206 0.7131458710466415 0.7156842252780771 0.7182225795095127 0.7207609337409483 0.7232992879723839 0.7258376422038194 0.728375996435255 0.7309143506666949 0.7334527048981305 0.7359910591295661 0.7385294133610016 0.7410677675924372 0.7436061218238728 0.7461444760553083 0.7486828302867439 0.7512211845181795 0.7537595387496151 0.7562978929810507 0.7588362472124862 0.7613746014439218 0.7639129556753617 0.7664513099067973
0.7418738110664678 0.7380111112585085 0.7341484114505492 0.7302857116425833 0.726423011834624 0.7225603120266647 0.7186976122187054 0.7148349124107461 0.7109722126027869 0.7071095127948275 0.7032468129868682 0.6993841131789089 0.6955214133709496 0.6916587135629904 0.6909049466485881 0.6934746992940939 0.696044451939604 0.6986142045851097 0.7011839572306154 0.7037537098761212 0.7063234625216269 0.7088932151671328 0.7114629678126385 0.7140327204581443 0.71660247310365 0.7191722257491557 0.7217419783946615 0.7243117310401672 0.726881483685673 0.7294512363311831 0.7320209889766889 0.7345907416221946 0.7371604942677004 0.7397302469132061 0.7422999995587118 0.7448697522042176 0.7474395048497233 0.7500092574952291 0.7525790101407348 0.7551487627862405 0.7577185154317463 0.760288268077252 0.7628580207227622 0.765427773368268
0.7399986697276243 0.7361304859776719 0.7322623022277196 0.7283941184777606 0.7245259347278082 0.7206577509778558 0.7167895672279034 0.7129213834779511 0.7090531997279987 0.7051850159780463 0.7013168322280939 0.6974486484781416 0.6935804647281891 0.6897122809782368 0.6889708561020235 0.6915720071615994 0.6941731582211798 0.6967743092807557 0.6993754603403316 0.7019766113999075 0.7045777624594834 0.7071789135190594 0.7097800645786353 0.7123812156382112 0.7149823666977873 0.7175835177573632 0.7201846688169391 0.722785819876515 0.725386970936091 0.7279881219956713 0.7305892730552472 0.7331904241148232 0.7357915751743991 0.738392726233975 0.7409938772935509 0.7435950283531269 0.7461961794127028 0.7487973304722787 0.7513984815318546 0.7539996325914305 0.7566007836510065 0.7592019347105825 0.7618030857701628 0.7644042368297388
0.7381235283887809 0.7342498606968355 0.7303761930048901 0.726502525312938 0.7226288576209925 0.7187551899290471 0.7148815222371016 0.7110078545451561 0.7071341868532107 0.7032605191612652 0.6993868514693198 0.6955131837773743 0.6916395160854288 0.6877658483934834 0.6870367655554589 0.689669315029105 0.6923018645027557 0.6949344139764018 0.6975669634500479 0.700199512923694 0.7028320623973401 0.7054646118709862 0.7080971613446323 0.7107297108182784 0.7133622602919245 0.7159948097655706 0.7186273592392167 0.7212599087128628 0.7238924581865089 0.7265250076601595 0.7291575571338056 0.7317901066074517 0.7344226560810978 0.7370552055547439 0.73968775502839 0.7423203045020361 0.7449528539756822 0.7475854034493283 0.7502179529229744 0.7528505023966205 0.7554830518702667 0.7581156013439128 0.7607481508175633 0.7633807002912094
0.7362483870499376 0.732369235415999 0.7284900837820605 0.7246109321481153 0.7207317805141769 0.7168526288802383 0.7129734772462997 0.7090943256123612 0.7052151739784227 0.7013360223444841 0.6974568707105455 0.693577719076607 0.6896985674426686 0.68581941580873 0.6851026750088944 0.6877666228966107 0.6904305707843316 0.6930945186720479 0.695758466559764 0.6984224144474803 0.7010863623351966 0.7037503102229129 0.7064142581106292 0.7090782059983455 0.7117421538860618 0.7144061017737781 0.7170700496614943 0.7197339975492106 0.7223979454369269 0.7250618933246478 0.7277258412123639 0.7303897891000802 0.7330537369877965 0.7357176848755128 0.7383816327632291 0.7410455806509454 0.7437095285386617 0.746373476426378 0.7490374243140943 0.7517013722018105 0.7543653200895268 0.7570292679772431 0.7596932158649639 0.7623571637526801
0.7343732457110942 0.7304886101351625 0.7266039745592309 0.7227193389832927 0.718834703407361 0.7149500678314294 0.7110654322554978 0.7071807966795661 0.7032961611036346 0.6994115255277029 0.6955268899517713 0.6916422543758397 0.687757618799908 0.6838729832239765 0.6831685844623298 0.6858639307641162 0.6885592770659072 0.6912546233676937 0.6939499696694802 0.6966453159712667 0.6993406622730531 0.7020360085748396 0.7047313548766261 0.7074267011784126 0.7101220474801989 0.7128173937819854 0.7155127400837719 0.7182080863855583 0.7209034326873448 0.7235987789891358 0.7262941252909223 0.7289894715927088 0.7316848178944952 0.7343801641962817 0.7370755104980682 0.7397708567998547 0.742466203101641 0.7451615494034275 0.747856895705214 0.7505522420070004 0.7532475883087869 0.7559429346105734 0.7586382809123644 0.7613336272141509
0.7324981043722507 0.7286079848543261 0.7247178653364014 0.72082774581847 0.7169376263005454 0.7130475067826206 0.7091573872646959 0.7052672677467712 0.7013771482288466 0.6974870287109218 0.6935969091929971 0.6897067896750724 0.6858166701571478 0.681926550639223 0.6812344939157653 0.683961238631622 0.6866879833474832 0.6894147280633398 0.6921414727791965 0.6948682174950531 0.6975949622109097 0.7003217069267663 0.703048451642623 0.7057751963584796 0.7085019410743363 0.7112286857901928 0.7139554305060495 0.7166821752219061 0.7194089199377628 0.722135664653624 0.7248624093694807 0.7275891540853373 0.730315898801194 0.7330426435170506 0.7357693882329072 0.7384961329487638 0.7412228776646205 0.7439496223804771 0.7466763670963337 0.7494031118121903 0.752129856528047 0.7548566012439036 0.757583345959765 0.7603100906756215
0.7306229630334058 0.726727359573488 0.7228317561135702 0.7189361526536457 0.715040549193728 0.7111449457338102 0.7072493422738925 0.7033537388139747 0.6994581353540569 0.6955625318941391 0.6916669284342213 0.6877713249743035 0.6838757215143857 0.679980118054468 0.6793004033691991 0.6820585464991259 0.6848166896290575 0.6875748327589843 0.6903329758889112 0.693091119018838 0.6958492621487649 0.6986074052786917 0.7013655484086184 0.7041236915385453 0.7068818346684721 0.7096399777983989 0.7123981209283258 0.7151562640582526 0.7179144071881794 0.7206725503181111 0.7234306934480379 0.7261888365779647 0.7289469797078916 0.7317051228378184 0.7344632659677452 0.7372214090976721 0.7399795522275989 0.7427376953575258 0.7454958384874526 0.7482539816173793 0.7510121247473062 0.753770267877233 0.7565284110071646 0.7592865541370915
0.7287478216945623 0.7248467342926515 0.7209456468907406 0.7170445594888231 0.7131434720869122 0.7092423846850013 0.7053412972830905 0.7014402098811796 0.6975391224792687 0.6936380350773579 0.689736947675447 0.6858358602735362 0.6819347728716253 0.6780336854697144 0.6773663128226345 0.6801558543666315 0.6829453959106332 0.6857349374546302 0.6885244789986272 0.6913140205426243 0.6941035620866213 0.6968931036306183 0.6996826451746153 0.7024721867186123 0.7052617282626094 0.7080512698066064 0.7108408113506034 0.7136303528946004 0.7164198944385974 0.7192094359825991 0.7219989775265961 0.7247885190705932 0.7275780606145902 0.7303676021585872 0.7331571437025842 0.7359466852465812 0.7387362267905783 0.7415257683345753 0.7443153098785723 0.7471048514225693 0.7498943929665662 0.7526839345105633 0.755473476054565 0.7582630175985621
0.726872680355719 0.722966109011815 0.7190595376679111 0.7151529663240005 0.7112463949800965 0.7073398236361925 0.7034332522922886 0.6995266809483847 0.6956201096044807 0.6917135382605768 0.6878069669166729 0.6839003955727689 0.679993824228865 0.676087252884961 0.6754322222760699 0.6782531622341371 0.6810741021922091 0.6838950421502763 0.6867159821083435 0.6895369220664107 0.6923578620244779 0.6951788019825451 0.6979997419406123 0.7008206818986794 0.7036416218567466 0.7064625618148138 0.709283501772881 0.7121044417309482 0.7149253816890154 0.7177463216470874 0.7205672616051546 0.7233882015632218 0.726209141521289 0.7290300814793562 0.7318510214374233 0.7346719613954905 0.7374929013535577 0.7403138413116249 0.7431347812696921 0.7459557212277593 0.7487766611858265 0.7515976011438936 0.7544185411019657 0.7572394810600329
0.7249975390168755 0.7210854837309785 0.7171734284450815 0.7132613731591777 0.7093493178732807 0.7054372625873837 0.7015252073014866 0.6976131520155896 0.6937010967296926 0.6897890414437956 0.6858769861578986 0.6819649308720015 0.6780528755861045 0.6741408203002075 0.6734981317295053 0.6763504701016426 0.6792028084737849 0.6820551468459223 0.6849074852180597 0.687759823590197 0.6906121619623343 0.6934645003344717 0.6963168387066091 0.6991691770787465 0.7020215154508839 0.7048738538230213 0.7077261921951585 0.7105785305672959 0.7134308689394333 0.7162832073115756 0.719135545683713 0.7219878840558502 0.7248402224279876 0.727692560800125 0.7305448991722624 0.7333972375443998 0.7362495759165371 0.7391019142886744 0.7419542526608118 0.7448065910329492 0.7476589294050866 0.750511267777224 0.7533636061493661 0.7562159445215035
