Figures/CREST_Example_wjb_NSE/PETs/wjb.pet.20100208.asc
ncols            288
nrows            254
xllcorner        113.274861
yllcorner        31.4918055
cellsize         0.008333333333
NODATA_value     -9999
[rows 133 to 151 of 254, columns 44 to 87 of 288]
0.4349467729662802 0.4321959239408532 0.4294450749154262 0.4266942258899992 0.4239433768645723 0.4211925278391453 0.4184416788137183 0.4156908297882913 0.41293998076285965 0.41018913173743266 0.40743828271200566 0.4046874336865787 0.40193658466115173 0.39918573563572474 0.39643488661029774 0.3936840375848708 0.3909331885594438 0.3881823395340168 0.3854314905085898 0.38268064148316283 0.37992979245773584 0.3771789434323042 0.3744280944068772 0.37167724538145025 0.36892639635602326 0.36617554733059626 0.36342469830516927 0.36067384927974233 0.3593280442084263 0.35948426288656027 0.3596404815646942 0.35979670024282817 0.3599529189209621 0.3601091375990961 0.3602653562772303 0.3604215749553642 0.3605777936334982 0.3607340123116321 0.360890230989766 0.3610464496679 0.36120266834603393 0.3613588870241679 0.36151510570230183 0.3616713243804358
0.4294951858194425 0.42683784716556933 0.42418050851169614 0.4215231698578229 0.4188658312039497 0.4162084925500765 0.41355115389620334 0.4108938152423301 0.4082364765884524 0.40557913793457917 0.402921799280706 0.4002644606268328 0.3976071219729596 0.39494978331908637 0.3922924446652132 0.38963510601134 0.3869777673574668 0.3843204287035936 0.3816630900497204 0.3790057513958472 0.376348412741974 0.37369107408809626 0.3710337354342231 0.36837639678034984 0.36571905812647665 0.36306171947260346 0.3604043808187303 0.3577470421648571 0.3564730407923605 0.35667785824545845 0.3568826756985564 0.3570874931516544 0.35729231060475236 0.35749712805785033 0.35770194551094864 0.3579067629640466 0.3581115804171446 0.35831639787024255 0.3585212153233405 0.3587260327764385 0.35893085022953647 0.35913566768263444 0.3593404851357324 0.3595453025888304
0.4240435986726048 0.42147977039028545 0.418915942107966 0.4163521138256466 0.4137882855433272 0.41122445726100776 0.4086606289786883 0.40609680069636894 0.4035329724140451 0.40096914413172574 0.3984053158494063 0.3958414875670869 0.3932776592847675 0.39071383100244805 0.3881500027201287 0.38558617443780924 0.3830223461554898 0.3804585178731704 0.377894689590851 0.37533086130853155 0.37276703302621217 0.37020320474388835 0.36763937646156897 0.36507554817924953 0.3625117198969301 0.3599478916146107 0.3573840633322913 0.3548202350499719 0.35361803737629466 0.3538714536043567 0.35412486983241864 0.35437828606048066 0.3546317022885426 0.35488511851660465 0.35513853474466706 0.355391950972729 0.35564536720079104 0.355898783428853 0.356152199656915 0.356405615884977 0.356659032113039 0.356912448341101 0.357165864569163 0.35741928079722496
0.41859201152576714 0.4161216936150015 0.4136513757042359 0.41118105779347025 0.4087107398827046 0.406240421971939 0.40377010406117336 0.40129978615040773 0.3988294682396379 0.39635915032887226 0.3938888324181066 0.391418514507341 0.38894819659657537 0.38647787868580974 0.3840075607750441 0.3815372428642785 0.3790669249535128 0.37659660704274717 0.37412628913198154 0.3716559712212159 0.3691856533104503 0.36671533539968043 0.3642450174889148 0.3617746995781492 0.35930438166738354 0.3568340637566179 0.3543637458458523 0.35189342793508666 0.35076303396022884 0.35106504896325486 0.35136706396628087 0.3516690789693069 0.3519710939723329 0.3522731089753589 0.3525751239783854 0.35287713898141143 0.35317915398443744 0.35348116898746346 0.35378318399048947 0.3540851989935155 0.3543872139965415 0.3546892289995675 0.3549912440025935 0.35529325900561953
0.4131404243789248 0.410763616839713 0.40838680930050125 0.4060100017612895 0.4036331942220777 0.40125638668286595 0.3988795791436542 0.3965027716044424 0.3941259640652266 0.39174915652601483 0.38937234898680306 0.3869955414475913 0.38461873390837953 0.38224192636916776 0.379865118829956 0.3774883112907442 0.37511150375153246 0.3727346962123207 0.3703578886731089 0.36798108113389716 0.3656042735946854 0.3632274660554695 0.36085065851625775 0.358473850977046 0.3560970434378342 0.35372023589862245 0.3513434283594107 0.3489666208201989 0.3479080305441606 0.34825864432215065 0.3486092581001407 0.34895987187813077 0.3493104856561209 0.34966109943411094 0.3500117132121016 0.3503623269900917 0.35071294076808174 0.35106355454607185 0.3514141683240619 0.351764782102052 0.3521153958800421 0.35246600965803215 0.3528166234360222 0.3531672372140123
0.4076888372320871 0.40540554006442914 0.4031222428967711 0.40083894572911316 0.39855564856145514 0.3962723513937972 0.3939890542261392 0.3917057570584812 0.3894224598908193 0.38713916272316135 0.38485586555550333 0.38257256838784537 0.3802892712201874 0.3780059740525294 0.37572267688487143 0.3734393797172134 0.37115608254955545 0.36887278538189744 0.3665894882142395 0.36430619104658146 0.3620228938789235 0.3597395967112616 0.35745629954360364 0.3551730023759456 0.35288970520828766 0.35060640804062965 0.3483231108729717 0.34603981370531367 0.3450530271280947 0.3454522396810488 0.34585145223400293 0.346250664786957 0.3466498773399111 0.3470490898928652 0.34744830244582 0.3478475149987741 0.3482467275517282 0.34864594010468225 0.34904515265763636 0.34944436521059047 0.3498435777635446 0.3502427903164987 0.35064200286945274 0.35104121542240685
0.40223725008524946 0.40004746328914526 0.39785767649304105 0.39566788969693684 0.3934781029008326 0.3912883161047284 0.3890985293086242 0.38690874251252 0.38471895571641207 0.38252916892030786 0.38033938212420365 0.37814959532809944 0.37595980853199523 0.373770021735891 0.37158023493978687 0.36939044814368266 0.36720066134757845 0.36501087455147424 0.36282108775537003 0.3606313009592658 0.3584415141631616 0.3562517273670537 0.3540619405709495 0.35187215377484526 0.34968236697874105 0.34749258018263685 0.34530279338653264 0.3431130065904284 0.3421980237120289 0.342645835039947 0.3430936463678651 0.34354145769578326 0.34398926902370136 0.34443708035161946 0.34488489167953834 0.3453327030074565 0.3457805143353746 0.3462283256632927 0.34667613699121086 0.34712394831912896 0.34757175964704706 0.3480195709749652 0.3484673823028833 0.3489151936308014
0.3967856629384118 0.3946893865138613 0.3925931100893109 0.3904968336647605 0.3884005572402101 0.38630428081565965 0.38420800439110925 0.38211172796655885 0.38001545154200483 0.37791917511745443 0.375822898692904 0.37372662226835357 0.37163034584380317 0.3695340694192527 0.3674377929947023 0.3653415165701519 0.36324524014560144 0.36114896372105104 0.35905268729650064 0.3569564108719502 0.3548601344473998 0.3527638580228458 0.35066758159829536 0.34857130517374496 0.34647502874919456 0.3443787523246441 0.3422824759000937 0.3401861994755433 0.3393430202959631 0.33983943039884523 0.3403358405017274 0.34083225060460953 0.3413286607074916 0.3418250708103738 0.34232148091325676 0.3428178910161389 0.34331430111902106 0.3438107112219032 0.34430712132478536 0.34480353142766745 0.3452999415305496 0.34579635163343175 0.3462927617363139 0.34678917183919605
0.3913340757915741 0.38933130973857744 0.3873285436855808 0.3853257776325842 0.38332301157958754 0.3813202455265909 0.37931747947359423 0.37731471342059764 0.37531194736759754 0.37330918131460095 0.3713064152616043 0.36930364920860764 0.367300883155611 0.3652981171026144 0.36329535104961774 0.3612925849966211 0.35928981894362444 0.35728705289062784 0.3552842868376312 0.35328152078463454 0.35127875473163794 0.34927598867863785 0.3472732226256412 0.3452704565726446 0.34326769051964795 0.3412649244666513 0.3392621584136547 0.33725939236065805 0.33648801687989727 0.3370330257577434 0.33757803463558955 0.33812304351343575 0.3386680523912819 0.33921306126912804 0.3397580701469751 0.3403030790248213 0.34084808790266746 0.3413930967805136 0.3419381056583598 0.34248311453620595 0.34302812341405214 0.3435731322918983 0.34411814116974443 0.3446631500475906
0.3858824886447364 0.38397323296329355 0.3820639772818507 0.38015472160040786 0.37824546591896496 0.3763362102375221 0.37442695455607927 0.3725176988746364 0.3706084431931903 0.36869918751174746 0.3667899318303046 0.3648806761488617 0.36297142046741887 0.361062164785976 0.3591529091045332 0.35724365342309033 0.35533439774164743 0.3534251420602046 0.35151588637876174 0.3496066306973189 0.34769737501587605 0.34578811933442993 0.3438788636529871 0.34196960797154424 0.34006035229010134 0.3381510966086585 0.33624184092721565 0.3343325852457728 0.3336330134638314 0.3342266211166416 0.3348202287694518 0.33541383642226197 0.33600744407507216 0.3366010517278823 0.33719465938069354 0.3377882670335037 0.33838187468631387 0.33897548233912406 0.33956908999193425 0.34016269764474444 0.34075630529755463 0.3413499129503648 0.341943520603175 0.3425371282559852
0.3804309014978987 0.37861515618800967 0.3767994108781206 0.3749836655682315 0.37316792025834244 0.37135217494845335 0.3695364296385643 0.3677206843286752 0.36590493901878307 0.364089193708894 0.3622734483990049 0.36045770308911584 0.35864195777922675 0.35682621246933766 0.3550104671594486 0.3531947218495595 0.3513789765396705 0.3495632312297814 0.3477474859198923 0.34593174061000326 0.34411599530011416 0.342300249990222 0.3404845046803329 0.33866875937044383 0.3368530140605548 0.3350372687506657 0.33322152344077666 0.33140577813088756 0.3307780100477655 0.33142021647553976 0.33206242290331395 0.3327046293310882 0.33334683575886237 0.3339890421866366 0.3346312486144119 0.3352734550421861 0.3359156614699603 0.3365578678977345 0.3372000743255087 0.33784228075328293 0.3384844871810571 0.33912669360883135 0.33976890003660554 0.3404111064643798
0.37497931435105636 0.3732570794127211 0.37153484447438595 0.3698126095360507 0.36809037459771554 0.3663681396593803 0.36464590472104513 0.3629236697827099 0.3612014348443717 0.35947919990603655 0.3577569649677013 0.35603473002936614 0.3543124950910309 0.3525902601526957 0.3508680252143605 0.34914579027602527 0.3474235553376901 0.34570132039935486 0.3439790854610197 0.34225685052268445 0.3405346155843492 0.3388123806460111 0.33709014570767587 0.3353679107693407 0.33364567583100546 0.3319234408926703 0.33020120595433505 0.3284789710159998 0.32792300663169727 0.32861381183443555 0.32930461703717384 0.3299954222399121 0.33068622744265036 0.33137703264538865 0.3320678378481281 0.33275864305086633 0.3334494482536046 0.3341402534563429 0.33483105865908114 0.3355218638618194 0.3362126690645577 0.33690347426729594 0.33759427947003423 0.3382850846727725
0.36952772720421867 0.36789900263743724 0.3662702780706558 0.3646415535038744 0.36301282893709297 0.36138410437031154 0.3597553798035301 0.3581266552367487 0.3564979306699645 0.35486920610318307 0.35324048153640164 0.3516117569696202 0.3499830324028388 0.34835430783605736 0.34672558326927594 0.3450968587024945 0.3434681341357131 0.34183940956893166 0.34021068500215024 0.3385819604353688 0.3369532358685874 0.3353245113018032 0.33369578673502176 0.33206706216824033 0.3304383376014589 0.3288096130346775 0.32718088846789606 0.32555216390111463 0.3250680032156315 0.3258074071933338 0.32654681117103607 0.32728621514873835 0.3280256191264406 0.32876502310414296 0.3295044270818465 0.3302438310595488 0.3309832350372511 0.33172263901495336 0.33246204299265564 0.3332014469703579 0.33394085094806025 0.33468025492576253 0.3354196589034648 0.3361590628811671
0.364076140057381 0.36254092586215336 0.36100571166692574 0.35947049747169807 0.35793528327647045 0.3564000690812428 0.35486485488601516 0.35332964069078754 0.35179442649555726 0.35025921230032964 0.34872399810510196 0.34718878390987434 0.34565356971464667 0.34411835551941905 0.3425831413241914 0.34104792712896376 0.3395127129337361 0.33797749873850846 0.33644228454328085 0.33490707034805317 0.33337185615282555 0.33183664195759527 0.33030142776236765 0.32876621356714 0.32723099937191236 0.32569578517668474 0.32416057098145706 0.32262535678622944 0.32221299979956564 0.32300100255223196 0.3237890053048983 0.32457700805756456 0.3253650108102309 0.3261530135628972 0.3269410163155649 0.32772901906823115 0.3285170218208975 0.3293050245735638 0.33009302732623014 0.3308810300788964 0.33166903283156274 0.33245703558422907 0.33324503833689534 0.33403304108956167
0.35862455291054335 0.3571828490868695 0.3557411452631956 0.35429944143952175 0.3528577376158479 0.351416033792174 0.34997432996850014 0.34853262614482633 0.34709092232114996 0.34564921849747615 0.3442075146738023 0.3427658108501284 0.34132410702645455 0.3398824032027807 0.3384406993791068 0.33699899555543295 0.33555729173175913 0.33411558790808527 0.3326738840844114 0.33123218026073753 0.32979047643706366 0.32834877261338735 0.3269070687897135 0.3254653649660396 0.32402366114236575 0.3225819573186919 0.32114025349501807 0.3196985496713442 0.3193579963834998 0.32019459791113014 0.32103119943876046 0.3218678009663908 0.32270440249402116 0.3235410040216515 0.32437760554928324 0.32521420707691356 0.3260508086045439 0.32688741013217426 0.3277240116598046 0.3285606131874349 0.3293972147150652 0.3302338162426956 0.3310704177703259 0.33190701929795624
0.3599494282997044 0.358419496997784 0.35688956569586366 0.3553596343939433 0.35382970309202294 0.3522997717901026 0.3507698404881822 0.34923990918626185 0.3477099778843389 0.3461800465824185 0.34465011528049816 0.3431201839785778 0.34159025267665744 0.3400603213747371 0.3385303900728167 0.33700045877089635 0.335470527468976 0.33394059616705557 0.33241066486513526 0.3308807335632149 0.3293508022612945 0.3278208709593715 0.32629093965745115 0.3247610083555308 0.3232310770536104 0.32170114575169007 0.3201712144497697 0.31864128314784934 0.3182313973523278 0.3190188655229604 0.31980633369359296 0.32059380186422554 0.3213812700348581 0.32216873820549063 0.32295620637612454 0.3237436745467571 0.3245311427173897 0.3253186108880223 0.32610607905865485 0.32689354722928743 0.32768101539992 0.3284684835705526 0.32925595174118516 0.33004341991181774
0.3685179149654369 0.36670548988021784 0.3648930647949988 0.36308063970977966 0.3612682146245606 0.35945578953934154 0.3576433644541225 0.35583093936890337 0.35401851428368125 0.35220608919846214 0.3503936641132431 0.348581239028024 0.34676881394280495 0.34495638885758584 0.3431439637723668 0.3413315386871477 0.33951911360192866 0.3377066885167096 0.3358942634314905 0.3340818383462714 0.33226941326105236 0.3304569881758302 0.32864456309061113 0.32683213800539207 0.32501971292017295 0.3232072878349539 0.32139486274973483 0.3195824376645158 0.3189523536535115 0.3195862189789139 0.3202200843043163 0.32085394962971875 0.3214878149551212 0.32212168028052357 0.32275554560592706 0.3233894109313295 0.32402327625673194 0.3246571415821343 0.32529100690753676 0.32592487223293914 0.3265587375583416 0.327192602883744 0.3278264682091464 0.32846033353454884
0.3770864016311767 0.3749914827626587 0.37289656389414066 0.37080164502562263 0.3687067261571046 0.36661180728858656 0.3645168884200686 0.36242196955155054 0.36032705068302895 0.3582321318145109 0.3561372129459929 0.35404229407747484 0.35194737520895686 0.3498524563404388 0.3477575374719208 0.34566261860340275 0.34356769973488477 0.34147278086636673 0.3393778619978487 0.33728294312933066 0.3351880242608126 0.33309310539229103 0.330998186523773 0.328903267655255 0.326808348786737 0.32471342991821894 0.3226185110497009 0.32052359218118287 0.31967330995469573 0.32015357243486786 0.32063383491504 0.32111409739521213 0.32159435987538426 0.3220746223555564 0.32255488483572936 0.3230351473159015 0.3235154097960736 0.32399567227624576 0.3244759347564179 0.32495619723659 0.32543645971676216 0.3259167221969343 0.3263969846771064 0.32687724715727856
0.3856548882969092 0.38327747564509246 0.3809000629932757 0.378522650341459 0.37614523768964225 0.3737678250378255 0.3713904123860088 0.36901299973419205 0.36663558708237126 0.3642581744305545 0.3618807617787378 0.35950334912692106 0.3571259364751043 0.3547485238232876 0.35237111117147085 0.3499936985196541 0.3476162858678374 0.34523887321602065 0.3428614605642039 0.3404840479123872 0.33810663526057044 0.33572922260874966 0.3333518099569329 0.3309743973051162 0.32859698465329945 0.3262195720014827 0.323842159349666 0.32146474669784925 0.3203942662558794 0.32072092589082135 0.32104758552576335 0.32137424516070534 0.32170090479564734 0.3220275644305893 0.3223542240655318 0.3226808837004738 0.3230075433354158 0.32333420297035775 0.32366086260529975 0.32398752224024174 0.32431418187518374 0.3246408415101257 0.32496750114506767 0.32529416078000967
