Figures/CREST_Example_wjb_NSE/PETs/wjb.pet.20090821.asc
ncols            288
nrows            254
xllcorner        113.274861
yllcorner        31.4918055
cellsize         0.008333333333
NODATA_value     -9999
[rows 200 to 219 of 254, columns 176 to 219 of 288]
3.759928953344138 3.755160389518711 3.750391825693284 3.7456232618678573 3.7408546980424306 3.7360861342170035 3.7313175703915684 3.7265490065661417 3.7217804427407146 3.717011878915288 3.712243315089861 3.707474751264434 3.702706187439007 3.6979376236135804 3.6931690597881532 3.6884004959627266 3.6859315461502664 3.685920935750132 3.685910325349998 3.6858997149498633 3.6858891045497293 3.685878494149595 3.6858678837494607 3.6858572733493262 3.685846662949192 3.685836052549058 3.6858254421489236 3.6858148317487895 3.685804221348655 3.685793610948521 3.6857830005483865 3.6857723901482524 3.685761779748118 3.685751169347984 3.6857405589478494 3.6857299485477153 3.6857193381475812 3.6857087277474467 3.6856981173473127 3.685687506947178 3.685676896547044 3.6856662861469096 3.6856556757467756 3.6856450653466415
3.7629350935351193 3.7582117668575266 3.7534884401799338 3.7487651135023405 3.7440417868247478 3.739318460147155 3.7345951334695537 3.729871806791961 3.7251484801143677 3.720425153436775 3.715701826759182 3.710978500081589 3.706255173403996 3.701531846726403 3.69680852004881 3.6920851933712173 3.689655532739962 3.6896778530101253 3.689700173280288 3.689722493550451 3.689744813820614 3.689767134090777 3.6897894543609397 3.689811774631103 3.689834094901266 3.6898564151714286 3.689878735441592 3.6899010557117546 3.6899233759819174 3.6899456962520807 3.6899680165222435 3.6899903367924063 3.6900126570625695 3.6900349773327323 3.690057297602895 3.6900796178730584 3.690101938143221 3.690124258413384 3.6901465786835472 3.69016889895371 3.690191219223873 3.690213539494036 3.690235859764199 3.6902581800343617
3.765941233726101 3.761263144196342 3.756585054666583 3.751906965136824 3.747228875607065 3.742550786077306 3.737872696547539 3.73319460701778 3.728516517488021 3.723838427958262 3.719160338428503 3.714482248898744 3.7098041593689848 3.705126069839226 3.700447980309467 3.695769890779708 3.693379519329658 3.6934347702701182 3.693490021210579 3.693545272151039 3.693600523091499 3.693655774031959 3.693711024972419 3.6937662759128793 3.6938215268533394 3.6938767777937995 3.6939320287342596 3.6939872796747197 3.6940425306151803 3.6940977815556404 3.6941530324961005 3.6942082834365606 3.6942635343770207 3.694318785317481 3.694374036257941 3.694429287198401 3.694484538138861 3.6945397890793212 3.6945950400197813 3.694650290960242 3.694705541900702 3.694760792841162 3.694816043781622 3.6948712947220823
3.7689473739170825 3.7643145215351574 3.7596816691532324 3.7550488167713074 3.750415964389382 3.745783112007457 3.741150259625524 3.736517407243599 3.731884554861674 3.727251702479749 3.7226188500978235 3.7179859977158984 3.7133531453339734 3.7087202929520484 3.7040874405701234 3.699454588188198 3.6971035059193538 3.697191687530111 3.6972798691408686 3.697368050751626 3.6974562323623834 3.697544413973141 3.6976325955838982 3.6977207771946556 3.697808958805413 3.69789714041617 3.6979853220269274 3.698073503637685 3.6981616852484422 3.6982498668591997 3.698338048469957 3.6984262300807145 3.698514411691472 3.6986025933022293 3.6986907749129867 3.6987789565237437 3.698867138134501 3.6989553197452585 3.699043501356016 3.6991316829667733 3.6992198645775307 3.699308046188288 3.6993962277990455 3.6994844094098025
3.7719535141080653 3.767365898873974 3.762778283639883 3.758190668405792 3.753603053171701 3.7490154379376097 3.7444278227035106 3.7398402074694195 3.7352525922353284 3.7306649770012372 3.726077361767146 3.721489746533055 3.716902131298964 3.7123145160648727 3.7077269008307816 3.7031392855966905 3.7008274925090516 3.7009486047901063 3.701069717071161 3.7011908293522158 3.70131194163327 3.7014330539143248 3.7015541661953795 3.7016752784764337 3.7017963907574885 3.7019175030385427 3.7020386153195974 3.702159727600652 3.7022808398817064 3.702401952162761 3.7025230644438154 3.70264417672487 3.702765289005925 3.7028864012869795 3.703007513568034 3.7031286258490885 3.7032497381301432 3.7033708504111975 3.7034919626922522 3.703613074973307 3.703734187254361 3.703855299535416 3.70397641181647 3.704097524097525
3.774959654299047 3.7704172762127897 3.7658748981265324 3.761332520040275 3.756790141954018 3.7522477638677607 3.747705385781496 3.7431630076952387 3.7386206296089814 3.734078251522724 3.729535873436467 3.7249934953502097 3.7204511172639525 3.7159087391776953 3.711366361091438 3.706823983005181 3.7045514790987473 3.7047055220500993 3.704859565001451 3.705013607952803 3.705167650904155 3.7053216938555065 3.705475736806858 3.70562977975821 3.7057838227095616 3.7059378656609137 3.7060919086122652 3.706245951563617 3.706399994514969 3.7065540374663204 3.7067080804176724 3.706862123369024 3.707016166320376 3.7071702092717276 3.7073242522230796 3.707478295174431 3.707632338125783 3.7077863810771348 3.707940424028487 3.7080944669798384 3.70824850993119 3.708402552882542 3.7085565958338935 3.7087106387852455
3.7779657944900285 3.773468653551605 3.7689715126131818 3.7644743716747584 3.759977230736335 3.755480089797912 3.7509829488594812 3.746485807921058 3.7419886669826345 3.737491526044211 3.732994385105788 3.7284972441673645 3.724000103228941 3.719502962290518 3.715005821352095 3.7105086804136715 3.7082754656884434 3.7084624393100922 3.7086494129317416 3.7088363865533904 3.7090233601750398 3.7092103337966886 3.7093973074183375 3.7095842810399864 3.7097712546616353 3.709958228283284 3.7101452019049335 3.7103321755265823 3.710519149148231 3.71070612276988 3.710893096391529 3.7110800700131783 3.711267043634827 3.7114540172564765 3.7116409908781254 3.7118279644997743 3.712014938121423 3.712201911743072 3.712388885364721 3.71257585898637 3.712762832608019 3.712949806229668 3.713136779851317 3.7133237534729657
3.7809719346810113 3.7765200308904223 3.772068127099833 3.7676162233092434 3.763164319518654 3.758712415728065 3.754260511937468 3.7498086081468784 3.745356704356289 3.7409048005657 3.7364528967751105 3.732000992984521 3.727549089193932 3.7230971854033426 3.718645281612753 3.7141933778221636 3.711999452278141 3.7122193565700874 3.7124392608620336 3.71265916515398 3.7128790694459264 3.7130989737378726 3.7133188780298187 3.713538782321765 3.7137586866137107 3.713978590905657 3.714198495197603 3.714418399489549 3.7146383037814954 3.7148582080734416 3.7150781123653878 3.715298016657334 3.7155179209492806 3.7157378252412268 3.715957729533173 3.7161776338251187 3.716397538117065 3.716617442409011 3.7168373467009572 3.7170572509929034 3.7172771552848496 3.7174970595767958 3.717716963868742 3.717936868160688
3.783916950996647 3.77952005722353 3.7751231634504134 3.7707262696772967 3.76632937590418 3.7619324821310633 3.757535588357939 3.7531386945848224 3.7487418008117057 3.744344907038589 3.7399480132654723 3.7355511194923556 3.731154225719239 3.7267573319461222 3.7223604381730055 3.717963544399889 3.7158474344261645 3.7161695339403926 3.7164916334546203 3.716813732968849 3.7171358324830766 3.7174579319973042 3.717780031511532 3.71810213102576 3.7184242305399877 3.7187463300542154 3.7190684295684435 3.719390529082671 3.719712628596899 3.720034728111127 3.7203568276253547 3.7206789271395824 3.721001026653811 3.7213231261680386 3.7216452256822667 3.7219673251964944 3.722289424710722 3.7226115242249502 3.722933623739178 3.7232557232534056 3.7235778227676337 3.7238999222818614 3.724222021796089 3.724544121310317
3.786796629742035 3.7824651925680732 3.7781337553941112 3.7738023182201497 3.7694708810461877 3.765139443872226 3.7608080066982565 3.756476569524295 3.752145132350333 3.7478136951763714 3.7434822580024094 3.739150820828448 3.734819383654486 3.7304879464805243 3.7261565093065623 3.7218250721326007 3.7198279600108863 3.720326294187882 3.7208246283648783 3.721322962541875 3.721821296718871 3.722319630895867 3.722817965072863 3.7233162992498587 3.723814633426855 3.7243129676038507 3.724811301780847 3.7253096359578426 3.7258079701348388 3.7263063043118345 3.7268046384888307 3.7273029726658264 3.7278013068428235 3.7282996410198193 3.7287979751968154 3.729296309373811 3.7297946435508074 3.730292977727803 3.7307913119047993 3.731289646081795 3.731787980258791 3.732286314435787 3.732784648612783 3.733282982789779
3.789676308487424 3.7854103279126177 3.781144347337811 3.776878366763004 3.772612386188197 3.76834640561339 3.764080425038576 3.7598144444637693 3.7555484638889625 3.7512824833141556 3.7470165027393487 3.7427505221645423 3.7384845415897354 3.7342185610149286 3.7299525804401217 3.725686599865315 3.72380848559561 3.724483054435374 3.7251576232751384 3.7258321921149036 3.726506760954668 3.727181329794432 3.727855898634196 3.72853046747396 3.7292050363137244 3.7298796051534886 3.7305541739932524 3.7312287428330166 3.731903311672781 3.732577880512545 3.7332524493523094 3.733927018192073 3.7346015870318388 3.7352761558716026 3.735950724711367 3.736625293551131 3.7372998623908953 3.7379744312306595 3.7386490000704233 3.7393235689101876 3.739998137749952 3.740672706589716 3.74134727542948 3.742021844269244
3.792555987232812 3.7883554632571603 3.7841549392815086 3.7799544153058564 3.7757538913302047 3.771553367354553 3.7673528433788936 3.763152319403242 3.75895179542759 3.754751271451938 3.7505507474762863 3.7463502235006345 3.7421496995249823 3.7379491755493306 3.733748651573679 3.7295481275980267 3.727789011180332 3.7286398146828637 3.729490618185396 3.73034142168793 3.7311922251904623 3.7320430286929946 3.732893832195527 3.733744635698059 3.734595439200591 3.7354462427031234 3.7362970462056557 3.737147849708188 3.7379986532107203 3.7388494567132526 3.739700260215785 3.7405510637183172 3.741401867220851 3.742252670723383 3.7431034742259155 3.743954277728448 3.74480508123098 3.7456558847335124 3.7465066882360447 3.747357491738577 3.7482082952411093 3.7490590987436416 3.749909902246174 3.7507607057487062
3.7954356659782 3.791300598601703 3.787165531225206 3.7830304638487093 3.7788953964722123 3.7747603290957152 3.770625261719211 3.7664901943427145 3.7623551269662174 3.7582200595897204 3.7540849922132233 3.7499499248367267 3.7458148574602297 3.7416797900837326 3.7375447227072356 3.733409655330739 3.731769536765053 3.7327965749303536 3.733823613095654 3.734850651260956 3.7358776894262564 3.736904727591557 3.7379317657568576 3.738958803922158 3.7399858420874583 3.7410128802527587 3.742039918418059 3.7430669565833594 3.74409399474866 3.74512103291396 3.746148071079261 3.7471751092445613 3.7482021474098635 3.749229185575164 3.750256223740464 3.7512832619057646 3.752310300071065 3.7533373382363653 3.754364376401666 3.7553914145669665 3.756418452732267 3.757445490897567 3.7584725290628676 3.759499567228168
3.7983153447235893 3.7942457339462474 3.7901761231689055 3.7861065123915636 3.7820369016142217 3.7779672908368798 3.7738976800595307 3.769828069282189 3.765758458504847 3.7616888477275046 3.7576192369501626 3.7535496261728207 3.749480015395479 3.745410404618137 3.741340793840795 3.737271183063453 3.735750062349777 3.7369533351778457 3.738156608005914 3.7393598808339847 3.7405631536620536 3.741766426490122 3.7429696993181905 3.7441729721462593 3.7453762449743278 3.7465795178023966 3.747782790630465 3.7489860634585335 3.7501893362866023 3.7513926091146708 3.7525958819427396 3.753799154770808 3.7550024275988787 3.756205700426947 3.757408973255016 3.7586122460830844 3.7598155189111533 3.7610187917392217 3.76222206456729 3.763425337395359 3.7646286102234274 3.7658318830514963 3.7670351558795647 3.768238428707633
3.8011950234689773 3.79719086929079 3.7931867151126033 3.789182560934416 3.7851784067562293 3.781174252578042 3.777170098399848 3.7731659442216614 3.769161790043474 3.765157635865287 3.7611534816871 3.757149327508913 3.753145173330726 3.749141019152539 3.745136864974352 3.741132710796165 3.7397305879344986 3.741110095425335 3.742489602916172 3.743869110407011 3.7452486178978477 3.7466281253886846 3.7480076328795215 3.749387140370358 3.750766647861195 3.7521461553520314 3.7535256628428684 3.754905170333705 3.756284677824542 3.7576641853153783 3.759043692806215 3.760423200297052 3.7618027077878913 3.7631822152787278 3.7645617227695647 3.765941230260401 3.767320737751238 3.7687002452420746 3.7700797527329115 3.7714592602237484 3.772838767714585 3.774218275205422 3.7755977826962583 3.7769772901870953
3.8040747022143653 3.800136004635333 3.796197307056301 3.792258609477269 3.788319911898237 3.784381214319205 3.780442516740166 3.776503819161134 3.772565121582102 3.76862642400307 3.7646877264240377 3.7607490288450056 3.7568103312659735 3.7528716336869414 3.7489329361079093 3.744994238528877 3.74371111351922 3.745266855672825 3.74682259782643 3.748378339980037 3.749934082133642 3.751489824287247 3.753045566440852 3.7546013085944567 3.7561570507480617 3.7577127929016667 3.7592685350552717 3.7608242772088762 3.7623800193624812 3.763935761516086 3.765491503669691 3.7670472458232958 3.7686029879769034 3.7701587301305084 3.7717144722841134 3.773270214437718 3.774825956591323 3.776381698744928 3.7779374408985325 3.7794931830521374 3.7810489252057424 3.7826046673593474 3.784160409512952 3.785716151666557
3.8069543809597532 3.8030811399798763 3.799207898999999 3.795334658020122 3.791461417040245 3.7875881760603676 3.783714935080484 3.7798416941006066 3.7759684531207296 3.772095212140852 3.7682219711609752 3.7643487301810983 3.760475489201221 3.756602248221344 3.7527290072414665 3.7488557662615896 3.7476916391039423 3.749423615920315 3.751155592736688 3.752887569553064 3.754619546369437 3.75635152318581 3.758083500002183 3.759815476818556 3.761547453634929 3.763279430451302 3.765011407267675 3.766743384084048 3.7684753609004207 3.7702073377167937 3.7719393145331668 3.77367129134954 3.7754032681659155 3.7771352449822886 3.7788672217986616 3.7805991986150347 3.7823311754314077 3.784063152247781 3.785795129064154 3.7875271058805264 3.7892590826968995 3.7909910595132725 3.7927230363296456 3.7944550131460186
3.8098340597051426 3.8060262753244203 3.802218490943698 3.798410706562976 3.794602922182254 3.7907951378015317 3.7869873534208027 3.783179569040081 3.7793717846593586 3.7755640002786364 3.771756215897914 3.767948431517192 3.7641406471364696 3.7603328627557477 3.7565250783750255 3.752717293994303 3.7516721646886655 3.7535803761678066 3.7554885876469477 3.7573967991260924 3.7593050106052335 3.7612132220843746 3.763121433563516 3.7650296450426572 3.7669378565217984 3.7688460680009395 3.7707542794800806 3.7726624909592217 3.7745707024383632 3.7764789139175043 3.7783871253966455 3.7802953368757866 3.782203548354931 3.7841117598340723 3.7860199713132134 3.7879281827923545 3.789836394271496 3.791744605750637 3.7936528172297783 3.7955610287089194 3.7974692401880605 3.7993774516672016 3.801285663146343 3.8031938746254843
3.8127137384505305 3.8089714106689634 3.805229082887396 3.8014867551058287 3.7977444273242615 3.794002099542694 3.7902597717611206 3.7865174439795535 3.782775116197986 3.7790327884164188 3.7752904606348516 3.771548132853284 3.767805805071717 3.76406347729015 3.7603211495085826 3.756578821727015 3.755652690273387 3.7577371364152965 3.7598215825572057 3.761906028699119 3.763990474841028 3.766074920982937 3.768159367124847 3.770243813266756 3.772328259408665 3.7744127055505747 3.776497151692484 3.778581597834393 3.7806660439763027 3.782750490118212 3.7848349362601215 3.7869193824020306 3.7890038285439434 3.791088274685853 3.793172720827762 3.7952571669696713 3.797341613111581 3.79942605925349 3.8015105053953997 3.803594951537309 3.805679397679218 3.8077638438211276 3.809848289963037 3.811932736104946
3.8155934171959185 3.811916546013506 3.808239674831094 3.8045628036486816 3.800885932466269 3.797209061283857 3.7935321901014385 3.789855318919026 3.7861784477366136 3.7825015765542016 3.778824705371789 3.7751478341893767 3.7714709630069647 3.7677940918245523 3.76411722064214 3.760440349459728 3.759633215858109 3.7618938966627864 3.764154577467464 3.7664152582721453 3.7686759390768225 3.7709366198815 3.7731973006861774 3.775457981490855 3.7777186622955323 3.77997934310021 3.7822400239048872 3.784500704709565 3.786761385514242 3.78902206631892 3.791282747123597 3.7935434279282747 3.795804108732956 3.798064789537633 3.800325470342311 3.802586151146988 3.8048468319516657 3.807107512756343 3.8093681935610206 3.811628874365698 3.8138895551703755 3.8161502359750528 3.81841091677973 3.8206715975844077
