Figures/CREST_Example_wjb_NSE/PETs/wjb.pet.20090621.asc
ncols            288
nrows            254
xllcorner        113.274861
yllcorner        31.4918055
cellsize         0.008333333333
NODATA_value     -9999
[rows 140 to 159 of 254, columns 88 to 131 of 288]
3.420754799787962 3.4110666935537144 3.401378587319467 3.391690481085203 3.3820023748509556 3.3723142686167082 3.3626261623824605 3.352938056148213 3.343249949913966 3.333561843679718 3.3238737374454708 3.3141856312112234 3.3044975249769757 3.2948094187427284 3.2856441257728566 3.2770377320040365 3.2684313382352013 3.259824944466381 3.2512185506975606 3.2426121569287405 3.2340057631599204 3.2253993693911 3.2167929756222797 3.208186581853459 3.199580188084639 3.190973794315819 3.1823674005469984 3.1737610067781783 3.1651546130093577 3.156548219240523 3.147941825471703 3.1393354317028823 3.130729037934062 3.122122644165242 3.1135162503964215 3.1049098566276014 3.096303462858781 3.0876970690899608 3.0790906753211402 3.07048428155232 3.0618778877835 3.0532714940146795 3.0446651002458447 3.036058706477024
3.4138329354389696 3.404180357419015 3.3945277793990605 3.384875201379089 3.3752226233591345 3.3655700453391795 3.355917467319225 3.3462648892992704 3.3366123112793153 3.326959733259361 3.317307155239406 3.307654577219451 3.298001999199496 3.2883494211795417 3.279225173176984 3.270665721909199 3.262106270641399 3.2535468193736135 3.2449873681058277 3.2364279168380423 3.227868465570257 3.2193090143024716 3.2107495630346863 3.2021901117669005 3.193630660499115 3.18507120923133 3.1765117579635445 3.167952306695759 3.1593928554279733 3.1508334041601733 3.142273952892388 3.1337145016246026 3.1251550503568173 3.116595599089032 3.108036147821246 3.099476696553461 3.0909172452856755 3.08235779401789 3.0737983427501048 3.065238891482319 3.0566794402145336 3.0481199889467483 3.0395605376789483 3.031001086411163
3.406911071089978 3.397294021284316 3.387676971478654 3.3780599216729756 3.3684428718673134 3.3588258220616516 3.3492087722559893 3.3395917224503275 3.3299746726446653 3.3203576228390035 3.3107405730333412 3.3011235232276794 3.291506473422017 3.2818894236163554 3.272806220581112 3.2642937118143616 3.2557812030475963 3.2472686942808457 3.238756185514095 3.2302436767473446 3.221731167980594 3.2132186592138434 3.204706150447093 3.1961936416803423 3.1876811329135917 3.179168624146841 3.1706561153800905 3.16214360661334 3.1536310978465893 3.145118589079824 3.1366060803130735 3.128093571546323 3.1195810627795724 3.111068554012822 3.102556045246071 3.0940435364793206 3.08553102771257 3.0770185189458195 3.068506010179069 3.0599935014123183 3.0514809926455677 3.042968483878817 3.034455975112052 3.0259434663453013
3.3999892067409863 3.3904076851496168 3.3808261635582477 3.3712446419668622 3.3616631203754928 3.3520815987841233 3.342500077192754 3.3329185556013847 3.3233370340100157 3.313755512418646 3.304173990827277 3.2945924692359077 3.285010947644538 3.275429426053169 3.26638726798524 3.2579217017195243 3.2494561354537943 3.2409905691880785 3.2325250029223627 3.224059436656647 3.215593870390931 3.207128304125215 3.1986627378594994 3.1901971715937836 3.181731605328068 3.1732660390623524 3.1648004727966366 3.1563349065309207 3.147869340265205 3.1394037739994745 3.130938207733759 3.1224726414680433 3.1140070752023274 3.1055415089366116 3.097075942670896 3.08861037640518 3.080144810139464 3.0716792438737484 3.0632136776080325 3.0547481113423167 3.046282545076601 3.037816978810885 3.029351412545155 3.0208858462794392
3.3930673423919884 3.3835213490149116 3.3739753556378353 3.3644293622607426 3.354883368883666 3.345337375506589 3.335791382129513 3.326245388752436 3.31669939537536 3.307153401998283 3.2976074086212064 3.28806141524413 3.2785154218670534 3.268969428489977 3.2599683153893624 3.2515496916246818 3.2431310678599865 3.2347124440953055 3.2262938203306244 3.217875196565944 3.2094565728012627 3.2010379490365817 3.192619325271901 3.18420070150722 3.175782077742539 3.1673634539778583 3.1589448302131773 3.1505262064484962 3.1421075826838156 3.1336889589191204 3.1252703351544393 3.1168517113897583 3.1084330876250776 3.1000144638603966 3.0915958400957155 3.083177216331035 3.074758592566354 3.0663399688016733 3.057921345036992 3.049502721272311 3.0410840975076305 3.0326654737429495 3.024246849978254 3.015828226213573
3.3861454780429963 3.3766350128802127 3.3671245477174288 3.357614082554629 3.348103617391845 3.3385931522290613 3.3290826870662773 3.3195722219034933 3.31006175674071 3.300551291577926 3.2910408264151423 3.2815303612523583 3.2720198960895743 3.262509430926791 3.2535493627934904 3.2451776815298445 3.236806000266184 3.228434319002538 3.220062637738892 3.211690956475246 3.2033192752115998 3.194947593947954 3.1865759126843076 3.1782042314206618 3.1698325501570155 3.1614608688933696 3.1530891876297233 3.1447175063660775 3.136345825102431 3.127974143838771 3.119602462575125 3.111230781311479 3.1028591000478327 3.094487418784187 3.0861157375205406 3.0777440562568947 3.0693723749932484 3.0610006937296026 3.0526290124659563 3.0442573312023105 3.035885649938664 3.0275139686750183 3.019142287411358 3.0107706061477115
3.3792236136940046 3.3697486767455134 3.3602737397970226 3.3507988028485154 3.341323865900024 3.331848928951533 3.322373992003042 3.312899055054551 3.3034241181060597 3.2939491811575685 3.2844742442090777 3.2749993072605865 3.2655243703120953 3.2560494333636045 3.247130410197619 3.2388056714350073 3.230480932672382 3.2221561939097705 3.2138314551471594 3.2055067163845483 3.197181977621937 3.1888572388593257 3.1805325000967146 3.172207761334103 3.163883022571492 3.1555582838088805 3.1472335450462694 3.1389088062836583 3.130584067521047 3.1222593287584215 3.1139345899958104 3.105609851233199 3.097285112470588 3.0889603737079763 3.080635634945365 3.072310896182754 3.0639861574201426 3.0556614186575315 3.0473366798949204 3.039011941132309 3.030687202369698 3.0223624636070863 3.014037724844461 3.00571298608185
3.3723017493450125 3.362862340610814 3.3534229318766156 3.343983523142401 3.334544114408203 3.3251047056740046 3.315665296939806 3.3062258882056077 3.2967864794714092 3.287347070737211 3.2779076620030128 3.2684682532688143 3.259028844534616 3.249589435800418 3.2407114576017464 3.2324336613401696 3.224155865078579 3.2158780688170028 3.2076002725554265 3.19932247629385 3.191044680032274 3.1827668837706975 3.1744890875091207 3.1662112912475444 3.157933494985968 3.1496556987243918 3.1413779024628155 3.1331001062012387 3.1248223099396624 3.116544513678072 3.1082667174164955 3.099988921154919 3.091711124893343 3.0834333286317666 3.07515553237019 3.0668777361086135 3.058599939847037 3.050322143585461 3.0420443473238845 3.0337665510623077 3.0254887548007314 3.017210958539155 3.0089331622775646 3.0006553660159883
3.366642179217477 3.3572244547151655 3.347806730212854 3.338389005710526 3.3289712812082146 3.319553556705903 3.310135832203591 3.3007181077012797 3.2913003831989682 3.2818826586966567 3.272464934194345 3.2630472096920333 3.253629485189722 3.24421176068741 3.235363196073044 3.2271230762482777 3.2188829564234975 3.2106428365987316 3.2024027167739653 3.1941625969491994 3.1859224771244334 3.177682357299667 3.169442237474901 3.1612021176501353 3.152961997825369 3.144721878000603 3.136481758175837 3.1282416383510707 3.120001518526305 3.1117613987015247 3.1035212788767588 3.0952811590519924 3.0870410392272265 3.07880091940246 3.0705607995776942 3.0623206797529283 3.054080559928162 3.045840440103396 3.03760032027863 3.029360200453864 3.021120080629098 3.012879960804332 3.004639840979552 2.9963997211547855
3.3623319220402195 3.3529210834252994 3.343510244810379 3.3340994061954423 3.324688567580522 3.3152777289656017 3.305866890350681 3.2964560517357606 3.2870452131208405 3.27763437450592 3.2682235358909995 3.2588126972760794 3.249401858661159 3.2399910200462383 3.231159435800959 3.2229470875744615 3.2147347393479495 3.2065223911214518 3.1983100428949536 3.190097694668456 3.181885346441958 3.1736729982154603 3.165460649988962 3.1572483017624644 3.1490359535359667 3.1408236053094685 3.1326112570829707 3.124398908856473 3.116186560629975 3.1079742124034633 3.099761864176965 3.0915495159504673 3.0833371677239696 3.0751248194974714 3.0669124712709737 3.058700123044476 3.050487774817978 3.04227542659148 3.0340630783649822 3.0258507301384845 3.0176383819119863 3.0094260336854886 3.0012136854589766 2.993001337232479
3.3580216648629584 3.348617712135429 3.3392137594079 3.3298098066803545 3.3204058539528254 3.3110019012252963 3.301597948497767 3.292193995770238 3.2827900430427093 3.2733860903151797 3.263982137587651 3.2545781848601214 3.2451742321325927 3.2357702794050636 3.2269556755288713 3.2187710989006417 3.210586522272398 3.2024019456441684 3.194217369015939 3.1860327923877088 3.177848215759479 3.1696636391312496 3.16147906250302 3.1532944858747904 3.1451099092465604 3.136925332618331 3.1287407559901013 3.1205561793618717 3.1123716027336417 3.1041870261053983 3.0960024494771687 3.0878178728489387 3.079633296220709 3.0714487195924796 3.06326414296425 3.0550795663360204 3.0468949897077904 3.038710413079561 3.0305258364513312 3.0223412598231016 3.014156683194872 3.005972106566642 2.9977875299383987 2.989602953310169
3.3537114076857004 3.3443143408455627 3.3349172740054245 3.3255202071652707 3.316123140325133 3.306726073484995 3.297329006644857 3.2879319398047193 3.278534872964581 3.2691378061244434 3.2597407392843056 3.2503436724441674 3.2409466056040297 3.231549538763892 3.2227519152567865 3.214595110226825 3.20643830519685 3.1982815001668885 3.190124695136927 3.1819678901069652 3.173811085077004 3.1656542800470424 3.157497475017081 3.1493406699871196 3.141183864957158 3.1330270599271968 3.124870254897235 3.1167134498672735 3.108556644837312 3.100399839807337 3.092243034777375 3.0840862297474136 3.0759294247174522 3.067772619687491 3.0596158146575294 3.051459009627568 3.043302204597606 3.0351453995676447 3.0269885945376833 3.018831789507722 3.0106749844777605 3.002518179447799 2.9943613744178235 2.986204569387862
3.3494011505084424 3.340010969555696 3.3306207886029493 3.3212306076501865 3.3118404266974397 3.3024502457446934 3.2930600647919466 3.2836698838391998 3.274279702886453 3.2648895219337066 3.25549934098096 3.246109160028213 3.2367189790754667 3.22732879812272 3.2185481549847017 3.2104191215530085 3.2022900881213014 3.194161054689608 3.186032021257915 3.1779029878262213 3.169773954394528 3.161644920962835 3.1535158875311415 3.1453868540994483 3.137257820667755 3.129128787236062 3.1209997538043686 3.1128707203726753 3.104741686940982 3.0966126535092746 3.0884836200775814 3.080354586645888 3.072225553214195 3.0640965197825016 3.0559674863508084 3.047838452919115 3.039709419487422 3.0315803860557287 3.023451352624035 3.0153223191923417 3.0071932857606485 2.9990642523289552 2.9909352188972482 2.982806185465555
3.345090893331185 3.3357075982658295 3.326324303200474 3.3169410081351023 3.307557713069747 3.2981744180043915 3.288791122939036 3.2794078278736807 3.2700245328083253 3.26064123774297 3.2512579426776145 3.241874647612259 3.2324913525469037 3.2231080574815483 3.2143443947126173 3.2062431328791923 3.1981418710457534 3.1900406092123283 3.1819393473789033 3.1738380855454777 3.1657368237120527 3.1576355618786276 3.1495343000452025 3.1414330382117774 3.1333317763783524 3.1252305145449273 3.117129252711502 3.109027990878077 3.100926729044652 3.092825467211213 3.084724205377788 3.076622943544363 3.068521681710938 3.060420419877513 3.052319158044088 3.0442178962106627 3.0361166343772377 3.0280153725438126 3.0199141107103875 3.0118128488769624 3.0037115870435374 2.9956103252101123 2.987509063376673 2.979407801543248
3.340780636153927 3.331404226975963 3.322027817797999 3.3126514086200185 3.3032749994420545 3.29389859026409 3.284522181086126 3.2751457719081616 3.2657693627301976 3.2563929535522336 3.247016544374269 3.237640135196305 3.2282637260183407 3.2188873168403767 3.2101406344405325 3.2020671442053756 3.193993653970205 3.185920163735048 3.177846673499891 3.1697731832647347 3.1616996930295778 3.153626202794421 3.145552712559264 3.137479222324107 3.12940573208895 3.121332241853793 3.1132587516186363 3.1051852613834794 3.0971117711483225 3.089038280913152 3.080964790677995 3.072891300442838 3.064817810207681 3.056744319972524 3.0486708297373672 3.0405973395022103 3.0325238492670534 3.0244503590318965 3.0163768687967396 3.0083033785615827 3.000229888326426 2.992156398091269 2.984082907856098 2.9760094176209413
3.3364703789766694 3.3271008556860964 3.3177313323955238 3.3083618091049347 3.2989922858143617 3.2896227625237886 3.2802532392332155 3.270883715942643 3.26151419265207 3.252144669361497 3.2427751460709238 3.233405622780351 3.224036099489778 3.214666576199205 3.205936874168448 3.1978911555315594 3.189845436894657 3.181799718257768 3.1737539996208795 3.1657082809839907 3.157662562347102 3.149616843710213 3.141571125073325 3.133525406436436 3.1254796877995474 3.1174339691626587 3.10938825052577 3.101342531888881 3.0932968132519925 3.08525109461509 3.077205375978201 3.0691596573413125 3.0611139387044237 3.053068220067535 3.0450225014306462 3.0369767827937575 3.0289310641568687 3.02088534551998 3.0128396268830913 3.0047939082462025 2.9967481896093138 2.988702470972425 2.980656752335523 2.972611033698634
3.332160121799412 3.3227974843962302 3.3134348469930486 3.304072209589851 3.294709572186669 3.285346934783487 3.2759842973803055 3.266621659977124 3.257259022573942 3.2478963851707605 3.238533747767579 3.2291711103643967 3.219808472961215 3.2104458355580334 3.201733113896364 3.1937151668577433 3.185697219819109 3.1776792727804883 3.1696613257418678 3.161643378703247 3.1536254316646266 3.1456074846260065 3.137589537587386 3.1295715905487653 3.1215536435101447 3.113535696471524 3.1055177494329036 3.097499802394283 3.0894818553556624 3.0814639083170285 3.073445961278408 3.0654280142397874 3.057410067201167 3.0493921201625462 3.0413741731239257 3.033356226085305 3.0253382790466845 3.017320332008064 3.009302384969444 3.0012844379308232 2.9932664908922026 2.985248543853582 2.9772305968149477 2.969212649776327
3.3278498646221504 3.3184941131063597 3.3091383615905694 3.2997826100747627 3.2904268585589724 3.2810711070431817 3.2717153555273915 3.2623596040116007 3.2530038524958105 3.2436481009800198 3.2342923494642295 3.224936597948439 3.2155808464326485 3.206225094916858 3.197529353624275 3.189539178183923 3.181549002743557 3.1735588273032045 3.1655686518628525 3.1575784764225 3.1495883009821477 3.1415981255417953 3.133607950101443 3.125617774661091 3.1176275992207385 3.109637423780386 3.1016472483400337 3.0936570728996817 3.0856668974593293 3.077676722018963 3.069686546578611 3.0616963711382588 3.0537061956979064 3.045716020257554 3.037725844817202 3.0297356693768496 3.021745493936497 3.0137553184961448 3.0057651430557923 2.9977749676154404 2.989784792175088 2.9817946167347356 2.97380444129437 2.9658142658540174
3.3235396074448924 3.314190741816493 3.304841876188094 3.295493010559679 3.2861441449312796 3.2767952793028803 3.267446413674481 3.2580975480460816 3.2487486824176828 3.2393998167892835 3.230050951160884 3.220702085532485 3.2113532199040855 3.2020043542756866 3.1933255933521907 3.1853631895101064 3.177400785668009 3.1694383818259246 3.161475977983841 3.1535135741417566 3.1455511702996723 3.137588766457588 3.1296263626155043 3.12166395877342 3.113701554931336 3.105739151089252 3.097776747247168 3.0898143434050835 3.0818519395629993 3.0738895357209017 3.0659271318788175 3.0579647280367337 3.0500023241946495 3.042039920352565 3.0340775165104814 3.026115112668397 3.018152708826313 3.0101903049842287 3.002227901142145 2.9942654973000606 2.9863030934579764 2.978340689615892 2.9703782857737946 2.9624158819317103
3.319229350267635 3.309887370526627 3.300545390785619 3.291203411044595 3.2818614313035868 3.272519451562579 3.263177471821571 3.253835492080563 3.244493512339555 3.2351515325985467 3.225809552857539 3.216467573116531 3.207125593375523 3.197783613634515 3.1891218330801063 3.1811872008362903 3.173252568592461 3.165317936348645 3.157383304104829 3.149448671861013 3.141514039617197 3.1335794073733814 3.1256447751295653 3.117710142885749 3.1097755106419336 3.1018408783981175 3.0939062461543014 3.085971613910486 3.0780369816666697 3.0701023494228403 3.0621677171790243 3.054233084935208 3.0462984526913925 3.0383638204475765 3.030429188203761 3.0224945559599448 3.0145599237161287 3.0066252914723126 2.998690659228497 2.990756026984681 2.9828213947408653 2.974886762497049 2.96695213025322 2.9590174980094037
