Figures/CREST_Example_wjb_NSE/PETs/wjb.pet.20100913.asc
ncols            288
nrows            254
xllcorner        113.274861
yllcorner        31.4918055
cellsize         0.008333333333
NODATA_value     -9999
[rows 160 to 179 of 254, columns 44 to 87 of 288]
2.64288452835883 2.6400634358065975 2.637242343254365 2.6344212507021325 2.6316001581499 2.6287790655976675 2.625957973045435 2.6231368804932025 2.6203157879409655 2.617494695388733 2.6146736028365005 2.611852510284268 2.6090314177320355 2.606210325179803 2.6033892326275705 2.600568140075338 2.597747047523106 2.5949259549708734 2.592104862418641 2.5892837698664084 2.586462677314176 2.5836415847619385 2.580820492209706 2.5779993996574735 2.5751783071052414 2.572357214553009 2.5695361220007764 2.566715029448544 2.5638213558891616 2.560850091592365 2.557878827295569 2.5549075629987725 2.5519362987019765 2.54896503440518 2.545993770108379 2.5430225058115825 2.5400512415147865 2.53707997721799 2.534108712921194 2.5311374486243974 2.5281661843276013 2.5251949200308053 2.5222236557340088 2.5192523914372127
2.6387138550680445 2.6360294593481215 2.6333450636281985 2.6306606679082756 2.627976272188353 2.62529187646843 2.622607480748507 2.619923085028584 2.6172386893086568 2.614554293588734 2.6118698978688113 2.6091855021488883 2.6065011064289654 2.6038167107090424 2.60113231498912 2.598447919269197 2.595763523549274 2.593079127829351 2.5903947321094285 2.5877103363895055 2.5850259406695826 2.582341544949655 2.579657149229732 2.5769727535098097 2.5742883577898867 2.571603962069964 2.568919566350041 2.5662351706301183 2.563458475857967 2.560583111312466 2.5577077467669653 2.554832382221465 2.551957017675964 2.549081653130463 2.5462062885849575 2.5433309240394566 2.5404555594939557 2.5375801949484553 2.5347048304029545 2.5318294658574536 2.5289541013119528 2.526078736766452 2.523203372220951 2.5203280076754506
2.6345431817772584 2.6319954828896455 2.629447784002032 2.6269000851144186 2.6243523862268057 2.6218046873391923 2.619256988451579 2.616709289563966 2.614161590676348 2.611613891788735 2.6090661929011216 2.606518494013508 2.6039707951258952 2.601423096238282 2.598875397350669 2.5963276984630554 2.593779999575442 2.591232300687829 2.5886846018002156 2.5861369029126022 2.5835892040249893 2.5810415051373714 2.5784938062497584 2.575946107362145 2.5733984084745316 2.5708507095869186 2.5683030106993052 2.565755311811692 2.5630955958267725 2.560316131032567 2.5575366662383616 2.5547572014441564 2.551977736649951 2.549198271855746 2.546418807061536 2.5436393422673307 2.540859877473125 2.53808041267892 2.5353009478847146 2.5325214830905094 2.529742018296304 2.5269625535020985 2.5241830887078933 2.521403623913688
2.6303725084864693 2.6279615064311654 2.625550504375862 2.6231395023205586 2.620728500265255 2.6183174982099517 2.615906496154648 2.6134954940993445 2.611084492044037 2.608673489988733 2.6062624879334297 2.6038514858781263 2.601440483822823 2.599029481767519 2.5966184797122156 2.594207477656912 2.5917964756016088 2.5893854735463053 2.5869744714910015 2.584563469435698 2.5821524673803946 2.5797414653250867 2.5773304632697833 2.57491946121448 2.5725084591591765 2.570097457103873 2.567686455048569 2.5652754529932658 2.5627327157955775 2.560049150752668 2.557365585709758 2.5546820206668484 2.551998455623939 2.549314890581029 2.5466313255381143 2.5439477604952048 2.541264195452295 2.538580630409385 2.5358970653664756 2.5332135003235656 2.530529935280656 2.527846370237746 2.5251628051948365 2.522479240151927
2.6262018351956833 2.6239275299726894 2.6216532247496955 2.6193789195267017 2.6171046143037078 2.614830309080714 2.61255600385772 2.610281698634726 2.6080073934117283 2.6057330881887344 2.6034587829657405 2.6011844777427466 2.5989101725197528 2.596635867296759 2.594361562073765 2.592087256850771 2.589812951627777 2.587538646404783 2.585264341181789 2.582990035958795 2.5807157307358013 2.5784414255128034 2.5761671202898095 2.5738928150668157 2.571618509843822 2.569344204620828 2.567069899397834 2.56479559417484 2.5623698357643834 2.559782170472769 2.5571945051811547 2.5546068398895403 2.552019174597926 2.549431509306312 2.546843844014693 2.544256178723079 2.5416685134314645 2.53908084813985 2.536493182848236 2.533905517556622 2.5313178522650075 2.528730186973393 2.5261425216817788 2.5235548563901644
2.6220311619048973 2.619893553514213 2.6177559451235286 2.6156183367328447 2.6134807283421604 2.611343119951476 2.6092055115607917 2.6070679031701074 2.6049302947794195 2.602792686388735 2.600655077998051 2.5985174696073665 2.596379861216682 2.594242252825998 2.592104644435314 2.5899670360446296 2.5878294276539453 2.585691819263261 2.5835542108725766 2.5814166024818923 2.579278994091208 2.57714138570052 2.5750037773098358 2.5728661689191514 2.570728560528467 2.5685909521377828 2.566453343747099 2.5643157353564145 2.562006955733189 2.55951519019287 2.5570234246525514 2.5545316591122327 2.5520398935719135 2.549548128031595 2.5470563624912717 2.544564596950953 2.5420728314106342 2.5395810658703155 2.5370893003299964 2.5345975347896776 2.532105769249359 2.52961400370904 2.5271222381687215 2.5246304726284023
2.6178604886141117 2.615859577055737 2.613858665497362 2.611857753938988 2.609856842380613 2.607855930822238 2.6058550192638634 2.6038541077054886 2.6018531961471107 2.599852284588736 2.597851373030361 2.595850461471987 2.593849549913612 2.5918486383552373 2.5898477267968625 2.587846815238488 2.5858459036801134 2.5838449921217386 2.581844080563364 2.579843169004989 2.5778422574466147 2.5758413458882363 2.5738404343298615 2.571839522771487 2.5698386112131124 2.5678376996547376 2.565836788096363 2.563835876537988 2.5616440757019943 2.5592482099129708 2.5568523441239477 2.554456478334924 2.5520606125459007 2.5496647467568776 2.54726888096785 2.5448730151788266 2.5424771493898035 2.54008128360078 2.537685417811757 2.5352895520227334 2.5328936862337104 2.530497820444687 2.5281019546556633 2.5257060888666403
2.613689815323326 2.611825600597261 2.6099613858711956 2.608097171145131 2.6062329564190656 2.604368741693001 2.6025045269669356 2.6006403122408703 2.598776097514802 2.596911882788737 2.595047668062672 2.593183453336607 2.591319238610542 2.5894550238844767 2.587590809158412 2.5857265944323466 2.5838623797062814 2.5819981649802166 2.5801339502541514 2.578269735528086 2.5764055208020213 2.574541306075953 2.5726770913498878 2.570812876623823 2.5689486618977577 2.567084447171693 2.5652202324456277 2.5633560177195625 2.5612811956707997 2.558981229633072 2.556681263595344 2.554381297557616 2.5520813315198883 2.5497813654821604 2.5474813994444285 2.5451814334067007 2.542881467368973 2.540581501331245 2.538281535293517 2.535981569255789 2.5336816032180614 2.5313816371803335 2.5290816711426056 2.5267817051048778
2.60951914203254 2.607791624138785 2.6060641062450296 2.604336588351274 2.6026090704575187 2.600881552563763 2.5991540346700077 2.597426516776252 2.5956989988824937 2.593971480988738 2.5922439630949827 2.590516445201227 2.588788927307472 2.5870614094137165 2.585333891519961 2.5836063736262056 2.58187885573245 2.5801513378386947 2.578423819944939 2.5766963020511837 2.574968784157428 2.5732412662636697 2.571513748369914 2.5697862304761587 2.5680587125824035 2.566331194688648 2.5646036767948925 2.562876158901137 2.5609183156396056 2.558714249353173 2.5565101830667407 2.5543061167803085 2.552102050493876 2.5498979842074436 2.5476939179210074 2.5454898516345748 2.5432857853481425 2.5410817190617103 2.5388776527752777 2.5366735864888454 2.534469520202413 2.5322654539159806 2.530061387629548 2.5278573213431157
2.605348468741754 2.6037576476803084 2.6021668266188627 2.6005760055574165 2.598985184495971 2.597394363434525 2.595803542373079 2.5942127213116333 2.592621900250185 2.5910310791887388 2.589440258127293 2.5878494370658474 2.5862586160044017 2.5846677949429555 2.58307697388151 2.581486152820064 2.579895331758618 2.5783045106971723 2.5767136896357266 2.5751228685742804 2.5735320475128347 2.5719412264513863 2.57035040538994 2.5687595843284945 2.567168763267049 2.5655779422056026 2.563987121144157 2.5623963000827112 2.560555435608411 2.5584472690732745 2.5563391025381375 2.5542309360030004 2.5521227694678634 2.5500146029327264 2.547906436397586 2.5457982698624493 2.5436901033273123 2.5415819367921753 2.5394737702570382 2.5373656037219012 2.535257437186764 2.5331492706516276 2.5310411041164906 2.5289329375813536
2.6011777954509654 2.5997236712218292 2.598269546992693 2.596815422763557 2.5953612985344208 2.5939071743052846 2.5924530500761485 2.5909989258470123 2.589544801617874 2.5880906773887378 2.5866365531596016 2.5851824289304655 2.5837283047013293 2.582274180472193 2.580820056243057 2.579365932013921 2.5779118077847847 2.5764576835556485 2.5750035593265124 2.573549435097376 2.5720953108682405 2.5706411866391017 2.5691870624099655 2.5677329381808294 2.566278813951693 2.564824689722557 2.563370565493421 2.5619164412642847 2.5601925555772165 2.558180288793375 2.5561680220095337 2.5541557552256924 2.552143488441851 2.5501312216580097 2.5481189548741647 2.5461066880903234 2.544094421306482 2.5420821545226406 2.5400698877387993 2.538057620954958 2.5360453541711165 2.534033087387275 2.5320208206034334 2.530008553819592
2.597007122160179 2.5956896947633528 2.594372267366526 2.5930548399696995 2.591737412572873 2.5904199851760468 2.58910255777922 2.5877851303823936 2.5864677029855647 2.585150275588738 2.583832848191912 2.5825154207950853 2.5811979933982587 2.579880566001432 2.5785631386046055 2.5772457112077793 2.5759282838109527 2.574610856414126 2.5732934290172995 2.5719760016204734 2.5706585742236467 2.569341146826818 2.5680237194299913 2.5667062920331647 2.5653888646363385 2.564071437239512 2.5627540098426853 2.5614365824458587 2.559829675546022 2.5579133085134758 2.55599694148093 2.554080574448384 2.552164207415838 2.550247840383292 2.548331473350743 2.546415106318197 2.5444987392856513 2.542582372253105 2.5406660052205594 2.5387496381880137 2.5368332711554675 2.534916904122922 2.5330005370903756 2.53108417005783
2.5928364488693934 2.5916557183048767 2.5904749877403597 2.5892942571758426 2.588113526611326 2.586932796046809 2.585752065482292 2.5845713349177752 2.5833906043532564 2.5822098737887393 2.5810291432242223 2.5798484126597057 2.5786676820951886 2.5774869515306715 2.576306220966155 2.575125490401638 2.5739447598371212 2.572764029272604 2.571583298708087 2.5704025681435705 2.5692218375790534 2.5680411070145346 2.5668603764500175 2.565679645885501 2.564498915320984 2.5633181847564668 2.56213745419195 2.560956723627433 2.5594667955148274 2.557646328233577 2.5558258609523263 2.5540053936710763 2.5521849263898257 2.5503644591085752 2.5485439918273216 2.546723524546071 2.5449030572648206 2.5430825899835705 2.54126212270232 2.5394416554210695 2.537621188139819 2.5358007208585684 2.5339802535773184 2.532159786296068
2.5886657755786078 2.5876217418464003 2.586577708114193 2.585533674381986 2.5844896406497786 2.5834456069175715 2.582401573185364 2.581357539453157 2.5803135057209476 2.5792694719887406 2.578225438256533 2.577181404524326 2.5761373707921185 2.5750933370599114 2.574049303327704 2.573005269595497 2.5719612358632893 2.570917202131082 2.5698731683988747 2.5688291346666676 2.56778510093446 2.5667410672022513 2.5656970334700437 2.5646529997378367 2.563608966005629 2.562564932273422 2.5615208985412146 2.5604768648090075 2.5591039154836333 2.557379347953678 2.555654780423723 2.553930212893768 2.5522056453638133 2.550481077833858 2.5487565103039005 2.547031942773945 2.5453073752439903 2.5435828077140354 2.5418582401840806 2.5401336726541257 2.5384091051241704 2.5366845375942155 2.5349599700642607 2.533235402534306
2.584495102287822 2.5835877653879242 2.5826804284880267 2.581773091588129 2.580865754688231 2.5799584177883337 2.579051080888436 2.578143743988538 2.5772364070886393 2.5763290701887414 2.575421733288844 2.5745143963889463 2.5736070594890483 2.572699722589151 2.5717923856892533 2.5708850487893553 2.569977711889458 2.56907037498956 2.5681630380896623 2.5672557011897648 2.566348364289867 2.565441027389968 2.56453369049007 2.5636263535901724 2.562719016690275 2.561811679790377 2.5609043428904794 2.559997005990582 2.5587410354524387 2.557112367673779 2.55548369989512 2.55385503211646 2.5522263643378005 2.5505976965591413 2.548969028780479 2.5473403610018193 2.54571169322316 2.5440830254445004 2.5424543576658407 2.5408256898871815 2.539197022108522 2.537568354329862 2.535939686551203 2.5343110187725433
2.580324428997036 2.5795537889294478 2.5787831488618598 2.578012508794272 2.577241868726684 2.576471228659096 2.5757005885915074 2.5749299485239194 2.57415930845633 2.573388668388742 2.572618028321154 2.5718473882535657 2.5710767481859778 2.5703061081183898 2.569535468050802 2.568764827983214 2.5679941879156254 2.5672235478480374 2.5664529077804494 2.5656822677128615 2.5649116276452735 2.564140987577684 2.5633703475100957 2.5625997074425078 2.5618290673749198 2.561058427307332 2.560287787239744 2.5595171471721554 2.558378155421244 2.55684538739388 2.555312619366516 2.553779851339152 2.552247083311788 2.550714315284424 2.5491815472570574 2.5476487792296933 2.5461160112023293 2.5445832431749653 2.5430504751476013 2.5415177071202373 2.539984939092873 2.538452171065509 2.536919403038145 2.5353866350107808
2.5761537557062466 2.575519812470968 2.5748858692356897 2.5742519260004117 2.5736179827651333 2.572984039529855 2.5723500962945764 2.571716153059298 2.5710822098240187 2.5704482665887403 2.5698143233534623 2.569180380118184 2.5685464368829054 2.567912493647627 2.567278550412349 2.5666446071770705 2.566010663941792 2.5653767207065137 2.5647427774712352 2.5641088342359573 2.563474891000679 2.5628409477653995 2.562207004530121 2.5615730612948426 2.560939118059564 2.560305174824286 2.559671231589008 2.5590372883537293 2.558015275390049 2.5565784071139808 2.5551415388379124 2.553704670561844 2.552267802285775 2.550830934009707 2.549394065733636 2.5479571974575674 2.546520329181499 2.5450834609054307 2.5436465926293623 2.5422097243532935 2.540772856077225 2.5393359878011568 2.5378991195250884 2.5364622512490196
2.571983082415461 2.571485836012492 2.5709885896095233 2.570491343206555 2.569994096803586 2.5694968504006175 2.5689996039976486 2.5685023575946797 2.5680051111917104 2.5675078647887415 2.5670106183857726 2.566513371982804 2.5660161255798353 2.565518879176867 2.565021632773898 2.564524386370929 2.5640271399679606 2.5635298935649917 2.563032647162023 2.5625354007590544 2.5620381543560855 2.561540907953116 2.5610436615501473 2.5605464151471784 2.56004916874421 2.559551922341241 2.559054675938272 2.5585574295353037 2.557652395358855 2.556311426834082 2.5549704583093087 2.553629489784536 2.552288521259763 2.5509475527349896 2.5496065842102147 2.5482656156854415 2.5469246471606684 2.5455836786358956 2.5442427101111225 2.5429017415863493 2.5415607730615766 2.5402198045368034 2.5388788360120302 2.5375378674872575
2.5681628341613374 2.5677554147369146 2.567347995312492 2.5669405758880686 2.5665331564636458 2.566125737039223 2.5657183176148 2.5653108981903774 2.5649034787659537 2.564496059341531 2.564088639917108 2.5636812204926853 2.5632738010682625 2.5628663816438397 2.562458962219417 2.5620515427949937 2.561644123370571 2.561236703946148 2.5608292845217253 2.5604218650973025 2.5600144456728797 2.559607026248456 2.5591996068240332 2.5587921873996105 2.5583847679751877 2.557977348550765 2.557569929126342 2.5571625097019193 2.556359129021769 2.5551324568081233 2.5539057845944777 2.552679112380832 2.5514524401671865 2.5502257679535405 2.5489990957398927 2.547772423526247 2.5465457513126015 2.545319079098956 2.5440924068853104 2.5428657346716648 2.5416390624580187 2.540412390244373 2.5391857180307276 2.537959045817082
2.5647171681831233 2.564349474817912 2.5639817814527013 2.5636140880874905 2.5632463947222797 2.562878701357069 2.562511007991858 2.5621433146266472 2.5617756212614355 2.5614079278962247 2.561040234531014 2.560672541165803 2.5603048478005923 2.5599371544353815 2.5595694610701707 2.55920176770496 2.5588340743397486 2.558466380974538 2.558098687609327 2.557730994244116 2.5573633008789054 2.556995607513694 2.556627914148483 2.556260220783272 2.5558925274180613 2.5555248340528505 2.5551571406876397 2.554789447322429 2.554071338368567 2.5529786272289217 2.5518859160892764 2.550793204949631 2.549700493809986 2.5486077826703406 2.5475150715306936 2.5464223603910483 2.545329649251403 2.5442369381117578 2.5431442269721125 2.5420515158324672 2.540958804692822 2.5398660935531767 2.5387733824135315 2.537680671273886
