Figures/CREST_Example_wjb_NSE/PETs/wjb.pet.20090202.asc
ncols            288
nrows            254
xllcorner        113.274861
yllcorner        31.4918055
cellsize         0.008333333333
NODATA_value     -9999
[rows 76 to 94 of 254, columns 176 to 219 of 288]
0.9147532084511053 0.9145412827964967 0.914329357141888 0.9141174314872794 0.9139055058326708 0.9136935801780621 0.9134816545234532 0.9132697288688445 0.9130578032142359 0.9128458775596273 0.9126339519050186 0.91242202625041 0.9122101005958014 0.9119981749411927 0.9117862492865841 0.9115743236319754 0.9113602349738608 0.9111438340160566 0.9109274330582523 0.9107110321004478 0.9104946311426436 0.9102782301848394 0.9100618292270352 0.909845428269231 0.9096290273114268 0.9094126263536226 -9999.0 -9999.0 -9999.0 0.9085470225224058 0.9083306215646016 -9999.0 -9999.0 -9999.0 -9999.0 -9999.0 -9999.0 -9999.0 -9999.0 -9999.0 -9999.0 -9999.0 -9999.0 -9999.0
0.9161008676705538 0.9159144382900535 0.9157280089095532 0.9155415795290529 0.9153551501485525 0.9151687207680522 0.9149822913875516 0.9147958620070513 0.914609432626551 0.9144230032460506 0.9142365738655504 0.9140501444850501 0.9138637151045498 0.9136772857240495 0.9134908563435491 0.9133044269630488 0.9131069761742034 0.9128977432504602 0.9126885103267169 0.9124792774029733 0.91227004447923 0.9120608115554867 0.9118515786317434 0.9116423457080002 0.9114331127842569 0.9112238798605136 -9999.0 -9999.0 -9999.0 0.9103869481655404 0.9101777152417971 -9999.0 -9999.0 -9999.0 -9999.0 -9999.0 -9999.0 -9999.0 -9999.0 -9999.0 -9999.0 -9999.0 -9999.0 -9999.0
0.9174485268900022 0.9172875937836102 0.9171266606772183 0.9169657275708263 0.9168047944644342 0.9166438613580422 0.91648292825165 0.916321995145258 0.916161062038866 0.9160001289324741 0.915839195826082 0.91567826271969 0.915517329613298 0.915356396506906 0.915195463400514 0.9150345302941221 0.9148537173745461 0.9146516524848637 0.9144495875951814 0.9142475227054987 0.9140454578158163 0.9138433929261339 0.9136413280364516 0.9134392631467692 0.9132371982570868 0.9130351333674044 -9999.0 -9999.0 0.9124289386983573 0.912226873808675 0.9120248089189926 -9999.0 -9999.0 -9999.0 -9999.0 -9999.0 -9999.0 -9999.0 -9999.0 -9999.0 -9999.0 -9999.0 -9999.0 -9999.0
0.9187961861094518 0.9186607492771681 0.9185253124448844 0.9183898756126009 0.9182544387803172 0.9181190019480335 0.9179835651157496 0.9178481282834661 0.9177126914511824 0.9175772546188987 0.917441817786615 0.9173063809543315 0.9171709441220478 0.9170355072897641 0.9169000704574805 0.9167646336251969 0.9166004585748903 0.9164055617192688 0.9162106648636474 0.9160157680080256 0.9158208711524042 0.9156259742967827 0.9154310774411613 0.9152361805855398 0.9150412837299183 0.9148463868742969 0.9146514900186754 0.914456593163054 0.9142616963074326 0.9140667994518111 -9999.0 -9999.0 -9999.0 -9999.0 -9999.0 -9999.0 -9999.0 -9999.0 -9999.0 -9999.0 -9999.0 -9999.0 -9999.0 -9999.0
0.9201438453289001 0.9200339047707249 0.9199239642125495 0.9198140236543743 0.9197040830961989 0.9195941425380235 0.919484201979848 0.9193742614216727 0.9192643208634974 0.919154380305322 0.9190444397471468 0.9189344991889714 0.918824558630796 0.9187146180726208 0.9186046775144454 0.91849473695627 0.9183471997752329 0.9181594709536723 0.9179717421321119 0.917784013310551 0.9175962844889904 0.91740855566743 0.9172208268458694 0.9170330980243089 0.9168453692027483 0.9166576403811878 0.9164699115596272 0.9162821827380667 0.9160944539165062 0.9159067250949456 -9999.0 -9999.0 -9999.0 -9999.0 -9999.0 -9999.0 -9999.0 -9999.0 -9999.0 -9999.0 -9999.0 -9999.0 -9999.0 -9999.0
0.9214915045483487 0.9214070602642817 0.9213226159802147 0.9212381716961476 0.9211537274120807 0.9210692831280136 0.9209848388439464 0.9209003945598795 0.9208159502758124 0.9207315059917455 0.9206470617076785 0.9205626174236115 0.9204781731395445 0.9203937288554774 0.9203092845714105 0.9202248402873434 0.9200939409755756 0.919913380188076 0.9197328194005764 0.9195522586130764 0.9193716978255768 0.9191911370380772 0.9190105762505776 0.918830015463078 0.9186494546755783 0.9184688938880787 0.9182883331005791 0.9181077723130795 0.9179272115255799 0.9177466507380803 -9999.0 -9999.0 -9999.0 -9999.0 -9999.0 -9999.0 -9999.0 -9999.0 -9999.0 -9999.0 -9999.0 -9999.0 -9999.0 -9999.0
0.9228391637677971 0.9227802157578384 0.9227212677478797 0.922662319737921 0.9226033717279624 0.9225444237180036 0.9224854757080448 0.9224265276980862 0.9223675796881274 0.9223086316781688 0.9222496836682101 0.9221907356582514 0.9221317876482927 0.9220728396383341 0.9220138916283753 0.9219549436184167 0.9218406821759183 0.9216672894224796 0.9214938966690409 0.9213205039156018 0.9211471111621632 0.9209737184087244 0.9208003256552857 0.920626932901847 0.9204535401484083 0.9202801473949697 0.9201067546415309 0.9199333618880923 0.9197599691346535 -9999.0 -9999.0 -9999.0 -9999.0 -9999.0 -9999.0 -9999.0 -9999.0 -9999.0 -9999.0 -9999.0 -9999.0 -9999.0 -9999.0 -9999.0
0.9241868229872455 0.9241533712513952 0.9241199195155448 0.9240864677796945 0.924053016043844 0.9240195643079937 0.9239861125721434 0.9239526608362929 0.9239192091004426 0.9238857573645922 0.9238523056287419 0.9238188538928914 0.9237854021570411 0.9237519504211907 0.9237184986853404 0.92368504694949 0.923587423376261 0.9234211986568832 0.9232549739375054 0.9230887492181273 0.9229225244987496 0.9227562997793718 0.922590075059994 0.9224238503406161 0.9222576256212384 0.9220914009018606 0.9219251761824828 0.921758951463105 0.9215927267437272 -9999.0 -9999.0 -9999.0 -9999.0 -9999.0 -9999.0 -9999.0 -9999.0 -9999.0 -9999.0 -9999.0 -9999.0 -9999.0 -9999.0 -9999.0
0.925534482206694 0.925526526744952 0.9255185712832099 0.9255106158214679 0.9255026603597258 0.9254947048979837 0.9254867494362417 0.9254787939744996 0.9254708385127576 0.9254628830510155 0.9254549275892735 0.9254469721275315 0.9254390166657894 0.9254310612040474 0.9254231057423052 0.9254151502805632 0.9253341645766037 0.9251751078912868 0.9250160512059699 0.9248569945206527 0.9246979378353358 0.9245388811500189 0.9243798244647021 0.9242207677793852 0.9240617110940683 0.9239026544087515 0.9237435977234346 0.9235845410381177 0.9234254843528008 -9999.0 -9999.0 -9999.0 -9999.0 -9999.0 -9999.0 -9999.0 -9999.0 -9999.0 -9999.0 -9999.0 -9999.0 -9999.0 -9999.0 -9999.0
0.9268821414261436 0.9268996822385098 0.9269172230508761 0.9269347638632425 0.9269523046756087 0.926969845487975 0.9269873863003414 0.9270049271127077 0.9270224679250739 0.9270400087374402 0.9270575495498066 0.9270750903621728 0.9270926311745391 0.9271101719869055 0.9271277127992718 0.927145253611638 0.9270809057769478 0.9269290171256919 0.9267771284744359 0.9266252398231797 0.9264733511719238 0.9263214625206677 0.9261695738694118 0.9260176852181559 0.9258657965668999 0.9257139079156439 0.925562019264388 0.925410130613132 0.9252582419618761 0.9251063533106201 -9999.0 -9999.0 0.924650687356852 0.924498798705596 -9999.0 -9999.0 -9999.0 -9999.0 -9999.0 -9999.0 -9999.0 -9999.0 -9999.0 -9999.0
0.9282298006455919 0.9282728377320666 0.9283158748185412 0.9283589119050158 0.9284019489914904 0.928444986077965 0.9284880231644397 0.9285310602509144 0.9285740973373889 0.9286171344238636 0.9286601715103382 0.9287032085968128 0.9287462456832875 0.928789282769762 0.9288323198562366 0.9288753569427113 0.9288276469772905 0.9286829263600954 0.9285382057429004 0.9283934851257051 0.92824876450851 0.928104043891315 0.9279593232741199 0.927814602656925 0.9276698820397299 0.9275251614225348 0.9273804408053398 0.9272357201881447 0.9270909995709496 0.9269462789537547 0.9268015583365596 0.9266568377193646 0.9265121171021693 0.9263673964849742 0.9262226758677792 -9999.0 -9999.0 -9999.0 -9999.0 -9999.0 -9999.0 -9999.0 -9999.0 -9999.0
0.9295774598650405 0.9296459932256234 0.9297145265862063 0.9297830599467892 0.9298515933073722 0.9299201266679551 0.9299886600285382 0.9300571933891211 0.9301257267497041 0.9301942601102869 0.9302627934708699 0.9303313268314528 0.9303998601920358 0.9304683935526187 0.9305369269132017 0.9306054602737847 0.9305743881776332 0.9304368355944991 0.9302992830113649 0.9301617304282306 0.9300241778450964 0.9298866252619623 0.9297490726788281 0.929611520095694 0.92947396751256 0.9293364149294258 0.9291988623462917 0.9290613097631575 0.9289237571800234 0.9287862045968893 0.9286486520137551 0.928511099430621 0.9283735468474866 0.9282359942643525 0.9280984416812184 -9999.0 -9999.0 -9999.0 -9999.0 -9999.0 -9999.0 -9999.0 -9999.0 -9999.0
0.9309271438283976 0.9310073558285793 0.9310875678287609 0.9311677798289426 0.9312479918291243 0.9313282038293059 0.9314084158294877 0.9314886278296695 0.9315688398298511 0.9316490518300328 0.9317292638302145 0.9318094758303962 0.9318896878305778 0.9319698998307595 0.9320501118309412 0.9321303238311228 0.9321099431102182 0.9319820264944003 0.9318541098785824 0.9317261932627643 0.9315982766469464 0.9314703600311285 0.9313424434153106 0.9312145267994928 0.9310866101836749 0.930958693567857 0.9308307769520391 0.9307028603362212 0.9305749437204033 0.9304470271045854 0.9303191104887675 0.9301911938729496 0.9300632772571314 0.9299353606413135 0.9298074440254956 -9999.0 -9999.0 -9999.0 -9999.0 -9999.0 -9999.0 -9999.0 -9999.0 -9999.0
0.9322789921153366 0.9323561125750037 0.932433233034671 0.9325103534943382 0.9325874739540054 0.9326645944136726 0.9327417148733399 0.9328188353330071 0.9328959557926744 0.9329730762523415 0.9330501967120087 0.933127317171676 0.9332044376313431 0.9332815580910103 0.9333586785506776 0.9334357990103447 0.9334197532374928 0.9333041106540423 0.9331884680705916 0.9330728254871409 0.9329571829036902 0.9328415403202397 0.932725897736789 0.9326102551533385 0.9324946125698879 0.9323789699864373 0.9322633274029867 0.9321476848195361 0.9320320422360855 0.931916399652635 0.9318007570691843 0.9316851144857338 0.931569471902283 0.9314538293188324 0.9313381867353818 0.9312225441519312 -9999.0 -9999.0 -9999.0 -9999.0 -9999.0 -9999.0 -9999.0 -9999.0
0.9336308404022755 0.9337048693214283 0.933778898240581 0.9338529271597337 0.9339269560788864 0.9340009849980392 0.934075013917192 0.9341490428363448 0.9342230717554975 0.9342971006746502 0.934371129593803 0.9344451585129556 0.9345191874321084 0.9345932163512611 0.9346672452704139 0.9347412741895665 0.9347295633647674 0.9346261948136841 0.9345228262626009 0.9344194577115175 0.9343160891604342 0.9342127206093509 0.9341093520582676 0.9340059835071843 0.933902614956101 0.9337992464050178 0.9336958778539345 0.9335925093028512 0.9334891407517679 0.9333857722006846 0.9332824036496014 0.9331790350985181 0.9330756665474346 0.9329722979963513 0.932868929445268 0.9327655608941847 -9999.0 -9999.0 -9999.0 -9999.0 -9999.0 -9999.0 -9999.0 -9999.0
0.9349826886892146 0.9350536260678528 0.9351245634464911 0.9351955008251294 0.9352664382037676 0.9353373755824059 0.9354083129610442 0.9354792503396825 0.9355501877183208 0.935621125096959 0.9356920624755973 0.9357629998542355 0.9358339372328738 0.9359048746115121 0.9359758119901503 0.9360467493687886 0.9360393734920421 0.9359482789733262 0.9358571844546102 0.935766089935894 0.9356749954171781 0.9355839008984621 0.9354928063797461 0.9354017118610302 0.9353106173423141 0.9352195228235982 0.9351284283048822 0.9350373337861663 0.9349462392674502 0.9348551447487343 0.9347640502300183 0.9346729557113024 0.9345818611925862 0.9344907666738702 -9999.0 -9999.0 -9999.0 -9999.0 -9999.0 -9999.0 0.9338531050428583 -9999.0 0.9336709160054264 -9999.0
0.9363345369761548 0.9364023828142785 0.9364702286524023 0.9365380744905261 0.9366059203286499 0.9366737661667737 0.9367416120048975 0.9368094578430213 0.9368773036811451 0.9369451495192689 0.9370129953573927 0.9370808411955164 0.9371486870336402 0.937216532871764 0.9372843787098878 0.9373522245480116 0.9373491836193178 0.9372703631329692 0.9371915426466205 0.9371127221602717 0.9370339016739231 0.9369550811875744 0.9368762607012258 0.9367974402148771 0.9367186197285284 0.9366397992421798 0.9365609787558312 0.9364821582694826 0.9364033377831339 0.9363245172967852 0.9362456968104366 0.9361668763240879 0.9360880558377391 0.9360092353513905 -9999.0 -9999.0 -9999.0 -9999.0 -9999.0 0.9355363124332985 0.9354574919469498 0.9353786714606012 0.9352998509742525 -9999.0
0.9376863852630937 0.937751139560703 0.9378158938583123 0.9378806481559216 0.937945402453531 0.9380101567511403 0.9380749110487496 0.938139665346359 0.9382044196439683 0.9382691739415776 0.9383339282391869 0.9383986825367963 0.9384634368344055 0.9385281911320148 0.9385929454296241 0.9386576997272335 0.9386589937465925 0.9385924472926112 0.9385259008386297 0.9384593543846483 0.9383928079306669 0.9383262614766856 0.9382597150227042 0.9381931685687229 0.9381266221147416 0.9380600756607602 0.9379935292067789 0.9379269827527975 0.9378604362988162 0.9377938898448348 0.9377273433908535 0.9376607969368721 0.9375942504828907 0.9375277040289094 0.937461157574928 -9999.0 -9999.0 -9999.0 -9999.0 0.9371284253050213 0.9370618788510399 0.9369953323970586 0.9369287859430773 -9999.0
0.9390382335500327 0.9390998963071275 0.9391615590642224 0.9392232218213171 0.939284884578412 0.9393465473355068 0.9394082100926018 0.9394698728496966 0.9395315356067915 0.9395931983638863 0.9396548611209812 0.9397165238780759 0.9397781866351708 0.9398398493922656 0.9399015121493605 0.9399631749064553 0.939968803873867 0.939914531452253 0.939860259030639 0.9398059866090248 0.9397517141874108 0.9396974417657968 0.9396431693441828 0.9395888969225688 0.9395346245009547 0.9394803520793407 0.9394260796577266 0.9393718072361126 0.9393175348144985 0.9392632623928845 0.9392089899712704 0.9391547175496564 0.9391004451280422 0.9390461727064282 0.9389919002848142 0.9389376278632001 -9999.0 -9999.0 -9999.0 0.9387205381767441 0.93866626575513 0.938611993333516 0.9385577209119019 0.9385034484902879
