Figures/CREST_Example_wjb_NSE/PETs/wjb.pet.20090925.asc
ncols            288
nrows            254
xllcorner        113.274861
yllcorner        31.4918055
cellsize         0.008333333333
NODATA_value     -9999
[rows 20 to 39 of 254, columns 0 to 43 of 288]
-9999.0 -9999.0 -9999.0 -9999.0 -9999.0 -9999.0 -9999.0 -9999.0 -9999.0 -9999.0 -9999.0 -9999.0 -9999.0 -9999.0 -9999.0 -9999.0 -9999.0 -9999.0 -9999.0 -9999.0 -9999.0 -9999.0 -9999.0 2.236386338405751 2.23002853323144 2.2236707280571286 2.2173129228828063 2.210955117708495 2.204597312534184 2.198239507359873 2.191881702185561 2.18552389701125 2.179166091836939 2.1728082866626277 2.1664504814883165 2.1600926763140054 2.1537348711396938 2.1473770659653826 2.1410192607910714 2.1346614556167496 2.128303650442438 2.121945845268127 2.1156447054640704 2.1094041422215057
-9999.0 -9999.0 -9999.0 -9999.0 -9999.0 -9999.0 -9999.0 -9999.0 -9999.0 -9999.0 -9999.0 -9999.0 -9999.0 -9999.0 -9999.0 -9999.0 -9999.0 -9999.0 -9999.0 -9999.0 -9999.0 -9999.0 2.2425689229523287 2.2362424953466156 2.229916067740902 2.223589640135189 2.2172632125294647 2.2109367849237516 2.2046103573180384 2.198283929712325 2.1919575021066118 2.1856310745008987 2.179304646895185 2.172978219289472 2.166651791683759 2.1603253640780453 2.153998936472332 2.147672508866619 2.1413460812609055 2.1350196536551818 2.128693226049468 2.122366798443755 2.1160245358798644 2.1096653453877976
-9999.0 -9999.0 -9999.0 -9999.0 -9999.0 -9999.0 -9999.0 -9999.0 -9999.0 -9999.0 -9999.0 -9999.0 -9999.0 -9999.0 -9999.0 -9999.0 -9999.0 -9999.0 -9999.0 -9999.0 -9999.0 -9999.0 -9999.0 2.2360986522874797 2.2298036022503647 2.223508552213249 2.217213502176123 2.210918452139008 2.2046234021018924 2.1983283520647774 2.192033302027662 2.185738251990547 2.1794432019534313 2.1731481519163163 2.1668531018792008 2.1605580518420853 2.15426300180497 2.1479679517678547 2.1416729017307397 2.1353778516936135 2.129082801656498 2.122787751619383 2.116404366295658 2.109926548554089
-9999.0 -9999.0 -9999.0 -9999.0 -9999.0 -9999.0 -9999.0 -9999.0 -9999.0 -9999.0 -9999.0 -9999.0 -9999.0 -9999.0 -9999.0 -9999.0 -9999.0 -9999.0 -9999.0 -9999.0 -9999.0 -9999.0 2.2422184816968613 2.2359548092283443 2.229691136759827 2.2234274642913094 2.2171637918227813 2.210900119354264 2.204636446885747 2.1983727744172294 2.192109101948712 2.1858454294801946 2.1795817570116776 2.17331808454316 2.1670544120746427 2.160790739606125 2.154527067137608 2.1482633946690908 2.1419997222005733 2.1357360497320452 2.129472377263528 2.123208704795011 2.1167841967114516 2.11018775172038
-9999.0 -9999.0 -9999.0 -9999.0 -9999.0 -9999.0 -9999.0 -9999.0 -9999.0 -9999.0 -9999.0 -9999.0 -9999.0 -9999.0 -9999.0 -9999.0 -9999.0 -9999.0 -9999.0 -9999.0 -9999.0 -9999.0 2.242043261069128 2.2358109661692085 2.229578671269289 2.2233463763693697 2.2171140814694397 2.2108817865695203 2.204649491669601 2.1984171967696815 2.192184901869762 2.1859526069698427 2.1797203120699233 2.173488017170004 2.1672557222700846 2.161023427370165 2.154791132470246 2.1485588375703264 2.142326542670407 2.136094247770477 2.1298619528705576 2.123629657970638 2.117164027127245 2.1104489548866714
-9999.0 -9999.0 -9999.0 -9999.0 -9999.0 -9999.0 -9999.0 -9999.0 -9999.0 -9999.0 -9999.0 -9999.0 -9999.0 -9999.0 -9999.0 -9999.0 -9999.0 -9999.0 -9999.0 -9999.0 -9999.0 -9999.0 2.241868040441394 2.2356671231100727 2.2294662057787513 2.22326528844743 2.217064371116098 2.2108634537847767 2.2046625364534553 2.198461619122134 2.1922607017908127 2.186059784459491 2.1798588671281696 2.1736579497968482 2.167457032465527 2.1612561151342056 2.1550551978028842 2.148854280471563 2.1426533631402416 2.1364524458089096 2.130251528477588 2.1240506111462665 2.117543857543039 2.1107101580529632
-9999.0 -9999.0 -9999.0 -9999.0 -9999.0 -9999.0 -9999.0 -9999.0 -9999.0 -9999.0 -9999.0 -9999.0 -9999.0 -9999.0 -9999.0 -9999.0 2.278710058390001 2.272540518627278 2.266370978864554 2.260201439101831 2.2540318993391075 2.247862359576384 2.2416928198136605 2.2355232800509373 2.2293537402882135 2.2231842005254903 2.2170146607627563 2.210845121000033 2.2046755812373093 2.198506041474586 2.1923365017118623 2.186166961949139 2.179997422186416 2.1738278824236925 2.167658342660969 2.1614888028982455 2.155319263135522 2.1491497233727985 2.1429801836100753 2.1368106438473413 2.1306411040846176 2.1244715643218943 2.117923687958833 2.1109713612192547
-9999.0 -9999.0 -9999.0 -9999.0 -9999.0 -9999.0 -9999.0 -9999.0 -9999.0 -9999.0 -9999.0 -9999.0 -9999.0 -9999.0 -9999.0 -9999.0 2.2783465723506793 2.2722084101565536 2.2660702479624284 2.2599320857683027 2.2537939235741775 2.247655761380052 2.2415175991859266 2.2353794369918014 2.2292412747976758 2.2231031126035505 2.2169649504094147 2.210826788215289 2.2046886260211638 2.198550463827038 2.192412301632913 2.1862741394387872 2.180135977244662 2.1739978150505364 2.167859652856411 2.1617214906622855 2.1555833284681603 2.1494451662740346 2.1433070040799094 2.1371688418857735 2.131030679691648 2.1248925174975226 2.1183035183746264 2.111232564385546
-9999.0 -9999.0 -9999.0 -9999.0 -9999.0 -9999.0 -9999.0 -9999.0 -9999.0 -9999.0 -9999.0 -9999.0 -9999.0 -9999.0 -9999.0 2.285868097241076 2.279796247902741 2.273724398564407 2.267652549226072 2.2615806998877375 2.2555088505494028 2.249437001211068 2.2433651518727338 2.237293302534399 2.2312214531960644 2.2251496038577296 2.2190777545193847 2.21300590518105 2.2069340558427153 2.200862206504381 2.1947903571660463 2.1887185078277116 2.182646658489377 2.176574809151042 2.170502959812708 2.164431110474373 2.1583592611360385 2.1522874117977038 2.146215562459369 2.140143713121024 2.1340718637826894 2.128000014444355 2.1213943293154527 2.1142179616612546
-9999.0 -9999.0 -9999.0 -9999.0 -9999.0 -9999.0 -9999.0 -9999.0 -9999.0 -9999.0 -9999.0 -9999.0 -9999.0 -9999.0 -9999.0 2.2891522717242188 2.283184078860717 2.277215885997215 2.271247693133713 2.265279500270211 2.2593113074067093 2.253343114543207 2.247374921679705 2.2414067288162034 2.235438535952701 2.2294703430891993 2.2235021502256873 2.2175339573621855 2.2115657644986833 2.2055975716351814 2.1996293787716796 2.1936611859081774 2.1876929930446756 2.1817248001811738 2.1757566073176715 2.1697884144541697 2.163820221590668 2.157852028727166 2.151883835863664 2.145915643000152 2.13994745013665 2.1339792572731477 2.1273830074871363 2.1201153506562984
-9999.0 -9999.0 -9999.0 -9999.0 -9999.0 -9999.0 -9999.0 -9999.0 -9999.0 -9999.0 -9999.0 -9999.0 -9999.0 -9999.0 -9999.0 2.292436446207362 2.2865719098186927 2.2807073734300234 2.2748428370413545 2.268978300652685 2.263113764264016 2.2572492278753464 2.2513846914866775 2.245520155098008 2.239655618709339 2.2337910823206695 2.2279265459319904 2.222062009543321 2.2161974731546517 2.2103329367659823 2.2044684003773134 2.198603863988644 2.1927393275999747 2.1868747912113053 2.181010254822636 2.175145718433967 2.1692811820452977 2.1634166456566284 2.157552109267959 2.15168757287928 2.1458230364906106 2.139958500101941 2.1333716856588203 2.1260127396513426
-9999.0 -9999.0 -9999.0 -9999.0 -9999.0 -9999.0 -9999.0 -9999.0 -9999.0 -9999.0 -9999.0 -9999.0 -9999.0 -9999.0 -9999.0 2.295720620690505 2.2899597407766685 2.2841988608628316 2.278437980948995 2.2726771010351587 2.2669162211213223 2.2611553412074854 2.255394461293649 2.2496335813798125 2.2438727014659756 2.238111821552139 2.232350941638293 2.226590061724456 2.2208291818106196 2.215068301896783 2.2093074219829463 2.20354654206911 2.1977856621552734 2.192024782241437 2.1862639023276 2.1805030224137636 2.174742142499927 2.1689812625860903 2.163220382672254 2.1574595027584076 2.1516986228445707 2.1459377429307342 2.139360363830504 2.1319101286463864
-9999.0 -9999.0 -9999.0 -9999.0 -9999.0 -9999.0 -9999.0 -9999.0 -9999.0 -9999.0 -9999.0 -9999.0 -9999.0 -9999.0 2.3046620186126523 2.2990047951736483 2.2933475717346443 2.2876903482956403 2.2820331248566363 2.276375901417633 2.270718677978629 2.265061454539625 2.259404231100621 2.253747007661617 2.248089784222613 2.2424325607836093 2.2367753373445955 2.2311181139055916 2.2254608904665876 2.219803667027584 2.21414644358858 2.208489220149576 2.202831996710572 2.197174773271568 2.191517549832564 2.1858603263935605 2.1802031029545565 2.1745458795155526 2.1688886560765486 2.1632314326375353 2.1575742091985313 2.1519169857595273 2.1453490420021875 2.13780751764143
-9999.0 -9999.0 -9999.0 -9999.0 -9999.0 -9999.0 -9999.0 -9999.0 -9999.0 -9999.0 -9999.0 -9999.0 -9999.0 -9999.0 2.3078425366209654 2.3022889696567943 2.296735402692623 2.2911818357284517 2.2856282687642806 2.2800747018001095 2.2745211348359384 2.2689675678717673 2.2634140009075963 2.257860433943425 2.2523068669792536 2.2467533000150826 2.241199733050902 2.235646166086731 2.23009259912256 2.2245390321583884 2.2189854651942174 2.2134318982300463 2.207878331265875 2.202324764301704 2.196771197337533 2.191217630373362 2.185664063409191 2.1801104964450193 2.174556929480848 2.169003362516668 2.1634497955524967 2.157896228588325 2.151337720173876 2.1437049066364793
-9999.0 -9999.0 -9999.0 -9999.0 -9999.0 -9999.0 -9999.0 -9999.0 -9999.0 -9999.0 -9999.0 -9999.0 -9999.0 -9999.0 2.3110230546292754 2.305573144139937 2.3001232336505986 2.29467332316126 2.2892234126719218 2.283773502182583 2.2783235916932445 2.2728736812039063 2.2674237707145677 2.2619738602252295 2.256523949735891 2.2510740392465522 2.2456241287572047 2.240174218267866 2.2347243077785275 2.2292743972891893 2.2238244867998507 2.2183745763105125 2.212924665821174 2.2074747553318352 2.202024844842497 2.1965749343531584 2.19112502386382 2.1856751133744816 2.180225202885143 2.174775292395795 2.169325381906457 2.1638754714171182 2.1573263983455595 2.149602295631523
-9999.0 -9999.0 -9999.0 -9999.0 -9999.0 -9999.0 -9999.0 -9999.0 -9999.0 -9999.0 -9999.0 -9999.0 -9999.0 -9999.0 2.3142035726375862 2.3088573186230805 2.3035110646085744 2.2981648105940686 2.292818556579563 2.287472302565057 2.2821260485505515 2.2767797945360453 2.2714335405215396 2.266087286507034 2.260741032492528 2.2553947784780224 2.2500485244635073 2.2447022704490016 2.239356016434496 2.23400976241999 2.228663508405484 2.2233172543909783 2.2179710003764725 2.212624746361967 2.207278492347461 2.2019322383329554 2.196585984318449 2.1912397303039435 2.1858934762894378 2.1805472222749227 2.175200968260417 2.1698547142459113 2.163315076517243 2.155499684626567
-9999.0 -9999.0 -9999.0 -9999.0 -9999.0 -9999.0 -9999.0 -9999.0 -9999.0 -9999.0 -9999.0 -9999.0 -9999.0 2.3226266881855695 2.3173840906458962 2.3121414931062234 2.30689889556655 2.301656298026877 2.296413700487204 2.291171102947531 2.2859285054078575 2.2806859078681847 2.2754433103285114 2.2702007127888386 2.2649581152491653 2.259715517709492 2.25447292016981 2.249230322630137 2.243987725090464 2.238745127550791 2.2335025300111178 2.2282599324714445 2.2230173349317717 2.2177747373920984 2.212532139852425 2.2072895423127523 2.202046944773079 2.196804347233406 2.191561749693733 2.186319152154051 2.1810765546143775 2.1758339570747047 2.169303754688927 2.161397073621611
-9999.0 -9999.0 -9999.0 -9999.0 -9999.0 -9999.0 -9999.0 -9999.0 -9999.0 -9999.0 -9999.0 -9999.0 2.3308424907838967 2.3257035497190475 2.320564608654207 2.3154256675893663 2.310286726524526 2.3051477854596856 2.300008844394845 2.294869903330005 2.2897309622651645 2.2845920212003237 2.2794530801354833 2.274314139070643 2.2691751980058026 2.264036256940962 2.258897315876113 2.2537583748112726 2.2486194337464323 2.2434804926815914 2.238341551616751 2.2332026105519107 2.2280636694870704 2.22292472842223 2.217785787357389 2.212646846292549 2.2075079052277085 2.202368964162868 2.1972300230980277 2.1920910820331785 2.186952140968338 2.1818131999034978 2.1752924328606107 2.167294462616655
-9999.0 -9999.0 -9999.0 -9999.0 -9999.0 -9999.0 -9999.0 -9999.0 -9999.0 -9999.0 -9999.0 -9999.0 -9999.0 2.328780411252525 2.323745126662517 2.318709842072509 2.3136745574825017 2.308639272892494 2.303603988302486 2.2985687037124785 2.2935334191224706 2.2884981345324626 2.283462849942455 2.2784275653524473 2.2733922807624394 2.268356996172432 2.2633217115824156 2.2582864269924077 2.2532511424023998 2.2482158578123923 2.2431805732223844 2.2381452886323765 2.233110004042369 2.228074719452361 2.2230394348623532 2.2180041502723458 2.212968865682338 2.20793358109233 2.2028982965023225 2.197863011912306 2.1928277273222982 2.1877924427322903 2.1812811110322943 2.173191851611699
-9999.0 -9999.0 -9999.0 -9999.0 -9999.0 -9999.0 -9999.0 -9999.0 -9999.0 -9999.0 -9999.0 -9999.0 -9999.0 2.3318572727860025 2.3269256446708275 2.321994016555652 2.317062388440477 2.312130760325302 2.307199132210127 2.302267504094952 2.297335875979777 2.2924042478646016 2.2874726197494266 2.2825409916342516 2.2776093635190766 2.2726777354039016 2.267746107288718 2.2628144791735427 2.2578828510583677 2.2529512229431927 2.2480195948280177 2.2430879667128427 2.2381563385976677 2.2332247104824923 2.2282930823673173 2.2233614542521423 2.2184298261369673 2.2134981980217923 2.2085665699066173 2.2036349417914334 2.1987033136762584 2.1937716855610834 2.1872697892039774 2.179089240606743
