Figures/CREST_Example_wjb_NSE/PETs/wjb.pet.20101223.asc
ncols            288
nrows            254
xllcorner        113.274861
yllcorner        31.4918055
cellsize         0.008333333333
NODATA_value     -9999
[rows 114 to 132 of 254, columns 88 to 131 of 288]
0.7339306391676637 0.7350636234382166 0.7361966077087696 0.7373295919793246 0.7384625762498775 0.7395955605204305 0.7407285447909835 0.7418615290615365 0.7429945133320894 0.7441274976026424 0.7452604818731954 0.7463934661437484 0.7475264504143014 0.7486594346848544 0.7491813437916454 0.7490499997312335 0.7489186556708215 0.7487873116104097 0.7486559675499979 0.748524623489586 0.7483932794291742 0.7482619353687624 0.7481305913083506 0.7479992472479388 0.7478679031875269 0.7477365591271151 0.7476052150667033 0.7474738710062915 0.7473425269458797 0.7472111828854676 0.7470798388250558 0.746948494764644 0.7468171507042322 0.7466858066438203 0.7465544625834085 0.7464231185229967 0.7462917744625849 0.7461604304021731 0.7460290863417612 0.7458977422813494 0.7457663982209376 0.7456350541605258 0.7455037101001137 0.7453723660397019
0.7361045604836812 0.7372604931531265 0.7384164258225717 0.739572358492019 0.7407282911614643 0.7418842238309096 0.7430401565003548 0.7441960891698002 0.7453520218392454 0.7465079545086907 0.747663887178136 0.7488198198475813 0.7499757525170265 0.7511316851864719 0.7516612468591872 0.7515212037734001 0.7513811606876127 0.7512411176018257 0.7511010745160385 0.7509610314302514 0.7508209883444642 0.7506809452586771 0.7505409021728899 0.7504008590871029 0.7502608160013157 0.7501207729155286 0.7499807298297414 0.7498406867439543 0.7497006436581671 0.7495606005723798 0.7494205574865926 0.7492805144008056 0.7491404713150184 0.7490004282292313 0.7488603851434441 0.748720342057657 0.7485802989718698 0.7484402558860828 0.7483002128002956 0.7481601697145085 0.7480201266287213 0.7478800835429342 0.7477400404571468 0.7475999973713597
0.7382784817996987 0.7394573628680363 0.7406362439363738 0.7418151250047135 0.742994006073051 0.7441728871413886 0.7453517682097263 0.7465306492780638 0.7477095303464014 0.7488884114147389 0.7500672924830766 0.7512461735514141 0.7524250546197517 0.7536039356880894 0.7541411499267291 0.7539924078155668 0.753843665704404 0.7536949235932415 0.7535461814820791 0.7533974393709166 0.7532486972597542 0.7530999551485917 0.7529512130374293 0.7528024709262668 0.7526537288151045 0.7525049867039421 0.7523562445927796 0.7522075024816172 0.7520587603704547 0.7519100182592919 0.7517612761481295 0.751612534036967 0.7514637919258047 0.7513150498146423 0.7511663077034798 0.7510175655923174 0.7508688234811549 0.7507200813699925 0.75057133925883 0.7504225971476676 0.7502738550365051 0.7501251129253427 0.74997637081418 0.7498276287030176
0.7404524031157161 0.741654232582946 0.742856062050176 0.7440578915174079 0.7452597209846378 0.7464615504518677 0.7476633799190976 0.7488652093863274 0.7500670388535573 0.7512688683207872 0.7524706977880171 0.753672527255247 0.7548743567224769 0.7560761861897067 0.7566210529942711 0.7564636118577333 0.7563061707211953 0.7561487295846575 0.7559912884481198 0.755833847311582 0.7556764061750443 0.7555189650385065 0.7553615239019688 0.7552040827654309 0.7550466416288932 0.7548892004923554 0.7547317593558177 0.75457431821928 0.7544168770827422 0.7542594359462041 0.7541019948096664 0.7539445536731286 0.7537871125365909 0.7536296714000531 0.7534722302635154 0.7533147891269776 0.7531573479904399 0.7529999068539022 0.7528424657173644 0.7526850245808266 0.7525275834442888 0.7523701423077511 0.7522127011712131 0.7520552600346753
0.7421942201466573 0.7434065125010668 0.7446188048554764 0.7458310972098879 0.7470433895642975 0.7482556819187071 0.7494679742731166 0.7506802666275262 0.7518925589819357 0.7531048513363453 0.7543171436907549 0.7555294360451644 0.756741728399574 0.7579540207539835 0.7585030591348277 0.7583430640209641 0.7581830689071001 0.7580230737932364 0.7578630786793727 0.7577030835655091 0.7575430884516453 0.7573830933377816 0.757223098223918 0.7570631031100543 0.7569031079961905 0.7567431128823269 0.7565831177684632 0.7564231226545995 0.7562631275407359 0.7561031324268719 0.7559431373130082 0.7557831421991444 0.7556231470852808 0.7554631519714171 0.7553031568575534 0.7551431617436897 0.754983166629826 0.7548231715159623 0.7546631764020987 0.754503181288235 0.7543431861743712 0.7541831910605076 0.7540231959466436 0.7538632008327799
0.7434741449380433 0.7446835539547372 0.7458929629714309 0.7471023719881268 0.7483117810048207 0.7495211900215144 0.7507305990382082 0.751940008054902 0.7531494170715958 0.7543588260882896 0.7555682351049834 0.7567776441216773 0.757987053138371 0.7591964621550649 0.7597459511537115 0.7595899707314837 0.7594339903092557 0.759278009887028 0.7591220294648002 0.7589660490425725 0.7588100686203447 0.7586540881981171 0.7584981077758893 0.7583421273536616 0.7581861469314338 0.7580301665092061 0.7578741860869784 0.7577182056647507 0.7575622252425229 0.757406244820295 0.7572502643980672 0.7570942839758394 0.7569383035536118 0.756782323131384 0.7566263427091563 0.7564703622869285 0.7563143818647008 0.7561584014424731 0.7560024210202454 0.7558464405980176 0.7556904601757899 0.7555344797535622 0.7553784993313342 0.7552225189091065
0.7447540697294295 0.7459605954084075 0.7471671210873856 0.7483736467663656 0.7495801724453437 0.7507866981243217 0.7519932238032998 0.7531997494822779 0.7544062751612559 0.755612800840234 0.756819326519212 0.7580258521981901 0.7592323778771681 0.7604389035561462 0.7609888431725952 0.7608368774420033 0.7606849117114114 0.7605329459808196 0.7603809802502278 0.760229014519636 0.7600770487890443 0.7599250830584525 0.7597731173278607 0.759621151597269 0.7594691858666771 0.7593172201360854 0.7591652544054937 0.7590132886749018 0.7588613229443101 0.758709357213718 0.7585573914831263 0.7584054257525344 0.7582534600219427 0.7581014942913509 0.7579495285607591 0.7577975628301674 0.7576455970995756 0.7574936313689838 0.757341665638392 0.7571896999078003 0.7570377341772085 0.7568857684466167 0.7567338027160246 0.7565818369854329
0.7460339945208155 0.7472376368620779 0.7484412792033401 0.7496449215446045 0.7508485638858668 0.7520522062271291 0.7532558485683915 0.7544594909096537 0.755663133250916 0.7568667755921783 0.7580704179334405 0.7592740602747029 0.7604777026159651 0.7616813449572275 0.7622317351914788 0.762083784152523 0.7619358331135669 0.7617878820746111 0.7616399310356553 0.7614919799966995 0.7613440289577437 0.7611960779187879 0.761048126879832 0.7609001758408762 0.7607522248019204 0.7606042737629646 0.7604563227240088 0.7603083716850529 0.7601604206460971 0.7600124696071411 0.7598645185681853 0.7597165675292294 0.7595686164902736 0.7594206654513178 0.759272714412362 0.7591247633734062 0.7589768123344504 0.7588288612954945 0.7586809102565387 0.7585329592175829 0.7583850081786271 0.7582370571396713 0.7580891061007152 0.7579411550617594
0.7473139193122016 0.7485146783157481 0.7497154373192947 0.7509161963228433 0.7521169553263899 0.7533177143299364 0.754518473333483 0.7557192323370295 0.7569199913405761 0.7581207503441226 0.7593215093476692 0.7605222683512157 0.7617230273547623 0.7629237863583088 0.7634746272103624 0.7633306908630426 0.7631867545157225 0.7630428181684026 0.7628988818210828 0.7627549454737629 0.7626110091264431 0.7624670727791232 0.7623231364318034 0.7621792000844835 0.7620352637371637 0.7618913273898438 0.761747391042524 0.7616034546952041 0.7614595183478842 0.7613155820005642 0.7611716456532442 0.7610277093059244 0.7608837729586045 0.7607398366112847 0.7605959002639648 0.760451963916645 0.7603080275693251 0.7601640912220052 0.7600201548746854 0.7598762185273655 0.7597322821800457 0.7595883458327258 0.7594444094854058 0.7593004731380859
0.7485938441035878 0.7497917197694185 0.7509895954352493 0.7521874711010821 0.7533853467669129 0.7545832224327437 0.7557810980985745 0.7569789737644053 0.7581768494302361 0.7593747250960668 0.7605726007618977 0.7617704764277284 0.7629683520935593 0.76416622775939 0.764717519229246 0.7645775975735621 0.764437675917878 0.7642977542621942 0.7641578326065103 0.7640179109508264 0.7638779892951425 0.7637380676394585 0.7635981459837746 0.7634582243280907 0.7633183026724069 0.763178381016723 0.7630384593610391 0.7628985377053552 0.7627586160496713 0.7626186943939871 0.7624787727383032 0.7623388510826193 0.7621989294269355 0.7620590077712516 0.7619190861155677 0.7617791644598838 0.7616392428041998 0.7614993211485159 0.761359399492832 0.7612194778371482 0.7610795561814643 0.7609396345257804 0.7607997128700963 0.7606597912144123
0.7498737688949749 0.75106876122309 0.752263753551205 0.753458745879322 0.7546537382074371 0.7558487305355521 0.7570437228636672 0.7582387151917822 0.7594337075198972 0.7606286998480123 0.7618236921761273 0.7630186845042424 0.7642136768323574 0.7654086691604725 0.7659604112481309 0.7658245042840829 0.7656885973200347 0.7655526903559868 0.7654167833919389 0.7652808764278909 0.765144969463843 0.7650090624997951 0.7648731555357471 0.7647372485716992 0.7646013416076513 0.7644654346436033 0.7643295276795554 0.7641936207155074 0.7640577137514595 0.7639218067874113 0.7637858998233634 0.7636499928593155 0.7635140858952675 0.7633781789312196 0.7632422719671716 0.7631063650031237 0.7629704580390758 0.7628345510750278 0.7626986441109799 0.762562737146932 0.762426830182884 0.7622909232188361 0.762155016254788 0.76201910929074
0.751153693686361 0.7523458026767603 0.7535379116671596 0.7547300206575609 0.7559221296479601 0.7571142386383595 0.7583063476287587 0.759498456619158 0.7606905656095573 0.7618826745999566 0.7630747835903559 0.7642668925807552 0.7654590015711544 0.7666511105615537 0.7672033032670145 0.7670714109946025 0.7669395187221902 0.7668076264497783 0.7666757341773663 0.7665438419049544 0.7664119496325423 0.7662800573601304 0.7661481650877184 0.7660162728153065 0.7658843805428944 0.7657524882704825 0.7656205959980705 0.7654887037256586 0.7653568114532465 0.7652249191808344 0.7650930269084224 0.7649611346360105 0.7648292423635984 0.7646973500911864 0.7645654578187745 0.7644335655463624 0.7643016732739505 0.7641697810015385 0.7640378887291266 0.7639059964567145 0.7637741041843026 0.7636422119118906 0.7635103196394785 0.7633784273670664
0.7524336184777471 0.7536228441304307 0.7548120697831142 0.7560012954357997 0.7571905210884833 0.7583797467411668 0.7595689723938504 0.7607581980465339 0.7619474236992174 0.763136649351901 0.7643258750045845 0.765515100657268 0.7667043263099516 0.7678935519626351 0.7684461952858982 0.7683183177051222 0.7681904401243459 0.76806256254357 0.7679346849627939 0.7678068073820179 0.7676789298012419 0.7675510522204658 0.7674231746396898 0.7672952970589138 0.7671674194781377 0.7670395418973618 0.7669116643165858 0.7667837867358097 0.7666559091550337 0.7665280315742574 0.7664001539934814 0.7662722764127053 0.7661443988319293 0.7660165212511534 0.7658886436703773 0.7657607660896013 0.7656328885088253 0.7655050109280492 0.7653771333472732 0.7652492557664972 0.7651213781857211 0.7649935006049452 0.7648656230241689 0.7647377454433929
0.7537135432691332 0.754899885584101 0.7560862278990688 0.7572725702140386 0.7584589125290063 0.7596452548439742 0.7608315971589419 0.7620179394739097 0.7632042817888774 0.7643906241038453 0.765576966418813 0.7667633087337808 0.7679496510487486 0.7691359933637164 0.7696890873047818 0.7695652244156418 0.7694413615265016 0.7693174986373614 0.7691936357482214 0.7690697728590813 0.7689459099699413 0.7688220470808012 0.7686981841916611 0.768574321302521 0.768450458413381 0.7683265955242409 0.7682027326351009 0.7680788697459608 0.7679550068568207 0.7678311439676805 0.7677072810785404 0.7675834181894003 0.7674595553002602 0.7673356924111202 0.7672118295219801 0.7670879666328401 0.7669641037436999 0.7668402408545599 0.7667163779654199 0.7665925150762798 0.7664686521871398 0.7663447892979997 0.7662209264088594 0.7660970635197193
0.7549934680605194 0.7561769270377714 0.7573603860150234 0.7585438449922774 0.7597273039695295 0.7609107629467815 0.7620942219240335 0.7632776809012856 0.7644611398785375 0.7656445988557895 0.7668280578330415 0.7680115168102936 0.7691949757875456 0.7703784347647976 0.7709319793236655 0.7708121311261614 0.7706922829286571 0.770572434731153 0.7704525865336489 0.7703327383361448 0.7702128901386407 0.7700930419411366 0.7699731937436325 0.7698533455461284 0.7697334973486243 0.7696136491511202 0.7694938009536161 0.769373952756112 0.7692541045586079 0.7691342563611036 0.7690144081635994 0.7688945599660953 0.7687747117685912 0.7686548635710871 0.768535015373583 0.7684151671760789 0.7682953189785748 0.7681754707810707 0.7680556225835666 0.7679357743860625 0.7678159261885584 0.7676960779910543 0.76757622979355 0.7674563815960459
0.7562733928519054 0.7574539684914418 0.758634544130978 0.7598151197705163 0.7609956954100525 0.7621762710495887 0.7633568466891251 0.7645374223286613 0.7657179979681976 0.7668985736077338 0.7680791492472702 0.7692597248868064 0.7704403005263426 0.7716208761658789 0.7721748713425491 0.772059037836681 0.7719432043308126 0.7718273708249445 0.7717115373190764 0.7715957038132082 0.7714798703073401 0.7713640368014719 0.7712482032956037 0.7711323697897356 0.7710165362838675 0.7709007027779994 0.7707848692721312 0.770669035766263 0.7705532022603949 0.7704373687545265 0.7703215352486584 0.7702057017427902 0.7700898682369222 0.769974034731054 0.7698582012251858 0.7697423677193177 0.7696265342134495 0.7695107007075814 0.7693948672017132 0.769279033695845 0.769163200189977 0.7690473666841088 0.7689315331782405 0.7688156996723723
0.7575533176432916 0.7587310099451121 0.7599087022469326 0.7610863945487552 0.7622640868505757 0.7634417791523962 0.7646194714542167 0.7657971637560372 0.7669748560578578 0.7681525483596783 0.7693302406614988 0.7705079329633193 0.7716856252651398 0.7728633175669603 0.7734177633614329 0.7733059445472007 0.7731941257329683 0.7730823069187361 0.772970488104504 0.7728586692902717 0.7727468504760395 0.7726350316618074 0.7725232128475752 0.7724113940333429 0.7722995752191107 0.7721877564048786 0.7720759375906464 0.7719641187764142 0.771852299962182 0.7717404811479496 0.7716286623337174 0.7715168435194852 0.7714050247052531 0.7712932058910209 0.7711813870767886 0.7710695682625565 0.7709577494483243 0.7708459306340921 0.77073411181986 0.7706222930056277 0.7705104741913955 0.7703986553771633 0.770286836562931 0.7701750177486988
0.7588332424346788 0.7600080513987835 0.7611828603628883 0.762357669326995 0.7635324782910997 0.7647072872552045 0.7658820962193092 0.7670569051834141 0.7682317141475188 0.7694065231116235 0.7705813320757283 0.771756141039833 0.7729309500039379 0.7741057589680426 0.7746606553803175 0.7745528512577213 0.7744450471351249 0.7743372430125287 0.7742294388899325 0.7741216347673362 0.7740138306447399 0.7739060265221438 0.7737982223995475 0.7736904182769513 0.773582614154355 0.7734748100317589 0.7733670059091626 0.7732592017865664 0.7731513976639702 0.7730435935413738 0.7729357894187775 0.7728279852961814 0.7727201811735851 0.7726123770509888 0.7725045729283926 0.7723967688057964 0.7722889646832002 0.7721811605606039 0.7720733564380078 0.7719655523154115 0.7718577481928153 0.771749944070219 0.7716421399476227 0.7715343358250264
0.7601131672260648 0.7612850928524538 0.7624570184788428 0.7636289441052339 0.7648008697316229 0.7659727953580119 0.7671447209844009 0.7683166466107899 0.7694885722371789 0.7706604978635679 0.771832423489957 0.773004349116346 0.774176274742735 0.775348200369124 0.7759035473992013 0.775799757968241 0.7756959685372805 0.7755921791063203 0.77548838967536 0.7753846002443997 0.7752808108134395 0.7751770213824792 0.7750732319515189 0.7749694425205587 0.7748656530895984 0.7747618636586381 0.7746580742276779 0.7745542847967175 0.7744504953657573 0.7743467059347968 0.7742429165038366 0.7741391270728762 0.774035337641916 0.7739315482109558 0.7738277587799954 0.7737239693490352 0.773620179918075 0.7735163904871146 0.7734126010561544 0.7733088116251942 0.7732050221942338 0.7731012327632736 0.7729974433323131 0.7728936539013529
