Figures/CREST_Example_wjb_NSE/PETs/wjb.pet.20100625.asc
ncols            288
nrows            254
xllcorner        113.274861
yllcorner        31.4918055
cellsize         0.008333333333
NODATA_value     -9999
[rows 100 to 119 of 254, columns 44 to 87 of 288]
3.35180891691519 3.351716518373049 3.3516241198309085 3.3515317212887674 3.351439322746627 3.3513469242044858 3.351254525662345 3.351162127120204 3.351069728578063 3.3509773300359225 3.3508849314937814 3.350792532951641 3.3507001344094998 3.3506077358673587 3.350515337325218 3.350422938783077 3.3503305402409365 3.3502381416987954 3.350145743156655 3.3500533446145138 3.349960946072373 3.349868547530232 3.349776148988091 3.3496837504459505 3.3495913519038094 3.3494989533616684 3.3494065548195278 3.3493141562773867 3.3480577717543527 3.3455570599046096 3.343056348054866 3.3405556362051225 3.338054924355379 3.3355542125056354 3.333053500655888 3.3305527888061444 3.328052076956401 3.3255513651066573 3.3230506532569137 3.32054994140717 3.318049229557427 3.3155485177076836 3.31304780585794 3.3105470940081965
3.3456419323371693 3.3455748194047725 3.3455077064723757 3.3454405935399785 3.3453734806075817 3.3453063676751844 3.3452392547427876 3.345172141810391 3.3451050288779935 3.3450379159455963 3.3449708030131995 3.3449036900808027 3.3448365771484054 3.3447694642160086 3.3447023512836114 3.3446352383512146 3.3445681254188178 3.3445010124864205 3.3444338995540237 3.3443667866216265 3.3442996736892296 3.3442325607568324 3.3441654478244356 3.344098334892039 3.3440312219596415 3.3439641090272447 3.3438969960948475 3.3438298831624507 3.342593500362874 3.3401071416427 3.3376207829225257 3.335134424202352 3.3326480654821777 3.3301617067620035 3.3276753480418253 3.325188989321651 3.3227026306014773 3.320216271881303 3.317729913161129 3.3152435544409546 3.312757195720781 3.3102708370006066 3.3077844782804324 3.3052981195602587
3.339474947759149 3.339433120436496 3.3393912931138425 3.3393494657911895 3.3393076384685365 3.3392658111458835 3.33922398382323 3.339182156500577 3.339140329177924 3.3390985018552706 3.3390566745326176 3.3390148472099646 3.3389730198873115 3.338931192564658 3.338889365242005 3.338847537919352 3.338805710596699 3.3387638832740456 3.3387220559513926 3.3386802286287396 3.3386384013060866 3.338596573983433 3.33855474666078 3.338512919338127 3.3384710920154737 3.3384292646928206 3.3383874373701676 3.3383456100475146 3.337129228971395 3.3346572233807907 3.332185217790186 3.3297132121995814 3.3272412066089765 3.3247692010183716 3.3222971954277627 3.3198251898371582 3.3173531842465533 3.314881178655949 3.312409173065344 3.3099371674747395 3.3074651618841346 3.3049931562935297 3.3025211507029253 3.3000491451123204
3.333307963181128 3.333291421468219 3.33327487975531 3.3332583380424006 3.3332417963294914 3.333225254616582 3.333208712903673 3.3331921711907637 3.333175629477854 3.333159087764945 3.3331425460520356 3.3331260043391264 3.333109462626217 3.333092920913308 3.333076379200399 3.3330598374874896 3.3330432957745804 3.3330267540616707 3.3330102123487615 3.3329936706358523 3.332977128922943 3.332960587210034 3.3329440454971246 3.3329275037842154 3.332910962071306 3.332894420358397 3.3328778786454873 3.332861336932578 3.3316649575799167 3.329207305118881 3.326749652657846 3.3242920001968104 3.3218343477357752 3.31937669527474 3.3169190428137005 3.314461390352665 3.31200373789163 3.3095460854305943 3.307088432969559 3.304630780508524 3.3021731280474884 3.2997154755864533 3.2972578231254177 3.2948001706643826
3.327140978603108 3.3271497224999425 3.327158466396777 3.3271672102936116 3.327175954190446 3.327184698087281 3.3271934419841154 3.32720218588095 3.3272109297777845 3.327219673674619 3.3272284175714537 3.3272371614682883 3.327245905365123 3.3272546492619575 3.327263393158792 3.3272721370556266 3.327280880952461 3.3272896248492962 3.327298368746131 3.3273071126429654 3.3273158565398 3.3273246004366346 3.327333344333469 3.3273420882303038 3.3273508321271383 3.327359576023973 3.3273683199208075 3.327377063817642 3.3262006861884377 3.323757386856972 3.321314087525506 3.31887078819404 3.316427488862574 3.313984189531108 3.311540890199638 3.309097590868172 3.3066542915367063 3.30421099220524 3.3017676928737743 3.2993243935423084 3.2968810942108426 3.2944377948793764 3.2919944955479106 3.2895511962164448
3.320973994025082 3.321008023531661 3.3210420530382394 3.321076082544818 3.321110112051396 3.3211441415579745 3.3211781710645534 3.3212122005711318 3.32124623007771 3.3212802595842885 3.3213142890908673 3.3213483185974457 3.321382348104024 3.3214163776106025 3.3214504071171813 3.3214844366237597 3.321518466130338 3.3215524956369165 3.321586525143495 3.3216205546500737 3.321654584156652 3.3216886136632304 3.321722643169809 3.3217566726763876 3.321790702182966 3.3218247316895444 3.3218587611961228 3.3218927907027016 3.3207364147969547 3.318307468595058 3.3158785223931613 3.313449576191265 3.3110206299893683 3.308591683787472 3.3061627375855713 3.3037337913836744 3.301304845181778 3.2988758989798814 3.296446952777985 3.2940180065760885 3.291589060374192 3.2891601141722955 3.286731167970399 3.284302221768502
3.314807009447062 3.314866324563384 3.314925639679706 3.314984954796029 3.315044269912351 3.3151035850286736 3.315162900144996 3.315222215261318 3.3152815303776406 3.315340845493963 3.3154001606102854 3.3154594757266076 3.3155187908429298 3.3155781059592524 3.3156374210755746 3.315696736191897 3.3157560513082194 3.3158153664245416 3.315874681540864 3.3159339966571864 3.3159933117735085 3.316052626889831 3.3161119420061533 3.316171257122476 3.316230572238798 3.3162898873551208 3.316349202471443 3.316408517587765 3.3152721434054757 3.3128575503331485 3.3104429572608214 3.308028364188494 3.305613771116167 3.30319917804384 3.3007845849715087 3.2983699918991816 3.2959553988268544 3.2935408057545272 3.2911262126822 3.288711619609873 3.2862970265375457 3.2838824334652186 3.2814678403928914 3.2790532473205642
3.308640024869041 3.3087246255951075 3.3088092263211735 3.30889382704724 3.308978427773306 3.3090630284993723 3.3091476292254387 3.3092322299515047 3.309316830677571 3.3094014314036375 3.3094860321297035 3.30957063285577 3.309655233581836 3.3097398343079023 3.3098244350339683 3.3099090357600347 3.3099936364861007 3.310078237212167 3.3101628379382335 3.3102474386642995 3.310332039390366 3.3104166401164323 3.3105012408424983 3.3105858415685647 3.3106704422946307 3.310755043020697 3.310839643746763 3.3109242444728295 3.3098078720139976 3.30740763207124 3.305007392128482 3.302607152185724 3.3002069122429663 3.2978066723002084 3.2954064323574466 3.2930061924146887 3.290605952471931 3.288205712529173 3.2858054725864156 3.283405232643658 3.2810049927009 3.278604752758142 3.2762045128153843 3.2738042728726264
3.3024730402910207 3.3025829266268305 3.3026928129626407 3.302802699298451 3.302912585634261 3.303022471970071 3.303132358305881 3.3032422446416914 3.3033521309775016 3.3034620173133113 3.3035719036491216 3.303681789984932 3.303791676320742 3.3039015626565518 3.304011448992362 3.304121335328172 3.304231221663982 3.304341107999792 3.3044509943356024 3.3045608806714126 3.3046707670072224 3.3047806533430326 3.304890539678843 3.305000426014653 3.305110312350463 3.305220198686273 3.3053300850220833 3.3054399713578935 3.3043436006225186 3.30195771380933 3.299571826996142 3.2971859401829535 3.294800053369765 3.292414166556577 3.2900282797433844 3.287642392930196 3.2852565061170074 3.282870619303819 3.2804847324906308 3.2780988456774423 3.2757129588642537 3.2733270720510657 3.270941185237877 3.2685552984246886
3.296306055713 3.296441227658554 3.296576399604108 3.296711571549662 3.296846743495216 3.2969819154407696 3.2971170873863236 3.2972522593318776 3.297387431277432 3.2975226032229856 3.2976577751685396 3.2977929471140937 3.2979281190596477 3.2980632910052017 3.2981984629507557 3.2983336348963093 3.2984688068418633 3.2986039787874173 3.2987391507329713 3.2988743226785253 3.2990094946240793 3.2991446665696333 3.2992798385151874 3.2994150104607414 3.2995501824062954 3.2996853543518494 3.299820526297403 3.299955698242957 3.29887932923104 3.296507795547421 3.2941362618638017 3.291764728180183 3.2893931944965638 3.287021660812945 3.284650127129322 3.2822785934457026 3.279907059762084 3.2775355260784647 3.275163992394846 3.2727924587112267 3.2704209250276075 3.2680493913439888 3.2656778576603696 3.263306323976751
3.2901390711349796 3.2902995286902774 3.2904599862455752 3.290620443800873 3.290780901356171 3.2909413589114687 3.2911018164667665 3.2912622740220643 3.291422731577362 3.29158318913266 3.2917436466879577 3.2919041042432555 3.2920645617985533 3.292225019353851 3.292385476909149 3.2925459344644468 3.2927063920197446 3.2928668495750424 3.29302730713034 3.293187764685638 3.293348222240936 3.293508679796234 3.293669137351532 3.2938295949068297 3.2939900524621275 3.2941505100174253 3.294310967572723 3.294471425128021 3.293415057839561 3.2910578772855117 3.288700696731462 3.2863435161774124 3.2839863356233625 3.281629155069313 3.279271974515259 3.2769147939612098 3.27455761340716 3.2722004328531105 3.269843252299061 3.267486071745011 3.2651288911909617 3.262771710636912 3.2604145300828624 3.2580573495288125
3.2839720865569535 3.284157829721995 3.284343572887037 3.2845293160520788 3.2847150592171204 3.284900802382162 3.285086545547204 3.2852722887122456 3.2854580318772877 3.2856437750423293 3.285829518207371 3.2860152613724125 3.2862010045374546 3.286386747702496 3.2865724908675378 3.2867582340325794 3.286943977197621 3.287129720362663 3.2873154635277047 3.2875012066927463 3.287686949857788 3.28787269302283 3.2880584361878715 3.2882441793529136 3.288429922517955 3.288615665682997 3.2888014088480384 3.2889871520130805 3.287950786448078 3.2856079590235976 3.2832651315991175 3.2809223041746374 3.278579476750157 3.2762366493256767 3.2738938219011926 3.271550994476712 3.269208167052232 3.266865339627752 3.2645225122032713 3.262179684778791 3.259836857354311 3.2574940299298305 3.2551512025053504 3.2528083750808703
3.277805101978933 3.2780161307537186 3.278227159528504 3.27843818830329 3.278649217078075 3.278860245852861 3.2790712746276465 3.279282303402432 3.2794933321772177 3.2797043609520036 3.279915389726789 3.280126418501575 3.2803374472763602 3.2805484760511456 3.2807595048259315 3.280970533600717 3.2811815623755023 3.281392591150288 3.2816036199250735 3.281814648699859 3.282025677474645 3.2822367062494306 3.282447735024216 3.282658763799002 3.2828697925737873 3.2830808213485727 3.2832918501233586 3.283502878898144 3.282486515056599 3.2801580407616884 3.2778295664667776 3.275501092171867 3.2731726178769556 3.270844143582045 3.26851566928713 3.266187194992219 3.2638587206973084 3.2615302464023976 3.259201772107487 3.256873297812576 3.254544823517665 3.252216349222754 3.2498878749278433 3.2475594006329325
3.2716381174009124 3.271874431785442 3.272110746169971 3.272347060554501 3.27258337493903 3.2728196893235597 3.273056003708089 3.2732923180926186 3.273528632477148 3.273764946861678 3.274001261246207 3.2742375756307367 3.274473890015266 3.2747102043997955 3.2749465187843247 3.2751828331688544 3.2754191475533836 3.2756554619379132 3.2758917763224424 3.276128090706972 3.2763644050915013 3.2766007194760314 3.2768370338605606 3.2770733482450902 3.2773096626296194 3.277545977014149 3.2777822913986783 3.278018605783208 3.2770222436651206 3.274708122499779 3.2723940013344377 3.2700798801690962 3.2677657590037548 3.265451637838413 3.263137516673068 3.2608233955077264 3.258509274342385 3.2561951531770434 3.253881032011702 3.2515669108463605 3.249252789681019 3.2469386685156776 3.244624547350336 3.2423104261849947
3.2654711328228925 3.2657327328171655 3.265994332811439 3.2662559328057124 3.2665175327999854 3.266779132794259 3.2670407327885322 3.2673023327828052 3.267563932777079 3.2678255327713526 3.2680871327656256 3.268348732759899 3.2686103327541725 3.2688719327484455 3.269133532742719 3.2693951327369923 3.2696567327312653 3.269918332725539 3.270179932719812 3.270441532714085 3.2707031327083587 3.2709647327026325 3.2712263326969055 3.271487932691179 3.271749532685452 3.2720111326797254 3.272272732673999 3.272534332668272 3.271557972273642 3.26925820423787 3.266958436202098 3.2646586681663257 3.2623589001305535 3.2600591320947814 3.2577593640590057 3.2554595960232335 3.2531598279874614 3.2508600599516893 3.248560291915917 3.246260523880145 3.243960755844373 3.2416609878086007 3.2393612197728285 3.237061451737057
3.2593041482448717 3.259591033848889 3.259877919452906 3.2601648050569234 3.26045169066094 3.2607385762649574 3.2610254618689747 3.261312347472992 3.2615992330770096 3.2618861186810264 3.2621730042850436 3.262459889889061 3.262746775493078 3.2630336610970954 3.2633205467011126 3.2636074323051294 3.2638943179091466 3.264181203513164 3.264468089117181 3.2647549747211984 3.265041860325215 3.265328745929233 3.26561563153325 3.2659025171372673 3.2661894027412846 3.266476288345302 3.2667631739493186 3.267050059553336 3.266093700882163 3.2638082859759607 3.261522871069758 3.259237456163555 3.2569520412573523 3.25466662635115 3.252381211444943 3.2500957965387403 3.247810381632538 3.245524966726335 3.2432395518201322 3.2409541369139294 3.2386687220077266 3.236383307101524 3.2340978921953214 3.2318124772891186
3.2531371636668514 3.2534493348806124 3.253761506094373 3.254073677308134 3.254385848521895 3.254698019735656 3.255010190949417 3.255322362163178 3.2556345333769396 3.2559467045907007 3.2562588758044617 3.2565710470182228 3.256883218231984 3.257195389445745 3.257507560659506 3.257819731873267 3.258131903087028 3.258444074300789 3.25875624551455 3.259068416728311 3.259380587942072 3.2596927591558336 3.2600049303695946 3.2603171015833556 3.2606292727971167 3.2609414440108777 3.2612536152246387 3.2615657864384 3.2606294294906846 3.258358367714051 3.256087305937418 3.2538162441607845 3.251545182384151 3.249274120607518 3.2470030588308805 3.2447319970542474 3.242460935277614 3.240189873500981 3.2379188117243474 3.235647749947714 3.233376688171081 3.2311056263944473 3.228834564617814 3.2265635028411808
3.2469701790888306 3.2473076359123354 3.2476450927358402 3.247982549559345 3.24832000638285 3.248657463206355 3.24899492002986 3.249332376853365 3.24966983367687 3.250007290500375 3.25034474732388 3.2506822041473846 3.25101966097089 3.2513571177943947 3.2516945746178996 3.2520320314414044 3.2523694882649092 3.252706945088414 3.253044401911919 3.2533818587354237 3.2537193155589286 3.2540567723824343 3.254394229205939 3.254731686029444 3.255069142852949 3.2554065996764536 3.2557440564999585 3.2560815133234633 3.2551651580992056 3.252908449452142 3.2506517408050777 3.248395032158014 3.2461383235109498 3.243881614863886 3.2416249062168183 3.239368197569754 3.2371114889226904 3.2348547802756262 3.2325980716285625 3.2303413629814983 3.2280846543344346 3.2258279456873704 3.2235712370403067 3.2213145283932425
3.242426294715616 3.2427589940873363 3.243091693459056 3.2434243928307764 3.2437570922024963 3.2440897915742166 3.2444224909459365 3.244755190317657 3.2450878896893776 3.2454205890610974 3.2457532884328177 3.2460859878045376 3.246418687176258 3.246751386547978 3.247084085919698 3.247416785291418 3.2477494846631383 3.248082184034858 3.2484148834065785 3.2487475827782983 3.2490802821500187 3.2494129815217394 3.2497456808934593 3.2500783802651796 3.2504110796368995 3.2507437790086198 3.2510764783803396 3.25140917775206 3.250519374683429 3.2483226888701004 3.2461260030567725 3.2439293172434445 3.2417326314301165 3.2395359456167885 3.2373392598034565 3.2351425739901285 3.2329458881768005 3.2307492023634725 3.2285525165501445 3.226355830736816 3.224159144923488 3.22196245911016 3.219765773296832 3.217569087483504
3.2396174021360746 3.2399132299172435 3.2402090576984124 3.2405048854795817 3.2408007132607506 3.2410965410419195 3.2413923688230883 3.2416881966042577 3.241984024385427 3.242279852166596 3.242575679947765 3.242871507728934 3.243167335510103 3.243463163291272 3.243758991072441 3.24405481885361 3.244350646634779 3.244646474415948 3.244942302197117 3.245238129978286 3.245533957759455 3.2458297855406246 3.2461256133217935 3.2464214411029624 3.2467172688841313 3.2470130966653006 3.2473089244464695 3.2476047522276383 3.246748503313663 3.2446606583686646 3.2425728134236667 3.2404849684786683 3.2383971235336704 3.236309278588672 3.2342214336436705 3.2321335886986726 3.2300457437536743 3.2279578988086763 3.225870053863678 3.22378220891868 3.2216943639736817 3.2196065190286838 3.217518674083686 3.2154308291386875
