Figures/CREST_Example_wjb_NSE/PETs/wjb.pet.20100911.asc
ncols            288
nrows            254
xllcorner        113.274861
yllcorner        31.4918055
cellsize         0.008333333333
NODATA_value     -9999
[rows 120 to 139 of 254, columns 44 to 87 of 288]
3.209422713122547 3.208951881760499 3.208481050398452 3.2080102190364044 3.2075393876743568 3.2070685563123096 3.206597724950262 3.2061268935882143 3.2056560622261663 3.2051852308641187 3.204714399502071 3.2042435681400234 3.2037727367779762 3.2033019054159286 3.202831074053881 3.202360242691834 3.201889411329786 3.2014185799677386 3.200947748605691 3.200476917243644 3.200006085881596 3.1995352545195477 3.1990644231575005 3.198593591795453 3.1981227604334053 3.197651929071358 3.1971810977093105 3.196710266347263 3.1946760038551156 3.1909703981418764 3.1872647924286377 3.1835591867153985 3.1798535810021598 3.1761479752889206 3.1724423695756756 3.1687367638624364 3.1650311581491977 3.1613255524359585 3.1576199467227193 3.1539143410094805 3.1502087352962413 3.1465031295830026 3.1427975238697634 3.1390919181565247
3.208667354141945 3.208183706149452 3.2077000581569584 3.207216410164465 3.206732762171972 3.2062491141794784 3.205765466186985 3.205281818194492 3.2047981702019976 3.2043145222095046 3.203830874217011 3.2033472262245177 3.2028635782320247 3.2023799302395313 3.2018962822470383 3.201412634254545 3.2009289862620514 3.2004453382695583 3.199961690277065 3.1994780422845714 3.1989943942920784 3.198510746299584 3.198027098307091 3.1975434503145976 3.197059802322104 3.196576154329611 3.1960925063371177 3.1956088583446247 3.193588303595135 3.1899247607790127 3.1862612179628904 3.182597675146768 3.178934132330646 3.1752705895145237 3.1716070466983948 3.1679435038822725 3.1642799610661503 3.160616418250028 3.156952875433906 3.1532893326177835 3.1496257898016613 3.145962246985539 3.142298704169417 3.1386351613532946
3.207911995161343 3.207415530538404 3.2069190659154647 3.2064226012925254 3.2059261366695866 3.2054296720466473 3.2049332074237085 3.204436742800769 3.2039402781778294 3.20344381355489 3.2029473489319513 3.202450884309012 3.2019544196860728 3.201457955063134 3.2009614904401946 3.200465025817256 3.1999685611943165 3.1994720965713777 3.1989756319484384 3.198479167325499 3.1979827027025602 3.19748623807962 3.1969897734566812 3.196493308833742 3.195996844210803 3.195500379587864 3.195003914964925 3.1945074503419857 3.1925006033351537 3.188879123416148 3.1852576434971427 3.181636163578137 3.1780146836591316 3.174393203740126 3.1707717238211144 3.1671502439021086 3.1635287639831033 3.1599072840640976 3.1562858041450923 3.1526643242260866 3.149042844307081 3.1454213643880755 3.1417998844690698 3.1381784045500645
3.207156636180741 3.206647354927356 3.206138073673971 3.2056287924205864 3.2051195111672013 3.2046102299138166 3.2041009486604315 3.203591667407047 3.203082386153661 3.202573104900276 3.202063823646891 3.2015545423935063 3.2010452611401212 3.2005359798867365 3.200026698633352 3.1995174173799668 3.199008136126582 3.198498854873197 3.1979895736198123 3.197480292366427 3.1969710111130425 3.1964617298596565 3.195952448606272 3.1954431673528867 3.194933886099502 3.194424604846117 3.1939153235927322 3.193406042339347 3.191412903075173 3.187833486053284 3.1842540690313954 3.1806746520095066 3.177095234987618 3.173515817965729 3.169936400943834 3.166356983921945 3.1627775669000564 3.1591981498781676 3.155618732856279 3.15203931583439 3.148459898812501 3.1448804817906124 3.141301064768723 3.1377216477468344
3.2064012772001385 3.205879179316308 3.205357081432477 3.2048349835486465 3.2043128856648155 3.203790787780985 3.203268689897154 3.2027465920133236 3.2022244941294917 3.201702396245661 3.2011802983618307 3.2006582004779998 3.2001361025941693 3.1996140047103383 3.199091906826508 3.198569808942677 3.1980477110588463 3.1975256131750154 3.197003515291185 3.196481417407354 3.1959593195235234 3.195437221639692 3.194915123755861 3.1943930258720306 3.1938709279881996 3.193348830104369 3.192826732220538 3.1923046343367076 3.190325202815191 3.1867878486904186 3.183250494565647 3.1797131404408745 3.1761757863161026 3.172638432191331 3.1691010780665523 3.1655637239417804 3.1620263698170086 3.1584890156922363 3.1549516615674644 3.151414307442692 3.1478769533179203 3.144339599193148 3.140802245068376 3.1372648909436043
3.2056459182195365 3.20511100370526 3.2045760891909834 3.204041174676707 3.2035062601624307 3.202971345648154 3.2024364311338775 3.201901516619601 3.2013666021053235 3.200831687591047 3.2002967730767704 3.199761858562494 3.1992269440482177 3.198692029533941 3.1981571150196646 3.1976222005053883 3.1970872859911115 3.196552371476835 3.196017456962559 3.195482542448282 3.1949476279340057 3.194412713419728 3.1938777989054516 3.1933428843911753 3.1928079698768985 3.192273055362622 3.191738140848346 3.191203226334069 3.18923750255521 3.185742211327555 3.1822469200998995 3.178751628872244 3.175256337644589 3.1717610464169335 3.1682657551892723 3.164770463961617 3.1612751727339616 3.1577798815063063 3.154284590278651 3.1507892990509956 3.1472940078233402 3.143798716595685 3.1403034253680295 3.136808134140374
3.2048905592389345 3.2043428280942123 3.20379509694949 3.2032473658047675 3.2026996346600454 3.202151903515323 3.2016041723706006 3.2010564412258784 3.2005087100811553 3.199960978936433 3.1994132477917105 3.1988655166469884 3.198317785502266 3.1977700543575436 3.1972223232128214 3.1966745920680992 3.196126860923377 3.1955791297786544 3.1950313986339323 3.19448366748921 3.193935936344488 3.1933882051997644 3.1928404740550422 3.19229274291032 3.1917450117655974 3.1911972806208753 3.190649549476153 3.190101818331431 3.1881498022952295 3.1846965739646906 3.1812433456341522 3.1777901173036134 3.174336888973075 3.170883660642536 3.167430432311992 3.163977203981453 3.1605239756509147 3.157070747320376 3.1536175189898374 3.1501642906592986 3.14671106232876 3.143257833998222 3.139804605667683 3.1363513773371445
3.2041352002583325 3.2035746524831645 3.2030141047079965 3.202453556932828 3.20189300915766 3.201332461382492 3.200771913607324 3.200211365832156 3.1996508180569867 3.1990902702818187 3.1985297225066507 3.1979691747314827 3.1974086269563142 3.196848079181146 3.196287531405978 3.19572698363081 3.195166435855642 3.1946058880804737 3.1940453403053057 3.1934847925301377 3.1929242447549697 3.1923636969798004 3.1918031492046324 3.1912426014294644 3.1906820536542964 3.190121505879128 3.18956095810396 3.189000410328792 3.187062102035248 3.1836509366018264 3.1802397711684045 3.1768286057349826 3.1734174403015607 3.170006274868139 3.166595109434711 3.163183944001289 3.1597727785678673 3.1563616131344454 3.1529504477010235 3.1495392822676016 3.1461281168341797 3.1427169514007582 3.1393057859673363 3.1358946205339144
3.203379841277731 3.202806476872117 3.2022331124665033 3.2016597480608895 3.201086383655275 3.2005130192496614 3.1999396548440475 3.1993662904384337 3.198792926032819 3.1982195616272047 3.197646197221591 3.197072832815977 3.196499468410363 3.1959261040047493 3.1953527395991355 3.194779375193521 3.1942060107879073 3.1936326463822935 3.1930592819766797 3.192485917571066 3.191912553165452 3.191339188759837 3.190765824354223 3.190192459948609 3.1896190955429953 3.1890457311373814 3.1884723667317676 3.1878990023261533 3.185974401775267 3.182605299238962 3.1792361967026572 3.175867094166352 3.172497991630047 3.1691288890937415 3.1657597865574307 3.1623906840211258 3.1590215814848204 3.1556524789485154 3.15228337641221 3.148914273875905 3.1455451713396 3.1421760688032947 3.1388069662669897 3.1354378637306843
3.202624482297129 3.2020383012610694 3.2014521202250097 3.20086593918895 3.2002797581528903 3.1996935771168302 3.1991073960807705 3.198521215044711 3.1979350340086503 3.1973488529725906 3.196762671936531 3.1961764909004713 3.1955903098644116 3.1950041288283515 3.194417947792292 3.193831766756232 3.1932455857201725 3.192659404684113 3.192073223648053 3.1914870426119935 3.1909008615759338 3.1903146805398728 3.189728499503813 3.1891423184677534 3.1885561374316937 3.187969956395634 3.1873837753595744 3.1867975943235147 3.184886701515286 3.1815596618760975 3.178232622236909 3.174905582597721 3.1715785429585326 3.168251503319344 3.16492446368015 3.1615974240409614 3.158270384401773 3.1549433447625845 3.151616305123396 3.148289265484208 3.1449622258450196 3.141635186205831 3.1383081465666427 3.1349811069274542
3.201869123316527 3.2012701256500216 3.200671127983516 3.2000721303170105 3.199473132650505 3.1988741349839995 3.198275137317494 3.1976761396509885 3.197077141984482 3.1964781443179766 3.195879146651471 3.1952801489849656 3.19468115131846 3.1940821536519546 3.193483155985449 3.1928841583189436 3.192285160652438 3.1916861629859326 3.191087165319427 3.1904881676529215 3.189889169986416 3.189290172319909 3.1886911746534037 3.188092176986898 3.1874931793203927 3.186894181653887 3.1862951839873817 3.185696186320876 3.1837990012553052 3.1805140245132337 3.1772290477711618 3.1739440710290903 3.1706590942870188 3.167374117544947 3.1640891408028695 3.160804164060798 3.157519187318726 3.1542342105766545 3.1509492338345826 3.147664257092511 3.1443792803504396 3.1410943036083676 3.137809326866296 3.134524350124224
3.201113764335924 3.200501950038973 3.1998901357420215 3.19927832144507 3.198666507148119 3.1980546928511675 3.197442878554216 3.196831064257265 3.1962192499603126 3.1956074356633613 3.19499562136641 3.1943838070694586 3.1937719927725072 3.193160178475556 3.1925483641786045 3.191936549881653 3.191324735584702 3.1907129212877505 3.1901011069907996 3.1894892926938483 3.188877478396897 3.1882656640999443 3.187653849802993 3.1870420355060416 3.1864302212090907 3.1858184069121394 3.185206592615188 3.1845947783182367 3.182711300995323 3.179468387150368 3.1762254733054136 3.1729825594604586 3.1697396456155036 3.1664967317705486 3.1632538179255882 3.1600109040806332 3.1567679902356782 3.153525076390723 3.1502821625457686 3.1470392487008136 3.1437963348558586 3.1405534210109036 3.1373105071659486 3.134067593320994
3.2003584053553227 3.1997337744279255 3.1991091435005283 3.198484512573131 3.197859881645734 3.197235250718337 3.19661061979094 3.195985988863543 3.1953613579361444 3.1947367270087472 3.1941120960813505 3.1934874651539533 3.192862834226556 3.192238203299159 3.191613572371762 3.1909889414443646 3.1903643105169674 3.1897396795895703 3.189115048662173 3.1884904177347764 3.187865786807379 3.1872411558799807 3.186616524952584 3.185991894025187 3.1853672630977896 3.1847426321703924 3.1841180012429953 3.183493370315598 3.1816236007353424 3.1784227497875044 3.175221898839666 3.172021047891828 3.1688201969439898 3.1656193459961512 3.162418495048308 3.15921764410047 3.1560167931526313 3.152815942204793 3.149615091256955 3.1464142403091166 3.1432133893612786 3.1400125384134405 3.136811687465602 3.133610836517764
3.1996030463747207 3.1989655988168777 3.1983281512590347 3.1976907037011917 3.1970532561433487 3.196415808585506 3.195778361027663 3.19514091346982 3.194503465911976 3.193866018354133 3.19322857079629 3.192591123238447 3.191953675680604 3.1913162281227616 3.1906787805649186 3.1900413330070756 3.1894038854492326 3.1887664378913896 3.1881289903335466 3.187491542775704 3.186854095217861 3.186216647660017 3.185579200102174 3.184941752544331 3.184304304986488 3.183666857428645 3.183029409870802 3.1823919623129595 3.1805359004753613 3.1773771124246397 3.174218324373918 3.171059536323197 3.1679007482724755 3.164741960221754 3.161583172171027 3.1584243841203055 3.1552655960695843 3.152106808018863 3.148948019968141 3.1457892319174197 3.1426304438666985 3.139471655815977 3.1363128677652554 3.133154079714534
3.1988476873941187 3.19819742320583 3.197547159017541 3.1968968948292527 3.196246630640964 3.195596366452675 3.194946102264386 3.1942958380760977 3.1936455738878076 3.192995309699519 3.1923450455112303 3.1916947813229415 3.1910445171346526 3.1903942529463643 3.1897439887580754 3.1890937245697866 3.188443460381498 3.1877931961932093 3.1871429320049205 3.1864926678166317 3.1858424036283433 3.185192139440053 3.1845418752517647 3.183891611063476 3.183241346875187 3.182591082686898 3.1819408184986098 3.181290554310321 3.1794482002153805 3.176331475061776 3.173214749908171 3.1700980247545663 3.1669812996009616 3.1638645744473566 3.1607478492937466 3.157631124140142 3.1545143989865374 3.1513976738329323 3.1482809486793277 3.145164223525723 3.1420474983721185 3.1389307732185134 3.135814048064909 3.132697322911304
3.1980923284135168 3.197429247594782 3.1967661667760474 3.196103085957313 3.1954400051385785 3.194776924319844 3.1941138435011096 3.193450762682375 3.1927876818636394 3.1921246010449047 3.19146152022617 3.190798439407436 3.190135358588701 3.1894722777699664 3.188809196951232 3.1881461161324975 3.187483035313763 3.1868199544950286 3.186156873676294 3.1854937928575593 3.184830712038825 3.184167631220089 3.183504550401355 3.18284146958262 3.1821783887638855 3.1815153079451512 3.1808522271264166 3.180189146307682 3.1783604999553994 3.1752858376989113 3.172211175442423 3.1691365131859355 3.1660618509294474 3.1629871886729592 3.1599125264164662 3.156837864159978 3.15376320190349 3.150688539647002 3.1476138773905142 3.144539215134026 3.141464552877538 3.13838989062105 3.1353152283645622 3.132240566108074
3.197336969432915 3.1966610719837343 3.195985174534554 3.1953092770853737 3.194633379636193 3.193957482187013 3.1932815847378326 3.1926056872886526 3.191929789839471 3.1912538923902907 3.19057799494111 3.18990209749193 3.1892262000427496 3.1885503025935695 3.187874405144389 3.1871985076952085 3.1865226102460285 3.185846712796848 3.185170815347668 3.1844949178984874 3.183819020449307 3.1831431230001255 3.1824672255509454 3.181791328101765 3.181115430652585 3.1804395332034043 3.179763635754224 3.1790877383050438 3.1772727996954186 3.174240200336047 3.171207600976676 3.1681750016173047 3.1651424022579335 3.162109802898562 3.1590772035391854 3.1560446041798143 3.153012004820443 3.149979405461072 3.1469468061017003 3.143914206742329 3.140881607382958 3.1378490080235864 3.134816408664215 3.131783809304844
3.1965816104523124 3.195892896372686 3.19520418229306 3.194515468213434 3.1938267541338075 3.1931380400541816 3.192449325974555 3.1917606118949293 3.191071897815302 3.1903831837356758 3.1896944696560494 3.1890057555764235 3.188317041496797 3.1876283274171713 3.186939613337545 3.186250899257919 3.1855621851782927 3.1848734710986664 3.1841847570190405 3.183496042939414 3.1828073288597882 3.182118614780161 3.1814299007005347 3.1807411866209083 3.1800524725412824 3.179363758461656 3.17867504438203 3.177986330302404 3.1761850994354366 3.173194562973182 3.1702040265109273 3.167213490048673 3.1642229535864184 3.1612324171241637 3.158241880661904 3.15525134419965 3.1522608077373953 3.1492702712751406 3.1462797348128864 3.1432891983506317 3.140298661888377 3.137308125426123 3.134317588963868 3.1313270525016135
3.1958262514717104 3.1951247207616382 3.1944231900515665 3.1937216593414943 3.1930201286314226 3.1923185979213504 3.1916170672112787 3.1909155365012065 3.1902140057911335 3.1895124750810617 3.1888109443709896 3.188109413660918 3.1874078829508457 3.186706352240774 3.1860048215307017 3.18530329082063 3.184601760110558 3.183900229400486 3.1831986986904144 3.182497167980342 3.1817956372702705 3.181094106560197 3.1803925758501252 3.179691045140053 3.1789895144299813 3.1782879837199096 3.1775864530098374 3.1768849222997657 3.175097399175456 3.1721489256103177 3.16920045204518 3.1662519784800423 3.1633035049149045 3.160355031349767 3.1574065577846238 3.154458084219486 3.1515096106543483 3.1485611370892106 3.1456126635240724 3.1426641899589347 3.139715716393797 3.1367672428286593 3.1338187692635215 3.130870295698384
3.1950708924911084 3.1943565451505904 3.193642197810073 3.1929278504695553 3.1922135031290373 3.1914991557885197 3.1907848084480017 3.190070461107484 3.1893561137669653 3.1886417664264477 3.1879274190859297 3.187213071745412 3.186498724404894 3.1857843770643766 3.185070029723859 3.184355682383341 3.1836413350428234 3.182926987702306 3.182212640361788 3.1814982930212703 3.1807839456807523 3.1800695983402334 3.179355250999716 3.1786409036591983 3.1779265563186803 3.1772122089781627 3.1764978616376447 3.175783514297127 3.174009698915475 3.171103288247454 3.1681968775794327 3.1652904669114115 3.1623840562433907 3.1594776455753695 3.1565712349073434 3.1536648242393226 3.1507584135713014 3.14785200290328 3.144945592235259 3.142039181567238 3.139132770899217 3.1362263602311957 3.133319949563175 3.1304135388951537
