Figures/CREST_Example_wjb_NSE/PETs/wjb.pet.20100515.asc
ncols            288
nrows            254
xllcorner        113.274861
yllcorner        31.4918055
cellsize         0.008333333333
NODATA_value     -9999
[rows 200 to 219 of 254, columns 176 to 219 of 288]
1.4945977038089353 1.492602411462658 1.4906071191163806 1.4886118267701034 1.486616534423826 1.4846212420775489 1.4826259497312682 1.4806306573849908 1.4786353650387134 1.4766400726924362 1.4746447803461589 1.4726494879998817 1.4706541956536043 1.468658903307327 1.4666636109610498 1.4646683186147724 1.4622978438462781 1.4595262905793283 1.4567547373123781 1.4539831840454236 1.4512116307784735 1.4484400775115236 1.4456685242445737 1.4428969709776236 1.4401254177106737 1.4373538644437236 1.4345823111767737 1.4318107579098238 1.4290392046428737 1.4262676513759238 1.423496098108974 1.4207245448420238 1.4179529915750693 1.4151814383081192 1.4124098850411693 1.4096383317742194 1.4068667785072693 1.4040952252403194 1.4013236719733695 1.3985521187064194 1.3957805654394695 1.3930090121725196 1.3902374589055695 1.3874659056386196
1.4959137248297374 1.493846719228348 1.4917797136269586 1.4897127080255694 1.48764570242418 1.4855786968227906 1.483511691221398 1.4814446856200085 1.4793776800186191 1.47731067441723 1.4752436688158406 1.4731766632144512 1.4711096576130618 1.4690426520116726 1.4669756464102832 1.4649086408088938 1.4625177518409405 1.4597806242257483 1.4570434966105559 1.454306368995359 1.4515692413801666 1.4488321137649744 1.446094986149782 1.4433578585345896 1.4406207309193975 1.437883603304205 1.4351464756890129 1.4324093480738205 1.4296722204586283 1.426935092843436 1.4241979652282435 1.4214608376130513 1.4187237099978542 1.415986582382662 1.4132494547674697 1.4105123271522775 1.407775199537085 1.4050380719218927 1.4023009443067005 1.399563816691508 1.396826689076316 1.3940895614611235 1.3913524338459313 1.388615306230739
1.4972297458505393 1.4950910269940378 1.4929523081375364 1.4908135892810352 1.4886748704245338 1.4865361515680324 1.4843974327115275 1.482258713855026 1.4801199949985246 1.4779812761420232 1.475842557285522 1.4737038384290206 1.4715651195725192 1.4694264007160178 1.4672876818595166 1.4651489630030152 1.4627376598356028 1.460034957872168 1.4573322559087336 1.4546295539452943 1.4519268519818596 1.449224150018425 1.4465214480549904 1.4438187460915557 1.441116044128121 1.4384133421646865 1.4357106402012518 1.4330079382378171 1.4303052362743827 1.427602534310948 1.4248998323475133 1.4221971303840786 1.4194944284206394 1.4167917264572047 1.41408902449377 1.4113863225303356 1.4086836205669009 1.4059809186034662 1.4032782166400317 1.400575514676597 1.3978728127131623 1.3951701107497276 1.3924674087862932 1.3897647068228585
1.4985457668713413 1.4963353347597281 1.4941249026481147 1.4919144705365013 1.4897040384248879 1.4874936063132744 1.4852831742016572 1.4830727420900438 1.4808623099784304 1.478651877866817 1.4764414457552038 1.4742310136435903 1.472020581531977 1.4698101494203635 1.46759971730875 1.4653892851971366 1.4629575678302653 1.4602892915185883 1.4576210152069113 1.4549527388952297 1.4522844625835527 1.449616186271876 1.446947909960199 1.444279633648522 1.441611357336845 1.438943081025168 1.436274804713491 1.433606528401814 1.430938252090137 1.42826997577846 1.425601699466783 1.422933423155106 1.4202651468434246 1.4175968705317477 1.4149285942200707 1.4122603179083937 1.4095920415967167 1.4069237652850397 1.4042554889733627 1.401587212661686 1.398918936350009 1.396250660038332 1.393582383726655 1.390914107414978
1.4998617878921439 1.4975796425254184 1.495297497158693 1.4930153517919675 1.4907332064252419 1.4884510610585164 1.4861689156917872 1.4838867703250616 1.4816046249583361 1.4793224795916107 1.4770403342248852 1.4747581888581598 1.4724760434914343 1.470193898124709 1.4679117527579835 1.4656296073912578 1.4631774758249274 1.4605436251650081 1.4579097745050889 1.4552759238451651 1.4526420731852459 1.4500082225253266 1.4473743718654073 1.444740521205488 1.4421066705455687 1.4394728198856495 1.4368389692257302 1.434205118565811 1.4315712679058916 1.4289374172459723 1.426303566586053 1.4236697159261338 1.42103586526621 1.4184020146062908 1.4157681639463715 1.4131343132864522 1.410500462626533 1.4078666119666137 1.4052327613066944 1.402598910646775 1.3999650599868558 1.3973312093269366 1.3946973586670173 1.392063508007098
1.501177808912946 1.4988239502911085 1.496470091669271 1.4941162330474336 1.491762374425596 1.4894085158037584 1.487054657181917 1.4847007985600795 1.4823469399382418 1.4799930813164044 1.477639222694567 1.4752853640727295 1.4729315054508918 1.4705776468290543 1.4682237882072169 1.4658699295853794 1.46339738381959 1.4607979588114284 1.4581985338032666 1.4555991087951006 1.452999683786939 1.4504002587787774 1.4478008337706159 1.445201408762454 1.4426019837542925 1.440002558746131 1.4374031337379694 1.4348037087298078 1.432204283721646 1.4296048587134844 1.4270054337053228 1.4244060086971613 1.4218065836889953 1.4192071586808337 1.416607733672672 1.4140083086645103 1.4114088836563488 1.4088094586481872 1.4062100336400256 1.4036106086318638 1.4010111836237022 1.3984117586155407 1.395812333607379 1.3932129085992175
1.502493829933748 1.5000682580567983 1.4976426861798489 1.4952171143028994 1.4927915424259497 1.4903659705490002 1.4879403986720465 1.485514826795097 1.4830892549181474 1.4806636830411979 1.4782381111642484 1.4758125392872987 1.4733869674103492 1.4709613955333998 1.46853582365645 1.4661102517795006 1.463617291814252 1.4610522924578482 1.4584872931014443 1.455922293745036 1.453357294388632 1.450792295032228 1.448227295675824 1.4456622963194201 1.4430972969630163 1.4405322976066122 1.4379672982502083 1.4354022988938044 1.4328372995374004 1.4302723001809965 1.4277073008245926 1.4251423014681885 1.4225773021117802 1.4200123027553764 1.4174473033989725 1.4148823040425684 1.4123173046861646 1.4097523053297607 1.4071873059733566 1.4046223066169528 1.402057307260549 1.3994923079041448 1.396927308547741 1.394362309191337
1.5038098509545506 1.501312565822489 1.4988152806904274 1.4963179955583659 1.4938207104263042 1.4913234252942424 1.4888261401621767 1.486328855030115 1.4838315698980533 1.4813342847659918 1.4788369996339301 1.4763397145018686 1.473842429369807 1.4713451442377452 1.4688478591056837 1.466350573973622 1.4638371998089146 1.4613066261042682 1.458776052399622 1.4562454786949715 1.4537149049903253 1.451184331285679 1.4486537575810328 1.4461231838763864 1.4435926101717402 1.4410620364670939 1.4385314627624477 1.4360008890578013 1.4334703153531552 1.4309397416485088 1.4284091679438626 1.4258785942392163 1.4233480205345659 1.4208174468299195 1.4182868731252734 1.415756299420627 1.4132257257159808 1.4106951520113344 1.4081645783066883 1.405634004602042 1.4031034308973958 1.4005728571927494 1.3980422834881032 1.3955117097834568
1.510238321176595 1.5077069266095502 1.5051755320425053 1.5026441374754604 1.5001127429084156 1.4975813483413707 1.4950499537743214 1.4925185592072765 1.4899871646402316 1.4874557700731867 1.4849243755061419 1.482392980939097 1.4798615863720521 1.4773301918050072 1.4747987972379624 1.4722674026709175 1.4697461191107015 1.4672356444455636 1.4647251697804256 1.4622146951152835 1.4597042204501454 1.4571937457850075 1.4546832711198696 1.4521727964547317 1.4496623217895936 1.4471518471244558 1.444641372459318 1.4421308977941798 1.439620423129042 1.437109948463904 1.434599473798766 1.432088999133628 1.429578524468486 1.427068049803348 1.42455757513821 1.4220471004730721 1.419536625807934 1.4170261511427962 1.4145156764776583 1.4120052018125202 1.4094947271473823 1.4069842524822445 1.4044737778171066 1.4019633031519685
1.5221316773688884 1.519606369480496 1.5170810615921033 1.5145557537037109 1.5120304458153182 1.5095051379269255 1.5069798300385289 1.5044545221501362 1.5019292142617435 1.499403906373351 1.4968785984849584 1.494353290596566 1.4918279827081733 1.4893026748197806 1.4867773669313882 1.4842520590429955 1.4817362329345456 1.4792305430633947 1.476724853192244 1.4742191633210888 1.471713473449938 1.4692077835787871 1.4667020937076363 1.4641964038364854 1.4616907139653346 1.4591850240941837 1.4566793342230329 1.454173644351882 1.4516679544807312 1.4491622646095803 1.4466565747384295 1.4441508848672786 1.4416451949961233 1.4391395051249725 1.4366338152538216 1.4341281253826708 1.43162243551152 1.429116745640369 1.4266110557692182 1.4241053658980674 1.4215996760269165 1.4190939861557657 1.4165882962846148 1.414082606413464
1.534025033561187 1.5315058123514467 1.5289865911417064 1.5264673699319662 1.523948148722226 1.5214289275124857 1.518909706302741 1.5163904850930008 1.5138712638832605 1.5113520426735203 1.50883282146378 1.5063136002540398 1.5037943790442996 1.5012751578345593 1.498755936624819 1.4962367154150789 1.4937263467583948 1.491225441681231 1.4887245366040671 1.486223631526899 1.4837227264497355 1.4812218213725716 1.4787209162954078 1.4762200112182442 1.4737191061410804 1.4712182010639165 1.468717295986753 1.466216390909589 1.4637154858324253 1.4612145807552617 1.4587136756780978 1.456212770600934 1.453711865523766 1.4512109604466024 1.4487100553694385 1.4462091502922747 1.4437082452151109 1.4412073401379473 1.4387064350607834 1.4362055299836196 1.433704624906456 1.4312037198292922 1.4287028147521283 1.4262019096749647
1.54591838975348 1.5434052552223922 1.5408921206913042 1.5383789861602164 1.5358658516291284 1.5333527170980406 1.5308395825669483 1.5283264480358603 1.5258133135047725 1.5233001789736844 1.5207870444425966 1.5182739099115086 1.5157607753804208 1.5132476408493327 1.510734506318245 1.5082213717871569 1.5057164605822388 1.503220340299062 1.5007242200158855 1.4982280997327044 1.4957319794495278 1.4932358591663513 1.4907397388831745 1.4882436185999979 1.485747498316821 1.4832513780336445 1.480755257750468 1.478259137467291 1.4757630171841145 1.4732668969009377 1.4707707766177611 1.4682746563345845 1.4657785360514035 1.463282415768227 1.4607862954850501 1.4582901752018735 1.4557940549186967 1.4532979346355201 1.4508018143523436 1.4483056940691668 1.4458095737859902 1.4433134535028134 1.4408173332196368 1.4383212129364602
1.5578117459457734 1.5553046980933378 1.5527976502409022 1.5502906023884666 1.547783554536031 1.5452765066835954 1.5427694588311556 1.54026241097872 1.5377553631262844 1.5352483152738488 1.5327412674214131 1.5302342195689775 1.527727171716542 1.5252201238641063 1.5227130760116707 1.5202060281592351 1.517706574406083 1.5152152389168931 1.5127239034277036 1.5102325679385098 1.5077412324493202 1.5052498969601307 1.5027585614709411 1.5002672259817516 1.4977758904925618 1.4952845550033722 1.4927932195141826 1.490301884024993 1.4878105485358035 1.485319213046614 1.4828278775574244 1.4803365420682346 1.4778452065790408 1.4753538710898513 1.4728625356006617 1.4703712001114722 1.4678798646222826 1.465388529133093 1.4628971936439035 1.4604058581547137 1.4579145226655241 1.4554231871763346 1.452931851687145 1.4504405161979554
1.569705102138072 1.5672041409642885 1.5647031797905053 1.562202218616722 1.5597012574429387 1.5572002962691553 1.554699335095368 1.5521983739215846 1.5496974127478014 1.547196451574018 1.5446954904002348 1.5421945292264514 1.5396935680526682 1.5371926068788848 1.5346916457051016 1.5321906845313182 1.5296966882299319 1.5272101375347296 1.524723586839527 1.5222370361443203 1.5197504854491177 1.5172639347539152 1.5147773840587127 1.5122908333635103 1.5098042826683078 1.5073177319731053 1.5048311812779027 1.5023446305827002 1.4998580798874976 1.4973715291922953 1.4948849784970928 1.4923984278018902 1.4899118771066835 1.487425326411481 1.4849387757162784 1.482452225021076 1.4799656743258736 1.477479123630671 1.4749925729354685 1.472506022240266 1.4700194715450634 1.467532920849861 1.4650463701546586 1.462559819459456
1.5815984583303653 1.5791035838352343 1.5766087093401033 1.5741138348449724 1.5716189603498414 1.5691240858547104 1.5666292113595752 1.5641343368644443 1.5616394623693133 1.5591445878741823 1.5566497133790513 1.5541548388839204 1.5516599643887894 1.5491650898936584 1.5466702153985274 1.5441753409033965 1.541686802053776 1.5392050361525607 1.5367232702513451 1.5342415043501256 1.5317597384489101 1.5292779725476948 1.5267962066464793 1.524314440745264 1.5218326748440485 1.5193509089428332 1.5168691430416177 1.5143873771404024 1.5119056112391869 1.5094238453379714 1.506942079436756 1.5044603135355405 1.501978547634321 1.4994967817331055 1.4970150158318902 1.4945332499306747 1.4920514840294594 1.489569718128244 1.4870879522270286 1.484606186325813 1.4821244204245978 1.4796426545233823 1.477160888622167 1.4746791227209515
1.5934918145226586 1.5910030267061799 1.5885142388897013 1.5860254510732226 1.583536663256744 1.5810478754402653 1.5785590876237825 1.5760702998073037 1.5735815119908252 1.5710927241743464 1.5686039363578679 1.5661151485413891 1.5636263607249106 1.5611375729084318 1.5586487850919533 1.5561599972754745 1.55367691587762 1.5511999347703918 1.5487229536631635 1.5462459725559308 1.5437689914487025 1.5412920103414742 1.538815029234246 1.5363380481270175 1.5338610670197892 1.531384085912561 1.5289071048053327 1.5264301236981042 1.5239531425908759 1.5214761614836476 1.5189991803764193 1.5165221992691909 1.5140452181619584 1.51156823705473 1.5090912559475018 1.5066142748402733 1.504137293733045 1.5016603126258168 1.4991833315185885 1.49670635041136 1.4942293693041317 1.4917523881969035 1.4892754070896752 1.4867984259824467
1.6053851707149518 1.6029024695771255 1.6004197684392991 1.5979370673014728 1.5954543661636464 1.59297166502582 1.5904889638879895 1.5880062627501632 1.5855235616123369 1.5830408604745105 1.5805581593366842 1.578075458198858 1.5755927570610317 1.5731100559232054 1.570627354785379 1.5681446536475527 1.565667029701464 1.5631948333882228 1.5607226370749816 1.5582504407617361 1.5557782444484949 1.5533060481352536 1.5508338518220124 1.5483616555087711 1.54588945919553 1.5434172628822889 1.5409450665690476 1.5384728702558064 1.5360006739425651 1.5335284776293239 1.5310562813160826 1.5285840850028414 1.526111888689596 1.5236396923763547 1.5211674960631134 1.5186952997498722 1.516223103436631 1.5137509071233897 1.5112787108101484 1.5088065144969072 1.506334318183666 1.5038621218704247 1.5013899255571834 1.4989177292439422
1.61727852690725 1.6148019124480761 1.6123252979889022 1.609848683529728 1.6073720690705542 1.60489545461138 1.602418840152202 1.599942225693028 1.5974656112338539 1.59498899677468 1.5925123823155058 1.590035767856332 1.5875591533971578 1.585082538937984 1.58260592447881 1.5801293100196359 1.5776571435253133 1.575189732006059 1.572722320486805 1.5702549089675466 1.5677874974482924 1.5653200859290384 1.5628526744097841 1.56038526289053 1.557917851371276 1.5554504398520217 1.5529830283327677 1.5505156168135135 1.5480482052942592 1.5455807937750052 1.543113382255751 1.5406459707364968 1.5381785592172386 1.5357111476979843 1.53324373617873 1.530776324659476 1.5283089131402219 1.5258415016209677 1.5233740901017137 1.5209066785824594 1.5184392670632052 1.5159718555439512 1.513504444024697 1.511037032505443
1.6291718830995434 1.626701355319022 1.6242308275385002 1.6217602997579785 1.6192897719774568 1.6168192441969351 1.6143487164164092 1.6118781886358875 1.6094076608553658 1.606937133074844 1.6044666052943224 1.6019960775138007 1.599525549733279 1.5970550219527575 1.5945844941722358 1.592113966391714 1.5896472573491573 1.5871846306238904 1.5847220038986232 1.582259377173352 1.579796750448085 1.5773341237228178 1.5748714969975508 1.5724088702722838 1.5699462435470166 1.5674836168217496 1.5650209900964824 1.5625583633712155 1.5600957366459485 1.5576331099206813 1.5551704831954143 1.5527078564701473 1.5502452297448759 1.547782603019609 1.545319976294342 1.5428573495690747 1.5403947228438077 1.5379320961185408 1.5354694693932736 1.5330068426680066 1.5305442159427396 1.5280815892174724 1.5256189624922054 1.5231563357669384
1.6410652392918368 1.6386007981899675 1.636136357088098 1.6336719159862287 1.6312074748843592 1.62874303378249 1.6262785926806165 1.623814151578747 1.6213497104768777 1.6188852693750082 1.616420828273139 1.6139563871712697 1.6114919460694002 1.6090275049675309 1.6065630638656616 1.6040986227637921 1.6016373711730014 1.5991795292417215 1.5967216873104415 1.5942638453791573 1.5918060034478774 1.5893481615165972 1.5868903195853172 1.5844324776540373 1.5819746357227573 1.5795167937914774 1.5770589518601974 1.5746011099289174 1.5721432679976375 1.5696854260663575 1.5672275841350776 1.5647697422037976 1.5623119002725134 1.5598540583412335 1.5573962164099535 1.5549383744786733 1.5524805325473934 1.5500226906161134 1.5475648486848335 1.5451070067535535 1.5426491648222735 1.5401913228909936 1.5377334809597136 1.5352756390284337
