Figures/CREST_Example_wjb_NSE/PETs/wjb.pet.20100209.asc
ncols            288
nrows            254
xllcorner        113.274861
yllcorner        31.4918055
cellsize         0.008333333333
NODATA_value     -9999
[rows 38 to 56 of 254, columns 0 to 43 of 288]
-9999.0 -9999.0 -9999.0 -9999.0 -9999.0 -9999.0 -9999.0 -9999.0 -9999.0 -9999.0 -9999.0 -9999.0 -9999.0 0.30537925559708534 0.31061111019880944 0.31584296480053353 0.32107481940225757 0.32630667400398167 0.3315385286057057 0.3367703832074298 0.34200223780915384 0.34723409241087794 0.352465947012602 0.35769780161432607 0.3629296562160501 0.3681615108177742 0.3733933654195072 0.3786252200212312 0.3838570746229553 0.3890889292246794 0.39432078382640345 0.39955263842812755 0.4047844930298516 0.4100163476315757 0.4152482022332997 0.4204800568350238 0.4257119114367479 0.43094376603847195 0.436175620640196 0.441407475241929 0.44663932984365307 0.4518711844453771 0.4540818492024809 0.45306279373401914
-9999.0 -9999.0 -9999.0 -9999.0 -9999.0 -9999.0 -9999.0 -9999.0 -9999.0 -9999.0 -9999.0 -9999.0 -9999.0 0.30360202701611794 0.3090422391652728 0.3144824513144277 0.31992266346358256 0.3253628756127374 0.33080308776189227 0.3362432999110472 0.34168351206020203 0.3471237242093569 0.35256393635851174 0.3580041485076666 0.3634443606568215 0.36888457280597636 0.3743247849551405 0.37976499710429534 0.38520520925345025 0.3906454214026051 0.39608563355175996 0.4015258457009149 0.40696605785006973 0.4124062699992246 0.41784648214837944 0.4232866942975343 0.4287269064466892 0.43416711859584406 0.4396073307449989 0.44504754289416304 0.45048775504331795 0.4559279671924728 0.4581498051841684 0.456931128463327
-9999.0 -9999.0 -9999.0 -9999.0 -9999.0 -9999.0 -9999.0 -9999.0 -9999.0 -9999.0 -9999.0 -9999.0 -9999.0 -9999.0 0.30747336813173487 0.3131219378283207 0.31877050752490654 0.3244190772214924 0.3300676469180782 0.3357162166146641 0.34136478631124995 0.3470133560078358 0.3526619257044216 0.35831049540100746 0.36395906509759335 0.36960763479417913 0.3752562044907746 0.38090477418736046 0.38655334388394635 0.3922019135805322 0.397850483277118 0.40349905297370386 0.4091476226702897 0.4147961923668756 0.4204447620634614 0.42609333176004727 0.4317419014566331 0.43739047115321894 0.44303904084980483 0.4486876105464003 0.4543361802429861 0.45998474993957195 0.46221776116585944 0.4607994631926382
-9999.0 -9999.0 -9999.0 -9999.0 -9999.0 -9999.0 -9999.0 -9999.0 -9999.0 -9999.0 -9999.0 -9999.0 -9999.0 -9999.0 -9999.0 0.3117614243422149 0.31761835158623153 0.3234752788302482 0.32933220607426483 0.3351891333182815 0.34104606056229814 0.3469029878063148 0.35275991505033144 0.35861684229434804 0.3644737695383647 0.37033069678238134 0.376187624026408 0.38204455127042464 0.3879014785144413 0.39375840575845794 0.39961533300247454 0.4054722602464912 0.41132918749050784 0.4171861147345245 0.42304304197854115 0.4288999692225578 0.43475689646657445 0.4406138237105911 0.44647075095460775 0.4523276781986344 0.45818460544265105 0.4640415326866677 0.46628571714754696 0.4646677979219461
-9999.0 -9999.0 -9999.0 -9999.0 -9999.0 -9999.0 -9999.0 -9999.0 -9999.0 -9999.0 -9999.0 -9999.0 -9999.0 -9999.0 -9999.0 0.3104009108561091 0.31646619564755657 0.322531480439004 0.32859676523045145 0.33466205002189886 0.3407273348133463 0.3467926196047938 0.3528579043962412 0.3589231891876887 0.3649884739791361 0.37105375877058355 0.37711904356204135 0.38318432835348876 0.3892496131449362 0.39531489793638364 0.4013801827278311 0.40744546751927857 0.413510752310726 0.4195760371021734 0.4256413218936209 0.43170660668506833 0.43777189147651574 0.4438371762679632 0.4499024610594107 0.4559677458508684 0.4620330306423159 0.46809831543376335 0.4703536731292345 0.468536132651254
-9999.0 -9999.0 -9999.0 -9999.0 -9999.0 -9999.0 -9999.0 -9999.0 -9999.0 -9999.0 -9999.0 -9999.0 -9999.0 -9999.0 -9999.0 -9999.0 0.3153140397088815 0.3215876820477598 0.327861324386638 0.33413496672551624 0.3404086090643945 0.34668225140327275 0.352955893742151 0.35922953608102925 0.3655031784199075 0.3717768207587857 0.37805046309767465 0.3843241054365529 0.3905977477754311 0.3968713901143094 0.4031450324531876 0.40941867479206584 0.4156923171309441 0.42196595946982235 0.4282396018087006 0.43451324414757886 0.44078688648645703 0.4470605288253353 0.45333417116421354 0.4596078135031025 0.4658814558419807 0.472155098180859 0.474421629110922 0.47240446738056185
-9999.0 -9999.0 -9999.0 -9999.0 -9999.0 -9999.0 -9999.0 -9999.0 -9999.0 -9999.0 -9999.0 -9999.0 -9999.0 -9999.0 -9999.0 -9999.0 -9999.0 0.3206438836565155 0.32712588354282457 0.3336078834291336 0.34008988331544265 0.3465718832017517 0.35305388308806074 0.3595358829743698 0.3660178828606788 0.37249988274698786 0.378981882633308 0.38546388251961705 0.3919458824059261 0.39842788229223514 0.4049098821785442 0.4113918820648532 0.41787388195116226 0.4243558818374713 0.43083788172378035 0.4373198816100894 0.44380188149639843 0.4502838813827075 0.4567658812690165 0.4632478811553366 0.46972988104164565 0.4762118809279547 0.4784895850926095 0.4762728021098698
-9999.0 -9999.0 -9999.0 -9999.0 -9999.0 -9999.0 -9999.0 -9999.0 -9999.0 -9999.0 -9999.0 -9999.0 -9999.0 -9999.0 -9999.0 -9999.0 -9999.0 0.3197000852652714 0.32639044269901124 0.33308080013275104 0.3397711575664909 0.34646151500023076 0.3531518724339706 0.3598422298677104 0.3665325873014503 0.37322294473519013 0.37991330216894137 0.38660365960268117 0.39329401703642103 0.3999843744701609 0.40667473190390074 0.4133650893376406 0.4200554467713804 0.42674580420512026 0.4334361616388601 0.4401265190725999 0.4468168765063398 0.45350723394007963 0.46019759137381944 0.4668879488075707 0.4735783062413106 0.4802686636750504 0.4825575410742971 0.4801411368391777
-9999.0 -9999.0 -9999.0 -9999.0 -9999.0 -9999.0 -9999.0 -9999.0 -9999.0 -9999.0 -9999.0 -9999.0 -9999.0 -9999.0 -9999.0 -9999.0 -9999.0 -9999.0 0.32565500185519713 0.332553716836368 0.3394524318175388 0.3463511467987096 0.35324986177988044 0.3601485767610513 0.36704729174222206 0.3739460067233929 0.3808447217045755 0.3877434366857463 0.39464215166691713 0.4015408666480879 0.40843958162925875 0.41533829661042954 0.4222370115916004 0.4291357265727712 0.436034441553942 0.44293315653511284 0.4498318715162837 0.45673058649745446 0.4636293014786253 0.4705280164598079 0.4774267314409787 0.4843254464221495 0.48662549705598807 0.4840094715684889
-9999.0 -9999.0 -9999.0 -9999.0 -9999.0 -9999.0 -9999.0 -9999.0 -9999.0 -9999.0 -9999.0 -9999.0 -9999.0 -9999.0 -9999.0 -9999.0 -9999.0 -9999.0 0.32491956101138375 0.33202663353998535 0.339133706068587 0.3462407785971886 0.3533478511257902 0.36045492365439186 0.36756199618299346 0.3746690687115951 0.3817761412402088 0.3888832137688104 0.39599028629741206 0.40309735882601366 0.41020443135461526 0.4173115038832169 0.4244185764118185 0.4315256489404201 0.43863272146902177 0.4457397939976234 0.45284686652622497 0.4599539390548266 0.4670610115834283 0.474168084112042 0.4812751566406436 0.48838222916924523 0.49069345303767564 0.4878778062977968
-9999.0 -9999.0 -9999.0 -9999.0 -9999.0 -9999.0 -9999.0 -9999.0 -9999.0 -9999.0 -9999.0 -9999.0 -9999.0 -9999.0 -9999.0 -9999.0 -9999.0 -9999.0 -9999.0 0.3314995502436028 0.3388149803196352 0.3461304103956676 0.3534458404717 0.36076127054773244 0.36807670062376485 0.37539213069979727 0.38270756077584217 0.3900229908518746 0.397338420927907 0.4046538510039394 0.4119692810799718 0.41928471115600424 0.42660014123203666 0.43391557130806907 0.4412310013841015 0.4485464314601339 0.4558618615361663 0.4631772916121987 0.47049272168823114 0.47780815176427605 0.48512358184030846 0.4924390119163409 0.4947614090193631 0.4917461410271047
-9999.0 -9999.0 -9999.0 -9999.0 -9999.0 -9999.0 -9999.0 -9999.0 -9999.0 -9999.0 -9999.0 -9999.0 -9999.0 -9999.0 -9999.0 -9999.0 -9999.0 -9999.0 -9999.0 0.33097246694722016 0.3384962545706834 0.3460200421941466 0.3535438298176098 0.361067617441073 0.36859140506453625 0.3761151926879995 0.3836389803114755 0.3911627679349387 0.39868655555840193 0.40621034318186516 0.4137341308053284 0.42125791842879157 0.4287817060522548 0.436305493675718 0.4438292812991812 0.4513530689226445 0.45887685654610766 0.4664006441695709 0.4739244317930341 0.48144821941651017 0.48897200703997334 0.4964957946634366 0.4988293650010507 0.4956144757564126
-9999.0 -9999.0 -9999.0 -9999.0 -9999.0 -9999.0 -9999.0 -9999.0 -9999.0 -9999.0 -9999.0 -9999.0 -9999.0 -9999.0 -9999.0 -9999.0 -9999.0 -9999.0 -9999.0 -9999.0 -9999.0 -9999.0 -9999.0 0.3613739643344136 0.36910610950530764 0.37683825467620163 0.38457039984710883 0.3923025450180029 0.40003469018889687 0.40776683535979086 0.4154989805306849 0.42323112570157895 0.43096327087247294 0.4386954160433669 0.44642756121426097 0.454159706385155 0.461891851556049 0.469623996726943 0.47735614189783704 0.48508828706874424 0.49282043223963823 0.5005525774105323 0.5028973209827382 0.4994828104857205
-9999.0 -9999.0 -9999.0 -9999.0 -9999.0 -9999.0 -9999.0 -9999.0 -9999.0 -9999.0 -9999.0 -9999.0 -9999.0 -9999.0 -9999.0 -9999.0 -9999.0 -9999.0 -9999.0 -9999.0 -9999.0 -9999.0 -9999.0 0.3616803112277542 0.369620813946079 0.37756131666440385 0.3855018193827422 0.393442322101067 0.4013828248193918 0.4093233275377166 0.4172638302560414 0.4252043329743662 0.433144835692691 0.4410853384110158 0.44902584112934063 0.45696634384766543 0.46490684656599024 0.4728473492843151 0.4807878520026399 0.48872835472097825 0.49666885743930306 0.5046093601576279 0.5069652769644257 0.5033511452150283
-9999.0 -9999.0 -9999.0 -9999.0 -9999.0 -9999.0 -9999.0 -9999.0 -9999.0 -9999.0 -9999.0 -9999.0 -9999.0 -9999.0 -9999.0 -9999.0 -9999.0 -9999.0 -9999.0 -9999.0 -9999.0 -9999.0 -9999.0 -9999.0 -9999.0 0.378284378652606 0.3864332389183755 0.3945820991841311 0.40273095944988674 0.41087981971564236 0.4190286799813979 0.4271775402471536 0.43532640051290916 0.4434752607786648 0.4516241210444204 0.459772981310176 0.46792184157593164 0.4760707018416872 0.4842195621074429 0.4923684223732123 0.500517282638968 0.5086661429047236 0.5110332329461132 0.5072194799443362
-9999.0 -9999.0 -9999.0 -9999.0 -9999.0 -9999.0 -9999.0 -9999.0 -9999.0 -9999.0 -9999.0 -9999.0 -9999.0 -9999.0 -9999.0 -9999.0 -9999.0 -9999.0 -9999.0 -9999.0 -9999.0 -9999.0 -9999.0 -9999.0 -9999.0 0.3790074406408088 0.38736465845400964 0.39572187626719624 0.40407909408038284 0.41243631189356944 0.420793529706756 0.4291507475199426 0.4375079653331292 0.4458651831463158 0.4542224009595024 0.46257961877268894 0.47093683658587554 0.47929405439906214 0.48765127221224874 0.49600849002544956 0.5043657078386361 0.5127229256518228 0.5151011889278042 0.5110878146736475
-9999.0 -9999.0 -9999.0 -9999.0 -9999.0 -9999.0 -9999.0 -9999.0 -9999.0 -9999.0 -9999.0 -9999.0 -9999.0 -9999.0 -9999.0 -9999.0 -9999.0 -9999.0 -9999.0 -9999.0 -9999.0 -9999.0 -9999.0 -9999.0 -9999.0 0.379730502629011 0.388296077989643 0.39686165335026036 0.4054272287108778 0.4139928040714952 0.42255837943211255 0.4311239547927299 0.43968953015334733 0.44825510551396475 0.4568206808745821 0.46538625623519947 0.4739518315958169 0.4825174069564343 0.4910829823170517 0.4996485576776837 0.5082141330383011 0.5167797083989185 0.5191691449094918 0.5149561494029554
-9999.0 -9999.0 -9999.0 -9999.0 -9999.0 -9999.0 -9999.0 -9999.0 -9999.0 -9999.0 -9999.0 -9999.0 -9999.0 -9999.0 -9999.0 -9999.0 -9999.0 -9999.0 -9999.0 -9999.0 0.33658390007697225 0.34535783298502043 0.3541317658930686 0.3629056988011168 0.37167963170916496 0.38045356461721314 0.3892274975252763 0.3980014304333245 0.40677536334137265 0.41554929624942083 0.42432322915746906 0.43309716206551724 0.4418710949735654 0.45064502788161365 0.4594189607896618 0.46819289369771 0.4769668266057582 0.48574075951380635 0.49451469242185453 0.5032886253299177 0.5120625582379659 0.520836491146014 0.5232371008911793 0.5188244841322632
-9999.0 -9999.0 -9999.0 -9999.0 -9999.0 -9999.0 -9999.0 -9999.0 -9999.0 -9999.0 -9999.0 -9999.0 -9999.0 -9999.0 -9999.0 -9999.0 -9999.0 -9999.0 -9999.0 0.32728288387254145 0.3362651743280204 0.3452474647834994 0.35422975523897837 0.36321204569445736 0.37219433614993636 0.38117662660541535 0.39015891706090966 0.3991412075163886 0.40812349797186764 0.4171057884273466 0.4260880788828256 0.43507036933830456 0.4440526597937836 0.45303495024926255 0.46201724070474154 0.47099953116022053 0.4799818216156995 0.4889641120711785 0.49794640252665745 0.5069286929821518 0.5159109834376308 0.5248932738931098 0.5273050568728668 0.5226928188615712
