Figures/CREST_Example_wjb_NSE/PETs/wjb.pet.20101120.asc
ncols            288
nrows            254
xllcorner        113.274861
yllcorner        31.4918055
cellsize         0.008333333333
NODATA_value     -9999
[rows 140 to 159 of 254, columns 220 to 263 of 288]
1.0729930680101867 1.0725442153101252 1.071818134686243 1.0707956911376453 1.0697732475890473 1.0687508040404494 1.0677283604918515 1.0667059169432538 1.0656834733946559 1.064661029846058 1.0636385862974602 1.0626161427488623 1.0615936992002644 1.0605712556516664 1.059548812103067 1.058526368554469 1.057503925005871 1.0564814814572732 1.0554590379086755 1.0544365943600775 1.0534141508114796 1.052391707262882 1.051369263714284 1.050346820165686 1.049324376617088 1.0483019330684904 1.0472794895198925 1.0462570459712928 1.0452346024226948 1.0442121588740971 1.0431897153254992 1.0421672717769013 1.0417141268109147 1.0418695749168827 1.042025023022851 1.042180471128819 1.0423359192347872 1.0424913673407552 1.0426468154467234 1.0428022635526915 1.04295771165866 1.043113159764628 1.0432686078705962 1.0434240559765642
1.0737955812052933 1.0733549654012184 1.0726310930963119 1.071604413181428 1.0705777332665438 1.06955105335166 1.0685243734367758 1.0674976935218918 1.0664710136070077 1.0654443336921235 1.0644176537772396 1.0633909738623555 1.0623642939474716 1.0613376140325874 1.0603109341177017 1.0592842542028176 1.0582575742879334 1.0572308943730495 1.0562042144581654 1.0551775345432814 1.0541508546283973 1.0531241747135134 1.0520974947986292 1.051070814883745 1.0500441349688612 1.049017455053977 1.0479907751390931 1.0469640952242072 1.0459374153093233 1.0449107353944391 1.0438840554795552 1.042857375564671 1.0424007002189661 1.0425533726608385 1.0427060451027108 1.0428587175445831 1.0430113899864555 1.0431640624283276 1.0433167348702 1.0434694073120723 1.0436220797539448 1.0437747521958172 1.0439274246376895 1.0440800970795618
1.0745980944004 1.0741657154923119 1.0734440515063808 1.0724131352252106 1.0713822189440405 1.0703513026628702 1.0693203863817 1.0682894701005297 1.0672585538193595 1.0662276375381892 1.065196721257019 1.064165804975849 1.0631348886946785 1.0621039724135084 1.0610730561323363 1.0600421398511661 1.059011223569996 1.0579803072888256 1.0569493910076555 1.0559184747264851 1.054887558445315 1.0538566421641449 1.0528257258829745 1.0517948096018044 1.050763893320634 1.0497329770394639 1.0487020607582938 1.0476711444771216 1.0466402281959515 1.0456093119147811 1.044578395633611 1.0435474793524409 1.0430872736270176 1.0432371704047942 1.0433870671825707 1.0435369639603471 1.0436868607381236 1.0438367575159002 1.0439866542936767 1.044136551071453 1.04428644784923 1.0444363446270064 1.0445862414047828 1.0447361381825595
1.075400607595507 1.0749764655834053 1.07425700991645 1.0732218572689936 1.0721867046215372 1.0711515519740809 1.0701163993266243 1.069081246679168 1.0680460940317116 1.0670109413842552 1.0659757887367987 1.0649406360893423 1.063905483441886 1.0628703307944296 1.0618351781469713 1.060800025499515 1.0597648728520586 1.0587297202046022 1.0576945675571456 1.0566594149096893 1.055624262262233 1.0545891096147766 1.05355395696732 1.0525188043198637 1.0514836516724073 1.050448499024951 1.0494133463774944 1.0483781937300363 1.04734304108258 1.0463078884351236 1.0452727357876672 1.0442375831402106 1.0437738470350693 1.04392096814875 1.0440680892624308 1.0442152103761113 1.044362331489792 1.0445094526034728 1.0446565737171534 1.0448036948308341 1.044950815944515 1.0450979370581956 1.0452450581718764 1.0453921792855572
1.0762031207906144 1.0757872156744992 1.0750699683265195 1.074030579312777 1.0729911902990343 1.0719518012852918 1.0709124122715492 1.0698730232578066 1.068833634244064 1.0677942452303213 1.0667548562165787 1.0657154672028362 1.0646760781890936 1.063636689175351 1.0625973001616067 1.0615579111478641 1.0605185221341216 1.059479133120379 1.0584397441066362 1.0574003550928937 1.056360966079151 1.0553215770654085 1.054282188051666 1.0532427990379234 1.0522034100241808 1.0511640210104383 1.0501246319966957 1.0490852429829511 1.0480458539692086 1.047006464955466 1.0459670759417234 1.0449276869279809 1.0444604204431212 1.044604765892706 1.044749111342291 1.044893456791876 1.0450378022414608 1.0451821476910457 1.0453264931406305 1.0454708385902154 1.0456151840398005 1.0457595294893853 1.0459038749389704 1.0460482203885553
1.077005633985721 1.0765979657655924 1.0758829267365884 1.0748393013565596 1.0737956759765308 1.072752050596502 1.0717084252164732 1.0706647998364447 1.069621174456416 1.0685775490763871 1.0675339236963584 1.0664902983163296 1.0654466729363008 1.064403047556272 1.0633594221762415 1.0623157967962127 1.061272171416184 1.0602285460361551 1.0591849206561266 1.0581412952760978 1.057097669896069 1.0560540445160402 1.0550104191360115 1.0539667937559827 1.052923168375954 1.0518795429959251 1.0508359176158963 1.0497922922358658 1.048748666855837 1.0477050414758082 1.0466614160957797 1.045617790715751 1.0451469938511728 1.045288563636662 1.045430133422151 1.0455717032076401 1.045713272993129 1.0458548427786183 1.0459964125641072 1.0461379823495964 1.0462795521350858 1.0464211219205748 1.046562691706064 1.046704261491553
1.077808147180828 1.0774087158566859 1.0766958851466575 1.0756480234003425 1.0746001616540275 1.0735522999077127 1.0725044381613977 1.0714565764150827 1.0704087146687677 1.069360852922453 1.068312991176138 1.067265129429823 1.066217267683508 1.065169405937193 1.0641215441908765 1.0630736824445615 1.0620258206982465 1.0609779589519315 1.0599300972056165 1.0588822354593017 1.0578343737129867 1.0567865119666717 1.0557386502203567 1.054690788474042 1.053642926727727 1.052595064981412 1.051547203235097 1.0504993414887802 1.0494514797424654 1.0484036179961504 1.0473557562498355 1.0463078945035205 1.0458335672592243 1.0459723613806176 1.0461111555020108 1.0462499496234041 1.0463887437447974 1.0465275378661907 1.046666331987584 1.0468051261089772 1.0469439202303708 1.047082714351764 1.0472215084731573 1.0473603025945506
1.0786106603759347 1.078219465947779 1.0775088435567264 1.0764567454441252 1.0754046473315242 1.074352549218923 1.073300451106322 1.0722483529937208 1.0711962548811196 1.0701441567685186 1.0690920586559174 1.0680399605433162 1.0669878624307152 1.065935764318114 1.0648836662055112 1.06383156809291 1.0627794699803088 1.0617273718677078 1.0606752737551066 1.0596231756425054 1.0585710775299044 1.0575189794173032 1.0564668813047022 1.055414783192101 1.0543626850794998 1.0533105869668988 1.0522584888542976 1.0512063907416946 1.0501542926290937 1.0491021945164924 1.0480500964038915 1.0469979982912903 1.046520140667276 1.0466561591245733 1.0467921775818707 1.0469281960391683 1.0470642144964657 1.047200232953763 1.0473362514110607 1.047472269868358 1.0476082883256557 1.0477443067829533 1.0478803252402507 1.048016343697548
1.079179785484293 1.0787904417157617 1.0780794625638515 1.0770246479079404 1.0759698332520293 1.0749150185961183 1.0738602039402072 1.0728053892842961 1.071750574628385 1.070695759972474 1.069640945316563 1.068586130660652 1.0675313160047406 1.0664765013488295 1.0654216866929167 1.0643668720370056 1.0633120573810946 1.0622572427251835 1.0612024280692725 1.0601476134133614 1.0590927987574503 1.058037984101539 1.056983169445628 1.055928354789717 1.0548735401338059 1.0538187254778948 1.0527639108219837 1.051709096166071 1.0506542815101598 1.0495994668542488 1.0485446521983377 1.0474898375424266 1.0470047995882792 1.0471288658262836 1.047252932064288 1.0473769983022925 1.047501064540297 1.0476251307783013 1.0477491970163058 1.0478732632543102 1.0479973294923148 1.0481213957303193 1.0482454619683237 1.0483695282063283
1.0794994334402277 1.0791051138472245 1.078391036025813 1.077335129421547 1.076279222817281 1.075223316213015 1.074167409608749 1.0731115030044829 1.0720555964002167 1.0709996897959508 1.0699437831916847 1.0688878765874188 1.0678319699831527 1.0667760633788868 1.0657201567746188 1.0646642501703527 1.0636083435660868 1.0625524369618207 1.0614965303575548 1.0604406237532886 1.0593847171490227 1.0583288105447566 1.0572729039404907 1.0562169973362245 1.0551610907319584 1.0541051841276925 1.0530492775234264 1.0519933709191587 1.0509374643148925 1.0498815577106264 1.0488256511063605 1.0477697445020944 1.0472736246509062 1.0473759295105831 1.04747823437026 1.047580539229937 1.047682844089614 1.047785148949291 1.047887453808968 1.047989758668645 1.0480920635283222 1.048194368387999 1.0482966732476762 1.048398978107353
1.0798190813961626 1.0794197859786878 1.0787026094877747 1.0776456109351538 1.0765886123825328 1.0755316138299118 1.0744746152772908 1.0734176167246698 1.0723606181720489 1.0713036196194279 1.070246621066807 1.069189622514186 1.068132623961565 1.067075625408944 1.066018626856321 1.0649616283037 1.063904629751079 1.062847631198458 1.061790632645837 1.060733634093216 1.059676635540595 1.0586196369879741 1.0575626384353531 1.0565056398827322 1.0554486413301112 1.0543916427774902 1.0533346442248692 1.0522776456722462 1.0512206471196253 1.0501636485670043 1.0491066500143833 1.0480496514617623 1.047542449713533 1.0476229931948826 1.0477035366762322 1.0477840801575817 1.047864623638931 1.0479451671202806 1.0480257106016302 1.0481062540829797 1.0481867975643293 1.0482673410456789 1.0483478845270282 1.0484284280083778
1.080138729352097 1.0797344581101505 1.0790141829497362 1.0779560924487601 1.0768980019477843 1.0758399114468082 1.0747818209458324 1.0737237304448564 1.0726656399438805 1.0716075494429045 1.0705494589419287 1.0694913684409526 1.0684332779399768 1.0673751874390007 1.0663170969380231 1.065259006437047 1.0642009159360712 1.0631428254350952 1.0620847349341194 1.0610266444331433 1.0599685539321675 1.0589104634311914 1.0578523729302156 1.0567942824292396 1.0557361919282637 1.0546781014272877 1.0536200109263119 1.052561920425334 1.0515038299243582 1.0504457394233822 1.0493876489224063 1.0483295584214303 1.04781127477616 1.047870056879182 1.0479288389822041 1.0479876210852264 1.0480464031882484 1.0481051852912704 1.0481639673942924 1.0482227494973144 1.0482815316003367 1.0483403137033587 1.0483990958063807 1.0484578779094027
1.0804583773080316 1.0800491302416135 1.0793257564116976 1.0782665739623667 1.0772073915130358 1.076148209063705 1.075089026614374 1.074029844165043 1.0729706617157122 1.0719114792663813 1.0708522968170506 1.0697931143677197 1.0687339319183888 1.067674749469058 1.0666155670197253 1.0655563845703944 1.0644972021210635 1.0634380196717326 1.0623788372224017 1.0613196547730708 1.0602604723237399 1.059201289874409 1.058142107425078 1.0570829249757472 1.0560237425264163 1.0549645600770854 1.0539053776277545 1.0528461951784218 1.051787012729091 1.05072783027976 1.0496686478304291 1.0486094653810982 1.0480800998387871 1.0481171205634818 1.0481541412881763 1.048191162012871 1.0482281827375655 1.04826520346226 1.0483022241869546 1.048339244911649 1.0483762656363438 1.0484132863610385 1.048450307085733 1.0484873278104276
1.080778025263966 1.0803638023730762 1.079637329873659 1.078577055475973 1.0775167810782873 1.0764565066806013 1.0753962322829156 1.0743359578852298 1.0732756834875439 1.0722154090898581 1.0711551346921722 1.0700948602944864 1.0690345858968004 1.0679743114991147 1.066914037101427 1.0658537627037412 1.0647934883060552 1.0637332139083695 1.0626729395106838 1.0616126651129978 1.060552390715312 1.059492116317626 1.0584318419199403 1.0573715675222544 1.0563112931245686 1.0552510187268829 1.054190744329197 1.0531304699315094 1.0520701955338234 1.0510099211361377 1.0499496467384517 1.048889372340766 1.048348924901414 1.048364184247781 1.0483794435941483 1.0483947029405154 1.0484099622868823 1.0484252216332495 1.0484404809796166 1.0484557403259838 1.048470999672351 1.048486259018718 1.0485015183650852 1.0485167777114524
1.0810976732199007 1.0806784745045392 1.0799489033356204 1.0788875369895796 1.0778261706435388 1.0767648042974982 1.0757034379514574 1.0746420716054166 1.0735807052593758 1.072519338913335 1.0714579725672941 1.0703966062212533 1.0693352398752125 1.0682738735291717 1.067212507183129 1.0661511408370883 1.0650897744910475 1.0640284081450067 1.062967041798966 1.0619056754529252 1.0608443091068844 1.0597829427608436 1.0587215764148028 1.057660210068762 1.0565988437227212 1.0555374773766804 1.0544761110306395 1.053414744684597 1.0523533783385561 1.0512920119925153 1.0502306456464747 1.049169279300434 1.048617749964041 1.0486112479320806 1.0486047459001202 1.04859824386816 1.0485917418361996 1.0485852398042392 1.0485787377722788 1.0485722357403187 1.0485657337083583 1.0485592316763979 1.0485527296444375 1.048546227612477
1.0814173211758351 1.0809931466360019 1.0802604767975819 1.079198018503186 1.0781355602087903 1.0770731019143946 1.0760106436199988 1.074948185325603 1.0738857270312072 1.0728232687368116 1.071760810442416 1.07069835214802 1.0696358938536243 1.0685734355592287 1.067510977264831 1.0664485189704354 1.0653860606760395 1.0643236023816438 1.0632611440872481 1.0621986857928523 1.0611362274984566 1.0600737692040607 1.059011310909665 1.0579488526152694 1.0568863943208735 1.0558239360264778 1.0547614777320822 1.0536990194376845 1.0526365611432889 1.051574102848893 1.0505116445544973 1.0494491862601016 1.0488865750266678 1.0488583116163799 1.0488300482060922 1.0488017847958044 1.0487735213855165 1.0487452579752288 1.048716994564941 1.048688731154653 1.0486604677443654 1.0486322043340774 1.0486039409237897 1.048575677513502
1.0817369691317698 1.081307818767465 1.0805720502595433 1.0795085000167925 1.078444949774042 1.0773813995312913 1.0763178492885406 1.0752542990457898 1.074190748803039 1.0731271985602884 1.0720636483175376 1.0710000980747871 1.0699365478320364 1.0688729975892857 1.0678094473465332 1.0667458971037824 1.0656823468610317 1.064618796618281 1.0635552463755304 1.0624916961327797 1.061428145890029 1.0603645956472783 1.0593010454045275 1.0582374951617768 1.057173944919026 1.0561103946762755 1.0550468444335248 1.0539832941907723 1.0529197439480216 1.0518561937052708 1.05079264346252 1.0497290932197694 1.0491554000892949 1.0491053753006796 1.0490553505120643 1.049005325723449 1.0489553009348338 1.0489052761462185 1.0488552513576033 1.048805226568988 1.0487552017803725 1.0487051769917572 1.048655152203142 1.0486051274145267
1.0820566170877044 1.0816224908989278 1.080883623721505 1.0798189815303991 1.0787543393392935 1.077689697148188 1.0766250549570824 1.0755604127659766 1.074495770574871 1.0734311283837654 1.0723664861926596 1.071301844001554 1.0702372018104485 1.0691725596193429 1.0681079174282353 1.0670432752371297 1.0659786330460241 1.0649139908549183 1.0638493486638128 1.0627847064727072 1.0617200642816014 1.0606554220904958 1.0595907798993902 1.0585261377082846 1.0574614955171788 1.0563968533260732 1.0553322111349677 1.05426756894386 1.0532029267527545 1.052138284561649 1.0510736423705431 1.0500090001794375 1.049424225151922 1.0493524389849793 1.0492806528180365 1.0492088666510937 1.049137080484151 1.0490652943172083 1.0489935081502655 1.048921721983323 1.0488499358163799 1.0487781496494373 1.0487063634824945 1.0486345773155517
1.082376265043639 1.081937163030391 1.0811951971834663 1.0801294630440057 1.0790637289045453 1.0779979947650846 1.076932260625624 1.0758665264861633 1.0748007923467027 1.0737350582072422 1.0726693240677816 1.071603589928321 1.0705378557888603 1.0694721216493999 1.0684063875099374 1.0673406533704768 1.0662749192310161 1.0652091850915555 1.0641434509520948 1.0630777168126344 1.0620119826731738 1.060946248533713 1.0598805143942525 1.058814780254792 1.0577490461153314 1.0566833119758707 1.05561757783641 1.0545518436969477 1.053486109557487 1.0524203754180266 1.051354641278566 1.0502889071391053 1.0496930502145487 1.0495995026692786 1.0495059551240085 1.049412407578738 1.049318860033468 1.0492253124881978 1.0491317649429277 1.0490382173976573 1.048944669852387 1.0488511223071169 1.0487575747618467 1.0486640272165764
1.0826959129995735 1.0822518351618535 1.0815067706454278 1.080439944557612 1.0793731184697966 1.078306292381981 1.0772394662941656 1.07617264020635 1.0751058141185343 1.0740389880307188 1.0729721619429033 1.0719053358550878 1.0708385097672721 1.0697716836794566 1.0687048575916394 1.0676380315038239 1.0665712054160081 1.0655043793281926 1.0644375532403771 1.0633707271525616 1.0623039010647461 1.0612370749769304 1.060170248889115 1.0591034228012994 1.058036596713484 1.0569697706256682 1.0559029445378527 1.0548361184500354 1.05376929236222 1.0527024662744042 1.0516356401865887 1.0505688140987732 1.0499618752771758 1.049846566353578 1.0497312574299804 1.0496159485063827 1.049500639582785 1.0493853306591874 1.04927002173559 1.0491547128119922 1.0490394038883943 1.0489240949647967 1.048808786041199 1.0486934771176013
