Figures/CREST_Example_wjb_NSE/PETs/wjb.pet.20100211.asc
ncols            288
nrows            254
xllcorner        113.274861
yllcorner        31.4918055
cellsize         0.008333333333
NODATA_value     -9999
[rows 57 to 75 of 254, columns 172 to 214 of 288]
0.4035627531365491 0.4037933704170969 0.4040239876976447 0.4042546049781925 0.4044852222587403 0.4047158395392881 0.4049464568198359 0.40517707410038367 0.40540769138093147 0.40563830866147926 0.4058689259420275 0.4060995432225753 0.4063301605031231 -9999.0 -9999.0 0.4070220123447665 -9999.0 -9999.0 -9999.0 -9999.0 -9999.0 -9999.0 0.40874604597712316 -9999.0 -9999.0 -9999.0 -9999.0 -9999.0 -9999.0 -9999.0 -9999.0 0.41121922002071154 -9999.0 -9999.0 -9999.0 -9999.0 -9999.0 -9999.0 -9999.0 -9999.0 -9999.0 -9999.0 -9999.0
0.40414822855789323 0.40434862724781795 0.40454902593774267 0.4047494246276674 0.4049498233175921 0.4051502220075168 0.40535062069744154 0.40555101938736626 0.405751418077291 0.4059518167672157 0.40615221545714075 0.40635261414706547 0.4065530128369902 0.40675341152691485 0.4069538102168396 0.4071542089067643 0.407354607596689 0.40755500628661373 0.40775540497653845 0.40795580366646317 0.40818190112973946 0.4084354711632046 0.40868904119666977 0.40894261123013537 -9999.0 -9999.0 -9999.0 -9999.0 -9999.0 -9999.0 0.41071760146439146 0.4109711714978566 0.41122474153132177 0.4114783115647869 0.4117318815982521 0.41198545163171724 0.41223902166518284 0.412492591698648 -9999.0 -9999.0 -9999.0 -9999.0 -9999.0
0.4037527653712345 0.4039368896346119 0.4041210138979893 0.4043051381613667 0.4044892624247441 0.4046733866881215 0.40485751095149886 0.4050416352148763 0.4052257594782537 0.40540988374163106 0.4055940080050088 0.40577813226838616 0.40596225653176354 0.4061463807951409 0.40633050505851837 0.40651462932189575 0.40669875358527313 0.4068828778486505 0.4070670021120279 0.4072511263754053 0.4074602684655255 0.40769615517850233 0.40793204189147914 0.40816792860445633 0.40840381531743314 0.40863970203040995 0.40887558874338675 0.40911147545636356 0.40934736216934037 0.4095832488823172 0.409819135595294 0.4100550223082708 0.4102909090212476 0.4105267957342244 0.4107626824472012 0.410998569160178 0.41123445587315527 0.4114703425861321 -9999.0 -9999.0 -9999.0 -9999.0 -9999.0
0.40335730218457616 0.4035251520214062 0.4036930018582363 0.4038608516950664 0.40402870153189646 0.40419655136872656 0.4043644012055566 0.4045322510423867 0.4047001008792168 0.40486795071604686 0.40503580055287725 0.40520365038970735 0.4053715002265374 0.4055393500633675 0.4057071999001976 0.40587504973702765 0.40604289957385775 0.4062107494106878 0.4063785992475179 0.406546449084348 0.40673863580131214 0.4069568391938006 0.40717504258628906 0.4073932459787779 0.4076114493712664 0.4078296527637549 0.40804785615624334 0.40826605954873185 0.4084842629412203 0.40870246633370877 0.4089206697261973 0.40913887311868574 0.4093570765111742 0.4095752799036627 0.4097934832961512 0.4100116866886397 0.41022989008112853 0.410448093473617 -9999.0 -9999.0 -9999.0 -9999.0 -9999.0
0.40296183899791777 0.40311341440820053 0.4032649898184833 0.40341656522876607 0.40356814063904883 0.4037197160493316 0.4038712914596144 0.4040228668698972 0.40417444228017996 0.4043260176904627 0.4044775931007457 0.4046291685110285 0.40478074392131125 0.40493231933159407 0.40508389474187684 0.4052354701521596 0.40538704556244237 0.40553862097272514 0.4056901963830079 0.4058417717932907 0.4060170031370987 0.4062175232090989 -9999.0 -9999.0 -9999.0 0.4070196034970998 0.4072201235691 0.4074206436411001 0.40762116371310025 0.4078216837851004 0.40802220385710053 0.4082227239291007 0.40842324400110086 0.40862376407310097 0.40882428414510114 0.4090248042171013 -9999.0 -9999.0 -9999.0 -9999.0 -9999.0 -9999.0 -9999.0
0.4025663758112594 0.4027016767949949 0.40283697777873034 0.40297227876246583 0.40310757974620126 0.40324288072993675 0.4033781817136722 0.40351348269740767 0.4036487836811431 0.4037840846648786 0.40391938564861424 0.4040546866323497 0.40418998761608516 0.40432528859982064 0.4044605895835561 0.40459589056729156 0.404731191551027 0.4048664925347625 0.4050017935184979 0.4051370945022334 0.4052953704728854 0.4054782072243972 -9999.0 -9999.0 -9999.0 0.4062095542304448 0.4063923909819566 0.40657522773346844 0.40675806448498025 0.406940901236492 0.40712373798800383 -9999.0 -9999.0 -9999.0 -9999.0 -9999.0 -9999.0 -9999.0 -9999.0 -9999.0 -9999.0 -9999.0 -9999.0
0.40217091262460103 0.4022899391817892 0.40240896573897733 0.4025279922961655 0.40264701885335363 0.4027660454105418 0.40288507196772994 0.4030040985249181 0.40312312508210624 0.4032421516392944 0.40336117819648276 0.4034802047536709 0.40359923131085906 0.40371825786804716 0.4038372844252353 0.40395631098242346 0.4040753375396116 0.40419436409679976 0.4043133906539879 0.40443241721117607 0.404573737808672 0.4047388912396955 -9999.0 -9999.0 -9999.0 -9999.0 -9999.0 -9999.0 -9999.0 -9999.0 -9999.0 -9999.0 -9999.0 -9999.0 -9999.0 -9999.0 -9999.0 -9999.0 -9999.0 -9999.0 -9999.0 -9999.0 -9999.0
0.4017754494379427 0.4018782015685835 0.4019809536992244 0.4020837058298652 0.402186457960506 0.4022892100911469 0.4023919622217877 0.40249471435242856 0.4025974664830694 0.4027002186137102 0.40280297074435123 0.40290572287499204 0.4030084750056329 0.40311122713627373 0.40321397926691455 0.4033167313975554 0.40341948352819623 0.4035222356588371 0.4036249877894779 0.40372773992011873 0.40385210514445863 0.4039995752549938 -9999.0 -9999.0 -9999.0 -9999.0 -9999.0 -9999.0 -9999.0 -9999.0 -9999.0 -9999.0 -9999.0 -9999.0 -9999.0 -9999.0 -9999.0 -9999.0 -9999.0 -9999.0 -9999.0 -9999.0 -9999.0
0.40137998625128435 0.4014664639553779 0.4015529416594714 0.40163941936356495 0.4017258970676585 0.40181237477175197 0.4018988524758455 0.40198533017993904 0.4020718078840326 0.4021582855881261 0.40224476329221975 0.4023312409963133 0.4024177187004068 0.40250419640450036 0.40259067410859384 0.4026771518126874 0.4027636295167809 0.40285010722087444 0.402936584924968 0.4030230626290615 0.4031304724802453 0.40326025927029213 0.40339004606033896 -9999.0 -9999.0 -9999.0 -9999.0 -9999.0 -9999.0 -9999.0 -9999.0 -9999.0 -9999.0 -9999.0 -9999.0 -9999.0 -9999.0 -9999.0 -9999.0 -9999.0 -9999.0 -9999.0 -9999.0
0.4009845230646256 0.4010547263421718 0.401124929619718 0.4011951328972642 0.4012653361748104 0.4013355394523566 0.4014057427299028 0.401475946007449 0.40154614928499527 0.40161635256254147 0.4016865558400878 0.401756759117634 0.4018269623951802 0.4018971656727264 0.4019673689502726 0.4020375722278188 0.402107775505365 0.40217797878291117 0.40224818206045737 0.40231838533800357 0.4024088398160313 0.4025209432855898 0.4026330467551482 -9999.0 -9999.0 -9999.0 -9999.0 -9999.0 -9999.0 -9999.0 -9999.0 -9999.0 -9999.0 -9999.0 -9999.0 -9999.0 -9999.0 -9999.0 -9999.0 -9999.0 -9999.0 -9999.0 -9999.0
0.4005890598779673 0.4006429887289662 0.40069691757996506 0.400750846430964 0.40080477528196284 0.40085870413296176 0.4009126329839606 0.40096656183495955 0.4010204906859584 0.4010744195369573 0.4011283483879563 0.40118227723895517 0.4012362060899541 0.40129013494095295 0.40134406379195187 0.40139799264295073 0.40145192149394965 0.4015058503449485 0.4015597791959474 0.4016137080469463 0.40168720715181794 0.4017816273008881 0.40187604744995825 0.40197046759902855 -9999.0 -9999.0 -9999.0 -9999.0 -9999.0 -9999.0 -9999.0 -9999.0 -9999.0 -9999.0 -9999.0 -9999.0 -9999.0 -9999.0 -9999.0 -9999.0 -9999.0 -9999.0 -9999.0
0.40019359669130894 0.4002312511157605 0.40026890554021205 0.40030655996466363 0.4003442143891152 0.4003818688135668 0.4004195232380184 0.40045717766246997 0.40049483208692155 0.40053248651137313 0.40057014093582477 0.40060779536027635 0.40064544978472794 0.4006831042091795 0.4007207586336311 0.40075841305808263 0.4007960674825342 0.4008337219069858 0.4008713763314374 0.40090903075588896 0.40096557448760456 0.4010423113161864 0.4011190481447682 -9999.0 -9999.0 -9999.0 -9999.0 -9999.0 -9999.0 -9999.0 -9999.0 -9999.0 -9999.0 -9999.0 -9999.0 -9999.0 -9999.0 -9999.0 -9999.0 -9999.0 -9999.0 -9999.0 -9999.0
0.39979813350465054 0.3998195135025548 0.3998408935004591 0.39986227349836334 0.39988365349626764 0.3999050334941719 0.39992641349207614 0.39994779348998044 0.3999691734878847 0.39999055348578894 0.40001193348369324 0.40003331348159754 0.4000546934795018 0.40007607347740604 0.40009745347531034 0.4001188334732146 0.40014021347111883 0.40016159346902314 0.4001829734669274 0.40020435346483163 0.4002439418233912 0.40030299533148467 -9999.0 -9999.0 -9999.0 -9999.0 -9999.0 -9999.0 -9999.0 -9999.0 -9999.0 -9999.0 -9999.0 -9999.0 -9999.0 -9999.0 -9999.0 -9999.0 -9999.0 -9999.0 -9999.0 -9999.0 -9999.0
0.3994026703179922 0.39940777588934917 0.39941288146070614 0.39941798703206305 0.39942309260342 0.399428198174777 0.39943330374613395 0.3994384093174909 0.39944351488884783 0.3994486204602048 0.39945372603156176 0.39945883160291873 0.3994639371742757 0.39946904274563266 0.3994741483169896 0.39947925388834654 0.3994843594597035 0.3994894650310605 0.39949457060241744 0.39949967617377435 0.39952230915917786 0.399563679346783 -9999.0 -9999.0 -9999.0 -9999.0 -9999.0 -9999.0 -9999.0 -9999.0 -9999.0 -9999.0 -9999.0 -9999.0 -9999.0 -9999.0 -9999.0 -9999.0 -9999.0 -9999.0 -9999.0 -9999.0 -9999.0
0.3990072071313338 0.3989960382761435 0.3989848694209531 0.39897370056576276 0.3989625317105724 0.3989513628553821 0.3989401940001917 0.39892902514500134 0.39891785628981097 0.39890668743462065 0.39889551857943023 0.3988843497242399 0.39887318086904955 0.3988620120138592 0.3988508431586688 0.3988396743034785 0.39882850544828813 0.39881733659309776 0.3988061677379074 0.3987949988827171 0.3988006764949645 0.39882436336208127 -9999.0 -9999.0 -9999.0 -9999.0 -9999.0 -9999.0 -9999.0 -9999.0 -9999.0 -9999.0 -9999.0 -9999.0 -9999.0 -9999.0 -9999.0 -9999.0 -9999.0 -9999.0 -9999.0 -9999.0 -9999.0
0.39861174394467513 0.39858430066293743 0.3985568573811998 0.3985294140994621 0.3985019708177244 0.3984745275359867 0.3984470842542491 0.39841964097251137 0.39839219769077366 0.398364754409036 0.39833731112729825 0.3983098678455606 0.3982824245638229 0.39825498128208525 0.39822753800034755 0.39820009471860984 0.3981726514368722 0.3981452081551345 0.39811776487339684 0.39809032159165914 0.3980790438307505 0.39808504737737893 0.39809105092400743 -9999.0 -9999.0 -9999.0 -9999.0 -9999.0 -9999.0 -9999.0 -9999.0 -9999.0 -9999.0 -9999.0 -9999.0 -9999.0 -9999.0 -9999.0 -9999.0 -9999.0 -9999.0 -9999.0 -9999.0
0.3982162807580168 0.3981725630497318 0.3981288453414468 0.3980851276331618 0.3980414099248768 0.3979976922165918 0.39795397450830683 0.39791025680002184 0.39786653909173686 0.3978228213834519 0.3977791036751668 0.3977353859668818 0.3976916682585968 0.3976479505503118 0.39760423284202684 0.39756051513374185 0.3975167974254568 0.39747307971717183 0.39742936200888684 0.39738564430060186 0.39735741116653717 0.39734573139267726 0.3973340516188174 0.3973223718449575 0.39731069207109765 0.3972990122972378 -9999.0 -9999.0 -9999.0 -9999.0 -9999.0 -9999.0 -9999.0 -9999.0 -9999.0 -9999.0 -9999.0 -9999.0 -9999.0 -9999.0 -9999.0 -9999.0 -9999.0
0.3978208175713584 0.39776082543652613 0.3977008333016938 0.3976408411668615 0.3975808490320292 0.3975208568971969 0.3974608647623646 0.39740087262753226 0.3973408804927 0.3972808883578677 0.3972208962230353 0.397160904088203 0.39710091195337066 0.39704091981853834 0.3969809276837061 0.39692093554887375 0.39686094341404143 0.39680095127920917 0.39674095914437685 0.3966809670095445 0.39663577850232373 0.39660641540797553 0.3965770523136274 0.39654768921927913 0.39651832612493093 0.39648896303058273 0.39645959993623453 0.39643023684188633 0.39640087374753813 -9999.0 -9999.0 -9999.0 -9999.0 -9999.0 -9999.0 -9999.0 -9999.0 -9999.0 -9999.0 -9999.0 -9999.0 -9999.0 -9999.0
0.39742535438470006 0.39734908782332046 0.3972728212619408 0.3971965547005612 0.3971202881391816 0.39704402157780194 0.39696775501642234 0.39689148845504274 0.39681522189366314 0.3967389553322835 0.39666268877090377 0.39658642220952417 0.3965101556481445 0.3964338890867649 0.3963576225253853 0.3962813559640057 0.39620508940262605 0.39612882284124645 0.39605255627986685 0.3959762897184872 0.39591414583811035 0.39586709942327386 0.3958200530084373 0.3957730065936007 0.39572596017876416 0.39567891376392766 0.3956318673490911 0.39558482093425457 0.3955377745194181 -9999.0 -9999.0 -9999.0 -9999.0 -9999.0 0.3952554960303989 -9999.0 -9999.0 -9999.0 -9999.0 -9999.0 -9999.0 -9999.0 -9999.0
