Figures/CREST_Example_wjb_NSE/PETs/wjb.pet.20091106.asc
ncols            288
nrows            254
xllcorner        113.274861
yllcorner        31.4918055
cellsize         0.008333333333
NODATA_value     -9999
[rows 160 to 179 of 254, columns 176 to 219 of 288]
1.4299311554914913 1.4319831608140525 1.4340351661366137 1.436087171459175 1.4381391767817362 1.4401911821042974 1.442243187426862 1.4442951927494232 1.4463471980719844 1.4483992033945456 1.4504512087171069 1.452503214039668 1.4545552193622293 1.4566072246847903 1.4586592300073515 1.4607112353299128 1.4609874316193403 1.4593652478718127 1.4577430641242852 1.456120880376755 1.4544986966292273 1.4528765128816998 1.4512543291341724 1.4496321453866448 1.4480099616391173 1.4463877778915897 1.4447655941440622 1.4431434103965346 1.4415212266490072 1.4398990429014795 1.438276859153952 1.4366546754064247 1.4350324916588943 1.4334103079113667 1.4317881241638393 1.4301659404163116 1.4285437566687842 1.4269215729212565 1.4252993891737291 1.4236772054262017 1.422055021678674 1.4204328379311466 1.418810654183619 1.4171884704360915
1.4246593888598653 1.4266063703710112 1.4285533518821574 1.4305003333933033 1.4324473149044492 1.4343942964155951 1.4363412779267444 1.4382882594378903 1.4402352409490362 1.4421822224601821 1.444129203971328 1.446076185482474 1.4480231669936199 1.4499701485047658 1.4519171300159117 1.4538641115270576 1.4541213612606028 1.4525722494909934 1.4510231377213842 1.4494740259517722 1.447924914182163 1.446375802412554 1.4448266906429446 1.4432775788733354 1.4417284671037263 1.440179355334117 1.4386302435645077 1.4370811317948984 1.4355320200252892 1.43398290825568 1.4324337964860707 1.4308846847164616 1.4293355729468498 1.4277864611772404 1.4262373494076312 1.4246882376380219 1.4231391258684127 1.4215900140988036 1.4200409023291942 1.418491790559585 1.4169426787899757 1.4153935670203666 1.4138444552507574 1.412295343481148
1.4193876222282396 1.4212295799279704 1.423071537627701 1.4249134953274316 1.4267554530271622 1.4285974107268928 1.4304393684266268 1.4322813261263574 1.434123283826088 1.4359652415258186 1.4378071992255494 1.43964915692528 1.4414911146250107 1.4433330723247413 1.4451750300244721 1.4470169877242027 1.447255290901865 1.4457792511101741 1.4443032113184833 1.4428271715267897 1.4413511317350989 1.439875091943408 1.438399052151717 1.436923012360026 1.4354469725683352 1.4339709327766441 1.4324948929849532 1.4310188531932624 1.4295428134015713 1.4280667736098804 1.4265907338181896 1.4251146940264987 1.4236386542348052 1.4221626144431143 1.4206865746514232 1.4192105348597324 1.4177344950680415 1.4162584552763504 1.4147824154846596 1.4133063756929687 1.4118303359012778 1.4103542961095867 1.4088782563178959 1.407402216526205
1.4141158555966094 1.4158527894849247 1.41758972337324 1.4193266572615553 1.4210635911498706 1.4228005250381859 1.424537458926504 1.4262743928148194 1.4280113267031347 1.42974826059145 1.4314851944797653 1.4332221283680806 1.434959062256396 1.4366959961447112 1.4384329300330265 1.4401698639213418 1.4403892205431217 1.438986252729349 1.4375832849155765 1.4361803171018017 1.4347773492880291 1.4333743814742566 1.431971413660484 1.4305684458467114 1.4291654780329388 1.4277625102191662 1.4263595424053936 1.424956574591621 1.4235536067778485 1.422150638964076 1.4207476711503033 1.4193447033365307 1.4179417355227557 1.4165387677089831 1.4151357998952105 1.413732832081438 1.4123298642676654 1.4109268964538928 1.4095239286401202 1.4081209608263476 1.4067179930125753 1.4053150251988027 1.40391205738503 1.4025090895712575
1.4088440889649836 1.4104759990418836 1.4121079091187836 1.4137398191956836 1.4153717292725836 1.4170036393494838 1.4186355494263865 1.4202674595032865 1.4218993695801867 1.4235312796570867 1.4251631897339867 1.4267950998108867 1.4284270098877867 1.4300589199646867 1.4316908300415867 1.433322740118487 1.4335231501843841 1.4321932543485298 1.4308633585126755 1.429533462676819 1.4282035668409647 1.4268736710051104 1.4255437751692561 1.424213879333402 1.4228839834975477 1.4215540876616934 1.4202241918258391 1.4188942959899848 1.4175644001541305 1.4162345043182762 1.414904608482422 1.4135747126465676 1.4122448168107111 1.4109149209748568 1.4095850251390025 1.4082551293031482 1.4069252334672941 1.4055953376314398 1.4042654417955855 1.4029355459597312 1.401605650123877 1.4002757542880226 1.3989458584521683 1.397615962616314
1.4035723223333576 1.4050992085988425 1.4066260948643272 1.408152981129812 1.4096798673952968 1.4112067536607815 1.4127336399262689 1.4142605261917536 1.4157874124572385 1.4173142987227232 1.4188411849882079 1.4203680712536928 1.4218949575191775 1.4234218437846622 1.424948730050147 1.4264756163156318 1.4266570798256466 1.4254002559677106 1.4241434321097746 1.4228866082518365 1.4216297843939005 1.4203729605359645 1.4191161366780285 1.4178593128200927 1.4166024889621567 1.4153456651042207 1.4140888412462846 1.4128320173883486 1.4115751935304126 1.4103183696724768 1.4090615458145408 1.4078047219566048 1.4065478980986668 1.4052910742407307 1.4040342503827947 1.4027774265248587 1.4015206026669227 1.400263778808987 1.3990069549510509 1.3977501310931149 1.3964933072351788 1.3952364833772428 1.3939796595193068 1.392722835661371
1.3983005557017318 1.3997224181558015 1.4011442806098708 1.4025661430639405 1.4039880055180098 1.4054098679720795 1.4068317304261513 1.4082535928802207 1.4096754553342903 1.4110973177883597 1.4125191802424293 1.4139410426964987 1.4153629051505683 1.4167847676046377 1.4182066300587073 1.4196284925127767 1.419791009466909 1.4186072575868913 1.4174235057068736 1.4162397538268539 1.4150560019468363 1.4138722500668186 1.4126884981868009 1.4115047463067831 1.4103209944267656 1.4091372425467479 1.4079534906667301 1.4067697387867124 1.405585986906695 1.4044022350266772 1.4032184831466594 1.4020347312666417 1.400850979386622 1.3996672275066044 1.3984834756265867 1.397299723746569 1.3961159718665512 1.3949322199865337 1.393748468106516 1.3925647162264982 1.3913809643464805 1.390197212466463 1.3890134605864453 1.3878297087064275
1.393028789070106 1.3943456277127604 1.3956624663554147 1.3969793049980688 1.398296143640723 1.3996129822833774 1.400929820926034 1.402246659568688 1.4035634982113423 1.4048803368539966 1.4061971754966507 1.407514014139305 1.4088308527819593 1.4101476914246134 1.4114645300672677 1.412781368709922 1.4129249391081717 1.4118142592060723 1.4107035793039728 1.4095928994018716 1.4084822194997721 1.407371539597673 1.4062608596955735 1.405150179793474 1.4040394998913746 1.4029288199892753 1.4018181400871759 1.4007074601850764 1.3995967802829772 1.3984861003808777 1.3973754204787783 1.396264740576679 1.3951540606745776 1.3940433807724784 1.392932700870379 1.3918220209682794 1.3907113410661802 1.3896006611640808 1.3884899812619813 1.387379301359882 1.3862686214577826 1.3851579415556832 1.3840472616535837 1.3829365817514845
1.3877570224384803 1.3889688372697193 1.3901806521009583 1.391392466932197 1.392604281763436 1.393816096594675 1.395027911425916 1.396239726257155 1.397451541088394 1.398663355919633 1.399875170750872 1.4010869855821109 1.4022988004133499 1.4035106152445889 1.4047224300758279 1.4059342449070669 1.406058868749434 1.405021260825253 1.4039836529010719 1.402946044976889 1.401908437052708 1.4008708291285268 1.3998332212043458 1.3987956132801647 1.3977580053559835 1.3967203974318025 1.3956827895076214 1.3946451815834402 1.3936075736592592 1.392569965735078 1.391532357810897 1.390494749886716 1.389457141962533 1.388419534038352 1.3873819261141709 1.3863443181899897 1.3853067102658088 1.3842691023416276 1.3832314944174464 1.3821938864932655 1.3811562785690843 1.3801186706449033 1.3790810627207222 1.378043454796541
1.3824852558068546 1.3835920468266782 1.384698837846502 1.3858056288663256 1.3869124198861493 1.388019210905973 1.3891260019257985 1.3902327929456222 1.3913395839654459 1.3924463749852696 1.3935531660050933 1.394659957024917 1.3957667480447407 1.3968735390645644 1.397980330084388 1.3990871211042117 1.3991927983906964 1.3982282624444338 1.3972637264981709 1.3962991905519064 1.3953346546056438 1.3943701186593809 1.393405582713118 1.3924410467668553 1.3914765108205924 1.3905119748743298 1.3895474389280669 1.3885829029818042 1.3876183670355413 1.3866538310892786 1.3856892951430158 1.384724759196753 1.3837602232504886 1.3827956873042258 1.381831151357963 1.3808666154117002 1.3799020794654375 1.3789375435191746 1.3779730075729117 1.377008471626649 1.3760439356803862 1.3750793997341235 1.3741148637878606 1.373150327841598
1.3772134891752241 1.3782152563836325 1.379217023592041 1.3802187908004493 1.3812205580088575 1.3822223252172658 1.383224092425676 1.3842258596340842 1.3852276268424926 1.386229394050901 1.3872311612593093 1.3882329284677177 1.389234695676126 1.3902364628845343 1.3912382300929427 1.392239997301351 1.3923267280319531 1.3914352640636087 1.3905438000952643 1.3896523361269184 1.3887608721585738 1.3878694081902294 1.386977944221885 1.3860864802535406 1.3851950162851963 1.3843035523168516 1.3834120883485073 1.3825206243801629 1.3816291604118185 1.3807376964434739 1.3798462324751295 1.3789547685067851 1.3780633045384392 1.3771718405700948 1.3762803766017504 1.3753889126334058 1.3744974486650614 1.373605984696717 1.3727145207283726 1.371823056760028 1.3709315927916836 1.3700401288233393 1.3691486648549949 1.3682572008866505
1.3719417225435984 1.3728384659405914 1.3737352093375845 1.3746319527345776 1.3755286961315707 1.3764254395285638 1.3773221829255584 1.3782189263225515 1.3791156697195446 1.3800124131165377 1.3809091565135305 1.3818058999105236 1.3827026433075167 1.3835993867045098 1.3844961301015029 1.385392873498496 1.3854606576732156 1.3846422656827895 1.3838238736923634 1.3830054817019357 1.3821870897115096 1.3813686977210835 1.3805503057306574 1.3797319137402313 1.3789135217498052 1.378095129759379 1.3772767377689528 1.3764583457785267 1.3756399537881006 1.3748215617976745 1.3740031698072483 1.3731847778168222 1.3723663858263946 1.3715479938359685 1.3707296018455424 1.3699112098551163 1.3690928178646902 1.368274425874264 1.367456033883838 1.3666376418934119 1.3658192499029855 1.3650008579125594 1.3641824659221333 1.3633640739317072
1.3666699559119726 1.3674616754975504 1.3682533950831282 1.369045114668706 1.3698368342542837 1.3706285538398617 1.3714202734254408 1.3722119930110186 1.3730037125965964 1.3737954321821741 1.374587151767752 1.3753788713533297 1.3761705909389075 1.3769623105244853 1.377754030110063 1.3785457496956408 1.378594587314478 1.3778492673019702 1.3771039472894624 1.3763586272769532 1.3756133072644454 1.3748679872519376 1.3741226672394298 1.373377347226922 1.372632027214414 1.371886707201906 1.3711413871893983 1.3703960671768904 1.3696507471643826 1.3689054271518748 1.368160107139367 1.3674147871268592 1.36666946711435 1.3659241471018422 1.3651788270893344 1.3644335070768265 1.3636881870643187 1.362942867051811 1.362197547039303 1.3614522270267952 1.3607069070142874 1.3599615870017796 1.3592162669892718 1.358470946976764
1.3613981892803468 1.3620848850545093 1.3627715808286718 1.3634582766028343 1.364144972376997 1.3648316681511594 1.365518363925323 1.3662050596994857 1.3668917554736482 1.3675784512478106 1.368265147021973 1.3689518427961358 1.3696385385702983 1.3703252343444607 1.3710119301186232 1.371698625892786 1.3717285169557405 1.371056268921151 1.3703840208865614 1.3697117728519705 1.369039524817381 1.3683672767827915 1.367695028748202 1.3670227807136124 1.3663505326790228 1.3656782846444333 1.3650060366098438 1.3643337885752542 1.3636615405406647 1.3629892925060751 1.3623170444714856 1.361644796436896 1.3609725484023054 1.3603003003677159 1.3596280523331263 1.3589558042985368 1.3582835562639473 1.3576113082293577 1.3569390601947682 1.3562668121601786 1.355594564125589 1.3549223160909996 1.35425006805641 1.3535778200218205
1.3561264226487209 1.3567080946114682 1.3572897665742154 1.3578714385369628 1.35845311049971 1.3590347824624571 1.3596164544252054 1.3601981263879528 1.3607797983507 1.3613614703134473 1.3619431422761945 1.3625248142389417 1.363106486201689 1.3636881581644362 1.3642698301271836 1.3648515020899308 1.3648624465970027 1.3642632705403315 1.3636640944836604 1.363064918426988 1.3624657423703168 1.3618665663136456 1.3612673902569743 1.360668214200303 1.3600690381436318 1.3594698620869607 1.3588706860302895 1.3582715099736182 1.357672333916947 1.3570731578602757 1.3564739818036045 1.3558748057469332 1.355275629690261 1.3546764536335898 1.3540772775769185 1.3534781015202473 1.352878925463576 1.3522797494069048 1.3516805733502335 1.3510813972935622 1.350482221236891 1.3498830451802197 1.3492838691235487 1.3486846930668774
1.3508546560170953 1.3513313041684272 1.3518079523197593 1.3522846004710913 1.3527612486224232 1.3532378967737553 1.353714544925088 1.35419119307642 1.354667841227752 1.355144489379084 1.355621137530416 1.356097785681748 1.35657443383308 1.357051081984412 1.357527730135744 1.3580043782870759 1.3579963762382654 1.3574702721595124 1.3569441680807595 1.3564180640020056 1.3558919599232528 1.3553658558444999 1.354839751765747 1.354313647686994 1.353787543608241 1.353261439529488 1.352735335450735 1.352209231371982 1.3516831272932293 1.3511570232144763 1.3506309191357233 1.3501048150569703 1.3495787109782165 1.3490526068994635 1.3485265028207105 1.3480003987419575 1.3474742946632046 1.3469481905844518 1.3464220865056988 1.3458959824269459 1.3453698783481929 1.34484377426944 1.344317670190687 1.343791566111934
1.3455828893854649 1.3459545137253814 1.3463261380652982 1.3466977624052148 1.3470693867451313 1.347441011085048 1.3478126354249653 1.3481842597648819 1.3485558841047984 1.3489275084447152 1.3492991327846318 1.3496707571245483 1.350042381464465 1.3504140058043816 1.3507856301442982 1.351157254484215 1.3511303058795219 1.3506772737786874 1.3502242416778527 1.3497712095770174 1.3493181774761829 1.3488651453753482 1.3484121132745137 1.347959081173679 1.3475060490728445 1.3470530169720099 1.3465999848711754 1.3461469527703407 1.3456939206695062 1.3452408885686715 1.344787856467837 1.3443348243670024 1.343881792266167 1.3434287601653325 1.3429757280644978 1.3425226959636634 1.3420696638628287 1.3416166317619942 1.3411635996611595 1.340710567560325 1.3402575354594903 1.3398045033586559 1.3393514712578212 1.3388984391569867
1.340311122753839 1.3405777232823404 1.3408443238108416 1.341110924339343 1.3413775248678443 1.3416441253963458 1.3419107259248475 1.342177326453349 1.3424439269818504 1.3427105275103517 1.3429771280388532 1.3432437285673544 1.3435103290958559 1.3437769296243571 1.3440435301528586 1.3443101306813598 1.3442642355207843 1.343884275397868 1.3435043152749517 1.3431243551520349 1.3427443950291185 1.3423644349062023 1.3419844747832859 1.3416045146603697 1.3412245545374535 1.340844594414537 1.3404646342916209 1.3400846741687045 1.3397047140457883 1.3393247539228719 1.3389447937999557 1.3385648336770395 1.3381848735541224 1.3378049134312062 1.3374249533082898 1.3370449931853736 1.3366650330624572 1.336285072939541 1.3359051128166248 1.3355251526937084 1.3351451925707922 1.3347652324478758 1.3343852723249596 1.3340053122020434
1.3380001873659244 1.338209682446543 1.3384191775271617 1.3386286726077803 1.3388381676883987 1.3390476627690173 1.3392571578496364 1.3394666529302548 1.3396761480108734 1.339885643091492 1.3400951381721107 1.340304633252729 1.3405141283333477 1.3407236234139663 1.340933118494585 1.3411426135752034 1.3410845030495737 1.340740316075857 1.3403961291021405 1.3400519421284234 1.3397077551547067 1.3393635681809901 1.3390193812072735 1.338675194233557 1.3383310072598404 1.3379868202861238 1.3376426333124072 1.3372984463386908 1.3369542593649741 1.3366100723912575 1.3362658854175409 1.3359216984438245 1.3355775114701072 1.3352333244963905 1.3348891375226741 1.3345449505489575 1.3342007635752409 1.3338565766015242 1.3335123896278078 1.3331682026540912 1.3328240156803746 1.332479828706658 1.3321356417329415 1.331791454759225
1.3388541939479641 1.339057805290886 1.339261416633808 1.33946502797673 1.3396686393196517 1.3398722506625738 1.340075862005496 1.340279473348418 1.3404830846913398 1.3406866960342618 1.3408903073771838 1.3410939187201056 1.3412975300630277 1.3415011414059494 1.3417047527488715 1.3419083640917935 1.3418452334198188 1.3414969494984523 1.3411486655770861 1.3408003816557192 1.3404520977343528 1.3401038138129866 1.3397555298916204 1.339407245970254 1.3390589620488877 1.3387106781275213 1.338362394206155 1.338014110284789 1.3376658263634225 1.3373175424420563 1.33696925852069 1.3366209745993236 1.3362726906779567 1.3359244067565905 1.335576122835224 1.3352278389138579 1.3348795549924917 1.3345312710711252 1.334182987149759 1.3338347032283926 1.3334864193070264 1.3331381353856602 1.3327898514642937 1.3324415675429275
