Figures/CREST_Example_wjb_NSE/PETs/wjb.pet.20100323.asc
ncols            288
nrows            254
xllcorner        113.274861
yllcorner        31.4918055
cellsize         0.008333333333
NODATA_value     -9999
[rows 114 to 132 of 254, columns 220 to 263 of 288]
0.8338261335082102 0.8371458187442953 0.8404150144283107 0.843630235638503 0.8468454568486954 0.8500606780588877 0.8532758992690801 0.8564911204792724 0.8597063416894648 0.8629215628996572 0.8661367841098495 0.869352005320042 0.8725672265302343 0.8757824477404267 0.8789976689506245 0.8822128901608168 0.8854281113710092 0.8886433325812015 0.8918585537913939 0.8950737750015862 0.8982889962117786 0.901504217421971 0.9047194386321633 0.9079346598423558 0.9111498810525481 0.9143651022627405 0.9175803234729328 0.9207955446831306 0.924010765893323 0.9272259871035153 0.9304412083137077 0.9336564295239 0.932609338236166 0.9270057384026947 0.9214021385692235 -9999.0 -9999.0 -9999.0 -9999.0 -9999.0 -9999.0 -9999.0 -9999.0 -9999.0
0.8285011459711635 0.8316054753965464 0.8348910452827428 0.8383703653233419 0.8418496853639408 0.8453290054045398 0.8488083254451387 0.8522876454857377 0.8557669655263367 0.8592462855669356 0.8627256056075346 0.8662049256481336 0.8696842456887326 0.8731635657293315 0.8766428857699364 0.8801222058105355 0.8836015258511344 0.8870808458917333 0.8905601659323323 0.8940394859729313 0.8975188060135303 0.9009981260541292 0.9044774460947282 0.9079567661353272 0.9114360861759262 0.9149154062165251 0.9183947262571241 0.9218740462977291 0.925353366338328 0.9288326863789269 0.9323120064195259 0.9357913264601249 0.9349246009288333 0.9294118543002816 0.9238991076717299 0.9183863610431782 0.9128736144146263 -9999.0 -9999.0 -9999.0 -9999.0 -9999.0 -9999.0 -9999.0
0.8231761584341168 0.8260651320487974 0.829367076137175 0.8331104950081806 0.8368539138791862 0.8405973327501918 0.8443407516211974 0.8480841704922029 0.8518275893632085 0.8555710082342141 0.8593144271052197 0.8630578459762253 0.8668012648472309 0.8705446837182363 0.8742881025892484 0.8780315214602539 0.8817749403312595 0.8855183592022651 0.8892617780732707 0.8930051969442763 0.8967486158152819 0.9004920346862875 0.904235453557293 0.9079788724282986 0.9117222912993042 0.9154657101703098 0.9192091290413154 0.9229525479123273 0.9266959667833329 0.9304393856543385 0.934182804525344 0.9379262233963496 0.9372398636215007 0.9318179701978684 0.9263960767742361 0.9209741833506039 0.9155522899269716 0.9101303965033394 -9999.0 -9999.0 -9999.0 -9999.0 -9999.0 -9999.0
0.8178511708970702 0.8205247887010483 0.823843106991607 0.8278506246930193 0.8318581423944315 0.8358656600958436 0.8398731777972558 0.8438806954986681 0.8478882132000802 0.8518957309014924 0.8559032486029046 0.8599107663043168 0.863918284005729 0.8679258017071412 0.8719333194085602 0.8759408371099724 0.8799483548113847 0.8839558725127968 0.887963390214209 0.8919709079156212 0.8959784256170334 0.8999859433184456 0.9039934610198578 0.90800097872127 0.9120084964226822 0.9160160141240944 0.9200235318255066 0.9240310495269256 0.9280385672283378 0.93204608492975 0.9360536026311622 0.9400611203325744 0.939555126314168 0.9342240860954553 0.9288930458767425 0.9235620056580297 0.9182309654393169 0.9128999252206041 0.9075688850018914 0.9022378447831786 -9999.0 -9999.0 -9999.0 -9999.0
0.8142659404044456 0.8166713713724065 0.8198577428239201 0.8238789573263977 0.8279001718288754 0.831921386331353 0.8359426008338307 0.8399638153363084 0.843985029838786 0.8480062443412636 0.8520274588437413 0.8560486733462189 0.8600698878486965 0.8640911023511743 0.8681123168536587 0.8721335313561364 0.8761547458586141 0.8801759603610917 0.8841971748635693 0.888218389366047 0.8922396038685246 0.8962608183710024 0.90028203287348 0.9043032473759576 0.9083244618784353 0.9123456763809129 0.9163668908833906 0.9203881053858751 0.9244093198883527 0.9284305343908303 0.9324517488933081 0.9364729633957857 0.9360709719548361 0.9309404732327834 0.9258099745107307 0.920679475788678 0.9155489770666253 0.9104184783445726 0.90528797962252 0.9001574809004672 -9999.0 -9999.0 -9999.0 -9999.0
0.8125404005126327 0.8146211716091472 0.8175170503791633 0.8212842976994615 0.8250515450197597 0.828818792340058 0.8325860396603562 0.8363532869806544 0.8401205343009526 0.8438877816212508 0.847655028941549 0.8514222762618473 0.8551895235821455 0.8589567709024437 0.8627240182227484 0.8664912655430466 0.8702585128633448 0.874025760183643 0.8777930075039412 0.8815602548242394 0.8853275021445376 0.8890947494648358 0.8928619967851341 0.8966292441054323 0.9003964914257305 0.9041637387460287 0.9079309860663269 0.9116982333866316 0.9154654807069298 0.919232728027228 0.9229999753475262 0.9267672226678245 0.9263876063801674 0.9215748990235548 0.9167621916669424 0.9119494843103298 0.9071367769537173 0.9023240695971048 0.8975113622404922 0.8926986548838797 0.887885947527259 -9999.0 -9999.0 -9999.0
0.8108148606208198 0.8125709718458878 0.8151763579344065 0.8186896380725253 0.8222029182106441 0.8257161983487629 0.8292294784868817 0.8327427586250005 0.8362560387631192 0.839769318901238 0.8432825990393568 0.8467958791774756 0.8503091593155944 0.8538224394537132 0.8573357195918379 0.8608489997299567 0.8643622798680755 0.8678755600061943 0.8713888401443131 0.8749021202824319 0.8784154004205507 0.8819286805586694 0.8854419606967882 0.888955240834907 0.8924685209730258 0.8959818011111446 0.8994950812492634 0.903008361387388 0.9065216415255068 0.9100349216636257 0.9135482018017445 0.9170614819398633 0.9167042408054987 0.9122093248143264 0.907714408823154 0.9032194928319817 0.8987245768408093 0.894229660849637 0.8897347448584646 0.8852398288672922 0.8807449128761122 0.8762499968849399 0.8717550808937675 -9999.0
0.8090893207290067 0.8105207720826282 0.8128356654896496 0.816094978445589 0.8193542914015283 0.8226136043574677 0.825872917313407 0.8291322302693463 0.8323915432252857 0.835650856181225 0.8389101691371644 0.8421694820931037 0.8454287950490431 0.8486881080049824 0.8519474209609273 0.8552067339168667 0.858466046872806 0.8617253598287454 0.8649846727846847 0.8682439857406241 0.8715032986965635 0.8747626116525028 0.8780219246084422 0.8812812375643815 0.8845405505203209 0.8877998634762603 0.8910591764321996 0.8943184893881445 0.8975778023440838 0.9008371153000232 0.9040964282559625 0.9073557412119019 0.9070208752308299 0.9028437506050977 0.8986666259793655 0.8944895013536334 0.8903123767279012 0.886135252102169 0.8819581274764369 0.8777810028507047 0.8736038782249654 0.8694267535992333 0.8652496289735011 -9999.0
0.8073637808371938 0.8084705723193688 0.8104949730448928 0.8135003188186527 0.8165056645924126 0.8195110103661726 0.8225163561399325 0.8255217019136925 0.8285270476874523 0.8315323934612122 0.8345377392349722 0.8375430850087321 0.840548430782492 0.843553776556252 0.846559122330017 0.8495644681037768 0.8525698138775368 0.8555751596512967 0.8585805054250567 0.8615858511988166 0.8645911969725765 0.8675965427463365 0.8706018885200963 0.8736072342938562 0.8766125800676162 0.8796179258413761 0.882623271615136 0.8856286173889011 0.888633963162661 0.891639308936421 0.8946446547101808 0.8976500004839407 0.8973375096561613 0.8934781763958692 0.8896188431355773 0.8857595098752853 0.8819001766149933 0.8780408433547013 0.8741815100944093 0.8703221768341173 0.8664628435738188 0.8626035103135268 0.8587441770532347 0.8548848437929427
0.805638240945381 0.8064203725561094 0.808154280600136 0.8109056591917165 0.813657037783297 0.8164084163748775 0.819159794966458 0.8219111735580384 0.8246625521496189 0.8274139307411994 0.8301653093327799 0.8329166879243604 0.8356680665159408 0.8384194451075213 0.8411708236991065 0.8439222022906869 0.8466735808822675 0.849424959473848 0.8521763380654285 0.854927716657009 0.8576790952485894 0.8604304738401699 0.8631818524317504 0.8659332310233309 0.8686846096149113 0.8714359882064918 0.8741873667980723 0.8769387453896574 0.879690123981238 0.8824415025728185 0.885192881164399 0.8879442597559795 0.8876541440814925 0.8841126021866407 0.8805710602917888 0.877029518396937 0.8734879765020852 0.8699464346072334 0.8664048927123815 0.8628633508175297 0.8593218089226718 0.8557802670278201 0.8522387251329683 0.8486971832381164
0.8039127010535666 0.8043701727928483 0.8058135881553772 0.808310999564778 0.8108084109741789 0.8133058223835797 0.8158032337929806 0.8183006452023814 0.8207980566117822 0.823295468021183 0.8257928794305839 0.8282902908399847 0.8307877022493856 0.8332851136587864 0.8357825250681915 0.8382799364775924 0.8407773478869932 0.8432747592963941 0.8457721707057948 0.8482695821151957 0.8507669935245965 0.8532644049339974 0.8557618163433982 0.8582592277527991 0.8607566391621999 0.8632540505716007 0.8657514619810015 0.8682488733904066 0.8707462847998074 0.8732436962092083 0.8757411076186091 0.87823851902801 0.8779707785068156 0.8747470279774042 0.8715232774479929 0.8682995269185815 0.8650757763891701 0.8618520258597587 0.8586282753303474 0.855404524800936 0.8521807742715191 0.8489570237421077 0.8457332732126963 0.8425095226832849
0.8021871611617537 0.8023199730295889 0.8034728957106204 0.8057163399378419 0.8079597841650632 0.8102032283922846 0.812446672619506 0.8146901168467274 0.8169335610739488 0.8191770053011702 0.8214204495283917 0.823663893755613 0.8259073379828344 0.8281507822100558 0.830394226437281 0.8326376706645024 0.8348811148917238 0.8371245591189452 0.8393680033461666 0.841611447573388 0.8438548918006095 0.8460983360278308 0.8483417802550522 0.8505852244822736 0.852828668709495 0.8550721129367164 0.8573155571639378 0.859559001391163 0.8618024456183844 0.8640458898456058 0.8662893340728273 0.8685327783000486 0.8682874129321467 0.8653814537681755 0.8624754946042044 0.8595695354402332 0.856663576276262 0.8537576171122908 0.8508516579483196 0.8479456987843483 0.8450397396203723 0.8421337804564011 0.8392278212924298 0.8363218621284586
0.8004616212699407 0.8002697732663294 0.8011322032658635 0.8031216803109055 0.8051111573559475 0.8071006344009894 0.8090901114460314 0.8110795884910733 0.8130690655361154 0.8150585425811573 0.8170480196261992 0.8190374966712413 0.8210269737162832 0.8230164507613251 0.8250059278063705 0.8269954048514125 0.8289848818964545 0.8309743589414964 0.8329638359865384 0.8349533130315804 0.8369427900766223 0.8389322671216644 0.8409217441667063 0.8429112212117482 0.8449006982567903 0.8468901753018322 0.8488796523468741 0.8508691293919195 0.8528586064369614 0.8548480834820035 0.8568375605270454 0.8588270375720873 0.8586040473574781 0.8560158795589471 0.853427711760416 0.850839543961885 0.848251376163354 0.845663208364823 0.8430750405662919 0.8404868727677609 0.8378987049692255 0.8353105371706945 0.8327223693721635 0.8301342015736325
0.7987360813781278 0.7982195735030699 0.7987915108211068 0.8005270206839693 0.8022625305468318 0.8039980404096944 0.8057335502725569 0.8074690601354194 0.8092045699982819 0.8109400798611445 0.812675589724007 0.8144110995868695 0.816146609449732 0.8178821193125946 0.8196176291754601 0.8213531390383226 0.8230886489011852 0.8248241587640477 0.8265596686269102 0.8282951784897727 0.8300306883526353 0.8317661982154978 0.8335017080783604 0.835237217941223 0.8369727278040855 0.838708237666948 0.8404437475298105 0.842179257392676 0.8439147672555385 0.8456502771184011 0.8473857869812637 0.8491212968441262 0.8489206817828093 0.8466503053497185 0.8443799289166277 0.8421095524835368 0.839839176050446 0.8375687996173551 0.8352984231842643 0.8330280467511735 0.8307576703180788 0.8284872938849879 0.8262169174518971 0.8239465410188062
0.7970105414863149 0.7961693737398106 0.7964508183763499 0.797932361057033 0.7994139037377161 0.8008954464183993 0.8023769890990823 0.8038585317797654 0.8053400744604485 0.8068216171411317 0.8083031598218147 0.8097847025024978 0.8112662451831809 0.812747787863864 0.8142293305445496 0.8157108732252327 0.8171924159059158 0.818673958586599 0.820155501267282 0.8216370439479651 0.8231185866286482 0.8246001293093314 0.8260816719900144 0.8275632146706975 0.8290447573513806 0.8305263000320637 0.8320078427127467 0.8334893853934324 0.8349709280741155 0.8364524707547987 0.8379340134354817 0.8394155561161648 0.8392373162081406 0.8372847311404898 0.8353321460728392 0.8333795610051885 0.8314269759375379 0.8294743908698872 0.8275218058022366 0.8255692207345859 0.8236166356669319 0.8216640505992813 0.8197114655316305 0.8177588804639799
0.795285001594502 0.7941191739765512 0.7941101259315931 0.7953377014300969 0.7965652769286005 0.7977928524271042 0.7990204279256078 0.8002480034241115 0.8014755789226151 0.8027031544211188 0.8039307299196224 0.8051583054181262 0.8063858809166298 0.8076134564151335 0.8088410319136392 0.8100686074121428 0.8112961829106465 0.8125237584091501 0.8137513339076539 0.8149789094061575 0.8162064849046612 0.8174340604031648 0.8186616359016685 0.8198892114001721 0.8211167868986758 0.8223443623971795 0.8235719378956832 0.8247995133941889 0.8260270888926926 0.8272546643911962 0.8284822398896999 0.8297098153882035 0.8295539506334718 0.8279191569312614 0.8262843632290509 0.8246495695268403 0.8230147758246299 0.8213799821224194 0.8197451884202089 0.8181103947179984 0.8164756010157851 0.8148408073135747 0.8132060136113641 0.8115712199091536
0.7935594617026891 0.7920689742132918 0.7917694334868364 0.7927430418031606 0.7937166501194848 0.7946902584358091 0.7956638667521333 0.7966374750684575 0.7976110833847817 0.7985846917011059 0.7995583000174302 0.8005319083337544 0.8015055166500786 0.8024791249664028 0.8034527332827288 0.804426341599053 0.8053999499153772 0.8063735582317014 0.8073471665480257 0.80832077486435 0.8092943831806741 0.8102679914969984 0.8112415998133226 0.8122152081296469 0.8131888164459711 0.8141624247622953 0.8151360330786195 0.8161096413949455 0.8170832497112697 0.8180568580275939 0.8190304663439181 0.8200040746602424 0.8198705850588032 0.8185535827220328 0.8172365803852625 0.8159195780484921 0.8146025757117219 0.8132855733749516 0.8119685710381812 0.810651568701411 0.8093345663646384 0.8080175640278681 0.8067005616910977 0.8053835593543274
0.7918339218108746 0.7900187744500305 0.7894287410420775 0.7901483821762221 0.7908680233103667 0.7915876644445112 0.7923073055786558 0.7930269467128004 0.793746587846945 0.7944662289810895 0.7951858701152341 0.7959055112493787 0.7966251523835233 0.7973447935176678 0.7980644346518136 0.7987840757859582 0.7995037169201028 0.8002233580542474 0.800942999188392 0.8016626403225365 0.8023822814566811 0.8031019225908257 0.8038215637249703 0.8045412048591148 0.8052608459932595 0.8059804871274041 0.8067001282615487 0.8074197693956945 0.8081394105298391 0.8088590516639836 0.8095786927981282 0.8102983339322728 0.8101872194841261 0.8091880085127963 0.8081887975414664 0.8071895865701365 0.8061903755988067 0.8051911646274768 0.8041919536561469 0.803192742684817 0.8021935317134855 0.8011943207421556 0.8001951097708258 0.7991958987994958
0.7901083819190617 0.7879685746867712 0.7870880485973206 0.7875537225492858 0.788019396501251 0.7884850704532161 0.7889507444051812 0.7894164183571464 0.7898820923091115 0.7903477662610767 0.7908134402130419 0.791279114165007 0.7917447881169721 0.7922104620689373 0.7926761360209033 0.7931418099728684 0.7936074839248335 0.7940731578767987 0.7945388318287638 0.795004505780729 0.7954701797326941 0.7959358536846592 0.7964015276366244 0.7968672015885896 0.7973328755405548 0.7977985494925198 0.798264223444485 0.798729897396451 0.7991955713484161 0.7996612453003813 0.8001269192523464 0.8005925932043115 0.8005038539094574 0.7998224343035677 0.7991410146976781 0.7984595950917883 0.7977781754858987 0.797096755880009 0.7964153362741193 0.7957339166682296 0.7950524970623387 0.794371077456449 0.7936896578505593 0.7930082382446696
