Figures/CREST_Example_wjb_NSE/PETs/wjb.pet.20101210.asc
ncols            288
nrows            254
xllcorner        113.274861
yllcorner        31.4918055
cellsize         0.008333333333
NODATA_value     -9999
[rows 114 to 132 of 254, columns 132 to 175 of 288]
0.7868543872689867 0.7865883300973371 0.7863222729256875 0.7860562157540377 0.7857901585823881 0.7855241014107385 0.7852580442390887 0.7849919870674391 0.7847259298957895 0.7844598727241398 0.7841938155524901 0.78392775838084 0.7836617012091903 0.7833956440375407 0.783129586865891 0.7828635296942413 0.7825974725225917 0.7823314153509421 0.7820653581792923 0.7817993010076427 0.7815332438359931 0.7812671866643434 0.7810011294926937 0.7807350723210441 0.7804690151493939 0.7802029579777443 0.7799369008060946 0.7796708436344449 0.7794047864627953 0.7791387292911456 0.7789173321545083 0.7787436776055747 0.7785700230566411 0.7783963685077075 0.778222713958774 0.7780490594098405 0.7778754048609069 0.777701750311973 0.7775280957630394 0.7773544412141058 0.7771807866651723 0.7770071321162387 0.7768334775673051 0.7766598230183716
0.7874006388006105 0.7871541632628266 0.7869076877250426 0.7866612121872586 0.7864147366494747 0.7861682611116907 0.7859217855739067 0.7856753100361227 0.7854288344983388 0.7851823589605548 0.7849358834227708 0.7846894078849864 0.7844429323472024 0.7841964568094184 0.7839499812716345 0.7837035057338505 0.7834570301960665 0.7832105546582826 0.7829640791204986 0.7827176035827146 0.7824711280449306 0.7822246525071467 0.7819781769693627 0.7817317014315787 0.7814852258937943 0.7812387503560103 0.7809922748182263 0.7807457992804424 0.7804993237426584 0.7802528482048744 0.7800403997398674 0.7798643269854013 0.7796882542309352 0.7795121814764691 0.779336108722003 0.7791600359675369 0.7789839632130708 0.7788078904586044 0.7786318177041384 0.7784557449496722 0.7782796721952061 0.77810359944074 0.777927526686274 0.7777514539318079
0.7879468903322343 0.787719996428316 0.7874931025243977 0.7872662086204795 0.7870393147165612 0.7868124208126429 0.7865855269087246 0.7863586330048064 0.7861317391008881 0.7859048451969698 0.7856779512930515 0.7854510573891328 0.7852241634852145 0.7849972695812962 0.784770375677378 0.7845434817734597 0.7843165878695414 0.7840896939656231 0.7838628000617047 0.7836359061577864 0.7834090122538682 0.7831821183499499 0.7829552244460316 0.7827283305421133 0.7825014366381946 0.7822745427342763 0.782047648830358 0.7818207549264398 0.7815938610225215 0.7813669671186032 0.7811634673252265 0.7809849763652279 0.7808064854052292 0.7806279944452307 0.780449503485232 0.7802710125252335 0.7800925215652348 0.7799140306052359 0.7797355396452372 0.7795570486852386 0.77937855772524 0.7792000667652413 0.7790215758052428 0.7788430848452441
0.7884931418638582 0.7882858295938056 0.788078517323753 0.7878712050537003 0.7876638927836478 0.7874565805135951 0.7872492682435426 0.7870419559734899 0.7868346437034374 0.7866273314333847 0.7864200191633322 0.7862127068932792 0.7860053946232266 0.7857980823531739 0.7855907700831214 0.7853834578130688 0.7851761455430162 0.7849688332729636 0.784761521002911 0.7845542087328584 0.7843468964628058 0.7841395841927532 0.7839322719227005 0.783724959652648 0.783517647382595 0.7833103351125424 0.7831030228424898 0.7828957105724372 0.7826883983023846 0.782481086032332 0.7822865349105856 0.7821056257450545 0.7819247165795233 0.7817438074139922 0.781562898248461 0.7813819890829299 0.7812010799173987 0.7810201707518672 0.7808392615863361 0.780658352420805 0.7804774432552739 0.7802965340897428 0.7801156249242116 0.7799347157586805
0.7893262113717081 0.789124089324665 0.788921967277622 0.788719845230579 0.788517723183536 0.7883156011364929 0.78811347908945 0.7879113570424069 0.7877092349953638 0.7875071129483208 0.7873049909012778 0.7871028688542344 0.7869007468071914 0.7866986247601483 0.7864965027131053 0.7862943806660623 0.7860922586190192 0.7858901365719762 0.7856880145249332 0.7854858924778901 0.7852837704308471 0.785081648383804 0.7848795263367611 0.784677404289718 0.7844752822426746 0.7842731601956315 0.7840710381485886 0.7838689161015455 0.7836667940545025 0.7834646720074594 0.7832738796508899 0.7830951989897309 0.7829165183285719 0.7827378376674128 0.7825591570062538 0.7823804763450947 0.7822017956839357 0.7820231150227763 0.7818444343616173 0.7816657537004582 0.7814870730392992 0.7813083923781401 0.7811297117169811 0.7809510310558221
0.7904658712142473 0.7902535558792878 0.7900412405443283 0.7898289252093689 0.7896166098744094 0.7894042945394499 0.7891919792044904 0.7889796638695309 0.7887673485345714 0.788555033199612 0.7883427178646525 0.7881304025296927 0.7879180871947332 0.7877057718597738 0.7874934565248142 0.7872811411898547 0.7870688258548952 0.7868565105199358 0.7866441951849763 0.7864318798500168 0.7862195645150574 0.7860072491800979 0.7857949338451384 0.785582618510179 0.785370303175219 0.7851579878402596 0.7849456725053001 0.7847333571703407 0.7845210418353812 0.7843087265004217 0.7841161452262182 0.7839446601093762 0.7837731749925344 0.7836016898756925 0.7834302047588506 0.7832587196420087 0.7830872345251667 0.7829157494083245 0.7827442642914826 0.7825727791746407 0.7824012940577988 0.7822298089409568 0.782058323824115 0.781886838707273
0.7916055310567864 0.7913830224339106 0.7911605138110346 0.7909380051881587 0.7907154965652827 0.7904929879424069 0.790270479319531 0.790047970696655 0.7898254620737791 0.7896029534509031 0.7893804448280273 0.789157936205151 0.7889354275822751 0.7887129189593991 0.7884904103365232 0.7882679017136474 0.7880453930907714 0.7878228844678955 0.7876003758450195 0.7873778672221436 0.7871553585992678 0.7869328499763918 0.7867103413535159 0.7864878327306399 0.7862653241077636 0.7860428154848877 0.7858203068620119 0.7855977982391359 0.78537528961626 0.785152780993384 0.7849584108015466 0.7847941212290218 0.784629831656497 0.7844655420839722 0.7843012525114474 0.7841369629389227 0.7839726733663979 0.7838083837938729 0.7836440942213481 0.7834798046488233 0.7833155150762985 0.7831512255037737 0.7829869359312489 0.7828226463587241
0.7927451908993256 0.7925124889885332 0.7922797870777408 0.7920470851669486 0.7918143832561562 0.7915816813453638 0.7913489794345714 0.7911162775237791 0.7908835756129867 0.7906508737021943 0.790418171791402 0.7901854698806092 0.7899527679698168 0.7897200660590246 0.7894873641482322 0.7892546622374398 0.7890219603266474 0.7887892584158551 0.7885565565050627 0.7883238545942703 0.788091152683478 0.7878584507726857 0.7876257488618933 0.7873930469511009 0.7871603450403082 0.7869276431295158 0.7866949412187234 0.7864622393079311 0.7862295373971387 0.7859968354863464 0.7858006763768749 0.7856435823486673 0.7854864883204595 0.7853293942922519 0.7851723002640443 0.7850152062358366 0.7848581122076289 0.7847010181794211 0.7845439241512134 0.7843868301230057 0.7842297360947981 0.7840726420665904 0.7839155480383828 0.7837584540101752
0.7938848507418648 0.793641955543156 0.7933990603444472 0.7931561651457384 0.7929132699470296 0.7926703747483207 0.7924274795496119 0.7921845843509031 0.7919416891521943 0.7916987939534855 0.7914558987547767 0.7912130035560675 0.7909701083573587 0.7907272131586499 0.7904843179599411 0.7902414227612323 0.7899985275625235 0.7897556323638147 0.7895127371651058 0.789269841966397 0.7890269467676883 0.7887840515689795 0.7885411563702707 0.7882982611715619 0.7880553659728526 0.7878124707741438 0.787569575575435 0.7873266803767263 0.7870837851780175 0.7868408899793087 0.7866429419522032 0.7864930434683126 0.7863431449844221 0.7861932465005316 0.7860433480166411 0.7858934495327505 0.7857435510488601 0.7855936525649693 0.7854437540810787 0.7852938555971882 0.7851439571132977 0.7849940586294072 0.7848441601455166 0.7846942616616261
0.7950245105844038 0.7947714220977786 0.7945183336111533 0.7942652451245281 0.7940121566379028 0.7937590681512776 0.7935059796646524 0.7932528911780271 0.7929998026914019 0.7927467142047766 0.7924936257181514 0.7922405372315258 0.7919874487449005 0.7917343602582753 0.79148127177165 0.7912281832850248 0.7909750947983994 0.7907220063117743 0.790468917825149 0.7902158293385237 0.7899627408518985 0.7897096523652732 0.789456563878648 0.7892034753920228 0.7889503869053971 0.7886972984187719 0.7884442099321466 0.7881911214455214 0.7879380329588962 0.7876849444722709 0.7874852075275314 0.7873425045879581 0.7871998016483847 0.7870570987088112 0.7869143957692378 0.7867716928296645 0.7866289898900911 0.7864862869505175 0.7863435840109441 0.7862008810713706 0.7860581781317973 0.7859154751922239 0.7857727722526505 0.7856300693130771
0.796164170426944 0.7959008886524023 0.7956376068778606 0.7953743251033188 0.7951110433287772 0.7948477615542355 0.7945844797796938 0.7943211980051521 0.7940579162306104 0.7937946344560687 0.793531352681527 0.7932680709069848 0.7930047891324432 0.7927415073579015 0.7924782255833598 0.7922149438088181 0.7919516620342764 0.7916883802597346 0.7914250984851929 0.7911618167106513 0.7908985349361096 0.7906352531615679 0.7903719713870262 0.7901086896124845 0.7898454078379423 0.7895821260634006 0.7893188442888589 0.7890555625143173 0.7887922807397756 0.7885289989652339 0.7883274731028603 0.7881919657076041 0.7880564583123478 0.7879209509170917 0.7877854435218354 0.7876499361265792 0.7875144287313229 0.7873789213360665 0.7872434139408102 0.787107906545554 0.7869723991502977 0.7868368917550415 0.7867013843597852 0.786565876964529
0.7973038302694831 0.797030355207025 0.7967568801445669 0.7964834050821087 0.7962099300196506 0.7959364549571925 0.7956629798947343 0.7953895048322761 0.795116029769818 0.7948425547073599 0.7945690796449018 0.7942956045824431 0.794022129519985 0.7937486544575268 0.7934751793950687 0.7932017043326106 0.7929282292701524 0.7926547542076943 0.7923812791452362 0.792107804082778 0.7918343290203199 0.7915608539578617 0.7912873788954036 0.7910139038329455 0.7907404287704868 0.7904669537080287 0.7901934786455705 0.7899200035831124 0.7896465285206543 0.7893730534581961 0.7891697386781886 0.7890414268272495 0.7889131149763104 0.7887848031253714 0.7886564912744322 0.7885281794234931 0.788399867572554 0.7882715557216147 0.7881432438706756 0.7880149320197364 0.7878866201687973 0.7877583083178582 0.7876299964669191 0.78750168461598
0.7984434901120223 0.7981598217616477 0.7978761534112732 0.7975924850608985 0.797308816710524 0.7970251483601494 0.7967414800097748 0.7964578116594002 0.7961741433090257 0.7958904749586511 0.7956068066082765 0.7953231382579015 0.7950394699075268 0.7947558015571523 0.7944721332067777 0.7941884648564032 0.7939047965060285 0.793621128155654 0.7933374598052794 0.7930537914549048 0.7927701231045302 0.7924864547541557 0.7922027864037811 0.7919191180534064 0.7916354497030315 0.7913517813526568 0.7910681130022823 0.7907844446519077 0.790500776301533 0.7902171079511585 0.790012004253517 0.789890887946895 0.7897697716402731 0.789648655333651 0.7895275390270291 0.7894064227204071 0.7892853064137851 0.789164190107163 0.789043073800541 0.788921957493919 0.788800841187297 0.7886797248806751 0.788558608574053 0.7884374922674311
0.7995831499545615 0.7992892883162704 0.7989954266779794 0.7987015650396884 0.7984077034013973 0.7981138417631064 0.7978199801248154 0.7975261184865243 0.7972322568482333 0.7969383952099423 0.7966445335716512 0.7963506719333597 0.7960568102950687 0.7957629486567777 0.7954690870184866 0.7951752253801956 0.7948813637419045 0.7945875021036136 0.7942936404653226 0.7939997788270315 0.7937059171887405 0.7934120555504495 0.7931181939121584 0.7928243322738674 0.7925304706355759 0.7922366089972849 0.7919427473589938 0.7916488857207028 0.7913550240824118 0.7910611624441208 0.7908542698288453 0.7907403490665404 0.7906264283042356 0.7905125075419307 0.7903985867796259 0.7902846660173211 0.7901707452550162 0.7900568244927112 0.7899429037304063 0.7898289829681014 0.7897150622057966 0.7896011414434918 0.7894872206811869 0.789373299918882
0.8007228097971005 0.8004187548708931 0.8001146999446856 0.7998106450184781 0.7995065900922707 0.7992025351660632 0.7988984802398558 0.7985944253136483 0.7982903703874408 0.7979863154612333 0.7976822605350259 0.7973782056088179 0.7970741506826104 0.796770095756403 0.7964660408301956 0.796161985903988 0.7958579309777806 0.7955538760515731 0.7952498211253657 0.7949457661991582 0.7946417112729507 0.7943376563467432 0.7940336014205358 0.7937295464943284 0.7934254915681204 0.7931214366419129 0.7928173817157055 0.7925133267894979 0.7922092718632905 0.791905216937083 0.7916965354041736 0.7915898101861859 0.7914830849681982 0.7913763597502104 0.7912696345322227 0.7911629093142349 0.7910561840962472 0.7909494588782594 0.7908427336602717 0.790736008442284 0.7906292832242963 0.7905225580063086 0.7904158327883208 0.7903091075703331
0.8018624696396397 0.8015482214255157 0.8012339732113919 0.8009197249972679 0.8006054767831441 0.8002912285690201 0.7999769803548963 0.7996627321407723 0.7993484839266485 0.7990342357125245 0.7987199874984007 0.7984057392842762 0.7980914910701523 0.7977772428560284 0.7974629946419045 0.7971487464277806 0.7968344982136567 0.7965202499995327 0.7962060017854088 0.7958917535712849 0.795577505357161 0.7952632571430371 0.7949490089289132 0.7946347607147893 0.7943205125006648 0.794006264286541 0.793692016072417 0.7933777678582932 0.7930635196441692 0.7927492714300454 0.7925388009795018 0.7924392713058312 0.7923397416321607 0.7922402119584901 0.7921406822848195 0.7920411526111489 0.7919416229374784 0.7918420932638076 0.7917425635901371 0.7916430339164664 0.7915435042427958 0.7914439745691253 0.7913444448954546 0.7912449152217841
0.8030021294821789 0.8026776879801385 0.8023532464780981 0.8020288049760578 0.8017043634740174 0.8013799219719772 0.8010554804699368 0.8007310389678964 0.8004065974658561 0.8000821559638157 0.7997577144617753 0.7994332729597344 0.7991088314576941 0.7987843899556537 0.7984599484536135 0.7981355069515731 0.7978110654495327 0.7974866239474924 0.797162182445452 0.7968377409434116 0.7965132994413713 0.7961888579393309 0.7958644164372906 0.7955399749352503 0.7952155334332094 0.794891091931169 0.7945666504291287 0.7942422089270883 0.7939177674250479 0.7935933259230076 0.7933810665548301 0.7932887324254767 0.7931963982961232 0.7931040641667698 0.7930117300374163 0.7929193959080628 0.7928270617787094 0.7927347276493558 0.7926423935200023 0.7925500593906489 0.7924577252612954 0.792365391131942 0.7922730570025885 0.7921807228732352
0.804141789324719 0.8038071545347623 0.8034725197448054 0.8031378849548486 0.8028032501648918 0.802468615374935 0.8021339805849782 0.8017993457950214 0.8014647110050646 0.8011300762151078 0.800795441425151 0.8004608066351936 0.8001261718452368 0.7997915370552799 0.7994569022653232 0.7991222674753664 0.7987876326854095 0.7984529978954528 0.798118363105496 0.7977837283155391 0.7974490935255824 0.7971144587356256 0.7967798239456687 0.7964451891557119 0.7961105543657546 0.7957759195757977 0.795441284785841 0.7951066499958842 0.7947720152059273 0.7944373804159706 0.794223332130159 0.7941381935451227 0.7940530549600865 0.7939679163750502 0.7938827777900138 0.7937976392049775 0.7937125006199413 0.7936273620349047 0.7935422234498685 0.7934570848648321 0.7933719462797958 0.7932868076947595 0.7932016691097232 0.7931165305246869
0.8052814491672581 0.8049366210893848 0.8045917930115116 0.8042469649336383 0.8039021368557652 0.8035573087778919 0.8032124807000186 0.8028676526221454 0.8025228245442722 0.8021779964663989 0.8018331683885257 0.8014883403106519 0.8011435122327786 0.8007986841549054 0.8004538560770321 0.8001090279991588 0.7997641999212857 0.7994193718434124 0.7990745437655392 0.7987297156876659 0.7983848876097926 0.7980400595319195 0.7976952314540462 0.7973504033761729 0.7970055752982992 0.7966607472204259 0.7963159191425526 0.7959710910646794 0.7956262629868062 0.7952814349089329 0.7950655977054875 0.7949876546647683 0.7949097116240491 0.7948317685833299 0.7947538255426108 0.7946758825018916 0.7945979394611724 0.794519996420453 0.7944420533797338 0.7943641103390147 0.7942861672982955 0.7942082242575763 0.7941302812168571 0.794052338176138
