Figures/CREST_Example_wjb_NSE/PETs/wjb.pet.20090429.asc
ncols            288
nrows            254
xllcorner        113.274861
yllcorner        31.4918055
cellsize         0.008333333333
NODATA_value     -9999
[rows 160 to 179 of 254, columns 44 to 87 of 288]
2.5260197323643583 2.5213965045139277 2.516773276663497 2.5121500488130666 2.507526820962636 2.5029035931122054 2.4982803652617753 2.4936571374113448 2.489033909560906 2.4844106817104756 2.479787453860045 2.4751642260096145 2.470540998159184 2.4659177703087534 2.461294542458323 2.4566713146078922 2.4520480867574617 2.447424858907031 2.4428016310566005 2.43817840320617 2.4335551753557394 2.428931947505301 2.4243087196548703 2.4196854918044397 2.415062263954009 2.410439036103579 2.4058158082531484 2.401192580402718 2.3968463763916126 2.392796317127163 2.388746257862713 2.3846961985982635 2.380646139333814 2.3765960800693646 2.372546020804908 2.3684959615404586 2.364445902276009 2.3603958430115592 2.3563457837471096 2.3522957244826603 2.3482456652182107 2.344195605953761 2.3401455466893113 2.3360954874248616
2.5238851077154867 2.5192641840994794 2.5146432604834716 2.5100223368674643 2.505401413251457 2.5007804896354497 2.4961595660194424 2.491538642403435 2.48691771878742 2.4822967951714126 2.4776758715554053 2.473054947939398 2.4684340243233907 2.463813100707383 2.4591921770913756 2.4545712534753683 2.449950329859361 2.4453294062433537 2.4407084826273464 2.436087559011339 2.431466635395332 2.4268457117793165 2.422224788163309 2.417603864547302 2.412982940931294 2.408362017315287 2.4037410936992796 2.3991201700832723 2.394722530287501 2.390563585943128 2.386404641598755 2.3822456972543824 2.3780867529100096 2.373927808565637 2.369768864221257 2.365609919876884 2.3614509755325113 2.3572920311881385 2.3531330868437657 2.348974142499393 2.34481519815502 2.3406562538106472 2.336497309466275 2.332338365121902
2.5217504830666146 2.5171318636850306 2.512513244303446 2.507894624921862 2.503276005540278 2.498657386158694 2.4940387667771096 2.4894201473955255 2.4848015280139335 2.4801829086323495 2.475564289250765 2.470945669869181 2.466327050487597 2.4617084311060125 2.4570898117244284 2.4524711923428444 2.4478525729612604 2.443233953579676 2.438615334198092 2.433996714816508 2.4293780954349233 2.4247594760533313 2.4201408566717473 2.4155222372901632 2.410903617908579 2.4062849985269947 2.4016663791454107 2.3970477597638267 2.3925986841833886 2.3883308547590922 2.3840630253347963 2.3797951959105004 2.3755273664862044 2.3712595370619085 2.3669917076376055 2.3627238782133095 2.3584560487890136 2.3541882193647177 2.3499203899404217 2.3456525605161254 2.3413847310918294 2.3371169016675335 2.3328490722432376 2.3285812428189416
2.5196158584177404 2.5149995432705796 2.510383228123419 2.5057669129762576 2.501150597829097 2.4965342826819357 2.491917967534775 2.487301652387614 2.4826853372404454 2.478069022093284 2.4734527069461234 2.468836391798962 2.4642200766518014 2.45960376150464 2.4549874463574795 2.4503711312103187 2.4457548160631575 2.4411385009159967 2.436522185768836 2.4319058706216747 2.427289555474514 2.422673240327345 2.418056925180184 2.4134406100330232 2.408824294885862 2.4042079797387013 2.3995916645915405 2.3949753494443793 2.3904748380792746 2.3860981235750556 2.381721409070836 2.377344694566617 2.372967980062398 2.3685912655581784 2.364214551053952 2.3598378365497323 2.3554611220455133 2.351084407541294 2.3467076930370747 2.3423309785328557 2.337954264028636 2.333577549524417 2.3292008350201976 2.3248241205159785
2.517481233768869 2.512867222856131 2.5082532119433933 2.5036392010306554 2.499025190117918 2.49441117920518 2.4897971682924425 2.4851831573797045 2.480569146466959 2.475955135554221 2.4713411246414836 2.4667271137287456 2.462113102816008 2.45749909190327 2.4528850809905323 2.4482710700777948 2.443657059165057 2.4390430482523193 2.4344290373395814 2.429815026426844 2.425201015514106 2.4205870046013604 2.4159729936886225 2.411358982775885 2.406744971863147 2.4021309609504096 2.3975169500376716 2.392902939124934 2.388350991975163 2.3838653923910207 2.379379792806878 2.374894193222736 2.3704085936385932 2.3659229940544506 2.3614373944703004 2.3569517948861582 2.3524661953020156 2.3479805957178734 2.343494996133731 2.339009396549588 2.334523796965446 2.3300381973813034 2.325552597797161 2.3210669982130185
2.5153466091199967 2.510734902441682 2.506123195763368 2.501511489085053 2.4968997824067385 2.4922880757284243 2.4876763690501096 2.483064662371795 2.4784529556934727 2.473841249015158 2.4692295423368438 2.464617835658529 2.4600061289802144 2.4553944223019 2.4507827156235855 2.446171008945271 2.441559302266956 2.436947595588642 2.4323358889103273 2.4277241822320126 2.4231124755536984 2.4185007688753757 2.4138890621970615 2.4092773555187468 2.404665648840432 2.400053942162118 2.395442235483803 2.3908305288054885 2.386227145871051 2.381632661206986 2.37703817654292 2.3724436918788543 2.3678492072147885 2.3632547225507228 2.3586602378866495 2.3540657532225837 2.3494712685585184 2.3448767838944526 2.340282299230387 2.335687814566321 2.3310933299022554 2.32649884523819 2.3219043605741243 2.3173098759100585
2.5132119844711247 2.5086025820272337 2.5039931795833423 2.499383777139451 2.4947743746955595 2.490164972251668 2.485555569807777 2.4809461673638857 2.4763367649199863 2.471727362476095 2.467117960032204 2.4625085575883126 2.457899155144421 2.4532897527005297 2.4486803502566383 2.444070947812747 2.439461545368856 2.4348521429249645 2.430242740481073 2.4256333380371817 2.4210239355932903 2.4164145331493914 2.4118051307055 2.4071957282616085 2.402586325817717 2.3979769233738257 2.3933675209299348 2.3887581184860434 2.3841032997669394 2.3793999300229505 2.3746965602789616 2.369993190534973 2.3652898207909843 2.3605864510469954 2.3558830813029985 2.3511797115590096 2.3464763418150207 2.341772972071032 2.337069602327043 2.332366232583054 2.327662862839065 2.3229594930950763 2.3182561233510874 2.3135527536070986
2.5110773598222527 2.5064702616127845 2.5018631634033164 2.4972560651938482 2.49264896698438 2.488041868774912 2.483434770565444 2.4788276723559757 2.4742205741464995 2.4696134759370314 2.4650063777275633 2.4603992795180956 2.4557921813086274 2.4511850830991593 2.446577984889691 2.441970886680223 2.437363788470755 2.4327566902612867 2.4281495920518186 2.4235424938423504 2.4189353956328823 2.414328297423406 2.409721199213938 2.40511410100447 2.4005070027950017 2.3958999045855336 2.3912928063760654 2.3866857081665973 2.381979453662827 2.377167198838915 2.372354944015003 2.367542689191091 2.362730434367179 2.357918179543267 2.3531059247193467 2.3482936698954346 2.3434814150715226 2.3386691602476106 2.3338569054236986 2.3290446505997866 2.3242323957758746 2.3194201409519626 2.3146078861280506 2.3097956313041386
2.5089427351733806 2.5043379411983357 2.499733147223291 2.495128353248246 2.490523559273201 2.4859187652981563 2.4813139713231114 2.476709177348066 2.4721043833730136 2.4674995893979688 2.4628947954229234 2.4582900014478786 2.4536852074728337 2.449080413497789 2.444475619522744 2.439870825547699 2.435266031572654 2.4306612375976093 2.4260564436225645 2.421451649647519 2.4168468556724743 2.412242061697422 2.4076372677223765 2.4030324737473316 2.3984276797722868 2.393822885797242 2.389218091822197 2.384613297847152 2.3798556075587154 2.3749344676548803 2.370013327751045 2.36509218784721 2.3601710479433744 2.3552499080395393 2.3503287681356957 2.3454076282318606 2.3404864883280254 2.33556534842419 2.3306442085203547 2.3257230686165196 2.3208019287126844 2.3158807888088493 2.3109596489050137 2.3060385090011786
2.506808110524509 2.502205620783887 2.4976031310432654 2.4930006413026438 2.488398151562022 2.4837956618214 2.4791931720807785 2.474590682340157 2.4699881925995273 2.4653857028589057 2.4607832131182836 2.456180723377662 2.4515782336370404 2.446975743896419 2.4423732541557968 2.437770764415175 2.4331682746745535 2.428565784933932 2.42396329519331 2.4193608054526883 2.4147583157120667 2.410155825971437 2.4055533362308155 2.4009508464901934 2.396348356749572 2.39174586700895 2.3871433772683286 2.3825408875277065 2.3777317614546036 2.3727017364708454 2.3676717114870867 2.3626416865033284 2.35761166151957 2.3525816365358114 2.3475516115520443 2.342521586568286 2.3374915615845278 2.332461536600769 2.327431511617011 2.322401486633252 2.317371461649494 2.3123414366657356 2.307311411681977 2.3022813866982186
2.504673485875635 2.5000733003694364 2.495473114863238 2.4908729293570397 2.486272743850841 2.4816725583446426 2.4770723728384443 2.4724721873322455 2.467872001826039 2.463271816319841 2.458671630813642 2.4540714453074437 2.4494712598012454 2.4448710742950466 2.4402708887888482 2.4356707032826495 2.431070517776451 2.4264703322702528 2.421870146764054 2.4172699612578556 2.412669775751657 2.4080695902454505 2.403469404739252 2.398869219233054 2.394269033726855 2.3896688482206567 2.385068662714458 2.3804684772082596 2.37560791535049 2.3704690052868083 2.365330095223127 2.360191185159445 2.355052275095763 2.3499133650320814 2.344774454968391 2.3396355449047093 2.3344966348410274 2.3293577247773456 2.324218814713664 2.3190799046499824 2.3139409945863005 2.3088020845226187 2.3036631744589373 2.2985242643952555
2.5025388612267627 2.4979409799549877 2.493343098683212 2.488745217411437 2.4841473361396615 2.4795494548678865 2.474951573596111 2.470353692324336 2.465755811052553 2.4611579297807773 2.4565600485090022 2.4519621672372267 2.4473642859654516 2.442766404693676 2.438168523421901 2.4335706421501255 2.4289727608783505 2.424374879606575 2.4197769983348 2.4151791170630243 2.4105812357912493 2.405983354519466 2.4013854732476907 2.3967875919759156 2.39218971070414 2.387591829432365 2.3829939481605895 2.3783960668888144 2.3734840692463783 2.3682362741027734 2.3629884789591684 2.3577406838155635 2.3524928886719585 2.3472450935283535 2.3419972983847397 2.3367495032411347 2.3315017080975298 2.3262539129539253 2.3210061178103203 2.3157583226667153 2.3105105275231104 2.3052627323795054 2.3000149372359004 2.2947671420922955
2.500404236577891 2.495808659540539 2.4912130825031866 2.486617505465835 2.4820219284284826 2.4774263513911303 2.4728307743537785 2.4682351973164263 2.4636396202790665 2.459044043241714 2.454448466204362 2.44985288916701 2.445257312129658 2.4406617350923057 2.4360661580549534 2.4314705810176016 2.4268750039802494 2.4222794269428976 2.4176838499055453 2.413088272868193 2.408492695830841 2.403897118793481 2.3993015417561288 2.394705964718777 2.3901103876814247 2.3855148106440724 2.3809192336067206 2.3763236565693684 2.371360223142266 2.366003542918738 2.36064686269521 2.355290182471682 2.349933502248154 2.3445768220246257 2.3392201418010883 2.33386346157756 2.328506781354032 2.323150101130504 2.317793420906976 2.312436740683448 2.3070800604599198 2.3017233802363917 2.2963667000128636 2.2910100197893355
2.498269611929019 2.49367633912609 2.489083066323161 2.484489793520232 2.4798965207173036 2.4753032479143746 2.4707099751114456 2.4661167023085167 2.46152342950558 2.456930156702651 2.452336883899722 2.447743611096793 2.4431503382938646 2.4385570654909356 2.4339637926880067 2.4293705198850777 2.4247772470821487 2.4201839742792197 2.415590701476291 2.410997428673362 2.406404155870433 2.4018108830674967 2.3972176102645677 2.3926243374616387 2.3880310646587097 2.3834377918557808 2.378844519052852 2.3742512462499232 2.3692363770381544 2.363770811734703 2.358305246431252 2.3528396811278003 2.347374115824349 2.341908550520898 2.3364429852174373 2.330977419913986 2.3255118546105344 2.3200462893070832 2.314580724003632 2.309115158700181 2.303649593396729 2.298184028093278 2.2927184627898267 2.2872528974863755
2.496134987280147 2.4915440187116413 2.4869530501431356 2.48236208157463 2.477771113006124 2.473180144437619 2.468589175869113 2.4639982073006075 2.4594072387320938 2.454816270163588 2.4502253015950823 2.4456343330265766 2.441043364458071 2.436452395889565 2.4318614273210595 2.4272704587525538 2.422679490184048 2.4180885216155423 2.4134975530470366 2.4089065844785313 2.4043156159100256 2.399724647341512 2.395133678773006 2.3905427102045005 2.3859517416359948 2.381360773067489 2.3767698044989833 2.3721788359304776 2.3671125309340426 2.3615380805506683 2.3559636301672935 2.350389179783919 2.344814729400545 2.33924027901717 2.333665828633786 2.3280913782504116 2.3225169278670372 2.3169424774836624 2.311368027100288 2.3057935767169133 2.300219126333539 2.2946446759501646 2.28907022556679 2.2834957751834155
2.4940003626312754 2.489411698297193 2.48482303396311 2.4802343696290277 2.475645705294945 2.4710570409608628 2.4664683766267803 2.461879712292698 2.4572910479586074 2.452702383624525 2.4481137192904425 2.44352505495636 2.4389363906222776 2.434347726288195 2.4297590619541127 2.4251703976200303 2.4205817332859474 2.415993068951865 2.4114044046177825 2.4068157402837 2.4022270759496176 2.397638411615527 2.3930497472814447 2.3884610829473623 2.38387241861328 2.3792837542791974 2.374695089945115 2.3701064256110325 2.364988684829931 2.359305349366633 2.3536220139033355 2.3479386784400376 2.34225534297674 2.336572007513442 2.330888672050135 2.325205336586837 2.3195220011235396 2.3138386656602417 2.3081553301969437 2.3024719947336463 2.2967886592703484 2.291105323807051 2.285421988343753 2.2797386528804555
2.491865737982401 2.487279377882742 2.482693017783083 2.478106657683423 2.473520297583764 2.468933937484105 2.4643475773844457 2.4597612172847865 2.4551748571851193 2.45058849708546 2.4460021369858005 2.4414157768861413 2.436829416786482 2.432243056686823 2.4276566965871638 2.423070336487504 2.418483976387845 2.4138976162881858 2.4093112561885266 2.4047248960888674 2.400138535989208 2.395552175889541 2.3909658157898814 2.3863794556902223 2.381793095590563 2.377206735490904 2.3726203753912447 2.368034015291585 2.3628648387258173 2.3570726181825963 2.3512803976393752 2.345488177096154 2.339695956552933 2.333903736009712 2.3281115154664813 2.3223192949232603 2.3165270743800392 2.310734853836818 2.304942633293597 2.299150412750376 2.293358192207155 2.287565971663934 2.2817737511207135 2.2759815305774924
2.489731113333529 2.4851470574682932 2.4805630016030573 2.475978945737821 2.471394889872585 2.466810834007349 2.4622267781421128 2.457642722276877 2.453058666411633 2.448474610546397 2.4438905546811607 2.4393064988159248 2.434722442950689 2.4301383870854525 2.4255543312202166 2.4209702753549807 2.4163862194897443 2.4118021636245084 2.4072181077592725 2.402634051894036 2.3980499960288 2.3934659401635563 2.3888818842983204 2.384297828433084 2.379713772567848 2.375129716702612 2.370545660837376 2.36596160497214 2.3607409926217056 2.3548398869985614 2.3489387813754172 2.343037675752273 2.3371365701291285 2.3312354645059843 2.3253343588828304 2.319433253259686 2.3135321476365416 2.3076310420133974 2.3017299363902533 2.295828830767109 2.289927725143965 2.2840266195208208 2.2781255138976766 2.2722244082745324
2.487589443649336 2.482989674762255 2.478389905875173 2.4737901369880912 2.4691903681010094 2.4645905992139276 2.4599908303268463 2.4553910614397645 2.4507912925526747 2.446191523665593 2.4415917547785115 2.4369919858914297 2.432392217004348 2.427792448117266 2.4231926792301843 2.4185929103431025 2.413993141456021 2.4093933725689394 2.4047936036818576 2.4001938347947758 2.395594065907694 2.3909942970206046 2.386394528133523 2.381794759246441 2.377194990359359 2.3725952214722774 2.367995452585196 2.3633956836981143 2.3581535841898944 2.3522248187271146 2.3462960532643344 2.3403672878015547 2.334438522338775 2.3285097568759947 2.3225809914132047 2.316652225950425 2.310723460487645 2.3047946950248654 2.2988659295620852 2.2929371640993055 2.2870083986365257 2.281079633173746 2.2751508677109658 2.269222102248186
2.4854402432664546 2.4808055020462545 2.4761707608260544 2.4715360196058542 2.466901278385654 2.462266537165454 2.457631795945254 2.4529970547250537 2.4483623135048456 2.4437275722846454 2.4390928310644453 2.434458089844245 2.429823348624045 2.425188607403845 2.4205538661836448 2.4159191249634446 2.4112843837432445 2.4066496425230444 2.4020149013028442 2.397380160082644 2.392745418862444 2.388110677642236 2.3834759364220357 2.3788411952018356 2.3742064539816354 2.3695717127614353 2.364936971541235 2.360302230321035 2.355070656849419 2.3492010562090138 2.3433314555686087 2.337461854928204 2.331592254287799 2.325722653647394 2.319853053006979 2.313983452366574 2.308113851726169 2.302244251085764 2.296374650445359 2.290505049804954 2.284635449164549 2.278765848524144 2.272896247883739 2.267026647243334
