Figures/CREST_Example_wjb_NSE/PETs/wjb.pet.20101010.asc
ncols            288
nrows            254
xllcorner        113.274861
yllcorner        31.4918055
cellsize         0.008333333333
NODATA_value     -9999
[rows 200 to 219 of 254, columns 132 to 175 of 288]
1.8932259654321213 1.8969582227987616 1.9006904801654019 1.9044227375320424 1.9081549948986827 1.911887252265323 1.9156195096319633 1.9193517669986038 1.923084024365244 1.9268162817318844 1.9305485390985246 1.9342807964651714 1.9380130538318117 1.9417453111984522 1.9454775685650925 1.9492098259317328 1.952942083298373 1.9566743406650136 1.9604065980316538 1.9641388553982941 1.9678711127649344 1.971603370131575 1.9753356274982152 1.9790678848648555 1.9828001422315022 1.9865323995981425 1.990264656964783 1.9939969143314233 1.9977291716980636 2.001461429064704 2.0029583866936393 2.0020657583372046 2.00117312998077 2.0002805016243355 1.9993878732679007 1.9984952449114661 1.9976026165550314 1.9967099881985952 1.9958173598421607 1.994924731485726 1.9940321031292914 1.9931394747728568 1.992246846416422 1.9913542180599875
1.8952579879585447 1.8991369246131455 1.9030158612677461 1.9068947979223467 1.9107737345769475 1.9146526712315481 1.918531607886149 1.9224105445407496 1.9262894811953504 1.930168417849951 1.9340473545045516 1.937926291159159 1.9418052278137596 1.9456841644683605 1.949563101122961 1.9534420377775616 1.9573209744321625 1.961199911086763 1.9650788477413639 1.9689577843959645 1.9728367210505653 1.9767156577051659 1.9805945943597667 1.9844735310143673 1.9883524676689746 1.9922314043235754 1.996110340978176 1.9999892776327766 2.0038682142873774 2.007747150941978 2.009233863252593 2.0081632336238586 2.0070926039951242 2.0060219743663903 2.004951344737656 2.0038807151089215 2.0028100854801876 2.0017394558514514 2.000668826222717 1.9995981965939829 1.9985275669652487 1.9974569373365143 1.9963863077077801 1.995315678079046
1.8972900104849681 1.9013156264275293 1.9053412423700904 1.9093668583126513 1.9133924742552124 1.9174180901977733 1.9214437061403344 1.9254693220828956 1.9294949380254565 1.9335205539680176 1.9375461699105787 1.9415717858531465 1.9455974017957076 1.9496230177382685 1.9536486336808296 1.9576742496233908 1.9616998655659517 1.9657254815085128 1.969751097451074 1.9737767133936348 1.977802329336196 1.9818279452787568 1.985853561221318 1.989879177163879 1.9939047931064469 1.997930409049008 2.001956024991569 2.00598164093413 2.010007256876691 2.0140328728192523 2.0155093398115467 2.0142607089105127 2.0130120780094787 2.011763447108445 2.010514816207411 2.009266185306377 2.0080175544053436 2.0067689235043074 2.0055202926032734 2.00427166170224 2.003023030801206 2.001774399900172 2.0005257689991383 1.9992771380981043
1.8993220330113918 1.903494328241913 1.9076666234724344 1.9118389187029559 1.9160112139334773 1.9201835091639987 1.92435580439452 1.9285280996250413 1.9327003948555628 1.9368726900860842 1.9410449853166056 1.9452172805471342 1.9493895757776554 1.9535618710081768 1.9577341662386982 1.9619064614692197 1.966078756699741 1.9702510519302625 1.9744233471607837 1.9785956423913051 1.9827679376218266 1.986940232852348 1.9911125280828694 1.9952848233133906 1.9994571185439192 2.0036294137744406 2.007801709004962 2.0119740042354834 2.016146299466005 2.0203185946965263 2.0217848163705003 2.0203581841971667 2.018931552023833 2.0175049198505 2.0160782876771663 2.0146516555038327 2.0132250233304996 2.0117983911571637 2.01037175898383 2.0089451268104965 2.0075184946371634 2.0060918624638298 2.004665230290496 2.003238598117163
1.9013540555378161 1.9056730300562978 1.9099920045747796 1.9143109790932615 1.9186299536117433 1.922948928130225 1.927267902648707 1.9315868771671887 1.9359058516856704 1.9402248262041522 1.944543800722634 1.9488627752411232 1.953181749759605 1.9575007242780869 1.9618196987965686 1.9661386733150503 1.970457647833532 1.974776622352014 1.9790955968704957 1.9834145713889775 1.9877335459074594 1.9920525204259412 1.996371494944423 2.0006904694629046 2.0050094439813937 2.0093284184998756 2.0136473930183576 2.017966367536839 2.022285342055321 2.026604316573803 2.0280602929294567 2.0264556594838234 2.0248510260381902 2.023246392592557 2.021641759146924 2.0200371257012906 2.018432492255658 2.016827858810022 2.0152232253643887 2.0136185919187555 2.0120139584731223 2.010409325027489 2.008804691581856 2.007200058136223
1.9033860780642395 1.9078517318706818 1.9123173856771238 1.916783039483566 1.9212486932900081 1.9257143470964502 1.9301800009028924 1.9346456547093345 1.9391113085157767 1.9435769623222188 1.948042616128661 1.9525082699351108 1.9569739237415529 1.961439577547995 1.9659052313544372 1.9703708851608792 1.9748365389673215 1.9793021927737635 1.9837678465802058 1.9882335003866478 1.99269915419309 1.997164807999532 2.0016304618059744 2.0060961156124164 2.010561769418866 2.0150274232253085 2.0194930770317505 2.0239587308381926 2.0284243846446346 2.032890038451077 2.03433576948841 2.0325531347704775 2.0307705000525447 2.028987865334612 2.027205230616679 2.025422595898746 2.023639961180814 2.021857326462878 2.020074691744945 2.018292057027012 2.01650942230908 2.014726787591147 2.012944152873214 2.0111615181552813
1.9054181005906627 1.9100304336850653 1.9146427667794679 1.9192550998738702 1.9238674329682728 1.9284797660626751 1.9330920991570777 1.9377044322514803 1.9423167653458826 1.9469290984402852 1.9515414315346877 1.956153764629098 1.9607660977235004 1.965378430817903 1.9699907639123053 1.9746030970067079 1.9792154301011105 1.9838277631955128 1.9884400962899154 1.993052429384318 1.9976647624787203 2.0022770955731226 2.006889428667525 2.0115017617619277 2.0161140948563383 2.0207264279507404 2.025338761045143 2.0299510941395456 2.034563427233948 2.0391757603283507 2.040611246047363 2.038650610057131 2.0366899740668987 2.0347293380766662 2.032768702086434 2.030808066096202 2.0288474301059694 2.026886794115734 2.0249261581255014 2.022965522135269 2.0210048861450365 2.019044250154804 2.017083614164572 2.0151229781743396
1.9074501231170873 1.9122091354994502 1.916968147881813 1.921727160264176 1.9264861726465388 1.9312451850289016 1.9360041974112645 1.9407632097936274 1.9455222221759902 1.9502812345583531 1.955040246940716 1.959799259323087 1.96455827170545 1.9693172840878128 1.9740762964701757 1.9788353088525386 1.9835943212349014 1.9883533336172645 1.9931123459996274 1.9978713583819903 2.002630370764353 2.007389383146716 2.0121483955290786 2.0169074079114417 2.021666420293813 2.0264254326761755 2.0311844450585386 2.035943457440901 2.0407024698232643 2.045461482205627 2.0468867226063194 2.0447480853437874 2.0426094480812553 2.0404708108187237 2.0383321735561917 2.0361935362936596 2.0340548990311276 2.031916261768592 2.02977762450606 2.027638987243528 2.025500349980996 2.0233617127184638 2.0212230754559317 2.0190844381933997
1.9153324327380983 1.9201386504925415 1.9249448682469845 1.9297510860014275 1.9345573037558708 1.9393635215103138 1.944169739264757 1.9489759570192 1.953782174773643 1.9585883925280863 1.9633946102825293 1.9682008280369805 1.9730070457914237 1.9778132635458667 1.9826194813003097 1.987425699054753 1.992231916809196 1.9970381345636392 2.001844352318082 2.0066505700725252 2.0114567878269685 2.0162630055814117 2.0210692233358545 2.0258754410902977 2.030681658844749 2.035487876599192 2.040294094353635 2.045100312108078 2.0499065298625214 2.054712747616964 2.056128367105266 2.053919360346749 2.051710353588232 2.0495013468297154 2.0472923400711984 2.0450833333126814 2.042874326554165 2.040665319795644 2.0384563130371274 2.0362473062786104 2.0340382995200934 2.031829292761577 2.02962028600306 2.027411279244543
1.9294683305331237 1.9342154223131827 1.9389625140932416 1.9437096058733003 1.9484566976533593 1.9532037894334182 1.9579508812134772 1.9626979729935359 1.9674450647735948 1.9721921565536538 1.9769392483337125 1.9816863401137796 1.9864334318938384 1.9911805236738973 1.9959276154539562 2.000674707234015 2.005421799014074 2.010168890794133 2.0149159825741916 2.0196630743542507 2.0244101661343095 2.029157257914368 2.0339043496944273 2.038651441474486 2.0433985332545532 2.048145625034612 2.0528927168146707 2.05763980859473 2.0623869003747886 2.0671339921548477 2.0685406581813415 2.0663763335119376 2.064212008842534 2.0620476841731303 2.0598833595037265 2.0577190348343226 2.055554710164919 2.053390385495512 2.051226060826108 2.049061736156704 2.0468974114873 2.044733086817897 2.042568762148493 2.040404437479089
1.9436042283281552 1.9482921941338298 1.9529801599395045 1.9576681257451791 1.9623560915508538 1.9670440573565284 1.971732023162203 1.9764199889678775 1.9811079547735522 1.9857959205792268 1.9904838863849015 1.9951718521905841 1.9998598179962588 2.004547783801933 2.009235749607608 2.0139237154132825 2.018611681218957 2.023299647024632 2.0279876128303065 2.032675578635981 2.037363544441656 2.0420515102473304 2.046739476053005 2.0514274418586798 2.0561154076643624 2.060803373470037 2.0654913392757117 2.0701793050813864 2.074867270887061 2.0795552366927357 2.080952949257422 2.0788333066771316 2.076713664096841 2.07459402151655 2.07247437893626 2.070354736355969 2.0682350937756784 2.066115451195384 2.063995808615094 2.061876166034803 2.0597565234545123 2.0576368808742216 2.0555172382939313 2.0533975957136406
1.9577401261231808 1.9623689659544712 1.9669978057857616 1.9716266456170521 1.9762554854483425 1.9808843252796329 1.9855131651109232 1.9901420049422138 1.9947708447735042 1.9993996846047946 2.004028524436085 2.0086573642673833 2.013286204098674 2.017915043929964 2.0225438837612546 2.027172723592545 2.0318015634238353 2.036430403255126 2.041059243086416 2.0456880829177067 2.0503169227489972 2.0549457625802874 2.059574602411578 2.064203442242868 2.0688322820741667 2.073461121905457 2.0780899617367474 2.082718801568038 2.087347641399328 2.0919764812306187 2.093365240333498 2.0912902798423203 2.0892153193511427 2.087140358859965 2.085065398368788 2.0829904378776103 2.0809154773864327 2.0788405168952515 2.076765556404074 2.0746905959128967 2.072615635421719 2.0705406749305415 2.068465714439364 2.0663907539481867
1.9718760239182063 1.9764457377751123 1.9810154516320186 1.9855851654889247 1.990154879345831 1.994724593202737 1.9992943070596434 2.0038640209165495 2.0084337347734555 2.013003448630362 2.017573162487268 2.022142876344182 2.0267125902010883 2.0312823040579944 2.035852017914901 2.040421731771807 2.044991445628713 2.049561159485619 2.0541308733425256 2.0587005871994317 2.063270301056338 2.067840014913244 2.0724097287701504 2.0769794426270565 2.0815491564839705 2.0861188703408766 2.0906885841977827 2.0952582980546888 2.0998280119115953 2.1043977257685014 2.105777531409573 2.1037472530075085 2.101716974605444 2.09968669620338 2.0976564178013155 2.095626139399251 2.0935958609971865 2.091565582595119 2.0895353041930544 2.08750502579099 2.0854747473889255 2.083444468986861 2.0814141905847965 2.0793839121827324
1.9860119217132377 1.9905225095957595 1.9950330974782815 1.9995436853608035 2.0040542732433253 2.0085648611258473 2.0130754490083693 2.0175860368908913 2.0220966247734133 2.0266072126559354 2.0311178005384574 2.035628388420987 2.040138976303509 2.044649564186031 2.049160152068553 2.0536707399510745 2.0581813278335965 2.0626919157161185 2.0672025035986406 2.0717130914811626 2.0762236793636846 2.0807342672462066 2.0852448551287286 2.0897554430112506 2.09426603089378 2.098776618776302 2.103287206658824 2.1077977945413457 2.1123083824238678 2.1168189703063898 2.118189822485654 2.116204226172703 2.1142186298597516 2.1122330335468003 2.110247437233849 2.1082618409208975 2.106276244607946 2.1042906482949917 2.1023050519820403 2.100319455669089 2.098333859356138 2.0963482630431867 2.0943626667302353 2.092377070417284
2.000147819508263 2.0045992814164006 2.0090507433245386 2.013502205232676 2.017953667140814 2.0224051290489515 2.0268565909570895 2.031308052865227 2.035759514773365 2.040210976681503 2.0446624385896404 2.049113900497786 2.0535653624059234 2.0580168243140613 2.062468286222199 2.0669197481303367 2.0713712100384742 2.075822671946612 2.0802741338547497 2.0847255957628876 2.089177057671025 2.093628519579163 2.098079981487301 2.1025314433954385 2.106982905303584 2.1114343672117215 2.1158858291198595 2.120337291027997 2.124788752936135 2.1292402148442724 2.1306021135617295 2.128661199337891 2.126720285114053 2.1247793708902147 2.1228384566663765 2.1208975424425383 2.1189566282187005 2.1170157139948587 2.1150747997710204 2.1131338855471826 2.1111929713233444 2.109252057099506 2.107311142875668 2.1053702286518297
2.0142837173032886 2.018676053237042 2.0230683891707955 2.027460725104549 2.0318530610383028 2.036245396972056 2.0406377329058096 2.045030068839563 2.0494224047733165 2.0538147407070704 2.058207076640824 2.062599412574585 2.0669917485083382 2.0713840844420917 2.0757764203758455 2.080168756309599 2.0845610922433524 2.088953428177106 2.0933457641108593 2.097738100044613 2.1021304359783666 2.10652277191212 2.1109151078458734 2.115307443779627 2.119699779713388 2.1240921156471417 2.128484451580895 2.1328767875146486 2.137269123448402 2.1416614593821555 2.143014404637805 2.14111817250308 2.139221940368355 2.1373257082336297 2.1354294760989045 2.1335332439641794 2.1316370118294548 2.129740779694726 2.127844547560001 2.125948315425276 2.1240520832905507 2.122155851155826 2.120259619021101 2.118363386886376
2.028419615098314 2.0327528250576834 2.0370860350170523 2.0414192449764217 2.045752454935791 2.0500856648951604 2.05441887485453 2.058752084813899 2.0630852947732685 2.067418504732638 2.0717517146920073 2.0760849246513837 2.080418134610753 2.0847513445701225 2.089084554529492 2.093417764488861 2.09775097444823 2.1020841844075995 2.106417394366969 2.110750604326338 2.1150838142857076 2.119417024245077 2.1237502342044463 2.1280834441638157 2.132416654123192 2.1367498640825615 2.141083074041931 2.1454162840013002 2.1497494939606696 2.154082703920039 2.155426695713881 2.153575145668269 2.151723595622657 2.149872045577045 2.148020495531433 2.146168945485821 2.144317395440209 2.142465845394594 2.140614295348982 2.13876274530337 2.136911195257758 2.135059645212146 2.133208095166534 2.131356545120922
2.0425555128933457 2.0468295968783305 2.051103680863316 2.0553777648483007 2.0596518488332856 2.063925932818271 2.0682000168032557 2.072474100788241 2.076748184773226 2.081022268758211 2.085296352743196 2.0895704367281884 2.0938445207131737 2.0981186046981586 2.1023926886831434 2.1066667726681287 2.1109408566531136 2.115214940638099 2.1194890246230838 2.123763108608069 2.128037192593054 2.132311276578039 2.136585360563024 2.1408594445480094 2.1451335285330013 2.1494076125179866 2.1536816965029715 2.1579557804879568 2.1622298644729416 2.166503948457927 2.1678389867899615 2.1660321188334626 2.1642252508769637 2.162418382920465 2.160611514963966 2.158804647007467 2.1569977790509682 2.1551909110944663 2.1533840431379674 2.1515771751814685 2.1497703072249696 2.1479634392684708 2.146156571311972 2.144349703355473
2.056691410688371 2.060906368698972 2.0651213267095727 2.0693362847201735 2.0735512427307743 2.077766200741375 2.081981158751976 2.0861961167625767 2.0904110747731774 2.0946260327837782 2.0988409907943795 2.1030559488049874 2.107270906815588 2.111485864826189 2.1157008228367897 2.1199157808473905 2.1241307388579913 2.128345696868592 2.1325606548791933 2.136775612889794 2.140990570900395 2.1452055289109957 2.1494204869215965 2.1536354449321973 2.157850402942805 2.162065360953406 2.166280318964007 2.170495276974608 2.1747102349852088 2.1789251929958096 2.1802512778660366 2.178489091998651 2.176726906131265 2.1749647202638793 2.1732025343964936 2.171440348529108 2.169678162661722 2.1679159767943337 2.166153790926948 2.164391605059562 2.1626294191921764 2.1608672333247907 2.159105047457405 2.157342861590019
2.070827308483396 2.074983140519613 2.0791389725558296 2.0832948045920463 2.087450636628263 2.0916064686644793 2.095762300700696 2.0999181327369127 2.1040739647731295 2.108229796809346 2.1123856288455625 2.1165414608817863 2.120697292918003 2.1248531249542197 2.129008956990436 2.1331647890266527 2.1373206210628695 2.141476453099086 2.1456322851353025 2.149788117171519 2.153943949207736 2.1580997812439526 2.1622556132801694 2.1664114453163856 2.1705672773526095 2.174723109388826 2.178878941425043 2.183034773461259 2.187190605497476 2.1913464375336926 2.1926635689421126 2.19094606516384 2.189228561385567 2.1875110576072943 2.1857935538290216 2.184076050050749 2.1823585462724764 2.180641042494201 2.178923538715928 2.1772060349376554 2.175488531159383 2.17377102738111 2.1720535236028375 2.170336019824565
