Figures/CREST_Example_wjb_NSE/PETs/wjb.pet.20090930.asc
ncols            288
nrows            254
xllcorner        113.274861
yllcorner        31.4918055
cellsize         0.008333333333
NODATA_value     -9999
[rows 120 to 139 of 254, columns 176 to 219 of 288]
2.2939983606530117 2.295155645879546 2.2963129311060806 2.297470216332615 2.298627501559149 2.2997847867856835 2.30094207201222 2.3020993572387543 2.3032566424652883 2.3044139276918227 2.305571212918357 2.3067284981448912 2.3078857833714257 2.30904306859796 2.310200353824494 2.3113576390510286 2.3122577214323488 2.3128828481525066 2.313507974872665 2.3141331015928235 2.3147582283129817 2.3153833550331395 2.3160084817532978 2.3166336084734556 2.3172587351936134 2.3178838619137716 2.3185089886339294 2.3191341153540876 2.3197592420742454 2.3203843687944032 2.3210094955145615 2.3216346222347193 2.3222597489548784 2.322884875675036 2.3235100023951945 2.3241351291153522 2.32476025583551 2.3253853825556683 2.326010509275826 2.326635635995984 2.327260762716142 2.3278858894363 2.328511016156458 2.329136142876616
2.2993045532207788 2.300408895680555 2.3015132381403314 2.3026175806001072 2.3037219230598835 2.30482626551966 2.305930607979438 2.307034950439214 2.30813929289899 2.3092436353587664 2.3103479778185427 2.3114523202783186 2.312556662738095 2.313661005197871 2.3147653476576475 2.3158696901174234 2.316710784666136 2.3172704612415145 2.317830137816893 2.3183898143922725 2.318949490967651 2.3195091675430293 2.3200688441184076 2.320628520693786 2.3211881972691644 2.3217478738445427 2.3223075504199215 2.3228672269953 2.3234269035706783 2.3239865801460566 2.324546256721435 2.3251059332968134 2.3256656098721926 2.3262252864475714 2.32678496302295 2.327344639598328 2.3279043161737065 2.328463992749085 2.3290236693244633 2.3295833458998416 2.33014302247522 2.330702699050599 2.331262375625977 2.3318220522013555
2.304610745788546 2.305662145481564 2.3067135451745817 2.3077649448676 2.308816344560618 2.309867744253636 2.310919143946656 2.311970543639674 2.313021943332692 2.31407334302571 2.3151247427187283 2.316176142411746 2.317227542104764 2.3182789417977823 2.3193303414908004 2.3203817411838186 2.3211638478999235 2.3216580743305224 2.3221523007611213 2.322646527191721 2.32314075362232 2.323634980052919 2.324129206483518 2.324623432914117 2.325117659344716 2.3256118857753143 2.3261061122059132 2.326600338636512 2.327094565067111 2.32758879149771 2.328083017928309 2.328577244358908 2.3290714707895077 2.3295656972201066 2.3300599236507056 2.330554150081304 2.331048376511903 2.331542602942502 2.332036829373101 2.3325310558037 2.3330252822342987 2.3335195086648977 2.3340137350954966 2.3345079615260955
2.3099169383563125 2.3109153952825725 2.3119138522088325 2.3129123091350925 2.3139107660613525 2.3149092229876125 2.315907679913874 2.316906136840134 2.317904593766394 2.318903050692654 2.319901507618914 2.3208999645451733 2.3218984214714333 2.3228968783976933 2.3238953353239533 2.3248937922502133 2.3256169111337113 2.3260456874195303 2.32647446370535 2.3269032399911698 2.3273320162769893 2.3277607925628088 2.328189568848628 2.3286183451344473 2.329047121420267 2.329475897706086 2.3299046739919054 2.3303334502777244 2.330762226563544 2.3311910028493634 2.3316197791351825 2.332048555421002 2.332477331706822 2.3329061079926414 2.333334884278461 2.33376366056428 2.3341924368500995 2.334621213135919 2.335049989421738 2.3354787657075575 2.335907541993377 2.336336318279196 2.3367650945650156 2.337193870850835
2.3152231309240845 2.316168645083586 2.3171141592430877 2.3180596734025896 2.3190051875620914 2.3199507017215932 2.3208962158810964 2.3218417300405982 2.3227872442001 2.3237327583596015 2.3246782725191033 2.325623786678605 2.326569300838107 2.3275148149976084 2.32846032915711 2.329405843316612 2.3300699743675026 2.3304333005085422 2.330796626649582 2.3311599527906224 2.331523278931662 2.331886605072702 2.3322499312137417 2.3326132573547813 2.332976583495821 2.333339909636861 2.3337032357779006 2.3340665619189402 2.33442988805998 2.33479321420102 2.3351565403420596 2.335519866483099 2.3358831926241397 2.3362465187651793 2.336609844906219 2.336973171047259 2.3373364971882986 2.3376998233293382 2.3380631494703783 2.338426475611418 2.3387898017524575 2.339153127893497 2.3395164540345372 2.339879780175577
2.320529323491851 2.321421894884595 2.3223144662773385 2.323207037670082 2.324099609062826 2.324992180455569 2.3258847518483146 2.3267773232410582 2.3276698946338015 2.328562466026545 2.329455037419289 2.3303476088120325 2.331240180204776 2.33213275159752 2.333025322990263 2.333917894383007 2.33452303760129 2.33482091359755 2.3351187895938104 2.335416665590071 2.335714541586331 2.3360124175825914 2.3363102935788516 2.3366081695751117 2.336906045571372 2.337203921567632 2.3375017975638923 2.3377996735601525 2.3380975495564127 2.338395425552673 2.338693301548933 2.3389911775451933 2.3392890535414543 2.3395869295377145 2.3398848055339747 2.340182681530235 2.340480557526495 2.3407784335227553 2.3410763095190155 2.3413741855152757 2.341672061511536 2.341969937507796 2.342267813504056 2.3425656895003164
2.3258355160596182 2.3266751446856038 2.3275147733115893 2.328354401937575 2.3291940305635603 2.330033659189546 2.3308732878155327 2.3317129164415182 2.3325525450675038 2.3333921736934893 2.334231802319475 2.3350714309454603 2.335911059571446 2.3367506881974314 2.337590316823417 2.338429945449402 2.338976100835078 2.3392085266865585 2.3394409525380393 2.33967337838952 2.339905804241001 2.3401382300924816 2.3403706559439623 2.3406030817954426 2.3408355076469234 2.341067933498404 2.3413003593498845 2.341532785201365 2.341765211052846 2.3419976369043267 2.342230062755807 2.342462488607288 2.342694914458769 2.3429273403102493 2.34315976616173 2.343392192013211 2.3436246178646916 2.343857043716172 2.3440894695676526 2.3443218954191334 2.344554321270614 2.3447867471220945 2.345019172973575 2.345251598825056
2.3311417086273853 2.3319283944866127 2.33271508034584 2.3335017662050674 2.334288452064295 2.335075137923522 2.335861823782751 2.3366485096419782 2.3374351955012056 2.338221881360433 2.3390085672196603 2.3397952530788877 2.340581938938115 2.3413686247973424 2.34215531065657 2.342941996515797 2.3434291640688656 2.3435961397755665 2.3437631154822673 2.343930091188969 2.34409706689567 2.3442640426023713 2.344431018309072 2.344597994015773 2.3447649697224744 2.3449319454291753 2.3450989211358766 2.3452658968425775 2.345432872549279 2.3455998482559797 2.345766823962681 2.345933799669382 2.346100775376083 2.3462677510827845 2.3464347267894854 2.3466017024961867 2.3467686782028876 2.346935653909589 2.34710262961629 2.347269605322991 2.347436581029692 2.3476035567363933 2.347770532443094 2.3479375081497955
2.3364479011951524 2.3371816442876217 2.337915387380091 2.33864913047256 2.3393828735650293 2.3401166166574985 2.340850359749969 2.3415841028424382 2.3423178459349074 2.3430515890273766 2.343785332119846 2.344519075212315 2.3452528183047843 2.3459865613972535 2.3467203044897227 2.347454047582192 2.347882227302653 2.3479837528645744 2.348085278426496 2.3481868039884177 2.348288329550339 2.3483898551122606 2.348491380674182 2.348592906236104 2.3486944317980254 2.348795957359947 2.3488974829218683 2.34899900848379 2.3491005340457116 2.349202059607633 2.3493035851695545 2.3494051107314764 2.349506636293398 2.3496081618553193 2.349709687417241 2.3498112129791626 2.349912738541084 2.3500142641030055 2.350115789664927 2.350217315226849 2.3503188407887703 2.3504203663506917 2.350521891912613 2.350623417474535
2.341754093762919 2.34243489408863 2.343115694414341 2.3437964947400527 2.3444772950657637 2.345158095391475 2.3458388957171867 2.346519696042898 2.3472004963686093 2.3478812966943203 2.3485620970200314 2.3492428973457424 2.3499236976714535 2.3506044979971645 2.3512852983228756 2.3519660986485866 2.3523352905364403 2.3523713659535823 2.3524074413707243 2.3524435167878663 2.3524795922050084 2.3525156676221504 2.3525517430392924 2.3525878184564344 2.3526238938735764 2.3526599692907184 2.3526960447078604 2.3527321201250024 2.3527681955421444 2.3528042709592865 2.3528403463764285 2.3528764217935705 2.3529124972107125 2.3529485726278545 2.3529846480449965 2.3530207234621385 2.3530567988792805 2.3530928742964226 2.3531289497135646 2.3531650251307066 2.3532011005478486 2.3532371759649906 2.3532732513821326 2.3533093267992746
2.347060286330686 2.347688143889639 2.348316001448592 2.348943859007545 2.3495717165664978 2.350199574125451 2.350827431684405 2.351455289243358 2.3520831468023107 2.352711004361264 2.353338861920217 2.35396671947917 2.3545945770381227 2.3552224345970756 2.3558502921560285 2.3564781497149814 2.3567883537702277 2.3567589790425902 2.356729604314953 2.356700229587315 2.3566708548596775 2.35664148013204 2.3566121054044027 2.356582730676765 2.3565533559491274 2.35652398122149 2.3564946064938526 2.3564652317662147 2.3564358570385773 2.35640648231094 2.3563771075833024 2.3563477328556646 2.356318358128027 2.3562889834003897 2.3562596086727523 2.3562302339451144 2.356200859217477 2.3561714844898396 2.356142109762202 2.3561127350345643 2.356083360306927 2.3560539855792895 2.356024610851652 2.355995236124014
2.3523664788984577 2.3529413936906525 2.353516308482847 2.354091223275042 2.3546661380672367 2.3552410528594314 2.3558159676516275 2.356390882443822 2.356965797236017 2.3575407120282117 2.3581156268204064 2.358690541612601 2.359265456404796 2.3598403711969906 2.3604152859891854 2.3609902007813806 2.361241417004019 2.361146592131602 2.361051767259185 2.3609569423867676 2.3608621175143503 2.3607672926419334 2.360672467769516 2.3605776428970993 2.360482818024682 2.3603879931522647 2.360293168279848 2.3601983434074305 2.360103518535013 2.3600086936625964 2.359913868790179 2.359819043917762 2.359724219045345 2.3596293941729276 2.3595345693005103 2.3594397444280935 2.359344919555676 2.359250094683259 2.359155269810842 2.3590604449384247 2.358965620066008 2.3588707951935906 2.3587759703211733 2.3586811454487564
2.3576726714662244 2.358194643491661 2.358716615517098 2.3592385875425346 2.359760559567971 2.3602825315934077 2.360804503618845 2.3613264756442818 2.361848447669719 2.3623704196951554 2.362892391720592 2.3634143637460285 2.363936335771465 2.3644583077969017 2.3649802798223387 2.3655022518477753 2.365694480237807 2.36553420522061 2.3653739302034134 2.365213655186216 2.3650533801690194 2.364893105151823 2.3647328301346264 2.3645725551174297 2.364412280100233 2.3642520050830362 2.3640917300658395 2.3639314550486428 2.363771180031446 2.3636109050142498 2.363450629997053 2.3632903549798563 2.363130079962659 2.3629698049454624 2.3628095299282657 2.3626492549110694 2.3624889798938726 2.362328704876676 2.362168429859479 2.3620081548422824 2.3618478798250857 2.361687604807889 2.3615273297906922 2.361367054773496
2.3629788640339915 2.36344789329267 2.3639169225513483 2.364385951810027 2.3648549810687056 2.365324010327384 2.3657930395860634 2.3662620688447418 2.36673109810342 2.367200127362099 2.3676691566207775 2.368138185879456 2.3686072151381343 2.369076244396813 2.3695452736554916 2.37001430291417 2.370147543471594 2.369921818309618 2.369696093147642 2.3694703679856652 2.3692446428236886 2.3690189176617125 2.3687931924997363 2.36856746733776 2.368341742175784 2.368116017013808 2.3678902918518316 2.367664566689855 2.367438841527879 2.3672131163659027 2.3669873912039265 2.3667616660419504 2.3665359408799738 2.3663102157179976 2.3660844905560214 2.3658587653940453 2.3656330402320687 2.3654073150700925 2.3651815899081163 2.36495586474614 2.364730139584164 2.364504414422188 2.3642786892602117 2.364052964098235
2.3682850566017586 2.368701143093679 2.369117229585599 2.3695333160775194 2.36994940256944 2.3703654890613604 2.3707815755532815 2.3711976620452018 2.371613748537122 2.3720298350290427 2.372445921520963 2.3728620080128833 2.3732780945048035 2.3736941809967242 2.3741102674886445 2.3745263539805648 2.3746006067053815 2.374309431398626 2.37401825609187 2.373727080785114 2.373435905478358 2.373144730171602 2.3728535548648466 2.3725623795580906 2.372271204251335 2.371980028944579 2.3716888536378233 2.3713976783310677 2.3711065030243117 2.370815327717556 2.3705241524108005 2.3702329771040445 2.3699418017972884 2.3696506264905324 2.3693594511837768 2.3690682758770207 2.368777100570265 2.3684859252635095 2.3681947499567535 2.367903574649998 2.3676123993432423 2.3673212240364863 2.3670300487297307 2.3667388734229746
2.3735912491695257 2.373954392894688 2.37431753661985 2.3746806803450125 2.3750438240701746 2.3754069677953367 2.3757701115204997 2.376133255245662 2.3764963989708243 2.3768595426959864 2.377222686421149 2.377585830146311 2.377948973871473 2.3783121175966357 2.378675261321798 2.37903840504696 2.3790536699391693 2.3786970444876343 2.378340419036099 2.377983793584563 2.3776271681330274 2.3772705426814924 2.376913917229957 2.3765572917784215 2.3762006663268864 2.375844040875351 2.3754874154238155 2.3751307899722804 2.374774164520745 2.3744175390692095 2.374060913617674 2.373704288166139 2.373347662714603 2.3729910372630676 2.372634411811532 2.372277786359997 2.3719211609084616 2.371564535456926 2.371207910005391 2.3708512845538556 2.37049465910232 2.370138033650785 2.3697814081992497 2.369424782747714
2.3788974417372923 2.3792076426956967 2.3795178436541007 2.379828044612505 2.380138245570909 2.380448446529313 2.380758647487718 2.3810688484461218 2.381379049404526 2.38168925036293 2.3819994513213345 2.3823096522797385 2.3826198532381424 2.382930054196547 2.3832402551549507 2.383550456113355 2.383506733172957 2.3830846575766422 2.3826625819803273 2.3822405063840115 2.3818184307876966 2.3813963551913817 2.3809742795950672 2.3805522039987523 2.3801301284024374 2.3797080528061225 2.3792859772098076 2.3788639016134927 2.378441826017178 2.378019750420863 2.377597674824548 2.3771755992282335 2.3767535236319177 2.376331448035603 2.375909372439288 2.375487296842973 2.375065221246658 2.3746431456503436 2.3742210700540287 2.373798994457714 2.373376918861399 2.372954843265084 2.372532767668769 2.372110692072454
2.384203634305064 2.3844608924967097 2.384718150688356 2.3849754088800017 2.3852326670716475 2.3854899252632937 2.38574718345494 2.3860044416465858 2.386261699838232 2.386518958029878 2.3867762162215236 2.38703347441317 2.3872907326048156 2.3875479907964614 2.3878052489881076 2.3880625071797534 2.387959796406748 2.3874722706656533 2.386984744924559 2.3864972191834637 2.3860096934423694 2.385522167701275 2.3850346419601802 2.384547116219086 2.3840595904779915 2.383572064736897 2.3830845389958024 2.382597013254708 2.3821094875136137 2.3816219617725194 2.3811344360314246 2.3806469102903303 2.380159384549235 2.3796718588081407 2.3791843330670464 2.3786968073259516 2.3782092815848572 2.377721755843763 2.3772342301026685 2.3767467043615738 2.3762591786204794 2.375771652879385 2.3752841271382907 2.374796601397196
2.389509826872831 2.389714142297719 2.3899184577226067 2.3901227731474943 2.3903270885723824 2.39053140399727 2.390735719422158 2.390940034847046 2.391144350271934 2.391348665696822 2.3915529811217096 2.391757296546597 2.3919616119714853 2.392165927396373 2.392370242821261 2.3925745582461486 2.392412859640536 2.3918598837546616 2.391306907868788 2.3907539319829127 2.390200956097039 2.3896479802111648 2.389095004325291 2.3885420284394168 2.387989052553543 2.3874360766676688 2.386883100781795 2.386330124895921 2.3857771490100466 2.385224173124173 2.3846711972382986 2.384118221352425 2.3835652454665497 2.383012269580676 2.3824592936948017 2.381906317808928 2.3813533419230537 2.38080036603718 2.3802473901513057 2.379694414265432 2.3791414383795577 2.3785884624936835 2.3780354866078097 2.3774825107219355
2.394816019440598 2.3949673920987276 2.3951187647568575 2.395270137414987 2.395421510073117 2.3955728827312464 2.3957242553893763 2.395875628047506 2.3960270007056357 2.3961783733637656 2.396329746021895 2.3964811186800246 2.3966324913381545 2.396783863996284 2.396935236654414 2.3970866093125434 2.396865922874323 2.3962474968436696 2.3956290708130163 2.3950106447823614 2.394392218751708 2.3937737927210545 2.393155366690401 2.392536940659747 2.391918514629094 2.3913000885984403 2.3906816625677867 2.390063236537133 2.3894448105064794 2.388826384475826 2.3882079584451725 2.387589532414519 2.3869711063838643 2.3863526803532107 2.385734254322557 2.385115828291904 2.38449740226125 2.3838789762305965 2.383260550199943 2.382642124169289 2.382023698138636 2.3814052721079824 2.3807868460773287 2.380168420046675
