Figures/CREST_Example_wjb_NSE/PETs/wjb.pet.20100204.asc
ncols            288
nrows            254
xllcorner        113.274861
yllcorner        31.4918055
cellsize         0.008333333333
NODATA_value     -9999
[rows 38 to 56 of 254, columns 88 to 131 of 288]
0.995295290887939 0.9960862627165882 0.9968772345452375 0.997668206373888 0.9984591782025372 0.9992501500311863 1.0000411218598355 1.0008320936884847 1.0016230655171339 1.0024140373457833 1.0032050091744324 1.0039959810030816 1.0047869528317308 1.00557792466038 1.005727345804532 1.0051909347607269 1.0046545237169209 1.0041181126731158 1.003581701629311 1.0030452905855058 1.0025088795417008 1.0019724684978957 1.0014360574540908 1.0008996464102857 1.0003632353664806 0.9998268243226757 0.9992904132788707 0.9987540022350656 0.9982175911912606 0.9976811801474547 0.9971447691036497 0.9966083580598446 0.9960719470160396 0.9955355359722345 0.9949991249284296 0.9944627138846245 0.9939263028408195 0.9933898917970145 0.9928534807532094 0.9923170697094045 0.9917806586655994 0.9912442476217944 0.9907078365779884 0.9901714255341835
0.9967904237451163 0.9976338437009051 0.9984772636566941 0.9993206836124844 1.0001641035682733 1.0010075235240623 1.001850943479851 1.00269436343564 1.003537783391429 1.004381203347218 1.0052246233030067 1.0060680432587956 1.0069114632145846 1.0077548831703735 1.007918994762236 1.0073569103530862 1.0067948259439352 1.0062327415347851 1.0056706571256353 1.0051085727164852 1.0045464883073352 1.0039844038981853 1.0034223194890353 1.0028602350798852 1.0022981506707354 1.0017360662615853 1.0011739818524352 1.0006118974432854 1.0000498130341353 0.9994877286249844 0.9989256442158344 0.9983635598066845 0.9978014753975344 0.9972393909883844 0.9966773065792345 0.9961152221700845 0.9955531377609345 0.9949910533517845 0.9944289689426346 0.9938668845334845 0.9933048001243345 0.9927427157151846 0.9921806313060336 0.9916185468968837
0.9982855566022947 0.9991814246852233 1.000077292768152 1.0009731608510821 1.0018690289340109 1.0027648970169394 1.0036607650998681 1.0045566331827966 1.0054525012657254 1.0063483693486541 1.0072442374315826 1.0081401055145114 1.00903597359744 1.0099318416803686 1.010110643719942 1.0095228859454473 1.008935128170951 1.0083473703964563 1.0077596126219612 1.0071718548474662 1.0065840970729714 1.0059963392984763 1.0054085815239815 1.0048208237494864 1.0042330659749914 1.0036453082004966 1.0030575504260015 1.0024697926515065 1.0018820348770117 1.0012942771025155 1.0007065193280207 1.0001187615535256 0.9995310037790307 0.9989432460045358 0.9983554882300407 0.9977677304555458 0.9971799726810509 0.9965922149065558 0.9960044571320609 0.9954166993575659 0.9948289415830709 0.994241183808576 0.99365342603408 0.9930656682595851
0.9997806894594718 1.0007290056695402 1.0016773218796085 1.0026256380896785 1.0035739542997468 1.0045222705098151 1.0054705867198834 1.0064189029299517 1.0073672191400203 1.0083155353500886 1.0092638515601569 1.0102121677702252 1.0111604839802935 1.0121088001903618 1.0123022926776462 1.0116888615378063 1.0110754303979652 1.0104619992581254 1.0098485681182854 1.0092351369784456 1.0086217058386056 1.0080082746987657 1.0073948435589257 1.006781412419086 1.006167981279246 1.005554550139406 1.004941118999566 1.0043276878597263 1.0037142567198862 1.0031008255800453 1.0024873944402053 1.0018739633003655 1.0012605321605255 1.0006471010206857 1.0000336698808456 0.9994202387410057 0.9988068076011658 0.9981933764613259 0.997579945321486 0.9969665141816461 0.9963530830418061 0.9957396519019662 0.9951262207621252 0.9945127896222853
1.0012758223166491 1.0022765866538572 1.0032773509910653 1.004278115328275 1.005278879665483 1.006279644002691 1.007280408339899 1.008281172677107 1.0092819370143151 1.0102827013515232 1.011283465688731 1.0122842300259391 1.0132849943631472 1.0142857587003553 1.0144939416353504 1.0138548371301657 1.0132157326249795 1.0125766281197948 1.0119375236146098 1.011298419109425 1.01065931460424 1.0100202100990552 1.0093811055938702 1.0087420010886854 1.0081028965835006 1.0074637920783156 1.0068246875731308 1.0061855830679458 1.005546478562761 1.004907374057575 1.0042682695523901 1.0036291650472051 1.0029900605420203 1.0023509560368355 1.0017118515316505 1.0010727470264658 1.0004336425212808 0.9997945380160959 0.999155433510911 0.9985163290057262 0.9978772245005413 0.9972381199953564 0.9965990154901704 0.9959599109849855
1.0027709551738264 1.003824167638174 1.004877380102522 1.0059305925668713 1.006983805031219 1.0080370174955668 1.0090902299599145 1.0101434424242623 1.01119665488861 1.0122498673529579 1.0133030798173055 1.0143562922816531 1.015409504746001 1.0164627172103486 1.0166855905930547 1.016020812722525 1.0153560348519939 1.0146912569814641 1.0140264791109341 1.0133617012404044 1.0126969233698744 1.0120321454993446 1.0113673676288149 1.0107025897582849 1.010037811887755 1.0093730340172253 1.0087082561466953 1.0080434782761656 1.0073787004056356 1.0067139225351047 1.006049144664575 1.005384366794045 1.0047195889235152 1.0040548110529852 1.0033900331824555 1.0027252553119257 1.0020604774413957 1.001395699570866 1.000730921700336 1.0000661438298062 0.9994013659592763 0.9987365880887465 0.9980718102182156 0.9974070323476857
1.0042660880310035 1.005371748622491 1.0064774092139783 1.0075830698054677 1.0086887303969552 1.0097943909884426 1.01090005157993 1.0120057121714174 1.0131113727629049 1.0142170333543923 1.0153226939458797 1.0164283545373671 1.0175340151288546 1.018639675720342 1.0188772395507588 1.018186788314884 1.017496337079008 1.0168058858431333 1.0161154346072583 1.0154249833713835 1.0147345321355088 1.014044080899634 1.013353629663759 1.0126631784278843 1.0119727271920096 1.0112822759561348 1.0105918247202599 1.0099013734843851 1.0092109222485104 1.0085204710126343 1.0078300197767596 1.0071395685408848 1.00644911730501 1.005758666069135 1.0050682148332604 1.0043777635973856 1.0036873123615107 1.002996861125636 1.0023064098897612 1.0016159586538864 1.0009255074180115 1.0002350561821367 0.9995446049462607 0.998854153710386
1.0057612208881808 1.006919329606808 1.008077438325435 1.0092355470440642 1.0103936557626911 1.0115517644813183 1.0127098731999455 1.0138679819185725 1.0150260906371997 1.016184199355827 1.017342308074454 1.0185004167930811 1.019658525511708 1.0208166342303353 1.0210688885084631 1.0203527639072432 1.0196366393060223 1.0189205147048026 1.0182043901035827 1.017488265502363 1.0167721409011432 1.0160560162999235 1.0153398916987038 1.0146237670974838 1.013907642496264 1.0131915178950444 1.0124753932938246 1.011759268692605 1.0110431440913852 1.0103270194901641 1.0096108948889444 1.0088947702877245 1.0081786456865047 1.007462521085285 1.0067463964840653 1.0060302718828456 1.0053141472816258 1.0045980226804059 1.0038818980791862 1.0031657734779664 1.0024496488767467 1.001733524275527 1.001017399674306 1.0003012750730862
1.0072563537453592 1.0084669105911261 1.009677467436893 1.010888024282662 1.0120985811284289 1.0133091379741956 1.0145196948199624 1.0157302516657294 1.0169408085114962 1.0181513653572631 1.01936192220303 1.0205724790487969 1.0217830358945637 1.0229935927403304 1.023260537466169 1.0225187394996043 1.0217769415330382 1.0210351435664735 1.0202933455999088 1.019551547633344 1.0188097496667794 1.0180679517002145 1.0173261537336498 1.016584355767085 1.0158425578005204 1.0151007598339556 1.0143589618673907 1.013617163900826 1.0128753659342613 1.0121335679676953 1.0113917700011306 1.0106499720345659 1.0099081740680012 1.0091663761014362 1.0084245781348715 1.0076827801683068 1.006940982201742 1.0061991842351774 1.0054573862686125 1.0047155883020478 1.003973790335483 1.0032319923689184 1.0024901944023523 1.0017483964357876
1.0087514866025364 1.010014491575443 1.0112774965483495 1.012540501521258 1.0138035064941648 1.0150665114670714 1.016329516439978 1.0175925214128845 1.018855526385791 1.0201185313586976 1.0213815363316041 1.0226445413045107 1.0239075462774172 1.0251705512503237 1.025452186423873 1.0246847150919633 1.0239172437600523 1.0231497724281426 1.022382301096233 1.0216148297643233 1.0208473584324136 1.020079887100504 1.0193124157685942 1.0185449444366845 1.0177774731047748 1.017010001772865 1.0162425304409552 1.0154750591090456 1.0147075877771359 1.0139401164452249 1.0131726451133152 1.0124051737814055 1.0116377024494958 1.0108702311175861 1.0101027597856764 1.0093352884537667 1.008567817121857 1.0078003457899474 1.0070328744580375 1.0062654031261278 1.005497931794218 1.0047304604623084 1.0039629891303974 1.0031955177984877
1.0102466194597137 1.0115620725597598 1.0128775256598062 1.0141929787598547 1.0155084318599008 1.0168238849599471 1.0181393380599935 1.0194547911600396 1.020770244260086 1.0220856973601322 1.0234011504601783 1.0247166035602246 1.026032056660271 1.027347509760317 1.0276438353815773 1.0268506906843227 1.0260575459870667 1.025264401289812 1.0244712565925573 1.0236781118953027 1.022884967198048 1.0220918225007933 1.0212986778035387 1.020505533106284 1.0197123884090293 1.0189192437117747 1.01812609901452 1.0173329543172653 1.0165398096200107 1.0157466649227547 1.0149535202255 1.0141603755282453 1.0133672308309907 1.012574086133736 1.0117809414364813 1.0109877967392267 1.010194652041972 1.0094015073447173 1.0086083626474627 1.007815217950208 1.0070220732529533 1.0062289285556987 1.0054357838584425 1.0046426391611878
1.0117417523168908 1.013109653544077 1.0144775547712628 1.015845455998451 1.017213357225637 1.0185812584528229 1.019949159680009 1.0213170609071949 1.0226849621343808 1.0240528633615669 1.0254207645887528 1.0267886658159386 1.0281565670431247 1.0295244682703106 1.0298354843392816 1.029016666276682 1.028197848214081 1.0273790301514814 1.0265602120888817 1.025741394026282 1.0249225759636824 1.0241037579010828 1.0232849398384833 1.0224661217758837 1.021647303713284 1.0208284856506844 1.0200096675880848 1.019190849525485 1.0183720314628855 1.0175532134002845 1.0167343953376848 1.0159155772750852 1.0150967592124855 1.014277941149886 1.0134591230872863 1.0126403050246866 1.0118214869620872 1.0110026688994875 1.0101838508368879 1.0093650327742882 1.0085462147116886 1.007727396649089 1.006908578586488 1.0060897605238883
1.013236885174068 1.0146572345283937 1.0160775838827194 1.0174979332370473 1.018918282591373 1.0203386319456986 1.0217589813000243 1.02317933065435 1.0245996800086756 1.0260200293630013 1.027440378717327 1.0288607280716526 1.030281077425978 1.0317014267803037 1.0320271332969857 1.031182641869041 1.0303381504410951 1.0294936590131505 1.0286491675852059 1.0278046761572615 1.0269601847293168 1.0261156933013722 1.0252712018734276 1.024426710445483 1.0235822190175385 1.022737727589594 1.0218932361616493 1.0210487447337047 1.02020425330576 1.019359761877814 1.0185152704498694 1.0176707790219248 1.0168262875939804 1.0159817961660358 1.0151373047380912 1.0142928133101465 1.013448321882202 1.0126038304542575 1.0117593390263129 1.0109148475983682 1.0100703561704236 1.009225864742479 1.008381373314533 1.0075368818865884
1.0147320180312454 1.0162048155127106 1.017677612994176 1.0191504104756437 1.0206232079571091 1.0220960054385744 1.0235688029200398 1.0250416004015053 1.0265143978829705 1.027987195364436 1.0294599928459012 1.0309327903273666 1.0324055878088318 1.0338783852902973 1.03421878225469 1.0333486174614004 1.0324784526681094 1.0316082878748198 1.0307381230815302 1.0298679582882408 1.0289977934949512 1.0281276287016616 1.027257463908372 1.0263872991150826 1.025517134321793 1.0246469695285034 1.0237768047352138 1.0229066399419244 1.0220364751486348 1.0211663103553439 1.0202961455620543 1.0194259807687647 1.018555815975475 1.0176856511821857 1.016815486388896 1.0159453215956065 1.0150751568023169 1.0142049920090275 1.0133348272157379 1.0124646624224483 1.0115944976291589 1.0107243328358693 1.009854168042578 1.0089840032492887
1.0162271508884224 1.0177523964970274 1.0192776421056324 1.02080288771424 1.0223281333228451 1.0238533789314501 1.0253786245400551 1.0269038701486601 1.0284291157572654 1.0299543613658704 1.0314796069744754 1.0330048525830804 1.0345300981916854 1.0360553438002904 1.036410431212394 1.0355145930537595 1.0346187548951236 1.033722916736489 1.0328270785778544 1.03193124041922 1.0310354022605854 1.030139564101951 1.0292437259433165 1.028347887784682 1.0274520496260475 1.026556211467413 1.0256603733087784 1.024764535150144 1.0238686969915094 1.0229728588328735 1.022077020674239 1.0211811825156043 1.02028534435697 1.0193895061983353 1.018493668039701 1.0175978298810664 1.0167019917224318 1.0158061535637974 1.0149103154051629 1.0140144772465283 1.013118639087894 1.0122228009292593 1.0113269627706234 1.0104311246119888
1.0177222837456008 1.0192999774813456 1.0208776712170904 1.0224553649528378 1.0240330586885826 1.0256107524243274 1.0271884461600722 1.028766139895817 1.0303438336315618 1.0319215273673066 1.0334992211030514 1.0350769148387962 1.036654608574541 1.0382323023102857 1.0386020801701001 1.0376805686461206 1.0367590571221394 1.03583754559816 1.0349160340741805 1.033994522550201 1.0330730110262216 1.032151499502242 1.0312299879782627 1.0303084764542831 1.0293869649303036 1.0284654534063242 1.0275439418823447 1.0266224303583653 1.0257009188343857 1.0247794073104046 1.0238578957864253 1.0229363842624457 1.0220148727384661 1.0210933612144868 1.0201718496905072 1.0192503381665279 1.0183288266425483 1.0174073151185687 1.0164858035945894 1.0155642920706098 1.0146427805466303 1.013721269022651 1.0127997574986698 1.0118782459746904
1.019217416602778 1.0208475584656627 1.022477700328547 1.0241078421914342 1.0257379840543188 1.0273681259172034 1.0289982677800877 1.0306284096429723 1.0322585515058567 1.0338886933687412 1.0355188352316256 1.0371489770945101 1.0387791189573945 1.040409260820279 1.0407937291278042 1.0398465442384799 1.0388993593491538 1.0379521744598295 1.037004989570505 1.0360578046811806 1.035110619791856 1.0341634349025315 1.0332162500132072 1.0322690651238826 1.0313218802345583 1.0303746953452337 1.0294275104559094 1.0284803255665849 1.0275331406772605 1.0265859557879344 1.0256387708986099 1.0246915860092856 1.023744401119961 1.0227972162306367 1.0218500313413121 1.0209028464519878 1.0199556615626633 1.0190084766733387 1.0180612917840144 1.0171141068946898 1.0161669220053655 1.015219737116041 1.0142725522267149 1.0133253673373905
1.0207125494599552 1.0223951394499795 1.0240777294400036 1.0257603194300307 1.0274429094200548 1.029125499410079 1.030808089400103 1.0324906793901274 1.0341732693801515 1.0358558593701757 1.0375384493601998 1.039221039350224 1.040903629340248 1.0425862193302722 1.0429853780855083 1.042012519830839 1.041039661576168 1.0400668033214986 1.039093945066829 1.0381210868121598 1.0371482285574902 1.036175370302821 1.0352025120481514 1.034229653793482 1.0332567955388128 1.0322839372841432 1.031311079029474 1.0303382207748044 1.029365362520135 1.028392504265464 1.0274196460107945 1.0264467877561252 1.0254739295014559 1.0245010712467864 1.023528212992117 1.0225553547374475 1.0215824964827782 1.0206096382281087 1.0196367799734394 1.01866392171877 1.0176910634641005 1.0167182052094312 1.0157453469547602 1.0147724887000906
1.0222076823171324 1.0239427204342963 1.0256777585514603 1.027412796668627 1.029147834785791 1.0308828729029549 1.0326179110201186 1.0343529491372825 1.0360879872544464 1.0378230253716103 1.0395580634887742 1.041293101605938 1.0430281397231018 1.0447631778402657 1.0451770270432126 1.0441784954231983 1.0431799638031822 1.0421814321831677 1.0411829005631534 1.0401843689431391 1.0391858373231246 1.0381873057031104 1.037188774083096 1.0361902424630816 1.0351917108430673 1.034193179223053 1.0331946476030385 1.0321961159830242 1.0311975843630097 1.0301990527429936 1.0292005211229793 1.028201989502965 1.0272034578829505 1.0262049262629362 1.025206394642922 1.0242078630229074 1.0232093314028932 1.0222107997828789 1.0212122681628644 1.02021373654285 1.0192152049228356 1.0182166733028213 1.0172181416828052 1.016219610062791
