Figures/CREST_Example_wjb_NSE/PETs/wjb.pet.20100730.asc
ncols            288
nrows            254
xllcorner        113.274861
yllcorner        31.4918055
cellsize         0.008333333333
NODATA_value     -9999
[rows 100 to 119 of 254, columns 45 to 89 of 288]
4.410599115766196 4.406274120950726 4.401949126135255 4.397624131319785 4.393299136504315 4.388974141688845 4.384649146873374 4.380324152057897 4.375999157242427 4.371674162426957 4.367349167611486 4.363024172796016 4.358699177980546 4.354374183165076 4.3500491883496055 4.345724193534136 4.3413991987186655 4.337074203903195 4.332749209087725 4.328424214272255 4.3240992194567776 4.319774224641307 4.315449229825837 4.311124235010367 4.306799240194897 4.302474245379426 4.298149250563956 4.293434702643465 4.288303713647446 4.283172724651426 4.278041735655408 4.272910746659388 4.2677797576633685 4.262648768667341 4.257517779671322 4.252386790675303 4.247255801679284 4.242124812683264 4.236993823687245 4.231862834691226 4.226731845695206 4.221600856699188 4.216469867703168 4.211338878707149 4.20620788971113
4.410221452846959 4.405940363277382 4.4016592737078035 4.397378184138225 4.393097094568648 4.38881600499907 4.384534915429493 4.380253825859907 4.375972736290329 4.371691646720751 4.367410557151174 4.3631294675815955 4.358848378012018 4.35456728844244 4.350286198872862 4.3460051093032845 4.341724019733706 4.337442930164128 4.333161840594551 4.328880751024973 4.324599661455387 4.32031857188581 4.316037482316232 4.311756392746654 4.3074753031770765 4.303194213607498 4.29891312403792 4.294211660140812 4.289060806584566 4.283909953028322 4.278759099472076 4.27360824591583 4.2684573923595845 4.263306538803331 4.258155685247085 4.2530048316908395 4.247853978134595 4.242703124578349 4.237552271022103 4.232401417465858 4.227250563909613 4.222099710353367 4.216948856797122 4.211798003240876 4.206647149684631
4.409843789927723 4.405606605604037 4.401369421280352 4.397132236956666 4.392895052632981 4.388657868309295 4.384420683985609 4.380183499661917 4.375946315338231 4.371709131014546 4.36747194669086 4.363234762367174 4.358997578043489 4.354760393719803 4.350523209396118 4.346286025072432 4.342048840748747 4.337811656425061 4.333574472101375 4.32933728777769 4.325100103453997 4.320862919130311 4.316625734806626 4.3123885504829405 4.308151366159255 4.3039141818355695 4.2996769975118845 4.294988617638158 4.289817899521687 4.284647181405215 4.279476463288743 4.2743057451722715 4.2691350270558 4.26396430893932 4.258793590822848 4.2536228727063765 4.248452154589905 4.243281436473433 4.238110718356961 4.2329400002404896 4.227769282124018 4.222598564007546 4.217427845891074 4.2122571277746035 4.207086409658132
4.4094661270084865 4.405272847930693 4.4010795688529 4.396886289775106 4.392693010697313 4.38849973161952 4.384306452541726 4.3801131734639265 4.375919894386133 4.37172661530834 4.367533336230546 4.363340057152754 4.35914677807496 4.354953498997167 4.350760219919374 4.346566940841581 4.342373661763787 4.338180382685994 4.333987103608201 4.329793824530407 4.325600545452607 4.3214072663748135 4.317213987297021 4.313020708219227 4.308827429141434 4.304634150063641 4.300440870985848 4.295765575135505 4.290574992458807 4.285384409782109 4.280193827105411 4.275003244428714 4.269812661752016 4.264622079075309 4.259431496398611 4.2542409137219135 4.249050331045216 4.243859748368517 4.238669165691819 4.233478583015121 4.228288000338424 4.223097417661726 4.217906834985028 4.21271625230833 4.207525669631632
4.409088464089249 4.404939090257349 4.4007897164254475 4.396640342593547 4.392490968761646 4.388341594929745 4.384192221097844 4.380042847265936 4.375893473434035 4.371744099602134 4.367594725770233 4.363445351938332 4.359295978106431 4.35514660427453 4.35099723044263 4.3468478566107285 4.342698482778828 4.338549108946927 4.334399735115026 4.330250361283125 4.326100987451217 4.321951613619316 4.317802239787415 4.313652865955514 4.309503492123613 4.305354118291712 4.301204744459811 4.296542532632851 4.2913320853959265 4.286121638159003 4.280911190922079 4.275700743685155 4.270490296448231 4.265279849211297 4.2600694019743734 4.25485895473745 4.249648507500526 4.244438060263602 4.239227613026677 4.234017165789753 4.228806718552829 4.223596271315905 4.2183858240789815 4.213175376842057 4.207964929605133
4.408710801170013 4.404605332584005 4.400499863997996 4.3963943954119875 4.392288926825978 4.38818345823997 4.384077989653962 4.379972521067946 4.375867052481937 4.371761583895928 4.36765611530992 4.363550646723912 4.359445178137903 4.355339709551894 4.351234240965885 4.347128772379877 4.343023303793869 4.33891783520786 4.334812366621851 4.330706898035842 4.326601429449827 4.322495960863819 4.31839049227781 4.314285023691801 4.310179555105793 4.306074086519784 4.301968617933776 4.2973194901301985 4.292089178333048 4.286858866535898 4.281628554738747 4.276398242941597 4.271167931144447 4.265937619347287 4.260707307550137 4.2554769957529865 4.250246683955837 4.245016372158686 4.239786060361536 4.234555748564386 4.229325436767235 4.224095124970085 4.218864813172934 4.213634501375784 4.208404189578634
4.408333138250777 4.40427157491066 4.400210011570544 4.396148448230428 4.392086884890311 4.388025321550195 4.383963758210078 4.379902194869955 4.375840631529839 4.371779068189723 4.367717504849606 4.36365594150949 4.3595943781693745 4.355532814829258 4.351471251489142 4.347409688149026 4.343348124808909 4.339286561468793 4.335224998128676 4.33116343478856 4.327101871448437 4.323040308108321 4.318978744768204 4.314917181428088 4.310855618087972 4.306794054747855 4.302732491407739 4.298096447627544 4.292846271270168 4.287596094912791 4.282345918555415 4.277095742198038 4.271845565840662 4.266595389483276 4.2613452131259 4.2560950367685235 4.2508448604111475 4.245594684053771 4.240344507696394 4.235094331339018 4.229844154981641 4.224593978624265 4.219343802266888 4.214093625909512 4.208843449552135
4.407955475331541 4.403937817237317 4.399920159143092 4.395902501048869 4.391884842954645 4.38786718486042 4.3838495267661965 4.379831868671966 4.375814210577742 4.371796552483517 4.367778894389294 4.36376123629507 4.359743578200845 4.355725920106622 4.351708262012398 4.347690603918173 4.34367294582395 4.339655287729726 4.335637629635501 4.3316199715412775 4.327602313447047 4.323584655352823 4.319566997258598 4.315549339164375 4.311531681070151 4.307514022975926 4.303496364881703 4.2988734051248905 4.293603364207288 4.288333323289685 4.2830632823720824 4.27779324145448 4.272523200536877 4.2672531596192655 4.261983118701663 4.2567130777840605 4.2514430368664575 4.246172995948855 4.240902955031252 4.2356329141136495 4.2303628731960465 4.225092832278444 4.2198227913608415 4.2145527504432385 4.2092827095256355
4.407577812412304 4.403604059563972 4.399630306715641 4.395656553867309 4.391682801018978 4.387709048170645 4.383735295322314 4.379761542473975 4.375787789625644 4.371814036777312 4.36784028392898 4.363866531080649 4.359892778232317 4.355919025383985 4.351945272535653 4.347971519687322 4.34399776683899 4.340024013990658 4.336050261142327 4.332076508293995 4.328102755445657 4.324129002597324 4.320155249748993 4.316181496900661 4.31220774405233 4.3082339912039975 4.304260238355666 4.299650362622237 4.294360457144408 4.28907055166658 4.283780646188751 4.278490740710922 4.273200835233093 4.267910929755255 4.262621024277426 4.257331118799597 4.2520412133217675 4.2467513078439385 4.2414614023661095 4.236171496888281 4.230881591410452 4.225591685932623 4.220301780454794 4.215011874976965 4.209721969499136
4.407200149493067 4.403270301890628 4.399340454288189 4.39541060668575 4.39148075908331 4.38755091148087 4.383621063878431 4.379691216275985 4.375761368673546 4.3718315210711065 4.367901673468666 4.363971825866227 4.360041978263788 4.356112130661349 4.35218228305891 4.3482524354564696 4.34432258785403 4.340392740251591 4.336462892649152 4.332533045046712 4.3286031974442665 4.324673349841826 4.320743502239387 4.316813654636948 4.312883807034509 4.308953959432069 4.3050241118296295 4.300427320119583 4.295117550081528 4.289807780043473 4.284498010005418 4.279188239967363 4.273878469929308 4.268568699891244 4.263258929853189 4.2579491598151336 4.2526393897770784 4.2473296197390225 4.242019849700967 4.236710079662912 4.231400309624857 4.226090539586802 4.220780769548747 4.215470999510692 4.210161229472637
4.406822486573831 4.402936544217284 4.399050601860737 4.395164659504189 4.391278717147642 4.3873927747910955 4.3835068324345485 4.3796208900779945 4.3757349477214476 4.371849005364901 4.367963063008354 4.364077120651806 4.360191178295259 4.356305235938712 4.352419293582165 4.348533351225618 4.344647408869071 4.340761466512523 4.336875524155976 4.3329895817994295 4.3291036394428755 4.3252176970863285 4.321331754729782 4.317445812373235 4.313559870016688 4.30967392766014 4.305787985303593 4.30120427761693 4.2958746430186485 4.290545008420367 4.285215373822085 4.279885739223804 4.274556104625523 4.269226470027233 4.263896835428951 4.25856720083067 4.2532375662323885 4.247907931634107 4.242578297035825 4.237248662437544 4.231919027839263 4.226589393240982 4.2212597586427005 4.2159301240444185 4.210600489446137
4.406444823654595 4.40260278654394 4.3987607494332845 4.39491871232263 4.391076675211975 4.3872346381013205 4.383392600990666 4.379550563880005 4.37570852676935 4.371866489658695 4.36802445254804 4.364182415437385 4.360340378326731 4.356498341216076 4.352656304105421 4.348814266994767 4.344972229884112 4.341130192773457 4.337288155662803 4.333446118552147 4.329604081441486 4.325762044330832 4.321920007220177 4.318077970109522 4.3142359329988675 4.310393895888212 4.306551858777557 4.301981235114277 4.29663173595577 4.291282236797262 4.285932737638754 4.280583238480246 4.275233739321739 4.269884240163222 4.264534741004715 4.2591852418462075 4.253835742687699 4.248486243529192 4.243136744370684 4.237787245212177 4.2324377460536695 4.227088246895161 4.221738747736654 4.216389248578146 4.211039749419639
4.406067160735358 4.402269028870595 4.398470897005833 4.39467276514107 4.390874633276308 4.387076501411546 4.383278369546783 4.3794802376820146 4.375682105817252 4.37188397395249 4.368085842087727 4.364287710222964 4.360489578358202 4.356691446493439 4.352893314628677 4.349095182763914 4.345297050899152 4.34149891903439 4.337700787169627 4.333902655304865 4.330104523440096 4.326306391575334 4.322508259710571 4.318710127845809 4.314911995981046 4.311113864116283 4.307315732251521 4.302758192611623 4.297388828892889 4.292019465174156 4.286650101455422 4.281280737736688 4.275911374017954 4.270542010299211 4.265172646580478 4.259803282861744 4.25443391914301 4.249064555424276 4.243695191705542 4.238325827986809 4.232956464268074 4.227587100549341 4.222217736830607 4.2168483731118735 4.211479009393139
4.405689497816122 4.401935271197252 4.398181044578382 4.394426817959512 4.390672591340642 4.3869183647217715 4.383164138102901 4.379409911484025 4.375655684865155 4.371901458246285 4.368147231627415 4.364393005008544 4.360638778389674 4.356884551770804 4.353130325151934 4.349376098533064 4.345621871914194 4.3418676452953235 4.338113418676453 4.334359192057583 4.330604965438706 4.326850738819836 4.323096512200966 4.3193422855820955 4.315588058963225 4.311833832344355 4.308079605725485 4.303535150108971 4.29814592183001 4.29275669355105 4.28736746527209 4.2819782369931305 4.27658900871417 4.271199780435201 4.265810552156241 4.260421323877281 4.255032095598321 4.249642867319361 4.244253639040401 4.23886441076144 4.233475182482481 4.228085954203521 4.2226967259245605 4.2173074976456 4.21191826936664
4.405311834896886 4.401601513523908 4.39789119215093 4.394180870777952 4.3904705494049745 4.386760228031997 4.383049906659019 4.379339585286035 4.375629263913057 4.371918942540079 4.368208621167101 4.364498299794123 4.360787978421145 4.357077657048167 4.353367335675189 4.3496570143022115 4.345946692929234 4.342236371556256 4.338526050183278 4.3348157288103 4.331105407437316 4.327395086064338 4.32368476469136 4.319974443318382 4.316264121945404 4.312553800572427 4.308843479199449 4.304312107606317 4.298903014767131 4.293493921927944 4.288084829088758 4.282675736249572 4.277266643410385 4.27185755057119 4.266448457732004 4.2610393648928175 4.255630272053631 4.250221179214445 4.2448120863752585 4.239402993536072 4.233993900696886 4.2285848078576995 4.223175715018513 4.217766622179327 4.2123575293401405
4.404934171977649 4.401267755850563 4.397601339723478 4.393934923596392 4.390268507469307 4.386602091342222 4.382935675215136 4.379269259088044 4.375602842960959 4.371936426833873 4.368270010706787 4.364603594579702 4.360937178452616 4.3572707623255305 4.353604346198446 4.34993793007136 4.3462715139442745 4.342605097817189 4.338938681690103 4.335272265563018 4.331605849435926 4.32793943330884 4.3242730171817545 4.320606601054669 4.316940184927583 4.3132737688004985 4.309607352673413 4.3050890651036635 4.299660107704251 4.294231150304838 4.288802192905425 4.283373235506013 4.277944278106601 4.272515320707179 4.267086363307767 4.2616574059083545 4.256228448508942 4.250799491109529 4.245370533710116 4.239941576310704 4.234512618911292 4.229083661511879 4.223654704112467 4.218225746713054 4.212796789313642
4.404556509058413 4.400933998177219 4.397311487296026 4.393688976414833 4.390066465533639 4.386443954652447 4.382821443771253 4.379198932890054 4.37557642200886 4.371953911127667 4.368331400246474 4.36470888936528 4.361086378484088 4.3574638676028945 4.353841356721701 4.350218845840508 4.346596334959314 4.342973824078121 4.339351313196929 4.335728802315735 4.332106291434536 4.328483780553342 4.324861269672149 4.3212387587909555 4.317616247909762 4.31399373702857 4.310371226147376 4.305866022601009 4.300417200641371 4.294968378681732 4.289519556722094 4.284070734762455 4.278621912802816 4.273173090843168 4.267724268883529 4.262275446923891 4.256826624964252 4.251377803004614 4.245928981044974 4.240480159085336 4.235031337125697 4.229582515166059 4.22413369320642 4.218684871246781 4.213236049287143
4.404178846139176 4.400600240503875 4.397021634868575 4.393443029233274 4.389864423597973 4.386285817962672 4.382707212327371 4.379128606692064 4.375550001056763 4.371971395421462 4.368392789786161 4.36481418415086 4.361235578515559 4.3576569728802586 4.3540783672449574 4.350499761609656 4.346921155974355 4.343342550339054 4.339763944703753 4.336185339068453 4.3326067334331455 4.329028127797844 4.325449522162543 4.321870916527242 4.318292310891941 4.314713705256641 4.31113509962134 4.3066429800983554 4.301174293578491 4.295705607058626 4.290236920538761 4.284768234018896 4.279299547499031 4.273830860979157 4.268362174459292 4.262893487939428 4.257424801419562 4.251956114899698 4.246487428379832 4.241018741859968 4.235550055340103 4.230081368820238 4.224612682300373 4.219143995780508 4.213675309260643
4.4033709761060384 4.399863402729743 4.396355829353447 4.3928482559771505 4.389340682600855 4.385833109224559 4.382325535848263 4.378817962471961 4.375310389095666 4.371802815719369 4.368295242343073 4.364787668966778 4.361280095590482 4.357772522214186 4.35426494883789 4.350757375461594 4.347249802085298 4.343742228709003 4.340234655332706 4.33672708195641 4.333219508580108 4.329711935203813 4.326204361827517 4.322696788451221 4.319189215074925 4.315681641698629 4.312174068322333 4.307737602880437 4.302308130821825 4.296878658763214 4.291449186704603 4.286019714645992 4.2805902425873805 4.27516077052876 4.269731298470149 4.264301826411538 4.258872354352927 4.2534428822943156 4.248013410235704 4.242583938177093 4.237154466118482 4.231724994059871 4.2262955220012595 4.220866049942648 4.215436577884037
4.4021032417897334 4.398695697739289 4.395288153688845 4.3918806096384 4.388473065587956 4.385065521537511 4.381657977487066 4.378250433436616 4.374842889386172 4.371435345335727 4.368027801285283 4.364620257234838 4.361212713184393 4.357805169133949 4.354397625083505 4.350990081033061 4.347582536982616 4.344174992932171 4.340767448881727 4.337359904831282 4.333952360780832 4.330544816730387 4.327137272679943 4.323729728629498 4.320322184579054 4.316914640528609 4.3135070964781645 4.309171789825294 4.303844683977373 4.298517578129453 4.293190472281532 4.287863366433612 4.282536260585691 4.277209154737762 4.271882048889841 4.266554943041921 4.261227837194 4.25590073134608 4.25057362549816 4.245246519650239 4.239919413802319 4.234592307954398 4.229265202106478 4.223938096258557 4.218610990410637
