Figures/CREST_Example_wjb_NSE/PETs/wjb.pet.20100126.asc
ncols            288
nrows            254
xllcorner        113.274861
yllcorner        31.4918055
cellsize         0.008333333333
NODATA_value     -9999
[rows 114 to 132 of 254, columns 220 to 263 of 288]
0.8668124312722898 0.8661286994656873 0.8653790059261663 0.8645587978013255 0.8637385896764845 0.8629183815516437 0.8620981734268028 0.8612779653019619 0.860457757177121 0.8596375490522802 0.8588173409274393 0.8579971328025984 0.8571769246777575 0.8563567165529167 0.8555365084280744 0.8547163003032335 0.8538960921783926 0.8530758840535517 0.8522556759287109 0.8514354678038699 0.8506152596790291 0.8497950515541882 0.8489748434293474 0.8481546353045064 0.8473344271796656 0.8465142190548247 0.8456940109299838 0.8448738028051416 0.8440535946803006 0.8432333865554598 0.8424131784306189 0.841592970305778 0.8415624166176763 0.8423760213977611 0.8431896261778459 -9999.0 -9999.0 -9999.0 -9999.0 -9999.0 -9999.0 -9999.0 -9999.0 -9999.0
0.8679722526370603 0.8672942946294536 0.8665384369453546 0.8656993027440787 0.8648601685428029 0.864021034341527 0.8631819001402512 0.8623427659389754 0.8615036317376995 0.8606644975364237 0.8598253633351478 0.858986229133872 0.8581470949325961 0.8573079607313203 0.8564688265300431 0.8556296923287672 0.8547905581274914 0.8539514239262155 0.8531122897249397 0.8522731555236638 0.851434021322388 0.8505948871211121 0.8497557529198363 0.8489166187185605 0.8480774845172846 0.8472383503160088 0.8463992161147329 0.8455600819134557 0.8447209477121798 0.843881813510904 0.8430426793096282 0.8422035451083523 0.8421844180121743 0.8430418970737477 0.8438993761353211 0.8447568551968945 0.8456143342584679 -9999.0 -9999.0 -9999.0 -9999.0 -9999.0 -9999.0 -9999.0
0.8691320740018309 0.86845988979322 0.8676978679645428 0.866839807686832 0.8659817474091211 0.8651236871314104 0.8642656268536996 0.8634075665759887 0.862549506298278 0.8616914460205671 0.8608333857428564 0.8599753254651455 0.8591172651874347 0.858259204909724 0.8574011446320117 0.8565430843543008 0.8556850240765901 0.8548269637988792 0.8539689035211684 0.8531108432434577 0.8522527829657468 0.851394722688036 0.8505366624103252 0.8496786021326144 0.8488205418549035 0.8479624815771928 0.8471044212994819 0.8462463610217696 0.8453883007440589 0.8445302404663481 0.8436721801886372 0.8428141199109265 0.842806419406672 0.8437077727497341 0.8446091260927963 0.8455104794358583 0.8464118327789204 0.8473131861219825 -9999.0 -9999.0 -9999.0 -9999.0 -9999.0 -9999.0
0.8702918953666013 0.8696254849569861 0.868857298983731 0.8679803126295852 0.8671033262754394 0.8662263399212936 0.8653493535671478 0.8644723672130021 0.8635953808588563 0.8627183945047106 0.8618414081505648 0.8609644217964191 0.8600874354422733 0.8592104490881275 0.8583334627339803 0.8574564763798345 0.8565794900256887 0.855702503671543 0.8548255173173972 0.8539485309632514 0.8530715446091056 0.8521945582549599 0.8513175719008141 0.8504405855466683 0.8495635991925226 0.8486866128383769 0.8478096264842311 0.8469326401300838 0.846055653775938 0.8451786674217923 0.8443016810676465 0.8434246947135008 0.84342842080117 0.8443736484257207 0.8453188760502715 0.8462641036748222 0.8472093312993729 0.8481545589239237 0.8490997865484744 0.8500450141730251 -9999.0 -9999.0 -9999.0 -9999.0
0.8710253374224778 0.8703590502321629 0.8695893044280115 0.8687089590242193 0.8678286136204272 0.8669482682166351 0.8660679228128428 0.8651875774090507 0.8643072320052585 0.8634268866014664 0.8625465411976742 0.861666195793882 0.8607858503900898 0.8599055049862977 0.859025159582504 0.8581448141787119 0.8572644687749197 0.8563841233711276 0.8555037779673353 0.8546234325635432 0.853743087159751 0.8528627417559589 0.8519823963521667 0.8511020509483745 0.8502217055445824 0.8493413601407902 0.8484610147369981 0.8475806693332044 0.8467003239294122 0.8458199785256201 0.8449396331218278 0.8440592877180357 0.8440708345829057 0.8450358344726331 0.8460008343623605 0.8469658342520878 0.8479308341418152 0.8488958340315427 0.8498608339212701 0.8508258338109974 -9999.0 -9999.0 -9999.0 -9999.0
0.8713030068774197 0.8706308027929405 0.8698644188789487 0.8689973545957534 0.8681302903125582 0.867263226029363 0.8663961617461677 0.8655290974629725 0.8646620331797773 0.863794968896582 0.8629279046133868 0.8620608403301916 0.8611937760469963 0.860326711763801 0.8594596474806043 0.8585925831974092 0.8577255189142139 0.8568584546310186 0.8559913903478233 0.8551243260646282 0.8542572617814329 0.8533901974982376 0.8525231332150425 0.8516560689318472 0.8507890046486519 0.8499219403654568 0.8490548760822615 0.8481878117990648 0.8473207475158695 0.8464536832326743 0.8455866189494791 0.8447195546662838 0.8447350679197374 0.8456940765386698 0.8466530851576022 0.8476120937765345 0.8485711023954668 0.8495301110143992 0.8504891196333316 0.851448128252264 0.852407136871198 -9999.0 -9999.0 -9999.0
0.8715806763323616 0.8709025553537181 0.8701395333298859 0.8692857501672877 0.8684319670046894 0.8675781838420911 0.8667244006794927 0.8658706175168944 0.8650168343542961 0.8641630511916978 0.8633092680290995 0.8624554848665011 0.8616017017039028 0.8607479185413045 0.8598941353787047 0.8590403522161064 0.8581865690535082 0.8573327858909099 0.8564790027283116 0.8556252195657132 0.8547714364031149 0.8539176532405166 0.8530638700779183 0.85221008691532 0.8513563037527216 0.8505025205901233 0.849648737427525 0.8487949542649252 0.8479411711023269 0.8470873879397287 0.8462336047771304 0.8453798216145321 0.8453993012565693 0.8463523186047066 0.8473053359528439 0.8482583533009812 0.8492113706491186 0.8501643879972559 0.8511174053453932 0.8520704226935305 0.8530234400416695 0.8539764573898068 0.8549294747379441 -9999.0
0.8718583457873036 0.8711743079144957 0.8704146477808232 0.8695741457388219 0.8687336436968205 0.8678931416548191 0.8670526396128176 0.8662121375708163 0.8653716355288149 0.8645311334868135 0.8636906314448122 0.8628501294028108 0.8620096273608093 0.861169125318808 0.8603286232768051 0.8594881212348038 0.8586476191928024 0.857807117150801 0.8569666151087996 0.8561261130667982 0.8552856110247968 0.8544451089827955 0.8536046069407941 0.8527641048987926 0.8519236028567913 0.8510831008147899 0.8502425987727885 0.8494020967307857 0.8485615946887843 0.8477210926467829 0.8468805906047815 0.8460400885627801 0.846063534593401 0.8470105606707433 0.8479575867480855 0.8489046128254278 0.8498516389027702 0.8507986649801125 0.8517456910574548 0.852692717134797 0.853639743212141 0.8545867692894833 0.8555337953668255 -9999.0
0.8721360152422455 0.8714460604752734 0.8706897622317605 0.869862541310356 0.8690353203889516 0.8682080994675472 0.8673808785461427 0.8665536576247382 0.8657264367033337 0.8648992157819293 0.8640719948605248 0.8632447739391204 0.8624175530177158 0.8615903320963114 0.8607631111749056 0.859935890253501 0.8591086693320966 0.8582814484106921 0.8574542274892877 0.8566270065678833 0.8557997856464787 0.8549725647250743 0.8541453438036698 0.8533181228822654 0.8524909019608609 0.8516636810394564 0.8508364601180519 0.8500092391966461 0.8491820182752416 0.8483547973538371 0.8475275764324327 0.8467003555110282 0.8467277679302327 0.84766880273678 0.8486098375433272 0.8495508723498745 0.8504919071564218 0.851432941962969 0.8523739767695163 0.8533150115760636 0.8542560463826124 0.8551970811891597 0.856138115995707 0.8570791508022542
0.8724136846971875 0.871717813036051 0.8709648766826978 0.8701509368818903 0.8693369970810827 0.8685230572802751 0.8677091174794677 0.8668951776786601 0.8660812378778525 0.865267298077045 0.8644533582762375 0.8636394184754299 0.8628254786746223 0.8620115388738149 0.861197599073006 0.8603836592721984 0.8595697194713908 0.8587557796705833 0.8579418398697758 0.8571279000689682 0.8563139602681606 0.8555000204673532 0.8546860806665456 0.853872140865738 0.8530582010649305 0.852244261264123 0.8514303214633154 0.8506163816625065 0.849802441861699 0.8489885020608914 0.8481745622600839 0.8473606224592763 0.8473920012670645 0.8483270448028166 0.8492620883385689 0.8501971318743211 0.8511321754100734 0.8520672189458256 0.8530022624815778 0.85393730601733 0.8548723495530839 0.8558073930888361 0.8567424366245883 0.8576774801603405
0.8726913541521296 0.8719895655968288 0.8712399911336351 0.8704393324534246 0.869638673773214 0.8688380150930034 0.8680373564127928 0.8672366977325822 0.8664360390523715 0.8656353803721609 0.8648347216919504 0.8640340630117398 0.8632334043315292 0.8624327456513186 0.8616320869711066 0.860831428290896 0.8600307696106854 0.8592301109304747 0.8584294522502642 0.8576287935700536 0.856828134889843 0.8560274762096324 0.8552268175294218 0.8544261588492111 0.8536255001690005 0.85282484148879 0.8520241828085794 0.8512235241283674 0.8504228654481568 0.8496222067679462 0.8488215480877356 0.848020889407525 0.8480562346038967 0.8489852868688539 0.8499143391338111 0.8508433913987683 0.8517724436637255 0.8527014959286827 0.8536305481936399 0.854559600458597 0.8554886527235558 0.856417704988513 0.8573467572534702 0.8582758095184274
0.8729690236070715 0.8722613181576064 0.8715151055845725 0.8707277280249588 0.8699403504653451 0.8691529729057315 0.8683655953461178 0.8675782177865041 0.8667908402268903 0.8660034626672767 0.865216085107663 0.8644287075480493 0.8636413299884357 0.862853952428822 0.862066574869207 0.8612791973095933 0.8604918197499796 0.8597044421903659 0.8589170646307522 0.8581296870711386 0.8573423095115249 0.8565549319519112 0.8557675543922976 0.8549801768326839 0.8541927992730701 0.8534054217134565 0.8526180441538428 0.8518306665942278 0.8510432890346141 0.8502559114750005 0.8494685339153868 0.8486811563557731 0.8487204679407284 0.8496435289348906 0.8505665899290528 0.8514896509232149 0.8524127119173771 0.8533357729115393 0.8542588339057015 0.8551818948998636 0.8561049558940274 0.8570280168881894 0.8579510778823516 0.8588741388765138
0.8732466930620135 0.8725330707183842 0.8717902200355098 0.871016123596493 0.8702420271574762 0.8694679307184595 0.8686938342794428 0.867919737840426 0.8671456414014093 0.8663715449623924 0.8655974485233757 0.864823352084359 0.8640492556453422 0.8632751592063255 0.8625010627673074 0.8617269663282906 0.8609528698892739 0.8601787734502572 0.8594046770112403 0.8586305805722236 0.8578564841332069 0.8570823876941901 0.8563082912551734 0.8555341948161567 0.8547600983771398 0.8539860019381231 0.8532119054991064 0.8524378090600883 0.8516637126210715 0.8508896161820548 0.850115519743038 0.8493414233040213 0.8493847012775603 0.8503017710009274 0.8512188407242945 0.8521359104476617 0.8530529801710288 0.853970049894396 0.854887119617763 0.8558041893411301 0.8567212590644988 0.857638328787866 0.8585553985112331 0.8594724682346002
0.8735243625169554 0.8728048232791618 0.8720653344864471 0.8713045191680272 0.8705437038496073 0.8697828885311876 0.8690220732127677 0.8682612578943479 0.8675004425759281 0.8667396272575082 0.8659788119390884 0.8652179966206686 0.8644571813022487 0.8636963659838289 0.8629355506654078 0.862174735346988 0.8614139200285681 0.8606531047101483 0.8598922893917285 0.8591314740733086 0.8583706587548888 0.857609843436469 0.8568490281180492 0.8560882127996293 0.8553273974812095 0.8545665821627897 0.8538057668443698 0.8530449515259487 0.8522841362075289 0.8515233208891091 0.8507625055706892 0.8500016902522693 0.850048934614392 0.8509600130669641 0.8518710915195362 0.8527821699721083 0.8536932484246804 0.8546043268772525 0.8555154053298245 0.8564264837823966 0.8573375622349703 0.8582486406875424 0.8591597191401145 0.8600707975926866
0.8738020319718973 0.8730765758399394 0.8723404489373842 0.8715929147395614 0.8708453805417384 0.8700978463439155 0.8693503121460926 0.8686027779482697 0.8678552437504468 0.8671077095526238 0.866360175354801 0.8656126411569781 0.8648651069591552 0.8641175727613323 0.8633700385635081 0.8626225043656852 0.8618749701678623 0.8611274359700394 0.8603799017722165 0.8596323675743935 0.8588848333765707 0.8581372991787478 0.8573897649809249 0.856642230783102 0.8558946965852791 0.8551471623874561 0.8543996281896332 0.8536520939918091 0.8529045597939862 0.8521570255961632 0.8514094913983404 0.8506619572005175 0.8507131679512238 0.8516182551330008 0.8525233423147779 0.853428429496555 0.854333516678332 0.8552386038601091 0.8561436910418861 0.8570487782236631 0.8579538654054417 0.8588589525872188 0.8597640397689958 0.8606691269507729
0.8740797014268392 0.873348328400717 0.8726155633883215 0.8718813103110955 0.8711470572338695 0.8704128041566436 0.8696785510794176 0.8689442980021916 0.8682100449249656 0.8674757918477396 0.8667415387705136 0.8660072856932877 0.8652730326160617 0.8645387795388357 0.8638045264616084 0.8630702733843825 0.8623360203071565 0.8616017672299305 0.8608675141527046 0.8601332610754786 0.8593990079982526 0.8586647549210267 0.8579305018438006 0.8571962487665746 0.8564619956893487 0.8557277426121227 0.8549934895348967 0.8542592364576695 0.8535249833804435 0.8527907303032175 0.8520564772259915 0.8513222241487656 0.8513774012880555 0.8522764971990375 0.8531755931100196 0.8540746890210016 0.8549737849319836 0.8558728808429656 0.8567719767539477 0.8576710726649297 0.8585701685759132 0.8594692644868952 0.8603683603978772 0.8612674563088593
0.8743573708817812 0.8736200809614947 0.8728906778392588 0.8721697058826298 0.8714487339260006 0.8707277619693716 0.8700067900127425 0.8692858180561135 0.8685648460994845 0.8678438741428554 0.8671229021862263 0.8664019302295972 0.8656809582729682 0.8649599863163392 0.8642390143597088 0.8635180424030798 0.8627970704464507 0.8620760984898217 0.8613551265331927 0.8606341545765636 0.8599131826199345 0.8591922106633054 0.8584712387066764 0.8577502667500474 0.8570292947934183 0.8563083228367893 0.8555873508801601 0.8548663789235299 0.8541454069669009 0.8534244350102718 0.8527034630536428 0.8519824910970136 0.8520416346248872 0.8529347392650742 0.8538278439052612 0.8547209485454482 0.8556140531856352 0.8565071578258222 0.8574002624660092 0.8582933671061962 0.8591864717463846 0.8600795763865716 0.8609726810267586 0.8618657856669456
0.8746350403367233 0.8738918335222725 0.8731657922901963 0.8724581014541641 0.8717504106181321 0.8710427197820999 0.8703350289460677 0.8696273381100357 0.8689196472740035 0.8682119564379714 0.8675042656019393 0.8667965747659072 0.866088883929875 0.865381193093843 0.8646735022578096 0.8639658114217775 0.8632581205857454 0.8625504297497132 0.8618427389136811 0.861135048077649 0.8604273572416169 0.8597196664055847 0.8590119755695527 0.8583042847335205 0.8575965938974884 0.8568889030614563 0.8561812122254241 0.8554735213893908 0.8547658305533586 0.8540581397173266 0.8533504488812944 0.8526427580452624 0.8527058679617195 0.8535929813311115 0.8544800947005035 0.8553672080698954 0.8562543214392874 0.8571414348086793 0.8580285481780713 0.8589156615474631 0.8598027749168566 0.8606898882862486 0.8615770016556406 0.8624641150250325
0.8749127097916654 0.8741635860830501 0.8734409067411335 0.8727464970256984 0.8720520873102632 0.871357677594828 0.8706632678793927 0.8699688581639575 0.8692744484485224 0.8685800387330872 0.867885629017652 0.8671912193022168 0.8664968095867817 0.8658023998713464 0.86510799015591 0.8644135804404748 0.8637191707250397 0.8630247610096045 0.8623303512941692 0.861635941578734 0.8609415318632989 0.8602471221478637 0.8595527124324285 0.8588583027169933 0.858163893001558 0.8574694832861229 0.8567750735706877 0.8560806638552513 0.8553862541398162 0.854691844424381 0.8539974347089457 0.8533030249935105 0.8533701012985514 0.8542512233971483 0.8551323454957452 0.8560134675943422 0.856894589692939 0.8577757117915359 0.8586568338901328 0.8595379559887297 0.8604190780873282 0.861300200185925 0.8621813222845219 0.8630624443831189
