Figures/CREST_Example_wjb_NSE/PETs/wjb.pet.20101028.asc
ncols            288
nrows            254
xllcorner        113.274861
yllcorner        31.4918055
cellsize         0.008333333333
NODATA_value     -9999
[rows 120 to 139 of 254, columns 132 to 175 of 288]
1.2782606116981312 1.2780114069807347 1.277762202263338 1.2775129975459414 1.2772637928285446 1.2770145881111479 1.2767653833937513 1.2765161786763546 1.276266973958958 1.2760177692415613 1.2757685645241648 1.2755193598067676 1.275270155089371 1.2750209503719743 1.2747717456545775 1.274522540937181 1.2742733362197842 1.2740241315023877 1.273774926784991 1.2735257220675944 1.2732765173501976 1.2730273126328011 1.2727781079154044 1.2725289031980076 1.2722796984806106 1.2720304937632139 1.2717812890458173 1.2715320843284206 1.271282879611024 1.2710336748936273 1.2711440503055516 1.2716388250099508 1.27213359971435 1.272628374418749 1.273123149123148 1.2736179238275471 1.2741126985319462 1.2746074732363462 1.2751022479407452 1.2755970226451443 1.2760917973495434 1.2765865720539424 1.2770813467583417 1.2775761214627408
1.2805799701025844 1.2803133584869275 1.2800467468712706 1.279780135255614 1.279513523639957 1.2792469120243002 1.2789803004086435 1.2787136887929866 1.2784470771773297 1.278180465561673 1.2779138539460162 1.2776472423303589 1.2773806307147022 1.2771140190990453 1.2768474074833884 1.2765807958677315 1.2763141842520749 1.276047572636418 1.275780961020761 1.2755143494051044 1.2752477377894476 1.2749811261737907 1.274714514558134 1.2744479029424771 1.2741812913268198 1.2739146797111631 1.2736480680955062 1.2733814564798493 1.2731148448641927 1.2728482332485358 1.2729426874012362 1.2734231290281484 1.2739035706550605 1.2743840122819727 1.274864453908885 1.275344895535797 1.2758253371627093 1.2763057787896221 1.2767862204165343 1.2772666620434465 1.2777471036703587 1.278227545297271 1.278707986924183 1.2791884285510953
1.2828993285070376 1.2826153099931206 1.2823312914792038 1.2820472729652868 1.2817632544513697 1.2814792359374527 1.2811952174235357 1.2809111989096187 1.280627180395702 1.2803431618817849 1.2800591433678679 1.2797751248539504 1.2794911063400334 1.2792070878261164 1.2789230693121993 1.2786390507982826 1.2783550322843655 1.2780710137704485 1.2777869952565315 1.2775029767426145 1.2772189582286975 1.2769349397147807 1.2766509212008637 1.2763669026869466 1.2760828841730292 1.2757988656591122 1.2755148471451951 1.2752308286312781 1.2749468101173613 1.2746627916034443 1.2747413244969206 1.2752074330463459 1.2756735415957712 1.2761396501451965 1.2766057586946218 1.2770718672440469 1.2775379757934722 1.2780040843428984 1.2784701928923237 1.2789363014417487 1.279402409991174 1.2798685185405994 1.2803346270900247 1.28080073563945
1.2852186869114908 1.2849172614993136 1.2846158360871365 1.2843144106749593 1.2840129852627822 1.283711559850605 1.2834101344384279 1.2831087090262507 1.2828072836140736 1.2825058582018964 1.2822044327897193 1.2819030073775417 1.2816015819653646 1.2813001565531874 1.2809987311410103 1.2806973057288331 1.280395880316656 1.2800944549044788 1.2797930294923017 1.2794916040801245 1.2791901786679474 1.2788887532557702 1.278587327843593 1.278285902431416 1.2779844770192381 1.277683051607061 1.2773816261948838 1.2770802007827067 1.2767787753705295 1.2764773499583524 1.276539961592605 1.2769917370645434 1.2774435125364816 1.27789528800842 1.2783470634803584 1.2787988389522966 1.279250614424235 1.2797023898961741 1.2801541653681126 1.280605940840051 1.2810577163119892 1.2815094917839276 1.281961267255866 1.2824130427278044
1.287538045315946 1.2872192130055087 1.2869003806950714 1.2865815483846341 1.2862627160741966 1.2859438837637593 1.285625051453322 1.2853062191428848 1.2849873868324473 1.28466855452201 1.2843497222115727 1.2840308899011348 1.2837120575906975 1.2833932252802602 1.283074392969823 1.2827555606593857 1.2824367283489482 1.282117896038511 1.2817990637280736 1.2814802314176363 1.281161399107199 1.2808425667967616 1.2805237344863243 1.280204902175887 1.279886069865449 1.2795672375550118 1.2792484052445745 1.2789295729341372 1.2786107406236997 1.2782919083132624 1.278338598688291 1.2787760410827425 1.2792134834771938 1.2796509258716453 1.2800883682660966 1.2805258106605482 1.2809632530549995 1.2814006954494517 1.2818381378439032 1.2822755802383545 1.282713022632806 1.2831504650272576 1.283587907421709 1.2840253498161605
1.2898574037203991 1.2895211645117015 1.289184925303004 1.2888486860943067 1.288512446885609 1.2881762076769117 1.287839968468214 1.2875037292595166 1.2871674900508192 1.2868312508421216 1.2864950116334242 1.286158772424726 1.2858225332160287 1.285486294007331 1.2851500547986336 1.2848138155899362 1.2844775763812386 1.2841413371725412 1.2838050979638438 1.2834688587551462 1.2831326195464487 1.2827963803377511 1.2824601411290537 1.2821239019203563 1.2817876627116582 1.2814514235029606 1.2811151842942632 1.2807789450855658 1.2804427058768681 1.2801064666681707 1.2801372357839753 1.2805603451009397 1.2809834544179044 1.2814065637348688 1.2818296730518333 1.282252782368798 1.2826758916857623 1.2830990010027277 1.283522110319692 1.2839452196366568 1.2843683289536212 1.2847914382705858 1.2852145475875503 1.285637656904515
1.2921767621248523 1.2918231160178948 1.291469469910937 1.2911158238039795 1.2907621776970217 1.2904085315900642 1.2900548854831064 1.289701239376149 1.2893475932691911 1.2889939471622334 1.2886403010552758 1.2882866549483176 1.2879330088413599 1.2875793627344023 1.2872257166274446 1.286872070520487 1.2865184244135293 1.2861647783065717 1.285811132199614 1.2854574860926564 1.2851038399856987 1.2847501938787411 1.2843965477717834 1.2840429016648258 1.2836892555578674 1.2833356094509099 1.282981963343952 1.2826283172369946 1.2822746711300368 1.2819210250230793 1.2819358728796597 1.2823446491191373 1.282753425358615 1.2831622015980926 1.2835709778375701 1.283979754077048 1.2843885303165254 1.2847973065560037 1.2852060827954814 1.285614859034959 1.2860236352744365 1.286432411513914 1.2868411877533918 1.2872499639928694
1.2944961205293055 1.2941250675240876 1.2937540145188697 1.293382961513652 1.2930119085084342 1.2926408555032163 1.2922698024979986 1.2918987494927807 1.2915276964875628 1.2911566434823452 1.2907855904771273 1.2904145374719087 1.290043484466691 1.2896724314614731 1.2893013784562553 1.2889303254510376 1.2885592724458197 1.2881882194406018 1.2878171664353841 1.2874461134301662 1.2870750604249483 1.2867040074197307 1.2863329544145128 1.285961901409295 1.2855908484040766 1.2852197953988587 1.2848487423936408 1.284477689388423 1.2841066363832052 1.2837355833779873 1.283734509975344 1.2841289531373348 1.2845233962993254 1.284917839461316 1.2853122826233068 1.2857067257852977 1.2861011689472883 1.2864956121092797 1.2868900552712703 1.287284498433261 1.2876789415952516 1.2880733847572425 1.2884678279192332 1.2888622710812239
1.2968154789337587 1.2964270190302807 1.2960385591268027 1.2956500992233249 1.2952616393198468 1.2948731794163688 1.2944847195128908 1.2940962596094128 1.2937077997059347 1.293319339802457 1.292930879898979 1.2925424199955002 1.2921539600920222 1.2917655001885442 1.2913770402850664 1.2909885803815884 1.2906001204781103 1.2902116605746323 1.2898232006711543 1.2894347407676763 1.2890462808641985 1.2886578209607205 1.2882693610572424 1.2878809011537644 1.2874924412502857 1.287103981346808 1.28671552144333 1.2863270615398519 1.2859386016363739 1.2855501417328958 1.2855331470710285 1.2859132571555323 1.286293367240036 1.2866734773245398 1.2870535874090436 1.2874336974935474 1.2878138075780512 1.2881939176625556 1.2885740277470594 1.2889541378315632 1.289334247916067 1.2897143580005708 1.2900944680850746 1.2904745781695786
1.299134837338212 1.2987289705364737 1.2983231037347356 1.2979172369329974 1.2975113701312593 1.2971055033295211 1.296699636527783 1.2962937697260448 1.2958879029243067 1.2954820361225685 1.2950761693208304 1.2946703025190915 1.2942644357173534 1.2938585689156152 1.293452702113877 1.293046835312139 1.2926409685104008 1.2922351017086626 1.2918292349069245 1.2914233681051863 1.2910175013034484 1.2906116345017102 1.290205767699972 1.289799900898234 1.2893940340964951 1.288988167294757 1.2885823004930188 1.2881764336912807 1.2877705668895425 1.2873647000878043 1.2873317841667131 1.28769756117373 1.2880633381807467 1.2884291151877636 1.2887948921947805 1.2891606692017974 1.2895264462088143 1.2898922232158319 1.2902580002228488 1.2906237772298654 1.2909895542368823 1.2913553312438992 1.2917211082509161 1.292086885257933
1.301454195742665 1.3010309220426668 1.3006076483426685 1.3001843746426702 1.299761100942672 1.2993378272426734 1.2989145535426752 1.2984912798426769 1.2980680061426786 1.2976447324426803 1.297221458742682 1.2967981850426828 1.2963749113426846 1.2959516376426863 1.295528363942688 1.2951050902426897 1.2946818165426914 1.2942585428426931 1.2938352691426946 1.2934119954426964 1.292988721742698 1.2925654480426998 1.2921421743427015 1.2917189006427032 1.291295626942704 1.2908723532427058 1.2904490795427075 1.2900258058427092 1.289602532142711 1.2891792584427126 1.2891304212623973 1.2894818651919273 1.2898333091214573 1.2901847530509871 1.2905361969805171 1.2908876409100472 1.2912390848395772 1.2915905287691076 1.2919419726986376 1.2922934166281677 1.2926448605576977 1.2929963044872275 1.2933477484167575 1.2936991923462875
1.3037735541471203 1.3033328735488616 1.3028921929506032 1.3024515123523448 1.3020108317540862 1.3015701511558277 1.3011294705575693 1.3006887899593107 1.3002481093610523 1.2998074287627939 1.2993667481645352 1.2989260675662762 1.2984853869680175 1.298044706369759 1.2976040257715007 1.297163345173242 1.2967226645749836 1.2962819839767252 1.2958413033784666 1.2954006227802082 1.2949599421819498 1.2945192615836911 1.2940785809854327 1.2936379003871743 1.293197219788915 1.2927565391906566 1.292315858592398 1.2918751779941395 1.2914344973958811 1.2909938167976225 1.2909290583580835 1.2912661692101264 1.2916032800621695 1.2919403909142124 1.2922775017662556 1.2926146126182985 1.2929517234703416 1.2932888343223852 1.2936259451744283 1.2939630560264712 1.2943001668785143 1.2946372777305573 1.2949743885826004 1.2953114994346435
1.3060929125515732 1.3056348250550547 1.305176737558536 1.3047186500620174 1.3042605625654986 1.30380247506898 1.3033443875724613 1.3028863000759427 1.302428212579424 1.3019701250829054 1.3015120375863867 1.3010539500898672 1.3005958625933487 1.30013777509683 1.2996796876003114 1.2992216001037926 1.298763512607274 1.2983054251107553 1.2978473376142368 1.297389250117718 1.2969311626211995 1.296473075124681 1.2960149876281621 1.2955569001316436 1.2950988126351242 1.2946407251386054 1.2941826376420869 1.293724550145568 1.2932664626490495 1.2928083751525308 1.2927276954537676 1.2930504732283237 1.29337325100288 1.293696028777436 1.2940188065519922 1.2943415843265482 1.2946643621011045 1.2949871398756612 1.2953099176502172 1.2956326954247734 1.2959554731993295 1.2962782509738857 1.2966010287484417 1.296923806522998
1.3084122709560264 1.3079367765612477 1.3074612821664688 1.3069857877716902 1.3065102933769113 1.3060347989821324 1.3055593045873537 1.3050838101925748 1.304608315797796 1.3041328214030172 1.3036573270082383 1.3031818326134588 1.3027063382186799 1.3022308438239012 1.3017553494291223 1.3012798550343434 1.3008043606395647 1.3003288662447858 1.2998533718500072 1.2993778774552283 1.2989023830604494 1.2984268886656707 1.2979513942708918 1.297475899876113 1.2970004054813333 1.2965249110865544 1.2960494166917758 1.2955739222969969 1.2950984279022182 1.2946229335074393 1.294526332549452 1.2948347772465214 1.2951432219435906 1.2954516666406597 1.295760111337729 1.2960685560347982 1.2963770007318673 1.2966854454289372 1.2969938901260063 1.2973023348230757 1.2976107795201448 1.297919224217214 1.2982276689142833 1.2985361136113525
1.3107316293604796 1.3102387280674406 1.3097458267744015 1.3092529254813627 1.3087600241883237 1.3082671228952847 1.3077742216022457 1.3072813203092069 1.3067884190161678 1.3062955177231288 1.3058026164300898 1.30530971513705 1.304816813844011 1.304323912550972 1.3038310112579332 1.3033381099648942 1.3028452086718552 1.3023523073788161 1.3018594060857773 1.3013665047927383 1.3008736034996993 1.3003807022066602 1.2998878009136214 1.2993948996205824 1.2989019983275425 1.2984090970345037 1.2979161957414647 1.2974232944484256 1.2969303931553866 1.2964374918623478 1.2963249696451367 1.296619081264719 1.2969131928843012 1.2972073045038834 1.297501416123466 1.2977955277430482 1.2980896393626304 1.2983837509822131 1.2986778626017956 1.298971974221378 1.2992660858409601 1.2995601974605424 1.2998543090801247 1.3001484206997072
1.3130509877649328 1.3125406795736336 1.3120303713823347 1.3115200631910355 1.3110097549997364 1.3104994468084372 1.309989138617138 1.309478830425839 1.3089685222345397 1.3084582140432406 1.3079479058519414 1.3074375976606414 1.3069272894693422 1.306416981278043 1.305906673086744 1.3053963648954447 1.3048860567041458 1.3043757485128467 1.3038654403215475 1.3033551321302483 1.3028448239389492 1.30233451574765 1.3018242075563509 1.3013138993650517 1.3008035911737517 1.3002932829824525 1.2997829747911533 1.2992726665998542 1.298762358408555 1.2982520502172559 1.2981236067408208 1.2984033852829162 1.2986831638250118 1.2989629423671072 1.2992427209092026 1.299522499451298 1.2998022779933933 1.3000820565354891 1.3003618350775845 1.30064161361968 1.3009213921617753 1.3012011707038706 1.301480949245966 1.3017607277880614
1.315370346169386 1.3148426310798267 1.3143149159902674 1.313787200900708 1.3132594858111488 1.3127317707215895 1.3122040556320302 1.311676340542471 1.3111486254529114 1.3106209103633522 1.3100931952737929 1.3095654801842327 1.3090377650946734 1.3085100500051141 1.3079823349155548 1.3074546198259955 1.3069269047364362 1.306399189646877 1.3058714745573177 1.3053437594677584 1.304816044378199 1.3042883292886398 1.3037606141990805 1.3032328991095212 1.3027051840199608 1.3021774689304015 1.3016497538408422 1.301122038751283 1.3005943236617237 1.3000666085721644 1.2999222438365055 1.300187689301114 1.3004531347657224 1.300718580230331 1.3009840256949394 1.301249471159548 1.3015149166241562 1.3017803620887651 1.3020458075533736 1.3023112530179821 1.3025766984825906 1.302842143947199 1.3031075894118076 1.303373034876416
1.3176897045738412 1.3171445825860217 1.3165994605982023 1.3160543386103827 1.3155092166225633 1.3149640946347438 1.3144189726469242 1.3138738506591048 1.3133287286712854 1.312783606683466 1.3122384846956463 1.311693362707826 1.3111482407200064 1.310603118732187 1.3100579967443675 1.309512874756548 1.3089677527687285 1.308422630780909 1.3078775087930896 1.30733238680527 1.3067872648174506 1.3062421428296311 1.3056970208418115 1.305151898853992 1.3046067768661718 1.3040616548783521 1.3035165328905327 1.3029714109027133 1.3024262889148936 1.3018811669270742 1.3017208809321912 1.3019719933193128 1.3022231057064344 1.302474218093556 1.3027253304806774 1.302976442867799 1.3032275552549206 1.3034786676420427 1.3037297800291643 1.3039808924162857 1.3042320048034073 1.304483117190529 1.3047342295776505 1.304985341964772
1.3200090629782943 1.3194465340922146 1.318884005206135 1.3183214763200555 1.3177589474339757 1.3171964185478962 1.3166338896618164 1.3160713607757368 1.315508831889657 1.3149463030035775 1.314383774117498 1.3138212452314173 1.3132587163453375 1.312696187459258 1.3121336585731784 1.3115711296870987 1.311008600801019 1.3104460719149393 1.3098835430288598 1.30932101414278 1.3087584852567005 1.3081959563706207 1.3076334274845411 1.3070708985984616 1.306508369712381 1.3059458408263012 1.3053833119402216 1.304820783054142 1.3042582541680623 1.3036957252819827 1.3035195180278758 1.3037562973375103 1.303993076647145 1.3042298559567798 1.3044666352664143 1.304703414576049 1.3049401938856837 1.3051769731953187 1.3054137525049534 1.305650531814588 1.3058873111242226 1.3061240904338574 1.3063608697434919 1.3065976490531266
1.3223284213827475 1.3217484855984079 1.321168549814068 1.3205886140297283 1.3200086782453884 1.3194287424610485 1.3188488066767088 1.3182688708923689 1.3176889351080292 1.3171089993236893 1.3165290635393494 1.3159491277550086 1.315369191970669 1.314789256186329 1.3142093204019893 1.3136293846176494 1.3130494488333098 1.3124695130489699 1.31188957726463 1.3113096414802903 1.3107297056959504 1.3101497699116107 1.3095698341272708 1.308989898342931 1.30840996255859 1.3078300267742504 1.3072500909899105 1.3066701552055708 1.306090219421231 1.305510283636891 1.3053181551235602 1.305540601355708 1.3057630475878557 1.3059854938200035 1.3062079400521511 1.306430386284299 1.3066528325164466 1.3068752787485947 1.3070977249807425 1.3073201712128901 1.307542617445038 1.3077650636771856 1.3079875099093334 1.308209956141481
