Figures/CREST_Example_wjb_NSE/PETs/wjb.pet.20100218.asc
ncols            288
nrows            254
xllcorner        113.274861
yllcorner        31.4918055
cellsize         0.008333333333
NODATA_value     -9999
[rows 160 to 179 of 254, columns 176 to 219 of 288]
1.048310190515447 1.0472600899922653 1.0462099894690835 1.0451598889459017 1.0441097884227202 1.0430596878995384 1.0420095873763549 1.040959486853173 1.0399093863299915 1.0388592858068098 1.037809185283628 1.0367590847604462 1.0357089842372644 1.0346588837140829 1.033608783190901 1.0325586826677193 1.0316918695071404 1.0310209946843552 1.0303501198615699 1.0296792450387835 1.0290083702159984 1.0283374953932132 1.027666620570428 1.0269957457476426 1.0263248709248574 1.025653996102072 1.024983121279287 1.0243122464565018 1.0236413716337165 1.0229704968109312 1.022299621988146 1.021628747165361 1.0209578723425745 1.0202869975197892 1.019616122697004 1.0189452478742187 1.0182743730514334 1.0176034982286484 1.016932623405863 1.0162617485830778 1.0155908737602926 1.0149199989375073 1.014249124114722 1.013578249291937
1.0494117736885884 1.0483441263538316 1.0472764790190747 1.0462088316843177 1.0451411843495608 1.0440735370148038 1.0430058896800452 1.041938242345288 1.0408705950105313 1.0398029476757742 1.0387353003410174 1.0376676530062603 1.0366000056715035 1.0355323583367464 1.0344647110019896 1.0333970636672327 1.0325138089749046 1.031827674189513 1.0311415394041215 1.0304554046187286 1.0297692698333372 1.0290831350479455 1.028397000262554 1.0277108654771625 1.0270247306917708 1.0263385959063793 1.0256524611209878 1.0249663263355961 1.0242801915502047 1.023594056764813 1.0229079219794215 1.02222178719403 1.0215356524086372 1.0208495176232457 1.020163382837854 1.0194772480524625 1.0187911132670708 1.0181049784816794 1.0174188436962879 1.0167327089108962 1.0160465741255047 1.015360439340113 1.0146743045547215 1.01398816976933
1.05051335686173 1.0494281627153978 1.0483429685690657 1.0472577744227336 1.0461725802764015 1.0450873861300691 1.0440021919837352 1.042916997837403 1.041831803691071 1.0407466095447389 1.0396614153984067 1.0385762212520746 1.0374910271057423 1.0364058329594101 1.035320638813078 1.0342354446667459 1.0333357484426686 1.0326343536946707 1.0319329589466728 1.0312315641986738 1.0305301694506759 1.029828774702678 1.02912737995468 1.0284259852066822 1.0277245904586843 1.0270231957106863 1.0263218009626884 1.0256204062146905 1.0249190114666926 1.0242176167186947 1.0235162219706968 1.0228148272226991 1.0221134324746999 1.021412037726702 1.020710642978704 1.0200092482307062 1.0193078534827082 1.0186064587347103 1.0179050639867124 1.0172036692387145 1.0165022744907166 1.0158008797427187 1.015099484994721 1.0143980902467231
1.0516149400348724 1.050512199076965 1.0494094581190576 1.0483067171611504 1.047203976203243 1.0461012352453356 1.0449984942874264 1.043895753329519 1.0427930123716116 1.0416902714137042 1.040587530455797 1.0394847894978896 1.0383820485399822 1.0372793075820748 1.0361765666241674 1.0350738256662602 1.0341576879104337 1.0334410331998294 1.0327243784892253 1.0320077237786198 1.0312910690680155 1.0305744143574112 1.029857759646807 1.0291411049362027 1.0284244502255984 1.0277077955149942 1.02699114080439 1.0262744860937856 1.0255578313831815 1.0248411766725771 1.024124521961973 1.0234078672513687 1.0226912125407632 1.021974557830159 1.0212579031195546 1.0205412484089504 1.019824593698346 1.019107938987742 1.0183912842771377 1.0176746295665333 1.0169579748559292 1.0162413201453249 1.0155246654347205 1.0148080107241164
1.052716523208014 1.0515962354385313 1.0504759476690488 1.0493556598995661 1.0482353721300837 1.047115084360601 1.0459947965911165 1.044874508821634 1.0437542210521513 1.0426339332826688 1.0415136455131864 1.0403933577437037 1.0392730699742212 1.0381527822047385 1.037032494435256 1.0359122066657733 1.034979627378198 1.0342477127049874 1.0335157980317766 1.0327838833585647 1.0320519686853542 1.0313200540121437 1.0305881393389331 1.0298562246657226 1.0291243099925118 1.0283923953193013 1.0276604806460907 1.0269285659728802 1.0261966512996696 1.0254647366264589 1.0247328219532483 1.0240009072800378 1.023268992606826 1.0225370779336154 1.0218051632604048 1.021073248587194 1.0203413339139835 1.019609419240773 1.0188775045675624 1.0181455898943519 1.0174136752211411 1.0166817605479306 1.01594984587472 1.0152179312015095
1.0538181063811556 1.0526802718000978 1.0515424372190398 1.050404602637982 1.0492667680569243 1.0481289334758666 1.0469910988948068 1.045853264313749 1.0447154297326913 1.0435775951516335 1.0424397605705757 1.0413019259895178 1.04016409140846 1.0390262568274022 1.0378884222463445 1.0367505876652867 1.035801566845962 1.0350543922101452 1.0343072175743282 1.03356004293851 1.0328128683026931 1.0320656936668762 1.0313185190310592 1.0305713443952422 1.0298241697594253 1.0290769951236085 1.0283298204877915 1.0275826458519746 1.0268354712161576 1.0260882965803406 1.0253411219445239 1.024593947308707 1.0238467726728886 1.0230995980370718 1.0223524234012549 1.021605248765438 1.020858074129621 1.020110899493804 1.0193637248579872 1.0186165502221702 1.0178693755863533 1.0171222009505363 1.0163750263147193 1.0156278516789026
1.054919689554297 1.053764308161664 1.052608926769031 1.051453545376398 1.050298163983765 1.049142782591132 1.047987401198497 1.046832019805864 1.045676638413231 1.044521257020598 1.043365875627965 1.042210494235332 1.041055112842699 1.039899731450066 1.038744350057433 1.0375889686647999 1.0366235063137261 1.035861071715303 1.0350986371168795 1.034336202518455 1.0335737679200319 1.0328113333216085 1.0320488987231853 1.031286464124762 1.0305240295263387 1.0297615949279155 1.0289991603294923 1.028236725731069 1.0274742911326458 1.0267118565342226 1.0259494219357992 1.025186987337376 1.0244245527389515 1.023662118140528 1.022899683542105 1.0221372489436815 1.0213748143452583 1.0206123797468352 1.0198499451484118 1.0190875105499886 1.0183250759515654 1.017562641353142 1.0168002067547188 1.0160377721562956
1.0560212727274385 1.0548483445232304 1.0536754163190223 1.052502488114814 1.0513295599106058 1.0501566317063975 1.0489837035021874 1.047810775297979 1.046637847093771 1.0454649188895626 1.0442919906853545 1.0431190624811464 1.041946134276938 1.04077320607273 1.0396002778685216 1.0384273496643135 1.0374454457814906 1.036667751220461 1.0358900566594313 1.0351123620984004 1.0343346675373708 1.0335569729763412 1.0327792784153116 1.032001583854282 1.0312238892932524 1.0304461947322228 1.0296685001711932 1.0288908056101636 1.028113111049134 1.0273354164881043 1.0265577219270747 1.0257800273660451 1.0250023328050142 1.0242246382439846 1.023446943682955 1.0226692491219254 1.0218915545608958 1.0211138599998661 1.0203361654388365 1.019558470877807 1.0187807763167773 1.0180030817557477 1.0172253871947181 1.0164476926336885
1.05712285590058 1.0559323808847967 1.0547419058690133 1.0535514308532299 1.0523609558374465 1.051170480821663 1.0499800058058775 1.048789530790094 1.0475990557743107 1.0464085807585273 1.0452181057427439 1.0440276307269605 1.042837155711177 1.0416466806953937 1.04045620567961 1.0392657306638267 1.0382673852492548 1.0374744307256187 1.0366814762019827 1.0358885216783456 1.0350955671547095 1.0343026126310737 1.0335096581074377 1.0327167035838016 1.0319237490601658 1.0311307945365298 1.030337840012894 1.029544885489258 1.028751930965622 1.027958976441986 1.02716602191835 1.0263730673947142 1.0255801128710769 1.0247871583474408 1.023994203823805 1.023201249300169 1.0224082947765332 1.0216153402528971 1.0208223857292613 1.0200294312056253 1.0192364766819892 1.0184435221583534 1.0176505676347174 1.0168576131110816
1.0582244390737217 1.057016417246363 1.0558083954190043 1.0546003735916456 1.0533923517642871 1.0521843299369285 1.0509763081095678 1.049768286282209 1.0485602644548504 1.0473522426274917 1.0461442208001333 1.0449361989727746 1.0437281771454159 1.0425201553180572 1.0413121334906987 1.04010411166334 1.0390893247170188 1.0382811102307765 1.0374728957445343 1.0366646812582907 1.0358564667720482 1.035048252285806 1.0342400377995637 1.0334318233133215 1.0326236088270793 1.031815394340837 1.0310071798545946 1.0301989653683523 1.02939075088211 1.0285825363958678 1.0277743219096256 1.0269661074233833 1.0261578929371395 1.0253496784508973 1.024541463964655 1.0237332494784128 1.0229250349921706 1.0221168205059281 1.0213086060196859 1.0205003915334436 1.0196921770472014 1.0188839625609591 1.018075748074717 1.0172675335884747
1.0593260222468641 1.0581004536079301 1.0568748849689964 1.0556493163300624 1.0544237476911287 1.0531981790521947 1.051972610413259 1.050747041774325 1.0495214731353912 1.0482959044964573 1.0470703358575235 1.0458447672185895 1.0446191985796558 1.0433936299407218 1.042168061301788 1.040942492662854 1.0399112641847839 1.0390877897359352 1.0382643152870865 1.0374408408382365 1.0366173663893878 1.0357938919405392 1.0349704174916907 1.034146943042842 1.0333234685939934 1.0324999941451447 1.031676519696296 1.0308530452474474 1.030029570798599 1.0292060963497502 1.0283826219009016 1.027559147452053 1.026735673003203 1.0259121985543542 1.0250887241055056 1.0242652496566569 1.0234417752078084 1.0226183007589598 1.021794826310111 1.0209713518612624 1.0201478774124138 1.019324402963565 1.0185009285147166 1.017677454065868
1.0604276054200055 1.0591844899694964 1.0579413745189874 1.0566982590684784 1.0554551436179693 1.0542120281674603 1.052968912716949 1.05172579726644 1.050482681815931 1.049239566365422 1.047996450914913 1.0467533354644036 1.0455102200138946 1.0442671045633856 1.0430239891128765 1.0417808736623675 1.040733203652548 1.039894469241093 1.039055734829638 1.0382170004181817 1.0373782660067268 1.0365395315952717 1.0357007971838168 1.0348620627723617 1.0340233283609068 1.0331845939494517 1.0323458595379968 1.031507125126542 1.0306683907150869 1.029829656303632 1.028990921892177 1.028152187480722 1.0273134530692656 1.0264747186578107 1.0256359842463556 1.0247972498349007 1.0239585154234458 1.0231197810119907 1.0222810466005359 1.0214423121890808 1.020603577777626 1.0197648433661708 1.018926108954716 1.018087374543261
1.061529188593147 1.0602685263310627 1.0590078640689784 1.0577472018068943 1.05648653954481 1.0552258772827257 1.0539652150206393 1.052704552758555 1.0514438904964707 1.0501832282343864 1.048922565972302 1.047661903710218 1.0464012414481336 1.0451405791860493 1.043879916923965 1.0426192546618807 1.041555143120312 1.0407011487462507 1.0398471543721894 1.0389931599981268 1.0381391656240655 1.0372851712500042 1.0364311768759429 1.0355771825018816 1.0347231881278203 1.033869193753759 1.0330151993796977 1.0321612050056364 1.031307210631575 1.0304532162575137 1.0295992218834524 1.0287452275093911 1.0278912331353283 1.027037238761267 1.0261832443872057 1.0253292500131443 1.024475255639083 1.023621261265022 1.0227672668909606 1.0219132725168993 1.021059278142838 1.0202052837687767 1.0193512893947154 1.0184972950206541
1.0626307717662886 1.061352562692629 1.0600743536189696 1.05879614454531 1.0575179354716506 1.056239726397991 1.0549615173243294 1.05368330825067 1.0524050991770104 1.051126890103351 1.0498486810296914 1.048570471956032 1.0472922628823724 1.046014053808713 1.0447358447350534 1.043457635661394 1.0423770825880763 1.0415078282514085 1.040638573914741 1.039769319578072 1.0389000652414042 1.0380308109047367 1.037161556568069 1.0362923022314012 1.0354230478947337 1.034553793558066 1.0336845392213985 1.0328152848847307 1.0319460305480632 1.0310767762113955 1.0302075218747277 1.0293382675380602 1.0284690132013912 1.0275997588647234 1.026730504528056 1.0258612501913882 1.0249919958547205 1.024122741518053 1.0232534871813852 1.0223842328447177 1.02151497850805 1.0206457241713824 1.0197764698347147 1.0189072154980472
1.0637323549394302 1.0624365990541955 1.0611408431689606 1.059845087283726 1.0585493313984913 1.0572535755132566 1.0559578196280197 1.054662063742785 1.0533663078575504 1.0520705519723157 1.050774796087081 1.0494790402018463 1.0481832843166117 1.046887528431377 1.0455917725461423 1.0442960166609077 1.0431990220558407 1.0423145077565668 1.0414299934572926 1.040545479158017 1.0396609648587432 1.0387764505594692 1.0378919362601953 1.0370074219609213 1.0361229076616474 1.0352383933623732 1.0343538790630993 1.0334693647638253 1.0325848504645514 1.0317003361652775 1.0308158218660035 1.0299313075667293 1.0290467932674539 1.02816227896818 1.027277764668906 1.026393250369632 1.025508736070358 1.0246242217710841 1.02373970747181 1.022855193172536 1.021970678873262 1.0210861645739882 1.0202016502747142 1.0193171359754403
1.0648339381125715 1.0635206354157616 1.0622073327189518 1.0608940300221419 1.059580727325332 1.0582674246285222 1.05695412193171 1.0556408192349 1.05432751653809 1.0530142138412801 1.0517009111444704 1.0503876084476604 1.0490743057508505 1.0477610030540407 1.0464477003572308 1.0451343976604208 1.0440209615236047 1.0431211872617245 1.0422214129998442 1.0413216387379622 1.040421864476082 1.0395220902142017 1.0386223159523214 1.037722541690441 1.0368227674285608 1.0359229931666805 1.0350232189048 1.0341234446429197 1.0332236703810396 1.0323238961191592 1.0314241218572788 1.0305243475953985 1.0296245733335168 1.0287247990716364 1.027825024809756 1.0269252505478756 1.0260254762859955 1.0251257020241151 1.0242259277622348 1.0233261535003544 1.0224263792384742 1.0215266049765939 1.0206268307147135 1.0197270564528331
1.065935521285714 1.064604671777329 1.0632738222689437 1.0619429727605587 1.0606121232521735 1.0592812737437884 1.057950424235401 1.056619574727016 1.0552887252186307 1.0539578757102457 1.0526270262018604 1.0512961766934754 1.0499653271850902 1.0486344776767051 1.04730362816832 1.0459727786599349 1.0448429009913696 1.043927866766883 1.0430128325423962 1.042097798317908 1.0411827640934215 1.0402677298689347 1.039352695644448 1.0384376614199613 1.0375226271954747 1.0366075929709881 1.0356925587465013 1.0347775245220148 1.033862490297528 1.0329474560730414 1.0320324218485548 1.031117387624068 1.0302023533995799 1.029287319175093 1.0283722849506065 1.02745725072612 1.0265422165016331 1.0256271822771466 1.02471214805266 1.0237971138281732 1.0228820796036866 1.0219670453791998 1.0210520111547132 1.0201369769302266
1.0670371044588556 1.0656887081388953 1.064340311818935 1.0629919154989744 1.0616435191790141 1.0602951228590538 1.0589467265390913 1.0575983302191307 1.0562499338991704 1.0549015375792101 1.0535531412592498 1.0522047449392895 1.0508563486193292 1.0495079522993689 1.0481595559794084 1.046811159659448 1.0456648404591338 1.0447345462720408 1.0438042520849478 1.0428739578978532 1.0419436637107602 1.0410133695236672 1.0400830753365742 1.0391527811494812 1.0382224869623882 1.0372921927752952 1.0363618985882022 1.0354316044011092 1.0345013102140161 1.0335710160269231 1.0326407218398301 1.0317104276527371 1.0307801334656426 1.0298498392785496 1.0289195450914566 1.0279892509043635 1.0270589567172705 1.0261286625301775 1.0251983683430845 1.0242680741559915 1.0233377799688985 1.0224074857818055 1.0214771915947125 1.0205468974076197
1.0682895207745358 1.0669433533527553 1.0655971859309747 1.064251018509194 1.0629048510874135 1.061558683665633 1.06021251624385 1.0588663488220695 1.057520181400289 1.0561740139785085 1.054827846556728 1.0534816791349473 1.0521355117131668 1.0507893442913863 1.0494431768696058 1.0480970094478252 1.0469489909985696 1.0460127982843825 1.0450766055701954 1.0441404128560066 1.0432042201418195 1.0422680274276324 1.041331834713445 1.040395641999258 1.0394594492850708 1.0385232565708837 1.0375870638566966 1.0366508711425093 1.0357146784283222 1.034778485714135 1.033842292999948 1.0329061002857607 1.031969907571572 1.031033714857385 1.0300975221431976 1.0291613294290105 1.0282251367148234 1.0272889440006363 1.0263527512864492 1.0254165585722619 1.0244803658580748 1.0235441731438877 1.0226079804297006 1.0216717877155133
1.0697031682121498 1.0683803686757583 1.0670575691393667 1.0657347696029749 1.0644119700665833 1.0630891705301917 1.061766370993798 1.060443571457406 1.0591207719210145 1.057797972384623 1.0564751728482313 1.0551523733118395 1.053829573775448 1.0525067742390564 1.0511839747026648 1.049861175166273 1.0487272160391503 1.0477951315823537 1.0468630471255571 1.045930962668759 1.0449988782119626 1.044066793755166 1.0431347092983694 1.0422026248415728 1.0412705403847764 1.0403384559279798 1.0394063714711832 1.0384742870143868 1.0375422025575902 1.0366101181007936 1.035678033643997 1.0347459491872006 1.0338138647304025 1.0328817802736059 1.0319496958168093 1.0310176113600127 1.0300855269032163 1.0291534424464197 1.028221357989623 1.0272892735328265 1.0263571890760301 1.0254251046192335 1.024493020162437 1.0235609357056406
