Figures/CREST_Example_wjb_NSE/PETs/wjb.pet.20100728.asc
ncols            288
nrows            254
xllcorner        113.274861
yllcorner        31.4918055
cellsize         0.008333333333
NODATA_value     -9999
[rows 180 to 199 of 254, columns 132 to 175 of 288]
3.754310657823848 3.755104554657694 3.755898451491541 3.7566923483253873 3.7574862451592335 3.75828014199308 3.7590740388269266 3.7598679356607727 3.7606618324946193 3.761455729328466 3.762249626162312 3.76304352299616 3.7638374198300064 3.7646313166638525 3.765425213497699 3.7662191103315457 3.767013007165392 3.7678069039992383 3.768600800833085 3.769394697666931 3.7701885945007776 3.770982491334624 3.7717763881684703 3.772570285002317 3.7733641818361647 3.774158078670011 3.7749519755038574 3.775745872337704 3.77653976917155 3.7773336660053967 3.7786020418772983 3.7803776465742938 3.782153251271289 3.7839288559682847 3.7857044606652805 3.787480065362276 3.7892556700592714 3.79103127475627 3.7928068794532654 3.794582484150261 3.7963580888472563 3.798133693544252 3.7999092982412477 3.801684902938243
3.7563179424292645 3.757173703346887 3.7580294642645087 3.758885225182131 3.759740986099753 3.760596747017375 3.761452507934997 3.7623082688526193 3.763164029770241 3.7640197906878634 3.7648755516054853 3.765731312523109 3.766587073440731 3.767442834358353 3.7682985952759753 3.769154356193597 3.7700101171112195 3.7708658780288413 3.7717216389464636 3.772577399864086 3.7734331607817078 3.77428892169933 3.775144682616952 3.776000443534574 3.7768562044521974 3.7777119653698197 3.778567726287442 3.779423487205064 3.780279248122686 3.781135009040308 3.782425451722319 3.7841805790436016 3.7859357063648846 3.787690833686167 3.78944596100745 3.791201088328733 3.7929562156500154 3.794711342971301 3.7964664702925837 3.7982215976138667 3.7999767249351493 3.801731852256432 3.803486979577715 3.8052421068989974
3.758325227034681 3.759242852036079 3.7601604770374766 3.7610781020388746 3.761995727040272 3.7629133520416698 3.763830977043068 3.7647486020444654 3.7656662270458634 3.766583852047261 3.767501477048659 3.768419102050058 3.769336727051456 3.7702543520528535 3.7711719770542516 3.772089602055649 3.7730072270570467 3.7739248520584447 3.7748424770598423 3.7757601020612404 3.776677727062638 3.777595352064036 3.7785129770654335 3.779430602066831 3.7803482270682305 3.7812658520696285 3.782183477071026 3.783101102072424 3.7840187270738217 3.7849363520752193 3.7862488615673398 3.78798351151291 3.7897181614584796 3.7914528114040493 3.7931874613496195 3.794922111295189 3.7966567612407593 3.798391411186332 3.8001260611319023 3.801860711077472 3.8035953610230417 3.805330010968612 3.8070646609141816 3.8087993108597518
3.7603325116400996 3.761312000725273 3.7622914898104467 3.76327097889562 3.7642504679807933 3.765229957065967 3.7662094461511404 3.767188935236314 3.7681684243214875 3.769147913406661 3.7701274024918345 3.7711068915770096 3.7720863806621834 3.7730658697473567 3.77404535883253 3.7750248479177038 3.776004337002877 3.776983826088051 3.777963315173224 3.778942804258398 3.779922293343571 3.7809017824287445 3.7818812715139183 3.7828607605990916 3.7838402496842667 3.7848197387694404 3.7857992278546138 3.7867787169397875 3.787758206024961 3.788737695110134 3.790072271412364 3.7917864439822213 3.793500616552078 3.7952147891219354 3.7969289616917923 3.7986431342616496 3.8003573068315064 3.8020714794013664 3.8037856519712236 3.805499824541081 3.8072139971109378 3.808928169680795 3.810642342250652 3.812356514820509
3.7623397962455165 3.7633811494144656 3.764422502583415 3.765463855752364 3.766505208921313 3.767546562090262 3.7685879152592117 3.7696292684281607 3.7706706215971098 3.771711974766059 3.7727533279350083 3.773794681103959 3.774836034272908 3.7758773874418576 3.7769187406108067 3.7779600937797557 3.7790014469487048 3.7800428001176543 3.7810841532866033 3.7821255064555523 3.7831668596245014 3.784208212793451 3.7852495659624 3.786290919131349 3.7873322723003 3.7883736254692493 3.7894149786381983 3.7904563318071474 3.7914976849760964 3.792539038145046 3.7938956812573847 3.795589376451529 3.797283071645673 3.7989767668398176 3.800670462033962 3.8023641572281064 3.8040578524222504 3.8057515476163974 3.807445242810542 3.8091389380046863 3.8108326331988307 3.8125263283929747 3.814220023587119 3.8159137187812635
3.764347080850933 3.765450298103658 3.766553515356383 3.7676567326091077 3.7687599498618325 3.7698631671145573 3.770966384367282 3.7720696016200073 3.773172818872732 3.774276036125457 3.7753792533781816 3.7764824706309086 3.7775856878836334 3.778688905136358 3.779792122389083 3.7808953396418077 3.7819985568945325 3.7831017741472577 3.7842049913999825 3.7853082086527072 3.786411425905432 3.787514643158157 3.7886178604108816 3.7897210776636068 3.7908242949163333 3.791927512169058 3.793030729421783 3.794133946674508 3.795237163927233 3.7963403811799576 3.797719091102406 3.7993923089208375 3.801065526739269 3.8027387445577006 3.8044119623761317 3.806085180194563 3.8077583980129948 3.809431615831429 3.8111048336498605 3.812778051468292 3.8144512692867236 3.816124487105155 3.8177977049235867 3.8194709227420183
3.76635436545635 3.7675194467928503 3.768684528129351 3.7698496094658513 3.771014690802352 3.7721797721388524 3.773344853475353 3.7745099348118534 3.775675016148354 3.7768400974848544 3.778005178821355 3.7791702601578576 3.780335341494358 3.7815004228308586 3.782665504167359 3.7838305855038596 3.78499566684036 3.7861607481768607 3.787325829513361 3.7884909108498617 3.789655992186362 3.7908210735228627 3.791986154859363 3.7931512361958637 3.7943163175323664 3.795481398868867 3.7966464802053674 3.797811561541868 3.7989766428783684 3.800141724214869 3.8015425009474266 3.8031952413901453 3.804847981832864 3.8065007222755827 3.8081534627183014 3.80980620316102 3.8114589436037387 3.81311168404646 3.8147644244891787 3.8164171649318974 3.818069905374616 3.819722645817335 3.8213753862600535 3.823028126702772
3.7683616500617663 3.7695885954820425 3.7708155409023187 3.772042486322595 3.773269431742871 3.7744963771631475 3.7757233225834237 3.7769502680037 3.7781772134239757 3.779404158844252 3.780631104264528 3.7818580496848067 3.783084995105083 3.784311940525359 3.7855388859456354 3.7867658313659116 3.787992776786188 3.7892197222064636 3.79044666762674 3.791673613047016 3.7929005584672923 3.7941275038875686 3.795354449307845 3.796581394728121 3.7978083401483995 3.7990352855686758 3.8002622309889516 3.801489176409228 3.802716121829504 3.8039430672497803 3.8053659107924473 3.806998173859453 3.808630436926459 3.810262699993465 3.811894963060471 3.813527226127477 3.8151594891944827 3.816791752261491 3.8184240153284974 3.820056278395503 3.821688541462509 3.823320804529515 3.8249530675965207 3.8265853306635265
3.770368934667183 3.771657744171235 3.772946553675287 3.774235363179339 3.775524172683391 3.7768129821874425 3.7781017916914945 3.7793906011955465 3.7806794106995985 3.7819682202036504 3.783257029707702 3.784545839211756 3.785834648715808 3.78712345821986 3.788412267723912 3.7897010772279636 3.7909898867320155 3.7922786962360675 3.7935675057401195 3.7948563152441714 3.796145124748223 3.797433934252275 3.798722743756327 3.800011553260379 3.8013003627644326 3.8025891722684846 3.8038779817725366 3.8051667912765885 3.8064556007806405 3.807744410284692 3.8091893206374685 3.8108011063287615 3.8124128920200544 3.814024677711348 3.8156364634026407 3.8172482490939337 3.818860034785227 3.8204718204765227 3.8220836061678156 3.823695391859109 3.825307177550402 3.826918963241695 3.828530748932988 3.8301425346242812
3.772376219272602 3.7737268928604295 3.7750775664482568 3.7764282400360845 3.777778913623912 3.77912958721174 3.7804802607995676 3.781830934387395 3.7831816079752225 3.78453228156305 3.785882955150878 3.787233628738708 3.7885843023265355 3.789934975914363 3.7912856495021905 3.792636323090018 3.793986996677846 3.7953376702656736 3.7966883438535013 3.7980390174413285 3.7993896910291562 3.800740364616984 3.8020910382048116 3.8034417117926393 3.8047923853804693 3.8061430589682965 3.807493732556124 3.808844406143952 3.8101950797317796 3.8115457533196073 3.813012730482493 3.814604038798073 3.8161953471136534 3.8177866554292335 3.8193779637448135 3.820969272060394 3.822560580375974 3.8241518886915573 3.8257431970071374 3.8273345053227175 3.828925813638298 3.830517121953878 3.832108430269458 3.8336997385850387
3.7743835038780182 3.7757960415496217 3.7772085792212247 3.778621116892828 3.7800336545644315 3.781446192236035 3.782858729907638 3.7842712675792414 3.785683805250845 3.787096342922448 3.788508880594051 3.789921418265657 3.7913339559372603 3.7927464936088633 3.7941590312804667 3.79557156895207 3.796984106623673 3.7983966442952766 3.79980918196688 3.8012217196384834 3.8026342573100864 3.80404679498169 3.8054593326532933 3.8068718703248963 3.808284407996502 3.8096969456681054 3.811109483339709 3.8125220210113118 3.813934558682915 3.8153470963545186 3.8168361403275135 3.8184069712673807 3.8199778022072484 3.821548633147116 3.823119464086983 3.824690295026851 3.826261125966718 3.8278319569065884 3.8294027878464556 3.8309736187863233 3.8325444497261905 3.834115280666058 3.8356861116059253 3.837256942545793
3.7763907884834347 3.777865190238814 3.779339591994193 3.7808139937495717 3.782288395504951 3.7837627972603296 3.7852371990157088 3.7867116007710875 3.7881860025264666 3.7896604042818454 3.7911348060372245 3.792609207792606 3.794083609547985 3.795558011303364 3.797032413058743 3.7985068148141217 3.799981216569501 3.80145561832488 3.8029300200802587 3.804404421835638 3.8058788235910166 3.8073532253463958 3.8088276271017745 3.8103020288571536 3.811776430612535 3.813250832367914 3.814725234123293 3.816199635878672 3.8176740376340508 3.81914843938943 3.8206595501725342 3.822209903736689 3.8237602573008433 3.825310610864998 3.826860964429153 3.8284113179933073 3.829961671557462 3.8315120251216195 3.833062378685774 3.8346127322499286 3.8361630858140834 3.8377134393782377 3.8392637929423925 3.8408141465065473
3.7783980730888516 3.779934338928006 3.781470604767161 3.7830068706063154 3.7845431364454702 3.7860794022846247 3.7876156681237796 3.789151933962934 3.7906881998020885 3.7922244656412434 3.793760731480398 3.7952969973195554 3.79683326315871 3.7983695289978647 3.799905794837019 3.801442060676174 3.8029783265153285 3.8045145923544834 3.806050858193638 3.8075871240327928 3.809123389871947 3.810659655711102 3.8121959215502565 3.813732187389411 3.8152684532285686 3.816804719067723 3.818340984906878 3.8198772507460323 3.8214135165851872 3.8229497824243417 3.8244829600175554 3.8260128362059973 3.8275427123944388 3.8290725885828807 3.8306024647713226 3.8321323409597645 3.8336622171482064 3.8351920933366506 3.8367219695250925 3.8382518457135344 3.8397817219019763 3.8413115980904182 3.8428414742788597 3.8443713504673016
3.7804053576942684 3.7820034876171986 3.7836016175401292 3.7851997474630594 3.7867978773859896 3.7883960073089202 3.7899941372318504 3.7915922671547806 3.793190397077711 3.7947885270006414 3.7963866569235716 3.797984786846505 3.799582916769435 3.8011810466923652 3.802779176615296 3.804377306538226 3.805975436461156 3.807573566384087 3.809171696307017 3.810769826229947 3.8123679561528774 3.813966086075808 3.815564215998738 3.8171623459216684 3.8187604758446017 3.820358605767532 3.821956735690462 3.8235548656133926 3.825152995536323 3.826751125459253 3.828306369862576 3.829815768675305 3.831325167488034 3.8328345663007632 3.8343439651134923 3.8358533639262213 3.8373627627389504 3.8388721615516816 3.8403815603644107 3.8418909591771397 3.843400357989869 3.844909756802598 3.846419155615327 3.847928554428056
3.7824126422996858 3.784072636306392 3.785732630313098 3.787392624319804 3.78905261832651 3.790712612333216 3.792372606339922 3.794032600346628 3.795692594353334 3.7973525883600403 3.799012582366746 3.8006725763734552 3.802332570380161 3.803992564386867 3.805652558393573 3.8073125524002793 3.8089725464069852 3.810632540413691 3.812292534420397 3.8139525284271034 3.8156125224338093 3.8172725164405152 3.818932510447221 3.8205925044539275 3.822252498460636 3.8239124924673424 3.8255724864740484 3.8272324804807543 3.82889247448746 3.8305524684941665 3.8321297797075986 3.833618701144615 3.835107622581631 3.836596544018647 3.8380854654556633 3.8395743868926795 3.8410633083296957 3.8425522297667145 3.8440411512037307 3.845530072640747 3.847018994077763 3.848507915514779 3.849996836951796 3.851485758388812
3.7844199269051026 3.7861417849955843 3.787863643086066 3.7895855011765476 3.791307359267029 3.793029217357511 3.7947510754479925 3.7964729335384746 3.7981947916289562 3.799916649719438 3.8016385078099195 3.8033603659004043 3.805082223990886 3.8068040820813676 3.808525940171849 3.810247798262331 3.8119696563528125 3.8136915144432946 3.815413372533776 3.817135230624258 3.8188570887147395 3.820578946805221 3.822300804895703 3.8240226629861844 3.825744521076669 3.827466379167151 3.8291882372576325 3.8309100953481146 3.832631953438596 3.834353811529078 3.8359531895526193 3.8374216336139226 3.838890077675226 3.8403585217365297 3.841826965797833 3.8432954098591363 3.8447638539204396 3.8462322979817456 3.8477007420430493 3.8491691861043527 3.850637630165656 3.8521060742269593 3.853574518288263 3.8550429623495663
3.786427211510519 3.7882109336847765 3.789994655859034 3.791778378033291 3.7935621002075486 3.795345822381806 3.7971295445560633 3.7989132667303207 3.800696988904578 3.8024807110788355 3.804264433253093 3.8060481554273533 3.8078318776016107 3.809615599775868 3.8113993219501254 3.8131830441243832 3.8149667662986406 3.816750488472898 3.8185342106471554 3.8203179328214127 3.82210165499567 3.8238853771699275 3.825669099344185 3.8274528215184422 3.8292365436927027 3.83102026586696 3.8328039880412175 3.834587710215475 3.836371432389732 3.8381551545639896 3.8397765993976405 3.841224566083231 3.842672532768822 3.8441204994544123 3.8455684661400027 3.8470164328255936 3.848464399511184 3.849912366196777 3.8513603328823676 3.8528082995679584 3.854256266253549 3.8557042329391398 3.85715219962473 3.8586001663103207
3.7884344961159364 3.7902800823739695 3.7921256686320026 3.7939712548900357 3.795816841148069 3.797662427406102 3.799508013664135 3.801353599922168 3.8031991861802013 3.8050447724382344 3.8068903586962675 3.8087359449543037 3.810581531212337 3.81242711747037 3.814272703728403 3.816118289986436 3.817963876244469 3.8198094625025023 3.8216550487605354 3.8235006350185685 3.8253462212766016 3.8271918075346347 3.829037393792668 3.830882980050701 3.832728566308737 3.8345741525667703 3.8364197388248034 3.8382653250828365 3.8401109113408696 3.8419564975989027 3.843600009242663 3.8450274985525406 3.8464549878624186 3.847882477172296 3.849309966482174 3.8507374557920517 3.8521649451019297 3.85359243441181 3.8550199237216876 3.8564474130315656 3.857874902341443 3.859302391651321 3.8607298809611987 3.8621573702710768
3.7904417807213537 3.7923492310631626 3.794256681404971 3.79616413174678 3.7980715820885886 3.7999790324303975 3.8018864827722063 3.8037939331140147 3.8057013834558235 3.8076088337976324 3.809516284139441 3.811423734481253 3.813331184823062 3.815238635164871 3.8171460855066797 3.819053535848488 3.820960986190297 3.8228684365321057 3.8247758868739146 3.8266833372157234 3.8285907875575322 3.8304982378993406 3.8324056882411495 3.8343131385829583 3.8362205889247702 3.838128039266579 3.840035489608388 3.8419429399501968 3.8438503902920056 3.845757840633814 3.8474234190876837 3.8488304310218484 3.8502374429560136 3.8516444548901787 3.8530514668243434 3.8544584787585086 3.8558654906926737 3.857272502626841 3.8586795145610058 3.860086526495171 3.861493538429336 3.8629005503635008 3.864307562297666 3.865714574231831
3.79244906532677 3.7944183797523547 3.796387694177939 3.7983570086035234 3.800326323029108 3.8022956374546926 3.8042649518802767 3.8062342663058613 3.808203580731446 3.81017289515703 3.8121422095826145 3.814111524008202 3.8160808384337868 3.8180501528593713 3.8200194672849555 3.82198878171054 3.8239580961361246 3.825927410561709 3.8278967249872933 3.829866039412878 3.8318353538384624 3.8338046682640465 3.835773982689631 3.8377432971152157 3.8397126115408033 3.841681925966388 3.843651240391972 3.8456205548175566 3.847589869243141 3.8495591836687257 3.8512468289327044 3.8526333634911567 3.8540198980496085 3.855406432608061 3.856792967166513 3.8581795017249654 3.8595660362834177 3.860952570841872 3.862339105400324 3.8637256399587763 3.8651121745172285 3.866498709075681 3.867885243634133 3.869271778192585
