Figures/CREST_Example_wjb_NSE/PETs/wjb.pet.20090204.asc
ncols            288
nrows            254
xllcorner        113.274861
yllcorner        31.4918055
cellsize         0.008333333333
NODATA_value     -9999
[rows 80 to 99 of 254, columns 44 to 87 of 288]
1.149137619699421 1.1483594397296606 1.1475812597599004 1.14680307979014 1.1460248998203797 1.1452467198506195 1.1444685398808592 1.143690359911099 1.1429121799413373 1.142133999971577 1.1413558200018168 1.1405776400320564 1.139799460062296 1.139021280092536 1.1382431001227755 1.1374649201530151 1.136686740183255 1.1359085602134946 1.1351303802437342 1.134352200273974 1.1335740203042137 1.132795840334452 1.1320176603646919 1.1312394803949315 1.1304613004251711 1.129683120455411 1.1289049404856506 1.1281267605158902 1.127926319669254 1.1283434950056415 1.1287606703420288 1.1291778456784163 1.1295950210148036 1.130012196351191 1.1304293716875793 1.1308465470239666 1.131263722360354 1.1316808976967414 1.132098073033129 1.1325152483695162 1.1329324237059037 1.133349599042291 1.1337667743786786 1.1341839497150659
1.149836123982977 1.1490700113409602 1.1483038986989431 1.1475377860569262 1.1467716734149094 1.1460055607728925 1.1452394481308756 1.1444733354888588 1.1437072228468403 1.1429411102048235 1.1421749975628066 1.1414088849207897 1.1406427722787729 1.139876659636756 1.139110546994739 1.138344434352722 1.1375783217107052 1.1368122090686883 1.1360460964266714 1.1352799837846546 1.1345138711426375 1.1337477585006193 1.1329816458586024 1.1322155332165855 1.1314494205745687 1.1306833079325518 1.129917195290535 1.1291510826485178 1.1289293700198597 1.1292896333122204 1.129649896604581 1.1300101598969416 1.1303704231893021 1.1307306864816629 1.131090949774024 1.1314512130663845 1.1318114763587452 1.1321717396511057 1.1325320029434665 1.132892266235827 1.1332525295281877 1.1336127928205484 1.1339730561129089 1.1343333194052696
1.1505346282665332 1.1497805829522598 1.1490265376379862 1.1482724923237126 1.1475184470094393 1.1467644016951657 1.146010356380892 1.1452563110666187 1.1445022657523438 1.1437482204380702 1.1429941751237969 1.1422401298095233 1.1414860844952497 1.1407320391809763 1.1399779938667027 1.1392239485524291 1.1384699032381558 1.1377158579238822 1.1369618126096086 1.1362077672953352 1.1354537219810616 1.1346996766667867 1.1339456313525134 1.1331915860382398 1.1324375407239662 1.1316834954096928 1.1309294500954192 1.1301754047811456 1.1299324203704657 1.1302357716187994 1.1305391228671333 1.130842474115467 1.131145825363801 1.1314491766121346 1.131752527860469 1.132055879108803 1.1323592303571366 1.1326625816054705 1.1329659328538042 1.1332692841021381 1.1335726353504718 1.1338759865988057 1.1341793378471396 1.1344826890954733
1.1512331325500893 1.1504911545635592 1.149749176577029 1.1490071985904988 1.1482652206039687 1.1475232426174387 1.1467812646309086 1.1460392866443785 1.145297308657847 1.1445553306713168 1.1438133526847867 1.1430713746982566 1.1423293967117265 1.1415874187251964 1.1408454407386661 1.140103462752136 1.139361484765606 1.1386195067790759 1.1378775287925458 1.1371355508060155 1.1363935728194854 1.135651594832954 1.1349096168464239 1.1341676388598938 1.1334256608733637 1.1326836828868336 1.1319417049003033 1.1311997269137732 1.1309354707210713 1.1311819099253784 1.1314283491296853 1.1316747883339924 1.1319212275382995 1.1321676667426064 1.132414105946914 1.1326605451512208 1.132906984355528 1.1331534235598348 1.133399862764142 1.1336463019684488 1.133892741172756 1.1341391803770628 1.13438561958137 1.134632058785677
1.1519316368336454 1.1512017261748588 1.150471815516072 1.1497419048572852 1.1490119941984984 1.1482820835397118 1.147552172880925 1.1468222622221382 1.1460923515633503 1.1453624409045635 1.1446325302457767 1.1439026195869901 1.1431727089282033 1.1424427982694165 1.1417128876106297 1.1409829769518431 1.1402530662930563 1.1395231556342695 1.1387932449754827 1.1380633343166962 1.1373334236579093 1.1366035129991214 1.1358736023403346 1.1351436916815478 1.134413781022761 1.1336838703639744 1.1329539597051876 1.1322240490464008 1.131938521071677 1.1321280482319573 1.1323175753922374 1.1325071025525177 1.1326966297127978 1.1328861568730781 1.1330756840333587 1.1332652111936388 1.133454738353919 1.1336442655141994 1.1338337926744795 1.1340233198347598 1.1342128469950399 1.1344023741553202 1.1345919013156005 1.1347814284758806
1.1526301411172022 1.151912297786159 1.1511944544551156 1.1504766111240723 1.1497587677930288 1.1490409244619855 1.1483230811309422 1.1476052377998989 1.1468873944688542 1.146169551137811 1.1454517078067676 1.1447338644757243 1.1440160211446808 1.1432981778136375 1.1425803344825942 1.141862491151551 1.1411446478205076 1.140426804489464 1.1397089611584208 1.1389911178273775 1.1382732744963342 1.1375554311652896 1.1368375878342463 1.136119744503203 1.1354019011721597 1.1346840578411161 1.1339662145100728 1.1332483711790295 1.132941571422284 1.1330741865385372 1.1332068016547905 1.133339416771044 1.1334720318872973 1.1336046470035506 1.1337372621198043 1.1338698772360576 1.1340024923523109 1.1341351074685644 1.1342677225848177 1.1344003377010712 1.1345329528173245 1.1346655679335778 1.1347981830498313 1.1349307981660846
1.1533286454007583 1.1526228693974583 1.1519170933941583 1.1512113173908585 1.1505055413875585 1.1497997653842584 1.1490939893809586 1.1483882133776586 1.1476824373743575 1.1469766613710575 1.1462708853677575 1.1455651093644577 1.1448593333611576 1.1441535573578576 1.1434477813545576 1.1427420053512578 1.1420362293479578 1.1413304533446578 1.140624677341358 1.139918901338058 1.139213125334758 1.1385073493314568 1.1378015733281568 1.137095797324857 1.136390021321557 1.135684245318257 1.1349784693149572 1.1342726933116571 1.1339446217728895 1.1340203248451162 1.1340960279173427 1.1341717309895691 1.1342474340617958 1.1343231371340223 1.134398840206249 1.1344745432784755 1.1345502463507022 1.1346259494229287 1.1347016524951554 1.134777355567382 1.1348530586396084 1.134928761711835 1.1350044647840616 1.1350801678562883
1.1540271496843144 1.153333441008758 1.1526397323332014 1.1519460236576449 1.1512523149820881 1.1505586063065316 1.149864897630975 1.1491711889554184 1.1484774802798607 1.1477837716043042 1.1470900629287475 1.146396354253191 1.1457026455776345 1.145008936902078 1.1443152282265212 1.1436215195509647 1.1429278108754082 1.1422341021998517 1.141540393524295 1.1408466848487384 1.140152976173182 1.139459267497624 1.1387655588220675 1.138071850146511 1.1373781414709545 1.1366844327953978 1.1359907241198413 1.1352970154442847 1.1349476721234952 1.134966463151695 1.1349852541798948 1.1350040452080945 1.1350228362362942 1.135041627264494 1.1350604182926938 1.1350792093208937 1.1350980003490934 1.1351167913772933 1.135135582405493 1.1351543734336926 1.1351731644618925 1.1351919554900922 1.1352107465182921 1.1352295375464918
1.1541768934422683 1.1535015096583903 1.1528261258745123 1.1521507420906343 1.1514753583067563 1.1507999745228783 1.1501245907390003 1.1494492069551223 1.1487738231712432 1.1480984393873652 1.1474230556034872 1.1467476718196092 1.1460722880357312 1.1453969042518533 1.1447215204679753 1.1440461366840973 1.1433707529002193 1.1426953691163413 1.1420199853324633 1.1413446015485853 1.1406692177647073 1.1399938339808282 1.1393184501969502 1.1386430664130722 1.1379676826291942 1.1372922988453162 1.1366169150614382 1.1359415312775603 1.1355858794794849 1.135572028402112 1.1355581773247394 1.1355443262473668 1.1355304751699942 1.1355166240926216 1.1355027730152487 1.135488921937876 1.1354750708605035 1.1354612197831309 1.1354473687057582 1.1354335176283854 1.1354196665510128 1.1354058154736402 1.1353919643962676 1.135378113318895
1.1537400467967383 1.1530896768458572 1.152439306894976 1.151788936944095 1.151138566993214 1.1504881970423328 1.1498378270914518 1.1491874571405705 1.1485370871896883 1.1478867172388072 1.1472363472879261 1.146585977337045 1.145935607386164 1.1452852374352829 1.1446348674844018 1.1439844975335207 1.1433341275826396 1.1426837576317586 1.1420333876808775 1.1413830177299964 1.1407326477791153 1.1400822778282331 1.139431907877352 1.138781537926471 1.1381311679755899 1.1374807980247086 1.1368304280738275 1.1361800581229464 1.1358340926769377 1.1358135425280236 1.1357929923791092 1.135772442230195 1.1357518920812808 1.1357313419323665 1.1357107917834521 1.135690241634538 1.1356696914856237 1.1356491413367094 1.1356285911877952 1.135608041038881 1.1355874908899666 1.1355669407410525 1.1355463905921381 1.1355258404432238
1.1533032001512082 1.152677844033324 1.15205248791544 1.1514271317975557 1.1508017756796716 1.1501764195617874 1.1495510634439032 1.1489257073260188 1.1483003512081338 1.1476749950902494 1.1470496389723652 1.146424282854481 1.145798926736597 1.1451735706187127 1.1445482145008286 1.1439228583829444 1.14329750226506 1.1426721461471758 1.1420467900292917 1.1414214339114075 1.1407960777935233 1.140170721675638 1.1395453655577539 1.1389200094398697 1.1382946533219853 1.1376692972041011 1.137043941086217 1.1364185849683328 1.1360823058743907 1.136055056653935 1.136027807433479 1.1360005582130233 1.1359733089925674 1.1359460597721116 1.1359188105516556 1.1358915613311997 1.135864312110744 1.135837062890288 1.1358098136698322 1.1357825644493764 1.1357553152289206 1.1357280660084648 1.1357008167880087 1.1356735675675529
1.1528663535056785 1.1522660112207912 1.151665668935904 1.1510653266510165 1.1504649843661292 1.149864642081242 1.1492642997963547 1.1486639575114672 1.148063615226579 1.1474632729416916 1.1468629306568043 1.146262588371917 1.1456622460870298 1.1450619038021423 1.144461561517255 1.1438612192323678 1.1432608769474806 1.1426605346625933 1.1420601923777058 1.1414598500928186 1.1408595078079313 1.140259165523043 1.1396588232381557 1.1390584809532684 1.138458138668381 1.1378577963834937 1.1372574540986065 1.1366571118137192 1.1363305190718438 1.1362965707798462 1.136262622487849 1.1362286741958514 1.136194725903854 1.1361607776118565 1.136126829319859 1.1360928810278617 1.1360589327358641 1.1360249844438668 1.1359910361518692 1.135957087859872 1.1359231395678744 1.1358891912758768 1.1358552429838795 1.135821294691882
1.1524295068601482 1.1518541784082579 1.1512788499563673 1.150703521504477 1.1501281930525866 1.1495528646006963 1.148977536148806 1.1484022076969154 1.1478268792450241 1.1472515507931338 1.1466762223412432 1.1461008938893529 1.1455255654374625 1.1449502369855722 1.1443749085336816 1.1437995800817913 1.143224251629901 1.1426489231780106 1.1420735947261202 1.1414982662742297 1.1409229378223393 1.140347609370448 1.1397722809185575 1.1391969524666672 1.1386216240147768 1.1380462955628865 1.137470967110996 1.1368956386591056 1.136578732269297 1.136538084905758 1.136497437542219 1.13645679017868 1.136416142815141 1.1363754954516019 1.1363348480880626 1.1362942007245236 1.1362535533609845 1.1362129059974455 1.1361722586339065 1.1361316112703674 1.1360909639068284 1.1360503165432894 1.1360096691797503 1.1359690218162113
1.1519926602146182 1.1514423455957246 1.1508920309768311 1.1503417163579377 1.1497914017390443 1.1492410871201506 1.1486907725012572 1.1481404578823637 1.1475901432634692 1.1470398286445758 1.1464895140256823 1.1459391994067887 1.1453888847878952 1.1448385701690018 1.1442882555501084 1.1437379409312147 1.1431876263123213 1.1426373116934279 1.1420869970745342 1.1415366824556408 1.1409863678367473 1.1404360532178528 1.1398857385989594 1.139335423980066 1.1387851093611725 1.1382347947422788 1.1376844801233854 1.137134165504492 1.1368269454667501 1.1367795990316694 1.1367322525965888 1.136684906161508 1.1366375597264275 1.1365902132913468 1.136542866856266 1.1364955204211855 1.1364481739861048 1.1364008275510242 1.1363534811159435 1.136306134680863 1.1362587882457822 1.1362114418107017 1.136164095375621 1.1361167489405404
1.1515558135690882 1.1510305127831917 1.1505052119972952 1.1499799112113984 1.149454610425502 1.1489293096396054 1.1484040088537086 1.1478787080678121 1.1473534072819147 1.146828106496018 1.1463028057101214 1.145777504924225 1.1452522041383282 1.1447269033524317 1.1442016025665351 1.1436763017806384 1.1431510009947419 1.1426257002088454 1.1421003994229486 1.141575098637052 1.1410497978511556 1.140524497065258 1.1399991962793614 1.139473895493465 1.1389485947075682 1.1384232939216716 1.137897993135775 1.1373726923498784 1.1370751586642032 1.137021113157581 1.1369670676509587 1.1369130221443364 1.1368589766377142 1.136804931131092 1.1367508856244697 1.1366968401178474 1.1366427946112252 1.136588749104603 1.1365347035979807 1.1364806580913585 1.1364266125847362 1.136372567078114 1.1363185215714917 1.1362644760648695
1.1511189669235584 1.1506186799706586 1.150118393017759 1.1496181060648594 1.1491178191119595 1.14861753215906 1.14811724520616 1.1476169582532605 1.14711667130036 1.1466163843474602 1.1461160973945606 1.1456158104416607 1.1451155234887611 1.1446152365358615 1.1441149495829617 1.143614662630062 1.1431143756771622 1.1426140887242626 1.142113801771363 1.1416135148184632 1.1411132278655636 1.140612940912663 1.1401126539597632 1.1396123670068636 1.1391120800539638 1.1386117931010642 1.1381115061481644 1.1376112191952648 1.1373233718616562 1.1372626272834925 1.1372018827053285 1.1371411381271648 1.1370803935490008 1.137019648970837 1.136958904392673 1.1368981598145091 1.1368374152363454 1.1367766706581814 1.1367159260800177 1.1366551815018537 1.13659443692369 1.136533692345526 1.1364729477673623 1.1364122031891983
1.1506821202780284 1.1502068471581255 1.1497315740382228 1.1492563009183199 1.1487810277984172 1.1483057546785143 1.1478304815586116 1.1473552084387086 1.146879935318805 1.1464046621989024 1.1459293890789994 1.1454541159590967 1.1449788428391938 1.1445035697192911 1.1440282965993882 1.1435530234794855 1.1430777503595826 1.14260247723968 1.142127204119777 1.1416519309998743 1.1411766578799716 1.1407013847600678 1.140226111640165 1.1397508385202624 1.1392755654003595 1.1388002922804568 1.1383250191605538 1.1378497460406511 1.1375715850591093 1.1375041414094038 1.1374366977596984 1.137369254109993 1.1373018104602874 1.137234366810582 1.1371669231608765 1.137099479511171 1.1370320358614656 1.1369645922117602 1.1368971485620547 1.1368297049123492 1.1367622612626438 1.1366948176129383 1.1366273739632329 1.1365599303135274
1.1502452736324984 1.1497950143455926 1.1493447550586866 1.1488944957717806 1.1484442364848748 1.1479939771979688 1.147543717911063 1.147093458624157 1.1466431993372503 1.1461929400503446 1.1457426807634385 1.1452924214765328 1.1448421621896268 1.1443919029027207 1.143941643615815 1.143491384328909 1.1430411250420032 1.1425908657550972 1.1421406064681914 1.1416903471812854 1.1412400878943796 1.140789828607473 1.140339569320567 1.139889310033661 1.139439050746755 1.138988791459849 1.1385385321729433 1.1380882728860373 1.1378197982565623 1.1377456555353151 1.1376715128140682 1.1375973700928212 1.137523227371574 1.1374490846503271 1.13737494192908 1.1373007992078328 1.1372266564865858 1.1371525137653389 1.1370783710440917 1.1370042283228448 1.1369300856015976 1.1368559428803506 1.1367818001591037 1.1367076574378565
1.1498084269869682 1.149383181533059 1.1489579360791502 1.148532690625241 1.1481074451713322 1.1476821997174231 1.1472569542635143 1.1468317088096052 1.1464064633556954 1.1459812179017865 1.1455559724478774 1.1451307269939686 1.1447054815400595 1.1442802360861506 1.1438549906322415 1.1434297451783326 1.1430044997244235 1.1425792542705147 1.1421540088166056 1.1417287633626965 1.1413035179087876 1.1408782724548778 1.140453027000969 1.1400277815470599 1.1396025360931508 1.139177290639242 1.1387520451853328 1.138326799731424 1.1380680114540156 1.137987169661227 1.1379063278684383 1.1378254860756496 1.137744644282861 1.1376638024900723 1.1375829606972836 1.137502118904495 1.1374212771117063 1.1373404353189176 1.137259593526129 1.1371787517333403 1.1370979099405516 1.137017068147763 1.1369362263549743 1.1368553845621858
1.1493715803414382 1.148971348720526 1.148571117099614 1.1481708854787018 1.1477706538577896 1.1473704222368777 1.1469701906159655 1.1465699589950535 1.1461697273741407 1.1457694957532285 1.1453692641323165 1.1449690325114044 1.1445688008904922 1.1441685692695802 1.143768337648668 1.143368106027756 1.1429678744068439 1.1425676427859317 1.1421674111650197 1.1417671795441076 1.1413669479231956 1.1409667163022827 1.1405664846813706 1.1401662530604586 1.1397660214395464 1.1393657898186345 1.1389655581977223 1.13856532657681 1.1383162246514684 1.1382286837871383 1.138141142922808 1.1380536020584777 1.1379660611941476 1.1378785203298174 1.137790979465487 1.1377034386011566 1.1376158977368265 1.1375283568724963 1.137440816008166 1.1373532751438358 1.1372657342795056 1.1371781934151752 1.137090652550845 1.1370031116865147
