Figures/CREST_Example_wjb_NSE/PETs/wjb.pet.20100329.asc
ncols            288
nrows            254
xllcorner        113.274861
yllcorner        31.4918055
cellsize         0.008333333333
NODATA_value     -9999
[rows 160 to 179 of 254, columns 44 to 87 of 288]
0.9573653475706626 0.9564040554981205 0.9554427634255783 0.9544814713530362 0.953520179280494 0.9525588872079519 0.9515975951354096 0.9506363030628675 0.9496750109903237 0.9487137189177816 0.9477524268452394 0.9467911347726973 0.945829842700155 0.9448685506276129 0.9439072585550707 0.9429459664825286 0.9419846744099865 0.9410233823374443 0.9400620902649021 0.9391007981923599 0.9381395061198178 0.937178214047274 0.9362169219747318 0.9352556299021897 0.9342943378296474 0.9333330457571053 0.9323717536845632 0.931410461612021 0.9313208313386304 0.9321630272333701 0.9330052231281097 0.9338474190228495 0.9346896149175892 0.9355318108123288 0.93637400670707 0.9372162026018097 0.9380583984965494 0.9389005943912891 0.9397427902860288 0.9405849861807685 0.9414271820755082 0.9422693779702479 0.9431115738649876 0.9439537697597273
0.9615246417848784 0.9603179917309357 0.9591113416769929 0.9579046916230501 0.9566980415691074 0.9554913915151646 0.9542847414612219 0.9530780914072792 0.9518714413533343 0.9506647912993915 0.9494581412454488 0.9482514911915061 0.9470448411375633 0.9458381910836205 0.9446315410296778 0.943424890975735 0.9422182409217923 0.9410115908678496 0.9398049408139069 0.938598290759964 0.9373916407060213 0.9361849906520765 0.9349783405981338 0.933771690544191 0.9325650404902482 0.9313583904363055 0.9301517403823627 0.92894509032842 0.9286721871784114 0.9293974805770452 0.930122773975679 0.9308480673743128 0.9315733607729466 0.9322986541715804 0.9330239475702155 0.9337492409688493 0.9344745343674831 0.9351998277661169 0.9359251211647507 0.9366504145633845 0.9373757079620183 0.9381010013606521 0.9388262947592859 0.9395515881579197
0.9656839359990942 0.9642319279637508 0.9627799199284075 0.9613279118930641 0.9598759038577208 0.9584238958223774 0.9569718877870341 0.9555198797516907 0.954067871716345 0.9526158636810016 0.9511638556456583 0.9497118476103149 0.9482598395749716 0.9468078315396283 0.9453558235042849 0.9439038154689416 0.9424518074335982 0.940999799398255 0.9395477913629116 0.9380957833275683 0.9366437752922249 0.9351917672568791 0.9337397592215357 0.9322877511861924 0.930835743150849 0.9293837351155058 0.9279317270801624 0.9264797190448191 0.9260235430181926 0.9266319339207204 0.9272403248232484 0.9278487157257762 0.9284571066283042 0.9290654975308321 0.9296738884333611 0.9302822793358889 0.9308906702384169 0.9314990611409448 0.9321074520434727 0.9327158429460006 0.9333242338485286 0.9339326247510564 0.9345410156535844 0.9351494065561123
0.9698432302133133 0.9681458641965692 0.9664484981798251 0.964751132163081 0.9630537661463369 0.9613564001295927 0.9596590341128486 0.9579616680961044 0.9562643020793574 0.9545669360626132 0.9528695700458691 0.951172204029125 0.9494748380123809 0.9477774719956368 0.9460801059788926 0.9443827399621485 0.9426853739454043 0.9409880079286602 0.939290641911916 0.9375932758951719 0.9358959098784277 0.9341985438616808 0.9325011778449366 0.9308038118281925 0.9291064458114484 0.9274090797947042 0.9257117137779601 0.9240143477612159 0.9233748988579712 0.9238663872643932 0.9243578756708151 0.9248493640772371 0.9253408524836589 0.9258323408900808 0.9263238292965036 0.9268153177029256 0.9273068061093475 0.9277982945157695 0.9282897829221913 0.9287812713286132 0.9292727597350352 0.9297642481414571 0.9302557365478791 0.930747224954301
0.9740025244275291 0.9720598004293843 0.9701170764312397 0.9681743524330949 0.9662316284349503 0.9642889044368055 0.9623461804386607 0.9604034564405161 0.958460732442368 0.9565180084442233 0.9545752844460785 0.9526325604479339 0.9506898364497891 0.9487471124516443 0.9468043884534997 0.9448616644553549 0.9429189404572103 0.9409762164590655 0.9390334924609207 0.9370907684627761 0.9351480444646313 0.9332053204664833 0.9312625964683385 0.9293198724701939 0.9273771484720491 0.9254344244739043 0.9234917004757597 0.9215489764776149 0.9207262546977523 0.9211008406080683 0.9214754265183843 0.9218500124287003 0.9222245983390164 0.9225991842493324 0.9229737701596491 0.9233483560699651 0.9237229419802812 0.9240975278905972 0.9244721138009132 0.9248466997112292 0.9252212856215453 0.9255958715318613 0.9259704574421773 0.9263450433524935
0.9781618186417448 0.9759737366621996 0.9737856546826542 0.9715975727031089 0.9694094907235636 0.9672214087440183 0.965033326764473 0.9628452447849276 0.9606571628053786 0.9584690808258333 0.9562809988462879 0.9540929168667427 0.9519048348871973 0.949716752907652 0.9475286709281068 0.9453405889485614 0.9431525069690161 0.9409644249894707 0.9387763430099255 0.9365882610303802 0.9344001790508348 0.9322120970712858 0.9300240150917405 0.9278359331121951 0.9256478511326499 0.9234597691531046 0.9212716871735592 0.9190836051940139 0.9180776105375332 0.9183352939517434 0.9185929773659536 0.9188506607801636 0.9191083441943738 0.919366027608584 0.9196237110227946 0.9198813944370047 0.9201390778512148 0.920396761265425 0.9206544446796352 0.9209121280938453 0.9211698115080554 0.9214274949222656 0.9216851783364758 0.9219428617506858
0.9823211128559606 0.9798876728950147 0.9774542329340687 0.9750207929731229 0.972587353012177 0.9701539130512311 0.9677204730902852 0.9652870331293393 0.9628535931683893 0.9604201532074433 0.9579867132464974 0.9555532732855515 0.9531198333246057 0.9506863933636598 0.9482529534027139 0.945819513441768 0.943386073480822 0.9409526335198761 0.9385191935589303 0.9360857535979844 0.9336523136370385 0.9312188736760885 0.9287854337151425 0.9263519937541966 0.9239185537932507 0.9214851138323048 0.9190516738713589 0.916618233910413 0.9154289663773144 0.9155697472954186 0.9157105282135228 0.9158513091316272 0.9159920900497314 0.9161328709678356 0.9162736518859401 0.9164144328040443 0.9165552137221487 0.9166959946402529 0.9168367755583572 0.9169775564764614 0.9171183373945656 0.9172591183126699 0.9173998992307741 0.9175406801488784
0.9864804070701764 0.9838016091278299 0.9811228111854834 0.9784440132431369 0.9757652153007904 0.9730864173584439 0.9704076194160974 0.9677288214737509 0.9650500235313999 0.9623712255890534 0.9596924276467069 0.9570136297043604 0.954334831762014 0.9516560338196675 0.948977235877321 0.9462984379349745 0.943619639992628 0.9409408420502815 0.938262044107935 0.9355832461655885 0.932904448223242 0.930225650280891 0.9275468523385444 0.924868054396198 0.9221892564538514 0.919510458511505 0.9168316605691585 0.9141528626268121 0.9127803222170954 0.9128042006390937 0.9128280790610921 0.9128519574830904 0.9128758359050888 0.9128997143270872 0.9129235927490856 0.912947471171084 0.9129713495930823 0.9129952280150807 0.9130191064370791 0.9130429848590774 0.9130668632810758 0.9130907417030741 0.9131146201250725 0.9131384985470709
0.990639701284392 0.987715545360645 0.9847913894368979 0.9818672335131509 0.9789430775894038 0.9760189216656566 0.9730947657419096 0.9701706098181625 0.9672464538944104 0.9643222979706634 0.9613981420469163 0.9584739861231693 0.9555498301994222 0.9526256742756751 0.949701518351928 0.9467773624281809 0.9438532065044338 0.9409290505806868 0.9380048946569397 0.9350807387331926 0.9321565828094456 0.9292324268856935 0.9263082709619463 0.9233841150381993 0.9204599591144522 0.9175358031907052 0.9146116472669581 0.911687491343211 0.9101316780568763 0.9100386539827688 0.9099456299086613 0.9098526058345537 0.9097595817604462 0.9096665576863388 0.909573533612231 0.9094805095381235 0.909387485464016 0.9092944613899084 0.9092014373158009 0.9091084132416934 0.909015389167586 0.9089223650934783 0.9088293410193709 0.9087363169452634
0.994798995498608 0.9916294815934602 0.9884599676883126 0.9852904537831649 0.9821209398780173 0.9789514259728695 0.9757819120677219 0.9726123981625743 0.9694428842574212 0.9662733703522735 0.9631038564471258 0.9599343425419782 0.9567648286368305 0.9535953147316828 0.9504258008265352 0.9472562869213875 0.9440867730162399 0.9409172591110921 0.9377477452059445 0.9345782313007969 0.9314087173956491 0.928239203490496 0.9250696895853484 0.9219001756802008 0.9187306617750531 0.9155611478699054 0.9123916339647578 0.9092221200596101 0.9074830338966575 0.9072731073264441 0.9070631807562306 0.9068532541860173 0.9066433276158038 0.9064334010455903 0.9062234744753767 0.9060135479051632 0.9058036213349497 0.9055936947647364 0.9053837681945229 0.9051738416243095 0.9049639150540961 0.9047539884838827 0.9045440619136692 0.9043341353434559
0.9989582897128272 0.9955434178262786 0.9921285459397302 0.9887136740531818 0.9852988021666332 0.9818839302800848 0.9784690583935364 0.9750541865069879 0.9716393146204336 0.9682244427338851 0.9648095708473367 0.9613946989607882 0.9579798270742398 0.9545649551876912 0.9511500833011428 0.9477352114145944 0.944320339528046 0.9409054676414974 0.937490595754949 0.9340757238684005 0.930660851981852 0.9272459800952978 0.9238311082087493 0.9204162363222008 0.9170013644356524 0.913586492549104 0.9101716206625554 0.906756748776007 0.9048343897364363 0.9045075606701168 0.9041807316037974 0.903853902537478 0.9035270734711586 0.9032002444048391 0.9028734153385192 0.9025465862721997 0.9022197572058803 0.901892928139561 0.9015660990732416 0.9012392700069222 0.9009124409406027 0.9005856118742833 0.9002587828079639 0.8999319537416445
1.003117583927043 0.9994573540590939 0.9957971241911447 0.9921368943231957 0.9884766644552466 0.9848164345872976 0.9811562047193485 0.9774959748513995 0.9738357449834442 0.9701755151154952 0.966515285247546 0.962855055379597 0.959194825511648 0.9555345956436989 0.9518743657757499 0.9482141359078008 0.9445539060398518 0.9408936761719027 0.9372334463039537 0.9335732164360047 0.9299129865680555 0.9262527567001003 0.9225925268321512 0.9189322969642022 0.9152720670962531 0.9116118372283041 0.907951607360355 0.904291377492406 0.9021857455762172 0.901742014013792 0.9012982824513667 0.9008545508889413 0.900410819326516 0.8999670877640907 0.8995233562016647 0.8990796246392394 0.8986358930768141 0.8981921615143887 0.8977484299519635 0.8973046983895382 0.8968609668271129 0.8964172352646876 0.8959735037022623 0.895529772139837
1.0072768781412587 1.003371290291909 0.9994657024425594 0.9955601145932097 0.99165452674386 0.9877489388945104 0.9838433510451607 0.9799377631958112 0.9760321753464548 0.9721265874971052 0.9682209996477555 0.964315411798406 0.9604098239490563 0.9565042360997067 0.952598648250357 0.9486930604010073 0.9447874725516577 0.9408818847023082 0.9369762968529585 0.9330707090036088 0.9291651211542592 0.9252595333049028 0.9213539454555533 0.9174483576062036 0.913542769756854 0.9096371819075043 0.9057315940581547 0.901826006208805 0.8995371014159983 0.8989764673574672 0.8984158332989359 0.8978551992404048 0.8972945651818736 0.8967339311233423 0.8961732970648102 0.8956126630062791 0.8950520289477478 0.8944913948892167 0.8939307608306855 0.8933701267721542 0.8928094927136231 0.8922488586550918 0.8916882245965607 0.8911275905380295
1.0114361723554743 1.007285226524724 1.0031342806939738 0.9989833348632237 0.9948323890324734 0.9906814432017232 0.986530497370973 0.9823795515402227 0.9782286057094655 0.9740776598787152 0.969926714047965 0.9657757682172148 0.9616248223864645 0.9574738765557143 0.9533229307249641 0.9491719848942138 0.9450210390634637 0.9408700932327134 0.9367191474019632 0.9325682015712129 0.9284172557404627 0.9242663099097054 0.9201153640789552 0.915964418248205 0.9118134724174547 0.9076625265867045 0.9035115807559543 0.899360634925204 0.8968884572557794 0.8962109207011423 0.8955333841465052 0.8948558475918681 0.894178311037231 0.8935007744825939 0.8928232379279557 0.8921457013733186 0.8914681648186815 0.8907906282640444 0.8901130917094073 0.8894355551547702 0.8887580186001331 0.8880804820454961 0.887402945490859 0.8867254089362219
1.01559546656969 1.0111991627575392 1.0068028589453886 1.0024065551332377 0.9980102513210868 0.9936139475089361 0.9892176436967852 0.9848213398846344 0.9804250360724761 0.9760287322603253 0.9716324284481744 0.9672361246360236 0.9628398208238728 0.9584435170117219 0.9540472131995712 0.9496509093874204 0.9452546055752695 0.9408583017631187 0.9364619979509679 0.932065694138817 0.9276693903266663 0.9232730865145079 0.9188767827023572 0.9144804788902063 0.9100841750780555 0.9056878712659047 0.9012915674537538 0.896895263641603 0.8942398130955603 0.8934453740448174 0.8926509349940744 0.8918564959433314 0.8910620568925884 0.8902676178418455 0.8894731787911011 0.8886787397403582 0.8878843006896152 0.8870898616388723 0.8862954225881292 0.8855009835373863 0.8847065444866433 0.8839121054359003 0.8831176663851573 0.8823232273344144
1.019754760783906 1.0151130989903545 1.010471437196803 1.0058297754032517 1.0011881136097003 0.9965464518161488 0.9919047900225973 0.9872631282290459 0.9826214664354866 0.9779798046419352 0.9733381428483838 0.9686964810548324 0.964054819261281 0.9594131574677296 0.9547714956741782 0.9501298338806268 0.9454881720870754 0.940846510293524 0.9362048484999725 0.9315631867064211 0.9269215249128697 0.9222798631193104 0.917638201325759 0.9129965395322076 0.9083548777386562 0.9037132159451048 0.8990715541515535 0.8944298923580021 0.8915911689353413 0.8906798273884925 0.8897684858416436 0.8888571442947948 0.8879458027479459 0.8870344612010971 0.8861231196542466 0.8852117781073977 0.8843004365605489 0.8833890950137 0.8824777534668512 0.8815664119200023 0.8806550703731535 0.8797437288263046 0.8788323872794557 0.8779210457326069
1.0239140549981252 1.019027035223173 1.0141400154482207 1.0092529956732685 1.0043659758983163 0.999478956123364 0.9945919363484119 0.9897049165734597 0.9848178967984991 0.979930877023547 0.9750438572485948 0.9701568374736426 0.9652698176986904 0.9603827979237382 0.955495778148786 0.9506087583738337 0.9457217385988815 0.9408347188239293 0.9359476990489771 0.9310606792740249 0.9261736594990727 0.9212866397241122 0.91639961994916 0.9115126001742078 0.9066255803992556 0.9017385606243034 0.8968515408493511 0.8919645210743989 0.8889425247751201 0.8879142807321654 0.8868860366892105 0.8858577926462556 0.8848295486033008 0.8838013045603459 0.8827730605173894 0.8817448164744345 0.8807165724314796 0.8796883283885247 0.8786600843455699 0.877631840302615 0.8766035962596601 0.8755753522167053 0.8745471081737505 0.8735188641307956
1.0280733492123408 1.022940971455988 1.0178085936996353 1.0126762159432825 1.0075438381869297 1.002411460430577 0.997279082674224 0.9921467049178713 0.9870143271615097 0.9818819494051569 0.9767495716488042 0.9716171938924514 0.9664848161360986 0.9613524383797458 0.956220060623393 0.9510876828670403 0.9459553051106874 0.9408229273543346 0.9356905495979818 0.930558171841629 0.9254257940852763 0.9202934163289147 0.9151610385725619 0.9100286608162091 0.9048962830598564 0.8997639053035036 0.8946315275471508 0.889499149790798 0.8862938806149012 0.8851487340758405 0.8840035875367797 0.8828584409977189 0.8817132944586582 0.8805681479195975 0.8794230013805348 0.878277854841474 0.8771327083024133 0.8759875617633525 0.8748424152242917 0.873697268685231 0.8725521221461703 0.8714069756071096 0.8702618290680487 0.869116682528988
1.0291275748666713 1.024119214183785 1.0191108535008986 1.0141024928180122 1.0090941321351259 1.0040857714522395 0.9990774107693532 0.9940690500864668 0.9890606894035718 0.9840523287206855 0.9790439680377991 0.9740356073549128 0.9690272466720264 0.9640188859891401 0.9590105253062537 0.9540021646233674 0.948993803940481 0.9439854432575946 0.9389770825747082 0.9339687218918219 0.9289603612089355 0.9239520005260407 0.9189436398431543 0.913935279160268 0.9089269184773816 0.9039185577944953 0.8989101971116089 0.8939018364287225 0.890713864706631 0.8894719299354482 0.8882299951642653 0.8869880603930823 0.8857461256218995 0.8845041908507165 0.8832622560795315 0.8820203213083486 0.8807783865371657 0.8795364517659828 0.8782945169947999 0.8770525822236169 0.8758106474524341 0.8745687126812511 0.8733267779100682 0.8720848431388853
1.0268626779517438 1.0223731729932215 1.0178836680346992 1.0133941630761771 1.0089046581176548 1.0044151531591328 0.9999256482006105 0.9954361432420883 0.9909466382835584 0.9864571333250363 0.9819676283665141 0.9774781234079918 0.9729886184494696 0.9684991134909474 0.9640096085324252 0.959520103573903 0.9550305986153809 0.9505410936568586 0.9460515886983364 0.9415620837398142 0.937072578781292 0.9325830738227622 0.92809356886424 0.9236040639057177 0.9191145589471955 0.9146250539886733 0.9101355490301511 0.905646044071629 0.90268976684405 0.9013725447210845 0.900055322598119 0.8987381004751536 0.8974208783521881 0.8961036562292226 0.8947864341062549 0.8934692119832894 0.892151989860324 0.8908347677373585 0.889517545614393 0.8882003234914276 0.8868831013684622 0.8855658792454967 0.8842486571225312 0.8829314349995657
