Figures/CREST_Example_wjb_NSE/PETs/wjb.pet.20100521.asc
ncols            288
nrows            254
xllcorner        113.274861
yllcorner        31.4918055
cellsize         0.008333333333
NODATA_value     -9999
[rows 180 to 199 of 254, columns 176 to 219 of 288]
0.7398879282849427 0.7421819901769378 0.7444760520689327 0.7467701139609279 0.7490641758529228 0.751358237744918 0.7536522996369169 0.7559463615289119 0.758240423420907 0.760534485312902 0.7628285472048971 0.7651226090968922 0.7674166709888872 0.7697107328808823 0.7720047947728773 0.7742988566648724 0.7760687467119357 0.7772782851965361 0.7784878236811364 0.7796973621657389 0.7809069006503393 0.7821164391349397 0.78332597761954 0.7845355161041405 0.7857450545887409 0.7869545930733413 0.7881641315579416 0.789373670042542 0.7905832085271424 0.7917927470117427 0.7930022854963432 0.7942118239809436 0.795421362465546 0.7966309009501464 0.7978404394347468 0.7990499779193472 0.8002595164039475 0.8014690548885479 0.8026785933731483 0.8038881318577488 0.8050976703423491 0.8063072088269495 0.8075167473115499 0.8087262857961502
0.7407831680528045 0.7429351833095716 0.7450871985663388 0.7472392138231059 0.749391229079873 0.7515432443366401 0.7536952595934109 0.755847274850178 0.7579992901069451 0.7601513053637122 0.7623033206204793 0.7644553358772465 0.7666073511340136 0.7687593663907807 0.7709113816475478 0.7730633969043149 0.7747839557577696 0.7760432779536882 0.777302600149607 0.7785619223455278 0.7798212445414464 0.7810805667373651 0.7823398889332838 0.7835992111292025 0.7848585333251211 0.7861178555210397 0.7873771777169585 0.7886364999128771 0.7898958221087958 0.7911551443047145 0.7924144665006332 0.7936737886965518 0.7949331108924726 0.7961924330883913 0.79745175528431 0.7987110774802286 0.7999703996761474 0.801229721872066 0.8024890440679847 0.8037483662639033 0.8050076884598221 0.8062670106557407 0.8075263328516594 0.808785655047578
0.7416784078206665 0.7436883764422056 0.7456983450637449 0.747708313685284 0.7497182823068232 0.7517282509283624 0.7537382195499049 0.7557481881714442 0.7577581567929833 0.7597681254145225 0.7617780940360617 0.7637880626576009 0.76579803127914 0.7678079999006793 0.7698179685222184 0.7718279371437576 0.7734991648036036 0.7748082707108406 0.7761173766180774 0.7774264825253167 0.7787355884325536 0.7800446943397906 0.7813538002470275 0.7826629061542645 0.7839720120615015 0.7852811179687383 0.7865902238759753 0.7878993297832123 0.7892084356904492 0.7905175415976862 0.7918266475049232 0.7931357534121601 0.7944448593193992 0.7957539652266362 0.7970630711338732 0.7983721770411101 0.7996812829483471 0.800990388855584 0.802299494762821 0.8036086006700579 0.8049177065772949 0.8062268124845319 0.8075359183917687 0.8088450242990057
0.7425736475885292 0.7444415695748403 0.7463094915611515 0.7481774135474626 0.7500453355337737 0.7519132575200849 0.7537811795063991 0.7556491014927103 0.7575170234790214 0.7593849454653325 0.7612528674516437 0.7631207894379548 0.7649887114242658 0.766856633410577 0.7687245553968881 0.7705924773831992 0.7722143738494365 0.7735732634679918 0.7749321530865471 0.7762910427051046 0.7776499323236599 0.7790088219422152 0.7803677115607704 0.7817266011793257 0.783085490797881 0.7844443804164363 0.7858032700349915 0.7871621596535469 0.7885210492721021 0.7898799388906573 0.7912388285092127 0.7925977181277679 0.7939566077463255 0.7953154973648808 0.7966743869834361 0.7980332766019913 0.7993921662205467 0.8007510558391019 0.8021099454576571 0.8034688350762125 0.8048277246947677 0.806186614313323 0.8075455039318783 0.8089043935504335
0.7434688873563912 0.7451947627074743 0.7469206380585576 0.7486465134096407 0.7503723887607239 0.7520982641118071 0.7538241394628932 0.7555500148139764 0.7572758901650596 0.7590017655161427 0.760727640867226 0.7624535162183091 0.7641793915693924 0.7659052669204756 0.7676311422715587 0.7693570176226419 0.7709295828952705 0.7723382562251441 0.7737469295550176 0.7751556028848936 0.7765642762147671 0.7779729495446407 0.7793816228745143 0.7807902962043878 0.7821989695342614 0.7836076428641349 0.7850163161940085 0.7864249895238821 0.7878336628537556 0.7892423361836292 0.7906510095135026 0.7920596828433762 0.7934683561732522 0.7948770295031258 0.7962857028329993 0.7976943761628729 0.7991030494927465 0.80051172282262 0.8019203961524936 0.803329069482367 0.8047377428122406 0.8061464161421142 0.8075550894719877 0.8089637628018613
0.744364127124253 0.7459479558401083 0.7475317845559636 0.7491156132718189 0.7506994419876741 0.7522832707035293 0.7538670994193873 0.7554509281352425 0.7570347568510978 0.758618585566953 0.7602024142828083 0.7617862429986636 0.7633700717145189 0.764953900430374 0.7665377291462293 0.7681215578620846 0.7696447919411045 0.7711032489822963 0.7725617060234882 0.7740201630646825 0.7754786201058743 0.7769370771470662 0.778395534188258 0.7798539912294499 0.7813124482706416 0.7827709053118335 0.7842293623530253 0.7856878193942172 0.787146276435409 0.7886047334766009 0.7900631905177926 0.7915216475589845 0.7929801046001789 0.7944385616413706 0.7958970186825625 0.7973554757237543 0.7988139327649462 0.800272389806138 0.8017308468473299 0.8031893038885216 0.8046477609297135 0.8061062179709053 0.8075646750120972 0.809023132053289
0.745259366892115 0.7467011489727423 0.7481429310533696 0.749584713133997 0.7510264952146243 0.7524682772952516 0.7539100593758814 0.7553518414565087 0.756793623537136 0.7582354056177634 0.7596771876983907 0.7611189697790179 0.7625607518596453 0.7640025339402726 0.7654443160208999 0.7668860981015273 0.7683600009869385 0.7698682417394486 0.7713764824919588 0.7728847232444714 0.7743929639969815 0.7759012047494916 0.7774094455020018 0.7789176862545119 0.780425927007022 0.7819341677595322 0.7834424085120423 0.7849506492645524 0.7864588900170625 0.7879671307695726 0.7894753715220827 0.7909836122745928 0.7924918530271055 0.7940000937796157 0.7955083345321258 0.7970165752846359 0.798524816037146 0.8000330567896561 0.8015412975421662 0.8030495382946763 0.8045577790471864 0.8060660197996965 0.8075742605522067 0.8090825013047168
0.7461546066599769 0.7474543421053763 0.7487540775507757 0.7500538129961751 0.7513535484415745 0.7526532838869738 0.7539530193323755 0.7552527547777749 0.7565524902231743 0.7578522256685736 0.759151961113973 0.7604516965593724 0.7617514320047718 0.7630511674501712 0.7643509028955705 0.7656506383409699 0.7670752100327725 0.7686332344966009 0.7701912589604293 0.7717492834242603 0.7733073078880888 0.7748653323519171 0.7764233568157455 0.777981381279574 0.7795394057434023 0.7810974302072307 0.7826554546710591 0.7842134791348875 0.7857715035987158 0.7873295280625443 0.7888875525263727 0.7904455769902011 0.7920036014540321 0.7935616259178605 0.7951196503816889 0.7966776748455173 0.7982356993093457 0.7997937237731741 0.8013517482370025 0.8029097727008309 0.8044677971646593 0.8060258216284877 0.807583846092316 0.8091418705561445
0.7470498464278389 0.7482075352380103 0.7493652240481817 0.7505229128583533 0.7516806016685247 0.7528382904786961 0.7539959792888695 0.755153668099041 0.7563113569092125 0.7574690457193839 0.7586267345295553 0.7597844233397268 0.7609421121498983 0.7620998009600697 0.7632574897702411 0.7644151785804126 0.7657904190786065 0.7673982272537532 0.7690060354288999 0.7706138436040493 0.772221651779196 0.7738294599543426 0.7754372681294893 0.7770450763046359 0.7786528844797826 0.7802606926549294 0.781868500830076 0.7834763090052227 0.7850841171803694 0.786691925355516 0.7882997335306627 0.7899075417058093 0.7915153498809588 0.7931231580561054 0.7947309662312522 0.7963387744063989 0.7979465825815455 0.7995543907566922 0.8011621989318388 0.8027700071069855 0.8043778152821323 0.8059856234572789 0.8075934316324256 0.8092012398075723
0.7479450861957017 0.748960728370645 0.7499763705455884 0.7509920127205317 0.7520076548954752 0.7530232970704186 0.7540389392453637 0.7550545814203071 0.7560702235952504 0.7570858657701939 0.7581015079451373 0.7591171501200806 0.7601327922950241 0.7611484344699674 0.7621640766449108 0.7631797188198542 0.7645056281244395 0.7661632200109044 0.7678208118973694 0.7694784037838373 0.7711359956703022 0.7727935875567672 0.7744511794432323 0.7761087713296972 0.7777663632161622 0.7794239551026272 0.7810815469890923 0.7827391388755572 0.7843967307620222 0.7860543226484872 0.7877119145349523 0.7893695064214172 0.7910270983078851 0.7926846901943501 0.794342282080815 0.79599987396728 0.7976574658537451 0.79931505774021 0.800972649626675 0.8026302415131401 0.8042878333996051 0.80594542528607 0.807603017172535 0.8092606090590001
0.7488403259635635 0.749713921503279 0.7505875170429944 0.7514611125827099 0.7523347081224254 0.7532083036621409 0.7540818992018578 0.7549554947415732 0.7558290902812886 0.7567026858210042 0.7575762813607196 0.7584498769004351 0.7593234724401505 0.760197067979866 0.7610706635195814 0.7619442590592969 0.7632208371702734 0.7649282127680567 0.76663558836584 0.7683429639636261 0.7700503395614094 0.7717577151591927 0.773465090756976 0.7751724663547592 0.7768798419525426 0.7785872175503258 0.7802945931481091 0.7820019687458923 0.7837093443436757 0.7854167199414589 0.7871240955392422 0.7888314711370255 0.7905388467348117 0.792246222332595 0.7939535979303782 0.7956609735281615 0.7973683491259448 0.7990757247237281 0.8007831003215113 0.8024904759192946 0.8041978515170779 0.8059052271148612 0.8076126027126445 0.8093199783104277
0.7497355657314255 0.750467114635913 0.7511986635404005 0.751930212444888 0.7526617613493756 0.7533933102538631 0.7541248591583518 0.7548564080628394 0.755587956967327 0.7563195058718144 0.757051054776302 0.7577826036807894 0.758514152585277 0.7592457014897646 0.759977250394252 0.7607087992987396 0.7619360462161074 0.7636932055252089 0.7654503648343105 0.7672075241434151 0.7689646834525167 0.7707218427616181 0.7724790020707197 0.7742361613798213 0.7759933206889229 0.7777504799980245 0.779507639307126 0.7812647986162276 0.7830219579253291 0.7847791172344307 0.7865362765435322 0.7882934358526338 0.7900505951617384 0.79180775447084 0.7935649137799414 0.795322073089043 0.7970792323981446 0.7988363917072462 0.8005935510163478 0.8023507103254492 0.8041078696345508 0.8058650289436524 0.807622188252754 0.8093793475618555
0.7506308054992874 0.751220307768547 0.7518098100378066 0.7523993123070661 0.7529888145763257 0.7535783168455853 0.7541678191148459 0.7547573213841055 0.755346823653365 0.7559363259226246 0.7565258281918842 0.7571153304611438 0.7577048327304033 0.7582943349996629 0.7588838372689225 0.7594733395381821 0.7606512552619413 0.7624581982823612 0.764265141302781 0.766072084323204 0.7678790273436238 0.7696859703640436 0.7714929133844635 0.7732998564048833 0.7751067994253031 0.776913742445723 0.7787206854661428 0.7805276284865627 0.7823345715069825 0.7841415145274023 0.7859484575478222 0.787755400568242 0.789562343588665 0.7913692866090848 0.7931762296295046 0.7949831726499245 0.7967901156703443 0.7985970586907641 0.800404001711184 0.8022109447316038 0.8040178877520237 0.8058248307724435 0.8076317737928633 0.8094387168132832
0.7515260452671493 0.751973500901181 0.7524209565352126 0.7528684121692443 0.7533158678032759 0.7537633234373076 0.7542107790713399 0.7546582347053716 0.7551056903394032 0.7555531459734349 0.7560006016074665 0.7564480572414982 0.7568955128755298 0.7573429685095615 0.7577904241435931 0.7582378797776248 0.7593664643077753 0.7612231910395134 0.7630799177712515 0.7649366445029928 0.7667933712347309 0.7686500979664691 0.7705068246982072 0.7723635514299453 0.7742202781616835 0.7760770048934216 0.7779337316251597 0.7797904583568979 0.781647185088636 0.783503911820374 0.7853606385521122 0.7872173652838503 0.7890740920155916 0.7909308187473297 0.7927875454790678 0.794644272210806 0.7965009989425441 0.7983577256742822 0.8002144524060204 0.8020711791377585 0.8039279058694966 0.8057846326012348 0.8076413593329729 0.809498086064711
0.7524212850350116 0.7527266940338153 0.7530321030326189 0.7533375120314226 0.7536429210302262 0.75394833002903 0.7542537390278341 0.7545591480266377 0.7548645570254414 0.755169966024245 0.7554753750230487 0.7557807840218523 0.7560861930206559 0.7563916020194597 0.7566970110182633 0.757002420017067 0.7580816733536088 0.7599881837966652 0.7618946942397216 0.7638012046827812 0.7657077151258377 0.7676142255688941 0.7695207360119506 0.7714272464550069 0.7733337568980634 0.7752402673411198 0.7771467777841763 0.7790532882272326 0.7809597986702891 0.7828663091133455 0.784772819556402 0.7866793299994583 0.788585840442518 0.7904923508855745 0.7923988613286309 0.7943053717716874 0.7962118822147437 0.7981183926578002 0.8000249031008566 0.8019314135439131 0.8038379239869694 0.8057444344300259 0.8076509448730823 0.8095574553161388
0.7533165248028736 0.7534798871664493 0.753643249530025 0.7538066118936008 0.7539699742571765 0.7541333366207522 0.7542966989843282 0.7544600613479039 0.7546234237114796 0.7547867860750553 0.7549501484386311 0.7551135108022068 0.7552768731657824 0.7554402355293581 0.7556035978929339 0.7557669602565096 0.7567968823994428 0.7587531765538175 0.7607094707081922 0.7626657648625702 0.7646220590169449 0.7665783531713196 0.7685346473256943 0.770490941480069 0.7724472356344437 0.7744035297888184 0.7763598239431931 0.7783161180975678 0.7802724122519425 0.7822287064063173 0.784185000560692 0.7861412947150667 0.7880975888694447 0.7900538830238194 0.7920101771781941 0.7939664713325688 0.7959227654869435 0.7978790596413182 0.7998353537956929 0.8017916479500676 0.8037479421044424 0.8057042362588172 0.8076605304131919 0.8096168245675666
0.7542117645707356 0.7542330802990833 0.754254396027431 0.7542757117557789 0.7542970274841266 0.7543183432124745 0.7543396589408222 0.7543609746691701 0.7543822903975178 0.7544036061258655 0.7544249218542134 0.7544462375825611 0.754467553310909 0.7544888690392567 0.7545101847676045 0.7545315004959523 0.7555120914452768 0.7575181693109697 0.7595242471766627 0.7615303250423591 0.7635364029080521 0.7655424807737451 0.767548558639438 0.7695546365051311 0.7715607143708241 0.773566792236517 0.77557287010221 0.7775789479679031 0.779585025833596 0.781591103699289 0.7835971815649819 0.785603259430675 0.7876093372963714 0.7896154151620643 0.7916214930277573 0.7936275708934503 0.7956336487591433 0.7976397266248363 0.7996458044905292 0.8016518823562222 0.8036579602219153 0.8056640380876082 0.8076701159533012 0.8096761938189942
0.7551070043385978 0.7549862734317176 0.7548655425248374 0.7547448116179571 0.754624080711077 0.7545033498041968 0.7543826188973164 0.7542618879904361 0.7541411570835559 0.7540204261766758 0.7538996952697955 0.7537789643629152 0.7536582334560351 0.7535375025491549 0.7534167716422746 0.7532960407353945 0.7542273004911102 0.7562831620681215 0.7583390236451328 0.7603948852221476 0.7624507467991589 0.7645066083761701 0.7665624699531814 0.7686183315301928 0.770674193107204 0.7727300546842153 0.7747859162612266 0.7768417778382379 0.7788976394152491 0.7809535009922605 0.7830093625692718 0.7850652241462831 0.7871210857232979 0.7891769473003092 0.7912328088773204 0.7932886704543317 0.795344532031343 0.7974003936083542 0.7994562551853656 0.8015121167623769 0.8035679783393882 0.8056238399163994 0.8076797014934107 0.809735563070422
0.7560022441064598 0.7557394665643516 0.7554766890222434 0.7552139114801353 0.7549511339380272 0.754688356395919 0.7544255788538105 0.7541628013117023 0.7539000237695941 0.753637246227486 0.7533744686853778 0.7531116911432697 0.7528489136011616 0.7525861360590533 0.7523233585169452 0.7520605809748371 0.7529425095369442 0.7550481548252738 0.7571538001136033 0.7592594454019365 0.761365090690266 0.7634707359785956 0.7655763812669252 0.7676820265552547 0.7697876718435843 0.7718933171319139 0.7739989624202435 0.776104607708573 0.7782102529969026 0.7803158982852322 0.7824215435735618 0.7845271888618913 0.7866328341502244 0.788738479438554 0.7908441247268836 0.7929497700152132 0.7950554153035427 0.7971610605918723 0.7992667058802019 0.8013723511685314 0.803477996456861 0.8055836417451906 0.8076892870335202 0.8097949323218497
0.7568974838743217 0.7564926596969856 0.7560878355196495 0.7556830113423134 0.7552781871649774 0.7548733629876413 0.7544685388103045 0.7540637146329684 0.7536588904556324 0.7532540662782963 0.7528492421009602 0.752444417923624 0.752039593746288 0.7516347695689519 0.7512299453916158 0.7508251212142798 0.7516577185827782 0.753813147582426 0.755968576582074 0.7581240055817254 0.7602794345813733 0.7624348635810211 0.764590292580669 0.7667457215803168 0.7689011505799647 0.7710565795796125 0.7732120085792604 0.7753674375789082 0.7775228665785561 0.7796782955782039 0.7818337245778518 0.7839891535774997 0.7861445825771511 0.788300011576799 0.7904554405764469 0.7926108695760947 0.7947662985757425 0.7969217275753904 0.7990771565750383 0.8012325855746861 0.803388014574334 0.8055434435739818 0.8076988725736297 0.8098543015732775
