Figures/CREST_Example_wjb_NSE/PETs/wjb.pet.20101205.asc
ncols            288
nrows            254
xllcorner        113.274861
yllcorner        31.4918055
cellsize         0.008333333333
NODATA_value     -9999
[rows 171 to 189 of 254, columns 44 to 87 of 288]
0.9048208800102268 0.9060600970901825 0.9072993141701382 0.908538531250094 0.9097777483300498 0.9110169654100054 0.9122561824899612 0.913495399569917 0.9147346166498748 0.9159738337298305 0.9172130508097863 0.918452267889742 0.9196914849696978 0.9209307020496535 0.9221699191296093 0.923409136209565 0.9246483532895208 0.9258875703694766 0.9271267874494322 0.928366004529388 0.9296052216093438 0.9308444386893016 0.9320836557692573 0.9333228728492131 0.9345620899291689 0.9358013070091246 0.9370405240890803 0.9382797411690361 0.9384060963853358 0.9373427771119673 0.9362794578385989 0.9352161385652304 0.934152819291862 0.9330895000184934 0.9320261807451232 0.9309628614717548 0.9298995421983863 0.9288362229250178 0.9277729036516493 0.9267095843782809 0.9256462651049124 0.924582945831544 0.9235196265581755 0.922456307284807
0.9063886961548606 0.9076548255121941 0.9089209548695276 0.9101870842268611 0.9114532135841946 0.9127193429415281 0.9139854722988616 0.9152516016561951 0.9165177310135308 0.9177838603708643 0.9190499897281978 0.9203161190855313 0.9215822484428648 0.9228483778001983 0.9241145071575319 0.9253806365148654 0.9266467658721989 0.9279128952295324 0.9291790245868659 0.9304451539441994 0.9317112833015329 0.9329774126588686 0.9342435420162021 0.9355096713735356 0.9367758007308691 0.9380419300882026 0.9393080594455361 0.9405741888028696 0.9406772702709216 0.9395370272534036 0.9383967842358856 0.9372565412183674 0.9361162982008494 0.9349760551833314 0.9338358121658115 0.9326955691482934 0.9315553261307753 0.9304150831132573 0.9292748400957392 0.9281345970782212 0.9269943540607032 0.9258541110431852 0.9247138680256671 0.9235736250081491
0.9079565122994945 0.9092495539342057 0.9105425955689169 0.9118356372036283 0.9131286788383395 0.9144217204730508 0.915714762107762 0.9170078037424733 0.9183008453771868 0.919593887011898 0.9208869286466093 0.9221799702813206 0.9234730119160318 0.9247660535507432 0.9260590951854544 0.9273521368201656 0.9286451784548769 0.9299382200895882 0.9312312617242995 0.9325243033590107 0.9338173449937219 0.9351103866284355 0.9364034282631467 0.937696469897858 0.9389895115325693 0.9402825531672805 0.9415755948019918 0.942868636436703 0.9429484441565074 0.9417312773948397 0.9405141106331721 0.9392969438715045 0.9380797771098369 0.9368626103481693 0.9356454435864996 0.934428276824832 0.9332111100631644 0.9319939433014968 0.9307767765398292 0.9295596097781615 0.9283424430164939 0.9271252762548263 0.9259081094931587 0.9246909427314911
0.9095243284441282 0.9108442823562173 0.9121642362683063 0.9134841901803953 0.9148041440924843 0.9161240980045734 0.9174440519166625 0.9187640058287514 0.9200839597408427 0.9214039136529317 0.9227238675650208 0.9240438214771098 0.9253637753891989 0.9266837293012878 0.9280036832133769 0.929323637125466 0.930643591037555 0.931963544949644 0.933283498861733 0.9346034527738221 0.9359234066859111 0.9372433605980024 0.9385633145100915 0.9398832684221804 0.9412032223342695 0.9425231762463585 0.9438431301584476 0.9451630840705365 0.9452196180420932 0.943925527536276 0.9426314370304588 0.9413373465246416 0.9400432560188244 0.9387491655130072 0.9374550750071878 0.9361609845013706 0.9348668939955534 0.9335728034897363 0.9322787129839191 0.930984622478102 0.9296905319722848 0.9283964414664676 0.9271023509606504 0.9258082604548332
0.911092144588762 0.9124390107782289 0.9137858769676956 0.9151327431571624 0.9164796093466292 0.917826475536096 0.9191733417255628 0.9205202079150295 0.9218670741044986 0.9232139402939654 0.9245608064834323 0.9259076726728991 0.9272545388623659 0.9286014050518326 0.9299482712412994 0.9312951374307662 0.932642003620233 0.9339888698096999 0.9353357359991666 0.9366826021886334 0.9380294683781002 0.9393763345675693 0.9407232007570361 0.9420700669465029 0.9434169331359696 0.9447637993254364 0.9461106655149033 0.9474575317043701 0.9474907919276789 0.9461197776777122 0.9447487634277454 0.9433777491777786 0.942006734927812 0.9406357206778452 0.9392647064278761 0.9378936921779093 0.9365226779279425 0.9351516636779758 0.933780649428009 0.9324096351780422 0.9310386209280755 0.9296676066781088 0.928296592428142 0.9269255781781752
0.9126599607333972 0.9140337392002418 0.9154075176670864 0.9167812961339309 0.9181550746007755 0.9195288530676201 0.9209026315344646 0.9222764100013092 0.9236501884681562 0.9250239669350007 0.9263977454018453 0.9277715238686899 0.9291453023355345 0.930519080802379 0.9318928592692236 0.9332666377360682 0.9346404162029127 0.9360141946697573 0.9373879731366019 0.9387617516034464 0.940135530070291 0.941509308537138 0.9428830870039825 0.9442568654708271 0.9456306439376717 0.9470044224045162 0.9483782008713608 0.9497519793382054 0.9497619658132666 0.9483140278191502 0.9468660898250337 0.9454181518309174 0.943970213836801 0.9425222758426846 0.9410743378485658 0.9396263998544493 0.9381784618603329 0.9367305238662166 0.9352825858721001 0.9338346478779838 0.9323867098838674 0.9309387718897509 0.9294908338956346 0.9280428959015182
0.914227776878031 0.9156284676222534 0.9170291583664757 0.918429849110698 0.9198305398549204 0.9212312305991427 0.922631921343365 0.9240326120875874 0.9254333028318121 0.9268339935760345 0.9282346843202568 0.9296353750644791 0.9310360658087015 0.9324367565529238 0.9338374472971461 0.9352381380413685 0.9366388287855908 0.9380395195298131 0.9394402102740355 0.9408409010182578 0.9422415917624801 0.9436422825067049 0.9450429732509272 0.9464436639951496 0.9478443547393719 0.9492450454835942 0.9506457362278166 0.9520464269720389 0.9520331396988523 0.9505082779605863 0.9489834162223204 0.9474585544840545 0.9459336927457884 0.9444088310075225 0.9428839692692539 0.941359107530988 0.939834245792722 0.9383093840544561 0.93678452231619 0.9352596605779241 0.9337347988396582 0.9322099371013921 0.9306850753631262 0.9291602136248602
0.915474679382334 0.9168855267505837 0.9182963741188332 0.9197072214870828 0.9211180688553325 0.9225289162235821 0.9239397635918317 0.9253506109600814 0.9267614583283335 0.928172305696583 0.9295831530648326 0.9309940004330823 0.9324048478013319 0.9338156951695815 0.9352265425378312 0.9366373899060808 0.9380482372743304 0.9394590846425801 0.9408699320108297 0.9422807793790793 0.9436916267473289 0.9451024741155809 0.9465133214838306 0.9479241688520802 0.9493350162203298 0.9507458635885795 0.9521567109568291 0.9535675583250787 0.9535476641573777 0.9519982749443192 0.9504488857312606 0.9488994965182022 0.9473501073051436 0.9458007180920851 0.9442513288790239 0.9427019396659654 0.9411525504529068 0.9396031612398483 0.9380537720267897 0.9365043828137312 0.9349549936006727 0.9334056043876141 0.9318562151745556 0.930306825961497
0.9163785454332185 0.91778163868822 0.9191847319432215 0.920587825198223 0.9219909184532246 0.923394011708226 0.9247971049632275 0.9262001982182291 0.927603291473233 0.9290063847282344 0.9304094779832359 0.9318125712382375 0.9332156644932389 0.9346187577482404 0.936021851003242 0.9374249442582434 0.938828037513245 0.9402311307682465 0.9416342240232479 0.9430373172782495 0.944440410533251 0.9458435037882549 0.9472465970432564 0.9486496902982579 0.9500527835532594 0.9514558768082608 0.9528589700632624 0.9542620633182639 0.9542533780721304 0.9527354696935368 0.9512175613149432 0.9496996529363496 0.948181744557756 0.9466638361791624 0.9451459278005662 0.9436280194219726 0.9421101110433789 0.9405922026647854 0.9390742942861918 0.9375563859075982 0.9360384775290046 0.9345205691504109 0.9330026607718174 0.9314847523932238
0.9172824114841029 0.9186777506258563 0.9200730897676097 0.9214684289093631 0.9228637680511165 0.9242591071928699 0.9256544463346232 0.9270497854763766 0.9284451246181323 0.9298404637598857 0.9312358029016391 0.9326311420433925 0.9340264811851459 0.9354218203268992 0.9368171594686526 0.938212498610406 0.9396078377521594 0.9410031768939128 0.9423985160356662 0.9437938551774195 0.9451891943191729 0.9465845334609286 0.947979872602682 0.9493752117444354 0.9507705508861888 0.9521658900279422 0.9535612291696955 0.9549565683114489 0.954959091986883 0.9534726644427544 0.9519862368986257 0.950499809354497 0.9490133818103683 0.9475269542662397 0.9460405267221085 0.9445540991779797 0.9430676716338511 0.9415812440897224 0.9400948165455938 0.938608389001465 0.9371219614573364 0.9356355339132078 0.9341491063690791 0.9326626788249504
0.9181862775349873 0.9195738625634926 0.9209614475919978 0.922349032620503 0.9237366176490084 0.9251242026775136 0.9265117877060188 0.9278993727345242 0.9292869577630317 0.930674542791537 0.9320621278200423 0.9334497128485476 0.9348372978770528 0.936224882905558 0.9376124679340634 0.9390000529625686 0.9403876379910738 0.9417752230195792 0.9431628080480844 0.9445503930765896 0.945937978105095 0.9473255631336025 0.9487131481621078 0.9501007331906131 0.9514883182191183 0.9528759032476236 0.9542634882761288 0.9556510733046342 0.9556648059016357 0.954209859191972 0.9527549124823083 0.9512999657726445 0.9498450190629807 0.948390072353317 0.9469351256436508 0.9454801789339871 0.9440252322243233 0.9425702855146595 0.9411153388049958 0.939660392095332 0.9382054453856683 0.9367504986760046 0.9352955519663408 0.933840605256677
0.9190901435858718 0.920469974501129 0.9218498054163861 0.9232296363316432 0.9246094672469004 0.9259892981621575 0.9273691290774146 0.9287489599926718 -9999.0 0.9315086218231884 0.9328884527384456 0.9342682836537027 0.9356481145689598 0.937027945484217 0.9384077763994741 0.9397876073147312 0.9411674382299884 0.9425472691452456 0.9439271000605027 0.9453069309757598 0.946686761891017 0.9480665928062765 0.9494464237215336 0.9508262546367907 0.9522060855520479 0.9535859164673051 0.9549657473825621 0.9563455782978193 0.9563705198163884 0.9549470539411896 0.9535235880659908 0.952100122190792 0.9506766563155932 0.9492531904403944 0.9478297245651931 0.9464062586899943 0.9449827928147955 0.9435593269395967 0.9421358610643977 0.9407123951891989 0.9392889293140001 0.9378654634388013 0.9364419975636025 0.9350185316884037
-9999.0 -9999.0 -9999.0 -9999.0 0.925482316844793 0.926854393646802 0.928226470448811 0.92959854725082 -9999.0 -9999.0 0.9337147776568494 0.9350868544588584 0.9364589312608674 0.9378310080628764 0.9392030848648855 0.9405751616668945 0.9419472384689035 0.9433193152709125 0.9446913920729215 0.9460634688749305 0.9474355456769396 0.948807622478951 0.9501796992809599 0.951551776082969 0.9529238528849779 0.9542959296869871 0.955668006488996 0.9570400832910051 0.9570762337311417 0.9556842486904078 0.954292263649674 0.9529002786089401 0.9515082935682062 0.9501163085274724 0.9487243234867362 0.9473323384460023 0.9459403534052684 0.9445483683645346 0.9431563833238007 0.9417643982830668 0.940372413242333 0.9389804282015991 0.9375884431608652 0.9361964581201314
-9999.0 -9999.0 -9999.0 -9999.0 -9999.0 0.9277194891314459 -9999.0 -9999.0 -9999.0 -9999.0 -9999.0 -9999.0 0.9372697479527744 0.9386340706415354 0.9399983933302962 0.9413627160190571 0.942727038707818 0.9440913613965789 0.9454556840853398 0.9468200067741007 0.9481843294628616 0.9495486521516248 0.9509129748403856 0.9522772975291466 0.9536416202179074 0.9550059429066683 0.9563702655954293 0.9577345882841901 0.9577819476458943 0.9564214434396253 0.9550609392333564 0.9537004350270875 0.9523399308208186 0.9509794266145496 0.9496189224082784 0.9482584182020094 0.9468979139957405 0.9455374097894715 0.9441769055832026 0.9428164013769337 0.9414558971706647 0.9400953929643958 0.9387348887581268 0.937374384551858
-9999.0 -9999.0 -9999.0 -9999.0 -9999.0 -9999.0 -9999.0 -9999.0 -9999.0 -9999.0 -9999.0 -9999.0 -9999.0 0.9394371332201942 0.940793701795707 0.9421502703712197 0.9435068389467325 0.9448634075222453 0.946219976097758 0.9475765446732708 0.9489331132487836 0.9502896818242986 0.9516462503998114 0.9530028189753242 0.9543593875508369 0.9557159561263497 0.9570725247018625 0.9584290932773752 0.958487661560647 0.957158638188843 0.955829614817039 0.954500591445235 0.953171568073431 0.951842544701627 0.9505135213298207 0.9491844979580166 0.9478554745862127 0.9465264512144087 0.9451974278426046 0.9438684044708007 0.9425393810989966 0.9412103577271926 0.9398813343553886 0.9385523109835846
-9999.0 -9999.0 -9999.0 -9999.0 -9999.0 -9999.0 -9999.0 -9999.0 -9999.0 -9999.0 -9999.0 -9999.0 -9999.0 -9999.0 -9999.0 -9999.0 -9999.0 -9999.0 -9999.0 0.948333082572441 0.9496818970347056 0.9510307114969725 0.9523795259592371 0.9537283404215019 0.9550771548837665 0.9564259693460312 0.9577747838082958 0.9591235982705605 0.9591933754753997 0.9578958329380606 0.9565982904007215 0.9553007478633825 0.9540032053260434 0.9527056627887043 0.951408120251363 0.950110577714024 0.9488130351766848 0.9475154926393458 0.9462179501020067 0.9449204075646676 0.9436228650273285 0.9423253224899895 0.9410277799526503 0.9397302374153113
-9999.0 -9999.0 -9999.0 -9999.0 -9999.0 -9999.0 -9999.0 -9999.0 -9999.0 -9999.0 -9999.0 -9999.0 -9999.0 -9999.0 -9999.0 -9999.0 -9999.0 -9999.0 -9999.0 0.949089620471611 0.9504306808206275 0.9517717411696464 0.9531128015186628 0.9544538618676794 0.9557949222166959 0.9571359825657124 0.958477042914729 0.9598181032637455 0.9598990893901523 0.9586330276872781 0.957366965984404 0.9561009042815298 0.9548348425786557 0.9535687808757816 0.9523027191729052 0.9510366574700311 0.9497705957671569 0.9485045340642828 0.9472384723614086 0.9459724106585344 0.9447063489556603 0.9434402872527862 0.942174225549912 0.9409081638470378
-9999.0 -9999.0 -9999.0 -9999.0 -9999.0 -9999.0 -9999.0 -9999.0 -9999.0 -9999.0 -9999.0 -9999.0 -9999.0 -9999.0 -9999.0 -9999.0 -9999.0 0.9471795458992444 0.9485128521350128 0.9498461583707811 0.9511794646065496 0.9525127708423202 0.9538460770780887 0.9551793833138571 0.9565126895496254 0.9578459957853939 0.9591793020211623 0.9605126082569307 0.960604803304905 0.9593702224364958 0.9581356415680865 0.9569010606996773 0.9556664798312681 0.9544318989628588 0.9531973180944475 0.9519627372260383 0.9507281563576291 0.9494935754892199 0.9482589946208106 0.9470244137524014 0.9457898328839922 0.944555252015583 0.9433206711471738 0.9420860902787646
-9999.0 -9999.0 -9999.0 -9999.0 -9999.0 -9999.0 -9999.0 -9999.0 -9999.0 -9999.0 -9999.0 -9999.0 -9999.0 -9999.0 -9999.0 -9999.0 0.946626039902391 0.9479515920249113 0.9492771441474317 0.9506026962699519 0.9519282483924723 0.9532538005149948 0.954579352637515 0.9559049047600353 0.9572304568825556 0.9585560090050759 0.9598815611275962 0.9612071132501164 0.9613105172196583 0.960107417185714 0.9589043171517697 0.9577012171178254 0.9564981170838812 0.9552950170499369 0.9540919170159906 0.9528888169820463 0.951685716948102 0.9504826169141578 0.9492795168802135 0.9480764168462692 0.946873316812325 0.9456702167783807 0.9444671167444364 0.9432640167104921
