Figures/CREST_Example_wjb_NSE/PETs/wjb.pet.20091024.asc
ncols            288
nrows            254
xllcorner        113.274861
yllcorner        31.4918055
cellsize         0.008333333333
NODATA_value     -9999
[rows 60 to 79 of 254, columns 0 to 43 of 288]
-9999.0 -9999.0 -9999.0 -9999.0 -9999.0 -9999.0 -9999.0 -9999.0 -9999.0 -9999.0 -9999.0 1.1857094173348308 1.1877482681697982 1.1892318535873634 1.1907154390049264 1.1921990244224892 1.193682609840052 1.195166195257615 1.1966497806751777 1.1981333660927405 1.1996169515103035 1.2011005369278662 1.202584122345429 1.204067707762992 1.2055512931805548 1.2070348785981175 1.208518464015683 1.2100020494332457 1.2114856348508087 1.2129692202683715 1.2144528056859343 1.2159363911034973 1.21741997652106 1.2189035619386228 1.2203871473561858 1.2218707327737486 1.2233543181913114 1.2248379036088743 1.2263214890264371 1.2278050744440026 1.2292886598615653 1.230772245279128 1.230972079794673 1.2297995555820107
-9999.0 -9999.0 -9999.0 -9999.0 -9999.0 -9999.0 -9999.0 -9999.0 -9999.0 1.1819481177780349 1.1844771150826052 1.1870061123871756 1.1890729690481938 1.190645786918826 1.1922186047894554 1.1937914226600848 1.195364240530714 1.1969370584013435 1.198509876271973 1.2000826941426024 1.2016555120132317 1.203228329883861 1.2048011477544907 1.20637396562512 1.2079467834957494 1.2095196013663787 1.211092419237011 1.2126652371076403 1.2142380549782696 1.215810872848899 1.2173836907195286 1.218956508590158 1.2205293264607873 1.2221021443314166 1.2236749622020462 1.2252477800726755 1.226820597943305 1.2283934158139342 1.2299662336845638 1.2315390515551958 1.2331118694258252 1.2346846872964545 1.2349222936201256 1.23373252862309
-9999.0 -9999.0 -9999.0 -9999.0 -9999.0 -9999.0 -9999.0 -9999.0 -9999.0 1.1833033481060173 1.185803077772769 1.1883028074395208 1.19039766992659 1.1920597202502887 1.1937217705739847 1.1953838208976806 1.1970458712213765 1.1987079215450724 1.2003699718687684 1.2020320221924643 1.2036940725161602 1.2053561228398562 1.207018173163552 1.208680223487248 1.2103422738109442 1.21200432413464 1.2136663744583387 1.2153284247820348 1.2169904751057308 1.2186525254294267 1.2203145757531226 1.2219766260768186 1.2236386764005145 1.2253007267242104 1.2269627770479063 1.2286248273716023 1.2302868776952982 1.2319489280189941 1.23361097834269 1.2352730286663889 1.2369350789900848 1.2385971293137807 1.2388725074455778 1.237665501664169
-9999.0 -9999.0 -9999.0 -9999.0 -9999.0 -9999.0 -9999.0 -9999.0 -9999.0 1.184658578434 1.1871290404629329 1.189599502491866 1.191722370804986 1.1934736535817514 1.195224936358514 1.1969762191352764 1.198727501912039 1.2004787846888014 1.202230067465564 1.2039813502423264 1.205732633019089 1.2074839157958512 1.2092351985726137 1.2109864813493763 1.2127377641261388 1.2144890469029013 1.2162403296796669 1.2179916124564294 1.219742895233192 1.2214941780099544 1.2232454607867167 1.2249967435634792 1.2267480263402417 1.2284993091170042 1.2302505918937667 1.2320018746705292 1.2337531574472917 1.2355044402240543 1.2372557230008168 1.2390070057775822 1.2407582885543447 1.2425095713311072 1.2428227212710303 1.2415984747052484
-9999.0 -9999.0 -9999.0 -9999.0 -9999.0 -9999.0 -9999.0 -9999.0 1.1835726143708682 1.1860138087619823 1.1884550031530965 1.1908961975442107 1.1930470716833816 1.1948875869132138 1.196728102143043 1.198568617372872 1.200409132602701 1.2022496478325302 1.204090163062359 1.2059306782921881 1.2077711935220172 1.2096117087518463 1.2114522239816754 1.2132927392115045 1.2151332544413336 1.2169737696711624 1.2188142849009946 1.2206548001308237 1.2224953153606528 1.224335830590482 1.226176345820311 1.22801686105014 1.229857376279969 1.231697891509798 1.2335384067396271 1.2353789219694562 1.2372194371992853 1.2390599524291144 1.2409004676589435 1.2427409828887757 1.2445814981186045 1.2464220133484336 1.2467729350964827 1.2455314477463277
-9999.0 -9999.0 -9999.0 -9999.0 -9999.0 -9999.0 -9999.0 -9999.0 1.1849571123366696 1.187369039089965 1.1897809658432603 1.192192892596556 1.1943717725617777 1.1963015202446765 1.1982312679275722 1.2001610156104678 1.2020907632933633 1.204020510976259 1.2059502586591546 1.20788000634205 1.2098097540249457 1.2117395017078414 1.213669249390737 1.2155989970736325 1.2175287447565282 1.2194584924394238 1.2213882401223226 1.2233179878052183 1.225247735488114 1.2271774831710094 1.229107230853905 1.2310369785368007 1.2329667262196962 1.2348964739025918 1.2368262215854875 1.238755969268383 1.2406857169512786 1.2426154646341743 1.2445452123170697 1.2464749599999687 1.2484047076828644 1.2503344553657598 1.250723148921935 1.2494644207874068
-9999.0 -9999.0 -9999.0 -9999.0 -9999.0 -9999.0 -9999.0 -9999.0 1.186341610302472 1.1887242694179487 1.1911069285334255 1.193489587648902 1.195696473440175 1.1977154535761405 1.1997344337121028 1.201753413848065 1.2037723939840272 1.2057913741199895 1.2078103542559517 1.2098293343919138 1.211848314527876 1.2138672946638382 1.2158862747998005 1.2179052549357627 1.219924235071725 1.2219432152076872 1.2239621953436528 1.225981175479615 1.2280001556155773 1.2300191357515395 1.2320381158875018 1.234057096023464 1.2360760761594263 1.2380950562953883 1.2401140364313505 1.2421330165673128 1.244151996703275 1.2461709768392373 1.2481899569751995 1.250208937111165 1.2522279172471273 1.2542468973830896 1.254673362747391 1.2533973938284895
-9999.0 -9999.0 -9999.0 -9999.0 -9999.0 -9999.0 -9999.0 -9999.0 1.1877261082682733 1.1900794997459314 1.1924328912235893 1.1947862827012472 1.1970211743185708 1.1991293869076032 1.201237599496632 1.2033458120856608 1.2054540246746897 1.2075622372637183 1.209670449852747 1.211778662441776 1.2138868750308047 1.2159950876198333 1.2181033002088621 1.220211512797891 1.2223197253869198 1.2244279379759484 1.2265361505649808 1.2286443631540096 1.2307525757430384 1.2328607883320672 1.234969000921096 1.2370772135101247 1.2391854260991535 1.2412936386881823 1.2434018512772111 1.2455100638662397 1.2476182764552686 1.2497264890442974 1.2518347016333262 1.2539429142223586 1.2560511268113872 1.258159339400416 1.2586235765728433 1.2573303668695686
-9999.0 -9999.0 -9999.0 -9999.0 -9999.0 -9999.0 -9999.0 1.1867864823942353 1.1891106062340746 1.1914347300739137 1.193758853913753 1.196082977753592 1.1983458751969667 1.2005433202390656 1.202740765281161 1.2049382103232564 1.2071356553653518 1.209333100407447 1.2115305454495424 1.2137279904916378 1.215925435533733 1.2181228805758284 1.2203203256179238 1.222517770660019 1.2247152157021144 1.2269126607442098 1.2291101057863087 1.2313075508284042 1.2335049958704993 1.2357024409125947 1.2378998859546901 1.2400973309967855 1.2422947760388807 1.2444922210809761 1.2466896661230715 1.2488871111651667 1.251084556207262 1.2532820012493575 1.2554794462914527 1.2576768913335519 1.2598743363756473 1.2620717814177425 1.2625737903982959 1.2612633399106479
-9999.0 -9999.0 -9999.0 -9999.0 -9999.0 -9999.0 -9999.0 1.1882002479978555 1.190495104199876 1.1927899604018963 1.1950848166039167 1.1973796728059372 1.1996705760753628 1.2019572535705285 1.2042439310656903 1.2065306085608523 1.208817286056014 1.211103963551176 1.2133906410463378 1.2156773185414997 1.2179639960366615 1.2202506735318235 1.2225373510269852 1.2248240285221472 1.227110706017309 1.229397383512471 1.2316840610076367 1.2339707385027985 1.2362574159979605 1.2385440934931222 1.2408307709882842 1.243117448483446 1.245404125978608 1.2476908034737697 1.2499774809689317 1.2522641584640937 1.2545508359592554 1.2568375134544174 1.2591241909495792 1.261410868444745 1.263697545939907 1.2659842234350687 1.266524004223748 1.265196312951727
-9999.0 -9999.0 -9999.0 -9999.0 -9999.0 -9999.0 -9999.0 1.1896140136014757 1.1918796021656772 1.194145190729879 1.1964107792940806 1.1986763678582824 1.2009952769537586 1.2033711869019912 1.2057470968502195 1.208123006798448 1.2104989167466764 1.2128748266949048 1.2152507366431333 1.2176266465913617 1.2200025565395902 1.2223784664878186 1.224754376436047 1.2271302863842755 1.2295061963325038 1.2318821062807324 1.2342580162289647 1.2366339261771933 1.2390098361254216 1.24138574607365 1.2437616560218785 1.2461375659701068 1.2485134759183352 1.2508893858665637 1.253265295814792 1.2556412057630206 1.258017115711249 1.2603930256594773 1.2627689356077059 1.2651448455559382 1.2675207555041668 1.269896665452395 1.2704742180492006 1.2691292859928063
-9999.0 -9999.0 -9999.0 -9999.0 -9999.0 -9999.0 1.1887914582787127 1.1910277792050956 1.1932641001314785 1.1955004210578615 1.1977367419842444 1.1999730629106273 1.2023199778321547 1.2047851202334539 1.2072502626347488 1.209715405036044 1.2121805474373388 1.2146456898386337 1.2171108322399287 1.2195759746412238 1.2220411170425187 1.2245062594438136 1.2269714018451086 1.2294365442464037 1.2319016866476986 1.2343668290489935 1.2368319714502927 1.2392971138515878 1.2417622562528827 1.2442273986541776 1.2466925410554726 1.2491576834567677 1.2516228258580626 1.2540879682593575 1.2565531106606525 1.2590182530619476 1.2614833954632425 1.2639485378645374 1.2664136802658326 1.2688788226671317 1.2713439650684266 1.2738091074697215 1.2744244318746532 1.2730622590338856
-9999.0 -9999.0 -9999.0 -9999.0 -9999.0 -9999.0 -9999.0 1.192441544808717 1.194648598097281 1.196855651385845 1.1990627046744093 1.2012697579629734 1.2036446787105517 1.2061990535649176 1.2087534284192791 1.2113078032736408 1.2138621781280023 1.216416552982364 1.2189709278367256 1.2215253026910873 1.2240796775454488 1.2266340523998103 1.229188427254172 1.2317428021085335 1.2342971769628952 1.2368515518172567 1.2394059266716226 1.2419603015259844 1.2445146763803459 1.2470690512347076 1.249623426089069 1.2521778009434308 1.2547321757977923 1.257286550652154 1.2598409255065155 1.2623953003608772 1.2649496752152387 1.2675040500696004 1.270058424923962 1.2726127997783279 1.2751671746326896 1.277721549487051 1.2783746457001086 1.276995232074968
-9999.0 -9999.0 -9999.0 -9999.0 -9999.0 -9999.0 -9999.0 -9999.0 1.1960330960630823 1.1982108817138277 1.2003886673645732 1.2025664530153184 1.2049693795889476 1.2076129868963803 1.2102565942038084 1.2129002015112367 1.2155438088186648 1.2181874161260928 1.2208310234335211 1.2234746307409492 1.2261182380483773 1.2287618453558056 1.2314054526632336 1.2340490599706617 1.23669266727809 1.239336274585518 1.2419798818929508 1.244623489200379 1.247267096507807 1.2499107038152353 1.2525543111226634 1.2551979184300914 1.2578415257375197 1.2604851330449478 1.2631287403523759 1.2657723476598042 1.2684159549672323 1.2710595622746603 1.2737031695820886 1.2763467768895211 1.2789903841969494 1.2816339915043775 1.2823248595255612 1.2809282051160473
-9999.0 -9999.0 -9999.0 -9999.0 -9999.0 -9999.0 -9999.0 -9999.0 -9999.0 1.1995661120418102 1.201714630054737 1.2038631480676636 1.2062940804673437 1.209026920227843 1.2117597599883376 1.2144925997488325 1.2172254395093272 1.2199582792698218 1.2226911190303165 1.2254239587908111 1.228156798551306 1.2308896383118006 1.2336224780722953 1.23635531783279 1.2390881575932848 1.2418209973537795 1.2445538371142788 1.2472866768747735 1.2500195166352681 1.252752356395763 1.2554851961562576 1.2582180359167523 1.260950875677247 1.2636837154377416 1.2664165551982365 1.2691493949587311 1.2718822347192258 1.2746150744797204 1.277347914240215 1.2800807540007146 1.2828135937612093 1.285546433521704 1.2862750733510135 1.2848611781571266
-9999.0 -9999.0 -9999.0 -9999.0 -9999.0 -9999.0 -9999.0 -9999.0 -9999.0 -9999.0 1.2030405927449006 1.2051598431200086 1.2076187813457395 1.2104408535593054 1.2132629257728669 1.216084997986428 1.2189070701999893 1.2217291424135506 1.2245512146271118 1.227373286840673 1.2301953590542343 1.2330174312677955 1.2358395034813567 1.2386615756949182 1.2414836479084794 1.2443057201220407 1.2471277923356068 1.249949864549168 1.2527719367627292 1.2555940089762905 1.2584160811898517 1.261238153403413 1.2640602256169742 1.2668822978305354 1.2697043700440969 1.272526442257658 1.2753485144712193 1.2781705866847806 1.2809926588983418 1.283814731111908 1.2866368033254691 1.2894588755390304 1.2902252871764661 1.288794151198206
-9999.0 -9999.0 -9999.0 -9999.0 -9999.0 -9999.0 -9999.0 -9999.0 -9999.0 -9999.0 -9999.0 1.2064565381723535 1.2089434822241354 1.2118547868907683 1.2147660915573961 1.217677396224024 1.2205887008906515 1.2235000055572793 1.2264113102239071 1.229322614890535 1.2322339195571628 1.2351452242237906 1.2380565288904184 1.2409678335570462 1.243879138223674 1.2467904428903018 1.2497017475569345 1.2526130522235623 1.2555243568901902 1.258435661556818 1.2613469662234458 1.2642582708900736 1.2671695755567014 1.2700808802233292 1.272992184889957 1.2759034895565848 1.2788147942232126 1.2817260988898405 1.2846374035564683 1.287548708223101 1.2904600128897288 1.2933713175563566 1.2941755010019185 1.292727124239285
-9999.0 -9999.0 -9999.0 -9999.0 -9999.0 -9999.0 -9999.0 -9999.0 -9999.0 -9999.0 -9999.0 1.2077532332246987 1.2102681831025315 1.213268720222231 1.2162692573419254 1.2192697944616195 1.222270331581314 1.2252708687010083 1.2282714058207027 1.231271942940397 1.2342724800600915 1.2372730171797857 1.24027355429948 1.2432740914191744 1.2462746285388688 1.2492751656585632 1.2522757027782627 1.255276239897957 1.2582767770176513 1.2612773141373457 1.26427785125704 1.2672783883767345 1.2702789254964288 1.273279462616123 1.2762799997358174 1.2792805368555118 1.2822810739752062 1.2852816110949006 1.288282148214595 1.2912826853342942 1.2942832224539886 1.297283759573683 1.2981257148273708 1.2966600972803644
-9999.0 -9999.0 -9999.0 -9999.0 -9999.0 -9999.0 -9999.0 -9999.0 -9999.0 -9999.0 -9999.0 1.2090499282770437 1.2115928839809276 1.2146826535536936 1.2177724231264546 1.2208621926992154 1.2239519622719763 1.2270417318447373 1.2301315014174983 1.233221270990259 1.23631104056302 1.239400810135781 1.2424905797085417 1.2455803492813027 1.2486701188540636 1.2517598884268244 1.2548496579995907 1.2579394275723517 1.2610291971451124 1.2641189667178734 1.2672087362906344 1.270298505863395 1.273388275436156 1.276478045008917 1.2795678145816778 1.2826575841544388 1.2857473537271997 1.2888371232999607 1.2919268928727214 1.2950166624454877 1.2981064320182485 1.3011962015910095 1.3020759286528234 1.3005930703214434
-9999.0 -9999.0 -9999.0 -9999.0 -9999.0 -9999.0 -9999.0 -9999.0 -9999.0 -9999.0 -9999.0 -9999.0 1.2129175848593243 1.2160965868851574 1.219275588910985 1.2224545909368125 1.2256335929626399 1.2288125949884674 1.231991597014295 1.2351705990401225 1.23834960106595 1.2415286030917776 1.2447076051176051 1.2478866071434327 1.2510656091692602 1.2542446111950878 1.2574236132209207 1.2606026152467482 1.2637816172725758 1.2669606192984033 1.2701396213242309 1.2733186233500582 1.2764976253758857 1.2796766274017133 1.2828556294275408 1.2860346314533684 1.289213633479196 1.2923926355050235 1.295571637530851 1.298750639556684 1.3019296415825115 1.305108643608339 1.3060261424782789 1.3045260433625259
