Figures/CREST_Example_wjb_NSE/PETs/wjb.pet.20100202.asc
ncols            288
nrows            254
xllcorner        113.274861
yllcorner        31.4918055
cellsize         0.008333333333
NODATA_value     -9999
[rows 114 to 132 of 254, columns 132 to 175 of 288]
0.5538315707737618 0.5537592492130609 0.5536869276523599 0.553614606091659 0.5535422845309581 0.5534699629702572 0.5533976414095563 0.5533253198488554 0.5532529982881544 0.5531806767274535 0.5531083551667526 0.5530360336060516 0.5529637120453507 0.5528913904846497 0.5528190689239488 0.5527467473632479 0.552674425802547 0.5526021042418461 0.5525297826811452 0.5524574611204442 0.5523851395597433 0.5523128179990424 0.5522404964383415 0.5521681748776406 0.5520958533169396 0.5520235317562386 0.5519512101955377 0.5518788886348368 0.5518065670741359 0.551734245513435 0.5518336516655118 0.5521166386272813 0.5523996255890509 0.5526826125508204 0.5529655995125898 0.5532485864743594 0.5535315734361289 0.5538145603978989 0.5540975473596684 0.5543805343214379 0.5546635212832074 0.5549465082449769 0.5552294952067465 0.5555124821685159
0.5512619916590492 0.5512176878915697 0.5511733841240901 0.5511290803566106 0.551084776589131 0.5510404728216516 0.550996169054172 0.5509518652866925 0.5509075615192129 0.5508632577517335 0.550818953984254 0.5507746502167743 0.5507303464492949 0.5506860426818153 0.5506417389143358 0.5505974351468562 0.5505531313793767 0.5505088276118972 0.5504645238444177 0.5504202200769381 0.5503759163094586 0.550331612541979 0.5502873087744996 0.5502430050070201 0.5501987012395404 0.550154397472061 0.5501100937045814 0.5500657899371019 0.5500214861696223 0.5499771824021428 0.5501000532332331 0.5504016374919293 0.5507032217506256 0.5510048060093218 0.551306390268018 0.5516079745267143 0.5519095587854105 0.5522111430441072 0.5525127273028034 0.5528143115614997 0.5531158958201959 0.5534174800788922 0.5537190643375884 0.5540206485962846
0.5486924125443365 0.5486761265700784 0.5486598405958203 0.5486435546215621 0.548627268647304 0.5486109826730459 0.5485946966987878 0.5485784107245296 0.5485621247502714 0.5485458387760134 0.5485295528017552 0.5485132668274971 0.548496980853239 0.5484806948789808 0.5484644089047227 0.5484481229304645 0.5484318369562065 0.5484155509819483 0.5483992650076902 0.548382979033432 0.548366693059174 0.5483504070849158 0.5483341211106577 0.5483178351363995 0.5483015491621414 0.5482852631878833 0.5482689772136251 0.548252691239367 0.5482364052651089 0.5482201192908507 0.5483664548009543 0.5486866363565772 0.5490068179122002 0.5493269994678232 0.5496471810234461 0.5499673625790691 0.550287544134692 0.5506077256903156 0.5509279072459385 0.5512480888015615 0.5515682703571845 0.5518884519128074 0.5522086334684304 0.5525288150240534
0.5461228334296238 0.5461345652485871 0.5461462970675502 0.5461580288865135 0.5461697607054768 0.5461814925244401 0.5461932243434033 0.5462049561623666 0.5462166879813299 0.5462284198002932 0.5462401516192564 0.5462518834382197 0.546263615257183 0.5462753470761463 0.5462870788951095 0.5462988107140728 0.5463105425330361 0.5463222743519993 0.5463340061709626 0.5463457379899259 0.5463574698088892 0.5463692016278524 0.5463809334468157 0.546392665265779 0.5464043970847423 0.5464161289037055 0.5464278607226688 0.5464395925416321 0.5464513243605954 0.5464630561795586 0.5466328563686754 0.5469716352212252 0.5473104140737749 0.5476491929263245 0.5479879717788743 0.548326750631424 0.5486655294839736 0.5490043083365239 0.5493430871890737 0.5496818660416233 0.550020644894173 0.5503594237467228 0.5506982025992724 0.5510369814518221
0.5440127356591125 0.5440363011839392 0.544059866708766 0.5440834322335929 0.5441069977584196 0.5441305632832465 0.5441541288080732 0.5441776943329001 0.5442012598577269 0.5442248253825537 0.5442483909073805 0.5442719564322074 0.5442955219570342 0.544319087481861 0.5443426530066878 0.5443662185315146 0.5443897840563414 0.5444133495811683 0.544436915105995 0.5444604806308219 0.5444840461556486 0.5445076116804755 0.5445311772053023 0.544554742730129 0.5445783082549559 0.5446018737797828 0.5446254393046095 0.5446490048294363 0.5446725703542632 0.5446961358790899 0.544876062093758 0.545223141422975 0.545570220752192 0.5459173000814089 0.5462643794106258 0.5466114587398427 0.5469585380690597 0.5473056173982772 0.5476526967274942 0.547999776056711 0.548346855385928 0.5486939347151449 0.5490410140443619 0.5493880933735787
0.5423937944784266 0.5424118939400264 0.5424299934016262 0.5424480928632262 0.542466192324826 0.5424842917864259 0.5425023912480257 0.5425204907096256 0.5425385901712254 0.5425566896328252 0.5425747890944251 0.542592888556025 0.5426109880176249 0.5426290874792247 0.5426471869408246 0.5426652864024244 0.5426833858640243 0.5427014853256241 0.542719584787224 0.5427376842488238 0.5427557837104237 0.5427738831720236 0.5427919826336234 0.5428100820952233 0.5428281815568231 0.542846281018423 0.5428643804800228 0.5428824799416228 0.5429005794032226 0.5429186788648224 0.543094472925401 0.5434388460795713 0.5437832192337415 0.5441275923879118 0.544471965542082 0.5448163386962522 0.5451607118504225 0.5455050850045934 0.5458494581587636 0.5461938313129339 0.5465382044671041 0.5468825776212743 0.5472269507754446 0.5475713239296148
0.5407748532977407 0.5407874866961135 0.5408001200944864 0.5408127534928593 0.5408253868912323 0.5408380202896051 0.540850653687978 0.540863287086351 0.5408759204847239 0.5408885538830968 0.5409011872814697 0.5409138206798426 0.5409264540782155 0.5409390874765885 0.5409517208749614 0.5409643542733342 0.5409769876717072 0.5409896210700801 0.541002254468453 0.5410148878668258 0.5410275212651988 0.5410401546635717 0.5410527880619446 0.5410654214603176 0.5410780548586904 0.5410906882570633 0.5411033216554363 0.5411159550538092 0.541128588452182 0.541141221850555 0.541312883757044 0.5416545507361675 0.5419962177152912 0.5423378846944147 0.5426795516735383 0.5430212186526618 0.5433628856317854 0.5437045526109096 0.5440462195900331 0.5443878865691567 0.5447295535482802 0.5450712205274039 0.5454128875065274 0.5457545544856509
0.5391559121170547 0.5391630794522008 0.5391702467873467 0.5391774141224926 0.5391845814576386 0.5391917487927845 0.5391989161279305 0.5392060834630764 0.5392132507982224 0.5392204181333683 0.5392275854685142 0.5392347528036603 0.5392419201388062 0.5392490874739522 0.5392562548090981 0.539263422144244 0.53927058947939 0.5392777568145359 0.5392849241496819 0.5392920914848279 0.5392992588199739 0.5393064261551198 0.5393135934902658 0.5393207608254117 0.5393279281605576 0.5393350954957036 0.5393422628308495 0.5393494301659956 0.5393565975011415 0.5393637648362875 0.5395312945886869 0.5398702553927638 0.5402092161968407 0.5405481770009176 0.5408871378049944 0.5412260986090713 0.5415650594131483 0.5419040202172257 0.5422429810213026 0.5425819418253794 0.5429209026294564 0.5432598634335333 0.5435988242376102 0.5439377850416871
0.5375369709363688 0.5375386722082878 0.5375403734802068 0.5375420747521258 0.5375437760240448 0.5375454772959638 0.5375471785678828 0.5375488798398018 0.5375505811117208 0.5375522823836398 0.5375539836555588 0.5375556849274779 0.5375573861993969 0.5375590874713159 0.5375607887432349 0.5375624900151539 0.5375641912870729 0.5375658925589918 0.5375675938309108 0.5375692951028298 0.5375709963747488 0.5375726976466678 0.5375743989185868 0.5375761001905058 0.5375778014624248 0.5375795027343439 0.5375812040062629 0.5375829052781819 0.5375846065501009 0.5375863078220199 0.5377497054203298 0.53808596004936 0.5384222146783902 0.5387584693074204 0.5390947239364506 0.5394309785654808 0.539767233194511 0.5401034878235419 0.5404397424525721 0.5407759970816023 0.5411122517106325 0.5414485063396627 0.5417847609686929 0.5421210155977231
0.5359180297556829 0.535914264964375 0.5359105001730671 0.5359067353817591 0.5359029705904511 0.5358992057991432 0.5358954410078353 0.5358916762165273 0.5358879114252194 0.5358841466339114 0.5358803818426034 0.5358766170512955 0.5358728522599876 0.5358690874686796 0.5358653226773716 0.5358615578860637 0.5358577930947558 0.5358540283034479 0.5358502635121398 0.5358464987208319 0.535842733929524 0.535838969138216 0.5358352043469081 0.5358314395556001 0.5358276747642922 0.5358239099729842 0.5358201451816763 0.5358163803903683 0.5358126155990603 0.5358088508077524 0.5359681162519728 0.5363016647059563 0.5366352131599399 0.5369687616139234 0.537302310067907 0.5376358585218904 0.5379694069758739 0.5383029554298581 0.5386365038838415 0.5389700523378251 0.5393036007918086 0.5396371492457922 0.5399706976997757 0.5403042461537593
0.5342990885749956 0.5342898577204608 0.5342806268659258 0.534271396011391 0.534262165156856 0.5342529343023211 0.5342437034477862 0.5342344725932513 0.5342252417387164 0.5342160108841815 0.5342067800296466 0.5341975491751116 0.5341883183205768 0.5341790874660418 0.534169856611507 0.534160625756972 0.5341513949024371 0.5341421640479023 0.5341329331933673 0.5341237023388324 0.5341144714842975 0.5341052406297626 0.5340960097752276 0.5340867789206928 0.5340775480661578 0.534068317211623 0.5340590863570881 0.5340498555025531 0.5340406246480183 0.5340313937934833 0.5341865270836141 0.534517369362551 0.5348482116414879 0.5351790539204246 0.5355098961993615 0.5358407384782984 0.5361715807572353 0.5365024230361727 0.5368332653151094 0.5371641075940463 0.5374949498729832 0.5378257921519201 0.5381566344308569 0.5384874767097937
0.5326801473943097 0.5326654504765478 0.532650753558786 0.5326360566410241 0.5326213597232623 0.5326066628055004 0.5325919658877386 0.5325772689699767 0.5325625720522148 0.532547875134453 0.5325331782166911 0.5325184812989293 0.5325037843811674 0.5324890874634055 0.5324743905456437 0.5324596936278818 0.53244499671012 0.5324302997923581 0.5324156028745963 0.5324009059568344 0.5323862090390726 0.5323715121213107 0.5323568152035489 0.532342118285787 0.5323274213680251 0.5323127244502633 0.5322980275325014 0.5322833306147396 0.5322686336969777 0.5322539367792158 0.5324049379152571 0.5327330740191473 0.5330612101230375 0.5333893462269277 0.5337174823308178 0.534045618434708 0.5343737545385981 0.5347018906424889 0.535030026746379 0.5353581628502692 0.5356862989541593 0.5360144350580495 0.5363425711619397 0.5366707072658299
0.5310612062136238 0.531041043232635 0.5310208802516462 0.5310007172706575 0.5309805542896686 0.5309603913086798 0.5309402283276909 0.5309200653467022 0.5308999023657134 0.5308797393847245 0.5308595764037357 0.5308394134227469 0.5308192504417582 0.5307990874607693 0.5307789244797805 0.5307587614987916 0.5307385985178029 0.5307184355368141 0.5306982725558252 0.5306781095748364 0.5306579465938477 0.5306377836128588 0.53061762063187 0.5305974576508812 0.5305772946698923 0.5305571316889036 0.5305369687079148 0.5305168057269259 0.5304966427459371 0.5304764797649484 0.5306233487469001 0.5309487786757435 0.5312742086045871 0.5315996385334305 0.5319250684622739 0.5322504983911175 0.5325759283199609 0.532901358248805 0.5332267881776485 0.533552218106492 0.5338776480353354 0.5342030779641789 0.5345285078930224 0.5348539378218659
0.5294422650329379 0.5294166359887221 0.5293910069445064 0.5293653779002906 0.5293397488560748 0.529314119811859 0.5292884907676433 0.5292628617234276 0.5292372326792119 0.5292116036349961 0.5291859745907803 0.5291603455465645 0.5291347165023488 0.529109087458133 0.5290834584139172 0.5290578293697015 0.5290322003254857 0.52900657128127 0.5289809422370543 0.5289553131928385 0.5289296841486227 0.528904055104407 0.5288784260601912 0.5288527970159754 0.5288271679717597 0.5288015389275439 0.5287759098833281 0.5287502808391124 0.5287246517948967 0.5286990227506809 0.5288417595785431 0.5291644833323399 0.5294872070861366 0.5298099308399334 0.5301326545937303 0.5304553783475271 0.5307781021013238 0.5311008258551212 0.531423549608918 0.5317462733627148 0.5320689971165116 0.5323917208703084 0.5327144446241052 0.533037168377902
0.5278233238522521 0.5277922287448094 0.5277611336373665 0.5277300385299238 0.5276989434224811 0.5276678483150384 0.5276367532075957 0.527605658100153 0.5275745629927103 0.5275434678852676 0.5275123727778249 0.5274812776703821 0.5274501825629394 0.5274190874554967 0.527387992348054 0.5273568972406113 0.5273258021331686 0.5272947070257259 0.5272636119182832 0.5272325168108405 0.5272014217033978 0.5271703265959551 0.5271392314885124 0.5271081363810697 0.5270770412736269 0.5270459461661842 0.5270148510587415 0.5269837559512988 0.5269526608438561 0.5269215657364134 0.5270601704101859 0.527380187988936 0.5277002055676862 0.5280202231464364 0.5283402407251865 0.5286602583039366 0.5289802758826867 0.5293002934614374 0.5296203110401875 0.5299403286189376 0.5302603461976877 0.5305803637764378 0.5309003813551879 0.531220398933938
0.526204382671566 0.5261678215008964 0.5261312603302267 0.5260946991595571 0.5260581379888875 0.5260215768182177 0.5259850156475481 0.5259484544768784 0.5259118933062088 0.525875332135539 0.5258387709648694 0.5258022097941997 0.52576564862353 0.5257290874528604 0.5256925262821908 0.5256559651115211 0.5256194039408514 0.5255828427701817 0.5255462815995121 0.5255097204288425 0.5254731592581728 0.5254365980875031 0.5254000369168335 0.5253634757461638 0.5253269145754941 0.5252903534048244 0.5252537922341548 0.5252172310634851 0.5251806698928154 0.5251441087221458 0.5252785812418289 0.5255958926455323 0.5259132040492357 0.5262305154529392 0.5265478268566426 0.5268651382603461 0.5271824496640495 0.5274997610677535 0.5278170724714569 0.5281343838751603 0.5284516952788638 0.5287690066825672 0.5290863180862707 0.5294036294899741
0.5245854414908802 0.5245434142569836 0.524501387023087 0.5244593597891903 0.5244173325552938 0.5243753053213971 0.5243332780875005 0.524291250853604 0.5242492236197073 0.5242071963858107 0.5241651691519141 0.5241231419180175 0.5240811146841208 0.5240390874502242 0.5239970602163275 0.523955032982431 0.5239130057485344 0.5238709785146377 0.5238289512807411 0.5237869240468446 0.5237448968129479 0.5237028695790513 0.5236608423451546 0.5236188151112581 0.5235767878773614 0.5235347606434648 0.5234927334095681 0.5234507061756716 0.523408678941775 0.5233666517078783 0.5234969920734719 0.5238115973021287 0.5241262025307853 0.5244408077594421 0.5247554129880989 0.5250700182167557 0.5253846234454124 0.5256992286740697 0.5260138339027265 0.5263284391313832 0.52664304436004 0.5269576495886967 0.5272722548173535 0.5275868600460102
0.5229665003101929 0.5229190070130694 0.5228715137159458 0.5228240204188221 0.5227765271216986 0.522729033824575 0.5226815405274515 0.5226340472303279 0.5225865539332043 0.5225390606360808 0.5224915673389572 0.5224440740418336 0.52239658074471 0.5223490874475865 0.5223015941504628 0.5222541008533392 0.5222066075562157 0.5221591142590921 0.5221116209619686 0.522064127664845 0.5220166343677214 0.5219691410705979 0.5219216477734743 0.5218741544763508 0.521826661179227 0.5217791678821035 0.5217316745849799 0.5216841812878564 0.5216366879907328 0.5215891946936092 0.5217154029051132 0.5220273019587233 0.5223392010123333 0.5226511000659434 0.5229629991195536 0.5232748981731636 0.5235867972267737 0.5238986962803843 0.5242105953339944 0.5245224943876045 0.5248343934412145 0.5251462924948246 0.5254581915484346 0.5257700906020447
0.521347559129507 0.5212945997691565 0.521241640408806 0.5211886810484555 0.521135721688105 0.5210827623277544 0.521029802967404 0.5209768436070534 0.5209238842467029 0.5208709248863523 0.5208179655260019 0.5207650061656512 0.5207120468053007 0.5206590874449502 0.5206061280845997 0.5205531687242492 0.5205002093638986 0.5204472500035481 0.5203942906431976 0.5203413312828471 0.5202883719224966 0.520235412562146 0.5201824532017956 0.520129493841445 0.5200765344810944 0.5200235751207439 0.5199706157603934 0.5199176564000428 0.5198646970396923 0.5198117376793417 0.5199338137367562 0.5202430066153196 0.520552199493883 0.5208613923724464 0.5211705852510098 0.5214797781295731 0.5217889710081366 0.5220981638867005 0.5224073567652638 0.5227165496438273 0.5230257425223906 0.5233349354009541 0.5236441282795175 0.5239533211580808
