Figures/CREST_Example_wjb_NSE/PETs/wjb.pet.20100806.asc
ncols            288
nrows            254
xllcorner        113.274861
yllcorner        31.4918055
cellsize         0.008333333333
NODATA_value     -9999
[rows 40 to 59 of 254, columns 44 to 87 of 288]
2.1319649715077076 2.125952269050298 2.119939566592888 2.1139268641354785 2.107914161678069 2.1019014592206595 2.09588875676325 2.08987605430584 2.08386335184842 2.077850649391011 2.0718379469336012 2.0658252444761915 2.059812542018782 2.053799839561372 2.047787137103963 2.041774434646553 2.0357617321891435 2.0297490297317338 2.023736327274324 2.017723624816915 2.011710922359505 2.005698219902085 1.9996855174446755 1.993672814987266 1.9876601125298563 1.9816474100724468 1.9756347076150371 1.9696220051576274 1.9657706316993335 1.9642297678002234 1.9626889039011133 1.9611480400020032 1.9596071761028928 1.9580663122037827 1.95652544830467 1.9549845844055596 1.9534437205064494 1.9519028566073393 1.9503619927082292 1.9488211288091188 1.9472802649100087 1.9457394010108986 1.9441985371117882 1.9426576732126781
2.1283045336605797 2.1222292475590763 2.1161539614575724 2.1100786753560685 2.1040033892545646 2.0979281031530608 2.091852817051557 2.085777530950053 2.079702244848539 2.073626958747035 2.067551672645531 2.0614763865440273 2.0554011004425234 2.0493258143410196 2.0432505282395157 2.037175242138012 2.031099956036508 2.025024669935004 2.0189493838335006 2.0128740977319968 2.006798811630493 2.0007235255289784 1.9946482394274747 1.9885729533259708 1.982497667224467 1.9764223811229633 1.9703470950214594 1.9642718089199556 1.9603747768106905 1.958806347460865 1.9572379181110395 1.9556694887612143 1.9541010594113888 1.9525326300615633 1.9509642007117352 1.94939577136191 1.9478273420120844 1.946258912662259 1.9446904833124334 1.943122053962608 1.9415536246127827 1.9399851952629572 1.9384167659131317 1.9368483365633062
2.1246440958134523 2.118506226067854 2.112368356322256 2.106230486576658 2.10009261683106 2.093954747085462 2.087816877339864 2.081679007594266 2.0755411378486572 2.069403268103059 2.063265398357461 2.057127528611863 2.050989658866265 2.044851789120667 2.038713919375069 2.032576049629471 2.0264381798838724 2.0203003101382744 2.0141624403926763 2.0080245706470783 2.0018867009014802 1.9957488311558718 1.9896109614102737 1.9834730916646757 1.9773352219190776 1.9711973521734794 1.9650594824278813 1.9589216126822833 1.954978921922047 1.9533829271215064 1.9517869323209658 1.9501909375204252 1.9485949427198845 1.9469989479193437 1.9454029531188004 1.9438069583182598 1.9422109635177192 1.9406149687171783 1.9390189739166377 1.937422979116097 1.9358269843155564 1.9342309895150158 1.9326349947144752 1.9310389999139344
2.120983657966325 2.114783204576632 2.10858275118694 2.1023822977972477 2.0961818444075555 2.0899813910178633 2.083780937628171 2.0775804842384784 2.0713800308487755 2.0651795774590833 2.058979124069391 2.052778670679699 2.0465782172900067 2.040377763900314 2.034177310510622 2.0279768571209296 2.0217764037312373 2.015575950341545 2.0093754969518525 2.0031750435621603 1.996974590172468 1.9907741367827652 1.984573683393073 1.9783732300033805 1.9721727766136883 1.9659723232239958 1.9597718698343036 1.9535714164446114 1.949583067033404 1.947959506782148 1.946335946530892 1.9447123862796363 1.9430888260283803 1.9414652657771245 1.9398417055258657 1.93821814527461 1.936594585023354 1.9349710247720981 1.9333474645208422 1.9317239042695862 1.9301003440183304 1.9284767837670744 1.9268532235158184 1.9252296632645627
2.117323220119197 2.1110601830854105 2.104797146051624 2.0985341090178373 2.092271071984051 2.0860080349502645 2.0797449979164777 2.0734819608826913 2.0672189238488943 2.0609558868151074 2.054692849781321 2.0484298127475347 2.042166775713748 2.0359037386799614 2.029640701646175 2.023377664612388 2.017114627578602 2.0108515905448154 2.004588553511029 1.9983255164772422 1.9920624794434558 1.9857994424096586 1.979536405375872 1.9732733683420856 1.967010331308299 1.9607472942745123 1.954484257240726 1.9482212202069393 1.9441872121447608 1.9425360864427896 1.9408849607408185 1.9392338350388474 1.9375827093368763 1.9359315836349051 1.9342804579329311 1.93262933223096 1.9309782065289889 1.9293270808270178 1.9276759551250466 1.9260248294230755 1.9243737037211042 1.922722578019133 1.921071452317162 1.9194203266151908
2.11366278227207 2.107337161594189 2.1010115409163084 2.0946859202384274 2.088360299560547 2.082034678882666 2.0757090582047852 2.0693834375269047 2.063057816849013 2.056732196171132 2.0504065754932514 2.0440809548153704 2.03775533413749 2.031429713459609 2.0251040927817283 2.0187784721038473 2.0124528514259667 2.0061272307480857 1.9998016100702052 1.9934759893923244 1.9871503687144436 1.980824748036552 1.9744991273586712 1.9681735066807904 1.9618478860029096 1.9555222653250288 1.9491966446471483 1.9428710239692673 1.9387913572561177 1.9371126661034312 1.935433974950745 1.9337552837980585 1.9320765926453722 1.9303979014926858 1.9287192103399966 1.9270405191873101 1.9253618280346239 1.9236831368819374 1.922004445729251 1.9203257545765646 1.9186470634238784 1.9169683722711919 1.9152896811185056 1.9136109899658191
2.110002344424939 2.103614140102964 2.097225935780989 2.090837731459014 2.0844495271370387 2.078061322815064 2.0716731184930888 2.0652849141711136 2.0588967098491278 2.0525085055271526 2.0461203012051774 2.0397320968832027 2.0333438925612275 2.0269556882392523 2.0205674839172776 2.0141792795953024 2.0077910752733272 2.001402870951352 1.995014666629377 1.9886264623074021 1.982238257985427 1.9758500536634411 1.969461849341466 1.963073645019491 1.9566854406975158 1.9502972363755409 1.9439090320535657 1.9375208277315907 1.9333955023674698 1.9316892457640682 1.9299829891606666 1.928276732557265 1.9265704759538633 1.9248642193504617 1.9231579627470572 1.9214517061436556 1.9197454495402537 1.918039192936852 1.9163329363334505 1.9146266797300489 1.9129204231266472 1.9112141665232456 1.909507909919844 1.9078016533164424
2.1063419065778115 2.099891118611742 2.093440330645673 2.0869895426796035 2.080538754713534 2.0740879667474648 2.067637178781396 2.0611863908153265 2.054735602849246 2.0482848148831767 2.0418340269171074 2.035383238951038 2.028932450984969 2.0224816630188998 2.0160308750528304 2.009580087086761 2.0031292991206917 1.9966785111546224 1.9902277231885532 1.9837769352224839 1.9773261472564145 1.9708753592903343 1.964424571324265 1.9579737833581956 1.9515229953921265 1.9450722074260571 1.9386214194599878 1.9321706314939187 1.9279996474788264 1.9262658254247096 1.9245320033705926 1.9227981813164758 1.921064359262359 1.919330537208242 1.9175967151541222 1.9158628931000055 1.9141290710458885 1.9123952489917717 1.9106614269376547 1.908927604883538 1.907193782829421 1.9054599607753042 1.9037261387211875 1.9019923166670705
2.1026814687306836 2.09616809712052 2.0896547255103566 2.083141353900193 2.0766279822900295 2.070114610679866 2.0636012390697025 2.057087867459539 2.0505744958493644 2.044061124239201 2.0375477526290373 2.031034381018874 2.0245210094087103 2.0180076377985467 2.0114942661883832 2.0049808945782197 1.9984675229680564 1.9919541513578929 1.9854407797477294 1.9789274081375658 1.9724140365274023 1.9659006649172277 1.9593872933070642 1.9528739216969007 1.9463605500867371 1.9398471784765736 1.93333380686641 1.9268204352562466 1.9226037925901833 1.9208424050853512 1.919081017580519 1.917319630075687 1.9155582425708548 1.9137968550660227 1.9120354675611877 1.9102740800563556 1.9085126925515234 1.9067513050466913 1.9049899175418592 1.903228530037027 1.901467142532195 1.8997057550273628 1.8979443675225307 1.8961829800176986
2.099021030883556 2.0924450756292985 2.085869120375041 2.079293165120783 2.0727172098665254 2.0661412546122673 2.0595652993580096 2.052989344103752 2.046413388849483 2.0398374335952254 2.0332614783409677 2.0266855230867096 2.020109567832452 2.013533612578194 2.0069576573239365 2.000381702069679 1.993805746815421 1.9872297915611632 1.9806538363069055 1.9740778810526478 1.9675019257983901 1.960925970544121 1.9543500152898634 1.9477740600356055 1.9411981047813478 1.93462214952709 1.9280461942728324 1.9214702390185745 1.91720793770154 1.9154189847459928 1.9136300317904456 1.911841078834898 1.9100521258793508 1.9082631729238035 1.9064742199682532 1.9046852670127057 1.9028963140571584 1.901107361101611 1.8993184081460637 1.8975294551905164 1.895740502234969 1.8939515492794217 1.8921625963238744 1.890373643368327
2.0953605930364287 2.0887220541380764 2.0820835152397246 2.0754449763413727 2.068806437443021 2.0621678985446685 2.0555293596463167 2.048890820747965 2.0422522818496014 2.0356137429512495 2.0289752040528977 2.0223366651545454 2.0156981262561935 2.0090595873578416 2.0024210484594898 1.9957825095611377 1.9891439706627856 1.9825054317644337 1.9758668928660816 1.9692283539677298 1.9625898150693777 1.9559512761710145 1.9493127372726624 1.9426741983743105 1.9360356594759585 1.9293971205776066 1.9227585816792545 1.9161200427809026 1.911812082812897 1.9099955644066344 1.9081790460003718 1.9063625275941092 1.9045460091878468 1.9027294907815842 1.9009129723753184 1.8990964539690558 1.8972799355627932 1.8954634171565308 1.8936468987502681 1.8918303803440055 1.890013861937743 1.8881973435314803 1.8863808251252179 1.8845643067189553
2.091700155189301 2.084999032646855 2.078297910104409 2.0715967875619623 2.0648956650195163 2.05819454247707 2.0514934199346238 2.0447922973921777 2.0380911748497197 2.0313900523072737 2.0246889297648276 2.017987807222381 2.011286684679935 2.0045855621374886 1.9978844395950426 1.9911833170525963 1.98448219451015 1.977781071967704 1.9710799494252578 1.9643788268828115 1.9576777043403653 1.9509765817979077 1.9442754592554614 1.9375743367130152 1.9308732141705691 1.9241720916281229 1.9174709690856766 1.9107698465432303 1.9064162279242536 1.9045721440672758 1.902728060210298 1.9008839763533203 1.8990398924963423 1.8971958086393645 1.8953517247823837 1.893507640925406 1.891663557068428 1.8898194732114502 1.8879753893544724 1.8861313054974946 1.8842872216405167 1.882443137783539 1.8805990539265611 1.8787549700695834
2.0880397173421734 2.0812760111556328 2.0745123049690926 2.067748598782552 2.0609848925960117 2.054221186409471 2.047457480222931 2.04069377403639 2.0339300678498384 2.0271663616632978 2.0204026554767576 2.013638949290217 2.0068752431036767 2.000111536917136 1.9933478307305956 1.9865841245440552 1.9798204183575148 1.9730567121709743 1.966293005984434 1.9595292997978935 1.952765593611353 1.946001887424801 1.9392381812382606 1.9324744750517202 1.9257107688651798 1.9189470626786393 1.912183356492099 1.9054196503055585 1.9010203730356106 1.8991487237279174 1.8972770744202243 1.8954054251125314 1.8935337758048383 1.8916621264971452 1.889790477189449 1.887918827881756 1.886047178574063 1.8841755292663698 1.8823038799586769 1.8804322306509837 1.8785605813432906 1.8766889320355977 1.8748172827279046 1.8729456334202115
2.0843792794950424 2.077552989664408 2.070726699833773 2.0639004100031384 2.0570741201725036 2.0502478303418687 2.0434215405112344 2.0365952506805995 2.029768960849953 2.0229426710193184 2.0161163811886835 2.009290091358049 2.0024638015274143 1.9956375116967795 1.988811221866145 1.98198493203551 1.9751586422048755 1.9683323523742406 1.9615060625436058 1.9546797727129712 1.9478534828823364 1.94102719305169 1.9342009032210554 1.9273746133904206 1.920548323559786 1.9137220337291512 1.9068957438985166 1.9000694540678817 1.8956245181469626 1.8937253033885544 1.8918260886301461 1.8899268738717376 1.8880276591133294 1.886128444354921 1.8842292295965095 1.8823300148381013 1.880430800079693 1.8785315853212847 1.8766323705628765 1.874733155804468 1.8728339410460597 1.8709347262876515 1.8690355115292432 1.867136296770835
2.080718841647915 2.073829968173186 2.066941094698457 2.060052221223728 2.053163347748999 2.04627447427427 2.0393856007995415 2.0324967273248125 2.0256078538500715 2.0187189803753425 2.011830106900614 2.004941233425885 1.9980523599511557 1.991163486476427 1.984274613001698 1.977385739526969 1.97049686605224 1.963607992577511 1.9567191191027822 1.9498302456280532 1.9429413721533242 1.9360524986785834 1.9291636252038544 1.9222747517291257 1.9153858782543967 1.9084970047796677 1.9016081313049387 1.89471925783021 1.8902286632583194 1.888301883049196 1.8863751028400724 1.8844483226309487 1.8825215424218253 1.8805947622127017 1.878667982003575 1.8767412017944514 1.874814421585328 1.8728876413762043 1.8709608611670807 1.8690340809579573 1.8671073007488337 1.86518052053971 1.8632537403305867 1.861326960121463
2.0770584038007875 2.0701069466819644 2.063155489563141 2.056204032444318 2.049252575325495 2.0423011182066713 2.035349661087848 2.028398203969025 2.02144674685019 2.014495289731367 2.007543832612544 2.0005923754937207 1.9936409183748973 1.9866894612560742 1.979738004137251 1.9727865470184278 1.9658350898996046 1.9588836327807815 1.9519321756619583 1.9449807185431351 1.938029261424312 1.9310778043054768 1.9241263471866537 1.9171748900678305 1.9102234329490073 1.9032719758301841 1.896320518711361 1.8893690615925378 1.8848328083696764 1.8828784627098376 1.8809241170499988 1.87896977139016 1.877015425730321 1.8750610800704823 1.8731067344106402 1.8711523887508015 1.8691980430909627 1.867243697431124 1.8652893517712852 1.8633350061114464 1.8613806604516077 1.859426314791769 1.8574719691319301 1.8555176234720914
2.07339796595366 2.0663839251907428 2.0593698844278254 2.052355843664908 2.0453418029019903 2.038327762139073 2.0313137213761556 2.0242996806132383 2.017285639850309 2.010271599087391 2.003257558324474 1.9962435175615565 1.989229476798639 1.9822154360357216 1.9752013952728043 1.9681873545098867 1.9611733137469693 1.9541592729840518 1.9471452322211344 1.940131191458217 1.9331171506952995 1.9261031099323702 1.9190890691694529 1.9120750284065353 1.905060987643618 1.8980469468807004 1.891032906117783 1.8840188653548655 1.879436953481033 1.877455042370479 1.8754731312599249 1.873491220149371 1.8715093090388168 1.869527397928263 1.8675454868177055 1.8655635757071516 1.8635816645965975 1.8615997534860436 1.8596178423754894 1.8576359312649355 1.8556540201543814 1.8536721090438275 1.8516901979332734 1.8497082868227195
2.0697375281065327 2.0626609036995207 2.055584279292509 2.0485076548854977 2.0414310304784857 2.034354406071474 2.0272777816644627 2.0202011572574508 2.0131245328504273 2.0060479084434157 1.9989712840364038 1.9918946596293923 1.9848180352223805 1.9777414108153688 1.9706647864083573 1.9635881620013456 1.9565115375943338 1.9494349131873223 1.9423582887803106 1.9352816643732988 1.9282050399662873 1.9211284155592636 1.9140517911522519 1.9069751667452404 1.8998985423382286 1.892821917931217 1.8857452935242054 1.8786686691171937 1.8740410985923899 1.8720316220311206 1.8700221454698513 1.868012668908582 1.8660031923473128 1.8639937157860436 1.861984239224771 1.8599747626635017 1.8579652861022324 1.8559558095409632 1.853946332979694 1.8519368564184246 1.8499273798571554 1.8479179032958861 1.8459084267346169 1.8438989501733476
2.068994423774095 2.061834169062447 2.0546739143507984 2.04751365963915 2.040353404927502 2.0331931502158533 2.0260328955042053 2.018872640792557 2.0117123860808963 2.004552131369248 1.9973918766575995 1.9902316219459513 1.983071367234303 1.9759111125226545 1.9687508578110062 1.961590603099358 1.9544303483877097 1.9472700936760612 1.940109838964413 1.9329495842527646 1.9257893295411164 1.9186290748294557 1.9114688201178074 1.9043085654061591 1.8971483106945108 1.8899880559828623 1.882827801271214 1.8756675465595658 1.8709573796555756 1.8688664120047995 1.8667754443540236 1.8646844767032476 1.8625935090524715 1.8605025414016954 1.8584115737509157 1.8563206061001396 1.8542296384493637 1.8521386707985876 1.8500477031478115 1.8479567354970354 1.8458657678462593 1.8437748001954832 1.8416838325447074 1.8395928648939313
2.0713697650211396 2.0641033824517976 2.0568369998824556 2.0495706173131136 2.0423042347437717 2.0350378521744297 2.0277714696050877 2.0205050870357457 2.0132387044663913 2.0059723218970493 1.9987059393277073 1.9914395567583654 1.9841731741890234 1.9769067916196814 1.9696404090503394 1.9623740264809975 1.9551076439116555 1.9478412613423135 1.9405748787729715 1.9333084962036295 1.9260421136342876 1.9187757310649332 1.9115093484955912 1.9042429659262492 1.8969765833569072 1.8897102007875652 1.8824438182182233 1.8751774356488813 1.8703451882632913 1.8681150864153337 1.8658849845673762 1.8636548827194184 1.8614247808714608 1.859194679023503 1.8569645771755416 1.854734475327584 1.8525043734796263 1.8502742716316687 1.8480441697837109 1.8458140679357533 1.8435839660877957 1.841353864239838 1.8391237623918804 1.8368936605439228
