Figures/CREST_Example_wjb_NSE/PETs/wjb.pet.20090528.asc
ncols            288
nrows            254
xllcorner        113.274861
yllcorner        31.4918055
cellsize         0.008333333333
NODATA_value     -9999
[rows 228 to 246 of 254, columns 132 to 175 of 288]
0.5890644562847663 0.5904135710160879 0.5917626857474095 0.5931118004787311 0.5944609152100527 0.5958100299413743 0.5971591446726959 0.5985082594040175 0.599857374135339 0.6012064888666606 0.6025556035979822 0.6039047183293061 0.6052538330606277 0.6066029477919493 0.6079520625232709 0.6093011772545924 0.610650291985914 0.6119994067172356 0.6133485214485572 0.6146976361798788 0.6160467509112004 0.617395865642522 0.6187449803738436 0.6200940951051652 0.621443209836489 0.6227923245678106 0.6241414392991322 0.6254905540304538 0.6268396687617754 0.628188783493097 0.6278309292427487 0.6256482865368501 0.6234656438309514 0.6212830011250527 0.619100358419154 0.6169177157132554 0.6147350730073566 0.6125524303014542 0.6103697875955555 0.6081871448896569 0.6060045021837581 0.6038218594778595 0.6016392167719607 0.5994565740660621
0.5997259299555794 0.6010968948116201 0.6024678596676607 0.6038388245237014 0.605209789379742 0.6065807542357827 0.6079517190918233 0.609322683947864 0.6106936488039046 0.6120646136599454 0.613435578515986 0.614806543372029 0.6161775082280696 0.6175484730841103 0.6189194379401509 0.6202904027961916 0.6216613676522322 0.623032332508273 0.6244032973643135 0.6257742622203543 0.6271452270763949 0.6285161919324356 0.6298871567884762 0.6312581216445169 0.6326290865005598 0.6340000513566005 0.6353710162126411 0.6367419810686819 0.6381129459247225 0.6394839107807632 0.639100741529746 0.6368423632371943 0.6345839849446426 0.6323256066520909 0.6300672283595392 0.6278088500669874 0.6255504717744357 0.6232920934818802 0.6210337151893284 0.6187753368967767 0.616516958604225 0.6142585803116732 0.6120002020191215 0.6097418237265698
0.610387403626397 0.6117802186071567 0.6131730335879164 0.6145658485686762 0.615958663549436 0.6173514785301957 0.6187442935109554 0.6201371084917151 0.6215299234724748 0.6229227384532346 0.6243155534339944 0.6257083684147564 0.6271011833955161 0.628493998376276 0.6298868133570357 0.6312796283377954 0.6326724433185551 0.6340652582993148 0.6354580732800745 0.6368508882608344 0.6382437032415941 0.6396365182223538 0.6410293332031135 0.6424221481838732 0.6438149631646354 0.6452077781453951 0.6466005931261548 0.6479934081069145 0.6493862230876744 0.6507790380684341 0.650370553816748 0.6480364399375432 0.6457023260583384 0.6433682121791338 0.641034098299929 0.6386999844207242 0.6363658705415194 0.6340317566623106 0.6316976427831058 0.629363528903901 0.6270294150246962 0.6246953011454915 0.6223611872662868 0.620027073387082
0.62104887729721 0.6224635424026889 0.6238782075081676 0.6252928726136464 0.6267075377191252 0.6281222028246041 0.6295368679300828 0.6309515330355616 0.6323661981410404 0.6337808632465193 0.635195528351998 0.6366101934574793 0.638024858562958 0.6394395236684368 0.6408541887739156 0.6422688538793945 0.6436835189848732 0.645098184090352 0.6465128491958309 0.6479275143013097 0.6493421794067884 0.6507568445122672 0.6521715096177461 0.6535861747232249 0.655000839828706 0.6564155049341849 0.6578301700396637 0.6592448351451424 0.6606595002506213 0.6620741653561001 0.6616403661037452 0.6592305166378873 0.6568206671720296 0.6544108177061718 0.652000968240314 0.6495911187744562 0.6471812693085984 0.6447714198427364 0.6423615703768787 0.6399517209110209 0.637541871445163 0.6351320219793053 0.6327221725134475 0.6303123230475897
0.6317103509680232 0.633146866198221 0.6345833814284189 0.6360198966586168 0.6374564118888146 0.6388929271190125 0.6403294423492104 0.6417659575794082 0.6432024728096061 0.644638988039804 0.6460755032700018 0.6475120185002021 0.6489485337304 0.6503850489605979 0.6518215641907957 0.6532580794209936 0.6546945946511915 0.6561311098813893 0.6575676251115872 0.6590041403417851 0.660440655571983 0.6618771708021808 0.6633136860323787 0.6647502012625766 0.6661867164927768 0.6676232317229748 0.6690597469531726 0.6704962621833704 0.6719327774135684 0.6733692926437662 0.6729101783907424 0.6704245933382316 0.6679390082857207 0.66545342323321 0.6629678381806992 0.6604822531281883 0.6579966680756775 0.6555110830231624 0.6530254979706516 0.6505399129181407 0.64805432786563 0.6455687428131192 0.6430831577606083 0.6405975727080975
0.6423718246388408 0.6438301899937577 0.6452885553486747 0.6467469207035916 0.6482052860585086 0.6496636514134255 0.6511220167683425 0.6525803821232594 0.6540387474781763 0.6554971128330932 0.6569554781880101 0.6584138435429296 0.6598722088978466 0.6613305742527635 0.6627889396076805 0.6642473049625974 0.6657056703175144 0.6671640356724313 0.6686224010273483 0.6700807663822652 0.6715391317371822 0.6729974970920991 0.674455862447016 0.675914227801933 0.6773725931568524 0.6788309585117693 0.6802893238666863 0.6817476892216032 0.6832060545765202 0.6846644199314371 0.6841799906777444 0.6816186700385806 0.6790573493994166 0.6764960287602527 0.6739347081210889 0.671373387481925 0.6688120668427612 0.6662507462035929 0.663689425564429 0.6611281049252651 0.6585667842861013 0.6560054636469373 0.6534441430077735 0.6508828223686096
0.6530332983096538 0.6545135137892898 0.6559937292689259 0.6574739447485618 0.6589541602281979 0.6604343757078338 0.6619145911874699 0.6633948066671058 0.6648750221467419 0.6663552376263778 0.6678354531060139 0.6693156685856524 0.6707958840652885 0.6722760995449244 0.6737563150245605 0.6752365305041964 0.6767167459838325 0.6781969614634684 0.6796771769431045 0.6811573924227405 0.6826376079023765 0.6841178233820125 0.6855980388616485 0.6870782543412846 0.6885584698209231 0.6900386853005591 0.6915189007801951 0.6929991162598311 0.6944793317394671 0.6959595472191031 0.6954498029647416 0.6928127467389247 0.6901756905131078 0.6875386342872909 0.6849015780614739 0.682264521835657 0.6796274656098401 0.6769904093840188 0.6743533531582019 0.671716296932385 0.669079240706568 0.6664421844807511 0.6638051282549342 0.6611680720291173
0.6636947719804668 0.665196837584822 0.666698903189177 0.6682009687935321 0.6697030343978871 0.6712051000022422 0.6727071656065973 0.6742092312109523 0.6757112968153075 0.6772133624196626 0.6787154280240176 0.6802174936283752 0.6817195592327303 0.6832216248370854 0.6847236904414404 0.6862257560457956 0.6877278216501507 0.6892298872545057 0.6907319528588608 0.6922340184632159 0.6937360840675709 0.695238149671926 0.6967402152762812 0.6982422808806362 0.6997443464849938 0.7012464120893489 0.702748477693704 0.704250543298059 0.7057526089024142 0.7072546745067693 0.7067196152517388 0.7040068234392689 0.7012940316267989 0.698581239814329 0.6958684480018591 0.6931556561893891 0.6904428643769193 0.6877300725644446 0.6850172807519748 0.6823044889395048 0.6795916971270348 0.676878905314565 0.674166113502095 0.6714533216896251
0.6743562456512844 0.6758801613803586 0.6774040771094327 0.6789279928385069 0.6804519085675811 0.6819758242966552 0.6834997400257293 0.6850236557548035 0.6865475714838777 0.6880714872129519 0.6895954029420259 0.6911193186711028 0.6926432344001769 0.694167150129251 0.6956910658583252 0.6972149815873994 0.6987388973164735 0.7002628130455477 0.7017867287746218 0.703310644503696 0.7048345602327701 0.7063584759618443 0.7078823916909185 0.7094063074199926 0.7109302231490694 0.7124541388781436 0.7139780546072176 0.7155019703362918 0.717025886065366 0.7185498017944402 0.7179894275387407 0.7152009001396178 0.7124123727404948 0.7096238453413718 -9999.0 -9999.0 -9999.0 -9999.0 -9999.0 0.6928926809466291 0.6901041535475062 0.6873156261483832 0.6845270987492602 0.6817385713501372
0.6850177193220974 0.6865634851758907 0.6881092510296839 0.6896550168834771 0.6912007827372704 0.6927465485910635 0.6942923144448567 0.69583808029865 0.6973838461524432 0.6989296120062365 0.7004753778600297 0.7020211437138255 0.7035669095676187 0.705112675421412 0.7066584412752052 0.7082042071289985 0.7097499729827916 0.7112957388365848 0.7128415046903781 0.7143872705441713 0.7159330363979646 0.7174788022517578 0.7190245681055509 0.7205703339593442 0.7221160998131401 0.7236618656669332 0.7252076315207265 0.7267533973745197 0.7282991632283129 0.7298449290821062 0.7292592398257379 0.7263949768399619 0.7235307138541859 -9999.0 -9999.0 -9999.0 -9999.0 -9999.0 -9999.0 0.703480872953749 0.7006166099679729 0.6977523469821969 0.694888083996421 0.692023821010645
0.6872020807456147 0.6887793849937303 0.6903566892418459 0.6919339934899615 0.6935112977380771 0.6950886019861927 0.6966659062343082 0.6982432104824239 0.6998205147305394 0.701397818978655 0.7029751232267707 0.7045524274748889 0.7061297317230045 0.7077070359711202 0.7092843402192357 0.7108616444673513 0.7124389487154669 0.7140162529635825 0.715593557211698 0.7171708614598137 0.7187481657079293 0.7203254699560449 0.7219027742041605 0.723480078452276 0.7250573827003943 0.72663468694851 0.7282119911966255 0.7297892954447411 0.7313665996928567 0.7329439039409723 0.7324307046217915 0.7296827096989098 -9999.0 -9999.0 -9999.0 -9999.0 -9999.0 -9999.0 -9999.0 -9999.0 0.7049507553929696 0.7022027604700878 0.6994547655472061 -9999.0
0.6803249434260517 0.6819441422181161 0.6835633410101805 0.6851825398022449 0.6868017385943093 0.6884209373863737 0.6900401361784382 0.6916593349705026 0.693278533762567 0.6948977325546314 0.6965169313466958 0.698136130138763 0.6997553289308274 0.7013745277228918 0.7029937265149562 0.7046129253070206 0.706232124099085 0.7078513228911494 0.7094705216832138 0.7110897204752782 0.7127089192673426 0.714328118059407 0.7159473168514715 0.7175665156435359 0.7191857144356031 0.7208049132276675 0.7224241120197319 0.7240433108117963 0.7256625096038607 0.7272817083959251 0.7269455463285831 -9999.0 -9999.0 -9999.0 -9999.0 -9999.0 -9999.0 -9999.0 -9999.0 -9999.0 -9999.0 -9999.0 -9999.0 -9999.0
0.6734478061064917 0.675108899442505 0.6767699927785181 0.6784310861145314 0.6800921794505446 0.6817532727865577 0.683414366122571 0.6850754594585842 0.6867365527945973 0.6883976461306106 0.6900587394666238 0.6917198328026398 0.693380926138653 0.6950420194746663 0.6967031128106794 0.6983642061466926 0.7000252994827059 0.701686392818719 0.7033474861547322 0.7050085794907455 0.7066696728267586 0.7083307661627718 0.7099918594987851 0.7116529528347982 0.7133140461708143 0.7149751395068276 0.7166362328428407 0.7182973261788539 0.7199584195148672 0.7216195128508803 -9999.0 -9999.0 -9999.0 -9999.0 -9999.0 -9999.0 -9999.0 -9999.0 -9999.0 -9999.0 -9999.0 -9999.0 -9999.0 -9999.0
0.6665706687869317 0.6682736566668936 0.6699766445468557 0.6716796324268177 0.6733826203067796 0.6750856081867417 0.6767885960667037 0.6784915839466656 0.6801945718266277 0.6818975597065897 0.6836005475865516 0.6853035354665166 0.6870065233464786 0.6887095112264405 0.6904124991064026 0.6921154869863646 -9999.0 0.6955214627462886 0.6972244506262506 0.6989274385062125 0.7006304263861746 0.7023334142661366 0.7040364021460985 0.7057393900260606 0.7074423779060255 0.7091453657859874 0.7108483536659495 0.7125513415459115 0.7142543294258734 -9999.0 -9999.0 -9999.0 -9999.0 -9999.0 -9999.0 -9999.0 -9999.0 -9999.0 -9999.0 -9999.0 -9999.0 -9999.0 -9999.0 -9999.0
0.6596935314673718 0.6614384138912826 0.6631832963151933 0.6649281787391041 0.666673061163015 0.6684179435869257 0.6701628260108365 0.6719077084347473 0.6736525908586581 0.6753974732825688 0.6771423557064796 0.6788872381303934 0.6806321205543042 -9999.0 -9999.0 -9999.0 -9999.0 -9999.0 -9999.0 -9999.0 0.6945911799455906 0.6963360623695014 0.6980809447934122 0.6998258272173229 0.7015707096412367 0.7033155920651475 0.7050604744890583 0.7068053569129691 0.7085502393368799 -9999.0 -9999.0 -9999.0 -9999.0 -9999.0 -9999.0 -9999.0 -9999.0 -9999.0 -9999.0 -9999.0 -9999.0 -9999.0 -9999.0 -9999.0
0.6528163941478088 0.6546031711156685 0.656389948083528 0.6581767250513877 0.6599635020192473 0.6617502789871068 0.6635370559549665 0.665323832922826 0.6671106098906857 0.6688973868585453 0.6706841638264048 0.6724709407942675 0.6742577177621272 -9999.0 -9999.0 -9999.0 -9999.0 -9999.0 -9999.0 -9999.0 -9999.0 0.6903387104728635 0.6921254874407232 0.6939122644085828 0.6956990413764454 0.697485818344305 0.6992725953121647 0.7010593722800242 0.7028461492478838 -9999.0 -9999.0 -9999.0 -9999.0 -9999.0 -9999.0 -9999.0 -9999.0 -9999.0 -9999.0 -9999.0 -9999.0 -9999.0 -9999.0 -9999.0
-9999.0 -9999.0 0.6495965998518656 0.651425271363674 0.6532539428754824 0.6550826143872908 0.6569112858990992 0.6587399574109076 0.660568628922716 0.6623973004345244 0.6642259719463328 -9999.0 -9999.0 -9999.0 -9999.0 -9999.0 -9999.0 -9999.0 -9999.0 -9999.0 -9999.0 0.6843413585762284 0.6861700300880368 0.6879987015998451 0.6898273731116566 0.6916560446234651 0.6934847161352735 0.6953133876470818 -9999.0 -9999.0 -9999.0 -9999.0 -9999.0 -9999.0 -9999.0 -9999.0 -9999.0 -9999.0 -9999.0 -9999.0 -9999.0 -9999.0 -9999.0 -9999.0
-9999.0 -9999.0 -9999.0 0.6446738176759603 0.6465443837317175 0.6484149497874747 0.6502855158432319 0.6521560818989891 0.6540266479547463 0.6558972140105035 0.6577677800662607 -9999.0 -9999.0 -9999.0 -9999.0 -9999.0 -9999.0 -9999.0 -9999.0 -9999.0 -9999.0 -9999.0 0.6802145727353504 0.6820851387911075 0.6839557048468679 0.685826270902625 -9999.0 0.6895674030141395 -9999.0 -9999.0 -9999.0 -9999.0 -9999.0 -9999.0 -9999.0 -9999.0 -9999.0 -9999.0 -9999.0 -9999.0 -9999.0 -9999.0 -9999.0 -9999.0
-9999.0 -9999.0 -9999.0 -9999.0 0.6398348245879498 0.6417472851876559 0.6436597457873618 0.6455722063870679 0.6474846669867739 0.6493971275864799 -9999.0 -9999.0 -9999.0 -9999.0 -9999.0 -9999.0 -9999.0 -9999.0 -9999.0 -9999.0 -9999.0 -9999.0 -9999.0 -9999.0 -9999.0 -9999.0 -9999.0 -9999.0 -9999.0 -9999.0 -9999.0 -9999.0 -9999.0 -9999.0 -9999.0 -9999.0 -9999.0 -9999.0 -9999.0 -9999.0 -9999.0 -9999.0 -9999.0 -9999.0
