Figures/CREST_Example_wjb_NSE/PETs/wjb.pet.20100621.asc
ncols            288
nrows            254
xllcorner        113.274861
yllcorner        31.4918055
cellsize         0.008333333333
NODATA_value     -9999
[rows 200 to 219 of 254, columns 176 to 219 of 288]
3.5062900920519007 3.5105480055599623 3.5148059190680243 3.519063832576086 3.5233217460841475 3.527579659592209 3.5318375731002782 3.53609548660834 3.5403534001164014 3.544611313624463 3.548869227132525 3.5531271406405867 3.5573850541486483 3.56164296765671 3.565900881164772 3.5701587946728335 3.572965132488215 3.574219703043887 3.575474273599559 3.576728844155233 3.5779834147109053 3.579237985266577 3.580492555822249 3.581747126377921 3.5830016969335934 3.5842562674892653 3.585510838044937 3.5867654086006096 3.5880199791562815 3.5892745497119534 3.5905291202676257 3.5917836908232976 3.5930382613789718 3.5942928319346437 3.5955474024903156 3.596801973045988 3.59805654360166 3.5993111141573317 3.600565684713004 3.601820255268676 3.603074825824348 3.6043293963800203 3.605583966935692 3.606838537491364
3.515290044759575 3.5195807510565147 3.523871457353455 3.5281621636503946 3.5324528699473348 3.5367435762442745 3.5410342825412218 3.5453249888381615 3.5496156951351017 3.5539064014320414 3.5581971077289816 3.5624878140259213 3.5667785203228615 3.571069226619801 3.5753599329167414 3.579650639213681 3.5824409325675357 3.5836272505359767 3.5848135685044173 3.58599988647286 3.587186204441301 3.588372522409742 3.589558840378183 3.590745158346624 3.5919314763150645 3.5931177942835055 3.594304112251946 3.595490430220387 3.5966767481888278 3.597863066157269 3.5990493841257094 3.6002357020941504 3.6014220200625933 3.6026083380310343 3.603794655999475 3.604980973967916 3.6061672919363565 3.6073536099047976 3.6085399278732386 3.6097262458416792 3.6109125638101203 3.612098881778561 3.613285199747002 3.6144715177154425
3.524289997467249 3.528613496553067 3.532936995638885 3.5372604947247033 3.541583993810521 3.5459074928963394 3.550230991982165 3.554554491067983 3.5588779901538015 3.5632014892396193 3.5675249883254376 3.571848487411256 3.576171986497074 3.580495485582892 3.5848189846687104 3.5891424837545283 3.5919167326468564 3.5930347980280657 3.5941528634092754 3.595270928790487 3.5963889941716967 3.5975070595529064 3.598625124934116 3.599743190315326 3.6008612556965356 3.6019793210777453 3.603097386458955 3.6042154518401643 3.605333517221374 3.606451582602584 3.6075696479837935 3.6086877133650033 3.6098057787462148 3.6109238441274245 3.6120419095086342 3.613159974889844 3.6142780402710533 3.615396105652263 3.6165141710334727 3.6176322364146825 3.618750301795892 3.619868367177102 3.6209864325583117 3.622104497939521
3.5332899501749226 3.537646242049619 3.5420025339243155 3.546358825799012 3.5507151176737084 3.555071409548405 3.559427701423109 3.563783993297805 3.5681402851725013 3.5724965770471977 3.576852868921894 3.5812091607965906 3.585565452671287 3.5899217445459835 3.59427803642068 3.5986343282953763 3.601392532726177 3.6024423455201555 3.603492158314134 3.604541971108114 3.6055917839020926 3.6066415966960714 3.60769140949005 3.6087412222840283 3.6097910350780067 3.610840847871985 3.6118906606659635 3.612940473459942 3.6139902862539204 3.615040099047899 3.6160899118418772 3.617139724635856 3.6181895374298363 3.6192393502238147 3.620289163017793 3.6213389758117716 3.62238878860575 3.6234386013997284 3.624488414193707 3.6255382269876852 3.6265880397816637 3.6276378525756425 3.628687665369621 3.6297374781635994
3.542289902882601 3.5466789875461755 3.55106807220975 3.555457156873325 3.5598462415368997 3.5642353262004742 3.5686244108640564 3.573013495527631 3.5774025801912055 3.58179166485478 3.5861807495183546 3.590569834181929 3.5949589188455042 3.599348003509079 3.6037370881726534 3.608126172836228 3.6108683328055022 3.6118498930122493 3.6128314532189965 3.6138130134257453 3.6147945736324925 3.61577613383924 3.616757694045987 3.6177392542527342 3.618720814459482 3.619702374666229 3.620683934872976 3.6216654950797236 3.6226470552864707 3.623628615493218 3.624610175699965 3.6255917359067125 3.6265732961134614 3.6275548563202085 3.6285364165269556 3.629517976733703 3.6304995369404502 3.6314810971471974 3.632462657353945 3.633444217560692 3.634425777767439 3.6354073379741867 3.636388898180934 3.637370458387681
3.5512898555902748 3.555711733042728 3.5601336104951806 3.5645554879476333 3.5689773654000865 3.573399242852539 3.5778211203049994 3.5822429977574526 3.5866648752099053 3.591086752662358 3.595508630114811 3.599930507567264 3.6043523850197166 3.6087742624721697 3.6131961399246224 3.617618017377075 3.6203441328848225 3.6212574405043387 3.6221707481238545 3.623084055743372 3.6239973633628884 3.6249106709824046 3.6258239786019204 3.6267372862214367 3.6276505938409525 3.6285639014604687 3.629477209079985 3.6303905166995007 3.631303824319017 3.632217131938533 3.633130439558049 3.6340437471775653 3.634957054797083 3.6358703624165987 3.636783670036115 3.6376969776556307 3.638610285275147 3.639523592894663 3.640436900514179 3.6413502081336953 3.642263515753211 3.6431768233727273 3.6440901309922435 3.6450034386117593
3.560289808297949 3.5647444785392803 3.569199148780611 3.5736538190219425 3.5781084892632733 3.5825631595046046 3.587017829745943 3.5914724999872742 3.5959271702286055 3.6003818404699364 3.6048365107112676 3.6092911809525985 3.6137458511939298 3.618200521435261 3.622655191676592 3.627109861917923 3.6298199329641436 3.630664987996428 3.631510043028713 3.6323550980609993 3.6332001530932843 3.634045208125569 3.634890263157854 3.635735318190139 3.6365803732224236 3.6374254282547085 3.6382704832869934 3.6391155383192784 3.6399605933515633 3.6408056483838482 3.6416507034161327 3.6424957584484177 3.643340813480704 3.644185868512989 3.645030923545274 3.6458759785775587 3.6467210336098437 3.6475660886421286 3.648411143674413 3.649256198706698 3.650101253738983 3.650946308771268 3.651791363803553 3.652636418835838
3.569289761005627 3.5737772240358363 3.5782646870660457 3.582752150096255 3.587239613126464 3.5917270761566735 3.5962145391868905 3.6007020022171 3.6051894652473093 3.6096769282775187 3.614164391307728 3.6186518543379376 3.6231393173681465 3.627626780398356 3.6321142434285654 3.636601706458775 3.6392957330434683 3.640072535488522 3.6408493379335756 3.6416261403786305 3.642402942823684 3.643179745268738 3.6439565477137914 3.644733350158845 3.6455101526038987 3.6462869550489523 3.647063757494006 3.6478405599390595 3.648617362384113 3.649394164829167 3.6501709672742204 3.650947769719274 3.651724572164329 3.652501374609383 3.6532781770544367 3.6540549794994903 3.654831781944544 3.6556085843895976 3.656385386834651 3.657162189279705 3.6579389917247584 3.658715794169812 3.6594925966148657 3.6602693990599193
3.5781787071137425 3.582589318160425 3.586999929207108 3.591410540253791 3.595821151300474 3.6002317623471565 3.6046423733938466 3.6090529844405297 3.6134635954872123 3.6178742065338954 3.622284817580578 3.626695428627261 3.6311060396739436 3.6355166507206262 3.6399272617673093 3.644337872813992 3.6469627036066785 3.6476784949016934 3.6483942861967082 3.649110077491724 3.649825868786739 3.6505416600817537 3.6512574513767686 3.651973242671783 3.652689033966798 3.6534048252618128 3.6541206165568276 3.6548364078518425 3.655552199146857 3.656267990441872 3.6569837817368867 3.6576995730319015 3.6584153643269173 3.659131155621932 3.659846946916947 3.660562738211962 3.6612785295069763 3.661994320801991 3.662710112097006 3.663425903392021 3.6641416946870353 3.66485748598205 3.665573277277065 3.66628906857208
3.58694899416342 3.5911655498755324 3.595382105587645 3.599598661299758 3.6038152170118702 3.608031772723983 3.612248328436103 3.616464884148215 3.620681439860328 3.6248979955724407 3.629114551284553 3.633331106996666 3.637547662708778 3.641764218420891 3.6459807741330037 3.650197329845116 3.652696149423518 3.6533586702084415 3.6540211909933653 3.6546837117782895 3.655346232563213 3.6560087533481367 3.65667127413306 3.6573337949179834 3.6579963157029067 3.65865883648783 3.6593213572727534 3.659983878057677 3.6606463988426006 3.661308919627524 3.6619714404124473 3.6626339611973706 3.6632964819822953 3.6639590027672186 3.664621523552142 3.6652840443370653 3.665946565121989 3.6666090859069125 3.667271606691836 3.667934127476759 3.6685966482616825 3.669259169046606 3.6699216898315297 3.670584210616453
3.5957192812131016 3.5997417815906436 3.603764281968186 3.607786782345728 3.6118092827232706 3.615831783100813 3.6198542834783622 3.6238767838559043 3.6278992842334468 3.6319217846109892 3.6359442849885313 3.6399667853660738 3.643989285743616 3.6480117861211583 3.6520342864987008 3.656056786876243 3.6584295952403605 3.6590388455151928 3.6596480957900246 3.6602573460648578 3.6608665963396896 3.661475846614522 3.6620850968893537 3.662694347164186 3.663303597439018 3.66391284771385 3.664522097988682 3.6651313482635137 3.665740598538346 3.666349848813178 3.66695909908801 3.667568349362842 3.668177599637675 3.668786849912507 3.669396100187339 3.670005350462171 3.6706146007370033 3.671223851011835 3.6718331012866674 3.6724423515614992 3.6730516018363315 3.6736608521111633 3.674270102385995 3.6748793526608274
3.6044895682627787 3.608318013305751 3.612146458348723 3.6159749033916952 3.6198033484346674 3.623631793477639 3.627460238520618 3.6312886835635902 3.6351171286065624 3.638945573649534 3.6427740186925064 3.6466024637354786 3.650430908778451 3.654259353821423 3.658087798864395 3.661916243907367 3.6641630410572 3.664719020821941 3.6652750005866817 3.6658309803514233 3.666386960116164 3.666942939880905 3.667498919645645 3.668054899410386 3.6686108791751266 3.6691668589398674 3.669722838704608 3.6702788184693484 3.670834798234089 3.67139077799883 3.6719467577635707 3.6725027375283115 3.673058717293053 3.673614697057794 3.674170676822534 3.674726656587275 3.6752826363520157 3.6758386161167564 3.676394595881497 3.676950575646238 3.6775065554109783 3.678062535175719 3.6786185149404598 3.6791744947052005
3.613259855312456 3.616894245020858 3.62052863472926 3.624163024437662 3.627797414146064 3.6314318038544657 3.635066193562874 3.6387005832712758 3.6423349729796777 3.6459693626880796 3.6496037523964815 3.6532381421048834 3.6568725318132853 3.660506921521687 3.664141311230089 3.667775700938491 3.66989648687404 3.6703991961286895 3.6709019053833387 3.671404614637989 3.671907323892638 3.6724100331472873 3.6729127424019365 3.6734154516565862 3.6739181609112355 3.6744208701658847 3.674923579420534 3.675426288675183 3.675928997929833 3.676431707184482 3.6769344164391313 3.6774371256937806 3.6779398349484307 3.6784425442030804 3.6789452534577296 3.679447962712379 3.679950671967028 3.6804533812216773 3.680956090476327 3.6814587997309762 3.6819615089856255 3.6824642182402747 3.682966927494924 3.6834696367495736
3.6220301423621377 3.6254704767359693 3.628910811109801 3.6323511454836326 3.635791479857464 3.639231814231296 3.642672148605133 3.646112482978965 3.6495528173527965 3.652993151726628 3.6564334861004597 3.6598738204742913 3.663314154848123 3.6667544892219546 3.6701948235957866 3.6736351579696183 3.675629932690882 3.6760793714354403 3.676528810179998 3.6769782489245566 3.6774276876691148 3.6778771264136725 3.6783265651582306 3.6787760039027884 3.6792254426473465 3.6796748813919042 3.6801243201364624 3.68057375888102 3.6810231976255783 3.681472636370136 3.681922075114694 3.682371513859252 3.682820952603811 3.6832703913483686 3.6837198300929264 3.6841692688374845 3.6846187075820422 3.6850681463266004 3.685517585071158 3.6859670238157163 3.686416462560274 3.686865901304832 3.68731534004939 3.687764778793948
3.6308004294118152 3.634046708451077 3.6372929874903384 3.6405392665295997 3.643785545568861 3.647031824608123 3.6502781036473895 3.6535243826866513 3.6567706617259126 3.660016940765174 3.6632632198044353 3.666509498843697 3.6697557778829584 3.6730020569222197 3.676248335961481 3.679494615000743 3.681363378507722 3.681759546742189 3.6821557149766555 3.6825518832111226 3.6829480514455892 3.683344219680056 3.6837403879145225 3.684136556148989 3.684532724383456 3.684928892617922 3.6853250608523886 3.6857212290868553 3.686117397321322 3.6865135655557886 3.686909733790255 3.6873059020247214 3.687702070259189 3.6880982384936556 3.688494406728122 3.6888905749625884 3.689286743197055 3.6896829114315217 3.6900790796659884 3.690475247900455 3.690871416134921 3.691267584369388 3.6916637526038545 3.692059920838321
3.6395707164614928 3.6426229401661843 3.6456751638708753 3.648727387575567 3.651779611280258 3.654831834984949 3.6578840586896457 3.6609362823943368 3.663988506099028 3.6670407298037193 3.6700929535084104 3.673145177213102 3.676197400917793 3.6792496246224844 3.6823018483271754 3.685354072031867 3.687096824324562 3.6874397220489374 3.6877826197733126 3.688125517497688 3.6884684152220633 3.688811312946439 3.689154210670814 3.689497108395189 3.689840006119564 3.6901829038439393 3.6905258015683144 3.69086869929269 3.691211597017065 3.6915544947414403 3.6918973924658154 3.6922402901901905 3.6925831879145665 3.6929260856389416 3.6932689833633168 3.693611881087692 3.6939547788120675 3.6942976765364426 3.6946405742608177 3.694983471985193 3.695326369709568 3.695669267433943 3.6960121651583187 3.6963550628826938
3.6483410035111703 3.6511991718812915 3.6540573402514123 3.6569155086215335 3.6597736769916542 3.6626318453617754 3.6654900137319015 3.6683481821020223 3.6712063504721435 3.6740645188422647 3.6769226872123855 3.6797808555825067 3.682639023952628 3.6854971923227486 3.68835536069287 3.691213529062991 3.6928302701414015 3.6931198973556856 3.6934095245699696 3.6936991517842537 3.6939887789985377 3.6942784062128213 3.6945680334271054 3.694857660641389 3.695147287855673 3.695436915069957 3.6957265422842407 3.6960161694985247 3.6963057967128083 3.6965954239270924 3.696885051141376 3.69717467835566 3.6974643055699445 3.697753932784228 3.698043559998512 3.698333187212796 3.69862281442708 3.6989124416413635 3.6992020688556475 3.699491696069931 3.699781323284215 3.700070950498499 3.700360577712783 3.700650204927067
3.657111290560852 3.6597754035964023 3.662439516631953 3.665103629667504 3.6677677427030546 3.6704318557386055 3.673095968774161 3.675760081809712 3.6784241948452623 3.681088307880813 3.6837524209163637 3.6864165339519146 3.6890806469874655 3.691744760023016 3.694408873058567 3.697072986094118 3.698563715958244 3.6988000726624364 3.699036429366629 3.699272786070822 3.6995091427750144 3.699745499479207 3.6999818561833995 3.7002182128875916 3.700454569591784 3.7006909262959766 3.700927283000169 3.7011636397043617 3.701399996408554 3.7016363531127467 3.7018727098169393 3.7021090665211314 3.7023454232253243 3.702581779929517 3.7028181366337094 3.703054493337902 3.7032908500420945 3.703527206746287 3.703763563450479 3.7039999201546716 3.704236276858864 3.7044726335630567 3.704708990267249 3.7049453469714417
3.665881577610529 3.6683516353115095 3.67082169301249 3.673291750713471 3.6757618084144514 3.678231866115432 3.6807019238164167 3.6831719815173973 3.685642039218378 3.6881120969193586 3.690582154620339 3.6930522123213194 3.6955222700223 3.6979923277232807 3.7004623854242613 3.702932443125242 3.7042971617750835 3.704480247969185 3.704663334163286 3.7048464203573874 3.7050295065514884 3.7052125927455895 3.7053956789396905 3.705578765133792 3.705761851327893 3.705944937521994 3.706128023716095 3.7063111099101964 3.7064941961042974 3.7066772822983984 3.7068603684924994 3.7070434546866005 3.707226540880702 3.7074096270748034 3.7075927132689044 3.7077757994630054 3.7079588856571064 3.7081419718512074 3.708325058045309 3.70850814423941 3.708691230433511 3.708874316627612 3.7090574028217134 3.7092404890158144
3.674651864660207 3.6769278670266172 3.6792038693930276 3.681479871759438 3.6837558741258483 3.6860318764922586 3.688307878858673 3.6905838812250833 3.6928598835914936 3.695135885957904 3.6974118883243143 3.699687890690725 3.7019638930571355 3.704239895423546 3.706515897789956 3.7087919001563665 3.7100306075919236 3.7101604232759335 3.7102902389599435 3.7104200546439534 3.710549870327963 3.710679686011973 3.7108095016959823 3.7109393173799923 3.7110691330640018 3.7111989487480117 3.7113287644320216 3.711458580116031 3.711588395800041 3.7117182114840506 3.7118480271680605 3.71197784285207 3.7121076585360804 3.71223747422009 3.7123672899041 3.7124971055881093 3.7126269212721192 3.7127567369561287 3.7128865526401387 3.7130163683241486 3.713146184008158 3.713275999692168 3.7134058153761775 3.7135356310601875
