Figures/CREST_Example_wjb_NSE/PETs/wjb.pet.20090824.asc
ncols            288
nrows            254
xllcorner        113.274861
yllcorner        31.4918055
cellsize         0.008333333333
NODATA_value     -9999
[rows 140 to 159 of 254, columns 220 to 263 of 288]
2.484669387424123 2.481304853069817 2.47835831707362 2.4758586307822643 2.473358944490909 2.470859258199554 2.4683595719081985 2.4658598856168434 2.4633601993254883 2.460860513034133 2.4583608267427777 2.4558611404514226 2.4533614541600675 2.450861767868712 2.4483620815773524 2.4458623952859972 2.443362708994642 2.4408630227032866 2.4383633364119315 2.4358636501205764 2.433363963829221 2.4308642775378657 2.4283645912465106 2.4258649049551555 2.4233652186638 2.420865532372445 2.4183658460810897 2.41586615978973 2.4133664734983746 2.4108667872070195 2.4083671009156644 2.405867414624309 2.4044751079752813 2.4042666152315215 2.4040581224877613 2.403849629744001 2.4036411370002413 2.403432644256481 2.4032241515127213 2.403015658768961 2.4028071660252004 2.4025986732814406 2.4023901805376804 2.4021816877939206
2.4829730268366874 2.479659987270083 2.4767912513061816 2.4743974859489275 2.4720037205916734 2.4696099552344197 2.4672161898771656 2.4648224245199115 2.4624286591626574 2.4600348938054033 2.4576411284481496 2.4552473630908955 2.4528535977336414 2.4504598323763873 2.448066067019129 2.445672301661875 2.4432785363046214 2.4408847709473673 2.4384910055901132 2.436097240232859 2.433703474875605 2.431309709518351 2.4289159441610972 2.426522178803843 2.424128413446589 2.421734648089335 2.419340882732081 2.4169471173748227 2.414553352017569 2.412159586660315 2.409765821303061 2.4073720559458067 2.4060579149216457 2.405897916748887 2.4057379185761283 2.4055779204033696 2.405417922230611 2.405257924057852 2.4050979258850935 2.404937927712335 2.4047779295395757 2.404617931366817 2.4044579331940583 2.4042979350212996
2.4812766662492525 2.4780151214703494 2.4752241855387442 2.472936341115591 2.4706484966924385 2.4683606522692854 2.4660728078461327 2.46378496342298 2.461497118999827 2.4592092745766743 2.4569214301535216 2.4546335857303685 2.452345741307216 2.4500578968840627 2.447770052460906 2.4454822080377534 2.4431943636146003 2.4409065191914476 2.438618674768295 2.436330830345142 2.434042985921989 2.431755141498836 2.4294672970756834 2.4271794526525308 2.4248916082293777 2.422603763806225 2.4203159193830723 2.4180280749599152 2.4157402305367626 2.41345238611361 2.411164541690457 2.408876697267304 2.4076407218680096 2.4075292182662524 2.407417714664495 2.4073062110627377 2.40719470746098 2.407083203859223 2.4069717002574653 2.406860196655708 2.4067486930539506 2.4066371894521934 2.406525685850436 2.4064141822486786
2.4795803056618175 2.476370255670616 2.4736571197713064 2.4714751962822548 2.469293272793203 2.4671113493041514 2.4649294258150998 2.462747502326048 2.4605655788369964 2.458383655347945 2.456201731858893 2.4540198083698415 2.4518378848807902 2.4496559613917386 2.447474037902683 2.4452921144136313 2.4431101909245796 2.440928267435528 2.4387463439464763 2.4365644204574246 2.434382496968373 2.4322005734793217 2.43001864999027 2.4278367265012184 2.4256548030121667 2.423472879523115 2.4212909560340634 2.4191090325450078 2.416927109055956 2.4147451855669044 2.412563262077853 2.4103813385888015 2.4092235288143735 2.4091605197836174 2.409097510752862 2.4090345017221058 2.4089714926913497 2.4089084836605936 2.4088454746298376 2.4087824655990815 2.4087194565683254 2.4086564475375694 2.4085934385068133 2.408530429476057
2.4778839450743813 2.4747253898708808 2.4720900540038677 2.470014051448917 2.467938048893967 2.4658620463390166 2.463786043784066 2.4617100412291157 2.4596340386741655 2.457558036119215 2.4554820335642646 2.4534060310093144 2.4513300284543638 2.4492540258994135 2.4471780233444598 2.445102020789509 2.443026018234559 2.4409500156796087 2.438874013124658 2.436798010569708 2.4347220080147576 2.432646005459807 2.4305700029048567 2.4284940003499065 2.426417997794956 2.4243419952400056 2.4222659926850554 2.420189990130101 2.418113987575151 2.4160379850202007 2.4139619824652505 2.4118859799103 2.4108063357607388 2.4107918213009842 2.4107773068412297 2.410762792381475 2.4107482779217206 2.4107337634619657 2.410719249002211 2.4107047345424566 2.410690220082702 2.410675705622947 2.4106611911631926 2.410646676703438
2.476187584486946 2.473080524071147 2.4705229882364295 2.4685529066155802 2.4665828249947315 2.4646127433738823 2.462642661753033 2.460672580132184 2.4587024985113346 2.4567324168904854 2.4547623352696366 2.4527922536487874 2.450822172027938 2.448852090407089 2.4468820087862366 2.4449119271653874 2.442941845544538 2.440971763923689 2.4390016823028398 2.4370316006819905 2.4350615190611418 2.4330914374402925 2.4311213558194433 2.429151274198594 2.427181192577745 2.4252111109568957 2.423241029336047 2.421270947715194 2.419300866094345 2.417330784473496 2.415360702852647 2.4133906212317977 2.4123891427071036 2.41242312281835 2.4124571029295967 2.4124910830408433 2.4125250631520903 2.412559043263337 2.4125930233745834 2.4126270034858304 2.412660983597077 2.412694963708324 2.4127289438195705 2.412762923930817
2.474491223899511 2.4714356582714134 2.468955922468992 2.467091761782244 2.465227601095496 2.463363440408748 2.461499279722 2.4596351190352523 2.457770958348504 2.4559067976617563 2.454042636975008 2.4521784762882604 2.4503143156015126 2.4484501549147644 2.4465859942280135 2.4447218335412653 2.4428576728545175 2.4409935121677693 2.4391293514810215 2.4372651907942737 2.4354010301075255 2.4335368694207777 2.4316727087340295 2.4298085480472817 2.427944387360534 2.4260802266737858 2.424216065987038 2.4223519053002867 2.420487744613539 2.4186235839267907 2.416759423240043 2.414895262553295 2.4139719496534675 2.414054424335715 2.4141368990179632 2.4142193737002113 2.4143018483824594 2.4143843230647075 2.4144667977469556 2.4145492724292037 2.414631747111452 2.4147142217937 2.414796696475948 2.414879171158196
2.472794863312076 2.4697907924716795 2.4673888567015543 2.4656306169489075 2.4638723771962607 2.462114137443614 2.460355897690967 2.4585976579383204 2.4568394181856736 2.455081178433027 2.45332293868038 2.4515646989277333 2.4498064591750865 2.4480482194224398 2.4462899796697903 2.4445317399171436 2.442773500164497 2.44101526041185 2.4392570206592032 2.4374987809065565 2.4357405411539097 2.433982301401263 2.432224061648616 2.4304658218959694 2.4287075821433226 2.426949342390676 2.425191102638029 2.423432862885379 2.4216746231327324 2.4199163833800856 2.418158143627439 2.416399903874792 2.4155547565998314 2.4156857258530806 2.4158166951063302 2.4159476643595794 2.416078633612829 2.416209602866078 2.416340572119328 2.416471541372577 2.4166025106258266 2.4167334798790763 2.4168644491323255 2.416995418385575
2.4699102490883162 2.4669673417490072 2.4646546551849315 2.463015688892567 2.461376722600203 2.459737756307838 2.4580987900154736 2.4564598237231094 2.454820857430745 2.4531818911383803 2.451542924846016 2.4499039585536515 2.4482649922612874 2.4466260259689228 2.4449870596765555 2.443348093384191 2.4417091270918267 2.440070160799462 2.438431194507098 2.4367922282147334 2.435153261922369 2.4335142956300047 2.43187532933764 2.4302363630452755 2.4285973967529113 2.4269584304605467 2.4253194641681826 2.4236804978758153 2.4220415315834507 2.420402565291086 2.418763598998722 2.4171246327063574 2.4163735328048537 2.4165715821737037 2.416769631542554 2.4169676809114047 2.4171657302802547 2.417363779649105 2.4175618290179557 2.4177598783868057 2.4179579277556567 2.4181559771245067 2.418354026493357 2.4185520758622077
2.4657554666324173 2.4628840580393088 2.460672859126292 2.4591674393029814 2.457662019479671 2.45615659965636 2.45465117983305 2.4531457600097393 2.4516403401864286 2.4501349203631184 2.4486295005398078 2.447124080716497 2.4456186608931865 2.4441132410698763 2.442607821246563 2.4411024014232523 2.439596981599942 2.4380915617766314 2.436586141953321 2.4350807221300106 2.4335753023067 2.4320698824833893 2.4305644626600786 2.4290590428367684 2.427553623013458 2.426048203190147 2.4245427833668365 2.4230373635435236 2.421531943720213 2.4200265238969028 2.418521104073592 2.4170156842502815 2.4163756083103247 2.416660604570358 2.4169456008303913 2.4172305970904246 2.417515593350458 2.4178005896104913 2.4180855858705246 2.418370582130558 2.4186555783905916 2.418940574650625 2.4192255709106583 2.4195105671706916
2.4616006841765157 2.4588007743296076 2.45669106306765 2.4553191897133932 2.4539473163591365 2.4525754430048803 2.4512035696506236 2.449831696296367 2.4484598229421106 2.447087949587854 2.445716076233597 2.444344202879341 2.4429723295250843 2.4416004561708275 2.4402285828165686 2.4388567094623124 2.4374848361080557 2.436112962753799 2.4347410893995427 2.433369216045286 2.4319973426910293 2.430625469336773 2.4292535959825163 2.4278817226282596 2.4265098492740034 2.4251379759197467 2.42376610256549 2.4223942292112315 2.421022355856975 2.419650482502718 2.418278609148462 2.416906735794205 2.4163776838157953 2.416749626967012 2.417121570118228 2.4174935132694446 2.4178654564206608 2.4182373995718773 2.4186093427230935 2.41898128587431 2.419353229025527 2.4197251721767437 2.42009711532796 2.4204690584791764
2.4574459017206167 2.454717490619909 2.45270926700901 2.4514709401238077 2.450232613238605 2.448994286353402 2.4477559594681995 2.446517632582997 2.4452793056977944 2.4440409788125916 2.442802651927389 2.4415643250421866 2.440325998156984 2.439087671271781 2.4378493443865765 2.4366110175013738 2.435372690616171 2.4341343637309683 2.4328960368457655 2.431657709960563 2.4304193830753604 2.4291810561901577 2.427942729304955 2.4267044024197526 2.42546607553455 2.424227748649347 2.4229894217641443 2.42175109487894 2.420512767993737 2.4192744411085343 2.418036114223332 2.416797787338129 2.4163797593212664 2.4168386493636658 2.417297539406065 2.4177564294484646 2.418215319490864 2.4186742095332634 2.419133099575663 2.419591989618062 2.420050879660462 2.4205097697028615 2.420968659745261 2.4214275497876603
2.453291119264718 2.450634206910211 2.448727470950371 2.447622690534222 2.4465179101180734 2.445413129701925 2.4443083492857762 2.4432035688696274 2.4420987884534786 2.44099400803733 2.439889227621181 2.438784447205032 2.4376796667888834 2.4365748863727346 2.435470105956584 2.434365325540435 2.4332605451242864 2.432155764708138 2.431050984291989 2.4299462038758404 2.4288414234596916 2.4277366430435428 2.426631862627394 2.425527082211245 2.4244223017950963 2.4233175213789475 2.4222127409627987 2.421107960546648 2.4200031801304993 2.418898399714351 2.417793619298202 2.4166888388820533 2.416381834826738 2.41692767176032 2.4174735086939023 2.4180193456274846 2.4185651825610672 2.4191110194946495 2.4196568564282317 2.420202693361814 2.4207485302953975 2.4212943672289797 2.421840204162562 2.422386041096144
2.4491363368088193 2.446550923200513 2.444745674891732 2.443774440944637 2.4428032069975423 2.4418319730504474 2.4408607391033526 2.4398895051562577 2.438918271209163 2.437947037262068 2.436975803314973 2.4360045693678782 2.4350333354207834 2.4340621014736885 2.433090867526592 2.432119633579497 2.431148399632402 2.4301771656853073 2.4292059317382124 2.4282346977911176 2.4272634638440227 2.426292229896928 2.425320995949833 2.424349762002738 2.4233785280556432 2.4224072941085484 2.4214360601614535 2.420464826214357 2.419493592267262 2.418522358320167 2.4175511243730723 2.4165798904259774 2.416383910332209 2.417016694156974 2.4176494779817395 2.418282261806505 2.41891504563127 2.4195478294560355 2.4201806132808006 2.420813397105566 2.4214461809303325 2.4220789647550975 2.422711748579863 2.4233445324046285
2.4449815543529207 2.442467639490815 2.440763878833093 2.439926191355052 2.439088503877011 2.43825081639897 2.437413128920929 2.436575441442888 2.435737753964847 2.434900066486806 2.434062379008765 2.433224691530724 2.432387004052683 2.431549316574642 2.4307116290965998 2.429873941618559 2.4290362541405175 2.4281985666624766 2.4273608791844357 2.4265231917063947 2.425685504228354 2.424847816750313 2.4240101292722716 2.4231724417942306 2.4223347543161897 2.421497066838149 2.420659379360108 2.419821691882065 2.4189840044040243 2.4181463169259834 2.4173086294479424 2.4164709419699015 2.41638598583768 2.4171057165536283 2.4178254472695766 2.418545177985525 2.4192649087014733 2.4199846394174216 2.42070437013337 2.421424100849318 2.4221438315652675 2.422863562281216 2.423583292997164 2.4243030237131125
2.4408267718970222 2.438384355781117 2.436782082774454 2.4360779417654665 2.4353738007564796 2.4346696597474926 2.4339655187385056 2.4332613777295182 2.4325572367205313 2.4318530957115443 2.431148954702557 2.43044481369357 2.429740672684583 2.4290365316755955 2.428332390666607 2.4276282496576203 2.4269241086486333 2.4262199676396463 2.425515826630659 2.424811685621672 2.424107544612685 2.4234034036036975 2.4226992625947106 2.4219951215857236 2.421290980576736 2.4205868395677492 2.4198826985587623 2.419178557549774 2.418474416540787 2.4177702755317996 2.4170661345228126 2.4163619935138256 2.416388061343151 2.417194738950282 2.4180014165574137 2.418808094164545 2.419614771771676 2.4204214493788077 2.421228126985939 2.42203480459307 2.4228414822002025 2.423648159807334 2.424454837414465 2.4252615150215964
2.4366719894411237 2.4343010720714187 2.432800286715815 2.4322296921758815 2.4316590976359485 2.431088503096015 2.430517908556082 2.4299473140161485 2.4293767194762155 2.428806124936282 2.428235530396349 2.4276649358564155 2.4270943413164825 2.426523746776549 2.425953152236615 2.4253825576966817 2.4248119631567486 2.424241368616815 2.423670774076882 2.4231001795369487 2.4225295849970157 2.421958990457082 2.421388395917149 2.420817801377216 2.4202472068372827 2.4196766122973496 2.419106017757416 2.418535423217482 2.417964828677549 2.417394234137616 2.4168236395976823 2.4162530450577493 2.4163901368486216 2.417283761346936 2.4181773858452504 2.4190710103435644 2.419964634841879 2.4208582593401933 2.4217518838385077 2.4226455083368217 2.4235391328351374 2.424432757333452 2.4253263818317663 2.4262200063300803
2.4325172069852217 2.430217788361717 2.4288184906571724 2.428381442586293 2.4279443945154138 2.4275073464445347 2.427070298373655 2.426633250302776 2.426196202231897 2.4257591541610175 2.4253221060901384 2.424885058019259 2.42444800994838 2.4240109618775008 2.423573913806621 2.4231368657357413 2.422699817664862 2.422262769593983 2.4218257215231036 2.4213886734522245 2.4209516253813455 2.420514577310466 2.420077529239587 2.419640481168708 2.4192034330978283 2.418766385026949 2.41832933695607 2.41789228888519 2.4174552408143106 2.4170181927434315 2.4165811446725525 2.416144096601673 2.416392212354093 2.4173727837435903 2.4183533551330876 2.419333926522585 2.420314497912082 2.42129506930158 2.422275640691077 2.4232562120805743 2.4242367834700733 2.4252173548595706 2.426197926249068 2.4271784976385655
2.4283624245293227 2.426134504652019 2.424836694598533 2.4245331929967078 2.424229691394882 2.423926189793057 2.4236226881912315 2.4233191865894064 2.4230156849875812 2.4227121833857557 2.4224086817839305 2.422105180182105 2.42180167858028 2.4214981769784543 2.4211946753766287 2.420891173774803 2.420587672172978 2.4202841705711524 2.4199806689693273 2.4196771673675017 2.4193736657656766 2.419070164163851 2.418766662562026 2.4184631609602003 2.418159659358375 2.4178561577565496 2.4175526561547245 2.4172491545528985 2.4169456529510733 2.4166421513492478 2.4163386497474226 2.416035148145597 2.416394287859564 2.417461806140244 2.4185293244209247 2.4195968427016052 2.4206643609822853 2.421731879262966 2.422799397543646 2.4238669158243265 2.4249344341050083 2.426001952385689 2.427069470666369 2.4281369889470494
2.4242076420734238 2.4220512209423206 2.4208548985398934 2.4206849434071223 2.4205149882743506 2.420345033141579 2.420175078008808 2.420005122876036 2.419835167743265 2.4196652126104934 2.419495257477722 2.4193253023449506 2.419155347212179 2.4189853920794078 2.418815436946636 2.4186454818138645 2.4184755266810933 2.4183055715483217 2.41813561641555 2.417965661282779 2.4177957061500073 2.417625751017236 2.4174557958844645 2.417285840751693 2.4171158856189217 2.41694593048615 2.416775975353379 2.416606020220607 2.4164360650878356 2.416266109955064 2.416096154822293 2.415926199689521 2.416396363365035 2.4175508285368985 2.418705293708762 2.419859758880625 2.4210142240524886 2.422168689224352 2.423323154396215 2.424477619568078 2.4256320847399437 2.4267865499118066 2.42794101508367 2.4290954802555333
