Figures/CREST_Example_wjb_NSE/PETs/wjb.pet.20100223.asc
ncols            288
nrows            254
xllcorner        113.274861
yllcorner        31.4918055
cellsize         0.008333333333
NODATA_value     -9999
[rows 100 to 119 of 254, columns 176 to 219 of 288]
1.7345428052709309 1.7340783175377306 1.7336138298045305 1.7331493420713302 1.7326848543381301 1.73222036660493 1.731755878871729 1.7312913911385288 1.7308269034053287 1.7303624156721287 1.7298979279389284 1.7294334402057283 1.728968952472528 1.728504464739328 1.7280399770061279 1.7275754892729276 1.726341933203308 1.7242862256806486 1.722230518157989 1.720174810635326 1.7181191031126666 1.7160633955900069 1.7140076880673474 1.711951980544688 1.7098962730220282 1.7078405654993687 1.7057848579767092 1.7037291504540497 1.70167344293139 1.6996177354087305 1.697562027886071 1.6955063203634115 1.6934506128407485 1.6913949053180888 1.6893391977954293 1.6872834902727698 1.6852277827501103 1.6831720752274506 1.6811163677047911 1.6790606601821316 1.6770049526594721 1.6749492451368124 1.672893537614153 1.6708378300914934
1.7326287260780695 1.732194465341561 1.7317602046050524 1.731325943868544 1.7308916831320356 1.730457422395527 1.7300231616590176 1.7295889009225092 1.7291546401860007 1.728720379449492 1.7282861187129837 1.727851857976475 1.7274175972399666 1.726983336503458 1.7265490757669495 1.726114815030441 1.7249164503719683 1.7229012413318359 1.7208860322917037 1.7188708232515677 1.7168556142114355 1.714840405171303 1.7128251961311707 1.7108099870910385 1.708794778050906 1.7067795690107737 1.7047643599706412 1.702749150930509 1.7007339418903766 1.6987187328502442 1.696703523810112 1.6946883147699796 1.6926731057298439 1.6906578966897114 1.688642687649579 1.6866274786094468 1.6846122695693144 1.682597060529182 1.6805818514890496 1.6785666424489174 1.676551433408785 1.6745362243686526 1.6725210153285204 1.670505806288388
1.7307146468852084 1.7303106131453914 1.7299065794055746 1.7295025456657576 1.7290985119259408 1.728694478186124 1.7282904444463063 1.7278864107064895 1.7274823769666725 1.7270783432268557 1.7266743094870387 1.726270275747222 1.725866242007405 1.7254622082675881 1.725058174527771 1.7246541407879543 1.7234909675406285 1.7215162569830234 1.719541546425418 1.7175668358678096 1.7155921253102044 1.7136174147525993 1.7116427041949942 1.7096679936373889 1.7076932830797837 1.7057185725221786 1.7037438619645735 1.7017691514069684 1.6997944408493633 1.697819730291758 1.6958450197341528 1.6938703091765477 1.6918955986189392 1.6899208880613341 1.6879461775037288 1.6859714669461237 1.6839967563885185 1.6820220458309134 1.6800473352733083 1.6780726247157032 1.6760979141580978 1.6741232036004927 1.6721484930428876 1.6701737824852825
1.728800567692347 1.7284267609492219 1.7280529542060965 1.7276791474629714 1.7273053407198462 1.7269315339767208 1.726557727233595 1.7261839204904696 1.7258101137473445 1.7254363070042191 1.725062500261094 1.7246886935179686 1.7243148867748435 1.723941080031718 1.723567273288593 1.7231934665454676 1.7220654847092884 1.7201312726342106 1.7181970605591326 1.7162628484840514 1.7143286364089734 1.7123944243338953 1.7104602122588175 1.7085260001837395 1.7065917881086616 1.7046575760335836 1.7027233639585055 1.7007891518834277 1.6988549398083497 1.6969207277332718 1.6949865156581938 1.6930523035831158 1.6911180915080346 1.6891838794329566 1.6872496673578787 1.6853154552828007 1.6833812432077226 1.6814470311326448 1.6795128190575668 1.6775786069824887 1.675644394907411 1.6737101828323329 1.671775970757255 1.669841758682177
1.726886488499486 1.7265429087530524 1.7261993290066187 1.7258557492601851 1.7255121695137514 1.725168589767318 1.7248250100208835 1.72448143027445 1.7241378505280163 1.7237942707815828 1.723450691035149 1.7231071112887155 1.7227635315422818 1.7224199517958483 1.7220763720494145 1.721732792302981 1.7206400018779486 1.7187462882853979 1.7168525746928471 1.714958861100293 1.7130651475077423 1.7111714339151916 1.7092777203226408 1.70738400673009 1.7054902931375393 1.7035965795449886 1.7017028659524378 1.699809152359887 1.6979154387673363 1.6960217251747856 1.6941280115822348 1.692234297989684 1.69034058439713 1.6884468708045792 1.6865531572120285 1.6846594436194777 1.682765730026927 1.6808720164343762 1.6789783028418253 1.6770845892492745 1.6751908756567238 1.673297162064173 1.6714034484716223 1.6695097348790715
1.7249724093066232 1.7246590565568811 1.7243457038071393 1.7240323510573972 1.7237189983076553 1.7234056455579134 1.7230922928081709 1.7227789400584288 1.722465587308687 1.722152234558945 1.721838881809203 1.721525529059461 1.721212176309719 1.7208988235599771 1.7205854708102353 1.7202721180604932 1.7192145190466077 1.717361303936584 1.7155080888265606 1.7136548737165338 1.7118016586065103 1.709948443496487 1.7080952283864632 1.7062420132764398 1.7043887981664163 1.7025355830563926 1.7006823679463692 1.6988291528363455 1.696975937726322 1.6951227226162986 1.693269507506275 1.6914162923962515 1.6895630772862247 1.6877098621762012 1.6858566470661775 1.684003431956154 1.6821502168461306 1.680297001736107 1.6784437866260835 1.6765905715160598 1.6747373564060364 1.672884141296013 1.6710309261859893 1.6691777110759658
1.7230583301137619 1.7227752043607116 1.7224920786076612 1.722208952854611 1.7219258271015605 1.7216427013485103 1.7213595755954594 1.7210764498424092 1.720793324089359 1.7205101983363085 1.7202270725832582 1.7199439468302078 1.7196608210771576 1.7193776953241071 1.7190945695710569 1.7188114438180067 1.717789036215268 1.7159763195877715 1.7141636029602751 1.7123508863327757 1.7105381697052793 1.708725453077783 1.7069127364502867 1.7051000198227904 1.703287303195294 1.7014745865677976 1.6996618699403012 1.6978491533128048 1.6960364366853087 1.6942237200578123 1.692411003430316 1.6905982868028195 1.68878557017532 1.6869728535478237 1.6851601369203275 1.6833474202928311 1.6815347036653348 1.6797219870378384 1.677909270410342 1.6760965537828456 1.6742838371553492 1.672471120527853 1.6706584039003567 1.6688456872728603
1.7211442509209007 1.720891352164542 1.7206384534081833 1.7203855546518245 1.720132655895466 1.7198797571391073 1.719626858382748 1.7193739596263895 1.7191210608700307 1.718868162113672 1.7186152633573133 1.7183623646009547 1.718109465844596 1.7178565670882373 1.7176036683318785 1.71735076957552 1.7163635533839279 1.7145913352389588 1.7128191170939897 1.7110468989490175 1.7092746808040482 1.7075024626590791 1.70573024451411 1.703958026369141 1.7021858082241716 1.7004135900792026 1.6986413719342335 1.6968691537892642 1.695096935644295 1.693324717499326 1.6915524993543567 1.6897802812093876 1.6880080630644154 1.6862358449194463 1.6844636267744773 1.682691408629508 1.6809191904845389 1.6791469723395698 1.6773747541946005 1.6756025360496314 1.6738303179046623 1.6720580997596932 1.670285881614724 1.6685136634697548
1.7192301717280396 1.7190074999683724 1.7187848282087055 1.7185621564490385 1.7183394846893714 1.7181168129297044 1.7178941411700368 1.7176714694103699 1.717448797650703 1.7172261258910357 1.7170034541313688 1.7167807823717016 1.7165581106120347 1.7163354388523675 1.7161127670927006 1.7158900953330334 1.7149380705525883 1.7132063508901463 1.7114746312277043 1.7097429115652594 1.7080111919028174 1.7062794722403756 1.7045477525779336 1.7028160329154916 1.7010843132530495 1.6993525935906078 1.6976208739281657 1.6958891542657237 1.6941574346032817 1.6924257149408397 1.690693995278398 1.688962275615956 1.687230555953511 1.685498836291069 1.683767116628627 1.682035396966185 1.6803036773037432 1.6785719576413012 1.6768402379788592 1.6751085183164172 1.6733767986539754 1.6716450789915334 1.6699133593290914 1.6681816396666493
1.7173160925351785 1.717123647772203 1.7169312030092276 1.716738758246252 1.7165463134832768 1.7163538687203013 1.7161614239573255 1.7159689791943502 1.7157765344313747 1.7155840896683994 1.7153916449054238 1.7151992001424485 1.715006755379473 1.7148143106164977 1.7146218658535222 1.7144294210905469 1.7135125877212485 1.7118213665413335 1.7101301453614188 1.7084389241815012 1.7067477030015865 1.7050564818216716 1.7033652606417569 1.7016740394618421 1.6999828182819274 1.6982915971020125 1.6966003759220978 1.694909154742183 1.6932179335622684 1.6915267123823536 1.6898354912024387 1.688144270022524 1.6864530488426064 1.6847618276626917 1.6830706064827767 1.681379385302862 1.6796881641229473 1.6779969429430326 1.6763057217631177 1.674614500583203 1.6729232794032882 1.6712320582233735 1.6695408370434586 1.6678496158635439
1.7154020133423171 1.7152397955760335 1.7150775778097496 1.714915360043466 1.714753142277182 1.7145909245108983 1.7144287067446142 1.7142664889783303 1.7141042712120467 1.7139420534457628 1.7137798356794791 1.7136176179131952 1.7134554001469116 1.7132931823806277 1.713130964614344 1.71296874684806 1.7120871048899085 1.710436382192521 1.7087856594951334 1.707134936797743 1.7054842141003554 1.7038334914029678 1.7021827687055802 1.7005320460081927 1.698881323310805 1.6972306006134175 1.69557987791603 1.6939291552186424 1.6922784325212548 1.6906277098238673 1.6889769871264797 1.687326264429092 1.6856755417317018 1.6840248190343141 1.6823740963369267 1.680723373639539 1.6790726509421514 1.6774219282447638 1.6757712055473764 1.6741204828499887 1.672469760152601 1.6708190374552137 1.669168314757826 1.6675175920604384
1.7134879341494544 1.7133559433798622 1.7132239526102702 1.713091961840678 1.7129599710710859 1.7128279803014939 1.7126959895319014 1.7125639987623094 1.712432007992717 1.712300017223125 1.712168026453533 1.7120360356839408 1.7119040449143488 1.7117720541447565 1.7116400633751645 1.7115080726055723 1.7106616220585675 1.7090513978437072 1.7074411736288468 1.7058309494139838 1.7042207251991235 1.7026105009842631 1.7010002767694028 1.6993900525545425 1.697779828339682 1.6961696041248218 1.6945593799099614 1.692949155695101 1.6913389314802407 1.6897287072653804 1.68811848305052 1.6865082588356597 1.6848980346207967 1.6832878104059363 1.681677586191076 1.6800673619762156 1.6784571377613553 1.676846913546495 1.6752366893316346 1.6736264651167743 1.672016240901914 1.6704060166870536 1.6687957924721932 1.6671855682573329
1.711573854956593 1.7114720911836927 1.711370327410792 1.7112685636378917 1.7111667998649913 1.7110650360920907 1.71096327231919 1.7108615085462895 1.710759744773389 1.7106579810004887 1.710556217227588 1.7104544534546877 1.710352689681787 1.7102509259088867 1.7101491621359861 1.7100473983630857 1.7092361392272277 1.7076664134948945 1.7060966877625614 1.7045269620302255 1.7029572362978924 1.7013875105655594 1.699817784833226 1.698248059100893 1.6966783333685598 1.6951086076362267 1.6935388819038935 1.6919691561715604 1.6903994304392274 1.688829704706894 1.687259978974561 1.6856902532422278 1.684120527509892 1.6825508017775588 1.6809810760452257 1.6794113503128927 1.6778416245805594 1.6762718988482264 1.674702173115893 1.67313244738356 1.6715627216512268 1.6699929959188937 1.6684232701865607 1.6668535444542274
1.709659775763732 1.709588238987523 1.7095167022113142 1.7094451654351053 1.7093736286588965 1.7093020918826878 1.7092305551064788 1.7091590183302698 1.709087481554061 1.7090159447778521 1.7089444080016434 1.7088728712254344 1.7088013344492257 1.7087297976730167 1.708658260896808 1.708586724120599 1.7078106563958877 1.706281429146082 1.704752201896276 1.7032229746464673 1.7016937473966613 1.7001645201468554 1.6986352928970494 1.6971060656472436 1.6955768383974377 1.6940476111476317 1.6925183838978257 1.6909891566480197 1.6894599293982138 1.6879307021484078 1.6864014748986018 1.6848722476487958 1.6833430203989874 1.6818137931491814 1.6802845658993755 1.6787553386495695 1.6772261113997635 1.6756968841499575 1.6741676569001518 1.6726384296503458 1.6711092024005398 1.6695799751507339 1.6680507479009279 1.666521520651122
1.7077456965708708 1.7077043867913535 1.7076630770118364 1.707621767232319 1.707580457452802 1.7075391476732846 1.7074978378937673 1.7074565281142502 1.7074152183347329 1.7073739085552158 1.7073325987756984 1.7072912889961813 1.707249979216664 1.7072086694371469 1.7071673596576296 1.7071260498781125 1.7063851735645479 1.7048964447972692 1.7034077160299903 1.7019189872627092 1.7004302584954303 1.6989415297281516 1.697452800960873 1.695964072193594 1.6944753434263153 1.6929866146590367 1.6914978858917578 1.690009157124479 1.6885204283572004 1.6870316995899215 1.6855429708226428 1.6840542420553641 1.6825655132880828 1.6810767845208041 1.6795880557535252 1.6780993269862465 1.6766105982189679 1.675121869451689 1.6736331406844103 1.6721444119171316 1.6706556831498527 1.669166954382574 1.6676782256152953 1.6661894968480164
1.7058316173780097 1.705820534595184 1.7058094518123585 1.7057983690295329 1.7057872862467074 1.7057762034638817 1.7057651206810562 1.7057540378982305 1.705742955115405 1.7057318723325794 1.705720789549754 1.7057097067669282 1.7056986239841028 1.705687541201277 1.7056764584184516 1.705665375635626 1.7049596907332083 1.7035114604484567 1.702063230163705 1.700614999878951 1.6991667695941994 1.697718539309448 1.6962703090246964 1.6948220787399448 1.6933738484551932 1.6919256181704416 1.69047738788569 1.6890291576009386 1.687580927316187 1.6861326970314354 1.6846844667466838 1.6832362364619322 1.6817880061771782 1.6803397758924268 1.6788915456076752 1.6774433153229236 1.675995085038172 1.6745468547534204 1.673098624468669 1.6716503941839174 1.6702021638991658 1.6687539336144142 1.6673057033296625 1.665857473044911
1.7039175381851484 1.7039366823990145 1.7039558266128805 1.7039749708267466 1.7039941150406126 1.7040132592544788 1.7040324034683447 1.704051547682211 1.7040706918960769 1.704089836109943 1.704108980323809 1.7041281245376751 1.704147268751541 1.7041664129654073 1.7041855571792732 1.7042047013931392 1.7035342079018683 1.702126476099644 1.7007187442974196 1.699311012495193 1.6979032806929686 1.696495548890744 1.6950878170885197 1.6936800852862954 1.692272353484071 1.6908646216818466 1.6894568898796223 1.688049158077398 1.6866414262751734 1.6852336944729491 1.6838259626707248 1.6824182308685005 1.6810104990662738 1.6796027672640492 1.678195035461825 1.6767873036596006 1.675379571857376 1.6739718400551518 1.6725641082529275 1.6711563764507031 1.6697486446484786 1.6683409128462543 1.66693318104403 1.6655254492418057
1.7020034589922872 1.702052830202845 1.7021022014134026 1.7021515726239604 1.702200943834518 1.7022503150450756 1.7022996862556334 1.7023490574661913 1.7023984286767488 1.7024477998873064 1.7024971710978642 1.7025465423084218 1.7025959135189797 1.7026452847295372 1.7026946559400948 1.7027440271506527 1.7021087250705285 1.7007414917508312 1.6993742584311342 1.6980070251114345 1.6966397917917375 1.6952725584720403 1.693905325152343 1.692538091832646 1.6911708585129488 1.6898036251932516 1.6884363918735543 1.6870691585538573 1.68570192523416 1.6843346919144628 1.6829674585947658 1.6816002252750686 1.6802329919553691 1.678865758635672 1.6774985253159747 1.6761312919962774 1.6747640586765804 1.6733968253568832 1.672029592037186 1.6706623587174887 1.6692951253977917 1.6679278920780944 1.6665606587583972 1.6651934254387002
1.699618283361768 1.6996670105373568 1.6997157377129455 1.6997644648885344 1.699813192064123 1.699861919239712 1.6999106464153007 1.6999593735908896 1.7000081007664782 1.7000568279420671 1.7001055551176558 1.7001542822932447 1.7002030094688334 1.7002517366444223 1.700300463820011 1.7003491909956 1.699729153478214 1.6983941913721614 1.6970592292661089 1.695724267160054 1.6943893050540015 1.693054342947949 1.6917193808418964 1.6903844187358439 1.6890494566297913 1.6877144945237388 1.6863795324176862 1.6850445703116337 1.6837096082055811 1.6823746460995288 1.6810396839934763 1.6797047218874237 1.678369759781369 1.6770347976753164 1.6756998355692638 1.6743648734632113 1.6730299113571587 1.6716949492511062 1.6703599871450536 1.669025025039001 1.6676900629329485 1.666355100826896 1.6650201387208434 1.6636851766147909
1.6967295353387775 1.6967446192927578 1.6967597032467383 1.6967747872007186 1.696789871154699 1.6968049551086795 1.6968200390626598 1.6968351230166403 1.6968502069706206 1.696865290924601 1.6968803748785815 1.6968954588325618 1.696910542786542 1.6969256267405226 1.696940710694503 1.6969557946484832 1.696329721149137 1.6950182358249661 1.6937067505007954 1.6923952651766223 1.6910837798524514 1.6897722945282805 1.6884608092041098 1.6871493238799389 1.685837838555768 1.6845263532315973 1.6832148679074264 1.6819033825832554 1.6805918972590848 1.6792804119349138 1.677968926610743 1.6766574412865722 1.675345955962399 1.6740344706382282 1.6727229853140575 1.6714114999898866 1.6701000146657157 1.668788529341545 1.667477044017374 1.6661655586932032 1.6648540733690325 1.6635425880448615 1.6622311027206906 1.66091961739652
