Figures/CREST_Example_wjb_NSE/PETs/wjb.pet.20101217.asc
ncols            288
nrows            254
xllcorner        113.274861
yllcorner        31.4918055
cellsize         0.008333333333
NODATA_value     -9999
[rows 95 to 113 of 254, columns 132 to 175 of 288]
0.6588256576122027 0.6586590627924588 0.6584924679727148 0.6583258731529708 0.6581592783332267 0.6579926835134827 0.6578260886937388 0.6576594938739948 0.6574928990542508 0.6573263042345068 0.6571597094147628 0.6569931145950185 0.6568265197752745 0.6566599249555305 0.6564933301357865 0.6563267353160426 0.6561601404962986 0.6559935456765545 0.6558269508568105 0.6556603560370665 0.6554937612173226 0.6553271663975786 0.6551605715778346 0.6549939767580906 0.6548273819383463 0.6546607871186023 0.6544941922988583 0.6543275974791143 0.6541610026593704 0.6539944078396264 0.6538953343765899 0.6538684427713058 0.6538415511660219 0.653814659560738 0.653787767955454 0.6537608763501701 0.6537339847448862 0.6537070931396022 0.6536802015343183 0.6536533099290343 0.6536264183237503 0.6535995267184664 0.6535726351131825 0.6535457435078985
0.6588423696192574 0.6586860687241289 0.6585297678290004 0.658373466933872 0.6582171660387435 0.6580608651436151 0.6579045642484865 0.6577482633533581 0.6575919624582297 0.6574356615631012 0.6572793606679728 0.657123059772844 0.6569667588777155 0.6568104579825871 0.6566541570874587 0.6564978561923301 0.6563415552972017 0.6561852544020732 0.6560289535069448 0.6558726526118163 0.6557163517166879 0.6555600508215594 0.6554037499264309 0.6552474490313025 0.6550911481361738 0.6549348472410452 0.6547785463459168 0.6546222454507884 0.6544659445556599 0.6543096436605315 0.6542135799539834 0.6541819111646816 0.6541502423753798 0.654118573586078 0.6540869047967761 0.6540552360074742 0.6540235672181723 0.6539918984288705 0.6539602296395687 0.6539285608502668 0.653896892060965 0.6538652232716632 0.6538335544823614 0.6538018856930595
0.658859081626312 0.6587130746557991 0.6585670676852862 0.6584210607147731 0.6582750537442602 0.6581290467737473 0.6579830398032344 0.6578370328327214 0.6576910258622085 0.6575450188916956 0.6573990119211827 0.6572530049506695 0.6571069979801565 0.6569609910096436 0.6568149840391306 0.6566689770686177 0.6565229700981048 0.6563769631275919 0.6562309561570789 0.656084949186566 0.6559389422160531 0.6557929352455402 0.6556469282750272 0.6555009213045142 0.6553549143340011 0.6552089073634881 0.6550629003929752 0.6549168934224623 0.6547708864519494 0.6546248794814364 0.6545318255313769 0.6544953795580571 0.6544589335847374 0.6544224876114177 0.654386041638098 0.6543495956647782 0.6543131496914585 0.6542767037181387 0.654240257744819 0.6542038117714993 0.6541673657981796 0.6541309198248598 0.6540944738515402 0.6540580278782204
0.6588757936333666 0.6587400805874692 0.6586043675415718 0.6584686544956745 0.658332941449777 0.6581972284038796 0.6580615153579823 0.6579258023120849 0.6577900892661875 0.6576543762202901 0.6575186631743927 0.6573829501284951 0.6572472370825977 0.6571115240367003 0.6569758109908029 0.6568400979449055 0.6567043848990082 0.6565686718531107 0.6564329588072133 0.656297245761316 0.6561615327154185 0.6560258196695212 0.6558901066236238 0.6557543935777264 0.6556186805318288 0.6554829674859314 0.6553472544400339 0.6552115413941366 0.6550758283482392 0.6549401153023419 0.6548500711087708 0.6548088479514331 0.6547676247940956 0.6547264016367579 0.6546851784794203 0.6546439553220826 0.6546027321647451 0.6545615090074074 0.6545202858500697 0.6544790626927321 0.6544378395353945 0.6543966163780569 0.6543553932207192 0.6543141700633817
0.6588925056404212 0.6587670865191394 0.6586416673978576 0.6585162482765756 0.6583908291552938 0.658265410034012 0.65813999091273 0.6580145717914482 0.6578891526701663 0.6577637335488845 0.6576383144276026 0.6575128953063205 0.6573874761850387 0.6572620570637568 0.6571366379424749 0.6570112188211931 0.6568857996999112 0.6567603805786294 0.6566349614573475 0.6565095423360656 0.6563841232147838 0.656258704093502 0.65613328497222 0.6560078658509382 0.6558824467296561 0.6557570276083743 0.6556316084870923 0.6555061893658105 0.6553807702445287 0.6552553511232468 0.6551683166861643 0.6551223163448088 0.6550763160034533 0.6550303156620977 0.6549843153207422 0.6549383149793867 0.6548923146380312 0.6548463142966756 0.6548003139553201 0.6547543136139646 0.6547083132726091 0.6546623129312535 0.654616312589898 0.6545703122485426
0.6589092176474759 0.6587940924508096 0.6586789672541432 0.6585638420574769 0.6584487168608105 0.6583335916641442 0.6582184664674778 0.6581033412708115 0.6579882160741453 0.6578730908774789 0.6577579656808126 0.657642840484146 0.6575277152874797 0.6574125900908133 0.6572974648941471 0.6571823396974807 0.6570672145008144 0.6569520893041481 0.6568369641074817 0.6567218389108154 0.656606713714149 0.6564915885174827 0.6563764633208163 0.6562613381241501 0.6561462129274835 0.6560310877308172 0.6559159625341509 0.6558008373374845 0.6556857121408182 0.6555705869441518 0.6554865622635578 0.6554357847381844 0.655385007212811 0.6553342296874376 0.6552834521620642 0.6552326746366908 0.6551818971113175 0.6551311195859439 0.6550803420605705 0.6550295645351971 0.6549787870098237 0.6549280094844503 0.6548772319590769 0.6548264544337035
0.6589259296545305 0.6588210983824797 0.6587162671104289 0.6586114358383781 0.6585066045663273 0.6584017732942765 0.6582969420222257 0.6581921107501749 0.6580872794781241 0.6579824482060733 0.6578776169340225 0.6577727856619715 0.6576679543899208 0.6575631231178699 0.6574582918458192 0.6573534605737683 0.6572486293017176 0.6571437980296667 0.657038966757616 0.6569341354855651 0.6568293042135144 0.6567244729414635 0.6566196416694128 0.6565148103973619 0.656409979125311 0.6563051478532601 0.6562003165812094 0.6560954853091585 0.6559906540371078 0.6558858227650569 0.6558048078409514 0.6557492531315601 0.6556936984221688 0.6556381437127775 0.6555825890033863 0.655527034293995 0.6554714795846036 0.6554159248752123 0.6553603701658209 0.6553048154564297 0.6552492607470384 0.655193706037647 0.6551381513282558 0.6550825966188645
0.6589426416615851 0.6588481043141499 0.6587535669667146 0.6586590296192794 0.658564492271844 0.6584699549244087 0.6583754175769735 0.6582808802295382 0.658186342882103 0.6580918055346677 0.6579972681872325 0.657902730839797 0.6578081934923617 0.6577136561449265 0.6576191187974912 0.657524581450056 0.6574300441026206 0.6573355067551854 0.6572409694077501 0.6571464320603149 0.6570518947128796 0.6569573573654444 0.6568628200180091 0.6567682826705739 0.6566737453231384 0.6565792079757031 0.6564846706282679 0.6563901332808326 0.6562955959333974 0.656201058585962 0.656123053418345 0.6560627215249358 0.6560023896315266 0.6559420577381174 0.6558817258447083 0.6558213939512991 0.6557610620578899 0.6557007301644806 0.6556403982710715 0.6555800663776622 0.655519734484253 0.6554594025908439 0.6553990706974346 0.6553387388040255
0.6589593536686398 0.65887511024582 0.6587908668230003 0.6587066234001805 0.6586223799773608 0.6585381365545411 0.6584538931317213 0.6583696497089015 0.6582854062860819 0.6582011628632621 0.6581169194404424 0.6580326760176225 0.6579484325948027 0.6578641891719831 0.6577799457491633 0.6576957023263436 0.6576114589035238 0.6575272154807041 0.6574429720578844 0.6573587286350646 0.6572744852122449 0.6571902417894252 0.6571059983666054 0.6570217549437857 0.6569375115209658 0.656853268098146 0.6567690246753264 0.6566847812525066 0.6566005378296869 0.6565162944068671 0.6564412989957386 0.6563761899183115 0.6563110808408844 0.6562459717634573 0.6561808626860303 0.6561157536086032 0.6560506445311761 0.6559855354537489 0.6559204263763219 0.6558553172988948 0.6557902082214677 0.6557250991440405 0.6556599900666135 0.6555948809891864
0.6589760656756943 0.6589021161774902 0.658828166679286 0.6587542171810817 0.6586802676828776 0.6586063181846733 0.6585323686864691 0.658458419188265 0.6583844696900607 0.6583105201918565 0.6582365706936524 0.658162621195448 0.6580886716972438 0.6580147221990396 0.6579407727008354 0.6578668232026312 0.657792873704427 0.6577189242062228 0.6576449747080185 0.6575710252098144 0.6574970757116102 0.6574231262134059 0.6573491767152018 0.6572752272169976 0.6572012777187932 0.6571273282205891 0.6570533787223848 0.6569794292241806 0.6569054797259765 0.6568315302277722 0.6567595445731321 0.6566896583116871 0.6566197720502422 0.6565498857887972 0.6564799995273523 0.6564101132659073 0.6563402270044624 0.6562703407430173 0.6562004544815723 0.6561305682201273 0.6560606819586823 0.6559907956972374 0.6559209094357924 0.6558510231743474
0.658992777682749 0.6589291221091603 0.6588654665355717 0.658801810961983 0.6587381553883943 0.6586744998148056 0.658610844241217 0.6585471886676283 0.6584835330940397 0.6584198775204511 0.6583562219468624 0.6582925663732736 0.6582289107996849 0.6581652552260963 0.6581015996525076 0.6580379440789189 0.6579742885053302 0.6579106329317416 0.6578469773581529 0.6577833217845642 0.6577196662109756 0.657656010637387 0.6575923550637983 0.6575286994902096 0.6574650439166209 0.6574013883430322 0.6573377327694435 0.6572740771958548 0.6572104216222662 0.6571467660486775 0.6570777901505259 0.6570031267050631 0.6569284632596002 0.6568537998141374 0.6567791363686745 0.6567044729232117 0.6566298094777487 0.6565551460322858 0.6564804825868229 0.6564058191413601 0.6563311556958972 0.6562564922504344 0.6561818288049714 0.6561071653595086
0.6590094896898037 0.6589561280408305 0.6589027663918573 0.6588494047428842 0.658796043093911 0.658742681444938 0.6586893197959648 0.6586359581469917 0.6585825964980185 0.6585292348490455 0.6584758732000723 0.6584225115510991 0.6583691499021259 0.6583157882531528 0.6582624266041797 0.6582090649552066 0.6581557033062334 0.6581023416572603 0.6580489800082872 0.657995618359314 0.6579422567103409 0.6578888950613677 0.6578355334123946 0.6577821717634215 0.6577288101144483 0.6576754484654751 0.657622086816502 0.6575687251675288 0.6575153635185558 0.6574620018695826 0.6573960357279195 0.6573165950984388 0.657237154468958 0.6571577138394773 0.6570782732099966 0.6569988325805157 0.656919391951035 0.6568399513215541 0.6567605106920733 0.6566810700625926 0.6566016294331118 0.6565221888036311 0.6564427481741504 0.6563633075446695
0.6590262016968581 0.6589831339725005 0.6589400662481429 0.6588969985237854 0.6588539307994278 0.6588108630750702 0.6587677953507125 0.6587247276263549 0.6586816599019973 0.6586385921776398 0.6585955244532822 0.6585524567289245 0.6585093890045669 0.6584663212802093 0.6584232535558517 0.6583801858314942 0.6583371181071365 0.6582940503827789 0.6582509826584213 0.6582079149340637 0.6581648472097061 0.6581217794853486 0.658078711760991 0.6580356440366334 0.6579925763122757 0.6579495085879181 0.6579064408635604 0.6578633731392028 0.6578203054148453 0.6577772376904877 0.6577142813053131 0.6576300634918144 0.6575458456783159 0.6574616278648172 0.6573774100513186 0.6572931922378199 0.6572089744243212 0.6571247566108224 0.6570405387973237 0.6569563209838252 0.6568721031703265 0.6567878853568279 0.6567036675433292 0.6566194497298306
0.6590429137039128 0.6590101399041707 0.6589773661044286 0.6589445923046866 0.6589118185049445 0.6588790447052024 0.6588462709054603 0.6588134971057182 0.6587807233059763 0.6587479495062342 0.6587151757064921 0.65868240190675 0.6586496281070079 0.6586168543072658 0.6585840805075237 0.6585513067077817 0.6585185329080396 0.6584857591082975 0.6584529853085554 0.6584202115088134 0.6583874377090714 0.6583546639093293 0.6583218901095872 0.6582891163098451 0.658256342510103 0.6582235687103609 0.6581907949106188 0.6581580211108768 0.6581252473111348 0.6580924735113927 0.6580325268827066 0.6579435318851901 0.6578545368876735 0.657765541890157 0.6576765468926404 0.6575875518951239 0.6574985568976074 0.6574095619000907 0.6573205669025741 0.6572315719050575 0.6571425769075411 0.6570535819100245 0.656964586912508 0.6568755919149915
0.6590596257109674 0.6590371458358408 0.6590146659607143 0.6589921860855877 0.6589697062104612 0.6589472263353346 0.6589247464602082 0.6589022665850817 0.6588797867099551 0.6588573068348286 0.658834826959702 0.6588123470845755 0.6587898672094489 0.6587673873343224 0.6587449074591958 0.6587224275840693 0.6586999477089428 0.6586774678338162 0.6586549879586897 0.6586325080835631 0.6586100282084366 0.6585875483333101 0.6585650684581835 0.658542588583057 0.6585201087079304 0.6584976288328039 0.6584751489576773 0.6584526690825508 0.6584301892074242 0.6584077093322978 0.6583507724601002 0.6582570002785657 0.6581632280970313 0.6580694559154969 0.6579756837339624 0.657881911552428 0.6577881393708936 0.657694367189359 0.6576005950078245 0.6575068228262901 0.6574130506447557 0.6573192784632212 0.6572255062816869 0.6571317341001525
0.659076337718022 0.659064151767511 0.659051965817 0.659039779866489 0.659027593915978 0.659015407965467 0.659003222014956 0.658991036064445 0.658978850113934 0.658966664163423 0.658954478212912 0.658942292262401 0.65893010631189 0.658917920361379 0.658905734410868 0.658893548460357 0.658881362509846 0.6588691765593349 0.6588569906088239 0.6588448046583129 0.6588326187078019 0.6588204327572909 0.6588082468067799 0.6587960608562689 0.6587838749057578 0.6587716889552468 0.6587595030047358 0.6587473170542248 0.6587351311037138 0.6587229451532028 0.6586690180374938 0.6585704686719415 0.658471919306389 0.6583733699408367 0.6582748205752844 0.6581762712097321 0.6580777218441798 0.6579791724786274 0.657880623113075 0.6577820737475226 0.6576835243819703 0.657584975016418 0.6574864256508657 0.6573878762853134
0.6590930497250767 0.6590911576991811 0.6590892656732857 0.6590873736473902 0.6590854816214948 0.6590835895955993 0.6590816975697038 0.6590798055438084 0.6590779135179129 0.6590760214920175 0.659074129466122 0.6590722374402265 0.6590703454143311 0.6590684533884356 0.6590665613625402 0.6590646693366446 0.6590627773107491 0.6590608852848537 0.6590589932589582 0.6590571012330628 0.6590552092071673 0.6590533171812719 0.6590514251553764 0.6590495331294809 0.6590476411035855 0.65904574907769 0.6590438570517946 0.6590419650258991 0.6590400730000036 0.6590381809741082 0.6589872636148876 0.6588839370653173 0.6587806105157471 0.6586772839661769 0.6585739574166066 0.6584706308670365 0.6583673043174663 0.6582639777678958 0.6581606512183257 0.6580573246687554 0.6579539981191852 0.657850671569615 0.6577473450200447 0.6576440184704745
0.6591097617321312 0.6591181636308513 0.6591265655295714 0.6591349674282915 0.6591433693270116 0.6591517712257315 0.6591601731244516 0.6591685750231717 0.6591769769218918 0.6591853788206119 0.6591937807193319 0.659202182618052 0.6592105845167721 0.6592189864154921 0.6592273883142122 0.6592357902129323 0.6592441921116523 0.6592525940103724 0.6592609959090925 0.6592693978078126 0.6592777997065327 0.6592862016052526 0.6592946035039727 0.6593030054026928 0.6593114073014129 0.659319809200133 0.659328211098853 0.6593366129975731 0.6593450148962932 0.6593534167950132 0.6593055091922811 0.659197405458693 0.6590893017251049 0.6589811979915168 0.6588730942579287 0.6587649905243406 0.6586568867907525 0.6585487830571641 0.6584406793235761 0.6583325755899879 0.6582244718563999 0.6581163681228117 0.6580082643892237 0.6579001606556355
0.6591264737391859 0.6591451695625214 0.659163865385857 0.6591825612091927 0.6592012570325283 0.6592199528558639 0.6592386486791995 0.659257344502535 0.6592760403258707 0.6592947361492063 0.6593134319725419 0.6593321277958775 0.6593508236192132 0.6593695194425487 0.6593882152658843 0.6594069110892199 0.6594256069125555 0.659444302735891 0.6594629985592267 0.6594816943825623 0.6595003902058979 0.6595190860292335 0.6595377818525691 0.6595564776759046 0.6595751734992403 0.6595938693225759 0.6596125651459115 0.6596312609692471 0.6596499567925828 0.6596686526159183 0.6596237547696747 0.6595108738520687 0.6593979929344627 0.6592851120168567 0.6591722310992507 0.6590593501816447 0.6589464692640387 0.6588335883464325 0.6587207074288265 0.6586078265112205 0.6584949455936145 0.6583820646760086 0.6582691837584025 0.6581563028407965
