Figures/CREST_Example_wjb_NSE/PETs/wjb.pet.20100219.asc
ncols            288
nrows            254
xllcorner        113.274861
yllcorner        31.4918055
cellsize         0.008333333333
NODATA_value     -9999
[rows 140 to 159 of 254, columns 220 to 263 of 288]
1.2690417844481614 1.2682123726116146 1.267476012995091 1.2668391283077045 1.2662022436203182 1.2655653589329319 1.2649284742455453 1.264291589558159 1.2636547048707727 1.2630178201833862 1.2623809354959998 1.2617440508086135 1.261107166121227 1.2604702814338407 1.2598333967464532 1.2591965120590667 1.2585596273716804 1.257922742684294 1.2572858579969075 1.2566489733095212 1.2560120886221349 1.2553752039347483 1.254738319247362 1.2541014345599757 1.2534645498725894 1.2528276651852028 1.2521907804978165 1.251553895810429 1.2509170111230425 1.2502801264356562 1.24964324174827 1.2490063570608834 1.248703125885383 1.2487565778669627 1.2488100298485423 1.248863481830122 1.2489169338117019 1.2489703857932817 1.2490238377748613 1.249077289756441 1.2491307417380209 1.2491841937196007 1.2492376457011805 1.2492910976827603
1.26835904544782 1.2675483503557063 1.2668254186531334 1.2661963080002157 1.2655671973472982 1.2649380866943805 1.264308976041463 1.2636798653885453 1.2630507547356276 1.26242164408271 1.2617925334297924 1.2611634227768749 1.2605343121239572 1.2599052014710395 1.2592760908181209 1.2586469801652032 1.2580178695122857 1.257388758859368 1.2567596482064505 1.2561305375535328 1.255501426900615 1.2548723162476976 1.2542432055947799 1.2536140949418624 1.2529849842889447 1.252355873636027 1.2517267629831095 1.2510976523301907 1.2504685416772732 1.2498394310243555 1.249210320371438 1.2485812097185203 1.2482712960781879 1.2483026112699338 1.2483339264616795 1.2483652416534252 1.248396556845171 1.2484278720369166 1.2484591872286623 1.248490502420408 1.248521817612154 1.2485531328038997 1.2485844479956454 1.248615763187391
1.2676763064474785 1.2668843280997983 1.2661748243111757 1.2655534876927268 1.2649321510742781 1.2643108144558293 1.2636894778373804 1.2630681412189315 1.2624468046004826 1.2618254679820338 1.261204131363585 1.260582794745136 1.2599614581266874 1.2593401215082385 1.2587187848897885 1.2580974482713396 1.2574761116528907 1.2568547750344419 1.2562334384159932 1.2556121017975443 1.2549907651790955 1.2543694285606466 1.2537480919421977 1.2531267553237488 1.2525054187053 1.251884082086851 1.2512627454684024 1.2506414088499525 1.2500200722315036 1.2493987356130547 1.2487773989946058 1.2481560623761572 1.247839466270993 1.247848644672905 1.2478578230748165 1.2478670014767284 1.24787617987864 1.2478853582805518 1.2478945366824634 1.2479037150843753 1.2479128934862869 1.2479220718881987 1.2479312502901103 1.2479404286920222
1.2669935674471369 1.2662203058438901 1.265524229969218 1.264910667385238 1.2642971048012577 1.2636835422172776 1.2630699796332976 1.2624564170493175 1.2618428544653375 1.2612292918813575 1.2606157292973774 1.2600021667133974 1.2593886041294173 1.258775041545437 1.2581614789614561 1.257547916377476 1.2569343537934958 1.2563207912095158 1.2557072286255357 1.2550936660415557 1.2544801034575757 1.2538665408735956 1.2532529782896156 1.2526394157056355 1.2520258531216555 1.2514122905376752 1.2507987279536952 1.250185165369714 1.249571602785734 1.248958040201754 1.248344477617774 1.2477309150337939 1.247407636463798 1.2473946780758758 1.2473817196879535 1.2473687613000313 1.247355802912109 1.2473428445241868 1.2473298861362645 1.2473169277483422 1.24730396936042 1.2472910109724977 1.2472780525845755 1.2472650941966532
1.2663108284467948 1.2655562835879814 1.2648736356272596 1.2642678470777484 1.263662058528237 1.2630562699787258 1.2624504814292146 1.2618446928797031 1.261238904330192 1.2606331157806807 1.2600273272311693 1.259421538681658 1.2588157501321469 1.2582099615826354 1.257604173033123 1.256998384483612 1.2563925959341005 1.2557868073845893 1.255181018835078 1.2545752302855666 1.2539694417360554 1.2533636531865442 1.2527578646370328 1.2521520760875215 1.2515462875380103 1.250940498988499 1.2503347104389877 1.2497289218894754 1.2491231333399642 1.2485173447904527 1.2479115562409415 1.2473057676914303 1.2469758066566028 1.2469407114788464 1.24690561630109 1.246870521123334 1.2468354259455776 1.2468003307678213 1.2467652355900651 1.2467301404123088 1.2466950452345524 1.246659950056796 1.2466248548790397 1.2465897597012836
1.2656280894464536 1.2648922613320734 1.264223041285302 1.2636250267702596 1.263027012255217 1.2624289977401744 1.261830983225132 1.2612329687100894 1.260634954195047 1.2600369396800044 1.2594389251649618 1.2588409106499194 1.2582428961348768 1.2576448816198345 1.2570468671047907 1.2564488525897484 1.2558508380747058 1.2552528235596632 1.2546548090446208 1.2540567945295782 1.2534587800145358 1.2528607654994932 1.2522627509844506 1.2516647364694082 1.2510667219543656 1.2504687074393233 1.2498706929242807 1.2492726784092372 1.2486746638941946 1.248076649379152 1.2474786348641096 1.246880620349067 1.2465439768494078 1.2464867448818175 1.2464295129142273 1.2463722809466369 1.2463150489790467 1.2462578170114564 1.246200585043866 1.2461433530762758 1.2460861211086853 1.246028889141095 1.2459716571735049 1.2459144252059144
1.2649453504461121 1.2642282390761652 1.2635724469433445 1.2629822064627707 1.262391965982197 1.2618017255016232 1.2612114850210494 1.2606212445404756 1.2600310040599019 1.259440763579328 1.2588505230987546 1.2582602826181808 1.257670042137607 1.2570798016570333 1.2564895611764584 1.2558993206958848 1.255309080215311 1.2547188397347373 1.2541285992541635 1.2535383587735898 1.252948118293016 1.2523578778124422 1.2517676373318685 1.2511773968512947 1.2505871563707212 1.2499969158901474 1.2494066754095736 1.2488164349289987 1.248226194448425 1.2476359539678514 1.2470457134872777 1.246455473006704 1.246112147042213 1.2460327782847886 1.2459534095273643 1.24587404076994 1.2457946720125157 1.2457153032550914 1.245635934497667 1.2455565657402428 1.2454771969828184 1.2453978282253941 1.2453184594679698 1.2452390907105455
1.2642626114457707 1.2635642168202572 1.2629218526013868 1.2623393861552819 1.261756919709177 1.261174453263072 1.2605919868169668 1.260009520370862 1.259427053924757 1.258844587478652 1.258262121032547 1.2576796545864422 1.257097188140337 1.256514721694232 1.2559322552481262 1.255349788802021 1.2547673223559161 1.2541848559098112 1.2536023894637063 1.2530199230176013 1.2524374565714964 1.2518549901253913 1.2512725236792863 1.2506900572331814 1.2501075907870765 1.2495251243409715 1.2489426578948666 1.2483601914487605 1.2477777250026556 1.2471952585565507 1.2466127921104457 1.2460303256643406 1.245680317235018 1.2455788116877597 1.2454773061405013 1.2453758005932432 1.2452742950459847 1.2451727894987266 1.2450712839514682 1.24496977840421 1.2448682728569513 1.2447667673096932 1.2446652617624347 1.2445637562151766
1.2637652808136408 1.2630707463549218 1.262425052904343 1.2618315715968218 1.2612380902893006 1.2606446089817795 1.2600511276742583 1.259457646366737 1.258864165059216 1.2582706837516948 1.2576772024441736 1.2570837211366526 1.2564902398291313 1.2558967585216103 1.255303277214088 1.254709795906567 1.2541163145990457 1.2535228332915245 1.2529293519840035 1.2523358706764822 1.2517423893689612 1.25114890806144 1.2505554267539187 1.2499619454463977 1.2493684641388765 1.2487749828313552 1.2481815015238342 1.247588020216312 1.2469945389087909 1.2464010576012696 1.2458075762937486 1.2452140949862274 1.244852926616695 1.244740106036713 1.2446272854567306 1.2445144648767485 1.2444016442967663 1.2442888237167842 1.2441760031368019 1.2440631825568196 1.2439503619768373 1.243837541396855 1.243724720816873 1.2436119002368906
1.2634661400393628 1.2627595850024704 1.2620926499878107 1.261468069673586 1.2608434893593614 1.2602189090451368 1.2595943287309121 1.2589697484166877 1.258345168102463 1.2577205877882385 1.2570960074740138 1.2564714271597892 1.2558468468455648 1.2552222665313402 1.2545976862171144 1.2539731059028898 1.2533485255886652 1.2527239452744408 1.2520993649602161 1.2514747846459915 1.2508502043317669 1.2502256240175422 1.2496010437033178 1.2489764633890932 1.2483518830748686 1.247727302760644 1.2471027224464193 1.2464781421321938 1.2458535618179691 1.2452289815037445 1.2446044011895199 1.2439798208752952 1.2436027064266255 1.2434901385900885 1.2433775707535515 1.2432650029170145 1.2431524350804777 1.2430398672439407 1.2429272994074037 1.2428147315708666 1.2427021637343296 1.2425895958977926 1.2424770280612556 1.2423644602247186
1.2631669992650847 1.262448423650019 1.261760247071278 1.26110456775035 1.260448888429422 1.2597932091084938 1.2591375297875658 1.2584818504666377 1.2578261711457097 1.2571704918247817 1.2565148125038537 1.2558591331829256 1.2552034538619974 1.2545477745410694 1.2538920952201402 1.2532364158992122 1.2525807365782842 1.2519250572573561 1.2512693779364281 1.2506136986155 1.2499580192945718 1.2493023399736438 1.2486466606527158 1.2479909813317878 1.2473353020108597 1.2466796226899317 1.2460239433690037 1.2453682640480743 1.2447125847271463 1.2440569054062183 1.2434012260852902 1.2427455467643622 1.2423524862365547 1.242240171143463 1.2421278560503712 1.2420155409572795 1.2419032258641878 1.241790910771096 1.2416785956780043 1.2415662805849126 1.2414539654918206 1.241341650398729 1.2412293353056372 1.2411170202125454
1.2628678584908068 1.2621372622975677 1.2614278441547457 1.2607410658271143 1.2600542874994827 1.2593675091718513 1.2586807308442198 1.2579939525165882 1.2573071741889568 1.2566203958613251 1.2559336175336937 1.2552468392060623 1.2545600608784306 1.2538732825507992 1.2531865042231667 1.252499725895535 1.2518129475679036 1.251126169240272 1.2504393909126406 1.2497526125850091 1.2490658342573775 1.248379055929746 1.2476922776021147 1.247005499274483 1.2463187209468516 1.2456319426192202 1.2449451642915885 1.244258385963956 1.2435716076363243 1.242884829308693 1.2421980509810615 1.2415112726534299 1.2411022660464848 1.2409902036968383 1.2408781413471919 1.2407660789975454 1.240654016647899 1.2405419542982523 1.2404298919486059 1.2403178295989594 1.2402057672493128 1.2400937048996663 1.2399816425500199 1.2398695802003732
1.262568717716529 1.2618261009451166 1.2610954412382134 1.2603775639038783 1.2596596865695435 1.2589418092352085 1.2582239319008737 1.2575060545665386 1.2567881772322038 1.2560702998978688 1.255352422563534 1.254634545229199 1.2539166678948641 1.253198790560529 1.252480913226193 1.2517630358918581 1.251045158557523 1.2503272812231883 1.2496094038888532 1.2488915265545184 1.2481736492201834 1.2474557718858486 1.2467378945515135 1.2460200172171787 1.2453021398828437 1.2445842625485088 1.2438663852141738 1.2431485078798377 1.2424306305455026 1.2417127532111678 1.2409948758768328 1.240276998542498 1.239852045856415 1.239740236250214 1.2396284266440127 1.2395166170378114 1.2394048074316102 1.2392929978254088 1.2391811882192076 1.2390693786130063 1.2389575690068049 1.2388457594006037 1.2387339497944023 1.2386221401882012
1.2622695769422512 1.2615149395926653 1.260763038321681 1.2600140619806426 1.2592650856396044 1.258516109298566 1.2577671329575275 1.2570181566164893 1.2562691802754509 1.2555202039344124 1.2547712275933742 1.2540222512523358 1.2532732749112974 1.252524298570259 1.2517753222292194 1.251026345888181 1.2502773695471427 1.2495283932061043 1.2487794168650659 1.2480304405240275 1.2472814641829892 1.2465324878419508 1.2457835115009124 1.2450345351598742 1.2442855588188357 1.2435365824777973 1.242787606136759 1.2420386297957193 1.241289653454681 1.2405406771136427 1.2397917007726043 1.2390427244315658 1.2386018256663456 1.2384902688035895 1.2383787119408334 1.2382671550780775 1.2381555982153214 1.2380440413525655 1.2379324844898094 1.2378209276270533 1.2377093707642972 1.237597813901541 1.237486257038785 1.2373747001760291
1.2619704361679729 1.261203778240214 1.2604306354051484 1.2596505600574066 1.2588704847096648 1.2580904093619232 1.2573103340141814 1.2565302586664395 1.2557501833186977 1.2549701079709559 1.254190032623214 1.2534099572754722 1.2526298819277304 1.2518498065799888 1.2510697312322456 1.2502896558845038 1.249509580536762 1.2487295051890202 1.2479494298412783 1.2471693544935365 1.2463892791457947 1.245609203798053 1.2448291284503112 1.2440490531025694 1.2432689777548276 1.2424889024070858 1.241708827059344 1.2409287517116008 1.240148676363859 1.2393686010161171 1.2385885256683755 1.2378084503206337 1.2373516054762757 1.2372403013569648 1.237128997237654 1.2370176931183434 1.2369063889990326 1.2367950848797218 1.236683780760411 1.2365724766411001 1.2364611725217893 1.2363498684024785 1.2362385642831677 1.2361272601638569
1.261671295393695 1.2608926168877626 1.260098232488616 1.2592870581341709 1.2584758837797256 1.2576647094252804 1.2568535350708352 1.25604236071639 1.2552311863619448 1.2544200120074995 1.2536088376530543 1.252797663298609 1.2519864889441639 1.2511753145897186 1.2503641402352719 1.2495529658808266 1.2487417915263814 1.2479306171719362 1.247119442817491 1.2463082684630458 1.2454970941086005 1.2446859197541553 1.24387474539971 1.2430635710452649 1.2422523966908197 1.2414412223363744 1.2406300479819292 1.2398188736274824 1.2390076992730372 1.238196524918592 1.2373853505641468 1.2365741762097016 1.236101385286206 1.2359903339103404 1.2358792825344749 1.2357682311586093 1.2356571797827438 1.2355461284068783 1.2354350770310127 1.2353240256551472 1.2352129742792815 1.235101922903416 1.2349908715275504 1.2348798201516848
1.2613721546194172 1.2605814555353114 1.2597658295720837 1.258923556210935 1.2580812828497865 1.2572390094886379 1.2563967361274893 1.2555544627663404 1.2547121894051918 1.2538699160440432 1.2530276426828946 1.2521853693217457 1.2513430959605971 1.2505008225994485 1.2496585492382983 1.2488162758771497 1.247974002516001 1.2471317291548523 1.2462894557937036 1.245447182432555 1.2446049090714064 1.2437626357102576 1.242920362349109 1.2420780889879603 1.2412358156268117 1.2403935422656631 1.2395512689045143 1.2387089955433643 1.2378667221822155 1.2370244488210669 1.2361821754599183 1.2353399020987696 1.2348511650961362 1.234740366463716 1.2346295678312957 1.2345187691988755 1.234407970566455 1.2342971719340348 1.2341863733016145 1.2340755746691943 1.2339647760367736 1.2338539774043533 1.233743178771933 1.2336323801395128
1.2610730138451391 1.2602702941828599 1.2594334266555514 1.2585600542876991 1.257686681919847 1.2568133095519949 1.2559399371841427 1.2550665648162906 1.2541931924484384 1.2533198200805864 1.2524464477127342 1.2515730753448822 1.25069970297703 1.2498263306091777 1.2489529582413241 1.2480795858734721 1.2472062135056199 1.2463328411377679 1.2454594687699156 1.2445860964020634 1.2437127240342114 1.2428393516663592 1.2419659792985072 1.241092606930655 1.240219234562803 1.2393458621949507 1.2384724898270987 1.237599117459245 1.2367257450913929 1.2358523727235406 1.2349790003556886 1.2341056279878364 1.2336009449060656 1.2334903990170905 1.2333798531281155 1.2332693072391403 1.2331587613501653 1.2330482154611901 1.2329376695722152 1.23282712368324 1.2327165777942648 1.2326060319052898 1.2324954860163146 1.2323849401273397
1.2607738730708613 1.2599591328304087 1.259101023739019 1.2581965523644634 1.2572920809899077 1.2563876096153521 1.2554831382407967 1.254578666866241 1.2536741954916855 1.2527697241171298 1.2518652527425744 1.2509607813680188 1.2500563099934632 1.2491518386189076 1.2482473672443506 1.247342895869795 1.2464384244952393 1.2455339531206837 1.244629481746128 1.2437250103715727 1.242820538997017 1.2419160676224614 1.2410115962479058 1.2401071248733504 1.2392026534987948 1.2382981821242391 1.2373937107496835 1.2364892393751266 1.235584768000571 1.2346802966260153 1.2337758252514597 1.2328713538769043 1.2323507247159957 1.2322404315704658 1.2321301384249361 1.2320198452794062 1.2319095521338763 1.2317992589883466 1.2316889658428167 1.2315786726972868 1.231468379551757 1.231358086406227 1.231247793260697 1.2311375001151674
1.2604747322965832 1.2596479714779574 1.2587686208224866 1.2578330504412276 1.2568974800599686 1.2559619096787096 1.2550263392974506 1.2540907689161915 1.2531551985349325 1.2522196281536735 1.2512840577724145 1.2503484873911554 1.2494129170098964 1.2484773466286374 1.2475417762473768 1.2466062058661178 1.2456706354848588 1.2447350651035998 1.2437994947223407 1.242863924341082 1.241928353959823 1.240992783578564 1.2400572131973049 1.2391216428160459 1.2381860724347868 1.2372505020535278 1.2363149316722688 1.2353793612910082 1.2344437909097492 1.2335082205284902 1.2325726501472312 1.2316370797659721 1.231100504525926 1.2309904641238414 1.2308804237217568 1.2307703833196724 1.2306603429175877 1.2305503025155031 1.2304402621134185 1.2303302217113339 1.230220181309249 1.2301101409071644 1.2300001005050798 1.2298900601029952
