Figures/CREST_Example_wjb_NSE/PETs/wjb.pet.20090211.asc
ncols            288
nrows            254
xllcorner        113.274861
yllcorner        31.4918055
cellsize         0.008333333333
NODATA_value     -9999
[rows 80 to 99 of 254, columns 132 to 175 of 288]
1.594409407789852 1.5913989629640217 1.5883885181381912 1.5853780733123608 1.5823676284865305 1.5793571836607 1.5763467388348698 1.5733362940090394 1.570325849183209 1.5673154043573787 1.5643049595315484 1.5612945147057127 1.5582840698798823 1.555273625054052 1.5522631802282216 1.5492527354023913 1.546242290576561 1.5432318457507306 1.5402214009249002 1.5372109560990699 1.5342005112732393 1.531190066447409 1.5281796216215786 1.5251691767957483 1.5221587319699128 1.5191482871440825 1.516137842318252 1.5131273974924218 1.5101169526665912 1.5071065078407608 1.5049582340662895 1.5037316406492964 1.5025050472323034 1.5012784538153103 1.5000518603983173 1.4988252669813242 1.4975986735643312 1.4963720801473361 1.495145486730343 1.49391889331335 1.492692299896357 1.4914657064793637 1.4902391130623707 1.4890125196453776
1.5942346122745765 1.5912720141194563 1.588309415964336 1.5853468178092158 1.5823842196540958 1.5794216214989756 1.5764590233438553 1.5734964251887351 1.570533827033615 1.5675712288784949 1.5646086307233746 1.5616460325682495 1.5586834344131293 1.555720836258009 1.5527582381028888 1.5497956399477688 1.5468330417926486 1.5438704436375283 1.5409078454824081 1.537945247327288 1.5349826491721679 1.5320200510170476 1.5290574528619274 1.5260948547068072 1.523132256551682 1.5201696583965618 1.5172070602414416 1.5142444620863216 1.5112818639312013 1.508319265776081 1.5062068389513499 1.5050032645109286 1.5037996900705073 1.5025961156300862 1.501392541189665 1.5001889667492436 1.4989853923088223 1.497781817868399 1.4965782434279777 1.4953746689875564 1.4941710945471351 1.4929675201067139 1.4917639456662926 1.4905603712258713
1.5940598167593008 1.5911450652748906 1.5882303137904807 1.5853155623060706 1.5824008108216607 1.5794860593372508 1.5765713078528407 1.5736565563684308 1.570741804884021 1.5678270533996108 1.564912301915201 1.561997550430786 1.559082798946376 1.556168047461966 1.553253295977556 1.5503385444931461 1.547423793008736 1.544509041524326 1.5415942900399162 1.538679538555506 1.5357647870710962 1.532850035586686 1.5299352841022762 1.5270205326178663 1.5241057811334513 1.5211910296490414 1.5182762781646313 1.5153615266802214 1.5124467751958113 1.5095320237114014 1.5074554438364103 1.5062748883725607 1.5050943329087114 1.5039137774448619 1.5027332219810123 1.5015526665171628 1.5003721110533135 1.499191555589462 1.4980110001256124 1.4968304446617628 1.4956498891979135 1.494469333734064 1.4932887782702144 1.4921082228063651
1.593885021244025 1.5910181164303252 1.5881512116166254 1.5852843068029256 1.5824174019892259 1.579550497175526 1.5766835923618263 1.5738166875481265 1.5709497827344268 1.568082877920727 1.5652159731070272 1.5623490682933225 1.5594821634796228 1.556615258665923 1.5537483538522232 1.5508814490385234 1.5480145442248237 1.5451476394111239 1.542280734597424 1.5394138297837243 1.5365469249700245 1.5336800201563248 1.530813115342625 1.5279462105289252 1.5250793057152205 1.5222124009015208 1.519345496087821 1.5164785912741212 1.5136116864604214 1.5107447816467217 1.5087040487214707 1.507546512234193 1.5063889757469153 1.5052314392596375 1.50407390277236 1.5029163662850822 1.5017588297978044 1.5006012933105248 1.499443756823247 1.4982862203359695 1.4971286838486917 1.4959711473614141 1.4948136108741363 1.4936560743868585
1.5937102257287494 1.59089116758576 1.5880721094427703 1.5852530512997807 1.5824339931567912 1.5796149350138016 1.576795876870812 1.5739768187278225 1.5711577605848328 1.5683387024418431 1.5655196442988537 1.5627005861558592 1.5598815280128697 1.55706246986988 1.5542434117268904 1.551424353583901 1.5486052954409113 1.5457862372979219 1.5429671791549322 1.5401481210119425 1.537329062868953 1.5345100047259634 1.5316909465829738 1.5288718884399843 1.5260528302969898 1.5232337721540004 1.5204147140110107 1.517595655868021 1.5147765977250316 1.511957539582042 1.509952653606531 1.508818136095825 1.5076836185851192 1.5065491010744134 1.5054145835637074 1.5042800660530016 1.5031455485422955 1.5020110310315877 1.500876513520882 1.4997419960101759 1.49860747849947 1.497472960988764 1.4963384434780582 1.4952039259673524
1.5935354302134737 1.5907642187411943 1.587993007268915 1.5852217957966357 1.5824505843243564 1.579679372852077 1.5769081613797977 1.5741369499075184 1.571365738435239 1.5685945269629595 1.5658233154906802 1.5630521040183962 1.560280892546117 1.5575096810738376 1.5547384696015583 1.551967258129279 1.5491960466569994 1.54642483518472 1.5436536237124407 1.5408824122401614 1.538111200767882 1.5353399892956028 1.5325687778233235 1.5297975663510441 1.52702635487876 1.5242551434064806 1.5214839319342013 1.518712720461922 1.5159415089896426 1.5131702975173633 1.5112012584915926 1.5100897599574583 1.5089782614233243 1.5078667628891902 1.5067552643550561 1.505643765820922 1.5045322672867878 1.503420768752652 1.5023092702185177 1.5011977716843836 1.5000862731502496 1.4989747746161155 1.4978632760819814 1.4967517775478472
1.593360634698198 1.5906372698966291 1.58791390509506 1.5851905402934907 1.5824671754919217 1.5797438106903525 1.5770204458887833 1.5742970810872141 1.5715737162856451 1.568850351484076 1.5661269866825067 1.563403621880933 1.5606802570793639 1.5579568922777947 1.5552335274762255 1.5525101626746565 1.5497867978730873 1.547063433071518 1.5443400682699489 1.5416167034683799 1.5388933386668107 1.5361699738652415 1.5334466090636725 1.5307232442621033 1.5279998794605294 1.5252765146589602 1.5225531498573912 1.519829785055822 1.5171064202542528 1.5143830554526838 1.512449863376653 1.5113613838190907 1.5102729042615284 1.509184424703966 1.5080959451464038 1.5070074655888415 1.5059189860312792 1.504830506473715 1.5037420269161528 1.5026535473585902 1.501565067801028 1.5004765882434656 1.4993881086859033 1.498299629128341
1.5931858391829226 1.5905103210520637 1.5878348029212048 1.5851592847903457 1.5824837666594869 1.5798082485286278 1.577132730397769 1.57445721226691 1.571781694136051 1.569106176005192 1.5664306578743332 1.5637551397434697 1.5610796216126106 1.5584041034817517 1.5557285853508929 1.5530530672200338 1.550377549089175 1.5477020309583158 1.545026512827457 1.542350994696598 1.539675476565739 1.5369999584348801 1.5343244403040213 1.5316489221731622 1.5289734040422986 1.5262978859114398 1.523622367780581 1.5209468496497218 1.518271331518863 1.5155958133880039 1.5136984682617134 1.5126330076807228 1.5115675470997323 1.510502086518742 1.5094366259377514 1.5083711653567609 1.5073057047757703 1.506240244194778 1.5051747836137874 1.5041093230327969 1.5030438624518063 1.5019784018708158 1.5009129412898252 1.4998474807088347
1.5932389706212475 1.590621998868765 1.5880050271162827 1.5853880553638002 1.5827710836113178 1.5801541118588354 1.577537140106353 1.5749201683538705 1.5723031966013883 1.5696862248489059 1.5670692530964234 1.5644522813439363 1.561835309591454 1.5592183378389715 1.5566013660864892 1.5539843943340066 1.5513674225815244 1.548750450829042 1.5461334790765595 1.543516507324077 1.5408995355715946 1.5382825638191122 1.5356655920666298 1.5330486203141473 1.5304316485616605 1.527814676809178 1.5251977050566956 1.5225807333042132 1.5199637615517307 1.5173467897992483 1.5154894729789168 1.5144442444655652 1.5133990159522137 1.5123537874388622 1.5113085589255106 1.510263330412159 1.5092181018988073 1.508172873385454 1.5071276448721025 1.506082416358751 1.5050371878453994 1.5039919593320479 1.5029467308186961 1.5019015023053446
1.5935357416025784 1.59098875354137 1.5884417654801617 1.5858947774189533 1.583347789357745 1.5808008012965367 1.5782538132353283 1.57570682517412 1.5731598371129116 1.5706128490517033 1.568065860990495 1.5655188729292824 1.562971884868074 1.5604248968068657 1.5578779087456573 1.555330920684449 1.5527839326232407 1.5502369445620323 1.547689956500824 1.5451429684396156 1.5425959803784073 1.540048992317199 1.5375020042559906 1.5349550161947825 1.5324080281335697 1.5298610400723613 1.527314052011153 1.5247670639499447 1.5222200758887363 1.519673087827528 1.5178602689193268 1.5168322934436747 1.5158043179680225 1.5147763424923706 1.5137483670167184 1.5127203915410663 1.5116924160654142 1.5106644405897605 1.5096364651141083 1.5086084896384562 1.507580514162804 1.5065525386871519 1.5055245632114997 1.5044965877358478
1.5938325125839092 1.591355508213975 1.5888785038440407 1.5864014994741065 1.5839244951041722 1.581447490734238 1.5789704863643037 1.5764934819943694 1.5740164776244352 1.571539473254501 1.569062468884567 1.5665854645146284 1.5641084601446942 1.56163145577476 1.5591544514048257 1.5566774470348914 1.5542004426649572 1.551723438295023 1.5492464339250887 1.5467694295551544 1.5442924251852201 1.5418154208152859 1.5393384164453519 1.5368614120754176 1.5343844077054791 1.5319074033355449 1.5294303989656106 1.5269533945956764 1.524476390225742 1.5219993858558079 1.5202310648597368 1.519220342421784 1.5182096199838315 1.5171988975458788 1.5161881751079263 1.5151774526699735 1.514166730232021 1.5131560077940667 1.512145285356114 1.5111345629181614 1.5101238404802086 1.5091131180422561 1.5081023956043034 1.5070916731663508
1.5941292835652399 1.5917222628865797 1.5893152422079195 1.5869082215292594 1.5845012008505992 1.582094180171939 1.5796871594932789 1.577280138814619 1.5748731181359588 1.5724660974572986 1.5700590767786384 1.567652056099974 1.565245035421314 1.562838014742654 1.5604309940639938 1.5580239733853336 1.5556169527066734 1.5532099320280133 1.550802911349353 1.548395890670693 1.5459888699920328 1.5435818493133726 1.5411748286347127 1.5387678079560525 1.5363607872773881 1.533953766598728 1.531546745920068 1.5291397252414078 1.5267327045627477 1.5243256838840875 1.5226018608001466 1.5216083913998932 1.52061492199964 1.519621452599387 1.5186279831991338 1.5176345137988807 1.5166410443986276 1.5156475749983727 1.5146541055981195 1.5136606361978664 1.512667166797613 1.51167369739736 1.5106802279971068 1.5096867585968536
1.594426054546571 1.5920890175591849 1.589751980571799 1.587414943584413 1.585077906597027 1.582740869609641 1.580403832622255 1.578066795634869 1.575729758647483 1.5733927216600971 1.571055684672711 1.568718647685321 1.5663816106979351 1.564044573710549 1.5617075367231632 1.5593704997357771 1.557033462748391 1.5546964257610052 1.5523593887736191 1.550022351786233 1.5476853147988472 1.5453482778114611 1.5430112408240753 1.5406742038366892 1.538337166849299 1.5360001298619133 1.5336630928745272 1.5313260558871413 1.5289890188997552 1.5266519819123692 1.5249726567405584 1.5239964403780049 1.5230202240154511 1.5220440076528974 1.5210677912903436 1.5200915749277901 1.5191153585652364 1.518139142202681 1.5171629258401274 1.5161867094775736 1.51521049311502 1.5142342767524664 1.5132580603899126 1.5122818440273589
1.5947228255279016 1.5924557722317898 1.5901887189356778 1.587921665639566 1.585654612343454 1.583387559047342 1.5811205057512303 1.5788534524551183 1.5765863991590066 1.5743193458628946 1.5720522925667828 1.569785239270667 1.567518185974555 1.5652511326784433 1.5629840793823313 1.5607170260862193 1.5584499727901076 1.5561829194939956 1.5539158661978838 1.5516488129017718 1.54938175960566 1.547114706309548 1.544847653013436 1.5425805997173243 1.5403135464212085 1.5380464931250966 1.5357794398289848 1.5335123865328728 1.531245333236761 1.528978279940649 1.5273434526809684 1.5263844893561143 1.52542552603126 1.5244665627064058 1.5235075993815514 1.5225486360566973 1.5215896727318432 1.5206307094069873 1.519671746082133 1.5187127827572788 1.5177538194324247 1.5167948561075704 1.5158358927827162 1.514876929457862
1.5950195965092322 1.5928225269043945 1.5906254572995566 1.588428387694719 1.586231318089881 1.5840342484850434 1.5818371788802055 1.5796401092753678 1.57744303967053 1.5752459700656922 1.5730489004608543 1.5708518308560129 1.568654761251175 1.5664576916463373 1.5642606220414994 1.5620635524366617 1.5598664828318238 1.5576694132269862 1.5554723436221483 1.5532752740173106 1.5510782044124727 1.548881134807635 1.546684065202797 1.5444869955979594 1.5422899259931178 1.54009285638828 1.5378957867834422 1.5356987171786045 1.5335016475737666 1.531304577968929 1.5297142486213784 1.5287725383342237 1.527830828047069 1.5268891177599142 1.5259474074727595 1.5250056971856045 1.5240639868984498 1.5231222766112935 1.5221805663241388 1.521238856036984 1.5202971457498293 1.5193554354626746 1.5184137251755199 1.5174720148883651
1.5953163674905633 1.5931892815769995 1.5910621956634359 1.588935109749872 1.5868080238363085 1.5846809379227447 1.582553852009181 1.5804267660956173 1.5782996801820537 1.5761725942684899 1.5740455083549263 1.571918422441359 1.5697913365277951 1.5676642506142315 1.5655371647006677 1.5634100787871041 1.5612829928735403 1.5591559069599767 1.557028821046413 1.5549017351328493 1.5527746492192855 1.550647563305722 1.5485204773921581 1.5463933914785946 1.5442663055650272 1.5421392196514636 1.5400121337378998 1.5378850478243362 1.5357579619107724 1.5336308759972088 1.5320850445617882 1.531160587312333 1.5302361300628777 1.5293116728134224 1.528387215563967 1.527462758314512 1.5265383010650566 1.5256138438155997 1.5246893865661444 1.5237649293166893 1.522840472067234 1.5219160148177786 1.5209915575683233 1.5200671003188682
1.595613138471894 1.5935560362496042 1.5914989340273147 1.589441831805025 1.5873847295827355 1.5853276273604457 1.5832705251381562 1.5812134229158668 1.579156320693577 1.5770992184712875 1.5750421162489978 1.5729850140267048 1.5709279118044153 1.5688708095821255 1.566813707359836 1.5647566051375463 1.5626995029152568 1.5606424006929671 1.5585852984706776 1.556528196248388 1.5544710940260984 1.552413991803809 1.5503568895815192 1.5482997873592297 1.5462426851369364 1.544185582914647 1.5421284806923574 1.5400713784700677 1.5380142762477782 1.5359571740254885 1.5344558405021982 1.5335486362904425 1.5326414320786865 1.5317342278669308 1.530827023655175 1.5299198194434191 1.5290126152316634 1.528105411019906 1.5271982068081502 1.5262910025963945 1.5253837983846386 1.5244765941728828 1.523569389961127 1.5226621857493712
1.5959099094532245 1.593922790922209 1.5919356723911935 1.589948553860178 1.5879614353291625 1.585974316798147 1.5839871982671314 1.582000079736116 1.5800129612051004 1.578025842674085 1.5760387241430696 1.5740516056120506 1.572064487081035 1.5700773685500196 1.5680902500190042 1.5661031314879885 1.5641160129569731 1.5621288944259575 1.560141775894942 1.5581546573639264 1.556167538832911 1.5541804203018956 1.55219330177088 1.5502061832398646 1.5482190647088456 1.5462319461778302 1.5442448276468146 1.5422577091157992 1.5402705905847835 1.5382834720537681 1.536826636442608 1.5359366852685516 1.5350467340944953 1.534156782920439 1.5332668317463827 1.5323768805723263 1.53148692939827 1.5305969782242121 1.5297070270501558 1.5288170758760995 1.5279271247020432 1.5270371735279868 1.5261472223539303 1.525257271179874
1.5962066804345556 1.5942895455948143 1.592372410755073 1.5904552759153316 1.58853814107559 1.5866210062358488 1.5847038713961075 1.5827867365563661 1.5808696017166248 1.5789524668768835 1.5770353320371422 1.5751181971973975 1.5732010623576562 1.571283927517915 1.5693667926781734 1.567449657838432 1.5655325229986907 1.5636153881589494 1.561698253319208 1.5597811184794668 1.5578639836397254 1.555946848799984 1.5540297139602426 1.5521125791205013 1.5501954442807566 1.5482783094410153 1.546361174601274 1.5444440397615327 1.5425269049217913 1.54060977008205 1.53919743238302 1.538324734246663 1.5374520361103061 1.5365793379739494 1.5357066398375925 1.5348339417012355 1.5339612435648788 1.5330885454285204 1.5322158472921636 1.5313431491558067 1.5304704510194498 1.529597752883093 1.5287250547467361 1.5278523566103792
1.5965034514158862 1.594656300267419 1.5928091491189518 1.5909619979704845 1.5891148468220173 1.58726769567355 1.5854205445250829 1.5835733933766156 1.5817262422281484 1.579879091079681 1.5780319399312137 1.5761847887827434 1.5743376376342761 1.572490486485809 1.5706433353373417 1.5687961841888745 1.5669490330404072 1.56510188189194 1.5632547307434725 1.5614075795950053 1.559560428446538 1.5577132772980709 1.5558661261496036 1.5540189750011364 1.552171823852666 1.5503246727041988 1.5484775215557316 1.5466303704072644 1.544783219258797 1.5429360681103297 1.5415682283234298 1.5407127832247725 1.5398573381261151 1.5390018930274576 1.5381464479288003 1.537291002830143 1.5364355577314857 1.5355801126328268 1.5347246675341693 1.533869222435512 1.5330137773368546 1.532158332238197 1.5313028871395398 1.5304474420408825
