Figures/CREST_Example_wjb_NSE/PETs/wjb.pet.20090130.asc
ncols            288
nrows            254
xllcorner        113.274861
yllcorner        31.4918055
cellsize         0.008333333333
NODATA_value     -9999
[rows 120 to 139 of 254, columns 0 to 43 of 288]
-9999.0 -9999.0 -9999.0 -9999.0 -9999.0 -9999.0 -9999.0 -9999.0 -9999.0 -9999.0 -9999.0 -9999.0 -9999.0 1.0354455594690763 1.0365563652249608 1.0376671709808452 1.0387779767367296 1.0398887824926142 -9999.0 -9999.0 -9999.0 -9999.0 -9999.0 -9999.0 -9999.0 -9999.0 -9999.0 -9999.0 -9999.0 1.0532184515632292 1.0543292573191136 1.055440063074998 1.0565508688308827 1.057661674586767 1.0587724803426515 1.0598832860985359 1.0609940918544203 1.0621048976103047 1.0632157033661893 1.0643265091220755 1.06543731487796 1.0665481206338445 1.0672399932830026 1.0674840169727973
-9999.0 -9999.0 -9999.0 -9999.0 -9999.0 -9999.0 -9999.0 -9999.0 -9999.0 -9999.0 -9999.0 -9999.0 1.036159656367753 1.0371497033762582 1.0381397503847618 1.0391297973932652 1.0401198444017685 1.0411098914102719 1.0420999384187755 -9999.0 -9999.0 -9999.0 -9999.0 -9999.0 -9999.0 -9999.0 -9999.0 -9999.0 -9999.0 -9999.0 1.053980502520818 1.0549705495293216 1.055960596537825 1.0569506435463283 1.0579406905548316 1.0589307375633352 1.0599207845718386 1.060910831580342 1.0619008785888455 1.0628909255973504 1.063880972605854 1.0648710196143574 1.065506497779678 1.0657629338380545
-9999.0 -9999.0 -9999.0 -9999.0 -9999.0 -9999.0 -9999.0 -9999.0 -9999.0 -9999.0 -9999.0 -9999.0 1.0379845590223165 1.0388538472834403 1.0397231355445626 1.0405924238056852 1.0414617120668075 1.04233100032793 1.0432002885890523 1.0440695768501747 1.0449388651112972 -9999.0 -9999.0 -9999.0 -9999.0 -9999.0 -9999.0 -9999.0 -9999.0 1.0527624594614002 1.0536317477225225 1.054501035983645 1.0553703242447674 1.0562396125058897 1.0571089007670122 1.0579781890281346 1.058847477289257 1.0597167655503794 1.0605860538115017 1.0614553420726256 1.0623246303337481 1.0631939185948704 1.0637730022763536 1.0640418507033123
-9999.0 -9999.0 -9999.0 -9999.0 -9999.0 -9999.0 -9999.0 -9999.0 -9999.0 -9999.0 -9999.0 -9999.0 1.0398094616768796 1.0405579911906222 1.0413065207043637 1.042055050218105 1.0428035797318465 1.0435521092455877 1.0443006387593292 1.0450491682730705 1.045797697786812 -9999.0 -9999.0 1.048043286328036 -9999.0 -9999.0 -9999.0 -9999.0 -9999.0 1.0525344634104856 1.053282992924227 1.0540315224379684 1.0547800519517097 1.0555285814654511 1.0562771109791924 1.057025640492934 1.0577741700066752 1.0585226995204167 1.059271229034158 1.0600197585479005 1.060768288061642 1.0615168175753833 1.062039506773029 1.0623207675685695
-9999.0 -9999.0 -9999.0 -9999.0 -9999.0 -9999.0 -9999.0 -9999.0 -9999.0 -9999.0 -9999.0 -9999.0 1.0416343643314443 1.0422621350978056 1.042889905864166 1.0435176766305263 1.0441454473968865 1.0447732181632468 1.045400988929607 1.0460287596959672 1.0466565304623274 1.0472843012286877 1.047912071995048 1.0485398427614083 1.0491676135277685 1.0497953842941288 -9999.0 -9999.0 1.0516786965932106 1.0523064673595708 1.0529342381259312 1.0535620088922915 1.0541897796586517 1.054817550425012 1.0554453211913721 1.0560730919577324 1.0567008627240926 1.057328633490453 1.0579564042568133 1.0585841750231746 1.0592119457895348 1.059839716555895 1.0603060112697031 1.0605996844338257
-9999.0 -9999.0 -9999.0 -9999.0 -9999.0 -9999.0 -9999.0 -9999.0 -9999.0 -9999.0 -9999.0 1.0435124163008789 1.0434592669860077 1.0439662790049877 1.044473291023967 1.0449803030429463 1.0454873150619255 1.0459943270809047 1.0465013390998839 1.0470083511188633 1.0475153631378424 1.0480223751568216 1.0485293871758008 1.0490363991947802 1.0495434112137594 1.0500504232327386 1.0505574352517186 1.051064447270698 1.0515714592896772 1.0520784713086564 1.0525854833276356 1.053092495346615 1.0535995073655942 1.0541065193845733 1.0546135314035525 1.055120543422532 1.055627555441511 1.0561345674604903 1.0566415794794695 1.0571485914984498 1.057655603517429 1.0581626155364081 1.0585725157663788 1.0588786012990832
-9999.0 -9999.0 -9999.0 -9999.0 -9999.0 -9999.0 -9999.0 -9999.0 -9999.0 -9999.0 -9999.0 1.0454064838305062 1.0452841696405708 1.0456704229121698 1.046056676183768 1.046442929455366 1.0468291827269645 1.0472154359985626 1.0476016892701607 1.047987942541759 1.0483741958133572 1.0487604490849554 1.0491467023565537 1.0495329556281519 1.04991920889975 1.0503054621713483 1.0506917154429471 1.0510779687145453 1.0514642219861436 1.0518504752577418 1.0522367285293401 1.0526229818009383 1.0530092350725364 1.0533954883441348 1.053781741615733 1.054167994887331 1.0545542481589294 1.0549405014305275 1.0553267547021257 1.0557130079737247 1.0560992612453228 1.056485514516921 1.056839020263054 1.0571575181643407
-9999.0 -9999.0 -9999.0 -9999.0 -9999.0 -9999.0 -9999.0 -9999.0 -9999.0 -9999.0 -9999.0 1.0473005513601337 1.0471090722951342 1.0473745668193517 1.047640061343569 1.047905555867786 1.0481710503920034 1.0484365449162205 1.0487020394404378 1.048967533964655 1.049233028488872 1.0494985230130893 1.0497640175373064 1.0500295120615237 1.0502950065857408 1.0505605011099581 1.0508259956341757 1.051091490158393 1.05135698468261 1.0516224792068274 1.0518879737310445 1.0521534682552618 1.0524189627794789 1.0526844573036962 1.0529499518279133 1.0532154463521306 1.0534809408763477 1.053746435400565 1.054011929924782 1.0542774244489999 1.054542918973217 1.0548084134974343 1.0551055247597296 1.0554364350295982
-9999.0 -9999.0 -9999.0 -9999.0 -9999.0 -9999.0 -9999.0 -9999.0 -9999.0 -9999.0 -9999.0 1.0491946188897612 1.0489339749496975 1.049078710726534 1.04922344650337 1.0493681822802063 1.0495129180570424 1.0496576538338787 1.0498023896107147 1.049947125387551 1.050091861164387 1.0502365969412233 1.0503813327180593 1.0505260684948956 1.0506708042717319 1.050815540048568 1.0509602758254044 1.0511050116022405 1.0512497473790767 1.0513944831559128 1.051539218932749 1.051683954709585 1.0518286904864214 1.0519734262632576 1.0521181620400937 1.05226289781693 1.052407633593766 1.0525523693706023 1.0526971051474383 1.0528418409242748 1.0529865767011108 1.0531313124779471 1.053372029256405 1.0537153518948557
-9999.0 -9999.0 -9999.0 -9999.0 -9999.0 -9999.0 -9999.0 -9999.0 -9999.0 -9999.0 1.0517494385148334 1.0510886864193885 1.0507588776042607 1.050782854633716 1.0508068316631711 1.0508308086926264 1.0508547857220814 1.0508787627515366 1.0509027397809918 1.0509267168104468 1.050950693839902 1.0509746708693573 1.0509986478988123 1.0510226249282675 1.0510466019577227 1.0510705789871777 1.051094556016633 1.0511185330460882 1.0511425100755432 1.0511664871049984 1.0511904641344536 1.0512144411639086 1.0512384181933638 1.051262395222819 1.051286372252274 1.0513103492817293 1.0513343263111845 1.0513583033406395 1.0513822803700947 1.05140625739955 1.0514302344290052 1.0514542114584602 1.0516385337530807 1.0519942687601131
-9999.0 -9999.0 -9999.0 -9999.0 -9999.0 -9999.0 -9999.0 -9999.0 -9999.0 1.0543460625733192 1.0536644082611675 1.052982753949016 1.052583780258824 1.052486998540898 1.052390216822972 1.0522934351050461 1.0521966533871203 1.0520998716691945 1.0520030899512687 1.0519063082333426 1.0518095265154168 1.051712744797491 1.0516159630795652 1.0515191813616391 1.0514223996437133 1.0513256179257875 1.0512288362078615 1.0511320544899356 1.0510352727720096 1.0509384910540838 1.050841709336158 1.0507449276182321 1.050648145900306 1.0505513641823803 1.0504545824644544 1.0503578007465286 1.0502610190286026 1.0501642373106768 1.050067455592751 1.049970673874825 1.049873892156899 1.049777110438973 1.0499050382497561 1.0502731856253706
-9999.0 -9999.0 -9999.0 -9999.0 -9999.0 -9999.0 -9999.0 1.0576870475940778 1.0569844910652195 1.0562819345363614 1.0555793780075031 1.0548768214786448 1.0544086829133887 1.0541911424480814 1.0539736019827743 1.0537560615174673 1.0535385210521604 1.0533209805868533 1.0531034401215464 1.0528858996562394 1.0526683591909325 1.0524508187256254 1.0522332782603183 1.0520157377950115 1.0517981973297044 1.0515806568643975 1.05136311639909 1.051145575933783 1.050928035468476 1.0507104950031692 1.050492954537862 1.050275414072555 1.0500578736072481 1.049840333141941 1.0496227926766342 1.049405252211327 1.0491877117460202 1.0489701712807131 1.048752630815406 1.0485350903500987 1.0483175498847919 1.0481000094194848 1.0481715427464302 1.0485521024906268
-9999.0 -9999.0 -9999.0 -9999.0 -9999.0 -9999.0 1.0603881827360968 1.059664723990532 1.058941265244967 1.058217806499402 1.057494347753837 1.056770889008272 1.0562335855679519 1.0558952863552633 1.0555569871425754 1.0552186879298873 1.0548803887171994 1.0545420895045112 1.0542037902918233 1.0538654910791352 1.0535271918664473 1.0531888926537594 1.0528505934410712 1.0525122942283833 1.0521739950156952 1.0518356958030073 1.0514973965903187 1.0511590973776306 1.0508207981649427 1.0504824989522545 1.0501441997395666 1.0498059005268785 1.0494676013141906 1.0491293021015025 1.0487910028888145 1.0484527036761266 1.0481144044634385 1.0477761052507506 1.0474378060380625 1.047099506825374 1.046761207612686 1.0464229083999979 1.0464380472431059 1.0468310193558843
-9999.0 -9999.0 -9999.0 1.0646198442360721 1.0638754832738004 -9999.0 1.0623867613492575 1.0616424003869858 1.0608980394247143 1.0601536784624426 1.059409317500171 1.0586649565378996 1.0580584882225152 1.0575994302624454 1.0571403723023762 1.0566813143423073 1.0562222563822383 1.0557631984221691 1.0553041404621002 1.0548450825020312 1.054386024541962 1.053926966581893 1.053467908621824 1.053008850661755 1.052549792701686 1.0520907347416169 1.051631676781547 1.051172618821478 1.050713560861409 1.05025450290134 1.049795444941271 1.049336386981202 1.0488773290211328 1.0484182710610639 1.047959213100995 1.0475001551409258 1.0470410971808568 1.0465820392207876 1.0461229812607187 1.0456639233006488 1.0452048653405799 1.0447458073805107 1.0447045517397813 1.0451099362211418
-9999.0 -9999.0 -9999.0 1.0666811294993526 1.0659158663203743 1.0651506031413962 1.064385339962418 1.0636200767834398 1.0628548136044615 1.0620895504254833 1.0613242872465052 1.060559024067527 1.0598833908770784 1.0593035741696273 1.0587237574621773 1.0581439407547273 1.0575641240472773 1.056984307339827 1.056404490632377 1.055824673924927 1.055244857217477 1.0546650405100269 1.0540852238025769 1.0535054070951269 1.0529255903876769 1.0523457736802266 1.0517659569727758 1.0511861402653258 1.0506063235578755 1.0500265068504255 1.0494466901429755 1.0488668734355255 1.0482870567280753 1.0477072400206253 1.0471274233131753 1.0465476066057253 1.045967789898275 1.045387973190825 1.044808156483375 1.044228339775924 1.043648523068474 1.043068706361024 1.042971056236457 1.0433888530863993
-9999.0 -9999.0 -9999.0 1.0687424147626332 1.0679562493669483 1.0671700839712635 1.0663839185755786 1.0655977531798937 1.0648115877842088 1.064025422388524 1.063239256992839 1.0624530915971542 1.0617082935316415 1.0610077180768094 1.0603071426219783 1.0596065671671473 1.058905991712316 1.058205416257485 1.057504840802654 1.056804265347823 1.0561036898929919 1.0554031144381608 1.0547025389833298 1.0540019635284985 1.0533013880736675 1.0526008126188364 1.0519002371640043 1.051199661709173 1.050499086254342 1.049798510799511 1.0490979353446799 1.0483973598898488 1.0476967844350178 1.0469962089801867 1.0462956335253555 1.0455950580705244 1.0448944826156934 1.0441939071608624 1.0434933317060313 1.042792756251199 1.042092180796368 1.0413916053415369 1.0412375607331321 1.0416677699516568
-9999.0 -9999.0 -9999.0 1.0708037000259136 1.0699966324135222 1.0691895648011307 1.0683824971887392 1.0675754295763475 1.066768361963956 1.0659612943515646 1.0651542267391731 1.0643471591267817 1.063533196186205 1.0627118619839913 1.0618905277817792 1.061069193579567 1.060247859377355 1.059426525175143 1.0586051909729308 1.0577838567707187 1.0569625225685066 1.0561411883662946 1.0553198541640825 1.0544985199618704 1.0536771857596583 1.0528558515574462 1.0520345173552328 1.0512131831530207 1.0503918489508086 1.0495705147485965 1.0487491805463844 1.0479278463441724 1.0471065121419603 1.0462851779397482 1.045463843737536 1.044642509535324 1.043821175333112 1.0429998411308998 1.0421785069286877 1.041357172726474 1.040535838524262 1.03971450432205 1.0395040652298078 1.0399466868169143
-9999.0 -9999.0 -9999.0 1.072864985289196 1.072037015460098 1.0712090456309997 1.0703810758019014 1.0695531059728034 1.0687251361437051 1.067897166314607 1.0670691964855088 1.0662412266564107 1.0653580988407698 1.064416005891175 1.0634739129415818 1.0625318199919886 1.0615897270423953 1.0606476340928022 1.0597055411432088 1.0587634481936157 1.0578213552440225 1.0568792622944292 1.055937169344836 1.0549950763952427 1.0540529834456496 1.0531108904960564 1.0521687975464615 1.0512267045968684 1.050284611647275 1.049342518697682 1.0484004257480886 1.0474583327984954 1.0465162398489023 1.045574146899309 1.0446320539497158 1.0436899610001225 1.0427478680505293 1.0418057751009362 1.0408636821513428 1.0399215892017482 1.0389794962521548 1.0380374033025617 1.0377705697264819 1.0382256036821704
-9999.0 -9999.0 -9999.0 1.0749262705524767 1.0740773985066718 1.073228526460867 1.0723796544150621 1.0715307823692573 1.0706819103234526 1.0698330382776478 1.068984166231843 1.068135294186038 1.067183001495333 1.066120149798357 1.0650572981013828 1.0639944464044084 1.0629315947074343 1.06186874301046 1.0608058913134857 1.0597430396165115 1.0586801879195373 1.057617336222563 1.0565544845255888 1.0554916328286146 1.0544287811316404 1.053365929434666 1.05230307773769 1.0512402260407157 1.0501773743437415 1.0491145226467673 1.0480516709497931 1.0469888192528187 1.0459259675558445 1.0448631158588704 1.043800264161896 1.0427374124649218 1.0416745607679476 1.0406117090709732 1.039548857373999 1.038486005677023 1.0374231539800487 1.0363603022830745 1.0360370742231573 1.036504520547428
-9999.0 1.07872710434078 1.0778573300782686 1.0769875558157571 1.0761177815532457 1.0752480072907342 1.0743782330282228 1.0735084587657113 1.0726386845031999 1.0717689102406884 1.070899135978177 1.0700293617156655 1.0690079041498963 1.0678242937055389 1.0666406832611837 1.0654570728168284 1.0642734623724732 1.063089851928118 1.0619062414837628 1.0607226310394073 1.0595390205950521 1.058355410150697 1.0571717997063417 1.0559881892619865 1.054804578817631 1.0536209683732758 1.0524373579289186 1.0512537474845634 1.0500701370402081 1.0488865265958527 1.0477029161514975 1.0465193057071422 1.045335695262787 1.0441520848184318 1.0429684743740766 1.0417848639297211 1.040601253485366 1.0394176430410107 1.0382340325966555 1.0370504221522983 1.0358668117079428 1.0346832012635876 1.034303578719833 1.0347834374126854
