Figures/CREST_Example_wjb_NSE/PETs/wjb.pet.20100418.asc
ncols            288
nrows            254
xllcorner        113.274861
yllcorner        31.4918055
cellsize         0.008333333333
NODATA_value     -9999
[rows 140 to 159 of 254, columns 88 to 131 of 288]
1.6882726558683578 1.6869847474634958 1.6856968390586338 1.6844089306537695 1.6831210222489075 1.6818331138440454 1.6805452054391834 1.6792572970343214 1.6779693886294593 1.6766814802245973 1.6753935718197353 1.6741056634148732 1.6728177550100112 1.6715298466051491 1.671118359301597 1.6716437859722755 1.672169212642955 1.6726946393136335 1.6732200659843122 1.6737454926549906 1.6742709193256693 1.6747963459963477 1.6753217726670262 1.6758471993377049 1.6763726260083833 1.676898052679062 1.6774234793497405 1.6779489060204191 1.6784743326910976 1.6789997593617771 1.6795251860324556 1.680050612703134 1.6805760393738127 1.6811014660444912 1.6816268927151699 1.6821523193858483 1.682677746056527 1.6832031727272054 1.6837285993978839 1.6842540260685626 1.684779452739241 1.6853048794099197 1.685830306080599 1.6863557327512777
1.6850377591132712 1.6836414799967077 1.682245200880144 1.680848921763578 1.6794526426470144 1.6780563635304506 1.676660084413887 1.6752638052973234 1.6738675261807596 1.672471247064196 1.6710749679476324 1.6696786888310688 1.668282409714505 1.6668861305979414 1.666439708724257 1.6670087057206202 1.6675777027169845 1.6681466997133476 1.6687156967097108 1.669284693706074 1.669853690702437 1.6704226876988002 1.6709916846951633 1.6715606816915265 1.6721296786878899 1.672698675684253 1.6732676726806162 1.6738366696769793 1.6744056666733425 1.6749746636697067 1.6755436606660699 1.676112657662433 1.6766816546587962 1.6772506516551593 1.6778196486515224 1.6783886456478856 1.678957642644249 1.679526639640612 1.6800956366369753 1.6806646336333384 1.6812336306297015 1.6818026276260647 1.682371624622429 1.682940621618792
1.6818028623581847 1.6802982125299193 1.678793562701654 1.677288912873386 1.675784263045121 1.6742796132168556 1.6727749633885904 1.671270313560325 1.66976566373206 1.6682610139037946 1.6667563640755292 1.665251714247264 1.6637470644189987 1.6622424145907335 1.6617610581469169 1.6623736254689647 1.6629861927910135 1.6635987601130613 1.6642113274351091 1.664823894757157 1.6654364620792048 1.6660490294012527 1.6666615967233005 1.6672741640453481 1.667886731367396 1.6684992986894438 1.6691118660114916 1.6697244333335395 1.6703370006555873 1.670949567977636 1.671562135299684 1.6721747026217317 1.6727872699437796 1.6733998372658274 1.674012404587875 1.6746249719099229 1.6752375392319707 1.6758501065540186 1.6764626738760664 1.6770752411981142 1.677687808520162 1.6783003758422097 1.6789129431642587 1.6795255104863065
1.6785679656030978 1.676954945063131 1.6753419245231642 1.6737289039831944 1.6721158834432277 1.6705028629032608 1.6688898423632939 1.667276821823327 1.66566380128336 1.6640507807433933 1.6624377602034264 1.6608247396634594 1.6592117191234925 1.6575986985835256 1.657082407569577 1.6577385452173095 1.6583946828650429 1.6590508205127754 1.6597069581605077 1.6603630958082403 1.6610192334559726 1.6616753711037051 1.6623315087514374 1.66298764639917 1.6636437840469025 1.6642999216946348 1.6649560593423673 1.6656121969900997 1.6662683346378322 1.6669244722855656 1.6675806099332982 1.6682367475810305 1.668892885228763 1.6695490228764953 1.6702051605242278 1.6708612981719604 1.6715174358196927 1.6721735734674252 1.6728297111151575 1.67348584876289 1.6741419864106224 1.674798124058355 1.6754542617060884 1.676110399353821
1.6753330688480086 1.6736116775963399 1.6718902863446714 1.6701688950929998 1.6684475038413313 1.6667261125896626 1.6650047213379942 1.6632833300863255 1.661561938834657 1.6598405475829883 1.6581191563313198 1.656397765079651 1.6546763738279826 1.652954982576314 1.652403756992233 1.6531034649656502 1.6538031729390683 1.6545028809124855 1.6552025888859025 1.6559022968593198 1.6566020048327368 1.6573017128061538 1.658001420779571 1.658701128752988 1.6594008367264053 1.6601005446998223 1.6608002526732393 1.6614999606466565 1.6621996686200735 1.6628993765934919 1.6635990845669089 1.664298792540326 1.664998500513743 1.6656982084871603 1.6663979164605773 1.6670976244339943 1.6677973324074116 1.6684970403808286 1.6691967483542458 1.6698964563276628 1.6705961643010798 1.671295872274497 1.6719955802479154 1.6726952882213324
1.6720981720929218 1.6702684101295515 1.6684386481661815 1.6666088862028081 1.6647791242394379 1.6629493622760676 1.6611196003126973 1.6592898383493273 1.657460076385957 1.6556303144225868 1.6538005524592165 1.6519707904958465 1.6501410285324762 1.648311266569106 1.6477251064148928 1.6484683847139945 1.6492116630130975 1.6499549413121992 1.650698219611301 1.6514414979104026 1.6521847762095043 1.6529280545086062 1.653671332807708 1.6544146111068097 1.6551578894059114 1.655901167705013 1.6566444460041148 1.6573877243032165 1.6581310026023182 1.6588742809014212 1.659617559200523 1.6603608374996246 1.6611041157987263 1.661847394097828 1.66259067239693 1.6633339506960316 1.6640772289951333 1.664820507294235 1.6655637855933367 1.6663070638924384 1.6670503421915401 1.6677936204906418 1.6685368987897449 1.6692801770888466
1.6688632753378352 1.6669251426627634 1.6649870099876916 1.6630488773126164 1.6611107446375446 1.6591726119624728 1.657234479287401 1.6552963466123292 1.6533582139372573 1.6514200812621855 1.6494819485871137 1.647543815912042 1.64560568323697 1.6436675505618983 1.6430464558375528 1.6438333044623392 1.644620153087127 1.6454070017119133 1.6461938503366995 1.646980698961486 1.6477675475862723 1.6485543962110587 1.649341244835845 1.6501280934606313 1.6509149420854177 1.651701790710204 1.6524886393349905 1.6532754879597769 1.654062336584563 1.6548491852093508 1.6556360338341372 1.6564228824589236 1.65720973108371 1.6579965797084961 1.6587834283332825 1.659570276958069 1.6603571255828553 1.6611439742076415 1.6619308228324279 1.6627176714572143 1.6635045200820007 1.664291368706787 1.6650782173315746 1.665865065956361
1.6656283785827484 1.663581875195975 1.6615353718092016 1.6594888684224247 1.6574423650356511 1.6553958616488778 1.6533493582621044 1.6513028548753308 1.6492563514885574 1.647209848101784 1.6451633447150105 1.643116841328237 1.6410703379414637 1.6390238345546901 1.6383678052602126 1.6391982242106837 1.6400286431611562 1.640859062111627 1.641689481062098 1.642519900012569 1.64335031896304 1.644180737913511 1.645011156863982 1.645841575814453 1.646671994764924 1.6475024137153949 1.648332832665866 1.6491632516163368 1.649993670566808 1.6508240895172803 1.6516545084677512 1.6524849274182223 1.6533153463686932 1.6541457653191642 1.654976184269635 1.6558066032201062 1.656637022170577 1.6574674411210482 1.658297860071519 1.6591282790219901 1.659958697972461 1.660789116922932 1.6616195358734045 1.6624499548238754
1.6619889952004463 1.6597361355400824 1.6574832758797184 1.6552304162193507 1.6529775565589868 1.650724696898623 1.6484718372382587 1.6462189775778948 1.643966117917531 1.641713258257167 1.639460398596803 1.637207538936439 1.6349546792760752 1.6327018196157113 1.6319015672861994 1.6326541850385596 1.6334068027909212 1.6341594205432812 1.6349120382956415 1.6356646560480017 1.636417273800362 1.6371698915527222 1.6379225093050824 1.6386751270574427 1.639427744809803 1.6401803625621632 1.6409329803145234 1.6416855980668836 1.6424382158192437 1.6431908335716052 1.6439434513239655 1.6446960690763257 1.645448686828686 1.6462013045810462 1.6469539223334064 1.6477065400857667 1.6484591578381267 1.649211775590487 1.6499643933428472 1.6507170110952074 1.6514696288475676 1.652222246599928 1.6529748643522895 1.6537274821046497
1.657917241111665 1.6553532847888617 1.6527893284660584 1.650225372143251 1.6476614158204477 1.6450974594976444 1.6425335031748411 1.639969546852038 1.6374055905292348 1.6348416342064316 1.6322776778836283 1.629713721560825 1.627149765238022 1.6245858089152188 1.6235245110710148 1.624069589117341 1.6246146671636679 1.625159745209994 1.62570482325632 1.6262499013026461 1.6267949793489722 1.6273400573952985 1.6278851354416246 1.6284302134879507 1.6289752915342768 1.6295203695806029 1.630065447626929 1.630610525673255 1.6311556037195811 1.631700681765908 1.6322457598122344 1.6327908378585605 1.6333359159048866 1.6338809939512127 1.6344260719975388 1.6349711500438648 1.635516228090191 1.636061306136517 1.636606384182843 1.6371514622291692 1.6376965402754953 1.6382416183218214 1.6387866963681486 1.6393317744144746
1.65384548702288 1.6509704340376372 1.6480953810523944 1.645220328067147 1.642345275081904 1.6394702220966613 1.6365951691114184 1.6337201161261758 1.630845063140933 1.6279700101556904 1.6250949571704476 1.6222199041852048 1.619344851199962 1.6164697982147194 1.615147454855823 1.6154849931961148 1.6158225315364072 1.616160069876699 1.6164976082169908 1.6168351465572826 1.6171726848975745 1.6175102232378662 1.6178477615781581 1.6181852999184498 1.6185228382587418 1.6188603765990335 1.6191979149393254 1.6195354532796171 1.619872991619909 1.6202105299602014 1.6205480683004931 1.620885606640785 1.6212231449810768 1.6215606833213687 1.6218982216616604 1.6222357600019524 1.622573298342244 1.622910836682536 1.6232483750228277 1.6235859133631196 1.6239234517034113 1.6242609900437033 1.6245985283839957 1.6249360667242874
1.6497737329340985 1.6465875832864165 1.6434014336387344 1.6402152839910469 1.637029134343365 1.633842984695683 1.6306568350480009 1.627470685400319 1.624284535752637 1.6210983861049548 1.617912236457273 1.614726086809591 1.6115399371619088 1.6083537875142269 1.6067703986406383 1.606900397274896 1.6070303959091539 1.6071603945434116 1.6072903931776694 1.607420391811927 1.6075503904461848 1.6076803890804425 1.6078103877147 1.6079403863489579 1.6080703849832156 1.6082003836174734 1.608330382251731 1.6084603808859887 1.6085903795202465 1.6087203781545043 1.608850376788762 1.6089803754230199 1.6091103740572774 1.6092403726915352 1.609370371325793 1.6095003699600505 1.6096303685943083 1.609760367228566 1.6098903658628236 1.6100203644970814 1.6101503631313392 1.6102803617655967 1.6104103603998547 1.6105403590341125
1.6457019788453169 1.6422047325351956 1.6387074862250743 1.635210239914947 1.6317129936048258 1.6282157472947045 1.6247185009845833 1.621221254674462 1.6177240083643407 1.6142267620542194 1.6107295157440982 1.6072322694339767 1.6037350231238554 1.6002377768137341 1.5983933424254535 1.5983158013536771 1.5982382602819005 1.5981607192101241 1.5980831781383478 1.5980056370665714 1.597928095994795 1.5978505549230186 1.5977730138512423 1.5976954727794659 1.5976179317076895 1.597540390635913 1.5974628495641365 1.5973853084923602 1.5973077674205838 1.5972302263488074 1.5971526852770308 1.5970751442052544 1.596997603133478 1.5969200620617017 1.5968425209899253 1.596764979918149 1.5966874388463725 1.5966098977745962 1.5965323567028198 1.5964548156310434 1.596377274559267 1.5962997334874907 1.596222192415714 1.5961446513439377
1.6416302247565355 1.637821881783975 1.6340135388114143 1.6302051958388473 1.6263968528662867 1.6225885098937263 1.6187801669211657 1.614971823948605 1.6111634809760444 1.6073551380034838 1.6035467950309235 1.5997384520583628 1.5959301090858022 1.5921217661132416 1.590016286210269 1.5897312054324584 1.5894461246546474 1.5891610438768369 1.5888759630990263 1.5885908823212158 1.5883058015434053 1.5880207207655948 1.5877356399877842 1.5874505592099737 1.5871654784321634 1.5868803976543528 1.5865953168765423 1.5863102360987318 1.5860251553209213 1.5857400745431103 1.5854549937652997 1.5851699129874892 1.5848848322096787 1.5845997514318682 1.5843146706540576 1.584029589876247 1.5837445090984366 1.5834594283206262 1.5831743475428157 1.5828892667650052 1.5826041859871947 1.5823191052093841 1.5820340244315731 1.5817489436537626
1.637558470667754 1.6334390310327542 1.6293195913977543 1.6252001517627475 1.6210807121277477 1.6169612724927478 1.612841832857748 1.6087223932227481 1.6046029535877484 1.6004835139527485 1.5963640743177487 1.592244634682749 1.588125195047749 1.5840057554127493 1.5816392299950843 1.5811466095112396 1.5806539890273943 1.5801613685435496 1.579668748059705 1.5791761275758602 1.5786835070920158 1.578190886608171 1.5776982661243264 1.577205645640482 1.5767130251566372 1.5762204046727926 1.575727784188948 1.5752351637051034 1.5747425432212587 1.5742499227374134 1.5737573022535687 1.573264681769724 1.5727720612858795 1.5722794408020349 1.5717868203181902 1.5712941998343455 1.570801579350501 1.5703089588666563 1.5698163383828116 1.5693237178989672 1.5688310974151225 1.5683384769312778 1.5678458564474325 1.5673532359635878
1.6334867165789726 1.6290561802815335 1.6246256439840943 1.6201951076866477 1.6157645713892086 1.6113340350917695 1.6069034987943305 1.6024729624968914 1.5980424261994521 1.593611889902013 1.589181353604574 1.584750817307135 1.580320281009696 1.5758897447122568 1.5732621737798997 1.572562013590021 1.571861853400141 1.5711616932102623 1.5704615330203835 1.5697613728305049 1.569061212640626 1.5683610524507474 1.5676608922608686 1.5669607320709897 1.5662605718811111 1.5655604116912323 1.5648602515013537 1.5641600913114748 1.5634599311215962 1.5627597709317163 1.5620596107418374 1.5613594505519588 1.56065929036208 1.5599591301722013 1.5592589699823225 1.5585588097924439 1.557858649602565 1.5571584894126864 1.5564583292228076 1.555758169032929 1.5550580088430501 1.5543578486531715 1.5536576884632916 1.5529575282734127
1.629414962490191 1.6246733295303128 1.6199316965704345 1.615190063610548 1.6104484306506697 1.6057067976907913 1.6009651647309129 1.5962235317710345 1.591481898811156 1.5867402658512777 1.5819986328913993 1.5772569999315211 1.5725153669716427 1.5677737340117643 1.564885117564715 1.5639774176688022 1.5630697177728878 1.5621620178769748 1.561254317981062 1.5603466180851493 1.5594389181892363 1.5585312182933235 1.5576235183974108 1.5567158185014978 1.555808118605585 1.5549004187096722 1.5539927188137592 1.5530850189178464 1.5521773190219337 1.5512696191260191 1.5503619192301064 1.5494542193341936 1.5485465194382806 1.5476388195423678 1.546731119646455 1.545823419750542 1.5449157198546293 1.5440080199587165 1.5431003200628035 1.5421926201668907 1.5412849202709777 1.540377220375065 1.5394695204791506 1.5385618205832376
1.625343208401406 1.6202904787790882 1.6152377491567702 1.6101850195344436 1.6051322899121259 1.600079560289808 1.59502683066749 1.589974101045172 1.5849213714228543 1.5798686418005363 1.5748159121782184 1.5697631825559004 1.5647104529335827 1.5596577233112647 1.556508061349523 1.5553928217475759 1.554277582145627 1.5531623425436798 1.5520471029417326 1.5509318633397855 1.5498166237378384 1.5487013841358912 1.547586144533944 1.546470904931997 1.5453556653300498 1.5442404257281026 1.5431251861261557 1.5420099465242085 1.5408947069222614 1.5397794673203122 1.538664227718365 1.537548988116418 1.536433748514471 1.5353185089125239 1.5342032693105767 1.5330880297086296 1.5319727901066824 1.5308575505047353 1.5297423109027881 1.528627071300841 1.5275118316988938 1.5263965920969467 1.5252813524949977 1.5241661128930506
1.6212714543126245 1.6159076280278675 1.6105438017431102 1.605179975458344 1.5998161491735867 1.5944523228888297 1.5890884966040724 1.5837246703193153 1.578360844034558 1.572997017749801 1.5676331914650437 1.5622693651802866 1.5569055388955295 1.5515417126107722 1.5481310051343384 1.5468082258263571 1.5454854465183736 1.5441626672103923 1.5428398879024112 1.54151710859443 1.5401943292864486 1.5388715499784675 1.5375487706704862 1.536225991362505 1.5349032120545236 1.5335804327465425 1.5322576534385612 1.53093487413058 1.5296120948225986 1.5282893155146153 1.526966536206634 1.5256437568986527 1.5243209775906714 1.5229981982826903 1.521675418974709 1.5203526396667277 1.5190298603587464 1.5177070810507653 1.516384301742784 1.5150615224348027 1.5137387431268217 1.5124159638188404 1.5110931845108568 1.5097704052028755
1.6171997002238432 1.6115247772766466 1.6058498543294502 1.6001749313822442 1.5945000084350476 1.5888250854878512 1.5831501625406548 1.5774752395934584 1.571800316646262 1.5661253936990656 1.5604504707518692 1.5547755478046725 1.5491006248574761 1.5434257019102797 1.5397539489191538 1.5382236299051384 1.5366933108911205 1.535162991877105 1.5336326728630898 1.5321023538490743 1.530572034835059 1.5290417158210436 1.5275113968070284 1.525981077793013 1.5244507587789977 1.5229204397649823 1.521390120750967 1.5198598017369516 1.5183294827229363 1.5167991637089182 1.515268844694903 1.5137385256808875 1.5122082066668723 1.5106778876528568 1.5091475686388416 1.5076172496248261 1.506086930610811 1.5045566115967954 1.5030262925827802 1.5014959735687647 1.4999656545547495 1.498435335540734 1.4969050165267161 1.4953746975127007
