Figures/CREST_Example_wjb_NSE/PETs/wjb.pet.20100513.asc
ncols            288
nrows            254
xllcorner        113.274861
yllcorner        31.4918055
cellsize         0.008333333333
NODATA_value     -9999
[rows 180 to 199 of 254, columns 88 to 131 of 288]
0.8799510140807166 0.8799181226853625 0.8798852312900084 0.8798523398946543 0.8798194484993002 0.879786557103946 0.879753665708592 0.8797207743132379 0.8796878829178838 0.8796549915225297 0.8796221001271756 0.8795892087318216 0.8795563173364674 0.8795234259411133 0.8801812535735809 0.8815774754647742 0.8829736973559698 0.8843699192471629 0.8857661411383562 0.8871623630295494 0.8885585849207426 0.8899548068119358 0.8913510287031291 0.8927472505943223 0.8941434724855155 0.8955396943767087 0.8969359162679019 0.8983321381590952 0.8997283600502883 0.9011245819414839 0.9025208038326772 0.9039170257238704 0.9053132476150636 0.9067094695062569 0.9081056913974501 0.9095019132886433 0.9108981351798365 0.9122943570710298 0.9136905789622229 0.9150868008534162 0.9164830227446095 0.9178792446358026 0.9192754665269982 0.9206716884181915
0.8808294833285218 0.8807954929396093 0.8807615025506969 0.8807275121617844 0.8806935217728717 0.8806595313839592 0.8806255409950468 0.8805915506061343 0.8805575602172218 0.8805235698283093 0.8804895794393968 0.8804555890504843 0.8804215986615718 0.8803876082726593 0.8810074914703017 0.8823263803168361 0.8836452691633726 0.884964158009907 0.8862830468564414 0.8876019357029757 0.8889208245495102 0.8902397133960445 0.8915586022425789 0.8928774910891133 0.8941963799356476 0.895515268782182 0.8968341576287163 0.8981530464752507 0.899471935321785 0.9007908241683217 0.9021097130148561 0.9034286018613905 0.9047474907079248 0.9060663795544592 0.9073852684009935 0.908704157247528 0.9100230460940623 0.9113419349405967 0.9126608237871311 0.9139797126336654 0.9152986014801998 0.9166174903267341 0.9179363791732708 0.9192552680198052
0.8817079525763272 0.8816728631938563 0.8816377738113853 0.8816026844289144 0.8815675950464434 0.8815325056639726 0.8814974162815017 0.8814623268990307 0.8814272375165598 0.881392148134089 0.881357058751618 0.8813219693691471 0.8812868799866762 0.8812517906042052 0.8818337293670225 0.883075285168898 0.8843168409707757 0.8855583967726511 0.8867999525745267 0.8880415083764022 0.8892830641782777 0.8905246199801532 0.8917661757820288 0.8930077315839042 0.8942492873857798 0.8954908431876554 0.8967323989895308 0.8979739547914064 0.8992155105932819 0.9004570663951595 0.901698622197035 0.9029401779989106 0.904181733800786 0.9054232896026616 0.9066648454045371 0.9079064012064126 0.9091479570082881 0.9103895128101637 0.9116310686120391 0.9128726244139147 0.9141141802157902 0.9153557360176657 0.9165972918195433 0.9178388476214189
0.8825864218241333 0.8825502334481039 0.8825140450720746 0.8824778566960452 0.8824416683200159 0.8824054799439865 0.8823692915679573 0.8823331031919279 0.8822969148158987 0.8822607264398693 0.88222453806384 0.8821883496878107 0.8821521613117813 0.8821159729357521 0.8826599672637441 0.8838241900209607 0.8849884127781793 0.8861526355353959 0.8873168582926125 0.888481081049829 0.8896453038070457 0.8908095265642623 0.8919737493214789 0.8931379720786955 0.8943021948359121 0.8954664175931286 0.8966306403503452 0.8977948631075618 0.8989590858647785 0.9001233086219971 0.9012875313792137 0.9024517541364302 0.9036159768936468 0.9047801996508634 0.90594442240808 0.9071086451652967 0.9082728679225132 0.9094370906797298 0.9106013134369464 0.911765536194163 0.9129297589513796 0.9140939817085962 0.9152582044658147 0.9164224272230314
0.8834648910719385 0.8834276037023507 0.8833903163327631 0.8833530289631752 0.8833157415935875 0.8832784542239998 0.8832411668544121 0.8832038794848244 0.8831665921152366 0.8831293047456489 0.8830920173760611 0.8830547300064734 0.8830174426368856 0.882980155267298 0.8834862051604648 0.8845730948730226 0.8856599845855823 0.8867468742981399 0.8878337640106977 0.8889206537232555 0.8900075434358132 0.891094433148371 0.8921813228609287 0.8932682125734864 0.8943551022860442 0.895441991998602 0.8965288817111596 0.8976157714237174 0.8987026611362752 0.8997895508488347 0.9008764405613925 0.9019633302739503 0.903050219986508 0.9041371096990658 0.9052239994116235 0.9063108891241812 0.907397778836739 0.9084846685492968 0.9095715582618545 0.9106584479744122 0.91174533768697 0.9128322273995277 0.9139191171120873 0.9150060068246451
0.8843433603197438 0.8843049739565977 0.8842665875934516 0.8842282012303053 0.8841898148671592 0.8841514285040131 0.884113042140867 0.8840746557777208 0.8840362694145747 0.8839978830514285 0.8839594966882823 0.8839211103251362 0.8838827239619901 0.883844337598844 0.8843124430571857 0.8853219997250846 0.8863315563929852 0.8873411130608841 0.8883506697287831 0.8893602263966819 0.8903697830645808 0.8913793397324797 0.8923888964003786 0.8933984530682775 0.8944080097361764 0.8954175664040752 0.8964271230719741 0.8974366797398731 0.898446236407772 0.8994557930756726 0.9004653497435715 0.9014749064114703 0.9024844630793692 0.9034940197472682 0.904503576415167 0.9055131330830659 0.9065226897509648 0.9075322464188637 0.9085418030867626 0.9095513597546615 0.9105609164225604 0.9115704730904592 0.91258002975836 0.9135895864262588
0.8852218295675491 0.8851823442108445 0.88514285885414 0.8851033734974354 0.8850638881407309 0.8850244027840263 0.8849849174273218 0.8849454320706173 0.8849059467139127 0.8848664613572081 0.8848269760005036 0.884787490643799 0.8847480052870945 0.88470851993039 0.8851386809539066 0.8860709045771467 0.8870031282003883 0.8879353518236283 0.8888675754468683 0.8897997990701084 0.8907320226933484 0.8916642463165885 0.8925964699398284 0.8935286935630685 0.8944609171863086 0.8953931408095486 0.8963253644327887 0.8972575880560287 0.8981898116792687 0.8991220353025103 0.9000542589257504 0.9009864825489904 0.9019187061722305 0.9028509297954705 0.9037831534187105 0.9047153770419506 0.9056476006651906 0.9065798242884306 0.9075120479116707 0.9084442715349107 0.9093764951581508 0.9103087187813909 0.9112409424046325 0.9121731660278725
0.8861002988153545 0.8860597144650915 0.8860191301148285 0.8859785457645655 0.8859379614143026 0.8858973770640396 0.8858567927137766 0.8858162083635137 0.8857756240132507 0.8857350396629878 0.8856944553127248 0.8856538709624618 0.885613286612199 0.885572702261936 0.8859649188506274 0.8868198094292087 0.8876747000077913 0.8885295905863725 0.8893844811649536 0.8902393717435348 0.8910942623221161 0.8919491529006972 0.8928040434792784 0.8936589340578596 0.8945138246364408 0.895368715215022 0.8962236057936032 0.8970784963721844 0.8979333869507655 0.8987882775293482 0.8996431681079294 0.9004980586865106 0.9013529492650918 0.9022078398436729 0.9030627304222542 0.9039176210008353 0.9047725115794165 0.9056274021579978 0.9064822927365789 0.9073371833151601 0.9081920738937412 0.9090469644723225 0.9099018550509052 0.9107567456294863
0.8869787680631597 0.8869370847193383 0.8868954013755169 0.8868537180316955 0.8868120346878742 0.8867703513440528 0.8867286680002314 0.88668698465641 0.8866453013125887 0.8866036179687673 0.8865619346249459 0.8865202512811247 0.8864785679373033 0.8864368845934819 0.8867911567473482 0.8875687142812705 0.8883462718151942 0.8891238293491165 0.8899013868830389 0.8906789444169612 0.8914565019508836 0.8922340594848059 0.8930116170187282 0.8937891745526506 0.8945667320865729 0.8953442896204953 0.8961218471544176 0.89689940468834 0.8976769622222622 0.898454519756186 0.8992320772901082 0.9000096348240306 0.9007871923579529 0.9015647498918753 0.9023423074257976 0.90311986495972 0.9038974224936424 0.9046749800275646 0.905452537561487 0.9062300950954093 0.9070076526293317 0.907785210163254 0.9085627676971777 0.9093403252311
0.8878572373109657 0.8878144549735859 0.8877716726362062 0.8877288902988263 0.8876861079614465 0.8876433256240668 0.887600543286687 0.8875577609493073 0.8875149786119275 0.8874721962745478 0.887429413937168 0.8873866315997883 0.8873438492624085 0.8873010669250286 0.8876173946440697 0.8883176191333332 0.8890178436225978 0.8897180681118613 0.8904182926011247 0.891118517090388 0.8918187415796515 0.8925189660689149 0.8932191905581783 0.8939194150474418 0.8946196395367052 0.8953198640259686 0.896020088515232 0.8967203130044954 0.8974205374937588 0.8981207619830235 0.8988209864722869 0.8995212109615504 0.9002214354508137 0.9009216599400771 0.9016218844293405 0.902322108918604 0.9030223334078674 0.9037225578971309 0.9044227823863942 0.9051230068756576 0.905823231364921 0.9065234558541845 0.9072236803434491 0.9079239048327126
0.8887357065587711 0.8886918252278329 0.8886479438968947 0.8886040625659565 0.8885601812350182 0.8885162999040801 0.888472418573142 0.8884285372422037 0.8883846559112656 0.8883407745803275 0.8882968932493892 0.8882530119184511 0.8882091305875128 0.8881652492565747 0.8884436325407906 0.8890665239853952 0.8896894154300008 0.8903123068746054 0.89093519831921 0.8915580897638146 0.8921809812084192 0.8928038726530236 0.8934267640976282 0.8940496555422328 0.8946725469868374 0.8952954384314419 0.8959183298760465 0.8965412213206511 0.8971641127652557 0.8977870042098612 0.8984098956544658 0.8990327870990704 0.8996556785436749 0.9002785699882795 0.9009014614328841 0.9015243528774887 0.9021472443220933 0.9027701357666977 0.9033930272113023 0.9040159186559069 0.9046388101005115 0.905261701545116 0.9058845929897217 0.9065074844343263
0.8896141758065763 0.8895691954820798 0.8895242151575832 0.8894792348330866 0.8894342545085899 0.8893892741840933 0.8893442938595968 0.8892993135351002 0.8892543332106037 0.889209352886107 0.8891643725616104 0.8891193922371139 0.8890744119126173 0.8890294315881208 0.8892698704375115 0.8898154288374572 0.8903609872374039 0.8909065456373496 0.8914521040372952 0.891997662437241 0.8925432208371867 0.8930887792371324 0.8936343376370781 0.8941798960370239 0.8947254544369696 0.8952710128369152 0.895816571236861 0.8963621296368067 0.8969076880367524 0.897453246436699 0.8979988048366447 0.8985443632365905 0.8990899216365362 0.8996354800364819 0.9001810384364276 0.9007265968363733 0.901272155236319 0.9018177136362647 0.9023632720362105 0.9029088304361561 0.9034543888361019 0.9039999472360476 0.9045455056359942 0.90509106403594
0.8904926450543815 0.8904465657363265 0.8904004864182716 0.8903544071002165 0.8903083277821615 0.8902622484641065 0.8902161691460515 0.8901700898279965 0.8901240105099416 0.8900779311918866 0.8900318518738316 0.8899857725557766 0.8899396932377216 0.8898936139196666 0.8900961083342322 0.8905643336895191 0.8910325590448068 0.8915007844000936 0.8919690097553805 0.8924372351106674 0.8929054604659542 0.8933736858212411 0.893841911176528 0.8943101365318148 0.8947783618871017 0.8952465872423885 0.8957148125976754 0.8961830379529623 0.8966512633082491 0.8971194886635367 0.8975877140188236 0.8980559393741105 0.8985241647293973 0.8989923900846842 0.8994606154399711 0.8999288407952579 0.9003970661505448 0.9008652915058316 0.9013335168611185 0.9018017422164054 0.9022699675716922 0.9027381929269791 0.9032064182822668 0.9036746436375537
0.8913711143021869 0.8913239359905735 0.8912767576789601 0.8912295793673466 0.8911824010557332 0.8911352227441198 0.8910880444325064 0.8910408661208931 0.8909936878092797 0.8909465094976662 0.8908993311860528 0.8908521528744394 0.890804974562826 0.8907577962512127 0.8909223462309531 0.8913132385415812 0.8917041308522098 0.8920950231628378 0.8924859154734658 0.8928768077840938 0.8932677000947218 0.8936585924053498 0.8940494847159779 0.8944403770266058 0.8948312693372339 0.8952221616478618 0.8956130539584899 0.8960039462691178 0.8963948385797459 0.8967857308903746 0.8971766232010026 0.8975675155116306 0.8979584078222586 0.8983493001328866 0.8987401924435146 0.8991310847541426 0.8995219770647707 0.8999128693753986 0.9003037616860267 0.9006946539966546 0.9010855463072827 0.9014764386179106 0.9018673309285393 0.9022582232391674
0.8922495835499925 0.8922013062448207 0.8921530289396489 0.892104751634477 0.8920564743293052 0.8920081970241334 0.8919599197189616 0.8919116424137898 0.891863365108618 0.8918150878034462 0.8917668104982743 0.8917185331931026 0.8916702558879308 0.8916219785827589 0.8917485841276743 0.8920621433936434 0.8923757026596131 0.8926892619255822 0.8930028211915513 0.8933163804575205 0.8936299397234896 0.8939434989894587 0.8942570582554278 0.8945706175213969 0.894884176787366 0.8951977360533352 0.8955112953193043 0.8958248545852734 0.8961384138512425 0.8964519731172121 0.8967655323831812 0.8970790916491505 0.8973926509151195 0.8977062101810886 0.8980197694470577 0.8983333287130268 0.8986468879789961 0.8989604472449652 0.8992740065109343 0.8995875657769034 0.8999011250428725 0.9002146843088417 0.9005282435748113 0.9008418028407804
0.8931280527977978 0.8930786764990677 0.8930293002003374 0.8929799239016071 0.8929305476028769 0.8928811713041467 0.8928317950054164 0.8927824187066863 0.892733042407956 0.8926836661092259 0.8926342898104956 0.8925849135117654 0.8925355372130352 0.892486160914305 0.8925748220243952 0.8928110482457055 0.8930472744670162 0.8932835006883264 0.8935197269096367 0.8937559531309469 0.8939921793522572 0.8942284055735674 0.8944646317948777 0.894700858016188 0.8949370842374983 0.8951733104588085 0.8954095366801188 0.895645762901429 0.8958819891227393 0.89611821534405 0.8963544415653603 0.8965906677866705 0.8968268940079809 0.8970631202292911 0.8972993464506014 0.8975355726719116 0.8977717988932219 0.8980080251145321 0.8982442513358424 0.8984804775571528 0.898716703778463 0.8989529299997733 0.899189156221084 0.8994253824423942
0.8940065220456032 0.8939560467533145 0.8939055714610259 0.8938550961687372 0.8938046208764485 0.89375414558416 0.8937036702918714 0.8936531949995827 0.8936027197072941 0.8935522444150055 0.8935017691227168 0.8934512938304282 0.8934008185381396 0.893350343245851 0.8934010599211161 0.8935599530977675 0.8937188462744191 0.8938777394510705 0.8940366326277219 0.8941955258043733 0.8943544189810247 0.8945133121576762 0.8946722053343276 0.8948310985109791 0.8949899916876305 0.8951488848642819 0.8953077780409333 0.8954666712175847 0.8956255643942361 0.8957844575708878 0.8959433507475392 0.8961022439241907 0.8962611371008421 0.8964200302774935 0.8965789234541449 0.8967378166307963 0.8968967098074477 0.8970556029840991 0.8972144961607506 0.897373389337402 0.8975322825140534 0.8976911756907048 0.8978500688673565 0.8980089620440079
0.8948849912934088 0.8948334170075618 0.8947818427217148 0.8947302684358677 0.8946786941500207 0.8946271198641735 0.8945755455783265 0.8945239712924795 0.8944723970066325 0.8944208227207855 0.8943692484349385 0.8943176741490914 0.8942660998632443 0.8942145255773973 0.8942272978178372 0.8943088579498297 0.8943904180818224 0.894471978213815 0.8945535383458074 0.8946350984778 0.8947166586097925 0.894798218741785 0.8948797788737776 0.8949613390057701 0.8950428991377626 0.8951244592697551 0.8952060194017477 0.8952875795337402 0.8953691396657327 0.8954506997977254 0.895532259929718 0.8956138200617104 0.895695380193703 0.8957769403256955 0.895858500457688 0.8959400605896806 0.8960216207216731 0.8961031808536657 0.8961847409856581 0.8962663011176507 0.8963478612496433 0.8964294213816357 0.8965109815136284 0.896592541645621
0.8957634605412141 0.8957107872618086 0.8956581139824032 0.8956054407029977 0.8955527674235922 0.8955000941441869 0.8954474208647814 0.895394747585376 0.8953420743059706 0.8952894010265651 0.8952367277471597 0.8951840544677542 0.8951313811883488 0.8950787079089434 0.895053535714558 0.8950577628018918 0.8950619898892254 0.8950662169765591 0.8950704440638928 0.8950746711512264 0.8950788982385601 0.8950831253258937 0.8950873524132275 0.8950915795005612 0.8950958065878948 0.8951000336752285 0.8951042607625621 0.8951084878498958 0.8951127149372295 0.8951169420245632 0.8951211691118969 0.8951253961992306 0.8951296232865642 0.8951338503738979 0.8951380774612315 0.8951423045485652 0.895146531635899 0.8951507587232326 0.8951549858105663 0.8951592128978999 0.8951634399852336 0.8951676670725673 0.895171894159901 0.8951761212472347
0.8966419297890195 0.8965881575160556 0.8965343852430917 0.8964806129701278 0.8964268406971639 0.8963730684242002 0.8963192961512363 0.8962655238782724 0.8962117516053086 0.8961579793323448 0.8961042070593809 0.8960504347864171 0.8959966625134532 0.8959428902404893 0.8958797736112789 0.8958066676539538 0.8957335616966284 0.8956604557393032 0.8955873497819781 0.895514243824653 0.8954411378673277 0.8953680319100026 0.8952949259526773 0.8952218199953522 0.895148714038027 0.8950756080807019 0.8950025021233766 0.8949293961660515 0.8948562902087263 0.894783184251401 0.8947100782940758 0.8946369723367507 0.8945638663794254 0.8944907604221003 0.8944176544647751 0.8943445485074499 0.8942714425501247 0.8941983365927996 0.8941252306354743 0.8940521246781492 0.893979018720824 0.8939059127634988 0.8938328068061735 0.8937597008488484
