Figures/CREST_Example_wjb_NSE/PETs/wjb.pet.20090902.asc
ncols            288
nrows            254
xllcorner        113.274861
yllcorner        31.4918055
cellsize         0.008333333333
NODATA_value     -9999
[rows 220 to 239 of 254, columns 132 to 175 of 288]
2.4710013991785718 2.474042351121278 2.4770833030639845 2.480124255006691 2.4831652069493972 2.486206158892104 2.4892471108348104 2.492288062777517 2.495329014720223 2.4983699666629295 2.5014109186056364 2.5044518705483476 2.5074928224910544 2.510533774433761 2.513574726376467 2.5166156783191735 2.51965663026188 2.5226975822045867 2.525738534147293 2.5287794860899995 2.531820438032706 2.534861389975412 2.537902341918119 2.5409432938608254 2.543984245803537 2.5470251977462435 2.55006614968895 2.553107101631656 2.5561480535743626 2.5591890055170694 2.5607335180374156 2.5606783029636015 2.560623087889787 2.560567872815973 2.560512657742159 2.5604574426683446 2.5604022275945306 2.560347012520716 2.560291797446902 2.5602365823730877 2.5601813672992737 2.5601261522254597 2.5600709371516452 2.5600157220778312
2.4723886423338994 2.4754187006437336 2.4784487589535678 2.481478817263402 2.484508875573236 2.4875389338830707 2.490568992192905 2.493599050502739 2.496629108812573 2.4996591671224073 2.5026892254322415 2.5057192837420805 2.5087493420519147 2.5117794003617493 2.5148094586715835 2.5178395169814176 2.5208695752912518 2.523899633601086 2.52692969191092 2.5299597502207543 2.5329898085305884 2.5360198668404226 2.5390499251502567 2.542079983460091 2.5451100417699304 2.5481401000797645 2.5511701583895987 2.554200216699433 2.557230275009267 2.560260333319101 2.56179679924718 2.5617365811319095 2.561676363016639 2.561616144901368 2.561555926786098 2.561495708670827 2.5614354905555565 2.561375272440286 2.561315054325015 2.5612548362097445 2.561194618094474 2.561134399979203 2.5610741818639324 2.561013963748662
2.473775885489227 2.476795050166189 2.479814214843151 2.482833379520113 2.485852544197075 2.4888717088740364 2.4918908735509984 2.4949100382279603 2.4979292029049223 2.500948367581884 2.503967532258846 2.506986696935813 2.510005861612775 2.513025026289737 2.516044190966699 2.519063355643661 2.5220825203206227 2.5251016849975847 2.5281208496745466 2.5311400143515086 2.5341591790284705 2.537178343705432 2.540197508382394 2.543216673059356 2.5462358377363232 2.549255002413285 2.552274167090247 2.5552933317672086 2.5583124964441706 2.5613316611211325 2.5628600804569444 2.5627948593002174 2.56272963814349 2.562664416986763 2.5625991958300363 2.562533974673309 2.562468753516582 2.5624035323598546 2.5623383112031277 2.562273090046401 2.562207868889674 2.5621426477329465 2.5620774265762196 2.5620122054194927
2.4751631286445552 2.478171399688645 2.4811796707327343 2.484187941776824 2.4871962128209137 2.4902044838650035 2.4932127549090928 2.4962210259531825 2.4992292969972723 2.502237568041362 2.5052458390854517 2.5082541101295464 2.511262381173636 2.5142706522177254 2.517278923261815 2.520287194305905 2.5232954653499946 2.5263037363940843 2.5293120074381736 2.5323202784822634 2.535328549526353 2.538336820570443 2.5413450916145326 2.544353362658622 2.547361633702717 2.5503699047468062 2.553378175790896 2.5563864468349857 2.5593947178790755 2.562402988923165 2.5639233616667094 2.563853137468526 2.5637829132703422 2.563712689072159 2.5636424648739755 2.563572240675792 2.5635020164776083 2.5634317922794247 2.5633615680812416 2.563291343883058 2.5632211196848744 2.563150895486691 2.5630806712885073 2.563010447090324
2.4765503717998825 2.4795477492111 2.4825451266223175 2.4855425040335346 2.488539881444752 2.4915372588559697 2.4945346362671867 2.4975320136784043 2.500529391089622 2.503526768500839 2.5065241459120564 2.509521523323279 2.5125189007344964 2.515516278145714 2.518513655556931 2.5215110329681485 2.524508410379366 2.527505787790583 2.5305031652018006 2.533500542613018 2.5364979200242352 2.5394952974354528 2.5424926748466703 2.5454900522578874 2.54848742966911 2.5514848070803273 2.554482184491545 2.5574795619027624 2.5604769393139795 2.563474316725197 2.564986642876474 2.564911415636834 2.564836188397194 2.564760961157554 2.5646857339179143 2.5646105066782745 2.5645352794386342 2.5644600521989944 2.5643848249593546 2.5643095977197143 2.5642343704800745 2.5641591432404347 2.564083916000795 2.5640086887611546
2.47793761495521 2.4809240987335555 2.4839105825119003 2.4868970662902457 2.4898835500685905 2.492870033846936 2.495856517625281 2.498843001403626 2.5018294851819713 2.504815968960316 2.5078024527386615 2.5107889365170117 2.5137754202953566 2.516761904073702 2.519748387852047 2.522734871630392 2.525721355408737 2.5287078391870823 2.5316943229654276 2.5346808067437725 2.537667290522118 2.5406537743004627 2.543640258078808 2.546626741857153 2.549613225635503 2.5525997094138484 2.5555861931921933 2.5585726769705386 2.561559160748884 2.5645456445272288 2.5660499240862387 2.565969693805142 2.5658894635240457 2.565809233242949 2.565729002961853 2.5656487726807566 2.56556854239966 2.5654883121185637 2.5654080818374676 2.565327851556371 2.5652476212752746 2.565167390994178 2.565087160713082 2.5650069304319856
2.4793248581105387 2.4823004482560114 2.4852760384014845 2.488251628546957 2.4912272186924302 2.494202808837903 2.4971783989833756 2.5001539891288487 2.5031295792743213 2.5061051694197944 2.509080759565267 2.512056349710745 2.5150319398562178 2.518007530001691 2.5209831201471635 2.523958710292636 2.5269343004381093 2.529909890583582 2.532885480729055 2.5358610708745277 2.5388366610200004 2.5418122511654735 2.544787841310946 2.5477634314564193 2.550739021601897 2.55371461174737 2.5566902018928426 2.5596657920383157 2.5626413821837883 2.565616972329261 2.5671132052960033 2.5670279719734506 2.566942738650898 2.566857505328345 2.5667722720057924 2.5666870386832397 2.5666018053606865 2.5665165720381338 2.566431338715581 2.566346105393028 2.566260872070475 2.5661756387479224 2.5660904054253697 2.566005172102817
2.4807121012658664 2.483676797778467 2.4866414942910673 2.489606190803668 2.4925708873162686 2.495535583828869 2.4985002803414695 2.5014649768540704 2.504429673366671 2.5073943698792713 2.5103590663918722 2.5133237629044776 2.516288459417078 2.519253155929679 2.5222178524422794 2.52518254895488 2.5281472454674807 2.531111941980081 2.5340766384926816 2.5370413350052825 2.540006031517883 2.5429707280304834 2.545935424543084 2.5489001210556848 2.55186481756829 2.554829514080891 2.5577942105934914 2.560758907106092 2.5637236036186923 2.5666883001312932 2.568176486505768 2.568086250141759 2.5679960137777496 2.56790577741374 2.567815541049731 2.567725304685722 2.567635068321713 2.5675448319577034 2.567454595593694 2.5673643592296846 2.5672741228656757 2.5671838865016663 2.567093650137657 2.567003413773648
2.4820993444211936 2.4850531473009223 2.4880069501806505 2.490960753060379 2.493914555940107 2.4968683588198353 2.4998221616995635 2.502775964579292 2.5057297674590204 2.5086835703387487 2.511637373218477 2.5145911760982105 2.5175449789779387 2.520498781857667 2.523452584737395 2.5264063876171234 2.5293601904968517 2.5323139933765804 2.5352677962563086 2.538221599136037 2.541175402015765 2.5441292048954933 2.547083007775222 2.5500368106549502 2.5529906135346834 2.5559444164144116 2.5588982192941403 2.5618520221738685 2.5648058250535968 2.567759627933325 2.5692397677155325 2.569144528310067 2.5690492889046013 2.5689540494991356 2.56885881009367 2.5687635706882044 2.5686683312827387 2.5685730918772727 2.568477852471807 2.5683826130663414 2.568287373660876 2.56819213425541 2.568096894849944 2.5680016554444784
2.4834865875765213 2.4864294968233773 2.4893724060702334 2.4923153153170894 2.4952582245639454 2.4982011338108014 2.5011440430576575 2.504086952304514 2.50702986155137 2.509972770798226 2.512915680045082 2.515858589291943 2.518801498538799 2.521744407785655 2.524687317032511 2.527630226279367 2.530573135526223 2.533516044773079 2.536458954019935 2.539401863266791 2.5423447725136477 2.5452876817605037 2.5482305910073597 2.5511735002542157 2.5541164095010767 2.5570593187479327 2.5600022279947887 2.5629451372416447 2.5658880464885008 2.568830955735357 2.570303048925297 2.5702028064783753 2.570102564031453 2.5700023215845307 2.569902079137609 2.5698018366906865 2.5697015942437647 2.5696013517968423 2.56950110934992 2.5694008669029977 2.569300624456076 2.5692003820091536 2.5691001395622317 2.5689998971153094
2.48487383073185 2.4878058463458337 2.4907378619598175 2.4936698775738013 2.4966018931877847 2.4995339088017685 2.5024659244157523 2.505397940029736 2.50832995564372 2.511261971257704 2.5141939868716876 2.5171260024856763 2.52005801809966 2.522990033713644 2.5259220493276278 2.5288540649416116 2.5317860805555954 2.534718096169579 2.5376501117835626 2.5405821273975464 2.5435141430115302 2.546446158625514 2.549378174239498 2.5523101898534817 2.5552422054674704 2.558174221081454 2.561106236695438 2.564038252309422 2.5669702679234057 2.5699022835373895 2.571366330135062 2.5712610846466837 2.571155839158305 2.5710505936699266 2.570945348181548 2.5708401026931695 2.570734857204791 2.570629611716412 2.5705243662280335 2.570419120739655 2.5703138752512764 2.570208629762898 2.5701033842745193 2.569998138786141
2.4862610738871775 2.4891821958682887 2.4921033178494003 2.495024439830512 2.4979455618116235 2.500866683792735 2.5037878057738463 2.506708927754958 2.5096300497360695 2.512551171717181 2.5154722936982927 2.518393415679409 2.5213145376605204 2.524235659641632 2.5271567816227436 2.530077903603855 2.5329990255849664 2.535920147566078 2.5388412695471896 2.541762391528301 2.544683513509413 2.547604635490524 2.5505257574716356 2.553446879452747 2.5563680014338637 2.5592891234149753 2.562210245396087 2.565131367377198 2.5680524893583097 2.5709736113394213 2.572429611344827 2.5723193628149916 2.572209114285157 2.5720988657553217 2.571988617225487 2.5718783686956517 2.571768120165817 2.5716578716359817 2.5715476231061465 2.5714373745763117 2.5713271260464765 2.5712168775166417 2.5711066289868065 2.5709963804569718
2.4876483170425048 2.490558545390744 2.4934687737389836 2.4963790020872225 2.499289230435462 2.5021994587837013 2.5051096871319403 2.5080199154801797 2.510930143828419 2.513840372176658 2.5167506005248974 2.5196608288731417 2.522571057221381 2.52548128556962 2.5283915139178594 2.531301742266099 2.534211970614338 2.537122198962577 2.5400324273108166 2.5429426556590555 2.545852884007295 2.5487631123555343 2.5516733407037733 2.5545835690520127 2.557493797400257 2.5604040257484963 2.5633142540967353 2.5662244824449747 2.569134710793214 2.572044939141453 2.5734928925545915 2.5733776409833 2.5732623894120086 2.573147137840717 2.5730318862694257 2.5729166346981343 2.572801383126843 2.572686131555551 2.5725708799842595 2.572455628412968 2.5723403768416766 2.572225125270385 2.5721098736990937 2.5719946221278023
2.489035560197833 2.4919348949132 2.494834229628567 2.497733564343934 2.5006328990593008 2.503532233774668 2.5064315684900347 2.509330903205402 2.512230237920769 2.515129572636136 2.518028907351503 2.5209282420668746 2.523827576782242 2.5267269114976085 2.5296262462129757 2.532525580928343 2.5354249156437096 2.538324250359077 2.5412235850744436 2.5441229197898108 2.5470222545051775 2.5499215892205447 2.5528209239359114 2.5557202586512786 2.5586195933666507 2.5615189280820174 2.5644182627973846 2.5673175975127513 2.5702169322281185 2.5731162669434857 2.5745561737643565 2.5744359191516084 2.5743156645388607 2.5741954099261126 2.574075155313365 2.573954900700617 2.573834646087869 2.573714391475121 2.573594136862373 2.5734738822496253 2.573353627636877 2.5732333730241295 2.5731131184113814 2.5729928637986337
2.490422803353161 2.4933112444356555 2.4961996855181505 2.499088126600645 2.5019765676831396 2.5048650087656346 2.507753449848129 2.510641890930624 2.5135303320131186 2.516418773095613 2.519307214178108 2.5221956552606075 2.5250840963431025 2.527972537425597 2.530860978508092 2.5337494195905865 2.536637860673081 2.539526301755576 2.5424147428380706 2.5453031839205655 2.54819162500306 2.5510800660855546 2.5539685071680496 2.556856948250544 2.559745389333044 2.5626338304155385 2.5655222714980335 2.568410712580528 2.5712991536630225 2.5741875947455175 2.575619454974121 2.575494197319917 2.5753689396657125 2.575243682011508 2.5751184243573038 2.5749931667030994 2.574867909048895 2.5747426513946903 2.574617393740486 2.5744921360862816 2.5743668784320772 2.574241620777873 2.5741163631236685 2.573991105469464
2.4918100465084887 2.494687593958111 2.4975651414077333 2.5004426888573557 2.5033202363069784 2.5061977837566007 2.509075331206223 2.511952878655846 2.514830426105468 2.5177079735550905 2.520585521004713 2.5234630684543404 2.5263406159039627 2.529218163353585 2.532095710803208 2.53497325825283 2.5378508057024525 2.5407283531520752 2.5436059006016976 2.54648344805132 2.549360995500942 2.552238542950565 2.5551160904001873 2.5579936378498096 2.5608711852994372 2.5637487327490596 2.566626280198682 2.5695038276483047 2.572381375097927 2.5752589225475493 2.5766827361838858 2.5765524754882247 2.576422214792564 2.576291954096903 2.5761616934012426 2.5760314327055815 2.575901172009921 2.57577091131426 2.5756406506185994 2.5755103899229383 2.5753801292272778 2.5752498685316167 2.575119607835956 2.5749893471402956
2.4931972896638164 2.4960639434805665 2.498930597297317 2.501797251114067 2.5046639049308173 2.5075305587475674 2.5103972125643175 2.513263866381068 2.516130520197818 2.5189971740145682 2.5218638278313183 2.5247304816480733 2.5275971354648235 2.530463789281574 2.533330443098324 2.5361970969150742 2.5390637507318243 2.5419304045485744 2.544797058365325 2.547663712182075 2.550530365998825 2.5533970198155753 2.5562636736323254 2.5591303274490755 2.561996981265831 2.564863635082581 2.567730288899331 2.5705969427160813 2.5734635965328314 2.5763302503495815 2.577746017393651 2.5776107536565336 2.5774754899194163 2.577340226182299 -9999.0 -9999.0 -9999.0 -9999.0 -9999.0 2.5765286437595956 2.5763933800224783 2.576258116285361 2.576122852548244 2.5759875888111265
2.494584532819144 2.497440293003022 2.5002960531869 2.5031518133707777 2.5060075735546556 2.5088633337385335 2.5117190939224114 2.5145748541062893 2.5174306142901677 2.5202863744740456 2.5231421346579235 2.5259978948418063 2.528853655025684 2.531709415209562 2.53456517539344 2.537420935577318 2.5402766957611957 2.5431324559450736 2.5459882161289515 2.5488439763128294 2.5516997364967073 2.5545554966805852 2.557411256864463 2.560267017048341 2.563122777232224 2.565978537416102 2.56883429759998 2.571690057783858 2.574545817967736 2.5774015781516137 2.578809298603415 2.5786690318248415 2.578528765046268 -9999.0 -9999.0 -9999.0 -9999.0 -9999.0 -9999.0 2.577546897596252 2.5774066308176784 2.577266364039105 2.577126097260531 2.5769858304819575
2.4962760821306853 2.499092692565377 2.501909303000069 2.5047259134347604 2.507542523869452 2.510359134304144 2.5131757447388354 2.5159923551735273 2.518808965608219 2.5216255760429105 2.5244421864776023 2.527258796912299 2.5300754073469904 2.5328920177816823 2.535708628216374 2.5385252386510655 2.5413418490857573 2.544158459520449 2.546975069955141 2.5497916803898324 2.5526082908245242 2.555424901259216 2.5582415116939075 2.5610581221285993 2.563874732563296 2.5666913429979874 2.5695079534326792 2.572324563867371 2.5751411743020625 2.5779577847367543 2.579348399505911 2.5792145926504944 -9999.0 -9999.0 -9999.0 -9999.0 -9999.0 -9999.0 -9999.0 -9999.0 2.5780103309517455 2.577876524096329 2.577742717240912 -9999.0
2.4982929155450675 2.501040172223006 2.5037874289009445 2.506534685578883 2.5092819422568216 2.51202919893476 2.5147764556126986 2.517523712290637 2.5202709689685756 2.5230182256465143 2.5257654823244526 2.528512739002396 2.5312599956803346 2.534007252358273 2.5367545090362116 2.53950176571415 2.5422490223920886 2.544996279070027 2.5477435357479656 2.550490792425904 2.5532380491038427 2.5559853057817814 2.5587325624597197 2.5614798191376584 2.5642270758156016 2.56697433249354 2.5697215891714786 2.572468845849417 2.5752161025273557 2.577963359205294 2.5793271846951193 -9999.0 -9999.0 -9999.0 -9999.0 -9999.0 -9999.0 -9999.0 -9999.0 -9999.0 -9999.0 -9999.0 -9999.0 -9999.0
