Figures/CREST_Example_wjb_NSE/PETs/wjb.pet.20091222.asc
ncols            288
nrows            254
xllcorner        113.274861
yllcorner        31.4918055
cellsize         0.008333333333
NODATA_value     -9999
[rows 152 to 170 of 254, columns 44 to 87 of 288]
0.8055673759095819 0.8057254067460891 0.8058834375825963 0.8060414684191035 0.8061994992556107 0.8063575300921179 0.8065155609286251 0.8066735917651323 0.8068316226016398 0.806989653438147 0.8071476842746541 0.8073057151111613 0.8074637459476686 0.8076217767841758 0.8077798076206829 0.8079378384571901 0.8080958692936974 0.8082539001302046 0.8084119309667117 0.8085699618032189 0.8087279926397262 0.8088860234762336 0.8090440543127408 0.8092020851492481 0.8093601159857552 0.8095181468222624 0.8096761776587696 0.8098342084952769 0.8096468970569953 0.8090904069201371 0.8085339167832789 0.8079774266464208 0.8074209365095626 0.8068644463727044 0.8063079562358453 0.8057514660989871 0.8051949759621289 0.8046384858252708 0.8040819956884125 0.8035255055515543 0.8029690154146961 0.802412525277838 0.8018560351409798 0.8012995450041216
0.806127165926039 0.8063244221914669 0.806521678456895 0.806718934722323 0.8069161909877511 0.8071134472531792 0.8073107035186072 0.8075079597840353 0.8077052160494637 0.8079024723148918 0.8080997285803198 0.8082969848457479 0.8084942411111758 0.808691497376604 0.8088887536420319 0.80908600990746 0.809283266172888 0.8094805224383161 0.8096777787037441 0.8098750349691722 0.8100722912346003 0.8102695475000287 0.8104668037654568 0.8106640600308848 0.8108613162963129 0.8110585725617409 0.811255828827169 0.811453085092597 0.8112826254658513 0.8107190692377652 0.810155513009679 0.8095919567815929 0.8090284005535067 0.8084648443254205 0.8079012880973334 0.8073377318692473 0.8067741756411612 0.806210619413075 0.8056470631849888 0.8050835069569027 0.8045199507288165 0.8039563945007303 0.8033928382726442 0.8028292820445581
0.8066869559424958 0.8069234376368447 0.8071599193311937 0.8073964010255426 0.8076328827198914 0.8078693644142404 0.8081058461085893 0.8083423278029381 0.8085788094972874 0.8088152911916364 0.8090517728859853 0.8092882545803342 0.8095247362746831 0.809761217969032 0.8099976996633809 0.8102341813577298 0.8104706630520787 0.8107071447464276 0.8109436264407766 0.8111801081351254 0.8114165898294743 0.8116530715238236 0.8118895532181725 0.8121260349125214 0.8123625166068703 0.8125989983012192 0.8128354799955682 0.813071961689917 0.8129183538747072 0.8123477315553931 0.811777109236079 0.8112064869167649 0.8106358645974507 0.8100652422781366 0.8094946199588215 0.8089239976395074 0.8083533753201932 0.8077827530008791 0.807212130681565 0.8066415083622509 0.8060708860429368 0.8055002637236226 0.8049296414043086 0.8043590190849944
0.8072467459589528 0.8075224530822227 0.8077981602054924 0.8080738673287622 0.8083495744520319 0.8086252815753017 0.8089009886985714 0.8091766958218412 0.8094524029451114 0.8097281100683812 0.8100038171916509 0.8102795243149207 0.8105552314381904 0.8108309385614602 0.8111066456847299 0.8113823528079996 0.8116580599312694 0.8119337670545391 0.812209474177809 0.8124851813010787 0.8127608884243485 0.8130365955476186 0.8133123026708884 0.8135880097941581 0.8138637169174279 0.8141394240406977 0.8144151311639675 0.8146908382872372 0.8145540822835633 0.8139763938730212 0.813398705462479 0.812821017051937 0.8122433286413949 0.8116656402308527 0.8110879518203097 0.8105102634097676 0.8099325749992256 0.8093548865886834 0.8087771981781413 0.8081995097675992 0.8076218213570572 0.807044132946515 0.8064664445359729 0.8058887561254309
0.8078065359754099 0.8081214685276005 0.8084364010797911 0.8087513336319817 0.8090662661841723 0.8093811987363628 0.8096961312885534 0.8100110638407441 0.8103259963929352 0.8106409289451258 0.8109558614973165 0.8112707940495071 0.8115857266016977 0.8119006591538883 0.8122155917060789 0.8125305242582695 0.81284545681046 0.8131603893626507 0.8134753219148413 0.8137902544670319 0.8141051870192225 0.8144201195714137 0.8147350521236043 0.8150499846757949 0.8153649172279855 0.8156798497801762 0.8159947823323668 0.8163097148845574 0.8161898106924194 0.8156050561906493 0.8150203016888792 0.8144355471871091 0.813850792685339 0.813266038183569 0.8126812836817979 0.8120965291800278 0.8115117746782577 0.8109270201764877 0.8103422656747177 0.8097575111729476 0.8091727566711775 0.8085880021694074 0.8080032476676373 0.8074184931658673
0.8083663259918674 0.8087204839729789 0.8090746419540904 0.8094287999352019 0.8097829579163134 0.8101371158974249 0.8104912738785364 0.8108454318596479 0.8111995898407599 0.8115537478218714 0.8119079058029829 0.8122620637840944 0.8126162217652059 0.8129703797463174 0.8133245377274289 0.8136786957085403 0.8140328536896518 0.8143870116707633 0.8147411696518748 0.8150953276329863 0.8154494856140978 0.8158036435952098 0.8161578015763213 0.8165119595574328 0.8168661175385443 0.8172202755196558 0.8175744335007673 0.8179285914818788 0.8178255391012766 0.8172337185082786 0.8166418979152805 0.8160500773222825 0.8154582567292845 0.8148664361362864 0.8142746155432874 0.8136827949502893 0.8130909743572913 0.8124991537642933 0.8119073331712952 0.8113155125782971 0.8107236919852991 0.810131871392301 0.809540050799303 0.8089482302063049
0.8089261160083243 0.8093194994183567 0.809712882828389 0.8101062662384213 0.8104996496484537 0.810893033058486 0.8112864164685184 0.8116797998785507 0.8120731832885837 0.812466566698616 0.8128599501086484 0.8132533335186808 0.813646716928713 0.8140401003387454 0.8144334837487778 0.8148268671588101 0.8152202505688424 0.8156136339788748 0.8160070173889071 0.8164004007989395 0.8167937842089718 0.8171871676190048 0.8175805510290372 0.8179739344390695 0.8183673178491019 0.8187607012591341 0.8191540846691665 0.8195474680791989 0.8194612675101326 0.8188623808259066 0.8182634941416805 0.8176646074574545 0.8170657207732285 0.8164668340890026 0.8158679474047755 0.8152690607205495 0.8146701740363235 0.8140712873520974 0.8134724006678714 0.8128735139836454 0.8122746272994193 0.8116757406151934 0.8110768539309674 0.8104779672467414
0.8094859060247813 0.8099185148637346 0.8103511237026877 0.8107837325416409 0.8112163413805942 0.8116489502195473 0.8120815590585005 0.8125141678974537 0.8129467767364076 0.8133793855753608 0.8138119944143141 0.8142446032532672 0.8146772120922204 0.8151098209311736 0.8155424297701268 0.8159750386090799 0.8164076474480332 0.8168402562869863 0.8172728651259396 0.8177054739648928 0.8181380828038459 0.8185706916427998 0.8190033004817531 0.8194359093207062 0.8198685181596594 0.8203011269986127 0.8207337358375658 0.821166344676519 0.8210969959189887 0.8204910431435346 0.8198850903680807 0.8192791375926266 0.8186731848171727 0.8180672320417187 0.8174612792662637 0.8168553264908097 0.8162493737153557 0.8156434209399017 0.8150374681644478 0.8144315153889937 0.8138255626135398 0.8132196098380857 0.8126136570626318 0.8120077042871778
0.8100456960412383 0.8105175303091123 0.8109893645769863 0.8114611988448605 0.8119330331127345 0.8124048673806085 0.8128767016484826 0.8133485359163566 0.8138203701842315 0.8142922044521055 0.8147640387199795 0.8152358729878536 0.8157077072557276 0.8161795415236016 0.8166513757914757 0.8171232100593497 0.8175950443272237 0.8180668785950979 0.8185387128629719 0.8190105471308459 0.81948238139872 0.8199542156665948 0.8204260499344689 0.8208978842023429 0.8213697184702169 0.821841552738091 0.822313387005965 0.822785221273839 0.8227327243278445 0.8221197054611625 0.8215066865944807 0.8208936677277987 0.8202806488611167 0.8196676299944348 0.8190546111277518 0.8184415922610698 0.8178285733943879 0.8172155545277059 0.8166025356610239 0.8159895167943421 0.8153764979276601 0.8147634790609781 0.8141504601942962 0.8135374413276142
0.8106054860576953 0.8111165457544902 0.8116276054512851 0.81213866514808 0.8126497248448749 0.8131607845416698 0.8136718442384647 0.8141829039352596 0.8146939636320554 0.8152050233288503 0.8157160830256451 0.81622714272244 0.8167382024192349 0.8172492621160298 0.8177603218128248 0.8182713815096196 0.8187824412064145 0.8192935009032094 0.8198045606000043 0.8203156202967992 0.820826679993594 0.8213377396903898 0.8218487993871848 0.8223598590839797 0.8228709187807746 0.8233819784775694 0.8238930381743643 0.8244040978711592 0.8243684527367006 0.8237483677787906 0.8231282828208807 0.8225081978629708 0.8218881129050608 0.8212680279471509 0.8206479429892399 0.82002785803133 0.81940777307342 0.8187876881155102 0.8181676031576002 0.8175475181996903 0.8169274332417804 0.8163073482838704 0.8156872633259605 0.8150671783680506
0.8111652760741523 0.8117155611998681 0.8122658463255839 0.8128161314512996 0.8133664165770154 0.8139167017027311 0.8144669868284469 0.8150172719541626 0.8155675570798793 0.816117842205595 0.8166681273313108 0.8172184124570265 0.8177686975827423 0.818318982708458 0.8188692678341738 0.8194195529598894 0.8199698380856052 0.820520123211321 0.8210704083370367 0.8216206934627525 0.8221709785884682 0.8227212637141849 0.8232715488399006 0.8238218339656164 0.8243721190913321 0.8249224042170479 0.8254726893427636 0.8260229744684794 0.8260041811455566 0.8253770300964187 0.8247498790472808 0.8241227279981429 0.823495576949005 0.8228684258998671 0.8222412748507282 0.8216141238015903 0.8209869727524524 0.8203598217033145 0.8197326706541765 0.8191055196050386 0.8184783685559007 0.8178512175067628 0.8172240664576249 0.816596915408487
0.8117250660906098 0.8123145766452464 0.812904087199883 0.8134935977545197 0.8140831083091563 0.8146726188637929 0.8152621294184296 0.8158516399730662 0.8164411505277038 0.8170306610823405 0.8176201716369771 0.8182096821916137 0.8187991927462503 0.819388703300887 0.8199782138555236 0.8205677244101602 0.8211572349647969 0.8217467455194335 0.8223362560740701 0.8229257666287068 0.8235152771833434 0.824104787737981 0.8246942982926178 0.8252838088472544 0.825873319401891 0.8264628299565276 0.8270523405111643 0.8276418510658009 0.8276399095544139 0.8270056924140481 0.8263714752736822 0.8257372581333163 0.8251030409929504 0.8244688238525846 0.8238346067122176 0.8232003895718517 0.8225661724314859 0.82193195529112 0.8212977381507541 0.8206635210103883 0.8200293038700224 0.8193950867296566 0.8187608695892906 0.8181266524489248
0.8122848561070667 0.8129135920906242 0.8135423280741817 0.8141710640577392 0.8147998000412967 0.8154285360248541 0.8160572720084116 0.8166860079919691 0.8173147439755277 0.8179434799590851 0.8185722159426426 0.8192009519262001 0.8198296879097576 0.820458423893315 0.8210871598768725 0.82171589586043 0.8223446318439875 0.822973367827545 0.8236021038111024 0.8242308397946599 0.8248595757782174 0.8254883117617761 0.8261170477453335 0.826745783728891 0.8273745197124485 0.828003255696006 0.8286319916795635 0.8292607276631209 0.8292756379632699 0.828634354731676 0.8279930715000822 0.8273517882684883 0.8267105050368945 0.8260692218053006 0.8254279385737057 0.8247866553421118 0.824145372110518 0.8235040888789241 0.8228628056473303 0.8222215224157364 0.8215802391841427 0.8209389559525488 0.820297672720955 0.8196563894893611
0.8128446461235238 0.8135126075360021 0.8141805689484805 0.8148485303609588 0.8155164917734371 0.8161844531859155 0.8168524145983938 0.8175203760108721 0.8181883374233516 0.8188562988358299 0.8195242602483083 0.8201922216607865 0.8208601830732649 0.8215281444857433 0.8221961058982216 0.8228640673106999 0.8235320287231782 0.8241999901356566 0.824867951548135 0.8255359129606132 0.8262038743730916 0.8268718357855711 0.8275397971980494 0.8282077586105278 0.828875720023006 0.8295436814354844 0.8302116428479627 0.830879604260441 0.8309113663721259 0.830263017049304 0.8296146677264823 0.8289663184036604 0.8283179690808387 0.8276696197580168 0.8270212704351939 0.826372921112372 0.8257245717895503 0.8250762224667284 0.8244278731439066 0.8237795238210848 0.823131174498263 0.8224828251754411 0.8218344758526194 0.8211861265297976
0.8134044361399808 0.81411162298138 0.8148188098227792 0.8155259966641784 0.8162331835055775 0.8169403703469768 0.8176475571883759 0.818354744029775 0.8190619308711755 0.8197691177125747 0.8204763045539738 0.821183491395373 0.8218906782367722 0.8225978650781713 0.8233050519195706 0.8240122387609697 0.8247194256023689 0.8254266124437681 0.8261337992851673 0.8268409861265664 0.8275481729679657 0.828255359809366 0.8289625466507652 0.8296697334921643 0.8303769203335636 0.8310841071749627 0.8317912940163619 0.8324984808577611 0.8325470947809818 0.831891679366932 0.8312362639528822 0.8305808485388324 0.8299254331247826 0.8292700177107329 0.828614602296682 0.8279591868826323 0.8273037714685825 0.8266483560545327 0.8259929406404829 0.8253375252264331 0.8246821098123833 0.8240266943983335 0.8233712789842837 0.822715863570234
0.8139642261564377 0.8147106384267578 0.8154570506970779 0.8162034629673979 0.8169498752377179 0.8176962875080379 0.8184426997783579 0.819189112048678 0.8199355243189993 0.8206819365893193 0.8214283488596393 0.8221747611299595 0.8229211734002795 0.8236675856705995 0.8244139979409195 0.8251604102112395 0.8259068224815596 0.8266532347518797 0.8273996470221997 0.8281460592925197 0.8288924715628397 0.8296388838331611 0.8303852961034811 0.8311317083738011 0.8318781206441211 0.8326245329144412 0.8333709451847612 0.8341173574550813 0.8341828231898378 0.83352034168456 0.8328578601792823 0.8321953786740046 0.8315328971687268 0.8308704156634491 0.8302079341581702 0.8295454526528925 0.8288829711476147 0.828220489642337 0.8275580081370592 0.8268955266317815 0.8262330451265036 0.8255705636212259 0.8249080821159481 0.8242456006106704
0.8145240161728948 0.8153096538721357 0.8160952915713766 0.8168809292706174 0.8176665669698583 0.8184522046690992 0.8192378423683401 0.820023480067581 0.8208091177668232 0.8215947554660641 0.822380393165305 0.8231660308645459 0.8239516685637868 0.8247373062630277 0.8255229439622686 0.8263085816615094 0.8270942193607503 0.8278798570599912 0.8286654947592321 0.829451132458473 0.8302367701577139 0.8310224078569561 0.831808045556197 0.8325936832554379 0.8333793209546787 0.8341649586539196 0.8349505963531605 0.8357362340524014 0.8358185515986939 0.8351490040021882 0.8344794564056824 0.8338099088091767 0.833140361212671 0.8324708136161653 0.8318012660196583 0.8311317184231526 0.8304621708266469 0.8297926232301411 0.8291230756336354 0.8284535280371297 0.827783980440624 0.8271144328441182 0.8264448852476125 0.8257753376511068
0.8150838061893517 0.8159086693175135 0.8167335324456751 0.8175583955738369 0.8183832587019987 0.8192081218301605 0.8200329849583221 0.8208578480864839 0.821682711214647 0.8225075743428087 0.8233324374709705 0.8241573005991323 0.8249821637272939 0.8258070268554557 0.8266318899836175 0.8274567531117792 0.8282816162399409 0.8291064793681027 0.8299313424962644 0.8307562056244262 0.8315810687525879 0.8324059318807511 0.8332307950089127 0.8340556581370745 0.8348805212652363 0.835705384393398 0.8365302475215597 0.8373551106497215 0.8374542800075497 0.8367776663198161 0.8361010526320823 0.8354244389443487 0.834747825256615 0.8340712115688813 0.8333945978811464 0.8327179841934127 0.8320413705056791 0.8313647568179454 0.8306881431302117 0.830011529442478 0.8293349157547443 0.8286583020670106 0.8279816883792769 0.8273050746915432
0.8156435962058092 0.8165076847628918 0.8173717733199745 0.818235861877057 0.8190999504341396 0.8199640389912223 0.8208281275483049 0.8216922161053876 0.8225563046624716 0.8234203932195543 0.8242844817766368 0.8251485703337195 0.8260126588908021 0.8268767474478848 0.8277408360049674 0.82860492456205 0.8294690131191326 0.8303331016762152 0.8311971902332979 0.8320612787903805 0.8329253673474631 0.8337894559045472 0.8346535444616299 0.8355176330187124 0.836381721575795 0.8372458101328777 0.8381098986899603 0.838973987247043 0.8390900084164071 0.8384063286374455 0.8377226488584838 0.8370389690795221 0.8363552893005605 0.8356716095215988 0.8349879297426359 0.8343042499636742 0.8336205701847126 0.8329368904057509 0.8322532106267893 0.8315695308478276 0.8308858510688659 0.8302021712899043 0.8295184915109426 0.8288348117319809
