Figures/CREST_Example_wjb_NSE/PETs/wjb.pet.20090331.asc
ncols            288
nrows            254
xllcorner        113.274861
yllcorner        31.4918055
cellsize         0.008333333333
NODATA_value     -9999
[rows 95 to 113 of 254, columns 44 to 87 of 288]
0.6000037002481121 0.5988709996129156 0.597738298977719 0.5966055983425224 0.5954728977073258 0.5943401970721293 0.5932074964369327 0.592074795801736 0.5909420951665376 0.5898093945313411 0.5886766938961444 0.5875439932609479 0.5864112926257513 0.5852785919905548 0.5841458913553581 0.5830131907201616 0.581880490084965 0.5807477894497683 0.5796150888145718 0.5784823881793753 0.5773496875441787 0.5762169869089802 0.5750842862737836 0.5739515856385871 0.5728188850033904 0.5716861843681939 0.5705534837329973 0.5694207830978006 0.5686415027874134 0.5682400367936877 0.567838570799962 0.5674371048062363 0.5670356388125106 0.5666341728187849 0.5662327068250586 0.5658312408313328 0.5654297748376071 0.5650283088438814 0.5646268428501557 0.56422537685643 0.5638239108627043 0.5634224448689786 0.5630209788752529 0.5626195128815272
0.6017479758914491 0.6006331909860584 0.5995184060806676 0.5984036211752769 0.5972888362698862 0.5961740513644954 0.5950592664591047 0.5939444815537139 0.5928296966483213 0.5917149117429306 0.5906001268375398 0.5894853419321491 0.5883705570267583 0.5872557721213676 0.5861409872159768 0.5850262023105861 0.5839114174051954 0.5827966324998046 0.5816818475944139 0.5805670626890231 0.5794522777836324 0.5783374928782398 0.577222707972849 0.5761079230674583 0.5749931381620675 0.5738783532566768 0.5727635683512861 0.5716487834458953 0.5708892073582166 0.5705093575265431 0.5701295076948696 0.5697496578631961 0.5693698080315227 0.5689899581998492 0.568610108368175 0.5682302585365017 0.5678504087048282 0.5674705588731547 0.5670907090414812 0.5667108592098078 0.5663310093781343 0.5659511595464608 0.5655713097147874 0.5651914598831139
0.603492251534786 0.6023953823592011 0.6012985131836163 0.6002016440080313 0.5991047748324464 0.5980079056568616 0.5969110364812766 0.5958141673056917 0.594717298130105 0.59362042895452 0.5925235597789351 0.5914266906033503 0.5903298214277654 0.5892329522521804 0.5881360830765956 0.5870392139010107 0.5859423447254257 0.5848454755498409 0.583748606374256 0.582651737198671 0.5815548680230862 0.5804579988474994 0.5793611296719144 0.5782642604963296 0.5771673913207447 0.5760705221451597 0.5749736529695749 0.57387678379399 0.5731369119290197 0.5727786782593985 0.5724204445897773 0.5720622109201561 0.5717039772505348 0.5713457435809135 0.5709875099112917 0.5706292762416705 0.5702710425720492 0.569912808902428 0.5695545752328067 0.5691963415631855 0.5688381078935643 0.5684798742239431 0.5681216405543218 0.5677634068847006
0.6052365271781245 0.6041575737323455 0.6030786202865664 0.6019996668407873 0.6009207133950083 0.5998417599492293 0.5987628065034503 0.5976838530576711 0.5966048996118903 0.5955259461661112 0.5944469927203322 0.5933680392745532 0.5922890858287742 0.591210132382995 0.590131178937216 0.589052225491437 0.587973272045658 0.5868943185998788 0.5858153651540998 0.5847364117083208 0.5836574582625418 0.5825785048167609 0.5814995513709817 0.5804205979252027 0.5793416444794237 0.5782626910336447 0.5771837375878656 0.5761047841420865 0.5753846164998249 0.5750479989922559 0.5747113814846868 0.5743747639771178 0.5740381464695489 0.5737015289619799 0.5733649114544103 0.5730282939468413 0.5726916764392723 0.5723550589317034 0.5720184414241344 0.5716818239165654 0.5713452064089963 0.5710085889014274 0.5706719713938584 0.5703353538862894
0.6069808028214614 0.6059197651054882 0.604858727389515 0.6037976896735417 0.6027366519575685 0.6016756142415954 0.6006145765256222 0.599553538809649 0.5984925010936739 0.5974314633777008 0.5963704256617276 0.5953093879457544 0.5942483502297812 0.593187312513808 0.5921262747978348 0.5910652370818615 0.5900041993658883 0.5889431616499151 0.5878821239339419 0.5868210862179687 0.5857600485019955 0.5846990107860205 0.5836379730700473 0.5825769353540741 0.5815158976381009 0.5804548599221276 0.5793938222061544 0.5783327844901813 0.577632321070628 0.5773173197251112 0.5770023183795945 0.5766873170340777 0.576372315688561 0.5760573143430443 0.575742312997527 0.5754273116520102 0.5751123103064935 0.5747973089609767 0.5744823076154599 0.5741673062699432 0.5738523049244264 0.5735373035789096 0.5732223022333929 0.5729073008878761
0.6087250784647984 0.607681956478631 0.6066388344924637 0.6055957125062963 0.604552590520129 0.6035094685339616 0.6024663465477942 0.6014232245616269 0.6003801025754577 0.5993369805892903 0.598293858603123 0.5972507366169556 0.5962076146307882 0.5951644926446209 0.5941213706584535 0.5930782486722861 0.5920351266861188 0.5909920046999514 0.5899488827137841 0.5889057607276167 0.5878626387414493 0.5868195167552802 0.5857763947691128 0.5847332727829454 0.5836901507967781 0.5826470288106107 0.5816039068244433 0.580560784838276 0.5798800256414313 0.5795866404579667 0.5792932552745022 0.5789998700910377 0.5787064849075731 0.5784130997241086 0.5781197145406436 0.577826329357179 0.5775329441737145 0.5772395589902499 0.5769461738067855 0.5766527886233209 0.5763594034398564 0.5760660182563918 0.5757726330729273 0.5754792478894628
0.6104693541081353 0.6094441478517738 0.6084189415954122 0.6073937353390507 0.6063685290826892 0.6053433228263276 0.6043181165699661 0.6032929103136047 0.6022677040572414 0.6012424978008798 0.6002172915445183 0.5991920852881568 0.5981668790317953 0.5971416727754337 0.5961164665190722 0.5950912602627108 0.5940660540063492 0.5930408477499877 0.5920156414936262 0.5909904352372646 0.5899652289809031 0.5889400227245398 0.5879148164681783 0.5868896102118167 0.5858644039554552 0.5848391976990938 0.5838139914427322 0.5827887851863707 0.5821277302122345 0.5818559611908222 0.5815841921694098 0.5813124231479976 0.5810406541265852 0.580768885105173 0.5804971160837602 0.5802253470623479 0.5799535780409356 0.5796818090195233 0.5794100399981109 0.5791382709766987 0.5788665019552863 0.5785947329338741 0.5783229639124617 0.5780511948910494
0.6122136297514723 0.6112063392249166 0.610199048698361 0.6091917581718053 0.6081844676452496 0.6071771771186939 0.6061698865921382 0.6051625960655824 0.6041553055390251 0.6031480150124694 0.6021407244859137 0.601133433959358 0.6001261434328024 0.5991188529062467 0.598111562379691 0.5971042718531352 0.5960969813265795 0.5950896908000238 0.5940824002734681 0.5930751097469125 0.5920678192203568 0.5910605286937994 0.5900532381672438 0.5890459476406881 0.5880386571141323 0.5870313665875766 0.5860240760610209 0.5850167855344652 0.5843754347830376 0.5841252819236775 0.5838751290643174 0.5836249762049573 0.5833748233455973 0.5831246704862372 0.5828745176268767 0.5826243647675167 0.5823742119081566 0.5821240590487965 0.5818739061894365 0.5816237533300763 0.5813736004707163 0.5811234476113563 0.5808732947519961 0.5806231418926361
0.6139579053948092 0.6129685305980593 0.6119791558013095 0.6109897810045597 0.6100004062078098 0.6090110314110599 0.6080216566143101 0.6070322818175603 0.6060429070208088 0.6050535322240589 0.604064157427309 0.6030747826305592 0.6020854078338094 0.6010960330370595 0.6001066582403096 0.5991172834435599 0.59812790864681 0.5971385338500601 0.5961491590533102 0.5951597842565605 0.5941704094598106 0.593181034663059 0.5921916598663092 0.5912022850695594 0.5902129102728095 0.5892235354760597 0.5882341606793098 0.58724478588256 0.5866231393538408 0.586394602656533 0.586166065959225 0.5859375292619172 0.5857089925646094 0.5854804558673016 0.5852519191699933 0.5850233824726855 0.5847948457753777 0.5845663090780698 0.584337772380762 0.5841092356834541 0.5838806989861463 0.5836521622888384 0.5834236255915306 0.5831950888942228
0.6157021810381461 0.614730721971202 0.6137592629042581 0.6127878038373141 0.6118163447703701 0.6108448857034261 0.609873426636482 0.6089019675695381 0.6079305085025924 0.6069590494356484 0.6059875903687044 0.6050161313017604 0.6040446722348164 0.6030732131678724 0.6021017541009284 0.6011302950339844 0.6001588359670403 0.5991873769000964 0.5982159178331523 0.5972444587662084 0.5962729996992644 0.5953015406323187 0.5943300815653747 0.5933586224984306 0.5923871634314867 0.5914157043645427 0.5904442452975986 0.5894727862306547 0.588870843924644 0.5886639233893883 0.5884570028541327 0.5882500823188771 0.5880431617836215 0.5878362412483659 0.5876293207131099 0.5874224001778543 0.5872154796425987 0.5870085591073431 0.5868016385720874 0.5865947180368318 0.5863877975015762 0.5861808769663206 0.585973956431065 0.5857670358958095
0.6174464566814846 0.6164929133443464 0.6155393700072083 0.6145858266700701 0.613632283332932 0.6126787399957938 0.6117251966586557 0.6107716533215175 0.6098181099843777 0.6088645666472395 0.6079110233101015 0.6069574799729633 0.6060039366358252 0.605050393298687 0.6040968499615489 0.6031433066244107 0.6021897632872726 0.6012362199501344 0.6002826766129963 0.5993291332758581 0.59837558993872 0.5974220466015802 0.596468503264442 0.5955149599273039 0.5945614165901657 0.5936078732530276 0.5926543299158894 0.5917007865787512 0.5911185484954491 0.5909332441222457 0.5907479397490424 0.590562635375839 0.5903773310026357 0.5901920266294323 0.5900067222562286 0.5898214178830252 0.5896361135098218 0.5894508091366185 0.5892655047634151 0.5890802003902118 0.5888948960170084 0.588709591643805 0.5885242872706017 0.5883389828973983
0.6191907323248215 0.6182551047174891 0.6173194771101569 0.6163838495028245 0.6154482218954922 0.61451259428816 0.6135769666808276 0.6126413390734953 0.6117057114661614 0.6107700838588291 0.6098344562514968 0.6088988286441644 0.6079632010368322 0.6070275734294999 0.6060919458221675 0.6051563182148353 0.6042206906075029 0.6032850630001706 0.6023494353928384 0.601413807785506 0.6004781801781737 0.5995425525708398 0.5986069249635075 0.5976712973561752 0.5967356697488428 0.5958000421415106 0.5948644145341783 0.5939287869268459 0.5933662530662522 0.5932025648551011 0.59303887664395 0.5928751884327988 0.5927115002216478 0.5925478120104966 0.5923841237993452 0.592220435588194 0.592056747377043 0.5918930591658917 0.5917293709547407 0.5915656827435896 0.5914019945324384 0.5912383063212873 0.5910746181101361 0.590910929898985
0.6209350079681585 0.6200172960906319 0.6190995842131055 0.6181818723355791 0.6172641604580525 0.6163464485805261 0.6154287367029996 0.6145110248254732 0.6135933129479451 0.6126756010704186 0.6117578891928922 0.6108401773153657 0.6099224654378392 0.6090047535603127 0.6080870416827863 0.6071693298052598 0.6062516179277333 0.6053339060502069 0.6044161941726803 0.6034984822951539 0.6025807704176275 0.6016630585400994 0.600745346662573 0.5998276347850464 0.59890992290752 0.5979922110299934 0.597074499152467 0.5961567872749406 0.5956139576370554 0.5954718855879565 0.5953298135388576 0.5951877414897587 0.5950456694406597 0.5949035973915608 0.5947615253424617 0.5946194532933629 0.5944773812442639 0.594335309195165 0.5941932371460661 0.5940511650969672 0.5939090930478683 0.5937670209987694 0.5936249489496704 0.5934828769005716
0.6226792836114954 0.6217794874637748 0.6208796913160541 0.6199798951683335 0.6190800990206128 0.6181803028728922 0.6172805067251715 0.6163807105774509 0.6154809144297287 0.6145811182820081 0.6136813221342875 0.6127815259865669 0.6118817298388463 0.6109819336911256 0.610082137543405 0.6091823413956844 0.6082825452479638 0.6073827491002431 0.6064829529525224 0.6055831568048018 0.6046833606570812 0.603783564509359 0.6028837683616384 0.6019839722139178 0.6010841760661971 0.6001843799184765 0.5992845837707559 0.5983847876230353 0.5978616622078586 0.597741206320812 0.5976207504337653 0.5975002945467186 0.5973798386596719 0.5972593827726252 0.5971389268855783 0.5970184709985317 0.596898015111485 0.5967775592244383 0.5966571033373916 0.596536647450345 0.5964161915632983 0.5962957356762516 0.5961752797892049 0.5960548239021582
0.6244235592548324 0.6235416788369176 0.6226597984190028 0.621777918001088 0.6208960375831731 0.6200141571652584 0.6191322767473436 0.6182503963294288 0.6173685159115125 0.6164866354935977 0.6156047550756829 0.6147228746577681 0.6138409942398534 0.6129591138219386 0.6120772334040238 0.6111953529861089 0.6103134725681941 0.6094315921502794 0.6085497117323646 0.6076678313144498 0.606785950896535 0.6059040704786187 0.6050221900607039 0.6041403096427891 0.6032584292248744 0.6023765488069596 0.6014946683890448 0.6006127879711299 0.6001093667786618 0.6000105270536673 0.599911687328673 0.5998128476036785 0.599714007878684 0.5996151681536895 0.599516328428695 0.5994174887037005 0.5993186489787061 0.5992198092537117 0.5991209695287172 0.5990221298037227 0.5989232900787282 0.5988244503537339 0.5987256106287394 0.5986267709037449
0.6261678348981693 0.6253038702100603 0.6244399055219514 0.6235759408338424 0.6227119761457335 0.6218480114576245 0.6209840467695156 0.6201200820814066 0.6192561173932962 0.6183921527051872 0.6175281880170783 0.6166642233289693 0.6158002586408604 0.6149362939527514 0.6140723292646425 0.6132083645765335 0.6123443998884246 0.6114804352003156 0.6106164705122067 0.6097525058240977 0.6088885411359888 0.6080245764478783 0.6071606117597694 0.6062966470716604 0.6054326823835515 0.6045687176954425 0.6037047530073336 0.6028407883192246 0.602357071349465 0.6022798477865228 0.6022026242235806 0.6021254006606384 0.6020481770976961 0.6019709535347539 0.6018937299718116 0.6018165064088694 0.6017392828459271 0.6016620592829849 0.6015848357200427 0.6015076121571005 0.6014303885941583 0.601353165031216 0.6012759414682738 0.6011987179053316
0.6279121105415078 0.6270660615832047 0.6262200126249016 0.6253739636665985 0.6245279147082954 0.6236818657499923 0.6228358167916892 0.6219897678333861 0.6211437188750815 0.6202976699167784 0.6194516209584753 0.6186055720001722 0.6177595230418691 0.616913474083566 0.6160674251252629 0.6152213761669598 0.6143753272086567 0.6135292782503536 0.6126832292920505 0.6118371803337475 0.6109911313754444 0.6101450824171398 0.6092990334588367 0.6084529845005336 0.6076069355422306 0.6067608865839275 0.6059148376256244 0.6050687886673213 0.6046047759202701 0.6045491685193801 0.6044935611184902 0.6044379537176002 0.6043823463167103 0.6043267389158202 0.6042711315149302 0.6042155241140402 0.6041599167131503 0.6041043093122602 0.6040487019113703 0.6039930945104803 0.6039374871095904 0.6038818797087004 0.6038262723078104 0.6037706649069204
0.6296563861848447 0.6288282529563474 0.6280001197278501 0.6271719864993529 0.6263438532708556 0.6255157200423583 0.624687586813861 0.6238594535853639 0.6230313203568651 0.622203187128368 0.6213750538998707 0.6205469206713734 0.6197187874428761 0.6188906542143789 0.6180625209858817 0.6172343877573844 0.6164062545288872 0.6155781213003899 0.6147499880718926 0.6139218548433953 0.6130937216148982 0.6122655883863994 0.6114374551579023 0.610609321929405 0.6097811887009077 0.6089530554724104 0.6081249222439132 0.607296789015416 0.6068524804910733 0.6068184892522356 0.6067844980133978 0.6067505067745601 0.6067165155357224 0.6066825242968846 0.6066485330580468 0.606614541819209 0.6065805505803713 0.6065465593415336 0.6065125681026958 0.6064785768638581 0.6064445856250203 0.6064105943861826 0.6063766031473449 0.6063426119085071
0.6314006618281817 0.6305904443294902 0.6297802268307988 0.6289700093321073 0.628159791833416 0.6273495743347245 0.6265393568360331 0.6257291393373416 0.6249189218386488 0.6241087043399575 0.6232984868412661 0.6224882693425746 0.6216780518438833 0.6208678343451918 0.6200576168465004 0.6192473993478089 0.6184371818491176 0.6176269643504261 0.6168167468517347 0.6160065293530432 0.6151963118543519 0.614386094355659 0.6135758768569677 0.6127656593582762 0.6119554418595848 0.6111452243608934 0.610335006862202 0.6095247893635105 0.6091001850618765 0.6090878099850909 0.6090754349083054 0.6090630598315199 0.6090506847547343 0.6090383096779489 0.6090259346011634 0.6090135595243779 0.6090011844475923 0.6089888093708068 0.6089764342940213 0.6089640592172358 0.6089516841404503 0.6089393090636648 0.6089269339868792 0.6089145589100938
