Figures/CREST_Example_wjb_NSE/PETs/wjb.pet.20091020.asc
ncols            288
nrows            254
xllcorner        113.274861
yllcorner        31.4918055
cellsize         0.008333333333
NODATA_value     -9999
[rows 200 to 219 of 254, columns 44 to 87 of 288]
-9999.0 -9999.0 -9999.0 -9999.0 -9999.0 -9999.0 -9999.0 -9999.0 -9999.0 -9999.0 1.862864495181449 1.8657104845755528 1.8685564739696567 1.8714024633637605 1.8742484527578642 1.877094442151968 1.879940431546072 1.8827864209401757 1.8856324103342794 1.8884783997283834 1.8913243891224871 1.8941703785165958 1.8970163679106997 1.8998623573048035 1.9027083466989072 1.9055543360930112 1.908400325487115 1.9112463148812187 1.9118592164339567 1.910084896602961 1.9083105767719653 1.9065362569409696 1.904761937109974 1.9029876172789784 1.9012132974479796 1.899438977616984 1.8976646577859884 1.8958903379549927 1.894116018123997 1.8923416982930013 1.8905673784620056 1.88879305863101 1.8870187388000144 1.8852444189690187
-9999.0 -9999.0 -9999.0 -9999.0 -9999.0 -9999.0 -9999.0 -9999.0 -9999.0 1.860100952323197 1.863087099011611 1.8660732457000249 1.8690593923884389 1.872045539076853 1.8750316857652667 1.8780178324536807 1.8810039791420945 1.8839901258305085 1.8869762725189225 1.8899624192073363 1.8929485658957503 1.8959347125841692 1.8989208592725833 1.901907005960997 1.904893152649411 1.907879299337825 1.9108654460262389 1.9138515927146529 1.914574462756493 1.9128778388993821 1.9111812150422711 1.9094845911851603 1.9077879673280493 1.9060913434709386 1.9043947196138247 1.902698095756714 1.9010014718996031 1.899304848042492 1.8976082241853813 1.8959116003282703 1.8942149764711596 1.8925183526140485 1.8908217287569378 1.889125104899827
-9999.0 -9999.0 -9999.0 -9999.0 -9999.0 -9999.0 -9999.0 -9999.0 1.857057094876325 1.860183398859049 1.863309702841773 1.8664360068244972 1.8695623108072212 1.872688614789945 1.8758149187726691 1.8789412227553932 1.8820675267381173 1.8851938307208413 1.8883201347035654 1.8914464386862895 1.8945727426690133 1.8976990466517427 1.9008253506344668 1.9039516546171908 1.907077958599915 1.910204262582639 1.913330566565363 1.916456870548087 1.917289709079029 1.915670781195803 1.914051853312577 1.9124329254293508 1.9108139975461247 1.9091950696628988 1.90757614177967 1.9059572138964438 1.9043382860132176 1.9027193581299915 1.9011004302467656 1.8994815023635394 1.8978625744803133 1.8962436465970873 1.8946247187138612 1.893005790830635
-9999.0 -9999.0 -9999.0 -9999.0 -9999.0 -9999.0 -9999.0 -9999.0 -9999.0 1.8602658453949008 1.863532306671935 1.866798767948969 1.8700652292260034 1.8733316905030375 1.8765981517800716 1.8798646130571057 1.8831310743341398 1.886397535611174 1.889663996888208 1.8929304581652422 1.8961969194422763 1.8994633807193162 1.9027298419963503 1.9059963032733844 1.9092627645504185 1.9125292258274527 1.9157956871044868 1.919062148381521 1.920004955401565 1.9184637234922237 1.9169224915828824 1.9153812596735413 1.9138400277642 1.9122987958548587 1.9107575639455148 1.9092163320361735 1.9076751001268322 1.9061338682174909 1.9045926363081496 1.9030514043988083 1.901510172489467 1.8999689405801257 1.8984277086707844 1.896886476761443
-9999.0 -9999.0 -9999.0 -9999.0 -9999.0 -9999.0 -9999.0 -9999.0 -9999.0 -9999.0 1.8637549105020972 1.8671615290734414 1.8705681476447857 1.8739747662161301 1.8773813847874743 1.8807880033588187 1.8841946219301628 1.8876012405015072 1.8910078590728516 1.8944144776441958 1.8978210962155402 1.9012277147868903 1.9046343333582345 1.908040951929579 1.9114475705009233 1.9148541890722675 1.9182608076436118 1.9216674262149562 1.9227202017241025 1.921256665788646 1.9197931298531896 1.918329593917733 1.9168660579822765 1.91540252204682 1.9139389861113612 1.9124754501759047 1.9110119142404483 1.9095483783049918 1.9080848423695353 1.906621306434079 1.9051577704986224 1.903694234563166 1.9022306986277095 1.900767162692253
-9999.0 -9999.0 -9999.0 -9999.0 -9999.0 -9999.0 -9999.0 -9999.0 -9999.0 -9999.0 1.863977514332259 1.8675242901979134 1.8710710660635679 1.8746178419292223 1.8781646177948768 1.8817113936605312 1.8852581695261854 1.8888049453918399 1.8923517212574943 1.8958984971231487 1.8994452729888032 1.9029920488544636 1.906538824720118 1.9100856005857725 1.913632376451427 1.9171791523170811 1.9207259281827356 1.92427270404839 1.9254354480466385 1.9240496080850669 1.922663768123495 1.9212779281619234 1.9198920882003518 1.91850624823878 1.917120408277206 1.9157345683156344 1.9143487283540628 1.9129628883924912 1.9115770484309194 1.9101912084693478 1.9088053685077762 1.9074195285462043 1.9060336885846327 1.9046478486230611
-9999.0 -9999.0 -9999.0 -9999.0 -9999.0 -9999.0 -9999.0 -9999.0 -9999.0 -9999.0 -9999.0 -9999.0 1.87157398448235 1.8752609176423147 1.8789478508022792 1.8826347839622437 1.8863217171222082 1.8900086502821727 1.8936955834421372 1.8973825166021017 1.9010694497620664 1.904756382922037 1.9084433160820016 1.912130249241966 1.9158171824019306 1.9195041155618953 1.9231910487218598 1.9268779818818242 1.9281506943691746 1.9268425503814877 1.925534406393801 1.924226262406114 1.9229181184184272 1.9216099744307402 1.9203018304430512 1.9189936864553643 1.9176855424676773 1.9163773984799906 1.9150692544923036 1.9137611105046168 1.9124529665169299 1.9111448225292431 1.9098366785415561 1.9085285345538692
-9999.0 -9999.0 -9999.0 -9999.0 -9999.0 -9999.0 -9999.0 -9999.0 -9999.0 -9999.0 -9999.0 -9999.0 -9999.0 1.8759039933554074 1.879731083809682 1.8835581742639567 1.8873852647182314 1.891212355172506 1.8950394456267807 1.8988665360810555 1.90269362653533 1.9065207169896112 1.910347807443886 1.9141748978981608 1.9180019883524353 1.92182907880671 1.9256561692609848 1.9294832597152594 1.930865940691712 1.92963549267791 1.928405044664108 1.9271745966503058 1.9259441486365039 1.9247137006227018 1.9234832526088976 1.9222528045950955 1.9210223565812934 1.9197919085674915 1.9185614605536894 1.9173310125398872 1.9161005645260853 1.9148701165122832 1.913639668498481 1.9124092204846792
-9999.0 -9999.0 -9999.0 -9999.0 -9999.0 -9999.0 -9999.0 -9999.0 -9999.0 -9999.0 -9999.0 -9999.0 -9999.0 1.8751743478207283 1.879028247479885 1.8828821471390413 1.886736046798198 1.8905899464573546 1.894443846116511 1.8982977457756676 1.9021516454348242 1.9060055450939872 1.9098594447531438 1.9137133444123005 1.9175672440714568 1.9214211437306135 1.92527504338977 1.9291289430489267 1.9305608269507333 1.929403521255704 1.9282462155606743 1.927088909865645 1.9259316041706156 1.9247742984755862 1.9236169927805549 1.9224596870855253 1.921302381390496 1.9201450756954666 1.9189877700004372 1.9178304643054078 1.9166731586103782 1.9155158529153489 1.9143585472203195 1.9132012415252901
-9999.0 -9999.0 -9999.0 -9999.0 -9999.0 -9999.0 -9999.0 -9999.0 -9999.0 -9999.0 -9999.0 -9999.0 -9999.0 -9999.0 1.8767368966921438 1.8804964435926521 1.8842559904931602 1.8880155373936685 1.8917750842941767 1.895534631194685 1.899294178095193 1.9030537249957078 1.9068132718962159 1.9105728187967241 1.9143323656972324 1.9180919125977405 1.9218514594982488 1.925611006398757 1.9270271386681845 1.925938107721619 1.924849076775054 1.9237600458284887 1.9226710148819233 1.921581983935358 1.9204929529887909 1.9194039220422257 1.9183148910956604 1.917225860149095 1.9161368292025298 1.9150477982559646 1.9139587673093992 1.912869736362834 1.9117807054162688 1.9106916744697036
-9999.0 -9999.0 -9999.0 -9999.0 -9999.0 -9999.0 -9999.0 -9999.0 -9999.0 -9999.0 -9999.0 -9999.0 -9999.0 -9999.0 -9999.0 1.8781107400462616 1.8817759341881215 1.8854411283299812 1.8891063224718412 1.892771516613701 1.8964367107555609 1.9001019048974268 1.9037670990392868 1.9074322931811465 1.9110974873230064 1.9147626814648662 1.9184278756067261 1.9220930697485858 1.923493450385634 1.922472694187533 1.921451937989432 1.9204311817913309 1.9194104255932296 1.9183896693951286 1.9173689131970257 1.9163481569989247 1.9153274008008234 1.9143066446027224 1.9132858884046213 1.91226513220652 1.911244376008419 1.910223619810318 1.909202863612217 1.9081821074141156
-9999.0 -9999.0 -9999.0 -9999.0 -9999.0 -9999.0 -9999.0 -9999.0 -9999.0 -9999.0 -9999.0 -9999.0 -9999.0 -9999.0 -9999.0 -9999.0 -9999.0 -9999.0 1.8864375606495067 1.8900084020327184 1.8935792434159298 1.8971500847991474 1.9007209261823588 1.9042917675655704 1.9078626089487818 1.9114334503319932 1.9150042917152048 1.9185751330984162 1.9199597621030853 1.9190072806534484 1.9180547992038113 1.9171023177541744 1.9161498363045375 1.9151973548549004 1.9142448734052617 1.9132923919556248 1.912339910505988 1.9113874290563508 1.910434947606714 1.909482466157077 1.90852998470744 1.907577503257803 1.906625021808166 1.905672540358529
-9999.0 -9999.0 -9999.0 -9999.0 -9999.0 -9999.0 -9999.0 -9999.0 -9999.0 -9999.0 -9999.0 -9999.0 -9999.0 -9999.0 -9999.0 -9999.0 -9999.0 -9999.0 1.8837687988271723 1.8872452874517356 1.8907217760762987 1.8941982647008677 1.897674753325431 1.901151241949994 1.9046277305745571 1.9081042191991204 1.9115807078236835 1.9150571964482468 1.9164260738205365 1.9155418671193636 1.9146576604181909 1.913773453717018 1.9128892470158452 1.9120050403146722 1.911120833613498 1.9102366269123252 1.9093524202111523 1.9084682135099795 1.9075840068088066 1.9066998001076338 1.905815593406461 1.9049313867052882 1.9040471800041152 1.9031629733029425
-9999.0 -9999.0 -9999.0 -9999.0 -9999.0 -9999.0 -9999.0 -9999.0 -9999.0 -9999.0 -9999.0 -9999.0 -9999.0 -9999.0 -9999.0 -9999.0 -9999.0 -9999.0 -9999.0 -9999.0 1.8878643087366664 1.891246444602587 1.8946285804685017 1.8980107163344164 1.9013928522003312 1.904774988066246 1.9081571239321609 1.9115392597980756 1.9128923855379862 1.9120764535852774 1.9112605216325689 1.91044458967986 1.9096286577271515 1.9088127257744427 1.9079967938217328 1.907180861869024 1.9063649299163155 1.9055489979636067 1.904733066010898 1.9039171340581893 1.9031012021054807 1.902285270152772 1.9014693382000634 1.9006534062473546
-9999.0 -9999.0 -9999.0 -9999.0 -9999.0 -9999.0 -9999.0 -9999.0 -9999.0 -9999.0 -9999.0 -9999.0 -9999.0 -9999.0 -9999.0 -9999.0 -9999.0 -9999.0 -9999.0 -9999.0 -9999.0 -9999.0 1.891582407611574 -9999.0 1.8981579738261067 1.9014457569333731 1.9047335400406396 1.908021323147906 1.9093586972554373 1.9086110400511929 1.9078633828469482 1.9071157256427038 1.9063680684384592 1.9056204112342148 1.9048727540299688 1.9041250968257244 1.9033774396214798 1.9026297824172353 1.9018821252129907 1.901134468008746 1.9003868108045017 1.899639153600257 1.8988914963960126 1.898143839191768
-9999.0 -9999.0 -9999.0 -9999.0 -9999.0 -9999.0 -9999.0 -9999.0 -9999.0 -9999.0 -9999.0 -9999.0 -9999.0 -9999.0 -9999.0 -9999.0 -9999.0 -9999.0 -9999.0 -9999.0 -9999.0 -9999.0 -9999.0 -9999.0 -9999.0 -9999.0 1.9013099561491182 1.9045033864977363 1.9058250089728885 1.9051456265171083 1.9044662440613278 1.9037868616055473 1.903107479149767 1.9024280966939866 1.901748714238205 1.9010693317824245 1.9003899493266443 1.8997105668708638 1.8990311844150833 1.898351801959303 1.8976724195035226 1.8969930370477421 1.8963136545919619 1.8956342721361814
-9999.0 -9999.0 -9999.0 -9999.0 -9999.0 -9999.0 -9999.0 -9999.0 -9999.0 -9999.0 -9999.0 -9999.0 -9999.0 -9999.0 -9999.0 -9999.0 -9999.0 -9999.0 -9999.0 -9999.0 -9999.0 -9999.0 -9999.0 -9999.0 -9999.0 -9999.0 1.897886372257597 1.9009854498475667 1.9022913206903398 1.9016802129830235 1.9010691052757072 1.900457997568391 1.8998468898610748 1.8992357821537584 1.8986246744464412 1.898013566739125 1.8974024590318086 1.8967913513244923 1.896180243617176 1.8955691359098599 1.8949580282025436 1.8943469204952272 1.893735812787911 1.8931247050805948
-9999.0 -9999.0 -9999.0 -9999.0 -9999.0 -9999.0 -9999.0 -9999.0 -9999.0 -9999.0 -9999.0 -9999.0 -9999.0 -9999.0 -9999.0 -9999.0 -9999.0 -9999.0 -9999.0 -9999.0 -9999.0 -9999.0 -9999.0 -9999.0 -9999.0 -9999.0 -9999.0 1.897467513197396 1.8987576324077897 1.8982147994489376 1.8976719664900854 1.8971291335312332 1.8965863005723813 1.8960434676135292 1.895500634654676 1.894957801695824 1.8944149687369718 1.8938721357781199 1.8933293028192677 1.8927864698604155 1.8922436369015634 1.8917008039427112 1.8911579709838593 1.8906151380250071
-9999.0 -9999.0 -9999.0 -9999.0 -9999.0 -9999.0 -9999.0 -9999.0 -9999.0 -9999.0 -9999.0 -9999.0 -9999.0 -9999.0 -9999.0 -9999.0 -9999.0 -9999.0 -9999.0 -9999.0 -9999.0 -9999.0 -9999.0 -9999.0 -9999.0 -9999.0 -9999.0 -9999.0 1.895223944125241 1.894749385914853 1.894274827704465 1.893800269494077 1.893325711283689 1.892851153073301 1.8923765948629123 1.8919020366525243 1.8914274784421363 1.8909529202317483 1.8904783620213603 1.8900038038109723 1.8895292456005843 1.8890546873901963 1.8885801291798083 1.8881055709694203
-9999.0 -9999.0 -9999.0 -9999.0 -9999.0 -9999.0 -9999.0 -9999.0 -9999.0 -9999.0 -9999.0 -9999.0 -9999.0 -9999.0 -9999.0 -9999.0 -9999.0 -9999.0 -9999.0 -9999.0 -9999.0 -9999.0 -9999.0 -9999.0 -9999.0 -9999.0 -9999.0 -9999.0 -9999.0 1.8912839723807682 1.8908776889188443 1.8904714054569205 1.8900651219949967 1.8896588385330728 1.8892525550711483 1.8888462716092245 1.8884399881473006 1.8880337046853768 1.887627421223453 1.887221137761529 1.8868148542996053 1.8864085708376814 1.8860022873757576 1.8855960039138338
