Figures/CREST_Example_wjb_NSE/PETs/wjb.pet.20090819.asc
ncols            288
nrows            254
xllcorner        113.274861
yllcorner        31.4918055
cellsize         0.008333333333
NODATA_value     -9999
[rows 200 to 219 of 254, columns 90 to 134 of 288]
4.520709943869917 4.515031480916979 4.50935301796405 4.503674555011122 4.497996092058193 4.492317629105264 4.486639166152335 4.480960703199407 4.475282240246478 4.469603777293549 4.463925314340621 4.458246851387692 4.452553734026661 4.446844950772015 4.44113616751736 4.435427384262715 4.4297186010080685 4.424009817753423 4.418301034498778 4.412592251244132 4.406883467989486 4.4011746847348405 4.395465901480195 4.38975711822555 4.384048334970903 4.378339551716258 4.372630768461613 4.366921985206957 4.361213201952311 4.355504418697666 4.34979563544302 4.344086852188375 4.338378068933729 4.332669285679083 4.326960502424438 4.321251719169792 4.315542935915146 4.309834152660501 4.304125369405855 4.29841658615121 4.292707802896554 4.286999019641908 4.284783384114349 4.286302002509224 4.2878206209041
4.533050017577534 4.527297114207352 4.521544210837179 4.515791307467007 4.510038404096834 4.504285500726661 4.498532597356489 4.492779693986316 4.487026790616143 4.481273887245971 4.475520983875799 4.469768080505626 4.463918230488162 4.457964742312666 4.452011254137158 4.446057765961662 4.440104277786165 4.434150789610667 4.428197301435171 4.422243813259674 4.4162903250841765 4.410336836908679 4.404383348733183 4.398429860557686 4.3924763723821885 4.386522884206691 4.380569396031195 4.374615907855688 4.368662419680191 4.362708931504693 4.356755443329196 4.3508019551537 4.344848466978203 4.338894978802705 4.332941490627208 4.326988002451712 4.3210345142762145 4.315081026100717 4.30912753792522 4.303174049749724 4.297220561574217 4.2912670733987195 4.288930642603486 4.290460927952314 4.2919912133011415
4.54539009128515 4.539562747497724 4.533735403710308 4.527908059922892 4.522080716135475 4.516253372348059 4.510426028560643 4.504598684773225 4.498771340985809 4.492943997198393 4.487116653410976 4.48128930962356 4.475282726949664 -9999.0 -9999.0 -9999.0 4.450489954564261 4.444291761467912 4.438093568371563 4.431895375275215 4.425697182178867 4.419498989082519 4.41330079598617 4.407102602889822 4.4009044097934735 4.394706216697125 4.388508023600776 4.3823098305044175 4.376111637408069 4.369913444311721 4.363715251215373 4.357517058119025 4.351318865022676 4.345120671926328 4.338922478829979 4.332724285733631 4.326526092637283 4.320327899540934 4.314129706444586 4.307931513348238 4.301733320251879 4.295535127155531 4.293077901092621 4.294619853395402 4.296161805698184
4.557730164992767 4.551828380788097 4.545926596583437 4.5400248123787765 4.534123028174116 4.528221243969456 4.5223194597647955 4.5164176755601355 4.510515891355475 4.504614107150815 4.4987123229461545 4.4928105387414945 4.486647223411166 -9999.0 -9999.0 -9999.0 -9999.0 4.454432733325157 4.447989835307957 -9999.0 4.435104039273558 4.428661141256358 4.422218243239158 4.415775345221959 4.409332447204759 4.402889549187559 4.3964466511703595 4.390003753153149 4.383560855135949 4.377117957118749 4.37067505910155 4.36423216108435 4.357789263067151 4.351346365049951 4.344903467032751 4.3384605690155515 4.3320176709983516 4.325574772981152 4.3191318749639525 4.3126889769467525 4.306246078929542 4.299803180912342 4.2972251595817585 4.298778778838493 4.300332398095227
4.570070238700389 4.564094014078474 4.5581177894565705 4.552141564834666 4.546165340212762 4.540189115590858 4.534212890968954 4.528236666347049 4.5222604417251455 4.516284217103241 4.510307992481337 4.504331767859433 -9999.0 -9999.0 -9999.0 -9999.0 -9999.0 -9999.0 -9999.0 -9999.0 -9999.0 4.4378232934302 4.431135690492149 4.424448087554098 4.417760484616047 4.411072881677995 4.4043852787399445 4.397697675801882 4.391010072863831 4.38432246992578 4.377634866987728 4.370947264049677 4.364259661111626 4.3575720581735755 4.350884455235525 4.344196852297473 4.337509249359422 4.330821646421371 4.32413404348332 4.317446440545268 4.310758837607206 4.304071234669155 4.301372418070897 4.302937704281584 4.304502990492271
4.582410312408006 4.5763596473688475 4.570308982329699 4.564258317290551 4.5582076522514035 4.552156987212255 4.546106322173107 4.540055657133959 4.534004992094811 4.527954327055663 4.521903662016515 4.515852996977367 -9999.0 -9999.0 -9999.0 -9999.0 -9999.0 -9999.0 -9999.0 -9999.0 -9999.0 -9999.0 4.440053137745137 4.433120829886234 4.426188522027331 4.4192562141684295 4.412323906309527 4.4053915984506125 4.39845929059171 4.391526982732808 4.384594674873905 4.377662367015002 4.3707300591561005 4.363797751297198 4.356865443438295 4.349933135579392 4.34300082772049 4.336068519861588 4.329136212002685 4.322203904143783 4.315271596284869 4.308339288425966 4.305519676560033 4.307096629724673 4.308673582889313
4.5947503861156225 4.58862528065922 4.582500175202828 4.576375069746436 4.570249964290045 4.564124858833653 4.557999753377261 4.551874647920869 4.545749542464477 4.539624437008085 4.533499331551693 4.527374226095302 4.520740712795675 -9999.0 -9999.0 -9999.0 -9999.0 -9999.0 -9999.0 -9999.0 -9999.0 -9999.0 4.448970584998125 4.441793572218371 4.434616559438617 4.427439546658863 4.420262533879109 4.413085521099343 4.405908508319589 4.398731495539836 4.391554482760082 4.384377469980328 4.3772004572005745 4.370023444420821 4.362846431641066 4.3556694188613125 4.348492406081559 4.341315393301805 4.3341383805220515 4.326961367742298 4.319784354962532 4.312607342182778 4.3096669350491705 4.311255555167763 4.312844175286356
4.607090459823245 4.600890913949598 4.594691368075963 4.588491822202327 4.582292276328691 4.576092730455056 4.569893184581419 4.563693638707783 4.557494092834148 4.551294546960512 4.545095001086876 4.538895455213241 4.532105209257182 -9999.0 -9999.0 -9999.0 -9999.0 -9999.0 -9999.0 -9999.0 -9999.0 -9999.0 -9999.0 4.4504663145505114 4.443044596849906 4.4356228791493 4.428201161448695 4.420779443748077 4.4133577260474715 4.405936008346867 4.398514290646261 4.391092572945656 4.38367085524505 4.376249137544446 4.36882741984384 4.361405702143235 4.353983984442629 4.3465622667420245 4.339140549041419 4.3317188313408135 4.3242971136401955 4.31687539593959 4.313814193538309 4.315414480610854 4.3170147676834
4.609727431442173 4.603510917412081 4.5972944033820005 4.5910778893519195 4.584861375321839 4.578644861291758 4.572428347261677 4.566211833231596 4.559995319201515 4.553778805171434 4.547562291141353 4.541345777111272 4.5346165874869975 -9999.0 -9999.0 -9999.0 -9999.0 -9999.0 -9999.0 -9999.0 -9999.0 -9999.0 -9999.0 -9999.0 -9999.0 -9999.0 -9999.0 4.425457816086823 4.418180564660146 4.410903313233469 4.403626061806793 4.396348810380116 4.3890715589534395 4.3817943075267625 4.3745170561000855 4.367239804673409 4.359962553246732 4.352685301820055 4.345408050393379 4.338130798966702 4.330853547540014 4.323576296113337 4.320601402934559 4.322225828026339 4.323850253118119
4.601992398492436 4.595820350530349 4.589648302568273 4.583476254606197 4.57730420664412 4.571132158682044 4.5649601107199675 4.558788062757891 4.552616014795815 4.546443966833738 4.540271918871662 4.534099870909586 4.527664540318762 -9999.0 -9999.0 -9999.0 -9999.0 -9999.0 -9999.0 -9999.0 -9999.0 -9999.0 -9999.0 -9999.0 -9999.0 -9999.0 -9999.0 -9999.0 -9999.0 4.413479183859192 4.4067623981851005 4.4000456125110095 4.393328826836918 4.386612041162827 4.379895255488736 4.373178469814645 4.366461684140554 4.359744898466463 4.353028112792372 4.346311327118281 4.339594541444179 4.332877755770088 4.330210553460499 4.331872447354275 4.3335343412480505
4.594257365542695 4.588129783648612 4.58200220175454 4.575874619860469 4.569747037966398 4.563619456072326 4.557491874178254 4.551364292284182 4.54523671039011 4.5391091284960385 4.532981546601967 4.526853964707895 4.520712493150522 -9999.0 -9999.0 -9999.0 -9999.0 -9999.0 -9999.0 -9999.0 -9999.0 -9999.0 -9999.0 -9999.0 -9999.0 -9999.0 -9999.0 -9999.0 -9999.0 4.416055054484914 4.409898734563409 4.403742414641904 4.397586094720399 4.391429774798894 4.385273454877389 4.379117134955884 4.3729608150343795 4.366804495112874 4.360648175191369 4.354491855269864 4.348335535348348 4.342179215426843 4.339819703986443 4.341519066682215 4.343218429377988
4.586522332592957 4.58043921676688 4.574356100940813 4.568272985114746 4.562189869288678 4.556106753462611 4.550023637636544 4.543940521810477 4.5378574059844095 4.531774290158342 4.525691174332275 4.519608058506208 -9999.0 -9999.0 -9999.0 -9999.0 -9999.0 -9999.0 -9999.0 -9999.0 -9999.0 -9999.0 -9999.0 -9999.0 -9999.0 -9999.0 -9999.0 -9999.0 4.424226779279556 4.418630925110637 4.413035070941717 4.407439216772798 4.401843362603879 4.39624750843496 4.3906516542660405 4.3850558000971205 4.379459945928201 4.373864091759282 4.368268237590363 4.362672383421444 4.357076529252515 4.351480675083596 4.349428854512383 4.351165686010152 4.35290251750792
4.57878729964322 4.572748649885146 4.566710000127084 4.560671350369021 4.554632700610959 4.548594050852897 4.542555401094834 4.536516751336771 4.530478101578709 4.524439451820646 4.518400802062583 4.5123621523045205 -9999.0 -9999.0 -9999.0 -9999.0 -9999.0 -9999.0 -9999.0 -9999.0 -9999.0 -9999.0 -9999.0 -9999.0 -9999.0 -9999.0 -9999.0 -9999.0 4.426242184152692 4.421206795736359 4.416171407320025 4.411136018903692 4.406100630487358 4.401065242071025 4.3960298536546905 4.390994465238357 4.385959076822023 4.38092368840569 4.375888299989356 4.370852911573023 4.3658175231566805 4.360782134740346 4.359038005038323 4.360812305338088 4.362586605637853
4.57105226669348 4.565058083003411 4.559063899313353 4.553069715623295 4.5470755319332365 4.541081348243179 4.535087164553121 4.529092980863063 4.523098797173005 4.517104613482947 4.511110429792889 4.505116246102831 -9999.0 -9999.0 -9999.0 -9999.0 -9999.0 -9999.0 -9999.0 -9999.0 -9999.0 -9999.0 -9999.0 -9999.0 -9999.0 -9999.0 4.437207434353333 4.4327325116895775 4.42825758902583 4.423782666362082 4.419307743698335 4.414832821034587 4.410357898370839 4.405882975707091 4.401408053043344 4.396933130379596 4.3924582077158485 4.3879832850521 4.383508362388353 4.379033439724605 4.37455851706085 4.370083594397102 4.3686471555642665 4.370458924666028 4.372270693767789
4.563317233743741 4.557367516121678 4.5514177984996245 4.545468080877571 4.539518363255517 4.533568645633464 4.527618928011411 4.521669210389358 4.515719492767304 4.509769775145251 4.503820057523197 -9999.0 -9999.0 -9999.0 -9999.0 -9999.0 -9999.0 -9999.0 -9999.0 -9999.0 -9999.0 -9999.0 -9999.0 -9999.0 -9999.0 -9999.0 4.438101907721298 4.434187450810128 4.430272993898967 4.426358536987805 4.422444080076643 4.4185296231654805 4.414615166254319 4.410700709343157 4.406786252431995 4.4028717955208325 4.398957338609671 4.395042881698509 4.391128424787347 4.387213967876185 4.383299510965016 4.379385054053854 4.378256306090207 4.380105543993965 4.381954781897723
4.555582200794004 4.549676949239945 4.543771697685896 4.537866446131847 4.531961194577798 4.52605594302375 4.520150691469701 4.514245439915652 4.508340188361603 4.502434936807554 -9999.0 -9999.0 -9999.0 -9999.0 -9999.0 -9999.0 -9999.0 -9999.0 -9999.0 -9999.0 -9999.0 -9999.0 -9999.0 -9999.0 -9999.0 -9999.0 4.438996381089261 4.435642389930679 4.432288398772103 4.428934407613527 4.425580416454951 4.422226425296374 4.418872434137798 4.415518442979222 4.4121644518206455 4.408810460662069 4.405456469503493 4.402102478344916 4.39874848718634 4.395394496027763 4.392040504869182 4.3886865137106055 4.387865456616146 4.3897521633219005 4.391638870027655
4.5478471678442665 4.541986382358212 4.536125596872168 4.5302648113861235 4.524404025900079 4.518543240414035 -9999.0 -9999.0 -9999.0 -9999.0 -9999.0 -9999.0 -9999.0 -9999.0 -9999.0 -9999.0 -9999.0 -9999.0 -9999.0 -9999.0 -9999.0 -9999.0 -9999.0 -9999.0 -9999.0 -9999.0 -9999.0 4.43709732905123 4.43430380364524 4.431510278239249 4.4287167528332585 4.425923227427268 4.423129702021278 4.420336176615287 4.417542651209296 4.414749125803306 4.411955600397315 4.4091620749913245 4.406368549585334 4.403575024179343 4.400781498773348 4.397987973367357 4.397474607142087 4.399398782649838 4.401322958157588
4.540112134894526 4.534295815476477 4.528479496058437 4.522663176640397 4.516846857222357 4.511030537804317 -9999.0 -9999.0 -9999.0 -9999.0 -9999.0 -9999.0 -9999.0 -9999.0 -9999.0 -9999.0 -9999.0 -9999.0 -9999.0 -9999.0 -9999.0 -9999.0 -9999.0 -9999.0 -9999.0 -9999.0 -9999.0 4.438552268171782 4.436319208518377 4.4340861488649725 4.431853089211568 4.429620029558163 4.4273869699047586 4.425153910251354 4.422920850597949 4.420687790944545 4.41845473129114 4.416221671637735 4.413988611984331 4.411755552330926 4.409522492677517 4.407289433024113 4.407083757668031 4.409045401977778 4.411007046287525
4.532377101944788 4.526605248594743 -9999.0 4.515061541894673 -9999.0 -9999.0 -9999.0 -9999.0 -9999.0 -9999.0 -9999.0 -9999.0 -9999.0 -9999.0 -9999.0 -9999.0 -9999.0 -9999.0 -9999.0 -9999.0 -9999.0 -9999.0 -9999.0 -9999.0 -9999.0 -9999.0 -9999.0 -9999.0 -9999.0 4.436662019490695 4.434989425589876 4.433316831689058 4.431644237788238 4.429971643887419 4.428299049986601 4.426626456085781 4.424953862184963 4.423281268284144 4.421608674383324 4.419936080482506 4.418263486581684 4.416590892680865 4.416692908193971 4.418692021305715 4.420691134417458
4.524642068995051 4.518914681713011 -9999.0 -9999.0 -9999.0 -9999.0 -9999.0 -9999.0 -9999.0 -9999.0 -9999.0 -9999.0 -9999.0 -9999.0 -9999.0 -9999.0 -9999.0 -9999.0 -9999.0 -9999.0 -9999.0 -9999.0 -9999.0 -9999.0 -9999.0 -9999.0 -9999.0 -9999.0 -9999.0 4.439237890116417 4.438125761968184 4.437013633819951 4.435901505671717 4.434789377523484 4.4336772493752505 4.432565121227017 4.431452993078785 4.430340864930551 4.429228736782318 4.428116608634085 4.4270044804858495 4.425892352337616 4.4263020587199104 4.42833864063365 4.43037522254739
