Figures/CREST_Example_wjb_NSE/PETs/wjb.pet.20101112.asc
ncols            288
nrows            254
xllcorner        113.274861
yllcorner        31.4918055
cellsize         0.008333333333
NODATA_value     -9999
[rows 220 to 239 of 254, columns 132 to 175 of 288]
1.3434016169977008 1.3436839816711597 1.3439663463446185 1.3442487110180774 1.3445310756915363 1.3448134403649952 1.345095805038454 1.345378169711913 1.3456605343853718 1.3459428990588307 1.3462252637322896 1.346507628405749 1.3467899930792078 1.3470723577526666 1.3473547224261255 1.3476370870995844 1.3479194517730433 1.3482018164465022 1.348484181119961 1.34876654579342 1.3490489104668788 1.3493312751403377 1.3496136398137966 1.3498960044872554 1.3501783691607148 1.3504607338341736 1.3507430985076325 1.3510254631810914 1.3513078278545503 1.3515901925280092 1.351278685545349 1.3503323163280478 1.3493859471107468 1.3484395778934457 1.3474932086761446 1.3465468394588436 1.3456004702415425 1.3446541010242397 1.3437077318069386 1.3427613625896375 1.3418149933723365 1.3408686241550354 1.3399222549377343 1.3389758857204332
1.3475971195502814 1.3479576478884563 1.3483181762266314 1.3486787045648063 1.3490392329029812 1.3493997612411561 1.349760289579331 1.350120817917506 1.3504813462556808 1.3508418745938557 1.3512024029320306 1.3515629312702062 1.3519234596083811 1.352283987946556 1.352644516284731 1.3530050446229058 1.3533655729610807 1.3537261012992556 1.3540866296374305 1.3544471579756057 1.3548076863137806 1.3551682146519555 1.3555287429901304 1.3558892713283053 1.3562497996664808 1.3566103280046558 1.3569708563428307 1.3573313846810056 1.3576919130191805 1.3580524413573554 1.3577503295814393 1.3567398405336673 1.3557293514858952 1.3547188624381232 1.3537083733903512 1.3526978843425792 1.3516873952948072 1.3506769062470334 1.3496664171992614 1.3486559281514894 1.3476454391037174 1.3466349500559454 1.3456244610081731 1.344613971960401
1.3517926221028624 1.3522313141057534 1.3526700061086443 1.3531086981115352 1.3535473901144262 1.353986082117317 1.354424774120208 1.3548634661230992 1.35530215812599 1.355740850128881 1.356179542131772 1.3566182341346635 1.3570569261375545 1.3574956181404456 1.3579343101433365 1.3583730021462275 1.3588116941491184 1.3592503861520093 1.3596890781549003 1.3601277701577912 1.360566462160682 1.3610051541635733 1.3614438461664642 1.3618825381693551 1.3623212301722467 1.3627599221751376 1.3631986141780286 1.3636373061809197 1.3640759981838106 1.3645146901867016 1.3642219736175298 1.3631473647392867 1.3620727558610437 1.3609981469828007 1.3599235381045578 1.3588489292263148 1.3577743203480717 1.356699711469827 1.355625102591584 1.354550493713341 1.353475884835098 1.3524012759568549 1.351326667078612 1.350252058200369
1.355988124655445 1.3565049803230522 1.3570218359906592 1.3575386916582661 1.358055547325873 1.3585724029934803 1.3590892586610872 1.3596061143286942 1.3601229699963013 1.3606398256639083 1.3611566813315152 1.361673536999123 1.3621903926667303 1.3627072483343372 1.3632241040019442 1.3637409596695511 1.3642578153371583 1.3647746710047652 1.3652915266723722 1.3658083823399794 1.3663252380075863 1.3668420936751933 1.3673589493428002 1.3678758050104074 1.3683926606780152 1.3689095163456222 1.3694263720132294 1.3699432276808363 1.3704600833484433 1.3709769390160502 1.3706936176536229 1.369554888944909 1.3684161602361948 1.367277431527481 1.3661387028187668 1.364999974110053 1.363861245401339 1.3627225166926231 1.361583787983909 1.360445059275195 1.359306330566481 1.358167601857767 1.3570288731490532 1.355890144440339
1.360183627208026 1.360778646540349 1.361373665872672 1.3619686852049953 1.3625637045373182 1.3631587238696412 1.3637537432019644 1.3643487625342874 1.3649437818666104 1.3655388011989336 1.3661338205312565 1.3667288398635806 1.3673238591959036 1.3679188785282266 1.3685138978605498 1.3691089171928728 1.3697039365251957 1.370298955857519 1.370893975189842 1.3714889945221649 1.372084013854488 1.372679033186811 1.373274052519134 1.3738690718514572 1.3744640911837813 1.3750591105161043 1.3756541298484273 1.3762491491807505 1.3768441685130735 1.3774391878453964 1.3771652616897134 1.3759624131505284 1.3747595646113435 1.3735567160721585 1.3723538675329736 1.3711510189937886 1.3699481704546037 1.3687453219154166 1.3675424733762318 1.3663396248370467 1.365136776297862 1.3639339277586768 1.362731079219492 1.361528230680307
1.3643791297606067 1.3650523127576457 1.365725495754685 1.366398678751724 1.367071861748763 1.3677450447458022 1.3684182277428412 1.3690914107398804 1.3697645937369194 1.3704377767339584 1.3711109597309976 1.3717841427280377 1.372457325725077 1.373130508722116 1.373803691719155 1.3744768747161942 1.3751500577132332 1.3758232407102722 1.3764964237073114 1.3771696067043504 1.3778427897013894 1.3785159726984286 1.3791891556954676 1.3798623386925069 1.380535521689547 1.381208704686586 1.3818818876836252 1.3825550706806642 1.3832282536777034 1.3839014366747424 1.3836369057258036 1.3823699373561478 1.3811029689864918 1.379836000616836 1.37856903224718 1.3773020638775242 1.3760350955078682 1.3747681271382102 1.3735011587685542 1.3722341903988984 1.3709672220292424 1.3697002536595866 1.3684332852899306 1.3671663169202748
1.3685746323131893 1.3693259789749446 1.3700773256366998 1.3708286722984548 1.37158001896021 1.3723313656219651 1.3730827122837204 1.3738340589454754 1.3745854056072306 1.3753367522689857 1.376088098930741 1.3768394455924973 1.3775907922542525 1.3783421389160075 1.3790934855777628 1.3798448322395178 1.380596178901273 1.381347525563028 1.3820988722247833 1.3828502188865384 1.3836015655482936 1.3843529122100486 1.3851042588718039 1.3858556055335591 1.3866069521953155 1.3873582988570705 1.3881096455188258 1.388860992180581 1.389612338842336 1.3903636855040913 1.3901085497618968 1.3887774615617698 1.387446373361643 1.386115285161516 1.3847841969613892 1.3834531087612623 1.3821220205611353 1.3807909323610061 1.3794598441608794 1.3781287559607525 1.3767976677606255 1.3754665795604986 1.3741354913603718 1.3728044031602449
1.3727701348657704 1.3735996451922414 1.3744291555187127 1.375258665845184 1.376088176171655 1.3769176864981263 1.3777471968245973 1.3785767071510686 1.3794062174775397 1.380235727804011 1.3810652381304822 1.3818947484569548 1.3827242587834259 1.3835537691098971 1.3843832794363682 1.3852127897628395 1.3860423000893105 1.3868718104157818 1.387701320742253 1.388530831068724 1.3893603413951954 1.3901898517216664 1.3910193620481377 1.3918488723746087 1.3926783827010814 1.3935078930275526 1.394337403354024 1.395166913680495 1.3959964240069662 1.3968259343334373 1.3965801937979871 1.3951849857673893 1.3937897777367914 1.3923945697061937 1.3909993616755958 1.389604153644998 1.3882089456144 1.3868137375837999 1.385418529553202 1.384023321522604 1.3826281134920062 1.3812329054614083 1.3798376974308104 1.3784424894002125
1.3769656374183512 1.3778733114095385 1.3787809854007256 1.3796886593919129 1.3805963333831002 1.3815040073742872 1.3824116813654745 1.3833193553566618 1.384227029347849 1.3851347033390362 1.3860423773302233 1.3869500513214121 1.3878577253125994 1.3887653993037865 1.3896730732949738 1.3905807472861609 1.3914884212773482 1.3923960952685355 1.3933037692597225 1.3942114432509098 1.3951191172420971 1.3960267912332842 1.3969344652244715 1.3978421392156586 1.3987498132068474 1.3996574871980347 1.4005651611892218 1.401472835180409 1.4023805091715962 1.4032881831627835 1.4030518378340777 1.4015925099730089 1.40013318211194 1.3986738542508712 1.3972145263898024 1.3957551985287335 1.3942958706676647 1.3928365428065934 1.3913772149455246 1.3899178870844557 1.388458559223387 1.386999231362318 1.3855399035012492 1.3840805756401806
1.381161139970932 1.3821469776268351 1.3831328152827385 1.3841186529386418 1.3851044905945449 1.3860903282504482 1.3870761659063515 1.3880620035622546 1.389047841218158 1.3900336788740613 1.3910195165299644 1.3920053541858695 1.3929911918417726 1.3939770294976759 1.3949628671535792 1.3959487048094825 1.3969345424653856 1.397920380121289 1.3989062177771923 1.3998920554330954 1.4008778930889987 1.401863730744902 1.402849568400805 1.4038354060567084 1.4048212437126133 1.4058070813685166 1.40679291902442 1.407778756680323 1.4087645943362264 1.4097504319921297 1.409523481870168 1.4080000341786283 1.4064765864870885 1.4049531387955487 1.403429691104009 1.4019062434124692 1.4003827957209294 1.398859348029387 1.3973359003378472 1.3958124526463074 1.3942890049547676 1.3927655572632278 1.391242109571688 1.3897186618801483
1.3853566425235146 1.386420643844134 1.3874846451647533 1.3885486464853727 1.3896126478059918 1.3906766491266112 1.3917406504472305 1.3928046517678498 1.3938686530884692 1.3949326544090885 1.3959966557297079 1.397060657050329 1.3981246583709483 1.3991886596915675 1.4002526610121868 1.4013166623328062 1.4023806636534255 1.4034446649740449 1.4045086662946642 1.4055726676152835 1.4066366689359027 1.407700670256522 1.4087646715771414 1.4098286728977607 1.4108926742183818 1.4119566755390012 1.4130206768596205 1.4140846781802399 1.4151486795008592 1.4162126808214783 1.4159951259062613 1.4144075583842504 1.4128199908622396 1.411232423340229 1.4096448558182182 1.4080572882962075 1.4064697207741965 1.4048821532521831 1.4032945857301724 1.4017070182081617 1.4001194506861507 1.39853188316414 1.3969443156421293 1.3953567481201186
1.3895521450760955 1.3906943100614308 1.3918364750467662 1.3929786400321016 1.394120805017437 1.3952629700027723 1.3964051349881077 1.397547299973443 1.3986894649587784 1.3998316299441138 1.400973794929449 1.4021159599147863 1.4032581249001217 1.404400289885457 1.4055424548707924 1.4066846198561278 1.4078267848414632 1.4089689498267985 1.4101111148121337 1.411253279797469 1.4123954447828044 1.4135376097681398 1.4146797747534752 1.4158219397388105 1.416964104724148 1.4181062697094833 1.4192484346948184 1.4203905996801538 1.4215327646654892 1.4226749296508245 1.4224667699423517 1.42081508258987 1.419163395237388 1.4175117078849064 1.4158600205324248 1.414208333179943 1.4125566458274612 1.4109049584749767 1.409253271122495 1.4076015837700133 1.4059498964175314 1.4042982090650498 1.402646521712568 1.4009948343600862
1.3937476476286765 1.394967976278728 1.3961883049287793 1.3974086335788307 1.398628962228882 1.3998492908789333 1.4010696195289847 1.402289948179036 1.4035102768290875 1.4047306054791389 1.4059509341291903 1.4071712627792436 1.408391591429295 1.4096119200793464 1.4108322487293978 1.4120525773794492 1.4132729060295006 1.414493234679552 1.4157135633296034 1.4169338919796546 1.418154220629706 1.4193745492797574 1.4205948779298088 1.4218152065798602 1.4230355352299136 1.424255863879965 1.4254761925300163 1.4266965211800677 1.4279168498301191 1.4291371784801705 1.428938413978442 1.4272226067954892 1.4255067996125366 1.423790992429584 1.4220751852466311 1.4203593780636785 1.418643570880726 1.4169277636977702 1.4152119565148176 1.4134961493318647 1.4117803421489121 1.4100645349659595 1.4083487277830067 1.406632920600054
1.397943150181259 1.3992416424960263 1.4005401348107938 1.4018386271255614 1.4031371194403288 1.4044356117550962 1.4057341040698637 1.407032596384631 1.4083310886993985 1.409629581014166 1.4109280733289333 1.412226565643703 1.4135250579584706 1.414823550273238 1.4161220425880054 1.4174205349027729 1.4187190272175403 1.4200175195323077 1.4213160118470751 1.4226145041618425 1.4239129964766102 1.4252114887913776 1.426509981106145 1.4278084734209124 1.429106965735682 1.4304054580504495 1.431703950365217 1.4330024426799843 1.4343009349947518 1.4355994273095194 1.435410058014535 1.4336301310011115 1.4318502039876877 1.430070276974264 1.4282903499608404 1.4265104229474166 1.424730495933993 1.4229505689205662 1.4211706419071426 1.4193907148937188 1.4176107878802953 1.4158308608668715 1.414050933853448 1.4122710068400242
1.40213865273384 1.4035153087133234 1.4048919646928069 1.4062686206722903 1.4076452766517737 1.4090219326312572 1.4103985886107409 1.4117752445902243 1.4131519005697077 1.4145285565491912 1.4159052125286746 1.4172818685081605 1.418658524487644 1.4200351804671274 1.4214118364466108 1.4227884924260945 1.424165148405578 1.4255418043850614 1.4269184603645448 1.4282951163440283 1.4296717723235117 1.4310484283029952 1.4324250842824788 1.4338017402619623 1.4351783962414482 1.4365550522209316 1.437931708200415 1.4393083641798985 1.440685020159382 1.4420616761388654 1.4418817020506256 1.4400376552067309 1.4381936083628362 1.4363495615189417 1.434505514675047 1.4326614678311522 1.4308174209872577 1.42897337414336 1.4271293272994652 1.4252852804555707 1.423441233611676 1.4215971867677812 1.4197531399238867 1.417909093079992
1.4063341552864208 1.4077889749306203 1.4092437945748197 1.4106986142190194 1.412153433863219 1.4136082535074184 1.4150630731516178 1.4165178927958173 1.417972712440017 1.4194275320842165 1.420882351728416 1.4223371713726178 1.4237919910168175 1.425246810661017 1.4267016303052165 1.428156449949416 1.4296112695936154 1.4310660892378149 1.4325209088820146 1.433975728526214 1.4354305481704135 1.436885367814613 1.4383401874588124 1.4397950071030121 1.441249826747214 1.4427046463914135 1.444159466035613 1.4456142856798126 1.4470691053240121 1.4485239249682116 1.448353346086716 1.4464451794123503 1.4445370127379848 1.4426288460636192 1.4407206793892535 1.4388125127148879 1.4369043460405224 1.4349961793661534 1.4330880126917878 1.4311798460174223 1.4292716793430567 1.427363512668691 1.4254553459943253 1.4235471793199599
1.4105296578390034 1.4120626411479191 1.4135956244568346 1.4151286077657503 1.4166615910746658 1.4181945743835813 1.419727557692497 1.4212605410014125 1.422793524310328 1.4243265076192437 1.4258594909281592 1.4273924742370774 1.428925457545993 1.4304584408549086 1.431991424163824 1.4335244074727398 1.4350573907816553 1.4365903740905708 1.4381233573994865 1.439656340708402 1.4411893240173177 1.4427223073262332 1.4442552906351487 1.4457882739440644 1.4473212572529826 1.448854240561898 1.4503872238708138 1.4519202071797292 1.4534531904886447 1.4549861737975605 1.4548249901228092 1.4528527036179726 1.450880417113136 1.4489081306082994 -9999.0 -9999.0 -9999.0 -9999.0 -9999.0 1.4370744115792764 1.4351021250744398 1.4331298385696032 1.4311575520647666 1.42918526555993
1.4147251603915842 1.4163363073652158 1.4179474543388475 1.419558601312479 1.4211697482861108 1.4227808952597423 1.4243920422333738 1.4260031892070055 1.427614336180637 1.4292254831542688 1.4308366301279003 1.4324477771015347 1.4340589240751664 1.435670071048798 1.4372812180224295 1.4388923649960612 1.4405035119696927 1.4421146589433245 1.443725805916956 1.4453369528905877 1.4469480998642192 1.4485592468378508 1.4501703938114825 1.451781540785114 1.4533926877587484 1.4550038347323802 1.4566149817060117 1.4582261286796432 1.459837275653275 1.4614484226269064 1.4612966341588995 1.459260227823592 1.4572238214882844 -9999.0 -9999.0 -9999.0 -9999.0 -9999.0 -9999.0 1.442968977141128 1.4409325708058205 1.438896164470513 1.4368597581352054 1.4348233517998978
1.4163060300694692 1.417952043155809 1.4195980562421489 1.4212440693284887 1.4228900824148285 1.424536095501168 1.426182108587508 1.4278281216738478 1.4294741347601876 1.4311201478465272 1.432766160932867 1.4344121740192097 1.4360581871055493 1.4377042001918892 1.439350213278229 1.4409962263645688 1.4426422394509084 1.4442882525372482 1.445934265623588 1.447580278709928 1.4492262917962677 1.4508723048826073 1.4525183179689471 1.454164331055287 1.4558103441416295 1.4574563572279693 1.4591023703143091 1.460748383400649 1.4623943964869885 1.4640404095733284 1.4639106488798004 1.461882545844983 -9999.0 -9999.0 -9999.0 -9999.0 -9999.0 -9999.0 -9999.0 -9999.0 1.443629618531621 1.4416015154968034 1.439573412461986 -9999.0
1.4150920219851513 1.416726618829825 1.418361215674499 1.419995812519173 1.4216304093638468 1.4232650062085208 1.4248996030531946 1.4265341998978687 1.4281687967425425 1.4298033935872163 1.4314379904318904 1.433072587276567 1.4347071841212409 1.4363417809659147 1.4379763778105887 1.4396109746552626 1.4412455714999366 1.4428801683446104 1.4445147651892842 1.4461493620339583 1.447783958878632 1.4494185557233061 1.45105315256798 1.4526877494126538 1.4543223462573305 1.4559569431020045 1.4575915399466783 1.4592261367913524 1.4608607336360262 1.4624953304807 1.4624011009804228 -9999.0 -9999.0 -9999.0 -9999.0 -9999.0 -9999.0 -9999.0 -9999.0 -9999.0 -9999.0 -9999.0 -9999.0 -9999.0
