Figures/CREST_Example_wjb_NSE/PETs/wjb.pet.20090407.asc
ncols            288
nrows            254
xllcorner        113.274861
yllcorner        31.4918055
cellsize         0.008333333333
NODATA_value     -9999
[rows 140 to 159 of 254, columns 88 to 131 of 288]
2.5424089722681886 2.5447117564441046 2.5470145406200206 2.54931732479594 2.551620108971856 2.553922893147772 2.556225677323688 2.5585284614996042 2.5608312456755202 2.563134029851436 2.565436814027352 2.567739598203268 2.570042382379184 2.5723451665551 2.5733208437009996 2.5728778134243337 2.572434783147667 2.571991752871001 2.571548722594335 2.571105692317669 2.570662662041003 2.570219631764337 2.5697766014876713 2.569333571211005 2.568890540934339 2.568447510657673 2.568004480381007 2.5675614501043413 2.567118419827675 2.5666753895510084 2.5662323592743426 2.5657893289976768 2.5653462987210105 2.5649032684443447 2.564460238167679 2.5640172078910126 2.563574177614347 2.5631311473376805 2.5626881170610147 2.562245086784349 2.5618020565076827 2.561359026231017 2.56091599595435 2.5604729656776843
2.540345931803012 2.542612590362235 2.5448792489214584 2.5471459074806857 2.549412566039909 2.551679224599132 2.5539458831583555 2.5562125417175787 2.558479200276802 2.5607458588360257 2.563012517395249 2.565279175954472 2.5675458345136954 2.5698124930729187 2.5707335964876994 2.5702162710284577 2.569698945569215 2.5691816201099735 2.568664294650732 2.5681469691914898 2.567629643732248 2.5671123182730065 2.566594992813765 2.566077667354523 2.5655603418952815 2.56504301643604 2.564525690976798 2.5640083655175565 2.563491040058315 2.5629737145990723 2.5624563891398306 2.5619390636805885 2.561421738221347 2.5609044127621052 2.5603870873028636 2.559869761843622 2.5593524363843803 2.5588351109251386 2.558317785465897 2.5578004600066553 2.5572831345474136 2.556765809088172 2.5562484836289294 2.5557311581696873
2.5382828913378352 2.5405134242803658 2.5427439572228967 2.544974490165431 2.5472050231079617 2.5494355560504927 2.551666088993023 2.553896621935554 2.5561271548780846 2.5583576878206156 2.560588220763146 2.562818753705677 2.5650492866482075 2.5672798195907385 2.568146349274399 2.567554728632582 2.5669631079907638 2.5663714873489463 2.5657798667071288 2.5651882460653113 2.5645966254234938 2.5640050047816763 2.563413384139859 2.5628217634980417 2.562230142856224 2.5616385222144067 2.561046901572589 2.5604552809307717 2.559863660288954 2.559272039647136 2.5586804190053187 2.5580887983635012 2.5574971777216837 2.556905557079866 2.5563139364380487 2.555722315796231 2.555130695154414 2.5545390745125967 2.553947453870779 2.5533558332289616 2.552764212587144 2.5521725919453266 2.5515809713035082 2.5509893506616907
2.536219850872658 2.5384142581984963 2.5406086655243345 2.5428030728501763 2.5449974801760145 2.547191887501852 2.5493862948276904 2.5515807021535286 2.553775109479367 2.555969516805205 2.558163924131043 2.560358331456881 2.562552738782719 2.5647471461085574 2.565559102061099 2.564893186236706 2.5642272704123115 2.5635613545879186 2.562895438763525 2.5622295229391323 2.561563607114739 2.560897691290346 2.5602317754659527 2.55956585964156 2.5588999438171665 2.558234027992773 2.55756811216838 2.556902196343987 2.556236280519594 2.5555703646951997 2.5549044488708064 2.5542385330464135 2.55357261722202 2.5529067013976268 2.552240785573234 2.5515748697488405 2.5509089539244476 2.5502430381000543 2.5495771222756614 2.548911206451268 2.548245290626875 2.5475793748024818 2.5469134589780875 2.546247543153694
2.5341568104074796 2.536315092116625 2.5384733738257705 2.5406316555349195 2.5427899372440654 2.544948218953211 2.5471065006623563 2.549264782371502 2.5514230640806472 2.5535813457897927 2.555739627498938 2.5578979092080836 2.5600561909172295 2.562214472626375 2.562971854847797 2.562231643840828 2.561491432833858 2.560751221826889 2.56001101081992 2.559270799812951 2.558530588805982 2.557790377799013 2.557050166792044 2.5563099557850752 2.555569744778106 2.5548295337711373 2.5540893227641686 2.5533491117571994 2.5526089007502306 2.55186868974326 2.5511284787362913 2.550388267729322 2.5496480567223534 2.5489078457153846 2.5481676347084155 2.5474274237014467 2.5466872126944775 2.5459470016875088 2.5452067906805396 2.544466579673571 2.5437263686666016 2.542986157659633 2.542245946652663 2.5415057356456936
2.5320937699423025 2.5342159260347557 2.5363380821272083 2.538460238219665 2.5405823943121177 2.542704550404571 2.5448267064970236 2.5469488625894763 2.5490710186819294 2.551193174774382 2.5533153308668353 2.555437486959288 2.557559643051741 2.559681799144194 2.5603846076344965 2.559570101444952 2.558755595255406 2.5579410890658614 2.557126582876317 2.5563120766867717 2.555497570497227 2.5546830643076825 2.553868558118138 2.5530540519285934 2.5522395457390488 2.5514250395495037 2.550610533359959 2.5497960271704145 2.54898152098087 2.548167014791324 2.547352508601779 2.5465380024122344 2.54572349622269 2.544908990033145 2.5440944838436006 2.543279977654056 2.5424654714645114 2.5416509652749664 2.5408364590854218 2.540021952895877 2.5392074467063326 2.538392940516788 2.5375784343272416 2.536763928137697
2.530030729477126 2.5321167599528858 2.534202790428646 2.53628882090441 2.5383748513801705 2.5404608818559304 2.542546912331691 2.5446329428074512 2.5467189732832116 2.548805003758972 2.550891034234732 2.5529770647104923 2.5550630951862527 2.557149125662013 2.5577973604211963 2.556908559049076 2.556019757676954 2.5551309563048337 2.5542421549327132 2.553353353560593 2.5524645521884723 2.551575750816352 2.5506869494442315 2.5497981480721115 2.548909346699991 2.5480205453278706 2.54713174395575 2.5462429425836297 2.5453541412115093 2.5444653398393875 2.543576538467267 2.5426877370951466 2.541798935723026 2.5409101343509057 2.5400213329787857 2.5391325316066653 2.538243730234545 2.5373549288624244 2.536466127490304 2.5355773261181835 2.534688524746063 2.5337997233739427 2.532910922001821 2.5320221206297004
2.5279676890119487 2.5300175938710168 2.5320674987300844 2.5341174035891556 2.5361673084482232 2.538217213307291 2.5402671181663585 2.542317023025426 2.5443669278844943 2.546416832743562 2.5484667376026295 2.550516642461697 2.552566547320765 2.5546164521798325 2.5552101132078966 2.5542470166532003 2.5532839200985027 2.5523208235438064 2.55135772698911 2.5503946304344143 2.549431533879718 2.5484684373250217 2.547505340770326 2.5465422442156296 2.5455791476609337 2.5446160511062375 2.543652954551541 2.5426898579968453 2.541726761442149 2.5407636648874514 2.539800568332755 2.538837471778059 2.537874375223363 2.5369112786686667 2.535948182113971 2.5349850855592746 2.5340219890045783 2.5330588924498825 2.532095795895186 2.53113269934049 2.530169602785794 2.5292065062310978 2.5282434096764 2.527280313121704
2.525702975037435 2.527643234492036 2.529583493946636 2.53152375340124 2.5334640128558408 2.5354042723104415 2.537344531765042 2.5392847912196426 2.5412250506742433 2.5431653101288436 2.5451055695834444 2.5470458290380447 2.5489860884926454 2.550926347947246 2.5514431122112384 2.5504381279295396 2.549433143647839 2.54842815936614 2.5474231750844414 2.5464181908027426 2.5454132065210437 2.544408222239345 2.5434032379576466 2.5423982536759477 2.541393269394249 2.54038828511255 2.5393833008308513 2.5383783165491525 2.5373733322674537 2.536368347985753 2.5353633637040542 2.5343583794223554 2.533353395140657 2.5323484108589582 2.5313434265772594 2.5303384422955606 2.529333458013862 2.528328473732163 2.527323489450464 2.5263185051687653 2.5253135208870665 2.5243085366053677 2.5233035523236675 2.5222985680419687
2.523222684794528 2.5249747108260685 2.5267267368576087 2.528478762889152 2.5302307889206923 2.5319828149522325 2.5337348409837728 2.535486867015313 2.5372388930468532 2.5389909190783935 2.5407429451099337 2.542494971141474 2.544246997173014 2.545999023204555 2.5464150287894483 2.545402798307854 2.544390567826259 2.543378337344665 2.542366106863071 2.541353876381477 2.5403416458998835 2.5393294154182895 2.538317184936696 2.537304954455102 2.536292723973508 2.535280493491914 2.53426826301032 2.5332560325287266 2.5322438020471325 2.531231571565537 2.530219341083943 2.5292071106023495 2.5281948801207554 2.527182649639162 2.526170419157568 2.5251581886759737 2.52414595819438 2.523133727712786 2.5221214972311925 2.5211092667495985 2.520097036268005 2.519084805786411 2.5180725753048154 2.5170603448232214
2.5207423945516187 2.5223061871600985 2.523869979768578 2.525433772377061 2.5269975649855407 2.5285613575940205 2.5301251502025006 2.5316889428109803 2.53325273541946 2.5348165280279398 2.53638032063642 2.5379441132448997 2.5395079058533794 2.5410716984618595 2.541386945367654 2.5403674686861653 2.5393479920046746 2.538328515323186 2.5373090386416965 2.5362895619602077 2.535270085278719 2.53425060859723 2.533231131915741 2.532211655234252 2.531192178552763 2.5301727018712743 2.529153225189785 2.528133748508296 2.5271142718268074 2.5260947951453168 2.525075318463828 2.5240558417823387 2.52303636510085 2.522016888419361 2.520997411737872 2.519977935056383 2.518958458374894 2.5179389816934052 2.5169195050119164 2.515900028330427 2.5148805516489383 2.5138610749674495 2.512841598285959 2.5118221216044696
2.5182621043087114 2.519637663494131 2.5210132226795507 2.5223887818649726 2.5237643410503923 2.5251399002358115 2.526515459421231 2.5278910186066508 2.5292665777920704 2.5306421369774896 2.5320176961629093 2.533393255348329 2.5347688145337486 2.536144373719168 2.536358861945864 2.53533213906448 2.5343054161830945 2.5332786933017104 2.5322519704203263 2.5312252475389423 2.5301985246575582 2.529171801776174 2.52814507889479 2.527118356013406 2.5260916331320225 2.5250649102506384 2.5240381873692543 2.5230114644878703 2.5219847416064862 2.5209580187251004 2.5199312958437163 2.5189045729623323 2.5178778500809487 2.5168511271995646 2.5158244043181806 2.5147976814367965 2.5137709585554124 2.5127442356740284 2.5117175127926443 2.5106907899112603 2.5096640670298767 2.5086373441484926 2.5076106212671068 2.5065838983857227
2.5157818140658046 2.5169691398281637 2.518156465590523 2.519343791352884 2.520531117115244 2.521718442877603 2.522905768639962 2.524093094402321 2.525280420164681 2.52646774592704 2.527655071689399 2.5288423974517587 2.530029723214118 2.531217048976477 2.5313307785240746 2.5302968094427953 2.5292628403615143 2.5282288712802354 2.527194902198956 2.5261609331176773 2.525126964036398 2.524092994955119 2.52305902587384 2.522025056792561 2.5209910877112818 2.5199571186300025 2.5189231495487237 2.5178891804674444 2.5168552113861655 2.5158212423048845 2.5147872732236056 2.5137533041423263 2.5127193350610475 2.511685365979768 2.510651396898489 2.50961742781721 2.508583458735931 2.507549489654652 2.5065155205733727 2.505481551492094 2.5044475824108146 2.5034136133295353 2.5023796442482547 2.5013456751669754
2.5133015238228973 2.5143006161621964 2.515299708501495 2.516298800840796 2.517297893180095 2.518296985519394 2.5192960778586926 2.5202951701979917 2.5212942625372907 2.52229335487659 2.523292447215889 2.524291539555188 2.5252906318944865 2.5262897242337856 2.5263026951022844 2.5252614798211104 2.524220264539934 2.52317904925876 2.522137833977586 2.521096618696412 2.5200554034152374 2.5190141881340633 2.5179729728528892 2.516931757571715 2.5158905422905407 2.5148493270093666 2.5138081117281925 2.5127668964470184 2.511725681165844 2.510684465884668 2.509643250603494 2.50860203532232 2.5075608200411454 2.5065196047599714 2.5054783894787973 2.5044371741976232 2.5033959589164487 2.5023547436352747 2.5013135283541006 2.5002723130729265 2.4992310977917525 2.498189882510578 2.497148667229402 2.496107451948228
2.51082123357999 2.5116320924962285 2.5124429514124675 2.5132538103287074 2.514064669244946 2.514875528161185 2.5156863870774235 2.516497245993662 2.517308104909901 2.5181189638261396 2.518929822742378 2.5197406816586168 2.5205515405748558 2.5213623994910943 2.5212746116804943 2.520226150199425 2.519177688718354 2.5181292272372846 2.5170807657562153 2.5160323042751465 2.514983842794077 2.513935381313008 2.5128869198319386 2.5118384583508693 2.5107899968698 2.5097415353887307 2.5086930739076614 2.507644612426592 2.5065961509455232 2.505547689464452 2.504499227983383 2.5034507665023136 2.5024023050212443 2.501353843540175 2.5003053820591057 2.4992569205780364 2.498208459096967 2.4971599976158982 2.496111536134829 2.4950630746537596 2.4940146131726904 2.492966151691621 2.49191769021055 2.4908692287294807
2.508340943337083 2.508963568830261 2.5095861943234397 2.5102088198166195 2.5108314453097975 2.511454070802976 2.5120766962961545 2.512699321789333 2.5133219472825115 2.51394457277569 2.514567198268868 2.5151898237620465 2.515812449255225 2.5164350747484034 2.5162465282587045 2.5151908205777405 2.514135112896774 2.5130794052158096 2.5120236975348456 2.510967989853881 2.509912282172917 2.5088565744919524 2.5078008668109883 2.506745159130024 2.5056894514490593 2.504633743768095 2.5035780360871307 2.5025223284061666 2.501466620725202 2.5004109130442362 2.4993552053632717 2.498299497682307 2.497243790001343 2.4961880823203786 2.4951323746394145 2.49407666695845 2.493020959277486 2.4919652515965214 2.4909095439155573 2.4898538362345928 2.4887981285536283 2.487742420872664 2.486686713191698 2.485631005510734
2.505860653094176 2.506295045164294 2.5067294372344118 2.5071638293045306 2.507598221374649 2.508032613444767 2.508467005514885 2.5089013975850034 2.5093357896551214 2.5097701817252394 2.5102045737953578 2.5106389658654757 2.5110733579355937 2.511507750005712 2.5112184448369144 2.510155490956055 2.509092537075194 2.5080295831943347 2.506966629313475 2.5059036754326156 2.5048407215517563 2.503777767670897 2.5027148137900377 2.501651859909178 2.5005889060283186 2.4995259521474593 2.4984629982666 2.4974000443857407 2.496337090504881 2.49527413662402 2.4942111827431606 2.4931482288623013 2.4920852749814415 2.491022321100582 2.489959367219723 2.4888964133388636 2.4878334594580043 2.4867705055771445 2.485707551696285 2.484644597815426 2.4835816439345666 2.4825186900537073 2.4814557361728458 2.4803927822919865
2.5033803628512663 2.503626521498324 2.5038726801453817 2.50411883879244 2.5043649974394975 2.5046111560865554 2.504857314733613 2.5051034733806707 2.505349632027728 2.505595790674786 2.5058419493218436 2.5060881079689015 2.506334266615959 2.506580425263017 2.5061903614151206 2.505120161334366 2.50404996125361 2.5029797611728553 2.5019095610921007 2.500839361011346 2.4997691609305916 2.498698960849837 2.4976287607690826 2.4965585606883285 2.495488360607574 2.4944181605268194 2.493347960446065 2.4922777603653103 2.491207560284556 2.4901373602037995 2.489067160123045 2.4879969600422904 2.486926759961536 2.485856559880782 2.4847863598000273 2.4837161597192727 2.482645959638518 2.4815757595577637 2.480505559477009 2.4794353593962546 2.4783651593155 2.4772949592347455 2.476224759153989 2.475154559073235
2.500900072608359 2.5009579978323564 2.501015923056354 2.5010738482803516 2.501131773504349 2.5011896987283464 2.501247623952344 2.501305549176341 2.5013634744003386 2.501421399624336 2.5014793248483334 2.5015372500723307 2.501595175296328 2.5016531005203255 2.5011622779933305 2.5000848317126807 2.4990073854320296 2.49792993915138 2.49685249287073 2.4957750465900808 2.494697600309431 2.4936201540287817 2.492542707748132 2.4914652614674826 2.490387815186833 2.489310368906183 2.4882329226255337 2.487155476344884 2.4860780300642347 2.485000583783583 2.4839231375029334 2.482845691222284 2.4817682449416343 2.480690798660985 2.479613352380335 2.478535906099686 2.477458459819036 2.476381013538387 2.475303567257737 2.4742261209770873 2.473148674696438 2.472071228415788 2.470993782135137 2.4699163358544873
2.498419782365452 2.4982894741663895 2.4981591659673263 2.4980288577682632 2.4978985495692005 2.4977682413701374 2.4976379331710747 2.4975076249720116 2.497377316772949 2.497247008573886 2.497116700374823 2.49698639217576 2.4968560839766973 2.496725775777634 2.4961341945715407 2.495049502090996 2.4939648096104494 2.492880117129905 2.4917954246493603 2.4907107321688158 2.489626039688271 2.4885413472077262 2.4874566547271817 2.486371962246637 2.485287269766092 2.4842025772855476 2.483117884805003 2.4820331923244585 2.4809484998439135 2.479863807363367 2.4787791148828227 2.477694422402278 2.476609729921733 2.4755250374411886 2.474440344960644 2.4733556524800995 2.4722709599995545 2.47118626751901 2.4701015750384654 2.469016882557921 2.467932190077376 2.4668474975968313 2.465762805116285 2.46467811263574
