Figures/CREST_Example_wjb_NSE/PETs/wjb.pet.20100725.asc
ncols            288
nrows            254
xllcorner        113.274861
yllcorner        31.4918055
cellsize         0.008333333333
NODATA_value     -9999
[rows 120 to 139 of 254, columns 44 to 87 of 288]
2.4737580691050707 2.4823383563779533 2.4909186436508355 2.499498930923718 2.5080792181966003 2.516659505469483 2.525239792742365 2.5338200800152477 2.5424003672881446 2.5509806545610267 2.5595609418339094 2.5681412291067915 2.576721516379674 2.5853018036525564 2.593882090925439 2.602462378198321 2.611042665471204 2.619622952744086 2.628203240016968 2.6367835272898508 2.645363814562733 2.6539441018356302 2.6625243891085124 2.671104676381395 2.679684963654277 2.68826525092716 2.696845538200042 2.7054258254729247 2.7153306806070616 2.7266515287281377 2.737972376849214 2.7492932249702906 2.760614073091367 2.7719349212124436 2.783255769333539 2.7945766174546156 2.8058974655756916 2.817218313696768 2.8285391618178446 2.839860009938921 2.8511808580599975 2.8625017061810736 2.87382255430215 2.8851434024232265
2.467423224601356 2.476034841765403 2.4846464589294497 2.493258076093497 2.5018696932575435 2.51048131042159 2.5190929275856373 2.527704544749684 2.5363161619137453 2.5449277790777924 2.553539396241839 2.562151013405886 2.570762630569933 2.5793742477339796 2.5879858648980263 2.5965974820620734 2.60520909922612 2.613820716390167 2.622432333554214 2.6310439507182606 2.6396555678823077 2.648267185046369 2.6568788022104157 2.665490419374463 2.6741020365385095 2.682713653702556 2.6913252708666033 2.69993688803065 2.7098541636488487 2.721167217670326 2.732480271691804 2.7437933257132814 2.7551063797347592 2.7664194337562367 2.7777324877777336 2.7890455417992115 2.800358595820689 2.8116716498421668 2.822984703863644 2.834297757885122 2.8456108119065995 2.8569238659280773 2.8682369199495548 2.8795499739710326
2.461088380097641 2.4697313271528527 2.478374274208064 2.487017221263275 2.4956601683184862 2.504303115373698 2.512946062428909 2.5215890094841202 2.5302319565393465 2.5388749035945577 2.547517850649769 2.55616079770498 2.5648037447601917 2.573446691815403 2.582089638870614 2.5907325859258252 2.599375532981037 2.608018480036248 2.616661427091459 2.625304374146671 2.633947321201882 2.642590268257108 2.651233215312319 2.6598761623675307 2.668519109422742 2.677162056477953 2.685805003533164 2.694447950588376 2.7043776466906357 2.7156829066125145 2.7269881665343934 2.7382934264562726 2.7495986863781514 2.76090394630003 2.7722092062219286 2.7835144661438074 2.794819726065686 2.806124985987565 2.817430245909444 2.828735505831323 2.840040765753202 2.8513460256750807 2.8626512855969595 2.8739565455188383
2.454753535593927 2.463427812540303 2.4721020894866785 2.480776366433054 2.48945064337943 2.4981249203258056 2.5067991972721813 2.5154734742185574 2.5241477511649477 2.5328220281113234 2.541496305057699 2.550170582004075 2.558844858950451 2.5675191358968266 2.5761934128432022 2.584867689789578 2.5935419667359536 2.6022162436823297 2.6108905206287054 2.619564797575081 2.6282390745214568 2.636913351467847 2.6455876284142232 2.654261905360599 2.6629361823069746 2.6716104592533503 2.680284736199726 2.6889590131461016 2.6989011297324232 2.7101985955547034 2.7214960613769836 2.732793527199264 2.744090993021544 2.755388458843824 2.7666859246661235 2.7779833904884037 2.789280856310684 2.800578322132964 2.8118757879552443 2.823173253777524 2.8344707195998042 2.8457681854220844 2.8570656512443646 2.868363117066645
2.4484186910902066 2.457124297927747 2.465829904765287 2.474535511602827 2.4832411184403673 2.491946725277908 2.500652332115448 2.5093579389529883 2.518063545790543 2.5267691526280838 2.535474759465624 2.544180366303164 2.5528859731407043 2.5615915799782445 2.5702971868157847 2.5790027936533253 2.5877084004908655 2.5964140073284057 2.605119614165946 2.613825221003486 2.622530827841026 2.6312364346785815 2.6399420415161217 2.648647648353662 2.657353255191202 2.6660588620287426 2.674764468866283 2.683470075703823 2.693424612774206 2.7047142844968874 2.716003956219569 2.72729362794225 2.7385832996649317 2.749872971387613 2.7611626431103136 2.772452314832995 2.7837419865556763 2.795031658278358 2.806321330001039 2.8176110017237206 2.828900673446402 2.8401903451690833 2.851480016891765 2.862769688614446
2.4420838465864922 2.450820783315197 2.4595577200439016 2.4682946567726063 2.477031593501311 2.4857685302300156 2.4945054669587203 2.503242403687425 2.511979340416145 2.5207162771448495 2.529453213873554 2.538190150602259 2.5469270873309635 2.555664024059668 2.564400960788373 2.5731378975170776 2.5818748342457822 2.590611770974487 2.5993487077031916 2.6080856444318963 2.616822581160601 2.6255595178893203 2.634296454618025 2.64303339134673 2.6517703280754343 2.6605072648041395 2.669244201532844 2.677981138261549 2.6879480958159934 2.699229973439076 2.7105118510621584 2.721793728685241 2.733075606308324 2.7443574839314064 2.7556393615545085 2.766921239177591 2.7782031168006736 2.789484994423756 2.800766872046839 2.8120487496699216 2.823330627293004 2.8346125049160866 2.8458943825391696 2.857176260162252
2.4357490020827774 2.4445172687026466 2.453285535322516 2.462053801942385 2.470822068562254 2.4795903351821234 2.4883586018019925 2.4971268684218617 2.5058951350417455 2.5146634016616147 2.523431668281484 2.532199934901353 2.5409682015212223 2.5497364681410914 2.5585047347609606 2.56727300138083 2.576041268000699 2.584809534620568 2.5935778012404374 2.6023460678603065 2.6111143344801757 2.6198826011000595 2.6286508677199287 2.637419134339798 2.646187400959667 2.6549556675795363 2.6637239341994055 2.6724922008192746 2.682471578857781 2.693745662381265 2.7050197459047487 2.7162938294282326 2.7275679129517165 2.7388419964752004 2.7501160799987034 2.7613901635221874 2.7726642470456713 2.783938330569155 2.795212414092639 2.806486497616123 2.817760581139607 2.829034664663091 2.8403087481865747 2.8515828317100587
2.4294141575790626 2.4382137540900963 2.44701335060113 2.4558129471121637 2.464612543623197 2.4734121401342306 2.4822117366452643 2.491011333156298 2.4998109296673467 2.50861052617838 2.5174101226894137 2.5262097192004473 2.535009315711481 2.5438089122225147 2.5526085087335484 2.561408105244582 2.5702077017556157 2.579007298266649 2.5878068947776827 2.5966064912887163 2.60540608779975 2.614205684310799 2.6230052808218325 2.6318048773328657 2.6406044738438994 2.649404070354933 2.6582036668659668 2.6670032633770004 2.676995061899568 2.6882613513234532 2.699527640747338 2.7107939301712234 2.7220602195951087 2.7333265090189935 2.744592798442898 2.7558590878667832 2.7671253772906685 2.7783916667145534 2.7896579561384387 2.800924245562324 2.812190534986209 2.823456824410094 2.8347231138339795 2.8459894032578643
2.423079313075348 2.431910239477546 2.440741165879744 2.449572092281942 2.45840301868414 2.4672339450863383 2.4760648714885365 2.4848957978907342 2.4937267242929475 2.5025576506951457 2.511388577097344 2.5202195034995416 2.52905042990174 2.537881356303938 2.546712282706136 2.555543209108334 2.564374135510532 2.5732050619127302 2.5820359883149284 2.590866914717126 2.5996978411193243 2.6085287675215376 2.617359693923736 2.6261906203259335 2.6350215467281317 2.64385247313033 2.652683399532528 2.661514325934726 2.671518544941355 2.6827770402656412 2.694035535589928 2.705294030914214 2.716552526238501 2.727811021562787 2.739069516887093 2.750328012211379 2.761586507535666 2.772845002859952 2.7841034981842387 2.795361993508525 2.8066204888328112 2.817878984157098 2.829137479481384 2.840395974805671
2.416744468571633 2.4256067248649957 2.434468981158358 2.4433312374517207 2.4521934937450833 2.461055750038446 2.4699180063318082 2.478780262625171 2.4876425189185487 2.496504775211911 2.5053670315052736 2.5142292877986363 2.523091544091999 2.531953800385361 2.540816056678724 2.5496783129720866 2.558540569265449 2.5674028255588115 2.576265081852174 2.5851273381455364 2.593989594438899 2.602851850732277 2.6117141070256396 2.620576363319002 2.6294386196123645 2.638300875905727 2.6471631321990894 2.656025388492452 2.6660420279831425 2.67729272920783 2.6885434304325178 2.699794131657206 2.7110448328818935 2.722295534106581 2.733546235331288 2.7447969365559755 2.756047637780663 2.7672983390053507 2.7785490402300383 2.7897997414547264 2.801050442679414 2.8123011439041017 2.8235518451287893 2.834802546353477
2.4104096240679187 2.419303210252446 2.4281967964369726 2.4370903826215 2.4459839688060265 2.4548775549905537 2.4637711411750804 2.4726647273596076 2.48155831354415 2.4904518997286766 2.499345485913204 2.508239072097731 2.5171326582822577 2.526026244466785 2.5349198306513117 2.543813416835839 2.5527070030203656 2.5616005892048928 2.5704941753894195 2.5793877615739467 2.588281347758474 2.5971749339430157 2.606068520127543 2.6149621063120696 2.623855692496597 2.632749278681124 2.6416428648656507 2.650536451050178 2.6605655110249296 2.6718084181500186 2.6830513252751076 2.6942942324001966 2.7055371395252856 2.716780046650374 2.7280229537754823 2.7392658609005713 2.7505087680256604 2.7617516751507494 2.7729945822758384 2.784237489400927 2.795480396526016 2.806723303651105 2.817966210776194 2.829209117901283
2.404074779564198 2.41299969563989 2.421924611715581 2.4308495277912727 2.4397744438669644 2.4486993599426556 2.4576242760183473 2.4665491920940386 2.4754741081697453 2.484399024245437 2.4933239403211283 2.50224885639682 2.511173772472511 2.520098688548203 2.5290236046238945 2.5379485206995858 2.5468734367752774 2.5557983528509687 2.5647232689266604 2.5736481850023516 2.5825731010780433 2.59149801715375 2.6004229332294413 2.609347849305133 2.6182727653808247 2.627197681456516 2.6361225975322076 2.645047513607899 2.6550889940667126 2.6663241070922026 2.677559220117693 2.688794333143183 2.7000294461686734 2.7112645591941633 2.722499672219673 2.733734785245163 2.744969898270653 2.756205011296143 2.7674401243216336 2.7786752373471235 2.789910350372614 2.801145463398104 2.8123805764235943 2.8236156894490843
2.3977399350604838 2.40669618102734 2.4156524269941957 2.424608672961052 2.4335649189279076 2.442521164894764 2.4514774108616195 2.4604336568284753 2.4693899027953465 2.4783461487622027 2.4873023947290585 2.4962586406959146 2.5052148866627704 2.514171132629626 2.5231273785964823 2.532083624563338 2.541039870530194 2.54999611649705 2.558952362463906 2.567908608430762 2.576864854397618 2.585821100364489 2.594777346331345 2.603733592298201 2.612689838265057 2.6216460842319127 2.630602330198769 2.6395585761656246 2.6496124771084997 2.660839796034391 2.6720671149602824 2.6832944338861737 2.6945217528120655 2.705749071737957 2.7169763906638673 2.7282037095897587 2.7394310285156505 2.750658347441542 2.761885666367433 2.7731129852933245 2.784340304219216 2.7955676231451076 2.806794942070999 2.8180222609968903
2.391405090556769 2.4003926664147897 2.40938024227281 2.4183678181308306 2.427355393988851 2.436342969846871 2.4453305457048917 2.454318121562912 2.4633056974209477 2.472293273278968 2.4812808491369887 2.490268424995009 2.499256000853029 2.50824357671105 2.51723115256907 2.5262187284270907 2.535206304285111 2.544193880143131 2.553181456001152 2.562169031859172 2.5711566077171923 2.580144183575228 2.589131759433249 2.598119335291269 2.6071069111492893 2.61609448700731 2.62508206286533 2.634069638723351 2.644135960150287 2.65535548497658 2.6665750098028727 2.6777945346291654 2.6890140594554577 2.7002335842817504 2.7114531091080623 2.722672633934355 2.7338921587606477 2.7451116835869405 2.756331208413233 2.767550733239526 2.7787702580658187 2.789989782892111 2.8012093077184037 2.8124288325446964
2.385070246053054 2.3940891518022394 2.403108057551424 2.412126963300609 2.421145869049794 2.4301647747989787 2.4391836805481635 2.448202586297348 2.4572214920465485 2.4662403977957337 2.4752593035449184 2.484278209294103 2.493297115043288 2.502316020792473 2.511334926541658 2.5203538322908425 2.5293727380400277 2.5383916437892124 2.547410549538397 2.556429455287582 2.565448361036767 2.5744672667859674 2.583486172535152 2.592505078284337 2.6015239840335216 2.6105428897827068 2.6195617955318915 2.6285807012810762 2.6386594431920742 2.6498711739187684 2.661082904645462 2.672294635372156 2.6835063660988503 2.694718096825544 2.705929827552257 2.717141558278951 2.728353289005645 2.739565019732339 2.750776750459033 2.761988481185727 2.773200211912421 2.7844119426391147 2.795623673365809 2.8068354040925025
2.37873540154934 2.387785637189689 2.3968358728300383 2.4058861084703875 2.4149363441107368 2.4239865797510864 2.4330368153914357 2.442087051031785 2.4511372866721497 2.460187522312499 2.4692377579528486 2.478287993593198 2.487338229233547 2.4963884648738963 2.5054387005142456 2.5144889361545952 2.5235391717949445 2.5325894074352937 2.541639643075643 2.550689878715992 2.559740114356342 2.5687903499967066 2.577840585637056 2.586890821277405 2.5959410569177543 2.6049912925581036 2.6140415281984533 2.6230917638388025 2.6331829262338617 2.6443868628609573 2.6555907994880523 2.6667947361151474 2.6779986727422425 2.689202609369338 2.700406545996452 2.711610482623547 2.7228144192506427 2.734018355877738 2.745222292504833 2.756426229131928 2.7676301657590234 2.7788341023861185 2.7900380390132136 2.801241975640309
2.372400557045625 2.3814821225771388 2.3905636881086525 2.3996452536401662 2.40872681917168 2.4178083847031937 2.4268899502347074 2.435971515766221 2.4450530812977505 2.4541346468292646 2.4632162123607784 2.472297777892292 2.481379343423806 2.4904609089553196 2.4995424744868333 2.508624040018347 2.517705605549861 2.5267871710813745 2.5358687366128887 2.5449503021444024 2.554031867675916 2.5631134332074454 2.572194998738959 2.581276564270473 2.5903581298019867 2.5994396953335004 2.608521260865014 2.617602826396528 2.627706409275649 2.6389025518031453 2.6500986943306417 2.661294836858138 2.6724909793856346 2.683687121913131 2.6948832644406466 2.706079406968143 2.7172755494956395 2.728471692023136 2.7396678345506325 2.750863977078129 2.7620601196056254 2.773256262133122 2.7844524046606183 2.7956485471881147
2.366065712541905 2.375178607964583 2.3842915033872614 2.3934043988099396 2.402517294232618 2.411630189655296 2.4207430850779743 2.4298559805006525 2.4389688759233463 2.448081771346025 2.4571946667687032 2.4663075621913815 2.4754204576140597 2.484533353036738 2.493646248459416 2.5027591438820944 2.5118720393047727 2.520984934727451 2.530097830150129 2.5392107255728074 2.548323620995486 2.55743651641818 2.566549411840858 2.5756623072635363 2.5847752026862145 2.5938880981088928 2.603000993531571 2.6121138889542492 2.622229892317432 2.6334182407453293 2.644606589173227 2.655794937601125 2.6669832860290223 2.67817163445692 2.689359982884837 2.7005483313127345 2.7117366797406324 2.72292502816853 2.734113376596428 2.7453017250243255 2.7564900734522233 2.767678421880121 2.7788667703080185 2.7900551187359164
2.3597308680381905 2.3688750933520333 2.378019318665876 2.3871635439797187 2.3963077692935615 2.405451994607404 2.414596219921247 2.4237404452350892 2.432884670548948 2.4420288958627907 2.451173121176633 2.4603173464904757 2.4694615718043185 2.478605797118161 2.487750022432004 2.4968942477458467 2.5060384730596894 2.515182698373532 2.524326923687375 2.5334711490012176 2.5426153743150604 2.5517595996289186 2.5609038249427614 2.570048050256604 2.579192275570447 2.5883365008842896 2.5974807261981323 2.606624951511975 2.616753375359219 2.6279339296875177 2.639114484015817 2.6502950383441157 2.6614755926724145 2.6726561470007137 2.6838367013290316 2.695017255657331 2.7061978099856296 2.7173783643139284 2.7285589186422277 2.7397394729705264 2.7509200272988257 2.7621005816271245 2.7732811359554232 2.7844616902837225
2.3533960235344757 2.362571578739483 2.37174713394449 2.3809226891494975 2.3900982443545042 2.3992737995595115 2.4084493547645187 2.417624909969526 2.4268004651745487 2.435976020379556 2.445151575584563 2.4543271307895704 2.4635026859945777 2.472678241199585 2.481853796404592 2.4910293516095994 2.500204906814606 2.5093804620196134 2.5185560172246206 2.527731572429628 2.536907127634635 2.546082682839658 2.555258238044665 2.5644337932496724 2.5736093484546796 2.582784903659687 2.591960458864694 2.601136014069701 2.6112768584010064 2.6224496186297066 2.6336223788584068 2.644795139087107 2.655967899315807 2.6671406595445073 2.678313419773227 2.689486180001927 2.7006589402306274 2.7118317004593275 2.7230044606880277 2.734177220916728 2.745349981145428 2.7565227413741282 2.7676955016028284 2.7788682618315286
