Figures/CREST_Example_wjb_NSE/PETs/wjb.pet.20090702.asc
ncols            288
nrows            254
xllcorner        113.274861
yllcorner        31.4918055
cellsize         0.008333333333
NODATA_value     -9999
[rows 100 to 119 of 254, columns 132 to 175 of 288]
3.3971894567149548 3.394190181685414 3.3911909066558725 3.3881916316263316 3.3851923565967907 3.3821930815672494 3.3791938065377085 3.3761945315081676 3.3731952564786263 3.3701959814490854 3.367196706419544 3.3641974313899983 3.361198156360457 3.358198881330916 3.355199606301375 3.352200331271834 3.349201056242293 3.3462017812127516 3.3432025061832107 3.34020323115367 3.3372039561241285 3.3342046810945876 3.3312054060650467 3.3282061310355053 3.325206856005959 3.322207580976418 3.3192083059468773 3.316209030917336 3.313209755887795 3.310210480858254 3.3088869133288283 3.30935471502399 3.3098225167191524 3.310290318414314 3.3107581201094765 3.3112259218046387 3.3116937234998005 3.3121615251949637 3.3126293268901255 3.3130971285852877 3.31356493028045 3.3140327319756118 3.314500533670774 3.3149683353659363
3.3973475614223916 3.3944122099951417 3.391476858567892 3.388541507140642 3.385606155713392 3.382670804286142 3.3797354528588923 3.3768001014316424 3.3738647500043926 3.3709293985771427 3.3679940471498924 3.3650586957226376 3.3621233442953877 3.359187992868138 3.356252641440888 3.353317290013638 3.350381938586388 3.3474465871591383 3.3445112357318885 3.3415758843046386 3.3386405328773883 3.3357051814501384 3.3327698300228885 3.3298344785956386 3.326899127168384 3.323963775741134 3.321028424313884 3.3180930728866342 3.3151577214593844 3.3122223700321345 3.3109853258210977 3.3115638104423972 3.3121422950636967 3.3127207796849962 3.3132992643062957 3.3138777489275952 3.3144562335488947 3.315034718170195 3.3156132027914946 3.316191687412794 3.3167701720340936 3.317348656655393 3.3179271412766926 3.318505625897992
3.3975056661298284 3.3946342383048695 3.391762810479911 3.3888913826549523 3.3860199548299934 3.3831485270050345 3.380277099180076 3.3774056713551173 3.3745342435301584 3.3716628157051995 3.3687913878802407 3.3659199600552774 3.3630485322303185 3.3601771044053597 3.357305676580401 3.3544342487554424 3.3515628209304835 3.3486913931055247 3.345819965280566 3.342948537455607 3.3400771096306485 3.3372056818056897 3.334334253980731 3.331462826155772 3.328591398330808 3.3257199705058498 3.322848542680891 3.319977114855932 3.317105687030973 3.3142342592060148 3.3130837383133676 3.3137729058608048 3.3144620734082415 3.3151512409556783 3.3158404085031155 3.316529576050552 3.317218743597989 3.317907911145427 3.3185970786928642 3.319286246240301 3.3199754137877378 3.3206645813351745 3.3213537488826117 3.3220429164300485
3.3976637708372657 3.3948562666145983 3.3920487623919304 3.389241258169263 3.386433753946595 3.383626249723928 3.38081874550126 3.3780112412785925 3.3752037370559247 3.3723962328332573 3.3695887286105894 3.366781224387917 3.3639737201652493 3.361166215942582 3.358358711719914 3.3555512074972467 3.352743703274579 3.3499361990519114 3.3471286948292436 3.344321190606576 3.3415136863839083 3.338706182161241 3.335898677938573 3.3330911737159052 3.330283669493233 3.3274761652705656 3.3246686610478977 3.3218611568252303 3.3190536526025625 3.316246148379895 3.3151821508056374 3.315982001279212 3.316781851752786 3.3175817022263603 3.3183815526999347 3.3191814031735087 3.319981253647083 3.320781104120659 3.321580954594233 3.3223808050678074 3.323180655541382 3.323980506014956 3.3247803564885303 3.3255802069621048
3.3978218755447025 3.395078294924326 3.3923347143039497 3.3895911336835733 3.386847553063197 3.38410397244282 3.3813603918224437 3.3786168112020674 3.375873230581691 3.3731296499613146 3.3703860693409378 3.367642488720557 3.36489890810018 3.3621553274798037 3.3594117468594273 3.356668166239051 3.3539245856186746 3.3511810049982977 3.3484374243779214 3.345693843757545 3.3429502631371686 3.340206682516792 3.3374631018964154 3.334719521276039 3.3319759406556577 3.3292323600352813 3.326488779414905 3.3237451987945286 3.321001618174152 3.3182580375537754 3.3172805632979077 3.3181910966976194 3.319101630097331 3.3200121634970428 3.3209226968967545 3.321833230296466 3.322743763696178 3.323654297095891 3.3245648304956026 3.3254753638953143 3.326385897295026 3.3272964306947377 3.3282069640944494 3.329117497494161
3.39797998025214 3.395300323234055 3.3926206662159695 3.389941009197884 3.3872613521797987 3.3845816951617134 3.3819020381436284 3.379222381125543 3.3765427241074577 3.3738630670893723 3.371183410071287 3.368503753053197 3.365824096035112 3.363144439017027 3.3604647819989415 3.357785124980856 3.3551054679627708 3.3524258109446854 3.3497461539266005 3.347066496908515 3.3443868398904297 3.3417071828723444 3.339027525854259 3.336347868836174 3.333668211818084 3.330988554799999 3.3283088977819135 3.325629240763828 3.322949583745743 3.3202699267276574 3.3193789757901793 3.3204001921160287 3.3214214084418776 3.322442624767727 3.323463841093576 3.3244850574194253 3.3255062737452743 3.3265274900711255 3.3275487063969744 3.328569922722824 3.3295911390486728 3.330612355374522 3.331633571700371 3.3326547880262205
3.398138084959577 3.3955223515437827 3.3929066181279888 3.3902908847121944 3.3876751512964 3.385059417880606 3.382443684464812 3.379827951049018 3.3772122176332235 3.3745964842174296 3.3719807508016353 3.369365017385837 3.3667492839700426 3.3641335505542487 3.3615178171384543 3.3589020837226604 3.356286350306866 3.353670616891072 3.351054883475278 3.348439150059484 3.3458234166436895 3.3432076832278956 3.3405919498121013 3.3379762163963074 3.3353604829805086 3.3327447495647142 3.3301290161489203 3.327513282733126 3.324897549317332 3.3222818159015377 3.321477388282449 3.3226092875344357 3.3237411867864224 3.3248730860384086 3.3260049852903952 3.327136884542382 3.3282687837943685 3.329400683046357 3.3305325822983436 3.3316644815503302 3.332796380802317 3.3339282800543035 3.33506017930629 3.336192078558277
3.3982961896670143 3.395744379853511 3.393192570040008 3.390640760226505 3.3880889504130023 3.385537140599499 3.382985330785996 3.380433520972493 3.37788171115899 3.375329901345487 3.372778091531984 3.3702262817184767 3.367674471904974 3.3651226620914705 3.3625708522779676 3.3600190424644647 3.357467232650962 3.3549154228374585 3.3523636130239556 3.3498118032104527 3.34725999339695 3.3447081835834465 3.3421563737699436 3.3396045639564407 3.3370527541429333 3.33450094432943 3.331949134515927 3.329397324702424 3.3268455148889213 3.324293705075418 3.323575800774719 3.324818382952843 3.3260609651309667 3.3273035473090906 3.328546129487215 3.329788711665339 3.3310312938434627 3.332273876021589 3.3335164581997128 3.334759040377837 3.336001622555961 3.337244204734085 3.338486786912209 3.339729369090333
3.398454294374451 3.3959664081632392 3.3934785219520274 3.3909906357408155 3.3885027495296036 3.3860148633183917 3.38352697710718 3.381039090895968 3.378551204684756 3.3760633184735442 3.3735754322623324 3.371087546051116 3.368599659839904 3.3661117736286923 3.3636238874174804 3.361136001206269 3.358648114995057 3.3561602287838452 3.3536723425726334 3.3511844563614215 3.3486965701502096 3.3462086839389977 3.343720797727786 3.341232911516574 3.3387450253053577 3.336257139094146 3.333769252882934 3.331281366671722 3.32879348046051 3.3263055942492983 3.3256742132669888 3.32702747837125 3.3283807434755115 3.3297340085797726 3.3310872736840342 3.3324405387882954 3.333793803892557 3.335147068996821 3.336500334101082 3.3378535992053435 3.339206864309605 3.3405601294138663 3.341913394518128 3.343266659622389
3.398612399081888 3.396188436472967 3.3937644738640462 3.391340511255126 3.388916548646205 3.3864925860372845 3.3840686234283637 3.381644660819443 3.3792206982105224 3.3767967356016015 3.3743727729926807 3.371948810383756 3.3695248477748354 3.3671008851659145 3.3646769225569937 3.3622529599480733 3.3598289973391524 3.3574050347302316 3.354981072121311 3.3525571095123903 3.3501331469034694 3.347709184294549 3.345285221685628 3.3428612590767073 3.340437296467783 3.338013333858862 3.335589371249941 3.3331654086410207 3.3307414460321 3.328317483423179 3.3277726257592586 3.3292365737896574 3.3307005218200563 3.332164469850455 3.333628417880854 3.335092365911253 3.3365563139416516 3.3380202619720527 3.3394842100024515 3.3409481580328504 3.3424121060632492 3.343876054093648 3.345340002124047 3.3468039501544458
3.398770503789325 3.3964104647826954 3.394050425776066 3.3916903867694366 3.3893303477628067 3.3869703087561773 3.3846102697495475 3.382250230742918 3.3798901917362887 3.377530152729659 3.3751701137230294 3.3728100747163956 3.370450035709766 3.368089996703137 3.365729957696507 3.3633699186898776 3.3610098796832477 3.3586498406766183 3.356289801669989 3.353929762663359 3.3515697236567297 3.3492096846501 3.3468496456434704 3.344489606636841 3.342129567630207 3.339769528623578 3.337409489616948 3.3350494506103185 3.332689411603689 3.3303293725970593 3.3298710382515284 3.331445669208065 3.333020300164601 3.334594931121137 3.3361695620776732 3.3377441930342093 3.339318823990746 3.3408934549472846 3.3424680859038207 3.344042716860357 3.3456173478168933 3.3471919787734294 3.3487666097299655 3.3503412406865016
3.3989286084967625 3.396632493092424 3.3943363776880857 3.3920402622837473 3.389744146879409 3.3874480314750706 3.385151916070732 3.382855800666394 3.3805596852620554 3.378263569857717 3.3759674544533786 3.3736713390490363 3.371375223644698 3.3690791082403595 3.366782992836021 3.3644868774316827 3.3621907620273443 3.359894646623006 3.3575985312186676 3.355302415814329 3.353006300409991 3.3507101850056524 3.348414069601314 3.3461179541969757 3.3438218387926333 3.341525723388295 3.3392296079839565 3.336933492579618 3.3346373771752797 3.3323412617709414 3.3319694507438 3.333654764626474 3.3353400785091476 3.3370253923918214 3.3387107062744947 3.3403960201571685 3.3420813340398423 3.3437666479225188 3.3454519618051926 3.3471372756878663 3.34882258957054 3.350507903453214 3.3521932173358873 3.353878531218561
3.3990867132041993 3.396854521402152 3.394622329600105 3.3923901377980576 3.3901579459960103 3.387925754193963 3.385693562391916 3.3834613705898686 3.3812291787878213 3.3789969869857743 3.376764795183727 3.374532603381676 3.3723004115796287 3.3700682197775813 3.367836027975534 3.365603836173487 3.3633716443714397 3.3611394525693923 3.3589072607673454 3.356675068965298 3.3544428771632506 3.3522106853612033 3.3499784935591563 3.347746301757109 3.345514109955058 3.3432819181530107 3.3410497263509633 3.3388175345489164 3.336585342746869 3.3343531509448217 3.33406786323607 3.335863860044881 3.337659856853692 3.3394558536625034 3.3412518504713145 3.3430478472801255 3.3448438440889365 3.3466398408977507 3.3484358377065617 3.350231834515373 3.3520278313241842 3.3538238281329953 3.3556198249418063 3.3574158217506174
3.399244817911636 3.3970765497118802 3.394908281512124 3.392740013312368 3.390571745112612 3.3884034769128557 3.3862352087131 3.3840669405133434 3.3818986723135875 3.3797304041138316 3.3775621359140753 3.3753938677143154 3.3732255995145595 3.3710573313148036 3.368889063115047 3.3667207949152913 3.364552526715535 3.362384258515779 3.360215990316023 3.358047722116267 3.355879453916511 3.353711185716755 3.3515429175169986 3.3493746493172427 3.347206381117483 3.345038112917727 3.3428698447179706 3.3407015765182146 3.3385333083184583 3.3363650401187024 3.33616627572834 3.3380729554632884 3.339979635198237 3.3418863149331854 3.343792994668134 3.3456996744030825 3.347606354138031 3.349513033872983 3.3514197136079313 3.3533263933428796 3.3552330730778284 3.3571397528127767 3.3590464325477254 3.3609531122826737
3.3994029226190734 3.3972985780216085 3.3951942334241436 3.3930898888266787 3.390985544229214 3.3888811996317485 3.3867768550342836 3.3846725104368187 3.382568165839354 3.380463821241889 3.378359476644424 3.3762551320469556 3.3741507874494903 3.3720464428520254 3.3699420982545605 3.3678377536570956 3.3657334090596307 3.363629064462166 3.361524719864701 3.359420375267236 3.3573160306697707 3.355211686072306 3.353107341474841 3.351002996877376 3.3488986522799076 3.3467943076824427 3.3446899630849773 3.3425856184875125 3.3404812738900476 3.3383769292925827 3.33826468822061 3.340282050881696 3.342299413542782 3.3443167762038675 3.3463341388649535 3.3483515015260394 3.3503688641871254 3.3523862268482145 3.3544035895093005 3.3564209521703865 3.3584383148314725 3.3604556774925585 3.3624730401536445 3.36449040281473
3.39956102732651 3.3975206063313363 3.395480185336163 3.393439764340989 3.391399343345815 3.3893589223506413 3.3873185013554674 3.3852780803602935 3.3832376593651197 3.3811972383699462 3.3791568173747724 3.377116396379595 3.375075975384421 3.373035554389247 3.3709951333940738 3.3689547123989 3.366914291403726 3.364873870408552 3.3628334494133783 3.3607930284182044 3.3587526074230305 3.356712186427857 3.354671765432683 3.3526313444375093 3.350590923442332 3.348550502447158 3.3465100814519846 3.3444696604568107 3.342429239461637 3.340388818466463 3.34036310071288 3.342491146300103 3.3446191918873263 3.3467472374745495 3.3488752830617727 3.3510033286489964 3.3531313742362197 3.3552594198234464 3.3573874654106697 3.359515510997893 3.361643556585116 3.36377160217234 3.365899647759563 3.3680276933467863
3.3997191320339475 3.397742634641065 3.395766137248182 3.3937896398552994 3.391813142462417 3.389836645069534 3.3878601476766517 3.385883650283769 3.3839071528908864 3.3819306554980035 3.3799541581051207 3.3779776607122347 3.3760011633193523 3.3740246659264694 3.3720481685335866 3.370071671140704 3.3680951737478213 3.366118676354939 3.364142178962056 3.3621656815691736 3.3601891841762908 3.358212686783408 3.3562361893905255 3.3542596919976426 3.3522831946047567 3.350306697211874 3.3483301998189914 3.3463537024261085 3.344377205033226 3.3424007076403432 3.3424615132051496 3.34470024171851 3.346938970231871 3.3491776987452315 3.3514164272585925 3.353655155771953 3.355893884285314 3.3581326127986784 3.360371341312039 3.3626100698254 3.3648487983387603 3.367087526852121 3.3693262553654817 3.3715649838788426
3.3998772367413843 3.397964662950793 3.3960520891602015 3.3941395153696097 3.3922269415790183 3.390314367788427 3.3884017939978355 3.3864892202072436 3.3845766464166522 3.382664072626061 3.380751498835469 3.3788389250448745 3.3769263512542826 3.3750137774636912 3.3731012036731 3.3711886298825084 3.3692760560919166 3.367363482301325 3.365450908510734 3.363538334720142 3.3616257609295506 3.359713187138959 3.3578006133483673 3.355888039557776 3.353975465767181 3.3520628919765896 3.350150318185998 3.348237744395407 3.346325170604815 3.3444125968142235 3.344559925697419 3.346909337136917 3.3492587485764154 3.3516081600159136 3.3539575714554117 3.35630698289491 3.358656394334408 3.36100580577391 3.363355217213408 3.365704628652906 3.3680540400924044 3.3704034515319026 3.3727528629714008 3.375102274410899
3.4033690295576697 3.4015177159898213 3.3996664024219725 3.397815088854124 3.3959637752862752 3.394112461718427 3.3922611481505784 3.3904098345827296 3.388558521014881 3.3867072074470324 3.384855893879184 3.383004580311332 3.3811532667434836 3.3793019531756348 3.3774506396077864 3.3755993260399375 3.373748012472089 3.3718966989042403 3.370045385336392 3.368194071768543 3.3663427582006946 3.3644914446328458 3.3626401310649974 3.3607888174971485 3.358937503929297 3.357086190361448 3.3552348767935998 3.353383563225751 3.3515322496579025 3.349680936090054 3.349890933187183 3.3523045180150475 3.3547181028429125 3.357131687670777 3.359545272498642 3.3619588573265067 3.3643724421543717 3.3667860269822403 3.3691996118101053 3.37161319663797 3.3740267814658345 3.3764403662936995 3.378853951121564 3.381267535949429
3.4104243247962667 3.408631424466331 3.406838524136396 3.405045623806461 3.403252723476526 3.401459823146591 3.3996669228166554 3.3978740224867203 3.3960811221567853 3.39428822182685 3.392495321496915 3.390702421166977 3.388909520837042 3.3871166205071064 3.3853237201771713 3.3835308198472362 3.381737919517301 3.379945019187366 3.3781521188574306 3.3763592185274955 3.3745663181975605 3.3727734178676254 3.3709805175376903 3.3691876172077553 3.3673947168778167 3.3656018165478816 3.3638089162179465 3.3620160158880115 3.3602231155580764 3.3584302152281413 3.3586773809364394 3.3611054233888993 3.363533465841359 3.3659615082938195 3.3683895507462793 3.370817593198739 3.373245635651199 3.3756736781036634 3.3781017205561232 3.380529763008583 3.382957805461043 3.385385847913503 3.387813890365963 3.390241932818423
