Figures/CREST_Example_wjb_NSE/PETs/wjb.pet.20090415.asc
ncols            288
nrows            254
xllcorner        113.274861
yllcorner        31.4918055
cellsize         0.008333333333
NODATA_value     -9999
[rows 180 to 199 of 254, columns 220 to 263 of 288]
2.7078916414341148 2.7073746116292026 2.705872450530798 2.703317161784413 2.7007618730380285 2.698206584291644 2.695651295545259 2.6930960067988745 2.69054071805249 2.6879854293061047 2.68543014055972 2.6828748518133354 2.6803195630669507 2.677764274320566 2.675208985574177 2.6726536968277923 2.6700984080814076 2.667543119335023 2.6649878305886383 2.6624325418422536 2.659877253095869 2.6573219643494843 2.6547666756030996 2.652211386856715 2.64965609811033 2.647100809363945 2.6445455206175605 2.6419902318711714 2.6394349431247868 2.636879654378402 2.6343243656320174 2.6317690768856328 2.629290338759572 2.626893434979505 2.624496531199437 -9999.0 -9999.0 -9999.0 -9999.0 -9999.0 -9999.0 -9999.0 -9999.0 -9999.0
2.7109032504405484 2.710345097907465 2.7088360660553152 2.706310522691028 2.703784979326741 2.701259435962454 2.6987338925981668 2.6962083492338795 2.6936828058695927 2.6911572625053055 2.6886317191410183 2.686106175776731 2.6835806324124443 2.681055089048157 2.6785295456838654 2.6760040023195786 2.6734784589552913 2.670952915591004 2.668427372226717 2.66590182886243 2.663376285498143 2.6608507421338556 2.6583251987695684 2.6557996554052816 2.6532741120409944 2.650748568676707 2.6482230253124204 2.6456974819481287 2.6431719385838415 2.6406463952195547 2.6381208518552675 2.6355953084909802 2.6331078667276437 2.6306611564382245 -9999.0 -9999.0 -9999.0 -9999.0 -9999.0 -9999.0 -9999.0 -9999.0 -9999.0 -9999.0
2.713914859446981 2.713315584185727 2.711799681579832 2.7093038835976424 2.706808085615453 2.7043122876332637 2.701816489651074 2.6993206916688846 2.696824893686695 2.6943290957045054 2.691833297722316 2.6893374997401267 2.686841701757937 2.6843459037757476 2.6818501057935538 2.6793543078113644 2.6768585098291746 2.6743627118469853 2.6718669138647955 2.669371115882606 2.6668753179004168 2.664379519918227 2.6618837219360376 2.6593879239538483 2.6568921259716585 2.654396327989469 2.6519005300072798 2.649404732025086 2.646908934042896 2.644413136060707 2.6419173380785175 2.6394215400963277 2.6369253946957154 -9999.0 -9999.0 -9999.0 -9999.0 -9999.0 -9999.0 -9999.0 -9999.0 -9999.0 -9999.0 -9999.0
2.7169264684534165 2.7162860704639917 2.714763297104352 2.71229724450426 2.709831191904168 2.707365139304076 2.704899086703984 2.7024330341038922 2.6999669815038003 2.6975009289037084 2.6950348763036165 2.6925688237035246 2.6901027711034327 2.6876367185033407 2.685170665903245 2.682704613303153 2.680238560703061 2.677772508102969 2.675306455502877 2.6728404029027852 2.6703743503026933 2.6679082977026014 2.6654422451025095 2.6629761925024176 2.6605101399023257 2.6580440873022337 2.655578034702142 2.653111982102046 2.650645929501954 2.648179876901862 2.64571382430177 2.6432477717016782 2.64074292266379 2.638196599355668 -9999.0 -9999.0 -9999.0 -9999.0 -9999.0 -9999.0 -9999.0 -9999.0 -9999.0 -9999.0
2.7199380774598496 2.719256556742254 2.7177269126288692 2.7152906054108747 2.7128542981928803 2.7104179909748862 2.7079816837568917 2.7055453765388973 2.7031090693209032 2.7006727621029087 2.6982364548849143 2.69580014766692 2.6933638404489257 2.6909275332309317 2.688491226012933 2.6860549187949387 2.6836186115769443 2.68118230435895 2.6787459971409557 2.6763096899229613 2.673873382704967 2.6714370754869727 2.6690007682689783 2.666564461050984 2.6641281538329897 2.6616918466149957 2.659255539397001 2.6568192321790027 2.6543829249610082 2.651946617743014 2.6495103105250197 2.6470740033070252 2.644560450631862 2.6419643208143877 -9999.0 -9999.0 -9999.0 -9999.0 -9999.0 -9999.0 -9999.0 -9999.0 -9999.0 -9999.0
2.7229496864662828 2.7222270430205167 2.7206905281533857 2.718283966317489 2.7158774044815925 2.713470842645696 2.711064280809799 2.7086577189739023 2.7062511571380057 2.703844595302109 2.701438033466212 2.6990314716303154 2.696624909794419 2.694218347958522 2.691811786122621 2.6894052242867246 2.686998662450828 2.684592100614931 2.6821855387790343 2.6797789769431377 2.677372415107241 2.674965853271344 2.6725592914354475 2.670152729599551 2.6677461677636543 2.665339605927757 2.6629330440918606 2.66052648225596 2.658119920420063 2.6557133585841664 2.6533067967482697 2.650900234912373 2.6483779785999335 2.645732042273108 -9999.0 -9999.0 -9999.0 -9999.0 -9999.0 -9999.0 -9999.0 -9999.0 -9999.0 -9999.0
2.725961295472716 2.725197529298779 2.723654143677903 2.721277327224104 2.718900510770305 2.716523694316506 2.714146877862707 2.7117700614089078 2.7093932449551086 2.7070164285013094 2.7046396120475102 2.702262795593711 2.699885979139912 2.6975091626861127 2.6951323462323096 2.6927555297785104 2.6903787133247112 2.688001896870912 2.6856250804171133 2.683248263963314 2.680871447509515 2.678494631055716 2.6761178146019167 2.6737409981481175 2.6713641816943183 2.668987365240519 2.66661054878672 2.664233732332917 2.6618569158791177 2.6594800994253185 2.6571032829715193 2.6547264665177206 -9999.0 -9999.0 -9999.0 -9999.0 -9999.0 -9999.0 -9999.0 -9999.0 -9999.0 -9999.0 -9999.0 -9999.0
2.7289729044791486 2.728168015577041 2.72661775920242 2.724270688130719 2.721923617059017 2.719576545987316 2.717229474915614 2.7148824038439123 2.712535332772211 2.7101882617005093 2.707841190628808 2.7054941195571063 2.703147048485405 2.7007999774137033 2.698452906341998 2.6961058352702962 2.693758764198595 2.691411693126893 2.689064622055192 2.68671755098349 2.684370479911789 2.682023408840087 2.6796763377683854 2.677329266696684 2.6749821956249824 2.672635124553281 2.6702880534815794 2.667940982409874 2.6655939113381724 2.663246840266471 2.6608997691947693 -9999.0 -9999.0 -9999.0 -9999.0 -9999.0 -9999.0 -9999.0 -9999.0 -9999.0 -9999.0 -9999.0 -9999.0 -9999.0
2.731984513485582 2.7311385018553036 2.7295813747269375 2.7272640490373337 2.72494672334773 2.7226293976581255 2.7203120719685216 2.717994746278918 2.715677420589314 2.71336009489971 2.7110427692101062 2.708725443520502 2.706408117830898 2.704090792141294 2.7017734664516864 2.6994561407620825 2.6971388150724787 2.6948214893828744 2.6925041636932705 2.6901868380036666 2.687869512314063 2.685552186624459 2.6832348609348546 2.680917535245251 2.678600209555647 2.676282883866043 2.673965558176439 2.6716482324868314 2.669330906797227 2.667013581107623 2.6646962554180194 -9999.0 -9999.0 -9999.0 -9999.0 -9999.0 -9999.0 -9999.0 -9999.0 -9999.0 -9999.0 -9999.0 -9999.0 -9999.0
2.7349961224920176 2.7341089881335683 2.732544990251457 2.7302574099439507 2.7279698296364443 2.7256822493289383 2.723394669021432 2.7211070887139255 2.718819508406419 2.7165319280989126 2.7142443477914067 2.7119567674839002 2.709669187176394 2.7073816068688874 2.7050940265613774 2.702806446253871 2.7005188659463646 2.698231285638858 2.695943705331352 2.6936561250238458 2.6913685447163394 2.689080964408833 2.686793384101327 2.6845058037938205 2.682218223486314 2.6799306431788077 2.6776430628713017 2.6753554825637913 2.673067902256285 2.6707803219487785 2.6684927416412725 -9999.0 -9999.0 -9999.0 -9999.0 -9999.0 -9999.0 -9999.0 -9999.0 -9999.0 -9999.0 -9999.0 -9999.0 -9999.0
2.7380077314984503 2.7370794744118303 2.735508605775974 2.733250770850565 2.7309929359251566 2.728735100999748 2.726477266074339 2.7242194311489305 2.7219615962235215 2.719703761298113 2.7174459263727044 2.7151880914472954 2.712930256521887 2.710672421596478 2.7084145866710654 2.706156751745657 2.7038989168202483 2.7016410818948393 2.6993832469694308 2.697125412044022 2.6948675771186132 2.6926097421932047 2.6903519072677957 2.688094072342387 2.685836237416978 2.6835784024915696 2.681320567566161 2.6790627326407486 2.6768048977153396 2.674547062789931 2.672289227864522 2.6700313929391135 -9999.0 -9999.0 -9999.0 -9999.0 -9999.0 -9999.0 -9999.0 -9999.0 -9999.0 -9999.0 -9999.0 -9999.0
2.7410193405048835 2.7400499606900928 2.7384722213004915 2.7362441317571804 2.7340160422138693 2.731787952670558 2.7295598631272466 2.7273317735839355 2.7251036840406244 2.7228755944973133 2.720647504954002 2.718419415410691 2.71619132586738 2.713963236324069 2.711735146780754 2.7095070572374427 2.7072789676941316 2.7050508781508205 2.7028227886075094 2.7005946990641982 2.698366609520887 2.696138519977576 2.693910430434265 2.691682340890954 2.6894542513476427 2.6872261618043316 2.6849980722610205 2.6827699827177054 2.6805418931743943 2.678313803631083 2.676085714087772 2.673857624544461 -9999.0 -9999.0 -9999.0 -9999.0 -9999.0 -9999.0 -9999.0 -9999.0 -9999.0 -9999.0 -9999.0 -9999.0
2.744030949511316 2.743020446968355 2.7414358368250085 2.739237492663795 2.737039148502581 2.7348408043413674 2.732642460180154 2.7304441160189405 2.728245771857727 2.7260474276965136 2.7238490835353 2.7216507393740863 2.7194523952128726 2.7172540510516594 2.715055706890442 2.7128573627292285 2.710659018568015 2.708460674406801 2.706262330245588 2.7040639860843743 2.7018656419231606 2.6996672977619474 2.6974689536007337 2.69527060943952 2.693072265278307 2.690873921117093 2.6886755769558794 2.686477232794662 2.6842788886334485 2.6820805444722353 2.6798822003110216 2.677683856149808 -9999.0 -9999.0 -9999.0 -9999.0 -9999.0 -9999.0 -9999.0 -9999.0 -9999.0 -9999.0 -9999.0 -9999.0
2.74704255851775 2.7459909332466172 2.7443994523495254 2.7422308535704096 2.740062254791294 2.7378936560121776 2.735725057233062 2.733556458453946 2.7313878596748298 2.729219260895714 2.7270506621165977 2.724882063337482 2.722713464558366 2.72054486577925 2.7183762670001306 2.7162076682210143 2.7140390694418985 2.7118704706627828 2.7097018718836665 2.7075332731045507 2.705364674325435 2.7031960755463187 2.701027476767203 2.6988588779880867 2.696690279208971 2.694521680429855 2.692353081650739 2.6901844828716195 2.6880158840925032 2.6858472853133875 2.6836786865342717 2.6815100877551554 2.67891820234451 -9999.0 -9999.0 -9999.0 -9999.0 -9999.0 -9999.0 -9999.0 -9999.0 -9999.0 -9999.0 -9999.0
2.750054167524184 2.7489614195248806 2.7473630678740437 2.7452242144770254 2.743085361080007 2.7409465076829886 2.7388076542859703 2.7366688008889524 2.734529947491934 2.7323910940949157 2.7302522406978973 2.728113387300879 2.7259745339038606 2.723835680506842 2.7216968271098203 2.719557973712802 2.7174191203157836 2.7152802669187652 2.713141413521747 2.7110025601247285 2.70886370672771 2.706724853330692 2.7045859999336734 2.702447146536655 2.7003082931396367 2.6981694397426184 2.6960305863456 2.693891732948578 2.6917528795515597 2.6896140261545414 2.687475172757523 2.6853363193605047 2.6827357303125834 -9999.0 -9999.0 -9999.0 -9999.0 -9999.0 -9999.0 -9999.0 -9999.0 -9999.0 -9999.0 -9999.0
2.753065776530617 2.751931905803143 2.750326683398561 2.74821757538364 2.7461084673687197 2.743999359353799 2.7418902513388783 2.7397811433239574 2.7376720353090365 2.735562927294116 2.733453819279195 2.731344711264274 2.7292356032493537 2.7271264952344327 2.7250173872195083 2.722908279204588 2.720799171189667 2.718690063174746 2.7165809551598255 2.7144718471449045 2.712362739129984 2.710253631115063 2.708144523100142 2.7060354150852217 2.703926307070301 2.70181719905538 2.6997080910404594 2.697598983025535 2.695489875010614 2.6933807669956935 2.6912716589807726 2.6891625509658517 2.686553258280655 -9999.0 -9999.0 -9999.0 -9999.0 -9999.0 -9999.0 -9999.0 -9999.0 -9999.0 -9999.0 -9999.0
2.7560773855370497 2.754902392081405 2.753290298923078 2.751210936290255 2.7491315736574315 2.7470522110246085 2.7449728483917855 2.7428934857589624 2.740814123126139 2.738734760493316 2.736655397860493 2.73457603522767 2.7324966725948463 2.7304173099620233 2.7283379473291967 2.7262585846963736 2.72417922206355 2.722099859430727 2.720020496797904 2.717941134165081 2.7158617715322575 2.7137824088994345 2.7117030462666114 2.7096236836337884 2.707544321000965 2.705464958368142 2.703385595735319 2.701306233102492 2.6992268704696687 2.6971475078368456 2.6950681452040226 2.6929887825711996 2.6903707862487267 -9999.0 -9999.0 -9999.0 -9999.0 -9999.0 -9999.0 -9999.0 -9999.0 -9999.0 -9999.0 -9999.0
2.759088994543484 2.7578728783596684 2.7562539144475964 2.7542042971968708 2.752154679946145 2.7501050626954195 2.7480554454446944 2.7460058281939688 2.743956210943243 2.7419065936925175 2.739856976441792 2.7378073591910663 2.7357577419403407 2.7337081246896155 2.7316585074388864 2.7296088901881608 2.727559272937435 2.7255096556867096 2.723460038435984 2.7214104211852588 2.719360803934533 2.7173111866838076 2.715261569433082 2.7132119521823563 2.7111623349316307 2.7091127176809056 2.70706310043018 2.705013483179451 2.702963865928725 2.7009142486779996 2.698864631427274 2.696815014176549 2.6941883142168 -9999.0 -9999.0 -9999.0 -9999.0 -9999.0 -9999.0 -9999.0 -9999.0 -9999.0 -9999.0 -9999.0
2.7621006035499174 2.760843364637931 2.759217529972114 2.7571976581034856 2.755177786234858 2.7531579143662297 2.751138042497602 2.749118170628974 2.747098298760346 2.745078426891718 2.74305855502309 2.741038683154462 2.7390188112858342 2.736998939417206 2.734979067548575 2.7329591956799466 2.730939323811319 2.7289194519426907 2.726899580074063 2.724879708205435 2.722859836336807 2.720839964468179 2.718820092599551 2.716800220730923 2.7147803488622952 2.712760476993667 2.7107406051250393 2.708720733256408 2.70670086138778 2.704680989519152 2.702661117650524 -9999.0 -9999.0 -9999.0 -9999.0 -9999.0 -9999.0 -9999.0 -9999.0 -9999.0 -9999.0 -9999.0 -9999.0 -9999.0
2.76511221255635 2.763813850916193 2.7621811454966307 2.7601910190101 2.7582008925235697 2.7562107660370394 2.754220639550509 2.752230513063979 2.7502403865774485 2.748250260090918 2.7462601336043875 2.744270007117857 2.742279880631327 2.7402897541447966 2.7382996276582627 2.7363095011717324 2.734319374685202 2.732329248198672 2.730339121712141 2.728348995225611 2.7263588687390805 2.72436874225255 2.72237861576602 2.7203884892794896 2.7183983627929593 2.7164082363064286 2.7144181098198983 2.7124279833333644 2.710437856846834 2.708447730360304 2.7064576038737735 -9999.0 -9999.0 -9999.0 -9999.0 -9999.0 -9999.0 -9999.0 -9999.0 -9999.0 -9999.0 -9999.0 -9999.0 -9999.0
