Figures/CREST_Example_wjb_NSE/PETs/wjb.pet.20091026.asc
ncols            288
nrows            254
xllcorner        113.274861
yllcorner        31.4918055
cellsize         0.008333333333
NODATA_value     -9999
[rows 140 to 159 of 254, columns 176 to 219 of 288]
1.6607005593776436 1.6573754424927012 1.654050325607759 1.6507252087228168 1.6474000918378744 1.6440749749529322 1.6407498580679842 1.637424741183042 1.6340996242980999 1.6307745074131574 1.6274493905282152 1.624124273643273 1.6207991567583306 1.6174740398733884 1.6141489229884463 1.6108238061035038 1.6088254635338872 1.6082454727277562 1.6076654819216252 1.607085491115493 1.606505500309362 1.6059255095032308 1.6053455186970997 1.6047655278909687 1.6041855370848377 1.6036055462787064 1.6030255554725754 1.6024455646664444 1.6018655738603134 1.6012855830541821 1.600705592248051 1.60012560144192 1.599545610635788 1.598965619829657 1.5983856290235257 1.5978056382173946 1.5972256474112636 1.5966456566051326 1.5960656657990013 1.5954856749928703 1.5949056841867393 1.594325693380608 1.593745702574477 1.593165711768346
1.6707812460973266 1.6673797203160463 1.663978194534766 1.6605766687534858 1.6571751429722055 1.6537736171909252 1.6503720914096391 1.6469705656283589 1.6435690398470786 1.6401675140657983 1.636765988284518 1.6333644625032377 1.6299629367219575 1.6265614109406772 1.623159885159397 1.6197583593781166 1.617643533246137 1.6169042181529085 1.61616490305968 1.6154255879664503 1.6146862728732216 1.6139469577799932 1.6132076426867648 1.612468327593536 1.6117290125003076 1.6109896974070792 1.6102503823138505 1.609511067220622 1.6087717521273937 1.608032437034165 1.6072931219409365 1.606553806847708 1.6058144917544783 1.6050751766612499 1.6043358615680212 1.6035965464747928 1.6028572313815643 1.6021179162883357 1.6013786011951072 1.6006392861018788 1.5998999710086501 1.5991606559154217 1.5984213408221932 1.5976820257289646
1.6808619328170096 1.6773839981393914 1.673906063461773 1.6704281287841547 1.6669501941065366 1.6634722594289182 1.659994324751294 1.6565163900736757 1.6530384553960575 1.6495605207184392 1.646082586040821 1.6426046513632027 1.6391267166855843 1.6356487820079662 1.6321708473303478 1.6286929126527294 1.626461602958387 1.625562963578061 1.624664324197735 1.6237656848174076 1.6228670454370817 1.6219684060567556 1.6210697666764298 1.6201711272961037 1.6192724879157778 1.618373848535452 1.6174752091551259 1.6165765697748 1.6156779303944742 1.614779291014148 1.6138806516338222 1.6129820122534961 1.6120833728731687 1.6111847334928429 1.6102860941125168 1.609387454732191 1.608488815351865 1.607590175971539 1.606691536591213 1.605792897210887 1.6048942578305612 1.6039956184502353 1.6030969790699092 1.6021983396895834
1.6909426195366928 1.6873882759627366 1.68383393238878 1.6802795888148239 1.6767252452408676 1.6731709016669112 1.669616558092949 1.6660622145189925 1.6625078709450363 1.65895352737108 1.6553991837971238 1.6518448402231674 1.6482904966492111 1.644736153075255 1.6411818095012984 1.6376274659273422 1.6352796726706367 1.6342217090032134 1.63316374533579 1.6321057816683648 1.6310478180009413 1.629989854333518 1.6289318906660946 1.6278739269986713 1.6268159633312478 1.6257579996638245 1.6247000359964012 1.6236420723289777 1.6225841086615544 1.621526144994131 1.6204681813267077 1.6194102176592844 1.6183522539918591 1.6172942903244358 1.6162363266570123 1.615178362989589 1.6141203993221656 1.6130624356547423 1.6120044719873188 1.6109465083198955 1.6098885446524722 1.6088305809850487 1.6077726173176254 1.606714653650202
1.7010233062563844 1.69739255378609 1.6937618013157958 1.6901310488455012 1.686500296375207 1.6828695439049126 1.679238791434612 1.6756080389643178 1.6719772864940232 1.668346534023729 1.6647157815534346 1.6610850290831403 1.6574542766128457 1.6538235241425514 1.650192771672257 1.6465620192019628 1.6440977423828942 1.6428804544283733 1.6416631664738521 1.6404458785193292 1.6392285905648083 1.6380113026102874 1.6367940146557665 1.6355767267012455 1.6343594387467246 1.6331421507922035 1.6319248628376826 1.6307075748831616 1.6294902869286407 1.6282729989741198 1.627055711019599 1.625838423065078 1.6246211351105548 1.623403847156034 1.622186559201513 1.620969271246992 1.6197519832924712 1.6185346953379502 1.6173174073834293 1.6161001194289084 1.6148828314743875 1.6136655435198666 1.6124482555653454 1.6112309676108245
1.7111039929760674 1.707396831609435 1.7036896702428026 1.6999825088761702 1.696275347509538 1.6925681861429056 1.6888610247762668 1.6851538634096344 1.6814467020430022 1.6777395406763698 1.6740323793097374 1.670325217943105 1.6666180565764726 1.6629108952098401 1.6592037338432077 1.6554965724765753 1.652915812095144 1.6515391998535254 1.650162587611907 1.6487859753702865 1.647409363128668 1.6460327508870496 1.6446561386454313 1.643279526403813 1.6419029141621946 1.6405263019205762 1.639149689678958 1.6377730774373396 1.636396465195721 1.6350198529541027 1.6336432407124843 1.632266628470866 1.6308900162292452 1.629513403987627 1.6281367917460086 1.6267601795043902 1.6253835672627719 1.6240069550211536 1.622630342779535 1.6212537305379167 1.6198771182962983 1.61850050605468 1.6171238938130617 1.6157472815714433
1.7211846796957504 1.7174011094327801 1.7136175391698096 1.7098339689068394 1.7060503986438689 1.7022668283808984 1.6984832581179217 1.6946996878549512 1.690916117591981 1.6871325473290104 1.6833489770660401 1.6795654068030696 1.6757818365400994 1.6719982662771289 1.6682146960141586 1.6644311257511881 1.6617338818073935 1.6601979452786777 1.658662008749962 1.6571260722212435 1.6555901356925278 1.654054199163812 1.6525182626350963 1.6509823261063805 1.6494463895776648 1.6479104530489488 1.646374516520233 1.6448385799915173 1.6433026434628015 1.6417667069340858 1.64023077040537 1.6386948338766543 1.6371588973479358 1.63562296081922 1.6340870242905041 1.6325510877617884 1.6310151512330726 1.6294792147043569 1.627943278175641 1.6264073416469254 1.6248714051182096 1.6233354685894938 1.6217995320607779 1.6202635955320621
1.7312653664154336 1.727405387256125 1.7235454080968167 1.7196854289375083 1.7158254497782 1.7119654706188916 1.7081054914595766 1.7042455123002682 1.7003855331409599 1.6965255539816515 1.692665574822343 1.6888055956630346 1.6849456165037262 1.6810856373444178 1.6772256581851095 1.6733656790258011 1.6705519515196434 1.6688566907038302 1.667161429888017 1.665466169072201 1.6637709082563878 1.6620756474405745 1.6603803866247613 1.6586851258089481 1.656989864993135 1.6552946041773215 1.6535993433615084 1.6519040825456952 1.650208821729882 1.6485135609140689 1.6468183000982555 1.6451230392824423 1.6434277784666262 1.641732517650813 1.640037256835 1.6383419960191865 1.6366467352033733 1.6349514743875602 1.633256213571747 1.6315609527559338 1.6298656919401204 1.6281704311243073 1.626475170308494 1.624779909492681
1.7347730395062855 1.7309161897032075 1.7270593399001295 1.7232024900970515 1.7193456402939735 1.7154887904908955 1.7116319406878109 1.707775090884733 1.703918241081655 1.700061391278577 1.696204541475499 1.692347691672421 1.688490841869343 1.684633992066265 1.680777142263187 1.676920292460109 1.6740806257240686 1.6723283507020938 1.6705760756801191 1.6688238006581415 1.6670715256361668 1.665319250614192 1.6635669755922173 1.6618147005702428 1.660062425548268 1.6583101505262934 1.6565578755043187 1.654805600482344 1.6530533254603692 1.6513010504383947 1.64954877541642 1.6477965003944453 1.6460442253724676 1.644291950350493 1.6425396753285182 1.6407874003065435 1.6390351252845687 1.637282850262594 1.6355305752406195 1.6337783002186448 1.63202602519667 1.6302737501746953 1.6285214751527206 1.626769200130746
1.7312545753773223 1.7274858763085408 1.7237171772397593 1.7199484781709777 1.7161797791021962 1.7124110800334147 1.7086423809646267 1.7048736818958452 1.7011049828270637 1.6973362837582822 1.6935675846895004 1.689798885620719 1.6860301865519374 1.6822614874831558 1.6784927884143743 1.6747240893455928 1.6719552695633602 1.6702553433623253 1.6685554171612902 1.6668554909602524 1.6651555647592173 1.6634556385581825 1.6617557123571476 1.6600557861561125 1.6583558599550776 1.6566559337540425 1.6549560075530076 1.6532560813519726 1.6515561551509377 1.6498562289499026 1.6481563027488677 1.6464563765478326 1.6447564503467949 1.6430565241457598 1.6413565979447249 1.63965667174369 1.637956745542655 1.63625681934162 1.634556893140585 1.63285696693955 1.631157040738515 1.62945711453748 1.627757188336445 1.6260572621354101
1.7277361112483565 1.7240555629138714 1.7203750145793864 1.7166944662449013 1.7130139179104162 1.7093333695759312 1.70565282124144 1.7019722729069549 1.69829172457247 1.694611176237985 1.6909306279035 1.6872500795690148 1.6835695312345298 1.679888982900045 1.67620843456556 1.6725278862310748 1.6698299134026502 1.668182336022555 1.6665347586424597 1.6648871812623618 1.6632396038822665 1.6615920265021713 1.659944449122076 1.6582968717419808 1.6566492943618856 1.6550017169817905 1.6533541396016953 1.6517065622216 1.6500589848415048 1.6484114074614096 1.6467638300813143 1.645116252701219 1.6434686753211212 1.641821097941026 1.6401735205609307 1.6385259431808354 1.6368783658007404 1.6352307884206452 1.63358321104055 1.6319356336604547 1.6302880562803594 1.6286404789002642 1.626992901520169 1.625345324140074
1.7242176471193935 1.720625249519205 1.7170328519190163 1.7134404543188277 1.7098480567186392 1.7062556591184506 1.702663261518256 1.6990708639180674 1.6954784663178788 1.6918860687176902 1.6882936711175016 1.684701273517313 1.6811088759171247 1.677516478316936 1.6739240807167475 1.6703316831165589 1.667704557241942 1.6661093286827866 1.664514100123631 1.662918871564473 1.6613236430053173 1.659728414446162 1.6581331858870063 1.656537957327851 1.6549427287686953 1.6533475002095397 1.6517522716503843 1.6501570430912287 1.6485618145320733 1.6469665859729177 1.6453713574137623 1.6437761288546067 1.6421809002954486 1.640585671736293 1.6389904431771376 1.637395214617982 1.6357999860588266 1.634204757499671 1.6326095289405154 1.63101430038136 1.6294190718222044 1.627823843263049 1.6262286147038933 1.624633386144738
1.7206991829904306 1.7171949361245384 1.7136906892586463 1.7101864423927542 1.706682195526862 1.70317794866097 1.6996737017950718 1.6961694549291797 1.6926652080632876 1.6891609611973954 1.6856567143315033 1.6821524674656112 1.678648220599719 1.675143973733827 1.6716397268679348 1.6681354800020427 1.6655792010812338 1.664036321343018 1.6624934416048023 1.6609505618665839 1.659407682128368 1.657864802390152 1.6563219226519363 1.6547790429137206 1.6532361631755048 1.651693283437289 1.6501504036990733 1.6486075239608575 1.6470646442226418 1.645521764484426 1.64397888474621 1.6424360050079942 1.6408931252697758 1.63935024553156 1.6378073657933443 1.6362644860551285 1.6347216063169128 1.633178726578697 1.6316358468404812 1.6300929671022655 1.6285500873640495 1.6270072076258337 1.625464327887618 1.6239214481494022
1.7171807188614674 1.7137646227298717 1.710348526598276 1.7069324304666804 1.7035163343350848 1.700100238203489 1.6966841420718877 1.693268045940292 1.6898519498086964 1.6864358536771005 1.6830197575455048 1.6796036614139092 1.6761875652823135 1.6727714691507178 1.6693553730191222 1.6659392768875265 1.6634538449205254 1.6619633140032495 1.6604727830859733 1.6589822521686948 1.6574917212514186 1.6560011903341425 1.6545106594168666 1.6530201284995905 1.6515295975823143 1.6500390666650384 1.6485485357477623 1.6470580048304861 1.64556747391321 1.644076942995934 1.642586412078658 1.6410958811613818 1.6396053502441033 1.6381148193268271 1.6366242884095512 1.635133757492275 1.633643226574999 1.632152695657723 1.630662164740447 1.6291716338231708 1.6276811029058948 1.6261905719886187 1.6247000410713426 1.6232095101540664
1.7136622547325044 1.7103343093352052 1.707006363937906 1.7036784185406069 1.7003504731433077 1.6970225277460083 1.6936945823487035 1.690366636951404 1.687038691554105 1.6837107461568057 1.6803828007595065 1.6770548553622073 1.6737269099649081 1.6703989645676087 1.6670710191703095 1.6637430737730103 1.6613284887598172 1.659890306663481 1.6584521245671444 1.6570139424708057 1.6555757603744694 1.654137578278133 1.6526993961817966 1.6512612140854603 1.6498230319891238 1.6483848498927876 1.6469466677964513 1.6455084857001148 1.6440703036037785 1.6426321215074422 1.641193939411106 1.6397557573147694 1.6383175752184307 1.6368793931220944 1.635441211025758 1.6340030289294216 1.6325648468330853 1.6311266647367488 1.6296884826404126 1.6282503005440763 1.6268121184477398 1.6253739363514035 1.6239357542550672 1.622497572158731
1.7101437906035417 1.706903995940539 1.7036642012775363 1.7004244066145333 1.6971846119515306 1.6939448172885279 1.6907050226255196 1.6874652279625166 1.684225433299514 1.6809856386365112 1.6777458439735082 1.6745060493105055 1.6712662546475028 1.6680264599845 1.664786665321497 1.6615468706584944 1.659203132599109 1.6578172993237124 1.6564314660483157 1.6550456327729168 1.6536597994975202 1.6522739662221235 1.6508881329467269 1.6495022996713302 1.6481164663959336 1.646730633120537 1.6453447998451403 1.6439589665697436 1.642573133294347 1.6411873000189503 1.6398014667435536 1.638415633468157 1.6370298001927581 1.6356439669173615 1.6342581336419648 1.6328723003665682 1.6314864670911715 1.6301006338157749 1.6287148005403782 1.6273289672649816 1.625943133989585 1.6245573007141882 1.6231714674387916 1.621785634163395
1.7066253264745788 1.7034736825458725 1.700322038617166 1.6971703946884598 1.6940187507597533 1.690867106831047 1.6877154629023354 1.684563818973629 1.6814121750449227 1.6782605311162162 1.67510888718751 1.6719572432588037 1.6688055993300972 1.665653955401391 1.6625023114726845 1.6593506675439782 1.6570777764384008 1.6557442919839438 1.654410807529487 1.6530773230750277 1.6517438386205707 1.650410354166114 1.649076869711657 1.6477433852572 1.646409900802743 1.645076416348286 1.6437429318938293 1.6424094474393722 1.6410759629849154 1.6397424785304584 1.6384089940760016 1.6370755096215446 1.6357420251670853 1.6344085407126285 1.6330750562581715 1.6317415718037147 1.6304080873492577 1.6290746028948009 1.6277411184403439 1.6264076339858868 1.62507414953143 1.623740665076973 1.6224071806225162 1.6210736961680592
1.7031068623456127 1.700043369151203 1.6969798759567931 1.6939163827623833 1.6908528895679735 1.6877893963735637 1.6847259031791486 1.6816624099847388 1.678598916790329 1.6755354235959192 1.6724719304015092 1.6694084372070994 1.6663449440126896 1.6632814508182798 1.66021795762387 1.6571544644294602 1.6549524202776906 1.6536712846441735 1.6523901490106563 1.6511090133771371 1.64982787774362 1.6485467421101028 1.6472656064765856 1.6459844708430684 1.6447033352095513 1.643422199576034 1.642141063942517 1.6408599283089997 1.6395787926754826 1.6382976570419654 1.6370165214084482 1.635735385774931 1.6344542501414117 1.6331731145078945 1.6318919788743773 1.6306108432408601 1.629329707607343 1.6280485719738258 1.6267674363403086 1.6254863007067915 1.6242051650732743 1.622924029439757 1.62164289380624 1.6203617581727228
1.6995883982166498 1.6966130557565364 1.693637713296423 1.6906623708363095 1.6876870283761962 1.684711685916083 1.6817363434559645 1.6787610009958511 1.6757856585357376 1.6728103160756242 1.669834973615511 1.6668596311553976 1.663884288695284 1.6609089462351707 1.6579336037750574 1.654958261314944 1.6528270641169824 1.651598277304405 1.6503694904918276 1.649140703679248 1.6479119168666705 1.646683130054093 1.6454543432415156 1.644225556428938 1.6429967696163608 1.6417679828037832 1.640539195991206 1.6393104091786284 1.6380816223660508 1.6368528355534735 1.635624048740896 1.6343952619283186 1.633166475115739 1.6319376883031615 1.630708901490584 1.6294801146780067 1.6282513278654291 1.6270225410528518 1.6257937542402743 1.624564967427697 1.6233361806151194 1.6221073938025419 1.6208786069899646 1.619649820177387
1.6960699340876868 1.69318274236187 1.690295550636053 1.687408358910236 1.6845211671844191 1.6816339754586023 1.6787467837327803 1.6758595920069634 1.6729724002811466 1.6700852085553297 1.6671980168295126 1.6643108251036958 1.661423633377879 1.6585364416520618 1.655649249926245 1.652762058200428 1.6507017079562742 1.6495252699646366 1.6483488319729989 1.6471723939813592 1.6459959559897213 1.6448195179980836 1.6436430800064459 1.6424666420148082 1.6412902040231705 1.6401137660315326 1.638937328039895 1.6377608900482572 1.6365844520566195 1.6354080140649818 1.634231576073344 1.6330551380817062 1.6318787000900665 1.6307022620984288 1.629525824106791 1.6283493861151532 1.6271729481235155 1.6259965101318778 1.6248200721402402 1.6236436341486022 1.6224671961569646 1.6212907581653269 1.6201143201736892 1.6189378821820515
