Figures/CREST_Example_wjb_NSE/PETs/wjb.pet.20101211.asc
ncols            288
nrows            254
xllcorner        113.274861
yllcorner        31.4918055
cellsize         0.008333333333
NODATA_value     -9999
[rows 140 to 159 of 254, columns 88 to 131 of 288]
0.7960239683114385 0.7968272165666673 0.7976304648218963 0.7984337130771265 0.7992369613323553 0.8000402095875843 0.8008434578428132 0.801646706098042 0.8024499543532709 0.8032532026084998 0.8040564508637287 0.8048596991189576 0.8056629473741864 0.8064661956294153 0.8068692494485861 0.8068444863667352 0.8068197232848844 0.8067949602030335 0.8067701971211827 0.8067454340393319 0.806720670957481 0.8066959078756302 0.8066711447937793 0.8066463817119285 0.8066216186300776 0.8065968555482269 0.8065720924663761 0.8065473293845252 0.8065225663026744 0.8064978032208235 0.8064730401389727 0.8064482770571219 0.806423513975271 0.8063987508934202 0.8063739878115693 0.8063492247297185 0.8063244616478676 0.8062996985660168 0.806274935484166 0.8062501724023151 0.8062254093204643 0.8062006462386135 0.8061758831567626 0.8061511200749117
0.7967283093909356 0.7975282799703927 0.7983282505498496 0.7991282211293079 0.799928191708765 0.800728162288222 0.8015281328676789 0.8023281034471359 0.8031280740265929 0.8039280446060498 0.8047280151855069 0.8055279857649639 0.8063279563444208 0.8071279269238778 0.807528853185586 0.8075031920487509 0.8074775309119158 0.8074518697750807 0.8074262086382454 0.8074005475014103 0.8073748863645752 0.8073492252277401 0.807323564090905 0.8072979029540699 0.8072722418172348 0.8072465806803997 0.8072209195435645 0.8071952584067293 0.8071695972698942 0.8071439361330591 0.807118274996224 0.8070926138593888 0.8070669527225537 0.8070412915857186 0.8070156304488835 0.8069899693120484 0.8069643081752133 0.8069386470383781 0.806912985901543 0.8068873247647078 0.8068616636278727 0.8068360024910376 0.8068103413542025 0.8067846802173674
0.7974326504704329 0.798229343374118 0.7990260362778031 0.7998227291814896 0.8006194220851746 0.8014161149888597 0.8022128078925448 0.8030095007962299 0.803806193699915 0.8046028866036 0.8053995795072851 0.8061962724109702 0.8069929653146554 0.8077896582183405 0.8081884569225861 0.8081618977307666 0.8081353385389473 0.8081087793471278 0.8080822201553084 0.808055660963489 0.8080291017716695 0.8080025425798502 0.8079759833880308 0.8079494241962113 0.8079228650043919 0.8078963058125725 0.8078697466207531 0.8078431874289337 0.8078166282371143 0.8077900690452948 0.8077635098534753 0.807736950661656 0.8077103914698366 0.8076838322780171 0.8076572730861977 0.8076307138943783 0.8076041547025589 0.8075775955107395 0.8075510363189201 0.8075244771271006 0.8074979179352813 0.8074713587434619 0.8074447995516424 0.807418240359823
0.79813699154993 0.7989304067778432 0.7997238220057564 0.800517237233671 0.8013106524615842 0.8021040676894974 0.8028974829174106 0.8036908981453238 0.8044843133732369 0.8052777286011501 0.8060711438290633 0.8068645590569765 0.8076579742848897 0.8084513895128029 0.808848060659586 0.8088206034127823 0.8087931461659785 0.8087656889191749 0.8087382316723711 0.8087107744255675 0.8086833171787637 0.8086558599319601 0.8086284026851563 0.8086009454383527 0.808573488191549 0.8085460309447453 0.8085185736979416 0.8084911164511378 0.8084636592043342 0.8084362019575304 0.8084087447107267 0.808381287463923 0.8083538302171193 0.8083263729703156 0.8082989157235119 0.8082714584767082 0.8082440012299045 0.8082165439831008 0.8081890867362971 0.8081616294894934 0.8081341722426897 0.8081067149958859 0.8080792577490822 0.8080518005022785
0.7988413326294279 0.7996314701815692 0.8004216077337105 0.8012117452858531 0.8020018828379945 0.8027920203901358 0.803582157942277 0.8043722954944184 0.8051624330465597 0.805952570598701 0.8067427081508421 0.8075328457029834 0.8083229832551247 0.809113120807266 0.8095076643965866 0.8094793090947986 0.8094509537930106 0.8094225984912227 0.8093942431894346 0.8093658878876466 0.8093375325858586 0.8093091772840707 0.8092808219822827 0.8092524666804947 0.8092241113787066 0.8091957560769187 0.8091674007751307 0.8091390454733427 0.8091106901715547 0.8090823348697667 0.8090539795679786 0.8090256242661907 0.8089972689644027 0.8089689136626147 0.8089405583608267 0.8089122030590388 0.8088838477572508 0.8088554924554627 0.8088271371536747 0.8087987818518868 0.8087704265500988 0.8087420712483108 0.8087137159465227 0.8086853606447347
0.7995456737089252 0.8003325335852945 0.8011193934616639 0.8019062533380347 0.8026931132144041 0.8034799730907735 0.8042668329671429 0.8050536928435122 0.8058405527198816 0.806627412596251 0.8074142724726204 0.8082011323489898 0.8089879922253592 0.8097748521017287 0.8101672681335866 0.8101380147768144 0.8101087614200421 0.8100795080632698 0.8100502547064975 0.8100210013497252 0.8099917479929529 0.8099624946361806 0.8099332412794084 0.8099039879226361 0.8098747345658638 0.8098454812090915 0.8098162278523192 0.8097869744955469 0.8097577211387746 0.8097284677820024 0.8096992144252301 0.8096699610684578 0.8096407077116855 0.8096114543549132 0.8095822009981409 0.8095529476413686 0.8095236942845964 0.8094944409278241 0.8094651875710518 0.8094359342142795 0.8094066808575072 0.8093774275007349 0.8093481741439625 0.8093189207871903
0.8002500147884224 0.8010335969890199 0.8018171791896174 0.8026007613902162 0.8033843435908137 0.8041679257914112 0.8049515079920087 0.8057350901926061 0.8065186723932036 0.8073022545938011 0.8080858367943987 0.8088694189949962 0.8096530011955937 0.8104365833961912 0.8108268718705867 0.8107967204588301 0.8107665690470734 0.8107364176353169 0.8107062662235603 0.8106761148118037 0.8106459634000471 0.8106158119882906 0.810585660576534 0.8105555091647775 0.8105253577530209 0.8104952063412643 0.8104650549295077 0.8104349035177512 0.8104047521059946 0.810374600694238 0.8103444492824814 0.8103142978707248 0.8102841464589683 0.8102539950472117 0.8102238436354552 0.8101936922236985 0.810163540811942 0.8101333894001854 0.8101032379884289 0.8100730865766723 0.8100429351649158 0.8100127837531591 0.8099826323414026 0.809952480929646
0.8009543558679195 0.8017346603927452 0.8025149649175708 0.8032952694423977 0.8040755739672233 0.804855878492049 0.8056361830168746 0.8064164875417001 0.8071967920665257 0.8079770965913513 0.808757401116177 0.8095377056410026 0.8103180101658282 0.8110983146906537 0.8114864756075867 0.8114554261408459 0.8114243766741049 0.811393327207364 0.8113622777406232 0.8113312282738824 0.8113001788071414 0.8112691293404006 0.8112380798736597 0.8112070304069189 0.8111759809401781 0.8111449314734371 0.8111138820066963 0.8110828325399554 0.8110517830732146 0.8110207336064736 0.8109896841397328 0.8109586346729919 0.8109275852062511 0.8108965357395101 0.8108654862727693 0.8108344368060285 0.8108033873392876 0.8107723378725468 0.8107412884058058 0.810710238939065 0.8106791894723241 0.8106481400055833 0.8106170905388423 0.8105860410721015
0.8016399470127847 0.8023829433334834 0.803125939654182 0.8038689359748818 0.8046119322955805 0.8053549286162791 0.8060979249369777 0.8068409212576764 0.807583917578375 0.8083269138990736 0.8090699102197723 0.8098129065404709 0.8105559028611695 0.8112988991818683 0.8116695083152741 0.811642027125344 0.8116145459354136 0.8115870647454834 0.8115595835555532 0.811532102365623 0.8115046211756928 0.8114771399857625 0.8114496587958323 0.8114221776059021 0.8113946964159718 0.8113672152260417 0.8113397340361115 0.8113122528461812 0.811284771656251 0.8112572904663208 0.8112298092763905 0.8112023280864603 0.8111748468965301 0.8111473657065998 0.8111198845166696 0.8110924033267394 0.8110649221368093 0.811037440946879 0.8110099597569488 0.8109824785670185 0.8109549973770883 0.8109275161871581 0.8109000349972278 0.8108725538072976
0.8023054956594858 0.8029748072864612 0.8036441189134366 0.8043134305404132 0.8049827421673885 0.8056520537943639 0.8063213654213393 0.8069906770483146 0.80765998867529 0.8083293003022654 0.8089986119292407 0.8096679235562161 0.8103372351831915 0.8110065468101668 0.8113431166346946 0.8113239779487154 0.811304839262736 0.8112857005767568 0.8112665618907775 0.8112474232047981 0.8112282845188189 0.8112091458328397 0.8111900071468604 0.8111708684608812 0.8111517297749018 0.8111325910889225 0.8111134524029433 0.811094313716964 0.8110751750309848 0.8110560363450054 0.8110368976590262 0.811017758973047 0.8109986202870676 0.8109794816010883 0.8109603429151091 0.8109412042291299 0.8109220655431506 0.8109029268571712 0.810883788171192 0.8108646494852128 0.8108455107992335 0.8108263721132541 0.8108072334272749 0.8107880947412957
0.8029710443061876 0.8035666712394397 0.8041622981726917 0.8047579251059448 0.8053535520391968 0.8059491789724488 0.8065448059057009 0.8071404328389529 0.807736059772205 0.808331686705457 0.808927313638709 0.8095229405719611 0.810118567505213 0.8107141944384652 0.8110167249541147 0.8110059287720864 0.8109951325900581 0.8109843364080298 0.8109735402260014 0.8109627440439732 0.8109519478619448 0.8109411516799165 0.8109303554978882 0.8109195593158599 0.8109087631338315 0.8108979669518033 0.810887170769775 0.8108763745877466 0.8108655784057184 0.81085478222369 0.8108439860416617 0.8108331898596334 0.8108223936776051 0.8108115974955767 0.8108008013135485 0.8107900051315201 0.8107792089494918 0.8107684127674635 0.8107576165854352 0.8107468204034068 0.8107360242213786 0.8107252280393502 0.810714431857322 0.8107036356752936
0.8036365929528888 0.8041585351924176 0.8046804774319464 0.805202419671476 0.8057243619110048 0.8062463041505336 0.8067682463900623 0.8072901886295911 0.8078121308691198 0.8083340731086486 0.8088560153481774 0.8093779575877061 0.809899899827235 0.8104218420667637 0.8106903332735352 0.8106878795954578 0.8106854259173805 0.8106829722393031 0.8106805185612258 0.8106780648831484 0.810675611205071 0.8106731575269936 0.8106707038489163 0.810668250170839 0.8106657964927616 0.8106633428146842 0.8106608891366068 0.8106584354585296 0.8106559817804522 0.8106535281023748 0.8106510744242974 0.81064862074622 0.8106461670681427 0.8106437133900654 0.810641259711988 0.8106388060339106 0.8106363523558332 0.8106338986777559 0.8106314449996785 0.8106289913216012 0.8106265376435238 0.8106240839654465 0.8106216302873691 0.8106191766092917
0.8043021415995899 0.8047503991453954 0.8051986566912009 0.8056469142370072 0.8060951717828126 0.8065434293286182 0.8069916868744237 0.8074399444202291 0.8078882019660347 0.8083364595118402 0.8087847170576457 0.8092329746034512 0.8096812321492567 0.8101294896950622 0.8103639415929556 0.8103698304188292 0.8103757192447028 0.8103816080705764 0.81038749689645 0.8103933857223236 0.8103992745481972 0.8104051633740708 0.8104110521999444 0.810416941025818 0.8104228298516916 0.8104287186775652 0.8104346075034387 0.8104404963293123 0.8104463851551859 0.8104522739810595 0.8104581628069331 0.8104640516328067 0.8104699404586803 0.8104758292845539 0.8104817181104275 0.8104876069363011 0.8104934957621747 0.8104993845880483 0.8105052734139219 0.8105111622397955 0.8105170510656691 0.8105229398915427 0.8105288287174163 0.8105347175432899
0.8049676902462911 0.8053422630983733 0.8057168359504556 0.8060914088025385 0.8064659816546207 0.8068405545067029 0.8072151273587852 0.8075897002108674 0.8079642730629496 0.8083388459150318 0.8087134187671141 0.8090879916191963 0.8094625644712785 0.8098371373233608 0.8100375499123761 0.8100517812422006 0.8100660125720252 0.8100802439018497 0.8100944752316742 0.8101087065614988 0.8101229378913233 0.8101371692211479 0.8101514005509725 0.8101656318807969 0.8101798632106215 0.8101940945404461 0.8102083258702706 0.8102225572000952 0.8102367885299196 0.8102510198597442 0.8102652511895688 0.8102794825193934 0.8102937138492179 0.8103079451790425 0.810322176508867 0.8103364078386915 0.8103506391685161 0.8103648704983406 0.8103791018281652 0.8103933331579898 0.8104075644878143 0.8104217958176388 0.8104360271474634 0.8104502584772879
0.8056332388929923 0.8059341270513513 0.8062350152097102 0.8065359033680697 0.8068367915264287 0.8071376796847877 0.8074385678431466 0.8077394560015055 0.8080403441598646 0.8083412323182235 0.8086421204765825 0.8089430086349415 0.8092438967933004 0.8095447849516594 0.8097111582317965 0.809733732065572 0.8097563058993476 0.809778879733123 0.8098014535668985 0.809824027400674 0.8098466012344495 0.809869175068225 0.8098917489020004 0.809914322735776 0.8099368965695515 0.8099594704033269 0.8099820442371025 0.810004618070878 0.8100271919046534 0.810049765738429 0.8100723395722045 0.8100949134059799 0.8101174872397555 0.810140061073531 0.8101626349073064 0.8101852087410819 0.8102077825748575 0.810230356408633 0.8102529302424084 0.8102755040761839 0.8102980779099594 0.8103206517437349 0.8103432255775105 0.810365799411286
0.8062987875396934 0.8065259910043292 0.8067531944689649 0.8069803979336009 0.8072076013982367 0.8074348048628723 0.807662008327508 0.8078892117921437 0.8081164152567794 0.8083436187214151 0.8085708221860508 0.8087980256506865 0.8090252291153222 0.8092524325799578 0.8093847665512168 0.8094156828889433 0.8094465992266698 0.8094775155643963 0.8095084319021227 0.8095393482398492 0.8095702645775756 0.8096011809153021 0.8096320972530285 0.809663013590755 0.8096939299284814 0.8097248462662079 0.8097557626039343 0.8097866789416608 0.8098175952793872 0.8098485116171137 0.8098794279548401 0.8099103442925666 0.809941260630293 0.8099721769680195 0.8100030933057459 0.8100340096434724 0.8100649259811988 0.8100958423189253 0.8101267586566517 0.8101576749943782 0.8101885913321046 0.8102195076698311 0.8102504240075576 0.8102813403452841
0.8069643361863946 0.807117854957307 0.8072713737282196 0.8074248924991322 0.8075784112700446 0.807731930040957 0.8078854488118695 0.8080389675827819 0.8081924863536943 0.8083460051246067 0.8084995238955192 0.8086530426664316 0.8088065614373441 0.8089600802082565 0.8090583748706374 0.8090976337123147 0.8091368925539922 0.8091761513956696 0.809215410237347 0.8092546690790244 0.8092939279207018 0.8093331867623792 0.8093724456040566 0.809411704445734 0.8094509632874114 0.8094902221290888 0.8095294809707662 0.8095687398124436 0.809607998654121 0.8096472574957985 0.8096865163374759 0.8097257751791532 0.8097650340208307 0.8098042928625081 0.8098435517041854 0.8098828105458629 0.8099220693875403 0.8099613282292177 0.8100005870708951 0.8100398459125725 0.8100791047542499 0.8101183635959273 0.8101576224376047 0.8101968812792821
0.8076298848330964 0.8077097189102854 0.8077895529874746 0.8078693870646638 0.8079492211418529 0.808029055219042 0.808108889296231 0.8081887233734202 0.8082685574506093 0.8083483915277984 0.8084282256049875 0.8085080596821765 0.8085878937593657 0.8086677278365548 0.8087319831900575 0.8087795845356859 0.8088271858813143 0.8088747872269426 0.808922388572571 0.8089699899181994 0.8090175912638277 0.8090651926094561 0.8091127939550844 0.8091603953007128 0.8092079966463411 0.8092555979919696 0.8093031993375979 0.8093508006832262 0.8093984020288546 0.809446003374483 0.8094936047201113 0.8095412060657398 0.8095888074113681 0.8096364087569965 0.8096840101026248 0.8097316114482532 0.8097792127938815 0.8098268141395099 0.8098744154851383 0.8099220168307666 0.809969618176395 0.8100172195220233 0.8100648208676517 0.8101124222132802
0.8082954334797976 0.8083015828632634 0.8083077322467292 0.808313881630195 0.8083200310136609 0.8083261803971268 0.8083323297805926 0.8083384791640584 0.8083446285475242 0.8083507779309901 0.8083569273144559 0.8083630766979217 0.8083692260813875 0.8083753754648534 0.808405591509478 0.8084615353590573 0.8085174792086367 0.808573423058216 0.8086293669077953 0.8086853107573746 0.8087412546069539 0.8087971984565332 0.8088531423061125 0.8089090861556918 0.8089650300052712 0.8090209738548505 0.8090769177044298 0.8091328615540091 0.8091888054035884 0.8092447492531678 0.8093006931027471 0.8093566369523264 0.8094125808019057 0.809468524651485 0.8095244685010644 0.8095804123506437 0.809636356200223 0.8096923000498023 0.8097482438993816 0.8098041877489609 0.8098601315985402 0.8099160754481195 0.8099720192976989 0.8100279631472782
0.8089609821264987 0.8088934468162413 0.8088259115059838 0.8087583761957262 0.8086908408854688 0.8086233055752113 0.808555770264954 0.8084882349546965 0.8084206996444391 0.8083531643341816 0.8082856290239242 0.8082180937136667 0.8081505584034093 0.8080830230931518 0.8080791998288983 0.8081434861824286 0.808207772535959 0.8082720588894892 0.8083363452430194 0.8084006315965497 0.80846491795008 0.8085292043036103 0.8085934906571405 0.8086577770106708 0.808722063364201 0.8087863497177313 0.8088506360712616 0.8089149224247918 0.8089792087783221 0.8090434951318525 0.8091077814853828 0.809172067838913 0.8092363541924432 0.8093006405459735 0.8093649268995038 0.8094292132530341 0.8094934996065644 0.8095577859600945 0.8096220723136248 0.8096863586671551 0.8097506450206854 0.8098149313742156 0.809879217727746 0.8099435040812762
