Figures/CREST_Example_wjb_NSE/PETs/wjb.pet.20100130.asc
ncols            288
nrows            254
xllcorner        113.274861
yllcorner        31.4918055
cellsize         0.008333333333
NODATA_value     -9999
[rows 80 to 99 of 254, columns 88 to 131 of 288]
1.0588806117079808 1.0592025493797146 1.0595244870514484 1.059846424723183 1.060168362394917 1.0604903000666508 1.0608122377383848 1.0611341754101187 1.0614561130818525 1.0617780507535866 1.0620999884253204 1.0624219260970544 1.0627438637687883 1.063065801440522 1.062929202420218 1.062302417308061 1.061675632195903 1.0610488470837462 1.0604220619715894 1.0597952768594325 1.0591684917472755 1.0585417066351186 1.0579149215229617 1.0572881364108049 1.056661351298648 1.0560345661864912 1.0554077810743343 1.0547809959621774 1.0541542108500206 1.0535274257378626 1.0529006406257058 1.052273855513549 1.051647070401392 1.0510202852892352 1.050393500177078 1.0497667150649213 1.0491399299527644 1.0485131448406075 1.0478863597284507 1.0472595746162938 1.046632789504137 1.04600600439198 1.0453792192798221 1.0447524341676653
1.057447507494118 1.05769777915034 1.0579480508065615 1.0581983224627838 1.0584485941190056 1.0586988657752272 1.058949137431449 1.0591994090876709 1.0594496807438925 1.0596999524001143 1.0599502240563359 1.0602004957125577 1.0604507673687795 1.0607010390250011 1.060542286928506 1.0599462791918395 1.0593502714551717 1.0587542637185052 1.0581582559818385 1.057562248245172 1.0569662405085054 1.056370232771839 1.0557742250351723 1.0551782172985058 1.0545822095618391 1.0539862018251727 1.053390194088506 1.0527941863518395 1.0521981786151728 1.0516021708785053 1.0510061631418388 1.0504101554051721 1.0498141476685057 1.049218139931839 1.0486221321951725 1.0480261244585058 1.0474301167218394 1.0468341089851727 1.0462381012485062 1.0456420935118396 1.045046085775173 1.0444500780385064 1.0438540703018389 1.0432580625651722
1.0560144032802556 1.0561930089209652 1.0563716145616748 1.0565502202023846 1.0567288258430942 1.0569074314838036 1.0570860371245132 1.0572646427652228 1.0574432484059324 1.057621854046642 1.0578004596873516 1.0579790653280612 1.0581576709687706 1.0583362766094802 1.058155371436794 1.0575901410756177 1.0570249107144405 1.0564596803532642 1.055894449992088 1.0553292196309116 1.0547639892697354 1.0541987589085593 1.053633528547383 1.0530682981862067 1.0525030678250304 1.0519378374638542 1.0513726071026779 1.0508073767415016 1.0502421463803253 1.0496769160191481 1.0491116856579719 1.0485464552967956 1.0479812249356193 1.047415994574443 1.0468507642132667 1.0462855338520907 1.0457203034909144 1.045155073129738 1.0445898427685618 1.0440246124073855 1.0434593820462092 1.042894151685033 1.0423289213238558 1.0417636909626795
1.054581299066393 1.0546882386915903 1.0547951783167877 1.0549021179419853 1.0550090575671827 1.05511599719238 1.0552229368175774 1.0553298764427748 1.0554368160679721 1.0555437556931695 1.0556506953183669 1.0557576349435642 1.0558645745687616 1.055971514193959 1.055768455945082 1.0552340029593958 1.054699549973709 1.0541650969880232 1.053630644002337 1.0530961910166512 1.0525617380309653 1.0520272850452792 1.0514928320595933 1.0509583790739074 1.0504239260882213 1.0498894731025354 1.0493550201168496 1.0488205671311635 1.0482861141454776 1.0477516611597908 1.0472172081741047 1.0466827551884188 1.046148302202733 1.045613849217047 1.045079396231361 1.044544943245675 1.0440104902599892 1.043476037274303 1.0429415842886172 1.0424071313029313 1.0418726783172452 1.0413382253315593 1.0408037723458725 1.0402693193601864
1.0531481948525303 1.0531834684622157 1.0532187420719008 1.0532540156815862 1.0532892892912713 1.0533245629009564 1.0533598365106416 1.053395110120327 1.053430383730012 1.0534656573396972 1.0535009309493824 1.0535362045590677 1.0535714781687529 1.053606751778438 1.05338154045337 1.0528778648431742 1.0523741892329779 1.0518705136227822 1.0513668380125865 1.0508631624023907 1.0503594867921953 1.0498558111819996 1.0493521355718038 1.0488484599616084 1.0483447843514127 1.047841108741217 1.0473374331310215 1.0468337575208257 1.04633008191063 1.0458264063004337 1.045322730690238 1.0448190550800422 1.0443153794698465 1.043811703859651 1.0433080282494553 1.0428043526392596 1.0423006770290641 1.0417970014188684 1.0412933258086727 1.0407896501984772 1.0402859745882815 1.0397822989780858 1.0392786233678895 1.0387749477576937
1.0517150906386667 1.0516786982328397 1.0516423058270126 1.0516059134211855 1.0515695210153584 1.0515331286095313 1.0514967362037044 1.0514603437978773 1.0514239513920502 1.0513875589862232 1.0513511665803963 1.0513147741745692 1.051278381768742 1.051241989362915 1.050994624961656 1.0505217267269507 1.0500488284922447 1.0495759302575394 1.049103032022834 1.0486301337881287 1.0481572355534234 1.0476843373187181 1.0472114390840128 1.0467385408493075 1.0462656426146022 1.0457927443798969 1.0453198461451916 1.0448469479104863 1.044374049675781 1.0439011514410748 1.0434282532063694 1.0429553549716641 1.0424824567369588 1.0420095585022535 1.0415366602675482 1.041063762032843 1.0405908637981376 1.0401179655634323 1.039645067328727 1.0391721690940217 1.0386992708593163 1.038226372624611 1.0377534743899048 1.0372805761551995
1.050281986424804 1.050173928003465 1.0500658695821257 1.0499578111607863 1.049849752739447 1.049741694318108 1.0496336358967686 1.0495255774754293 1.0494175190540902 1.0493094606327509 1.0492014022114118 1.0490933437900725 1.0489852853687334 1.048877226947394 1.048607709469944 1.048165588610729 1.0477234677515133 1.0472813468922983 1.0468392260330832 1.0463971051738683 1.0459549843146532 1.0455128634554383 1.0450707425962233 1.0446286217370082 1.0441865008777933 1.0437443800185782 1.0433022591593633 1.0428601383001481 1.0424180174409332 1.0419758965817174 1.0415337757225025 1.0410916548632874 1.0406495340040725 1.0402074131448575 1.0397652922856424 1.0393231714264275 1.0388810505672124 1.0384389297079974 1.0379968088487823 1.0375546879895674 1.0371125671303525 1.0366704462711374 1.0362283254119216 1.0357862045527066
1.0488488822109414 1.04866915777409 1.0484894333372388 1.048309708900387 1.0481299844635354 1.0479502600266841 1.0477705355898328 1.0475908111529812 1.04741108671613 1.0472313622792786 1.047051637842427 1.0468719134055757 1.0466921889687242 1.0465124645318729 1.046220793978232 1.0458094504945072 1.0453981070107818 1.044986763527057 1.0445754200433324 1.0441640765596076 1.0437527330758831 1.0433413895921584 1.0429300461084337 1.042518702624709 1.0421073591409842 1.0416960156572594 1.041284672173535 1.0408733286898102 1.0404619852060855 1.04005064172236 1.0396392982386353 1.0392279547549106 1.038816611271186 1.0384052677874613 1.0379939243037366 1.0375825808200119 1.0371712373362871 1.0367598938525624 1.0363485503688379 1.0359372068851131 1.0355258634013884 1.0351145199176637 1.0347031764339383 1.0342918329502135
1.0471044172157846 1.046900253505089 1.0466960897943933 1.0464919260836973 1.0462877623730016 1.0460835986623058 1.0458794349516103 1.0456752712409145 1.0454711075302188 1.045266943819523 1.0450627801088275 1.0448586163981317 1.044654452687436 1.0444502889767404 1.0441537397506004 1.0437584283195038 1.0433631168884063 1.0429678054573097 1.0425724940262129 1.0421771825951163 1.0417818711640194 1.0413865597329228 1.040991248301826 1.0405959368707294 1.0402006254396325 1.039805314008536 1.039410002577439 1.0390146911463425 1.0386193797152456 1.0382240682841481 1.0378287568530515 1.0374334454219547 1.037038133990858 1.0366428225597613 1.0362475111286646 1.0358521996975678 1.0354568882664712 1.0350615768353744 1.0346662654042778 1.034270953973181 1.0338756425420843 1.0334803311109875 1.0330850196798902 1.0326897082487934
1.0450271271761735 1.0448490066009135 1.0446708860256535 1.0444927654503933 1.0443146448751335 1.0441365242998735 1.0439584037246135 1.0437802831493537 1.0436021625740937 1.0434240419988337 1.0432459214235739 1.0430678008483139 1.0428896802730538 1.042711559697794 1.0424285970475813 1.0420335558486393 1.0416385146496967 1.0412434734507547 1.0408484322518128 1.0404533910528708 1.0400583498539289 1.039663308654987 1.039268267456045 1.038873226257103 1.038478185058161 1.038083143859219 1.0376881026602771 1.0372930614613352 1.0368980202623932 1.0365029790634506 1.0361079378645086 1.0357128966655667 1.0353178554666247 1.0349228142676827 1.0345277730687408 1.0341327318697988 1.0337376906708569 1.033342649471915 1.032947608272973 1.032552567074031 1.032157525875089 1.031762484676147 1.0313674434772044 1.0309724022782625
1.0429498371365622 1.042797759696738 1.042645682256914 1.0424936048170894 1.0423415273772652 1.0421894499374411 1.0420373724976169 1.0418852950577926 1.0417332176179686 1.0415811401781443 1.0414290627383203 1.041276985298496 1.041124907858672 1.0409728304188477 1.0407034543445621 1.040308683377775 1.0399139124109873 1.0395191414442 1.039124370477413 1.0387295995106256 1.0383348285438385 1.0379400575770512 1.0375452866102641 1.0371505156434768 1.0367557446766897 1.0363609737099024 1.0359662027431153 1.0355714317763283 1.035176660809541 1.0347818898427532 1.034387118875966 1.0339923479091788 1.0335975769423915 1.0332028059756044 1.0328080350088171 1.03241326404203 1.0320184930752427 1.0316237221084557 1.0312289511416686 1.0308341801748813 1.0304394092080942 1.0300446382413069 1.0296498672745191 1.0292550963077318
1.0408725470969509 1.0407465127925626 1.040620478488174 1.0404944441837856 1.040368409879397 1.0402423755750088 1.0401163412706202 1.039990306966232 1.0398642726618434 1.0397382383574552 1.0396122040530669 1.0394861697486784 1.03936013544429 1.0392341011399016 1.0389783116415432 1.038583810906911 1.038189310172278 1.0377948094376455 1.037400308703013 1.0370058079683806 1.0366113072337482 1.0362168064991157 1.0358223057644833 1.0354278050298509 1.0350333042952184 1.034638803560586 1.0342443028259536 1.0338498020913212 1.0334553013566887 1.0330608006220556 1.0326662998874232 1.032271799152791 1.0318772984181586 1.0314827976835261 1.0310882969488937 1.0306937962142613 1.0302992954796288 1.0299047947449964 1.029510294010364 1.0291157932757315 1.0287212925410991 1.0283267918064667 1.0279322910718336 1.0275377903372012
1.0387952570573378 1.0386952658883852 1.0385952747194327 1.03849528355048 1.0383952923815272 1.0382953012125746 1.038195310043622 1.0380953188746693 1.0379953277057168 1.0378953365367642 1.0377953453678115 1.037695354198859 1.0375953630299064 1.0374953718609536 1.0372531689385227 1.036858938436045 1.0364647079335667 1.036070477431089 1.0356762469286114 1.0352820164261338 1.034887785923656 1.0344935554211785 1.0340993249187007 1.0337050944162232 1.0333108639137456 1.0329166334112678 1.0325224029087903 1.0321281724063127 1.031733941903835 1.0313397114013567 1.030945480898879 1.0305512503964014 1.0301570198939238 1.029762789391446 1.0293685588889685 1.0289743283864907 1.0285800978840132 1.0281858673815356 1.0277916368790578 1.0273974063765803 1.0270031758741027 1.026608945371625 1.0262147148691467 1.025820484366669
1.0367179670177267 1.0366440189842097 1.0365700709506929 1.0364961229171759 1.036422174883659 1.0363482268501423 1.0362742788166255 1.0362003307831087 1.0361263827495917 1.0360524347160749 1.035978486682558 1.0359045386490413 1.0358305906155245 1.0357566425820075 1.0355280262355038 1.0351340659651809 1.0347401056948573 1.0343461454245344 1.0339521851542115 1.0335582248838886 1.0331642646135657 1.0327703043432428 1.0323763440729201 1.0319823838025972 1.0315884235322743 1.0311944632619514 1.0308005029916285 1.0304065427213056 1.0300125824509827 1.0296186221806594 1.0292246619103365 1.0288307016400136 1.0284367413696907 1.0280427810993678 1.0276488208290449 1.027254860558722 1.0268609002883993 1.0264669400180764 1.0260729797477535 1.0256790194774306 1.0252850592071077 1.0248910989367848 1.0244971386664612 1.0241031783961383
1.0346406769781153 1.0345927720800343 1.0345448671819533 1.034496962283872 1.034449057385791 1.03440115248771 1.0343532475896289 1.0343053426915476 1.0342574377934666 1.0342095328953855 1.0341616279973045 1.0341137230992234 1.0340658182011424 1.0340179133030614 1.0338028835324846 1.0334091934943164 1.0330155034561477 1.0326218134179797 1.0322281233798114 1.0318344333416434 1.0314407433034753 1.031047053265307 1.030653363227139 1.030259673188971 1.0298659831508028 1.0294722931126348 1.0290786030744667 1.0286849130362987 1.0282912229981305 1.0278975329599618 1.0275038429217938 1.0271101528836255 1.0267164628454575 1.0263227728072895 1.0259290827691212 1.0255353927309532 1.0251417026927852 1.024748012654617 1.0243543226164489 1.0239606325782808 1.0235669425401126 1.0231732525019446 1.0227795624637759 1.0223858724256076
1.032563386938504 1.0325415251758587 1.0325196634132134 1.0324978016505681 1.0324759398879226 1.0324540781252773 1.032432216362632 1.0324103545999868 1.0323884928373415 1.0323666310746962 1.0323447693120509 1.0323229075494056 1.0323010457867603 1.032279184024115 1.0320777408294655 1.031684321023452 1.031290901217438 1.0308974814114247 1.0305040616054113 1.0301106417993982 1.0297172219933848 1.0293238021873714 1.028930382381358 1.0285369625753447 1.0281435427693315 1.0277501229633181 1.0273567031573048 1.0269632833512914 1.0265698635452782 1.0261764437392642 1.0257830239332508 1.0253896041272375 1.024996184321224 1.024602764515211 1.0242093447091976 1.0238159249031842 1.0234225050971708 1.0230290852911574 1.0226356654851443 1.022242245679131 1.0218488258731175 1.0214554060671042 1.0210619862610901 1.020668566455077
1.0304860968988927 1.0304902782716832 1.0304944596444736 1.030498641017264 1.0305028223900545 1.0305070037628452 1.0305111851356357 1.0305153665084261 1.0305195478812166 1.030523729254007 1.0305279106267975 1.030532091999588 1.0305362733723784 1.0305404547451689 1.0303525981264465 1.0299594485525878 1.0295662989787286 1.0291731494048701 1.0287799998310116 1.028386850257153 1.0279937006832944 1.027600551109436 1.0272074015355772 1.0268142519617187 1.0264211023878602 1.0260279528140017 1.025634803240143 1.0252416536662845 1.024848504092426 1.0244553545185666 1.0240622049447081 1.0236690553708496 1.0232759057969911 1.0228827562231324 1.022489606649274 1.0220964570754154 1.021703307501557 1.0213101579276982 1.0209170083538397 1.0205238587799812 1.0201307092061225 1.019737559632264 1.0193444100584048 1.0189512604845463
1.0284088068592814 1.0284390313675078 1.028469255875734 1.0284994803839602 1.0285297048921864 1.0285599294004126 1.0285901539086388 1.028620378416865 1.0286506029250915 1.0286808274333177 1.0287110519415439 1.02874127644977 1.0287715009579963 1.0288017254662225 1.0286274554234274 1.0282345760817235 1.027841696740019 1.0274488173983154 1.0270559380566116 1.0266630587149077 1.0262701793732039 1.0258773000315002 1.0254844206897964 1.0250915413480925 1.0246986620063887 1.024305782664685 1.0239129033229812 1.0235200239812774 1.0231271446395738 1.0227342652978693 1.0223413859561654 1.0219485066144616 1.021555627272758 1.021162747931054 1.0207698685893503 1.0203769892476464 1.0199841099059428 1.019591230564239 1.019198351222535 1.0188054718808315 1.0184125925391276 1.0180197131974238 1.0176268338557193 1.0172339545140157
1.0263315168196685 1.0263877844633305 1.0264440521069924 1.0265003197506546 1.0265565873943165 1.0266128550379787 1.0266691226816407 1.0267253903253026 1.0267816579689648 1.0268379256126268 1.0268941932562887 1.026950460899951 1.0270067285436129 1.0270629961872748 1.0269023127204069 1.026509703610858 1.026117094501308 1.025724485391759 1.0253318762822101 1.0249392671726612 1.0245466580631122 1.024154048953563 1.023761439844014 1.023368830734465 1.022976221624916 1.022583612515367 1.022191003405818 1.021798394296269 1.02140578518672 1.0210131760771703 1.0206205669676212 1.0202279578580722 1.0198353487485232 1.0194427396389742 1.0190501305294253 1.018657521419876 1.0182649123103271 1.0178723032007782 1.0174796940912292 1.0170870849816802 1.016694475872131 1.016301866762582 1.0159092576530324 1.0155166485434834
1.0242542267800572 1.0243365375591549 1.0244188483382526 1.0245011591173505 1.0245834698964484 1.0246657806755461 1.024748091454644 1.0248304022337418 1.0249127130128395 1.0249950237919374 1.0250773345710351 1.025159645350133 1.0252419561292307 1.0253242669083285 1.0251771700173877 1.0247848311399934 1.0243924922625984 1.0240001533852043 1.02360781450781 1.023215475630416 1.0228231367530216 1.0224307978756273 1.0220384589982332 1.0216461201208389 1.0212537812434446 1.0208614423660505 1.0204691034886562 1.0200767646112618 1.0196844257338677 1.0192920868564728 1.0188997479790785 1.0185074091016844 1.01811507022429 1.0177227313468957 1.0173303924695016 1.0169380535921073 1.016545714714713 1.016153375837319 1.0157610369599246 1.0153686980825303 1.0149763592051362 1.0145840203277419 1.0141916814503469 1.0137993425729528
