Figures/CREST_Example_wjb_NSE/PETs/wjb.pet.20101016.asc
ncols            288
nrows            254
xllcorner        113.274861
yllcorner        31.4918055
cellsize         0.008333333333
NODATA_value     -9999
[rows 40 to 59 of 254, columns 132 to 175 of 288]
1.770958964126198 1.7694123173142782 1.7678656705023585 1.7663190236904387 1.764772376878519 1.7632257300665992 1.7616790832546796 1.7601324364427597 1.75858578963084 1.7570391428189203 1.7554924960070004 -9999.0 -9999.0 -9999.0 -9999.0 -9999.0 -9999.0 -9999.0 -9999.0 -9999.0 -9999.0 -9999.0 -9999.0 -9999.0 -9999.0 -9999.0 -9999.0 -9999.0 -9999.0 -9999.0 -9999.0 -9999.0 -9999.0 -9999.0 -9999.0 -9999.0 -9999.0 -9999.0 -9999.0 -9999.0 -9999.0 -9999.0 -9999.0 -9999.0
1.7753069703939162 1.7736289142822963 1.7719508581706762 1.7702728020590561 1.768594745947436 1.766916689835816 1.7652386337241959 1.7635605776125758 1.761882521500956 1.7602044653893358 1.7585264092777158 1.7568483531660928 -9999.0 -9999.0 -9999.0 1.7501361287196127 1.7484580726079926 -9999.0 -9999.0 -9999.0 -9999.0 -9999.0 -9999.0 -9999.0 -9999.0 -9999.0 -9999.0 -9999.0 -9999.0 -9999.0 -9999.0 -9999.0 -9999.0 -9999.0 -9999.0 -9999.0 -9999.0 -9999.0 -9999.0 -9999.0 -9999.0 -9999.0 -9999.0 -9999.0
1.7796549766616345 1.7778455112503142 1.7760360458389939 1.7742265804276736 1.7724171150163532 1.7706076496050327 1.7687981841937124 1.766988718782392 1.7651792533710717 1.7633697879597514 1.761560322548431 1.7597508571371077 1.7579413917257873 1.756131926314467 1.7543224609031467 1.7525129954918264 1.7507035300805058 -9999.0 -9999.0 1.7452751338465449 1.7434656684352245 1.7416562030239042 1.739846737612584 -9999.0 -9999.0 -9999.0 -9999.0 -9999.0 -9999.0 -9999.0 -9999.0 -9999.0 -9999.0 -9999.0 -9999.0 -9999.0 -9999.0 -9999.0 -9999.0 -9999.0 -9999.0 -9999.0 -9999.0 -9999.0
1.7840029829293524 1.7820621082183319 1.7801212335073113 1.7781803587962905 1.77623948408527 1.7742986093742494 1.7723577346632289 1.770416859952208 1.7684759852411875 1.766535110530167 1.7645942358191462 1.7626533611081223 1.7607124863971018 1.758771611686081 1.7568307369750604 1.7548898622640399 1.7529489875530193 1.7510081128419985 1.749067238130978 1.7471263634199574 1.7451854887089366 1.743244613997916 1.7413037392868955 1.7393628645758747 -9999.0 -9999.0 -9999.0 -9999.0 -9999.0 -9999.0 -9999.0 -9999.0 -9999.0 -9999.0 -9999.0 -9999.0 -9999.0 -9999.0 -9999.0 -9999.0 -9999.0 -9999.0 -9999.0 -9999.0
1.7883509891970708 1.7862787051863498 1.784206421175629 1.782134137164908 1.7800618531541872 1.7779895691434662 1.7759172851327452 1.7738450011220244 1.7717727171113034 1.7697004331005826 1.7676281490898615 1.765555865079137 1.7634835810684162 1.7614112970576952 1.7593390130469744 1.7572667290362534 1.7551944450255323 1.7531221610148116 1.7510498770040905 1.7489775929933697 1.7469053089826487 1.7448330249719277 1.742760740961207 1.740688456950486 1.7386161729397616 -9999.0 -9999.0 -9999.0 -9999.0 -9999.0 -9999.0 -9999.0 -9999.0 -9999.0 -9999.0 -9999.0 -9999.0 -9999.0 -9999.0 -9999.0 -9999.0 -9999.0 -9999.0 -9999.0
1.792698995464789 1.790495302154368 1.7882916088439467 1.7860879155335254 1.7838842222231042 1.781680528912683 1.7794768356022617 1.7772731422918404 1.7750694489814194 1.7728657556709981 1.7706620623605769 1.7684583690501519 1.7662546757397306 1.7640509824293094 1.7618472891188883 1.759643595808467 1.7574399024980458 1.7552362091876246 1.7530325158772033 1.750828822566782 1.748625129256361 1.7464214359459398 1.7442177426355185 1.7420140493250973 1.7398103560146723 -9999.0 1.73540296939383 1.7331992760834087 1.7309955827729875 -9999.0 -9999.0 -9999.0 -9999.0 -9999.0 -9999.0 -9999.0 -9999.0 -9999.0 -9999.0 -9999.0 -9999.0 -9999.0 -9999.0 -9999.0
1.797047001732511 1.7947118991223894 1.7923767965122677 1.7900416939021462 1.7877065912920245 1.7853714886819028 1.7830363860717813 1.7807012834616596 1.778366180851538 1.7760310782414164 1.7736959756312947 1.7713608730211692 1.7690257704110475 1.766690667800926 1.7643555651908043 1.7620204625806826 1.759685359970561 1.7573502573604394 1.7550151547503177 1.7526800521401962 1.7503449495300745 1.7480098469199528 1.7456747443098313 1.7433396416997096 1.741004539089584 1.7386694364794624 1.7363343338693407 1.7339992312592192 1.7316641286490975 -9999.0 -9999.0 -9999.0 -9999.0 -9999.0 -9999.0 -9999.0 -9999.0 -9999.0 -9999.0 -9999.0 -9999.0 -9999.0 -9999.0 -9999.0
1.8013950080002292 1.7989284960904073 1.7964619841805853 1.7939954722707634 1.7915289603609417 1.7890624484511197 1.7865959365412978 1.7841294246314758 1.781662912721654 1.779196400811832 1.77672988890201 1.774263376992184 1.7717968650823621 1.7693303531725402 1.7668638412627182 1.7643973293528963 1.7619308174430743 1.7594643055332524 1.7569977936234304 1.7545312817136085 1.7520647698037868 1.7495982578939648 1.747131745984143 1.744665234074321 1.7421987221644948 1.7397322102546728 1.737265698344851 1.734799186435029 -9999.0 -9999.0 -9999.0 -9999.0 -9999.0 -9999.0 -9999.0 -9999.0 -9999.0 -9999.0 -9999.0 -9999.0 -9999.0 -9999.0 -9999.0 -9999.0
1.8057430142679476 1.8031450930584252 1.800547171848903 1.7979492506393808 1.7953513294298586 1.7927534082203365 1.7901554870108143 1.7875575658012919 1.7849596445917697 1.7823617233822475 1.7797638021727253 1.7771658809631987 1.7745679597536765 1.7719700385441544 1.769372117334632 1.7667741961251098 1.7641762749155876 1.7615783537060654 1.7589804324965432 1.756382511287021 1.7537845900774987 1.7511866688679765 1.7485887476584543 1.745990826448932 1.7433929052394055 1.7407949840298833 1.738197062820361 1.7355991416108387 1.7330012204013165 1.7304032991917944 1.7288800109917242 -9999.0 -9999.0 -9999.0 -9999.0 -9999.0 -9999.0 -9999.0 -9999.0 -9999.0 -9999.0 -9999.0 -9999.0 -9999.0
1.8100910205356657 1.8073616900264433 1.8046323595172207 1.8019030290079983 1.7991736984987756 1.7964443679895532 1.7937150374803308 1.7909857069711081 1.7882563764618857 1.785527045952663 1.7827977154434407 1.7800683849342136 1.777339054424991 1.7746097239157685 1.771880393406546 1.7691510628973235 1.766421732388101 1.7636924018788784 1.760963071369656 1.7582337408604334 1.755504410351211 1.7527750798419883 1.750045749332766 1.7473164188235435 1.7445870883143162 1.7418577578050938 1.7391284272958711 1.7363990967866487 1.7336697662774263 1.7309404357682037 1.729359975486361 1.7290076834667187 1.7286553914470764 1.7283030994274342 -9999.0 -9999.0 -9999.0 -9999.0 -9999.0 -9999.0 -9999.0 -9999.0 -9999.0 -9999.0
1.814439026803384 1.8115782869944612 1.8087175471855383 1.8058568073766157 1.8029960675676928 1.80013532775877 1.7972745879498473 1.7944138481409244 1.7915531083320015 1.788692368523079 1.785831628714156 1.7829708889052283 1.7801101490963056 1.7772494092873827 1.7743886694784599 1.7715279296695372 1.7686671898606143 1.7658064500516915 1.7629457102427688 1.760084970433846 1.757224230624923 1.7543634908160004 1.7515027510070775 1.7486420111981547 1.7457812713892271 1.7429205315803042 1.7400597917713814 1.7371990519624587 1.7343383121535358 1.731477572344613 1.7298399399809974 1.729509837144902 1.7291797343088064 1.728849631472711 1.7285195286366155 1.7281894258005202 1.7278593229644248 -9999.0 -9999.0 -9999.0 -9999.0 -9999.0 -9999.0 -9999.0
1.818787033071102 1.815794883962479 1.8128027348538558 1.8098105857452327 1.8068184366366096 1.8038262875279867 1.8008341384193636 1.7978419893107405 1.7948498402021174 1.7918576910934942 1.7888655419848711 1.785873392876243 1.7828812437676198 1.7798890946589967 1.7768969455503736 1.7739047964417505 1.7709126473331276 1.7679204982245045 1.7649283491158814 1.7619362000072583 1.7589440508986351 1.755951901790012 1.752959752681389 1.7499676035727658 1.7469754544641376 1.7439833053555145 1.7409911562468914 1.7379990071382685 1.7350068580296454 1.7320147089210223 1.7303199044756339 1.730011990823085 1.7297040771705363 1.7293961635179875 1.729088249865439 1.7287803362128902 1.7284724225603414 1.7281645089077922 -9999.0 -9999.0 -9999.0 -9999.0 -9999.0 -9999.0
1.8231350393388204 1.8200114809304968 1.8168879225221735 1.8137643641138501 1.8106408057055268 1.8075172472972034 1.80439368888888 1.8012701304805565 1.7981465720722332 1.7950230136639098 1.7918994552555865 1.7887758968472578 1.7856523384389344 1.7825287800306109 1.7794052216222875 1.7762816632139642 1.7731581048056408 1.7700345463973175 1.7669109879889942 1.7637874295806708 1.7606638711723472 1.757540312764024 1.7544167543557005 1.7512931959473772 1.7481696375390485 1.7450460791307252 1.7419225207224016 1.7387989623140783 1.735675403905755 1.7325518454974316 1.7307998689702704 1.7305141445012684 1.7302284200322664 1.7299426955632644 1.7296569710942624 1.7293712466252602 1.7290855221562582 1.7287997976872558 1.7285140732182538 1.7282283487492518 1.7279426242802496 -9999.0 -9999.0 -9999.0
1.8274830456065423 1.8242280778985185 1.8209731101904947 1.8177181424824709 1.814463174774447 1.8112082070664233 1.8079532393583995 1.8046982716503757 1.8014433039423519 1.798188336234328 1.7949333685263043 1.791678400818275 1.788423433110251 1.7851684654022275 1.7819134976942037 1.77865852998618 1.775403562278156 1.7721485945701323 1.7688936268621085 1.7656386591540847 1.7623836914460609 1.759128723738037 1.7558737560300133 1.7526187883219895 1.7493638206139601 1.7461088529059363 1.7428538851979125 1.7395989174898887 1.736343949781865 1.733088982073841 1.7312798334649073 1.731016298179452 1.7307527628939967 1.7304892276085415 1.730225692323086 1.729962157037631 1.7296986217521755 1.7294350864667198 1.7291715511812646 1.7289080158958092 1.728644480610354 -9999.0 -9999.0 -9999.0
1.8318310518742604 1.8284446748665364 1.8250582978588124 1.8216719208510883 1.8182855438433643 1.81489916683564 1.811512789827916 1.808126412820192 1.804740035812468 1.8013536588047439 1.7979672817970196 1.7945809047892898 1.7911945277815657 1.7878081507738417 1.7844217737661177 1.7810353967583934 1.7776490197506694 1.7742626427429453 1.7708762657352213 1.7674898887274972 1.764103511719773 1.760717134712049 1.757330757704325 1.7539443806966009 1.750558003688871 1.7471716266811468 1.7437852496734227 1.7403988726656987 1.7370124956579747 1.7336261186502506 1.7317597979595438 1.7315184518576354 1.7312771057557268 1.7310357596538182 1.7307944135519095 1.730553067450001 1.7303117213480925 1.7300703752461835 1.7298290291442748 1.7295876830423662 1.7293463369404578 1.7291049908385492 -9999.0 -9999.0
1.8361790581419788 1.8326612718345543 1.82914348552713 1.8256256992197055 1.8221079129122812 1.8185901266048567 1.8150723402974325 1.811554553990008 1.8080367676825837 1.8045189813751592 1.801001195067735 1.7974834087603047 1.7939656224528802 1.7904478361454559 1.7869300498380314 1.7834122635306071 1.7798944772231826 1.7763766909157583 1.7728589046083338 1.7693411183009096 1.765823331993485 1.7623055456860608 1.7587877593786363 1.755269973071212 1.7517521867637815 1.7482344004563573 1.7447166141489328 1.7411988278415085 1.737681041534084 1.7341632552266597 1.7322397624541803 1.7320206055358185 1.7318014486174567 1.7315822916990948 1.731363134780733 1.731143977862371 1.7309248209440091 1.730705664025647 1.730486507107285 1.7302673501889232 1.7300481932705614 1.7298290363521995 1.7296098794338377 -9999.0
1.840527064409697 1.8368778688025724 1.8332286731954477 1.829579477588323 1.8259302819811982 1.8222810863740737 1.818631890766949 1.8149826951598242 1.8113334995526995 1.807684303945575 1.8040351083384503 1.8003859127313193 1.7967367171241948 1.79308752151707 1.7894383259099453 1.7857891303028206 1.782139934695696 1.7784907390885714 1.7748415434814466 1.771192347874322 1.7675431522671974 1.7638939566600726 1.760244761052948 1.7565955654458234 1.7529463698386925 1.7492971742315677 1.745647978624443 1.7419987830173185 1.7383495874101937 1.734700391803069 1.7327197269488168 1.7325227592140018 1.7323257914791865 1.7321288237443715 1.7319318560095565 1.7317348882747412 1.7315379205399262 1.7313409528051107 1.7311439850702954 1.7309470173354804 1.7307500496006651 1.73055308186585 1.7303561141310349 1.7301591463962198
1.8448750706774153 1.8410944657705903 1.8373138608637654 1.8335332559569404 1.8297526510501154 1.8259720461432905 1.8221914412364655 1.8184108363296405 1.8146302314228155 1.8108496265159906 1.8070690216091656 1.8032884167023342 1.7995078117955092 1.7957272068886843 1.7919466019818593 1.7881659970750343 1.7843853921682093 1.7806047872613844 1.7768241823545594 1.7730435774477344 1.7692629725409095 1.7654823676340845 1.7617017627272595 1.7579211578204346 1.754140552913603 1.750359948006778 1.746579343099953 1.742798738193128 1.739018133286303 1.735237528379478 1.7331996914434533 1.7330249128921849 1.7328501343409164 1.7326753557896482 1.7325005772383797 1.7323257986871112 1.7321510201358428 1.731976241584574 1.7318014630333056 1.7316266844820374 1.731451905930769 1.7312771273795005 1.731102348828232 1.7309275702769635
1.8467691400683408 1.8429475181528354 1.8391258962373298 1.8353042743218242 1.8314826524063186 1.8276610304908132 1.8238394085753076 1.820017786659802 1.8161961647442966 1.812374542828791 1.8085529209132853 1.8047312989977733 1.800909677082268 1.7970880551667623 1.7932664332512567 1.789444811335751 1.7856231894202457 1.78180156750474 1.7779799455892344 1.774158323673729 1.7703367017582234 1.7665150798427178 1.7626934579272124 1.7588718360117068 1.7550502140961948 1.7512285921806892 1.7474069702651835 1.7435853483496782 1.7397637264341725 1.735942104518667 1.7338932550166335 1.7337395393273174 1.7335858236380013 1.733432107948685 1.7332783922593689 1.7331246765700528 1.7329709608807367 1.7328172451914203 1.732663529502104 1.732509813812788 1.7323560981234718 1.7322023824341557 1.7320486667448396 1.7318949510555233
1.8460401056669764 1.8422740904023513 1.8385080751377263 1.8347420598731012 1.8309760446084762 1.8272100293438513 1.8234440140792263 1.8196779988146012 1.8159119835499762 1.8121459682853511 1.8083799530207263 1.8046139377560948 1.8008479224914697 1.7970819072268447 1.7933158919622196 1.7895498766975948 1.7857838614329697 1.7820178461683447 1.7782518309037196 1.7744858156390946 1.7707198003744697 1.7669537851098447 1.7631877698452196 1.7594217545805946 1.755655739315963 1.7518897240513382 1.7481237087867132 1.7443576935220881 1.740591678257463 1.736825662992838 1.7348151425366347 1.7346812857425047 1.7345474289483749 1.7344135721542449 1.7342797153601148 1.734145858565985 1.734012001771855 1.733878144977725 1.733744288183595 1.7336104313894651 1.733476574595335 1.7333427178012053 1.7332088610070753 1.7330750042129455
