Figures/CREST_Example_wjb_NSE/PETs/wjb.pet.20101025.asc
ncols            288
nrows            254
xllcorner        113.274861
yllcorner        31.4918055
cellsize         0.008333333333
NODATA_value     -9999
[rows 57 to 75 of 254, columns 129 to 171 of 288]
0.2998616457676333 0.30129705651225236 0.30273246725686903 0.30244908393322145 0.3003282708777865 0.29820745782235164 0.2960866447669167 0.2939658317114818 0.29184501865604684 0.28972420560061196 0.28760339254517703 0.2854825794897421 0.2833617664343072 0.2812409533788723 0.27912014032343374 0.2769993272679988 0.27487851421256393 0.272757701157129 0.27063688810169406 0.2685160750462592 0.26639526199082425 0.2642744489353893 0.26215363587995444 0.2600328228245195 0.25791200976908457 0.25579119671364964 0.25367038365821476 0.2515495706027762 0.24942875754734128 0.24730794449190638 0.24518713143647147 0.24306631838103654 0.2409455053256016 0.24080912834990342 0.2427941584343025 0.24477918851870156 0.24676421860310063 0.2487492486874997 0.25073427877189874 0.25271930885629784 0.25470433894070027 0.25668936902509937 0.25867439910949847
0.2997039082037349 0.30112726611696145 0.30255062403018557 0.3022655890884362 0.30015424354714454 0.2980428980058529 0.29593155246456115 0.2938202069232695 0.2917088613819778 0.28959751584068616 0.2874861702993945 0.28537482475810283 0.28326347921681116 0.2811521336755195 0.2790407881342242 0.27692944259293256 0.2748180970516409 0.27270675151034923 0.27059540596905757 0.26848406042776585 0.2663727148864742 0.2642613693451825 0.26215002380389085 0.2600386782625992 0.2579273327213075 0.25581598718001586 0.2537046416387242 0.2515932960974289 0.24948195055613726 0.2473706050148456 0.24525925947355393 0.24314791393226223 0.24103656839097057 0.24091749187702652 0.2429281960213686 0.24493890016571068 0.24694960431005275 0.24896030845439482 0.2509710125987369 0.25298171674307895 0.25499242088742446 0.25700312503176653 0.25901382917610866
0.3002118047367487 0.3016247591430722 0.30303771354939324 0.3027673115160035 0.30069736337721903 0.29862741523843456 0.2965574670996501 0.2944875189608656 0.29241757082208114 0.29034762268329667 0.2882776745445122 0.2862077264057277 0.28413777826694325 0.2820678301281588 0.27999788198937076 0.2779279338505863 0.2758579857118018 0.27378803757301734 0.27171808943423287 0.2696481412954484 0.2675781931566639 0.26550824501787945 0.263438296879095 0.2613683487403105 0.25929840060152604 0.25722845246274156 0.2551585043239571 0.2530885561851691 0.25101860804638465 0.24894865990760018 0.2468787117688157 0.24480876363003123 0.24273881549124676 0.2426368802693301 0.2446387953748879 0.24664071048044564 0.24864262558600342 0.25064454069156117 0.252646455797119 0.2546483709026767 0.2566502860082379 0.25865220111379567 0.2606541162193534
0.300719701269762 0.3021222521691825 0.3035248030686005 0.30326903394357035 0.301240483207293 0.29921193247101574 0.2971833817347384 0.29515483099846107 0.2931262802621838 0.29109772952590646 0.2890691787896292 0.28704062805335184 0.28501207731707456 0.28298352658079723 0.28095497584451645 0.2789264251082392 0.27689787437196184 0.27486932363568456 0.2728407728994072 0.27081222216312995 0.2687836714268526 0.26675512069057533 0.264726569954298 0.2626980192180207 0.2606694684817434 0.2586409177454661 0.25661236700918877 0.254583816272908 0.2525552655366307 0.2505267148003534 0.2484981640640761 0.2464696133277988 0.24444106259152149 0.24435626866163224 0.2463493947284057 0.24834252079517918 0.25033564686195264 0.25232877292872613 0.25432189899549956 0.25631502506227305 0.2583081511290499 0.26030127719582336 0.26229440326259684
0.30122759780277536 0.3026197451952928 0.30401189258780775 0.30377075637113715 0.301783603037367 0.29979644970359687 0.2978092963698267 0.2958221430360566 0.29383498970228644 0.2918478363685163 0.28986068303474616 0.287873529700976 0.2858863763672059 0.28389922303343573 0.2819120696996622 0.27992491636589206 0.2779377630321219 0.2759506096983518 0.27396345636458164 0.27197630303081144 0.26998914969704135 0.26800199636327116 0.266014843029501 0.26402768969573087 0.26204053636196073 0.2600533830281906 0.25806622969442045 0.2560790763606469 0.2540919230268768 0.25210476969310663 0.2501176163593365 0.24813046302556635 0.2461433096917962 0.24607565705393436 0.24805999408192353 0.2500443311099127 0.25202866813790187 0.25401300516589104 0.2559973421938802 0.2579816792218694 0.2599660162498619 0.26195035327785104 0.2639346903058402
0.3017354943357887 0.303117238221403 0.304498982107015 0.304272478798704 0.30232672286744106 0.30038096693617805 0.29843521100491505 0.2964894550736521 0.2945436991423891 0.29259794321112614 0.29065218727986314 0.2887064313486002 0.2867606754173372 0.2848149194860742 0.2828691635548079 0.2809234076235449 0.27897765169228195 0.27703189576101894 0.275086139829756 0.273140383898493 0.27119462796723004 0.26924887203596704 0.26730311610470403 0.2653573601734411 0.2634116042421781 0.2614658483109151 0.2595200923796521 0.25757433644838584 0.25562858051712284 0.2536828245858599 0.2517370686545969 0.2497913127233339 0.24784555679207093 0.2477950454462365 0.24977059343544136 0.25174614142464624 0.2537216894138511 0.25569723740305594 0.2576727853922608 0.2596483333814657 0.2616238813706739 0.2635994293598788 0.26557497734908364
0.30224339086880203 0.3036147312475133 0.30498607162622227 0.30477420122627086 0.30286984269751505 0.30096548416875923 0.2990611256400034 0.29715676711124756 0.29525240858249174 0.29334805005373593 0.2914436915249801 0.2895393329962243 0.2876349744674685 0.2857306159387127 0.2838262574099536 0.2819218988811978 0.280017540352442 0.27811318182368616 0.27620882329493035 0.2743044647661745 0.27240010623741867 0.27049574770866286 0.26859138917990705 0.26668703065115124 0.2647826721223954 0.2628783135936396 0.26097395506488374 0.2590695965361247 0.2571652380073689 0.2552608794786131 0.2533565209498573 0.25145216242110147 0.24954780389234563 0.2495144338385386 0.25148119278895914 0.25344795173937973 0.25541471068980026 0.25738146964022085 0.2593482285906414 0.26131498754106197 0.2632817464914859 0.2652485054419064 0.267215264392327
0.3027512874018154 0.3041122242736236 0.3054731611454295 0.3052759236538377 0.30341296252758904 0.30155000140134036 0.29968704027509174 0.29782407914884307 0.2959611180225944 0.2940981568963458 0.2922351957700971 0.2903722346438484 0.2885092735175998 0.28664631239135113 0.2847833512650993 0.2829203901388507 0.281057429012602 0.2791944678863533 0.2773315067601047 0.27546854563385603 0.27360558450760736 0.27174262338135874 0.26987966225511006 0.2680167011288614 0.26615374000261277 0.2642907788763641 0.2624278177501155 0.26056485662386364 0.25870189549761496 0.2568389343713663 0.25497597324511767 0.253113012118869 0.2512500509926203 0.25123382223084073 0.253191792142477 0.25514976205411327 0.2571077319657495 0.25906570187738576 0.261023671789022 0.2629816417006583 0.2649396116122979 0.26689758152393417 0.2688555514355704
0.30325918393482876 0.3046097172997339 0.3059602506646367 0.3057776460814045 0.303956082357663 0.30213451863392154 0.30031295491018006 0.2984913911864386 0.2966698274626971 0.29484826373895556 0.2930267000152141 0.2912051362914726 0.2893835725677311 0.28756200884398964 0.285740445120245 0.2839188813965035 0.282097317672762 0.28027575394902055 0.27845419022527906 0.2766326265015376 0.27481106277779604 0.27298949905405456 0.2711679353303131 0.2693463716065716 0.2675248078828301 0.26570324415908864 0.2638816804353471 0.2620601167116025 0.260238552987861 0.25841698926411955 0.25659542554037806 0.2547738618166365 0.25295229809289504 0.25295321062314285 0.2549023914959948 0.25685157236884676 0.2588007532416987 0.26074993411455066 0.26269911498740267 0.2646482958602546 0.2665974767331099 0.26854665760596186 0.2704958384788138
0.3037670804678425 0.3051072103258446 0.3064473401838444 0.3062793685089718 0.30449920218773746 0.30271903586650317 0.3009388695452689 0.2991587032240346 0.2973785369028003 0.295598370581566 0.29381820426033173 0.29203803793909744 0.29025787161786315 0.28847770529662886 0.2866975389753915 0.28491737265415723 0.28313720633292294 0.28135704001168865 0.27957687369045436 0.2777967073692201 0.2760165410479858 0.27423637472675144 0.27245620840551715 0.27067604208428286 0.2688958757630486 0.2671157094418143 0.26533554312058 0.26355537679934266 0.26177521047810837 0.2599950441568741 0.2582148778356398 0.2564347115144055 0.2546545451931712 0.2546725990154464 0.25661299084951406 0.25855338268358175 0.2604937745176494 0.262434166351717 0.2643745581857847 0.26631495001985234 0.2682553418539233 0.27019573368799094 0.27213612552205857
0.3042749770008558 0.3056047033519549 0.3069344297030516 0.3067810909365386 0.3050423220178115 0.30330355309908436 0.3015647841803572 0.2998260152616301 0.29808724634290296 0.29634847742417586 0.2946097085054487 0.29287093958672156 0.29113217066799446 0.2893934017492673 0.2876546328305372 0.2859158639118101 0.28417709499308297 0.2824383260743558 0.2806995571556287 0.27896078823690157 0.2772220193181745 0.2754832503994473 0.27374448148072017 0.2720057125619931 0.2702669436432659 0.2685281747245388 0.2667894058058117 0.2650506368870816 0.26331186796835443 0.26157309904962733 0.2598343301309002 0.2580955612121731 0.25635679229344593 0.25639198740774855 0.2583235902030319 0.26025519299831523 0.2621867957935986 0.2641183985888819 0.2660500013841653 0.26798160417944866 0.26991320697473525 0.2718448097700186 0.273776412565302
0.3047828735338692 0.30610219637806513 0.30742151922225885 0.30728281336410546 0.3055854418478855 0.30388807033166554 0.3021906988154456 0.3004933272992256 0.2987959557830056 0.29709858426678565 0.2954012127505657 0.29370384123434573 0.29200646971812577 0.2903090982019058 0.2886117266856829 0.28691435516946295 0.285216983653243 0.28351961213702304 0.2818222406208031 0.2801248691045831 0.27842749758836316 0.2767301260721432 0.27503275455592324 0.27333538303970323 0.27163801152348327 0.2699406400072633 0.26824326849104335 0.2665458969748205 0.2648485254586005 0.26315115394238053 0.2614537824261606 0.2597564109099406 0.25805903939372066 0.25811137580005067 0.2600341895565497 0.2619570033130488 0.26387981706954783 0.2658026308260469 0.26772544458254594 0.26964825833904493 0.27157107209554726 0.2734938858520463 0.27541669960854537
0.30529077006688254 0.3065996894041754 0.30790860874146614 0.3077845357916723 0.3061285616779595 0.3044725875642467 0.3028166134505339 0.3011606393368211 0.2995046652231083 0.2978486911093955 0.29619271699568267 0.2945367428819699 0.2928807687682571 0.29122479465454426 0.28956882054082866 0.28791284642711584 0.286256872313403 0.28460089819969026 0.28294492408597743 0.2812889499722646 0.27963297585855185 0.277977001744839 0.2763210276311262 0.27466505351741344 0.2730090794037006 0.2713531052899878 0.26969713117627503 0.2680411570625594 0.2663851829488466 0.2647292088351338 0.26307323472142097 0.2614172606077082 0.2597612864939954 0.2598307641923528 0.2617447889100676 0.2636588136277823 0.26557283834549705 0.2674868630632118 0.2694008877809265 0.27131491249864126 0.27322893721635927 0.27514296193407406 0.2770569866517888
0.30579866659989585 0.3070971824302857 0.30839569826067337 0.30828625821923916 0.3066716815080335 0.30505710479682785 0.3034425280856222 0.3018279513744166 0.30021337466321096 0.2985987979520053 0.29698422124079965 0.295369644529594 0.2937550678183884 0.29214049110718276 0.29052591439597436 0.28891133768476873 0.2872967609735631 0.2856821842623574 0.2840676075511518 0.28245303083994616 0.28083845412874053 0.2792238774175349 0.2776093007063293 0.2759947239951236 0.27438014728391796 0.27276557057271233 0.2711509938615067 0.2695364171502983 0.2679218404390927 0.26630726372788704 0.26469268701668136 0.26307811030547573 0.2614635335942701 0.2615501525846549 0.2634553882635854 0.2653606239425158 0.2672658596214463 0.2691710953003767 0.27107633097930717 0.2729815666582376 0.2748868023371713 0.27679203801610175 0.27869727369503217
0.3063065631329092 0.307594675456396 0.3088827877798806 0.30878798064680596 0.3072148013381075 0.30564162202940903 0.30406844272071054 0.3024952634120121 0.3009220841033136 0.2993489047946151 0.29777572548591663 0.2962025461772182 0.2946293668685197 0.2930561875598212 0.29148300825112006 0.28990982894242157 0.28833664963372313 0.28676347032502464 0.28519029101632615 0.2836171117076277 0.2820439323989292 0.28047075309023073 0.27889757378153224 0.2773243944728338 0.2757512151641353 0.2741780358554368 0.2726048565467384 0.2710316772380372 0.26945849792933874 0.26788531862064024 0.26631213931194175 0.2647389600032433 0.2631657806945448 0.2632695409769571 0.2651659876171032 0.26706243425724935 0.2689588808973955 0.27085532753754166 0.27275177417768776 0.2746482208178339 0.2765446674579833 0.27844111409812944 0.28033756073827554
0.30681445966592297 0.3080921684825067 0.30936987729908827 0.3092897030743732 0.30775792116818196 0.30622613926199066 0.3046943573557994 0.3031625754496081 0.3016307935434168 0.3000990116372256 0.2985672297310343 0.29703544782484304 0.29550366591865174 0.29397188401246044 0.2924401021062666 0.2909083202000753 0.289376538293884 0.28784475638769275 0.28631297448150145 0.2847811925753102 0.2832494106691189 0.2817176287629276 0.28018584685673636 0.27865406495054507 0.2771222830443538 0.2755905011381625 0.2740587192319712 0.2725269373257774 0.2709951554195861 0.26946337351339483 0.26793159160720353 0.26639980970101224 0.264868027794821 0.26498892936926066 0.2668765869706225 0.2687642445719843 0.2706519021733461 0.27253955977470795 0.2744272173760698 0.2763148749774316 0.2782025325787967 0.2800901901801585 0.28197784778152035
0.30732235619893633 0.308589661508617 0.3098569668182955 0.30979142550194005 0.30830104099825595 0.30681065649457184 0.30532027199088774 0.30382988748720363 0.3023395029835195 0.30084911847983536 0.29935873397615126 0.29786834947246715 0.29637796496878305 0.29488758046509894 0.2933971959614123 0.2919068114577282 0.29041642695404407 0.28892604245035997 0.2874356579466758 0.2859452734429917 0.2844548889393076 0.2829645044356235 0.2814741199319394 0.2799837354282553 0.27849335092457117 0.27700296642088706 0.2755125819172029 0.27402219741351624 0.27253181290983214 0.27104142840614803 0.2695510439024639 0.2680606593987798 0.2665702748950957 0.2667083177615628 0.2685871863241403 0.2704660548867178 0.27234492344929534 0.2742237920118729 0.27610266057445043 0.27798152913702795 0.2798603976996087 0.2817392662621862 0.2836181348247637
0.30783025273194964 0.3090871545347273 0.3103440563375027 0.3102931479295069 0.30884416082832994 0.307395173727153 0.30594618662597606 0.3044971995247991 0.3030482124236222 0.3015992253224452 0.30015023822126824 0.2987012511200913 0.29725226401891436 0.2958032769177374 0.294354289816558 0.29290530271538107 0.2914563156142041 0.29000732851302713 0.2885583414118502 0.28710935431067325 0.2856603672094963 0.28421138010831937 0.2827623930071424 0.28131340590596543 0.2798644188047885 0.27841543170361155 0.2769664446024346 0.27551745750125517 0.2740684704000782 0.2726194832989013 0.2711704961977243 0.26972150909654735 0.26827252199537044 0.2684277061538649 0.2702977856776581 0.27216786520145136 0.27403794472524456 0.2759080242490378 0.277778103772831 0.2796481832966243 0.2815182628204207 0.2833883423442139 0.28525842186800715
0.308338149264963 0.3095846475608376 0.31083114585671 0.31079487035707376 0.309387280658404 0.30797969095973415 0.3065721012610644 0.3051645115623946 0.3037569218637248 0.30234933216505505 0.3009417424663852 0.29953415276771544 0.29812656306904567 0.2967189733703759 0.2953113836717037 0.2939037939730339 0.2924962042743641 0.29108861457569435 0.2896810248770246 0.2882734351783548 0.28686584547968497 0.2854582557810152 0.2840506660823454 0.28264307638367564 0.28123548668500586 0.27982789698633603 0.27842030728766626 0.2770127175889941 0.2756051278903243 0.2741975381916545 0.2727899484929847 0.27138235879431494 0.26997476909564516 0.27014709454616703 0.27200838503117597 0.27386967551618485 0.2757309660011938 0.2775922564862027 0.27945354697121166 0.2813148374562206 0.2831761279412327 0.2850374184262416 0.2868987089112505
