Figures/CREST_Example_wjb_NSE/PETs/wjb.pet.20100403.asc
ncols            288
nrows            254
xllcorner        113.274861
yllcorner        31.4918055
cellsize         0.008333333333
NODATA_value     -9999
[rows 220 to 239 of 254, columns 176 to 219 of 288]
2.2848784527465336 2.2848272275251884 2.2847760023038433 2.284724777082498 2.284673551861153 2.284622326639808 2.2845711014184626 2.2845198761971175 2.2844686509757723 2.2844174257544276 2.2843662005330825 2.2843149753117373 2.284263750090392 2.284212524869047 2.284161299647702 2.2841100744263567 2.2836034691490545 2.282610052288228 2.2816166354274015 2.280623218566573 2.2796298017057466 2.2786363848449205 2.277642967984094 2.2766495511232674 2.275656134262441 2.2746627174016143 2.2736693005407878 2.272675883679961 2.2716824668191347 2.270689049958308 2.2696956330974816 2.268702216236655 2.2677087993758267 2.266715382515 2.2657219656541736 2.264728548793347 2.2637351319325205 2.262741715071694 2.2617482982108674 2.260754881350041 2.2597614644892143 2.2587680476283882 2.2577746307675617 2.256781213906735
2.2849480157755204 2.2849337645720134 2.2849195133685063 2.2849052621649992 2.2848910109614917 2.2848767597579847 2.2848625085544776 2.2848482573509705 2.2848340061474635 2.284819754943956 2.284805503740449 2.284791252536942 2.2847770013334348 2.2847627501299272 2.28474849892642 2.284734247722913 2.2843067065142204 2.283437348938633 2.2825679913630452 2.2816986337874563 2.280829276211869 2.2799599186362816 2.279090561060694 2.278221203485107 2.2773518459095192 2.276482488333932 2.2756131307583445 2.274743773182757 2.2738744156071697 2.273005058031582 2.2721357004559946 2.2712663428804074 2.2703969853048185 2.269527627729231 2.2686582701536433 2.267788912578056 2.2669195550024686 2.2660501974268814 2.265180839851294 2.2643114822757062 2.263442124700119 2.2625727671245315 2.261703409548944 2.2608340519733567
2.2850175788045077 2.2850403016188383 2.2850630244331693 2.2850857472475 2.285108470061831 2.2851311928761615 2.285153915690492 2.285176638504823 2.2851993613191537 2.2852220841334847 2.2852448069478153 2.285267529762146 2.285290252576477 2.2853129753908075 2.285335698205138 2.285358421019469 2.2850099438793854 2.284264645589037 2.283519347298689 2.282774049008339 2.282028750717991 2.2812834524276426 2.2805381541372944 2.279792855846946 2.2790475575565976 2.2783022592662494 2.2775569609759008 2.2768116626855526 2.2760663643952044 2.275321066104856 2.2745757678145075 2.2738304695241593 2.27308517123381 2.2723398729434616 2.271594574653113 2.270849276362765 2.2701039780724166 2.269358679782068 2.2686133814917198 2.2678680832013716 2.2671227849110234 2.2663774866206747 2.2656321883303265 2.2648868900399783
2.285087141833495 2.2851468386656637 2.2852065354978324 2.285266232330001 2.2853259291621697 2.2853856259943384 2.2854453228265075 2.285505019658676 2.285564716490845 2.2856244133230135 2.285684110155182 2.285743806987351 2.2858035038195195 2.285863200651688 2.285922897483857 2.2859825943160255 2.2857131812445517 2.2850919422394425 2.284470703234333 2.283849464229223 2.283228225224114 2.2826069862190046 2.2819857472138954 2.281364508208786 2.2807432692036773 2.280122030198568 2.279500791193459 2.2788795521883496 2.2782583131832403 2.277637074178131 2.2770158351730223 2.276394596167913 2.275773357162803 2.2751521181576937 2.2745308791525845 2.273909640147475 2.273288401142366 2.2726671621372567 2.272045923132148 2.2714246841270387 2.2708034451219294 2.27018220611682 2.269560967111711 2.268939728106602
2.285156704862482 2.2852533757124887 2.2853500465624954 2.2854467174125017 2.2855433882625085 2.285640059112515 2.285736729962522 2.2858334008125287 2.285930071662535 2.286026742512542 2.2861234133625485 2.286220084212555 2.2863167550625616 2.2864134259125684 2.286510096762575 2.2866067676125814 2.2864164186097167 2.285919238889847 2.2854220591699765 2.284924879450106 2.2844276997302355 2.2839305200103657 2.2834333402904954 2.2829361605706255 2.2824389808507553 2.2819418011308854 2.281444621411015 2.2809474416911453 2.2804502619712754 2.279953082251405 2.2794559025315353 2.278958722811665 2.2784615430917943 2.277964363371924 2.277467183652054 2.276970003932184 2.276472824212314 2.2759756444924437 2.275478464772574 2.2749812850527036 2.2744841053328337 2.2739869256129635 2.2734897458930936 2.2729925661732238
2.285226267891469 2.2853599127593136 2.2854935576271584 2.285627202495003 2.2857608473628472 2.285894492230692 2.286028137098537 2.2861617819663813 2.2862954268342257 2.2864290717020705 2.286562716569915 2.2866963614377593 2.286830006305604 2.2869636511734486 2.2870972960412934 2.287230940909138 2.2871196559748825 2.286746535540251 2.2863734151056203 2.286000294670989 2.285627174236358 2.285254053801727 2.284880933367096 2.284507812932465 2.284134692497834 2.283761572063203 2.2833884516285723 2.2830153311939414 2.2826422107593105 2.2822690903246796 2.2818959698900487 2.2815228494554174 2.281149729020786 2.280776608586155 2.2804034881515243 2.280030367716893 2.279657247282262 2.279284126847631 2.2789110064130003 2.2785378859783694 2.2781647655437385 2.2777916451091076 2.2774185246744767 2.277045404239846
2.2852958309204565 2.285466449806139 2.2856370686918215 2.285807687577504 2.2859783064631864 2.286148925348869 2.2863195442345514 2.286490163120234 2.2866607820059164 2.2868314008915993 2.287002019777282 2.2871726386629643 2.2873432575486468 2.2875138764343292 2.2876844953200117 2.287855114205694 2.287822893340048 2.287573832190656 2.2873247710412645 2.287075709891872 2.28682664874248 2.2865775875930887 2.2863285264436968 2.286079465294305 2.2858304041449133 2.2855813429955214 2.28533228184613 2.285083220696738 2.284834159547346 2.2845850983979545 2.2843360372485626 2.2840869760991707 2.2838379149497787 2.283588853800387 2.283339792650995 2.2830907315016034 2.2828416703522114 2.2825926092028195 2.282343548053428 2.282094486904036 2.281845425754644 2.2815963646052526 2.2813473034558607 2.2810982423064687
2.2853653939494434 2.285572986852964 2.2857805797564845 2.2859881726600046 2.286195765563525 2.286403358467046 2.2866109513705664 2.286818544274087 2.2870261371776075 2.2872337300811276 2.287441322984648 2.2876489158881688 2.287856508791689 2.2880641016952095 2.28827169459873 2.28847928750225 2.288526130705214 2.288401128841061 2.2882761269769083 2.2881511251127553 2.2880261232486028 2.28790112138445 2.2877761195202972 2.2876511176561447 2.2875261157919917 2.287401113927839 2.2872761120636866 2.2871511101995337 2.287026108335381 2.2869011064712286 2.2867761046070756 2.286651102742923 2.28652610087877 2.2864010990146175 2.2862760971504645 2.286151095286312 2.2860260934221595 2.2859010915580065 2.285776089693854 2.2856510878297014 2.2855260859655484 2.285401084101396 2.2852760822372433 2.2851510803730903
2.2854349569784307 2.285679523899789 2.285924090821147 2.2861686577425053 2.286413224663864 2.286657791585222 2.286902358506581 2.2871469254279395 2.2873914923492977 2.287636059270656 2.2878806261920146 2.288125193113373 2.288369760034731 2.2886143269560892 2.288858893877448 2.289103460798806 2.289229368070379 2.289228425491465 2.2892274829125516 2.289226540333638 2.2892255977547245 2.289224655175811 2.2892237125968973 2.2892227700179837 2.28922182743907 2.2892208848601565 2.2892199422812434 2.28921899970233 2.289218057123416 2.2892171145445026 2.289216171965589 2.2892152293866754 2.289214286807762 2.2892133442288483 2.2892124016499347 2.289211459071021 2.2892105164921075 2.289209573913194 2.2892086313342803 2.2892076887553667 2.289206746176453 2.2892058035975396 2.289204861018626 2.2892039184397124
2.2855045200074176 2.285786060946614 2.28606760188581 2.2863491428250065 2.2866306837642028 2.286912224703399 2.287193765642596 2.287475306581792 2.2877568475209884 2.2880383884601847 2.288319929399381 2.2886014703385773 2.2888830112777736 2.28916455221697 2.289446093156166 2.2897276340953625 2.289932605435544 2.29005572214187 2.2901788388481954 2.290301955554521 2.2904250722608466 2.2905481889671724 2.2906713056734977 2.2907944223798236 2.290917539086149 2.2910406557924743 2.2911637724988 2.2912868892051255 2.291410005911451 2.2915331226177766 2.291656239324102 2.291779356030428 2.291902472736753 2.292025589443079 2.2921487061494044 2.29227182285573 2.2923949395620555 2.292518056268381 2.2926411729747067 2.292764289681032 2.2928874063873574 2.2930105230936833 2.2931336398000086 2.2932567565063344
2.285574083036405 2.2858925979934392 2.286211112950473 2.2865296279075076 2.2868481428645415 2.287166657821576 2.2874851727786107 2.2878036877356447 2.288122202692679 2.2884407176497135 2.2887592326067474 2.289077747563782 2.289396262520816 2.28971477747785 2.2900332924348845 2.2903518073919185 2.29063584280071 2.290883018792275 2.2911301947838396 2.2913773707754044 2.291624546766969 2.291871722758534 2.2921188987500987 2.2923660747416634 2.292613250733228 2.2928604267247925 2.2931076027163573 2.293354778707922 2.293601954699487 2.2938491306910516 2.2940963066826163 2.2943434826741806 2.294590658665746 2.2948378346573106 2.2950850106488754 2.29533218664044 2.2955793626320045 2.2958265386235692 2.296073714615134 2.2963208906066988 2.2965680665982635 2.2968152425898283 2.2970624185813926 2.2973095945729574
2.285643646065392 2.285999135040264 2.2863546240151362 2.2867101129900083 2.2870656019648807 2.2874210909397528 2.2877765799146257 2.2881320688894977 2.2884875578643697 2.288843046839242 2.2891985358141143 2.2895540247889863 2.2899095137638583 2.290265002738731 2.290620491713603 2.290975980688475 2.2913390801658755 2.2917103154426797 2.2920815507194834 2.2924527859962875 2.2928240212730917 2.2931952565498954 2.293566491826699 2.293937727103503 2.2943089623803066 2.2946801976571107 2.2950514329339144 2.295422668210718 2.295793903487522 2.2961651387643256 2.2965363740411293 2.2969076093179335 2.2972788445947376 2.2976500798715414 2.2980213151483455 2.2983925504251492 2.298763785701953 2.2991350209787567 2.2995062562555604 2.2998774915323645 2.3002487268091683 2.300619962085972 2.3009911973627757 2.3013624326395794
2.285713209094379 2.286105672087089 2.2864981350797993 2.2868905980725094 2.287283061065219 2.287675524057929 2.28806798705064 2.2884604500433503 2.2888529130360604 2.28924537602877 2.28963783902148 2.2900303020141903 2.2904227650069005 2.2908152279996106 2.2912076909923207 2.291600153985031 2.292042317531041 2.2925376120930836 2.2930329066551267 2.2935282012171703 2.2940234957792134 2.2945187903412565 2.295014084903299 2.2955093794653423 2.296004674027385 2.296499968589428 2.2969952631514707 2.297490557713514 2.2979858522755565 2.2984811468375996 2.2989764413996423 2.2994717359616854 2.299967030523729 2.300462325085772 2.3009576196478148 2.301452914209858 2.301948208771901 2.3024435033339437 2.3029387978959868 2.3034340924580294 2.3039293870200726 2.304424681582115 2.3049199761441583 2.305415270706201
2.285782772123366 2.286212209133914 2.2866416461444623 2.28707108315501 2.2875005201655583 2.287929957176106 2.2883593941866547 2.288788831197203 2.289218268207751 2.289647705218299 2.290077142228847 2.290506579239395 2.290936016249943 2.291365453260491 2.291794890271039 2.292224327281587 2.2927455548962064 2.293364908743489 2.293984262590771 2.294603616438054 2.295222970285336 2.295842324132618 2.2964616779799 2.297081031827182 2.297700385674464 2.2983197395217463 2.2989390933690284 2.2995584472163104 2.3001778010635925 2.3007971549108746 2.3014165087581566 2.3020358626054387 2.302655216452722 2.303274570300004 2.303893924147286 2.3045132779945683 2.3051326318418504 2.3057519856891324 2.3063713395364145 2.3069906933836966 2.3076100472309786 2.3082294010782607 2.3088487549255428 2.309468108772825
2.285852335152353 2.286318746180739 2.2867851572091253 2.287251568237511 2.287717979265897 2.288184390294283 2.2886508013226696 2.2891172123510555 2.2895836233794418 2.2900500344078276 2.2905164454362135 2.2909828564645993 2.2914492674929856 2.2919156785213715 2.2923820895497573 2.292848500578143 2.293448792261372 2.2941922053938932 2.2949356185264147 2.295679031658937 2.296422444791458 2.2971658579239795 2.2979092710565006 2.2986526841890216 2.299396097321543 2.300139510454064 2.300882923586585 2.3016263367191065 2.3023697498516276 2.3031131629841486 2.30385657611667 2.304599989249191 2.3053434023817134 2.306086815514235 2.306830228646756 2.307573641779277 2.3083170549117984 2.3090604680443194 2.3098038811768404 2.310547294309362 2.311290707441883 2.312034120574404 2.3127775337069254 2.3135209468394464
2.2859218981813405 2.2864252832275644 2.2869286682737884 2.2874320533200123 2.2879354383662363 2.28843882341246 2.2889422084586846 2.2894455935049085 2.2899489785511324 2.2904523635973564 2.2909557486435803 2.2914591336898043 2.2919625187360277 2.2924659037822517 2.2929692888284756 2.2934726738746996 2.2941520296265376 2.295019502044298 2.2958869744620585 2.29675444687982 2.29762191929758 2.2984893917153406 2.299356864133101 2.300224336550861 2.3010918089686214 2.301959281386382 2.302826753804142 2.3036942262219022 2.3045616986396626 2.3054291710574226 2.306296643475183 2.3071641158929435 2.308031588310705 2.3088990607284656 2.3097665331462256 2.310634005563986 2.3115014779817464 2.3123689503995064 2.313236422817267 2.3141038952350272 2.314971367652787 2.3158388400705476 2.316706312488308 2.317573784906068
2.285991461210328 2.2865318202743894 2.2870721793384514 2.287612538402513 2.288152897466575 2.2886932565306366 2.2892336155946995 2.289773974658761 2.290314333722823 2.2908546927868847 2.2913950518509467 2.2919354109150083 2.2924757699790703 2.2930161290431323 2.293556488107194 2.294096847171256 2.2948552669917035 2.295846798694703 2.2968383303977022 2.2978298621007034 2.2988213938037028 2.2998129255067026 2.300804457209702 2.3017959889127013 2.3027875206157007 2.3037790523187 2.3047705840216994 2.3057621157246992 2.3067536474276986 2.307745179130698 2.3087367108336974 2.3097282425366967 2.310719774239698 2.3117113059426972 2.3127028376456966 2.3136943693486964 2.314685901051696 2.315677432754695 2.3166689644576945 2.317660496160694 2.3186520278636933 2.319643559566693 2.3206350912696925 2.321626622972692
2.2860610242393147 2.2866383573212143 2.287215690403114 2.2877930234850137 2.2883703565669133 2.2889476896488135 2.289525022730714 2.2901023558126137 2.2906796888945133 2.291257021976413 2.291834355058313 2.292411688140213 2.2929890212221125 2.293566354304012 2.294143687385912 2.2947210204678115 2.2955585043568685 2.2966740953451072 2.2977896863333456 2.298905277321586 2.300020868309825 2.301136459298063 2.302252050286302 2.3033676412745403 2.304483232262779 2.3055988232510174 2.306714414239256 2.3078300052274945 2.3089455962157333 2.3100611872039716 2.3111767781922103 2.3122923691804487 2.313407960168689 2.314523551156928 2.3156391421451663 2.316754733133405 2.3178703241216434 2.318985915109882 2.3201015060981205 2.3212170970863593 2.3223326880745976 2.3234482790628364 2.3245638700510747 2.3256794610393134
-9999.0 2.287629753044764 2.2882239642740663 2.2888181755033687 2.2894123867326712 2.2900065979619737 2.290600809191277 2.2911950204205795 2.291789231649882 2.2923834428791845 2.2929776541084865 2.293571865337789 2.2941660765670915 2.294760287796394 2.2953544990256964 2.295948710254999 2.2968219280917785 2.2979934103049238 2.2991648925180694 2.300336374731217 2.301507856944362 2.3026793391575078 2.303850821370653 2.3050223035837987 2.3061937857969443 2.3073652680100896 2.3085367502232352 2.3097082324363805 2.310879714649526 2.3120511968626714 2.313222679075817 2.3143941612889627 2.31556564350211 2.3167371257152554 2.317908607928401 2.3190800901415463 2.320251572354692 2.321423054567837 2.322594536780983 2.3237660189941285 2.3249375012072737 2.3261089834204194 2.3272804656335646 2.3284519478467103
-9999.0 -9999.0 -9999.0 -9999.0 -9999.0 -9999.0 -9999.0 2.2931046558738952 2.2936942640315983 2.2942838721893013 2.2948734803470043 2.2954630885047074 2.29605269666241 2.296642304820113 2.297231912977816 2.297821521135519 2.298684155751568 2.2998386618292503 2.3009931679069333 2.302147673984618 2.3033021800623006 2.3044566861399836 2.305611192217666 2.3067656982953486 2.3079202043730316 2.309074710450714 2.310229216528397 2.3113837226060796 2.3125382286837626 2.313692734761445 2.314847240839128 2.3160017469168106 2.3171562529944953 2.3183107590721783 2.319465265149861 2.320619771227544 2.3217742773052263 2.322928783382909 2.324083289460592 2.3252377955382744 2.3263923016159573 2.32754680769364 2.328701313771323 2.3298558198490054
