Figures/CREST_Example_wjb_NSE/PETs/wjb.pet.20100214.asc
ncols            288
nrows            254
xllcorner        113.274861
yllcorner        31.4918055
cellsize         0.008333333333
NODATA_value     -9999
[rows 171 to 189 of 254, columns 88 to 131 of 288]
0.5268141285764715 0.5241078816025367 0.5214016346286021 0.5186953876546628 0.5159891406807281 0.5132828937067935 0.5105766467328587 0.507870399758924 0.5051641527849894 0.5024579058110547 0.49975165883712 0.4970454118631853 0.4943391648892506 0.49163291791531594 0.4898901433634265 0.4891773426159687 0.48846454186850957 0.48775174112105174 0.48703894037359385 0.48632613962613597 0.48561333887867814 0.48490053813122025 0.48418773738376236 0.48347493663630453 0.48276213588884664 0.48204933514138876 0.4813365343939309 0.48062373364647304 0.47991093289901515 0.4791981321515561 0.4784853314040982 0.4777725306566404 0.4770597299091825 0.4763469291617246 0.4756341284142668 0.4749213276668089 0.474208526919351 0.47349572617189317 0.4727829254244353 0.4720701246769774 0.47135732392951957 0.4706445231820617 0.4699317224346026 0.46921892168714474
0.5254086647330282 0.5226580171081838 0.5199073694833395 0.5171567218584905 0.5144060742336461 0.5116554266088018 0.5089047789839575 0.5061541313591131 0.5034034837342688 0.5006528361094245 0.4979021884845802 0.49515154085973584 0.4924008932348915 0.48965024561004716 0.48786787920144536 0.48712062730700445 0.4863733754125623 0.48562612351812146 0.4848788716236806 0.4841316197292397 0.4833843678347988 0.48263711594035796 0.4818898640459171 0.48114261215147625 0.48039536025703533 0.47964810836259447 0.4789008564681536 0.47815360457371275 0.4774063526792719 0.4766591007848297 0.47591184889038884 0.475164596995948 0.4744173451015071 0.47367009320706627 0.47292284131262535 0.4721755894181845 0.47142833752374363 0.4706810856293028 0.46993383373486186 0.469186581840421 0.46843932994598014 0.4676920780515393 0.46694482615709715 0.4661975742626563
0.5240032008895849 0.5212081526138309 0.5184131043380769 0.5156180560623181 0.5128230077865642 0.5100279595108101 0.5072329112350562 0.5044378629593023 0.5016428146835482 0.49884776640779427 0.49605271813204027 0.49325766985628633 0.49046262158053233 0.48766757330477833 0.4858456150394641 0.4850639119980402 0.484282208956615 0.48350050591519117 0.4827188028737673 0.4819370998323434 0.4811553967909195 0.4803736937494957 0.4795919907080718 0.4788102876666479 0.4780285846252241 0.4772468815838002 0.4764651785423763 0.4756834755009524 0.4749017724595286 0.47412006941810336 0.4733383663766795 0.47255666333525564 0.47177496029383176 0.47099325725240787 0.47021155421098404 0.46942985116956015 0.46864814812813627 0.4678664450867124 0.46708474204528855 0.46630303900386466 0.4655213359624408 0.46473963292101694 0.4639579298795917 0.46317622683816784
0.5225977370461415 0.519758288119478 0.5169188391928143 0.5140793902661459 0.5112399413394823 0.5084004924128186 0.5055610434861549 0.5027215945594914 0.49988214563282773 0.4970426967061641 0.4942032477795005 0.4913637988528368 0.4885243499261732 0.48568490099950956 0.4838233508774829 0.483007196689076 0.48219104250066774 0.4813748883122609 0.480558734123854 0.4797425799354471 0.47892642574704025 0.4781102715586334 0.47729411737022653 0.4764779631818196 0.47566180899341276 0.4748456548050059 0.474029500616599 0.4732133464281921 0.47239719223978527 0.471581038051377 0.4707648838629701 0.46994872967456325 0.4691325754861564 0.46831642129774953 0.4675002671093426 0.46668411292093576 0.4658679587325289 0.465051804544122 0.4642356503557151 0.46341949616730826 0.4626033419789014 0.4617871877904945 0.46097103360208624 0.4601548794136794
0.5211922732026983 0.518308423625125 0.5154245740475517 0.5125407244699736 0.5096568748924003 0.5067730253148269 0.5038891757372537 0.5010053261596804 0.49812147658210715 0.4952376270045339 0.4923537774269606 0.4894699278493873 0.48658607827181405 0.48370222869424073 0.48180108671550165 0.48095048138011176 0.48009987604472043 0.47924927070933054 0.4783986653739407 0.4775480600385508 0.47669745470316094 0.47584684936777105 0.47499624403238117 0.47414563869699133 0.47329503336160145 0.47244442802621156 0.4715938226908217 0.4707432173554318 0.46989261202004196 0.4690420066846506 0.46819140134926074 0.46734079601387085 0.46649019067848096 0.46563958534309113 0.46478898000770125 0.46393837467231136 0.4630877693369215 0.4622371640015316 0.46138655866614176 0.46053595333075187 0.459685347995362 0.4588347426599721 0.45798413732458076 0.4571335319891909
0.5197868093592538 0.5168585591307708 0.5139303089022879 0.5110020586738 0.508073808445317 0.505145558216834 0.5022173079883511 0.4992890577598681 0.4963608075313851 0.49343255730290214 0.49050430707441917 0.4875760568459362 0.48464780661745327 0.4817195563889703 0.4797788225535187 0.4788937660711458 0.4780087095887714 0.4771236531063985 0.47623859662402557 0.47535354014165265 0.47446848365927974 0.4735834271769069 0.47269837069453396 0.47181331421216105 0.47092825772978814 0.4700432012474152 0.4691581447650423 0.4682730882826694 0.46738803180029653 0.46650297531792206 0.4656179188355492 0.4647328623531763 0.4638478058708034 0.46296274938843046 0.46207769290605755 0.46119263642368463 0.4603075799413118 0.45942252345893886 0.45853746697656594 0.45765241049419303 0.4567673540118201 0.4558822975294472 0.4549972410470728 0.4541121845646999
0.5183813455158105 0.5154086946364179 0.5124360437570252 0.5094633928776275 0.506490741998235 0.5035180911188424 0.5005454402394498 0.4975727893600571 0.49460013848066453 0.4916274876012719 0.4886548367218793 0.4856821858424867 0.4827095349630941 0.47973688408370146 0.47775655839153747 0.4768370507621815 0.4759175431328241 0.47499803550346814 0.47407852787411225 0.47315902024475637 0.4722395126154004 0.47132000498604454 0.4704004973566886 0.4694809897273327 0.4685614820979768 0.4676419744686209 0.466722466839265 0.4658029592099091 0.46488345158055316 0.4639639439511957 0.4630444363218398 0.4621249286924839 0.46120542106312795 0.46028591343377206 0.4593664058044162 0.45844689817506024 0.45752739054570435 0.45660788291634846 0.4556883752869925 0.45476886765763663 0.4538493600282807 0.4529298523989248 0.4520103447695673 0.4510908371402114
0.5198257540860227 0.5168478240916299 0.513869894097237 0.5108919641028391 0.5079140341084463 0.5049361041140534 0.5019581741196606 0.4989802441252677 0.4960023141308748 0.493024384136482 0.49004645414208914 0.48706852414769625 0.4840905941533034 0.4811126641589105 0.47908633358870206 0.47807728431974916 0.47706823505079454 0.47605918578184164 0.47505013651288874 0.47404108724393584 0.47303203797498294 0.47202298870603004 0.47101393943707714 0.47000489016812425 0.46899584089917135 0.4679867916302184 0.4669777423612655 0.4659686930923126 0.4649596438233597 0.46395059455440507 0.46294154528545217 0.46193249601649927 0.4609234467475464 0.4599143974785935 0.4589053482096406 0.4578962989406877 0.4568872496717348 0.4558782004027818 0.4548691511338289 0.453860101864876 0.4528510525959231 0.4518420033269702 0.4508329540580156 0.4498239047890627
0.5243164966309088 0.5213751059774618 0.5184337153240147 0.5154923246705626 0.5125509340171156 0.5096095433636685 0.5066681527102214 0.5037267620567744 0.5007853714033272 0.4978439807498801 0.49490259009643306 0.491961199442986 0.4890198087895389 0.4860784181360918 0.4839992275722658 0.48284174839962124 0.48168426922697466 0.4805267900543301 0.4793693108816855 0.4782118317090409 0.47705435253639633 0.4758968733637517 0.4747393941911071 0.47358191501846253 0.47242443584581795 0.4712669566731733 0.4701094775005287 0.46895199832788415 0.46779451915523956 0.466637039982593 0.4654795608099484 0.4643220816373038 0.4631646024646592 0.4620071232920146 0.46084964411937 0.45969216494672543 0.45853468577408085 0.4573772066014362 0.45621972742879163 0.45506224825614705 0.45390476908350247 0.4527472899108579 0.4515898107382113 0.4504323315655667
0.528807239175795 0.5259023878632937 0.5229975365507924 0.5200926852382861 0.5171878339257848 0.5142829826132835 0.5113781313007822 0.508473279988281 0.5055684286757797 0.5026635773632784 0.4997587260507771 0.49685387473827575 0.49394902342577446 0.49104417211327317 0.48891212155582964 0.4876062124794934 0.48630030340315483 0.48499439432681857 0.4836884852504823 0.482382576174146 0.4810766670978097 0.47977075802147345 0.47846484894513713 0.47715893986880087 0.47585303079246455 0.4745471217161283 0.473241212639792 0.4719353035634557 0.47062939448711943 0.46932348541078095 0.46801757633444463 0.46671166725810836 0.46540575818177204 0.4640998491054358 0.4627939400290995 0.4614880309527632 0.46018212187642693 0.45887621280009067 0.45757030372375435 0.4562643946474181 0.45495848557108176 0.4536525764947455 0.452346667418407 0.4510407583420707
0.5332979817206811 0.5304296697491256 0.5275613577775701 0.5246930458060096 0.5218247338344542 0.5189564218628986 0.5160881098913431 0.5132197979197876 0.5103514859482321 0.5074831739766765 0.504614862005121 0.5017465500335655 0.4988782380620099 0.49600992609045447 0.4938250155393934 0.49237067655936545 0.490916337579335 0.489461998599307 0.48800765961927906 0.48655332063925105 0.4850989816592231 0.4836446426791951 0.48219030369916716 0.48073596471913915 0.4792816257391112 0.4778272867590832 0.47637294777905526 0.47491860879902725 0.4734642698189993 0.4720099308389688 0.47055559185894086 0.46910125287891286 0.4676469138988849 0.4661925749188569 0.46473823593882896 0.46328389695880096 0.461829557978773 0.460375218998745 0.45892088001871706 0.4574665410386891 0.4560122020586611 0.4545578630786331 0.45310352409860266 0.4516491851185747
0.5377887242655672 0.5349569516349575 0.5321251790043477 0.5292934063737332 0.5264616337431235 0.5236298611125136 0.5207980884819039 0.5179663158512942 0.5151345432206844 0.5123027705900747 0.5094709979594649 0.5066392253288552 0.5038074526982455 0.5009756800676357 0.49873790952295716 0.49713514063923747 0.4955323717555151 0.49392960287179544 0.49232683398807575 0.4907240651043561 0.48912129622063644 0.4875185273369168 0.4859157584531971 0.48431298956947744 0.4827102206857578 0.4811074518020381 0.47950468291831844 0.4779019140345988 0.4762991451508791 0.4746963762671567 0.4730936073834371 0.4714908384997174 0.4698880696159977 0.4682853007322781 0.4666825318485584 0.46507976296483877 0.4634769940811191 0.4618742251973994 0.46027145631367977 0.4586686874299601 0.45706591854624046 0.45546314966252077 0.45386038077879837 0.4522576118950787
0.5422794668104572 0.5394842335207932 0.5366890002311293 0.5338937669414606 0.5310985336517967 0.5283033003621328 0.5255080670724688 0.5227128337828049 0.519917600493141 0.517122367203477 0.514327133913813 0.5115319006241491 0.5087366673344852 0.5059414340448213 0.5036508035065251 0.5018996047191137 0.5001484059316992 0.4983972071442877 0.4966460083568762 0.49489480956946474 0.49314361078205327 0.4913924119946418 0.4896412132072303 0.48789001441981883 0.48613881563240735 0.48438761684499587 0.4826364180575844 0.4808852192701729 0.4791340204827614 0.47738282169534696 0.4756316229079355 0.473880424120524 0.4721292253331125 0.470378026545701 0.4686268277582895 0.46687562897087803 0.46512443018346655 0.4633732313960551 0.4616220326086436 0.4598708338212321 0.45811963503382064 0.45636843624640916 0.4546172374589947 0.4528660386715832
0.5467702093553434 0.5440115154066252 0.541252821457907 0.5384941275091841 0.535735433560466 0.5329767396117479 0.5302180456630297 0.5274593517143116 0.5247006577655934 0.5219419638168752 0.5191832698681571 0.5164245759194389 0.5136658819707207 0.5109071880220026 0.5085636974900889 0.5066640687989857 0.5047644401078794 0.5028648114167762 0.500965182725673 0.4990655540345698 0.49716592534346665 0.4952662966523635 0.49336666796126033 0.49146703927015717 0.48956741057905395 0.4876677818879508 0.48576815319684763 0.48386852450574447 0.4819688958146413 0.48006926712353487 0.4781696384324317 0.47627000974132855 0.47437038105022533 0.47247075235912217 0.470571123668019 0.46867149497691585 0.4667718662858127 0.46487223759470947 0.4629726089036063 0.46107298021250315 0.4591733515214 0.45727372283029677 0.4553740941391904 0.4534744654480872
0.5512609519002294 0.548538797292457 0.5458166426846847 0.5430944880769076 0.5403723334691353 0.5376501788613628 0.5349280242535904 0.5322058696458181 0.5294837150380457 0.5267615604302733 0.524039405822501 0.5213172512147286 0.5185950966069561 0.5158729419991838 0.5134765914736527 0.5114285328788578 0.5093804742840594 0.5073324156892646 0.5052843570944697 0.5032362984996749 0.50118823990488 0.49914018131008514 0.49709212271529024 0.4950440641204954 0.49299600552570055 0.4909479469309057 0.4888998883361108 0.48685182974131597 0.4848037711465211 0.4827557125517228 0.4807076539569279 0.47865959536213304 0.47661153676733814 0.4745634781725433 0.47251541957774845 0.4704673609829536 0.4684193023881587 0.46637124379336387 0.464323185198569 0.4622751266037741 0.4602270680089793 0.45817900941418443 0.4561309508193861 0.4540828922245912
0.5557516944451155 0.553066079178289 0.5503804639114623 0.5476948486446311 0.5450092333778046 0.542323618110978 0.5396380028441514 0.5369523875773248 0.5342667723104981 0.5315811570436716 0.528895541776845 0.5262099265100183 0.5235243112431918 0.5208386959763651 0.5183894854572164 0.5161929969587299 0.5139965084602396 0.5118000199617531 0.5096035314632665 0.5074070429647799 0.5052105544662934 0.5030140659678068 0.5008175774693203 0.49862108897083374 0.4964246004723472 0.49422811197386063 0.4920316234753741 0.4898351349768875 0.487638646478401 0.4854421579799107 0.4832456694814241 0.4810491809829376 0.47885269248445106 0.4766562039859645 0.4744597154874779 0.47226322698899137 0.47006673849050484 0.46787024999201826 0.46567376149353173 0.46347727299504515 0.4612807844965586 0.45908429599807205 0.45688780749958174 0.4546913190010952
0.5602424369900016 0.5575933610641208 0.55494428513824 0.5522952092123548 0.5496461332864739 0.5469970573605931 0.5443479814347122 0.5416989055088314 0.5390498295829506 0.5364007536570697 0.5337516777311889 0.5311026018053081 0.5284535258794273 0.5258044499535465 0.5233023794407803 0.5209574610386021 0.5186125426364198 0.5162676242342416 0.5139227058320633 0.511577787429885 0.5092328690277068 0.5068879506255286 0.5045430322233503 0.5021981138211721 0.4998531954189938 0.4975082770168156 0.49516335861463734 0.49281844021245913 0.49047352181028087 0.4881286034080986 0.4857836850059204 0.48343876660374213 0.48109384820156387 0.47874892979938566 0.4764040113972074 0.47405909299502913 0.4717141745928509 0.46936925619067266 0.46702433778849445 0.4646794193863162 0.4623345009841379 0.4599895825819597 0.45764466417977745 0.45529974577759924
0.5647331795348878 0.5621206429499527 0.5595081063650177 0.5568955697800781 0.5542830331951432 0.5516704966102081 0.5490579600252731 0.546445423440338 0.543832886855403 0.5412203502704679 0.5386078136855328 0.5359952771005978 0.5333827405156627 0.5307702039307277 0.5282152734243439 0.525721925118474 0.5232285768125998 0.5207352285067299 0.51824188020086 0.51574853189499 0.5132551835891201 0.5107618352832501 0.5082684869773803 0.5057751386715104 0.5032817903656404 0.5007884420597705 0.4982950937539005 0.49580174544803063 0.4933083971421607 0.4908150488362865 0.48832170053041657 0.4858283522245466 0.4833350039186767 0.4808416556128068 0.47834830730693684 0.4758549590010669 0.473361610695197 0.47086826238932705 0.4683749140834571 0.4658815657775872 0.46338821747171727 0.4608948691658473 0.45840152085997316 0.4559081725541032
0.5692239220797778 0.5666479248357886 0.5640719275917994 0.5614959303478058 0.5589199331038165 0.5563439358598272 0.553767938615838 0.5511919413718488 0.5486159441278595 0.5460399468838703 0.5434639496398811 0.5408879523958918 0.5383119551519026 0.5357359579079133 0.533128167407912 0.5304863891983503 0.527844610988784 0.5252028327792223 0.5225610545696605 0.5199192763600988 0.517277498150537 0.5146357199409752 0.5119939417314135 0.5093521635218518 0.5067103853122901 0.5040686071027283 0.5014268288931665 0.4987850506836048 0.496143272474043 0.49350149426447676 0.490859716054915 0.4882179378453533 0.4855761596357915 0.48293438142622974 0.480292603216668 0.47765082500710626 0.4750090467975445 0.4723672685879827 0.469725490378421 0.46708371216885924 0.4644419339592975 0.46180015574973576 0.45915837754016947 0.45651659933060773
