Figures/CREST_Example_wjb_NSE/PETs/wjb.pet.20100105.asc
ncols            288
nrows            254
xllcorner        113.274861
yllcorner        31.4918055
cellsize         0.008333333333
NODATA_value     -9999
[rows 95 to 113 of 254, columns 176 to 219 of 288]
0.5079183127673395 0.5080202434831229 0.5081221741989063 0.5082241049146896 0.508326035630473 0.5084279663462563 0.5085298970620399 0.5086318277778232 0.5087337584936066 0.5088356892093899 0.5089376199251733 0.5090395506409566 0.5091414813567401 0.5092434120725234 0.5093453427883068 0.5094472735040901 0.509346660183091 0.5090295227038871 0.5087123852246832 0.5083952477454786 0.5080781102662747 0.5077609727870708 0.5074438353078667 0.5071266978286628 0.5068095603494589 0.5064924228702549 0.5061752853910509 0.505858147911847 0.505541010432643 0.5052238729534391 0.5049067354742351 0.5045895979950311 0.5042724605158266 0.5039553230366227 0.5036381855574187 0.5033210480782148 0.5030039105990108 0.5026867731198068 0.5023696356406029 0.502052498161399 0.5017353606821949 0.501418223202991 0.5011010857237871 0.500783948244583
0.5094499524662046 0.5095598007285077 0.5096696489908107 0.5097794972531138 0.5098893455154168 0.5099991937777199 0.510109042040023 0.5102188903023261 0.5103287385646291 0.5104385868269322 0.5105484350892353 0.5106582833515383 0.5107681316138414 0.5108779798761444 0.5109878281384475 0.5110976764007505 0.511003844134159 0.5106922727735799 0.5103807014130007 0.510069130052421 0.5097575586918419 0.5094459873312627 0.5091344159706835 0.5088228446101044 0.5085112732495252 0.508199701888946 0.5078881305283669 0.5075765591677878 0.5072649878072085 0.5069534164466294 0.5066418450860503 0.506330273725471 0.5060187023648913 0.5057071310043122 0.5053955596437331 0.5050839882831539 0.5047724169225747 0.5044608455619956 0.5041492742014164 0.5038377028408372 0.503526131480258 0.5032145601196789 0.5029029887590998 0.5025914173985205
0.5109815921650697 0.5110993579738924 0.5112171237827151 0.5113348895915378 0.5114526554003606 0.5115704212091833 0.5116881870180062 0.511805952826829 0.5119237186356517 0.5120414844444744 0.5121592502532971 0.5122770160621198 0.5123947818709426 0.5125125476797653 0.512630313488588 0.5127480792974107 0.512661028085227 0.5123550228432725 0.5120490176013182 0.5117430123593633 0.5114370071174089 0.5111310018754546 0.5108249966335002 0.5105189913915459 0.5102129861495915 0.5099069809076371 0.5096009756656827 0.5092949704237284 0.5089889651817741 0.5086829599398197 0.5083769546978654 0.508070949455911 0.5077649442139561 0.5074589389720018 0.5071529337300473 0.506846928488093 0.5065409232461386 0.5062349180041843 0.50592891276223 0.5056229075202756 0.5053169022783212 0.5050108970363668 0.5047048917944125 0.5043988865524581
0.5125132318639362 0.5126389152192785 0.512764598574621 0.5128902819299633 0.5130159652853058 0.5131416486406482 0.5132673319959908 0.5133930153513332 0.5135186987066757 0.513644382062018 0.5137700654173605 0.5138957487727028 0.5140214321280453 0.5141471154833877 0.5142727988387301 0.5143984821940725 0.5143182120362962 0.5140177729129667 0.5137173337896371 0.513416894666307 0.5131164555429775 0.5128160164196479 0.5125155772963184 0.5122151381729888 0.5119146990496592 0.5116142599263297 0.5113138208030001 0.5110133816796706 0.510712942556341 0.5104125034330115 0.5101120643096819 0.5098116251863524 0.5095111860630223 0.5092107469396927 0.5089103078163631 0.5086098686930336 0.508309429569704 0.5080089904463745 0.5077085513230449 0.5074081121997154 0.5071076730763858 0.5068072339530563 0.5065067948297267 0.5062063557063972
0.5140448715628012 0.5141784724646633 0.5143120733665254 0.5144456742683875 0.5145792751702496 0.5147128760721117 0.514846476973974 0.5149800778758361 0.5151136787776982 0.5152472796795603 0.5153808805814224 0.5155144814832845 0.5156480823851466 0.5157816832870087 0.5159152841888708 0.5160488850907329 0.5159753959873642 0.5156805229826594 0.5153856499779547 0.5150907769732493 0.5147959039685446 0.5145010309638398 0.514206157959135 0.5139112849544303 0.5136164119497255 0.5133215389450207 0.513026665940316 0.5127317929356112 0.5124369199309065 0.5121420469262018 0.511847173921497 0.5115523009167923 0.511257427912087 0.5109625549073822 0.5106676819026774 0.5103728088979727 0.5100779358932679 0.5097830628885631 0.5094881898838584 0.5091933168791536 0.5088984438744488 0.5086035708697441 0.5083086978650393 0.5080138248603345
0.5155765112616663 0.5157180297100481 0.5158595481584298 0.5160010666068116 0.5161425850551934 0.5162841035035751 0.5164256219519572 0.5165671404003389 0.5167086588487207 0.5168501772971025 0.5169916957454842 0.517133214193866 0.5172747326422478 0.5174162510906296 0.5175577695390113 0.5176992879873931 0.517632579938432 0.5173432730523521 0.5170539661662721 0.5167646592801917 0.5164753523941117 0.5161860455080317 0.5158967386219517 0.5156074317358718 0.5153181248497919 0.5150288179637119 0.5147395110776319 0.514450204191552 0.514160897305472 0.513871590419392 0.513582283533312 0.5132929766472322 0.5130036697611516 0.5127143628750717 0.5124250559889918 0.5121357491029118 0.5118464422168318 0.5115571353307519 0.5112678284446719 0.5109785215585919 0.5106892146725119 0.5103999077864321 0.5101106009003521 0.5098212940142721
0.5171081509605313 0.5172575869554328 0.5174070229503342 0.5175564589452357 0.5177058949401372 0.5178553309350385 0.5180047669299404 0.5181542029248417 0.5183036389197432 0.5184530749146447 0.5186025109095461 0.5187519469044476 0.5189013828993491 0.5190508188942504 0.5192002548891519 0.5193496908840534 0.5192897638894999 0.5190060231220447 0.5187222823545895 0.5184385415871339 0.5181548008196788 0.5178710600522236 0.5175873192847684 0.5173035785173132 0.517019837749858 0.516736096982403 0.5164523562149478 0.5161686154474926 0.5158848746800374 0.5156011339125823 0.5153173931451271 0.515033652377672 0.5147499116102163 0.5144661708427611 0.514182430075306 0.5138986893078509 0.5136149485403957 0.5133312077729405 0.5130474670054853 0.5127637262380302 0.512479985470575 0.5121962447031199 0.5119125039356647 0.5116287631682096
0.5186397906593965 0.5187971442008176 0.5189544977422387 0.5191118512836599 0.519269204825081 0.5194265583665021 0.5195839119079235 0.5197412654493446 0.5198986189907658 0.5200559725321869 0.520213326073608 0.5203706796150293 0.5205280331564504 0.5206853866978715 0.5208427402392927 0.5210000937807138 0.5209469478405678 0.5206687731917374 0.5203905985429071 0.5201124238940763 0.5198342492452459 0.5195560745964155 0.5192778999475852 0.5189997252987548 0.5187215506499244 0.5184433760010941 0.5181652013522637 0.5178870267034333 0.517608852054603 0.5173306774057727 0.5170525027569423 0.516774328108112 0.5164961534592811 0.5162179788104507 0.5159398041616203 0.51566162951279 0.5153834548639596 0.5151052802151292 0.514827105566299 0.5145489309174686 0.5142707562686382 0.5139925816198079 0.5137144069709775 0.5134362323221471
0.5201714303582615 0.5203367014462024 0.5205019725341432 0.5206672436220839 0.5208325147100248 0.5209977857979656 0.5211630568859067 0.5213283279738475 0.5214935990617884 0.5216588701497291 0.52182414123767 0.5219894123256108 0.5221546834135515 0.5223199545014924 0.5224852255894332 0.5226504966773741 0.5226041317916357 0.5223315232614302 0.5220589147312246 0.5217863062010185 0.521513697670813 0.5212410891406074 0.5209684806104018 0.5206958720801963 0.5204232635499907 0.5201506550197852 0.5198780464895796 0.519605437959374 0.5193328294291685 0.5190602208989629 0.5187876123687574 0.5185150038385518 0.5182423953083457 0.5179697867781402 0.5176971782479346 0.5174245697177291 0.5171519611875235 0.5168793526573179 0.5166067441271124 0.5163341355969068 0.5160615270667013 0.5157889185364957 0.5155163100062901 0.5152437014760846
0.5217030700571267 0.5218762586915872 0.5220494473260476 0.5222226359605081 0.5223958245949687 0.5225690132294292 0.52274220186389 0.5229153904983505 0.5230885791328109 0.5232617677672714 0.5234349564017319 0.5236081450361925 0.5237813336706529 0.5239545223051134 0.5241277109395739 0.5243008995740344 0.5242613157427036 0.5239942733311229 0.5237272309195421 0.5234601885079609 0.5231931460963801 0.5229261036847994 0.5226590612732186 0.5223920188616379 0.5221249764500571 0.5218579340384764 0.5215908916268955 0.5213238492153148 0.521056806803734 0.5207897643921533 0.5205227219805725 0.5202556795689918 0.5199886371574105 0.5197215947458298 0.519454552334249 0.5191875099226683 0.5189204675110874 0.5186534250995067 0.5183863826879259 0.5181193402763451 0.5178522978647644 0.5175852554531836 0.5173182130416029 0.517051170630022
0.5232347097559931 0.5234158159369732 0.5235969221179534 0.5237780282989336 0.5239591344799138 0.5241402406608939 0.5243213468418745 0.5245024530228546 0.5246835592038348 0.524864665384815 0.5250457715657952 0.5252268777467753 0.5254079839277556 0.5255890901087358 0.5257701962897159 0.5259513024706961 0.5259184996937729 0.525657023400817 0.5253955471078611 0.5251340708149046 0.5248725945219487 0.5246111182289928 0.5243496419360367 0.5240881656430808 0.5238266893501248 0.5235652130571689 0.5233037367642129 0.5230422604712569 0.522780784178301 0.522519307885345 0.522257831592389 0.5219963552994331 0.5217348790064766 0.5214734027135207 0.5212119264205648 0.5209504501276088 0.5206889738346528 0.5204274975416968 0.5201660212487409 0.519904544955785 0.5196430686628289 0.519381592369873 0.519120116076917 0.5188586397839611
0.5247663494548581 0.524955373182358 0.5251443969098578 0.5253334206373577 0.5255224443648575 0.5257114680923575 0.5259004918198577 0.5260895155473575 0.5262785392748573 0.5264675630023572 0.526656586729857 0.5268456104573569 0.5270346341848567 0.5272236579123567 0.5274126816398566 0.5276017053673564 0.5275756836448409 0.5273197734705096 0.5270638632961785 0.5268079531218469 0.5265520429475158 0.5262961327731845 0.5260402225988534 0.5257843124245223 0.5255284022501912 0.5252724920758599 0.5250165819015288 0.5247606717271976 0.5245047615528664 0.5242488513785353 0.5239929412042041 0.523737031029873 0.5234811208555414 0.5232252106812102 0.5229693005068791 0.5227133903325479 0.5224574801582167 0.5222015699838856 0.5219456598095544 0.5216897496352233 0.5214338394608921 0.5211779292865609 0.5209220191122298 0.5206661089378987
0.5262979891537233 0.5264949304277428 0.5266918717017623 0.5268888129757819 0.5270857542498014 0.527282695523821 0.5274796367978408 0.5276765780718604 0.5278735193458799 0.5280704606198995 0.5282674018939191 0.5284643431679386 0.5286612844419581 0.5288582257159776 0.5290551669899972 0.5292521082640168 0.5292328675959088 0.5289825235402024 0.528732179484496 0.5284818354287892 0.5282314913730829 0.5279811473173766 0.5277308032616702 0.5274804592059638 0.5272301151502574 0.5269797710945511 0.5267294270388447 0.5264790829831384 0.5262287389274319 0.5259783948717256 0.5257280508160193 0.5254777067603129 0.5252273627046061 0.5249770186488997 0.5247266745931933 0.524476330537487 0.5242259864817806 0.5239756424260743 0.5237252983703679 0.5234749543146615 0.5232246102589552 0.5229742662032488 0.5227239221475425 0.522473578091836
0.5278296288525883 0.5280344876731276 0.5282393464936668 0.528444205314206 0.5286490641347452 0.5288539229552844 0.529058781775824 0.5292636405963632 0.5294684994169024 0.5296733582374417 0.5298782170579809 0.5300830758785201 0.5302879346990593 0.5304927935195985 0.5306976523401378 0.530902511160677 0.5308900515469767 0.5306452736098951 0.5304004956728136 0.5301557177357316 0.52991093979865 0.5296661618615683 0.5294213839244868 0.5291766059874052 0.5289318280503237 0.5286870501132421 0.5284422721761606 0.528197494239079 0.5279527163019975 0.5277079383649158 0.5274631604278343 0.5272183824907527 0.5269736045536707 0.5267288266165892 0.5264840486795076 0.526239270742426 0.5259944928053445 0.5257497148682629 0.5255049369311814 0.5252601589940997 0.5250153810570182 0.5247706031199366 0.5245258251828551 0.5242810472457735
0.5293612685514534 0.5295740449185123 0.5297868212855712 0.5299995976526302 0.530212374019689 0.530425150386748 0.5306379267538073 0.5308507031208661 0.5310634794879251 0.531276255854984 0.5314890322220429 0.5317018085891018 0.5319145849561607 0.5321273613232196 0.5323401376902784 0.5325529140573374 0.5325472354980446 0.5323080236795878 0.5320688118611311 0.5318296000426739 0.5315903882242171 0.5313511764057604 0.5311119645873036 0.5308727527688468 0.5306335409503901 0.5303943291319333 0.5301551173134765 0.5299159054950198 0.529676693676563 0.5294374818581062 0.5291982700396495 0.5289590582211927 0.5287198464027355 0.5284806345842787 0.528241422765822 0.5280022109473652 0.5277629991289084 0.5275237873104517 0.5272845754919949 0.5270453636735382 0.5268061518550814 0.5265669400366246 0.5263277282181679 0.5260885163997111
0.5308929082503184 0.531113602163897 0.5313342960774756 0.5315549899910542 0.5317756839046328 0.5319963778182114 0.5322170717317903 0.5324377656453689 0.5326584595589475 0.5328791534725261 0.5330998473861047 0.5333205412996833 0.5335412352132619 0.5337619291268405 0.5339826230404191 0.5342033169539977 0.5342044194491125 0.5339707737492805 0.5337371280494485 0.5335034823496162 0.5332698366497842 0.5330361909499522 0.5328025452501203 0.5325688995502883 0.5323352538504563 0.5321016081506244 0.5318679624507924 0.5316343167509604 0.5314006710511284 0.5311670253512965 0.5309333796514645 0.5306997339516325 0.5304660882518002 0.5302324425519682 0.5299987968521362 0.5297651511523043 0.5295315054524723 0.5292978597526403 0.5290642140528083 0.5288305683529764 0.5285969226531444 0.5283632769533124 0.5281296312534804 0.5278959855536485
0.5324245479491848 0.5326531594092832 0.5328817708693814 0.5331103823294797 0.5333389937895779 0.5335676052496763 0.533796216709775 0.5340248281698732 0.5342534396299714 0.5344820510900697 0.534710662550168 0.5349392740102663 0.5351678854703645 0.5353964969304629 0.5356251083905611 0.5358537198506593 0.5358616034001817 0.5356335238189746 0.5354054442377675 0.5351773646565599 0.5349492850753527 0.5347212054941456 0.5344931259129384 0.5342650463317312 0.534036966750524 0.533808887169317 0.5335808075881098 0.5333527280069026 0.5331246484256954 0.5328965688444882 0.5326684892632811 0.532440409682074 0.5322123301008664 0.5319842505196593 0.5317561709384521 0.5315280913572449 0.5313000117760377 0.5310719321948306 0.5308438526136234 0.5306157730324162 0.5303876934512091 0.5301596138700019 0.5299315342887948 0.5297034547075876
0.53395618764805 0.5341927166546679 0.5344292456612859 0.5346657746679039 0.5349023036745219 0.5351388326811398 0.5353753616877581 0.5356118906943761 0.5358484197009941 0.536084948707612 0.53632147771423 0.536558006720848 0.5367945357274659 0.5370310647340838 0.5372675937407018 0.5375041227473197 0.5375187873512497 0.5372962738886673 0.537073760426085 0.5368512469635023 0.5366287335009199 0.5364062200383375 0.5361837065757551 0.5359611931131728 0.5357386796505904 0.535516166188008 0.5352936527254256 0.5350711392628433 0.5348486258002609 0.5346261123376785 0.5344035988750963 0.5341810854125139 0.5339585719499311 0.5337360584873487 0.5335135450247663 0.5332910315621839 0.5330685180996017 0.5328460046370193 0.5326234911744369 0.5324009777118546 0.5321784642492722 0.5319559507866898 0.5317334373241074 0.5315109238615251
0.5354878273469151 0.5357322739000527 0.5359767204531903 0.5362211670063279 0.5364656135594656 0.5367100601126032 0.5369545066657413 0.5371989532188789 0.5374433997720166 0.5376878463251542 0.5379322928782918 0.5381767394314295 0.5384211859845671 0.5386656325377047 0.5389100790908424 0.53915452564398 0.5391759713023175 0.53895902395836 0.5387420766144024 0.5385251292704445 0.538308181926487 0.5380912345825294 0.5378742872385718 0.5376573398946143 0.5374403925506567 0.5372234452066992 0.5370064978627416 0.536789550518784 0.5365726031748265 0.5363556558308689 0.5361387084869113 0.5359217611429538 0.5357048137989958 0.5354878664550382 0.5352709191110807 0.5350539717671231 0.5348370244231655 0.534620077079208 0.5344031297352504 0.5341861823912929 0.5339692350473353 0.5337522877033777 0.5335353403594202 0.5333183930154626
