Figures/CREST_Example_wjb_NSE/PETs/wjb.pet.20101106.asc
ncols            288
nrows            254
xllcorner        113.274861
yllcorner        31.4918055
cellsize         0.008333333333
NODATA_value     -9999
[rows 80 to 99 of 254, columns 44 to 87 of 288]
1.405177976298049 1.4038961382243744 1.4026143001507 1.4013324620770256 1.4000506240033512 1.3987687859296767 1.3974869478560024 1.3962051097823278 1.3949232717086513 1.393641433634977 1.3923595955613024 1.391077757487628 1.3897959194139535 1.3885140813402792 1.3872322432666047 1.3859504051929303 1.3846685671192558 1.3833867290455815 1.382104890971907 1.3808230528982326 1.3795412148245583 1.3782593767508815 1.3769775386772072 1.3756957006035326 1.3744138625298583 1.3731320244561838 1.3718501863825094 1.3705683483088351 1.3699453497753609 1.3700266656041258 1.3701079814328907 1.3701892972616556 1.3702706130904208 1.3703519289191857 1.3704332447479508 1.3705145605767157 1.3705958764054806 1.3706771922342456 1.3707585080630105 1.3708398238917754 1.3709211397205403 1.3710024555493052 1.3710837713780704 1.3711650872068353
1.4060147929028628 1.4047434763400526 1.4034721597772426 1.4022008432144324 1.4009295266516222 1.3996582100888122 1.398386893526002 1.397115576963192 1.3958442604003796 1.3945729438375696 1.3933016272747594 1.3920303107119494 1.3907589941491392 1.389487677586329 1.388216361023519 1.3869450444607088 1.3856737278978988 1.3844024113350886 1.3831310947722784 1.3818597782094684 1.3805884616466582 1.379317145083846 1.3780458285210357 1.3767745119582258 1.3755031953954155 1.3742318788326053 1.3729605622697953 1.3716892457069851 1.3710343511350211 1.3710384256061432 1.371042500077265 1.3710465745483869 1.3710506490195087 1.3710547234906307 1.3710587979617526 1.3710628724328744 1.3710669469039962 1.3710710213751183 1.37107509584624 1.371079170317362 1.371083244788484 1.3710873192596058 1.3710913937307276 1.3710954682018495
1.4068516095076766 1.4055908144557308 1.404330019403785 1.4030692243518392 1.4018084292998934 1.4005476342479477 1.3992868391960018 1.398026044144056 1.396765249092108 1.3955044540401622 1.3942436589882163 1.3929828639362705 1.3917220688843248 1.390461273832379 1.389200478780433 1.3879396837284874 1.3866788886765415 1.3854180936245957 1.3841572985726498 1.3828965035207041 1.3816357084687583 1.3803749134168102 1.3791141183648645 1.3778533233129187 1.3765925282609728 1.3753317332090271 1.3740709381570813 1.3728101431051354 1.3721233524946816 1.3720501856081604 1.3719770187216391 1.371903851835118 1.3718306849485968 1.3717575180620758 1.3716843511755545 1.3716111842890333 1.371538017402512 1.371464850515991 1.3713916836294697 1.3713185167429487 1.3712453498564274 1.3711721829699064 1.3710990160833851 1.3710258491968639
1.4076884261124905 1.4064381525714091 1.4051878790303276 1.403937605489246 1.4026873319481645 1.401437058407083 1.4001867848660015 1.39893651132492 1.3976862377838364 1.3964359642427548 1.3951856907016733 1.3939354171605918 1.3926851436195102 1.391434870078429 1.3901845965373474 1.3889343229962658 1.3876840494551843 1.3864337759141028 1.3851835023730212 1.3839332288319397 1.3826829552908584 1.3814326817497746 1.380182408208693 1.3789321346676116 1.37768186112653 1.3764315875854487 1.3751813140443672 1.3739310405032856 1.373212353854342 1.3730619456101776 1.3729115373660135 1.3727611291218493 1.372610720877685 1.3724603126335209 1.3723099043893563 1.3721594961451922 1.3720090879010278 1.3718586796568637 1.3717082714126994 1.3715578631685352 1.3714074549243709 1.3712570466802068 1.3711066384360424 1.3709562301918783
1.4085252427173045 1.4072854906870873 1.40604573865687 1.404805986626653 1.4035662345964357 1.4023264825662185 1.4010867305360013 1.399846978505784 1.3986072264755647 1.3973674744453475 1.3961277224151303 1.394887970384913 1.3936482183546959 1.3924084663244787 1.3911687142942615 1.3899289622640443 1.388689210233827 1.3874494582036099 1.3862097061733927 1.3849699541431755 1.3837302021129583 1.382490450082739 1.3812506980525219 1.3800109460223047 1.3787711939920875 1.3775314419618703 1.376291689931653 1.3750519379014359 1.3743013552140022 1.374073705612195 1.3738460560103876 1.3736184064085804 1.3733907568067731 1.373163107204966 1.372935457603158 1.3727078080013508 1.3724801583995436 1.3722525087977362 1.372024859195929 1.3717972095941218 1.3715695599923146 1.3713419103905071 1.3711142607887 1.3708866111868927
1.409362059322119 1.4081328288027661 1.4069035982834133 1.4056743677640604 1.4044451372447075 1.4032159067253547 1.4019866762060018 1.4007574456866487 1.3995282151672939 1.398298984647941 1.3970697541285881 1.3958405236092353 1.3946112930898822 1.3933820625705293 1.3921528320511765 1.3909236015318236 1.3896943710124707 1.3884651404931179 1.387235909973765 1.3860066794544121 1.3847774489350593 1.3835482184157042 1.3823189878963513 1.3810897573769985 1.3798605268576456 1.3786312963382927 1.3774020658189399 1.376172835299587 1.3753903565736634 1.375085465614213 1.3747805746547626 1.3744756836953123 1.3741707927358617 1.3738659017764114 1.3735610108169605 1.3732561198575102 1.3729512288980597 1.3726463379386094 1.3723414469791588 1.3720365560197085 1.371731665060258 1.3714267741008077 1.3711218831413572 1.370816992181907
1.4101988759269328 1.4089801669184443 1.4077614579099558 1.4065427489014672 1.4053240398929785 1.40410533088449 1.4028866218760014 1.401667912867513 1.4004492038590222 1.3992304948505336 1.398011785842045 1.3967930768335564 1.3955743678250678 1.3943556588165793 1.3931369498080908 1.3919182407996022 1.3906995317911135 1.389480822782625 1.3882621137741364 1.387043404765648 1.3858246957571592 1.3846059867486686 1.38338727774018 1.3821685687316914 1.3809498597232028 1.3797311507147143 1.3785124417062258 1.377293732697737 1.3764793579333239 1.3760972256162303 1.3757150932991369 1.3753329609820435 1.3749508286649499 1.3745686963478565 1.3741865640307624 1.373804431713669 1.3734222993965755 1.373040167079482 1.3726580347623887 1.372275902445295 1.3718937701282017 1.3715116378111083 1.3711295054940147 1.3707473731769213
1.4110356925317469 1.4098275050341225 1.4086193175364983 1.407411130038874 1.4062029425412497 1.4049947550436255 1.403786567546001 1.4025783800483769 1.4013701925507505 1.4001620050531263 1.398953817555502 1.3977456300578777 1.3965374425602535 1.3953292550626293 1.3941210675650049 1.3929128800673807 1.3917046925697563 1.390496505072132 1.3892883175745079 1.3880801300768835 1.3868719425792593 1.3856637550816329 1.3844555675840087 1.3832473800863845 1.38203919258876 1.3808310050911359 1.3796228175935115 1.3784146300958873 1.3775683592929842 1.3771089856182477 1.376649611943511 1.3761902382687745 1.375730864594038 1.3752714909193016 1.3748121172445642 1.3743527435698277 1.3738933698950913 1.3734339962203548 1.3729746225456183 1.3725152488708816 1.3720558751961451 1.3715965015214087 1.3711371278466722 1.3706777541719357
1.4112530992719587 1.4100607814626511 1.4088684636533437 1.407676145844036 1.4064838280347285 1.405291510225421 1.4040991924161135 1.4029068746068059 1.4017145567974962 1.4005222389881886 1.3993299211788812 1.3981376033695736 1.396945285560266 1.3957529677509584 1.394560649941651 1.3933683321323433 1.3921760143230357 1.3909836965137283 1.3897913787044207 1.388599060895113 1.3874067430858055 1.3862144252764959 1.3850221074671885 1.3838297896578808 1.3826374718485732 1.3814451540392656 1.3802528362299582 1.3790605184206506 1.3782063684526973 1.3777137275517934 1.3772210866508896 1.3767284457499858 1.376235804849082 1.375743163948178 1.3752505230472736 1.3747578821463697 1.374265241245466 1.373772600344562 1.3732799594436582 1.3727873185427544 1.3722946776418505 1.3718020367409467 1.3713093958400429 1.3708167549391392
1.4108083959196132 1.4096376646631257 1.4084669334066382 1.4072962021501507 1.4061254708936635 1.404954739637176 1.4037840083806885 1.402613277124201 1.4014425458677118 1.4002718146112243 1.3991010833547368 1.3979303520982493 1.396759620841762 1.3955888895852746 1.3944181583287871 1.3932474270722996 1.3920766958158124 1.390905964559325 1.3897352333028374 1.3885645020463502 1.3873937707898627 1.3862230395333732 1.3850523082768857 1.3838815770203985 1.382710845763911 1.3815401145074235 1.380369383250936 1.3791986519944488 1.3783622953849306 1.3778833928319156 1.3774044902789004 1.3769255877258852 1.3764466851728703 1.375967782619855 1.3754888800668392 1.375009977513824 1.374531074960809 1.3740521724077939 1.3735732698547787 1.3730943673017637 1.3726154647487485 1.3721365621957335 1.3716576596427184 1.3711787570897032
1.4103636925672673 1.4092145478636 1.408065403159933 1.4069162584562656 1.4057671137525982 1.4046179690489309 1.4034688243452638 1.4023196796415964 1.4011705349379273 1.40002139023426 1.3988722455305926 1.3977231008269253 1.3965739561232582 1.3954248114195908 1.3942756667159235 1.3931265220122564 1.391977377308589 1.3908282326049217 1.3896790879012544 1.3885299431975873 1.38738079849392 1.3862316537902506 1.3850825090865835 1.3839333643829161 1.3827842196792488 1.3816350749755817 1.3804859302719144 1.379336785568247 1.3785182223171644 1.3780530581120378 1.3775878939069115 1.3771227297017852 1.3766575654966586 1.3761924012915323 1.375727237086405 1.3752620728812788 1.3747969086761522 1.374331744471026 1.3738665802658994 1.373401416060773 1.3729362518556467 1.3724710876505202 1.3720059234453938 1.3715407592402675
1.4099189892149213 1.4087914310640743 1.4076638729132271 1.4065363147623802 1.405408756611533 1.4042811984606858 1.4031536403098388 1.4020260821589916 1.4008985240081426 1.3997709658572954 1.3986434077064482 1.3975158495556013 1.396388291404754 1.3952607332539069 1.39413317510306 1.3930056169522127 1.3918780588013657 1.3907505006505185 1.3896229424996713 1.3884953843488244 1.3873678261979772 1.3862402680471282 1.385112709896281 1.3839851517454338 1.3828575935945868 1.3817300354437396 1.3806024772928924 1.3794749191420455 1.378674149249398 1.3782227233921602 1.3777712975349226 1.3773198716776849 1.3768684458204472 1.3764170199632095 1.375965594105971 1.3755141682487333 1.3750627423914956 1.374611316534258 1.3741598906770203 1.3737084648197824 1.3732570389625447 1.372805613105307 1.3723541872480693 1.3719027613908317
1.4094742858625753 1.4083683142645484 1.4072623426665214 1.4061563710684943 1.4050503994704675 1.4039444278724404 1.4028384562744136 1.4017324846763866 1.4006265130783577 1.399520541480331 1.3984145698823038 1.397308598284277 1.39620262668625 1.395096655088223 1.393990683490196 1.392884711892169 1.3917787402941422 1.3906727686961151 1.3895667970980883 1.3884608255000612 1.3873548539020344 1.3862488823040056 1.3851429107059785 1.3840369391079517 1.3829309675099246 1.3818249959118976 1.3807190243138707 1.3796130527158437 1.3788300761816317 1.3783923886722826 1.3779547011629336 1.3775170136535846 1.3770793261442356 1.3766416386348868 1.3762039511255368 1.375766263616188 1.375328576106839 1.37489088859749 1.374453201088141 1.3740155135787921 1.3735778260694431 1.373140138560094 1.372702451050745 1.372264763541396
1.4090295825102295 1.4079451974650228 1.4068608124198159 1.4057764273746092 1.4046920423294023 1.4036076572841956 1.4025232722389886 1.401438887193782 1.4003545021485733 1.3992701171033664 1.3981857320581597 1.3971013470129527 1.396016961967746 1.3949325769225391 1.3938481918773322 1.3927638068321255 1.3916794217869186 1.390595036741712 1.389510651696505 1.3884262666512983 1.3873418816060914 1.3862574965608827 1.385173111515676 1.384088726470469 1.3830043414252624 1.3819199563800555 1.3808355713348488 1.3797511862896419 1.378986003113865 1.3785620539524048 1.3781381047909445 1.3777141556294843 1.377290206468024 1.3768662573065638 1.3764423081451027 1.3760183589836423 1.3755944098221822 1.3751704606607218 1.3747465114992616 1.3743225623378013 1.373898613176341 1.3734746640148807 1.3730507148534206 1.3726267656919602
1.4085848791578839 1.407522080665497 1.4064592821731106 1.4053964836807238 1.4043336851883372 1.4032708866959505 1.402208088203564 1.4011452897111771 1.4000824912187888 1.399019692726402 1.3979568942340155 1.3968940957416287 1.395831297249242 1.3947684987568554 1.3937057002644686 1.392642901772082 1.3915801032796953 1.3905173047873087 1.389454506294922 1.3883917078025354 1.3873289093101486 1.3862661108177603 1.3852033123253735 1.384140513832987 1.3830777153406002 1.3820149168482136 1.3809521183558269 1.3798893198634403 1.3791419300460988 1.378731719232527 1.3783215084189555 1.377911297605384 1.3775010867918123 1.3770908759782408 1.3766806651646686 1.376270454351097 1.3758602435375253 1.3754500327239538 1.3750398219103823 1.3746296110968108 1.374219400283239 1.3738091894696676 1.373398978656096 1.3729887678425243
1.408140175805538 1.4070989638659717 1.406057751926405 1.4050165399868386 1.403975328047272 1.4029341161077056 1.401892904168139 1.4008516922285725 1.3998104802890041 1.3987692683494377 1.397728056409871 1.3966868444703044 1.395645632530738 1.3946044205911714 1.393563208651605 1.3925219967120384 1.391480784772472 1.3904395728329053 1.389398360893339 1.3883571489537723 1.3873159370142059 1.3862747250746374 1.385233513135071 1.3841923011955044 1.383151089255938 1.3821098773163714 1.381068665376805 1.3800274534372383 1.379297856978332 1.3789013845126492 1.3785049120469663 1.3781084395812835 1.3777119671156006 1.3773154946499178 1.3769190221842342 1.3765225497185514 1.3761260772528685 1.3757296047871856 1.3753331323215028 1.37493665985582 1.374540187390137 1.3741437149244542 1.3737472424587713 1.3733507699930885
1.4076954724531925 1.406675847066446 1.4056562216796997 1.4046365962929532 1.403616970906207 1.4025973455194605 1.4015777201327142 1.4005580947459677 1.3995384693592197 1.3985188439724732 1.397499218585727 1.3964795931989804 1.3954599678122341 1.3944403424254876 1.3934207170387414 1.3924010916519949 1.3913814662652486 1.3903618408785023 1.3893422154917558 1.3883225901050096 1.387302964718263 1.386283339331515 1.3852637139447685 1.3842440885580223 1.3832244631712758 1.3822048377845295 1.381185212397783 1.3801655870110368 1.3794537839105656 1.3790710497927716 1.3786883156749774 1.3783055815571832 1.3779228474393892 1.377540113321595 1.3771573792038 1.3767746450860059 1.376391910968212 1.3760091768504177 1.3756264427326235 1.3752437086148293 1.3748609744970353 1.374478240379241 1.3740955062614468 1.3737127721436528
1.4072507691008467 1.4062527302669203 1.4052546914329942 1.4042566525990678 1.4032586137651417 1.4022605749312154 1.4012625360972892 1.4002644972633629 1.399266458429435 1.3982684195955088 1.3972703807615825 1.3962723419276564 1.39527430309373 1.3942762642598039 1.3932782254258775 1.3922801865919514 1.391282147758025 1.390284108924099 1.3892860700901726 1.3882880312562464 1.3872899924223203 1.3862919535883922 1.385293914754466 1.3842958759205397 1.3832978370866136 1.3822997982526872 1.381301759418761 1.3803037205848347 1.3796097108427992 1.3792407150728936 1.3788717193029882 1.378502723533083 1.3781337277631773 1.377764731993272 1.3773957362233658 1.3770267404534604 1.376657744683555 1.3762887489136495 1.3759197531437442 1.3755507573738386 1.3751817616039332 1.3748127658340277 1.3744437700641223 1.3740747742942168
1.4068060657485006 1.4058296134673944 1.4048531611862884 1.4038767089051825 1.4029002566240762 1.4019238043429703 1.400947352061864 1.399970899780758 1.3989944474996503 1.3980179952185443 1.3970415429374383 1.396065090656332 1.3950886383752261 1.39411218609412 1.393135733813014 1.392159281531908 1.3911828292508017 1.3902063769696957 1.3892299246885897 1.3882534724074835 1.3872770201263775 1.3863005678452698 1.3853241155641638 1.3843476632830576 1.3833712110019516 1.3823947587208456 1.3814183064397394 1.3804418541586334 1.379765637775033 1.3794103803530162 1.3790551229309995 1.3786998655089828 1.3783446080869661 1.3779893506649494 1.377634093242932 1.3772788358209154 1.3769235783988985 1.3765683209768818 1.376213063554865 1.3758578061328484 1.3755025487108317 1.375147291288815 1.374792033866798 1.3744367764447813
1.4063613623961548 1.405406496667869 1.404451630939583 1.403496765211297 1.402541899483011 1.4015870337547252 1.4006321680264393 1.3996773022981532 1.3987224365698658 1.3977675708415798 1.396812705113294 1.395857839385008 1.394902973656722 1.3939481079284362 1.3929932422001503 1.3920383764718642 1.3910835107435784 1.3901286450152925 1.3891737792870065 1.3882189135587206 1.3872640478304346 1.3863091821021472 1.385354316373861 1.3843994506455752 1.3834445849172894 1.3824897191890033 1.3815348534607175 1.3805799877324316 1.3799215647072665 1.3795800456331384 1.3792385265590104 1.3788970074848823 1.3785554884107543 1.3782139693366262 1.3778724502624977 1.3775309311883697 1.3771894121142416 1.3768478930401136 1.3765063739659855 1.3761648548918577 1.3758233358177296 1.3754818167436016 1.3751402976694735 1.3747987785953455
