Figures/CREST_Example_wjb_NSE/PETs/wjb.pet.20091218.asc
ncols            288
nrows            254
xllcorner        113.274861
yllcorner        31.4918055
cellsize         0.008333333333
NODATA_value     -9999
[rows 171 to 189 of 254, columns 44 to 87 of 288]
0.5134353010666102 0.5149972330513897 0.5165591650361692 0.5181210970209486 0.519683029005728 0.5212449609905075 0.522806892975287 0.5243688249600665 0.5259307569448487 0.5274926889296281 0.5290546209144076 0.5306165528991871 0.5321784848839666 0.5337404168687461 0.5353023488535256 0.5368642808383051 0.5384262128230844 0.539988144807864 0.5415500767926434 0.5431120087774229 0.5446739407622024 0.5462358727469846 0.547797804731764 0.5493597367165435 0.550921668701323 0.5524836006861025 0.554045532670882 0.5556074646556615 0.5564806117467106 0.5566174322156506 0.5567542526845907 0.5568910731535307 0.5570278936224707 0.5571647140914108 0.5573015345603511 0.5574383550292912 0.5575751754982312 0.5577119959671712 0.5578488164361113 0.5579856369050513 0.5581224573739914 0.5582592778429315 0.5583960983118715 0.5585329187808116
0.512392353665738 0.5139931567388218 0.5155939598119057 0.5171947628849896 0.5187955659580734 0.5203963690311573 0.5219971721042411 0.523597975177325 0.5251987782504115 0.5267995813234954 0.5284003843965792 0.5300011874696631 0.5316019905427469 0.5332027936158308 0.5348035966889146 0.5364043997619985 0.5380052028350824 0.5396060059081662 0.5412068089812501 0.5428076120543339 0.5444084151274178 0.5460092182005044 0.5476100212735883 0.5492108243466721 0.550811627419756 0.5524124304928398 0.5540132335659237 0.5556140366390075 0.5565138687397907 0.556664347024994 0.5568148253101973 0.5569653035954006 0.557115781880604 0.5572662601658073 0.5574167384510108 0.5575672167362141 0.5577176950214174 0.5578681733066208 0.5580186515918241 0.5581691298770274 0.5583196081622307 0.5584700864474339 0.5586205647326372 0.5587710430178405
0.5113494062648658 0.512989080426254 0.5146287545876422 0.5162684287490305 0.5179081029104187 0.5195477770718069 0.5211874512331952 0.5228271253945834 0.5244667995559744 0.5261064737173626 0.5277461478787508 0.5293858220401391 0.5310254962015274 0.5326651703629156 0.5343048445243038 0.535944518685692 0.5375841928470803 0.5392238670084685 0.5408635411698567 0.542503215331245 0.5441428894926332 0.5457825636540242 0.5474222378154124 0.5490619119768007 0.5507015861381889 0.5523412602995772 0.5539809344609654 0.5556206086223536 0.5565471257328709 0.5567112618343375 0.556875397935804 0.5570395340372706 0.5572036701387372 0.5573678062402037 0.5575319423416706 0.5576960784431371 0.5578602145446037 0.5580243506460703 0.5581884867475367 0.5583526228490033 0.5585167589504699 0.5586808950519364 0.558845031153403 0.5590091672548696
0.5103064588639935 0.5119850041136861 0.5136635493633787 0.5153420946130713 0.5170206398627639 0.5186991851124565 0.5203777303621492 0.5220562756118418 0.5237348208615372 0.5254133661112298 0.5270919113609225 0.5287704566106151 0.5304490018603076 0.5321275471100003 0.5338060923596929 0.5354846376093855 0.5371631828590782 0.5388417281087707 0.5405202733584633 0.542198818608156 0.5438773638578486 0.545555909107544 0.5472344543572366 0.5489129996069293 0.5505915448566219 0.5522700901063144 0.5539486353560071 0.5556271806056997 0.5565803827259511 0.5567581766436809 0.5569359705614108 0.5571137644791405 0.5572915583968703 0.5574693523146002 0.5576471462323302 0.55782494015006 0.5580027340677899 0.5581805279855196 0.5583583219032495 0.5585361158209793 0.558713909738709 0.5588917036564389 0.5590694975741687 0.5592472914918986
0.5092635114631213 0.5109809278011183 0.5126983441391153 0.5144157604771122 0.5161331768151092 0.5178505931531062 0.5195680094911032 0.5212854258291002 0.5230028421671001 0.5247202585050971 0.5264376748430941 0.528155091181091 0.5298725075190881 0.531589923857085 0.5333073401950821 0.535024756533079 0.536742172871076 0.538459589209073 0.5401770055470699 0.541894421885067 0.5436118382230639 0.5453292545610638 0.5470466708990609 0.5487640872370578 0.5504815035750549 0.5521989199130518 0.5539163362510489 0.5556337525890458 0.5566136397190313 0.5568050914530244 0.5569965431870174 0.5571879949210105 0.5573794466550035 0.5575708983889965 0.55776235012299 0.5579538018569831 0.5581452535909761 0.5583367053249692 0.5585281570589622 0.5587196087929552 0.5589110605269483 0.5591025122609414 0.5592939639949345 0.5594854157289275
0.5082205640622481 0.5099768514885495 0.511733138914851 0.5134894263411524 0.5152457137674538 0.5170020011937552 0.5187582886200566 0.520514576046358 0.5222708634726624 0.5240271508989638 0.5257834383252652 0.5275397257515666 0.529296013177868 0.5310523006041694 0.5328085880304708 0.5345648754567722 0.5363211628830735 0.5380774503093749 0.5398337377356763 0.5415900251619777 0.5433463125882791 0.5451026000145835 0.546858887440885 0.5486151748671864 0.5503714622934878 0.5521277497197892 0.5538840371460906 0.555640324572392 0.5566468967121115 0.5568520062623679 0.5570571158126242 0.5572622253628805 0.5574673349131368 0.5576724444633931 0.5578775540136498 0.5580826635639061 0.5582877731141624 0.5584928826644188 0.5586979922146751 0.5589031017649314 0.5591082113151877 0.559313320865444 0.5595184304157004 0.5597235399659567
0.507177616661376 0.5089727751759817 0.5107679336905875 0.5125630922051932 0.5143582507197991 0.5161534092344049 0.5179485677490107 0.5197437262636164 0.5215388847782253 0.5233340432928311 0.5251292018074368 0.5269243603220426 0.5287195188366484 0.5305146773512541 0.5323098358658599 0.5341049943804657 0.5359001528950714 0.5376953114096772 0.5394904699242831 0.5412856284388888 0.5430807869534946 0.5448759454681034 0.5466711039827092 0.548466262497315 0.5502614210119208 0.5520565795265265 0.5538517380411323 0.5556468965557381 0.5566801537051917 0.5568989210717114 0.557117688438231 0.5573364558047504 0.55755522317127 0.5577739905377896 0.5579927579043096 0.5582115252708292 0.5584302926373488 0.5586490600038683 0.5588678273703879 0.5590865947369075 0.5593053621034271 0.5595241294699466 0.5597428968364662 0.5599616642029858
0.5061768316319223 0.5079906940966338 0.5098045565613453 0.5116184190260568 0.5134322814907682 0.5152461439554797 0.5170600064201912 0.5188738688849027 0.5206877313496173 0.5225015938143288 0.5243154562790403 0.5261293187437518 0.5279431812084633 0.5297570436731748 0.5315709061378863 0.5333847686025978 0.5351986310673092 0.5370124935320207 0.5388263559967322 0.5406402184614437 0.5424540809261552 0.5442679433908698 0.5460818058555813 0.5478956683202928 0.5497095307850043 0.5515233932497158 0.5533372557144273 0.5551511181791388 0.5562032225061763 0.5564409901636914 0.5566787578212066 0.5569165254787216 0.5571542931362368 0.5573920607937519 0.5576298284512675 0.5578675961087827 0.5581053637662978 0.558343131423813 0.5585808990813281 0.5588186667388433 0.5590564343963583 0.5592942020538735 0.5595319697113886 0.5597697373689038
0.5052211155199013 0.507032124535176 0.5088431335504506 0.5106541425657253 0.5124651515809999 0.5142761605962745 0.5160871696115491 0.5178981786268237 0.5197091876421015 0.5215201966573761 0.5233312056726508 0.5251422146879254 0.5269532237032001 0.5287642327184747 0.5305752417337494 0.532386250749024 0.5341972597642987 0.5360082687795733 0.5378192777948478 0.5396302868101225 0.5414412958253971 0.5432523048406749 0.5450633138559495 0.5468743228712242 0.5486853318864988 0.5504963409017735 0.5523073499170481 0.5541183589323228 0.5551809322884159 0.5554434110056642 0.5557058897229125 0.5559683684401607 0.556230847157409 0.5564933258746573 0.556755804591906 0.5570182833091543 0.5572807620264025 0.5575432407436508 0.557805719460899 0.5580681981781472 0.5583306768953955 0.5585931556126438 0.558855634329892 0.5591181130471403
0.5042653994078804 0.5060735549737182 0.507881710539556 0.5096898661053938 0.5114980216712316 0.5133061772370693 0.5151143328029071 0.5169224883687449 0.5187306439345858 0.5205387995004236 0.5223469550662614 0.5241551106320992 0.5259632661979369 0.5277714217637747 0.5295795773296125 0.5313877328954503 0.5331958884612881 0.5350040440271259 0.5368121995929637 0.5386203551588014 0.5404285107246392 0.5422366662904801 0.5440448218563179 0.5458529774221557 0.5476611329879935 0.5494692885538311 0.551277444119669 0.5530855996855067 0.5541586420706558 0.5544458318476372 0.5547330216246185 0.5550202114015999 0.5553074011785812 0.5555945909555626 0.5558817807325445 0.5561689705095259 0.5564561602865072 0.5567433500634886 0.55703053984047 0.5573177296174514 0.5576049193944328 0.5578921091714142 0.5581792989483955 0.5584664887253769
0.5033096832958595 0.5051149854122604 0.5069202875286614 0.5087255896450623 0.5105308917614632 0.5123361938778641 0.5141414959942651 0.515946798110666 0.51775210022707 0.5195574023434709 0.5213627044598719 0.5231680065762728 0.5249733086926738 0.5267786108090746 0.5285839129254756 0.5303892150418765 0.5321945171582775 0.5339998192746784 0.5358051213910793 0.5376104235074802 0.5394157256238812 0.5412210277402852 0.5430263298566862 0.544831631973087 0.546636934089488 0.5484422362058889 0.5502475383222899 0.5520528404386909 0.5531363518528956 0.5534482526896101 0.5537601535263246 0.5540720543630391 0.5543839551997536 0.554695856036468 0.555007756873183 0.5553196577098976 0.5556315585466121 0.5559434593833266 0.556255360220041 0.5565672610567555 0.55687916189347 0.5571910627301845 0.557502963566899 0.5578148644036135
0.5023539671838385 0.5041564158508026 0.5059588645177667 0.5077613131847308 0.5095637618516948 0.5113662105186589 0.513168659185623 0.5149711078525872 -9999.0 0.5185760051865184 0.5203784538534825 0.5221809025204465 0.5239833511874106 0.5257857998543747 0.5275882485213388 0.5293906971883028 0.5311931458552669 0.532995594522231 0.5347980431891951 0.5366004918561591 0.5384029405231232 0.5402053891900904 0.5420078378570544 0.5438102865240185 0.5456127351909826 0.5474151838579466 0.5492176325249107 0.5510200811918748 0.5521140616351354 0.552450673531583 0.5527872854280306 0.5531238973244782 0.5534605092209258 0.5537971211173733 0.5541337330138215 0.5544703449102691 0.5548069568067168 0.5551435687031644 0.555480180599612 0.5558167924960595 0.5561534043925072 0.5564900162889548 0.5568266281854024 0.55716324008185
-9999.0 -9999.0 -9999.0 -9999.0 0.5085966319419257 0.510396227159453 0.5121958223769801 0.5139954175945074 -9999.0 -9999.0 0.5193942032470922 0.5211937984646193 0.5229933936821466 0.5247929888996739 0.526592584117201 0.5283921793347283 0.5301917745522555 0.5319913697697827 0.5337909649873099 0.5355905602048372 0.5373901554223643 0.5391897506398946 0.5409893458574219 0.5427889410749491 0.5445885362924763 0.5463881315100035 0.5481877267275308 0.549987321945058 0.5510917714173743 0.551453094373555 0.5518144173297358 0.5521757402859165 0.5525370632420973 0.552898386198278 0.5532597091544593 0.5536210321106401 0.5539823550668208 0.5543436780230016 0.5547050009791823 0.555066323935363 0.5554276468915438 0.5557889698477245 0.5561502928039053 0.556511615760086
-9999.0 -9999.0 -9999.0 -9999.0 -9999.0 0.5094262438002477 -9999.0 -9999.0 -9999.0 -9999.0 -9999.0 -9999.0 0.5220034361768834 0.5238001779449737 0.5255969197130641 0.5273936614811545 0.5291904032492448 0.5309871450173352 0.5327838867854255 0.534580628553516 0.5363773703216063 0.5381741120896997 0.5399708538577901 0.5417675956258805 0.5435643373939708 0.5453610791620612 0.5471578209301515 0.5489545626982419 0.5500694811996141 0.5504555152155278 0.5508415492314417 0.5512275832473555 0.5516136172632694 0.5519996512791833 0.5523856852950978 0.5527717193110117 0.5531577533269255 0.5535437873428394 0.5539298213587532 0.5543158553746671 0.554701889390581 0.5550879234064948 0.5554739574224087 0.5558599914383225
-9999.0 -9999.0 -9999.0 -9999.0 -9999.0 -9999.0 -9999.0 -9999.0 -9999.0 -9999.0 -9999.0 -9999.0 -9999.0 0.5228073669902737 0.5246012553089272 0.5263951436275808 0.5281890319462342 0.5299829202648878 0.5317768085835413 0.5335706969021948 0.5353645852208483 0.5371584735395049 0.5389523618581584 0.5407462501768119 0.5425401384954655 0.5443340268141189 0.5461279151327725 0.5479218034514259 0.5490471909818538 0.5494579360575008 0.5498686811331478 0.5502794262087948 0.5506901712844418 0.5511009163600887 0.5515116614357364 0.5519224065113834 0.5523331515870303 0.5527438966626773 0.5531546417383243 0.5535653868139712 0.5539761318896181 0.5543868769652651 0.5547976220409121 0.5552083671165591
-9999.0 -9999.0 -9999.0 -9999.0 -9999.0 -9999.0 -9999.0 -9999.0 -9999.0 -9999.0 -9999.0 -9999.0 -9999.0 -9999.0 -9999.0 -9999.0 -9999.0 -9999.0 -9999.0 0.5325607652508737 0.5343518001200903 0.53614283498931 0.5379338698585268 0.5397249047277434 0.54151593959696 0.5433069744661767 0.5450980093353933 0.54688904420461 0.5480249007640936 0.5484603568994737 0.5488958130348538 0.5493312691702339 0.549766725305614 0.5502021814409941 0.5506376375763748 0.551073093711755 0.551508549847135 0.5519440059825151 0.5523794621178952 0.5528149182532753 0.5532503743886554 0.5536858305240355 0.5541212866594156 0.5545567427947957
-9999.0 -9999.0 -9999.0 -9999.0 -9999.0 -9999.0 -9999.0 -9999.0 -9999.0 -9999.0 -9999.0 -9999.0 -9999.0 -9999.0 -9999.0 -9999.0 -9999.0 -9999.0 -9999.0 0.5315508335995526 0.5333390150193323 0.5351271964391152 0.536915377858895 0.5387035592786749 0.5404917406984546 0.5422799221182344 0.5440681035380143 0.545856284957794 0.5470026105463335 0.5474627777414467 0.5479229449365599 0.548383112131673 0.5488432793267862 0.5493034465218994 0.5497636137170134 0.5502237809121266 0.5506839481072399 0.5511441153023531 0.5516042824974663 0.5520644496925794 0.5525246168876926 0.5529847840828058 0.553444951277919 0.5539051184730323
-9999.0 -9999.0 -9999.0 -9999.0 -9999.0 -9999.0 -9999.0 -9999.0 -9999.0 -9999.0 -9999.0 -9999.0 -9999.0 -9999.0 -9999.0 -9999.0 -9999.0 0.5269702460075454 0.5287555739778884 0.5305409019482313 0.5323262299185743 0.5341115578889203 0.5358968858592632 0.5376822138296062 0.5394675417999492 0.5412528697702921 0.543038197740635 0.544823525710978 0.5459803203285731 0.5464651985834195 0.5469500768382658 0.5474349550931121 0.5479198333479585 0.5484047116028048 0.5488895898576519 0.5493744681124982 0.5498593463673446 0.5503442246221909 0.5508291028770371 0.5513139811318835 0.5517988593867298 0.5522837376415761 0.5527686158964225 0.5532534941512688
-9999.0 -9999.0 -9999.0 -9999.0 -9999.0 -9999.0 -9999.0 -9999.0 -9999.0 -9999.0 -9999.0 -9999.0 -9999.0 -9999.0 -9999.0 -9999.0 0.5241835467341911 0.5259660212550972 0.5277484957760032 0.5295309702969093 0.5313134448178154 0.5330959193387246 0.5348783938596307 0.5366608683805367 0.5384433429014428 0.540225817422349 0.5420082919432551 0.5437907664641611 0.5449580301108121 0.5454676194253916 0.545977208739971 0.5464867980545505 0.5469963873691299 0.5475059766837094 0.5480155659982897 0.5485251553128692 0.5490347446274486 0.5495443339420281 0.5500539232566075 0.550563512571187 0.5510731018857664 0.5515826912003459 0.5520922805149253 0.5526018698295048
