Figures/CREST_Example_wjb_NSE/PETs/wjb.pet.20101002.asc
ncols            288
nrows            254
xllcorner        113.274861
yllcorner        31.4918055
cellsize         0.008333333333
NODATA_value     -9999
[rows 140 to 159 of 254, columns 44 to 87 of 288]
2.215055669318929 2.215444806134447 2.2158339429499643 2.216223079765482 2.2166122165809994 2.217001353396517 2.2173904902120345 2.217779627027552 2.21816876384307 2.218557900658588 2.218947037474105 2.219336174289623 2.2197253111051403 2.220114447920658 2.2205035847361754 2.220892721551693 2.2212818583672105 2.2216709951827283 2.2220601319982456 2.2224492688137634 2.2228384056292807 2.223227542444799 2.2236166792603163 2.224005816075834 2.2243949528913514 2.224784089706869 2.2251732265223865 2.2255623633379042 2.2247609314369123 2.222686754663906 2.2206125778909 2.218538401117894 2.2164642243448878 2.214390047571882 2.2123158707988724 2.210241694025866 2.20816751725286 2.2060933404798537 2.204019163706848 2.201944986933842 2.1998708101608355 2.1977966333878296 2.1957224566148232 2.1936482798418173
2.217878098590515 2.218267180692425 2.218656262794335 2.219045344896245 2.2194344269981547 2.219823509100065 2.220212591201975 2.220601673303885 2.2209907554057953 2.221379837507705 2.221768919609615 2.222158001711525 2.2225470838134354 2.2229361659153453 2.223325248017255 2.223714330119165 2.224103412221075 2.224492494322985 2.224881576424895 2.2252706585268047 2.2256597406287146 2.2260488227306254 2.2264379048325353 2.2268269869344453 2.227216069036355 2.227605151138265 2.227994233240175 2.228383315342085 2.227603001613003 2.2255725773051602 2.223542152997317 2.2215117286894746 2.219481304381632 2.217450880073789 2.2154204557659427 2.2133900314581 2.211359607150257 2.2093291828424144 2.207298758534572 2.2052683342267287 2.203237909918886 2.2012074856110435 2.1991770613032005 2.197146636995358
2.2207005278621006 2.221089555250403 2.2214785826387056 2.2218676100270076 2.22225663741531 2.2226456648036126 2.2230346921919146 2.223423719580217 2.22381274696852 2.2242017743568225 2.224590801745125 2.2249798291334275 2.2253688565217296 2.225757883910032 2.2261469112983345 2.2265359386866366 2.226924966074939 2.2273139934632415 2.227703020851544 2.228092048239846 2.2284810756281486 2.2288701030164515 2.229259130404754 2.2296481577930565 2.2300371851813585 2.230426212569661 2.2308152399579635 2.2312042673462655 2.2304450717890933 2.228458399946414 2.2264717281037343 2.224485056261055 2.2224983844183757 2.2205117125756964 2.2185250407330135 2.2165383688903337 2.2145516970476544 2.212565025204975 2.2105783533622954 2.208591681519616 2.2066050096769367 2.2046183378342574 2.2026316659915777 2.2006449941488984
2.2235229571336865 2.2239119298083816 2.224300902483076 2.224689875157771 2.2250788478324655 2.2254678205071605 2.225856793181855 2.2262457658565498 2.2266347385312453 2.2270237112059403 2.227412683880635 2.2278016565553296 2.228190629230024 2.2285796019047193 2.228968574579414 2.2293575472541085 2.2297465199288036 2.230135492603498 2.230524465278193 2.230913437952888 2.2313024106275825 2.231691383302278 2.2320803559769726 2.2324693286516673 2.2328583013263623 2.233247274001057 2.2336362466757516 2.2340252193504466 2.233287141965184 2.231344222587668 2.229401303210152 2.2274583838326354 2.2255154644551194 2.2235725450776034 2.221629625700084 2.219686706322568 2.217743786945052 2.2158008675675354 2.2138579481900194 2.2119150288125033 2.2099721094349873 2.208029190057471 2.206086270679955 2.204143351302439
2.2263453864052747 2.226734304366362 2.227123222327449 2.2275121402885363 2.2279010582496235 2.2282899762107107 2.228678894171798 2.229067812132885 2.2294567300939727 2.22984564805506 2.230234566016147 2.2306234839772343 2.2310124019383215 2.2314013198994087 2.231790237860496 2.2321791558215827 2.23256807378267 2.232956991743757 2.2333459097048443 2.2337348276659315 2.2341237456270187 2.2345126635881063 2.2349015815491935 2.2352904995102807 2.235679417471368 2.236068335432455 2.2364572533935423 2.2368461713546295 2.2361292121412766 2.234230045228924 2.232330878316571 2.2304317114042185 2.2285325444918658 2.226633377579513 2.224734210667157 2.222835043754804 2.2209358768424514 2.2190367099300987 2.217137543017746 2.2152383761053933 2.2133392091930406 2.211440042280688 2.2095408753683348 2.207641708455982
2.22916781567686 2.22955667892434 2.2299455421718193 2.230334405419299 2.2307232686667784 2.231112131914258 2.231500995161738 2.2318898584092173 2.2322787216566975 2.2326675849041773 2.2330564481516566 2.2334453113991364 2.2338341746466157 2.2342230378940955 2.2346119011415753 2.2350007643890546 2.2353896276365344 2.2357784908840137 2.2361673541314935 2.236556217378973 2.2369450806264526 2.237333943873933 2.237722807121412 2.238111670368892 2.2385005336163717 2.238889396863851 2.239278260111331 2.23966712335881 2.238971282317367 2.2371158678701777 2.2352604534229883 2.233405038975799 2.2315496245286095 2.22969421008142 2.2278387956342276 2.225983381187038 2.224127966739849 2.2222725522926594 2.22041713784547 2.2185617233982806 2.216706308951091 2.2148508945039014 2.212995480056712 2.2111400656095226
2.231990244948446 2.232379053482318 2.23276786201619 2.2331566705500623 2.233545479083934 2.233934287617806 2.234323096151678 2.23471190468555 2.2351007132194227 2.2354895217532946 2.2358783302871665 2.2362671388210384 2.236655947354911 2.2370447558887827 2.2374335644226546 2.2378223729565265 2.2382111814903984 2.2385999900242703 2.2389887985581427 2.2393776070920146 2.2397664156258865 2.2401552241597593 2.2405440326936312 2.240932841227503 2.241321649761375 2.241710458295247 2.242099266829119 2.242488075362991 2.241813352493458 2.2400016905114315 2.2381900285294054 2.2363783665473793 2.2345667045653532 2.232755042583327 2.230943380601298 2.229131718619272 2.2273200566372457 2.2255083946552197 2.2236967326731936 2.2218850706911675 2.2200734087091414 2.2182617467271153 2.216450084745089 2.214638422763063
2.2348126742200316 2.235201428040296 2.2355901818605606 2.235978935680825 2.236367689501089 2.2367564433213536 2.237145197141618 2.2375339509618826 2.2379227047821475 2.238311458602412 2.2387002124226765 2.239088966242941 2.239477720063205 2.2398664738834695 2.240255227703734 2.2406439815239985 2.241032735344263 2.241421489164527 2.2418102429847915 2.242198996805056 2.2425877506253205 2.2429765044455854 2.24336525826585 2.2437540120861144 2.2441427659063784 2.244531519726643 2.2449202735469074 2.245309027367172 2.2446554226695485 2.2428875131526858 2.241119603635823 2.23935169411896 2.2375837846020974 2.2358158750852346 2.2340479655683687 2.232280056051506 2.230512146534643 2.2287442370177803 2.2269763275009176 2.2252084179840548 2.223440508467192 2.221672598950329 2.2199046894334664 2.2181367799166036
2.237247211431137 2.2376702107804824 2.2380932101298283 2.2385162094791737 2.2389392088285196 2.239362208177865 2.239785207527211 2.2402082068765563 2.2406312062259026 2.2410542055752485 2.241477204924594 2.2419002042739398 2.242323203623285 2.242746202972631 2.2431692023219765 2.2435922016713223 2.2440152010206678 2.2444382003700136 2.244861199719359 2.245284199068705 2.2457071984180503 2.246130197767397 2.2465531971167425 2.2469761964660884 2.247399195815434 2.2478221951647797 2.248245194514125 2.248668193863471 2.248043749564902 2.246299564328141 2.24455537909138 2.2428111938546196 2.2410670086178586 2.2393228233810976 2.237578638144334 2.235834452907573 2.234090267670812 2.232346082434051 2.2306018971972903 2.2288577119605293 2.2271135267237683 2.2253693414870073 2.2236251562502463 2.2218809710134857
2.2392671164815137 2.2397610261571574 2.240254935832801 2.240748845508445 2.2412427551840888 2.2417366648597326 2.2422305745353763 2.24272448421102 2.2432183938866648 2.2437123035623086 2.2442062132379523 2.244700122913596 2.24519403258924 2.2456879422648837 2.2461818519405274 2.246675761616171 2.247169671291815 2.2476635809674588 2.2481574906431026 2.2486514003187463 2.24914530999439 2.2496392196700343 2.250133129345678 2.250627039021322 2.2511209486969657 2.2516148583726094 2.252108768048253 2.252602677723897 2.252015990458236 2.2502741206342822 2.2485322508103285 2.2467903809863747 2.245048511162421 2.2433066413384672 2.241564771514511 2.239822901690557 2.2380810318666033 2.2363391620426496 2.234597292218696 2.232855422394742 2.2311135525707884 2.2293716827468346 2.227629812922881 2.225887943098927
2.2412870215318925 2.2418518415338347 2.2424166615357763 2.2429814815377185 2.2435463015396606 2.2441111215416023 2.2446759415435444 2.245240761545486 2.245805581547429 2.246370401549371 2.246935221551313 2.247500041553255 2.248064861555197 2.248629681557139 2.2491945015590806 2.2497593215610228 2.2503241415629645 2.2508889615649066 2.2514537815668483 2.2520186015687904 2.2525834215707325 2.253148241572675 2.2537130615746173 2.254277881576559 2.254842701578501 2.255407521580443 2.255972341582385 2.256537161584327 2.255988231351573 2.2542486769404264 2.25250912252928 2.2507695681181334 2.249030013706987 2.2472904592958405 2.245550904884691 2.2438113504735444 2.242071796062398 2.2403322416512514 2.238592687240105 2.2368531328289585 2.235113578417812 2.2333740240066655 2.231634469595519 2.2298949151843726
2.2433069265822696 2.2439426569105096 2.2445783872387497 2.2452141175669897 2.24584984789523 2.24648557822347 2.24712130855171 2.24775703887995 2.2483927692081913 2.2490284995364314 2.2496642298646714 2.2502999601929115 2.2509356905211515 2.2515714208493915 2.2522071511776316 2.2528428815058716 2.2534786118341117 2.2541143421623517 2.254750072490592 2.255385802818832 2.256021533147072 2.256657263475313 2.257292993803553 2.257928724131793 2.258564454460033 2.259200184788273 2.259835915116513 2.260471645444753 2.2599604722449067 2.258223233246567 2.256485994248228 2.2547487552498886 2.2530115162515494 2.25127427725321 2.249537038254868 2.2477997992565286 2.2460625602581894 2.24432532125985 2.2425880822615105 2.2408508432631713 2.239113604264832 2.237376365266493 2.2356391262681536 2.2339018872698144
2.2453268316326467 2.246033472287185 2.246740112941723 2.2474467535962614 2.2481533942507994 2.248860034905338 2.2495666755598758 2.250273316214414 2.2509799568689535 2.2516865975234914 2.25239323817803 2.253099878832568 2.253806519487106 2.254513160141644 2.255219800796182 2.2559264414507205 2.2566330821052585 2.257339722759797 2.258046363414335 2.2587530040688732 2.259459644723411 2.2601662853779505 2.260872926032489 2.261579566687027 2.2622862073415653 2.2629928479961032 2.263699488650641 2.2644061293051796 2.26393271313824 2.262197789552708 2.260462865967176 2.2587279423816438 2.256993018796112 2.25525809521058 2.253523171625045 2.251788248039513 2.2500533244539804 2.2483184008684485 2.2465834772829165 2.2448485536973846 2.243113630111852 2.24137870652632 2.2396437829407883 2.2379088593552563
2.2473467366830238 2.24812428766386 2.2489018386446964 2.2496793896255327 2.250456940606369 2.2512344915872053 2.2520120425680417 2.2527895935488775 2.253567144529715 2.2543446955105515 2.255122246491388 2.255899797472224 2.2566773484530604 2.2574548994338968 2.258232450414733 2.2590100013955694 2.2597875523764057 2.2605651033572416 2.261342654338078 2.2621202053189142 2.2628977562997505 2.263675307280588 2.2644528582614245 2.265230409242261 2.266007960223097 2.2667855112039335 2.2675630621847698 2.2683406131656056 2.267904954031574 2.2661723458588487 2.264439737686124 2.262707129513399 2.2609745213406742 2.2592419131679495 2.2575093049952217 2.2557766968224966 2.254044088649772 2.252311480477047 2.250578872304322 2.2488462641315974 2.2471136559588727 2.2453810477861476 2.243648439613423 2.241915831440698
2.2493666417334013 2.2502151030405355 2.2510635643476697 2.2519120256548044 2.2527604869619386 2.253608948269073 2.2544574095762075 2.255305870883342 2.256154332190478 2.257002793497612 2.2578512548047462 2.258699716111881 2.259548177419015 2.2603966387261494 2.261245100033284 2.2620935613404183 2.2629420226475525 2.263790483954687 2.2646389452618214 2.2654874065689556 2.26633586787609 2.267184329183226 2.26803279049036 2.268881251797495 2.269729713104629 2.2705781744117632 2.271426635718898 2.272275097026032 2.2718771949249073 2.27014690216499 2.268416609405072 2.2666863166451545 2.2649560238852366 2.263225731125319 2.2614954383653987 2.259765145605481 2.2580348528455634 2.2563045600856455 2.254574267325728 2.25284397456581 2.2511136818058928 2.249383389045975 2.2476530962860575 2.2459228035261396
2.251386546783778 2.2523059184172105 2.253225290050643 2.2541446616840757 2.255064033317508 2.2559834049509404 2.256902776584373 2.2578221482178056 2.2587415198512395 2.259660891484672 2.2605802631181047 2.2614996347515373 2.2624190063849694 2.263338378018402 2.2642577496518346 2.265177121285267 2.2660964929186993 2.267015864552132 2.2679352361855645 2.268854607818997 2.2697739794524296 2.2706933510858636 2.271612722719296 2.2725320943527283 2.273451465986161 2.2743708376195935 2.275290209253026 2.2762095808864586 2.275849435818241 2.2741214584711305 2.27239348112402 2.2706655037769097 2.268937526429799 2.267209549082689 2.265481571735575 2.263753594388465 2.2620256170413544 2.2602976396942442 2.2585696623471336 2.2568416850000235 2.255113707652913 2.2533857303058022 2.251657752958692 2.2499297756115815
2.2534064518341554 2.254396733793886 2.2553870157536164 2.2563772977133474 2.257367579673078 2.2583578616328084 2.259348143592539 2.2603384255522694 2.2613287075120017 2.2623189894717326 2.263309271431463 2.2642995533911936 2.265289835350924 2.2662801173106546 2.2672703992703855 2.268260681230116 2.2692509631898465 2.270241245149577 2.2712315271093075 2.2722218090690385 2.273212091028769 2.2742023729885013 2.2751926549482318 2.2761829369079623 2.277173218867693 2.2781635008274237 2.279153782787154 2.2801440647468847 2.2798216767115744 2.278096014777271 2.276370352842968 2.274644690908665 2.2729190289743615 2.271193367040058 2.269467705105752 2.267742043171449 2.266016381237146 2.2642907193028425 2.262565057368539 2.2608393954342363 2.259113733499933 2.2573880715656296 2.2556624096313262 2.2539367476970233
2.2554263568845343 2.256487549170563 2.2575487414565916 2.2586099337426204 2.2596711260286493 2.260732318314678 2.261793510600707 2.262854702886736 2.263915895172766 2.264977087458795 2.2660382797448237 2.2670994720308526 2.2681606643168815 2.26922185660291 2.2702830488889387 2.2713442411749676 2.2724054334609964 2.2734666257470253 2.2745278180330537 2.2755890103190826 2.2766502026051114 2.277711394891142 2.278772587177171 2.2798337794631993 2.280894971749228 2.281956164035257 2.283017356321286 2.2840785486073147 2.283793917604912 2.2820705710834157 2.2803472245619196 2.2786238780404235 2.2769005315189275 2.2751771849974314 2.2734538384759326 2.2717304919544365 2.2700071454329405 2.268283798911445 2.2665604523899487 2.2648371058684527 2.2631137593469566 2.2613904128254605 2.2596670663039644 2.2579437197824688
2.2574462619349114 2.258578364547238 2.259710467159565 2.2608425697718917 2.261974672384219 2.2631067749965457 2.2642388776088724 2.265370980221199 2.266503082833528 2.267635185445855 2.2687672880581817 2.269899390670509 2.2710314932828357 2.2721635958951625 2.2732956985074897 2.2744278011198165 2.2755599037321432 2.27669200634447 2.277824108956797 2.278956211569124 2.2800883141814507 2.2812204167937797 2.2823525194061065 2.2834846220184333 2.28461672463076 2.2857488272430873 2.286880929855414 2.288013032467741 2.287766158498245 2.2860451273895563 2.2843240962808675 2.2826030651721787 2.28088203406349 2.279161002954801 2.2774399718461096 2.2757189407374208 2.273997909628732 2.272276878520043 2.2705558474113543 2.2688348163026655 2.2671137851939767 2.265392754085288 2.263671722976599 2.26195069186791
2.2594661669852885 2.2606691799239136 2.2618721928625383 2.2630752058011634 2.2642782187397885 2.2654812316784136 2.2666842446170383 2.2678872575556634 2.2690902704942904 2.2702932834329155 2.2714962963715406 2.2726993093101653 2.2739023222487904 2.2751053351874155 2.27630834812604 2.2775113610646653 2.2787143740032905 2.279917386941915 2.2811203998805403 2.2823234128191654 2.28352642575779 2.2847294386964174 2.285932451635042 2.2871354645736672 2.2883384775122924 2.289541490450917 2.290744503389542 2.2919475163281673 2.291738399391579 2.2900196836956974 2.288300967999816 2.286582252303934 2.2848635366080523 2.2831448209121707 2.2814261052162865 2.279707389520405 2.2779886738245234 2.276269958128642 2.2745512424327603 2.2728325267368783 2.2711138110409967 2.269395095345115 2.2676763796492336 2.265957663953352
