Figures/CREST_Example_wjb_NSE/PETs/wjb.pet.20090413.asc
ncols            288
nrows            254
xllcorner        113.274861
yllcorner        31.4918055
cellsize         0.008333333333
NODATA_value     -9999
[rows 140 to 159 of 254, columns 88 to 131 of 288]
2.924296445284502 2.9239822372923734 2.9236680293002446 2.923353821308115 2.923039613315986 2.922725405323857 2.922411197331728 2.9220969893395994 2.92178278134747 2.9214685733553414 2.9211543653632126 2.9208401573710834 2.9205259493789546 2.920211741386826 2.918670986817199 2.9158190262225405 2.9129670656278774 2.910115105033219 2.90726314443856 2.904411183843902 2.9015592232492433 2.8987072626545847 2.8958553020599265 2.893003341465268 2.8901513808706096 2.887299420275951 2.8844474596812923 2.881595499086634 2.8787435384919755 2.8758915778973124 2.873039617302654 2.870187656707995 2.867335696113337 2.8644837355186783 2.86163177492402 2.8587798143293615 2.855927853734703 2.8530758931400446 2.850223932545386 2.8473719719507278 2.844520011356069 2.8416680507614105 2.8388160901667474 2.8359641295720888
2.920595708144577 2.9202368918546058 2.9198780755646347 2.919519259274663 2.919160442984692 2.9188016266947203 2.9184428104047493 2.9180839941147783 2.917725177824807 2.9173663615348358 2.9170075452448643 2.9166487289548932 2.916289912664922 2.9159310963749507 2.9143514071006105 2.911466577000579 2.908581746900543 2.9056969168005113 2.90281208670048 2.899927256600449 2.8970424265004175 2.8941575964003863 2.891272766300355 2.8883879362003233 2.885503106100292 2.8826182760002608 2.8797334459002295 2.8768486158001982 2.873963785700167 2.8710789556001304 2.868194125500099 2.865309295400068 2.8624244653000366 2.8595396352000053 2.8566548050999736 2.8537699749999423 2.850885144899911 2.84800031479988 2.8451154846998485 2.8422306545998173 2.8393458244997856 2.8364609943997543 2.833576164299718 2.830691334199687
2.9168949710046514 2.9164915464168377 2.9160881218290244 2.9156846972412103 2.915281272653397 2.9148778480655833 2.91447442347777 2.9140709988899567 2.913667574302143 2.9132641497143297 2.912860725126516 2.9124573005387027 2.9120538759508894 2.9116504513630757 2.9100318273840213 2.9071141277786174 2.904196428173208 2.901278728567804 2.8983610289623996 2.8954433293569957 2.8925256297515913 2.889607930146187 2.8866902305407827 2.8837725309353788 2.8808548313299744 2.87793713172457 2.875019432119166 2.872101732513762 2.8691840329083576 2.8662663333029483 2.8633486336975444 2.86043093409214 2.8575132344867358 2.854595534881332 2.8516778352759276 2.848760135670523 2.8458424360651193 2.842924736459715 2.8400070368543107 2.8370893372489063 2.8341716376435024 2.831253938038098 2.828336238432689 2.8254185388272846
2.9131942338647256 2.91274620097907 2.9122981680934146 2.911850135207758 2.911402102322102 2.9109540694364466 2.910506036550791 2.910058003665135 2.9096099707794796 2.909161937893824 2.908713905008168 2.9082658721225125 2.907817839236857 2.907369806351201 2.905712247667433 2.9027616785566557 2.899811109445874 2.8968605403350964 2.8939099712243195 2.8909594021135425 2.888008833002765 2.885058263891988 2.882107694781211 2.8791571256704342 2.876206556559657 2.87325598744888 2.870305418338103 2.8673548492273255 2.8644042801165486 2.8614537110057663 2.8585031418949893 2.8555525727842124 2.8526020036734354 2.849651434562658 2.846700865451881 2.843750296341104 2.8407997272303267 2.8378491581195497 2.834898589008773 2.831948019897996 2.8289974507872184 2.8260468816764415 2.823096312565659 2.8201457434548822
2.909493496724797 2.9090008555412994 2.9085082143578016 2.9080155731743025 2.9075229319908047 2.9070302908073065 2.9065376496238087 2.906045008440311 2.9055523672568127 2.905059726073315 2.9045670848898166 2.904074443706319 2.903581802522821 2.903089161339323 2.901392667950841 2.898409229334691 2.895425790718536 2.892442352102386 2.889458913486236 2.886475474870086 2.883492036253936 2.8805085976377858 2.8775251590216357 2.8745417204054857 2.8715582817893357 2.8685748431731857 2.8655914045570356 2.8626079659408856 2.8596245273247356 2.8566410887085807 2.8536576500924307 2.8506742114762806 2.8476907728601306 2.8447073342439806 2.8417238956278306 2.8387404570116805 2.835757018395531 2.832773579779381 2.829790141163231 2.826806702547081 2.823823263930931 2.820839825314781 2.817856386698626 2.814872948082476
2.905792759584872 2.9052555101035313 2.9047182606221913 2.90418101114085 2.90364376165951 2.90310651217817 2.9025692626968294 2.9020320132154893 2.901494763734149 2.900957514252809 2.9004202647714683 2.8998830152901283 2.899345765808788 2.8988085163274477 2.8970730882342517 2.894056780112729 2.891040471991201 2.888024163869678 2.8850078557481553 2.8819915476266322 2.8789752395051096 2.8759589313835865 2.872942623262064 2.869926315140541 2.866910007019018 2.8638936988974955 2.8608773907759724 2.8578610826544497 2.8548447745329266 2.8518284664113986 2.848812158289876 2.845795850168353 2.8427795420468303 2.839763233925307 2.8367469258037845 2.8337306176822614 2.8307143095607388 2.827698001439216 2.824681693317693 2.8216653851961704 2.8186490770746473 2.8156327689531246 2.8126164608315967 2.8096001527100736
2.9020920224449465 2.9015101646657637 2.9009283068865814 2.900346449107398 2.8997645913282155 2.8991827335490328 2.8986008757698505 2.8980190179906677 2.8974371602114855 2.896855302432303 2.8962734446531204 2.895691586873938 2.8951097290947554 2.894527871315573 2.892753508517663 2.8897043308907673 2.8866551532638667 2.883605975636971 2.8805567980100752 2.8775076203831795 2.8744584427562834 2.8714092651293877 2.868360087502492 2.8653109098755962 2.8622617322487005 2.859212554621805 2.856163376994909 2.8531141993680134 2.8500650217411176 2.8470158441142166 2.843966666487321 2.840917488860425 2.8378683112335295 2.8348191336066337 2.831769955979738 2.8287207783528423 2.8256716007259466 2.822622423099051 2.819573245472155 2.8165240678452594 2.8134748902183637 2.810425712591468 2.807376534964567 2.8043273573376712
2.898391285305021 2.897764819227996 2.8971383531509716 2.8965118870739457 2.8958854209969207 2.895258954919896 2.8946324888428716 2.8940060227658466 2.893379556688822 2.892753090611797 2.8921266245347725 2.891500158457748 2.890873692380723 2.8902472263036985 2.8884339288010747 2.885351881668806 2.8822698345365323 2.8791877874042635 2.876105740271995 2.8730236931397264 2.8699416460074576 2.8668595988751893 2.8637775517429205 2.8606955046106517 2.8576134574783834 2.8545314103461146 2.8514493632138462 2.8483673160815774 2.8452852689493087 2.842203221817035 2.839121174684766 2.836039127552498 2.832957080420229 2.8298750332879603 2.826792986155692 2.823710939023423 2.820628891891155 2.817546844758886 2.8144647976266173 2.811382750494349 2.80830070336208 2.805218656229812 2.8021366090975377 2.799054561965269
2.895040363061666 2.8943172961712573 2.8935942292808483 2.892871162390438 2.8921480955000294 2.8914250286096204 2.8907019617192113 2.8899788948288028 2.8892558279383938 2.8885327610479847 2.887809694157576 2.887086627267167 2.886363560376758 2.8856404934863495 2.883770119840083 2.8806732493298255 2.8775763788195627 2.8744795083093053 2.871382637799048 2.8682857672887905 2.8651888967785326 2.862092026268275 2.8589951557580178 2.8558982852477603 2.852801414737503 2.8497045442272455 2.846607673716988 2.84351080320673 2.840413932696473 2.83731706218621 2.8342201916759526 2.831123321165695 2.828026450655438 2.8249295801451804 2.821832709634923 2.818735839124665 2.8156389686144077 2.8125420981041502 2.809445227593893 2.8063483570836354 2.803251486573378 2.8001546160631205 2.797057745552858 2.7939608750426
2.892063370891125 2.89118812646572 2.8903128820403157 2.889437637614909 2.8885623931895044 2.8876871487640994 2.8868119043386944 2.8859366599132894 2.8850614154878844 2.88418617106248 2.883310926637075 2.88243568221167 2.881560437786265 2.88068519336086 2.878738351516336 2.8756459478006717 2.8725535440850023 2.8694611403693386 2.8663687366536745 2.8632763329380104 2.8601839292223463 2.8570915255066827 2.8539991217910186 2.8509067180753545 2.8478143143596903 2.8447219106440267 2.8416295069283626 2.8385371032126985 2.8354446994970344 2.8323522957813654 2.8292598920657013 2.826167488350037 2.823075084634373 2.8199826809187094 2.8168902772030453 2.813797873487381 2.810705469771717 2.8076130660560534 2.8045206623403893 2.801428258624725 2.798335854909061 2.7952434511933975 2.792151047477728 2.789058643762064
2.8890863787205823 2.8880589567601813 2.8870315347997804 2.8860041128393776 2.8849766908789762 2.8839492689185753 2.8829218469581743 2.8818944249977734 2.880867003037372 2.879839581076971 2.87881215911657 2.877784737156169 2.876757315195768 2.8757298932353668 2.8737065831925843 2.870618646271514 2.867530709350438 2.8644427724293675 2.861354835508297 2.8582668985872264 2.855178961666156 2.8520910247450852 2.849003087824015 2.8459151509029446 2.8428272139818738 2.8397392770608034 2.836651340139733 2.8335634032186623 2.830475466297592 2.8273875293765163 2.8242995924554455 2.821211655534375 2.8181237186133044 2.815035781692234 2.8119478447711637 2.808859907850093 2.8057719709290225 2.8026840340079517 2.7995960970868814 2.796508160165811 2.7934202232447403 2.79033228632367 2.7872443494025942 2.7841564124815235
2.886109386550042 2.8849297870546446 2.8837501875592477 2.8825705880638486 2.8813909885684517 2.8802113890730543 2.8790317895776574 2.87785219008226 2.876672590586863 2.875492991091466 2.874313391596069 2.873133792100672 2.871954192605275 2.8707745931098776 2.868674814868837 2.8655913447423598 2.8625078746158774 2.8594244044894004 2.8563409343629234 2.8532574642364463 2.8501739941099693 2.8470905239834923 2.8440070538570152 2.840923583730538 2.837840113604061 2.834756643477584 2.831673173351107 2.82858970322463 2.825506233098153 2.8224227629716707 2.8193392928451937 2.8162558227187167 2.8131723525922396 2.8100888824657626 2.8070054123392856 2.8039219422128085 2.8008384720863315 2.7977550019598545 2.7946715318333775 2.7915880617069004 2.7885045915804234 2.7854211214539464 2.782337651327464 2.779254181200987
2.8831323943795013 2.881800617349108 2.880468840318715 2.8791370632883195 2.8778052862579266 2.8764735092275333 2.8751417321971404 2.873809955166747 2.872478178136354 2.871146401105961 2.869814624075568 2.8684828470451746 2.8671510700147818 2.8658192929843884 2.8636430465450897 2.860564043213206 2.8574850398813174 2.8544060365494337 2.85132703321755 2.8482480298856667 2.845169026553783 2.8420900232218993 2.839011019890016 2.8359320165581323 2.8328530132262486 2.8297740098943653 2.8266950065624816 2.823616003230598 2.8205369998987146 2.8174579965668256 2.8143789932349423 2.8112999899030586 2.808220986571175 2.8051419832392916 2.802062979907408 2.7989839765755242 2.795904973243641 2.7928259699117572 2.7897469665798735 2.7866679632479903 2.7835889599161066 2.780509956584223 2.7774309532523342 2.7743519499204505
2.880155402208961 2.8786714476435717 2.877187493078183 2.875703538512791 2.874219583947402 2.8727356293820128 2.8712516748166235 2.8697677202512346 2.8682837656858453 2.866799811120456 2.865315856555067 2.863831901989678 2.862347947424289 2.8608639928588997 2.8586112782213426 2.8555367416840527 2.8524622051467574 2.849387668609467 2.846313132072177 2.843238595534887 2.840164058997597 2.8370895224603068 2.834014985923017 2.830940449385727 2.8278659128484365 2.8247913763111465 2.8217168397738566 2.818642303236566 2.815567766699276 2.812493230161981 2.809418693624691 2.806344157087401 2.8032696205501106 2.8001950840128207 2.7971205474755307 2.7940460109382403 2.7909714744009504 2.7878969378636604 2.78482240132637 2.78174786478908 2.77867332825179 2.7755987917145 2.7725242551772045 2.7694497186399145
2.8771784100384203 2.875542277938035 2.87390614583765 2.872270013737262 2.8706338816368766 2.868997749536492 2.8673616174361065 2.8657254853357212 2.864089353235336 2.862453221134951 2.860817089034566 2.8591809569341806 2.8575448248337953 2.8559086927334105 2.8535795098975956 2.850509440154899 2.847439370412197 2.8443693006695003 2.8412992309268037 2.838229161184107 2.8351590914414104 2.832089021698714 2.829018951956017 2.8259488822133205 2.822878812470624 2.8198087427279273 2.816738672985231 2.8136686032425344 2.810598533499838 2.807528463757136 2.804458394014439 2.8013883242717426 2.798318254529046 2.7952481847863493 2.7921781150436527 2.789108045300956 2.7860379755582594 2.782967905815563 2.7798978360728666 2.77682776633017 2.7737576965874733 2.7706876268447767 2.7676175571020747 2.764547487359378
2.8742014178678796 2.8724131082324984 2.870624798597117 2.8688364889617333 2.867048179326352 2.865259869690971 2.8634715600555896 2.8616832504202083 2.859894940784827 2.858106631149446 2.8563183215140646 2.8545300118786834 2.852741702243302 2.8509533926079214 2.848547741573848 2.8454821386257447 2.8424165356776365 2.839350932729533 2.8362853297814303 2.833219726833327 2.830154123885224 2.827088520937121 2.824022917989018 2.8209573150409146 2.8178917120928113 2.8148261091447084 2.811760506196605 2.8086949032485022 2.805629300300399 2.8025636973522907 2.7994980944041874 2.7964324914560845 2.793366888507981 2.7903012855598783 2.787235682611775 2.7841700796636717 2.781104476715569 2.7780388737674655 2.7749732708193626 2.7719076678712593 2.7688420649231564 2.765776461975053 2.762710859026945 2.7596452560788416
2.871224425697339 2.8692839385269617 2.8673434513565845 2.865402964186204 2.863462477015827 2.86152198984545 2.8595815026750726 2.8576410155046954 2.855700528334318 2.853760041163941 2.851819553993564 2.8498790668231866 2.847938579652809 2.8459980924824317 2.8435159732501005 2.840454837096591 2.837393700943076 2.8343325647895665 2.831271428636057 2.8282102924825474 2.8251491563290374 2.822088020175528 2.8190268840220183 2.8159657478685087 2.812904611714999 2.8098434755614896 2.8067823394079796 2.80372120325447 2.8006600671009605 2.7975989309474456 2.794537794793936 2.7914766586404265 2.788415522486917 2.7853543863334074 2.7822932501798974 2.779232114026388 2.7761709778728783 2.7731098417193687 2.770048705565859 2.7669875694123496 2.7639264332588396 2.76086529710533 2.757804160951815 2.7547430247983056
2.868247433526796 2.866154768821423 2.8640621041160492 2.8619694394106725 2.8598767747052993 2.8577841099999257 2.8556914452945525 2.853598780589179 2.8515061158838058 2.849413451178432 2.847320786473059 2.8452281217676854 2.843135457062312 2.8410427923569386 2.8384842049263495 2.835427535567433 2.8323708662085116 2.829314196849596 2.8262575274906796 2.8232008581317634 2.820144188772847 2.817087519413931 2.8140308500550146 2.810974180696099 2.8079175113371826 2.8048608419782664 2.80180417261935 2.798747503260434 2.795690833901518 2.7926341645425965 2.7895774951836803 2.786520825824764 2.783464156465848 2.780407487106932 2.7773508177480157 2.7742941483890995 2.7712374790301832 2.7681808096712675 2.765124140312351 2.762067470953435 2.7590108015945187 2.7559541322356025 2.7528974628766814 2.749840793517765
2.8652704413562557 2.863025599115886 2.860780756875517 2.8585359146351434 2.8562910723947743 2.8540462301544047 2.851801387914035 2.849556545673666 2.8473117034332964 2.8450668611929273 2.8428220189525577 2.840577176712188 2.838332334471819 2.8360874922314494 2.833452436602602 2.8304002340382795 2.827348031473951 2.8242958289096287 2.8212436263453062 2.8181914237809833 2.815139221216661 2.812087018652338 2.8090348160880154 2.8059826135236925 2.80293041095937 2.799878208395047 2.7968260058307246 2.793773803266402 2.790721600702079 2.7876693981377514 2.7846171955734285 2.781564993009106 2.7785127904447835 2.7754605878804606 2.772408385316138 2.769356182751815 2.7663039801874927 2.7632517776231698 2.7601995750588473 2.7571473724945244 2.754095169930202 2.7510429673658794 2.747990764801551 2.7449385622372287
2.862293449185715 2.8598964294103495 2.857499409634984 2.8551023898596144 2.8527053700842493 2.8503083503088837 2.847911330533518 2.8455143107581526 2.8431172909827875 2.840720271207422 2.8383232514320564 2.8359262316566913 2.833529211881326 2.8311321921059602 2.8284206682788544 2.8253729325091252 2.822325196739391 2.819277460969662 2.816229725199933 2.8131819894302033 2.810134253660474 2.807086517890745 2.8040387821210158 2.8009910463512866 2.7979433105815574 2.7948955748118283 2.791847839042099 2.78880010327237 2.7857523675026408 2.7827046317329063 2.779656895963177 2.776609160193448 2.773561424423719 2.7705136886539896 2.7674659528842604 2.7644182171145313 2.761370481344802 2.758322745575073 2.755275009805344 2.7522272740356146 2.7491795382658855 2.7461318024961563 2.743084066726422 2.7400363309566926
