Figures/CREST_Example_wjb_NSE/PETs/wjb.pet.20090519.asc
ncols            288
nrows            254
xllcorner        113.274861
yllcorner        31.4918055
cellsize         0.008333333333
NODATA_value     -9999
[rows 40 to 59 of 254, columns 44 to 87 of 288]
3.316344962089915 3.3154157480702287 3.3144865340505425 3.3135573200308563 3.31262810601117 3.311698891991484 3.3107696779717983 3.309840463952112 3.3089112499324242 3.307982035912738 3.307052821893052 3.3061236078733662 3.30519439385368 3.304265179833994 3.3033359658143078 3.3024067517946216 3.3014775377749355 3.3005483237552493 3.299619109735563 3.298689895715877 3.297760681696191 3.2968314676765034 3.295902253656817 3.294973039637131 3.294043825617445 3.2931146115977588 3.292185397578073 3.291256183558387 3.29029773253087 3.289308026481048 3.2883183204312267 3.287328614381405 3.2863389083315835 3.285349202281762 3.2843594962319385 3.283369790182117 3.2823800841322957 3.281390378082474 3.2804006720326524 3.2794109659828306 3.278421259933009 3.2774315538831877 3.276441847833366 3.2754521417835445
3.317938797721638 3.3167872366871762 3.3156356756527146 3.314484114618253 3.313332553583791 3.3121809925493295 3.311029431514868 3.309877870480406 3.3087263094459423 3.3075747484114806 3.306423187377019 3.3052716263425572 3.3041200653080955 3.302968504273634 3.301816943239172 3.30066538220471 3.2995138211702484 3.2983622601357867 3.297210699101325 3.2960591380668633 3.2949075770324017 3.2937560159979378 3.292604454963476 3.2914528939290144 3.2903013328945527 3.289149771860091 3.2879982108256294 3.2868466497911677 3.285794694695595 3.2848492206003916 3.283903746505189 3.282958272409986 3.2820127983147827 3.28106732421958 3.280121850124375 3.2791763760291723 3.278230901933969 3.277285427838766 3.2763399537435633 3.27539447964836 3.274449005553157 3.2735035314579544 3.272558057362751 3.2716125832675482
3.319532633353362 3.3181587253041243 3.316784817254887 3.31541090920565 3.314037001156412 3.312663093107175 3.311289185057938 3.3099152770087 3.3085413689594607 3.307167460910223 3.305793552860986 3.3044196448117487 3.303045736762511 3.301671828713274 3.3002979206640366 3.298924012614799 3.2975501045655617 3.2961761965163245 3.294802288467087 3.2934283804178497 3.2920544723686125 3.2906805643193726 3.2893066562701354 3.2879327482208978 3.2865588401716606 3.2851849321224234 3.2838110240731857 3.2824371160239485 3.28129165686032 3.280390414719735 3.279489172579151 3.2785879304385666 3.2776866882979823 3.2767854461573975 3.275884204016812 3.274982961876227 3.274081719735643 3.2731804775950586 3.2722792354544743 3.2713779933138896 3.2704767511733053 3.269575509032721 3.2686742668921367 3.267773024751552
3.321126468985085 3.3195302139210723 3.317933958857059 3.3163377037930464 3.314741448729033 3.31314519366502 3.3115489386010073 3.309952683536994 3.3083564284729787 3.3067601734089656 3.305163918344953 3.3035676632809396 3.301971408216927 3.3003751531529137 3.2987788980889006 3.297182643024888 3.2955863879608747 3.293990132896862 3.2923938778328488 3.290797622768836 3.289201367704823 3.287605112640807 3.2860088575767943 3.284412602512781 3.2828163474487684 3.281220092384755 3.2796238373207425 3.2780275822567293 3.276788619025045 3.2759316088390786 3.275074598653113 3.274217588467147 3.2733605782811814 3.2725035680952157 3.271646557909248 3.2707895477232825 3.2699325375373167 3.269075527351351 3.2682185171653853 3.267361506979419 3.2665044967934533 3.2656474866074876 3.264790476421522 3.263933466235556
3.322720304616809 3.3209017025380203 3.3190831004592316 3.317264498380443 3.315445896301654 3.313627294222866 3.3118086921440772 3.3099900900652885 3.3081714879864967 3.3063528859077085 3.30453428382892 3.302715681750131 3.3008970796713424 3.2990784775925537 3.2972598755137654 3.2954412734349767 3.293622671356188 3.2918040692773993 3.2899854671986106 3.2881668651198224 3.2863482630410337 3.284529660962242 3.282711058883453 3.2808924568046645 3.279073854725876 3.2772552526470875 3.275436650568299 3.27361804848951 3.2722855811897698 3.2714728029584226 3.270660024727075 3.2698472464957278 3.2690344682643806 3.2682216900330334 3.267408911801685 3.2665961335703377 3.2657833553389906 3.2649705771076434 3.2641577988762958 3.2633450206449486 3.2625322424136014 3.2617194641822542 3.260906685950907 3.26009390771956
3.3243141402485326 3.3222731911549683 3.320232242061404 3.31819129296784 3.3161503438742757 3.3141093947807114 3.312068445687147 3.310027496593583 3.307986547500015 3.305945598406451 3.3039046493128867 3.3018637002193225 3.2998227511257583 3.297781802032194 3.29574085293863 3.2936999038450656 3.2916589547515014 3.289618005657937 3.287577056564373 3.2855361074708087 3.2834951583772445 3.2814542092836767 3.2794132601901125 3.2773723110965483 3.275331362002984 3.27329041290942 3.2712494638158556 3.2692085147222913 3.267782543354495 3.2670139970777665 3.266245450801038 3.2654769045243093 3.2647083582475807 3.263939811970852 3.263171265694122 3.262402719417393 3.2616341731406644 3.2608656268639358 3.260097080587207 3.2593285343104785 3.25855998803375 3.2577914417570213 3.2570228954802927 3.256254349203564
3.325907975880257 3.3236446797719172 3.321381383663577 3.3191180875552373 3.316854791446897 3.314591495338557 3.312328199230217 3.310064903121877 3.307801607013533 3.305538310905193 3.303275014796853 3.301011718688513 3.298748422580173 3.2964851264718327 3.294221830363493 3.2919585342551527 3.289695238146813 3.2874319420384728 3.2851686459301326 3.282905349821793 3.2806420537134526 3.278378757605109 3.2761154614967687 3.2738521653884285 3.2715888692800887 3.2693255731717485 3.267062277063409 3.2647989809550686 3.263279505519216 3.262555191197106 3.261830876874996 3.261106562552886 3.260382248230776 3.2596579339086658 3.258933619586555 3.2582093052644447 3.2574849909423347 3.2567606766202246 3.2560363622981146 3.2553120479760045 3.254587733653895 3.253863419331785 3.2531391050096747 3.2524147906875647
3.327501811511981 3.3250161683888653 3.3225305252657495 3.320044882142634 3.317559239019518 3.3150735958964024 3.312587952773287 3.3101023096501714 3.307616666527051 3.3051310234039355 3.30264538028082 3.3001597371577045 3.2976740940345888 3.295188450911473 3.2927028077883573 3.2902171646652416 3.287731521542126 3.28524587841901 3.2827602352958944 3.280274592172779 3.2777889490496634 3.2753033059265433 3.2728176628034276 3.2703320196803123 3.2678463765571966 3.265360733434081 3.262875090310965 3.2603894471878494 3.258776467683941 3.2580963853164495 3.257416302948958 3.2567362205814665 3.2560561382139754 3.255376055846484 3.254695973478991 3.2540158911115 3.2533358087440085 3.252655726376517 3.2519756440090255 3.251295561641534 3.250615479274043 3.2499353969065514 3.24925531453906 3.2485752321715684
3.3290956471437045 3.3263876570058133 3.323679666867922 3.320971676730031 3.3182636865921395 3.3155556964542483 3.312847706316357 3.3101397161784654 3.3074317260405697 3.3047237359026784 3.302015745764787 3.299307755626896 3.2965997654890042 3.293891775351113 3.2911837852132217 3.2884757950753305 3.2857678049374393 3.283059814799548 3.2803518246616568 3.2776438345237655 3.274935844385874 3.272227854247978 3.269519864110087 3.2668118739721956 3.2641038838343044 3.2613958936964127 3.2586879035585214 3.25597991342063 3.254273429848666 3.253637579435793 3.25300172902292 3.2523658786100476 3.2517300281971746 3.2510941777843017 3.250458327371428 3.249822476958555 3.2491866265456824 3.2485507761328094 3.2479149257199365 3.2472790753070635 3.246643224894191 3.246007374481318 3.245371524068445 3.244735673655572
3.330689482775428 3.327759145622761 3.324828808470094 3.3218984713174273 3.31896813416476 3.3160377970120933 3.3131074598594266 3.3101771227067593 3.3072467855540877 3.304316448401421 3.3013861112487537 3.298455774096087 3.29552543694342 3.292595099790753 3.289664762638086 3.2867344254854194 3.283804088332752 3.2808737511800854 3.2779434140274186 3.2750130768747514 3.2720827397220846 3.2691524025694125 3.2662220654167458 3.263291728264079 3.2603613911114118 3.257431053958745 3.254500716806078 3.251570379653411 3.249770392013391 3.2491787735551365 3.2485871550968826 3.247995536638628 3.2474039181803738 3.24681229972212 3.2462206812638645 3.24562906280561 3.2450374443473557 3.244445825889102 3.2438542074308474 3.243262588972593 3.242670970514339 3.2420793520560847 3.2414877335978303 3.2408961151395763
3.3322833184071516 3.3291306342397093 3.3259779500722666 3.3228252659048243 3.3196725817373816 3.316519897569939 3.3133672134024965 3.3102145292350538 3.307061845067606 3.3039091609001634 3.300756476732721 3.2976037925652784 3.294451108397836 3.2912984242303933 3.288145740062951 3.2849930558955083 3.281840371728066 3.2786876875606232 3.2755350033931805 3.272382319225738 3.2692296350582954 3.266076950890848 3.262924266723405 3.2597715825559628 3.25661889838852 3.2534662142210777 3.250313530053635 3.2471608458861927 3.2452673541781163 3.2447199676744805 3.244172581170845 3.243625194667209 3.2430778081635734 3.242530421659938 3.2419830351563013 3.2414356486526654 3.24088826214903 3.240340875645394 3.239793489141759 3.239246102638123 3.238698716134487 3.2381513296308517 3.237603943127216 3.23705655662358
3.333877154038875 3.330502122856657 3.3271270916744387 3.3237520604922204 3.3203770293100026 3.3170019981277843 3.313626966945566 3.3102519357633478 3.306876904581124 3.303501873398906 3.3001268422166876 3.29675181103447 3.2933767798522515 3.2900017486700333 3.286626717487815 3.283251686305597 3.279876655123379 3.2765016239411606 3.2731265927589424 3.2697515615767245 3.2663765303945063 3.263001499212282 3.259626468030064 3.256251436847846 3.252876405665628 3.2495013744834096 3.2461263433011913 3.2427513121189735 3.2407643163428412 3.240261161793824 3.239758007244807 3.23925485269579 3.238751698146773 3.2382485435977557 3.237745389048738 3.2372422344997207 3.236739079950704 3.2362359254016866 3.2357327708526693 3.2352296163036525 3.234726461754635 3.2342233072056183 3.233720152656601 3.2332169981075842
3.3354709896705987 3.331873611473605 3.328276233276611 3.3246788550796174 3.3210814768826236 3.3174840986856298 3.313886720488636 3.310289342291642 3.306691964094642 3.3030945858976484 3.2994972077006546 3.295899829503661 3.292302451306667 3.288705073109673 3.2851076949126794 3.2815103167156856 3.277912938518692 3.2743155603216985 3.2707181821247047 3.267120803927711 3.263523425730717 3.259926047533717 3.2563286693367233 3.2527312911397295 3.2491339129427357 3.245536534745742 3.241939156548748 3.2383417783517543 3.236261278507566 3.235802355913168 3.235343433318769 3.234884510724371 3.234425588129972 3.233966665535574 3.2335077429411743 3.233048820346776 3.2325898977523773 3.232130975157979 3.2316720525635803 3.231213129969182 3.2307542073747832 3.230295284780385 3.2298363621859862 3.229377439591588
3.3370648253023236 3.3332451000905543 3.3294253748787845 3.3256056496670148 3.3217859244552455 3.3179661992434757 3.314146474031706 3.3103267488199366 3.30650702360816 3.302687298396391 3.298867573184621 3.2950478479728513 3.291228122761082 3.2874083975493122 3.283588672337543 3.279768947125773 3.2759492219140034 3.272129496702234 3.2683097714904643 3.2644900462786945 3.2606703210669252 3.256850595855149 3.2530308706433795 3.2492111454316097 3.24539142021984 3.2415716950080706 3.237751969796301 3.233932244584531 3.231758240672287 3.2313435500325074 3.2309288593927277 3.2305141687529475 3.2300994781131678 3.229684787473388 3.2292700968336074 3.2288554061938273 3.2284407155540475 3.228026024914268 3.2276113342744877 3.227196643634708 3.226781952994928 3.226367262355148 3.2259525717153683 3.2255378810755886
3.338658660934047 3.334616588707502 3.3305745164809566 3.3265324442544113 3.322490372027866 3.3184482998013207 3.314406227574776 3.3103641553482306 3.306322083121678 3.3022800108951333 3.298237938668588 3.2941958664420428 3.2901537942154975 3.286111721988952 3.282069649762407 3.2780275775358616 3.2739855053093163 3.2699434330827715 3.265901360856226 3.261859288629681 3.2578172164031356 3.2537751441765836 3.2497330719500384 3.245690999723493 3.2416489274969478 3.2376068552704025 3.233564783043857 3.229522710817312 3.227255202837012 3.226884744151851 3.2265142854666897 3.226143826781528 3.225773368096367 3.2254029094112058 3.2250324507260437 3.2246619920408826 3.2242915333557214 3.22392107467056 3.2235506159853986 3.2231801573002374 3.2228096986150763 3.2224392399299147 3.2220687812447535 3.2216983225595923
3.3402524965657707 3.33598807732445 3.331723658083129 3.3274592388418083 3.3231948196004875 3.3189304003591666 3.314665981117846 3.310401561876525 3.3061371426351966 3.301872723393876 3.297608304152555 3.293343884911234 3.2890794656699134 3.2848150464285926 3.2805506271872718 3.276286207945951 3.27202178870463 3.2677573694633093 3.2634929502219885 3.2592285309806677 3.254964111739347 3.2506996924980185 3.2464352732566977 3.242170854015377 3.237906434774056 3.2336420155327352 3.2293775962914144 3.2251131770500936 3.2227521650017374 3.222425938271195 3.2220997115406522 3.2217734848101096 3.2214472580795666 3.221121031349024 3.220794804618481 3.220468577887938 3.220142351157395 3.2198161244268526 3.21948989769631 3.2191636709657674 3.2188374442352243 3.2185112175046817 3.218184990774139 3.2178587640435965
3.3418463321974947 3.337359565941398 3.3328727996853016 3.3283860334292052 3.3238992671731085 3.319412500917012 3.314925734660916 3.310438968404819 3.305952202148715 3.3014654358926188 3.296978669636522 3.2924919033804256 3.2880051371243293 3.2835183708682325 3.279031604612136 3.27454483835604 3.270058072099943 3.2655713058438467 3.2610845395877504 3.256597773331654 3.2521110070755572 3.2476242408194533 3.2431374745633565 3.23865070830726 3.234163942051164 3.229677175795067 3.2251904095389707 3.2207036432828744 3.2182491271664624 3.2179671323905383 3.2176851376146143 3.2174031428386902 3.217121148062766 3.216839153286842 3.2165571585109176 3.216275163734993 3.215993168959069 3.215711174183145 3.215429179407221 3.215147184631297 3.214865189855373 3.214583195079449 3.2143012003035247 3.2140192055276002
3.343440167829218 3.338731054558346 3.3340219412874736 3.3293128280166018 3.3246037147457295 3.319894601474857 3.3151854882039853 3.310476374933113 3.305767261662233 3.301058148391361 3.296349035120489 3.2916399218496166 3.2869308085787448 3.2822216953078724 3.2775125820370006 3.2728034687661283 3.2680943554952564 3.263385242224384 3.258676128953512 3.25396701568264 3.249257902411768 3.2445487891408877 3.239839675870016 3.2351305625991436 3.2304214493282717 3.2257123360573994 3.2210032227865275 3.216294109515655 3.2137460893311873 3.213508326509882 3.2132705636885763 3.213032800867271 3.2127950380459653 3.21255727522466 3.212319512403354 3.2120817495820484 3.211843986760743 3.2116062239394374 3.211368461118132 3.2111306982968264 3.210892935475521 3.2106551726542154 3.21041740983291 3.2101796470116044
3.340338304860875 3.335555268987359 3.3307722331138434 3.3259891972403275 3.3212061613668116 3.3164231254932957 3.3116400896197797 3.306857053746264 3.30207401787274 3.297290981999224 3.292507946125708 3.287724910252192 3.2829418743786762 3.2781588385051603 3.2733758026316444 3.2685927667581285 3.2638097308846126 3.2590266950110967 3.2542436591375807 3.249460623264065 3.244677587390549 3.239894551517025 3.235111515643509 3.230328479769993 3.2255454438964772 3.2207624080229613 3.2159793721494454 3.2111963362759295 3.208617592712606 3.208395287459237 3.2081729822058684 3.2079506769524997 3.207728371699131 3.2075060664457626 3.2072837611923934 3.2070614559390247 3.2068391506856564 3.2066168454322876 3.206394540178919 3.20617223492555 3.2059499296721814 3.205727624418813 3.2055053191654443 3.2052830139120756
3.3322170361686974 3.3275187340304466 3.322820431892196 3.318122129753945 3.3134238276156944 3.3087255254774437 3.304027223339193 3.2993289212009422 3.2946306190626835 3.2899323169244328 3.285234014786182 3.2805357126479313 3.27583741050968 3.2711391083714294 3.2664408062331787 3.261742504094928 3.257044201956677 3.2523458998184265 3.2476475976801757 3.242949295541925 3.2382509934036743 3.2335526912654156 3.228854389127165 3.224156086988914 3.2194577848506634 3.2147594827124126 3.210061180574162 3.205362878435911 3.202820520091951 3.2025829144014786 3.2023453087110063 3.202107703020534 3.2018700973300613 3.201632491639589 3.2013948859491164 3.201157280258644 3.200919674568172 3.200682068877699 3.200444463187227 3.2002068574967546 3.1999692518062823 3.19973164611581 3.1994940404253374 3.199256434734865
