Figures/CREST_Example_wjb_NSE/PETs/wjb.pet.20090212.asc
ncols            288
nrows            254
xllcorner        113.274861
yllcorner        31.4918055
cellsize         0.008333333333
NODATA_value     -9999
[rows 140 to 159 of 254, columns 220 to 263 of 288]
1.8944878249363177 1.8924768963839411 1.890854742534727 1.8896481976418384 1.8884416527489498 1.8872351078560612 1.8860285629631726 1.884822018070284 1.8836154731773953 1.8824089282845067 1.881202383391618 1.8799958384987294 1.8787892936058406 1.877582748712952 1.8763762038200613 1.8751696589271727 1.873963114034284 1.8727565691413954 1.8715500242485068 1.870343479355618 1.8691369344627293 1.8679303895698407 1.866723844676952 1.8655172997840634 1.8643107548911748 1.8631042099982862 1.8618976651053976 1.8606911202125067 1.859484575319618 1.8582780304267295 1.8570714855338408 1.8558649406409522 1.8551141118519798 1.8548504538940846 1.8545867959361892 1.854323137978294 1.8540594800203987 1.8537958220625035 1.853532164104608 1.853268506146713 1.853004848188817 1.8527411902309219 1.8524775322730265 1.8522138743151313
1.8939204710365358 1.8917901567620399 1.8900823723879168 1.8888262820398751 1.8875701916918335 1.8863141013437918 1.88505801099575 1.8838019206477084 1.8825458302996667 1.881289739951625 1.8800336496035834 1.8787775592555418 1.8775214689075002 1.8762653785594585 1.8750092882114147 1.873753197863373 1.8724971075153314 1.8712410171672897 1.869984926819248 1.8687288364712065 1.8674727461231648 1.8662166557751232 1.8649605654270816 1.86370447507904 1.8624483847309983 1.8611922943829566 1.859936204034915 1.8586801136868711 1.8574240233388295 1.8561679329907879 1.8549118426427462 1.8536557522947046 1.8529044128499967 1.8526926635469378 1.8524809142438792 1.8522691649408203 1.8520574156377616 1.851845666334703 1.851633917031644 1.8514221677285854 1.8512104184255262 1.8509986691224674 1.8507869198194087 1.8505751705163498
1.8933531171367537 1.8911034171401384 1.889310002241106 1.8880043664379114 1.8866987306347167 1.885393094831522 1.8840874590283274 1.8827818232251328 1.8814761874219381 1.8801705516187435 1.8788649158155488 1.8775592800123542 1.8762536442091595 1.8749480084059649 1.873642372602768 1.8723367367995734 1.8710311009963787 1.869725465193184 1.8684198293899894 1.8671141935867948 1.8658085577836 1.8645029219804055 1.8631972861772108 1.8618916503740162 1.8605860145708215 1.8592803787676269 1.8579747429644322 1.8566691071612353 1.8553634713580407 1.854057835554846 1.8527521997516514 1.8514465639484567 1.8506947138480134 1.850534873199791 1.8503750325515689 1.8502151919033467 1.8500553512551243 1.8498955106069022 1.84973566995868 1.8495758293104576 1.8494159886622352 1.8492561480140128 1.8490963073657907 1.8489364667175685
1.8927857632369716 1.890416677518237 1.8885376320942953 1.8871824508359476 1.8858272695776 1.8844720883192523 1.8831169070609048 1.8817617258025572 1.8804065445442095 1.8790513632858619 1.8776961820275142 1.8763410007691665 1.8749858195108189 1.8736306382524712 1.8722754569941213 1.8709202757357737 1.869565094477426 1.8682099132190784 1.8668547319607307 1.865499550702383 1.8641443694440354 1.862789188185688 1.8614340069273403 1.8600788256689926 1.858723644410645 1.8573684631522973 1.8560132818939497 1.8546581006355998 1.8533029193772521 1.8519477381189045 1.8505925568605568 1.8492373756022091 1.8484850148460301 1.8483770828526445 1.8482691508592588 1.848161218865873 1.8480532868724873 1.8479453548791016 1.847837422885716 1.84772949089233 1.8476215588989442 1.8475136269055585 1.8474056949121729 1.847297762918787
1.892218409337189 1.889729937896335 1.887765261947484 1.8863605352339834 1.8849558085204827 1.883551081806982 1.8821463550934814 1.8807416283799807 1.87933690166648 1.8779321749529794 1.8765274482394787 1.875122721525978 1.8737179948124771 1.8723132680989765 1.8709085413854736 1.8695038146719727 1.868099087958472 1.8666943612449713 1.8652896345314707 1.86388490781797 1.8624801811044693 1.8610754543909687 1.859670727677468 1.8582660009639673 1.8568612742504667 1.855456547536966 1.8540518208234653 1.8526470941099622 1.8512423673964615 1.8498376406829609 1.84843291396946 1.8470281872559593 1.8462753158440448 1.8462192925054957 1.8461632691669465 1.8461072458283974 1.8460512224898482 1.845995199151299 1.84593917581275 1.8458831524742008 1.8458271291356516 1.8457711057971025 1.8457150824585533 1.8456590591200042
1.8916510554374069 1.8890431982744336 1.8869928918006735 1.8855386196320199 1.8840843474633662 1.8826300752947125 1.8811758031260588 1.8797215309574051 1.8782672587887514 1.8768129866200978 1.875358714451444 1.8739044422827904 1.8724501701141367 1.870995897945483 1.8695416257768267 1.868087353608173 1.8666330814395193 1.8651788092708657 1.863724537102212 1.8622702649335583 1.8608159927649046 1.859361720596251 1.8579074484275975 1.8564531762589438 1.8549989040902901 1.8535446319216364 1.8520903597529828 1.8506360875843264 1.8491818154156727 1.847727543247019 1.8462732710783654 1.8448189989097117 1.8440656168420617 1.844061502158349 1.8440573874746364 1.8440532727909238 1.8440491581072112 1.8440450434234985 1.8440409287397859 1.8440368140560734 1.8440326993723608 1.8440285846886482 1.8440244700049355 1.8440203553212229
1.891083701537625 1.8883564586525323 1.886220521653863 1.8847167040300563 1.8832128864062496 1.881709068782443 1.8802052511586362 1.8787014335348295 1.8771976159110229 1.8756937982872162 1.8741899806634095 1.8726861630396028 1.871182345415796 1.8696785277919894 1.8681747101681803 1.8666708925443736 1.8651670749205669 1.8636632572967602 1.8621594396729535 1.8606556220491468 1.8591518044253401 1.8576479868015334 1.8561441691777267 1.85464035155392 1.8531365339301133 1.8516327163063067 1.8501288986825 1.8486250810586906 1.847121263434884 1.8456174458110772 1.8441136281872705 1.8426098105634638 1.8418559178400782 1.8419037118112023 1.8419515057823261 1.84199929975345 1.8420470937245739 1.8420948876956977 1.8421426816668218 1.8421904756379457 1.8422382696090696 1.8422860635801936 1.8423338575513175 1.8423816515224414
1.8905163476378428 1.8876697190306309 1.8854481515070523 1.8838947884280925 1.8823414253491328 1.8807880622701731 1.8792346991912137 1.877681336112254 1.8761279730332943 1.8745746099543346 1.8730212468753749 1.8714678837964152 1.8699145207174555 1.8683611576384958 1.8668077945595334 1.865254431480574 1.8637010684016142 1.8621477053226545 1.8605943422436948 1.859040979164735 1.8574876160857754 1.8559342530068157 1.854380889927856 1.8528275268488965 1.8512741637699368 1.849720800690977 1.8481674376120174 1.846614074533055 1.8450607114540953 1.8435073483751356 1.841953985296176 1.8404006222172165 1.839646218838095 1.8397459214640555 1.839845624090016 1.8399453267159764 1.8400450293419368 1.8401447319678974 1.8402444345938578 1.8403441372198182 1.8404438398457788 1.8405435424717391 1.8406432450976997 1.84074294772366
1.8886669266636062 1.8857948898897094 1.8835505605414542 1.8819772646373163 1.8804039687331782 1.87883067282904 1.877257376924902 1.8756840810207638 1.8741107851166257 1.8725374892124877 1.8709641933083496 1.8693908974042115 1.8678176015000734 1.8662443055959352 1.8646710096917944 1.8630977137876563 1.8615244178835184 1.8599511219793803 1.8583778260752422 1.856804530171104 1.855231234266966 1.8536579383628278 1.8520846424586896 1.8505113465545517 1.8489380506504136 1.8473647547462755 1.8457914588421374 1.8442181629379966 1.8426448670338584 1.8410715711297203 1.8394982752255824 1.8379249793214443 1.8371669657948224 1.8372805075852148 1.837394049375607 1.837507591165999 1.8376211329563912 1.8377346747467835 1.8378482165371757 1.8379617583275678 1.8380753001179602 1.8381888419083523 1.8383023836987444 1.8384159254891368
1.8854470568056771 1.8826500679477014 1.8804501794522035 1.8788886047576099 1.8773270300630163 1.8757654553684227 1.874203880673829 1.8726423059792354 1.8710807312846418 1.8695191565900482 1.8679575818954546 1.866396007200861 1.8648344325062673 1.8632728578116737 1.8617112831170775 1.8601497084224838 1.8585881337278902 1.8570265590332966 1.855464984338703 1.8539034096441094 1.8523418349495158 1.8507802602549221 1.8492186855603285 1.847657110865735 1.8460955361711413 1.8445339614765477 1.842972386781954 1.8414108120873578 1.8398492373927642 1.8382876626981706 1.836726088003577 1.8351645133089833 1.8343995764735503 1.8344862635429546 1.8345729506123591 1.8346596376817637 1.834746324751168 1.8348330118205725 1.834919698889977 1.8350063859593813 1.835093073028786 1.8351797600981905 1.8352664471675948 1.8353531342369993
1.8822271869477454 1.8795052460056907 1.8773497983629501 1.875799944877901 1.874250091392852 1.8727002379078028 1.8711503844227537 1.8696005309377046 1.8680506774526555 1.8665008239676064 1.864950970482557 1.863401116997508 1.8618512635124589 1.8603014100274098 1.858751556542358 1.857201703057309 1.8556518495722598 1.8541019960872107 1.8525521426021616 1.8510022891171123 1.8494524356320632 1.847902582147014 1.846352728661965 1.8448028751769159 1.8432530216918668 1.8417031682068177 1.8401533147217686 1.8386034612367168 1.8370536077516675 1.8355037542666184 1.8339539007815693 1.8324040472965202 1.8316321871522756 1.8316920195006923 1.831751851849109 1.8318116841975256 1.8318715165459423 1.831931348894359 1.8319911812427756 1.8320510135911923 1.8321108459396092 1.8321706782880258 1.8322305106364425 1.8322903429848592
1.8790073170898163 1.8763604240636824 1.8742494172736994 1.8727112849981948 1.8711731527226902 1.8696350204471854 1.8680968881716808 1.8665587558961763 1.8650206236206714 1.8634824913451669 1.8619443590696623 1.8604062267941577 1.8588680945186529 1.8573299622431483 1.855791829967641 1.8542536976921364 1.8527155654166316 1.851177433141127 1.8496393008656224 1.8481011685901176 1.846563036314613 1.8450249040391085 1.8434867717636036 1.841948639488099 1.8404105072125945 1.8388723749370897 1.837334242661585 1.8357961103860778 1.8342579781105732 1.8327198458350684 1.8311817135595638 1.8296435812840592 1.828864797831003 1.828897775458432 1.828930753085861 1.8289637307132898 1.8289967083407188 1.8290296859681479 1.8290626635955767 1.8290956412230057 1.8291286188504348 1.8291615964778636 1.8291945741052926 1.8292275517327214
1.8757874472318874 1.8732156021216744 1.8711490361844487 1.8696226251184886 1.8680962140525283 1.8665698029865683 1.865043391920608 1.863516980854648 1.8619905697886876 1.8604641587227275 1.8589377476567672 1.8574113365908071 1.8558849255248469 1.8543585144588868 1.852832103392924 1.8513056923269637 1.8497792812610037 1.8482528701950434 1.8467264591290833 1.845200048063123 1.843673636997163 1.8421472259312026 1.8406208148652425 1.8390944037992822 1.8375679927333222 1.8360415816673619 1.8345151706014018 1.832988759535439 1.8314623484694788 1.8299359374035187 1.8284095263375584 1.8268831152715983 1.8260974085097306 1.8261035314161718 1.826109654322613 1.8261157772290542 1.8261219001354954 1.8261280230419366 1.8261341459483778 1.826140268854819 1.8261463917612601 1.8261525146677013 1.8261586375741428 1.826164760480584
1.8725675773739583 1.8700707801796663 1.868048655095198 1.8665339652387822 1.8650192753823667 1.8635045855259509 1.8619898956695353 1.8604752058131195 1.8589605159567038 1.8574458261002882 1.8559311362438724 1.8544164463874566 1.852901756531041 1.8513870666746253 1.849872376818207 1.8483576869617913 1.8468429971053757 1.84532830724896 1.8438136173925441 1.8422989275361286 1.8407842376797128 1.839269547823297 1.8377548579668814 1.8362401681104656 1.8347254782540499 1.8332107883976343 1.8316960985412185 1.8301814086848003 1.8286667188283845 1.827152028971969 1.8256373391155531 1.8241226492591374 1.8233300191884583 1.8233092873739116 1.8232885555593652 1.8232678237448185 1.8232470919302721 1.8232263601157257 1.823205628301179 1.8231848964866326 1.823164164672086 1.8231434328575393 1.823122701042993 1.8231019692284463
1.8693477075160294 1.8669259582376583 1.8649482740059473 1.863445305359076 1.8619423367122048 1.8604393680653337 1.8589363994184624 1.8574334307715912 1.85593046212472 1.8544274934778486 1.8529245248309774 1.8514215561841063 1.849918587537235 1.8484156188903638 1.84691265024349 1.8454096815966188 1.8439067129497475 1.8424037443028762 1.840900775656005 1.8393978070091337 1.8378948383622626 1.8363918697153914 1.83488890106852 1.8333859324216488 1.8318829637747776 1.8303799951279065 1.8288770264810352 1.8273740578341613 1.82587108918729 1.824368120540419 1.8228651518935477 1.8213621832466764 1.8205626298671858 1.8205150433316515 1.8204674567961172 1.820419870260583 1.8203722837250487 1.8203246971895144 1.8202771106539801 1.8202295241184459 1.8201819375829116 1.8201343510473773 1.820086764511843 1.8200391779763088
1.8661278376581 1.86378113629565 1.8618478929166964 1.8603566454793696 1.8588653980420429 1.8573741506047161 1.8558829031673894 1.8543916557300626 1.8529004082927358 1.851409160855409 1.8499179134180823 1.8484266659807556 1.846935418543429 1.8454441711061023 1.8439529236687728 1.842461676231446 1.8409704287941193 1.8394791813567926 1.8379879339194658 1.836496686482139 1.8350054390448125 1.8335141916074857 1.832022944170159 1.8305316967328322 1.8290404492955055 1.8275492018581787 1.826057954420852 1.8245667069835225 1.823075459546196 1.8215842121088692 1.8200929646715425 1.8186017172342157 1.8177952405459135 1.8177207992893916 1.8176463580328694 1.8175719167763476 1.8174974755198254 1.8174230342633035 1.8173485930067814 1.8172741517502595 1.8171997104937372 1.8171252692372153 1.8170508279806932 1.8169763867241713
1.8629079678001712 1.860636314353642 1.8587475118274457 1.8572679855996634 1.8557884593718812 1.854308933144099 1.8528294069163165 1.8513498806885342 1.849870354460752 1.8483908282329697 1.8469113020051875 1.8454317757774052 1.843952249549623 1.8424727233218405 1.8409931970940558 1.8395136708662736 1.8380341446384914 1.836554618410709 1.8350750921829266 1.8335955659551444 1.8321160397273621 1.83063651349958 1.8291569872717977 1.8276774610440154 1.8261979348162332 1.824718408588451 1.8232388823606684 1.8217593561328838 1.8202798299051015 1.8188003036773193 1.817320777449537 1.8158412512217545 1.815027851224641 1.8149265552471312 1.8148252592696215 1.8147239632921117 1.814622667314602 1.8145213713370922 1.8144200753595825 1.8143187793820728 1.8142174834045628 1.814116187427053 1.8140148914495433 1.8139135954720336
1.8596880979422394 1.8574914924116313 1.8556471307381923 1.8541793257199546 1.8527115207017166 1.851243715683479 1.8497759106652412 1.8483081056470034 1.8468403006287655 1.8453724956105277 1.84390469059229 1.8424368855740523 1.8409690805558143 1.8395012755375766 1.8380334705193364 1.8365656655010985 1.8350978604828607 1.833630055464623 1.8321622504463853 1.8306944454281473 1.8292266404099096 1.8277588353916718 1.826291030373434 1.8248232253551961 1.8233554203369584 1.8218876153187207 1.820419810300483 1.8189520052822425 1.8174842002640048 1.816016395245767 1.8145485902275291 1.8130807852092914 1.8122604619033662 1.8121323112048688 1.8120041605063713 1.8118760098078737 1.8117478591093763 1.8116197084108787 1.8114915577123811 1.8113634070138838 1.811235256315386 1.8111071056168886 1.810978954918391 1.8108508042198934
1.8564682280843106 1.8543466704696234 1.8525467496489418 1.8510906658402484 1.8496345820315552 1.8481784982228617 1.8467224144141685 1.845266330605475 1.8438102467967818 1.8423541629880884 1.8408980791793952 1.839441995370702 1.8379859115620085 1.8365298277533153 1.8350737439446194 1.8336176601359262 1.8321615763272328 1.8307054925185395 1.829249408709846 1.8277933249011529 1.8263372410924594 1.8248811572837662 1.8234250734750728 1.8219689896663795 1.820512905857686 1.8190568220489929 1.8176007382402994 1.8161446544316038 1.8146885706229103 1.8132324868142171 1.8117764030055237 1.8103203191968305 1.8094930725820937 1.8093380671626085 1.8091830617431233 1.809028056323638 1.8088730509041528 1.8087180454846676 1.8085630400651824 1.808408034645697 1.8082530292262116 1.8080980238067264 1.8079430183872411 1.807788012967756
1.8532483582263815 1.8512018485276152 1.849446368559691 1.848002005960542 1.8465576433613933 1.8451132807622443 1.8436689181630954 1.8422245555639467 1.8407801929647978 1.839335830365649 1.8378914677665001 1.8364471051673512 1.8350027425682025 1.8335583799690536 1.8321140173699024 1.8306696547707535 1.8292252921716046 1.8277809295724559 1.826336566973307 1.8248922043741582 1.8234478417750093 1.8220034791758604 1.8205591165767117 1.8191147539775627 1.817670391378414 1.816226028779265 1.8147816661801164 1.813337303580965 1.811892940981816 1.8104485783826674 1.8090042157835184 1.8075598531843697 1.8067256832608216 1.8065438231203486 1.8063619629798755 1.8061801028394024 1.8059982426989296 1.8058163825584566 1.8056345224179835 1.8054526622775107 1.8052708021370374 1.8050889419965643 1.8049070818560913 1.8047252217156182
