Figures/CREST_Example_wjb_NSE/PETs/wjb.pet.20100320.asc
ncols            288
nrows            254
xllcorner        113.274861
yllcorner        31.4918055
cellsize         0.008333333333
NODATA_value     -9999
[rows 120 to 139 of 254, columns 44 to 87 of 288]
2.31541308237006 2.3145658729080307 2.3137186634460014 2.312871453983972 2.3120242445219423 2.311177035059913 2.3103298255978837 2.309482616135854 2.3086354066738233 2.307788197211794 2.306940987749764 2.306093778287735 2.3052465688257056 2.3043993593636762 2.3035521499016465 2.302704940439617 2.301857730977588 2.3010105215155585 2.3001633120535288 2.2993161025914994 2.29846889312947 2.297621683667439 2.2967744742054097 2.2959272647433804 2.2950800552813506 2.2942328458193213 2.293385636357292 2.2925384268952627 2.2906385500979205 2.2876133481224703 2.2845881461470205 2.2815629441715704 2.27853774219612 2.2755125402206704 2.2724873382452153 2.269462136269765 2.266436934294315 2.263411732318865 2.260386530343415 2.257361328367965 2.254336126392515 2.251310924417065 2.248285722441615 2.245260520466165
2.3152372238040595 2.314390852467926 2.3135444811317925 2.312698109795659 2.3118517384595254 2.311005367123392 2.3101589957872584 2.309312624451125 2.30846625311499 2.3076198817788565 2.306773510442723 2.3059271391065894 2.305080767770456 2.3042343964343224 2.303388025098189 2.3025416537620553 2.301695282425922 2.3008489110897883 2.3000025397536548 2.2991561684175212 2.2983097970813877 2.297463425745253 2.2966170544091193 2.295770683072986 2.2949243117368523 2.2940779404007188 2.2932315690645853 2.2923851977284517 2.290483100411945 2.2874524081566165 2.2844217159012876 2.281391023645959 2.2783603313906307 2.275329639135302 2.2722989468799684 2.26926825462464 2.2662375623693114 2.2632068701139825 2.260176177858654 2.2571454856033255 2.254114793347997 2.2510841010926685 2.2480534088373396 2.245022716582011
2.315061365238059 2.314215832027821 2.313370298817584 2.312524765607346 2.3116792323971085 2.3108336991868708 2.3099881659766335 2.3091426327663958 2.3082970995561567 2.307451566345919 2.3066060331356817 2.305760499925444 2.3049149667152062 2.3040694335049685 2.3032239002947312 2.3023783670844935 2.301532833874256 2.3006873006640185 2.2998417674537808 2.298996234243543 2.2981507010333053 2.2973051678230663 2.296459634612829 2.2956141014025913 2.2947685681923535 2.2939230349821162 2.2930775017718785 2.292231968561641 2.290327650725969 2.2872914681907623 2.284255285655555 2.281219103120348 2.2781829205851407 2.275146738049934 2.2721105555147214 2.269074372979514 2.266038190444307 2.2630020079091 2.259965825373893 2.256929642838686 2.2538934603034786 2.250857277768272 2.2478210952330646 2.2447849126978574
2.3148855066720584 2.3140408115877165 2.313196116503375 2.312351421419033 2.3115067263346916 2.3106620312503496 2.309817336166008 2.308972641081666 2.3081279459973234 2.3072832509129815 2.30643855582864 2.305593860744298 2.3047491656599566 2.303904470575615 2.303059775491273 2.3022150804069317 2.3013703853225898 2.3005256902382483 2.2996809951539063 2.298836300069565 2.2979916049852234 2.29714690990088 2.296302214816538 2.2954575197321967 2.294612824647855 2.2937681295635133 2.292923434479172 2.29207873939483 2.2901722010399936 2.287130528224908 2.284088855409822 2.2810471825947367 2.278005509779651 2.2749638369645653 2.2719221641494745 2.268880491334389 2.265838818519303 2.2627971457042175 2.259755472889132 2.256713800074046 2.2536721272589606 2.2506304544438747 2.247588781628789 2.2445471088137037
2.3147096481060574 2.3138657911476117 2.313021934189166 2.31217807723072 2.311334220272274 2.3104903633138285 2.309646506355383 2.308802649396937 2.30795879243849 2.307114935480044 2.3062710785215983 2.3054272215631526 2.304583364604707 2.3037395076462612 2.3028956506878155 2.30205179372937 2.3012079367709237 2.300364079812478 2.2995202228540323 2.2986763658955867 2.297832508937141 2.2969886519786935 2.296144795020248 2.295300938061802 2.2944570811033564 2.2936132241449108 2.292769367186465 2.2919255102280194 2.290016751354018 2.286969588259054 2.2839224251640897 2.2808752620691255 2.2778280989741613 2.274780935879197 2.2717337727842275 2.2686866096892633 2.265639446594299 2.262592283499335 2.2595451204043706 2.2564979573094064 2.253450794214442 2.250403631119478 2.2473564680245137 2.2443093049295495
2.314533789540057 2.313690770707507 2.312847751874957 2.3120047330424076 2.3111617142098577 2.310318695377308 2.309475676544758 2.308632657712208 2.307789638879657 2.306946620047107 2.306103601214557 2.305260582382007 2.3044175635494573 2.3035745447169074 2.302731525884358 2.301888507051808 2.301045488219258 2.3002024693867082 2.2993594505541584 2.2985164317216085 2.2976734128890586 2.2968303940565074 2.2959873752239575 2.2951443563914076 2.294301337558858 2.2934583187263082 2.2926152998937583 2.2917722810612084 2.2898613016680427 2.2868086482931997 2.2837559949183572 2.2807033415435143 2.2776506881686713 2.274598034793829 2.2715453814189805 2.268492728044138 2.265440074669295 2.2623874212944526 2.2593347679196096 2.2562821145447667 2.253229461169924 2.2501768077950812 2.2471241544202387 2.2440715010453958
2.3143579309740563 2.313515750267402 2.312673569560748 2.3118313888540944 2.3109892081474404 2.3101470274407867 2.3093048467341326 2.3084626660274785 2.3076204853208235 2.3067783046141694 2.3059361239075153 2.3050939432008617 2.3042517624942076 2.303409581787554 2.3025674010809 2.3017252203742458 2.300883039667592 2.300040858960938 2.2991986782542844 2.2983564975476303 2.297514316840976 2.296672136134321 2.295829955427667 2.294987774721013 2.2941455940143594 2.2933034133077053 2.2924612326010516 2.2916190518943975 2.289705851982067 2.2866477083273455 2.2835895646726243 2.280531421017903 2.277473277363182 2.2744151337084606 2.271356990053734 2.268298846399013 2.265240702744291 2.26218255908957 2.2591244154348487 2.2560662717801274 2.253008128125406 2.2499499844706845 2.2468918408159633 2.243833697161242
2.3141820724080553 2.3133407298272974 2.312499387246539 2.3116580446657813 2.3108167020850234 2.309975359504265 2.3091340169235073 2.3082926743427494 2.30745133176199 2.306609989181232 2.305768646600474 2.304927304019716 2.304085961438958 2.3032446188582 2.3024032762774422 2.301561933696684 2.300720591115926 2.2998792485351682 2.29903790595441 2.298196563373652 2.2973552207928942 2.2965138782121346 2.2956725356313767 2.294831193050619 2.2939898504698606 2.2931485078891027 2.292307165308345 2.2914658227275866 2.2895504022960913 2.2864867683614913 2.283423134426892 2.280359500492292 2.277295866557692 2.274232232623092 2.271168598688487 2.268104964753887 2.265041330819287 2.261977696884687 2.2589140629500877 2.2558504290154877 2.2527867950808877 2.249723161146288 2.2466595272116883 2.2435958932770883
2.3140062138420547 2.3131657093871927 2.3123252049323306 2.3114847004774686 2.3106441960226065 2.3098036915677445 2.3089631871128824 2.3081226826580203 2.307282178203157 2.306441673748295 2.305601169293433 2.304760664838571 2.3039201603837087 2.3030796559288462 2.302239151473984 2.301398647019122 2.30055814256426 2.299717638109398 2.298877133654536 2.298036629199674 2.297196124744812 2.2963556202899484 2.2955151158350864 2.2946746113802243 2.2938341069253623 2.2929936024705 2.292153098015638 2.291312593560776 2.289394952610116 2.2863258283956376 2.283256704181159 2.2801875799666806 2.277118455752202 2.2740493315377237 2.27098020732324 2.267911083108762 2.264841958894283 2.261772834679805 2.2587037104653263 2.255634586250848 2.2525654620363698 2.249496337821891 2.246427213607413 2.243358089392934
2.313830355276054 2.312990688947088 2.3121510226181217 2.3113113562891554 2.3104716899601896 2.3096320236312233 2.308792357302257 2.307952690973291 2.307113024644323 2.3062733583153574 2.305433691986391 2.304594025657425 2.3037543593284586 2.302914692999493 2.3020750266705265 2.3012353603415603 2.300395694012594 2.299556027683628 2.298716361354662 2.2978766950256957 2.2970370286967294 2.296197362367762 2.295357696038796 2.2945180297098298 2.2936783633808635 2.2928386970518972 2.2919990307229314 2.291159364393965 2.2892395029241404 2.2861648884297834 2.2830902739354264 2.2800156594410694 2.2769410449467125 2.2738664304523555 2.270791815957993 2.267717201463636 2.2646425869692792 2.2615679724749223 2.2584933579805653 2.2554187434862083 2.2523441289918518 2.249269514497495 2.246194900003138 2.243120285508781
2.3136544967100536 2.312815668506983 2.311976840303913 2.3111380121008427 2.3102991838977727 2.309460355694702 2.308621527491632 2.3077826992885617 2.30694387108549 2.30610504288242 2.3052662146793494 2.3044273864762794 2.303588558273209 2.302749730070139 2.3019109018670685 2.3010720736639985 2.300233245460928 2.299394417257858 2.2985555890547875 2.2977167608517175 2.296877932648647 2.2960391044455752 2.295200276242505 2.2943614480394348 2.2935226198363647 2.2926837916332943 2.2918449634302243 2.291006135227154 2.2890840532381644 2.2860039484639287 2.2829238436896935 2.2798437389154578 2.276763634141222 2.273683529366987 2.2706034245927462 2.2675233198185105 2.2644432150442753 2.2613631102700396 2.258283005495804 2.2552029007215686 2.252122795947333 2.2490426911730976 2.245962586398862 2.2428824816246267
2.3134786381440526 2.3126406480668784 2.311802657989704 2.31096466791253 2.3101266778353553 2.309288687758181 2.308450697681007 2.3076127076038326 2.3067747175266566 2.3059367274494824 2.305098737372308 2.3042607472951335 2.3034227572179593 2.302584767140785 2.301746777063611 2.3009087869864366 2.300070796909262 2.2992328068320877 2.2983948167549135 2.2975568266777393 2.2967188366005646 2.295880846523389 2.295042856446215 2.29420486636904 2.293366876291866 2.2925288862146918 2.2916908961375175 2.290852906060343 2.2889286035521885 2.2858430084980745 2.2827574134439605 2.2796718183898466 2.2765862233357326 2.2735006282816186 2.2704150332274993 2.2673294381733853 2.264243843119271 2.261158248065157 2.258072653011043 2.254987057956929 2.251901462902815 2.248815867848701 2.245730272794587 2.242644677740473
2.313302779578052 2.3124656276267737 2.3116284756754952 2.310791323724217 2.3099541717729384 2.30911701982166 2.3082798678703815 2.307442715919103 2.3066055639678233 2.305768412016545 2.3049312600652665 2.304094108113988 2.3032569561627096 2.302419804211431 2.301582652260153 2.3007455003088744 2.299908348357596 2.2990711964063175 2.298234044455039 2.2973968925037607 2.2965597405524827 2.2957225886012025 2.294885436649924 2.2940482846986456 2.2932111327473677 2.2923739807960892 2.291536828844811 2.2906996768935324 2.288773153866213 2.2856820685322203 2.282590983198228 2.2794998978642353 2.2764088125302426 2.27331772719625 2.2702266418622523 2.2671355565282596 2.264044471194267 2.2609533858602746 2.257862300526282 2.254771215192289 2.2516801298582965 2.248589044524304 2.2454979591903115 2.2424068738563188
2.3131269210120515 2.312290607186669 2.3114542933612867 2.310617979535904 2.3097816657105215 2.3089453518851393 2.3081090380597566 2.307272724234374 2.30643641040899 2.305600096583608 2.3047637827582252 2.3039274689328426 2.3030911551074604 2.302254841282078 2.301418527456695 2.3005822136313125 2.2997458998059304 2.2989095859805477 2.298073272155165 2.297236958329783 2.2964006445044003 2.2955643306790163 2.2947280168536337 2.2938917030282515 2.293055389202869 2.2922190753774863 2.291382761552104 2.2905464477267214 2.2886177041802376 2.2855211285663666 2.282424552952495 2.279327977338624 2.276231401724753 2.2731348261108817 2.2700382504970054 2.2669416748831344 2.2638450992692634 2.260748523655392 2.257651948041521 2.25455537242765 2.2514587968137785 2.2483622211999075 2.2452656455860365 2.242169069972165
2.3129510624460505 2.312115586746564 2.3112801110470778 2.310444635347591 2.3096091596481045 2.3087736839486177 2.3079382082491313 2.307102732549645 2.3062672568501568 2.3054317811506704 2.3045963054511835 2.303760829751697 2.3029253540522103 2.302089878352724 2.3012544026532376 2.3004189269537507 2.2995834512542643 2.2987479755547775 2.297912499855291 2.2970770241558047 2.296241548456318 2.29540607275683 2.2945705970573433 2.293735121357857 2.29289964565837 2.2920641699588837 2.2912286942593973 2.2903932185599105 2.288462254494262 2.2853601886005124 2.2822581227067626 2.279156056813013 2.276053990919263 2.2729519250255135 2.2698498591317584 2.2667477932380087 2.263645727344259 2.2605436614505097 2.25744159555676 2.25433952966301 2.2512374637692605 2.2481353978755108 2.245033331981761 2.2419312660880113
2.31277520388005 2.3119405663064594 2.311105928732869 2.310271291159278 2.309436653585687 2.3086020160120966 2.307767378438506 2.3069327408649154 2.3060981032913235 2.305263465717733 2.3044288281441423 2.3035941905705513 2.3027595529969607 2.30192491542337 2.3010902778497795 2.300255640276189 2.2994210027025983 2.2985863651290077 2.297751727555417 2.2969170899818265 2.2960824524082355 2.2952478148346436 2.294413177261053 2.2935785396874624 2.292743902113872 2.291909264540281 2.2910746269666906 2.2902399893930996 2.288306804808286 2.285199248634658 2.2820916924610297 2.2789841362874017 2.2758765801137733 2.2727690239401452 2.2696614677665115 2.2665539115928834 2.263446355419255 2.260338799245627 2.2572312430719985 2.2541236868983705 2.251016130724742 2.247908574551114 2.2448010183774856 2.2416934622038576
2.3125993453140494 2.3117655458663546 2.31093174641866 2.3100979469709655 2.3092641475232707 2.308430348075576 2.307596548627881 2.3067627491801863 2.30592894973249 2.3050951502847954 2.3042613508371006 2.3034275513894062 2.3025937519417115 2.3017599524940167 2.300926153046322 2.300092353598627 2.2992585541509323 2.2984247547032375 2.297590955255543 2.2967571558078483 2.2959233563601535 2.2950895569124574 2.2942557574647626 2.293421958017068 2.292588158569373 2.2917543591216782 2.290920559673984 2.290086760226289 2.2881513551223107 2.285038308668804 2.2819252622152972 2.2788122157617905 2.2756991693082838 2.272586122854777 2.269473076401265 2.266360029947758 2.2632469834942515 2.2601339370407443 2.2570208905872375 2.253907844133731 2.250794797680224 2.2476817512267173 2.2445687047732106 2.241455658319704
2.3124234867480484 2.31159052542625 2.310757564104451 2.3099246027826523 2.3090916414608533 2.3082586801390543 2.3074257188172558 2.306592757495457 2.305759796173657 2.304926834851858 2.304093873530059 2.3032609122082603 2.3024279508864613 2.301594989564663 2.300762028242864 2.299929066921065 2.2990961055992662 2.2982631442774673 2.2974301829556687 2.2965972216338697 2.2957642603120707 2.294931298990271 2.294098337668472 2.293265376346673 2.2924324150248743 2.2915994537030753 2.2907664923812767 2.2899335310594777 2.287995905436335 2.2848773687029493 2.281758831969564 2.278640295236179 2.2755217585027934 2.272403221769408 2.2692846850360175 2.266166148302632 2.2630476115692466 2.2599290748358616 2.256810538102476 2.2536920013690906 2.2505734646357056 2.24745492790232 2.2443363911689347 2.2412178544355497
2.312247628182048 2.311415504986145 2.310583381790242 2.309751258594339 2.3089191353984364 2.308087012202533 2.3072548890066304 2.3064227658107277 2.305590642614823 2.3047585194189204 2.3039263962230176 2.3030942730271144 2.3022621498312117 2.301430026635309 2.3005979034394057 2.299765780243503 2.2989336570476 2.2981015338516975 2.2972694106557943 2.2964372874598915 2.2956051642639888 2.294773041068084 2.2939409178721815 2.2931087946762787 2.2922766714803755 2.2914445482844727 2.29061242508857 2.289780301892667 2.2878404557503593 2.284716428737095 2.2815924017238314 2.2784683747105676 2.275344347697304 2.2722203206840397 2.2690962936707706 2.265972266657507 2.262848239644243 2.259724212630979 2.256600185617715 2.2534761586044514 2.2503521315911876 2.2472281045779234 2.2441040775646597 2.240980050551396
2.3120717696160473 2.3112404845460404 2.3104091994760334 2.3095779144060264 2.3087466293360195 2.3079153442660125 2.3070840591960056 2.3062527741259986 2.3054214890559903 2.3045902039859834 2.3037589189159764 2.302927633845969 2.302096348775962 2.301265063705955 2.300433778635948 2.299602493565941 2.298771208495934 2.2979399234259272 2.2971086383559203 2.2962773532859133 2.2954460682159064 2.294614783145898 2.293783498075891 2.292952213005884 2.292120927935877 2.2912896428658702 2.2904583577958633 2.2896270727258563 2.2876850060643834 2.2845554887712414 2.281425971478099 2.2782964541849564 2.275166936891814 2.2720374195986714 2.2689079023055236 2.265778385012381 2.262648867719239 2.2595193504260966 2.256389833132954 2.2532603158398117 2.250130798546669 2.2470012812535267 2.2438717639603842 2.240742246667242
