Figures/CREST_Example_wjb_NSE/PETs/wjb.pet.20091113.asc
ncols            288
nrows            254
xllcorner        113.274861
yllcorner        31.4918055
cellsize         0.008333333333
NODATA_value     -9999
[rows 114 to 132 of 254, columns 220 to 263 of 288]
0.6772276954622245 0.6775820515602748 0.6778024713675032 0.6778797102486323 0.6779569491297613 0.6780341880108904 0.6781114268920195 0.6781886657731486 0.6782659046542777 0.6783431435354067 0.6784203824165358 0.6784976212976649 0.678574860178794 0.6786520990599231 0.6787293379410523 0.6788065768221814 0.6788838157033105 0.6789610545844396 0.6790382934655687 0.6791155323466977 0.6791927712278268 0.6792700101089559 0.679347248990085 0.679424487871214 0.6795017267523431 0.6795789656334722 0.6796562045146013 0.6797334433957305 0.6798106822768596 0.6798879211579887 0.6799651600391178 0.6800423989202469 0.6799385874944732 0.6796412291922065 0.6793438708899399 -9999.0 -9999.0 -9999.0 -9999.0 -9999.0 -9999.0 -9999.0 -9999.0 -9999.0
0.6781957907521712 0.6785326372332899 0.6787339598687813 0.6787904044461569 0.6788468490235325 0.6789032936009082 0.6789597381782838 0.6790161827556594 0.6790726273330351 0.6791290719104107 0.6791855164877864 0.679241961065162 0.6792984056425376 0.6793548502199133 0.679411294797289 0.6794677393746646 0.6795241839520403 0.6795806285294159 0.6796370731067916 0.6796935176841672 0.6797499622615429 0.6798064068389186 0.6798628514162942 0.6799192959936698 0.6799757405710455 0.6800321851484211 0.6800886297257968 0.6801450743031725 0.6802015188805481 0.6802579634579238 0.6803144080352994 0.680370852612675 0.6802531158333607 0.6799491752408223 0.679645234648284 0.6793412940557456 0.6790373534632073 -9999.0 -9999.0 -9999.0 -9999.0 -9999.0 -9999.0 -9999.0
0.6791638860421179 0.6794832229063051 0.6796654483700594 0.6797010986436816 0.6797367489173037 0.6797723991909259 0.6798080494645482 0.6798436997381704 0.6798793500117926 0.6799150002854147 0.6799506505590369 0.6799863008326591 0.6800219511062813 0.6800576013799036 0.6800932516535257 0.6801289019271479 0.6801645522007702 0.6802002024743924 0.6802358527480146 0.6802715030216367 0.6803071532952589 0.6803428035688811 0.6803784538425033 0.6804141041161256 0.6804497543897478 0.6804854046633699 0.6805210549369921 0.6805567052106144 0.6805923554842366 0.6806280057578588 0.6806636560314809 0.6806993063051031 0.680567644172248 0.680257121289438 0.679946598406628 0.679636075523818 0.6793255526410079 0.6790150297581979 -9999.0 -9999.0 -9999.0 -9999.0 -9999.0 -9999.0
0.6801319813320644 0.6804338085793203 0.6805969368713374 0.6806117928412062 0.6806266488110749 0.6806415047809437 0.6806563607508125 0.6806712167206812 0.6806860726905499 0.6807009286604186 0.6807157846302875 0.6807306406001562 0.6807454965700249 0.6807603525398938 0.6807752085097625 0.6807900644796312 0.6808049204495 0.6808197764193687 0.6808346323892375 0.6808494883591063 0.680864344328975 0.6808792002988437 0.6808940562687126 0.6809089122385813 0.68092376820845 0.6809386241783187 0.6809534801481876 0.6809683361180563 0.6809831920879251 0.6809980480577938 0.6810129040276626 0.6810277599975313 0.6808821725111356 0.6805650673380539 0.6802479621649722 0.6799308569918904 0.6796137518188087 0.679296646645727 0.6789795414726453 0.6786624362995636 -9999.0 -9999.0 -9999.0 -9999.0
0.6807889440853926 0.6810711695064665 0.6812168655606289 0.6812166086316663 0.6812163517027038 0.6812160947737412 0.6812158378447786 0.681215580915816 0.6812153239868535 0.6812150670578909 0.6812148101289283 0.6812145531999657 0.6812142962710032 0.6812140393420406 0.681213782413078 0.6812135254841154 0.6812132685551529 0.6812130116261903 0.6812127546972276 0.6812124977682651 0.6812122408393025 0.68121198391034 0.6812117269813773 0.6812114700524148 0.6812112131234522 0.6812109561944897 0.681210699265527 0.6812104423365645 0.6812101854076019 0.6812099284786394 0.6812096715496767 0.6812094146207142 0.6810564113971324 0.680740118926903 0.6804238264566737 0.6801075339864443 0.6797912415162151 0.6794749490459857 0.6791586565757564 0.678842364105527 -9999.0 -9999.0 -9999.0 -9999.0
0.6811133257718348 0.6813737129269374 0.6815037564526027 0.6814944596884972 0.6814851629243918 0.6814758661602862 0.6814665693961807 0.6814572726320751 0.6814479758679696 0.681438679103864 0.6814293823397586 0.681420085575653 0.6814107888115475 0.6814014920474419 0.6813921952833364 0.6813828985192308 0.6813736017551253 0.6813643049910199 0.6813550082269143 0.6813457114628088 0.6813364146987032 0.6813271179345977 0.6813178211704921 0.6813085244063867 0.6812992276422811 0.6812899308781756 0.68128063411407 0.6812713373499645 0.6812620405858589 0.6812527438217534 0.6812434470576479 0.6812341502935424 0.6810806897022711 0.6807731147163405 0.6804655397304098 0.6801579647444792 0.6798503897585486 0.6795428147726179 0.6792352397866873 0.6789276648007567 0.6786200898148256 -9999.0 -9999.0 -9999.0
0.681437707458277 0.6816762563474082 0.6817906473445766 0.6817723107453282 0.6817539741460796 0.6817356375468312 0.6817173009475826 0.6816989643483342 0.6816806277490858 0.6816622911498372 0.6816439545505888 0.6816256179513402 0.6816072813520918 0.6815889447528433 0.6815706081535947 0.6815522715543463 0.6815339349550977 0.6815155983558493 0.6814972617566009 0.6814789251573523 0.6814605885581039 0.6814422519588553 0.6814239153596069 0.6814055787603583 0.6813872421611099 0.6813689055618614 0.6813505689626129 0.6813322323633644 0.6813138957641159 0.6812955591648674 0.681277222565619 0.6812588859663704 0.6811049680074097 0.6808061105057778 0.6805072530041458 0.680208395502514 0.679909538000882 0.6796106804992501 0.6793118229976182 0.6790129654959862 0.6787141079943538 0.6784152504927219 0.67811639299109 -9999.0
0.6817620891447191 0.6819787997678791 0.6820775382365505 0.682050161802159 0.6820227853677676 0.6819954089333762 0.6819680324989847 0.6819406560645933 0.6819132796302019 0.6818859031958104 0.681858526761419 0.6818311503270276 0.6818037738926361 0.6817763974582447 0.6817490210238532 0.6817216445894617 0.6816942681550703 0.6816668917206788 0.6816395152862874 0.681612138851896 0.6815847624175045 0.6815573859831131 0.6815300095487217 0.6815026331143301 0.6814752566799387 0.6814478802455473 0.6814205038111558 0.6813931273767644 0.681365750942373 0.6813383745079815 0.6813109980735901 0.6812836216391986 0.6811292463125485 0.6808391062952153 0.680548966277882 0.6802588262605488 0.6799686862432156 0.6796785462258823 0.6793884062085491 0.6790982661912159 0.6788081261738822 0.6785179861565489 0.6782278461392157 -9999.0
0.6820864708311614 0.68228134318835 0.6823644291285244 0.68232801285899 0.6822915965894556 0.6822551803199212 0.6822187640503868 0.6821823477808524 0.682145931511318 0.6821095152417836 0.6820730989722492 0.6820366827027148 0.6820002664331803 0.681963850163646 0.6819274338941115 0.6818910176245772 0.6818546013550427 0.6818181850855083 0.681781768815974 0.6817453525464395 0.6817089362769051 0.6816725200073708 0.6816361037378363 0.6815996874683019 0.6815632711987675 0.6815268549292332 0.6814904386596987 0.6814540223901643 0.6814176061206298 0.6813811898510954 0.6813447735815611 0.6813083573120267 0.6811535246176871 0.6808721020846527 0.6805906795516181 0.6803092570185836 0.680027834485549 0.6797464119525145 0.67946498941948 0.6791835668864454 0.6789021443534105 0.6786207218203759 0.6783392992873414 0.6780578767543068
0.6824108525176036 0.6825838866088207 0.6826513200204982 0.6826058639158209 0.6825604078111436 0.6825149517064663 0.6824694956017888 0.6824240394971115 0.6823785833924342 0.6823331272877567 0.6822876711830794 0.6822422150784021 0.6821967589737247 0.6821513028690473 0.6821058467643699 0.6820603906596926 0.6820149345550153 0.6819694784503378 0.6819240223456605 0.6818785662409832 0.6818331101363058 0.6817876540316284 0.6817421979269511 0.6816967418222737 0.6816512857175964 0.681605829612919 0.6815603735082417 0.6815149174035643 0.6814694612988869 0.6814240051942095 0.6813785490895322 0.6813330929848548 0.6811778029228259 0.68090509787409 0.6806323928253543 0.6803596877766184 0.6800869827278826 0.6798142776791467 0.6795415726304109 0.679268867581675 0.6789961625329388 0.6787234574842029 0.6784507524354672 0.6781780473867313
0.6827352342040459 0.6828864300292918 0.6829382109124724 0.6828837149726521 0.6828292190328318 0.6827747230930115 0.682720227153191 0.6826657312133707 0.6826112352735504 0.6825567393337301 0.6825022433939097 0.6824477474540894 0.6823932515142691 0.6823387555744488 0.6822842596346285 0.6822297636948081 0.6821752677549878 0.6821207718151675 0.6820662758753472 0.6820117799355269 0.6819572839957065 0.6819027880558862 0.6818482921160659 0.6817937961762456 0.6817393002364253 0.6816848042966049 0.6816303083567846 0.6815758124169642 0.6815213164771439 0.6814668205373235 0.6814123245975032 0.6813578286576829 0.6812020812279646 0.6809380936635274 0.6806741060990903 0.6804101185346532 0.680146130970216 0.6798821434057789 0.6796181558413418 0.6793541682769046 0.6790901807124671 0.67882619314803 0.6785622055835929 0.6782982180191558
0.6830596158904881 0.6831889734497627 0.6832251018044463 0.683161566029483 0.6830980302545197 0.6830344944795564 0.6829709587045931 0.6829074229296299 0.6828438871546666 0.6827803513797033 0.6827168156047401 0.6826532798297767 0.6825897440548135 0.6825262082798502 0.6824626725048868 0.6823991367299236 0.6823356009549603 0.6822720651799971 0.6822085294050337 0.6821449936300704 0.6820814578551072 0.6820179220801439 0.6819543863051807 0.6818908505302174 0.681827314755254 0.6817637789802908 0.6817002432053275 0.6816367074303642 0.6815731716554009 0.6815096358804376 0.6814461001054744 0.681382564330511 0.6812263595331033 0.6809710894529648 0.6807158193728264 0.6804605492926881 0.6802052792125496 0.6799500091324112 0.6796947390522727 0.6794394689721344 0.6791841988919954 0.6789289288118571 0.6786736587317186 0.6784183886515802
0.6833839975769304 0.6834915168702336 0.6835119926964202 0.6834394170863138 0.6833668414762076 0.6832942658661014 0.6832216902559952 0.6831491146458889 0.6830765390357827 0.6830039634256765 0.6829313878155703 0.6828588122054641 0.6827862365953578 0.6827136609852515 0.6826410853751452 0.6825685097650389 0.6824959341549327 0.6824233585448265 0.6823507829347203 0.6822782073246141 0.6822056317145078 0.6821330561044016 0.6820604804942954 0.6819879048841891 0.6819153292740828 0.6818427536639766 0.6817701780538704 0.6816976024437641 0.6816250268336578 0.6815524512235516 0.6814798756134454 0.6814073000033392 0.6812506378382419 0.6810040852424022 0.6807575326465625 0.6805109800507227 0.680264427454883 0.6800178748590433 0.6797713222632036 0.679524769667364 0.6792782170715238 0.6790316644756841 0.6787851118798444 0.6785385592840046
0.6837083792633725 0.6837940602907044 0.683798883588394 0.6837172681431448 0.6836356526978956 0.6835540372526464 0.6834724218073972 0.683390806362148 0.6833091909168988 0.6832275754716497 0.6831459600264005 0.6830643445811513 0.6829827291359021 0.6829011136906529 0.6828194982454036 0.6827378828001543 0.6826562673549051 0.6825746519096559 0.6824930364644068 0.6824114210191576 0.6823298055739084 0.6822481901286592 0.68216657468341 0.6820849592381608 0.6820033437929116 0.6819217283476624 0.6818401129024133 0.681758497457164 0.6816768820119148 0.6815952665666656 0.6815136511214164 0.6814320356761672 0.6812749161433805 0.6810370810318396 0.6807992459202985 0.6805614108087575 0.6803235756972165 0.6800857405856755 0.6798479054741345 0.6796100703625935 0.6793722352510521 0.6791344001395111 0.67889656502797 0.6786587299164291
0.6840327609498147 0.6840966037111753 0.6840857744803679 0.6839951191999757 0.6839044639195836 0.6838138086391914 0.6837231533587993 0.6836324980784071 0.683541842798015 0.6834511875176228 0.6833605322372307 0.6832698769568386 0.6831792216764464 0.6830885663960543 0.682997911115662 0.6829072558352698 0.6828166005548777 0.6827259452744855 0.6826352899940934 0.6825446347137012 0.6824539794333091 0.6823633241529169 0.6822726688725248 0.6821820135921327 0.6820913583117405 0.6820007030313484 0.6819100477509562 0.6818193924705639 0.6817287371901718 0.6816380819097796 0.6815474266293875 0.6814567713489953 0.6812991944485193 0.681070076821277 0.6808409591940346 0.6806118415667923 0.68038272393955 0.6801536063123077 0.6799244886850654 0.6796953710578231 0.6794662534305804 0.6792371358033381 0.6790080181760958 0.6787789005488535
0.6843571426362569 0.6843991471316462 0.6843726653723418 0.6842729702568067 0.6841732751412716 0.6840735800257364 0.6839738849102013 0.6838741897946662 0.6837744946791311 0.683674799563596 0.6835751044480609 0.6834754093325258 0.6833757142169907 0.6832760191014556 0.6831763239859203 0.6830766288703852 0.6829769337548501 0.682877238639315 0.68277754352378 0.6826778484082449 0.6825781532927097 0.6824784581771746 0.6823787630616395 0.6822790679461044 0.6821793728305693 0.6820796777150342 0.6819799825994991 0.6818802874839638 0.6817805923684287 0.6816808972528936 0.6815812021373585 0.6814815070218234 0.681323472753658 0.6811030726107143 0.6808826724677708 0.6806622723248271 0.6804418721818836 0.6802214720389399 0.6800010718959962 0.6797806717530527 0.6795602716101087 0.679339871467165 0.6791194713242215 0.6788990711812778
0.684681524322699 0.684701690552117 0.6846595562643156 0.6845508213136375 0.6844420863629594 0.6843333514122815 0.6842246164616034 0.6841158815109253 0.6840071465602473 0.6838984116095692 0.6837896766588911 0.6836809417082131 0.683572206757535 0.683463471806857 0.6833547368561788 0.6832460019055007 0.6831372669548226 0.6830285320041446 0.6829197970534665 0.6828110621027884 0.6827023271521104 0.6825935922014323 0.6824848572507543 0.6823761223000763 0.6822673873493982 0.6821586523987201 0.682049917448042 0.6819411824973638 0.6818324475466857 0.6817237125960077 0.6816149776453296 0.6815062426946515 0.6813477510587967 0.6811360684001518 0.6809243857415069 0.680712703082862 0.6805010204242171 0.6802893377655721 0.6800776551069272 0.6798659724482823 0.679654289789637 0.6794426071309921 0.6792309244723472 0.6790192418137023
0.6850059060091416 0.6850042339725883 0.6849464471562898 0.6848286723704687 0.6847108975846478 0.6845931227988268 0.6844753480130057 0.6843575732271847 0.6842397984413636 0.6841220236555426 0.6840042488697216 0.6838864740839006 0.6837686992980796 0.6836509245122585 0.6835331497264373 0.6834153749406162 0.6832976001547952 0.6831798253689743 0.6830620505831532 0.6829442757973322 0.6828265010115111 0.6827087262256901 0.682590951439869 0.682473176654048 0.6823554018682271 0.682237627082406 0.682119852296585 0.6820020775107637 0.6818843027249427 0.6817665279391217 0.6816487531533006 0.6815309783674797 0.6813720293639354 0.6811690641895892 0.680966099015243 0.6807631338408967 0.6805601686665506 0.6803572034922043 0.6801542383178582 0.6799512731435119 0.6797483079691654 0.6795453427948192 0.679342377620473 0.6791394124461267
0.6853302876955838 0.6853067773930591 0.6852333380482637 0.6851065234272997 0.6849797088063357 0.6848528941853718 0.6847260795644078 0.6845992649434438 0.6844724503224798 0.6843456357015159 0.6842188210805519 0.6840920064595879 0.6839651918386239 0.6838383772176599 0.6837115625966957 0.6835847479757318 0.6834579333547678 0.6833311187338038 0.6832043041128397 0.6830774894918757 0.6829506748709118 0.6828238602499478 0.6826970456289838 0.6825702310080198 0.6824434163870559 0.6823166017660919 0.6821897871451279 0.6820629725241637 0.6819361579031997 0.6818093432822357 0.6816825286612718 0.6815557140403078 0.6813963076690741 0.6812020599790266 0.6810078122889791 0.6808135645989316 0.6806193169088841 0.6804250692188366 0.6802308215287891 0.6800365738387416 0.6798423261486938 0.6796480784586462 0.6794538307685987 0.6792595830785512
