Figures/CREST_Example_wjb_NSE/PETs/wjb.pet.20090116.asc
ncols            288
nrows            254
xllcorner        113.274861
yllcorner        31.4918055
cellsize         0.008333333333
NODATA_value     -9999
[rows 114 to 132 of 254, columns 176 to 219 of 288]
0.7136253295103026 0.7140845784341315 0.7145438273579606 0.7150030762817897 0.7154623252056187 0.7159215741294478 0.7163808230532777 0.7168400719771068 0.7172993209009357 0.7177585698247648 0.7182178187485939 0.7186770676724229 0.719136316596252 0.7195955655200811 0.7200548144439101 0.7205140633677392 0.7211256398478536 0.721900057932293 0.7226744760167324 0.7234488941011731 0.7242233121856124 0.7249977302700519 0.7257721483544912 0.7265465664389307 0.72732098452337 0.7280954026078094 0.7288698206922488 0.7296442387766882 0.7304186568611276 0.731193074945567 0.7319674930300063 0.7327419111144458 0.7335163291988864 0.7342907472833259 0.7350651653677652 0.7358395834522046 0.736614001536644 0.7373884196210834 0.7381628377055228 0.7389372557899622 0.7397116738744015 0.740486091958841 0.7412605100432803 0.7420349281277198
0.7158836387484504 0.7163275499081864 0.7167714610679223 0.7172153722276583 0.7176592833873943 0.7181031945471301 0.7185471057068669 0.7189910168666028 0.7194349280263387 0.7198788391860746 0.7203227503458106 0.7207666615055466 0.7212105726652825 0.7216544838250184 0.7220983949847544 0.7225423061444903 0.7231482537760836 0.723927422062428 0.7247065903487725 0.7254857586351183 0.7262649269214628 0.7270440952078072 0.7278232634941517 0.7286024317804962 0.7293816000668406 0.7301607683531851 0.7309399366395296 0.7317191049258741 0.7324982732122185 0.733277441498563 0.7340566097849075 0.734835778071252 0.7356149463575977 0.7363941146439422 0.7371732829302867 0.7379524512166311 0.7387316195029756 0.7395107877893201 0.7402899560756646 0.741069124362009 0.7418482926483535 0.742627460934698 0.7434066292210424 0.7441857975073869
0.7181419479865985 0.7185705213822413 0.7189990947778842 0.7194276681735269 0.7198562415691697 0.7202848149648126 0.7207133883604562 0.721141961756099 0.7215705351517417 0.7219991085473846 0.7224276819430274 0.7228562553386703 0.7232848287343131 0.7237134021299559 0.7241419755255988 0.7245705489212416 0.7251708677043137 0.7259547861925633 0.7267387046808128 0.7275226231690637 0.7283065416573132 0.7290904601455628 0.7298743786338123 0.7306582971220619 0.7314422156103114 0.732226134098561 0.7330100525868105 0.7337939710750601 0.7345778895633096 0.7353618080515592 0.7361457265398087 0.7369296450280582 0.7377135635163091 0.7384974820045587 0.7392814004928082 0.7400653189810578 0.7408492374693073 0.7416331559575569 0.7424170744458064 0.743200992934056 0.7439849114223055 0.744768829910555 0.7455527483988046 0.7463366668870541
0.7204002572247463 0.720813492856296 0.7212267284878457 0.7216399641193955 0.7220531997509452 0.7224664353824949 0.7228796710140453 0.723292906645595 0.7237061422771447 0.7241193779086944 0.7245326135402441 0.7249458491717938 0.7253590848033435 0.7257723204348933 0.726185556066443 0.7265987916979927 0.7271934816325436 0.7279821503226983 0.7287708190128529 0.7295594877030088 0.7303481563931635 0.7311368250833181 0.7319254937734727 0.7327141624636273 0.733502831153782 0.7342914998439366 0.7350801685340912 0.7358688372242459 0.7366575059144005 0.7374461746045551 0.7382348432947097 0.7390235119848644 0.7398121806750203 0.7406008493651749 0.7413895180553296 0.7421781867454842 0.7429668554356388 0.7437555241257935 0.7445441928159481 0.7453328615061027 0.7461215301962573 0.746910198886412 0.7476988675765666 0.7484875362667212
0.7221810794739209 0.7225879639564141 0.7229948484389073 0.7234017329214005 0.7238086174038938 0.7242155018863871 0.724622386368881 0.7250292708513743 0.7254361553338675 0.7258430398163608 0.726249924298854 0.7266568087813473 0.7270636932638406 0.7274705777463338 0.7278774622288271 0.7282843467113204 0.7288721535252585 0.7296533704051699 0.7304345872850813 0.731215804164994 0.7319970210449054 0.7327782379248168 0.7335594548047282 0.7343406716846396 0.735121888564551 0.7359031054444624 0.7366843223243738 0.7374655392042851 0.7382467560841967 0.739027972964108 0.7398091898440194 0.7405904067239308 0.7413716236038436 0.742152840483755 0.7429340573636664 0.7437152742435778 0.7444964911234891 0.7452777080034005 0.7460589248833119 0.7468401417632233 0.7476213586431347 0.7484025755230461 0.7491837924029575 0.7499650092828689
0.7234514982341407 0.7238616376925076 0.7242717771508744 0.7246819166092413 0.7250920560676083 0.7255021955259752 0.7259123349843427 0.7263224744427097 0.7267326139010766 0.7271427533594435 0.7275528928178103 0.7279630322761773 0.7283731717345442 0.7287833111929111 0.7291934506512779 0.7296035901096449 0.7301831730651775 0.7309438949531119 0.7317046168410463 0.7324653387289819 0.7332260606169162 0.7339867825048506 0.7347475043927849 0.7355082262807193 0.7362689481686536 0.737029670056588 0.7377903919445223 0.7385511138324568 0.739311835720391 0.7400725576083255 0.7408332794962598 0.7415940013841942 0.7423547232721298 0.7431154451600642 0.7438761670479985 0.7446368889359329 0.7453976108238672 0.7461583327118017 0.746919054599736 0.7476797764876704 0.7484404983756047 0.7492012202635391 0.7499619421514734 0.7507226640394078
0.7247219169943605 0.725135311428601 0.7255487058628416 0.7259621002970821 0.7263754947313227 0.7267888891655632 0.7272022835998044 0.727615678034045 0.7280290724682855 0.7284424669025261 0.7288558613367667 0.7292692557710072 0.7296826502052478 0.7300960446394883 0.7305094390737289 0.7309228335079694 0.7314941926050965 0.7322344195010538 0.7329746463970112 0.7337148732929697 0.734455100188927 0.7351953270848843 0.7359355539808417 0.736675780876799 0.7374160077727563 0.7381562346687136 0.7388964615646709 0.7396366884606282 0.7403769153565856 0.7411171422525429 0.7418573691485002 0.7425975960444575 0.7433378229404161 0.7440780498363734 0.7448182767323307 0.745558503628288 0.7462987305242453 0.7470389574202027 0.74777918431616 0.7485194112121173 0.7492596381080746 0.7499998650040319 0.7507400918999892 0.7514803187959466
0.7259923357545804 0.7264089851646945 0.7268256345748088 0.727242283984923 0.7276589333950372 0.7280755828051514 0.7284922322152663 0.7289088816253805 0.7293255310354947 0.7297421804456089 0.7301588298557231 0.7305754792658373 0.7309921286759515 0.7314087780860657 0.7318254274961798 0.7322420769062941 0.7328052121450157 0.7335249440489959 0.7342446759529762 0.7349644078569577 0.7356841397609379 0.7364038716649182 0.7371236035688985 0.7378433354728787 0.7385630673768591 0.7392827992808393 0.7400025311848195 0.7407222630887998 0.7414419949927801 0.7421617268967603 0.7428814588007406 0.7436011907047209 0.7443209226087024 0.7450406545126826 0.7457603864166629 0.7464801183206432 0.7471998502246234 0.7479195821286037 0.748639314032584 0.7493590459365642 0.7500787778405446 0.7507985097445248 0.751518241648505 0.7522379735524853
0.7272627545148003 0.7276826589007881 0.7281025632867759 0.7285224676727637 0.7289423720587516 0.7293622764447395 0.729782180830728 0.7302020852167158 0.7306219896027037 0.7310418939886916 0.7314617983746794 0.7318817027606672 0.7323016071466552 0.732721511532643 0.7331414159186308 0.7335613203046186 0.7341162316849347 0.7348154685969379 0.7355147055089412 0.7362139424209455 0.7369131793329488 0.737612416244952 0.7383116531569552 0.7390108900689585 0.7397101269809617 0.7404093638929649 0.7411086008049681 0.7418078377169713 0.7425070746289746 0.7432063115409778 0.7439055484529811 0.7446047853649843 0.7453040222769887 0.7460032591889919 0.7467024961009952 0.7474017330129984 0.7481009699250016 0.7488002068370048 0.749499443749008 0.7501986806610113 0.7508979175730145 0.7515971544850177 0.752296391397021 0.7529956283090241
0.72853317327502 0.7289563326368815 0.7293794919987431 0.7298026513606045 0.7302258107224661 0.7306489700843275 0.7310721294461897 0.7314952888080513 0.7319184481699127 0.7323416075317742 0.7327647668936357 0.7331879262554972 0.7336110856173587 0.7340342449792202 0.7344574043410818 0.7348805637029432 0.7354272512248538 0.7361059931448799 0.736784735064906 0.7374634769849334 0.7381422189049596 0.7388209608249858 0.739499702745012 0.7401784446650381 0.7408571865850643 0.7415359285050905 0.7422146704251167 0.7428934123451428 0.7435721542651691 0.7442508961851952 0.7449296381052214 0.7456083800252475 0.7462871219452749 0.7469658638653011 0.7476446057853273 0.7483233477053535 0.7490020896253796 0.7496808315454059 0.750359573465432 0.7510383153854582 0.7517170573054843 0.7523957992255106 0.7530745411455367 0.7537532830655629
0.7298035920352409 0.7302300063729761 0.7306564207107112 0.7310828350484464 0.7315092493861816 0.7319356637239167 0.7323620780616527 0.7327884923993877 0.7332149067371229 0.733641321074858 0.7340677354125932 0.7344941497503283 0.7349205640880635 0.7353469784257987 0.7357733927635338 0.736199807101269 0.7367382707647739 0.7373965176928231 0.7380547646208722 0.7387130115489224 0.7393712584769715 0.7400295054050207 0.7406877523330698 0.7413459992611189 0.742004246189168 0.7426624931172171 0.7433207400452663 0.7439789869733153 0.7446372339013645 0.7452954808294137 0.7459537277574627 0.7466119746855119 0.747270221613562 0.7479284685416112 0.7485867154696603 0.7492449623977094 0.7499032093257586 0.7505614562538077 0.7512197031818568 0.7518779501099059 0.752536197037955 0.7531944439660041 0.7538526908940533 0.7545109378221024
0.7310740107954609 0.7315036801090696 0.7319333494226784 0.7323630187362873 0.7327926880498961 0.7332223573635048 0.7336520266771144 0.7340816959907231 0.7345113653043319 0.7349410346179407 0.7353707039315496 0.7358003732451583 0.7362300425587671 0.7366597118723759 0.7370893811859848 0.7375190504995935 0.738049290304693 0.7386870422407651 0.7393247941768372 0.7399625461129102 0.7406002980489823 0.7412380499850544 0.7418758019211265 0.7425135538571985 0.7431513057932706 0.7437890577293427 0.7444268096654147 0.7450645616014868 0.7457023135375589 0.7463400654736311 0.7469778174097031 0.7476155693457752 0.7482533212818483 0.7488910732179204 0.7495288251539924 0.7501665770900645 0.7508043290261366 0.7514420809622087 0.7520798328982807 0.7527175848343528 0.7533553367704249 0.753993088706497 0.754630840642569 0.7552685925786411
0.7323444295556807 0.7327773538451631 0.7332102781346456 0.733643202424128 0.7340761267136104 0.7345090510030929 0.7349419752925761 0.7353748995820585 0.735807823871541 0.7362407481610234 0.7366736724505059 0.7371065967399882 0.7375395210294707 0.7379724453189532 0.7384053696084356 0.7388382938979181 0.739360309844612 0.7399775667887071 0.740594823732802 0.7412120806768981 0.7418293376209932 0.7424465945650882 0.7430638515091833 0.7436811084532783 0.7442983653973734 0.7449156223414684 0.7455328792855633 0.7461501362296584 0.7467673931737534 0.7473846501178485 0.7480019070619435 0.7486191640060386 0.7492364209501347 0.7498536778942296 0.7504709348383247 0.7510881917824197 0.7517054487265148 0.7523227056706098 0.7529399626147049 0.7535572195587998 0.7541744765028949 0.7547917334469899 0.755408990391085 0.75602624733518
0.7336148483159005 0.7340510275812566 0.7344872068466127 0.7349233861119687 0.7353595653773248 0.7357957446426809 0.7362319239080378 0.7366681031733939 0.7371042824387499 0.737540461704106 0.7379766409694621 0.7384128202348182 0.7388489995001744 0.7392851787655305 0.7397213580308866 0.7401575372962427 0.7406713293845311 0.7412680913366491 0.7418648532887671 0.742461615240886 0.743058377193004 0.743655139145122 0.7442519010972399 0.7448486630493579 0.7454454250014759 0.7460421869535939 0.7466389489057119 0.7472357108578299 0.7478324728099479 0.7484292347620659 0.7490259967141839 0.7496227586663019 0.7502195206184209 0.7508162825705389 0.7514130445226569 0.7520098064747749 0.7526065684268928 0.7532033303790108 0.7538000923311288 0.7543968542832468 0.7549936162353648 0.7555903781874828 0.7561871401396008 0.7567839020917188
0.7348852670761203 0.7353247013173502 0.7357641355585799 0.7362035697998096 0.7366430040410393 0.737082438282269 0.7375218725234995 0.7379613067647294 0.7384007410059591 0.7388401752471888 0.7392796094884185 0.7397190437296484 0.7401584779708781 0.7405979122121078 0.7410373464533375 0.7414767806945672 0.7419823489244501 0.7425586158845912 0.7431348828447321 0.743711149804874 0.744287416765015 0.7448636837251559 0.7454399506852968 0.7460162176454378 0.7465924846055787 0.7471687515657196 0.7477450185258606 0.7483212854860015 0.7488975524461424 0.7494738194062834 0.7500500863664243 0.7506263533265654 0.7512026202867073 0.7517788872468482 0.7523551542069891 0.7529314211671301 0.753507688127271 0.754083955087412 0.7546602220475529 0.7552364890076938 0.7558127559678348 0.7563890229279757 0.7569652898881166 0.7575415568482576
0.7361556858363402 0.7365983750534436 0.7370410642705469 0.7374837534876504 0.7379264427047537 0.7383691319218572 0.7388118211389613 0.7392545103560647 0.739697199573168 0.7401398887902715 0.7405825780073749 0.7410252672244783 0.7414679564415817 0.741910645658685 0.7423533348757885 0.7427960240928918 0.7432933684643692 0.7438491404325331 0.744404912400697 0.7449606843688619 0.7455164563370258 0.7460722283051896 0.7466280002733535 0.7471837722415174 0.7477395442096814 0.7482953161778453 0.7488510881460091 0.749406860114173 0.7499626320823369 0.7505184040505009 0.7510741760186648 0.7516299479868286 0.7521857199549935 0.7527414919231574 0.7532972638913212 0.7538530358594852 0.7544088078276491 0.754964579795813 0.7555203517639769 0.7560761237321407 0.7566318957003046 0.7571876676684686 0.7577434396366325 0.7582992116047964
0.73742610459656 0.737872048789537 0.7383179929825141 0.7387639371754912 0.7392098813684682 0.7396558255614453 0.740101769754423 0.7405477139474 0.7409936581403771 0.7414396023333542 0.7418855465263312 0.7423314907193083 0.7427774349122853 0.7432233791052623 0.7436693232982393 0.7441152674912164 0.7446043880042882 0.7451396649804751 0.745674941956662 0.7462102189328497 0.7467454959090366 0.7472807728852234 0.7478160498614103 0.7483513268375971 0.748886603813784 0.7494218807899709 0.7499571577661577 0.7504924347423445 0.7510277117185314 0.7515629886947183 0.7520982656709051 0.7526335426470919 0.7531688196232798 0.7537040965994666 0.7542393735756534 0.7547746505518402 0.7553099275280272 0.755845204504214 0.7563804814804008 0.7569157584565877 0.7574510354327746 0.7579863124089614 0.7585215893851482 0.7590568663613351
0.738696523356781 0.7391457225256317 0.7395949216944824 0.740044120863333 0.7404933200321838 0.7409425192010345 0.7413917183698859 0.7418409175387366 0.7422901167075873 0.742739315876438 0.7431885150452887 0.7436377142141394 0.74408691338299 0.7445361125518408 0.7449853117206915 0.7454345108895422 0.7459154075442085 0.7464301895284182 0.7469449715126281 0.7474597534968387 0.7479745354810485 0.7484893174652583 0.7490040994494681 0.7495188814336778 0.7500336634178877 0.7505484454020974 0.7510632273863073 0.751578009370517 0.7520927913547268 0.7526075733389366 0.7531223553231464 0.7536371373073563 0.7541519192915669 0.7546667012757766 0.7551814832599865 0.7556962652441963 0.756211047228406 0.7567258292126159 0.7572406111968256 0.7577553931810355 0.7582701751652452 0.758784957149455 0.7592997391336648 0.7598145211178746
0.7399669421170009 0.7404193962617251 0.7408718504064495 0.7413243045511738 0.7417767586958982 0.7422292128406225 0.7426816669853477 0.7431341211300719 0.7435865752747963 0.7440390294195207 0.744491483564245 0.7449439377089694 0.7453963918536937 0.745848845998418 0.7463013001431423 0.7467537542878667 0.7472264270841275 0.7477207140763602 0.748215001068593 0.7487092880608266 0.7492035750530593 0.7496978620452921 0.7501921490375248 0.7506864360297576 0.7511807230219903 0.7516750100142231 0.7521692970064559 0.7526635839986886 0.7531578709909214 0.7536521579831541 0.7541464449753869 0.7546407319676196 0.7551350189598531 0.7556293059520859 0.7561235929443186 0.7566178799365514 0.7571121669287841 0.7576064539210169 0.7581007409132496 0.7585950279054824 0.7590893148977151 0.7595836018899479 0.7600778888821806 0.7605721758744134
