Figures/CREST_Example_wjb_NSE/PETs/wjb.pet.20090625.asc
ncols            288
nrows            254
xllcorner        113.274861
yllcorner        31.4918055
cellsize         0.008333333333
NODATA_value     -9999
[rows 120 to 139 of 254, columns 225 to 269 of 288]
3.5228536842146636 3.525111923777719 3.5273701633407746 3.5296284029038296 3.531886642466885 3.5341448820299406 3.5364031215929956 3.538661361156051 3.5409196007191066 3.5431778402821656 3.545436079845221 3.547694319408276 3.5499525589713317 3.552210798534387 3.554469038097442 3.5567272776604977 3.5589855172235527 3.561243756786608 3.5635019963496637 3.5657602359127187 3.568018475475774 3.5702767150388297 3.5725349546018887 3.5747931941649442 3.5770514337279993 3.5793096732910548 3.5815679128541102 3.5844868898541367 3.5881122101313183 3.5917375304085004 3.595362850685682 3.598988170962864 3.602613491240046 3.606238811517228 3.6098641317944096 3.613489452071598 3.6171147723487795 3.6207400926259616 -9999.0 -9999.0 -9999.0 -9999.0 -9999.0 -9999.0 -9999.0
3.5277511879885113 3.530016859271597 3.532282530554682 3.534548201837767 3.5368138731208525 3.5390795444039376 3.5413452156870227 3.543610886970108 3.5458765582531933 3.5481422295362823 3.5504079008193674 3.552673572102453 3.554939243385538 3.557204914668623 3.5594705859517086 3.5617362572347937 3.564001928517879 3.5662675998009643 3.5685332710840494 3.5707989423671345 3.57306461365022 3.575330284933305 3.577595956216394 3.5798616274994792 3.5821272987825648 3.58439297006565 3.586658641348735 3.589515773897977 3.593005191929578 3.5964946099611783 3.5999840279927793 3.60347344602438 3.6069628640559808 3.6104522820875817 3.6139417001191823 3.617431118150789 3.62092053618239 3.6244099542139905 -9999.0 -9999.0 -9999.0 -9999.0 -9999.0 -9999.0 -9999.0
3.5326486917623594 3.5349217947654745 3.5371948977685896 3.5394680007717048 3.54174110377482 3.544014206777935 3.54628730978105 3.5485604127841652 3.5508335157872803 3.5531066187903995 3.5553797217935146 3.5576528247966297 3.559925927799745 3.5621990308028595 3.5644721338059746 3.5667452368090897 3.569018339812205 3.57129144281532 3.573564545818435 3.57583764882155 3.5781107518246653 3.5803838548277804 3.5826569578308995 3.5849300608340147 3.58720316383713 3.589476266840245 3.59174936984336 3.5945446579418174 3.597898173727837 3.6012516895138567 3.6046052052998765 3.607958721085896 3.6113122368719157 3.614665752657935 3.618019268443955 3.62137278422998 3.624726300016 3.6280798158020198 3.631433331588039 3.634786847374059 3.6381403631600784 -9999.0 -9999.0 -9999.0 -9999.0
3.5375461955362075 3.5398267302593527 3.542107264982498 3.5443877997056425 3.5466683344287877 3.5489488691519324 3.5512294038750776 3.5535099385982223 3.5557904733213674 3.558071008044516 3.5603515427676613 3.5626320774908065 3.564912612213951 3.5671931469370963 3.569473681660241 3.571754216383386 3.574034751106531 3.576315285829676 3.578595820552821 3.580876355275966 3.583156889999111 3.585437424722256 3.587717959445405 3.5899984941685497 3.592279028891695 3.5945595636148395 3.5968400983379847 3.599573541985658 3.6027911555260963 3.606008769066535 3.6092263826069733 3.612443996147412 3.6156616096878507 3.618879223228289 3.6220968367687276 3.6253144503091717 3.6285320638496104 3.6317496773900486 3.6349672909304873 3.638184904470926 3.6414025180113643 3.644620131551803 3.6478377450922412 3.65105535863268 -9999.0
3.5424436993100596 3.5447316657532344 3.547019632196409 3.549307598639584 3.551595565082759 3.553883531525934 3.5561714979691086 3.558459464412284 3.5607474308554585 3.5630353972986373 3.565323363741812 3.5676113301849868 3.569899296628162 3.5721872630713367 3.5744752295145115 3.5767631959576867 3.5790511624008614 3.581339128844036 3.583627095287211 3.585915061730386 3.588203028173561 3.5904909946167356 3.5927789610599143 3.5950669275030895 3.5973548939462643 3.599642860389439 3.601930826832614 3.6046024260295026 3.60768413732436 3.6107658486192173 3.6138475599140745 3.616929271208932 3.620010982503789 3.6230926937986467 3.626174405093504 3.6292561163883663 3.632337827683224 3.635419538978081 3.6385012502729386 3.6415829615677957 3.644664672862653 3.6477463841575104 3.6508280954523675 3.653909806747225 -9999.0
3.5473412030839078 3.5496366012471126 3.551931999410317 3.5542273975735217 3.5565227957367265 3.5588181938999313 3.561113592063136 3.563408990226341 3.5657043883895456 3.5679997865527544 3.570295184715959 3.5725905828791635 3.5748859810423683 3.577181379205573 3.579476777368778 3.5817721755319827 3.5840675736951875 3.5863629718583923 3.588658370021597 3.590953768184802 3.5932491663480066 3.595544564511211 3.5978399626744197 3.6001353608376245 3.6024307590008293 3.604726157164034 3.607021555327239 3.6096313100733433 3.6125771191226193 3.6155229281718957 3.6184687372211717 3.621414546270448 3.624360355319724 3.627306164369 3.6302519734182765 3.633197782467558 3.636143591516834 3.63908940056611 3.6420352096153863 3.6449810186646623 3.6479268277139387 3.6508726367632147 3.653818445812491 3.656764254861767 3.659710063911043
3.5522387068577554 3.55454153674099 3.5568443666242247 3.559147196507459 3.561450026390694 3.5637528562739287 3.566055686157163 3.568358516040398 3.5706613459236323 3.572964175806871 3.5752670056901055 3.5775698355733403 3.5798726654565747 3.5821754953398095 3.5844783252230443 3.5867811551062787 3.5890839849895135 3.591386814872748 3.5936896447559827 3.595992474639217 3.598295304522452 3.6005981344056863 3.602900964288925 3.6052037941721595 3.6075066240553944 3.609809453938629 3.6121122838218636 3.614660194117184 3.6174701009208787 3.620280007724574 3.623089914528269 3.6258998213319638 3.628709728135659 3.631519634939354 3.6343295417430492 3.637139448546749 3.6399493553504443 3.642759262154139 3.6455691689578344 3.6483790757615293 3.6511889825652246 3.6539988893689195 3.6568087961726143 3.6596187029763096 3.6624286097800045
3.5571362106316036 3.559446472234868 3.5617567338381324 3.564066995441397 3.5663772570446617 3.568687518647926 3.5709977802511905 3.573308041854455 3.5756183034577194 3.5779285650609878 3.5802388266642526 3.582549088267517 3.5848593498707815 3.587169611474046 3.5894798730773103 3.591790134680575 3.5941003962838396 3.596410657887104 3.5987209194903684 3.601031181093633 3.6033414426968977 3.605651704300162 3.6079619659034305 3.610272227506695 3.6125824891099594 3.614892750713224 3.6172030123164887 3.619689078161024 3.622363082719138 3.625037087277252 3.627711091835366 3.63038509639348 3.633059100951594 3.6357331055097077 3.638407110067822 3.6410811146259405 3.6437551191840543 3.6464291237421684 3.649103128300282 3.6517771328583963 3.65445113741651 3.6571251419746242 3.659799146532738 3.662473151090852 3.665147155648966
3.5620337144054517 3.564351407728746 3.56666910105204 3.5689867943753346 3.571304487698629 3.5736221810219235 3.575939874345218 3.5782575676685124 3.5805752609918065 3.582892954315105 3.5852106476383994 3.587528340961694 3.5898460342849883 3.5921637276082823 3.5944814209315767 3.596799114254871 3.5991168075781657 3.60143450090146 3.6037521942247546 3.6060698875480486 3.608387580871343 3.6107052741946375 3.613022967517936 3.6153406608412304 3.6176583541645244 3.619976047487819 3.6222937408111133 3.6247179622048646 3.6272560645173972 3.6297941668299303 3.6323322691424633 3.634870371454996 3.637408473767529 3.6399465760800616 3.6424846783925946 3.6450227807051316 3.6475608830176647 3.6500989853301973 3.6526370876427303 3.655175189955263 3.657713292267796 3.6602513945803286 3.6627894968928616 3.665327599205394 3.6678657015179272
3.5669312181792994 3.5692563432226234 3.571581468265948 3.573906593309272 3.5762317183525965 3.5785568433959205 3.580881968439245 3.583207093482569 3.5855322185258935 3.5878573435692216 3.590182468612546 3.59250759365587 3.5948327186991946 3.5971578437425187 3.599482968785843 3.6018080938291672 3.6041332188724917 3.6064583439158158 3.6087834689591403 3.6111085940024643 3.613433719045789 3.615758844089113 3.618083969132441 3.6204090941757654 3.6227342192190894 3.625059344262414 3.627384469305738 3.6297468462487052 3.6321490463156567 3.6345512463826086 3.63695344644956 3.639355646516512 3.641757846583464 3.6441600466504154 3.6465622467173673 3.648964446784323 3.6513666468512747 3.6537688469182266 3.656171046985178 3.65857324705213 3.6609754471190814 3.6633776471860333 3.6657798472529852 3.6681820473199367 3.6705842473868886
3.5718287219531475 3.5741612787165016 3.5764938354798557 3.5788263922432098 3.581158949006564 3.583491505769918 3.5858240625332725 3.5881566192966265 3.5904891760599806 3.5928217328233387 3.595154289586693 3.597486846350047 3.599819403113401 3.602151959876755 3.604484516640109 3.6068170734034637 3.609149630166818 3.611482186930172 3.613814743693526 3.61614730045688 3.618479857220234 3.620812413983588 3.6231449707469463 3.6254775275103004 3.627810084273655 3.630142641037009 3.632475197800363 3.6347757302925454 3.637042028113916 3.639308325935287 3.6415746237566573 3.643840921578028 3.646107219399399 3.648373517220769 3.65063981504214 3.6529061128635143 3.655172410684885 3.6574387085062554 3.659705006327626 3.661971304148997 3.6642376019703673 3.666503899791738 3.668770197613109 3.671036495434479 3.67330279325585
3.576726225726999 3.5790662142103833 3.5814062026937674 3.583746191177151 3.5860861796605352 3.5884261681439193 3.5907661566273035 3.593106145110687 3.5954461335940713 3.5977861220774594 3.6001261105608435 3.6024660990442277 3.6048060875276113 3.6071460760109955 3.6094860644943796 3.6118260529777637 3.6141660414611474 3.6165060299445315 3.6188460184279156 3.6211860069112998 3.623525995394684 3.6258659838780676 3.6282059723614557 3.63054596084484 3.632885949328224 3.6352259378116076 3.6375659262949918 3.63980461433639 3.641935009912179 3.644065405487969 3.646195801063758 3.6483261966395477 3.650456592215337 3.652586987791126 3.6547173833669158 3.6568477789427085 3.658978174518498 3.6611085700942874 3.663238965670077 3.665369361245866 3.6674997568216554 3.669630152397445 3.6717605479732343 3.673890943549024 3.676021339124813
3.5816237295008473 3.583971149704261 3.586318569907675 3.588665990111089 3.591013410314503 3.5933608305179168 3.5957082507213305 3.5980556709247447 3.6004030911281584 3.6027505113315765 3.6050979315349903 3.6074453517384044 3.609792771941818 3.612140192145232 3.614487612348646 3.6168350325520597 3.619182452755474 3.6215298729588876 3.6238772931623013 3.6262247133657155 3.628572133569129 3.6309195537725434 3.633266973975961 3.635614394179375 3.637961814382789 3.6403092345862027 3.642656654789617 3.6448334983802306 3.6468279917104387 3.648822485040647 3.6508169783708553 3.6528114717010634 3.654805965031272 3.65680045836148 3.6587949516916884 3.6607894450219 3.662783938352108 3.6647784316823167 3.6667729250125247 3.6687674183427332 3.6707619116729413 3.67275640500315 3.674750898333358 3.6767453916635664 3.6787398849937745
3.586521233274695 3.5888760851981387 3.5912309371215825 3.5935857890450262 3.59594064096847 3.598295492891914 3.600650344815358 3.6030051967388017 3.6053600486622455 3.607714900585693 3.610069752509137 3.6124246044325807 3.6147794563560245 3.6171343082794682 3.619489160202912 3.6218440121263558 3.6241988640497995 3.6265537159732433 3.628908567896687 3.631263419820131 3.633618271743575 3.6359731236670187 3.6383279755904665 3.6406828275139103 3.643037679437354 3.6453925313607978 3.6477473832842415 3.649862382424071 3.651720973508698 3.653579564593325 3.6554381556779525 3.6572967467625794 3.659155337847207 3.6610139289318337 3.662872520016461 3.664731111101091 3.6665897021857186 3.6684482932703455 3.670306884354973 3.6721654754396 3.674024066524227 3.675882657608854 3.6777412486934815 3.6795998397781084 3.681458430862736
3.591418737048543 3.593781020692017 3.5961433043354907 3.598505587978964 3.600867871622438 3.6032301552659116 3.605592438909385 3.6079547225528588 3.6103170061963326 3.6126792898398103 3.6150415734832837 3.6174038571267575 3.6197661407702313 3.6221284244137046 3.6244907080571784 3.6268529917006522 3.6292152753441256 3.6315775589875994 3.633939842631073 3.6363021262745465 3.6386644099180203 3.641026693561494 3.643388977204972 3.6457512608484453 3.648113544491919 3.650475828135393 3.652838111778866 3.6548912664679114 3.6566139553069577 3.6583366441460035 3.6600593329850497 3.6617820218240955 3.6635047106631418 3.6652273995021876 3.666950088341234 3.6686727771802827 3.6703954660193285 3.672118154858375 3.6738408436974206 3.675563532536467 3.6772862213755126 3.679008910214559 3.6807315990536047 3.682454287892651 3.684176976731697
3.596316240822391 3.598685956185895 3.6010556715493984 3.603425386912902 3.6057951022764057 3.608164817639909 3.6105345330034124 3.612904248366916 3.6152739637304196 3.617643679093927 3.620013394457431 3.6223831098209343 3.6247528251844376 3.627122540547941 3.629492255911445 3.6318619712749483 3.6342316866384516 3.6366014020019555 3.638971117365459 3.6413408327289623 3.643710548092466 3.6460802634559695 3.648449978819477 3.6508196941829807 3.653189409546484 3.6555591249099875 3.6579288402734913 3.659920150511752 3.6615069371052167 3.663093723698682 3.6646805102921465 3.6662672968856116 3.6678540834790767 3.6694408700725414 3.6710276566660065 3.672614443259474 3.674201229852939 3.675788016446404 3.6773748030398687 3.678961589633334 3.6805483762267985 3.6821351628202637 3.6837219494137283 3.6853087360071934 3.6868955226006586
3.601213744596239 3.6035908916797723 3.6059680387633057 3.608345185846839 3.6107223329303726 3.613099480013906 3.6154766270974394 3.617853774180973 3.6202309212645063 3.6226080683480437 3.624985215431577 3.6273623625151106 3.629739509598644 3.6321166566821774 3.634493803765711 3.6368709508492443 3.6392480979327777 3.641625245016311 3.6440023920998446 3.646379539183378 3.6487566862669114 3.651133833350445 3.6535109804339823 3.6558881275175157 3.658265274601049 3.6606424216845825 3.663019568768116 3.664949034555592 3.666399918903476 3.66785080325136 3.6693016875992437 3.6707525719471277 3.672203456295011 3.673654340642895 3.6751052249907787 3.6765561093386654 3.678006993686549 3.679457878034433 3.6809087623823165 3.6823596467302004 3.6838105310780844 3.685261415425968 3.686712299773852 3.6881631841217355 3.6896140684696195
3.606111248370091 3.6084958271736545 3.610880405977218 3.613264984780781 3.6156495635843444 3.618034142387908 3.620418721191471 3.6228032999950344 3.625187878798598 3.627572457602165 3.6299570364057283 3.6323416152092918 3.634726194012855 3.6371107728164183 3.6394953516199817 3.6418799304235447 3.644264509227108 3.6466490880306717 3.6490336668342347 3.651418245637798 3.6538028244413616 3.6561874032449246 3.658571982048492 3.6609565608520556 3.6633411396556186 3.665725718459182 3.6681102972627455 3.6699779185994372 3.6712929007017396 3.6726078828040425 3.673922864906345 3.6752378470086473 3.67655282911095 3.6778678112132526 3.6791827933155554 3.68049777541786 3.6818127575201625 3.6831277396224653 3.6844427217247677 3.68575770382707 3.687072685929373 3.6883876680316754 3.6897026501339782 3.6910176322362807 3.692332614338583
3.611008752143939 3.613400762667532 3.6157927731911252 3.6181847837147187 3.620576794238312 3.622968804761905 3.625360815285498 3.6277528258090914 3.6301448363326845 3.632536846856282 3.634928857379875 3.637320867903468 3.639712878427061 3.6421048889506547 3.6444968994742477 3.6468889099978408 3.6492809205214343 3.6516729310450273 3.6540649415686204 3.656456952092214 3.658848962615807 3.6612409731394 3.6636329836629975 3.6660249941865906 3.6684170047101836 3.670809015233777 3.67320102575737 3.675006802643278 3.676185882499999 3.6773649623567204 3.678544042213442 3.6797231220701634 3.680902201926885 3.6820812817836064 3.683260361640328 3.6844394414970516 3.685618521353773 3.686797601210494 3.687976681067216 3.689155760923937 3.690334840780659 3.69151392063738 3.6926930004941014 3.693872080350823 3.6950511602075444
3.6159062559177872 3.6183056981614103 3.620705140405033 3.623104582648656 3.625504024892279 3.6279034671359023 3.6303029093795254 3.6327023516231485 3.6351017938667716 3.6375012361103987 3.6399006783540218 3.642300120597645 3.644699562841268 3.647099005084891 3.649498447328514 3.6518978895721372 3.6542973318157603 3.6566967740593834 3.6590962163030065 3.6614956585466296 3.6638951007902527 3.6662945430338754 3.668693985277503 3.671093427521126 3.6734928697647486 3.6758923120083717 3.678291754251995 3.680035686687118 3.6810788642982586 3.6821220419093987 3.6831652195205393 3.6842083971316795 3.6852515747428196 3.68629475235396 3.6873379299651003 3.6883811075762427 3.689424285187383 3.6904674627985234 3.6915106404096636 3.692553818020804 3.6935969956319443 3.6946401732430845 3.695683350854225 3.696726528465365 3.697769706076506
