Figures/CREST_Example_wjb_NSE/PETs/wjb.pet.20100303.asc
ncols            288
nrows            254
xllcorner        113.274861
yllcorner        31.4918055
cellsize         0.008333333333
NODATA_value     -9999
[rows 76 to 94 of 254, columns 176 to 219 of 288]
0.4701915829975228 0.47229982239029855 0.4744080617830744 0.4765163011758502 0.47862454056862597 0.4807327799614018 0.4828410193541812 0.484949258746957 0.4870574981397328 0.48916573753250864 0.4912739769252844 0.49338221631806023 0.49549045571083605 0.4975986951036118 0.49970693449638764 0.5018151738891634 0.505615008141553 0.5112231955739236 0.5168313830062943 0.5224395704386744 0.528047757871045 0.5336559453034155 0.5392641327357861 0.5448723201681568 0.5504805076005274 0.5560886950328979 -9999.0 -9999.0 -9999.0 0.5785214447623803 0.5841296321947509 -9999.0 -9999.0 -9999.0 -9999.0 -9999.0 -9999.0 -9999.0 -9999.0 -9999.0 -9999.0 -9999.0 -9999.0 -9999.0
0.4672182591827333 0.4693365300775254 0.4714548009723175 0.4735730718671096 0.47569134276190167 0.4778096136566938 0.4799278845514895 0.4820461554462816 0.48416442634107365 0.48628269723586576 0.48840096813065786 0.4905192390254499 0.492637509920242 0.49475578081503413 0.49687405170982624 0.4989923226046183 0.5029401206024989 0.5088437244695739 0.5147473283366488 0.5206509322037338 0.5265545360708088 0.5324581399378838 0.5383617438049587 0.5442653476720337 0.5501689515391086 0.5560725554061836 -9999.0 -9999.0 -9999.0 0.5796869708744834 0.5855905747415584 -9999.0 -9999.0 -9999.0 -9999.0 -9999.0 -9999.0 -9999.0 -9999.0 -9999.0 -9999.0 -9999.0 -9999.0 -9999.0
0.46424493536794387 0.46637323776475226 0.46850154016156065 0.47062984255836904 0.4727581449551774 0.47488644735198576 0.47701474974879776 0.47914305214560615 0.48127135454241454 0.4833996569392229 0.48552795933603127 0.48765626173283966 0.489784564129648 0.4919128665264564 0.4940411689232648 0.49616947132007316 0.5002652330634448 0.5064642533652242 0.5126632736670035 0.5188622939687934 0.5250613142705727 0.531260334572352 0.5374593548741313 0.5436583751759106 0.54985739547769 0.5560564157794693 -9999.0 -9999.0 0.5746534766848073 0.5808524969865865 0.5870515172883659 -9999.0 -9999.0 -9999.0 -9999.0 -9999.0 -9999.0 -9999.0 -9999.0 -9999.0 -9999.0 -9999.0 -9999.0 -9999.0
0.4612716115531519 0.46340994545197656 0.46554827935080123 0.4676866132496259 0.4698249471484506 0.47196328104727525 0.47410161494610353 0.4762399488449282 0.4783782827437529 0.48051661664257755 0.48265495054140223 0.48479328444022685 0.4869316183390515 0.4890699522378762 0.49120828613670087 0.49334662003552554 0.49759034552438836 0.5040847822608723 0.5105792189973563 0.5170736557338512 0.5235680924703352 0.5300625292068192 0.536556965943303 0.543051402679787 0.549545839416271 0.5560402761527549 0.5625347128892388 0.5690291496257227 0.5755235863622067 0.5820180230986907 -9999.0 -9999.0 -9999.0 -9999.0 -9999.0 -9999.0 -9999.0 -9999.0 -9999.0 -9999.0 -9999.0 -9999.0 -9999.0 -9999.0
0.45829828773836245 0.4604466531392034 0.46259501854004437 0.4647433839408853 0.4668917493417263 0.46904011474256724 0.47118848014341186 0.47333684554425276 0.4754852109450937 0.4776335763459347 0.47978194174677563 0.4819303071476166 0.48407867254845754 0.4862270379492985 0.48837540335013946 0.49052376875098036 0.49491545798533426 0.5017053111565226 0.5084951643277109 0.5152850174989108 0.5220748706700991 0.5288647238412874 0.5356545770124757 0.542444430183664 0.5492342833548522 0.5560241365260405 0.5628139896972288 0.5696038428684171 0.5763936960396054 0.5831835492107937 -9999.0 -9999.0 -9999.0 -9999.0 -9999.0 -9999.0 -9999.0 -9999.0 -9999.0 -9999.0 -9999.0 -9999.0 -9999.0 -9999.0
0.455324963923573 0.45748336082643026 0.4596417577292875 0.46180015463214474 0.463958551535002 0.4661169484378592 0.46827534534072013 0.47043374224357737 0.4725921391464346 0.47475053604929185 0.47690893295214903 0.4790673298550063 0.4812257267578635 0.48338412366072075 0.485542520563578 0.48770091746643524 0.49224057044628017 0.49932584005217284 0.5064111096580655 0.5134963792639702 0.5205816488698629 0.5276669184757555 0.5347521880816483 0.5418374576875409 0.5489227272934336 0.5560079968993262 0.5630932665052188 0.5701785361111116 0.5772638057170042 0.5843490753228969 -9999.0 -9999.0 -9999.0 -9999.0 -9999.0 -9999.0 -9999.0 -9999.0 -9999.0 -9999.0 -9999.0 -9999.0 -9999.0 -9999.0
0.45235164010878365 0.4545200685136571 0.45668849691853064 0.45885692532340416 0.4610253537282777 0.4631937821331512 0.4653622105380284 0.4675306389429019 0.46969906734777545 0.47186749575264897 0.4740359241575225 0.476204352562396 0.47837278096726954 0.48054120937214306 0.4827096377770166 0.4848780661818901 0.489565682907226 0.49694636894782307 0.5043270549884201 0.5117077410290297 0.5190884270696268 0.5264691131102238 0.5338497991508208 0.5412304851914178 0.5486111712320149 0.5559918572726119 0.563372543313209 0.570753229353806 0.578133915394403 -9999.0 -9999.0 -9999.0 -9999.0 -9999.0 -9999.0 -9999.0 -9999.0 -9999.0 -9999.0 -9999.0 -9999.0 -9999.0 -9999.0 -9999.0
0.44937831629399416 0.45155677620088397 0.4537352361077738 0.4559136960146636 0.4580921559215534 0.4602706158284432 0.4624490757353367 0.46462753564222653 0.46680599554911634 0.4689844554560061 0.4711629153628959 0.4733413752697857 0.4755198351766755 0.4776982950835653 0.4798767549904551 0.48205521489734493 0.4868907953681719 0.4945668978434733 0.5022430003187747 0.5099191027940891 0.5175952052693906 0.525271307744692 0.5329474102199934 0.5406235126952947 0.5482996151705961 0.5559757176458976 0.563651820121199 0.5713279225965003 0.5790040250718017 -9999.0 -9999.0 -9999.0 -9999.0 -9999.0 -9999.0 -9999.0 -9999.0 -9999.0 -9999.0 -9999.0 -9999.0 -9999.0 -9999.0 -9999.0
0.44640499247920473 0.4485934838881108 0.4507819752970169 0.452970466705923 0.4551589581148291 0.4573474495237352 0.459535940932645 0.4617244323415511 0.4639129237504572 0.46610141515936326 0.46828990656826935 0.47047839797717544 0.4726668893860815 0.47485538079498757 0.47704387220389366 0.47923236361279975 0.4842159078291178 0.4921874267391236 0.5001589456491293 0.5081304645591487 0.5161019834691545 0.5240735023791602 0.532045021289166 0.5400165401991717 0.5479880591091775 0.5559595780191833 0.563931096929189 0.5719026158391948 0.5798741347492006 -9999.0 -9999.0 -9999.0 -9999.0 -9999.0 -9999.0 -9999.0 -9999.0 -9999.0 -9999.0 -9999.0 -9999.0 -9999.0 -9999.0 -9999.0
0.4434316686644128 0.4456301915753352 0.44782871448625755 0.4500272373971799 0.4522257603081023 0.45442428321902467 0.4566228061299508 0.4588213290408732 0.46101985195179557 0.46321837486271794 0.4654168977736403 0.4676154206845627 0.46981394359548506 0.4720124665064075 0.47421098941732986 0.47640951232825224 0.4815410202900614 0.4898079556347718 0.49807489097948215 0.5063418263242067 0.514608761668917 0.5228756970136275 0.5311426323583378 0.5394095677030482 0.5476765030477585 0.555943438392469 0.5642103737371793 0.5724773090818897 0.5807442444266 0.5890111797713105 -9999.0 -9999.0 0.6138119858054557 0.622078921150166 -9999.0 -9999.0 -9999.0 -9999.0 -9999.0 -9999.0 -9999.0 -9999.0 -9999.0 -9999.0
0.4404583448496233 0.442666899262562 0.44487545367550063 0.4470840080884393 0.44929256250137795 0.4515011169143166 0.45370967132725903 0.4559182257401977 0.4581267801531364 0.46033533456607506 0.4625438889790137 0.4647524433919524 0.46696099780489103 0.4691695522178297 0.47137810663076835 0.473586661043707 0.47886613275100726 0.487428484530422 0.49599083630983676 0.5045531880892661 0.5131155398686809 0.5216778916480955 0.5302402434275103 0.5388025952069251 0.5473649469863398 0.5559272987657545 0.5644896505451693 0.573052002324584 0.5816143541039988 0.5901767058834135 0.5987390576628282 0.607301409442243 0.6158637612216724 0.6244261130010871 0.6329884647805019 -9999.0 -9999.0 -9999.0 -9999.0 -9999.0 -9999.0 -9999.0 -9999.0 -9999.0
0.4374850210348339 0.43970360694978883 0.44192219286474377 0.4441407787796987 0.44635936469465365 0.4485779506096086 0.45079653652456736 0.4530151224395223 0.45523370835447724 0.4574522942694322 0.4596708801843871 0.46188946609934206 0.464108052014297 0.46632663792925194 0.46854522384420694 0.4707638097591619 0.4761912452119531 0.48504901342607226 0.49390678164019136 0.5027645498543256 0.5116223180684447 0.5204800862825638 0.5293378544966829 0.538195622710802 0.5470533909249211 0.5559111591390402 0.5647689273531593 0.5736266955672784 0.5824844637813975 0.5913422319955166 0.6002000002096357 0.6090577684237548 0.617915536637889 0.6267733048520081 0.6356310730661272 -9999.0 -9999.0 -9999.0 -9999.0 -9999.0 -9999.0 -9999.0 -9999.0 -9999.0
0.438389220536322 0.44052813778482064 0.4426670550333193 0.44480597228181795 0.44694488953031664 0.44908380677881526 0.4512227240273176 0.45336164127581624 0.4555005585243149 0.45763947577281355 0.45977839302131224 0.4619173102698109 0.46405622751830955 0.46619514476680823 0.46833406201530686 0.47047297926380555 0.475890267837504 0.484812209536264 0.49373415123502407 0.5026560929337993 0.5115780346325594 0.5204999763313194 0.5294219180300794 0.5383438597288395 0.5472658014275995 0.5561877431263595 0.5651096848251195 0.5740316265238795 0.5829535682226396 0.5918755099213996 0.6007974516201596 0.6097193933189197 0.6186413350176949 0.627563276716455 0.636485218415215 -9999.0 -9999.0 -9999.0 -9999.0 -9999.0 -9999.0 -9999.0 -9999.0 -9999.0
0.4434382479918918 0.4454016127492747 0.4473649775066576 0.4493283422640405 0.4512917070214234 0.45325507177880636 0.4552184365361926 0.4571818012935755 0.45914516605095845 0.46110853080834135 0.46307189556572426 0.46503526032310716 0.46699862508049006 0.46896198983787296 0.47092535459525586 0.4728887193526388 0.4781268507581608 0.48686578180740486 0.49560471285664887 0.5043436439059078 0.5130825749551519 0.5218215060043959 0.53056043705364 0.539299368102884 0.5480382991521281 0.5567772302013722 0.5655161612506162 0.5742550922998603 0.5829940233491043 0.5917329543983484 0.6004718854475924 0.6092108164968365 0.6179497475460954 0.6266886785953395 0.6354276096445836 0.6441665406938276 -9999.0 -9999.0 -9999.0 -9999.0 -9999.0 -9999.0 -9999.0 -9999.0
0.4484872754474616 0.4502750877137287 0.4520628999799959 0.45385071224626305 0.45563852451253023 0.4574263367787974 0.4592141490450676 0.46100196131133475 0.4627897735776019 0.4645775858438691 0.4663653981101362 0.4681532103764034 0.46994102264267057 0.47172883490893774 0.4735166471752049 0.47530445944147204 0.48036343367881756 0.48891935407854564 0.4974752744782737 0.5060311948780164 0.5145871152777445 0.5231430356774726 0.5316989560772006 0.5402548764769287 0.5488107968766568 0.5573667172763849 0.565922637676113 0.574478558075841 0.5830344784755691 0.5915903988752972 0.6001463192750253 0.6087022396747533 0.617258160074496 0.625814080474224 0.6343700008739521 0.6429259212736802 -9999.0 -9999.0 -9999.0 -9999.0 -9999.0 -9999.0 -9999.0 -9999.0
0.45353630290303143 0.4551485626781828 0.45676082245333427 0.45837308222848566 0.45998534200363705 0.4615976017787885 0.46320986155394267 0.46482212132909406 0.4664343811042455 0.4680466408793969 0.4696589006545483 0.47127116042969974 0.47288342020485113 0.4744956799800025 0.476107939755154 0.47772019953030537 0.48260001659947444 0.49097292634968653 0.49934583609989863 0.507718745850125 0.5160916556003371 0.5244645653505492 0.5328374751007613 0.5412103848509734 0.5495832946011855 0.5579562043513976 0.5663291141016097 0.5747020238518218 0.5830749336020339 0.5914478433522459 0.599820753102458 0.6081936628526701 0.6165665726028965 0.6249394823531086 -9999.0 -9999.0 -9999.0 -9999.0 -9999.0 -9999.0 0.6835498506045933 -9999.0 0.7002956701050175 -9999.0
0.4585853303586055 0.46002203764264105 0.46145874492667655 0.46289545221071204 0.46433215949474754 0.4657688667787831 0.46720557406282104 0.46864228134685654 0.47007898863089204 0.4715156959149276 0.4729524031989631 0.4743891104829986 0.4758258177670341 0.47726252505106964 0.47869923233510514 0.48013593961914064 0.4848365995201331 0.49302649862082903 0.501216397721525 0.5094062968222349 0.5175961959229309 0.5257860950236268 0.5339759941243228 0.5421658932250187 0.5503557923257147 0.5585456914264108 0.5667355905271066 0.5749254896278027 0.5831153887284986 0.5913052878291946 0.5994951869298906 0.6076850860305865 0.6158749851312963 0.6240648842319924 -9999.0 -9999.0 -9999.0 -9999.0 -9999.0 0.6732042788361681 0.6813941779368641 0.6895840770375601 0.697773976138256 -9999.0
0.46363435781417534 0.4648955126070951 0.4661566674000149 0.46741782219293465 0.4686789769858544 0.46994013177877414 0.4712012865716961 0.47246244136461585 0.4737235961575356 0.4749847509504554 0.4762459057433751 0.4775070605362949 0.47876821532921465 0.4800293701221344 0.4812905249150542 0.48255167970797397 0.48707318244078995 0.4950800708919699 0.50308695934315 0.5110938477943435 0.5191007362455236 0.5271076246967035 0.5351145131478835 0.5431214015990634 0.5511282900502434 0.5591351785014234 0.5671420669526034 0.5751489554037834 0.5831558438549633 0.5911627323061434 0.5991696207573233 0.6071765092085033 0.615183397659697 0.6231902861108769 0.6311971745620568 -9999.0 -9999.0 -9999.0 -9999.0 0.6712316168179568 0.6792385052691368 0.6872453937203167 0.6952522821714967 -9999.0
0.4686833852697451 0.46976898757154917 0.47085458987335316 0.47194019217515715 0.4730257944769612 0.4741113967787652 0.47519699908057106 0.4762826013823751 0.4773682036841791 0.47845380598598314 0.47953940828778713 0.4806250105895912 0.48171061289139516 0.4827962151931992 0.4838818174950032 0.48496741979680724 0.4893097653614467 0.4971336431631107 0.5049575209647748 0.5127813987664521 0.5206052765681161 0.5284291543697801 0.536253032171444 0.5440769099731081 0.551900787774772 0.5597246655764361 0.5675485433781001 0.5753724211797641 0.5831962989814281 0.591020176783092 0.5988440545847561 0.60666793238642 0.6144918101880974 0.6223156879897614 0.6301395657914254 0.6379634435930894 -9999.0 -9999.0 -9999.0 0.6692589547997454 0.6770828326014094 0.6849067104030734 0.6927305882047374 0.7005544660064014
