Figures/CREST_Example_wjb_NSE/PETs/wjb.pet.20101207.asc
ncols            288
nrows            254
xllcorner        113.274861
yllcorner        31.4918055
cellsize         0.008333333333
NODATA_value     -9999
[rows 228 to 246 of 254, columns 176 to 219 of 288]
0.7798396358769658 0.779480329222106 0.7791210225672461 0.7787617159123863 0.7784024092575266 0.7780431026026667 0.7776837959478063 0.7773244892929465 0.7769651826380867 0.7766058759832268 0.7762465693283671 0.7758872626735073 0.7755279560186474 0.7751686493637876 0.7748093427089279 0.774450036054068 0.7740445807556408 0.7735897915130527 0.7731350022704646 0.7726802130278758 0.7722254237852877 0.7717706345426997 0.7713158453001115 0.7708610560575235 0.7704062668149354 0.7699514775723474 0.7694966883297593 0.7690418990871712 0.7685871098445831 0.7681323206019951 0.767677531359407 0.767222742116819 0.76676795287423 0.766313163631642 0.7658583743890539 0.7654035851464659 0.7649487959038778 0.7644940066612897 0.7640392174187016 0.7635844281761136 0.7631296389335255 0.7626748496909375 0.7622200604483493 0.7617652712057613
0.7813570291809879 0.7809637035893899 0.780570377997792 0.7801770524061942 0.7797837268145962 0.7793904012229983 0.7789970756313996 0.7786037500398018 0.7782104244482039 0.7778170988566059 0.777423773265008 0.7770304476734101 0.7766371220818121 0.7762437964902142 0.7758504708986164 0.7754571453070184 0.7750308959564904 0.7745694503627134 0.7741080047689364 0.7736465591751585 0.7731851135813814 0.7727236679876043 0.7722622223938272 0.7718007768000502 0.7713393312062731 0.770877885612496 0.770416440018719 0.7699549944249419 0.7694935488311648 0.7690321032373877 0.7685706576436107 0.7681092120498336 0.7676477664560557 0.7671863208622787 0.7667248752685016 0.7662634296747245 0.7658019840809475 0.7653405384871703 0.7648790928933933 0.7644176472996163 0.7639562017058391 0.7634947561120621 0.763033310518285 0.7625718649245079
0.7828744224850107 0.7824470779566747 0.7820197334283385 0.7815923889000025 0.7811650443716665 0.7807376998433304 0.7803103553149936 0.7798830107866576 0.7794556662583215 0.7790283217299855 0.7786009772016494 0.7781736326733134 0.7777462881449774 0.7773189436166413 0.7768915990883053 0.7764642545599693 0.7760172111573406 0.7755491092123745 0.7750810072674085 0.7746129053224415 0.7741448033774755 0.7736767014325094 0.7732085994875433 0.7727404975425772 0.7722723955976112 0.771804293652645 0.771336191707679 0.7708680897627129 0.7703999878177469 0.7699318858727807 0.7694637839278147 0.7689956819828486 0.7685275800378817 0.7680594780929156 0.7675913761479496 0.7671232742029834 0.7666551722580174 0.7661870703130513 0.7657189683680852 0.7652508664231191 0.7647827644781531 0.764314662533187 0.7638465605882209 0.7633784586432548
0.7843918157890328 0.7839304523239586 0.7834690888588844 0.7830077253938102 0.7825463619287362 0.782084998463662 0.781623634998587 0.7811622715335129 0.7807009080684387 0.7802395446033645 0.7797781811382903 0.7793168176732163 0.7788554542081421 0.7783940907430679 0.7779327272779938 0.7774713638129196 0.7770035263581903 0.7765287680620352 0.7760540097658801 0.7755792514697242 0.7751044931735691 0.774629734877414 0.774154976581259 0.7736802182851039 0.7732054599889487 0.7727307016927937 0.7722559433966386 0.7717811851004835 0.7713064268043285 0.7708316685081734 0.7703569102120182 0.7698821519158632 0.7694073936197073 0.7689326353235522 0.7684578770273971 0.767983118731242 0.767508360435087 0.7670336021389319 0.7665588438427768 0.7660840855466217 0.7656093272504666 0.7651345689543115 0.7646598106581565 0.7641850523620014
0.785909209093055 0.7854138266912427 0.7849184442894304 0.7844230618876181 0.7839276794858059 0.7834322970839935 0.7829369146821804 0.7824415322803682 0.7819461498785559 0.7814507674767436 0.7809553850749313 0.7804600026731191 0.7799646202713068 0.7794692378694945 0.7789738554676823 0.7784784730658699 0.7779898415590399 0.7775084269116959 0.7770270122643518 0.7765455976170069 0.7760641829696628 0.7755827683223186 0.7751013536749746 0.7746199390276305 0.7741385243802864 0.7736571097329423 0.7731756950855982 0.7726942804382542 0.7722128657909101 0.771731451143566 0.7712500364962219 0.7707686218488778 0.7702872072015329 0.7698057925541888 0.7693243779068447 0.7688429632595006 0.7683615486121566 0.7678801339648125 0.7673987193174684 0.7669173046701243 0.7664358900227801 0.765954475375436 0.765473060728092 0.7649916460807479
0.7874266023970777 0.7868972010585273 0.786367799719977 0.7858383983814266 0.7853089970428762 0.7847795957043258 0.7842501943657744 0.783720793027224 0.7831913916886736 0.7826619903501232 0.7821325890115728 0.7816031876730224 0.781073786334472 0.7805443849959216 0.7800149836573712 0.7794855823188208 0.7789761567598901 0.778488085761357 0.7780000147628239 0.77751194376429 0.7770238727657569 0.7765358017672238 0.7760477307686907 0.7755596597701576 0.7750715887716245 0.7745835177730914 0.7740954467745583 0.7736073757760252 0.7731193047774921 0.772631233778959 0.7721431627804259 0.7716550917818928 0.7711670207833589 0.7706789497848258 0.7701908787862927 0.7697028077877596 0.7692147367892265 0.7687266657906934 0.7682385947921603 0.7677505237936272 0.7672624527950941 0.766774381796561 0.7662863107980279 0.7657982397994948
0.7889439957010999 0.7883805754258113 0.7878171551505229 0.7872537348752343 0.7866903145999458 0.7861268943246573 0.7855634740493678 0.7850000537740793 0.7844366334987908 0.7838732132235022 0.7833097929482138 0.7827463726729252 0.7821829523976367 0.7816195321223481 0.7810561118470597 0.7804926915717711 0.7799624719607398 0.7794677446110176 0.7789730172612955 0.7784782899115726 0.7779835625618505 0.7774888352121284 0.7769941078624063 0.7764993805126842 0.7760046531629621 0.77550992581324 0.775015198463518 0.7745204711137958 0.7740257437640737 0.7735310164143516 0.7730362890646295 0.7725415617149074 0.7720468343651845 0.7715521070154624 0.7710573796657403 0.7705626523160182 0.7700679249662961 0.769573197616574 0.7690784702668518 0.7685837429171297 0.7680890155674076 0.7675942882176855 0.7670995608679634 0.7666048335182414
0.790461389005122 0.7898639497930954 0.7892665105810687 0.7886690713690421 0.7880716321570155 0.7874741929449888 0.7868767537329612 0.7862793145209346 0.7856818753089079 0.7850844360968813 0.7844869968848547 0.7838895576728281 0.7832921184608014 0.7826946792487748 0.7820972400367482 0.7814998008247215 0.7809487871615894 0.7804474034606783 0.7799460197597673 0.7794446360588553 0.7789432523579441 0.7784418686570331 0.777940484956122 0.7774391012552109 0.7769377175542997 0.7764363338533887 0.7759349501524776 0.7754335664515665 0.7749321827506553 0.7744307990497443 0.7739294153488332 0.7734280316479221 0.7729266479470102 0.772425264246099 0.7719238805451879 0.7714224968442768 0.7709211131433656 0.7704197294424546 0.7699183457415435 0.7694169620406324 0.7689155783397212 0.7684141946388102 0.7679128109378991 0.767411427236988
0.7919787823091448 0.79134732416038 0.7907158660116153 0.7900844078628505 0.7894529497140857 0.788821491565321 0.7881900334165551 0.7875585752677904 0.7869271171190256 0.7862956589702609 0.7856642008214961 0.7850327426727314 0.7844012845239666 0.7837698263752019 0.7831383682264371 0.7825069100776724 0.7819351023624396 0.7814270623103394 0.7809190222582394 0.7804109822061384 0.7799029421540383 0.7793949021019382 0.778886862049838 0.7783788219977379 0.7778707819456379 0.7773627418935377 0.7768547018414376 0.7763466617893375 0.7758386217372374 0.7753305816851372 0.7748225416330372 0.7743145015809371 0.773806461528836 0.773298421476736 0.7727903814246359 0.7722823413725357 0.7717743013204357 0.7712662612683355 0.7707582212162354 0.7702501811641354 0.7697421411120352 0.7692341010599351 0.768726061007835 0.7682180209557349
0.7934961756131669 0.7928306985276641 0.7921652214421612 0.7914997443566583 0.7908342672711555 0.7901687901856526 0.7895033131001485 0.7888378360146456 0.7881723589291428 0.7875068818436399 0.7868414047581371 0.7861759276726342 0.7855104505871313 0.7848449735016285 0.7841794964161256 0.7835140193306227 0.7829214175632893 0.7824067211600001 0.781892024756711 0.781377328353421 0.780862631950132 0.7803479355468428 0.7798332391435537 0.7793185427402646 0.7788038463369754 0.7782891499336864 0.7777744535303972 0.7772597571271082 0.776745060723819 0.7762303643205299 0.7757156679172408 0.7752009715139516 0.7746862751106617 0.7741715787073725 0.7736568823040835 0.7731421859007943 0.7726274894975053 0.7721127930942161 0.7715980966909269 0.7710834002876379 0.7705687038843487 0.7700540074810597 0.7695393110777705 0.7690246146744814
-9999.0 0.7940228495397301 0.7933508428678127 0.7926788361958951 0.7920068295239775 0.79133482285206 0.7906628161801413 0.7899908095082238 0.7893188028363063 0.7886467961643887 0.7879747894924712 0.7873027828205537 0.7866307761486361 0.7859587694767186 0.785286762804801 0.7846147561328836 0.7840261191145869 0.7835266061423835 0.78302709317018 0.7825275801979757 0.7820280672257723 0.7815285542535689 0.7810290412813654 0.780529528309162 0.7800300153369586 0.7795305023647552 0.7790309893925518 0.7785314764203484 0.7780319634481448 0.7775324504759414 0.777032937503738 0.7765334245315346 0.7760339115593303 0.7755343985871269 0.7750348856149235 0.77453537264272 0.7740358596705166 0.7735363466983132 0.7730368337261098 0.7725373207539064 0.772037807781703 0.7715382948094994 0.771038781837296 0.7705392688650926
-9999.0 -9999.0 -9999.0 -9999.0 -9999.0 -9999.0 -9999.0 0.7910087898869946 0.7903596380117092 0.7897104861364236 0.789061334261138 0.7884121823858525 0.787763030510567 0.7871138786352814 0.7864647267599959 0.7858155748847103 0.7852573682135036 0.7847963840232386 0.7843353998329736 0.7838744156427079 0.7834134314524429 0.7829524472621779 0.7824914630719129 0.7820304788816479 0.7815694946913829 0.781108510501118 0.780647526310853 0.780186542120588 0.779725557930323 0.779264573740058 0.778803589549793 0.778342605359528 0.7778816211692623 0.7774206369789973 0.7769596527887324 0.7764986685984674 0.7760376844082023 0.7755767002179373 0.7751157160276724 0.7746547318374074 0.7741937476471424 0.7737327634568775 0.7732717792666125 0.7728107950763475
-9999.0 -9999.0 -9999.0 -9999.0 -9999.0 -9999.0 -9999.0 -9999.0 0.7914004731871115 0.7907741761084579 0.7901478790298043 0.7895215819511509 0.7888952848724973 0.7882689877938437 0.7876426907151901 0.7870163936365365 0.7864886173124197 0.7860661619040932 0.7856437064957666 0.7852212510874393 0.7847987956791128 0.7843763402707862 0.7839538848624596 0.7835314294541331 0.7831089740458066 0.78268651863748 0.7822640632291534 0.7818416078208269 0.7814191524125003 0.7809966970041737 0.7805742415958472 0.7801517861875207 0.7797293307791934 0.7793068753708667 0.7788844199625402 0.7784619645542137 0.7780395091458872 0.7776170537375605 0.777194598329234 0.7767721429209075 0.7763496875125808 0.7759272321042543 0.7755047766959278 0.7750823212876011
-9999.0 -9999.0 -9999.0 -9999.0 -9999.0 -9999.0 -9999.0 -9999.0 -9999.0 0.7918378660804923 0.7912344237984708 0.7906309815164492 0.7900275392344276 0.789424096952406 0.7888206546703844 0.7882172123883628 0.787719866411336 0.7873359397849478 0.7869520131585597 0.7865680865321708 0.7861841599057827 0.7858002332793946 0.7854163066530064 0.7850323800266183 0.7846484534002303 0.7842645267738421 0.783880600147454 0.7834966735210658 0.7831127468946777 0.7827288202682896 0.7823448936419014 0.7819609670155133 0.7815770403891246 0.7811931137627364 0.7808091871363483 0.7804252605099601 0.780041333883572 0.7796574072571839 0.7792734806307957 0.7788895540044076 0.7785056273780194 0.7781217007516313 0.7777377741252433 0.777353847498855
-9999.0 -9999.0 -9999.0 -9999.0 -9999.0 -9999.0 -9999.0 -9999.0 -9999.0 0.7929015560525267 0.7923209685671371 0.7917403810817475 0.7911597935963579 0.7905792061109683 0.7899986186255786 0.789418031140189 0.7889511155102521 0.7886057176658023 0.7882603198213527 0.7879149219769024 0.7875695241324526 0.787224126288003 0.7868787284435532 0.7865333305991036 0.7861879327546538 0.7858425349102042 0.7854971370657544 0.7851517392213048 0.784806341376855 0.7844609435324054 0.7841155456879556 0.783770147843506 0.7834247499990556 0.7830793521546059 0.7827339543101562 0.7823885564657065 0.7820431586212568 0.7816977607768071 0.7813523629323574 0.7810069650879077 0.780661567243458 0.7803161693990083 0.7799707715545586 0.7796253737101089
-9999.0 -9999.0 -9999.0 -9999.0 -9999.0 -9999.0 -9999.0 -9999.0 -9999.0 0.7939652460245614 0.7934075133358038 0.7928497806470463 0.7922920479582886 0.791734315269531 0.7911765825807734 0.7906188498920158 0.7901823646091687 0.7898754955466574 0.7895686264841462 0.7892617574216344 0.7889548883591231 0.7886480192966119 0.7883411502341006 0.7880342811715894 0.787727412109078 0.7874205430465668 0.7871136739840555 0.7868068049215443 0.786499935859033 0.7861930667965218 0.7858861977340105 0.7855793286714993 0.7852724596089875 0.7849655905464762 0.784658721483965 0.7843518524214537 0.7840449833589425 0.7837381142964311 0.7834312452339199 -9999.0 -9999.0 -9999.0 -9999.0 0.7818968999213637
-9999.0 -9999.0 -9999.0 -9999.0 -9999.0 -9999.0 -9999.0 -9999.0 -9999.0 -9999.0 -9999.0 0.7939591802123446 0.7934243023202189 0.7928894244280933 0.7923545465359677 0.791819668643842 0.7914136137080848 0.791145273427512 0.7908769331469392 0.7906085928663659 0.790340252585793 0.7900719123052202 0.7898035720246473 0.7895352317440746 0.7892668914635017 0.7889985511829288 0.7887302109023561 0.7884618706217832 0.7881935303412104 0.7879251900606375 0.7876568497800647 0.7873885094994919 0.7871201692189186 0.7868518289383457 0.786583488657773 0.7863151483772001 0.7860468080966273 0.7857784678160544 0.7855101275354816 -9999.0 -9999.0 -9999.0 -9999.0 -9999.0
-9999.0 -9999.0 -9999.0 -9999.0 -9999.0 -9999.0 -9999.0 -9999.0 -9999.0 -9999.0 -9999.0 -9999.0 0.7945565566821492 0.7940445335866556 0.7935325104911619 0.7930204873956683 0.792644862807001 0.7924150513083665 0.7921852398097322 0.7919554283110973 0.791725616812463 0.7914958053138286 0.7912659938151941 0.7910361823165597 0.7908063708179254 0.7905765593192909 0.7903467478206565 0.7901169363220221 0.7898871248233877 0.7896573133247533 0.7894275018261189 0.7891976903274845 0.7889678788288497 0.7887380673302153 0.7885082558315809 0.7882784443329465 0.788048632834312 0.7878188213356777 -9999.0 -9999.0 -9999.0 -9999.0 -9999.0 -9999.0
-9999.0 -9999.0 -9999.0 -9999.0 -9999.0 -9999.0 -9999.0 -9999.0 -9999.0 -9999.0 -9999.0 -9999.0 0.7956888110440801 0.7951996427452184 0.7947104744463568 0.7942213061474951 0.7938761119059177 0.7936848291892217 0.7934935464725258 0.7933022637558295 0.7931109810391335 0.7929196983224376 0.7927284156057416 0.7925371328890456 0.7923458501723496 0.7921545674556537 0.7919632847389577 0.7917720020222617 0.7915807193055658 0.7913894365888698 0.7911981538721738 0.7910068711554779 0.7908155884387816 0.7906243057220856 0.7904330230053896 0.7902417402886938 -9999.0 -9999.0 -9999.0 -9999.0 -9999.0 -9999.0 -9999.0 -9999.0
