Figures/CREST_Example_wjb_NSE/PETs/wjb.pet.20090526.asc
ncols            288
nrows            254
xllcorner        113.274861
yllcorner        31.4918055
cellsize         0.008333333333
NODATA_value     -9999
[rows 100 to 119 of 254, columns 176 to 219 of 288]
2.8160791162876264 2.818784090247972 2.8214890642083184 2.824194038168664 2.82689901212901 2.829603986089356 2.8323089600497062 2.8350139340100524 2.837718907970398 2.840423881930744 2.84312885589109 2.845833829851436 2.848538803811782 2.851243777772128 2.8539487517324735 2.8566537256928197 2.8589817174758947 2.860906706781639 2.8628316960873836 2.8647566853931314 2.8666816746988757 2.8686066640046204 2.8705316533103646 2.8724566426161093 2.8743816319218536 2.8763066212275983 2.8782316105333425 2.8801565998390872 2.8820815891448315 2.884006578450576 2.8859315677563204 2.887856557062065 2.889781546367813 2.891706535673557 2.893631524979302 2.895556514285046 2.897481503590791 2.899406492896535 2.9013314822022798 2.903256471508024 2.9051814608137687 2.907106450119513 2.9090314394252577 2.910956428731002
2.8092333468838344 2.8119385370245915 2.8146437271653486 2.8173489173061057 2.820054107446863 2.8227592975876195 2.8254644877283814 2.828169677869138 2.830874868009895 2.8335800581506523 2.8362852482914094 2.838990438432166 2.841695628572923 2.8444008187136802 2.8471060088544373 2.849811198995194 2.852106990083679 2.853965124321973 2.855823258560267 2.857681392798564 2.859539527036858 2.8613976612751517 2.863255795513446 2.8651139297517396 2.8669720639900333 2.8688301982283275 2.8706883324666213 2.8725464667049154 2.874404600943209 2.8762627351815033 2.878120869419797 2.8799790036580912 2.881837137896388 2.8836952721346822 2.885553406372976 2.88741154061127 2.889269674849564 2.891127809087858 2.8929859433261518 2.8948440775644455 2.8967022118027397 2.8985603460410334 2.9004184802793276 2.9022766145176213
2.802387577480043 2.805092983801211 2.807798390122379 2.810503796443547 2.8132092027647153 2.8159146090858833 2.8186200154070558 2.8213254217282238 2.8240308280493918 2.82673623437056 2.829441640691728 2.832147047012896 2.834852453334064 2.837557859655232 2.8402632659764 2.8429686722975682 2.845232262691463 2.847023541862306 2.84881482103315 2.850606100203996 2.85239737937484 2.854188658545683 2.8559799377165263 2.85777121688737 2.859562496058213 2.8613537752290568 2.8631450543999 2.8649363335707436 2.866727612741587 2.8685188919124305 2.8703101710832737 2.8721014502541173 2.8738927294249637 2.875684008595807 2.8774752877666505 2.8792665669374937 2.8810578461083374 2.8828491252791806 2.8846404044500242 2.8864316836208674 2.888222962791711 2.8900142419625543 2.8918055211333975 2.893596800304241
2.795541808076251 2.79824743057783 2.800953053079409 2.8036586755809885 2.8063642980825674 2.8090699205841467 2.8117755430857305 2.8144811655873094 2.817186788088889 2.8198924105904677 2.822598033092047 2.825303655593626 2.8280092780952053 2.830714900596784 2.8334205230983636 2.8361261455999425 2.838357535299247 2.8400819594026396 2.8418063835060328 2.8435308076094286 2.8452552317128212 2.8469796558162144 2.848704079919607 2.850428504023 2.852152928126393 2.853877352229786 2.8556017763331787 2.857326200436572 2.8590506245399645 2.8607750486433576 2.8624994727467503 2.864223896850143 2.8659483209535392 2.867672745056932 2.8693971691603246 2.8711215932637177 2.8728460173671104 2.8745704414705036 2.8762948655738962 2.8780192896772894 2.879743713780682 2.881468137884075 2.883192561987468 2.884916986090861
2.7886960386724593 2.7914018773544496 2.79410771603644 2.7968135547184296 2.79951939340042 2.80222523208241 2.804931070764405 2.807636909446395 2.8103427481283854 2.8130485868103756 2.815754425492366 2.818460264174356 2.821166102856346 2.823871941538336 2.8265777802203265 2.8292836189023167 2.831482807907031 2.833140376942973 2.8347979459789157 2.836455515014861 2.838113084050803 2.8397706530867457 2.841428222122688 2.8430857911586305 2.8447433601945726 2.846400929230515 2.8480584982664574 2.8497160673023996 2.851373636338342 2.8530312053742843 2.854688774410227 2.856346343446169 2.8580039124821144 2.859661481518057 2.861319050553999 2.8629766195899418 2.864634188625884 2.8662917576618265 2.8679493266977687 2.8696068957337113 2.8712644647696535 2.8729220338055956 2.8745796028415382 2.8762371718774804
2.7818502692686615 2.784556324131063 2.7872623789934643 2.7899684338558655 2.7926744887182666 2.7953805435806682 2.798086598443074 2.8007926533054754 2.8034987081678766 2.8062047630302778 2.808910817892679 2.8116168727550805 2.8143229276174817 2.817028982479883 2.819735037342284 2.8224410922046856 2.8246080805148095 2.826198794483301 2.8277895084517928 2.8293802224202875 2.830970936388779 2.832561650357271 2.834152364325763 2.8357430782942545 2.837333792262746 2.838924506231238 2.84051522019973 2.8421059341682215 2.843696648136713 2.8452873621052053 2.846878076073697 2.8484687900421886 2.8500595040106833 2.851650217979175 2.8532409319476666 2.8548316459161582 2.8564223598846503 2.858013073853142 2.8596037878216336 2.8611945017901257 2.8627852157586173 2.864375929727109 2.8659666436956006 2.8675573576640927
2.77500449986487 2.777710770907682 2.7804170419504945 2.7831233129933066 2.785829584036119 2.7885358550789316 2.7912421261217486 2.7939483971645607 2.796654668207373 2.7993609392501857 2.8020672102929978 2.8047734813358103 2.807479752378623 2.810186023421435 2.8128922944642474 2.81559856550706 2.8177333531225934 2.8192572120236346 2.8207810709246757 2.82230492982572 2.823828788726761 2.825352647627802 2.8268765065288433 2.828400365429885 2.829924224330926 2.831448083231967 2.8329719421330086 2.8344958010340497 2.836019659935091 2.837543518836132 2.8390673777371735 2.8405912366382147 2.8421150955392585 2.8436389544402996 2.845162813341341 2.8466866722423823 2.8482105311434234 2.849734390044465 2.851258248945506 2.852782107846547 2.8543059667475887 2.85582982564863 2.857353684549671 2.858877543450712
2.768158730461078 2.7708652176843014 2.773571704907525 2.7762781921307482 2.7789846793539716 2.781691166577195 2.784397653800423 2.7871041410236463 2.7898106282468698 2.792517115470093 2.7952236026933166 2.79793008991654 2.8006365771397634 2.803343064362987 2.8060495515862103 2.8087560388094337 2.8108586257303774 2.812315629563968 2.8137726333975586 2.815229637231152 2.816686641064743 2.8181436448983335 2.819600648731924 2.821057652565515 2.8225146563991057 2.8239716602326963 2.825428664066287 2.826885667899878 2.8283426717334685 2.829799675567059 2.83125667940065 2.8327136832342408 2.834170687067834 2.8356276909014246 2.8370846947350152 2.8385416985686063 2.839998702402197 2.8414557062357875 2.8429127100693785 2.844369713902969 2.8458267177365597 2.8472837215701507 2.8487407254037413 2.850197729237332
2.761312961057286 2.7640196644609207 2.766726367864555 2.7694330712681894 2.772139774671824 2.7748464780754585 2.7775531814790977 2.780259884882732 2.782966588286367 2.785673291690001 2.7883799950936354 2.79108669849727 2.7937934019009045 2.796500105304539 2.7992068087081736 2.801913512111808 2.8039838983381613 2.8053740471043014 2.8067641958704415 2.808154344636584 2.8095444934027243 2.810934642168865 2.812324790935005 2.813714939701145 2.815105088467285 2.8164952372334255 2.8178853859995656 2.8192755347657057 2.820665683531846 2.8220558322979863 2.8234459810641264 2.8248361298302664 2.826226278596409 2.8276164273625493 2.8290065761286893 2.83039672489483 2.83178687366097 2.83317702242711 2.8345671711932505 2.8359573199593906 2.8373474687255307 2.8387376174916708 2.8401277662578113 2.8415179150239513
2.7544671916534944 2.75717411123754 2.7598810308215858 2.7625879504056314 2.7652948699896767 2.7680017895737223 2.7707087091577725 2.773415628741818 2.776122548325864 2.778829467909909 2.7815363874939547 2.7842433070780004 2.786950226662046 2.7896571462460917 2.792364065830137 2.7950709854141826 2.7971091709459457 2.7984324646446352 2.799755758343325 2.801079052042017 2.8024023457407066 2.803725639439396 2.8050489331380857 2.8063722268367757 2.8076955205354652 2.809018814234155 2.8103421079328443 2.8116654016315343 2.812988695330224 2.8143119890289134 2.815635282727603 2.816958576426293 2.8182818701249848 2.8196051638236743 2.8209284575223643 2.822251751221054 2.8235750449197434 2.824898338618433 2.826221632317123 2.8275449260158125 2.828868219714502 2.8301915134131916 2.8315148071118816 2.832838100810571
2.7476214222497024 2.7503285580141594 2.753035693778616 2.7557428295430726 2.758449965307529 2.7611571010719858 2.763864236836447 2.766571372600904 2.7692785083653604 2.771985644129817 2.7746927798942735 2.77739991565873 2.7801070514231867 2.7828141871876437 2.7855213229521003 2.788228458716557 2.7902344435537296 2.7914908821849687 2.7927473208162077 2.7940037594474494 2.7952601980786884 2.7965166367099275 2.7977730753411665 2.799029513972406 2.800285952603645 2.801542391234884 2.802798829866123 2.8040552684973625 2.8053117071286016 2.8065681457598406 2.8078245843910796 2.809081023022319 2.8103374616535604 2.8115939002847994 2.8128503389160384 2.8141067775472774 2.815363216178517 2.816619654809756 2.817876093440995 2.8191325320722345 2.8203889707034735 2.8216454093347125 2.8229018479659516 2.824158286597191
2.740775652845905 2.743483004790773 2.7461903567356405 2.7488977086805084 2.751605060625376 2.7543124125702434 2.7570197645151158 2.7597271164599837 2.762434468404851 2.765141820349719 2.7678491722945866 2.7705565242394545 2.773263876184322 2.77597122812919 2.7786785800740574 2.7813859320189254 2.783359716161508 2.7845492997252963 2.785738883289085 2.7869284668528755 2.788118050416664 2.7893076339804526 2.790497217544241 2.7916868011080296 2.7928763846718185 2.794065968235607 2.7952555517993956 2.796445135363184 2.7976347189269726 2.798824302490761 2.8000138860545496 2.801203469618338 2.802393053182129 2.8035826367459173 2.804772220309706 2.805961803873495 2.8071513874372833 2.808340971001072 2.8095305545648603 2.810720138128649 2.8119097216924374 2.813099305256226 2.8142888888200144 2.8154784723838033
2.7339298834421135 2.7366374515673924 2.7393450196926707 2.7420525878179496 2.7447601559432284 2.7474677240685073 2.7501752921937905 2.7528828603190694 2.755590428444348 2.758297996569627 2.761005564694906 2.7637131328201847 2.7664207009454636 2.7691282690707424 2.7718358371960212 2.7745434053212996 2.776484988769292 2.77760771726563 2.778730445761968 2.779853174258308 2.780975902754646 2.7820986312509843 2.7832213597473223 2.7843440882436603 2.7854668167399983 2.7865895452363363 2.7877122737326743 2.7888350022290123 2.7899577307253502 2.7910804592216882 2.7922031877180262 2.793325916214364 2.7944486447107044 2.7955713732070424 2.7966941017033804 2.7978168301997184 2.7989395586960564 2.8000622871923944 2.8011850156887323 2.8023077441850703 2.8034304726814083 2.8045532011777463 2.8056759296740843 2.8067986581704227
2.7270841140383215 2.7297918983440113 2.732499682649701 2.735207466955391 2.737915251261081 2.7406230355667707 2.7433308198724653 2.746038604178155 2.748746388483845 2.751454172789535 2.7541619570952247 2.7568697414009145 2.759577525706604 2.7622853100122944 2.764993094317984 2.767700878623674 2.769610261377076 2.7706661348059636 2.771722008234851 2.7727778816637403 2.7738337550926278 2.774889628521515 2.7759455019504027 2.7770013753792906 2.778057248808178 2.7791131222370655 2.780168995665953 2.7812248690948405 2.782280742523728 2.7833366159526154 2.784392489381503 2.7854483628103903 2.7865042362392796 2.787560109668167 2.788615983097055 2.7896718565259424 2.79072772995483 2.7917836033837173 2.792839476812605 2.7938953502414923 2.7949512236703797 2.796007097099267 2.7970629705281547 2.798118843957042
2.7202383446345295 2.7229463451206306 2.7256543456067317 2.7283623460928323 2.7310703465789334 2.7337783470650345 2.73648634755114 2.7391943480372407 2.741902348523342 2.7446103490094425 2.7473183494955435 2.7500263499816446 2.7527343504677453 2.7554423509538464 2.758150351439947 2.760858351926048 2.76273553398486 2.763724552346297 2.764713570707734 2.7657025890691727 2.7666916074306096 2.7676806257920465 2.7686696441534835 2.7696586625149204 2.7706476808763574 2.7716366992377948 2.7726257175992317 2.7736147359606687 2.7746037543221056 2.7755927726835425 2.7765817910449795 2.7775708094064164 2.778559827767855 2.779548846129292 2.780537864490729 2.781526882852166 2.782515901213603 2.78350491957504 2.7844939379364773 2.785482956297914 2.786471974659351 2.787460993020788 2.788450011382225 2.789439029743662
2.713392575230738 2.71610079189725 2.718809008563762 2.721517225230274 2.724225441896786 2.726933658563298 2.7296418752298144 2.7323500918963264 2.7350583085628384 2.7377665252293504 2.7404747418958624 2.7431829585623744 2.7458911752288864 2.7485993918953984 2.7513076085619104 2.7540158252284224 2.755860806592644 2.7567829698866304 2.757705133180617 2.758627296474605 2.7595494597685915 2.760471623062578 2.7613937863565643 2.7623159496505507 2.763238112944537 2.7641602762385236 2.76508243953251 2.7660046028264964 2.766926766120483 2.7678489294144693 2.7687710927084557 2.7696932560024425 2.7706154192964303 2.7715375825904167 2.772459745884403 2.7733819091783896 2.774304072472376 2.7752262357663624 2.7761483990603493 2.7770705623543357 2.777992725648322 2.7789148889423085 2.779837052236295 2.7807592155302814
2.7065468058269464 2.7092552386738693 2.711963671520792 2.7146721043677156 2.7173805372146385 2.720088970061562 2.722797402908489 2.7255058357554125 2.7282142686023354 2.7309227014492583 2.7336311342961817 2.7363395671431046 2.739047999990028 2.741756432836951 2.7444648656838737 2.747173298530797 2.7489860792004284 2.7498413874269643 2.7506966956535 2.7515520038800374 2.7524073121065733 2.753262620333109 2.7541179285596455 2.7549732367861814 2.7558285450127173 2.7566838532392532 2.757539161465789 2.758394469692325 2.759249777918861 2.760105086145397 2.7609603943719327 2.7618157025984686 2.762671010825006 2.763526319051542 2.7643816272780777 2.7652369355046136 2.7660922437311495 2.7669475519576854 2.7678028601842213 2.7686581684107576 2.7695134766372935 2.7703687848638294 2.7712240930903653 2.7720794013169012
2.6997010364231544 2.7024096854504887 2.7051183344778225 2.7078269835051567 2.710535632532491 2.713244281559825 2.715952930587164 2.7186615796144977 2.721370228641832 2.7240788776691662 2.7267875266965005 2.7294961757238343 2.7322048247511685 2.734913473778503 2.737622122805837 2.740330771833171 2.7421113518082123 2.7428998049672977 2.743688258126383 2.7444767112854698 2.745265164444555 2.7460536176036405 2.746842070762726 2.7476305239218113 2.7484189770808967 2.749207430239982 2.749995883399068 2.7507843365581532 2.7515727897172386 2.752361242876324 2.7531496960354094 2.7539381491944948 2.7547266023535815 2.755515055512667 2.7563035086717522 2.7570919618308376 2.757880414989923 2.7586688681490084 2.7594573213080937 2.760245774467179 2.7610342276262645 2.76182268078535 2.7626111339444352 2.7633995871035206
2.6899858039506754 2.6926625303459786 2.695339256741282 2.6980159831365853 2.7006927095318884 2.703369435927192 2.7060461623224996 2.708722888717803 2.7113996151131063 2.7140763415084095 2.716753067903713 2.719429794299016 2.7221065206943194 2.724783247089623 2.727459973484926 2.7301366998802292 2.7318816039755958 2.732630368948352 2.7333791339211087 2.734127898893866 2.7348766638666224 2.7356254288393784 2.736374193812135 2.7371229587848913 2.7378717237576473 2.7386204887304038 2.7393692537031598 2.740118018675916 2.7408667836486726 2.7416155486214286 2.742364313594185 2.743113078566941 2.743861843539699 2.744610608512455 2.7453593734852113 2.7461081384579678 2.7468569034307238 2.74760566840348 2.748354433376236 2.7491031983489926 2.749851963321749 2.750600728294505 2.7513494932672615 2.7520982582400175
2.677203296357641 2.679813745756544 2.682424195155446 2.685034644554349 2.6876450939532512 2.690255543352154 2.692865992751061 2.6954764421499635 2.6980868915488663 2.7006973409477686 2.7033077903466713 2.7059182397455737 2.7085286891444764 2.7111391385433787 2.7137495879422815 2.7163600373411843 2.7180655508031073 2.718803667272769 2.7195417837424305 2.720279900212093 2.7210180166817546 2.721756133151416 2.7224942496210778 2.723232366090739 2.7239704825604005 2.724708599030062 2.7254467154997237 2.7261848319693853 2.7269229484390465 2.727661064908708 2.7283991813783697 2.7291372978480313 2.7298754143176938 2.7306135307873554 2.731351647257017 2.7320897637266786 2.73282788019634 2.7335659966660013 2.734304113135663 2.7350422296053245 2.735780346074986 2.7365184625446477 2.737256579014309 2.7379946954839705
