Figures/CREST_Example_wjb_NSE/PETs/wjb.pet.20090327.asc
ncols            288
nrows            254
xllcorner        113.274861
yllcorner        31.4918055
cellsize         0.008333333333
NODATA_value     -9999
[rows 57 to 75 of 254, columns 132 to 175 of 288]
0.7366548284672978 0.7351617536173584 0.733668678767419 0.7321756039174796 0.7306825290675403 0.7291894542176008 0.7276963793676615 0.7262033045177221 0.7247102296677828 0.7232171548178433 0.721724079967904 0.7202310051179621 0.7187379302680227 0.7172448554180834 0.7157517805681439 0.7142587057182046 0.7127656308682652 0.7112725560183258 0.7097794811683864 0.7082864063184471 0.7067933314685076 0.7053002566185683 0.7038071817686289 0.7023141069186896 0.7008210320687477 0.6993279572188082 0.6978348823688689 0.6963418075189295 0.6948487326689902 0.6933556578190507 0.691929587248124 0.6905751457671971 0.6892207042862702 0.6878662628053432 0.6865118213244163 0.6851573798434893 0.6838029383625625 0.6824484968816332 0.6810940554007062 0.6797396139197793 0.6783851724388523 0.6770307309579254 0.6756762894769985 0.6743218479960715
0.735730047625545 0.7342269874626354 0.7327239272997258 0.7312208671368162 0.7297178069739066 0.7282147468109971 0.7267116866480875 0.7252086264851779 0.7237055663222683 0.7222025061593588 0.7206994459964492 0.7191963858335371 0.7176933256706275 0.7161902655077179 0.7146872053448083 0.7131841451818988 0.7116810850189892 0.7101780248560796 0.70867496469317 0.7071719045302605 0.7056688443673509 0.7041657842044413 0.7026627240415317 0.7011596638786222 0.69965660371571 0.6981535435528005 0.6966504833898909 0.6951474232269813 0.6936443630640717 0.6921413029011622 0.6907098985774525 0.6893550959668079 0.6880002933561633 0.6866454907455186 0.685290688134874 0.6839358855242295 0.6825810829135849 0.6812262803029379 0.6798714776922933 0.6785166750816487 0.6771618724710041 0.6758070698603594 0.6744522672497149 0.6730974646390703
0.7347695216825371 0.7332831189865716 0.7317967162906062 0.7303103135946407 0.7288239108986753 0.7273375082027098 0.7258511055067444 0.7243647028107789 0.7228783001148135 0.721391897418848 0.7199054947228826 0.7184190920269146 0.7169326893309491 0.7154462866349837 0.7139598839390182 0.7124734812430528 0.7109870785470873 0.7095006758511219 0.7080142731551564 0.706527870459191 0.7050414677632255 0.7035550650672601 0.7020686623712946 0.7005822596753292 0.6990958569793613 0.6976094542833958 0.6961230515874304 0.6946366488914648 0.6931502461954995 0.6916638434995339 0.6902360152940968 0.6888708045440755 0.6875055937940541 0.6861403830440327 0.6847751722940114 0.68340996154399 0.6820447507939686 0.6806795400439449 0.6793143292939235 0.6779491185439022 0.6765839077938809 0.6752186970438595 0.6738534862938381 0.6724882755438167
0.7338089957395301 0.7323392505105087 0.7308695052814873 0.729399760052466 0.7279300148234447 0.7264602695944233 0.724990524365402 0.7235207791363807 0.7220510339073593 0.7205812886783379 0.7191115434493166 0.7176417982202927 0.7161720529912714 0.7147023077622501 0.7132325625332288 0.7117628173042073 0.710293072075186 0.7088233268461647 0.7073535816171433 0.705883836388122 0.7044140911591006 0.7029443459300793 0.7014746007010579 0.7000048554720366 0.6985351102430127 0.6970653650139914 0.6955956197849701 0.6941258745559487 0.6926561293269273 0.691186384097906 0.6897621320107414 0.6883865131213432 0.6870108942319452 0.6856352753425471 0.6842596564531489 0.6828840375637508 0.6815084186743527 0.6801327997849522 0.6787571808955541 0.6773815620061561 0.676005943116758 0.6746303242273598 0.6732547053379617 0.6718790864485636
0.7328484697965229 0.7313953820344457 0.7299422942723685 0.7284892065102911 0.7270361187482139 0.7255830309861367 0.7241299432240594 0.7226768554619822 0.721223767699905 0.7197706799378278 0.7183175921757505 0.7168645044136709 0.7154114166515936 0.7139583288895164 0.7125052411274392 0.7110521533653619 0.7095990656032847 0.7081459778412075 0.7066928900791302 0.705239802317053 0.7037867145549758 0.7023336267928985 0.7008805390308213 0.6994274512687441 0.6979743635066643 0.6965212757445871 0.6950681879825098 0.6936151002204326 0.6921620124583554 0.6907089246962782 0.689288248727386 0.6879022216986111 0.6865161946698364 0.6851301676410615 0.6837441406122866 0.6823581135835117 0.680972086554737 0.6795860595259597 0.6782000324971849 0.67681400546841 0.6754279784396352 0.6740419514108603 0.6726559243820854 0.6712698973533106
0.7318879438535159 0.7304515135583827 0.7290150832632496 0.7275786529681164 0.7261422226729833 0.7247057923778503 0.7232693620827171 0.721832931787584 0.7203965014924508 0.7189600711973178 0.7175236409021846 0.716087210607049 0.7146507803119159 0.7132143500167828 0.7117779197216496 0.7103414894265165 0.7089050591313834 0.7074686288362503 0.7060321985411171 0.704595768245984 0.7031593379508508 0.7017229076557178 0.7002864773605846 0.6988500470654515 0.6974136167703159 0.6959771864751828 0.6945407561800496 0.6931043258849166 0.6916678955897835 0.6902314652946503 0.6888143654440307 0.687417930275879 0.6860214951077275 0.6846250599395759 0.6832286247714243 0.6818321896032727 0.6804357544351212 0.6790393192669671 0.6776428840988156 0.6762464489306639 0.6748500137625123 0.6734535785943607 0.6720571434262091 0.6706607082580576
0.7309274179105087 0.7295076450823198 0.7280878722541307 0.7266680994259418 0.7252483265977527 0.7238285537695637 0.7224087809413747 0.7209890081131857 0.7195692352849966 0.7181494624568077 0.7167296896286186 0.7153099168004272 0.7138901439722382 0.7124703711440491 0.7110505983158601 0.7096308254876711 0.7082110526594821 0.7067912798312931 0.705371507003104 0.7039517341749151 0.702531961346726 0.701112188518537 0.699692415690348 0.698272642862159 0.6968528700339676 0.6954330972057785 0.6940133243775894 0.6925935515494005 0.6911737787212114 0.6897540058930225 0.6883404821606753 0.6869336388531471 0.6855267955456187 0.6841199522380903 0.682713108930562 0.6813062656230336 0.6798994223155053 0.6784925790079746 0.6770857357004463 0.6756788923929179 0.6742720490853895 0.6728652057778612 0.6714583624703329 0.6700515191628045
0.7299668919675018 0.7285637766062568 0.7271606612450119 0.7257575458837671 0.7243544305225221 0.7229513151612772 0.7215481998000323 0.7201450844387873 0.7187419690775425 0.7173388537162976 0.7159357383550526 0.7145326229938054 0.7131295076325604 0.7117263922713155 0.7103232769100706 0.7089201615488258 0.7075170461875808 0.7061139308263359 0.704710815465091 0.7033077001038461 0.7019045847426012 0.7005014693813563 0.6990983540201113 0.6976952386588664 0.6962921232976191 0.6948890079363742 0.6934858925751293 0.6920827772138844 0.6906796618526395 0.6892765464913946 0.68786659887732 0.686449347430415 0.6850320959835099 0.6836148445366047 0.6821975930896996 0.6807803416427946 0.6793630901958895 0.677945838748982 0.6765285873020769 0.6751113358551718 0.6736940844082667 0.6722768329613616 0.6708595815144566 0.6694423300675515
0.7290063660244946 0.7276199081301938 0.726233450235893 0.7248469923415922 0.7234605344472915 0.7220740765529907 0.7206876186586899 0.7193011607643891 0.7179147028700883 0.7165282449757875 0.7151417870814867 0.7137553291871834 0.7123688712928826 0.7109824133985818 0.7095959555042811 0.7082094976099803 0.7068230397156795 0.7054365818213787 0.7040501239270779 0.7026636660327771 0.7012772081384763 0.6998907502441755 0.6985042923498747 0.6971178344555738 0.6957313765612707 0.6943449186669699 0.6929584607726691 0.6915720028783683 0.6901855449840675 0.6887990870897667 0.6873927155939645 0.6859650560076828 0.6845373964214009 0.6831097368351191 0.6816820772488372 0.6802544176625555 0.6788267580762736 0.6773990984899894 0.6759714389037075 0.6745437793174257 0.6731161197311438 0.671688460144862 0.6702608005585802 0.6688331409722984
0.7280458400814868 0.7266760396541301 0.7253062392267734 0.7239364387994167 0.72256663837206 0.7211968379447034 0.7198270375173467 0.71845723708999 0.7170874366626333 0.7157176362352766 0.7143478358079199 0.7129780353805609 0.7116082349532042 0.7102384345258477 0.708868634098491 0.7074988336711343 0.7061290332437776 0.7047592328164209 0.7033894323890643 0.7020196319617076 0.7006498315343509 0.6992800311069942 0.6979102306796375 0.6965404302522809 0.6951706298249218 0.6938008293975652 0.6924310289702085 0.6910612285428518 0.6896914281154951 0.6883216276881384 0.6869188323106089 0.6854807645849503 0.6840426968592918 0.6826046291336332 0.6811665614079746 0.679728493682316 0.6782904259566573 0.6768523582309963 0.6754142905053377 0.6739762227796792 0.6725381550540206 0.671100087328362 0.6696620196027034 0.6682239518770449
0.7270853141384797 0.7257321711780671 0.7243790282176545 0.723025885257242 0.7216727422968294 0.7203195993364169 0.7189664563760043 0.7176133134155916 0.7162601704551791 0.7149070274947665 0.713553884534354 0.7122007415739391 0.7108475986135265 0.709494455653114 0.7081413126927014 0.7067881697322889 0.7054350267718762 0.7040818838114636 0.7027287408510511 0.7013755978906385 0.700022454930226 0.6986693119698134 0.6973161690094007 0.6959630260489882 0.6946098830885733 0.6932567401281607 0.6919035971677482 0.6905504542073356 0.6891973112469231 0.6878441682865105 0.6864449490272534 0.6849964731622181 0.6835479972971829 0.6820995214321475 0.6806510455671122 0.6792025697020768 0.6777540938370415 0.6763056179720037 0.6748571421069683 0.6734086662419331 0.6719601903768977 0.6705117145118624 0.669063238646827 0.6676147627817918
0.7261247881954727 0.7247883027020042 0.7234518172085357 0.7221153317150673 0.7207788462215988 0.7194423607281303 0.7181058752346619 0.7167693897411934 0.715432904247725 0.7140964187542564 0.712759933260788 0.7114234477673173 0.7100869622738488 0.7087504767803804 0.7074139912869118 0.7060775057934434 0.704741020299975 0.7034045348065064 0.702068049313038 0.7007315638195696 0.699395078326101 0.6980585928326326 0.6967221073391642 0.6953856218456957 0.694049136352225 0.6927126508587564 0.691376165365288 0.6900396798718196 0.6887031943783511 0.6873667088848826 0.6859710657438981 0.684512181739486 0.683053297735074 0.6815944137306619 0.6801355297262498 0.6786766457218377 0.6772177617174256 0.6757588777130111 0.674299993708599 0.672841109704187 0.6713822256997749 0.6699233416953628 0.6684644576909508 0.6670055736865387
0.7251642622524656 0.7238444342259412 0.7225246061994169 0.7212047781728925 0.7198849501463682 0.7185651221198438 0.7172452940933195 0.7159254660667951 0.7146056380402708 0.7132858100137464 0.711965981987222 0.7106461539606954 0.7093263259341711 0.7080064979076467 0.7066866698811224 0.705366841854598 0.7040470138280737 0.7027271858015492 0.7014073577750249 0.7000875297485006 0.6987677017219762 0.6974478736954519 0.6961280456689275 0.6948082176424032 0.6934883896158766 0.6921685615893522 0.6908487335628278 0.6895289055363035 0.6882090775097791 0.6868892494832548 0.6854971824605428 0.6840278903167539 0.6825585981729652 0.6810893060291763 0.6796200138853875 0.6781507217415987 0.6766814295978099 0.6752121374540185 0.6737428453102298 0.672273553166441 0.6708042610226521 0.6693349688788633 0.6678656767350745 0.6663963845912857
0.7242037363094586 0.7229005657498783 0.7215973951902981 0.7202942246307178 0.7189910540711376 0.7176878835115573 0.716384712951977 0.7150815423923969 0.7137783718328166 0.7124752012732363 0.7111720307136561 0.7098688601540736 0.7085656895944934 0.7072625190349131 0.7059593484753328 0.7046561779157526 0.7033530073561723 0.7020498367965922 0.7007466662370119 0.6994434956774316 0.6981403251178514 0.6968371545582711 0.6955339839986909 0.6942308134391106 0.6929276428795281 0.691624472319948 0.6903213017603677 0.6890181312007875 0.6877149606412072 0.6864117900816269 0.6850232991771874 0.6835435988940218 0.6820638986108563 0.6805841983276908 0.6791044980445252 0.6776247977613596 0.6761450974781941 0.6746653971950259 0.6731856969118605 0.6717059966286949 0.6702262963455293 0.6687465960623638 0.6672668957791982 0.6657871954960326
0.7232432103664514 0.7219566972738154 0.7206701841811792 0.7193836710885431 0.7180971579959069 0.7168106449032708 0.7155241318106347 0.7142376187179985 0.7129511056253623 0.7116645925327263 0.7103780794400901 0.7090915663474517 0.7078050532548157 0.7065185401621795 0.7052320270695434 0.7039455139769072 0.702659000884271 0.701372487791635 0.7000859746989988 0.6987994616063626 0.6975129485137265 0.6962264354210904 0.6949399223284543 0.6936534092358181 0.6923668961431798 0.6910803830505436 0.6897938699579075 0.6885073568652713 0.6872208437726353 0.6859343306799991 0.6845494158938321 0.6830593074712897 0.6815691990487475 0.6800790906262052 0.6785889822036628 0.6770988737811205 0.6756087653585783 0.6741186569360335 0.6726285485134911 0.6711384400909488 0.6696483316684065 0.6681582232458642 0.6666681148233219 0.6651780064007795
0.7222826844234436 0.7210128287977515 0.7197429731720595 0.7184731175463676 0.7172032619206755 0.7159334062949835 0.7146635506692914 0.7133936950435995 0.7121238394179075 0.7108539837922154 0.7095841281665234 0.7083142725408292 0.7070444169151372 0.7057745612894452 0.7045047056637532 0.7032348500380612 0.7019649944123691 0.7006951387866771 0.6994252831609851 0.6981554275352931 0.6968855719096011 0.6956157162839091 0.694345860658217 0.6930760050325251 0.6918061494068308 0.6905362937811388 0.6892664381554469 0.6879965825297548 0.6867267269040628 0.6854568712783707 0.6840755326104763 0.6825750160485572 0.6810744994866382 0.6795739829247192 0.6780734663628001 0.676572949800881 0.6750724332389619 0.6735719166770403 0.6720714001151213 0.6705708835532023 0.6690703669912832 0.6675698504293641 0.666069333867445 0.664568817305526
0.7213221584804366 0.7200689603216887 0.7188157621629407 0.7175625640041928 0.7163093658454449 0.715056167686697 0.7138029695279491 0.7125497713692012 0.7112965732104533 0.7100433750517053 0.7087901768929574 0.7075369787342074 0.7062837805754595 0.7050305824167116 0.7037773842579637 0.7025241860992157 0.7012709879404678 0.7000177897817199 0.698764591622972 0.6975113934642241 0.6962581953054763 0.6950049971467284 0.6937517989879805 0.6924986008292325 0.6912454026704825 0.6899922045117346 0.6887390063529867 0.6874858081942388 0.6862326100354909 0.6849794118767429 0.683601649327121 0.6820907246258252 0.6805797999245293 0.6790688752232336 0.6775579505219378 0.6760470258206419 0.6745361011193461 0.6730251764180477 0.6715142517167519 0.6700033270154562 0.6684924023141604 0.6669814776128645 0.6654705529115688 0.663959628210273
0.7203616325374295 0.7191250918456257 0.7178885511538219 0.7166520104620181 0.7154154697702142 0.7141789290784104 0.7129423883866066 0.7117058476948028 0.710469307002999 0.7092327663111953 0.7079962256193915 0.7067596849275856 0.7055231442357818 0.7042866035439779 0.7030500628521741 0.7018135221603703 0.7005769814685665 0.6993404407767627 0.6981039000849589 0.6968673593931551 0.6956308187013513 0.6943942780095474 0.6931577373177437 0.6919211966259399 0.690684655934134 0.6894481152423302 0.6882115745505264 0.6869750338587226 0.6857384931669188 0.6845019524751149 0.6831277660437655 0.681606433203093 0.6800851003624204 0.6785637675217479 0.6770424346810754 0.6755211018404028 0.6739997689997302 0.6724784361590551 0.6709571033183825 0.6694357704777101 0.6679144376370375 0.6663931047963649 0.6648717719556925 0.6633504391150199
0.7194011065944225 0.7181812233695627 0.716961340144703 0.7157414569198434 0.7145215736949836 0.7133016904701239 0.7120818072452643 0.7108619240204046 0.7096420407955448 0.7084221575706852 0.7072022743458255 0.7059823911209637 0.704762507896104 0.7035426246712443 0.7023227414463846 0.701102858221525 0.6998829749966652 0.6986630917718055 0.6974432085469459 0.6962233253220861 0.6950034420972264 0.6937835588723668 0.6925636756475071 0.6913437924226473 0.6901239091977855 0.6889040259729259 0.6876841427480662 0.6864642595232064 0.6852443762983468 0.6840244930734871 0.6826538827604102 0.6811221417803609 0.6795904008003116 0.6780586598202623 0.676526918840213 0.6749951778601637 0.6734634368801145 0.6719316959000625 0.6703999549200133 0.668868213939964 0.6673364729599147 0.6658047319798653 0.6642729909998161 0.6627412500197668
