Figures/CREST_Example_wjb_NSE/PETs/wjb.pet.20100918.asc
ncols            288
nrows            254
xllcorner        113.274861
yllcorner        31.4918055
cellsize         0.008333333333
NODATA_value     -9999
[rows 40 to 59 of 254, columns 88 to 131 of 288]
2.7245688577951634 2.7281941397870013 2.7318194217788396 2.735444703770684 2.7390699857625225 2.7426952677543603 2.7463205497461987 2.749945831738037 2.7535711137298753 2.757196395721713 2.7608216777135515 2.76444695970539 2.768072241697228 2.771697523689066 2.7744577821734273 2.776293310969079 2.778128839764733 2.7799643685603845 2.7817998973560356 2.7836354261516867 2.785470954947338 2.7873064837429893 2.7891420125386404 2.790977541334292 2.792813070129943 2.794648598925594 2.7964841277212455 2.7983196565168966 2.8001551853125477 2.8019907141082023 2.8038262429038534 2.805661771699505 2.807497300495156 2.809332829290807 2.8111683580864586 2.8130038868821097 2.8148394156777607 2.8166749444734123 2.8185104732690633 2.8203460020647144 2.822181530860366 2.824017059656017 2.8258525884516716 2.8276881172473227
2.7327991173517985 2.736540326945931 2.740281536540063 2.744022746134202 2.747763955728334 2.7515051653224667 2.755246374916599 2.7589875845107317 2.7627287941048637 2.766470003698996 2.7702112132931287 2.773952422887261 2.7776936324813937 2.7814348420755257 2.784196246572048 2.7859102172646577 2.7876241879572707 2.7893381586498807 2.7910521293424906 2.7927661000351005 2.7944800707277104 2.796194041420321 2.7979080121129307 2.7996219828055406 2.8013359534981506 2.8030499241907605 2.8047638948833704 2.8064778655759803 2.8081918362685903 2.8099058069612033 2.811619777653813 2.813333748346423 2.815047719039033 2.816761689731643 2.8184756604242533 2.8201896311168633 2.821903601809473 2.823617572502083 2.825331543194693 2.827045513887303 2.828759484579913 2.830473455272523 2.832187425965136 2.8339013966577458
2.7410293769084335 2.74488651410486 2.748743651301287 2.7526007884977197 2.7564579256941464 2.760315062890573 2.7641722000869997 2.7680293372834264 2.7718864744798526 2.7757436116762793 2.779600748872706 2.7834578860691326 2.7873150232655592 2.7911721604619855 2.7939347109706683 2.795527123560237 2.7971195361498085 2.7987119487393772 2.800304361328946 2.8018967739185143 2.803489186508083 2.805081599097652 2.8066740116872206 2.8082664242767894 2.809858836866358 2.811451249455927 2.8130436620454957 2.814636074635064 2.816228487224633 2.8178208998142042 2.819413312403773 2.821005724993342 2.8225981375829106 2.8241905501724793 2.825782962762048 2.8273753753516164 2.828967787941185 2.830560200530754 2.8321526131203227 2.8337450257098915 2.8353374382994603 2.836929850889029 2.8385222634786005 2.840114676068169
2.7492596364650685 2.7532327012637894 2.75720576606251 2.7611788308612377 2.7651518956599586 2.7691249604586794 2.7730980252574 2.7770710900561206 2.7810441548548415 2.7850172196535623 2.788990284452283 2.792963349251004 2.796936414049725 2.800909478848445 2.8036731753692887 2.805144029855816 2.806614884342346 2.8080857388288734 2.809556593315401 2.8110274478019286 2.8124983022884558 2.8139691567749834 2.8154400112615106 2.816910865748038 2.818381720234566 2.819852574721093 2.8213234292076206 2.822794283694148 2.8242651381806754 2.825735992667205 2.827206847153733 2.8286777016402604 2.8301485561267876 2.8316194106133152 2.8330902650998424 2.83456111958637 2.8360319740728976 2.837502828559425 2.8389736830459524 2.84044453753248 2.8419153920190072 2.843386246505535 2.8448571009920647 2.8463279554785923
2.7574898960217036 2.7615788884227186 2.7656678808237336 2.7697568732247553 2.7738458656257703 2.7779348580267853 2.7820238504278003 2.7861128428288153 2.7902018352298303 2.7942908276308454 2.7983798200318604 2.802468812432875 2.80655780483389 2.810646797234905 2.813411639767909 2.814760936151395 2.816110232534884 2.81745952891837 2.818808825301856 2.8201581216853424 2.8215074180688284 2.8228567144523145 2.824206010835801 2.825555307219287 2.8269046036027734 2.8282538999862594 2.8296031963697454 2.830952492753232 2.832301789136718 2.8336510855202066 2.8350003819036926 2.8363496782871787 2.837698974670665 2.839048271054151 2.840397567437637 2.8417468638211236 2.8430961602046096 2.844445456588096 2.845794752971582 2.847144049355068 2.8484933457385546 2.8498426421220406 2.8511919385055293 2.8525412348890153
2.7657201555783386 2.769925075581648 2.774129995584957 2.7783349155882733 2.7825398355915825 2.7867447555948917 2.790949675598201 2.79515459560151 2.799359515604819 2.8035644356081284 2.8077693556114376 2.8119742756147463 2.8161791956180555 2.8203841156213647 2.8231501041665297 2.8243778424469745 2.825605580727421 2.8268333190078665 2.8280610572883114 2.8292887955687562 2.830516533849201 2.831744272129646 2.832972010410091 2.8341997486905357 2.8354274869709806 2.836655225251426 2.8378829635318708 2.8391107018123156 2.8403384400927605 2.8415661783732076 2.8427939166536524 2.8440216549340973 2.845249393214542 2.846477131494987 2.847704869775432 2.848932608055877 2.850160346336322 2.851388084616767 2.852615822897212 2.8538435611776567 2.8550712994581016 2.8562990377385464 2.8575267760189935 2.8587545142994384
2.7739504151349808 2.778271262740584 2.782592110346188 2.7869129579517984 2.791233805557402 2.7955546531630056 2.799875500768609 2.8041963483742123 2.8085171959798156 2.812838043585419 2.817158891191023 2.821479738796626 2.8258005864022295 2.830121434007833 2.832888568565158 2.833994748742562 2.8351009289199673 2.8362071090973706 2.8373132892747743 2.838419469452178 2.8395256496295813 2.840631829806985 2.8417380099843887 2.842844190161792 2.8439503703391957 2.8450565505165994 2.8461627306940027 2.8472689108714064 2.8483750910488097 2.849481271226215 2.850587451403619 2.8516936315810226 2.852799811758426 2.8539059919358296 2.855012172113233 2.8561183522906366 2.8572245324680403 2.8583307126454436 2.8594368928228473 2.860543073000251 2.8616492531776543 2.862755433355058 2.8638616135324635 2.8649677937098668
2.7821806746916162 2.7866174498995138 2.7910542251074113 2.7954910003153164 2.799927775523214 2.804364550731112 2.8088013259390094 2.813238101146907 2.8176748763548045 2.822111651562702 2.8265484267705996 2.8309852019784976 2.835421977186395 2.8398587523942926 2.8426270329637786 2.8436116550381407 2.844596277112505 2.845580899186867 2.8465655212612293 2.847550143335592 2.848534765409954 2.8495193874843165 2.8505040095586787 2.851488631633041 2.8524732537074033 2.8534578757817655 2.854442497856128 2.85542711993049 2.8564117420048523 2.857396364079216 2.8583809861535787 2.859365608227941 2.8603502303023034 2.8613348523766655 2.8623194744510276 2.86330409652539 2.8642887185997523 2.865273340674115 2.866257962748477 2.867242584822839 2.8682272068972017 2.869211828971564 2.8701964510459277 2.8711810731202903
2.7904109342482513 2.794963637058443 2.7995163398686347 2.8040690426788344 2.808621745489026 2.813174448299218 2.81772715110941 2.8222798539196017 2.8268325567297934 2.831385259539985 2.835937962350177 2.840490665160369 2.8450433679705607 2.8495960707807524 2.852365497362399 2.85322856133372 2.854091625305043 2.8549546892763638 2.8558177532476847 2.8566808172190057 2.8575438811903267 2.8584069451616476 2.8592700091329686 2.86013307310429 2.860996137075611 2.861859201046932 2.862722265018253 2.863585328989574 2.864448392960895 2.8653114569322176 2.8661745209035385 2.8670375848748595 2.8679006488461805 2.8687637128175014 2.8696267767888224 2.8704898407601434 2.8713529047314648 2.8722159687027857 2.8730790326741067 2.8739420966454277 2.8748051606167486 2.8756682245880696 2.8765312885593923 2.8773943525307133
2.798641193804886 2.803309824217372 2.807978454629858 2.812647085042352 2.8173157154548383 2.821984345867324 2.82665297627981 2.831321606692296 2.8359902371047823 2.840658867517268 2.845327497929754 2.84999612834224 2.8546647587547263 2.859333389167212 2.8621039617610196 2.8628454676292994 2.86358697349758 2.86432847936586 2.8650699852341397 2.8658114911024195 2.8665529969706993 2.867294502838979 2.8680360087072585 2.8687775145755383 2.869519020443818 2.870260526312098 2.8710020321803777 2.8717435380486576 2.8724850439169374 2.873226549785218 2.873968055653498 2.8747095615217777 2.8754510673900575 2.8761925732583373 2.876934079126617 2.8776755849948965 2.8784170908631763 2.879158596731456 2.879900102599736 2.8806416084680158 2.8813831143362956 2.8821246202045754 2.882866126072856 2.883607631941136
2.8068714533615213 2.8116560113763014 2.8164405693910814 2.82122512740587 2.82600968542065 2.8307942434354305 2.8355788014502106 2.8403633594649906 2.8451479174797707 2.849932475494551 2.8547170335093313 2.8595015915241113 2.864286149538892 2.869070707553672 2.87184242615964 2.8724623739248782 2.873082321690118 2.8737022694553565 2.8743222172205947 2.8749421649858333 2.875562112751072 2.87618206051631 2.876802008281549 2.877421956046787 2.8780419038120257 2.8786618515772644 2.8792817993425026 2.8799017471077413 2.88052169487298 2.881141642638219 2.8817615904034577 2.8823815381686964 2.8830014859339346 2.8836214336991732 2.884241381464412 2.88486132922965 2.8854812769948888 2.886101224760127 2.8867211725253656 2.8873411202906043 2.8879610680558425 2.888581015821081 2.8892009635863207 2.889820911351559
2.8151017129181564 2.8200021985352306 2.8249026841523053 2.829803169769388 2.834703655386462 2.8396041410035364 2.844504626620611 2.8494051122376853 2.8543055978547596 2.8592060834718342 2.8641065690889085 2.8690070547059827 2.8739075403230574 2.8788080259401316 2.88158089055826 2.8820792802204576 2.8825776698826555 2.8830760595448526 2.88357444920705 2.884072838869247 2.8845712285314447 2.8850696181936417 2.885568007855839 2.8860663975180363 2.8865647871802333 2.8870631768424304 2.887561566504628 2.888059956166825 2.888558345829022 2.8890567354912204 2.8895551251534175 2.8900535148156146 2.890551904477812 2.891050294140009 2.891548683802206 2.8920470734644037 2.8925454631266008 2.8930438527887983 2.8935422424509953 2.8940406321131924 2.89453902177539 2.895037411437587 2.895535801099785 2.8960341907619824
2.8233319724747914 2.82834838569416 2.8333647989135287 2.8383812121329055 2.8433976253522744 2.8484140385716428 2.853430451791011 2.85844686501038 2.8634632782297484 2.8684796914491173 2.8734961046684857 2.878512517887854 2.8835289311072225 2.8885453443265914 2.8913193549568805 2.8916961865160364 2.8920730180751932 2.892449849634349 2.892826681193505 2.893203512752661 2.893580344311817 2.893957175870973 2.894334007430129 2.894710838989285 2.895087670548441 2.895464502107597 2.895841333666753 2.8962181652259087 2.8965949967850646 2.8969718283442214 2.8973486599033773 2.897725491462533 2.898102323021689 2.898479154580845 2.898855986140001 2.8992328176991573 2.899609649258313 2.899986480817469 2.900363312376625 2.900740143935781 2.901116975494937 2.9014938070540928 2.9018706386132496 2.9022474701724055
2.8315622320314335 2.8366945728530966 2.841826913674759 2.846959254496431 2.8520915953180936 2.8572239361397567 2.8623562769614193 2.8674886177830823 2.8726209586047453 2.877753299426408 2.882885640248071 2.8880179810697335 2.8931503218913965 2.8982826627130596 2.9010578193555094 2.901313092811624 2.901568366267739 2.9018236397238537 2.902078913179968 2.902334186636083 2.9025894600921975 2.902844733548312 2.9031000070044266 2.9033552804605414 2.9036105539166557 2.9038658273727704 2.904121100828885 2.9043763742849995 2.9046316477411143 2.904886921197229 2.905142194653344 2.9053974681094585 2.905652741565573 2.9059080150216876 2.9061632884778024 2.9064185619339167 2.9066738353900314 2.9069291088461457 2.9071843823022605 2.9074396557583753 2.9076949292144896 2.9079502026706043 2.9082054761267195 2.908460749582834
2.8397924915880686 2.8450407600120258 2.8502890284359825 2.8555372968599486 2.860785565283906 2.8660338337078626 2.87128210213182 2.876530370555777 2.8817786389797337 2.887026907403691 2.892275175827648 2.897523444251605 2.902771712675562 2.9080199810995193 2.91079628375413 2.910929999107203 2.9110637144602767 2.91119742981335 2.9113311451664234 2.9114648605194966 2.91159857587257 2.9117322912256434 2.9118660065787165 2.91199972193179 2.9121334372848633 2.912267152637937 2.91240086799101 2.912534583344083 2.912668298697157 2.9128020140502304 2.9129357294033036 2.9130694447563767 2.9132031601094504 2.9133368754625235 2.913470590815597 2.9136043061686703 2.9137380215217434 2.913871736874817 2.91400545222789 2.9141391675809634 2.914272882934037 2.91440659828711 2.9145403136401837 2.914674028993257
2.8480227511447036 2.853386947170955 2.8587511431972064 2.8641153392234666 2.8694795352497176 2.874843731275969 2.8802079273022203 2.8855721233284717 2.8909363193547226 2.896300515380974 2.9016647114072254 2.9070289074334763 2.9123931034597277 2.917757299485979 2.9205347481527504 2.9205469054027824 2.9205590626528144 2.9205712199028464 2.9205833771528784 2.9205955344029104 2.920607691652943 2.920619848902975 2.920632006153007 2.920644163403039 2.920656320653071 2.920668477903103 2.920680635153135 2.920692792403167 2.9207049496531994 2.9207171069032314 2.9207292641532634 2.9207414214032954 2.9207535786533274 2.9207657359033594 2.9207778931533914 2.920790050403424 2.920802207653456 2.920814364903488 2.92082652215352 2.920838679403552 2.920850836653584 2.920862993903616 2.9208751511536484 2.9208873084036804
2.8562530107013386 2.861733134329884 2.8672132579584297 2.8726933815869846 2.8781735052155297 2.8836536288440753 2.889133752472621 2.894613876101166 2.9000939997297115 2.905574123358257 2.9110542469868026 2.9165343706153477 2.9220144942438933 2.927494617872439 2.9302732125513704 2.9301638116983613 2.930054410845352 2.929945009992343 2.929835609139334 2.9297262082863242 2.929616807433315 2.929507406580306 2.929398005727297 2.9292886048742877 2.9291792040212785 2.9290698031682694 2.9289604023152602 2.928851001462251 2.9287416006092415 2.9286321997562323 2.928522798903223 2.928413398050214 2.928303997197205 2.9281945963441953 2.928085195491186 2.927975794638177 2.927866393785168 2.9277569929321587 2.9276475920791496 2.9275381912261405 2.9274287903731313 2.927319389520122 2.9272099886671126 2.9271005878141034
2.864483270257974 2.8700793214888134 2.875675372719653 2.881271423950502 2.886867475181342 2.8924635264121816 2.898059577643021 2.9036556288738606 2.9092516801047004 2.91484773133554 2.9204437825663794 2.926039833797219 2.931635885028059 2.9372319362588986 2.940011676949991 2.9397807179939406 2.93954975903789 2.939318800081839 2.939087841125789 2.9388568821697385 2.9386259232136878 2.9383949642576375 2.938164005301587 2.9379330463455364 2.937702087389486 2.9374711284334354 2.937240169477385 2.937009210521335 2.936778251565284 2.9365472926092333 2.936316333653183 2.9360853746971323 2.935854415741082 2.9356234567850317 2.935392497828981 2.9351615388729306 2.9349305799168803 2.9346996209608296 2.9344686620047793 2.9342377030487286 2.9340067440926783 2.933775785136628 2.933544826180577 2.9333138672245265
2.8700909283364084 2.87565132649033 2.8812117246442512 2.886772122798182 2.8923325209521034 2.897892919106025 2.9034533172599466 2.909013715413868 2.9145741135677894 2.920134511721711 2.925694909875632 2.9312553080295536 2.936815706183475 2.9423761043373964 2.945104300448905 2.9448048085375946 2.9445053166262842 2.944205824714974 2.9439063328036634 2.9436068408923535 2.943307348981043 2.943007857069733 2.9427083651584227 2.9424088732471128 2.9421093813358024 2.941809889424492 2.941510397513182 2.9412109056018716 2.9409114136905616 2.940611921779251 2.9403124298679404 2.9400129379566304 2.93971344604532 2.93941395413401 2.9391144622226997 2.9388149703113897 2.9385154784000793 2.9382159864887694 2.937916494577459 2.9376170026661486 2.9373175107548386 2.937018018843528 2.936718526932218 2.9364190350209074
2.872895190798523 2.8782579056871214 2.8836206205757198 2.8889833354643275 2.894346050352926 2.8997087652415243 2.9050714801301227 2.910434195018721 2.9157969099073195 2.921159624795918 2.9265223396845164 2.9318850545731148 2.937247769461713 2.9426104843503116 2.9452308129619804 2.9449194686349744 2.944608124307968 2.9442967799809616 2.9439854356539557 2.9436740913269497 2.9433627469999437 2.9430514026729377 2.9427400583459313 2.9424287140189254 2.9421173696919194 2.9418060253649134 2.9414946810379075 2.941183336710901 2.940871992383895 2.9405606480568887 2.9402493037298827 2.9399379594028763 2.9396266150758703 2.9393152707488643 2.9390039264218584 2.9386925820948524 2.938381237767846 2.93806989344084 2.937758549113834 2.937447204786828 2.937135860459822 2.9368245161328157 2.9365131718058093 2.9362018274788033
