Figures/CREST_Example_wjb_NSE/PETs/wjb.pet.20100325.asc
ncols            288
nrows            254
xllcorner        113.274861
yllcorner        31.4918055
cellsize         0.008333333333
NODATA_value     -9999
[rows 180 to 199 of 254, columns 88 to 131 of 288]
2.0865609540507 2.0839879599743236 2.0814149658979475 2.0788419718215665 2.0762689777451904 2.073695983668814 2.0711229895924377 2.068549995516061 2.0659770014396845 2.0634040073633084 2.060831013286932 2.0582580192105557 2.055685025134179 2.053112031057803 2.0502248375520864 2.0470017577519806 2.043778677951869 2.040555598151763 2.037332518351657 2.034109438551551 2.0308863587514447 2.027663278951339 2.0244401991512326 2.021217119351127 2.0179940395510205 2.0147709597509147 2.0115478799508084 2.0083248001507026 2.0051017203505963 2.001878640550485 1.9986555607503789 1.9954324809502728 1.9922094011501668 1.9889863213500607 1.9857632415499546 1.9825401617498488 1.9793170819497428 1.9760940021496367 1.9728709223495307 1.9696478425494246 1.9664247627493185 1.9632016829492125 1.9599786031491009 1.9567555233489948
2.084700064521424 2.0821626940917604 2.0796253236620967 2.077087953232429 2.0745505828027655 2.072013212373102 2.0694758419434383 2.066938471513775 2.0644011010841115 2.061863730654448 2.059326360224784 2.056788989795121 2.0542516193654574 2.051714248935794 2.048876976290907 2.045719101396799 2.042561226502685 2.0394033516085766 2.0362454767144684 2.03308760182036 2.0299297269262517 2.026771852032143 2.023613977138035 2.0204561022439265 2.0172982273498183 2.0141403524557098 2.010982477561601 2.007824602667493 2.0046667277733845 2.001508852879271 1.9983509779851625 1.9951931030910541 1.9920352281969458 1.9888773533028374 1.985719478408729 1.9825616035146207 1.9794037286205124 1.976245853726404 1.9730879788322957 1.9699301039381871 1.9667722290440788 1.9636143541499704 1.9604564792558568 1.9572986043617484
2.0828391749921478 2.080337428209197 2.0778356814262464 2.0753339346432913 2.0728321878603406 2.07033044107739 2.0678286942944393 2.0653269475114886 2.062825200728538 2.0603234539455872 2.0578217071626366 2.055319960379686 2.0528182135967357 2.050316466813785 2.047529115029728 2.044436445041617 2.0413437750535013 2.0382511050653904 2.0351584350772796 2.032065765089169 2.0289730951010583 2.025880425112948 2.022787755124837 2.019695085136726 2.0166024151486157 2.013509745160505 2.010417075172394 2.0073244051842836 2.0042317351961727 2.001139065208057 1.998046395219946 1.9949537252318355 1.9918610552437248 1.988768385255614 1.9856757152675033 1.9825830452793927 1.979490375291282 1.9763977053031712 1.9733050353150605 1.9702123653269499 1.9671196953388392 1.9640270253507284 1.9609343553626126 1.9578416853745018
2.0809782854628702 2.0785121623266325 2.0760460391903948 2.0735799160541526 2.071113792917915 2.068647669781677 2.0661815466454394 2.0637154235092017 2.0612493003729635 2.0587831772367258 2.056317054100488 2.0538509309642503 2.0513848078280126 2.048918684691775 2.0461812537685478 2.0431537886864346 2.0401263236043166 2.0370988585222034 2.0340713934400907 2.0310439283579775 2.0280164632758644 2.0249889981937517 2.0219615331116385 2.018934068029526 2.0159066029474126 2.0128791378653 2.0098516727831868 2.0068242077010736 2.003796742618961 2.000769277536843 1.9977418124547297 1.9947143473726168 1.9916868822905038 1.9886594172083907 1.9856319521262777 1.9826044870441648 1.9795770219620519 1.976549556879939 1.973522091797826 1.970494626715713 1.9674671616336 1.964439696551487 1.961412231469369 1.958384766387256
2.0791173959335936 2.076686896444069 2.074256396954544 2.0718258974650148 2.06939539797549 2.066964898485965 2.06453439899644 2.062103899506915 2.0596734000173904 2.0572429005278656 2.0548124010383404 2.0523819015488156 2.049951402059291 2.0475209025697656 2.044833392507368 2.041871132331253 2.0389088721551327 2.0359466119790173 2.032984351802902 2.030022091626787 2.0270598314506714 2.024097571274556 2.021135311098441 2.0181730509223255 2.01521079074621 2.012248530570095 2.0092862703939796 2.006324010217864 2.003361750041749 2.0003994898656288 1.9974372296895133 1.994474969513398 1.9915127093372826 1.9885504491611674 1.9855881889850522 1.9826259288089367 1.9796636686328215 1.9767014084567063 1.9737391482805908 1.9707768881044756 1.9678146279283604 1.9648523677522451 1.9618901075761246 1.9589278474000094
2.077256506404318 2.0748616305615055 2.0724667547186937 2.0700718788758774 2.067677003033065 2.0652821271902533 2.062887251347441 2.060492375504629 2.058097499661817 2.055702623819005 2.0533077479761928 2.050912872133381 2.0485179962905686 2.046123120447757 2.043485531246189 2.040588475976071 2.0376914207059484 2.034794365435831 2.0318973101657134 2.0290002548955957 2.026103199625478 2.0232061443553606 2.020309089085243 2.017412033815125 2.0145149785450074 2.01161792327489 2.0087208680047723 2.0058238127346546 2.0029267574645373 2.0000297021944147 1.997132646924297 1.9942355916541792 1.9913385363840617 1.988441481113944 1.9855444258438264 1.9826473705737089 1.9797503153035911 1.9768532600334736 1.9739562047633559 1.9710591494932383 1.9681620942231206 1.965265038953003 1.9623679836828805 1.959470928412763
2.0753956168750416 2.0730363646789423 2.070677112482843 2.06831786028674 2.0659586080906407 2.0635993558945414 2.061240103698442 2.058880851502343 2.056521599306244 2.0541623471101444 2.051803094914045 2.049443842717946 2.047084590521847 2.0447253383257475 2.0421376699850096 2.0393058196208895 2.0364739692567646 2.0336421188926446 2.030810268528525 2.027978418164405 2.025146567800285 2.022314717436165 2.019482867072045 2.0166510167079252 2.013819166343805 2.010987315979685 2.008155465615565 2.005323615251445 2.0024917648873255 1.9996599145232006 1.9968280641590805 1.9939962137949607 1.9911643634308407 1.9883325130667209 1.9855006627026008 1.9826688123384808 1.979836961974361 1.977005111610241 1.9741732612461211 1.971341410882001 1.9685095605178813 1.9656777101537612 1.9628458597896365 1.9600140094255165
2.0735347273457654 2.071211098796379 2.0688874702469926 2.066563841697602 2.064240213148216 2.0619165845988294 2.059592956049443 2.0572693275000566 2.0549456989506703 2.052622070401284 2.0502984418518975 2.047974813302511 2.045651184753125 2.0433275562037387 2.04078980872383 2.0380231632657075 2.0352565178075808 2.0324898723494584 2.029723226891336 2.0269565814332138 2.0241899359750914 2.0214232905169696 2.0186566450588472 2.015889999600725 2.0131233541426026 2.0103567086844802 2.007590063226358 2.0048234177682356 2.0020567723101137 1.9992901268519865 1.9965234813938642 1.993756835935742 1.9909901904776197 1.9882235450194974 1.985456899561375 1.982690254103253 1.9799236086451306 1.9771569631870083 1.974390317728886 1.9716236722707638 1.9688570268126415 1.9660903813545192 1.9633237358963922 1.9605570904382699
2.071673837816489 2.0693858329138157 2.067097828011142 2.0648098231084644 2.062521818205791 2.0602338133031175 2.057945808400444 2.0556578034977706 2.053369798595097 2.0510817936924237 2.04879378878975 2.0465057838870764 2.044217778984403 2.0419297740817295 2.0394419474626506 2.036740506910526 2.034039066358397 2.0313376258062723 2.0286361852541477 2.025934744702023 2.0232333041498984 2.020531863597774 2.017830423045649 2.0151289824935246 2.0124275419414 2.0097261013892753 2.0070246608371507 2.004323220285026 2.0016217797329015 1.9989203391807724 1.9962188986286478 1.9935174580765231 1.9908160175243985 1.9881145769722741 1.9854131364201495 1.9827116958680249 1.9800102553159002 1.9773088147637756 1.974607374211651 1.9719059336595264 1.9692044931074018 1.9665030525552774 1.963801612003148 1.9611001714510234
2.069812948287211 2.0675605670312507 2.06530818577529 2.0630558045193257 2.060803423263365 2.0585510420074047 2.0562986607514437 2.0540462794954832 2.0517938982395227 2.0495415169835622 2.0472891357276013 2.045036754471641 2.0427843732156803 2.0405319919597193 2.0380940862014705 2.0354578505553436 2.032821614909212 2.0301853792630853 2.0275491436169584 2.0249129079708315 2.0222766723247045 2.0196404366785776 2.0170042010324507 2.014367965386324 2.0117317297401973 2.0090954940940704 2.0064592584479435 2.0038230228018166 2.0011867871556897 1.9985505515095583 1.9959143158634314 1.9932780802173045 1.9906418445711775 1.9880056089250508 1.985369373278924 1.982733137632797 1.98009690198667 1.9774606663405432 1.9748244306944165 1.9721881950482896 1.9695519594021627 1.9669157237560357 1.9642794881099044 1.9616432524637775
2.067952058757935 2.0657353011486874 2.0635185435394394 2.061301785930188 2.0590850283209403 2.0568682707116923 2.0546515131024448 2.052434755493197 2.050217997883949 2.0480012402747017 2.0457844826654537 2.043567725056206 2.041350967446958 2.0391342098377105 2.036746224940291 2.0341751942001616 2.0316041634600284 2.029033132719899 2.02646210197977 2.0238910712396407 2.0213200404995115 2.0187490097593823 2.016177979019253 2.013606948279124 2.0110359175389947 2.0084648867988655 2.0058938560587363 2.003322825318607 2.000751794578478 1.9981807638383442 1.995609733098215 1.9930387023580858 1.9904676716179566 1.9878966408778274 1.9853256101376981 1.982754579397569 1.9801835486574397 1.9776125179173105 1.9750414871771813 1.972470456437052 1.969899425696923 1.9673283949567937 1.9647573642166603 1.962186333476531
2.0660911692286588 2.063910035266124 2.061728901303589 2.0595477673410505 2.0573666333785154 2.055185499415981 2.053004365453446 2.0508232314909107 2.048642097528376 2.046460963565841 2.044279829603306 2.0420986956407714 2.0399175616782363 2.0377364277157013 2.0353983636791115 2.03289253784498 2.030386712010844 2.0278808861767126 2.025375060342581 2.0228692345084496 2.020363408674318 2.0178575828401866 2.015351757006055 2.0128459311719236 2.010340105337792 2.0078342795036606 2.005328453669529 2.0028226278353976 2.000316802001266 1.99781097616713 1.9953051503329986 1.992799324498867 1.9902934986647356 1.987787672830604 1.9852818469964726 1.9827760211623409 1.9802701953282094 1.9777643694940779 1.9752585436599464 1.9727527178258148 1.9702468919916833 1.9677410661575518 1.965235240323416 1.9627294144892844
2.0642302796993826 2.062084769383561 2.059939259067739 2.057793748751913 2.055648238436091 2.053502728120269 2.051357217804447 2.0492117074886247 2.0470661971728026 2.0449206868569805 2.0427751765411584 2.0406296662253367 2.0384841559095146 2.0363386455936925 2.0340505024179323 2.0316098814897985 2.0291692605616602 2.0267286396335265 2.0242880187053927 2.021847397777259 2.019406776849125 2.016966155920991 2.014525534992857 2.0120849140647232 2.0096442931365894 2.0072036722084556 2.004763051280322 2.002322430352188 1.999881809424054 1.997441188495916 1.9950005675677822 1.9925599466396484 1.9901193257115144 1.9876787047833806 1.9852380838552468 1.982797462927113 1.980356841998979 1.9779162210708452 1.9754756001427114 1.9730349792145776 1.9705943582864436 1.9681537373583098 1.9657131164301718 1.963272495502038
2.062369390170107 2.0602595035009976 2.0581496168318885 2.0560397301627757 2.053929843493666 2.051819956824557 2.049710070155448 2.0476001834863387 2.0454902968172295 2.0433804101481203 2.041270523479011 2.039160636809902 2.037050750140793 2.0349408634716837 2.032702641156753 2.030327225134617 2.027951809112477 2.0255763930903408 2.0232009770682042 2.020825561046068 2.018450145023932 2.016074729001796 2.01369931297966 2.0113238969575233 2.0089484809353872 2.006573064913251 2.004197648891115 2.0018222328689785 1.9994468168468424 1.9970714008247024 1.994695984802566 1.99232056878043 1.9899451527582936 1.9875697367361576 1.9851943207140215 1.9828189046918852 1.980443488669749 1.9780680726476128 1.9756926566254767 1.9733172406033404 1.9709418245812043 1.968566408559068 1.9661909925369279 1.9638155765147915
2.0605085006408297 2.0584342376184335 2.056359974596037 2.054285711573637 2.052211448551241 2.0501371855288446 2.048062922506448 2.0459886594840517 2.0439143964616555 2.0418401334392593 2.0397658704168626 2.0376916073944664 2.03561734437207 2.033543081349674 2.031354779895573 2.0290445687794345 2.026734357663292 2.0244241465471537 2.022113935431015 2.0198037243148765 2.017493513198738 2.0151833020825998 2.0128730909664614 2.0105628798503226 2.008252668734184 2.005942457618046 2.0036322465019074 2.001322035385769 1.9990118242696304 1.9967016131534878 1.9943914020373494 1.992081190921211 1.9897709798050724 1.987460768688934 1.9851505575727955 1.982840346456657 1.9805301353405185 1.97821992422438 1.9759097131082417 1.973599501992103 1.9712892908759647 1.9689790797598261 1.9666688686436837 1.9643586575275453
2.0586476111115535 2.05660897173587 2.0545703323601865 2.0525316929844997 2.0504930536088164 2.0484544142331327 2.0464157748574494 2.0443771354817657 2.0423384961060824 2.040299856730399 2.0382612173547154 2.036222577979032 2.0341839386033485 2.032145299227665 2.030006918634394 2.0277619124242534 2.0255169062141087 2.0232719000039676 2.021026893793827 2.0187818875836863 2.016536881373545 2.0142918751634045 2.012046868953264 2.0098018627431227 2.007556856532982 2.0053118503228413 2.0030668441127 2.0008218379025595 1.9985768316924186 1.9963318254822742 1.9940868192721333 1.9918418130619924 1.9895968068518517 1.9873518006417108 1.98510679443157 1.9828617882214292 1.9806167820112883 1.9783717758011474 1.9761267695910067 1.9738817633808659 1.971636757170725 1.9693917509605843 1.9671467447504396 1.9649017385402987
2.0567867215822773 2.054783705853307 2.052780690124336 2.0507776743953623 2.0487746586663915 2.0467716429374208 2.0447686272084504 2.0427656114794797 2.0407625957505093 2.0387595800215386 2.036756564292568 2.0347535485635975 2.0327505328346267 2.030747517105656 2.028659057373215 2.0264792560690714 2.0242994547649245 2.0221196534607815 2.0199398521566385 2.017760050852495 2.015580249548352 2.0134004482442087 2.0112206469400657 2.009040845635923 2.0068610443317794 2.0046812430276364 2.002501441723493 2.00032164041935 1.9981418391152068 1.99596203781106 1.9937822365069169 1.9916024352027737 1.9894226338986305 1.9872428325944873 1.9850630312903443 1.9828832299862011 1.980703428682058 1.9785236273779148 1.9763438260737716 1.9741640247696286 1.9719842234654854 1.9698044221613422 1.9676246208571953 1.9654448195530523
2.054925832053 2.0529584399707423 2.0509910478884845 2.0490236558062236 2.0470562637239658 2.045088871641708 2.0431214795594506 2.0411540874771927 2.039186695394935 2.037219303312677 2.0352519112304193 2.033284519148162 2.031317127065904 2.0293497349836462 2.0273111961120343 2.025196599713889 2.0230820033157397 2.0209674069175945 2.018852810519449 2.0167382141213035 2.0146236177231582 2.012509021325013 2.0103944249268673 2.008279828528722 2.0061652321305763 2.004050635732431 2.0019360393342858 1.9998214429361403 1.9977068465379948 1.9955922501398458 1.9934776537417003 1.9913630573435548 1.9892484609454095 1.987133864547264 1.9850192681491186 1.982904671750973 1.9807900753528278 1.9786754789546823 1.9765608825565368 1.9744462861583914 1.972331689760246 1.9702170933621006 1.9681024969639516 1.965987900565806
2.0530649425237244 2.0511331740881795 2.0492014056526346 2.047269637217086 2.0453378687815413 2.0434061003459965 2.0414743319104516 2.0395425634749067 2.037610795039362 2.035679026603817 2.033747258168272 2.031815489732727 2.0298837212971823 2.0279519528616374 2.0259633348508554 2.0239139433587074 2.0218645518665563 2.019815160374409 2.017765768882261 2.0157163773901132 2.0136669858979652 2.0116175944058177 2.0095682029136697 2.007518811421522 2.005469419929374 2.0034200284372266 2.0013706369450786 1.999321245452931 1.9972718539607832 1.9952224624686319 1.993173070976484 1.9911236794843363 1.9890742879921885 1.9870248965000408 1.984975505007893 1.9829261135157452 1.9808767220235974 1.9788273305314497 1.9767779390393019 1.974728547547154 1.9726791560550063 1.9706297645628585 1.9685803730707074 1.9665309815785597
2.051204052994448 2.0493079082056163 2.047411763416784 2.045515618627949 2.043619473839117 2.0417233290502845 2.0398271842614526 2.0379310394726207 2.0360348946837887 2.034138749894957 2.0322426051061244 2.0303464603172925 2.0284503155284606 2.0265541707396286 2.024615473589676 2.022631287003526 2.0206471004173725 2.018662913831222 2.0166787272450724 2.014694540658922 2.012710354072772 2.010726167486622 2.008741980900472 2.0067577943143218 2.0047736077281715 2.0027894211420216 2.0008052345558713 1.9988210479697213 1.9968368613835712 1.9948526747974178 1.9928684882112677 1.9908843016251176 1.9889001150389676 1.9869159284528173 1.9849317418666672 1.9829475552805171 1.980963368694367 1.978979182108217 1.976994995522067 1.9750108089359169 1.9730266223497668 1.9710424357636167 1.969058249177463 1.967074062591313
