Figures/CREST_Example_wjb_NSE/PETs/wjb.pet.20090921.asc
ncols            288
nrows            254
xllcorner        113.274861
yllcorner        31.4918055
cellsize         0.008333333333
NODATA_value     -9999
[rows 200 to 219 of 254, columns 132 to 175 of 288]
2.3920961660958455 2.389409031212358 2.3867218963288708 2.3840347614453834 2.381347626561896 2.3786604916784087 2.3759733567949213 2.373286221911434 2.3705990870279465 2.367911952144459 2.365224817260972 2.3625376823774795 2.359850547493992 2.3571634126105048 2.3544762777270174 2.35178914284353 2.3491020079600426 2.3464148730765553 2.343727738193068 2.3410406033095805 2.338353468426093 2.3356663335426058 2.3329791986591184 2.330292063775631 2.327604928892139 2.324917794008652 2.3222306591251645 2.319543524241677 2.3168563893581897 2.3141692544747023 2.3113330259893745 2.3083374130709635 2.3053418001525525 2.3023461872341415 2.2993505743157305 2.2963549613973195 2.2933593484789085 2.290363735560492 2.2873681226420812 2.2843725097236702 2.2813768968052592 2.2783812838868482 2.2753856709684372 2.2723900580500263
2.390311214701489 2.3876282999103338 2.3849453851191784 2.382262470328023 2.3795795555368677 2.3768966407457124 2.374213725954557 2.3715308111634017 2.3688478963722464 2.366164981581091 2.3634820667899357 2.360799151998776 2.3581162372076205 2.355433322416465 2.35275040762531 2.3500674928341545 2.347384578042999 2.344701663251844 2.3420187484606885 2.339335833669533 2.336652918878378 2.3339700040872224 2.3312870892960675 2.328604174504912 2.325921259713752 2.3232383449225966 2.3205554301314413 2.317872515340286 2.315189600549131 2.3125066857579757 2.309677551726387 2.3066921060190815 2.303706660311776 2.3007212146044704 2.2977357688971654 2.29475032318986 2.2917648774825543 2.2887794317752435 2.2857939860679384 2.282808540360633 2.2798230946533273 2.276837648946022 2.2738522032387163 2.2708667575314108
2.388526263307133 2.38584756860831 2.3831688739094865 2.380490179210663 2.37781148451184 2.3751327898130166 2.3724540951141933 2.36977540041537 2.3670967057165466 2.3644180110177233 2.3617393163189 2.3590606216200722 2.356381926921249 2.3537032322224256 2.3510245375236023 2.348345842824779 2.3456671481259557 2.3429884534271324 2.340309758728309 2.3376310640294857 2.3349523693306624 2.332273674631839 2.329594979933016 2.3269162852341925 2.3242375905353647 2.3215588958365414 2.318880201137718 2.3162015064388948 2.3135228117400715 2.310844117041248 2.308022077463399 2.305046798967199 2.302071520470999 2.2990962419747993 2.2961209634785993 2.2931456849823992 2.2901704064861996 2.2871951279899947 2.2842198494937946 2.2812445709975946 2.278269292501395 2.275294014005195 2.272318735508995 2.2693434570127953
2.3867413119127767 2.3840668373062854 2.381392362699794 2.378717888093303 2.3760434134868116 2.3733689388803207 2.3706944642738295 2.368019989667338 2.365345515060847 2.3626710404543556 2.3599965658478643 2.3573220912413686 2.3546476166348773 2.351973142028386 2.3492986674218947 2.3466241928154035 2.343949718208912 2.341275243602421 2.3386007689959296 2.3359262943894383 2.3332518197829475 2.330577345176456 2.327902870569965 2.3252283959634736 2.322553921356978 2.3198794467504866 2.3172049721439953 2.314530497537504 2.3118560229310128 2.3091815483245215 2.306366603200411 2.303401491915317 2.300436380630223 2.2974712693451282 2.294506158060034 2.2915410467749395 2.2885759354898454 2.285610824204746 2.282645712919652 2.279680601634557 2.276715490349463 2.2737503790643685 2.2707852677792744 2.26782015649418
2.3849563605184194 2.38228610600426 2.3796158514901014 2.376945596975942 2.374275342461783 2.3716050879476236 2.3689348334334643 2.366264578919305 2.363594324405146 2.360924069890987 2.3582538153768278 2.355583560862664 2.352913306348505 2.3502430518343456 2.3475727973201863 2.344902542806027 2.342232288291868 2.3395620337777085 2.3368917792635497 2.3342215247493905 2.3315512702352312 2.328881015721072 2.3262107612069127 2.3235405066927535 2.3208702521785898 2.3181999976644305 2.3155297431502713 2.3128594886361125 2.310189234121953 2.307518979607794 2.3047111289374227 2.301756184863434 2.2988012407894454 2.2958462967154563 2.2928913526414676 2.289936408567479 2.2869814644934903 2.2840265204194963 2.2810715763455076 2.278116632271519 2.27516168819753 2.272206744123541 2.2692518000495525 2.266296855975564
2.383171409124063 2.380505374702236 2.377839340280409 2.3751733058585818 2.3725072714367546 2.3698412370149273 2.3671752025931 2.3645091681712733 2.361843133749446 2.359177099327619 2.3565110649057917 2.35384503048396 2.3511789960621328 2.3485129616403055 2.3458469272184783 2.3431808927966515 2.3405148583748243 2.337848823952997 2.33518278953117 2.3325167551093426 2.3298507206875154 2.3271846862656886 2.3245186518438614 2.321852617422034 2.3191865830002025 2.3165205485783753 2.313854514156548 2.311188479734721 2.3085224453128936 2.305856410891067 2.3030556546744347 2.3001108778115515 2.2971661009486684 2.294221324085785 2.291276547222902 2.288331770360019 2.2853869934971356 2.2824422166342475 2.2794974397713643 2.276552662908481 2.273607886045598 2.2706631091827147 2.2677183323198316 2.2647735554569484
2.3813864577297075 2.3787246434002123 2.376062829070717 2.373401014741222 2.3707392004117267 2.3680773860822315 2.3654155717527363 2.3627537574232416 2.3600919430937464 2.357430128764251 2.354768314434756 2.3521065001052563 2.349444685775761 2.346782871446266 2.3441210571167708 2.341459242787276 2.338797428457781 2.3361356141282856 2.3334737997987904 2.3308119854692952 2.3281501711398 2.325488356810305 2.32282654248081 2.320164728151315 2.3175029138218153 2.31484109949232 2.312179285162825 2.3095174708333297 2.3068556565038345 2.3041938421743393 2.301400180411447 2.298465570759669 2.2955309611078913 2.2925963514561136 2.2896617418043363 2.2867271321525586 2.283792522500781 2.2808579128489983 2.2779233031972206 2.2749886935454433 2.2720540838936656 2.269119474241888 2.26618486459011 2.263250254938333
2.37960150633535 2.376943912098187 2.374286317861024 2.3716287236238607 2.368971129386698 2.366313535149535 2.3636559409123716 2.3609983466752085 2.3583407524380453 2.3556831582008826 2.3530255639637194 2.350367969726552 2.3477103754893887 2.3450527812522255 2.3423951870150623 2.3397375927778996 2.3370799985407364 2.3344224043035733 2.33176481006641 2.329107215829247 2.326449621592084 2.323792027354921 2.321134433117758 2.3184768388805947 2.315819244643427 2.313161650406264 2.310504056169101 2.307846461931938 2.305188867694775 2.3025312734576118 2.299744706148458 2.296820263707786 2.293895821267114 2.290971378826442 2.28804693638577 2.285122493945098 2.282198051504426 2.2792736090637487 2.276349166623077 2.2734247241824046 2.270500281741733 2.2675758393010605 2.2646513968603887 2.2617269544197165
2.3759541572280503 2.3733196911589816 2.3706852250899124 2.3680507590208437 2.365416292951775 2.3627818268827063 2.360147360813637 2.3575128947445685 2.3548784286755 2.352243962606431 2.3496094965373624 2.346975030468289 2.34434056439922 2.3417060983301514 2.3390716322610823 2.3364371661920136 2.333802700122945 2.331168234053876 2.3285337679848075 2.3258993019157383 2.3232648358466697 2.320630369777601 2.3179959037085323 2.315361437639463 2.31272697157039 2.3100925055013213 2.3074580394322526 2.3048235733631834 2.3021891072941147 2.299554641225046 2.296789377696671 2.2938842887254665 2.290979199754262 2.288074110783058 2.285169021811853 2.2822639328406487 2.2793588438694443 2.276453754898235 2.2735486659270308 2.2706435769558264 2.2677384879846216 2.2648333990134173 2.261928310042213 2.2590232210710086
2.370316022348245 2.3677248959885278 2.3651337696288106 2.3625426432690935 2.3599515169093763 2.357360390549659 2.3547692641899425 2.3521781378302253 2.349587011470508 2.346995885110791 2.344404758751074 2.3418136323913528 2.3392225060316356 2.3366313796719185 2.3340402533122013 2.331449126952484 2.3288580005927675 2.3262668742330503 2.323675747873333 2.321084621513616 2.318493495153899 2.315902368794182 2.313311242434465 2.310720116074748 2.3081289897150263 2.305537863355309 2.302946736995592 2.3003556106358753 2.297764484276158 2.295173357916441 2.2924445870438683 2.289568671073332 2.2866927551027953 2.283816839132259 2.280940923161723 2.278065007191186 2.27518909122065 2.2723131752501087 2.269437259279572 2.2665613433090357 2.2636854273384994 2.2608095113679627 2.2579335953974264 2.25505767942689
2.364677887468437 2.3621301008180717 2.359582314167706 2.357034527517341 2.354486740866976 2.3519389542166103 2.349391167566245 2.3468433809158795 2.3442955942655144 2.3417478076151492 2.3392000209647836 2.336652234314414 2.334104447664049 2.3315566610136833 2.329008874363318 2.326461087712953 2.3239133010625874 2.3213655144122223 2.3188177277618567 2.3162699411114915 2.3137221544611264 2.311174367810761 2.3086265811603957 2.30607879451003 2.3035310078596605 2.3009832212092953 2.2984354345589297 2.2958876479085646 2.2933398612581994 2.290792074607834 2.2880997963910636 2.2852530534211954 2.282406310451327 2.2795595674814586 2.27671282451159 2.2738660815417218 2.271019338571853 2.26817259560198 2.265325852632112 2.262479109662243 2.259632366692375 2.2567856237225064 2.253938880752638 2.2510921377827695
2.359039752588632 2.3565353056476184 2.354030858706605 2.351526411765591 2.3490219648245776 2.346517517883564 2.3440130709425504 2.341508624001537 2.339004177060523 2.3364997301195096 2.333995283178496 2.331490836237478 2.3289863892964644 2.326481942355451 2.323977495414437 2.3214730484734236 2.31896860153241 2.3164641545913964 2.313959707650383 2.3114552607093692 2.3089508137683556 2.306446366827342 2.3039419198863285 2.301437472945315 2.298933026004297 2.2964285790632832 2.2939241321222696 2.291419685181256 2.2889152382402425 2.286410791299229 2.283755005738261 2.280937435769061 2.2781198657998605 2.27530229583066 2.2724847258614598 2.269667155892259 2.2668495859230586 2.2640320159538536 2.261214445984653 2.2583968760154525 2.2555793060462523 2.2527617360770518 2.249944166107851 2.247126596138651
2.3534016177088266 2.3509405104771646 2.3484794032455025 2.346018296013841 2.343557188782179 2.3410960815505173 2.3386349743188553 2.336173867087193 2.3337127598555316 2.3312516526238696 2.328790545392208 2.326329438160542 2.32386833092888 2.321407223697218 2.3189461164655563 2.316485009233894 2.3140239020022326 2.3115627947705706 2.3091016875389085 2.306640580307247 2.304179473075585 2.3017183658439233 2.2992572586122613 2.2967961513805992 2.294335044148933 2.2918739369172716 2.2894128296856096 2.286951722453948 2.284490615222286 2.282029507990624 2.2794102150854587 2.2766218181169267 2.273833421148394 2.2710450241798616 2.268256627211329 2.2654682302427966 2.262679833274264 2.259891436305727 2.2571030393371947 2.254314642368662 2.2515262454001297 2.248737848431597 2.2459494514630647 2.243161054494532
2.3477634828290186 2.3453457153067085 2.3429279477843985 2.3405101802620885 2.3380924127397784 2.335674645217468 2.333256877695158 2.330839110172848 2.328421342650538 2.3260035751282278 2.3235858076059177 2.3211680400836032 2.318750272561293 2.316332505038983 2.313914737516673 2.3114969699943626 2.3090792024720526 2.3066614349497425 2.3042436674274325 2.3018258999051224 2.299408132382812 2.296990364860502 2.294572597338192 2.292154829815882 2.2897370622935673 2.2873192947712573 2.2849015272489472 2.282483759726637 2.280065992204327 2.277648224682017 2.2750654244326545 2.27230620046479 2.2695469764969256 2.266787752529061 2.2640285285611967 2.2612693045933323 2.2585100806254674 2.2557508566575986 2.252991632689734 2.2502324087218697 2.2474731847540053 2.244713960786141 2.2419547368182764 2.239195512850412
2.3421253479492137 2.339750920136255 2.3373764923232967 2.3350020645103386 2.33262763669738 2.3302532088844217 2.327878781071463 2.3255043532585047 2.3231299254455466 2.320755497632588 2.3183810698196297 2.316006642006667 2.3136322141937087 2.3112577863807506 2.308883358567792 2.3065089307548337 2.304134502941875 2.3017600751289167 2.2993856473159586 2.297011219503 2.2946367916900416 2.292262363877083 2.2898879360641247 2.2875135082511666 2.285139080438204 2.2827646526252456 2.280390224812287 2.2780157969993287 2.2756413691863706 2.273266941373412 2.270720633779852 2.267990582812655 2.265260531845459 2.2625304808782625 2.259800429911066 2.2570703789438697 2.254340327976673 2.251610277009472 2.2488802260422753 2.246150175075079 2.2434201241078826 2.2406900731406862 2.23796002217349 2.235229971206293
2.3364872130694083 2.3341561249658014 2.331825036862195 2.329493948758588 2.3271628606549815 2.324831772551375 2.322500684447768 2.3201695963441615 2.3178385082405546 2.315507420136948 2.3131763320333416 2.3108452439297307 2.308514155826124 2.3061830677225172 2.3038519796189108 2.3015208915153043 2.2991898034116973 2.296858715308091 2.294527627204484 2.2921965391008774 2.289865450997271 2.287534362893664 2.2852032747900575 2.2828721866864505 2.28054109858284 2.2782100104792335 2.2758789223756266 2.27354783427202 2.271216746168413 2.2688856580648067 2.266375843127049 2.2636749651605204 2.260974087193992 2.2582732092274638 2.255572331260935 2.2528714532944067 2.250170575327878 2.2474696973613453 2.2447688193948165 2.2420679414282882 2.23936706346176 2.236666185495231 2.233965307528703 2.231264429562174
2.330849078189603 2.328561329795348 2.326273581401093 2.323985833006838 2.321698084612583 2.3194103362183283 2.3171225878240733 2.3148348394298184 2.3125470910355634 2.3102593426413085 2.3079715942470536 2.3056838458527946 2.3033960974585397 2.3011083490642847 2.29882060067003 2.296532852275775 2.29424510388152 2.291957355487265 2.28966960709301 2.287381858698755 2.2850941103045 2.282806361910245 2.2805186135159903 2.2782308651217353 2.2759431167274764 2.2736553683332215 2.2713676199389665 2.2690798715447116 2.2667921231504566 2.2645043747562017 2.2620310524742466 2.259359347508386 2.2566876425425257 2.254015937576665 2.251344232610805 2.248672527644944 2.2460008226790835 2.243329117713219 2.240657412747358 2.2379857077814975 2.2353140028156373 2.2326422978497766 2.2299705928839164 2.2272988879180557
2.3252109433097954 2.3229665346248924 2.320722125939989 2.3184777172550857 2.3162333085701827 2.3139888998852793 2.311744491200376 2.309500082515473 2.3072556738305696 2.3050112651456667 2.3027668564607633 2.3005224477758563 2.298278039090953 2.29603363040605 2.2937892217211466 2.2915448130362432 2.2893004043513403 2.287055995666437 2.284811586981534 2.2825671782966306 2.280322769611727 2.2780783609268243 2.275833952241921 2.2735895435570175 2.2713451348721105 2.2691007261872076 2.266856317502304 2.264611908817401 2.262367500132498 2.2601230914475945 2.257686261821442 2.2550437298562493 2.252401197891057 2.2497586659258646 2.247116133960672 2.2444736019954794 2.2418310700302873 2.23918853806509 2.2365460060998976 2.233903474134705 2.231260942169513 2.2286184102043203 2.2259758782391277 2.223333346273935
2.31957280842999 2.3173717394544386 2.315170670478887 2.3129696015033354 2.310768532527784 2.3085674635522326 2.3063663945766812 2.3041653256011294 2.301964256625578 2.2997631876500266 2.2975621186744752 2.29536104969892 2.2931599807233685 2.290958911747817 2.2887578427722657 2.286556773796714 2.2843557048211625 2.282154635845611 2.2799535668700597 2.2777524978945083 2.2755514289189565 2.273350359943405 2.2711492909678537 2.2689482219923023 2.266747153016747 2.2645460840411955 2.262345015065644 2.2601439460900927 2.257942877114541 2.2557418081389895 2.2533414711686395 2.250728112204115 2.2481147532395904 2.245501394275066 2.2428880353105414 2.2402746763460173 2.2376613173814928 2.235047958416964 2.2324345994524393 2.2298212404879147 2.22720788152339 2.2245945225588657 2.221981163594341 2.2193678046298166
2.313934673550185 2.3117769442839853 2.3096192150177854 2.3074614857515856 2.3053037564853858 2.303146027219186 2.3009882979529865 2.2988305686867867 2.296672839420587 2.294515110154387 2.292357380888187 2.290199651621984 2.2880419223557844 2.2858841930895846 2.2837264638233847 2.281568734557185 2.279411005290985 2.2772532760247852 2.275095546758586 2.272937817492386 2.270780088226186 2.2686223589599863 2.2664646296937865 2.264306900427587 2.2621491711613837 2.259991441895184 2.257833712628984 2.255675983362784 2.2535182540965844 2.2513605248303845 2.248996680515837 2.2464124945519806 2.243828308588124 2.2412441226242676 2.238659936660411 2.2360757506965547 2.2334915647326983 2.2309073787688374 2.228323192804981 2.225739006841124 2.2231548208772676 2.220570634913411 2.2179864489495547 2.215402262985698
