Figures/CREST_Example_wjb_NSE/PETs/wjb.pet.20100425.asc
ncols            288
nrows            254
xllcorner        113.274861
yllcorner        31.4918055
cellsize         0.008333333333
NODATA_value     -9999
[rows 57 to 75 of 254, columns 0 to 43 of 288]
-9999.0 -9999.0 -9999.0 -9999.0 -9999.0 -9999.0 -9999.0 -9999.0 -9999.0 -9999.0 -9999.0 -9999.0 -9999.0 -9999.0 -9999.0 -9999.0 -9999.0 1.343639848944103 1.3462359181338703 1.3488319873236374 1.3514280565134045 1.3540241257031715 1.3566201948929388 1.359216264082706 1.361812333272473 1.36440840246224 1.3670044716520116 1.3696005408417788 1.372196610031546 1.374792679221313 1.37738874841108 1.3799848176008473 1.3825808867906144 1.3851769559803815 1.3877730251701486 1.3903690943599158 1.392965163549683 1.39556123273945 1.398157301929217 1.4007533711189886 1.4033494403087559 1.405945509498523 1.4048797653347005 1.3998994599355448
-9999.0 -9999.0 -9999.0 -9999.0 -9999.0 -9999.0 -9999.0 -9999.0 -9999.0 -9999.0 -9999.0 -9999.0 -9999.0 -9999.0 -9999.0 1.3334446896162593 1.3360636475698673 1.3386826055234753 1.341301563477083 1.343920521430691 1.346539479384299 1.349158437337907 1.3517773952915149 1.3543963532451229 1.3570153111987309 1.3596342691523386 1.362253227105951 1.364872185059559 1.367491143013167 1.3701101009667749 1.3727290589203829 1.3753480168739909 1.377966974827599 1.3805859327812067 1.3832048907348147 1.3858238486884227 1.3884428066420307 1.3910617645956385 1.3936807225492465 1.396299680502859 1.398918638456467 1.4015375964100747 1.400466469844371 1.3954505595282225
-9999.0 -9999.0 -9999.0 -9999.0 -9999.0 -9999.0 -9999.0 -9999.0 -9999.0 -9999.0 -9999.0 -9999.0 -9999.0 -9999.0 1.3241177637756625 1.3266728107827324 1.3292278577898025 1.3317829047968726 1.3343379518039424 1.3368929988110125 1.3394480458180824 1.3420030928251525 1.3445581398322224 1.3471131868392925 1.3496682338463624 1.3522232808534325 1.3547783278605068 1.3573333748675769 1.3598884218746468 1.3624434688817169 1.3649985158887867 1.3675535628958568 1.3701086099029267 1.3726636569099968 1.3752187039170667 1.3777737509241368 1.3803287979312069 1.3828838449382768 1.3854388919453469 1.3879939389524212 1.390548985959491 1.3931040329665612 1.3920357552121865 1.3870940613973588
-9999.0 -9999.0 -9999.0 -9999.0 -9999.0 -9999.0 -9999.0 -9999.0 -9999.0 -9999.0 -9999.0 1.3116832222446324 1.312427523767611 1.3149186598281473 1.3174097958886795 1.3199009319492117 1.3223920680097436 1.3248832040702758 1.327374340130808 1.32986547619134 1.3323566122518722 1.3348477483124042 1.3373388843729364 1.3398300204334685 1.3423211564940005 1.3448122925545327 1.3473034286150691 1.349794564675601 1.3522857007361333 1.3547768367966655 1.3572679728571975 1.3597591089177297 1.3622502449782619 1.3647413810387938 1.367232517099326 1.369723653159858 1.3722147892203902 1.3747059252809224 1.3771970613414544 1.3796881974019908 1.382179333462523 1.384670469523055 1.3836050405800093 1.3787375632665022
-9999.0 -9999.0 -9999.0 -9999.0 -9999.0 -9999.0 -9999.0 -9999.0 -9999.0 1.306980780838458 1.306064283903909 1.30514778696936 1.3058473777737036 1.308274602887702 1.3107018280016962 1.3131290531156905 1.3155562782296848 1.3179835033436789 1.3204107284576732 1.3228379535716674 1.3252651786856615 1.3276924037996558 1.33011962891365 1.3325468540276442 1.3349740791416385 1.3374013042556328 1.339828529369631 1.3422557544836253 1.3446829795976194 1.3471102047116137 1.349537429825608 1.351964654939602 1.3543918800535963 1.3568191051675906 1.3592463302815847 1.361673555395579 1.3641007805095733 1.3665280056235674 1.3689552307375616 1.37138245585156 1.3738096809655542 1.3762369060795485 1.375174325947832 1.3703810651356454
-9999.0 -9999.0 -9999.0 -9999.0 -9999.0 -9999.0 -9999.0 -9999.0 -9999.0 1.3004988459114553 1.2995555988027714 1.2986123516940873 1.2992672317797964 1.3016305459472568 1.303993860114713 1.3063571742821694 1.3087204884496257 1.3110838026170821 1.3134471167845385 1.3158104309519947 1.318173745119451 1.3205370592869075 1.3229003734543638 1.3252636876218202 1.3276270017892764 1.3299903159567328 1.3323536301241932 1.3347169442916496 1.337080258459106 1.3394435726265623 1.3418068867940185 1.3441702009614749 1.3465335151289313 1.3488968292963877 1.3512601434638438 1.3536234576313002 1.3559867717987566 1.358350085966213 1.3607134001336694 1.3630767143011298 1.365440028468586 1.3678033426360423 1.3667436113156548 1.362024567004789
-9999.0 -9999.0 -9999.0 -9999.0 -9999.0 -9999.0 -9999.0 -9999.0 -9999.0 1.2940169109844528 1.293046913701634 1.292076916418815 1.2926870857858892 1.2949864890068117 1.29728589222773 1.2995852954486484 1.301884698669567 1.3041841018904854 1.3064835051114039 1.3087829083323221 1.3110823115532406 1.313381714774159 1.3156811179950776 1.317980521215996 1.3202799244369146 1.3225793276578328 1.3248787308787553 1.3271781340996738 1.329477537320592 1.3317769405415105 1.334076343762429 1.3363757469833475 1.338675150204266 1.3409745534251845 1.3432739566461027 1.3455733598670212 1.3478727630879397 1.3501721663088582 1.3524715695297767 1.354770972750699 1.3570703759716174 1.3593697791925359 1.3583128966834772 1.3536680688739322
-9999.0 -9999.0 -9999.0 -9999.0 -9999.0 -9999.0 -9999.0 -9999.0 1.2885317235144038 1.2875349760574502 1.2865382286004963 1.2855414811435426 1.286106939791982 1.2883424320663663 1.290577924340747 1.2928134166151275 1.2950489088895079 1.2972844011638884 1.299519893438269 1.3017553857126496 1.3039908779870302 1.3062263702614108 1.3084618625357913 1.310697354810172 1.3129328470845525 1.315168339358933 1.3174038316333174 1.319639323907698 1.3218748161820786 1.3241103084564592 1.3263458007308397 1.3285812930052203 1.330816785279601 1.3330522775539813 1.3352877698283618 1.3375232621027424 1.339758754377123 1.3419942466515036 1.3442297389258842 1.3464652312002685 1.348700723474649 1.3509362157490297 1.3498821820513003 1.3453115707430756
-9999.0 -9999.0 -9999.0 -9999.0 -9999.0 -9999.0 -9999.0 -9999.0 1.2820765387615363 1.2810530411304477 1.280029543499359 1.2790060458682704 1.2795267937980748 1.2816983751259212 1.283869956453764 1.2860415377816066 1.2882131191094492 1.290384700437292 1.2925562817651346 1.2947278630929773 1.29689944442082 1.2990710257486626 1.3012426070765053 1.303414188404348 1.3055857697321906 1.307757351060033 1.3099289323878796 1.3121005137157222 1.314272095043565 1.3164436763714076 1.3186152576992503 1.320786839027093 1.3229584203549356 1.3251300016827783 1.327301583010621 1.3294731643384636 1.3316447456663063 1.333816326994149 1.3359879083219917 1.338159489649838 1.3403310709776808 1.3425026523055235 1.341451467419123 1.336955072612219
-9999.0 -9999.0 -9999.0 -9999.0 -9999.0 -9999.0 -9999.0 -9999.0 1.275621354008663 1.2745711062034395 1.2735208583982158 1.2724706105929924 1.2729466478041618 1.27505431818547 1.2771619885667749 1.2792696589480796 1.2813773293293844 1.2834849997106892 1.2855926700919937 1.2877003404732985 1.2898080108546033 1.291915681235908 1.2940233516172128 1.2961310219985174 1.2982386923798221 1.300346362761127 1.3024540331424352 1.30456170352374 1.3066693739050448 1.3087770442863493 1.310884714667654 1.3129923850489589 1.3151000554302636 1.3172077258115684 1.319315396192873 1.3214230665741777 1.3235307369554825 1.3256384073367873 1.327746077718092 1.3298537480994004 1.331961418480705 1.3340690888620097 1.3330207527869384 1.328598574481355
-9999.0 -9999.0 -9999.0 -9999.0 -9999.0 -9999.0 -9999.0 -9999.0 1.2691661692557952 1.2680891712764368 1.2670121732970783 1.2659351753177197 1.2663665018102546 1.2684102612450248 1.2704540206797916 1.2724977801145585 1.2745415395493254 1.2765852989840922 1.278629058418859 1.280672817853626 1.2827165772883928 1.2847603367231595 1.2868040961579263 1.2888478555926932 1.29089161502746 1.292935374462227 1.2949791338969974 1.2970228933317642 1.2990666527665309 1.3011104122012978 1.3031541716360646 1.3051979310708315 1.3072416905055984 1.3092854499403652 1.311329209375132 1.313372968809899 1.3154167282446656 1.3174604876794325 1.3195042471141993 1.3215480065489698 1.3235917659837366 1.3256355254185035 1.324590038154761 1.3202420763504985
-9999.0 -9999.0 -9999.0 -9999.0 -9999.0 -9999.0 -9999.0 1.263814732656421 1.2627109845029276 1.2616072363494342 1.260503488195941 1.2593997400424475 1.2597863558163473 1.2617662043045796 1.2637460527928086 1.2657259012810376 1.2677057497692665 1.2696855982574955 1.2716654467457245 1.2736452952339534 1.2756251437221824 1.2776049922104113 1.2795848406986403 1.2815646891868693 1.2835445376750982 1.2855243861633272 1.2875042346515595 1.2894840831397885 1.2914639316280174 1.2934437801162464 1.2954236286044754 1.297403477092704 1.299383325580933 1.301363174069162 1.303343022557391 1.30532287104562 1.307302719533849 1.3092825680220779 1.3112624165103068 1.3132422649985391 1.315222113486768 1.317201961974997 1.3161593235225837 1.311885578219642
-9999.0 -9999.0 -9999.0 -9999.0 -9999.0 -9999.0 -9999.0 1.2573862980776882 1.2562557997500599 1.2551253014224315 1.2539948030948034 1.252864304767175 1.2532062098224401 1.2551221473641343 1.2570380849058256 1.2589540224475166 1.2608699599892077 1.2627858975308988 1.2647018350725898 1.2666177726142809 1.268533710155972 1.270449647697663 1.272365585239354 1.2742815227810451 1.2761974603227362 1.2781133978644272 1.2800293354061214 1.2819452729478125 1.2838612104895035 1.2857771480311948 1.2876930855728859 1.289609023114577 1.291524960656268 1.293440898197959 1.29535683573965 1.2972727732813412 1.2991887108230322 1.3011046483647233 1.3030205859064143 1.3049365234481085 1.3068524609897996 1.3087683985314906 1.3077286088904065 1.3035290800887853
-9999.0 -9999.0 -9999.0 -9999.0 -9999.0 -9999.0 -9999.0 1.2509578634989555 1.2498006149971923 1.248643366495429 1.2474861179936658 1.2463288694919028 1.246626063828533 1.2484780904236892 1.2503301170188426 1.2521821436139957 1.2540341702091489 1.255886196804302 1.2577382233994552 1.2595902499946083 1.2614422765897615 1.2632943031849146 1.2651463297800678 1.266998356375221 1.2688503829703741 1.2707024095655273 1.2725544361606838 1.274406462755837 1.27625848935099 1.2781105159461432 1.2799625425412964 1.2818145691364495 1.2836665957316027 1.2855186223267558 1.287370648921909 1.2892226755170622 1.2910747021122153 1.2929267287073685 1.2947787553025218 1.296630781897678 1.2984828084928313 1.3003348350879844 1.2992978942582292 1.2951725819579285
-9999.0 -9999.0 -9999.0 -9999.0 -9999.0 -9999.0 1.2457134275961206 1.2445294289202227 1.2433454302443245 1.2421614315684264 1.2409774328925283 1.2397934342166301 1.2400459178346257 1.241834033483244 1.2436221491318593 1.2454102647804746 1.2471983804290898 1.248986496077705 1.2507746117263203 1.2525627273749356 1.254350843023551 1.2561389586721663 1.2579270743207815 1.2597151899693968 1.261503305618012 1.2632914212666273 1.2650795369152457 1.266867652563861 1.2686557682124764 1.2704438838610916 1.272231999509707 1.2740201151583221 1.2758082308069374 1.2775963464555526 1.2793844621041681 1.2811725777527834 1.2829606934013986 1.2847488090500139 1.2865369246986291 1.2883250403472475 1.2901131559958627 1.291901271644478 1.2908671796260518 1.286816083827072
-9999.0 -9999.0 -9999.0 -9999.0 -9999.0 -9999.0 -9999.0 1.2381009943414842 1.2368902454914512 1.2356794966414182 1.2344687477913852 1.2332579989413521 1.2334657718407127 1.235189976542793 1.2369141812448703 1.2386383859469476 1.240362590649025 1.2420867953511023 1.2438110000531797 1.245535204755257 1.2472594094573344 1.2489836141594117 1.250707818861489 1.2524320235635664 1.2541562282656438 1.2558804329677211 1.2576046376698016 1.259328842371879 1.2610530470739563 1.2627772517760336 1.264501456478111 1.2662256611801883 1.2679498658822657 1.269674070584343 1.2713982752864204 1.2731224799884977 1.274846684690575 1.2765708893926524 1.2782950940947297 1.28001929879681 1.2817435034988873 1.2834677082009647 1.2824364649938675 1.2784595856962082
-9999.0 -9999.0 -9999.0 -9999.0 -9999.0 -9999.0 -9999.0 -9999.0 1.2304350607385837 1.2291975617144157 1.2279600626902478 1.22672256366608 1.2268856258468055 1.2285459196023478 1.2302062133578873 1.2318665071134267 1.2335268008689662 1.2351870946245058 1.2368473883800453 1.2385076821355847 1.2401679758911242 1.2418282696466636 1.243488563402203 1.2451488571577425 1.246809150913282 1.2484694446688214 1.2501297384243637 1.2517900321799031 1.2534503259354426 1.255110619690982 1.2567709134465215 1.258431207202061 1.2600915009576004 1.2617517947131398 1.2634120884686793 1.2650723822242187 1.2667326759797581 1.2683929697352976 1.270053263490837 1.2717135572463794 1.2733738510019188 1.2750341447574582 1.2740057503616902 1.2701030875653516
-9999.0 -9999.0 -9999.0 -9999.0 -9999.0 -9999.0 -9999.0 -9999.0 -9999.0 1.222715626787413 1.2214513775891103 1.2201871283908075 1.2203054798528983 1.2219018626619025 1.223498245470904 1.2250946282799058 1.2266910110889073 1.2282873938979089 1.2298837767069104 1.231480159515912 1.2330765423249135 1.234672925133915 1.2362693079429168 1.2378656907519183 1.2394620735609199 1.2410584563699214 1.2426548391789256 1.2442512219879274 1.245847604796929 1.2474439876059304 1.249040370414932 1.2506367532239335 1.252233136032935 1.2538295188419366 1.2554259016509384 1.25702228445994 1.2586186672689414 1.260215050077943 1.2618114328869445 1.263407815695949 1.2650041985049505 1.266600581313952 1.265575035729513 1.261746589434495
-9999.0 -9999.0 -9999.0 -9999.0 -9999.0 -9999.0 -9999.0 -9999.0 -9999.0 -9999.0 1.2149426924879727 1.2136516931155348 1.2137253338589908 1.2152578057214571 1.216790277583921 1.2183227494463846 1.2198552213088483 1.221387693171312 1.2229201650337758 1.2244526368962394 1.225985108758703 1.2275175806211667 1.2290500524836303 1.2305825243460942 1.2321149962085578 1.2336474680710214 1.2351799399334877 1.2367124117959514 1.2382448836584152 1.2397773555208789 1.2413098273833425 1.2428422992458061 1.2443747711082698 1.2459072429707336 1.2474397148331973 1.248972186695661 1.2505046585581245 1.2520371304205884 1.253569602283052 1.2551020741455183 1.256634546007982 1.2581670178704456 1.2571443210973356 1.2533900913036384
