Figures/CREST_Example_wjb_NSE/PETs/wjb.pet.20090823.asc
ncols            288
nrows            254
xllcorner        113.274861
yllcorner        31.4918055
cellsize         0.008333333333
NODATA_value     -9999
[rows 60 to 79 of 254, columns 176 to 219 of 288]
2.1244571488845367 2.1210164998401617 2.1175758507957863 2.1141352017514112 2.1106945527070358 2.1072539036626607 2.1038132546182795 2.1003726055739045 2.096931956529529 2.093491307485154 2.0900506584407785 2.0866100093964035 2.083169360352028 2.079728711307653 2.0762880622632776 2.0728474132189025 2.0697309741941656 2.0669611230161946 2.064191271838224 2.0614214206602486 2.0586515694822776 2.055881718304307 2.053111867126336 2.0503420159483654 2.0475721647703944 2.044802313592424 2.0420324624144532 2.0392626112364822 2.0364927600585117 2.0337229088805406 2.03095305770257 2.028183206524599 2.0254133553466236 2.022643504168653 -9999.0 -9999.0 -9999.0 -9999.0 -9999.0 -9999.0 -9999.0 -9999.0 -9999.0 -9999.0
2.1227905505513576 2.1193844994800717 2.1159784484087854 2.1125723973374995 2.1091663462662136 2.1057602951949272 2.1023542441236356 2.0989481930523497 2.0955421419810634 2.0921360909097775 2.0887300398384916 2.0853239887672053 2.0819179376959194 2.0785118866246335 2.0751058355533476 2.0716997844820613 2.068581348353629 2.065770379106858 -9999.0 -9999.0 -9999.0 2.0545265021197694 2.0517155328729983 2.0489045636262273 2.0460935943794563 2.043282625132685 2.0404716558859146 2.0376606866391436 2.0348497173923725 2.0320387481456015 2.0292277788988304 2.0264168096520594 -9999.0 -9999.0 -9999.0 -9999.0 -9999.0 -9999.0 -9999.0 -9999.0 -9999.0 -9999.0 -9999.0 -9999.0
2.121123952218178 2.117752499119981 2.1143810460217844 2.1110095929235877 2.1076381398253905 2.1042666867271937 2.100895233628991 2.0975237805307945 2.0941523274325977 2.090780874334401 2.087409421236204 2.084037968138007 2.0806665150398103 2.0772950619416135 2.0739236088434168 2.07055215574522 2.0674317225130925 2.0645796351975214 -9999.0 -9999.0 -9999.0 2.0531712859352313 2.0503191986196603 2.047467111304089 2.0446150239885177 2.0417629366729466 2.0389108493573755 -9999.0 -9999.0 -9999.0 -9999.0 -9999.0 -9999.0 -9999.0 -9999.0 -9999.0 -9999.0 -9999.0 -9999.0 -9999.0 -9999.0 -9999.0 -9999.0 -9999.0
2.1194573538849983 2.1161204987598907 2.112783643634783 2.1094467885096755 2.106109933384568 2.1027730782594602 2.099436223134347 2.0960993680092392 2.0927625128841316 2.089425657759024 2.0860888026339164 2.0827519475088088 2.079415092383701 2.0760782372585935 2.072741382133486 2.0694045270083783 2.0662820966725555 2.0633888912881844 -9999.0 -9999.0 -9999.0 -9999.0 -9999.0 -9999.0 -9999.0 -9999.0 -9999.0 -9999.0 -9999.0 -9999.0 -9999.0 -9999.0 -9999.0 -9999.0 -9999.0 -9999.0 -9999.0 -9999.0 -9999.0 -9999.0 -9999.0 -9999.0 -9999.0 -9999.0
2.117790755551819 2.1144884983998007 2.111186241247782 2.1078839840957637 2.1045817269437452 2.1012794697917268 2.097977212639703 2.0946749554876845 2.091372698335666 2.0880704411836475 2.084768184031629 2.0814659268796105 2.078163669727592 2.0748614125755735 2.0715591554235555 2.068256898271537 2.065132470832019 2.0621981473788473 -9999.0 -9999.0 -9999.0 -9999.0 -9999.0 -9999.0 -9999.0 -9999.0 -9999.0 -9999.0 -9999.0 -9999.0 -9999.0 -9999.0 -9999.0 -9999.0 -9999.0 -9999.0 -9999.0 -9999.0 -9999.0 -9999.0 -9999.0 -9999.0 -9999.0 -9999.0
2.1161241572186396 2.11285649803971 2.109588838860781 2.106321179681852 2.1030535205029226 2.0997858613239933 2.0965182021450586 2.0932505429661292 2.0899828837872 2.086715224608271 2.0834475654293416 2.0801799062504123 2.076912247071483 2.073644587892554 2.0703769287136247 2.0671092695346953 2.0639828449914823 2.0610074034695103 2.0580319619475387 -9999.0 -9999.0 -9999.0 -9999.0 -9999.0 -9999.0 -9999.0 -9999.0 -9999.0 -9999.0 -9999.0 -9999.0 -9999.0 -9999.0 -9999.0 -9999.0 -9999.0 -9999.0 -9999.0 -9999.0 -9999.0 -9999.0 -9999.0 -9999.0 -9999.0
2.114457558885458 2.1112244976796184 2.107991436473778 2.1047583752679384 2.101525314062098 2.0982922528562584 2.095059191650413 2.0918261304445727 2.0885930692387324 2.0853600080328927 2.0821269468270525 2.0788938856212127 2.0756608244153725 2.0724277632095327 2.0691947020036925 2.0659616407978527 2.062833219150944 2.059816659560172 2.0568000999694 -9999.0 -9999.0 -9999.0 -9999.0 -9999.0 -9999.0 -9999.0 -9999.0 -9999.0 -9999.0 -9999.0 -9999.0 -9999.0 -9999.0 -9999.0 -9999.0 -9999.0 -9999.0 -9999.0 -9999.0 -9999.0 -9999.0 -9999.0 -9999.0 -9999.0
2.112790960552279 2.1095924973195284 2.1063940340867773 2.1031955708540266 2.099997107621276 2.096798644388525 2.093600181155769 2.090401717923018 2.0872032546902672 2.084004791457516 2.0808063282247655 2.077607864992015 2.074409401759264 2.071210938526513 2.068012475293762 2.0648140120610115 2.061683593310408 2.0586259156508353 2.055568237991263 2.0525105603316858 -9999.0 -9999.0 -9999.0 -9999.0 -9999.0 -9999.0 -9999.0 -9999.0 -9999.0 -9999.0 -9999.0 -9999.0 -9999.0 -9999.0 -9999.0 -9999.0 -9999.0 -9999.0 -9999.0 -9999.0 -9999.0 -9999.0 -9999.0 -9999.0
2.1111243622190994 2.107960496959438 2.1047966316997764 2.101632766440115 2.098468901180453 2.0953050359207914 2.0921411706611246 2.0889773054014626 2.085813440141801 2.0826495748821396 2.079485709622478 2.076321844362816 2.0731579791031547 2.069994113843493 2.0668302485838317 2.0636663833241697 2.0605339674698713 2.0574351717414987 2.054336376013126 -9999.0 -9999.0 -9999.0 -9999.0 -9999.0 -9999.0 -9999.0 -9999.0 -9999.0 -9999.0 -9999.0 -9999.0 -9999.0 -9999.0 -9999.0 -9999.0 -9999.0 -9999.0 -9999.0 -9999.0 -9999.0 -9999.0 -9999.0 -9999.0 -9999.0
2.10945776388592 2.106328496599348 2.103199229312775 2.1000699620262027 2.0969406947396303 2.093811427453058 2.0906821601664802 2.087552892879908 2.0844236255933355 2.081294358306763 2.0781650910201903 2.075035823733618 2.0719065564470456 2.068777289160473 2.065648021873901 2.0625187545873285 2.0593843416293343 2.0562444278321617 -9999.0 -9999.0 -9999.0 -9999.0 -9999.0 -9999.0 -9999.0 -9999.0 -9999.0 -9999.0 -9999.0 -9999.0 -9999.0 -9999.0 -9999.0 -9999.0 -9999.0 -9999.0 -9999.0 -9999.0 -9999.0 -9999.0 -9999.0 -9999.0 -9999.0 -9999.0
2.1077911655527406 2.1046964962392574 2.101601826925774 2.098507157612291 2.0954124882988077 2.0923178189853244 2.089223149671836 2.0861284803583526 2.0830338110448694 2.079939141731386 2.076844472417903 2.0737498031044197 2.0706551337909365 2.0675604644774532 2.06446579516397 2.0613711258504868 2.0582347157887977 2.0550536839228246 -9999.0 -9999.0 -9999.0 -9999.0 -9999.0 -9999.0 -9999.0 -9999.0 -9999.0 -9999.0 -9999.0 -9999.0 -9999.0 -9999.0 -9999.0 -9999.0 -9999.0 -9999.0 -9999.0 -9999.0 -9999.0 -9999.0 -9999.0 -9999.0 -9999.0 -9999.0
2.106124567219561 2.103064495879167 2.100004424538773 2.096944353198379 2.093884281857985 2.090824210517591 2.0877641391771915 2.0847040678367974 2.0816439964964037 2.0785839251560096 2.0755238538156155 2.0724637824752214 2.0694037111348274 2.0663436397944333 2.0632835684540396 2.0602234971136455 2.057085089948261 2.0538629400134876 -9999.0 -9999.0 -9999.0 -9999.0 -9999.0 -9999.0 -9999.0 -9999.0 -9999.0 -9999.0 -9999.0 -9999.0 -9999.0 -9999.0 -9999.0 -9999.0 -9999.0 -9999.0 -9999.0 -9999.0 -9999.0 -9999.0 -9999.0 -9999.0 -9999.0 -9999.0
2.1044579688863796 2.101432495519075 2.09840702215177 2.095381548784465 2.0923560754171606 2.0893306020498557 2.086305128682546 2.083279655315241 2.0802541819479363 2.0772287085806314 2.0742032352133264 2.071177761846022 2.068152288478717 2.0651268151114124 2.0621013417441074 2.0590758683768025 2.0559354641077228 2.0526721961041496 2.049408928100576 -9999.0 -9999.0 -9999.0 -9999.0 -9999.0 -9999.0 -9999.0 -9999.0 -9999.0 -9999.0 -9999.0 -9999.0 -9999.0 -9999.0 -9999.0 -9999.0 -9999.0 -9999.0 -9999.0 -9999.0 -9999.0 -9999.0 -9999.0 -9999.0 -9999.0
2.1027913705532004 2.099800495158985 2.096809619764769 2.093818744370554 2.090827868976338 2.0878369935821226 2.084846118187902 2.081855242793686 2.0788643673994707 2.075873492005255 2.0728826166110395 2.069891741216824 2.0669008658226082 2.063909990428393 2.060919115034177 2.0579282396399616 2.0547858382671866 2.051481452194813 2.048177066122439 2.04487268005006 2.041568293977686 2.0382639079053124 -9999.0 -9999.0 -9999.0 -9999.0 -9999.0 -9999.0 -9999.0 -9999.0 -9999.0 -9999.0 -9999.0 -9999.0 -9999.0 -9999.0 -9999.0 -9999.0 -9999.0 -9999.0 -9999.0 -9999.0 -9999.0 -9999.0
2.101124772220021 2.0981684947988946 2.0952122173777683 2.0922559399566416 2.0892996625355154 2.086343385114389 2.0833871076932575 2.0804308302721313 2.0774745528510046 2.0745182754298783 2.071561998008752 2.0686057205876254 2.065649443166499 2.062693165745373 2.059736888324246 2.05678061090312 2.05363621242665 2.050290708285476 2.046945204144302 2.0435997000031225 2.0402541958619484 2.036908691720775 2.0335631875796008 2.0302176834384267 2.026872179297253 -9999.0 -9999.0 -9999.0 -9999.0 -9999.0 -9999.0 -9999.0 -9999.0 -9999.0 -9999.0 -9999.0 -9999.0 -9999.0 -9999.0 -9999.0 -9999.0 -9999.0 -9999.0 -9999.0
2.099458173886841 2.096536494438804 2.093614814990767 2.09069313554273 2.0877714560946927 2.0848497766466556 2.081928097198613 2.079006417750576 2.076084738302539 2.073163058854502 2.0702413794064642 2.067319699958427 2.06439802051039 2.061476341062353 2.0585546616143158 2.0556329821662787 2.052486586586113 2.049099964376139 2.045713342166165 2.042326719956185 2.038940097746211 2.035553475536237 2.0321668533262627 2.0287802311162886 2.0253936089063145 -9999.0 -9999.0 -9999.0 -9999.0 -9999.0 2.0050738756464694 -9999.0 -9999.0 -9999.0 -9999.0 -9999.0 -9999.0 -9999.0 -9999.0 -9999.0 -9999.0 -9999.0 -9999.0 -9999.0
2.097791575553662 2.094904494078714 2.092017412603766 2.089130331128818 2.0862432496538696 2.0833561681789217 2.080469086703969 2.077582005229021 2.074694923754073 2.071807842279125 2.068920760804177 2.066033679329229 2.063146597854281 2.060259516379333 2.057372434904385 2.054485353429437 2.0513369607455765 2.047909220466802 2.0444814801880278 2.0410537399092474 2.0376259996304733 2.0341982593516987 2.0307705190729246 2.02734277879415 2.023915038515376 2.0204872982366013 -9999.0 -9999.0 -9999.0 2.006776337121504 2.00334859684273 -9999.0 -9999.0 -9999.0 -9999.0 -9999.0 -9999.0 -9999.0 -9999.0 -9999.0 -9999.0 -9999.0 -9999.0 -9999.0
2.0961249772204824 2.0932724937186236 2.0904200102167647 2.087567526714906 2.084715043213047 2.081862559711188 2.079010076209325 2.076157592707466 2.073305109205607 2.0704526257037483 2.0676001422018895 2.0647476587000306 2.061895175198172 2.059042691696313 2.056190208194454 2.0533377246925957 2.05018733490504 2.0467184765574653 2.0432496182098907 2.03978075986231 2.0363119015147353 2.032843043167161 2.0293741848195865 2.025905326472012 2.0224364681244373 2.0189676097768627 -9999.0 -9999.0 -9999.0 2.0050921763865643 2.0016233180389897 -9999.0 -9999.0 -9999.0 -9999.0 -9999.0 -9999.0 -9999.0 -9999.0 -9999.0 -9999.0 -9999.0 -9999.0 -9999.0
2.094458378887303 2.091640493358533 2.088822607829764 2.086004722300994 2.0831868367722244 2.0803689512434547 2.0775510657146805 2.074733180185911 2.071915294657141 2.0690974091283714 2.066279523599602 2.0634616380708324 2.0606437525420627 2.057825867013293 2.0550079814845237 2.052190095955754 2.049037709064503 2.0455277326481283 2.042017756231753 2.038507779815373 2.0349978033989977 2.031487826982623 2.027977850566248 2.0244678741498734 2.0209578977334988 2.0174479213171237 -9999.0 -9999.0 2.0069179920679994 2.0034080156516247 1.99989803923525 -9999.0 -9999.0 -9999.0 -9999.0 -9999.0 -9999.0 -9999.0 -9999.0 -9999.0 -9999.0 -9999.0 -9999.0 -9999.0
2.092791780554122 2.0900084929984413 2.087225205442761 2.0844419178870806 2.0816586303314 2.07887534277572 2.076092055220035 2.0733087676643542 2.0705254801086737 2.0677421925529935 2.064958904997313 2.062175617441633 2.059392329885952 2.056609042330272 2.0538257547745915 2.051042467218911 2.047888083223965 2.04433698873879 2.040785894253615 2.037234799768434 2.033683705283259 2.0301326107980837 2.0265815163129086 2.0230304218277335 2.0194793273425584 2.0159282328573838 2.0123771383722087 2.0088260438870336 2.0052749494018585 2.0017238549166834 -9999.0 -9999.0 -9999.0 -9999.0 -9999.0 -9999.0 -9999.0 -9999.0 -9999.0 -9999.0 -9999.0 -9999.0 -9999.0 -9999.0
