Figures/CREST_Example_wjb_NSE/PETs/wjb.pet.20100905.asc
ncols            288
nrows            254
xllcorner        113.274861
yllcorner        31.4918055
cellsize         0.008333333333
NODATA_value     -9999
[rows 140 to 159 of 254, columns 132 to 175 of 288]
1.6988965178901019 1.6965093401460714 1.6941221624020408 1.6917349846580105 1.68934780691398 1.6869606291699497 1.6845734514259192 1.6821862736818889 1.6797990959378584 1.6774119181938278 1.6750247404497975 1.672637562705763 1.6702503849617325 1.6678632072177022 1.6654760294736717 1.6630888517296412 1.6607016739856109 1.6583144962415803 1.65592731849755 1.6535401407535195 1.6511529630094892 1.6487657852654587 1.6463786075214282 1.6439914297773979 1.6416042520333634 1.6392170742893328 1.6368298965453025 1.634442718801272 1.6320555410572417 1.6296683633132112 1.631735182593601 1.6385634254490509 1.6453916683045005 1.6522199111599503 1.6590481540153998 1.6658763968708497 1.6727046397262992 1.6795328825817606 1.6863611254372104 1.69318936829266 1.7000176111481098 1.7068458540035594 1.7136740968590092 1.7205023397144588
1.6946895601124272 1.6918923781017992 1.689095196091171 1.686298014080543 1.683500832069915 1.680703650059287 1.6779064680486588 1.6751092860380308 1.6723121040274027 1.6695149220167744 1.6667177400061464 1.6639205579955136 1.6611233759848856 1.6583261939742575 1.6555290119636294 1.6527318299530014 1.6499346479423733 1.6471374659317453 1.6443402839211172 1.6415431019104891 1.6387459198998608 1.6359487378892328 1.6331515558786047 1.6303543738679767 1.627557191857344 1.6247600098467159 1.6219628278360878 1.6191656458254597 1.6163684638148317 1.6135712818042036 1.6156802860738593 1.6230341144622777 1.6303879428506962 1.6377417712391147 1.6450955996275334 1.6524494280159518 1.6598032564043703 1.6671570847928014 1.67451091318122 1.6818647415696386 1.689218569958057 1.6965723983464756 1.7039262267348942 1.7112800551233127
1.6904826023347523 1.6872754160575267 1.684068229780301 1.6808610435030753 1.6776538572258497 1.6744466709486239 1.6712394846713983 1.6680322983941724 1.6648251121169468 1.661617925839721 1.6584107395624954 1.6552035532852643 1.6519963670080384 1.6487891807308128 1.645581994453587 1.6423748081763614 1.6391676218991358 1.63596043562191 1.6327532493446844 1.6295460630674585 1.626338876790233 1.623131690513007 1.6199245042357815 1.6167173179585557 1.6135101316813245 1.610302945404099 1.607095759126873 1.6038885728496475 1.6006813865724219 1.597474200295196 1.5996253895541175 1.6075048034755048 1.6153842173968922 1.6232636313182796 1.631143045239667 1.6390224591610543 1.6469018730824416 1.6547812870038425 1.6626607009252299 1.6705401148466172 1.6784195287680046 1.686298942689392 1.6941783566107793 1.7020577705321667
1.686275644557078 1.6826584540132545 1.6790412634694312 1.6754240729256078 1.6718068823817844 1.668189691837961 1.6645725012941377 1.6609553107503143 1.657338120206491 1.6537209296626676 1.6501037391188444 1.6464865485750149 1.6428693580311915 1.6392521674873681 1.6356349769435448 1.6320177863997214 1.628400595855898 1.6247834053120747 1.6211662147682513 1.6175490242244281 1.6139318336806048 1.6103146431367814 1.606697452592958 1.6030802620491347 1.599463071505305 1.5958458809614817 1.5922286904176584 1.588611499873835 1.5849943093300118 1.5813771187861885 1.5835704930343755 1.5919754924887317 1.600380491943088 1.6087854913974442 1.6171904908518004 1.6255954903061565 1.6340004897605127 1.6424054892148834 1.6508104886692394 1.6592154881235956 1.667620487577952 1.6760254870323081 1.6844304864866644 1.6928354859410204
1.6820686867793995 1.6780414919689781 1.6740142971585568 1.6699871023481354 1.6659599075377143 1.661932712727293 1.6579055179168716 1.6538783231064502 1.6498511282960289 1.6458239334856075 1.6417967386751862 1.637769543864758 1.6337423490543366 1.6297151542439154 1.625687959433494 1.6216607646230727 1.6176335698126514 1.61360637500223 1.6095791801918087 1.6055519853813873 1.601524790570966 1.5974975957605446 1.5934704009501233 1.589443206139702 1.585416011329274 1.5813888165188525 1.5773616217084312 1.5733344268980098 1.5693072320875885 1.5652800372771671 1.5675155965146201 1.5764461815019455 1.585376766489271 1.5943073514765966 1.603237936463922 1.6121685214512476 1.621099106438573 1.6300296914259138 1.6389602764132392 1.6478908614005647 1.65682144638789 1.6657520313752157 1.674682616362541 1.6836132013498666
1.6778617290017248 1.6734245299247057 1.6689873308476868 1.664550131770668 1.6601129326936488 1.65567573361663 1.651238534539611 1.6468013354625919 1.642364136385573 1.637926937308554 1.6334897382315352 1.6290525391545085 1.6246153400774896 1.6201781410004708 1.6157409419234516 1.6113037428464327 1.6068665437694138 1.6024293446923947 1.5979921456153758 1.593554946538357 1.5891177474613378 1.584680548384319 1.5802433493073 1.5758061502302811 1.5713689511532545 1.5669317520762356 1.5624945529992167 1.5580573539221976 1.5536201548451787 1.5491829557681598 1.5514606999948783 1.5609168705151728 1.570373041035467 1.5798292115557613 1.5892853820760557 1.59874155259635 1.6081977231166442 1.6176538936369547 1.627110064157249 1.6365662346775434 1.6460224051978376 1.6554785757181318 1.6649347462384263 1.6743909167587205
1.6736547712240502 1.6688075678804335 1.6639603645368168 1.6591131611932004 1.6542659578495837 1.649418754505967 1.6445715511623504 1.639724347818734 1.6348771444751173 1.6300299411315007 1.625182737787884 1.6203355344442592 1.6154883311006425 1.610641127757026 1.6057939244134094 1.6009467210697927 1.596099517726176 1.5912523143825597 1.586405111038943 1.5815579076953263 1.5767107043517097 1.5718635010080932 1.5670162976644766 1.56216909432086 1.557321890977235 1.5524746876336184 1.5476274842900017 1.5427802809463853 1.5379330776027687 1.533085874259152 1.5354058034751366 1.5453875595283997 1.5553693155816628 1.565351071634926 1.575332827688189 1.5853145837414522 1.5952963397947153 1.6052780958479955 1.6152598519012586 1.6252416079545218 1.635223364007785 1.645205120061048 1.6551868761143114 1.6651686321675745
1.6694478134463753 1.664190605836161 1.6589333982259469 1.6536761906157327 1.6484189830055185 1.643161775395304 1.6379045677850899 1.6326473601748757 1.6273901525646615 1.6221329449544473 1.616875737344233 1.6116185297340098 1.6063613221237956 1.6011041145135814 1.5958469069033672 1.5905896992931527 1.5853324916829385 1.5800752840727244 1.5748180764625102 1.569560868852296 1.5643036612420818 1.5590464536318673 1.5537892460216531 1.548532038411439 1.5432748308012156 1.5380176231910014 1.5327604155807872 1.527503207970573 1.5222460003603588 1.5169887927501446 1.5193509069553948 1.5298582485416268 1.5403655901278588 1.5508729317140908 1.5613802733003226 1.5718876148865546 1.5823949564727866 1.5929022980590366 1.6034096396452684 1.6139169812315004 1.6244243228177324 1.6349316644039644 1.6454390059901964 1.6559463475764284
1.6564066346991027 1.6510330146162748 1.6456593945334468 1.6402857744506187 1.634912154367791 1.6295385342849629 1.624164914202135 1.618791294119307 1.613417674036479 1.6080440539536511 1.602670433870823 1.597296813787986 1.5919231937051581 1.58654957362233 1.5811759535395022 1.5758023334566742 1.5704287133738462 1.5650550932910183 1.5596814732081903 1.5543078531253625 1.5489342330425344 1.5435606129597064 1.5381869928768785 1.5328133727940505 1.5274397527112133 1.5220661326283855 1.5166925125455575 1.5113188924627297 1.5059452723799016 1.5005716522970736 1.5029222279621943 1.5135301436145245 1.5241380592668548 1.5347459749191852 1.5453538905715154 1.5559618062238456 1.566569721876176 1.5771776375285245 1.5877855531808547 1.598393468833185 1.6090013844855153 1.6196093001378455 1.6302172157901758 1.6408251314425062
1.6339222306266459 1.6287460291915437 1.6235698277564414 1.6183936263213392 1.613217424886237 1.6080412234511348 1.6028650220160325 1.5976888205809303 1.592512619145828 1.5873364177107259 1.5821602162756236 1.5769840148405128 1.5718078134054105 1.5666316119703083 1.561455410535206 1.5562792091001039 1.5511030076650014 1.5459268062298994 1.540750604794797 1.535574403359695 1.5303982019245925 1.5252220004894905 1.520045799054388 1.514869597619286 1.509693396184175 1.5045171947490728 1.4993409933139705 1.4941647918788683 1.488988590443766 1.4838123890086639 1.4860939990673532 1.4963481783195554 1.5066023575717575 1.5168565368239597 1.527110716076162 1.537364895328364 1.5476190745805662 1.5578732538327857 1.568127433084988 1.57838161233719 1.5886357915893923 1.5988899708415945 1.6091441500937966 1.6193983293459988
1.61143782655417 1.6064590437667936 1.6014802609794174 1.596501478192041 1.5915226954046646 1.5865439126172884 1.581565129829912 1.5765863470425356 1.5716075642551592 1.566628781467783 1.5616499986804067 1.5566712158930218 1.5516924331056454 1.5467136503182692 1.5417348675308928 1.5367560847435164 1.5317773019561403 1.5267985191687639 1.5218197363813875 1.5168409535940113 1.5118621708066349 1.5068833880192585 1.5019046052318823 1.496925822444506 1.491947039657121 1.4869682568697447 1.4819894740823685 1.477010691294992 1.4720319085076157 1.4670531257202395 1.4692657701724974 1.4791662130245713 1.489066655876645 1.4989670987287187 1.5088675415807924 1.5187679844328663 1.52866842728494 1.5385688701370306 1.5484693129891043 1.558369755841178 1.568270198693252 1.5781706415453256 1.5880710843973993 1.5979715272494732
1.5889534224817132 1.5841720583420627 1.579390694202412 1.5746093300627615 1.569827965923111 1.5650466017834603 1.5602652376438098 1.555483873504159 1.5507025093645084 1.5459211452248578 1.5411397810852072 1.5363584169455484 1.5315770528058978 1.5267956886662473 1.5220143245265967 1.517232960386946 1.5124515962472955 1.507670232107645 1.5028888679679944 1.4981075038283436 1.493326139688693 1.4885447755490424 1.4837634114093918 1.4789820472697413 1.4742006831300825 1.4694193189904319 1.4646379548507813 1.4598565907111307 1.4550752265714801 1.4502938624318296 1.4524375412776562 1.461984247729602 1.4715309541815476 1.4810776606334932 1.4906243670854389 1.5001710735373845 1.50971777998933 1.519264486441292 1.5288111928932375 1.5383578993451832 1.5479046057971289 1.5574513122490745 1.5669980187010202 1.5765447251529658
1.5664690184092565 1.5618850729173317 1.5573011274254067 1.552717181933482 1.548133236441557 1.5435492909496322 1.5389653454577072 1.5343813999657825 1.5297974544738575 1.5252135089819328 1.5206295634900078 1.516045617998075 1.5114616725061503 1.5068777270142253 1.5022937815223005 1.4977098360303756 1.4931258905384508 1.4885419450465258 1.483957999554601 1.479374054062676 1.4747901085707513 1.4702061630788263 1.4656222175869016 1.4610382720949766 1.456454326603044 1.451870381111119 1.4472864356191943 1.4427024901272694 1.4381185446353446 1.4335345991434196 1.4356093123828153 1.4448022824346327 1.4539952524864503 1.4631882225382677 1.4723811925900852 1.4815741626419028 1.4907671326937202 1.4999601027455536 1.509153072797371 1.5183460428491884 1.527539012901006 1.5367319829528234 1.545924953004641 1.5551179230564585
1.5439846143368 1.5395980874926007 1.5352115606484016 1.5308250338042024 1.5264385069600033 1.5220519801158041 1.517665453271605 1.5132789264274058 1.5088923995832066 1.5045058727390075 1.5001193458948083 1.4957328190506016 1.4913462922064025 1.4869597653622033 1.4825732385180042 1.478186711673805 1.473800184829606 1.469413657985407 1.4650271311412078 1.4606406042970086 1.4562540774528094 1.4518675506086103 1.4474810237644111 1.443094496920212 1.4387079700760053 1.434321443231806 1.429934916387607 1.4255483895434078 1.4211618626992086 1.4167753358550095 1.418781083487974 1.4276203171396633 1.4364595507913527 1.445298784443042 1.4541380180947314 1.4629772517464208 1.4718164853981104 1.4806557190498149 1.4894949527015042 1.4983341863531936 1.507173420004883 1.5160126536565723 1.5248518873082617 1.533691120959951
1.5215002102643433 1.5173111020678698 1.5131219938713965 1.5089328856749231 1.5047437774784496 1.5005546692819762 1.4963655610855027 1.4921764528890293 1.4879873446925558 1.4837982364960824 1.479609128299609 1.4754200201031284 1.4712309119066551 1.4670418037101816 1.4628526955137082 1.4586635873172347 1.4544744791207613 1.450285370924288 1.4460962627278144 1.441907154531341 1.4377180463348675 1.4335289381383942 1.4293398299419209 1.4251507217454473 1.4209616135489669 1.4167725053524933 1.41258339715602 1.4083942889595464 1.404205180763073 1.4000160725665998 1.4019528545931328 1.4104383518446941 1.4189238490962552 1.4274093463478166 1.435894843599378 1.4443803408509392 1.4528658381025004 1.4613513353540761 1.4698368326056375 1.4783223298571988 1.48680782710876 1.4952933243603213 1.5037788216118826 1.512264318863444
1.4990158061918866 1.4950241166431388 1.491032427094391 1.4870407375456434 1.4830490479968959 1.4790573584481481 1.4750656688994004 1.4710739793506526 1.467082289801905 1.4630906002531572 1.4590989107044094 1.455107221155655 1.4511155316069073 1.4471238420581596 1.4431321525094118 1.4391404629606641 1.4351487734119166 1.4311570838631689 1.4271653943144211 1.4231737047656734 1.4191820152169257 1.415190325668178 1.4111986361194302 1.4072069465706827 1.403215257021928 1.3992235674731803 1.3952318779244326 1.391240188375685 1.3872484988269373 1.3832568092781896 1.3851246256982914 1.3932563865497245 1.4013881474011578 1.4095199082525909 1.417651669104024 1.4257834299554573 1.4339151908068903 1.4420469516583374 1.4501787125097705 1.4583104733612038 1.4664422342126369 1.4745739950640702 1.4827057559155032 1.4908375167669363
1.4765314021194298 1.4727371312184079 1.468942860317386 1.4651485894163638 1.461354318515342 1.45756004761432 1.453765776713298 1.449971505812276 1.446177234911254 1.4423829640102321 1.43858869310921 1.4347944222081817 1.4310001513071597 1.4272058804061376 1.4234116095051157 1.4196173386040938 1.4158230677030719 1.4120287968020497 1.4082345259010278 1.404440255000006 1.400645984098984 1.3968517131979619 1.39305744229694 1.389263171395918 1.3854689004948895 1.3816746295938676 1.3778803586928456 1.3740860877918237 1.3702918168908016 1.3664975459897797 1.3682963968034503 1.3760744212547553 1.3838524457060604 1.3916304701573654 1.3994084946086705 1.4071865190599755 1.4149645435112805 1.422742567962599 1.430520592413904 1.438298616865209 1.446076641316514 1.453854665767819 1.4616326902191241 1.4694107146704292
1.454046998046954 1.4504501457936578 1.4468532935403617 1.4432564412870657 1.4396595890337696 1.4360627367804735 1.4324658845271774 1.4288690322738813 1.4252721800205852 1.4216753277672893 1.4180784755139932 1.414481623260691 1.4108847710073948 1.4072879187540988 1.4036910665008027 1.4000942142475066 1.3964973619942105 1.3929005097409144 1.3893036574876185 1.3857068052343224 1.3821099529810263 1.3785131007277303 1.3749162484744342 1.371319396221138 1.3677225439678358 1.36412569171454 1.3605288394612438 1.3569319872079477 1.3533351349546516 1.3497382827013555 1.351468167908595 1.3588924559597715 1.366316744010948 1.3737410320621246 1.3811653201133014 1.388589608164478 1.3960138962156545 1.4034381842668437 1.4108624723180205 1.418286760369197 1.4257110484203737 1.4331353364715504 1.440559624522727 1.4479839125739036
1.4315625939744971 1.4281631603689269 1.4247637267633564 1.4213642931577861 1.4179648595522156 1.4145654259466454 1.411165992341075 1.4077665587355046 1.4043671251299343 1.400967691524364 1.3975682579187936 1.3941688243132175 1.390769390707647 1.3873699571020768 1.3839705234965065 1.380571089890936 1.3771716562853658 1.3737722226797955 1.370372789074225 1.3669733554686547 1.3635739218630842 1.360174488257514 1.3567750546519437 1.3533756210463732 1.3499761874407972 1.346576753835227 1.3431773202296564 1.3397778866240861 1.3363784530185159 1.3329790194129454 1.3346399390137536 1.341710490664802 1.3487810423158506 1.3558515939668991 1.3629221456179474 1.369992697268996 1.3770632489200445 1.3841338005711052 1.3912043522221538 1.398274903873202 1.4053454555242506 1.4124160071752991 1.4194865588263477 1.4265571104773962
1.4090781899020404 1.4058761749441957 1.4026741599863513 1.3994721450285066 1.396270130070662 1.3930681151128173 1.3898661001549726 1.3866640851971281 1.3834620702392835 1.3802600552814388 1.3770580403235941 1.3738560253657441 1.3706540104078995 1.3674519954500548 1.3642499804922104 1.3610479655343657 1.357845950576521 1.3546439356186764 1.351441920660832 1.3482399057029872 1.3450378907451426 1.341835875787298 1.3386338608294532 1.3354318458716088 1.3322298309137586 1.329027815955914 1.3258258009980695 1.3226237860402248 1.3194217710823801 1.3162197561245355 1.3178117101189124 1.3245285253698327 1.3312453406207532 1.3379621558716734 1.344678971122594 1.3513957863735144 1.3581126016244347 1.3648294168753665 1.371546232126287 1.3782630473772073 1.3849798626281278 1.391696677879048 1.3984134931299685 1.4051303083808888
