Figures/CREST_Example_wjb_NSE/PETs/wjb.pet.20101231.asc
ncols            288
nrows            254
xllcorner        113.274861
yllcorner        31.4918055
cellsize         0.008333333333
NODATA_value     -9999
[rows 171 to 189 of 254, columns 176 to 219 of 288]
0.5987247781794259 0.5982184960006683 0.5977122138219108 0.5972059316431533 0.5966996494643957 0.5961933672856381 0.5956870851068797 0.5951808029281221 0.5946745207493646 0.594168238570607 0.5936619563918495 0.5931556742130919 0.5926493920343343 0.5921431098555767 0.5916368276768192 0.5911305454980617 0.5906881403250627 0.5903140211165395 0.5899399019080164 0.5895657826994927 0.5891916634909695 0.5888175442824464 0.5884434250739233 0.5880693058654002 0.587695186656877 0.587321067448354 0.5869469482398308 0.5865728290313077 0.5861987098227847 0.5858245906142615 0.5854504714057384 0.5850763521972152 0.5847022329886915 0.5843281137801684 0.5839539945716453 0.5835798753631222 0.583205756154599 0.582831636946076 0.5824575177375528 0.5820833985290297 0.5817092793205065 0.5813351601119835 0.5809610409034603 0.5805869216949372
0.5981925577776904 0.5976823199833375 0.5971720821889848 0.596661844394632 0.5961516066002792 0.5956413688059264 0.5951311310115728 0.59462089321722 0.5941106554228672 0.5936004176285145 0.5930901798341616 0.5925799420398088 0.592069704245456 0.5915594664511032 0.5910492286567505 0.5905389908623977 0.5900973829121993 0.5897291418182625 0.5893609007243258 0.5889926596303884 0.5886244185364516 0.5882561774425149 0.5878879363485782 0.5875196952546414 0.5871514541607047 0.586783213066768 0.5864149719728312 0.5860467308788945 0.5856784897849577 0.585310248691021 0.5849420075970843 0.5845737665031475 0.5842055254092101 0.5838372843152734 0.5834690432213366 0.5831008021273999 0.5827325610334632 0.5823643199395264 0.5819960788455897 0.5816278377516529 0.5812595966577162 0.5808913555637795 0.5805231144698427 0.580154873375906
0.5976603373759548 0.5971461439660067 0.5966319505560588 0.5961177571461107 0.5956035637361626 0.5950893703262147 0.5945751769162658 0.5940609835063178 0.5935467900963697 0.5930325966864217 0.5925184032764736 0.5920042098665257 0.5914900164565776 0.5909758230466297 0.5904616296366816 0.5899474362267336 0.5895066254993359 0.5891442625199854 0.5887818995406351 0.5884195365612841 0.5880571735819338 0.5876948106025834 0.587332447623233 0.5869700846438827 0.5866077216645323 0.5862453586851819 0.5858829957058316 0.5855206327264812 0.5851582697471308 0.5847959067677805 0.5844335437884302 0.5840711808090797 0.5837088178297287 0.5833464548503784 0.5829840918710281 0.5826217288916777 0.5822593659123273 0.581897002932977 0.5815346399536266 0.5811722769742762 0.5808099139949259 0.5804475510155755 0.5800851880362251 0.5797228250568748
0.5971281169742192 0.5966099679486759 0.5960918189231327 0.5955736698975894 0.5950555208720463 0.594537371846503 0.5940192228209589 0.5935010737954156 0.5929829247698724 0.5924647757443291 0.5919466267187858 0.5914284776932426 0.5909103286676993 0.5903921796421561 0.5898740306166129 0.5893558815910697 0.5889158680864724 0.5885593832217085 0.5882028983569445 0.5878464134921799 0.5874899286274159 0.587133443762652 0.586776958897888 0.5864204740331239 0.58606398916836 0.585707504303596 0.585351019438832 0.584994534574068 0.584638049709304 0.5842815648445401 0.583925079979776 0.5835685951150121 0.5832121102502474 0.5828556253854835 0.5824991405207195 0.5821426556559556 0.5817861707911915 0.5814296859264275 0.5810732010616636 0.5807167161968996 0.5803602313321357 0.5800037464673716 0.5796472616026076 0.5792907767378437
0.5965958965724837 0.5960737919313452 0.5955516872902068 0.5950295826490682 0.5945074780079298 0.5939853733667914 0.5934632687256519 0.5929411640845135 0.592419059443375 0.5918969548022365 0.591374850161098 0.5908527455199596 0.5903306408788211 0.5898085362376826 0.5892864315965441 0.5887643269554057 0.5883251106736092 0.5879745039234315 0.5876238971732539 0.5872732904230756 0.5869226836728981 0.5865720769227205 0.5862214701725429 0.5858708634223653 0.5855202566721877 0.58516964992201 0.5848190431718324 0.5844684364216548 0.5841178296714772 0.5837672229212996 0.583416616171122 0.5830660094209443 0.5827154026707662 0.5823647959205885 0.5820141891704109 0.5816635824202333 0.5813129756700557 0.5809623689198781 0.5806117621697005 0.5802611554195228 0.5799105486693452 0.5795599419191677 0.5792093351689901 0.5788587284188125
0.5960636761707476 0.595537615914014 0.5950115556572803 0.5944854954005465 0.5939594351438129 0.5934333748870791 0.5929073146303445 0.5923812543736108 0.5918551941168771 0.5913291338601434 0.5908030736034097 0.5902770133466759 0.5897509530899423 0.5892248928332086 0.5886988325764748 0.5881727723197412 0.5877343532607452 0.587389624625154 0.5870448959895628 0.5867001673539709 0.5863554387183797 0.5860107100827885 0.5856659814471973 0.5853212528116061 0.5849765241760149 0.5846317955404235 0.5842870669048323 0.5839423382692411 0.5835976096336499 0.5832528809980587 0.5829081523624675 0.5825634237268763 0.5822186950912844 0.5818739664556932 0.581529237820102 0.5811845091845108 0.5808397805489195 0.5804950519133283 0.5801503232777371 0.5798055946421459 0.5794608660065547 0.5791161373709635 0.5787714087353721 0.5784266800997809
0.5955314557690121 0.5950014398966832 0.5944714240243543 0.5939414081520253 0.5934113922796964 0.5928813764073675 0.5923513605350377 0.5918213446627086 0.5912913287903797 0.5907613129180508 0.5902312970457219 0.5897012811733929 0.589171265301064 0.5886412494287351 0.5881112335564062 0.5875812176840772 0.5871435958478819 0.586804745326877 0.5864658948058722 0.5861270442848667 0.5857881937638619 0.585449343242857 0.5851104927218522 0.5847716422008473 0.5844327916798425 0.5840939411588376 0.5837550906378328 0.5834162401168279 0.5830773895958231 0.5827385390748182 0.5823996885538134 0.5820608380328085 0.5817219875118032 0.5813831369907982 0.5810442864697934 0.5807054359487885 0.5803665854277837 0.5800277349067788 0.579688884385774 0.5793500338647691 0.5790111833437643 0.5786723328227594 0.5783334823017546 0.5779946317807497
0.595508052814479 0.5949851971395314 0.5944623414645837 0.593939485789636 0.5934166301146881 0.5928937744397405 0.5923709187647919 0.5918480630898442 0.5913252074148964 0.5908023517399487 0.590279496065001 0.5897566403900532 0.5892337847151055 0.5887109290401578 0.5881880733652101 0.5876652176902623 0.5872348712390159 0.586903419241076 0.5865719672431362 0.5862405152451958 0.585909063247256 0.5855776112493162 0.5852461592513764 0.5849147072534365 0.5845832552554967 0.5842518032575569 0.583920351259617 0.5835888992616772 0.5832574472637374 0.5829259952657976 0.5825945432678578 0.5822630912699179 0.5819316392719776 0.5816001872740377 0.5812687352760979 0.5809372832781581 0.5806058312802183 0.5802743792822784 0.5799429272843386 0.5796114752863988 0.579280023288459 0.5789485712905191 0.5786171192925793 0.5782856672946395
0.5960285436388019 0.5955247302646459 0.5950209168904901 0.5945171035163342 0.5940132901421784 0.5935094767680225 0.5930056633938657 0.5925018500197099 0.5919980366455541 0.5914942232713982 0.5909904098972423 0.5904865965230864 0.5899827831489306 0.5894789697747748 0.5889751564006188 0.588471343026463 0.588055196707165 0.5877327684531183 0.5874103401990715 0.5870879119450242 0.5867654836909774 0.5864430554369306 0.5861206271828838 0.5857981989288371 0.5854757706747903 0.5851533424207436 0.5848309141666967 0.58450848591265 0.5841860576586032 0.5838636294045565 0.5835412011505097 0.583218772896463 0.5828963446424156 0.5825739163883689 0.582251488134322 0.5819290598802753 0.5816066316262285 0.5812842033721818 0.580961775118135 0.5806393468640881 0.5803169186100414 0.5799944903559946 0.5796720621019479 0.5793496338479011
0.5965490344631245 0.5960642633897605 0.5955794923163965 0.5950947212430325 0.5946099501696684 0.5941251790963045 0.5936404080229397 0.5931556369495756 0.5926708658762116 0.5921860948028477 0.5917013237294837 0.5912165526561197 0.5907317815827556 0.5902470105093917 0.5897622394360277 0.5892774683626637 0.5888755221753142 0.5885621176651605 0.5882487131550068 0.5879353086448526 0.5876219041346988 0.5873084996245451 0.5869950951143914 0.5866816906042377 0.586368286094084 0.5860548815839303 0.5857414770737766 0.5854280725636228 0.5851146680534691 0.5848012635433154 0.5844878590331617 0.584174454523008 0.5838610500128537 0.5835476455027 0.5832342409925463 0.5829208364823926 0.5826074319722389 0.5822940274620851 0.5819806229519314 0.5816672184417777 0.581353813931624 0.5810404094214703 0.5807270049113166 0.5804136004011629
0.5970695252874472 0.596603796514875 0.5961380677423029 0.5956723389697307 0.5952066101971586 0.5947408814245865 0.5942751526520136 0.5938094238794414 0.5933436951068692 0.5928779663342971 0.592412237561725 0.5919465087891528 0.5914807800165807 0.5910150512440085 0.5905493224714364 0.5900835936988643 0.5896958476434633 0.5893914668772027 0.589087086110942 0.5887827053446808 0.5884783245784201 0.5881739438121595 0.5878695630458988 0.5875651822796382 0.5872608015133776 0.5869564207471168 0.5866520399808562 0.5863476592145955 0.5860432784483349 0.5857388976820742 0.5854345169158136 0.5851301361495529 0.5848257553832917 0.5845213746170311 0.5842169938507704 0.5839126130845098 0.5836082323182491 0.5833038515519885 0.5829994707857278 0.5826950900194672 0.5823907092532065 0.5820863284869459 0.5817819477206851 0.5814775669544245
0.5975900161117699 0.5971433296399896 0.5966966431682093 0.596249956696429 0.5958032702246487 0.5953565837528685 0.5949098972810875 0.5944632108093072 0.5940165243375268 0.5935698378657466 0.5931231513939663 0.5926764649221861 0.5922297784504058 0.5917830919786256 0.5913364055068452 0.5908897190350649 0.5905161731116124 0.5902208160892448 0.5899254590668772 0.5896301020445092 0.5893347450221416 0.589039387999774 0.5887440309774064 0.5884486739550387 0.5881533169326711 0.5878579599103035 0.5875626028879359 0.5872672458655683 0.5869718888432007 0.5866765318208331 0.5863811747984655 0.5860858177760979 0.5857904607537298 0.5854951037313622 0.5851997467089946 0.584904389686627 0.5846090326642593 0.5843136756418917 0.5840183186195241 0.5837229615971565 0.5834276045747889 0.5831322475524213 0.5828368905300537 0.5825415335076861
0.598110506936093 0.5976828627651046 0.5972552185941162 0.5968275744231278 0.5963999302521394 0.595972286081151 0.595544641910162 0.5951169977391736 0.5946893535681852 0.5942617093971968 0.5938340652262084 0.59340642105522 0.5929787768842316 0.5925511327132432 0.5921234885422548 0.5916958443712664 0.5913364985797624 0.5910501653012878 0.5907638320228134 0.5904774987443383 0.5901911654658637 0.5899048321873892 0.5896184989089147 0.5893321656304401 0.5890458323519656 0.588759499073491 0.5884731657950165 0.5881868325165419 0.5879004992380674 0.5876141659595928 0.5873278326811183 0.5870414994026437 0.5867551661241687 0.5864688328456942 0.5861824995672197 0.5858961662887451 0.5856098330102706 0.585323499731796 0.5850371664533215 0.5847508331748469 0.5844644998963724 0.5841781666178978 0.5838918333394233 0.5836055000609487
0.5986309977604157 0.5982223958902192 0.5978137940200227 0.5974051921498261 0.5969965902796296 0.5965879884094331 0.5961793865392359 0.5957707846690393 0.5953621827988428 0.5949535809286463 0.5945449790584497 0.5941363771882532 0.5937277753180566 0.5933191734478602 0.5929105715776637 0.5925019697074672 0.5921568240479116 0.5918795145133301 0.5916022049787486 0.5913248954441667 0.5910475859095852 0.5907702763750037 0.5904929668404222 0.5902156573058407 0.5899383477712592 0.5896610382366777 0.5893837287020962 0.5891064191675147 0.5888291096329332 0.5885518000983517 0.5882744905637702 0.5879971810291887 0.5877198714946068 0.5874425619600253 0.5871652524254438 0.5868879428908623 0.5866106333562808 0.5863333238216993 0.5860560142871178 0.5857787047525363 0.5855013952179549 0.5852240856833735 0.584946776148792 0.5846694666142105
0.5991514885847384 0.5987619290153338 0.5983723694459291 0.5979828098765244 0.5975932503071197 0.5972036907377151 0.5968141311683097 0.596424571598905 0.5960350120295005 0.5956454524600958 0.5952558928906911 0.5948663333212865 0.5944767737518818 0.5940872141824771 0.5936976546130724 0.5933080950436678 0.5929771495160607 0.5927088637253723 0.5924405779346839 0.592172292143995 0.5919040063533065 0.5916357205626182 0.5913674347719297 0.5910991489812413 0.5908308631905528 0.5905625773998644 0.5902942916091759 0.5900260058184875 0.589757720027799 0.5894894342371106 0.5892211484464221 0.5889528626557338 0.5886845768650448 0.5884162910743564 0.588148005283668 0.5878797194929796 0.5876114337022911 0.5873431479116027 0.5870748621209142 0.5868065763302258 0.5865382905395373 0.5862700047488489 0.5860017189581604 0.5857334331674721
0.5996719794090611 0.5993014621404483 0.5989309448718355 0.5985604276032227 0.5981899103346099 0.5978193930659972 0.5974488757973837 0.5970783585287709 0.5967078412601581 0.5963373239915453 0.5959668067229325 0.5955962894543197 0.5952257721857069 0.5948552549170941 0.5944847376484813 0.5941142203798685 0.59379747498421 0.5935382129374146 0.5932789508906192 0.5930196888438234 0.592760426797028 0.5925011647502326 0.5922419027034372 0.5919826406566419 0.5917233786098465 0.5914641165630511 0.5912048545162557 0.5909455924694603 0.5906863304226649 0.5904270683758696 0.5901678063290742 0.5899085442822788 0.589649282235483 0.5893900201886876 0.5891307581418922 0.5888714960950968 0.5886122340483014 0.588352972001506 0.5880937099547107 0.5878344479079153 0.5875751858611199 0.5873159238143245 0.5870566617675291 0.5867973997207337
0.6001924702333837 0.5998409952655628 0.5994895202977418 0.599138045329921 0.5987865703621 0.5984350953942791 0.5980836204264576 0.5977321454586366 0.5973806704908157 0.5970291955229947 0.5966777205551738 0.5963262455873528 0.5959747706195319 0.595623295651711 0.5952718206838901 0.5949203457160691 0.594617800452359 0.5943675621494567 0.5941173238465544 0.5938670855436516 0.5936168472407493 0.593366608937847 0.5931163706349447 0.5928661323320423 0.5926158940291401 0.5923656557262377 0.5921154174233354 0.591865179120433 0.5916149408175307 0.5913647025146284 0.5911144642117261 0.5908642259088238 0.590613987605921 0.5903637493030187 0.5901135110001163 0.5898632726972141 0.5896130343943118 0.5893627960914094 0.5891125577885071 0.5888623194856047 0.5886120811827025 0.5883618428798001 0.5881116045768978 0.5878613662739954
0.6007129610577064 0.6003805283906773 0.6000480957236483 0.5997156630566192 0.5993832303895902 0.5990507977225611 0.5987183650555314 0.5983859323885024 0.5980534997214733 0.5977210670544442 0.5973886343874152 0.5970562017203861 0.596723769053357 0.5963913363863279 0.5960589037192988 0.5957264710522698 0.5954381259205082 0.5951969113614989 0.5949556968024896 0.59471448224348 0.5944732676844707 0.5942320531254615 0.5939908385664522 0.5937496240074429 0.5935084094484336 0.5932671948894244 0.5930259803304151 0.5927847657714058 0.5925435512123965 0.5923023366533873 0.592061122094378 0.5918199075353687 0.591578692976359 0.5913374784173497 0.5910962638583406 0.5908550492993313 0.590613834740322 0.5903726201813128 0.5901314056223035 0.5898901910632942 0.5896489765042849 0.5894077619452757 0.5891665473862664 0.5889253328272571
0.6012334518820296 0.6009200615157925 0.6006066711495552 0.6002932807833181 0.5999798904170809 0.5996665000508437 0.599353109684606 0.5990397193183687 0.5987263289521316 0.5984129385858944 0.5980995482196572 0.59778615785342 0.5974727674871828 0.5971593771209457 0.5968459867547085 0.5965325963884712 0.5962584513886582 0.5960262605735419 0.5957940697584257 0.5955618789433091 0.595329688128193 0.5950974973130767 0.5948653064979605 0.5946331156828443 0.5944009248677281 0.5941687340526118 0.5939365432374957 0.5937043524223794 0.5934721616072632 0.5932399707921471 0.5930077799770308 0.5927755891619146 0.592543398346798 0.5923112075316818 0.5920790167165656 0.5918468259014493 0.5916146350863332 0.591382444271217 0.5911502534561007 0.5909180626409846 0.5906858718258683 0.5904536810107521 0.5902214901956359 0.5899892993805197
