Figures/CREST_Example_wjb_NSE/PETs/wjb.pet.20101021.asc
ncols            288
nrows            254
xllcorner        113.274861
yllcorner        31.4918055
cellsize         0.008333333333
NODATA_value     -9999
[rows 200 to 219 of 254, columns 220 to 263 of 288]
1.6871539261271407 1.6864075493979092 1.6859643025732478 1.685845108476928 1.6857259143806078 1.685606720284288 1.685487526187968 1.685368332091648 1.685249137995328 1.6851299438990082 1.685010749802688 1.6848915557063682 1.6847723616100483 1.6846531675137284 1.684533973417408 1.6844147793210882 1.6842955852247683 1.6841763911284482 1.6840571970321283 1.6839380029358084 1.6838188088394883 1.6836996147431684 1.6835804206468485 1.6834612265505284 1.6833420324542085 1.6832228383578887 1.6831036442615686 1.6829844501652484 1.6828652560689286 1.6827460619726087 1.6826268678762886 -9999.0 -9999.0 -9999.0 -9999.0 -9999.0 -9999.0 -9999.0 -9999.0 -9999.0 -9999.0 -9999.0 -9999.0 -9999.0
1.690439435138333 1.6896814667215978 1.6892518672016221 1.689173301463841 1.68909473572606 1.6890161699882789 1.6889376042504978 1.6888590385127165 1.6887804727749354 1.6887019070371543 1.6886233412993732 1.688544775561592 1.688466209823811 1.6883876440860297 1.6883090783482486 1.6882305126104675 1.6881519468726862 1.6880733811349051 1.687994815397124 1.687916249659343 1.6878376839215619 1.6877591181837808 1.6876805524459995 1.6876019867082184 1.6875234209704373 1.6874448552326562 1.687366289494875 1.6872877237570938 1.6872091580193127 1.6871305922815316 -9999.0 -9999.0 -9999.0 -9999.0 -9999.0 -9999.0 -9999.0 -9999.0 -9999.0 -9999.0 -9999.0 -9999.0 -9999.0 -9999.0
1.6937249441495252 1.692955384045286 1.6925394318299964 1.6925014944507542 1.6924635570715119 1.6924256196922696 1.6923876823130273 1.692349744933785 1.6923118075545427 1.6922738701753004 1.692235932796058 1.6921979954168158 1.6921600580375735 1.6921221206583312 1.692084183279089 1.6920462458998466 1.6920083085206044 1.691970371141362 1.6919324337621198 1.6918944963828775 1.6918565590036352 1.691818621624393 1.6917806842451506 1.6917427468659083 1.691704809486666 1.6916668721074237 1.6916289347281814 1.6915909973489391 1.6915530599696968 1.6915151225904546 -9999.0 -9999.0 -9999.0 -9999.0 -9999.0 -9999.0 -9999.0 -9999.0 -9999.0 -9999.0 -9999.0 -9999.0 -9999.0 -9999.0
1.6970104531607175 1.6962293013689744 1.6958269964583705 1.695829687437667 1.6958323784169635 1.69583506939626 1.6958377603755568 1.6958404513548533 1.6958431423341498 1.6958458333134463 1.695848524292743 1.6958512152720395 1.695853906251336 1.6958565972306325 1.695859288209929 1.6958619791892258 1.6958646701685223 1.6958673611478188 1.6958700521271153 1.6958727431064118 1.6958754340857085 1.695878125065005 1.6958808160443015 1.695883507023598 1.6958861980028948 1.6958888889821913 1.6958915799614878 1.6958942709407843 1.6958969619200808 1.6958996528993775 1.695902343878674 -9999.0 -9999.0 -9999.0 -9999.0 -9999.0 -9999.0 -9999.0 -9999.0 -9999.0 -9999.0 -9999.0 -9999.0 -9999.0
1.7002959621719114 1.6995032186926644 1.6991145610867462 1.6991578804245817 1.699201199762417 1.6992445191002523 1.6992878384380878 1.6993311577759231 1.6993744771137587 1.699417796451594 1.6994611157894295 1.6995044351272648 1.6995477544651003 1.6995910738029356 1.6996343931407711 1.6996777124786067 1.699721031816442 1.6997643511542773 1.6998076704921128 1.699850989829948 1.6998943091677836 1.699937628505619 1.6999809478434544 1.7000242671812897 1.7000675865191253 1.7001109058569606 1.700154225194796 1.7001975445326314 1.700240863870467 1.7002841832083022 -9999.0 -9999.0 -9999.0 -9999.0 -9999.0 -9999.0 -9999.0 -9999.0 -9999.0 -9999.0 -9999.0 -9999.0 -9999.0 -9999.0
1.7035814711831037 1.7027771360163526 1.7024021257151203 1.7024860734114946 1.702570021107869 1.702653968804243 1.7027379165006173 1.7028218641969917 1.7029058118933658 1.70298975958974 1.7030737072861144 1.7031576549824885 1.7032416026788628 1.7033255503752371 1.7034094980716115 1.7034934457679858 1.7035773934643599 1.7036613411607342 1.7037452888571085 1.7038292365534826 1.703913184249857 1.7039971319462313 1.7040810796426054 1.7041650273389797 1.7042489750353538 1.704332922731728 1.7044168704281024 1.7045008181244767 1.704584765820851 -9999.0 -9999.0 -9999.0 -9999.0 -9999.0 -9999.0 -9999.0 -9999.0 -9999.0 -9999.0 -9999.0 -9999.0 -9999.0 -9999.0 -9999.0
1.706866980194296 1.7060510533400413 1.7056896903434948 1.7058142663984077 1.7059388424533208 1.706063418508234 1.706187994563147 1.7063125706180602 1.706437146672973 1.7065617227278862 1.7066862987827993 1.7068108748377124 1.7069354508926255 1.7070600269475387 1.7071846030024518 1.707309179057365 1.707433755112278 1.7075583311671911 1.7076829072221043 1.7078074832770171 1.7079320593319303 1.7080566353868434 1.7081812114417565 1.7083057874966696 1.7084303635515825 1.7085549396064956 1.7086795156614087 -9999.0 -9999.0 -9999.0 -9999.0 -9999.0 -9999.0 -9999.0 -9999.0 -9999.0 -9999.0 -9999.0 -9999.0 -9999.0 -9999.0 -9999.0 -9999.0 -9999.0
1.7101524892054896 1.709324970663731 1.7089772549718703 1.7091424593853222 1.709307663798774 1.709472868212226 1.709638072625678 1.7098032770391298 1.7099684814525817 1.7101336858660339 1.7102988902794858 1.7104640946929377 1.7106292991063896 1.7107945035198415 1.7109597079332937 1.7111249123467456 1.7112901167601977 1.7114553211736496 1.7116205255871015 1.7117857300005535 1.7119509344140054 1.7121161388274573 1.7122813432409092 1.712446547654361 1.712611752067813 1.7127769564812652 -9999.0 -9999.0 -9999.0 -9999.0 -9999.0 -9999.0 -9999.0 -9999.0 -9999.0 -9999.0 -9999.0 -9999.0 -9999.0 -9999.0 -9999.0 -9999.0 -9999.0 -9999.0
1.7136817214063447 1.7128552119914062 1.712518800979923 1.712706316253512 1.712893831527101 1.7130813468006898 1.7132688620742786 1.7134563773478677 1.7136438926214566 1.7138314078950454 1.7140189231686342 1.7142064384422233 1.7143939537158122 1.714581468989401 1.7147689842629903 1.7149564995365791 1.715144014810168 1.7153315300837568 1.715519045357346 1.7157065606309347 1.7158940759045236 1.7160815911781124 1.7162691064517015 1.7164566217252903 1.7166441369988792 1.716831652272468 -9999.0 -9999.0 -9999.0 -9999.0 -9999.0 -9999.0 -9999.0 -9999.0 -9999.0 -9999.0 -9999.0 -9999.0 -9999.0 -9999.0 -9999.0 -9999.0 -9999.0 -9999.0
1.7174714783356388 1.7166594475238324 1.7163318370749918 1.7165220829574357 1.7167123288398798 1.7169025747223237 1.7170928206047675 1.7172830664872116 1.7174733123696555 1.7176635582520994 1.7178538041345435 1.7180440500169873 1.7182342958994312 1.7184245417818753 1.7186147876643196 1.7188050335467635 1.7189952794292074 1.7191855253116515 1.7193757711940953 1.7195660170765392 1.7197562629589833 1.7199465088414272 1.720136754723871 1.7203270006063152 1.720517246488759 1.720707492371203 1.720897738253647 -9999.0 -9999.0 -9999.0 -9999.0 -9999.0 -9999.0 -9999.0 -9999.0 -9999.0 -9999.0 -9999.0 -9999.0 -9999.0 -9999.0 -9999.0 -9999.0 -9999.0
1.7212612352649344 1.72046368305626 1.7201448731700621 1.720337849661361 1.72053082615266 1.720723802643959 1.720916779135258 1.721109755626557 1.721302732117856 1.721495708609155 1.721688685100454 1.721881661591753 1.722074638083052 1.722267614574351 1.7224605910656503 1.7226535675569492 1.7228465440482483 1.7230395205395472 1.7232324970308464 1.7234254735221453 1.7236184500134444 1.7238114265047433 1.7240044029960422 1.7241973794873413 1.7243903559786402 1.7245833324699393 1.7247763089612382 -9999.0 -9999.0 -9999.0 -9999.0 -9999.0 -9999.0 -9999.0 -9999.0 -9999.0 -9999.0 -9999.0 -9999.0 -9999.0 -9999.0 -9999.0 -9999.0 -9999.0
1.7250509921942283 1.7242679185886864 1.7239579092651307 1.7241536163652849 1.7243493234654388 1.724545030565593 1.7247407376657469 1.724936444765901 1.725132151866055 1.725327858966209 1.725523566066363 1.7257192731665172 1.7259149802666711 1.7261106873668253 1.7263063944669796 1.7265021015671336 1.7266978086672877 1.7268935157674417 1.7270892228675956 1.7272849299677497 1.7274806370679037 1.7276763441680578 1.7278720512682118 1.728067758368366 1.7282634654685198 -9999.0 -9999.0 -9999.0 -9999.0 -9999.0 -9999.0 -9999.0 -9999.0 -9999.0 -9999.0 -9999.0 -9999.0 -9999.0 -9999.0 -9999.0 -9999.0 -9999.0 -9999.0 -9999.0
1.7288407491235223 1.7280721541211126 1.7277709453601995 1.7279693830692084 1.7281678207782176 1.7283662584872266 1.7285646961962358 1.7287631339052447 1.728961571614254 1.729160009323263 1.729358447032272 1.7295568847412812 1.7297553224502902 1.7299537601592994 1.7301521978683088 1.730350635577318 1.730549073286327 1.730747510995336 1.730945948704345 1.7311443864133542 1.7313428241223632 1.7315412618313724 1.7317396995403815 1.7319381372493905 -9999.0 -9999.0 -9999.0 -9999.0 -9999.0 -9999.0 -9999.0 -9999.0 -9999.0 -9999.0 -9999.0 -9999.0 -9999.0 -9999.0 -9999.0 -9999.0 -9999.0 -9999.0 -9999.0 -9999.0
1.7326305060528178 1.7318763896535403 1.7315839814552696 1.7317851497731338 1.731986318090998 1.732187486408862 1.7323886547267262 1.7325898230445904 1.7327909913624544 1.7329921596803186 1.7331933279981828 1.7333944963160468 1.733595664633911 1.7337968329517752 1.7339980012696397 1.7341991695875039 1.7344003379053679 1.734601506223232 1.7348026745410963 1.7350038428589603 1.7352050111768245 1.7354061794946887 -9999.0 -9999.0 -9999.0 -9999.0 -9999.0 -9999.0 -9999.0 -9999.0 -9999.0 -9999.0 -9999.0 -9999.0 -9999.0 -9999.0 -9999.0 -9999.0 -9999.0 -9999.0 -9999.0 -9999.0 -9999.0 -9999.0
1.7364202629821117 1.7356806251859664 1.7353970175503384 1.7356009164770574 1.7358048154037766 1.7360087143304959 1.736212613257215 1.7364165121839341 1.7366204111106534 1.7368243100373726 1.7370282089640918 1.7372321078908108 1.73743600681753 1.7376399057442493 1.7378438046709688 1.738047703597688 1.7382516025244072 1.7384555014511265 1.7386594003778455 1.7388632993045647 1.739067198231284 -9999.0 -9999.0 -9999.0 -9999.0 -9999.0 -9999.0 -9999.0 -9999.0 -9999.0 -9999.0 -9999.0 -9999.0 -9999.0 -9999.0 -9999.0 -9999.0 -9999.0 -9999.0 -9999.0 -9999.0 -9999.0 -9999.0 -9999.0
1.7402100199114057 1.7394848607183926 1.739210053645407 1.7394166831809812 1.7396233127165555 1.7398299422521297 1.740036571787704 1.740243201323278 1.7404498308588523 1.7406564603944266 1.7408630899300008 1.741069719465575 1.7412763490011491 1.7414829785367234 1.7416896080722981 1.7418962376078724 1.7421028671434464 1.7423094966790207 1.742516126214595 -9999.0 -9999.0 -9999.0 -9999.0 -9999.0 -9999.0 -9999.0 -9999.0 -9999.0 -9999.0 -9999.0 -9999.0 -9999.0 -9999.0 -9999.0 -9999.0 -9999.0 -9999.0 -9999.0 -9999.0 -9999.0 -9999.0 -9999.0 -9999.0 -9999.0
1.7439997768406996 1.743289096250819 1.7430230897404757 1.743232449884905 1.7434418100293343 1.7436511701737636 1.7438605303181927 1.744069890462622 1.7442792506070512 1.7444886107514805 1.7446979708959098 1.7449073310403391 1.7451166911847684 1.7453260513291977 1.7455354114736272 1.7457447716180565 1.7459541317624858 1.746163491906915 -9999.0 -9999.0 -9999.0 -9999.0 -9999.0 -9999.0 -9999.0 -9999.0 -9999.0 -9999.0 -9999.0 -9999.0 -9999.0 -9999.0 -9999.0 -9999.0 -9999.0 -9999.0 -9999.0 -9999.0 -9999.0 -9999.0 -9999.0 -9999.0 -9999.0 -9999.0
1.7477895337699951 1.7470933317832467 1.7468361258355458 1.7470482165888301 1.7472603073421145 1.7474723980953988 1.747684488848683 1.7478965796019674 1.7481086703552517 1.748320761108536 1.7485328518618204 1.7487449426151047 1.748957033368389 1.7491691241216734 1.7493812148749581 1.7495933056282424 1.7498053963815268 1.750017487134811 -9999.0 -9999.0 -9999.0 -9999.0 -9999.0 -9999.0 -9999.0 -9999.0 -9999.0 -9999.0 -9999.0 -9999.0 -9999.0 -9999.0 -9999.0 -9999.0 -9999.0 -9999.0 -9999.0 -9999.0 -9999.0 -9999.0 -9999.0 -9999.0 -9999.0 -9999.0
1.751579290699289 1.7508975673156728 1.7506491619306146 1.750863983292754 1.7510788046548933 1.7512936260170326 1.751508447379172 1.7517232687413113 1.7519380901034507 1.75215291146559 1.7523677328277296 1.752582554189869 1.7527973755520083 1.7530121969141477 1.7532270182762872 1.7534418396384268 1.7536566610005662 1.7538714823627055 -9999.0 -9999.0 -9999.0 -9999.0 -9999.0 -9999.0 -9999.0 -9999.0 -9999.0 -9999.0 -9999.0 -9999.0 -9999.0 -9999.0 -9999.0 -9999.0 -9999.0 -9999.0 -9999.0 -9999.0 -9999.0 -9999.0 -9999.0 -9999.0 -9999.0 -9999.0
1.755369047628583 1.754701802848099 1.7544621980256832 1.7546797499966778 1.7548973019676721 1.7551148539386665 1.7553324059096609 1.7555499578806553 1.7557675098516496 1.7559850618226442 1.7562026137936386 1.756420165764633 1.7566377177356274 1.7568552697066218 1.7570728216776166 1.757290373648611 1.7575079256196053 -9999.0 -9999.0 -9999.0 -9999.0 -9999.0 -9999.0 -9999.0 -9999.0 -9999.0 -9999.0 -9999.0 -9999.0 -9999.0 -9999.0 -9999.0 -9999.0 -9999.0 -9999.0 -9999.0 -9999.0 -9999.0 -9999.0 -9999.0 -9999.0 -9999.0 -9999.0 -9999.0
