Figures/CREST_Example_wjb_NSE/PETs/wjb.pet.20091210.asc
ncols            288
nrows            254
xllcorner        113.274861
yllcorner        31.4918055
cellsize         0.008333333333
NODATA_value     -9999
[rows 95 to 113 of 254, columns 44 to 87 of 288]
0.8251608066122581 0.8239640372574789 0.8227672679026997 0.8215704985479205 0.8203737291931413 0.8191769598383623 0.8179801904835831 0.8167834211288039 0.8155866517740227 0.8143898824192435 0.8131931130644643 0.8119963437096851 0.810799574354906 0.8096028050001268 0.8084060356453476 0.8072092662905684 0.8060124969357894 0.8048157275810102 0.803618958226231 0.8024221888714518 0.8012254195166726 0.8000286501618914 0.7988318808071122 0.797635111452333 0.7964383420975539 0.7952415727427747 0.7940448033879955 0.7928480340332164 0.7917563476798841 0.7907769974306111 0.789797647181338 0.7888182969320651 0.787838946682792 0.786859596433519 0.7858802461842442 0.7849008959349713 0.7839215456856982 0.7829421954364252 0.7819628451871521 0.7809834949378791 0.780004144688606 0.779024794439333 0.7780454441900599 0.777066093940787
0.8274731800291517 0.8262410101660699 0.825008840302988 0.8237766704399063 0.8225445005768245 0.8213123307137427 0.8200801608506608 0.818847990987579 0.817615821124495 0.8163836512614132 0.8151514813983314 0.8139193115352495 0.8126871416721677 0.8114549718090859 0.810222801946004 0.8089906320829222 0.8077584622198404 0.8065262923567585 0.8052941224936768 0.804061952630595 0.8028297827675132 0.8015976129044292 0.8003654430413474 0.7991332731782655 0.7979011033151837 0.7966689334521019 0.79543676358902 0.7942045937259382 0.7930647453259762 0.7920235906571134 0.7909824359882507 0.7899412813193879 0.7889001266505251 0.7878589719816624 0.7868178173127979 0.7857766626439351 0.7847355079750724 0.7836943533062096 0.7826531986373468 0.7816120439684842 0.7805708892996214 0.7795297346307586 0.7784885799618959 0.7774474252930331
0.8297855534460455 0.8285179830746611 0.8272504127032766 0.825982842331892 0.8247152719605075 0.8234477015891231 0.8221801312177386 0.8209125608463541 0.8196449904749674 0.8183774201035829 0.8171098497321985 0.815842279360814 0.8145747089894295 0.813307138618045 0.8120395682466605 0.810771997875276 0.8095044275038915 0.808236857132507 0.8069692867611226 0.8057017163897381 0.8044341460183535 0.8031665756469669 0.8018990052755824 0.800631434904198 0.7993638645328134 0.7980962941614289 0.7968287237900444 0.79556115341866 0.794373142972068 0.7932701838836156 0.7921672247951631 0.7910642657067106 0.7899613066182581 0.7888583475298058 0.7877553884413514 0.7866524293528989 0.7855494702644465 0.7844465111759941 0.7833435520875416 0.7822405929990891 0.7811376339106367 0.7800346748221842 0.7789317157337318 0.7778287566452793
0.8320979268629413 0.830794955983254 0.8294919851035669 0.8281890142238797 0.8268860433441925 0.8255830724645054 0.8242801015848181 0.822977130705131 0.8216741598254416 0.8203711889457543 0.8190682180660672 0.81776524718638 0.8164622763066929 0.8151593054270057 0.8138563345473185 0.8125533636676313 0.8112503927879441 0.809947421908257 0.8086444510285697 0.8073414801488826 0.8060385092691954 0.8047355383895061 0.8034325675098188 0.8021295966301316 0.8008266257504445 0.7995236548707573 0.7982206839910702 0.7969177131113829 0.7956815406181611 0.7945167771101189 0.7933520136020766 0.7921872500940345 0.7910224865859922 0.78985772307795 0.7886929595699058 0.7875281960618636 0.7863634325538214 0.7851986690457792 0.784033905537737 0.7828691420296947 0.7817043785216525 0.7805396150136104 0.7793748515055681 0.7782100879975259
0.834410300279835 0.8330719288918452 0.8317335575038554 0.8303951861158655 0.8290568147278756 0.8277184433398859 0.826380071951896 0.8250417005639061 0.823703329175914 0.8223649577879242 0.8210265863999343 0.8196882150119444 0.8183498436239547 0.8170114722359648 0.815673100847975 0.8143347294599851 0.8129963580719953 0.8116579866840055 0.8103196152960156 0.8089812439080257 0.807642872520036 0.8063045011320438 0.804966129744054 0.8036277583560641 0.8022893869680743 0.8009510155800844 0.7996126441920947 0.7982742728041048 0.796989938264253 0.7957633703366211 0.7945368024089892 0.7933102344813573 0.7920836665537253 0.7908570986260934 0.7896305306984595 0.7884039627708275 0.7871773948431956 0.7859508269155636 0.7847242589879317 0.7834976910602998 0.7822711231326679 0.7810445552050359 0.779817987277404 0.778591419349772
0.8367226736967288 0.8353489018004363 0.8339751299041438 0.8326013580078513 0.8312275861115588 0.8298538142152663 0.8284800423189738 0.8271062704226813 0.8257324985263864 0.8243587266300939 0.8229849547338015 0.821611182837509 0.8202374109412165 0.818863639044924 0.8174898671486315 0.816116095252339 0.8147423233560465 0.813368551459754 0.8119947795634614 0.8106210076671689 0.8092472357708764 0.8078734638745816 0.8064996919782891 0.8051259200819966 0.8037521481857042 0.8023783762894117 0.8010046043931192 0.7996308324968266 0.798298335910345 0.7970099635631234 0.7957215912159018 0.7944332188686801 0.7931448465214586 0.7918564741742369 0.7905681018270131 0.7892797294797914 0.7879913571325697 0.7867029847853482 0.7854146124381265 0.7841262400909048 0.7828378677436832 0.7815494953964616 0.78026112304924 0.7789727507020183
0.8390350471136225 0.8376258747090274 0.8362167023044322 0.8348075298998371 0.8333983574952419 0.8319891850906468 0.8305800126860516 0.8291708402814565 0.8277616678768589 0.8263524954722637 0.8249433230676686 0.8235341506630734 0.8221249782584783 0.8207158058538832 0.8193066334492879 0.8178974610446927 0.8164882886400976 0.8150791162355024 0.8136699438309073 0.8122607714263121 0.810851599021717 0.8094424266171194 0.8080332542125243 0.8066240818079291 0.805214909403334 0.8038057369987388 0.8023965645941437 0.8009873921895485 0.7996067335564371 0.7982565567896257 0.7969063800228143 0.795556203256003 0.7942060264891917 0.7928558497223803 0.7915056729555666 0.7901554961887554 0.788805319421944 0.7874551426551326 0.7861049658883212 0.78475478912151 0.7834046123546986 0.7820544355878872 0.7807042588210759 0.7793540820542646
0.8413474205305163 0.8399028476176185 0.8384582747047207 0.8370137017918228 0.835569128878925 0.8341245559660272 0.8326799830531294 0.8312354101402315 0.8297908372273313 0.8283462643144335 0.8269016914015357 0.8254571184886378 0.82401254557574 0.8225679726628422 0.8211233997499444 0.8196788268370465 0.8182342539241487 0.8167896810112509 0.8153451080983531 0.8139005351854554 0.8124559622725575 0.8110113893596572 0.8095668164467594 0.8081222435338615 0.8066776706209637 0.805233097708066 0.8037885247951682 0.8023439518822704 0.800915131202529 0.7995031500161279 0.798091168829727 0.7966791876433259 0.7952672064569248 0.7938552252705238 0.7924432440841203 0.7910312628977192 0.7896192817113182 0.7882073005249172 0.7867953193385161 0.785383338152115 0.783971356965714 0.7825593757793129 0.7811473945929118 0.7797354134065108
0.8436597939474101 0.8421798205262095 0.8406998471050091 0.8392198736838086 0.8377399002626081 0.8362599268414077 0.8347799534202072 0.8332999799990067 0.8318200065778037 0.8303400331566032 0.8288600597354028 0.8273800863142022 0.8259001128930018 0.8244201394718014 0.8229401660506008 0.8214601926294004 0.8199802192081999 0.8185002457869994 0.817020272365799 0.8155402989445985 0.814060325523398 0.812580352102195 0.8111003786809945 0.8096204052597941 0.8081404318385936 0.8066604584173931 0.8051804849961927 0.8037005115749921 0.802223528848621 0.8007497432426303 0.7992759576366395 0.7978021720306487 0.796328386424658 0.7948546008186672 0.7933808152126739 0.7919070296066831 0.7904332440006924 0.7889594583947016 0.7874856727887108 0.7860118871827201 0.7845381015767293 0.7830643159707386 0.7815905303647478 0.780116744758757
0.8459721673643038 0.8444567934348006 0.8429414195052976 0.8414260455757944 0.8399106716462913 0.8383952977167881 0.8368799237872849 0.8353645498577819 0.8338491759282761 0.8323338019987729 0.8308184280692699 0.8293030541397667 0.8277876802102636 0.8262723062807604 0.8247569323512572 0.8232415584217542 0.821726184492251 0.8202108105627479 0.8186954366332447 0.8171800627037415 0.8156646887742385 0.8141493148447327 0.8126339409152296 0.8111185669857265 0.8096031930562233 0.8080878191267201 0.806572445197217 0.8050570712677139 0.803531926494713 0.8019963364691324 0.8004607464435519 0.7989251564179715 0.797389566392391 0.7958539763668105 0.7943183863412274 0.792782796315647 0.7912472062900665 0.789711616264486 0.7881760262389056 0.7866404362133251 0.7851048461877446 0.7835692561621641 0.7820336661365836 0.7804980761110032
0.8482845407811995 0.8467337663433937 0.8451829919055879 0.843632217467782 0.8420814430299762 0.8405306685921704 0.8389798941543646 0.8374291197165588 0.8358783452787503 0.8343275708409444 0.8327767964031386 0.8312260219653328 0.829675247527527 0.8281244730897211 0.8265736986519153 0.8250229242141095 0.8234721497763036 0.8219213753384977 0.8203706009006919 0.8188198264628861 0.8172690520250803 0.8157182775872718 0.814167503149466 0.8126167287116601 0.8110659542738543 0.8095151798360485 0.8079644053982427 0.8064136309604368 0.804840324140806 0.8032429296956357 0.8016455352504654 0.8000481408052953 0.798450746360125 0.7968533519149548 0.7952559574697818 0.7936585630246116 0.7920611685794414 0.7904637741342712 0.7888663796891009 0.7872689852439306 0.7856715907987605 0.7840741963535902 0.78247680190842 0.7808794074632498
0.8505969141980932 0.8490107392519848 0.8474245643058763 0.8458383893597679 0.8442522144136594 0.8426660394675508 0.8410798645214423 0.8394936895753339 0.8379075146292226 0.8363213396831142 0.8347351647370057 0.8331489897908972 0.8315628148447888 0.8299766398986802 0.8283904649525717 0.8268042900064633 0.8252181150603548 0.8236319401142463 0.8220457651681378 0.8204595902220293 0.8188734152759208 0.8172872403298096 0.8157010653837011 0.8141148904375927 0.8125287154914842 0.8109425405453757 0.8093563655992672 0.8077701906531587 0.806148721786898 0.804489522922138 0.8028303240573781 0.8011711251926181 0.7995119263278582 0.7978527274630982 0.7961935285983355 0.7945343297335755 0.7928751308688156 0.7912159320040556 0.7895567331392956 0.7878975342745357 0.7862383354097757 0.7845791365450159 0.7829199376802559 0.781260738815496
0.8529092876149871 0.851287712160576 0.8496661367061648 0.8480445612517536 0.8464229857973425 0.8448014103429313 0.8431798348885202 0.841558259434109 0.8399366839796951 0.838315108525284 0.8366935330708728 0.8350719576164617 0.8334503821620506 0.8318288067076394 0.8302072312532283 0.828585655798817 0.8269640803444059 0.8253425048899948 0.8237209294355836 0.8220993539811725 0.8204777785267614 0.8188562030723474 0.8172346276179363 0.8156130521635252 0.813991476709114 0.8123699012547029 0.8107483258002917 0.8091267503458806 0.8074571194329899 0.8057361161486403 0.8040151128642906 0.802294109579941 0.8005731062955913 0.7988521030112417 0.7971310997268891 0.7954100964425395 0.7936890931581898 0.7919680898738402 0.7902470865894905 0.7885260833051408 0.7868050800207912 0.7850840767364415 0.7833630734520919 0.7816420701677422
0.8552216610318808 0.8535646850691669 0.8519077091064532 0.8502507331437393 0.8485937571810256 0.8469367812183117 0.845279805255598 0.8436228292928841 0.8419658533301675 0.8403088773674537 0.8386519014047399 0.8369949254420261 0.8353379494793123 0.8336809735165985 0.8320239975538847 0.8303670215911709 0.8287100456284571 0.8270530696657432 0.8253960937030295 0.8237391177403156 0.8220821417776019 0.8204251658148852 0.8187681898521714 0.8171112138894576 0.8154542379267438 0.81379726196403 0.8121402860013162 0.8104833100386024 0.808765517079082 0.8069827093751426 0.8051999016712031 0.8034170939672638 0.8016342862633244 0.7998514785593851 0.7980686708554428 0.7962858631515033 0.7945030554475639 0.7927202477436246 0.7909374400396852 0.7891546323357459 0.7873718246318065 0.7855890169278672 0.7838062092239277 0.7820234015199884
0.8575340344487745 0.8558416579777581 0.8541492815067416 0.8524569050357251 0.8507645285647087 0.8490721520936922 0.8473797756226757 0.8456873991516592 0.84399502268064 0.8423026462096235 0.840610269738607 0.8389178932675906 0.8372255167965741 0.8355331403255576 0.8338407638545412 0.8321483873835247 0.8304560109125082 0.8287636344414918 0.8270712579704753 0.8253788814994588 0.8236865050284423 0.821994128557423 0.8203017520864065 0.81860937561539 0.8169169991443737 0.8152246226733572 0.8135322462023407 0.8118398697313243 0.8100739147251739 0.8082293026016448 0.8063846904781158 0.8045400783545866 0.8026954662310576 0.8008508541075285 0.7990062419839963 0.7971616298604672 0.7953170177369382 0.793472405613409 0.79162779348988 0.789783181366351 0.7879385692428218 0.7860939571192928 0.7842493449957637 0.7824047328722347
0.8598464078656683 0.8581186308863492 0.8563908539070301 0.8546630769277109 0.8529352999483918 0.8512075229690728 0.8494797459897536 0.8477519690104345 0.8460241920311123 0.8442964150517933 0.8425686380724742 0.840840861093155 0.8391130841138359 0.8373853071345168 0.8356575301551976 0.8339297531758785 0.8322019761965594 0.8304741992172403 0.8287464222379212 0.827018645258602 0.8252908682792829 0.8235630912999609 0.8218353143206417 0.8201075373413226 0.8183797603620034 0.8166519833826843 0.8149242064033652 0.8131964294240461 0.8113823123712659 0.8094758958281472 0.8075694792850283 0.8056630627419096 0.8037566461987907 0.801850229655672 0.7999438131125499 0.7980373965694312 0.7961309800263123 0.7942245634831936 0.7923181469400749 0.790411730396956 0.7885053138538373 0.7865988973107184 0.7846924807675997 0.7827860642244808
0.8621587812825641 0.8603956037949422 0.8586324263073204 0.8568692488196986 0.8551060713320768 0.8533428938444549 0.8515797163568332 0.8498165388692114 0.8480533613815865 0.8462901838939647 0.8445270064063429 0.842763828918721 0.8410006514310993 0.8392374739434775 0.8374742964558557 0.8357111189682338 0.833947941480612 0.8321847639929902 0.8304215865053683 0.8286584090177466 0.8268952315301248 0.8251320540424999 0.8233688765548781 0.8216056990672563 0.8198425215796346 0.8180793440920127 0.8163161666043909 0.8145529891167691 0.8126907100173589 0.8107224890546504 0.8087542680919418 0.8067860471292333 0.8048178261665248 0.8028496052038162 0.8008813842411043 0.7989131632783958 0.7969449423156872 0.7949767213529787 0.7930085003902702 0.7910402794275616 0.7890720584648531 0.7871038375021445 0.785135616539436 0.7831673955767274
0.8644711546994578 0.8626725767035334 0.8608739987076088 0.8590754207116844 0.8572768427157599 0.8554782647198355 0.8536796867239109 0.8518811087279865 0.850082530732059 0.8482839527361344 0.84648537474021 0.8446867967442855 0.8428882187483611 0.8410896407524365 0.8392910627565121 0.8374924847605876 0.8356939067646632 0.8338953287687386 0.8320967507728142 0.8302981727768897 0.8284995947809652 0.8267010167850376 0.8249024387891132 0.8231038607931886 0.8213052827972642 0.8195067048013398 0.8177081268054153 0.8159095488094907 0.8139991076634508 0.8119690822811526 0.8099390568988544 0.8079090315165561 0.8058790061342578 0.8038489807519595 0.8018189553696579 0.7997889299873596 0.7977589046050614 0.7957288792227631 0.7936988538404648 0.7916688284581666 0.7896388030758683 0.7876087776935701 0.7855787523112718 0.7835487269289736
0.8667835281163516 0.8649495496121244 0.8631155711078973 0.8612815926036702 0.859447614099443 0.8576136355952159 0.8557796570909888 0.8539456785867616 0.8521117000825313 0.8502777215783043 0.8484437430740771 0.8466097645698499 0.8447757860656229 0.8429418075613957 0.8411078290571685 0.8392738505529415 0.8374398720487143 0.8356058935444871 0.83377191504026 0.8319379365360329 0.8301039580318057 0.8282699795275754 0.8264360010233484 0.8246020225191212 0.822768044014894 0.8209340655106669 0.8191000870064398 0.8172661085022126 0.8153075053095429 0.8132156755076548 0.8111238457057669 0.809032015903879 0.806940186101991 0.804848356300103 0.8027565264982115 0.8006646966963236 0.7985728668944355 0.7964810370925476 0.7943892072906596 0.7922973774887717 0.7902055476868837 0.7881137178849957 0.7860218880831078 0.7839300582812199
