Figures/CREST_Example_wjb_NSE/PETs/wjb.pet.20100601.asc
ncols            288
nrows            254
xllcorner        113.274861
yllcorner        31.4918055
cellsize         0.008333333333
NODATA_value     -9999
[rows 40 to 59 of 254, columns 0 to 43 of 288]
-9999.0 -9999.0 -9999.0 -9999.0 -9999.0 -9999.0 -9999.0 -9999.0 -9999.0 -9999.0 -9999.0 -9999.0 -9999.0 -9999.0 2.72791443617714 2.7284228077792774 2.728931179381415 2.7294395509835523 2.7299479225856897 2.730456294187827 2.7309646657899647 2.731473037392102 2.7319814089942396 2.732489780596377 2.7329981521985145 2.733506523800652 2.7340148954027903 2.7345232670049278 2.735031638607065 2.7355400102092027 2.73604838181134 2.7365567534134776 2.737065125015615 2.7375734966177525 2.73808186821989 2.7385902398220274 2.739098611424165 2.7396069830263023 2.74011535462844 2.7406237262305777 2.741132097832715 2.7416404694348526 2.741986530033507 2.74215907650106
-9999.0 -9999.0 -9999.0 -9999.0 -9999.0 -9999.0 -9999.0 -9999.0 -9999.0 -9999.0 -9999.0 -9999.0 -9999.0 -9999.0 -9999.0 2.7281323322123554 2.728537692667131 2.7289430531219065 2.729348413576682 2.7297537740314577 2.730159134486233 2.7305644949410084 2.730969855395784 2.7313752158505595 2.731780576305335 2.7321859367601107 2.7325912972148867 2.7329966576696623 2.733402018124438 2.7338073785792134 2.734212739033989 2.7346180994887646 2.7350234599435397 2.7354288203983153 2.735834180853091 2.7362395413078664 2.736644901762642 2.7370502622174175 2.737455622672193 2.737860983126969 2.7382663435817447 2.7386717040365203 2.739036076243143 2.7393566310861184
-9999.0 -9999.0 -9999.0 -9999.0 -9999.0 -9999.0 -9999.0 -9999.0 -9999.0 -9999.0 -9999.0 -9999.0 -9999.0 -9999.0 -9999.0 2.7278418566454334 2.7281442059528467 2.7284465552602604 2.728748904567674 2.7290512538750877 2.7293536031825014 2.729655952489915 2.7299583017973283 2.730260651104742 2.7305630004121557 2.7308653497195694 2.7311676990269835 2.731470048334397 2.7317723976418105 2.732074746949224 2.732377096256638 2.7326794455640515 2.732981794871465 2.7332841441788784 2.733586493486292 2.733888842793706 2.7341911921011195 2.734493541408533 2.7347958907159464 2.7350982400233605 2.7354005893307742 2.735702938638188 2.736085622452779 2.7365541856711775
-9999.0 -9999.0 -9999.0 -9999.0 -9999.0 -9999.0 -9999.0 -9999.0 -9999.0 -9999.0 -9999.0 -9999.0 -9999.0 -9999.0 -9999.0 -9999.0 2.727750719238563 2.7279500573986146 2.728149395558666 2.7283487337187178 2.7285480718787696 2.728747410038821 2.7289467481988727 2.7291460863589245 2.7293454245189763 2.7295447626790277 2.72974410083908 2.7299434389991317 2.730142777159183 2.730342115319235 2.7305414534792867 2.730740791639338 2.73094012979939 2.7311394679594416 2.7313388061194934 2.7315381442795448 2.7317374824395966 2.7319368205996484 2.7321361587596997 2.732335496919752 2.7325348350798038 2.732734173239855 2.733135168662415 2.7337517402562357
-9999.0 -9999.0 -9999.0 -9999.0 -9999.0 -9999.0 -9999.0 -9999.0 -9999.0 -9999.0 -9999.0 -9999.0 -9999.0 -9999.0 -9999.0 -9999.0 -9999.0 2.727453559536969 2.7275498865496584 2.7276462135623483 2.7277425405750377 2.7278388675877276 2.7279351946004176 2.728031521613107 2.728127848625797 2.7282241756384864 2.7283205026511763 2.7284168296638662 2.728513156676556 2.7286094836892456 2.7287058107019355 2.728802137714625 2.728898464727315 2.728994791740005 2.7290911187526943 2.729187445765384 2.7292837727780737 2.7293800997907636 2.7294764268034535 2.729572753816143 2.729669080828833 2.7297654078415228 2.7301847148720513 2.7309492948412943
-9999.0 -9999.0 -9999.0 -9999.0 -9999.0 -9999.0 -9999.0 -9999.0 -9999.0 -9999.0 -9999.0 -9999.0 -9999.0 -9999.0 -9999.0 -9999.0 -9999.0 2.7269570616753227 2.7269503775406507 2.7269436934059783 2.7269370092713063 2.726930325136634 2.726923641001962 2.7269169568672895 2.7269102727326175 2.726903588597945 2.726896904463273 2.7268902203286007 2.7268835361939288 2.726876852059257 2.7268701679245844 2.7268634837899124 2.72685679965524 2.726850115520568 2.7268434313858956 2.7268367472512236 2.726830063116551 2.726823378981879 2.726816694847207 2.726810010712535 2.7268033265778624 2.7267966424431904 2.7272342610816875 2.728146849426353
-9999.0 -9999.0 -9999.0 -9999.0 -9999.0 -9999.0 -9999.0 -9999.0 -9999.0 -9999.0 -9999.0 -9999.0 -9999.0 -9999.0 -9999.0 -9999.0 -9999.0 -9999.0 2.726350868531642 2.726241173249608 2.7261314779675736 2.7260217826855393 2.7259120874035054 2.725802392121471 2.725692696839437 2.7255830015574025 2.725473306275368 2.725363610993334 2.7252539157113 2.7251442204292657 2.7250345251472314 2.724924829865197 2.7248151345831633 2.724705439301129 2.7245957440190947 2.7244860487370604 2.7243763534550265 2.724266658172992 2.724156962890958 2.7240472676089236 2.7239375723268893 2.723827877044855 2.7242838072913207 2.725344404011409
-9999.0 -9999.0 -9999.0 -9999.0 -9999.0 -9999.0 -9999.0 -9999.0 -9999.0 -9999.0 -9999.0 -9999.0 -9999.0 -9999.0 -9999.0 -9999.0 -9999.0 -9999.0 2.7257513595226346 2.7255386530932384 2.725325946663842 2.725113240234446 2.72490053380505 2.724687827375654 2.724475120946258 2.7242624145168617 2.724049708087465 2.723837001658069 2.7236242952286727 2.723411588799277 2.7231988823698807 2.7229861759404845 2.7227734695110883 2.722560763081692 2.722348056652296 2.7221353502229 2.721922643793504 2.721709937364108 2.7214972309347116 2.721284524505315 2.7210718180759192 2.720859111646523 2.721333353500957 2.722541958596468
-9999.0 -9999.0 -9999.0 -9999.0 -9999.0 -9999.0 -9999.0 -9999.0 -9999.0 -9999.0 -9999.0 -9999.0 -9999.0 -9999.0 -9999.0 -9999.0 -9999.0 -9999.0 -9999.0 2.7248361329368684 2.7245204153601104 2.7242046977833523 2.723888980206594 2.723573262629836 2.723257545053078 2.72294182747632 2.7226261098995614 2.7223103923228034 2.7219946747460453 2.721678957169287 2.721363239592529 2.7210475220157715 2.7207318044390134 2.7204160868622553 2.7201003692854973 2.719784651708739 2.719468934131981 2.719153216555223 2.718837498978465 2.7185217814017064 2.7182060638249483 2.7178903462481903 2.7183828997105928 2.7197395131815267
-9999.0 -9999.0 -9999.0 -9999.0 -9999.0 -9999.0 -9999.0 -9999.0 -9999.0 -9999.0 -9999.0 -9999.0 -9999.0 -9999.0 -9999.0 -9999.0 -9999.0 -9999.0 -9999.0 2.7241336127804985 2.7237148840563785 2.7232961553322586 2.7228774266081386 2.7224586978840186 2.7220399691598987 2.7216212404357787 2.7212025117116583 2.7207837829875383 2.7203650542634183 2.7199463255392984 2.7195275968151784 2.7191088680910585 2.7186901393669385 2.7182714106428185 2.7178526819186986 2.7174339531945786 2.7170152244704586 2.7165964957463387 2.7161777670222187 2.715759038298098 2.715340309573978 2.714921580849858 2.715432445920229 2.7169370677665854
-9999.0 -9999.0 -9999.0 -9999.0 -9999.0 -9999.0 -9999.0 -9999.0 -9999.0 -9999.0 -9999.0 -9999.0 -9999.0 -9999.0 -9999.0 -9999.0 -9999.0 -9999.0 -9999.0 -9999.0 -9999.0 -9999.0 -9999.0 2.7213441331382016 2.7208223932667197 2.7203006533952374 2.7197789135237547 2.719257173652273 2.718735433780791 2.718213693909309 2.7176919540378273 2.7171702141663454 2.7166484742948636 2.7161267344233817 2.7156049945518994 2.7150832546804176 2.7145615148089357 2.714039774937454 2.713518035065972 2.7129962951944893 2.7124745553230074 2.7119528154515256 2.7124819921298653 2.714134622351644
-9999.0 -9999.0 -9999.0 -9999.0 -9999.0 -9999.0 -9999.0 -9999.0 -9999.0 -9999.0 -9999.0 -9999.0 -9999.0 -9999.0 -9999.0 -9999.0 -9999.0 -9999.0 -9999.0 -9999.0 -9999.0 -9999.0 -9999.0 2.720229568392384 2.7196048173735403 2.718980066354696 2.7183553153358515 2.7177305643170078 2.717105813298164 2.71648106227932 2.715856311260476 2.7152315602416324 2.7146068092227886 2.713982058203945 2.7133573071851007 2.712732556166257 2.7121078051474132 2.7114830541285695 2.7108583031097258 2.7102335520908807 2.709608801072037 2.708984050053193 2.7095315383395016 2.7113321769367027
-9999.0 -9999.0 -9999.0 -9999.0 -9999.0 -9999.0 -9999.0 -9999.0 -9999.0 -9999.0 -9999.0 -9999.0 -9999.0 -9999.0 -9999.0 -9999.0 -9999.0 -9999.0 -9999.0 -9999.0 -9999.0 -9999.0 -9999.0 -9999.0 -9999.0 2.717659479314155 2.716931717147948 2.7162039549817423 2.715476192815536 2.7147484306493306 2.714020668483125 2.7132929063169193 2.7125651441507133 2.7118373819845076 2.711109619818302 2.7103818576520964 2.7096540954858903 2.7089263333196847 2.708198571153479 2.707470808987272 2.706743046821066 2.7060152846548604 2.7065810845491374 2.7085297315217614
-9999.0 -9999.0 -9999.0 -9999.0 -9999.0 -9999.0 -9999.0 -9999.0 -9999.0 -9999.0 -9999.0 -9999.0 -9999.0 -9999.0 -9999.0 -9999.0 -9999.0 -9999.0 -9999.0 -9999.0 -9999.0 -9999.0 -9999.0 -9999.0 -9999.0 2.7163388922736127 2.7155081189600434 2.714677345646476 2.713846572332908 2.71301579901934 2.7121850257057725 2.7113542523922045 2.710523479078637 2.709692705765069 2.7088619324515015 2.7080311591379336 2.707200385824366 2.706369612510798 2.70553883919723 2.7047080658836613 2.7038772925700933 2.703046519256526 2.703630630758771 2.705727286106818
-9999.0 -9999.0 -9999.0 -9999.0 -9999.0 -9999.0 -9999.0 -9999.0 -9999.0 -9999.0 -9999.0 -9999.0 -9999.0 -9999.0 -9999.0 -9999.0 -9999.0 -9999.0 -9999.0 -9999.0 -9999.0 -9999.0 -9999.0 -9999.0 -9999.0 2.715018305233071 2.71408452077214 2.7131507363112104 2.7122169518502806 2.7112831673893507 2.7103493829284213 2.7094155984674915 2.7084818140065616 2.7075480295456322 2.7066142450847024 2.7056804606237725 2.704746676162843 2.7038128917019133 2.7028791072409835 2.7019453227800523 2.701011538319123 2.700077753858193 2.700680176968407 2.702924840691876
-9999.0 -9999.0 -9999.0 -9999.0 -9999.0 -9999.0 -9999.0 -9999.0 -9999.0 -9999.0 -9999.0 -9999.0 -9999.0 -9999.0 -9999.0 -9999.0 -9999.0 -9999.0 -9999.0 -9999.0 2.718881696233988 2.717844900625696 2.7168081050174044 2.7157713094091127 2.7147345138008214 2.7136977181925297 2.712660922584236 2.711624126975945 2.710587331367653 2.7095505357593614 2.7085137401510697 2.7074769445427784 2.7064401489344867 2.705403353326195 2.7043665577179032 2.703329762109612 2.7022929665013202 2.7012561708930285 2.7002193752847368 2.6991825796764437 2.698145784068152 2.6971089884598602 2.697729723178043 2.7001223952769347
-9999.0 -9999.0 -9999.0 -9999.0 -9999.0 -9999.0 -9999.0 -9999.0 -9999.0 -9999.0 -9999.0 -9999.0 -9999.0 -9999.0 -9999.0 -9999.0 -9999.0 -9999.0 -9999.0 2.71921597168591 2.7180761649302565 2.716936358174603 2.7157965514189493 2.7146567446632957 2.713516937907642 2.712377131151989 2.711237324396333 2.71009751764068 2.7089577108850262 2.7078179041293726 2.706678097373719 2.7055382906180654 2.7043984838624118 2.7032586771067586 2.702118870351105 2.7009790635954514 2.6998392568397978 2.698699450084144 2.6975596433284905 2.696419836572835 2.6952800298171815 2.694140223061528 2.6947792693876793 2.6973199498619937
-9999.0 -9999.0 -9999.0 -9999.0 -9999.0 -9999.0 -9999.0 -9999.0 -9999.0 -9999.0 -9999.0 -9999.0 -9999.0 -9999.0 -9999.0 -9999.0 -9999.0 2.7209990873355707 2.7197562694325557 2.71851345152954 2.7172706336265247 2.716027815723509 2.7147849978204937 2.713542179917478 2.7122993620144626 2.711056544111447 2.7098137262084294 2.708570908305414 2.707328090402399 2.7060852724993834 2.704842454596368 2.7035996366933523 2.702356818790337 2.7011140008873213 2.699871182984306 2.6986283650812903 2.697385547178275 2.6961427292752593 2.694899911372244 2.6936570934692265 2.692414275566211 2.6911714576631955 2.691828815597315 2.694517504447052
-9999.0 -9999.0 -9999.0 -9999.0 -9999.0 -9999.0 -9999.0 -9999.0 -9999.0 -9999.0 -9999.0 -9999.0 -9999.0 -9999.0 -9999.0 2.721770681157753 2.720558144511406 2.7193456078650593 2.718133071218712 2.7169205345723655 2.7157079979260184 2.7144954612796712 2.7132829246333245 2.7120703879869774 2.7108578513406307 2.7096453146942836 2.7084327780479347 2.7072202414015876 2.706007704755241 2.7047951681088938 2.703582631462547 2.7023700948162 2.7011575581698533 2.699945021523506 2.6987324848771594 2.6975199482308123 2.696307411584465 2.6950948749381185 2.6938823382917714 2.6926698016454225 2.6914572649990753 2.6902447283527287 2.690936736502601 2.6936647460840937
-9999.0 -9999.0 -9999.0 -9999.0 -9999.0 -9999.0 -9999.0 -9999.0 -9999.0 -9999.0 -9999.0 -9999.0 -9999.0 -9999.0 2.719574710649179 2.7185349364348737 2.717495162220568 2.7164553880062625 2.715415613791957 2.7143758395776514 2.713336065363346 2.7122962911490403 2.7112565169347347 2.7102167427204287 2.709176968506123 2.7081371942918175 2.70709742007751 2.7060576458632046 2.705017871648899 2.7039780974345935 2.702938323220288 2.7018985490059824 2.700858774791677 2.6998190005773712 2.6987792263630657 2.69773945214876 2.6966996779344545 2.6956599037201485 2.694620129505843 2.6935803552915356 2.69254058107723 2.6915008068629245 2.6922449301700664 2.6948960802453583
