Figures/CREST_Example_wjb_NSE/PETs/wjb.pet.20090827.asc
ncols            288
nrows            254
xllcorner        113.274861
yllcorner        31.4918055
cellsize         0.008333333333
NODATA_value     -9999
[rows 140 to 159 of 254, columns 220 to 263 of 288]
3.147927739569134 3.146976672970681 3.1474642818529253 3.149489867383764 3.151515452914602 3.1535410384454408 3.155566623976279 3.1575922095071176 3.159617795037956 3.161643380568794 3.1636689660996327 3.165694551630471 3.1677201371613095 3.1697457226921477 3.1717713082229895 3.173796893753828 3.1758224792846663 3.177848064815505 3.179873650346343 3.1818992358771814 3.18392482140802 3.1859504069388582 3.187975992469697 3.190001578000535 3.1920271635313733 3.194052749062212 3.19607833459305 3.198103920123892 3.2001295056547305 3.2021550911855687 3.2041806767164074 3.2062062622472456 3.2090571200022215 3.212790212446388 3.2165233048905546 3.220256397334721 3.223989489778887 3.2277225822230537 3.2314556746672203 3.235188767111387 3.2389218595555596 3.242654951999726 3.2463880444438926 3.250121136888059
3.1526257436046894 3.1515445998845757 3.151943016556063 3.1539231167711956 3.1559032169863284 3.157883317201461 3.159863417416594 3.161843517631727 3.1638236178468597 3.1658037180619925 3.167783818277125 3.169763918492258 3.171744018707391 3.173724118922524 3.17570421913766 3.177684319352793 3.1796644195679256 3.1816445197830583 3.183624619998191 3.1856047202133237 3.187584820428457 3.1895649206435897 3.1915450208587224 3.193525121073855 3.195505221288988 3.197485321504121 3.1994654217192537 3.20144552193439 3.2034256221495228 3.2054057223646555 3.207385822579788 3.209365922794921 3.212171928136337 3.2158608447536636 3.2195497613709905 3.2232386779883173 3.226927594605644 3.230616511222971 3.234305427840298 3.2379943444576247 3.241683261074958 3.245372177692285 3.249061094309612 3.2527500109269387
3.157323747640245 3.156112526798471 3.1564217512592005 3.158356366158628 3.160290981058055 3.162225595957482 3.164160210856909 3.1660948257563364 3.1680294406557636 3.169964055555191 3.171898670454618 3.1738332853540454 3.1757679002534727 3.1777025151529 3.1796371300523303 3.1815717449517575 3.183506359851185 3.185440974750612 3.1873755896500393 3.1893102045494666 3.191244819448894 3.193179434348321 3.1951140492477483 3.1970486641471756 3.198983279046603 3.20091789394603 3.2028525088454574 3.2047871237448877 3.206721738644315 3.2086563535437422 3.2105909684431695 3.2125255833425967 3.2152867362704525 3.2189314770609396 3.222576217851427 3.226220958641914 3.229865699432401 3.2335104402228882 3.237155181013376 3.240799921803863 3.2444446625943564 3.2480894033848435 3.2517341441753307 3.255378884965818
3.162021751675801 3.1606804537123656 3.1609004859623377 3.162789615546059 3.164678745129781 3.1665678747135027 3.1684570042972244 3.1703461338809458 3.1722352634646676 3.1741243930483893 3.1760135226321107 3.1779026522158325 3.1797917817995542 3.181680911383276 3.183570040967001 3.1854591705507223 3.187348300134444 3.189237429718166 3.191126559301887 3.193015688885609 3.1949048184693307 3.1967939480530525 3.198683077636774 3.2005722072204956 3.2024613368042174 3.2043504663879387 3.2062395959716605 3.2081287255553854 3.210017855139107 3.211906984722829 3.2137961143065503 3.215685243890272 3.2184015444045677 3.222002109368215 3.2256026743318627 3.2292032392955106 3.232803804259158 3.2364043692228055 3.2400049341864534 3.243605499150101 3.2472060641137546 3.250806629077402 3.25440719404105 3.2580077590046974
3.16671975571136 3.1652483806262643 3.165379220665479 3.167222864933495 3.169066509201511 3.170910153469527 3.172753797737543 3.174597442005559 3.176441086273575 3.1782847305415913 3.180128374809607 3.181972019077623 3.1838156633456394 3.1856593076136552 3.1875029518816747 3.1893465961496905 3.1911902404177064 3.1930338846857227 3.1948775289537386 3.196721173221755 3.1985648174897707 3.2004084617577866 3.202252106025803 3.2040957502938188 3.2059393945618346 3.207783038829851 3.209626683097867 3.2114703273658862 3.213313971633902 3.2151576159019184 3.2170012601699343 3.21884490443795 3.2215163525386856 3.225072741675494 3.2286291308123016 3.2321855199491094 3.2357419090859176 3.2392982982227254 3.242854687359533 3.2464110764963414 3.2499674656331554 3.253523854769963 3.257080243906771 3.260636633043579
3.1714177597469155 3.169816307540159 3.169857955368616 3.1716561143209265 3.173454273273237 3.1752524322255473 3.177050591177858 3.1788487501301685 3.180646909082479 3.1824450680347893 3.1842432269870997 3.18604138593941 3.187839544891721 3.1896377038440313 3.191435862796345 3.1932340217486552 3.1950321807009656 3.196830339653276 3.1986284986055864 3.2004266575578972 3.2022248165102076 3.204022975462518 3.2058211344148284 3.207619293367139 3.2094174523194496 3.21121561127176 3.2130137702240704 3.214811929176384 3.2166100881286943 3.2184082470810047 3.220206406033315 3.222004564985626 3.224631160672801 3.2281433739827694 3.2316555872927375 3.235167800602706 3.238680013912674 3.2421922272226427 3.2457044405326108 3.2492166538425793 3.2527288671525536 3.2562410804625217 3.2597532937724902 3.2632655070824583
3.176115763782471 3.174384234454054 3.1743366900717533 3.1760893637083583 3.177842037344963 3.179594710981568 3.181347384618173 3.1831000582547775 3.1848527318913824 3.1866054055279873 3.1883580791645922 3.190110752801197 3.191863426437802 3.193616100074407 3.195368773711015 3.19712144734762 3.1988741209842244 3.2006267946208293 3.2023794682574342 3.204132141894039 3.205884815530644 3.207637489167249 3.209390162803854 3.211142836440459 3.2128955100770638 3.2146481837136687 3.2164008573502736 3.218153530986881 3.219906204623486 3.221658878260091 3.223411551896696 3.225164225533301 3.227745968806916 3.2312140062900445 3.2346820437731734 3.238150081256302 3.2416181187394306 3.2450861562225595 3.2485541937056883 3.2520222311888167 3.2554902686719513 3.25895830615508 3.262426343638209 3.2658943811213375
3.1808137678180266 3.178952161367949 3.178815424774891 3.1805226130957904 3.1822298014166894 3.183936989737589 3.1856441780584883 3.1873513663793873 3.1890585547002868 3.190765743021186 3.192472931342085 3.1941801196629847 3.195887307983884 3.197594496304783 3.199301684625685 3.2010088729465846 3.202716061267484 3.204423249588383 3.2061304379092825 3.207837626230182 3.209544814551081 3.2112520028719804 3.21295919119288 3.214666379513779 3.2163735678346783 3.2180807561555778 3.2197879444764768 3.2214951327973793 3.2232023211182783 3.2249095094391778 3.226616697760077 3.228323886080976 3.2308607769410314 3.2342846385973205 3.2377085002536097 3.2411323619098984 3.2445562235661876 3.2479800852224767 3.251403946878766 3.254827808535055 3.2582516701913495 3.2616755318476387 3.265099393503928 3.268523255160217
3.1811838822626144 3.1793102265346116 3.1791576191313538 3.180844851337564 3.1825320835437743 3.1842193157499845 3.1859065479561948 3.1875937801624046 3.189281012368615 3.190968244574825 3.1926554767810353 3.1943427089872456 3.196029941193456 3.1977171733996657 3.199404405605879 3.2010916378120893 3.202778870018299 3.2044661022245093 3.2061533344307196 3.20784056663693 3.20952779884314 3.21121503104935 3.21290226325556 3.2145894954617704 3.2162767276679807 3.217963959874191 3.219651192080401 3.221338424286614 3.2230256564928244 3.2247128886990346 3.2264001209052444 3.2280873531114547 3.230585535898802 3.2339506432147753 3.2373157505307484 3.2406808578467214 3.244045965162695 3.247411072478668 3.250776179794641 3.2541412871106146 3.2575063944265934 3.2608715017425665 3.26423660905854 3.267601716374513
3.176927755555812 3.1751682148746023 3.1750781126163092 3.1767726778144083 3.178467243012507 3.1801618082106056 3.1818563734087046 3.1835509386068033 3.185245503804902 3.1869400690030005 3.1886346342010996 3.1903291993991982 3.192023764597297 3.193718329795396 3.1954128949934972 3.1971074601915963 3.198802025389695 3.2004965905877936 3.2021911557858926 3.2038857209839913 3.20558028618209 3.207274851380189 3.2089694165782876 3.2106639817763862 3.212358546974485 3.214053112172584 3.2157476773706826 3.2174422425687843 3.219136807766883 3.2208313729649816 3.2225259381630806 3.2242205033611793 3.226686545988863 3.229977315452614 3.233268084916365 3.236558854380116 3.239849623843867 3.2431403933076184 3.2464311627713696 3.2497219322351207 3.2530127016988772 3.2563034711626284 3.2595942406263796 3.2628850100901308
3.1726716288490064 3.1710262032145895 3.170998606101261 3.1727005042912486 3.174402402481236 3.1761043006712235 3.177806198861211 3.179508097051198 3.1812099952411854 3.182911893431173 3.1846137916211603 3.1863156898111478 3.1880175880011348 3.189719486191122 3.191421384381113 3.1931232825711 3.1948251807610872 3.1965270789510747 3.198228977141062 3.1999308753310496 3.2016327735210366 3.203334671711024 3.2050365699010115 3.206738468090999 3.2084403662809864 3.2101422644709734 3.211844162660961 3.2135460608509514 3.2152479590409384 3.216949857230926 3.2186517554209133 3.2203536536109008 3.2227875560789205 3.2260039876904494 3.2292204193019782 3.2324368509135075 3.2356532825250364 3.238869714136565 3.242086145748094 3.2453025773596234 3.2485190089711575 3.251735440582687 3.2549518721942157 3.2581683038057445
3.1684155021422042 3.1668841915545802 3.1669190995862166 3.168628330768093 3.1703375619499687 3.1720467931318446 3.1737560243137204 3.1754652554955967 3.1771744866774725 3.1788837178593483 3.180592949041224 3.1823021802231004 3.1840114114049762 3.185720642586852 3.187429873768731 3.189139104950607 3.1908483361324826 3.192557567314359 3.1942667984962347 3.1959760296781106 3.1976852608599864 3.1993944920418627 3.2011037232237385 3.2028129544056143 3.20452218558749 3.2062314167693664 3.2079406479512422 3.209649879133121 3.211359110314997 3.213068341496873 3.2147775726787486 3.216486803860625 3.218888566168981 3.2220306599282877 3.2251727536875947 3.2283148474469012 3.231456941206208 3.234599034965515 3.237741128724822 3.240883222484129 3.2440253162434414 3.247167410002748 3.250309503762055 3.253451597521362
3.164159375435402 3.162742179894571 3.1628395930711726 3.1645561572449368 3.1662727214187014 3.167989285592466 3.1697058497662303 3.171422413939995 3.1731389781137596 3.174855542287524 3.1765721064612884 3.178288670635053 3.1800052348088177 3.181721798982582 3.1834383631563496 3.185154927330114 3.1868714915038785 3.188588055677643 3.190304619851408 3.192021184025172 3.1937377481989366 3.1954543123727013 3.1971708765464655 3.19888744072023 3.2006040048939948 3.202320569067759 3.2040371332415236 3.2057536974152914 3.2074702615890556 3.20918682576282 3.210903389936585 3.212619954110349 3.2149895762590415 3.2180573321661265 3.221125088073211 3.224192843980296 3.227260599887381 3.2303283557944655 3.23339611170155 3.2364638676086352 3.239531623515725 3.24259937942281 3.245667135329895 3.2487348912369796
3.1599032487286 3.158600168234562 3.158760086556128 3.160483983721781 3.162207880887434 3.163931778053087 3.16565567521874 3.1673795723843936 3.1691034695500466 3.1708273667156996 3.1725512638813527 3.1742751610470057 3.1759990582126587 3.177722955378312 3.179446852543968 3.1811707497096213 3.1828946468752743 3.1846185440409274 3.1863424412065804 3.1880663383722334 3.1897902355378864 3.19151413270354 3.193238029869193 3.194961927034846 3.196685824200499 3.198409721366152 3.2001336185318054 3.201857515697461 3.2035814128631146 3.2053053100287676 3.2070292071944206 3.2087531043600737 3.211090586349102 3.214084004403965 3.2170774224588277 3.2200708405136904 3.223064258568553 3.226057676623416 3.2290510946782787 3.2320445127331414 3.235037930788009 3.238031348842872 3.2410247668977346 3.2440181849525973
3.1556471220217976 3.154458156574553 3.1546805800410835 3.156411810198625 3.1581430403561668 3.1598742705137086 3.16160550067125 3.163336730828792 3.1650679609863337 3.166799191143875 3.168530421301417 3.1702616514589588 3.1719928816165 3.173724111774042 3.1754553419315865 3.1771865720891284 3.1789178022466698 3.1806490324042116 3.1823802625617534 3.184111492719295 3.1858427228768367 3.1875739530343785 3.18930518319192 3.1910364133494618 3.1927676435070036 3.194498873664545 3.196230103822087 3.1979613339796313 3.199692564137173 3.201423794294715 3.2031550244522564 3.2048862546097983 3.2071915964391633 3.2101106766418037 3.2130297568444446 3.215948837047085 3.2188679172497254 3.2217869974523663 3.2247060776550067 3.2276251578576476 3.230544238060293 3.2334633182629338 3.236382398465574 3.239301478668215
3.1513909953149954 3.1503161449145436 3.150601073526039 3.1523396366754692 3.1540781998248995 3.1558167629743297 3.15755532612376 3.15929388927319 3.1610324524226203 3.162771015572051 3.164509578721481 3.1662481418709114 3.1679867050203416 3.169725268169772 3.171463831319205 3.1732023944686354 3.1749409576180656 3.176679520767496 3.178418083916926 3.1801566470663567 3.181895210215787 3.183633773365217 3.1853723365146474 3.1871108996640776 3.188849462813508 3.190588025962938 3.192326589112368 3.1940651522618015 3.1958037154112318 3.197542278560662 3.1992808417100926 3.201019404859523 3.203292606529224 3.2061373488796425 3.208982091230061 3.2118268335804796 3.214671575930898 3.2175163182813167 3.220361060631735 3.2232058029821538 3.226050545332577 3.2288952876829957 3.2317400300334143 3.234584772383833
3.1471348686081937 3.1461741332545348 3.146521567010995 3.1482674631523135 3.1500133592936326 3.151759255434951 3.15350515157627 3.1552510477175892 3.156996943858908 3.158742840000227 3.1604887361415455 3.1622346322828645 3.163980528424183 3.165726424565502 3.167472320706824 3.169218216848143 3.1709641129894615 3.1727100091307805 3.174455905272099 3.176201801413418 3.177947697554737 3.1796935936960558 3.181439489837375 3.1831853859786934 3.1849312821200124 3.186677178261331 3.18842307440265 3.1901689705439717 3.191914866685291 3.1936607628266094 3.1954066589679284 3.197152555109247 3.1993936166192847 3.2021640211174813 3.2049344256156775 3.207704830113874 3.2104752346120704 3.213245639110267 3.2160160436084633 3.21878644810666 3.221556852604861 3.2243272571030577 3.227097661601254 3.2298680660994505
3.142878741901388 3.142032121594522 3.142442060495947 3.1441952896291543 3.1459485187623617 3.147701747895569 3.1494549770287765 3.151208206161984 3.1529614352951914 3.1547146644283988 3.156467893561606 3.1582211226948136 3.159974351828021 3.1617275809612284 3.163480810094439 3.1652340392276463 3.1669872683608538 3.168740497494061 3.1704937266272686 3.172246955760476 3.1740001848936834 3.175753414026891 3.1775066431600982 3.1792598722933056 3.181013101426513 3.1827663305597205 3.184519559692928 3.1862727888261384 3.188026017959346 3.1897792470925532 3.1915324762257606 3.193285705358968 3.195494626709342 3.198190693355316 3.2008867600012905 3.203582826647265 3.206278893293239 3.2089749599392134 3.2116710265851878 3.214367093231162 3.217063159877141 3.219759226523115 3.2224552931690895 3.225151359815064
3.1386226151945857 3.1378901099345127 3.1383625539809024 3.140123116105998 3.1418836782310944 3.14364424035619 3.1454048024812864 3.147165364606382 3.1489259267314784 3.150686488856574 3.1524470509816704 3.1542076131067662 3.1559681752318625 3.1577287373569582 3.1594892994820576 3.1612498616071534 3.1630104237322496 3.1647709858573454 3.1665315479824416 3.1682921101075374 3.1700526722326337 3.1718132343577294 3.1735737964828257 3.1753343586079215 3.1770949207330177 3.1788554828581135 3.1806160449832097 3.1823766071083086 3.184137169233405 3.1858977313585006 3.1876582934835964 3.1894188556086926 3.1915956367994025 3.194217365593155 3.196839094386907 3.1994608231806594 3.2020825519744114 3.204704280768164 3.207326009561916 3.2099477383556683 3.2125694671494247 3.215191195943177 3.217812924736929 3.2204346535306816
3.1343664884877835 3.133748098274504 3.134283047465858 3.1360509425828424 3.137818837699827 3.1395867328168117 3.1413546279337963 3.143122523050781 3.1448904181677655 3.14665831328475 3.1484262084017347 3.1501941035187193 3.151961998635704 3.1537298937526885 3.155497788869676 3.1572656839866604 3.159033579103645 3.1608014742206296 3.1625693693376142 3.164337264454599 3.1661051595715834 3.167873054688568 3.1696409498055527 3.1714088449225373 3.173176740039522 3.1749446351565065 3.176712530273491 3.178480425390479 3.1802483205074634 3.182016215624448 3.1837841107414326 3.1855520058584172 3.1876966468894636 3.1902440378309938 3.192791428772524 3.195338819714054 3.197886210655584 3.200433601597114 3.2029809925386443 3.2055283834801744 3.208075774421709 3.210623165363239 3.213170556304769 3.2157179472462993
