Figures/CREST_Example_wjb_NSE/PETs/wjb.pet.20100828.asc
ncols            288
nrows            254
xllcorner        113.274861
yllcorner        31.4918055
cellsize         0.008333333333
NODATA_value     -9999
[rows 160 to 179 of 254, columns 88 to 131 of 288]
3.246494860825636 3.243665127391238 3.2408353939568397 3.238005660522437 3.2351759270880387 3.232346193653641 3.229516460219243 3.2266867267848447 3.223856993350447 3.2210272599160485 3.2181975264816507 3.2153677930472524 3.2125380596128545 3.2097083261784567 3.2074868944637447 3.2059157510418075 3.204344607619868 3.202773464197931 3.2012023207759936 3.199631177354057 3.1980600339321197 3.1964888905101825 3.1949177470882453 3.1933466036663085 3.1917754602443713 3.190204316822434 3.1886331734004973 3.18706202997856 3.185490886556623 3.1839197431346835 3.1823485997127463 3.180777456290809 3.1792063128688723 3.177635169446935 3.176064026024998 3.174492882603061 3.172921739181124 3.1713505957591868 3.1697794523372496 3.168208308915313 3.1666371654933756 3.1650660220714384 3.163494878649499 3.1619237352275618
3.246810448190604 3.243951790291438 3.241093132392272 3.238234474493101 3.2353758165939346 3.2325171586947685 3.2296585007956025 3.2267998428964364 3.2239411849972703 3.221082527098104 3.2182238691989378 3.2153652112997717 3.2125065534006056 3.209647895501439 3.207437519599416 3.2059201718107704 3.2044028240221225 3.202885476233477 3.2013681284448317 3.199850780656186 3.198333432867541 3.196816085078895 3.1952987372902495 3.1937813895016043 3.1922640417129586 3.1907466939243134 3.1892293461356678 3.187711998347022 3.186194650558377 3.1846773027697286 3.1831599549810834 3.1816426071924377 3.1801252594037925 3.178607911615147 3.1770905638265017 3.175573216037856 3.1740558682492104 3.172538520460565 3.1710211726719195 3.1695038248832743 3.1679864770946287 3.166469129305983 3.164951781517335 3.16343443372869
3.247126035555573 3.2442384531916386 3.2413508708277043 3.238463288463765 3.235575706099831 3.2326881237358966 3.229800541371962 3.2269129590080277 3.2240253766440934 3.221137794280159 3.218250211916225 3.2153626295522906 3.2124750471883563 3.209587464824422 3.2073881447350874 3.2059245925797333 3.204461040424377 3.2029974882690233 3.201533936113669 3.2000703839583156 3.1986068318029615 3.197143279647608 3.1956797274922537 3.1942161753369 3.192752623181546 3.1912890710261923 3.189825518870838 3.1883619667154846 3.1868984145601305 3.185434862404774 3.1839713102494205 3.1825077580940664 3.1810442059387127 3.1795806537833586 3.178117101628005 3.176653549472651 3.1751899973172972 3.173726445161943 3.1722628930065895 3.170799340851236 3.1693357886958817 3.167872236540528 3.1664086843851713 3.1649451322298177
3.2474416229205416 3.244525116091839 3.2416086092631367 3.2386921024344293 3.235775595605727 3.2328590887770243 3.229942581948322 3.2270260751196194 3.224109568290917 3.2211930614622144 3.2182765546335124 3.21536004780481 3.2124435409761074 3.209527034147405 3.2073387698707587 3.205929013348696 3.204519256826632 3.2031095003045693 3.201699743782507 3.200289987260445 3.198880230738383 3.1974704742163205 3.1960607176942584 3.1946509611721963 3.193241204650134 3.191831448128072 3.1904216916060095 3.1890119350839474 3.1876021785618853 3.1861924220398206 3.1847826655177585 3.1833729089956964 3.181963152473634 3.1805533959515717 3.1791436394295096 3.1777338829074475 3.1763241263853854 3.174914369863323 3.1735046133412608 3.1720948568191987 3.1706851002971366 3.169275343775074 3.1678655872530097 3.166455830730947
3.24775721028551 3.2448117789920397 3.241866347698569 3.2389209164050934 3.2359754851116227 3.233030053818152 3.2300846225246818 3.227139191231211 3.2241937599377404 3.2212483286442697 3.2183028973507994 3.2153574660573288 3.212412034763858 3.209466603470388 3.2072893950064296 3.205933434117659 3.2045774732288863 3.2032215123401158 3.201865551451345 3.2005095905625747 3.1991536296738037 3.197797668785033 3.1964417078962626 3.195085747007492 3.1937297861187215 3.192373825229951 3.1910178643411804 3.1896619034524094 3.188305942563639 3.186949981674866 3.1855940207860955 3.184238059897325 3.1828820990085545 3.1815261381197835 3.180170177231013 3.1788142163422424 3.177458255453472 3.1761022945647013 3.1747463336759307 3.17339037278716 3.1720344118983896 3.1706784510096186 3.169322490120846 3.1679665292320753
3.2480727976504786 3.2450984418922397 3.2421240861340013 3.2391497303757575 3.2361753746175186 3.23320101885928 3.2302266631010412 3.2272523073428028 3.224277951584564 3.221303595826325 3.2183292400680865 3.2153548843098476 3.212380528551609 3.2094061727933703 3.207240020142101 3.205937854886622 3.2046356896311408 3.2033335243756618 3.2020313591201828 3.200729193864704 3.199427028609225 3.198124863353746 3.196822698098267 3.195520532842788 3.194218367587309 3.19291620233183 3.191614037076351 3.190311871820872 3.189009706565393 3.1877075413099116 3.1864053760544326 3.1851032107989536 3.1838010455434747 3.1824988802879957 3.1811967150325167 3.1798945497770377 3.1785923845215587 3.1772902192660797 3.1759880540106007 3.1746858887551217 3.1733837234996427 3.1720815582441633 3.170779392988682 3.169477227733203
3.248388385015447 3.24538510479244 3.242381824569433 3.239378544346421 3.2363752641234145 3.233371983900408 3.2303687036774007 3.227365423454394 3.2243621432313874 3.2213588630083803 3.2183555827853736 3.215352302562367 3.21234902233936 3.209345742116353 3.2071906452777723 3.205942275655585 3.204693906033395 3.203445536411208 3.2021971667890208 3.2009487971668333 3.199700427544646 3.1984520579224585 3.197203688300271 3.1959553186780836 3.194706949055896 3.1934585794337087 3.1922102098115217 3.1909618401893343 3.189713470567147 3.188465100944957 3.1872167313227697 3.1859683617005823 3.184719992078395 3.183471622456208 3.1822232528340204 3.180974883211833 3.1797265135896455 3.178478143967458 3.1772297743452707 3.175981404723083 3.1747330351008958 3.1734846654787088 3.172236295856519 3.1709879262343317
3.248703972380415 3.2456717676926403 3.2426395630048654 3.2396073583170852 3.2365751536293104 3.2335429489415355 3.2305107442537606 3.2274785395659857 3.2244463348782104 3.2214141301904355 3.2183819255026607 3.215349720814886 3.212317516127111 3.209285311439336 3.2071412704134437 3.2059466964245478 3.20475212243565 3.203557548446754 3.2023629744578583 3.2011684004689624 3.199973826480067 3.198779252491171 3.1975846785022752 3.1963901045133793 3.1951955305244835 3.194000956535588 3.192806382546692 3.1916118085577962 3.1904172345689004 3.1892226605800027 3.188028086591107 3.186833512602211 3.1856389386133155 3.1844443646244196 3.1832497906355237 3.182055216646628 3.1808606426577324 3.1796660686688365 3.1784714946799406 3.1772769206910447 3.176082346702149 3.1748877727132534 3.1736931987243553 3.1724986247354594
3.249019559745384 3.245958430592841 3.2428973014402978 3.2398361722877493 3.2367750431352063 3.233713913982663 3.23065278483012 3.227591655677577 3.224530526525034 3.221469397372491 3.2184082682199477 3.2153471390674047 3.2122860099148616 3.2092248807623185 3.207091895549115 3.2059511171935107 3.2048103388379046 3.2036695604823002 3.2025287821266963 3.201388003771092 3.2002472254154877 3.199106447059884 3.1979656687042795 3.196824890348675 3.1956841119930712 3.194543333637467 3.1934025552818626 3.1922617769262587 3.1911209985706543 3.1899802202150482 3.188839441859444 3.1876986635038396 3.1865578851482357 3.1854171067926313 3.184276328437027 3.183135550081423 3.181994771725819 3.1808539933702145 3.1797132150146106 3.1785724366590062 3.177431658303402 3.176290879947798 3.175150101592192 3.1740093232365876
3.249335147110352 3.246245093493041 3.24315503987573 3.2400649862584134 3.236974932641102 3.233884879023791 3.23079482540648 3.2277047717891687 3.2246147181718574 3.221524664554546 3.218434610937235 3.215344557319924 3.2122545037026127 3.2091644500853014 3.2070425206847863 3.2059555379624736 3.204868555240159 3.2037815725178467 3.202694589795534 3.2016076070732216 3.200520624350909 3.1994336416285964 3.1983466589062837 3.1972596761839713 3.1961726934616586 3.1950857107393458 3.1939987280170334 3.1929117452947207 3.1918247625724083 3.1907377798500938 3.1896507971277814 3.1885638144054687 3.1874768316831563 3.1863898489608435 3.1853028662385308 3.1842158835162184 3.1831289007939056 3.1820419180715933 3.1809549353492805 3.179867952626968 3.1787809699046554 3.177693987182343 3.1766070044600285 3.1755200217377157
3.249650734475321 3.2465317563932414 3.2434127783111624 3.2402938002290775 3.2371748221469985 3.234055844064919 3.2309368659828395 3.2278178879007604 3.224698909818681 3.2215799317366014 3.2184609536545223 3.215341975572443 3.2122229974903633 3.2091040194082843 3.2069931458204572 3.2059599587314365 3.204926771642414 3.2038935845533927 3.202860397464372 3.201827210375351 3.20079402328633 3.199760836197309 3.1987276491082883 3.197694462019267 3.1966612749302463 3.1956280878412255 3.1945949007522043 3.1935617136631835 3.1925285265741628 3.19149533948514 3.190462152396119 3.189428965307098 3.1883957782180774 3.187362591129056 3.1863294040400354 3.1852962169510146 3.1842630298619934 3.1832298427729726 3.182196655683952 3.1811634685949306 3.18013028150591 3.179097094416889 3.178063907327866 3.1770307202388453
3.2499663218402897 3.246818419293442 3.2436705167465947 3.2405226141997416 3.2373747116528944 3.2342268091060467 3.2310789065591994 3.2279310040123517 3.2247831014655044 3.2216351989186567 3.2184872963718094 3.2153393938249617 3.2121914912781144 3.2090435887312667 3.2069437709561286 3.2059643795003994 3.2049849880446684 3.204005596588939 3.20302620513321 3.2020468136774802 3.201067422221751 3.2000880307660218 3.1991086393102925 3.198129247854563 3.1971498563988336 3.1961704649431044 3.195191073487375 3.194211682031646 3.1932322905759163 3.1922528991201853 3.191273507664456 3.190294116208727 3.1893147247529976 3.188335333297268 3.1873559418415387 3.1863765503858095 3.1853971589300802 3.184417767474351 3.1834383760186213 3.182458984562892 3.181479593107163 3.1805002016514337 3.1795208101957027 3.178541418739973
3.250281909205258 3.247105082193642 3.2439282551820265 3.2407514281704057 3.23757460115879 3.2343977741471743 3.231220947135559 3.2280441201239434 3.2248672931123274 3.221690466100712 3.2185136390890965 3.215336812077481 3.212159985065865 3.2089831580542496 3.2068943960918 3.2059688002693623 3.205043204446923 3.204117608624485 3.2031920128020475 3.20226641697961 3.201340821157172 3.2004152253347344 3.1994896295122968 3.198564033689859 3.1976384378674214 3.1967128420449837 3.195787246222546 3.194861650400108 3.1939360545776703 3.1930104587552313 3.1920848629327936 3.191159267110356 3.190233671287918 3.18930807546548 3.1883824796430424 3.1874568838206048 3.186531287998167 3.1856056921757294 3.1846800963532917 3.183754500530854 3.1828289047084164 3.1819033088859787 3.1809777130635393 3.1800521172411016
3.2505974965702262 3.2473917450938425 3.244185993617459 3.24098024214107 3.237774490664686 3.234568739188302 3.2313629877119183 3.2281572362355346 3.224951484759151 3.2217457332827673 3.2185399818063836 3.21533423033 3.212128478853616 3.2089227273772325 3.2068450212274713 3.205973221038325 3.2051014208491777 3.2042296206600316 3.2033578204708855 3.2024860202817393 3.201614220092593 3.200742419903447 3.199870619714301 3.198998819525155 3.1981270193360087 3.1972552191468626 3.1963834189577165 3.1955116187685704 3.1946398185794243 3.193768018390277 3.1928962182011307 3.1920244180119846 3.1911526178228384 3.1902808176336923 3.189409017444546 3.1885372172554 3.187665417066254 3.186793616877108 3.1859218166879617 3.1850500164988156 3.1841782163096695 3.1833064161205233 3.1824346159313754 3.1815628157422293
3.250913083935195 3.247678407994043 3.244443732052891 3.2412090561117335 3.237974380170582 3.23473970422943 3.2315050282882782 3.2282703523471263 3.2250356764059744 3.2218010004648225 3.2185663245236706 3.2153316485825187 3.2120969726413673 3.2088622967002154 3.2067956463631426 3.205977641807288 3.205159637251432 3.2043416326955776 3.203523628139723 3.2027056235838685 3.201887619028014 3.2010696144721593 3.200251609916305 3.1994336053604506 3.198615600804596 3.1977975962487415 3.196979591692887 3.1961615871370324 3.195343582581178 3.194525578025322 3.1937075734694673 3.192889568913613 3.1920715643577586 3.191253559801904 3.1904355552460495 3.189617550690195 3.1887995461343404 3.187981541578486 3.187163537022631 3.186345532466777 3.1855275279109225 3.184709523355068 3.183891518799212 3.1830735142433575
3.2512286713001632 3.247965070894243 3.244701470488323 3.2414378700823976 3.2381742696764775 3.234910669270558 3.2316470688646377 3.2283834684587176 3.225119868052798 3.221856267646878 3.2185926672409577 3.215329066835038 3.212065466429118 3.208801866023198 3.206746271498814 3.205982062576251 3.2052178536536866 3.2044536447311236 3.203689435808561 3.202925226885998 3.202161017963435 3.2013968090408724 3.2006326001183094 3.1998683911957464 3.1991041822731834 3.198339973350621 3.197575764428058 3.196811555505495 3.1960473465829318 3.195283137660368 3.194518928737805 3.193754719815242 3.192990510892679 3.1922263019701163 3.1914620930475532 3.1906978841249902 3.189933675202427 3.1891694662798646 3.1884052573573016 3.1876410484347386 3.186876839512176 3.186112630589613 3.1853484216670487 3.1845842127444857
3.251544258665132 3.2482517337944437 3.2449592089237558 3.241666684053062 3.238374159182374 3.235081634311686 3.2317891094409976 3.2284965845703093 3.2252040596996214 3.221911534828933 3.2186190099582452 3.215326485087557 3.212033960216869 3.2087414353461807 3.2066968966344853 3.205986483345214 3.2052760700559415 3.20456565676667 3.203855243477399 3.2031448301881276 3.2024344168988566 3.201724003609585 3.201013590320314 3.2003031770310426 3.199592763741771 3.1988823504525 3.1981719371632287 3.1974615238739577 3.196751110584686 3.196040697295414 3.195330284006143 3.1946198707168714 3.1939094574276 3.193199044138329 3.1924886308490574 3.1917782175597864 3.191067804270515 3.190357390981244 3.1896469776919725 3.1889365644027015 3.18822615111343 3.187515737824159 3.186805324534886 3.186094911245615
3.2518598460301003 3.248538396694644 3.2452169473591876 3.241895498023726 3.2385740486882697 3.2352525993528136 3.231931150017357 3.228609700681901 3.2252882513464445 3.2219668020109884 3.2186453526755323 3.215323903340076 3.2120024540046197 3.2086810046691636 3.206647521770156 3.2059909041141768 3.205334286458196 3.2046776688022165 3.2040210511462366 3.203364433490257 3.202707815834277 3.2020511981782978 3.201394580522318 3.2007379628663384 3.200081345210359 3.199424727554379 3.1987681098983995 3.1981114922424196 3.19745487458644 3.1967982569304594 3.1961416392744795 3.1954850216185 3.1948284039625205 3.1941717863065406 3.193515168650561 3.1928585509945813 3.192201933338602 3.191545315682622 3.1908886980266424 3.190232080370663 3.189575462714683 3.1889188450587036 3.188262227402723 3.187605609746743
3.250679735462737 3.2473763302629464 3.244072925063156 3.24076951986336 3.2374661146635697 3.2341627094637793 3.230859304263989 3.2275558990641984 3.224252493864408 3.2209490886646175 3.217645683464827 3.2143422782650366 3.211038873065246 3.2077354678654557 3.205735534603213 3.20512904231527 3.2045225500273253 3.203916057739382 3.203309565451439 3.202703073163496 3.202096580875552 3.201490088587609 3.200883596299666 3.2002771040117226 3.1996706117237794 3.1990641194358362 3.1984576271478926 3.1978511348599494 3.1972446425720062 3.196638150284062 3.1960316579961185 3.1954251657081754 3.194818673420232 3.194212181132289 3.193605688844346 3.1929991965564026 3.1923927042684594 3.191786211980516 3.1911797196925726 3.1905732274046295 3.1899667351166863 3.189360242828743 3.1887537505407986 3.1881472582528554
3.2479008180837843 3.2446656634929596 3.241430508902135 3.238195354311305 3.2349601997204807 3.231725045129656 3.2284898905388317 3.225254735948007 3.2220195813571824 3.218784426766358 3.2155492721755334 3.212314117584709 3.2090789629938845 3.2058438084030603 3.203901469257669 3.2033411790555517 3.2027808888534333 3.2022205986513157 3.201660308449198 3.2011000182470806 3.2005397280449635 3.199979437842846 3.1994191476407283 3.1988588574386108 3.1982985672364936 3.197738277034376 3.1971779868322585 3.196617696630141 3.1960574064280234 3.1954971162259054 3.194936826023788 3.1943765358216702 3.1938162456195527 3.193255955417435 3.192695665215318 3.1921353750132004 3.191575084811083 3.1910147946089653 3.190454504406848 3.1898942142047306 3.189333924002613 3.1887736338004955 3.188213343598377 3.18765305339626
