Figures/CREST_Example_wjb_NSE/PETs/wjb.pet.20090203.asc
ncols            288
nrows            254
xllcorner        113.274861
yllcorner        31.4918055
cellsize         0.008333333333
NODATA_value     -9999
[rows 200 to 219 of 254, columns 44 to 87 of 288]
-9999.0 -9999.0 -9999.0 -9999.0 -9999.0 -9999.0 -9999.0 -9999.0 -9999.0 -9999.0 1.0198306560794472 1.0209131613358464 1.0219956665922456 1.0230781718486448 1.024160677105044 1.0252431823614432 1.0263256876178424 1.0274081928742416 1.0284906981306408 1.02957320338704 1.0306557086434391 1.0317382138998403 1.0328207191562395 1.0339032244126387 1.034985729669038 1.036068234925437 1.0371507401818363 1.0382332454382355 1.0383406452391752 1.0374056352649381 1.0364706252907012 1.035535615316464 1.034600605342227 1.03366559536799 1.0327305853937514 1.0317955754195143 1.0308605654452774 1.0299255554710403 1.0289905454968031 1.0280555355225662 1.027120525548329 1.0261855155740922 1.025250505599855 1.024315495625618
-9999.0 -9999.0 -9999.0 -9999.0 -9999.0 -9999.0 -9999.0 -9999.0 -9999.0 1.0183938391876854 1.0195852991814023 1.020776759175119 1.0219682191688357 1.0231596791625523 1.0243511391562692 1.0255425991499858 1.0267340591437026 1.0279255191374193 1.029116979131136 1.0303084391248527 1.0314998991185693 1.0326913591122882 1.033882819106005 1.0350742790997216 1.0362657390934382 1.037457199087155 1.0386486590808717 1.0398401190745885 1.0400250370404238 1.0391339388245067 1.0382428406085895 1.0373517423926724 1.036460644176755 1.0355695459608378 1.0346784477449191 1.033787349529002 1.0328962513130848 1.0320051530971674 1.0311140548812503 1.0302229566653331 1.029331858449416 1.0284407602334986 1.0275496620175815 1.0266585638016643
-9999.0 -9999.0 -9999.0 -9999.0 -9999.0 -9999.0 -9999.0 -9999.0 1.0167391128212888 1.018039527552323 1.0193399422833573 1.0206403570143916 1.0219407717454259 1.0232411864764601 1.0245416012074944 1.0258420159385284 1.0271424306695627 1.028442845400597 1.0297432601316312 1.0310436748626655 1.0323440895936997 1.0336445043247362 1.0349449190557705 1.0362453337868047 1.037545748517839 1.0388461632488732 1.0401465779799075 1.0414469927109418 1.0417094288416728 1.0408622423840754 1.040015055926478 1.0391678694688806 1.0383206830112832 1.0374734965536858 1.036626310096087 1.0357791236384897 1.0349319371808923 1.0340847507232949 1.0332375642656975 1.0323903778081 1.0315431913505027 1.0306960048929052 1.0298488184353078 1.0290016319777104
-9999.0 -9999.0 -9999.0 -9999.0 -9999.0 -9999.0 -9999.0 -9999.0 -9999.0 1.0176852159169607 1.0190945853853124 1.020503954853664 1.021913324322016 1.0233226937903677 1.0247320632587194 1.0261414327270713 1.027550802195423 1.0289601716637746 1.0303695411321265 1.0317789106004782 1.03318828006883 1.0345976495371842 1.036007019005536 1.0374163884738876 1.0388257579422395 1.0402351274105912 1.041644496878943 1.0430538663472948 1.0433938206429216 1.042590545943644 1.0417872712443665 1.0409839965450889 1.0401807218458112 1.0393774471465338 1.0385741724472548 1.0377708977479774 1.0369676230486997 1.036164348349422 1.0353610736501446 1.034557798950867 1.0337545242515895 1.0329512495523119 1.0321479748530342 1.0313447001537568
-9999.0 -9999.0 -9999.0 -9999.0 -9999.0 -9999.0 -9999.0 -9999.0 -9999.0 -9999.0 1.0188492284872672 1.0203675526929366 1.0218858768986059 1.0234042011042752 1.0249225253099445 1.0264408495156139 1.0279591737212832 1.0294774979269525 1.0309958221326219 1.0325141463382912 1.0340324705439605 1.0355507947496325 1.0370691189553018 1.0385874431609712 1.0401057673666405 1.0416240915723098 1.0431424157779792 1.0446607399836485 1.0450782124441713 1.0443188495032134 1.0435594865622557 1.042800123621298 1.0420407606803403 1.0412813977393827 1.0405220347984236 1.0397626718574657 1.039003308916508 1.0382439459755504 1.0374845830345927 1.036725220093635 1.035965857152677 1.0352064942117194 1.0344471312707617 1.033687768329804
-9999.0 -9999.0 -9999.0 -9999.0 -9999.0 -9999.0 -9999.0 -9999.0 -9999.0 -9999.0 1.0186038715892223 1.0202311505322093 1.021858429475196 1.023485708418183 1.0251129873611697 1.0267402663041567 1.0283675452471435 1.0299948241901304 1.0316221031331172 1.0332493820761042 1.034876661019091 1.0365039399620806 1.0381312189050675 1.0397584978480543 1.0413857767910413 1.043013055734028 1.044640334677015 1.0462676136200018 1.0467626042454201 1.0460471530627822 1.0453317018801442 1.0446162506975065 1.0439007995148686 1.0431853483322306 1.0424698971495916 1.0417544459669537 1.0410389947843157 1.0403235436016778 1.0396080924190398 1.038892641236402 1.038177190053764 1.0374617388711262 1.0367462876884883 1.0360308365058504
-9999.0 -9999.0 -9999.0 -9999.0 -9999.0 -9999.0 -9999.0 -9999.0 -9999.0 -9999.0 -9999.0 -9999.0 1.0218309820517861 1.0235672157320905 1.025303449412395 1.0270396830926993 1.0287759167730037 1.030512150453308 1.0322483841336123 1.0339846178139167 1.035720851494221 1.0374570851745286 1.0391933188548328 1.0409295525351372 1.0426657862154416 1.044402019895746 1.0461382535760504 1.0478744872563548 1.048446996046669 1.0477754566223507 1.0471039171980328 1.0464323777737146 1.0457608383493966 1.0450892989250784 1.0444177595007593 1.0437462200764411 1.0430746806521232 1.042403141227805 1.041731601803487 1.0410600623791688 1.0403885229548508 1.0397169835305327 1.0390454441062147 1.0383739046818965
-9999.0 -9999.0 -9999.0 -9999.0 -9999.0 -9999.0 -9999.0 -9999.0 -9999.0 -9999.0 -9999.0 -9999.0 -9999.0 1.023648723045998 1.0254939114636201 1.027339099881242 1.029184288298864 1.031029476716486 1.0328746651341079 1.03471985355173 1.0365650419693517 1.0384102303869769 1.040255418804599 1.0421006072222208 1.0439457956398428 1.0457909840574648 1.0476361724750867 1.0494813608927087 1.0501313878479186 1.0495037601819204 1.048876132515922 1.0482485048499237 1.0476208771839255 1.0469932495179273 1.046365621851928 1.0457379941859297 1.0451103665199315 1.0444827388539333 1.043855111187935 1.0432274835219368 1.0425998558559386 1.0419722281899404 1.041344600523942 1.0407169728579437
-9999.0 -9999.0 -9999.0 -9999.0 -9999.0 -9999.0 -9999.0 -9999.0 -9999.0 -9999.0 -9999.0 -9999.0 -9999.0 1.023551872165751 1.0254519875754344 1.0273521029851178 1.0292522183948014 1.0311523338044848 1.0330524492141684 1.0349525646238518 1.0368526800335354 1.038752795443222 1.0406529108529055 1.0425530262625888 1.0444531416722724 1.0463532570819558 1.0482533724916394 1.0501534879013228 1.0508454809101444 1.050245963761559 1.049646446612974 1.0490469294643887 1.0484474123158036 1.0478478951672185 1.0472483780186324 1.046648860870047 1.046049343721462 1.0454498265728769 1.0448503094242916 1.0442507922757065 1.0436512751271212 1.043051757978536 1.042452240829951 1.0418527236813657
-9999.0 -9999.0 -9999.0 -9999.0 -9999.0 -9999.0 -9999.0 -9999.0 -9999.0 -9999.0 -9999.0 -9999.0 -9999.0 -9999.0 1.0251616577647684 1.027058947912079 1.0289562380593895 1.0308535282067 1.0327508183540104 1.0346481085013208 1.0365453986486315 1.038442688795945 1.0403399789432555 1.0422372690905661 1.0441345592378766 1.046031849385187 1.0479291395324974 1.0498264296798079 1.0505223857760462 1.0499340886142605 1.0493457914524749 1.0487574942906892 1.0481691971289036 1.047580899967118 1.0469926028053311 1.0464043056435455 1.04581600848176 1.0452277113199744 1.0446394141581887 1.044051116996403 1.0434628198346174 1.0428745226728318 1.042286225511046 1.0416979283492604
-9999.0 -9999.0 -9999.0 -9999.0 -9999.0 -9999.0 -9999.0 -9999.0 -9999.0 -9999.0 -9999.0 -9999.0 -9999.0 -9999.0 -9999.0 1.0267657928390397 1.0286602577239772 1.0305547226089147 1.0324491874938522 1.0343436523787897 1.0362381172637272 1.0381325821486678 1.0400270470336053 1.0419215119185428 1.0438159768034803 1.0457104416884178 1.0476049065733553 1.0494993714582928 1.0501992906419475 1.0496222134669613 1.0490451362919753 1.048468059116989 1.047890981942003 1.0473139047670168 1.0467368275920297 1.0461597504170437 1.0455826732420574 1.0450055960670714 1.0444285188920852 1.0438514417170992 1.0432743645421132 1.042697287367127 1.042120210192141 1.0415431330171547
-9999.0 -9999.0 -9999.0 -9999.0 -9999.0 -9999.0 -9999.0 -9999.0 -9999.0 -9999.0 -9999.0 -9999.0 -9999.0 -9999.0 -9999.0 -9999.0 -9999.0 -9999.0 1.0321475566336942 1.0340391962562585 1.035930835878823 1.0378224755013907 1.0397141151239553 1.0416057547465198 1.0434973943690842 1.0453890339916487 1.047280673614213 1.0491723132367776 1.049876195507849 1.0493103383196623 1.0487444811314757 1.048178623943289 1.0476127667551025 1.047046909566916 1.0464810523787285 1.0459151951905419 1.0453493380023553 1.0447834808141687 1.0442176236259821 1.0436517664377956 1.043085909249609 1.0425200520614224 1.0419541948732358 1.0413883376850492
-9999.0 -9999.0 -9999.0 -9999.0 -9999.0 -9999.0 -9999.0 -9999.0 -9999.0 -9999.0 -9999.0 -9999.0 -9999.0 -9999.0 -9999.0 -9999.0 -9999.0 -9999.0 1.0318459257735362 1.0337347401337278 1.0356235544939192 1.037512368854114 1.0394011832143053 1.041289997574497 1.0431788119346883 1.04506762629488 1.0469564406550713 1.0488452550152627 1.0495531003737506 1.0489984631723637 1.0484438259709765 1.0478891887695896 1.0473345515682024 1.0467799143668155 1.0462252771654275 1.0456706399640403 1.0451160027626534 1.0445613655612662 1.044006728359879 1.0434520911584921 1.042897453957105 1.042342816755718 1.041788179554331 1.0412335423529437
-9999.0 -9999.0 -9999.0 -9999.0 -9999.0 -9999.0 -9999.0 -9999.0 -9999.0 -9999.0 -9999.0 -9999.0 -9999.0 -9999.0 -9999.0 -9999.0 -9999.0 -9999.0 -9999.0 -9999.0 1.0353162731090149 1.0372022622068366 1.039088251304655 1.0409742404024735 1.042860229500292 1.0447462185981105 1.0466322076959291 1.0485181967937476 1.049230005239652 1.0486865880250644 1.048143170810477 1.0475997535958894 1.047056336381302 1.0465129191667144 1.045969501952126 1.0454260847375383 1.0448826675229508 1.0443392503083633 1.0437958330937758 1.0432524158791883 1.0427089986646008 1.0421655814500133 1.0416221642354258 1.0410787470208382
-9999.0 -9999.0 -9999.0 -9999.0 -9999.0 -9999.0 -9999.0 -9999.0 -9999.0 -9999.0 -9999.0 -9999.0 -9999.0 -9999.0 -9999.0 -9999.0 -9999.0 -9999.0 -9999.0 -9999.0 -9999.0 -9999.0 1.0387753193950053 -9999.0 1.0425416470658961 1.0444248109013416 1.0463079747367872 1.0481911385722327 1.0489069101055537 1.0483747128777658 1.0478425156499778 1.0473103184221897 1.0467781211944018 1.0462459239666138 1.0457137267388248 1.0451815295110367 1.0446493322832489 1.0441171350554608 1.0435849378276727 1.0430527405998846 1.0425205433720968 1.0419883461443087 1.0414561489165206 1.0409239516887328
-9999.0 -9999.0 -9999.0 -9999.0 -9999.0 -9999.0 -9999.0 -9999.0 -9999.0 -9999.0 -9999.0 -9999.0 -9999.0 -9999.0 -9999.0 -9999.0 -9999.0 -9999.0 -9999.0 -9999.0 -9999.0 -9999.0 -9999.0 -9999.0 -9999.0 -9999.0 1.0459837417776452 1.0478640803507175 1.0485838149714553 1.0480628377304668 1.0475418604894784 1.04702088324849 1.0464999060075013 1.0459789287665129 1.0454579515255236 1.044936974284535 1.0444159970435465 1.043895019802558 1.0433740425615696 1.042853065320581 1.0423320880795925 1.0418111108386041 1.0412901335976157 1.040769156356627
-9999.0 -9999.0 -9999.0 -9999.0 -9999.0 -9999.0 -9999.0 -9999.0 -9999.0 -9999.0 -9999.0 -9999.0 -9999.0 -9999.0 -9999.0 -9999.0 -9999.0 -9999.0 -9999.0 -9999.0 -9999.0 -9999.0 -9999.0 -9999.0 -9999.0 -9999.0 1.045659508818503 1.0475370221292026 1.0482607198373568 1.047750962583168 1.047241205328979 1.04673144807479 1.046221690820601 1.045711933566412 1.0452021763122223 1.0446924190580333 1.0441826618038443 1.0436729045496553 1.0431631472954663 1.0426533900412776 1.0421436327870885 1.0416338755328995 1.0411241182787105 1.0406143610245215
-9999.0 -9999.0 -9999.0 -9999.0 -9999.0 -9999.0 -9999.0 -9999.0 -9999.0 -9999.0 -9999.0 -9999.0 -9999.0 -9999.0 -9999.0 -9999.0 -9999.0 -9999.0 -9999.0 -9999.0 -9999.0 -9999.0 -9999.0 -9999.0 -9999.0 -9999.0 -9999.0 1.0472099639076875 1.0479376247032584 1.047439087435869 1.0469405501684796 1.04644201290109 1.0459434756337007 1.0454449383663111 1.044946401098921 1.0444478638315315 1.0439493265641422 1.0434507892967526 1.0429522520293633 1.0424537147619737 1.0419551774945843 1.041456640227195 1.0409581029598054 1.040459565692416
-9999.0 -9999.0 -9999.0 -9999.0 -9999.0 -9999.0 -9999.0 -9999.0 -9999.0 -9999.0 -9999.0 -9999.0 -9999.0 -9999.0 -9999.0 -9999.0 -9999.0 -9999.0 -9999.0 -9999.0 -9999.0 -9999.0 -9999.0 -9999.0 -9999.0 -9999.0 -9999.0 -9999.0 1.04761452956916 1.04712721228857 1.04663989500798 1.0461525777273901 1.0456652604468004 1.0451779431662105 1.0446906258856197 1.0442033086050297 1.0437159913244398 1.04322867404385 1.04274135676326 1.04225403948267 1.04176672220208 1.0412794049214904 1.0407920876409005 1.0403047703603105
-9999.0 -9999.0 -9999.0 -9999.0 -9999.0 -9999.0 -9999.0 -9999.0 -9999.0 -9999.0 -9999.0 -9999.0 -9999.0 -9999.0 -9999.0 -9999.0 -9999.0 -9999.0 -9999.0 -9999.0 -9999.0 -9999.0 -9999.0 -9999.0 -9999.0 -9999.0 -9999.0 -9999.0 -9999.0 1.0468153371412712 1.0463392398474807 1.0458631425536904 1.0453870452599 1.0449109479661096 1.0444348506723184 1.043958753378528 1.0434826560847377 1.0430065587909472 1.042530461497157 1.0420543642033664 1.0415782669095761 1.0411021696157856 1.0406260723219953 1.0401499750282048
