Figures/CREST_Example_wjb_NSE/PETs/wjb.pet.20100423.asc
ncols            288
nrows            254
xllcorner        113.274861
yllcorner        31.4918055
cellsize         0.008333333333
NODATA_value     -9999
[rows 40 to 59 of 254, columns 44 to 87 of 288]
3.1279489404555325 3.125430289956327 3.1229116394571212 3.120392988957916 3.11787433845871 3.115355687959504 3.1128370374602987 3.110318386961093 3.107799736461883 3.1052810859626776 3.1027624354634717 3.1002437849642663 3.0977251344650605 3.095206483965855 3.092687833466649 3.090169182967444 3.087650532468238 3.085131881969032 3.0826132314698267 3.080094580970621 3.0775759304714154 3.0750572799722056 3.0725386294729997 3.0700199789737943 3.0675013284745885 3.064982677975383 3.062464027476177 3.0599453769769718 3.0592352084833907 3.0604583481364718 3.0616814877895533 3.062904627442635 3.064127767095716 3.0653509067487974 3.0665740464018807 3.0677971860549618 3.0690203257080433 3.0702434653611244 3.071466605014206 3.0726897446672874 3.0739128843203685 3.07513602397345 3.076359163626531 3.0775823032796126
3.130074682407444 3.1275327449401713 3.1249908074728987 3.122448870005626 3.1199069325383535 3.117364995071081 3.1148230576038083 3.1122811201365357 3.1097391826692586 3.107197245201986 3.1046553077347134 3.102113370267441 3.0995714328001682 3.0970294953328956 3.094487557865623 3.0919456203983504 3.089403682931078 3.086861745463805 3.0843198079965326 3.08177787052926 3.0792359330619874 3.0766939955947104 3.0741520581274377 3.071610120660165 3.0690681831928925 3.06652624572562 3.0639843082583473 3.0614423707910747 3.060752799289137 3.062043448878835 3.063334098468533 3.0646247480582316 3.0659153976479296 3.0672060472376277 3.068496696827328 3.069787346417026 3.071077996006724 3.0723686455964225 3.0736592951861206 3.0749499447758186 3.0762405943655167 3.0775312439552147 3.0788218935449128 3.0801125431346112
3.132200424359355 3.1296351999240155 3.1270699754886757 3.1245047510533364 3.1219395266179966 3.119374302182657 3.1168090777473174 3.114243853311978 3.111678628876634 3.1091134044412945 3.1065481800059547 3.1039829555706153 3.1014177311352755 3.098852506699936 3.096287282264597 3.093722057829257 3.0911568333939177 3.088591608958578 3.0860263845232385 3.0834611600878987 3.0808959356525594 3.078330711217215 3.075765486781876 3.073200262346536 3.0706350379111966 3.068069813475857 3.0655045890405175 3.0629393646051777 3.0622703900948833 3.0636285496211983 3.0649867091475134 3.0663448686738284 3.0677030282001434 3.069061187726458 3.070419347252775 3.0717775067790902 3.0731356663054052 3.0744938258317203 3.0758519853580353 3.0772101448843503 3.078568304410665 3.07992646393698 3.081284623463295 3.08264278298961
3.134326166311266 3.1317376549078593 3.1291491435044527 3.126560632101046 3.1239721206976396 3.121383609294233 3.118795097890827 3.1162065864874204 3.1136180750840095 3.111029563680603 3.1084410522771964 3.10585254087379 3.1032640294703833 3.1006755180669767 3.09808700666357 3.0954984952601636 3.092909983856757 3.0903214724533505 3.087732961049944 3.0851444496465374 3.082555938243131 3.07996742683972 3.0773789154363134 3.0747904040329073 3.0722018926295007 3.069613381226094 3.0670248698226876 3.064436358419281 3.0637879809006296 3.0652136503635616 3.066639319826493 3.068064989289425 3.0694906587523567 3.0709163282152887 3.072341997678223 3.0737676671411545 3.0751933366040864 3.076619006067018 3.07804467552995 3.0794703449928815 3.080896014455813 3.082321683918745 3.0837473533816766 3.0851730228446086
3.136451908263177 3.133840109891704 3.13122831152023 3.128616513148757 3.126004714777283 3.12339291640581 3.1207811180343366 3.118169319662863 3.115557521291385 3.1129457229199113 3.110333924548438 3.1077221261769643 3.105110327805491 3.1024985294340173 3.099886731062544 3.0972749326910702 3.094663134319597 3.0920513359481236 3.08943953757665 3.0868277392051766 3.084215940833703 3.081604142462225 3.0789923440907514 3.076380545719278 3.0737687473478044 3.071156948976331 3.0685451506048578 3.065933352233384 3.0653055717063764 3.066798751105925 3.0682919305054734 3.069785109905022 3.0712782893045705 3.072771468704119 3.07426464810367 3.0757578275032187 3.077251006902767 3.0787441863023157 3.0802373657018642 3.0817305451014128 3.0832237245009613 3.0847169039005102 3.0862100833000587 3.0877032626996073
3.138577650215088 3.1359425648755477 3.133307479536007 3.130672394196467 3.1280373088569267 3.125402223517386 3.1227671381778457 3.120132052838305 3.1174969674987603 3.1148618821592198 3.1122267968196793 3.109591711480139 3.1069566261405983 3.104321540801058 3.1016864554615173 3.0990513701219773 3.096416284782437 3.0937811994428963 3.091146114103356 3.0885110287638153 3.085875943424275 3.08324085808473 3.0806057727451894 3.077970687405649 3.0753356020661085 3.072700516726568 3.0700654313870275 3.0674303460474874 3.0668231625121227 3.0683838518482878 3.0699445411844533 3.0715052305206187 3.0730659198567842 3.0746266091929497 3.0761872985291174 3.077747987865283 3.0793086772014484 3.080869366537614 3.082430055873779 3.0839907452099444 3.08555143454611 3.0871121238822754 3.0886728132184404 3.090233502554606
3.140703392167001 3.1380450198593937 3.135386647551786 3.1327282752441787 3.1300699029365715 3.127411530628964 3.1247531583213566 3.122094786013749 3.1194364137061372 3.1167780413985295 3.1141196690909223 3.111461296783315 3.1088029244757074 3.1061445521681 3.1034861798604925 3.1008278075528852 3.098169435245278 3.0955110629376703 3.092852690630063 3.0901943183224554 3.087535946014848 3.084877573707236 3.082219201399629 3.0795608290920216 3.076902456784414 3.0742440844768066 3.071585712169199 3.0689273398615917 3.0683407533178704 3.0699689525906524 3.071597151863435 3.0732253511362173 3.0748535504089993 3.076481749681782 3.0781099489545665 3.079738148227349 3.081366347500131 3.0829945467729134 3.0846227460456954 3.086250945318478 3.0878791445912603 3.0895073438640424 3.091135543136825 3.092763742409607
3.1428291341189123 3.140147474843238 3.1374658155675634 3.134784156291889 3.132102497016215 3.1294208377405406 3.126739178464866 3.1240575191891917 3.121375859913513 3.1186942006378384 3.116012541362164 3.1133308820864896 3.110649222810815 3.1079675635351407 3.1052859042594663 3.102604244983792 3.099922585708118 3.0972409264324434 3.094559267156769 3.0918776078810946 3.08919594860542 3.0865142893297413 3.083832630054067 3.0811509707783924 3.078469311502718 3.0757876522270435 3.073105992951369 3.0704243336756947 3.0698583441236167 3.0715540533330157 3.0732497625424147 3.074945471751814 3.076641180961213 3.078336890170612 3.080032599380014 3.081728308589413 3.083424017798812 3.085119727008211 3.08681543621761 3.088511145427009 3.0902068546364085 3.0919025638458075 3.0935982730552065 3.0952939822646055
3.1449548760708232 3.142249929827082 3.139544983583341 3.1368400373395993 3.134135091095858 3.131430144852117 3.1287251986083753 3.126020252364634 3.123315306120888 3.120610359877147 3.1179054136334057 3.115200467389664 3.112495521145923 3.1097905749021817 3.10708562865844 3.104380682414699 3.1016757361709577 3.098970789927216 3.096265843683475 3.0935608974397337 3.090855951195992 3.0881510049522465 3.085446058708505 3.0827411124647637 3.0800361662210225 3.077331219977281 3.0746262737335397 3.0719213274897985 3.0713759349293634 3.0731391540753794 3.0749023732213954 3.0766655923674113 3.078428811513427 3.080192030659443 3.081955249805462 3.0837184689514774 3.0854816880974933 3.0872449072435093 3.0890081263895253 3.090771345535541 3.0925345646815567 3.0942977838275727 3.0960610029735887 3.097824222119604
3.147080618022734 3.1443523848109263 3.141624151599118 3.1388959183873095 3.136167685175501 3.133439451963693 3.130711218751885 3.1279829855400765 3.1252547523282637 3.1225265191164553 3.119798285904647 3.1170700526928385 3.11434181948103 3.1116135862692222 3.108885353057414 3.1061571198456055 3.103428886633797 3.1007006534219888 3.097972420210181 3.0952441869983724 3.092515953786564 3.0897877205747513 3.087059487362943 3.0843312541511345 3.081603020939326 3.078874787727518 3.07614655451571 3.0734183213039015 3.0728935257351098 3.0747242548177427 3.076554983900375 3.078385712983008 3.0802164420656406 3.0820471711482735 3.083877900230909 3.0857086293135416 3.0875393583961745 3.089370087478807 3.09120081656144 3.0930315456440725 3.0948622747267054 3.096693003809338 3.0985237328919704 3.1003544619746033
3.1492063599746456 3.1464548397947705 3.1437033196148954 3.14095179943502 3.1382002792551447 3.1354487590752695 3.1326972388953944 3.129945718715519 3.127194198535639 3.1244426783557637 3.1216911581758886 3.1189396379960135 3.116188117816138 3.113436597636263 3.1106850774563877 3.1079335572765125 3.105182037096637 3.102430516916762 3.0996789967368867 3.096927476557011 3.094175956377136 3.091424436197256 3.088672916017381 3.085921395837506 3.0831698756576302 3.080418355477755 3.07766683529788 3.074915315118005 3.0744111165408565 3.076309355560106 3.0782075945793554 3.080105833598605 3.0820040726178544 3.083902311637104 3.0858005506563564 3.087698789675606 3.0895970286948553 3.0914952677141048 3.0933935067333542 3.0952917457526037 3.0971899847718536 3.099088223791103 3.1009864628103525 3.102884701829602
3.1513321019265566 3.1485572947786147 3.1457824876306724 3.14300768048273 3.1402328733347877 3.137458066186846 3.1346832590389035 3.1319084518909612 3.1291336447430145 3.126358837595072 3.12358403044713 3.120809223299188 3.1180344161512457 3.1152596090033033 3.112484801855361 3.109709994707419 3.106935187559477 3.1041603804115345 3.101385573263592 3.0986107661156503 3.095835958967708 3.093061151819761 3.090286344671819 3.0875115375238766 3.0847367303759343 3.081961923227992 3.07918711608005 3.076412308932108 3.075928707346603 3.077894456302469 3.0798602052583353 3.0818259542142017 3.0837917031700677 3.085757452125934 3.0877232010818036 3.08968895003767 3.0916546989935365 3.0936204479494025 3.095586196905269 3.0975519458611354 3.099517694817002 3.1014834437728678 3.103449192728734 3.1054149416846006
3.153457843878468 3.150659749762459 3.14786165564645 3.1450635615304408 3.1422654674144312 3.139467373298422 3.136669279182413 3.133871185066404 3.13107309095039 3.1282749968343806 3.1254769027183715 3.1226788086023625 3.1198807144863534 3.117082620370344 3.114284526254335 3.1114864321383258 3.1086883380223167 3.1058902439063076 3.103092149790298 3.100294055674289 3.09749596155828 3.094697867442266 3.091899773326257 3.0891016792102475 3.0863035850942384 3.0835054909782293 3.0807073968622203 3.0779093027462108 3.077446298152349 3.079479557044832 3.0815128159373155 3.0835460748297985 3.0855793337222814 3.087612592614765 3.0896458515072514 3.0916791103997343 3.0937123692922177 3.0957456281847007 3.0977788870771836 3.099812145969667 3.10184540486215 3.103878663754633 3.1059119226471164 3.1079451815395993
3.1555835858303807 3.152762204746305 3.1499408236622286 3.1471194425781523 3.144298061494076 3.1414766804100003 3.138655299325924 3.1358339182418478 3.133012537157767 3.130191156073691 3.1273697749896145 3.1245483939055383 3.1217270128214625 3.118905631737386 3.11608425065331 3.1132628695692337 3.110441488485158 3.1076201074010816 3.1047987263170054 3.101977345232929 3.0991559641488533 3.096334583064772 3.093513201980696 3.09069182089662 3.087870439812544 3.0850490587284676 3.0822276776443918 3.0794062965603155 3.078963888958097 3.0810646577871967 3.0831654266162967 3.0852661954453966 3.087366964274497 3.089467733103597 3.0915685019327004 3.0936692707618003 3.0957700395909002 3.09787080842 3.0999715772491 3.1020723460782005 3.1041731149073004 3.1062738837364003 3.1083746525655003 3.1104754213946
3.1577093277822916 3.1548646597301486 3.1520199916780056 3.1491753236258626 3.1463306555737196 3.143485987521576 3.140641319469433 3.13779665141729 3.1349519833651422 3.1321073153129992 3.129262647260856 3.126417979208713 3.1235733111565698 3.1207286431044268 3.1178839750522838 3.1150393070001403 3.1121946389479973 3.1093499708958543 3.1065053028437113 3.1036606347915683 3.100815966739425 3.097971298687277 3.095126630635134 3.092281962582991 3.089437294530848 3.086592626478705 3.0837479584265615 3.0809032903744185 3.080481479763843 3.08264975852956 3.084818037295277 3.0869863160609934 3.0891545948267103 3.091322873592427 3.0934911523581476 3.0956594311238645 3.0978277098895814 3.099995988655298 3.102164267421015 3.1043325461867317 3.1065008249524486 3.108669103718165 3.110837382483882 3.113005661249599
3.159835069734203 3.1569671147139933 3.154099159693783 3.151231204673573 3.148363249653363 3.145495294633153 3.1426273396129427 3.1397593845927325 3.136891429572518 3.1340234745523077 3.1311555195320975 3.1282875645118877 3.1254196094916775 3.1225516544714673 3.1196836994512576 3.1168157444310474 3.113947789410837 3.1110798343906274 3.108211879370417 3.105343924350207 3.102475969329997 3.099608014309782 3.096740059289572 3.0938721042693618 3.091004149249152 3.088136194228942 3.0852682392087316 3.082400284188522 3.0819990705695894 3.0842348592719233 3.0864706479742567 3.0887064366765906 3.090942225378924 3.0931780140812575 3.095413802783595 3.0976495914859288 3.099885380188262 3.1021211688905956 3.1043569575929295 3.106592746295263 3.108828534997597 3.1110643236999302 3.1133001124022637 3.1155359011045975
3.1619608116861144 3.159069569697837 3.15617832770956 3.153287085721283 3.150395843733006 3.1475046017447292 3.1446133597564523 3.1417221177681753 3.138830875779893 3.135939633791616 3.133048391803339 3.130157149815062 3.1272659078267853 3.1243746658385083 3.1214834238502314 3.1185921818619544 3.115700939873677 3.1128096978854 3.109918455897123 3.107027213908846 3.1041359719205692 3.1012447299322874 3.0983534879440104 3.095462245955733 3.092571003967456 3.089679761979179 3.086788519990902 3.0838972780026253 3.0835166613753366 3.085819960014287 3.0881232586532374 3.090426557292188 3.0927298559311382 3.0950331545700887 3.0973364532090426 3.0996397518479935 3.101943050486944 3.1042463491258943 3.1065496477648447 3.108852946403795 3.1111562450427455 3.113459543681696 3.1157628423206463 3.1180661409595967
3.1640865536380254 3.1611720246816812 3.158257495725337 3.1553429667689934 3.1524284378126493 3.1495139088563056 3.1465993798999614 3.1436848509436173 3.1407703219872687 3.1378557930309245 3.1349412640745804 3.1320267351182367 3.1291122061618926 3.126197677205549 3.1232831482492047 3.120368619292861 3.117454090336517 3.1145395613801727 3.111625032423829 3.108710503467485 3.105795974511141 3.102881445554792 3.099966916598448 3.0970523876421043 3.09413785868576 3.0912233297294165 3.0883088007730723 3.085394271816728 3.085034252181083 3.08740506075665 3.0897758693322173 3.0921466779077846 3.0945174864833516 3.096888295058919 3.0992591036344903 3.1016299122100572 3.1040007207856246 3.106371529361192 3.108742337936759 3.1111131465123263 3.1134839550878937 3.1158547636634606 3.118225572239028 3.1205963808145953
3.165415077013259 3.1625037792781927 3.159592481543126 3.1566811838080597 3.1537698860729932 3.1508585883379268 3.14794729060286 3.1450359928677933 3.142124695132722 3.1392133973976555 3.136302099662589 3.1333908019275225 3.130479504192456 3.1275682064573895 3.124656908722323 3.1217456109872566 3.1188343132521896 3.115923015517123 3.1130117177820567 3.11010042004699 3.1071891223119237 3.1042778245768523 3.101366526841786 3.0984552291067193 3.095543931371653 3.0926326336365864 3.08972133590152 3.086810038166453 3.086446974866633 3.0888080317836284 3.091169088700623 3.093530145617618 3.095891202534613 3.0982522594516078 3.100613316368607 3.1029743732856017 3.1053354302025964 3.1076964871195916 3.1100575440365863 3.112418600953581 3.114779657870576 3.117140714787571 3.1195017717045657 3.121862828621561
3.1658914239973477 3.1630117037559065 3.1601319835144652 3.157252263273024 3.1543725430315828 3.1514928227901415 3.1486131025487003 3.145733382307259 3.142853662065813 3.1399739418243717 3.1370942215829305 3.1342145013414893 3.131334781100048 3.128455060858607 3.1255753406171656 3.1226956203757243 3.1198159001342836 3.1169361798928423 3.114056459651401 3.11117673940996 3.1082970191685186 3.1054172989270725 3.1025375786856313 3.09965785844419 3.096778138202749 3.0938984179613076 3.0910186977198664 3.088138977478425 3.087747600143986 3.090016317628755 3.092285035113525 3.0945537525982942 3.096822470083064 3.0990911875678333 3.1013599050526066 3.1036286225373764 3.1058973400221457 3.1081660575069154 3.1104347749916847 3.1127034924764545 3.114972209961224 3.1172409274459936 3.119509644930763 3.1217783624155326
