Figures/CREST_Example_wjb_NSE/PETs/wjb.pet.20090123.asc
ncols            288
nrows            254
xllcorner        113.274861
yllcorner        31.4918055
cellsize         0.008333333333
NODATA_value     -9999
[rows 19 to 37 of 254, columns 88 to 131 of 288]
0.5782888271060043 0.5782714121454472 0.5782539971848901 0.578236582224333 0.5782191672637759 0.5782017523032188 0.5781843373426617 0.5781669223821047 0.5781495074215476 0.5781320924609905 0.5781146775004334 0.5780972625398763 0.5780798475793192 0.5780624326187621 0.5778318464129064 0.5773733753257694 0.5769149042386315 0.5764564331514944 0.5759979620643574 0.5755394909772203 0.5750810198900832 0.5746225488029462 0.5741640777158091 0.573705606628672 0.573247135541535 0.5727886644543979 0.5723301933672609 0.5718717222801237 0.5714132511929867 0.5709547801058489 0.5704963090187118 0.5700378379315747 0.5695793668444377 -9999.0 -9999.0 -9999.0 -9999.0 -9999.0 -9999.0 -9999.0 -9999.0 -9999.0 -9999.0 -9999.0
0.579098892861006 0.5790758220332658 0.5790527512055257 0.5790296803777855 0.5790066095500452 0.5789835387223051 0.5789604678945649 0.5789373970668247 0.5789143262390846 0.5788912554113443 0.5788681845836041 0.578845113755864 0.5788220429281238 0.5787989721003837 0.5785684038689421 0.5781160162211794 0.5776636285734157 0.5772112409256529 0.57675885327789 0.5763064656301272 0.5758540779823643 0.5754016903346015 0.5749493026868386 0.5744969150390759 0.574044527391313 0.5735921397435502 0.5731397520957873 0.5726873644480245 0.5722349768002616 0.571782589152498 0.5713302015047351 0.5708778138569723 0.5704254262092094 -9999.0 -9999.0 -9999.0 -9999.0 -9999.0 -9999.0 -9999.0 -9999.0 -9999.0 -9999.0 -9999.0
0.579908958616007 0.5798802319210837 0.5798515052261605 0.5798227785312372 0.5797940518363139 0.5797653251413907 0.5797365984464674 0.579707871751544 0.5796791450566208 0.5796504183616975 0.5796216916667742 0.579592964971851 0.5795642382769277 0.5795355115820044 0.5793049613249773 0.5788586571165887 0.5784123529081993 0.5779660486998106 0.5775197444914221 0.5770734402830334 0.5766271360746448 0.5761808318662561 0.5757345276578676 0.5752882234494789 0.5748419192410903 0.5743956150327016 0.573949310824313 0.5735030066159245 0.5730567024075358 0.5726103981991464 0.5721640939907577 0.5717177897823692 0.5712714855739806 -9999.0 -9999.0 -9999.0 -9999.0 -9999.0 -9999.0 -9999.0 -9999.0 -9999.0 -9999.0 -9999.0
0.5807190243710081 0.5806846418089018 0.5806502592467954 0.580615876684689 0.5805814941225826 0.5805471115604762 0.5805127289983699 0.5804783464362635 0.5804439638741572 0.5804095813120508 0.5803751987499445 0.5803408161878381 0.5803064336257318 0.5802720510636253 0.5800415187810125 0.5796012980119981 0.5791610772429829 0.5787208564739685 0.5782806357049541 0.5778404149359397 0.5774001941669253 0.5769599733979109 0.5765197526288964 0.576079531859882 0.5756393110908676 0.5751990903218532 0.5747588695528388 0.5743186487838244 0.57387842801481 0.5734382072457949 0.5729979864767805 0.5725577657077661 0.5721175449387517 0.5716773241697373 0.5712371034007229 0.5707968826317085 -9999.0 0.5699164410936797 -9999.0 -9999.0 -9999.0 -9999.0 -9999.0 -9999.0
0.5815290901260092 0.5814890516967197 0.5814490132674303 0.5814089748381407 0.5813689364088512 0.5813288979795618 0.5812888595502723 0.5812488211209829 0.5812087826916934 0.5811687442624041 0.5811287058331146 0.5810886674038251 0.5810486289745357 0.5810085905452462 0.5807780762370476 0.5803439389074074 0.5799098015777665 0.5794756642481262 0.5790415269184861 0.5786073895888459 0.5781732522592057 0.5777391149295655 0.5773049775999254 0.5768708402702851 0.576436702940645 0.5760025656110048 0.5755684282813646 0.5751342909517244 0.5747001536220843 0.5742660162924433 0.5738318789628031 0.5733977416331629 0.5729636043035228 0.5725294669738825 0.5720953296442424 0.5716611923146022 0.571227054984962 0.5707929176553218 0.5703587803256817 -9999.0 -9999.0 -9999.0 -9999.0 -9999.0
0.5823391558810103 0.5822934615845377 0.5822477672880652 0.5822020729915925 0.5821563786951199 0.5821106843986474 0.5820649901021748 0.5820192958057023 0.5819736015092297 0.5819279072127572 0.5818822129162846 0.5818365186198121 0.5817908243233396 0.581745130026867 0.5815146336930826 0.5810865798028167 0.5806585259125501 0.5802304720222841 0.579802418132018 0.5793743642417521 0.5789463103514861 0.5785182564612202 0.5780902025709542 0.5776621486806882 0.5772340947904223 0.5768060409001563 0.5763779870098904 0.5759499331196244 0.5755218792293584 0.5750938253390917 0.5746657714488258 0.5742377175585598 0.5738096636682938 0.5733816097780279 0.5729535558877619 0.572525501997496 0.57209744810723 0.5716693942169639 0.571241340326698 -9999.0 -9999.0 -9999.0 -9999.0 -9999.0
0.5831492216360114 0.5830978714723557 0.5830465213087 0.5829951711450443 0.5829438209813886 0.582892470817733 0.5828411206540774 0.5827897704904218 0.5827384203267661 0.5826870701631105 0.5826357199994548 0.5825843698357992 0.5825330196721435 0.5824816695084879 0.5822511911491179 0.5818292206982262 0.5814072502473336 0.5809852797964419 0.5805633093455501 0.5801413388946584 0.5797193684437667 0.5792973979928749 0.5788754275419832 0.5784534570910914 0.5780314866401997 0.5776095161893079 0.5771875457384161 0.5767655752875244 0.5763436048366326 0.5759216343857402 0.5754996639348484 0.5750776934839567 0.5746557230330649 0.5742337525821731 0.5738117821312814 0.5733898116803896 0.5729678412294978 0.5725458707786061 0.5721239003277143 -9999.0 -9999.0 -9999.0 -9999.0 -9999.0
0.5839592873910123 0.5839022813601736 0.5838452753293348 0.583788269298496 0.5837312632676573 0.5836742572368185 0.5836172512059798 0.5835602451751412 0.5835032391443024 0.5834462331134637 0.583389227082625 0.5833322210517862 0.5832752150209475 0.5832182089901088 0.582987748605153 0.5825718615936355 0.5821559745821172 0.5817400875705997 0.5813242005590822 0.5809083135475646 0.580492426536047 0.5800765395245295 0.579660652513012 0.5792447655014945 0.5788288784899769 0.5784129914784594 0.5779971044669419 0.5775812174554243 0.5771653304439068 0.5767494434323885 0.576333556420871 0.5759176694093535 0.5755017823978359 0.5750858953863184 0.5746700083748009 0.5742541213632834 0.5738382343517658 0.5734223473402482 0.5730064603287307 -9999.0 -9999.0 -9999.0 -9999.0 -9999.0
0.5847693531460141 0.5847066912479922 0.5846440293499704 0.5845813674519484 0.5845187055539267 0.5844560436559049 0.584393381757883 0.5843307198598612 0.5842680579618393 0.5842053960638175 0.5841427341657958 0.5840800722677739 0.5840174103697521 0.5839547484717302 0.5837243060611887 0.5833145024890455 0.5829046989169014 0.5824948953447582 0.5820850917726148 0.5816752882004715 0.5812654846283282 0.5808556810561849 0.5804458774840415 0.5800360739118983 0.579626270339755 0.5792164667676116 0.5788066631954684 0.578396859623325 0.5779870560511817 0.5775772524790377 0.5771674489068944 0.576757645334751 0.5763478417626078 0.5759380381904644 0.5755282346183211 0.5751184310461778 0.5747086274740345 0.5742988239018912 0.5738890203297479 0.5734792167576046 0.5730694131854612 0.572659609613318 -9999.0 -9999.0
0.5857312306789592 0.5856773367523361 0.5856234428257131 0.58556954889909 0.5855156549724669 0.5854617610458439 0.5854078671192208 0.5853539731925977 0.5853000792659747 0.5852461853393517 0.5851922914127287 0.5851383974861056 0.5850845035594826 0.5850306096328596 0.5848052537236605 0.5843966010781272 0.583987948432593 0.5835792957870596 0.5831706431415262 0.5827619904959928 0.5823533378504594 0.5819446852049259 0.5815360325593926 0.5811273799138591 0.5807187272683257 0.5803100746227923 0.5799014219772589 0.5794927693317254 0.5790841166861921 0.578675464040658 0.5782668113951245 0.5778581587495911 0.5774495061040577 0.5770408534585243 0.5766322008129908 0.5762235481674575 0.575814895521924 0.5754062428763906 0.5749975902308572 0.5745889375853238 0.5741802849397903 0.573771632294257 0.5733629796487228 0.5729543270031894
0.5868553854295013 0.5868256776481753 0.5867959698668492 0.5867662620855232 0.5867365543041971 0.5867068465228711 0.586677138741545 0.586647430960219 0.5866177231788929 0.5865880153975669 0.5865583076162408 0.5865285998349148 0.5864988920535887 0.5864691842722627 0.5862543328000788 0.585841558536047 0.5854287842720147 0.5850160100079831 0.5846032357439513 0.5841904614799197 0.5837776872158881 0.5833649129518564 0.5829521386878248 0.5825393644237931 0.5821265901597614 0.5817138158957298 0.5813010416316982 0.5808882673676665 0.5804754931036349 0.5800627188396025 0.5796499445755708 0.5792371703115392 0.5788243960475075 0.5784116217834758 0.5779988475194442 0.5775860732554126 0.5771732989913809 0.5767605247273492 0.5763477504633175 0.5759349761992859 0.5755222019352543 0.5751094276712226 0.5746966534071902 0.5742838791431586
0.5879795401800435 0.5879740185440144 0.5879684969079854 0.5879629752719563 0.5879574536359272 0.5879519319998981 0.5879464103638691 0.5879408887278401 0.587935367091811 0.587929845455782 0.5879243238197529 0.5879188021837238 0.5879132805476948 0.5879077589116657 0.5877034118764968 0.5872865159939669 0.5868696201114363 0.5864527242289064 0.5860358283463765 0.5856189324638466 0.5852020365813166 0.5847851406987868 0.5843682448162569 0.583951348933727 0.5835344530511971 0.5831175571686672 0.5827006612861373 0.5822837654036075 0.5818668695210776 0.581449973638547 0.5810330777560171 0.5806161818734872 0.5801992859909573 0.5797823901084274 0.5793654942258974 0.5789485983433675 0.5785317024608377 0.5781148065783078 0.5776979106957779 0.577281014813248 0.5768641189307181 0.5764472230481882 0.5760303271656576 0.5756134312831277
0.5891036949305857 0.5891223594398536 0.5891410239491216 0.5891596884583895 0.5891783529676574 0.5891970174769254 0.5892156819861933 0.5892343464954612 0.5892530110047292 0.5892716755139972 0.5892903400232651 0.589309004532533 0.5893276690418009 0.5893463335510689 0.5891524909529149 0.5887314734518868 0.588310455950858 0.5878894384498298 0.5874684209488017 0.5870474034477735 0.5866263859467454 0.5862053684457172 0.5857843509446892 0.585363333443661 0.5849423159426329 0.5845212984416047 0.5841002809405766 0.5836792634395485 0.5832582459385203 0.5828372284374915 0.5824162109364633 0.5819951934354352 0.5815741759344071 0.5811531584333789 0.5807321409323508 0.5803111234313226 0.5798901059302946 0.5794690884292664 0.5790480709282383 0.5786270534272101 0.578206035926182 0.5777850184251538 0.577364000924125 0.5769429834230969
0.5902278496811278 0.5902707003356928 0.5903135509902577 0.5903564016448227 0.5903992522993876 0.5904421029539526 0.5904849536085175 0.5905278042630825 0.5905706549176474 0.5906135055722123 0.5906563562267773 0.5906992068813421 0.590742057535907 0.590784908190472 0.590601570029333 0.5901764309098066 0.5897512917902796 0.5893261526707532 0.5889010135512268 0.5884758744317005 0.5880507353121741 0.5876255961926478 0.5872004570731213 0.5867753179535949 0.5863501788340686 0.5859250397145422 0.5854999005950159 0.5850747614754894 0.5846496223559631 0.584224483236436 0.5837993441169096 0.5833742049973832 0.5829490658778569 0.5825239267583305 0.5820987876388042 0.5816736485192777 0.5812485093997514 0.580823370280225 0.5803982311606987 0.5799730920411723 0.5795479529216458 0.5791228138021195 0.5786976746825925 0.578272535563066
0.5913520044316709 0.5914190412315329 0.5914860780313949 0.5915531148312568 0.5916201516311188 0.5916871884309808 0.5917542252308426 0.5918212620307046 0.5918882988305666 0.5919553356304285 0.5920223724302904 0.5920894092301524 0.5921564460300143 0.5922234828298762 0.5920506491057523 0.5916213883677277 0.5911921276297023 0.5907628668916778 0.5903336061536532 0.5899043454156285 0.5894750846776039 0.5890458239395793 0.5886165632015546 0.58818730246353 0.5877580417255054 0.5873287809874809 0.5868995202494562 0.5864702595114316 0.586040998773407 0.5856117380353817 0.5851824772973571 0.5847532165593324 0.5843239558213078 0.5838946950832832 0.5834654343452585 0.5830361736072339 0.5826069128692093 0.5821776521311848 0.5817483913931601 0.5813191306551355 0.5808898699171109 0.5804606091790863 0.580031348441061 0.5796020877030363
0.5924761591822132 0.592567382127372 0.592658605072531 0.59274982801769 0.592841050962849 0.592932273908008 0.5930234968531669 0.5931147197983258 0.5932059427434847 0.5932971656886437 0.5933883886338026 0.5934796115789616 0.5935708345241204 0.5936620574692794 0.5934997281821704 0.5930663458256475 0.592632963469124 0.5921995811126012 0.5917661987560783 0.5913328163995555 0.5908994340430326 0.5904660516865098 0.5900326693299869 0.589599286973464 0.5891659046169412 0.5887325222604183 0.5882991399038955 0.5878657575473726 0.5874323751908498 0.5869989928343262 0.5865656104778033 0.5861322281212804 0.5856988457647576 0.5852654634082347 0.5848320810517119 0.584398698695189 0.5839653163386662 0.5835319339821433 0.5830985516256205 0.5826651692690976 0.5822317869125748 0.5817984045560519 0.5813650221995283 0.5809316398430054
0.5936003139327553 0.5937157230232112 0.5938311321136671 0.5939465412041233 0.5940619502945792 0.594177359385035 0.594292768475491 0.5944081775659469 0.5945235866564028 0.5946389957468587 0.5947544048373147 0.5948698139277706 0.5949852230182265 0.5951006321086824 0.5949488072585885 0.5945113032835674 0.5940737993085455 0.5936362953335245 0.5931987913585034 0.5927612873834823 0.5923237834084611 0.5918862794334401 0.591448775458419 0.5910112714833979 0.5905737675083769 0.5901362635333558 0.5896987595583346 0.5892612555833135 0.5888237516082925 0.5883862476332706 0.5879487436582496 0.5875112396832285 0.5870737357082073 0.5866362317331862 0.5861987277581652 0.5857612237831441 0.585323719808123 0.584886215833102 0.5844487118580808 0.5840112078830597 0.5835737039080386 0.5831361999330176 0.5826986959579957 0.5822611919829747
0.5947244686832974 0.5948640639190503 0.5950036591548032 0.5951432543905565 0.5952828496263094 0.5954224448620623 0.5955620400978152 0.5957016353335681 0.595841230569321 0.5959808258050739 0.5961204210408269 0.5962600162765798 0.5963996115123327 0.5965392067480856 0.5963978863350067 0.5959562607414873 0.5955146351479672 0.5950730095544479 0.5946313839609285 0.5941897583674092 0.5937481327738899 0.5933065071803706 0.5928648815868512 0.5924232559933319 0.5919816303998126 0.5915400048062932 0.5910983792127739 0.5906567536192546 0.5902151280257353 0.5897735024322152 0.5893318768386958 0.5888902512451765 0.5884486256516571 0.5880070000581379 0.5875653744646185 0.5871237488710992 0.5866821232775798 0.5862404976840605 0.5857988720905412 0.5853572464970218 0.5849156209035026 0.5844739953099832 0.5840323697164631 0.5835907441229438
0.5958486234338396 0.5960124048148895 0.5961761861959394 0.5963399675769896 0.5965037489580395 0.5966675303390894 0.5968313117201393 0.5969950931011891 0.597158874482239 0.597322655863289 0.5974864372443389 0.5976502186253888 0.5978140000064387 0.5979777813874886 0.5978469654114247 0.5974012181994071 0.5969554709873888 0.5965097237753713 0.5960639765633536 0.5956182293513361 0.5951724821393185 0.5947267349273009 0.5942809877152834 0.5938352405032657 0.5933894932912482 0.5929437460792306 0.5924979988672131 0.5920522516551955 0.591606504443178 0.5911607572311597 0.5907150100191421 0.5902692628071246 0.5898235155951069 0.5893777683830894 0.5889320211710718 0.5884862739590543 0.5880405267470367 0.5875947795350192 0.5871490323230015 0.5867032851109839 0.5862575378989664 0.5858117906869488 0.5853660434749305 0.584920296262913
