Figures/CREST_Example_wjb_NSE/PETs/wjb.pet.20100829.asc
ncols            288
nrows            254
xllcorner        113.274861
yllcorner        31.4918055
cellsize         0.008333333333
NODATA_value     -9999
[rows 140 to 159 of 254, columns 176 to 219 of 288]
3.4836104694675982 3.4850680074693217 3.4865255454710455 3.487983083472769 3.4894406214744924 3.4908981594762163 3.4923556974779424 3.493813235479666 3.4952707734813897 3.496728311483113 3.498185849484837 3.4996433874865605 3.5011009254882843 3.5025584634900078 3.5040160014917316 3.505473539493455 3.5068586861362143 3.50816644477827 3.509474203420325 3.510781962062383 3.512089720704438 3.5133974793464935 3.514705237988549 3.516012996630604 3.5173207552726597 3.518628513914715 3.5199362725567704 3.5212440311988256 3.522551789840881 3.5238595484829367 3.525167307124992 3.5264750657670474 3.5277828244091047 3.5290905830511603 3.530398341693216 3.531706100335271 3.5330138589773266 3.5343216176193817 3.5356293762614373 3.536937134903493 3.538244893545548 3.5395526521876035 3.5408604108296586 3.542168169471714
3.4866498842596316 3.488070106094973 3.4894903279303144 3.4909105497656556 3.492330771600997 3.493750993436338 3.495171215271682 3.496591437107023 3.498011658942364 3.499431880777706 3.500852102613047 3.502272324448388 3.5036925462837294 3.505112768119071 3.506532989954412 3.5079532117897534 3.509321913578154 3.5106355392706514 3.511949164963149 3.5132627906556486 3.514576416348146 3.5158900420406436 3.517203667733141 3.5185172934256386 3.5198309191181356 3.521144544810633 3.5224581705031306 3.523771796195628 3.5250854218881256 3.526399047580623 3.5277126732731205 3.5290262989656176 3.5303399246581173 3.531653550350615 3.5329671760431123 3.5342808017356098 3.5355944274281073 3.5369080531206047 3.538221678813102 3.5395353045055993 3.5408489301980968 3.5421625558905943 3.5434761815830917 3.5447898072755892
3.489689299051665 3.491072204720624 3.492455110389583 3.493838016058542 3.4952209217275008 3.4966038273964597 3.497986733065421 3.49936963873438 3.5007525444033387 3.5021354500722977 3.5035183557412566 3.5049012614102155 3.5062841670791745 3.5076670727481334 3.5090499784170923 3.5104328840860513 3.5117851410200935 3.513104633763033 3.5144241265059724 3.5157436192489144 3.517063111991854 3.5183826047347933 3.5197020974777327 3.521021590220672 3.522341082963612 3.5236605757065513 3.5249800684494907 3.52629956119243 3.5276190539353696 3.5289385466783094 3.530258039421249 3.5315775321641882 3.53289702490713 3.5342165176500693 3.535536010393009 3.5368555031359485 3.538174995878888 3.5394944886218274 3.5408139813647668 3.5421334741077066 3.543452966850646 3.5447724595935854 3.546091952336525 3.5474114450794643
3.4927287138436984 3.494074303346275 3.4954198928488514 3.496765482351428 3.4981110718540047 3.4994566613565814 3.5008022508591603 3.502147840361737 3.5034934298643132 3.50483901936689 3.5061846088694666 3.5075301983720433 3.50887578787462 3.510221377377196 3.511566966879773 3.5129125563823496 3.514248368462033 3.515573728255415 3.5168990880487963 3.5182244478421802 3.519549807635562 3.5208751674289434 3.522200527222325 3.5235258870157065 3.5248512468090882 3.5261766066024696 3.5275019663958513 3.5288273261892327 3.5301526859826144 3.5314780457759958 3.5328034055693776 3.534128765362759 3.535454125156143 3.536779484949524 3.538104844742906 3.5394302045362873 3.540755564329669 3.5420809241230504 3.543406283916432 3.5447316437098135 3.5460570035031953 3.5473823632965766 3.5487077230899584 3.5500330828833397
3.495768128635734 3.4970764019719285 3.4983846753081225 3.499692948644317 3.501001221980511 3.5023094953167053 3.5036177686529015 3.504926041989096 3.50623431532529 3.5075425886614844 3.5088508619976784 3.510159135333873 3.511467408670067 3.5127756820062612 3.514083955342455 3.5153922286786496 3.516711595903975 3.5180428227477987 3.5193740495916224 3.520705276435448 3.5220365032792715 3.5233677301230952 3.524698956966919 3.5260301838107426 3.527361410654566 3.5286926374983896 3.5300238643422133 3.531355091186037 3.5326863180298607 3.534017544873684 3.5353487717175076 3.5366799985613313 3.5380112254051572 3.539342452248981 3.5406736790928046 3.542004905936628 3.5433361327804516 3.5446673596242753 3.545998586468099 3.5473298133119227 3.548661040155746 3.5499922669995696 3.5513234938433933 3.552654720687217
3.4988075434277675 3.500078500597579 3.501349457767391 3.502620414937203 3.503891372107015 3.5051623292768266 3.5064332864466405 3.5077042436164527 3.5089752007862645 3.510246157956076 3.5115171151258884 3.5127880722957 3.514059029465512 3.5153299866353236 3.5166009438051358 3.5178719009749475 3.519174823345914 3.52051191724018 3.521849011134446 3.5231861050287137 3.5245231989229793 3.525860292817245 3.5271973867115105 3.5285344806057766 3.529871574500042 3.531208668394308 3.5325457622885734 3.533882856182839 3.5352199500771047 3.5365570439713703 3.5378941378656363 3.539231231759902 3.54056832565417 3.5419054195484354 3.543242513442701 3.5445796073369666 3.5459167012312323 3.5472537951254983 3.548590889019764 3.5499279829140296 3.551265076808295 3.552602170702561 3.5539392645968264 3.555276358491092
3.501846958219801 3.5030805992232303 3.50431424022666 3.5055478812300893 3.506781522233519 3.5080151632369483 3.50924880424038 3.5104824452438095 3.511716086247239 3.5129497272506685 3.514183368254098 3.515417009257528 3.5166506502609574 3.517884291264387 3.5191179322678163 3.520351573271246 3.521638050787854 3.5229810117325617 3.5243239726772697 3.5256669336219795 3.5270098945666875 3.528352855511395 3.529695816456103 3.5310387774008105 3.5323817383455185 3.533724699290226 3.535067660234934 3.5364106211796416 3.537753582124349 3.539096543069057 3.5404395040137646 3.5417824649584726 3.5431254259031824 3.5444683868478903 3.545811347792598 3.547154308737306 3.5484972696820134 3.5498402306267214 3.551183191571429 3.5525261525161365 3.5538691134608444 3.555212074405552 3.55655503535026 3.5578979962949675
3.5048863730118343 3.5060826978488815 3.5072790226859287 3.5084753475229755 3.5096716723600228 3.51086799719707 3.512064322034119 3.5132606468711662 3.5144569717082135 3.5156532965452607 3.516849621382308 3.518045946219355 3.519242271056402 3.520438595893449 3.5216349207304964 3.5228312455675437 3.5241012782297934 3.5254501062249433 3.526798934220093 3.5281477622152453 3.529496590210395 3.5308454182055447 3.5321942462006946 3.5335430741958445 3.5348919021909944 3.536240730186144 3.5375895581812937 3.5389383861764436 3.5402872141715935 3.541636042166743 3.542984870161893 3.544333698157043 3.545682526152195 3.5470313541473444 3.5483801821424943 3.549729010137644 3.551077838132794 3.5524266661279436 3.5537754941230935 3.5551243221182434 3.5564731501133933 3.5578219781085427 3.5591708061036926 3.5605196340988425
3.5077245249431304 3.5088770775328477 3.510029630122565 3.5111821827122824 3.512334735302 3.513487287891717 3.5146398404814367 3.515792393071154 3.5169449456608715 3.518097498250589 3.519250050840306 3.520402603430024 3.5215551560197413 3.5227077086094587 3.523860261199176 3.5250128137888934 3.5262520753400115 3.527584030732797 3.5289159861255817 3.530247941518369 3.5315798969111545 3.5329118523039393 3.5342438076967246 3.5355757630895095 3.536907718482295 3.53823967387508 3.539571629267865 3.5409035846606502 3.542235540053435 3.5435674954462204 3.5448994508390057 3.5462314062317906 3.547563361624578 3.5488953170173634 3.5502272724101482 3.5515592278029335 3.5528911831957184 3.5542231385885037 3.5555550939812886 3.556887049374074 3.558219004766859 3.559550960159644 3.5608829155524293 3.5622148709452146
3.5103475395634995 3.5114494187623326 3.5125512979611657 3.513653177159999 3.514755056358832 3.515856935557665 3.5169588147565 3.518060693955333 3.519162573154166 3.520264452352999 3.521366331551832 3.5224682107506653 3.5235700899494984 3.5246719691483315 3.5257738483471646 3.5268757275459977 3.528068904120591 3.529359679655623 3.530650455190654 3.531941230725688 3.5332320062607194 3.534522781795751 3.5358135573307825 3.5371043328658143 3.5383951084008456 3.5396858839358774 3.5409766594709087 3.5422674350059404 3.5435582105409718 3.5448489860760035 3.546139761611035 3.5474305371460666 3.5487213126811 3.550012088216132 3.551302863751163 3.552593639286195 3.5538844148212263 3.5551751903562576 3.5564659658912894 3.5577567414263207 3.5590475169613525 3.560338292496384 3.5616290680314155 3.562919843566447
3.512970554183871 3.5140217599918193 3.515072965799768 3.516124171607717 3.5171753774156658 3.518226583223614 3.5192777890315647 3.5203289948395136 3.5213802006474624 3.5224314064554108 3.5234826122633596 3.5245338180713084 3.525585023879257 3.5266362296872056 3.5276874354951544 3.528738641303103 3.5298857329011724 3.53113532857845 3.532384924255728 3.533634519933008 3.534884115610286 3.536133711287564 3.5373833069648417 3.53863290264212 3.5398824983193977 3.5411320939966755 3.5423816896739533 3.5436312853512315 3.5448808810285093 3.546130476705787 3.5473800723830653 3.548629668060343 3.549879263737623 3.551128859414901 3.552378455092179 3.553628050769457 3.5548776464467347 3.556127242124013 3.5573768378012907 3.5586264334785684 3.5598760291558467 3.5611256248331244 3.5623752205104022 3.5636248161876805
3.5155935688042397 3.5165941012213042 3.5175946336383688 3.518595166055433 3.5195956984724974 3.520596230889562 3.521596763306628 3.5225972957236924 3.5235978281407565 3.524598360557821 3.525598892974885 3.5265994253919497 3.5275999578090143 3.5286004902260784 3.529601022643143 3.5306015550602075 3.531702561681752 3.532910977501276 3.5341193933208004 3.535327809140327 3.536536224959851 3.5377446407793753 3.5389530565988996 3.5401614724184243 3.5413698882379485 3.5425783040574728 3.543786719876997 3.5449951356965212 3.5462035515160455 3.54741196733557 3.5486203831550944 3.5498287989746187 3.551037214794145 3.5522456306136694 3.5534540464331936 3.554662462252718 3.555870878072242 3.557079293891767 3.558287709711291 3.5594961255308153 3.5607045413503395 3.561912957169864 3.563121372989388 3.5643297888089127
3.518216583424609 3.519166442450789 3.520116301476969 3.5210661605031492 3.522016019529329 3.5229658785555094 3.523915737581691 3.524865596607871 3.525815455634051 3.526765314660231 3.527715173686411 3.528665032712591 3.5296148917387713 3.530564750764951 3.5315146097911314 3.5324644688173112 3.5335193904623314 3.534686626424102 3.535853862385873 3.5370210983476458 3.5381883343094165 3.539355570271187 3.540522806232958 3.5416900421947286 3.5428572781564993 3.54402451411827 3.5451917500800407 3.5463589860418114 3.547526222003582 3.548693457965353 3.5498606939271236 3.5510279298888943 3.552195165850667 3.553362401812438 3.5545296377742086 3.5556968737359793 3.55686410969775 3.5580313456595207 3.5591985816212914 3.560365817583062 3.561533053544833 3.5627002895066036 3.5638675254683743 3.565034761430145
3.5208395980449785 3.521738783680274 3.5226379693155696 3.5235371549508656 3.524436340586161 3.5253355262214567 3.526234711856754 3.5271338974920496 3.5280330831273456 3.528932268762641 3.5298314543979368 3.530730640033233 3.5316298256685283 3.532529011303824 3.53342819693912 3.5343273825744155 3.535336219242911 3.536462275346928 3.5375883314509453 3.5387143875549643 3.5398404436589814 3.5409664997629986 3.5420925558670158 3.543218611971033 3.54434466807505 3.5454707241790673 3.5465967802830844 3.5477228363871016 3.548848892491119 3.5499749485951355 3.5511010046991527 3.55222706080317 3.553353116907189 3.554479173011206 3.555605229115223 3.5567312852192403 3.5578573413232575 3.5589833974272747 3.560109453531292 3.561235509635309 3.562361565739326 3.5634876218433433 3.5646136779473605 3.5657397340513772
3.523462612665347 3.524311124909759 3.5251596371541702 3.5260081493985815 3.526856661642993 3.5277051738874046 3.528553686131817 3.5294021983762285 3.5302507106206398 3.5310992228650515 3.531947735109463 3.532796247353874 3.5336447595982854 3.534493271842697 3.5353417840871084 3.5361902963315197 3.537153048023491 3.538237924269754 3.5393228005160178 3.540407676762283 3.541492553008547 3.5425774292548105 3.543662305501074 3.5447471817473373 3.545832057993601 3.5469169342398645 3.548001810486128 3.5490866867323914 3.550171562978655 3.5512564392249186 3.5523413154711823 3.553426191717446 3.5545110679637113 3.5555959442099745 3.556680820456238 3.5577656967025018 3.5588505729487654 3.559935449195029 3.561020325441292 3.562105201687556 3.5631900779338195 3.564274954180083 3.5653598304263467 3.56644470667261
3.5260856272857164 3.5268834661392434 3.5276813049927704 3.528479143846298 3.529276982699825 3.530074821553352 3.5308726604068803 3.5316704992604073 3.5324683381139343 3.5332661769674614 3.5340640158209884 3.5348618546745154 3.5356596935280424 3.53645753238157 3.537255371235097 3.538053210088624 3.5389698768040705 3.5400135731925806 3.5410572695810902 3.542100965969602 3.543144662358112 3.544188358746622 3.545232055135132 3.546275751523642 3.5473194479121517 3.548363144300662 3.549406840689172 3.5504505370776815 3.5514942334661916 3.5525379298547017 3.5535816262432114 3.5546253226317215 3.5556690190202334 3.556712715408743 3.557756411797253 3.558800108185763 3.5598438045742733 3.560887500962783 3.561931197351293 3.562974893739803 3.564018590128313 3.565062286516823 3.566105982905333 3.5671496792938426
3.528708641906086 3.5294558073687283 3.530202972831371 3.530950138294014 3.5316973037566566 3.5324444692192993 3.5331916346819434 3.533938800144586 3.534685965607229 3.5354331310698717 3.5361802965325144 3.536927461995157 3.5376746274578 3.5384217929204427 3.5391689583830854 3.539916123845728 3.54078670558465 3.5417892221154066 3.5427917386461627 3.543794255176921 3.544796771707677 3.5457992882384337 3.54680180476919 3.5478043212999464 3.5488068378307025 3.549809354361459 3.550811870892215 3.5518143874229717 3.552816903953728 3.5538194204844844 3.5548219370152405 3.555824453545997 3.556826970076755 3.5578294866075115 3.5588320031382676 3.559834519669024 3.5608370361997808 3.561839552730537 3.5628420692612934 3.5638445857920495 3.564847102322806 3.565849618853562 3.566852135384319 3.567854651915075
3.531331656526457 3.5320281485982155 3.5327246406699735 3.533421132741732 3.5341176248134905 3.534814116885249 3.5355106089570083 3.536207101028767 3.536903593100525 3.5376000851722833 3.538296577244042 3.5389930693158003 3.5396895613875583 3.540386053459317 3.5410825455310753 3.5417790376028333 3.542603534365231 3.543564871038234 3.5445262077112365 3.545487544384241 3.5464488810572434 3.5474102177302465 3.548371554403249 3.549332891076252 3.5502942277492546 3.551255564422257 3.5522169010952602 3.553178237768263 3.5541395744412654 3.5551009111142684 3.556062247787271 3.5570235844602736 3.557984921133278 3.558946257806281 3.5599075944792835 3.5608689311522865 3.561830267825289 3.5627916044982917 3.5637529411712947 3.5647142778442973 3.5656756145173 3.566636951190303 3.5675982878633055 3.568559624536308
3.533954671146826 3.5346004898277004 3.535246308508574 3.5358921271894483 3.5365379458703226 3.5371837645511963 3.5378295832320714 3.5384754019129456 3.5391212205938194 3.5397670392746936 3.5404128579555674 3.5410586766364416 3.541704495317316 3.5423503139981896 3.5429961326790638 3.5436419513599375 3.544420363145811 3.54534051996106 3.546260676776309 3.54718083359156 3.548100990406809 3.549021147222058 3.5499413040373073 3.5508614608525564 3.5517816176678054 3.5527017744830545 3.553621931298304 3.554542088113553 3.555462244928802 3.556382401744051 3.5573025585593006 3.5582227153745496 3.5591428721898004 3.5600630290050495 3.5609831858202985 3.5619033426355475 3.562823499450797 3.563743656266046 3.564663813081295 3.565583969896544 3.5665041267117936 3.5674242835270427 3.5683444403422917 3.5692645971575407
3.5365776857671953 3.5371728310571853 3.5377679763471748 3.5383631216371643 3.538958266927154 3.5395534122171437 3.5401485575071345 3.5407437027971245 3.541338848087114 3.5419339933771035 3.5425291386670934 3.543124283957083 3.543719429247073 3.5443145745370623 3.5449097198270523 3.5455048651170418 3.5462371919263904 3.547116168883886 3.5479951458413814 3.5488741227988783 3.549753099756374 3.5506320767138697 3.551511053671365 3.5523900306288607 3.553269007586356 3.5541479845438517 3.5550269615013472 3.5559059384588427 3.5567849154163382 3.557663892373834 3.5585428693313297 3.559421846288825 3.560300823246322 3.5611798002038175 3.562058777161313 3.5629377541188085 3.5638167310763045 3.5646957080338 3.5655746849912955 3.566453661948791 3.5673326389062865 3.568211615863782 3.5690905928212775 3.569969569778773
