Figures/CREST_Example_wjb_NSE/PETs/wjb.pet.20100811.asc
ncols            288
nrows            254
xllcorner        113.274861
yllcorner        31.4918055
cellsize         0.008333333333
NODATA_value     -9999
[rows 160 to 179 of 254, columns 88 to 131 of 288]
3.80983445616079 3.8114659890957796 3.8130975220307697 3.8147290549657624 3.816360587900752 3.817992120835742 3.819623653770732 3.821255186705722 3.822886719640712 3.8245182525757015 3.8261497855106916 3.8277813184456817 3.8294128513806713 3.8310443843156614 3.8323060877158395 3.8331724349810146 3.834038782246191 3.834905129511366 3.835771476776541 3.8366378240417167 3.837504171306892 3.838370518572067 3.839236865837242 3.840103213102417 3.840969560367592 3.8418359076327673 3.842702254897943 3.843568602163118 3.844434949428293 3.8453012966934694 3.8461676439586445 3.84703399122382 3.847900338488995 3.8487666857541702 3.8496330330193453 3.8504993802845204 3.8513657275496955 3.8522320748148706 3.853098422080046 3.8539647693452213 3.8548311166103963 3.8556974638755714 3.856563811140748 3.8574301584059234
3.8176050772402337 3.8188377370676436 3.8200703968950536 3.8213030567224653 3.8225357165498752 3.823768376377285 3.825001036204695 3.8262336960321046 3.8274663558595146 3.8286990156869245 3.8299316755143344 3.831164335341744 3.832396995169154 3.833629654996564 3.8347399820705164 3.835719532664933 3.8366990832593513 3.837678633853768 3.838658184448185 3.839637735042601 3.840617285637018 3.8415968362314348 3.8425763868258516 3.843555937420268 3.8445354880146847 3.8455150386091015 3.846494589203518 3.8474741397979346 3.8484536903923514 3.8494332409867695 3.8504127915811863 3.851392342175603 3.8523718927700195 3.8533514433644362 3.854330993958853 3.85531054455327 3.856290095147686 3.857269645742103 3.8582491963365197 3.859228746930936 3.860208297525353 3.8611878481197697 3.862167398714188 3.8631469493086046
3.8253756983196783 3.8262094850395076 3.8270432717593375 3.827877058479169 3.828710845198999 3.8295446319188287 3.830378418638658 3.831212205358488 3.8320459920783176 3.8328797787981475 3.8337135655179773 3.834547352237807 3.835381138957637 3.8362149256774667 3.837173876425194 3.838266630348852 3.839359384272512 3.8404521381961705 3.8415448921198285 3.8426376460434866 3.8437303999671446 3.844823153890803 3.845915907814461 3.847008661738119 3.848101415661777 3.8491941695854357 3.8502869235090937 3.851379677432752 3.85247243135641 3.85356518528007 3.854657939203728 3.855750693127386 3.8568434470510446 3.8579362009747027 3.8590289548983607 3.8601217088220188 3.8612144627456773 3.8623072166693353 3.8633999705929933 3.8644927245166514 3.86558547844031 3.866678232363968 3.8677709862876277 3.8688637402112858
3.833146319399129 3.8335812330113783 3.834016146623628 3.834451060235878 3.8348859738481273 3.8353208874603766 3.8357558010726263 3.8361907146848755 3.836625628297125 3.8370605419093744 3.8374954555216236 3.8379303691338733 3.8383652827461225 3.838800196358372 3.8396077707798737 3.8408137280327734 3.8420196852856754 3.843225642538575 3.844431599791475 3.8456375570443746 3.8468435142972743 3.848049471550174 3.849255428803074 3.8504613860559735 3.8516673433088733 3.852873300561773 3.8540792578146728 3.8552852150675725 3.8564911723204722 3.8576971295733737 3.8589030868262735 3.860109044079173 3.861315001332073 3.8625209585849727 3.8637269158378724 3.864932873090772 3.866138830343672 3.8673447875965716 3.8685507448494714 3.869756702102371 3.870962659355271 3.8721686166081706 3.8733745738610725 3.8745805311139723
3.8409169404785732 3.840952980983243 3.840989021487912 3.8410250619925814 3.8410611024972505 3.84109714300192 3.8411331835065896 3.8411692240112587 3.8412052645159283 3.8412413050205974 3.841277345525267 3.8413133860299364 3.8413494265346055 3.841385467039275 3.8420416651345515 3.8433608257166925 3.844679986298836 3.845999146880977 3.8473183074631185 3.84863746804526 3.849956628627401 3.8512757892095424 3.8525949497916834 3.853914110373825 3.855233270955966 3.8565524315381072 3.857871592120248 3.8591907527023896 3.8605099132845306 3.8618290738666743 3.8631482344488153 3.8644673950309567 3.8657865556130977 3.867105716195239 3.86842487677738 3.8697440373595215 3.8710631979416625 3.872382358523804 3.8737015191059454 3.8750206796880864 3.876339840270228 3.877659000852369 3.8789781614345125 3.8802973220166534
3.8486875615580174 3.8483247289551064 3.8479618963521958 3.8475990637492847 3.8472362311463737 3.846873398543463 3.8465105659405525 3.8461477333376415 3.845784900734731 3.8454220681318203 3.8450592355289097 3.8446964029259987 3.844333570323088 3.8439707377201775 3.8444755594892284 3.8459079234006115 3.8473402873119964 3.848772651223379 3.8502050151347618 3.8516373790461444 3.853069742957527 3.8545021068689103 3.855934470780293 3.8573668346916756 3.8587991986030583 3.860231562514441 3.8616639264258237 3.8630962903372064 3.864528654248589 3.8659610181599744 3.867393382071357 3.8688257459827398 3.8702581098941224 3.871690473805505 3.873122837716888 3.8745552016282705 3.875987565539653 3.8774199294510363 3.878852293362419 3.8802846572738017 3.8817170211851844 3.883149385096567 3.8845817490079524 3.886014112919335
3.8564581826374615 3.855696476926971 3.8549347712164796 3.8541730655059876 3.853411359795497 3.852649654085006 3.8518879483745154 3.8511262426640247 3.850364536953534 3.8496028312430433 3.8488411255325525 3.848079419822062 3.847317714111571 3.8465560084010804 3.846909453843906 3.8484550210845305 3.850000588325157 3.8515461555657815 3.8530917228064054 3.85463729004703 3.856182857287654 3.857728424528278 3.8592739917689025 3.860819559009527 3.862365126250151 3.863910693490775 3.865456260731399 3.8670018279720235 3.868547395212648 3.8700929624532745 3.871638529693899 3.8731840969345233 3.874729664175147 3.8762752314157716 3.8778207986563955 3.87936636589702 3.8809119331376443 3.882457500378268 3.8840030676188926 3.885548634859517 3.887094202100141 3.8886397693407653 3.890185336581392 3.8917309038220163
3.8642288037169057 3.863068224898835 3.861907646080764 3.8607470672626913 3.8595864884446205 3.8584259096265496 3.8572653308084788 3.856104751990408 3.854944173172337 3.853783594354266 3.852623015536196 3.851462436718125 3.850301857900054 3.8491412790819832 3.849343348198584 3.8510021187684496 3.852660889338318 3.8543196599081835 3.855978430478049 3.857637201047915 3.859295971617781 3.8609547421876464 3.862613512757512 3.8642722833273777 3.8659310538972433 3.867589824467109 3.869248595036975 3.8709073656068407 3.8725661361767063 3.8742249067465746 3.8758836773164402 3.8775424478863063 3.879201218456172 3.8808599890260376 3.882518759595903 3.884177530165769 3.8858363007356345 3.8874950713055 3.8891538418753657 3.890812612445232 3.8924713830150974 3.894130153584963 3.8957889241548314 3.8974476947246974
3.87199942479635 3.870439972870699 3.8688805209450483 3.8673210690193947 3.8657616170937437 3.864202165168093 3.862642713242442 3.861083261316791 3.85952380939114 3.8579643574654896 3.8564049055398386 3.8548454536141876 3.853286001688537 3.851726549762886 3.8517772425532613 3.8535492164523686 3.8553211903514786 3.857093164250586 3.8588651381496932 3.8606371120488 3.8624090859479074 3.8641810598470148 3.8659530337461216 3.867725007645229 3.8694969815443363 3.871268955443443 3.8730409293425505 3.874812903241658 3.8765848771407647 3.878356851039875 3.880128824938982 3.8819007988380894 3.8836727727371967 3.8854447466363036 3.887216720535411 3.8889886944345182 3.890760668333625 3.8925326422327324 3.8943046161318398 3.8960765900309466 3.897848563930054 3.8996205378291613 3.9013925117282713 3.9031644856273786
3.879770045875794 3.8778117208425633 3.875853395809332 3.873895070776098 3.8719367457428673 3.869978420709636 3.8680200956764055 3.8660617706431744 3.8641034456099437 3.8621451205767126 3.860186795543482 3.8582284705102508 3.85627014547702 3.854311820443789 3.854211136907939 3.8560963141362876 3.8579814913646393 3.8598666685929883 3.861751845821337 3.8636370230496855 3.865522200278034 3.8674073775063826 3.8692925547347317 3.8711777319630802 3.873062909191429 3.8749480864197774 3.876833263648126 3.878718440876475 3.8806036181048236 3.8824887953331753 3.884373972561524 3.886259149789873 3.8881443270182214 3.89002950424657 3.8919146814749186 3.893799858703267 3.895685035931616 3.8975702131599648 3.8994553903883133 3.901340567616662 3.9032257448450105 3.9051109220733595 3.906996099301711 3.90888127653006
3.8875406669552452 3.8851834688144335 3.8828262706736223 3.880469072532807 3.878111874391996 3.8757546762511845 3.8733974781103733 3.8710402799695616 3.8686830818287503 3.866325883687939 3.863968685547128 3.8616114874063165 3.8592542892655053 3.856897091124694 3.856645031262618 3.8586434118202084 3.8606417923778023 3.8626401729353925 3.864638553492983 3.866636934050573 3.8686353146081633 3.8706336951657536 3.872632075723344 3.874630456280934 3.8766288368385244 3.8786272173961147 3.880625597953705 3.8826239785112953 3.8846223590688855 3.886620739626479 3.888619120184069 3.8906175007416595 3.8926158812992497 3.89461426185684 3.8966126424144303 3.8986110229720206 3.900609403529611 3.902607784087201 3.9046061646447914 3.9066045452023817 3.908602925759972 3.910601306317562 3.912599686875156 3.9145980674327463
3.895311288034689 3.8925552167862976 3.889799145537906 3.8870430742895103 3.884287003041119 3.8815309317927276 3.878774860544336 3.876018789295945 3.8732627180475534 3.870506646799162 3.8677505755507706 3.8649945043023792 3.8622384330539883 3.859482361805597 3.859078925617296 3.8611905095041275 3.863302093390963 3.865413677277795 3.8675252611646265 3.8696368450514584 3.87174842893829 3.873860012825122 3.8759715967119535 3.8780831805987854 3.880194764485617 3.882306348372449 3.8844179322592804 3.8865295161461124 3.888641100032944 3.8907526839197795 3.892864267806611 3.894975851693443 3.8970874355802745 3.8991990194671065 3.901310603353938 3.90342218724077 3.9055337711276015 3.9076453550144334 3.909756938901265 3.911868522788097 3.9139801066749285 3.9160916905617604 3.918203274448596 3.9203148583354275
3.9030819091141336 3.899926964758162 3.8967720204021905 3.8936170760462137 3.890462131690242 3.887307187334271 3.8841522429782995 3.880997298622328 3.8778423542663565 3.8746874099103854 3.871532465554414 3.8683775211984424 3.865222576842471 3.8620676324864998 3.8615128199719733 3.8637376071880465 3.8659623944041237 3.868187181620197 3.87041196883627 3.8726367560523434 3.8748615432684166 3.87708633048449 3.879311117700563 3.8815359049166362 3.8837606921327095 3.885985479348783 3.8882102665648564 3.8904350537809296 3.892659840997003 3.8948846282130796 3.897109415429153 3.899334202645226 3.9015589898612992 3.9037837770773725 3.906008564293446 3.9082333515095193 3.9104581387255926 3.912682925941666 3.914907713157739 3.917132500373812 3.9193572875898854 3.9215820748059587 3.9238068620220354 3.926031649238109
3.9108525301935777 3.907298712730026 3.903744895266475 3.9001910778029174 3.8966372603393657 3.893083442875814 3.889529625412263 3.8859758079487112 3.88242199048516 3.8788681730216084 3.875314355558057 3.8717605380945055 3.868206720630954 3.8646529031674026 3.863946714326651 3.866284704871966 3.8686226954172844 3.8709606859625993 3.873298676507914 3.8756366670532287 3.877974657598543 3.880312648143858 3.8826506386891726 3.8849886292344875 3.887326619779802 3.889664610325117 3.892002600870432 3.8943405914157463 3.896678581961061 3.8990165725063797 3.9013545630516946 3.903692553597009 3.906030544142324 3.9083685346876385 3.9107065252329534 3.9130445157782683 3.9153825063235828 3.9177204968688977 3.920058487414212 3.922396477959527 3.9247344685048415 3.9270724590501564 3.929410449595475 3.93174844014079
3.918623151273022 3.9146704607018905 3.9107177701307587 3.9067650795596207 3.902812388988489 3.8988596984173576 3.8949070078462262 3.8909543172750944 3.887001626703963 3.8830489361328313 3.8790962455617 3.8751435549905686 3.871190864419437 3.8672381738483055 3.866380608681329 3.868831802555885 3.871282996430445 3.8737341903050013 3.8761853841795575 3.8786365780541137 3.88108777192867 3.8835389658032264 3.8859901596777826 3.8884413535523388 3.890892547426895 3.893343741301451 3.8957949351760073 3.8982461290505634 3.9006973229251196 3.9031485167996802 3.9055997106742364 3.9080509045487926 3.9105020984233487 3.912953292297905 3.915404486172461 3.9178556800470172 3.9203068739215734 3.9227580677961296 3.925209261670686 3.9276604555452423 3.9301116494197985 3.9325628432943547 3.935014037168915 3.937465231043471
3.9263937723524664 3.9220422086737545 3.917690644995043 3.913339081316324 3.9089875176376125 3.904635953958901 3.900284390280189 3.8959328266014777 3.891581262922766 3.8872296992440547 3.8828781355653432 3.8785265718866313 3.87417500820792 3.8698234445292083 3.868814503036006 3.871378900239804 3.873943297443606 3.8765076946474037 3.879072091851201 3.881636489054999 3.884200886258797 3.8867652834625943 3.889329680666392 3.89189407787019 3.8944584750739875 3.8970228722777853 3.8995872694815827 3.9021516666853806 3.9047160638891785 3.9072804610929803 3.909844858296778 3.9124092555005756 3.9149736527043735 3.9175380499081713 3.9201024471119688 3.9226668443157666 3.9252312415195645 3.927795638723362 3.9303600359271598 3.932924433130957 3.935488830334755 3.938053227538553 3.9406176247423548 3.9431820219461526
3.934164393431917 3.9294139566456248 3.924663519859333 3.919913083073033 3.915162646286741 3.910412209500449 3.905661772714157 3.900911335927865 3.896160899141573 3.891410462355281 3.886660025568989 3.881909588782697 3.877159151996405 3.872408715210113 3.8712483973906857 3.873925997923725 3.876603598456769 3.879281198989808 3.8819587995228475 3.8846364000558866 3.8873140005889257 3.8899916011219653 3.8926692016550044 3.895346802188044 3.898024402721083 3.900702003254122 3.9033796037871618 3.906057204320201 3.9087348048532404 3.911412405386284 3.9140900059193235 3.9167676064523627 3.9194452069854018 3.9221228075184413 3.9248004080514804 3.92747800858452 3.930155609117559 3.9328332096505982 3.935510810183638 3.938188410716677 3.9408660112497165 3.9435436117827556 3.9462212123157996 3.9488988128488387
3.9419350145113614 3.9367857046174892 3.9316363947236175 3.9264870848297364 3.921337774935864 3.9161884650419925 3.9110391551481203 3.905889845254248 3.9007405353603763 3.895591225466504 3.890441915572632 3.8852926056787602 3.880143295784888 3.874993985891016 3.873682291745363 3.876473095607644 3.8792638994699296 3.8820547033322104 3.884845507194491 3.887636311056772 3.890427114919053 3.8932179187813336 3.8960087226436144 3.898799526505895 3.9015903303681756 3.9043811342304564 3.907171938092737 3.909962741955018 3.912753545817299 3.9155443496795845 3.9183351535418653 3.921125957404146 3.923916761266427 3.9267075651287078 3.929498368990988 3.932289172853269 3.9350799767155498 3.9378707805778306 3.9406615844401114 3.943452388302392 3.946243192164673 3.949033996026954 3.9518247998892395 3.9546156037515203
3.950645263471351 3.9453333694051165 3.940021475338882 3.9347095812726383 3.9293976872064036 3.924085793140169 3.9187738990739343 3.9134620050076996 3.908150110941465 3.9028382168752302 3.8975263228089956 3.892214428742761 3.8869025346765262 3.8815906406102916 3.8801699601507575 3.882909075021786 3.8856481898928186 3.8883873047638464 3.8911264196348743 3.8938655345059026 3.8966046493769304 3.8993437642479583 3.9020828791189865 3.9048219939900144 3.9075611088610422 3.9103002237320705 3.9130393386030984 3.9157784534741262 3.9185175683451545 3.9212566832161873 3.923995798087215 3.926734912958243 3.9294740278292712 3.932213142700299 3.934952257571327 3.9376913724423552 3.940430487313383 3.943169602184411 3.945908717055439 3.948647831926467 3.951386946797495 3.954126061668523 3.9568651765395555 3.959604291410584
3.9603599154082394 3.9551380151474294 3.9499161148866193 3.9446942146258004 3.93947231436499 3.93425041410418 3.92902851384337 3.9238066135825598 3.9185847133217497 3.9133628130609392 3.908140912800129 3.902919012539319 3.897697112278509 3.892475212017699 3.890990857495517 3.893502023878314 3.8960131902611144 3.898524356643911 3.9010355230267075 3.9035466894095037 3.9060578557923002 3.908569022175097 3.9110801885578934 3.9135913549406895 3.916102521323486 3.9186136877062827 3.9211248540890793 3.9236360204718754 3.926147186854672 3.928658353237473 3.931169519620269 3.9336806860030658 3.9361918523858623 3.938703018768659 3.941214185151455 3.9437253515342516 3.946236517917048 3.948747684299845 3.9512588506826414 3.9537700170654375 3.956281183448234 3.9587923498310307 3.9613035162138313 3.963814682596628
