Figures/CREST_Example_wjb_NSE/PETs/wjb.pet.20100724.asc
ncols            288
nrows            254
xllcorner        113.274861
yllcorner        31.4918055
cellsize         0.008333333333
NODATA_value     -9999
[rows 140 to 159 of 254, columns 44 to 87 of 288]
2.8101632775554206 2.8108755722495604 2.8115878669437 2.8123001616378405 2.8130124563319803 2.8137247510261205 2.8144370457202603 2.8151493404144006 2.8158616351085417 2.8165739298026815 2.8172862244968218 2.8179985191909616 2.8187108138851014 2.8194231085792416 2.8201354032733814 2.8208476979675217 2.8215599926616615 2.8222722873558017 2.8229845820499415 2.8236968767440813 2.8244091714382216 2.8251214661323627 2.8258337608265025 2.8265460555206428 2.8272583502147826 2.827970644908923 2.8286829396030626 2.829395234297203 2.8295032793413912 2.8289653678500795 2.8284274563587672 2.827889544867455 2.8273516333761433 2.826813721884831 2.8262758103935184 2.825737898902206 2.825199987410894 2.824662075919582 2.82412416442827 2.823586252936958 2.823048341445646 2.822510429954334 2.821972518463022 2.82143460697171
2.8087270333322882 2.8095360617051246 2.810345090077961 2.8111541184507973 2.8119631468236337 2.81277217519647 2.8135812035693064 2.8143902319421428 2.8151992603149805 2.816008288687817 2.816817317060653 2.81762634543349 2.8184353738063264 2.8192444021791627 2.820053430551999 2.8208624589248354 2.821671487297672 2.822480515670508 2.8232895440433445 2.824098572416181 2.8249076007890173 2.825716629161855 2.8265256575346913 2.8273346859075277 2.828143714280364 2.8289527426532004 2.8297617710260368 2.8305707993988736 2.830714823387529 2.8301479426563687 2.8295810619252086 2.829014181194048 2.8284473004628876 2.827880419731727 2.8273135390005657 2.826746658269405 2.8261797775382447 2.825612896807084 2.8250460160759236 2.824479135344763 2.8239122546136026 2.823345373882442 2.8227784931512816 2.822211612420121
2.807290789109156 2.808196551160689 2.8091023132122213 2.810008075263754 2.810913837315287 2.8118195993668196 2.8127253614183525 2.8136311234698854 2.8145368855214197 2.815442647572952 2.816348409624485 2.817254171676018 2.8181599337275505 2.8190656957790834 2.8199714578306163 2.820877219882149 2.8217829819336817 2.822688743985214 2.823594506036747 2.82450026808828 2.8254060301398125 2.826311792191347 2.8272175542428797 2.8281233162944126 2.829029078345945 2.829934840397478 2.830840602449011 2.8317463645005434 2.831926367433667 2.831330517462658 2.830734667491649 2.8301388175206403 2.8295429675496315 2.8289471175786227 2.8283512676076126 2.8277554176366038 2.827159567665595 2.8265637176945857 2.825967867723577 2.825372017752568 2.8247761677815593 2.82418031781055 2.823584467839541 2.8229886178685324
2.8058545448860235 2.806857040616253 2.807859536346482 2.808862032076711 2.80986452780694 2.8108670235371696 2.8118695192673986 2.8128720149976276 2.8138745107278584 2.814877006458088 2.815879502188317 2.816881997918546 2.817884493648775 2.8188869893790045 2.8198894851092335 2.8208919808394626 2.8218944765696916 2.822896972299921 2.82389946803015 2.824901963760379 2.8259044594906086 2.8269069552208395 2.8279094509510685 2.8289119466812975 2.829914442411527 2.830916938141756 2.831919433871985 2.832921929602214 2.833137911479805 2.8325130922689477 2.8318882730580905 2.831263453847233 2.830638634636376 2.8300138154255183 2.82938899621466 2.8287641770038023 2.8281393577929452 2.8275145385820877 2.8268897193712306 2.826264900160373 2.825640080949516 2.8250152617386584 2.824390442527801 2.8237656233169437
2.80441830066289 2.805517530071816 2.8066167594807414 2.807715988889667 2.8088152182985926 2.8099144477075186 2.8110136771164442 2.81211290652537 2.813212135934297 2.814311365343223 2.8154105947521484 2.816509824161074 2.8176090535699996 2.8187082829789256 2.819807512387851 2.820906741796777 2.8220059712057024 2.823105200614628 2.8242044300235536 2.825303659432479 2.826402888841405 2.8275021182503326 2.828601347659258 2.829700577068184 2.8307998064771094 2.831899035886035 2.8329982652949606 2.834097494703886 2.8343494555259445 2.8336956670752387 2.833041878624533 2.832388090173827 2.831734301723121 2.8310805132724153 2.8304267248217085 2.8297729363710027 2.829119147920297 2.828465359469591 2.827811571018885 2.8271577825681793 2.8265039941174734 2.8258502056667676 2.8251964172160617 2.824542628765356
2.802982056439758 2.80417801952738 2.805373982615002 2.806569945702624 2.807765908790246 2.808961871877868 2.8101578349654903 2.811353798053112 2.8125497611407364 2.813745724228358 2.8149416873159803 2.8161376504036024 2.8173336134912246 2.8185295765788463 2.8197255396664684 2.8209215027540906 2.8221174658417123 2.8233134289293345 2.8245093920169566 2.8257053551045788 2.8269013181922005 2.828097281279825 2.8292932443674466 2.8304892074550687 2.831685170542691 2.832881133630313 2.8340770967179347 2.835273059805557 2.8355609995720825 2.8348782418815284 2.8341954841909742 2.8335127265004196 2.8328299688098655 2.8321472111193113 2.831464453428756 2.8307816957382013 2.830098938047647 2.829416180357093 2.828733422666539 2.8280506649759842 2.82736790728543 2.826685149594876 2.8260023919043213 2.825319634213767
2.801545812216626 2.802838508982944 2.8041312057492624 2.8054239025155807 2.8067165992818994 2.8080092960482177 2.809301992814536 2.8105946895808547 2.811887386347175 2.8131800831134934 2.814472779879812 2.8157654766461304 2.8170581734124487 2.8183508701787674 2.8196435669450857 2.820936263711404 2.8222289604777226 2.823521657244041 2.824814354010359 2.8261070507766775 2.827399747542996 2.8286924443093167 2.829985141075635 2.8312778378419536 2.832570534608272 2.83386323137459 2.835155928140909 2.836448624907227 2.83677254361822 2.8360608166878176 2.8353490897574147 2.8346373628270123 2.8339256358966094 2.8332139089662065 2.8325021820358027 2.8317904551054003 2.8310787281749974 2.8303670012445945 2.829655274314192 2.828943547383789 2.8282318204533867 2.827520093522984 2.826808366592581 2.8260966396621785
2.8001095679934935 2.8014989984385084 2.802888428883523 2.804277859328538 2.805667289773553 2.8070567202185677 2.808446150663582 2.809835581108597 2.8112250115536144 2.812614441998629 2.814003872443644 2.8153933028886584 2.8167827333336732 2.818172163778688 2.819561594223703 2.8209510246687177 2.8223404551137325 2.8237298855587474 2.825119316003762 2.826508746448777 2.827898176893792 2.829287607338809 2.8306770377838237 2.8320664682288386 2.8334558986738534 2.834845329118868 2.836234759563883 2.837624190008898 2.8379840876643585 2.8372433914941073 2.836502695323856 2.835761999153605 2.8350213029833538 2.8342806068131026 2.83353991064285 2.832799214472599 2.8320585183023477 2.8313178221320965 2.8305771259618453 2.829836429791594 2.8290957336213434 2.828355037451092 2.827614341280841 2.82687364511059
2.8026207994664745 2.8039632475158123 2.8053056955651496 2.8066481436144874 2.807990591663825 2.8093330397131626 2.8106754877625 2.8120179358118373 2.8133603838611774 2.8147028319105147 2.8160452799598525 2.81738772800919 2.8187301760585277 2.820072624107865 2.8214150721572024 2.8227575202065402 2.8240999682558776 2.8254424163052154 2.826784864354553 2.8281273124038906 2.829469760453228 2.830812208502568 2.8321546565519053 2.8334971046012427 2.8348395526505805 2.836182000699918 2.8375244487492557 2.838866896798593 2.839168954109577 2.8383588102021275 2.837548666294678 2.836738522387228 2.8359283784797786 2.835118234572329 2.8343080906648783 2.8334979467574284 2.832687802849979 2.8318776589425294 2.83106751503508 2.83025737112763 2.8294472272201805 2.828637083312731 2.8278269394052815 2.827016795497832
2.809351633617765 2.8104934758474887 2.8116353180772125 2.8127771603069363 2.81391900253666 2.815060844766384 2.8162026869961077 2.8173445292258315 2.818486371455557 2.819628213685281 2.8207700559150046 2.8219118981447284 2.8230537403744522 2.824195582604176 2.8253374248339 2.8264792670636236 2.8276211092933474 2.8287629515230712 2.829904793752795 2.831046635982519 2.8321884782122426 2.833330320441968 2.834472162671692 2.835614004901416 2.8367558471311396 2.8378976893608634 2.839039531590587 2.840181373820311 2.8403253038811145 2.8394024432744813 2.8384795826678486 2.8375567220612155 2.8366338614545823 2.8357110008479496 2.8347881402413146 2.833865279634682 2.8329424190280488 2.8320195584214156 2.831096697814783 2.8301738372081497 2.8292509766015166 2.8283281159948834 2.8274052553882507 2.8264823947816176
2.8160824677690606 2.8170237041791704 2.81796494058928 2.81890617699939 2.8198474134095 2.82078864981961 2.8217298862297198 2.8226711226398296 2.823612359049941 2.824553595460051 2.8254948318701607 2.8264360682802705 2.8273773046903807 2.8283185411004905 2.8292597775106003 2.83020101392071 2.83114225033082 2.8320834867409297 2.83302472315104 2.8339659595611497 2.8349071959712595 2.835848432381371 2.836789668791481 2.8377309052015907 2.8386721416117005 2.8396133780218102 2.8405546144319205 2.8414958508420303 2.841481653652653 2.8404460763468364 2.8394104990410196 2.8383749217352032 2.8373393444293864 2.83630376712357 2.835268189817752 2.834232612511935 2.8331970352061187 2.832161457900302 2.8311258805944854 2.830090303288669 2.8290547259828522 2.828019148677036 2.826983571371219 2.8259479940654026
2.8228133019203505 2.8235539325108467 2.824294563101343 2.825035193691839 2.825775824282335 2.826516454872831 2.8272570854633274 2.8279977160538237 2.828738346644321 2.829478977234817 2.8302196078253132 2.830960238415809 2.8317008690063052 2.8324414995968015 2.8331821301872977 2.8339227607777935 2.8346633913682897 2.835404021958786 2.836144652549282 2.836885283139778 2.837625913730274 2.8383665443207717 2.8391071749112675 2.8398478055017637 2.84058843609226 2.841329066682756 2.842069697273252 2.842810327863748 2.8426380034241903 2.84148970941919 2.84034141541419 2.83919312140919 2.8380448274041905 2.8368965333991905 2.835748239394188 2.834599945389188 2.833451651384188 2.832303357379188 2.8311550633741884 2.8300067693691884 2.8288584753641883 2.8277101813591883 2.8265618873541882 2.825413593349188
2.8295441360716405 2.8300841608425227 2.8306241856134053 2.8311642103842876 2.83170423515517 2.8322442599260524 2.8327842846969347 2.833324309467817 2.8338643342387004 2.8344043590095827 2.8349443837804653 2.8354844085513475 2.8360244333222298 2.8365644580931124 2.8371044828639946 2.837644507634877 2.8381845324057595 2.8387245571766417 2.839264581947524 2.8398046067184066 2.840344631489289 2.840884656260172 2.8414246810310546 2.841964705801937 2.842504730572819 2.8430447553437017 2.843584780114584 2.844124804885466 2.8437943531957277 2.8425333424915444 2.841272331787361 2.8400113210831774 2.838750310378994 2.8374892996748105 2.836228288970625 2.8349672782664417 2.833706267562258 2.8324452568580747 2.831184246153891 2.8299232354497077 2.8286622247455244 2.8274012140413407 2.8261402033371574 2.8248791926329737
2.8362749702229304 2.836614389174199 2.8369538081254677 2.8372932270767364 2.837632646028005 2.8379720649792732 2.838311483930542 2.8386509028818105 2.83899032183308 2.8393297407843487 2.839669159735617 2.8400085786868856 2.8403479976381543 2.840687416589423 2.8410268355406916 2.8413662544919602 2.841705673443229 2.8420450923944975 2.842384511345766 2.842723930297035 2.8430633492483035 2.8434027681995726 2.8437421871508413 2.84408160610211 2.8444210250533786 2.8447604440046472 2.845099862955916 2.8454392819071845 2.844950702967265 2.8435769755638987 2.8422032481605317 2.8408295207571648 2.839455793353798 2.838082065950431 2.8367083385470617 2.835334611143695 2.833960883740328 2.832587156336961 2.831213428933594 2.829839701530227 2.82846597412686 2.827092246723493 2.825718519320126 2.8243447919167592
2.8430058043742203 2.8431446175058754 2.84328343063753 2.843422243769185 2.84356105690084 2.843699870032495 2.8438386831641496 2.8439774962958047 2.8441163094274597 2.8442551225591144 2.8443939356907695 2.844532748822424 2.844671561954079 2.844810375085734 2.844949188217389 2.8450880013490436 2.8452268144806987 2.8453656276123533 2.8455044407440084 2.845643253875663 2.845782067007318 2.8459208801389733 2.846059693270628 2.846198506402283 2.8463373195339376 2.8464761326655927 2.8466149457972474 2.8467537589289025 2.846107052738803 2.8446206086362524 2.8431341645337023 2.8416477204311517 2.8401612763286015 2.8386748322260513 2.837188388123498 2.835701944020948 2.8342154999183977 2.832729055815847 2.831242611713297 2.8297561676107463 2.828269723508196 2.826783279405646 2.8252968353030954 2.8238103912005452
2.8497366385255103 2.8496748458375514 2.8496130531495925 2.8495512604616335 2.849489467773675 2.849427675085716 2.8493658823977572 2.8493040897097983 2.8492422970218394 2.8491805043338805 2.8491187116459216 2.8490569189579626 2.8489951262700037 2.848933333582045 2.848871540894086 2.848809748206127 2.848747955518168 2.848686162830209 2.8486243701422502 2.8485625774542918 2.848500784766333 2.8484389920783735 2.848377199390415 2.848315406702456 2.848253614014497 2.8481918213265383 2.8481300286385793 2.8480682359506204 2.8472634025103405 2.8456642417086067 2.844065080906873 2.842465920105139 2.840866759303405 2.8392675985016713 2.837668437699935 2.836069276898201 2.834470116096467 2.8328709552947333 2.8312717944929995 2.8296726336912656 2.8280734728895323 2.8264743120877984 2.8248751512860646 2.8232759904843308
2.8564674726768007 2.8562050741692278 2.8559426756616553 2.855680277154083 2.85541787864651 2.8551554801389374 2.854893081631365 2.854630683123792 2.854368284616219 2.8541058861086466 2.8538434876010736 2.853581089093501 2.8533186905859287 2.8530562920783558 2.8527938935707833 2.852531495063211 2.852269096555638 2.8520066980480654 2.8517442995404925 2.85148190103292 2.8512195025253475 2.850957104017774 2.8506947055102017 2.850432307002629 2.8501699084950562 2.8499075099874838 2.8496451114799113 2.8493827129723384 2.848419752281878 2.8467078747809604 2.8449959972800434 2.8432841197791263 2.841572242278209 2.8398603647772918 2.8381484872763716 2.836436609775454 2.834724732274537 2.83301285477362 2.8313009772727025 2.8295890997717854 2.827877222270868 2.826165344769951 2.824453467269034 2.8227415897681163
2.8631983068280964 2.8627353025009095 2.862272298173723 2.8618092938465365 2.86134628951935 2.8608832851921635 2.860420280864977 2.85995727653779 2.859494272210603 2.859031267883416 2.8585682635562297 2.8581052592290432 2.8576422549018567 2.8571792505746703 2.8567162462474838 2.856253241920297 2.8557902375931103 2.855327233265924 2.8548642289387374 2.854401224611551 2.8539382202843644 2.853475215957177 2.8530122116299905 2.8525492073028036 2.852086202975617 2.8516231986484306 2.851160194321244 2.8506971899940576 2.8495761020534163 2.8477515078533155 2.845926913653215 2.844102319453114 2.842277725253013 2.840453131052912 2.8386285368528084 2.8368039426527076 2.834979348452607 2.833154754252506 2.8313301600524055 2.8295055658523047 2.827680971652204 2.825856377452103 2.824031783252002 2.8222071890519014
2.869929140979386 2.869265530832586 2.8686019206857853 2.8679383105389853 2.867274700392185 2.8666110902453843 2.8659474800985842 2.8652838699517837 2.8646202598049824 2.8639566496581823 2.863293039511382 2.8626294293645818 2.8619658192177813 2.8613022090709808 2.8606385989241807 2.85997498877738 2.85931137863058 2.8586477684837797 2.8579841583369796 2.857320548190179 2.8566569380433786 2.8559933278965772 2.855329717749777 2.8546661076029767 2.8540024974561766 2.853338887309376 2.852675277162576 2.8520116670157756 2.8507324518249537 2.8487951409256693 2.8468578300263854 2.844920519127101 2.842983208227817 2.8410458973285326 2.839108586429245 2.8371712755299607 2.835233964630677 2.8332966537313924 2.831359342832108 2.829422031932824 2.8274847210335396 2.8255474101342553 2.8236100992349713 2.821672788335687
2.8766599751306763 2.875795759164262 2.874931543197848 2.874067327231434 2.87320311126502 2.872338895298606 2.871474679332192 2.870610463365778 2.8697462473993625 2.8688820314329484 2.8680178154665343 2.8671535995001203 2.866289383533706 2.865425167567292 2.864560951600878 2.863696735634464 2.86283251966805 2.861968303701636 2.861104087735222 2.860239871768808 2.8593756558023937 2.858511439835978 2.857647223869564 2.8567830079031498 2.8559187919367357 2.8550545759703216 2.8541903600039076 2.8533261440374935 2.851888801596491 2.8498387739980235 2.847788746399556 2.8457387188010883 2.8436886912026207 2.841638663604153 2.839588636005682 2.8375386084072143 2.835488580808746 2.8334385532102786 2.831388525611811 2.8293384980133434 2.8272884704148757 2.825238442816408 2.8231884152179405 2.821138387619473
