Figures/CREST_Example_wjb_NSE/PETs/wjb.pet.20090214.asc
ncols            288
nrows            254
xllcorner        113.274861
yllcorner        31.4918055
cellsize         0.008333333333
NODATA_value     -9999
[rows 38 to 56 of 254, columns 0 to 43 of 288]
-9999.0 -9999.0 -9999.0 -9999.0 -9999.0 -9999.0 -9999.0 -9999.0 -9999.0 -9999.0 -9999.0 -9999.0 -9999.0 0.7407560310266271 0.742246914638881 0.743737798251135 0.745228681863389 0.7467195654756429 0.7482104490878968 0.7497013327001508 0.7511922163124047 0.7526830999246586 0.7541739835369127 0.7556648671491666 0.7571557507614205 0.7586466343736745 0.760137517985931 0.7616284015981849 0.7631192852104388 0.7646101688226928 0.7661010524349467 0.7675919360472007 0.7690828196594547 0.7705737032717086 0.7720645868839625 0.7735554704962165 0.7750463541084704 0.7765372377207244 0.7780281213329784 0.7795190049452349 0.7810098885574888 0.7825007721697428 0.7832047884791828 0.7830676258579911
-9999.0 -9999.0 -9999.0 -9999.0 -9999.0 -9999.0 -9999.0 -9999.0 -9999.0 -9999.0 -9999.0 -9999.0 -9999.0 0.73976114305798 0.7413307317279996 0.7429003203980191 0.7444699090680387 0.7460394977380582 0.7476090864080777 0.7491786750780972 0.7507482637481168 0.7523178524181363 0.7538874410881558 0.7554570297581753 0.7570266184281949 0.7585962070982144 0.7601657957682366 0.7617353844382561 0.7633049731082756 0.7648745617782952 0.7664441504483147 0.7680137391183341 0.7695833277883537 0.7711529164583732 0.7727225051283928 0.7742920937984124 0.7758616824684318 0.7774312711384513 0.7790008598084709 0.7805704484784931 0.7821400371485125 0.7837096258185321 0.7844434259933883 0.784283749377327
-9999.0 -9999.0 -9999.0 -9999.0 -9999.0 -9999.0 -9999.0 -9999.0 -9999.0 -9999.0 -9999.0 -9999.0 -9999.0 -9999.0 0.7404145488171173 0.7420628425449025 0.7437111362726877 0.7453594300004728 0.747007723728258 0.7486560174560432 0.7503043111838283 0.7519526049116135 0.7536008986393987 0.7552491923671838 0.756897486094969 0.7585457798227542 0.7601940735505421 0.7618423672783273 0.7634906610061125 0.7651389547338977 0.7667872484616828 0.768435542189468 0.7700838359172532 0.7717321296450383 0.7733804233728235 0.7750287171006087 0.7766770108283938 0.778325304556179 0.7799735982839642 0.7816218920117521 0.7832701857395373 0.7849184794673225 0.7856820635075947 0.7854998728966639
-9999.0 -9999.0 -9999.0 -9999.0 -9999.0 -9999.0 -9999.0 -9999.0 -9999.0 -9999.0 -9999.0 -9999.0 -9999.0 -9999.0 -9999.0 0.7412253646917866 0.7429523634773374 0.7446793622628881 0.7464063610484388 0.7481333598339895 0.7498603586195404 0.7515873574050911 0.7533143561906418 0.7550413549761926 0.7567683537617433 0.758495352547294 0.7602223513328478 0.7619493501183985 0.7636763489039492 0.7654033476895 0.7671303464750507 0.7688573452606015 0.7705843440461522 0.772311342831703 0.7740383416172537 0.7757653404028044 0.7774923391883553 0.779219337973906 0.7809463367594567 0.7826733355450104 0.7844003343305611 0.7861273331161118 0.7869207010218002 0.7867159964159999
-9999.0 -9999.0 -9999.0 -9999.0 -9999.0 -9999.0 -9999.0 -9999.0 -9999.0 -9999.0 -9999.0 -9999.0 -9999.0 -9999.0 -9999.0 0.7403878868386707 0.7421935906819871 0.7439992945253033 0.7458049983686197 0.747610702211936 0.7494164060552524 0.7512221098985686 0.753027813741885 0.7548335175852013 0.7566392214285176 0.7584449252718339 0.7602506291151534 0.7620563329584696 0.763862036801786 0.7656677406451023 0.7674734444884187 0.7692791483317349 0.7710848521750513 0.7728905560183676 0.7746962598616839 0.7765019637050002 0.7783076675483166 0.780113371391633 0.7819190752349492 0.7837247790782687 0.785530482921585 0.7873361867649012 0.7881593385360056 0.7879321199353359
-9999.0 -9999.0 -9999.0 -9999.0 -9999.0 -9999.0 -9999.0 -9999.0 -9999.0 -9999.0 -9999.0 -9999.0 -9999.0 -9999.0 -9999.0 -9999.0 0.7414348178866368 0.7433192267877187 0.7452036356888005 0.7470880445898824 0.7489724534909643 0.7508568623920463 0.7527412712931282 0.7546256801942101 0.7565100890952919 0.7583944979963738 0.7602789068974589 0.7621633157985409 0.7640477246996228 0.7659321336007047 0.7678165425017865 0.7697009514028684 0.7715853603039504 0.7734697692050323 0.7753541781061142 0.7772385870071961 0.7791229959082779 0.7810074048093598 0.7828918137104417 0.7847762226115269 0.7866606315126088 0.7885450404136907 0.7893979760502111 0.7891482434546717
-9999.0 -9999.0 -9999.0 -9999.0 -9999.0 -9999.0 -9999.0 -9999.0 -9999.0 -9999.0 -9999.0 -9999.0 -9999.0 -9999.0 -9999.0 -9999.0 -9999.0 0.7426391590501339 0.7446022730089814 0.7465653869678289 0.7485285009266763 0.7504916148855239 0.7524547288443714 0.7544178428032188 0.7563809567620663 0.7583440707209137 0.7603071846797645 0.7622702986386121 0.7642334125974595 0.766196526556307 0.7681596405151545 0.7701227544740019 0.7720858684328494 0.774048982391697 0.7760120963505444 0.7779752103093919 0.7799383242682394 0.7819014382270868 0.7838645521859343 0.7858276661447852 0.7877907801036326 0.7897538940624801 0.7906366135644165 0.7903643669740077
-9999.0 -9999.0 -9999.0 -9999.0 -9999.0 -9999.0 -9999.0 -9999.0 -9999.0 -9999.0 -9999.0 -9999.0 -9999.0 -9999.0 -9999.0 -9999.0 -9999.0 0.7419590913125492 0.7440009103291623 0.7460427293457753 0.7480845483623884 0.7501263673790014 0.7521681863956144 0.7542100054122275 0.7562518244288406 0.7582936434454537 0.7603354624620702 0.7623772814786832 0.7644191004952963 0.7664609195119093 0.7685027385285224 0.7705445575451354 0.7725863765617484 0.7746281955783616 0.7766700145949746 0.7787118336115877 0.7807536526282007 0.7827954716448138 0.7848372906614268 0.7868791096780433 0.7889209286946564 0.7909627477112695 0.791875251078622 0.7915804904933437
-9999.0 -9999.0 -9999.0 -9999.0 -9999.0 -9999.0 -9999.0 -9999.0 -9999.0 -9999.0 -9999.0 -9999.0 -9999.0 -9999.0 -9999.0 -9999.0 -9999.0 -9999.0 0.7433995476493427 0.7455200717237214 0.7476405957981 0.7497611198724787 0.7518816439468574 0.7540021680212362 0.7561226920956149 0.7582432161699936 0.7603637402443759 0.7624842643187546 0.7646047883931333 0.766725312467512 0.7688458365418906 0.7709663606162693 0.773086884690648 0.7752074087650267 0.7773279328394054 0.7794484569137842 0.7815689809881629 0.7836895050625415 0.7858100291369202 0.7879305532113026 0.7900510772856812 0.7921716013600599 0.7931138885928285 0.7927966140126806
-9999.0 -9999.0 -9999.0 -9999.0 -9999.0 -9999.0 -9999.0 -9999.0 -9999.0 -9999.0 -9999.0 -9999.0 -9999.0 -9999.0 -9999.0 -9999.0 -9999.0 -9999.0 0.7427981849695235 0.7449974141016678 0.7471966432338121 0.7493958723659564 0.7515951014981006 0.7537943306302449 0.7559935597623891 0.7581927888945335 0.7603920180266814 0.7625912471588258 0.76479047629097 0.7669897054231143 0.7691889345552586 0.7713881636874028 0.7735873928195471 0.7757866219516913 0.7779858510838357 0.7801850802159799 0.7823843093481242 0.7845835384802685 0.7867827676124127 0.7889819967445608 0.791181225876705 0.7933804550088494 0.7943525261070339 0.7940127375320166
-9999.0 -9999.0 -9999.0 -9999.0 -9999.0 -9999.0 -9999.0 -9999.0 -9999.0 -9999.0 -9999.0 -9999.0 -9999.0 -9999.0 -9999.0 -9999.0 -9999.0 -9999.0 -9999.0 0.7444747564796143 0.7467526906695241 0.749030624859434 0.7513085590493438 0.7535864932392536 0.7558644274291635 0.7581423616190733 0.7604202958089871 0.7626982299988969 0.7649761641888068 0.7672540983787166 0.7695320325686265 0.7718099667585363 0.7740879009484462 0.776365835138356 0.7786437693282658 0.7809217035181757 0.7831996377080855 0.7854775718979954 0.7877555060879052 0.790033440277819 0.7923113744677288 0.7945893086576387 0.7955911636212394 0.7952288610513525
-9999.0 -9999.0 -9999.0 -9999.0 -9999.0 -9999.0 -9999.0 -9999.0 -9999.0 -9999.0 -9999.0 -9999.0 -9999.0 -9999.0 -9999.0 -9999.0 -9999.0 -9999.0 -9999.0 0.7439520988575606 0.7463087381052361 0.7486653773529115 0.751022016600587 0.7533786558482624 0.7557352950959378 0.7580919343436132 0.7604485735912927 0.7628052128389681 0.7651618520866436 0.7675184913343189 0.7698751305819944 0.7722317698296698 0.7745884090773453 0.7769450483250206 0.7793016875726961 0.7816583268203715 0.784014966068047 0.7863716053157224 0.7887282445633979 0.7910848838110772 0.7934415230587527 0.7957981623064281 0.7968298011354448 0.7964449845706885
-9999.0 -9999.0 -9999.0 -9999.0 -9999.0 -9999.0 -9999.0 -9999.0 -9999.0 -9999.0 -9999.0 -9999.0 -9999.0 -9999.0 -9999.0 -9999.0 -9999.0 -9999.0 -9999.0 -9999.0 -9999.0 -9999.0 -9999.0 0.7531708184572711 0.7556061627627121 0.7580415070681531 0.7604768513735983 0.7629121956790393 0.7653475399844802 0.7677828842899213 0.7702182285953623 0.7726535729008033 0.7750889172062443 0.7775242615116853 0.7799596058171263 0.7823949501225673 0.7848302944280083 0.7872656387334493 0.7897009830388904 0.7921363273443355 0.7945716716497765 0.7970070159552175 0.7980684386496503 0.7976611080900244
-9999.0 -9999.0 -9999.0 -9999.0 -9999.0 -9999.0 -9999.0 -9999.0 -9999.0 -9999.0 -9999.0 -9999.0 -9999.0 -9999.0 -9999.0 -9999.0 -9999.0 -9999.0 -9999.0 -9999.0 -9999.0 -9999.0 -9999.0 0.7529629810662799 0.7554770304294864 0.757991079792693 0.7605051291559038 0.7630191785191105 0.765533227882317 0.7680472772455237 0.7705613266087302 0.7730753759719368 0.7755894253351434 0.77810347469835 0.7806175240615565 0.7831315734247631 0.7856456227879697 0.7881596721511763 0.7906737215143829 0.7931877708775937 0.7957018202408003 0.7982158696040069 0.7993070761638557 0.7988772316093603
-9999.0 -9999.0 -9999.0 -9999.0 -9999.0 -9999.0 -9999.0 -9999.0 -9999.0 -9999.0 -9999.0 -9999.0 -9999.0 -9999.0 -9999.0 -9999.0 -9999.0 -9999.0 -9999.0 -9999.0 -9999.0 -9999.0 -9999.0 -9999.0 -9999.0 0.757940652517233 0.7605334069382095 0.7631261613591817 0.7657189157801538 0.768311670201126 0.7709044246220982 0.7734971790430702 0.7760899334640424 0.7786826878850146 0.7812754423059868 0.783868196726959 0.786460951147931 0.7890537055689032 0.7916464599898754 0.794239214410852 0.7968319688318242 0.7994247232527962 0.8005457136780612 0.8000933551286963
-9999.0 -9999.0 -9999.0 -9999.0 -9999.0 -9999.0 -9999.0 -9999.0 -9999.0 -9999.0 -9999.0 -9999.0 -9999.0 -9999.0 -9999.0 -9999.0 -9999.0 -9999.0 -9999.0 -9999.0 -9999.0 -9999.0 -9999.0 -9999.0 -9999.0 0.7578902252417727 0.7605616847205151 0.7632331441992529 0.7659046036779907 0.7685760631567286 0.7712475226354664 0.7739189821142042 0.776590441592942 0.7792619010716798 0.7819333605504175 0.7846048200291553 0.7872762795078931 0.789947738986631 0.7926191984653688 0.7952906579441111 0.797962117422849 0.8006335769015868 0.8017843511922677 0.8013094786480334
-9999.0 -9999.0 -9999.0 -9999.0 -9999.0 -9999.0 -9999.0 -9999.0 -9999.0 -9999.0 -9999.0 -9999.0 -9999.0 -9999.0 -9999.0 -9999.0 -9999.0 -9999.0 -9999.0 -9999.0 -9999.0 -9999.0 -9999.0 -9999.0 -9999.0 0.7578397979663126 0.7605899625028207 0.7633401270393241 0.7660902915758275 0.7688404561123309 0.7715906206488342 0.7743407851853377 0.777090949721841 0.7798411142583443 0.7825912787948478 0.7853414433313511 0.7880916078678546 0.7908417724043579 0.7935919369408613 0.7963421014773694 0.7990922660138727 0.8018424305503762 0.8030229887064732 0.8025256021673692
-9999.0 -9999.0 -9999.0 -9999.0 -9999.0 -9999.0 -9999.0 -9999.0 -9999.0 -9999.0 -9999.0 -9999.0 -9999.0 -9999.0 -9999.0 -9999.0 -9999.0 -9999.0 -9999.0 -9999.0 0.7436450227195077 0.7464738923137767 0.7493027619080457 0.7521316315023147 0.7549605010965836 0.7577893706908525 0.7606182402851264 0.7634471098793953 0.7662759794736642 0.7691048490679332 0.7719337186622022 0.7747625882564712 0.7775914578507401 0.780420327445009 0.783249197039278 0.786078066633547 0.7889069362278159 0.7917358058220849 0.7945646754163538 0.7973935450106276 0.8002224146048966 0.8030512841991655 0.8042616262206785 0.8037417256867052
-9999.0 -9999.0 -9999.0 -9999.0 -9999.0 -9999.0 -9999.0 -9999.0 -9999.0 -9999.0 -9999.0 -9999.0 -9999.0 -9999.0 -9999.0 -9999.0 -9999.0 -9999.0 -9999.0 0.7402934955031854 0.7432010701552199 0.7461086448072544 0.7490162194592889 0.7519237941113235 0.754831368763358 0.7577389434153925 0.760646518067432 0.7635540927194665 0.766461667371501 0.7693692420235356 0.7722768166755701 0.7751843913276046 0.7780919659796391 0.7809995406316738 0.7839071152837083 0.7868146899357428 0.7897222645877773 0.7926298392398119 0.7955374138918464 0.7984449885438859 0.8013525631959204 0.8042601378479549 0.805500263734884 0.8049578492060412
