Figures/CREST_Example_wjb_NSE/PETs/wjb.pet.20100727.asc
ncols            288
nrows            254
xllcorner        113.274861
yllcorner        31.4918055
cellsize         0.008333333333
NODATA_value     -9999
[rows 160 to 179 of 254, columns 44 to 87 of 288]
3.9524592426584686 3.9528106067344178 3.9531619708103665 3.953513334886315 3.953864698962264 3.9542160630382126 3.9545674271141618 3.9549187911901105 3.9552701552660596 3.955621519342009 3.9559728834179575 3.956324247493906 3.956675611569855 3.9570269756458036 3.957378339721753 3.9577297037977015 3.95808106787365 3.958432431949599 3.958783796025548 3.959135160101497 3.9594865241774455 3.959837888253395 3.960189252329344 3.9605406164052925 3.9608919804812412 3.96124334455719 3.961594708633139 3.961946072709088 3.9605108460900382 3.957165713630262 3.953820581170486 3.9504754487107094 3.9471303162509335 3.943785183791157 3.9404400513313753 3.937094918871599 3.933749786411823 3.9304046539520465 3.9270595214922706 3.923714389032494 3.920369256572718 3.9170241241129418 3.913678991653166 3.9103338591933894
3.953205879920137 3.953632846899982 3.954059813879827 3.954486780859672 3.9549137478395173 3.9553407148193624 3.9557676817992076 3.9561946487790527 3.9566216157588987 3.957048582738744 3.957475549718589 3.957902516698434 3.958329483678279 3.9587564506581243 3.9591834176379694 3.9596103846178146 3.9600373515976597 3.960464318577505 3.96089128555735 3.961318252537195 3.96174521951704 3.962172186496886 3.9625991534767313 3.9630261204565764 3.9634530874364216 3.9638800544162667 3.964307021396112 3.964733988375957 3.9633534219432884 3.9600405614314385 3.956727700919588 3.953414840407738 3.9501019798958876 3.9467891193840376 3.943476258872182 3.9401633983603315 3.9368505378484815 3.933537677336631 3.9302248168247806 3.9269119563129307 3.9235990958010802 3.9202862352892303 3.91697337477738 3.91366051426553
3.9539525171818055 3.9544550870655466 3.954957656949288 3.9554602268330297 3.955962796716771 3.9564653666005127 3.956967936484254 3.9574705063679954 3.9579730762517378 3.9584756461354793 3.958978216019221 3.9594807859029624 3.9599833557867035 3.960485925670445 3.9609884955541865 3.961491065437928 3.9619936353216696 3.9624962052054107 3.962998775089152 3.9635013449728937 3.9640039148566353 3.9645064847403777 3.965009054624119 3.9655116245078603 3.966014194391602 3.9665167642753434 3.967019334159085 3.9675219040428265 3.9661959977965395 3.9629154092326155 3.959634820668691 3.956354232104767 3.9530736435408427 3.9497930549769182 3.9465124664129885 3.9432318778490645 3.93995128928514 3.9366707007212156 3.9333901121572916 3.930109523593367 3.926828935029443 3.9235483464655188 3.9202677579015948 3.9169871693376703
3.954699154443474 3.9552773272311117 3.9558555000187496 3.9564336728063876 3.9570118455940255 3.957590018381663 3.958168191169301 3.958746363956939 3.9593245367445777 3.9599027095322157 3.960480882319853 3.961059055107491 3.961637227895129 3.962215400682767 3.9627935734704045 3.9633717462580424 3.9639499190456804 3.9645280918333183 3.965106264620956 3.9656844374085938 3.9662626101962317 3.9668407829838706 3.9674189557715085 3.967997128559146 3.968575301346784 3.969153474134422 3.96973164692206 3.9703098197096973 3.9690385736497924 3.9657902570337944 3.962541940417796 3.959293623801798 3.9560453071857995 3.9527969905698015 3.9495486739537977 3.9463003573377993 3.9430520407218013 3.939803724105803 3.936555407489805 3.9333070908738064 3.9300587742578084 3.92681045764181 3.923562141025812 3.9203138244098135
3.9554457917051424 3.956099567396677 3.9567533430882107 3.957407118779745 3.958060894471279 3.9587146701628133 3.959368445854347 3.9600222215458816 3.960675997237417 3.961329772928951 3.961983548620485 3.9626373243120194 3.9632911000035533 3.9639448756950877 3.9645986513866216 3.965252427078156 3.9659062027696903 3.966559978461224 3.9672137541527586 3.9678675298442925 3.968521305535827 3.969175081227362 3.969828856918896 3.9704826326104303 3.9711364083019642 3.9717901839934986 3.972443959685033 3.973097735376567 3.9718811495030435 3.968665104834971 3.965449060166899 3.9622330154988266 3.9590169708307545 3.955800926162682 3.9525848814946043 3.9493688368265323 3.94615279215846 3.942936747490388 3.9397207028223153 3.9365046581542433 3.933288613486171 3.930072568818099 3.9268565241500264 3.923640479481954
3.9561924289668107 3.956921807562241 3.9576511861576713 3.958380564753102 3.9591099433485324 3.959839321943963 3.9605687005393935 3.961298079134824 3.9620274577302554 3.962756836325686 3.9634862149211165 3.964215593516547 3.9649449721119776 3.965674350707408 3.9664037293028387 3.967133107898269 3.9678624864936993 3.96859186508913 3.9693212436845604 3.9700506222799907 3.9707800008754215 3.971509379470853 3.9722387580662835 3.9729681366617142 3.9736975152571445 3.974426893852575 3.9751562724480056 3.975885651043436 3.974723725356294 3.9715399526361477 3.9683561799160016 3.965172407195855 3.961988634475709 3.9588048617555627 3.955621089035411 3.952437316315265 3.9492535435951184 3.9460697708749723 3.942885998154826 3.9397022254346794 3.9365184527145334 3.933334679994387 3.930150907274241 3.9269671345540944
3.956939066228479 3.9577440477278056 3.958549029227133 3.9593540107264595 3.9601589922257863 3.960963973725113 3.9617689552244397 3.9625739367237665 3.9633789182230945 3.9641838997224217 3.9649888812217484 3.965793862721075 3.966598844220402 3.9674038257197286 3.9682088072190553 3.969013788718382 3.969818770217709 3.9706237517170355 3.9714287332163627 3.9722337147156894 3.973038696215016 3.973843677714344 3.974648659213671 3.9754536407129977 3.9762586222123244 3.9770636037116516 3.9778685852109783 3.978673566710305 3.977566301209545 3.9744148004373243 3.971263299665104 3.968111798892884 3.9649602981206633 3.9618087973484433 3.9586572965762175 3.955505795803997 3.952354295031777 3.9492027942595564 3.9460512934873364 3.942899792715116 3.939748291942896 3.9365967911706754 3.933445290398455 3.930293789626235
3.957685703490147 3.9585662878933703 3.9594468722965934 3.9603274566998166 3.9612080411030397 3.962088625506263 3.9629692099094855 3.9638497943127087 3.9647303787159336 3.9656109631191567 3.96649154752238 3.9673721319256026 3.9682527163288257 3.969133300732049 3.970013885135272 3.970894469538495 3.9717750539417183 3.9726556383449414 3.9735362227481645 3.9744168071513877 3.975297391554611 3.9761779759578353 3.9770585603610584 3.9779391447642816 3.9788197291675047 3.979700313570728 3.980580897973951 3.981461482377174 3.980408877062795 3.977289648238501 3.9741704194142065 3.9710511905899124 3.967931961765618 3.9648127329413234 3.961693504117024 3.9585742752927295 3.9554550464684355 3.952335817644141 3.949216588819847 3.9460973599955524 3.942978131171258 3.939858902346964 3.9367396735226694 3.9336204446983754
3.9584323407518154 3.959388528058935 3.9603447153660545 3.961300902673174 3.962257089980293 3.9632132772874127 3.9641694645945322 3.9651256519016513 3.9660818392087727 3.9670380265158918 3.9679942138230113 3.968950401130131 3.96990658843725 3.9708627757443695 3.971818963051489 3.9727751503586086 3.9737313376657277 3.9746875249728473 3.975643712279967 3.976599899587086 3.9775560868942055 3.9785122742013264 3.979468461508446 3.9804246488155655 3.9813808361226846 3.982337023429804 3.9832932107369237 3.984249398044043 3.9832514529160457 3.9801644960396776 3.977077539163309 3.9739905822869406 3.9709036254105725 3.967816668534204 3.9647297116578306 3.961642754781462 3.958555797905094 3.9554688410287255 3.952381884152357 3.949294927275989 3.9462079703996205 3.9431210135232524 3.940034056646884 3.9369470997705154
3.9591789780134836 3.9602107682244996 3.961242558435515 3.962274348646531 3.9633061388575466 3.9643379290685625 3.965369719279578 3.966401509490594 3.9674332997016113 3.9684650899126273 3.9694968801236428 3.9705286703346587 3.9715604605456742 3.97259225075669 3.973624040967706 3.9746558311787217 3.9756876213897376 3.976719411600753 3.977751201811769 3.9787829920227846 3.9798147822338006 3.980846572444818 3.981878362655834 3.9829101528668494 3.9839419430778653 3.984973733288881 3.986005523499897 3.9870373137109123 3.9860940287692967 3.9830393438408542 3.979984658912412 3.9769299739839696 3.9738752890555276 3.970820604127085 3.9677659191986376 3.964711234270195 3.9616565493417526 3.9586018644133105 3.955547179484868 3.9524924945564255 3.9494378096279834 3.946383124699541 3.943328439771099 3.9402737548426563
3.9599256152751527 3.9610330083900647 3.962140401504977 3.963247794619889 3.9643551877348013 3.9654625808497133 3.9665699739646256 3.9676773670795376 3.9687847601944517 3.9698921533093636 3.970999546424276 3.972106939539188 3.9732143326541 3.974321725769012 3.975429118883924 3.9765365119988365 3.9776439051137484 3.978751298228661 3.9798586913435727 3.9809660844584847 3.982073477573397 3.983180870688311 3.984288263803223 3.985395656918135 3.9865030500330474 3.9876104431479593 3.9887178362628717 3.9898252293777836 3.9889366046225496 3.985914191642033 3.982891778661517 3.9798693656810005 3.9768469527004844 3.973824539719968 3.9708021267394464 3.96777971375893 3.964757300778414 3.9617348877978973 3.958712474817381 3.9556900618368647 3.952667648856348 3.949645235875832 3.9466228228953155 3.9436004099147994
3.960672252536821 3.9618552485556293 3.9630382445744377 3.9642212405932464 3.9654042366120548 3.966587232630863 3.9677702286496714 3.96895322466848 3.9701362206872903 3.971319216706099 3.9725022127249074 3.973685208743716 3.974868204762524 3.976051200781333 3.9772341968001412 3.9784171928189496 3.9796001888377583 3.9807831848565667 3.981966180875375 3.9831491768941834 3.984332172912992 3.9855151689318022 3.986698164950611 3.9878811609694194 3.9890641569882277 3.990247153007036 3.991430149025845 3.992613145044653 3.9917791804758007 3.98878903944321 3.9857988984106196 3.9828087573780295 3.979818616345439 3.976828475312849 3.9738383342802535 3.970848193247663 3.9678580522150724 3.9648679111824823 3.9618777701498917 3.958887629117301 3.955897488084711 3.9529073470521205 3.9499172060195304 3.94692706498694
3.961418889798489 3.962677488721194 3.9639360876438987 3.9651946865666035 3.966453285489308 3.967711884412013 3.9689704833347177 3.970229082257423 3.9714876811801294 3.972746280102834 3.974004879025539 3.9752634779482436 3.976522076870949 3.9777806757936536 3.9790392747163583 3.980297873639063 3.981556472561768 3.9828150714844726 3.9840736704071773 3.985332269329882 3.986590868252587 3.9878494671752938 3.9891080660979985 3.9903666650207033 3.991625263943408 3.9928838628661127 3.9941424617888175 3.9954010607115222 3.9946217563290514 3.991663887244387 3.9887060181597223 3.985748149075058 3.9827902799903936 3.979832410905729 3.9768745418210596 3.9739166727363955 3.970958803651731 3.9680009345670664 3.9650430654824023 3.9620851963977377 3.9591273273130736 3.956169458228409 3.9532115891437445 3.9502537200590804
3.9621655270601575 3.9634997288867586 3.9648339307133598 3.9661681325399605 3.9675023343665616 3.968836536193163 3.970170738019764 3.971504939846365 3.9728391416729685 3.9741733434995696 3.9755075453261703 3.9768417471527715 3.9781759489793727 3.979510150805974 3.980844352632575 3.982178554459176 3.983512756285777 3.984846958112378 3.986181159938979 3.9875153617655803 3.9888495635921815 3.990183765418785 3.9915179672453855 3.9928521690719867 3.994186370898588 3.995520572725189 3.99685477455179 3.9981889763783913 3.9974643321823016 3.9945387350455634 3.991613137908825 3.9886875407720863 3.985761943635348 3.9828363464986096 3.979910749361866 3.976985152225128 3.9740595550883895 3.971133957951651 3.968208360814913 3.9652827636781742 3.9623571665414357 3.9594315694046975 3.956505972267959 3.9535803751312204
3.962912164321826 3.9643219690523233 3.965731773782821 3.967141578513318 3.9685513832438155 3.969961187974313 3.97137099270481 3.9727807974353078 3.9741906021658076 3.975600406896305 3.9770102116268022 3.9784200163573 3.9798298210877974 3.9812396258182945 3.982649430548792 3.984059235279289 3.9854690400097867 3.9868788447402843 3.9882886494707814 3.989698454201279 3.9911082589317766 3.9925180636622764 3.9939278683927735 3.995337673123271 3.9967474778537686 3.9981572825842657 3.9995670873147633 4.00097689204526 4.000306908035553 3.9974135828467405 3.994520257657928 3.9916269324691154 3.9887336072803032 3.9858402820914907 3.982946956902673 3.9800536317138606 3.9771603065250485 3.974266981336236 3.9713736561474233 3.968480330958611 3.9655870057697986 3.962693680580986 3.959800355392174 3.9569070302033613
3.963658801583494 3.965144209217888 3.9666296168522814 3.968115024486675 3.969600432121069 3.9710858397554625 3.9725712473898565 3.97405665502425 3.975542062658646 3.97702747029304 3.9785128779274337 3.9799982855618277 3.981483693196221 3.982969100830615 3.9844545084650087 3.9859399160994022 3.987425323733796 3.9889107313681897 3.9903961390025837 3.9918815466369773 3.9933669542713712 3.9948523619057674 3.996337769540161 3.997823177174555 3.9993085848089485 4.000793992443342 4.002279400077736 4.0037648077121295 4.003149483888803 4.000288430647917 3.9974273774070306 3.994566324166144 3.9917052709252574 3.9888442176843713 3.9859831644434798 3.983122111202593 3.980261057961707 3.9774000047208204 3.974538951479934 3.9716778982390473 3.968816844998161 3.9659557917572745 3.963094738516388 3.960233685275502
3.964405438845163 3.9659664493834534 3.9675274599217434 3.9690884704600333 3.9706494809983237 3.9722104915366137 3.9737715020749036 3.975332512613194 3.9768935231514866 3.9784545336897765 3.980015544228067 3.981576554766357 3.9831375653046472 3.984698575842937 3.986259586381227 3.9878205969195175 3.9893816074578075 3.9909426179960974 3.992503628534388 3.9940646390726777 3.995625649610968 3.9971866601492607 3.9987476706875507 4.000308681225841 4.0018696917641305 4.003430702302421 4.004991712840711 4.006552723379001 4.005992059742057 4.0031632784490965 4.000334497156135 3.9975057158631753 3.9946769345702147 3.9918481532772545 3.989019371984289 3.9861905906913284 3.9833618093983683 3.9805330281054077 3.977704246812447 3.974875465519487 3.9720466842265263 3.9692179029335657 3.9663891216406055 3.963560340347645
3.9651520761068313 3.9667886895490176 3.968425302991204 3.9700619164333903 3.9716985298755767 3.9733351433177635 3.97497175675995 3.976608370202136 3.978244983644325 3.979881597086512 3.9815182105286984 3.9831548239708847 3.984791437413071 3.9864280508552574 3.9880646642974438 3.9897012777396306 3.991337891181817 3.9929745046240033 3.9946111180661896 3.996247731508376 3.9978843449505623 3.999520958392752 4.001157571834939 4.002794185277125 4.004430798719311 4.006067412161498 4.007704025603684 4.00934063904587 4.008834635595307 4.006038126250273 4.003241616905238 4.000445107560203 3.9976485982151693 3.9948520888701347 3.9920555795250956 3.989259070180061 3.9864625608350264 3.983666051489992 3.9808695421449576 3.978073032799923 3.975276523454889 3.972480014109854 3.9696835047648196 3.9668869954197854
3.966043960578778 3.9676606860813033 3.9692774115838287 3.970894137086354 3.9725108625888796 3.974127588091405 3.9757443135939305 3.9773610390964564 3.9789777645989846 3.98059449010151 3.9822112156040355 3.983827941106561 3.9854446666090864 3.9870613921116123 3.9886781176141377 3.990294843116663 3.9919115686191886 3.993528294121714 3.9951450196242395 3.996761745126765 3.9983784706292904 3.999995196131819 4.001611921634344 4.00322864713687 4.004845372639395 4.006462098141921 4.008078823644446 4.009695549146972 4.0092061798036625 4.006465347459653 4.0037245151156435 4.0009836827716345 3.998242850427625 3.9955020180836156 3.9927611857396017 3.9900203533955922 3.987279521051583 3.9845386887075738 3.9817978563635643 3.979057024019555 3.9763161916755454 3.9735753593315364 3.970834526987527 3.9680936946435175
3.9670911051631683 3.9685858690333284 3.9700806329034886 3.9715753967736487 3.9730701606438084 3.9745649245139685 3.9760596883841286 3.9775544522542887 3.979049216124451 3.980543979994611 3.9820387438647713 3.9835335077349314 3.9850282716050915 3.986523035475251 3.9880177993454113 3.9895125632155715 3.9910073270857316 3.9925020909558913 3.9939968548260514 3.9954916186962115 3.9969863825663716 3.998481146436534 3.999975910306694 4.001470674176854 4.002965438047014 4.0044602019171744 4.005954965787335 4.007449729657495 4.006936346939742 4.004276210123234 4.001616073306726 3.9989559364902187 3.9962957996737107 3.9936356628572027 3.9909755260406903 3.9883153892241823 3.9856552524076743 3.9829951155911663 3.9803349787746582 3.9776748419581502 3.9750147051416422 3.9723545683251342 3.969694431508626 3.967034294692118
