Figures/CREST_Example_wjb_NSE/PETs/wjb.pet.20090901.asc
ncols            288
nrows            254
xllcorner        113.274861
yllcorner        31.4918055
cellsize         0.008333333333
NODATA_value     -9999
[rows 20 to 39 of 254, columns 0 to 43 of 288]
-9999.0 -9999.0 -9999.0 -9999.0 -9999.0 -9999.0 -9999.0 -9999.0 -9999.0 -9999.0 -9999.0 -9999.0 -9999.0 -9999.0 -9999.0 -9999.0 -9999.0 -9999.0 -9999.0 -9999.0 -9999.0 -9999.0 -9999.0 2.354642578374424 2.348644581261953 2.3426465841494823 2.3366485870370015 2.330650589924531 2.3246525928120603 2.3186545956995896 2.312656598587119 2.3066586014746484 2.300660604362178 2.294662607249707 2.288664610137236 2.2826666130247655 2.276668615912295 2.2706706187998242 2.2646726216873536 2.258674624574873 2.252676627462402 2.2466786303499315 2.2423859521022864 2.239916298262913
-9999.0 -9999.0 -9999.0 -9999.0 -9999.0 -9999.0 -9999.0 -9999.0 -9999.0 -9999.0 -9999.0 -9999.0 -9999.0 -9999.0 -9999.0 -9999.0 -9999.0 -9999.0 -9999.0 -9999.0 -9999.0 -9999.0 2.3596911122826523 2.35376873452256 2.3478463567624677 2.3419239790023756 2.3360016012422733 2.3300792234821808 2.3241568457220887 2.3182344679619966 2.312312090201904 2.306389712441812 2.30046733468172 2.2945449569216274 2.2886225791615353 2.2827002014014433 2.2767778236413507 2.2708554458812586 2.2649330681211666 2.2590106903610643 2.2530883126009718 2.2471659348408797 2.242900314004294 2.240405803763165
-9999.0 -9999.0 -9999.0 -9999.0 -9999.0 -9999.0 -9999.0 -9999.0 -9999.0 -9999.0 -9999.0 -9999.0 -9999.0 -9999.0 -9999.0 -9999.0 -9999.0 -9999.0 -9999.0 -9999.0 -9999.0 -9999.0 -9999.0 2.352894890670696 2.347048132262982 2.3412013738552684 2.3353546154475446 2.3295078570398307 2.323661098632117 2.317814340224403 2.311967581816689 2.3061208234089756 2.3002740650012616 2.294427306593548 2.288580548185834 2.28273378977812 2.2768870313704066 2.2710402729626926 2.265193514554979 2.259346756147255 2.2534999977395413 2.2476532393318274 2.2434146759063007 2.2408953092634167
-9999.0 -9999.0 -9999.0 -9999.0 -9999.0 -9999.0 -9999.0 -9999.0 -9999.0 -9999.0 -9999.0 -9999.0 -9999.0 -9999.0 -9999.0 -9999.0 -9999.0 -9999.0 -9999.0 -9999.0 -9999.0 -9999.0 2.3577921858741675 2.352021046818832 2.3462499077634966 2.340478768708161 2.334707629652816 2.3289364905974805 2.323165351542145 2.3173942124868097 2.311623073431474 2.3058519343761392 2.300080795320804 2.2943096562654683 2.288538517210133 2.2827673781547975 2.276996239099462 2.2712251000441266 2.265453960988791 2.259682821933446 2.253911682878111 2.2481405438227755 2.243929037808308 2.241384814763668
-9999.0 -9999.0 -9999.0 -9999.0 -9999.0 -9999.0 -9999.0 -9999.0 -9999.0 -9999.0 -9999.0 -9999.0 -9999.0 -9999.0 -9999.0 -9999.0 -9999.0 -9999.0 -9999.0 -9999.0 -9999.0 -9999.0 2.356842722669925 2.351147202966968 2.3454516832640113 2.339756163561054 2.3340606438580873 2.3283651241551304 2.3226696044521735 2.3169740847492166 2.3112785650462597 2.305583045343303 2.299887525640346 2.294192005937389 2.288496486234432 2.2828009665314752 2.277105446828518 2.271409927125561 2.265714407422604 2.2600188877196374 2.2543233680166805 2.2486278483137236 2.2444433997103155 2.2418743202639204
-9999.0 -9999.0 -9999.0 -9999.0 -9999.0 -9999.0 -9999.0 -9999.0 -9999.0 -9999.0 -9999.0 -9999.0 -9999.0 -9999.0 -9999.0 -9999.0 -9999.0 -9999.0 -9999.0 -9999.0 -9999.0 -9999.0 2.3558932594656827 2.3502733591151044 2.3446534587645256 2.3390335584139472 2.333413658063359 2.3277937577127807 2.322173857362202 2.3165539570116236 2.310934056661045 2.3053141563104664 2.299694255959888 2.2940743556093093 2.288454455258731 2.282834554908152 2.2772146545575738 2.2715947542069954 2.2659748538564166 2.2603549535058285 2.25473505315525 2.2491151528046713 2.2449577616123224 2.242363825764172
-9999.0 -9999.0 -9999.0 -9999.0 -9999.0 -9999.0 -9999.0 -9999.0 -9999.0 -9999.0 -9999.0 -9999.0 -9999.0 -9999.0 -9999.0 -9999.0 2.388209482250641 2.3826652012524407 2.377120920254241 2.3715766392560407 2.3660323582578404 2.3604880772596406 2.3549437962614403 2.34939951526324 2.3438552342650403 2.33831095326684 2.3327666722686304 2.32722239127043 2.3216781102722304 2.31613382927403 2.31058954827583 2.30504526727763 2.29950098627943 2.2939567052812295 2.2884124242830297 2.2828681432848295 2.277323862286629 2.2717795812884294 2.266235300290229 2.2606910192920195 2.2551467382938193 2.2496024572956195 2.24547212351433 2.242853331264423
-9999.0 -9999.0 -9999.0 -9999.0 -9999.0 -9999.0 -9999.0 -9999.0 -9999.0 -9999.0 -9999.0 -9999.0 -9999.0 -9999.0 -9999.0 -9999.0 2.386806302932127 2.3813376412863057 2.375868979640484 2.370400317994662 2.3649316563488405 2.3594629947030192 2.3539943330571975 2.348525671411376 2.343057009765554 2.3375883481197324 2.3321196864739018 2.32665102482808 2.3211823631822583 2.3157137015364366 2.3102450398906154 2.3047763782447936 2.299307716598972 2.29383905495315 2.2883703933073285 2.2829017316615072 2.2774330700156855 2.271964408369864 2.266495746724042 2.2610270850782115 2.2555584234323898 2.250089761786568 2.2459864854163376 2.243342836764676
-9999.0 -9999.0 -9999.0 -9999.0 -9999.0 -9999.0 -9999.0 -9999.0 -9999.0 -9999.0 -9999.0 -9999.0 -9999.0 -9999.0 -9999.0 2.3914564635016005 2.386097796191161 2.3807391288807214 2.375380461570282 2.3700217942598423 2.3646631269494023 2.3593044596389627 2.353945792328523 2.3485871250180836 2.343228457707644 2.3378697903972046 2.3325111230867557 2.327152455776316 2.3217937884658766 2.3164351211554366 2.311076453844997 2.3057177865345575 2.300359119224118 2.2950004519136784 2.289641784603239 2.2842831172927993 2.2789244499823593 2.2735657826719198 2.2682071153614802 2.2628484480510314 2.257489780740592 2.2521311134301523 2.2480699221815366 2.245395762167161
-9999.0 -9999.0 -9999.0 -9999.0 -9999.0 -9999.0 -9999.0 -9999.0 -9999.0 -9999.0 -9999.0 -9999.0 -9999.0 -9999.0 -9999.0 2.391343778916435 2.3861318506305724 2.3809199223447104 2.3757079940588484 2.3704960657729863 2.3652841374871243 2.360072209201262 2.3548602809154 2.3496483526295378 2.3444364243436757 2.3392244960578132 2.3340125677719423 2.3288006394860803 2.3235887112002183 2.3183767829143562 2.3131648546284937 2.3079529263426317 2.3027409980567697 2.2975290697709077 2.2923171414850456 2.287105213199183 2.281893284913321 2.276681356627459 2.271469428341597 2.266257500055726 2.2610455717698636 2.2558336434840016 2.251830601031959 2.2491198848582
-9999.0 -9999.0 -9999.0 -9999.0 -9999.0 -9999.0 -9999.0 -9999.0 -9999.0 -9999.0 -9999.0 -9999.0 -9999.0 -9999.0 -9999.0 2.391231094331269 2.3861659050699844 2.3811007158087 2.376035526547415 2.3709703372861304 2.365905148024846 2.360839958763561 2.3557747695022764 2.350709580240992 2.3456443909797073 2.3405792017184224 2.3355140124571294 2.3304488231958445 2.32538363393456 2.3203184446732754 2.315253255411991 2.310188066150706 2.3051228768894214 2.300057687628137 2.2949924983668524 2.2899273091055674 2.284862119844283 2.2797969305829984 2.2747317413217134 2.2696665520604205 2.2646013627991355 2.259536173537851 2.2555912798823816 2.2528440075492386
-9999.0 -9999.0 -9999.0 -9999.0 -9999.0 -9999.0 -9999.0 -9999.0 -9999.0 -9999.0 -9999.0 -9999.0 -9999.0 -9999.0 -9999.0 2.3911184097461033 2.386199959509396 2.381281509272689 2.376363059035982 2.3714446087992744 2.3665261585625674 2.3616077083258604 2.356689258089153 2.351770807852446 2.346852357615739 2.3419339073790315 2.337015457142316 2.332097006905609 2.3271785566689016 2.3222601064321946 2.3173416561954876 2.31242320595878 2.307504755722073 2.302586305485366 2.2976678552486587 2.2927494050119517 2.2878309547752447 2.2829125045385372 2.27799405430183 2.2730756040651148 2.2681571538284078 2.2632387035917003 2.2593519587328044 2.2565681302402774
-9999.0 -9999.0 -9999.0 -9999.0 -9999.0 -9999.0 -9999.0 -9999.0 -9999.0 -9999.0 -9999.0 -9999.0 -9999.0 -9999.0 2.3957774363730673 2.391005725160938 2.3862340139488083 2.3814623027366784 2.376690591524549 2.371918880312419 2.3671471691002894 2.3623754578881595 2.35760374667603 2.3528320354639005 2.3480603242517706 2.343288613039641 2.338516901827503 2.3337451906153737 2.3289734794032437 2.3242017681911142 2.3194300569789843 2.314658345766855 2.309886634554725 2.3051149233425954 2.300343212130466 2.295571500918336 2.2907997897062065 2.2860280784940765 2.281256367281947 2.276484656069809 2.2717129448576796 2.2669412336455497 2.2631126375832267 2.260292252931316
-9999.0 -9999.0 -9999.0 -9999.0 -9999.0 -9999.0 -9999.0 -9999.0 -9999.0 -9999.0 -9999.0 -9999.0 -9999.0 -9999.0 2.3955180127633238 2.390893040575772 2.3862680683882194 2.3816430962006674 2.3770181240131154 2.3723931518255634 2.3677681796380114 2.363143207450459 2.358518235262907 2.353893263075355 2.349268290887803 2.344643318700251 2.340018346512691 2.335393374325139 2.3307684021375867 2.3261434299500348 2.321518457762483 2.316893485574931 2.312268513387379 2.3076435411998264 2.3030185690122744 2.2983935968247224 2.2937686246371705 2.2891436524496185 2.2845186802620665 2.2798937080745065 2.275268735886954 2.270643763699402 2.2668733164336525 2.264016375622358
-9999.0 -9999.0 -9999.0 -9999.0 -9999.0 -9999.0 -9999.0 -9999.0 -9999.0 -9999.0 -9999.0 -9999.0 -9999.0 -9999.0 2.3952585891535803 2.390780355990606 2.3863021228276313 2.381823889664657 2.377345656501682 2.3728674233387075 2.368389190175733 2.3639109570127586 2.3594327238497836 2.354954490686809 2.3504762575238347 2.3459980243608602 2.341519791197878 2.3370415580349033 2.332563324871929 2.328085091708954 2.3236068585459795 2.319128625383005 2.3146503922200306 2.3101721590570556 2.305693925894081 2.3012156927311067 2.2967374595681322 2.2922592264051573 2.287780993242183 2.283302760079201 2.2788245269162264 2.2743462937532515 2.270633995284075 2.2677404983133966
-9999.0 -9999.0 -9999.0 -9999.0 -9999.0 -9999.0 -9999.0 -9999.0 -9999.0 -9999.0 -9999.0 -9999.0 -9999.0 -9999.0 2.394999165543837 2.3906676714054402 2.386336177267043 2.382004683128646 2.377673188990249 2.3733416948518515 2.3690102007134546 2.3646787065750576 2.3603472124366602 2.3560157182982633 2.3516842241598663 2.347352730021469 2.343021235883065 2.3386897417446675 2.3343582476062705 2.3300267534678736 2.325695259329476 2.3213637651910792 2.3170322710526823 2.312700776914285 2.308369282775888 2.304037788637491 2.2997062944990936 2.2953748003606966 2.2910433062222997 2.286711812083895 2.2823803179454982 2.278048823807101 2.2743946741344976 2.271464621004435
-9999.0 -9999.0 -9999.0 -9999.0 -9999.0 -9999.0 -9999.0 -9999.0 -9999.0 -9999.0 -9999.0 -9999.0 -9999.0 2.3989244970479136 2.3947397419340937 2.3905549868202742 2.386370231706455 2.382185476592635 2.3780007214788155 2.373815966364996 2.369631211251176 2.3654464561373567 2.361261701023537 2.3570769459097174 2.352892190795898 2.348707435682078 2.3445226805682515 2.340337925454432 2.336153170340612 2.3319684152267928 2.327783660112973 2.3235989049991534 2.319414149885334 2.315229394771514 2.3110446396576947 2.3068598845438752 2.3026751294300554 2.298490374316236 2.2943056192024165 2.2901208640885895 2.28593610897477 2.28175135386095 2.2781553529849203 2.2751887436954736
-9999.0 -9999.0 -9999.0 -9999.0 -9999.0 -9999.0 -9999.0 -9999.0 -9999.0 -9999.0 -9999.0 -9999.0 2.402556350502842 2.398518334413593 2.394480318324351 2.3904423022351087 2.3864042861458667 2.3823662700566244 2.3783282539673825 2.3742902378781405 2.370252221788898 2.3662142056996562 2.362176189610414 2.358138173521172 2.3541001574319296 2.3500621413426876 2.3460241252534386 2.3419861091641963 2.3379480930749543 2.333910076985712 2.32987206089647 2.325834044807228 2.3217960287179857 2.317758012628744 2.3137199965395014 2.3096819804502595 2.305643964361017 2.3016059482717752 2.297567932182533 2.293529916093284 2.289491900004042 2.2854538839147995 2.2819160318353426 2.2789128663865124
-9999.0 -9999.0 -9999.0 -9999.0 -9999.0 -9999.0 -9999.0 -9999.0 -9999.0 -9999.0 -9999.0 -9999.0 -9999.0 2.3981121717792724 2.3942208947146075 2.390329617649943 2.3864383405852783 2.382547063520614 2.378655786455949 2.3747645093912846 2.3708732323266197 2.3669819552619553 2.3630906781972905 2.359199401132626 2.355308124067961 2.351416847003297 2.3475255699386253 2.343634292873961 2.339743015809296 2.3358517387446316 2.3319604616799667 2.3280691846153023 2.3241779075506375 2.320286630485973 2.316395353421308 2.312504076356644 2.308612799291979 2.3047215222273145 2.3008302451626497 2.2969389680979786 2.2930476910333137 2.289156413968649 2.2856767106857654 2.282636989077551
-9999.0 -9999.0 -9999.0 -9999.0 -9999.0 -9999.0 -9999.0 -9999.0 -9999.0 -9999.0 -9999.0 -9999.0 -9999.0 2.397706009144952 2.3939614711048645 2.390216933064777 2.38647239502469 2.382727856984603 2.378983318944516 2.3752387809044286 2.3714942428643413 2.3677497048242544 2.364005166784167 2.36026062874408 2.356516090703993 2.352771552663906 2.3490270146238124 2.345282476583725 2.3415379385436377 2.337793400503551 2.3340488624634634 2.3303043244233765 2.326559786383289 2.3228152483432023 2.319070710303115 2.3153261722630276 2.3115816342229407 2.3078370961828534 2.3040925581427665 2.300348020102673 2.2966034820625856 2.2928589440224987 2.289437389536188 2.28636111176859
