Figures/CREST_Example_wjb_NSE/PETs/wjb.pet.20101003.asc
ncols            288
nrows            254
xllcorner        113.274861
yllcorner        31.4918055
cellsize         0.008333333333
NODATA_value     -9999
[rows 200 to 219 of 254, columns 88 to 131 of 288]
2.5159753823448083 2.515829503901263 2.5156836254577177 2.515537747014172 2.5153918685706267 2.5152459901270814 2.515100111683536 2.514954233239991 2.5148083547964455 2.5146624763529 2.514516597909355 2.5143707194658096 2.5142248410222643 2.514078962578719 2.5127914409143135 2.510283476832888 2.5077755127514583 2.505267548670033 2.5027595845886075 2.500251620507182 2.4977436564257567 2.495235692344331 2.4927277282629055 2.49021976418148 2.4877118001000547 2.4852038360186293 2.482695871937204 2.4801879078557785 2.477679943774353 2.4751719796929232 2.472664015611498 2.4701560515300724 2.467648087448647 2.4651401233672217 2.4626321592857963 2.460124195204371 2.457616231122945 2.4551082670415196 2.4526003029600942 2.450092338878669 2.4475843747972434 2.445076410715818 2.442568446634388 2.440060482552963
2.5184169194274473 2.5183808847976055 2.5183448501677637 2.5183088155379214 2.5182727809080796 2.518236746278238 2.518200711648396 2.518164677018554 2.5181286423887124 2.5180926077588706 2.5180565731290283 2.5180205384991865 2.5179845038693447 2.517948469239503 2.516713236634956 2.5141960342801464 2.5116788319253325 2.509161629570523 2.506644427215714 2.5041272248609046 2.501610022506095 2.4990928201512856 2.496575617796476 2.4940584154416667 2.4915412130868577 2.4890240107320483 2.486506808377239 2.4839896060224294 2.48147240366762 2.4789552013128064 2.476437998957997 2.4739207966031875 2.471403594248378 2.468886391893569 2.4663691895387596 2.46385198718395 2.4613347848291407 2.4588175824743312 2.456300380119522 2.4537831777647128 2.4512659754099033 2.448748773055094 2.44623157070028 2.443714368345471
2.520858456510086 2.520932265693948 2.5210060748778096 2.5210798840616713 2.5211536932455325 2.521227502429394 2.521301311613256 2.5213751207971176 2.521448929980979 2.5215227391648405 2.521596548348702 2.5216703575325634 2.521744166716425 2.521817975900287 2.5206350323555977 -9999.0 -9999.0 -9999.0 2.51052926984282 2.508002829214627 2.5054763885864335 2.5029499479582404 2.500423507330047 2.497897066701854 2.4953706260736603 2.4928441854454673 2.4903177448172737 2.4877913041890802 2.485264863560887 2.4827384229326896 2.480211982304496 2.477685541676303 2.4751591010481095 2.472632660419916 2.470106219791723 2.4675797791635294 2.4650533385353364 2.462526897907143 2.46000045727895 2.4574740166507563 2.454947576022563 2.4524211353943697 2.449894694766172 2.4473682541379786
2.523299993592725 2.5234836465902903 2.523667299587855 2.5238509525854207 2.5240346055829854 2.5242182585805506 2.5244019115781158 2.5245855645756805 2.5247692175732457 2.5249528705708104 2.5251365235683756 2.5253201765659408 2.5255038295635055 2.5256874825610707 2.52455682807624 -9999.0 -9999.0 -9999.0 -9999.0 2.5118784335683495 2.5093427546667724 -9999.0 2.5042713968636177 2.5017357179620405 2.4992000390604634 2.4966643601588863 2.4941286812573087 2.4915930023557316 2.4890573234541544 2.486521644552573 2.4839859656509957 2.481450286749418 2.478914607847841 2.476378928946264 2.4738432500446867 2.471307571143109 2.468771892241532 2.466236213339955 2.4637005344383778 2.4611648555368 2.458629176635223 2.456093497733646 2.4535578188320644 2.4510221399304872
2.525741530675365 2.5260350274866337 2.5263285242979023 2.526622021109171 2.5269155179204397 2.5272090147317083 2.5275025115429766 2.5277960083542452 2.528089505165514 2.528383001976782 2.528676498788051 2.5289699955993195 2.5292634924105877 2.5295569892218563 -9999.0 -9999.0 -9999.0 -9999.0 -9999.0 -9999.0 -9999.0 -9999.0 -9999.0 2.505574369222229 2.503029452047268 2.5004845348723066 2.4979396176973454 2.495394700522384 2.492849783347423 2.4903048661724574 2.487759948997496 2.485215031822535 2.482670114647574 2.4801251974726126 2.4775802802976514 2.4750353631226902 2.472490445947729 2.469945528772768 2.4674006115978067 2.4648556944228455 2.4623107772478843 2.459765860072923 2.4572209428979574 2.4546760257229963
2.5281830677580044 2.528586408382976 2.5289897490079483 2.529393089632921 2.5297964302578926 2.5301997708828647 2.5306031115078365 2.5310064521328086 2.5314097927577803 2.5318131333827525 2.532216474007724 2.5326198146326964 2.533023155257668 2.5334264958826402 -9999.0 -9999.0 -9999.0 -9999.0 -9999.0 -9999.0 -9999.0 -9999.0 -9999.0 -9999.0 2.506858865034071 2.5043047095857256 2.501750554137381 2.4991963986890355 2.4966422432406903 2.494088087792341 2.491533932343996 2.4889797768956505 2.4864256214473053 2.4838714659989605 2.481317310550615 2.47876315510227 2.476208999653925 2.47365484420558 2.4711006887572347 2.4685465333088894 2.4659923778605446 2.4634382224121993 2.4608840669638496 2.458329911515505
2.530624604840643 2.5311377892793185 2.5316509737179937 2.5321641581566703 2.5326773425953455 2.533190527034021 2.5337037114726964 2.5342168959113716 2.534730080350047 2.5352432647887224 2.535756449227398 2.5362696336660733 2.536782818104749 2.537296002543424 2.536322215238169 -9999.0 -9999.0 -9999.0 -9999.0 -9999.0 -9999.0 -9999.0 -9999.0 -9999.0 2.5106882780208735 2.5081248842991446 2.5055614905774157 2.5029980968556864 2.5004347031339575 2.497871309412224 2.495307915690495 2.4927445219687656 2.4901811282470367 2.487617734525308 2.4850543408035786 2.4824909470818497 2.4799275533601204 2.4773641596383915 2.474800765916662 2.4722373721949333 2.469673978473204 2.467110584751475 2.464547191029742 2.4619837973080125
2.533066141923283 2.5336891701756623 2.534312198428041 2.534935226680421 2.5355582549327997 2.536181283185179 2.5368043114375576 2.5374273396899367 2.5380503679423154 2.538673396194694 2.5392964244470733 2.539919452699452 2.540542480951831 2.54116550920421 2.540244010958813 -9999.0 -9999.0 -9999.0 -9999.0 -9999.0 -9999.0 -9999.0 -9999.0 -9999.0 -9999.0 2.5119450590125654 2.5093724270174524 2.506799795022339 2.504227163027226 2.5016545310321088 2.499081899036996 2.496509267041883 2.49393663504677 2.4913640030516566 2.4887913710565437 2.4862187390614308 2.483646107066318 2.481073475071205 2.478500843076092 2.4759282110809786 2.4733555790858657 2.4707829470907527 2.4682103150956354 2.4656376831005224
2.5328837383669014 2.5335669804048666 2.5342502224428323 2.534933464480799 2.535616706518764 2.5362999485567297 2.536983190594695 2.5376664326326606 2.5383496746706258 2.5390329167085914 2.5397161587465567 2.540399400784522 2.5410826428224875 2.5417658848604527 2.5409001404732368 -9999.0 -9999.0 -9999.0 -9999.0 -9999.0 -9999.0 -9999.0 -9999.0 -9999.0 -9999.0 -9999.0 -9999.0 -9999.0 -9999.0 2.5030754519706315 2.5005538060704584 2.4980321601702853 2.495510514270112 2.492988868369939 2.490467222469766 2.487945576569593 2.4854239306694197 2.4829022847692466 2.4803806388690735 2.4778589929689003 2.475337347068727 2.472815701168554 2.4702940552683765 2.4677724093682034
2.5298965076483317 2.530586912099893 2.531277316551454 2.5319677210030167 2.532658125454578 2.5333485299061387 2.5340389343577 2.534729338809261 2.5354197432608223 2.5361101477123835 2.5368005521639447 2.537490956615506 2.538181361067067 2.5388717655186284 2.5380654786406214 -9999.0 -9999.0 -9999.0 -9999.0 -9999.0 -9999.0 -9999.0 -9999.0 -9999.0 -9999.0 -9999.0 -9999.0 -9999.0 -9999.0 -9999.0 -9999.0 2.497158654868546 2.4947523711172477 2.4923460873659495 2.4899398036146514 2.4875335198633532 2.4851272361120555 2.4827209523607574 2.4803146686094593 2.477908384858161 2.475502101106863 2.473095817355565 2.4706895336042627 2.4682832498529645
2.5269092769297608 2.527606843794918 2.5283044106600747 2.529001977525233 2.52969954439039 2.530397111255547 2.531094678120704 2.5317922449858608 2.532489811851018 2.5331873787161747 2.5338849455813315 2.5345825124464887 2.5352800793116455 2.5359776461768027 2.535230816808005 -9999.0 -9999.0 -9999.0 -9999.0 -9999.0 -9999.0 -9999.0 -9999.0 -9999.0 -9999.0 -9999.0 -9999.0 -9999.0 -9999.0 -9999.0 -9999.0 2.4962851495668064 2.4939942279643836 2.4917033063619605 2.4894123847595373 2.4871214631571146 2.4848305415546914 2.4825396199522682 2.4802486983498455 2.4779577767474223 2.4756668551449996 2.4733759335425765 2.4710850119401497 2.4687940903377266
2.5239220462111915 2.5246267754899443 2.525331504768697 2.526036234047451 2.5267409633262035 2.527445692604956 2.528150421883709 2.5288551511624617 2.5295598804412145 2.5302646097199673 2.53096933899872 2.5316740682774728 2.532378797556225 2.533083526834978 -9999.0 -9999.0 -9999.0 -9999.0 -9999.0 -9999.0 -9999.0 -9999.0 -9999.0 -9999.0 -9999.0 -9999.0 -9999.0 -9999.0 -9999.0 -9999.0 2.497587203718615 2.4954116442650673 2.493236084811519 2.4910605253579714 2.4888849659044237 2.4867094064508755 2.4845338469973277 2.4823582875437795 2.4801827280902318 2.4780071686366836 2.475831609183136 2.4736560497295876 2.471480490276036 2.469304930822488
2.520934815492622 2.5216467071849706 2.522358598877319 2.5230704905696686 2.5237823822620173 2.5244942739543657 2.525206165646714 2.5259180573390627 2.526629949031411 2.52734184072376 2.528053732416108 2.5287656241084564 2.529477515800805 2.5301894074931535 -9999.0 -9999.0 -9999.0 -9999.0 -9999.0 -9999.0 -9999.0 -9999.0 -9999.0 -9999.0 -9999.0 -9999.0 -9999.0 -9999.0 -9999.0 -9999.0 2.4965983362680007 2.494538138963328 2.492477941658655 2.490417744353982 2.488357547049309 2.4862973497446363 2.484237152439963 2.4821769551352904 2.4801167578306176 2.4780565605259444 2.4759963632212716 2.473936165916599 2.471875968611922 2.4698157713072493
2.5179475847740513 2.5186666388799956 2.5193856929859395 2.520104747091885 2.5208238011978295 2.5215428553037738 2.522261909409718 2.522980963515662 2.5237000176216062 2.5244190717275505 2.525138125833495 2.525857179939439 2.5265762340453835 2.5272952881513278 -9999.0 -9999.0 -9999.0 -9999.0 -9999.0 -9999.0 -9999.0 -9999.0 -9999.0 -9999.0 -9999.0 -9999.0 -9999.0 -9999.0 2.4994991391289854 2.497554303973184 2.495609468817386 2.4936646336615884 2.4917197985057906 2.489774963349993 2.487830128194195 2.4858852930383972 2.4839404578825994 2.4819956227268016 2.480050787571004 2.478105952415206 2.476161117259408 2.47421628210361 2.472271446947809 2.4703266117920113
2.5149603540554812 2.5156865705750215 2.5164127870945614 2.5171390036141026 2.517865220133643 2.5185914366531827 2.5193176531727226 2.5200438696922625 2.5207700862118028 2.5214963027313426 2.5222225192508825 2.522948735770423 2.5236749522899626 -9999.0 -9999.0 -9999.0 -9999.0 -9999.0 -9999.0 -9999.0 -9999.0 -9999.0 -9999.0 -9999.0 -9999.0 -9999.0 -9999.0 -9999.0 2.4982795473806205 2.4964500743736946 2.4946206013667718 2.4927911283598494 2.4909616553529266 2.4891321823460038 2.487302709339081 2.485473236332158 2.4836437633252353 2.4818142903183125 2.4799848173113896 2.478155344304467 2.476325871297544 2.474496398290621 2.4726669252836957 2.470837452276773
2.511973123336912 2.512706502270048 2.5134398812031833 2.5141732601363205 2.5149066390694563 2.515640018002592 2.5163733969357276 2.5171067758688634 2.5178401548019993 2.518573533735135 2.519306912668271 2.5200402916014064 -9999.0 -9999.0 -9999.0 -9999.0 -9999.0 -9999.0 -9999.0 -9999.0 -9999.0 -9999.0 -9999.0 -9999.0 -9999.0 -9999.0 -9999.0 -9999.0 2.497059955632256 2.4953458447742056 2.4936317339161578 2.49191762305811 2.4902035122000625 2.4884894013420147 2.486775290483967 2.485061179625919 2.4833470687678716 2.4816329579098237 2.479918847051776 2.478204736193728 2.47649062533568 2.474776514477633 2.473062403619582 2.4713482927615344
2.5089858926183424 2.5097264339650738 2.5104669753118056 2.5112075166585384 2.5119480580052698 2.512688599352001 2.513429140698733 2.5141696820454644 -9999.0 -9999.0 -9999.0 -9999.0 -9999.0 -9999.0 -9999.0 -9999.0 -9999.0 -9999.0 -9999.0 -9999.0 -9999.0 -9999.0 -9999.0 -9999.0 -9999.0 -9999.0 -9999.0 -9999.0 -9999.0 2.494241615174716 2.4926428664655433 2.491044117756371 2.489445369047198 2.487846620338025 2.4862478716288527 2.48464912291968 2.483050374210507 2.4814516255013346 2.4798528767921617 2.478254128082989 2.4766553793738164 2.4750566306646435 2.473457881955468 2.471859133246295
2.505998661899772 2.5067463656600992 2.507494069420426 2.508241773180755 2.5089894769410823 2.5097371807014093 2.5104848844617367 2.511232588222064 -9999.0 -9999.0 -9999.0 -9999.0 -9999.0 -9999.0 -9999.0 -9999.0 -9999.0 -9999.0 -9999.0 -9999.0 -9999.0 -9999.0 -9999.0 -9999.0 -9999.0 -9999.0 -9999.0 -9999.0 -9999.0 2.4931373855752264 2.491653999014929 2.4901706124546314 2.4886872258943336 2.487203839334036 2.485720452773738 2.4842370662134408 2.4827536796531433 2.4812702930928454 2.479786906532548 2.4783035199722505 2.4768201334119526 2.475336746851655 2.473853360291355 2.472369973731057
2.503011431181202 2.503766297355125 2.504521163529048 2.5052760297029724 -9999.0 2.5067857620508183 -9999.0 -9999.0 -9999.0 -9999.0 -9999.0 -9999.0 -9999.0 -9999.0 -9999.0 -9999.0 -9999.0 -9999.0 -9999.0 -9999.0 -9999.0 -9999.0 -9999.0 -9999.0 -9999.0 -9999.0 -9999.0 -9999.0 -9999.0 -9999.0 -9999.0 2.489297107152892 2.4879290827414695 2.486561058330047 2.485193033918624 2.4838250095072016 2.482456985095779 2.4810889606843567 2.479720936272934 2.4783529118615113 2.476984887450089 2.4756168630386663 2.474248838627241 2.4728808142158187
2.5000242004626325 2.5007862290501515 2.50154825763767 2.5023102862251903 -9999.0 -9999.0 -9999.0 -9999.0 -9999.0 -9999.0 -9999.0 -9999.0 -9999.0 -9999.0 -9999.0 -9999.0 -9999.0 -9999.0 -9999.0 -9999.0 -9999.0 -9999.0 -9999.0 -9999.0 -9999.0 -9999.0 -9999.0 -9999.0 -9999.0 -9999.0 -9999.0 2.488423601851153 2.4871709395886055 2.485918277326058 2.4846656150635105 2.483412952800963 2.482160290538415 2.4809076282758675 2.47965496601332 2.4784023037507725 2.477149641488225 2.4758969792256775 2.474644316963128 2.4733916547005803
