Figures/CREST_Example_wjb_NSE/PETs/wjb.pet.20090817.asc
ncols            288
nrows            254
xllcorner        113.274861
yllcorner        31.4918055
cellsize         0.008333333333
NODATA_value     -9999
[rows 200 to 219 of 254, columns 132 to 175 of 288]
2.7218235812101135 2.722101553721942 2.7223795262337704 2.722657498745599 2.722935471257427 2.7232134437692554 2.723491416281084 2.7237693887929124 2.724047361304741 2.7243253338165694 2.724603306328398 2.724881278840227 2.7251592513520553 2.7254372238638838 2.7257151963757122 2.7259931688875407 2.7262711413993688 2.7265491139111973 2.7268270864230257 2.727105058934854 2.7273830314466827 2.727661003958511 2.7279389764703397 2.728216948982168 2.728494921493997 2.7287728940058256 2.729050866517654 2.7293288390294825 2.7296068115413106 2.729884784053139 2.728938071810946 2.726682143862535 2.7244262159141246 2.7221702879657137 2.719914360017303 2.7176584320688923 2.7154025041204815 2.713146576172067 2.710890648223656 2.7086347202752457 2.7063787923268348 2.7041228643784243 2.7018669364300134 2.699611008481603
2.735596137355684 2.735810533419414 2.736024929483144 2.7362393255468738 2.7364537216106037 2.7366681176743333 2.7368825137380632 2.737096909801793 2.737311305865523 2.737525701929253 2.737740097992983 2.7379544940567135 2.7381688901204435 2.738383286184173 2.738597682247903 2.738812078311633 2.739026474375363 2.739240870439093 2.739455266502823 2.739669662566553 2.739884058630283 2.740098454694013 2.7403128507577423 2.7405272468214723 2.7407416428852027 2.7409560389489327 2.7411704350126627 2.7413848310763926 2.7415992271401226 2.7418136232038526 2.7408059319576017 2.7384918017315725 2.736177671505543 2.7338635412795136 2.731549411053484 2.7292352808274547 2.726921150601425 2.724607020375392 2.722292890149362 2.719978759923333 2.7176646296973033 2.715350499471274 2.7130363692452444 2.7107222390192147
2.7493686935012542 2.7495195131168857 2.749670332732517 2.7498211523481486 2.74997197196378 2.7501227915794115 2.750273611195043 2.7504244308106744 2.7505752504263055 2.750726070041937 2.7508768896575684 2.7510277092732003 2.7511785288888317 2.751329348504463 2.751480168120094 2.7516309877357257 2.751781807351357 2.7519326269669886 2.75208344658262 2.7522342661982515 2.752385085813883 2.7525359054295144 2.752686725045146 2.7528375446607773 2.752988364276409 2.7531391838920403 2.7532900035076717 2.753440823123303 2.7535916427389346 2.753742462354566 2.7526737921042583 2.75030145960061 2.747929127096962 2.7455567945933135 2.7431844620896655 2.740812129586017 2.738439797082369 2.7360674645787166 2.7336951320750686 2.73132279957142 2.728950467067772 2.726578134564124 2.7242058020604754 2.7218334695568274
2.763141249646824 2.763228492814357 2.76331573598189 2.763402979149423 2.763490222316956 2.763577465484489 2.763664708652022 2.763751951819555 2.7638391949870877 2.7639264381546207 2.7640136813221536 2.7641009244896866 2.7641881676572195 2.7642754108247525 2.7643626539922854 2.7644498971598184 2.764537140327351 2.764624383494884 2.7647116266624168 2.7647988698299497 2.7648861129974827 2.7649733561650156 2.7650605993325486 2.7651478425000815 2.7652350856676144 2.7653223288351474 2.7654095720026803 2.7654968151702133 2.7655840583377462 2.765671301505279 2.7645416522509145 2.7621111174696473 2.7596805826883806 2.7572500479071134 2.7548195131258466 2.7523889783445794 2.7499584435633126 2.7475279087820415 2.7450973740007742 2.7426668392195075 2.7402363044382403 2.7378057696569735 2.7353752348757063 2.7329447000944396
2.7769138057924008 2.776937472511835 2.776961139231269 2.7769848059507036 2.777008472670138 2.7770321393895725 2.777055806109007 2.7770794728284414 2.777103139547876 2.77712680626731 2.7771504729867442 2.7771741397061787 2.777197806425613 2.7772214731450475 2.777245139864482 2.7772688065839164 2.777292473303351 2.777316140022785 2.7773398067422193 2.7773634734616537 2.777387140181088 2.7774108069005226 2.777434473619957 2.7774581403393914 2.7774818070588254 2.77750547377826 2.7775291404976943 2.7775528072171287 2.777576473936563 2.7776001406559976 2.7764095123975756 2.77392077533869 2.771432038279804 2.7689433012209186 2.7664545641620326 2.763965827103147 2.761477090044261 2.758988352985371 2.756499615926485 2.7540108788675997 2.7515221418087137 2.749033404749828 2.746544667690942 2.744055930632056
2.790686361937971 2.790646452209307 2.790606542480643 2.7905666327519785 2.7905267230233144 2.7904868132946503 2.7904469035659862 2.790406993837322 2.790367084108658 2.790327174379994 2.79028726465133 2.7902473549226654 2.7902074451940013 2.7901675354653372 2.790127625736673 2.790087716008009 2.790047806279345 2.790007896550681 2.7899679868220164 2.7899280770933523 2.7898881673646883 2.789848257636024 2.78980834790736 2.789768438178696 2.789728528450032 2.7896886187213674 2.7896487089927033 2.7896087992640393 2.789568889535375 2.789528979806711 2.7882773725442322 2.7857304332077275 2.783183493871223 2.7806365545347185 2.778089615198214 2.7755426758617094 2.772995736525205 2.770448797188696 2.7679018578521917 2.765354918515687 2.7628079791791826 2.760261039842678 2.757714100506173 2.755167161169669
2.8044589180835415 2.804355431906779 2.8042519457300163 2.8041484595532538 2.8040449733764907 2.803941487199728 2.8038380010229655 2.803734514846203 2.8036310286694404 2.8035275424926778 2.803424056315915 2.803320570139152 2.8032170839623896 2.803113597785627 2.8030101116088644 2.8029066254321013 2.8028031392553387 2.802699653078576 2.8025961669018136 2.802492680725051 2.8023891945482884 2.802285708371526 2.8021822221947628 2.802078736018 2.8019752498412376 2.801871763664475 2.801768277487712 2.8016647913109494 2.8015613051341868 2.801457818957424 2.8001452326908884 2.797540091076765 2.794934949462642 2.7923298078485184 2.7897246662343953 2.787119524620272 2.7845143830061483 2.781909241392021 2.7793040997778973 2.776698958163774 2.7740938165496507 2.7714886749355276 2.768883533321404 2.766278391707281
2.8182314742291177 2.8180644116042566 2.8178973489793955 2.8177302863545344 2.817563223729673 2.8173961611048117 2.8172290984799506 2.8170620358550895 2.8168949732302284 2.816727910605367 2.8165608479805058 2.816393785355644 2.816226722730783 2.816059660105922 2.815892597481061 2.8157255348562 2.8155584722313383 2.815391409606477 2.815224346981616 2.815057284356755 2.814890221731894 2.8147231591070323 2.814556096482171 2.81438903385731 2.8142219712324485 2.8140549086075874 2.8138878459827263 2.8137207833578652 2.8135537207330037 2.8133866581081426 2.8120130928375495 2.8093497489458077 2.8066864050540654 2.8040230611623236 2.8013597172705813 2.798696373378839 2.796033029487097 2.7933696855953505 2.790706341703608 2.7880429978118664 2.785379653920124 2.7827163100283823 2.78005296613664 2.777389622244898
2.836875105832464 2.836685090035686 2.836495074238908 2.8363050584421297 2.8361150426453516 2.8359250268485736 2.8357350110517956 2.8355449952550176 2.835354979458239 2.835164963661461 2.834974947864683 2.8347849320679046 2.8345949162711266 2.8344049004743486 2.83421488467757 2.834024868880792 2.833834853084014 2.833644837287236 2.833454821490458 2.8332648056936796 2.8330747898969015 2.8328847741001235 2.8326947583033455 2.8325047425065675 2.832314726709789 2.832124710913011 2.8319346951162325 2.8317446793194545 2.8315546635226765 2.8313646477258985 2.829939180370966 2.827192987352638 2.8244467943343103 2.821700601315982 2.8189544082976545 2.8162082152793264 2.8134620222609987 2.810715829242666 2.807969636224338 2.8052234432060104 2.8024772501876822 2.799731057169354 2.7969848641510264 2.7942386711326983
2.860725610087524 2.8605560648406754 2.860386519593827 2.860216974346979 2.8600474291001308 2.8598778838532826 2.8597083386064344 2.859538793359586 2.8593692481127375 2.8591997028658893 2.859030157619041 2.8588606123721925 2.8586910671253443 2.858521521878496 2.858351976631648 2.8581824313847997 2.8580128861379515 2.857843340891103 2.8576737956442546 2.8575042503974064 2.857334705150558 2.85716515990371 2.856995614656862 2.8568260694100136 2.856656524163165 2.8564869789163168 2.856317433669468 2.85614788842262 2.8559783431757717 2.8558087979289235 2.8543411311447326 2.851485743071707 2.848630354998682 2.8457749669256565 2.842919578852631 2.8400641907796054 2.83720880270658 2.8343534146335494 2.831498026560524 2.8286426384874983 2.8257872504144728 2.822931862341447 2.8200764742684217 2.817221086195396
2.884576114342593 2.884427039645675 2.8842779649487564 2.884128890251838 2.8839798155549197 2.8838307408580013 2.883681666161083 2.8835325914641645 2.883383516767246 2.8832344420703278 2.8830853673734094 2.8829362926764905 2.882787217979572 2.8826381432826538 2.8824890685857354 2.882339993888817 2.8821909191918986 2.8820418444949802 2.8818927697980614 2.881743695101143 2.8815946204042246 2.8814455457073063 2.881296471010388 2.8811473963134695 2.880998321616551 2.8808492469196323 2.880700172222714 2.8805510975257955 2.880402022828877 2.8802529481319588 2.87874308191851 2.8757784987907864 2.8728139156630634 2.8698493325353405 2.866884749407617 2.863920166279894 2.8609555831521707 2.8579910000244424 2.8550264168967194 2.8520618337689965 2.849097250641273 2.84613266751355 2.8431680843858267 2.8402035012581037
2.908426618597653 2.9082980144506645 2.908169410303676 2.9080408061566874 2.907912202009699 2.9077835978627102 2.9076549937157217 2.907526389568733 2.9073977854217445 2.907269181274756 2.9071405771277674 2.9070119729807784 2.90688336883379 2.9067547646868013 2.9066261605398127 2.906497556392824 2.9063689522458356 2.906240348098847 2.9061117439518585 2.90598313980487 2.9058545356578813 2.9057259315108928 2.905597327363904 2.9054687232169156 2.9053401190699266 2.905211514922938 2.9050829107759495 2.904954306628961 2.9048257024819724 2.904697098334984 2.9031450326922763 2.900071254509856 2.896997476327435 2.8939236981450143 2.8908499199625934 2.8877761417801726 2.8847023635977522 2.881628585415326 2.8785548072329052 2.8754810290504844 2.872407250868064 2.869333472685643 2.8662596945032224 2.8631859163208015
2.932277122852712 2.9321689892556533 2.932060855658595 2.9319527220615362 2.9318445884644775 2.9317364548674187 2.93162832127036 2.9315201876733012 2.9314120540762425 2.9313039204791838 2.931195786882125 2.9310876532850663 2.9309795196880075 2.9308713860909488 2.93076325249389 2.9306551188968313 2.9305469852997725 2.930438851702714 2.930330718105655 2.9302225845085963 2.9301144509115375 2.930006317314479 2.9298981837174205 2.9297900501203618 2.9296819165233026 2.929573782926244 2.929465649329185 2.9293575157321263 2.929249382135068 2.9291412485380093 2.9275469834660433 2.924364010228925 2.9211810369918068 2.917998063754688 2.91481509051757 2.9116321172804516 2.9084491440433333 2.9052661708062093 2.902083197569091 2.898900224331973 2.8957172510948546 2.8925342778577363 2.8893513046206176 2.8861683313834994
2.9561276271077817 2.9560399640606527 2.955952301013524 2.955864637966395 2.9557769749192664 2.9556893118721375 2.9556016488250085 2.9555139857778796 2.9554263227307507 2.9553386596836217 2.9552509966364933 2.955163333589364 2.9550756705422354 2.9549880074951065 2.9549003444479776 2.9548126814008486 2.9547250183537197 2.9546373553065908 2.954549692259462 2.9544620292123334 2.9543743661652044 2.9542867031180755 2.9541990400709466 2.9541113770238177 2.9540237139766887 2.95393605092956 2.953848387882431 2.953760724835302 2.9536730617881735 2.9535853987410445 2.95194893423982 2.9486567659480043 2.945364597656188 2.942072429364372 2.9387802610725564 2.9354880927807403 2.932195924488924 2.9289037561971027 2.9256115879052866 2.922319419613471 2.919027251321655 2.9157350830298387 2.9124429147380226 2.909150746446207
2.9799781313628415 2.9799109388656424 2.9798437463684433 2.979776553871244 2.979709361374045 2.9796421688768464 2.9795749763796473 2.979507783882448 2.979440591385249 2.97937339888805 2.9793062063908513 2.979239013893652 2.979171821396453 2.979104628899254 2.979037436402055 2.9789702439048558 2.978903051407657 2.978835858910458 2.978768666413259 2.9787014739160598 2.9786342814188607 2.978567088921662 2.978499896424463 2.978432703927264 2.9783655114300647 2.9782983189328656 2.9782311264356665 2.978163933938468 2.9780967414412687 2.9780295489440696 2.976350885013587 2.9729495216670734 2.96954815832056 2.9661467949740463 2.962745431627533 2.9593440682810193 2.9559427049345053 2.952541341587986 2.9491399782414724 2.945738614894959 2.9423372515484454 2.938935888201932 2.9355345248554183 2.932133161508905
3.0038286356179005 3.003781913670631 3.0037351917233623 3.003688469776093 3.0036417478288238 3.003595025881555 3.0035483039342856 3.0035015819870163 3.0034548600397475 3.003408138092478 3.003361416145209 3.0033146941979396 3.0032679722506703 3.0032212503034015 3.003174528356132 3.003127806408863 3.003081084461594 3.0030343625143248 3.0029876405670555 3.0029409186197866 3.0028941966725173 3.002847474725248 3.0028007527779788 3.00275403083071 3.0027073088834406 3.0026605869361713 3.002613864988902 3.002567143041633 3.002520421094364 3.0024736991470946 3.000752835787354 2.9972422773861425 2.9937317189849315 2.99022116058372 2.986710602182509 2.9832000437812978 2.979689485380087 2.9761789269788697 2.9726683685776583 2.9691578101764473 2.965647251775236 2.962136693374025 2.9586261349728136 2.9551155765716026
3.0276791398729603 3.027652888475621 3.0276266370782814 3.0276003856809424 3.027574134283603 3.0275478828862634 3.0275216314889244 3.027495380091585 3.0274691286942454 3.0274428772969064 3.027416625899567 3.0273903745022275 3.027364123104888 3.027337871707549 3.0273116203102095 3.02728536891287 3.027259117515531 3.0272328661181915 3.027206614720852 3.0271803633235126 3.0271541119261736 3.027127860528834 3.0271016091314946 3.0270753577341556 3.027049106336816 3.0270228549394766 3.0269966035421376 3.026970352144798 3.0269441007474587 3.026917849350119 3.02515478656112 3.021535033105211 3.0179152796493023 3.0142955261933935 3.010675772737485 3.0070560192815763 3.0034362658256675 2.9998165123697524 2.9961967589138436 2.992577005457935 2.9889572520020264 2.9853374985461176 2.981717745090209 2.9780979916343
3.0515296441280295 3.0515238632806203 3.0515180824332107 3.0515123015858014 3.051506520738392 3.051500739890982 3.051494959043573 3.0514891781961633 3.051483397348754 3.0514776165013444 3.0514718356539348 3.0514660548065256 3.051460273959116 3.0514544931117062 3.051448712264297 3.0514429314168874 3.051437150569478 3.0514313697220685 3.051425588874659 3.0514198080272497 3.05141402717984 3.051408246332431 3.051402465485021 3.0513966846376115 3.0513909037902023 3.0513851229427926 3.051379342095383 3.0513735612479738 3.051367780400564 3.051361999553155 3.049556737334897 3.0458277888242904 3.042098840313684 3.0383698918030775 3.0346409432924712 3.030911994781865 3.0271830462712583 3.023454097760646 3.019725149250039 3.015996200739433 3.0122672522288267 3.00853830371822 3.004809355207614 3.0010804066970076
3.0753801483830894 3.0753948380856095 3.07540952778813 3.0754242174906503 3.075438907193171 3.075453596895691 3.0754682865982117 3.075482976300732 3.0754976660032525 3.0755123557057726 3.075527045408293 3.0755417351108134 3.0755564248133336 3.075571114515854 3.0755858042183744 3.075600493920895 3.075615183623415 3.0756298733259357 3.075644563028456 3.075659252730976 3.0756739424334967 3.075688632136017 3.0757033218385375 3.0757180115410576 3.0757327012435782 3.0757473909460984 3.075762080648619 3.075776770351139 3.0757914600536593 3.07580614975618 3.0739586881086636 3.0701205445433595 3.066282400978056 3.0624442574127517 3.0586061138474476 3.0547679702821435 3.05092982671684 3.047091683151529 3.0432535395862255 3.0394153960209214 3.0355772524556173 3.031739108890313 3.0279009653250095 3.0240628217597054
3.099230652638149 3.0992658128905988 3.099300973143049 3.099336133395499 3.0993712936479496 3.0994064539003996 3.09944161415285 3.0994767744053 3.0995119346577504 3.0995470949102004 3.099582255162651 3.0996174154151013 3.0996525756675513 3.0996877359200017 3.0997228961724517 3.099758056424902 3.099793216677352 3.0998283769298025 3.0998635371822525 3.099898697434703 3.099933857687153 3.0999690179396033 3.1000041781920533 3.1000393384445037 3.1000744986969537 3.100109658949404 3.100144819201854 3.1001799794543046 3.100215139706755 3.100250299959205 3.0983606388824305 3.0944133002624286 3.090465961642427 3.0865186230224255 3.082571284402424 3.0786239457824225 3.074676607162421 3.070729268542413 3.066781929922411 3.0628345913024093 3.058887252682408 3.0549399140624063 3.0509925754424048 3.0470452368224032
