Figures/CREST_Example_wjb_NSE/PETs/wjb.pet.20101218.asc
ncols            288
nrows            254
xllcorner        113.274861
yllcorner        31.4918055
cellsize         0.008333333333
NODATA_value     -9999
[rows 76 to 94 of 254, columns 132 to 175 of 288]
0.7698484630557739 0.7697692455910423 0.7696900281263108 0.7696108106615792 0.7695315931968476 0.769452375732116 0.7693731582673844 0.7692939408026528 0.7692147233379212 0.7691355058731897 0.7690562884084581 0.7689770709437264 0.7688978534789948 0.7688186360142631 0.7687394185495315 0.7686602010847999 0.7685809836200683 0.7685017661553367 0.7684225486906052 0.7683433312258736 0.768264113761142 0.7681848962964104 0.7681056788316788 0.7680264613669472 0.7679472439022155 0.7678680264374839 0.7677888089727523 0.7677095915080208 0.7676303740432892 0.7675511565785575 0.7677837074579918 0.7683495457499973 0.7689153840420028 0.7694812223340082 0.7700470606260137 0.7706128989180191 0.7711787372100246 0.771744575502031 0.7723104137940364 0.7728762520860419 0.7734420903780473 0.7740079286700529 0.7745737669620583 0.7751396052540638
0.7706497509266236 0.7705943312571675 0.7705389115877115 0.7704834919182555 0.7704280722487994 0.7703726525793434 0.7703172329098873 0.7702618132404313 0.7702063935709753 0.7701509739015192 0.7700955542320632 0.7700401345626071 0.769984714893151 0.769929295223695 0.7698738755542389 0.7698184558847829 0.7697630362153269 0.7697076165458708 0.7696521968764148 0.7695967772069587 0.7695413575375027 0.7694859378680468 0.7694305181985907 0.7693750985291347 0.7693196788596786 0.7692642591902225 0.7692088395207665 0.7691534198513104 0.7690980001818544 0.7690425805123984 0.7692957462484108 0.7698787967635241 0.7704618472786374 0.7710448977937507 0.771627948308864 0.7722109988239775 0.7727940493390908 0.7733770998542051 0.7739601503693184 0.7745432008844317 0.775126251399545 0.7757093019146585 0.7762923524297718 0.7768754029448851
0.7714510387974731 0.7714194169232926 0.7713877950491121 0.7713561731749317 0.7713245513007512 0.7712929294265708 0.7712613075523903 0.7712296856782098 0.7711980638040293 0.7711664419298488 0.7711348200556684 0.7711031981814878 0.7710715763073073 0.7710399544331268 0.7710083325589463 0.7709767106847658 0.7709450888105853 0.7709134669364048 0.7708818450622243 0.7708502231880439 0.7708186013138634 0.770786979439683 0.7707553575655025 0.770723735691322 0.7706921138171414 0.7706604919429609 0.7706288700687804 0.7705972481946 0.7705656263204195 0.770534004446239 0.7708077850388296 0.7714080477770509 0.7720083105152721 0.7726085732534933 0.7732088359917144 0.7738090987299356 0.7744093614681569 0.7750096242063791 0.7756098869446003 0.7762101496828215 0.7768104124210428 0.777410675159264 0.7780109378974852 0.7786112006357064
0.7722523266683233 0.7722445025894185 0.7722366785105135 0.7722288544316086 0.7722210303527037 0.7722132062737987 0.7722053821948939 0.772197558115989 0.7721897340370841 0.7721819099581791 0.7721740858792743 0.7721662618003693 0.7721584377214644 0.7721506136425595 0.7721427895636547 0.7721349654847497 0.7721271414058448 0.77211931732694 0.772111493248035 0.7721036691691301 0.7720958450902252 0.7720880210113202 0.7720801969324154 0.7720723728535105 0.7720645487746055 0.7720567246957006 0.7720489006167958 0.7720410765378908 0.7720332524589859 0.772025428380081 0.7723198238292498 0.7729372987905789 0.773554773751908 0.7741722487132371 0.7747897236745662 0.7754071986358954 0.7760246735972245 0.7766421485585546 0.7772596235198838 0.7778770984812129 0.7784945734425419 0.779112048403871 0.7797295233652002 0.7803469983265293
0.7730536145391729 0.7730695882555436 0.7730855619719142 0.7731015356882849 0.7731175094046555 0.7731334831210261 0.7731494568373968 0.7731654305537675 0.7731814042701382 0.7731973779865088 0.7732133517028794 0.77322932541925 0.7732452991356208 0.7732612728519914 0.773277246568362 0.7732932202847327 0.7733091940011033 0.773325167717474 0.7733411414338447 0.7733571151502153 0.773373088866586 0.7733890625829566 0.7734050362993272 0.7734210100156979 0.7734369837320686 0.7734529574484392 0.7734689311648099 0.7734849048811805 0.7735008785975511 0.7735168523139219 0.7738318626196687 0.7744665498041057 0.7751012369885427 0.7757359241729797 0.7763706113574167 0.7770052985418536 0.7776399857262907 0.7782746729107287 0.7789093600951658 0.7795440472796027 0.7801787344640397 0.7808134216484767 0.7814481088329137 0.7820827960173506
0.7738549024100225 0.7738946739216688 0.7739344454333149 0.7739742169449612 0.7740139884566073 0.7740537599682535 0.7740935314798998 0.7741333029915459 0.7741730745031922 0.7742128460148383 0.7742526175264846 0.7742923890381308 0.774332160549777 0.7743719320614232 0.7744117035730694 0.7744514750847156 0.7744912465963618 0.7745310181080081 0.7745707896196542 0.7746105611313004 0.7746503326429466 0.7746901041545928 0.7747298756662391 0.7747696471778852 0.7748094186895315 0.7748491902011777 0.774888961712824 0.7749287332244701 0.7749685047361163 0.7750082762477625 0.7753439014100876 0.7759958008176324 0.7766477002251773 0.7772995996327222 0.7779514990402671 0.7786033984478119 0.7792552978553567 0.7799071972629027 0.7805590966704476 0.7812109960779925 0.7818628954855373 0.7825147948930822 0.7831666943006271 0.783818593708172
0.774656190280872 0.7747197595877938 0.7747833288947156 0.7748468982016373 0.7749104675085591 0.7749740368154808 0.7750376061224026 0.7751011754293243 0.7751647447362461 0.7752283140431678 0.7752918833500896 0.7753554526570114 0.7754190219639333 0.7754825912708551 0.7755461605777768 0.7756097298846986 0.7756732991916203 0.7757368684985421 0.7758004378054638 0.7758640071123856 0.7759275764193073 0.7759911457262291 0.7760547150331508 0.7761182843400726 0.7761818536469945 0.7762454229539163 0.776308992260838 0.7763725615677598 0.7764361308746816 0.7764997001816033 0.7768559402005065 0.7775250518311593 0.778194163461812 0.7788632750924648 0.7795323867231175 0.7802014983537703 0.780870609984423 0.7815397216150769 0.7822088332457297 0.7828779448763824 0.7835470565070352 0.7842161681376878 0.7848852797683405 0.7855543913989933
0.7754574781517216 0.7755448452539189 0.7756322123561162 0.7757195794583136 0.7758069465605109 0.7758943136627082 0.7759816807649055 0.7760690478671028 0.7761564149693001 0.7762437820714975 0.7763311491736947 0.7764185162758922 0.7765058833780896 0.7765932504802868 0.7766806175824842 0.7767679846846814 0.7768553517868788 0.7769427188890761 0.7770300859912734 0.7771174530934707 0.7772048201956681 0.7772921872978653 0.7773795544000627 0.7774669215022599 0.7775542886044574 0.7776416557066548 0.777729022808852 0.7778163899110494 0.7779037570132467 0.777991124115444 0.7783679789909254 0.779054302844686 0.7797406266984466 0.7804269505522072 0.7811132744059679 0.7817995982597284 0.7824859221134891 0.7831722459672509 0.7838585698210115 0.7845448936747722 0.7852312175285328 0.7859175413822934 0.7866038652360541 0.7872901890898146
0.7762587660225712 0.776369930920044 0.7764810958175169 0.7765922607149898 0.7767034256124626 0.7768145905099355 0.7769257554074084 0.7770369203048813 0.7771480852023541 0.777259250099827 0.7773704149972999 0.7774815798947728 0.7775927447922457 0.7777039096897186 0.7778150745871915 0.7779262394846643 0.7780374043821372 0.7781485692796101 0.778259734177083 0.7783708990745559 0.7784820639720288 0.7785932288695017 0.7787043937669745 0.7788155586644474 0.7789267235619204 0.7790378884593933 0.7791490533568661 0.779260218254339 0.7793713831518119 0.7794825480492847 0.7798800177813443 0.7805835538582128 0.7812870899350813 0.7819906260119498 0.7826941620888184 0.7833976981656868 0.7841012342425553 0.7848047703194251 0.7855083063962935 0.786211842473162 0.7869153785500306 0.787618914626899 0.7883224507037675 0.7890259867806361
0.7770600538934214 0.7771950165861699 0.7773299792789182 0.7774649419716667 0.7775999046644152 0.7777348673571636 0.7778698300499121 0.7780047927426605 0.7781397554354089 0.7782747181281574 0.7784096808209059 0.7785446435136545 0.778679606206403 0.7788145688991515 0.7789495315918998 0.7790844942846483 0.7792194569773968 0.7793544196701452 0.7794893823628937 0.779624345055642 0.7797593077483905 0.779894270441139 0.7800292331338874 0.7801641958266359 0.7802991585193846 0.780434121212133 0.7805690839048814 0.7807040465976299 0.7808390092903783 0.7809739719831268 0.7813920565717645 0.7821128048717408 0.7828335531717173 0.7835543014716937 0.7842750497716701 0.7849957980716464 0.7857165463716228 0.7864372946716005 0.7871580429715769 0.7878787912715532 0.7885995395715297 0.7893202878715061 0.7900410361714825 0.7907617844714588
0.777861341764271 0.778020102252295 0.778178862740319 0.778337623228343 0.778496383716367 0.778655144204391 0.778813904692415 0.778972665180439 0.7791314256684629 0.7792901861564869 0.7794489466445109 0.7796077071325352 0.7797664676205592 0.7799252281085832 0.7800839885966072 0.7802427490846312 0.7804015095726552 0.7805602700606792 0.7807190305487032 0.7808777910367273 0.7810365515247513 0.7811953120127753 0.7813540725007992 0.7815128329888232 0.7816715934768474 0.7818303539648714 0.7819891144528955 0.7821478749409195 0.7823066354289435 0.7824653959169675 0.7829040953621833 0.7836420558852676 0.7843800164083519 0.7851179769314361 0.7858559374545204 0.7865938979776047 0.787331858500689 0.7880698190237745 0.7888077795468588 0.789545740069943 0.7902837005930273 0.7910216611161116 0.7917596216391959 0.7924975821622802
0.7786626296351206 0.7788451879184202 0.7790277462017197 0.7792103044850193 0.7793928627683188 0.7795754210516184 0.7797579793349179 0.7799405376182175 0.780123095901517 0.7803056541848166 0.7804882124681162 0.780670770751416 0.7808533290347155 0.7810358873180151 0.7812184456013147 0.7814010038846142 0.7815835621679138 0.7817661204512133 0.7819486787345129 0.7821312370178124 0.782313795301112 0.7824963535844115 0.7826789118677111 0.7828614701510106 0.7830440284343105 0.78322658671761 0.7834091450009096 0.7835917032842091 0.7837742615675087 0.7839568198508082 0.7844161341526023 0.7851713068987944 0.7859264796449866 0.7866816523911787 0.7874368251373709 0.7881919978835631 0.7889471706297552 0.7897023433759487 0.7904575161221408 0.791212688868333 0.7919678616145251 0.7927230343607172 0.7934782071069094 0.7942333798531016
0.7792221464054409 0.7794304633056167 0.7796387802057926 0.7798470971059683 0.7800554140061442 0.78026373090632 0.7804720478064958 0.7806803647066717 0.7808886816068474 0.7810969985070233 0.781305315407199 0.7815136323073753 0.7817219492075511 0.7819302661077269 0.7821385830079027 0.7823468999080786 0.7825552168082544 0.7827635337084302 0.782971850608606 0.7831801675087818 0.7833884844089577 0.7835968013091335 0.7838051182093093 0.7840134351094851 0.7842217520096613 0.7844300689098371 0.7846383858100129 0.7848467027101887 0.7850550196103646 0.7852633365105404 0.7857404638866821 0.7865049557425191 0.787269447598356 0.788033939454193 0.78879843131003 0.789562923165867 0.790327415021704 0.7910919068775423 0.7918563987333792 0.7926208905892161 0.7933853824450532 0.7941498743008901 0.7949143661567272 0.7956788580125641
0.7795232251125377 0.7797593966242546 0.7799955681359715 0.7802317396476884 0.7804679111594053 0.7807040826711222 0.7809402541828391 0.7811764256945559 0.7814125972062729 0.7816487687179897 0.7818849402297067 0.782121111741424 0.7823572832531409 0.7825934547648578 0.7828296262765747 0.7830657977882916 0.7833019693000085 0.7835381408117253 0.7837743123234423 0.7840104838351591 0.7842466553468761 0.7844828268585929 0.7847189983703099 0.7849551698820267 0.785191341393744 0.785427512905461 0.7856636844171778 0.7858998559288948 0.7861360274406116 0.7863721989523286 0.786864144474261 0.7876295181990978 0.7883948919239344 0.7891602656487711 0.7899256393736078 0.7906910130984445 0.7914563868232812 0.7922217605481192 0.792987134272956 0.7937525079977926 0.7945178817226294 0.795283255447466 0.7960486291723027 0.7968140028971394
0.7798243038196346 0.7800883299428926 0.7803523560661505 0.7806163821894085 0.7808804083126665 0.7811444344359244 0.7814084605591824 0.7816724866824404 0.7819365128056983 0.7822005389289564 0.7824645650522143 0.7827285911754728 0.7829926172987307 0.7832566434219886 0.7835206695452467 0.7837846956685046 0.7840487217917625 0.7843127479150206 0.7845767740382785 0.7848408001615365 0.7851048262847945 0.7853688524080524 0.7856328785313105 0.7858969046545684 0.7861609307778268 0.7864249569010848 0.7866889830243428 0.7869530091476007 0.7872170352708587 0.7874810613941167 0.78798782506184 0.7887540806556763 0.7895203362495128 0.7902865918433492 0.7910528474371856 0.791819103031022 0.7925853586248585 0.7933516142186962 0.7941178698125326 0.794884125406369 0.7956503810002055 0.7964166365940418 0.7971828921878783 0.7979491477817147
0.7801253825267315 0.7804172632615305 0.7807091439963296 0.7810010247311286 0.7812929054659277 0.7815847862007267 0.7818766669355258 0.7821685476703248 0.7824604284051239 0.7827523091399229 0.783044189874722 0.7833360706095215 0.7836279513443206 0.7839198320791196 0.7842117128139187 0.7845035935487177 0.7847954742835168 0.7850873550183158 0.7853792357531149 0.7856711164879139 0.785962997222713 0.786254877957512 0.786546758692311 0.7868386394271102 0.7871305201619097 0.7874224008967088 0.7877142816315078 0.7880061623663068 0.7882980431011058 0.788589923835905 0.789111505649419 0.7898786431122551 0.7906457805750913 0.7914129180379273 0.7921800555007635 0.7929471929635997 0.7937143304264358 0.7944814678892732 0.7952486053521094 0.7960157428149456 0.7967828802777817 0.7975500177406178 0.7983171552034539 0.7990842926662901
0.7804264612338286 0.7807461965801687 0.7810659319265089 0.7813856672728491 0.7817054026191892 0.7820251379655293 0.7823448733118695 0.7826646086582096 0.7829843440045499 0.78330407935089 0.7836238146972301 0.7839435500435709 0.784263285389911 0.7845830207362511 0.7849027560825913 0.7852224914289314 0.7855422267752715 0.7858619621216117 0.7861816974679519 0.786501432814292 0.7868211681606322 0.7871409035069723 0.7874606388533124 0.7877803741996526 0.7881001095459933 0.7884198448923334 0.7887395802386736 0.7890593155850137 0.789379050931354 0.7896987862776941 0.790235186236999 0.7910032055688347 0.7917712249006706 0.7925392442325064 0.7933072635643423 0.7940752828961782 0.794843302228014 0.7956113215598513 0.796379340891687 0.797147360223523 0.7979153795553589 0.7986833988871946 0.7994514182190305 0.8002194375508663
0.7807275399409255 0.7810751298988067 0.781422719856688 0.7817703098145692 0.7821178997724504 0.7824654897303316 0.7828130796882129 0.7831606696460941 0.7835082596039753 0.7838558495618565 0.7842034395197377 0.7845510294776196 0.7848986194355008 0.785246209393382 0.7855937993512633 0.7859413893091445 0.7862889792670257 0.7866365692249069 0.7869841591827882 0.7873317491406694 0.7876793390985506 0.7880269290564318 0.788374519014313 0.7887221089721943 0.7890696989300761 0.7894172888879573 0.7897648788458386 0.7901124688037198 0.790460058761601 0.7908076487194822 0.7913588668245778 0.7921277680254134 0.792896669226249 0.7936655704270845 0.7944344716279201 0.7952033728287558 0.7959722740295914 0.7967411752304282 0.7975100764312638 0.7982789776320993 0.7990478788329349 0.7998167800337705 0.8005856812346062 0.8013545824354417
0.7810286186480224 0.7814040632174447 0.781779507786867 0.7821549523562893 0.7825303969257116 0.7829058414951339 0.7832812860645562 0.7836567306339784 0.7840321752034007 0.7844076197728231 0.7847830643422454 0.7851585089116683 0.7855339534810907 0.785909398050513 0.7862848426199353 0.7866602871893575 0.7870357317587798 0.7874111763282021 0.7877866208976244 0.7881620654670467 0.788537510036469 0.7889129546058913 0.7892883991753136 0.789663843744736 0.7900392883141588 0.7904147328835811 0.7907901774530035 0.7911656220224258 0.7915410665918481 0.7919165111612704 0.7924825474121567 0.7932523304819921 0.7940221135518274 0.7947918966216627 0.7955616796914979 0.7963314627613333 0.7971012458311686 0.7978710289010053 0.7986408119708405 0.7994105950406758 0.8001803781105111 0.8009501611803465 0.8017199442501817 0.802489727320017
