Figures/CREST_Example_wjb_NSE/PETs/wjb.pet.20090322.asc
ncols            288
nrows            254
xllcorner        113.274861
yllcorner        31.4918055
cellsize         0.008333333333
NODATA_value     -9999
[rows 60 to 79 of 254, columns 44 to 87 of 288]
2.6221029654826387 2.6173269628717324 2.612550960260826 2.60777495764992 2.602998955039013 2.598222952428107 2.5934469498172006 2.5886709472062943 2.5838949445953796 2.5791189419844733 2.5743429393735666 2.5695669367626603 2.564790934151754 2.560014931540848 2.555238928929941 2.550462926319035 2.5456869237081285 2.540910921097222 2.5361349184863156 2.5313589158754093 2.526582913264503 2.5218069106535883 2.517030908042682 2.5122549054317753 2.507478902820869 2.5027029002099628 2.4979268975990565 2.49315089498815 2.4910710969453316 2.4918736025363573 2.4926761081273825 2.4934786137184077 2.494281119309433 2.495083624900458 2.4958861304914848 2.49668863608251 2.4974911416735353 2.4982936472645605 2.4990961528555857 2.499898658446611 2.500701164037636 2.5015036696286614 2.5023061752196867 2.503108680810712
2.6193582167949456 2.614716505898496 2.6100747950020464 2.605433084105597 2.600791373209147 2.5961496623126976 2.591507951416248 2.5868662405197984 2.582224529623341 2.577582818726891 2.5729411078304416 2.568299396933992 2.5636576860375424 2.559015975141093 2.554374264244643 2.549732553348194 2.5450908424517444 2.540449131555295 2.5358074206588452 2.5311657097623956 2.526523998865946 2.5218822879694884 2.517240577073039 2.5125988661765892 2.5079571552801396 2.50331544438369 2.4986737334872404 2.494032022590791 2.4920138550253528 2.4928003145887385 2.4935867741521243 2.49437323371551 2.4951596932788958 2.4959461528422815 2.496732612405669 2.4975190719690548 2.4983055315324405 2.4990919910958262 2.499878450659212 2.500664910222598 2.501451369785984 2.5022378293493697 2.5030242889127554 2.503810748476141
2.616613468107252 2.612106048925259 2.6075986297432663 2.603091210561274 2.598583791379281 2.594076372197288 2.5895689530152954 2.5850615338333025 2.580554114651302 2.576046695469309 2.5715392762873166 2.5670318571053237 2.562524437923331 2.5580170187413382 2.5535095995593453 2.549002180377353 2.54449476119536 2.539987342013367 2.5354799228313745 2.5309725036493815 2.5264650844673886 2.521957665285388 2.5174502461033956 2.5129428269214027 2.50843540773941 2.5039279885574173 2.4994205693754243 2.494913150193432 2.4929566131053735 2.49372702664112 2.494497440176866 2.4952678537126127 2.496038267248359 2.4968086807841052 2.4975790943198533 2.4983495078555995 2.4991199213913458 2.4998903349270925 2.5006607484628387 2.501431161998585 2.5022015755343316 2.502971989070078 2.503742402605824 2.504512816141571
2.6138687194195587 2.609495591952023 2.6051224644844866 2.6007493370169508 2.5963762095494145 2.5920030820818787 2.587629954614343 2.5832568271468066 2.5788836996792632 2.5745105722117274 2.570137444744191 2.5657643172766553 2.5613911898091195 2.5570180623415832 2.5526449348740474 2.5482718074065116 2.5438986799389753 2.5395255524714395 2.5351524250039033 2.5307792975363674 2.5264061700688316 2.5220330426012882 2.517659915133752 2.513286787666216 2.50891366019868 2.504540532731144 2.5001674052636083 2.495794277796072 2.493899371185394 2.4946537386935006 2.495408106201608 2.4961624737097146 2.4969168412178218 2.4976712087259285 2.498425576234037 2.499179943742144 2.499934311250251 2.5006886787583578 2.501443046266465 2.5021974137745717 2.502951781282679 2.5037061487907857 2.504460516298893 2.5052148838069996
2.611123970731865 2.606885134978786 2.602646299225707 2.5984074634726273 2.594168627719548 2.589929791966469 2.58569095621339 2.5814521204603107 2.5772132847072244 2.5729744489541453 2.568735613201066 2.564496777447987 2.560257941694908 2.5560191059418287 2.5517802701887495 2.5475414344356704 2.5433025986825912 2.539063762929512 2.534824927176433 2.530586091423354 2.526347255670274 2.522108419917188 2.5178695841641088 2.5136307484110296 2.5093919126579505 2.5051530769048713 2.500914241151792 2.496675405398713 2.4948421292654146 2.495580450745882 2.4963187722263496 2.4970570937068173 2.4977954151872845 2.4985337366677522 2.4992720581482213 2.5000103796286886 2.5007487011091563 2.501487022589624 2.5022253440700917 2.502963665550559 2.5037019870310266 2.5044403085114944 2.5051786299919616 2.5059169514724293
2.6083792220441717 2.6042746780055492 2.600170133966927 2.5960655899283047 2.5919610458896822 2.5878565018510598 2.5837519578124377 2.5796474137738152 2.5755428697351856 2.5714383256965636 2.567333781657941 2.5632292376193186 2.559124693580696 2.555020149542074 2.5509156055034516 2.546811061464829 2.5427065174262067 2.5386019733875846 2.534497429348962 2.5303928853103397 2.526288341271717 2.522183797233088 2.5180792531944656 2.513974709155843 2.509870165117221 2.5057656210785986 2.501661077039976 2.4975565330013536 2.4957848873454354 2.4965071627982636 2.4972294382510913 2.4979517137039196 2.4986739891567478 2.499396264609576 2.5001185400624055 2.5008408155152333 2.5015630909680615 2.5022853664208897 2.503007641873718 2.503729917326546 2.5044521927793744 2.5051744682322026 2.505896743685031 2.5066190191378586
2.6056344733564756 2.60166422103231 2.597693968708145 2.5937237163839795 2.589753464059814 2.5857832117356483 2.581812959411483 2.5778427070873176 2.5738724547631455 2.5699022024389797 2.5659319501148143 2.561961697790649 2.5579914454664836 2.5540211931423182 2.550050940818153 2.546080688493987 2.5421104361698217 2.5381401838456563 2.534169931521491 2.5301996791973256 2.5262294268731598 2.5222591745489877 2.5182889222248224 2.514318669900657 2.510348417576491 2.506378165252326 2.5024079129281604 2.498437660603995 2.4967276454254566 2.4974338748506453 2.498140104275834 2.4988463337010227 2.4995525631262114 2.5002587925514 2.50096502197659 2.501671251401779 2.5023774808269676 2.5030837102521564 2.503789939677345 2.504496169102534 2.5052023985277225 2.5059086279529112 2.5066148573781 2.5073210868032887
2.6028897246687825 2.599053764059074 2.595217803449365 2.5913818428396564 2.5875458822299477 2.583709921620239 2.579873961010531 2.576038000400822 2.5722020397911067 2.568366079181398 2.5645301185716893 2.5606941579619806 2.5568581973522724 2.5530222367425637 2.549186276132855 2.5453503155231463 2.5415143549134376 2.537678394303729 2.53384243369402 2.5300064730843115 2.526170512474603 2.522334551864888 2.518498591255179 2.5146626306454705 2.5108266700357618 2.506990709426053 2.5031547488163444 2.499318788206636 2.4976704035054773 2.4983605869030265 2.4990507703005758 2.499740953698125 2.500431137095674 2.501121320493224 2.501811503890774 2.5025016872883237 2.503191870685873 2.503882054083422 2.5045722374809714 2.5052624208785206 2.50595260427607 2.5066427876736195 2.5073329710711687 2.508023154468718
2.600144975981089 2.596443307085837 2.592741638190585 2.5890399692953334 2.5853383004000814 2.58163663150483 2.5779349626095778 2.574233293714326 2.570531624819068 2.566829955923816 2.5631282870285643 2.5594266181333123 2.5557249492380607 2.5520232803428087 2.548321611447557 2.544619942552305 2.540918273657053 2.5372166047618014 2.5335149358665494 2.529813266971298 2.526111598076046 2.5224099291807875 2.518708260285536 2.515006591390284 2.5113049224950323 2.5076032535997803 2.5039015847045287 2.5001999158092767 2.498613161585498 2.499287298955408 2.4999614363253175 2.5006355736952277 2.5013097110651374 2.5019838484350476 2.5026579858049582 2.5033321231748684 2.504006260544778 2.504680397914688 2.505354535284598 2.506028672654508 2.506702810024418 2.5073769473943277 2.5080510847642374 2.5087252221341476
2.597400227293395 2.5938328501126002 2.5902654729318053 2.58669809575101 2.583130718570215 2.57956334138942 2.575995964208625 2.5724285870278303 2.568861209847029 2.565293832666234 2.561726455485439 2.558159078304644 2.554591701123849 2.551024323943054 2.5474569467622588 2.543889569581464 2.540322192400669 2.536754815219874 2.5331874380390786 2.5296200608582837 2.526052683677489 2.5224853064966877 2.5189179293158928 2.515350552135098 2.5117831749543025 2.5082157977735076 2.5046484205927126 2.5010810434119177 2.499555919665519 2.500214011007789 2.5008721023500597 2.50153019369233 2.5021882850346007 2.502846376376871 2.5035044677191425 2.504162559061413 2.5048206504036834 2.505478741745954 2.5061368330882243 2.506794924430495 2.5074530157727652 2.508111107115036 2.508769198457306 2.509427289799577
2.594655478605702 2.591222393139364 2.5877893076730256 2.5843562222066874 2.580923136740349 2.577490051274011 2.5740569658076726 2.5706238803413344 2.5671907948749904 2.563757709408652 2.560324623942314 2.5568915384759756 2.5534584530096374 2.550025367543299 2.546592282076961 2.5431591966106226 2.5397261111442844 2.536293025677946 2.532859940211608 2.5294268547452696 2.5259937692789314 2.5225606838125874 2.519127598346249 2.515694512879911 2.5122614274135726 2.5088283419472344 2.505395256480896 2.501962171014558 2.500498677745539 2.5011407230601703 2.501782768374801 2.5024248136894323 2.5030668590040634 2.503708904318694 2.5043509496333263 2.5049929949479575 2.5056350402625887 2.5062770855772194 2.5069191308918506 2.507561176206482 2.5082032215211125 2.5088452668357437 2.509487312150375 2.510129357465006
2.591910729918008 2.588611936166127 2.5853131424142455 2.582014348662364 2.5787155549104828 2.575416761158601 2.5721179674067196 2.5688191736548385 2.5655203799029516 2.56222158615107 2.5589227923991884 2.5556239986473073 2.5523252048954257 2.549026411143544 2.545727617391663 2.5424288236397814 2.5391300298879003 2.5358312361360187 2.532532442384137 2.529233648632256 2.5259348548803744 2.5226360611284875 2.519337267376606 2.5160384736247243 2.512739679872843 2.5094408861209616 2.5061420923690805 2.502843298617199 2.50144143582556 2.5020674351125516 2.5026934343995433 2.503319433686535 2.5039454329735262 2.504571432260518 2.505197431547511 2.505823430834502 2.506449430121494 2.5070754294084856 2.5077014286954773 2.508327427982469 2.5089534272694607 2.5095794265564524 2.5102054258434436 2.5108314251304353
2.5891659812303125 2.586001479192888 2.5828369771554636 2.579672475118039 2.5765079730806146 2.57334347104319 2.5701789690057657 2.5670144669683412 2.5638499649309114 2.560685462893487 2.5575209608560625 2.554356458818638 2.5511919567812136 2.5480274547437887 2.544862952706364 2.5416984506689397 2.5385339486315153 2.535369446594091 2.5322049445566663 2.529040442519242 2.5258759404818174 2.5227114384443876 2.519546936406963 2.5163824343695387 2.513217932332114 2.5100534302946897 2.506888928257265 2.5037244262198404 2.5023841939055815 2.5029941471649337 2.503604100424286 2.504214053683638 2.5048240069429903 2.5054339602023425 2.5060439134616956 2.506653866721048 2.5072638199804 2.5078737732397522 2.5084837264991044 2.5090936797584567 2.509703633017809 2.510313586277161 2.5109235395365133 2.5115334927958655
2.586421232542619 2.5833910222196512 2.5803608118966834 2.577330601573716 2.5743003912507483 2.5712701809277805 2.5682399706048127 2.5652097602818453 2.562179549958872 2.5591493396359044 2.556119129312937 2.5530889189899693 2.5500587086670015 2.5470284983440337 2.5439982880210663 2.5409680776980985 2.5379378673751307 2.534907657052163 2.5318774467291956 2.5288472364062278 2.52581702608326 2.5227868157602873 2.5197566054373195 2.5167263951143517 2.513696184791384 2.5106659744684166 2.5076357641454488 2.504605553822481 2.503326951985602 2.5039208592173146 2.5045147664490273 2.50510867368074 2.505702580912453 2.506296488144166 2.5068903953758794 2.507484302607592 2.5080782098393053 2.508672117071018 2.5092660243027307 2.5098599315344434 2.510453838766156 2.511047745997869 2.511641653229582 2.5122355604612947
2.583676483854926 2.580780565246415 2.577884646637904 2.574988728029393 2.5720928094208824 2.5691968908123712 2.5663009722038606 2.5634050535953494 2.560509134986834 2.5576132163783227 2.554717297769812 2.551821379161301 2.5489254605527902 2.546029541944279 2.5431336233357684 2.5402377047272573 2.5373417861187466 2.5344458675102355 2.531549948901725 2.528654030293214 2.525758111684703 2.522862193076187 2.5199662744676763 2.5170703558591656 2.5141744372506545 2.511278518642144 2.5083826000336327 2.505486681425122 2.5042697100656226 2.504847571269696 2.5054254324737695 2.5060032936778427 2.506581154881916 2.5071590160859896 2.5077368772900637 2.508314738494137 2.5088925996982105 2.5094704609022838 2.510048322106357 2.5106261833104306 2.511204044514504 2.511781905718577 2.5123597669226507 2.512937628126724
2.580931735167232 2.578170108273178 2.575408481379124 2.57264685448507 2.569885227591016 2.5671236006969615 2.5643619738029075 2.5616003469088535 2.5588387200147946 2.5560770931207406 2.5533154662266866 2.5505538393326326 2.5477922124385786 2.5450305855445245 2.5422689586504705 2.539507331756416 2.536745704862362 2.533984077968308 2.531222451074254 2.5284608241802 2.525699197286146 2.522937570392087 2.520175943498033 2.517414316603979 2.514652689709925 2.511891062815871 2.5091294359218166 2.5063678090277626 2.5052124681456434 2.5057742833220775 2.5063360984985112 2.5068979136749454 2.507459728851379 2.5080215440278133 2.508583359204248 2.509145174380682 2.509706989557116 2.51026880473355 2.5108306199099837 2.511392435086418 2.5119542502628516 2.5125160654392857 2.5130778806157195 2.5136396957921536
2.578186986479539 2.5755596512999417 2.5729323161203443 2.570304980940747 2.5676776457611497 2.5650503105815523 2.5624229754019554 2.559795640222358 2.5571683050427563 2.554540969863159 2.5519136346835616 2.5492862995039642 2.5466589643243673 2.54403162914477 2.5414042939651726 2.5387769587855753 2.536149623605978 2.5335222884263806 2.5308949532467833 2.5282676180671864 2.525640282887589 2.5230129477079872 2.52038561252839 2.5177582773487925 2.515130942169195 2.5125036069895983 2.509876271810001 2.5072489366304036 2.506155226225664 2.506700995374459 2.507246764523253 2.5077925336720477 2.5083383028208424 2.5088840719696366 2.509429841118432 2.509975610267227 2.510521379416021 2.5110671485648157 2.5116129177136104 2.5121586868624046 2.5127044560111993 2.513250225159994 2.513795994308788 2.514341763457583
2.575442237791845 2.572949194326705 2.570456150861564 2.567963107396424 2.5654700639312833 2.562977020466143 2.5604839770010024 2.5579909335358617 2.555497890070717 2.553004846605577 2.550511803140436 2.548018759675296 2.545525716210155 2.543032672745015 2.5405396292798743 2.538046585814734 2.5355535423495934 2.5330604988844527 2.5305674554193125 2.528074411954172 2.5255813684890316 2.523088325023887 2.5205952815587462 2.518102238093606 2.5156091946284653 2.513116151163325 2.5106231076981844 2.5081300642330437 2.5070979843056844 2.5076277074268396 2.508157430547995 2.50868715366915 2.5092168767903047 2.50974659991146 2.510276323032616 2.510806046153771 2.5113357692749263 2.5118654923960815 2.512395215517236 2.5129249386383914 2.5134546617595466 2.5139843848807018 2.514514108001857 2.515043831123012
2.572697489104152 2.5703387373534685 2.5679799856027845 2.565621233852101 2.5632624821014174 2.560903730350734 2.55854497860005 2.5561862268493662 2.5538274750986787 2.551468723347995 2.549109971597311 2.5467512198466276 2.544392468095944 2.5420337163452604 2.5396749645945764 2.537316212843893 2.5349574610932093 2.5325987093425257 2.5302399575918417 2.527881205841158 2.5255224540904746 2.523163702339787 2.520804950589103 2.5184461988384195 2.516087447087736 2.5137286953370523 2.5113699435863683 2.5090111918356848 2.508040742385705 2.508554419479221 2.5090680965727366 2.5095817736662522 2.510095450759768 2.5106091278532836 2.5111228049468 2.511636482040316 2.5121501591338316 2.5126638362273472 2.513177513320863 2.5136911904143786 2.5142048675078943 2.51471854460141 2.5152322216949257 2.5157458987884413
2.569952740416456 2.567728280380229 2.5655038203440026 2.5632793603077757 2.561054900271549 2.5588304402353224 2.5566059801990955 2.554381520162869 2.552157060126638 2.5499326000904117 2.5477081400541848 2.545483680017958 2.5432592199817314 2.5410347599455045 2.5388102999092776 2.536585839873051 2.5343613798368243 2.532136919800598 2.529912459764371 2.527687999728144 2.5254635396919176 2.5232390796556867 2.5210146196194603 2.5187901595832334 2.5165656995470065 2.51434123951078 2.512116779474553 2.5098923194383267 2.508983500465727 2.509481131531603 2.509978762597479 2.510476393663356 2.510974024729232 2.5114716557951082 2.5119692868609853 2.5124669179268615 2.5129645489927377 2.513462180058614 2.51395981112449 2.5144574421903667 2.514955073256243 2.515452704322119 2.5159503353879953 2.5164479664538715
