Figures/CREST_Example_wjb_NSE/PETs/wjb.pet.20090418.asc
ncols            288
nrows            254
xllcorner        113.274861
yllcorner        31.4918055
cellsize         0.008333333333
NODATA_value     -9999
[rows 140 to 159 of 254, columns 44 to 87 of 288]
2.0599875925162188 2.0595382974826926 2.0590890024491664 2.0586397074156406 2.0581904123821144 2.0577411173485882 2.057291822315062 2.056842527281536 2.0563932322480087 2.055943937214483 2.055494642180957 2.0550453471474306 2.0545960521139044 2.054146757080378 2.053697462046852 2.053248167013326 2.0527988719798 2.052349576946274 2.0519002819127476 2.0514509868792214 2.0510016918456953 2.0505523968121686 2.0501031017786424 2.049653806745116 2.04920451171159 2.048755216678064 2.0483059216445376 2.0478566266110114 2.0477904106392715 2.048133714844488 2.0484770190497046 2.048820323254921 2.0491636274601377 2.0495069316653547 2.0498502358705717 2.0501935400757882 2.050536844281005 2.0508801484862214 2.0512234526914384 2.051566756896655 2.0519100611018715 2.052253365307088 2.0525966695123046 2.052939973717521
2.040202244141907 2.0397457305606315 2.0392892169793564 2.038832703398081 2.0383761898168054 2.03791967623553 2.0374631626542543 2.037006649072979 2.036550135491703 2.0360936219104273 2.035637108329152 2.0351805947478763 2.0347240811666008 2.0342675675853257 2.03381105400405 2.0333545404227746 2.032898026841499 2.0324415132602236 2.031984999678948 2.0315284860976726 2.0310719725163975 2.030615458935121 2.0301589453538456 2.02970243177257 2.0292459181912945 2.0287894046100194 2.028332891028744 2.0278763774474684 2.0280133919164136 2.028784901288375 2.029556410660336 2.0303279200322972 2.031099429404258 2.031870938776219 2.0326424481481817 2.0334139575201426 2.034185466892104 2.034956976264065 2.035728485636026 2.036499995007987 2.037271504379948 2.0380430137519094 2.0388145231238703 2.0395860324958317
2.020416895767595 2.0199531636385704 2.0194894315095455 2.0190256993805207 2.0185619672514963 2.0180982351224714 2.0176345029934466 2.0171707708644218 2.0167070387353965 2.0162433066063716 2.015779574477347 2.015315842348322 2.0148521102192976 2.0143883780902727 2.013924645961248 2.013460913832223 2.0129971817031986 2.012533449574174 2.012069717445149 2.011605985316124 2.0111422531870997 2.010678521058074 2.010214788929049 2.0097510568000247 2.009287324671 2.008823592541975 2.0083598604129502 2.0078961282839254 2.0082363731935566 2.0094360877322623 2.0106358022709676 2.0118355168096733 2.013035231348379 2.0142349458870843 2.0154346604257922 2.0166343749644975 2.017834089503203 2.019033804041909 2.020233518580614 2.02143323311932 2.0226329476580256 2.023832662196731 2.0250323767354366 2.0262320912741423
2.000631547393283 2.000160596716509 1.9996896460397349 1.9992186953629607 1.9987477446861868 1.9982767940094128 1.9978058433326387 1.9973348926558647 1.99686394197909 1.996392991302316 1.9959220406255418 1.9954510899487679 1.9949801392719937 1.9945091885952198 1.9940382379184458 1.9935672872416716 1.9930963365648977 1.9926253858881238 1.9921544352113496 1.9916834845345757 1.9912125338578015 1.9907415831810267 1.9902706325042527 1.9897996818274788 1.9893287311507046 1.9888577804739307 1.9883868297971565 1.9879158791203826 1.9884593544706992 1.990087274176149 1.9917151938815991 1.9933431135870492 1.9949710332924993 1.9965989529979493 1.998226872703402 1.9998547924088521 2.0014827121143024 2.003110631819752 2.004738551525202 2.006366471230652 2.007994390936102 2.0096223106415523 2.0112502303470023 2.0128781500524524
1.9808461990189539 1.9803680297944306 1.9798898605699073 1.9794116913453839 1.9789335221208606 1.9784553528963373 1.977977183671814 1.9774990144472906 1.9770208452227667 1.9765426759982432 1.97606450677372 1.9755863375491967 1.9751081683246734 1.97462999910015 1.9741518298756267 1.9736736606511034 1.9731954914265801 1.9727173222020566 1.9722391529775334 1.9717609837530101 1.9712828145284869 1.9708046453039627 1.9703264760794392 1.969848306854916 1.9693701376303927 1.9688919684058694 1.968413799181346 1.9679356299568227 1.968682335747825 1.9707384606200198 1.9727945854922146 1.9748507103644095 1.9769068352366046 1.9789629601087995 1.9810190849809977 1.9830752098531925 1.9851313347253876 1.9871874595975825 1.9892435844697773 1.9912997093419722 1.993355834214167 1.995411959086362 1.9974680839585568 1.9995242088307517
1.961060850644642 1.9605754628723693 1.9600900751000967 1.9596046873278241 1.9591192995555515 1.958633911783279 1.9581485240110064 1.9576631362387338 1.9571777484664603 1.9566923606941877 1.956206972921915 1.9557215851496423 1.9552361973773698 1.9547508096050972 1.9542654218328246 1.953780034060552 1.9532946462882794 1.9528092585160066 1.952323870743734 1.9518384829714615 1.9513530951991889 1.9508677074269154 1.9503823196546428 1.9498969318823702 1.9494115441100976 1.948926156337825 1.9484407685655523 1.9479553807932797 1.9489053170249675 1.951389647063907 1.9538739771028462 1.9563583071417856 1.9588426371807248 1.9613269672196643 1.963811297258608 1.9662956272975471 1.9687799573364866 1.9712642873754258 1.9737486174143652 1.9762329474533047 1.978717277492244 1.9812016075311834 1.9836859375701226 1.986170267609062
1.9412755022703299 1.940782895950308 1.940290289630286 1.9397976833102641 1.9393050769902422 1.9388124706702203 1.9383198643501984 1.9378272580301765 1.9373346517101537 1.9368420453901318 1.93634943907011 1.935856832750088 1.9353642264300661 1.9348716201100442 1.9343790137900223 1.9338864074700004 1.9333938011499785 1.9329011948299566 1.9324085885099347 1.9319159821899128 1.9314233758698909 1.930930769549868 1.9304381632298462 1.9299455569098243 1.9294529505898024 1.9289603442697805 1.9284677379497586 1.9279751316297367 1.92912829830211 1.9320408335077939 1.9349533687134777 1.9378659039191617 1.9407784391248455 1.9436909743305293 1.946603509536218 1.949516044741902 1.9524285799475858 1.9553411151532696 1.9582536503589534 1.9611661855646372 1.964078720770321 1.9669912559760048 1.9699037911816886 1.9728163263873726
1.9214901538960178 1.9209903290282466 1.9204905041604754 1.9199906792927042 1.919490854424933 1.918991029557162 1.9184912046893907 1.9179913798216195 1.9174915549538474 1.9169917300860762 1.9164919052183051 1.915992080350534 1.9154922554827627 1.9149924306149915 1.9144926057472202 1.913992780879449 1.913492956011678 1.9129931311439068 1.9124933062761356 1.9119934814083643 1.9114936565405931 1.9109938316728212 1.91049400680505 1.9099941819372788 1.9094943570695075 1.9089945322017363 1.908494707333965 1.907994882466194 1.9093512795792529 1.9126920199516813 1.9160327603241094 1.9193735006965378 1.9227142410689662 1.9260549814413943 1.9293957218138282 1.9327364621862566 1.936077202558685 1.9394179429311131 1.9427586833035415 1.9460994236759697 1.949440164048398 1.9527809044208264 1.9561216447932546 1.959462385165683
1.9165577103026994 1.9158126559577908 1.9150676016128825 1.914322547267974 1.9135774929230653 1.912832438578157 1.9120873842332484 1.9113423298883399 1.9105972755434302 1.9098522211985216 1.9091071668536133 1.9083621125087047 1.9076170581637963 1.9068720038188878 1.9061269494739792 1.9053818951290709 1.9046368407841623 1.9038917864392537 1.9031467320943454 1.9024016777494368 1.9016566234045282 1.9009115690596186 1.90016651471471 1.8994214603698016 1.898676406024893 1.8979313516799845 1.8971862973350762 1.8964412429901676 1.897717971700092 1.9011560322001781 1.9045940927002643 1.9080321532003506 1.9114702137004367 1.9149082742005228 1.9183463347006147 1.9217843952007008 1.925222455700787 1.9286605162008732 1.9320985767009593 1.9355366372010454 1.9389746977011315 1.9424127582012176 1.9458508187013037 1.9492888792013898
1.9275020856233647 1.9262573831215277 1.925012680619691 1.923767978117854 1.9225232756160173 1.9212785731141806 1.9200338706123437 1.918789168110507 1.917544465608668 1.916299763106831 1.9150550606049943 1.9138103581031576 1.9125656556013206 1.911320953099484 1.910076250597647 1.9088315480958102 1.9075868455939735 1.9063421430921366 1.9050974405902998 1.903852738088463 1.9026080355866262 1.9013633330847872 1.9001186305829505 1.8988739280811135 1.8976292255792768 1.8963845230774399 1.8951398205756032 1.8938951180737664 1.8947897773498803 1.8979714627291604 1.9011531481084403 1.9043348334877204 1.9075165188670005 1.9106982042462803 1.9138798896255658 1.9170615750048459 1.920243260384126 1.9234249457634058 1.926606631142686 1.929788316521966 1.932970001901246 1.936151687280526 1.939333372659806 1.942515058039086
1.938446460944039 1.9367021102852735 1.934957759626508 1.9332134089677424 1.9314690583089769 1.9297247076502113 1.9279803569914458 1.9262360063326802 1.9244916556739116 1.922747305015146 1.9210029543563805 1.919258603697615 1.9175142530388494 1.9157699023800838 1.9140255517213183 1.9122812010625527 1.910536850403787 1.9087924997450214 1.9070481490862559 1.9053037984274903 1.9035594477687248 1.9018150971099563 1.9000707464511906 1.898326395792425 1.8965820451336595 1.894837694474894 1.8930933438161284 1.8913489931573628 1.891861582999666 1.8947868932581395 1.8977122035166134 1.900637513775087 1.9035628240335607 1.9064881342920343 1.909413444550513 1.9123387548089867 1.9152640650674604 1.918189375325934 1.921114685584408 1.9240399958428815 1.9269653061013552 1.9298906163598288 1.9328159266183025 1.9357412368767761
1.9493908362647043 1.9471468374490104 1.9449028386333165 1.9426588398176226 1.9404148410019286 1.9381708421862347 1.935926843370541 1.933682844554847 1.9314388457391494 1.9291948469234554 1.9269508481077615 1.9247068492920676 1.9224628504763737 1.9202188516606797 1.9179748528449858 1.9157308540292919 1.913486855213598 1.9112428563979043 1.9089988575822103 1.9067548587665164 1.9045108599508225 1.9022668611351248 1.9000228623194308 1.897778863503737 1.895534864688043 1.893290865872349 1.8910468670566551 1.8888028682409612 1.888933388649454 1.8916023237871216 1.894271258924789 1.8969401940624566 1.8996091292001243 1.902278064337792 1.904946999475464 1.9076159346131316 1.910284869750799 1.9129538048884667 1.9156227400261343 1.918291675163802 1.9209606103014694 1.923629545439137 1.9262984805768046 1.9289674157144723
1.9603352115853696 1.9575915646127473 1.954847917640125 1.952104270667503 1.9493606236948806 1.9466169767222583 1.9438733297496362 1.941129682777014 1.938386035804387 1.9356423888317649 1.9328987418591426 1.9301550948865203 1.9274114479138982 1.9246678009412759 1.9219241539686536 1.9191805069960315 1.9164368600234092 1.9136932130507869 1.9109495660781648 1.9082059191055425 1.9054622721329202 1.9027186251602934 1.8999749781876711 1.8972313312150488 1.8944876842424268 1.8917440372698044 1.8890003902971821 1.88625674332456 1.8860051942992422 1.8884177543161036 1.890830314332965 1.8932428743498264 1.895655434366688 1.8980679943835495 1.900480554400415 1.9028931144172765 1.905305674434138 1.9077182344509995 1.910130794467861 1.9125433544847223 1.914955914501584 1.9173684745184454 1.9197810345353068 1.9221935945521684
1.9712795869060347 1.9680362917764842 1.9647929966469335 1.961549701517383 1.9583064063878326 1.955063111258282 1.9518198161287315 1.9485765209991808 1.9453332258696248 1.942089930740074 1.9388466356105236 1.9356033404809732 1.9323600453514225 1.929116750221872 1.9258734550923213 1.9226301599627709 1.9193868648332204 1.9161435697036697 1.9129002745741193 1.9096569794445686 1.9064136843150181 1.903170389185462 1.8999270940559114 1.896683798926361 1.8934405037968103 1.8901972086672598 1.8869539135377091 1.8837106184081587 1.8830769999490302 1.8852331848450856 1.887389369741141 1.8895455546371964 1.8917017395332516 1.893857924429307 1.8960141093253662 1.8981702942214214 1.9003264791174768 1.9024826640135322 1.9046388489095876 1.906795033805643 1.9089512187016981 1.9111074035977536 1.913263588493809 1.9154197733898644
1.9822239622267 1.978481018940221 1.974738075653742 1.9709951323672632 1.9672521890807844 1.9635092457943055 1.9597663025078267 1.9560233592213478 1.9522804159348626 1.9485374726483835 1.9447945293619047 1.9410515860754258 1.937308642788947 1.9335656995024681 1.929822756215989 1.9260798129295102 1.9223368696430314 1.9185939263565526 1.9148509830700737 1.911108039783595 1.9073650964971158 1.9036221532106308 1.8998792099241517 1.8961362666376729 1.892393323351194 1.8886503800647152 1.8849074367782364 1.8811644934917573 1.8801488055988185 1.8820486153740676 1.883948425149317 1.8858482349245662 1.8877480446998154 1.8896478544750648 1.8915476642503173 1.8934474740255665 1.8953472838008156 1.897247093576065 1.8991469033513142 1.9010467131265634 1.9029465229018128 1.904846332677062 1.906746142452311 1.9086459522275605
1.9931683375473652 1.988925746103958 1.9846831546605508 1.9804405632171436 1.9761979717737364 1.9719553803303291 1.967712788886922 1.9634701974435147 1.9592276060001004 1.9549850145566932 1.950742423113286 1.9464998316698787 1.9422572402264715 1.9380146487830643 1.933772057339657 1.9295294658962499 1.9252868744528426 1.9210442830094354 1.9168016915660282 1.912559100122621 1.9083165086792138 1.9040739172357994 1.8998313257923922 1.895588734348985 1.8913461429055778 1.8871035514621706 1.8828609600187634 1.8786183685753561 1.8772206112486067 1.87886404590305 1.8805074805574928 1.882150915211936 1.8837943498663792 1.8854377845208223 1.8870812191752684 1.8887246538297113 1.8903680884841545 1.8920115231385977 1.8936549577930408 1.895298392447484 1.8969418271019272 1.8985852617563703 1.9002286964108133 1.9018721310652564
2.00411271286803 1.9993704732676947 1.994628233667359 1.9898859940670237 1.9851437544666881 1.9804015148663525 1.975659275266017 1.9709170356656815 1.966174796065338 1.9614325564650024 1.9566903168646668 1.9519480772643312 1.9472058376639958 1.9424635980636602 1.9377213584633246 1.932979118862989 1.9282368792626536 1.923494639662318 1.9187524000619824 1.9140101604616468 1.9092679208613115 1.9045256812609679 1.8997834416606323 1.8950412020602967 1.890298962459961 1.8855567228596257 1.8808144832592901 1.8760722436589545 1.8742924168983945 1.8756794764320317 1.8770665359656686 1.8784535954993058 1.8798406550329427 1.88122771456658 1.8826147741002193 1.8840018336338562 1.8853888931674934 1.8867759527011303 1.8881630122347672 1.8895500717684044 1.8909371313020413 1.8923241908356785 1.8937112503693154 1.8950983099029526
2.015057088188705 2.0098152004314405 2.004573312674176 1.9993314249169118 1.9940895371596477 1.9888476494023835 1.983605761645119 1.9783638738878548 1.9731219861305815 1.9678800983733173 1.962638210616053 1.9573963228587887 1.9521544351015243 1.9469125473442601 1.9416706595869957 1.9364287718297315 1.931186884072467 1.9259449963152029 1.9207031085579387 1.9154612208006743 1.91021933304341 1.9049774452861368 1.8997355575288726 1.8944936697716082 1.889251782014344 1.8840098942570795 1.8787680064998153 1.873526118742551 1.8713642225481804 1.872494906961011 1.8736255913738418 1.8747562757866725 1.8758869601995032 1.8770176446123337 1.8781483290251664 1.879279013437997 1.8804096978508278 1.8815403822636585 1.8826710666764892 1.88380175108932 1.8849324355021506 1.8860631199149813 1.887193804327812 1.8883244887406427
2.02600146350937 2.0202599275951774 2.014518391680985 2.0087768557667918 2.003035319852599 1.9972937839384068 1.991552248024214 1.9858107121100215 1.9800691761958191 1.9743276402816266 1.968586104367434 1.9628445684532414 1.9571030325390486 1.951361496624856 1.9456199607106635 1.9398784247964709 1.9341368888822783 1.9283953529680857 1.922653817053893 1.9169122811397004 1.9111707452255078 1.9054292093113054 1.8996876733971129 1.8939461374829203 1.8882046015687275 1.882463065654535 1.8767215297403423 1.8709799938261498 1.8684360281979684 1.869310337489993 1.8701846467820176 1.8710589560740423 1.8719332653660667 1.8728075746580914 1.8736818839501175 1.8745561932421422 1.8754305025341667 1.8763048118261914 1.8771791211182158 1.8780534304102405 1.878927739702265 1.8798020489942897 1.8806763582863142 1.8815506675783389
2.036945838830035 2.0307046547589143 2.0244634706877935 2.0182222866166724 2.0119811025455516 2.0057399184744304 1.9994987344033095 1.9932575503321885 1.987016366261057 1.980775182189936 1.974533998118815 1.968292814047694 1.9620516299765733 1.9558104459054524 1.9495692618343314 1.9433280777632105 1.9370868936920895 1.9308457096209686 1.9246045255498476 1.9183633414787267 1.9121221574076057 1.905880973336474 1.8996397892653532 1.8933986051942322 1.8871574211231112 1.8809162370519903 1.8746750529808693 1.8684338689097484 1.8655078338477566 1.8661257680189751 1.8667437021901936 1.867361636361412 1.8679795705326305 1.868597504703849 1.8692154388750686 1.869833373046287 1.8704513072175055 1.871069241388724 1.8716871755599425 1.872305109731161 1.8729230439023794 1.8735409780735979 1.8741589122448163 1.8747768464160348
