Figures/CREST_Example_wjb_NSE/PETs/wjb.pet.20090115.asc
ncols            288
nrows            254
xllcorner        113.274861
yllcorner        31.4918055
cellsize         0.008333333333
NODATA_value     -9999
[rows 152 to 170 of 254, columns 44 to 87 of 288]
0.8066698572269162 0.8067032251032682 0.8067365929796202 0.8067699608559721 0.8068033287323241 0.806836696608676 0.806870064485028 0.80690343236138 0.806936800237732 0.8069701681140838 0.8070035359904358 0.8070369038667878 0.8070702717431397 0.8071036396194917 0.8071370074958436 0.8071703753721956 0.8072037432485476 0.8072371111248995 0.8072704790012515 0.8073038468776034 0.8073372147539554 0.8073705826303074 0.8074039505066594 0.8074373183830112 0.8074706862593632 0.8075040541357152 0.8075374220120671 0.8075707898884191 0.8083367451345244 0.8098858528398085 0.8114349605450927 0.8129840682503768 0.814533175955661 0.8160822836609452 0.817631391366232 0.8191804990715161 0.8207296067768003 0.8222787144820844 0.8238278221873686 0.8253769298926528 0.8269260375979369 0.8284751453032211 0.8300242530085052 0.8315733607137894
0.8090030078011917 0.8090140857790662 0.8090251637569407 0.8090362417348151 0.8090473197126896 0.809058397690564 0.8090694756684385 0.8090805536463129 0.8090916316241874 0.8091027096020619 0.8091137875799363 0.8091248655578108 0.8091359435356853 0.8091470215135598 0.8091580994914342 0.8091691774693087 0.8091802554471831 0.8091913334250576 0.809202411402932 0.8092134893808065 0.809224567358681 0.8092356453365555 0.8092467233144299 0.8092578012923044 0.8092688792701789 0.8092799572480533 0.8092910352259278 0.8093021132038022 0.8100062944254488 0.8114514186830201 0.8128965429405913 0.8143416671981625 0.8157867914557337 0.8172319157133049 0.8186770399708786 0.8201221642284499 0.8215672884860211 0.8230124127435923 0.8244575370011635 0.8259026612587347 0.827347785516306 0.8287929097738772 0.8302380340314484 0.8316831582890196
0.8113361583754671 0.8113249464548642 0.8113137345342611 0.8113025226136581 0.811291310693055 0.811280098772452 0.811268886851849 0.8112576749312459 0.8112464630106428 0.8112352510900399 0.8112240391694369 0.8112128272488338 0.8112016153282308 0.8111904034076277 0.8111791914870247 0.8111679795664217 0.8111567676458187 0.8111455557252156 0.8111343438046126 0.8111231318840095 0.8111119199634065 0.8111007080428034 0.8110894961222004 0.8110782842015974 0.8110670722809944 0.8110558603603913 0.8110446484397883 0.8110334365191852 0.8116758437163732 0.8130169845262315 0.8143581253360898 0.8156992661459481 0.8170404069558064 0.8183815477656646 0.8197226885755252 0.8210638293853835 0.8224049701952418 0.8237461110051001 0.8250872518149583 0.8264283926248166 0.827769533434675 0.8291106742445332 0.8304518150543915 0.8317929558642498
0.8136693089497427 0.8136358071306621 0.8136023053115816 0.813568803492501 0.8135353016734206 0.81350179985434 0.8134682980352596 0.813434796216179 0.8134012943970984 0.8133677925780178 0.8133342907589374 0.8133007889398568 0.8132672871207763 0.8132337853016958 0.8132002834826153 0.8131667816635347 0.8131332798444543 0.8130997780253737 0.8130662762062931 0.8130327743872127 0.8129992725681321 0.8129657707490515 0.8129322689299711 0.8128987671108905 0.81286526529181 0.8128317634727295 0.8127982616536489 0.8127647598345684 0.8133453930072977 0.814582550369443 0.8158197077315884 0.8170568650937338 0.8182940224558791 0.8195311798180245 0.820768337180172 0.8220054945423173 0.8232426519044626 0.8244798092666079 0.8257169666287533 0.8269541239908986 0.828191281353044 0.8294284387151893 0.8306655960773347 0.8319027534394801
0.816002459524018 0.81594666780646 0.815890876088902 0.815835084371344 0.8157792926537859 0.8157235009362279 0.8156677092186699 0.815611917501112 0.8155561257835539 0.8155003340659958 0.8154445423484378 0.8153887506308798 0.8153329589133217 0.8152771671957637 0.8152213754782057 0.8151655837606477 0.8151097920430896 0.8150540003255317 0.8149982086079737 0.8149424168904157 0.8148866251728576 0.8148308334552995 0.8147750417377415 0.8147192500201835 0.8146634583026254 0.8146076665850674 0.8145518748675095 0.8144960831499515 0.8150149422982221 0.8161481162126545 0.817281290127087 0.8184144640415194 0.8195476379559518 0.8206808118703842 0.8218139857848186 0.8229471596992509 0.8240803336136834 0.8252135075281157 0.8263466814425482 0.8274798553569807 0.828613029271413 0.8297462031858455 0.8308793771002778 0.8320125510147103
0.8183356100982956 0.81825752848226 0.8181794468662245 0.818101365250189 0.8180232836341534 0.8179452020181179 0.8178671204020823 0.8177890387860468 0.8177109571700112 0.8176328755539757 0.8175547939379402 0.8174767123219046 0.817398630705869 0.8173205490898335 0.817242467473798 0.8171643858577625 0.817086304241727 0.8170082226256914 0.8169301410096559 0.8168520593936204 0.8167739777775849 0.8166958961615491 0.8166178145455136 0.8165397329294781 0.8164616513134426 0.8163835696974071 0.8163054880813716 0.816227406465336 0.816684491589148 0.8177136820558674 0.8187428725225868 0.8197720629893062 0.8208012534560255 0.821830443922745 0.8228596343894661 0.8238888248561855 0.8249180153229049 0.8259472057896242 0.8269763962563437 0.828005586723063 0.8290347771897825 0.8300639676565018 0.8310931581232212 0.8321223485899406
0.8206687606725709 0.8205683891580579 0.8204680176435448 0.8203676461290319 0.8202672746145189 0.8201669031000058 0.8200665315854928 0.8199661600709798 0.8198657885564666 0.8197654170419536 0.8196650455274406 0.8195646740129275 0.8194643024984145 0.8193639309839016 0.8192635594693886 0.8191631879548755 0.8190628164403625 0.8189624449258495 0.8188620734113364 0.8187617018968234 0.8186613303823105 0.8185609588677972 0.8184605873532842 0.8183602158387712 0.8182598443242582 0.8181594728097452 0.8180591012952322 0.8179587297807192 0.8183540408800725 0.8192792478990789 0.8202044549180854 0.8211296619370918 0.8220548689560983 0.8229800759751047 0.8239052829941128 0.8248304900131193 0.8257556970321257 0.8266809040511321 0.8276061110701386 0.828531318089145 0.8294565251081515 0.8303817321271579 0.8313069391461644 0.8322321461651708
0.8230019112468464 0.8228792498338559 0.8227565884208653 0.8226339270078749 0.8225112655948843 0.8223886041818939 0.8222659427689033 0.8221432813559127 0.8220206199429221 0.8218979585299315 0.8217752971169411 0.8216526357039505 0.8215299742909601 0.8214073128779695 0.821284651464979 0.8211619900519885 0.821039328638998 0.8209166672260075 0.820794005813017 0.8206713444000264 0.820548682987036 0.8204260215740452 0.8203033601610548 0.8201806987480642 0.8200580373350738 0.8199353759220832 0.8198127145090927 0.8196900530961022 0.8200235901709969 0.8208448137422903 0.8216660373135839 0.8224872608848774 0.823308484456171 0.8241297080274644 0.8249509315987593 0.8257721551700529 0.8265933787413464 0.82741460231264 0.8282358258839334 0.829057049455227 0.8298782730265205 0.830699496597814 0.8315207201691075 0.832341943740401
0.8253350618211218 0.8251901105096539 0.8250451591981859 0.8249002078867178 0.8247552565752498 0.8246103052637819 0.8244653539523138 0.8243204026408458 0.8241754513293775 0.8240305000179096 0.8238855487064416 0.8237405973949736 0.8235956460835056 0.8234506947720376 0.8233057434605696 0.8231607921491015 0.8230158408376336 0.8228708895261656 0.8227259382146975 0.8225809869032296 0.8224360355917616 0.8222910842802933 0.8221461329688253 0.8220011816573574 0.8218562303458893 0.8217112790344213 0.8215663277229533 0.8214213764114853 0.8216931394619214 0.822410379585502 0.8231276197090825 0.8238448598326631 0.8245620999562436 0.8252793400798243 0.825996580203406 0.8267138203269866 0.8274310604505672 0.8281483005741478 0.8288655406977283 0.829582780821309 0.8303000209448895 0.8310172610684701 0.8317345011920507 0.8324517413156313
0.8276682123953973 0.8275009711854519 0.8273337299755064 0.8271664887655609 0.8269992475556154 0.8268320063456699 0.8266647651357244 0.8264975239257789 0.8263302827158331 0.8261630415058876 0.8259958002959421 0.8258285590859966 0.8256613178760511 0.8254940766661056 0.8253268354561601 0.8251595942462147 0.8249923530362692 0.8248251118263237 0.8246578706163782 0.8244906294064327 0.8243233881964872 0.8241561469865414 0.8239889057765959 0.8238216645666504 0.8236544233567049 0.8234871821467594 0.8233199409368139 0.8231526997268684 0.8233626887528459 0.8239759454287136 0.8245892021045812 0.8252024587804488 0.8258157154563165 0.8264289721321841 0.8270422288080528 0.8276554854839204 0.8282687421597881 0.8288819988356557 0.8294952555115234 0.830108512187391 0.8307217688632587 0.8313350255391263 0.831948282214994 0.8325615388908616
0.8300013629696726 0.8298118318612496 0.8296223007528267 0.8294327696444037 0.8292432385359807 0.8290537074275578 0.8288641763191348 0.8286746452107118 0.8284851141022885 0.8282955829938655 0.8281060518854425 0.8279165207770195 0.8277269896685966 0.8275374585601736 0.8273479274517506 0.8271583963433276 0.8269688652349046 0.8267793341264816 0.8265898030180586 0.8264002719096357 0.8262107408012127 0.8260212096927894 0.8258316785843663 0.8256421474759434 0.8254526163675204 0.8252630852590974 0.8250735541506745 0.8248840230422515 0.8250322380437702 0.825541511271925 0.8260507845000796 0.8265600577282344 0.8270693309563891 0.8275786041845438 0.8280878774126994 0.828597150640854 0.8291064238690088 0.8296156970971635 0.8301249703253182 0.8306342435534729 0.8311435167816276 0.8316527900097823 0.8321620632379371 0.8326713364660917
0.83233451354395 0.8321226925370496 0.8319108715301491 0.8316990505232487 0.8314872295163481 0.8312754085094476 0.8310635875025472 0.8308517664956466 0.8306399454887458 0.8304281244818453 0.8302163034749448 0.8300044824680443 0.8297926614611438 0.8295808404542433 0.8293690194473429 0.8291571984404423 0.8289453774335418 0.8287335564266414 0.8285217354197408 0.8283099144128404 0.8280980934059399 0.827886272399039 0.8276744513921386 0.827462630385238 0.8272508093783375 0.8270389883714371 0.8268271673645365 0.8266153463576361 0.8267017873346961 0.8271070771151379 0.8275123668955795 0.8279176566760212 0.8283229464564629 0.8287282362369045 0.8291335260173469 0.8295388157977887 0.8299441055782303 0.8303493953586719 0.8307546851391137 0.8311599749195553 0.831565264699997 0.8319705544804387 0.8323758442608804 0.832781134041322
0.8346676641182256 0.8344335532128475 0.8341994423074696 0.8339653314020916 0.8337312204967136 0.8334971095913356 0.8332629986859577 0.8330288877805796 0.8327947768752012 0.8325606659698233 0.8323265550644453 0.8320924441590672 0.8318583332536893 0.8316242223483113 0.8313901114429333 0.8311560005375553 0.8309218896321774 0.8306877787267993 0.8304536678214214 0.8302195569160434 0.8299854460106654 0.829751335105287 0.829517224199909 0.8292831132945311 0.829049002389153 0.8288148914837751 0.8285807805783971 0.8283466696730191 0.8283713366256206 0.8286726429583493 0.828973949291078 0.8292752556238068 0.8295765619565355 0.8298778682892642 0.8301791746219935 0.8304804809547223 0.830781787287451 0.8310830936201797 0.8313843999529085 0.8316857062856372 0.8319870126183659 0.8322883189510948 0.8325896252838235 0.8328909316165523
0.837000814692501 0.8367444138886455 0.83648801308479 0.8362316122809346 0.8359752114770791 0.8357188106732236 0.8354624098693681 0.8352060090655127 0.8349496082616568 0.8346932074578013 0.8344368066539458 0.8341804058500903 0.8339240050462349 0.8336676042423794 0.8334112034385239 0.8331548026346685 0.832898401830813 0.8326420010269575 0.8323856002231019 0.8321291994192465 0.831872798615391 0.8316163978115351 0.8313599970076796 0.8311035962038241 0.8308471953999687 0.8305907945961132 0.8303343937922577 0.8300779929884022 0.830040885916545 0.8302382088015609 0.8304355316865767 0.8306328545715924 0.8308301774566083 0.8310275003416241 0.8312248232266403 0.831422146111656 0.8316194689966718 0.8318167918816877 0.8320141147667034 0.8322114376517192 0.8324087605367351 0.8326060834217508 0.8328034063067666 0.8330007291917825
0.8393339652667765 0.8390552745644435 0.8387765838621105 0.8384978931597776 0.8382192024574446 0.8379405117551116 0.8376618210527786 0.8373831303504458 0.8371044396481122 0.8368257489457793 0.8365470582434463 0.8362683675411133 0.8359896768387803 0.8357109861364475 0.8354322954341145 0.8351536047317815 0.8348749140294485 0.8345962233271156 0.8343175326247826 0.8340388419224496 0.8337601512201166 0.8334814605177832 0.8332027698154503 0.8329240791131173 0.8326453884107843 0.8323666977084513 0.8320880070061183 0.8318093163037854 0.8317104352074696 0.8318037746447724 0.8318971140820752 0.8319904535193782 0.832083792956681 0.8321771323939839 0.8322704718312869 0.8323638112685898 0.8324571507058927 0.8325504901431955 0.8326438295804984 0.8327371690178013 0.8328305084551041 0.832923847892407 0.8330171873297099 0.8331105267670128
0.8416671158410518 0.8413661352402414 0.8410651546394309 0.8407641740386205 0.8404631934378101 0.8401622128369995 0.8398612322361891 0.8395602516353786 0.8392592710345677 0.8389582904337572 0.8386573098329467 0.8383563292321363 0.8380553486313258 0.8377543680305154 0.8374533874297049 0.8371524068288945 0.836851426228084 0.8365504456272735 0.836249465026463 0.8359484844256526 0.8356475038248421 0.8353465232240311 0.8350455426232207 0.8347445620224102 0.8344435814215998 0.8341426008207893 0.8338416202199789 0.8335406396191684 0.8333799844983939 0.8333693404879838 0.8333586964775738 0.8333480524671637 0.8333374084567536 0.8333267644463436 0.8333161204359335 0.8333054764255234 0.8332948324151134 0.8332841884047033 0.8332735443942932 0.8332629003838832 0.8332522563734731 0.833241612363063 0.833230968352653 0.8332203243422429
0.8440002664153273 0.8436769959160394 0.8433537254167515 0.8430304549174634 0.8427071844181755 0.8423839139188876 0.8420606434195996 0.8417373729203117 0.8414141024210232 0.8410908319217352 0.8407675614224472 0.8404442909231593 0.8401210204238714 0.8397977499245834 0.8394744794252954 0.8391512089260075 0.8388279384267195 0.8385046679274316 0.8381813974281437 0.8378581269288558 0.8375348564295677 0.8372115859302792 0.8368883154309913 0.8365650449317034 0.8362417744324154 0.8359185039331274 0.8355952334338395 0.8352719629345515 0.8350495337893185 0.8349349063311954 0.8348202788730724 0.8347056514149495 0.8345910239568264 0.8344763964987034 0.8343617690405802 0.8342471415824572 0.8341325141243342 0.8340178866662112 0.8339032592080882 0.8337886317499652 0.8336740042918422 0.8335593768337192 0.8334447493755962 0.8333301219174731
0.8463334169896027 0.8459878565918373 0.8456422961940719 0.8452967357963065 0.844951175398541 0.8446056150007756 0.8442600546030101 0.8439144942052447 0.8435689338074787 0.8432233734097132 0.8428778130119478 0.8425322526141823 0.8421866922164168 0.8418411318186514 0.8414955714208859 0.8411500110231205 0.840804450625355 0.8404588902275896 0.8401133298298241 0.8397677694320588 0.8394222090342933 0.8390766486365272 0.8387310882387617 0.8383855278409964 0.838039967443231 0.8376944070454655 0.8373488466477 0.8370032862499346 0.8367190830802428 0.8365004721744068 0.836281861268571 0.836063250362735 0.835844639456899 0.8356260285510632 0.8354074176452269 0.8351888067393909 0.8349701958335549 0.834751584927719 0.8345329740218831 0.8343143631160471 0.8340957522102111 0.8338771413043753 0.8336585303985393 0.8334399194927034
0.8486665675638801 0.8482987172676373 0.8479308669713943 0.8475630166751513 0.8471951663789083 0.8468273160826654 0.8464594657864225 0.8460916154901795 0.8457237651939359 0.845355914897693 0.84498806460145 0.8446202143052071 0.8442523640089641 0.8438845137127211 0.8435166634164782 0.8431488131202353 0.8427809628239923 0.8424131125277493 0.8420452622315063 0.8416774119352635 0.8413095616390205 0.8409417113427768 0.840573861046534 0.840206010750291 0.839838160454048 0.839470310157805 0.8391024598615621 0.8387346095653192 0.8383886323711687 0.8380660380176197 0.8377434436640707 0.8374208493105219 0.8370982549569729 0.8367756606034239 0.8364530662498744 0.8361304718963254 0.8358078775427764 0.8354852831892274 0.8351626888356785 0.8348400944821295 0.8345175001285806 0.8341949057750316 0.8338723114214827 0.8335497170679337
