Figures/CREST_Example_wjb_NSE/PETs/wjb.pet.20100812.asc
ncols            288
nrows            254
xllcorner        113.274861
yllcorner        31.4918055
cellsize         0.008333333333
NODATA_value     -9999
[rows 20 to 39 of 254, columns 0 to 43 of 288]
-9999.0 -9999.0 -9999.0 -9999.0 -9999.0 -9999.0 -9999.0 -9999.0 -9999.0 -9999.0 -9999.0 -9999.0 -9999.0 -9999.0 -9999.0 -9999.0 -9999.0 -9999.0 -9999.0 -9999.0 -9999.0 -9999.0 -9999.0 2.8588744399361175 2.8555506888617654 2.852226937787414 2.848903186713056 2.8455794356387045 2.8422556845643525 2.838931933490001 2.835608182415649 2.8322844313412974 2.8289606802669454 2.8256369291925933 2.822313178118242 2.8189894270438898 2.815665675969538 2.812341924895186 2.8090181738208346 2.805694422746477 2.8023706716721253 2.7990469205977733 2.7965277248210816 2.7948686168412777
-9999.0 -9999.0 -9999.0 -9999.0 -9999.0 -9999.0 -9999.0 -9999.0 -9999.0 -9999.0 -9999.0 -9999.0 -9999.0 -9999.0 -9999.0 -9999.0 -9999.0 -9999.0 -9999.0 -9999.0 -9999.0 -9999.0 2.8749244858892227 2.87158313929645 2.8682417927036776 2.8649004461109056 2.8615590995181273 2.8582177529253547 2.8548764063325827 2.85153505973981 2.8481937131470376 2.844852366554265 2.841511019961493 2.8381696733687205 2.834828326775948 2.8314869801831755 2.8281456335904034 2.824804286997631 2.8214629404048583 2.8181215938120805 2.814780247219308 2.8114389006265355 2.808871740617076 2.8071322035625066
-9999.0 -9999.0 -9999.0 -9999.0 -9999.0 -9999.0 -9999.0 -9999.0 -9999.0 -9999.0 -9999.0 -9999.0 -9999.0 -9999.0 -9999.0 -9999.0 -9999.0 -9999.0 -9999.0 -9999.0 -9999.0 -9999.0 -9999.0 2.8842918386567833 2.8809328965455903 2.8775739544343972 2.8742150123231984 2.8708560702120054 2.8674971281008124 2.8641381859896193 2.8607792438784263 2.8574203017672333 2.8540613596560402 2.850702417544847 2.847343475433654 2.843984533322461 2.840625591211268 2.837266649100075 2.8339077069888825 2.8305487648776837 2.8271898227664907 2.8238308806552976 2.8212157564130704 2.8193957902837354
-9999.0 -9999.0 -9999.0 -9999.0 -9999.0 -9999.0 -9999.0 -9999.0 -9999.0 -9999.0 -9999.0 -9999.0 -9999.0 -9999.0 -9999.0 -9999.0 -9999.0 -9999.0 -9999.0 -9999.0 -9999.0 -9999.0 2.9003770756467295 2.897000538017116 2.8936240003875024 2.890247462757889 2.886870925128269 2.8834943874986556 2.880117849869042 2.8767413122394285 2.873364774609815 2.869988236980201 2.8666116993505875 2.863235161720974 2.8598586240913604 2.856482086461747 2.853105548832133 2.8497290112025193 2.8463524735729058 2.8429759359432865 2.839599398313673 2.836222860684059 2.8335597722090644 2.8316593770049643
-9999.0 -9999.0 -9999.0 -9999.0 -9999.0 -9999.0 -9999.0 -9999.0 -9999.0 -9999.0 -9999.0 -9999.0 -9999.0 -9999.0 -9999.0 -9999.0 -9999.0 -9999.0 -9999.0 -9999.0 -9999.0 -9999.0 2.9131033705254836 2.909709237377449 2.906315104229415 2.9029209710813806 2.8995268379333408 2.8961327047853063 2.892738571637272 2.8893444384892377 2.8859503053412037 2.8825561721931696 2.879162039045135 2.875767905897101 2.8723737727490666 2.8689796396010325 2.865585506452998 2.862191373304964 2.8587972401569295 2.8554031070088897 2.8520089738608556 2.848614840712821 2.845903788005059 2.843922963726193
-9999.0 -9999.0 -9999.0 -9999.0 -9999.0 -9999.0 -9999.0 -9999.0 -9999.0 -9999.0 -9999.0 -9999.0 -9999.0 -9999.0 -9999.0 -9999.0 -9999.0 -9999.0 -9999.0 -9999.0 -9999.0 -9999.0 2.925829665404237 2.9224179367377823 2.9190062080713273 2.9155944794048723 2.912182750738412 2.908771022071957 2.905359293405502 2.9019475647390474 2.8985358360725924 2.8951241074061373 2.891712378739683 2.888300650073228 2.8848889214067728 2.881477192740318 2.878065464073863 2.874653735407408 2.8712420067409536 2.867830278074493 2.864418549408038 2.8610068207415833 2.8582478038010533 2.856186550447422
-9999.0 -9999.0 -9999.0 -9999.0 -9999.0 -9999.0 -9999.0 -9999.0 -9999.0 -9999.0 -9999.0 -9999.0 -9999.0 -9999.0 -9999.0 -9999.0 2.959131905392243 2.955702581207368 2.9522732570224925 2.948843932837617 2.9454146086527415 2.941985284467866 2.9385559602829905 2.935126636098115 2.9316973119132395 2.9282679877283644 2.924838663543483 2.9214093393586076 2.917980015173732 2.9145506909888566 2.911121366803981 2.9076920426191055 2.90426271843423 2.9008333942493545 2.8974040700644794 2.893974745879604 2.8905454216947284 2.887116097509853 2.8836867733249774 2.880257449140096 2.8768281249552206 2.873398800770345 2.8705918195970477 2.8684501371686513
-9999.0 -9999.0 -9999.0 -9999.0 -9999.0 -9999.0 -9999.0 -9999.0 -9999.0 -9999.0 -9999.0 -9999.0 -9999.0 -9999.0 -9999.0 -9999.0 2.9719637733815314 2.9685168536782354 2.9650699339749393 2.9616230142716433 2.9581760945683473 2.954729174865051 2.951282255161755 2.9478353354584588 2.9443884157551627 2.9409414960518667 2.9374945763485645 2.9340476566452685 2.9306007369419724 2.9271538172386764 2.9237068975353804 2.9202599778320844 2.9168130581287883 2.913366138425492 2.909919218722196 2.9064722990189 2.903025379315604 2.8995784596123078 2.8961315399090117 2.8926846202057095 2.8892377005024135 2.8857907807991174 2.8829358353930523 2.8807137238898903
-9999.0 -9999.0 -9999.0 -9999.0 -9999.0 -9999.0 -9999.0 -9999.0 -9999.0 -9999.0 -9999.0 -9999.0 -9999.0 -9999.0 -9999.0 2.987892604054832 2.9844472349365634 2.9810018658182944 2.9775564967000254 2.9741111275817564 2.970665758463488 2.967220389345219 2.96377502022695 2.960329651108681 2.9568842819904124 2.9534389128721434 2.9499935437538687 2.9465481746355997 2.9431028055173307 2.939657436399062 2.936212067280793 2.932766698162524 2.9293213290442552 2.9258759599259867 2.9224305908077177 2.9189852216894487 2.9155398525711798 2.912094483452911 2.9086491143346422 2.9052037452163675 2.9017583760980985 2.89831300697983 2.8954240075497073 2.8931297798906788
-9999.0 -9999.0 -9999.0 -9999.0 -9999.0 -9999.0 -9999.0 -9999.0 -9999.0 -9999.0 -9999.0 -9999.0 -9999.0 -9999.0 -9999.0 2.9999816245393593 2.9965582719833788 2.993134919427398 2.989711566871417 2.9862882143154366 2.982864861759456 2.979441509203475 2.9760181566474944 2.9725948040915133 2.9691714515355327 2.965748098979552 2.9623247464235654 2.9589013938675848 2.9554780413116037 2.952054688755623 2.9486313361996426 2.9452079836436615 2.941784631087681 2.9383612785317004 2.9349379259757193 2.9315145734197388 2.9280912208637577 2.924667868307777 2.9212445157517966 2.9178211631958098 2.914397810639829 2.9109744580838486 2.908066273765622 2.905708815936831
-9999.0 -9999.0 -9999.0 -9999.0 -9999.0 -9999.0 -9999.0 -9999.0 -9999.0 -9999.0 -9999.0 -9999.0 -9999.0 -9999.0 -9999.0 3.0120706450238863 3.008669309030194 3.0052679730365015 3.001866637042809 2.9984653010491162 2.9950639650554236 2.991662629061731 2.9882612930680383 2.9848599570743457 2.981458621080653 2.9780572850869604 2.974655949093262 2.9712546130995694 2.9678532771058768 2.964451941112184 2.9610506051184915 2.957649269124799 2.9542479331311062 2.9508465971374136 2.947445261143721 2.9440439251500283 2.9406425891563357 2.937241253162643 2.9338399171689504 2.9304385811752516 2.927037245181559 2.9236359091878663 2.9207085399815367 2.9182878519829827
-9999.0 -9999.0 -9999.0 -9999.0 -9999.0 -9999.0 -9999.0 -9999.0 -9999.0 -9999.0 -9999.0 -9999.0 -9999.0 -9999.0 -9999.0 3.024159665508414 3.0207803460770095 3.017401026645605 3.0140217072142006 3.010642387782796 3.0072630683513912 3.003883748919987 3.0005044294885823 2.997125110057178 2.9937457906257734 2.9903664711943687 2.9869871517629587 2.983607832331554 2.98022851290015 2.976849193468745 2.9734698740373404 2.970090554605936 2.9667112351745315 2.963331915743127 2.9599525963117226 2.956573276880318 2.9531939574489137 2.949814638017509 2.9464353185861043 2.9430559991546943 2.9396766797232896 2.936297360291885 2.933350806197452 2.930866888029135
-9999.0 -9999.0 -9999.0 -9999.0 -9999.0 -9999.0 -9999.0 -9999.0 -9999.0 -9999.0 -9999.0 -9999.0 -9999.0 -9999.0 3.039605988862058 3.036248685992941 3.032891383123825 3.0295340802547086 3.0261767773855923 3.0228194745164756 3.0194621716473593 3.016104868778243 3.0127475659091267 3.00939026304001 3.0060329601708937 3.0026756573017774 2.9993183544326554 2.9959610515635386 2.9926037486944224 2.989246445825306 2.9858891429561893 2.982531840087073 2.9791745372179568 2.9758172343488405 2.9724599314797238 2.9691026286106075 2.965745325741491 2.962388022872375 2.959030720003258 2.955673417134136 2.95231611426502 2.9489588113959035 2.9459930724133665 2.9434459240752866
-9999.0 -9999.0 -9999.0 -9999.0 -9999.0 -9999.0 -9999.0 -9999.0 -9999.0 -9999.0 -9999.0 -9999.0 -9999.0 -9999.0 3.051672992784307 3.048337706477479 3.0450024201706505 3.041667133863822 3.038331847556994 3.0349965612501655 3.0316612749433376 3.0283259886365093 3.024990702329681 3.0216554160228526 3.0183201297160243 3.014984843409196 3.0116495571023623 3.008314270795534 3.0049789844887056 3.0016436981818773 2.998308411875049 2.994973125568221 2.9916378392613927 2.9883025529545644 2.984967266647736 2.9816319803409077 2.9782966940340794 2.9749614077272515 2.971626121420423 2.968290835113589 2.9649555488067607 2.961620262499933 2.9586353386292923 2.956024960121449
-9999.0 -9999.0 -9999.0 -9999.0 -9999.0 -9999.0 -9999.0 -9999.0 -9999.0 -9999.0 -9999.0 -9999.0 -9999.0 -9999.0 3.063739996706546 3.0604267269620062 3.057113457217466 3.053800187472926 3.0504869177283855 3.0471736479838456 3.043860378239305 3.0405471084947653 3.037233838750225 3.033920569005685 3.0306072992611446 3.0272940295166046 3.023980759772059 3.0206674900275186 3.0173542202829786 3.0140409505384382 3.0107276807938983 3.007414411049358 3.004101141304818 3.0007878715602776 2.9974746018157377 2.9941613320711973 2.9908480623266573 2.987534792582117 2.984221522837577 2.9809082530930313 2.977594983348491 2.974281713603951 2.971277604845207 2.968603996167601
-9999.0 -9999.0 -9999.0 -9999.0 -9999.0 -9999.0 -9999.0 -9999.0 -9999.0 -9999.0 -9999.0 -9999.0 -9999.0 -9999.0 3.075807000628785 3.072515747446533 3.0692244942642812 3.0659332410820292 3.0626419878997773 3.059350734717525 3.056059481535273 3.052768228353021 3.049476975170769 3.046185721988517 3.042894468806265 3.039603215624013 3.036311962441755 3.033020709259503 3.029729456077251 3.026438202894999 3.0231469497127472 3.0198556965304952 3.0165644433482433 3.0132731901659913 3.0099819369837393 3.0066906838014873 3.0033994306192353 3.000108177436983 2.996816924254731 2.9935256710724736 2.9902344178902216 2.986943164707969 2.9839198710611217 2.981183032213753
-9999.0 -9999.0 -9999.0 -9999.0 -9999.0 -9999.0 -9999.0 -9999.0 -9999.0 -9999.0 -9999.0 -9999.0 -9999.0 3.0911432411709883 3.0878740045510242 3.0846047679310606 3.0813355313110966 3.0780662946911326 3.0747970580711685 3.071527821451205 3.068258584831241 3.064989348211277 3.0617201115913133 3.0584508749713493 3.0551816383513852 3.051912401731421 3.048643165111452 3.045373928491488 3.042104691871524 3.03883545525156 3.035566218631596 3.032296982011632 3.0290277453916685 3.0257585087717045 3.0224892721517405 3.0192200355317764 3.015950798911813 3.012681562291849 3.0094123256718848 3.0061430890519154 3.0028738524319514 2.999604615811988 2.9965621372770364 2.993762068259905
-9999.0 -9999.0 -9999.0 -9999.0 -9999.0 -9999.0 -9999.0 -9999.0 -9999.0 -9999.0 -9999.0 -9999.0 3.1064354485886203 3.103188228530939 3.0999410084732633 3.0966937884155876 3.0934465683579115 3.090199348300236 3.0869521282425603 3.0837049081848846 3.0804576881272085 3.077210468069533 3.0739632480118573 3.070716027954181 3.0674688078965056 3.06422158783883 3.0609743677811485 3.0577271477234724 3.054479927665797 3.051232707608121 3.0479854875504455 3.0447382674927694 3.041491047435094 3.038243827377418 3.034996607319742 3.0317493872620664 3.028502167204391 3.0252549471467147 3.022007727089039 3.0187605070313577 3.015513286973682 3.0122660669160064 3.0092044034929515 3.006341104306057
-9999.0 -9999.0 -9999.0 -9999.0 -9999.0 -9999.0 -9999.0 -9999.0 -9999.0 -9999.0 -9999.0 -9999.0 -9999.0 3.1152332158908904 3.1120080123955027 3.108782808900115 3.1055576054047274 3.1023324019093397 3.099107198413952 3.0958819949185643 3.0926567914231766 3.089431587927789 3.0862063844324013 3.0829811809370136 3.079755977441626 3.076530773946238 3.073305570450845 3.0700803669554575 3.06685516346007 3.063629959964682 3.0604047564692944 3.0571795529739068 3.053954349478519 3.0507291459831314 3.0475039424877437 3.044278738992356 3.0410535354969683 3.0378283320015806 3.034603128506193 3.0313779250107995 3.0281527215154123 3.0249275180200246 3.021846669708866 3.018920140352209
-9999.0 -9999.0 -9999.0 -9999.0 -9999.0 -9999.0 -9999.0 -9999.0 -9999.0 -9999.0 -9999.0 -9999.0 -9999.0 3.127278203250841 3.1240750163177413 3.120871829384642 3.1176686424515423 3.114465455518443 3.1112622685853433 3.108059081652244 3.1048558947191442 3.1016527077860445 3.0984495208529452 3.0952463339198455 3.092043146986746 3.0888399600536465 3.0856367731205414 3.082433586187442 3.0792303992543424 3.076027212321243 3.0728240253881434 3.0696208384550436 3.0664176515219443 3.0632144645888446 3.0600112776557453 3.0568080907226456 3.0536049037895463 3.0504017168564466 3.047198529923347 3.043995342990242 3.0407921560571425 3.0375889691240427 3.0344889359247813 3.031499176398361
