Figures/CREST_Example_wjb_NSE/PETs/wjb.pet.20090822.asc
ncols            288
nrows            254
xllcorner        113.274861
yllcorner        31.4918055
cellsize         0.008333333333
NODATA_value     -9999
[rows 200 to 219 of 254, columns 88 to 131 of 288]
3.011632468652045 3.010021815589417 3.0084111625267895 3.006800509464159 3.005189856401531 3.0035792033389037 3.001968550276276 3.0003578972136484 2.9987472441510206 2.997136591088393 2.9955259380257653 2.993915284963138 2.99230463190051 2.990693978837882 2.9898311012006173 2.9897676124011623 2.9897041236017072 2.989640634802252 2.9895771460027976 2.9895136572033425 2.9894501684038874 2.9893866796044324 2.9893231908049778 2.9892597020055227 2.9891962132060677 2.989132724406613 2.989069235607158 2.989005746807703 2.9889422580082483 2.9888787692087933 2.988815280409338 2.988751791609883 2.9886883028104285 2.9886248140109735 2.9885613252115184 2.9884978364120633 2.9884343476126087 2.9883708588131537 2.9883073700136986 2.988243881214244 2.988180392414789 2.988116903615334 2.988053414815879 2.987989926016424
3.0184476122225137 3.016838521902037 3.01522943158156 3.0136203412610802 3.0120112509406036 3.0104021606201266 3.00879307029965 3.007183979979173 3.0055748896586962 3.003965799338219 3.0023567090177425 3.0007476186972655 2.999138528376789 2.997529438056312 2.99667443433709 2.9966255662454104 2.996576698153731 2.9965278300620515 2.996478961970372 2.9964300938786925 2.9963812257870135 2.996332357695334 2.9962834896036545 2.996234621511975 2.9961857534202956 2.996136885328616 2.9960880172369366 2.996039149145257 2.995990281053578 2.995941412961898 2.995892544870219 2.9958436767785397 2.99579480868686 2.9957459405951807 2.9956970725035013 2.995648204411822 2.9955993363201423 2.995550468228463 2.995501600136784 2.9954527320451043 2.995403863953425 2.9953549958617454 2.995306127770066 2.9952572596783864
3.025262755792983 3.023655228214657 3.022047700636331 3.020440173058002 3.018832645479676 3.01722511790135 3.015617590323024 3.0140100627446977 3.012402535166372 3.0107950075880456 3.00918748000972 3.0075799524313935 3.0059724248530677 3.0043648972747414 3.003517767473563 -9999.0 -9999.0 -9999.0 3.003380777937947 3.003346530554043 3.003312283170139 3.003278035786235 3.0032437884023313 3.0032095410184274 3.003175293634523 3.003141046250619 3.0031067988667153 3.0030725514828114 3.0030383040989075 3.0030040567150036 3.0029698093310997 3.002935561947196 3.0029013145632915 3.0028670671793876 3.0028328197954837 3.0027985724115798 3.002764325027676 3.002730077643772 3.002695830259868 3.002661582875964 3.0026273354920603 3.0025930881081564 3.002558840724252 3.002524593340348
3.0320778993634523 3.030471934527277 3.028865969691102 3.0272600048549236 3.025654040018748 3.024048075182573 3.0224421103463976 3.0208361455102226 3.019230180674047 3.017624215837872 3.0160182510016966 3.0144122861655216 3.012806321329346 3.011200356493171 3.0103611006100355 -9999.0 -9999.0 -9999.0 -9999.0 3.0102629672293935 3.0102433405532647 -9999.0 3.010204087201008 3.0101844605248793 3.010164833848751 3.0101452071726227 3.0101255804964944 3.0101059538203656 3.0100863271442373 3.010066700468109 3.01004707379198 3.010027447115852 3.0100078204397236 3.009988193763595 3.0099685670874665 3.009948940411338 3.00992931373521 3.009909687059081 3.009890060382953 3.0098704337068245 3.0098508070306957 3.0098311803545674 3.009811553678439 3.0097919270023104
3.0388930429339243 3.0372886408398996 3.035684238745875 3.034079836651848 3.0324754345578233 3.030871032463799 3.0292666303697744 3.02766222827575 3.0260578261817255 3.0244534240877012 3.0228490219936766 3.0212446198996523 3.0196402178056276 3.0180358157116034 -9999.0 -9999.0 -9999.0 -9999.0 -9999.0 -9999.0 -9999.0 -9999.0 -9999.0 3.0171593800313348 3.0171543740629816 3.017149368094629 3.0171443621262757 3.017139356157923 3.0171343501895698 3.017129344221217 3.0171243382528643 3.017119332284511 3.0171143263161584 3.017109320347805 3.0171043143794525 3.0170993084110993 3.0170943024427466 3.0170892964743934 3.0170842905060407 3.0170792845376875 3.0170742785693347 3.017069272600982 3.017064266632629 3.017059260664276
3.045708186504393 3.0441053471525197 3.042502507800646 3.0408996684487697 3.039296829096896 3.0376939897450224 3.0360911503931485 3.034488311041275 3.032885471689401 3.0312826323375277 3.029679792985654 3.0280769536337804 3.0264741142819065 3.0248712749300326 -9999.0 -9999.0 -9999.0 -9999.0 -9999.0 -9999.0 -9999.0 -9999.0 -9999.0 -9999.0 3.0241439142772095 3.024153529016632 3.0241631437560543 3.024172758495477 3.0241823732348996 3.024191987974322 3.024201602713745 3.0242112174531672 3.0242208321925896 3.0242304469320125 3.024240061671435 3.0242496764108573 3.02425929115028 3.0242689058897025 3.024278520629125 3.024288135368548 3.02429775010797 3.0243073648473926 3.0243169795868154 3.024326594326238
3.052523330074862 3.0509220534651393 3.0493207768554162 3.047719500245691 3.046118223635968 3.044516947026245 3.042915670416522 3.041314393806799 3.0397131171970764 3.0381118405873533 3.0365105639776306 3.0349092873679075 3.033308010758185 3.031706734148462 3.0308911000194563 -9999.0 -9999.0 -9999.0 -9999.0 -9999.0 -9999.0 -9999.0 -9999.0 -9999.0 3.031133454491437 3.031157689938635 3.031181925385833 3.031206160833031 3.031230396280229 3.0312546317274274 3.0312788671746254 3.0313031026218233 3.0313273380690213 3.0313515735162193 3.0313758089634173 3.0314000444106157 3.0314242798578137 3.0314485153050117 3.0314727507522097 3.0314969861994077 3.031521221646606 3.031545457093804 3.031569692541002 3.0315939279882
3.0593384736453344 3.057738759777762 3.0561390459101903 3.0545393320426153 3.0529396181750434 3.051339904307471 3.0497401904398993 3.048140476572327 3.046540762704755 3.044941048837183 3.043341334969611 3.0417416211020387 3.040141907234467 3.0385421933668946 3.037734433155932 -9999.0 -9999.0 -9999.0 -9999.0 -9999.0 -9999.0 -9999.0 -9999.0 -9999.0 -9999.0 3.038161850860641 3.0382007070156147 3.0382395631705883 3.038278419325562 3.0383172754805354 3.038356131635509 3.0383949877904826 3.038433843945456 3.0384727001004297 3.0385115562554033 3.038550412410377 3.0385892685653504 3.038628124720324 3.0386669808752975 3.0387058370302706 3.038744693185244 3.0387835493402178 3.0388224054951913 3.038861261650165
3.063572545964789 3.0619851738653314 3.0603978017658733 3.058810429666413 3.0572230575669552 3.055635685467497 3.0540483133680394 3.0524609412685813 3.0508735691691236 3.0492861970696654 3.0476988249702077 3.0461114528707496 3.044524080771292 3.0429367086718337 3.0421835525205316 -9999.0 -9999.0 -9999.0 -9999.0 -9999.0 -9999.0 -9999.0 -9999.0 -9999.0 -9999.0 -9999.0 -9999.0 -9999.0 -9999.0 3.044263145918997 3.0444017854788945 3.044540425038792 3.0446790645986894 3.044817704158587 3.044956343718485 3.0450949832783825 3.04523362283828 3.045372262398178 3.0455109019580755 3.045649541517973 3.045788181077871 3.0459268206377685 3.046065460197666 3.046204099757564
3.0650476157958773 3.063484107563911 3.061920599331945 3.0603570910999767 3.0587935828680104 3.0572300746360446 3.0556665664040783 3.0541030581721125 3.0525395499401466 3.0509760417081804 3.0494125334762145 3.0478490252442483 3.0462855170122825 3.0447220087803166 3.04407340826477 -9999.0 -9999.0 -9999.0 -9999.0 -9999.0 -9999.0 -9999.0 -9999.0 -9999.0 -9999.0 -9999.0 -9999.0 -9999.0 -9999.0 -9999.0 -9999.0 3.04967416911268 3.050003625633145 3.0503330821536103 3.0506625386740756 3.050991995194541 3.051321451715006 3.0516509082354712 3.0519803647559365 3.0523098212764017 3.052639277796867 3.052968734317332 3.053298190837798 3.053627647358263
3.066522685626966 3.064983041262492 3.063443396898018 3.061903752533541 3.060364108169067 3.058824463804593 3.0572848194401185 3.0557451750756446 3.05420553071117 3.0526658863466962 3.0511262419822223 3.049586597617748 3.048046953253274 3.0465073088888 3.0459632640090093 -9999.0 -9999.0 -9999.0 -9999.0 -9999.0 -9999.0 -9999.0 -9999.0 -9999.0 -9999.0 -9999.0 -9999.0 -9999.0 -9999.0 -9999.0 -9999.0 3.0548079131865697 3.0553281866676025 3.0558484601486358 3.0563687336296685 3.0568890071107013 3.057409280591734 3.057929554072767 3.0584498275537997 3.058970101034833 3.0594903745158657 3.0600106479968985 3.060530921477932 3.061051194958965
3.067997755458054 3.0664819749610714 3.0649661944640894 3.0634504139671046 3.0619346334701225 3.06041885297314 3.058903072476158 3.057387291979176 3.0558715114821933 3.054355730985211 3.052839950488229 3.0513241699912466 3.0498083894942645 3.0482926089972824 -9999.0 -9999.0 -9999.0 -9999.0 -9999.0 -9999.0 -9999.0 -9999.0 -9999.0 -9999.0 -9999.0 -9999.0 -9999.0 -9999.0 -9999.0 -9999.0 3.059230566818857 3.059941657260458 3.060652747702058 3.0613638381436585 3.062074928585259 3.062786019026859 3.06349710946846 3.0642081999100603 3.0649192903516607 3.065630380793261 3.066341471234862 3.067052561676462 3.067763652118064 3.068474742559664
3.069472825289142 3.067980908659652 3.0664889920301612 3.0649970754006683 3.063505158771178 3.062013242141688 3.0605213255121977 3.059029408882707 3.057537492253217 3.0560455756237266 3.0545536589942364 3.0530617423647457 3.0515698257352555 3.0500779091057653 -9999.0 -9999.0 -9999.0 -9999.0 -9999.0 -9999.0 -9999.0 -9999.0 -9999.0 -9999.0 -9999.0 -9999.0 -9999.0 -9999.0 -9999.0 -9999.0 3.0641734939321776 3.0650754013343455 3.065977308736514 3.0668792161386818 3.0677811235408496 3.0686830309430175 3.069584938345186 3.0704868457473538 3.0713887531495216 3.0722906605516895 3.073192567953858 3.0740944753560258 3.0749963827581954 3.0758982901603633
3.0709478951202307 3.0694798423582323 3.0680117895962336 3.066543736834233 3.065075684072234 3.063607631310236 3.0621395785482375 3.060671525786239 3.059203473024241 3.0577354202622424 3.0562673675002436 3.0547993147382453 3.053331261976247 3.0518632092142486 -9999.0 -9999.0 -9999.0 -9999.0 -9999.0 -9999.0 -9999.0 -9999.0 -9999.0 -9999.0 -9999.0 -9999.0 -9999.0 -9999.0 3.066930972320027 3.0680236966827645 3.0691164210455 3.070209145408236 3.0713018697709713 3.072394594133707 3.0734873184964426 3.074580042859178 3.075672767221914 3.0767654915846494 3.0778582159473853 3.0789509403101207 3.0800436646728566 3.081136389035592 3.0822291133983297 3.0833218377610656
3.0724229649513184 3.070978776056812 3.0695345871623054 3.0680903982677963 3.06664620937329 3.0652020204787833 3.063757831584277 3.0623136426897704 3.060869453795264 3.0594252649007574 3.0579810760062505 3.056536887111744 3.0550926982172375 -9999.0 -9999.0 -9999.0 -9999.0 -9999.0 -9999.0 -9999.0 -9999.0 -9999.0 -9999.0 -9999.0 -9999.0 -9999.0 -9999.0 -9999.0 3.0714922655122114 3.0727758068355167 3.07405934815882 3.075342889482123 3.0766264308054265 3.0779099721287295 3.079193513452033 3.080477054775336 3.0817605960986394 3.0830441374219424 3.084327678745246 3.085611220068549 3.0868947613918523 3.0881783027151553 3.089461844038461 3.090745385361764
3.0738980347824065 3.072477709755392 3.071057384728377 3.06963705970136 3.0682167346743454 3.066796409647331 3.065376084620316 3.0639557595933016 3.062535434566287 3.061115109539272 3.0596947845122573 3.0582744594852427 -9999.0 -9999.0 -9999.0 -9999.0 -9999.0 -9999.0 -9999.0 -9999.0 -9999.0 -9999.0 -9999.0 -9999.0 -9999.0 -9999.0 -9999.0 -9999.0 3.076053558704396 3.0775279169882697 3.07900227527214 3.080476633556011 3.0819509918398817 3.0834253501237527 3.0848997084076233 3.0863740666914943 3.087848424975365 3.089322783259236 3.090797141543107 3.0922714998269774 3.0937458581108483 3.095220216394719 3.0966945746785925 3.098168932962463
3.0753731046134947 3.073976643453972 3.072580182294449 3.0711837211349238 3.069787259975401 3.0683907988158783 3.0669943376563555 3.065597876496833 -9999.0 -9999.0 -9999.0 -9999.0 -9999.0 -9999.0 -9999.0 -9999.0 -9999.0 -9999.0 -9999.0 -9999.0 -9999.0 -9999.0 -9999.0 -9999.0 -9999.0 -9999.0 -9999.0 -9999.0 -9999.0 3.0822800271410222 3.0839452023854608 3.085610377629899 3.0872755528743374 3.088940728118776 3.090605903363214 3.0922710786076526 3.0939362538520907 3.0956014290965292 3.097266604340968 3.098931779585406 3.1005969548298444 3.1022621300742825 3.1039273053187237 3.1055924805631623
3.0768481744445833 3.0754755771525524 3.0741029798605215 3.0727303825684884 3.0713577852764575 3.0699851879844267 3.068612590692396 3.067239993400365 -9999.0 -9999.0 -9999.0 -9999.0 -9999.0 -9999.0 -9999.0 -9999.0 -9999.0 -9999.0 -9999.0 -9999.0 -9999.0 -9999.0 -9999.0 -9999.0 -9999.0 -9999.0 -9999.0 -9999.0 -9999.0 3.087032137293777 3.088888129498783 3.090744121703789 3.0926001139087953 3.094456106113801 3.096312098318807 3.098168090523813 3.1000240827288192 3.1018800749338253 3.103736067138831 3.105592059343837 3.107448051548843 3.1093040437538493 3.1111600359588585 3.1130160281638646
3.0783232442756714 3.0769745108511324 3.0756257774265934 3.074277044002052 -9999.0 3.071579577152974 -9999.0 -9999.0 -9999.0 -9999.0 -9999.0 -9999.0 -9999.0 -9999.0 -9999.0 -9999.0 -9999.0 -9999.0 -9999.0 -9999.0 -9999.0 -9999.0 -9999.0 -9999.0 -9999.0 -9999.0 -9999.0 -9999.0 -9999.0 -9999.0 -9999.0 3.095877865777677 3.0979246749432505 3.099971484108824 3.102018293274398 3.1040651024399715 3.1061119116055447 3.1081587207711183 3.110205529936692 3.1122523391022656 3.1142991482678393 3.116345957433413 3.1183927665989897 3.1204395757645633
3.079798314106759 3.078473444549712 3.077148574992665 3.0758237054356155 -9999.0 -9999.0 -9999.0 -9999.0 -9999.0 -9999.0 -9999.0 -9999.0 -9999.0 -9999.0 -9999.0 -9999.0 -9999.0 -9999.0 -9999.0 -9999.0 -9999.0 -9999.0 -9999.0 -9999.0 -9999.0 -9999.0 -9999.0 -9999.0 -9999.0 -9999.0 -9999.0 3.1010116098515645 3.1032492359777057 3.105486862103847 3.107724488229988 3.1099621143561293 3.1121997404822705 3.1144373666084118 3.116674992734553 3.118912618860694 3.1211502449868354 3.1233878711129766 3.1256254972391213 3.1278631233652625
