Figures/CREST_Example_wjb_NSE/PETs/wjb.pet.20090220.asc
ncols            288
nrows            254
xllcorner        113.274861
yllcorner        31.4918055
cellsize         0.008333333333
NODATA_value     -9999
[rows 160 to 179 of 254, columns 132 to 175 of 288]
1.3986435281090617 1.3975386180373237 1.396433707965586 1.395328797893848 1.39422388782211 1.393118977750372 1.3920140676786343 1.3909091576068964 1.3898042475351584 1.3886993374634204 1.3875944273916825 1.3864895173199427 1.3853846072482048 1.384279697176467 1.383174787104729 1.3820698770329911 1.3809649669612531 1.3798600568895154 1.3787551468177774 1.3776502367460395 1.3765453266743015 1.3754404166025638 1.3743355065308258 1.3732305964590878 1.372125686387348 1.3710207763156101 1.3699158662438722 1.3688109561721342 1.3677060461003965 1.3666011360286585 1.3656015539781923 1.36471456996514 1.3638275859520879 1.3629406019390355 1.3620536179259835 1.3611666339129311 1.360279649899879 1.3593926658868252 1.358505681873773 1.3576186978607208 1.3567317138476687 1.3558447298346163 1.3549577458215643 1.354070761808512
1.3988341640123776 1.3977127710486952 1.3965913780850125 1.3954699851213301 1.3943485921576477 1.3932271991939653 1.3921058062302827 1.3909844132666003 1.3898630203029179 1.3887416273392355 1.3876202343755528 1.3864988414118686 1.385377448448186 1.3842560554845036 1.3831346625208212 1.3820132695571385 1.3808918765934561 1.3797704836297737 1.3786490906660913 1.3775276977024087 1.3764063047387263 1.3752849117750439 1.3741635188113615 1.3730421258476788 1.3719207328839946 1.370799339920312 1.3696779469566296 1.3685565539929472 1.3674351610292648 1.3663137680655821 1.3652981093890681 1.364395483057402 1.3634928567257363 1.3625902303940702 1.3616876040624042 1.3607849777307381 1.359882351399072 1.3589797250674045 1.3580770987357385 1.3571744724040726 1.3562718460724066 1.3553692197407405 1.3544665934090745 1.3535639670774084
1.3990247999156935 1.3978869240600664 1.3967490482044393 1.3956111723488125 1.3944732964931854 1.3933354206375583 1.3921975447819315 1.3910596689263044 1.3899217930706773 1.3887839172150502 1.3876460413594234 1.3865081655037943 1.3853702896481672 1.3842324137925404 1.3830945379369133 1.3819566620812862 1.3808187862256593 1.3796809103700323 1.3785430345144052 1.3774051586587783 1.3762672828031512 1.3751294069475242 1.373991531091897 1.3728536552362702 1.3717157793806412 1.3705779035250143 1.3694400276693872 1.3683021518137601 1.367164275958133 1.3660264001025062 1.3649946647999442 1.3640763961496645 1.3631581274993847 1.362239858849105 1.3613215901988251 1.3604033215485452 1.3594850528982654 1.358566784247984 1.3576485155977043 1.3567302469474243 1.3558119782971445 1.3548937096468647 1.353975440996585 1.353057172346305
1.3992154358190096 1.398061077071438 1.3969067183238664 1.3957523595762948 1.394598000828723 1.3934436420811516 1.39228928333358 1.3911349245860085 1.3899805658384368 1.3888262070908652 1.3876718483432937 1.3865174895957202 1.3853631308481487 1.384208772100577 1.3830544133530054 1.3819000546054339 1.380745695857862 1.3795913371102906 1.378436978362719 1.3772826196151475 1.3761282608675758 1.3749739021200043 1.3738195433724327 1.3726651846248612 1.3715108258772875 1.370356467129716 1.3692021083821444 1.3680477496345729 1.3668933908870011 1.3657390321394296 1.3646912202108201 1.3637573092419264 1.3628233982730327 1.3618894873041392 1.3609555763352454 1.3600216653663517 1.3590877543974582 1.358153843428563 1.3572199324596692 1.3562860214907757 1.355352110521882 1.3544181995529883 1.3534842885840948 1.352550377615201
1.3994060717223253 1.3982352300828094 1.3970643884432932 1.395893546803777 1.3947227051642608 1.3935518635247448 1.3923810218852286 1.3912101802457124 1.3900393386061962 1.3888684969666802 1.387697655327164 1.3865268136876459 1.3853559720481297 1.3841851304086137 1.3830142887690975 1.3818434471295813 1.380672605490065 1.3795017638505491 1.378330922211033 1.3771600805715167 1.3759892389320005 1.3748183972924846 1.3736475556529684 1.3724767140134522 1.371305872373934 1.370135030734418 1.3689641890949018 1.3677933474553856 1.3666225058158694 1.3654516641763534 1.364387775621696 1.3634382223341885 1.362488669046681 1.3615391157591736 1.3605895624716662 1.3596400091841587 1.3586904558966513 1.3577409026091423 1.3567913493216348 1.3558417960341274 1.35489224274662 1.3539426894591124 1.352993136171605 1.3520435828840975
1.3995967076256415 1.3984093830941808 1.3972220585627202 1.3960347340312593 1.3948474094997987 1.393660084968338 1.3924727604368774 1.3912854359054165 1.390098111373956 1.3889107868424952 1.3877234623110346 1.3865361377795717 1.385348813248111 1.3841614887166505 1.3829741641851898 1.381786839653729 1.3805995151222683 1.3794121905908077 1.378224866059347 1.3770375415278862 1.3758502169964255 1.3746628924649649 1.3734755679335042 1.3722882434020436 1.3711009188705807 1.36991359433912 1.3687262698076594 1.3675389452761986 1.366351620744738 1.3651642962132773 1.364084331032572 1.363119135426451 1.3621539398203295 1.3611887442142083 1.3602235486080871 1.3592583530019657 1.3582931573958446 1.3573279617897216 1.3563627661836004 1.3553975705774792 1.3544323749713578 1.3534671793652366 1.3525019837591152 1.351536788152994
1.3997873435289574 1.398583536105552 1.397379728682147 1.3961759212587417 1.3949721138353364 1.393768306411931 1.392564498988526 1.3913606915651207 1.3901568841417153 1.38895307671831 1.387749269294905 1.3865454618714976 1.3853416544480923 1.384137847024687 1.382934039601282 1.3817302321778766 1.3805264247544713 1.379322617331066 1.378118809907661 1.3769150024842556 1.3757111950608503 1.374507387637445 1.3733035802140399 1.3720997727906346 1.3708959653672272 1.369692157943822 1.3684883505204168 1.3672845430970115 1.3660807356736062 1.364876928250201 1.363780886443448 1.362800048518713 1.361819210593978 1.3608383726692428 1.3598575347445079 1.3588766968197727 1.3578958588950376 1.356915020970301 1.355934183045566 1.3549533451208309 1.3539725071960957 1.3529916692713608 1.3520108313466257 1.3510299934218906
1.3999779794322733 1.3987576891169236 1.3975373988015736 1.3963171084862238 1.395096818170874 1.3938765278555243 1.3926562375401743 1.3914359472248246 1.3902156569094748 1.388995366594125 1.3877750762787753 1.3865547859634233 1.3853344956480735 1.3841142053327238 1.3828939150173738 1.381673624702024 1.3804533343866743 1.3792330440713245 1.3780127537559745 1.3767924634406248 1.375572173125275 1.3743518828099253 1.3731315924945755 1.3719113021792255 1.3706910118638738 1.369470721548524 1.368250431233174 1.3670301409178243 1.3658098506024745 1.3645895602871247 1.363477441854324 1.3624809616109752 1.3614844813676263 1.3604880011242775 1.3594915208809286 1.3584950406375798 1.357498560394231 1.3565020801508803 1.3555055999075314 1.3545091196641825 1.3535126394208337 1.3525161591774848 1.351519678934136 1.350523198690787
1.4001686153355895 1.398931842128295 1.3976950689210006 1.3964582957137062 1.395221522506412 1.3939847492991175 1.392747976091823 1.391511202884529 1.3902744296772345 1.38903765646994 1.3878008832626458 1.3865641100553492 1.385327336848055 1.3840905636407606 1.3828537904334661 1.381617017226172 1.3803802440188775 1.379143470811583 1.3779066976042886 1.3766699243969944 1.3754331511897 1.3741963779824056 1.3729596047751114 1.371722831567817 1.3704860583605205 1.369249285153226 1.3680125119459317 1.3667757387386374 1.365538965531343 1.3643021923240486 1.3631739972652002 1.3621618747032374 1.3611497521412748 1.3601376295793122 1.3591255070173494 1.3581133844553868 1.3571012618934242 1.3560891393314596 1.355077016769497 1.3540648942075344 1.3530527716455716 1.352040649083609 1.3510285265216464 1.3500164039596836
1.4003592512389051 1.3991059951396663 1.3978527390404274 1.3965994829411885 1.3953462268419496 1.3940929707427105 1.3928397146434717 1.3915864585442328 1.390333202444994 1.389079946345755 1.387826690246516 1.386573434147275 1.385320178048036 1.384066921948797 1.3828136658495582 1.3815604097503194 1.3803071536510805 1.3790538975518416 1.3778006414526025 1.3765473853533636 1.3752941292541248 1.3740408731548859 1.372787617055647 1.371534360956408 1.370281104857167 1.369027848757928 1.367774592658689 1.3665213365594502 1.3652680804602113 1.3640148243609724 1.362870552676076 1.3618427877954995 1.3608150229149232 1.3597872580343466 1.35875949315377 1.3577317282731938 1.3567039633926172 1.355676198512039 1.3546484336314624 1.353620668750886 1.3525929038703095 1.351565138989733 1.3505373741091566 1.34950960922858
1.4005498871422213 1.3992801481510377 1.3980104091598544 1.3967406701686709 1.3954709311774873 1.3942011921863038 1.3929314531951205 1.391661714203937 1.3903919752127534 1.3891222362215698 1.3878524972303865 1.3865827582392007 1.3853130192480172 1.3840432802568339 1.3827735412656503 1.3815038022744668 1.3802340632832832 1.3789643242921 1.3776945853009164 1.3764248463097328 1.3751551073185493 1.373885368327366 1.3726156293361824 1.3713458903449989 1.3700761513538133 1.3688064123626298 1.3675366733714462 1.366266934380263 1.3649971953890794 1.3637274563978958 1.3625671080869517 1.3615237008877614 1.3604802936885712 1.3594368864893809 1.3583934792901906 1.3573500720910003 1.35630666489181 1.3552632576926178 1.3542198504934275 1.3531764432942373 1.352133036095047 1.3510896288958567 1.3500462216966664 1.3490028144974762
1.4007405230455372 1.3994543011624092 1.3981680792792812 1.396881857396153 1.395595635513025 1.394309413629897 1.393023191746769 1.391736969863641 1.3904507479805128 1.3891645260973848 1.3878783042142568 1.3865920823311266 1.3853058604479986 1.3840196385648706 1.3827334166817424 1.3814471947986144 1.3801609729154865 1.3788747510323585 1.3775885291492305 1.3763023072661023 1.3750160853829743 1.3737298634998463 1.3724436416167183 1.3711574197335903 1.3698711978504599 1.3685849759673319 1.3672987540842039 1.3660125322010759 1.3647263103179479 1.3634400884348197 1.362263663497828 1.3612046139800238 1.3601455644622198 1.3590865149444156 1.3580274654266116 1.3569684159088073 1.3559093663910033 1.3548503168731973 1.3537912673553933 1.3527322178375891 1.3516731683197851 1.350614118801981 1.349555069284177 1.3484960197663727
1.4009311589488531 1.3996284541737805 1.3983257493987078 1.3970230446236354 1.3957203398485627 1.39441763507349 1.3931149302984176 1.391812225523345 1.3905095207482723 1.3892068159731998 1.3879041111981272 1.3866014064230523 1.3852987016479799 1.3839959968729072 1.3826932920978345 1.3813905873227619 1.3800878825476894 1.3787851777726168 1.3774824729975441 1.3761797682224717 1.374877063447399 1.3735743586723264 1.372271653897254 1.3709689491221813 1.3696662443471064 1.368363539572034 1.3670608347969613 1.3657581300218886 1.364455425246816 1.3631527204717435 1.361960218908704 1.360885527072286 1.359810835235868 1.35873614339945 1.3576614515630323 1.3565867597266144 1.3555120678901964 1.3544373760537767 1.3533626842173587 1.3522879923809408 1.351213300544523 1.350138608708105 1.3490639168716871 1.3479892250352692
1.4011217948521693 1.399802607185152 1.3984834195181348 1.3971642318511177 1.3958450441841006 1.3945258565170835 1.3932066688500664 1.391887481183049 1.390568293516032 1.3892491058490148 1.3879299181819977 1.3866107305149784 1.385291542847961 1.383972355180944 1.3826531675139269 1.3813339798469098 1.3800147921798926 1.3786956045128753 1.3773764168458582 1.376057229178841 1.374738041511824 1.3734188538448069 1.3720996661777898 1.3707804785107724 1.3694612908437531 1.368142103176736 1.366822915509719 1.3655037278427018 1.3641845401756845 1.3628653525086674 1.36165677431958 1.3605664401645483 1.3594761060095166 1.3583857718544847 1.357295437699453 1.3562051035444214 1.3551147693893897 1.354024435234356 1.3529341010793243 1.3518437669242926 1.350753432769261 1.3496630986142293 1.3485727644591976 1.3474824303041657
1.401312430755485 1.3999767601965234 1.3986410896375616 1.3973054190785998 1.3959697485196383 1.3946340779606765 1.3932984074017147 1.3919627368427532 1.3906270662837914 1.3892913957248296 1.387955725165868 1.386620054606904 1.3852843840479423 1.3839487134889807 1.382613042930019 1.3812773723710572 1.3799417018120956 1.3786060312531339 1.377270360694172 1.3759346901352105 1.3745990195762487 1.373263349017287 1.3719276784583254 1.3705920078993636 1.3692563373403996 1.3679206667814379 1.3665849962224763 1.3652493256635145 1.3639136551045528 1.3625779845455912 1.3613533297304559 1.3602473532568105 1.3591413767831648 1.3580354003095194 1.3569294238358738 1.3558234473622284 1.3547174708885827 1.3536114944149353 1.35250551794129 1.3513995414676443 1.3502935649939989 1.3491875885203533 1.3480816120467078 1.3469756355730622
1.4015030666588009 1.4001509132078946 1.3987987597569884 1.3974466063060822 1.396094452855176 1.3947422994042695 1.3933901459533633 1.392037992502457 1.3906858390515509 1.3893336856006446 1.3879815321497384 1.3866293786988297 1.3852772252479235 1.3839250717970173 1.382572918346111 1.3812207648952048 1.3798686114442984 1.3785164579933922 1.377164304542486 1.3758121510915797 1.3744599976406735 1.3731078441897673 1.371755690738861 1.3704035372879546 1.3690513838370462 1.36769923038614 1.3663470769352335 1.3649949234843273 1.363642770033421 1.3622906165825148 1.3610498851413317 1.3599282663490726 1.3588066475568132 1.3576850287645539 1.3565634099722945 1.3554417911800352 1.3543201723877758 1.3531985535955147 1.3520769348032553 1.350955316010996 1.3498336972187366 1.3487120784264772 1.347590459634218 1.3464688408419587
1.401693702562117 1.4003250662192661 1.3989564298764154 1.3975877935335645 1.3962191571907137 1.394850520847863 1.393481884505012 1.3921132481621612 1.3907446118193105 1.3893759754764596 1.3880073391336087 1.3866387027907556 1.3852700664479047 1.383901430105054 1.3825327937622032 1.3811641574193523 1.3797955210765016 1.3784268847336507 1.3770582483907998 1.3756896120479492 1.3743209757050983 1.3729523393622474 1.3715837030193967 1.3702150666765458 1.3688464303336927 1.3674777939908418 1.366109157647991 1.3647405213051402 1.3633718849622893 1.3620032486194384 1.3607464405522078 1.3596091794413345 1.3584719183304614 1.3573346572195883 1.3561973961087153 1.355060134997842 1.3539228738869689 1.3527856127760938 1.3516483516652207 1.3505110905543476 1.3493738294434743 1.3482365683326012 1.347099307221728 1.345962046110855
1.401884338465433 1.4004992192306376 1.399114099995842 1.3977289807610467 1.3963438615262513 1.394958742291456 1.3935736230566607 1.3921885038218653 1.39080338458707 1.3894182653522744 1.388033146117479 1.3866480268826813 1.385262907647886 1.3838777884130906 1.3824926691782953 1.3811075499435 1.3797224307087046 1.378337311473909 1.3769521922391137 1.3755670730043184 1.374181953769523 1.3727968345347277 1.3714117152999323 1.370026596065137 1.3686414768303392 1.3672563575955439 1.3658712383607483 1.364486119125953 1.3631009998911576 1.3617158806563623 1.3604429959630837 1.3592900925335967 1.3581371891041099 1.3569842856746228 1.3558313822451358 1.354678478815649 1.353525575386162 1.352372671956673 1.351219768527186 1.3500668650976992 1.3489139616682122 1.3477610582387252 1.3466081548092383 1.3454552513797513
1.402589942175631 1.4012032101545047 1.3998164781333784 1.3984297461122523 1.397043014091126 1.39565628207 1.3942695500488738 1.3928828180277477 1.3914960860066214 1.3901093539854954 1.3887226219643691 1.3873358899432406 1.3859491579221144 1.3845624259009883 1.383175693879862 1.381788961858736 1.3804022298376097 1.3790154978164837 1.3776287657953574 1.3762420337742314 1.374855301753105 1.373468569731979 1.3720818377108528 1.3706951056897267 1.369308373668598 1.367921641647472 1.3665349096263457 1.3651481776052197 1.3637614455840934 1.3623747135629674 1.3611011767402412 1.3599486481452467 1.358796119550252 1.3576435909552576 1.356491062360263 1.3553385337652684 1.3541860051702739 1.3530334765752772 1.3518809479802827 1.3507284193852882 1.3495758907902935 1.348423362195299 1.3472708336003043 1.3461183050053098
1.4038460140115068 1.402473564409646 1.4011011148077854 1.3997286652059249 1.398356215604064 1.3969837660022035 1.3956113164003427 1.3942388667984822 1.3928664171966214 1.3914939675947608 1.3901215179929 1.388749068391037 1.3873766187891765 1.386004169187316 1.3846317195854552 1.3832592699835946 1.3818868203817338 1.3805143707798733 1.3791419211780125 1.377769471576152 1.3763970219742911 1.3750245723724306 1.37365212277057 1.3722796731687092 1.3709072235668462 1.3695347739649857 1.368162324363125 1.3667898747612643 1.3654174251594036 1.364044975557543 1.3627872744199856 1.3616522419865476 1.3605172095531093 1.359382177119671 1.3582471446862328 1.3571121122527947 1.3559770798193564 1.3548420473859162 1.3537070149524781 1.3525719825190399 1.3514369500856016 1.3503019176521633 1.349166885218725 1.348031852785287
