Figures/CREST_Example_wjb_NSE/PETs/wjb.pet.20090513.asc
ncols            288
nrows            254
xllcorner        113.274861
yllcorner        31.4918055
cellsize         0.008333333333
NODATA_value     -9999
[rows 220 to 239 of 254, columns 132 to 175 of 288]
1.8971700646515182 1.8976083619665034 1.8980466592814889 1.8984849565964743 1.8989232539114596 1.899361551226445 1.8997998485414302 1.9002381458564157 1.9006764431714012 1.9011147404863864 1.9015530378013719 1.901991335116358 1.9024296324313432 1.9028679297463287 1.903306227061314 1.9037445243762994 1.9041828216912848 1.90462111900627 1.9050594163212555 1.9054977136362408 1.9059360109512262 1.9063743082662115 1.906812605581197 1.9072509028961824 1.9076892002111685 1.9081274975261537 1.9085657948411392 1.9090040921561244 1.90944238947111 1.9098806867860953 1.9082363016291073 1.9043654817962432 1.9004946619633791 1.896623842130515 1.8927530222976512 1.888882202464787 1.885011382631923 1.8811405627990525 1.8772697429661884 1.8733989231333243 1.8695281033004605 1.8656572834675964 1.8617864636347323 1.8579156438018682
1.908675424798398 1.909214220182339 1.9097530155662799 1.910291810950221 1.9108306063341618 1.9113694017181029 1.9119081971020437 1.9124469924859848 1.912985787869926 1.9135245832538668 1.9140633786378078 1.9146021740217498 1.9151409694056907 1.9156797647896318 1.9162185601735726 1.9167573555575137 1.9172961509414546 1.9178349463253956 1.9183737417093367 1.9189125370932776 1.9194513324772187 1.9199901278611595 1.9205289232451006 1.9210677186290417 1.9216065140129834 1.9221453093969245 1.9226841047808654 1.9232229001648065 1.9237616955487475 1.9243004909326884 1.9226571525373943 1.9186810637690268 1.914704975000659 1.9107288862322915 1.906752797463924 1.9027767086955563 1.8988006199271887 1.8948245311588143 1.8908484423904468 1.8868723536220793 1.8828962648537115 1.878920176085344 1.8749440873169765 1.8709679985486087
1.9201807849452779 1.9208200783981746 1.921459371851071 1.9220986653039678 1.9227379587568643 1.923377252209761 1.9240165456626575 1.9246558391155542 1.9252951325684506 1.9259344260213473 1.926573719474244 1.9272130129271416 1.9278523063800383 1.9284915998329348 1.9291308932858315 1.929770186738728 1.9304094801916247 1.9310487736445212 1.931688067097418 1.9323273605503144 1.932966654003211 1.9336059474561078 1.9342452409090043 1.934884534361901 1.9355238278147986 1.9361631212676953 1.9368024147205918 1.9374417081734885 1.938081001626385 1.9387202950792817 1.9370780034456814 1.9329966457418102 1.928915288037939 1.9248339303340678 1.9207525726301966 1.9166712149263254 1.9125898572224544 1.9085084995185762 1.904427141814705 1.9003457841108338 1.8962644264069626 1.8921830687030916 1.8881017109992204 1.8840203532953492
1.9316861450921627 1.932425936614015 1.9331657281358674 1.9339055196577195 1.9346453111795718 1.9353851027014242 1.9361248942232763 1.9368646857451286 1.937604477266981 1.9383442687888333 1.9390840603106854 1.939823851832539 1.9405636433543914 1.9413034348762435 1.9420432263980958 1.9427830179199481 1.9435228094418002 1.9442626009636526 1.9450023924855049 1.9457421840073572 1.9464819755292093 1.9472217670510616 1.947961558572914 1.9487013500947663 1.9494411416166197 1.950180933138472 1.9509207246603242 1.9516605161821765 1.9524003077040288 1.9531400992258812 1.9514988543539746 1.9473122277145998 1.9431256010752251 1.9389389744358503 1.9347523477964754 1.9305657211571006 1.926379094517726 1.922192467878344 1.9180058412389691 1.9138192145995943 1.9096325879602196 1.9054459613208448 1.90125933468147 1.8970727080420953
1.9431915052390427 1.9440317948298507 1.9448720844206586 1.9457123740114664 1.9465526636022743 1.9473929531930823 1.94823324278389 1.949073532374698 1.949913821965506 1.9507541115563136 1.9515944011471216 1.9524346907379309 1.9532749803287388 1.9541152699195468 1.9549555595103545 1.9557958491011624 1.9566361386919704 1.9574764282827781 1.958316717873586 1.959157007464394 1.959997297055202 1.9608375866460097 1.9616778762368177 1.9625181658276256 1.963358455418435 1.9641987450092426 1.9650390346000506 1.9658793241908585 1.9667196137816665 1.9675599033724742 1.9659197052622617 1.9616278096873834 1.957335914112505 1.9530440185376265 1.9487521229627482 1.94446022738787 1.9401683318129914 1.9358764362381058 1.9315845406632275 1.9272926450883492 1.9230007495134707 1.9187088539385924 1.914416958363714 1.9101250627888355
1.9546968653859227 1.9556376530456863 1.9565784407054498 1.9575192283652132 1.9584600160249768 1.9594008036847403 1.9603415913445037 1.9612823790042673 1.9622231666640308 1.9631639543237942 1.9641047419835578 1.965045529643323 1.9659863173030863 1.9669271049628498 1.9678678926226134 1.9688086802823768 1.9697494679421403 1.970690255601904 1.9716310432616673 1.9725718309214308 1.9735126185811944 1.9744534062409578 1.9753941939007214 1.976334981560485 1.97727576922025 1.9782165568800134 1.979157344539777 1.9800981321995406 1.981038919859304 1.9819797075190675 1.9803405561705487 1.975943391660167 1.971546227149785 1.967149062639403 1.962751898129021 1.958354733618639 1.9539575691082571 1.9495604045978676 1.9451632400874856 1.9407660755771037 1.936368911066722 1.93197174655634 1.927574582045958 1.923177417535576
1.9662022255328075 1.9672435112615267 1.968284796990246 1.9693260827189651 1.9703673684476843 1.9714086541764035 1.9724499399051225 1.9734912256338417 1.974532511362561 1.9755737970912801 1.9766150828199993 1.9776563685487203 1.9786976542774393 1.9797389400061585 1.9807802257348777 1.9818215114635969 1.982862797192316 1.9839040829210353 1.9849453686497542 1.9859866543784734 1.9870279401071926 1.9880692258359118 1.989110511564631 1.9901517972933502 1.991193083022071 1.9922343687507902 1.9932756544795094 1.9943169402082286 1.9953582259369478 1.996399511665667 1.9947614070788422 1.9902589736329566 1.985756540187071 1.9812541067411853 1.9767516732952999 1.9722492398494142 1.9677468064035286 1.9632443729576354 1.9587419395117498 1.9542395060658642 1.9497370726199788 1.9452346391740931 1.9407322057282075 1.936229772282322
1.9777075856796875 1.9788493694773623 1.9799911532750372 1.981132937072712 1.9822747208703866 1.9834165046680614 1.9845582884657362 1.985700072263411 1.9868418560610859 1.9879836398587605 1.9891254236564353 1.9902672074541121 1.9914089912517867 1.9925507750494615 1.9936925588471364 1.9948343426448112 1.995976126442486 1.9971179102401606 1.9982596940378354 1.9994014778355103 2.000543261633185 2.0016850454308597 2.0028268292285345 2.0039686130262093 2.005110396823886 2.0062521806215607 2.0073939644192356 2.0085357482169104 2.009677532014585 2.01081931581226 2.009182257987129 2.00457455560574 1.9999668532243506 1.9953591508429616 1.9907514484615725 1.9861437460801832 1.981536043698794 1.9769283413173973 1.972320638936008 1.9677129365546189 1.9631052341732298 1.9584975317918407 1.9538898294104514 1.9492821270290623
1.9892129458265673 1.9904552276931977 1.9916975095598282 1.9929397914264586 1.994182073293089 1.9954243551597195 1.9966666370263497 1.9979089188929802 1.9991512007596106 2.000393482626241 2.0016357644928715 2.0028780463595037 2.004120328226134 2.0053626100927646 2.006604891959395 2.0078471738260255 2.009089455692656 2.0103317375592864 2.011574019425917 2.0128163012925473 2.0140585831591777 2.015300865025808 2.016543146892438 2.0177854287590686 2.0190277106257013 2.0202699924923317 2.021512274358962 2.0227545562255926 2.023996838092223 2.0252391199588535 2.0236031088954163 2.0188901375785235 2.014177166261631 2.009464194944738 2.0047512236278453 2.0000382523109526 1.99532528099406 1.9906123096771593 1.9858993383602666 1.9811863670433738 1.976473395726481 1.9717604244095883 1.9670474530926956 1.9623344817758028
2.0007183059734475 2.0020610859090335 2.0034038658446196 2.0047466457802057 2.0060894257157917 2.007432205651378 2.0087749855869634 2.0101177655225495 2.0114605454581356 2.0128033253937216 2.0141461053293077 2.015488885264896 2.016831665200482 2.018174445136068 2.0195172250716538 2.02086000500724 2.022202784942826 2.023545564878412 2.024888344813998 2.026231124749584 2.02757390468517 2.028916684620756 2.030259464556342 2.031602244491928 2.0329450244275162 2.0342878043631023 2.0356305842986884 2.0369733642342744 2.0383161441698605 2.039658924105446 2.038023959803703 2.0332057195513067 2.0283874792989107 2.0235692390465143 2.018750998794118 2.0139327585417215 2.0091145182893255 2.0042962780369207 1.9994780377845247 1.9946597975321283 1.989841557279732 1.9850233170273357 1.9802050767749395 1.975386836522543
2.0122236661203323 2.013666944124874 2.0151102221294157 2.0165535001339574 2.017996778138499 2.019440056143041 2.0208833341475825 2.022326612152124 2.023769890156666 2.0252131681612076 2.0266564461657492 2.028099724170293 2.029543002174835 2.0309862801793765 2.0324295581839182 2.03387283618846 2.0353161141930016 2.0367593921975433 2.038202670202085 2.0396459482066267 2.0410892262111684 2.04253250421571 2.043975782220252 2.0454190602247935 2.0468623382293374 2.048305616233879 2.0497488942384208 2.0511921722429625 2.052635450247504 2.054078728252046 2.0524448107119966 2.0475213015240965 2.042597792336197 2.037674283148297 2.032750773960397 2.027827264772497 2.022903755584597 2.017980246396689 2.013056737208789 2.008133228020889 2.003209718832989 1.998286209645089 1.9933627004571892 1.9884391912692894
2.023729026267212 2.025272802340709 2.0268165784142065 2.028360354487704 2.029904130561201 2.0314479066346984 2.0329916827081957 2.034535458781693 2.0360792348551904 2.0376230109286877 2.039166787002185 2.040710563075685 2.0422543391491823 2.0437981152226796 2.045341891296177 2.0468856673696743 2.0484294434431716 2.049973219516669 2.051516995590166 2.0530607716636635 2.0546045477371604 2.0561483238106577 2.057692099884155 2.0592358759576523 2.0607796520311523 2.0623234281046496 2.063867204178147 2.0654109802516443 2.0669547563251416 2.068498532398639 2.0668656616202834 2.06183688349688 2.0568081053734764 2.051779327250073 2.0467505491266698 2.041721771003266 2.0366929928798627 2.0316642147564505 2.0266354366330472 2.0216066585096435 2.01657788038624 2.0115491022628365 2.006520324139433 2.00149154601603
2.0352343864140923 2.036878660556545 2.038522934698998 2.040167208841451 2.041811482983904 2.043455757126357 2.04510003126881 2.0467443054112624 2.0483885795537153 2.0500328536961683 2.051677127838621 2.0533214019810773 2.05496567612353 2.0566099502659827 2.0582542244084356 2.0598984985508886 2.0615427726933415 2.0631870468357945 2.0648313209782474 2.0664755951207003 2.0681198692631533 2.069764143405606 2.071408417548059 2.073052691690512 2.0746969658329677 2.0763412399754206 2.0779855141178736 2.0796297882603265 2.0812740624027795 2.0829183365452324 2.0812865125285707 2.0761524654696637 2.0710184184107567 2.0658843713518498 2.0607503242929424 2.0556162772340354 2.0504822301751284 2.0453481831162126 2.0402141360573056 2.035080088998398 2.0299460419394912 2.0248119948805843 2.0196779478216773 2.0145439007627703
2.0467397465609767 2.0484845187723852 2.0502292909837943 2.051974063195203 2.0537188354066114 2.05546360761802 2.0572083798294285 2.058953152040837 2.0606979242522456 2.062442696463654 2.0641874686750628 2.065932240886474 2.067677013097883 2.0694217853092916 2.0711665575207 2.0729113297321087 2.0746561019435172 2.076400874154926 2.0781456463663344 2.079890418577743 2.0816351907891515 2.08337996300056 2.0851247352119686 2.086869507423377 2.088614279634789 2.0903590518461974 2.092103824057606 2.0938485962690145 2.095593368480423 2.0973381406918317 2.0957073634368637 2.090468047442453 2.0852287314480424 2.079989415453632 2.074750099459221 2.0695107834648105 2.0642714674704 2.05903215147598 2.0537928354815693 2.0485535194871587 2.043314203492748 2.0380748874983374 2.032835571503927 2.027596255509516
2.058245106707857 2.0600903769882213 2.0619356472685855 2.0637809175489497 2.065626187829314 2.067471458109678 2.069316728390042 2.0711619986704064 2.0730072689507706 2.0748525392311348 2.076697809511499 2.0785430797918663 2.0803883500722304 2.0822336203525946 2.084078890632959 2.085924160913323 2.087769431193687 2.0896147014740514 2.0914599717544156 2.0933052420347797 2.095150512315144 2.096995782595508 2.0988410528758723 2.1006863231562365 2.102531593436604 2.1043768637169684 2.1062221339973326 2.108067404277697 2.109912674558061 2.111757944838425 2.110128214345151 2.1047836294152367 2.099439044485323 2.0940944595554085 2.088749874625494 2.08340528969558 2.0780607047656656 2.072716119835742 2.0673715349058277 2.062026949975914 2.0566823650459995 2.0513377801160853 2.045993195186171 2.0406486102562567
2.069750466854737 2.071696235204057 2.0736420035533767 2.0755877719026965 2.0775335402520163 2.079479308601336 2.081425076950656 2.0833708452999757 2.0853166136492955 2.087262381998615 2.089208150347935 2.091153918697258 2.093099687046578 2.0950454553958977 2.0969912237452175 2.0989369920945373 2.100882760443857 2.102828528793177 2.1047742971424968 2.1067200654918166 2.1086658338411364 2.110611602190456 2.112557370539776 2.114503138889096 2.1164489072384187 2.1183946755877385 2.1203404439370583 2.122286212286378 2.124231980635698 2.1261777489850178 2.124549065253438 2.1190992113880203 2.1136493575226023 2.1081995036571843 2.102749649791767 2.097299795926349 2.091849942060931 2.086400088195504 2.080950234330086 2.075500380464668 2.07005052659925 2.0646006727338326 2.0591508188684147 2.0537009650029967
2.081255827001622 2.0833020934198974 2.085348359838173 2.0873946262564482 2.0894408926747237 2.091487159092999 2.0935334255112745 2.09557969192955 2.0976259583478254 2.0996722247661013 2.1017184911843767 2.1037647576026552 2.105811024020931 2.1078572904392066 2.109903556857482 2.1119498232757574 2.113996089694033 2.1160423561123083 2.1180886225305837 2.120134888948859 2.1221811553671346 2.12422742178541 2.1262736882036855 2.128319954621961 2.13036622104024 2.1324124874585153 2.1344587538767907 2.136505020295066 2.1385512867133416 2.140597553131617 2.1389699161617313 2.1334147933608096 2.127859670559888 2.122304547758967 -9999.0 -9999.0 -9999.0 -9999.0 -9999.0 2.0889738109534286 2.083418688152507 2.077863565351586 2.072308442550664 2.066753319749743
2.092761187148502 2.094907951635733 2.097054716122964 2.099201480610195 2.101348245097426 2.103495009584657 2.1056417740718882 2.1077885385591193 2.1099353030463504 2.1120820675335814 2.1142288320208125 2.1163755965080475 2.1185223609952786 2.1206691254825096 2.1228158899697407 2.1249626544569717 2.127109418944203 2.129256183431434 2.131402947918665 2.133549712405896 2.135696476893127 2.137843241380358 2.139990005867589 2.14213677035482 2.1442835348420552 2.1464302993292863 2.1485770638165174 2.1507238283037484 2.1528705927909795 2.1550173572782105 2.1533907670700185 2.1477303753335932 2.1420699835971684 -9999.0 -9999.0 -9999.0 -9999.0 -9999.0 -9999.0 2.1024472414421833 2.0967868497057585 2.091126457969333 2.0854660662329083 2.0798056744964835
2.0927023405077847 2.0949126425912348 2.0971229446746844 2.099333246758134 2.101543548841584 2.1037538509250338 2.1059641530084834 2.108174455091933 2.110384757175383 2.1125950592588327 2.1148053613422824 2.117015663425736 2.1192259655091856 2.1214362675926357 2.1236465696760853 2.125856871759535 2.128067173842985 2.1302774759264347 2.1324877780098843 2.134698080093334 2.136908382176784 2.1391186842602337 2.1413289863436833 2.1435392884271334 2.1457495905105866 2.1479598925940366 2.1501701946774863 2.152380496760936 2.154590798844386 2.1568011009278356 2.15527132103883 2.149743308915123 -9999.0 -9999.0 -9999.0 -9999.0 -9999.0 -9999.0 -9999.0 -9999.0 2.09999119980175 2.0944631876780426 2.0889351755543357 -9999.0
2.080282085616992 2.0825164168806483 2.0847507481443044 2.0869850794079605 2.0892194106716167 2.091453741935273 2.0936880731989294 2.0959224044625855 2.0981567357262416 2.1003910669898977 2.102625398253554 2.104859729517214 2.10709406078087 2.1093283920445263 2.1115627233081824 2.1137970545718385 2.1160313858354947 2.118265717099151 2.120500048362807 2.122734379626463 2.124968710890119 2.1272030421537753 2.129437373417432 2.131671704681088 2.1339060359447477 2.136140367208404 2.13837469847206 2.1406090297357165 2.1428433609993727 2.145077692263029 2.1437470879009064 -9999.0 -9999.0 -9999.0 -9999.0 -9999.0 -9999.0 -9999.0 -9999.0 -9999.0 -9999.0 -9999.0 -9999.0 -9999.0
