Figures/CREST_Example_wjb_NSE/PETs/wjb.pet.20091108.asc
ncols            288
nrows            254
xllcorner        113.274861
yllcorner        31.4918055
cellsize         0.008333333333
NODATA_value     -9999
[rows 200 to 219 of 254, columns 44 to 87 of 288]
-9999.0 -9999.0 -9999.0 -9999.0 -9999.0 -9999.0 -9999.0 -9999.0 -9999.0 -9999.0 2.4228800723042094 2.4296537524787705 2.4364274326533315 2.4432011128278925 2.4499747930024536 2.4567484731770146 2.4635221533515756 2.4702958335261367 2.4770695137006977 2.4838431938752588 2.49061687404982 2.4973905542243924 2.5041642343989534 2.5109379145735145 2.5177115947480755 2.524485274922636 2.531258955097197 2.538032635271758 2.5356936869445015 2.5236131327481917 2.5115325785518823 2.4994520243555725 2.487371470159263 2.4752909159629533 2.463210361766623 2.451129807570313 2.439049253374004 2.426968699177694 2.4148881449813846 2.4028075907850748 2.390727036588765 2.3786464823924556 2.3665659281961458 2.3544853739998364
-9999.0 -9999.0 -9999.0 -9999.0 -9999.0 -9999.0 -9999.0 -9999.0 -9999.0 2.4275198224347916 2.435121923618014 2.4427240248012367 2.4503261259844593 2.457928227167682 2.4655303283509045 2.473132429534127 2.4807345307173496 2.488336631900572 2.4959387330837948 2.5035408342670173 2.51114293545024 2.5187450366334754 2.526347137816698 2.5339492389999205 2.541551340183143 2.5491534413663652 2.556755542549588 2.5643576437328104 2.562336805067417 2.5500288261671153 2.537720847266814 2.5254128683665122 2.5131048894662107 2.500796910565909 2.4884889316655867 2.476180952765285 2.4638729738649836 2.451564994964682 2.4392570160643805 2.4269490371640785 2.414641058263777 2.4023330793634754 2.390025100463174 2.3777171215628723
-9999.0 -9999.0 -9999.0 -9999.0 -9999.0 -9999.0 -9999.0 -9999.0 2.4305027305480507 2.4389332527399348 2.447363774931819 2.455794297123703 2.464224819315587 2.4726553415074712 2.4810858636993554 2.4895163858912395 2.4979469080831236 2.5063774302750073 2.5148079524668914 2.5232384746587755 2.5316689968506596 2.5400995190425584 2.5485300412344425 2.5569605634263266 2.5653910856182107 2.5738216078100944 2.5822521300019785 2.5906826521938626 2.5889799231903328 2.576444519586039 2.5639091159817458 2.551373712377452 2.5388383087731587 2.526302905168865 2.5137675015645504 2.5012320979602567 2.4886966943559634 2.4761612907516697 2.4636258871473764 2.4510904835430827 2.4385550799387894 2.4260196763344957 2.4134842727302024 2.400948869125909
-9999.0 -9999.0 -9999.0 -9999.0 -9999.0 -9999.0 -9999.0 -9999.0 -9999.0 2.450346683045078 2.4596056262456236 2.4688645694461693 2.478123512646715 2.4873824558472606 2.4966413990478062 2.505900342248352 2.5151592854488976 2.524418228649443 2.533677171849989 2.5429361150505345 2.55219505825108 2.5614540014516414 2.570712944652187 2.5799718878527327 2.5892308310532783 2.598489774253824 2.6077487174543696 2.6170076606549153 2.6156230413132486 2.602860213004963 2.5900973846966777 2.5773345563883923 2.564571728080107 2.5518088997718213 2.539046071463514 2.5262832431552287 2.513520414846943 2.5007575865386578 2.4879947582303723 2.4752319299220873 2.462469101613802 2.4497062733055164 2.436943444997231 2.4241806166889455
-9999.0 -9999.0 -9999.0 -9999.0 -9999.0 -9999.0 -9999.0 -9999.0 -9999.0 -9999.0 2.4718474775594337 2.4819348417686413 2.4920222059778485 2.502109570187056 2.512196934396264 2.5222842986054714 2.532371662814679 2.5424590270238863 2.552546391233094 2.5626337554423015 2.572721119651509 2.5828084838607337 2.5928958480699413 2.602983212279149 2.6130705764883566 2.623157940697564 2.6332453049067714 2.643332669115979 2.6422661594361756 2.6292759064238984 2.616285653411621 2.603295400399343 2.590305147387066 2.5773148943747883 2.564324641362489 2.5513343883502113 2.538344135337934 2.5253538823256565 2.512363629313379 2.4993733763011017 2.486383123288824 2.473392870276547 2.4604026172642692 2.4474123642519916
-9999.0 -9999.0 -9999.0 -9999.0 -9999.0 -9999.0 -9999.0 -9999.0 -9999.0 -9999.0 2.4840893288732384 2.495005114091107 2.5059208993089763 2.5168366845268455 2.5277524697447147 2.538668254962584 2.5495840401804526 2.5604998253983218 2.571415610616191 2.58233139583406 2.593247181051929 2.6041629662698167 2.615078751487686 2.625994536705555 2.6369103219234242 2.647826107141293 2.658741892359162 2.6696576775770313 2.6689092775590915 2.6556915998428217 2.6424739221265523 2.629256244410283 2.6160385666940136 2.602820888977744 2.5896032112614527 2.576385533545183 2.5631678558289135 2.549950178112644 2.5367325003963748 2.5235148226801054 2.510297144963836 2.4970794672475667 2.4838617895312973 2.470644111815028
-9999.0 -9999.0 -9999.0 -9999.0 -9999.0 -9999.0 -9999.0 -9999.0 -9999.0 -9999.0 -9999.0 -9999.0 2.519819592640104 2.531563798866635 2.5433080050931656 2.555052211319696 2.5667964175462266 2.5785406237727573 2.590284829999288 2.6020290362258187 2.613773242452349 2.6255174486788997 2.6372616549054304 2.649005861131961 2.660750067358492 2.672494273585022 2.684238479811553 2.6959826860380836 2.695552395682007 2.6821072932617454 2.6686621908414843 2.6552170884212227 2.6417719860009616 2.6283268835807005 2.614881781160416 2.601436678740155 2.5879915763198937 2.574546473899632 2.561101371479371 2.5476562690591096 2.5342111666388485 2.520766064218587 2.507320961798326 2.4938758593780643
-9999.0 -9999.0 -9999.0 -9999.0 -9999.0 -9999.0 -9999.0 -9999.0 -9999.0 -9999.0 -9999.0 -9999.0 -9999.0 2.5462909132064304 2.5588635404416227 2.5714361676768154 2.584008794912008 2.5965814221472003 2.609154049382393 2.6217266766175857 2.634299303852778 2.646871931087992 2.6594445583231847 2.672017185558377 2.6845898127935697 2.697162440028762 2.7097350672639546 2.7223076944991473 2.722195513804934 2.7085229866806806 2.6948504595564273 2.681177932432174 2.667505405307921 2.6538328781836675 2.6401603510593907 2.6264878239351375 2.612815296810884 2.599142769686631 2.5854702425623777 2.571797715438124 2.5581251883138707 2.5444526611896174 2.530780134065364 2.517107606941111
-9999.0 -9999.0 -9999.0 -9999.0 -9999.0 -9999.0 -9999.0 -9999.0 -9999.0 -9999.0 -9999.0 -9999.0 -9999.0 2.5477771401415286 2.560787359919571 2.5737975796976134 2.5868077994756558 2.599818019253698 2.6128282390317406 2.625838458809783 2.6388486785878253 2.6518588983658895 2.664869118143932 2.6778793379219743 2.6908895577000167 2.703899777478059 2.7169099972561015 2.729920217034144 2.7300069312725985 2.7162781259397164 2.7025493206068347 2.688820515273953 2.675091709941071 2.6613629046081893 2.647634099275284 2.633905293942402 2.6201764886095202 2.606447683276638 2.5927188779437564 2.5789900726108748 2.5652612672779926 2.551532461945111 2.537803656612229 2.524074851279347
-9999.0 -9999.0 -9999.0 -9999.0 -9999.0 -9999.0 -9999.0 -9999.0 -9999.0 -9999.0 -9999.0 -9999.0 -9999.0 -9999.0 2.548139734307557 2.561169775631513 2.574199816955469 2.587229858279425 2.6002598996033814 2.6132899409273374 2.6263199822512933 2.639350023575272 2.6523800648992277 2.6654101062231836 2.67844014754714 2.691470188871096 2.704500230195052 2.717530271519008 2.71768844765845 2.7040863089335145 2.6904841702085784 2.676882031483643 2.663279892758707 2.649677754033771 2.6360756153088123 2.6224734765838766 2.6088713378589405 2.595269199134005 2.5816670604090692 2.568064921684133 2.5544627829591975 2.540860644234262 2.527258505509326 2.51365636678439
-9999.0 -9999.0 -9999.0 -9999.0 -9999.0 -9999.0 -9999.0 -9999.0 -9999.0 -9999.0 -9999.0 -9999.0 -9999.0 -9999.0 -9999.0 2.5485419715654074 2.5615918344352773 2.574641697305147 2.587691560175017 2.6007414230448864 2.6137912859147563 2.6268411487846484 2.6398910116545182 2.652940874524388 2.665990737394258 2.679040600264128 2.6920904631339977 2.7051403260038676 2.705369964044297 2.6918944919273073 2.6784190198103177 2.664943547693328 2.6514680755763385 2.637992603459349 2.624517131342336 2.6110416592253465 2.597566187108357 2.584090714991367 2.5706152428743776 2.557139770757388 2.5436642986403983 2.5301888265234087 2.516713354406419 2.5032378822894295
-9999.0 -9999.0 -9999.0 -9999.0 -9999.0 -9999.0 -9999.0 -9999.0 -9999.0 -9999.0 -9999.0 -9999.0 -9999.0 -9999.0 -9999.0 -9999.0 -9999.0 -9999.0 2.5751232207466574 2.5881929051624413 2.6012625895782246 2.6143322739940302 2.627401958409814 2.6404716428255974 2.6535413272413813 2.6666110116571646 2.679680696072948 2.692750380488732 2.6930514804301486 2.679702674921105 2.6663538694120614 2.6530050639030183 2.6396562583939747 2.626307452884931 2.612958647375865 2.599609841866821 2.5862610363577776 2.572912230848734 2.5595634253396904 2.546214619830647 2.532865814321603 2.5195170088125596 2.506168203303516 2.4928193977944724
-9999.0 -9999.0 -9999.0 -9999.0 -9999.0 -9999.0 -9999.0 -9999.0 -9999.0 -9999.0 -9999.0 -9999.0 -9999.0 -9999.0 -9999.0 -9999.0 -9999.0 -9999.0 2.5625548813182983 2.5756443872799957 2.588733893241693 2.6018233992034125 2.61491290516511 2.6280024111268068 2.641091917088504 2.6541814230502014 2.6672709290118988 2.680360434973596 2.6807329968160003 2.667510857914903 2.6542887190138056 2.641066580112708 2.6278444412116104 2.6146223023105133 2.601400163409393 2.5881780245082955 2.5749558856071983 2.5617337467061008 2.548511607805003 2.5352894689039056 2.522067330002808 2.508845191101711 2.4956230522006133 2.4824009132995157
-9999.0 -9999.0 -9999.0 -9999.0 -9999.0 -9999.0 -9999.0 -9999.0 -9999.0 -9999.0 -9999.0 -9999.0 -9999.0 -9999.0 -9999.0 -9999.0 -9999.0 -9999.0 -9999.0 -9999.0 2.5762051969051556 2.589314524412789 2.6024238519204 2.6155331794280112 2.628642506935622 2.641751834443233 2.654861161950844 2.667970489458455 2.668414513201847 2.6553190409086955 2.6422235686155444 2.629128096322393 2.6160326240292417 2.60293715173609 2.5898416794429164 2.5767462071497653 2.5636507348566138 2.5505552625634627 2.5374597902703115 2.52436431797716 2.5112688456840084 2.4981733733908573 2.485077901097706 2.4719824288045547
-9999.0 -9999.0 -9999.0 -9999.0 -9999.0 -9999.0 -9999.0 -9999.0 -9999.0 -9999.0 -9999.0 -9999.0 -9999.0 -9999.0 -9999.0 -9999.0 -9999.0 -9999.0 -9999.0 -9999.0 -9999.0 -9999.0 2.5899347986756958 -9999.0 2.6161930967827454 2.6293222458362697 2.6424513948897945 2.6555805439433193 2.6560960295876987 2.643127223902493 2.630158418217288 2.617189612532083 2.6042208068468775 2.5912520011616724 2.578283195476445 2.5653143897912396 2.5523455841060345 2.5393767784208294 2.526407972735624 2.513439167050419 2.5004703613652137 2.487501555680008 2.474532749994803 2.4615639443095976
-9999.0 -9999.0 -9999.0 -9999.0 -9999.0 -9999.0 -9999.0 -9999.0 -9999.0 -9999.0 -9999.0 -9999.0 -9999.0 -9999.0 -9999.0 -9999.0 -9999.0 -9999.0 -9999.0 -9999.0 -9999.0 -9999.0 -9999.0 -9999.0 -9999.0 -9999.0 2.6300416278287453 2.6431905984281836 2.6437775459735504 2.6309354068962914 2.6180932678190323 2.605251128741773 2.5924089896645137 2.5795668505872547 2.5667247115099734 2.5538825724327143 2.5410404333554553 2.528198294278196 2.515356155200937 2.5025140161236776 2.4896718770464186 2.4768297379691595 2.4639875988919004 2.451145459814641
-9999.0 -9999.0 -9999.0 -9999.0 -9999.0 -9999.0 -9999.0 -9999.0 -9999.0 -9999.0 -9999.0 -9999.0 -9999.0 -9999.0 -9999.0 -9999.0 -9999.0 -9999.0 -9999.0 -9999.0 -9999.0 -9999.0 -9999.0 -9999.0 -9999.0 -9999.0 2.6176318607676956 2.630800652913048 2.631459062359402 2.618743589890089 2.606028117420776 2.593312644951463 2.58059717248215 2.567881700012837 2.555166227543502 2.542450755074189 2.529735282604876 2.517019810135563 2.50430433766625 2.491588865196937 2.478873392727624 2.4661579202583104 2.4534424477889973 2.4407269753196843
-9999.0 -9999.0 -9999.0 -9999.0 -9999.0 -9999.0 -9999.0 -9999.0 -9999.0 -9999.0 -9999.0 -9999.0 -9999.0 -9999.0 -9999.0 -9999.0 -9999.0 -9999.0 -9999.0 -9999.0 -9999.0 -9999.0 -9999.0 -9999.0 -9999.0 -9999.0 -9999.0 2.6184107073979073 2.619140578745249 2.606551772883882 2.5939629670225153 2.5813741611611483 2.5687853552997812 2.5561965494384142 2.543607743577026 2.531018937715659 2.518430131854292 2.505841325992925 2.4932525201315583 2.4806637142701913 2.4680749084088243 2.4554861025474573 2.4428972966860902 2.4303084908247232
-9999.0 -9999.0 -9999.0 -9999.0 -9999.0 -9999.0 -9999.0 -9999.0 -9999.0 -9999.0 -9999.0 -9999.0 -9999.0 -9999.0 -9999.0 -9999.0 -9999.0 -9999.0 -9999.0 -9999.0 -9999.0 -9999.0 -9999.0 -9999.0 -9999.0 -9999.0 -9999.0 -9999.0 2.6068220951311005 2.59435995587768 2.581897816624259 2.569435677370838 2.5569735381174175 2.5445113988639965 2.532049259610554 2.5195871203571336 2.5071249811037126 2.4946628418502916 2.482200702596871 2.46973856334345 2.457276424090029 2.4448142848366086 2.4323521455831876 2.4198900063297666
-9999.0 -9999.0 -9999.0 -9999.0 -9999.0 -9999.0 -9999.0 -9999.0 -9999.0 -9999.0 -9999.0 -9999.0 -9999.0 -9999.0 -9999.0 -9999.0 -9999.0 -9999.0 -9999.0 -9999.0 -9999.0 -9999.0 -9999.0 -9999.0 -9999.0 -9999.0 -9999.0 -9999.0 -9999.0 2.5821681388714777 2.5698326662260027 2.557497193580528 2.545161720935053 2.5328262482895787 2.520490775644083 2.508155302998608 2.4958198303531334 2.4834843577076584 2.471148885062184 2.458813412416709 2.4464779397712344 2.4341424671257594 2.421806994480285 2.40947152183481
