Figures/CREST_Example_wjb_NSE/PETs/wjb.pet.20100328.asc
ncols            288
nrows            254
xllcorner        113.274861
yllcorner        31.4918055
cellsize         0.008333333333
NODATA_value     -9999
[rows 160 to 179 of 254, columns 44 to 87 of 288]
2.312881749662967 2.314096973148946 2.3153121966349253 2.3165274201209045 2.3177426436068838 2.318957867092863 2.3201730905788422 2.3213883140648215 2.3226035375508025 2.3238187610367818 2.325033984522761 2.3262492080087402 2.3274644314947195 2.3286796549806987 2.329894878466678 2.331110101952657 2.3323253254386365 2.3335405489246153 2.3347557724105945 2.3359709958965738 2.337186219382553 2.3384014428685345 2.3396166663545137 2.340831889840493 2.342047113326472 2.343262336812451 2.3444775602984302 2.3456927837844095 2.3455029217551497 2.3438109915466545 2.3421190613381593 2.340427131129664 2.338735200921169 2.3370432707126736 2.3353513405041753 2.33365941029568 2.331967480087185 2.3302755498786896 2.3285836196701943 2.326891689461699 2.325199759253204 2.3235078290447087 2.3218158988362134 2.320123968627718
2.312195986524175 2.3134425096308333 2.314689032737492 2.3159355558441503 2.317182078950809 2.3184286020574674 2.319675125164126 2.3209216482707844 2.322168171377445 2.3234146944841036 2.324661217590762 2.3259077406974207 2.327154263804079 2.3284007869107377 2.3296473100173962 2.3308938331240547 2.3321403562307133 2.3333868793373718 2.3346334024440303 2.335879925550689 2.3371264486573473 2.338372971764008 2.3396194948706666 2.340866017977325 2.3421125410839836 2.343359064190642 2.344605587297301 2.3458521104039596 2.345662687685228 2.34393820641808 2.342213725150932 2.340489243883784 2.338764762616636 2.337040281349488 2.335315800082337 2.333591318815189 2.331866837548041 2.330142356280893 2.328417875013745 2.326693393746597 2.324968912479449 2.323244431212301 2.321519949945153 2.319795468678005
2.311510223385382 2.3127880461127197 2.3140658688400575 2.3153436915673957 2.3166215142947335 2.3178993370220713 2.319177159749409 2.3204549824767473 2.3217328052040873 2.323010627931425 2.324288450658763 2.3255662733861007 2.326844096113439 2.3281219188407767 2.3293997415681145 2.3306775642954523 2.33195538702279 2.3332332097501283 2.334511032477466 2.335788855204804 2.3370666779321416 2.3383445006594816 2.33962232338682 2.3409001461141576 2.3421779688414954 2.343455791568833 2.3447336142961714 2.3460114370235092 2.3458224536153063 2.3440654212895056 2.342308388963705 2.3405513566379037 2.338794324312103 2.3370372919863023 2.3352802596604985 2.3335232273346977 2.331766195008897 2.3300091626830963 2.3282521303572956 2.3264950980314945 2.3247380657056937 2.322981033379893 2.3212240010540923 2.3194669687282916
2.3108244602465886 2.312133582594606 2.313442704942623 2.3147518272906407 2.3160609496386577 2.317370071986675 2.3186791943346923 2.3199883166827098 2.321297439030729 2.3226065613787465 2.3239156837267636 2.325224806074781 2.326533928422798 2.3278430507708157 2.3291521731188327 2.3304612954668498 2.3317704178148673 2.3330795401628843 2.334388662510902 2.335697784858919 2.3370069072069364 2.3383160295549557 2.339625151902973 2.34093427425099 2.3422433965990077 2.3435525189470248 2.3448616412950423 2.3461707636430593 2.3459822195453848 2.344192636160931 2.342403052776478 2.340613469392024 2.3388238860075705 2.337034302623117 2.3352447192386605 2.333455135854207 2.331665552469753 2.3298759690852995 2.328086385700846 2.326296802316392 2.324507218931939 2.3227176355474852 2.3209280521630316 2.319138468778578
2.3101386971077966 2.311479119076493 2.3128195410451897 2.3141599630138865 2.315500384982583 2.3168408069512796 2.3181812289199764 2.3195216508886727 2.3208620728573717 2.3222024948260684 2.3235429167947648 2.3248833387634615 2.3262237607321583 2.3275641827008546 2.3289046046695514 2.330245026638248 2.3315854486069445 2.3329258705756413 2.3342662925443376 2.3356067145130344 2.336947136481731 2.33828755845043 2.3396279804191265 2.340968402387823 2.3423088243565195 2.3436492463252163 2.344989668293913 2.3463300902626094 2.3461419854754637 2.344319851032357 2.342497716589251 2.3406755821461442 2.338853447703038 2.337031313259932 2.335209178816822 2.333387044373716 2.3315649099306093 2.329742775487503 2.327920641044397 2.3260985066012903 2.324276372158184 2.3224542377150774 2.3206321032719712 2.318809968828865
2.3094529339690038 2.31082465555838 2.312196377147756 2.313568098737132 2.3149398203265075 2.3163115419158835 2.3176832635052595 2.3190549850946356 2.320426706684014 2.32179842827339 2.323170149862766 2.3245418714521415 2.3259135930415176 2.3272853146308936 2.3286570362202696 2.3300287578096457 2.3314004793990213 2.3327722009883973 2.3341439225777734 2.3355156441671494 2.3368873657565254 2.3382590873459037 2.3396308089352797 2.3410025305246553 2.3423742521140314 2.3437459737034074 2.3451176952927835 2.3464894168821595 2.3463017514055418 2.3444470659037826 2.3425923804020234 2.3407376949002643 2.338883009398505 2.337028323896746 2.3351736383949837 2.3333189528932246 2.3314642673914654 2.3296095818897062 2.327754896387947 2.325900210886188 2.3240455253844288 2.32219083988267 2.320336154380911 2.3184814688791517
2.3087671708302113 2.3101701920402666 2.311573213250322 2.3129762344603773 2.3143792556704326 2.315782276880488 2.3171852980905427 2.318588319300598 2.319991340510656 2.3213943617207113 2.3227973829307667 2.324200404140822 2.3256034253508773 2.3270064465609326 2.328409467770988 2.329812488981043 2.3312155101910985 2.332618531401154 2.334021552611209 2.3354245738212644 2.3368275950313198 2.3382306162413773 2.3396336374514326 2.341036658661488 2.3424396798715432 2.3438427010815985 2.345245722291654 2.346648743501709 2.3464615173356203 2.344574280775208 2.3426870442147965 2.3407998076543843 2.338912571093972 2.3370253345335605 2.3351380979731453 2.3332508614127336 2.3313636248523215 2.32947638829191 2.3275891517314977 2.325701915171086 2.323814678610674 2.3219274420502622 2.32004020548985 2.3181529689294385
2.308081407691419 2.3095157285221535 2.310950049352888 2.3123843701836226 2.3138186910143577 2.3152530118450922 2.316687332675827 2.3181216535065614 2.3195559743372987 2.3209902951680332 2.322424615998768 2.3238589368295024 2.325293257660237 2.3267275784909716 2.3281618993217066 2.329596220152441 2.3310305409831757 2.3324648618139103 2.333899182644645 2.3353335034753795 2.3367678243061145 2.3382021451368513 2.339636465967586 2.3410707867983205 2.3425051076290555 2.34393942845979 2.3453737492905247 2.3468080701212592 2.3466212832656987 2.344701495646634 2.3427817080275695 2.340861920408505 2.33894213278944 2.337022345170375 2.3351025575513074 2.3331827699322427 2.331262982313178 2.3293431946941134 2.3274234070750484 2.3255036194559837 2.323583831836919 2.3216640442178544 2.31974425659879 2.317824468979725
2.307395644552626 2.3088612650040403 2.310326885455454 2.311792505906868 2.3132581263582823 2.314723746809696 2.31618936726111 2.3176549877125243 2.319120608163941 2.3205862286153547 2.3220518490667685 2.323517469518183 2.3249830899695967 2.3264487104210105 2.327914330872425 2.3293799513238387 2.3308455717752525 2.3323111922266664 2.3337768126780807 2.3352424331294945 2.3367080535809084 2.338173674032325 2.339639294483739 2.341104914935153 2.342570535386567 2.344036155837981 2.345501776289395 2.346967396740809 2.346781049195777 2.3448287105180596 2.342876371840342 2.3409240331626244 2.3389716944849073 2.3370193558071897 2.335067017129469 2.3331146784517514 2.331162339774034 2.3292100010963166 2.327257662418599 2.325305323740882 2.3233529850631642 2.3214006463854466 2.3194483077077295 2.317495969030012
2.306709881413834 2.308206801485927 2.3097037215580207 2.311200641630114 2.3126975617022074 2.3141944817743005 2.315691401846394 2.3171883219184872 2.318685241990583 2.3201821620626766 2.3216790821347697 2.3231760022068633 2.3246729222789564 2.32616984235105 2.327666762423143 2.3291636824952366 2.3306606025673298 2.3321575226394233 2.3336544427115165 2.33515136278361 2.336648282855703 2.3381452029277994 2.3396421229998925 2.341139043071986 2.342635963144079 2.3441328832161727 2.345629803288266 2.3471267233603594 2.3469408151258557 2.3449559253894856 2.342971035653115 2.340986145916745 2.339001256180375 2.3370163664440042 2.335031476707631 2.3330465869712604 2.3310616972348903 2.32907680749852 2.32709191776215 2.3251070280257795 2.3231221382894094 2.3211372485530393 2.319152358816669 2.3171674690802986
2.3060241182750407 2.3075523379678136 2.3090805576605864 2.3106087773533592 2.3121369970461316 2.3136652167389045 2.3151934364316773 2.3167216561244497 2.318249875817225 2.319778095509998 2.3213063152027704 2.3228345348955433 2.324362754588316 2.325890974281089 2.3274191939738613 2.328947413666634 2.330475633359407 2.33200385305218 2.3335320727449522 2.335060292437725 2.336588512130498 2.338116731823273 2.339644951516046 2.3411731712088186 2.3427013909015915 2.344229610594364 2.3457578302871367 2.3472860499799095 2.347100581055934 2.345083140260911 2.343065699465888 2.341048258670865 2.3390308178758423 2.3370133770808192 2.3349959362857926 2.3329784954907695 2.3309610546957464 2.3289436139007234 2.3269261731057003 2.324908732310677 2.322891291515654 2.320873850720631 2.3188564099256084 2.3168389691305853
2.3053383551362483 2.3068978744497004 2.308457393763152 2.310016913076604 2.3115764323900563 2.3131359517035084 2.3146954710169605 2.3162549903304126 2.3178145096438674 2.3193740289573195 2.3209335482707716 2.3224930675842237 2.324052586897676 2.3256121062111275 2.3271716255245796 2.3287311448380317 2.330290664151484 2.331850183464936 2.333409702778388 2.33496922209184 2.336528741405292 2.338088260718747 2.339647780032199 2.3412072993456507 2.342766818659103 2.344326337972555 2.345885857286007 2.347445376599459 2.3472603469860127 2.3452103551323367 2.343160363278661 2.341110371424985 2.3390603795713094 2.3370103877176334 2.334960395863954 2.332910404010278 2.3308604121566026 2.3288104203029265 2.326760428449251 2.324710436595575 2.3226604447418993 2.3206104528882237 2.3185604610345476 2.316510469180872
2.3046525919974554 2.306243410931587 2.307834229865718 2.3094250487998496 2.311015867733981 2.3126066866681123 2.314197505602244 2.3157883245363755 2.3173791434705096 2.318969962404641 2.3205607813387723 2.3221516002729037 2.323742419207035 2.3253332381411664 2.326924057075298 2.328514876009429 2.3301056949435606 2.331696513877692 2.3332873328118238 2.334878151745955 2.3364689706800865 2.3380597896142206 2.339650608548352 2.3412414274824833 2.3428322464166147 2.344423065350746 2.3460138842848774 2.347604703219009 2.3474201129160908 2.345337570003762 2.3432550270914336 2.341172484179105 2.3390899412667765 2.337007398354448 2.334924855442116 2.3328423125297872 2.3307597696174587 2.32867722670513 2.3265946837928015 2.324512140880473 2.3224295979681444 2.320347055055816 2.3182645121434873 2.3161819692311583
2.303966828858663 2.305588947413474 2.3072110659682847 2.3088331845230954 2.310455303077906 2.312077421632717 2.3136995401875278 2.3153216587423384 2.316943777297152 2.318565895851963 2.3201880144067735 2.321810132961584 2.323432251516395 2.325054370071206 2.3266764886260165 2.328298607180827 2.3299207257356382 2.331542844290449 2.3331649628452595 2.33478708140007 2.3364091999548813 2.3380313185096946 2.3396534370645052 2.3412755556193163 2.342897674174127 2.3445197927289376 2.3461419112837483 2.3477640298385594 2.3475798788461693 2.345464784875188 2.3433496909042066 2.3412345969332256 2.339119502962244 2.3370044089912625 2.334889315020278 2.3327742210492963 2.330659127078315 2.3285440331073337 2.326428939136352 2.3243138451653707 2.3221987511943896 2.320083657223408 2.317968563252427 2.3158534692814454
2.3032810657198706 2.3049344838953605 2.306587902070851 2.3082413202463408 2.309894738421831 2.311548156597321 2.313201574772811 2.3148549929483013 2.3165084111237944 2.3181618292992843 2.319815247474774 2.3214686656502646 2.3231220838257545 2.324775502001245 2.3264289201767347 2.3280823383522247 2.329735756527715 2.331389174703205 2.3330425928786953 2.3346960110541852 2.3363494292296756 2.338002847405168 2.3396562655806585 2.3413096837561485 2.342963101931639 2.3446165201071287 2.3462699382826187 2.347923356458109 2.3477396447762477 2.3455919997466137 2.3434443547169796 2.341296709687345 2.339149064657711 2.337001419628077 2.3348537745984395 2.332706129568805 2.330558484539171 2.328410839509537 2.326263194479903 2.3241155494502688 2.3219679044206343 2.3198202593910002 2.317672614361366 2.315524969331732
2.302595302581078 2.3042800203772478 2.305964738173417 2.3076494559695866 2.3093341737657562 2.3110188915619254 2.312703609358095 2.3143883271542642 2.3160730449504365 2.317757762746606 2.319442480542776 2.321127198338945 2.3228119161351146 2.324496633931284 2.3261813517274534 2.327866069523623 2.3295507873197923 2.331235505115962 2.332920222912131 2.3346049407083007 2.33628965850447 2.3379743763006426 2.339659094096812 2.3413438118929815 2.3430285296891507 2.3447132474853203 2.3463979652814895 2.348082683077659 2.3478994107063262 2.3457192146180397 2.3435390185297527 2.3413588224414656 2.3391786263531786 2.3369984302648916 2.334818234176601 2.332638038088314 2.3304578420000275 2.3282776459117405 2.3260974498234535 2.3239172537351664 2.32173705764688 2.319556861558593 2.317376665470306 2.315196469382019
2.3019095394422853 2.303625556859134 2.3053415742759826 2.3070575916928315 2.3087736091096804 2.3104896265265293 2.3122056439433782 2.313921661360227 2.3156376787770787 2.3173536961939276 2.3190697136107765 2.320785731027625 2.322501748444474 2.324217765861323 2.3259337832781717 2.3276498006950206 2.3293658181118695 2.331081835528718 2.332797852945567 2.3345138703624158 2.3362298877792647 2.3379459051961162 2.339661922612965 2.341377940029814 2.343093957446663 2.344809974863512 2.3465259922803603 2.348242009697209 2.348059176636405 2.345846429489465 2.3436336823425257 2.3414209351955857 2.339208188048646 2.336995440901706 2.334782693754763 2.332569946607823 2.3303571994608836 2.3281444523139436 2.325931705167004 2.323718958020064 2.3215062108731246 2.3192934637261846 2.317080716579245 2.3148679694323056
2.3012237763034924 2.3029710933410206 2.3047184103785487 2.306465727416077 2.308213044453605 2.3099603614911333 2.3117076785286614 2.3134549955661896 2.315202312603721 2.316949629641249 2.3186969466787772 2.3204442637163054 2.3221915807538336 2.3239388977913618 2.32568621482889 2.327433531866418 2.3291808489039463 2.3309281659414745 2.3326754829790026 2.334422800016531 2.336170117054059 2.3379174340915903 2.3396647511291184 2.3414120681666466 2.3431593852041748 2.344906702241703 2.346654019279231 2.3484013363167593 2.3482189425664832 2.3459736443608907 2.3437283461552982 2.3414830479497057 2.3392377497441132 2.3369924515385208 2.3347471533329243 2.332501855127332 2.3302565569217393 2.3280112587161472 2.3257659605105547 2.3235206623049622 2.3212753640993697 2.3190300658937772 2.3167847676881848 2.3145394694825923
2.2997461872382297 2.301506788806248 2.3032673903742666 2.3050279919422856 2.306788593510304 2.308549195078323 2.3103097966463415 2.31207039821436 2.313830999782382 2.3155916013504005 2.317352202918419 2.319112804486438 2.3208734060544565 2.3226340076224754 2.324394609190494 2.3261552107585124 2.3279158123265313 2.32967641389455 2.3314370154625688 2.3331976170305873 2.3349582185986058 2.3367188201666274 2.3384794217346463 2.340240023302665 2.3420006248706837 2.343761226438702 2.3455218280067207 2.3472824295747396 2.3471021597802966 2.3448470546239313 2.342591949467566 2.3403368443112007 2.3380817391548354 2.33582663399847 2.333571528842101 2.3313164236857356 2.3290613185293703 2.326806213373005 2.3245511082166397 2.3222960030602744 2.320040897903909 2.317785792747544 2.3155306875911785 2.3132755824348132
2.2974221861685984 2.2991768152712377 2.3009314443738775 2.302686073476517 2.3044407025791562 2.3061953316817956 2.307949960784435 2.3097045898870747 2.311459218989717 2.3132138480923565 2.314968477194996 2.3167231062976352 2.3184777354002746 2.3202323645029144 2.3219869936055537 2.323741622708193 2.3254962518108324 2.3272508809134718 2.3290055100161116 2.330760139118751 2.3325147682213903 2.3342693973240327 2.336024026426672 2.3377786555293114 2.339533284631951 2.3412879137345906 2.34304254283723 2.3447971719398693 2.3446208268809015 2.3423802267914615 2.3401396267020216 2.3378990266125816 2.3356584265231417 2.3334178264337018 2.331177226344258 2.328936626254818 2.326696026165378 2.324455426075938 2.322214825986498 2.319974225897058 2.317733625807618 2.315493025718178 2.313252425628738 2.311011825539298
