Figures/CREST_Example_wjb_NSE/PETs/wjb.pet.20100504.asc
ncols            288
nrows            254
xllcorner        113.274861
yllcorner        31.4918055
cellsize         0.008333333333
NODATA_value     -9999
[rows 140 to 159 of 254, columns 176 to 219 of 288]
1.2383814415717627 1.24625325241832 1.2541250632648775 1.2619968741114351 1.2698686849579925 1.2777404958045502 1.2856123066511211 1.2934841174976786 1.3013559283442362 1.3092277391907936 1.317099550037351 1.3249713608839087 1.332843171730466 1.3407149825770235 1.3485867934235811 1.3564586042701385 1.3586422534978806 1.3547451292513053 1.35084800500473 1.346950880758148 1.3430537565115728 1.3391566322649975 1.3352595080184222 1.331362383771847 1.3274652595252716 1.3235681352786963 1.319671011032121 1.3157738867855457 1.3118767625389702 1.307979638292395 1.3040825140458197 1.3001853897992444 1.2962882655526624 1.2923911413060871 1.2884940170595118 1.2845968928129365 1.2806997685663613 1.276802644319786 1.2729055200732107 1.2690083958266354 1.26511127158006 1.2612141473334848 1.2573170230869095 1.2534198988403342
1.2371159648272558 1.245537600840273 1.25395923685329 1.2623808728663068 1.270802508879324 1.279224144892341 1.2876457809053723 1.2960674169183892 1.3044890529314064 1.3129106889444233 1.3213323249574402 1.3297539609704574 1.3381755969834743 1.3465972329964913 1.3550188690095084 1.3634405050225253 1.3657660377948149 1.3615746982686279 1.3573833587424409 1.3531920192162468 1.3490006796900598 1.3448093401638728 1.3406180006376858 1.3364266611114988 1.3322353215853118 1.3280439820591248 1.3238526425329378 1.3196613030067508 1.3154699634805638 1.3112786239543768 1.3070872844281898 1.3028959449020028 1.2987046053758087 1.2945132658496217 1.2903219263234347 1.2861305867972477 1.2819392472710607 1.2777479077448737 1.2735565682186867 1.2693652286924997 1.2651738891663127 1.2609825496401257 1.2567912101139387 1.2525998705877517
1.235850488082749 1.2448219492622257 1.2537934104417021 1.2627648716211786 1.2717363328006552 1.2807077939801317 1.2896792551596234 1.2986507163391 1.3076221775185766 1.316593638698053 1.3255650998775295 1.3345365610570061 1.3435080222364826 1.352479483415959 1.3614509445954357 1.3704224057749121 1.372889822091749 1.3684042672859502 1.3639187124801517 1.3594331576743452 1.3549476028685465 1.3504620480627478 1.3459764932569493 1.3414909384511506 1.337005383645352 1.3325198288395532 1.3280342740337545 1.3235487192279558 1.319063164422157 1.3145776096163584 1.3100920548105597 1.305606500004761 1.3011209451989547 1.296635390393156 1.2921498355873573 1.2876642807815586 1.2831787259757599 1.2786931711699614 1.2742076163641627 1.269722061558364 1.2652365067525653 1.2607509519467666 1.2562653971409679 1.2517798423351691
1.2345850113382424 1.2441062976841784 1.2536275840301143 1.2631488703760503 1.2726701567219862 1.2821914430679224 1.2917127294138746 1.3012340157598106 1.3107553021057468 1.3202765884516827 1.3297978747976187 1.3393191611435546 1.3488404474894908 1.3583617338354268 1.3678830201813628 1.377404306527299 1.3800136063886832 1.3752338363032728 1.3704540662178624 1.365674296132444 1.3608945260470335 1.3561147559616231 1.351334985876213 1.3465552157908025 1.341775445705392 1.3369956756199817 1.3322159055345713 1.327436135449161 1.3226563653637506 1.3178765952783402 1.3130968251929298 1.3083170551075196 1.303537285022101 1.2987575149366906 1.2939777448512801 1.28919797476587 1.2844182046804595 1.2796384345950491 1.2748586645096387 1.2700788944242283 1.265299124338818 1.2605193542534077 1.2557395841679972 1.2509598140825868
1.2333195345937344 1.2433906461061304 1.2534617576185265 1.2635328691309224 1.2736039806433184 1.2836750921557145 1.2937462036681275 1.3038173151805237 1.3138884266929196 1.3239595382053155 1.3340306497177115 1.3441017612301076 1.3541728727425035 1.3642439842548995 1.3743150957672956 1.3843862072796915 1.3871373906856235 1.3820634053206011 1.3769894199555788 1.371915434590548 1.3668414492255256 1.3617674638605033 1.356693478495481 1.3516194931304586 1.3465455077654362 1.3414715224004141 1.3363975370353918 1.3313235516703694 1.326249566305347 1.3211755809403247 1.3161015955753024 1.3110276102102802 1.3059536248452492 1.300879639480227 1.2958056541152045 1.2907316687501822 1.2856576833851598 1.2805836980201375 1.2755097126551154 1.270435727290093 1.2653617419250707 1.2602877565600483 1.255213771195026 1.2501397858300036
1.2320540578492276 1.242674994528083 1.2532959312069385 1.263916867885794 1.2745378045646496 1.285158741243505 1.2957796779223787 1.3064006146012341 1.3170215512800896 1.327642487958945 1.3382634246378007 1.3488843613166561 1.3595052979955116 1.370126234674367 1.3807471713532227 1.391368108032078 1.3942611749825575 1.3888929743379235 1.3835247736932894 1.3781565730486462 1.3727883724040124 1.3674201717593784 1.3620519711147443 1.3566837704701102 1.3513155698254764 1.3459473691808423 1.3405791685362083 1.3352109678915745 1.3298427672469404 1.3244745666023063 1.3191063659576723 1.3137381653130384 1.3083699646683953 1.3030017640237612 1.2976335633791272 1.292265362734493 1.2868971620898593 1.2815289614452252 1.2761607608005912 1.270792560155957 1.2654243595113233 1.2600561588666892 1.2546879582220551 1.249319757577421
1.2307885811047208 1.2419593429500357 1.2531301047953507 1.2643008666406657 1.2754716284859806 1.2866423903312958 1.2978131521766298 1.3089839140219448 1.3201546758672598 1.3313254377125747 1.34249619955789 1.3536669614032049 1.3648377232485198 1.3760084850938348 1.3871792469391497 1.398350008784465 1.4013849592794918 1.395722543355246 1.3900601274310003 1.384397711506745 1.3787352955824992 1.3730728796582536 1.3674104637340079 1.361748047809762 1.3560856318855166 1.3504232159612708 1.344760800037025 1.3390983841127795 1.3334359681885337 1.327773552264288 1.3221111363400424 1.3164487204157966 1.3107863044915413 1.3051238885672956 1.29946147264305 1.2937990567188042 1.2881366407945585 1.282474224870313 1.2768118089460672 1.2711493930218214 1.2654869770975758 1.25982456117333 1.2541621452490843 1.2484997293248388
1.229523104360214 1.2412436913719884 1.252964278383763 1.2646848653955374 1.2764054524073118 1.2881260394190865 1.299846626430881 1.3115672134426555 1.32328780045443 1.3350083874662044 1.346728974477979 1.3584495614897536 1.370170148501528 1.3818907355133025 1.393611322525077 1.4053319095368515 1.4085087435764259 1.4025521123725686 1.3965954811687111 1.3906388499648437 1.3846822187609862 1.378725587557129 1.3727689563532715 1.3668123251494142 1.3608556939455567 1.3548990627416995 1.348942431537842 1.3429858003339845 1.3370291691301273 1.3310725379262698 1.3251159067224125 1.319159275518555 1.3132026443146876 1.30724601311083 1.3012893819069729 1.2953327507031154 1.2893761194992581 1.2834194882954006 1.2774628570915434 1.271506225887686 1.2655495946838284 1.2595929634799712 1.2536363322761137 1.2476797010722565
1.2206395095517308 1.2324484396639155 1.2442573697761001 1.256066299888285 1.2678752300004696 1.2796841601126543 1.2914930902248591 1.3033020203370438 1.3151109504492284 1.3269198805614133 1.338728810673598 1.3505377407857826 1.3623466708979672 1.3741556010101519 1.3859645311223368 1.3977734612345214 1.4009525030506667 1.3949059990132457 1.3888594949758248 1.3828129909383935 1.3767664869009726 1.3707199828635517 1.3646734788261305 1.3586269747887096 1.3525804707512887 1.3465339667138678 1.340487462676447 1.334440958639026 1.3283944546016049 1.322347950564184 1.316301446526763 1.3102549424893422 1.3042084384519108 1.29816193441449 1.292115430377069 1.286068926339648 1.2800224223022272 1.273975918264806 1.2679294142273851 1.2618829101899642 1.2558364061525433 1.2497899021151224 1.2437433980777013 1.2376968940402804
1.20361262676352 1.2150166047383988 1.2264205827132775 1.2378245606881562 1.2492285386630348 1.2606325166379135 1.2720364946128115 1.2834404725876902 1.294844450562569 1.3062484285374478 1.3176524065123263 1.3290563844872052 1.3404603624620837 1.3518643404369626 1.363268318411841 1.37467229638672 1.3777042413883451 1.371786293710854 1.365868346033363 1.3599503983558618 1.3540324506783707 1.3481145030008796 1.3421965553233886 1.3362786076458975 1.3303606599684064 1.324442712290915 1.318524764613424 1.3126068169359328 1.3066888692584417 1.3007709215809506 1.2948529739034595 1.2889350262259684 1.2830170785484674 1.2770991308709763 1.2711811831934852 1.265263235515994 1.259345287838503 1.2534273401610116 1.2475093924835206 1.2415914448060295 1.2356734971285384 1.2297555494510473 1.2238376017735562 1.217919654096065
1.1865857439752947 1.197584769812867 1.2085837956504393 1.2195828214880116 1.230581847325584 1.2415808731631564 1.2525798990007475 1.2635789248383198 1.274577950675892 1.2855769765134644 1.2965760023510366 1.3075750281886092 1.3185740540261814 1.3295730798637537 1.3405721057013262 1.3515711315388985 1.3544559797260038 1.3486665884084428 1.3428771970908815 1.3370878057733104 1.3312984144557494 1.3255090231381883 1.319719631820627 1.313930240503066 1.3081408491855049 1.3023514578679436 1.2965620665503825 1.2907726752328212 1.2849832839152602 1.2791938925976991 1.2734045012801378 1.2676151099625768 1.2618257186450057 1.2560363273274446 1.2502469360098833 1.2444575446923223 1.238668153374761 1.2328787620572 1.2270893707396389 1.2212999794220776 1.2155105881045165 1.2097211967869554 1.2039318054693942 1.198142414151833
1.169558861187084 1.1801529348873503 1.1907470085876166 1.201341082287883 1.2119351559881493 1.2225292296884156 1.2331233033887 1.2437173770889662 1.2543114507892326 1.264905524489499 1.2754995981897652 1.2860936718900315 1.2966877455902979 1.3072818192905642 1.3178758929908305 1.3284699666910968 1.3312077180636823 1.325546883106051 1.3198860481484198 1.3142252131907788 1.3085643782331475 1.3029035432755163 1.2972427083178848 1.2915818733602535 1.2859210384026223 1.2802602034449908 1.2745993684873596 1.2689385335297283 1.263277698572097 1.2576168636144656 1.2519560286568343 1.246295193699203 1.240634358741562 1.2349735237839308 1.2293126888262993 1.223651853868668 1.2179910189110368 1.2123301839534055 1.206669348995774 1.2010085140381428 1.1953476790805115 1.18968684412288 1.1840260091652488 1.1783651742076175
1.1525319783988732 1.1627210999618334 1.1729102215247937 1.183099343087754 1.1932884646507145 1.2034775862136748 1.2136667077766525 1.223855829339613 1.234044950902573 1.2442340724655334 1.2544231940284938 1.264612315591454 1.2748014371544145 1.2849905587173747 1.295179680280335 1.3053688018432954 1.307959456401361 1.3024271778036596 1.2968948992059581 1.2913626206082471 1.2858303420105457 1.2802980634128442 1.2747657848151426 1.2692335062174411 1.2637012276197397 1.2581689490220382 1.2526366704243368 1.2471043918266354 1.241572113228934 1.2360398346312322 1.2305075560335308 1.2249752774358293 1.2194429988381184 1.213910720240417 1.2083784416427155 1.202846163045014 1.1973138844473126 1.1917816058496111 1.1862493272519097 1.180717048654208 1.1751847700565066 1.1696524914588051 1.1641202128611037 1.1585879342634022
1.1355050956106623 1.1452892650363167 1.155073434461971 1.1648576038876253 1.1746417733132797 1.1844259427389339 1.194210112164605 1.2039942815902593 1.2137784510159135 1.223562620441568 1.2333467898672221 1.2431309592928765 1.2529151287185307 1.2626992981441851 1.2724834675698395 1.2822676369954937 1.2847111947390395 1.2793074725012679 1.2739037502634962 1.2685000280257155 1.2630963057879439 1.2576925835501722 1.2522888613124006 1.246885139074629 1.2414814168368573 1.2360776945990857 1.230673972361314 1.2252702501235424 1.2198665278857708 1.2144628056479991 1.2090590834102275 1.2036553611724559 1.198251638934675 1.1928479166969033 1.1874441944591316 1.18204047222136 1.1766367499835884 1.1712330277458167 1.165829305508045 1.1604255832702735 1.1550218610325018 1.1496181387947302 1.1442144165569585 1.138810694319187
1.1184782128224515 1.1278574301108 1.1372366473991482 1.1466158646874964 1.1559950819758449 1.1653742992641931 1.1747535165525573 1.1841327338409058 1.193511951129254 1.2028911684176022 1.2122703857059507 1.221649602994299 1.2310288202826474 1.2404080375709956 1.2497872548593438 1.2591664721476923 1.2614629330767182 1.2561877671988764 1.2509126013210345 1.2456374354431838 1.240362269565342 1.2350871036875002 1.2298119378096584 1.2245367719318165 1.2192616060539747 1.2139864401761329 1.208711274298291 1.2034361084204492 1.1981609425426076 1.1928857766647658 1.187610610786924 1.1823354449090822 1.1770602790312312 1.1717851131533896 1.1665099472755478 1.161234781397706 1.1559596155198641 1.1506844496420223 1.1454092837641805 1.1401341178863387 1.1348589520084968 1.129583786130655 1.1243086202528134 1.1190334543749716
1.1014513300342408 1.110425595185283 1.1193998603363253 1.1283741254873676 1.1373483906384099 1.1463226557894524 1.15529692094051 1.1642711860915522 1.1732454512425945 1.1822197163936368 1.191193981544679 1.2001682466957213 1.2091425118467638 1.218116776997806 1.2270910421488483 1.2360653072998906 1.2382146714143967 1.2330680618964847 1.2279214523785729 1.222774842860652 1.2176282333427402 1.2124816238248282 1.2073350143069161 1.2021884047890041 1.1970417952710923 1.1918951857531803 1.1867485762352683 1.1816019667173563 1.1764553571994445 1.1713087476815325 1.1661621381636205 1.1610155286457085 1.1558689191277878 1.1507223096098758 1.1455757000919637 1.140429090574052 1.13528248105614 1.130135871538228 1.124989262020316 1.1198426525024041 1.114696042984492 1.10954943346658 1.104402823948668 1.0992562144307563
1.08442444724603 1.0929937602597661 1.1015630732735024 1.1101323862872388 1.118701699300975 1.1272710123147114 1.1358403253284624 1.1444096383421987 1.152978951355935 1.1615482643696713 1.1701175773834076 1.178686890397144 1.1872562034108802 1.1958255164246165 1.2043948294383529 1.2129641424520892 1.2149664097520754 1.2099483565940932 1.204930303436111 1.1999122502781203 1.1948941971201381 1.1898761439621561 1.184858090804174 1.179840037646192 1.1748219844882097 1.1698039313302275 1.1647858781722455 1.1597678250142633 1.1547497718562814 1.1497317186982992 1.144713665540317 1.139695612382335 1.134677559224344 1.1296595060663621 1.12464145290838 1.119623399750398 1.1146053465924157 1.1095872934344335 1.1045692402764515 1.0995511871184693 1.0945331339604873 1.0895150808025051 1.084497027644523 1.079478974486541
1.0673975644578046 1.0755619253342346 1.0837262862106645 1.0918906470870944 1.1000550079635243 1.1082193688399544 1.1163837297163983 1.1245480905928282 1.1327124514692581 1.140876812345688 1.149041173222118 1.1572055340985479 1.1653698949749778 1.173534255851408 1.1816986167278378 1.1898629776042677 1.1917181480897339 1.1868286512916817 1.1819391544936295 1.1770496576955691 1.172160160897517 1.1672706640994648 1.1623811673014126 1.1574916705033604 1.1526021737053083 1.147712676907256 1.142823180109204 1.1379336833111517 1.1330441865130996 1.1281546897150474 1.1232651929169952 1.118375696118943 1.1134861993208827 1.1085967025228305 1.1037072057247783 1.0988177089267261 1.093928212128674 1.0890387153306218 1.0841492185325696 1.0792597217345175 1.0743702249364653 1.069480728138413 1.064591231340361 1.0597017345423088
1.050370681669594 1.0581300904087179 1.0658894991478418 1.0736489078869658 1.0814083166260897 1.0891677253652134 1.0969271341043507 1.1046865428434747 1.1124459515825986 1.1202053603217226 1.1279647690608465 1.1357241777999705 1.1434835865390944 1.1512429952782184 1.1590024040173423 1.166761812756466 1.1684698864274126 1.1637089459892902 1.1589480055511678 1.1541870651130373 1.1494261246749151 1.1446651842367928 1.1399042437986704 1.135143303360548 1.1303823629224257 1.1256214224843033 1.120860482046181 1.1160995416080588 1.1113386011699364 1.106577660731814 1.1018167202936917 1.0970557798555693 1.092294839417439 1.0875338989793166 1.0827729585411943 1.078012018103072 1.0732510776649495 1.0684901372268272 1.063729196788705 1.0589682563505827 1.0542073159124603 1.049446375474338 1.0446854350362156 1.0399244945980932
1.0333437988813832 1.040698255483201 1.048052712085019 1.055407168686837 1.0627616252886547 1.0701160818904727 1.0774705384923031 1.0848249950941211 1.092179451695939 1.099533908297757 1.1068883648995749 1.1142428215013929 1.1215972781032109 1.1289517347050286 1.1363061913068466 1.1436606479086646 1.145221624765091 1.1405892406868985 1.1359568566087062 1.1313244725305056 1.1266920884523133 1.1220597043741207 1.1174273202959282 1.1127949362177356 1.1081625521395433 1.1035301680613507 1.0988977839831582 1.0942653999049656 1.0896330158267733 1.0850006317485807 1.0803682476703882 1.0757358635921959 1.0711034795139953 1.0664710954358028 1.0618387113576104 1.0572063272794179 1.0525739432012253 1.047941559123033 1.0433091750448404 1.038676790966648 1.0340444068884553 1.029412022810263 1.0247796387320705 1.020147254653878
