Figures/CREST_Example_wjb_NSE/PETs/wjb.pet.20100825.asc
ncols            288
nrows            254
xllcorner        113.274861
yllcorner        31.4918055
cellsize         0.008333333333
NODATA_value     -9999
[rows 114 to 132 of 254, columns 44 to 87 of 288]
0.570318544782295 0.5650716641890453 0.5598247835957956 0.5545779030025457 0.549331022409296 0.5440841418160463 0.5388372612227965 0.5335903806295468 0.528343500036288 0.5230966194430383 0.5178497388497886 0.5126028582565388 0.5073559776632891 0.5021090970700394 0.49686221647678963 0.4916153358835399 0.48636845529029016 0.4811215746970404 0.47587469410379063 0.4706278135105409 0.46538093291729116 0.4601340523240325 0.45488717173078275 0.449640291137533 0.4443934105442832 0.4391465299510335 0.43389964935778375 0.42865276876453395 0.42727764881385166 0.43004152851532 0.4328054082167883 0.43556928791825666 0.438333167619725 0.44109704732119337 0.44386092702266644 0.4466248067241348 0.4493886864256031 0.45215256612707144 0.4549164458285398 0.45768032553000815 0.4604442052314765 0.46320808493294485 0.46597196463441315 0.4687358443358815
0.5784561629141769 0.5729878266131935 0.5675194903122099 0.5620511540112265 0.5565828177102431 0.5511144814092597 0.5456461451082761 0.5401778088072927 0.5347094725063 0.5292411362053164 0.523772799904333 0.5183044636033496 0.5128361273023662 0.5073677910013827 0.5018994547003992 0.4964311183994158 0.49096278209843236 0.4854944457974489 0.4800261094964654 0.474557773195482 0.46908943689449856 0.46362110059350575 0.4581527642925223 0.45268442799153885 0.44721609169055543 0.44174775538957195 0.43627941908858847 0.43081108278760505 0.4292976513948253 0.4320121027537255 0.4347265541126256 0.4374410054715258 0.440155456830426 0.44286990818932614 0.44558435954823095 0.44829881090713114 0.45101326226603133 0.4537277136249315 0.45644216498383167 0.45915661634273186 0.461871067701632 0.4645855190605322 0.4672999704194324 0.4700144217783325
0.5865937810460586 0.5809039890373414 0.5752141970286243 0.5695244050199072 0.56383461301119 0.5581448210024729 0.5524550289937556 0.5467652369850385 0.5410754449763117 0.5353856529675945 0.5296958609588773 0.5240060689501602 0.5183162769414431 0.5126264849327259 0.5069366929240088 0.5012469009152916 0.49555710890657445 0.4898673168978573 0.4841775248891401 0.478487732880423 0.47279794087170585 0.467108148862979 0.4614183568542618 0.4557285648455447 0.4500387728368275 0.44434898082811036 0.43865918881939325 0.43296939681067603 0.43131765397579885 0.4339826769921309 0.43664770000846287 0.4393127230247949 0.4419777460411269 0.4446427690574589 0.44730779207379545 0.4499728150901275 0.45263783810645947 0.4553028611227915 0.4579678841391235 0.4606329071554555 0.4632979301717875 0.46596295318811953 0.4686279762044515 0.47129299922078355
0.5947313991779404 0.5888201514614895 0.5829089037450387 0.5769976560285878 0.571086408312137 0.5651751605956861 0.5592639128792353 0.5533526651627844 0.5474414174463235 0.5415301697298726 0.5356189220134218 0.5297076742969709 0.5237964265805201 0.5178851788640692 0.5119739311476184 0.5060626834311674 0.5001514357147167 0.49424018799826575 0.4883289402818149 0.48241769256536404 0.4765064448489132 0.47059519713245224 0.46468394941600144 0.45877270169955053 0.4528614539830997 0.44695020626664883 0.441038958550198 0.43512771083374713 0.4333376565567725 0.4359532512305363 0.4385688459043002 0.441184440578064 0.4438000352518278 0.4464156299255917 0.44903122459935996 0.45164681927312383 0.45426241394688766 0.4568780086206515 0.45949360329441535 0.4621091979681792 0.464724792641943 0.4673403873157068 0.4699559819894707 0.4725715766632345
0.5961339325894721 0.5901972660773703 0.5842605995652687 0.5783239330531669 0.5723872665410651 0.5664506000289634 0.5605139335168616 0.55457726700476 0.5486406004926481 0.5427039339805463 0.5367672674684445 0.5308306009563428 0.524893934444241 0.5189572679321394 0.5130206014200376 0.5070839349079358 0.5011472683958341 0.49521060188373234 0.4892739353716306 0.4833372688595289 0.4774006023474271 0.47146393583531526 0.46552726932321353 0.45959060281111175 0.4536539362990101 0.4477172697869083 0.44178060327480656 0.43584393676270483 0.4340158800850545 0.43658002019990544 0.4391441603147564 0.44170830042960735 0.4442724405444583 0.44683658065930926 0.44940072077416454 0.4519648608890155 0.45452900100386645 0.4570931411187174 0.45965728123356836 0.4622214213484193 0.46478556146327027 0.4673497015781212 0.4699138416929722 0.4724779818078231
0.5903370850355838 0.5845845508280726 0.5788320166205614 0.5730794824130502 0.567326948205539 0.5615744139980278 0.5558218797905166 0.5500693455830054 0.5443168113754844 0.5385642771679732 0.532811742960462 0.5270592087529508 0.5213066745454396 0.5155541403379283 0.5098016061304171 0.5040490719229059 0.4982965377153947 0.4925440035078835 0.4867914693003723 0.4810389350928611 0.4752864008853499 0.4695338666778289 0.4637813324703177 0.4580287982628065 0.4522762640552953 0.4465237298477841 0.4407711956402729 0.4350186614327617 0.4332598263959224 0.435770346054327 0.43828086571273167 0.44079138537113627 0.44330190502954087 0.44581242468794546 0.44832294434635434 0.45083346400475893 0.45334398366316353 0.4558545033215682 0.4583650229799728 0.4608755426383774 0.463386062296782 0.4658965819551866 0.46840710161359117 0.47091762127199577
0.5845402374816956 0.578971835578775 0.5734034336758542 0.5678350317729336 0.562266629870013 0.5566982279670922 0.5511298260641716 0.545561424161251 0.5399930222583208 0.5344246203554001 0.5288562184524794 0.5232878165495588 0.5177194146466381 0.5121510127437174 0.5065826108407968 0.5010142089378761 0.49544580703495544 0.48987740513203476 0.4843090032291141 0.47874060132619345 0.47317219942327277 0.4676037975203426 0.4620353956174219 0.4564669937145013 0.4508985918115806 0.4453301899086599 0.4397617880057393 0.43419338610281855 0.43250377270679036 0.43496067190874865 0.4374175711107069 0.43987447031266513 0.44233136951462343 0.44478826871658167 0.44724516791854413 0.44970206712050237 0.45215896632246066 0.4546158655244189 0.4570727647263772 0.45952966392833544 0.4619865631302937 0.464443462332252 0.4669003615342102 0.46935726073616846
0.5787433899278073 0.5733591203294772 0.5679748507311471 0.5625905811328169 0.5572063115344869 0.5518220419361567 0.5464377723378265 0.5410535027394964 0.5356692331411571 0.530284963542827 0.5249006939444969 0.5195164243461667 0.5141321547478366 0.5087478851495064 0.5033636155511764 0.4979793459528462 0.49259507635451605 0.48721080675618594 0.48182653715785584 0.4764422675595257 0.4710579979611956 0.46567372836285625 0.4602894587645261 0.454905189166196 0.4495209195678659 0.4441366499695357 0.43875238037120556 0.43336811077287546 0.43174771901765835 0.43415099776317023 0.43655427650868217 0.43895755525419405 0.441360833999706 0.4437641127452179 0.4461673914907339 0.44857067023624586 0.45097394898175774 0.4533772277272697 0.45578050647278157 0.4581837852182935 0.46058706396380544 0.4629903427093173 0.46539362145482926 0.46779690020034115
0.5729465423739191 0.5677464050801795 0.5625462677864399 0.5573461304927003 0.5521459931989606 0.546945855905221 0.5417457186114815 0.5365455813177419 0.5313454440239934 0.5261453067302538 0.5209451694365143 0.5157450321427747 0.5105448948490351 0.5053447575552955 0.5001446202615559 0.49494448296781635 0.48974434567407676 0.4845442083803372 0.4793440710865976 0.47414393379285796 0.4689437964991184 0.4637436592053699 0.45854352191163034 0.45334338461789075 0.4481432473241512 0.4429431100304116 0.43774297273667195 0.43254283544293237 0.43099166532852634 0.4333413236175919 0.43569098190665745 0.43804064019572303 0.4403902984847886 0.4427399567738542 0.44508961506292377 0.44743927335198935 0.44978893164105493 0.4521385899301205 0.45448824821918604 0.4568379065082516 0.4591875647973172 0.4615372230863828 0.46388688137544837 0.46623653966451395
0.5671496948200309 0.5621336898308817 0.5571176848417327 0.5521016798525837 0.5470856748634346 0.5420696698742856 0.5370536648851365 0.5320376598959875 0.5270216549068298 0.5220056499176808 0.5169896449285317 0.5119736399393827 0.5069576349502336 0.5019416299610846 0.49692562497193554 0.4919096199827865 0.4868936149936374 0.48187761000448837 0.4768616050153393 0.47184560002619025 0.46682959503704125 0.4618135900478836 0.4567975850587346 0.45178158006958546 0.44676557508043646 0.4417495700912874 0.43673356510213834 0.4317175601129893 0.4302356116393943 0.4325316494720135 0.4348276873046327 0.43712372513725195 0.4394197629698712 0.4417158008024904 0.44401183863511356 0.4463078764677328 0.448603914300352 0.45089995213297124 0.45319598996559046 0.4554920277982097 0.4577880656308289 0.4600841034634482 0.4623801412960674 0.46467617912868664
0.5613528472661377 0.5565209745815792 0.5516891018970209 0.5468572292124625 0.5420253565279042 0.5371934838433459 0.5323616111587874 0.5275297384742291 0.5226978657896625 0.5178659931051042 0.5130341204205457 0.5082022477359874 0.503370375051429 0.4985385023668707 0.4937066296823123 0.48887475699775396 0.48404288431319564 0.4792110116286373 0.4743791389440789 0.46954726625952053 0.46471539357496217 0.4598835208903956 0.4550516482058372 0.45021977552127884 0.4453879028367205 0.44055603015216216 0.4357241574676038 0.4308922847830454 0.4294795579502615 0.43172197532643436 0.4339643927026072 0.43620681007878004 0.4384492274549529 0.4406916448311257 0.4429340622073024 0.4451764795834752 0.4474188969596481 0.4496613143358209 0.4519037317119938 0.4541461490881666 0.45638856646433945 0.45863098384051226 0.46087340121668513 0.46311581859285794
0.5555559997122493 0.5509082593322815 0.5462605189523136 0.5416127785723459 0.5369650381923781 0.5323172978124102 0.5276695574324424 0.5230218170524746 0.5183740766724988 0.5137263362925311 0.5090785959125632 0.5044308555325954 0.4997831151526276 0.4951353747726598 0.49048763439269194 0.4858398940127241 0.4811921536327563 0.47654441325278846 0.47189667287282067 0.4672489324928528 0.46260119211288503 0.45795345173290924 0.45330571135294145 0.44865797097297366 0.4440102305930058 0.43936249021303797 0.4347147498330702 0.4300670094531024 0.42872350426112954 0.430912301180856 0.4331010981005825 0.435289895020309 0.4374786919400355 0.439667488859762 0.4418562857794922 0.4440450826992187 0.44623387961894523 0.4484226765386717 0.4506114734583982 0.4528002703781247 0.45498906729785116 0.45717786421757767 0.4593666611373042 0.4615554580570307
0.5497591521583611 0.5452955440829839 0.5408319360076066 0.5363683279322293 0.531904719856852 0.5274411117814747 0.5229775037060974 0.5185138956307201 0.5140502875553352 0.509586679479958 0.5051230714045807 0.5006594633292034 0.49619585525382615 0.4917322471784488 0.48726863910307155 0.48280503102769423 0.47834142295231696 0.4738778148769397 0.46941420680156243 0.46495059872618516 0.46048699065080784 0.45602338257542296 0.4515597745000457 0.4470961664246684 0.4426325583492911 0.4381689502739138 0.4337053421985365 0.42924173412315925 0.4279674505719975 0.43010262703527763 0.4322378034985578 0.43437297996183794 0.4365081564251181 0.43864333288839824 0.440778509351682 0.44291368581496215 0.4450488622782423 0.44718403874152246 0.4493192152048026 0.45145439166808277 0.4535895681313629 0.45572474459464307 0.4578599210579232 0.4599950975212034
0.5439623046044728 0.5396828288336861 0.5354033530628993 0.5311238772921126 0.5268444015213258 0.5225649257505391 0.5182854499797523 0.5140059742089657 0.5097264984381715 0.5054470226673848 0.5011675468965981 0.49688807112581135 0.4926085953550246 0.48832911958423786 0.4840496438134511 0.47977016804266437 0.4754906922718776 0.4712112165010909 0.46693174073030413 0.4626522649595174 0.45837278918873064 0.4540933134179366 0.4498138376471499 0.4455343618763631 0.4412548861055764 0.4369754103347896 0.4326959345640029 0.4284164587932161 0.4272113968828654 0.4292929528896992 0.431374508896533 0.43345606490336686 0.43553762091020065 0.43761917691703445 0.4397007329238718 0.4417822889307056 0.44386384493753944 0.44594540094437324 0.44802695695120703 0.45010851295804083 0.4521900689648746 0.4542716249717085 0.45635318097854227 0.45843473698537607
0.5381654570505846 0.5340701135843885 0.5299747701181923 0.525879426651996 0.5217840831857998 0.5176887397196036 0.5135933962534074 0.5094980527872112 0.505402709321008 0.5013073658548117 0.49721202238861556 0.49311667892241934 0.48902133545622317 0.48492599199002695 0.48083064852383073 0.4767353050576345 0.4726399615914383 0.46854461812524206 0.4644492746590459 0.4603539311928497 0.45625858772665345 0.4521632442604503 0.44806790079425407 0.44397255732805785 0.4398772138618616 0.4357818703956654 0.43168652692946924 0.427591183463273 0.42645534319373335 0.4284832787441208 0.4305112142945083 0.4325391498448957 0.4345670853952832 0.43659502094567065 0.4386229564960616 0.440650892046449 0.4426788275968365 0.44470676314722396 0.44673469869761145 0.4487626342479989 0.4507905697983864 0.4528185053487738 0.4548464408991613 0.45687437644954876
0.5323686094966964 0.5284573983350906 0.524546187173485 0.5206349760118794 0.5167237648502737 0.512812553688668 0.5089013425270623 0.5049901313654567 0.5010789202038444 0.49716770904223867 0.49325649788063297 0.48934528671902733 0.48543407555742163 0.481522864395816 0.4776116532342103 0.47370044207260464 0.46978923091099895 0.46587801974939325 0.4619668085877876 0.45805559742618196 0.45414438626457626 0.4502331751029639 0.44632196394135826 0.44241075277975256 0.4384995416181469 0.4345883304565412 0.4306771192949356 0.4267659081333299 0.4256992895046013 0.4276736045985424 0.42964791969248356 0.43162223478642464 0.4335965498803658 0.4355708649743069 0.4375451800682514 0.4395194951621925 0.4414938102561336 0.44346812535007474 0.4454424404440159 0.447416755537957 0.4493910706318981 0.45136538572583923 0.45333970081978037 0.45531401591372145
0.5265717619428081 0.5228446830857929 0.5191176042287778 0.5153905253717627 0.5116634465147476 0.5079363676577324 0.5042092888007172 0.5004822099437022 0.4967551310866807 0.4930280522296655 0.4893009733726504 0.48557389451563526 0.48184681565862014 0.478119736801605 0.47439265794458985 0.4706655790875747 0.4669385002305596 0.46321142137354443 0.4594843425165293 0.4557572636595142 0.45203018480249907 0.44830310594547756 0.44457602708846244 0.4408489482314473 0.4371218693744322 0.43339479051741703 0.4296677116604019 0.4259406328033868 0.4249432358154692 0.426863930452964 0.4287846250904588 0.43070531972795356 0.43262601436544834 0.4345467090029431 0.4364674036404412 0.43838809827793596 0.44030879291543074 0.4422294875529255 0.4441501821904203 0.4460708768279151 0.44799157146540985 0.4499122661029046 0.45183296074039936 0.45375365537789414
0.5207749143889149 0.5172319678364904 0.513689021284066 0.5101460747316415 0.5066031281792172 0.5030601816267927 0.49951723507436824 0.4959742885219438 0.4924313419695133 0.4888883954170889 0.48534544886466446 0.48180250231224 0.47825955575981555 0.4747166092073911 0.4711736626549667 0.46763071610254225 0.4640877695501178 0.4605448229976934 0.4570018764452689 0.45345892989284453 0.44991598334042004 0.44637303678798956 0.44283009023556513 0.4392871436831407 0.43574419713071627 0.43220125057829184 0.4286583040258674 0.425115357473443 0.42418718212633655 0.4260542563073849 0.42792133048843334 0.4297884046694817 0.43165547885053007 0.4335225530315785 0.43538962721263 0.43725670139367845 0.4391237755747268 0.4409908497557752 0.4428579239368236 0.444724998117872 0.44659207229892034 0.44845914647996876 0.45032622066101713 0.4521932948420655
0.5149780668350267 0.5116192525871928 0.5082604383393589 0.504901624091525 0.501542809843691 0.49818399559585713 0.4948251813480232 0.4914663671001893 0.4881075528523497 0.48474873860451584 0.48138992435668193 0.478031110108848 0.4746722958610141 0.4713134816131802 0.4679546673653463 0.4645958531175124 0.4612370388696785 0.4578782246218446 0.45451941037401067 0.45116059612617676 0.4478017818783429 0.4444429676305033 0.4410841533826694 0.43772533913483547 0.43436652488700156 0.43100771063916765 0.42764889639133374 0.42429008214349984 0.4234311284372045 0.42524458216180655 0.42705803588640856 0.4288714896110106 0.43068494333561264 0.4324983970602147 0.4343118507848198 0.4361253045094219 0.4379387582340239 0.43975221195862596 0.44156566568322797 0.44337911940783004 0.4451925731324321 0.4470060268570341 0.4488194805816362 0.4506329343062382
