Figures/CREST_Example_wjb_NSE/PETs/wjb.pet.20091103.asc
ncols            288
nrows            254
xllcorner        113.274861
yllcorner        31.4918055
cellsize         0.008333333333
NODATA_value     -9999
[rows 140 to 159 of 254, columns 44 to 87 of 288]
1.2340503573142685 1.2337172477805807 1.233384138246893 1.2330510287132055 1.2327179191795177 1.23238480964583 1.2320517001121425 1.231718590578455 1.2313854810447666 1.2310523715110788 1.2307192619773912 1.2303861524437036 1.230053042910016 1.2297199333763282 1.2293868238426406 1.229053714308953 1.2287206047752652 1.2283874952415776 1.22805438570789 1.2277212761742022 1.2273881666405146 1.2270550571068264 1.2267219475731388 1.2263888380394512 1.2260557285057634 1.2257226189720758 1.2253895094383882 1.2250563999047006 1.2242059265640395 1.2228023796181677 1.2213988326722962 1.2199952857264245 1.2185917387805527 1.217188191834681 1.215784644888807 1.2143810979429353 1.2129775509970635 1.2115740040511918 1.21017045710532 1.2087669101594483 1.2073633632135767 1.205959816267705 1.2045562693218332 1.2031527223759615
1.2352242061645002 1.2349254788484314 1.2346267515323628 1.234328024216294 1.2340292969002251 1.2337305695841563 1.2334318422680874 1.2331331149520186 1.2328343876359493 1.2325356603198805 1.2322369330038117 1.2319382056877428 1.2316394783716742 1.2313407510556054 1.2310420237395365 1.2307432964234677 1.2304445691073989 1.23014584179133 1.2298471144752612 1.2295483871591923 1.2292496598431237 1.2289509325270542 1.2286522052109854 1.2283534778949168 1.228054750578848 1.227756023262779 1.2274572959467103 1.2271585686306414 1.2263265676760302 1.224924485146602 1.2235224026171736 1.2221203200877455 1.2207182375583172 1.2193161550288891 1.2179140724994586 1.2165119899700303 1.2151099074406022 1.213707824911174 1.2123057423817456 1.2109036598523175 1.2095015773228892 1.2080994947934611 1.2066974122640328 1.2052953297346047
1.2363980550147322 1.2361337099162824 1.2358693648178323 1.2356050197193824 1.2353406746209323 1.2350763295224825 1.2348119844240324 1.2345476393255825 1.234283294227132 1.2340189491286822 1.233754604030232 1.2334902589317822 1.2332259138333324 1.2329615687348823 1.2326972236364324 1.2324328785379823 1.2321685334395325 1.2319041883410824 1.2316398432426325 1.2313754981441825 1.2311111530457326 1.230846807947282 1.2305824628488322 1.2303181177503824 1.2300537726519323 1.2297894275534824 1.2295250824550323 1.2292607373565825 1.2284472087880207 1.227046590675036 1.2256459725620512 1.2242453544490666 1.222844736336082 1.2214441182230973 1.2200435001101102 1.2186428819971256 1.2172422638841407 1.215841645771156 1.2144410276581714 1.2130404095451868 1.2116397914322021 1.2102391733192175 1.2088385552062326 1.207437937093248
1.2375719038649642 1.237341940984133 1.237111978103302 1.2368820152224709 1.2366520523416398 1.2364220894608087 1.2361921265799776 1.2359621636991465 1.235732200818315 1.2355022379374838 1.2352722750566527 1.2350423121758216 1.2348123492949905 1.2345823864141594 1.2343524235333283 1.234122460652497 1.2338924977716659 1.2336625348908348 1.2334325720100037 1.2332026091291726 1.2329726462483415 1.23274268336751 1.2325127204866788 1.2322827576058477 1.2320527947250166 1.2318228318441855 1.2315928689633544 1.2313629060825233 1.2305678499000112 1.22916869620347 1.2277695425069288 1.2263703888103876 1.2249712351138464 1.2235720814173054 1.2221729277207618 1.2207737740242206 1.2193746203276794 1.2179754666311382 1.216576312934597 1.2151771592380558 1.2137780055415148 1.2123788518449736 1.2109796981484324 1.2095805444518912
1.238745752715197 1.2385501720519847 1.2383545913887726 1.2381590107255602 1.237963430062348 1.2377678493991358 1.2375722687359236 1.2373766880727113 1.2371811074094987 1.2369855267462866 1.2367899460830745 1.2365943654198621 1.23639878475665 1.2362032040934376 1.2360076234302255 1.2358120427670132 1.235616462103801 1.2354208814405887 1.2352253007773766 1.2350297201141642 1.234834139450952 1.2346385587877395 1.2344429781245272 1.234247397461315 1.2340518167981027 1.2338562361348906 1.2336606554716782 1.2334650748084661 1.2326884910120035 1.231290801731906 1.2298931124518082 1.2284954231717105 1.227097733891613 1.2257000446115152 1.2243023553314152 1.2229046660513174 1.2215069767712199 1.2201092874911221 1.2187115982110246 1.2173139089309268 1.215916219650829 1.2145185303707315 1.2131208410906338 1.2117231518105362
1.239919601565429 1.2397584031198357 1.239597204674242 1.2394360062286487 1.2392748077830553 1.239113609337462 1.2389524108918686 1.2387912124462752 1.2386300140006816 1.2384688155550883 1.2383076171094949 1.2381464186639015 1.2379852202183081 1.2378240217727146 1.2376628233271212 1.2375016248815278 1.2373404264359344 1.237179227990341 1.2370180295447477 1.2368568310991543 1.236695632653561 1.2365344342079674 1.236373235762374 1.2362120373167806 1.2360508388711873 1.2358896404255937 1.2357284419800003 1.235567243534407 1.234809132123994 1.23341290726034 1.2320166823966858 1.2306204575330317 1.2292242326693774 1.2278280078057233 1.2264317829420668 1.2250355580784127 1.2236393332147584 1.2222431083511043 1.2208468834874502 1.219450658623796 1.2180544337601418 1.2166582088964877 1.2152619840328336 1.2138657591691793
1.2410934504156608 1.2409666341876864 1.2408398179597118 1.2407130017317372 1.2405861855037628 1.2404593692757881 1.2403325530478135 1.2402057368198391 1.2400789205918643 1.23995210436389 1.2398252881359153 1.2396984719079407 1.2395716556799663 1.2394448394519917 1.239318023224017 1.2391912069960427 1.239064390768068 1.2389375745400935 1.238810758312119 1.2386839420841445 1.2385571258561698 1.2384303096281952 1.2383034934002206 1.2381766771722462 1.2380498609442716 1.237923044716297 1.2377962284883226 1.237669412260348 1.2369297732359847 1.235535012788774 1.2341402523415634 1.2327454918943528 1.2313507314471421 1.2299559709999315 1.2285612105527184 1.2271664501055077 1.225771689658297 1.2243769292110864 1.2229821687638758 1.2215874083166651 1.2201926478694545 1.2187978874222438 1.2174031269750332 1.2160083665278225
1.2422672992658927 1.242174865255537 1.2420824312451815 1.2419899972348256 1.24189756322447 1.2418051292141143 1.2417126952037587 1.2416202611934029 1.2415278271830472 1.2414353931726914 1.2413429591623357 1.24125052515198 1.2411580911416245 1.2410656571312686 1.240973223120913 1.2408807891105573 1.2407883551002017 1.2406959210898458 1.2406034870794902 1.2405110530691346 1.240418619058779 1.240326185048423 1.2402337510380674 1.2401413170277116 1.240048883017356 1.2399564490070003 1.2398640149966447 1.2397715809862888 1.2390504143479752 1.237657118317208 1.236263822286441 1.2348705262556738 1.2334772302249066 1.2320839341941396 1.23069063816337 1.229297342132603 1.2279040461018358 1.2265107500710686 1.2251174540403016 1.2237241580095344 1.2223308619787672 1.2209375659480002 1.219544269917233 1.2181509738864658
1.2438750545357782 1.2438240455136693 1.2437730364915605 1.2437220274694516 1.2436710184473427 1.243620009425234 1.2435690004031252 1.2435179913810164 1.2434669823589073 1.2434159733367984 1.2433649643146896 1.2433139552925807 1.243262946270472 1.2432119372483632 1.2431609282262543 1.2431099192041455 1.2430589101820366 1.2430079011599278 1.242956892137819 1.24290588311571 1.2428548740936012 1.2428038650714923 1.2427528560493835 1.2427018470272746 1.2426508380051657 1.2425998289830569 1.242548819960948 1.2424978109388392 1.2417963137772685 1.2403994300896404 1.2390025464020122 1.237605662714384 1.236208779026756 1.2348118953391278 1.2334150116514973 1.2320181279638691 1.230621244276241 1.2292243605886128 1.2278274769009847 1.2264305932133566 1.2250337095257284 1.2236368258381003 1.2222399421504722 1.220843058462844
1.245946628415695 1.2459445726596725 1.24594251690365 1.2459404611476272 1.2459384053916047 1.245936349635582 1.2459342938795595 1.245932238123537 1.2459301823675142 1.2459281266114917 1.245926070855469 1.2459240150994464 1.2459219593434239 1.2459199035874011 1.2459178478313786 1.2459157920753559 1.2459137363193333 1.2459116805633108 1.245909624807288 1.2459075690512655 1.2459055132952428 1.2459034575392203 1.2459014017831977 1.245899346027175 1.2458972902711525 1.2458952345151297 1.2458931787591072 1.2458911230030847 1.245210574932746 1.2438047032403667 1.2423988315479875 1.2409929598556082 1.239587088163229 1.2381812164708497 1.2367753447784682 1.235369473086089 1.2339636013937096 1.2325577297013304 1.231151858008951 1.2297459863165718 1.2283401146241926 1.2269342429318135 1.2255283712394343 1.224122499547055
1.248018202295614 1.2480650998056777 1.2481119973157413 1.248158894825805 1.2482057923358687 1.2482526898459323 1.248299587355996 1.2483464848660597 1.2483933823761233 1.248440279886187 1.2484871773962507 1.2485340749063143 1.248580972416378 1.2486278699264417 1.2486747674365053 1.248721664946569 1.2487685624566327 1.2488154599666963 1.2488623574767599 1.2489092549868237 1.2489561524968873 1.249003050006951 1.2490499475170147 1.2490968450270783 1.249143742537142 1.2491906400472057 1.2492375375572693 1.2492844350673329 1.2486248360882264 1.247209976391096 1.2457951166939656 1.2443802569968354 1.242965397299705 1.2415505376025746 1.2401356779054418 1.2387208182083116 1.2373059585111812 1.2358910988140508 1.2344762391169204 1.2330613794197902 1.2316465197226598 1.2302316600255294 1.228816800328399 1.2274019406312688
1.2500897761755312 1.2501856269516811 1.2502814777278308 1.2503773285039808 1.2504731792801307 1.2505690300562806 1.2506648808324305 1.2507607316085803 1.2508565823847304 1.2509524331608803 1.2510482839370303 1.25114413471318 1.25123998548933 1.2513358362654798 1.2514316870416298 1.2515275378177797 1.2516233885939296 1.2517192393700793 1.2518150901462293 1.2519109409223792 1.2520067916985291 1.252102642474679 1.252198493250829 1.252294344026979 1.2523901948031289 1.2524860455792788 1.2525818963554285 1.2526777471315784 1.2520390972437039 1.2506152495418223 1.249191401839941 1.2477675541380595 1.2463437064361782 1.2449198587342967 1.2434960110324127 1.2420721633305314 1.2406483156286499 1.2392244679267685 1.237800620224887 1.2363767725230057 1.2349529248211242 1.2335290771192426 1.2321052294173613 1.2306813817154798
1.252161350055448 1.252306154097684 1.2524509581399204 1.2525957621821564 1.2527405662243924 1.2528853702666287 1.2530301743088648 1.2531749783511008 1.2533197823933373 1.2534645864355733 1.2536093904778096 1.2537541945200457 1.2538989985622817 1.254043802604518 1.254188606646754 1.25433341068899 1.2544782147312263 1.2546230187734624 1.2547678228156987 1.2549126268579347 1.2550574309001707 1.2552022349424072 1.2553470389846433 1.2554918430268793 1.2556366470691156 1.2557814511113516 1.255926255153588 1.256071059195824 1.2554533583991814 1.254020522692549 1.2525876869859163 1.2511548512792838 1.2497220155726512 1.2482891798660187 1.2468563441593836 1.2454235084527512 1.2439906727461185 1.242557837039486 1.2411250013328534 1.239692165626221 1.2382593299195883 1.2368264942129559 1.2353936585063234 1.2339608227996908
1.2542329239353651 1.2544266812436875 1.2546204385520099 1.2548141958603323 1.2550079531686544 1.2552017104769768 1.2553954677852992 1.2555892250936216 1.2557829824019442 1.2559767397102666 1.256170497018589 1.2563642543269113 1.2565580116352337 1.2567517689435561 1.2569455262518785 1.2571392835602009 1.2573330408685233 1.2575267981768454 1.2577205554851678 1.2579143127934902 1.2581080701018126 1.2583018274101352 1.2584955847184576 1.25868934202678 1.2588830993351023 1.2590768566434247 1.259270613951747 1.2594643712600695 1.2588676195546589 1.2574257958432753 1.2559839721318917 1.254542148420508 1.2531003247091244 1.2516585009977408 1.2502166772863545 1.248774853574971 1.2473330298635872 1.2458912061522036 1.24444938244082 1.2430075587294362 1.2415657350180527 1.240123911306669 1.2386820875952853 1.2372402638839017
1.2563044978152822 1.2565472083896907 1.2567899189640994 1.257032629538508 1.2572753401129166 1.2575180506873251 1.2577607612617336 1.2580034718361424 1.2582461824105513 1.2584888929849598 1.2587316035593685 1.258974314133777 1.2592170247081858 1.2594597352825943 1.2597024458570028 1.2599451564314115 1.26018786700582 1.2604305775802287 1.2606732881546372 1.2609159987290457 1.2611587093034544 1.2614014198778634 1.2616441304522719 1.2618868410266806 1.262129551601089 1.2623722621754978 1.2626149727499063 1.2628576833243148 1.2622818807101364 1.2608310689940017 1.259380257277867 1.2579294455617323 1.2564786338455975 1.2550278221294626 1.2535770104133255 1.2521261986971908 1.250675386981056 1.2492245752649214 1.2477737635487864 1.2463229518326517 1.244872140116517 1.2434213284003823 1.2419705166842476 1.2405197049681127
1.2583760716951993 1.258667735535694 1.258959399376189 1.2592510632166838 1.2595427270571786 1.2598343908976735 1.260126054738168 1.260417718578663 1.2607093824191584 1.261001046259653 1.2612927101001479 1.2615843739406427 1.2618760377811375 1.2621677016216324 1.2624593654621272 1.262751029302622 1.263042693143117 1.2633343569836117 1.2636260208241066 1.2639176846646014 1.2642093485050963 1.2645010123455915 1.2647926761860864 1.2650843400265812 1.265376003867076 1.2656676677075707 1.2659593315480655 1.2662509953885603 1.265696141865614 1.264236342144728 1.2627765424238422 1.2613167427029564 1.2598569429820705 1.2583971432611847 1.2569373435402964 1.2554775438194106 1.2540177440985247 1.252557944377639 1.251098144656753 1.2496383449358672 1.2481785452149814 1.2467187454940953 1.2452589457732095 1.2437991460523237
1.2604476455751163 1.2607882626816973 1.2611288797882785 1.2614694968948594 1.2618101140014406 1.2621507311080216 1.2624913482146027 1.2628319653211837 1.2631725824277653 1.2635131995343465 1.2638538166409274 1.2641944337475084 1.2645350508540896 1.2648756679606705 1.2652162850672517 1.2655569021738327 1.2658975192804138 1.2662381363869948 1.2665787534935757 1.266919370600157 1.2672599877067379 1.2676006048133195 1.2679412219199007 1.2682818390264816 1.2686224561330628 1.2689630732396437 1.269303690346225 1.2696443074528059 1.2691104030210916 1.2676416152954546 1.2661728275698176 1.2647040398441807 1.2632352521185437 1.2617664643929067 1.2602976766672673 1.2588288889416304 1.2573601012159934 1.2558913134903564 1.2544225257647195 1.2529537380390825 1.2514849503134458 1.2500161625878088 1.2485473748621718 1.2470785871365349
1.262519219455035 1.2629087898277025 1.2632983602003698 1.263687930573037 1.2640775009457044 1.2644670713183717 1.264856641691039 1.2652462120637065 1.2656357824363744 1.2660253528090417 1.266414923181709 1.2668044935543763 1.2671940639270436 1.267583634299711 1.2679732046723784 1.2683627750450457 1.268752345417713 1.2691419157903803 1.2695314861630476 1.2699210565357149 1.2703106269083824 1.2707001972810503 1.2710897676537176 1.271479338026385 1.2718689083990522 1.2722584787717195 1.272648049144387 1.2730376195170543 1.272524664176572 1.2710468884461839 1.2695691127157958 1.2680913369854077 1.2666135612550198 1.2651357855246317 1.2636580097942411 1.262180234063853 1.260702458333465 1.2592246826030769 1.2577469068726888 1.2562691311423007 1.2547913554119128 1.2533135796815247 1.2518358039511366 1.2503580282207485
1.2645907933349523 1.2650293169737057 1.2654678406124593 1.265906364251213 1.2663448878899664 1.26678341152872 1.2672219351674736 1.267660458806227 1.2680989824449813 1.268537506083735 1.2689760297224886 1.269414553361242 1.2698530769999956 1.2702916006387492 1.2707301242775026 1.2711686479162563 1.27160717155501 1.2720456951937633 1.272484218832517 1.2729227424712706 1.273361266110024 1.2737997897487783 1.274238313387532 1.2746768370262855 1.275115360665039 1.2755538843037926 1.2759924079425462 1.2764309315812996 1.2759389253320494 1.2744521615969102 1.2729653978617712 1.271478634126632 1.2699918703914927 1.2685051066563537 1.267018342921212 1.2655315791860728 1.2640448154509336 1.2625580517157946 1.2610712879806554 1.2595845242455161 1.2580977605103771 1.256610996775238 1.2551242330400987 1.2536374693049597
1.2666623672148694 1.267149844119709 1.2676373210245488 1.2681247979293886 1.2686122748342283 1.269099751739068 1.269587228643908 1.2700747055487478 1.2705621824535884 1.2710496593584282 1.271537136263268 1.2720246131681077 1.2725120900729476 1.2729995669777874 1.2734870438826271 1.2739745207874669 1.2744619976923066 1.2749494745971466 1.2754369515019863 1.275924428406826 1.2764119053116658 1.2768993822165065 1.2773868591213462 1.2778743360261862 1.278361812931026 1.2788492898358657 1.2793367667407054 1.2798242436455451 1.279353186487527 1.2778574347476366 1.2763616830077464 1.274865931267856 1.273370179527966 1.2718744277880756 1.2703786760481828 1.2688829243082926 1.2673871725684023 1.2658914208285121 1.2643956690886218 1.2628999173487316 1.2614041656088413 1.2599084138689511 1.2584126621290608 1.2569169103891706
