Figures/CREST_Example_wjb_NSE/PETs/wjb.pet.20090606.asc
ncols            288
nrows            254
xllcorner        113.274861
yllcorner        31.4918055
cellsize         0.008333333333
NODATA_value     -9999
[rows 180 to 199 of 254, columns 132 to 175 of 288]
2.967336316011166 2.9638513717663755 2.960366427521585 2.956881483276794 2.953396539032003 2.9499115947872125 2.946426650542422 2.9429417062976313 2.9394567620528402 2.9359718178080496 2.932486873563259 2.929001929318462 2.9255169850736715 2.922032040828881 2.9185470965840903 2.9150621523392997 2.9115772080945086 2.908092263849718 2.9046073196049274 2.9011223753601367 2.897637431115346 2.894152486870555 2.8906675426257644 2.887182598380974 2.883697654136177 2.8802127098913863 2.8767277656465957 2.873242821401805 2.8697578771570145 2.8662729329122234 2.8626688336725072 2.8589373550477553 2.855205876423003 2.8514743977982504 2.8477429191734984 2.844011440548746 2.8402799619239936 2.836548483299235 2.832817004674483 2.8290855260497305 2.825354047424978 2.821622568800226 2.8178910901754737 2.8141596115507213
2.975873229981715 2.9724140729157265 2.968954915849738 2.9654957587837494 2.962036601717761 2.9585774446517723 2.9551182875857838 2.9516591305197952 2.9481999734538067 2.944740816387818 2.9412816593218296 2.9378225022558353 2.9343633451898468 2.9309041881238582 2.9274450310578697 2.923985873991881 2.9205267169258926 2.917067559859904 2.9136084027939155 2.910149245727927 2.9066900886619385 2.90323093159595 2.8997717745299614 2.896312617463973 2.892853460397978 2.8893943033319895 2.885935146266001 2.8824759892000125 2.879016832134024 2.8755576750680354 2.871955429585271 2.8682002193481035 2.864445009110936 2.8606897988737683 2.8569345886366007 2.853179378399433 2.8494241681622654 2.845668957925091 2.8419137476879235 2.838158537450756 2.8344033272135882 2.8306481169764206 2.826892906739253 2.8231376965020853
2.9844101439522643 2.980976774065078 2.9775434041778914 2.9741100342907054 2.970676664403519 2.9672432945163325 2.963809924629146 2.9603765547419596 2.9569431848547736 2.953509814967587 2.9500764450804007 2.9466430751932084 2.943209705306022 2.9397763354188355 2.9363429655316495 2.932909595644463 2.9294762257572766 2.92604285587009 2.9226094859829037 2.9191761160957177 2.9157427462085312 2.912309376321345 2.9088760064341583 2.905442636546972 2.9020092666597797 2.8985758967725936 2.895142526885407 2.8917091569982207 2.8882757871110343 2.884842417223848 2.8812420254980355 2.8774630836484527 2.8736841417988694 2.8699051999492866 2.8661262580997033 2.8623473162501205 2.8585683744005377 2.854789432550948 2.851010490701365 2.847231548851782 2.843452607002199 2.839673665152616 2.835894723303033 2.83211578145345
2.992947057922821 2.9895394752144364 2.9861318925060525 2.982724309797668 2.979316727089284 2.9759091443809 2.9725015616725154 2.9690939789641315 2.965686396255747 2.962278813547363 2.958871230838979 2.955463648130589 2.952056065422205 2.9486484827138204 2.9452409000054365 2.941833317297052 2.938425734588668 2.935018151880284 2.9316105691719 2.9282029864635155 2.924795403755131 2.921387821046747 2.917980238338363 2.914572655629979 2.9111650729215888 2.907757490213205 2.9043499075048205 2.900942324796436 2.897534742088052 2.894127159379668 2.8905286214108075 2.886725947948809 2.8829232744868105 2.879120601024812 2.875317927562814 2.8715152541008155 2.867712580638817 2.8639099071768124 2.860107233714814 2.8563045602528154 2.852501886790817 2.8486992133288185 2.8448965398668205 2.841093866404822
3.0014839718933697 2.9981021763637874 2.9947203808342056 2.9913385853046237 2.9879567897750414 2.9845749942454596 2.9811931987158777 2.9778114031862954 2.9744296076567136 2.9710478121271318 2.9676660165975495 2.964284221067962 2.9609024255383796 2.9575206300087977 2.954138834479216 2.9507570389496336 2.9473752434200517 2.94399344789047 2.9406116523608876 2.9372298568313058 2.933848061301724 2.9304662657721416 2.92708447024256 2.923702674712978 2.92032087918339 2.916939083653808 2.9135572881242258 2.910175492594644 2.906793697065062 2.90341190153548 2.8998152173235714 2.8959888122491573 2.8921624071747436 2.88833600210033 2.8845095970259162 2.8806831919515026 2.876856786877089 2.8730303818026686 2.869203976728255 2.865377571653841 2.8615511665794275 2.857724761505014 2.8538983564305997 2.850071951356186
3.010020885863919 3.0066648775131393 3.003308869162359 2.9999528608115793 2.9965968524607995 2.99324084411002 2.98988483575924 2.9865288274084603 2.98317281905768 2.9798168107069003 2.9764608023561205 2.973104794005335 2.9697487856545552 2.9663927773037755 2.9630367689529957 2.959680760602216 2.9563247522514358 2.952968743900656 2.9496127355498762 2.9462567271990965 2.9429007188483167 2.939544710497537 2.9361887021467568 2.932832693795977 2.9294766854451915 2.9261206770944117 2.922764668743632 2.919408660392852 2.9160526520420724 2.912696643691292 2.9091018132363353 2.9052516765495064 2.901401539862677 2.8975514031758483 2.893701266489019 2.88985112980219 2.8860009931153607 2.882150856428525 2.878300719741696 2.874450583054867 2.8706004463680377 2.866750309681209 2.8629001729943795 2.8590500363075506
3.0185577998344684 3.0152275786624907 3.011897357490513 3.0085671363185353 3.0052369151465577 3.00190669397458 2.9985764728026023 2.9952462516306246 2.991916030458647 2.9885858092866693 2.9852555881146916 2.981925366942708 2.9785951457707305 2.975264924598753 2.971934703426775 2.9686044822547974 2.9652742610828198 2.961944039910842 2.9586138187388644 2.9552835975668867 2.951953376394909 2.9486231552229314 2.9452929340509537 2.941962712878976 2.9386324917069926 2.935302270535015 2.9319720493630372 2.9286418281910596 2.925311607019082 2.921981385847104 2.9183884091490992 2.9145145408498547 2.91064067255061 2.906766804251366 2.9028929359521216 2.899019067652877 2.8951451993536326 2.8912713310543814 2.8873974627551373 2.883523594455893 2.8796497261566483 2.8757758578574038 2.8719019895581592 2.8680281212589147
3.0270947138050173 3.0237902798118417 3.020485845818666 3.0171814118254905 3.013876977832315 3.0105725438391397 3.007268109845964 3.0039636758527886 3.000659241859613 2.997354807866438 2.9940503738732622 2.990745939880081 2.9874415058869057 2.98413707189373 2.9808326379005545 2.977528203907379 2.9742237699142033 2.970919335921028 2.9676149019278526 2.964310467934677 2.9610060339415014 2.957701599948326 2.9543971659551507 2.951092731961975 2.9477882979687937 2.9444838639756186 2.941179429982443 2.9378749959892674 2.934570561996092 2.9312661280029166 2.927675005061863 2.9237774051502035 2.9198798052385433 2.9159822053268836 2.912084605415224 2.908187005503564 2.9042894055919044 2.900391805680238 2.896494205768578 2.892596605856918 2.8886990059452584 2.8848014060335987 2.880903806121939 2.877006206210279
3.0356316277755666 3.032352980961193 3.0290743341468196 3.0257956873324465 3.022517040518073 3.0192383937037 3.0159597468893264 3.0126811000749534 3.00940245326058 3.0061238064462064 3.0028451596318333 2.9995665128174545 2.996287866003081 2.9930092191887074 2.9897305723743344 2.986451925559961 2.983173278745588 2.9798946319312143 2.9766159851168412 2.9733373383024677 2.970058691488094 2.966780044673721 2.9635013978593476 2.9602227510449746 2.9569441042305953 2.953665457416222 2.9503868106018487 2.9471081637874756 2.943829516973102 2.940550870158729 2.9369616009746276 2.933040269450552 2.929118937926477 2.925197606402402 2.9212762748783265 2.9173549433542516 2.9134336118301762 2.9095122803060947 2.9055909487820193 2.9016696172579444 2.897748285733869 2.893826954209794 2.8899056226857187 2.885984291161644
3.044168541746123 3.0409156821105516 3.0376628224749807 3.0344099628394097 3.0311571032038382 3.0279042435682673 3.024651383932696 3.021398524297125 3.018145664661554 3.0148928050259824 3.0116399453904115 3.0083870857548347 3.0051342261192637 3.0018813664836927 2.9986285068481213 2.9953756472125503 2.9921227875769794 2.988869927941408 2.985617068305837 2.9823642086702655 2.9791113490346945 2.9758584893991236 2.972605629763552 2.969352770127981 2.9660999104924044 2.9628470508568334 2.9595941912212624 2.956341331585691 2.95308847195012 2.949835612314549 2.946248196887399 2.9423031337509085 2.938358070614418 2.9344130074779278 2.930467944341437 2.9265228812049466 2.922577818068456 2.918632754931959 2.9146876917954683 2.9107426286589777 2.906797565522487 2.9028525023859966 2.898907439249506 2.8949623761130154
3.052705455716672 3.0494783832599026 3.0462513108031337 3.043024238346365 3.039797165889596 3.036570093432827 3.033343020976058 3.0301159485192892 3.0268888760625203 3.0236618036057514 3.020434731148982 3.017207658692208 3.013980586235439 3.01075351377867 3.007526441321901 3.004299368865132 3.001072296408363 2.997845223951594 2.994618151494825 2.9913910790380562 2.9881640065812873 2.9849369341245184 2.9817098616677495 2.9784827892109806 2.975255716754206 2.972028644297437 2.968801571840668 2.9655744993838993 2.9623474269271304 2.9591203544703615 2.9555347928001634 2.9515659980512576 2.9475972033023514 2.9436284085534457 2.93965961380454 2.935690819055634 2.931722024306728 2.9277532295578155 2.9237844348089097 2.9198156400600035 2.9158468453110977 2.911878050562192 2.9079092558132857 2.90394046106438
3.061242369687221 3.058041084409254 3.0548397991312877 3.051638513853321 3.048437228575354 3.0452359432973872 3.0420346580194204 3.0388333727414536 3.035632087463487 3.03243080218552 3.029229516907553 3.026028231629581 3.022826946351614 3.0196256610736474 3.0164243757956806 3.0132230905177138 3.010021805239747 3.00682051996178 3.0036192346838133 3.0004179494058465 2.9972166641278797 2.994015378849913 2.990814093571946 2.9876128082939797 2.984411523016007 2.9812102377380403 2.9780089524600735 2.9748076671821067 2.9716063819041403 2.9684050966261735 2.9648213887129273 2.960828862351606 2.956836335990285 2.9528438096289635 2.948851283267642 2.944858756906321 2.9408662305449997 2.9368737041836717 2.9328811778223502 2.9288886514610293 2.924896125099708 2.9209035987383865 2.9169110723770655 2.912918546015744
3.0697792836577698 3.0666037855586055 3.0634282874594407 3.060252789360276 3.0570772912611113 3.053901793161947 3.0507262950627823 3.0475507969636175 3.044375298864453 3.0411998007652885 3.0380243026661238 3.0348488045669537 3.031673306467789 3.0284978083686247 3.02532231026946 3.0221468121702952 3.0189713140711305 3.015795815971966 3.0126203178728015 3.0094448197736368 3.006269321674472 3.0030938235753077 2.999918325476143 2.9967428273769783 2.993567329277808 2.990391831178644 2.987216333079479 2.9840408349803145 2.9808653368811497 2.9776898387819855 2.9741079846256913 2.9700917266519546 2.966075468678218 2.9620592107044814 2.958042952730745 2.954026694757008 2.9500104367832716 2.945994178809528 2.9419779208357912 2.937961662862055 2.9339454048883185 2.929929146914582 2.9259128889408452 2.9218966309671086
3.078316197628319 3.075166486707957 3.0720167757875942 3.068867064867232 3.0657173539468694 3.062567643026507 3.0594179321061445 3.0562682211857823 3.0531185102654197 3.0499687993450575 3.046819088424695 3.043669377504327 3.0405196665839647 3.037369955663602 3.03422024474324 3.031070533822877 3.027920822902515 3.0247711119821523 3.02162140106179 3.0184716901414275 3.0153219792210653 3.0121722683007026 3.00902255738034 3.0058728464599778 3.00272313553961 2.9995734246192476 2.996423713698885 2.9932740027785227 2.99012429185816 2.986974580937798 2.983394580538455 2.9793545909523034 2.9753146013661516 2.9712746117799993 2.9672346221938475 2.9631946326076957 2.9591546430215434 2.9551146534353845 2.9510746638492327 2.947034674263081 2.9429946846769286 2.938954695090777 2.934914705504625 2.9308747159184727
3.086853111598872 3.083729187857312 3.0806052641157518 3.077481340374191 3.074357416632631 3.071233492891071 3.0681095691495104 3.0649856454079503 3.06186172166639 3.0587377979248296 3.0556138741832695 3.052489950441704 3.0493660267001435 3.0462421029585833 3.043118179217023 3.0399942554754626 3.0368703317339025 3.0337464079923424 3.030622484250782 3.0274985605092217 3.0243746367676616 3.021250713026101 3.018126789284541 3.015002865542981 3.011878941801415 3.008755018059855 3.0056310943182947 3.002507170576734 2.999383246835174 2.996259323093614 2.992681176451223 2.9886174552526557 2.9845537340540886 2.980490012855521 2.9764262916569537 2.9723625704583867 2.9682988492598192 2.964235128061245 2.9601714068626777 2.95610768566411 2.9520439644655427 2.9479802432669757 2.9439165220684083 2.939852800869841
3.095390025569421 3.092291889006663 3.089193752443905 3.086095615881147 3.0829974793183887 3.0798993427556307 3.0768012061928727 3.0737030696301146 3.070604933067356 3.067506796504598 3.06440865994184 3.0613105233790767 3.0582123868163187 3.0551142502535606 3.0520161136908026 3.0489179771280446 3.0458198405652865 3.0427217040025285 3.0396235674397705 3.0365254308770124 3.033427294314254 3.030329157751496 3.027231021188738 3.02413288462598 3.0210347480632165 3.0179366115004584 3.0148384749377004 3.0117403383749424 3.0086422018121843 3.0055440652494263 3.0019677723639875 2.997880319553005 2.993792866742022 2.9897054139310395 2.985617961120057 2.981530508309074 2.9774430554980915 2.9733556026871018 2.969268149876119 2.9651806970651364 2.9610932442541538 2.957005791443171 2.952918338632188 2.9488308858212053
3.1039269395399702 3.1008545901560143 3.0977822407720583 3.0947098913881024 3.0916375420041464 3.088565192620191 3.085492843236235 3.082420493852279 3.079348144468323 3.076275795084367 3.073203445700411 3.07013109631645 3.067058746932494 3.063986397548538 3.060914048164582 3.057841698780626 3.0547693493966706 3.0516970000127146 3.0486246506287586 3.0455523012448027 3.0424799518608467 3.039407602476891 3.036335253092935 3.033262903708979 3.0301905543250176 3.0271182049410617 3.024045855557106 3.02097350617315 3.0179011567891942 3.0148288074052383 3.0112543682767514 3.007143183853353 3.0030319994299552 2.998920815006557 2.994809630583159 2.990698446159761 2.986587261736363 2.982476077312958 2.97836489288956 2.9742537084661618 2.970142524042764 2.9660313396193656 2.9619201551959677 2.9578089707725694
3.1124638535105227 3.109417291305369 3.1063707291002154 3.1033241668950615 3.1002776046899077 3.0972310424847542 3.0941844802796004 3.0911379180744465 3.088091355869293 3.085044793664139 3.0819982314589853 3.0789516692538266 3.0759051070486727 3.072858544843519 3.0698119826383654 3.0667654204332115 3.0637188582280577 3.0606722960229042 3.0576257338177504 3.0545791716125965 3.051532609407443 3.048486047202289 3.0454394849971353 3.042392922791982 3.0393463605868227 3.036299798381669 3.0332532361765154 3.0302066739713616 3.0271601117662077 3.0241135495610543 3.020540964189519 3.016406048153706 3.0122711321178923 3.008136216082079 3.0040013000462653 2.9998663840104522 2.9957314679746387 2.991596551938818 2.9874616359030046 2.9833267198671916 2.979191803831378 2.9750568877955645 2.970921971759751 2.9667870557239375
3.121000767481072 3.1179799924547207 3.114959217428369 3.1119384424020176 3.1089176673756658 3.1058968923493144 3.1028761173229626 3.0998553422966113 3.0968345672702595 3.093813792243908 3.0907930172175564 3.0877722421911997 3.0847514671648484 3.0817306921384966 3.0787099171121453 3.0756891420857935 3.072668367059442 3.0696475920330903 3.066626817006739 3.063606041980387 3.060585266954036 3.057564491927684 3.0545437169013328 3.051522941874981 3.0485021668486243 3.045481391822273 3.042460616795921 3.03943984176957 3.036419066743218 3.0333982917168667 3.0298275601022833 3.0256689124540546 3.021510264805826 3.017351617157597 3.0131929695093684 3.0090343218611397 3.0048756742129106 3.0007170265646748 2.996558378916446 2.9923997312682173 2.9882410836199886 2.98408243597176 2.979923788323531 2.9757651406753025
3.1295376814516214 3.126542693604072 3.1235477057565224 3.120552717908973 3.117557730061424 3.114562742213874 3.111567754366325 3.1085727665187757 3.105577778671226 3.1025827908236767 3.0995878029761275 3.096592815128573 3.0935978272810236 3.090602839433474 3.0876078515859247 3.0846128637383754 3.0816178758908257 3.0786228880432764 3.075627900195727 3.072632912348178 3.0696379245006282 3.066642936653079 3.0636479488055297 3.06065296095798 3.0576579731104254 3.054662985262876 3.051667997415327 3.048673009567777 3.045678021720228 3.0426830338726787 3.039114156015047 3.034931776754403 3.030749397493759 3.0265670182331146 3.0223846389724707 3.0182022597118263 3.0140198804511824 3.009837501190531 3.005655121929887 3.001472742669243 2.997290363408599 2.993107984147955 2.9889256048873105 2.9847432256266666
