Figures/CREST_Example_wjb_NSE/PETs/wjb.pet.20090814.asc
ncols            288
nrows            254
xllcorner        113.274861
yllcorner        31.4918055
cellsize         0.008333333333
NODATA_value     -9999
[rows 100 to 119 of 254, columns 176 to 219 of 288]
3.173943847632174 3.1695653765971015 3.1651869055620288 3.160808434526956 3.156429963491883 3.15205149245681 3.14767302142173 3.143294550386657 3.1389160793515845 3.1345376083165113 3.1301591372814386 3.125780666246366 3.121402195211293 3.11702372417622 3.1126452531411473 3.1082667821060745 3.1042060566370777 3.100485008367721 3.0967639600983645 3.0930429118290013 3.0893218635596447 3.085600815290288 3.0818797670209315 3.0781587187515744 3.074437670482218 3.0707166222128612 3.0669955739435046 3.0632745256741476 3.059553477404791 3.0558324291354344 3.052111380866078 3.0483903325967208 3.044669284327358 3.0409482360580014 3.0372271877886443 3.0335061395192877 3.029785091249931 3.0260640429805745 3.0223429947112175 3.018621946441861 3.0149008981725043 3.0111798499031477 3.007458801633791 3.003737753364434
3.1767054792828158 3.172350652854417 3.1679958264260186 3.16364099999762 3.159286173569221 3.1549313471408227 3.1505765207124163 3.146221694284018 3.141866867855619 3.1375120414272204 3.133157214998822 3.1288023885704233 3.1244475621420245 3.120092735713626 3.1157379092852273 3.1113830828568285 3.107356923378805 3.103682116307351 3.1000073092358966 3.096332502164436 3.092657695092982 3.0889828880215275 3.0853080809500733 3.081633273878619 3.0779584668071647 3.0742836597357104 3.070608852664256 3.066934045592802 3.0632592385213475 3.0595844314498932 3.055909624378439 3.0522348173069846 3.048560010235524 3.04488520316407 3.041210396092616 3.0375355890211617 3.0338607819497074 3.030185974878253 3.026511167806799 3.0228363607353446 3.0191615536638903 3.015486746592436 3.0118119395209817 3.0081371324495274
3.179467110933457 3.1751359291117325 3.170804747290008 3.1664735654682836 3.162142383646559 3.1578112018248348 3.153480020003103 3.1491488381813784 3.144817656359654 3.1404864745379295 3.136155292716205 3.1318241108944807 3.1274929290727562 3.123161747251032 3.1188305654293074 3.114499383607583 3.1105077901205322 3.1068792242469807 3.1032506583734287 3.0996220924998705 3.095993526626319 3.092364960752767 3.088736394879215 3.0851078290056635 3.0814792631321115 3.0778506972585595 3.0742221313850076 3.070593565511456 3.066964999637904 3.063336433764352 3.0597078678908005 3.0560793020172485 3.0524507361436903 3.048822170270139 3.045193604396587 3.041565038523035 3.0379364726494833 3.0343079067759313 3.0306793409023793 3.027050775028828 3.023422209155276 3.019793643281724 3.016165077408172 3.0125365115346203
3.182228742584098 3.177921205369048 3.1736136681539975 3.1693061309389474 3.164998593723897 3.160691056508847 3.1563835192937892 3.1520759820787387 3.1477684448636887 3.143460907648638 3.139153370433588 3.1348458332185376 3.1305382960034875 3.126230758788437 3.121923221573387 3.1176156843583365 3.1136586568622593 3.11007633218661 3.1064940075109604 3.102911682835305 3.0993293581596557 3.095747033484006 3.092164708808357 3.0885823841327076 3.085000059457058 3.0814177347814087 3.077835410105759 3.0742530854301098 3.0706707607544605 3.067088436078811 3.0635061114031616 3.0599237867275124 3.0563414620518565 3.0527591373762073 3.049176812700558 3.0455944880249084 3.042012163349259 3.03842983867361 3.0348475139979603 3.031265189322311 3.0276828646466614 3.024100539971012 3.020518215295363 3.0169358906197132
3.184990374234739 3.180706481626363 3.176422589017987 3.172138696409611 3.167854803801235 3.163570911192859 3.1592870185844757 3.1550031259760996 3.1507192333677234 3.1464353407593473 3.142151448150971 3.137867555542595 3.1335836629342193 3.129299770325843 3.125015877717467 3.120731985109091 3.1168095236039863 3.1132734401262394 3.1097373566484925 3.10620127317074 3.1026651896929924 3.0991291062152455 3.0955930227374986 3.0920569392597517 3.0885208557820047 3.084984772304258 3.081448688826511 3.077912605348764 3.0743765218710166 3.0708404383932697 3.067304354915523 3.063768271437776 3.0602321879600227 3.056696104482276 3.053160021004529 3.049623937526782 3.046087854049035 3.042551770571288 3.039015687093541 3.0354796036157943 3.031943520138047 3.0284074366603 3.024871353182553 3.021335269704806
3.187752005885383 3.1834917578836808 3.179231509881979 3.1749712618802772 3.1707110138785755 3.1664507658768737 3.1621905178751644 3.1579302698734626 3.153670021871761 3.149409773870059 3.145149525868357 3.140889277866655 3.1366290298649533 3.1323687818632515 3.1281085338615497 3.1238482858598475 3.1199603903457165 3.116470548065872 3.1129807057860273 3.109490863506177 3.1060010212263327 3.102511178946488 3.0990213366666435 3.095531494386799 3.0920416521069547 3.08855180982711 3.0850619675472655 3.081572125267421 3.0780822829875762 3.074592440707732 3.0711025984278875 3.067612756148043 3.0641229138681925 3.060633071588348 3.0571432293085037 3.053653387028659 3.0501635447488145 3.04667370246897 3.0431838601891252 3.039694017909281 3.0362041756294365 3.032714333349592 3.0292244910697472 3.025734648789903
3.190513637536024 3.1862770341409963 3.1820404307459684 3.177803827350941 3.173567223955913 3.1693306205608858 3.165094017165851 3.160857413770823 3.156620810375795 3.1523842069807677 3.14814760358574 3.1439110001907125 3.1396743967956846 3.1354377934006568 3.1312011900056294 3.1269645866106015 3.1231112570874435 3.119667656005501 3.1162240549235594 3.1127804538416113 3.1093368527596694 3.105893251677727 3.1024496505957853 3.099006049513843 3.095562448431901 3.092118847349959 3.088675246268017 3.085231645186075 3.0817880441041328 3.078344443022191 3.0749008419402486 3.0714572408583067 3.0680136397763587 3.064570038694417 3.0611264376124745 3.0576828365305326 3.0542392354485903 3.0507956343666485 3.047352033284706 3.0439084322027643 3.0404648311208224 3.03702123003888 3.0335776289569383 3.030134027874996
3.1932752691866653 3.189062310398312 3.1848493516099583 3.180636392821605 3.1764234340332513 3.172210475244898 3.167997516456537 3.163784557668184 3.1595715988798303 3.155358640091477 3.1511456813031233 3.14693272251477 3.1427197637264164 3.138506804938063 3.1342938461497094 3.130080887361356 3.1262621238291706 3.122864763945131 3.1194674040610915 3.116070044177046 3.112672684293006 3.1092753244089666 3.105877964524927 3.1024806046408875 3.099083244756848 3.095685884872808 3.0922885249887684 3.088891165104729 3.0854938052206893 3.0820964453366497 3.0786990854526097 3.07530172556857 3.071904365684525 3.0685070058004853 3.0651096459164457 3.0617122860324057 3.058314926148366 3.0549175662643266 3.051520206380287 3.0481228464962475 3.044725486612208 3.041328126728168 3.0379307668441284 3.034533406960089
3.1960369008373064 3.1918475866556273 3.1876582724739477 3.1834689582922686 3.1792796441105895 3.17509032992891 3.1709010157472237 3.166711701565544 3.162522387383865 3.158333073202186 3.1541437590205064 3.1499544448388272 3.1457651306571477 3.1415758164754686 3.1373865022937895 3.13319718811211 3.129412990570898 3.126061871884761 3.1227107531986236 3.1193596345124806 3.1160085158263433 3.112657397140206 3.109306278454069 3.105955159767932 3.1026040410817948 3.0992529223956575 3.0959018037095203 3.092550685023383 3.089199566337246 3.0858484476511086 3.0824973289649713 3.079146210278834 3.0757950915926915 3.0724439729065542 3.069092854220417 3.0657417355342798 3.0623906168481425 3.0590394981620053 3.055688379475868 3.0523372607897308 3.0489861421035935 3.0456350234174563 3.0422839047313195 3.0389327860451822
3.1987985324879475 3.1946328629129424 3.190467193337937 3.186301523762932 3.1821358541879268 3.177970184612922 3.1738045150379097 3.1696388454629045 3.1654731758878993 3.1613075063128946 3.1571418367378894 3.152976167162884 3.148810497587879 3.144644828012874 3.140479158437869 3.136313488862864 3.1325638573126247 3.12925897982439 3.1259541023361552 3.122649224847915 3.11934434735968 3.116039469871445 3.1127345923832106 3.1094297148949757 3.106124837406741 3.1028199599185062 3.0995150824302713 3.096210204942037 3.092905327453802 3.0896004499655674 3.0862955724773324 3.0829906949890975 3.0796858175008572 3.0763809400126223 3.073076062524388 3.069771185036153 3.0664663075479184 3.0631614300596834 3.0598565525714485 3.056551675083214 3.053246797594979 3.0499419201067446 3.0466370426185096 3.0433321651302747
3.2015601641385887 3.197418139170258 3.193276114201927 3.189134089233596 3.184992064265265 3.180850039296934 3.176708014328596 3.1725659893602653 3.1684239643919345 3.1642819394236037 3.1601399144552724 3.1559978894869416 3.1518558645186108 3.14771383955028 3.143571814581949 3.139429789613618 3.135714724054352 3.1324560877640195 3.1291974514736873 3.1259388151833494 3.122680178893017 3.119421542602685 3.1161629063123524 3.11290427002202 3.109645633731688 3.1063869974413554 3.103128361151023 3.099869724860691 3.0966110885703584 3.093352452280026 3.090093815989694 3.0868351796993614 3.083576543409024 3.0803179071186912 3.077059270828359 3.073800634538027 3.0705419982476942 3.067283361957362 3.06402472566703 3.0607660893766973 3.057507453086365 3.054248816796033 3.0509901805057003 3.047731544215368
3.2043217957892325 3.2002034154275756 3.196085035065919 3.191966654704262 3.1878482743426058 3.183729893980949 3.1796115136192853 3.1754931332576284 3.171374752895972 3.167256372534315 3.1631379921726586 3.1590196118110017 3.1549012314493448 3.1507828510876883 3.1466644707260314 3.142546090364375 3.138865590796082 3.135653195703652 3.132440800611222 3.129228405518787 3.126016010426357 3.122803615333927 3.1195912202414973 3.1163788251490674 3.1131664300566375 3.1099540349642076 3.1067416398717778 3.103529244779348 3.100316849686918 3.097104454594488 3.0938920595020583 3.0906796644096284 3.087467269317193 3.0842548742247633 3.0810424791323334 3.0778300840399035 3.0746176889474737 3.071405293855044 3.068192898762614 3.064980503670184 3.061768108577754 3.0585557134853243 3.055343318392895 3.052130923300465
3.207083427439873 3.2029886916848906 3.198893955929908 3.1947992201749256 3.190704484419943 3.186609748664961 3.1825150129099713 3.1784202771549888 3.1743255414000062 3.1702308056450237 3.166136069890041 3.1620413341350586 3.157946598380076 3.1538518626250935 3.149757126870111 3.1456623911151285 3.142016457537809 3.1388503036432813 3.135684149748754 3.1325179958542213 3.1293518419596937 3.126185688065166 3.123019534170639 3.1198533802761115 3.116687226381584 3.113521072487057 3.110354918592529 3.1071887646980016 3.1040226108034745 3.100856456908947 3.0976903030144194 3.0945241491198923 3.0913579952253594 3.088191841330832 3.0850256874363042 3.081859533541777 3.0786933796472495 3.075527225752722 3.072361071858195 3.0691949179636673 3.0660287640691397 3.0628626101746126 3.059696456280085 3.0565303023855575
3.2098450590905148 3.205773967942206 3.201702876793898 3.19763178564559 3.193560694497281 3.189489603348973 3.1854185122006577 3.1813474210523496 3.177276329904041 3.173205238755733 3.1691341476074246 3.165063056459116 3.160991965310808 3.1569208741624997 3.152849783014191 3.148778691865883 3.145167324279536 3.142047411582911 3.1389274988862863 3.1358075861896557 3.132687673493031 3.129567760796406 3.126447848099781 3.123327935403156 3.1202080227065307 3.117088110009906 3.113968197313281 3.110848284616656 3.107728371920031 3.104608459223406 3.101488546526781 3.098368633830156 3.0952487211335256 3.0921288084369007 3.0890088957402755 3.0858889830436507 3.082769070347026 3.0796491576504006 3.0765292449537758 3.0734093322571505 3.0702894195605257 3.067169506863901 3.0640495941672756 3.060929681470651
3.212606690741156 3.2085592441995217 3.2045117976578874 3.2004643511162536 3.1964169045746194 3.192369458032985 3.188322011491344 3.18427456494971 3.180227118408076 3.176179671866442 3.1721322253248077 3.1680847787831734 3.1640373322415396 3.1599898856999054 3.155942439158271 3.1518949926166373 3.1483181910212634 3.145244519522541 3.1421708480238184 3.1390971765250906 3.136023505026368 3.1329498335276456 3.1298761620289226 3.1268024905302 3.1237288190314776 3.120655147532755 3.1175814760340326 3.11450780453531 3.1114341330365876 3.1083604615378646 3.105286790039142 3.1022131185404196 3.0991394470416918 3.0960657755429692 3.0929921040442467 3.0899184325455242 3.0868447610468017 3.0837710895480788 3.0806974180493563 3.0776237465506338 3.0745500750519112 3.0714764035531887 3.0684027320544662 3.0653290605557437
3.215368322391797 3.211344520456837 3.207320718521877 3.203296916586917 3.199273114651957 3.195249312716997 3.19122551078203 3.1872017088470703 3.1831779069121104 3.1791541049771506 3.1751303030421907 3.171106501107231 3.167082699172271 3.1630588972373106 3.1590350953023507 3.155011293367391 3.1514690577629905 3.1484416274621703 3.14541419716135 3.1423867668605245 3.139359336559705 3.1363319062588846 3.1333044759580644 3.130277045657244 3.127249615356424 3.1242221850556042 3.121194754754784 3.118167324453964 3.1151398941531436 3.1121124638523234 3.1090850335515037 3.1060576032506835 3.103030172949858 3.1000027426490377 3.096975312348218 3.093947882047398 3.0909204517465776 3.0878930214457574 3.084865591144937 3.0818381608441174 3.0788107305432972 3.075783300242477 3.072755869941657 3.0697284396408366
3.218129954042438 3.214129796714152 3.2101296393858667 3.2061294820575807 3.2021293247292952 3.1981291674010093 3.1941290100727167 3.190128852744431 3.186128695416145 3.1821285380878597 3.1781283807595737 3.174128223431288 3.1701280661030022 3.1661279087747167 3.1621277514464308 3.1581275941181453 3.1546199245047175 3.1516387354018 3.148657546298882 3.1456763571959594 3.1426951680930415 3.139713978990124 3.136732789887206 3.1337516007842887 3.130770411681371 3.1277892225784534 3.1248080334755355 3.1218268443726176 3.1188456552697 3.1158644661667823 3.112883277063865 3.109902087960947 3.106920898858024 3.1039397097551067 3.100958520652189 3.0979773315492714 3.0949961424463535 3.0920149533434356 3.089033764240518 3.0860525751376002 3.083071386034683 3.080090196931765 3.0771090078288474 3.0741278187259296
3.2208915856930793 3.2169150729714677 3.212938560249856 3.2089620475282445 3.204985534806633 3.2010090220850214 3.197032509363403 3.1930559966417915 3.18907948392018 3.1851029711985688 3.181126458476957 3.1771499457553456 3.173173433033734 3.1691969203121224 3.165220407590511 3.1612438948688992 3.157770791246445 3.1548358433414294 3.1519008954364143 3.1489659475313942 3.1460309996263787 3.1430960517213635 3.1401611038163484 3.137226155911333 3.1342912080063177 3.1313562601013025 3.1284213121962874 3.125486364291272 3.1225514163862567 3.1196164684812415 3.1166815205762264 3.113746572671211 3.1108116247661908 3.107876676861175 3.10494172895616 3.102006781051145 3.0990718331461298 3.096136885241114 3.093201937336099 3.090266989431084 3.0873320415260688 3.084397093621053 3.081462145716038 3.078527197811023
3.2240258005087266 3.2200499815649017 3.2160741626210774 3.212098343677253 3.208122524733428 3.204146705789604 3.2001708868457723 3.196195067901948 3.192219248958123 3.1882434300142988 3.184267611070474 3.1802917921266496 3.176315973182825 3.1723401542390004 3.168364335295176 3.164388516351351 3.1609293371029437 3.15802245737874 3.1551155776545365 3.152208697930328 3.1493018182061245 3.146394938481921 3.1434880587577174 3.140581179033514 3.1376742993093107 3.134767419585107 3.1318605398609036 3.1289536601367 3.1260467804124965 3.123139900688293 3.1202330209640894 3.117326141239886 3.1144192615156774 3.111512381791474 3.1086055020672707 3.105698622343067 3.1027917426188636 3.09988486289466 3.0969779831704565 3.094071103446253 3.0911642237220494 3.088257343997846 3.0853504642736427 3.082443584549439
3.227558283238961 3.2235586250837343 3.2195589669285076 3.2155593087732814 3.211559650618055 3.207559992462828 3.203560334307595 3.1995606761523683 3.195561017997142 3.1915613598419155 3.187561701686689 3.1835620435314627 3.179562385376236 3.1755627272210094 3.171563069065783 3.1675634109105566 3.1640960914490126 3.1611978540960344 3.1582996167430557 3.1554013793900726 3.1525031420370944 3.149604904684116 3.1467066673311375 3.1438084299781592 3.140910192625181 3.138011955272203 3.135113717919224 3.132215480566246 3.1293172432132677 3.1264190058602894 3.1235207685073108 3.1206225311543325 3.1177242938013494 3.114826056448371 3.1119278190953925 3.1090295817424143 3.106131344389436 3.103233107036458 3.1003348696834796 3.097436632330501 3.0945383949775227 3.0916401576245445 3.0887419202715662 3.0858436829185876
