Figures/CREST_Example_wjb_NSE/PETs/wjb.pet.20101227.asc
ncols            288
nrows            254
xllcorner        113.274861
yllcorner        31.4918055
cellsize         0.008333333333
NODATA_value     -9999
[rows 57 to 75 of 254, columns 0 to 43 of 288]
-9999.0 -9999.0 -9999.0 -9999.0 -9999.0 -9999.0 -9999.0 -9999.0 -9999.0 -9999.0 -9999.0 -9999.0 -9999.0 -9999.0 -9999.0 -9999.0 -9999.0 0.6585614369159123 0.6582305106643855 0.6578995844128589 0.6575686581613321 0.6572377319098055 0.6569068056582787 0.6565758794067521 0.6562449531552254 0.6559140269036986 0.6555831006521714 0.6552521744006446 0.654921248149118 0.6545903218975913 0.6542593956460646 0.6539284693945379 0.6535975431430112 0.6532666168914845 0.6529356906399578 0.6526047643884311 0.6522738381369044 0.6519429118853777 0.651611985633851 0.6512810593823237 0.6509501331307971 0.6506192068792703 0.6507438466791996 0.6513554968843466
-9999.0 -9999.0 -9999.0 -9999.0 -9999.0 -9999.0 -9999.0 -9999.0 -9999.0 -9999.0 -9999.0 -9999.0 -9999.0 -9999.0 -9999.0 0.6592577279189782 0.6589440800669545 0.6586304322149308 0.6583167843629071 0.6580031365108834 0.6576894886588597 0.6573758408068361 0.6570621929548124 0.6567485451027887 0.656434897250765 0.6561212493987413 0.655807601546717 0.6554939536946933 0.6551803058426696 0.654866657990646 0.6545530101386223 0.6542393622865986 0.6539257144345749 0.6536120665825512 0.6532984187305275 0.6529847708785038 0.6526711230264801 0.6523574751744564 0.6520438273224328 0.6517301794704086 0.6514165316183849 0.6511028837663612 0.651241863754008 0.651864713132068
-9999.0 -9999.0 -9999.0 -9999.0 -9999.0 -9999.0 -9999.0 -9999.0 -9999.0 -9999.0 -9999.0 -9999.0 -9999.0 -9999.0 0.6593376378402324 0.6590725656462333 0.6588074934522342 0.6585424212582351 0.6582773490642362 0.6580122768702371 0.657747204676238 0.657482132482239 0.6572170602882399 0.6569519880942408 0.6566869159002419 0.6564218437062428 0.6561567715122433 0.6558916993182442 0.6556266271242451 0.6553615549302461 0.655096482736247 0.6548314105422479 0.654566338348249 0.6543012661542499 0.6540361939602508 0.6537711217662517 0.6535060495722527 0.6532409773782536 0.6529759051842546 0.6527108329902551 0.652445760796256 0.652180688602257 0.652338042989559 0.6529469809395005
-9999.0 -9999.0 -9999.0 -9999.0 -9999.0 -9999.0 -9999.0 -9999.0 -9999.0 -9999.0 -9999.0 0.6593191144539389 0.6595368929814124 0.6593203964454376 0.659103899909463 0.6588874033734886 0.6586709068375142 0.6584544103015397 0.6582379137655653 0.6580214172295907 0.6578049206936163 0.6575884241576418 0.6573719276216674 0.657155431085693 0.6569389345497185 0.656722438013744 0.6565059414777692 0.6562894449417948 0.6560729484058203 0.6558564518698458 0.6556399553338713 0.6554234587978969 0.6552069622619224 0.654990465725948 0.6547739691899735 0.654557472653999 0.6543409761180246 0.6541244795820501 0.6539079830460757 0.6536914865101008 0.6534749899741263 0.6532584934381519 0.6534342222251089 0.6540292487469324
-9999.0 -9999.0 -9999.0 -9999.0 -9999.0 -9999.0 -9999.0 -9999.0 -9999.0 0.6578045747130323 0.6583936796210571 0.6589827845290819 0.6592060037345937 0.6590380828566436 0.6588701619786937 0.6587022411007438 0.658534320222794 0.6583663993448441 0.6581984784668943 0.6580305575889444 0.6578626367109945 0.6576947158330447 0.6575267949550948 0.657358874077145 0.6571909531991951 0.6570230323212453 0.6568551114432951 0.6566871905653452 0.6565192696873954 0.6563513488094455 0.6561834279314956 0.6560155070535457 0.6558475861755959 0.655679665297646 0.6555117444196962 0.6553438235417463 0.6551759026637964 0.6550079817858465 0.6548400609078967 0.6546721400299466 0.6545042191519966 0.6543362982740468 0.6545304014606589 0.6551115165543642
-9999.0 -9999.0 -9999.0 -9999.0 -9999.0 -9999.0 -9999.0 -9999.0 -9999.0 0.6575380632791483 0.6580922589416867 0.658646454604225 0.6588751144877752 0.6587557692678497 0.6586364240479244 0.6585170788279991 0.658397733608074 0.6582783883881487 0.6581590431682234 0.6580396979482981 0.6579203527283728 0.6578010075084476 0.6576816622885223 0.657562317068597 0.6574429718486717 0.6573236266287464 0.657204281408821 0.6570849361888957 0.6569655909689704 0.6568462457490452 0.65672690052912 0.6566075553091947 0.6564882100892694 0.6563688648693441 0.6562495196494188 0.6561301744294936 0.6560108292095683 0.655891483989643 0.6557721387697177 0.6556527935497923 0.655533448329867 0.6554141031099417 0.6556265806962088 0.656193784361796
-9999.0 -9999.0 -9999.0 -9999.0 -9999.0 -9999.0 -9999.0 -9999.0 -9999.0 0.6572715518452642 0.6577908382623161 0.658310124679368 0.6585442252409566 0.6584734556790558 0.6584026861171551 0.6583319165552544 0.6582611469933537 0.658190377431453 0.6581196078695524 0.6580488383076517 0.657978068745751 0.6579072991838504 0.6578365296219497 0.657765760060049 0.6576949904981484 0.6576242209362477 0.6575534513743468 0.6574826818124462 0.6574119122505455 0.6573411426886449 0.6572703731267442 0.6571996035648435 0.6571288340029429 0.6570580644410422 0.6569872948791415 0.6569165253172409 0.6568457557553402 0.6567749861934395 0.6567042166315388 0.656633447069638 0.6565626775077373 0.6564919079458367 0.6567227599317589 0.6572760521692278
-9999.0 -9999.0 -9999.0 -9999.0 -9999.0 -9999.0 -9999.0 -9999.0 0.6565206632398146 0.6570050404113802 0.6574894175829457 0.6579737947545111 0.658213335994138 0.6581911420902619 0.6581689481863858 0.6581467542825097 0.6581245603786336 0.6581023664747576 0.6580801725708815 0.6580579786670054 0.6580357847631293 0.6580135908592533 0.6579913969553772 0.6579692030515011 0.657947009147625 0.6579248152437489 0.6579026213398729 0.6578804274359967 0.6578582335321207 0.6578360396282446 0.6578138457243685 0.6577916518204925 0.6577694579166163 0.6577472640127403 0.6577250701088642 0.6577028762049881 0.6576806823011121 0.657658488397236 0.6576362944933599 0.6576141005894838 0.6575919066856077 0.6575697127817316 0.6578189391673088 0.6583583199766595
-9999.0 -9999.0 -9999.0 -9999.0 -9999.0 -9999.0 -9999.0 -9999.0 0.656289061051417 0.6567385289774962 0.6571879969035752 0.6576374648296542 0.6578824467473194 0.657908828501468 0.6579352102556165 0.657961592009765 0.6579879737639136 0.6580143555180621 0.6580407372722106 0.6580671190263591 0.6580935007805077 0.6581198825346561 0.6581462642888046 0.6581726460429531 0.6581990277971016 0.6582254095512502 0.6582517913053987 0.6582781730595473 0.6583045548136958 0.6583309365678442 0.6583573183219927 0.6583837000761412 0.6584100818302898 0.6584364635844383 0.6584628453385868 0.6584892270927353 0.6585156088468839 0.6585419906010324 0.6585683723551808 0.6585947541093294 0.6586211358634779 0.6586475176176264 0.6589151184028587 0.6594405877840912
-9999.0 -9999.0 -9999.0 -9999.0 -9999.0 -9999.0 -9999.0 -9999.0 0.6560574588630192 0.6564720175436118 0.6568865762242044 0.657301134904797 0.6575515575005005 0.6576265149126738 0.657701472324847 0.6577764297370201 0.6578513871491932 0.6579263445613664 0.6580013019735396 0.6580762593857127 0.6581512167978859 0.658226174210059 0.6583011316222321 0.6583760890344054 0.6584510464465785 0.6585260038587516 0.6586009612709249 0.658675918683098 0.6587508760952712 0.6588258335074444 0.6589007909196175 0.6589757483317906 0.6590507057439638 0.659125663156137 0.6592006205683101 0.6592755779804833 0.6593505353926564 0.6594254928048296 0.6595004502170028 0.659575407629176 0.6596503650413492 0.6597253224535223 0.6600112976384097 0.660522855591524
-9999.0 -9999.0 -9999.0 -9999.0 -9999.0 -9999.0 -9999.0 -9999.0 0.6558258566746217 0.6562055061097278 0.656585155544834 0.6569648049799401 0.657220668253682 0.6573442013238799 0.6574677343940777 0.6575912674642754 0.6577148005344732 0.6578383336046709 0.6579618666748687 0.6580853997450664 0.6582089328152642 0.6583324658854619 0.6584559989556596 0.6585795320258574 0.6587030650960551 0.6588265981662529 0.6589501312364509 0.6590736643066486 0.6591971973768463 0.6593207304470441 0.6594442635172418 0.6595677965874396 0.6596913296576373 0.6598148627278351 0.6599383957980328 0.6600619288682306 0.6601854619384283 0.660308995008626 0.6604325280788238 0.6605560611490218 0.6606795942192195 0.6608031272894173 0.6611074768739597 0.6616051233989558
-9999.0 -9999.0 -9999.0 -9999.0 -9999.0 -9999.0 -9999.0 0.6552495142966044 0.6555942544862241 0.6559389946758438 0.6562837348654635 0.6566284750550833 0.6568897790068634 0.6570618877350861 0.6572339964633084 0.6574061051915308 0.657578213919753 0.6577503226479754 0.6579224313761978 0.65809454010442 0.6582666488326424 0.6584387575608648 0.658610866289087 0.6587829750173094 0.6589550837455318 0.6591271924737541 0.6592993012019768 0.659471409930199 0.6596435186584214 0.6598156273866438 0.659987736114866 0.6601598448430884 0.6603319535713108 0.6605040622995331 0.6606761710277554 0.6608482797559778 0.6610203884842001 0.6611924972124225 0.6613646059406448 0.6615367146688674 0.6617088233970897 0.6618809321253121 0.6622036561095095 0.6626873912063874
-9999.0 -9999.0 -9999.0 -9999.0 -9999.0 -9999.0 -9999.0 0.6550528213536931 0.6553626522978264 0.6556724832419597 0.655982314186093 0.6562921451302263 0.6565588897600447 0.6567795741462921 0.6570002585325391 0.657220942918786 0.6574416273050329 0.6576623116912799 0.6578829960775268 0.6581036804637737 0.6583243648500207 0.6585450492362676 0.6587657336225144 0.6589864180087615 0.6592071023950083 0.6594277867812554 0.6596484711675026 0.6598691555537496 0.6600898399399965 0.6603105243262434 0.6605312087124904 0.6607518930987373 0.6609725774849843 0.6611932618712312 0.6614139462574781 0.6616346306437251 0.661855315029972 0.6620759994162189 0.6622966838024659 0.6625173681887131 0.6627380525749601 0.662958736961207 0.6632998353450595 0.6637696590138192
-9999.0 -9999.0 -9999.0 -9999.0 -9999.0 -9999.0 -9999.0 0.654856128410782 0.6551310501094288 0.6554059718080757 0.6556808935067225 0.6559558152053694 0.6562280005132263 0.6564972605574982 0.6567665206017698 0.6570357806460413 0.6573050406903128 0.6575743007345843 0.6578435607788559 0.6581128208231274 0.6583820808673989 0.6586513409116704 0.658920600955942 0.6591898610002135 0.659459121044485 0.6597283810887565 0.6599976411330286 0.6602669011773001 0.6605361612215717 0.6608054212658432 0.6610746813101147 0.6613439413543862 0.6616132013986578 0.6618824614429293 0.6621517214872008 0.6624209815314723 0.6626902415757439 0.6629595016200154 0.6632287616642869 0.6634980217085589 0.6637672817528304 0.6640365417971019 0.6643960145806095 0.664851926821251
-9999.0 -9999.0 -9999.0 -9999.0 -9999.0 -9999.0 0.6544194230147103 0.6546594354678708 0.6548994479210312 0.6551394603741916 0.655379472827352 0.6556194852805124 0.6558971112664076 0.6562149469687043 0.6565327826710003 0.6568506183732965 0.6571684540755927 0.6574862897778888 0.6578041254801849 0.658121961182481 0.6584397968847772 0.6587576325870733 0.6590754682893694 0.6593933039916655 0.6597111396939617 0.6600289753962578 0.6603468110985544 0.6606646468008506 0.6609824825031467 0.6613003182054428 0.6616181539077389 0.6619359896100351 0.6622538253123312 0.6625716610146273 0.6628894967169234 0.6632073324192196 0.6635251681215157 0.6638430038238118 0.6641608395261079 0.6644786752284046 0.6647965109307007 0.6651143466329968 0.6654921938161594 0.6659341946286829
-9999.0 -9999.0 -9999.0 -9999.0 -9999.0 -9999.0 -9999.0 0.6544627425249595 0.6546678457326334 0.6548729489403073 0.6550780521479812 0.6552831553556552 0.6555662220195887 0.6559326333799101 0.6562990447402309 0.6566654561005516 0.6570318674608724 0.6573982788211932 0.657764690181514 0.6581311015418347 0.6584975129021554 0.6588639242624762 0.659230335622797 0.6595967469831178 0.6599631583434384 0.6603295697037592 0.6606959810640807 0.6610623924244013 0.6614288037847221 0.6617952151450429 0.6621616265053637 0.6625280378656845 0.6628944492260052 0.6632608605863259 0.6636272719466467 0.6639936833069675 0.6643600946672883 0.664726506027609 0.6650929173879297 0.6654593287482512 0.6658257401085719 0.6661921514688927 0.6665883730517103 0.6670164624361155
-9999.0 -9999.0 -9999.0 -9999.0 -9999.0 -9999.0 -9999.0 -9999.0 0.6544362435442358 0.6546064375064233 0.6547766314686108 0.6549468254307983 0.6552353327727702 0.6556503197911162 0.6560653068094616 0.6564802938278069 0.6568952808461523 0.6573102678644976 0.6577252548828431 0.6581402419011884 0.6585552289195338 0.6589702159378791 0.6593852029562245 0.6598001899745698 0.6602151769929152 0.6606301640112605 0.6610451510296066 0.6614601380479519 0.6618751250662973 0.6622901120846426 0.662705099102988 0.6631200861213333 0.6635350731396787 0.663950060158024 0.6643650471763695 0.6647800341947148 0.6651950212130601 0.6656100082314055 0.6660249952497508 0.6664399822680969 0.6668549692864423 0.6672699563047876 0.6676845522872603 0.6680987302435473
-9999.0 -9999.0 -9999.0 -9999.0 -9999.0 -9999.0 -9999.0 -9999.0 -9999.0 0.6543399260725392 0.6544752107892403 0.6546104955059413 0.6549044435259516 0.6553680062023223 0.6558315688786922 0.6562951315550622 0.6567586942314322 0.6572222569078021 0.657685819584172 0.658149382260542 0.6586129449369119 0.659076507613282 0.6595400702896519 0.6600036329660218 0.6604671956423918 0.6609307583187617 0.6613943209951325 0.6618578836715024 0.6623214463478724 0.6627850090242423 0.6632485717006122 0.6637121343769822 0.6641756970533522 0.6646392597297222 0.6651028224060921 0.665566385082462 0.666029947758832 0.6664935104352019 0.6669570731115719 0.6674206357879426 0.6678841984643126 0.6683477611406825 0.6687807315228103 0.6691809980509791
-9999.0 -9999.0 -9999.0 -9999.0 -9999.0 -9999.0 -9999.0 -9999.0 -9999.0 -9999.0 0.6541737901098699 0.6542741655810844 0.654573554279133 0.6550856926135284 0.655597830947923 0.6561099692823176 0.656622107616712 0.6571342459511066 0.6576463842855012 0.6581585226198957 0.6586706609542903 0.6591827992886848 0.6596949376230793 0.6602070759574739 0.6607192142918684 0.661231352626263 0.6617434909606584 0.662255629295053 0.6627677676294474 0.663279905963842 0.6637920442982366 0.6643041826326311 0.6648163209670257 0.6653284593014203 0.6658405976358147 0.6663527359702093 0.6668648743046038 0.6673770126389984 0.667889150973393 0.6684012893077884 0.6689134276421829 0.6694255659765774 0.6698769107583602 0.6702632658584109
