Figures/CREST_Example_wjb_NSE/PETs/wjb.pet.20100531.asc
ncols            288
nrows            254
xllcorner        113.274861
yllcorner        31.4918055
cellsize         0.008333333333
NODATA_value     -9999
[rows 200 to 219 of 254, columns 220 to 263 of 288]
2.534790175358734 2.536571808356495 2.5393432026850107 2.543172674276127 2.5470021458672436 2.5508316174583605 2.554661089049477 2.5584905606405934 2.56232003223171 2.5661495038228264 2.569978975413943 2.5738084470050593 2.577637918596176 2.5814673901872927 2.5852968617784158 2.5891263333695322 2.5929558049606487 2.596785276551765 2.6006147481428816 2.604444219733998 2.6082736913251146 2.612103162916231 2.615932634507348 2.6197621060984644 2.623591577689581 2.6274210492806973 2.6312505208718138 2.635079992462937 2.6389094640540534 2.64273893564517 2.6465684072362863 -9999.0 -9999.0 -9999.0 -9999.0 -9999.0 -9999.0 -9999.0 -9999.0 -9999.0 -9999.0 -9999.0 -9999.0 -9999.0
2.5417032746243073 2.543461701823161 2.546218684619738 2.5500431459493345 2.5538676072789306 2.557692068608527 2.5615165299381233 2.56534099126772 2.5691654525973164 2.5729899139269126 2.576814375256509 2.5806388365861057 2.584463297915702 2.5882877592452984 2.592112220574901 2.595936681904498 2.599761143234094 2.6035856045636905 2.607410065893287 2.611234527222883 2.6150589885524798 2.618883449882076 2.6227079112116725 2.626532372541269 2.630356833870865 2.6341812952004617 2.6380057565300583 2.641830217859661 2.6456546791892577 2.649479140518854 -9999.0 -9999.0 -9999.0 -9999.0 -9999.0 -9999.0 -9999.0 -9999.0 -9999.0 -9999.0 -9999.0 -9999.0 -9999.0 -9999.0
2.5486163738898813 2.5503515952898272 2.553094166554465 2.5569136176225413 2.5607330686906176 2.564552519758694 2.56837197082677 2.5721914218948463 2.5760108729629225 2.579830324030999 2.5836497750990755 2.5874692261671517 2.591288677235228 2.595108128303304 2.598927579371387 2.6027470304394633 2.6065664815075396 2.610385932575616 2.614205383643692 2.6180248347117683 2.6218442857798445 2.6256637368479208 2.6294831879159974 2.6333026389840737 2.63712209005215 2.640941541120226 2.6447609921883024 2.6485804432563853 2.6523998943244615 2.656219345392538 -9999.0 -9999.0 -9999.0 -9999.0 -9999.0 -9999.0 -9999.0 -9999.0 -9999.0 -9999.0 -9999.0 -9999.0 -9999.0 -9999.0
2.5555294731554543 2.557241488756493 2.559969648489192 2.5637840892957477 2.567598530102304 2.57141297090886 2.5752274117154164 2.5790418525219727 2.5828562933285286 2.586670734135085 2.5904851749416413 2.5942996157481972 2.5981140565547536 2.6019284973613095 2.6057429381678725 2.6095573789744284 2.6133718197809848 2.617186260587541 2.621000701394097 2.6248151422006534 2.6286295830072097 2.6324440238137656 2.636258464620322 2.640072905426878 2.6438873462334342 2.6477017870399906 2.6515162278465465 2.6553306686531095 2.6591451094596654 2.6629595502662218 2.6667739910727777 -9999.0 -9999.0 -9999.0 -9999.0 -9999.0 -9999.0 -9999.0 -9999.0 -9999.0 -9999.0 -9999.0 -9999.0 -9999.0
2.562442572421031 2.564131382223162 2.5668451304239217 2.5706545609689577 2.574463991513994 2.57827342205903 2.5820828526040662 2.5858922831491022 2.5897017136941383 2.5935111442391743 2.5973205747842103 2.6011300053292463 2.604939435874283 2.608748866419319 2.612558296964361 2.616367727509397 2.6201771580544335 2.6239865885994695 2.6277960191445056 2.6316054496895416 2.6354148802345776 2.6392243107796136 2.6430337413246496 2.6468431718696857 2.650652602414722 2.654462032959758 2.658271463504794 2.662080894049837 2.665890324594873 2.669699755139909 -9999.0 -9999.0 -9999.0 -9999.0 -9999.0 -9999.0 -9999.0 -9999.0 -9999.0 -9999.0 -9999.0 -9999.0 -9999.0 -9999.0
2.569355671686605 2.5710212756898283 2.573720612358649 2.577525032642165 2.5813294529256807 2.585133873209197 2.588938293492713 2.5927427137762287 2.596547134059745 2.6003515543432605 2.6041559746267766 2.6079603949102927 2.6117648151938084 2.6155692354773246 2.619373655760847 2.623178076044363 2.6269824963278787 2.630786916611395 2.6345913368949105 2.6383957571784267 2.642200177461943 2.6460045977454585 2.6498090180289746 2.6536134383124903 2.6574178585960064 2.6612222788795226 2.6650266991630382 2.6688311194465606 2.6726355397300767 -9999.0 -9999.0 -9999.0 -9999.0 -9999.0 -9999.0 -9999.0 -9999.0 -9999.0 -9999.0 -9999.0 -9999.0 -9999.0 -9999.0 -9999.0
2.5762687709521783 2.5779111691564944 2.580596094293376 2.584395504315372 2.5881949143373677 2.5919943243593635 2.5957937343813593 2.599593144403355 2.603392554425351 2.607191964447347 2.610991374469343 2.6147907844913387 2.6185901945133345 2.6223896045353303 2.626189014557333 2.6299884245793286 2.6337878346013244 2.63758724462332 2.641386654645316 2.6451860646673118 2.6489854746893076 2.6527848847113034 2.656584294733299 2.660383704755295 2.664183114777291 2.667982524799287 2.671781934821283 -9999.0 -9999.0 -9999.0 -9999.0 -9999.0 -9999.0 -9999.0 -9999.0 -9999.0 -9999.0 -9999.0 -9999.0 -9999.0 -9999.0 -9999.0 -9999.0 -9999.0
2.5831818702177545 2.5848010626231632 2.587471576228106 2.5912659759885814 2.5950603757490573 2.5988547755095333 2.6026491752700087 2.6064435750304846 2.61023797479096 2.614032374551436 2.617826774311912 2.6216211740723874 2.6254155738328633 2.6292099735933387 2.6330043733538213 2.636798773114297 2.6405931728747727 2.644387572635248 2.648181972395724 2.6519763721562 2.6557707719166754 2.6595651716771513 2.663359571437627 2.6671539711981027 2.6709483709585786 2.674742770719054 -9999.0 -9999.0 -9999.0 -9999.0 -9999.0 -9999.0 -9999.0 -9999.0 -9999.0 -9999.0 -9999.0 -9999.0 -9999.0 -9999.0 -9999.0 -9999.0 -9999.0 -9999.0
2.5951921472997848 2.5968005807006347 2.5994983083103564 2.603360516081989 2.607222723853621 2.6110849316252533 2.6149471393968855 2.6188093471685177 2.62267155494015 2.626533762711782 2.6303959704834146 2.6342581782550467 2.638120386026679 2.641982593798311 2.64584480156995 2.649707009341582 2.653569217113214 2.6574314248848463 2.661293632656479 2.665155840428111 2.669018048199743 2.6728802559713754 2.6767424637430075 2.6806046715146397 2.6844668792862723 2.6883290870579044 -9999.0 -9999.0 -9999.0 -9999.0 -9999.0 -9999.0 -9999.0 -9999.0 -9999.0 -9999.0 -9999.0 -9999.0 -9999.0 -9999.0 -9999.0 -9999.0 -9999.0 -9999.0
2.612650986204248 2.6142619654392054 2.6170314021288967 2.621039256055609 2.6250471099823214 2.6290549639090335 2.6330628178357456 2.637070671762458 2.6410785256891702 2.6450863796158823 2.649094233542595 2.653102087469307 2.657109941396019 2.6611177953227316 2.6651256492494504 2.669133503176163 2.673141357102875 2.677149211029587 2.6811570649562997 2.685164918883012 2.689172772809724 2.6931806267364364 2.6971884806631485 2.7011963345898606 2.7052041885165727 2.7092120424432853 2.7132198963699974 -9999.0 -9999.0 -9999.0 -9999.0 -9999.0 -9999.0 -9999.0 -9999.0 -9999.0 -9999.0 -9999.0 -9999.0 -9999.0 -9999.0 -9999.0 -9999.0 -9999.0
2.6301098251087183 2.6317233501777837 2.6345644959474446 2.6387179960292366 2.642871496111029 2.6470249961928216 2.6511784962746137 2.655331996356406 2.659485496438198 2.6636389965199907 2.6677924966017827 2.6719459966835752 2.6760994967653677 2.68025299684716 2.6844064969289594 2.6885599970107514 2.692713497092544 2.6968669971743364 2.7010204972561285 2.705173997337921 2.709327497419713 2.7134809975015055 2.7176344975832976 2.72178799766509 2.7259414977468825 2.7300949978286746 2.734248497910467 -9999.0 -9999.0 -9999.0 -9999.0 -9999.0 -9999.0 -9999.0 -9999.0 -9999.0 -9999.0 -9999.0 -9999.0 -9999.0 -9999.0 -9999.0 -9999.0 -9999.0
2.6475686640131815 2.6491847349163544 2.6520975897659844 2.656396736002857 2.6606958822397293 2.6649950284766017 2.6692941747134737 2.673593320950346 2.6778924671872186 2.682191613424091 2.686490759660963 2.6907899058978355 2.695089052134708 2.6993881983715804 2.70368734460846 2.7079864908453324 2.712285637082205 2.716584783319077 2.7208839295559493 2.7251830757928217 2.729482222029694 2.733781368266566 2.7380805145034386 2.742379660740311 2.7466788069771835 -9999.0 -9999.0 -9999.0 -9999.0 -9999.0 -9999.0 -9999.0 -9999.0 -9999.0 -9999.0 -9999.0 -9999.0 -9999.0 -9999.0 -9999.0 -9999.0 -9999.0 -9999.0 -9999.0
2.6650275029176447 2.6666461196549256 2.669630683584525 2.6740754759764775 2.67852026836843 2.6829650607603823 2.6874098531523347 2.6918546455442867 2.696299437936239 2.7007442303281914 2.705189022720144 2.7096338151120962 2.7140786075040486 2.718523399896001 2.722968192287961 2.7274129846799133 2.7318577770718657 2.736302569463818 2.74074736185577 2.7451921542477224 2.749636946639675 2.7540817390316272 2.7585265314235796 2.762971323815532 -9999.0 -9999.0 -9999.0 -9999.0 -9999.0 -9999.0 -9999.0 -9999.0 -9999.0 -9999.0 -9999.0 -9999.0 -9999.0 -9999.0 -9999.0 -9999.0 -9999.0 -9999.0 -9999.0 -9999.0
2.6824863418221154 2.6841075043935043 2.687163777403073 2.6917542159501053 2.6963446544971377 2.70093509304417 2.7055255315912023 2.710115970138235 2.7147064086852675 2.7192968472323 2.723887285779332 2.7284777243263645 2.7330681628733973 2.7376586014204296 2.74224903996747 2.7468394785145023 2.7514299170615346 2.756020355608567 2.7606107941555997 2.765201232702632 2.7697916712496644 2.7743821097966967 -9999.0 -9999.0 -9999.0 -9999.0 -9999.0 -9999.0 -9999.0 -9999.0 -9999.0 -9999.0 -9999.0 -9999.0 -9999.0 -9999.0 -9999.0 -9999.0 -9999.0 -9999.0 -9999.0 -9999.0 -9999.0 -9999.0
2.699945180726578 2.701568889132075 2.704696871221613 2.7094329559237256 2.714169040625838 2.71890512532795 2.723641210030063 2.728377294732175 2.7331133794342874 2.7378494641364 2.7425855488385125 2.7473216335406248 2.7520577182427375 2.7567938029448498 2.7615298876469705 2.766265972349083 2.771002057051195 2.775738141753308 2.78047422645542 2.7852103111575324 2.789946395859645 -9999.0 -9999.0 -9999.0 -9999.0 -9999.0 -9999.0 -9999.0 -9999.0 -9999.0 -9999.0 -9999.0 -9999.0 -9999.0 -9999.0 -9999.0 -9999.0 -9999.0 -9999.0 -9999.0 -9999.0 -9999.0 -9999.0 -9999.0
2.7174040196310414 2.7190302738706458 2.722229965040153 2.7271116958973454 2.731993426754538 2.7368751576117303 2.741756888468923 2.746638619326115 2.751520350183308 2.7564020810405 2.761283811897693 2.766165542754885 2.7710472736120777 2.7759290044692704 2.780810735326471 2.7856924661836633 2.790574197040856 2.795455927898048 2.800337658755241 -9999.0 -9999.0 -9999.0 -9999.0 -9999.0 -9999.0 -9999.0 -9999.0 -9999.0 -9999.0 -9999.0 -9999.0 -9999.0 -9999.0 -9999.0 -9999.0 -9999.0 -9999.0 -9999.0 -9999.0 -9999.0 -9999.0 -9999.0 -9999.0 -9999.0
2.734862858535504 2.7364916586092165 2.739763058858693 2.7447904358709656 2.7498178128832382 2.754845189895511 2.759872566907783 2.7648999439200557 2.7699273209323283 2.7749546979446005 2.779982074956873 2.7850094519691457 2.790036828981418 2.7950642059936905 2.8000915830059716 2.8051189600182442 2.8101463370305164 2.815173714042789 -9999.0 -9999.0 -9999.0 -9999.0 -9999.0 -9999.0 -9999.0 -9999.0 -9999.0 -9999.0 -9999.0 -9999.0 -9999.0 -9999.0 -9999.0 -9999.0 -9999.0 -9999.0 -9999.0 -9999.0 -9999.0 -9999.0 -9999.0 -9999.0 -9999.0 -9999.0
2.752321697439975 2.753953043347795 2.757296152677241 2.7624691758445934 2.767642199011946 2.7728152221792985 2.777988245346651 2.7831612685140037 2.7883342916813563 2.793507314848709 2.7986803380160614 2.803853361183414 2.8090263843507666 2.814199407518119 2.8193724306854806 2.824545453852833 2.8297184770201858 2.8348915001875383 -9999.0 -9999.0 -9999.0 -9999.0 -9999.0 -9999.0 -9999.0 -9999.0 -9999.0 -9999.0 -9999.0 -9999.0 -9999.0 -9999.0 -9999.0 -9999.0 -9999.0 -9999.0 -9999.0 -9999.0 -9999.0 -9999.0 -9999.0 -9999.0 -9999.0 -9999.0
2.769780536344438 2.7714144280863655 2.774829246495781 2.7801479158182136 2.785466585140646 2.7907852544630787 2.796103923785511 2.8014225931079437 2.8067412624303767 2.812059931752809 2.8173786010752417 2.8226972703976743 2.828015939720107 2.8333346090425393 2.838653278364981 2.8439719476874137 2.849290617009846 2.8546092863322787 -9999.0 -9999.0 -9999.0 -9999.0 -9999.0 -9999.0 -9999.0 -9999.0 -9999.0 -9999.0 -9999.0 -9999.0 -9999.0 -9999.0 -9999.0 -9999.0 -9999.0 -9999.0 -9999.0 -9999.0 -9999.0 -9999.0 -9999.0 -9999.0 -9999.0 -9999.0
2.787239375248901 2.7888758128249362 2.792362340314321 2.797826655791834 2.8032909712693463 2.808755286746859 2.8142196022243717 2.819683917701884 2.8251482331793967 2.830612548656909 2.836076864134422 2.8415411796119345 2.847005495089447 2.85246981056696 2.8579341260444817 2.863398441521994 2.868862756999507 -9999.0 -9999.0 -9999.0 -9999.0 -9999.0 -9999.0 -9999.0 -9999.0 -9999.0 -9999.0 -9999.0 -9999.0 -9999.0 -9999.0 -9999.0 -9999.0 -9999.0 -9999.0 -9999.0 -9999.0 -9999.0 -9999.0 -9999.0 -9999.0 -9999.0 -9999.0 -9999.0
