Figures/CREST_Example_wjb_NSE/PETs/wjb.pet.20090424.asc
ncols            288
nrows            254
xllcorner        113.274861
yllcorner        31.4918055
cellsize         0.008333333333
NODATA_value     -9999
[rows 60 to 79 of 254, columns 0 to 43 of 288]
-9999.0 -9999.0 -9999.0 -9999.0 -9999.0 -9999.0 -9999.0 -9999.0 -9999.0 -9999.0 -9999.0 2.234506980084318 2.2347220611536094 2.2355511074241603 2.2363801536947094 2.2372091999652586 2.238038246235808 2.2388672925063573 2.239696338776907 2.240525385047456 2.2413544313180056 2.2421834775885547 2.2430125238591043 2.2438415701296535 2.244670616400203 2.245499662670752 2.246328708941303 2.2471577552118522 2.247986801482402 2.248815847752951 2.2496448940235005 2.2504739402940497 2.2513029865645993 2.2521320328351484 2.252961079105698 2.253790125376247 2.2546191716467967 2.255448217917346 2.2562772641878954 2.257106310458446 2.2579353567289955 2.2587644029995446 2.257418068880812 2.253746203960342
-9999.0 -9999.0 -9999.0 -9999.0 -9999.0 -9999.0 -9999.0 -9999.0 -9999.0 2.2316598941534886 2.2313184401054977 2.230976986057507 2.2312196037677676 2.2320866073851615 2.232953611002554 2.2338206146199466 2.2346876182373387 2.2355546218547313 2.236421625472124 2.2372886290895164 2.238155632706909 2.239022636324301 2.2398896399416937 2.240756643559086 2.2416236471764788 2.242490650793871 2.2433576544112652 2.2442246580286573 2.24509166164605 2.2459586652634425 2.246825668880835 2.247692672498227 2.2485596761156197 2.2494266797330122 2.250293683350405 2.2511606869677974 2.2520276905851895 2.252894694202582 2.2537616978199746 2.2546287014373685 2.255495705054761 2.2563627086721536 2.2550572217916582 2.2514292934686395
-9999.0 -9999.0 -9999.0 -9999.0 -9999.0 -9999.0 -9999.0 -9999.0 -9999.0 2.228094322608282 2.227770657319489 2.2274469920306967 2.2277171463819263 2.2286221073461636 2.229527068310399 2.2304320292746347 2.23133699023887 2.2322419512031058 2.2331469121673413 2.234051873131577 2.2349568340958124 2.235861795060048 2.2367667560242834 2.237671716988519 2.238576677952755 2.2394816389169905 2.2403865998812273 2.241291560845463 2.2421965218096984 2.243101482773934 2.24400644373817 2.2449114047024055 2.245816365666641 2.2467213266308765 2.247626287595112 2.2485312485593476 2.249436209523583 2.2503411704878187 2.251246131452054 2.2521510924162915 2.253056053380527 2.2539610143447626 2.2526963747025044 2.2491123829769375
-9999.0 -9999.0 -9999.0 -9999.0 -9999.0 -9999.0 -9999.0 -9999.0 -9999.0 2.2245287510630747 2.2242228745334804 2.2239169980038858 2.2242146889960845 2.225157607307165 2.226100525618244 2.2270434439293223 2.227986362240401 2.2289292805514798 2.2298721988625583 2.2308151171736372 2.2317580354847157 2.2327009537957947 2.233643872106873 2.2345867904179517 2.2355297087290307 2.236472627040109 2.2374155453511895 2.2383584636622684 2.239301381973347 2.240244300284426 2.2411872185955044 2.242130136906583 2.243073055217662 2.2440159735287404 2.2449588918398193 2.245901810150898 2.246844728461977 2.2477876467730553 2.248730565084134 2.249673483395214 2.250616401706293 2.2515593200173716 2.250335527613351 2.2467954724852355
-9999.0 -9999.0 -9999.0 -9999.0 -9999.0 -9999.0 -9999.0 -9999.0 2.2212512672882636 2.2209631795178675 2.2206750917474714 2.2203870039770752 2.220712231610243 2.2216931072681665 2.222673982926088 2.22365485858401 2.224635734241932 2.2256166098998538 2.2265974855577757 2.227578361215697 2.228559236873619 2.229540112531541 2.230520988189463 2.2315018638473845 2.2324827395053064 2.2334636151632283 2.2344444908211516 2.2354253664790735 2.2364062421369955 2.2373871177949174 2.238367993452839 2.239348869110761 2.2403297447686827 2.2413106204266047 2.242291496084526 2.243272371742448 2.24425324740037 2.245234123058292 2.246214998716214 2.247195874374137 2.248176750032059 2.249157625689981 2.247974680524197 2.2444785619935335
-9999.0 -9999.0 -9999.0 -9999.0 -9999.0 -9999.0 -9999.0 -9999.0 2.2176679069838583 2.2173976079726607 2.2171273089614627 2.2168570099502647 2.2172097742244015 2.218228607229168 2.219247440233933 2.220266273238698 2.221285106243463 2.2223039392482278 2.2233227722529927 2.2243416052577576 2.2253604382625225 2.2263792712672874 2.2273981042720523 2.2284169372768177 2.2294357702815826 2.2304546032863475 2.231473436291114 2.232492269295879 2.233511102300644 2.234529935305409 2.235548768310174 2.2365676013149387 2.2375864343197036 2.2386052673244685 2.2396241003292334 2.2406429333339983 2.2416617663387632 2.242680599343528 2.243699432348293 2.2447182653530597 2.2457370983578246 2.2467559313625896 2.245613833435043 2.242161651501831
-9999.0 -9999.0 -9999.0 -9999.0 -9999.0 -9999.0 -9999.0 -9999.0 2.21408454667945 2.21383203642745 2.2135795261754505 2.2133270159234506 2.2137073168385566 2.2147641071901667 2.2158208975417746 2.216877687893383 2.217934478244991 2.218991268596599 2.220048058948207 2.2211048492998153 2.222161639651423 2.2232184300030315 2.2242752203546394 2.2253320107062478 2.2263888010578556 2.227445591409464 2.2285023817610736 2.229559172112682 2.23061596246429 2.2316727528158977 2.232729543167506 2.233786333519114 2.2348431238707223 2.23589991422233 2.2369567045739385 2.2380134949255464 2.2390702852771547 2.2401270756287626 2.241183865980371 2.2422406563319806 2.243297446683589 2.2443542370351968 2.2432529863458877 2.239844741010127
-9999.0 -9999.0 -9999.0 -9999.0 -9999.0 -9999.0 -9999.0 -9999.0 2.210501186375044 2.2102664648822428 2.2100317433894414 2.20979702189664 2.210204859452715 2.211299607151168 2.212394354849619 2.2134891025480705 2.214583850246522 2.215678597944973 2.216773345643424 2.2178680933418753 2.2189628410403266 2.220057588738778 2.2211523364372288 2.22224708413568 2.2233418318341314 2.2244365795325827 2.2255313272310357 2.2266260749294866 2.227720822627938 2.228815570326389 2.2299103180248405 2.231005065723292 2.2320998134217427 2.233194561120194 2.2342893088186453 2.2353840565170966 2.2364788042155475 2.2375735519139988 2.23866829961245 2.239763047310903 2.2408577950093544 2.2419525427078053 2.2408921392567334 2.2375278305184247
-9999.0 -9999.0 -9999.0 -9999.0 -9999.0 -9999.0 -9999.0 2.2071347588042425 2.2069178260706392 2.206700893337036 2.2064839606034328 2.2062670278698295 2.206702402066874 2.20783510711217 2.2089678121574643 2.2101005172027586 2.211233222248053 2.212365927293347 2.2134986323386414 2.2146313373839357 2.21576404242923 2.2168967474745247 2.218029452519819 2.2191621575651133 2.2202948626104075 2.221427567655702 2.222560272700998 2.223692977746292 2.2248256827915864 2.225958387836881 2.2270910928821754 2.2282237979274697 2.229356502972764 2.2304892080180583 2.2316219130633526 2.232754618108647 2.233887323153941 2.2350200281992354 2.2361527332445297 2.237285438289826 2.2384181433351205 2.2395508483804147 2.23853129216758 2.2352109200267227
-9999.0 -9999.0 -9999.0 -9999.0 -9999.0 -9999.0 -9999.0 2.2035336097406386 2.203334465766234 2.203135321791829 2.2029361778174237 2.202737033843019 2.203199944681032 2.2043706070731717 2.205541269465309 2.206711931857446 2.207882594249584 2.209053256641721 2.210223919033859 2.211394581425996 2.2125652438181334 2.213735906210271 2.2149065686024083 2.216077230994546 2.2172478933866833 2.2184185557788205 2.21958921817096 2.2207598805630977 2.221930542955235 2.2231012053473727 2.22427186773951 2.225442530131647 2.226613192523785 2.227783854915922 2.22895451730806 2.230125179700197 2.2312958420923343 2.232466504484472 2.2336371668766093 2.2348078292687488 2.2359784916608865 2.2371491540530237 2.236170445078426 2.2328940095350207
-9999.0 -9999.0 -9999.0 -9999.0 -9999.0 -9999.0 -9999.0 2.199932460677035 2.199751105461828 2.1995697502466216 2.199388395031415 2.199207039816208 2.1996974872951904 2.200906107034173 2.2021147267731536 2.2033233465121342 2.2045319662511145 2.205740585990095 2.206949205729076 2.2081578254680565 2.2093664452070367 2.2105750649460174 2.211783684684998 2.2129923044239788 2.214200924162959 2.2154095439019397 2.216618163640922 2.217826783379903 2.2190354031188835 2.220244022857864 2.2214526425968444 2.222661262335825 2.2238698820748057 2.2250785018137864 2.2262871215527666 2.2274957412917473 2.228704361030728 2.2299129807697087 2.231121600508689 2.232330220247672 2.2335388399866525 2.2347474597256327 2.2338095979892723 2.2305770990433187
-9999.0 -9999.0 -9999.0 -9999.0 -9999.0 -9999.0 2.19649487806944 2.1963313116134318 2.1961677451574233 2.196004178701415 2.1958406122454064 2.195677045789398 2.196195029909349 2.197441606995175 2.1986881840809986 2.1999347611668223 2.201181338252646 2.2024279153384696 2.2036744924242933 2.204921069510117 2.2061676465959406 2.207414223681764 2.208660800767588 2.2099073778534115 2.211153954939235 2.212400532025059 2.2136471091108847 2.2148936861967083 2.216140263282532 2.2173868403683556 2.2186334174541793 2.219879994540003 2.2211265716258266 2.2223731487116503 2.223619725797474 2.2248663028832976 2.226112879969121 2.227359457054945 2.2286060341407685 2.2298526112265944 2.231099188312418 2.2323457653982417 2.2314487509001184 2.2282601885516162
-9999.0 -9999.0 -9999.0 -9999.0 -9999.0 -9999.0 -9999.0 2.192730162549825 2.1925843848530144 2.1924386071562045 2.192292829459394 2.192147051762584 2.1926925725235042 2.193977106956173 2.19526164138884 2.196546175821507 2.197830710254174 2.1991152446868405 2.2003997791195076 2.201684313552174 2.2029688479848413 2.204253382417508 2.2055379168501745 2.2068224512828416 2.2081069857155082 2.2093915201481753 2.210676054580844 2.2119605890135112 2.213245123446178 2.214529657878845 2.2158141923115116 2.217098726744178 2.2183832611768453 2.219667795609512 2.220952330042179 2.2222368644748456 2.2235213989075127 2.2248059333401793 2.2260904677728464 2.227375002205515 2.228659536638182 2.229944071070849 2.229087903810963 2.2259432780599124
-9999.0 -9999.0 -9999.0 -9999.0 -9999.0 -9999.0 -9999.0 -9999.0 2.1890010245486096 2.1888730356109973 2.1887450466733855 2.1886170577357738 2.189190115137663 2.190512606917175 2.1918350986966852 2.193157590476195 2.194480082255705 2.195802574035215 2.1971250658147246 2.1984475575942346 2.1997700493737447 2.2010925411532547 2.2024150329327643 2.2037375247122744 2.2050600164917844 2.206382508271294 2.2077050000508063 2.2090274918303163 2.2103499836098264 2.211672475389336 2.212994967168846 2.214317458948356 2.215639950727866 2.2169624425073757 2.218284934286886 2.219607426066396 2.220929917845906 2.2222524096254155 2.2235749014049255 2.224897393184438 2.2262198849639474 2.2275423767434575 2.226727056721809 2.2236263675682104
-9999.0 -9999.0 -9999.0 -9999.0 -9999.0 -9999.0 -9999.0 -9999.0 -9999.0 2.18530746406579 2.1851972638873765 2.1850870637089628 2.185687657751821 2.1870481068781764 2.1884085560045294 2.189769005130883 2.191129454257236 2.192489903383589 2.193850352509942 2.195210801636295 2.196571250762648 2.197931699889001 2.199292149015354 2.200652598141707 2.20201304726806 2.203373496394413 2.2047339455207684 2.2060943946471214 2.2074548437734745 2.208815292899828 2.210175742026181 2.211536191152534 2.212896640278887 2.21425708940524 2.215617538531593 2.216977987657946 2.218338436784299 2.219698885910652 2.221059335037005 2.2224197841633604 2.2237802332897134 2.2251406824160664 2.224366209632655 2.2213094570765084
-9999.0 -9999.0 -9999.0 -9999.0 -9999.0 -9999.0 -9999.0 -9999.0 -9999.0 -9999.0 2.1816494811013674 2.181557069682152 2.1821852003659794 2.183583606839178 2.184982013312374 2.1863804197855705 2.1877788262587665 2.189177232731963 2.190575639205159 2.191974045678355 2.1933724521515514 2.1947708586247474 2.196169265097944 2.19756767157114 2.198966078044336 2.2003644845175323 2.2017628909907305 2.203161297463927 2.204559703937123 2.2059581104103194 2.2073565168835154 2.2087549233567114 2.210153329829908 2.211551736303104 2.2129501427763003 2.2143485492494963 2.2157469557226923 2.2171453621958888 2.2185437686690848 2.2199421751422834 2.2213405816154794 2.222738988088676 2.2220053625435012 2.2189925465848064
-9999.0 -9999.0 -9999.0 -9999.0 -9999.0 -9999.0 -9999.0 -9999.0 -9999.0 -9999.0 -9999.0 2.1780270756553413 2.1786827429801376 2.1801191068001797 2.1815554706202187 2.182991834440258 2.1844281982602975 2.1858645620803365 2.187300925900376 2.1887372897204154 2.190173653540455 2.1916100173604938 2.193046381180533 2.1944827450005726 2.195919108820612 2.197355472640651 2.198791836460693 2.200228200280732 2.2016645641007715 2.203100927920811 2.2045372917408503 2.2059736555608893 2.2074100193809287 2.208846383200968 2.210282747021007 2.2117191108410466 2.213155474661086 2.2145918384811254 2.2160282023011644 2.2174645661212065 2.2189009299412454 2.220337293761285 2.219644515454348 2.2166756360931044
-9999.0 -9999.0 -9999.0 -9999.0 -9999.0 -9999.0 -9999.0 -9999.0 -9999.0 -9999.0 -9999.0 2.1744970816285307 2.1751802855942963 2.1766546067611814 2.178128927928064 2.179603249094946 2.1810775702618286 2.182551891428711 2.1840262125955934 2.1855005337624758 2.186974854929358 2.1884491760962406 2.189923497263123 2.1913978184300054 2.1928721395968878 2.19434646076377 2.195820781930655 2.1972951030975376 2.19876942426442 2.2002437454313024 2.201718066598185 2.203192387765067 2.2046667089319496 2.206141030098832 2.2076153512657144 2.209089672432597 2.210563993599479 2.2120383147663616 2.213512635933244 2.2149869571001286 2.216461278267011 2.2179355994338934 2.2172836683651935 2.214358725601402
-9999.0 -9999.0 -9999.0 -9999.0 -9999.0 -9999.0 -9999.0 -9999.0 -9999.0 -9999.0 -9999.0 2.17096708760172 2.1716778282084546 2.173190106722183 2.1747023852359084 2.176214663749634 2.1777269422633596 2.179239220777085 2.1807514992908104 2.182263777804536 2.1837760563182615 2.185288334831987 2.1868006133457127 2.188312891859438 2.1898251703731635 2.1913374488868893 2.1928497274006173 2.1943620059143427 2.195874284428068 2.197386562941794 2.1988988414555193 2.2004111199692447 2.2019233984829705 2.203435676996696 2.2049479555104217 2.206460234024147 2.2079725125378724 2.2094847910515982 2.2109970695653236 2.2125093480790516 2.214021626592777 2.215533905106503 2.2149228212760397 2.2120418151097
-9999.0 -9999.0 -9999.0 -9999.0 -9999.0 -9999.0 -9999.0 -9999.0 -9999.0 -9999.0 -9999.0 -9999.0 2.1681753708226106 2.1697256066831816 2.1712758425437504 2.172826078404319 2.1743763142648875 2.1759265501254563 2.177476785986025 2.1790270218465935 2.1805772577071623 2.182127493567731 2.1836777294283 2.185227965288868 2.186778201149437 2.188328437010006 2.189878672870577 2.1914289087311456 2.1929791445917144 2.194529380452283 2.1960796163128515 2.1976298521734203 2.199180088033989 2.2007303238945575 2.2022805597551263 2.203830795615695 2.2053810314762634 2.206931267336832 2.208481503197401 2.2100317390579725 2.211581974918541 2.2131322107791096 2.212561974186884 2.2097249046179956
