Figures/CREST_Example_wjb_NSE/PETs/wjb.pet.20100920.asc
ncols            288
nrows            254
xllcorner        113.274861
yllcorner        31.4918055
cellsize         0.008333333333
NODATA_value     -9999
[rows 80 to 99 of 254, columns 44 to 87 of 288]
2.11625037196884 2.1112142767515065 2.106178181534173 2.1011420863168393 2.0961059910995057 2.091069895882172 2.086033800664839 2.0809977054475053 2.0759616102301632 2.0709255150128296 2.065889419795496 2.0608533245781624 2.055817229360829 2.050781134143495 2.045745038926162 2.0407089437088284 2.0356728484914948 2.030636753274161 2.0256006580568275 2.020564562839494 2.0155284676221603 2.0104923724048183 2.0054562771874846 2.0004201819701515 1.9953840867528176 1.9903479915354843 1.9853118963181506 1.980275801100817 1.9767304528566638 1.974778746826753 1.9728270407968422 1.9708753347669314 1.9689236287370206 1.9669719227071099 1.9650202166771957 1.9630685106472847 1.961116804617374 1.9591650985874631 1.9572133925575523 1.9552616865276415 1.9533099804977307 1.95135827446782 1.9494065684379092 1.9474548624079984
2.1179877271283982 2.11294745029472 2.107907173461041 2.1028668966273627 2.0978266197936843 2.0927863429600055 2.087746066126327 2.0827057892926484 2.077665512458961 2.072625235625283 2.067584958791604 2.0625446819579256 2.0575044051242473 2.0524641282905685 2.04742385145689 2.0423835746232113 2.037343297789533 2.032303020955854 2.0272627441221758 2.022222467288497 2.0171821904548186 2.0121419136211314 2.007101636787453 2.002061359953774 1.9970210831200959 1.991980806286417 1.9869405294527387 1.98190025261906 1.978313548069585 1.9762807451514632 1.9742479422333414 1.9722151393152194 1.9701823363970976 1.9681495334789758 1.9661167305608505 1.9640839276427287 1.9620511247246069 1.9600183218064848 1.957985518888363 1.9559527159702412 1.9539199130521194 1.9518871101339974 1.9498543072158756 1.9478215042977538
2.119725082287957 2.1146806238379336 2.10963616538791 2.1045917069378866 2.0995472484878626 2.094502790037839 2.0894583315878155 2.084413873137792 2.07936941468776 2.0743249562377364 2.069280497787713 2.064236039337689 2.0591915808876653 2.0541471224376417 2.049102663987618 2.0440582055375947 2.039013747087571 2.0339692886375476 2.028924830187524 2.0238803717375005 2.018835913287477 2.0137914548374445 2.008746996387421 2.0037025379373974 1.9986580794873738 1.9936136210373503 1.9885691625873265 1.983524704137303 1.9798966432825063 1.9777827434761734 1.9756688436698404 1.9735549438635076 1.9714410440571748 1.9693271442508418 1.9672132444445054 1.9650993446381724 1.9629854448318396 1.9608715450255065 1.9587576452191737 1.956643745412841 1.9545298456065079 1.952415945800175 1.9503020459938423 1.9481881461875092
2.1214624374475153 2.116413797381147 2.1113651573147783 2.1063165172484095 2.101267877182041 2.0962192371156725 2.0911705970493037 2.086121956982935 2.081073316916558 2.0760246768501895 2.070976036783821 2.065927396717452 2.0608787566510833 2.055830116584715 2.0507814765183463 2.0457328364519776 2.0406841963856093 2.0356355563192405 2.030586916252872 2.025538276186503 2.0204896361201348 2.0154409960537576 2.010392355987389 2.00534371592102 2.0002950758546514 1.995246435788283 1.9901977957219144 1.9851491556555458 1.9814797384954272 1.9792847418008834 1.9770897451063394 1.9748947484117956 1.9726997517172515 1.9705047550227077 1.96830975832816 1.966114761633616 1.963919764939072 1.9617247682445282 1.9595297715499842 1.9573347748554404 1.9551397781608963 1.9529447814663525 1.9507497847718085 1.9485547880772647
2.1231997926070743 2.1181469709243608 2.113094149241647 2.1080413275589334 2.1029885058762194 2.097935684193506 2.0928828625107925 2.0878300408280785 2.0827772191453566 2.0777243974626427 2.072671575779929 2.0676187540972157 2.062565932414502 2.0575131107317883 2.052460289049075 2.047407467366361 2.0423546456836474 2.0373018240009335 2.03224900231822 2.0271961806355066 2.0221433589527926 2.0170905372700707 2.012037715587357 2.0069848939046433 2.00193207222193 1.9968792505392159 1.9918264288565024 1.9867736071737887 1.9830628337083485 1.9807867401255936 1.9785106465428386 1.9762345529600835 1.9739584593773287 1.9716823657945737 1.9694062722118149 1.9671301786290598 1.964854085046305 1.96257799146355 1.9603018978807951 1.95802580429804 1.9557497107152853 1.9534736171325302 1.9511975235497752 1.9489214299670203
2.124937147766634 2.1198801444675754 2.1148231411685168 2.109766137869458 2.1047091345703994 2.0996521312713408 2.094595127972282 2.0895381246732234 2.0844811213741563 2.0794241180750976 2.074367114776039 2.0693101114769803 2.0642531081779216 2.059196104878863 2.0541391015798043 2.0490820982807456 2.044025094981687 2.0389680916826283 2.0339110883835696 2.028854085084511 2.0237970817854523 2.018740078486385 2.0136830751873265 2.008626071888268 2.003569068589209 1.9985120652901505 1.9934550619910918 1.9883980586920331 1.984645928921271 1.982288738450305 1.979931547979339 1.9775743575083728 1.9752171670374068 1.9728599765664407 1.9705027860954707 1.9681455956245046 1.9657884051535386 1.9634312146825725 1.9610740242116065 1.9587168337406402 1.9563596432696742 1.954002452798708 1.951645262327742 1.949288071856776
2.1266745029261926 2.121613318010789 2.1165521330953854 2.1114909481799815 2.106429763264578 2.1013685783491742 2.0963073934337704 2.091246208518367 2.0861850236029547 2.081123838687551 2.0760626537721474 2.0710014688567435 2.0659402839413397 2.0608790990259362 2.0558179141105324 2.050756729195129 2.045695544279725 2.0406343593643212 2.035573174448918 2.030511989533514 2.0254508046181106 2.0203896197026983 2.0153284347872944 2.0102672498718905 2.005206064956487 2.0001448800410833 1.9950836951256796 1.990022510210276 1.9862290241341922 1.9837907367750152 1.981352449415838 1.9789141620566608 1.9764758746974838 1.9740375873383067 1.9715992999791254 1.9691610126199484 1.9667227252607713 1.9642844379015942 1.961846150542417 1.95940786318324 1.9569695758240628 1.9545312884648858 1.9520930011057087 1.9496547137465317
2.128411858085751 2.123346491554002 2.1182811250222535 2.113215758490505 2.1081503919587563 2.1030850254270077 2.0980196588952587 2.09295429236351 2.0878889258317526 2.082823559300004 2.0777581927682554 2.0726928262365067 2.067627459704758 2.062562093173009 2.0574967266412605 2.052431360109512 2.0473659935777633 2.0423006270460147 2.0372352605142656 2.032169893982517 2.0271045274507684 2.022039160919011 2.0169737943872623 2.0119084278555137 2.006843061323765 2.0017776947920165 1.9967123282602677 1.9916469617285188 1.9878121193471134 1.9852927350997254 1.982773350852337 1.980253966604949 1.977734582357561 1.9752151981101727 1.9726958138627804 1.970176429615392 1.967657045368004 1.965137661120616 1.9626182768732277 1.9600988926258396 1.9575795083784515 1.9550601241310632 1.9525407398836752 1.950021355636287
2.129992830129041 2.124945494344429 2.1198981585598164 2.114850822775204 2.1098034869905917 2.10475615120598 2.0997088154213674 2.094661479636755 2.0896141438521343 2.084566808067522 2.0795194722829096 2.074472136498297 2.069424800713685 2.0643774649290725 2.05933012914446 2.0542827933598478 2.049235457575236 2.0441881217906235 2.039140786006011 2.0340934502213988 2.0290461144367864 2.0239987786521656 2.0189514428675532 2.013904107082941 2.0088567712983285 2.003809435513716 1.998762099729104 1.9937147639444917 1.9898730294046754 1.9873201098494377 1.9847671902942001 1.9822142707389627 1.979661351183725 1.9771084316284875 1.9745555120732456 1.972002592518008 1.9694496729627704 1.966896753407533 1.9643438338522954 1.9617909142970578 1.9592379947418201 1.9566850751865827 1.9541321556313451 1.9515792360761075
2.1314066384807195 2.126401077059355 2.1213955156379902 2.1163899542166256 2.111384392795261 2.1063788313738963 2.1013732699525316 2.096367708531167 2.091362147109794 2.086356585688429 2.0813510242670645 2.0763454628457 2.071339901424335 2.0663343400029706 2.061328778581606 2.0563232171602412 2.0513176557388766 2.046312094317512 2.0413065328961473 2.0363009714747826 2.031295410053418 2.0262898486320444 2.0212842872106798 2.016278725789315 2.0112731643679505 2.006267602946586 2.001262041525221 1.9962564801038565 1.9924446934057733 1.989909078873419 1.9873734643410648 1.9848378498087105 1.9823022352763562 1.979766620744002 1.9772310062116432 1.9746953916792889 1.9721597771469346 1.9696241626145803 1.9670885480822258 1.9645529335498715 1.9620173190175172 1.959481704485163 1.9569460899528086 1.9544104754204543
2.1328204468323984 2.1278566597742814 2.1228928727161644 2.1179290856580475 2.1129652985999305 2.108001511541813 2.103037724483696 2.0980739374255792 2.093110150367454 2.0881463633093365 2.0831825762512195 2.0782187891931025 2.0732550021349856 2.0682912150768686 2.0633274280187512 2.0583636409606343 2.0533998539025173 2.0484360668444004 2.043472279786283 2.038508492728166 2.033544705670049 2.0285809186119237 2.0236171315538067 2.0186533444956893 2.0136895574375724 2.0087257703794554 2.0037619833213385 1.9987981962632213 1.9950163574068713 1.9924980478974004 1.9899797383879292 1.9874614288784582 1.984943119368987 1.9824248098595159 1.9799065003500407 1.9773881908405695 1.9748698813310983 1.9723515718216273 1.9698332623121562 1.9673149528026852 1.964796643293214 1.962278333783743 1.9597600242742719 1.957241714764801
2.1342342551840776 2.129312242489208 2.1243902297943387 2.119468217099469 2.1145462044045997 2.1096241917097305 2.104702179014861 2.0997801663199915 2.094858153625114 2.089936140930244 2.085014128235375 2.080092115540505 2.075170102845636 2.0702480901507667 2.065326077455897 2.0604040647610278 2.055482052066158 2.050560039371289 2.0456380266764196 2.04071601398155 2.0357940012866806 2.030871988591803 2.0259499758969333 2.021027963202064 2.0161059505071943 2.011183937812325 2.006261925117456 2.001339912422586 1.9975880214079695 1.9950870169213817 1.9925860124347938 1.990085007948206 1.9875840034616181 1.9850829989750303 1.9825819944884382 1.9800809900018503 1.9775799855152625 1.9750789810286746 1.9725779765420868 1.970076972055499 1.967575967568911 1.9650749630823232 1.9625739585957354 1.9600729541091475
2.1356480635357578 2.1307678252041358 2.1258875868725142 2.1210073485408922 2.1161271102092707 2.1112468718776487 2.106366633546027 2.101486395214405 2.096606156882775 2.0917259185511536 2.0868456802195317 2.0819654418879097 2.077085203556288 2.072204965224666 2.0673247268930446 2.0624444885614226 2.057564250229801 2.052684011898179 2.0478037735665575 2.0429235352349355 2.038043296903314 2.033163058571684 2.028282820240062 2.0234025819084405 2.0185223435768185 2.0136421052451965 2.008761866913575 2.0038816285819534 2.0001596854090695 1.997675985945365 1.9951922864816605 1.992708587017956 1.9902248875542512 1.9877411880905467 1.985257488626838 1.9827737891631332 1.9802900896994287 1.9778063902357241 1.9753226907720194 1.9728389913083149 1.9703552918446103 1.9678715923809056 1.965387892917201 1.9629041934534963
2.137061871887436 2.132223407919062 2.127384943950688 2.1225464799823137 2.11770801601394 2.1128695520455656 2.1080310880771913 2.1031926241088175 2.0983541601404347 2.093515696172061 2.0886772322036866 2.0838387682353123 2.0790003042669385 2.074161840298564 2.06932337633019 2.064484912361816 2.059646448393442 2.0548079844250675 2.0499695204566937 2.0451310564883194 2.040292592519945 2.035454128551563 2.030615664583189 2.0257772006148147 2.0209387366464404 2.0161002726780666 2.0112618087096923 2.006423344741318 2.0027313494101677 2.0002649549693463 1.9977985605285251 1.9953321660877037 1.9928657716468823 1.990399377206061 1.9879329827652354 1.985466588324414 1.9830001938835926 1.9805337994427714 1.97806740500195 1.9756010105611286 1.9731346161203072 1.9706682216794857 1.9682018272386645 1.9657354327978431
2.138475680239115 2.133678990633989 2.1288823010288622 2.1240856114237356 2.119288921818609 2.1144922322134825 2.109695542608356 2.1048988530032293 2.1001021633980947 2.095305473792968 2.090508784187842 2.0857120945827154 2.080915404977589 2.0761187153724623 2.0713220257673357 2.066525336162209 2.061728646557083 2.0569319569519564 2.05213526734683 2.0473385777417032 2.0425418881365767 2.037745198531442 2.0329485089263155 2.028151819321189 2.0233551297160624 2.018558440110936 2.0137617505058096 2.008965060900683 2.005303013411266 2.0028539239933276 2.0004048345753898 1.9979557451574517 1.9955066557395134 1.9930575663215753 1.990608476903633 1.9881593874856949 1.9857102980677568 1.9832612086498187 1.9808121192318804 1.9783630298139423 1.9759139403960042 1.9734648509780661 1.971015761560128 1.9685666721421897
2.139889488590794 2.1351345733489153 2.130379658107036 2.125624742865157 2.1208698276232782 2.1161149123813994 2.1113599971395205 2.1066050818976416 2.1018501666557547 2.097095251413876 2.092340336171997 2.087585420930118 2.0828305056882392 2.0780755904463604 2.0733206752044815 2.0685657599626026 2.0638108447207237 2.059055929478845 2.054301014236966 2.049546098995087 2.0447911837532082 2.0400362685113214 2.0352813532694425 2.0305264380275636 2.0257715227856847 2.021016607543806 2.016261692301927 2.011506777060048 2.007874677412364 2.0054428930173094 2.003011108622254 2.0005793242271994 1.9981475398321444 1.9957157554370897 1.9932839710420305 1.9908521866469757 1.9884204022519207 1.9859886178568658 1.983556833461811 1.981125049066756 1.978693264671701 1.9762614802766463 1.9738296958815913 1.9713979114865363
2.141303296942473 2.136590156063842 2.1318770151852102 2.127163874306579 2.122450733427948 2.1177375925493167 2.1130244516706855 2.108311310792054 2.1035981699134148 2.0988850290347836 2.0941718881561524 2.0894587472775212 2.0847456063988896 2.0800324655202584 2.0753193246416273 2.070606183762996 2.065893042884365 2.0611799020057333 2.056466761127102 2.051753620248471 2.04704047936984 2.0423273384912006 2.037614197612569 2.032901056733938 2.0281879158553067 2.0234747749766755 2.0187616340980443 2.014048493219413 2.0104463414134623 2.0080318620412907 2.005617382669119 2.0032029032969474 2.0007884239247757 1.9983739445526039 1.995959465180428 1.9935449858082563 1.9911305064360847 1.988716027063913 1.9863015476917414 1.9838870683195697 1.981472588947398 1.9790581095752264 1.9766436302030548 1.9742291508308831
2.142717105294152 2.1380457387787684 2.1333743722633844 2.128703005748001 2.124031639232617 2.1193602727172336 2.11468890620185 2.110017539686466 2.1053461731710748 2.1006748066556913 2.0960034401403074 2.091332073624924 2.0866607071095404 2.0819893405941565 2.077317974078773 2.0726466075633896 2.0679752410480057 2.063303874532622 2.0586325080172383 2.053961141501855 2.0492897749864714 2.04461840847108 2.039947041955696 2.0352756754403125 2.0306043089249286 2.025932942409545 2.0212615758941617 2.0165902093787778 2.0130180054145606 2.010620831065272 2.0082236567159835 2.005826482366695 2.003429308017407 2.0010321336681183 1.9986349593188257 1.9962377849695372 1.9938406106202489 1.9914434362709603 1.989046261921672 1.9866490875723835 1.9842519132230951 1.9818547388738066 1.9794575645245183 1.9770603901752297
2.1441309136458315 2.1395013214936958 2.1348717293415596 2.130242137189424 2.125612545037288 2.120982952885152 2.116353360733016 2.11172376858088 2.107094176428736 2.1024645842766003 2.097834992124464 2.0932053999723284 2.088575807820192 2.0839462156680564 2.07931662351592 2.0746870313637844 2.0700574392116486 2.0654278470595124 2.0607982549073767 2.0561686627552405 2.0515390706031047 2.046909478450961 2.0422798862988247 2.037650294146689 2.0330207019945528 2.028391109842417 2.0237615176902812 2.019131925538145 2.0155896694156605 2.0132098000892555 2.0108299307628505 2.008450061436445 2.00607019211004 2.0036903227836347 2.0013104534572257 1.9989305841308205 1.9965507148044153 1.99417084547801 1.9917909761516048 1.9894111068251996 1.9870312374987944 1.9846513681723892 1.982271498845984 1.979891629519579
2.1455447219975103 2.1409569042086223 2.1363690864197338 2.1317812686308453 2.127193450841957 2.1226056330530687 2.1180178152641806 2.113429997475292 2.108842179686396 2.1042543618975076 2.099666544108619 2.095078726319731 2.0904909085308425 2.085903090741954 2.081315272953066 2.0767274551641774 2.0721396373752894 2.067551819586401 2.0629640017975124 2.0583761840086243 2.053788366219736 2.0492005484308398 2.0446127306419513 2.0400249128530628 2.0354370950641747 2.030849277275286 2.026261459486398 2.0216736416975096 2.0181613334167583 2.0157987691132364 2.0134362048097145 2.0110736405061926 2.0087110762026708 2.006348511899149 2.0039859475956225 2.0016233832921007 1.9992608189885788 1.9968982546850569 1.994535690381535 1.9921731260780131 1.989810561774491 1.9874479974709691 1.9850854331674472 1.9827228688639253
