Figures/CREST_Example_wjb_NSE/PETs/wjb.pet.20090330.asc
ncols            288
nrows            254
xllcorner        113.274861
yllcorner        31.4918055
cellsize         0.008333333333
NODATA_value     -9999
[rows 120 to 139 of 254, columns 44 to 87 of 288]
1.392517631756433 1.3932188485540544 1.393920065351676 1.3946212821492974 1.3953224989469188 1.3960237157445403 1.3967249325421618 1.3974261493397833 1.3981273661374058 1.3988285829350273 1.3995297997326488 1.4002310165302703 1.4009322333278917 1.4016334501255132 1.4023346669231347 1.4030358837207562 1.4037371005183776 1.404438317315999 1.4051395341136206 1.405840750911242 1.4065419677088635 1.4072431845064863 1.4079444013041078 1.4086456181017293 1.4093468348993508 1.4100480516969722 1.4107492684945937 1.4114504852922152 1.4119938089831285 1.41236834137363 1.4127428737641317 1.4131174061546334 1.413491938545135 1.4138664709356368 1.414241003326139 1.4146155357166406 1.4149900681071423 1.415364600497644 1.4157391328881455 1.4161136652786472 1.4164881976691488 1.4168627300596504 1.4172372624501521 1.4176117948406537
1.3936356387037545 1.3943108836161187 1.3949861285284826 1.3956613734408465 1.3963366183532107 1.3970118632655746 1.3976871081779385 1.3983623530903027 1.3990375980026677 1.3997128429150318 1.4003880878273958 1.4010633327397597 1.4017385776521238 1.4024138225644878 1.4030890674768517 1.4037643123892158 1.4044395573015798 1.4051148022139437 1.4057900471263078 1.4064652920386718 1.407140536951036 1.407815781863401 1.4084910267757649 1.409166271688129 1.409841516600493 1.410516761512857 1.411192006425221 1.411867251337585 1.412378616001774 1.4127147889759772 1.4130509619501805 1.4133871349243838 1.4137233078985871 1.4140594808727904 1.4143956538469944 1.4147318268211977 1.415067999795401 1.4154041727696043 1.4157403457438078 1.416076518718011 1.4164126916922144 1.4167488646664177 1.417085037640621 1.4174212106148243
1.394753645651076 1.3954029186781827 1.3960521917052893 1.3967014647323959 1.3973507377595022 1.3980000107866088 1.3986492838137154 1.3992985568408218 1.3999478298679295 1.4005971028950361 1.4012463759221427 1.4018956489492491 1.4025449219763557 1.4031941950034623 1.4038434680305687 1.4044927410576753 1.405142014084782 1.4057912871118885 1.4064405601389949 1.4070898331661015 1.407739106193208 1.4083883792203156 1.4090376522474222 1.4096869252745288 1.4103361983016354 1.4109854713287417 1.4116347443558483 1.412284017382955 1.4127634230204194 1.4130612365783244 1.4133590501362294 1.4136568636941342 1.4139546772520393 1.4142524908099443 1.4145503043678498 1.4148481179257548 1.4151459314836599 1.415443745041565 1.4157415585994697 1.4160393721573747 1.4163371857152798 1.4166349992731848 1.4169328128310898 1.4172306263889947
1.3958716525983976 1.396494953740247 1.397118254882096 1.397741556023945 1.398364857165794 1.3989881583076431 1.3996114594494922 1.4002347605913412 1.4008580617331914 1.4014813628750404 1.4021046640168895 1.4027279651587385 1.4033512663005876 1.4039745674424366 1.4045978685842857 1.4052211697261348 1.4058444708679838 1.4064677720098329 1.407091073151682 1.407714374293531 1.40833767543538 1.4089609765772302 1.4095842777190792 1.4102075788609283 1.4108308800027773 1.4114541811446264 1.4120774822864754 1.4127007834283245 1.4131482300390645 1.4134076841806713 1.4136671383222779 1.4139265924638846 1.4141860466054912 1.414445500747098 1.414704954888705 1.4149644090303117 1.4152238631719185 1.415483317313525 1.4157427714551318 1.4160022255967384 1.4162616797383452 1.4165211338799517 1.4167805880215585 1.417040042163165
1.39698965954572 1.3975869888023118 1.3981843180589033 1.3987816473154948 1.3993789765720865 1.399976305828678 1.4005736350852696 1.4011709643418613 1.4017682935984537 1.4023656228550454 1.402962952111637 1.4035602813682284 1.4041576106248201 1.4047549398814116 1.4053522691380032 1.4059495983945949 1.4065469276511864 1.407144256907778 1.4077415861643696 1.4083389154209611 1.4089362446775526 1.4095335739341452 1.4101309031907368 1.4107282324473285 1.41132556170392 1.4119228909605115 1.4125202202171032 1.4131175494736947 1.4135330370577102 1.4137541317830185 1.4139752265083267 1.4141963212336353 1.4144174159589435 1.4146385106842518 1.4148596054095606 1.4150807001348689 1.4153017948601772 1.4155228895854854 1.4157439843107937 1.415965079036102 1.4161861737614103 1.4164072684867186 1.416628363212027 1.4168494579373354
1.3981076664930419 1.3986790238643758 1.39925038123571 1.3998217386070442 1.4003930959783781 1.4009644533497123 1.4015358107210465 1.4021071680923805 1.4026785254637155 1.4032498828350497 1.4038212402063839 1.4043925975777178 1.404963954949052 1.4055353123203862 1.4061066696917202 1.4066780270630543 1.4072493844343885 1.4078207418057225 1.4083920991770567 1.4089634565483908 1.4095348139197248 1.4101061712910599 1.410677528662394 1.4112488860337282 1.4118202434050622 1.4123916007763964 1.4129629581477305 1.4135343155190645 1.4139178440763556 1.4141005793853656 1.4142833146943756 1.4144660500033857 1.4146487853123957 1.4148315206214057 1.415014255930416 1.415196991239426 1.415379726548436 1.4155624618574458 1.4157451971664559 1.415927932475466 1.416110667784476 1.416293403093486 1.416476138402496 1.4166588737115058
1.3992256734403632 1.3997710589264398 1.4003164444125165 1.400861829898593 1.4014072153846697 1.4019526008707464 1.402497986356823 1.4030433718428996 1.4035887573289774 1.404134142815054 1.4046795283011306 1.4052249137872073 1.405770299273284 1.4063156847593605 1.4068610702454372 1.4074064557315138 1.4079518412175904 1.408497226703667 1.4090426121897437 1.4095879976758203 1.410133383161897 1.4106787686479747 1.4112241541340513 1.411769539620128 1.4123149251062046 1.4128603105922812 1.4134056960783579 1.4139510815644345 1.4143026510950012 1.4144470269877127 1.4145914028804245 1.414735778773136 1.4148801546658478 1.4150245305585594 1.4151689064512714 1.415313282343983 1.4154576582366947 1.4156020341294064 1.415746410022118 1.4158907859148298 1.4160351618075413 1.416179537700253 1.4163239135929646 1.4164682894856764
1.4003436803876848 1.4008630939885038 1.4013825075893231 1.4019019211901422 1.4024213347909613 1.4029407483917806 1.4034601619925997 1.403979575593419 1.404498989194239 1.405018402795058 1.4055378163958774 1.4060572299966965 1.4065766435975158 1.4070960571983349 1.407615470799154 1.4081348843999733 1.4086542980007923 1.4091737116016116 1.4096931252024307 1.4102125388032498 1.4107319524040691 1.411251366004889 1.4117707796057082 1.4122901932065275 1.4128096068073466 1.4133290204081659 1.413848434008985 1.414367847609804 1.4146874581136464 1.4147934745900597 1.414899491066473 1.4150055075428865 1.4151115240192997 1.415217540495713 1.4153235569721265 1.4154295734485398 1.4155355899249533 1.4156416064013666 1.4157476228777799 1.4158536393541934 1.4159596558306067 1.41606567230702 1.4161716887834332 1.4162777052598468
1.4014616873350063 1.401955129050568 1.4024485707661298 1.4029420124816914 1.4034354541972531 1.403928895912815 1.4044223376283766 1.4049157793439382 1.4054092210595008 1.4059026627750626 1.4063961044906241 1.406889546206186 1.4073829879217477 1.4078764296373094 1.408369871352871 1.4088633130684327 1.4093567547839945 1.4098501964995562 1.4103436382151178 1.4108370799306795 1.4113305216462413 1.4118239633618037 1.4123174050773655 1.4128108467929272 1.413304288508489 1.4137977302240505 1.4142911719396123 1.414784613655174 1.4150722651322918 1.4151399221924068 1.4152075792525218 1.4152752363126369 1.4153428933727519 1.415410550432867 1.415478207492982 1.415545864553097 1.415613521613212 1.415681178673327 1.415748835733442 1.415816492793557 1.415884149853672 1.415951806913787 1.416019463973902 1.4160871210340171
1.4025796942823279 1.403047164112632 1.4035146339429365 1.4039821037732407 1.404449573603545 1.4049170434338492 1.4053845132641534 1.4058519830944576 1.4063194529247627 1.406786922755067 1.407254392585371 1.4077218624156753 1.4081893322459795 1.4086568020762837 1.409124271906588 1.4095917417368924 1.4100592115671966 1.4105266813975008 1.410994151227805 1.4114616210581092 1.4119290908884135 1.4123965607187186 1.4128640305490228 1.413331500379327 1.4137989702096312 1.4142664400399354 1.4147339098702396 1.4152013797005438 1.4154570721509372 1.415486369794754 1.4155156674385705 1.4155449650823873 1.415574262726204 1.4156035603700206 1.4156328580138373 1.415662155657654 1.4156914533014708 1.4157207509452874 1.4157500485891041 1.415779346232921 1.4158086438767374 1.4158379415205542 1.415867239164371 1.4158965368081875
1.4036977012296494 1.4041391991746963 1.404580697119743 1.4050221950647899 1.4054636930098365 1.4059051909548834 1.40634668889993 1.4067881868449768 1.4072296847900243 1.4076711827350712 1.4081126806801179 1.4085541786251647 1.4089956765702114 1.409437174515258 1.409878672460305 1.4103201704053516 1.4107616683503985 1.4112031662954452 1.411644664240492 1.4120861621855387 1.4125276601305856 1.412969158075633 1.4134106560206798 1.4138521539657265 1.4142936519107734 1.41473514985582 1.415176647800867 1.4156181457459136 1.4158418791695824 1.4158328173971009 1.4158237556246192 1.4158146938521377 1.415805632079656 1.4157965703071742 1.4157875085346927 1.415778446762211 1.4157693849897295 1.4157603232172478 1.4157512614447663 1.4157421996722845 1.4157331378998028 1.4157240761273213 1.4157150143548396 1.415705952582358
1.4048157081769719 1.4052312342367612 1.4056467602965506 1.40606228635634 1.406477812416129 1.4068933384759184 1.4073088645357077 1.407724390595497 1.4081399166552868 1.4085554427150762 1.4089709687748655 1.4093864948346548 1.409802020894444 1.4102175469542333 1.4106330730140226 1.411048599073812 1.411464125133601 1.4118796511933904 1.4122951772531798 1.412710703312969 1.4131262293727582 1.4135417554325482 1.4139572814923376 1.414372807552127 1.414788333611916 1.4152038596717054 1.4156193857314947 1.416034911791284 1.4162266861882282 1.4161792649994482 1.4161318438106683 1.4160844226218883 1.4160370014331083 1.4159895802443283 1.4159421590555483 1.4158947378667683 1.4158473166779884 1.4157998954892084 1.4157524743004284 1.4157050531116484 1.4156576319228684 1.4156102107340884 1.4155627895453085 1.4155153683565285
1.4059337151242934 1.4063232692988255 1.4067128234733572 1.407102377647889 1.4074919318224208 1.4078814859969526 1.4082710401714844 1.4086605943460162 1.4090501485205487 1.4094397026950805 1.4098292568696122 1.410218811044144 1.4106083652186758 1.4109979193932076 1.4113874735677394 1.4117770277422712 1.412166581916803 1.412556136091335 1.4129456902658668 1.4133352444403986 1.4137247986149304 1.4141143527894628 1.4145039069639946 1.4148934611385264 1.4152830153130582 1.41567256948759 1.4160621236621218 1.4164516778366536 1.4166114932068734 1.4165257126017952 1.416439931996717 1.4163541513916387 1.4162683707865602 1.416182590181482 1.4160968095764035 1.4160110289713252 1.4159252483662468 1.4158394677611685 1.4157536871560903 1.415667906551012 1.4155821259459336 1.4154963453408553 1.415410564735777 1.4153247841306986
1.407051722071615 1.4074153043608892 1.4077788866501637 1.408142468939438 1.4085060512287124 1.4088696335179867 1.409233215807261 1.4095967980965354 1.4099603803858103 1.4103239626750848 1.410687544964359 1.4110511272536335 1.4114147095429077 1.411778291832182 1.4121418741214564 1.4125054564107307 1.4128690387000051 1.4132326209892794 1.4135962032785538 1.413959785567828 1.4143233678571026 1.4146869501463775 1.4150505324356517 1.4154141147249262 1.4157776970142004 1.4161412793034749 1.4165048615927491 1.4168684438820236 1.416996300225519 1.4168721602041423 1.4167480201827656 1.416623880161389 1.4164997401400123 1.4163756001186358 1.4162514600972589 1.4161273200758822 1.4160031800545057 1.415879040033129 1.4157549000117524 1.4156307599903757 1.4155066199689992 1.4153824799476225 1.4152583399262457 1.4151341999048692
1.4081697290189366 1.4085073394229535 1.4088449498269704 1.409182560230987 1.409520170635004 1.409857781039021 1.4101953914430378 1.4105330018470548 1.4108706122510721 1.411208222655089 1.411545833059106 1.4118834434631227 1.4122210538671396 1.4125586642711565 1.4128962746751734 1.4132338850791903 1.4135714954832073 1.413909105887224 1.4142467162912409 1.4145843266952578 1.4149219370992747 1.415259547503292 1.415597157907309 1.415934768311326 1.4162723787153428 1.4166099891193595 1.4169475995233765 1.4172852099273934 1.4173811072441644 1.4172186078064894 1.4170561083688145 1.4168936089311395 1.4167311094934645 1.4165686100557895 1.4164061106181143 1.4162436111804393 1.4160811117427645 1.4159186123050895 1.4157561128674145 1.4155936134297396 1.4154311139920646 1.4152686145543896 1.4151061151167146 1.4149436156790398
1.4092877359662581 1.4095993744850175 1.4099110130037769 1.4102226515225362 1.4105342900412958 1.4108459285600552 1.4111575670788146 1.411469205597574 1.411780844116334 1.4120924826350933 1.4124041211538527 1.412715759672612 1.4130273981913715 1.4133390367101308 1.4136506752288902 1.4139623137476498 1.4142739522664092 1.4145855907851685 1.414897229303928 1.4152088678226873 1.4155205063414467 1.4158321448602067 1.416143783378966 1.4164554218977254 1.4167670604164848 1.4170786989352442 1.4173903374540038 1.4177019759727632 1.4177659142628096 1.4175650554088364 1.4173641965548631 1.4171633377008899 1.4169624788469164 1.4167616199929431 1.4165607611389697 1.4163599022849962 1.416159043431023 1.4159581845770497 1.4157573257230764 1.4155564668691032 1.41535560801513 1.4151547491611567 1.4149538903071834 1.41475303145321
1.4104057429135797 1.4106914095470817 1.4109770761805835 1.4112627428140856 1.4115484094475874 1.4118340760810895 1.4121197427145913 1.4124054093480933 1.4126910759815956 1.4129767426150976 1.4132624092485995 1.4135480758821015 1.4138337425156033 1.4141194091491054 1.4144050757826072 1.4146907424161093 1.414976409049611 1.4152620756831131 1.415547742316615 1.415833408950117 1.4161190755836188 1.4164047422171213 1.4166904088506234 1.4169760754841252 1.4172617421176272 1.417547408751129 1.417833075384631 1.418118742018133 1.418150721281455 1.4179115030111835 1.4176722847409118 1.4174330664706403 1.4171938482003685 1.416954629930097 1.416715411659825 1.4164761933895533 1.4162369751192818 1.41599775684901 1.4157585385787386 1.415519320308467 1.4152801020381953 1.4150408837679238 1.414801665497652 1.4145624472273806
1.4115237498609021 1.4117834446091466 1.4120431393573911 1.4123028341056354 1.41256252885388 1.4128222236021244 1.413081918350369 1.4133416130986132 1.4136013078468581 1.4138610025951026 1.414120697343347 1.4143803920915916 1.4146400868398359 1.4148997815880804 1.4151594763363249 1.4154191710845694 1.4156788658328137 1.4159385605810582 1.4161982553293027 1.4164579500775472 1.4167176448257914 1.4169773395740364 1.4172370343222809 1.4174967290705254 1.4177564238187697 1.4180161185670141 1.4182758133152586 1.4185355080635031 1.4185355283001007 1.4182579506135307 1.4179803729269609 1.417702795240391 1.417425217553821 1.417147639867251 1.4168700621806805 1.4165924844941105 1.4163149068075405 1.4160373291209707 1.4157597514344007 1.4154821737478307 1.4152045960612607 1.4149270183746907 1.4146494406881207 1.414371863001551
1.4126417568082237 1.4128754796712106 1.4131092025341978 1.4133429253971848 1.4135766482601717 1.4138103711231587 1.4140440939861456 1.4142778168491326 1.41451153971212 1.414745262575107 1.4149789854380939 1.4152127083010808 1.415446431164068 1.415680154027055 1.415913876890042 1.4161475997530288 1.4163813226160158 1.4166150454790027 1.4168487683419897 1.4170824912049766 1.4173162140679638 1.4175499369309512 1.4177836597939382 1.4180173826569251 1.418251105519912 1.418484828382899 1.418718551245886 1.418952274108873 1.418920335318746 1.4186043982158778 1.4182884611130095 1.4179725240101413 1.417656586907273 1.4173406498044048 1.4170247127015358 1.4167087755986676 1.4163928384957993 1.416076901392931 1.4157609642900628 1.4154450271871943 1.415129090084326 1.4148131529814578 1.4144972158785896 1.4141812787757213
1.4137597637555452 1.4139675147332749 1.4141752657110043 1.414383016688734 1.4145907676664633 1.414798518644193 1.4150062696219223 1.415214020599652 1.4154217715773818 1.4156295225551112 1.4158372735328408 1.4160450245105702 1.4162527754882999 1.4164605264660293 1.416668277443759 1.4168760284214883 1.417083779399218 1.4172915303769473 1.417499281354677 1.4177070323324064 1.417914783310136 1.4181225342878658 1.4183302852655952 1.4185380362433249 1.4187457872210543 1.418953538198784 1.4191612891765133 1.419369040154243 1.4193051423373915 1.418950845818225 1.4185965492990584 1.4182422527798917 1.4178879562607252 1.4175336597415584 1.4171793632223912 1.4168250667032247 1.416470770184058 1.4161164736648915 1.4157621771457247 1.4154078806265582 1.4150535841073917 1.414699287588225 1.4143449910690584 1.4139906945498917
