Figures/CREST_Example_wjb_NSE/PETs/wjb.pet.20100306.asc
ncols            288
nrows            254
xllcorner        113.274861
yllcorner        31.4918055
cellsize         0.008333333333
NODATA_value     -9999
[rows 180 to 199 of 254, columns 88 to 131 of 288]
0.5491634072156992 0.5453581740641474 0.5415529409125956 0.5377477077610374 0.5339424746094857 0.530137241457934 0.5263320083063823 0.5225267751548305 0.5187215420032787 0.514916308851727 0.5111110757001752 0.5073058425486234 0.5035006093970718 0.49969537624551996 0.49717298074740474 0.4960219677073085 0.4948709546672103 0.49371994162711413 0.4925689285870179 0.4914179155469217 0.4902669025068255 0.48911588946672924 0.48796487642663305 0.4868138633865368 0.48566285034644063 0.4845118373063444 0.4833608242662482 0.482209811226152 0.48105879818605574 0.47990778514595755 0.4787567721058614 0.47760575906576513 0.47645474602566895 0.4753037329855727 0.4741527199454765 0.4730017069053803 0.47185069386528405 0.47069968082518787 0.46954866778509163 0.46839765474499545 0.4672466417048992 0.46609562866480303 0.4649446156247048 0.4637936025846086
0.559194663544684 0.5553373577617253 0.5514800519787666 0.5476227461958013 0.5437654404128426 0.539908134629884 0.5360508288469252 0.5321935230639665 0.5283362172810079 0.5244789114980491 0.5206216057150905 0.5167642999321318 0.5129069941491731 0.5090496883662144 0.506347033632092 0.5048787269772184 0.5034104203223422 0.5019421136674685 0.5004738070125949 0.4990055003577213 0.49753719370284766 0.496068887047974 0.4946005803931004 0.49313227373822677 0.49166396708335314 0.4901956604284795 0.4887273537736059 0.48725904711873225 0.48579074046385856 0.48432243380898243 0.4828541271541088 0.4813858204992352 0.47991751384436154 0.4784492071894879 0.4769809005346143 0.47551259387974065 0.474044287224867 0.4725759805699934 0.4711076739151197 0.4696393672602461 0.46817106060537245 0.4667027539504988 0.4652344472956227 0.46376614064074906
0.5692259198736687 0.5653165414593031 0.5614071630449374 0.5574977846305651 0.5535884062161995 0.5496790278018339 0.5457696493874682 0.5418602709731026 0.537950892558737 0.5340415141443714 0.5301321357300057 0.5262227573156402 0.5223133789012745 0.5184040004869089 0.5155210865167793 0.5137354862471283 0.5119498859774742 0.5101642857078231 0.508378685438172 0.506593085168521 0.50480748489887 0.5030218846292188 0.5012362843595678 0.4994506840899167 0.49766508382026564 0.4958794835506146 0.49409388328096354 0.49230828301131246 0.49052268274166144 0.4887370824720073 0.48695148220235623 0.4851658819327052 0.48338028166305413 0.48159468139340306 0.47980908112375203 0.47802348085410096 0.4762378805844499 0.47445228031479886 0.4726666800451478 0.4708810797754967 0.4690954795058457 0.4673098792361946 0.4655242789665405 0.46373867869688945
0.579257176202662 0.5752957251568894 0.5713342741111168 0.5673728230653374 0.5634113720195648 0.5594499209737922 0.5554884699280196 0.551527018882247 0.5475655678364744 0.5436041167907018 0.5396426657449291 0.5356812146991565 0.5317197636533839 0.5277583126076113 0.5246951394014744 0.5225922455170456 0.5204893516326132 0.5183864577481845 0.5162835638637557 0.514180669979327 0.5120777760948982 0.5099748822104695 0.5078719883260407 0.505769094441612 0.5036662005571833 0.5015633066727545 0.49946041278832576 0.497357518903897 0.49525462501946826 0.49315173113503596 0.4910488372506072 0.4889459433661784 0.48684304948174967 0.4847401555973209 0.4826372617128922 0.4805343678284634 0.4784314739440347 0.47632858005960593 0.4742256861751772 0.47212279229074844 0.4700198984063197 0.46791700452189094 0.4658141106374586 0.46371121675302984
0.5892884325316468 0.5852749088544672 0.5812613851772876 0.5772478615001012 0.5732343378229217 0.5692208141457421 0.5652072904685626 0.561193766791383 0.5571802431142034 0.5531667194370239 0.5491531957598443 0.5451396720826649 0.5411261484054852 0.5371126247283058 0.5338691922861617 0.5314490047869556 0.5290288172877452 0.5266086297885391 0.5241884422893328 0.5217682547901267 0.5193480672909205 0.5169278797917144 0.5145076922925081 0.512087504793302 0.5096673172940959 0.5072471297948896 0.5048269422956835 0.5024067547964773 0.49998656729727115 0.49756637979806084 0.49514619229885465 0.4927260047996485 0.4903058173004423 0.4878856298012362 0.48546544230203 0.4830452548028238 0.48062506730361765 0.47820487980441145 0.47578469230520526 0.4733645048059991 0.4709443173067929 0.46852412980758673 0.4661039423083765 0.4636837548091703
0.5993196888606315 0.595254092552045 0.5911884962434585 0.587122899934865 0.5830573036262785 0.578991707317692 0.5749261110091055 0.570860514700519 0.5667949183919325 0.562729322083346 0.5586637257747595 0.554598129466173 0.5505325331575865 0.546466936849 0.5430432451708489 0.5403057640568653 0.5375682829428771 0.5348308018288934 0.5320933207149099 0.5293558396009262 0.5266183584869426 0.5238808773729591 0.5211433962589754 0.5184059151449919 0.5156684340310083 0.5129309529170247 0.5101934718030411 0.5074559906890574 0.5047185095750739 0.5019810284610856 0.4992435473471021 0.49650606623311844 0.49376858511913485 0.49103110400515126 0.4882936228911677 0.4855561417771841 0.4828186606632005 0.4800811795492169 0.4773436984352333 0.47460621732124975 0.4718687362072661 0.4691312550932825 0.46639377397929427 0.4636562928653107
0.6093509451896162 0.6052332762496228 0.6011156073096293 0.5969979383696289 0.5928802694296355 0.588762600489642 0.5846449315496486 0.5805272626096551 0.5764095936696617 0.5722919247296683 0.5681742557896748 0.5640565868496814 0.559938917909688 0.5558212489696945 0.5522172980555362 0.5491625233267752 0.5461077485980089 0.5430529738692479 0.539998199140487 0.5369434244117259 0.5338886496829649 0.5308338749542039 0.5277791002254428 0.5247243254966818 0.5216695507679209 0.5186147760391598 0.5155600013103988 0.5125052265816378 0.5094504518528767 0.5063956771241105 0.5033409023953496 0.5002861276665885 0.4972313529378275 0.49417657820906646 0.4911218034803055 0.48806702875154445 0.4850122540227834 0.48195747929402244 0.4789027045652614 0.47584792983650037 0.4727931551077394 0.46973838037897836 0.46668360565021216 0.46362883092145113
0.619382201518601 0.6152124599472006 0.6110427183758003 0.6068729768043928 0.6027032352329924 0.598533493661592 0.5943637520901917 0.5901940105187913 0.5860242689473909 0.5818545273759905 0.5776847858045902 0.5735150442331898 0.5693453026617894 0.565175561090389 0.5613913509402235 0.5580192825966851 0.5546472142531409 0.5512751459096025 0.547903077566064 0.5445310092225256 0.5411589408789871 0.5377868725354487 0.5344148041919102 0.5310427358483718 0.5276706675048334 0.524298599161295 0.5209265308177565 0.5175544624742181 0.5141823941306797 0.5108103257871355 0.507438257443597 0.5040661891000585 0.5006941207565201 0.49732205241298166 0.49394998406944324 0.4905779157259048 0.4872058473823664 0.48383377903882796 0.48046171069528953 0.47708964235175105 0.4737175740082126 0.4703455056646742 0.46697343732113 0.4636013689775916
0.6294134578475857 0.6251916436447784 0.6209698294419711 0.6167480152391567 0.6125262010363494 0.608304386833542 0.6040825726307347 0.5998607584279274 0.5956389442251201 0.5914171300223128 0.5871953158195055 0.5829735016166981 0.5787516874138908 0.5745298732110835 0.5705654038249108 0.566876041866595 0.5631866799082728 0.5594973179499569 0.5558079559916411 0.5521185940333252 0.5484292320750094 0.5447398701166934 0.5410505081583776 0.5373611462000618 0.5336717842417459 0.5299824222834301 0.5262930603251141 0.5226036983667983 0.5189143364084825 0.5152249744501604 0.5115356124918444 0.5078462505335286 0.5041568885752127 0.5004675266168969 0.496778164658581 0.4930888027002651 0.4893994407419493 0.4857100787836334 0.48202071682531755 0.4783313548670017 0.4746419929086858 0.47095263095037 0.46726326899204784 0.46357390703373197
0.639444714176579 0.6351708273423647 0.6308969405081505 0.6266230536739289 0.6223491668397145 0.6180752800055003 0.613801393171286 0.6095275063370716 0.6052536195028574 0.6009797326686431 0.5967058458344288 0.5924319590002145 0.5881580721660002 0.5838841853317859 0.5797394567096059 0.5757328011365124 0.571726145563412 0.5677194899903184 0.5637128344172249 0.5597061788441313 0.5556995232710378 0.5516928676979442 0.5476862121248507 0.543679556551757 0.5396729009786635 0.53566624540557 0.5316595898324764 0.5276529342593829 0.5236462786862893 0.5196396231131889 0.5156329675400954 0.5116263119670018 0.5076196563939083 0.5036130008208147 0.4996063452477212 0.49559968967462764 0.4915930341015341 0.4875863785284405 0.48357972295534696 0.4795730673822534 0.4755664118091599 0.4715597562360663 0.4675531006629659 0.46354644508987236
0.6494759705055638 0.6451500110399426 0.6408240515743213 0.6364980921086927 0.6321721326430715 0.6278461731774503 0.623520213711829 0.6191942542462078 0.6148682947805866 0.6105423353149653 0.6062163758493441 0.6018904163837229 0.5975644569181016 0.5932384974524804 0.5889135095942932 0.5845895604064222 0.5802656112185439 0.5759416620306729 0.5716177128428019 0.567293763654931 0.56296981446706 0.558645865279189 0.554321916091318 0.549997966903447 0.5456740177155761 0.5413500685277051 0.5370261193398341 0.5327021701519632 0.5283782209640921 0.5240542717762138 0.5197303225883428 0.5154063734004719 0.5110824242126009 0.5067584750247299 0.502434525836859 0.49811057664898795 0.493786627461117 0.489462678273246 0.48513872908537503 0.4808147798975041 0.4764908307096331 0.4721668815217621 0.4678429323338838 0.4635189831460128
0.6595072268345485 0.6551291947375203 0.6507511626404922 0.6463731305434565 0.6419950984464283 0.6376170663494002 0.6332390342523719 0.6288610021553438 0.6244829700583157 0.6201049379612874 0.6157269058642593 0.6113488737672311 0.6069708416702029 0.6025928095731747 0.5980875624789804 0.593446319676332 0.5888050768736757 0.5841638340710273 0.5795225912683789 0.5748813484657305 0.5702401056630821 0.5655988628604337 0.5609576200577853 0.5563163772551369 0.5516751344524885 0.5470338916498402 0.5423926488471917 0.5377514060445433 0.533110163241895 0.5284689204392387 0.5238276776365902 0.5191864348339419 0.5145451920312935 0.509903949228645 0.5052627064259967 0.5006214636233483 0.49598022082069987 0.4913389780180515 0.48669773521540305 0.4820564924127547 0.4774152496101063 0.4727740068074579 0.4681327640048016 0.4634915212021532
0.6695384831635334 0.6651083784350982 0.6606782737066631 0.6562481689782204 0.6518180642497853 0.6473879595213502 0.642957854792915 0.6385277500644799 0.6340976453360448 0.6296675406076097 0.6252374358791746 0.6208073311507395 0.6163772264223043 0.6119471216938692 0.6072616153636677 0.6023030789462419 0.5973445425288076 0.5923860061113818 0.587427469693956 0.5824689332765302 0.5775103968591043 0.5725518604416785 0.5675933240242528 0.562634787606827 0.5576762511894011 0.5527177147719753 0.5477591783545495 0.5428006419371236 0.5378421055196978 0.5328835691022635 0.5279250326848377 0.5229664962674119 0.518007959849986 0.5130494234325602 0.5080908870151345 0.5031323505977087 0.49817381418028284 0.493215277762857 0.4882567413454312 0.48329820492800535 0.4783396685105795 0.4733811320931537 0.4684225956757194 0.4634640592582936
0.6795697394925181 0.6750875621326761 0.6706053847728339 0.6661232074129843 0.6616410300531422 0.6571588526933001 0.6526766753334581 0.6481944979736161 0.643712320613774 0.6392301432539319 0.6347479658940899 0.6302657885342478 0.6257836111744057 0.6213014338145637 0.616435668248355 0.6111598382161518 0.6058840081839395 0.6006081781517363 0.5953323481195331 0.5900565180873298 0.5847806880551266 0.5795048580229234 0.5742290279907201 0.5689531979585168 0.5636773679263136 0.5584015378941104 0.5531257078619072 0.547849877829704 0.5425740477975006 0.5372982177652884 0.5320223877330852 0.526746557700882 0.5214707276686787 0.5161948976364754 0.5109190676042722 0.505643237572069 0.5003674075398657 0.49509157750766253 0.4898157474754593 0.48453991744325603 0.47926408741105275 0.47398825737884953 0.4687124273466373 0.4634365973144341
0.689600995821507 0.6850667458302581 0.680532495839009 0.6759982458477523 0.6714639958565033 0.6669297458652542 0.6623954958740053 0.6578612458827562 0.6533269958915072 0.6487927459002581 0.6442584959090092 0.6397242459177601 0.635189995926511 0.6306557459352621 0.6256097211330461 0.6200165974860654 0.614423473839075 0.6088303501920942 0.6032372265451135 0.5976441028981326 0.5920509792511519 0.5864578556041711 0.5808647319571902 0.5752716083102095 0.5696784846632287 0.5640853610162478 0.5584922373692671 0.5528991137222863 0.5473059900753054 0.5417128664283152 0.5361197427813343 0.5305266191343536 0.5249334954873728 0.519340371840392 0.5137472481934112 0.5081541245464304 0.5025610008994496 0.4969678772524688 0.491374753605488 0.48578162995850716 0.48018850631152643 0.4745953826645456 0.46900225901755527 0.4634091353705745
0.6996322521504919 0.6950459295278358 0.6904596069051799 0.6858732842825161 0.6812869616598601 0.6767006390372042 0.6721143164145482 0.6675279937918923 0.6629416711692363 0.6583553485465804 0.6537690259239244 0.6491827033012685 0.6445963806786125 0.6400100580559566 0.6347837740177334 0.6288733567559752 0.622962939494207 0.6170525222324488 0.6111421049706905 0.6052316877089323 0.5993212704471741 0.5934108531854159 0.5875004359236576 0.5815900186618994 0.5756796014001412 0.569769184138383 0.5638587668766248 0.5579483496148666 0.5520379323531084 0.54612751509134 0.5402170978295818 0.5343066805678236 0.5283962633060654 0.5224858460443071 0.5165754287825489 0.5106650115207907 0.5047545942590326 0.4988441769972743 0.4929337597355161 0.4870233424737579 0.48111292521199966 0.47520250795024144 0.4692920906884731 0.4633816734267149
0.7096635084794766 0.7050251132254137 0.7003867179713508 0.69574832271728 0.6911099274632171 0.6864715322091542 0.6818331369550913 0.6771947417010284 0.6725563464469655 0.6679179511929026 0.6632795559388397 0.6586411606847768 0.6540027654307139 0.649364370176651 0.6439578269024208 0.6377301160258851 0.6315024051493389 0.6252746942728032 0.6190469833962676 0.612819272519732 0.6065915616431963 0.6003638507666607 0.594136139890125 0.5879084290135894 0.5816807181370538 0.5754530072605181 0.5692252963839824 0.5629975855074468 0.5567698746309112 0.5505421637543649 0.5443144528778293 0.5380867420012936 0.531859031124758 0.5256313202482223 0.5194036093716867 0.5131758984951511 0.5069481876186155 0.5007204767420798 0.49449276586554414 0.4882650549890085 0.48203734411247284 0.47580963323593717 0.46958192235939095 0.46335421148285527
0.7196947648084656 0.7150042969229957 0.7103138290375258 0.705623361152048 0.7009328932665781 0.6962424253811083 0.6915519574956385 0.6868614896101686 0.6821710217246987 0.6774805538392288 0.672790085953759 0.6680996180682891 0.6634091501828192 0.6587186822973494 0.653131879787112 0.6465868752957987 0.6400418708044744 0.6334968663131612 0.626951861821848 0.6204068573305348 0.6138618528392216 0.6073168483479084 0.6007718438565952 0.594226839365282 0.5876818348739687 0.5811368303826556 0.5745918258913424 0.5680468214000292 0.561501816908716 0.5549568124173917 0.5484118079260785 0.5418668034347652 0.5353217989434521 0.5287767944521389 0.5222317899608256 0.5156867854695125 0.5091417809781993 0.5025967764868862 0.49605177199557293 0.4895067675042597 0.4829617630129465 0.47641675852163334 0.46987175403030895 0.4633267495389958
0.7297260211374503 0.7249834806205735 0.7202409401036968 0.7154983995868118 0.7107558590699351 0.7060133185530583 0.7012707780361814 0.6965282375193047 0.6917856970024279 0.687043156485551 0.6823006159686743 0.6775580754517975 0.6728155349349206 0.6680729944180439 0.6623059326717993 0.6554436345657086 0.6485813364596063 0.6417190383535156 0.634856740247425 0.6279944421413345 0.6211321440352439 0.6142698459291532 0.6074075478230626 0.600545249716972 0.5936829516108814 0.5868206535047907 0.5799583553987001 0.5730960572926095 0.5662337591865189 0.5593714610804166 0.552509162974326 0.5456468648682353 0.5387845667621447 0.5319222686560541 0.5250599705499635 0.5181976724438728 0.5113353743377822 0.5044730762316916 0.49761077812560095 0.4907484800195103 0.4838861819134197 0.4770238838073291 0.4701615857012268 0.46329928759513617
0.7397572774664352 0.7349626643181514 0.7301680511698676 0.7253734380215757 0.720578824873292 0.7157842117250083 0.7109895985767245 0.7061949854284407 0.7014003722801571 0.6966057591318733 0.6918111459835896 0.6870165328353058 0.6822219196870221 0.6774273065387384 0.6714799855564866 0.6643003938356186 0.6571208021147382 0.6499412103938702 0.6427616186730022 0.6355820269521341 0.628402435231266 0.621222843510398 0.61404325178953 0.6068636600686619 0.5996840683477939 0.5925044766269258 0.5853248849060578 0.5781452931851898 0.5709657014643217 0.5637861097434415 0.5566065180225734 0.5494269263017053 0.5422473345808373 0.5350677428599693 0.5278881511391011 0.5207085594182332 0.5135289676973651 0.5063493759764971 0.4991697842556291 0.491990192534761 0.48481060081389293 0.4776310090930249 0.47045141737214463 0.46327182565127656
