Figures/CREST_Example_wjb_NSE/PETs/wjb.pet.20090719.asc
ncols            288
nrows            254
xllcorner        113.274861
yllcorner        31.4918055
cellsize         0.008333333333
NODATA_value     -9999
[rows 80 to 99 of 254, columns 176 to 219 of 288]
3.2216145116445873 3.222988867764071 3.2243632238835542 3.2257375800030372 3.2271119361225207 3.228486292242004 3.22986064836149 3.2312350044809732 3.2326093606004562 3.2339837167199397 3.235358072839423 3.2367324289589066 3.23810678507839 3.239481141197873 3.2408554973173564 3.24222985343684 3.243903064981683 3.245895759738321 3.247888454494959 3.2498811492516007 3.2518738440082386 3.253866538764876 3.255859233521514 3.257851928278152 3.25984462303479 3.261837317791428 3.263830012548066 3.265822707304704 3.267815402061342 3.26980809681798 -9999.0 -9999.0 -9999.0 -9999.0 -9999.0 -9999.0 -9999.0 -9999.0 -9999.0 -9999.0 -9999.0 -9999.0 -9999.0 -9999.0
3.2269977061446964 3.228469584138008 3.22994146213132 3.2314133401246323 3.232885218117944 3.234357096111256 3.2358289741045705 3.2373008520978823 3.238772730091194 3.2402446080845064 3.2417164860778183 3.24318836407113 3.244660242064442 3.246132120057754 3.247603998051066 3.249075876044378 3.2507942401385455 3.252776103451673 3.2547579667648 3.2567398300779304 3.2587216933910574 3.2607035567041844 3.2626854200173114 3.2646672833304384 3.266649146643566 3.268631009956693 3.27061287326982 3.272594736582947 3.274576599896074 3.2765584632092013 -9999.0 -9999.0 -9999.0 -9999.0 -9999.0 -9999.0 -9999.0 -9999.0 -9999.0 -9999.0 -9999.0 -9999.0 -9999.0 -9999.0
3.232380900644805 3.2339503005119457 3.2355197003790863 3.2370891002462265 3.238658500113367 3.240227899980508 3.241797299847651 3.2433666997147914 3.244936099581932 3.2465054994490727 3.248074899316213 3.2496442991833536 3.2512136990504943 3.252783098917635 3.254352498784775 3.255921898651916 3.257685415295408 3.2596564471650242 3.2616274790346407 3.2635985109042602 3.2655695427738762 3.2675405746434927 3.2695116065131087 3.271482638382725 3.273453670252341 3.2754247021219576 3.277395733991574 3.27936676586119 3.2813377977308065 -9999.0 -9999.0 -9999.0 -9999.0 -9999.0 -9999.0 -9999.0 -9999.0 -9999.0 -9999.0 -9999.0 -9999.0 -9999.0 -9999.0 -9999.0
3.237764095144914 3.239431016885883 3.2410979386268526 3.2427648603678216 3.2444317821087907 3.2460987038497597 3.247765625590732 3.249432547331701 3.25109946907267 3.252766390813639 3.254433312554608 3.256100234295577 3.2577671560365467 3.2594340777775157 3.2611009995184848 3.262767921259454 3.2645765904522706 3.2665367908783756 3.268496991304481 3.27045719173059 3.272417392156695 3.2743775925828005 3.276337793008906 3.2782979934350114 3.280258193861117 3.2822183942872223 3.2841785947133277 3.286138795139433 3.288098995565538 -9999.0 -9999.0 -9999.0 -9999.0 -9999.0 -9999.0 -9999.0 -9999.0 -9999.0 -9999.0 -9999.0 -9999.0 -9999.0 -9999.0 -9999.0
3.243147289645023 3.244911733259821 3.2466761768746184 3.2484406204894163 3.250205064104214 3.2519695077190116 3.2537339513338126 3.25549839494861 3.257262838563408 3.2590272821782054 3.2607917257930032 3.262556169407801 3.2643206130225986 3.2660850566373965 3.2678495002521943 3.269613943866992 3.271467765609133 3.2734171345917273 3.275366503574322 3.27731587255692 3.2792652415395143 3.2812146105221087 3.283163979504703 3.285113348487298 3.2870627174698925 3.289012086452487 3.2909614554350815 3.292910824417676 3.294860193400271 -9999.0 -9999.0 -9999.0 -9999.0 -9999.0 -9999.0 -9999.0 -9999.0 -9999.0 -9999.0 -9999.0 -9999.0 -9999.0 -9999.0 -9999.0
3.2485304841451366 3.2503924496337633 3.2522544151223896 3.254116380611016 3.255978346099642 3.257840311588269 3.259702277076898 3.2615642425655245 3.2634262080541507 3.2652881735427775 3.2671501390314037 3.26901210452003 3.2708740700086563 3.272736035497283 3.2745980009859093 3.2764599664745355 3.278358940766001 3.2802974783050844 3.2822360158441684 3.2841745533832554 3.286113090922339 3.2880516284614227 3.289990166000506 3.29192870353959 3.2938672410786736 3.2958057786177575 3.297744316156841 3.299682853695925 3.3016213912350083 3.303559928774092 -9999.0 -9999.0 3.3093755413913466 3.31131407893043 -9999.0 -9999.0 -9999.0 -9999.0 -9999.0 -9999.0 -9999.0 -9999.0 -9999.0 -9999.0
3.2539136786452456 3.2558731660077007 3.257832653370156 3.2597921407326105 3.2617516280950656 3.2637111154575207 3.265670602819979 3.267630090182434 3.2695895775448887 3.2715490649073438 3.273508552269799 3.2754680396322535 3.2774275269947086 3.2793870143571637 3.2813465017196184 3.2833059890820735 3.2852501159228633 3.2871778220184362 3.2891055281140087 3.291033234209585 3.292960940305158 3.2948886464007305 3.2968163524963034 3.2987440585918764 3.3006717646874493 3.302599470783022 3.304527176878595 3.306454882974168 3.3083825890697405 3.3103102951653134 3.3122380012608863 3.314165707356459 3.3160934134520352 3.318021119547608 3.319948825643181 -9999.0 -9999.0 -9999.0 -9999.0 -9999.0 -9999.0 -9999.0 -9999.0 -9999.0
3.2592968731453547 3.261353882381638 3.2634108916179216 3.2654679008542056 3.267524910090489 3.2695819193267726 3.2716389285630596 3.273695937799343 3.2757529470356266 3.27780995627191 3.279866965508194 3.2819239747444775 3.283980983980761 3.2860379932170445 3.288095002453328 3.2901520116896115 3.2921412910797256 3.2940581657317876 3.2959750403838495 3.297891915035915 3.299808789687977 3.301725664340039 3.3036425389921007 3.305559413644163 3.307476288296225 3.309393162948287 3.311310037600349 3.3132269122524107 3.315143786904473 3.317060661556535 3.318977536208597 3.320894410860659 3.3228112855127243 3.3247281601647862 3.326645034816848 -9999.0 -9999.0 -9999.0 -9999.0 -9999.0 -9999.0 -9999.0 -9999.0 -9999.0
3.2676729975700587 3.2698275704993423 3.271982143428626 3.2741367163579094 3.276291289287193 3.278445862216476 3.280600435145763 3.2827550080750467 3.2849095810043303 3.287064153933614 3.2892187268628974 3.2913732997921805 3.293527872721464 3.2956824456507476 3.297837018580031 3.2999915915093148 3.302048101423016 3.303999779754227 3.305951458085438 3.3079031364166522 3.309854814747863 3.3118064930790743 3.313758171410285 3.315709849741496 3.317661528072707 3.319613206403918 3.321564884735129 3.32351656306634 3.3254682413975507 3.327419919728762 3.3293715980599727 3.3313232763911835 3.333274954722398 3.335226633053609 3.33717831138482 -9999.0 -9999.0 -9999.0 -9999.0 -9999.0 -9999.0 -9999.0 -9999.0 -9999.0
3.2792483753851926 3.2815005567095334 3.2837527380338742 3.286004919358215 3.2882571006825563 3.290509282006897 3.292761463331242 3.2950136446555827 3.2972658259799235 3.2995180073042643 3.301770188628605 3.3040223699529463 3.306274551277287 3.308526732601628 3.3107789139259687 3.3130310952503095 3.315178435650109 3.3172136987293777 3.319248961808647 3.3212842248879193 3.3233194879671886 3.3253547510464574 3.3273900141257267 3.329425277204996 3.3314605402842647 3.333495803363534 3.335531066442803 3.337566329522072 3.3396015926013414 3.34163685568061 3.3436721187598795 3.3457073818391487 3.347742644918421 3.3497779079976904 3.351813171076959 3.3538484341562285 -9999.0 -9999.0 -9999.0 -9999.0 -9999.0 -9999.0 -9999.0 -9999.0
3.290823753200326 3.2931735429197246 3.2955233326391227 3.297873122358521 3.3002229120779196 3.3025727017973177 3.30492249151672 3.307272281236118 3.3096220709555166 3.311971860674915 3.314321650394313 3.3166714401137116 3.31902122983311 3.321371019552508 3.3237208092719066 3.3260705989913046 3.3283087698772014 3.330427617704528 3.3325464655318555 3.3346653133591864 3.3367841611865137 3.338903009013841 3.3410218568411683 3.3431407046684956 3.3452595524958224 3.3473784003231497 3.349497248150477 3.3516160959778043 3.3537349438051316 3.3558537916324584 3.3579726394597857 3.360091487287113 3.362210335114444 3.364329182941771 3.3664480307690985 3.368566878596426 -9999.0 -9999.0 -9999.0 -9999.0 -9999.0 -9999.0 -9999.0 -9999.0
3.3023991310154597 3.3048465291299154 3.3072939272443715 3.3097413253588273 3.312188723473283 3.3146361215877387 3.3170835197021984 3.319530917816654 3.32197831593111 3.3244257140455655 3.3268731121600212 3.329320510274477 3.3317679083889327 3.3342153065033884 3.336662704617844 3.3391101027323 3.341439104104294 3.3436415366796792 3.3458439692550646 3.3480464018304534 3.3502488344058388 3.352451266981224 3.3546536995566094 3.3568561321319947 3.35905856470738 3.3612609972827654 3.363463429858151 3.3656658624335365 3.367868295008922 3.370070727584307 3.3722731601596925 3.374475592735078 3.3766780253104667 3.378880457885852 -9999.0 -9999.0 -9999.0 -9999.0 -9999.0 -9999.0 3.3942974859135493 -9999.0 3.3987023510643204 -9999.0
3.3139745088306034 3.316519515340117 3.3190645218496297 3.321609528359143 3.3241545348686565 3.3266995413781695 3.3292445478876873 3.3317895543972003 3.3343345609067137 3.3368795674162266 3.33942457392574 3.3419695804352534 3.3445145869447663 3.3470595934542797 3.349604599963793 3.352149606473306 3.3545694383313975 3.356855455654841 3.3591414729782847 3.361427490301732 3.3637135076251754 3.365999524948619 3.3682855422720626 3.3705715595955064 3.3728575769189497 3.375143594242393 3.377429611565837 3.3797156288892802 3.382001646212724 3.3842876635361674 3.3865736808596107 3.3888596981830545 3.391145715506502 3.3934317328299457 -9999.0 -9999.0 -9999.0 -9999.0 -9999.0 3.4071478367706067 3.40943385409405 3.411719871417494 3.4140058887409372 -9999.0
3.325549886645737 3.3281925015503075 3.330835116454878 3.333477731359449 3.3361203462640194 3.33876296116859 3.341405576073165 3.3440481909777358 3.3466908058823064 3.349333420786877 3.3519760356914476 3.3546186505960183 3.357261265500589 3.3599038804051595 3.36254649530973 3.365189110214301 3.3676997725584896 3.3700693746299915 3.372438976701493 3.3748085787729987 3.3771781808445005 3.3795477829160023 3.3819173849875037 3.3842869870590055 3.3866565891305074 3.3890261912020088 3.3913957932735106 3.3937653953450124 3.396134997416514 3.3985045994880156 3.4008742015595175 3.4032438036310193 3.4056134057025247 3.4079830077740265 3.4103526098455283 -9999.0 -9999.0 -9999.0 -9999.0 3.4222006202030366 3.4245702222745384 3.4269398243460403 3.4293094264175417 -9999.0
3.3371252644608704 3.3398654877604987 3.3426057110601266 3.345345934359755 3.3480861576593828 3.3508263809590106 3.3535666042586434 3.3563068275582717 3.3590470508578996 3.361787274157528 3.3645274974571557 3.3672677207567836 3.370007944056412 3.3727481673560398 3.375488390655668 3.378228613955296 3.380830106785582 3.383283293605142 3.385736480424702 3.3881896672442657 3.3906428540638256 3.3930960408833855 3.3955492277029453 3.398002414522505 3.400455601342065 3.402908788161625 3.4053619749811848 3.407815161800744 3.410268348620304 3.412721535439864 3.4151747222594238 3.4176279090789836 3.4200810958985475 3.4225342827181073 3.424987469537667 3.427440656357227 -9999.0 -9999.0 -9999.0 3.4372534036354665 3.4397065904550264 3.442159777274586 3.444612964094146 3.4470661509137055
3.3487006422760044 3.35153847397069 3.354376305665375 3.3572141373600606 3.360051969054746 3.3628898007494317 3.365727632444122 3.368565464138807 3.3714032958334927 3.3742411275281783 3.377078959222864 3.3799167909175494 3.382754622612235 3.38559245430692 3.3884302860016056 3.391268117696291 3.3939604410126747 3.3964972125802926 3.3990339841479105 3.401570755715533 3.404107527283151 3.406644298850769 3.409181070418387 3.411717841986005 3.4142546135536227 3.4167913851212406 3.4193281566888585 3.421864928256477 3.4244016998240947 3.4269384713917126 3.4294752429593305 3.4320120145269484 3.4345487860945707 3.4370855576621886 3.4396223292298065 3.442159100797425 3.4446958723650427 3.4472326439326606 3.4497694155002785 3.4523061870678964 3.4548429586355143 3.4573797302031326 3.4599165017707505 3.4624532733383684
3.360276020091138 3.3632114601808807 3.366146900270624 3.3690823403603667 3.3720177804501095 3.3749532205398522 3.3778886606296004 3.380824100719343 3.383759540809086 3.386694980898829 3.389630420988572 3.3925658610783147 3.3955013011680575 3.3984367412578003 3.4013721813475435 3.4043076214372863 3.407090775239767 3.4097111315554436 3.4123314878711195 3.4149518441868 3.4175722005024762 3.420192556818152 3.422812913133828 3.4254332694495044 3.4280536257651804 3.4306739820808567 3.4332943383965326 3.4359146947122086 3.438535051027885 3.441155407343561 3.4437757636592368 3.446396119974913 3.4490164762905935 3.45163683260627 3.4542571889219458 3.4568775452376217 3.459497901553298 3.462118257868974 3.46473861418465 3.4673589705003263 3.469979326816002 3.4725996831316785 3.4752200394473545 3.4778403957630304
3.371851397906272 3.374884446391072 3.3779174948758723 3.3809505433606724 3.383983591845473 3.3870166403302733 3.3900496888150786 3.393082737299879 3.396115785784679 3.3991488342694796 3.40218188275428 3.40521493123908 3.4082479797238805 3.411281028208681 3.414314076693481 3.4173471251782814 3.4202211094668598 3.422925050530594 3.425628991594328 3.428332932658067 3.4310368737218013 3.4337408147855357 3.4364447558492697 3.439148696913004 3.441852637976738 3.4445565790404724 3.447260520104207 3.4499644611679408 3.452668402231675 3.455372343295409 3.4580762843591435 3.4607802254228774 3.4634841664866163 3.4661881075503507 3.468892048614085 3.471595989677819 3.4742999307415534 3.4770038718052874 3.4797078128690218 3.4824117539327557 3.48511569499649 3.4878196360602245 3.4905235771239584 3.493227518187693
3.383426775721415 3.3865574326012733 3.389688089481131 3.3928187463609887 3.3959494032408464 3.399080060120704 3.4022107170005675 3.4053413738804252 3.408472030760283 3.4116026876401406 3.4147333445199988 3.4178640013998565 3.420994658279714 3.424125315159572 3.4272559720394296 3.4303866289192877 3.4333514436939634 3.436138969505756 3.4389264953175482 3.4417140211293455 3.444501546941138 3.4472890727529304 3.450076598564723 3.4528641243765152 3.4556516501883077 3.4584391760001 3.4612267018118925 3.464014227623685 3.4668017534354774 3.46958927924727 3.472376805059062 3.4751643308708546 3.477951856682652 3.4807393824944444 3.483526908306237 3.486314434118029 3.4891019599298216 3.491889485741614 3.4946770115534065 3.497464537365199 3.5002520631769913 3.5030395889887838 3.505827114800576 3.5086146406123686
3.395002153536549 3.398230418811464 3.4014586840863794 3.404686949361295 3.4079152146362097 3.411143479911125 3.414371745186046 3.417600010460961 3.420828275735876 3.4240565410107915 3.4272848062857064 3.430513071560622 3.433741336835537 3.436969602110452 3.4401978673853675 3.443426132660283 3.4464817779210564 3.449352888480907 3.4522239990407573 3.4550951096006126 3.457966220160463 3.460837330720314 3.4637084412801644 3.466579551840015 3.4694506623998653 3.472321772959716 3.4751928835195667 3.478063994079417 3.4809351046392676 3.483806215199118 3.4866773257589685 3.4895484363188194 3.4924195468786747 3.495290657438525 3.4981617679983756 3.5010328785582265 3.503903989118077 3.5067750996779274 3.509646210237778 3.5125173207976284 3.5153884313574792 3.5182595419173297 3.52113065247718 3.5240017630370306
