Figures/CREST_Example_wjb_NSE/PETs/wjb.pet.20100522.asc
ncols            288
nrows            254
xllcorner        113.274861
yllcorner        31.4918055
cellsize         0.008333333333
NODATA_value     -9999
[rows 160 to 179 of 254, columns 176 to 219 of 288]
0.9230121315783567 0.9122297521391345 0.9014473726999124 0.8906649932606902 0.8798826138214679 0.8691002343822458 0.8583178549430052 0.8475354755037829 0.8367530960645608 0.8259707166253386 0.8151883371861164 0.8044059577468943 0.793623578307672 0.7828411988684498 0.7720588194292277 0.7612764399900055 0.7518309053341505 0.7438144879999781 0.7357980706658056 0.7277816533316195 0.719765235997447 0.7117488186632747 0.7037324013291022 0.6957159839949297 0.6876995666607573 0.6796831493265848 0.6716667319924123 0.66365031465824 0.6556338973240675 0.647617479989895 0.6396010626557226 0.6315846453215501 0.623568227987364 0.6155518106531916 0.6075353933190192 0.5995189759848467 0.5915025586506742 0.5834861413165018 0.5754697239823294 0.567453306648157 0.5594368893139845 0.551420471979812 0.5434040546456396 0.5353876373114671
0.9168432187126835 0.9061016301876869 0.8953600416626903 0.8846184531376937 0.8738768646126971 0.8631352760877006 0.8523936875626856 0.8416520990376891 0.8309105105126925 0.820168921987696 0.8094273334626993 0.7986857449377027 0.7879441564127062 0.7772025678877096 0.7664609793627131 0.7557193908377164 0.7463140252825954 0.7383371123164648 0.7303601993503341 0.7223832863841899 0.7144063734180592 0.7064294604519286 0.698452547485798 0.6904756345196673 0.6824987215535367 0.6745218085874061 0.6665448956212754 0.6585679826551447 0.6505910696890141 0.6426141567228835 0.6346372437567529 0.6266603307906222 0.618683417824478 0.6107065048583473 0.6027295918922166 0.5947526789260861 0.5867757659599554 0.5787988529938247 0.5708219400276942 0.5628450270615635 0.5548681140954328 0.5468912011293021 0.5389142881631716 0.5309373751970409
0.91067430584701 0.899973508236239 0.8892727106254681 0.8785719130146972 0.8678711154039261 0.8571703177931552 0.846469520182366 0.8357687225715951 0.825067924960824 0.8143671273500531 0.8036663297392821 0.7929655321285112 0.7822647345177403 0.7715639369069692 0.7608631392961982 0.7501623416854273 0.7407971452310402 0.7328597366329515 0.7249223280348626 0.7169849194367602 0.7090475108386713 0.7011101022405826 0.6931726936424937 0.6852352850444049 0.677297876446316 0.6693604678482272 0.6614230592501384 0.6534856506520496 0.6455482420539608 0.6376108334558719 0.6296734248577831 0.6217360162596942 0.6137986076615919 0.605861199063503 0.5979237904654142 0.5899863818673254 0.5820489732692365 0.5741115646711478 0.5661741560730589 0.5582367474749701 0.5502993388768812 0.5423619302787924 0.5344245216807035 0.5264871130826148
0.9045053929813314 0.893845386284786 0.8831853795882407 0.8725253728916954 0.8618653661951501 0.8512053594986049 0.8405453528020413 0.829885346105496 0.8192253394089507 0.8085653327124054 0.7979053260158601 0.7872453193193147 0.7765853126227694 0.7659253059262241 0.7552652992296788 0.7446052925331335 0.7352802651794804 0.7273823609494334 0.7194844567193864 0.7115865524893259 0.703688648259279 0.695790744029232 0.687892839799185 0.679994935569138 0.672097031339091 0.664199127109044 0.6563012228789971 0.6484033186489501 0.6405054144189031 0.6326075101888561 0.6247096059588091 0.6168117017287621 0.6089137974987017 0.6010158932686547 0.5931179890386077 0.5852200848085607 0.5773221805785137 0.5694242763484667 0.5615263721184197 0.5536284678883727 0.5457305636583257 0.5378326594282787 0.5299347551982317 0.5220368509681848
0.898336480115658 0.8877172643333383 0.8770980485510186 0.866478832768699 0.8558596169863792 0.8452404012040595 0.8346211854217217 0.8240019696394021 0.8133827538570824 0.8027635380747626 0.7921443222924429 0.7815251065101232 0.7709058907278035 0.7602866749454839 0.7496674591631641 0.7390482433808445 0.7297633851279253 0.7219049852659201 0.714046585403915 0.7061881855418963 0.6983297856798911 0.6904713858178859 0.6826129859558808 0.6747545860938756 0.6668961862318704 0.6590377863698652 0.65117938650786 0.6433209866458549 0.6354625867838497 0.6276041869218445 0.6197457870598393 0.6118873871978341 0.6040289873358156 0.5961705874738104 0.5883121876118051 0.5804537877497999 0.5725953878877948 0.5647369880257896 0.5568785881637844 0.5490201883017792 0.5411617884397741 0.5333033885777689 0.5254449887157637 0.5175865888537585
0.8921675672499846 0.8815891423818905 0.8710107175137964 0.8604322926457023 0.8498538677776083 0.8392754429095142 0.8286970180414021 0.8181185931733079 0.8075401683052139 0.7969617434371198 0.7863833185690257 0.7758048937009316 0.7652264688328376 0.7546480439647435 0.7440696190966494 0.7334911942285554 0.7242465050763701 0.7164276095824067 0.7086087140884434 0.7007898185944667 0.6929709231005032 0.6851520276065399 0.6773331321125765 0.6695142366186131 0.6616953411246498 0.6538764456306864 0.646057550136723 0.6382386546427596 0.6304197591487962 0.6226008636548329 0.6147819681608695 0.6069630726669061 0.5991441771729294 0.591325281678966 0.5835063861850027 0.5756874906910393 0.5678685951970759 0.5600496997031126 0.5522308042091492 0.5444119087151857 0.5365930132212224 0.528774117727259 0.5209552222332956 0.5131363267393323
0.8859986543843112 0.8754610204304427 0.8649233864765743 0.8543857525227059 0.8438481185688373 0.8333104846149689 0.8227728506610825 0.812235216707214 0.8016975827533456 0.791159948799477 0.7806223148456086 0.7700846808917401 0.7595470469378717 0.7490094129840033 0.7384717790301347 0.7279341450762663 0.718729625024815 0.7109502338988934 0.7031708427729718 0.695391451647037 0.6876120605211155 0.6798326693951939 0.6720532782692723 0.6642738871433508 0.6564944960174292 0.6487151048915076 0.640935713765586 0.6331563226396645 0.6253769315137429 0.6175975403878213 0.6098181492618997 0.6020387581359782 0.5942593670100433 0.5864799758841218 0.5787005847582002 0.5709211936322787 0.563141802506357 0.5553624113804355 0.547583020254514 0.5398036291285924 0.5320242380026707 0.5242448468767492 0.5164654557508277 0.5086860646249061
0.8798297415186379 0.8693328984789951 0.8588360554393522 0.8483392123997093 0.8378423693600665 0.8273455263204237 0.8168486832807629 0.80635184024112 0.7958549972014771 0.7853581541618343 0.7748613111221914 0.7643644680825485 0.7538676250429057 0.7433707820032629 0.7328739389636201 0.7223770959239771 0.7132127449732598 0.7054728582153801 0.6977329714575002 0.6899930846996073 0.6822531979417276 0.6745133111838478 0.666773424425968 0.6590335376680883 0.6512936509102085 0.6435537641523288 0.635813877394449 0.6280739906365692 0.6203341038786895 0.6125942171208097 0.6048543303629299 0.5971144436050502 0.5893745568471572 0.5816346700892775 0.5738947833313977 0.5661548965735179 0.5584150098156382 0.5506751230577585 0.5429352362998786 0.5351953495419989 0.5274554627841191 0.5197155760262393 0.5119756892683596 0.5042358025104798
0.8736608286529646 0.8632047765275473 0.8527487244021301 0.8422926722767128 0.8318366201512956 0.8213805680258783 0.8109245159004432 0.800468463775026 0.7900124116496088 0.7795563595241916 0.7691003073987743 0.7586442552733571 0.7481882031479399 0.7377321510225225 0.7272760988971054 0.7168200467716881 0.7076958649217047 0.6999954825318667 0.6922951001420288 0.6845947177521777 0.6768943353623398 0.6691939529725018 0.6614935705826639 0.6537931881928258 0.6460928058029879 0.63839242341315 0.630692041023312 0.622991658633474 0.6152912762436361 0.6075908938537982 0.5998905114639602 0.5921901290741223 0.5844897466842711 0.5767893642944332 0.5690889819045952 0.5613885995147573 0.5536882171249193 0.5459878347350814 0.5382874523452434 0.5305870699554055 0.5228866875655676 0.5151863051757295 0.5074859227858917 0.4997855403960536
0.8674919157872911 0.8570766545760995 0.8466613933649079 0.8362461321537162 0.8258308709425246 0.815415609731333 0.8050003485201236 0.794585087308932 0.7841698260977403 0.7737545648865487 0.7633393036753571 0.7529240424641654 0.7425087812529738 0.7320935200417822 0.7216782588305906 0.7112629976193989 0.7021789848701495 0.6945181068483534 0.6868572288265572 0.679196350804748 0.6715354727829519 0.6638745947611557 0.6562137167393596 0.6485528387175634 0.6408919606957673 0.6332310826739711 0.6255702046521749 0.6179093266303788 0.6102484486085826 0.6025875705867865 0.5949266925649904 0.5872658145431943 0.579604936521385 0.5719440584995888 0.5642831804777927 0.5566223024559966 0.5489614244342005 0.5413005464124043 0.5336396683906082 0.525978790368812 0.5183179123470159 0.5106570343252197 0.5029961563034235 0.4953352782816274
0.8613230029216125 0.8509485326246465 0.8405740623276805 0.8301995920307146 0.8198251217337486 0.8094506514367826 0.799076181139799 0.7887017108428329 0.778327240545867 0.7679527702489011 0.757578299951935 0.747203829654969 0.7368293593580031 0.7264548890610372 0.7160804187640711 0.7057059484671051 0.6966621048185897 0.6890407311648353 0.6814193575110811 0.6737979838573137 0.6661766102035594 0.6585552365498052 0.6509338628960508 0.6433124892422966 0.6356911155885422 0.6280697419347879 0.6204483682810336 0.6128269946272793 0.605205620973525 0.5975842473197707 0.5899628736660164 0.582341500012262 0.5747201263584948 0.5670987527047404 0.5594773790509862 0.5518560053972319 0.5442346317434775 0.5366132580897233 0.5289918844359689 0.5213705107822146 0.5137491371284604 0.506127763474706 0.49850638982095175 0.4908850161671974
0.8551540900559391 0.8448204106731987 0.8344867312904584 0.824153051907718 0.8138193725249776 0.8034856931422373 0.7931520137594793 0.782818334376739 0.7724846549939985 0.7621509756112582 0.7518172962285179 0.7414836168457775 0.7311499374630371 0.7208162580802968 0.7104825786975564 0.700148899314816 0.6911452247670344 0.683563355481322 0.6759814861956095 0.668399616909884 0.6608177476241716 0.6532358783384591 0.6456540090527465 0.638072139767034 0.6304902704813216 0.6229084011956091 0.6153265319098966 0.607744662624184 0.6001627933384716 0.5925809240527591 0.5849990547670465 0.577417185481334 0.5698353161956087 0.5622534469098961 0.5546715776241836 0.5470897083384711 0.5395078390527587 0.5319259697670462 0.5243441004813336 0.5167622311956211 0.5091803619099087 0.5015984926241961 0.4940166233384836 0.48643475405277115
0.8489851771902658 0.838692288721751 0.8283994002532362 0.8181065117847215 0.8078136233162068 0.797520734847692 0.7872278463791598 0.776934957910645 0.7666420694421302 0.7563491809736155 0.7460562925051007 0.7357634040365859 0.7254705155680712 0.7151776270995565 0.7048847386310417 0.694591850162527 0.6856283447154794 0.6780859797978087 0.670543614880138 0.6630012499624545 0.6554588850447838 0.6479165201271131 0.6403741552094424 0.6328317902917717 0.625289425374101 0.6177470604564302 0.6102046955387596 0.6026623306210889 0.5951199657034182 0.5875776007857475 0.5800352358680768 0.5724928709504061 0.5649505060327226 0.5574081411150519 0.5498657761973812 0.5423234112797105 0.5347810463620398 0.5272386814443691 0.5196963165266985 0.5121539516090278 0.504611586691357 0.49706922177368634 0.48952685685601566 0.48198449193834497
0.8428162643245923 0.8325641667703032 0.8223120692160141 0.8120599716617249 0.8018078741074358 0.7915557765531467 0.7813036789988401 0.7710515814445509 0.7607994838902618 0.7505473863359726 0.7402952887816836 0.7300431912273944 0.7197910936731053 0.7095389961188161 0.699286898564527 0.6890348010102378 0.6801114646639241 0.6726086041142953 0.6651057435646665 0.6576028830150247 0.6501000224653959 0.642597161915767 0.6350943013661381 0.6275914408165092 0.6200885802668803 0.6125857197172514 0.6050828591676225 0.5975799986179937 0.5900771380683648 0.5825742775187359 0.575071416969107 0.5675685564194781 0.5600656958698365 0.5525628353202076 0.5450599747705787 0.5375571142209498 0.5300542536713209 0.5225513931216921 0.5150485325720632 0.5075456720224343 0.5000428114728054 0.4925399509231765 0.4850370903735476 0.4775342298239187
0.836647351458919 0.8264360448188555 0.8162247381787919 0.8060134315387284 0.7958021248986649 0.7855908182586013 0.7753795116185205 0.765168204978457 0.7549568983383934 0.7447455916983299 0.7345342850582663 0.7243229784182028 0.7141116717781394 0.7039003651380759 0.6936890584980123 0.6834777518579489 0.6745945846123691 0.667131228430782 0.659667872249195 0.6522045160675951 0.644741159886008 0.637277803704421 0.6298144475228339 0.6223510913412468 0.6148877351596598 0.6074243789780727 0.5999610227964856 0.5924976666148984 0.5850343104333114 0.5775709542517243 0.5701075980701372 0.5626442418885502 0.5551808857069503 0.5477175295253633 0.5402541733437762 0.5327908171621891 0.525327460980602 0.517864104799015 0.5104007486174279 0.5029373924358409 0.4954740362542538 0.4880106800726667 0.48054732389107957 0.4730839677094925
0.8304784385932455 0.8203079228674077 0.8101374071415698 0.7999668914157319 0.789796375689894 0.7796258599640561 0.7694553442382008 0.7592848285123629 0.749114312786525 0.7389437970606871 0.7287732813348492 0.7186027656090113 0.7084322498831734 0.6982617341573355 0.6880912184314976 0.6779207027056597 0.6690777045608138 0.6616538527472686 0.6542300009337233 0.6468061491201654 0.6393822973066201 0.6319584454930749 0.6245345936795296 0.6171107418659844 0.609686890052439 0.6022630382388938 0.5948391864253485 0.5874153346118033 0.579991482798258 0.5725676309847127 0.5651437791711674 0.5577199273576222 0.5502960755440642 0.542872223730519 0.5354483719169737 0.5280245201034284 0.5206006682898832 0.513176816476338 0.5057529646627926 0.49832911284924736 0.4909052610357021 0.4834814092221568 0.47605755740861155 0.4686337055950663
0.824309525727567 0.8141798009159547 0.8040500761043424 0.7939203512927302 0.783790626481118 0.7736609016695057 0.7635311768578762 0.753401452046264 0.7432717272346516 0.7331420024230394 0.7230122776114272 0.7128825527998148 0.7027528279882027 0.6926231031765904 0.6824933783649781 0.6723636535533659 0.663560824509254 0.6561764770637506 0.6487921296182472 0.6414077821727312 0.6340234347272278 0.6266390872817243 0.6192547398362209 0.6118703923907175 0.6044860449452141 0.5971016974997105 0.5897173500542072 0.5823330026087037 0.5749486551632003 0.5675643077176968 0.5601799602721934 0.55279561282669 0.545411265381174 0.5380269179356706 0.5306425704901672 0.5232582230446637 0.5158738755991603 0.5084895281536569 0.5011051807081535 0.49372083326265 0.48633648581714656 0.47895213837164313 0.4715677909261397 0.4641834434806363
0.8181406128618935 0.8080516789645069 0.7979627450671203 0.7878738111697337 0.777784877272347 0.7676959433749604 0.7576070094775565 0.7475180755801699 0.7374291416827833 0.7273402077853967 0.71725127388801 0.7071623399906234 0.6970734060932368 0.6869844721958501 0.6768955382984635 0.6668066044010769 0.658043944457699 0.6506991013802373 0.6433542583027757 0.6360094152253015 0.6286645721478399 0.6213197290703784 0.6139748859929167 0.6066300429154551 0.5992851998379934 0.5919403567605318 0.5845955136830702 0.5772506706056086 0.569905827528147 0.5625609844506854 0.5552161413732237 0.5478712982957621 0.5405264552182879 0.5331816121408264 0.5258367690633647 0.5184919259859031 0.5111470829084415 0.5038022398309798 0.4964573967535182 0.48911255367605655 0.48176771059859497 0.47442286752113333 0.46707802444367175 0.4597331813662101
0.8149317806762488 0.8048783982850243 0.7948250158937997 0.7847716335025752 0.7747182511113505 0.764664868720126 0.7546114863288842 0.7445581039376596 0.7345047215464351 0.7244513391552105 0.714397956763986 0.7043445743727614 0.6942911919815368 0.6842378095903122 0.6741844271990876 0.664131044807863 0.655402844757803 0.6480912946148293 0.6407797444718555 0.6334681943288692 0.6261566441858955 0.6188450940429218 0.611533543899948 0.6042219937569742 0.5969104436140005 0.5895988934710267 0.5822873433280529 0.5749757931850792 0.5676642430421054 0.5603526928991316 0.5530411427561579 0.5457295926131841 0.5384180424701979 0.5311064923272241 0.5237949421842503 0.5164833920412766 0.5091718418983028 0.501860291755329 0.4945487416123553 0.4872371914693815 0.4799256413264077 0.472614091183434 0.4653025410404602 0.4579909908974864
0.8148870881552919 0.8048636566732641 0.7948402251912363 0.7848167937092085 0.7747933622271809 0.7647699307451531 0.7547464992631083 0.7447230677810805 0.7346996362990528 0.724676204817025 0.7146527733349973 0.7046293418529695 0.6946059103709419 0.6845824788889141 0.6745590474068863 0.6645356159248585 0.6558357729852561 0.6485508761458252 0.6412659793063944 0.6339810824669511 0.6266961856275203 0.6194112887880895 0.6121263919486586 0.6048414951092278 0.5975565982697969 0.5902717014303661 0.5829868045909352 0.5757019077515044 0.5684170109120736 0.5611321140726427 0.5538472172332118 0.546562320393781 0.5392774235543378 0.5319925267149069 0.5247076298754761 0.5174227330360452 0.5101378361966145 0.5028529393571837 0.49556804251775277 0.488283145678322 0.4809982488388911 0.4737133519994603 0.4664284551600294 0.4591435583205986
