Figures/CREST_Example_wjb_NSE/PETs/wjb.pet.20101024.asc
ncols            288
nrows            254
xllcorner        113.274861
yllcorner        31.4918055
cellsize         0.008333333333
NODATA_value     -9999
[rows 60 to 79 of 254, columns 132 to 175 of 288]
1.5434168099476762 1.5433716021892185 1.543326394430761 1.5432811866723033 1.5432359789138457 1.543190771155388 1.5431455633969302 1.5431003556384726 1.543055147880015 1.5430099401215573 1.5429647323630997 1.5429195246046419 1.5428743168461843 1.5428291090877266 1.542783901329269 1.5427386935708114 1.5426934858123538 1.5426482780538961 1.5426030702954385 1.5425578625369807 1.542512654778523 1.5424674470200654 1.5424222392616078 1.5423770315031502 1.5423318237446924 1.5422866159862347 1.542241408227777 1.5421962004693195 1.5421509927108619 1.5421057849524042 1.5418343268987038 1.541321002161275 1.5408076774238464 1.5402943526864177 1.539781027948989 1.5392677032115603 1.5387543784741315 1.538241053736702 1.5377277289992732 1.5372144042618445 1.5367010795244158 1.536187754786987 1.5356744300495584 1.5351611053121297
1.5417724066699494 1.5416773977534215 1.5415823888368936 1.5414873799203657 1.5413923710038377 1.54129736208731 1.5412023531707821 1.5411073442542542 1.5410123353377263 1.5409173264211984 1.5408223175046705 1.5407273085881426 1.5406322996716146 1.5405372907550867 1.5404422818385588 1.540347272922031 1.5402522640055032 1.5401572550889753 1.5400622461724474 1.5399672372559194 1.5398722283393915 1.5397772194228638 1.539682210506336 1.539587201589808 1.5394921926732799 1.5393971837567522 1.5393021748402242 1.5392071659236963 1.5391121570071684 1.5390171480906405 1.5387668152176828 1.5383504375216457 1.5379340598256086 1.5375176821295713 1.5371013044335342 1.5366849267374971 1.5362685490414598 1.535852171345422 1.5354357936493848 1.5350194159533477 1.5346030382573104 1.5341866605612733 1.5337702828652362 1.533353905169199
1.5401280033922227 1.5399831933176247 1.5398383832430265 1.5396935731684285 1.5395487630938303 1.5394039530192323 1.539259142944634 1.539114332870036 1.5389695227954379 1.5388247127208399 1.5386799026462417 1.5385350925716432 1.5383902824970452 1.538245472422447 1.538100662347849 1.5379558522732508 1.5378110421986528 1.5376662321240546 1.5375214220494566 1.5373766119748584 1.5372318019002604 1.5370869918256622 1.5369421817510642 1.536797371676466 1.5366525616018676 1.5365077515272696 1.5363629414526714 1.5362181313780734 1.5360733213034752 1.5359285112288772 1.5356993035366622 1.5353798728820165 1.5350604422273708 1.5347410115727251 1.5344215809180797 1.534102150263434 1.5337827196087883 1.5334632889541422 1.5331438582994965 1.532824427644851 1.5325049969902054 1.5321855663355597 1.531866135680914 1.5315467050262686
1.5384836001144961 1.5382889888818279 1.5380943776491593 1.537899766416491 1.5377051551838228 1.5375105439511545 1.537315932718486 1.5371213214858177 1.5369267102531494 1.5367320990204811 1.5365374877878129 1.5363428765551441 1.5361482653224758 1.5359536540898073 1.535759042857139 1.5355644316244708 1.5353698203918025 1.535175209159134 1.5349805979264657 1.5347859866937974 1.5345913754611291 1.5343967642284608 1.5342021529957923 1.534007541763124 1.5338129305304553 1.533618319297787 1.5334237080651187 1.5332290968324505 1.533034485599782 1.5328398743671137 1.5326317918556414 1.5324093082423873 1.5321868246291332 1.531964341015879 1.531741857402625 1.5315193737893709 1.5312968901761168 1.5310744065628623 1.5308519229496083 1.5306294393363542 1.5304069557231001 1.530184472109846 1.529961988496592 1.5297395048833378
1.5368391968367692 1.5365947844460306 1.5363503720552922 1.5361059596645537 1.535861547273815 1.5356171348830765 1.535372722492338 1.5351283101015993 1.5348838977108608 1.5346394853201222 1.5343950729293836 1.5341506605386448 1.5339062481479062 1.5336618357571676 1.533417423366429 1.5331730109756905 1.532928598584952 1.5326841861942133 1.5324397738034747 1.5321953614127362 1.5319509490219978 1.5317065366312592 1.5314621242405206 1.531217711849782 1.530973299459043 1.5307288870683045 1.5304844746775659 1.5302400622868273 1.529995649896089 1.5297512375053504 1.5295642801746205 1.5294387436027579 1.5293132070308955 1.5291876704590328 1.5290621338871704 1.528936597315308 1.5288110607434453 1.5286855241715827 1.52855998759972 1.5284344510278576 1.528308914455995 1.5281833778841325 1.5280578413122698 1.5279323047404074
1.5351947935590426 1.5349005800102338 1.5346063664614251 1.5343121529126162 1.5340179393638074 1.5337237258149987 1.5334295122661898 1.533135298717381 1.5328410851685723 1.5325468716197634 1.5322526580709548 1.5319584445221455 1.5316642309733366 1.5313700174245277 1.531075803875719 1.5307815903269102 1.5304873767781015 1.5301931632292927 1.5298989496804838 1.5296047361316751 1.5293105225828663 1.5290163090340574 1.5287220954852487 1.5284278819364399 1.5281336683876305 1.5278394548388219 1.527545241290013 1.5272510277412041 1.5269568141923955 1.5266626006435866 1.5264967684935995 1.5264681789631285 1.5264395894326575 1.5264109999021866 1.5263824103717156 1.5263538208412446 1.5263252313107736 1.5262966417803026 1.5262680522498315 1.5262394627193605 1.5262108731888897 1.5261822836584187 1.5261536941279477 1.5261251045974766
1.5335503902813143 1.5332063755744354 1.5328623608675562 1.5325183461606773 1.532174331453798 1.5318303167469192 1.53148630204004 1.531142287333161 1.5307982726262819 1.530454257919403 1.5301102432125238 1.5297662285056441 1.5294222137987652 1.529078199091886 1.528734184385007 1.528390169678128 1.528046154971249 1.5277021402643698 1.5273581255574908 1.5270141108506117 1.5266700961437327 1.5263260814368536 1.5259820667299746 1.5256380520230954 1.5252940373162158 1.5249500226093369 1.5246060079024577 1.5242619931955788 1.5239179784886996 1.5235739637818206 1.523429256812576 1.5234976143234968 1.5235659718344174 1.523634329345338 1.5237026868562586 1.5237710443671793 1.5238394018780999 1.5239077593890207 1.5239761168999413 1.524044474410862 1.5241128319217827 1.5241811894327033 1.524249546943624 1.5243179044545445
1.5319059870035878 1.5315121711386386 1.5311183552736891 1.5307245394087399 1.5303307235437906 1.5299369076788414 1.5295430918138921 1.5291492759489427 1.5287554600839934 1.5283616442190442 1.527967828354095 1.527574012489145 1.5271801966241956 1.5267863807592463 1.526392564894297 1.5259987490293478 1.5256049331643986 1.5252111172994494 1.5248173014345 1.5244234855695507 1.5240296697046014 1.5236358538396522 1.523242037974703 1.5228482221097535 1.5224544062448035 1.5220605903798543 1.521666774514905 1.5212729586499558 1.5208791427850064 1.5204853269200571 1.5203617451315554 1.5205270496838674 1.5206923542361797 1.5208576587884919 1.5210229633408041 1.5211882678931161 1.5213535724454283 1.5215188769977408 1.521684181550053 1.5218494861023653 1.5220147906546775 1.5221800952069895 1.5223453997593017 1.522510704311614
1.530261583725861 1.5298179667028415 1.5293743496798222 1.5289307326568027 1.5284871156337831 1.5280434986107636 1.527599881587744 1.5271562645647245 1.526712647541705 1.5262690305186855 1.525825413495666 1.5253817964726457 1.5249381794496262 1.5244945624266066 1.524050945403587 1.5236073283805678 1.5231637113575482 1.5227200943345287 1.5222764773115092 1.5218328602884896 1.52138924326547 1.5209456262424506 1.520502009219431 1.5200583921964115 1.5196147751733913 1.5191711581503717 1.5187275411273522 1.5182839241043327 1.5178403070813133 1.5173966900582938 1.5172942334505346 1.5175564850442382 1.517818736637942 1.5180809882316457 1.5183432398253494 1.5186054914190532 1.5188677430127568 1.5191299946064611 1.5193922462001648 1.5196544977938686 1.5199167493875723 1.520179000981276 1.5204412525749798 1.5207035041686834
1.5286171804481343 1.5281237622670445 1.5276303440859549 1.527136925904865 1.5266435077237754 1.5261500895426856 1.5256566713615958 1.5251632531805062 1.5246698349994163 1.5241764168183267 1.5236829986372369 1.5231895804561464 1.5226961622750566 1.522202744093967 1.521709325912877 1.5212159077317875 1.5207224895506977 1.520229071369608 1.5197356531885182 1.5192422350074284 1.5187488168263388 1.518255398645249 1.5177619804641593 1.5172685622830695 1.516775144101979 1.5162817259208892 1.5157883077397996 1.5152948895587097 1.5148014713776201 1.5143080531965303 1.5142267217695138 1.514585920404609 1.5149451190397043 1.5153043176747996 1.5156635163098948 1.51602271494499 1.5163819135800853 1.5167411122151813 1.5171003108502765 1.5174595094853718 1.517818708120467 1.5181779067555623 1.5185371053906576 1.5188963040257528
1.5269727771704076 1.5264295578312477 1.5258863384920878 1.5253431191529276 1.5247998998137677 1.5242566804746078 1.523713461135448 1.5231702417962878 1.5226270224571279 1.522083803117968 1.5215405837788079 1.520997364439647 1.5204541451004872 1.519910925761327 1.5193677064221671 1.5188244870830072 1.5182812677438473 1.5177380484046872 1.5171948290655273 1.5166516097263674 1.5161083903872072 1.5155651710480473 1.5150219517088874 1.5144787323697275 1.5139355130305665 1.5133922936914066 1.5128490743522467 1.5123058550130866 1.5117626356739267 1.5112194163347668 1.5111592100884927 1.5116153557649796 1.5120715014414663 1.5125276471179532 1.51298379279444 1.513439938470927 1.5138960841474136 1.5143522298239014 1.514808375500388 1.515264521176875 1.5157206668533618 1.5161768125298485 1.5166329582063354 1.5170891038828223
1.525328373892681 1.5247353533954509 1.5241423328982207 1.5235493124009905 1.5229562919037603 1.52236327140653 1.5217702509092998 1.5211772304120696 1.5205842099148394 1.5199911894176092 1.519398168920379 1.5188051484231477 1.5182121279259175 1.5176191074286873 1.5170260869314571 1.516433066434227 1.5158400459369967 1.5152470254397667 1.5146540049425365 1.5140609844453063 1.5134679639480761 1.512874943450846 1.5122819229536157 1.5116889024563855 1.5110958819591542 1.510502861461924 1.5099098409646938 1.5093168204674636 1.5087237999702334 1.5081307794730032 1.508091698407472 1.5086447911253502 1.5091978838432287 1.509750976561107 1.5103040692789853 1.5108571619968638 1.511410254714742 1.5119633474326215 1.5125164401504998 1.513069532868378 1.5136226255862566 1.5141757183041349 1.5147288110220132 1.5152819037398917
1.5236839706149528 1.5230411489596523 1.522398327304352 1.5217555056490515 1.521112683993751 1.5204698623384505 1.51982704068315 1.5191842190278495 1.518541397372549 1.5178985757172487 1.5172557540619482 1.5166129324066466 1.5159701107513461 1.5153272890960456 1.5146844674407451 1.5140416457854449 1.5133988241301444 1.5127560024748439 1.5121131808195434 1.5114703591642429 1.5108275375089424 1.510184715853642 1.5095418941983416 1.5088990725430411 1.5082562508877395 1.507613429232439 1.5069706075771385 1.506327785921838 1.5056849642665378 1.5050421426112373 1.5050241867264484 1.5056742264857186 1.5063242662449885 1.5069743060042584 1.5076243457635286 1.5082743855227985 1.5089244252820686 1.5095744650413396 1.5102245048006095 1.5108745445598797 1.5115245843191496 1.5121746240784195 1.5128246638376897 1.5134747035969596
1.5220395673372262 1.5213469445238554 1.5206543217104849 1.519961698897114 1.5192690760837435 1.5185764532703727 1.517883830457002 1.5171912076436314 1.5164985848302606 1.51580596201689 1.5151133392035192 1.5144207163901473 1.5137280935767767 1.513035470763406 1.5123428479500354 1.5116502251366646 1.510957602323294 1.5102649795099232 1.5095723566965527 1.5088797338831819 1.508187111069811 1.5074944882564405 1.5068018654430697 1.5061092426296991 1.5054166198163272 1.5047239970029564 1.5040313741895859 1.503338751376215 1.5026461285628445 1.5019535057494737 1.5019566750454278 1.5027036618460894 1.503450648646751 1.5041976354474123 1.5049446222480738 1.5056916090487353 1.5064385958493969 1.5071855826500598 1.5079325694507213 1.5086795562513828 1.5094265430520444 1.510173529852706 1.5109205166533675 1.511667503454029
1.5203951640594993 1.5196527400880584 1.5189103161166175 1.5181678921451767 1.5174254681737356 1.5166830442022947 1.5159406202308539 1.515198196259413 1.514455772287972 1.513713348316531 1.5129709243450902 1.512228500373648 1.5114860764022071 1.510743652430766 1.5100012284593252 1.5092588044878843 1.5085163805164434 1.5077739565450023 1.5070315325735615 1.5062891086021206 1.5055466846306798 1.5048042606592387 1.5040618366877978 1.503319412716357 1.5025769887449147 1.5018345647734739 1.5010921408020328 1.500349716830592 1.499607292859151 1.4988648688877102 1.4988891633644068 1.4997330972064598 1.500577031048513 1.501420964890566 1.502264898732619 1.5031088325746722 1.5039527664167254 1.5047967002587799 1.5056406341008328 1.506484567942886 1.5073285017849392 1.508172435626992 1.5090163694690453 1.5098603033110984
1.5187507607817727 1.5179585356522616 1.5171663105227504 1.5163740853932393 1.515581860263728 1.514789635134217 1.5139974100047058 1.5132051848751946 1.5124129597456835 1.5116207346161723 1.5108285094866611 1.5100362843571487 1.5092440592276375 1.5084518340981263 1.5076596089686152 1.506867383839104 1.506075158709593 1.505282933580082 1.5044907084505708 1.5036984833210596 1.5029062581915484 1.5021140330620373 1.5013218079325261 1.500529582803015 1.4997373576735025 1.4989451325439913 1.4981529074144802 1.497360682284969 1.4965684571554578 1.4957762320259467 1.495821651683386 1.4967625325668306 1.4977034134502751 1.49864429433372 1.4995851752171645 1.500526056100609 1.5014669369840536 1.5024078178675 1.5033486987509446 1.5042895796343891 1.505230460517834 1.5061713414012785 1.507112222284723 1.5080531031681677
1.517106357504046 1.5162643312164648 1.5154223049288833 1.5145802786413018 1.5137382523537206 1.5128962260661392 1.5120541997785577 1.5112121734909765 1.510370147203395 1.5095281209158138 1.5086860946282323 1.5078440683406495 1.507002042053068 1.5061600157654866 1.5053179894779054 1.504475963190324 1.5036339369027425 1.5027919106151613 1.5019498843275798 1.5011078580399986 1.5002658317524171 1.4994238054648357 1.4985817791772544 1.497739752889673 1.4968977266020902 1.4960557003145087 1.4952136740269275 1.494371647739346 1.4935296214517646 1.4926875951641834 1.4927541400023652 1.4937919679272014 1.4948297958520376 1.4958676237768738 1.49690545170171 1.4979432796265462 1.4989811075513821 1.5000189354762201 1.5010567634010563 1.5020945913258925 1.5031324192507287 1.504170247175565 1.505208075100401 1.5062459030252373
1.5154619542263192 1.5145701267806677 1.513678299335016 1.5127864718893644 1.511894644443713 1.5110028169980612 1.5101109895524096 1.509219162106758 1.5083273346611064 1.5074355072154548 1.5065436797698033 1.5056518523241502 1.5047600248784985 1.503868197432847 1.5029763699871954 1.5020845425415437 1.5011927150958921 1.5003008876502406 1.4994090602045889 1.4985172327589373 1.4976254053132858 1.496733577867634 1.4958417504219825 1.494949922976331 1.494058095530678 1.4931662680850262 1.4922744406393746 1.4913826131937231 1.4904907857480714 1.4895989583024198 1.4896866283213444 1.4908214032875722 1.4919561782537998 1.4930909532200276 1.4942257281862552 1.495360503152483 1.4964952781187106 1.4976300530849402 1.498764828051168 1.4998996030173957 1.5010343779836235 1.502169152949851 1.503303927916079 1.5044387028823065
1.5138175509485925 1.5128759223448707 1.5119342937411488 1.510992665137427 1.5100510365337052 1.5091094079299834 1.5081677793262616 1.5072261507225397 1.506284522118818 1.505342893515096 1.5044012649113743 1.503459636307651 1.502518007703929 1.5015763791002072 1.5006347504964854 1.4996931218927636 1.4987514932890418 1.49780986468532 1.4968682360815981 1.4959266074778763 1.4949849788741545 1.4940433502704327 1.4931017216667108 1.492160093062989 1.4912184644592656 1.4902768358555438 1.489335207251822 1.4883935786481002 1.4874519500443784 1.4865103214406565 1.4866191166403235 1.4878508386479428 1.4890825606555622 1.4903142826631814 1.4915460046708007 1.49277772667842 1.4940094486860391 1.4952411706936606 1.4964728927012798 1.497704614708899 1.4989363367165183 1.5001680587241375 1.501399780731757 1.5026315027393762
1.5121731476708644 1.5111817179090723 1.5101902881472802 1.509198858385488 1.508207428623696 1.5072159988619038 1.5062245691001117 1.5052331393383196 1.5042417095765277 1.5032502798147356 1.5022588500529435 1.5012674202911496 1.5002759905293575 1.4992845607675653 1.4982931310057732 1.4973017012439813 1.4963102714821892 1.495318841720397 1.494327411958605 1.4933359821968129 1.4923445524350207 1.4913531226732286 1.4903616929114365 1.4893702631496444 1.4883788333878507 1.4873874036260586 1.4863959738642665 1.4854045441024744 1.4844131143406822 1.4834216845788901 1.4835516049593 1.484880274008311 1.4862089430573218 1.4875376121063326 1.4888662811553435 1.4901949502043543 1.4915236192533654 1.4928522883023785 1.4941809573513893 1.4955096264004002 1.496838295449411 1.4981669644984221 1.499495633547433 1.5008243025964438
