Figures/CREST_Example_wjb_NSE/PETs/wjb.pet.20100716.asc
ncols            288
nrows            254
xllcorner        113.274861
yllcorner        31.4918055
cellsize         0.008333333333
NODATA_value     -9999
[rows 40 to 59 of 254, columns 88 to 131 of 288]
1.3817365326473152 1.377987965559481 1.374239398471647 1.3704908313838067 1.3667422642959726 1.3629936972081387 1.3592451301203046 1.3554965630324705 1.3517479959446366 1.3479994288568025 1.3442508617689684 1.3405022946811345 1.3367537275933004 1.3330051605054662 1.3312962685660692 1.3317678354798486 1.3322394023936286 1.332710969307408 1.3331825362211873 1.3336541031349667 1.334125670048746 1.3345972369625254 1.3350688038763048 1.3355403707900841 1.3360119377038635 1.3364835046176426 1.336955071531422 1.3374266384452014 1.3378982053589807 1.338369772272761 1.3388413391865404 1.3393129061003195 1.3397844730140989 1.3402560399278782 1.3407276068416576 1.341199173755437 1.3416707406692163 1.3421423075829957 1.342613874496775 1.3430854414105544 1.3435570083243338 1.3440285752381131 1.3445001421518932 1.3449717090656725
1.3764033281109327 1.3727417931006591 1.3690802580903856 1.3654187230801058 1.3617571880698323 1.3580956530595587 1.3544341180492852 1.3507725830390116 1.347111048028738 1.3434495130184645 1.339787978008191 1.3361264429979174 1.3324649079876438 1.3288033729773703 1.3271023487239386 1.3274971547990664 1.3278919608741948 1.3282867669493226 1.3286815730244506 1.3290763790995783 1.329471185174706 1.3298659912498338 1.3302607973249616 1.3306556034000894 1.3310504094752174 1.3314452155503451 1.3318400216254729 1.3322348277006006 1.3326296337757284 1.3330244398508568 1.3334192459259848 1.3338140520011126 1.3342088580762403 1.334603664151368 1.3349984702264959 1.3353932763016239 1.3357880823767516 1.3361828884518794 1.3365776945270071 1.336972500602135 1.3373673066772627 1.3377621127523907 1.338156918827519 1.3385517249026468
1.37107012357455 1.367495620641837 1.363921117709124 1.3603466147764047 1.3567721118436917 1.3531976089109787 1.3496231059782657 1.3460486030455525 1.3424741001128395 1.3388995971801265 1.3353250942474135 1.3317505913147005 1.3281760883819875 1.3246015854492743 1.322908428881808 1.3232264741182842 1.323544519354761 1.3238625645912372 1.3241806098277136 1.3244986550641897 1.3248167003006661 1.3251347455371423 1.3254527907736187 1.3257708360100948 1.3260888812465712 1.3264069264830474 1.3267249717195237 1.327043016956 1.327361062192476 1.327679107428953 1.3279971526654293 1.3283151979019054 1.3286332431383818 1.328951288374858 1.3292693336113344 1.3295873788478105 1.3299054240842867 1.330223469320763 1.3305415145572392 1.3308595597937156 1.3311776050301918 1.3314956502666682 1.331813695503145 1.3321317407396212
1.3657369190381674 1.362249448183015 1.3587619773278625 1.3552745064727039 1.3517870356175514 1.348299564762399 1.3448120939072463 1.3413246230520939 1.3378371521969412 1.3343496813417888 1.3308622104866363 1.3273747396314837 1.3238872687763312 1.3203997979211786 1.3187145090396777 1.3189557934375022 1.3191970778353275 1.3194383622331523 1.3196796466309768 1.3199209310288016 1.3201622154266264 1.320403499824451 1.3206447842222757 1.3208860686201005 1.3211273530179253 1.3213686374157498 1.3216099218135746 1.3218512062113994 1.3220924906092242 1.3223337750070492 1.322575059404874 1.3228163438026987 1.3230576282005233 1.323298912598348 1.3235401969961729 1.3237814813939974 1.3240227657918222 1.324264050189647 1.3245053345874718 1.3247466189852963 1.3249879033831211 1.325229187780946 1.325470472178771 1.3257117565765957
1.3604037145017849 1.3570032757241928 1.3536028369466007 1.350202398169003 1.346801959391411 1.3434015206138188 1.340001081836227 1.3366006430586348 1.333200204281043 1.3297997655034508 1.3263993267258587 1.3229988879482668 1.3195984491706747 1.3161980103930828 1.3145205891975469 1.31468511275672 1.3148496363158937 1.3150141598750669 1.31517868343424 1.3153432069934132 1.3155077305525864 1.3156722541117596 1.3158367776709328 1.316001301230106 1.3161658247892791 1.3163303483484523 1.3164948719076255 1.3166593954667987 1.3168239190259718 1.3169884425851452 1.3171529661443184 1.3173174897034916 1.3174820132626648 1.317646536821838 1.3178110603810111 1.3179755839401843 1.3181401074993575 1.3183046310585307 1.3184691546177039 1.318633678176877 1.3187982017360502 1.3189627252952234 1.3191272488543968 1.31929177241357
1.3550705099654023 1.3517571032653708 1.3484436965653392 1.345130289865302 1.3418168831652704 1.338503476465239 1.3351900697652075 1.331876663065176 1.3285632563651444 1.3252498496651128 1.3219364429650813 1.3186230362650497 1.3153096295650182 1.3119962228649868 1.3103266693554163 1.310414432075938 1.31050219479646 1.3105899575169815 1.310677720237503 1.3107654829580246 1.3108532456785464 1.310941008399068 1.3110287711195896 1.3111165338401112 1.311204296560633 1.3112920592811546 1.3113798220016761 1.311467584722198 1.3115553474427195 1.3116431101632413 1.3117308728837629 1.3118186356042845 1.3119063983248063 1.3119941610453278 1.3120819237658494 1.312169686486371 1.3122574492068928 1.3123452119274144 1.312432974647936 1.3125207373684578 1.3126085000889793 1.312696262809501 1.3127840255300227 1.3128717882505443
1.3497373054290152 1.3465109308065442 1.3432845561840732 1.3400581815615968 1.3368318069391258 1.3336054323166548 1.330379057694184 1.327152683071713 1.323926308449242 1.320699933826771 1.3174735592043003 1.3142471845818293 1.3110208099593583 1.3077944353368873 1.3061327495132824 1.3061437513951524 1.3061547532770226 1.3061657551588925 1.3061767570407625 1.3061877589226325 1.3061987608045025 1.3062097626863727 1.3062207645682427 1.3062317664501126 1.3062427683319826 1.3062537702138528 1.3062647720957228 1.3062757739775928 1.3062867758594627 1.3062977777413327 1.306308779623203 1.3063197815050729 1.3063307833869429 1.3063417852688128 1.306352787150683 1.306363789032553 1.306374790914423 1.306385792796293 1.306396794678163 1.3064077965600331 1.3064187984419031 1.306429800323773 1.306440802205643 1.306451804087513
1.3444041008926326 1.3412647583477222 1.3381254158028117 1.334986073257896 1.3318467307129855 1.328707388168075 1.3255680456231647 1.3224287030782542 1.3192893605333438 1.3161500179884333 1.3130106754435227 1.3098713328986125 1.3067319903537018 1.3035926478087916 1.3019388296711518 1.3018730707143702 1.3018073117575886 1.3017415528008072 1.3016757938440255 1.3016100348872441 1.3015442759304625 1.301478516973681 1.3014127580168995 1.301346999060118 1.3012812401033365 1.301215481146555 1.3011497221897734 1.301083963232992 1.3010182042762104 1.3009524453194288 1.3008866863626474 1.3008209274058657 1.3007551684490843 1.3006894094923027 1.3006236505355213 1.3005578915787397 1.3004921326219583 1.3004263736651767 1.3003606147083953 1.3002948557516136 1.3002290967948322 1.3001633378380506 1.300097578881269 1.3000318199244876
1.3390708963562499 1.3360185858889 1.33296627542155 1.329913964954195 1.326861654486845 1.323809344019495 1.320757033552145 1.3177047230847951 1.3146524126174453 1.3116001021500954 1.3085477916827453 1.3054954812153954 1.3024431707480455 1.2993908602806956 1.2977449098290212 1.2976023900335882 1.2974598702381548 1.2973173504427218 1.2971748306472888 1.2970323108518558 1.2968897910564225 1.2967472712609895 1.2966047514655565 1.2964622316701235 1.2963197118746903 1.2961771920792573 1.2960346722838243 1.2958921524883913 1.295749632692958 1.2956071128975248 1.2954645931020918 1.2953220733066588 1.2951795535112256 1.2950370337157926 1.2948945139203596 1.2947519941249266 1.2946094743294934 1.2944669545340604 1.2943244347386273 1.2941819149431943 1.2940393951477611 1.2938968753523281 1.2937543555568949 1.2936118357614619
1.3337376918198673 1.3307724134300778 1.3278071350402885 1.324841856650494 1.3218765782607045 1.3189112998709152 1.3159460214811256 1.3129807430913363 1.3100154647015467 1.3070501863117574 1.3040849079219679 1.3011196295321785 1.298154351142389 1.2951890727525996 1.2935509899868907 1.293331709352806 1.293112428718721 1.2928931480846364 1.2926738674505518 1.2924545868164672 1.2922353061823826 1.292016025548298 1.2917967449142134 1.2915774642801288 1.2913581836460442 1.2911389030119595 1.2909196223778752 1.2907003417437906 1.290481061109706 1.290261780475621 1.2900424998415363 1.2898232192074517 1.289603938573367 1.2893846579392825 1.2891653773051979 1.2889460966711133 1.2887268160370287 1.288507535402944 1.2882882547688594 1.2880689741347748 1.2878496935006902 1.2876304128666056 1.2874111322325208 1.2871918515984362
1.3284044872834848 1.3255262409712558 1.3226479946590268 1.3197697483467932 1.3168915020345642 1.3140132557223352 1.3111350094101062 1.3082567630978774 1.3053785167856484 1.3025002704734194 1.2996220241611907 1.2967437778489617 1.2938655315367327 1.290987285224504 1.2893570701447603 1.289061028672024 1.2887649871992874 1.2884689457265512 1.2881729042538153 1.287876862781079 1.2875808213083428 1.2872847798356069 1.2869887383628706 1.2866926968901344 1.2863966554173982 1.2861006139446622 1.285804572471926 1.2855085309991898 1.2852124895264538 1.2849164480537172 1.284620406580981 1.2843243651082448 1.2840283236355088 1.2837322821627726 1.2834362406900364 1.2831401992173004 1.2828441577445642 1.282548116271828 1.282252074799092 1.2819560333263558 1.2816599918536196 1.2813639503808834 1.2810679089081467 1.2807718674354107
1.3230712827471023 1.3202800685124338 1.3174888542777654 1.314697640043092 1.3119064258084236 1.3091152115737552 1.3063239973390868 1.3035327831044183 1.30074156886975 1.2979503546350817 1.2951591404004132 1.2923679261657448 1.2895767119310764 1.286785497696408 1.2851631503026297 1.284790347991242 1.2844175456798537 1.2840447433684659 1.2836719410570783 1.2832991387456907 1.2829263364343029 1.2825535341229153 1.2821807318115275 1.2818079295001399 1.2814351271887523 1.2810623248773645 1.280689522565977 1.280316720254589 1.2799439179432015 1.2795711156318132 1.2791983133204254 1.2788255110090379 1.27845270869765 1.2780799063862625 1.2777071040748746 1.277334301763487 1.2769614994520995 1.2765886971407117 1.276215894829324 1.2758430925179363 1.2754702902065487 1.275097487895161 1.2747246855837726 1.274351883272385
1.3177380782107195 1.3150338960536117 1.3123297138965038 1.3096255317393912 1.3069213495822831 1.3042171674251752 1.3015129852680674 1.2988088031109595 1.2961046209538516 1.2934004387967435 1.2906962566396356 1.2879920744825277 1.2852878923254198 1.282583710168312 1.2809692304604992 1.2805196673104597 1.2800701041604199 1.2796205410103807 1.2791709778603413 1.278721414710302 1.278271851560263 1.2778222884102237 1.2773727252601845 1.2769231621101453 1.2764735989601061 1.2760240358100667 1.2755744726600275 1.2751249095099884 1.2746753463599492 1.274225783209909 1.27377622005987 1.2733266569098307 1.2728770937597915 1.2724275306097523 1.2719779674597131 1.271528404309674 1.2710788411596345 1.2706292780095954 1.2701797148595562 1.269730151709517 1.2692805885594778 1.2688310254094386 1.2683814622593985 1.2679318991093593
1.3124048736743326 1.3097877235947852 1.307170573515238 1.304553423435686 1.3019362733561386 1.2993191232765913 1.296701973197044 1.2940848231174966 1.2914676730379493 1.288850522958402 1.2862333728788546 1.2836162227993073 1.28099907271976 1.2783819226402127 1.276775310618365 1.2762489866296742 1.2757226626409826 1.2751963386522918 1.2746700146636007 1.27414369067491 1.2736173666862192 1.2730910426975284 1.2725647187088376 1.2720383947201466 1.2715120707314558 1.270985746742765 1.2704594227540742 1.2699330987653834 1.2694067747766924 1.2688804507880007 1.26835412679931 1.2678278028106191 1.2673014788219281 1.2667751548332373 1.2662488308445465 1.2657225068558557 1.265196182867165 1.264669858878474 1.2641435348897831 1.2636172109010924 1.2630908869124016 1.2625645629237108 1.2620382389350189 1.261511914946328
1.3070716691379498 1.304541551135963 1.3020114331339763 1.299481315131985 1.2969511971299983 1.2944210791280113 1.2918909611260245 1.2893608431240378 1.2868307251220508 1.284300607120064 1.2817704891180772 1.2792403711160902 1.2767102531141035 1.2741801351121167 1.2725813907762344 1.271978305948892 1.2713752211215488 1.2707721362942064 1.270169051466864 1.2695659666395216 1.2689628818121792 1.2683597969848368 1.2677567121574944 1.267153627330152 1.2665505425028096 1.2659474576754672 1.2653443728481248 1.2647412880207825 1.26413820319344 1.2635351183660968 1.2629320335387544 1.262328948711412 1.2617258638840696 1.2611227790567272 1.2605196942293848 1.2599166094020424 1.2593135245747 1.2587104397473576 1.2581073549200152 1.257504270092673 1.2569011852653307 1.2562981004379883 1.2556950156106448 1.2550919307833024
1.3017384646015673 1.2992953786771408 1.2968522927527146 1.2944092068282842 1.2919661209038578 1.2895230349794313 1.2870799490550051 1.2846368631305787 1.2821937772061525 1.279750691281726 1.2773076053572998 1.2748645194328734 1.272421433508447 1.2699783475840207 1.2683874709341039 1.2677076252681099 1.267027779602115 1.266347933936121 1.265668088270127 1.2649882426041332 1.2643083969381392 1.2636285512721452 1.2629487056061515 1.2622688599401575 1.2615890142741635 1.2609091686081697 1.2602293229421757 1.2595494772761817 1.258869631610188 1.2581897859441928 1.2575099402781988 1.2568300946122049 1.256150248946211 1.255470403280217 1.254790557614223 1.2541107119482293 1.2534308662822353 1.2527510206162413 1.2520711749502476 1.2513913292842536 1.2507114836182596 1.2500316379522658 1.2493517922862707 1.2486719466202767
1.2964052600651848 1.2940492062183189 1.291693152371453 1.2893370985245833 1.2869810446777175 1.2846249908308516 1.2822689369839857 1.2799128831371198 1.2775568292902542 1.2752007754433883 1.2728447215965224 1.2704886677496565 1.2681326139027909 1.265776560055925 1.2641935510919735 1.2634369445873281 1.2626803380826812 1.2619237315780358 1.2611671250733905 1.2604105185687449 1.2596539120640995 1.258897305559454 1.2581406990548085 1.2573840925501631 1.2566274860455175 1.2558708795408722 1.2551142730362268 1.2543576665315812 1.2536010600269358 1.2528444535222891 1.2520878470176435 1.2513312405129982 1.2505746340083526 1.2498180275037072 1.2490614209990618 1.2483048144944162 1.2475482079897708 1.2467916014851252 1.2460349949804799 1.2452783884758345 1.244521781971189 1.2437651754665435 1.2430085689618968 1.2422519624572512
1.2910720555288022 1.288803033759497 1.2865340119901916 1.2842649902208823 1.281995968451577 1.2797269466822716 1.2774579249129663 1.275188903143661 1.2729198813743556 1.2706508596050503 1.268381837835745 1.2661128160664397 1.2638437942971343 1.261574772527829 1.259999631249843 1.259166263906546 1.2583328965632474 1.2574995292199505 1.2566661618766535 1.2558327945333565 1.2549994271900595 1.2541660598467625 1.2533326925034656 1.2524993251601684 1.2516659578168714 1.2508325904735744 1.2499992231302774 1.2491658557869805 1.2483324884436835 1.247499121100385 1.246665753757088 1.245832386413791 1.244999019070494 1.244165651727197 1.2433322843839 1.2424989170406031 1.2416655496973061 1.240832182354009 1.239998815010712 1.239165447667415 1.238332080324118 1.237498712980821 1.2366653456375225 1.2358319782942255
1.286173998423469 1.2839311272093878 1.2816882559953067 1.2794453847812217 1.2772025135671403 1.2749596423530591 1.272716771138978 1.2704738999248968 1.2682310287108156 1.2659881574967342 1.263745286282653 1.2615024150685719 1.2592595438544907 1.2570166726404095 1.25542067953011 1.2545162137394414 1.2536117479487716 1.2527072821581031 1.2518028163674348 1.2508983505767663 1.249993884786098 1.2490894189954296 1.2481849532047613 1.2472804874140928 1.2463760216234245 1.245471555832756 1.2445670900420878 1.2436626242514193 1.242758158460751 1.241853692670081 1.2409492268794127 1.2400447610887442 1.239140295298076 1.2382358295074074 1.2373313637167391 1.2364268979260706 1.2355224321354024 1.2346179663447339 1.2337135005540656 1.232809034763397 1.2319045689727288 1.2310001031820603 1.2300956373913905 1.2291911716007222
1.2817410864844103 1.279459287316961 1.2771774881495117 1.2748956889820584 1.272613889814609 1.27033209064716 1.2680502914797107 1.2657684923122614 1.263486693144812 1.2612048939773628 1.2589230948099135 1.2566412956424642 1.2543594964750149 1.2520776973075656 1.250430153010775 1.2494606415119809 1.248491130013185 1.2475216185143907 1.2465521070155965 1.2455825955168023 1.244613084018008 1.2436435725192139 1.2426740610204197 1.2417045495216255 1.2407350380228312 1.239765526524037 1.2387960150252428 1.2378265035264486 1.2368569920276544 1.2358874805288587 1.2349179690300645 1.2339484575312702 1.232978946032476 1.2320094345336818 1.2310399230348876 1.2300704115360934 1.2291009000372992 1.228131388538505 1.2271618770397108 1.2261923655409166 1.2252228540421224 1.2242533425433282 1.2232838310445322 1.222314319545738
