Figures/CREST_Example_wjb_NSE/PETs/wjb.pet.20101127.asc
ncols            288
nrows            254
xllcorner        113.274861
yllcorner        31.4918055
cellsize         0.008333333333
NODATA_value     -9999
[rows 40 to 59 of 254, columns 132 to 175 of 288]
0.8929484331565316 0.8919445384334763 0.890940643710421 0.8899367489873657 0.8889328542643105 0.8879289595412552 0.8869250648181999 0.8859211700951446 0.8849172753720892 0.8839133806490339 0.8829094859259786 -9999.0 -9999.0 -9999.0 -9999.0 -9999.0 -9999.0 -9999.0 -9999.0 -9999.0 -9999.0 -9999.0 -9999.0 -9999.0 -9999.0 -9999.0 -9999.0 -9999.0 -9999.0 -9999.0 -9999.0 -9999.0 -9999.0 -9999.0 -9999.0 -9999.0 -9999.0 -9999.0 -9999.0 -9999.0 -9999.0 -9999.0 -9999.0 -9999.0
0.895415164326482 0.8943756746838845 0.8933361850412869 0.8922966953986893 0.8912572057560917 0.8902177161134941 0.8891782264708965 0.8881387368282989 0.8870992471857013 0.8860597575431037 0.8850202679005061 0.8839807782579068 -9999.0 -9999.0 -9999.0 0.8798228196875164 0.8787833300449188 -9999.0 -9999.0 -9999.0 -9999.0 -9999.0 -9999.0 -9999.0 -9999.0 -9999.0 -9999.0 -9999.0 -9999.0 -9999.0 -9999.0 -9999.0 -9999.0 -9999.0 -9999.0 -9999.0 -9999.0 -9999.0 -9999.0 -9999.0 -9999.0 -9999.0 -9999.0 -9999.0
0.8978818954964325 0.8968068109342926 0.8957317263721528 0.8946566418100129 0.893581557247873 0.8925064726857331 0.8914313881235932 0.8903563035614533 0.8892812189993134 0.8882061344371737 0.8871310498750338 0.886055965312892 0.8849808807507521 0.8839057961886123 0.8828307116264724 0.8817556270643325 0.8806805425021926 -9999.0 -9999.0 0.877455288815773 0.8763802042536332 0.8753051196914933 0.8742300351293534 -9999.0 -9999.0 -9999.0 -9999.0 -9999.0 -9999.0 -9999.0 -9999.0 -9999.0 -9999.0 -9999.0 -9999.0 -9999.0 -9999.0 -9999.0 -9999.0 -9999.0 -9999.0 -9999.0 -9999.0 -9999.0
0.900348626666383 0.8992379471847008 0.8981272677030187 0.8970165882213365 0.8959059087396544 0.8947952292579722 0.89368454977629 0.8925738702946078 0.8914631908129257 0.8903525113312435 0.8892418318495613 0.8881311523678772 0.8870204728861951 0.8859097934045129 0.8847991139228307 0.8836884344411485 0.8825777549594664 0.8814670754777842 0.880356395996102 0.8792457165144199 0.8781350370327378 0.8770243575510556 0.8759136780693734 0.8748029985876912 -9999.0 -9999.0 -9999.0 -9999.0 -9999.0 -9999.0 -9999.0 -9999.0 -9999.0 -9999.0 -9999.0 -9999.0 -9999.0 -9999.0 -9999.0 -9999.0 -9999.0 -9999.0 -9999.0 -9999.0
0.9028153578363335 0.9016690834351091 0.9005228090338846 0.8993765346326601 0.8982302602314357 0.8970839858302112 0.8959377114289867 0.8947914370277623 0.8936451626265378 0.8924988882253133 0.8913526138240889 0.8902063394228624 0.889060065021638 0.8879137906204135 0.8867675162191891 0.8856212418179646 0.8844749674167401 0.8833286930155158 0.8821824186142913 0.8810361442130668 0.8798898698118424 0.8787435954106179 0.8775973210093934 0.876451046608169 0.8753047722069425 -9999.0 -9999.0 -9999.0 -9999.0 -9999.0 -9999.0 -9999.0 -9999.0 -9999.0 -9999.0 -9999.0 -9999.0 -9999.0 -9999.0 -9999.0 -9999.0 -9999.0 -9999.0 -9999.0
0.9052820890062839 0.9041002196855171 0.9029183503647504 0.9017364810439836 0.9005546117232169 0.8993727424024501 0.8981908730816834 0.8970090037609166 0.8958271344401499 0.8946452651193831 0.8934633957986164 0.8922815264778476 0.8910996571570808 0.8899177878363141 0.8887359185155473 0.8875540491947806 0.8863721798740138 0.8851903105532472 0.8840084412324803 0.8828265719117137 0.8816447025909468 0.8804628332701802 0.8792809639494134 0.8780990946286467 0.8769172253078779 -9999.0 0.8745534866663444 0.8733716173455776 0.8721897480248109 -9999.0 -9999.0 -9999.0 -9999.0 -9999.0 -9999.0 -9999.0 -9999.0 -9999.0 -9999.0 -9999.0 -9999.0 -9999.0 -9999.0 -9999.0
0.9077488201762365 0.9065313559359275 0.9053138916956184 0.9040964274553093 0.9028789632150002 0.9016614989746912 0.9004440347343821 0.899226570494073 0.898009106253764 0.8967916420134548 0.8955741777731457 0.8943567135328346 0.8931392492925255 0.8919217850522165 0.8907043208119074 0.8894868565715983 0.8882693923312893 0.8870519280909802 0.8858344638506711 0.884616999610362 0.883399535370053 0.8821820711297439 0.8809646068894348 0.8797471426491258 0.8785296784088146 0.8773122141685056 0.8760947499281965 0.8748772856878874 0.8736598214475784 -9999.0 -9999.0 -9999.0 -9999.0 -9999.0 -9999.0 -9999.0 -9999.0 -9999.0 -9999.0 -9999.0 -9999.0 -9999.0 -9999.0 -9999.0
0.910215551346187 0.9089624921863356 0.9077094330264843 0.9064563738666329 0.9052033147067815 0.9039502555469302 0.9026971963870788 0.9014441372272275 0.9001910780673761 0.8989380189075247 0.8976849597476734 0.8964319005878199 0.8951788414279684 0.8939257822681171 0.8926727231082657 0.8914196639484144 0.890166604788563 0.8889135456287116 0.8876604864688603 0.8864074273090089 0.8851543681491576 0.8839013089893062 0.8826482498294549 0.8813951906696035 0.88014213150975 0.8788890723498987 0.8776360131900472 0.8763829540301958 -9999.0 -9999.0 -9999.0 -9999.0 -9999.0 -9999.0 -9999.0 -9999.0 -9999.0 -9999.0 -9999.0 -9999.0 -9999.0 -9999.0 -9999.0 -9999.0
0.9126822825161375 0.9113936284367439 0.9101049743573502 0.9088163202779566 0.9075276661985628 0.9062390121191692 0.9049503580397755 0.9036617039603819 0.9023730498809882 0.9010843958015946 0.8997957417222009 0.8985070876428051 0.8972184335634115 0.8959297794840178 0.8946411254046241 0.8933524713252304 0.8920638172458368 0.8907751631664431 0.8894865090870495 0.8881978550076558 0.8869092009282622 0.8856205468488685 0.8843318927694749 0.8830432386900812 0.8817545846106853 0.8804659305312916 0.879177276451898 0.8778886223725044 0.8765999682931107 0.8753113142137171 0.8744775741998996 -9999.0 -9999.0 -9999.0 -9999.0 -9999.0 -9999.0 -9999.0 -9999.0 -9999.0 -9999.0 -9999.0 -9999.0 -9999.0
0.9151490136860879 0.9138247646871519 0.912500515688216 0.9111762666892801 0.9098520176903441 0.9085277686914082 0.9072035196924723 0.9058792706935362 0.9045550216946003 0.9032307726956644 0.9019065236967284 0.9005822746977903 0.8992580256988543 0.8979337766999184 0.8966095277009825 0.8952852787020464 0.8939610297031105 0.8926367807041745 0.8913125317052386 0.8899882827063027 0.8886640337073667 0.8873397847084308 0.8860155357094949 0.8846912867105589 0.8833670377116207 0.8820427887126847 0.8807185397137488 0.8793942907148129 0.8780700417158769 0.876745792716941 0.8758942798607512 0.8755481326351431 0.8752019854095349 0.8748558381839266 -9999.0 -9999.0 -9999.0 -9999.0 -9999.0 -9999.0 -9999.0 -9999.0 -9999.0 -9999.0
0.9176157448560384 0.9162559009375602 0.9148960570190819 0.9135362131006037 0.9121763691821254 0.9108165252636472 0.909456681345169 0.9080968374266908 0.9067369935082125 0.9053771495897343 0.904017305671256 0.9026574617527755 0.9012976178342972 0.899937773915819 0.8985779299973408 0.8972180860788626 0.8958582421603842 0.894498398241906 0.8931385543234278 0.8917787104049496 0.8904188664864713 0.8890590225679931 0.8876991786495149 0.8863393347310367 0.884979490812556 0.8836196468940778 0.8822598029755996 0.8808999590571214 0.879540115138643 0.8781802712201648 0.8773109855216028 0.8769661176572786 0.8766212497929544 0.8762763819286302 0.875931514064306 0.8755866461999818 0.8752417783356576 -9999.0 -9999.0 -9999.0 -9999.0 -9999.0 -9999.0 -9999.0
0.9200824760259889 0.9186870371879684 0.9172915983499479 0.9158961595119273 0.9145007206739068 0.9131052818358862 0.9117098429978657 0.9103144041598452 0.9089189653218247 0.9075235264838041 0.9061280876457836 0.9047326488077607 0.9033372099697402 0.9019417711317196 0.9005463322936991 0.8991508934556786 0.897755454617658 0.8963600157796375 0.894964576941617 0.8935691381035964 0.8921736992655759 0.8907782604275554 0.8893828215895349 0.8879873827515143 0.8865919439134914 0.8851965050754709 0.8838010662374504 0.8824056273994298 0.8810101885614093 0.8796147497233888 0.8787276911824544 0.8783841026794142 0.878040514176374 0.8776969256733338 0.8773533371702936 0.8770097486672533 0.8766661601642132 0.8763225716611723 -9999.0 -9999.0 -9999.0 -9999.0 -9999.0 -9999.0
0.9225492071959394 0.9211181734383765 0.9196871396808137 0.9182561059232509 0.9168250721656881 0.9153940384081253 0.9139630046505625 0.9125319708929996 0.9111009371354368 0.909669903377874 0.9082388696203112 0.9068078358627459 0.9053768021051831 0.9039457683476203 0.9025147345900575 0.9010837008324947 0.8996526670749319 0.898221633317369 0.8967905995598062 0.8953595658022434 0.8939285320446806 0.8924974982871178 0.891066464529555 0.8896354307719921 0.8882043970144269 0.8867733632568641 0.8853423294993013 0.8839112957417384 0.8824802619841756 0.8810492282266128 0.8801443968433061 0.8798020877015499 0.8794597785597936 0.8791174694180375 0.8787751602762812 0.878432851134525 0.8780905419927687 0.8777482328510119 0.8774059237092557 0.8770636145674995 0.8767213054257432 -9999.0 -9999.0 -9999.0
0.925015938365892 0.9235493096887869 0.9220826810116817 0.9206160523345766 0.9191494236574714 0.9176827949803663 0.9162161663032612 0.9147495376261561 0.9132829089490508 0.9118162802719457 0.9103496515948406 0.9088830229177329 0.9074163942406278 0.9059497655635227 0.9044831368864176 0.9030165082093123 0.9015498795322072 0.9000832508551021 0.898616622177997 0.8971499935008919 0.8956833648237867 0.8942167361466815 0.8927501074695764 0.8912834787924713 0.8898168501153636 0.8883502214382585 0.8868835927611534 0.8854169640840482 0.8839503354069431 0.8824837067298379 0.881561102504159 0.8812200727236867 0.8808790429432145 0.8805380131627423 0.88019698338227 0.8798559536017977 0.8795149238213255 0.8791738940408527 0.8788328642603804 0.8784918344799082 0.878150804699436 -9999.0 -9999.0 -9999.0
0.9274826695358424 0.9259804459391949 0.9244782223425475 0.9229759987459001 0.9214737751492527 0.9199715515526052 0.9184693279559578 0.9169671043593104 0.915464880762663 0.9139626571660155 0.9124604335693681 0.9109582099727181 0.9094559863760707 0.9079537627794233 0.9064515391827759 0.9049493155861283 0.9034470919894809 0.9019448683928335 0.9004426447961861 0.8989404211995387 0.8974381976028912 0.8959359740062438 0.8944337504095964 0.892931526812949 0.891429303216299 0.8899270796196516 0.8884248560230041 0.8869226324263567 0.8854204088297093 0.8839181852330619 0.8829778081650106 0.8826380577458223 0.8822983073266341 0.8819585569074457 0.8816188064882575 0.8812790560690693 0.880939305649881 0.8805995552306921 0.8802598048115039 0.8799200543923156 0.8795803039731274 0.8792405535539392 -9999.0 -9999.0
0.9299494007057929 0.9284115821896032 0.9268737636734135 0.9253359451572237 0.923798126641034 0.9222603081248443 0.9207224896086545 0.9191846710924648 0.9176468525762751 0.9161090340600854 0.9145712155438956 0.9130333970277034 0.9114955785115136 0.9099577599953239 0.9084199414791342 0.9068821229629445 0.9053443044467547 0.903806485930565 0.9022686674143753 0.9007308488981856 0.8991930303819958 0.8976552118658061 0.8961173933496164 0.8945795748334266 0.8930417563172344 0.8915039378010446 0.8899661192848549 0.8884283007686652 0.8868904822524755 0.8853526637362857 0.8843945138258622 0.8840560427679579 0.8837175717100536 0.8833791006521493 0.883040629594245 0.8827021585363408 0.8823636874784365 0.8820252164205317 0.8816867453626274 0.8813482743047231 0.8810098032468188 0.8806713321889146 0.8803328611310103 -9999.0
0.9324161318757433 0.9308427184400114 0.9292693050042794 0.9276958915685474 0.9261224781328153 0.9245490646970833 0.9229756512613513 0.9214022378256193 0.9198288243898873 0.9182554109541553 0.9166819975184233 0.9151085840826886 0.9135351706469566 0.9119617572112245 0.9103883437754925 0.9088149303397605 0.9072415169040285 0.9056681034682965 0.9040946900325645 0.9025212765968325 0.9009478631611004 0.8993744497253684 0.8978010362896364 0.8962276228539044 0.8946542094181698 0.8930807959824377 0.8915073825467057 0.8899339691109737 0.8883605556752416 0.8867871422395096 0.8858112194867138 0.8854740277900934 0.8851368360934732 0.8847996443968529 0.8844624527002326 0.8841252610036123 0.883788069306992 0.8834508776103711 0.8831136859137508 0.8827764942171306 0.8824393025205103 0.8821021108238899 0.8817649191272696 0.8814277274306493
0.9348828630456939 0.9332738546904196 0.9316648463351452 0.930055837979871 0.9284468296245967 0.9268378212693223 0.925228812914048 0.9236198045587738 0.9220107962034995 0.9204017878482251 0.9187927794929508 0.9171837711376738 0.9155747627823995 0.9139657544271251 0.9123567460718509 0.9107477377165766 0.9091387293613022 0.9075297210060279 0.9059207126507537 0.9043117042954794 0.902702695940205 0.9010936875849307 0.8994846792296565 0.8978756708743821 0.896266662519105 0.8946576541638308 0.8930486458085565 0.8914396374532821 0.8898306290980078 0.8882216207427336 0.8872279251475654 0.8868920128122291 0.8865561004768928 0.8862201881415565 0.8858842758062202 0.8855483634708838 0.8852124511355476 0.8848765388002107 0.8845406264648743 0.884204714129538 0.8838688017942017 0.8835328894588654 0.8831969771235291 0.8828610647881928
0.9365515458116036 0.9349352437990238 0.9333189417864439 0.9317026397738641 0.9300863377612844 0.9284700357487046 0.9268537337361248 0.9252374317235449 0.9236211297109651 0.9220048276983853 0.9203885256858055 0.918772223673223 0.9171559216606432 0.9155396196480633 0.9139233176354835 0.9123070156229037 0.9106907136103239 0.9090744115977442 0.9074581095851644 0.9058418075725845 0.9042255055600047 0.9026092035474249 0.9009929015348451 0.8993765995222653 0.8977602975096828 0.8961439954971029 0.8945276934845231 0.8929113914719433 0.8912950894593635 0.8896787874467837 0.8886852706278928 0.8883575252693712 0.8880297799108495 0.8877020345523279 0.8873742891938062 0.8870465438352847 0.886718798476763 0.8863910531182408 0.8860633077597192 0.8857355624011976 0.8854078170426759 0.8850800716841543 0.8847523263256326 0.884424580967111
0.9373671651532395 0.9357738217481952 0.934180478343151 0.9325871349381067 0.9309937915330625 0.9294004481280183 0.927807104722974 0.9262137613179298 0.9246204179128854 0.9230270745078412 0.9214337311027969 0.91984038769775 0.9182470442927058 0.9166537008876615 0.9150603574826172 0.9134670140775729 0.9118736706725287 0.9102803272674844 0.9086869838624402 0.9070936404573959 0.9055002970523517 0.9039069536473074 0.9023136102422632 0.900720266837219 0.8991269234321719 0.8975335800271277 0.8959402366220834 0.8943468932170392 0.892753549811995 0.8911602064069507 0.8901860575127634 0.8898738415577713 0.8895616256027793 0.8892494096477872 0.8889371936927952 0.8886249777378031 0.8883127617828112 0.8880005458278185 0.8876883298728265 0.8873761139178344 0.8870638979628425 0.8867516820078504 0.8864394660528584 0.8861272500978663
