Figures/CREST_Example_wjb_NSE/PETs/wjb.pet.20091122.asc
ncols            288
nrows            254
xllcorner        113.274861
yllcorner        31.4918055
cellsize         0.008333333333
NODATA_value     -9999
[rows 228 to 246 of 254, columns 176 to 219 of 288]
0.9746473868700116 0.9746342852498532 0.9746211836296949 0.9746080820095364 0.9745949803893781 0.9745818787692198 0.9745687771490613 0.974555675528903 0.9745425739087445 0.9745294722885862 0.9745163706684278 0.9745032690482694 0.974490167428111 0.9744770658079527 0.9744639641877944 0.9744508625676359 0.9743452423252593 0.9741407175823489 0.9739361928394383 0.9737316680965276 0.973527143353617 0.9733226186107066 0.9731180938677961 0.9729135691248856 0.9727090443819751 0.9725045196390647 0.9722999948961542 0.9720954701532437 0.9718909454103332 0.9716864206674227 0.9714818959245123 0.9712773711816017 0.971072846438691 0.9708683216957804 0.97066379695287 0.9704592722099595 0.970254747467049 0.9700502227241385 0.9698456979812281 0.9696411732383176 0.9694366484954071 0.9692321237524967 0.9690275990095861 0.9688230742666757
0.9755816933355995 0.9755766721208833 0.975571650906167 0.9755666296914508 0.9755616084767346 0.9755565872620183 0.9755515660473021 0.9755465448325858 0.9755415236178696 0.9755365024031534 0.9755314811884372 0.975526459973721 0.9755214387590048 0.9755164175442885 0.9755113963295723 0.975506375114856 0.9754149740904292 0.9752312310949397 0.9750474880994502 0.9748637451039605 0.9746800021084709 0.9744962591129814 0.9743125161174919 0.9741287731220024 0.9739450301265129 0.9737612871310234 0.9735775441355339 0.9733938011400444 0.9732100581445549 0.9730263151490653 0.9728425721535758 0.9726588291580863 0.9724750861625965 0.972291343167107 0.9721076001716176 0.9719238571761281 0.9717401141806385 0.971556371185149 0.9713726281896595 0.97118888519417 0.9710051421986805 0.970821399203191 0.9706376562077015 0.970453913212212
0.9765159998011878 0.9765190589919137 0.9765221181826397 0.9765251773733655 0.9765282365640915 0.9765312957548173 0.9765343549455433 0.9765374141362693 0.9765404733269951 0.9765435325177211 0.976546591708447 0.9765496508991729 0.9765527100898989 0.9765557692806247 0.9765588284713507 0.9765618876620766 0.9764847058555997 0.9763217446075311 0.9761587833594626 0.9759958221113938 0.9758328608633252 0.9756698996152567 0.9755069383671882 0.9753439771191197 0.9751810158710512 0.9750180546229826 0.9748550933749142 0.9746921321268456 0.9745291708787771 0.9743662096307085 0.97420324838264 0.9740402871345716 0.9738773258865028 0.9737143646384342 0.9735514033903657 0.9733884421422971 0.9732254808942287 0.9730625196461602 0.9728995583980916 0.9727365971500231 0.9725736359019546 0.9724106746538861 0.9722477134058175 0.972084752157749
0.9774503062667756 0.9774614458629437 0.9774725854591119 0.9774837250552799 0.977494864651448 0.977506004247616 0.9775171438437841 0.9775282834399521 0.9775394230361203 0.9775505626322883 0.9775617022284564 0.9775728418246244 0.9775839814207925 0.9775951210169606 0.9776062606131286 0.9776174002092968 0.9775544376207695 0.977412258120122 0.9772700786194745 0.9771278991188267 0.976985719618179 0.9768435401175315 0.976701360616884 0.9765591811162364 0.9764170016155889 0.9762748221149413 0.9761326426142938 0.9759904631136462 0.9758482836129987 0.9757061041123511 0.9755639246117036 0.9754217451110561 0.9752795656104083 0.9751373861097608 0.9749952066091132 0.9748530271084657 0.9747108476078181 0.9745686681071706 0.974426488606523 0.9742843091058755 0.974142129605228 0.9739999501045804 0.9738577706039329 0.9737155911032853
0.9783846127323635 0.9784038327339737 0.9784230527355839 0.9784422727371942 0.9784614927388043 0.9784807127404146 0.9784999327420248 0.9785191527436351 0.9785383727452454 0.9785575927468555 0.9785768127484658 0.978596032750076 0.9786152527516861 0.9786344727532964 0.9786536927549067 0.9786729127565168 0.9786241693859394 0.9785027716327128 0.9783813738794863 0.9782599761262595 0.978138578373033 0.9780171806198064 0.9778957828665799 0.9777743851133532 0.9776529873601266 0.9775315896069001 0.9774101918536735 0.977288794100447 0.9771673963472204 0.9770459985939938 0.9769246008407673 0.9768032030875407 0.9766818053343139 0.9765604075810873 0.9764390098278608 0.9763176120746342 0.9761962143214076 0.9760748165681811 0.9759534188149545 0.975832021061728 0.9757106233085013 0.9755892255552748 0.9754678278020482 0.9753464300488216
0.9793189191979518 0.9793462196050041 0.9793735200120566 0.9794008204191089 0.9794281208261613 0.9794554212332136 0.9794827216402661 0.9795100220473184 0.9795373224543708 0.9795646228614232 0.9795919232684756 0.9796192236755279 0.9796465240825802 0.9796738244896327 0.979701124896685 0.9797284253037374 0.9796939011511098 0.9795932851453042 0.9794926691394986 0.9793920531336928 0.9792914371278872 0.9791908211220817 0.9790902051162761 0.9789895891104705 0.9788889731046649 0.9787883570988594 0.9786877410930538 0.9785871250872482 0.9784865090814426 0.9783858930756371 0.9782852770698315 0.9781846610640259 0.9780840450582201 0.9779834290524145 0.977882813046609 0.9777821970408034 0.9776815810349978 0.9775809650291922 0.9774803490233867 0.9773797330175811 0.9772791170117755 0.9771785010059698 0.9770778850001642 0.9769772689943587
0.9802532256635398 0.9802886064760342 0.9803239872885288 0.9803593681010233 0.9803947489135179 0.9804301297260124 0.980465510538507 0.9805008913510015 0.9805362721634959 0.9805716529759905 0.980607033788485 0.9806424146009796 0.9806777954134741 0.9807131762259685 0.9807485570384631 0.9807839378509576 0.9807636329162798 0.9806837986578952 0.9806039643995106 0.9805241301411258 0.9804442958827412 0.9803644616243566 0.980284627365972 0.9802047931075873 0.9801249588492028 0.9800451245908182 0.9799652903324335 0.979885456074049 0.9798056218156643 0.9797257875572797 0.9796459532988951 0.9795661190405105 0.9794862847821257 0.9794064505237411 0.9793266162653566 0.9792467820069719 0.9791669477485873 0.9790871134902027 0.9790072792318181 0.9789274449734334 0.9788476107150489 0.9787677764566642 0.9786879421982796 0.9786081079398951
0.9811875321291277 0.9812309933470643 0.981274454565001 0.9813179157829377 0.9813613770008743 0.981404838218811 0.9814482994367477 0.9814917606546844 0.9815352218726211 0.9815786830905577 0.9816221443084944 0.9816656055264311 0.9817090667443678 0.9817525279623044 0.981795989180241 0.9818394503981778 0.9818333646814498 0.981774312170486 0.9817152596595224 0.9816562071485587 0.9815971546375951 0.9815381021266314 0.9814790496156678 0.9814199971047042 0.9813609445937406 0.9813018920827768 0.9812428395718132 0.9811837870608496 0.981124734549886 0.9810656820389223 0.9810066295279587 0.9809475770169951 0.9808885245060314 0.9808294719950676 0.980770419484104 0.9807113669731404 0.9806523144621768 0.9805932619512131 0.9805342094402495 0.9804751569292859 0.9804161044183223 0.9803570519073586 0.980297999396395 0.9802389468854313
0.9821218385947159 0.9821733802180947 0.9822249218414736 0.9822764634648524 0.9823280050882311 0.98237954671161 0.9824310883349889 0.9824826299583678 0.9825341715817466 0.9825857132051253 0.9826372548285042 0.982688796451883 0.9827403380752618 0.9827918796986407 0.9828434213220195 0.9828949629453982 0.9829030964466201 0.9828648256830774 0.9828265549195347 0.9827882841559921 0.9827500133924494 0.9827117426289068 0.9826734718653641 0.9826352011018215 0.9825969303382788 0.9825586595747362 0.9825203888111935 0.9824821180476508 0.9824438472841082 0.9824055765205656 0.9823673057570229 0.9823290349934802 0.9822907642299376 0.9822524934663949 0.9822142227028522 0.9821759519393096 0.9821376811757669 0.9820994104122243 0.9820611396486816 0.982022868885139 0.9819845981215963 0.9819463273580536 0.9819080565945111 0.9818697858309684
0.9830561450603038 0.9831157670891247 0.9831753891179457 0.9832350111467667 0.9832946331755876 0.9833542552044087 0.9834138772332297 0.9834734992620506 0.9835331212908717 0.9835927433196926 0.9836523653485135 0.9837119873773346 0.9837716094061555 0.9838312314349765 0.9838908534637975 0.9839504754926184 0.98397282821179 0.9839553391956684 0.9839378501795466 0.983920361163425 0.9839028721473032 0.9838853831311816 0.9838678941150599 0.9838504050989383 0.9838329160828165 0.9838154270666949 0.9837979380505733 0.9837804490344515 0.9837629600183299 0.9837454710022082 0.9837279819860865 0.9837104929699648 0.9836930039538431 0.9836755149377214 0.9836580259215998 0.9836405369054781 0.9836230478893564 0.9836055588732348 0.9835880698571131 0.9835705808409914 0.9835530918248697 0.9835356028087481 0.9835181137926263 0.9835006247765047
-9999.0 0.9837632655253588 0.9838441549201155 0.983925044314872 0.9840059337096286 0.9840868231043853 0.9841677124991421 0.9842486018938987 0.9843294912886553 0.984410380683412 0.9844912700781686 0.9845721594729253 0.9846530488676819 0.9847339382624386 0.9848148276571952 0.9848957170519518 0.9849350836766336 0.984930061520586 0.9849250393645383 0.9849200172084908 0.9849149950524431 0.9849099728963955 0.9849049507403479 0.9848999285843002 0.9848949064282526 0.984889884272205 0.9848848621161573 0.9848798399601097 0.984874817804062 0.9848697956480145 0.9848647734919669 0.9848597513359192 0.9848547291798716 0.9848497070238239 0.9848446848677763 0.9848396627117287 0.984834640555681 0.9848296183996335 0.9848245962435858 0.9848195740875382 0.9848145519314906 0.9848095297754429 0.9848045076193953 0.9847994854633477
-9999.0 -9999.0 -9999.0 -9999.0 -9999.0 -9999.0 -9999.0 0.9847930635517228 0.9849093163421068 0.9850255691324907 0.9851418219228747 0.9852580747132587 0.9853743275036425 0.9854905802940265 0.9856068330844104 0.9857230858747944 0.9857824537498602 0.9857810103633382 0.9857795669768162 0.9857781235902942 0.9857766802037722 0.9857752368172502 0.9857737934307282 0.9857723500442062 0.9857709066576842 0.9857694632711622 0.9857680198846402 0.9857665764981183 0.9857651331115962 0.9857636897250742 0.9857622463385523 0.9857608029520303 0.9857593595655083 0.9857579161789862 0.9857564727924643 0.9857550294059423 0.9857535860194203 0.9857521426328982 0.9857506992463763 0.9857492558598543 0.9857478124733323 0.9857463690868103 0.9857449257002883 0.9857434823137663
-9999.0 -9999.0 -9999.0 -9999.0 -9999.0 -9999.0 -9999.0 -9999.0 0.9854891413955579 0.9856407575815691 0.9857923737675803 0.9859439899535916 0.9860956061396028 0.986247222325614 0.9863988385116252 0.9865504546976365 0.9866298238230863 0.9866319592060899 0.9866340945890936 0.9866362299720972 0.9866383653551009 0.9866405007381045 0.9866426361211081 0.9866447715041118 0.9866469068871154 0.9866490422701191 0.9866511776531226 0.9866533130361262 0.9866554484191299 0.9866575838021335 0.9866597191851372 0.9866618545681408 0.9866639899511445 0.9866661253341481 0.9866682607171517 0.9866703961001554 0.986672531483159 0.9866746668661627 0.9866768022491663 0.98667893763217 0.9866810730151736 0.9866832083981772 0.9866853437811809 0.9866874791641845
-9999.0 -9999.0 -9999.0 -9999.0 -9999.0 -9999.0 -9999.0 -9999.0 -9999.0 0.9862559460306475 0.986442925612286 0.9866299051939246 0.9868168847755631 0.9870038643572016 0.98719084393884 0.9873778235204786 0.9874771938963124 0.9874829080488416 0.9874886222013709 0.9874943363539002 0.9875000505064294 0.9875057646589587 0.987511478811488 0.9875171929640173 0.9875229071165466 0.9875286212690758 0.9875343354216051 0.9875400495741343 0.9875457637266636 0.987551477879193 0.9875571920317222 0.9875629061842515 0.9875686203367807 0.98757433448931 0.9875800486418392 0.9875857627943685 0.9875914769468979 0.9875971910994271 0.9876029052519564 0.9876086194044856 0.9876143335570149 0.9876200477095441 0.9876257618620734 0.9876314760146028
-9999.0 -9999.0 -9999.0 -9999.0 -9999.0 -9999.0 -9999.0 -9999.0 -9999.0 0.9868711344797259 0.9870934774569916 0.9873158204342575 0.9875381634115233 0.9877605063887891 0.987982849366055 0.9882051923433207 0.9883245639695385 0.9883338568915934 0.9883431498136482 0.9883524427357032 0.9883617356577581 0.988371028579813 0.9883803215018679 0.9883896144239228 0.9883989073459777 0.9884082002680327 0.9884174931900875 0.9884267861121424 0.9884360790341973 0.9884453719562523 0.9884546648783071 0.988463957800362 0.988473250722417 0.9884825436444719 0.9884918365665267 0.9885011294885817 0.9885104224106366 0.9885197153326915 0.9885290082547464 0.9885383011768013 0.9885475940988562 0.9885568870209112 0.988566179942966 0.9885754728650209
-9999.0 -9999.0 -9999.0 -9999.0 -9999.0 -9999.0 -9999.0 -9999.0 -9999.0 0.9874863229288044 0.9877440293016976 0.9880017356745907 0.9882594420474838 0.988517148420377 0.9887748547932701 0.9890325611661632 0.9891719340427648 0.9891848057343454 0.989197677425926 0.9892105491175065 0.9892234208090871 0.9892362925006676 0.9892491641922482 0.9892620358838287 0.9892749075754093 0.9892877792669897 0.9893006509585703 0.9893135226501508 0.9893263943417314 0.9893392660333119 0.9893521377248925 0.989365009416473 0.9893778811080536 0.9893907527996342 0.9894036244912147 0.9894164961827953 0.9894293678743757 0.9894422395659563 0.9894551112575368 -9999.0 -9999.0 -9999.0 -9999.0 0.9895194697154396
-9999.0 -9999.0 -9999.0 -9999.0 -9999.0 -9999.0 -9999.0 -9999.0 -9999.0 -9999.0 -9999.0 0.9886876509149237 0.9889807206834441 0.9892737904519645 0.9895668602204849 0.9898599299890053 0.9900193041159909 0.9900357545770971 0.9900522050382033 0.9900686554993096 0.9900851059604157 0.9901015564215219 0.9901180068826281 0.9901344573437342 0.9901509078048404 0.9901673582659466 0.9901838087270528 0.9902002591881589 0.9902167096492651 0.9902331601103713 0.9902496105714774 0.9902660610325836 0.9902825114936898 0.990298961954796 0.9903154124159022 0.9903318628770084 0.9903483133381146 0.9903647637992207 0.9903812142603269 -9999.0 -9999.0 -9999.0 -9999.0 -9999.0
-9999.0 -9999.0 -9999.0 -9999.0 -9999.0 -9999.0 -9999.0 -9999.0 -9999.0 -9999.0 -9999.0 -9999.0 0.9897019993194043 0.990030432483552 0.9903588656476997 0.9906872988118474 0.990866674189217 0.9908867034198489 0.9909067326504807 0.9909267618811125 0.9909467911117443 0.9909668203423762 0.990986849573008 0.9910068788036398 0.9910269080342716 0.9910469372649034 0.9910669664955353 0.991086995726167 0.9911070249567988 0.9911270541874306 0.9911470834180625 0.9911671126486943 0.9911871418793261 0.9912071711099579 0.9912272003405898 0.9912472295712216 0.9912672588018534 0.9912872880324852 -9999.0 -9999.0 -9999.0 -9999.0 -9999.0 -9999.0
-9999.0 -9999.0 -9999.0 -9999.0 -9999.0 -9999.0 -9999.0 -9999.0 -9999.0 -9999.0 -9999.0 -9999.0 0.990423277955365 0.9907870745151399 0.991150871074915 0.99151466763469 0.9917140442624436 0.991737652262601 0.9917612602627585 0.991784868262916 0.9918084762630734 0.9918320842632309 0.9918556922633883 0.9918793002635458 0.9919029082637032 0.9919265162638606 0.9919501242640181 0.9919737322641755 0.991997340264333 0.9920209482644904 0.9920445562646478 0.9920681642648053 0.9920917722649627 0.9921153802651201 0.9921389882652776 0.9921625962654351 -9999.0 -9999.0 -9999.0 -9999.0 -9999.0 -9999.0 -9999.0 -9999.0
