Figures/CREST_Example_wjb_NSE/PETs/wjb.pet.20090815.asc
ncols            288
nrows            254
xllcorner        113.274861
yllcorner        31.4918055
cellsize         0.008333333333
NODATA_value     -9999
[rows 120 to 139 of 254, columns 44 to 87 of 288]
3.8772823792652966 3.8752471089093397 3.8732118385533827 3.8711765681974253 3.8691412978414683 3.8671060274855114 3.865070757129554 3.863035486773597 3.8610002164176365 3.858964946061679 3.856929675705722 3.854894405349765 3.8528591349938077 3.8508238646378508 3.8487885942818933 3.8467533239259364 3.8447180535699794 3.842682783214022 3.840647512858065 3.8386122425021076 3.8365769721461507 3.83454170179019 3.832506431434233 3.830471161078276 3.828435890722319 3.8264006203663614 3.8243653500104045 3.8223300796544475 3.820177587276387 3.8178997819067693 3.8156219765371517 3.813344171167534 3.811066365797917 3.8087885604282996 3.8065107550586785 3.804232949689061 3.8019551443194435 3.7996773389498264 3.797399533580209 3.7951217282105913 3.792843922840974 3.7905661174713567 3.788288312101739 3.7860105067321217
3.8767706608320243 3.8747773576259363 3.8727840544198484 3.8707907512137605 3.8687974480076726 3.8668041448015846 3.8648108415954967 3.862817538389409 3.8608242351833173 3.8588309319772294 3.8568376287711414 3.854844325565054 3.852851022358966 3.850857719152878 3.84886441594679 3.8468711127407023 3.8448778095346143 3.8428845063285264 3.8408912031224385 3.8388978999163506 3.8369045967102626 3.834911293504171 3.832917990298083 3.8309246870919953 3.8289313838859074 3.8269380806798194 3.8249447774737315 3.8229514742676436 3.8208538089073096 3.8186445780448692 3.8164353471824293 3.814226116319989 3.812016885457549 3.8098076545951085 3.8075984237326645 3.805389192870224 3.803179962007784 3.800970731145344 3.798761500282904 3.7965522694204634 3.794343038558023 3.792133807695583 3.7899245768331427 3.7877153459707027
3.8762589423987515 3.874307606342533 3.872356270286314 3.8704049342300957 3.868453598173877 3.8665022621176584 3.8645509260614395 3.862599590005221 3.860648253948999 3.85869691789278 3.8567455818365617 3.854794245780343 3.852842909724124 3.8508915736679055 3.8489402376116866 3.846988901555468 3.8450375654992492 3.843086229443031 3.841134893386812 3.8391835573305935 3.8372322212743746 3.8352808852181526 3.833329549161934 3.8313782131057152 3.829426877049497 3.827475540993278 3.8255242049370595 3.8235728688808406 3.8215300305382334 3.81938937418297 3.8172487178277072 3.815108061472444 3.812967405117181 3.810826748761918 3.808686092406651 3.806545436051388 3.804404779696125 3.802264123340862 3.8001234669855988 3.797982810630336 3.7958421542750727 3.79370149791981 3.7915608415645465 3.7894201852092837
3.8757472239654787 3.8738378550591293 3.87192848615278 3.8700191172464304 3.868109748340081 3.8662003794337316 3.864291010527382 3.8623816416210324 3.86047227271468 3.8585629038083304 3.856653534901981 3.8547441659956316 3.8528347970892822 3.850925428182933 3.8490160592765834 3.847106690370234 3.8451973214638846 3.843287952557535 3.841378583651186 3.839469214744836 3.8375598458384865 3.835650476932134 3.8337411080257846 3.831831739119435 3.829922370213086 3.8280130013067364 3.826103632400387 3.8241942634940376 3.8222062521691567 3.820134170321071 3.818062088472985 3.815990006624899 3.813917924776813 3.811845842928727 3.809773761080638 3.8077016792325518 3.805629597384466 3.8035575155363803 3.801485433688294 3.7994133518402085 3.7973412699921223 3.7952691881440366 3.793197106295951 3.7911250244478647
3.8752355055322054 3.873368103775725 3.871500702019245 3.8696333002627648 3.8677658985062844 3.8658984967498045 3.864031094993324 3.862163693236844 3.8602962914803607 3.8584288897238808 3.8565614879674004 3.8546940862109205 3.85282668445444 3.85095928269796 3.84909188094148 3.847224479185 3.8453570774285195 3.8434896756720396 3.841622273915559 3.8397548721590793 3.837887470402599 3.8360200686461154 3.8341526668896355 3.832285265133155 3.8304178633766752 3.828550461620195 3.826683059863715 3.8248156581072346 3.822882473800081 3.820878966459172 3.818875459118263 3.8168719517773546 3.814868444436446 3.8128649370955374 3.8108614297546253 3.8088579224137167 3.806854415072808 3.8048509077318995 3.8028474003909905 3.800843893050082 3.7988403857091733 3.7968368783682647 3.794833371027356 3.7928298636864475
3.8747237870989326 3.8728983524923217 3.871072917885711 3.8692474832791 3.867422048672489 3.865596614065878 3.8637711794592673 3.8619457448526564 3.860120310246042 3.858294875639431 3.85646944103282 3.8546440064262093 3.8528185718195984 3.8509931372129875 3.8491677026063766 3.8473422679997658 3.845516833393155 3.843691398786544 3.841865964179933 3.840040529573322 3.8382150949667113 3.836389660360097 3.834564225753486 3.832738791146875 3.830913356540264 3.8290879219336533 3.8272624873270424 3.8254370527204316 3.823558695431004 3.8216237625972727 3.819688829763541 3.8177538969298097 3.8158189640960782 3.8138840312623468 3.8119490984286117 3.8100141655948803 3.808079232761149 3.8061442999274173 3.804209367093686 3.8022744342599544 3.800339501426223 3.7984045685924914 3.79646963575876 3.7945347029250285
3.87421206866566 3.8724286012089184 3.8706451337521766 3.8688616662954347 3.8670781988386933 3.8652947313819515 3.8635112639252096 3.861727796468468 3.8599443290117232 3.858160861554982 3.85637739409824 3.854593926641498 3.8528104591847567 3.851026991728015 3.849243524271273 3.8474600568145316 3.8456765893577898 3.843893121901048 3.8421096544443065 3.8403261869875647 3.838542719530823 3.8367592520740783 3.8349757846173365 3.8331923171605946 3.831408849703853 3.8296253822471114 3.8278419147903695 3.826058447333628 3.8242349170619274 3.822368558735373 3.8205022004088187 3.8186358420822644 3.81676948375571 3.8149031254291557 3.813036767102598 3.811170408776044 3.8093040504494895 3.807437692122935 3.805571333796381 3.8037049754698264 3.801838617143272 3.799972258816718 3.798105900490164 3.7962395421636095
3.873700350232387 3.8719588499255146 3.8702173496186423 3.8684758493117695 3.866734349004897 3.8649928486980247 3.8632513483911524 3.86150984808428 3.8597683477774045 3.858026847470532 3.8562853471636593 3.854543846856787 3.8528023465499146 3.8510608462430422 3.84931934593617 3.847577845629297 3.8458363453224247 3.8440948450155523 3.84235334470868 3.8406118444018076 3.8388703440949348 3.8371288437880597 3.835387343481187 3.8336458431743146 3.831904342867442 3.83016284256057 3.8284213422536975 3.8266798419468246 3.8249111386928507 3.8231133548734735 3.8213155710540962 3.8195177872347195 3.8177200034153422 3.815922219595965 3.8141244357765847 3.812326651957208 3.8105288681378306 3.8087310843184534 3.806933300499076 3.805135516679699 3.8033377328603217 3.801539949040945 3.7997421652215677 3.7979443814021905
3.873188631799114 3.8714890986421113 3.869789565485108 3.8680900323281047 3.8663904991711013 3.8646909660140984 3.862991432857095 3.861291899700092 3.859592366543086 3.8578928333860825 3.856193300229079 3.8544937670720762 3.852794233915073 3.8510947007580696 3.8493951676010663 3.8476956344440634 3.84599610128706 3.8442965681300567 3.8425970349730534 3.8408975018160505 3.839197968659047 3.837498435502041 3.835798902345038 3.8340993691880345 3.832399836031031 3.8307003028740283 3.829000769717025 3.8273012365600216 3.8255873603237744 3.8238581510115743 3.8221289416993742 3.820399732387174 3.8186705230749745 3.8169413137627743 3.815212104450571 3.8134828951383715 3.8117536858261714 3.8100244765139712 3.8082952672017716 3.8065660578895715 3.8048368485773714 3.8031076392651713 3.8013784299529716 3.7996492206407715
3.8726769133658414 3.8710193473587076 3.8693617813515733 3.8677042153444394 3.8660466493373056 3.8643890833301717 3.8627315173230374 3.8610739513159036 3.8594163853087666 3.857758819301633 3.856101253294499 3.854443687287365 3.852786121280231 3.851128555273097 3.849470989265963 3.847813423258829 3.846155857251695 3.844498291244561 3.8428407252374273 3.841183159230293 3.839525593223159 3.837868027216022 3.8362104612088883 3.8345528952017545 3.8328953291946206 3.8312377631874863 3.8295801971803525 3.8279226311732186 3.8262635819546977 3.8246029471496747 3.822942312344652 3.821281677539629 3.8196210427346062 3.8179604079295837 3.816299773124558 3.814639138319535 3.8129785035145125 3.8113178687094895 3.8096572339044665 3.807996599099444 3.806335964294421 3.804675329489398 3.8030146946843755 3.8013540598793525
3.8721651949325686 3.870549596075304 3.8689339972180394 3.8673183983607746 3.86570279950351 3.864087200646245 3.86247160178898 3.8608560029317154 3.859240404074448 3.857624805217183 3.8560092063599183 3.854393607502654 3.852778008645389 3.8511624097881243 3.8495468109308595 3.8479312120735947 3.84631561321633 3.844700014359065 3.8430844155018002 3.841468816644536 3.839853217787271 3.8382376189300036 3.836622020072739 3.835006421215474 3.833390822358209 3.8317752235009443 3.8301596246436795 3.8285440257864147 3.826939803585621 3.825347743287775 3.8237556829899297 3.822163622692084 3.8205715623942385 3.8189795020963926 3.817387441798544 3.8157953815006986 3.8142033212028528 3.8126112609050073 3.8110192006071615 3.809427140309316 3.80783508001147 3.8062430197136248 3.804650959415779 3.8030588991179335
3.8716534764992954 3.8700798447919 3.8685062130845043 3.866932581377109 3.8653589496697136 3.863785317962318 3.8622116862549225 3.860638054547527 3.8590644228401287 3.8574907911327334 3.855917159425338 3.8543435277179423 3.852769896010547 3.8511962643031517 3.849622632595756 3.8480490008883605 3.846475369180965 3.8449017374735694 3.843328105766174 3.841754474058779 3.840180842351383 3.838607210643985 3.8370335789365897 3.835459947229194 3.8338863155217986 3.8323126838144033 3.8307390521070075 3.829165420399612 3.8276160252165448 3.8260925394258765 3.824569053635208 3.8230455678445394 3.821522082053871 3.819998596263203 3.818475110472532 3.816951624681863 3.815428138891195 3.8139046531005265 3.812381167309858 3.8108576815191895 3.809334195728521 3.807810709937853 3.8062872241471846 3.804763738356516
3.8711417580660226 3.8696100935084967 3.8680784289509704 3.866546764393444 3.865015099835918 3.8634834352783916 3.8619517707208653 3.860420106163339 3.85888844160581 3.857356777048284 3.855825112490758 3.8542934479332316 3.8527617833757053 3.851230118818179 3.8496984542606527 3.8481667897031264 3.8466351251456 3.845103460588074 3.843571796030548 3.8420401314730217 3.8405084669154954 3.8389768023579665 3.83744513780044 3.835913473242914 3.8343818086853876 3.8328501441278617 3.8313184795703354 3.829786815012809 3.8282922468474685 3.826837335563977 3.8253824242804857 3.8239275129969945 3.8224726017135033 3.821017690430012 3.8195627791465183 3.818107867863027 3.816652956579536 3.815198045296045 3.813743134012553 3.812288222729062 3.810833311445571 3.8093784001620796 3.8079234888785884 3.8064685775950973
3.8706300396327498 3.869140342225093 3.8676506448174357 3.866160947409779 3.8646712500021216 3.863181552594465 3.861691855186808 3.8602021577791508 3.8587124603714913 3.8572227629638345 3.8557330655561772 3.8542433681485204 3.852753670740863 3.8512639733332064 3.849774275925549 3.8482845785178923 3.8467948811102355 3.8453051837025782 3.8438154862949214 3.842325788887264 3.8408360914796074 3.839346394071948 3.8378566966642906 3.836366999256634 3.834877301848977 3.8333876044413198 3.831897907033663 3.8304082096260057 3.828968468478392 3.8275821317020777 3.8261957949257637 3.8248094581494496 3.8234231213731356 3.8220367845968215 3.820650447820505 3.8192641110441907 3.8178777742678767 3.8164914374915626 3.8151051007152486 3.8137187639389345 3.8123324271626204 3.8109460903863064 3.8095597536099923 3.8081734168336783
3.870118321199477 3.868670590941689 3.867222860683902 3.865775130426114 3.8643274001683263 3.8628796699105385 3.8614319396527508 3.859984209394963 3.8585364791371726 3.857088748879385 3.855641018621597 3.8541932883638093 3.8527455581060215 3.8512978278482337 3.849850097590446 3.848402367332658 3.8469546370748704 3.8455069068170826 3.844059176559295 3.842611446301507 3.8411637160437193 3.8397159857859293 3.8382682555281415 3.8368205252703538 3.835372795012566 3.8339250647547782 3.8324773344969905 3.8310296042392027 3.8296446901093155 3.8283269278401786 3.8270091655710416 3.8256914033019047 3.824373641032768 3.823055878763631 3.8217381164944917 3.8204203542253548 3.819102591956218 3.817784829687081 3.816467067417944 3.815149305148807 3.81383154287967 3.812513780610533 3.811196018341396 3.8098782560722593
3.869606602766204 3.8682008396582854 3.866795076550367 3.8653893134424484 3.86398355033453 3.8625777872266114 3.861172024118693 3.8597662610107744 3.8583604979028534 3.856954734794935 3.8555489716870164 3.854143208579098 3.8527374454711794 3.851331682363261 3.8499259192553423 3.848520156147424 3.8471143930395053 3.8457086299315866 3.8443028668236683 3.8428971037157496 3.8414913406078313 3.8400855774999103 3.8386798143919916 3.8372740512840733 3.8358682881761546 3.8344625250682363 3.8330567619603175 3.8316509988523992 3.8303209117402384 3.8290717239782786 3.8278225362163187 3.826573348454359 3.8253241606923996 3.8240749729304397 3.8228257851684777 3.821576597406518 3.820327409644558 3.8190782218825987 3.817829034120639 3.816579846358679 3.8153306585967193 3.8140814708347595 3.8128322830727996 3.8115830953108403
3.8690948843329314 3.867731088374882 3.866367292416833 3.8650034964587836 3.8636397005007344 3.862275904542685 3.860912108584636 3.8595483126265866 3.8581845166685347 3.8568207207104854 3.855456924752436 3.854093128794387 3.8527293328363377 3.8513655368782884 3.850001740920239 3.84863794496219 3.8472741490041407 3.8459103530460914 3.8445465570880417 3.8431827611299925 3.841818965171943 3.8404551692138917 3.8390913732558425 3.8377275772977932 3.836363781339744 3.8349999853816947 3.8336361894236455 3.832272393465596 3.830997133371162 3.8298165201163794 3.8286359068615967 3.827455293606814 3.8262746803520318 3.825094067097249 3.8239134538424646 3.822732840587682 3.8215522273328992 3.8203716140781165 3.8191910008233343 3.8180103875685516 3.816829774313769 3.815649161058986 3.814468547804204 3.8132879345494213
3.868583165899658 3.8672613370914783 3.865939508283298 3.864617679475118 3.863295850666938 3.861974021858758 3.860652193050578 3.859330364242398 3.858008535434216 3.8566867066260357 3.8553648778178555 3.8540430490096758 3.8527212202014955 3.8513993913933158 3.8500775625851356 3.848755733776956 3.8474339049687756 3.846112076160596 3.8447902473524156 3.843468418544236 3.8421465897360556 3.840824760927873 3.8395029321196934 3.838181103311513 3.8368592745033334 3.835537445695153 3.8342156168869734 3.832893788078793 3.831673355002086 3.8305613162544807 3.829449277506875 3.82833723875927 3.8272252000116644 3.8261131612640593 3.825001122516452 3.8238890837688464 3.8227770450212413 3.8216650062736357 3.8205529675260306 3.819440928778425 3.81832889003082 3.8172168512832143 3.816104812535609 3.8149927737880036
3.8680714474663858 3.8667915858080746 3.865511724149764 3.864231862491453 3.8629520008331424 3.8616721391748317 3.860392277516521 3.85911241585821 3.8578325541998972 3.8565526925415865 3.8552728308832758 3.8539929692249646 3.852713107566654 3.851433245908343 3.8501533842500324 3.8488735225917217 3.847593660933411 3.8463137992751 3.8450339376167895 3.8437540759584787 3.8424742143001676 3.8411943526418546 3.839914490983544 3.838634629325233 3.8373547676669224 3.8360749060086117 3.834795044350301 3.83351518269199 3.8323495766330096 3.831306112392581 3.830262648152153 3.8292191839117247 3.8281757196712967 3.8271322554308687 3.8260887911904384 3.8250453269500104 3.824001862709582 3.822958398469154 3.821914934228726 3.8208714699882975 3.8198280057478695 3.818784541507441 3.817741077267013 3.8166976130265846
3.8675597290331125 3.866321834524671 3.8650839400162296 3.863846045507788 3.8626081509993466 3.861370256490905 3.8601323619824632 3.858894467474022 3.857656572965578 3.856418678457137 3.855180783948695 3.8539428894402534 3.852704994931812 3.8514671004233705 3.850229205914929 3.8489913114064875 3.847753416898046 3.8465155223896046 3.845277627881163 3.844039733372721 3.84280183886428 3.841563944355836 3.840326049847395 3.839088155338953 3.8378502608305114 3.83661236632207 3.8353744718136284 3.8341365773051868 3.833025798263933 3.832050908530682 3.8310760187974306 3.8301011290641798 3.829126239330929 3.828151349597678 3.8271764598644253 3.826201570131174 3.825226680397923 3.8242517906646722 3.823276900931421 3.82230201119817 3.821327121464919 3.820352231731668 3.819377341998417 3.818402452265166
