Figures/CREST_Example_wjb_NSE/PETs/wjb.pet.20100206.asc
ncols            288
nrows            254
xllcorner        113.274861
yllcorner        31.4918055
cellsize         0.008333333333
NODATA_value     -9999
[rows 19 to 37 of 254, columns 88 to 131 of 288]
0.3528285903750447 0.3517884645434256 0.3507483387118065 0.3497082128801856 0.3486680870485665 0.3476279612169474 0.34658783538532834 0.3455477095537092 0.3445075837220901 0.343467457890471 0.3424273320588519 0.3413872062272328 0.3403470803956137 0.33930695456399457 0.3391415278880345 0.33991117438746915 0.3406808208869051 0.3414504673863398 0.34222011388577445 0.3429897603852091 0.3437594068846438 0.34452905338407847 0.34529869988351314 0.3460683463829478 0.34683799288238243 0.3476076393818171 0.3483772858812518 0.34914693238068645 0.3499165788801211 0.35068622537955707 0.35145587187899174 0.3522255183784264 0.3529951648778611 -9999.0 -9999.0 -9999.0 -9999.0 -9999.0 -9999.0 -9999.0 -9999.0 -9999.0 -9999.0 -9999.0
0.35309023666779293 0.3519097844192543 0.3507293321707157 0.34954887992217515 0.3483684276736365 0.34718797542509794 0.34600752317655936 0.3448270709280208 0.34364661867948215 0.3424661664309436 0.341285714182405 0.3401052619338664 0.3389248096853278 0.3377443574367892 0.3375316977971107 0.3383536303392533 0.33917556288139733 0.33999749542353996 0.3408194279656826 0.34164136050782523 0.34246329304996787 0.34328522559211044 0.3441071581342531 0.3449290906763957 0.34575102321853834 0.346572955760681 0.3473948883028236 0.3482168208449662 0.3490387533871088 0.34986068592925285 0.3506826184713955 0.3515045510135381 0.35232648355568075 -9999.0 -9999.0 -9999.0 -9999.0 -9999.0 -9999.0 -9999.0 -9999.0 -9999.0 -9999.0 -9999.0
0.3533518829605409 0.35203110429508294 0.35071032562962495 0.3493895469641648 0.3480687682987068 0.3467479896332489 0.34542721096779094 0.34410643230233295 0.342785653636875 0.3414648749714171 0.3401440963059591 0.33882331764050116 0.33750253897504323 0.33618176030958524 0.33592186770618837 0.3367960862910389 0.3376703048758909 0.33854452346074143 0.33941874204559197 0.3402929606304425 0.34116717921529305 0.3420413978001436 0.3429156163849941 0.34378983496984467 0.3446640535546952 0.34553827213954574 0.3464124907243963 0.34728670930924677 0.3481609278940973 0.34903514647894934 0.3499093650637999 0.3507835836486504 0.35165780223350096 -9999.0 -9999.0 -9999.0 -9999.0 -9999.0 -9999.0 -9999.0 -9999.0 -9999.0 -9999.0 -9999.0
0.35361352925328887 0.3521524241709115 0.35069131908853424 0.34923021400615445 0.3477691089237771 0.3463080038413998 0.34484689875902247 0.3433857936766452 0.34192468859426783 0.34046358351189054 0.33900247842951325 0.3375413733471359 0.3360802682647586 0.3346191631823813 0.334312037615266 0.33523854224282446 0.33616504687038445 0.3370915514979429 0.33801805612550134 0.3389445607530598 0.33987106538061823 0.3407975700081767 0.3417240746357351 0.34265057926329356 0.343577083890852 0.34450358851841045 0.34543009314596895 0.34635659777352734 0.34728310240108584 0.34820960702864584 0.3491361116562043 0.35006261628376273 0.3509891209113212 0.3519156255388796 0.35284213016643806 0.3537686347939965 -9999.0 0.3556216440491134 -9999.0 -9999.0 -9999.0 -9999.0 -9999.0 -9999.0
0.3538751755460368 0.35227374404674017 0.35067231254744347 0.3490708810481441 0.3474694495488474 0.34586801804955075 0.34426658655025405 0.3426651550509574 0.3410637235516607 0.339462292052364 0.33786086055306735 0.3362594290537707 0.334657997554474 0.3330565660551773 0.33270220752434365 0.33368099819461 0.334659788864878 0.33563857953514437 0.33661737020541077 0.3375961608756771 0.33857495154594347 0.3395537422162098 0.34053253288647617 0.3415113235567425 0.3424901142270089 0.3434689048972753 0.3444476955675416 0.345426486237808 0.3464052769080743 0.34738406757834234 0.34836285824860874 0.3493416489188751 0.35032043958914144 0.3512992302594078 0.35227802092967414 0.3532568115999405 0.3542356022702069 0.35521439294047324 0.3561931836107396 -9999.0 -9999.0 -9999.0 -9999.0 -9999.0
0.3541368218387848 0.3523950639225688 0.35065330600635275 0.34891154809013375 0.3471697901739177 0.3454280322577017 0.34368627434148563 0.3419445164252696 0.34020275850905357 0.3384610005928375 0.33671924267662146 0.33497748476040545 0.3332357268441894 0.33149396892797334 0.3310923774334213 0.33212345414639555 0.3331545308593716 0.3341856075723459 0.33521668428532014 0.3362477609982944 0.33727883771126865 0.33830991442424296 0.3393409911372172 0.3403720678501915 0.34140314456316573 0.34243422127614004 0.3434652979891143 0.34449637470208855 0.3455274514150628 0.34655852812803883 0.34758960484101314 0.3486206815539874 0.34965175826696165 0.3506828349799359 0.3517139116929102 0.3527449884058845 0.35377606511885873 0.354807141831833 0.3558382185448073 -9999.0 -9999.0 -9999.0 -9999.0 -9999.0
0.3543984681315328 0.3525163837983974 0.350634299465262 0.3487522151321234 0.346870130798988 0.34498804646585257 0.3431059621327172 0.3412238777995818 0.3393417934664464 0.33745970913331097 0.3355776248001756 0.3336955404670402 0.3318134561339048 0.32993137180076937 0.32948254734249893 0.33056591009818115 0.33164927285386514 0.33273263560954736 0.3338159983652295 0.3348993611209117 0.3359827238765939 0.33706608663227605 0.3381494493879582 0.3392328121436404 0.3403161748993226 0.34139953765500475 0.34248290041068696 0.3435662631663691 0.34464962592205134 0.34573298867773533 0.3468163514334175 0.3478997141890997 0.34898307694478187 0.3500664397004641 0.35114980245614624 0.3522331652118284 0.3533165279675106 0.3543998907231928 0.35548325347887494 -9999.0 -9999.0 -9999.0 -9999.0 -9999.0
0.3546601144242808 0.35263770367422603 0.35061529292417126 0.34859288217411305 0.3465704714240583 0.3445480606740035 0.34252564992394874 0.340503239173894 0.33848082842383925 0.3364584176737845 0.3344360069237297 0.33241359617367494 0.33039118542362017 0.3283687746735654 0.3278727172515766 0.3290083660499667 0.3301440148483587 0.3312796636467488 0.3324153124451389 0.333550961243529 0.3346866100419191 0.3358222588403092 0.33695790763869926 0.3380935564370893 0.33922920523547945 0.3403648540338695 0.34150050283225963 0.3426361516306497 0.3437718004290398 0.34490744922743183 0.3460430980258219 0.347178746824212 0.3483143956226021 0.3494500444209922 0.35058569321938227 0.3517213420177724 0.35285699081616245 0.3539926396145526 0.35512828841294264 -9999.0 -9999.0 -9999.0 -9999.0 -9999.0
0.35492176071702897 0.35275902355005473 0.3505962863830805 0.34843354921610253 0.3462708120491283 0.34410807488215406 0.3419453377151798 0.3397826005482055 0.3376198633812313 0.33545712621425705 0.3332943890472828 0.3311316518803086 0.32896891471333434 0.3268061775463601 0.3262628871606528 0.32745082200175085 0.32863875684285093 0.329826691683949 0.33101462652504704 0.33220256136614507 0.33339049620724315 0.3345784310483412 0.33576636588943926 0.3369543007305373 0.3381422355716353 0.3393301704127334 0.3405181052538314 0.3417060400949295 0.3428939749360275 0.3440819097771276 0.34526984461822563 0.3464577794593237 0.34764571430042174 0.34883364914151976 0.35002158398261785 0.35120951882371587 0.35239745366481395 0.353585388505912 0.35477332334701 0.3559612581881081 0.3571491930292061 0.35833712787030414 -9999.0 -9999.0
0.355199588458176 0.3529891440140139 0.35077869956985175 0.3485682551256858 0.34635781068152366 0.34414736623736153 0.3419369217931994 0.3397264773490372 0.3375160329048751 0.33530558846071296 0.3330951440165508 0.33088469957238864 0.3286742551282265 0.3264638106840644 0.3259074115723324 0.3271192243209139 0.32833103706949746 0.3295428498180789 0.33075466256666036 0.33196647531524187 0.3331782880638233 0.3343901008124048 0.3356019135609863 0.33681372630956774 0.33802553905814925 0.3392373518067307 0.34044916455531216 0.34166097730389366 0.3428727900524751 0.3440846028010587 0.34529641554964013 0.34650822829822164 0.3477200410468031 0.34893185379538455 0.35014366654396606 0.3513554792925475 0.352567292041129 0.3537791047897105 0.35499091753829193 0.35620273028687344 0.3574145430354549 0.3586263557840364 0.3598381685326199 0.3610499812812014
0.35549471314728365 0.3533355654458812 0.35117641774447883 0.3490172700430727 0.3468581223416703 0.3446989746402679 0.3425398269388655 0.34038067923746307 0.33822153153606066 0.33606238383465825 0.33390323613325584 0.33174408843185343 0.329584940730451 0.3274257930290486 0.3268927618495628 0.32809808600044754 0.3293034101513343 0.330508734302219 0.33171405845310376 0.33291938260398846 0.33412470675487316 0.33533003090575786 0.3365353550566426 0.3377406792075273 0.338946003358412 0.3401513275092968 0.3413566516601815 0.3425619758110662 0.3437672999619509 0.3449726241128377 0.3461779482637224 0.3473832724146071 0.34858859656549185 0.34979392071637655 0.35099924486726125 0.35220456901814595 0.3534098931690307 0.3546152173199154 0.3558205414708001 0.35702586562168487 0.35823118977256957 0.35943651392345427 0.360641838074341 0.3618471622252258
0.35578983783639123 0.3536819868777486 0.3515741359191059 0.3494662849604596 0.347358434001817 0.3452505830431743 0.3431427320845316 0.341034881125889 0.3389270301672463 0.3368191792086036 0.33471132824996097 0.3326034772913183 0.3304956263326756 0.32838777537403296 0.32787811212679324 0.3290769476799812 0.3302757832331712 0.3314746187863592 0.33267345433954715 0.3338722898927351 0.33507112544592305 0.336269960999111 0.33746879655229894 0.3386676321054869 0.3398664676586749 0.34106530321186285 0.3422641387650508 0.34346297431823875 0.3446618098714267 0.3458606454246167 0.34705948097780465 0.3482583165309926 0.3494571520841806 0.35065598763736855 0.3518548231905565 0.35305365874374445 0.3542524942969324 0.35545132985012035 0.3566501654033083 0.3578490009564963 0.35904783650968425 0.3602466720628722 0.3614455076160622 0.36264434316925015
0.35608496252549887 0.3540284083096159 0.351971854093733 0.34991529987784653 0.3478587456619636 0.3458021914460807 0.3437456372301978 0.34168908301431483 0.3396325287984319 0.33757597458254895 0.33551942036666604 0.33346286615078313 0.3314063119349002 0.32934975771901726 0.3288634624040237 0.3300558093595149 0.33124815631500815 0.33244050327049934 0.33363285022599054 0.33482519718148174 0.33601754413697293 0.33720989109246413 0.33840223804795533 0.3395945850034465 0.3407869319589377 0.3419792789144289 0.3431716258699201 0.3443639728254113 0.3455563197809025 0.3467486667363957 0.3479410136918869 0.3491333606473781 0.3503257076028693 0.3515180545583605 0.3527104015138517 0.3539027484693429 0.3550950954248341 0.3562874423803253 0.3574797893358165 0.3586721362913077 0.35986448324679887 0.36105683020229007 0.3622491771577833 0.3634415241132745
0.35638008721460646 0.35437482974148327 0.3523695722683601 0.35036431479523344 0.34835905732211025 0.34635379984898707 0.3443485423758639 0.3423432849027407 0.3403380274296175 0.3383327699564943 0.33632751248337117 0.334322255010248 0.3323169975371248 0.3303117400640016 0.32984881268125416 0.3310346710390486 0.33222052939684504 0.3334063877546395 0.33459224611243393 0.3357781044702284 0.33696396282802277 0.3381498211858172 0.33933567954361166 0.3405215379014061 0.34170739625920055 0.34289325461699494 0.3440791129747894 0.3452649713325838 0.34645082969037827 0.3476366880481747 0.34882254640596916 0.3500084047637636 0.35119426312155805 0.3523801214793525 0.3535659798371469 0.3547518381949413 0.35593769655273577 0.3571235549105302 0.35830941326832466 0.35949527162611905 0.3606811299839135 0.36186698834170794 0.3630528466995044 0.36423870505729883
0.3566752119037143 0.3547212511733509 0.3527672904429875 0.35081332971262075 0.34885936898225733 0.346905408251894 0.34495144752153056 0.34299748679116715 0.34104352606080374 0.3390895653304403 0.3371356046000769 0.3351816438697135 0.33322768313935014 0.3312737224089867 0.33083416295848544 0.3320135327185831 0.3331929024786828 0.33437227223878047 0.33555164199887816 0.3367310117589758 0.3379103815190735 0.3390897512791711 0.3402691210392688 0.3414484907993665 0.34262786055946415 0.34380723031956184 0.3449866000796595 0.34616596983975717 0.34734533959985486 0.34852470935995455 0.3497040791200522 0.3508834488801499 0.3520628186402475 0.3532421884003452 0.3544215581604429 0.35560092792054054 0.35678029768063824 0.3579596674407359 0.35913903720083357 0.36031840696093126 0.3614977767210289 0.3626771464811266 0.3638565162412263 0.3650358860013239
0.3569703365928219 0.35506767260521827 0.3531650086176146 0.35126234463000766 0.34935968064240397 0.34745701665480033 0.34555435266719664 0.343651688679593 0.3417490246919893 0.3398463607043857 0.337943696716782 0.3360410327291783 0.33413836874157465 0.33223570475397096 0.33181951323571585 0.33299239439811673 0.33416527556051967 0.33533815672292056 0.3365110378853215 0.3376839190477224 0.3388568002101233 0.3400296813725242 0.34120256253492515 0.34237544369732603 0.343548324859727 0.34472120602212786 0.34589408718452874 0.3470669683469297 0.34823984950933057 0.3494127306717335 0.3505856118341344 0.35175849299653533 0.3529313741589362 0.35410425532133716 0.35527713648373804 0.356450017646139 0.35762289880853987 0.3587957799709408 0.3599686611333417 0.36114154229574263 0.3623144234581435 0.36348730462054446 0.36466018578294734 0.36583306694534823
0.3572654612819295 0.35541409403708557 0.35356272679224166 0.3517113595473946 0.34985999230255066 0.3480086250577067 0.3461572578128628 0.34430589056801886 0.34245452332317494 0.340603156078331 0.33875178883348706 0.33690042158864314 0.3350490543437992 0.3331976870989553 0.3328048635129463 0.33397125607765044 0.33513764864235657 0.3363040412070607 0.3374704337717649 0.338636826336469 0.33980321890117315 0.34096961146587734 0.3421360040305815 0.3433023965952856 0.3444687891599898 0.34563518172469393 0.34680157428939806 0.34796796685410225 0.3491343594188064 0.3503007519835125 0.3514671445482167 0.35263353711292084 0.35379992967762497 0.35496632224232916 0.3561327148070333 0.3572991073717374 0.3584654999364416 0.35963189250114574 0.3607982850658499 0.36196467763055407 0.3631310701952582 0.36429746275996233 0.36546385532466846 0.36663024788937265
0.3575605859710371 0.35576051546895293 0.35396044496686874 0.3521603744647815 0.3503603039626973 0.3485602334606131 0.34676016295852896 0.34496009245644477 0.3431600219543606 0.3413599514522764 0.3395598809501922 0.337759810448108 0.3359597399460238 0.3341596694439396 0.3337902137901767 0.33495011775718414 0.3361100217241935 0.3372699256912009 0.3384298296582083 0.33958973362521566 0.34074963759222304 0.3419095415592304 0.34306944552623786 0.34422934949324524 0.3453892534602526 0.34654915742726 0.3477090613942674 0.3488689653612748 0.3500288693282822 0.3511887732952916 0.35234867726229896 0.35350858122930634 0.3546684851963137 0.3558283891633211 0.35698829313032854 0.3581481970973359 0.3593081010643433 0.3604680050313507 0.36162790899835806 0.36278781296536544 0.3639477169323729 0.36510762089938026 0.36626752486638964 0.367427428833397
0.35785571066014477 0.3561069369008203 0.3543581631414958 0.3526093893821684 0.350860615622844 0.3491118418635195 0.34736306810419504 0.3456142943448706 0.34386552058554615 0.34211674682622173 0.34036797306689726 0.33861919930757284 0.33687042554824836 0.33512165178892395 0.33477556406740716 0.3359289794367178 0.3370823948060304 0.33823581017534105 0.3393892255446517 0.3405426409139623 0.34169605628327293 0.34284947165258356 0.3440028870218942 0.3451563023912048 0.34630971776051545 0.3474631331298261 0.3486165484991367 0.34976996386844733 0.35092337923775796 0.3520767946070706 0.3532302099763812 0.35438362534569184 0.3555370407150025 0.3566904560843131 0.35784387145362373 0.35899728682293436 0.360150702192245 0.3613041175615556 0.36245753293086624 0.3636109483001769 0.3647643636694875 0.3659177790387982 0.36707119440811076 0.3682246097774214
