Figures/CREST_Example_wjb_NSE/PETs/wjb.pet.20091225.asc
ncols            288
nrows            254
xllcorner        113.274861
yllcorner        31.4918055
cellsize         0.008333333333
NODATA_value     -9999
[rows 152 to 170 of 254, columns 0 to 43 of 288]
-9999.0 -9999.0 -9999.0 -9999.0 -9999.0 0.671091053599172 0.6704573051648604 0.6698235567305487 0.6691898082962371 0.6685560598619255 0.6679223114276138 0.6672885629933021 0.6671476052708813 0.6675334519544666 0.6679192986380511 0.6683051453216355 0.6686909920052201 0.6690768386888046 0.6694626853723891 0.6698485320559736 0.6702343787395582 0.6706202254231426 0.6710060721067271 0.6713919187903117 0.6717777654738962 0.6721636121574807 0.6725494588410659 0.6729353055246504 0.6733211522082349 0.6737069988918194 0.6740928455754039 0.6744786922589884 0.6748645389425729 0.6752503856261575 0.6756362323097419 0.6760220789933264 0.676407925676911 0.6767937723604954 0.67717961904408 0.6775654657276652 0.6779513124112497 0.6783371590948342 0.6787299738152881 0.6791302375246394
-9999.0 -9999.0 -9999.0 -9999.0 0.6730820068876436 0.6724934409826542 0.6719048750776647 0.6713163091726753 0.6707277432676858 0.6701391773626965 0.669550611457707 0.6689620455527175 0.6688428316459184 0.669225365630563 0.6696078996152071 0.669990433599851 0.6703729675844949 0.670755501569139 0.6711380355537829 0.671520569538427 0.6719031035230709 0.6722856375077149 0.6726681714923589 0.6730507054770029 0.6734332394616468 0.6738157734462908 0.6741983074309355 0.6745808414155794 0.6749633754002234 0.6753459093848674 0.6757284433695113 0.6761109773541554 0.6764935113387993 0.6768760453234433 0.6772585793080873 0.6776411132927312 0.6780236472773752 0.6784061812620192 0.6787887152466632 0.6791712492313078 0.6795537832159518 0.6799363172005958 0.6803348427319871 0.6807504635882747
-9999.0 -9999.0 -9999.0 -9999.0 0.6744392117418034 0.6738958283661363 0.6733524449904691 0.6728090616148018 0.6722656782391346 0.6717222948634675 0.6711789114878002 0.670635528112133 0.6705380580209555 0.6709172793066596 0.671296500592363 0.6716757218780665 0.6720549431637699 0.6724341644494733 0.6728133857351768 0.6731926070208802 0.6735718283065837 0.6739510495922871 0.6743302708779906 0.674709492163694 0.6750887134493976 0.675467934735101 0.675847156020805 0.6762263773065085 0.676605598592212 0.6769848198779155 0.6773640411636189 0.6777432624493224 0.6781224837350258 0.6785017050207293 0.6788809263064327 0.6792601475921362 0.6796393688778396 0.680018590163543 0.6803978114492465 0.6807770327349506 0.681156254020654 0.6815354753063575 0.681939711648686 0.6823706896519102
-9999.0 -9999.0 -9999.0 -9999.0 -9999.0 -9999.0 0.6748000149032735 0.6743018140569285 0.6738036132105835 0.6733054123642385 0.6728072115178935 0.6723090106715486 0.6722332843959926 0.6726091929827561 0.6729851015695191 0.673361010156282 0.6737369187430449 0.6741128273298078 0.6744887359165708 0.6748646445033336 0.6752405530900966 0.6756164616768595 0.6759923702636224 0.6763682788503853 0.6767441874371483 0.6771200960239112 0.6774960046106747 0.6778719131974377 0.6782478217842005 0.6786237303709635 0.6789996389577264 0.6793755475444893 0.6797514561312522 0.6801273647180152 0.680503273304778 0.680879181891541 0.6812550904783039 0.6816309990650669 0.6820069076518297 0.6823828162385933 0.6827587248253562 0.6831346334121191 0.683544580565385 0.6839909157155455
-9999.0 -9999.0 -9999.0 -9999.0 -9999.0 -9999.0 -9999.0 -9999.0 0.6753415481820323 0.6748885298650095 0.6744355115479868 0.6739824932309639 0.6739285107710297 0.6743011066588527 0.674673702546675 0.6750462984344975 0.6754188943223198 0.6757914902101422 0.6761640860979646 0.676536681985787 0.6769092778736094 0.6772818737614318 0.6776544696492541 0.6780270655370766 0.6783996614248989 0.6787722573127213 0.6791448532005444 0.6795174490883668 0.6798900449761891 0.6802626408640116 0.6806352367518339 0.6810078326396563 0.6813804285274787 0.6817530244153011 0.6821256203031235 0.6824982161909459 0.6828708120787682 0.6832434079665907 0.683616003854413 0.683988599742236 0.6843611956300585 0.6847337915178808 0.6851494494820841 0.685611141779181
-9999.0 -9999.0 -9999.0 -9999.0 -9999.0 -9999.0 -9999.0 -9999.0 -9999.0 0.6764716473657818 -9999.0 -9999.0 -9999.0 0.6759930203349506 0.6763623035238324 0.6767315867127143 0.6771008699015961 0.677470153090478 0.6778394362793599 0.6782087194682418 0.6785780026571236 0.6789472858460055 0.6793165690348874 0.6796858522237692 0.6800551354126511 0.6804244186015329 0.6807937017904154 0.6811629849792973 0.6815322681681791 0.681901551357061 0.6822708345459428 0.6826401177348247 0.6830094009237065 0.6833786841125884 0.6837479673014702 0.6841172504903521 0.684486533679234 0.6848558168681158 0.6852251000569977 0.6855943832458802 0.685963666434762 0.6863329496236439 0.6867543183987845 0.6872313678428178
-9999.0 -9999.0 -9999.0 -9999.0 -9999.0 -9999.0 -9999.0 -9999.0 -9999.0 -9999.0 -9999.0 -9999.0 -9999.0 -9999.0 0.6780509045009884 0.6784168749909297 0.6787828454808711 0.6791488159708124 0.6795147864607537 0.679880756950695 0.6802467274406364 0.6806126979305777 0.680978668420519 0.6813446389104604 0.6817106094004017 0.682076579890343 0.682442550380285 0.6828085208702263 0.6831744913601676 0.683540461850109 0.6839064323400502 0.6842724028299916 0.6846383733199329 0.6850043438098743 0.6853703142998155 0.6857362847897569 0.6861022552796983 0.6864682257696395 0.6868341962595809 0.6872001667495229 0.6875661372394641 0.6879321077294055 0.6883591873154834 0.6888515939064531
-9999.0 -9999.0 -9999.0 -9999.0 -9999.0 -9999.0 -9999.0 -9999.0 -9999.0 -9999.0 -9999.0 -9999.0 -9999.0 -9999.0 -9999.0 -9999.0 0.680464821060146 0.6808274788511468 0.6811901366421476 0.6815527944331484 0.6819154522241492 0.68227811001515 0.6826407678061508 0.6830034255971515 0.6833660833881524 0.6837287411791532 0.6840913989701546 0.6844540567611554 0.6848167145521562 0.685179372343157 0.6855420301341578 0.6859046879251586 0.6862673457161594 0.6866300035071602 0.686992661298161 0.6873553190891618 0.6877179768801626 0.6880806346711634 0.6884432924621642 0.6888059502531656 0.6891686080441664 0.6895312658351672 0.6899640562321825 0.6904718199700886
-9999.0 -9999.0 -9999.0 -9999.0 -9999.0 -9999.0 -9999.0 -9999.0 -9999.0 -9999.0 -9999.0 -9999.0 -9999.0 -9999.0 -9999.0 -9999.0 -9999.0 0.6825061417314812 0.6828654868235414 0.6832248319156017 0.6835841770076619 0.6839435220997222 0.6843028671917825 0.6846622122838427 0.6850215573759031 0.6853809024679633 0.6857402475600242 0.6860995926520844 0.6864589377441447 0.6868182828362049 0.6871776279282653 0.6875369730203256 0.6878963181123858 0.6882556632044461 0.6886150082965063 0.6889743533885666 0.6893336984806269 0.6896930435726871 0.6900523886647474 0.6904117337568083 0.6907710788488686 0.6911304239409288 0.6915689251488815 0.6920920460337239
-9999.0 -9999.0 -9999.0 -9999.0 -9999.0 -9999.0 -9999.0 -9999.0 -9999.0 -9999.0 -9999.0 -9999.0 -9999.0 -9999.0 -9999.0 -9999.0 -9999.0 -9999.0 0.6845408370049354 0.684896869398055 0.6852529017911748 0.6856089341842946 0.6859649665774143 0.686320998970534 0.6866770313636538 0.6870330637567735 0.6873890961498939 0.6877451285430136 0.6881011609361333 0.688457193329253 0.6888132257223728 0.6891692581154925 0.6895252905086122 0.689881322901732 0.6902373552948516 0.6905933876879714 0.6909494200810912 0.6913054524742109 0.6916614848673306 0.6920175172604509 0.6923735496535707 0.6927295820466904 0.6931737940655803 0.6937122720973593
-9999.0 -9999.0 -9999.0 -9999.0 -9999.0 -9999.0 -9999.0 -9999.0 -9999.0 -9999.0 -9999.0 -9999.0 -9999.0 -9999.0 -9999.0 -9999.0 -9999.0 -9999.0 -9999.0 0.6865689068805084 0.6869216265746877 0.6872743462688669 0.687627065963046 0.6879797856572253 0.6883325053514044 0.6886852250455837 0.6890379447397634 0.6893906644339427 0.6897433841281219 0.6900961038223011 0.6904488235164803 0.6908015432106595 0.6911542629048387 0.6915069825990179 0.6918597022931972 0.6922124219873763 0.6925651416815555 0.6929178613757347 0.6932705810699139 0.6936233007640937 0.6939760204582729 0.6943287401524522 0.6947786629822794 0.6953324981609947
-9999.0 -9999.0 -9999.0 -9999.0 -9999.0 -9999.0 -9999.0 -9999.0 -9999.0 -9999.0 -9999.0 -9999.0 -9999.0 -9999.0 -9999.0 -9999.0 -9999.0 -9999.0 -9999.0 0.6882409443629632 0.6885903513582019 0.6889397583534406 0.6892891653486792 0.6896385723439179 0.6899879793391566 0.6903373863343952 0.6906867933296345 0.6910362003248731 0.6913856073201119 0.6917350143153506 0.6920844213105892 0.6924338283058279 0.6927832353010666 0.6931326422963052 0.6934820492915439 0.6938314562867826 0.6941808632820212 0.6945302702772599 0.6948796772724986 0.6952290842677379 0.6955784912629766 0.6959278982582152 0.6963835318989798 0.6969527242246315
-9999.0 -9999.0 -9999.0 -9999.0 -9999.0 -9999.0 -9999.0 -9999.0 -9999.0 -9999.0 -9999.0 -9999.0 -9999.0 -9999.0 -9999.0 -9999.0 -9999.0 -9999.0 -9999.0 -9999.0 0.6902590761417147 0.6906051704380127 0.6909512647343109 0.6912973590306091 0.6916434533269072 0.6919895476232053 -9999.0 -9999.0 0.6930278305121004 0.6933739248083985 0.6937200191046966 0.6940661134009948 0.694412207697293 0.6947583019935911 0.6951043962898892 0.6954504905861874 0.6957965848824855 0.6961426791787836 0.6964887734750818 0.6968348677713805 0.6971809620676787 0.6975270563639768 0.6979884008156788 0.6985729502882668
-9999.0 -9999.0 -9999.0 -9999.0 -9999.0 -9999.0 -9999.0 -9999.0 -9999.0 -9999.0 -9999.0 -9999.0 -9999.0 -9999.0 -9999.0 -9999.0 -9999.0 -9999.0 -9999.0 -9999.0 -9999.0 -9999.0 -9999.0 -9999.0 -9999.0 -9999.0 -9999.0 0.6943272721067313 0.694670053704089 0.6950128353014465 0.6953556168988042 0.6956983984961618 0.6960411800935195 0.696383961690877 0.6967267432882346 0.6970695248855923 0.6974123064829498 0.6977550880803075 0.6980978696776651 0.6984406512750233 0.6987834328723809 0.6991262144697385 0.6995932697323778 0.7001931763519024
-9999.0 -9999.0 -9999.0 -9999.0 -9999.0 -9999.0 -9999.0 -9999.0 -9999.0 -9999.0 -9999.0 -9999.0 -9999.0 -9999.0 -9999.0 -9999.0 -9999.0 -9999.0 -9999.0 -9999.0 -9999.0 -9999.0 -9999.0 -9999.0 -9999.0 -9999.0 -9999.0 0.6959728079976605 0.6963122768960776 0.6966517457944946 0.6969912146929117 0.6973306835913288 0.6976701524897458 0.6980096213881629 0.69834909028658 0.6986885591849971 0.6990280280834141 0.6993674969818312 0.6997069658802483 0.700046434778666 0.7003859036770831 0.7007253725755002 0.7011981386490768 0.7018134024155377
-9999.0 -9999.0 -9999.0 -9999.0 -9999.0 -9999.0 -9999.0 -9999.0 -9999.0 -9999.0 -9999.0 -9999.0 -9999.0 -9999.0 -9999.0 -9999.0 -9999.0 -9999.0 -9999.0 -9999.0 -9999.0 -9999.0 -9999.0 -9999.0 -9999.0 -9999.0 -9999.0 0.6976183438885896 0.6979545000880661 0.6982906562875426 0.6986268124870192 0.6989629686864958 0.6992991248859723 0.6996352810854488 0.6999714372849254 0.700307593484402 0.7006437496838785 0.700979905883355 0.7013160620828316 0.7016522182823087 0.7019883744817853 0.7023245306812619 0.7028030075657759 0.7034336284791731
-9999.0 -9999.0 -9999.0 -9999.0 -9999.0 -9999.0 -9999.0 -9999.0 -9999.0 -9999.0 -9999.0 -9999.0 -9999.0 -9999.0 -9999.0 -9999.0 -9999.0 -9999.0 -9999.0 -9999.0 -9999.0 -9999.0 -9999.0 -9999.0 -9999.0 -9999.0 -9999.0 -9999.0 0.6995967232800546 0.6999295667805906 0.7002624102811267 0.7005952537816627 0.7009280972821987 0.7012609407827347 0.7015937842832707 0.7019266277838068 0.7022594712843427 0.7025923147848788 0.7029251582854148 0.7032580017859514 0.7035908452864874 0.7039236887870235 0.7044078764824748 0.7050538545428084
-9999.0 -9999.0 -9999.0 -9999.0 -9999.0 -9999.0 -9999.0 -9999.0 -9999.0 -9999.0 -9999.0 -9999.0 -9999.0 -9999.0 -9999.0 -9999.0 -9999.0 -9999.0 -9999.0 -9999.0 -9999.0 -9999.0 -9999.0 -9999.0 -9999.0 -9999.0 -9999.0 -9999.0 -9999.0 0.7015684772736386 0.7018980080752342 0.7022275388768296 0.7025570696784251 0.7028866004800206 0.7032161312816161 0.7035456620832116 0.703875192884807 0.7042047236864025 0.704534254487998 0.704863785289594 0.7051933160911895 0.705522846892785 0.7060127453991737 0.7066740806064438
-9999.0 -9999.0 -9999.0 -9999.0 -9999.0 -9999.0 -9999.0 -9999.0 -9999.0 -9999.0 -9999.0 -9999.0 -9999.0 -9999.0 -9999.0 -9999.0 -9999.0 -9999.0 -9999.0 -9999.0 -9999.0 -9999.0 -9999.0 -9999.0 -9999.0 -9999.0 -9999.0 -9999.0 -9999.0 0.703207387766688 0.703533605869343 0.703859823971998 0.704186042074653 0.7045122601773078 0.7048384782799628 0.7051646963826178 0.7054909144852728 0.7058171325879277 0.7061433506905826 0.7064695687932382 0.7067957868958932 0.707122004998548 0.7076176143158741 0.7082943066700806
