Figures/CREST_Example_wjb_NSE/PETs/wjb.pet.20100926.asc
ncols            288
nrows            254
xllcorner        113.274861
yllcorner        31.4918055
cellsize         0.008333333333
NODATA_value     -9999
[rows 200 to 219 of 254, columns 176 to 219 of 288]
0.682131391425052 0.6761050705031022 0.6700787495811525 0.6640524286592029 0.6580261077372531 0.6519997868153035 0.6459734658933435 0.6399471449713938 0.633920824049444 0.6278945031274944 0.6218681822055447 0.615841861283595 0.6098155403616453 0.6037892194396957 0.5977628985177459 0.5917365775957962 0.5872076391940262 0.5842794365870154 0.5813512339800048 0.578423031372989 0.5754948287659782 0.5725666261589676 0.5696384235519568 0.566710220944946 0.5637820183379354 0.5608538157309246 0.5579256131239139 0.5549974105169032 0.5520692079098924 0.5491410053028818 0.546212802695871 0.5432846000888603 0.5403563974818446 0.5374281948748338 0.5344999922678231 0.5315717896608124 0.5286435870538017 0.525715384446791 0.5227871818397802 0.5198589792327695 0.5169307766257588 0.514002574018748 0.5110743714117373 0.5081461688047266
0.6811881648192788 0.6750838752740093 0.6689795857287398 0.6628752961834703 0.6567710066382009 0.6506667170929314 0.6445624275476515 0.638458138002382 0.6323538484571125 0.6262495589118431 0.6201452693665737 0.6140409798213041 0.6079366902760347 0.6018324007307652 0.5957281111854957 0.5896238216402263 0.585050002623837 0.5821122912321776 0.5791745798405182 0.5762368684488537 0.5732991570571944 0.5703614456655349 0.5674237342738755 0.564486022882216 0.5615483114905566 0.5586106000988972 0.5556728887072377 0.5527351773155783 0.5497974659239189 0.5468597545322595 0.5439220431406001 0.5409843317489407 0.5380466203572762 0.5351089089656168 0.5321711975739574 0.5292334861822979 0.5262957747906385 0.5233580633989791 0.5204203520073196 0.5174826406156602 0.5145449292240007 0.5116072178323414 0.508669506440682 0.5057317950490225
0.6802449382135055 0.6740626800449163 0.667880421876327 0.6616981637077377 0.6555159055391485 0.6493336473705592 0.6431513892019595 0.6369691310333702 0.630786872864781 0.6246046146961917 0.6184223565276024 0.6122400983590132 0.6060578401904239 0.5998755820218347 0.5936933238532454 0.587511065684656 0.5828923660536478 0.5799451458773397 0.5769979257010316 0.5740507055247184 0.5711034853484103 0.5681562651721022 0.565209044995794 0.562261824819486 0.5593146046431777 0.5563673844668696 0.5534201642905615 0.5504729441142534 0.5475257239379453 0.5445785037616372 0.541631283585329 0.5386840634090209 0.5357368432327078 0.5327896230563997 0.5298424028800915 0.5268951827037833 0.5239479625274752 0.5210007423511671 0.518053522174859 0.5151063019985509 0.5121590818222428 0.5092118616459347 0.5062646414696266 0.5033174212933184
0.6793017116077323 0.6730414848158234 0.6667812580239143 0.6605210312320052 0.6542608044400962 0.6480005776481872 0.6417403508562675 0.6354801240643584 0.6292198972724494 0.6229596704805404 0.6166994436886313 0.6104392168967223 0.6041789901048132 0.5979187633129042 0.5916585365209951 0.5853983097290861 0.5807347294834586 0.5777780005225018 0.5748212715615449 0.5718645426005832 0.5689078136396263 0.5659510846786695 0.5629943557177126 0.5600376267567558 0.557080897795799 0.5541241688348422 0.5511674398738854 0.5482107109129285 0.5452539819519717 0.5422972529910148 0.539340524030058 0.5363837950691013 0.5334270661081394 0.5304703371471825 0.5275136081862257 0.5245568792252688 0.5216001502643121 0.5186434213033553 0.5156866923423984 0.5127299633814416 0.5097732344204847 0.5068165054595279 0.503859776498571 0.5009030475376143
0.6783584850019588 0.6720202895867299 0.665682094171501 0.6593438987562722 0.6530057033410434 0.6466675079258145 0.6403293125105748 0.633991117095346 0.6276529216801171 0.6213147262648883 0.6149765308496594 0.6086383354344305 0.6023001400192016 0.5959619446039728 0.5896237491887439 0.5832855537735151 0.5785770929132685 0.575610855167663 0.5726446174220574 0.5696783796764469 0.5667121419308413 0.5637459041852358 0.5607796664396303 0.5578134286940247 0.5548471909484192 0.5518809532028137 0.5489147154572082 0.5459484777116026 0.5429822399659971 0.5400160022203916 0.537049764474786 0.5340835267291805 0.5311172889835699 0.5281510512379644 0.5251848134923589 0.5222185757467533 0.5192523380011478 0.5162861002555423 0.5133198625099368 0.5103536247643312 0.5073873870187257 0.5044211492731202 0.5014549115275146 0.4984886737819091
0.6774152583961855 0.6709990943576369 0.6645829303190882 0.6581667662805396 0.651750602241991 0.6453344382034423 0.6389182741648828 0.6325021101263342 0.6260859460877854 0.6196697820492368 0.6132536180106882 0.6068374539721395 0.6004212899335909 0.5940051258950423 0.5875889618564936 0.581172797817945 0.5764194563430792 0.573443709812825 0.5704679632825708 0.5674922167523115 0.5645164702220573 0.5615407236918031 0.5585649771615488 0.5555892306312946 0.5526134841010404 0.5496377375707862 0.5466619910405319 0.5436862445102777 0.5407104979800235 0.5377347514497692 0.534759004919515 0.5317832583892608 0.5288075118590014 0.5258317653287472 0.522856018798493 0.5198802722682387 0.5169045257379845 0.5139287792077303 0.510953032677476 0.5079772861472219 0.5050015396169677 0.5020257930867135 0.4990500465564592 0.496074300026205
0.6764720317904124 0.669977899128544 0.6634837664666755 0.6569896338048071 0.6504955011429387 0.6440013684810703 0.6375072358191908 0.6310131031573223 0.6245189704954539 0.6180248378335855 0.611530705171717 0.6050365725098487 0.5985424398479802 0.5920483071861118 0.5855541745242434 0.5790600418623749 0.5742618197728901 0.5712765644579871 0.5682913091430842 0.5653060538281762 0.5623207985132733 0.5593355431983704 0.5563502878834674 0.5533650325685645 0.5503797772536616 0.5473945219387587 0.5444092666238557 0.5414240113089528 0.5384387559940499 0.535453500679147 0.532468245364244 0.5294829900493411 0.5264977347344331 0.5235124794195302 0.5205272241046273 0.5175419687897242 0.5145567134748213 0.5115714581599184 0.5085862028450155 0.5056009475301125 0.5026156922152096 0.49963043690030673 0.49664518158540377 0.49365992627050087
0.6755288051846388 0.6689567038994506 0.6623846026142624 0.6558125013290741 0.6492404000438858 0.6426682987586976 0.6360961974734981 0.6295240961883098 0.6229519949031217 0.6163798936179334 0.6098077923327452 0.6032356910475569 0.5966635897623687 0.5900914884771804 0.5835193871919921 0.5769472859068039 0.5721041832027 0.5691094191031484 0.5661146550035967 0.56311989090404 0.5601251268044883 0.5571303627049367 0.5541355986053851 0.5511408345058334 0.5481460704062818 0.5451513063067301 0.5421565422071786 0.5391617781076269 0.5361670140080753 0.5331722499085236 0.5301774858089721 0.5271827217094204 0.5241879576098636 0.521193193510312 0.5181984294107603 0.5152036653112088 0.5122089012116571 0.5092141371121055 0.5062193730125538 0.5032246089130022 0.5002298448134506 0.49723508071389894 0.4942403166143473 0.4912455525147957
0.6823226158702351 0.6756883550833122 0.6690540942963891 0.6624198335094661 0.6557855727225431 0.6491513119356201 0.6425170511486858 0.6358827903617628 0.6292485295748398 0.6226142687879168 0.6159800080009938 0.6093457472140709 0.6027114864271479 0.5960772256402249 0.5894429648533019 0.5828087040663789 0.5779151997395067 0.5748826034558429 0.571850007172179 0.56881741088851 0.5657848146048462 0.5627522183211824 0.5597196220375186 0.5566870257538548 0.553654429470191 0.550621833186527 0.5475892369028632 0.5445566406191994 0.5415240443355356 0.5384914480518718 0.535458851768208 0.5324262554845441 0.5293936592008751 0.5263610629172113 0.5233284666335475 0.5202958703498837 0.5172632740662199 0.514230677782556 0.5111980814988921 0.5081654852152284 0.5051328889315645 0.5021002926479007 0.49906769636423687 0.49603510008057305
0.697386831772693 0.6907073104385972 0.6840277891045013 0.6773482677704056 0.6706687464363098 0.6639892251022139 0.6573097037681068 0.6506301824340109 0.6439506610999152 0.6372711397658193 0.6305916184317235 0.6239120970976277 0.6172325757635319 0.6105530544294361 0.6038735330953403 0.5971940117612444 0.592244204201869 0.589143499805225 0.5860427954085811 0.5829420910119317 0.5798413866152878 0.5767406822186438 0.5736399778219999 0.5705392734253559 0.567438569028712 0.564337864632068 0.5612371602354241 0.5581364558387801 0.5550357514421362 0.5519350470454922 0.5488343426488483 0.5457336382522043 0.5426329338555551 0.5395322294589112 0.5364315250622672 0.5333308206656233 0.5302301162689793 0.5271294118723353 0.5240287074756914 0.5209280030790475 0.5178272986824035 0.5147265942857595 0.5116258898891156 0.5085251854924717
0.7124510476751573 0.7057262657938888 0.6990014839126201 0.6922767020313514 0.6855519201500828 0.6788271382688141 0.672102356387534 0.6653775745062653 0.6586527926249968 0.6519280107437281 0.6452032288624594 0.6384784469811907 0.631753665099922 0.6250288832186535 0.6183041013373848 0.6115793194561161 0.6065732086642373 0.6034043961546132 0.6002355836449891 0.5970667711353596 0.5938979586257355 0.5907291461161114 0.5875603336064872 0.5843915210968631 0.581222708587239 0.5780538960776149 0.5748850835679908 0.5717162710583666 0.5685474585487426 0.5653786460391185 0.5622098335294944 0.5590410210198703 0.5558722085102408 0.5527033960006167 0.5495345834909925 0.5463657709813684 0.5431969584717443 0.5400281459621202 0.536859333452496 0.533690520942872 0.5305217084332479 0.5273528959236238 0.5241840834139997 0.5210152709043756
0.7275152635776153 0.7207452211491738 0.7139751787207325 0.707205136292291 0.7004350938638495 0.693665051435408 0.686895009006955 0.6801249665785135 0.673354924150072 0.6665848817216307 0.6598148392931892 0.6530447968647477 0.6462747544363062 0.6395047120078647 0.6327346695794233 0.6259646271509818 0.6209022131265997 0.6176652925039954 0.6144283718813911 0.6111914512587814 0.6079545306361771 0.6047176100135729 0.6014806893909687 0.5982437687683644 0.5950068481457602 0.5917699275231559 0.5885330069005517 0.5852960862779475 0.5820591656553432 0.5788222450327389 0.5755853244101348 0.5723484037875305 0.5691114831649208 0.5658745625423165 0.5626376419197122 0.5594007212971079 0.5561638006745038 0.5529268800518995 0.5496899594292952 0.546453038806691 0.5432161181840868 0.5399791975614825 0.5367422769388783 0.533505356316274
0.7425794794800733 0.7357641765044589 0.7289488735288447 0.7221335705532304 0.7153182675776162 0.7085029646020018 0.701687661626376 0.6948723586507617 0.6880570556751474 0.6812417526995331 0.6744264497239189 0.6676111467483046 0.6607958437726902 0.653980540797076 0.6471652378214616 0.6403499348458475 0.635231217588962 0.6319261888533775 0.6286211601177931 0.6253161313822032 0.6220111026466189 0.6187060739110344 0.61540104517545 0.6120960164398657 0.6087909877042813 0.605485958968697 0.6021809302331126 0.5988759014975282 0.5955708727619439 0.5922658440263595 0.5889608152907752 0.5856557865551908 0.5823507578196008 0.5790457290840164 0.575740700348432 0.5724356716128477 0.5691306428772633 0.565825614141679 0.5625205854060946 0.5592155566705103 0.5559105279349259 0.5526054991993414 0.5493004704637572 0.5459954417281727
0.7576436953825376 0.7507831318597505 0.7439225683369634 0.7370620048141763 0.7302014412913891 0.723340877768602 0.7164803142458032 0.7096197507230161 0.702759187200229 0.6958986236774418 0.6890380601546547 0.6821774966318676 0.6753169331090805 0.6684563695862933 0.6615958060635062 0.6547352425407191 0.6495602220513302 0.6461870852027657 0.6428139483542012 0.6394408115056309 0.6360676746570664 0.6326945378085019 0.6293214009599374 0.6259482641113728 0.6225751272628083 0.6192019904142438 0.6158288535656793 0.6124557167171147 0.6090825798685502 0.6057094430199857 0.6023363061714212 0.5989631693228566 0.5955900324742864 0.5922168956257219 0.5888437587771573 0.5854706219285928 0.5820974850800283 0.5787243482314638 0.5753512113828992 0.5719780745343348 0.5686049376857703 0.5652318008372057 0.5618586639886411 0.5584855271400766
0.7727079112849956 0.7658020872150356 0.7588962631450757 0.7519904390751158 0.7450846150051559 0.7381787909351959 0.7312729668652242 0.7243671427952643 0.7174613187253043 0.7105554946553444 0.7036496705853845 0.6967438465154245 0.6898380224454645 0.6829321983755047 0.6760263743055447 0.6691205502355848 0.6638892265136926 0.660447981552148 0.6570067365906033 0.6535654916290528 0.6501242466675081 0.6466830017059635 0.6432417567444189 0.6398005117828741 0.6363592668213295 0.6329180218597849 0.6294767768982402 0.6260355319366955 0.6225942869751508 0.6191530420136062 0.6157117970520616 0.612270552090517 0.6088293071289663 0.6053880621674217 0.6019468172058771 0.5985055722443324 0.5950643272827878 0.591623082321243 0.5881818373596984 0.5847405923981538 0.5812993474366092 0.5778581024750644 0.5744168575135198 0.5709756125519752
0.7877721271874535 0.7808210425703208 0.773869957953188 0.7669188733360552 0.7599677887189225 0.7530167041017897 0.7460656194846451 0.7391145348675123 0.7321634502503797 0.7252123656332469 0.7182612810161141 0.7113101963989814 0.7043591117818486 0.6974080271647158 0.690456942547583 0.6835058579304504 0.6782182309760548 0.6747088779015301 0.6711995248270053 0.6676901717524746 0.6641808186779498 0.6606714656034249 0.6571621125289002 0.6536527594543754 0.6501434063798506 0.6466340533053259 0.643124700230801 0.6396153471562763 0.6361059940817515 0.6325966410072267 0.629087287932702 0.6255779348581771 0.6220685817836464 0.6185592287091216 0.6150498756345968 0.6115405225600721 0.6080311694855473 0.6045218164110224 0.6010124633364977 0.5975031102619729 0.5939937571874481 0.5904844041129234 0.5869750510383985 0.5834656979638737
0.8028363430899115 0.7958399979256059 0.7888436527613003 0.7818473075969947 0.7748509624326891 0.7678546172683836 0.7608582721040661 0.7538619269397605 0.7468655817754549 0.7398692366111493 0.7328728914468438 0.7258765462825382 0.7188802011182327 0.7118838559539271 0.7048875107896215 0.697891165625316 0.6925472354384171 0.6889697742509122 0.6853923130634073 0.6818148518758963 0.6782373906883914 0.6746599295008865 0.6710824683133816 0.6675050071258767 0.6639275459383718 0.6603500847508669 0.656772623563362 0.6531951623758571 0.6496177011883522 0.6460402400008473 0.6424627788133424 0.6388853176258373 0.6353078564383263 0.6317303952508214 0.6281529340633165 0.6245754728758116 0.6209980116883067 0.6174205505008018 0.6138430893132969 0.610265628125792 0.6066881669382871 0.6031107057507822 0.5995332445632773 0.5959557833757724
0.8179005589923758 0.8108589532808974 0.803817347569419 0.7967757418579405 0.7897341361464622 0.7826925304349838 0.7756509247234933 0.7686093190120149 0.7615677133005365 0.7545261075890581 0.7474845018775798 0.7404428961661014 0.733401290454623 0.7263596847431445 0.7193180790316661 0.7122764733201877 0.7068762399007856 0.7032306706003005 0.6995851012998154 0.6959395319993241 0.6922939626988391 0.688648393398354 0.685002824097869 0.6813572547973838 0.6777116854968989 0.6740661161964138 0.6704205468959287 0.6667749775954436 0.6631294082949586 0.6594838389944735 0.6558382696939884 0.6521927003935033 0.648547131093012 0.644901561792527 0.6412559924920419 0.6376104231915568 0.6339648538910717 0.6303192845905867 0.6266737152901016 0.6230281459896165 0.6193825766891314 0.6157370073886465 0.6120914380881614 0.6084458687876763
0.8329647748948338 0.8258779086361825 0.8187910423775313 0.8117041761188801 0.8046173098602288 0.7975304436015777 0.7904435773429144 0.7833567110842631 0.7762698448256119 0.7691829785669606 0.7620961123083094 0.7550092460496582 0.747922379791007 0.7408355135323558 0.7337486472737045 0.7266617810150533 0.7212052443631478 0.7174915669496826 0.7137778895362175 0.710064212122746 0.7063505347092807 0.7026368572958155 0.6989231798823503 0.6952095024688851 0.69149582505542 0.6877821476419547 0.6840684702284895 0.6803547928150243 0.6766411154015591 0.672927437988094 0.6692137605746287 0.6655000831611635 0.661786405747692 0.6580727283342268 0.6543590509207615 0.6506453735072963 0.6469316960938312 0.643218018680366 0.6395043412669008 0.6357906638534355 0.6320769864399703 0.6283633090265052 0.62464963161304 0.6209359541995748
0.8480289907972917 0.8408968639914676 0.8337647371856436 0.8266326103798195 0.8195004835739955 0.8123683567681714 0.8052362299623352 0.7981041031565113 0.7909719763506872 0.7838398495448631 0.7767077227390391 0.769575595933215 0.762443469127391 0.7553113423215669 0.748179215515743 0.7410470887099189 0.7355342488255101 0.7317524632990647 0.7279706777726195 0.7241888922461677 0.7204071067197223 0.716625321193277 0.7128435356668317 0.7090617501403864 0.705279964613941 0.7014981790874957 0.6977163935610504 0.693934608034605 0.6901528225081597 0.6863710369817144 0.682589251455269 0.6788074659288238 0.675025680402372 0.6712438948759266 0.6674621093494814 0.663680323823036 0.6598985382965906 0.6561167527701454 0.6523349672437 0.6485531817172547 0.6447713961908094 0.640989610664364 0.6372078251379187 0.6334260396114734
