Figures/CREST_Example_wjb_NSE/PETs/wjb.pet.20100617.asc
ncols            288
nrows            254
xllcorner        113.274861
yllcorner        31.4918055
cellsize         0.008333333333
NODATA_value     -9999
[rows 60 to 79 of 254, columns 0 to 43 of 288]
-9999.0 -9999.0 -9999.0 -9999.0 -9999.0 -9999.0 -9999.0 -9999.0 -9999.0 -9999.0 -9999.0 4.16941078193617 4.168848100303207 4.164679975133713 4.160511849964226 4.156343724794739 4.1521755996252505 4.148007474455763 4.143839349286276 4.139671224116789 4.135503098947302 4.131334973777815 4.127166848608327 4.122998723438839 4.118830598269352 4.114662473099865 4.110494347930371 4.106326222760884 4.102158097591396 4.097989972421908 4.093821847252421 4.089653722082934 4.085485596913447 4.08131747174396 4.077149346574472 4.0729812214049845 4.068813096235497 4.06464497106601 4.060476845896523 4.056308720727029 4.052140595557541 4.0479724703880535 4.046327828857419 4.047380848369766
-9999.0 -9999.0 -9999.0 -9999.0 -9999.0 -9999.0 -9999.0 -9999.0 -9999.0 4.160738199181521 4.163430587111164 4.166122975040806 4.165626843503733 4.1617221126096275 4.15781738171553 4.1539126508214315 4.150007919927333 4.1461031890332345 4.142198458139136 4.1382937272450375 4.13438899635094 4.130484265456841 4.126579534562743 4.1226748036686445 4.118770072774546 4.1148653418804475 4.110960610986343 4.107055880092244 4.103151149198146 4.099246418304048 4.09534168740995 4.091436956515851 4.087532225621753 4.083627494727654 4.079722763833556 4.075818032939458 4.07191330204536 4.068008571151261 4.064103840257163 4.060199109363058 4.05629437846896 4.052389647574861 4.050833106912281 4.05178683467845
-9999.0 -9999.0 -9999.0 -9999.0 -9999.0 -9999.0 -9999.0 -9999.0 -9999.0 4.157685561540272 4.160260364842856 4.162835168145442 4.162405586704258 4.158764250085543 4.155122913466833 4.151481576848124 4.1478402402294146 4.144198903610706 4.140557566991996 4.136916230373287 4.133274893754577 4.129633557135868 4.125992220517158 4.1223508838984495 4.11870954727974 4.115068210661031 4.111426874042315 4.107785537423606 4.104144200804896 4.100502864186187 4.096861527567477 4.093220190948768 4.089578854330059 4.08593751771135 4.08229618109264 4.078654844473931 4.075013507855221 4.071372171236512 4.0677308346178025 4.064089497999087 4.060448161380378 4.056806824761669 4.0553383849671425 4.056192820987134
-9999.0 -9999.0 -9999.0 -9999.0 -9999.0 -9999.0 -9999.0 -9999.0 -9999.0 4.154632923899022 4.15709014257455 4.159547361250078 4.159184329904784 4.155806387561458 4.1524284452181375 4.149050502874817 4.145672560531497 4.142294618188177 4.138916675844856 4.1355387335015354 4.132160791158215 4.128782848814895 4.125404906471575 4.122026964128254 4.118649021784933 4.115271079441613 4.111893137098287 4.1085151947549665 4.105137252411646 4.101759310068326 4.098381367725005 4.095003425381685 4.0916254830383645 4.088247540695044 4.084869598351724 4.081491656008403 4.078113713665083 4.0747357713217625 4.071357828978442 4.067979886635116 4.0646019442917956 4.061224001948475 4.059843663022003 4.060598807295816
-9999.0 -9999.0 -9999.0 -9999.0 -9999.0 -9999.0 -9999.0 -9999.0 4.1492406522093015 4.151580286257772 4.153919920306243 4.156259554354714 4.15596307310531 4.152848525037373 4.149733976969442 4.14661942890151 4.143504880833579 4.140390332765647 4.137275784697716 4.134161236629785 4.131046688561853 4.127932140493922 4.12481759242599 4.121703044358059 4.118588496290127 4.1154739482221965 4.11235940015426 4.109244852086328 4.1061303040183965 4.103015755950465 4.099901207882533 4.096786659814602 4.09367211174667 4.09055756367874 4.087443015610808 4.084328467542877 4.081213919474945 4.0780993714070135 4.074984823339082 4.071870275271145 4.0687557272032135 4.065641179135283 4.064348941076865 4.0650047936044995
-9999.0 -9999.0 -9999.0 -9999.0 -9999.0 -9999.0 -9999.0 -9999.0 4.1463055991951085 4.148527648616523 4.150749698037936 4.1529717474593495 4.152741816305836 4.149890662513289 4.147039508720746 4.144188354928203 4.141337201135661 4.138486047343118 4.135634893550576 4.132783739758033 4.129932585965491 4.1270814321729485 4.124230278380407 4.121379124587864 4.118527970795322 4.115676817002779 4.112825663210232 4.109974509417689 4.107123355625147 4.104272201832604 4.101421048040062 4.098569894247519 4.095718740454977 4.092867586662434 4.090016432869892 4.087165279077349 4.084314125284807 4.081462971492265 4.078611817699723 4.075760663907175 4.072909510114632 4.07005835632209 4.068854219131727 4.0694107799131825
-9999.0 -9999.0 -9999.0 -9999.0 -9999.0 -9999.0 -9999.0 -9999.0 4.143370546180913 4.14547501097527 4.147579475769626 4.149683940563982 4.149520559506358 4.1469327999892 4.144345040472047 4.141757280954894 4.139169521437741 4.136581761920588 4.133994002403434 4.131406242886281 4.128818483369128 4.126230723851974 4.123642964334821 4.121055204817668 4.1184674453005155 4.115879685783362 4.113291926266204 4.110704166749051 4.108116407231898 4.105528647714745 4.102940888197591 4.100353128680438 4.097765369163285 4.095177609646131 4.092589850128978 4.090002090611826 4.0874143310946724 4.084826571577519 4.082238812060366 4.079651052543208 4.077063293026055 4.074475533508902 4.073359497186593 4.073816766221871
-9999.0 -9999.0 -9999.0 -9999.0 -9999.0 -9999.0 -9999.0 -9999.0 4.140435493166721 4.1424223733340195 4.144409253501319 4.146396133668619 4.1462993027068835 4.143974937465115 4.141650572223351 4.139326206981587 4.137001841739822 4.134677476498059 4.132353111256294 4.1300287460145295 4.127704380772766 4.125380015531001 4.123055650289237 4.120731285047473 4.118406919805708 4.116082554563945 4.113758189322176 4.111433824080412 4.109109458838647 4.1067850935968835 4.104460728355119 4.102136363113355 4.099811997871591 4.097487632629826 4.095163267388062 4.092838902146298 4.090514536904534 4.088190171662769 4.085865806421005 4.083541441179237 4.081217075937473 4.078892710695708 4.077864775241454 4.078222752530553
-9999.0 -9999.0 -9999.0 -9999.0 -9999.0 -9999.0 -9999.0 4.135631144612286 4.137500440152528 4.13936973569277 4.141239031233012 4.1431083267732545 4.1430780459074095 4.141017074941031 4.138956103974655 4.13689513300828 4.134834162041905 4.132773191075529 4.130712220109154 4.128651249142779 4.126590278176404 4.124529307210028 4.122468336243653 4.120407365277278 4.118346394310902 4.116285423344527 4.114224452378148 4.112163481411773 4.110102510445397 4.108041539479022 4.105980568512647 4.103919597546272 4.101858626579896 4.099797655613521 4.097736684647146 4.09567571368077 4.093614742714395 4.09155377174802 4.089492800781645 4.087431829815266 4.085370858848891 4.083309887882516 4.082370053296316 4.082628738839237
-9999.0 -9999.0 -9999.0 -9999.0 -9999.0 -9999.0 -9999.0 4.13281367622515 4.134565387138335 4.136317098051521 4.1380688089647055 4.13982051987789 4.1398567891079345 4.1380592124169455 4.136261635725959 4.134464059034973 4.1326664823439865 4.130868905653 4.129071328962014 4.127273752271027 4.125476175580041 4.123678598889055 4.121881022198069 4.120083445507083 4.118285868816097 4.11648829212511 4.11469071543412 4.112893138743134 4.111095562052148 4.109297985361161 4.107500408670176 4.1057028319791895 4.103905255288203 4.102107678597217 4.1003101019062305 4.098512525215244 4.096714948524258 4.094917371833271 4.093119795142285 4.091322218451296 4.08952464176031 4.087727065069323 4.086875331351178 4.0870347251479195
-9999.0 -9999.0 -9999.0 -9999.0 -9999.0 -9999.0 -9999.0 4.1299962078380155 4.131630334124143 4.13326446041027 4.134898586696398 4.136532712982526 4.1366355323084605 4.135101349892861 4.133567167477263 4.132032985061666 4.130498802646069 4.128964620230471 4.1274304378148745 4.125896255399277 4.124362072983679 4.122827890568082 4.121293708152485 4.119759525736887 4.11822534332129 4.116691160905693 4.115156978490093 4.1136227960744955 4.112088613658898 4.110554431243301 4.1090202488277034 4.107486066412107 4.105951883996509 4.104417701580911 4.102883519165315 4.101349336749717 4.09981515433412 4.0982809719185225 4.096746789502925 4.095212607087325 4.093678424671728 4.092144242256131 4.091380609406039 4.091440711456603
-9999.0 -9999.0 -9999.0 -9999.0 -9999.0 -9999.0 4.12566219779181 4.12717873945088 4.12869528110995 4.130211822769021 4.131728364428091 4.133244906087162 4.133414275508986 4.132143487368776 4.130872699228568 4.1296019110883595 4.1283311229481505 4.127060334807942 4.125789546667734 4.124518758527525 4.123247970387317 4.121977182247109 4.120706394106901 4.119435605966692 4.118164817826484 4.116894029686276 4.115623241546065 4.114352453405857 4.113081665265648 4.11181087712544 4.110540088985232 4.109269300845024 4.107998512704815 4.106727724564607 4.105456936424399 4.10418614828419 4.102915360143982 4.1016445720037735 4.100373783863565 4.099102995723355 4.097832207583147 4.096561419442938 4.095885887460901 4.095846697765286
-9999.0 -9999.0 -9999.0 -9999.0 -9999.0 -9999.0 -9999.0 4.1243612710637425 4.125760228095755 4.127159185127769 4.128558142159782 4.129957099191795 4.13019301870951 4.1291856248446885 4.128178230979869 4.127170837115051 4.126163443250231 4.125156049385412 4.124148655520592 4.123141261655774 4.1221338677909545 4.121126473926135 4.1201190800613166 4.119111686196497 4.118104292331678 4.117096898466858 4.116089504602038 4.115082110737219 4.114074716872399 4.113067323007581 4.112059929142761 4.111052535277942 4.1100451414131225 4.109037747548304 4.108030353683485 4.107022959818665 4.106015565953847 4.105008172089027 4.104000778224208 4.1029933843593875 4.101985990494568 4.100978596629749 4.1003911655157665 4.100252684073974
-9999.0 -9999.0 -9999.0 -9999.0 -9999.0 -9999.0 -9999.0 -9999.0 4.122825175081563 4.124106547486519 4.125387919891475 4.126669292296431 4.126971761910035 4.126227762320604 4.125483762731173 4.1247397631417435 4.123995763552313 4.123251763962883 4.122507764373453 4.121763764784022 4.121019765194593 4.120275765605162 4.119531766015732 4.118787766426302 4.1180437668368715 4.117299767247442 4.11655576765801 4.11581176806858 4.1150677684791495 4.11432376888972 4.11357976930029 4.112835769710859 4.112091770121429 4.1113477705319985 4.110603770942569 4.109859771353139 4.109115771763708 4.108371772174278 4.1076277725848485 4.106883772995417 4.106139773405986 4.105395773816556 4.104896443570628 4.104658670382657
-9999.0 -9999.0 -9999.0 -9999.0 -9999.0 -9999.0 -9999.0 -9999.0 -9999.0 4.121053909845269 4.122217697623168 4.123381485401067 4.123750505110561 4.123269899796519 4.1227892944824776 4.122308689168436 4.121828083854395 4.121347478540354 4.120866873226313 4.120386267912272 4.119905662598231 4.1194250572841895 4.118944451970148 4.118463846656107 4.117983241342066 4.117502636028024 4.117022030713982 4.116541425399941 4.1160608200859 4.1155802147718585 4.115099609457817 4.114619004143776 4.114138398829735 4.113657793515694 4.113177188201653 4.112696582887612 4.1122159775735705 4.111735372259529 4.111254766945488 4.110774161631446 4.110293556317405 4.109812951003364 4.10940172162549 4.1090646566913405
-9999.0 -9999.0 -9999.0 -9999.0 -9999.0 -9999.0 -9999.0 -9999.0 -9999.0 -9999.0 4.119047475354861 4.120093678505703 4.120529248311087 4.120312037272434 4.120094826233782 4.119877615195129 4.119660404156477 4.119443193117825 4.119225982079173 4.11900877104052 4.118791560001869 4.118574348963216 4.118357137924564 4.118139926885911 4.11792271584726 4.117705504808607 4.117488293769955 4.117271082731302 4.11705387169265 4.116836660653998 4.116619449615346 4.116402238576693 4.116185027538042 4.115967816499389 4.115750605460737 4.115533394422084 4.115316183383433 4.11509897234478 4.114881761306128 4.1146645502674755 4.114447339228823 4.114230128190171 4.113906999680352 4.113470643000023
-9999.0 -9999.0 -9999.0 -9999.0 -9999.0 -9999.0 -9999.0 -9999.0 -9999.0 -9999.0 -9999.0 4.116805871610339 4.117307991511612 4.117354174748349 4.117400357985086 4.117446541221822 4.117492724458559 4.117538907695296 4.117585090932033 4.11763127416877 4.117677457405506 4.117723640642243 4.11776982387898 4.117816007115716 4.1178621903524535 4.11790837358919 4.117954556825927 4.118000740062664 4.1180469232994 4.118093106536137 4.118139289772874 4.118185473009611 4.118231656246348 4.118277839483084 4.118324022719821 4.118370205956558 4.118416389193294 4.118462572430031 4.1185087556667686 4.118554938903505 4.118601122140242 4.118647305376978 4.118412277735214 4.117876629308707
-9999.0 -9999.0 -9999.0 -9999.0 -9999.0 -9999.0 -9999.0 -9999.0 -9999.0 -9999.0 -9999.0 4.113518064714975 4.114086734712138 4.114396312224264 4.11470588973639 4.115015467248516 4.115325044760642 4.115634622272767 4.1159441997848925 4.116253777297018 4.116563354809144 4.11687293232127 4.117182509833396 4.117492087345521 4.117801664857647 4.118111242369773 4.1184208198819 4.118730397394025 4.11903997490615 4.119349552418276 4.119659129930402 4.119968707442528 4.1202782849546535 4.120587862466779 4.120897439978905 4.121207017491031 4.121516595003157 4.1218261725152825 4.122135750027408 4.122445327539534 4.12275490505166 4.123064482563786 4.1229175557900755 4.12228261561739
-9999.0 -9999.0 -9999.0 -9999.0 -9999.0 -9999.0 -9999.0 -9999.0 -9999.0 -9999.0 -9999.0 4.110230257819611 4.110865477912664 4.111438449700179 4.1120114214876935 4.112584393275209 4.113157365062723 4.113730336850238 4.114303308637753 4.114876280425268 4.115449252212782 4.116022224000297 4.116595195787812 4.117168167575326 4.117741139362841 4.118314111150356 4.118887082937872 4.119460054725386 4.120033026512901 4.120605998300416 4.12117897008793 4.121751941875445 4.12232491366296 4.122897885450475 4.123470857237989 4.124043829025504 4.124616800813019 4.1251897726005335 4.125762744388048 4.126335716175564 4.126908687963079 4.127481659750593 4.127422833844937 4.126688601926074
-9999.0 -9999.0 -9999.0 -9999.0 -9999.0 -9999.0 -9999.0 -9999.0 -9999.0 -9999.0 -9999.0 -9999.0 4.107644221113187 4.108480587176092 4.109316953238996 4.1101533193019 4.110989685364804 4.111826051427707 4.112662417490611 4.113498783553515 4.114335149616419 4.115171515679323 4.116007881742227 4.1168442478051315 4.117680613868035 4.118516979930939 4.1193533459938445 4.120189712056748 4.121026078119652 4.121862444182556 4.12269881024546 4.123535176308364 4.124371542371268 4.125207908434172 4.126044274497075 4.126880640559979 4.127717006622883 4.128553372685787 4.129389738748691 4.130226104811596 4.1310624708745 4.131898836937404 4.131928111899803 4.1310945882347605
