Figures/CREST_Example_wjb_NSE/PETs/wjb.pet.20100421.asc
ncols            288
nrows            254
xllcorner        113.274861
yllcorner        31.4918055
cellsize         0.008333333333
NODATA_value     -9999
[rows 19 to 37 of 254, columns 88 to 131 of 288]
0.534294797744231 0.5330876570958398 0.5318805164474485 0.5306733757990552 0.5294662351506639 0.5282590945022726 0.5270519538538813 0.52584481320549 0.5246376725570987 0.5234305319087075 0.5222233912603161 0.5210162506119249 0.5198091099635336 0.5186019693151424 0.5183774463282047 0.5192033638395231 0.5200292813508429 0.5208551988621614 0.5216811163734797 0.5225070338847981 0.5233329513961165 0.5241588689074349 0.5249847864187532 0.5258107039300717 0.52663662144139 0.5274625389527084 0.5282884564640268 0.5291143739753452 0.5299402914866636 0.5307662089979833 0.5315921265093018 0.5324180440206202 0.5332439615319385 -9999.0 -9999.0 -9999.0 -9999.0 -9999.0 -9999.0 -9999.0 -9999.0 -9999.0 -9999.0 -9999.0
0.5334518789947241 0.5320876708837436 0.5307234627727633 0.5293592546617806 0.5279950465508002 0.5266308384398198 0.5252666303288394 0.523902422217859 0.5225382141068786 0.5211740059958982 0.5198097978849179 0.5184455897739374 0.517081381662957 0.5157171735519767 0.5154523002554016 0.5163626407327021 0.5172729812100042 0.5181833216873049 0.5190936621646054 0.5200040026419059 0.5209143431192066 0.5218246835965071 0.5227350240738078 0.5236453645511083 0.5245557050284089 0.5254660455057095 0.5263763859830101 0.5272867264603106 0.5281970669376113 0.5291074074149134 0.5300177478922139 0.5309280883695146 0.5318384288468151 -9999.0 -9999.0 -9999.0 -9999.0 -9999.0 -9999.0 -9999.0 -9999.0 -9999.0 -9999.0 -9999.0
0.5326089602452178 0.5310876846716485 0.5295664090980791 0.5280451335245071 0.5265238579509377 0.5250025823773683 0.523481306803799 0.5219600312302296 0.5204387556566602 0.5189174800830909 0.5173962045095215 0.5158749289359521 0.5143536533623828 0.5128323777888134 0.5125271541826008 0.5135219176258834 0.5145166810691678 0.5155114445124506 0.5165062079557332 0.517500971399016 0.5184957348422986 0.5194904982855814 0.520485261728864 0.5214800251721468 0.5224747886154295 0.5234695520587122 0.5244643155019949 0.5254590789452775 0.5264538423885603 0.5274486058318447 0.5284433692751274 0.5294381327184101 0.5304328961616929 -9999.0 -9999.0 -9999.0 -9999.0 -9999.0 -9999.0 -9999.0 -9999.0 -9999.0 -9999.0 -9999.0
0.5317660414957115 0.5300876984595531 0.5284093554233947 0.5267310123872335 0.5250526693510752 0.5233743263149169 0.5216959832787585 0.5200176402426002 0.5183392972064418 0.5166609541702835 0.5149826111341251 0.5133042680979668 0.5116259250618085 0.5099475820256502 0.5096020081097998 0.5106811945190647 0.5117603809283314 0.5128395673375963 0.513918753746861 0.5149979401561259 0.5160771265653907 0.5171563129746556 0.5182354993839204 0.5193146857931853 0.52039387220245 0.5214730586117149 0.5225522450209797 0.5236314314302446 0.5247106178395095 0.5257898042487761 0.5268689906580409 0.5279481770673058 0.5290273634765706 0.5301065498858355 0.5311857362951002 0.5322649227043651 -9999.0 0.5344232955228948 -9999.0 -9999.0 -9999.0 -9999.0 -9999.0 -9999.0
0.5309231227462051 0.5290877122474579 0.5272523017487105 0.52541689124996 0.5235814807512128 0.5217460702524654 0.5199106597537182 0.5180752492549708 0.5162398387562235 0.5144044282574762 0.5125690177587289 0.5107336072599816 0.5088981967612343 0.5070627862624869 0.5066768620369991 0.5078404714122461 0.509004080787495 0.510167690162742 0.511331299537989 0.5124949089132359 0.5136585182884829 0.5148221276637298 0.5159857370389768 0.5171493464142238 0.5183129557894708 0.5194765651647177 0.5206401745399647 0.5218037839152116 0.5229673932904586 0.5241310026657076 0.5252946120409545 0.5264582214162015 0.5276218307914484 0.5287854401666954 0.5299490495419423 0.5311126589171893 0.5322762682924362 0.5334398776676832 0.5346034870429301 -9999.0 -9999.0 -9999.0 -9999.0 -9999.0
0.5300802039966989 0.5280877260353626 0.5260952480740263 0.5241027701126866 0.5221102921513503 0.520117814190014 0.5181253362286777 0.5161328582673415 0.5141403803060052 0.5121479023446689 0.5101554243833326 0.5081629464219962 0.5061704684606599 0.5041779904993237 0.5037517159641983 0.5049997483054275 0.5062477806466587 0.5074958129878877 0.5087438453291169 0.5099918776703459 0.511239910011575 0.512487942352804 0.5137359746940331 0.5149840070352623 0.5162320393764913 0.5174800717177204 0.5187281040589494 0.5199761364001786 0.5212241687414076 0.5224722010826388 0.523720233423868 0.524968265765097 0.5262162981063261 0.5274643304475551 0.5287123627887842 0.5299603951300134 0.5312084274712424 0.5324564598124715 0.5337044921537005 -9999.0 -9999.0 -9999.0 -9999.0 -9999.0
0.5292372852471926 0.5270877398232673 0.5249381943993421 0.5227886489754131 0.5206391035514879 0.5184895581275626 0.5163400127036374 0.5141904672797121 0.5120409218557869 0.5098913764318616 0.5077418310079364 0.505592285584011 0.5034427401600858 0.5012931947361605 0.5008265698913976 0.5021590251986089 0.5034914805058224 0.5048239358130335 0.5061563911202447 0.507488846427456 0.5088213017346671 0.5101537570418784 0.5114862123490895 0.5128186676563008 0.514151122963512 0.5154835782707231 0.5168160335779344 0.5181484888851455 0.5194809441923568 0.5208133994995703 0.5221458548067814 0.5234783101139926 0.5248107654212039 0.526143220728415 0.5274756760356263 0.5288081313428374 0.5301405866500487 0.5314730419572599 0.532805497264471 -9999.0 -9999.0 -9999.0 -9999.0 -9999.0
0.5283943664976862 0.526087753611172 0.5237811407246578 0.5214745278381396 0.5191679149516254 0.5168613020651112 0.5145546891785969 0.5122480762920827 0.5099414634055685 0.5076348505190542 0.50532823763254 0.5030216247460257 0.5007150118595115 0.49840839897299727 0.49790142381859687 0.4993183020917902 0.5007351803649859 0.5021520586381792 0.5035689369113726 0.5049858151845659 0.5064026934577592 0.5078195717309526 0.5092364500041459 0.5106533282773392 0.5120702065505325 0.5134870848237258 0.5149039630969192 0.5163208413701125 0.5177377196433058 0.5191545979165015 0.5205714761896949 0.5219883544628883 0.5234052327360815 0.5248221110092749 0.5262389892824683 0.5276558675556615 0.5290727458288549 0.5304896241020483 0.5319065023752415 -9999.0 -9999.0 -9999.0 -9999.0 -9999.0
0.5275514477481792 0.5250877673990758 0.5226240870499725 0.5201604067008649 0.5176967263517616 0.5152330460026583 0.5127693656535549 0.5103056853044516 0.5078420049553483 0.5053783246062449 0.5029146442571416 0.5004509639080382 0.4979872835589349 0.4955236032098316 0.49497627774579356 0.4964775789849691 0.49797888022414716 0.4994801814633227 0.5009814827024982 0.5024827839416738 0.5039840851808493 0.5054853864200248 0.5069866876592003 0.5084879888983759 0.5099892901375513 0.5114905913767269 0.5129918926159024 0.514493193855078 0.5159944950942534 0.5174957963334316 0.518997097572607 0.5204983988117826 0.5219997000509581 0.5235010012901337 0.5250023025293091 0.5265036037684847 0.5280049050076602 0.5295062062468358 0.5310075074860112 0.5325088087251868 0.5340101099643623 0.5355114112035378 -9999.0 -9999.0
0.5267215508933671 0.5242115812587533 0.5217016116241395 0.5191916419895215 0.5166816723549077 0.5141717027202939 0.5116617330856801 0.5091517634510663 0.5066417938164525 0.5041318241818387 0.501621854547225 0.49911188491261116 0.49660191527799735 0.49409194564338355 0.49354182653636947 0.49508683195792674 0.49663183737948663 0.4981768428010439 0.4997218482226012 0.5012668536441585 0.5028118590657158 0.504356864487273 0.5059018699088302 0.5074468753303876 0.5089918807519448 0.5105368861735021 0.5120818915950593 0.5136268970166167 0.5151719024381739 0.5167169078597338 0.5182619132812911 0.5198069187028483 0.5213519241244057 0.5228969295459629 0.5244419349675201 0.5259869403890775 0.5275319458106347 0.529076951232192 0.5306219566537492 0.5321669620753066 0.5337119674968638 0.5352569729184211 0.536801978339981 0.5383469837615382
0.525905573622842 0.5234677295885075 0.521029885554173 0.5185920415198343 0.5161541974854998 0.5137163534511653 0.5112785094168308 0.5088406653824963 0.5064028213481617 0.5039649773138273 0.5015271332794927 0.4990892892451582 0.4966514452108237 0.4942136011764892 0.49370083413489263 0.4952460179268288 0.4967912017187676 0.4983363855107038 0.49988156930264 0.5014267530945762 0.5029719368865124 0.5045171206784486 0.5060623044703847 0.5076074882623209 0.5091526720542571 0.5106978558461933 0.5122430396381294 0.5137882234300657 0.5153334072220018 0.5168785910139407 0.5184237748058769 0.5199689585978131 0.5215141423897492 0.5230593261816854 0.5246045099736216 0.5261496937655578 0.527694877557494 0.5292400613494301 0.5307852451413664 0.5323304289333025 0.5338756127252388 0.5354207965171749 0.5369659803091138 0.5385111641010499
0.5250895963523168 0.5227238779182616 0.5203581594842064 0.5179924410501471 0.5156267226160919 0.5132610041820367 0.5108952857479815 0.5085295673139262 0.506163848879871 0.5037981304458158 0.5014324120117606 0.49906669357770533 0.49670097514365014 0.4943352567095949 0.4938598417334158 0.49540520389573084 0.4969505660580486 0.4984959282203637 0.5000412903826787 0.5015866525449939 0.503132014707309 0.5046773768696241 0.5062227390319392 0.5077681011942543 0.5093134633565694 0.5108588255188845 0.5124041876811996 0.5139495498435147 0.5154949120058298 0.5170402741681475 0.5185856363304626 0.5201309984927777 0.5216763606550928 0.5232217228174079 0.524767084979723 0.5263124471420381 0.5278578093043532 0.5294031714666683 0.5309485336289834 0.5324938957912985 0.5340392579536136 0.5355846201159287 0.5371299822782464 0.5386753444405615
0.5242736190817916 0.5219800262480156 0.5196864334142398 0.51739284058046 0.515099247746684 0.5128056549129081 0.5105120620791321 0.5082184692453562 0.5059248764115802 0.5036312835778043 0.5013376907440283 0.49904409791025245 0.4967505050764765 0.4944569122427006 0.4940188493319389 0.4955643898646329 0.4971099303973296 0.4986554709300236 0.5002010114627176 0.5017465519954116 0.5032920925281056 0.5048376330607997 0.5063831735934936 0.5079287141261877 0.5094742546588816 0.5110197951915757 0.5125653357242697 0.5141108762569637 0.5156564167896578 0.5172019573223544 0.5187474978550484 0.5202930383877424 0.5218385789204364 0.5233841194531305 0.5249296599858244 0.5264752005185185 0.5280207410512124 0.5295662815839065 0.5311118221166005 0.5326573626492945 0.5342029031819885 0.5357484437146826 0.5372939842473792 0.5388395247800732
0.5234576418112665 0.5212361745777698 0.5190147073442732 0.5167932401107728 0.5145717728772761 0.5123503056437795 0.5101288384102828 0.5079073711767862 0.5056859039432895 0.5034644367097929 0.5012429694762962 0.49902150224279956 0.4968000350093029 0.4945785677758063 0.49417785693046207 0.495723575833535 0.4972692947366106 0.4988150136396835 0.5003607325427564 0.5019064514458293 0.5034521703489022 0.5049978892519752 0.5065436081550482 0.508089327058121 0.509635045961194 0.5111807648642669 0.5127264837673399 0.5142722026704127 0.5158179215734857 0.5173636404765612 0.5189093593796342 0.5204550782827071 0.5220007971857801 0.5235465160888529 0.5250922349919259 0.5266379538949988 0.5281836727980718 0.5297293917011447 0.5312751106042176 0.5328208295072906 0.5343665484103635 0.5359122673134364 0.537457986216512 0.539003705119585
0.5226416645407406 0.5204923229075233 0.518342981274306 0.5161936396410851 0.5140442980078678 0.5118949563746504 0.5097456147414332 0.5075962731082159 0.5054469314749985 0.5032975898417813 0.501148248208564 0.4989989065753467 0.4968495649421294 0.49470022330891206 0.49433686452898534 0.49588276180243723 0.4974286590758917 0.4989745563493435 0.5005204536227954 0.5020663508962472 0.5036122481696991 0.5051581454431509 0.5067040427166027 0.5082499399900546 0.5097958372635064 0.5113417345369583 0.5128876318104101 0.514433529083862 0.5159794263573138 0.5175253236307683 0.5190712209042201 0.520617118177672 0.5221630154511238 0.5237089127245756 0.5252548099980275 0.5268007072714793 0.5283466045449312 0.529892501818383 0.5314383990918349 0.5329842963652867 0.5345301936387385 0.5360760909121904 0.5376219881856449 0.5391678854590967
0.5218256872702154 0.5197484712372774 0.5176712552043394 0.5155940391713978 0.5135168231384598 0.5114396071055218 0.5093623910725839 0.5072851750396458 0.5052079590067078 0.5031307429737698 0.5010535269408318 0.49897631090789374 0.49689909487495576 0.4948218788420178 0.4944958721275085 0.49604194777133925 0.49758802341517266 0.4991340990590034 0.5006801747028342 0.5022262503466649 0.5037723259904957 0.5053184016343265 0.5068644772781572 0.508410552921988 0.5099566285658187 0.5115027042096495 0.5130487798534803 0.514594855497311 0.5161409311411418 0.5176870067849751 0.519233082428806 0.5207791580726366 0.5223252337164674 0.5238713093602982 0.5254173850041289 0.5269634606479597 0.5285095362917904 0.5300556119356212 0.531601687579452 0.5331477632232827 0.5346938388671135 0.5362399145109442 0.5377859901547777 0.5393320657986084
0.5210097099996902 0.5190046195670315 0.5169995291343729 0.5149944387017107 0.512989348269052 0.5109842578363932 0.5089791674037345 0.5069740769710758 0.504968986538417 0.5029638961057583 0.5009588056730996 0.49895371524044085 0.4969486248077821 0.49494353437512345 0.49465487972603167 0.49620113374024133 0.49774738775445365 0.4992936417686633 0.500839895782873 0.5023861497970826 0.5039324038112923 0.505478657825502 0.5070249118397117 0.5085711658539214 0.5101174198681311 0.5116636738823407 0.5132099278965504 0.51475618191076 0.5163024359249697 0.517848689939182 0.5193949439533917 0.5209411979676014 0.522487451981811 0.5240337059960207 0.5255799600102304 0.52712621402444 0.5286724680386498 0.5302187220528595 0.5317649760670691 0.5333112300812788 0.5348574840954885 0.5364037381096981 0.5379499921239105 0.5394962461381201
0.520193732729165 0.5182607678967857 0.5163278030644062 0.5143948382320235 0.512461873399644 0.5105289085672646 0.5085959437348851 0.5066629789025057 0.5047300140701263 0.5027970492377468 0.5008640844053674 0.49893111957298797 0.49699815474060854 0.4950651899082291 0.4948138873245548 0.4963603197091434 0.49790675209373464 0.4994531844783232 0.5009996168629118 0.5025460492475003 0.504092481632089 0.5056389140166776 0.5071853464012661 0.5087317787858547 0.5102782111704434 0.5118246435550319 0.5133710759396205 0.5149175083242091 0.5164639407087976 0.5180103730933889 0.5195568054779776 0.5211032378625661 0.5226496702471547 0.5241961026317433 0.5257425350163318 0.5272889674009205 0.5288353997855091 0.5303818321700976 0.5319282645546862 0.5334746969392749 0.5350211293238634 0.536567561708452 0.5381139940930432 0.5396604264776318
0.5193777554586398 0.5175169162265397 0.5156560769944396 0.5137952377623363 0.5119343985302361 0.510073559298136 0.5082127200660358 0.5063518808339357 0.5044910416018356 0.5026302023697354 0.5007693631376352 0.4989085239055351 0.49704768467343496 0.4951868454413348 0.49497289492307794 0.4965195056780455 0.49806611643301557 0.4996127271879831 0.5011593379429506 0.5027059486979181 0.5042525594528856 0.5057991702078531 0.5073457809628206 0.5088923917177881 0.5104390024727556 0.5119856132277232 0.5135322239826906 0.5150788347376581 0.5166254454926257 0.5181720562475958 0.5197186670025633 0.5212652777575308 0.5228118885124983 0.5243584992674658 0.5259051100224333 0.5274517207774008 0.5289983315323683 0.5305449422873358 0.5320915530423034 0.5336381637972708 0.5351847745522383 0.5367313853072059 0.538277996062176 0.5398246068171435
