Figures/CREST_Example_wjb_NSE/PETs/wjb.pet.20091223.asc
ncols            288
nrows            254
xllcorner        113.274861
yllcorner        31.4918055
cellsize         0.008333333333
NODATA_value     -9999
[rows 57 to 75 of 254, columns 176 to 219 of 288]
0.7228042862490058 0.7224343174281721 0.7220643486073384 0.7216943797865045 0.7213244109656708 0.7209544421448371 0.7205844733240026 0.7202145045031688 0.7198445356823351 -9999.0 -9999.0 0.7187346292198337 -9999.0 -9999.0 -9999.0 -9999.0 -9999.0 -9999.0 0.7170899560124023 -9999.0 -9999.0 -9999.0 -9999.0 -9999.0 -9999.0 -9999.0 -9999.0 0.717185480601492 -9999.0 -9999.0 -9999.0 -9999.0 -9999.0 -9999.0 -9999.0 -9999.0 -9999.0 -9999.0 -9999.0 -9999.0 -9999.0 -9999.0 -9999.0 -9999.0
0.7225059010411806 0.7221401096576975 0.7217743182742143 0.7214085268907312 0.7210427355072481 0.7206769441237649 0.7203111527402812 0.7199453613567981 0.719579569973315 0.7192137785898318 0.7188479872063488 0.7184821958228657 0.7181164044393825 0.7177506130558994 0.7173848216724162 0.7170190302889331 0.7168366805236116 0.7168504339987665 0.7168641874739214 0.7168779409490763 -9999.0 -9999.0 -9999.0 -9999.0 -9999.0 -9999.0 0.7169742152751605 0.7169879687503153 0.7170017222254702 0.7170154757006251 0.7170292291757799 0.7170429826509348 0.7170567361260897 0.7170704896012445 -9999.0 -9999.0 -9999.0 -9999.0 -9999.0 -9999.0 -9999.0 -9999.0 -9999.0 -9999.0
0.7218690383064739 0.7215206501534491 0.7211722620004244 0.7208238738473997 0.7204754856943749 0.7201270975413502 0.7197787093883249 0.7194303212353002 0.7190819330822754 0.7187335449292508 0.718385156776226 0.7180367686232013 0.7176883804701766 0.7173399923171518 0.7169916041641271 0.7166432160111024 0.7164641902844272 0.7164662168236169 0.7164682433628066 0.7164702699019962 0.7164722964411859 0.7164743229803756 0.7164763495195653 0.716478376058755 0.7164804025979447 0.7164824291371343 0.716484455676324 0.7164864822155137 0.7164885087547034 0.7164905352938931 0.7164925618330827 0.7164945883722724 0.7164966149114621 0.7164986414506518 -9999.0 -9999.0 -9999.0 -9999.0 -9999.0 -9999.0 -9999.0 -9999.0 -9999.0 -9999.0
0.7212321755717677 0.7209011906492013 0.720570205726635 0.7202392208040687 0.7199082358815023 0.719577250958936 0.7192462660363691 0.7189152811138028 0.7185842961912364 0.7182533112686701 0.7179223263461038 0.7175913414235374 0.7172603565009711 0.7169293715784048 0.7165983866558384 0.7162674017332721 0.7160917000452433 0.7160819996484677 0.7160722992516922 0.7160625988549166 0.7160528984581411 0.7160431980613656 0.7160334976645901 0.7160237972678146 0.7160140968710391 0.7160043964742636 0.7159946960774881 0.7159849956807126 0.7159752952839371 0.7159655948871616 0.7159558944903861 0.7159461940936106 0.7159364936968351 0.7159267933000595 -9999.0 -9999.0 -9999.0 -9999.0 -9999.0 -9999.0 -9999.0 -9999.0 -9999.0 -9999.0
0.7205953128370615 0.7202817311449535 0.7199681494528455 0.7196545677607376 0.7193409860686296 0.7190274043765217 0.7187138226844132 0.7184002409923053 0.7180866593001973 0.7177730776080894 0.7174594959159815 0.7171459142238735 0.7168323325317656 0.7165187508396577 0.7162051691475497 0.7158915874554418 0.7157192098060592 0.7156977824733184 -9999.0 -9999.0 -9999.0 0.7156120731423556 0.715590645809615 0.7155692184768743 0.7155477911441335 0.7155263638113928 0.7155049364786521 0.7154835091459114 0.7154620818131707 0.71544065448043 0.7154192271476894 0.7153977998149487 -9999.0 -9999.0 -9999.0 -9999.0 -9999.0 -9999.0 -9999.0 -9999.0 -9999.0 -9999.0 -9999.0 -9999.0
0.7199584501023553 0.7196622716407057 0.7193660931790561 0.7190699147174066 0.718773736255757 0.7184775577941075 0.7181813793324574 0.7178852008708079 0.7175890224091583 0.7172928439475088 0.7169966654858592 0.7167004870242096 0.7164043085625601 0.7161081301009106 0.715811951639261 0.7155157731776115 0.7153467195668751 0.7153135652981693 -9999.0 -9999.0 -9999.0 0.7151809482233457 0.7151477939546398 0.7151146396859339 0.715081485417228 0.7150483311485221 0.7150151768798162 -9999.0 -9999.0 -9999.0 -9999.0 -9999.0 -9999.0 -9999.0 -9999.0 -9999.0 -9999.0 -9999.0 -9999.0 -9999.0 -9999.0 -9999.0 -9999.0 -9999.0
0.719321587367649 0.7190428121364578 0.7187640369052667 0.7184852616740756 0.7182064864428843 0.7179277112116932 0.7176489359805015 0.7173701607493104 0.7170913855181192 0.7168126102869281 0.7165338350557369 0.7162550598245457 0.7159762845933546 0.7156975093621634 0.7154187341309722 0.7151399588997811 0.7149742293276911 0.71492934812302 -9999.0 -9999.0 -9999.0 -9999.0 -9999.0 -9999.0 -9999.0 -9999.0 -9999.0 -9999.0 -9999.0 -9999.0 -9999.0 -9999.0 -9999.0 -9999.0 -9999.0 -9999.0 -9999.0 -9999.0 -9999.0 -9999.0 -9999.0 -9999.0 -9999.0 -9999.0
0.7186847246329428 0.71842335263221 0.7181619806314772 0.7179006086307445 0.7176392366300116 0.7173778646292789 0.7171164926285457 0.7168551206278129 0.7165937486270801 0.7163323766263473 0.7160710046256146 0.7158096326248817 0.715548260624149 0.7152868886234163 0.7150255166226834 0.7147641446219507 0.714601739088507 0.7145451309478706 -9999.0 -9999.0 -9999.0 -9999.0 -9999.0 -9999.0 -9999.0 -9999.0 -9999.0 -9999.0 -9999.0 -9999.0 -9999.0 -9999.0 -9999.0 -9999.0 -9999.0 -9999.0 -9999.0 -9999.0 -9999.0 -9999.0 -9999.0 -9999.0 -9999.0 -9999.0
0.7180478618982366 0.7178038931279621 0.7175599243576878 0.7173159555874133 0.717071986817139 0.7168280180468646 0.7165840492765898 0.7163400805063155 0.716096111736041 0.7158521429657667 0.7156081741954923 0.715364205425218 0.7151202366549435 0.7148762678846692 0.7146322991143947 0.7143883303441204 0.7142292488493229 0.7141609137727215 0.7140925786961201 -9999.0 -9999.0 -9999.0 -9999.0 -9999.0 -9999.0 -9999.0 -9999.0 -9999.0 -9999.0 -9999.0 -9999.0 -9999.0 -9999.0 -9999.0 -9999.0 -9999.0 -9999.0 -9999.0 -9999.0 -9999.0 -9999.0 -9999.0 -9999.0 -9999.0
0.7174109991635298 0.7171844336237138 0.7169578680838978 0.7167313025440818 0.7165047370042659 0.7162781714644498 0.7160516059246335 0.7158250403848175 0.7155984748450015 0.7153719093051856 0.7151453437653695 0.7149187782255536 0.7146922126857376 0.7144656471459216 0.7142390816061056 0.7140125160662897 0.7138567586101385 0.7137766965975719 0.7136966345850052 -9999.0 -9999.0 -9999.0 -9999.0 -9999.0 -9999.0 -9999.0 -9999.0 -9999.0 -9999.0 -9999.0 -9999.0 -9999.0 -9999.0 -9999.0 -9999.0 -9999.0 -9999.0 -9999.0 -9999.0 -9999.0 -9999.0 -9999.0 -9999.0 -9999.0
0.7167741364288236 0.716564974119466 0.7163558118101084 0.7161466495007508 0.7159374871913933 0.7157283248820356 0.7155191625726777 0.7153100002633201 0.7151008379539625 0.714891675644605 0.7146825133352473 0.7144733510258897 0.7142641887165322 0.7140550264071746 0.713845864097817 0.7136367017884594 0.7134842683709546 0.7133924794224227 0.7133006904738909 0.7132089015253589 -9999.0 -9999.0 -9999.0 -9999.0 -9999.0 -9999.0 -9999.0 -9999.0 -9999.0 -9999.0 -9999.0 -9999.0 -9999.0 -9999.0 -9999.0 -9999.0 -9999.0 -9999.0 -9999.0 -9999.0 -9999.0 -9999.0 -9999.0 -9999.0
0.7161372736941174 0.7159455146152182 0.7157537555363189 0.7155619964574198 0.7153702373785206 0.7151784782996213 0.7149867192207219 0.7147949601418226 0.7146032010629234 0.7144114419840242 0.714219682905125 0.7140279238262258 0.7138361647473266 0.7136444056684274 0.7134526465895282 0.713260887510629 0.7131117781317705 0.7130082622472734 0.7129047463627765 -9999.0 -9999.0 -9999.0 -9999.0 -9999.0 -9999.0 -9999.0 -9999.0 -9999.0 -9999.0 -9999.0 -9999.0 -9999.0 -9999.0 -9999.0 -9999.0 -9999.0 -9999.0 -9999.0 -9999.0 -9999.0 -9999.0 -9999.0 -9999.0 -9999.0
0.7155004109594112 0.7153260551109704 0.7151516992625295 0.7149773434140888 0.714802987565648 0.7146286317172071 0.714454275868766 0.7142799200203253 0.7141055641718844 0.7139312083234436 0.7137568524750028 0.7135824966265619 0.7134081407781212 0.7132337849296804 0.7130594290812395 0.7128850732327987 0.7127392878925864 0.7126240450721243 -9999.0 -9999.0 -9999.0 -9999.0 -9999.0 -9999.0 -9999.0 -9999.0 -9999.0 -9999.0 -9999.0 -9999.0 -9999.0 -9999.0 -9999.0 -9999.0 -9999.0 -9999.0 -9999.0 -9999.0 -9999.0 -9999.0 -9999.0 -9999.0 -9999.0 -9999.0
0.714863548224705 0.7147065956067226 0.7145496429887401 0.7143926903707577 0.7142357377527753 0.7140787851347928 0.7139218325168102 0.7137648798988278 0.7136079272808453 0.7134509746628629 0.7132940220448805 0.713137069426898 0.7129801168089156 0.7128231641909332 0.7126662115729507 0.7125092589549683 0.7123667976534024 0.7122398278969749 -9999.0 -9999.0 -9999.0 -9999.0 -9999.0 -9999.0 -9999.0 -9999.0 -9999.0 -9999.0 -9999.0 -9999.0 -9999.0 -9999.0 -9999.0 -9999.0 -9999.0 -9999.0 -9999.0 -9999.0 -9999.0 -9999.0 -9999.0 -9999.0 -9999.0 -9999.0
0.7142266854899987 0.7140871361024747 0.7139475867149506 0.7138080373274266 0.7136684879399026 0.7135289385523785 0.7133893891648543 0.7132498397773303 0.7131102903898062 0.7129707410022822 0.7128311916147582 0.7126916422272341 0.71255209283971 0.712412543452186 0.7122729940646619 0.7121334446771379 0.7119943074142183 0.7118556107218257 -9999.0 -9999.0 -9999.0 -9999.0 -9999.0 -9999.0 -9999.0 -9999.0 -9999.0 -9999.0 -9999.0 -9999.0 -9999.0 -9999.0 -9999.0 -9999.0 -9999.0 -9999.0 -9999.0 -9999.0 -9999.0 -9999.0 -9999.0 -9999.0 -9999.0 -9999.0
0.7135898227552919 0.7134676765982263 0.7133455304411607 0.713223384284095 0.7131012381270294 0.7129790919699638 0.7128569458128979 0.7127347996558323 0.7126126534987667 0.712490507341701 0.7123683611846354 0.7122462150275698 0.7121240688705042 0.7120019227134385 0.7118797765563729 0.7117576303993073 0.7116218171750339 0.7114713935466762 0.7113209699183184 -9999.0 -9999.0 -9999.0 -9999.0 -9999.0 -9999.0 -9999.0 -9999.0 -9999.0 -9999.0 -9999.0 -9999.0 -9999.0 -9999.0 -9999.0 -9999.0 -9999.0 -9999.0 -9999.0 -9999.0 -9999.0 -9999.0 -9999.0 -9999.0 -9999.0
0.7129529600205857 0.7128482170939785 0.7127434741673713 0.712638731240764 0.7125339883141568 0.7124292453875495 0.7123245024609421 0.7122197595343349 0.7121150166077276 0.7120102736811204 0.7119055307545131 0.7118007878279059 0.7116960449012987 0.7115913019746914 0.7114865590480842 0.7113818161214769 0.7112493269358499 0.7110871763715269 0.710925025807204 0.7107628752428806 0.7106007246785577 0.7104385741142347 -9999.0 -9999.0 -9999.0 -9999.0 -9999.0 -9999.0 -9999.0 -9999.0 -9999.0 -9999.0 -9999.0 -9999.0 -9999.0 -9999.0 -9999.0 -9999.0 -9999.0 -9999.0 -9999.0 -9999.0 -9999.0 -9999.0
0.7123160972858795 0.7122287575897307 0.7121414178935819 0.712054078197433 0.7119667385012841 0.7118793988051353 0.7117920591089864 0.7117047194128374 0.7116173797166886 0.7115300400205398 0.7114427003243909 0.711355360628242 0.7112680209320932 0.7111806812359444 0.7110933415397955 0.7110060018436466 0.7108768366966659 0.7107029591963777 0.7105290816960895 0.7103552041958011 0.7101813266955129 0.7100074491952247 0.7098335716949365 0.7096596941946484 0.7094858166943603 -9999.0 -9999.0 -9999.0 -9999.0 -9999.0 -9999.0 -9999.0 -9999.0 -9999.0 -9999.0 -9999.0 -9999.0 -9999.0 -9999.0 -9999.0 -9999.0 -9999.0 -9999.0 -9999.0
0.7116792345511733 0.7116092980854829 0.7115393616197924 0.7114694251541019 0.7113994886884115 0.711329552222721 0.7112596157570305 0.7111896792913399 0.7111197428256495 0.7110498063599591 0.7109798698942685 0.7109099334285781 0.7108399969628877 0.7107700604971972 0.7107001240315067 0.7106301875658163 0.7105043464574818 0.7103187420212285 0.7101331375849751 0.7099475331487214 0.709761928712468 0.7095763242762146 0.7093907198399614 0.709205115403708 0.7090195109674546 -9999.0 -9999.0 -9999.0 -9999.0 -9999.0 0.7079058843499345 -9999.0 -9999.0 -9999.0 -9999.0 -9999.0 -9999.0 -9999.0 -9999.0 -9999.0 -9999.0 -9999.0 -9999.0 -9999.0
