Figures/CREST_Example_wjb_NSE/PETs/wjb.pet.20101124.asc
ncols            288
nrows            254
xllcorner        113.274861
yllcorner        31.4918055
cellsize         0.008333333333
NODATA_value     -9999
[rows 95 to 113 of 254, columns 44 to 87 of 288]
0.584465159318649 0.5833835197369437 0.5823018801552384 0.5812202405735332 0.5801386009918279 0.5790569614101226 0.5779753218284174 0.5768936822467121 0.575812042665005 0.5747304030832997 0.5736487635015944 0.5725671239198892 0.5714854843381839 0.5704038447564787 0.5693222051747734 0.5682405655930681 0.5671589260113629 0.5660772864296575 0.5649956468479522 0.563914007266247 0.5628323676845417 0.5617507281028347 0.5606690885211294 0.5595874489394241 0.5585058093577189 0.5574241697760135 0.5563425301943082 0.555260890612603 0.5544501796700811 0.553929097567475 0.5534080154648687 0.5528869333622625 0.5523658512596563 0.55184476915705 0.5513236870544429 0.5508026049518367 0.5502815228492305 0.5497604407466243 0.5492393586440181 0.5487182765414118 0.5481971944388057 0.5476761123361994 0.5471550302335932 0.546633948130987
0.5821236686659194 0.581055313248121 0.5799869578303225 0.5789186024125241 0.5778502469947258 0.5767818915769274 0.5757135361591289 0.5746451807413305 0.5735768253235303 0.5725084699057319 0.5714401144879335 0.5703717590701352 0.5693034036523367 0.5682350482345383 0.5671666928167399 0.5660983373989416 0.5650299819811431 0.5639616265633447 0.5628932711455463 0.561824915727748 0.5607565603099495 0.5596882048921493 0.558619849474351 0.5575514940565525 0.5564831386387541 0.5554147832209557 0.5543464278031573 0.5532780723853589 0.5524792954122186 0.551968703890524 0.5514581123688294 0.5509475208471348 0.5504369293254402 0.5499263378037456 0.54941574628205 0.5489051547603554 0.5483945632386608 0.5478839717169661 0.5473733801952715 0.5468627886735768 0.5463521971518822 0.5458416056301876 0.5453310141084929 0.5448204225867983
0.5797821780131899 0.5787271067592983 0.5776720355054068 0.5766169642515152 0.5755618929976237 0.5745068217437321 0.5734517504898407 0.5723966792359491 0.5713416079820558 0.5702865367281642 0.5692314654742727 0.5681763942203811 0.5671213229664896 0.5660662517125981 0.5650111804587066 0.563956109204815 0.5629010379509235 0.5618459666970319 0.5607908954431404 0.5597358241892488 0.5586807529353573 0.557625681681464 0.5565706104275725 0.5555155391736809 0.5544604679197894 0.5534053966658978 0.5523503254120063 0.5512952541581148 0.5505084111543562 0.5500083102135731 0.5495082092727901 0.5490081083320071 0.548508007391224 0.548007906450441 0.547507805509657 0.5470077045688739 0.5465076036280909 0.5460075026873079 0.5455074017465248 0.5450073008057418 0.5445071998649588 0.5440070989241756 0.5435069979833926 0.5430068970426096
0.5774406873604582 0.5763989002704736 0.5753571131804889 0.5743153260905042 0.5732735390005196 0.5722317519105349 0.5711899648205503 0.5701481777305656 0.5691063906405792 0.5680646035505945 0.5670228164606099 0.5659810293706252 0.5649392422806405 0.5638974551906559 0.5628556681006712 0.5618138810106866 0.5607720939207019 0.5597303068307173 0.5586885197407326 0.5576467326507479 0.5566049455607633 0.5555631584707769 0.5545213713807923 0.5534795842908076 0.552437797200823 0.5513960101108383 0.5503542230208537 0.549312435930869 0.548537526896492 0.5480479165366205 0.5475583061767492 0.5470686958168777 0.5465790854570062 0.5460894750971348 0.5455998647372625 0.545110254377391 0.5446206440175195 0.5441310336576481 0.5436414232977766 0.5431518129379052 0.5426622025780338 0.5421725922181623 0.5416829818582908 0.5411933714984194
0.5750991967077287 0.5740706937816509 0.5730421908555731 0.5720136879294954 0.5709851850034176 0.5699566820773397 0.5689281791512619 0.5678996762251841 0.5668711732991046 0.5658426703730268 0.564814167446949 0.5637856645208712 0.5627571615947935 0.5617286586687157 0.5607001557426379 0.5596716528165601 0.5586431498904822 0.5576146469644045 0.5565861440383267 0.5555576411122489 0.5545291381861711 0.5535006352600916 0.5524721323340138 0.551443629407936 0.5504151264818582 0.5493866235557805 0.5483581206297027 0.5473296177036249 0.5465666426386295 0.5460875228596697 0.5456084030807098 0.5451292833017499 0.54465016352279 0.5441710437438302 0.5436919239648695 0.5432128041859097 0.5427336844069498 0.5422545646279899 0.54177544484903 0.5412963250700701 0.5408172052911102 0.5403380855121503 0.5398589657331905 0.5393798459542306
0.5727577060549991 0.5717424872928282 0.5707272685306573 0.5697120497684863 0.5686968310063154 0.5676816122441445 0.5666663934819736 0.5656511747198026 0.5646359559576299 0.563620737195459 0.5626055184332881 0.5615902996711172 0.5605750809089463 0.5595598621467753 0.5585446433846044 0.5575294246224335 0.5565142058602626 0.5554989870980916 0.5544837683359207 0.5534685495737498 0.5524533308115789 0.5514381120494063 0.5504228932872354 0.5494076745250644 0.5483924557628935 0.5473772370007226 0.5463620182385517 0.5453467994763808 0.5445957583807671 0.5441271291827188 0.5436584999846705 0.5431898707866222 0.5427212415885739 0.5422526123905256 0.5417839831924766 0.5413153539944282 0.54084672479638 0.5403780955983316 0.5399094664002834 0.5394408372022351 0.5389722080041868 0.5385035788061385 0.5380349496080902 0.5375663204100419
0.5704162154022695 0.5694142808040055 0.5684123462057413 0.5674104116074773 0.5664084770092133 0.5654065424109492 0.5644046078126852 0.5634026732144211 0.5624007386161554 0.5613988040178913 0.5603968694196273 0.5593949348213632 0.5583930002230991 0.5573910656248351 0.5563891310265711 0.555387196428307 0.5543852618300429 0.5533833272317789 0.5523813926335148 0.5513794580352508 0.5503775234369868 0.549375588838721 0.5483736542404569 0.5473717196421929 0.5463697850439287 0.5453678504456647 0.5443659158474007 0.5433639812491367 0.5426248741229046 0.5421667355057679 0.5417085968886312 0.5412504582714944 0.5407923196543578 0.5403341810372211 0.5398760424200836 0.5394179038029469 0.5389597651858101 0.5385016265686735 0.5380434879515368 0.5375853493344 0.5371272107172633 0.5366690721001266 0.53621093348299 0.5357527948658533
0.5680747247495399 0.5670860743151827 0.5660974238808255 0.5651087734464684 0.5641201230121111 0.563131472577754 0.5621428221433967 0.5611541717090396 0.5601655212746807 0.5591768708403235 0.5581882204059664 0.5571995699716091 0.556210919537252 0.5552222691028947 0.5542336186685376 0.5532449682341805 0.5522563177998232 0.5512676673654661 0.5502790169311088 0.5492903664967517 0.5483017160623945 0.5473130656280356 0.5463244151936785 0.5453357647593212 0.5443471143249641 0.5433584638906069 0.5423698134562497 0.5413811630218925 0.5406539898650421 0.540206341828817 0.5397586937925919 0.5393110457563668 0.5388633977201416 0.5384157496839165 0.5379681016476906 0.5375204536114655 0.5370728055752404 0.5366251575390153 0.5361775095027901 0.535729861466565 0.5352822134303399 0.5348345653941148 0.5343869173578897 0.5339392693216645
0.5657332340968103 0.56475786782636 0.5637825015559097 0.5628071352854593 0.561831769015009 0.5608564027445587 0.5598810364741084 0.5589056702036581 0.5579303039332061 0.5569549376627557 0.5559795713923055 0.5550042051218551 0.5540288388514049 0.5530534725809545 0.5520781063105041 0.5511027400400539 0.5501273737696035 0.5491520074991533 0.5481766412287029 0.5472012749582525 0.5462259086878023 0.5452505424173503 0.5442751761469 0.5432998098764497 0.5423244436059993 0.541349077335549 0.5403737110650987 0.5393983447946484 0.5386831056071796 0.5382459481518661 0.5378087906965525 0.537371633241239 0.5369344757859255 0.536497318330612 0.5360601608752976 0.5356230034199841 0.5351858459646706 0.5347486885093571 0.5343115310540435 0.53387437359873 0.5334372161434164 0.533000058688103 0.5325629012327894 0.5321257437774758
0.5633917434440807 0.5624296613375372 0.5614675792309938 0.5605054971244503 0.5595434150179069 0.5585813329113635 0.55761925080482 0.5566571686982765 0.5556950865917315 0.554733004485188 0.5537709223786446 0.5528088402721011 0.5518467581655576 0.5508846760590143 0.5499225939524708 0.5489605118459273 0.5479984297393838 0.5470363476328404 0.546074265526297 0.5451121834197535 0.5441501013132101 0.5431880192066649 0.5422259371001216 0.5412638549935781 0.5403017728870346 0.5393396907804912 0.5383776086739477 0.5374155265674043 0.5367122213493172 0.5362855544749152 0.5358588876005133 0.5354322207261113 0.5350055538517093 0.5345788869773074 0.5341522201029046 0.5337255532285028 0.5332988863541008 0.5328722194796989 0.5324455526052969 0.532018885730895 0.531592218856493 0.531165551982091 0.5307388851076891 0.5303122182332871
0.5610502527913491 0.5601014548487125 0.559152656906076 0.5582038589634394 0.5572550610208028 0.5563062630781662 0.5553574651355297 0.5544086671928932 0.5534598692502549 0.5525110713076183 0.5515622733649818 0.5506134754223452 0.5496646774797087 0.5487158795370721 0.5477670815944355 0.546818283651799 0.5458694857091624 0.5449206877665258 0.5439718898238892 0.5430230918812526 0.5420742939386161 0.5411254959959779 0.5401766980533413 0.5392279001107048 0.5382791021680682 0.5373303042254316 0.536381506282795 0.5354327083401584 0.534741337091453 0.5343251607979627 0.5339089845044723 0.5334928082109819 0.5330766319174916 0.5326604556240012 0.5322442793305101 0.5318281030370198 0.5314119267435294 0.5309957504500391 0.5305795741565487 0.5301633978630583 0.529747221569568 0.5293310452760777 0.5289148689825872 0.5284986926890969
0.5587087621386195 0.5577732483598898 0.5568377345811601 0.5559022208024305 0.5549667070237007 0.554031193244971 0.5530956794662413 0.5521601656875116 0.5512246519087803 0.5502891381300506 0.5493536243513208 0.5484181105725912 0.5474825967938615 0.5465470830151318 0.5456115692364021 0.5446760554576724 0.5437405416789427 0.542805027900213 0.5418695141214833 0.5409340003427536 0.5399984865640238 0.5390629727852926 0.5381274590065629 0.5371919452278332 0.5362564314491035 0.5353209176703738 0.534385403891644 0.5334498901129143 0.5327704528335905 0.5323647671210118 0.531959081408433 0.5315533956958541 0.5311477099832754 0.5307420242706966 0.5303363385581171 0.5299306528455384 0.5295249671329596 0.5291192814203808 0.5287135957078021 0.5283079099952233 0.5279022242826445 0.5274965385700657 0.5270908528574869 0.5266851671449082
0.55636727148589 0.5554450418710671 0.5545228122562443 0.5536005826414215 0.5526783530265986 0.5517561234117758 0.550833893796953 0.5499116641821301 0.5489894345673058 0.548067204952483 0.54714497533766 0.5462227457228372 0.5453005161080144 0.5443782864931915 0.5434560568783687 0.5425338272635458 0.541611597648723 0.5406893680339002 0.5397671384190774 0.5388449088042545 0.5379226791894317 0.5370004495746072 0.5360782199597844 0.5351559903449616 0.5342337607301387 0.5333115311153159 0.5323893015004931 0.5314670718856702 0.5307995685757281 0.5304043734440609 0.5300091783123936 0.5296139831807264 0.5292187880490592 0.528823592917392 0.5284283977857241 0.528033202654057 0.5276380075223898 0.5272428123907226 0.5268476172590554 0.5264524221273882 0.526057226995721 0.5256620318640538 0.5252668367323866 0.5248716416007194
0.5540257808331605 0.5531168353822444 0.5522078899313285 0.5512989444804125 0.5503899990294966 0.5494810535785806 0.5485721081276645 0.5476631626767486 0.5467542172258311 0.5458452717749152 0.5449363263239991 0.5440273808730832 0.5431184354221672 0.5422094899712513 0.5413005445203353 0.5403915990694194 0.5394826536185033 0.5385737081675874 0.5376647627166714 0.5367558172657554 0.5358468718148395 0.5349379263639219 0.534028980913006 0.53312003546209 0.5322110900111741 0.531302144560258 0.5303931991093421 0.5294842536584261 0.5288286843178656 0.5284439797671099 0.5280592752163543 0.5276745706655988 0.5272898661148431 0.5269051615640875 0.5265204570133313 0.5261357524625756 0.52575104791182 0.5253663433610645 0.5249816388103088 0.5245969342595532 0.5242122297087976 0.523827525158042 0.5234428206072864 0.5230581160565307
0.5516842901804309 0.5507886288934217 0.5498929676064126 0.5489973063194035 0.5481016450323944 0.5472059837453853 0.5463103224583762 0.545414661171367 0.5445189998843565 0.5436233385973473 0.5427276773103382 0.5418320160233292 0.5409363547363201 0.5400406934493109 0.5391450321623019 0.5382493708752928 0.5373537095882837 0.5364580483012745 0.5355623870142655 0.5346667257272564 0.5337710644402472 0.5328754031532367 0.5319797418662275 0.5310840805792184 0.5301884192922093 0.5292927580052003 0.5283970967181911 0.527501435431182 0.526857800060003 0.526483586090159 0.526109372120315 0.525735158150471 0.525360944180627 0.5249867302107829 0.5246125162409383 0.5242383022710942 0.5238640883012502 0.5234898743314061 0.5231156603615622 0.5227414463917182 0.5223672324218741 0.52199301845203 0.5216188044821861 0.5212445905123421
0.5493427995277013 0.548460422404599 0.5475780452814968 0.5466956681583945 0.5458132910352923 0.5449309139121901 0.5440485367890878 0.5431661596659856 0.5422837825428819 0.5414014054197797 0.5405190282966774 0.5396366511735752 0.5387542740504729 0.5378718969273707 0.5369895198042685 0.5361071426811662 0.535224765558064 0.5343423884349617 0.5334600113118595 0.5325776341887573 0.531695257065655 0.5308128799425513 0.5299305028194491 0.5290481256963468 0.5281657485732446 0.5272833714501424 0.5264009943270401 0.5255186172039379 0.5248869158021405 0.5245231924132081 0.5241594690242757 0.5237957456353433 0.5234320222464108 0.5230682988574784 0.5227045754685453 0.5223408520796129 0.5219771286906805 0.521613405301748 0.5212496819128156 0.5208859585238831 0.5205222351349507 0.5201585117460182 0.5197947883570858 0.5194310649681534
0.5470013088749697 0.5461322159157743 0.545263122956579 0.5443940299973836 0.5435249370381882 0.5426558440789928 0.5417867511197975 0.5409176581606021 0.5400485652014053 0.53917947224221 0.5383103792830146 0.5374412863238193 0.5365721933646238 0.5357031004054285 0.5348340074462331 0.5339649144870378 0.5330958215278424 0.5322267285686471 0.5313576356094517 0.5304885426502564 0.529619449691061 0.5287503567318641 0.5278812637726688 0.5270121708134734 0.526143077854278 0.5252739848950827 0.5244048919358874 0.523535798976692 0.5229160315442763 0.5225627987362554 0.5222095659282346 0.5218563331202137 0.5215031003121929 0.5211498675041721 0.5207966346961507 0.5204434018881298 0.520090169080109 0.5197369362720882 0.5193837034640673 0.5190304706560465 0.5186772378480256 0.5183240050400048 0.5179707722319838 0.517617539423963
0.5446598182222401 0.5438040094269515 0.542948200631663 0.5420923918363746 0.5412365830410861 0.5403807742457976 0.5395249654505091 0.5386691566552206 0.5378133478599306 0.5369575390646422 0.5361017302693537 0.5352459214740651 0.5343901126787767 0.5335343038834882 0.5326784950881998 0.5318226862929112 0.5309668774976227 0.5301110687023343 0.5292552599070457 0.5283994511117572 0.5275436423164688 0.5266878335211789 0.5258320247258903 0.5249762159306018 0.5241204071353134 0.5232645983400248 0.5224087895447364 0.5215529807494479 0.5209451472864138 0.5206024050593046 0.5202596628321953 0.5199169206050861 0.5195741783779768 0.5192314361508675 0.5188886939237577 0.5185459516966484 0.5182032094695392 0.51786046724243 0.5175177250153207 0.5171749827882114 0.5168322405611021 0.5164894983339929 0.5161467561068837 0.5158040138797744
0.5423183275695105 0.5414758029381288 0.5406332783067472 0.5397907536753656 0.538948229043984 0.5381057044126023 0.5372631797812207 0.536420655149839 0.535578130518456 0.5347356058870744 0.5338930812556928 0.5330505566243111 0.5322080319929295 0.5313655073615479 0.5305229827301663 0.5296804580987846 0.528837933467403 0.5279954088360215 0.5271528842046398 0.5263103595732582 0.5254678349418765 0.5246253103104935 0.5237827856791119 0.5229402610477303 0.5220977364163486 0.521255211784967 0.5204126871535854 0.5195701625222038 0.5189742630285513 0.5186420113823537 0.518309759736156 0.5179775080899583 0.5176452564437607 0.5173130047975629 0.5169807531513647 0.5166485015051671 0.5163162498589694 0.5159839982127717 0.515651746566574 0.5153194949203763 0.5149872432741787 0.514654991627981 0.5143227399817834 0.5139904883355857
