Figures/CREST_Example_wjb_NSE/PETs/wjb.pet.20090121.asc
ncols            288
nrows            254
xllcorner        113.274861
yllcorner        31.4918055
cellsize         0.008333333333
NODATA_value     -9999
[rows 114 to 132 of 254, columns 0 to 43 of 288]
-9999.0 -9999.0 -9999.0 -9999.0 -9999.0 -9999.0 -9999.0 -9999.0 -9999.0 -9999.0 -9999.0 -9999.0 -9999.0 -9999.0 -9999.0 -9999.0 -9999.0 -9999.0 -9999.0 -9999.0 -9999.0 -9999.0 -9999.0 -9999.0 -9999.0 -9999.0 -9999.0 -9999.0 -9999.0 -9999.0 -9999.0 -9999.0 -9999.0 0.8774675005942014 0.8787452454512502 0.8800229903082991 0.8813007351653479 0.8825784800223967 0.8838562248794455 0.8851339697364965 0.8864117145935453 0.8876894594505942 0.8888240890475506 0.8898057251969319
-9999.0 -9999.0 -9999.0 -9999.0 -9999.0 -9999.0 -9999.0 -9999.0 -9999.0 -9999.0 -9999.0 -9999.0 -9999.0 -9999.0 -9999.0 -9999.0 -9999.0 -9999.0 -9999.0 -9999.0 -9999.0 -9999.0 -9999.0 -9999.0 -9999.0 -9999.0 -9999.0 -9999.0 -9999.0 -9999.0 -9999.0 -9999.0 0.8753585806603262 0.876588544807927 0.8778185089555277 0.8790484731031285 0.8802784372507293 0.8815084013983301 0.8827383655459309 0.8839683296935338 0.8851982938411346 0.8864282579887354 0.8875436611512 0.8885365960313706
-9999.0 -9999.0 -9999.0 -9999.0 -9999.0 -9999.0 -9999.0 -9999.0 -9999.0 -9999.0 -9999.0 -9999.0 -9999.0 -9999.0 -9999.0 -9999.0 -9999.0 -9999.0 -9999.0 -9999.0 -9999.0 -9999.0 -9999.0 -9999.0 -9999.0 -9999.0 -9999.0 -9999.0 -9999.0 -9999.0 -9999.0 -9999.0 0.8745274055834998 0.8757095890216525 0.8768917724598053 0.8780739558979581 0.8792561393361108 0.8804383227742636 0.8816205062124163 0.8828026896505711 0.8839848730887239 0.8851670565268766 0.8862632332548495 0.8872674668658093
-9999.0 -9999.0 -9999.0 -9999.0 -9999.0 -9999.0 -9999.0 -9999.0 -9999.0 -9999.0 -9999.0 -9999.0 -9999.0 -9999.0 -9999.0 -9999.0 -9999.0 -9999.0 -9999.0 -9999.0 -9999.0 -9999.0 -9999.0 -9999.0 -9999.0 -9999.0 -9999.0 -9999.0 -9999.0 -9999.0 -9999.0 -9999.0 0.8736962305066736 0.8748306332353782 0.8759650359640829 0.8770994386927876 0.8782338414214924 0.8793682441501971 0.8805026468789018 0.8816370496076085 0.8827714523363132 0.8839058550650178 0.8849828053584989 0.885998337700248
-9999.0 -9999.0 -9999.0 -9999.0 -9999.0 -9999.0 -9999.0 -9999.0 -9999.0 -9999.0 -9999.0 -9999.0 -9999.0 -9999.0 -9999.0 0.8547677819770905 0.8558413104914101 0.8569148390057297 -9999.0 -9999.0 -9999.0 -9999.0 -9999.0 -9999.0 -9999.0 -9999.0 -9999.0 -9999.0 -9999.0 -9999.0 0.8708707096918866 0.8719442382062063 0.8730177667205259 0.8740912952348455 0.8751648237491652 0.8762383522634848 0.8773118807778044 0.878385409292124 0.8794589378064437 0.8805324663207651 0.8816059948350847 0.8826795233494044 0.8837275782683973 0.8847484013382595
-9999.0 -9999.0 -9999.0 -9999.0 -9999.0 -9999.0 -9999.0 -9999.0 -9999.0 -9999.0 -9999.0 -9999.0 -9999.0 0.8535280364730898 0.854526694641702 0.855525352810314 0.8565240109789262 0.8575226691475383 -9999.0 -9999.0 -9999.0 -9999.0 -9999.0 -9999.0 -9999.0 -9999.0 -9999.0 -9999.0 -9999.0 0.8695065671708854 0.8705052253394975 0.8715038835081096 0.8725025416767217 0.8735011998453338 0.8744998580139459 0.875498516182558 0.8764971743511701 0.8774958325197822 0.8784944906883944 0.8794931488570081 0.8804918070256202 0.8814904651942324 0.8824992892514414 0.8835189808733187
-9999.0 -9999.0 -9999.0 -9999.0 -9999.0 -9999.0 -9999.0 -9999.0 -9999.0 -9999.0 -9999.0 -9999.0 -9999.0 0.8544353479977285 0.855359135820633 0.8562829236435376 0.8572067114664423 0.8581304992893469 -9999.0 -9999.0 -9999.0 -9999.0 -9999.0 -9999.0 -9999.0 -9999.0 -9999.0 -9999.0 -9999.0 0.8692159531642036 0.8701397409871082 0.8710635288100128 0.8719873166329174 0.872911104455822 0.8738348922787266 0.8747586801016312 0.8756824679245357 0.8766062557474403 0.8775300435703449 0.8784538313932512 0.8793776192161558 0.8803014070390603 0.8812710002344852 0.8822895604083779
-9999.0 -9999.0 -9999.0 -9999.0 -9999.0 -9999.0 -9999.0 -9999.0 -9999.0 -9999.0 -9999.0 -9999.0 0.8544937420451685 0.855342659522367 0.856191576999564 0.8570404944767612 0.8578894119539583 0.8587383294311554 0.8595872469083524 -9999.0 -9999.0 -9999.0 -9999.0 -9999.0 -9999.0 -9999.0 -9999.0 -9999.0 -9999.0 -9999.0 0.8697742566347189 0.8706231741119159 0.8714720915891131 0.8723210090663102 0.8731699265435072 0.8740188440207043 0.8748677614979014 0.8757166789750984 0.8765655964522956 0.8774145139294941 0.8782634314066912 0.8791123488838882 0.8800427112175292 0.8810601399434371
-9999.0 -9999.0 -9999.0 -9999.0 -9999.0 -9999.0 -9999.0 -9999.0 -9999.0 -9999.0 -9999.0 -9999.0 0.8554759239155147 0.8562499710470056 0.8570240181784952 0.8577980653099848 0.8585721124414744 0.8593461595729639 0.8601202067044534 0.8608942538359431 0.8616683009674326 -9999.0 -9999.0 -9999.0 -9999.0 -9999.0 -9999.0 -9999.0 -9999.0 0.8686347251508401 0.8694087722823296 0.8701828194138191 0.8709568665453088 0.8717309136767983 0.8725049608082879 0.8732790079397774 0.8740530550712671 0.8748271022027566 0.8756011493342462 0.876375196465737 0.8771492435972266 0.8779232907287162 0.878814422200573 0.8798307194784962
-9999.0 -9999.0 -9999.0 -9999.0 -9999.0 -9999.0 -9999.0 -9999.0 -9999.0 -9999.0 -9999.0 -9999.0 0.856458105785861 0.8571572825716443 0.8578564593574263 0.8585556361432084 0.8592548129289904 0.8599539897147724 0.8606531665005546 0.8613523432863366 0.8620515200721186 -9999.0 -9999.0 0.8641490504294648 -9999.0 -9999.0 -9999.0 -9999.0 -9999.0 0.8683441111441583 0.8690432879299403 0.8697424647157224 0.8704416415015045 0.8711408182872865 0.8718399950730685 0.8725391718588505 0.8732383486446327 0.8739375254304147 0.8746367022161967 0.87533587900198 0.8760350557877621 0.8767342325735441 0.877586133183617 0.8786012990135554
-9999.0 -9999.0 -9999.0 -9999.0 -9999.0 -9999.0 -9999.0 -9999.0 -9999.0 -9999.0 -9999.0 -9999.0 0.8574402876562082 0.8580645940962837 0.8586889005363582 0.8593132069764327 0.8599375134165071 0.8605618198565815 0.861186126296656 0.8618104327367305 0.862434739176805 0.8630590456168795 0.8636833520569539 0.8643076584970284 0.8649319649371029 0.8655562713771774 -9999.0 -9999.0 0.8674291906974019 0.8680534971374764 0.8686778035775508 0.8693021100176253 0.8699264164576997 0.8705507228977742 0.8711750293378487 0.8717993357779231 0.8724236422179976 0.8730479486580721 0.8736722550981466 0.8742965615382221 0.8749208679782966 0.8755451744183711 0.8763578441666598 0.8773718785486136
-9999.0 -9999.0 -9999.0 -9999.0 -9999.0 -9999.0 -9999.0 -9999.0 -9999.0 -9999.0 -9999.0 0.8582115165948087 0.8584224695265544 0.8589719056209223 0.8595213417152893 0.8600707778096562 0.8606202139040232 0.8611696499983902 0.8617190860927572 0.8622685221871241 0.862817958281491 0.863367394375858 0.8639168304702249 0.8644662665645919 0.8650157026589589 0.8655651387533259 0.8661145748476937 0.8666640109420607 0.8672134470364277 0.8677628831307946 0.8683123192251616 0.8688617553195286 0.8694111914138956 0.8699606275082624 0.8705100636026294 0.8710594996969964 0.8716089357913633 0.8721583718857303 0.8727078079800973 0.8732572440744651 0.8738066801688321 0.8743561162631991 0.8751295551497039 0.8761424580836729
-9999.0 -9999.0 -9999.0 -9999.0 -9999.0 -9999.0 -9999.0 -9999.0 -9999.0 -9999.0 -9999.0 0.8592351671166082 0.8594046513969007 0.8598792171455609 0.8603537828942204 0.8608283486428798 0.8613029143915393 0.8617774801401987 0.8622520458888582 0.8627266116375176 0.8632011773861771 0.8636757431348365 0.864150308883496 0.8646248746321554 0.8650994403808149 0.8655740061294743 0.8660485718781346 0.866523137626794 0.8669977033754535 0.8674722691241129 0.8679468348727724 0.8684214006214318 0.8688959663700913 0.8693705321187507 0.86984509786741 0.8703196636160695 0.8707942293647289 0.8712687951133884 0.8717433608620478 0.8722179266107082 0.8726924923593676 0.873167058108027 0.8739012661327478 0.8749130376187321
-9999.0 -9999.0 -9999.0 -9999.0 -9999.0 -9999.0 -9999.0 -9999.0 -9999.0 -9999.0 -9999.0 0.8602588176384078 0.860386833267247 0.8607865286701996 0.8611862240731515 0.8615859194761034 0.8619856148790553 0.8623853102820073 0.8627850056849592 0.8631847010879111 0.863584396490863 0.863984091893815 0.8643837872967669 0.8647834826997188 0.8651831781026708 0.8655828735056227 0.8659825689085753 0.8663822643115272 0.8667819597144791 0.8671816551174311 0.8675813505203831 0.867981045923335 0.868380741326287 0.8687804367292389 0.8691801321321908 0.8695798275351427 0.8699795229380947 0.8703792183410466 0.8707789137439985 0.8711786091469511 0.871578304549903 0.871977999952855 0.8726729771157917 0.8736836171537913
-9999.0 -9999.0 -9999.0 -9999.0 -9999.0 -9999.0 -9999.0 -9999.0 -9999.0 -9999.0 -9999.0 0.8612824681602075 0.8613690151375932 0.8616938401948382 0.8620186652520826 0.862343490309327 0.8626683153665714 0.8629931404238158 0.8633179654810602 0.8636427905383046 0.8639676155955491 0.8642924406527935 0.8646172657100379 0.8649420907672823 0.8652669158245268 0.8655917408817712 0.8659165659390161 0.8662413909962605 0.8665662160535049 0.8668910411107493 0.8672158661679937 0.8675406912252381 0.8678655162824827 0.8681903413397271 0.8685151663969715 0.8688399914542159 0.8691648165114603 0.8694896415687047 0.8698144666259491 0.870139291683194 0.8704641167404384 0.8707889417976828 0.8714446880988356 0.8724541966888504
-9999.0 -9999.0 -9999.0 -9999.0 -9999.0 -9999.0 -9999.0 -9999.0 -9999.0 -9999.0 0.8624526886770848 0.862306118682007 0.8623511970079395 0.8626011517194768 0.8628511064310137 0.8631010611425506 0.8633510158540875 0.8636009705656243 0.8638509252771613 0.8641008799886982 0.8643508347002351 0.864600789411772 0.8648507441233089 0.8651006988348457 0.8653506535463826 0.8656006082579196 0.865850562969457 0.8661005176809938 0.8663504723925307 0.8666004271040676 0.8668503818156045 0.8671003365271414 0.8673502912386782 0.8676002459502152 0.8678502006617521 0.868100155373289 0.8683501100848259 0.8686000647963628 0.8688500195078996 0.869099974219437 0.869349928930974 0.8695998836425108 0.8702163990818795 0.8712247762239096
-9999.0 -9999.0 -9999.0 -9999.0 -9999.0 -9999.0 -9999.0 -9999.0 -9999.0 0.8636433563411212 0.8634865627724639 0.8633297692038067 0.8633333788782858 0.8635084632441155 0.8636835476099448 0.8638586319757742 0.8640337163416036 0.864208800707433 0.8643838850732624 0.8645589694390917 0.8647340538049212 0.8649091381707505 0.8650842225365799 0.8652593069024093 0.8654343912682386 0.8656094756340681 0.8657845599998978 0.8659596443657271 0.8661347287315565 0.8663098130973859 0.8664848974632153 0.8666599818290447 0.866835066194874 0.8670101505607034 0.8671852349265329 0.8673603192923622 0.8675354036581916 0.867710488024021 0.8678855723898504 0.8680606567556801 0.8682357411215095 0.8684108254873388 0.8689881100649235 0.8699953557589689
-9999.0 -9999.0 -9999.0 -9999.0 -9999.0 -9999.0 -9999.0 0.8650214882945546 0.8648544711523177 0.8646874540100808 0.864520436867844 0.8643534197256072 0.8643155607486329 0.8644157747687549 0.8645159887888767 0.8646162028089984 0.8647164168291203 0.8648166308492421 0.8649168448693638 0.8650170588894857 0.8651172729096075 0.8652174869297292 0.865317700949851 0.8654179149699729 0.8655181289900947 0.8656183430102165 0.8657185570303385 0.8658187710504602 0.8659189850705821 0.8660191990907039 0.8661194131108256 0.8662196271309475 0.8663198411510693 0.8664200551711911 0.8665202691913129 0.8666204832114347 0.8667206972315565 0.8668209112516783 0.8669211252718001 0.867021339291922 0.8671215533120439 0.8672217673321657 0.8677598210479663 0.8687659352940269
-9999.0 -9999.0 -9999.0 -9999.0 -9999.0 -9999.0 0.8662632738264889 0.8660860331106724 0.8659087923948561 0.8657315516790396 0.8655543109632232 0.8653770702474067 0.8652977426189792 0.8653230862933935 0.8653484299678078 0.865373773642222 0.8653991173166363 0.8654244609910506 0.865449804665465 0.8654751483398793 0.8655004920142935 0.8655258356887078 0.8655511793631221 0.8655765230375364 0.8656018667119507 0.8656272103863649 0.8656525540607793 0.8656778977351935 0.8657032414096079 0.8657285850840222 0.8657539287584365 0.8657792724328508 0.865804616107265 0.8658299597816793 0.8658553034560936 0.8658806471305079 0.8659059908049223 0.8659313344793366 0.8659566781537508 0.8659820218281652 0.8660073655025794 0.8660327091769937 0.8665315320310103 0.8675365148290862
