Figures/CREST_Example_wjb_NSE/PETs/wjb.pet.20090423.asc
ncols            288
nrows            254
xllcorner        113.274861
yllcorner        31.4918055
cellsize         0.008333333333
NODATA_value     -9999
[rows 76 to 94 of 254, columns 0 to 43 of 288]
-9999.0 -9999.0 -9999.0 -9999.0 -9999.0 -9999.0 -9999.0 -9999.0 -9999.0 -9999.0 -9999.0 0.8572977117915044 0.8555762209043106 0.8564782174326091 0.8573802139609059 0.8582822104892028 0.8591842070174998 0.8600862035457966 0.8609882000740935 0.8618901966023904 0.8627921931306872 0.8636941896589841 0.8645961861872811 0.8654981827155779 0.8664001792438748 0.8673021757721717 0.8682041723004701 0.869106168828767 0.8700081653570638 0.8709101618853607 0.8718121584136577 0.8727141549419545 0.8736161514702514 0.8745181479985483 0.8754201445268451 0.8763221410551421 0.877224137583439 0.8781261341117358 0.8790281306400327 0.8799301271683311 0.880832123696628 0.8817341202249249 0.8803701780632662 0.8765838962297486
-9999.0 -9999.0 -9999.0 -9999.0 -9999.0 -9999.0 -9999.0 -9999.0 -9999.0 -9999.0 -9999.0 0.8502845432440157 0.8486241039265742 0.849556079776658 0.8504880556267405 0.8514200314768228 0.8523520073269051 0.8532839831769874 0.8542159590270698 0.8551479348771521 0.8560799107272344 0.8570118865773168 0.8579438624273992 0.8588758382774815 0.8598078141275638 0.8607397899776461 0.8616717658277301 0.8626037416778124 0.8635357175278947 0.8644676933779771 0.8653996692280594 0.8663316450781418 0.8672636209282241 0.8681955967783065 0.8691275726283888 0.8700595484784711 0.8709915243285534 0.8719235001786358 0.8728554760287182 0.873787451878802 0.8747194277288844 0.8756514035789668 0.8743799862939297 0.8707530919487407
-9999.0 -9999.0 -9999.0 -9999.0 -9999.0 -9999.0 -9999.0 -9999.0 -9999.0 -9999.0 -9999.0 0.8432713746965272 0.8416719869488378 0.8426339421207073 0.843595897292575 0.8445578524644428 0.8455198076363106 0.8464817628081784 0.8474437179800461 0.848405673151914 0.8493676283237818 0.8503295834956496 0.8512915386675173 0.8522534938393851 0.8532154490112529 0.8541774041831207 0.8551393593549901 0.8561013145268579 0.8570632696987257 0.8580252248705934 0.8589871800424612 0.859949135214329 0.8609110903861968 0.8618730455580645 0.8628350007299324 0.8637969559018002 0.864758911073668 0.8657208662455357 0.8666828214174035 0.867644776589273 0.8686067317611407 0.8695686869330085 0.8683897945245931 0.8649222876677327
-9999.0 -9999.0 -9999.0 -9999.0 -9999.0 -9999.0 -9999.0 -9999.0 -9999.0 -9999.0 -9999.0 -9999.0 0.8347198699710955 0.8357118044647504 0.8367037389584037 0.837695673452057 0.8386876079457102 0.8396795424393635 0.8406714769330167 0.84166341142667 0.8426553459203232 0.8436472804139765 0.8446392149076297 0.845631149401283 0.8466230838949362 0.8476150183885895 0.8486069528822445 0.8495988873758977 0.850590821869551 0.8515827563632042 0.8525746908568576 0.8535666253505108 0.8545585598441641 0.8555504943378174 0.8565424288314706 0.8575343633251239 0.8585262978187771 0.8595182323124304 0.8605101668060836 0.8615021012997386 0.8624940357933919 0.8634859702870451 0.8623996027552515 0.8590914833867197
-9999.0 -9999.0 -9999.0 -9999.0 -9999.0 -9999.0 -9999.0 -9999.0 -9999.0 -9999.0 -9999.0 -9999.0 -9999.0 0.8287896668087995 0.8298115806242382 0.8308334944396769 0.8318554082551156 0.8328773220705543 0.833899235885993 0.8349211497014318 0.8359430635168705 0.8369649773323092 0.8379868911477479 0.8390088049631866 0.8400307187786253 0.841052632594064 0.8420745464095045 0.8430964602249432 0.8441183740403819 0.8451402878558206 0.8461622016712593 0.8471841154866981 0.8482060293021368 0.8492279431175755 0.8502498569330142 0.851271770748453 0.8522936845638917 0.8533155983793304 0.854337512194769 0.8553594260102095 0.8563813398256482 0.8574032536410869 0.8564094109859149 0.8532606791057118
-9999.0 -9999.0 -9999.0 -9999.0 -9999.0 -9999.0 -9999.0 -9999.0 -9999.0 -9999.0 -9999.0 -9999.0 0.8208156360156227 0.8218675291528486 0.8229194222900728 0.823971315427297 0.825023208564521 0.8260751017017453 0.8271269948389695 0.8281788879761935 0.8292307811134177 0.8302826742506418 0.831334567387866 0.8323864605250902 0.8334383536623143 0.8344902467995385 0.8355421399367645 0.8365940330739886 0.8376459262112128 0.838697819348437 0.8397497124856611 0.8408016056228853 0.8418534987601095 0.8429053918973336 0.8439572850345578 0.8450091781717819 0.8460610713090061 0.8471129644462303 0.8481648575834544 0.8492167507206804 0.8502686438579046 0.8513205369951287 0.8504192192165784 0.8474298748247038
-9999.0 -9999.0 -9999.0 -9999.0 -9999.0 -9999.0 -9999.0 -9999.0 -9999.0 -9999.0 -9999.0 0.815218700506567 0.8138635190378862 0.8149453914968977 0.8160272639559073 0.8171091364149169 0.8181910088739265 0.8192728813329362 0.8203547537919458 0.8214366262509554 0.822518498709965 0.8236003711689746 0.8246822436279843 0.8257641160869938 0.8268459885460034 0.827927861005013 0.8290097334640245 0.8300916059230341 0.8311734783820437 0.8322553508410534 0.833337223300063 0.8344190957590726 0.8355009682180822 0.8365828406770918 0.8376647131361015 0.8387465855951111 0.8398284580541207 0.8409103305131302 0.8419922029721398 0.8430740754311513 0.8441559478901609 0.8452378203491706 0.8444290274472419 0.8415990705436959
-9999.0 -9999.0 -9999.0 -9999.0 -9999.0 -9999.0 -9999.0 -9999.0 -9999.0 -9999.0 -9999.0 0.8082055319590784 0.8069114020601498 0.8080232538409468 0.8091351056217418 0.8102469574025369 0.8113588091833319 0.812470660964127 0.8135825127449221 0.8146943645257172 0.8158062163065122 0.8169180680873073 0.8180299198681024 0.8191417716488975 0.8202536234296924 0.8213654752104875 0.8224773269912845 0.8235891787720795 0.8247010305528746 0.8258128823336697 0.8269247341144648 0.8280365858952597 0.8291484376760548 0.8302602894568499 0.831372141237645 0.83248399301844 0.8335958447992351 0.8347076965800302 0.8358195483608253 0.8369314001416222 0.8380432519224172 0.8391551037032123 0.8384388356779053 0.8357682662626879
-9999.0 -9999.0 -9999.0 -9999.0 -9999.0 -9999.0 -9999.0 -9999.0 -9999.0 -9999.0 -9999.0 0.8011923634115898 0.7999592850824134 0.8011011161849959 0.8022429472875764 0.8033847783901569 0.8045266094927375 0.805668440595318 0.8068102716978984 0.8079521028004789 0.8090939339030595 0.81023576500564 0.8113775961082205 0.8125194272108011 0.8136612583133815 0.814803089415962 0.8159449205185445 0.817086751621125 0.8182285827237056 0.8193704138262861 0.8205122449288665 0.821654076031447 0.8227959071340276 0.8239377382366081 0.8250795693391886 0.8262214004417692 0.8273632315443497 0.8285050626469301 0.8296468937495107 0.8307887248520931 0.8319305559546737 0.8330723870572542 0.8324486439085688 0.82993746198168
-9999.0 -9999.0 -9999.0 -9999.0 -9999.0 -9999.0 -9999.0 -9999.0 -9999.0 -9999.0 -9999.0 0.7941791948640952 0.793007168104671 0.794178978529039 0.795350788953405 0.796522599377771 0.797694409802137 0.798866220226503 0.800038030650869 0.801209841075235 0.802381651499601 0.8035534619239669 0.8047252723483329 0.8058970827726989 0.8070688931970649 0.808240703621431 0.809412514045799 0.8105843244701649 0.8117561348945309 0.8129279453188969 0.8140997557432629 0.8152715661676289 0.8164433765919948 0.8176151870163608 0.8187869974407268 0.8199588078650928 -9999.0 -9999.0 0.8234742391381908 0.8246460495625588 0.8258178599869248 0.8269896704112908 0.8264584521392272 0.824106657700667
-9999.0 -9999.0 -9999.0 -9999.0 -9999.0 -9999.0 -9999.0 -9999.0 -9999.0 -9999.0 0.7904404402819776 0.7871660263166066 0.7860550511269346 0.7872568408730881 0.7884586306192396 0.789660420365391 0.7908622101115425 0.7920639998576938 0.7932657896038453 0.7944675793499968 0.7956693690961482 0.7968711588422996 0.798072948588451 0.7992747383346025 0.800476528080754 0.8016783178269054 0.8028801075730588 0.8040818973192103 0.8052836870653618 0.8064854768115132 0.8076872665576647 0.8088890563038161 -9999.0 0.811292635796119 -9999.0 -9999.0 -9999.0 -9999.0 -9999.0 -9999.0 -9999.0 -9999.0 0.8204682603698906 0.818275853419659
-9999.0 -9999.0 -9999.0 -9999.0 -9999.0 -9999.0 -9999.0 -9999.0 -9999.0 -9999.0 0.783337154129941 0.780152857769118 0.7791029341491982 0.7803347032171372 0.7815664722850741 0.782798241353011 0.7840300104209479 0.7852617794888848 0.7864935485568216 0.7877253176247585 0.7889570866926955 0.7901888557606324 0.7914206248285692 0.7926523938965061 0.793884162964443 0.79511593203238 0.7963477011003189 0.7975794701682558 0.7988112392361927 -9999.0 -9999.0 -9999.0 -9999.0 -9999.0 -9999.0 -9999.0 -9999.0 -9999.0 -9999.0 -9999.0 -9999.0 -9999.0 -9999.0 0.812445049138651
-9999.0 -9999.0 -9999.0 -9999.0 -9999.0 -9999.0 -9999.0 -9999.0 -9999.0 -9999.0 -9999.0 0.7752648510486271 0.7743432652806376 0.7757004600239369 0.777057654767234 0.7784148495105311 0.7797720442538281 0.7811292389971252 0.7824864337404223 0.7838436284837192 0.7852008232270163 0.7865580179703134 0.7879152127136105 0.7892724074569075 0.7906296022002046 0.7919867969435017 0.793343991686801 0.7947011864300981 0.7960583811733952 -9999.0 -9999.0 -9999.0 -9999.0 -9999.0 -9999.0 -9999.0 -9999.0 -9999.0 -9999.0 -9999.0 -9999.0 -9999.0 -9999.0 -9999.0
-9999.0 -9999.0 -9999.0 -9999.0 -9999.0 -9999.0 -9999.0 -9999.0 -9999.0 -9999.0 -9999.0 -9999.0 -9999.0 -9999.0 0.7750964783166029 0.7766811248695069 0.778265771422411 0.7798504179753151 0.7814350645282191 0.7830197110811232 0.7846043576340272 0.7861890041869313 0.7877736507398353 0.7893582972927394 0.7909429438456435 0.7925275903985475 0.7941122369514543 0.7956968835043583 0.7972815300572624 -9999.0 -9999.0 -9999.0 -9999.0 -9999.0 -9999.0 -9999.0 -9999.0 -9999.0 -9999.0 -9999.0 -9999.0 -9999.0 -9999.0 -9999.0
-9999.0 -9999.0 -9999.0 -9999.0 -9999.0 -9999.0 -9999.0 -9999.0 -9999.0 -9999.0 -9999.0 -9999.0 -9999.0 -9999.0 0.7731353018659718 0.7749474002284829 0.7767594985909939 0.778571596953505 0.780383695316016 0.7821957936785271 0.7840078920410382 0.7858199904035492 0.7876320887660602 0.7894441871285712 0.7912562854910823 0.7930683838535934 0.7948804822161075 0.7966925805786186 -9999.0 -9999.0 -9999.0 -9999.0 -9999.0 -9999.0 -9999.0 -9999.0 -9999.0 -9999.0 -9999.0 -9999.0 -9999.0 -9999.0 -9999.0 -9999.0
-9999.0 -9999.0 -9999.0 -9999.0 -9999.0 -9999.0 -9999.0 -9999.0 -9999.0 -9999.0 -9999.0 -9999.0 -9999.0 0.7691345752432227 0.7711741254153408 0.7732136755874588 0.7752532257595768 0.7772927759316949 0.7793323261038129 0.781371876275931 0.783411426448049 0.7854509766201669 0.787490526792285 0.789530076964403 0.7915696271365211 0.7936091773086391 0.7956487274807607 0.7976882776528786 -9999.0 -9999.0 -9999.0 -9999.0 -9999.0 -9999.0 -9999.0 -9999.0 -9999.0 -9999.0 -9999.0 -9999.0 -9999.0 -9999.0 -9999.0 0.8243961588607445
-9999.0 -9999.0 -9999.0 -9999.0 -9999.0 -9999.0 -9999.0 -9999.0 -9999.0 -9999.0 -9999.0 -9999.0 0.7646789450012537 0.7669459469829827 0.7692129489647079 0.7714799509464332 0.7737469529281584 0.7760139549098836 0.7782809568916088 0.7805479588733341 0.7828149608550593 0.7850819628367846 0.7873489648185097 0.7896159668002349 0.7918829687819602 0.7941499707636854 0.7964169727454145 0.7986839747271397 -9999.0 -9999.0 -9999.0 -9999.0 -9999.0 -9999.0 -9999.0 -9999.0 -9999.0 -9999.0 -9999.0 -9999.0 -9999.0 -9999.0 -9999.0 0.8286919361878786
-9999.0 -9999.0 -9999.0 -9999.0 -9999.0 -9999.0 -9999.0 -9999.0 -9999.0 -9999.0 -9999.0 -9999.0 0.7622628649314082 0.7647573187227447 0.7672517725140768 0.7697462263054091 0.7722406800967413 0.7747351338880735 0.7772295876794058 0.7797240414707379 0.7822184952620702 0.7847129490534024 0.7872074028447346 0.7897018566360668 0.792196310427399 0.7946907642187312 0.7971852180100677 -9999.0 -9999.0 -9999.0 -9999.0 -9999.0 -9999.0 -9999.0 -9999.0 -9999.0 -9999.0 -9999.0 -9999.0 -9999.0 -9999.0 -9999.0 -9999.0 0.8329877135150091
-9999.0 -9999.0 -9999.0 -9999.0 -9999.0 -9999.0 -9999.0 -9999.0 -9999.0 -9999.0 -9999.0 -9999.0 0.7598467848615628 0.7625686904625066 0.7652905960634458 0.7680125016643851 0.7707344072653242 -9999.0 -9999.0 0.7789001240681418 0.781622029669081 0.7843439352700202 0.7870658408709594 0.7897877464718986 -9999.0 -9999.0 -9999.0 -9999.0 -9999.0 -9999.0 -9999.0 -9999.0 -9999.0 -9999.0 -9999.0 -9999.0 -9999.0 -9999.0 -9999.0 -9999.0 -9999.0 -9999.0 0.8392418751694798 0.8372834908421395
