Figures/CREST_Example_wjb_NSE/PETs/wjb.pet.20091116.asc
ncols            288
nrows            254
xllcorner        113.274861
yllcorner        31.4918055
cellsize         0.008333333333
NODATA_value     -9999
[rows 38 to 56 of 254, columns 86 to 128 of 288]
0.29592580567730226 0.29403152464931387 0.29213724362132554 0.2902429625933372 0.2883486815653489 0.28645440053735727 0.28456011950936894 0.2826658384813806 0.2807715574533923 0.2788772764254039 0.27698299539741555 0.2750887143694272 0.2731944333414389 0.2713001523134505 0.2694058712854622 0.26751159025747384 0.26704351360463924 0.26810008167703275 0.26915664974942805 0.27021321782182156 0.271269785894215 0.27232635396660854 0.27338292203900205 0.2744394901113955 0.275496058183789 0.27655262625618254 0.277609194328576 0.2786657624009695 0.27972233047336303 0.2807788985457565 0.28183546661815 0.2828920346905453 0.2839486027629388 0.2850051708353323 0.2860617389077258 0.2871183069801193 0.28817487505251277 0.2892314431249063 0.2902880111972998 0.29134457926969326 0.2924011473420868 0.2934577154144803 0.29451428348687375
0.2954088330579364 0.29354585616747675 0.29168287927701714 0.28981990238655747 0.28795692549609786 0.28609394860563503 0.2842309717151754 0.28236799482471575 0.28050501793425614 0.2786420410437965 0.27677906415333686 0.2749160872628772 0.2730531103724176 0.271190133481958 0.2693271565914983 0.2674641797010387 0.2670144829367674 0.26807561458334744 0.2691367462299292 0.2701978778765093 0.2712590095230893 0.2723201411696693 0.2733812728162493 0.27444240446282936 0.27550353610940936 0.27656466775598937 0.27762579940256943 0.27868693104914943 0.27974806269572944 0.28080919434230944 0.2818703259888895 0.2829314576354713 0.28399258928205134 0.28505372092863135 0.28611485257521135 0.28717598422179136 0.2882371158683714 0.2892982475149514 0.29035937916153143 0.2914205108081115 0.2924816424546915 0.2935427741012715 0.2946039057478515
0.29489186043857013 0.29306018768563924 0.29122851493270835 0.28939684217977746 0.28756516942684657 0.2857334966739125 0.2839018239209816 0.28207015116805073 0.28023847841511984 0.2784068056621889 0.276575132909258 0.2747434601563271 0.2729117874033962 0.27108011465046533 0.26924844189753444 0.26741676914460355 0.26698545226889553 0.2680511474896621 0.26911684271043046 0.270182537931197 0.27124823315196356 0.2723139283727301 0.2733796235934966 0.27444531881426315 0.2755110140350297 0.27657670925579625 0.2776424044765628 0.27870809969732935 0.2797737949180959 0.28083949013886245 0.281905185359629 0.2829708805803973 0.28403657580116387 0.2851022710219304 0.28616796624269697 0.2872336614634635 0.28829935668423007 0.2893650519049966 0.2904307471257631 0.29149644234652966 0.2925621375672962 0.29362783278806276 0.2946935280088293
0.2943748878192043 0.2925745192038021 0.2907741505883999 0.2889737819729977 0.28717341335759555 0.2853730447421903 0.2835726761267881 0.2817723075113859 0.2799719388959837 0.27817157028058154 0.2763712016651793 0.27457083304977714 0.2727704644343749 0.27097009581897274 0.2691697272035706 0.26736935858816835 0.2669564216010237 0.26802668039597677 0.26909693919093164 0.27016719798588473 0.27123745678083777 0.27230771557579087 0.2733779743707439 0.274448233165697 0.27551849196065004 0.27658875075560313 0.27765900955055617 0.27872926834550926 0.2797995271404623 0.2808697859354154 0.28194004473036843 0.2830103035253233 0.2840805623202764 0.2851508211152295 0.28622107991018253 0.28729133870513557 0.28836159750008866 0.2894318562950417 0.2905021150899948 0.29157237388494783 0.2926426326799009 0.29371289147485397 0.29478315026980706
0.2938579151998385 0.292088850721965 0.2903197862440915 0.28855072176621804 0.28678165728834454 0.28501259281046804 0.2832435283325946 0.2814744638547211 0.2797053993768476 0.2779363348989741 0.2761672704211006 0.27439820594322717 0.27262914146535366 0.27086007698748016 0.2690910125096067 0.2673219480317332 0.2669273909331518 0.2680022133022914 0.2690770356714328 0.2701518580405724 0.27122668040971204 0.2723015027788516 0.2733763251479912 0.2744511475171308 0.27552596988627037 0.27660079225540996 0.27767561462454954 0.2787504369936891 0.2798252593628287 0.2809000817319683 0.28197490410110787 0.2830497264702493 0.28412454883938887 0.28519937120852845 0.28627419357766803 0.2873490159468076 0.28842383831594726 0.28949866068508684 0.2905734830542264 0.291648305423366 0.2927231277925056 0.29379795016164517 0.29487277253078475
0.2933409425804726 0.2916031822401279 0.2898654218997831 0.2881276615594383 0.2863899012190935 0.2846521408787458 0.282914380538401 0.2811766201980563 0.2794388598577115 0.2777010995173667 0.2759633391770219 0.27422557883667714 0.2724878184963324 0.2707500581559876 0.26901229781564284 0.26727453747529806 0.26689836026527997 0.2679777462086061 0.26905713215193405 0.2701365180952601 0.27121590403858625 0.2722952899819124 0.27337467592523845 0.2744540618685646 0.2755334478118907 0.2766128337552168 0.2776922196985429 0.27877160564186904 0.2798509915851951 0.28093037752852124 0.28200976347184736 0.28308914941517527 0.2841685353585014 0.2852479213018275 0.28632730724515365 0.2874066931884797 0.28848607913180585 0.2895654650751319 0.29064485101845805 0.2917242369617842 0.2928036229051103 0.2938830088484364 0.2949623947917625
0.2928239699611068 0.29111751375829076 0.2894110575554747 0.28770460135265863 0.28599814514984256 0.28429168894702356 0.2825852327442075 0.28087877654139143 0.27917232033857536 0.2774658641357593 0.27575940793294323 0.27405295173012717 0.2723464955273111 0.27064003932449504 0.268933583121679 0.2672271269188629 0.2668693295974081 0.26795327911492073 0.26903722863243523 0.27012117814994785 0.2712051276674605 0.27228907718497314 0.27337302670248576 0.27445697621999837 0.27554092573751104 0.27662487525502366 0.2777088247725363 0.2787927742900489 0.27987672380756157 0.2809606733250742 0.2820446228425868 0.2831285723601013 0.2842125218776139 0.28529647139512654 0.2863804209126392 0.2874643704301518 0.28854831994766444 0.28963226946517706 0.29071621898268973 0.29180016850020235 0.29288411801771497 0.2939680675352276 0.29505201705274026
0.292306997341741 0.29063184527645364 0.2889566932111663 0.28728154114587895 0.28560638908059155 0.2839312370153014 0.282256084950014 0.28058093288472663 0.2789057808194393 0.27723062875415194 0.27555547668886454 0.2738803246235772 0.27220517255828985 0.2705300204930025 0.2688548684277151 0.26717971636242777 0.26684029892953626 0.2679288120212354 0.2690173251129364 0.2701058382046356 0.27119435129633473 0.2722828643880339 0.27337137747973306 0.27445989057143216 0.2755484036631313 0.2766369167548305 0.27772542984652965 0.2788139429382288 0.27990245602992797 0.2809909691216271 0.28207948221332624 0.2831679953050273 0.2842565083967264 0.28534502148842555 0.2864335345801247 0.2875220476718239 0.28861056076352304 0.2896990738552222 0.2907875869469213 0.29187610003862047 0.29296461313031963 0.2940531262220188 0.29514163931371795
0.2917900247223747 0.2901461767946161 0.28850232886685745 0.2868584809390988 0.2852146330113402 0.2835707850835788 0.2819269371558202 0.28028308922806155 0.27863924130030293 0.2769953933725443 0.2753515454447857 0.27370769751702706 0.27206384958926844 0.2704200016615098 0.2687761537337512 0.26713230580599256 0.26681126826166435 0.26790434492755005 0.2689974215934376 0.27009049825932324 0.27118357492520895 0.2722766515910946 0.2733697282569803 0.27446280492286595 0.27555588158875166 0.2766489582546373 0.277742034920523 0.27883511158640867 0.2799281882522944 0.28102126491818 0.28211434158406573 0.28320741824995327 0.2843004949158389 0.2853935715817246 0.2864866482476103 0.287579724913496 0.28867280157938163 0.28976587824526734 0.290858954911153 0.2919520315770387 0.29304510824292435 0.29413818490881005 0.2952312615746957
0.2912730521030089 0.289660508312779 0.2880479645225491 0.28643542073231915 0.28482287694208924 0.2832103331518566 0.28159778936162666 0.27998524557139676 0.27837270178116685 0.27676015799093695 0.275147614200707 0.2735350704104771 0.2719225266202472 0.2703099828300173 0.2686974390397874 0.2670848952495575 0.26678223759379255 0.26787987783386474 0.2689775180739388 0.270075158314011 0.2711727985540832 0.2722704387941554 0.2733680790342276 0.2744657192742998 0.275563359514372 0.2766609997544442 0.27775863999451644 0.27885628023458864 0.27995392047466083 0.28105156071473303 0.2821492009548052 0.2832468411948793 0.2843444814349515 0.2854421216750237 0.2865397619150959 0.2876374021551681 0.2887350423952403 0.2898326826353125 0.2909303228753847 0.29202796311545687 0.29312560335552906 0.29422324359560126 0.29532088383567345
0.29075607948364307 0.2891748398309419 0.2875936001782407 0.28601236052553947 0.2844311208728383 0.2828498812201344 0.28126864156743314 0.27968740191473196 0.2781061622620308 0.27652492260932954 0.27494368295662835 0.2733624433039271 0.27178120365122593 0.2701999639985247 0.2686187243458235 0.2670374846931223 0.2667532069259207 0.26785541074017943 0.26895761455444 0.27005981836869875 0.2711620221829575 0.27226422599721617 0.2733664298114749 0.27446863362573365 0.27557083743999233 0.2766730412542511 0.2777752450685098 0.2788774488827685 0.27997965269702724 0.281081856511286 0.28218406032554466 0.2832862641398053 0.28438846795406403 0.2854906717683227 0.28659287558258145 0.2876950793968402 0.2887972832110989 0.2898994870253576 0.29100169083961636 0.29210389465387504 0.2932060984681338 0.2943083022823925 0.2954105060966512
0.29023910686427723 0.28868917134910477 0.28713923583393225 0.28558930031875973 0.28403936480358727 0.28248942928841214 0.2809394937732396 0.2793895582580671 0.27783962274289464 0.2762896872277221 0.2747397517125496 0.27318981619737714 0.2716398806822046 0.27008994516703216 0.26854000965185965 0.2669900741366872 0.26672417625804884 0.26783094364649407 0.26893771103494124 0.27004447842338647 0.2711512458118317 0.2722580132002769 0.27336478058872216 0.27447154797716744 0.27557831536561267 0.2766850827540579 0.2777918501425031 0.2788986175309484 0.28000538491939364 0.28111215230783887 0.2822189196962841 0.28332568708473127 0.2844324544731765 0.28553922186162173 0.28664598925006696 0.28775275663851224 0.28885952402695747 0.2899662914154027 0.29107305880384793 0.2921798261922932 0.29328659358073844 0.29439336096918367 0.2955001283576289
0.28972213424491144 0.28820350286726765 0.28668487148962385 0.28516624011198005 0.28364760873433625 0.2821289773566899 0.2806103459790461 0.2790917146014023 0.2775730832237585 0.27605445184611477 0.27453582046847097 0.2730171890908272 0.2714985577131834 0.2699799263355396 0.2684612949578958 0.266942663580252 0.266695145590177 0.26780647655280876 0.2689178075154424 0.2700291384780742 0.27114046944070597 0.2722518004033377 0.27336313136596946 0.27447446232860123 0.275585793291233 0.2766971242538648 0.27780845521649655 0.27891978617912827 0.28003111714176004 0.2811424481043918 0.2822537790670236 0.28336511002965725 0.284476440992289 0.2855877719549208 0.2866991029175525 0.2878104338801843 0.28892176484281606 0.29003309580544784 0.2911444267680796 0.2922557577307114 0.2933670886933431 0.2944784196559749 0.29558975061860665
0.2892051616255456 0.2877178343854305 0.28623050714531545 0.28474317990520037 0.28325585266508524 0.28176852542496766 0.2802811981848526 0.2787938709447375 0.27730654370462243 0.27581921646450736 0.2743318892243922 0.2728445619842772 0.27135723474416207 0.269869907504047 0.2683825802639319 0.26689525302381684 0.26666611492230513 0.2677820094591234 0.2688979039959436 0.2700137985327619 0.2711296930695802 0.27224558760639844 0.27336148214321676 0.274477376680035 0.27559327121685334 0.2767091657536716 0.27782506029048987 0.2789409548273082 0.28005684936412645 0.28117274390094477 0.28228863843776303 0.28340453297458323 0.2845204275114015 0.28563632204821976 0.2867522165850381 0.28786811112185634 0.28898400565867466 0.2900999001954929 0.2912157947323112 0.2923316892691295 0.29344758380594776 0.2945634783427661 0.29567937287958435
0.28868818900617976 0.2872321659035934 0.28577614280100705 0.28432011969842064 0.2828640965958343 0.2814080734932454 0.27995205039065907 0.27849602728807266 0.2770400041854863 0.27558398108289994 0.2741279579803136 0.2726719348777272 0.2712159117751408 0.26975988867255446 0.2683038655699681 0.2668478424673817 0.2666370842544333 0.2677575423654381 0.2688780004764448 0.2699984585874496 0.2711189166984544 0.2722393748094592 0.273359832920464 0.2744802910314688 0.2756007491424736 0.27672120725347843 0.27784166536448324 0.27896212347548804 0.28008258158649285 0.28120303969749766 0.2823234978085025 0.2834439559195092 0.284564414030514 0.28568487214151883 0.28680533025252364 0.28792578836352845 0.28904624647453325 0.29016670458553806 0.29128716269654287 0.2924076208075477 0.2935280789185525 0.2946485370295573 0.2957689951405621
0.2881712163868135 0.28674649742175584 0.2853217784566982 0.28389705949164057 0.28247234052658293 0.28104762156152285 0.2796229025964652 0.2781981836314076 0.27677346466634994 0.2753487457012923 0.27392402673623467 0.27249930777117704 0.2710745888061194 0.26964986984106176 0.2682251508760041 0.2668004319109465 0.26660805358656137 0.2677330752717527 0.26885809695694596 0.2699831186421373 0.2711081403273286 0.27223316201251996 0.2733581836977113 0.2744832053829026 0.27560822706809396 0.2767332487532853 0.2778582704384766 0.27898329212366796 0.2801083138088593 0.2812333354940506 0.28235835717924196 0.2834833788644352 0.28460840054962655 0.2857334222348179 0.2868584439200092 0.28798346560520055 0.2891084872903919 0.2902335089755832 0.29135853066077455 0.2924835523459659 0.2936085740311572 0.29473359571634855 0.2958586174015399
0.28765424376744764 0.2862608289399187 0.2848674141123898 0.28347399928486083 0.2820805844573319 0.2806871696298006 0.2792937548022717 0.2779003399747428 0.27650692514721387 0.2751135103196849 0.273720095492156 0.27232668066462706 0.2709332658370981 0.2695398510095692 0.26814643618204026 0.26675302135451134 0.2665790229186895 0.26770860817806735 0.26883819343744714 0.269967778696825 0.2710973639562029 0.2722269492155807 0.27335653447495856 0.27448611973433645 0.2756157049937143 0.27674529025309214 0.27787487551247 0.2790044607718479 0.2801340460312257 0.28126363129060356 0.2823932165499814 0.2835228018093612 0.2846523870687391 0.2857819723281169 0.28691155758749476 0.28804114284687266 0.2891707281062505 0.29030031336562834 0.2914298986250062 0.2925594838843841 0.2936890691437619 0.29481865440313976 0.2959482396625176
0.28713727114808185 0.2857751604580816 0.2844130497680814 0.28305093907808115 0.28168882838808096 0.2803267176980784 0.2789646070080782 0.277602496318078 0.27624038562807773 0.2748782749380775 0.2735161642480773 0.2721540535580771 0.27079194286807684 0.26942983217807664 0.2680677214880764 0.2667056107980762 0.26654999225081766 0.26768414108438204 0.2688182899179483 0.2699524387515127 0.2710865875850771 0.2722207364186415 0.27335488525220586 0.27448903408577024 0.27562318291933463 0.27675733175289896 0.27789148058646335 0.27902562942002773 0.2801597782535921 0.2812939270871565 0.2824280759207209 0.28356222475428716 0.28469637358785155 0.28583052242141593 0.2869646712549803 0.2880988200885447 0.28923296892210903 0.2903671177556734 0.2915012665892378 0.2926354154228022 0.2937695642563666 0.29490371308993096 0.29603786192349535
0.28662029852871596 0.2852894919762445 0.28395868542377295 0.2826278788713015 0.28129707231882994 0.27996626576635614 0.27863545921388466 0.27730465266141313 0.2759738461089416 0.2746430395564701 0.2733122330039986 0.27198142645152706 0.2706506198990556 0.26931981334658406 0.2679890067941125 0.26665820024164105 0.2665209615829458 0.2676596739906967 0.26879838639844955 0.2699370988062004 0.27107581121395136 0.27221452362170223 0.27335323602945316 0.27449194843720404 0.2756306608449549 0.27676937325270584 0.2779080856604567 0.27904679806820765 0.2801855104759585 0.28132422288370945 0.2824629352914603 0.28360164769921314 0.2847403601069641 0.28587907251471495 0.2870177849224659 0.28815649733021675 0.2892952097379677 0.29043392214571856 0.2915726345534695 0.29271134696122036 0.29385005936897124 0.29498877177672217 0.29612748418447304
