Figures/CREST_Example_wjb_NSE/PETs/wjb.pet.20090609.asc
ncols            288
nrows            254
xllcorner        113.274861
yllcorner        31.4918055
cellsize         0.008333333333
NODATA_value     -9999
[rows 120 to 139 of 254, columns 44 to 87 of 288]
3.6569759952163765 3.6536600303890103 3.650344065561644 3.647028100734278 3.643712135906912 3.6403961710795456 3.6370802062521794 3.6337642414248132 3.6304482765974413 3.627132311770075 3.623816346942709 3.6205003821153428 3.6171844172879766 3.6138684524606104 3.610552487633244 3.607236522805878 3.603920557978512 3.6006045931511457 3.5972886283237795 3.5939726634964133 3.590656698669047 3.587340733841675 3.584024769014309 3.580708804186943 3.5773928393595766 3.5740768745322105 3.5707609097048443 3.567444944877478 3.5611595295451455 3.5516997044954333 3.542239879445721 3.532780054396009 3.5233202293462966 3.5138604042965844 3.504400579246856 3.494940754197144 3.485480929147432 3.4760211040977196 3.4665612790480074 3.457101453998295 3.447641628948583 3.4381818038988707 3.4287219788491585 3.4192621537994463
3.6532487962750158 3.6498632570498613 3.6464777178247063 3.643092178599552 3.639706639374397 3.6363211001492424 3.632935560924088 3.629550021698933 3.6261644824737727 3.6227789432486177 3.619393404023463 3.6160078647983087 3.6126223255731538 3.6092367863479993 3.6058512471228448 3.60246570789769 3.5990801686725353 3.5956946294473804 3.592309090222226 3.5889235509970714 3.5855380117719164 3.582152472546756 3.5787669333216012 3.5753813940964467 3.5719958548712922 3.5686103156461373 3.565224776420983 3.561839237195828 3.555564494382874 3.5462011276210585 3.536837760859243 3.5274743940974274 3.5181110273356118 3.508747660573796 3.4993842938119646 3.490020927050149 3.4806575602883334 3.471294193526518 3.461930826764702 3.4525674600028866 3.443204093241071 3.4338407264792554 3.42447735971744 3.4151139929556242
3.649521597333655 3.646066483710712 3.642611370087769 3.6391562564648257 3.6357011428418824 3.6322460292189396 3.6287909155959963 3.625335801973053 3.621880688350104 3.6184255747271608 3.614970461104218 3.6115153474812747 3.6080602338583314 3.604605120235388 3.6011500066124453 3.597694892989502 3.594239779366559 3.590784665743616 3.5873295521206727 3.5838744384977295 3.580419324874786 3.576964211251837 3.5735090976288943 3.570053984005951 3.566598870383008 3.5631437567600646 3.5596886431371217 3.5562335295141785 3.5499694592206033 3.540702550746684 3.531435642272765 3.522168733798846 3.512901825324927 3.503634916851008 3.494368008377073 3.485101099903154 3.475834191429235 3.466567282955316 3.457300374481397 3.448033466007478 3.438766557533559 3.42949964905964 3.420232740585721 3.4109658321118017
3.6457943983922947 3.6422697103715627 3.638745022350831 3.6352203343300995 3.631695646309368 3.6281709582886363 3.6246462702679048 3.621121582247173 3.6175968942264354 3.614072206205704 3.610547518184972 3.6070228301642406 3.603498142143509 3.5999734541227775 3.5964487661020454 3.592924078081314 3.5893993900605823 3.5858747020398507 3.582350014019119 3.5788253259983875 3.575300637977656 3.571775949956918 3.5682512619361866 3.564726573915455 3.5612018858947234 3.557677197873992 3.5541525098532603 3.5506278218325282 3.5443744240583315 3.535203973872309 3.5260335236862868 3.5168630735002644 3.507692623314242 3.4985221731282197 3.4893517229421813 3.480181272756159 3.4710108225701366 3.4618403723841142 3.452669922198092 3.4434994720120695 3.434329021826047 3.425158571640025 3.415988121454002 3.4068176712679796
3.642067199450931 3.6384729370324105 3.63487867461389 3.6312844121953702 3.62769014977685 3.62409588735833 3.6205016249398096 3.6169073625212893 3.613313100102763 3.609718837684243 3.606124575265723 3.6025303128472026 3.5989360504286827 3.5953417880101624 3.591747525591642 3.588153263173122 3.5845590007546018 3.580964738336082 3.5773704759175615 3.573776213499041 3.5701819510805213 3.566587688661995 3.562993426243475 3.5593991638249545 3.5558049014064346 3.5522106389879142 3.5486163765693943 3.545022114150874 3.5387793888960557 3.52970539699793 3.520631405099804 3.5115574132016785 3.5024834213035527 3.493409429405427 3.4843354375072857 3.47526144560916 3.466187453711034 3.4571134618129085 3.4480394699147827 3.438965478016657 3.4298914861185312 3.4208174942204055 3.4117435023222797 3.402669510424154
3.63834000050957 3.6346761636932614 3.6310123268769527 3.627348490060644 3.6236846532443354 3.6200208164280268 3.616356979611718 3.6126931427954094 3.6090293059790945 3.605365469162786 3.6017016323464772 3.5980377955301686 3.59437395871386 3.5907101218975512 3.5870462850812426 3.583382448264934 3.5797186114486252 3.5760547746323166 3.572390937816008 3.5687271009996993 3.5650632641833906 3.5613994273670757 3.557735590550767 3.5540717537344584 3.5504079169181497 3.546744080101841 3.5430802432855324 3.5394164064692237 3.5331843537337844 3.5242068201235552 3.515229286513326 3.506251752903097 3.497274219292868 3.4882966856826387 3.479319152072394 3.470341618462165 3.461364084851936 3.4523865512417067 3.4434090176314776 3.4344314840212484 3.4254539504110193 3.41647641680079 3.407498883190561 3.398521349580332
3.6346128015682093 3.6308793903541123 3.6271459791400154 3.623412567925918 3.619679156711821 3.615945745497724 3.6122123342836265 3.6084789230695296 3.604745511855426 3.601012100641329 3.597278689427232 3.5935452782131345 3.5898118669990375 3.5860784557849406 3.582345044570843 3.578611633356746 3.574878222142649 3.5711448109285517 3.5674113997144548 3.5636779885003578 3.5599445772862603 3.556211166072157 3.55247775485806 3.5487443436439627 3.5450109324298658 3.5412775212157688 3.5375441100016713 3.5338106987875744 3.527589318571513 3.5187082432491805 3.509827167926848 3.5009460926045155 3.492065017282183 3.4831839419598505 3.474302866637503 3.4654217913151704 3.456540715992838 3.4476596406705053 3.438778565348173 3.42989749002584 3.4210164147035074 3.412135339381175 3.4032542640588423 3.39437318873651
3.6308856026268486 3.6270826170149633 3.6232796314030775 3.6194766457911918 3.6156736601793065 3.6118706745674207 3.608067688955535 3.6042647033436497 3.6004617177317573 3.596658732119872 3.5928557465079862 3.5890527608961005 3.5852497752842147 3.5814467896723294 3.5776438040604437 3.573840818448558 3.5700378328366726 3.566234847224787 3.562431861612901 3.558628876001016 3.55482589038913 3.551022904777238 3.5472199191653524 3.5434169335534667 3.5396139479415814 3.5358109623296956 3.53200797671781 3.528204991105924 3.5219942834092417 3.513209666374806 3.50442504934037 3.495640432305934 3.486855815271498 3.478071198237062 3.4692865812026112 3.460501964168175 3.451717347133739 3.442932730099303 3.4341481130648672 3.4253634960304313 3.4165788789959954 3.4077942619615595 3.3990096449271237 3.3902250278926873
3.6271584036854883 3.623285843675814 3.61941328366614 3.615540723656466 3.6116681636467916 3.6077956036371175 3.6039230436274434 3.6000504836177694 3.5961779236080886 3.5923053635984146 3.5884328035887405 3.5845602435790664 3.5806876835693924 3.5768151235597183 3.5729425635500442 3.56907000354037 3.565197443530696 3.561324883521022 3.5574523235113475 3.5535797635016735 3.5497072034919994 3.5458346434823187 3.5419620834726446 3.5380895234629706 3.5342169634532965 3.5303444034436224 3.5264718434339484 3.5225992834242743 3.5163992482469704 3.507711089500431 3.4990229307538914 3.490334772007352 3.481646613260813 3.4729584545142735 3.4642702957677196 3.45558213702118 3.4468939782746406 3.4382058195281013 3.429517660781562 3.420829502035023 3.4121413432884835 3.4034531845419442 3.3947650257954045 3.3860768670488652
3.6234312047441275 3.619489070336665 3.6155469359292023 3.61160480152174 3.607662667114277 3.6037205327068147 3.5997783982993523 3.5958362638918895 3.5918941294844204 3.5879519950769576 3.5840098606694952 3.5800677262620324 3.57612559185457 3.572183457447107 3.568241323039645 3.5642991886321824 3.5603570542247196 3.556414919817257 3.5524727854097944 3.548530651002332 3.544588516594869 3.5406463821874 3.5367042477799373 3.532762113372475 3.5288199789650125 3.5248778445575497 3.5209357101500873 3.5169935757426245 3.510804213084699 3.5022125126260564 3.4936208121674137 3.485029111708771 3.4764374112501284 3.4678457107914853 3.459254010332828 3.4506623098741853 3.4420706094155427 3.4334789089569 3.4248872084982573 3.4162955080396142 3.4077038075809716 3.399112107122329 3.3905204066636863 3.3819287062050436
3.6197040058027663 3.6156922969975156 3.6116805881922645 3.6076688793870133 3.603657170581762 3.5996454617765115 3.5956337529712603 3.591622044166009 3.5876103353607514 3.5835986265555 3.579586917750249 3.5755752089449984 3.571563500139747 3.567551791334496 3.563540082529245 3.5595283737239938 3.555516664918743 3.551504956113492 3.547493247308241 3.5434815385029896 3.539469829697739 3.5354581208924807 3.53144641208723 3.527434703281979 3.5234229944767277 3.5194112856714765 3.515399576866226 3.5113878680609747 3.5052091779224277 3.4967139357516817 3.4882186935809356 3.479723451410189 3.471228209239443 3.462732967068697 3.4542377248979363 3.4457424827271903 3.4372472405564443 3.4287519983856978 3.4202567562149517 3.4117615140442057 3.4032662718734596 3.394771029702713 3.386275787531967 3.377780545361221
3.615976806861403 3.6118955236583634 3.607814240455324 3.6037329572522845 3.5996516740492446 3.595570390846205 3.5914891076431656 3.5874078244401257 3.583326541237079 3.5792452580340397 3.5751639748310002 3.5710826916279608 3.567001408424921 3.5629201252218814 3.558838842018842 3.554757558815802 3.5506762756127626 3.546594992409723 3.5425137092066836 3.5384324260036437 3.5343511428006043 3.5302698595975577 3.526188576394518 3.5221072931914787 3.518026009988439 3.5139447267853994 3.50986344358236 3.50578216037932 3.499614142760152 3.4912153588773025 3.482816574994453 3.4744177911116036 3.466019007228754 3.4576202233459044 3.4492214394630407 3.4408226555801913 3.432423871697342 3.4240250878144924 3.415626303931643 3.4072275200487936 3.398828736165944 3.3904299522830943 3.382031168400245 3.3736323845173954
3.6122496079200426 3.6080987503192143 3.603947892718386 3.5997970351175583 3.59564617751673 3.591495319915902 3.587344462315074 3.583193604714246 3.5790427471134105 3.5748918895125827 3.5707410319117545 3.5665901743109263 3.5624393167100985 3.5582884591092703 3.554137601508442 3.5499867439076143 3.545835886306786 3.541685028705958 3.53753417110513 3.533383313504302 3.5292324559034736 3.5250815983026387 3.5209307407018104 3.5167798831009827 3.5126290255001544 3.508478167899326 3.5043273102984984 3.50017645269767 3.49401910759788 3.4857167820029273 3.4774144564079745 3.4691121308130217 3.460809805218069 3.452507479623116 3.444205154028149 3.4359028284331963 3.4276005028382435 3.4192981772432907 3.410995851648338 3.4026935260533846 3.394391200458432 3.386088874863479 3.377786549268526 3.3694842236735734
3.6085224089786814 3.604301976980065 3.6000815449814483 3.5958611129828317 3.591640680984215 3.5874202489855986 3.583199816986982 3.5789793849883655 3.574758952989742 3.5705385209911253 3.566318088992509 3.5620976569938922 3.5578772249952757 3.553656792996659 3.5494363609980426 3.545215928999426 3.5409954970008095 3.536775065002193 3.5325546330035764 3.52833420100496 3.5241137690063433 3.5198933370077197 3.515672905009103 3.5114524730104866 3.50723204101187 3.5030116090132535 3.498791177014637 3.4945707450160204 3.4884240724356093 3.480218205128553 3.472012337821497 3.4638064705144407 3.455600603207384 3.447394735900328 3.439188868593258 3.4309830012862013 3.422777133979145 3.414571266672089 3.4063653993650327 3.3981595320579765 3.38995366475092 3.3817477974438637 3.3735419301368075 3.3653360628297513
3.6047952100373206 3.6005052036409158 3.596215197244511 3.5919251908481056 3.5876351844517007 3.583345178055296 3.5790551716588905 3.5747651652624857 3.5704751588660733 3.5661851524696684 3.561895146073263 3.557605139676858 3.5533151332804533 3.549025126884048 3.544735120487643 3.5404451140912383 3.536155107694833 3.531865101298428 3.527575094902023 3.523285088505618 3.518995082109213 3.5147050757128007 3.510415069316396 3.5061250629199905 3.5018350565235856 3.4975450501271808 3.4932550437307754 3.4889650373343706 3.482829037273338 3.4747196282541783 3.4666102192350183 3.4585008102158588 3.450391401196699 3.4422819921775396 3.434172583158366 3.4260631741392062 3.4179537651200467 3.409844356100887 3.4017349470817275 3.3936255380625675 3.385516129043408 3.3774067200242484 3.369297311005089 3.361187901985929
3.6010680110959603 3.5967084303017667 3.592348849507573 3.58798926871338 3.5836296879191862 3.5792701071249926 3.574910526330799 3.570550945536606 3.5661913647424046 3.5618317839482114 3.557472203154018 3.553112622359824 3.548753041565631 3.5443934607714374 3.5400338799772437 3.53567429918305 3.531314718388857 3.5269551375946633 3.5225955568004697 3.5182359760062765 3.513876395212083 3.509516814417882 3.5051572336236885 3.500797652829495 3.496438072035301 3.492078491241108 3.4877189104469144 3.4833593296527208 3.4772340021110666 3.4692210513798036 3.4612081006485407 3.4531951499172777 3.4451821991860143 3.4371692484547514 3.4291562977234746 3.4211433469922117 3.4131303962609487 3.4051174455296853 3.3971044947984224 3.3890915440671594 3.3810785933358964 3.373065642604633 3.36505269187337 3.357039741142107
3.5973408121545996 3.5929116569626176 3.5884825017706357 3.5840533465786537 3.5796241913866718 3.57519503619469 3.5707658810027074 3.5663367258107255 3.561907570618736 3.557478415426754 3.553049260234772 3.54862010504279 3.544190949850808 3.5397617946588262 3.5353326394668443 3.5309034842748623 3.5264743290828804 3.5220451738908984 3.5176160186989165 3.513186863506934 3.508757708314952 3.5043285531229627 3.4998993979309807 3.4954702427389988 3.491041087547017 3.486611932355035 3.482182777163053 3.477753621971071 3.4716389669487953 3.463722474505429 3.4558059820620626 3.447889489618696 3.4399729971753294 3.432056504731963 3.424140012288583 3.4162235198452167 3.40830702740185 3.4003905349584835 3.392474042515117 3.3845575500717504 3.376641057628384 3.3687245651850177 3.3608080727416514 3.3528915802982846
3.5936136132132357 3.589114883623465 3.5846161540336947 3.580117424443924 3.5756186948541537 3.571119965264383 3.5666212356746128 3.562122506084842 3.557623776495064 3.5531250469052935 3.548626317315523 3.5441275877257525 3.539628858135982 3.535130128546211 3.530631398956441 3.52613266936667 3.5216339397769 3.517135210187129 3.512636480597359 3.508137751007588 3.5036390214178175 3.4991402918280397 3.494641562238269 3.4901428326484987 3.485644103058728 3.4811453734689572 3.476646643879187 3.4721479142894163 3.4660439317865195 3.4582238976310498 3.45040386347558 3.44258382932011 3.43476379516464 3.4269437610091704 3.4191237268536874 3.4113036926982176 3.403483658542748 3.395663624387278 3.387843590231808 3.3800235560763383 3.3722035219208686 3.364383487765399 3.356563453609929 3.3487434194544594
3.589886414271875 3.585318110284316 3.580749806296757 3.576181502309198 3.571613198321639 3.5670448943340802 3.562476590346521 3.557908286358962 3.553339982371395 3.548771678383836 3.544203374396277 3.539635070408718 3.535066766421159 3.5304984624336004 3.5259301584460414 3.5213618544584824 3.5167935504709233 3.5122252464833643 3.5076569424958053 3.5030886385082463 3.4985203345206872 3.49395203053312 3.4893837265455616 3.4848154225580026 3.4802471185704436 3.4756788145828845 3.4711105105953255 3.4665422066077665 3.460448896624248 3.4527253207566746 3.4450017448891015 3.4372781690215284 3.4295545931539553 3.421831017286382 3.4141074414187957 3.4063838655512226 3.398660289683649 3.390936713816076 3.383213137948503 3.3754895620809298 3.3677659862133567 3.360042410345783 3.35231883447821 3.344595258610637
3.586159215330514 3.581521336945167 3.5768834585598195 3.572245580174472 3.5676077017891243 3.562969823403777 3.5583319450184296 3.553694066633082 3.5490561882477265 3.544418309862379 3.5397804314770314 3.535142553091684 3.5305046747063367 3.5258667963209893 3.5212289179356415 3.516591039550294 3.511953161164947 3.507315282779599 3.5026774043942517 3.4980395260089043 3.4934016476235565 3.488763769238201 3.484125890852854 3.4794880124675065 3.4748501340821587 3.4702122556968114 3.465574377311464 3.460936498926116 3.4548538614619764 3.4472267438823 3.4395996263026234 3.431972508722947 3.42434539114327 3.4167182735635935 3.409091155983904 3.401464038404227 3.3938369208245507 3.386209803244874 3.3785826856651977 3.370955568085521 3.3633284505058443 3.355701332926168 3.3480742153464913 3.340447097766815
