Figures/CREST_Example_wjb_NSE/PETs/wjb.pet.20100715.asc
ncols            288
nrows            254
xllcorner        113.274861
yllcorner        31.4918055
cellsize         0.008333333333
NODATA_value     -9999
[rows 80 to 99 of 254, columns 132 to 175 of 288]
1.096143556451532 1.0928186505086774 1.089493744565823 1.0861688386229686 1.0828439326801143 1.0795190267372596 1.0761941207944052 1.0728692148515508 1.0695443089086965 1.066219402965842 1.0628944970229874 1.0595695910801275 1.0562446851372729 1.0529197791944185 1.049594873251564 1.0462699673087097 1.042945061365855 1.0396201554230007 1.0362952494801463 1.032970343537292 1.0296454375944375 1.0263205316515829 1.0229956257087285 1.019670719765874 1.016345813823014 1.0130209078801595 1.0096960019373051 1.0063710959944507 1.0030461900515961 0.9997212841087417 0.9991636746570529 1.0015643677547312 1.0039650608524093 1.0063657539500876 1.008766447047766 1.011167140145444 1.0135678332431224 1.0159685263408047 1.018369219438483 1.0207699125361613 1.0231706056338394 1.0255712987315178 1.027971991829196 1.0303726849268742
1.0967899281062328 1.0934542409576513 1.0901185538090699 1.0867828666604884 1.0834471795119072 1.0801114923633257 1.0767758052147443 1.0734401180661628 1.0701044309175813 1.0667687437689999 1.0634330566204184 1.0600973694718312 1.05676168232325 1.0534259951746685 1.050090308026087 1.0467546208775056 1.0434189337289241 1.0400832465803427 1.0367475594317612 1.0334118722831798 1.0300761851345983 1.0267404979860169 1.0234048108374354 1.020069123688854 1.016733436540267 1.0133977493916855 1.010062062243104 1.0067263750945226 1.003390687945941 1.0000550007973597 0.9994958069717317 1.0019047473166978 1.0043136876616636 1.0067226280066297 1.0091315683515958 1.0115405086965619 1.0139494490415277 1.016358389386498 1.0187673297314639 1.02117627007643 1.023585210421396 1.0259941507663621 1.028403091111328 1.030812031456294
1.0974362997609337 1.0940898314066252 1.090743363052317 1.0873968946980084 1.0840504263436999 1.0807039579893916 1.077357489635083 1.0740110212807745 1.0706645529264662 1.0673180845721577 1.0639716162178494 1.0606251478635351 1.0572786795092268 1.0539322111549183 1.0505857428006098 1.0472392744463015 1.043892806091993 1.0405463377376845 1.0371998693833762 1.0338534010290676 1.0305069326747591 1.0271604643204508 1.0238139959661423 1.020467527611834 1.0171210592575197 1.0137745909032114 1.010428122548903 1.0070816541945944 1.003735185840286 1.0003887174859776 0.9998279392864103 1.002245126878664 1.004662314470918 1.0070795020631718 1.0094966896554256 1.0119138772476794 1.014331064839933 1.0167482524321911 1.019165440024445 1.0215826276166986 1.0239998152089524 1.0264170028012063 1.0288341903934601 1.031251377985714
1.0980826714156346 1.094725421855599 1.0913681722955637 1.0880109227355284 1.0846536731754928 1.0812964236154574 1.077939174055422 1.0745819244953865 1.0712246749353511 1.0678674253753158 1.0645101758152802 1.061152926255239 1.0577956766952037 1.054438427135168 1.0510811775751328 1.0477239280150974 1.0443666784550618 1.0410094288950265 1.037652179334991 1.0342949297749555 1.0309376802149202 1.0275804306548848 1.0242231810948492 1.0208659315348139 1.0175086819747727 1.0141514324147374 1.0107941828547018 1.0074369332946664 1.004079683734631 1.0007224341745955 1.000160071601089 1.0025855064406306 1.0050109412801722 1.0074363761197138 1.0098618109592554 1.012287245798797 1.0147126806383386 1.0171381154778842 1.0195635503174258 1.0219889851569675 1.024414419996509 1.0268398548360507 1.0292652896755923 1.0316907245151339
1.0987290430703356 1.0953610123045732 1.0919929815388107 1.0886249507730483 1.085256920007286 1.0818888892415235 1.078520858475761 1.0751528277099986 1.0717847969442362 1.0684167661784738 1.0650487354127112 1.061680704646943 1.0583126738811806 1.0549446431154181 1.0515766123496557 1.0482085815838933 1.0448405508181309 1.0414725200523685 1.038104489286606 1.0347364585208436 1.0313684277550812 1.0280003969893188 1.0246323662235561 1.0212643354577937 1.0178963046920255 1.014528273926263 1.0111602431605007 1.0077922123947383 1.0044241816289758 1.0010561508632134 1.0004922039157678 1.0029258860025971 1.0053595680894265 1.0077932501762559 1.0102269322630852 1.0126606143499146 1.015094296436744 1.0175279785235773 1.0199616606104067 1.022395342697236 1.0248290247840655 1.0272627068708948 1.0296963889577242 1.0321300710445536
1.099375414725037 1.0959966027535475 1.092617790782058 1.0892389788105687 1.0858601668390793 1.0824813548675898 1.0791025428961003 1.0757237309246108 1.0723449189531213 1.068966106981632 1.0655872950101426 1.0622084830386473 1.0588296710671579 1.0554508590956684 1.0520720471241791 1.0486932351526896 1.0453144231812002 1.0419356112097107 1.0385567992382212 1.0351779872667317 1.0317991752952425 1.028420363323753 1.0250415513522635 1.021662739380774 1.0182839274092788 1.0149051154377893 1.0115263034663 1.0081474914948105 1.004768679523321 1.0013898675518316 1.0008243362304468 1.0032662655645639 1.005708194898681 1.0081501242327982 1.0105920535669153 1.0130339829010324 1.0154759122351495 1.017917841569271 1.020359770903388 1.0228017002375052 1.0252436295716223 1.0276855589057396 1.0301274882398568 1.032569417573974
1.1000217863797381 1.0966321932025216 1.0932426000253053 1.0898530068480887 1.0864634136708724 1.0830738204936559 1.0796842273164393 1.076294634139223 1.0729050409620065 1.0695154477847901 1.0661258546075736 1.0627362614303515 1.059346668253135 1.0559570750759184 1.052567481898702 1.0491778887214855 1.0457882955442692 1.0423987023670527 1.0390091091898364 1.0356195160126198 1.0322299228354033 1.028840329658187 1.0254507364809704 1.022061143303754 1.0186715501265318 1.0152819569493154 1.011892363772099 1.0085027705948826 1.005113177417666 1.0017235842404495 1.0011564685451255 1.0036066451265304 1.0060568217079353 1.0085069982893402 1.0109571748707453 1.0134073514521502 1.0158575280335551 1.0183077046149642 1.0207578811963691 1.023208057777774 1.025658234359179 1.028108410940584 1.030558587521989 1.0330087641033938
1.1006681580344388 1.0972677836514955 1.093867409268552 1.0904670348856087 1.087066660502665 1.0836662861197217 1.0802659117367783 1.076865537353835 1.0734651629708913 1.070064788587948 1.0666644142050046 1.0632640398220552 1.0598636654391118 1.0564632910561684 1.053062916673225 1.0496625422902814 1.046262167907338 1.0428617935243947 1.0394614191414513 1.0360610447585077 1.0326606703755643 1.029260295992621 1.0258599216096775 1.022459547226734 1.0190591728437848 1.0156587984608414 1.0122584240778978 1.0088580496949544 1.005457675312011 1.0020573009290676 1.0014886008598043 1.003947024688497 1.0064054485171896 1.0088638723458823 1.0113222961745751 1.0137807200032678 1.0162391438319605 1.0186975676606573 1.0211559914893502 1.0236144153180429 1.0260728391467355 1.0285312629754282 1.030989686804121 1.0334481106328137
1.1022913821591305 1.0989895184960063 1.0956876548328822 1.0923857911697579 1.0890839275066337 1.0857820638435096 1.0824802001803855 1.0791783365172614 1.0758764728541372 1.072574609191013 1.0692727455278888 1.065970881864759 1.062669018201635 1.0593671545385106 1.0560652908753865 1.0527634272122623 1.0494615635491382 1.046159699886014 1.04285783622289 1.0395559725597656 1.0362541088966415 1.0329522452335174 1.0296503815703932 1.026348517907269 1.0230466542441392 1.019744790581015 1.016442926917891 1.0131410632547668 1.0098391995916427 1.0065373359285184 1.0059961258361263 1.0084061168608853 1.0108161078856444 1.0132260989104034 1.0156360899351622 1.0180460809599212 1.0204560719846802 1.0228660630094433 1.0252760540342023 1.0276860450589613 1.0300960360837201 1.0325060271084792 1.0349160181332382 1.0373260091579972
1.1049587999854136 1.101872273219854 1.0987857464542947 1.0956992196887352 1.0926126929231759 1.0895261661576163 1.086439639392057 1.0833531126264975 1.0802665858609382 1.0771800590953786 1.0740935323298193 1.0710070055642547 1.0679204787986951 1.0648339520331358 1.0617474252675763 1.058660898502017 1.0555743717364574 1.052487844970898 1.0494013182053386 1.0463147914397792 1.0432282646742197 1.0401417379086604 1.0370552111431008 1.0339686843775415 1.0308821576119769 1.0277956308464173 1.0247091040808578 1.0216225773152985 1.0185360505497392 1.0154495237841796 1.0149668823165885 1.0172678531362354 1.0195688239558822 1.0218697947755293 1.0241707655951762 1.026471736414823 1.02877270723447 1.0310736780541208 1.0333746488737676 1.0356756196934145 1.0379765905130613 1.0402775613327082 1.042578532152355 1.0448795029720022
1.1076262178116965 1.1047550279437017 1.1018838380757072 1.0990126482077125 1.0961414583397178 1.093270268471723 1.0903990786037283 1.0875278887357336 1.084656698867739 1.0817855089997443 1.0789143191317496 1.07604312926375 1.0731719393957553 1.0703007495277608 1.067429559659766 1.0645583697917713 1.0616871799237766 1.0588159900557819 1.0559448001877874 1.0530736103197926 1.050202420451798 1.0473312305838032 1.0444600407158084 1.041588850847814 1.0387176609798143 1.0358464711118196 1.0329752812438249 1.0301040913758301 1.0272329015078356 1.024361711639841 1.0239376387970507 1.0261295894115856 1.0283215400261203 1.0305134906406552 1.03270544125519 1.0348973918697248 1.0370893424842595 1.039281293098798 1.041473243713333 1.0436651943278676 1.0458571449424026 1.0480490955569373 1.0502410461714722 1.0524329967860069
1.1102936356379798 1.1076377826675499 1.1049819296971197 1.1023260767266898 1.09967022375626 1.09701437078583 1.0943585178154 1.0917026648449701 1.0890468118745402 1.0863909589041103 1.0837351059336802 1.0810792529632458 1.078423399992816 1.075767547022386 1.073111694051956 1.070455841081526 1.067799988111096 1.065144135140666 1.0624882821702362 1.0598324291998062 1.0571765762293763 1.0545207232589464 1.0518648702885165 1.0492090173180864 1.046553164347652 1.043897311377222 1.0412414584067922 1.0385856054363622 1.035929752465932 1.0332738994955022 1.032908395277513 1.0349913256869359 1.0370742560963586 1.0391571865057811 1.041240116915204 1.0433230473246267 1.0454059777340494 1.0474889081434757 1.0495718385528985 1.051654768962321 1.0537376993717438 1.0558206297811665 1.0579035601905893 1.059986490600012
1.112961053464265 1.1105205373914 1.108080021318535 1.10563950524567 1.103198989172805 1.1007584730999398 1.098317957027075 1.0958774409542098 1.093436924881345 1.0909964088084798 1.0885558927356147 1.0861153766627456 1.0836748605898805 1.0812343445170156 1.0787938284441505 1.0763533123712854 1.0739127962984205 1.0714722802255554 1.0690317641526903 1.0665912480798254 1.0641507320069603 1.0617102159340952 1.0592696998612303 1.0568291837883652 1.054388667715496 1.051948151642631 1.049507635569766 1.047067119496901 1.044626603424036 1.0421860873511708 1.0418791517579828 1.0438530619622932 1.0458269721666038 1.0478008823709144 1.049774792575225 1.0517487027795354 1.053722612983846 1.0556965231881599 1.0576704333924705 1.059644343596781 1.0616182538010914 1.063592164005402 1.0655660742097126 1.0675399844140232
1.115628471290548 1.1134032921152477 1.1111781129399474 1.108952933764647 1.106727754589347 1.1045025754140467 1.1022773962387464 1.1000522170634461 1.0978270378881458 1.0956018587128455 1.0933766795375452 1.0911515003622412 1.0889263211869409 1.0867011420116406 1.0844759628363403 1.08225078366104 1.0800256044857397 1.0778004253104394 1.075575246135139 1.073350066959839 1.0711248877845387 1.0688997086092384 1.0666745294339381 1.0644493502586378 1.0622241710833338 1.0599989919080335 1.0577738127327332 1.055548633557433 1.0533234543821326 1.0510982752068323 1.050849908238445 1.0527147982376437 1.0545796882368421 1.0564445782360405 1.058309468235239 1.0601743582344374 1.0620392482336358 1.0639041382328376 1.065769028232036 1.0676339182312344 1.0694988082304329 1.0713636982296313 1.0732285882288297 1.0750934782280281
1.118295889116831 1.1162860468390956 1.11427620456136 1.1122663622836244 1.110256520005889 1.1082466777281534 1.1062368354504177 1.1042269931726822 1.1022171508949468 1.1002073086172113 1.0981974663394756 1.0961876240617368 1.094177781784001 1.0921679395062656 1.09015809722853 1.0881482549507946 1.0861384126730589 1.0841285703953234 1.082118728117588 1.0801088858398524 1.0780990435621167 1.0760892012843812 1.0740793590066458 1.0720695167289103 1.0700596744511712 1.0680498321734357 1.0660399898957 1.0640301476179646 1.062020305340229 1.0600104630624936 1.0598206647189072 1.0615765345129937 1.06333240430708 1.0650882741011665 1.0668441438952527 1.0686000136893392 1.0703558834834255 1.0721117532775148 1.0738676230716013 1.0756234928656876 1.077379362659774 1.0791352324538603 1.0808911022479468 1.082646972042033
1.120963306943114 1.1191688015629433 1.1173742961827724 1.1155797908026017 1.1137852854224308 1.1119907800422602 1.1101962746620893 1.1084017692819184 1.1066072639017477 1.1048127585215768 1.1030182531414061 1.101223747761232 1.0994292423810614 1.0976347370008905 1.0958402316207199 1.094045726240549 1.0922512208603783 1.0904567154802074 1.0886622101000365 1.0868677047198658 1.085073199339695 1.0832786939595243 1.0814841885793534 1.0796896831991827 1.0778951778190087 1.076100672438838 1.074306167058667 1.0725116616784964 1.0707171562983255 1.0689226509181546 1.0687914211993694 1.0704382707883437 1.072085120377318 1.0737319699662924 1.0753788195552665 1.0770256691442408 1.0786725187332151 1.0803193683221923 1.0819662179111664 1.0836130675001407 1.085259917089115 1.0869067666780894 1.0885536162670637 1.0902004658560378
1.123630724769397 1.122051556286791 1.120472387804185 1.1188932193215788 1.117314050838973 1.1157348823563669 1.1141557138737608 1.1125765453911547 1.1109973769085486 1.1094182084259425 1.1078390399433364 1.1062598714607277 1.1046807029781218 1.1031015344955157 1.1015223660129096 1.0999431975303036 1.0983640290476975 1.0967848605650914 1.0952056920824853 1.0936265235998794 1.0920473551172734 1.0904681866346673 1.0888890181520612 1.087309849669455 1.0857306811868463 1.0841515127042403 1.0825723442216344 1.0809931757390283 1.0794140072564222 1.0778348387738161 1.0777621776798318 1.079300007063694 1.0808378364475562 1.0823756658314183 1.0839134952152807 1.0854513245991428 1.086989153983005 1.0885269833668698 1.090064812750732 1.0916026421345941 1.0931404715184563 1.0946783009023187 1.0962161302861808 1.097753959670043
1.1262981425956802 1.1249343110106387 1.1235704794255974 1.1222066478405561 1.1208428162555149 1.1194789846704736 1.1181151530854323 1.1167513215003908 1.1153874899153495 1.1140236583303083 1.112659826745267 1.1112959951602233 1.109932163575182 1.1085683319901407 1.1072045004050994 1.105840668820058 1.1044768372350167 1.1031130056499754 1.1017491740649341 1.1003853424798928 1.0990215108948516 1.09765767930981 1.0962938477247688 1.0949300161397275 1.0935661845546838 1.0922023529696425 1.0908385213846012 1.08947468979956 1.0881108582145187 1.0867470266294774 1.086732934160294 1.088161743339044 1.0895905525177942 1.0910193616965442 1.0924481708752944 1.0938769800540447 1.0953057892327946 1.0967345984115473 1.0981634075902973 1.0995922167690475 1.1010210259477975 1.1024498351265477 1.1038786443052977 1.105307453484048
1.1289655604219655 1.127817065734489 1.1266685710470126 1.1255200763595363 1.1243715816720599 1.1232230869845834 1.1220745922971072 1.1209260976096307 1.1197776029221542 1.118629108234678 1.1174806135472015 1.116332118859723 1.1151836241722468 1.1140351294847703 1.1128866347972939 1.1117381401098176 1.1105896454223412 1.109441150734865 1.1082926560473885 1.107144161359912 1.1059956666724358 1.1048471719849593 1.1036986772974828 1.1025501826100066 1.1014016879225281 1.1002531932350517 1.0991046985475754 1.097956203860099 1.0968077091726225 1.0956592144851462 1.095703690640764 1.0970234796144018 1.0983432685880397 1.0996630575616777 1.1009828465353155 1.1023026355089536 1.1036224244825914 1.1049422134562317 1.1062620024298695 1.1075817914035075 1.1089015803771454 1.1102213693507834 1.1115411583244212 1.1128609472980593
1.1316329782482484 1.1306998204583367 1.129766662668425 1.1288335048785134 1.1279003470886018 1.12696718929869 1.1260340315087785 1.1251008737188668 1.1241677159289551 1.1232345581390435 1.1223014003491318 1.1213682425592186 1.120435084769307 1.1195019269793953 1.1185687691894837 1.117635611399572 1.1167024536096604 1.1157692958197487 1.114836138029837 1.1139029802399254 1.1129698224500137 1.112036664660102 1.1111035068701904 1.1101703490802788 1.1092371912903656 1.108304033500454 1.1073708757105423 1.1064377179206306 1.105504560130719 1.1045714023408073 1.104674447121226 1.1058852158897519 1.1070959846582777 1.1083067534268036 1.1095175221953295 1.1107282909638552 1.111939059732381 1.113149828500909 1.1143605972694348 1.1155713660379607 1.1167821348064866 1.1179929035750125 1.1192036723435381 1.120414441112064
