Figures/CREST_Example_wjb_NSE/PETs/wjb.pet.20100511.asc
ncols            288
nrows            254
xllcorner        113.274861
yllcorner        31.4918055
cellsize         0.008333333333
NODATA_value     -9999
[rows 180 to 199 of 254, columns 132 to 175 of 288]
3.2008627901432116 3.1951297434282764 3.189396696713341 3.183663649998406 3.1779306032834707 3.1721975565685354 3.1664645098536006 3.1607314631386654 3.15499841642373 3.149265369708795 3.1435323229938597 3.1377992762789146 3.1320662295639794 3.126333182849044 3.120600136134109 3.114867089419174 3.109134042704239 3.1034009959893036 3.0976679492743684 3.091934902559433 3.086201855844498 3.0804688091295627 3.0747357624146274 3.0690027156996926 3.0632696689847476 3.0575366222698124 3.051803575554877 3.046070528839942 3.0403374821250067 3.0346044354100714 3.030897341569045 3.029356037180256 3.0278147327914673 3.0262734284026784 3.0247321240138896 3.0231908196251007 3.021649515236312 3.0201082108475203 3.0185669064587315 3.0170256020699426 3.015484297681154 3.013942993292365 3.012401688903576 3.010860384514787
3.2032839781603633 3.1976073298307024 3.1919306815010415 3.1862540331713807 3.18057738484172 3.174900736512059 3.169224088182398 3.163547439852737 3.157870791523076 3.152194143193415 3.146517494863754 3.1408408465340836 3.1351641982044227 3.129487549874762 3.123810901545101 3.11813425321544 3.112457604885779 3.106780956556118 3.101104308226457 3.0954276598967962 3.0897510115671354 3.0840743632374745 3.0783977149078137 3.0727210665781524 3.0670444182484817 3.061367769918821 3.05569112158916 3.050014473259499 3.0443378249298383 3.0386611766001774 3.0349483791987653 3.033334982864844 3.031721586530923 3.030108190197002 3.0284947938630804 3.0268813975291593 3.025268001195238 3.023654604861314 3.022041208527393 3.020427812193472 3.0188144158595502 3.017201019525629 3.015587623191708 3.013974226857787
3.2057051661775153 3.200084916233129 3.194464666288742 3.1888444163443554 3.1832241663999685 3.177603916455582 3.171983666511195 3.1663634165668086 3.160743166622422 3.1551229166780352 3.1495026667336488 3.1438824167892525 3.1382621668448656 3.132641916900479 3.127021666956092 3.1214014170117057 3.115781167067319 3.1101609171229323 3.104540667178546 3.098920417234159 3.0933001672897724 3.0876799173453855 3.082059667400999 3.076439417456612 3.070819167512216 3.0651989175678294 3.0595786676234424 3.053958417679056 3.0483381677346695 3.0427179177902826 3.0389994168284855 3.037313928549432 3.0356284402703784 3.033942951991325 3.0322574637122712 3.030571975433218 3.028886487154164 3.0272009988751076 3.0255155105960543 3.0238300223170005 3.022144534037947 3.0204590457588933 3.01877355747984 3.017088069200786
3.2081263541946696 3.202562502635557 3.196998651076445 3.1914347995173324 3.18587094795822 3.180307096399108 3.1747432448399953 3.169179393280883 3.1636155417217706 3.158051690162658 3.152487838603546 3.146923987044424 3.1413601354853116 3.1357962839261995 3.130232432367087 3.1246685808079744 3.1191047292488623 3.1135408776897497 3.1079770261306376 3.102413174571525 3.0968493230124126 3.0912854714533005 3.085721619894188 3.0801577683350754 3.074593916775954 3.0690300652168414 3.063466213657729 3.0579023620986168 3.0523385105395042 3.046774658980392 3.0430504544582098 3.0412928742340237 3.0395352940098377 3.0377777137856516 3.0360201335614656 3.0342625533372796 3.032504973113094 3.030747392888905 3.028989812664719 3.0272322324405327 3.0254746522163467 3.0237170719921607 3.021959491767975 3.020201911543789
3.2105475422118213 3.2050400890379835 3.1995326358641454 3.194025182690307 3.188517729516469 3.183010276342631 3.1775028231687927 3.1719953699949546 3.1664879168211164 3.1609804636472782 3.15547301047344 3.1499655572995926 3.1444581041257544 3.1389506509519167 3.1334431977780786 3.1279357446042404 3.1224282914304022 3.116920838256564 3.111413385082726 3.1059059319088878 3.1003984787350496 3.0948910255612114 3.0893835723873733 3.083876119213535 3.0783686660396876 3.07286121286585 3.0673537596920117 3.0618463065181736 3.0563388533443354 3.0508314001704973 3.04710149208793 3.0452718199186113 3.043442147749293 3.0416124755799747 3.0397828034106564 3.037953131241338 3.03612345907202 3.0342937869026985 3.03246411473338 3.030634442564062 3.0288047703947436 3.0269750982254253 3.0251454260561066 3.0233157538867883
3.2129687302289733 3.2075176754404096 3.2020666206518458 3.196615565863282 3.1911645110747178 3.185713456286154 3.18026240149759 3.1748113467090264 3.1693602919204626 3.163909237131899 3.1584581823433346 3.1530071275547615 3.1475560727661978 3.142105017977634 3.13665396318907 3.1312029084005064 3.125751853611942 3.1203007988233784 3.1148497440348146 3.109398689246251 3.103947634457687 3.0984965796691233 3.093045524880559 3.0875944700919953 3.082143415303422 3.0766923605148584 3.0712413057262946 3.065790250937731 3.060339196149167 3.054888141360603 3.0511525297176503 3.0492507656031997 3.047349001488749 3.0454472373742982 3.0435454732598477 3.041643709145397 3.039741945030946 3.0378401809164925 3.0359384168020416 3.034036652687591 3.0321348885731405 3.0302331244586895 3.028331360344239 3.0264295962297885
3.215389918246126 3.209995261842836 3.2046006054395466 3.1992059490362568 3.1938112926329674 3.1884166362296775 3.183021979826388 3.1776273234230983 3.172232667019809 3.166838010616519 3.1614433542132296 3.1560486978099305 3.150654041406641 3.1452593850033512 3.139864728600062 3.1344700721967724 3.1290754157934826 3.1236807593901927 3.1182861029869033 3.112891446583614 3.107496790180324 3.1021021337770347 3.096707477373745 3.0913128209704555 3.0859181645671563 3.080523508163867 3.075128851760577 3.0697341953572876 3.064339538953998 3.0589448825507084 3.0552035673473705 3.0532297112877873 3.0512558552282045 3.0492819991686213 3.0473081431090385 3.0453342870494553 3.0433604309898725 3.041386574930286 3.039412718870703 3.03743886281112 3.035465006751537 3.033491150691954 3.031517294632371 3.029543438572788
3.2178111062632775 3.2124728482452625 3.207134590227247 3.2017963322092315 3.196458074191216 3.1911198161732006 3.1857815581551856 3.18044330013717 3.1751050421191547 3.169766784101139 3.164428526083124 3.1590902680650994 3.1537520100470844 3.148413752029069 3.1430754940110535 3.137737235993038 3.132398977975023 3.1270607199570075 3.121722461938992 3.1163842039209766 3.1110459459029616 3.105707687884946 3.1003694298669306 3.095031171848915 3.089692913830891 3.0843546558128754 3.0790163977948604 3.073678139776845 3.0683398817588294 3.063001623740814 3.0592546049770912 3.0572086569723758 3.0551627089676603 3.053116760962945 3.05107081295823 3.0490248649535143 3.046978916948799 3.04493296894408 3.042887020939365 3.0408410729346493 3.038795124929934 3.0367491769252184 3.0347032289205034 3.032657280915788
3.2202322942804296 3.2149504346476885 3.2096685750149474 3.2043867153822063 3.1991048557494652 3.193822996116724 3.188541136483983 3.183259276851242 3.1779774172185005 3.1726955575857594 3.1674136979530183 3.1621318383202683 3.1568499786875273 3.151568119054786 3.146286259422045 3.141004399789304 3.135722540156563 3.130440680523822 3.1251588208910808 3.1198769612583397 3.114595101625598 3.109313241992857 3.104031382360116 3.098749522727375 3.093467663094625 3.088185803461884 3.082903943829143 3.0776220841964017 3.0723402245636606 3.0670583649309195 3.063305642606811 3.0611876026569633 3.0590695627071156 3.056951522757268 3.05483348280742 3.052715442857573 3.050597402907725 3.0484793629578735 3.0463613230080258 3.044243283058178 3.0421252431083303 3.0400072031584826 3.037889163208635 3.035771123258787
3.222653482297584 3.2174280210501167 3.21220255980265 3.2069770985551833 3.2017516373077166 3.1965261760602495 3.1913007148127828 3.186075253565316 3.1808497923178494 3.1756243310703822 3.1703988698229155 3.16517340857544 3.159947947327973 3.154722486080506 3.1494970248330394 3.1442715635855727 3.1390461023381055 3.133820641090639 3.128595179843172 3.1233697185957054 3.1181442573482383 3.1129187961007716 3.107693334853305 3.102467873605838 3.097242412358362 3.0920169511108955 3.0867914898634288 3.081566028615962 3.076340567368495 3.0711151061210282 3.067356680236535 3.065166548341555 3.0629764164465745 3.0607862845515945 3.0585961526566146 3.056406020761634 3.054215888866654 3.0520257569716702 3.0498356250766903 3.0476454931817103 3.04545536128673 3.04326522939175 3.04107509749677 3.0388849656017896
3.2250746703147355 3.219905607452543 3.2147365445903504 3.209567481728158 3.2043984188659653 3.199229356003773 3.1940602931415802 3.188891230279388 3.183722167417195 3.178553104555003 3.17338404169281 3.168214978830609 3.163045915968416 3.157876853106224 3.152707790244031 3.1475387273818387 3.142369664519646 3.1372006016574536 3.132031538795261 3.1268624759330685 3.1216934130708758 3.1165243502086835 3.1113552873464907 3.106186224484298 3.1010171616220967 3.0958480987599044 3.0906790358977116 3.0855099730355193 3.0803409101733266 3.0751718473111342 3.0714077178662555 3.069145494026143 3.0668832701860307 3.064621046345918 3.0623588225058054 3.060096598665693 3.0578343748255805 3.0555721509854643 3.0533099271453517 3.0510477033052394 3.048785479465127 3.0465232556250146 3.044261031784902 3.0419988079447893
3.2274958583318876 3.222383193854969 3.217270529378051 3.2121578649011324 3.2070452004242145 3.201932535947296 3.1968198714703777 3.1917072069934593 3.186594542516541 3.181481878039623 3.1763692135627046 3.1712565490857774 3.166143884608859 3.161031220131941 3.1559185556550227 3.1508058911781043 3.145693226701186 3.1405805622242675 3.1354678977473496 3.130355233270431 3.125242568793513 3.1201299043165944 3.115017239839676 3.1099045753627577 3.104791910885831 3.0996792464089125 3.094566581931994 3.089453917455076 3.0843412529781578 3.0792285885012394 3.075458755495976 3.073124439710731 3.070790123925486 3.068455808140241 3.066121492354996 3.0637871765697517 3.061452860784507 3.059118544999258 3.056784229214013 3.054449913428768 3.0521155976435232 3.049781281858279 3.047446966073034 3.045112650287789
3.229917046349039 3.224860780257395 3.219804514165751 3.214748248074107 3.209691981982463 3.204635715890819 3.199579449799175 3.194523183707531 3.189466917615887 3.184410651524243 3.179354385432599 3.1742981193409463 3.1692418532493023 3.1641855871576583 3.1591293210660143 3.1540730549743703 3.1490167888827263 3.1439605227910823 3.1389042566994383 3.1338479906077943 3.1287917245161503 3.123735458424506 3.118679192332862 3.113622926241218 3.1085666601495654 3.1035103940579214 3.0984541279662774 3.0933978618746334 3.088341595782989 3.083285329691345 3.079509793125696 3.077103385395319 3.0746969776649418 3.0722905699345646 3.0698841622041875 3.0674777544738103 3.065071346743433 3.062664939013052 3.060258531282675 3.0578521235522973 3.05544571582192 3.053039308091543 3.050632900361166 3.0482264926307887
3.2323382343661913 3.2273383666598217 3.2223384989534516 3.217338631247082 3.2123387635407123 3.2073388958343423 3.2023390281279727 3.1973391604216026 3.192339292715233 3.1873394250088634 3.1823395573024933 3.1773396895961152 3.172339821889745 3.1673399541833755 3.162340086477006 3.157340218770636 3.1523403510642662 3.1473404833578966 3.1423406156515266 3.137340747945157 3.132340880238787 3.1273410125324173 3.1223411448260476 3.1173412771196776 3.1123414094132995 3.1073415417069294 3.10234167400056 3.09734180629419 3.09234193858782 3.0873420708814505 3.0835608307554163 3.081082331079907 3.0786038314043975 3.0761253317288877 3.0736468320533783 3.071168332377869 3.0686898327023595 3.0662113330268457 3.0637328333513363 3.0612543336758264 3.058775834000317 3.0562973343248077 3.0538188346492983 3.0513403349737884
3.2347594223833447 3.229815953062249 3.2248724837411538 3.219929014420058 3.2149855450989624 3.210042075777867 3.2050986064567715 3.200155137135676 3.1952116678145805 3.190268198493485 3.1853247291723896 3.1803812598512855 3.1754377905301903 3.1704943212090946 3.165550851887999 3.1606073825669037 3.155663913245808 3.1507204439247127 3.145776974603617 3.1408335052825214 3.135890035961426 3.1309465666403304 3.126003097319235 3.1210596279981395 3.1161161586770354 3.11117268935594 3.1062292200348445 3.101285750713749 3.0963422813926536 3.091398812071558 3.087611868385139 3.0850612767644967 3.082510685143855 3.079960093523213 3.0774095019025713 3.0748589102819293 3.072308318661287 3.069757727040641 3.067207135419999 3.0646565437993574 3.0621059521787153 3.0595553605580736 3.0570047689374316 3.05445417731679
3.2371806104004963 3.232293539464675 3.227406468528854 3.222519397593033 3.2176323266572116 3.2127452557213902 3.207858184785569 3.2029711138497476 3.1980840429139263 3.193196971978105 3.1883099010422837 3.1834228301064544 3.178535759170633 3.173648688234812 3.1687616172989905 3.1638745463631692 3.158987475427348 3.1541004044915266 3.1492133335557053 3.1443262626198845 3.139439191684063 3.134552120748242 3.1296650498124206 3.1247779788765992 3.1198909079407695 3.115003837004948 3.110116766069127 3.105229695133306 3.1003426241974847 3.0954555532616634 3.091662906014859 3.0890402224490847 3.0864175388833104 3.083794855317536 3.0811721717517617 3.078549488185988 3.0759268046202135 3.0733041210544347 3.0706814374886604 3.068058753922886 3.065436070357112 3.062813386791338 3.0601907032255635 3.057568019659789
3.2396017984176484 3.2347711258671015 3.2299404533165545 3.225109780766007 3.2202791082154603 3.2154484356649133 3.2106177631143664 3.2057870905638195 3.2009564180132726 3.1961257454627257 3.1912950729121783 3.1864644003616234 3.181633727811076 3.176803055260529 3.171972382709982 3.1671417101594352 3.1623110376088883 3.1574803650583414 3.1526496925077945 3.147819019957247 3.1429883474067 3.1381576748561533 3.1333270023056063 3.1284963297550594 3.123665657204504 3.118834984653957 3.11400431210341 3.1091736395528633 3.104342967002316 3.099512294451769 3.0957139436445793 3.0930191681336727 3.090324392622766 3.0876296171118596 3.084934841600953 3.0822400660900464 3.07954529057914 3.076850515068229 3.0741557395573222 3.0714609640464157 3.068766188535509 3.066071413024602 3.0633766375136955 3.060681862002789
3.242022986434802 3.237248712269529 3.2324744381042563 3.2277001639389833 3.2229258897737108 3.2181516156084378 3.2133773414431652 3.2086030672778927 3.2038287931126197 3.199054518947347 3.194280244782074 3.1895059706167936 3.1847316964515207 3.179957422286248 3.175183148120975 3.1704088739557026 3.1656345997904296 3.160860325625157 3.1560860514598845 3.1513117772946115 3.146537503129339 3.141763228964066 3.1369889547987935 3.1322146806335205 3.12744040646824 3.122666132302967 3.1178918581376944 3.1131175839724214 3.108343309807149 3.1035690356418764 3.0997649812743013 3.0969981138182625 3.0942312463622232 3.0914643789061844 3.0886975114501456 3.0859306439941063 3.0831637765380675 3.080396909082024 3.077630041625985 3.0748631741699457 3.072096306713907 3.069329439257868 3.066562571801829 3.06379570434579
3.2444441744519534 3.2397262986719553 3.2350084228919567 3.230290547111958 3.2255726713319595 3.2208547955519613 3.2161369197719627 3.211419043991964 3.206701168211966 3.2019832924319673 3.1972654166519687 3.1925475408719626 3.187829665091964 3.1831117893119654 3.1783939135319668 3.1736760377519686 3.16895816197197 3.1642402861919714 3.1595224104119732 3.1548045346319746 3.150086658851976 3.145368783071978 3.1406509072919793 3.1359330315119807 3.131215155731974 3.126497279951976 3.1217794041719773 3.1170615283919787 3.1123436526119805 3.107625776831982 3.103816018904022 3.1009770595028505 3.0981381001016794 3.095299140700508 3.0924601812993364 3.0896212218981653 3.086782262496994 3.083943303095818 3.0811043436946464 3.0782653842934753 3.075426424892304 3.0725874654911323 3.069748506089961 3.0669095466887897
3.2468653624691055 3.2422038850743813 3.237542407679657 3.232880930284933 3.2282194528902086 3.2235579754954844 3.21889649810076 3.214235020706036 3.2095735433113117 3.2049120659165875 3.2002505885218633 3.195589111127131 3.190927633732407 3.1862661563376826 3.1816046789429584 3.176943201548234 3.17228172415351 3.1676202467587857 3.1629587693640615 3.1582972919693373 3.153635814574613 3.148974337179889 3.1443128597851646 3.1396513823904404 3.134989904995708 3.130328427600984 3.1256669502062597 3.1210054728115355 3.1163439954168117 3.1116825180220875 3.1078670565337423 3.1049560051874385 3.1020449538411348 3.099133902494831 3.0962228511485272 3.0933117998022235 3.09040074845592 3.0874896971096115 3.0845786457633078 3.081667594417004 3.0787565430707002 3.075845491724397 3.072934440378093 3.0700233890317894
