Figures/CREST_Example_wjb_NSE/PETs/wjb.pet.20090122.asc
ncols            288
nrows            254
xllcorner        113.274861
yllcorner        31.4918055
cellsize         0.008333333333
NODATA_value     -9999
[rows 38 to 56 of 254, columns 0 to 43 of 288]
-9999.0 -9999.0 -9999.0 -9999.0 -9999.0 -9999.0 -9999.0 -9999.0 -9999.0 -9999.0 -9999.0 -9999.0 -9999.0 0.8447029822654682 0.8457237708311329 0.8467445593967975 0.8477653479624622 0.8487861365281268 0.8498069250937914 0.8508277136594561 0.8518485022251208 0.8528692907907853 0.85389007935645 0.8549108679221147 0.8559316564877792 0.8569524450534439 0.8579732336191103 0.8589940221847749 0.8600148107504396 0.8610355993161042 0.8620563878817689 0.8630771764474334 0.8640979650130981 0.8651187535787628 0.8661395421444273 0.867160330710092 0.8681811192757567 0.8692019078414213 0.8702226964070859 0.8712434849727523 0.872264273538417 0.8732850621040816 0.8736038186449048 0.8731720870846037
-9999.0 -9999.0 -9999.0 -9999.0 -9999.0 -9999.0 -9999.0 -9999.0 -9999.0 -9999.0 -9999.0 -9999.0 -9999.0 0.8446149980041741 0.8457006971774379 0.8467863963507017 0.8478720955239655 0.8489577946972293 0.8500434938704932 0.851129193043757 0.8522148922170208 0.8533005913902847 0.8543862905635485 0.8554719897368123 0.8565576889100761 0.85764338808334 0.8587290872566057 0.8598147864298694 0.8609004856031333 0.8619861847763971 0.863071883949661 0.8641575831229248 0.8652432822961886 0.8663289814694525 0.8674146806427162 0.86850037981598 0.8695860789892439 0.8706717781625077 0.8717574773357716 0.8728431765090372 0.873928875682301 0.8750145748555649 0.8753667503228854 0.8749347723702425
-9999.0 -9999.0 -9999.0 -9999.0 -9999.0 -9999.0 -9999.0 -9999.0 -9999.0 -9999.0 -9999.0 -9999.0 -9999.0 -9999.0 0.8456776235237428 0.8468282333046059 0.8479788430854689 0.849129452866332 0.850280062647195 0.8514306724280581 0.8525812822089213 0.8537318919897843 0.8548825017706474 0.8560331115515104 0.8571837213323735 0.8583343311132365 0.8594849408941017 0.8606355506749647 0.8617861604558278 0.8629367702366908 0.8640873800175539 0.865237989798417 0.86638859957928 0.8675392093601432 0.8686898191410062 0.8698404289218693 0.8709910387027324 0.8721416484835954 0.8732922582644586 0.8744428680453236 0.8755934778261867 0.8767440876070497 0.8771296820008674 0.8766974576558829
-9999.0 -9999.0 -9999.0 -9999.0 -9999.0 -9999.0 -9999.0 -9999.0 -9999.0 -9999.0 -9999.0 -9999.0 -9999.0 -9999.0 -9999.0 0.8468700702585101 0.8480855906469724 0.8493011110354346 0.8505166314238969 0.8517321518123592 0.8529476722008215 0.8541631925892836 0.8553787129777459 0.8565942333662082 0.8578097537546705 0.8590252741431328 0.8602407945315971 0.8614563149200594 0.8626718353085217 0.8638873556969838 0.8651028760854461 0.8663183964739084 0.8675339168623707 0.868749437250833 0.8699649576392952 0.8711804780277574 0.8723959984162197 0.873611518804682 0.8748270391931443 0.8760425595816086 0.8772580799700709 0.8784736003585332 0.8788926136788481 0.8784601429415219
-9999.0 -9999.0 -9999.0 -9999.0 -9999.0 -9999.0 -9999.0 -9999.0 -9999.0 -9999.0 -9999.0 -9999.0 -9999.0 -9999.0 -9999.0 0.8469119072124143 0.8481923382084757 0.8494727692045372 0.8507532002005986 0.8520336311966601 0.8533140621927215 0.854594493188783 0.8558749241848445 0.8571553551809059 0.8584357861769674 0.8597162171730288 0.8609966481690924 0.8622770791651538 0.8635575101612153 0.8648379411572767 0.8661183721533382 0.8673988031493997 0.8686792341454611 0.8699596651415226 0.871240096137584 0.8725205271336455 0.8738009581297069 0.8750813891257684 0.8763618201218298 0.8776422511178935 0.878922682113955 0.8802031131100164 0.8806555453568286 0.8802228282271607
-9999.0 -9999.0 -9999.0 -9999.0 -9999.0 -9999.0 -9999.0 -9999.0 -9999.0 -9999.0 -9999.0 -9999.0 -9999.0 -9999.0 -9999.0 -9999.0 0.848299085769979 0.8496444273736397 0.8509897689773004 0.852335110580961 0.8536804521846216 0.8550257937882823 0.8563711353919429 0.8577164769956036 0.8590618185992642 0.8604071602029248 0.8617525018065878 0.8630978434102484 0.864443185013909 0.8657885266175697 0.8671338682212304 0.868479209824891 0.8698245514285516 0.8711698930322123 0.8725152346358729 0.8738605762395336 0.8752059178431942 0.8765512594468549 0.8778966010505155 0.8792419426541784 0.880587284257839 0.8819326258614997 0.882418477034809 0.8819855135127994
-9999.0 -9999.0 -9999.0 -9999.0 -9999.0 -9999.0 -9999.0 -9999.0 -9999.0 -9999.0 -9999.0 -9999.0 -9999.0 -9999.0 -9999.0 -9999.0 -9999.0 0.8498160855427422 0.8512263377540021 0.8526365899652619 0.8540468421765217 0.8554570943877816 0.8568673465990414 0.8582775988103013 0.8596878510215611 0.861098103232821 0.8625083554440832 0.863918607655343 0.8653288598666029 0.8667391120778627 0.8681493642891225 0.8695596165003824 0.8709698687116422 0.8723801209229021 0.8737903731341619 0.8752006253454218 0.8766108775566815 0.8780211297679413 0.8794313819792012 0.8808416341904635 0.8822518864017233 0.8836621386129832 0.8841814087127897 0.8837481987984384
-9999.0 -9999.0 -9999.0 -9999.0 -9999.0 -9999.0 -9999.0 -9999.0 -9999.0 -9999.0 -9999.0 -9999.0 -9999.0 -9999.0 -9999.0 -9999.0 -9999.0 0.8499877437118448 0.8514629065307038 0.8529380693495628 0.8544132321684219 0.8558883949872809 0.8573635578061399 0.8588387206249989 0.860313883443858 0.861789046262717 0.8632642090815785 0.8647393719004376 0.8662145347192965 0.8676896975381556 0.8691648603570147 0.8706400231758736 0.8721151859947327 0.8735903488135917 0.8750655116324507 0.8765406744513098 0.8780158372701687 0.8794910000890278 0.8809661629078869 0.8824413257267484 0.8839164885456074 0.8853916513644664 0.8859443403907702 0.8855108840840772
-9999.0 -9999.0 -9999.0 -9999.0 -9999.0 -9999.0 -9999.0 -9999.0 -9999.0 -9999.0 -9999.0 -9999.0 -9999.0 -9999.0 -9999.0 -9999.0 -9999.0 -9999.0 0.8516994753074058 0.8532395487338641 0.8547796221603223 0.8563196955867806 0.8578597690132389 0.8593998424396971 0.8609399158661554 0.8624799892926137 0.8640200627190746 0.8655601361455328 0.8671002095719911 0.8686402829984494 0.8701803564249077 0.8717204298513659 0.8732605032778242 0.8748005767042825 0.8763406501307407 0.877880723557199 0.8794207969836573 0.8809608704101155 0.8825009438365738 0.8840410172630347 0.885581090689493 0.8871211641159512 0.8877072720687523 0.8872735693697176
-9999.0 -9999.0 -9999.0 -9999.0 -9999.0 -9999.0 -9999.0 -9999.0 -9999.0 -9999.0 -9999.0 -9999.0 -9999.0 -9999.0 -9999.0 -9999.0 -9999.0 -9999.0 0.8519360440841075 0.853541028118165 0.8551460121522224 0.8567509961862799 0.8583559802203373 0.8599609642543948 0.8615659482884522 0.8631709323225097 0.8647759163565699 0.8663809003906273 0.8679858844246848 0.8695908684587423 0.8711958524927997 0.8728008365268572 0.8744058205609146 0.8760108045949722 0.8776157886290296 0.8792207726630871 0.8808257566971445 0.882430740731202 0.8840357247652595 0.8856407087993197 0.8872456928333771 0.8888506768674346 0.8894702037467328 0.8890362546553564
-9999.0 -9999.0 -9999.0 -9999.0 -9999.0 -9999.0 -9999.0 -9999.0 -9999.0 -9999.0 -9999.0 -9999.0 -9999.0 -9999.0 -9999.0 -9999.0 -9999.0 -9999.0 -9999.0 0.8538425075024659 0.8555124021441225 0.8571822967857792 0.8588521914274359 0.8605220860690925 0.8621919807107492 0.8638618753524058 0.8655317699940653 0.867201664635722 0.8688715592773786 0.8705414539190353 0.8722113485606919 0.8738812432023486 0.8755511378440053 0.8772210324856619 0.8788909271273185 0.8805608217689752 0.8822307164106319 0.8839006110522885 0.8855705056939451 0.8872404003356047 0.8889102949772613 0.8905801896189179 0.8912331354247135 0.8907989399409953
-9999.0 -9999.0 -9999.0 -9999.0 -9999.0 -9999.0 -9999.0 -9999.0 -9999.0 -9999.0 -9999.0 -9999.0 -9999.0 -9999.0 -9999.0 -9999.0 -9999.0 -9999.0 -9999.0 0.8541439868867668 0.8558787921360227 0.8576135973852785 0.8593484026345344 0.8610832078837902 0.8628180131330461 0.8645528183823019 0.8662876236315608 0.8680224288808166 0.8697572341300724 0.8714920393793283 0.873226844628584 0.8749616498778399 0.8766964551270957 0.8784312603763516 0.8801660656256074 0.8819008708748632 0.8836356761241191 0.8853704813733749 0.8871052866226308 0.8888400918718896 0.8905748971211455 0.8923097023704013 0.892996067102694 0.8925616252266342
-9999.0 -9999.0 -9999.0 -9999.0 -9999.0 -9999.0 -9999.0 -9999.0 -9999.0 -9999.0 -9999.0 -9999.0 -9999.0 -9999.0 -9999.0 -9999.0 -9999.0 -9999.0 -9999.0 -9999.0 -9999.0 -9999.0 -9999.0 0.8616443296984879 0.8634440455553429 0.8652437614121979 0.8670434772690561 0.8688431931259111 0.8706429089827661 0.8724426248396211 0.8742423406964762 0.8760420565533312 0.8778417724101862 0.8796414882670412 0.8814412041238963 0.8832409199807513 0.8850406358376064 0.8868403516944614 0.8886400675513164 0.8904397834081745 0.8922394992650295 0.8940392151218846 0.8947589987806746 0.894324310512273
-9999.0 -9999.0 -9999.0 -9999.0 -9999.0 -9999.0 -9999.0 -9999.0 -9999.0 -9999.0 -9999.0 -9999.0 -9999.0 -9999.0 -9999.0 -9999.0 -9999.0 -9999.0 -9999.0 -9999.0 -9999.0 -9999.0 -9999.0 0.8622054515131856 0.8640700779776398 0.8659347044420941 0.8677993309065515 0.8696639573710057 0.87152858383546 0.8733932102999141 0.8752578367643683 0.8771224632288226 0.8789870896932768 0.8808517161577311 0.8827163426221852 0.8845809690866394 0.8864455955510937 0.8883102220155479 0.8901748484800022 0.8920394749444596 0.8939041014089137 0.8957687278733679 0.8965219304586551 0.8960869957979118
-9999.0 -9999.0 -9999.0 -9999.0 -9999.0 -9999.0 -9999.0 -9999.0 -9999.0 -9999.0 -9999.0 -9999.0 -9999.0 -9999.0 -9999.0 -9999.0 -9999.0 -9999.0 -9999.0 -9999.0 -9999.0 -9999.0 -9999.0 -9999.0 -9999.0 0.8666256474719901 0.8685551845440468 0.8704847216161002 0.8724142586881536 0.874343795760207 0.8762733328322605 0.8782028699043138 0.8801324069763673 0.8820619440484206 0.8839914811204741 0.8859210181925276 0.8878505552645809 0.8897800923366344 0.8917096294086877 0.8936391664807445 0.8955687035527978 0.8974982406248513 0.8982848621366357 0.8978496810835507
-9999.0 -9999.0 -9999.0 -9999.0 -9999.0 -9999.0 -9999.0 -9999.0 -9999.0 -9999.0 -9999.0 -9999.0 -9999.0 -9999.0 -9999.0 -9999.0 -9999.0 -9999.0 -9999.0 -9999.0 -9999.0 -9999.0 -9999.0 -9999.0 -9999.0 0.8673165905018868 0.8693110381815429 0.8713054858611955 0.8732999335408481 0.8752943812205009 0.8772888289001535 0.8792832765798061 0.8812777242594588 0.8832721719391115 0.8852666196187641 0.8872610672984167 0.8892555149780694 0.891249962657722 0.8932444103373747 0.8952388580170307 0.8972333056966835 0.8992277533763361 0.9000477938146177 0.8996123663691911
-9999.0 -9999.0 -9999.0 -9999.0 -9999.0 -9999.0 -9999.0 -9999.0 -9999.0 -9999.0 -9999.0 -9999.0 -9999.0 -9999.0 -9999.0 -9999.0 -9999.0 -9999.0 -9999.0 -9999.0 -9999.0 -9999.0 -9999.0 -9999.0 -9999.0 0.8680075335317828 0.8700668918190382 0.8721262501062901 0.8741856083935419 0.8762449666807938 0.8783043249680456 0.8803636832552975 0.8824230415425492 0.8844823998298011 0.8865417581170529 0.8886011164043048 0.8906604746915566 0.8927198329788085 0.8947791912660603 0.8968385495533157 0.8988979078405676 0.9009572661278193 0.9018107254925982 0.9013750516548299
-9999.0 -9999.0 -9999.0 -9999.0 -9999.0 -9999.0 -9999.0 -9999.0 -9999.0 -9999.0 -9999.0 -9999.0 -9999.0 -9999.0 -9999.0 -9999.0 -9999.0 -9999.0 -9999.0 -9999.0 0.8580771320874238 0.8602014009822748 0.8623256698771258 0.8644499387719768 0.8665742076668279 0.868698476561679 0.8708227454565336 0.8729470143513847 0.8750712832462357 0.8771955521410867 0.8793198210359378 0.8814440899307888 0.8835683588256398 0.8856926277204908 0.8878168966153419 0.889941165510193 0.8920654344050439 0.894189703299895 0.8963139721947461 0.8984382410896007 0.9005625099844518 0.9026867788793028 0.9035736571705789 0.9031377369404688
-9999.0 -9999.0 -9999.0 -9999.0 -9999.0 -9999.0 -9999.0 -9999.0 -9999.0 -9999.0 -9999.0 -9999.0 -9999.0 -9999.0 -9999.0 -9999.0 -9999.0 -9999.0 -9999.0 0.8562543425768736 0.8584435220793238 0.8606327015817741 0.8628218810842243 0.8650110605866745 0.8672002400891248 0.869389419591575 0.8715785990940289 0.8737677785964791 0.8759569580989294 0.8781461376013796 0.8803353171038298 0.8825244966062801 0.8847136761087303 0.8869028556111805 0.8890920351136308 0.891281214616081 0.8934703941185312 0.8956595736209815 0.8978487531234317 0.9000379326258856 0.9022271121283358 0.9044162916307861 0.9053365888485594 0.9049004222261077
