Figures/CREST_Example_wjb_NSE/PETs/wjb.pet.20091002.asc
ncols            288
nrows            254
xllcorner        113.274861
yllcorner        31.4918055
cellsize         0.008333333333
NODATA_value     -9999
[rows 100 to 119 of 254, columns 176 to 219 of 288]
2.147485460898331 2.148082255475571 2.1486790500528112 2.149275844630051 2.149872639207291 2.1504694337845307 2.1510662283617714 2.1516630229390112 2.152259817516251 2.152856612093491 2.1534534066707307 2.1540502012479705 2.154646995825211 2.1552437904024506 2.1558405849796904 2.1564373795569303 2.1572331725003497 2.158241699199873 2.1592502258993966 2.160258752598922 2.1612672792984453 2.162275805997969 2.1632843326974927 2.164292859397016 2.1653013860965395 2.166309912796063 2.1673184394955864 2.16832696619511 2.169335492894634 2.170344019594157 2.1713525462936807 2.1723610729932044 2.1733695996927294 2.174378126392253 2.1753866530917763 2.1763951797913 2.1774037064908236 2.178412233190347 2.1794207598898705 2.180429286589394 2.1814378132889174 2.182446339988441 2.1834548666879647 2.184463393387488
2.1528811795435123 2.153477545162569 2.1540739107816256 2.1546702764006818 2.1552666420197384 2.1558630076387946 2.156459373257852 2.1570557388769087 2.1576521044959653 2.1582484701150215 2.158844835734078 2.1594412013531348 2.160037566972191 2.1606339325912476 2.161230298210304 2.1618266638293604 2.162614448392375 2.163606864137641 2.164599279882908 2.1655916956281764 2.1665841113734428 2.1675765271187095 2.168568942863976 2.1695613586092426 2.1705537743545094 2.1715461900997757 2.1725386058450424 2.1735310215903088 2.1745234373355755 2.1755158530808423 2.1765082688261086 2.1775006845713754 2.1784931003166434 2.17948551606191 2.180477931807177 2.1814703475524433 2.18246276329771 2.1834551790429764 2.184447594788243 2.18544001053351 2.186432426278776 2.187424842024043 2.1884172577693097 2.189409673514576
2.158276898188694 2.158872834849567 2.15946877151044 2.160064708171313 2.160660644832186 2.1612565814930593 2.161852518153933 2.162448454814806 2.163044391475679 2.1636403281365526 2.1642362647974256 2.1648322014582986 2.1654281381191716 2.1660240747800446 2.1666200114409175 2.167215948101791 2.1679957242844 2.1689720290754098 2.169948333866419 2.1709246386574304 2.17190094344844 2.17287724823945 2.1738535530304595 2.1748298578214693 2.1758061626124787 2.1767824674034886 2.177758772194498 2.178735076985508 2.1797113817765177 2.180687686567527 2.181663991358537 2.1826402961495464 2.183616600940558 2.1845929057315674 2.1855692105225772 2.1865455153135867 2.1875218201045965 2.188498124895606 2.1894744296866158 2.1904507344776256 2.191427039268635 2.192403344059645 2.1933796488506543 2.194355953641664
2.1636726168338756 2.164268124536565 2.1648636322392547 2.1654591399419445 2.1660546476446343 2.1666501553473236 2.1672456630500143 2.167841170752704 2.168436678455394 2.1690321861580837 2.169627693860773 2.170223201563463 2.1708187092661526 2.1714142169688424 2.1720097246715317 2.1726052323742215 2.1733770001764254 2.1743371940131784 2.175297387849931 2.176257581686685 2.177217775523438 2.1781779693601906 2.1791381631969435 2.180098357033696 2.181058550870449 2.1820187447072015 2.1829789385439544 2.183939132380707 2.18489932621746 2.1858595200542124 2.1868197138909653 2.187779907727718 2.188740101564472 2.189700295401225 2.1906604892379775 2.1916206830747305 2.192580876911483 2.193541070748236 2.1945012645849884 2.1954614584217413 2.196421652258494 2.197381846095247 2.1983420399319993 2.1993022337687522
2.1690683354790568 2.169663414223563 2.1702584929680695 2.1708535717125756 2.171448650457082 2.172043729201588 2.1726388079460954 2.1732338866906016 2.173828965435108 2.1744240441796143 2.1750191229241205 2.1756142016686266 2.176209280413133 2.1768043591576394 2.1773994379021455 2.177994516646652 2.1787582760684505 2.1797023589509466 2.180646441833442 2.1815905247159395 2.182534607598435 2.183478690480931 2.1844227733634267 2.1853668562459228 2.1863109391284183 2.1872550220109144 2.18819910489341 2.1891431877759056 2.1900872706584016 2.191031353540897 2.191975436423393 2.192919519305889 2.193863602188386 2.194807685070882 2.195751767953378 2.1966958508358734 2.1976399337183694 2.198584016600865 2.199528099483361 2.2004721823658566 2.201416265248352 2.2023603481308482 2.203304431013344 2.20424851389584
2.174464054124243 2.1750587039105658 2.1756533536968887 2.1762480034832112 2.176842653269534 2.177437303055857 2.178031952842181 2.178626602628504 2.179221252414827 2.17981590220115 2.180410551987473 2.1810052017737958 2.1815998515601183 2.182194501346441 2.182789151132764 2.183383800919087 2.1841395519604805 2.1850675238887196 2.1859954958169583 2.1869234677451987 2.1878514396734374 2.188779411601676 2.1897073835299152 2.190635355458154 2.1915633273863926 2.1924912993146317 2.1934192712428704 2.194347243171109 2.195275215099348 2.196203187027587 2.1971311589558256 2.1980591308840642 2.1989871028123047 2.199915074740544 2.2008430466687825 2.201771018597021 2.2026989905252603 2.203626962453499 2.2045549343817377 2.2054829063099763 2.2064108782382155 2.207338850166454 2.208266822094693 2.209194794022932
2.1798597727694244 2.1804539935975638 2.1810482144257035 2.181642435253843 2.182236656081982 2.182830876910122 2.1834250977382625 2.184019318566402 2.184613539394541 2.185207760222681 2.1858019810508202 2.18639620187896 2.1869904227070993 2.187584643535239 2.1881788643633784 2.188773085191518 2.189520827852506 2.1904326888264882 2.19134454980047 2.1922564107744535 2.1931682717484353 2.194080132722417 2.194991993696399 2.1959038546703806 2.196815715644363 2.1977275766183446 2.1986394375923264 2.199551298566308 2.2004631595402904 2.201375020514272 2.202286881488254 2.2031987424622357 2.2041106034362192 2.205022464410201 2.205934325384183 2.206846186358165 2.2077580473321468 2.2086699083061285 2.2095817692801103 2.2104936302540925 2.2114054912280743 2.212317352202056 2.213229213176038 2.21414107415002
2.1852554914146056 2.1858492832845617 2.186443075154518 2.187036867024474 2.18763065889443 2.188224450764386 2.188818242634343 2.1894120345042993 2.1900058263742554 2.1905996182442116 2.1911934101141677 2.191787201984124 2.19238099385408 2.192974785724036 2.193568577593992 2.1941623694639483 2.194902103744531 2.1957978537642564 2.1966936037839813 2.1975893538037075 2.1984851038234328 2.1993808538431576 2.2002766038628825 2.2011723538826073 2.202068103902332 2.2029638539220575 2.2038596039417824 2.2047553539615072 2.205651103981232 2.206546854000957 2.2074426040206823 2.208338354040407 2.2092341040601333 2.2101298540798586 2.2110256040995835 2.2119213541193083 2.212817104139033 2.213712854158758 2.214608604178483 2.2155043541982082 2.216400104217933 2.217295854237658 2.218191604257383 2.2190873542771077
2.190651210059787 2.1912445729715597 2.1918379358833326 2.192431298795105 2.193024661706878 2.1936180246186505 2.1942113875304243 2.1948047504421972 2.1953981133539697 2.1959914762657426 2.1965848391775156 2.197178202089288 2.197771565001061 2.1983649279128334 2.1989582908246064 2.199551653736379 2.200283379636557 2.201163018702025 2.202042657767493 2.2029222968329623 2.20380193589843 2.204681574963898 2.205561214029366 2.206440853094834 2.2073204921603025 2.2082001312257704 2.2090797702912384 2.2099594093567063 2.2108390484221743 2.211718687487642 2.21259832655311 2.213477965618578 2.214357604684048 2.215237243749516 2.2161168828149838 2.2169965218804517 2.2178761609459197 2.2187558000113876 2.2196354390768556 2.2205150781423235 2.2213947172077915 2.2222743562732594 2.2231539953387274 2.2240336344041953
2.1960469287049684 2.1966398626585577 2.197232796612147 2.1978257305657363 2.1984186645193255 2.199011598472915 2.1996045324265054 2.2001974663800947 2.200790400333684 2.2013833342872733 2.2019762682408626 2.202569202194452 2.2031621361480416 2.203755070101631 2.20434800405522 2.2049409380088094 2.205664655528582 2.206528183639793 2.2073917117510042 2.2082552398622166 2.2091187679734277 2.2099822960846387 2.2108458241958497 2.211709352307061 2.212572880418272 2.213436408529483 2.214299936640694 2.215163464751905 2.216026992863116 2.216890520974327 2.217754049085538 2.218617577196749 2.219481105307962 2.220344633419173 2.221208161530384 2.222071689641595 2.222935217752806 2.223798745864017 2.224662273975228 2.2255258020864392 2.2263893301976503 2.2272528583088613 2.2281163864200724 2.2289799145312834
2.20144264735015 2.2020351523455557 2.2026276573409618 2.203220162336368 2.203812667331774 2.2044051723271796 2.2049976773225866 2.2055901823179926 2.2061826873133987 2.2067751923088044 2.2073676973042105 2.2079602022996165 2.208552707295022 2.2091452122904283 2.2097377172858343 2.21033022228124 2.2110459314206077 2.211893348577562 2.212740765734516 2.2135881828914714 2.2144356000484255 2.2152830172053797 2.216130434362334 2.216977851519288 2.217825268676242 2.218672685833196 2.2195201029901503 2.2203675201471045 2.221214937304058 2.2220623544610123 2.2229097716179664 2.2237571887749206 2.2246046059318765 2.2254520230888306 2.2262994402457843 2.2271468574027384 2.2279942745596926 2.2288416917166467 2.229689108873601 2.230536526030555 2.231383943187509 2.2322313603444632 2.2330787775014174 2.2339261946583715
2.2068383659953357 2.207430442032558 2.208022518069781 2.2086145941070034 2.209206670144226 2.2097987461814483 2.210390822218672 2.2109828982558946 2.211574974293117 2.21216705033034 2.2127591263675623 2.213351202404785 2.2139432784420072 2.2145353544792297 2.2151274305164526 2.215719506553675 2.216427207312637 2.2172585135153344 2.2180898197180317 2.21892112592073 2.2197524321234274 2.220583738326124 2.2214150445288214 2.2222463507315187 2.223077656934216 2.223908963136913 2.2247402693396103 2.2255715755423076 2.226402881745005 2.2272341879477016 2.228065494150399 2.228896800353096 2.2297281065557946 2.230559412758492 2.231390718961189 2.2322220251638862 2.2330533313665835 2.2338846375692807 2.234715943771978 2.2355472499746747 2.236378556177372 2.237209862380069 2.2380411685827664 2.2388724747854636
2.2122340846405173 2.2128257317195565 2.213417378798596 2.2140090258776346 2.214600672956674 2.215192320035713 2.2157839671147532 2.2163756141937925 2.2169672612728317 2.217558908351871 2.2181505554309098 2.218742202509949 2.2193338495889883 2.2199254966680275 2.2205171437470668 2.2211087908261056 2.2218084832046627 2.222623678453103 2.2234388737015434 2.2242540689499846 2.225069264198425 2.225884459446865 2.2266996546953055 2.2275148499437454 2.2283300451921857 2.229145240440626 2.2299604356890663 2.2307756309375066 2.2315908261859465 2.232406021434387 2.233221216682827 2.2340364119312675 2.2348516071797087 2.235666802428149 2.2364819976765893 2.2372971929250296 2.23811238817347 2.23892758342191 2.23974277867035 2.2405579739187904 2.2413731691672307 2.2421883644156706 2.243003559664111 2.2438187549125512
2.2176298032856985 2.218221021406554 2.21881223952741 2.2194034576482657 2.2199946757691214 2.2205858938899774 2.221177112010834 2.22176833013169 2.2223595482525456 2.2229507663734016 2.223541984494257 2.224133202615113 2.224724420735969 2.2253156388568245 2.22590685697768 2.226498075098536 2.227189759096688 2.227988843390871 2.2287879276850546 2.229587011979239 2.2303860962734223 2.2311851805676057 2.2319842648617887 2.232783349155972 2.2335824334501555 2.234381517744339 2.235180602038522 2.2359796863327053 2.2367787706268887 2.237577854921072 2.238376939215255 2.2391760235094385 2.239975107803623 2.240774192097806 2.2415732763919896 2.242372360686173 2.2431714449803564 2.2439705292745393 2.2447696135687227 2.245568697862906 2.2463677821570895 2.2471668664512725 2.247965950745456 2.2487650350396393
2.22302552193088 2.2236163110935525 2.224207100256225 2.2247978894188973 2.2253886785815697 2.225979467744242 2.2265702569069155 2.227161046069588 2.2277518352322603 2.2283426243949327 2.228933413557605 2.229524202720277 2.2301149918829495 2.230705781045622 2.2312965702082943 2.2318873593709667 2.2325710349887133 2.23335400832864 2.234136981668566 2.2349199550084937 2.23570292834842 2.2364859016883463 2.2372688750282728 2.2380518483681993 2.2388348217081253 2.239617795048052 2.2404007683879783 2.2411837417279044 2.241966715067831 2.2427496884077573 2.2435326617476834 2.24431563508761 2.2450986084275377 2.2458815817674638 2.2466645551073903 2.2474475284473163 2.248230501787243 2.2490134751271693 2.2497964484670954 2.250579421807022 2.2513623951469484 2.2521453684868744 2.252928341826801 2.2537113151667274
2.2284212405760613 2.2290116007805505 2.2296019609850393 2.2301923211895285 2.2307826813940173 2.2313730415985065 2.231963401802996 2.2325537620074853 2.233144122211974 2.2337344824164633 2.234324842620952 2.2349152028254413 2.23550556302993 2.2360959232344193 2.236686283438908 2.2372766436433973 2.2379523108807384 2.238719173266408 2.2394860356520776 2.240252898037748 2.2410197604234177 2.241786622809087 2.2425534851947564 2.2433203475804255 2.244087209966095 2.2448540723517647 2.245620934737434 2.2463877971231034 2.2471546595087726 2.247921521894442 2.2486883842801118 2.249455246665781 2.250222109051452 2.250988971437121 2.2517558338227905 2.25252269620846 2.2532895585941293 2.254056420979799 2.254823283365468 2.2555901457511376 2.256357008136807 2.2571238705224763 2.257890732908146 2.258657595293815
2.233816959221243 2.2344068904675485 2.234996821713854 2.2355867529601596 2.236176684206465 2.236766615452771 2.2373565466990777 2.2379464779453833 2.238536409191689 2.2391263404379944 2.2397162716843 2.2403062029306056 2.240896134176911 2.2414860654232167 2.2420759966695223 2.242665927915828 2.243333586772764 2.2440843382041766 2.244835089635589 2.245585841067003 2.246336592498415 2.247087343929828 2.24783809536124 2.2485888467926527 2.249339598224065 2.2500903496554776 2.25084110108689 2.2515918525183025 2.2523426039497147 2.2530933553811274 2.2538441068125397 2.2545948582439523 2.255345609675366 2.256096361106778 2.256847112538191 2.257597863969603 2.2583486154010157 2.259099366832428 2.2598501182638406 2.260600869695253 2.2613516211266655 2.262102372558078 2.2628531239894905 2.2636038754209027
2.2392126778664245 2.2398021801545465 2.240391682442669 2.2409811847307908 2.241570687018913 2.242160189307035 2.2427496915951584 2.2433391938832807 2.243928696171403 2.244518198459525 2.2451077007476474 2.2456972030357694 2.2462867053238917 2.246876207612014 2.247465709900136 2.2480552121882584 2.2487148626647895 2.249449503141945 2.2501841436191 2.2509187840962572 2.2516534245734126 2.2523880650505683 2.2531227055277236 2.253857346004879 2.2545919864820347 2.25532662695919 2.256061267436346 2.256795907913501 2.257530548390657 2.2582651888678122 2.258999829344968 2.2597344698221233 2.26046911029928 2.2612037507764358 2.261938391253591 2.262673031730747 2.263407672207902 2.264142312685058 2.2648769531622133 2.2656115936393686 2.2663462341165244 2.2670808745936797 2.2678155150708355 2.2685501555479908
2.244672423049706 2.2452372870383748 2.2458021510270436 2.2463670150157125 2.2469318790043813 2.2474967429930506 2.2480616069817203 2.248626470970389 2.249191334959058 2.249756198947727 2.250321062936396 2.250885926925065 2.251450790913734 2.2520156549024026 2.2525805188910715 2.2531453828797403 2.2537720920007622 2.2544649149676146 2.255157737934467 2.2558505609013206 2.2565433838681734 2.257236206835026 2.257929029801878 2.2586218527687305 2.2593146757355833 2.2600074987024357 2.260700321669288 2.2613931446361404 2.262085967602993 2.2627787905698455 2.263471613536698 2.2641644365035503 2.264857259470404 2.2655500824372568 2.266242905404109 2.2669357283709615 2.267628551337814 2.2683213743046666 2.269014197271519 2.2697070202383713 2.2703998432052237 2.2710926661720765 2.271785489138929 2.272478312105781
2.250200608565775 2.250714955995405 2.2512293034250352 2.2517436508546655 2.2522579982842954 2.2527723457139257 2.2532866931435565 2.2538010405731868 2.2543153880028166 2.254829735432447 2.2553440828620768 2.255858430291707 2.256372777721337 2.2568871251509672 2.257401472580597 2.2579158200102274 2.258482935997206 2.259106462765963 2.25972998953472 2.2603535163034785 2.260977043072236 2.261600569840993 2.26222409660975 2.2628476233785078 2.263471150147265 2.2640946769160224 2.2647182036847795 2.2653417304535366 2.265965257222294 2.2665887839910512 2.2672123107598083 2.267835837528566 2.2684593642973243 2.2690828910660814 2.2697064178348385 2.270329944603596 2.270953471372353 2.2715769981411107 2.272200524909868 2.272824051678625 2.2734475784473824 2.2740711052161395 2.274694631984897 2.275318158753654
