Figures/CREST_Example_wjb_NSE/PETs/wjb.pet.20100822.asc
ncols            288
nrows            254
xllcorner        113.274861
yllcorner        31.4918055
cellsize         0.008333333333
NODATA_value     -9999
[rows 140 to 159 of 254, columns 0 to 43 of 288]
-9999.0 1.229257937191807 1.2344444521081688 1.2396309670245302 1.244817481940892 1.2500039968572534 1.2551905117736148 1.2603770266899765 1.265563541606338 1.2707500565226997 1.2759365714390611 1.2811230863554228 1.2863230829798749 1.2915374918549143 1.2967519007299448 1.3019663096049754 1.3071807184800062 1.3123951273550367 1.3176095362300673 1.322823945105098 1.3280383539801286 1.3332527628551591 1.3384671717301897 1.3436815806052205 1.348895989480251 1.3541103983552816 1.359324807230321 1.3645392161053518 1.3697536249803823 1.3749680338554129 1.3801824427304434 1.3853968516054742 1.3906112604805048 1.3958256693555353 1.401040078230566 1.4062544871055966 1.4114688959806272 1.4166833048556577 1.4218977137306885 1.427112122605728 1.4323265314807585 1.437540940355789 1.442587617401194 1.447454985329835
-9999.0 -9999.0 1.2480259820456467 1.253249687511058 1.2584733929764693 1.2636970984418805 1.2689208039072917 1.2741445093727028 1.2793682148381142 1.2845919203035254 1.2898156257689366 1.2950393312343478 1.300138151161147 1.305103465625291 1.3100687800894266 1.3150340945535623 1.3199994090176979 1.3249647234818336 1.329930037945969 1.3348953524101048 1.3398606668742403 1.344825981338376 1.3497912958025116 1.3547566102666473 1.3597219247307828 1.3646872391949185 1.3696525536590625 1.3746178681231982 1.3795831825873337 1.3845484970514694 1.389513811515605 1.3944791259797407 1.3994444404438764 1.404409754908012 1.4093750693721476 1.4143403838362831 1.4193056983004189 1.4242710127645544 1.42923632722869 1.434201641692834 1.4391669561569698 1.4441322706211053 1.4491125060297096 1.4541086922651782
-9999.0 -9999.0 1.2616075119831247 1.2668684079975856 1.2721293040120465 1.2773902000265074 1.2826510960409683 1.2879119920554292 1.29317288806989 1.298433784084351 1.3036946800988118 1.3089555761132727 1.3139532193424188 1.3186694393956675 1.3233856594489082 1.3281018795021489 1.3328180995553893 1.33753431960863 1.3422505396618707 1.3469667597151114 1.351682979768352 1.3563991998215927 1.3611154198748332 1.3658316399280739 1.3705478599813146 1.3752640800345552 1.379980300087804 1.3846965201410446 1.389412740194285 1.3941289602475258 1.3988451803007664 1.4035614003540071 1.4082776204072478 1.4129938404604885 1.417710060513729 1.4224262805669696 1.4271425006202103 1.431858720673451 1.4365749407266915 1.4412911607799401 1.4460073808331808 1.4507236008864215 1.4556373946582255 1.4607623992005214
-9999.0 -9999.0 1.2751890419206027 1.2804871284841133 1.2857852150476239 1.2910833016111345 1.296381388174645 1.3016794747381555 1.306977561301666 1.3122756478651767 1.3175737344286873 1.322871820992198 1.327768287523691 1.3322354131660443 1.33670253880839 1.3411696644507356 1.3456367900930812 1.3501039157354269 1.3545710413777725 1.3590381670201181 1.3635052926624638 1.3679724183048094 1.372439543947155 1.3769066695895007 1.3813737952318463 1.385840920874192 1.3903080465165454 1.394775172158891 1.3992422978012367 1.4037094234435823 1.408176549085928 1.4126436747282736 1.4171108003706192 1.4215779260129648 1.4260450516553105 1.4305121772976561 1.4349793029400018 1.4394464285823474 1.443913554224693 1.4483806798670464 1.452847805509392 1.4573149311517377 1.4621622832867414 1.4674161061358646
-9999.0 -9999.0 1.2887705718580922 1.2941058489706525 1.2994411260832128 1.3047764031957731 1.3101116803083332 1.3154469574208936 1.320782234533454 1.3261175116460142 1.3314527887585745 1.3367880658711349 1.3415833557049748 1.3458013869364325 1.3500194181678828 1.3542374493993334 1.3584554806307838 1.3626735118622342 1.3668915430936848 1.3711095743251351 1.3753276055565855 1.379545636788036 1.3837636680194865 1.387981699250937 1.3921997304823874 1.3964177617138378 1.4006357929452955 1.404853824176746 1.4090718554081965 1.4132898866396468 1.4175079178710974 1.4217259491025478 1.4259439803339982 1.4301620115654488 1.4343800427968991 1.4385980740283497 1.4428161052598 1.4470341364912505 1.451252167722701 1.4554701989541587 1.4596882301856091 1.4639062614170595 1.4686871719152628 1.4740698130712135
-9999.0 -9999.0 1.3023521017955701 1.30772456945718 1.31309703711879 1.3184695047804 1.3238419724420099 1.3292144401036199 1.33458690776523 1.3399593754268397 1.3453318430884498 1.3507043107500598 1.3553984238862467 1.3593673607068089 1.3633362975273644 1.36730523434792 1.3712741711684753 1.3752431079890308 1.3792120448095864 1.3831809816301417 1.3871499184506972 1.3911188552712528 1.395087792091808 1.3990567289123637 1.4030256657329192 1.4069946025534745 1.410963539374037 1.4149324761945923 1.4189014130151478 1.4228703498357034 1.4268392866562587 1.4308082234768142 1.4347771602973698 1.4387460971179251 1.4427150339384807 1.4466839707590362 1.4506529075795915 1.454621844400147 1.4585907812207026 1.4625597180412648 1.4665286548618202 1.4704975916823757 1.4752120605437786 1.4807235200065567
1.3051143153117288 1.3105239735223884 1.3159336317330481 1.3213432899437076 1.3267529481543674 1.332162606365027 1.3375722645756867 1.3429819227863464 1.348391580997006 1.3538012392076657 1.3592108974183252 1.364620555628985 1.3692134920675187 1.3729333344771857 1.3766531768868462 1.3803730192965067 1.3840928617061672 1.3878127041158275 1.391532546525488 1.3952523889351485 1.398972231344809 1.4026920737544695 1.40641191616413 1.4101317585737905 1.413851600983451 1.4175714433931115 1.4212912858027782 1.4250111282124387 1.4287309706220992 1.4324508130317597 1.4361706554414202 1.4398904978510805 1.443610340260741 1.4473301826704015 1.451050025080062 1.4547698674897225 1.458489709899383 1.4622095523090435 1.465929394718704 1.4696492371283707 1.4733690795380312 1.4770889219476917 1.4817369491722943 1.4873772269418997
1.3186214641511071 1.3240683129108166 1.3295151616705259 1.334962010430235 1.3404088591899446 1.3458557079496538 1.3513025567093633 1.3567494054690725 1.3621962542287818 1.3676431029884912 1.3730899517482005 1.3785368005079097 1.3830285602487908 1.386499308247562 1.3899700562463277 1.3934408042450932 1.3969115522438587 1.4003823002426241 1.4038530482413896 1.4073237962401552 1.4107945442389207 1.4142652922376862 1.4177360402364516 1.421206788235217 1.4246775362339825 1.4281482842327482 1.4316190322315194 1.435089780230285 1.4385605282290506 1.442031276227816 1.4455020242265815 1.448972772225347 1.4524435202241124 1.455914268222878 1.4593850162216435 1.462855764220409 1.4663265122191744 1.4697972602179399 1.4732680082167056 1.4767387562154768 1.4802095042142425 1.483680252213008 1.4882618378008101 1.4940309338772428
-9999.0 1.337263440456169 1.3427970295457936 1.3483306186354183 1.353864207725043 1.3593977968146675 1.3649313859042922 1.3704649749939168 1.3759985640835417 1.3815321531731661 1.387065742262791 1.3925993313524156 1.3971088615505105 1.4005236496541498 1.403938437757783 1.4073532258614163 1.4107680139650496 1.414182802068683 1.4175975901723163 1.4210123782759496 1.424427166379583 1.4278419544832164 1.4312567425868497 1.434671530690483 1.4380863187941164 1.4415011068977497 1.444915895001389 1.4483306831050222 1.4517454712086555 1.4551602593122888 1.4585750474159223 1.4619898355195555 1.4654046236231888 1.4688194117268223 1.4722341998304556 1.4756489879340888 1.479063776037722 1.4824785641413556 1.4858933522449889 1.4893081403486281 1.4927229284522614 1.4961377165558947 1.5006894893203178 1.5064567243840232
-9999.0 1.3500852825548773 1.3557585775666452 1.3614318725784131 1.367105167590181 1.3727784626019492 1.3784517576137172 1.3841250526254851 1.389798347637253 1.395471642649021 1.4011449376607892 1.4068182326725571 1.4114726803382323 1.415037957169283 1.4186032340003278 1.4221685108313724 1.4257337876624172 1.429299064493462 1.4328643413245066 1.4364296181555514 1.439994894986596 1.4435601718176407 1.4471254486486853 1.45069072547973 1.4542560023107747 1.4578212791418195 1.4613865559728703 1.4649518328039148 1.4685171096349596 1.4720823864660044 1.475647663297049 1.4792129401280938 1.4827782169591384 1.4863434937901832 1.4899087706212277 1.4934740474522725 1.497039324283317 1.500604601114362 1.5041698779454067 1.5077351547764575 1.511300431607502 1.5148657084385468 1.519426822272132 1.5250525083682644
-9999.0 -9999.0 1.3687201255875079 1.3745331265214193 1.3803461274553306 1.386159128389242 1.3919721293231535 1.397785130257065 1.4035981311909764 1.4094111321248879 1.4152241330587993 1.4210371339927108 1.4258364991259664 1.429552264684429 1.433268030242885 1.4369837958013414 1.4406995613597975 1.4444153269182538 1.44813109247671 1.4518468580351662 1.4555626235936223 1.4592783891520786 1.4629941547105347 1.4667099202689908 1.4704256858274471 1.4741414513859032 1.4778572169443658 1.481572982502822 1.4852887480612782 1.4890045136197345 1.4927202791781906 1.496436044736647 1.500151810295103 1.5038675758535593 1.5075833414120154 1.5112991069704718 1.5150148725289279 1.518730638087384 1.5224464036458403 1.5261621692043028 1.529877934762759 1.5335937003212152 1.5381641552239627 1.5436482923525219
-9999.0 -9999.0 -9999.0 -9999.0 -9999.0 -9999.0 1.4054925010325787 1.4114452078886335 1.4173979147446882 1.423350621600743 1.4293033284567978 1.4352560353128525 1.4402003179136884 1.4440665721995627 1.44793282648543 1.4517990807712977 1.4556653350571653 1.4595315893430327 1.4633978436289004 1.467264097914768 1.4711303522006356 1.474996606486503 1.4788628607723706 1.4827291150582382 1.4865953693441059 1.4904616236299733 1.4943278779158475 1.498194132201715 1.5020603864875826 1.5059266407734502 1.5097928950593178 1.5136591493451852 1.5175254036310528 1.5213916579169204 1.5252579122027878 1.5291241664886555 1.532990420774523 1.5368566750603907 1.540722929346258 1.5445891836321324 1.548455437918 1.5523216922038674 1.5569014881757772 1.5622440763367635
-9999.0 -9999.0 -9999.0 -9999.0 -9999.0 1.4129204599638054 1.4190128727420035 1.4251052855202015 1.4311976982983996 1.4372901110765977 1.443382523854796 1.449474936632994 1.4545641367014102 1.458580879714696 1.4625976227279749 1.4666143657412538 1.4706311087545327 1.4746478517678117 1.4786645947810906 1.4826813377943695 1.4866980808076484 1.4907148238209273 1.4947315668342065 1.4987483098474854 1.5027650528607643 1.5067817958740433 1.5107985388873288 1.5148152819006078 1.518832024913887 1.5228487679271658 1.5268655109404448 1.5308822539537237 1.5348989969670026 1.5389157399802815 1.5429324829935605 1.5469492260068394 1.5509659690201183 1.5549827120333972 1.5589994550466761 1.563016198059962 1.5670329410732409 1.5710496840865198 1.5756388211275916 1.580839860321005
-9999.0 -9999.0 -9999.0 -9999.0 1.4200690070507453 1.426301125751087 1.4325332444514283 1.4387653631517698 1.4449974818521112 1.4512296005524525 1.457461719252794 1.4636938379531355 1.4689279554891321 1.4730951872298295 1.4772624189705197 1.4814296507112101 1.4855968824519004 1.4897641141925906 1.493931345933281 1.4980985776739713 1.5022658094146615 1.506433041155352 1.5106002728960422 1.5147675046367324 1.5189347363774228 1.523101968118113 1.5272691998588104 1.5314364315995008 1.535603663340191 1.5397708950808813 1.5439381268215717 1.548105358562262 1.5522725903029522 1.5564398220436426 1.5606070537843328 1.564774285525023 1.5689415172657135 1.5731087490064037 1.577275980747094 1.5814432124877915 1.5856104442284817 1.589777675969172 1.5943761540794061 1.5994356443052464
-9999.0 -9999.0 -9999.0 -9999.0 1.4333099669158837 1.4396817915383684 1.4460536161608533 1.452425440783338 1.4587972654058228 1.4651690900283074 1.4715409146507923 1.477912739273277 1.4832917742768539 1.487609494744963 1.4919272152130645 1.4962449356811662 1.500562656149268 1.5048803766173695 1.5091980970854713 1.5135158175535728 1.5178335380216745 1.5221512584897763 1.5264689789578778 1.5307866994259796 1.5351044198940813 1.5394221403621828 1.543739860830292 1.5480575812983937 1.5523753017664952 1.556693022234597 1.5610107427026987 1.5653284631708002 1.569646183638902 1.5739639041070035 1.5782816245751052 1.582599345043207 1.5869170655113085 1.5912347859794103 1.595552506447512 1.5998702269156209 1.6041879473837226 1.6085056678518244 1.6131134870312205 1.618031428289488
-9999.0 -9999.0 -9999.0 -9999.0 -9999.0 -9999.0 1.4595739878702783 1.4660855184149064 1.4725970489595344 1.4791085795041625 1.4856201100487907 1.4921316405934189 1.4976555930645759 1.5021238022600965 1.5065920114556095 1.5110602206511226 1.5155284298466356 1.5199966390421487 1.5244648482376617 1.5289330574331748 1.5334012666286878 1.5378694758242009 1.5423376850197137 1.5468058942152267 1.5512741034107398 1.5557423126062528 1.5602105218017734 1.5646787309972865 1.5691469401927995 1.5736151493883126 1.5780833585838256 1.5825515677793387 1.5870197769748517 1.5914879861703648 1.5959561953658778 1.6004244045613907 1.6048926137569037 1.6093608229524168 1.6138290321479298 1.6182972413434504 1.6227654505389635 1.6272336597344765 1.631850819983035 1.6366272122737295
-9999.0 -9999.0 -9999.0 -9999.0 -9999.0 -9999.0 -9999.0 -9999.0 1.486396832513246 1.4930480689800174 1.4996993054467889 1.5063505419135603 1.5120194118522976 1.51663810977523 1.5212568076981543 1.5258755056210787 1.5304942035440032 1.5351129014669276 1.539731599389852 1.5443502973127763 1.5489689952357006 1.5535876931586252 1.5582063910815496 1.562825089004474 1.5674437869273983 1.5720624848503226 1.576681182773255 1.5812998806961793 1.585918578619104 1.5905372765420283 1.5951559744649526 1.599774672387877 1.6043933703108013 1.609012068233726 1.6136307661566502 1.6182494640795746 1.622868162002499 1.6274868599254233 1.6321055578483479 1.63672425577128 1.6413429536942044 1.645961651617129 1.6505881529348494 1.655222996257971
-9999.0 -9999.0 -9999.0 -9999.0 -9999.0 -9999.0 -9999.0 -9999.0 -9999.0 1.5069875584558843 -9999.0 -9999.0 -9999.0 1.5311524172903759 1.5359216039407118 1.5406907905910476 1.5454599772413835 1.5502291638917194 1.5549983505420553 1.5597675371923911 1.564536723842727 1.569305910493063 1.5740750971433988 1.5788442837937346 1.5836134704440705 1.5883826570944064 1.5931518437447505 1.5979210303950864 1.6026902170454222 1.6074594036957581 1.612228590346094 1.6169977769964299 1.621766963646766 1.6265361502971019 1.6313053369474377 1.6360745235977736 1.6408437102481095 1.6456128968984454 1.6503820835487812 1.6551512701991253 1.6599204568494612 1.664689643499797 1.6693254858866797 1.6738187802422284
-9999.0 -9999.0 -9999.0 -9999.0 -9999.0 -9999.0 -9999.0 -9999.0 -9999.0 -9999.0 -9999.0 -9999.0 -9999.0 -9999.0 1.5505864001832566 1.5555060755610037 1.560425750938751 1.5653454263164983 1.5702651016942455 1.575184777071993 1.58010445244974 1.5850241278274873 1.5899438032052347 1.5948634785829818 1.599783153960729 1.6047028293384764 1.609622504716232 1.6145421800939792 1.6194618554717266 1.6243815308494738 1.629301206227221 1.6342208816049684 1.6391405569827155 1.644060232360463 1.6489799077382101 1.6538995831159573 1.6588192584937047 1.6637389338714519 1.668658609249199 1.673578284626955 1.678497960004702 1.6834176353824493 1.6880628188384943 1.6924145642264699
-9999.0 -9999.0 -9999.0 -9999.0 -9999.0 -9999.0 -9999.0 -9999.0 -9999.0 -9999.0 -9999.0 -9999.0 -9999.0 -9999.0 -9999.0 -9999.0 1.5753915246361188 1.5804616887412775 1.585531852846436 1.5906020169515946 1.5956721810567531 1.6007423451619118 1.6058125092670705 1.610882673372229 1.6159528374773877 1.6210230015825464 1.6260931656877136 1.6311633297928723 1.6362334938980307 1.6413036580031894 1.6463738221083482 1.6514439862135066 1.6565141503186653 1.661584314423824 1.6666544785289825 1.6717246426341412 1.6767948067393 1.6818649708444584 1.686935134949617 1.6920052990547845 1.697075463159943 1.7021456272651017 1.7068001517903086 1.7110103482107113
