Figures/CREST_Example_wjb_NSE/PETs/wjb.pet.20100401.asc
ncols            288
nrows            254
xllcorner        113.274861
yllcorner        31.4918055
cellsize         0.008333333333
NODATA_value     -9999
[rows 140 to 159 of 254, columns 44 to 87 of 288]
1.700615458513887 1.6997285612307895 1.698841663947692 1.6979547666645944 1.697067869381497 1.6961809720983996 1.695294074815302 1.6944071775322045 1.6935202802491054 1.6926333829660078 1.6917464856829105 1.690859588399813 1.6899726911167154 1.689085793833618 1.6881988965505204 1.6873119992674228 1.6864251019843255 1.685538204701228 1.6846513074181304 1.6837644101350329 1.6828775128519353 1.6819906155688364 1.681103718285739 1.6802168210026414 1.6793299237195438 1.6784430264364463 1.6775561291533487 1.6766692318702514 1.6750201753445368 1.6725563533590486 1.6700925313735604 1.6676287093880722 1.665164887402584 1.6627010654170957 1.6602372434316033 1.657773421446115 1.6553095994606268 1.6528457774751386 1.6503819554896504 1.6479181335041622 1.645454311518674 1.6429904895331857 1.6405266675476975 1.6380628455622093
1.6992264978356224 1.69832454346223 1.6974225890888377 1.6965206347154456 1.6956186803420532 1.6947167259686609 1.6938147715952685 1.6929128172218761 1.6920108628484822 1.6911089084750899 1.6902069541016975 1.6893049997283054 1.688403045354913 1.6875010909815207 1.6865991366081283 1.685697182234736 1.6847952278613436 1.6838932734879513 1.682991319114559 1.6820893647411668 1.6811874103677744 1.6802854559943805 1.6793835016209882 1.6784815472475958 1.6775795928742034 1.676677638500811 1.6757756841274187 1.6748737297540266 1.6731918094406308 1.6706760879054163 1.6681603663702018 1.6656446448349873 1.6631289232997728 1.6606132017645583 1.6580974802293393 1.6555817586941248 1.6530660371589103 1.6505503156236958 1.6480345940884813 1.6455188725532668 1.6430031510180523 1.6404874294828378 1.6379717079476233 1.6354559864124087
1.697837537157358 1.6969205256936708 1.6960035142299836 1.6950865027662965 1.6941694913026093 1.6932524798389221 1.692335468375235 1.6914184569115478 1.690501445447859 1.689584433984172 1.6886674225204847 1.6877504110567976 1.6868333995931104 1.6859163881294232 1.684999376665736 1.684082365202049 1.6831653537383617 1.6822483422746746 1.6813313308109874 1.6804143193473002 1.679497307883613 1.6785802964199243 1.6776632849562372 1.67674627349255 1.6758292620288628 1.6749122505651757 1.6739952391014885 1.6730782276378013 1.6713634435367246 1.6687958224517838 1.666228201366843 1.6636605802819022 1.6610929591969614 1.6585253381120206 1.6559577170270754 1.6533900959421346 1.6508224748571938 1.648254853772253 1.6456872326873122 1.6431196116023714 1.6405519905174304 1.6379843694324896 1.6354167483475488 1.632849127262608
1.6964485764790933 1.6955165079251113 1.6945844393711293 1.6936523708171474 1.6927203022631654 1.6917882337091834 1.6908561651552014 1.6899240966012194 1.688992028047236 1.688059959493254 1.687127890939272 1.68619582238529 1.685263753831308 1.684331685277326 1.683399616723344 1.682467548169362 1.68153547961538 1.680603411061398 1.6796713425074161 1.6787392739534341 1.6778072053994522 1.6768751368454686 1.6759430682914864 1.6750109997375044 1.6740789311835225 1.6731468626295405 1.6722147940755585 1.6712827255215765 1.6695350776328188 1.6669155569981517 1.6642960363634844 1.6616765157288174 1.6590569950941503 1.6564374744594832 1.6538179538248114 1.6511984331901444 1.6485789125554773 1.6459593919208102 1.6433398712861431 1.6407203506514758 1.6381008300168087 1.6354813093821416 1.6328617887474746 1.6302422681128075
1.6950596158008275 1.6941124901565507 1.693165364512274 1.6922182388679972 1.6912711132237204 1.6903239875794434 1.6893768619351666 1.6884297362908898 1.6874826106466114 1.6865354850023344 1.6855883593580576 1.6846412337137808 1.683694108069504 1.6827469824252272 1.6817998567809505 1.6808527311366737 1.6799056054923966 1.6789584798481199 1.678011354203843 1.6770642285595663 1.6761171029152895 1.675169977271011 1.6742228516267341 1.6732757259824573 1.6723286003381805 1.6713814746939037 1.670434349049627 1.66948722340535 1.667706711728911 1.6650352915445175 1.662363871360124 1.6596924511757307 1.6570210309913371 1.6543496108069438 1.6516781906225457 1.6490067704381521 1.6463353502537588 1.6436639300693652 1.6409925098849718 1.6383210897005784 1.6356496695161848 1.6329782493317915 1.6303068291473979 1.6276354089630045
1.693670655122563 1.6927084723879913 1.6917462896534197 1.690784106918848 1.6898219241842765 1.6888597414497049 1.687897558715133 1.6869353759805614 1.6859731932459883 1.6850110105114164 1.6840488277768448 1.6830866450422732 1.6821244623077016 1.68116227957313 1.6802000968385582 1.6792379141039866 1.678275731369415 1.6773135486348434 1.6763513659002718 1.6753891831657 1.6744270004311284 1.6734648176965552 1.6725026349619834 1.6715404522274118 1.6705782694928402 1.6696160867582686 1.668653904023697 1.6676917212891251 1.665878345825005 1.6631550260908854 1.6604317063567655 1.6577083866226459 1.654985066888526 1.6522617471544063 1.6495384274202818 1.6468151076861621 1.6440917879520422 1.6413684682179226 1.6386451484838027 1.6359218287496828 1.6331985090155632 1.6304751892814433 1.6277518695473236 1.6250285498132038
1.6922816944442984 1.691304454619432 1.6903272147945654 1.689349974969699 1.6883727351448325 1.6873954953199661 1.6864182554950995 1.685441015670233 1.6844637758453649 1.6834865360204985 1.682509296195632 1.6815320563707654 1.680554816545899 1.6795775767210326 1.678600336896166 1.6776230970712995 1.6766458572464331 1.6756686174215667 1.6746913775967 1.6737141377718336 1.6727368979469672 1.671759658122099 1.6707824182972326 1.669805178472366 1.6688279386474996 1.6678506988226331 1.6668734589977667 1.6658962191729 1.664049979921099 1.6612747606372529 1.6584995413534067 1.6557243220695608 1.6529491027857146 1.6501738835018687 1.6473986642180178 1.6446234449341717 1.6418482256503257 1.6390730063664796 1.6362977870826334 1.6335225677987875 1.6307473485149413 1.6279721292310954 1.6251969099472492 1.622421690663403
1.6908927337660338 1.6899004368508725 1.6889081399357113 1.6879158430205499 1.6869235461053886 1.6859312491902274 1.684938952275066 1.6839466553599047 1.6829543584447417 1.6819620615295805 1.680969764614419 1.6799774676992578 1.6789851707840966 1.6779928738689351 1.677000576953774 1.6760082800386127 1.6750159831234515 1.67402368620829 1.6730313892931288 1.6720390923779676 1.671046795462806 1.670054498547643 1.6690622016324819 1.6680699047173206 1.6670776078021592 1.666085310886998 1.6650930139718367 1.6641007170566753 1.662221614017193 1.6593944951836206 1.6565673763500481 1.653740257516476 1.6509131386829035 1.648086019849331 1.645258901015754 1.6424317821821814 1.6396046633486092 1.6367775445150368 1.6339504256814643 1.631123306847892 1.6282961880143196 1.6254690691807472 1.622641950347175 1.6198148315136025
1.688961680048425 1.687981859776015 1.6870020395036047 1.6860222192311947 1.6850423989587846 1.6840625786863743 1.6830827584139643 1.682102938141554 1.6811231178691421 1.680143297596732 1.6791634773243218 1.6781836570519117 1.6772038367795015 1.6762240165070914 1.6752441962346813 1.674264375962271 1.673284555689861 1.6723047354174507 1.6713249151450407 1.6703450948726304 1.6693652746002203 1.6683854543278085 1.6674056340553982 1.6664258137829882 1.665445993510578 1.6644661732381678 1.6634863529657578 1.6625065326933475 1.6606075797661608 1.657726053253052 1.654844526739943 1.651963000226834 1.649081473713725 1.6461999472006161 1.6433184206875022 1.6404368941743932 1.6375553676612842 1.6346738411481754 1.6317923146350664 1.6289107881219573 1.6260292616088483 1.6231477350957395 1.6202662085826305 1.6173846820695215
1.6864511630441998 1.6855132512394964 1.6845753394347929 1.6836374276300896 1.6826995158253861 1.6817616040206829 1.6808236922159794 1.6798857804112761 1.678947868606571 1.6780099568018676 1.6770720449971643 1.6761341331924609 1.6751962213877574 1.674258309583054 1.6733203977783506 1.6723824859736474 1.6714445741689439 1.6705066623642404 1.6695687505595371 1.6686308387548336 1.6676929269501304 1.6667550151454253 1.6658171033407219 1.6648791915360186 1.6639412797313151 1.6630033679266119 1.6620654561219084 1.6611275443172049 1.6592226525410194 1.6562840373157142 1.6533454220904087 1.6504068068651034 1.6474681916397982 1.6445295764144927 1.6415909611891824 1.638652345963877 1.6357137307385718 1.6327751155132664 1.6298365002879611 1.6268978850626556 1.6239592698373504 1.6210206546120451 1.6180820393867397 1.6151434241614344
1.6839406460399722 1.6830446427029757 1.682148639365979 1.6812526360289826 1.6803566326919859 1.6794606293549894 1.6785646260179927 1.6776686226809963 1.676772619343998 1.6758766160070016 1.6749806126700049 1.6740846093330084 1.6731886059960117 1.6722926026590152 1.6713965993220186 1.670500595985022 1.6696045926480254 1.668708589311029 1.6678125859740323 1.6669165826370358 1.666020579300039 1.665124575963041 1.6642285726260444 1.663332569289048 1.6624365659520512 1.6615405626150546 1.660644559278058 1.6597485559410614 1.6578377253158771 1.6548420213783754 1.6518463174408735 1.6488506135033718 1.64585490956587 1.6428592056283682 1.6398635016908614 1.6368677977533597 1.633872093815858 1.630876389878356 1.6278806859408543 1.6248849820033526 1.6218892780658507 1.618893574128349 1.6158978701908473 1.6129021662533454
1.6814301290357472 1.6805760341664573 1.6797219392971674 1.6788678444278777 1.6780137495585878 1.677159654689298 1.6763055598200083 1.6754514649507184 1.6745973700814272 1.6737432752121373 1.6728891803428474 1.6720350854735577 1.6711809906042678 1.670326895734978 1.6694728008656883 1.6686187059963984 1.6677646111271085 1.6669105162578188 1.666056421388529 1.665202326519239 1.6643482316499494 1.6634941367806582 1.6626400419113683 1.6617859470420784 1.6609318521727887 1.6600777573034988 1.659223662434209 1.6583695675649193 1.656452798090736 1.6534000054410378 1.6503472127913397 1.6472944201416415 1.6442416274919434 1.6411888348422452 1.638136042192542 1.6350832495428438 1.6320304568931456 1.6289776642434475 1.6259248715937493 1.6228720789440512 1.619819286294353 1.6167664936446549 1.6137137009949567 1.6106609083452585
1.6789196120315217 1.6781074256299386 1.6772952392283556 1.6764830528267727 1.6756708664251896 1.6748586800236065 1.6740464936220234 1.6732343072204403 1.6724221208188559 1.6716099344172728 1.67079774801569 1.6699855616141068 1.6691733752125237 1.6683611888109406 1.6675490024093576 1.6667368160077747 1.6659246296061916 1.6651124432046085 1.6643002568030254 1.6634880704014423 1.6626758839998594 1.661863697598275 1.661051511196692 1.6602393247951088 1.6594271383935257 1.6586149519919426 1.6578027655903596 1.6569905791887767 1.6550678708655946 1.6519579895037 1.6488481081418056 1.645738226779911 1.6426283454180164 1.639518464056122 1.636408582694222 1.6332987013323277 1.630188819970433 1.6270789386085385 1.623969057246644 1.6208591758847495 1.617749294522855 1.6146394131609605 1.611529531799066 1.6084196504371715
1.6764090950272963 1.67563881709342 1.674868539159544 1.6740982612256676 1.6733279832917913 1.672557705357915 1.6717874274240387 1.6710171494901624 1.6702468715562848 1.6694765936224085 1.6687063156885322 1.667936037754656 1.6671657598207796 1.6663954818869036 1.6656252039530273 1.664854926019151 1.6640846480852747 1.6633143701513984 1.662544092217522 1.6617738142836458 1.6610035363497695 1.6602332584158919 1.6594629804820156 1.6586927025481393 1.6579224246142632 1.657152146680387 1.6563818687465106 1.6556115908126343 1.6536829436404534 1.6505159735663624 1.6473490034922715 1.6441820334181807 1.6410150633440899 1.6378480932699988 1.6346811231959026 1.6315141531218116 1.6283471830477207 1.62518021297363 1.622013242899539 1.618846272825448 1.6156793027513572 1.6125123326772663 1.6093453626031753 1.6061783925290845
1.6738985780230713 1.6731702085569018 1.6724418390907323 1.6717134696245626 1.670985100158393 1.6702567306922236 1.669528361226054 1.6687999917598846 1.668071622293714 1.6673432528275445 1.6666148833613748 1.6658865138952053 1.6651581444290358 1.6644297749628663 1.6637014054966968 1.6629730360305273 1.6622446665643578 1.6615162970981883 1.6607879276320188 1.6600595581658493 1.6593311886996798 1.658602819233509 1.6578744497673394 1.65714608030117 1.6564177108350004 1.655689341368831 1.6549609719026614 1.654232602436492 1.6522980164153123 1.649073957629025 1.6458498988427377 1.6426258400564504 1.6394017812701631 1.6361777224838758 1.632953663697583 1.6297296049112957 1.6265055461250084 1.6232814873387211 1.6200574285524338 1.6168333697661466 1.6136093109798593 1.610385252193572 1.6071611934072847 1.6039371346209974
1.6713880610188458 1.6707016000203831 1.6700151390219204 1.6693286780234575 1.6686422170249948 1.6679557560265321 1.6672692950280694 1.6665828340296067 1.6658963730311427 1.66520991203268 1.6645234510342173 1.6638369900357546 1.6631505290372917 1.662464068038829 1.6617776070403663 1.6610911460419036 1.6604046850434409 1.659718224044978 1.6590317630465152 1.6583453020480525 1.6576588410495898 1.6569723800511258 1.656285919052663 1.6555994580542004 1.6549129970557377 1.6542265360572748 1.653540075058812 1.6528536140603494 1.6509130891901707 1.6476319416916871 1.6443507941932034 1.6410696466947199 1.6377884991962361 1.6345073516977524 1.6312262041992633 1.6279450567007796 1.6246639092022959 1.6213827617038123 1.6181016142053286 1.614820466706845 1.6115393192083614 1.6082581717098776 1.604977024211394 1.6016958767129104
1.6688775440146204 1.6682329914838645 1.6675884389531086 1.6669438864223525 1.6662993338915966 1.6656547813608407 1.6650102288300848 1.6643656762993286 1.6637211237685716 1.6630765712378157 1.6624320187070596 1.6617874661763037 1.6611429136455478 1.6604983611147917 1.6598538085840358 1.6592092560532798 1.6585647035225237 1.6579201509917678 1.657275598461012 1.656631045930256 1.6559864933994999 1.6553419408687429 1.654697388337987 1.6540528358072308 1.653408283276475 1.652763730745719 1.652119178214963 1.651474625684207 1.6495281619650295 1.6461899257543495 1.6428516895436696 1.6395134533329894 1.6361752171223094 1.6328369809116294 1.6294987447009437 1.6261605084902637 1.6228222722795835 1.6194840360689036 1.6161457998582236 1.6128075636475434 1.6094693274368634 1.6061310912261835 1.6027928550155035 1.5994546188048233
1.666367027010393 1.6657643829473439 1.6651617388842945 1.6645590948212454 1.6639564507581963 1.6633538066951472 1.6627511626320979 1.6621485185690488 1.6615458745059986 1.6609432304429494 1.6603405863799003 1.659737942316851 1.659135298253802 1.6585326541907528 1.6579300101277035 1.6573273660646544 1.6567247220016053 1.6561220779385561 1.6555194338755068 1.6549167898124577 1.6543141457494086 1.6537115016863584 1.6531088576233093 1.65250621356026 1.6519035694972108 1.6513009254341617 1.6506982813711124 1.6500956373080633 1.648143234739887 1.6447479098170106 1.6413525848941342 1.6379572599712577 1.6345619350483813 1.6311666101255047 1.6277712852026225 1.624375960279746 1.6209806353568696 1.6175853104339932 1.6141899855111168 1.6107946605882404 1.6073993356653637 1.6040040107424873 1.600608685819611 1.5972133608967345
1.6638565100061677 1.6632957744108254 1.6627350388154831 1.6621743032201406 1.6616135676247983 1.6610528320294558 1.6604920964341134 1.659931360838771 1.6593706252434277 1.6588098896480852 1.6582491540527429 1.6576884184574003 1.657127682862058 1.6565669472667157 1.6560062116713732 1.6554454760760309 1.6548847404806883 1.654324004885346 1.6537632692900035 1.6532025336946612 1.6526417980993189 1.6520810625039755 1.651520326908633 1.6509595913132906 1.6503988557179483 1.6498381201226058 1.6492773845272635 1.648716648931921 1.6467583075147458 1.643305893879673 1.6398534802446 1.6364010666095274 1.6329486529744546 1.6294962393393817 1.626043825704303 1.6225914120692302 1.6191389984341573 1.6156865847990844 1.6122341711640116 1.6087817575289387 1.605329343893866 1.6018769302587932 1.5984245166237203 1.5949721029886474
1.6613459930019425 1.6608271658743068 1.6603083387466713 1.6597895116190355 1.6592706844914 1.6587518573637643 1.6582330302361288 1.657714203108493 1.6571953759808566 1.656676548853221 1.6561577217255852 1.6556388945979497 1.655120067470314 1.6546012403426784 1.6540824132150427 1.6535635860874072 1.6530447589597714 1.652525931832136 1.6520071047045002 1.6514882775768647 1.650969450449229 1.6504506233215925 1.6499317961939568 1.6494129690663213 1.6488941419386856 1.64837531481105 1.6478564876834143 1.6473376605557786 1.6453733802896047 1.6418638779423353 1.6383543755950662 1.634844873247797 1.6313353709005278 1.6278258685532585 1.6243163662059834 1.620806863858714 1.617297361511445 1.6137878591641757 1.6102783568169066 1.6067688544696372 1.6032593521223681 1.5997498497750988 1.5962403474278297 1.5927308450805604
