Figures/CREST_Example_wjb_NSE/PETs/wjb.pet.20100721.asc
ncols            288
nrows            254
xllcorner        113.274861
yllcorner        31.4918055
cellsize         0.008333333333
NODATA_value     -9999
[rows 180 to 199 of 254, columns 176 to 219 of 288]
1.9131877042045546 1.9116129099978134 1.9100381157910724 1.9084633215843312 1.90688852737759 1.905313733170849 1.903738938964105 1.902164144757364 1.9005893505506228 1.8990145563438818 1.8974397621371406 1.8958649679303996 1.8942901737236584 1.8927153795169172 1.8911405853101761 1.889565791103435 1.8868015513501404 1.8827657673944622 1.8787299834387838 1.8746941994830986 1.8706584155274202 1.8666226315717418 1.8625868476160636 1.8585510636603852 1.8545152797047069 1.8504794957490285 1.84644371179335 1.842407927837672 1.8383721438819935 1.8343363599263152 1.8303005759706368 1.8262647920149586 1.8222290080592733 1.818193224103595 1.8141574401479166 1.8101216561922382 1.80608587223656 1.8020500882808816 1.7980143043252033 1.7939785203695249 1.7899427364138465 1.7859069524581683 1.78187116850249 1.7778353845468116
1.9114613030991636 1.9097399285933714 1.9080185540875791 1.906297179581787 1.9045758050759947 1.9028544305702024 1.9011330560644073 1.899411681558615 1.897690307052823 1.8959689325470308 1.8942475580412386 1.8925261835354463 1.890804809029654 1.8890834345238618 1.8873620600180696 1.8856406855122776 1.8827797578836483 1.8787006221824847 1.8746214864813209 1.8705423507801502 1.8664632150789866 1.8623840793778228 1.8583049436766592 1.8542258079754954 1.8501466722743318 1.846067536573168 1.8419884008720044 1.8379092651708406 1.833830129469677 1.8297509937685132 1.8256718580673497 1.8215927223661859 1.8175135866650152 1.8134344509638516 1.8093553152626878 1.8052761795615242 1.8011970438603604 1.7971179081591968 1.793038772458033 1.7889596367568694 1.7848805010557056 1.780801365354542 1.7767222296533782 1.7726430939522146
1.9097349019937726 1.9078669471889291 1.9059989923840859 1.9041310375792426 1.9022630827743994 1.9003951279695561 1.8985271731647095 1.8966592183598663 1.894791263555023 1.8929233087501798 1.8910553539453365 1.889187399140493 1.8873194443356498 1.8854514895308065 1.8835835347259633 1.88171557992112 1.8787579644171561 1.8746354769705071 1.8705129895238581 1.866390502077202 1.862268014630553 1.858145527183904 1.854023039737255 1.8499005522906058 1.8457780648439568 1.8416555773973078 1.8375330899506588 1.8334106025040096 1.8292881150573606 1.8251656276107115 1.8210431401640625 1.8169206527174135 1.8127981652707574 1.8086756778241082 1.8045531903774592 1.8004307029308102 1.7963082154841612 1.7921857280375122 1.788063240590863 1.783940753144214 1.779818265697565 1.775695778250916 1.771573290804267 1.7674508033576177
1.90800850088838 1.9059939657844855 1.903979430680591 1.9019648955766966 1.8999503604728019 1.8979358253689074 1.8959212902650096 1.893906755161115 1.8918922200572206 1.889877684953326 1.8878631498494316 1.885848614745537 1.8838340796416424 1.881819544537748 1.8798050094338534 1.877790474329959 1.8747361709506605 1.870570331758526 1.8664044925663916 1.86223865337425 1.8580728141821157 1.8539069749899812 1.8497411357978468 1.8455752966057124 1.841409457413578 1.8372436182214436 1.8330777790293091 1.8289119398371747 1.82474610064504 1.8205802614529056 1.8164144222607712 1.8122485830686368 1.8080827438764953 1.8039169046843608 1.7997510654922264 1.795585226300092 1.7914193871079576 1.7872535479158231 1.7830877087236887 1.7789218695315543 1.7747560303394199 1.7705901911472852 1.7664243519551508 1.7622585127630164
1.906282099782989 1.9041209843800433 1.9019598689770978 1.8997987535741523 1.8976376381712066 1.895476522768261 1.8933154073653118 1.891154291962366 1.8889931765594206 1.886832061156475 1.8846709457535293 1.8825098303505838 1.8803487149476383 1.8781875995446926 1.876026484141747 1.8738653687388016 1.8707143774841686 1.8665051865465487 1.862295995608929 1.858086804671302 1.853877613733682 1.8496684227960623 1.8454592318584426 1.8412500409208228 1.837040849983203 1.832831659045583 1.8286224681079633 1.8244132771703436 1.8202040862327238 1.815994895295104 1.811785704357484 1.8075765134198645 1.8033673224822373 1.7991581315446177 1.7949489406069978 1.790739749669378 1.7865305587317581 1.7823213677941383 1.7781121768565187 1.7739029859188988 1.769693794981279 1.7654846040436591 1.7612754131060395 1.7570662221684197
1.904555698677598 1.9022480029756013 1.8999403072736045 1.897632611571608 1.8953249158696113 1.8930172201676145 1.890709524465614 1.8884018287636173 1.8860941330616205 1.883786437359624 1.8814787416576273 1.8791710459556306 1.876863350253634 1.8745556545516373 1.8722479588496406 1.869940263147644 1.8666925840176765 1.8624400413345712 1.8581874986514662 1.8539349559683536 1.8496824132852485 1.8454298706021433 1.8411773279190382 1.836924785235933 1.832672242552828 1.8284196998697226 1.8241671571866176 1.8199146145035123 1.8156620718204073 1.811409529137302 1.807156986454197 1.8029044437710917 1.7986519010879793 1.7943993584048743 1.790146815721769 1.785894273038664 1.7816417303555587 1.7773891876724535 1.7731366449893484 1.7688841023062434 1.7646315596231381 1.7603790169400328 1.7561264742569278 1.7518739315738225
1.902829297572207 1.9003750215711592 1.8979207455701115 1.8954664695690637 1.893012193568016 1.8905579175669682 1.8881036415659163 1.8856493655648685 1.8831950895638208 1.880740813562773 1.8782865375617253 1.8758322615606775 1.8733779855596298 1.870923709558582 1.8684694335575343 1.8660151575564865 1.8626707905511843 1.8583748961225937 1.8540790016940032 1.8497831072654054 1.845487212836815 1.8411913184082245 1.8368954239796338 1.8325995295510433 1.8283036351224529 1.8240077406938624 1.819711846265272 1.8154159518366813 1.8111200574080908 1.8068241629795003 1.8025282685509099 1.7982323741223194 1.7939364796937214 1.789640585265131 1.7853446908365405 1.78104879640795 1.7767529019793593 1.7724570075507688 1.7681611131221784 1.763865218693588 1.7595693242649975 1.7552734298364068 1.7509775354078163 1.7466816409792258
1.901102896466816 1.898502040166717 1.8959011838666182 1.8933003275665194 1.8906994712664205 1.8880986149663217 1.8854977586662185 1.8828969023661195 1.8802960460660207 1.877695189765922 1.8750943334658232 1.8724934771657242 1.8698926208656255 1.8672917645655267 1.8646909082654277 1.862090051965329 1.8586489970846922 1.8543097509106163 1.8499705047365405 1.8456312585624572 1.8412920123883814 1.8369527662143055 1.8326135200402296 1.8282742738661537 1.8239350276920778 1.819595781518002 1.815256535343926 1.8109172891698502 1.8065780429957743 1.8022387968216984 1.7978995506476225 1.7935603044735466 1.7892210582994634 1.7848818121253875 1.7805425659513117 1.7762033197772358 1.77186407360316 1.767524827429084 1.7631855812550081 1.7588463350809322 1.7545070889068564 1.7501678427327807 1.7458285965587048 1.741489350384629
1.8993764953614247 1.896629058762275 1.893881622163125 1.8911341855639752 1.8883867489648252 1.8856393123656752 1.8828918757665207 1.8801444391673707 1.877397002568221 1.874649565969071 1.871902129369921 1.8691546927707712 1.8664072561716212 1.8636598195724714 1.8609123829733214 1.8581649463741714 1.8546272036182 1.8502446056986388 1.8458620077790777 1.8414794098595089 1.8370968119399478 1.8327142140203865 1.8283316161008252 1.823949018181264 1.8195664202617028 1.8151838223421415 1.8108012244225804 1.806418626503019 1.8020360285834578 1.7976534306638967 1.7932708327443354 1.7888882348247743 1.7845056369052055 1.7801230389856444 1.775740441066083 1.7713578431465218 1.7669752452269607 1.7625926473073994 1.758210049387838 1.753827451468277 1.7494448535487157 1.7450622556291546 1.7406796577095933 1.736297059790032
1.8976500942560324 1.8947560773578311 1.8918620604596301 1.8889680435614289 1.8860740266632279 1.8831800097650266 1.8802859928668205 1.8773919759686195 1.8744979590704183 1.8716039421722173 1.868709925274016 1.865815908375815 1.8629218914776138 1.8600278745794128 1.8571338576812115 1.8542398407830105 1.8506054101517044 1.8461794604866577 1.8417535108216112 1.837327561156557 1.8329016114915104 1.8284756618264637 1.8240497121614172 1.8196237624963705 1.815197812831324 1.8107718631662773 1.8063459135012307 1.801919963836184 1.7974940141711375 1.7930680645060908 1.7886421148410443 1.7842161651759976 1.7797902155109435 1.7753642658458968 1.7709383161808503 1.7665123665158036 1.762086416850757 1.7576604671857103 1.7532345175206638 1.7488085678556171 1.7443826181905706 1.7399566685255239 1.7355307188604774 1.7311047691954307
1.8959236931506414 1.892883095953389 1.8898424987561369 1.8868019015588846 1.8837613043616324 1.8807207071643803 1.8776801099671228 1.8746395127698707 1.8715989155726185 1.8685583183753662 1.865517721178114 1.8624771239808617 1.8594365267836095 1.8563959295863575 1.8533553323891052 1.850314735191853 1.8465836166852123 1.8421143152746804 1.8376450138641482 1.8331757124536088 1.8287064110430769 1.824237109632545 1.8197678082220128 1.8152985068114809 1.810829205400949 1.806359903990417 1.801890602579885 1.797421301169353 1.792951999758821 1.788482698348289 1.7840133969377572 1.7795440955272253 1.7750747941166856 1.7706054927061536 1.7661361912956217 1.7616668898850896 1.7571975884745576 1.7527282870640257 1.7482589856534938 1.7437896842429619 1.7393203828324297 1.7348510814218978 1.7303817800113659 1.725912478600834
1.8941972920452503 1.8910101145489469 1.8878229370526436 1.8846357595563403 1.881448582060037 1.8782614045637338 1.875074227067425 1.8718870495711217 1.8686998720748185 1.8655126945785152 1.862325517082212 1.8591383395859087 1.8559511620896054 1.852763984593302 1.8495768070969987 1.8463896296006954 1.8425618232187202 1.8380491700627029 1.8335365169066855 1.8290238637506606 1.8245112105946433 1.819998557438626 1.8154859042826086 1.8109732511265912 1.806460597970574 1.8019479448145566 1.7974352916585392 1.7929226385025219 1.7884099853465045 1.7838973321904874 1.77938467903447 1.7748720258784527 1.7703593727224276 1.7658467195664103 1.761334066410393 1.7568214132543756 1.7523087600983585 1.747796106942341 1.7432834537863238 1.7387708006303064 1.734258147474289 1.7297454943182717 1.7252328411622544 1.720720188006237
1.8924708909398593 1.8891371331445048 1.8858033753491505 1.882469617553796 1.8791358597584418 1.8758021019630873 1.8724683441677272 1.869134586372373 1.8658008285770185 1.8624670707816642 1.85913331298631 1.8557995551909554 1.8524657973956011 1.8491320396002466 1.8457982818048924 1.8424645240095379 1.838540029752228 1.8339840248507253 1.8294280199492228 1.8248720150477122 1.8203160101462097 1.815760005244707 1.8112040003432042 1.8066479954417016 1.8020919905401989 1.797535985638696 1.7929799807371936 1.7884239758356908 1.783867970934188 1.7793119660326855 1.7747559611311827 1.7701999562296802 1.7656439513281696 1.7610879464266669 1.7565319415251643 1.7519759366236616 1.7474199317221588 1.7428639268206563 1.7383079219191535 1.733751917017651 1.7291959121161482 1.7246399072146454 1.720083902313143 1.7155278974116401
1.8907444898344683 1.8872641517400628 1.8837838136456573 1.8803034755512518 1.8768231374568463 1.873342799362441 1.8698624612680295 1.8663821231736242 1.8629017850792187 1.8594214469848132 1.8559411088904076 1.8524607707960024 1.8489804327015968 1.8455000946071913 1.8420197565127858 1.8385394184183805 1.834518236285736 1.829918879638748 1.8253195229917598 1.820720166344764 1.816120809697776 1.811521453050788 1.8069220964038 1.8023227397568118 1.7977233831098238 1.7931240264628359 1.7885246698158477 1.7839253131688597 1.7793259565218718 1.7747265998748836 1.7701272432278956 1.7655278865809076 1.7609285299339117 1.7563291732869237 1.7517298166399358 1.7471304599929476 1.7425311033459596 1.7379317466989717 1.7333323900519835 1.7287330334049955 1.7241336767580075 1.7195343201110194 1.7149349634640314 1.7103356068170434
1.8890180887290764 1.8853911703356199 1.8817642519421631 1.8781373335487066 1.87451041515525 1.8708834967617933 1.8672565783683306 1.863629659974874 1.8600027415814173 1.8563758231879608 1.8527489047945043 1.8491219864010475 1.845495068007591 1.8418681496141345 1.8382412312206777 1.8346143128272212 1.830496442819242 1.8258537344267687 1.8212110260342953 1.816568317641814 1.8119256092493405 1.8072829008568672 1.8026401924643938 1.7979974840719204 1.7933547756794468 1.7887120672869734 1.7840693588945 1.7794266505020266 1.7747839421095533 1.7701412337170799 1.7654985253246065 1.7608558169321331 1.7562131085396517 1.7515704001471784 1.746927691754705 1.7422849833622314 1.737642274969758 1.7329995665772846 1.7283568581848112 1.7237141497923378 1.7190714413998645 1.714428733007391 1.7097860246149175 1.705143316222444
1.8872916876236854 1.8835181889311776 1.87974469023867 1.8759711915461623 1.8721976928536546 1.868424194161147 1.8646506954686328 1.860877196776125 1.8571036980836175 1.8533301993911098 1.849556700698602 1.8457832020060945 1.8420097033135867 1.838236204621079 1.8344627059285714 1.8306892072360637 1.82647464935275 1.8217885892147911 1.8171025290768326 1.8124164689388658 1.807730408800907 1.8030443486629482 1.7983582885249894 1.7936722283870306 1.788986168249072 1.7843001081111132 1.7796140479731544 1.7749279878351956 1.7702419276972368 1.7655558675592782 1.7608698074213194 1.7561837472833606 1.7514976871453938 1.746811627007435 1.7421255668694762 1.7374395067315174 1.7327534465935588 1.7280673864556 1.7233813263176412 1.7186952661796824 1.7140092060417236 1.709323145903765 1.7046370857658062 1.6999510256278474
1.8855652865182944 1.8816452075267356 1.8777251285351768 1.873805049543618 1.8698849705520593 1.8659648915605005 1.862044812568935 1.8581247335773763 1.8542046545858175 1.8502845755942587 1.8463644966027 1.8424444176111412 1.8385243386195824 1.8346042596280236 1.8306841806364649 1.826764101644906 1.8224528558862578 1.8177234440028138 1.8129940321193696 1.8082646202359174 1.8035352083524734 1.7988057964690292 1.7940763845855852 1.789346972702141 1.784617560818697 1.7798881489352527 1.7751587370518087 1.7704293251683645 1.7656999132849205 1.7609705014014763 1.7562410895180323 1.751511677634588 1.7467822657511358 1.7420528538676918 1.7373234419842476 1.7325940301008036 1.7278646182173594 1.7231352063339154 1.7184057944504711 1.7136763825670271 1.708946970683583 1.704217558800139 1.6994881469166947 1.6947587350332505
1.8838388854129027 1.8797722261222927 1.8757055668316827 1.8716389075410729 1.8675722482504629 1.863505588959853 1.8594389296692362 1.8553722703786262 1.8513056110880164 1.8472389517974064 1.8431722925067966 1.8391056332161866 1.8350389739255766 1.8309723146349668 1.8269056553443568 1.822838996053747 1.818431062419764 1.8136582987908345 1.808885535161905 1.8041127715329675 1.7993400079040378 1.7945672442751084 1.789794480646179 1.7850217170172493 1.78024895338832 1.7754761897593905 1.7707034261304608 1.7659306625015314 1.761157898872602 1.7563851352436723 1.751612371614743 1.7468396079858135 1.7420668443568759 1.7372940807279464 1.7325213170990168 1.7277485534700874 1.722975789841158 1.7182030262122283 1.713430262583299 1.7086574989543695 1.7038847353254398 1.6991119716965104 1.694339208067581 1.6895664444386513
1.8821124843075117 1.8778992447178506 1.8736860051281896 1.8694727655385286 1.8652595259488676 1.8610462863592065 1.8568330467695384 1.8526198071798774 1.8484065675902164 1.8441933280005554 1.8399800884108943 1.8357668488212333 1.8315536092315725 1.8273403696419115 1.8231271300522505 1.8189138904625894 1.8144092689532718 1.809593153578857 1.8047770382044421 1.799960922830019 1.7951448074556042 1.7903286920811894 1.7855125767067745 1.7806964613323597 1.7758803459579449 1.77106423058353 1.7662481152091152 1.7614319998347003 1.7566158844602855 1.7517997690858707 1.7469836537114558 1.742167538337041 1.737351422962618 1.732535307588203 1.7277191922137882 1.7229030768393734 1.7180869614649585 1.7132708460905437 1.7084547307161289 1.703638615341714 1.6988224999672992 1.6940063845928843 1.6891902692184695 1.6843741538440546
1.8803860832021204 1.8760262633134084 1.8716664434246963 1.867306623535984 1.862946803647272 1.85858698375856 1.8542271638698404 1.8498673439811284 1.8455075240924164 1.841147704203704 1.836787884314992 1.83242806442628 1.828068244537568 1.823708424648856 1.8193486047601437 1.8149887848714317 1.8103874754867795 1.8055280083668794 1.8006685412469792 1.7958090741270707 1.7909496070071704 1.7860901398872704 1.7812306727673701 1.7763712056474699 1.7715117385275696 1.7666522714076696 1.7617928042877693 1.756933337167869 1.752073870047969 1.7472144029280687 1.7423549358081685 1.7374954686882682 1.7326360015683597 1.7277765344484597 1.7229170673285594 1.7180576002086592 1.713198133088759 1.7083386659688589 1.7034791988489586 1.6986197317290583 1.6937602646091583 1.688900797489258 1.6840413303693578 1.6791818632494575
