Figures/CREST_Example_wjb_NSE/PETs/wjb.pet.20090127.asc
ncols            288
nrows            254
xllcorner        113.274861
yllcorner        31.4918055
cellsize         0.008333333333
NODATA_value     -9999
[rows 80 to 99 of 254, columns 132 to 175 of 288]
1.0004082526860578 0.9989747223965216 0.9975411921069853 0.9961076618174491 0.9946741315279128 0.9932406012383767 0.9918070709488404 0.9903735406593042 0.9889400103697679 0.9875064800802317 0.9860729497906954 0.9846394195011567 0.9832058892116204 0.9817723589220843 0.980338828632548 0.9789052983430118 0.9774717680534755 0.9760382377639393 0.974604707474403 0.9731711771848668 0.9717376468953305 0.9703041166057943 0.9688705863162581 0.9674370560267218 0.9660035257371832 0.9645699954476469 0.9631364651581107 0.9617029348685744 0.9602694045790382 0.9588358742895019 0.9579465564561928 0.9576390140494755 0.9573314716427582 0.957023929236041 0.9567163868293237 0.9564088444226063 0.956101302015889 0.9557937596091712 0.955486217202454 0.9551786747957367 0.9548711323890194 0.9545635899823022 0.9542560475755849 0.9539485051688675
1.000306514247648 0.9988904291244557 0.9974743440012634 0.9960582588780713 0.9946421737548791 0.9932260886316869 0.9918100035084947 0.9903939183853024 0.9889778332621103 0.9875617481389181 0.9861456630157259 0.9847295778925312 0.9833134927693391 0.9818974076461469 0.9804813225229547 0.9790652373997625 0.9776491522765702 0.9762330671533781 0.9748169820301859 0.9734008969069937 0.9719848117838015 0.9705687266606092 0.9691526415374171 0.9677365564142248 0.9663204712910303 0.964904386167838 0.9634883010446459 0.9620722159214536 0.9606561307982615 0.9592400456750693 0.9583672602976003 0.9580752746385479 0.9577832889794955 0.9574913033204431 0.9571993176613907 0.9569073320023382 0.9566153463432858 0.9563233606842328 0.9560313750251804 0.955739389366128 0.9554474037070756 0.9551554180480232 0.9548634323889708 0.9545714467299182
1.0002047758092378 0.9988061358523895 0.9974074958955415 0.9960088559386933 0.9946102159818451 0.993211576024997 0.9918129360681488 0.9904142961113006 0.9890156561544525 0.9876170161976043 0.9862183762407561 0.9848197362839056 0.9834210963270575 0.9820224563702094 0.9806238164133612 0.9792251764565131 0.9778265364996649 0.9764278965428167 0.9750292565859686 0.9736306166291204 0.9722319766722722 0.9708333367154242 0.969434696758576 0.9680360568017278 0.9666374168448773 0.9652387768880291 0.963840136931181 0.9624414969743328 0.9610428570174847 0.9596442170606365 0.9587879641390079 0.9585115352276203 0.9582351063162328 0.9579586774048452 0.9576822484934576 0.9574058195820699 0.9571293906706824 0.9568529617592944 0.9565765328479068 0.9563001039365192 0.9560236750251316 0.9557472461137441 0.9554708172023565 0.9551943882909689
1.0001030373708277 0.9987218425803237 0.9973406477898196 0.9959594529993154 0.9945782582088113 0.9931970634183073 0.9918158686278031 0.990434673837299 0.9890534790467949 0.9876722842562908 0.9862910894657867 0.9849098946752802 0.9835286998847761 0.982147505094272 0.9807663103037678 0.9793851155132638 0.9780039207227597 0.9766227259322555 0.9752415311417514 0.9738603363512474 0.9724791415607432 0.9710979467702391 0.969716751979735 0.9683355571892309 0.9669543623987245 0.9655731676082203 0.9641919728177162 0.962810778027212 0.9614295832367079 0.9600483884462039 0.9592086679804155 0.9589477958166928 0.95868692365297 0.9584260514892473 0.9581651793255246 0.9579043071618019 0.9576434349980791 0.957382562834356 0.9571216906706332 0.9568608185069105 0.9565999463431878 0.9563390741794651 0.9560782020157422 0.9558173298520195
1.0000012989324178 0.9986375493082578 0.9972737996840977 0.9959100500599376 0.9945463004357775 0.9931825508116174 0.9918188011874575 0.9904550515632974 0.9890913019391373 0.9877275523149772 0.9863638026908171 0.9850000530666547 0.9836363034424946 0.9822725538183346 0.9809088041941746 0.9795450545700145 0.9781813049458544 0.9768175553216943 0.9754538056975343 0.9740900560733742 0.9727263064492141 0.971362556825054 0.969998807200894 0.968635057576734 0.9672713079525715 0.9659075583284115 0.9645438087042514 0.9631800590800913 0.9618163094559312 0.9604525598317712 0.9596293718218231 0.9593840564057652 0.9591387409897073 0.9588934255736494 0.9586481101575915 0.9584027947415337 0.9581574793254758 0.9579121639094175 0.9576668484933596 0.9574215330773017 0.9571762176612438 0.956930902245186 0.9566855868291281 0.9564402714130702
0.9998995604940079 0.9985532560361918 0.9972069515783758 0.9958606471205599 0.9945143426627439 0.9931680382049278 0.9918217337471118 0.9904754292892958 0.9891291248314797 0.9877828203736637 0.9864365159158477 0.9850902114580294 0.9837439070002134 0.9823976025423974 0.9810512980845814 0.9797049936267653 0.9783586891689493 0.9770123847111334 0.9756660802533174 0.9743197757955013 0.9729734713376853 0.9716271668798693 0.9702808624220532 0.9689345579642372 0.967588253506419 0.9662419490486029 0.9648956445907869 0.9635493401329709 0.9622030356751549 0.9608567312173388 0.960050075663231 0.959820316994838 0.959590558326445 0.959360799658052 0.959131040989659 0.9589012823212659 0.958671523652873 0.9584417649844795 0.9582120063160865 0.9579822476476936 0.9577524889793005 0.9575227303109075 0.9572929716425145 0.9570632129741214
0.999797822055598 0.998468962764126 0.997140103472654 0.995811244181182 0.9944823848897101 0.9931535255982381 0.9918246663067661 0.9904958070152942 0.9891669477238222 0.9878380884323502 0.9865092291408782 0.9851803698494039 0.983851510557932 0.98252265126646 0.981193791974988 0.979864932683516 0.9785360733920441 0.9772072141005721 0.9758783548091001 0.9745494955176282 0.9732206362261562 0.9718917769346842 0.9705629176432122 0.9692340583517403 0.9679051990602661 0.9665763397687941 0.9652474804773221 0.9639186211858501 0.9625897618943782 0.9612609026029062 0.9604707795046387 0.9602565775839105 0.9600423756631823 0.9598281737424541 0.959613971821726 0.9593997699009978 0.9591855679802697 0.9589713660595411 0.958757164138813 0.9585429622180848 0.9583287602973567 0.9581145583766285 0.9579003564559003 0.9576861545351721
0.999696083617188 0.9983846694920601 0.9970732553669321 0.9957618412418042 0.9944504271166763 0.9931390129915484 0.9918275988664204 0.9905161847412924 0.9892047706161645 0.9878933564910366 0.9865819423659087 0.9852705282407785 0.9839591141156506 0.9826476999905227 0.9813362858653948 0.9800248717402669 0.9787134576151388 0.9774020434900109 0.976090629364883 0.9747792152397551 0.9734678011146272 0.9721563869894992 0.9708449728643713 0.9695335587392434 0.9682221446141133 0.9669107304889852 0.9655993163638573 0.9642879022387294 0.9629764881136015 0.9616650739884736 0.9608914833460462 0.9606928381729829 0.9604941929999196 0.9602955478268563 0.960096902653793 0.9598982574807297 0.9596996123076663 0.9595009671346026 0.9593023219615394 0.9591036767884761 0.9589050316154127 0.9587063864423494 0.9585077412692862 0.9583090960962228
0.9999153082595104 0.9986317323268941 0.9973481563942778 0.9960645804616615 0.9947810045290452 0.9934974285964289 0.9922138526638126 0.9909302767311963 0.98964670079858 0.9883631248659637 0.9870795489333474 0.9857959730007289 0.9845123970681126 0.9832288211354963 0.98194524520288 0.9806616692702637 0.9793780933376474 0.9780945174050311 0.9768109414724148 0.9755273655397985 0.9742437896071822 0.9729602136745659 0.9716766377419496 0.9703930618093333 0.9691094858767147 0.9678259099440985 0.9665423340114822 0.9652587580788659 0.9639751821462496 0.9626916062136333 0.9619322344091928 0.9617332486760397 0.9615342629428866 0.9613352772097336 0.9611362914765804 0.9609373057434273 0.9607383200102743 0.9605393342771208 0.9603403485439677 0.9601413628108146 0.9599423770776615 0.9597433913445085 0.9595444056113553 0.9593454198782022
1.0004776221989784 0.9992329939485849 0.9979883656981914 0.9967437374477978 0.9954991091974043 0.9942544809470107 0.9930098526966172 0.9917652244462237 0.9905205961958302 0.9892759679454366 0.9880313396950431 0.9867867114446475 0.985542083194254 0.9842974549438605 0.9830528266934669 0.9818081984430733 0.9805635701926798 0.9793189419422863 0.9780743136918928 0.9768296854414993 0.9755850571911058 0.9743404289407122 0.9730958006903186 0.9718511724399251 0.9706065441895295 0.969361915939136 0.9681172876887424 0.9668726594383489 0.9656280311879554 0.9643834029375619 0.9636357768594926 0.9634194573465573 0.963203137833622 0.9629868183206868 0.9627704988077515 0.9625541792948161 0.9623378597818808 0.962121540268945 0.9619052207560098 0.9616889012430745 0.9614725817301392 0.9612562622172038 0.9610399427042685 0.9608236231913332
1.0010399361384466 0.9998342555702757 0.9986285750021049 0.9974228944339342 0.9962172138657635 0.9950115332975926 0.9938058527294219 0.9926001721612512 0.9913944915930804 0.9901888110249096 0.9889831304567389 0.9877774498885661 0.9865717693203953 0.9853660887522245 0.9841604081840538 0.982954727615883 0.9817490470477123 0.9805433664795415 0.9793376859113707 0.9781320053432 0.9769263247750293 0.9757206442068584 0.9745149636386877 0.973309283070517 0.9721036025023442 0.9708979219341733 0.9696922413660026 0.9684865607978319 0.9672808802296611 0.9660751996614904 0.9653393193097924 0.9651056660170749 0.9648720127243574 0.9646383594316399 0.9644047061389223 0.9641710528462047 0.9639373995534872 0.9637037462607693 0.9634700929680518 0.9632364396753342 0.9630027863826167 0.9627691330898992 0.9625354797971816 0.962301826504464
1.0016022500779147 1.0004355171919668 0.9992687843060187 0.9981020514200708 0.9969353185341228 0.9957685856481748 0.9946018527622268 0.9934351198762787 0.9922683869903308 0.9911016541043828 0.9899349212184348 0.9887681883324848 0.9876014554465369 0.9864347225605888 0.9852679896746409 0.9841012567886929 0.9829345239027448 0.9817677910167969 0.9806010581308489 0.9794343252449009 0.9782675923589529 0.977100859473005 0.9759341265870569 0.974767393701109 0.973600660815159 0.972433927929211 0.971267195043263 0.9701004621573149 0.968933729271367 0.967766996385419 0.9670428617600924 0.9667918746875925 0.9665408876150928 0.966289900542593 0.9660389134700933 0.9657879263975935 0.9655369393250938 0.9652859522525936 0.9650349651800938 0.9647839781075941 0.9645329910350943 0.9642820039625946 0.9640310168900947 0.963780029817595
1.0021645640173833 1.001036778813658 0.9999089936099329 0.9987812084062077 0.9976534232024825 0.9965256379987574 0.9953978527950321 0.994270067591307 0.9931422823875817 0.9920144971838566 0.9908867119801315 0.9897589267764043 0.9886311415726792 0.9875033563689539 0.9863755711652288 0.9852477859615035 0.9841200007577784 0.9829922155540531 0.981864430350328 0.9807366451466029 0.9796088599428776 0.9784810747391525 0.9773532895354272 0.9762255043317021 0.9750977191279749 0.9739699339242498 0.9728421487205247 0.9717143635167994 0.9705865783130743 0.969458793109349 0.9687464042103936 0.9684780833581117 0.9682097625058297 0.9679414416535477 0.9676731208012657 0.9674047999489837 0.9671364790967016 0.9668681582444192 0.9665998373921372 0.9663315165398552 0.9660631956875733 0.9657948748352913 0.9655265539830092 0.9652582331307272
1.0027268779568512 1.0016380404353489 1.0005492029138465 0.9994603653923441 0.9983715278708417 0.9972826903493393 0.9961938528278369 0.9951050153063344 0.994016177784832 0.9929273402633296 0.9918385027418272 0.9907496652203229 0.9896608276988206 0.9885719901773181 0.9874831526558157 0.9863943151343133 0.9853054776128108 0.9842166400913085 0.983127802569806 0.9820389650483037 0.9809501275268012 0.9798612900052989 0.9787724524837964 0.9776836149622941 0.9765947774407897 0.9755059399192874 0.9744171023977849 0.9733282648762825 0.9722394273547801 0.9711505898332777 0.9704499466606935 0.9701642920286293 0.9698786373965651 0.9695929827645009 0.9693073281324366 0.9690216735003724 0.9687360188683082 0.9684503642362434 0.9681647096041792 0.967879054972115 0.9675934003400508 0.9673077457079866 0.9670220910759224 0.9667364364438581
1.0032891918963196 1.00223930205704 1.0011894122177603 1.0001395223784806 0.999089632539201 0.9980397426999214 0.9969898528606417 0.9959399630213621 0.9948900731820824 0.9938401833428028 0.9927902935035231 0.9917404036642418 0.9906905138249621 0.9896406239856824 0.9885907341464027 0.9875408443071232 0.9864909544678435 0.9854410646285638 0.9843911747892842 0.9833412849500045 0.9822913951107249 0.9812415052714453 0.9801916154321656 0.9791417255928859 0.9780918357536046 0.9770419459143249 0.9759920560750452 0.9749421662357656 0.9738922763964859 0.9728423865572063 0.9721534891109934 0.9718505006991469 0.9715475122873005 0.971244523875454 0.9709415354636076 0.9706385470517612 0.9703355586399147 0.9700325702280678 0.9697295818162214 0.9694265934043749 0.9691236049925285 0.968820616580682 0.9685176281688356 0.9682146397569891
1.0038515058357877 1.0028405636787308 1.001829621521674 1.000818679364617 0.9998077372075602 0.9987967950505033 0.9977858528934465 0.9967749107363896 0.9957639685793327 0.9947530264222758 0.9937420842652189 0.9927311421081604 0.9917201999511035 0.9907092577940466 0.9896983156369897 0.9886873734799329 0.987676431322876 0.9866654891658191 0.9856545470087622 0.9846436048517053 0.9836326626946486 0.9826217205375917 0.9816107783805348 0.9805998362234779 0.9795888940664192 0.9785779519093625 0.9775670097523056 0.9765560675952487 0.9755451254381918 0.974534183281135 0.9738570315612932 0.9735367093696646 0.9732163871780359 0.9728960649864072 0.9725757427947787 0.97225542060315 0.9719350984115213 0.971614776219892 0.9712944540282634 0.9709741318366347 0.970653809645006 0.9703334874533773 0.9700131652617487 0.96969284307012
1.0044138197752557 1.0034418253004216 1.0024698308255875 1.0014978363507534 1.0005258418759193 0.9995538474010852 0.9985818529262511 0.997609858451417 0.9966378639765829 0.9956658695017488 0.9946938750269148 0.993721880552079 0.9927498860772449 0.9917778916024108 0.9908058971275767 0.9898339026527426 0.9888619081779085 0.9878899137030744 0.9869179192282403 0.9859459247534063 0.984973930278572 0.984001935803738 0.9830299413289039 0.9820579468540698 0.981085952379234 0.9801139579043999 0.9791419634295658 0.9781699689547317 0.9771979744798976 0.9762259800050636 0.9755605740115931 0.9752229180401822 0.9748852620687714 0.9745476060973605 0.9742099501259496 0.9738722941545387 0.9735346381831278 0.9731969822117164 0.9728593262403055 0.9725216702688946 0.9721840142974837 0.9718463583260728 0.9715087023546619 0.971171046383251
1.0049761337147238 1.0040430869221124 1.0031100401295012 1.0021769933368898 1.0012439465442784 1.0003108997516672 0.9993778529590558 0.9984448061664445 0.9975117593738332 0.9965787125812219 0.9956456657886105 0.9947126189959976 0.9937795722033863 0.9928465254107749 0.9919134786181636 0.9909804318255523 0.990047385032941 0.9891143382403296 0.9881812914477183 0.987248244655107 0.9863151978624957 0.9853821510698842 0.984449104277273 0.9835160574846616 0.9825830106920487 0.9816499638994374 0.9807169171068261 0.9797838703142148 0.9788508235216035 0.977917776728992 0.9772641164618929 0.9769091267106998 0.9765541369595067 0.9761991472083136 0.9758441574571205 0.9754891677059273 0.9751341779547342 0.9747791882035405 0.9744241984523474 0.9740692087011543 0.9737142189499612 0.973359229198768 0.973004239447575 0.9726492496963819
1.0055384476541924 1.004644348543804 1.0037502494334154 1.0028561503230269 1.0019620512126384 1.0010679521022499 1.0001738529918613 0.9992797538814728 0.9983856547710843 0.9974915556606958 0.9965974565503073 0.9957033574399172 0.9948092583295287 0.9939151592191401 0.9930210601087516 0.9921269609983631 0.9912328618879745 0.990338762777586 0.9894446636671975 0.988550564556809 0.9876564654464204 0.9867623663360319 0.9858682672256434 0.9849741681152548 0.9840800690048648 0.9831859698944763 0.9822918707840878 0.9813977716736992 0.9805036725633107 0.9796095734529221 0.9789676589121943 0.9785953353812189 0.9782230118502435 0.9778506883192681 0.9774783647882929 0.9771060412573175 0.9767337177263421 0.9763613941953662 0.9759890706643908 0.9756167471334155 0.9752444236024401 0.9748721000714647 0.9744997765404895 0.9741274530095141
1.0061007615936606 1.0052456101654947 1.0043904587373291 1.0035353073091633 1.0026801558809975 1.0018250044528318 1.000969853024666 1.0001147015965004 0.9992595501683346 0.9984043987401688 0.997549247312003 0.9966940958838358 0.9958389444556701 0.9949837930275043 0.9941286415993386 0.9932734901711728 0.992418338743007 0.9915631873148413 0.9907080358866756 0.9898528844585098 0.988997733030344 0.9881425816021783 0.9872874301740125 0.9864322787458467 0.9855771273176795 0.9847219758895138 0.983866824461348 0.9830116730331823 0.9821565216050165 0.9813013701768508 0.9806712013624941 0.9802815440517365 0.9798918867409789 0.9795022294302214 0.9791125721194638 0.9787229148087062 0.9783332574979486 0.9779436001871904 0.9775539428764328 0.9771642855656753 0.9767746282549177 0.9763849709441601 0.9759953136334025 0.975605656322645
