Figures/CREST_Example_wjb_NSE/PETs/wjb.pet.20090605.asc
ncols            288
nrows            254
xllcorner        113.274861
yllcorner        31.4918055
cellsize         0.008333333333
NODATA_value     -9999
[rows 160 to 179 of 254, columns 132 to 175 of 288]
3.2659720223181354 3.261865283367968 3.2577585444178006 3.2536518054676327 3.249545066517465 3.2454383275672973 3.24133158861713 3.2372248496669624 3.2331181107167946 3.229011371766627 3.2249046328164597 3.2207978938662847 3.2166911549161172 3.21258441596595 3.208477677015782 3.2043709380656145 3.2002641991154466 3.196157460165279 3.1920507212151117 3.187943982264944 3.1838372433147764 3.179730504364609 3.175623765414441 3.1715170264642736 3.167410287514099 3.163303548563931 3.1591968096137637 3.1550900706635963 3.1509833317134284 3.146876592763261 3.1438932160137876 3.142110738868959 3.140328261724131 3.138545784579303 3.1367633074344745 3.1349808302896465 3.1331983531448184 3.131415875999987 3.129633398855159 3.1278509217103307 3.1260684445655023 3.124285967420674 3.122503490275846 3.1207210131310177
3.26316086706937 3.259036782581233 3.2549126980930967 3.2507886136049597 3.2466645291168232 3.2425404446286867 3.23841636014055 3.2342922756524133 3.2301681911642763 3.22604410667614 3.221920022188003 3.2177959376998593 3.2136718532117228 3.209547768723586 3.2054236842354493 3.201299599747313 3.197175515259176 3.1930514307710394 3.1889273462829024 3.184803261794766 3.180679177306629 3.1765550928184925 3.172431008330356 3.168306923842219 3.1641828393540754 3.160058754865939 3.155934670377802 3.1518105858896655 3.1476865014015285 3.143562416913392 3.140547060333041 3.1387169589671666 3.1368868576012923 3.1350567562354184 3.133226654869544 3.1313965535036696 3.1295664521377953 3.1277363507719183 3.125906249406044 3.1240761480401695 3.122246046674295 3.120415945308421 3.118585843942547 3.1167557425766725
3.2603497118206044 3.2562082817944984 3.252066851768393 3.247925421742287 3.2437839917161813 3.2396425616900757 3.2355011316639697 3.231359701637864 3.227218271611758 3.2230768415856526 3.2189354115595465 3.214793981533434 3.2106525515073283 3.2065111214812223 3.2023696914551167 3.1982282614290107 3.194086831402905 3.189945401376799 3.1858039713506936 3.1816625413245876 3.177521111298482 3.173379681272376 3.1692382512462705 3.165096821220165 3.1609553911940518 3.156813961167946 3.15267253114184 3.1485311011157346 3.1443896710896286 3.140248241063523 3.1372009046522944 3.135323179065374 3.133445453478454 3.1315677278915337 3.129690002304613 3.127812276717693 3.1259345511307726 3.124056825543849 3.1221790999569285 3.1203013743700083 3.118423648783088 3.1165459231961674 3.114668197609247 3.112790472022327
3.2575385565718364 3.2533797810077614 3.2492210054436867 3.2450622298796117 3.240903454315537 3.236744678751462 3.2325859031873874 3.2284271276233123 3.2242683520592377 3.2201095764951626 3.215950800931088 3.211792025367006 3.2076332498029307 3.203474474238856 3.199315698674781 3.1951569231107064 3.1909981475466314 3.1868393719825567 3.1826805964184817 3.178521820854407 3.174363045290332 3.1702042697262574 3.1660454941621823 3.161886718598107 3.1577279430340255 3.1535691674699504 3.149410391905876 3.1452516163418007 3.141092840777726 3.136934065213651 3.1338547489715447 3.1319293991635786 3.130004049355612 3.1280786995476455 3.126153349739679 3.124227999931713 3.1223026501237463 3.1203773003157766 3.11845195050781 3.1165266006998436 3.114601250891877 3.1126759010839105 3.1107505512759444 3.108825201467978
3.254727401323071 3.2505512802210275 3.2463751591189833 3.242199038016939 3.2380229169148955 3.2338467958128514 3.2296706747108077 3.2254945536087636 3.2213184325067195 3.2171423114046758 3.2129661903026316 3.2087900692005804 3.2046139480985367 3.2004378269964926 3.196261705894449 3.192085584792405 3.1879094636903607 3.183733342588317 3.179557221486273 3.1753811003842287 3.171204979282185 3.167028858180141 3.162852737078097 3.158676615976053 3.154500494874002 3.150324373771958 3.146148252669914 3.1419721315678704 3.1377960104658262 3.133619889363782 3.1305085932907986 3.1285356192617857 3.1265626452327733 3.124589671203761 3.1226166971747484 3.120643723145736 3.118670749116723 3.1166977750877076 3.1147248010586948 3.1127518270296823 3.11077885300067 3.1088058789716575 3.106832904942645 3.104859930913632
3.2519162460743054 3.2477227794342927 3.2435293127942795 3.2393358461542663 3.2351423795142535 3.2309489128742404 3.2267554462342276 3.2225619795942144 3.2183685129542012 3.2141750463141885 3.2099815796741753 3.205788113034155 3.2015946463941423 3.197401179754129 3.193207713114116 3.189014246474103 3.18482077983409 3.1806273131940768 3.176433846554064 3.172240379914051 3.1680469132740376 3.163853446634025 3.1596599799940117 3.1554665133539985 3.1512730467139787 3.1470795800739655 3.1428861134339523 3.1386926467939396 3.1344991801539264 3.1303057135139136 3.127162437610052 3.1251418393599932 3.123121241109935 3.121100642859876 3.1190800446098175 3.117059446359759 3.1150388481097004 3.113018249859638 3.11099765160958 3.108977053359521 3.1069564551094624 3.104935856859404 3.1029152586093454 3.1008946603592866
3.2491050908255406 3.2448942786475583 3.240683466469576 3.236472654291594 3.232261842113612 3.2280510299356298 3.2238402177576475 3.2196294055796657 3.2154185934016835 3.211207781223701 3.206996969045719 3.20278615686773 3.198575344689748 3.1943645325117656 3.1901537203337833 3.1859429081558015 3.1817320959778193 3.177521283799837 3.173310471621855 3.169099659443873 3.1648888472658907 3.1606780350879085 3.1564672229099267 3.1522564107319444 3.148045598553955 3.1438347863759732 3.139623974197991 3.1354131620200087 3.1312023498420265 3.1269915376640447 3.1238162819293054 3.1217480594582008 3.119679836987096 3.1176116145159916 3.115543392044887 3.1134751695737823 3.1114069471026773 3.109338724631569 3.1072705021604645 3.10520227968936 3.1031340572182553 3.1010658347471507 3.098997612276046 3.0969293898049415
3.246293935576775 3.2420657778608235 3.237837620144872 3.2336094624289213 3.22938130471297 3.2251531469970187 3.2209249892810674 3.2166968315651165 3.2124686738491652 3.208240516133214 3.2040123584172626 3.199784200701304 3.1955560429853533 3.191327885269402 3.1870997275534507 3.1828715698374994 3.1786434121215486 3.1744152544055972 3.170187096689646 3.1659589389736946 3.1617307812577438 3.1575026235417925 3.153274465825841 3.14904630810989 3.144818150393932 3.1405899926779806 3.1363618349620292 3.132133677246078 3.127905519530127 3.1236773618141758 3.120470126248559 3.1183542795564083 3.1162384328642574 3.114122586172107 3.112006739479956 3.109890892787805 3.1077750460956546 3.1056591994035 3.1035433527113496 3.1014275060191987 3.099311659327048 3.0971958126348973 3.0950799659427464 3.092964119250596
3.2434827803280095 3.239237277074089 3.234991773820169 3.230746270566249 3.2265007673123285 3.222255264058408 3.2180097608044878 3.2137642575505674 3.2095187542966475 3.205273251042727 3.2010277477888067 3.1967822445348792 3.192536741280959 3.1882912380270385 3.184045734773118 3.179800231519198 3.175554728265278 3.1713092250113575 3.167063721757437 3.1628182185035167 3.158572715249597 3.1543272119956764 3.150081708741756 3.1458362054878357 3.1415907022339082 3.137345198979988 3.1330996957260675 3.1288541924721476 3.124608689218227 3.120363185964307 3.1171239705678127 3.114960499654616 3.112797028741419 3.1106335578282223 3.1084700869150255 3.1063066160018287 3.104143145088632 3.101979674175431 3.0998162032622343 3.0976527323490375 3.0954892614358407 3.093325790522644 3.091162319609447 3.0889988486962503
3.240671625079244 3.2364087762873543 3.2321459274954654 3.227883078703576 3.2236202299116865 3.219357381119797 3.2150945323279077 3.210831683536018 3.206568834744129 3.20230598595224 3.1980431371603504 3.193780288368454 3.1895174395765644 3.185254590784675 3.1809917419927856 3.176728893200896 3.1724660444090067 3.1682031956171177 3.1639403468252283 3.159677498033339 3.1554146492414494 3.15115180044956 3.1468889516576706 3.1426261028657816 3.1383632540738846 3.134100405281995 3.129837556490106 3.1255747076982168 3.1213118589063273 3.117049010114438 3.113777814887066 3.111566719752823 3.1093556246185803 3.107144529484337 3.1049334343500945 3.1027223392158514 3.1005112440816087 3.098300148947362 3.0960890538131194 3.0938779586788763 3.0916668635446336 3.0894557684103905 3.087244673276148 3.0850335781419047
3.237860469830476 3.2335802755006173 3.2293000811707593 3.225019886840901 3.2207396925110423 3.216459498181184 3.2121793038513253 3.207899109521467 3.2036189151916084 3.19933872086175 3.1950585265318914 3.190778332202026 3.1864981378721673 3.182217943542309 3.1779377492124503 3.173657554882592 3.1693773605527333 3.165097166222875 3.1608169718930164 3.156536777563158 3.1522565832332994 3.147976388903441 3.1436961945735824 3.139416000243724 3.1351358059138583 3.130855611584 3.1265754172541413 3.122295222924283 3.1180150285944244 3.113734834264566 3.1104316592063164 3.1081729398510274 3.1059142204957384 3.1036555011404494 3.1013967817851604 3.0991380624298714 3.0968793430745825 3.0946206237192895 3.0923619043640005 3.0901031850087115 3.0878444656534225 3.0855857462981335 3.0833270269428446 3.0810683075875556
3.235049314581711 3.2307517747138834 3.226454234846056 3.2221566949782283 3.2178591551104008 3.213561615242573 3.2092640753747457 3.204966535506918 3.2006689956390906 3.196371455771263 3.1920739159034355 3.1877763760356004 3.183478836167773 3.1791812962999453 3.1748837564321177 3.17058621656429 3.1662886766964626 3.161991136828635 3.1576935969608075 3.15339605709298 3.1490985172251524 3.144800977357325 3.1405034374894973 3.13620589762167 3.1319083577538347 3.127610817886007 3.1233132780181796 3.119015738150352 3.1147181982825245 3.110420658414697 3.10708550352557 3.104779159949235 3.1024728163728996 3.1001664727965648 3.0978601292202295 3.0955537856438946 3.0932474420675597 3.0909410984912205 3.0886347549148856 3.0863284113385507 3.0840220677622154 3.0817157241858806 3.0794093806095453 3.0771030370332104
3.2322381593329452 3.2279232739271486 3.223608388521352 3.2192935031155554 3.214978617709759 3.210663732303962 3.2063488468981656 3.202033961492369 3.1977190760865724 3.1934041906807753 3.1890893052749787 3.184774419869175 3.1804595344633784 3.1761446490575818 3.171829763651785 3.1675148782459885 3.163199992840192 3.1588851074343953 3.1545702220285987 3.150255336622802 3.1459404512170055 3.1416255658112084 3.137310680405412 3.1329957949996152 3.1286809095938115 3.124366024188015 3.1200511387822183 3.1157362533764217 3.111421367970625 3.1071064825648285 3.103739347844823 3.101385380047442 3.0990314122500613 3.09667744445268 3.094323476655299 3.0919695088579178 3.0896155410605366 3.0872615732631514 3.0849076054657703 3.082553637668389 3.080199669871008 3.077845702073627 3.075491734276246 3.073137766478865
3.22942700408418 3.2250947731404143 3.2207625421966486 3.216430311252883 3.2120980803091173 3.2077658493653516 3.2034336184215855 3.19910138747782 3.194769156534054 3.1904369255902885 3.186104694646523 3.1817724637027496 3.177440232758984 3.1731080018152182 3.1687757708714526 3.164443539927687 3.1601113089839212 3.1557790780401556 3.15144684709639 3.147114616152624 3.142782385208858 3.1384501542650924 3.1341179233213268 3.129785692377561 3.125453461433788 3.121121230490022 3.1167889995462565 3.112456768602491 3.108124537658725 3.1037923067149595 3.100393192164077 3.0979916001456496 3.0955900081272225 3.0931884161087955 3.090786824090368 3.088385232071941 3.085983640053514 3.0835820480350824 3.0811804560166554 3.0787788639982283 3.076377271979801 3.0739756799613738 3.0715740879429467 3.0691724959245192
3.226615848835414 3.2222662723536795 3.2179166958719447 3.21356711939021 3.2092175429084753 3.2048679664267405 3.2005183899450054 3.1961688134632706 3.191819236981536 3.187469660499801 3.1831200840180665 3.178770507536324 3.1744209310545894 3.1700713545728547 3.16572177809112 3.1613722016093853 3.15702262512765 3.1526730486459154 3.1483234721641806 3.143973895682446 3.139624319200711 3.1352747427189764 3.1309251662372417 3.1265755897555065 3.1222260132737647 3.1178764367920295 3.113526860310295 3.10917728382856 3.1048277073468253 3.1004781308650906 3.0970470364833305 3.094597820243857 3.0921486040043837 3.0896993877649104 3.0872501715254375 3.084800955285964 3.0823517390464907 3.0799025228070134 3.07745330656754 3.0750040903280667 3.0725548740885937 3.0701056578491204 3.067656441609647 3.0652072253701736
3.2238046935866485 3.2194377715669447 3.215070849547241 3.210703927527537 3.2063370055078333 3.2019700834881295 3.1976031614684253 3.1932362394487215 3.1888693174290177 3.184502395409314 3.18013547338961 3.1757685513698988 3.171401629350195 3.167034707330491 3.162667785310787 3.158300863291083 3.1539339412713794 3.1495670192516756 3.145200097231972 3.1408331752122676 3.136466253192564 3.13209933117286 3.127732409153156 3.1233654871334524 3.118998565113741 3.1146316430940373 3.1102647210743335 3.1058977990546293 3.1015308770349255 3.0971639550152217 3.093700880802584 3.0912040403420646 3.0887071998815454 3.0862103594210257 3.0837135189605065 3.0812166784999873 3.078719838039468 3.0762229975789444 3.073726157118425 3.071229316657906 3.068732476197386 3.066235635736867 3.0637387952763477 3.0612419548158285
3.2209935383378814 3.216609270780208 3.2122250032225352 3.2078407356648624 3.203456468107189 3.1990722005495162 3.1946879329918434 3.1903036654341705 3.1859193978764972 3.1815351303188244 3.1771508627611516 3.1727665952034707 3.168382327645798 3.163998060088125 3.159613792530452 3.155229524972779 3.150845257415106 3.146460989857433 3.14207672229976 3.137692454742087 3.133308187184414 3.128923919626741 3.124539652069068 3.120155384511395 3.115771116953715 3.1113868493960415 3.1070025818383686 3.102618314280696 3.0982340467230225 3.0938497791653496 3.090354725121834 3.0878102604402686 3.0852657957587035 3.082721331077138 3.0801768663955724 3.077632401714007 3.0750879370324418 3.0725434723508718 3.0699990076693067 3.067454542987741 3.0649100783061756 3.06236561362461 3.059821148943045 3.0572766842614794
3.2181823830891156 3.2137807699934737 3.2093791568978314 3.2049775438021895 3.2005759307065476 3.196174317610905 3.1917727045152633 3.1873710914196214 3.182969478323979 3.178567865228337 3.174166252132695 3.1697646390370453 3.1653630259414034 3.1609614128457615 3.156559799750119 3.1521581866544772 3.1477565735588353 3.143354960463193 3.138953347367551 3.134551734271909 3.130150121176267 3.125748508080625 3.121346894984983 3.1169452818893406 3.112543668793691 3.1081420556980492 3.103740442602407 3.099338829506765 3.094937216411123 3.0905356033154807 3.0870085694410876 3.084416480538476 3.0818243916358647 3.0792323027332533 3.076640213830642 3.07404812492803 3.0714560360254186 3.0688639471228027 3.0662718582201913 3.06367976931758 3.061087680414968 3.0584955915123566 3.055903502609745 3.0533114137071338
3.218193824714182 3.2138094321155735 3.209425039516965 3.205040646918356 3.2006562543197474 3.1962718617211388 3.19188746912253 3.1875030765239214 3.1831186839253123 3.1787342913267036 3.174349898728095 3.1699655061294787 3.16558111353087 3.1611967209322613 3.1568123283336527 3.152427935735044 3.1480435431364353 3.143659150537826 3.1392747579392175 3.134890365340609 3.130505972742 3.1261215801433915 3.121737187544783 3.117352794946174 3.112968402347558 3.108584009748949 3.10419961715034 3.0998152245517314 3.0954308319531227 3.091046439354514 3.0875398767629334 3.084971734306669 3.082403591850405 3.079835449394141 3.077267306937877 3.074699164481613 3.072131022025349 3.0695628795690806 3.0669947371128163 3.064426594656552 3.0618584522002883 3.059290309744024 3.0567221672877603 3.054154024831496
3.221222444481106 3.2168922212921536 3.2125619981032005 3.2082317749142475 3.203901551725295 3.199571328536342 3.195241105347389 3.190910882158436 3.186580658969483 3.1822504357805306 3.1779202125915775 3.1735899894026174 3.1692597662136643 3.1649295430247117 3.1605993198357587 3.1562690966468057 3.151938873457853 3.1476086502689 3.143278427079947 3.1389482038909944 3.1346179807020413 3.1302877575130887 3.1259575343241357 3.1216273111351827 3.1172970879462225 3.1129668647572695 3.108636641568317 3.104306418379364 3.0999761951904112 3.095645972001458 3.0922159476270816 3.0897482561493073 3.0872805646715324 3.084812873193758 3.0823451817159833 3.0798774902382084 3.077409798760434 3.0749421072826553 3.0724744158048805 3.0700067243271056 3.0675390328493313 3.0650713413715565 3.0626036498937816 3.0601359584160073
