Figures/CREST_Example_wjb_NSE/PETs/wjb.pet.20091220.asc
ncols            288
nrows            254
xllcorner        113.274861
yllcorner        31.4918055
cellsize         0.008333333333
NODATA_value     -9999
[rows 171 to 189 of 254, columns 88 to 131 of 288]
0.5374479199610569 0.5365790818596494 0.5357102437582418 0.5348414056568328 0.5339725675554252 0.5331037294540177 0.5322348913526102 0.5313660532512026 0.530497215149795 0.5296283770483875 0.5287595389469799 0.5278907008455723 0.5270218627441648 0.5261530246427573 0.5253613441695083 0.5246521469453873 0.5239429497212652 0.5232337524971442 0.5225245552730232 0.5218153580489022 0.5211061608247812 0.5203969636006602 0.5196877663765394 0.5189785691524184 0.5182693719282974 0.5175601747041764 0.5168509774800554 0.5161417802559344 0.5154325830318134 0.5147233858076913 0.5140141885835703 0.5133049913594493 0.5125957941353283 0.5118865969112073 0.5111773996870864 0.5104682024629654 0.5097590052388444 0.5090498080147234 0.5083406107906024 0.5076314135664814 0.5069222163423605 0.5062130191182396 0.5055038218941174 0.5047946246699964
0.5376291543009731 0.5367532502624744 0.5358773462239758 0.5350014421854756 0.5341255381469769 0.5332496341084783 0.5323737300699796 0.5314978260314809 0.5306219219929822 0.5297460179544835 0.5288701139159848 0.5279942098774861 0.5271183058389874 0.5262424018004888 0.525446063182095 0.5247347817968626 0.524023500411629 0.5233122190263967 0.5226009376411644 0.5218896562559321 0.5211783748706997 0.5204670934854674 0.519755812100235 0.5190445307150027 0.5183332493297703 0.517621967944538 0.5169106865593057 0.5161994051740734 0.515488123788841 0.5147768424036074 0.5140655610183751 0.5133542796331427 0.5126429982479105 0.5119317168626781 0.5112204354774458 0.5105091540922134 0.5097978727069811 0.5090865913217487 0.5083753099365164 0.5076640285512841 0.5069527471660518 0.5062414657808194 0.5055301843955858 0.5048189030103535
0.5378103886408893 0.5369274186652995 0.5360444486897097 0.5351614787141183 0.5342785087385286 0.5333955387629388 0.5325125687873489 0.5316295988117591 0.5307466288361693 0.5298636588605795 0.5289806888849896 0.5280977189093998 0.52721474893381 0.5263317789582203 0.5255307821946815 0.5248174166483378 0.5241040511019929 0.5233906855556492 0.5226773200093054 0.5219639544629617 0.521250588916618 0.5205372233702743 0.5198238578239307 0.519110492277587 0.5183971267312433 0.5176837611848996 0.5169703956385558 0.5162570300922121 0.5155436645458684 0.5148302989995236 0.5141169334531799 0.5134035679068362 0.5126902023604925 0.5119768368141487 0.511263471267805 0.5105501057214613 0.5098367401751176 0.509123374628774 0.5084100090824303 0.5076966435360866 0.5069832779897429 0.5062699124433991 0.5055565468970542 0.5048431813507105
0.5379916229808056 0.5371015870681246 0.5362115511554437 0.5353215152427612 0.5344314793300803 0.5335414434173993 0.5326514075047184 0.5317613715920374 0.5308713356793565 0.5299812997666755 0.5290912638539946 0.5282012279413136 0.5273111920286327 0.5264211561159517 0.5256155012072681 0.524900051499813 0.5241846017923567 0.5234691520849016 0.5227537023774466 0.5220382526699916 0.5213228029625365 0.5206073532550815 0.5198919035476264 0.5191764538401713 0.5184610041327162 0.5177455544252612 0.5170301047178061 0.516314655010351 0.5155992053028959 0.5148837555954396 0.5141683058879846 0.5134528561805296 0.5127374064730745 0.5120219567656195 0.5113065070581644 0.5105910573507093 0.5098756076432542 0.5091601579357992 0.5084447082283441 0.507729258520889 0.5070138088134339 0.5062983591059789 0.5055829093985226 0.5048674596910676
0.5381728573207217 0.5372757554709497 0.5363786536211776 0.535481551771404 0.5345844499216319 0.5336873480718599 0.5327902462220878 0.5318931443723157 0.5309960425225436 0.5300989406727716 0.5292018388229995 0.5283047369732274 0.5274076351234553 0.5265105332736834 0.5257002202198547 0.5249826863512883 0.5242651524827207 0.5235476186141542 0.5228300847455878 0.5221125508770214 0.5213950170084549 0.5206774831398885 0.519959949271322 0.5192424154027556 0.5185248815341892 0.5178073476656228 0.5170898137970563 0.5163722799284899 0.5156547460599235 0.5149372121913558 0.5142196783227894 0.5135021444542229 0.5127846105856565 0.5120670767170901 0.5113495428485236 0.5106320089799572 0.5099144751113909 0.5091969412428244 0.508479407374258 0.5077618735056916 0.5070443396371251 0.5063268057685587 0.505609271899991 0.5048917380314246
0.5383540916606381 0.5374499238737749 0.5365457560869117 0.5356415883000469 0.5347374205131837 0.5338332527263205 0.5329290849394573 0.5320249171525941 0.531120749365731 0.5302165815788678 0.5293124137920044 0.5284082460051412 0.527504078218278 0.5265999104314149 0.5257849392324413 0.5250653212027635 0.5243457031730845 0.5236260851434067 0.5229064671137289 0.5221868490840511 0.5214672310543733 0.5207476130246956 0.5200279949950178 0.51930837696534 0.5185887589356623 0.5178691409059845 0.5171495228763067 0.5164299048466289 0.5157102868169511 0.5149906687872721 0.5142710507575943 0.5135514327279165 0.5128318146982387 0.5121121966685609 0.5113925786388831 0.5106729606092053 0.5099533425795275 0.5092337245498497 0.5085141065201719 0.5077944884904941 0.5070748704608163 0.5063552524311385 0.5056356344014595 0.5049160163717817
0.5385353260005543 0.5376240922766 0.5367128585526456 0.5358016248286898 0.5348903911047355 0.533979157380781 0.5330679236568268 0.5321566899328725 0.531245456208918 0.5303342224849638 0.5294229887610095 0.528511755037055 0.5276005213131008 0.5266892875891465 0.525869658245028 0.5251479560542388 0.5244262538634484 0.5237045516726593 0.5229828494818701 0.522261147291081 0.5215394451002918 0.5208177429095027 0.5200960407187135 0.5193743385279244 0.5186526363371352 0.5179309341463461 0.5172092319555569 0.5164875297647677 0.5157658275739786 0.5150441253831882 0.514322423192399 0.5136007210016098 0.5128790188108207 0.5121573166200315 0.5114356144292423 0.5107139122384532 0.509992210047664 0.5092705078568749 0.5085488056660857 0.5078271034752966 0.5071054012845074 0.5063836990937183 0.5056619969029279 0.5049402947121387
0.5385022999764819 0.5375942954704288 0.5366862909643756 0.5357782864583208 0.5348702819522676 0.5339622774462144 0.5330542729401613 0.5321462684341081 0.5312382639280548 0.5303302594220016 0.5294222549159485 0.5285142504098953 0.5276062459038421 0.5266982413977889 0.5258852973793875 0.5251739751717175 0.5244626529640461 0.5237513307563761 0.523040008548706 0.522328686341036 0.5216173641333659 0.5209060419256959 0.5201947197180258 0.5194833975103557 0.5187720753026857 0.5180607530950155 0.5173494308873455 0.5166381086796754 0.5159267864720053 0.5152154642643341 0.514504142056664 0.5137928198489939 0.5130814976413238 0.5123701754336538 0.5116588532259837 0.5109475310183136 0.5102362088106436 0.5095248866029735 0.5088135643953035 0.5081022421876333 0.5073909199799633 0.5066795977722932 0.505968275564622 0.5052569533569519
0.5382402431287427 0.5373464727123447 0.5364527022959467 0.5355589318795471 0.534665161463149 0.5337713910467509 0.5328776206303528 0.5319838502139548 0.5310900797975567 0.5301963093811587 0.5293025389647605 0.5284087685483625 0.5275149981319645 0.5266212277155664 0.5258270944782226 0.5251394756382036 0.5244518567981835 0.5237642379581646 0.5230766191181457 0.5223890002781268 0.5217013814381078 0.521013762598089 0.5203261437580701 0.5196385249180511 0.5189509060780322 0.5182632872380133 0.5175756683979944 0.5168880495579754 0.5162004307179565 0.5155128118779364 0.5148251930379175 0.5141375741978986 0.5134499553578796 0.5127623365178607 0.5120747176778419 0.511387098837823 0.510699479997804 0.5100118611577851 0.5093242423177662 0.5086366234777472 0.5079490046377283 0.5072613857977094 0.5065737669576893 0.5058861481176704
0.5379781862810036 0.5370986499542607 0.5362191136275177 0.5353395773007733 0.5344600409740304 0.5335805046472875 0.5327009683205446 0.5318214319938016 0.5309418956670586 0.5300623593403158 0.5291828230135728 0.5283032866868299 0.5274237503600869 0.5265442140333441 0.5257688915770578 0.52510497610469 0.524441060632321 0.5237771451599532 0.5231132296875854 0.5224493142152177 0.5217853987428499 0.5211214832704822 0.5204575677981145 0.5197936523257467 0.5191297368533789 0.5184658213810112 0.5178019059086434 0.5171379904362756 0.5164740749639078 0.5158101594915389 0.5151462440191711 0.5144823285468034 0.5138184130744357 0.5131544976020679 0.5124905821297001 0.5118266666573323 0.5111627511849646 0.5104988357125968 0.509834920240229 0.5091710047678613 0.5085070892954935 0.5078431738231257 0.5071792583507568 0.5065153428783891
0.5377161294332645 0.5368508271961767 0.5359855249590889 0.5351202227219997 0.5342549204849119 0.533389618247824 0.5325243160107362 0.5316590137736484 0.5307937115365606 0.5299284092994728 0.529063107062385 0.5281978048252972 0.5273325025882094 0.5264672003511216 0.5257106886758929 0.5250704765711762 0.5244302644664585 0.5237900523617419 0.5231498402570253 0.5225096281523086 0.521869416047592 0.5212292039428754 0.5205889918381588 0.5199487797334421 0.5193085676287256 0.5186683555240089 0.5180281434192923 0.5173879313145756 0.5167477192098591 0.5161075071051413 0.5154672950004247 0.5148270828957081 0.5141868707909915 0.5135466586862748 0.5129064465815583 0.5122662344768416 0.511626022372125 0.5109858102674083 0.5103455981626918 0.5097053860579751 0.5090651739532585 0.5084249618485419 0.5077847497438241 0.5071445376391075
0.5374540725855254 0.5366030044380927 0.53575193629066 0.5349008681432259 0.5340497999957932 0.5331987318483605 0.5323476637009279 0.5314965955534952 0.5306455274060625 0.5297944592586298 0.5289433911111971 0.5280923229637645 0.5272412548163318 0.5263901866688991 0.5256524857747279 0.5250359770376624 0.5244194683005958 0.5238029595635304 0.523186450826465 0.5225699420893994 0.521953433352334 0.5213369246152685 0.5207204158782031 0.5201039071411375 0.5194873984040721 0.5188708896670067 0.5182543809299411 0.5176378721928757 0.5170213634558102 0.5164048547187436 0.5157883459816782 0.5151718372446128 0.5145553285075473 0.5139388197704818 0.5133223110334163 0.5127058022963509 0.5120892935592855 0.5114727848222199 0.5108562760851545 0.510239767348089 0.5096232586110235 0.509006749873958 0.5083902411368916 0.507773732399826
0.537192015737786 0.5363551816800084 0.5355183476222309 0.5346815135644519 0.5338446795066744 0.5330078454488969 0.5321710113911193 0.5313341773333418 0.5304973432755643 0.5296605092177867 0.5288236751600092 0.5279868411022317 0.5271500070444541 0.5263131729866766 0.5255942828735629 0.5250014775041486 0.5244086721347333 0.523815866765319 0.5232230613959047 0.5226302560264904 0.5220374506570761 0.5214446452876618 0.5208518399182475 0.5202590345488332 0.5196662291794188 0.5190734238100045 0.5184806184405902 0.5178878130711759 0.5172950077017616 0.5167022023323463 0.516109396962932 0.5155165915935177 0.5149237862241034 0.5143309808546891 0.5137381754852749 0.5131453701158606 0.5125525647464463 0.511959759377032 0.5113669540076177 0.5107741486382034 0.5101813432687891 0.5095885378993747 0.5089957325299594 0.5084029271605451
0.5369299588900469 0.5361073589219245 0.5352847589538021 0.5344621589856783 0.5336395590175559 0.5328169590494335 0.5319943590813111 0.5311717591131887 0.5303491591450662 0.5295265591769438 0.5287039592088214 0.527881359240699 0.5270587592725766 0.5262361593044542 0.525536079972398 0.5249669779706349 0.5243978759688708 0.5238287739671076 0.5232596719653444 0.5226905699635813 0.5221214679618181 0.5215523659600549 0.5209832639582919 0.5204141619565287 0.5198450599547655 0.5192759579530024 0.5187068559512392 0.518137753949476 0.5175686519477128 0.5169995499459488 0.5164304479441856 0.5158613459424225 0.5152922439406593 0.5147231419388961 0.514154039937133 0.5135849379353699 0.5130158359336067 0.5124467339318436 0.5118776319300804 0.5113085299283172 0.510739427926554 0.510170325924791 0.5096012239230268 0.5090321219212637
0.5366679020423077 0.5358595361638405 0.5350511702853732 0.5342428044069045 0.5334344385284373 0.53262607264997 0.5318177067715028 0.5310093408930354 0.5302009750145682 0.529392609136101 0.5285842432576336 0.5277758773791664 0.5269675115006991 0.5261591456222319 0.5254778770712332 0.5249324784371211 0.5243870798030082 0.5238416811688962 0.5232962825347842 0.5227508839006721 0.5222054852665602 0.5216600866324482 0.5211146879983362 0.5205692893642242 0.5200238907301121 0.5194784920960002 0.5189330934618881 0.5183876948277761 0.5178422961936642 0.5172968975595512 0.5167514989254391 0.5162061002913272 0.5156607016572152 0.5151153030231032 0.5145699043889912 0.5140245057548791 0.5134791071207672 0.5129337084866551 0.5123883098525431 0.5118429112184312 0.5112975125843191 0.5107521139502071 0.5102067153160942 0.5096613166819821
0.5364058451945686 0.5356117134057564 0.5348175816169443 0.5340234498281308 0.5332293180393186 0.5324351862505065 0.5316410544616943 0.5308469226728822 0.5300527908840701 0.5292586590952579 0.5284645273064458 0.5276703955176336 0.5268762637288215 0.5260821319400093 0.5254196741700682 0.5248979789036073 0.5243762836371456 0.5238545883706848 0.5233328931042239 0.522811197837763 0.5222895025713021 0.5217678073048413 0.5212461120383804 0.5207244167719196 0.5202027215054588 0.5196810262389979 0.5191593309725371 0.5186376357060762 0.5181159404396154 0.5175942451731537 0.5170725499066927 0.5165508546402319 0.516029159373771 0.5155074641073102 0.5149857688408493 0.5144640735743885 0.5139423783079277 0.5134206830414668 0.512898987775006 0.5123772925085451 0.5118555972420843 0.5113339019756233 0.5108122067091616 0.5102905114427008
0.5361437883468295 0.5353638906476724 0.5345839929485154 0.5338040952493571 0.5330241975502001 0.532244299851043 0.5314644021518861 0.5306845044527291 0.529904606753572 0.529124709054415 0.528344811355258 0.527564913656101 0.5267850159569439 0.526005118257787 0.5253614712689033 0.5248634793700936 0.5243654874712831 0.5238674955724734 0.5233695036736636 0.5228715117748539 0.5223735198760442 0.5218755279772346 0.5213775360784249 0.5208795441796151 0.5203815522808054 0.5198835603819957 0.519385568483186 0.5188875765843763 0.5183895846855666 0.517891592786756 0.5173936008879463 0.5168956089891367 0.5163976170903269 0.5158996251915172 0.5154016332927075 0.5149036413938978 0.5144056494950882 0.5139076575962784 0.5134096656974687 0.512911673798659 0.5124136818998493 0.5119156900010395 0.511417698102229 0.5109197062034193
0.5358817314990902 0.5351160678895884 0.5343504042800865 0.5335847406705834 0.5328190770610814 0.5320534134515795 0.5312877498420777 0.5305220862325758 0.5297564226230739 0.528990759013572 0.5282250954040701 0.5274594317945682 0.5266937681850663 0.5259281045755645 0.5253032683677383 0.5248289798365797 0.5243546913054205 0.5238804027742618 0.5234061142431033 0.5229318257119447 0.5224575371807862 0.5219832486496276 0.521508960118469 0.5210346715873105 0.5205603830561519 0.5200860945249934 0.5196118059938348 0.5191375174626763 0.5186632289315177 0.5181889404003585 0.5177146518691998 0.5172403633380412 0.5167660748068827 0.5162917862757241 0.5158174977445656 0.515343209213407 0.5148689206822485 0.5143946321510899 0.5139203436199314 0.5134460550887728 0.5129717665576143 0.5124974780264557 0.5120231894952963 0.5115489009641379
0.535619674651351 0.5348682451315042 0.5341168156116575 0.5333653860918094 0.5326139565719626 0.5318625270521159 0.5311110975322691 0.5303596680124224 0.5296082384925757 0.5288568089727289 0.5281053794528822 0.5273539499330354 0.5266025204131887 0.5258510908933419 0.5252450654665733 0.524794480303066 0.5243438951395578 0.5238933099760504 0.5234427248125431 0.5229921396490357 0.5225415544855283 0.5220909693220209 0.5216403841585135 0.5211897989950062 0.5207392138314988 0.5202886286679914 0.5198380435044839 0.5193874583409765 0.5189368731774692 0.518486288013961 0.5180357028504536 0.5175851176869463 0.5171345325234389 0.5166839473599315 0.5162333621964241 0.5157827770329168 0.5153321918694094 0.514881606705902 0.5144310215423946 0.5139804363788872 0.5135298512153799 0.5130792660518725 0.5126286808883643 0.512178095724857
