Figures/CREST_Example_wjb_NSE/PETs/wjb.pet.20090602.asc
ncols            288
nrows            254
xllcorner        113.274861
yllcorner        31.4918055
cellsize         0.008333333333
NODATA_value     -9999
[rows 120 to 139 of 254, columns 132 to 175 of 288]
2.7685567576854404 2.765575985995568 2.762595214305695 2.7596144426158222 2.7566336709259494 2.753652899236077 2.750672127546204 2.747691355856331 2.7447105841664583 2.741729812476586 2.738749040786713 2.7357682690968352 2.7327874974069624 2.7298067257170895 2.7268259540272166 2.7238451823373437 2.7208644106474713 2.7178836389575984 2.7149028672677256 2.7119220955778527 2.7089413238879803 2.7059605521981074 2.7029797805082345 2.6999990088183616 2.697018237128484 2.694037465438611 2.6910566937487386 2.6880759220588657 2.685095150368993 2.68211437867912 2.6800788177389445 2.6790537084722503 2.6780285992055566 2.677003489938863 2.6759783806721686 2.674953271405475 2.6739281621387807 2.672903052872085 2.671877943605391 2.6708528343386972 2.6698277250720035 2.6688026158053093 2.6677775065386156 2.6667523972719214
2.7624629510352263 2.759438689764533 2.7564144284938394 2.753390167223146 2.7503659059524526 2.747341644681759 2.7443173834110657 2.7412931221403727 2.7382688608696792 2.735244599598986 2.7322203383282924 2.7291960770575936 2.7261718157869 2.7231475545162067 2.7201232932455133 2.71709903197482 2.7140747707041264 2.7110505094334334 2.70802624816274 2.7050019868920465 2.701977725621353 2.6989534643506596 2.695929203079966 2.6929049418092728 2.689880680538574 2.6868564192678805 2.6838321579971876 2.680807896726494 2.6777836354558007 2.6747593741851072 2.672676378288146 2.67159961636851 2.6705228544488744 2.6694460925292383 2.6683693306096026 2.6672925686899664 2.6662158067703308 2.665139044850693 2.664062282931057 2.662985521011421 2.6619087590917854 2.6608319971721492 2.6597552352525136 2.6586784733328774
2.756369144385012 2.753301393533498 2.750233642681984 2.7471658918304698 2.7440981409789558 2.7410303901274413 2.7379626392759273 2.7348948884244133 2.7318271375728993 2.7287593867213853 2.7256916358698713 2.722623885018352 2.719556134166838 2.716488383315324 2.71342063246381 2.710352881612296 2.707285130760782 2.704217379909268 2.701149629057754 2.69808187820624 2.695014127354726 2.6919463765032114 2.6888786256516974 2.6858108748001834 2.682743123948664 2.67967537309715 2.676607622245636 2.673539871394122 2.670472120542608 2.667404369691094 2.665273938837348 2.66414552426477 2.6630171096921917 2.661888695119614 2.660760280547036 2.6596318659744584 2.6585034514018804 2.6573750368293005 2.6562466222567225 2.655118207684145 2.653989793111567 2.652861378538989 2.651732963966411 2.650604549393833
2.7502753377347977 2.7471640973024627 2.744052856870128 2.7409416164377935 2.737830376005459 2.734719135573124 2.7316078951407894 2.728496654708455 2.7253854142761202 2.7222741738437857 2.7191629334114507 2.7160516929791108 2.712940452546776 2.7098292121144416 2.706717971682107 2.703606731249772 2.7004954908174374 2.697384250385103 2.6942730099527683 2.6911617695204337 2.6880505290880987 2.684939288655764 2.6818280482234296 2.678716807791095 2.675605567358755 2.67249432692642 2.6693830864940855 2.666271846061751 2.6631606056294164 2.660049365197082 2.6578714993865495 2.65669143216103 2.65551136493551 2.65433129770999 2.6531512304844704 2.6519711632589504 2.6507910960334304 2.6496110288079087 2.6484309615823887 2.647250894356869 2.646070827131349 2.644890759905829 2.6437106926803096 2.6425306254547896
2.744181531084578 2.7410268010714227 2.737872071058267 2.734717341045112 2.7315626110319564 2.7284078810188013 2.725253151005646 2.7220984209924906 2.7189436909793354 2.71578896096618 2.7126342309530247 2.709479500939864 2.7063247709267086 2.703170040913553 2.700015310900398 2.6968605808872423 2.693705850874087 2.690551120860932 2.6873963908477765 2.6842416608346213 2.6810869308214658 2.6779322008083106 2.674777470795155 2.671622740782 2.668468010768839 2.665313280755684 2.6621585507425283 2.659003820729373 2.6558490907162176 2.6526943607030624 2.650469059935745 2.649237340057283 2.648005620178821 2.6467739003003596 2.6455421804218977 2.6443104605434358 2.643078740664974 2.6418470207865097 2.6406153009080477 2.639383581029586 2.6381518611511243 2.6369201412726624 2.6356884213942005 2.6344567015157385
2.7380877244343633 2.734889504840387 2.7316912852464115 2.7284930656524353 2.7252948460584596 2.7220966264644835 2.7188984068705078 2.7157001872765316 2.712501967682556 2.7093037480885798 2.7061055284946036 2.7029073089006226 2.6997090893066464 2.6965108697126707 2.6933126501186946 2.6901144305247184 2.6869162109307427 2.6837179913367666 2.680519771742791 2.6773215521488147 2.674123332554839 2.670925112960863 2.667726893366887 2.664528673772911 2.6613304541789295 2.658132234584954 2.6549340149909777 2.651735795397002 2.648537575803026 2.6453393562090497 2.643066620484947 2.6417832479535432 2.6404998754221394 2.6392165028907355 2.6379331303593316 2.6366497578279278 2.635366385296524 2.634083012765118 2.632799640233714 2.63151626770231 2.630232895170906 2.6289495226395023 2.6276661501080985 2.6263827775766946
2.7319939177841492 2.7287522086093525 2.725510499434556 2.722268790259759 2.719027081084963 2.715785371910166 2.7125436627353694 2.709301953560573 2.7060602443857764 2.7028185352109797 2.699576826036183 2.696335116861381 2.6930934076865847 2.689851698511788 2.6866099893369912 2.6833682801621945 2.6801265709873983 2.6768848618126015 2.673643152637805 2.6704014434630086 2.667159734288212 2.663918025113415 2.6606763159386184 2.657434606763822 2.6541928975890197 2.6509511884142234 2.6477094792394267 2.64446777006463 2.6412260608898337 2.637984351715037 2.635664181034149 2.634329155849803 2.632994130665457 2.6316591054811114 2.6303240802967656 2.6289890551124193 2.6276540299280735 2.6263190047437255 2.6249839795593797 2.623648954375034 2.622313929190688 2.6209789040063423 2.6196438788219965 2.6183088536376506
2.7259001111339343 2.722614912378317 2.7193297136227 2.716044514867083 2.7127593161114656 2.7094741173558483 2.706188918600231 2.7029037198446138 2.6996185210889965 2.6963333223333796 2.6930481235777624 2.6897629248221393 2.686477726066522 2.683192527310905 2.679907328555288 2.6766221297996706 2.6733369310440533 2.670051732288436 2.666766533532819 2.6634813347772015 2.6601961360215847 2.6569109372659674 2.65362573851035 2.650340539754733 2.64705534099911 2.643770142243493 2.6404849434878757 2.6371997447322584 2.633914545976641 2.630629347221024 2.6282617415833505 2.6268750637460627 2.6254883859087745 2.624101708071487 2.622715030234199 2.6213283523969113 2.6199416745596236 2.618554996722333 2.6171683188850454 2.6157816410477577 2.61439496321047 2.613008285373182 2.6116216075358945 2.6102349296986063
2.71980630448372 2.7164776161472823 2.7131489278108445 2.7098202394744066 2.706491551137969 2.703162862801531 2.699834174465093 2.6965054861286553 2.6931767977922174 2.6898481094557796 2.6865194211193417 2.683190732782898 2.6798620444464603 2.6765333561100224 2.6732046677735846 2.6698759794371467 2.666547291100709 2.663218602764271 2.659889914427833 2.6565612260913953 2.6532325377549575 2.6499038494185196 2.646575161082082 2.643246472745644 2.6399177844092008 2.636589096072763 2.633260407736325 2.6299317193998872 2.6266030310634494 2.6232743427270115 2.6208593021325526 2.6194209716423225 2.617982641152093 2.616544310661863 2.615105980171633 2.6136676496814033 2.6122293191911736 2.6107909887009413 2.6093526582107116 2.6079143277204815 2.606475997230252 2.605037666740022 2.6035993362497925 2.6021610057595623
2.7137124978335057 2.7103403199162472 2.706968141998989 2.70359596408173 2.7002237861644716 2.696851608247213 2.6934794303299547 2.6901072524126963 2.686735074495438 2.6833628965781795 2.6799907186609206 2.6766185407436565 2.673246362826398 2.6698741849091396 2.6665020069918812 2.663129829074623 2.6597576511573644 2.656385473240106 2.6530132953228476 2.6496411174055887 2.6462689394883303 2.642896761571072 2.6395245836538135 2.636152405736555 2.632780227819291 2.6294080499020325 2.626035871984774 2.622663694067515 2.619291516150257 2.6159193382329984 2.613456862681754 2.611966879538582 2.6104768963954106 2.6089869132522385 2.607496930109067 2.6060069469658953 2.6045169638227232 2.603026980679549 2.6015369975363773 2.6000470143932057 2.5985570312500337 2.597067048106862 2.59557706496369 2.5940870818205184
2.707618691183291 2.704203023685212 2.700787356187133 2.697371688689054 2.6939560211909748 2.690540353692896 2.687124686194817 2.683709018696738 2.6802933511986584 2.6768776837005794 2.6734620162025005 2.6700463487044153 2.6666306812063363 2.6632150137082573 2.6597993462101783 2.656383678712099 2.65296801121402 2.649552343715941 2.646136676217862 2.6427210087197825 2.6393053412217036 2.6358896737236246 2.6324740062255456 2.629058338727466 2.6256426712293814 2.6222270037313025 2.618811336233223 2.615395668735144 2.611980001237065 2.608564333738986 2.606054423230956 2.6045127874348424 2.6029711516387284 2.601429515842615 2.599887880046501 2.5983462442503873 2.5968046084542733 2.595262972658157 2.593721336862043 2.5921797010659295 2.590638065269816 2.589096429473702 2.5875547936775884 2.5860131578814745
2.7015248845330717 2.698065727454172 2.694606570375272 2.6911474132963726 2.6876882562174726 2.684229099138573 2.680769942059673 2.6773107849807736 2.6738516279018736 2.670392470822974 2.666933313744074 2.6634741566651683 2.6600149995862687 2.6565558425073688 2.653096685428469 2.6496375283495692 2.6461783712706697 2.6427192141917697 2.63926005711287 2.63580090003397 2.6323417429550706 2.6288825858761706 2.625423428797271 2.621964271718371 2.618505114639466 2.615045957560566 2.6115868004816662 2.6081276434027663 2.6046684863238667 2.6012093292449667 2.5986519837801514 2.5970586953310955 2.59546540688204 2.593872118432984 2.592278829983928 2.5906855415348726 2.5890922530858167 2.587498964636758 2.5859056761877026 2.5843123877386467 2.5827190992895908 2.5811258108405353 2.5795325223914793 2.577939233942424
2.695431077882857 2.6919284312231366 2.6884257845634165 2.684923137903696 2.6814204912439754 2.6779178445842553 2.6744151979245347 2.670912551264814 2.667409904605094 2.6639072579453735 2.660404611285653 2.6569019646259266 2.6533993179662065 2.649896671306486 2.6463940246467654 2.6428913779870453 2.6393887313273248 2.6358860846676047 2.632383438007884 2.6288807913481635 2.6253781446884434 2.621875498028723 2.6183728513690023 2.614870204709282 2.611367558049556 2.6078649113898353 2.604362264730115 2.6008596180703947 2.597356971410674 2.5938543247509536 2.591249544329353 2.589604603227355 2.5879596621253573 2.58631472102336 2.584669779921362 2.583024838819364 2.5813798977173663 2.579734956615366 2.5780900155133684 2.5764450744113705 2.5748001333093726 2.5731551922073748 2.5715102511053773 2.5698653100033795
2.689337271232643 2.685791134992102 2.682244998751561 2.6786988625110197 2.6751527262704786 2.671606590029938 2.668060453789397 2.6645143175488557 2.6609681813083146 2.657422045067774 2.653875908827233 2.6503297725866855 2.6467836363461448 2.6432375001056037 2.6396913638650625 2.6361452276245214 2.6325990913839807 2.6290529551434396 2.6255068189028985 2.6219606826623574 2.6184145464218163 2.6148684101812756 2.6113222739407345 2.6077761377001933 2.6042300014596464 2.6006838652191053 2.597137728978564 2.593591592738023 2.5900454564974824 2.5864993202569413 2.583847104878555 2.5821505111236154 2.5804539173686756 2.5787573236137358 2.577060729858796 2.5753641361038566 2.573667542348917 2.571970948593974 2.570274354839034 2.5685777610840947 2.566881167329155 2.565184573574215 2.5634879798192753 2.5617913860643355
2.6832434645824286 2.679653838761067 2.676064212939705 2.6724745871183435 2.6688849612969823 2.6652953354756206 2.661705709654259 2.658116083832897 2.6545264580115355 2.650936832190174 2.647347206368812 2.6437575805474443 2.6401679547260826 2.636578328904721 2.632988703083359 2.6293990772619975 2.625809451440636 2.622219825619274 2.6186301997979125 2.615040573976551 2.6114509481551895 2.607861322333828 2.604271696512466 2.6006820706911045 2.5970924448697366 2.593502819048375 2.589913193227013 2.5863235674056515 2.58273394158429 2.579144315762928 2.576444665427757 2.574696419019875 2.5729481726119934 2.5711999262041116 2.56945167979623 2.567703433388348 2.5659551869804664 2.564206940572582 2.5624586941647003 2.5607104477568186 2.558962201348937 2.557213954941055 2.5554657085331733 2.5537174621252916
2.677149657932214 2.673516542530032 2.6698834271278495 2.6662503117256673 2.662617196323485 2.658984080921303 2.6553509655191205 2.6517178501169383 2.648084734714756 2.6444516193125738 2.6408185039103915 2.637185388508203 2.6335522731060204 2.629919157703838 2.626286042301656 2.6226529268994736 2.6190198114972914 2.615386696095109 2.611753580692927 2.6081204652907446 2.6044873498885623 2.60085423448638 2.597221119084198 2.5935880036820156 2.589954888279827 2.586321772877645 2.5826886574754626 2.5790555420732804 2.575422426671098 2.571789311268916 2.5690422259769585 2.567242326916135 2.565442427855311 2.5636425287944875 2.561842629733664 2.56004273067284 2.5582428316120165 2.5564429325511897 2.554643033490366 2.5528431344295424 2.5510432353687187 2.549243336307895 2.5474434372470713 2.5456435381862477
2.671055851282 2.667379246298997 2.663702641315994 2.660026036332991 2.6563494313499882 2.6526728263669854 2.648996221383982 2.6453196164009793 2.6416430114179765 2.6379664064349737 2.634289801451971 2.6306131964689614 2.6269365914859586 2.6232599865029558 2.619583381519953 2.6159067765369497 2.612230171553947 2.608553566570944 2.6048769615879412 2.601200356604938 2.597523751621935 2.5938471466389323 2.5901705416559295 2.5864939366729267 2.5828173316899172 2.5791407267069144 2.5754641217239116 2.5717875167409088 2.5681109117579055 2.5644343067749027 2.56163978652616 2.5597882348123946 2.557936683098629 2.5560851313848634 2.5542335796710978 2.552382027957332 2.5505304762435665 2.5486789245297974 2.5468273728160318 2.544975821102266 2.5431242693885006 2.541272717674735 2.5394211659609693 2.5375696142472037
2.6649620446317797 2.6612419500679563 2.657521855504133 2.653801760940309 2.6500816663764857 2.646361571812662 2.6426414772488385 2.6389213826850146 2.6352012881211913 2.631481193557368 2.627761098993544 2.624041004429714 2.6203209098658906 2.6166008153020672 2.6128807207382434 2.60916062617442 2.605440531610596 2.601720437046773 2.5980003424829494 2.5942802479191256 2.590560153355302 2.5868400587914784 2.583119964227655 2.579399869663831 2.5756797751000016 2.5719596805361777 2.5682395859723544 2.5645194914085305 2.560799396844707 2.5570793022808838 2.5542373470753557 2.552334142708648 2.5504309383419406 2.5485277339752326 2.546624529608525 2.5447213252418175 2.5428181208751095 2.540914916508399 2.539011712141691 2.5371085077749833 2.5352053034082758 2.533302099041568 2.5313988946748602 2.5294956903081527
2.6588682379815656 2.6551046538369216 2.6513410696922772 2.647577485547633 2.643813901402989 2.6400503172583445 2.6362867331137005 2.632523148969056 2.628759564824412 2.624995980679768 2.621232396535124 2.6174688123904732 2.613705228245829 2.6099416441011845 2.6061780599565405 2.602414475811896 2.598650891667252 2.5948873075226078 2.591123723377964 2.5873601392333194 2.5835965550886755 2.579832970944031 2.5760693867993867 2.5723058026547427 2.568542218510092 2.5647786343654477 2.561015050220804 2.5572514660761594 2.5534878819315154 2.549724297786871 2.5468349076245578 2.5448800506049083 2.5429251935852584 2.540970336565609 2.539015479545959 2.5370606225263095 2.53510576550666 2.533150908487007 2.531196051467357 2.5292411944477076 2.5272863374280576 2.525331480408408 2.5233766233887587 2.5214217663691088
2.6527744313313515 2.6489673576058865 2.6451602838804216 2.641353210154957 2.637546136429492 2.633739062704027 2.629931988978562 2.6261249152530977 2.6223178415276327 2.6185107678021677 2.614703694076703 2.6108966203512316 2.6070895466257666 2.603282472900302 2.599475399174837 2.595668325449372 2.5918612517239077 2.5880541779984427 2.5842471042729778 2.580440030547513 2.5766329568220483 2.5728258830965833 2.5690188093711184 2.5652117356456534 2.5614046619201822 2.5575975881947173 2.5537905144692528 2.549983440743788 2.546176367018323 2.542369293292858 2.5394324681737594 2.5374259585011676 2.535419448828576 2.5334129391559843 2.531406429483393 2.529399919810801 2.5273934101382096 2.5253869004656146 2.523380390793023 2.5213738811204314 2.5193673714478395 2.517360861775248 2.5153543521026562 2.513347842430065
