Figures/CREST_Example_wjb_NSE/PETs/wjb.pet.20100611.asc
ncols            288
nrows            254
xllcorner        113.274861
yllcorner        31.4918055
cellsize         0.008333333333
NODATA_value     -9999
[rows 40 to 59 of 254, columns 132 to 175 of 288]
3.2272225568437327 3.226220497624647 3.2252184384055607 3.2242163791864744 3.223214319967388 3.2222122607483024 3.221210201529216 3.22020814231013 3.219206083091044 3.218204023871958 3.2172019646528716 -9999.0 -9999.0 -9999.0 -9999.0 -9999.0 -9999.0 -9999.0 -9999.0 -9999.0 -9999.0 -9999.0 -9999.0 -9999.0 -9999.0 -9999.0 -9999.0 -9999.0 -9999.0 -9999.0 -9999.0 -9999.0 -9999.0 -9999.0 -9999.0 -9999.0 -9999.0 -9999.0 -9999.0 -9999.0 -9999.0 -9999.0 -9999.0 -9999.0
3.228104011049513 3.2269780125471725 3.225852014044832 3.2247260155424917 3.2236000170401513 3.222474018537811 3.2213480200354705 3.22022202153313 3.2190960230307897 3.2179700245284493 3.216844026026109 3.2157180275237667 -9999.0 -9999.0 -9999.0 3.211214033514405 3.2100880350120646 -9999.0 -9999.0 -9999.0 -9999.0 -9999.0 -9999.0 -9999.0 -9999.0 -9999.0 -9999.0 -9999.0 -9999.0 -9999.0 -9999.0 -9999.0 -9999.0 -9999.0 -9999.0 -9999.0 -9999.0 -9999.0 -9999.0 -9999.0 -9999.0 -9999.0 -9999.0 -9999.0
3.228985465255293 3.2277355274696986 3.2264855896841036 3.225235651898509 3.2239857141129145 3.22273577632732 3.221485838541725 3.2202359007561303 3.2189859629705357 3.217736025184941 3.216486087399346 3.2152361496137494 3.213986211828155 3.2127362740425602 3.2114863362569657 3.2102363984713707 3.208986460685776 -9999.0 -9999.0 3.205236647328992 3.2039867095433974 3.202736771757803 3.2014868339722082 -9999.0 -9999.0 -9999.0 -9999.0 -9999.0 -9999.0 -9999.0 -9999.0 -9999.0 -9999.0 -9999.0 -9999.0 -9999.0 -9999.0 -9999.0 -9999.0 -9999.0 -9999.0 -9999.0 -9999.0 -9999.0
3.2298669194610734 3.2284930423922242 3.2271191653233755 3.2257452882545263 3.224371411185677 3.2229975341168284 3.2216236570479793 3.2202497799791305 3.2188759029102814 3.2175020258414326 3.2161281487725835 3.214754271703732 3.2133803946348833 3.212006517566034 3.2106326404971854 3.2092587634283363 3.2078848863594875 3.2065110092906384 3.2051371322217896 3.2037632551529405 3.2023893780840913 3.2010155010152426 3.1996416239463934 3.1982677468775447 -9999.0 -9999.0 -9999.0 -9999.0 -9999.0 -9999.0 -9999.0 -9999.0 -9999.0 -9999.0 -9999.0 -9999.0 -9999.0 -9999.0 -9999.0 -9999.0 -9999.0 -9999.0 -9999.0 -9999.0
3.2307483736668536 3.2292505573147503 3.227752740962647 3.2262549246105436 3.2247571082584403 3.223259291906337 3.221761475554234 3.2202636592021308 3.2187658428500274 3.217268026497924 3.2157702101458208 3.214272393793715 3.212774577441612 3.2112767610895085 3.209778944737405 3.2082811283853023 3.206783312033199 3.2052854956810957 3.2037876793289923 3.202289862976889 3.200792046624786 3.199294230272683 3.1977964139205795 3.196298597568476 3.1948007812163706 -9999.0 -9999.0 -9999.0 -9999.0 -9999.0 -9999.0 -9999.0 -9999.0 -9999.0 -9999.0 -9999.0 -9999.0 -9999.0 -9999.0 -9999.0 -9999.0 -9999.0 -9999.0 -9999.0
3.2316298278726334 3.230008072237276 3.2283863166019184 3.226764560966561 3.2251428053312035 3.223521049695846 3.2218992940604885 3.220277538425131 3.2186557827897735 3.217034027154416 3.2154122715190585 3.213790515883698 3.2121687602483404 3.210547004612983 3.2089252489776254 3.207303493342268 3.2056817377069105 3.204059982071553 3.2024382264361955 3.200816470800838 3.1991947151654805 3.1975729595301225 3.195951203894765 3.1943294482594076 3.1927076926240474 -9999.0 3.1894641813533324 3.187842425717975 3.1862206700826174 -9999.0 -9999.0 -9999.0 -9999.0 -9999.0 -9999.0 -9999.0 -9999.0 -9999.0 -9999.0 -9999.0 -9999.0 -9999.0 -9999.0 -9999.0
3.2325112820784145 3.2307655871598024 3.229019892241191 3.2272741973225787 3.225528502403967 3.223782807485355 3.222037112566743 3.220291417648131 3.218545722729519 3.2168000278109075 3.2150543328922954 3.2133086379736806 3.2115629430550685 3.2098172481364564 3.2080715532178448 3.2063258582992327 3.204580163380621 3.202834468462009 3.201088773543397 3.199343078624785 3.197597383706173 3.1958516887875614 3.1941059938689493 3.1923602989503372 3.1906146040317225 3.1888689091131104 3.1871232141944987 3.1853775192758866 3.183631824357275 -9999.0 -9999.0 -9999.0 -9999.0 -9999.0 -9999.0 -9999.0 -9999.0 -9999.0 -9999.0 -9999.0 -9999.0 -9999.0 -9999.0 -9999.0
3.2333927362841948 3.2315231020823285 3.2296534678804623 3.227783833678596 3.2259141994767297 3.2240445652748635 3.2221749310729972 3.220305296871131 3.218435662669265 3.216566028467399 3.2146963942655327 3.2128267600636633 3.210957125861797 3.209087491659931 3.2072178574580645 3.2053482232561983 3.203478589054332 3.2016089548524658 3.1997393206505995 3.1978696864487333 3.196000052246867 3.194130418045001 3.192260783843135 3.1903911496412687 3.1885215154393993 3.186651881237533 3.184782247035667 3.1829126128338006 -9999.0 -9999.0 -9999.0 -9999.0 -9999.0 -9999.0 -9999.0 -9999.0 -9999.0 -9999.0 -9999.0 -9999.0 -9999.0 -9999.0 -9999.0 -9999.0
3.234274190489975 3.2322806170048546 3.2302870435197337 3.2282934700346133 3.226299896549493 3.2243063230643725 3.222312749579252 3.220319176094131 3.218325602609011 3.2163320291238904 3.21433845563877 3.212344882153646 3.2103513086685256 3.208357735183405 3.2063641616982848 3.204370588213164 3.2023770147280435 3.200383441242923 3.1983898677578027 3.1963962942726822 3.1944027207875614 3.192409147302441 3.1904155738173205 3.1884220003322 3.186428426847076 3.1844348533619558 3.1824412798768353 3.180447706391715 3.178454132906594 3.1764605594214737 3.1753065027497156 -9999.0 -9999.0 -9999.0 -9999.0 -9999.0 -9999.0 -9999.0 -9999.0 -9999.0 -9999.0 -9999.0 -9999.0 -9999.0
3.2351556446957552 3.23303813192738 3.2309206191590056 3.2288031063906306 3.226685593622256 3.224568080853881 3.2224505680855065 3.2203330553171314 3.218215542548757 3.2160980297803823 3.2139805170120073 3.211863004243629 3.209745491475254 3.2076279787068795 3.2055104659385045 3.20339295317013 3.201275440401755 3.1991579276333804 3.1970404148650053 3.1949229020966308 3.192805389328256 3.190687876559881 3.1885703637915066 3.1864528510231316 3.1843353382547535 3.1822178254863784 3.180100312718004 3.177982799949629 3.1758652871812543 3.1737477744128793 3.172512995895845 3.1722218802622395 3.171930764628634 3.1716396489950283 -9999.0 -9999.0 -9999.0 -9999.0 -9999.0 -9999.0 -9999.0 -9999.0 -9999.0 -9999.0
3.236037098901535 3.2337956468499063 3.231554194798277 3.229312742746648 3.2270712906950187 3.22482983864339 3.222588386591761 3.2203469345401317 3.2181054824885025 3.2158640304368737 3.2136225783852446 3.211381126333612 3.2091396742819827 3.2068982222303535 3.2046567701787243 3.2024153181270956 3.2001738660754664 3.197932414023837 3.195690961972208 3.1934495099205793 3.19120805786895 3.188966605817321 3.1867251537656918 3.184483701714063 3.18224224966243 3.180000797610801 3.177759345559172 3.1755178935075428 3.1732764414559136 3.171034989404285 3.1697194890419746 3.169393851981934 3.169068214921893 3.168742577861852 3.1684169408018112 3.1680913037417704 3.1677656666817295 -9999.0 -9999.0 -9999.0 -9999.0 -9999.0 -9999.0 -9999.0
3.236918553107315 3.2345531617724315 3.232187770437548 3.229822379102665 3.2274569877677814 3.225091596432898 3.2227262050980148 3.2203608137631314 3.217995422428248 3.2156300310933648 3.2132646397584814 3.210899248423594 3.2085338570887108 3.2061684657538274 3.203803074418944 3.2014376830840607 3.1990722917491774 3.196706900414294 3.194341509079411 3.191976117744528 3.1896107264096445 3.187245335074761 3.184879943739878 3.1825145524049945 3.180149161070107 3.177783769735224 3.1754183784003405 3.173052987065457 3.170687595730574 3.1683222043956905 3.166925982188104 3.166565823701628 3.1662056652151525 3.1658455067286764 3.1654853482422003 3.165125189755724 3.164765031269248 3.1644048727827716 -9999.0 -9999.0 -9999.0 -9999.0 -9999.0 -9999.0
3.237800007313095 3.2353106766949575 3.2328213460768196 3.230332015458682 3.2278426848405446 3.225353354222407 3.222864023604269 3.2203746929861317 3.217885362367994 3.2153960317498567 3.2129067011317187 3.210417370513577 3.2079280398954393 3.205438709277302 3.2029493786591643 3.2004600480410264 3.197970717422889 3.1954813868047514 3.1929920561866134 3.190502725568476 3.1880133949503384 3.185524064332201 3.183034733714063 3.1805454030959255 3.1780560724777835 3.175566741859646 3.1730774112415085 3.1705880806233706 3.168098750005233 3.1656094193870956 3.1641324753342337 3.1637377954213224 3.1633431155084115 3.1629484355955 3.162553755682589 3.162159075769678 3.1617643958567667 3.161369715943855 3.1609750360309437 3.160580356118033 3.1601856762051215 -9999.0 -9999.0 -9999.0
3.238681461518876 3.236068191617484 3.233454921716092 3.2308416518147 3.228228381913308 3.225615112011916 3.223001842110524 3.220388572209132 3.2177753023077402 3.215162032406348 3.212548762504956 3.2099354926035595 3.2073222227021674 3.2047089528007757 3.2020956828993836 3.1994824129979915 3.1968691430965994 3.1942558731952073 3.1916426032938157 3.1890293333924236 3.1864160634910315 3.1838027935896394 3.1811895236882477 3.1785762537868556 3.175962983885459 3.173349713984067 3.170736444082675 3.168123174181283 3.165509904279891 3.162896634378499 3.161338968480361 3.160909767141015 3.1604805658016684 3.1600513644623223 3.1596221631229757 3.1591929617836296 3.158763760444283 3.158334559104936 3.1579053577655896 3.1574761564262435 3.157046955086897 -9999.0 -9999.0 -9999.0
3.2395629157246564 3.2368257065400097 3.2340884973553634 3.231351288170717 3.228614078986071 3.2258768698014246 3.2231396606167784 3.220402451432132 3.217665242247486 3.2149280330628396 3.2121908238781933 3.209453614693542 3.206716405508896 3.2039791963242497 3.2012419871396034 3.198504777954957 3.195767568770311 3.1930303595856646 3.1902931504010184 3.187555941216372 3.184818732031726 3.182081522847079 3.179344313662433 3.1766071044777866 3.173869895293136 3.1711326861084896 3.1683954769238434 3.1656582677391967 3.1629210585545504 3.160183849369904 3.1585454616264905 3.1580817388607088 3.1576180160949274 3.157154293329146 3.1566905705633643 3.156226847797583 3.1557631250318017 3.1552994022660195 3.1548356795002377 3.1543719567344564 3.153908233968675 3.1534445112028933 -9999.0 -9999.0
3.240444369930436 3.2375832214625357 3.2347220729946353 3.2318609245267345 3.228999776058834 3.2261386275909336 3.2232774791230328 3.2204163306551323 3.217555182187232 3.214694033719331 3.2118328852514306 3.2089717367835253 3.2061105883156245 3.203249439847724 3.2003882913798236 3.1975271429119227 3.1946659944440223 3.191804845976122 3.188943697508221 3.1860825490403206 3.18322140057242 3.1803602521045193 3.177499103636619 3.174637955168718 3.1717768067008127 3.1689156582329123 3.1660545097650115 3.163193361297111 3.1603322128292106 3.1574710643613098 3.15575195477262 3.1552537105804035 3.154755466388187 3.1542572221959704 3.153758978003754 3.153260733811537 3.1527624896193203 3.152264245427103 3.1517660012348863 3.1512677570426697 3.150769512850453 3.150271268658236 3.1497730244660196 -9999.0
3.2413258241362164 3.238340736385062 3.235355648633907 3.2323705608827518 3.229385473131597 3.226400385380442 3.2234152976292876 3.2204302098781326 3.2174451221269775 3.214460034375823 3.211474946624668 3.208489858873508 3.205504771122353 3.2025196833711984 3.1995345956200434 3.196549507868889 3.193564420117734 3.1905793323665788 3.187594244615424 3.184609156864269 3.1816240691131146 3.1786389813619595 3.1756538936108045 3.17266880585965 3.16968371810849 3.166698630357335 3.16371354260618 3.1607284548550254 3.1577433671038704 3.154758279352716 3.15295844791875 3.1524256823000982 3.1518929166814464 3.1513601510627947 3.150827385444143 3.150294619825491 3.1497618542068393 3.1492290885881866 3.148696322969535 3.148163557350883 3.1476307917322313 3.1470980261135795 3.1465652604949277 3.146032494876276
3.2422072783419966 3.2390982513075874 3.2359892242731783 3.232880197238769 3.22977117020436 3.2266621431699507 3.223553116135542 3.220444089101133 3.2173350620667236 3.2142260350323144 3.2111170079979052 3.2080079809634907 3.2048989539290815 3.2017899268946723 3.198680899860263 3.195571872825854 3.1924628457914452 3.189353818757036 3.186244791722627 3.1831357646882177 3.1800267376538085 3.1769177106193993 3.17380868358499 3.170699656550581 3.1675906295161664 3.1644816024817572 3.1613725754473485 3.1582635484129393 3.15515452137853 3.152045494344121 3.150164941064879 3.149597654019792 3.1490303669747055 3.1484630799296185 3.1478957928845315 3.1473285058394445 3.1467612187943574 3.1461939317492695 3.145626644704183 3.145059357659096 3.144492070614009 3.143924783568922 3.143357496523835 3.1427902094787483
3.2379823279942492 3.2348654100047955 3.231748492015342 3.2286315740258886 3.225514656036435 3.2223977380469813 3.2192808200575276 3.2161639020680743 3.2130469840786207 3.209930066089167 3.2068131480997133 3.2036962301102547 3.200579312120801 3.1974623941313474 3.194345476141894 3.1912285581524404 3.1881116401629868 3.184994722173533 3.18187780418408 3.178760886194626 3.1756439682051725 3.172527050215719 3.1694101322262656 3.166293214236812 3.163176296247353 3.1600593782578996 3.156942460268446 3.1538255422789923 3.1507086242895386 3.1475917063000853 3.1457183059837033 3.1451742541900307 3.144630202396358 3.144086150602686 3.1435420988090135 3.1429980470153414 3.142453995221669 3.1419099434279953 3.1413658916343232 3.1408218398406507 3.140277788046978 3.139733736253306 3.1391896844596334 3.138645632665961
3.2282989531548125 3.225298192555932 3.2222974319570516 3.2192966713581717 3.216295910759291 3.213295150160411 3.210294389561531 3.2072936289626504 3.2042928683637704 3.20129210776489 3.1982913471660095 3.195290586567124 3.192289825968244 3.1892890653693637 3.1862883047704833 3.1832875441716033 3.180286783572723 3.1772860229738424 3.1742852623749624 3.171284501776082 3.168283741177202 3.1652829805783216 3.162282219979441 3.159281459380561 3.1562806987816754 3.1532799381827954 3.150279177583915 3.147278416985035 3.1442776563861545 3.141276895787274 3.1395045810628455 3.1390455027674555 3.1385864244720656 3.1381273461766757 3.1376682678812857 3.137209189585896 3.136750111290506 3.136291032995115 3.135831954699725 3.135372876404335 3.134913798108945 3.1344547198135553 3.1339956415181653 3.1335365632227754
