Figures/CREST_Example_wjb_NSE/PETs/wjb.pet.20090906.asc
ncols            288
nrows            254
xllcorner        113.274861
yllcorner        31.4918055
cellsize         0.008333333333
NODATA_value     -9999
[rows 160 to 179 of 254, columns 44 to 87 of 288]
3.81898545693546 3.8133696358932867 3.8077538148511136 3.8021379938089406 3.796522172766767 3.790906351724594 3.785290530682421 3.7796747096402474 3.7740588885980646 3.7684430675558915 3.7628272465137185 3.7572114254715454 3.751595604429372 3.745979783387199 3.7403639623450258 3.7347481413028523 3.729132320260679 3.723516499218506 3.7179006781763326 3.7122848571341596 3.7066690360919865 3.7010532150498037 3.6954373940076306 3.689821572965457 3.684205751923284 3.678589930881111 3.6729741098389375 3.6673582887967644 3.66318476872438 3.660553100993439 3.6579214332624987 3.655289765531558 3.652658097800617 3.6500264300696763 3.647394762338731 3.6447630946077907 3.64213142687685 3.639499759145909 3.6368680914149683 3.6342364236840274 3.631604755953087 3.6289730882221463 3.6263414204912054 3.6237097527602646
3.8291564899548587 3.823294764216041 3.817433038477223 3.811571312738405 3.8057095869995874 3.7998478612607696 3.7939861355219517 3.7881244097831335 3.782262684044306 3.776400958305488 3.7705392325666702 3.764677506827852 3.758815781089034 3.7529540553502163 3.7470923296113985 3.7412306038725807 3.735368878133763 3.729507152394945 3.723645426656127 3.717783700917309 3.711921975178491 3.7060602494396635 3.7001985237008457 3.694336797962028 3.6884750722232096 3.6826133464843918 3.676751620745574 3.670889895006756 3.666498190884075 3.6636779731004387 3.660857755316802 3.6580375375331657 3.655217319749529 3.6523971019658927 3.649576884182251 3.646756666398615 3.643936448614978 3.641116230831342 3.638296013047705 3.635475795264069 3.632655577480432 3.629835359696796 3.627015141913159 3.624194924129523
3.8393275229742576 3.833219892538795 3.8271122621033324 3.82100463166787 3.8148970012324073 3.8087893707969447 3.802681740361482 3.79657410992602 3.7904664794905467 3.784358849055084 3.7782512186196215 3.772143588184159 3.7660359577486964 3.759928327313234 3.7538206968777716 3.747713066442309 3.7416054360068465 3.735497805571384 3.7293901751359213 3.7232825447004587 3.717174914264996 3.7110672838295233 3.7049596533940607 3.698852022958598 3.6927443925231356 3.686636762087673 3.6805291316522104 3.674421501216748 3.66981161304377 3.666802845207438 3.6637940773711057 3.6607853095347735 3.657776541698441 3.6547677738621087 3.651759006025771 3.648750238189439 3.645741470353107 3.6427327025167746 3.6397239346804424 3.63671516684411 3.6337063990077776 3.6306976311714454 3.627688863335113 3.6246800954987806
3.8494985559936654 3.8431450208615576 3.8367914857294503 3.830437950597343 3.8240844154652356 3.817730880333128 3.8113773452010205 3.805023810068913 3.7986702749367947 3.7923167398046873 3.78596320467258 3.779609669540472 3.773256134408365 3.7669025992762575 3.76054906414415 3.7541955290120423 3.747841993879935 3.7414884587478277 3.7351349236157203 3.728781388483613 3.722427853351505 3.716074318219387 3.7097207830872794 3.703367247955172 3.6970137128230647 3.6906601776909573 3.6843066425588495 3.677953107426742 3.673125035203468 3.66992771731444 3.6667303994254117 3.6635330815363836 3.660335763647355 3.657138445758327 3.653941127869293 3.650743809980265 3.647546492091237 3.6443491742022083 3.64115185631318 3.637954538424152 3.634757220535124 3.6315599026460954 3.6283625847570673 3.625165266868039
3.859669589013064 3.853070149184312 3.8464707093555597 3.8398712695268076 3.8332718296980555 3.8266723898693034 3.8200729500405513 3.813473510211799 3.806874070383036 3.8002746305542834 3.7936751907255313 3.787075750896779 3.780476311068027 3.773876871239275 3.767277431410523 3.7606779915817707 3.7540785517530186 3.7474791119242665 3.7408796720955144 3.7342802322667623 3.72768079243801 3.7210813526092466 3.7144819127804944 3.7078824729517423 3.7012830331229902 3.694683593294238 3.688084153465486 3.681484713636734 3.6764384573631634 3.6730525894214394 3.6696667214797154 3.6662808535379914 3.662894985596267 3.659509117654543 3.656123249712813 3.652737381771089 3.649351513829365 3.645965645887641 3.642579777945917 3.639193910004193 3.635808042062469 3.632422174120745 3.629036306179021 3.625650438237297
3.869840622032463 3.862995277507066 3.856149932981669 3.849304588456272 3.842459243930876 3.835613899405479 3.828768554880082 3.821923210354685 3.8150778658292768 3.80823252130388 3.801387176778483 3.794541832253086 3.7876964877276893 3.780851143202293 3.774005798676896 3.767160454151499 3.7603151096261023 3.7534697651007054 3.7466244205753085 3.7397790760499117 3.732933731524515 3.7260883869991064 3.7192430424737095 3.712397697948313 3.7055523534229162 3.6987070088975194 3.6918616643721225 3.6850163198467256 3.6797518795228585 3.6761774615284386 3.6726030435340187 3.6690286255395987 3.6654542075451793 3.6618797895507593 3.6583053715563336 3.6547309535619137 3.6511565355674938 3.647582117573074 3.644007699578654 3.6404332815842344 3.6368588635898145 3.6332844455953945 3.6297100276009746 3.626135609606555
3.8800116550518617 3.87292040582982 3.865829156607779 3.8587379073857373 3.8516466581636957 3.8445554089416545 3.837464159719613 3.8303729104975712 3.8232816612755176 3.8161904120534764 3.809099162831435 3.8020079136093936 3.794916664387352 3.7878254151653103 3.780734165943269 3.7736429167212275 3.766551667499186 3.7594604182771447 3.752369169055103 3.7452779198330615 3.7381866706110203 3.7310954213889667 3.724004172166925 3.716912922944884 3.709821673722842 3.7027304245008006 3.6956391752787594 3.6885479260567178 3.683065301682554 3.6793023336354382 3.675539365588323 3.671776397541207 3.6680134294940916 3.6642504614469757 3.6604874933998537 3.6567245253527383 3.6529615573056224 3.649198589258507 3.645435621211391 3.641672653164276 3.63790968511716 3.6341467170700446 3.6303837490229287 3.6266207809758133
3.8901826880712607 3.8828455341525743 3.8755083802338883 3.868171226315202 3.860834072396516 3.8534969184778296 3.8461597645591437 3.8388226106404573 3.831485456721759 3.8241483028030725 3.8168111488843866 3.8094739949657 3.802136841047014 3.7947996871283283 3.787462533209642 3.780125379290956 3.7727882253722695 3.7654510714535836 3.758113917534897 3.7507767636162113 3.743439609697525 3.7361024557788265 3.72876530186014 3.721428147941454 3.7140909940227678 3.706753840104082 3.6994166861853954 3.6920795322667095 3.686378723842249 3.682427205742438 3.6784756876426266 3.674524169542815 3.6705726514430035 3.666621133343192 3.662669615243374 3.6587180971435624 3.654766579043751 3.65081506094394 3.6468635428441285 3.642912024744317 3.6389605066445054 3.635008988544694 3.631057470444883 3.6271059523450715
3.9003537210906596 3.892770662475329 3.885187603859998 3.877604545244667 3.8700214866293363 3.8624384280140056 3.8548553693986745 3.8472723107833438 3.839689252168 3.832106193552669 3.8245231349373383 3.8169400763220076 3.809357017706677 3.8017739590913457 3.794190900476015 3.7866078418606843 3.779024783245353 3.7714417246300225 3.7638586660146918 3.7562756073993606 3.74869254878403 3.7411094901686863 3.733526431553355 3.7259433729380245 3.7183603143226938 3.710777255707363 3.703194197092032 3.695611138476701 3.6896921460019443 3.685552077849437 3.68141200969693 3.6772719415444226 3.673131873391916 3.6689918052394086 3.6648517370868943 3.660711668934387 3.65657160078188 3.6524315326293726 3.6482914644768654 3.644151396324358 3.640011328171851 3.6358712600193437 3.6317311918668365 3.6275911237143292
3.9105247541100585 3.902695790798083 3.8948668274861076 3.887037864174132 3.8792089008621566 3.8713799375501807 3.8635509742382053 3.85572201092623 3.847893047614241 3.8400640843022655 3.83223512099029 3.8244061576783146 3.816577194366339 3.8087482310543637 3.8009192677423878 3.7930903044304123 3.785261341118437 3.7774323778064613 3.769603414494486 3.7617744511825104 3.753945487870535 3.746116524558546 3.7382875612465702 3.7304585979345948 3.7226296346226193 3.714800671310644 3.7069717079986684 3.699142744686693 3.6930055681616394 3.6886769499564367 3.6843483317512336 3.6800197135460304 3.6756910953408277 3.6713624771356246 3.6670338589304143 3.662705240725211 3.658376622520008 3.6540480043148054 3.6497193861096022 3.645390767904399 3.6410621496991964 3.6367335314939933 3.63240491328879 3.6280762950835874
3.920695787129466 3.912620919120845 3.904546051112225 3.8964711831036043 3.888396315094984 3.880321447086364 3.872246579077743 3.864171711069123 3.856096843060489 3.8480219750518683 3.839947107043248 3.8318722390346274 3.823797371026007 3.815722503017387 3.8076476350087662 3.799572767000146 3.7914978989915253 3.783423030982905 3.775348162974285 3.767273294965664 3.759198426957044 3.7511235589484095 3.7430486909397893 3.734973822931169 3.7268989549225484 3.718824086913928 3.7107492189053075 3.7026743508966873 3.696318990321337 3.6918018220634385 3.6872846538055395 3.6827674855476404 3.678250317289742 3.673733149031843 3.669215980773936 3.664698812516037 3.660181644258138 3.6556644760002395 3.6511473077423404 3.6466301394844414 3.6421129712265423 3.6375958029686437 3.6330786347107447 3.6285614664528456
3.9308668201488643 3.9225460474435994 3.9142252747383344 3.9059045020330694 3.8975837293278044 3.889262956622539 3.880942183917274 3.872621411212009 3.86430063850673 3.855979865801465 3.8476590930961994 3.8393383203909344 3.8310175476856694 3.8226967749804044 3.8143760022751394 3.806055229569874 3.797734456864609 3.789413684159344 3.781092911454079 3.772772138748814 3.7644513660435486 3.7561305933382694 3.7478098206330044 3.7394890479277394 3.7311682752224744 3.722847502517209 3.714526729811944 3.706205957106679 3.6996324124810327 3.6949266941704377 3.690220975859843 3.6855152575492482 3.6808095392386537 3.6761038209280588 3.6713981026174562 3.6666923843068613 3.6619866659962668 3.657280947685672 3.6525752293750773 3.6478695110644828 3.643163792753888 3.6384580744432933 3.6337523561326983 3.629046637822104
3.9410378531682637 3.932471175766354 3.923904498364444 3.9153378209625345 3.9067711435606247 3.898204466158715 3.889637788756805 3.8810711113548955 3.872504433952971 3.8639377565510613 3.8553710791491516 3.846804401747242 3.838237724345332 3.8296710469434223 3.821104369541512 3.8125376921396024 3.8039710147376926 3.795404337335783 3.786837659933873 3.7782709825319634 3.7697043051300536 3.761137627728129 3.7525709503262195 3.7440042729243097 3.7354375955224 3.72687091812049 3.7183042407185805 3.7097375633166707 3.702945834640728 3.6980515662774374 3.6931572979141465 3.688263029550856 3.6833687611875656 3.678474492824275 3.6735802244609763 3.668685956097686 3.663791687734395 3.6588974193711046 3.654003151007814 3.6491088826445237 3.6442146142812333 3.639320345917943 3.634426077554652 3.6295318091913615
3.9512088861876626 3.942396304089108 3.9335837219905536 3.924771139891999 3.9159585577934446 3.90714597569489 3.898333393596336 3.8895208114977815 3.880708229399212 3.8718956473006574 3.863083065202103 3.854270483103549 3.8454579010049943 3.83664531890644 3.8278327368078853 3.8190201547093308 3.8102075726107762 3.8013949905122217 3.7925824084136677 3.783769826315113 3.7749572442165586 3.766144662117989 3.7573320800194345 3.74851949792088 3.7397069158223255 3.7308943337237714 3.722081751625217 3.7132691695266624 3.706259256800423 3.7011764383844366 3.69609361996845 3.691010801552464 3.6859279831364775 3.680845164720491 3.6757623463044964 3.67067952788851 3.6655967094725237 3.6605138910565374 3.655431072640551 3.6503482542245647 3.6452654358085783 3.6401826173925924 3.635099798976606 3.6300169805606197
3.9613799192070616 3.9523214324118623 3.943262945616663 3.934204458821464 3.925145972026265 3.9160874852310656 3.907028998435867 3.8979705116406675 3.8889120248454527 3.879853538050254 3.8707950512550546 3.8617365644598554 3.8526780776646565 3.8436195908694573 3.834561104074258 3.825502617279059 3.81644413048386 3.8073856436886606 3.798327156893462 3.7892686700982625 3.7802101833030632 3.771151696507849 3.7620932097126496 3.7530347229174508 3.7439762361222515 3.7349177493270522 3.7258592625318534 3.716800775736654 3.709572678960118 3.7043013104914357 3.699029942022754 3.6937585735540717 3.68848720508539 3.6832158366167076 3.6779444681480165 3.672673099679334 3.6674017312106524 3.66213036274197 3.656858994273288 3.651587625804606 3.646316257335924 3.641044888867242 3.6357735203985597 3.6305021519298775
3.97155095222646 3.9622465607346165 3.9529421692427724 3.943637777750929 3.934333386259085 3.925028994767241 3.915724603275397 3.9064202117835536 3.897115820291694 3.88781142879985 3.8785070373080064 3.8692026458161624 3.8598982543243188 3.8505938628324747 3.841289471340631 3.831985079848787 3.8226806883569435 3.8133762968650995 3.804071905373256 3.794767513881412 3.7854631223895683 3.7761587308977087 3.7668543394058647 3.757549947914021 3.748245556422177 3.7389411649303335 3.7296367734384894 3.720332381946646 3.712886101119813 3.7074261825984354 3.701966264077057 3.6965063455556795 3.6910464270343017 3.6855865085129236 3.6801265899915365 3.674666671470159 3.6692067529487806 3.663746834427403 3.658286915906025 3.652826997384647 3.6473670788632693 3.6419071603418915 3.6364472418205134 3.6309873232991356
3.981721985245868 3.972171689057379 3.9626213928688903 3.953071096680402 3.943520800491913 3.9339705043034243 3.9244202081149355 3.914869911926447 3.905319615737942 3.895769319549453 3.886219023360965 3.876668727172476 3.867118430983987 3.8575681347954984 3.84801783860701 3.8384675424185213 3.8289172462300325 3.8193669500415437 3.8098166538530553 3.8002663576645666 3.7907160614760778 3.781165765287573 3.771615469099084 3.7620651729105954 3.7525148767221066 3.7429645805336182 3.7334142843451295 3.7238639881566407 3.7161995232795113 3.7105510547054377 3.7049025861313636 3.69925411755729 3.693605648983216 3.687957180409142 3.682308711835059 3.6766602432609847 3.671011774686911 3.665363306112837 3.6597148375387634 3.6540663689646893 3.6484179003906156 3.642769431816542 3.637120963242468 3.6314724946683943
3.9918930182652663 3.9820968173801328 3.9723006164949997 3.962504415609866 3.952708214724733 3.9429120138395994 3.9331158129544663 3.9233196120693328 3.913523411184183 3.9037272102990492 3.893931009413916 3.8841348085287826 3.8743386076436495 3.864542406758516 3.854746205873383 3.8449500049882492 3.8351538041031157 3.8253576032179826 3.815561402332849 3.805765201447716 3.7959690005625824 3.7861727996774324 3.7763765987922993 3.7665803979071657 3.7567841970220326 3.746987996136899 3.737191795251766 3.7273955943666324 3.7195129454392064 3.713675926812437 3.7078389081856673 3.7020018895588978 3.696164870932128 3.690327852305358 3.684490833678579 3.6786538150518093 3.6728167964250393 3.66697977779827 3.6611427591715002 3.6553057405447307 3.649468721917961 3.6436317032911916 3.6377946846644216 3.631957666037652
3.9930535903457276 3.9833477694645434 3.973641948583359 3.963936127702175 3.9542303068209907 3.9445244859398065 3.9348186650586223 3.925112844177438 3.915407023296237 3.905701202415053 3.8959953815338686 3.8862895606526844 3.8765837397715 3.866877918890316 3.8571720980091317 3.8474662771279475 3.8377604562467633 3.828054635365579 3.818348814484395 3.8086429936032107 3.7989371727220265 3.789231351840826 3.7795255309596416 3.7698197100784574 3.7601138891972727 3.750408068316089 3.7407022474349043 3.73099642655372 3.7231298057567055 3.7172293314267324 3.711328857096759 3.7054283827667853 3.699527908436812 3.6936274341068387 3.687726959776855 3.6818264854468814 3.6759260111169083 3.6700255367869348 3.6641250624569612 3.6582245881269877 3.6523241137970146 3.646423639467041 3.6405231651370675 3.634622690807094
3.9845825476373182 3.975326573908042 3.966070600178765 3.9568146264494883 3.9475586527202116 3.938302678990935 3.929046705261658 3.9197907315323812 3.910534757803089 3.901278784073812 3.8920228103445353 3.8827668366152586 3.873510862885982 3.864254889156705 3.8549989154274282 3.8457429416981515 3.8364869679688747 3.827230994239598 3.817975020510321 3.8087190467810443 3.7994630730517676 3.7902070993224752 3.7809511255931985 3.7716951518639217 3.762439178134645 3.753183204405368 3.7439272306760913 3.7346712569468146 3.727071022338331 3.72124081027971 3.7154105982210885 3.7095803861624677 3.7037501741038463 3.697919962045225 3.692089749986594 3.686259537927973 3.6804293258693517 3.674599113810731 3.6687689017521095 3.662938689693488 3.6571084776348672 3.651278265576246 3.6454480535176246 3.6396178414590037
