Figures/CREST_Example_wjb_NSE/PETs/wjb.pet.20100327.asc
ncols            288
nrows            254
xllcorner        113.274861
yllcorner        31.4918055
cellsize         0.008333333333
NODATA_value     -9999
[rows 160 to 179 of 254, columns 44 to 87 of 288]
2.4554284497052348 2.4561132236448455 2.4567979975844567 2.4574827715240675 2.458167545463678 2.4588523194032894 2.4595370933429 2.460221867282511 2.460906641222123 2.4615914151617337 2.462276189101345 2.4629609630409557 2.4636457369805664 2.4643305109201776 2.4650152848597884 2.465700058799399 2.4663848327390103 2.467069606678621 2.467754380618232 2.468439154557843 2.4691239284974538 2.469808702437066 2.4704934763766766 2.471178250316288 2.4718630242558985 2.4725477981955093 2.47323257213512 2.4739173460747312 2.472708609427696 2.469475667158726 2.466242724889756 2.463009782620786 2.459776840351816 2.456543898082846 2.4533109558138704 2.4500780135449003 2.44684507127593 2.44361212900696 2.44037918673799 2.4371462444690204 2.4339133022000503 2.4306803599310802 2.42744741766211 2.42421447539314
2.4557479795473602 2.4564757301230635 2.4572034806987664 2.457931231274469 2.4586589818501725 2.4593867324258754 2.460114483001578 2.4608422335772815 2.4615699841529857 2.4622977347286885 2.463025485304392 2.4637532358800946 2.4644809864557975 2.465208737031501 2.4659364876072036 2.4666642381829065 2.4673919887586098 2.4681197393343126 2.4688474899100155 2.4695752404857187 2.4703029910614216 2.4710307416371258 2.4717584922128286 2.472486242788532 2.4732139933642348 2.4739417439399376 2.474669494515641 2.4753972450913437 2.4741909342056205 2.470917067896127 2.4676432015866334 2.46436933527714 2.4610954689676463 2.4578216026581527 2.4545477363486534 2.45127387003916 2.4480000037296663 2.4447261374201728 2.441452271110679 2.4381784048011856 2.434904538491692 2.4316306721821985 2.428356805872705 2.4250829395632114
2.4560675093894857 2.4568382366012806 2.457608963813076 2.458379691024871 2.4591504182366664 2.4599211454484613 2.4606918726602567 2.4614625998720516 2.462233327083848 2.4630040542956433 2.4637747815074382 2.4645455087192336 2.4653162359310286 2.4660869631428235 2.466857690354619 2.467628417566414 2.468399144778209 2.469169871990004 2.469940599201799 2.4707113264135945 2.4714820536253894 2.472252780837186 2.473023508048981 2.4737942352607765 2.4745649624725714 2.4753356896843663 2.4761064168961617 2.4768771441079567 2.4756732589835453 2.4723584686335283 2.4690436782835112 2.465728887933494 2.462414097583477 2.4590993072334597 2.455784516883437 2.45246972653342 2.449154936183403 2.445840145833386 2.442525355483369 2.4392105651333513 2.4358957747833343 2.4325809844333173 2.4292661940833002 2.425951403733283
2.456387039231611 2.457200743079498 2.4580144469273857 2.4588281507752727 2.45964185462316 2.4604555584710477 2.4612692623189347 2.462082966166822 2.4628966700147106 2.463710373862598 2.4645240777104855 2.4653377815583726 2.46615148540626 2.466965189254147 2.4677788931020346 2.4685925969499216 2.469406300797809 2.4702200046456966 2.4710337084935836 2.471847412341471 2.472661116189358 2.473474820037247 2.4742885238851344 2.4751022277330215 2.475915931580909 2.476729635428796 2.4775433392766835 2.4783570431245705 2.4771555837614714 2.4737998693709304 2.47044415498039 2.4670884405898494 2.4637327261993085 2.460377011808768 2.4570212974182213 2.453665583027681 2.45030986863714 2.4469541542465993 2.4435984398560584 2.440242725465518 2.4368870110749774 2.4335312966844365 2.430175582293896 2.426819867903355
2.456706569073736 2.4575632495577158 2.4584199300416953 2.4592766105256745 2.460133291009654 2.4609899714936336 2.4618466519776128 2.4627033324615923 2.4635600129455733 2.464416693429553 2.465273373913532 2.4661300543975115 2.4669867348814907 2.4678434153654702 2.46870009584945 2.469556776333429 2.4704134568174085 2.471270137301388 2.4721268177853672 2.472983498269347 2.4738401787533264 2.4746968592373073 2.4755535397212864 2.476410220205266 2.4772669006892456 2.4781235811732247 2.4789802616572043 2.479836942141184 2.478637908539396 2.475241270108332 2.4718446316772678 2.4684479932462033 2.4650513548151394 2.461654716384075 2.458258077953005 2.454861439521941 2.4514648010908764 2.4480681626598124 2.444671524228748 2.4412748857976836 2.4378782473666196 2.434481608935555 2.4310849705044912 2.427688332073427
2.4570260989158617 2.4579257560359333 2.4588254131560046 2.4597250702760762 2.460624727396148 2.461524384516219 2.462424041636291 2.4633236987563625 2.4642233558764355 2.465123012996507 2.4660226701165784 2.46692232723665 2.4678219843567217 2.468721641476793 2.4696212985968646 2.4705209557169363 2.471420612837008 2.472320269957079 2.473219927077151 2.4741195841972226 2.475019241317294 2.4759188984373672 2.4768185555574385 2.47771821267751 2.478617869797582 2.479517526917653 2.4804171840377247 2.4813168411577964 2.480120233317321 2.476682670845733 2.473245108374145 2.4698075459025572 2.46636998343097 2.462932420959382 2.4594948584877883 2.4560572960162004 2.4526197335446125 2.4491821710730246 2.445744608601437 2.4423070461298493 2.4388694836582614 2.4354319211866735 2.4319943587150856 2.428556796243498
2.4573456287579867 2.4582882625141504 2.459230896270314 2.460173530026478 2.4611161637826413 2.462058797538805 2.463001431294969 2.4639440650511326 2.4648866988072977 2.4658293325634615 2.4667719663196253 2.4677146000757886 2.4686572338319523 2.469599867588116 2.47054250134428 2.471485135100443 2.472427768856607 2.4733704026127707 2.4743130363689345 2.475255670125098 2.4761983038812616 2.4771409376374267 2.4780835713935905 2.4790262051497542 2.479968838905918 2.4809114726620813 2.481854106418245 2.482796740174409 2.481602558095245 2.478124071583134 2.4746455850710225 2.471167098558911 2.4676886120468 2.464210125534689 2.4607316390225713 2.45725315251046 2.4537746659983486 2.4502961794862377 2.4468176929741263 2.443339206462015 2.4398607199499036 2.4363822334377923 2.432903746925681 2.4294252604135695
2.4576651586001126 2.4586507689923685 2.4596363793846243 2.4606219897768797 2.4616076001691356 2.4625932105613915 2.4635788209536473 2.464564431345903 2.4655500417381604 2.4665356521304163 2.467521262522672 2.468506872914928 2.4694924833071834 2.4704780936994393 2.471463704091695 2.472449314483951 2.473434924876207 2.4744205352684623 2.475406145660718 2.476391756052974 2.47737736644523 2.478362976837487 2.479348587229743 2.480334197621999 2.4813198080142547 2.4823054184065105 2.483291028798766 2.484276639191022 2.4830848828731704 2.479565472320535 2.4760460617679003 2.4725266512152655 2.4690072406626307 2.465487830109996 2.461968419557355 2.45844900900472 2.454929598452085 2.4514101878994503 2.4478907773468155 2.4443713667941807 2.440851956241546 2.4373325456889106 2.4338131351362757 2.430293724583641
2.457984688442238 2.4590132754705856 2.4600418624989335 2.4610704495272815 2.4620990365556294 2.4631276235839774 2.4641562106123254 2.465184797640673 2.4662133846690226 2.4672419716973706 2.4682705587257185 2.4692991457540665 2.4703277327824145 2.4713563198107624 2.47238490683911 2.473413493867458 2.474442080895806 2.475470667924154 2.476499254952502 2.4775278419808497 2.4785564290091973 2.479585016037547 2.480613603065895 2.481642190094243 2.482670777122591 2.483699364150939 2.484727951179287 2.4857565382076343 2.4845672076510947 2.4810068730579364 2.477446538464778 2.4738862038716194 2.470325869278461 2.466765534685303 2.4632052000921383 2.45964486549898 2.4560845309058212 2.452524196312663 2.4489638617195046 2.4454035271263463 2.4418431925331876 2.4382828579400293 2.434722523346871 2.4311621887537123
2.458304218284363 2.459375781948803 2.460447345613243 2.4615189092776832 2.4625904729421233 2.4636620366065634 2.4647336002710034 2.4658051639354435 2.4668767275998853 2.4679482912643254 2.4690198549287654 2.4700914185932055 2.471162982257645 2.472234545922085 2.473306109586525 2.4743776732509652 2.4754492369154053 2.4765208005798454 2.4775923642442854 2.4786639279087255 2.4797354915731655 2.4808070552376074 2.4818786189020474 2.4829501825664875 2.4840217462309275 2.4850933098953676 2.4861648735598076 2.4872364372242477 2.4860495324290195 2.4824482737953377 2.478847015161656 2.4752457565279737 2.471644497894292 2.4680432392606098 2.4644419806269218 2.4608407219932396 2.457239463359558 2.4536382047258756 2.450036946092194 2.446435687458512 2.44283442882483 2.439233170191148 2.435631911557466 2.432030652923784
2.4586237481264885 2.4597382884270207 2.460852828727553 2.461967369028085 2.463081909328617 2.4641964496291493 2.4653109899296815 2.466425530230214 2.467540070530748 2.46865461083128 2.4697691511318123 2.4708836914323444 2.4719982317328766 2.4731127720334087 2.474227312333941 2.475341852634473 2.4764563929350056 2.477570933235538 2.47868547353607 2.479800013836602 2.4809145541371342 2.482029094437668 2.4831436347382003 2.4842581750387325 2.4853727153392646 2.4864872556397972 2.4876017959403294 2.4887163362408615 2.4875318572069456 2.48388967453274 2.480247491858534 2.476605309184329 2.4729631265101233 2.4693209438359176 2.465678761161706 2.4620365784875005 2.4583943958132948 2.4547522131390895 2.451110030464884 2.447467847790678 2.443825665116473 2.4401834824422672 2.4365412997680616 2.432899117093856
2.4589432779686136 2.4601007949052383 2.4612583118418625 2.4624158287784867 2.463573345715111 2.4647308626517352 2.4658883795883595 2.4670458965249837 2.46820341346161 2.4693609303982345 2.4705184473348587 2.471675964271483 2.4728334812081076 2.473990998144732 2.475148515081356 2.4763060320179804 2.4774635489546046 2.478621065891229 2.479778582827853 2.4809360997644774 2.482093616701102 2.483251133637728 2.4844086505743523 2.4855661675109766 2.4867236844476013 2.4878812013842255 2.4890387183208498 2.490196235257474 2.48901418198487 2.4853310752701407 2.481647968555412 2.477964861840683 2.4742817551259537 2.4705986484112246 2.466915541696489 2.46323243498176 2.4595493282670313 2.455866221552302 2.452183114837573 2.448500008122844 2.4448169014081147 2.4411337946933855 2.437450687978657 2.4337675812639277
2.459262807810739 2.4604633013834554 2.461663794956172 2.4628642885288885 2.464064782101605 2.465265275674321 2.4664657692470375 2.4676662628197543 2.4688667563924724 2.4700672499651892 2.4712677435379056 2.472468237110622 2.4736687306833383 2.4748692242560546 2.4760697178287714 2.4772702114014877 2.478470704974204 2.4796711985469204 2.480871692119637 2.4820721856923535 2.48327267926507 2.4844731728377885 2.485673666410505 2.486874159983221 2.4880746535559375 2.4892751471286543 2.4904756407013706 2.491676134274087 2.490496506762795 2.4867724760075425 2.48304844525229 2.479324414497037 2.4756003837417846 2.471876352986532 2.4681523222312727 2.46442829147602 2.4607042607207674 2.456980229965515 2.453256199210262 2.4495321684550095 2.445808137699757 2.4420841069445043 2.4383600761892517 2.434636045433999
2.459582337652865 2.4608258078616734 2.462069278070482 2.4633127482792903 2.4645562184880987 2.4657996886969076 2.467043158905716 2.4682866291145245 2.469530099323335 2.4707735695321436 2.4720170397409524 2.473260509949761 2.4745039801585693 2.4757474503673778 2.4769909205761866 2.478234390784995 2.4794778609938035 2.480721331202612 2.4819648014114204 2.4832082716202293 2.4844517418290377 2.4856952120378484 2.486938682246657 2.4881821524554653 2.489425622664274 2.4906690928730826 2.491912563081891 2.4931560332906995 2.4919788315407194 2.4882138767449433 2.484448921949167 2.480683967153391 2.4769190123576146 2.4731540575618385 2.469389102766056 2.46562414797028 2.4618591931745035 2.4580942383787274 2.4543292835829513 2.4505643287871752 2.446799373991399 2.443034419195623 2.4392694643998465 2.4355045096040704
2.45990186749499 2.461188314339891 2.4624747611847915 2.463761208029692 2.4650476548745925 2.4663341017194935 2.467620548564394 2.4689069954092946 2.470193442254198 2.4714798890990983 2.472766335943999 2.4740527827889 2.4753392296338004 2.476625676478701 2.477912123323602 2.4791985701685024 2.480485017013403 2.4817714638583035 2.4830579107032045 2.484344357548105 2.4856308043930055 2.4869172512379087 2.4882036980828093 2.48949014492771 2.490776591772611 2.4920630386175113 2.493349485462412 2.494635932307313 2.4934611563186446 2.4896552774823446 2.485849398646045 2.482043519809745 2.4782376409734455 2.474431762137146 2.4706258833008397 2.4668200044645396 2.46301412562824 2.4592082467919405 2.4554023679556405 2.451596489119341 2.4477906102830413 2.4439847314467413 2.4401788526104418 2.4363729737741417
2.4602213973371154 2.461550820818108 2.4628802442991007 2.4642096677800938 2.4655390912610864 2.4668685147420795 2.468197938223072 2.4695273617040647 2.47085678518506 2.4721862086660527 2.4735156321470453 2.4748450556280384 2.476174479109031 2.477503902590024 2.4788333260710167 2.4801627495520093 2.4814921730330024 2.482821596513995 2.4841510199949877 2.4854804434759807 2.4868098669569734 2.4881392904379687 2.4894687139189613 2.490798137399954 2.492127560880947 2.4934569843619396 2.4947864078429323 2.4961158313239253 2.494943481096569 2.491096678219746 2.4872498753429224 2.4834030724660994 2.479556269589276 2.475709466712453 2.4718626638356227 2.4680158609587997 2.464169058081976 2.460322255205153 2.4564754523283296 2.4526286494515066 2.448781846574683 2.44493504369786 2.4410882408210366 2.4372414379442136
2.460540927179241 2.4619133272963256 2.463285727413411 2.4646581275304955 2.4660305276475807 2.4674029277646654 2.4687753278817506 2.4701477279988353 2.4715201281159227 2.4728925282330074 2.4742649283500926 2.4756373284671773 2.4770097285842625 2.478382128701347 2.4797545288184324 2.481126928935517 2.4824993290526023 2.483871729169687 2.485244129286772 2.4866165294038574 2.487988929520942 2.4893613296380295 2.490733729755114 2.4921061298721994 2.493478529989284 2.4948509301063693 2.496223330223454 2.497595730340539 2.4964258058744946 2.492538078957148 2.488650352039801 2.484762625122454 2.480874898205107 2.4769871712877607 2.473099444370407 2.46921171745306 2.4653239905357136 2.4614362636183666 2.4575485367010197 2.4536608097836727 2.4497730828663262 2.4458853559489793 2.4419976290316323 2.4381099021142854
2.460860457021366 2.462275833774543 2.46369121052772 2.4651065872808973 2.4665219640340745 2.4679373407872514 2.4693527175404286 2.4707680942936054 2.472183471046785 2.473598847799962 2.4750142245531395 2.4764296013063163 2.4778449780594936 2.4792603548126704 2.4806757315658476 2.4820911083190245 2.4835064850722017 2.484921861825379 2.486337238578556 2.487752615331733 2.48916799208491 2.49058336883809 2.4919987455912667 2.493414122344444 2.4948294990976208 2.496244875850798 2.497660252603975 2.499075629357152 2.49790813065242 2.4939794796945494 2.490050828736679 2.4861221777788085 2.482193526820938 2.4782648758630677 2.4743362249051906 2.47040757394732 2.4664789229894497 2.4625502720315793 2.458621621073709 2.4546929701158384 2.450764319157968 2.446835668200098 2.4429070172422276 2.438978366284357
2.4593575694159893 2.460775794197724 2.4621940189794587 2.4636122437611934 2.465030468542928 2.4664486933246628 2.4678669181063975 2.469285142888132 2.4707033676698695 2.4721215924516042 2.473539817233339 2.4749580420150736 2.4763762667968083 2.477794491578543 2.4792127163602777 2.4806309411420124 2.482049165923747 2.483467390705482 2.4848856154872165 2.4863038402689512 2.487722065050686 2.4891402898324233 2.490558514614158 2.4919767393958927 2.4933949641776274 2.494813188959362 2.496231413741097 2.4976496385228315 2.496481688582474 2.492549059400984 2.488616430219494 2.484683801038004 2.480751171856514 2.476818542675024 2.4728859134935273 2.4689532843120374 2.4650206551305476 2.4610880259490577 2.4571553967675674 2.4532227675860776 2.4492901384045878 2.4453575092230975 2.4414248800416076 2.437492250860118
2.455906632431362 2.45728481028962 2.4586629881478776 2.4600411660061354 2.461419343864393 2.4627975217226505 2.4641756995809083 2.465553877439166 2.466932055297426 2.468310233155684 2.4696884110139417 2.4710665888721994 2.4724447667304568 2.4738229445887145 2.4752011224469723 2.47657930030523 2.477957478163488 2.4793356560217457 2.480713833880003 2.4820920117382608 2.4834701895965186 2.4848483674547786 2.4862265453130363 2.487604723171294 2.488982901029552 2.490361078887809 2.491739256746067 2.493117434604325 2.4919459580999623 2.4880488434443233 2.4841517287886847 2.480254614133046 2.4763574994774076 2.472460384821769 2.4685632701661238 2.464666155510485 2.4607690408548466 2.456871926199208 2.4529748115435694 2.449077696887931 2.4451805822322923 2.4412834675766537 2.437386352921015 2.4334892382653766
