Figures/CREST_Example_wjb_NSE/PETs/wjb.pet.20100902.asc
ncols            288
nrows            254
xllcorner        113.274861
yllcorner        31.4918055
cellsize         0.008333333333
NODATA_value     -9999
[rows 120 to 139 of 254, columns 88 to 131 of 288]
1.5437497983643131 1.546594377614722 1.5494389568651308 1.5522835361155443 1.555128115365953 1.557972694616362 1.5608172738667707 1.5636618531171795 1.5665064323675884 1.569351011617997 1.5721955908684058 1.5750401701188146 1.5778847493692234 1.5807293286196322 1.5830906347645073 1.584935311032183 1.586779987299862 1.5886246635675378 1.5904693398352137 1.5923140161028895 1.5941586923705653 1.596003368638241 1.597848044905917 1.5996927211735927 1.6015373974412686 1.6033820737089444 1.6052267499766202 1.607071426244296 1.6089161025119718 1.6107607787796507 1.6126054550473266 1.6144501313150024 1.6162948075826782 1.618139483850354 1.6199841601180298 1.6218288363857056 1.6236735126533814 1.6255181889210573 1.627362865188733 1.629207541456409 1.6310522177240847 1.6328968939917605 1.6347415702594394 1.6365862465271153
1.5487219107328556 1.5516058434085742 1.5544897760842928 1.5573737087600164 1.560257641435735 1.5631415741114536 1.5660255067871722 1.5689094394628909 1.5717933721386095 1.574677304814328 1.5775612374900467 1.5804451701657654 1.583329102841484 1.5862130355172026 1.5886082386378786 1.5904809788134533 1.5923537189890313 1.594226459164606 1.5960991993401807 1.5979719395157554 1.5998446796913302 1.6017174198669049 1.6035901600424796 1.6054629002180545 1.6073356403936292 1.609208380569204 1.6110811207447786 1.6129538609203533 1.614826601095928 1.616699341271506 1.6185720814470808 1.6204448216226555 1.6223175617982304 1.624190301973805 1.6260630421493798 1.6279357823249545 1.6298085225005292 1.631681262676104 1.6335540028516786 1.6354267430272535 1.6372994832028283 1.639172223378403 1.641044963553981 1.6429177037295557
1.5536940231013978 1.5566173092024262 1.5595405953034547 1.5624638814044882 1.5653871675055167 1.568310453606545 1.5712337397075735 1.5741570258086022 1.5770803119096306 1.580003598010659 1.5829268841116875 1.585850170212716 1.5887734563137443 1.591696742414773 1.5941258425112497 1.5960266465947235 1.5979274506782002 1.599828254761674 1.6017290588451476 1.6036298629286214 1.605530667012095 1.6074314710955686 1.6093322751790424 1.611233079262516 1.6131338833459898 1.6150346874294634 1.616935491512937 1.6188362955964108 1.6207370996798844 1.6226379037633614 1.6245387078468352 1.6264395119303088 1.6283403160137824 1.6302411200972562 1.6321419241807298 1.6340427282642036 1.6359435323476772 1.6378443364311508 1.6397451405146246 1.6416459445980982 1.6435467486815718 1.6454475527650456 1.6473483568485225 1.6492491609319961
1.5586661354699403 1.5616287749962785 1.5645914145226167 1.56755405404896 1.5705166935752986 1.5734793331016368 1.576441972627975 1.5794046121543135 1.5823672516806517 1.5853298912069902 1.5882925307333284 1.5912551702596667 1.5942178097860051 1.5971804493123434 1.599643446384621 1.6015723143759937 1.6035011823673695 1.6054300503587422 1.607358918350115 1.6092877863414874 1.61121665433286 1.6131455223242326 1.6150743903156053 1.6170032583069778 1.6189321262983505 1.6208609942897232 1.6227898622810957 1.6247187302724684 1.6266475982638409 1.628576466255217 1.6305053342465894 1.632434202237962 1.6343630702293348 1.6362919382207073 1.63822080621208 1.6401496742034525 1.6420785421948252 1.6440074101861977 1.6459362781775704 1.647865146168943 1.6497940141603156 1.6517228821516883 1.653651750143064 1.6555806181344368
1.5636382478384867 1.566640240790135 1.569642233741783 1.5726442266934364 1.5756462196450847 1.5786482125967327 1.581650205548381 1.5846521985000293 1.5876541914516773 1.5906561844033256 1.5936581773549738 1.5966601703066219 1.5996621632582702 1.6026641562099184 1.605161050257997 1.6071179821572685 1.6090749140565435 1.611031845955815 1.6129887778550867 1.6149457097543582 1.6169026416536296 1.6188595735529012 1.6208165054521728 1.6227734373514444 1.624730369250716 1.6266873011499876 1.6286442330492592 1.6306011649485308 1.6325580968478024 1.6345150287470773 1.636471960646349 1.6384288925456205 1.6403858244448921 1.6423427563441637 1.6442996882434353 1.646256620142707 1.6482135520419785 1.65017048394125 1.6521274158405217 1.654084347739793 1.6560412796390647 1.6579982115383363 1.6599551434376112 1.6619120753368828
1.5686103602070292 1.571651706583987 1.574693052960945 1.5777343993379085 1.5807757457148663 1.5838170920918244 1.5868584384687825 1.5898997848457406 1.5929411312226986 1.5959824775996567 1.5990238239766146 1.6020651703535727 1.6051065167305307 1.6081478631074888 1.6106786541313682 1.6126636499385387 1.6146486457457125 1.6166336415528832 1.6186186373600537 1.6206036331672242 1.6225886289743947 1.6245736247815652 1.6265586205887357 1.6285436163959062 1.6305286122030767 1.6325136080102471 1.6344986038174178 1.6364835996245883 1.6384685954317588 1.6404535912389326 1.6424385870461031 1.6444235828532736 1.646408578660444 1.6483935744676148 1.6503785702747853 1.6523635660819558 1.6543485618891263 1.6563335576962968 1.6583185535034672 1.6603035493106377 1.6622885451178082 1.6642735409249787 1.6662585367321527 1.6682435325393232
1.5735824725755714 1.5766631723778393 1.5797438721801071 1.5828245719823801 1.585905271784648 1.588985971586916 1.5920666713891838 1.5951473711914517 1.5982280709937196 1.6013087707959874 1.6043894705982553 1.6074701704005232 1.610550870202791 1.613631570005059 1.6161962580047393 1.618209317719809 1.6202223774348816 1.6222354371499512 1.6242484968650206 1.62626155658009 1.6282746162951596 1.630287676010229 1.6323007357252983 1.634313795440368 1.6363268551554373 1.6383399148705067 1.6403529745855763 1.6423660343006456 1.644379094015715 1.646392153730788 1.6484052134458576 1.650418273160927 1.6524313328759963 1.654444392591066 1.6564574523061353 1.6584705120212047 1.6604835717362743 1.6624966314513436 1.664509691166413 1.6665227508814826 1.668535810596552 1.6705488703116214 1.6725619300266943 1.6745749897417637
1.5785545849441136 1.5816746381716915 1.5847946913992692 1.5879147446268522 1.59103479785443 1.5941548510820076 1.5972749043095853 1.600394957537163 1.6035150107647407 1.6066350639923184 1.6097551172198963 1.612875170447474 1.6159952236750517 1.6191152769026294 1.6217138618781106 1.6237549855010789 1.6257961091240507 1.6278372327470192 1.6298783563699877 1.631919479992956 1.6339606036159244 1.6360017272388927 1.6380428508618612 1.6400839744848295 1.642125098107798 1.6441662217307662 1.6462073453537347 1.6482484689767032 1.6502895925996715 1.6523307162226433 1.6543718398456118 1.6564129634685802 1.6584540870915485 1.660495210714517 1.6625363343374853 1.6645774579604538 1.666618581583422 1.6686597052063905 1.6707008288293588 1.6727419524523273 1.6747830760752958 1.676824199698264 1.6788653233212358 1.6809064469442043
1.583526697312656 1.5866861039655435 1.5898455106184313 1.593004917271324 1.5961643239242118 1.5993237305770993 1.6024831372299868 1.6056425438828745 1.608801950535762 1.6119613571886495 1.6151207638415372 1.6182801704944247 1.6214395771473122 1.6245989838001997 1.627231465751482 1.6293006532823493 1.63136984081322 1.6334390283440874 1.6355082158749548 1.6375774034058221 1.6396465909366893 1.6417157784675567 1.643784965998424 1.6458541535292914 1.6479233410601586 1.649992528591026 1.6520617161218933 1.6541309036527607 1.6562000911836279 1.6582692787144988 1.6603384662453662 1.6624076537762336 1.6644768413071007 1.666546028837968 1.6686152163688355 1.6706844038997029 1.67275359143057 1.6748227789614374 1.6768919664923048 1.6789611540231721 1.6810303415540393 1.6830995290849067 1.6851687166157776 1.687237904146645
1.5884988096811983 1.5916975697593958 1.594896329837593 1.598095089915796 1.6012938499939935 1.6044926100721908 1.6076913701503883 1.6108901302285856 1.6140888903067832 1.6172876503849805 1.6204864104631778 1.6236851705413753 1.6268839306195726 1.6300826906977701 1.632749069624853 1.6348463210636193 1.636943572502389 1.6390408239411554 1.6411380753799216 1.643235326818688 1.6453325782574542 1.6474298296962204 1.6495270811349867 1.651624332573753 1.6537215840125192 1.6558188354512855 1.6579160868900518 1.660013338328818 1.6621105897675843 1.6642078412063541 1.6663050926451204 1.6684023440838867 1.670499595522653 1.6725968469614192 1.6746940984001855 1.6767913498389517 1.678888601277718 1.6809858527164843 1.6830831041552505 1.6851803555940168 1.687277607032783 1.6893748584715493 1.6914721099103192 1.6935693613490854
1.5934709220497407 1.596709035553248 1.5999471490567552 1.603185262560268 1.6064233760637752 1.6096614895672825 1.6128996030707898 1.616137716574297 1.6193758300778043 1.6226139435813116 1.6258520570848187 1.629090170588326 1.6323282840918334 1.6355663975953405 1.6382666734982245 1.6403919888448897 1.6425173041915584 1.6446426195382235 1.646767934884889 1.648893250231554 1.6510185655782192 1.6531438809248844 1.6552691962715496 1.6573945116182147 1.65951982696488 1.6616451423115453 1.6637704576582104 1.6658957730048756 1.6680210883515407 1.6701464036982097 1.6722717190448748 1.67439703439154 1.6765223497382051 1.6786476650848705 1.6807729804315357 1.6828982957782008 1.685023611124866 1.6871489264715311 1.6892742418181963 1.6913995571648617 1.6935248725115268 1.695650187858192 1.6977755032048607 1.699900818551526
1.5984430344182872 1.6017205013471043 1.6049979682759214 1.6082754352047441 1.6115529021335613 1.6148303690623784 1.6181078359911956 1.6213853029200127 1.6246627698488298 1.627940236777647 1.6312177037064641 1.6344951706352813 1.6377726375640984 1.6410501044929156 1.6437842773716003 1.6459376566261643 1.6480910358807321 1.6502444151352964 1.6523977943898605 1.6545511736444247 1.6567045528989888 1.658857932153553 1.661011311408117 1.6631646906626814 1.6653180699172454 1.6674714491718097 1.6696248284263737 1.671778207680938 1.673931586935502 1.67608496619007 1.6782383454446341 1.6803917246991984 1.6825451039537624 1.6846984832083267 1.6868518624628908 1.689005241717455 1.691158620972019 1.6933120002265833 1.6954653794811474 1.6976187587357117 1.6997721379902757 1.70192551724484 1.7040788964994078 1.7062322757539718
1.6034151467868296 1.6067319671409566 1.6100487874950835 1.6133656078492162 1.6166824282033432 1.6199992485574701 1.623316068911597 1.626632889265724 1.6299497096198512 1.6332665299739781 1.636583350328105 1.639900170682232 1.643216991036359 1.646533811390486 1.6493018812449716 1.6514833244074347 1.6536647675699014 1.6558462107323646 1.6580276538948278 1.6602090970572907 1.6623905402197539 1.664571983382217 1.66675342654468 1.668934869707143 1.6711163128696063 1.6732977560320694 1.6754791991945324 1.6776606423569955 1.6798420855194587 1.6820235286819254 1.6842049718443886 1.6863864150068517 1.6885678581693147 1.6907493013317778 1.692930744494241 1.695112187656704 1.697293630819167 1.6994750739816302 1.7016565171440932 1.7038379603065563 1.7060194034690195 1.7082008466314826 1.7103822897939494 1.7125637329564125
1.6083872591553718 1.6117434329348088 1.6150996067142456 1.618455780493688 1.6218119542731249 1.6251681280525616 1.6285243018319986 1.6318804756114353 1.635236649390872 1.638592823170309 1.6419489969497458 1.6453051707291826 1.6486613445086193 1.6520175182880563 1.6548194851183426 1.6570289921887047 1.6592384992590705 1.6614480063294326 1.6636575133997946 1.6658670204701567 1.6680765275405187 1.6702860346108808 1.6724955416812428 1.6747050487516049 1.676914555821967 1.679124062892329 1.681333569962691 1.6835430770330528 1.6857525841034149 1.6879620911737807 1.6901715982441428 1.6923811053145048 1.6945906123848669 1.696800119455229 1.699009626525591 1.701219133595953 1.703428640666315 1.705638147736677 1.7078476548070392 1.7100571618774012 1.7122666689477632 1.714476176018125 1.716685683088491 1.718895190158853
1.6133593715239143 1.6167548987286608 1.6201504259334076 1.62354595313816 1.6269414803429068 1.6303370075476533 1.6337325347524 1.6371280619571467 1.6405235891618934 1.64391911636664 1.6473146435713868 1.6507101707761334 1.6541056979808801 1.6575012251856267 1.6603370889917142 1.662574659969975 1.6648122309482398 1.6670498019265008 1.6692873729047617 1.6715249438830226 1.6737625148612836 1.6760000858395447 1.6782376568178057 1.6804752277960666 1.6827127987743276 1.6849503697525885 1.6871879407308494 1.6894255117091104 1.6916630826873713 1.693900653665636 1.6961382246438972 1.6983757956221581 1.700613366600419 1.70285093757868 1.705088508556941 1.7073260795352019 1.7095636505134628 1.7118012214917238 1.7140387924699847 1.7162763634482456 1.7185139344265066 1.7207515054047677 1.7229890763830324 1.7252266473612934
1.6183314838924565 1.621766364522513 1.6252012451525695 1.6286361257826318 1.6320710064126884 1.635505887042745 1.6389407676728014 1.642375648302858 1.6458105289329146 1.649245409562971 1.6526802901930275 1.656115170823084 1.6595500514531405 1.662984932083197 1.6658546928650853 1.668120327751245 1.670385962637409 1.6726515975235687 1.6749172324097288 1.6771828672958886 1.6794485021820484 1.6817141370682085 1.6839797719543683 1.6862454068405281 1.6885110417266882 1.690776676612848 1.6930423114990079 1.695307946385168 1.6975735812713277 1.6998392161574916 1.7021048510436514 1.7043704859298112 1.7066361208159713 1.708901755702131 1.711167390588291 1.7134330254744508 1.7156986603606108 1.7179642952467706 1.7202299301329305 1.7224955650190905 1.7247611999052503 1.7270268347914102 1.729292469677574 1.7315581045637338
1.623303596260999 1.6267778303163651 1.6302520643717315 1.633726298427104 1.63720053248247 1.6406747665378365 1.644149000593203 1.6476232346485693 1.6510974687039355 1.6545717027593019 1.6580459368146683 1.6615201708700347 1.6649944049254009 1.6684686389807672 1.6713722967384563 1.6736659955325153 1.675959694326578 1.678253393120637 1.6805470919146956 1.6828407907087546 1.6851344895028133 1.6874281882968722 1.689721887090931 1.69201558588499 1.6943092846790486 1.6966029834731076 1.6988966822671663 1.7011903810612252 1.7034840798552842 1.7057777786493469 1.7080714774434056 1.7103651762374645 1.7126588750315233 1.7149525738255822 1.717246272619641 1.7195399714136999 1.7218336702077588 1.7241273690018175 1.7264210677958765 1.7287147665899352 1.731008465383994 1.7333021641780528 1.7355958629721155 1.7378895617661745
1.6282757086295454 1.6317892961102216 1.6353028835908978 1.6388164710715802 1.6423300585522564 1.6458436460329327 1.6493572335136089 1.652870820994285 1.6563844084749613 1.6598979959556375 1.6634115834363137 1.6669251709169899 1.670438758397666 1.6739523458783425 1.6768899006118325 1.6792116633137901 1.681533426015752 1.6838551887177098 1.6861769514196676 1.6884987141216254 1.6908204768235833 1.6931422395255409 1.6954640022274987 1.6977857649294565 1.7001075276314144 1.7024292903333722 1.70475105303533 1.7070728157372876 1.7093945784392455 1.7117163411412073 1.7140381038431651 1.716359866545123 1.7186816292470806 1.7210033919490384 1.7233251546509962 1.725646917352954 1.7279686800549119 1.7302904427568697 1.7326122054588273 1.7349339681607852 1.737255730862743 1.7395774935647008 1.7418992562666626 1.7442210189686205
1.6332478209980879 1.6368007619040739 1.6403537028100599 1.643906643716052 1.6474595846220381 1.6510125255280241 1.6545654664340104 1.6581184073399964 1.6616713482459824 1.6652242891519684 1.6687772300579544 1.6723301709639407 1.6758831118699267 1.6794360527759127 1.6824075044852036 1.6847573310950603 1.687107157704921 1.6894569843147778 1.6918068109246345 1.6941566375344912 1.696506464144348 1.6988562907542046 1.7012061173640616 1.7035559439739183 1.705905770583775 1.7082555971936317 1.7106054238034885 1.7129552504133452 1.715305077023202 1.7176549036330626 1.7200047302429193 1.722354556852776 1.7247043834626328 1.7270542100724895 1.7294040366823462 1.731753863292203 1.7341036899020599 1.7364535165119166 1.7388033431217733 1.74115316973163 1.7435029963414868 1.7458528229513435 1.7482026495612042 1.750552476171061
1.6382199333666303 1.6418122276979261 1.645404522029222 1.648996816360524 1.65258911069182 1.6561814050231158 1.6597736993544119 1.6633659936857077 1.6669582880170035 1.6705505823482996 1.6741428766795954 1.6777351710108914 1.6813274653421872 1.684919759673483 1.687925108358575 1.6903029988763305 1.6926808893940903 1.695058779911846 1.6974366704296018 1.6998145609473574 1.702192451465113 1.7045703419828686 1.7069482325006244 1.70932612301838 1.7117040135361357 1.7140819040538913 1.716459794571647 1.7188376850894027 1.7212155756071583 1.7235934661249181 1.7259713566426738 1.7283492471604294 1.730727137678185 1.7331050281959408 1.7354829187136964 1.737860809231452 1.7402386997492079 1.7426165902669635 1.744994480784719 1.7473723713024747 1.7497502618202305 1.7521281523379861 1.7545060428557457 1.7568839333735016
