Figures/CREST_Example_wjb_NSE/PETs/wjb.pet.20090215.asc
ncols            288
nrows            254
xllcorner        113.274861
yllcorner        31.4918055
cellsize         0.008333333333
NODATA_value     -9999
[rows 133 to 151 of 254, columns 176 to 219 of 288]
0.6757088002084419 0.6759235710526859 0.6761383418969298 0.6763531127411737 0.6765678835854176 0.6767826544296616 0.6769974252739058 0.6772121961181498 0.6774269669623937 0.6776417378066376 0.6778565086508815 0.6780712794951255 0.6782860503393694 0.6785008211836133 0.6787155920278573 0.6789303628721012 0.6778907640422074 0.6755102156485296 0.6731296672548518 0.6707491188611698 0.668368570467492 0.6659880220738142 0.6636074736801364 0.6612269252864585 0.6588463768927807 0.6564658284991028 0.654085280105425 0.6517047317117471 0.6493241833180694 0.6469436349243916 0.6445630865307137 0.6421825381370359 0.639801989743354 0.6374214413496762 0.6350408929559983 0.6326603445623205 0.6302797961686426 0.6278992477749648 0.6255186993812869 0.623138150987609 0.6207576025939313 0.6183770542002535 0.6159965058065756 0.6136159574128978
0.6826781744911163 0.6830118206323436 0.6833454667735709 0.6836791129147981 0.6840127590560254 0.6843464051972526 0.6846800513384805 0.6850136974797079 0.6853473436209351 0.6856809897621624 0.6860146359033897 0.686348282044617 0.6866819281858443 0.6870155743270715 0.6873492204682988 0.6876828666095262 0.6864626829756166 0.6835814201541888 0.6807001573327609 0.6778188945113282 0.6749376316899003 0.6720563688684724 0.6691751060470446 0.6662938432256166 0.6634125804041887 0.6605313175827608 0.657650054761333 0.6547687919399051 0.6518875291184772 0.6490062662970494 0.6461250034756215 0.6432437406541937 0.6403624778327608 0.6374812150113329 0.6345999521899051 0.6317186893684772 0.6288374265470493 0.6259561637256215 0.6230749009041936 0.6201936380827657 0.6173123752613378 0.6144311124399099 0.611549849618482 0.6086685867970542
0.6896475487737908 0.6901000702120014 0.690552591650212 0.6910051130884226 0.6914576345266333 0.691910155964844 0.6923626774030553 0.692815198841266 0.6932677202794767 0.6937202417176873 0.6941727631558979 0.6946252845941085 0.6950778060323193 0.6955303274705299 0.6959828489087405 0.6964353703469511 0.695034601909026 0.6916526246598481 0.6882706474106702 0.6848886701614865 0.6815066929123086 0.6781247156631307 0.6747427384139527 0.6713607611647748 0.6679787839155968 0.664596806666419 0.6612148294172411 0.6578328521680631 0.6544508749188852 0.6510688976697072 0.6476869204205293 0.6443049431713515 0.6409229659221677 0.6375409886729898 0.6341590114238119 0.6307770341746339 0.627395056925456 0.6240130796762782 0.6206311024271002 0.6172491251779223 0.6138671479287443 0.6104851706795664 0.6071031934303885 0.6037212161812106
0.6966169230564652 0.6971883197916591 0.6977597165268531 0.6983311132620471 0.6989025099972411 0.6994739067324351 0.7000453034676302 0.7006167002028242 0.7011880969380182 0.7017594936732122 0.7023308904084062 0.7029022871436001 0.7034736838787942 0.7040450806139882 0.7046164773491822 0.7051878740843762 0.7036065208424354 0.6997238291655075 0.6958411374885795 0.6919584458116449 0.6880757541347169 0.6841930624577889 0.680310370780861 0.676427679103933 0.672544987427005 0.668662295750077 0.6647796040731491 0.6608969123962211 0.657014220719293 0.6531315290423652 0.6492488373654371 0.6453661456885091 0.6414834540115746 0.6376007623346466 0.6337180706577187 0.6298353789807907 0.6259526873038627 0.6220699956269348 0.6181873039500068 0.6143046122730788 0.6104219205961509 0.6065392289192229 0.6026565372422948 0.5987738455653668
0.7035862973391456 0.704276569371323 0.7049668414035004 0.7056571134356779 0.7063473854678554 0.7070376575000329 0.7077279295322115 0.7084182015643891 0.7091084735965665 0.709798745628744 0.7104890176609214 0.7111792896930988 0.7118695617252764 0.7125598337574538 0.7132501057896313 0.7139403778218087 0.712178439775852 0.7077950336711736 0.7034116275664952 0.6990282214618093 0.6946448153571309 0.6902614092524524 0.6858780031477739 0.6814945970430955 0.677111190938417 0.6727277848337386 0.6683443787290602 0.6639609726243817 0.6595775665197032 0.6551941604150248 0.6508107543103463 0.6464273482056679 0.642043942100982 0.6376605359963036 0.6332771298916251 0.6288937237869466 0.6245103176822682 0.6201269115775897 0.6157435054729113 0.6113600993682329 0.6069766932635544 0.602593287158876 0.5982098810541975 0.593826474949519
0.7105556716218199 0.7113648189509807 0.7121739662801415 0.7129831136093023 0.7137922609384632 0.7146014082676241 0.7154105555967862 0.716219702925947 0.7170288502551079 0.7178379975842688 0.7186471449134296 0.7194562922425904 0.7202654395717513 0.7210745869009121 0.7218837342300729 0.7226928815592337 0.7207503587092613 0.7158662381768328 0.7109821176444043 0.7060979971119675 0.701213876579539 0.6963297560471106 0.6914456355146821 0.6865615149822536 0.6816773944498251 0.6767932739173966 0.6719091533849681 0.6670250328525397 0.6621409123201112 0.6572567917876826 0.6523726712552541 0.6474885507228256 0.6426044301903888 0.6377203096579603 0.6328361891255319 0.6279520685931034 0.6230679480606749 0.6181838275282464 0.6132997069958179 0.6084155864633894 0.603531465930961 0.5986473453985325 0.593763224866104 0.5888791043336754
0.7175250459044943 0.7184530685306385 0.7193810911567827 0.7203091137829268 0.7212371364090711 0.7221651590352153 0.723093181661361 0.7240212042875053 0.7249492269136495 0.7258772495397936 0.7268052721659378 0.727733294792082 0.7286613174182263 0.7295893400443704 0.7305173626705146 0.7314453852966588 0.7293222776426707 0.7239374426824922 0.7185526077223137 0.713167772762126 0.7077829378019473 0.7023981028417688 0.6970132678815903 0.6916284329214117 0.6862435979612332 0.6808587630010547 0.6754739280408761 0.6700890930806976 0.6647042581205191 0.6593194231603405 0.653934588200162 0.6485497532399835 0.6431649182797958 0.6377800833196172 0.6323952483594387 0.6270104133992602 0.6216255784390816 0.6162407434789031 0.6108559085187246 0.605471073558546 0.6000862385983675 0.594701403638189 0.5893165686780104 0.5839317337178319
0.7244944201871687 0.7255413181102962 0.7265882160334238 0.7276351139565513 0.728682011879679 0.7297289098028065 0.7307758077259359 0.7318227056490634 0.732869603572191 0.7339165014953185 0.7349633994184461 0.7360102973415736 0.7370571952647011 0.7381040931878288 0.7391509911109563 0.7401978890340839 0.73789419657608 0.7320086471881515 0.7261230978002229 0.7202375484122843 0.7143519990243556 0.7084664496364271 0.7025809002484985 0.69669535086057 0.6908098014726414 0.6849242520847127 0.6790387026967842 0.6731531533088556 0.6672676039209271 0.6613820545329985 0.6554965051450699 0.6496109557571413 0.6437254063692027 0.6378398569812741 0.6319543075933456 0.626068758205417 0.6201832088174883 0.6142976594295598 0.6084121100416312 0.6025265606537027 0.5966410112657741 0.5907554618778454 0.5848699124899168 0.5789843631019883
0.7314637944698431 0.732629567689954 0.7337953409100649 0.7349611141301758 0.7361268873502868 0.7372926605703978 0.7384584337905107 0.7396242070106216 0.7407899802307325 0.7419557534508434 0.7431215266709543 0.7442872998910652 0.7454530731111761 0.7466188463312871 0.747784619551398 0.7489503927715089 0.7464661155094894 0.7400798516938107 0.7336935878781321 0.7273073240624426 0.720921060246764 0.7145347964310853 0.7081485326154067 0.7017622687997281 0.6953760049840495 0.6889897411683709 0.6826034773526922 0.6762172135370136 0.669830949721335 0.6634446859056563 0.6570584220899777 0.650672158274299 0.6442858944586095 0.6378996306429309 0.6315133668272523 0.6251271030115737 0.6187408391958951 0.6123545753802164 0.6059683115645378 0.5995820477488591 0.5931957839331805 0.5868095201175019 0.5804232563018232 0.5740369924861446
0.7384331687525175 0.7397178172696118 0.7410024657867061 0.7422871143038003 0.7435717628208947 0.744856411337989 0.7461410598550854 0.7474257083721797 0.748710356889274 0.7499950054063683 0.7512796539234625 0.7525643024405568 0.7538489509576511 0.7551335994747455 0.7564182479918398 0.757702896508934 0.7550380344428987 0.7481510561994701 0.7412640779560414 0.734377099712601 0.7274901214691722 0.7206031432257436 0.7137161649823149 0.7068291867388863 0.6999422084954576 0.693055230252029 0.6861682520086002 0.6792812737651716 0.6723942955217429 0.6655073172783142 0.6586203390348856 0.6517333607914568 0.6448463825480164 0.6379594043045878 0.6310724260611591 0.6241854478177304 0.6172984695743018 0.6104114913308731 0.6035245130874445 0.5966375348440157 0.5897505566005871 0.5828635783571584 0.5759766001137298 0.569089621870301
0.7454025430351919 0.7468060668492695 0.7482095906633472 0.7496131144774248 0.7510166382915026 0.7524201621055802 0.7538236859196602 0.7552272097337379 0.7566307335478155 0.7580342573618931 0.7594377811759708 0.7608413049900484 0.7622448288041261 0.7636483526182037 0.7650518764322815 0.766455400246359 0.7636099533763081 0.7562222607051293 0.7488345680339507 0.7414468753627593 0.7340591826915807 0.7266714900204019 0.7192837973492232 0.7118961046780444 0.7045084120068658 0.697120719335687 0.6897330266645083 0.6823453339933296 0.6749576413221509 0.6675699486509721 0.6601822559797934 0.6527945633086147 0.6454068706374234 0.6380191779662446 0.630631485295066 0.6232437926238872 0.6158560999527085 0.6084684072815298 0.6010807146103511 0.5936930219391723 0.5863053292679936 0.5789176365968149 0.5715299439256362 0.5641422512544575
0.7523719173178722 0.7538943164289333 0.7554167155399945 0.7569391146510556 0.7584615137621167 0.7599839128731778 0.7615063119842415 0.7630287110953026 0.7645511102063637 0.7660735093174248 0.7675959084284859 0.769118307539547 0.7706407066506081 0.7721631057616692 0.7736855048727304 0.7752079039837915 0.7721818723097247 0.7642934652107954 0.7564050581118663 0.7485166510129236 0.7406282439139945 0.7327398368150653 0.7248514297161361 0.7169630226172069 0.7090746155182777 0.7011862084193485 0.6932978013204193 0.6854093942214902 0.6775209871225609 0.6696325800236318 0.6617441729247026 0.6538557658257733 0.6459673587268308 0.6380789516279015 0.6301905445289724 0.6223021374300431 0.6144137303311139 0.6065253232321848 0.5986369161332555 0.5907485090343264 0.5828601019353972 0.574971694836468 0.5670832877375388 0.5591948806386096
0.7593412916005466 0.7609825660085912 0.7626238404166356 0.7642651148246801 0.7659063892327246 0.767547663640769 0.7691889380488163 0.7708302124568608 0.7724714868649052 0.7741127612729497 0.7757540356809942 0.7773953100890386 0.7790365844970831 0.7806778589051276 0.782319133313172 0.7839604077212166 0.780753791243134 0.7723646697164548 0.7639755481897755 0.7555864266630821 0.7471973051364028 0.7388081836097236 0.7304190620830443 0.722029940556365 0.7136408190296858 0.7052516975030065 0.6968625759763273 0.688473454449648 0.6800843329229689 0.6716952113962896 0.6633060898696104 0.6549169683429311 0.6465278468162375 0.6381387252895583 0.6297496037628791 0.6213604822361999 0.6129713607095206 0.6045822391828414 0.5961931176561621 0.5878039961294829 0.5794148746028036 0.5710257530761245 0.5626366315494452 0.554247510022766
0.766310665883221 0.7680708155882489 0.7698309652932768 0.7715911149983046 0.7733512647033324 0.7751114144083603 0.7768715641133911 0.7786317138184189 0.7803918635234468 0.7821520132284746 0.7839121629335024 0.7856723126385303 0.7874324623435581 0.7891926120485859 0.7909527617536138 0.7927129114586416 0.7893257101765434 0.7804358742221141 0.7715460382676849 0.7626562023132404 0.7537663663588111 0.7448765304043818 0.7359866944499525 0.7270968584955232 0.7182070225410939 0.7093171865866646 0.7004273506322354 0.6915375146778061 0.6826476787233768 0.6737578427689475 0.6648680068145182 0.6559781708600889 0.6470883349056444 0.6381984989512153 0.6293086629967859 0.6204188270423566 0.6115289910879274 0.6026391551334981 0.5937493191790688 0.5848594832246394 0.5759696472702103 0.5670798113157809 0.5581899753613516 0.5493001394069223
0.7732800401658955 0.7751590651679067 0.7770380901699179 0.7789171151719291 0.7807961401739403 0.7826751651759515 0.7845541901779659 0.7864332151799771 0.7883122401819883 0.7901912651839995 0.7920702901860107 0.7939493151880219 0.7958283401900331 0.7977073651920443 0.7995863901940555 0.8014654151960667 0.7978976291099528 0.7885070787277734 0.7791165283455941 0.7697259779633987 0.7603354275812194 0.7509448771990401 0.7415543268168607 0.7321637764346814 0.722773226052502 0.7133826756703228 0.7039921252881434 0.6946015749059641 0.6852110245237848 0.6758204741416054 0.6664299237594261 0.6570393733772468 0.6476488229950514 0.638258272612872 0.6288677222306928 0.6194771718485135 0.6100866214663341 0.6006960710841548 0.5913055207019754 0.5819149703197961 0.5725244199376167 0.5631338695554374 0.5537433191732581 0.5443527687910787
0.7689371394086759 0.7708042307006167 0.7726713219925573 0.7745384132844979 0.7764055045764386 0.7782725958683793 0.7801396871603231 0.7820067784522637 0.7838738697442045 0.7857409610361451 0.7876080523280857 0.7894751436200265 0.7913422349119671 0.7932093262039078 0.7950764174958485 0.7969435087877891 0.7933196752008337 0.7838259186773332 0.7743321621538327 0.764838405630316 0.7553446491068155 0.7458508925833152 0.7363571360598147 0.7268633795363142 0.7173696230128137 0.7078758664893132 0.6983821099658127 0.6888883534423123 0.6793945969188118 0.6699008403953113 0.6604070838718109 0.6509133273483104 0.6414195708247937 0.6319258143012932 0.6224320577777929 0.6129383012542924 0.6034445447307919 0.5939507882072914 0.5844570316837909 0.5749632751602904 0.56546951863679 0.5559757621132895 0.546482005589789 0.5369882490662885
0.7525021297366128 0.7542174607358759 0.7559327917351392 0.7576481227344023 0.7593634537336655 0.7610787847329287 0.7627941157321948 0.7645094467314579 0.7662247777307211 0.7679401087299843 0.7696554397292474 0.7713707707285107 0.7730861017277738 0.7748014327270369 0.7765167637263002 0.7782320947255633 0.7746853361642814 0.7655132847995386 0.756341233434796 0.7471691820700376 0.7379971307052948 0.7288250793405522 0.7196530279758094 0.7104809766110667 0.701308925246324 0.6921368738815813 0.6829648225168385 0.6737927711520959 0.6646207197873532 0.6554486684226104 0.6462766170578678 0.637104565693125 0.6279325143283666 0.6187604629636239 0.6095884115988812 0.6004163602341385 0.5912443088693957 0.5820722575046531 0.5729002061399103 0.5637281547751676 0.5545561034104249 0.5453840520456822 0.5362120006809394 0.5270399493161968
0.7360671200645357 0.7376306907711213 0.7391942614777068 0.7407578321842924 0.742321402890878 0.7438849735974635 0.7454485443040517 0.7470121150106374 0.7485756857172229 0.7501392564238084 0.751702827130394 0.7532663978369796 0.7548299685435651 0.7563935392501507 0.7579571099567363 0.7595206806633218 0.7560509971277134 0.7472006509217287 0.738350304715744 0.7294999585097443 0.7206496123037596 0.7117992660977748 0.7029489198917901 0.6940985736858054 0.6852482274798207 0.676397881273836 0.6675475350678514 0.6586971888618666 0.6498468426558819 0.6409964964498972 0.6321461502439125 0.6232958040379278 0.614445457831928 0.6055951116259433 0.5967447654199586 0.5878944192139739 0.5790440730079892 0.5701937268020045 0.5613433805960197 0.552493034390035 0.5436426881840504 0.5347923419780657 0.525941995772081 0.5170916495660962
0.7196321103924727 0.7210439208063808 0.7224557312202888 0.723867541634197 0.725279352048105 0.726691162462013 0.7281029728759236 0.7295147832898317 0.7309265937037397 0.7323384041176478 0.7337502145315559 0.735162024945464 0.736573835359372 0.7379856457732801 0.7393974561871882 0.7408092666010963 0.7374166580911614 0.7288880170439344 0.7203593759967074 0.7118307349494659 0.703302093902239 0.694773452855012 0.6862448118077851 0.6777161707605581 0.6691875297133312 0.6606588886661042 0.6521302476188772 0.6436016065716502 0.6350729655244233 0.6265443244771963 0.6180156834299694 0.6094870423827424 0.6009584013355009 0.592429760288274 0.583901119241047 0.57537247819382 0.566843837146593 0.5583151960993661 0.5497865550521391 0.5412579140049122 0.5327292729576852 0.5242006319104582 0.5156719908632312 0.5071433498160043
