Figures/CREST_Example_wjb_NSE/PETs/wjb.pet.20090303.asc
ncols            288
nrows            254
xllcorner        113.274861
yllcorner        31.4918055
cellsize         0.008333333333
NODATA_value     -9999
[rows 38 to 56 of 254, columns 0 to 43 of 288]
-9999.0 -9999.0 -9999.0 -9999.0 -9999.0 -9999.0 -9999.0 -9999.0 -9999.0 -9999.0 -9999.0 -9999.0 -9999.0 1.0095249164226578 1.0075998956167134 1.0056748748107691 1.0037498540048249 1.0018248331988804 0.999899812392936 0.9979747915869918 0.9960497707810474 0.994124749975103 0.9921997291691587 0.9902747083632143 0.9883496875572699 0.9864246667513257 0.984499645945378 0.9825746251394336 0.9806496043334894 0.978724583527545 0.9767995627216006 0.9748745419156563 0.9729495211097119 0.9710245003037676 0.9690994794978233 0.9671744586918789 0.9652494378859345 0.9633244170799902 0.9613993962740458 0.9594743754680982 0.9575493546621539 0.9556243338562095 0.953257433139222 0.9504181528104371
-9999.0 -9999.0 -9999.0 -9999.0 -9999.0 -9999.0 -9999.0 -9999.0 -9999.0 -9999.0 -9999.0 -9999.0 -9999.0 1.0098270196267372 1.007909716916385 1.005992414206033 1.004075111495681 1.002157808785329 1.0002405060749768 0.9983232033646247 0.9964059006542726 0.9944885979439205 0.9925712952335685 0.9906539925232164 0.9887366898128643 0.9868193871025123 0.984902084392157 0.9829847816818049 0.9810674789714527 0.9791501762611007 0.9772328735507486 0.9753155708403966 0.9733982681300445 0.9714809654196924 0.9695636627093404 0.9676463599989883 0.9657290572886362 0.9638117545782842 0.9618944518679321 0.9599771491575768 0.9580598464472246 0.9561425437368726 0.9537666869917015 0.9509006256195663
-9999.0 -9999.0 -9999.0 -9999.0 -9999.0 -9999.0 -9999.0 -9999.0 -9999.0 -9999.0 -9999.0 -9999.0 -9999.0 -9999.0 1.008219538216057 1.0063099536012974 1.0044003689865375 1.0024907843717776 1.000581199757018 0.9986716151422581 0.9967620305274983 0.9948524459127386 0.9929428612979787 0.9910332766832189 0.9891236920684592 0.9872141074536993 0.9853045228389363 0.9833949382241766 0.9814853536094167 0.9795757689946569 0.9776661843798972 0.9757565997651373 0.9738470151503775 0.9719374305356178 0.970027845920858 0.9681182613060981 0.9662086766913384 0.9642990920765786 0.9623895074618188 0.9604799228470557 0.958570338232296 0.9566607536175361 0.9542759408441815 0.9513830984286961
-9999.0 -9999.0 -9999.0 -9999.0 -9999.0 -9999.0 -9999.0 -9999.0 -9999.0 -9999.0 -9999.0 -9999.0 -9999.0 -9999.0 -9999.0 1.0066274929965613 1.0047256264773938 1.0028237599582264 1.0009218934390587 0.9990200269198912 0.9971181604007238 0.9952162938815562 0.9933144273623887 0.9914125608432212 0.9895106943240536 0.9876088278048861 0.9857069612857153 0.9838050947665479 0.9819032282473803 0.9800013617282127 0.9780994952090453 0.9761976286898777 0.9742957621707102 0.9723938956515427 0.9704920291323752 0.9685901626132076 0.9666882960940402 0.9647864295748726 0.962884563055705 0.9609826965365343 0.9590808300173668 0.9571789634981993 0.9547851946966611 0.9518655712378252
-9999.0 -9999.0 -9999.0 -9999.0 -9999.0 -9999.0 -9999.0 -9999.0 -9999.0 -9999.0 -9999.0 -9999.0 -9999.0 -9999.0 -9999.0 1.0069450323918252 1.00505088396825 1.0031567355446747 1.0012625871210994 0.9993684386975242 0.997474290273949 0.9955801418503737 0.9936859934267985 0.9917918450032233 0.989897696579648 0.9880035481560727 0.9861093997324942 0.9842152513089191 0.9823211028853438 0.9804269544617685 0.9785328060381933 0.976638657614618 0.9747445091910428 0.9728503607674676 0.9709562123438923 0.969062063920317 0.9671679154967419 0.9652737670731666 0.9633796186495913 0.9614854702260128 0.9595913218024376 0.9576971733788624 0.9552944485491407 0.9523480440469545
-9999.0 -9999.0 -9999.0 -9999.0 -9999.0 -9999.0 -9999.0 -9999.0 -9999.0 -9999.0 -9999.0 -9999.0 -9999.0 -9999.0 -9999.0 -9999.0 1.0053761414591063 1.0034897111311234 1.0016032808031403 0.9997168504751573 0.9978304201471744 0.9959439898191914 0.9940575594912084 0.9921711291632254 0.9902846988352424 0.9883982685072594 0.9865118381792732 0.9846254078512903 0.9827389775233073 0.9808525471953243 0.9789661168673414 0.9770796865393584 0.9751932562113754 0.9733068258833923 0.9714203955554094 0.9695339652274264 0.9676475348994434 0.9657611045714605 0.9638746742434775 0.9619882439154913 0.9601018135875083 0.9582153832595254 0.9558037024016202 0.9528305168560837
-9999.0 -9999.0 -9999.0 -9999.0 -9999.0 -9999.0 -9999.0 -9999.0 -9999.0 -9999.0 -9999.0 -9999.0 -9999.0 -9999.0 -9999.0 -9999.0 -9999.0 1.0038226867175717 1.001943974485181 1.0000652622527904 0.9981865500203996 0.9963078377880089 0.9944291255556182 0.9925504133232275 0.9906717010908368 0.9887929888584461 0.9869142766260521 0.9850355643936615 0.9831568521612708 0.9812781399288801 0.9793994276964894 0.9775207154640987 0.9756420032317079 0.9737632909993172 0.9718845787669266 0.9700058665345359 0.9681271543021451 0.9662484420697545 0.9643697298373637 0.9624910176049698 0.9606123053725791 0.9587335931401885 0.9563129562540997 0.9533129896652128
-9999.0 -9999.0 -9999.0 -9999.0 -9999.0 -9999.0 -9999.0 -9999.0 -9999.0 -9999.0 -9999.0 -9999.0 -9999.0 -9999.0 -9999.0 -9999.0 -9999.0 1.0041556623040204 1.002284668167222 1.0004136740304235 0.998542679893625 0.9966716857568266 0.9948006916200282 0.9929296974832297 0.9910587033464313 0.9891877092096328 0.9873167150728313 0.9854457209360328 0.9835747267992344 0.9817037326624359 0.9798327385256375 0.9779617443888391 0.9760907502520406 0.9742197561152421 0.9723487619784438 0.9704777678416453 0.9686067737048469 0.9667357795680485 0.96486478543125 0.9629937912944484 0.9611227971576499 0.9592518030208516 0.9568222101065793 0.9537954624743421
-9999.0 -9999.0 -9999.0 -9999.0 -9999.0 -9999.0 -9999.0 -9999.0 -9999.0 -9999.0 -9999.0 -9999.0 -9999.0 -9999.0 -9999.0 -9999.0 -9999.0 -9999.0 1.0026253618492629 1.0007620858080568 0.9988988097668505 0.9970355337256445 0.9951722576844383 0.9933089816432321 0.9914457056020259 0.9895824295608198 0.9877191535196105 0.9858558774784043 0.9839926014371981 0.9821293253959921 0.9802660493547859 0.9784027733135797 0.9765394972723735 0.9746762212311675 0.9728129451899613 0.9709496691487551 0.969086393107549 0.9672231170663428 0.9653598410251367 0.9634965649839273 0.9616332889427213 0.9597700129015151 0.9573314639590593 0.9542779352834718
-9999.0 -9999.0 -9999.0 -9999.0 -9999.0 -9999.0 -9999.0 -9999.0 -9999.0 -9999.0 -9999.0 -9999.0 -9999.0 -9999.0 -9999.0 -9999.0 -9999.0 -9999.0 1.0029660555313038 1.00111049758569 0.999254939640076 0.9973993816944621 0.9955438237488482 0.9936882658032343 0.9918327078576205 0.9899771499120066 0.9881215919663895 0.9862660340207756 0.9844104760751617 0.9825549181295479 0.980699360183934 0.9788438022383201 0.9769882442927063 0.9751326863470924 0.9732771284014785 0.9714215704558646 0.9695660125102508 0.9677104545646369 0.965854896619023 0.9639993386734059 0.962143780727792 0.9602882227821782 0.9578407178115389 0.954760408092601
-9999.0 -9999.0 -9999.0 -9999.0 -9999.0 -9999.0 -9999.0 -9999.0 -9999.0 -9999.0 -9999.0 -9999.0 -9999.0 -9999.0 -9999.0 -9999.0 -9999.0 -9999.0 -9999.0 1.0014589093633228 0.9996110695133013 0.9977632296632796 0.995915389813258 0.9940675499632364 0.9922197101132149 0.9903718702631932 0.9885240304131685 0.9866761905631468 0.9848283507131252 0.9829805108631037 0.981132671013082 0.9792848311630604 0.9774369913130388 0.9755891514630173 0.9737413116129956 0.971893471762974 0.9700456319129525 0.9681977920629308 0.9663499522129092 0.9645021123628844 0.9626542725128628 0.9608064326628413 0.9583499716640186 0.9552428809017303
-9999.0 -9999.0 -9999.0 -9999.0 -9999.0 -9999.0 -9999.0 -9999.0 -9999.0 -9999.0 -9999.0 -9999.0 -9999.0 -9999.0 -9999.0 -9999.0 -9999.0 -9999.0 -9999.0 1.001807321140956 0.9999671993865266 0.9981270776320973 0.9962869558776679 0.9944468341232386 0.9926067123688093 0.9907665906143799 0.9889264688599474 0.9870863471055181 0.9852462253510887 0.9834061035966595 0.9815659818422301 0.9797258600878007 0.9778857383333714 0.9760456165789421 0.9742054948245127 0.9723653730700834 0.970525251315654 0.9686851295612248 0.9668450078067954 0.9650048860523629 0.9631647642979336 0.9613246425435042 0.958859225516498 0.9557253537108594
-9999.0 -9999.0 -9999.0 -9999.0 -9999.0 -9999.0 -9999.0 -9999.0 -9999.0 -9999.0 -9999.0 -9999.0 -9999.0 -9999.0 -9999.0 -9999.0 -9999.0 -9999.0 -9999.0 -9999.0 -9999.0 -9999.0 -9999.0 0.9948261182832406 0.9929937146244037 0.9911613109655666 0.9893289073067264 0.9874965036478893 0.9856640999890522 0.9838316963302152 0.9819992926713781 0.980166889012541 0.978334485353704 0.976502081694867 0.9746696780360299 0.9728372743771928 0.9710048707183557 0.9691724670595186 0.9673400634006817 0.9655076597418415 0.9636752560830044 0.9618428524241673 0.9593684793689776 0.9562078265199886
-9999.0 -9999.0 -9999.0 -9999.0 -9999.0 -9999.0 -9999.0 -9999.0 -9999.0 -9999.0 -9999.0 -9999.0 -9999.0 -9999.0 -9999.0 -9999.0 -9999.0 -9999.0 -9999.0 -9999.0 -9999.0 -9999.0 -9999.0 0.9952054024432428 0.9933807168799981 0.9915560313167533 0.9897313457535054 0.9879066601902606 0.9860819746270159 0.9842572890637711 0.9824326035005262 0.9806079179372814 0.9787832323740366 0.9769585468107919 0.9751338612475471 0.9733091756843023 0.9714844901210575 0.9696598045578128 0.9678351189945679 0.96601043343132 0.9641857478680752 0.9623610623048304 0.9598777332214572 0.9566902993291179
-9999.0 -9999.0 -9999.0 -9999.0 -9999.0 -9999.0 -9999.0 -9999.0 -9999.0 -9999.0 -9999.0 -9999.0 -9999.0 -9999.0 -9999.0 -9999.0 -9999.0 -9999.0 -9999.0 -9999.0 -9999.0 -9999.0 -9999.0 -9999.0 -9999.0 0.99195075166794 0.9901337842002843 0.9883168167326318 0.9864998492649794 0.9846828817973268 0.9828659143296743 0.9810489468620218 0.9792319793943692 0.9774150119267168 0.9755980444590642 0.9737810769914117 0.9719641095237592 0.9701471420561066 0.9683301745884542 0.9665132071207986 0.964696239653146 0.9628792721854935 0.9603869870739368 0.9571727721382471
-9999.0 -9999.0 -9999.0 -9999.0 -9999.0 -9999.0 -9999.0 -9999.0 -9999.0 -9999.0 -9999.0 -9999.0 -9999.0 -9999.0 -9999.0 -9999.0 -9999.0 -9999.0 -9999.0 -9999.0 -9999.0 -9999.0 -9999.0 -9999.0 -9999.0 0.992345472019127 0.9905362226470638 0.9887269732750035 0.9869177239029432 0.985108474530883 0.9832992251588227 0.9814899757867626 0.9796807264147023 0.977871477042642 0.9760622276705818 0.9742529782985215 0.9724437289264614 0.9706344795544011 0.9688252301823409 0.9670159808102775 0.9652067314382173 0.963397482066157 0.9608962409264168 0.9576552449473767
-9999.0 -9999.0 -9999.0 -9999.0 -9999.0 -9999.0 -9999.0 -9999.0 -9999.0 -9999.0 -9999.0 -9999.0 -9999.0 -9999.0 -9999.0 -9999.0 -9999.0 -9999.0 -9999.0 -9999.0 -9999.0 -9999.0 -9999.0 -9999.0 -9999.0 0.9927401923703136 0.9909386610938427 0.9891371298173747 0.9873355985409067 0.9855340672644387 0.9837325359879708 0.9819310047115029 0.9801294734350349 0.9783279421585669 0.9765264108820989 0.974724879605631 0.972923348329163 0.9711218170526951 0.9693202857762271 0.9675187544997561 0.9657172232232881 0.9639156919468201 0.9614054947788964 0.958137717756506
-9999.0 -9999.0 -9999.0 -9999.0 -9999.0 -9999.0 -9999.0 -9999.0 -9999.0 -9999.0 -9999.0 -9999.0 -9999.0 -9999.0 -9999.0 -9999.0 -9999.0 -9999.0 -9999.0 -9999.0 1.002103978625879 1.0003101654450033 0.9985163522641275 0.9967225390832518 0.9949287259023761 0.9931349127215005 0.9913410995406217 0.989547286359746 0.9877534731788703 0.9859596599979946 0.9841658468171189 0.9823720336362433 0.9805782204553676 0.9787844072744918 0.9769905940936161 0.9751967809127404 0.9734029677318647 0.9716091545509891 0.9698153413701134 0.9680215281892346 0.9662277150083589 0.9644339018274832 0.9619147486313759 0.9586201905656353
-9999.0 -9999.0 -9999.0 -9999.0 -9999.0 -9999.0 -9999.0 -9999.0 -9999.0 -9999.0 -9999.0 -9999.0 -9999.0 -9999.0 -9999.0 -9999.0 -9999.0 -9999.0 -9999.0 1.0042462035843875 1.002460108499104 1.0006740134138208 0.9988879183285373 0.9971018232432538 0.9953157281579704 0.993529633072687 0.9917435379874006 0.9899574429021172 0.9881713478168337 0.9863852527315503 0.9845991576462669 0.9828130625609834 0.9810269674757001 0.9792408723904167 0.9774547773051332 0.9756686822198498 0.9738825871345663 0.972096492049283 0.9703103969639996 0.9685243018787131 0.9667382067934297 0.9649521117081462 0.9624240024838554 0.9591026633747644
