Figures/CREST_Example_wjb_NSE/PETs/wjb.pet.20090522.asc
ncols            288
nrows            254
xllcorner        113.274861
yllcorner        31.4918055
cellsize         0.008333333333
NODATA_value     -9999
[rows 80 to 99 of 254, columns 176 to 219 of 288]
1.8713917848565034 1.8755102728859505 1.8796287609153979 1.883747248944845 1.8878657369742924 1.8919842250037395 1.8961027130331938 1.9002212010626411 1.9043396890920883 1.9084581771215356 1.9125766651509828 1.9166951531804302 1.9208136412098773 1.9249321292393247 1.9290506172687718 1.9331691052982192 1.9386193765028517 1.945493354055493 1.9523673316081345 1.9592413091607874 1.9661152867134288 1.9729892642660702 1.9798632418187116 1.986737219371353 1.9936111969239945 2.0004851744766357 2.0073591520292773 2.0142331295819185 2.02110710713456 2.0279810846872013 -9999.0 -9999.0 -9999.0 -9999.0 -9999.0 -9999.0 -9999.0 -9999.0 -9999.0 -9999.0 -9999.0 -9999.0 -9999.0 -9999.0
1.8756944393345325 1.879710183325216 1.8837259273158997 1.8877416713065833 1.891757415297267 1.8957731592879503 1.8997889032786408 1.9038046472693244 1.907820391260008 1.9118361352506916 1.915851879241375 1.9198676232320586 1.9238833672227422 1.9278991112134258 1.9319148552041094 1.9359305991947928 1.9413531416029917 1.9482795833505906 1.9552060250981895 1.9621324668458002 1.9690589085933992 1.975985350340998 1.982911792088597 1.989838233836196 1.996764675583795 2.003691117331394 2.0106175590789928 2.0175440008265917 2.0244704425741906 2.0313968843217896 -9999.0 -9999.0 -9999.0 -9999.0 -9999.0 -9999.0 -9999.0 -9999.0 -9999.0 -9999.0 -9999.0 -9999.0 -9999.0 -9999.0
1.879997093812562 1.883910093764482 1.8878230937164018 1.8917360936683216 1.8956490936202415 1.8995620935721613 1.903475093524088 1.907388093476008 1.9113010934279278 1.9152140933798476 1.9191270933317675 1.9230400932836873 1.9269530932356072 1.9308660931875272 1.934779093139447 1.938692093091367 1.944086906703132 1.9510658126456883 1.9580447185882448 1.9650236245308133 1.9720025304733697 1.9789814364159262 1.9859603423584826 1.992939248301039 1.9999181542435955 2.006897060186152 2.0138759661287082 2.020854872071265 2.027833778013821 -9999.0 -9999.0 -9999.0 -9999.0 -9999.0 -9999.0 -9999.0 -9999.0 -9999.0 -9999.0 -9999.0 -9999.0 -9999.0 -9999.0 -9999.0
1.8842997482905914 1.8881100042037475 1.8919202601169038 1.89573051603006 1.8995407719432162 1.9033510278563723 1.907161283769535 1.9109715396826912 1.9147817955958475 1.9185920515090036 1.9224023074221597 1.926212563335316 1.930022819248472 1.9338330751616284 1.9376433310747845 1.9414535869879406 1.9468206718032721 1.953852041940786 1.9608834120783 1.9679147822158258 1.9749461523533398 1.9819775224908538 1.9890088926283678 1.9960402627658818 2.0030716329033957 2.0101030030409097 2.0171343731784237 2.0241657433159377 2.0311971134534517 -9999.0 -9999.0 -9999.0 -9999.0 -9999.0 -9999.0 -9999.0 -9999.0 -9999.0 -9999.0 -9999.0 -9999.0 -9999.0 -9999.0 -9999.0
1.8886024027686208 1.8923099146430131 1.8960174265174057 1.8997249383917982 1.9034324502661908 1.9071399621405831 1.910847474014982 1.9145549858893744 1.918262497763767 1.9219700096381596 1.925677521512552 1.9293850333869444 1.933092545261337 1.9368000571357296 1.940507569010122 1.9442150808845144 1.9495544369034121 1.9566382712358836 1.9637221055683551 1.9708059399008386 1.9778897742333101 1.9849736085657816 1.9920574428982532 1.9991412772307247 2.006225111563196 2.013308945895668 2.020392780228139 2.027476614560611 2.034560448893082 -9999.0 -9999.0 -9999.0 -9999.0 -9999.0 -9999.0 -9999.0 -9999.0 -9999.0 -9999.0 -9999.0 -9999.0 -9999.0 -9999.0 -9999.0
1.892905057246654 1.8965098250822825 1.9001145929179113 1.90371936075354 1.9073241285891687 1.9109288964247975 1.9145336642604323 1.918138432096061 1.9217431999316896 1.9253479677673184 1.9289527356029472 1.9325575034385758 1.9361622712742046 1.9397670391098334 1.943371806945462 1.9469765747810908 1.9522882020035546 1.9594245005309836 1.9665607990584129 1.973697097585854 1.9808333961132831 1.9879696946407122 1.9951059931681412 2.00224229169557 2.0093785902229993 2.0165148887504287 2.0236511872778578 2.030787485805287 2.037923784332716 2.045060082860145 -9999.0 -9999.0 2.0664689784424444 2.0736052769698734 -9999.0 -9999.0 -9999.0 -9999.0 -9999.0 -9999.0 -9999.0 -9999.0 -9999.0 -9999.0
1.8972077117246833 1.9007097355215483 1.9042117593184134 1.9077137831152784 1.9112158069121434 1.9147178307090083 1.9182198545058793 1.9217218783027443 1.9252239020996094 1.9287259258964744 1.9322279496933394 1.9357299734902045 1.9392319972870695 1.9427340210839343 1.9462360448807994 1.9497380686776644 1.9550219671036946 1.9622107298260814 1.969399492548468 1.9765882552708667 1.9837770179932535 1.99096578071564 1.9981545434380266 2.0053433061604133 2.0125320688827997 2.0197208316051865 2.0269095943275732 2.0340983570499596 2.0412871197723463 2.048475882494733 2.0556646452171194 2.0628534079395062 2.070042170661905 2.0772309333842918 2.084419696106678 -9999.0 -9999.0 -9999.0 -9999.0 -9999.0 -9999.0 -9999.0 -9999.0 -9999.0
1.9015103662027126 1.904909645960814 1.9083089257189152 1.9117082054770165 1.915107485235118 1.9185067649932193 1.9219060447513263 1.9253053245094276 1.9287046042675289 1.9321038840256304 1.9355031637837317 1.938902443541833 1.9423017232999342 1.9457010030580355 1.949100282816137 1.9524995625742383 1.9577557322038348 1.9649969591211789 1.972238186038523 1.9794794129558795 1.9867206398732238 1.9939618667905679 2.001203093707912 2.008444320625256 2.0156855475426005 2.0229267744599446 2.0301680013772887 2.037409228294633 2.044650455211977 2.051891682129321 2.0591329090466655 2.0663741359640095 2.073615362881366 2.08085658979871 2.088097816716054 -9999.0 -9999.0 -9999.0 -9999.0 -9999.0 -9999.0 -9999.0 -9999.0 -9999.0
1.9087316529349527 1.912025441227938 1.9153192295209236 1.918613017813909 1.9219068061068945 1.9252005943998798 1.9284943826928709 1.9317881709858564 1.935081959278842 1.9383757475718273 1.9416695358648128 1.9449633241577982 1.9482571124507837 1.951550900743769 1.9548446890367546 1.9581384773297401 1.9633410095019186 1.970584032069354 1.9778270546367895 1.9850700772042373 1.9923130997716727 1.9995561223391083 2.0067991449065437 2.014042167473979 2.021285190041415 2.02852821260885 2.0357712351762856 2.043014257743721 2.0502572803111567 2.057500302878592 2.0647433254460275 2.071986348013463 2.0792293705809106 2.0864723931483464 2.093715415715782 -9999.0 -9999.0 -9999.0 -9999.0 -9999.0 -9999.0 -9999.0 -9999.0 -9999.0
1.9190727735323183 1.9222581335346378 1.9254434935369573 1.9286288535392768 1.9318142135415963 1.9349995735439158 1.9381849335462407 1.9413702935485602 1.9445556535508797 1.9477410135531992 1.9509263735555187 1.9541117335578382 1.9572970935601577 1.9604824535624772 1.9636678135647967 1.9668531735671162 1.9719743735567798 1.9791650302944073 1.9863556870320347 1.9935463437696743 2.0007370005073017 2.007927657244929 2.0151183139825566 2.022308970720184 2.029499627457811 2.0366902841954384 2.043880940933066 2.0510715976706932 2.0582622544083207 2.065452911145948 2.0726435678835755 2.079834224621203 2.0870248813588423 2.0942155380964698 2.101406194834097 2.1085968515717246 -9999.0 -9999.0 -9999.0 -9999.0 -9999.0 -9999.0 -9999.0 -9999.0
1.929413894129684 1.9324908258413376 1.935567757552991 1.9386446892646445 1.9417216209762982 1.9447985526879517 1.9478754843996104 1.950952416111264 1.9540293478229176 1.957106279534571 1.9601832112462245 1.963260142957878 1.9663370746695317 1.9694140063811851 1.9724909380928386 1.9755678698044923 1.9806077376116413 1.9877460285194606 1.9948843194272798 2.002022610335111 2.0091609012429306 2.01629919215075 2.023437483058569 2.0305757739663886 2.0377140648742076 2.044852355782027 2.051990646689846 2.0591289375976656 2.066267228505485 2.073405519413304 2.0805438103211236 2.0876821012289426 2.094820392136774 2.1019586830445935 2.109096973952413 2.116235264860232 -9999.0 -9999.0 -9999.0 -9999.0 -9999.0 -9999.0 -9999.0 -9999.0
1.9397550147270495 1.9427235181480371 1.9456920215690248 1.9486605249900122 1.9516290284109998 1.9545975318319875 1.95756603525298 1.9605345386739677 1.9635030420949553 1.966471545515943 1.9694400489369304 1.972408552357918 1.9753770557789057 1.978345559199893 1.9813140626208807 1.9842825660418684 1.9892411016665026 1.9963270267445137 2.0034129518225248 2.0104988769005483 2.0175848019785594 2.0246707270565705 2.031756652134582 2.038842577212593 2.045928502290604 2.0530144273686153 2.060100352446627 2.067186277524638 2.074272202602649 2.08135812768066 2.0884440527586716 2.0955299778366827 2.102615902914706 2.1097018279927173 -9999.0 -9999.0 -9999.0 -9999.0 -9999.0 -9999.0 2.1593033035387954 -9999.0 2.173475153694818 -9999.0
1.950096135324424 1.9529562104547455 1.9558162855850671 1.9586763607153885 1.9615364358457101 1.9643965109760317 1.967256586106358 1.9701166612366796 1.9729767363670012 1.9758368114973226 1.9786968866276442 1.9815569617579656 1.9844170368882872 1.9872771120186088 1.9901371871489302 1.9929972622792518 1.9978744657213712 2.0049080249695743 2.0119415842177775 2.0189751434659926 2.0260087027141953 2.0330422619623985 2.0400758212106016 2.0471093804588048 2.054142939707008 2.061176498955211 2.0682100582034137 2.075243617451617 2.08227717669982 2.089310735948023 2.0963442951962263 2.103377854444429 2.110411413692644 2.1174449729408473 -9999.0 -9999.0 -9999.0 -9999.0 -9999.0 2.1596463284300658 2.166679887678269 2.173713446926472 2.180747006174675 -9999.0
1.9604372559217897 1.9631889027614453 1.9659405496011009 1.9686921964407564 1.971443843280412 1.9741954901200676 1.9769471369597278 1.9796987837993834 1.982450430639039 1.9852020774786945 1.98795372431835 1.9907053711580056 1.9934570179976612 1.9962086648373167 1.9989603116769723 2.001711958516628 2.0065078297762327 2.0134890231946274 2.0204702166130226 2.0274514100314294 2.0344326034498246 2.0414137968682193 2.0483949902866145 2.0553761837050093 2.0623573771234045 2.0693385705417993 2.0763197639601945 2.0833009573785892 2.090282150796984 2.097263344215379 2.104244537633774 2.111225731052169 2.118206924470576 2.125188117888971 2.132169311307366 -9999.0 -9999.0 -9999.0 -9999.0 2.167075278399341 2.1740564718177358 2.181037665236131 2.1880188586545257 -9999.0
1.9707783765191553 1.973421595068145 1.9760648136171346 1.9787080321661241 1.9813512507151139 1.9839944692641034 1.9866376878130976 1.989280906362087 1.9919241249110768 1.9945673434600664 1.997210562009056 1.9998537805580456 2.002496999107035 2.0051402176560247 2.007783436205014 2.010426654754004 2.015141193831094 2.022070021419681 2.0289988490082678 2.0359276765968666 2.0428565041854534 2.04978533177404 2.056714159362627 2.063642986951214 2.0705718145398007 2.0775006421283875 2.0844294697169747 2.0913582973055616 2.0982871248941484 2.105215952482735 2.112144780071322 2.119073607659909 2.1260024352485076 2.1329312628370944 2.1398600904256817 2.1467889180142685 -9999.0 -9999.0 -9999.0 2.174504228368616 2.1814330559572026 2.18836188354579 2.1952907111343767 2.2022195387229635
1.9811194971165211 1.9836542873748446 1.9861890776331683 1.988723867891492 1.9912586581498157 1.9937934484081392 1.9963282386664674 1.9988630289247908 2.0013978191831145 2.003932609441438 2.006467399699762 2.0090021899580854 2.0115369802164094 2.014071770474733 2.0166065607330563 2.0191413509913803 2.023774557885955 2.030651019644734 2.037527481403513 2.0444039431623033 2.051280404921082 2.058156866679861 2.06503332843864 2.0719097901974184 2.0787862519561973 2.085662713714976 2.092539175473755 2.099415637232534 2.1062920989913123 2.113168560750091 2.12004502250887 2.126921484267649 2.1337979460264394 2.1406744077852182 2.147550869543997 2.154427331302776 2.1613037930615544 2.1681802548203333 2.175056716579112 2.181933178337891 2.18880964009667 2.1956861018554488 2.202562563614227 2.209439025373006
1.9914606177138867 1.9938869796815444 1.996313341649202 1.9987397036168597 2.0011660655845174 2.0035924275521753 2.006018789519837 2.0084451514874946 2.0108715134551525 2.01329787542281 2.015724237390468 2.0181505993581252 2.020576961325783 2.023003323293441 2.0254296852610985 2.0278560472287563 2.0324079219408167 2.039232017869787 2.046056113798758 2.0528802097277405 2.059704305656711 2.066528401585682 2.0733524975146524 2.080176593443623 2.087000689372594 2.0938247853015644 2.1006488812305353 2.1074729771595058 2.1142970730884767 2.121121169017447 2.127945264946418 2.1347693608753886 2.141593456804371 2.148417552733342 2.1552416486623125 2.1620657445912834 2.168889840520254 2.175713936449225 2.1825380323781953 2.189362128307166 2.1961862242361367 2.2030103201651072 2.209834416094078 2.2166585120230486
2.0018017383112525 2.004119671988244 2.0064376056652358 2.0087555393422276 2.0110734730192195 2.013391406696211 2.0157093403732067 2.0180272740501985 2.02034520772719 2.022663141404182 2.0249810750811736 2.0272990087581655 2.029616942435157 2.0319348761121487 2.0342528097891406 2.0365707434661324 2.041041285995678 2.0478130160948407 2.054584746194003 2.0613564762931773 2.06812820639234 2.0748999364915024 2.0816716665906654 2.088443396689828 2.0952151267889905 2.101986856888153 2.1087585869873156 2.115530317086478 2.1223020471856406 2.1290737772848036 2.135845507383966 2.1426172374831287 2.149388967582303 2.1561606976814653 2.162932427780628 2.1697041578797904 2.1764758879789534 2.183247618078116 2.1900193481772785 2.196791078276441 2.2035628083756036 2.210334538474766 2.217106268573929 2.2238779986730917
2.0121428589086268 2.0143523642949526 2.016561869681278 2.0187713750676037 2.0209808804539295 2.023190385840255 2.0253998912265847 2.02760939661291 2.029818901999236 2.0320284073855617 2.034237912771887 2.036447418158213 2.0386569235445386 2.040866428930864 2.04307593431719 2.0452854397035156 2.0496746500505463 2.056394014319901 2.0631133785892555 2.069832742858621 2.0765521071279758 2.0832714713973304 2.089990835666685 2.096710199936039 2.1034295642053937 2.1101489284747483 2.116868292744103 2.123587657013457 2.1303070212828117 2.1370263855521663 2.143745749821521 2.150465114090875 2.157184478360241 2.163903842629596 2.17062320689895 2.1773425711683045 2.184061935437659 2.1907812997070137 2.197500663976368 2.2042200282457225 2.210939392515077 2.2176587567844317 2.224378121053786 2.2310974853231405
2.022483979505992 2.024585056601652 2.0266861336973117 2.0287872107929714 2.030888287888631 2.032989364984291 2.0350904420799543 2.037191519175614 2.039292596271274 2.041393673366933 2.043494750462593 2.0455958275582526 2.0476969046539124 2.049797981749572 2.051899058845232 2.0540001359408917 2.0583080141054078 2.064975012544954 2.0716420109845006 2.0783090094240584 2.0849760078636046 2.0916430063031513 2.0983100047426975 2.1049770031822437 2.1116440016217903 2.1183110000613365 2.124977998500883 2.1316449969404294 2.138311995379976 2.1449789938195223 2.1516459922590685 2.158312990698615 2.164979989138173 2.171646987577719 2.178313986017266 2.184980984456812 2.191647982896358 2.198314981335905 2.204981979775451 2.2116489782149977 2.218315976654544 2.2249829750940906 2.231649973533637 2.238316971973183
