Figures/CREST_Example_wjb_NSE/PETs/wjb.pet.20100529.asc
ncols            288
nrows            254
xllcorner        113.274861
yllcorner        31.4918055
cellsize         0.008333333333
NODATA_value     -9999
[rows 140 to 159 of 254, columns 220 to 263 of 288]
2.9445566994354984 2.9420042800931165 2.938834575002406 2.9350049774764777 2.931175379950549 2.92734578242462 2.9235161848986917 2.919686587372763 2.9158569898468345 2.9120273923209057 2.908197794794977 2.9043681972690485 2.9005385997431197 2.896709002217191 2.892879404691256 2.889049807165327 2.8852202096393986 2.88139061211347 2.8775610145875414 2.8737314170616126 2.869901819535684 2.8660722220097554 2.8622426244838266 2.858413026957898 2.8545834294319694 2.8507538319060406 2.846924234380112 2.8430946368541767 2.8392650393282484 2.8354354418023195 2.8316058442763907 2.8277762467504624 2.8249538614329044 2.823208208766237 2.821462556099569 2.819716903432901 2.817971250766233 2.8162255980995656 2.8144799454328977 2.8127342927662298 2.810988640099559 2.8092429874328912 2.8074973347662233 2.8057516820995554
2.936940536331238 2.934448939342527 2.9313156559651317 2.927496395315749 2.9236771346663666 2.919857874016984 2.9160386133676015 2.912219352718219 2.9084000920688364 2.904580831419454 2.9007615707700714 2.8969423101206893 2.8931230494713067 2.889303788821924 2.885484528172535 2.8816652675231524 2.87784600687377 2.8740267462243874 2.870207485575005 2.8663882249256223 2.86256896427624 2.8587497036268577 2.854930442977475 2.8511111823280926 2.84729192167871 2.8434726610293275 2.839653400379945 2.8358341397305558 2.832014879081173 2.828195618431791 2.8243763577824086 2.820557097133026 2.817686731464923 2.8158307560118288 2.813974780558735 2.8121188051056407 2.810262829652547 2.8084068541994527 2.806550878746359 2.8046949032932647 2.8028389278401677 2.8009829523870735 2.7991269769339797 2.7972710014808855
2.929324373226977 2.9268935985919367 2.923796736927857 2.91998781315502 2.916178889382184 2.9123699656093476 2.9085610418365113 2.9047521180636746 2.9009431942908384 2.897134270518002 2.893325346745166 2.889516422972329 2.885707499199493 2.8818985754266566 2.8780896516538137 2.8742807278809774 2.870471804108141 2.8666628803353045 2.862853956562468 2.859045032789632 2.8552361090167957 2.8514271852439594 2.8476182614711227 2.8438093376982865 2.84000041392545 2.836191490152614 2.8323825663797773 2.828573642606935 2.824764718834098 2.820955795061262 2.8171468712884256 2.8133379475155893 2.8104196014969407 2.8084533032574206 2.8064870050179005 2.80452070677838 2.80255440853886 2.8005881102993397 2.7986218120598196 2.796655513820299 2.7946892155807754 2.7927229173412553 2.7907566191017352 2.788790320862215
2.9217082101227163 2.9193382578413467 2.916277817890582 2.912479230994292 2.9086806440980015 2.904882057201711 2.901083470305421 2.8972848834091307 2.8934862965128407 2.8896877096165503 2.8858891227202603 2.88209053582397 2.87829194892768 2.8744933620313895 2.870694775135093 2.8668961882388024 2.8630976013425125 2.859299014446222 2.855500427549932 2.8517018406536416 2.847903253757351 2.8441046668610612 2.840306079964771 2.836507493068481 2.8327089061721904 2.8289103192759004 2.82511173237961 2.8213131454833134 2.817514558587023 2.813715971690733 2.8099173847944425 2.8061187978981526 2.803152471528959 2.8010758505030124 2.7989992294770656 2.796922608451119 2.7948459874251728 2.7927693663992263 2.79069274537328 2.7886161243473335 2.7865395033213836 2.784462882295437 2.7823862612694907 2.7803096402435443
2.9140920470184493 2.9117829170907505 2.908758898853301 2.9049706488335567 2.9011823988138126 2.8973941487940684 2.8936058987743243 2.88981764875458 2.8860293987348364 2.8822411487150923 2.878452898695348 2.874664648675604 2.87087639865586 2.8670881486361157 2.8632998986163654 2.859511648596621 2.855723398576877 2.851935148557133 2.848146898537389 2.844358648517645 2.840570398497901 2.836782148478157 2.8329938984584127 2.8292056484386685 2.8254173984189244 2.82162914839918 2.817840898379436 2.8140526483596857 2.8102643983399416 2.8064761483201974 2.8026878983004533 2.7988996482807096 2.7958853415609703 2.7936983977485976 2.791511453936225 2.789324510123852 2.7871375663114795 2.7849506224991067 2.782763678686734 2.7805767348743613 2.7783897910619846 2.776202847249612 2.774015903437239 2.7718289596248664
2.9064758839141884 2.9042275763401606 2.901239979816026 2.897462066672828 2.8936841535296303 2.8899062403864324 2.8861283272432345 2.8823504141000362 2.8785725009568384 2.8747945878136405 2.8710166746704426 2.8672387615272448 2.8634608483840465 2.8596829352408486 2.8559050220976445 2.852127108954446 2.8483491958112483 2.8445712826680505 2.8407933695248526 2.8370154563816543 2.8332375432384564 2.8294596300952586 2.8256817169520607 2.821903803808863 2.818125890665665 2.8143479775224667 2.810570064379269 2.8067921512360643 2.8030142380928664 2.7992363249496686 2.7954584118064707 2.791680498663273 2.788618211592988 2.7863209449941895 2.7840236783953904 2.7817264117965914 2.7794291451977924 2.777131878598994 2.7748346120001948 2.7725373454013957 2.770240078802593 2.767942812203794 2.765645545604995 2.763348279006196
2.898859720809928 2.896672235589571 2.8937210607787516 2.8899534845121 2.886185908245448 2.8824183319787964 2.8786507557121443 2.8748831794454928 2.8711156031788407 2.867348026912189 2.863580450645537 2.8598128743788855 2.8560452981122335 2.852277721845582 2.8485101455789237 2.8447425693122717 2.84097499304562 2.837207416778968 2.8334398405123165 2.8296722642456644 2.825904687979013 2.822137111712361 2.8183695354457092 2.814601959179057 2.8108343829124056 2.8070668066457536 2.803299230379102 2.7995316541124438 2.7957640778457917 2.79199650157914 2.788228925312488 2.7844613490458365 2.7813510816250067 2.7789434922397813 2.7765359028545564 2.774128313469331 2.771720724084106 2.769313134698881 2.7669055453136555 2.7644979559284306 2.7620903665432013 2.7596827771579764 2.757275187772751 2.754867598387526
2.891243557705667 2.889116894838981 2.886202141741477 2.8824449023513714 2.8786876629612657 2.87493042357116 2.871173184181054 2.8674159447909484 2.863658705400843 2.8599014660107374 2.8561442266206316 2.852386987230526 2.84862974784042 2.8448725084503144 2.8411152690602024 2.8373580296700966 2.8336007902799913 2.8298435508898856 2.82608631149978 2.822329072109674 2.8185718327195683 2.8148145933294626 2.8110573539393573 2.8073001145492515 2.803542875159146 2.79978563576904 2.7960283963789343 2.7922711569888223 2.7885139175987166 2.784756678208611 2.780999438818505 2.7772421994284 2.7740839516570244 2.771566039485373 2.769048127313722 2.7665302151420703 2.764012302970419 2.761494390798768 2.7589764786271167 2.756458566455465 2.7539406542838094 2.751422742112158 2.748904829940507 2.746386917768856
2.8843971780479727 2.8822699514758043 2.879377794615861 2.8756679099665794 2.871958025317298 2.8682481406680163 2.8645382560187347 2.860828371369453 2.8571184867201715 2.85340860207089 2.8496987174216084 2.845988832772327 2.8422789481230453 2.8385690634737637 2.834859178824476 2.8311492941751943 2.8274394095259128 2.8237295248766308 2.820019640227349 2.8163097555780676 2.812599870928786 2.8088899862795045 2.805180101630223 2.8014702169809413 2.7977603323316598 2.794050447682378 2.7903405630330966 2.786630678383809 2.7829207937345273 2.7792109090852457 2.775501024435964 2.7717911397866826 2.7686361728991624 2.7660744256605714 2.7635126784219803 2.7609509311833897 2.7583891839447987 2.755827436706208 2.753265689467617 2.7507039422290265 2.748142194990431 2.7455804477518404 2.7430187005132494 2.7404569532746588
2.878373648369075 2.8761802402638423 2.8732959010794095 2.869672940934334 2.8660499807892585 2.8624270206441835 2.858804060499108 2.855181100354033 2.8515581402089576 2.8479351800638826 2.844312219918807 2.840689259773732 2.8370662996286566 2.8334433394835816 2.8298203793385 2.826197419193425 2.8225744590483495 2.8189514989032745 2.815328538758199 2.811705578613124 2.8080826184680485 2.804459658322973 2.800836698177898 2.7972137380328226 2.7935907778877476 2.789967817742672 2.786344857597597 2.7827218974525154 2.7790989373074404 2.775475977162365 2.77185301701729 2.7682300568722145 2.7651331658967195 2.76259865477207 2.76006414364742 2.7575296325227705 2.754995121398121 2.7524606102734714 2.7499260991488215 2.747391588024172 2.744857076899518 2.7423225657748684 2.739788054650219 2.7372535435255694
2.8723501186901723 2.870090529051875 2.8672140075429517 2.863677971902083 2.860141936261214 2.856605900620345 2.8530698649794766 2.8495338293386077 2.8459977936977388 2.84246175805687 2.838925722416001 2.8353896867751325 2.8318536511342636 2.8283176154933947 2.82478157985252 2.821245544211651 2.817709508570782 2.8141734729299133 2.810637437289045 2.807101401648176 2.803565366007307 2.800029330366438 2.796493294725569 2.7929572590847007 2.789421223443832 2.785885187802963 2.782349152162094 2.7788131165212193 2.7752770808803504 2.7717410452394815 2.7682050095986126 2.764668973957744 2.761630158894274 2.7591228838835655 2.756615608872857 2.7541083338621486 2.75160105885144 2.749093783840732 2.7465865088300236 2.744079233819315 2.7415719588086023 2.739064683797894 2.736557408787186 2.7340501337764773
2.866326589011275 2.8640008178399134 2.8611321140065 2.8576830028698375 2.8542338917331747 2.8507847805965123 2.84733566945985 2.843886558323187 2.840437447186525 2.8369883360498624 2.8335392249132 2.8300901137765373 2.826641002639875 2.8231918915032126 2.819742780366544 2.8162936692298817 2.8128445580932193 2.8093954469565565 2.805946335819894 2.802497224683232 2.7990481135465695 2.7955990024099067 2.7921498912732443 2.788700780136582 2.785251668999919 2.781802557863257 2.7783534467265945 2.774904335589926 2.7714552244532635 2.768006113316601 2.764557002179939 2.761107891043276 2.758127151891831 2.755647112995064 2.7531670740982968 2.75068703520153 2.7482069963047624 2.745726957407995 2.743246918511228 2.7407668796144606 2.7382868407176892 2.7358068018209223 2.733326762924155 2.7308467240273875
2.8603030593323773 2.8579111066279514 2.8550502204700474 2.851688033837591 2.848325847205135 2.844963660572679 2.841601473940223 2.8382392873077666 2.834877100675311 2.8315149140428546 2.8281527274103984 2.824790540777942 2.8214283541454863 2.81806616751303 2.814703980880568 2.8113417942481123 2.807979607615656 2.8046174209831998 2.8012552343507435 2.7978930477182877 2.7945308610858315 2.7911686744533752 2.787806487820919 2.784444301188463 2.781082114556007 2.7777199279235507 2.7743577412910945 2.770995554658633 2.7676333680261767 2.7642711813937204 2.7609089947612646 2.7575468081288084 2.7546241448893887 2.7521713421065623 2.7497185393237364 2.7472657365409106 2.744812933758084 2.7423601309752583 2.7399073281924324 2.7374545254096065 2.735001722626776 2.7325489198439503 2.730096117061124 2.727643314278298
2.8542795296534798 2.8518213954159894 2.8489683269335955 2.845693064805346 2.842417802677096 2.8391425405488464 2.8358672784205963 2.8325920162923466 2.829316754164097 2.826041492035847 2.8227662299075975 2.8194909677793474 2.8162157056510977 2.812940443522848 2.8096651813945925 2.806389919266343 2.803114657138093 2.7998393950098435 2.796564132881594 2.7932888707533436 2.790013608625094 2.7867383464968443 2.7834630843685946 2.780187822240345 2.7769125601120948 2.773637297983845 2.7703620358555954 2.76708677372734 2.76381151159909 2.7605362494708405 2.757260987342591 2.7539857252143407 2.7511211378869462 2.7486955712180614 2.7462700045491766 2.7438444378802918 2.741418871211407 2.738993304542522 2.7365677378736373 2.7341421712047524 2.731716604535863 2.7292910378669784 2.7268654711980935 2.7244399045292087
2.8482559999745822 2.8457316842040274 2.842886433397143 2.8396980957731 2.8365097581490564 2.833321420525013 2.8301330829009697 2.826944745276926 2.8237564076528825 2.8205680700288394 2.817379732404796 2.814191394780752 2.811003057156709 2.8078147195326655 2.8046263819086166 2.8014380442845734 2.79824970666053 2.7950613690364863 2.791873031412443 2.7886846937883996 2.785496356164356 2.782308018540313 2.7791196809162693 2.7759313432922257 2.7727430056681825 2.769554668044139 2.766366330420096 2.763177992796047 2.7599896551720033 2.7568013175479598 2.7536129799239166 2.750424642299873 2.7476181308845034 2.7452198003295596 2.7428214697746163 2.7404231392196725 2.7380248086647287 2.7356264781097854 2.7332281475548417 2.730829816999898 2.72843148644495 2.726033155890007 2.723634825335063 2.7212364947801193
2.8422324702956847 2.839641972992066 2.836804539860691 2.833703126740854 2.830601713621017 2.82750030050118 2.824398887381343 2.821297474261506 2.818196061141669 2.8150946480218315 2.8119932349019945 2.8088918217821575 2.8057904086623204 2.8026889955424834 2.799587582422641 2.796486169302804 2.793384756182967 2.7902833430631295 2.7871819299432925 2.7840805168234555 2.7809791037036184 2.7778776905837814 2.7747762774639444 2.7716748643441074 2.7685734512242703 2.765472038104433 2.762370624984596 2.7592692118647535 2.7561677987449165 2.7530663856250794 2.7499649725052424 2.7468635593854054 2.7441151238820605 2.741744029441058 2.739372935000056 2.7370018405590533 2.734630746118051 2.7322596516770483 2.729888557236046 2.727517462795044 2.725146368354037 2.722775273913035 2.720404179472032 2.71803308503103
2.8362089406167867 2.8335522617801034 2.8307226463242388 2.8277081577086083 2.8246936690929774 2.821679180477347 2.818664691861716 2.8156502032460855 2.8126357146304546 2.809621226014824 2.806606737399193 2.8035922487835623 2.800577760167932 2.797563271552301 2.794548782936665 2.7915342943210346 2.7885198057054037 2.7855053170897732 2.7824908284741423 2.7794763398585114 2.776461851242881 2.77344736262725 2.7704328740116195 2.7674183853959886 2.764403896780358 2.761389408164727 2.7583749195490967 2.7553604309334605 2.75234594231783 2.749331453702199 2.7463169650865686 2.7433024764709377 2.7406121168796185 2.738268258552557 2.7359244002254957 2.7335805418984345 2.7312366835713733 2.728892825244312 2.726548966917251 2.7242051085901897 2.7218612502631245 2.719517391936063 2.7171735336090017 2.7148296752819405
2.8301854109378843 2.8274625505681366 2.824640752787782 2.8217131886763576 2.818785624564933 2.815858060453509 2.8129304963420845 2.81000293223066 2.8070753681192357 2.804147804007812 2.8012202398963875 2.798292675784963 2.7953651116735387 2.7924375475621144 2.789509983450685 2.7865824193392608 2.7836548552278364 2.780727291116412 2.7777997270049877 2.7748721628935638 2.7719445987821394 2.769017034670715 2.7660894705592907 2.7631619064478663 2.760234342336442 2.7573067782250176 2.754379214113593 2.751451650002164 2.7485240858907396 2.7455965217793157 2.7426689576678913 2.739741393556467 2.7371091098771725 2.7347924876640524 2.7324758654509322 2.7301592432378126 2.7278426210246924 2.7255259988115723 2.723209376598452 2.7208927543853325 2.7185761321722084 2.7162595099590883 2.7139428877459686 2.7116262655328485
2.824161881258987 2.821372839356175 2.81855885925133 2.8157182196441117 2.812877580036894 2.810036940429676 2.807196300822458 2.80435566121524 2.8015150216080222 2.798674382000804 2.795833742393586 2.792993102786368 2.79015246317915 2.7873118235719323 2.784471183964709 2.7816305443574914 2.7787899047502735 2.7759492651430553 2.7731086255358375 2.7702679859286197 2.7674273463214014 2.7645867067141836 2.761746067106966 2.7589054274997475 2.7560647878925297 2.7532241482853115 2.7503835086780937 2.747542869070871 2.7447022294636527 2.741861589856435 2.739020950249217 2.736180310641999 2.7336061028747296 2.731316716775551 2.729027330676372 2.7267379445771933 2.7244485584780143 2.7221591723788356 2.7198697862796566 2.717580400180478 2.7152910140812954 2.7130016279821163 2.7107122418829377 2.7084228557837586
2.8181383515800893 2.8152831281442126 2.8124769657148776 2.809723250611866 2.806969535508854 2.804215820405843 2.8014621053028312 2.7987083901998195 2.795954675096808 2.793200959993796 2.790447244890785 2.787693529787773 2.7849398146847615 2.78218609958175 2.7794323844787336 2.776678669375722 2.7739249542727102 2.771171239169699 2.7684175240666873 2.7656638089636756 2.762910093860664 2.760156378757652 2.757402663654641 2.7546489485516292 2.7518952334486175 2.749141518345606 2.746387803242594 2.743634088139578 2.7408803730365663 2.738126657933555 2.7353729428305433 2.7326192277275316 2.730103095872287 2.7278409458870496 2.725578795901812 2.7233166459165745 2.721054495931337 2.7187923459460994 2.716530195960862 2.714268045975624 2.7120058959903828 2.709743746005145 2.7074815960199072 2.7052194460346697
