Figures/CREST_Example_wjb_NSE/PETs/wjb.pet.20090729.asc
ncols            288
nrows            254
xllcorner        113.274861
yllcorner        31.4918055
cellsize         0.008333333333
NODATA_value     -9999
[rows 120 to 139 of 254, columns 176 to 219 of 288]
3.377515246018517 3.3778720513094074 3.3782288566002974 3.378585661891188 3.378942467182078 3.3792992724729682 3.379656077763859 3.380012883054749 3.3803696883456396 3.3807264936365296 3.38108329892742 3.38144010421831 3.3817969095092004 3.3821537148000904 3.382510520090981 3.382867325381871 3.3838113156613123 3.385383019979519 3.386954724297726 3.388526428615936 3.390098132934143 3.39166983725235 3.3932415415705566 3.3948132458887637 3.3963849502069707 3.397956654525178 3.3995283588433844 3.4011000631615915 3.4026717674797986 3.4042434717980057 3.4058151761162123 3.4073868804344194 3.408958584752629 3.410530289070836 3.4121019933890433 3.41367369770725 3.415245402025457 3.416817106343664 3.418388810661871 3.419960514980078 3.421532219298285 3.423103923616492 3.424675627934699 3.4262473322529057
3.3832714309235215 3.3836724464785135 3.3840734620335056 3.3844744775884976 3.3848754931434897 3.3852765086984817 3.3856775242534742 3.3860785398084663 3.3864795553634583 3.3868805709184504 3.3872815864734425 3.3876826020284345 3.3880836175834266 3.3884846331384186 3.3888856486934107 3.3892866642484027 3.3902413770779183 3.39178800482219 3.3933346325664613 3.3948812603107354 3.3964278880550074 3.397974515799279 3.3995211435435504 3.401067771287822 3.402614399032094 3.4041610267763653 3.405707654520637 3.4072542822649083 3.4088009100091803 3.410347537753452 3.4118941654977233 3.4134407932419952 3.4149874209862694 3.416534048730541 3.4180806764748124 3.4196273042190843 3.421173931963356 3.4227205597076273 3.424267187451899 3.425813815196171 3.4273604429404423 3.428907070684714 3.4304536984289853 3.4320003261732572
3.389027615828525 3.389472841647619 3.389918067466713 3.390363293285807 3.3908085191049007 3.391253744923995 3.3916989707430893 3.3921441965621835 3.392589422381277 3.3930346482003713 3.393479874019465 3.393925099838559 3.3943703256576527 3.394815551476747 3.3952607772958405 3.3957060031149346 3.3966714384945234 3.3981929896648597 3.399714540835196 3.401236092005535 3.4027576431758715 3.4042791943462074 3.4058007455165438 3.40732229668688 3.4088438478572165 3.410365399027553 3.411886950197889 3.413408501368225 3.4149300525385615 3.416451603708898 3.4179731548792343 3.41949470604957 3.421016257219909 3.4225378083902456 3.424059359560582 3.425580910730918 3.4271024619012542 3.4286240130715906 3.430145564241927 3.4316671154122633 3.4331886665825992 3.4347102177529356 3.436231768923272 3.4377533200936083
3.394783800733529 3.395273236816725 3.3957626728999206 3.3962521089831164 3.396741545066312 3.397230981149508 3.3977204172327045 3.3982098533159 3.398699289399096 3.3991887254822917 3.3996781615654874 3.400167597648683 3.400657033731879 3.4011464698150746 3.4016359058982704 3.402125341981466 3.403101499911129 3.40459797450753 3.406094449103931 3.4075909237003343 3.409087398296735 3.4105838728931364 3.412080347489537 3.413576822085938 3.415073296682339 3.41656977127874 3.4180662458751407 3.419562720471542 3.4210591950679428 3.4225556696643435 3.424052144260745 3.4255486188571456 3.427045093453549 3.4285415680499502 3.430038042646351 3.431534517242752 3.433030991839153 3.434527466435554 3.4360239410319546 3.437520415628356 3.4390168902247567 3.4405133648211574 3.4420098394175587 3.4435063140139595
3.400539985638538 3.401073631985836 3.4016072783331333 3.402140924680431 3.4026745710277284 3.403208217375026 3.403741863722325 3.4042755100696223 3.40480915641692 3.4053428027642174 3.405876449111515 3.406410095458813 3.4069437418061104 3.407477388153408 3.4080110345007055 3.4085446808480033 3.40953156132774 3.411002959350206 3.4124743573726715 3.4139457553951393 3.415417153417605 3.4168885514400706 3.4183599494625363 3.419831347485002 3.421302745507467 3.422774143529933 3.4242455415523985 3.425716939574864 3.4271883375973298 3.428659735619795 3.4301311336422606 3.4316025316647263 3.433073929687194 3.43454532770966 3.4360167257321255 3.437488123754591 3.4389595217770568 3.440430919799522 3.4419023178219876 3.4433737158444533 3.444845113866919 3.4463165118893846 3.44778790991185 3.4492593079343155
3.406296170543542 3.4068740271549416 3.407451883766341 3.4080297403777404 3.40860759698914 3.4091854536005393 3.40976331021194 3.4103411668233394 3.410919023434739 3.4114968800461383 3.4120747366575377 3.412652593268937 3.4132304498803365 3.413808306491736 3.4143861631031354 3.414964019714535 3.4159616227443457 3.417407944192876 3.4188542656414063 3.420300587089939 3.421746908538469 3.423193229986999 3.4246395514355297 3.4260858728840597 3.42753219433259 3.4289785157811203 3.4304248372296504 3.4318711586781805 3.433317480126711 3.434763801575241 3.436210123023771 3.4376564444723017 3.4391027659208344 3.4405490873693645 3.4419954088178946 3.443441730266425 3.444888051714955 3.4463343731634852 3.4477806946120158 3.449227016060546 3.450673337509076 3.4521196589576064 3.4535659804061365 3.4550123018546666
3.412052355448546 3.4126744223240473 3.4132964891995488 3.41391855607505 3.4145406229505513 3.4151626898260523 3.4157847567015547 3.416406823577056 3.4170288904525576 3.4176509573280587 3.41827302420356 3.418895091079061 3.4195171579545627 3.4201392248300637 3.420761291705565 3.4213833585810667 3.422391684160951 3.423812929035546 3.425234173910141 3.4266554187847382 3.428076663659333 3.429497908533928 3.430919153408523 3.432340398283118 3.433761643157713 3.435182888032308 3.436604132906903 3.4380253777814973 3.4394466226560922 3.440867867530687 3.442289112405282 3.443710357279877 3.4451316021544742 3.446552847029069 3.447974091903664 3.449395336778259 3.450816581652854 3.452237826527449 3.453659071402044 3.455080316276639 3.4565015611512337 3.4579228060258282 3.459344050900423 3.460765295775018
3.41780854035355 3.418474817493153 3.419141094632756 3.419807371772359 3.4204736489119623 3.4211399260515654 3.42180620319117 3.422472480330773 3.423138757470376 3.423805034609979 3.424471311749582 3.4251375888891857 3.425803866028789 3.426470143168392 3.427136420307995 3.427802697447598 3.4288217455775567 3.430217913878216 3.431614082178876 3.433010250479538 3.4344064187801973 3.435802587080857 3.4371987553815164 3.438594923682176 3.4399910919828356 3.441387260283495 3.4427834285841548 3.444179596884814 3.445575765185474 3.4469719334861333 3.4483681017867926 3.4497642700874525 3.4511604383881145 3.452556606688774 3.4539527749894336 3.455348943290093 3.4567451115907524 3.458141279891412 3.4595374481920715 3.4609336164927313 3.4623297847933907 3.4637259530940505 3.46512212139471 3.4665182896953692
3.423564725258554 3.4242752126622586 3.424985700065964 3.4256961874696685 3.4264066748733737 3.427117162277079 3.427827649680785 3.4285381370844896 3.429248624488195 3.4299591118919 3.4306695992956047 3.43138008669931 3.4320905741030145 3.4328010615067197 3.433511548910425 3.4342220363141296 3.435251806994162 3.4366228987208864 3.4379939904476107 3.439365082174337 3.4407361739010613 3.4421072656277856 3.44347835735451 3.444849449081234 3.4462205408079583 3.4475916325346825 3.4489627242614067 3.450333815988131 3.451704907714855 3.4530759994415794 3.4544470911683036 3.455818182895028 3.4571892746217543 3.4585603663484785 3.4599314580752027 3.461302549801927 3.462673641528651 3.4640447332553754 3.4654158249820997 3.466786916708824 3.468158008435548 3.4695291001622723 3.4709001918889966 3.4722712836157203
3.429320910163558 3.430075607831365 3.4308303054991716 3.4315850031669783 3.432339700834785 3.433094398502592 3.4338490961704 3.434603793838207 3.4353584915060136 3.4361131891738204 3.436867886841627 3.437622584509434 3.4383772821772407 3.4391319798450475 3.4398866775128543 3.440641375180661 3.4416818684107677 3.4430278835635564 3.4443738987163455 3.445719913869137 3.4470659290219254 3.4484119441747145 3.449757959327503 3.451103974480292 3.452449989633081 3.4537960047858696 3.4551420199386587 3.4564880350914473 3.4578340502442364 3.459180065397025 3.460526080549814 3.461872095702603 3.463218110855394 3.464564126008183 3.465910141160972 3.467256156313761 3.4686021714665496 3.4699481866193387 3.4712942017721273 3.4726402169249164 3.473986232077705 3.475332247230494 3.476678262383283 3.478024277536072
3.435077095068562 3.4358760030004705 3.4366749109323793 3.4374738188642877 3.4382727267961966 3.4390716347281054 3.439870542660015 3.440669450591924 3.4414683585238324 3.442267266455741 3.44306617438765 3.4438650823195585 3.4446639902514673 3.4454628981833757 3.4462618061152845 3.4470607140471934 3.4481119298273737 3.449432868406227 3.4507538069850807 3.4520747455639365 3.45339568414279 3.4547166227216435 3.456037561300497 3.4573584998793505 3.458679438458204 3.4600003770370575 3.461321315615911 3.4626422541947646 3.463963192773618 3.4652841313524716 3.466605069931325 3.4679260085101786 3.4692469470890344 3.470567885667888 3.4718888242467414 3.473209762825595 3.4745307014044484 3.475851639983302 3.4771725785621554 3.478493517141009 3.4798144557198625 3.481135394298716 3.4824563328775695 3.483777271456423
3.4408332799735706 3.441676398169581 3.4425195163655915 3.4433626345616024 3.444205752757613 3.4450488709536233 3.445891989149635 3.446735107345646 3.4475782255416565 3.448421343737667 3.4492644619336774 3.450107580129688 3.4509506983256983 3.4517938165217092 3.4526369347177197 3.45348005291373 3.4545419912439845 3.4558378532489025 3.457133715253821 3.458429577258741 3.4597254392636594 3.4610213012685773 3.4623171632734957 3.4636130252784136 3.464908887283332 3.46620474928825 3.4675006112931683 3.4687964732980863 3.4700923353030046 3.4713881973079226 3.472684059312841 3.473979921317759 3.4752757833226795 3.4765716453275974 3.477867507332516 3.4791633693374338 3.480459231342352 3.48175509334727 3.483050955352188 3.4843468173571064 3.4856426793620243 3.4869385413669427 3.4882344033718606 3.489530265376779
3.4465894648785746 3.4474767933386867 3.4483641217987993 3.4492514502589118 3.450138778719024 3.4510261071791364 3.4519134356392502 3.4528007640993628 3.453688092559475 3.4545754210195874 3.4554627494797 3.456350077939812 3.4572374063999245 3.458124734860037 3.4590120633201495 3.4598993917802616 3.46097205266059 3.462242838091573 3.4635136235225557 3.4647844089535407 3.4660551943845235 3.4673259798155063 3.468596765246489 3.469867550677472 3.4711383361084547 3.4724091215394375 3.4736799069704203 3.474950692401403 3.476221477832386 3.4774922632633687 3.4787630486943515 3.4800338341253343 3.4813046195563193 3.482575404987302 3.483846190418285 3.4851169758492677 3.4863877612802505 3.4876585467112333 3.488929332142216 3.490200117573199 3.4914709030041817 3.4927416884351645 3.4940124738661473 3.49528325929713
3.4523456497835783 3.4532771885077924 3.4542087272320066 3.455140265956221 3.4560718046804353 3.4570033434046494 3.4579348821288654 3.4588664208530795 3.4597979595772936 3.460729498301508 3.4616610370257224 3.4625925757499365 3.4635241144741507 3.464455653198365 3.465387191922579 3.466318730646793 3.467402114077195 3.468647822934243 3.4698935317912905 3.47113924064834 3.4723849495053876 3.473630658362435 3.4748763672194825 3.4761220760765297 3.4773677849335773 3.478613493790625 3.4798592026476722 3.48110491150472 3.482350620361767 3.483596329218815 3.4848420380758625 3.4860877469329097 3.4873334557899596 3.488579164647007 3.4898248735040545 3.4910705823611017 3.4923162912181493 3.493562000075197 3.4948077089322442 3.496053417789292 3.497299126646339 3.498544835503387 3.499790544360434 3.5010362532174817
3.458101834688583 3.4590775836768985 3.4600533326652148 3.461029081653531 3.4620048306418467 3.462980579630163 3.463956328618481 3.4649320776067967 3.465907826595113 3.466883575583429 3.467859324571745 3.468835073560061 3.4698108225483772 3.470786571536693 3.471762320525009 3.4727380695133254 3.473832175493801 3.475052807776913 3.4762734400600257 3.4774940723431396 3.4787147046262517 3.479935336909364 3.4811559691924763 3.4823766014755884 3.4835972337587005 3.4848178660418125 3.4860384983249246 3.4872591306080367 3.488479762891149 3.489700395174261 3.490921027457373 3.492141659740485 3.4933622920235994 3.4945829243067115 3.4958035565898236 3.497024188872936 3.498244821156048 3.4994654534391603 3.5006860857222724 3.5019067180053844 3.5031273502884965 3.5043479825716086 3.5055686148547207 3.506789247137833
3.4638580195935864 3.4648779788460042 3.4658979380984225 3.4669178973508403 3.467937856603258 3.468957815855676 3.4699777751080956 3.4709977343605134 3.4720176936129317 3.4730376528653495 3.4740576121177673 3.475077571370185 3.476097530622603 3.4771174898750212 3.478137449127439 3.479157408379857 3.4802622369104066 3.4814577926195835 3.4826533483287605 3.4838489040379392 3.4850444597471157 3.4862400154562927 3.4874355711654696 3.488631126874646 3.489826682583823 3.491022238293 3.4922177940021766 3.4934133497113535 3.49460890542053 3.495804461129707 3.497000016838884 3.4981955725480605 3.4993911282572396 3.500586683966416 3.501782239675593 3.5029777953847696 3.5041733510939466 3.5053689068031235 3.5065644625123 3.507760018221477 3.508955573930654 3.5101511296398304 3.5113466853490074 3.512542241058184
3.4696142044985905 3.47067837401511 3.47174254353163 3.4728067130481497 3.473870882564669 3.474935052081189 3.4759992215977107 3.4770633911142306 3.47812756063075 3.47919173014727 3.48025589966379 3.4813200691803092 3.482384238696829 3.483448408213349 3.484512577729869 3.4855767472463883 3.486692298327012 3.4878627774622535 3.4890332565974953 3.4902037357327385 3.49137421486798 3.492544694003221 3.493715173138463 3.4948856522737044 3.4960561314089458 3.497226610544187 3.4983970896794285 3.49956756881467 3.5007380479499117 3.501908527085153 3.5030790062203945 3.504249485355636 3.5054199644908794 3.506590443626121 3.507760922761362 3.5089314018966036 3.510101881031845 3.5112723601670868 3.512442839302328 3.5136133184375695 3.514783797572811 3.5159542767080523 3.5171247558432936 3.5182952349785355
3.475370389403599 3.4764787691842205 3.4775871489648424 3.478695528745464 3.4798039085260855 3.4809122883067074 3.4820206680873307 3.483129047867952 3.484237427648574 3.4853458074291956 3.486454187209817 3.4875625669904387 3.4886709467710606 3.489779326551682 3.4908877063323036 3.491996086112925 3.493122359743623 3.494267762304929 3.495413164866235 3.496558567427543 3.4977039699888492 3.4988493725501555 3.4999947751114613 3.5011401776727675 3.5022855802340738 3.5034309827953796 3.504576385356686 3.505721787917992 3.506867190479298 3.508012593040604 3.5091579956019103 3.510303398163216 3.511448800724524 3.5125942032858304 3.5137396058471366 3.5148850084084424 3.5160304109697487 3.517175813531055 3.5183212160923607 3.519466618653667 3.520612021214973 3.521757423776279 3.5229028263375852 3.5240482288988915
3.4811265743086035 3.4822791643533266 3.48343175439805 3.4845843444427738 3.4857369344874973 3.486889524532221 3.4880421145769462 3.48919470462167 3.490347294666393 3.4914998847111165 3.49265247475584 3.4938050648005636 3.4949576548452868 3.4961102448900103 3.497262834934734 3.4984154249794575 3.499552421160229 3.5006727471475996 3.5017930731349702 3.502913399122343 3.504033725109714 3.5051540510970844 3.506274377084455 3.5073947030718258 3.508515029059197 3.5096353550465675 3.510755681033938 3.511876007021309 3.5129963330086795 3.51411665899605 3.5152369849834213 3.516357310970792 3.5174776369581644 3.518597962945535 3.5197182889329057 3.520838614920277 3.5219589409076475 3.523079266895018 3.524199592882389 3.5253199188697595 3.52644024485713 3.5275605708445013 3.528680896831872 3.5298012228192426
3.486882759213607 3.4880795595224323 3.489276359831258 3.490473160140083 3.4916699604489083 3.492866760757734 3.494063561066561 3.4952603613753865 3.4964571616842117 3.497653961993037 3.4988507623018625 3.5000475626106877 3.501244362919513 3.502441163228338 3.5036379635371637 3.504834763845989 3.5059824825768344 3.50707773199027 3.508172981403705 3.5092682308171423 3.510363480230578 3.5114587296440134 3.5125539790574485 3.513649228470884 3.5147444778843195 3.5158397272977546 3.51693497671119 3.5180302261246257 3.5191254755380608 3.5202207249514963 3.521315974364932 3.522411223778367 3.523506473191804 3.5246017226052397 3.5256969720186753 3.5267922214321104 3.527887470845546 3.5289827202589814 3.530077969672417 3.531173219085852 3.5322684684992876 3.533363717912723 3.534458967326158 3.5355542167395937
