Figures/CREST_Example_wjb_NSE/PETs/wjb.pet.20100814.asc
ncols            288
nrows            254
xllcorner        113.274861
yllcorner        31.4918055
cellsize         0.008333333333
NODATA_value     -9999
[rows 40 to 59 of 254, columns 132 to 175 of 288]
1.973320358523156 1.9800651196270729 1.9868098807309897 1.9935546418349064 2.0002994029388232 2.00704416404274 2.013788925146657 2.0205336862505736 2.0272784473544907 2.0340232084584073 2.040767969562324 -9999.0 -9999.0 -9999.0 -9999.0 -9999.0 -9999.0 -9999.0 -9999.0 -9999.0 -9999.0 -9999.0 -9999.0 -9999.0 -9999.0 -9999.0 -9999.0 -9999.0 -9999.0 -9999.0 -9999.0 -9999.0 -9999.0 -9999.0 -9999.0 -9999.0 -9999.0 -9999.0 -9999.0 -9999.0 -9999.0 -9999.0 -9999.0 -9999.0
1.9831031717752983 1.9897767589245823 1.9964503460738663 2.0031239332231503 2.0097975203724343 2.0164711075217183 2.0231446946710023 2.0298182818202863 2.0364918689695704 2.0431654561188544 2.0498390432681384 2.0565126304174335 -9999.0 -9999.0 -9999.0 2.0832069790145695 2.0898805661638535 -9999.0 -9999.0 -9999.0 -9999.0 -9999.0 -9999.0 -9999.0 -9999.0 -9999.0 -9999.0 -9999.0 -9999.0 -9999.0 -9999.0 -9999.0 -9999.0 -9999.0 -9999.0 -9999.0 -9999.0 -9999.0 -9999.0 -9999.0 -9999.0 -9999.0 -9999.0 -9999.0
1.9928859850274407 1.999488398222092 2.006090811416743 2.0126932246113944 2.0192956378060454 2.0258980510006968 2.032500464195348 2.039102877389999 2.0457052905846504 2.0523077037793014 2.0589101169739528 2.0655125301686152 2.072114943363266 2.0787173565579176 2.085319769752569 2.09192218294722 2.0985245961418713 -9999.0 -9999.0 2.118331835725825 2.124934248920476 2.1315366621151273 2.138139075309778 -9999.0 -9999.0 -9999.0 -9999.0 -9999.0 -9999.0 -9999.0 -9999.0 -9999.0 -9999.0 -9999.0 -9999.0 -9999.0 -9999.0 -9999.0 -9999.0 -9999.0 -9999.0 -9999.0 -9999.0 -9999.0
2.002668798279583 2.0092000375196015 2.01573127675962 2.022262515999638 2.0287937552396564 2.035324994479675 2.0418562337196935 2.048387472959712 2.05491871219973 2.0614499514397484 2.0679811906797667 2.0745124299197966 2.081043669159815 2.087574908399833 2.0941061476398515 2.10063738687987 2.1071686261198885 2.113699865359907 2.120231104599925 2.1267623438399434 2.1332935830799618 2.1398248223199805 2.146356061559999 2.152887300800017 -9999.0 -9999.0 -9999.0 -9999.0 -9999.0 -9999.0 -9999.0 -9999.0 -9999.0 -9999.0 -9999.0 -9999.0 -9999.0 -9999.0 -9999.0 -9999.0 -9999.0 -9999.0 -9999.0 -9999.0
2.0124516115317252 2.018911676817111 2.0253717421024966 2.0318318073878823 2.0382918726732675 2.044751937958653 2.051212003244039 2.0576720685294245 2.06413213381481 2.0705921991001954 2.077052264385581 2.083512329670978 2.0899723949563636 2.0964324602417492 2.1028925255271345 2.10935259081252 2.115812656097906 2.1222727213832915 2.128732786668677 2.1351928519540624 2.141652917239448 2.1481129825248337 2.1545730478102194 2.161033113095605 2.1674931783810014 -9999.0 -9999.0 -9999.0 -9999.0 -9999.0 -9999.0 -9999.0 -9999.0 -9999.0 -9999.0 -9999.0 -9999.0 -9999.0 -9999.0 -9999.0 -9999.0 -9999.0 -9999.0 -9999.0
2.0222344247838677 2.0286233161146203 2.035012207445373 2.041401098776126 2.0477899901068786 2.0541788814376316 2.060567772768384 2.0669566640991373 2.07334555542989 2.0797344467606425 2.0861233380913955 2.092512229422159 2.098901120752912 2.105290012083665 2.1116789034144174 2.11806779474517 2.124456686075923 2.1308455774066757 2.1372344687374287 2.1436233600681813 2.150012251398934 2.156401142729687 2.1627900340604396 2.1691789253911926 2.1755678167219563 -9999.0 2.188345599383462 2.1947344907142146 2.201123382044967 -9999.0 -9999.0 -9999.0 -9999.0 -9999.0 -9999.0 -9999.0 -9999.0 -9999.0 -9999.0 -9999.0 -9999.0 -9999.0 -9999.0 -9999.0
2.032017238036018 2.038334955412138 2.044652672788258 2.050970390164378 2.057288107540498 2.0636058249166176 2.0699235422927376 2.0762412596688575 2.0825589770449775 2.0888766944210975 2.0951944117972174 2.101512129173348 2.107829846549468 2.114147563925588 2.120465281301708 2.126782998677828 2.1331007160539475 2.1394184334300674 2.1457361508061874 2.1520538681823074 2.1583715855584273 2.1646893029345473 2.1710070203106673 2.1773247376867872 2.183642455062918 2.189960172439038 2.196277889815158 2.2025956071912773 2.2089133245673973 -9999.0 -9999.0 -9999.0 -9999.0 -9999.0 -9999.0 -9999.0 -9999.0 -9999.0 -9999.0 -9999.0 -9999.0 -9999.0 -9999.0 -9999.0
2.0418000512881607 2.0480465947096476 2.054293138131135 2.060539681552622 2.066786224974109 2.073032768395596 2.0792793118170834 2.0855258552385703 2.0917723986600576 2.0980189420815445 2.104265485503032 2.1105120289245294 2.1167585723460167 2.1230051157675036 2.129251659188991 2.135498202610478 2.141744746031965 2.147991289453452 2.1542378328749394 2.1604843762964263 2.1667309197179137 2.1729774631394005 2.179224006560888 2.1854705499823748 2.1917170934038728 2.1979636368253597 2.204210180246847 2.210456723668334 -9999.0 -9999.0 -9999.0 -9999.0 -9999.0 -9999.0 -9999.0 -9999.0 -9999.0 -9999.0 -9999.0 -9999.0 -9999.0 -9999.0 -9999.0 -9999.0
2.051582864540303 2.0577582340071574 2.0639336034740117 2.070108972940866 2.07628434240772 2.0824597118745745 2.088635081341429 2.0948104508082834 2.1009858202751377 2.107161189741992 2.113336559208846 2.119511928675711 2.1256872981425654 2.1318626676094197 2.138038037076274 2.144213406543128 2.1503887760099825 2.1565641454768367 2.162739514943691 2.1689148844105453 2.1750902538773995 2.181265623344254 2.1874409928111085 2.1936163622779628 2.1997917317448272 2.2059671012116815 2.212142470678536 2.2183178401453905 2.2244932096122447 2.230668579079099 2.2379540840500396 -9999.0 -9999.0 -9999.0 -9999.0 -9999.0 -9999.0 -9999.0 -9999.0 -9999.0 -9999.0 -9999.0 -9999.0 -9999.0
2.0613656777924456 2.067469873304667 2.0735740688168884 2.07967826432911 2.0857824598413313 2.091886655353553 2.0979908508657745 2.1040950463779957 2.1101992418902173 2.116303437402439 2.12240763291466 2.128511828426892 2.1346160239391136 2.1407202194513353 2.1468244149635565 2.152928610475778 2.1590328059879997 2.1651370015002214 2.1712411970124426 2.177345392524664 2.183449588036886 2.189553783549107 2.1956579790613286 2.2017621745735503 2.207866370085782 2.2139705655980033 2.220074761110225 2.2261789566224466 2.2322831521346678 2.2383873476468894 2.2456405766192318 2.254122148353268 2.262603720087305 2.271085291821341 -9999.0 -9999.0 -9999.0 -9999.0 -9999.0 -9999.0 -9999.0 -9999.0 -9999.0 -9999.0
2.0711484910445876 2.077181512602176 2.083214534159765 2.0892475557173538 2.0952805772749423 2.1013135988325313 2.10734662039012 2.1133796419477084 2.1194126635052974 2.125445685062886 2.1314787066204746 2.1375117281780738 2.1435447497356623 2.149577771293251 2.15561079285084 2.1616438144084285 2.167676835966017 2.173709857523606 2.1797428790811946 2.185775900638783 2.1918089221963717 2.1978419437539607 2.2038749653115492 2.209907986869138 2.215941008426737 2.2219740299843256 2.228007051541914 2.234040073099503 2.2400730946570917 2.2461061162146803 2.253327069188425 2.261817947718793 2.2703088262491606 2.2787997047795288 2.287290583309897 2.295781461840265 2.304272340370633 -9999.0 -9999.0 -9999.0 -9999.0 -9999.0 -9999.0 -9999.0
2.08093130429673 2.086893151899686 2.0928549995026415 2.0988168471055975 2.1047786947085534 2.1107405423115093 2.1167023899144652 2.122664237517421 2.128626085120377 2.134587932723333 2.140549780326289 2.1465116279292547 2.1524734755322106 2.1584353231351665 2.1643971707381224 2.1703590183410784 2.1763208659440343 2.18228271354699 2.188244561149946 2.194206408752902 2.200168256355858 2.206130103958814 2.2120919515617694 2.2180537991647253 2.2240156467676915 2.2299774943706474 2.2359393419736033 2.2419011895765593 2.247863037179515 2.253824884782471 2.261013561757617 2.269513747084317 2.278013932411017 2.2865141177377164 2.2950143030644163 2.3035144883911163 2.3120146737178158 2.3205148590445304 -9999.0 -9999.0 -9999.0 -9999.0 -9999.0 -9999.0
2.090714117548872 2.0966047911971954 2.1024954648455183 2.1083861384938416 2.1142768121421645 2.1201674857904877 2.1260581594388106 2.131948833087134 2.1378395067354568 2.14373018038378 2.1496208540321033 2.1555115276804364 2.1614022013287593 2.1672928749770826 2.1731835486254054 2.1790742222737287 2.1849648959220516 2.190855569570375 2.1967462432186977 2.202636916867021 2.2085275905153443 2.214418264163667 2.2203089378119905 2.2261996114603133 2.2320902851086464 2.2379809587569697 2.2438716324052925 2.249762306053616 2.2556529797019387 2.261543653350262 2.26870005432681 2.2772095464498414 2.2857190385728727 2.2942285306959045 2.302738022818936 2.3112475149419676 2.319757007064999 2.328266499188045 2.3367759913110766 2.345285483434108 2.3537949755571397 -9999.0 -9999.0 -9999.0
2.100496930801023 2.1063164304947133 2.1121359301884035 2.1179554298820937 2.123774929575784 2.129594429269474 2.1354139289631644 2.1412334286568546 2.147052928350545 2.152872428044235 2.1586919277379253 2.1645114274316253 2.1703309271253155 2.1761504268190057 2.181969926512696 2.187789426206386 2.1936089259000764 2.1994284255937666 2.205247925287457 2.211067424981147 2.2168869246748373 2.2227064243685275 2.2285259240622177 2.234345423755908 2.240164923449608 2.245984423143298 2.2518039228369884 2.2576234225306786 2.263442922224369 2.269262421918059 2.276386546896009 2.284905345815372 2.293424144734735 2.301942943654099 2.310461742573462 2.318980541492825 2.327499340412188 2.336018139331566 2.3445369382509296 2.3530557371702927 2.361574536089656 -9999.0 -9999.0 -9999.0
2.110279744053165 2.1160280697922227 2.12177639553128 2.1275247212703374 2.133273047009395 2.139021372748452 2.1447696984875098 2.150518024226567 2.1562663499656245 2.162014675704682 2.1677630014437392 2.1735113271828066 2.1792596529218637 2.1850079786609213 2.190756304399979 2.196504630139036 2.2022529558780937 2.208001281617151 2.2137496073562084 2.219497933095266 2.225246258834323 2.2309945845733807 2.236742910312438 2.2424912360514955 2.248239561790563 2.25398788752962 2.2597362132686776 2.265484539007735 2.2712328647467923 2.27698119048585 2.284073039465201 2.2926011451808965 2.3011292508965915 2.3096573566122864 2.3181854623279814 2.3267135680436764 2.3352416737593713 2.343769779475081 2.352297885190776 2.360825990906471 2.369354096622166 2.3778822023378607 -9999.0 -9999.0
2.1200625573053076 2.125739709089732 2.1314168608741566 2.137094012658581 2.1427711644430056 2.1484483162274306 2.154125468011855 2.1598026197962796 2.165479771580704 2.1711569233651287 2.1768340751495536 2.182511226933988 2.1881883787184124 2.193865530502837 2.1995426822872615 2.205219834071686 2.210896985856111 2.2165741376405355 2.22225128942496 2.2279284412093845 2.233605592993809 2.239282744778234 2.2449598965626585 2.250637048347083 2.2563142001315173 2.261991351915942 2.2676685037003663 2.2733456554847913 2.279022807269216 2.2846999590536403 2.2917595320343938 2.3002969445464205 2.3088343570584473 2.3173717695704736 2.3259091820825004 2.334446594594527 2.342984007106554 2.3515214196185954 2.360058832130622 2.3685962446426485 2.3771336571546753 2.385671069666702 2.394208482178729 -9999.0
2.1298453705574496 2.1354513483872415 2.1410573262170334 2.1466633040468253 2.1522692818766167 2.1578752597064086 2.1634812375362005 2.1690872153659924 2.1746931931957842 2.180299171025576 2.1859051488553676 2.1915111266851692 2.197117104514961 2.2027230823447526 2.2083290601745444 2.2139350380043363 2.219541015834128 2.22514699366392 2.230752971493712 2.2363589493235034 2.2419649271532953 2.247570904983087 2.253176882812879 2.258782860642671 2.264388838472472 2.269994816302264 2.275600794132056 2.281206771961848 2.2868127497916397 2.292418727621431 2.2994460246035864 2.307992743911945 2.3165394632203036 2.3250861825286617 2.3336329018370203 2.3421796211453785 2.350726340453737 2.35927305976211 2.3678197790704685 2.376366498378827 2.3849132176871852 2.393459936995544 2.4020066563039024 2.4105533756122606
2.1396281838095925 2.1451629876847513 2.15069779155991 2.1562325954350694 2.161767399310228 2.1673022031853875 2.1728370070605463 2.178371810935705 2.1839066148108643 2.189441418686023 2.1949762225611824 2.2005110264363505 2.20604583031151 2.2115806341866686 2.2171154380618274 2.2226502419369867 2.2281850458121455 2.2337198496873047 2.2392546535624636 2.2447894574376224 2.2503242613127816 2.2558590651879404 2.2613938690630997 2.2669286729382585 2.272463476813427 2.277998280688586 2.2835330845637447 2.289067888438904 2.2946026923140628 2.300137496189222 2.307132517172779 2.315688543277469 2.3242445693821594 2.3328005954868494 2.3413566215915393 2.3499126476962298 2.3584686738009197 2.3670246999056244 2.375580726010315 2.3841367521150048 2.392692778219695 2.401248804324385 2.409804830429075 2.4183608565337655
2.1486129107564684 2.1541050071755703 2.159597103594672 2.165089200013774 2.170581296432876 2.1760733928519778 2.1815654892710796 2.1870575856901815 2.1925496821092834 2.1980417785283852 2.203533874947487 2.2090259713665983 2.2145180677856997 2.2200101642048016 2.2255022606239034 2.2309943570430053 2.236486453462107 2.241978549881209 2.247470646300311 2.2529627427194128 2.2584548391385146 2.2639469355576165 2.2694390319767184 2.2749311283958202 2.2804232248149314 2.2859153212340333 2.291407417653135 2.296899514072237 2.302391610491339 2.3078837069104408 2.314874847197973 2.3234684992914327 2.332062151384892 2.340655803478351 2.3492494555718104 2.3578431076652695 2.3664367597587286 2.3750304118522028 2.383624063945662 2.392217716039121 2.40081136813258 2.4094050202260395 2.4179986723194986 2.4265923244129577
2.156744533765057 2.16222435162017 2.167704169475283 2.1731839873303964 2.1786638051855096 2.1841436230406233 2.1896234408957365 2.1951032587508497 2.200583076605963 2.206062894461076 2.2115427123161893 2.217022530171312 2.2225023480264254 2.2279821658815386 2.233461983736652 2.238941801591765 2.2444216194468782 2.2499014373019914 2.2553812551571046 2.2608610730122183 2.2663408908673315 2.2718207087224447 2.277300526577558 2.282780344432671 2.2882601622877936 2.293739980142907 2.2992197979980205 2.3046996158531337 2.310179433708247 2.31565925156336 2.3226768639429003 2.331338413456223 2.3399999629695465 2.34866151248287 2.357323061996193 2.3659846115095164 2.3746461610228393 2.3833077105361773 2.3919692600495006 2.400630809562824 2.4092923590761472 2.41795390858947 2.4266154581027934 2.4352770076161168
