Figures/CREST_Example_wjb_NSE/PETs/wjb.pet.20100620.asc
ncols            288
nrows            254
xllcorner        113.274861
yllcorner        31.4918055
cellsize         0.008333333333
NODATA_value     -9999
[rows 60 to 79 of 254, columns 44 to 87 of 288]
3.871828735330221 3.8724989894647406 3.87316924359926 3.8738394977337793 3.874509751868299 3.8751800060028185 3.875850260137338 3.8765205142718577 3.877190768406378 3.877861022540898 3.8785312766754174 3.879201530809937 3.8798717849444566 3.880542039078976 3.8812122932134954 3.881882547348015 3.8825528014825346 3.883223055617054 3.8838933097515738 3.8845635638860934 3.885233818020613 3.8859040721551334 3.886574326289653 3.8872445804241726 3.8879148345586922 3.888585088693212 3.889255342827731 3.8899255969622506 3.892541286900622 3.897236691691945 3.901932096483268 3.9066275012745915 3.9113229060659145 3.916018310857238 3.920713715648569 3.925409120439892 3.9301045252312155 3.9347999300225385 3.9394953348138615 3.944190739605185 3.948886144396508 3.9535815491878314 3.9582769539791545 3.9629723587704775
3.877637695173499 3.878209538603125 3.878781382032751 3.879353225462377 3.879925068892003 3.8804969123216284 3.8810687557512544 3.8816405991808804 3.8822124426105074 3.8827842860401334 3.883356129469759 3.883927972899385 3.884499816329011 3.885071659758637 3.8856435031882626 3.8862153466178886 3.8867871900475146 3.8873590334771406 3.887930876906766 3.888502720336392 3.8890745637660182 3.889646407195645 3.890218250625271 3.8907900940548967 3.8913619374845227 3.8919337809141488 3.892505624343775 3.8930774677734004 3.8954789886740233 3.8998364761529376 3.9041939636318514 3.9085514511107657 3.9129089385896796 3.917266426068594 3.9216239135475153 3.925981401026429 3.9303388885053434 3.9346963759842573 3.939053863463171 3.9434113509420854 3.9477688384209992 3.9521263258999135 3.9564838133788274 3.9608413008577417
3.8834466550167774 3.88392008774151 3.8843935204662423 3.8848669531909743 3.8853403859157067 3.8858138186404387 3.886287251365171 3.886760684089903 3.8872341168146365 3.8877075495393685 3.888180982264101 3.8886544149888334 3.8891278477135653 3.889601280438298 3.8900747131630298 3.890548145887762 3.8910215786124946 3.8914950113372266 3.891968444061959 3.892441876786691 3.8929153095114235 3.8933887422361564 3.893862174960889 3.894335607685621 3.8948090404103533 3.8952824731350857 3.8957559058598177 3.89622933858455 3.8984166904474247 3.90243626061393 3.9064558307804345 3.9104754009469396 3.9144949711134442 3.918514541279949 3.9225341114464607 3.926553681612966 3.9305732517794705 3.9345928219459756 3.9386123921124803 3.942631962278985 3.94665153244549 3.9506711026119947 3.9546906727785 3.9587102429450045
3.8892556148600557 3.8896306368798945 3.890005658899733 3.890380680919572 3.89075570293941 3.891130724959249 3.8915057469790875 3.8918807689989263 3.892255791018765 3.892630813038604 3.8930058350584424 3.8933808570782813 3.8937558790981197 3.8941309011179586 3.894505923137797 3.894880945157636 3.8952559671774742 3.895630989197313 3.8960060112171515 3.8963810332369904 3.8967560552568288 3.897131077276668 3.897506099296507 3.8978811213163453 3.898256143336184 3.8986311653560226 3.8990061873758615 3.8993812093957 3.9013543922208265 3.9050360450749224 3.908717697929018 3.9123993507831134 3.9160810036372093 3.919762656491305 3.923444309345407 3.9271259621995025 3.930807615053598 3.934489267907694 3.9381709207617894 3.9418525736158854 3.945534226469981 3.9492158793240764 3.9528975321781723 3.956579185032268
3.8950645747033343 3.895341186018279 3.8956177973332244 3.8958944086481693 3.896171019963114 3.8964476312780594 3.896724242593004 3.897000853907949 3.8972774652228948 3.8975540765378396 3.8978306878527844 3.8981072991677297 3.8983839104826745 3.8986605217976193 3.8989371331125646 3.8992137444275095 3.8994903557424543 3.8997669670573996 3.9000435783723444 3.900320189687289 3.9005968010022345 3.9008734123171798 3.901150023632125 3.90142663494707 3.9017032462620147 3.90197985757696 3.902256468891905 3.9025330802068496 3.9042920939942283 3.9076358295359146 3.9109795650776014 3.9143233006192877 3.9176670361609744 3.9210107717026608 3.924354507244353 3.9276982427860396 3.931041978327726 3.9343857138694127 3.937729449411099 3.941073184952786 3.944416920494472 3.947760656036159 3.951104391577845 3.9544481271195315
3.900873534546613 3.9010517351566643 3.9012299357667155 3.9014081363767668 3.9015863369868184 3.9017645375968697 3.901942738206921 3.902120938816972 3.902299139427024 3.902477340037075 3.9026555406471264 3.902833741257178 3.9030119418672293 3.9031901424772806 3.903368343087332 3.903546543697383 3.9037247443074348 3.903902944917486 3.9040811455275373 3.9042593461375885 3.9044375467476398 3.9046157473576915 3.9047939479677427 3.9049721485777944 3.9051503491878456 3.905328549797897 3.905506750407948 3.9056849510179994 3.90722979576763 3.9102356139969072 3.913241432226185 3.916247250455462 3.919253068684739 3.9222588869140167 3.925264705143299 3.9282705233725763 3.931276341601854 3.934282159831131 3.937287978060408 3.940293796289686 3.943299614518963 3.9463054327482405 3.9493112509775177 3.952317069206795
3.906682494389896 3.906762284295054 3.9068420742002115 3.906921864105369 3.907001654010527 3.9070814439156845 3.9071612338208417 3.9072410237259994 3.9073208136311575 3.9074006035363147 3.9074803934414724 3.90756018334663 3.9076399732517877 3.9077197631569454 3.907799553062103 3.9078793429672607 3.9079591328724184 3.908038922777576 3.9081187126827333 3.908198502587891 3.9082782924930486 3.9083580823982063 3.908437872303364 3.9085176622085216 3.9085974521136793 3.908677242018837 3.9087570319239946 3.9088368218291523 3.910167497541034 3.912835398457902 3.91550329937477 3.918171200291638 3.9208391012085055 3.9235070021253735 3.926174903042246 3.928842803959114 3.931510704875982 3.9341786057928494 3.9368465067097174 3.9395144076265853 3.9421823085434533 3.944850209460321 3.947518110377189 3.9501860112940568
3.912491454233175 3.912472833433439 3.9124542126337025 3.9124355918339666 3.9124169710342307 3.912398350234495 3.9123797294347584 3.9123611086350225 3.9123424878352866 3.9123238670355507 3.9123052462358143 3.9122866254360784 3.9122680046363425 3.9122493838366066 3.9122307630368702 3.9122121422371343 3.9121935214373984 3.9121749006376625 3.912156279837926 3.91213765903819 3.9121190382384543 3.9121004174387184 3.912081796638982 3.912063175839246 3.91204455503951 3.9120259342397743 3.912007313440038 3.911988692640302 3.913105199314436 3.9154351829188947 3.9177651665233535 3.920095150127812 3.9224251337322706 3.9247551173367294 3.927085100941192 3.9294150845456506 3.9317450681501094 3.934075051754568 3.9364050353590265 3.9387350189634853 3.941065002567944 3.9433949861724025 3.9457249697768613 3.94805495338132
3.918300414076453 3.918183382571823 3.9180663510671936 3.917949319562564 3.917832288057934 3.9177152565533047 3.917598225048675 3.9174811935440452 3.9173641620394153 3.917247130534786 3.9171300990301563 3.9170130675255264 3.916896036020897 3.9167790045162674 3.9166619730116374 3.916544941507008 3.9164279100023784 3.9163108784977485 3.916193846993119 3.9160768154884895 3.9159597839838596 3.9158427524792296 3.9157257209746 3.9156086894699706 3.9154916579653407 3.915374626460711 3.9152575949560817 3.915140563451452 3.9160429010878377 3.9180349673798873 3.920027033671937 3.922019099963986 3.9240111662560357 3.9260032325480854 3.927995298840138 3.9299873651321877 3.931979431424237 3.9339714977162865 3.935963564008336 3.9379556303003858 3.939947696592435 3.9419397628844846 3.943931829176534 3.9459238954685834
3.9241093739197312 3.923893931710208 3.9236784895006847 3.9234630472911616 3.923247605081638 3.923032162872115 3.9228167206625915 3.9226012784530684 3.9223858362435444 3.9221703940340213 3.921954951824498 3.9217395096149748 3.9215240674054512 3.921308625195928 3.9210931829864046 3.9208777407768816 3.920662298567358 3.920446856357835 3.9202314141483114 3.9200159719387884 3.919800529729265 3.9195850875197413 3.919369645310218 3.9191542031006947 3.918938760891171 3.918723318681648 3.9185078764721246 3.9182924342626015 3.918980602861239 3.9206347518408795 3.9222889008205195 3.92394304980016 3.9255971987798004 3.927251347759441 3.928905496739084 3.930559645718724 3.9322137946983644 3.933867943678005 3.9355220926576453 3.9371762416372853 3.9388303906169257 3.940484539596566 3.942138688576206 3.9437928375558466
3.92991833376301 3.9296044808485933 3.929290627934176 3.928976775019759 3.9286629221053424 3.9283490691909253 3.928035216276508 3.9277213633620915 3.927407510447674 3.927093657533257 3.92677980461884 3.926465951704423 3.926152098790006 3.925838245875589 3.9255243929611723 3.925210540046755 3.924896687132338 3.9245828342179214 3.9242689813035043 3.923955128389087 3.9236412754746706 3.923327422560253 3.923013569645836 3.922699716731419 3.922385863817002 3.922072010902585 3.921758157988168 3.9214443050737513 3.921918304634641 3.923234536301872 3.924550767969103 3.9258669996363342 3.9271832313035655 3.9284994629707963 3.92981569463803 3.931131926305261 3.9324481579724924 3.933764389639723 3.9350806213069545 3.9363968529741857 3.937713084641417 3.939029316308648 3.940345547975879 3.9416617796431104
3.9357272936062886 3.935315029986978 3.9349027663676672 3.934490502748357 3.9340782391290463 3.9336659755097356 3.933253711890425 3.9328414482711143 3.932429184651803 3.9320169210324925 3.9316046574131818 3.9311923937938715 3.930780130174561 3.93036786655525 3.9299556029359395 3.929543339316629 3.929131075697318 3.928718812078008 3.928306548458697 3.9278942848393865 3.927482021220076 3.9270697576007647 3.926657493981454 3.9262452303621433 3.9258329667428327 3.9254207031235224 3.9250084395042117 3.924596175884901 3.9248560064080427 3.9258343207628643 3.9268126351176864 3.9277909494725085 3.92876926382733 3.9297475781821523 3.930725892536976 3.931704206891798 3.93268252124662 3.933660835601442 3.9346391499562636 3.9356174643110857 3.936595778665908 3.9375740930207295 3.9385524073755516 3.9395307217303737
3.9415362534495717 3.9410255791253674 3.940514904801163 3.940004230476959 3.9394935561527546 3.9389828818285504 3.938472207504346 3.937961533180142 3.9374508588559367 3.936940184531732 3.9364295102075277 3.9359188358833235 3.935408161559119 3.934897487234915 3.9343868129107107 3.9338761385865064 3.933365464262302 3.9328547899380975 3.932344115613893 3.931833441289689 3.9313227669654847 3.9308120926412795 3.9303014183170752 3.929790743992871 3.9292800696686667 3.9287693953444625 3.9282587210202577 3.9277480466960535 3.9277937081814467 3.928434105223859 3.9290745022662716 3.929714899308684 3.9303552963510966 3.930995693393509 3.931636090435923 3.9322764874783354 3.932916884520748 3.9335572815631603 3.934197678605573 3.9348380756479853 3.9354784726903977 3.93611886973281 3.9367592667752227 3.937399663817635
3.94734521329285 3.946736128263752 3.9461270432346542 3.9455179582055564 3.944908873176458 3.9442997881473603 3.9436907031182624 3.9430816180891646 3.9424725330600654 3.9418634480309676 3.9412543630018697 3.9406452779727714 3.9400361929436736 3.9394271079145757 3.938818022885478 3.93820893785638 3.9375998528272818 3.936990767798184 3.936381682769086 3.935772597739988 3.93516351271089 3.934554427681791 3.9339453426526934 3.933336257623595 3.9327271725944972 3.9321180875653994 3.9315090025363015 3.9308999175072037 3.9307314099548485 3.931033889684852 3.931336369414855 3.9316388491448584 3.9319413288748617 3.932243808604865 3.9325462883348687 3.932848768064872 3.9331512477948753 3.933453727524879 3.9337562072548824 3.9340586869848857 3.934361166714889 3.9346636464448923 3.9349661261748956 3.935268605904899
3.9531541731361286 3.952446677402137 3.9517391816681453 3.951031685934154 3.9503241902001625 3.9496166944661706 3.948909198732179 3.9482017029981877 3.9474942072641945 3.946786711530203 3.9460792157962117 3.94537172006222 3.9446642243282284 3.943956728594237 3.943249232860245 3.9425417371262537 3.9418342413922622 3.9411267456582704 3.940419249924279 3.939711754190287 3.9390042584562956 3.938296762722303 3.9375892669883115 3.9368817712543196 3.936174275520328 3.9354667797863367 3.934759284052345 3.9340517883183534 3.9336691117282503 3.9336336741458444 3.9335982365634385 3.9335627989810327 3.933527361398627 3.933491923816221 3.933456486233815 3.933421048651409 3.9333856110690033 3.9333501734865974 3.9333147359041916 3.9332792983217857 3.93324386073938 3.933208423156974 3.933172985574568 3.933137547992162
3.9589631329794073 3.958157226540522 3.957351320101637 3.9565454136627514 3.9557395072238664 3.954933600784981 3.954127694346096 3.9533217879072104 3.952515881468324 3.9517099750294387 3.9509040685905537 3.950098162151668 3.949292255712783 3.9484863492738977 3.9476804428350127 3.9468745363961273 3.9460686299572423 3.945262723518357 3.944456817079472 3.9436509106405864 3.9428450042017014 3.9420390977628146 3.9412331913239296 3.940427284885044 3.939621378446159 3.9388154720072737 3.9380095655683887 3.937203659129503 3.936606813501652 3.936233458606837 3.935860103712022 3.935486748817207 3.935113393922392 3.934740039027577 3.934366684132761 3.933993329237946 3.933619974343131 3.9332466194483158 3.9328732645535007 3.9324999096586857 3.9321265547638706 3.9317531998690556 3.9313798449742405 3.9310064900794255
3.964772092822686 3.963867775678907 3.962963458535128 3.9620591413913493 3.9611548242475703 3.9602505071037912 3.959346189960012 3.9584418728162336 3.9575375556724532 3.956633238528674 3.955728921384895 3.9548246042411166 3.9539202870973376 3.9530159699535585 3.95211165280978 3.951207335666001 3.950303018522222 3.9493987013784433 3.9484943842346643 3.9475900670908852 3.9466857499471066 3.945781432803326 3.9448771156595472 3.943972798515768 3.943068481371989 3.9421641642282106 3.9412598470844316 3.9403555299406525 3.9395445152750534 3.9388332430678292 3.938121970860605 3.937410698653381 3.9366994264461566 3.9359881542389323 3.935276882031707 3.9345656098244826 3.9338543376172583 3.933143065410034 3.93243179320281 3.9317205209955857 3.9310092487883614 3.930297976581137 3.9295867043739134 3.928875432166689
3.9705810526659637 3.9695783248172916 3.968575596968619 3.9675728691199463 3.9665701412712737 3.965567413422601 3.964564685573929 3.9635619577252563 3.962559229876582 3.9615565020279093 3.960553774179237 3.9595510463305645 3.958548318481892 3.9575455906332193 3.956542862784547 3.9555401349358745 3.954537407087202 3.9535346792385293 3.9525319513898567 3.9515292235411845 3.950526495692512 3.9495237678438375 3.948521039995165 3.9475183121464927 3.94651558429782 3.9455128564491475 3.944510128600475 3.9435074007518027 3.942482217048455 3.9414330275288214 3.940383838009188 3.939334648489555 3.9382854589699217 3.9372362694502883 3.936187079930653 3.9351378904110197 3.9340887008913863 3.933039511371753 3.9319903218521195 3.930941132332486 3.9298919428128527 3.9288427532932193 3.927793563773586 3.9267443742539525
3.9763900125092424 3.975288873955676 3.97418773540211 3.973086596848544 3.9719854582949776 3.970884319741412 3.9697831811878457 3.9686820426342795 3.9675809040807115 3.9664797655271453 3.965378626973579 3.964277488420013 3.9631763498664467 3.9620752113128805 3.9609740727593143 3.959872934205748 3.958771795652182 3.9576706570986158 3.9565695185450496 3.9554683799914834 3.954367241437917 3.953266102884349 3.952164964330783 3.951063825777217 3.949962687223651 3.948861548670085 3.9477604101165187 3.9466592715629525 3.9454199188218566 3.944032811989814 3.9426457051577715 3.941258598325729 3.9398714914936863 3.9384843846616437 3.937097277829599 3.9357101709975564 3.934323064165514 3.9329359573334712 3.9315488505014287 3.930161743669386 3.9287746368373435 3.927387530005301 3.9260004231732584 3.924613316341216
3.982198972352526 3.9809994230940657 3.979799873835606 3.978600324577146 3.9774007753186864 3.976201226060226 3.9750016768017664 3.9738021275433066 3.9726025782848446 3.971403029026385 3.970203479767925 3.969003930509465 3.967804381251005 3.9666048319925453 3.9654052827340855 3.9642057334756253 3.9630061842171656 3.9618066349587058 3.960607085700246 3.9594075364417862 3.958207987183326 3.957008437924864 3.9558088886664042 3.9546093394079445 3.9534097901494847 3.952210240891025 3.9510106916325647 3.949811142374105 3.948357620595261 3.946632596450809 3.944907572306357 3.943182548161905 3.9414575240174528 3.939732499873001 3.9380074757285457 3.936282451584094 3.9345574274396418 3.9328324032951896 3.931107379150738 3.9293823550062856 3.9276573308618334 3.9259323067173817 3.9242072825729295 3.9224822584284778
