Figures/CREST_Example_wjb_NSE/PETs/wjb.pet.20090610.asc
ncols            288
nrows            254
xllcorner        113.274861
yllcorner        31.4918055
cellsize         0.008333333333
NODATA_value     -9999
[rows 120 to 139 of 254, columns 0 to 43 of 288]
-9999.0 -9999.0 -9999.0 -9999.0 -9999.0 -9999.0 -9999.0 -9999.0 -9999.0 -9999.0 -9999.0 -9999.0 -9999.0 3.72295935934 3.7234732947479237 3.723987230155847 3.7245011655637708 3.725015100971694 -9999.0 -9999.0 -9999.0 -9999.0 -9999.0 -9999.0 -9999.0 -9999.0 -9999.0 -9999.0 -9999.0 3.731182325866778 3.7316962612747013 3.732210196682625 3.732724132090549 3.733238067498472 3.733752002906396 3.7342659383143193 3.734779873722243 3.7352938091301664 3.73580774453809 3.7363216799460144 3.736835615353938 3.737349550761862 3.735906350083071 3.732370926694509
-9999.0 -9999.0 -9999.0 -9999.0 -9999.0 -9999.0 -9999.0 -9999.0 -9999.0 -9999.0 -9999.0 -9999.0 3.713831114033433 3.7143400789878216 3.7148490439422095 3.715358008896598 3.7158669738509857 3.7163759388053736 3.7168849037597615 -9999.0 -9999.0 -9999.0 -9999.0 -9999.0 -9999.0 -9999.0 -9999.0 -9999.0 -9999.0 -9999.0 3.7229924832124186 3.7235014481668065 3.724010413121195 3.7245193780755828 3.7250283430299707 3.7255373079843586 3.7260462729387465 3.726555237893135 3.7270642028475227 3.7275731678019115 3.7280821327562994 3.7285910977106878 3.727149207464169 3.72362180891676
-9999.0 -9999.0 -9999.0 -9999.0 -9999.0 -9999.0 -9999.0 -9999.0 -9999.0 -9999.0 -9999.0 -9999.0 3.7052168041347895 3.705720798635643 3.7062247931364953 3.706728787637348 3.7072327821382003 3.7077367766390528 3.7082407711399052 3.7087447656407577 3.70924876014161 -9999.0 -9999.0 -9999.0 -9999.0 -9999.0 -9999.0 -9999.0 -9999.0 3.713784710649283 3.7142887051501354 3.714792699650988 3.7152966941518404 3.715800688652693 3.7163046831535453 3.716808677654398 3.7173126721552503 3.7178166666561028 3.7183206611569553 3.7188246556578086 3.719328650158661 3.7198326446595136 3.718392064845266 3.714872691139011
-9999.0 -9999.0 -9999.0 -9999.0 -9999.0 -9999.0 -9999.0 -9999.0 -9999.0 -9999.0 -9999.0 -9999.0 3.696602494236147 3.6971015182834646 3.6976005423307816 3.6980995663780982 3.6985985904254153 3.6990976144727323 3.699596638520049 3.700095662567366 3.700594686614683 -9999.0 -9999.0 3.7020917587566338 -9999.0 -9999.0 -9999.0 -9999.0 -9999.0 3.7050859030405356 3.7055849270878527 3.7060839511351698 3.7065829751824864 3.7070819992298034 3.70758102327712 3.708080047324437 3.708579071371754 3.7090780954190707 3.709577119466388 3.7100761435137057 3.7105751675610223 3.7110741916083394 3.7096349222263636 3.706123573361262
-9999.0 -9999.0 -9999.0 -9999.0 -9999.0 -9999.0 -9999.0 -9999.0 -9999.0 -9999.0 -9999.0 -9999.0 3.6879881843374966 3.6884822379312787 3.68897629152506 3.6894703451188415 3.6899643987126227 3.690458452306404 3.6909525059001855 3.6914465594939667 3.691940613087748 3.6924346666815295 3.6929287202753107 3.693422773869092 3.6939168274628735 3.6944108810566547 -9999.0 -9999.0 3.6958930418379996 3.696387095431781 3.6968811490255624 3.6973752026193436 3.697869256213125 3.698363309806906 3.6988573634006876 3.699351416994469 3.69984547058825 3.7003395241820316 3.700833577775813 3.701327631369595 3.7018216849633765 3.7023157385571577 3.7008777796074535 3.697374455583505
-9999.0 -9999.0 -9999.0 -9999.0 -9999.0 -9999.0 -9999.0 -9999.0 -9999.0 -9999.0 -9999.0 3.678911957487089 3.6793738744388538 3.6798629575791004 3.680352040719346 3.680841123859592 3.6813302069998377 3.6818192901400835 3.6823083732803292 3.682797456420575 3.683286539560821 3.683775622701067 3.6842647058413127 3.6847537889815585 3.6852428721218042 3.68573195526205 3.6862210384022966 3.6867101215425424 3.687199204682788 3.687688287823034 3.6881773709632797 3.6886664541035254 3.689155537243771 3.689644620384017 3.6901337035242627 3.6906227866645085 3.6911118698047543 3.691600952945 3.6920900360852458 3.6925791192254924 3.693068202365738 3.693557285505984 3.6921206369885518 3.6886253378057563
-9999.0 -9999.0 -9999.0 -9999.0 -9999.0 -9999.0 -9999.0 -9999.0 -9999.0 -9999.0 -9999.0 3.6703539817046558 3.6707595645402114 3.671243677226922 3.6717277899136325 3.672211902600343 3.6726960152870527 3.673180127973763 3.6736642406604734 3.6741483533471837 3.6746324660338936 3.675116578720604 3.6756006914073143 3.676084804094024 3.6765689167807345 3.677053029467445 3.6775371421541556 3.678021254840866 3.6785053675275763 3.6789894802142866 3.6794735929009965 3.679957705587707 3.680441818274417 3.6809259309611275 3.6814100436478374 3.6818941563345478 3.682378269021258 3.682862381707968 3.6833464943946783 3.6838306070813895 3.6843147197680994 3.6847988324548098 3.683363494369649 3.679876220028007
-9999.0 -9999.0 -9999.0 -9999.0 -9999.0 -9999.0 -9999.0 -9999.0 -9999.0 -9999.0 -9999.0 3.661796005922222 3.662145254641568 3.6626243968747434 3.6631035391079183 3.6635826813410928 3.6640618235742677 3.664540965807442 3.665020108040617 3.6654992502737915 3.665978392506966 3.666457534740141 3.6669366769733154 3.6674158192064903 3.6678949614396648 3.6683741036728397 3.668853245906015 3.6693323881391895 3.6698115303723644 3.670290672605539 3.670769814838714 3.6712489570718883 3.6717280993050627 3.6722072415382376 3.672686383771412 3.673165526004587 3.6736446682377615 3.6741238104709364 3.674602952704111 3.675082094937286 3.675561237170461 3.6760403794036356 3.6746063517507466 3.671127102250258
-9999.0 -9999.0 -9999.0 -9999.0 -9999.0 -9999.0 -9999.0 -9999.0 -9999.0 -9999.0 -9999.0 3.6532380301397884 3.653530944742925 3.654005116522565 3.6544792883022046 3.6549534600818436 3.6554276318614827 3.6559018036411217 3.6563759754207608 3.6568501472004 3.657324318980039 3.657798490759678 3.658272662539317 3.6587468343189564 3.6592210060985955 3.6596951778782345 3.6601693496578744 3.6606435214375135 3.6611176932171525 3.6615918649967916 3.6620660367764306 3.6625402085560697 3.6630143803357087 3.663488552115348 3.6639627238949872 3.6644368956746263 3.6649110674542653 3.6653852392339044 3.6658594110135434 3.6663335827931833 3.6668077545728224 3.6672819263524614 3.665849209131844 3.6623779844725086
-9999.0 -9999.0 -9999.0 -9999.0 -9999.0 -9999.0 -9999.0 -9999.0 -9999.0 -9999.0 3.64466107529447 3.644680054357355 3.6449166348442827 3.645385836170387 3.6458550374964904 3.646324238822594 3.6467934401486977 3.6472626414748013 3.6477318428009045 3.648201044127008 3.6486702454531117 3.6491394467792153 3.649608648105319 3.650077849431422 3.6505470507575257 3.6510162520836293 3.651485453409734 3.651954654735837 3.6524238560619406 3.6528930573880443 3.653362258714148 3.6538314600402515 3.6543006613663547 3.6547698626924583 3.655239064018562 3.6557082653446655 3.656177466670769 3.6566466679968723 3.657115869322976 3.6575850706490804 3.658054271975184 3.6585234733012872 3.6570920665129414 3.65362886669476
-9999.0 -9999.0 -9999.0 -9999.0 -9999.0 -9999.0 -9999.0 -9999.0 -9999.0 3.636292883306466 3.6362074809406937 3.6361220785749215 3.6363023249456394 3.6367665558182085 3.6372307866907763 3.6376950175633445 3.638159248435912 3.6386234793084804 3.639087710181048 3.6395519410536163 3.640016171926184 3.6404804027987523 3.64094463367132 3.6414088645438882 3.641873095416456 3.642337326289024 3.642801557161593 3.643265788034161 3.6437300189067288 3.644194249779297 3.6446584806518647 3.645122711524433 3.6455869423970007 3.646051173269569 3.6465154041421366 3.646979635014705 3.6474438658872725 3.6479080967598407 3.6483723276324085 3.648836558504977 3.6493007893775453 3.649765020250113 3.6483349238940392 3.6448797489170106
-9999.0 -9999.0 -9999.0 -9999.0 -9999.0 -9999.0 -9999.0 3.6283232379702 3.6281334541757704 3.627943670381341 3.627753886586911 3.627564102792481 3.62768801504699 3.628147275466023 3.6286065358850554 3.6290657963040878 3.62952505672312 3.6299843171421524 3.630443577561185 3.6309028379802175 3.63136209839925 3.631821358818282 3.6322806192373145 3.6327398796563473 3.6331991400753796 3.633658400494412 3.634117660913445 3.6345769213324775 3.6350361817515098 3.635495442170542 3.635954702589575 3.636413963008607 3.6368732234276395 3.637332483846672 3.637791744265704 3.638251004684737 3.6387102651037693 3.6391695255228016 3.639628785941834 3.640088046360867 3.6405473067798995 3.6410065671989322 3.6395777812751295 3.6361306311392543
-9999.0 -9999.0 -9999.0 -9999.0 -9999.0 -9999.0 3.620476953125484 3.6201827879023964 3.6198886226793094 3.619594457456222 3.6193002922331345 3.6190061270100475 3.6190737051483466 3.6195279951138444 3.6199822850793413 3.6204365750448377 3.6208908650103346 3.6213451549758315 3.6217994449413284 3.6222537349068253 3.6227080248723222 3.623162314837819 3.623616604803316 3.624070894768813 3.62452518473431 3.6249794746998067 3.625433764665304 3.625888054630801 3.626342344596298 3.626796634561795 3.6272509245272917 3.6277052144927886 3.6281595044582855 3.6286137944237824 3.6290680843892793 3.6295223743547758 3.6299766643202727 3.6304309542857696 3.6308852442512665 3.6313395342167643 3.631793824182261 3.632248114147758 3.630820638656227 3.627381513361505
-9999.0 -9999.0 -9999.0 3.6136365244415725 3.6132379777898276 -9999.0 3.612440884486338 3.6120423378345934 3.6116437911828485 3.6112452445311036 3.610846697879359 3.6104481512276143 3.6104593952497037 3.610908714761666 3.611358034273627 3.6118073537855886 3.6122566732975496 3.612705992809511 3.6131553123214726 3.6136046318334336 3.614053951345395 3.614503270857356 3.6149525903693176 3.615401909881279 3.61585122939324 3.6163005489052016 3.6167498684171635 3.617199187929125 3.617648507441086 3.6180978269530475 3.618547146465009 3.61899646597697 3.6194457854889315 3.6198951050008925 3.620344424512854 3.620793744024815 3.6212430635367765 3.621692383048738 3.622141702560699 3.6225910220726614 3.6230403415846224 3.623489661096584 3.6220634960373244 3.618632395583756
-9999.0 -9999.0 -9999.0 3.605913600088399 3.605410672007997 3.6049077439275945 3.604404815847192 3.60390188776679 3.6033989596863876 3.6028960316059857 3.6023931035255834 3.601890175445181 3.6018450853510613 3.602289434409488 3.6027337834679134 3.603178132526339 3.603622481584765 3.6040668306431907 3.6045111797016163 3.604955528760042 3.605399877818468 3.6058442268768935 3.606288575935319 3.6067329249937448 3.607177274052171 3.6076216231105964 3.608065972169023 3.6085103212274485 3.6089546702858746 3.6093990193443 3.609843368402726 3.6102877174611514 3.6107320665195775 3.611176415578003 3.6116207646364287 3.6120651136948547 3.6125094627532803 3.612953811811706 3.6133981608701315 3.613842509928558 3.614286858986984 3.6147312080454097 3.613306353418422 3.6098832778060066
-9999.0 -9999.0 -9999.0 3.5981906757352258 3.597583366226166 3.596976056717106 3.596368747208046 3.5957614376989864 3.5951541281899266 3.594546818680867 3.593939509171807 3.5933321996627474 3.593230775452418 3.593670154057309 3.5941095326621992 3.5945489112670894 3.5949882898719796 3.59542766847687 3.59586704708176 3.59630642568665 3.5967458042915403 3.5971851828964305 3.5976245615013207 3.598063940106211 3.598503318711101 3.5989426973159913 3.599382075920882 3.599821454525772 3.6002608331306623 3.6007002117355524 3.6011395903404426 3.601578968945333 3.602018347550223 3.602457726155113 3.6028971047600034 3.6033364833648935 3.6037758619697837 3.604215240574674 3.604654619179564 3.605093997784455 3.6055333763893453 3.6059727549942355 3.6045492107995196 3.601134160028258
-9999.0 -9999.0 -9999.0 3.5904677513820524 3.5897560604443353 3.589044369506618 3.5883326785689005 3.5876209876311833 3.586909296693466 3.5861976057557485 3.5854859148180314 3.5847742238803137 3.584616465553775 3.5850508737051308 3.585485281856485 3.58591969000784 3.5863540981591946 3.586788506310549 3.5872229144619037 3.5876573226132584 3.588091730764613 3.5885261389159675 3.5889605470673223 3.589394955218677 3.5898293633700313 3.590263771521386 3.5906981796727413 3.591132587824096 3.591566995975451 3.592001404126805 3.59243581227816 3.5928702204295146 3.593304628580869 3.5937390367322237 3.5941734448835785 3.594607853034933 3.5950422611862876 3.5954766693376423 3.5959110774889966 3.5963454856403523 3.5967798937917066 3.5972143019430614 3.595792068180617 3.5923850422505086
-9999.0 -9999.0 -9999.0 3.582744827028873 3.581928754662498 3.581112682296123 3.5802966099297477 3.579480537563373 3.578664465196998 3.577848392830623 3.577032320464248 3.576216248097873 3.576002155655125 3.576431593352945 3.576861031050764 3.577290468748583 3.577719906446402 3.578149344144221 3.5785787818420403 3.579008219539859 3.5794376572376785 3.5798670949354974 3.5802965326333163 3.5807259703311356 3.5811554080289545 3.581584845726774 3.5820142834245936 3.5824437211224125 3.5828731588202314 3.5833025965180507 3.5837320342158696 3.584161471913689 3.584590909611508 3.5850203473093267 3.585449785007146 3.585879222704965 3.5863086604027843 3.586738098100603 3.587167535798422 3.587596973496242 3.588026411194061 3.58845584889188 3.5870349255617073 3.5836359244727523
-9999.0 -9999.0 -9999.0 3.5750219026756995 3.574101448880667 3.5731809950856346 3.572260541290602 3.5713400874955696 3.570419633700537 3.5694991799055047 3.568578726110472 3.5676582723154397 3.5673878457564823 3.5678123130007666 3.56823678024505 3.5686612474893336 3.569085714733617 3.5695101819779005 3.569934649222184 3.5703591164664674 3.570783583710751 3.571208050955035 3.5716325181993183 3.5720569854436017 3.572481452687885 3.5729059199321687 3.573330387176453 3.5737548544207365 3.57417932166502 3.5746037889093034 3.575028256153587 3.5754527233978703 3.575877190642154 3.5763016578864373 3.5767261251307207 3.577150592375004 3.5775750596192877 3.577999526863571 3.5784239941078546 3.578848461352139 3.5792729285964224 3.579697395840706 3.5782777829428047 3.574886806695003
-9999.0 3.5693486487699064 3.5683238135462165 3.5672989783225266 3.5662741430988363 3.5652493078751464 3.5642244726514565 3.5631996374277666 3.5621748022040767 3.5611499669803863 3.5601251317566964 3.5591002965330065 3.55877353585784 3.5591930326485883 3.5596125294393364 3.560032026230084 3.560451523020832 3.56087101981158 3.561290516602328 3.5617100133930757 3.5621295101838237 3.5625490069745718 3.56296850376532 3.563388000556068 3.5638074973468155 3.5642269941375635 3.564646490928312 3.56506598771906 3.565485484509808 3.565904981300556 3.5663244780913037 3.5667439748820517 3.5671634716728 3.567582968463548 3.5680024652542954 3.5684219620450435 3.5688414588357915 3.5692609556265396 3.569680452417287 3.570099949208036 3.570519445998784 3.5709389427895317 3.5695206403239026 3.566137688917254
