Figures/CREST_Example_wjb_NSE/PETs/wjb.pet.20100114.asc
ncols            288
nrows            254
xllcorner        113.274861
yllcorner        31.4918055
cellsize         0.008333333333
NODATA_value     -9999
[rows 76 to 94 of 254, columns 176 to 219 of 288]
0.8549662669733581 0.8547425747518894 0.8545188825304207 0.8542951903089522 0.8540714980874835 0.8538478058660149 0.8536241136445459 0.8534004214230773 0.8531767292016087 0.85295303698014 0.8527293447586715 0.8525056525372028 0.8522819603157342 0.8520582680942655 0.851834575872797 0.8516108836513283 0.8513150273916871 0.8509420261424121 0.850569024893137 0.8501960236438614 0.8498230223945863 0.8494500211453112 0.8490770198960362 0.8487040186467611 0.8483310173974861 0.847958016148211 -9999.0 -9999.0 -9999.0 0.8464660111511109 0.8460930099018358 -9999.0 -9999.0 -9999.0 -9999.0 -9999.0 -9999.0 -9999.0 -9999.0 -9999.0 -9999.0 -9999.0 -9999.0 -9999.0
0.8558996267121886 0.8556838243198817 0.8554680219275749 0.855252219535268 0.8550364171429611 0.8548206147506543 0.8546048123583471 0.8543890099660402 0.8541732075737334 0.8539574051814265 0.8537416027891197 0.8535258003968128 0.8533099980045059 0.8530941956121991 0.8528783932198922 0.8526625908275854 0.8523662526762696 0.8519838199763222 0.8516013872763748 0.8512189545764268 0.8508365218764794 0.8504540891765321 0.8500716564765847 0.8496892237766372 0.8493067910766899 0.8489243583767425 -9999.0 -9999.0 -9999.0 0.8473946275769529 0.8470121948770056 -9999.0 -9999.0 -9999.0 -9999.0 -9999.0 -9999.0 -9999.0 -9999.0 -9999.0 -9999.0 -9999.0 -9999.0 -9999.0
0.8568329864510191 0.856625073887874 0.8564171613247289 0.8562092487615838 0.8560013361984388 0.8557934236352936 0.8555855110721482 0.8553775985090032 0.8551696859458581 0.854961773382713 0.854753860819568 0.8545459482564228 0.8543380356932777 0.8541301231301326 0.8539222105669876 0.8537142980038425 0.8534174779608521 0.8530256138102323 0.8526337496596127 0.8522418855089923 0.8518500213583726 0.8514581572077529 0.8510662930571331 0.8506744289065135 0.8502825647558937 0.849890700605274 -9999.0 -9999.0 0.8487151081534149 0.8483232440027951 0.8479313798521755 -9999.0 -9999.0 -9999.0 -9999.0 -9999.0 -9999.0 -9999.0 -9999.0 -9999.0 -9999.0 -9999.0 -9999.0 -9999.0
0.8577663461898504 0.8575663234558671 0.8573663007218838 0.8571662779879005 0.8569662552539171 0.8567662325199339 0.8565662097859502 0.8563661870519669 0.8561661643179836 0.8559661415840003 0.855766118850017 0.8555660961160336 0.8553660733820504 0.855166050648067 0.8549660279140837 0.8547660051801005 0.8544687032454354 0.8540674076441435 0.8536661120428514 0.8532648164415586 0.8528635208402666 0.8524622252389745 0.8520609296376824 0.8516596340363904 0.8512583384350983 0.8508570428338063 0.8504557472325143 0.8500544516312222 0.8496531560299302 0.8492518604286381 -9999.0 -9999.0 -9999.0 -9999.0 -9999.0 -9999.0 -9999.0 -9999.0 -9999.0 -9999.0 -9999.0 -9999.0 -9999.0 -9999.0
0.8586997059286808 0.8585075730238594 0.8583154401190378 0.8581233072142163 0.8579311743093947 0.8577390414045732 0.8575469084997513 0.8573547755949298 0.8571626426901082 0.8569705097852868 0.8567783768804652 0.8565862439756436 0.8563941110708221 0.8562019781660006 0.8560098452611791 0.8558177123563575 0.8555199285300179 0.8551092014780536 0.8546984744260891 0.854287747374124 0.8538770203221597 0.8534662932701953 0.853055566218231 0.8526448391662665 0.8522341121143022 0.8518233850623378 0.8514126580103735 0.851001930958409 0.8505912039064447 0.8501804768544803 -9999.0 -9999.0 -9999.0 -9999.0 -9999.0 -9999.0 -9999.0 -9999.0 -9999.0 -9999.0 -9999.0 -9999.0 -9999.0 -9999.0
0.8596330656675114 0.8594488225918516 0.859264579516192 0.8590803364405322 0.8588960933648724 0.8587118502892126 0.8585276072135525 0.8583433641378928 0.858159121062233 0.8579748779865732 0.8577906349109135 0.8576063918352537 0.8574221487595939 0.8572379056839341 0.8570536626082744 0.8568694195326146 0.8565711538146005 0.8561509953119637 0.855730836809327 0.8553106783066896 0.8548905198040528 0.8544703613014162 0.8540502027987794 0.8536300442961428 0.853209885793506 0.8527897272908693 0.8523695687882326 0.8519494102855959 0.8515292517829591 0.8511090932803225 -9999.0 -9999.0 -9999.0 -9999.0 -9999.0 -9999.0 -9999.0 -9999.0 -9999.0 -9999.0 -9999.0 -9999.0 -9999.0 -9999.0
0.860566425406342 0.860390072159844 0.860213718913346 0.860037365666848 0.85986101242035 0.859684659173852 0.8595083059273537 0.8593319526808557 0.8591555994343577 0.8589792461878597 0.8588028929413617 0.8586265396948637 0.8584501864483657 0.8582738332018677 0.8580974799553697 0.8579211267088717 0.8576223790991829 0.8571927891458738 0.8567631991925648 0.8563336092392551 0.855904019285946 0.855474429332637 0.855044839379328 0.8546152494260189 0.8541856594727099 0.8537560695194008 0.8533264795660918 0.8528968896127826 0.8524672996594737 -9999.0 -9999.0 -9999.0 -9999.0 -9999.0 -9999.0 -9999.0 -9999.0 -9999.0 -9999.0 -9999.0 -9999.0 -9999.0 -9999.0 -9999.0
0.8614997851451724 0.8613313217278362 0.8611628583105 0.8609943948931638 0.8608259314758275 0.8606574680584913 0.8604890046411549 0.8603205412238186 0.8601520778064824 0.8599836143891462 0.8598151509718099 0.8596466875544737 0.8594782241371375 0.8593097607198013 0.859141297302465 0.8589728338851288 0.8586736043837654 0.858234582979784 0.8577955615758026 0.8573565401718205 0.8569175187678392 0.8564784973638577 0.8560394759598764 0.8556004545558951 0.8551614331519136 0.8547224117479323 0.854283390343951 0.8538443689399695 0.8534053475359882 -9999.0 -9999.0 -9999.0 -9999.0 -9999.0 -9999.0 -9999.0 -9999.0 -9999.0 -9999.0 -9999.0 -9999.0 -9999.0 -9999.0 -9999.0
0.862433144884003 0.8622725712958286 0.8621119977076541 0.8619514241194797 0.8617908505313052 0.8616302769431308 0.8614697033549561 0.8613091297667816 0.8611485561786072 0.8609879825904327 0.8608274090022583 0.8606668354140838 0.8605062618259094 0.8603456882377349 0.8601851146495605 0.860024541061386 0.859724829668348 0.8592763768136943 0.8588279239590406 0.8583794711043861 0.8579310182497324 0.8574825653950787 0.8570341125404249 0.8565856596857713 0.8561372068311175 0.8556887539764638 0.8552403011218102 0.8547918482671564 0.8543433954125027 -9999.0 -9999.0 -9999.0 -9999.0 -9999.0 -9999.0 -9999.0 -9999.0 -9999.0 -9999.0 -9999.0 -9999.0 -9999.0 -9999.0 -9999.0
0.8633665046228344 0.8632138208638217 0.863061137104809 0.8629084533457964 0.8627557695867837 0.862603085827771 0.862450402068758 0.8622977183097453 0.8621450345507327 0.86199235079172 0.8618396670327073 0.8616869832736946 0.861534299514682 0.8613816157556693 0.8612289319966566 0.861076248237644 0.8607760549529313 0.8603181706476053 0.8598602863422793 0.8594024020369524 0.8589445177316264 0.8584866334263003 0.8580287491209743 0.8575708648156483 0.8571129805103221 0.8566550962049961 0.8561972118996701 0.855739327594344 0.855281443289018 0.8548235589836919 -9999.0 -9999.0 0.853449906067713 0.852992021762387 -9999.0 -9999.0 -9999.0 -9999.0 -9999.0 -9999.0 -9999.0 -9999.0 -9999.0 -9999.0
0.8642998643616648 0.8641550704318139 0.864010276501963 0.8638654825721122 0.8637206886422613 0.8635758947124104 0.8634311007825591 0.8632863068527082 0.8631415129228573 0.8629967189930065 0.8628519250631556 0.8627071311333047 0.8625623372034538 0.8624175432736029 0.862272749343752 0.8621279554139011 0.8618272802375139 0.8613599644815154 0.8608926487255171 0.860425332969518 0.8599580172135195 0.8594907014575212 0.8590233857015228 0.8585560699455244 0.858088754189526 0.8576214384335277 0.8571541226775292 0.8566868069215309 0.8562194911655325 0.8557521754095341 0.8552848596535357 0.8548175438975374 0.8543502281415382 0.8538829123855398 0.8534155966295415 -9999.0 -9999.0 -9999.0 -9999.0 -9999.0 -9999.0 -9999.0 -9999.0 -9999.0
0.8652332241004954 0.8650963199998063 0.8649594158991172 0.864822511798428 0.8646856076977388 0.8645487035970497 0.8644117994963604 0.8642748953956713 0.864137991294982 0.8640010871942929 0.8638641830936038 0.8637272789929147 0.8635903748922256 0.8634534707915364 0.8633165666908472 0.8631796625901581 0.8628785055220963 0.8624017583154256 0.8619250111087549 0.8614482639020834 0.8609715166954126 0.8604947694887419 0.8600180222820712 0.8595412750754006 0.8590645278687298 0.8585877806620591 0.8581110334553884 0.8576342862487177 0.857157539042047 0.8566807918353763 0.8562040446287056 0.8557272974220349 0.8552505502153633 0.8547738030086927 0.8542970558020219 -9999.0 -9999.0 -9999.0 -9999.0 -9999.0 -9999.0 -9999.0 -9999.0 -9999.0
0.8662725384821887 0.8661414082023361 0.8660102779224836 0.8658791476426312 0.8657480173627786 0.8656168870829262 0.8654857568030734 0.8653546265232209 0.8652234962433684 0.8650923659635159 0.8649612356836635 0.8648301054038109 0.8646989751239584 0.8645678448441059 0.8644367145642534 0.8643055842844009 0.8640038298874975 0.8635196744488217 0.8630355190101459 0.8625513635714692 0.8620672081327935 0.8615830526941176 0.8610988972554419 0.860614741816766 0.8601305863780903 0.8596464309394144 0.8591622755007386 0.8586781200620628 0.858193964623387 0.8577098091847112 0.8572256537460354 0.8567414983073596 0.8562573428686829 0.8557731874300072 0.8552890319913313 -9999.0 -9999.0 -9999.0 -9999.0 -9999.0 -9999.0 -9999.0 -9999.0 -9999.0
0.8674251116968484 0.8672974933583436 0.8671698750198388 0.867042256681334 0.8669146383428291 0.8667870200043243 0.8666594016658191 0.8665317833273143 0.8664041649888095 0.8662765466503046 0.8661489283117998 0.866021309973295 0.8658936916347901 0.8657660732962852 0.8656384549577804 0.8655108366192755 0.8652083614984772 0.8647189605209912 0.8642295595435052 0.8637401585660184 0.8632507575885323 0.8627613566110464 0.8622719556335603 0.8617825546560743 0.8612931536785883 0.8608037527011023 0.8603143517236163 0.8598249507461303 0.8593355497686442 0.8588461487911583 0.8583567478136723 0.8578673468361863 0.8573779458586994 0.8568885448812135 0.8563991439037274 0.8559097429262414 -9999.0 -9999.0 -9999.0 -9999.0 -9999.0 -9999.0 -9999.0 -9999.0
0.8685776849115082 0.868453578514351 0.8683294721171938 0.8682053657200367 0.8680812593228795 0.8679571529257223 0.8678330465285649 0.8677089401314076 0.8675848337342505 0.8674607273370933 0.8673366209399361 0.8672125145427789 0.8670884081456217 0.8669643017484646 0.8668401953513074 0.8667160889541502 0.8664128931094569 0.8659182465931606 0.8654236000768645 0.8649289535605674 0.8644343070442713 0.863939660527975 0.8634450140116788 0.8629503674953827 0.8624557209790864 0.8619610744627902 0.861466427946494 0.8609717814301978 0.8604771349139017 0.8599824883976054 0.8594878418813092 0.8589931953650131 0.858498548848716 0.8580039023324197 0.8575092558161236 0.8570146092998274 -9999.0 -9999.0 -9999.0 -9999.0 -9999.0 -9999.0 -9999.0 -9999.0
0.869730258126168 0.8696096636703585 0.8694890692145489 0.8693684747587395 0.8692478803029299 0.8691272858471204 0.8690066913913107 0.8688860969355011 0.8687655024796916 0.8686449080238821 0.8685243135680726 0.8684037191122631 0.8682831246564535 0.868162530200644 0.8680419357448345 0.867921341289025 0.8676174247204367 0.8671175326653302 0.8666176406102238 0.8661177485551166 0.8656178565000102 0.8651179644449037 0.8646180723897974 0.864118180334691 0.8636182882795845 0.8631183962244782 0.8626185041693718 0.8621186121142653 0.861618720059159 0.8611188280040526 0.8606189359489461 0.8601190438938398 0.8596191518387325 0.8591192597836261 -9999.0 -9999.0 -9999.0 -9999.0 -9999.0 -9999.0 0.8556200153978812 -9999.0 0.8546202312876685 -9999.0
0.8708828313408288 0.8707657488263669 0.8706486663119051 0.8705315837974432 0.8704145012829814 0.8702974187685194 0.8701803362540574 0.8700632537395955 0.8699461712251336 0.8698290887106718 0.8697120061962099 0.8695949236817481 0.8694778411672862 0.8693607586528244 0.8692436761383625 0.8691265936239007 0.8688219563314173 0.8683168187375008 0.8678116811435841 0.8673065435496666 0.8668014059557501 0.8662962683618335 0.8657911307679169 0.8652859931740002 0.8647808555800837 0.8642757179861671 0.8637705803922504 0.8632654427983338 0.8627603052044173 0.8622551676105007 0.861750030016584 0.8612448924226674 0.86073975482875 0.8602346172348334 -9999.0 -9999.0 -9999.0 -9999.0 -9999.0 0.8572037916713338 0.8566986540774172 0.8561935164835006 0.8556883788895839 -9999.0
0.8720354045554886 0.8719218339823744 0.8718082634092602 0.871694692836146 0.8715811222630317 0.8714675516899176 0.8713539811168032 0.871240410543689 0.8711268399705748 0.8710132693974606 0.8708996988243464 0.8707861282512321 0.870672557678118 0.8705589871050038 0.8704454165318896 0.8703318459587753 0.8700264879423971 0.8695161048096703 0.8690057216769436 0.8684953385442159 0.867984955411489 0.8674745722787622 0.8669641891460355 0.8664538060133087 0.8659434228805819 0.865433039747855 0.8649226566151282 0.8644122734824015 0.8639018903496747 0.8633915072169479 0.862881124084221 0.8623707409514942 0.8618603578187666 0.8613499746860398 0.860839591553313 -9999.0 -9999.0 -9999.0 -9999.0 0.858287675889679 0.8577772927569521 0.8572669096242254 0.8567565264914986 -9999.0
0.8731879777701484 0.8730779191383818 0.8729678605066153 0.8728578018748487 0.8727477432430822 0.8726376846113156 0.8725276259795489 0.8724175673477824 0.8723075087160158 0.8721974500842493 0.8720873914524827 0.8719773328207162 0.8718672741889497 0.8717572155571831 0.8716471569254166 0.87153709829365 0.8712310195533768 0.8707153908818398 0.8701997622103028 0.869684133538765 0.869168504867228 0.868652876195691 0.8681372475241539 0.8676216188526169 0.8671059901810799 0.8665903615095429 0.866074732838006 0.865559104166469 0.865043475494932 0.8645278468233949 0.8640122181518579 0.8634965894803209 0.8629809608087831 0.8624653321372461 0.8619497034657091 0.8614340747941721 -9999.0 -9999.0 -9999.0 0.8593715601080241 0.8588559314364871 0.8583403027649501 0.8578246740934131 0.857309045421876
