Figures/CREST_Example_wjb_NSE/PETs/wjb.pet.20090913.asc
ncols            288
nrows            254
xllcorner        113.274861
yllcorner        31.4918055
cellsize         0.008333333333
NODATA_value     -9999
[rows 140 to 159 of 254, columns 44 to 87 of 288]
2.0042271205581836 2.006240369067325 2.008253617576467 2.0102668660856087 2.0122801145947506 2.014293363103892 2.016306611613034 2.0183198601221757 2.020333108631321 2.0223463571404627 2.0243596056496047 2.0263728541587462 2.028386102667888 2.0303993511770297 2.0324125996861717 2.0344258481953132 2.036439096704455 2.0384523452135968 2.0404655937227387 2.0424788422318807 2.0444920907410222 2.0465053392501673 2.0485185877593093 2.050531836268451 2.052545084777593 2.0545583332867343 2.0565715817958763 2.0585848303050183 2.0620830901916016 2.067168860810924 2.072254631430247 2.077340402049569 2.0824261726688915 2.087511943288214 2.092597713907545 2.0976834845268675 2.1027692551461903 2.1078550257655126 2.112940796384835 2.1180265670041574 2.12311233762348 2.1281981082428025 2.133283878862125 2.1383696494814473
2.0081411450466744 2.010198418150521 2.012255691254367 2.0143129643582136 2.0163702374620596 2.018427510565906 2.0204847836697524 2.0225420567735988 2.0245993298774487 2.026656602981295 2.0287138760851415 2.030771149188988 2.0328284222928343 2.0348856953966807 2.036942968500527 2.039000241604373 2.0410575147082195 2.043114787812066 2.0451720609159123 2.0472293340197587 2.049286607123605 2.051343880227455 2.0534011533313015 2.055458426435148 2.0575156995389943 2.0595729726428407 2.061630245746687 2.063687518850533 2.0672354475204013 2.072376920688193 2.077518393855985 2.082659867023777 2.0878013401915685 2.09294281335936 2.0980842865271607 2.1032257596949524 2.1083672328627445 2.113508706030536 2.118650179198328 2.1237916523661196 2.1289331255339117 2.1340745987017034 2.139216071869495 2.1443575450372867
2.012055169535165 2.014156467233716 2.0162577649322673 2.018359062630818 2.020460360329369 2.02256165802792 2.024662955726471 2.026764253425022 2.0288655511235767 2.0309668488221275 2.0330681465206784 2.0351694442192296 2.0372707419177805 2.0393720396163313 2.0414733373148826 2.0435746350134334 2.0456759327119842 2.0477772304105355 2.0498785281090863 2.051979825807637 2.0540811235061884 2.056182421204743 2.058283718903294 2.060385016601845 2.0624863143003958 2.064587611998947 2.066688909697498 2.0687902073960487 2.0723878048492015 2.0775849805654625 2.0827821562817235 2.087979331997985 2.093176507714246 2.098373683430507 2.1035708591467768 2.108768034863038 2.113965210579299 2.11916238629556 2.124359562011821 2.1295567377280826 2.1347539134443436 2.1399510891606046 2.1451482648768656 2.150345440593127
2.015969194023656 2.0181145163169116 2.0202598386101673 2.0224051609034226 2.0245504831966783 2.026695805489934 2.0288411277831897 2.030986450076445 2.033131772369704 2.03527709466296 2.0374224169562156 2.0395677392494713 2.0417130615427266 2.0438583838359823 2.046003706129238 2.0481490284224937 2.050294350715749 2.0524396730090047 2.0545849953022604 2.056730317595516 2.0588756398887718 2.061020962182031 2.0631662844752863 2.065311606768542 2.0674569290617977 2.0696022513550534 2.0717475736483086 2.0738928959415643 2.0775401621780016 2.082793040442732 2.0880459187074623 2.093298796972193 2.0985516752369233 2.1038045535016536 2.1090574317663933 2.1143103100311236 2.119563188295854 2.124816066560584 2.1300689448253145 2.1353218230900453 2.1405747013547756 2.145827579619506 2.151080457884236 2.156333336148967
2.01988321851215 2.0220725654001104 2.0242619122880705 2.0264512591760306 2.0286406060639908 2.0308299529519513 2.0330192998399115 2.0352086467278716 2.0373979936158357 2.039587340503796 2.041776687391756 2.043966034279716 2.0461553811676767 2.048344728055637 2.050534074943597 2.052723421831557 2.0549127687195177 2.057102115607478 2.059291462495438 2.061480809383398 2.0636701562713586 2.0658595031593223 2.068048850047283 2.070238196935243 2.072427543823203 2.0746168907111633 2.076806237599124 2.078995584487084 2.082692519506806 2.0880011003200054 2.0933096811332055 2.098618261946405 2.1039268427596047 2.109235423572805 2.1145440043860138 2.1198525851992134 2.125161166012413 2.130469746825613 2.1357783276388127 2.1410869084520123 2.1463954892652124 2.151704070078412 2.157012650891612 2.1623212317048117
2.0237972430006406 2.0260306144833056 2.0282639859659706 2.030497357448635 2.0327307289313 2.034964100413965 2.0371974718966297 2.0394308433792947 2.0416642148619633 2.0438975863446283 2.0461309578272933 2.048364329309958 2.050597700792623 2.052831072275288 2.0550644437579524 2.0572978152406174 2.0595311867232824 2.061764558205947 2.063997929688612 2.066231301171277 2.0684646726539415 2.0706980441366105 2.072931415619275 2.07516478710194 2.077398158584605 2.0796315300672696 2.0818649015499346 2.0840982730325996 2.087844876835606 2.093209160197275 2.098573443558944 2.103937726920613 2.109302010282282 2.1146662936439515 2.1200305770056294 2.1253948603672987 2.1307591437289677 2.1361234270906366 2.141487710452306 2.146851993813975 2.1522162771756443 2.1575805605373133 2.1629448438989822 2.1683091272606516
2.0277112674891318 2.029988663566501 2.0322660596438706 2.03454345572124 2.0368208517986095 2.039098247875979 2.0413756439533484 2.043653040030718 2.045930436108091 2.0482078321854607 2.05048522826283 2.0527626243401995 2.055040020417569 2.057317416494939 2.0595948125723083 2.0618722086496777 2.064149604727047 2.0664270008044165 2.068704396881786 2.0709817929591554 2.073259189036525 2.0755365851138983 2.0778139811912677 2.080091377268637 2.0823687733460066 2.084646169423376 2.0869235655007454 2.0892009615781153 2.092997234164406 2.0984172200745443 2.1038372059846826 2.1092571918948213 2.1146771778049596 2.120097163715098 2.125517149625246 2.130937135535384 2.1363571214455224 2.141777107355661 2.1471970932657993 2.1526170791759376 2.1580370650860763 2.1634570509962145 2.168877036906353 2.1742970228164915
2.0316252919776225 2.0339467126496964 2.0362681333217707 2.0385895539938446 2.040910974665919 2.0432323953379927 2.045553816010067 2.047875236682141 2.050196657354219 2.052518078026293 2.0548394986983674 2.057160919370441 2.0594823400425155 2.0618037607145894 2.0641251813866637 2.0664466020587375 2.068768022730812 2.0710894434028857 2.07341086407496 2.075732284747034 2.078053705419108 2.080375126091186 2.0826965467632603 2.085017967435334 2.0873393881074085 2.0896608087794823 2.0919822294515567 2.0943036501236305 2.0981495914932062 2.103625279951814 2.1091009684104214 2.1145766568690294 2.120052345327637 2.1255280337862446 2.131003722244862 2.1364794107034695 2.141955099162077 2.147430787620685 2.1529064760792926 2.1583821645379 2.1638578529965082 2.169333541455116 2.1748092299137234 2.1802849183723314
2.037605615444381 2.039917112212615 2.0422286089808495 2.0445401057490837 2.046851602517318 2.0491630992855523 2.0514745960537866 2.053786092822021 2.056097589590259 2.0584090863584934 2.0607205831267277 2.063032079894962 2.0653435766631962 2.0676550734314305 2.069966570199665 2.072278066967899 2.0745895637361333 2.0769010605043676 2.079212557272602 2.081524054040836 2.0838355508090705 2.0861470475773087 2.088458544345543 2.0907700411137773 2.0930815378820116 2.095393034650246 2.09770453141848 2.1000160281867144 2.10383137442465 2.1092543697418047 2.1146773650589594 2.1201003603761137 2.1255233556932684 2.130946351010423 2.136369346327587 2.1417923416447415 2.1472153369618963 2.152638332279051 2.1580613275962057 2.16348432291336 2.1689073182305147 2.1743303135476695 2.179753308864824 2.1851763041819785
2.0457946822636233 2.048038587583877 2.0502824929041314 2.0525263982243858 2.0547703035446396 2.057014208864894 2.059258114185148 2.061502019505402 2.06374592482566 2.0659898301459143 2.068233735466168 2.0704776407864225 2.072721546106677 2.0749654514269307 2.077209356747185 2.079453262067439 2.081697167387693 2.0839410727079475 2.0861849780282014 2.0884288833484557 2.0906727886687095 2.092916693988968 2.0951605993092217 2.097404504629476 2.09964840994973 2.101892315269984 2.104136220590238 2.1063801259104924 2.110079079951408 2.115333513967626 2.1205879479838443 2.1258423820000627 2.1310968160162806 2.136351250032499 2.1416056840487263 2.1468601180649443 2.1521145520811626 2.157368986097381 2.162623420113599 2.1678778541298174 2.1731322881460353 2.1783867221622537 2.183641156178472 2.18889559019469
2.0539837490828727 2.0561600629551466 2.0583363768274205 2.0605126906996944 2.0626890045719684 2.0648653184442423 2.067041632316516 2.06921794618879 2.071394260061068 2.073570573933342 2.075746887805616 2.0779232016778897 2.0800995155501636 2.0822758294224375 2.0844521432947114 2.0866284571669853 2.088804771039259 2.090981084911533 2.093157398783807 2.095333712656081 2.097510026528355 2.0996863404006323 2.101862654272906 2.10403896814518 2.106215282017454 2.108391595889728 2.110567909762002 2.1127442236342757 2.116326785478171 2.1214126581934525 2.126498530908734 2.131584403624016 2.1366702763392977 2.1417561490545793 2.14684202176987 2.1519278944851514 2.157013767200433 2.1620996399157146 2.1671855126309967 2.1722713853462783 2.17735725806156 2.1824431307768415 2.187529003492123 2.192614876207405
2.062172815902115 2.064281538326409 2.0663902607507025 2.0684989831749965 2.07060770559929 2.072716428023584 2.0748251504478774 2.0769338728721713 2.079042595296469 2.0811513177207623 2.0832600401450563 2.0853687625693498 2.0874774849936437 2.089586207417937 2.091694929842231 2.0938036522665247 2.0959123746908186 2.0980210971151125 2.100129819539406 2.1022385419637 2.1043472643879935 2.106455986812291 2.1085647092365845 2.1106734316608784 2.112782154085172 2.114890876509466 2.1169995989337593 2.1191083213580533 2.1225744910049285 2.1274918024192737 2.132409113833619 2.1373264252479642 2.1422437366623095 2.1471610480766548 2.1520783594910085 2.1569956709053537 2.161912982319699 2.1668302937340442 2.17174760514839 2.176664916562735 2.1815822279770805 2.1864995393914257 2.191416850805771 2.1963341622201162
2.070361882721358 2.0724030136976714 2.074444144673985 2.0764852756502985 2.078526406626612 2.0805675376029256 2.0826086685792395 2.084649799555553 2.08669093053187 2.0887320615081837 2.0907731924844972 2.0928143234608108 2.0948554544371243 2.096896585413438 2.0989377163897514 2.100978847366065 2.1030199783423784 2.105061109318692 2.1071022402950055 2.109143371271319 2.111184502247633 2.1132256332239496 2.1152667642002636 2.117307895176577 2.1193490261528907 2.121390157129204 2.1234312881055177 2.1254724190818313 2.128822196531686 2.133570946645095 2.138319696758504 2.143068446871913 2.1478171969853217 2.1525659470987306 2.1573146972121475 2.1620634473255564 2.1668121974389654 2.1715609475523743 2.176309697665783 2.181058447779192 2.185807197892601 2.19055594800601 2.195304698119419 2.200053448232828
2.0785509495406007 2.0805244890689343 2.0824980285972674 2.084471568125601 2.086445107653934 2.0884186471822677 2.0903921867106012 2.0923657262389344 2.094339265767271 2.0963128052956046 2.098286344823938 2.1002598843522713 2.102233423880605 2.1042069634089384 2.1061805029372715 2.108154042465605 2.1101275819939382 2.112101121522272 2.1140746610506054 2.1160482005789385 2.118021740107272 2.1199952796356087 2.1219688191639423 2.1239423586922754 2.125915898220609 2.1278894377489426 2.1298629772772757 2.1318365168056093 2.135069902058444 2.1396500908709166 2.144230279683389 2.1488104684958618 2.153390657308334 2.1579708461208065 2.162551034933287 2.1671312237457596 2.1717114125582317 2.1762916013707043 2.180871790183177 2.1854519789956495 2.190032167808122 2.1946123566205946 2.199192545433067 2.2037727342455398
2.086740016359843 2.0886459644401962 2.0905519125205494 2.0924578606009026 2.094363808681256 2.0962697567616093 2.0981757048419625 2.1000816529223156 2.1019876010026723 2.1038935490830255 2.1057994971633787 2.107705445243732 2.1096113933240854 2.1115173414044386 2.1134232894847917 2.115329237565145 2.117235185645498 2.1191411337258517 2.121047081806205 2.122953029886558 2.124858977966911 2.126764926047268 2.128670874127621 2.130576822207974 2.1324827702883273 2.1343887183686805 2.136294666449034 2.1382006145293873 2.141317607585202 2.145729235096738 2.150140862608274 2.1545524901198103 2.158964117631346 2.1633757451428823 2.167787372654426 2.1721990001659623 2.176610627677498 2.1810222551890344 2.1854338827005706 2.189845510212107 2.1942571377236426 2.198668765235179 2.203080392746715 2.207492020258251
2.094929083179086 2.0967674398114586 2.098605796443832 2.100444153076205 2.102282509708578 2.104120866340951 2.105959222973324 2.1077975796056974 2.1096359362380737 2.1114742928704464 2.1133126495028196 2.115151006135193 2.116989362767566 2.1188277193999387 2.120666076032312 2.122504432664685 2.1243427892970583 2.126181145929431 2.1280195025618043 2.1298578591941775 2.1316962158265502 2.1335345724589265 2.1353729290912997 2.137211285723673 2.139049642356046 2.140887998988419 2.142726355620792 2.1445647122531653 2.1475653131119596 2.1518083793225595 2.156051445533159 2.160294511743759 2.1645375779543587 2.168780644164958 2.173023710375565 2.177266776586165 2.1815098427967645 2.1857529090073644 2.189995975217964 2.1942390414285637 2.1984821076391636 2.202725173849763 2.206968240060363 2.2112113062709624
2.1031181499983282 2.104888915182721 2.106659680367114 2.1084304455515066 2.1102012107359 2.1119719759202926 2.1137427411046854 2.115513506289078 2.1172842714734745 2.1190550366578673 2.12082580184226 2.122596567026653 2.124367332211046 2.126138097395439 2.1279088625798317 2.129679627764225 2.1314503929486177 2.1332211581330105 2.1349919233174033 2.1367626885017965 2.1385334536861893 2.140304218870585 2.142074984054978 2.143845749239371 2.145616514423764 2.147387279608157 2.1491580447925496 2.150928809976943 2.153813018638717 2.1578875235483803 2.161962028458044 2.166036533367707 2.1701110382773705 2.1741855431870336 2.178260048096704 2.1823345530063674 2.1864090579160305 2.190483562825694 2.194558067735357 2.1986325726450207 2.2027070775546838 2.2067815824643473 2.2108560873740104 2.214930592283674
2.1113072168175777 2.1130103905539905 2.114713564290403 2.1164167380268157 2.1181199117632286 2.119823085499641 2.1215262592360538 2.1232294329724666 2.124932606708882 2.126635780445295 2.1283389541817073 2.13004212791812 2.131745301654533 2.1334484753909457 2.135151649127358 2.136854822863771 2.1385579966001838 2.140261170336596 2.141964344073009 2.1436675178094218 2.145370691545834 2.14707386528225 2.1487770390186625 2.1504802127550753 2.152183386491488 2.1538865602279005 2.1555897339643133 2.157292907700726 2.16006072416548 2.163966667774207 2.1678726113829336 2.1717785549916604 2.175684498600387 2.1795904422091144 2.1834963858178478 2.1874023294265745 2.1913082730353013 2.195214216644028 2.199120160252755 2.2030261038614816 2.2069320474702083 2.210837991078935 2.214743934687662 2.2186498782963886
2.11949628363682 2.1211318659252525 2.122767448213685 2.1244030305021178 2.12603861279055 2.1276741950789826 2.1293097773674154 2.130945359655848 2.132580941944283 2.134216524232716 2.135852106521148 2.1374876888095806 2.139123271098013 2.140758853386446 2.1423944356748783 2.1440300179633107 2.145665600251743 2.147301182540176 2.1489367648286084 2.150572347117041 2.1522079294054732 2.1538435116939088 2.155479093982341 2.157114676270774 2.1587502585592064 2.160385840847639 2.1620214231360713 2.163657005424504 2.166308429692238 2.1700458120000286 2.173783194307819 2.1775205766156094 2.1812579589234 2.1849953412311898 2.188732723538987 2.1924701058467773 2.1962074881545677 2.199944870462358 2.203682252770148 2.2074196350779385 2.211157017385729 2.2148943996935193 2.2186317820013097 2.2223691643091
2.127685350456063 2.1292533412965153 2.1308213321369673 2.13238932297742 2.1339573138178722 2.1355253046583247 2.137093295498777 2.138661286339229 2.1402292771796843 2.1417972680201367 2.143365258860589 2.1449332497010416 2.1465012405414936 2.148069231381946 2.1496372222223985 2.151205213062851 2.1527732039033034 2.1543411947437554 2.155909185584208 2.1574771764246603 2.1590451672651128 2.160613158105568 2.1621811489460203 2.1637491397864723 2.1653171306269248 2.166885121467377 2.1684531123078297 2.170021103148282 2.1725561352189957 2.17612495622585 2.179693777232704 2.183262598239558 2.186831419246412 2.1904002402532656 2.193969061260126 2.19753788226698 2.201106703273834 2.2046755242806877 2.2082443452875418 2.211813166294396 2.21538198730125 2.2189508083081035 2.2225196293149576 2.2260884503218117
