Figures/CREST_Example_wjb_NSE/PETs/wjb.pet.20090304.asc
ncols            288
nrows            254
xllcorner        113.274861
yllcorner        31.4918055
cellsize         0.008333333333
NODATA_value     -9999
[rows 180 to 199 of 254, columns 88 to 131 of 288]
1.3612961619851065 1.3582416351939937 1.3551871084028808 1.3521325816117629 1.3490780548206502 1.3460235280295374 1.3429690012384246 1.3399144744473117 1.336859947656199 1.3338054208650862 1.3307508940739734 1.3276963672828608 1.324641840491748 1.321587313700635 1.3192258135739017 1.3176051746215525 1.3159845356692004 1.3143638967168512 1.3127432577645017 1.3111226188121525 1.3095019798598033 1.307881340907454 1.3062607019551047 1.3046400630027555 1.3030194240504063 1.3013987850980568 1.2997781461457076 1.2981575071933584 1.296536868241009 1.2949162292886571 1.2932955903363077 1.2916749513839585 1.2900543124316093 1.2884336734792599 1.2868130345269106 1.2851923955745614 1.2835717566222122 1.2819511176698628 1.2803304787175136 1.2787098397651644 1.277089200812815 1.2754685618604658 1.2738479229081137 1.2722272839557645
1.3675837212530237 1.3644932114659085 1.3614027016787935 1.358312191891673 1.3552216821045577 1.3521311723174427 1.3490406625303275 1.3459501527432123 1.342859642956097 1.339769133168982 1.3366786233818668 1.3335881135947516 1.3304976038076366 1.3274070940205214 1.3249365858186672 1.3231288733304356 1.3213211608422009 1.3195134483539692 1.3177057358657376 1.315898023377506 1.3140903108892743 1.3122825984010427 1.310474885912811 1.3086671734245794 1.3068594609363475 1.305051748448116 1.3032440359598843 1.3014363234716526 1.299628610983421 1.2978208984951862 1.2960131860069546 1.294205473518723 1.2923977610304913 1.2905900485422597 1.288782336054028 1.2869746235657964 1.2851669110775648 1.2833591985893331 1.2815514861011013 1.2797437736128696 1.277936061124638 1.2761283486364063 1.2743206361481716 1.27251292365994
1.373871280520941 1.3707447877378234 1.3676182949547058 1.3644918021715828 1.3613653093884654 1.3582388166053478 1.3551123238222302 1.3519858310391126 1.348859338255995 1.3457328454728776 1.34260635268976 1.3394798599066424 1.3363533671235248 1.3332268743404072 1.3306473580634326 1.3286525720393187 1.3266577860152011 1.324662999991087 1.3226682139669732 1.3206734279428591 1.318678641918745 1.316683855894631 1.314689069870517 1.3126942838464029 1.3106994978222888 1.308704711798175 1.3067099257740609 1.3047151397499468 1.3027203537258327 1.3007255677017153 1.2987307816776013 1.2967359956534872 1.2947412096293731 1.292746423605259 1.290751637581145 1.288756851557031 1.286762065532917 1.284767279508803 1.282772493484689 1.2807777074605748 1.2787829214364608 1.2767881354123467 1.2747933493882293 1.2727985633641152
1.3801588397888636 1.3769963640097436 1.3738338882306236 1.3706714124514983 1.3675089366723783 1.3643464608932583 1.3611839851141383 1.3580215093350183 1.3548590335558983 1.3516965577767783 1.3485340819976583 1.3453716062185384 1.3422091304394184 1.3390466546602984 1.336358130308203 1.3341762707482065 1.3319944111882063 1.3298125516282095 1.327630692068213 1.3254488325082165 1.3232669729482198 1.3210851133882233 1.3189032538282268 1.31672139426823 1.3145395347082336 1.312357675148237 1.3101758155882404 1.3079939560282439 1.3058120964682474 1.3036302369082469 1.3014483773482504 1.2992665177882539 1.2970846582282571 1.2949027986682606 1.2927209391082641 1.2905390795482674 1.288357219988271 1.2861753604282744 1.2839935008682777 1.2818116413082812 1.2796297817482845 1.277447922188288 1.2752660626282877 1.2730842030682912
1.3864463990567808 1.3832479402816584 1.380049481506536 1.3768510227314081 1.3736525639562858 1.3704541051811634 1.367255646406041 1.3640571876309187 1.3608587288557963 1.357660270080674 1.3544618113055515 1.3512633525304292 1.3480648937553068 1.3448664349801844 1.3420689025529686 1.3396999694570895 1.3373310363612065 1.3349621032653276 1.3325931701694487 1.3302242370735697 1.3278553039776908 1.3254863708818119 1.3231174377859327 1.3207485046900538 1.3183795715941748 1.316010638498296 1.313641705402417 1.311272772306538 1.3089038392106591 1.306534906114776 1.304165973018897 1.301797039923018 1.2994281068271392 1.2970591737312602 1.2946902406353813 1.2923213075395024 1.2899523744436234 1.2875834413477445 1.2852145082518653 1.2828455751559864 1.2804766420601075 1.2781077089642285 1.2757387758683456 1.2733698427724667
1.392733958324698 1.3894995165535733 1.3862650747824485 1.3830306330113182 1.3797961912401935 1.3765617494690687 1.373327307697944 1.3700928659268192 1.3668584241556945 1.3636239823845697 1.3603895406134447 1.35715509884232 1.3539206570711952 1.3506862153000705 1.3477796747977342 1.3452236681659728 1.342667661534207 1.3401116549024457 1.3375556482706845 1.3349996416389232 1.3324436350071618 1.3298876283754004 1.327331621743639 1.3247756151118777 1.3222196084801163 1.319663601848355 1.3171075952165936 1.3145515885848322 1.311995581953071 1.3094395753213053 1.306883568689544 1.3043275620577826 1.3017715554260212 1.2992155487942598 1.2966595421624985 1.2941035355307373 1.291547528898976 1.2889915222672146 1.2864355156354532 1.2838795090036919 1.2813235023719305 1.2787674957401691 1.2762114891084035 1.2736554824766422
1.3990215175926153 1.395751092825488 1.3924806680583608 1.389210243291228 1.385939818524101 1.3826693937569738 1.3793989689898467 1.3761285442227196 1.3728581194555924 1.369587694688465 1.366317269921338 1.3630468451542108 1.3597764203870837 1.3565059956199566 1.3534904470424995 1.3507473668748557 1.3480042867072075 1.3452612065395637 1.34251812637192 1.3397750462042763 1.3370319660366325 1.3342888858689887 1.331545805701345 1.3288027255337014 1.3260596453660576 1.3233165651984138 1.3205734850307702 1.3178304048631264 1.3150873246954826 1.3123442445278344 1.3096011643601906 1.3068580841925468 1.304115004024903 1.3013719238572594 1.2986288436896156 1.2958857635219718 1.2931426833543282 1.2903996031866845 1.2876565230190407 1.284913442851397 1.2821703626837533 1.2794272825161095 1.276684202348461 1.2739411221808175
1.4053090768605325 1.402002669097403 1.3986962613342735 1.3953898535711382 1.3920834458080087 1.3887770380448792 1.3854706302817497 1.38216422251862 1.3788578147554904 1.375551406992361 1.3722449992292314 1.3689385914661019 1.3656321837029723 1.3623257759398428 1.3592012192872651 1.356271065583739 1.353340911880208 1.3504107581766818 1.3474806044731558 1.3445504507696295 1.3416202970661035 1.3386901433625773 1.3357599896590513 1.332829835955525 1.329899682251999 1.3269695285484728 1.3240393748449468 1.3211092211414206 1.3181790674378946 1.3152489137343635 1.3123187600308375 1.3093886063273112 1.3064584526237852 1.303528298920259 1.300598145216733 1.2976679915132068 1.2947378378096808 1.2918076841061545 1.2888775304026285 1.2859473766991023 1.2830172229955763 1.28008706929205 1.277156915588519 1.274226761884993
1.4115966361284498 1.4082542453693176 1.4049118546101858 1.401569463851048 1.3982270730919162 1.3948846823327843 1.3915422915736524 1.3881999008145203 1.3848575100553884 1.3815151192962565 1.3781727285371246 1.3748303377779927 1.3714879470188606 1.3681455562597287 1.3649119915320307 1.361794764292622 1.3586775370532083 1.3555603098137998 1.3524430825743914 1.3493258553349827 1.3462086280955743 1.3430914008561659 1.3399741736167574 1.3368569463773488 1.3337397191379403 1.3306224918985319 1.3275052646591234 1.3243880374197148 1.3212708101803063 1.3181535829408926 1.3150363557014841 1.3119191284620757 1.308801901222667 1.3056846739832586 1.3025674467438502 1.2994502195044417 1.296332992265033 1.2932157650256246 1.2900985377862162 1.2869813105468078 1.283864083307399 1.2807468560679907 1.277629628828577 1.2745124015891685
1.4178841953963723 1.4145058216412378 1.4111274478861036 1.4077490741309635 1.404370700375829 1.4009923266206947 1.3976139528655602 1.394235579110426 1.3908572053552917 1.3874788316001572 1.384100457845023 1.3807220840898886 1.3773437103347541 1.3739653365796198 1.370622763776801 1.36731846300151 1.3640141622262134 1.3607098614509223 1.3574055606756312 1.3541012599003401 1.350796959125049 1.3474926583497582 1.344188357574467 1.340884056799176 1.337579756023885 1.334275455248594 1.330971154473303 1.3276668536980119 1.3243625529227208 1.3210582521474241 1.3177539513721332 1.3144496505968422 1.311145349821551 1.30784104904626 1.3045367482709689 1.301232447495678 1.297928146720387 1.2946238459450958 1.2913195451698047 1.2880152443945139 1.2847109436192228 1.2814066428439317 1.278102342068635 1.274798041293344
1.4241717546642894 1.4207573979131527 1.4173430411620158 1.4139286844108734 1.4105143276597365 1.4070999709085998 1.403685614157463 1.4002712574063263 1.3968569006551896 1.3934425439040528 1.390028187152916 1.3866138304017792 1.3831994736506426 1.3797851168995057 1.3763335360215665 1.372842161710393 1.3693507873992137 1.3658594130880402 1.3623680387768669 1.3588766644656933 1.35538529015452 1.3518939158433465 1.3484025415321732 1.3449111672209997 1.3414197929098264 1.3379284185986529 1.3344370442874796 1.330945669976306 1.3274542956651327 1.3239629213539532 1.32047154704278 1.3169801727316064 1.313488798420433 1.3099974241092596 1.3065060497980863 1.3030146754869127 1.2995233011757394 1.296031926864566 1.2925405525533926 1.289049178242219 1.2855578039310458 1.2820664296198723 1.278575055308693 1.2750836809975195
1.4304593139322068 1.4270089741850676 1.4235586344379285 1.4201082946907835 1.4166579549436442 1.4132076151965052 1.409757275449366 1.4063069357022269 1.4028565959550876 1.3994062562079486 1.3959559164608093 1.3925055767136703 1.3890552369665312 1.385604897219392 1.382044308266332 1.3783658604192763 1.3746874125722142 1.3710089647251584 1.3673305168781025 1.3636520690310467 1.359973621183991 1.3562951733369353 1.3526167254898793 1.3489382776428236 1.3452598297957679 1.341581381948712 1.3379029341016562 1.3342244862546004 1.3305460384075445 1.3268675905604825 1.3231891427134266 1.3195106948663708 1.3158322470193151 1.3121537991722594 1.3084753513252034 1.3047969034781477 1.301118455631092 1.297440007784036 1.2937615599369803 1.2900831120899245 1.2864046642428686 1.2827262163958129 1.279047768548751 1.275369320701695
1.4367468732001238 1.4332605504569824 1.4297742277138408 1.4262879049706934 1.4228015822275517 1.4193152594844103 1.4158289367412686 1.4123426139981272 1.4088562912549856 1.4053699685118441 1.4018836457687025 1.398397323025561 1.3949110002824194 1.391424677539278 1.3877550805110974 1.3838895591281593 1.3800240377452144 1.3761585163622763 1.372292994979338 1.3684274735964 1.3645619522134618 1.3606964308305236 1.3568309094475854 1.3529653880646473 1.3490998666817091 1.345234345298771 1.3413688239158328 1.3375033025328946 1.3336377811499565 1.3297722597670116 1.3259067383840735 1.3220412170011353 1.3181756956181971 1.314310174235259 1.3104446528523208 1.3065791314693826 1.3027136100864443 1.298848088703506 1.294982567320568 1.2911170459376298 1.2872515245546916 1.2833860031717534 1.2795204817888086 1.2756549604058705
1.4430344324680413 1.4395121267288973 1.4359898209897533 1.4324675152506035 1.4289452095114594 1.4254229037723156 1.4219005980331716 1.4183782922940278 1.4148559865548838 1.41133368081574 1.407811375076596 1.404289069337452 1.400766763598308 1.397244457859164 1.393465852755863 1.3894132578370424 1.385360662918215 1.3813080679993945 1.377255473080574 1.3732028781617533 1.3691502832429328 1.3650976883241122 1.3610450934052916 1.356992498486471 1.3529399035676504 1.34888730864883 1.3448347137300094 1.3407821188111888 1.3367295238923682 1.3326769289735407 1.3286243340547201 1.3245717391358995 1.320519144217079 1.3164665492982583 1.3124139543794378 1.3083613594606174 1.3043087645417968 1.3002561696229762 1.2962035747041556 1.292150979785335 1.2880983848665144 1.2840457899476938 1.2799931950288663 1.2759406001100457
1.449321991735961 1.4457637030008148 1.4422054142656684 1.438647125530516 1.4350888367953696 1.4315305480602234 1.427972259325077 1.4244139705899306 1.4208556818547842 1.417297393119638 1.4137391043844916 1.4101808156493452 1.406622526914199 1.4030642381790526 1.3991766250006308 1.3949369565459278 1.3906972880912176 1.3864576196365146 1.3822179511818116 1.3779782827271085 1.3737386142724055 1.3694989458177025 1.3652592773629995 1.3610196089082964 1.3567799404535934 1.3525402719988904 1.3483006035441873 1.3440609350894843 1.3398212666347813 1.3355815981800712 1.3313419297253681 1.327102261270665 1.322862592815962 1.318622924361259 1.314383255906556 1.310143587451853 1.30590391899715 1.301664250542447 1.297424582087744 1.2931849136330409 1.2889452451783379 1.2847055767236348 1.2804659082689247 1.2762262398142217
1.4556095510038785 1.4520152792727297 1.4484210075415809 1.444826735810426 1.4412324640792773 1.4376381923481285 1.43404392061698 1.4304496488858311 1.4268553771546824 1.4232611054235336 1.419666833692385 1.4160725619612362 1.4124782902300874 1.4088840184989389 1.4048873972453966 1.4004606552548111 1.396033913264218 1.3916071712736326 1.3871804292830474 1.382753687292462 1.3783269453018765 1.373900203311291 1.3694734613207056 1.3650467193301203 1.3606199773395349 1.3561932353489494 1.351766493358364 1.3473397513677785 1.3429130093771933 1.3384862673866003 1.3340595253960148 1.3296327834054293 1.3252060414148439 1.3207792994242586 1.3163525574336732 1.3119258154430877 1.3074990734525023 1.3030723314619168 1.2986455894713316 1.2942188474807461 1.2897921054901607 1.2853653634995752 1.2809386215089822 1.276511879518397
1.4618971102717955 1.4582668555446443 1.4546366008174934 1.451006346090336 1.4473760913631848 1.4437458366360336 1.4401155819088827 1.4364853271817315 1.4328550724545803 1.4292248177274292 1.4255945630002782 1.421964308273127 1.4183340535459759 1.4147037988188247 1.410598169490162 1.405984353963694 1.4013705384372184 1.3967567229107507 1.3921429073842828 1.3875290918578151 1.3829152763313473 1.3783014608048796 1.3736876452784117 1.369073829751944 1.3644600142254761 1.3598461986990082 1.3552323831725406 1.3506185676460727 1.346004752119605 1.3413909365931294 1.3367771210666615 1.3321633055401938 1.327549490013726 1.3229356744872582 1.3183218589607903 1.3137080434343225 1.3090942279078548 1.304480412381387 1.2998665968549192 1.2952527813284513 1.2906389658019837 1.2860251502755158 1.2814113347490401 1.2767975192225725
1.4681846695397154 1.464518431816562 1.4608521940934085 1.4571859563702487 1.4535197186470952 1.4498534809239416 1.446187243200788 1.4425210054776345 1.438854767754481 1.4351885300313274 1.4315222923081738 1.4278560545850205 1.424189816861867 1.4205235791387134 1.41630894173493 1.4115080526725796 1.4067071636102213 1.401906274547871 1.3971053854855207 1.3923044964231706 1.3875036073608202 1.38270271829847 1.3779018292361196 1.3731009401737695 1.3683000511114192 1.3634991620490688 1.3586982729867187 1.3538973839243684 1.349096494862018 1.3442956057996598 1.3394947167373095 1.3346938276749591 1.329892938612609 1.3250920495502587 1.3202911604879084 1.315490271425558 1.310689382363208 1.3058884933008577 1.3010876042385073 1.2962867151761572 1.291485826113807 1.2866849370514566 1.2818840479890983 1.277083158926748
1.4744722288076326 1.4707700080884767 1.4670677873693208 1.4633655666501586 1.4596633459310027 1.4559611252118467 1.4522589044926908 1.4485566837735349 1.444854463054379 1.441152242335223 1.437450021616067 1.4337478008969111 1.4300455801777552 1.4263433594585992 1.4220197139796953 1.4170317513814628 1.4120437887832216 1.407055826184989 1.4020678635867563 1.3970799009885237 1.392091938390291 1.3871039757920585 1.3821160131938257 1.3771280505955932 1.3721400879973604 1.367152125399128 1.3621641628008951 1.3571762002026626 1.3521882376044299 1.3472002750061889 1.3422123124079561 1.3372243498097236 1.3322363872114908 1.3272484246132583 1.3222604620150256 1.317272499416793 1.3122845368185603 1.3072965742203277 1.3023086116220952 1.2973206490238625 1.29233268642563 1.2873447238273972 1.282356761229156 1.2773687986309235
1.4807597880755499 1.4770215843603915 1.4732833806452332 1.4695451769300685 1.4658069732149102 1.462068769499752 1.4583305657845937 1.4545923620694354 1.4508541583542771 1.4471159546391188 1.4433777509239605 1.4396395472088022 1.4359013434936438 1.4321631397784855 1.4277304862244609 1.422555450090346 1.417380413956222 1.412205377822107 1.4070303416879921 1.4018553055538772 1.396680269419762 1.391505233285647 1.386330197151532 1.3811551610174169 1.375980124883302 1.370805088749187 1.365630052615072 1.360455016480957 1.3552799803468418 1.350104944212718 1.344929908078603 1.339754871944488 1.334579835810373 1.329404799676258 1.324229763542143 1.319054727408028 1.3138796912739128 1.3087046551397978 1.3035296190056829 1.298354582871568 1.293179546737453 1.2880045106033378 1.282829474469214 1.277654438335099
