Figures/CREST_Example_wjb_NSE/PETs/wjb.pet.20100704.asc
ncols            288
nrows            254
xllcorner        113.274861
yllcorner        31.4918055
cellsize         0.008333333333
NODATA_value     -9999
[rows 140 to 159 of 254, columns 220 to 263 of 288]
2.1040472200819114 2.0993369780882207 2.095198125633546 2.0916701015276105 2.088142077421675 2.084614053315739 2.0810860292098035 2.077558005103868 2.0740299809979326 2.070501956891997 2.0669739327860612 2.0634459086801256 2.05991788457419 2.0563898604682542 2.052861836362313 2.049333812256377 2.0458057881504415 2.042277764044506 2.03874973993857 2.0352217158326344 2.031693691726699 2.028165667620763 2.0246376435148274 2.0211096194088918 2.017581595302956 2.0140535711970204 2.010525547091085 2.0069975229851433 2.0034694988792077 1.9999414747732722 1.9964134506673366 1.9928854265614009 1.9902721482076902 1.988636753770097 1.987001359332504 1.985365964894911 1.9837305704573178 1.9820951760197247 1.9804597815821317 1.9788243871445386 1.9771889927069428 1.9755535982693497 1.9739182038317566 1.9722828093941636
2.104330787957788 2.0996343416140766 2.0954327718312937 2.091760236292052 2.0880877007528102 2.084415165213569 2.080742629674327 2.0770700941350855 2.073397558595844 2.0697250230566024 2.0660524875173607 2.0623799519781194 2.0587074164388777 2.055034880899636 2.051362345360388 2.0476898098211467 2.044017274281905 2.040344738742663 2.0366722032034215 2.03299966766418 2.0293271321249384 2.0256545965856967 2.0219820610464554 2.0183095255072137 2.014636989967972 2.0109644544287306 2.007291918889489 2.003619383350241 1.9999468478109994 1.9962743122717577 1.9926017767325162 1.9889292411932744 1.9862837971696075 1.9847363372262365 1.9831888772828654 1.9816414173394945 1.9800939573961236 1.9785464974527525 1.9769990375093816 1.9754515775660104 1.9739041176226368 1.972356657679266 1.9708091977358948 1.969261737792524
2.104614355833665 2.099931705139933 2.0956674180290413 2.0918503710564935 2.088033324083946 2.0842162771113983 2.080399230138851 2.076582183166303 2.072765136193756 2.068948089221208 2.0651310422486606 2.061313995276113 2.0574969483035654 2.0536799013310176 2.0498628543584636 2.0460458073859162 2.0422287604133684 2.038411713440821 2.0345946664682732 2.030777619495726 2.026960572523178 2.0231435255506307 2.0193264785780833 2.0155094316055355 2.011692384632988 2.0078753376604404 2.004058290687893 2.0002412437153385 1.9964241967427911 1.9926071497702436 1.988790102797696 1.9849730558251484 1.9822954461315252 1.9808359206823762 1.9793763952332273 1.9779168697840783 1.9764573443349294 1.9749978188857804 1.9735382934366315 1.9720787679874825 1.970619242538331 1.9691597170891821 1.9677001916400332 1.9662406661908844
2.1048979237095415 2.1002290686657887 2.095902064226789 2.091940505820935 2.0879789474150816 2.084017389009228 2.0800558306033743 2.076094272197521 2.0721327137916674 2.068171155385814 2.06420959697996 2.0602480385741067 2.056286480168253 2.0523249217624 2.0483633633565392 2.044401804950686 2.0404402465448324 2.0364786881389785 2.032517129733125 2.0285555713272716 2.024594012921418 2.0206324545155643 2.016670896109711 2.0127093377038574 2.0087477792980035 2.00478622089215 2.0008246624862966 1.9968631040804363 1.9929015456745827 1.9889399872687292 1.9849784288628756 1.9810168704570221 1.9783070950934425 1.9769355041385157 1.9755639131835887 1.974192322228662 1.9728207312737351 1.9714491403188081 1.9700775493638814 1.9687059584089543 1.9673343674540251 1.9659627764990983 1.9645911855441716 1.9632195945892446
2.105181491585418 2.1005264321916446 2.096136710424536 2.0920306405853766 2.087924570746217 2.083818500907057 2.0797124310678976 2.075606361228738 2.071500291389578 2.0673942215504186 2.063288151711259 2.059182081872099 2.0550760120329397 2.05096994219378 2.0468638723546135 2.042757802515454 2.038651732676294 2.0345456628371346 2.030439592997975 2.026333523158815 2.0222274533196556 2.018121383480496 2.014015313641336 2.0099092438021766 2.005803173963017 2.001697104123857 1.9975910342846976 1.993484964445531 1.9893788946063713 1.9852728247672118 1.981166754928052 1.9770606850888925 1.9743187440553567 1.9730350875946518 1.9717514311339472 1.9704677746732424 1.9691841182125378 1.967900461751833 1.9666168052911281 1.9653331488304235 1.9640494923697165 1.9627658359090119 1.961482179448307 1.9601985229876024
2.105465059461295 2.100823795717501 2.096371356622284 2.0921207753498186 2.087870194077353 2.0836196128048874 2.079369031532422 2.075118450259956 2.07086786898749 2.0666172877150246 2.062366706442559 2.0581161251700935 2.053865543897628 2.0496149626251623 2.045364381352689 2.0411138000802236 2.036863218807758 2.0326126375352924 2.028362056262827 2.0241114749903613 2.0198608937178952 2.0156103124454297 2.011359731172964 2.0071091499004985 2.002858568628033 1.998607987355567 1.9943574060831015 1.9901068248106286 1.985856243538163 1.9816056622656975 1.9773550809932317 1.973104499720766 1.970330393017274 1.9691346710507913 1.9679389490843087 1.966743227117826 1.9655475051513434 1.9643517831848607 1.963156061218378 1.9619603392518954 1.9607646172854107 1.959568895318928 1.9583731733524454 1.9571774513859628
2.105748627337172 2.101121159243357 2.0966060028200317 2.09221091011426 2.0878158174084884 2.0834207247027168 2.079025631996945 2.0746305392911735 2.0702354465854023 2.0658403538796306 2.061445261173859 2.0570501684680873 2.0526550757623157 2.048259983056544 2.043864890350765 2.039469797644993 2.0350747049392215 2.03067961223345 2.0262845195276786 2.021889426821907 2.0174943341161353 2.0130992414103637 2.008704148704592 2.0043090559988204 1.9999139632930487 1.995518870587277 1.9911237778815056 1.9867286851757264 1.9823335924699548 1.9779384997641831 1.9735434070584117 1.96914831435264 1.9663420419791917 1.965234254506931 1.9641264670346705 1.9630186795624098 1.9619108920901491 1.9608031046178886 1.959695317145628 1.9585875296733675 1.957479742201105 1.9563719547288443 1.9552641672565838 1.954156379784323
2.1060321952130487 2.101418522769213 2.0968406490177793 2.0923010448787016 2.087761440739624 2.0832218366005466 2.078682232461469 2.074142628322391 2.069603024183314 2.065063420044236 2.0605238159051584 2.055984211766081 2.0514446076270034 2.0469050034879257 2.0423653993488404 2.0378257952097627 2.0332861910706854 2.0287465869316077 2.02420698279253 2.0196673786534527 2.015127774514375 2.0105881703752972 2.0060485662362195 2.0015089620971422 1.9969693579580645 1.992429753818987 1.9878901496799093 1.983350545540824 1.9788109414017465 1.9742713372626688 1.9697317331235913 1.9651921289845136 1.962353690941109 1.9613338379630705 1.960313984985032 1.9592941320069934 1.958274279028955 1.9572544260509164 1.9562345730728778 1.9552147200948393 1.954194867116799 1.9531750141387605 1.952155161160722 1.9511353081826834
2.102830583295101 2.098255504177265 2.0936942259382167 2.0891477011509236 2.08460117636363 2.0800546515763365 2.0755081267890434 2.07096160200175 2.0664150772144563 2.061868552427163 2.0573220276398696 2.052775502852576 2.048228978065283 2.0436824532779894 2.0391359284906883 2.0345894037033947 2.0300428789161016 2.025496354128808 2.0209498293415145 2.0164033045542213 2.011856779766928 2.0073102549796342 2.002763730192341 1.9982172054050475 1.9936706806177542 1.9891241558304609 1.9845776310431673 1.9800311062558662 1.9754845814685729 1.9709380566812793 1.966391531893986 1.9618450071066926 1.9590103422329446 1.9580056943579431 1.9570010464829415 1.95599639860794 1.9549917507329386 1.953987102857937 1.9529824549829355 1.9519778071079341 1.950973159232931 1.9499685113579293 1.9489638634829278 1.9479592156079264
2.095903533876198 2.091393555236832 2.0869336529369384 2.0825272833772472 2.0781209138175565 2.0737145442578653 2.0693081746981745 2.0649018051384833 2.0604954355787926 2.0560890660191014 2.05168269645941 2.0472763268997194 2.042869957340028 2.0384635877803374 2.0340572182206387 2.029650848660948 2.0252444791012567 2.0208381095415655 2.0164317399818747 2.0120253704221835 2.007619000862493 2.0032126313028016 1.9988062617431106 1.9943998921834196 1.9899935226237286 1.9855871530640377 1.9811807835043467 1.9767744139446481 1.972368044384957 1.967961674825266 1.963555305265575 1.959148935705884 1.9563564603558277 1.9552892744493993 1.9542220885429706 1.9531549026365422 1.9520877167301138 1.9510205308236854 1.949953344917257 1.9488861590108286 1.9478189731043982 1.9467517871979698 1.9456846012915414 1.944617415385113
2.0889764844572896 2.0845316062963937 2.0801730799356544 2.075906865603566 2.071640651271477 2.0673744369393887 2.0631082226073003 2.058842008275212 2.054575793943123 2.0503095796110347 2.0460433652789463 2.041777150946858 2.0375109366147695 2.0332447222826806 2.028978507950585 2.0247122936184967 2.020446079286408 2.0161798649543194 2.011913650622231 2.0076474362901426 2.0033812219580542 1.9991150076259656 1.994848793293877 1.9905825789617886 1.9863163646297002 1.9820501502976116 1.9777839359655232 1.9735177216334274 1.9692515073013388 1.9649852929692504 1.9607190786371618 1.9564528643050734 1.9537025784787085 1.9525728545408532 1.9514431306029978 1.9503134066651424 1.9491836827272868 1.9480539587894314 1.946924234851576 1.9457945109137207 1.9446647869758633 1.943535063038008 1.9424053391001523 1.941275615162297
2.0820494350383867 2.077669657355961 2.0734125069343756 2.0692864478298896 2.0651603887254035 2.0610343296209175 2.0569082705164314 2.0527822114119454 2.0486561523074593 2.0445300932029733 2.0404040340984873 2.0362779749940008 2.0321519158895147 2.0280258567850287 2.0238997976805355 2.0197737385760495 2.0156476794715634 2.0115216203670774 2.0073955612625913 2.0032695021581053 1.999143443053619 1.995017383949133 1.990891324844647 1.9867652657401609 1.9826392066356746 1.9785131475311886 1.9743870884267025 1.9702610293222094 1.9661349702177233 1.9620089111132373 1.9578828520087512 1.953756792904265 1.9510486966015919 1.9498564346323095 1.9486641726630272 1.9474719106937448 1.9462796487244625 1.9450873867551801 1.9438951247858978 1.9427028628166154 1.9415106008473308 1.9403183388780485 1.9391260769087661 1.9379338149394838
2.075122385619484 2.0708077084155283 2.0666519339330973 2.0626660300562136 2.05868012617933 2.0546942223024462 2.0507083184255626 2.046722414548679 2.042736510671795 2.0387506067949115 2.034764702918028 2.030778799041144 2.0267928951642604 2.0228069912873767 2.0188210874104864 2.0148351835336027 2.010849279656719 2.0068633757798353 2.0028774719029516 1.9988915680260677 1.994905664149184 1.9909197602723003 1.9869338563954166 1.982947952518533 1.9789620486416493 1.9749761447647656 1.9709902408878819 1.9670043370109915 1.9630184331341078 1.9590325292572242 1.9550466253803405 1.9510607215034568 1.948394814724475 1.9471400147237659 1.9458852147230565 1.9446304147223472 1.943375614721638 1.9421208147209286 1.9408660147202192 1.93961121471951 1.9383564147187986 1.9371016147180893 1.93584681471738 1.9345920147166706
2.068195336200581 2.0639457594750956 2.059891360931819 2.0560456122825377 2.0521998636332563 2.048354114983975 2.0445083663346937 2.0406626176854123 2.036816869036131 2.0329711203868497 2.0291253717375684 2.0252796230882875 2.021433874439006 2.017588125789725 2.013742377140437 2.0098966284911555 2.006050879841874 2.002205131192593 1.9983593825433117 1.9945136338940304 1.990667885244749 1.986822136595468 1.9829763879461866 1.9791306392969052 1.975284890647624 1.9714391419983426 1.9675933933490615 1.9637476446997735 1.9599018960504921 1.956056147401211 1.9522103987519297 1.9483646501026484 1.9457409328473583 1.944423594815222 1.943106256783086 1.9417889187509496 1.9404715807188133 1.9391542426866772 1.937836904654541 1.9365195666224047 1.9352022285902661 1.93388489055813 1.9325675525259938 1.9312502144938575
2.061268286781678 2.057083810534663 2.0531307879305403 2.0494251945088617 2.0457196010871828 2.042014007665504 2.038308414243825 2.034602820822146 2.0308972274004673 2.0271916339787883 2.0234860405571093 2.0197804471354304 2.0160748537137514 2.012369260292073 2.0086636668703877 2.0049580734487087 2.0012524800270297 1.9975468866053507 1.993841293183672 1.990135699761993 1.986430106340314 1.9827245129186353 1.9790189194969563 1.9753133260752775 1.9716077326535986 1.9679021392319196 1.9641965458102408 1.9604909523885556 1.9567853589668767 1.953079765545198 1.949374172123519 1.94566857870184 1.9430870509702416 1.9417071749066783 1.9403272988431153 1.938947422779552 1.937567546715989 1.9361876706524257 1.9348077945888624 1.9334279185252994 1.932048042461734 1.9306681663981706 1.9292882903346076 1.9279084142710443
2.054341237362775 2.0502218615942303 2.046370214929262 2.0428047767351853 2.039239338541109 2.0356739003470325 2.032108462152956 2.0285430239588793 2.024977585764803 2.0214121475707265 2.01784670937665 2.0142812711825737 2.010715832988497 2.0071503947944205 2.003584956600338 2.0000195184062615 1.996454080212185 1.9928886420181084 1.989323203824032 1.9857577656299554 1.982192327435879 1.9786268892418024 1.975061451047726 1.9714960128536494 1.967930574659573 1.9643651364654966 1.96079969827142 1.9572342600773374 1.953668821883261 1.9501033836891846 1.946537945495108 1.9429725073010315 1.9404331690931245 1.9389907549981344 1.9375483409031444 1.9361059268081542 1.9346635127131642 1.933221098618174 1.931778684523184 1.930336270428194 1.9288938563332012 1.9274514422382112 1.9260090281432212 1.924566614048231
2.0474141879438723 2.0433599126537976 2.0396096419279837 2.0361843589615094 2.032759075995035 2.0293337930285613 2.025908510062087 2.0224832270956132 2.019057944129139 2.0156326611626647 2.012207378196191 2.0087820952297166 2.0053568122632424 2.0019315292967685 1.9985062463302885 1.9950809633638145 1.9916556803973404 1.9882303974308662 1.9848051144643921 1.981379831497918 1.977954548531444 1.97452926556497 1.9711039825984957 1.9676786996320217 1.9642534166655476 1.9608281336990736 1.9574028507325993 1.9539775677661195 1.9505522847996455 1.9471270018331712 1.9437017188666972 1.9402764359002231 1.9377792872160078 1.9362743350895908 1.9347693829631736 1.9332644308367566 1.9317594787103396 1.9302545265839226 1.9287495744575056 1.9272446223310884 1.925739670204669 1.924234718078252 1.9227297659518348 1.9212248138254178
2.0404871385249637 2.036497963713359 2.032849068926699 2.0295639411878277 2.026278813448956 2.0229936857100848 2.019708557971213 2.0164234302323414 2.01313830249347 2.0098531747545985 2.0065680470157266 2.003282919276855 1.9999977915379836 1.996712663799112 1.993427536060235 1.9901424083213632 1.9868572805824918 1.98357215284362 1.9802870251047486 1.977001897365877 1.9737167696270055 1.9704316418881338 1.9671465141492623 1.9638613864103907 1.9605762586715192 1.9572911309326475 1.954006003193776 1.9507208754548988 1.9474357477160273 1.9441506199771557 1.9408654922382842 1.9375803644994125 1.9351254053388887 1.9335579151810447 1.9319904250232007 1.9304229348653568 1.9288554447075126 1.9272879545496686 1.9257204643918246 1.9241529742339807 1.9225854840761338 1.9210179939182899 1.919450503760446 1.9178830136026017
2.033560089106061 2.029636014772926 2.026088495925421 2.0229435234141517 2.0197985509028826 2.0166535783916135 2.013508605880344 2.010363633369075 2.0072186608578058 2.0040736883465367 2.0009287158352675 1.9977837433239982 1.9946387708127291 1.99149379830146 1.9883488257901853 1.9852038532789162 1.9820588807676471 1.978913908256378 1.9757689357451087 1.9726239632338396 1.9694789907225705 1.9663340182113012 1.963189045700032 1.960044073188763 1.9568991006774938 1.9537541281662245 1.9506091556549554 1.9474641831436807 1.9443192106324116 1.9411742381211425 1.9380292656098734 1.934884293098604 1.932471523461772 1.930841495272501 1.92921146708323 1.9275814388939592 1.9259514107046882 1.924321382515417 1.9226913543261461 1.9210613261368752 1.9194312979476016 1.9178012697583307 1.9161712415690597 1.9145412133797886
2.026633039687158 2.0227740658324933 2.0193279229241425 2.016323105640476 2.013318288356809 2.0103134710731423 2.0073086537894755 2.0043038365058083 2.0012990192221416 1.998294201938475 1.9952893846548083 1.9922845673711416 1.9892797500874746 1.9862749328038078 1.983270115520136 1.9802652982364692 1.9772604809528025 1.9742556636691357 1.971250846385469 1.9682460291018022 1.9652412118181355 1.9622363945344687 1.959231577250802 1.956226759967135 1.9532219426834683 1.9502171253998015 1.9472123081161348 1.944207490832463 1.9412026735487962 1.9381978562651294 1.9351930389814627 1.932188221697796 1.9298176415846553 1.9281250753639574 1.9264325091432595 1.9247399429225616 1.9230473767018637 1.9213548104811657 1.9196622442604678 1.91796967803977 1.9162771118190691 1.9145845455983712 1.9128919793776733 1.9111994131569754
