Figures/CREST_Example_wjb_NSE/PETs/wjb.pet.20091201.asc
ncols            288
nrows            254
xllcorner        113.274861
yllcorner        31.4918055
cellsize         0.008333333333
NODATA_value     -9999
[rows 57 to 75 of 254, columns 88 to 131 of 288]
0.7531124585437303 0.7550185211609022 0.7569245837780741 0.7588306463952493 0.7607367090124213 0.7626427716295933 0.7645488342467652 0.7664548968639372 0.7683609594811092 0.770267022098281 0.772173084715453 0.774079147332625 0.7759852099497969 0.7778912725669689 0.7784621496752542 0.7776056832843966 0.7767492168935375 0.7758927505026799 0.7750362841118223 0.7741798177209648 0.7733233513301071 0.7724668849392495 0.771610418548392 0.7707539521575344 0.7698974857666767 0.7690410193758191 0.7681845529849616 0.7673280865941039 0.7664716202032463 0.7656151538123873 0.7647586874215296 0.7639022210306721 0.7630457546398145 0.7621892882489569 0.7613328218580993 0.7604763554672417 0.7596198890763841 0.7587634226855264 0.7579069562946689 0.7570504899038113 0.7561940235129537 0.755337557122096 0.754481090731237 0.7536246243403795
0.7542375632036689 0.7561481576009743 0.7580587519982798 0.7599693463955884 0.7618799407928939 0.7637905351901992 0.7657011295875047 0.7676117239848101 0.7695223183821156 0.771432912779421 0.7733435071767264 0.7752541015740319 0.7771646959713373 0.7790752903686428 0.779641071446438 0.7787692166778375 0.7778973619092354 0.7770255071406348 0.7761536523720343 0.7752817976034337 0.7744099428348331 0.7735380880662326 0.7726662332976321 0.7717943785290314 0.7709225237604309 0.7700506689918304 0.7691788142232298 0.7683069594546292 0.7674351046860287 0.7665632499174266 0.7656913951488261 0.7648195403802255 0.763947685611625 0.7630758308430243 0.7622039760744238 0.7613321213058233 0.7604602665372227 0.7595884117686221 0.7587165570000216 0.757844702231421 0.7569728474628205 0.7561009926942199 0.7552291379256179 0.7543572831570173
0.7542603118452604 0.7561206994813995 0.7579810871175385 0.7598414747536808 0.7617018623898199 0.7635622500259589 0.7654226376620981 0.7672830252982371 0.7691434129343762 0.7710038005705152 0.7728641882066543 0.7747245758427934 0.7765849634789325 0.7784453511150715 0.7789867794624125 0.7781182105067792 0.7772496415511446 0.7763810725955114 0.7755125036398782 0.774643934684245 0.7737753657286118 0.7729067967729787 0.7720382278173454 0.7711696588617123 0.770301089906079 0.7694325209504459 0.7685639519948128 0.7676953830391795 0.7668268140835464 0.7659582451279117 0.7650896761722785 0.7642211072166453 0.7633525382610121 0.7624839693053789 0.7616154003497457 0.7607468313941126 0.7598782624384793 0.7590096934828462 0.7581411245272129 0.7572725555715798 0.7564039866159467 0.7555354176603134 0.7546668487046788 0.7537982797490456
0.7542830604868519 0.7560932413618247 0.7579034222367974 0.7597136031117733 0.761523783986746 0.7633339648617188 0.7651441457366915 0.7669543266116643 0.768764507486637 0.7705746883616098 0.7723848692365826 0.7741950501115553 0.7760052309865281 0.7778154118615008 0.7783324874783875 0.7774672043357216 0.7766019211930543 0.7757366380503885 0.7748713549077227 0.7740060717650569 0.7731407886223911 0.7722755054797252 0.7714102223370595 0.7705449391943936 0.7696796560517278 0.768814372909062 0.7679490897663962 0.7670838066237303 0.7662185234810646 0.7653532403383972 0.7644879571957315 0.7636226740530656 0.7627573909103998 0.761892107767734 0.7610268246250682 0.7601615414824023 0.7592962583397366 0.7584309751970708 0.7575656920544049 0.7567004089117392 0.7558351257690733 0.7549698426264075 0.7541045594837402 0.7532392763410745
0.7543058091284435 0.7560657832422499 0.7578257573560563 0.7595857314698657 0.7613457055836722 0.7631056796974787 0.7648656538112851 0.7666256279250915 0.7683856020388979 0.7701455761527044 0.7719055502665109 0.7736655243803173 0.7754254984941237 0.7771854726079301 0.7776781954943625 0.776816198164664 0.775954200834964 0.7750922035052656 0.7742302061755671 0.7733682088458688 0.7725062115161703 0.7716442141864718 0.7707822168567734 0.7699202195270749 0.7690582221973765 0.768196224867678 0.7673342275379796 0.7664722302082811 0.7656102328785828 0.7647482355488828 0.7638862382191843 0.763024240889486 0.7621622435597875 0.7613002462300891 0.7604382489003906 0.7595762515706922 0.7587142542409937 0.7578522569112953 0.7569902595815968 0.7561282622518983 0.7552662649222 0.7544042675925015 0.7535422702628016 0.7526802729331031
0.754328557770035 0.7560383251226751 0.7577480924753153 0.7594578598279582 0.7611676271805984 0.7628773945332386 0.7645871618858786 0.7662969292385188 0.7680066965911588 0.769716463943799 0.7714262312964391 0.7731359986490792 0.7748457660017194 0.7765555333543595 0.7770239035103373 0.7761651919936063 0.7753064804768738 0.7744477689601427 0.7735890574434117 0.7727303459266806 0.7718716344099495 0.7710129228932184 0.7701542113764873 0.7692954998597563 0.7684367883430252 0.7675780768262942 0.7667193653095631 0.765860653792832 0.765001942276101 0.7641432307593684 0.7632845192426373 0.7624258077259063 0.7615670962091752 0.7607083846924442 0.7598496731757131 0.7589909616589819 0.7581322501422509 0.7572735386255198 0.7564148271087888 0.7555561155920577 0.7546974040753266 0.7538386925585956 0.752979981041863 0.7521212695251319
0.7543513064116265 0.7560108670031004 0.7576704275945741 0.7593299881860508 0.7609895487775246 0.7626491093689983 0.7643086699604722 0.765968230551946 0.7676277911434197 0.7692873517348936 0.7709469123263674 0.7726064729178412 0.774266033509315 0.7759255941007888 0.7763696115263123 0.7755141858225487 0.7746587601187835 0.7738033344150198 0.7729479087112561 0.7720924830074924 0.7712370573037287 0.770381631599965 0.7695262058962014 0.7686707801924376 0.7678153544886739 0.7669599287849103 0.7661045030811465 0.7652490773773828 0.7643936516736192 0.763538225969854 0.7626828002660903 0.7618273745623265 0.7609719488585629 0.7601165231547992 0.7592610974510354 0.7584056717472718 0.7575502460435081 0.7566948203397443 0.7558393946359807 0.754983968932217 0.7541285432284532 0.7532731175246895 0.7524176918209244 0.7515622661171607
0.7543740550532181 0.7559834088835256 0.757592762713833 0.7592021165441433 0.7608114703744507 0.7624208242047582 0.7640301780350657 0.7656395318653733 0.7672488856956807 0.7688582395259882 0.7704675933562957 0.7720769471866031 0.7736863010169106 0.7752956548472181 0.7757153195422873 0.774863179651491 0.7740110397606933 0.7731588998698969 0.7723067599791006 0.7714546200883042 0.770602480197508 0.7697503403067116 0.7688982004159153 0.7680460605251189 0.7671939206343227 0.7663417807435263 0.76548964085273 0.7646375009619336 0.7637853610711374 0.7629332211803396 0.7620810812895432 0.7612289413987469 0.7603768015079506 0.7595246616171543 0.7586725217263579 0.7578203818355616 0.7569682419447653 0.756116102053969 0.7552639621631726 0.7544118222723762 0.75355968238158 0.7527075424907836 0.7518554025999858 0.7510032627091895
0.7543968036948097 0.7559559507639507 0.7575150978330919 0.7590742449022357 0.7606333919713769 0.7621925390405181 0.7637516861096593 0.7653108331788004 0.7668699802479416 0.7684291273170828 0.769988274386224 0.771547421455365 0.7731065685245062 0.7746657155936474 0.7750610275582623 0.7742121734804334 0.7733633194026029 0.772514465324774 0.7716656112469451 0.7708167571691161 0.7699679030912872 0.7691190490134582 0.7682701949356292 0.7674213408578003 0.7665724867799714 0.7657236327021424 0.7648747786243134 0.7640259245464844 0.7631770704686555 0.7623282163908252 0.7614793623129962 0.7606305082351672 0.7597816541573382 0.7589328000795093 0.7580839460016803 0.7572350919238514 0.7563862378460224 0.7555373837681935 0.7546885296903645 0.7538396756125355 0.7529908215347065 0.7521419674568777 0.7512931133790473 0.7504442593012183
0.7544195523364011 0.7559284926443759 0.7574374329523508 0.7589463732603281 0.760455313568303 0.7619642538762778 0.7634731941842525 0.7649821344922274 0.7664910748002022 0.768000015108177 0.7695089554161518 0.7710178957241266 0.7725268360321014 0.7740357763400763 0.7744067355742368 0.7735611673093752 0.7727155990445121 0.7718700307796506 0.7710244625147891 0.7701788942499275 0.7693333259850659 0.7684877577202043 0.7676421894553427 0.7667966211904811 0.7659510529256195 0.765105484660758 0.7642599163958964 0.7634143481310348 0.7625687798661732 0.7617232116013102 0.7608776433364486 0.760032075071587 0.7591865068067255 0.7583409385418639 0.7574953702770023 0.7566498020121407 0.7558042337472791 0.7549586654824175 0.754113097217556 0.7532675289526944 0.7524219606878328 0.7515763924229713 0.7507308241581082 0.7498852558932466
0.7544423009779927 0.7559010345248012 0.7573597680716097 0.7588185016184206 0.7602772351652292 0.7617359687120376 0.7631947022588461 0.7646534358056546 0.7661121693524631 0.7675709028992715 0.76902963644608 0.7704883699928885 0.771947103539697 0.7734058370865056 0.7737524435902118 0.7729101611383176 0.7720678786864219 0.7712255962345277 0.7703833137826335 0.7695410313307393 0.768698748878845 0.7678564664269508 0.7670141839750566 0.7661719015231624 0.7653296190712682 0.7644873366193741 0.7636450541674799 0.7628027717155856 0.7619604892636914 0.7611182068117958 0.7602759243599015 0.7594336419080073 0.7585913594561131 0.7577490770042189 0.7569067945523247 0.7560645121004305 0.7552222296485362 0.754379947196642 0.7535376647447478 0.7526953822928536 0.7518530998409594 0.7510108173890653 0.7501685349371696 0.7493262524852754
0.7544650496195842 0.7558735764052263 0.7572821031908685 0.7586906299765132 0.7600991567621553 0.7615076835477974 0.7629162103334396 0.7643247371190818 0.765733263904724 0.7671417906903661 0.7685503174760083 0.7699588442616505 0.7713673710472927 0.7727758978329349 0.7730981516061868 0.7722591549672599 0.7714201583283317 0.7705811616894048 0.769742165050478 0.7689031684115512 0.7680641717726243 0.7672251751336975 0.7663861784947706 0.7655471818558438 0.764708185216917 0.7638691885779901 0.7630301919390633 0.7621911953001365 0.7613521986612096 0.7605132020222813 0.7596742053833545 0.7588352087444277 0.7579962121055008 0.757157215466574 0.7563182188276472 0.7554792221887203 0.7546402255497935 0.7538012289108666 0.7529622322719398 0.752123235633013 0.7512842389940861 0.7504452423551593 0.749606245716231 0.7487672490773042
0.7544877982611757 0.7558461182856516 0.7572044383101274 0.7585627583346056 0.7599210783590815 0.7612793983835573 0.7626377184080332 0.7639960384325091 0.7653543584569849 0.7667126784814607 0.7680709985059366 0.7694293185304124 0.7707876385548883 0.7721459585793642 0.7724438596221618 0.7716081487962022 0.7707724379702414 0.7699367271442819 0.7691010163183224 0.7682653054923629 0.7674295946664035 0.766593883840444 0.7657581730144846 0.7649224621885251 0.7640867513625657 0.7632510405366062 0.7624153297106467 0.7615796188846873 0.7607439080587278 0.7599081972327669 0.7590724864068075 0.7582367755808479 0.7574010647548884 0.756565353928929 0.7557296431029695 0.7548939322770101 0.7540582214510506 0.7532225106250912 0.7523867997991317 0.7515510889731722 0.7507153781472128 0.7498796673212533 0.7490439564952924 0.748208245669333
0.7545105469027672 0.7558186601660768 0.7571267734293863 0.7584348866926981 0.7597429999560076 0.7610511132193172 0.7623592264826267 0.7636673397459363 0.7649754530092457 0.7662835662725553 0.7675916795358648 0.7688997927991744 0.7702079060624839 0.7715160193257935 0.7717895676381367 0.7709571426251446 0.7701247176121511 0.769292292599159 0.7684598675861669 0.7676274425731748 0.7667950175601828 0.7659625925471907 0.7651301675341986 0.7642977425212064 0.7634653175082143 0.7626328924952223 0.7618004674822302 0.7609680424692381 0.760135617456246 0.7593031924432525 0.7584707674302604 0.7576383424172684 0.7568059174042762 0.7559734923912841 0.755141067378292 0.7543086423652999 0.7534762173523079 0.7526437923393158 0.7518113673263237 0.7509789423133315 0.7501465173003394 0.7493140922873474 0.7484816672743538 0.7476492422613618
0.7545332955443588 0.755791202046502 0.7570491085486452 0.7583070150507906 0.7595649215529338 0.7608228280550771 0.7620807345572203 0.7633386410593634 0.7645965475615066 0.7658544540636499 0.7671123605657931 0.7683702670679363 0.7696281735700796 0.7708860800722228 0.7711352756541117 0.770306136454087 0.7694769972540608 0.7686478580540361 0.7678187188540114 0.7669895796539866 0.7661604404539619 0.7653313012539372 0.7645021620539125 0.7636730228538878 0.762843883653863 0.7620147444538383 0.7611856052538136 0.7603564660537889 0.7595273268537641 0.758698187653738 0.7578690484537133 0.7570399092536886 0.7562107700536639 0.7553816308536392 0.7545524916536144 0.7537233524535897 0.752894213253565 0.7520650740535403 0.7512359348535155 0.7504067956534908 0.7495776564534661 0.7487485172534414 0.7479193780534152 0.7470902388533905
0.7545560441859503 0.7557637439269272 0.756971443667904 0.7581791434088829 0.7593868431498598 0.7605945428908367 0.7618022426318135 0.7630099423727904 0.7642176421137673 0.7654253418547441 0.766633041595721 0.7678407413366979 0.7690484410776747 0.7702561408186516 0.7704809836700861 0.7696551302830288 0.76882927689597 0.7680034235089127 0.7671775701218553 0.766351716734798 0.7655258633477406 0.7647000099606833 0.763874156573626 0.7630483031865686 0.7622224497995113 0.7613965964124539 0.7605707430253966 0.7597448896383392 0.7589190362512819 0.7580931828642231 0.7572673294771658 0.7564414760901085 0.755615622703051 0.7547897693159937 0.7539639159289364 0.7531380625418791 0.7523122091548217 0.7514863557677643 0.750660502380707 0.7498346489936497 0.7490087956065923 0.748182942219535 0.7473570888324762 0.7465312354454189
0.7545787928275419 0.7557362858073524 0.756893778787163 0.7580512717669755 0.759208764746786 0.7603662577265966 0.7615237507064071 0.7626812436862176 0.7638387366660282 0.7649962296458387 0.7661537226256493 0.7673112156054598 0.7684687085852704 0.7696262015650809 0.7698266916860611 0.7690041241119712 0.7681815565378798 0.7673589889637897 0.7665364213896998 0.7657138538156099 0.7648912862415198 0.7640687186674299 0.7632461510933399 0.7624235835192499 0.7616010159451599 0.76077844837107 0.75995588079698 0.75913331322289 0.7583107456488001 0.7574881780747087 0.7566656105006186 0.7558430429265287 0.7550204753524388 0.7541979077783487 0.7533753402042588 0.7525527726301688 0.7517302050560788 0.7509076374819889 0.7500850699078989 0.7492625023338089 0.7484399347597189 0.747617367185629 0.7467947996115376 0.7459722320374476
0.7546015414691334 0.7557088276877776 0.7568161139064218 0.757923400125068 0.7590306863437122 0.7601379725623564 0.7612452587810006 0.7623525449996449 0.7634598312182891 0.7645671174369333 0.7656744036555775 0.7667816898742218 0.767888976092866 0.7689962623115102 0.7691723997020361 0.7683531179409135 0.7675338361797895 0.7667145544186669 0.7658952726575443 0.7650759908964216 0.7642567091352991 0.7634374273741765 0.7626181456130539 0.7617988638519313 0.7609795820908086 0.7601603003296861 0.7593410185685635 0.7585217368074408 0.7577024550463183 0.7568831732851943 0.7560638915240717 0.755244609762949 0.7544253280018265 0.7536060462407038 0.7527867644795813 0.7519674827184587 0.751148200957336 0.7503289191962135 0.7495096374350908 0.7486903556739682 0.7478710739128457 0.747051792151723 0.746232510390599 0.7454132286294765
0.754624290110725 0.7556813695682029 0.7567384490256808 0.7577955284831605 0.7588526079406384 0.7599096873981163 0.7609667668555942 0.7620238463130721 0.76308092577055 0.7641380052280279 0.7651950846855058 0.7662521641429837 0.7673092436004616 0.7683663230579395 0.7685181077180111 0.7677021117698558 0.7668861158216992 0.766070119873544 0.7652541239253887 0.7644381279772335 0.7636221320290782 0.7628061360809231 0.7619901401327678 0.7611741441846126 0.7603581482364573 0.7595421522883021 0.758726156340147 0.7579101603919917 0.7570941644438365 0.7562781684956799 0.7554621725475246 0.7546461765993694 0.7538301806512141 0.7530141847030589 0.7521981887549036 0.7513821928067485 0.7505661968585932 0.749750200910438 0.7489342049622827 0.7481182090141275 0.7473022130659722 0.746486217117817 0.7456702211696604 0.7448542252215051
