Figures/CREST_Example_wjb_NSE/PETs/wjb.pet.20091213.asc
ncols            288
nrows            254
xllcorner        113.274861
yllcorner        31.4918055
cellsize         0.008333333333
NODATA_value     -9999
[rows 152 to 170 of 254, columns 43 to 85 of 288]
0.39925050436200826 0.39868063873187254 0.39811077310173676 0.39754090747160103 0.39697104184146526 0.39640117621132953 0.39583131058119375 0.395261444951058 0.3946915793209223 0.3941217136907856 0.3935518480606498 0.3929819824305141 0.3924121168003783 0.3918422511702426 0.39127238554010685 0.39070251990997107 0.39013265427983534 0.38956278864969957 0.38899292301956384 0.3884230573894281 0.38785319175929234 0.3872833261291566 0.3867134604990199 0.3861435948688841 0.3855737292387484 0.3850038636086126 0.3844339979784769 0.38386413234834116 0.3832942667182054 0.38241790838614953 0.3812139024271493 0.38000989646814903 0.3788058905091488 0.37760188455014854 0.3763978785911483 0.375193872632146 0.3739898666731457 0.3727858607141455 0.3715818547551452 0.370377848796145 0.3691738428371447 0.3679698368781445 0.3667658309191442
0.4011018980660966 0.40053916356887737 0.3999764290716581 0.39941369457443887 0.39885096007721965 0.3982882255800004 0.39772549108278116 0.3971627565855619 0.39660002208834266 0.39603728759112244 0.39547455309390317 0.39491181859668395 0.3943490840994647 0.39378634960224546 0.39322361510502624 0.39266088060780696 0.39209814611058774 0.39153541161336847 0.39097267711614925 0.39040994261893 0.38984720812171075 0.3892844736244915 0.38872173912727126 0.38815900463005204 0.38759627013283277 0.38703353563561355 0.3864708011383943 0.38590806664117505 0.38534533214395583 0.38445941960108115 0.38322802242161913 0.3819966252421571 0.3807652280626951 0.37953383088323306 0.3783024337037711 0.37707103652430696 0.37583963934484493 0.3746082421653829 0.37337684498592094 0.3721454478064589 0.3709140506269969 0.36968265344753487 0.36845125626807285
0.4029532917701849 0.40239768840588214 0.4018420850415794 0.40128648167727665 0.40073087831297394 0.40017527494867117 0.39961967158436845 0.3990640682200657 0.39850846485576297 0.39795286149145925 0.39739725812715654 0.39684165476285377 0.396286051398551 0.3957304480342483 0.3951748446699455 0.3946192413056428 0.39406363794134003 0.3935080345770373 0.39295243121273454 0.39239682784843183 0.39184122448412906 0.39128562111982634 0.39073001775552263 0.3901744143912199 0.38961881102691714 0.3890632076626144 0.38850760429831166 0.3879520009340089 0.3873963975697062 0.38650093081601267 0.3852421424160889 0.3839833540161651 0.38272456561624135 0.3814657772163176 0.3802069888163938 0.3789482004164679 0.3776894120165441 0.3764306236166204 0.3751718352166966 0.37391304681677284 0.37265425841684907 0.3713954700169253 0.37013668161700153
0.4048046854742732 0.40425621324288696 0.4037077410115007 0.4031592687801145 0.4026107965487282 0.402062324317342 0.40151385208595575 0.40096537985456954 0.40041690762318327 0.3998684353917961 0.39931996316040985 0.3987714909290236 0.3982230186976374 0.3976745464662511 0.3971260742348649 0.39657760200347864 0.3960291297720924 0.39548065754070616 0.39493218530931995 0.3943837130779337 0.3938352408465474 0.3932867686151612 0.39273829638377405 0.3921898241523878 0.3916413519210015 0.3910928796896153 0.39054440745822905 0.38999593522684284 0.3894474629954566 0.38854244203094424 0.3872562624105587 0.3859700827901732 0.3846839031697877 0.3833977235494021 0.3821115439290166 0.38082536430862884 0.3795391846882433 0.3782530050678578 0.3769668254474723 0.37568064582708677 0.3743944662067012 0.3731082865863157 0.37182210696593015
0.4066560791783615 0.40611473807989174 0.40557339698142203 0.40503205588295227 0.40449071478448256 0.4039493736860128 0.40340803258754304 0.40286669148907334 0.4023253503906036 0.4017840092921329 0.4012426681936632 0.40070132709519346 0.4001599859967237 0.399618644898254 0.39907730379978423 0.39853596270131453 0.39799462160284477 0.39745328050437506 0.3969119394059053 0.39637059830743554 0.39582925720896583 0.3952879161104961 0.3947465750120254 0.39420523391355566 0.39366389281508596 0.3931225517166162 0.3925812106181465 0.39203986951967673 0.391498528421207 0.3905839532458758 0.38927038240502854 0.38795681156418127 0.38664324072333395 0.3853296698824867 0.38401609904163936 0.38270252820078987 0.38138895735994255 0.3800753865190953 0.37876181567824796 0.3774482448374007 0.3761346739965534 0.3748211031557061 0.37350753231485884
0.4085074728824514 0.4079732629168981 0.4074390529513449 0.40690484298579166 0.40637063302023846 0.4058364230546852 0.405302213089132 0.40476800312357875 0.40423379315802555 0.4036995831924714 0.40316537322691814 0.40263116326136494 0.4020969532958117 0.4015627433302585 0.40102853336470523 0.40049432339915203 0.3999601134335988 0.3994259034680456 0.3988916935024923 0.3983574835369391 0.39782327357138586 0.39728906360583266 0.3967548536402785 0.39622064367472526 0.39568643370917206 0.3951522237436188 0.3946180137780656 0.39408380381251235 0.39354959384695914 0.3926254644608091 0.3912845023995 0.38994354033819095 0.3886025782768819 0.3872616162155728 0.38592065415426374 0.3845796920929524 0.3832387300316433 0.38189776797033426 0.3805568059090252 0.3792158438477161 0.37787488178640705 0.376533919725098 0.3751929576637889
0.41035886658653964 0.40983178775390294 0.4093047089212662 0.4087776300886295 0.40825055125599274 0.407723472423356 0.4071963935907193 0.40666931475808255 0.40614223592544585 0.4056151570928082 0.4050880782601715 0.40456099942753476 0.40403392059489807 0.4035068417622613 0.4029797629296246 0.40245268409698787 0.40192560526435117 0.4013985264317144 0.4008714475990777 0.400344368766441 0.3998172899338043 0.3992902111011675 0.3987631322685299 0.3982360534358932 0.39770897460325644 0.39718189577061974 0.396654816937983 0.3961277381053463 0.39560065927270954 0.3946669756757407 0.39329862239396984 0.391930269112199 0.3905619158304282 0.3891935625486574 0.3878252092668866 0.38645685598511337 0.38508850270334255 0.38372014942157173 0.3823517961398009 0.38098344285803004 0.3796150895762592 0.3782467362944884 0.3768783830127176
0.41221026029062796 0.4116903125909077 0.41117036489118747 0.4106504171914673 0.41013046949174703 0.40961052179202684 0.4090905740923066 0.4085706263925864 0.40805067869286615 0.407530730993145 0.4070107832934248 0.4064908355937046 0.4059708878939844 0.40545094019426414 0.40493099249454395 0.4044110447948237 0.40389109709510346 0.40337114939538327 0.402851201695663 0.40233125399594283 0.4018113062962226 0.40129135859650233 0.40077141089678125 0.400251463197061 0.3997315154973408 0.39921156779762057 0.3986916200979004 0.39817167239818013 0.39765172469845994 0.39670848689067223 0.39531274238843966 0.39391699788620704 0.3925212533839745 0.39112550888174186 0.3897297643795093 0.38833401987727434 0.3869382753750417 0.38554253087280915 0.38414678637057653 0.38275104186834397 0.38135529736611135 0.3799595528638788 0.3785638083616462
0.41406165399471623 0.4135488374279125 0.4130360208611088 0.41252320429430506 0.41201038772750137 0.41149757116069763 0.4109847545938939 0.4104719380270902 0.40995912146028646 0.4094463048934819 0.40893348832667814 0.40842067175987445 0.4079078551930707 0.407395038626267 0.4068822220594633 0.40636940549265954 0.40585658892585585 0.4053437723590521 0.4048309557922484 0.4043181392254447 0.40380532265864094 0.40329250609183726 0.4027796895250326 0.40226687295822894 0.4017540563914252 0.4012412398246215 0.40072842325781777 0.400215606691014 0.39970279012421034 0.3987499981056038 0.3973268623829095 0.3959037266602151 0.39448059093752075 0.39305745521482643 0.39163431949213207 0.3902111837694353 0.38878804804674094 0.38736491232404663 0.38594177660135226 0.3845186408786579 0.3830955051559636 0.3816723694332692 0.38024923371057484
0.41591304769880455 0.4154073622649173 0.4149016768310301 0.4143959913971429 0.41389030596325566 0.4133846205293684 0.41287893509548124 0.412373249661594 0.4118675642277068 0.4113618787938187 0.4108561933599315 0.4103505079260443 0.4098448224921571 0.40933913705826985 0.4088334516243826 0.40832776619049543 0.4078220807566082 0.407316395322721 0.4068107098888338 0.40630502445494654 0.40579933902105936 0.4052936535871721 0.40478796815328405 0.4042822827193968 0.40377659728550963 0.4032709118516224 0.40276522641773516 0.402259540983848 0.40175385554996074 0.40079150932053537 0.3993409823773793 0.3978904554342232 0.3964399284910671 0.39498940154791096 0.39353887460475484 0.3920883476615963 0.39063782071844017 0.38918729377528405 0.38773676683212793 0.3862862398889718 0.38483571294581576 0.38338518600265964 0.3819346590595035
0.41776444140289287 0.41726588710192214 0.41676733280095146 0.41626877849998073 0.41577022419901 0.4152716698980393 0.4147731155970686 0.41427456129609785 0.4137760069951272 0.4132774526941556 0.4127788983931849 0.41228034409221415 0.41178178979124347 0.41128323549027274 0.410784681189302 0.4102861268883313 0.4097875725873606 0.40928901828638986 0.4087904639854192 0.40829190968444845 0.4077933553834777 0.40729480108250704 0.4067962467815355 0.40629769248056474 0.405799138179594 0.40530058387862333 0.4048020295776526 0.40430347527668187 0.4038049209757112 0.402833020535467 0.4013551023718491 0.39987718420823126 0.3983992660446134 0.39692134788099553 0.39544342971737767 0.39396551155375725 0.3924875933901394 0.3910096752265215 0.38953175706290366 0.3880538388992858 0.38657592073566793 0.38509800257205007 0.3836200844084322
0.41961583510698275 0.4191244119389285 0.4186329887708743 0.4181415656028201 0.4176501424347659 0.4171587192667117 0.4166672960986575 0.41617587293060326 0.4156844497625491 0.41519302659449403 0.41470160342643986 0.41421018025838563 0.4137187570903314 0.41322733392227723 0.412735910754223 0.41224448758616883 0.4117530644181146 0.4112616412500604 0.4107702180820062 0.41027879491395197 0.4097873717458978 0.40929594857784357 0.4088045254097885 0.40831310224173434 0.4078216790736801 0.40733025590562594 0.4068388327375717 0.4063474095695175 0.4058559864014633 0.4048745317504003 0.4033692223663206 0.40186391298224095 0.40035860359816133 0.39885329421408167 0.397347984830002 0.3958426754459198 0.39433736606184017 0.3928320566777605 0.39132674729368083 0.3898214379096012 0.38831612852552155 0.3868108191414419 0.3853055097573623
0.421467228811071 0.4209829367759333 0.4204986447407956 0.4200143527056579 0.41953006067052023 0.4190457686353825 0.4185614766002448 0.4180771845651071 0.4175928925299694 0.41710860049483084 0.41662430845969317 0.41614001642455545 0.4156557243894177 0.41517143235428006 0.41468714031914233 0.4142028482840046 0.41371855624886694 0.4132342642137292 0.41274997217859155 0.4122656801434538 0.4117813881083161 0.41129709607317844 0.4108128040380399 0.41032851200290216 0.4098442199677645 0.40935992793262677 0.40887563589748904 0.4083913438623514 0.40790705182721365 0.4069160429653318 0.4053833423607904 0.40385064175624896 0.4023179411517076 0.4007852405471662 0.3992525399426248 0.39771983933808075 0.39618713873353933 0.3946544381289979 0.3931217375244565 0.39158903691991515 0.39005633631537373 0.3885236357108323 0.3869909351062909
0.42331862251515934 0.4228414616129381 0.4223643007107169 0.42188713980849574 0.4214099789062745 0.4209328180040533 0.42045565710183214 0.4199784961996109 0.4195013352973897 0.4190241743951677 0.4185470134929465 0.4180698525907253 0.4175926916885041 0.4171155307862829 0.4166383698840617 0.4161612089818405 0.4156840480796193 0.4152068871773981 0.4147297262751769 0.4142525653729557 0.41377540447073446 0.4132982435685133 0.41282108266629125 0.4123439217640701 0.41186676086184887 0.41138959995962765 0.4109124390574065 0.41043527815518527 0.40995811725296405 0.40895755418026336 0.4073974623552602 0.40583737053025704 0.4042772787052539 0.4027171868802507 0.40115709505524755 0.3995970032302417 0.39803691140523856 0.3964768195802354 0.39491672775523223 0.39335663593022907 0.3917965441052259 0.39023645228022275 0.3886763604552195
0.4251700162192476 0.4246999864499429 0.42422995668063823 0.4237599269113335 0.4232898971420288 0.42281986737272415 0.42234983760341943 0.4218798078341147 0.42140977806481006 0.4209397482955045 0.42046971852619985 0.41999968875689514 0.4195296589875904 0.41905962921828577 0.41858959944898105 0.41811956967967634 0.4176495399103717 0.41717951014106697 0.41670948037176225 0.41623945060245754 0.4157694208331529 0.41529939106384817 0.4148293612945427 0.41435933152523796 0.4138893017559333 0.4134192719866286 0.4129492422173239 0.41247921244801916 0.4120091826787145 0.410999065395195 0.40941158234973 0.4078240993042651 0.4062366162588002 0.40464913321333523 0.4030616501678703 0.4014741671224027 0.3998866840769378 0.39829920103147287 0.3967117179860079 0.395124234940543 0.3935367518950781 0.3919492688496131 0.3903617858041482
0.4270214099233359 0.4265585112869477 0.4260956126505595 0.4256327140141713 0.42516981537778314 0.42470691674139494 0.4242440181050067 0.4237811194686186 0.42331822083223036 0.4228553221958414 0.42239242355945317 0.421929524923065 0.4214666262866768 0.4210037276502886 0.4205408290139004 0.42007793037751223 0.419615031741124 0.4191521331047358 0.4186892344683476 0.41822633583195945 0.41776343719557124 0.41730053855918303 0.41683763992279405 0.4163747412864059 0.4159118426500177 0.4154489440136295 0.4149860453772413 0.4145231467408531 0.4140602481044649 0.41304057661012655 0.41142570234419984 0.4098108280782732 0.40819595381234647 0.4065810795464198 0.4049662052804931 0.40335133101456366 0.401736456748637 0.4001215824827103 0.39850670821678363 0.3968918339508569 0.39527695968493026 0.3936620854190036 0.3920472111530769
0.4288728036274242 0.4284170361239525 0.42796126862048084 0.42750550111700913 0.42704973361353743 0.4265939661100657 0.426138198606594 0.42568243110312237 0.42522666359965067 0.4247708960961782 0.4243151285927065 0.42385936108923483 0.4234035935857631 0.4229478260822914 0.4224920585788197 0.422036291075348 0.42158052357187636 0.42112475606840466 0.42066898856493296 0.42021322106146125 0.4197574535579896 0.4193016860545179 0.4188459185510454 0.4183901510475737 0.41793438354410206 0.41747861604063036 0.41702284853715865 0.41656708103368695 0.41611131353021524 0.41508208782505807 0.4134398223386696 0.4117975568522812 0.41015529136589274 0.4085130258795043 0.40687076039311587 0.40522849490672463 0.4035862294203362 0.4019439639339477 0.4003016984475593 0.39865943296117085 0.3970171674747824 0.395374901988394 0.3937326365020055
0.43072419733151257 0.43027556096095737 0.42982692459040217 0.42937828821984697 0.42892965184929177 0.42848101547873657 0.4280323791081814 0.4275837427376262 0.427135106367071 0.42668646999651505 0.42623783362595985 0.4257891972554047 0.4253405608848495 0.4248919245142943 0.4244432881437391 0.4239946517731839 0.4235460154026287 0.42309737903207356 0.42264874266151836 0.42220010629096316 0.42175146992040796 0.42130283354985276 0.42085419717929684 0.42040556080874164 0.41995692443818644 0.41950828806763124 0.41905965169707604 0.4186110153265209 0.4181623789559657 0.41712359903998963 0.4154539423331394 0.41378428562628927 0.41211462891943906 0.41044497221258885 0.40877531550573865 0.4071056587988856 0.4054360020920354 0.4037663453851852 0.402096688678335 0.40042703197148477 0.3987573752646346 0.3970877185577844 0.3954180618509342
0.4325755910356024 0.4321340857979637 0.43169258056032506 0.43125107532268636 0.43080957008504767 0.43036806484740897 0.42992655960977033 0.42948505437213164 0.42904354913449294 0.4286020438968535 0.42816053865921483 0.42771903342157613 0.4272775281839375 0.4268360229462988 0.4263945177086601 0.4259530124710214 0.42551150723338277 0.4250700019957441 0.4246284967581054 0.4241869915204667 0.42374548628282804 0.42330398104518935 0.42286247580754993 0.42242097056991124 0.42197946533227254 0.42153796009463385 0.4210964548569952 0.4206549496193565 0.4202134443817178 0.4191651102549229 0.41746806232761097 0.41577101440029895 0.414073966472987 0.412376918545675 0.41067987061836303 0.40898282269104813 0.4072857747637362 0.40558872683642416 0.4038916789091122 0.4021946309818002 0.40049758305448824 0.3988005351271762 0.39710348719986427
