Figures/CREST_Example_wjb_NSE/PETs/wjb.pet.20090826.asc
ncols            288
nrows            254
xllcorner        113.274861
yllcorner        31.4918055
cellsize         0.008333333333
NODATA_value     -9999
[rows 200 to 219 of 254, columns 135 to 179 of 288]
4.141527162326223 4.141842531621889 4.142157900917556 4.142473270213222 4.142788639508889 4.143104008804555 4.143419378100222 4.1437347473958885 4.144050116691555 4.144365485987222 4.144680855282888 4.144996224578555 4.145311593874221 4.145626963169888 4.145942332465554 4.146257701761221 4.1465730710568875 4.146888440352554 4.147203809648221 4.147519178943887 4.147834548239554 4.14814991753522 4.148465286830887 4.1487806561265534 4.14909602542222 4.149411394717887 4.149726764013553 4.147950747930958 4.143938993568792 4.139927239206626 4.13591548484446 4.131903730482294 4.127891976120128 4.123880221757962 4.119868467395789 4.115856713033623 4.111844958671457 4.1078332043092916 4.103821449947126 4.09980969558496 4.095797941222794 4.091786186860627 4.0877744324984615 4.083762678136296 4.07975092377413
4.146456881448885 4.146757897113816 4.147058912778747 4.147359928443678 4.147660944108609 4.14796195977354 4.14826297543847 4.148563991103401 4.148865006768333 4.149166022433264 4.149467038098194 4.149768053763125 4.150069069428056 4.150370085092987 4.1506711007579185 4.1509721164228495 4.1512731320877805 4.1515741477527115 4.151875163417642 4.152176179082573 4.152477194747504 4.1527782104124356 4.153079226077366 4.153380241742297 4.153681257407228 4.153982273072159 4.15428328873709 4.152489288279867 4.14845566819572 4.144422048111573 4.140388428027427 4.13635480794328 4.132321187859133 4.128287567774986 4.124253947690833 4.1202203276066856 4.116186707522539 4.112153087438393 4.108119467354245 4.104085847270099 4.100052227185952 4.096018607101805 4.091984987017659 4.0879513669335115 4.083917746849365
4.151386600571548 4.151673262605742 4.151959924639938 4.152246586674133 4.152533248708329 4.152819910742524 4.153106572776719 4.153393234810914 4.1536798968451105 4.153966558879305 4.154253220913501 4.154539882947696 4.1548265449818915 4.155113207016087 4.155399869050282 4.155686531084477 4.1559731931186725 4.156259855152868 4.1565465171870635 4.156833179221259 4.1571198412554535 4.15740650328965 4.157693165323845 4.15797982735804 4.158266489392235 4.158553151426431 4.158839813460626 4.157027828628776 4.152972342822649 4.148916857016521 4.144861371210393 4.140805885404266 4.136750399598138 4.132694913792011 4.128639427985876 4.124583942179749 4.120528456373621 4.116472970567493 4.112417484761366 4.108361998955238 4.10430651314911 4.100251027342983 4.096195541536855 4.092140055730728 4.0880845699246
4.15631631969421 4.15658862809767 4.156860936501129 4.157133244904589 4.157405553308049 4.157677861711509 4.157950170114968 4.158222478518428 4.158494786921888 4.158767095325348 4.159039403728808 4.159311712132268 4.1595840205357275 4.1598563289391866 4.1601286373426465 4.160400945746106 4.160673254149566 4.160945562553025 4.161217870956485 4.161490179359945 4.161762487763405 4.162034796166865 4.162307104570325 4.162579412973784 4.162851721377244 4.163124029780704 4.163396338184164 4.161566368977685 4.157489017449577 4.153411665921469 4.149334314393361 4.145256962865252 4.141179611337144 4.137102259809035 4.13302490828092 4.128947556752811 4.124870205224703 4.120792853696595 4.1167155021684865 4.112638150640378 4.1085607991122695 4.104483447584161 4.100406096056052 4.096328744527944 4.092251392999835
4.161246038816874 4.161503993589599 4.161761948362322 4.162019903135047 4.162277857907771 4.1625358126804946 4.162793767453219 4.163051722225943 4.163309676998668 4.163567631771392 4.163825586544116 4.16408354131684 4.164341496089564 4.164599450862288 4.164857405635012 4.165115360407737 4.16537331518046 4.165631269953185 4.165889224725909 4.1661471794986324 4.166405134271357 4.166663089044081 4.166921043816806 4.16717899858953 4.1674369533622535 4.167694908134978 4.167952862907702 4.166104909326597 4.162005692076507 4.157906474826418 4.153807257576329 4.14970804032624 4.1456088230761505 4.141509605826061 4.137410388575965 4.133311171325875 4.129211954075786 4.125112736825697 4.121013519575608 4.116914302325519 4.11281508507543 4.108715867825341 4.104616650575251 4.1005174333251615 4.096418216075072
4.166175757939536 4.166419359081525 4.166662960223514 4.166906561365502 4.1671501625074905 4.1673937636494784 4.167637364791467 4.167880965933456 4.168124567075445 4.168368168217433 4.168611769359422 4.168855370501411 4.169098971643399 4.1693425727853874 4.169586173927376 4.169829775069364 4.170073376211353 4.170316977353341 4.17056057849533 4.170804179637319 4.171047780779307 4.171291381921296 4.171534983063284 4.171778584205273 4.172022185347261 4.17226578648925 4.172509387631239 4.170643449675506 4.166522366703435 4.1624012837313655 4.158280200759295 4.154159117787225 4.1500380348151555 4.145916951843085 4.141795868871008 4.1376747858989384 4.133553702926868 4.129432619954798 4.125311536982728 4.121190454010658 4.117069371038588 4.112948288066518 4.108827205094448 4.104706122122377 4.100585039150308
4.171105477062199 4.171334724573452 4.171563972084705 4.1717932195959575 4.172022467107211 4.172251714618463 4.1724809621297165 4.172710209640969 4.172939457152222 4.173168704663476 4.173397952174728 4.173627199685981 4.173856447197234 4.174085694708487 4.17431494221974 4.174544189730993 4.174773437242246 4.1750026847534984 4.175231932264752 4.175461179776004 4.1756904272872575 4.175919674798511 4.176148922309763 4.1763781698210165 4.176607417332269 4.176836664843522 4.177065912354775 4.175181990024415 4.1710390413303635 4.166896092636312 4.162753143942262 4.158610195248211 4.15446724655416 4.150324297860109 4.146181349166051 4.142038400472 4.13789545177795 4.133752503083898 4.129609554389847 4.125466605695797 4.121323657001746 4.117180708307695 4.113037759613644 4.108894810919593 4.104751862225542
4.176035196184864 4.1762500900653805 4.176464983945898 4.176679877826415 4.176894771706933 4.17710966558745 4.1773245594679675 4.177539453348484 4.177754347229002 4.17796924110952 4.178184134990037 4.178399028870555 4.1786139227510715 4.178828816631589 4.179043710512106 4.179258604392624 4.179473498273141 4.1796883921536585 4.179903286034175 4.180118179914693 4.18033307379521 4.180547967675728 4.180762861556245 4.180977755436762 4.181192649317279 4.181407543197797 4.181622437078314 4.179720530373326 4.1755557159572945 4.171390901541263 4.167226087125231 4.163061272709199 4.158896458293167 4.154731643877136 4.150566829461097 4.146402015045065 4.142237200629033 4.138072386213001 4.1339075717969695 4.129742757380938 4.125577942964907 4.121413128548875 4.117248314132843 4.1130834997168115 4.10891868530078
4.1864318388468575 4.186679321904545 4.186926804962232 4.187174288019919 4.187421771077606 4.187669254135293 4.18791673719298 4.188164220250667 4.188411703308354 4.188659186366041 4.188906669423728 4.189154152481415 4.189401635539102 4.1896491185967895 4.1898966016544765 4.190144084712164 4.190391567769851 4.190639050827538 4.190886533885225 4.191134016942912 4.191381500000599 4.191628983058286 4.191876466115973 4.19212394917366 4.192371432231347 4.192618915289034 4.192866398346721 4.190936172512391 4.186677926609519 4.182419680706647 4.178161434803775 4.173903188900904 4.169644942998032 4.16538669709516 4.1611284511922815 4.15687020528941 4.152611959386538 4.148353713483666 4.144095467580795 4.139837221677922 4.135578975775051 4.131320729872179 4.127062483969308 4.122804238066435 4.118545992163564
4.202672278204816 4.203002529342627 4.203332780480438 4.203663031618249 4.20399328275606 4.204323533893871 4.204653785031681 4.204984036169492 4.205314287307304 4.205644538445115 4.205974789582925 4.206305040720736 4.206635291858547 4.2069655429963575 4.207295794134168 4.207626045271979 4.207956296409789 4.2082865475476 4.208616798685411 4.208947049823222 4.209277300961033 4.209607552098844 4.209937803236655 4.210268054374466 4.210598305512277 4.210928556650088 4.211258807787899 4.209289215622809 4.204861038941089 4.200432862259367 4.1960046855776465 4.191576508895925 4.187148332214203 4.182720155532483 4.178291978850754 4.173863802169032 4.169435625487312 4.16500744880559 4.160579272123869 4.156151095442148 4.151722918760426 4.147294742078706 4.142866565396984 4.138438388715263 4.134010212033542
4.218912717562783 4.219325736780718 4.219738755998652 4.2201517752165865 4.220564794434521 4.220977813652455 4.22139083287039 4.221803852088325 4.2222168713062596 4.222629890524194 4.223042909742129 4.223455928960063 4.223868948177998 4.224281967395933 4.224694986613867 4.225108005831801 4.225521025049736 4.225934044267671 4.226347063485605 4.22676008270354 4.227173101921474 4.227586121139409 4.227999140357344 4.228412159575279 4.228825178793213 4.2292381980111475 4.229651217229082 4.227642258733236 4.223044151272665 4.2184460438120945 4.213847936351524 4.209249828890953 4.204651721430383 4.200053613969812 4.195455506509234 4.190857399048663 4.186259291588092 4.181661184127521 4.1770630766669505 4.17246496920638 4.167866861745809 4.163268754285239 4.158670646824668 4.154072539364098 4.149474431903527
4.235153156920743 4.235648944218801 4.236144731516859 4.236640518814918 4.237136306112975 4.237632093411034 4.238127880709092 4.2386236680071505 4.239119455305209 4.239615242603268 4.240111029901326 4.240606817199384 4.241102604497442 4.241598391795501 4.2420941790935585 4.242589966391617 4.243085753689675 4.2435815409877335 4.244077328285791 4.24457311558385 4.245068902881908 4.245564690179967 4.246060477478025 4.246556264776084 4.2470520520741415 4.2475478393722 4.248043626670258 4.245995301843655 4.241227263604235 4.236459225364814 4.231691187125394 4.226923148885974 4.222155110646554 4.217387072407134 4.212619034167705 4.207850995928285 4.203082957688865 4.198314919449445 4.1935468812100245 4.1887788429706045 4.184010804731185 4.179242766491765 4.174474728252345 4.169706690012924 4.164938651773504
4.251393596278702 4.251972151656884 4.252550707035066 4.253129262413248 4.25370781779143 4.254286373169612 4.254864928547794 4.255443483925976 4.256022039304159 4.25660059468234 4.257179150060523 4.257757705438705 4.258336260816886 4.258914816195069 4.25949337157325 4.260071926951432 4.2606504823296145 4.261229037707796 4.261807593085979 4.26238614846416 4.262964703842342 4.263543259220525 4.264121814598707 4.264700369976889 4.265278925355071 4.265857480733253 4.266436036111435 4.264348344954073 4.259410375935804 4.254472406917534 4.249534437899265 4.244596468880995 4.239658499862726 4.234720530844456 4.229782561826178 4.224844592807909 4.219906623789639 4.214968654771369 4.2100306857531 4.20509271673483 4.200154747716561 4.195216778698291 4.190278809680022 4.185340840661752 4.180402871643483
4.26763403563667 4.268295359094975 4.268956682553281 4.269618006011586 4.270279329469892 4.270940652928197 4.271601976386504 4.272263299844809 4.2729246233031155 4.273585946761421 4.274247270219727 4.274908593678033 4.275569917136338 4.276231240594644 4.276892564052949 4.277553887511256 4.278215210969561 4.278876534427867 4.279537857886172 4.280199181344478 4.280860504802784 4.2815218282610905 4.282183151719396 4.2828444751777015 4.283505798636008 4.284167122094313 4.284828445552619 4.2827013880645 4.277593488267381 4.2724855884702615 4.267377688673142 4.262269788876024 4.257161889078905 4.2520539892817855 4.246946089484657 4.241838189687538 4.23673028989042 4.2316223900933005 4.226514490296181 4.221406590499062 4.216298690701943 4.211190790904824 4.206082891107705 4.200974991310586 4.195867091513467
4.2838744749946285 4.284618566533058 4.285362658071487 4.2861067496099166 4.286850841148346 4.287594932686775 4.288339024225205 4.289083115763634 4.289827207302065 4.2905712988404945 4.291315390378924 4.292059481917353 4.292803573455783 4.293547664994212 4.294291756532641 4.295035848071071 4.2957799396095 4.296524031147929 4.297268122686359 4.298012214224788 4.298756305763217 4.299500397301648 4.300244488840077 4.300988580378506 4.301732671916936 4.302476763455365 4.3032208549937945 4.301054431174919 4.29577660059895 4.290498770022981 4.285220939447012 4.279943108871044 4.274665278295076 4.269387447719107 4.26410961714313 4.258831786567161 4.253553955991193 4.248276125415225 4.242998294839255 4.237720464263287 4.232442633687318 4.22716480311135 4.221886972535382 4.216609141959413 4.211331311383445
4.300114914352589 4.300941773971141 4.3017686335896945 4.302595493208248 4.303422352826801 4.304249212445354 4.305076072063907 4.30590293168246 4.306729791301015 4.307556650919568 4.308383510538121 4.3092103701566735 4.310037229775227 4.31086408939378 4.311690949012333 4.312517808630886 4.31334466824944 4.314171527867992 4.314998387486545 4.315825247105098 4.316652106723652 4.317478966342206 4.318305825960759 4.319132685579312 4.319959545197865 4.320786404816419 4.321613264434972 4.319407474285337 4.31395971293052 4.308511951575702 4.3030641902208835 4.297616428866066 4.292168667511247 4.28672090615643 4.281273144801602 4.275825383446785 4.270377622091966 4.264929860737149 4.259482099382331 4.2540343380275125 4.248586576672695 4.243138815317876 4.237691053963059 4.232243292608241 4.226795531253423
4.316355353710548 4.317264981409225 4.318174609107901 4.319084236806578 4.319993864505255 4.320903492203931 4.321813119902608 4.3227227476012855 4.3236323752999635 4.3245420029986406 4.325451630697318 4.326361258395994 4.327270886094671 4.328180513793348 4.329090141492024 4.329999769190701 4.330909396889378 4.331819024588055 4.332728652286732 4.333638279985409 4.334547907684085 4.335457535382764 4.33636716308144 4.337276790780117 4.338186418478794 4.33909604617747 4.340005673876147 4.337760517395756 4.332142825262088 4.326525133128421 4.320907440994754 4.315289748861086 4.309672056727419 4.3040543645937515 4.298436672460074 4.292818980326407 4.2872012881927395 4.281583596059072 4.275965903925405 4.270348211791737 4.26473051965807 4.259112827524403 4.253495135390735 4.247877443257067 4.242259751123401
4.332595793068514 4.3335881888473144 4.334580584626115 4.3355729804049155 4.336565376183716 4.3375577719625165 4.338550167741317 4.3395425635201175 4.34053495929892 4.34152735507772 4.342519750856521 4.343512146635321 4.344504542414122 4.345496938192923 4.346489333971723 4.347481729750524 4.348474125529324 4.349466521308125 4.350458917086925 4.351451312865726 4.352443708644526 4.353436104423329 4.354428500202129 4.35542089598093 4.35641329175973 4.357405687538531 4.358398083317331 4.3561135605061825 4.350325937593666 4.344538314681148 4.338750691768631 4.332963068856114 4.327175445943597 4.32138782303108 4.315600200118554 4.309812577206037 4.30402495429352 4.298237331381003 4.292449708468486 4.286662085555969 4.280874462643452 4.275086839730935 4.2692992168184185 4.263511593905902 4.257723970993385
4.348836232426474 4.349911396285399 4.350986560144323 4.352061724003247 4.353136887862171 4.354212051721095 4.355287215580019 4.356362379438943 4.35743754329787 4.358512707156794 4.359587871015718 4.3606630348746425 4.361738198733566 4.36281336259249 4.363888526451415 4.364963690310339 4.366038854169263 4.367114018028188 4.368189181887112 4.369264345746036 4.37033950960496 4.371414673463886 4.37248983732281 4.373565001181735 4.374640165040659 4.375715328899583 4.3767904927585075 4.3744666036166 4.368509049925234 4.362551496233868 4.356593942542501 4.350636388851135 4.344678835159769 4.338721281468403 4.332763727777026 4.32680617408566 4.320848620394293 4.314891066702927 4.308933513011561 4.302975959320194 4.297018405628828 4.291060851937462 4.285103298246096 4.279145744554729 4.273188190863363
4.365076671784434 4.366234603723481 4.367392535662529 4.368550467601577 4.369708399540626 4.370866331479673 4.372024263418721 4.373182195357769 4.374340127296819 4.375498059235867 4.376655991174915 4.377813923113963 4.378971855053011 4.380129786992058 4.381287718931107 4.382445650870155 4.383603582809203 4.38476151474825 4.385919446687298 4.387077378626346 4.388235310565395 4.389393242504444 4.390551174443492 4.39170910638254 4.392867038321588 4.394024970260636 4.395182902199684 4.39281964672702 4.386692162256804 4.380564677786588 4.374437193316372 4.368309708846157 4.362182224375941 4.356054739905725 4.349927255435499 4.343799770965283 4.337672286495067 4.331544802024851 4.325417317554636 4.31928983308442 4.313162348614204 4.307034864143988 4.300907379673773 4.294779895203557 4.288652410733341
