Figures/CREST_Example_wjb_NSE/PETs/wjb.pet.20100406.asc
ncols            288
nrows            254
xllcorner        113.274861
yllcorner        31.4918055
cellsize         0.008333333333
NODATA_value     -9999
[rows 100 to 119 of 254, columns 88 to 131 of 288]
2.078905170212844 2.077050959019602 2.0751967478263595 2.073342536633114 2.0714883254398724 2.06963411424663 2.067779903053388 2.0659256918601456 2.0640714806669034 2.062217269473661 2.060363058280419 2.058508847087177 2.056654635893935 2.0548004247006926 2.0525391027519992 2.0498425702004677 2.047146037648931 2.044449505097399 2.041752972545867 2.0390564399943356 2.0363599074428036 2.0336633748912716 2.03096684233974 2.028270309788208 2.025573777236676 2.0228772446851444 2.0201807121336124 2.0174841795820804 2.014787647030549 2.0120911144790123 2.0093945819274803 2.0066980493759483 2.0040015168244167 2.0013049842728847 1.998608451721353 1.9959119191698211 1.9932153866182891 1.9905188540667573 1.9878223215152255 1.9851257889636935 1.9824292564121617 1.97973272386063 1.9770361913090935 1.9743396587575615
2.074974736949245 2.073132054697261 2.071289372445278 2.0694466901932915 2.0676040079413083 2.065761325689325 2.0639186434373418 2.0620759611853585 2.0602332789333753 2.058390596681392 2.0565479144294088 2.0547052321774255 2.0528625499254423 2.051019867673459 2.0487318050112826 2.045967620620026 2.0432034362287648 2.040439251837508 2.037675067446251 2.0349108830549945 2.0321466986637375 2.0293825142724806 2.026618329881224 2.0238541454899672 2.0210899610987108 2.018325776707454 2.015561592316197 2.0127974079249404 2.0100332235336835 2.007269039142422 2.0045048547511652 2.0017406703599088 1.9989764859686519 1.9962123015773952 1.9934481171861382 1.9906839327948815 1.9879197484036248 1.9851555640123681 1.9823913796211112 1.9796271952298545 1.9768630108385978 1.9740988264473411 1.9713346420560796 1.9685704576648229
2.071044303685645 2.069213150374921 2.0673819970641967 2.0655508437534693 2.0637196904427446 2.0618885371320204 2.060057383821296 2.058226230510572 2.056395077199847 2.054563923889123 2.0527327705783986 2.050901617267674 2.0490704639569497 2.0472393106462254 2.0449245072705664 2.0420926710395846 2.0392608348085983 2.0364289985776165 2.0335971623466347 2.0307653261156533 2.0279334898846715 2.02510165365369 2.0222698174227083 2.019437981191727 2.016606144960745 2.0137743087297633 2.010942472498782 2.0081106362678 2.0052788000368187 2.002446963805832 1.9996151275748504 1.9967832913438688 1.9939514551128872 1.9911196188819056 1.988287782650924 1.9854559464199424 1.9826241101889606 1.979792273957979 1.9769604377269974 1.9741286014960158 1.9712967652650342 1.9684649290340526 1.965633092803066 1.9628012565720845
2.0671138704220464 2.0652942460525807 2.0634746216831155 2.0616549973136467 2.0598353729441814 2.058015748574716 2.0561961242052504 2.054376499835785 2.0525568754663195 2.0507372510968542 2.0489176267273885 2.0470980023579233 2.0452783779884576 2.0434587536189923 2.04111720952985 2.0382177214591435 2.035318233388432 2.0324187453177256 2.029519257247019 2.0266197691763126 2.023720281105606 2.0208207930348996 2.017921304964193 2.015021816893486 2.01212232882278 2.009222840752073 2.006323352681367 2.00342386461066 2.000524376539954 1.9976248884692422 1.9947254003985355 1.991825912327829 1.9889264242571225 1.986026936186416 1.9831274481157095 1.980227960045003 1.9773284719742965 1.9744289839035898 1.9715294958328833 1.9686300077621768 1.9657305196914703 1.9628310316207638 1.9599315435500522 1.9570320554793457
2.0631834371584468 2.0613753417302405 2.059567246302034 2.0577591508738244 2.0559510554456177 2.054142960017411 2.0523348645892048 2.050526769160998 2.0487186737327914 2.046910578304585 2.0451024828763784 2.0432943874481717 2.0414862920199655 2.0396781965917588 2.0373099117891336 2.034342771878702 2.0313756319682654 2.0284084920578342 2.0254413521474026 2.0224742122369714 2.01950707232654 2.0165399324161086 2.013572792505677 2.010605652595246 2.007638512684814 2.004671372774383 2.0017042328639514 1.99873709295352 1.9957699530430886 1.992802813132652 1.9898356732222207 1.9868685333117893 1.9839013934013578 1.9809342534909264 1.9779671135804948 1.9749999736700634 1.972032833759632 1.9690656938492006 1.9660985539387692 1.9631314140283378 1.9601642741179064 1.957197134207475 1.9542299942970385 1.951262854386607
2.0592530038948444 2.0574564374078967 2.055659870920949 2.0538633044339982 2.052066737947051 2.0502701714601033 2.0484736049731556 2.046677038486208 2.04488047199926 2.0430839055123124 2.041287339025365 2.0394907725384175 2.03769420605147 2.035897639564522 2.033502614048414 2.0304678222982573 2.027433030548096 2.0243982387979393 2.0213634470477833 2.0183286552976267 2.0152938635474706 2.012259071797314 2.0092242800471576 2.0061894882970015 2.003154696546845 2.0001199047966884 1.9970851130465321 1.9940503212963758 1.9910155295462195 1.9879807377960579 1.9849459460459016 1.981911154295745 1.9788763625455887 1.9758415707954324 1.9728067790452761 1.9697719872951196 1.9667371955449633 1.963702403794807 1.9606676120446505 1.9576328202944941 1.9545980285443378 1.9515632367941813 1.94852844504402 1.9454936532938634
2.055322570631245 2.053537533085556 2.0517524955398674 2.0499674579941756 2.048182420448487 2.046397382902798 2.0446123453571095 2.0428273078114207 2.041042270265732 2.0392572327200433 2.0374721951743546 2.035687157628666 2.033902120082977 2.0321170825372885 2.029695316307697 2.026592872717816 2.0234904291279294 2.0203879855380484 2.017285541948167 2.0141830983582856 2.0110806547684046 2.007978211178523 2.004875767588642 2.0017733239987607 1.9986708804088795 1.995568436818998 1.9924659932291169 1.9893635496392357 1.9862611060493545 1.983158662459468 1.9800562188695867 1.9769537752797053 1.973851331689824 1.9707488880999429 1.9676464445100617 1.9645440009201804 1.961441557330299 1.9583391137404178 1.9552366701505366 1.9521342265606554 1.9490317829707742 1.9459293393808927 1.9428268957910062 1.939724452201125
2.0513921373676456 2.049618628763216 2.0478451201587857 2.046071611554353 2.044298102949923 2.0425245943454935 2.040751085741064 2.038977577136634 2.037204068532204 2.035430559927774 2.0336570513233445 2.031883542718915 2.030110034114485 2.028336525510055 2.0258880185669805 2.0227179231373746 2.019547827707763 2.016377732278157 2.0132076368485508 2.0100375414189444 2.0068674459893385 2.003697350559732 2.0005272551301263 1.99735715970052 1.9941870642709139 1.9910169688413077 1.9878468734117016 1.9846767779820955 1.9815066825524894 1.9783365871228777 1.9751664916932716 1.9719963962636655 1.9688263008340594 1.965656205404453 1.962486109974847 1.9593160145452408 1.9561459191156347 1.9529758236860286 1.9498057282564225 1.9466356328268164 1.94346553739721 1.940295441967604 1.9371253465379925 1.9339552511083864
2.0474617041040464 2.0456997244408752 2.0439377447777045 2.0421757651145307 2.0404137854513595 2.038651805788189 2.0368898261250177 2.035127846461847 2.0333658667986763 2.031603887135505 2.0298419074723344 2.0280799278091632 2.0263179481459925 2.024555968482822 2.0220807208262643 2.018842973556933 2.0156052262875965 2.0123674790182657 2.0091297317489345 2.0058919844796037 2.0026542372102725 1.9994164899409415 1.9961787426716104 1.9929409954022794 1.9897032481329484 1.9864655008636174 1.9832277535942864 1.9799900063249554 1.9767522590556244 1.9735145117862878 1.9702767645169568 1.9670390172476258 1.9638012699782947 1.9605635227089637 1.9573257754396327 1.9540880281703017 1.9508502809009705 1.9476125336316394 1.9443747863623084 1.9411370390929774 1.9378992918236464 1.9346615445543154 1.9314237972849788 1.9281860500156478
2.043531270840447 2.041780820118535 2.0400303693966233 2.038279918674708 2.0365294679527963 2.034779017230884 2.0330285665089725 2.0312781157870603 2.0295276650651486 2.0277772143432364 2.0260267636213243 2.0242763128994126 2.0225258621775004 2.0207754114555887 2.018273423085548 2.014968023976492 2.0116626248674305 2.008357225758375 2.0050518266493187 2.001746427540263 1.9984410284312069 1.995135629322151 1.991830230213095 1.988524831104039 1.9852194319949832 1.9819140328859273 1.9786086337768714 1.9753032346678154 1.9719978355587595 1.9686924364496978 1.965387037340642 1.962081638231586 1.95877623912253 1.9554708400134742 1.9521654409044182 1.9488600417953623 1.9455546426863064 1.9422492435772505 1.9389438444681946 1.9356384453591384 1.9323330462500825 1.9290276471410266 1.9257222480319651 1.9224168489229092
2.039600837576848 2.037861915796195 2.0361229940155416 2.034384072234886 2.0326451504542327 2.0309062286735795 2.0291673068929263 2.027428385112273 2.0256894633316205 2.0239505415509673 2.022211619770314 2.020472697989661 2.0187337762090083 2.016994854428355 2.0144661253448315 2.011093074396051 2.007720023447264 2.0043469724984835 2.0009739215497024 1.9976008706009216 1.9942278196521408 1.99085476870336 1.9874817177545794 1.9841086668057986 1.9807356158570177 1.977362564908237 1.973989513959456 1.9706164630106753 1.9672434120618945 1.9638703611131079 1.960497310164327 1.9571242592155462 1.9537512082667654 1.9503781573179846 1.9470051063692038 1.943632055420423 1.9402590044716421 1.9368859535228613 1.9335129025740805 1.9301398516252997 1.9267668006765188 1.923393749727738 1.9200206987789514 1.9166476478301706
2.035670404313245 2.033943011473851 2.032215618634457 2.0304882257950596 2.0287608329556654 2.0270334401162713 2.025306047276877 2.023578654437483 2.021851261598089 2.020123868758695 2.018396475919301 2.0166690830799068 2.0149416902405126 2.0132142974011185 2.0106588276041117 2.0072181248156062 2.0037774220270945 2.0003367192385886 1.9968960164500829 1.9934553136615771 1.9900146108730714 1.9865739080845657 1.98313320529606 1.979692502507554 1.9762517997190483 1.9728110969305426 1.9693703941420369 1.9659296913535311 1.9624889885650254 1.9590482857765137 1.955607582988008 1.9521668801995022 1.9487261774109963 1.9452854746224906 1.9418447718339849 1.9384040690454791 1.9349633662569734 1.9315226634684677 1.9280819606799617 1.924641257891456 1.9212005551029503 1.9177598523144446 1.9143191495259329 1.9108784467374271
2.0317399710496455 2.0300241071515104 2.028308243253375 2.026592379355237 2.024876515457102 2.0231606515589666 2.0214447876608315 2.0197289237626963 2.018013059864561 2.0162971959664255 2.0145813320682904 2.012865468170155 2.01114960427202 2.009433740373885 2.006851529863395 2.0033431752351647 1.999834820606928 1.9963264659786975 1.9928181113504666 1.989309756722236 1.9858014020940054 1.9822930474657747 1.978784692837544 1.9752763382093135 1.9717679835810829 1.9682596289528522 1.9647512743246214 1.9612429196963908 1.9577345650681601 1.9542262104399235 1.9507178558116929 1.9472095011834623 1.9437011465552316 1.940192791927001 1.9366844372987704 1.9331760826705398 1.929667728042309 1.9261593734140783 1.9226510187858477 1.919142664157617 1.9156343095293864 1.9121259549011558 1.9086176002729192 1.9051092456446885
2.0278095377860463 2.02610520282917 2.0244008678722936 2.0226965329154147 2.020992197958538 2.019287863001662 2.0175835280447854 2.015879193087909 2.014174858131033 2.0124705231741564 2.0107661882172803 2.009061853260404 2.0073575183035275 2.0056531833466513 2.003044232122679 1.9994682256547232 1.9958922191867616 1.992316212718806 1.9887402062508506 1.985164199782895 1.9815881933149395 1.978012186846984 1.9744361803790285 1.970860173911073 1.9672841674431174 1.9637081609751619 1.9601321545072063 1.9565561480392506 1.952980141571295 1.9494041351033335 1.945828128635378 1.9422521221674225 1.938676115699467 1.9351001092315114 1.931524102763556 1.9279480962956004 1.9243720898276448 1.9207960833596893 1.9172200768917338 1.9136440704237783 1.9100680639558227 1.9064920574878672 1.9029160510199055 1.89934004455195
2.023879104522447 2.0221862985068295 2.0204934924912124 2.018800686475592 2.0171078804599745 2.0154150744443573 2.0137222684287397 2.012029462413122 2.010336656397505 2.0086438503818873 2.00695104436627 2.0052582383506525 2.0035654323350354 2.0018726263194178 1.9992369343819623 1.9955932760742818 1.9919496177665952 1.9883059594589148 1.9846623011512343 1.981018642843554 1.9773749845358735 1.973731326228193 1.9700876679205126 1.9664440096128322 1.9628003513051517 1.9591566929974713 1.9555130346897909 1.9518693763821104 1.94822571807443 1.9445820597667434 1.940938401459063 1.9372947431513825 1.933651084843702 1.9300074265360216 1.9263637682283412 1.922720109920661 1.9190764516129803 1.9154327933053001 1.9117891349976197 1.9081454766899393 1.9045018183822588 1.9008581600745784 1.8972145017668918 1.8935708434592113
2.019948671258848 2.0182673941844893 2.0165861171101307 2.0149048400357694 2.013223562961411 2.0115422858870526 2.009861008812694 2.0081797317383354 2.006498454663977 2.0048171775896186 2.00313590051526 2.0014546234409014 1.999773346366543 1.9980920692921844 1.9954296366412458 1.9917183264938405 1.988007016346429 1.9842957061990236 1.9805843960516183 1.976873085904213 1.9731617757568076 1.9694504656094023 1.965739155461997 1.9620278453145916 1.9583165351671863 1.954605225019781 1.9508939148723756 1.9471826047249703 1.943471294577565 1.9397599844301534 1.936048674282748 1.9323373641353427 1.9286260539879374 1.924914743840532 1.9212034336931267 1.9174921235457214 1.913780813398316 1.9100695032509107 1.9063581931035056 1.9026468829561003 1.898935572808695 1.8952242626612896 1.8915129525138779 1.8878016423664725
2.0160182379952483 2.0143484898621487 2.012678741729049 2.0110089935959468 2.009339245462847 2.0076694973297475 2.005999749196648 2.0043300010635483 2.0026602529304487 2.000990504797349 1.9993207566642497 1.99765100853115 1.9959812603980505 1.994311512264951 1.9916223389005292 1.9878433769133992 1.9840644149262625 1.9802854529391323 1.976506490952002 1.9727275289648718 1.9689485669777416 1.9651696049906113 1.9613906430034813 1.957611681016351 1.9538327190292208 1.9500537570420906 1.9462747950549604 1.9424958330678301 1.9387168710807001 1.9349379090935634 1.9311589471064332 1.927379985119303 1.9236010231321727 1.9198220611450425 1.9160430991579125 1.9122641371707823 1.908485175183652 1.9047062131965218 1.9009272512093915 1.8971482892222613 1.8933693272351313 1.889590365248001 1.8858114032608644 1.8820324412737341
2.012087804731649 2.0104295855398084 2.008771366347968 2.0071131471561245 2.0054549279642835 2.003796708772443 2.0021384895806023 2.0004802703887616 1.998822051196921 1.9971638320050804 1.9955056128132396 1.993847393621399 1.9921891744295583 1.9905309552377177 1.987815041159813 1.9839684273329579 1.9801218135060963 1.9762751996792411 1.972428585852386 1.9685819720255309 1.9647353581986757 1.9608887443718208 1.9570421305449657 1.9531955167181105 1.9493489028912554 1.9455022890644003 1.9416556752375451 1.9378090614106902 1.933962447583835 1.9301158337569735 1.9262692199301183 1.9224226061032632 1.918575992276408 1.914729378449553 1.9108827646226978 1.9070361507958429 1.9031895369689877 1.8993429231421326 1.8954963093152775 1.8916496954884223 1.8878030816615674 1.8839564678347123 1.8801098540078505 1.8762632401809956
2.0073125999504673 2.0056125884220166 2.003912576893566 2.002212565365112 2.0005125538366615 1.9988125423082106 1.9971125307797597 1.995412519251309 1.9937125077228584 1.9920124961944075 1.9903124846659568 1.9886124731375059 1.9869124616090552 1.9852124500806043 1.9824392989823463 1.9785189374189935 1.974598575855634 1.9706782142922812 1.9667578527289282 1.9628374911655755 1.9589171296022225 1.9549967680388698 1.9510764064755168 1.947156044912164 1.9432356833488114 1.9393153217854584 1.9353949602221057 1.9314745986587527 1.9275542370954 1.9236338755320403 1.9197135139686876 1.9157931524053347 1.911872790841982 1.907952429278629 1.9040320677152762 1.9001117061519235 1.8961913445885705 1.8922709830252178 1.8883506214618648 1.884430259898512 1.8805098983351591 1.8765895367718064 1.8726691752084468 1.868748813645094
2.0016343876740152 1.999835586724451 1.9980367857748873 1.9962379848253202 1.9944391838757562 1.9926403829261923 1.9908415819766285 1.9890427810270646 1.9872439800775006 1.9854451791279366 1.9836463781783726 1.9818475772288087 1.980048776279245 1.978249975329681 1.9753869885816069 1.9713863631524104 1.9673857377232074 1.963385112294011 1.9593844868648145 1.9553838614356183 1.9513832360064218 1.9473826105772254 1.943381985148029 1.9393813597188327 1.9353807342896363 1.9313801088604399 1.9273794834312437 1.9233788580020472 1.9193782325728508 1.9153776071436477 1.9113769817144513 1.9073763562852548 1.9033757308560584 1.8993751054268622 1.8953744799976657 1.8913738545684693 1.8873732291392729 1.8833726037100766 1.8793719782808802 1.8753713528516838 1.8713707274224873 1.8673701019932911 1.8633694765640878 1.8593688511348914
