Figures/CREST_Example_wjb_NSE/PETs/wjb.pet.20101228.asc
ncols            288
nrows            254
xllcorner        113.274861
yllcorner        31.4918055
cellsize         0.008333333333
NODATA_value     -9999
[rows 152 to 170 of 254, columns 176 to 219 of 288]
0.7220289610814455 0.7218376755066719 0.7216463899318983 0.7214551043571247 0.721263818782351 0.7210725332075774 0.7208812476328035 0.7206899620580298 0.7204986764832562 0.7203073909084825 0.7201161053337088 0.7199248197589353 0.7197335341841616 0.719542248609388 0.7193509630346143 0.7191596774598407 0.7188830877225151 0.7185153059052776 0.71814752408804 0.7177797422708018 0.7174119604535643 0.7170441786363266 0.7166763968190891 0.7163086150018515 0.715940833184614 0.7155730513673765 0.7152052695501389 0.7148374877329013 0.7144697059156637 0.7141019240984262 0.7137341422811886 0.7133663604639511 0.7129985786467129 0.7126307968294754 0.7122630150122378 0.7118952331950003 0.7115274513777626 0.7111596695605251 0.7107918877432875 0.71042410592605 0.7100563241088125 0.7096885422915749 0.7093207604743373 0.7089529786570997
0.7215474984976435 0.7213439123768447 0.7211403262560457 0.7209367401352469 0.7207331540144479 0.7205295678936491 0.7203259817728498 0.7201223956520508 0.719918809531252 0.719715223410453 0.7195116372896542 0.7193080511688552 0.7191044650480564 0.7189008789272574 0.7186972928064586 0.7184937066856596 0.7182133473568952 0.7178509157316983 0.7174884841065016 0.7171260524813041 0.7167636208561072 0.7164011892309105 0.7160387576057136 0.7156763259805168 0.71531389435532 0.7149514627301231 0.7145890311049263 0.7142265994797294 0.7138641678545327 0.7135017362293358 0.713139304604139 0.7127768729789422 0.7124144413537448 0.7120520097285479 0.7116895781033511 0.7113271464781542 0.7109647148529574 0.7106022832277606 0.7102398516025638 0.709877419977367 0.7095149883521701 0.7091525567269733 0.7087901251017764 0.7084276934765796
0.7210660359138416 0.7208501492470174 0.7206342625801931 0.720418375913369 0.7202024892465448 0.7199866025797207 0.7197707159128961 0.719554829246072 0.7193389425792478 0.7191230559124235 0.7189071692455994 0.7186912825787752 0.7184753959119511 0.7182595092451268 0.7180436225783027 0.7178277359114785 0.7175436069912753 0.7171865255581192 0.7168294441249631 0.7164723626918064 0.7161152812586503 0.7157581998254942 0.7154011183923381 0.715044036959182 0.7146869555260259 0.7143298740928697 0.7139727926597137 0.7136157112265576 0.7132586297934015 0.7129015483602454 0.7125444669270893 0.7121873854939332 0.7118303040607765 0.7114732226276204 0.7111161411944643 0.7107590597613082 0.7104019783281521 0.710044896894996 0.7096878154618399 0.7093307340286839 0.7089736525955277 0.7086165711623716 0.7082594897292155 0.7079024082960594
0.7205845733300396 0.7203563861171901 0.7201281989043407 0.7199000116914912 0.7196718244786416 0.7194436372657922 0.7192154500529424 0.718987262840093 0.7187590756272435 0.718530888414394 0.7183027012015446 0.7180745139886952 0.7178463267758457 0.7176181395629962 0.7173899523501467 0.7171617651372972 0.7168738666256553 0.7165221353845399 0.7161704041434246 0.7158186729023086 0.7154669416611933 0.7151152104200779 0.7147634791789625 0.7144117479378471 0.7140600166967318 0.7137082854556164 0.7133565542145011 0.7130048229733857 0.7126530917322703 0.712301360491155 0.7119496292500396 0.7115978980089243 0.7112461667678083 0.710894435526693 0.7105427042855775 0.7101909730444622 0.7098392418033468 0.7094875105622315 0.709135779321116 0.7087840480800007 0.7084323168388854 0.70808058559777 0.7077288543566547 0.7073771231155392
0.7201031107462375 0.7198626229873628 0.7196221352284881 0.7193816474696133 0.7191411597107386 0.7189006719518638 0.7186601841929887 0.718419696434114 0.7181792086752392 0.7179387209163646 0.7176982331574898 0.7174577453986151 0.7172172576397403 0.7169767698808657 0.7167362821219909 0.7164957943631162 0.7162041262600354 0.7158577452109608 0.7155113641618861 0.7151649831128108 0.7148186020637363 0.7144722210146617 0.714125839965587 0.7137794589165124 0.7134330778674377 0.7130866968183631 0.7127403157692884 0.7123939347202138 0.7120475536711391 0.7117011726220646 0.7113547915729899 0.7110084105239153 0.71066202947484 0.7103156484257654 0.7099692673766907 0.7096228863276162 0.7092765052785415 0.7089301242294669 0.7085837431803922 0.7082373621313176 0.7078909810822429 0.7075446000331683 0.7071982189840937 0.706851837935019
0.7196216481624351 0.7193688598575351 0.7191160715526351 0.7188632832477351 0.7186104949428351 0.7183577066379351 0.7181049183330346 0.7178521300281346 0.7175993417232346 0.7173465534183346 0.7170937651134346 0.7168409768085345 0.7165881885036346 0.7163354001987345 0.7160826118938345 0.7158298235889345 0.715534385894415 0.715193355037381 0.7148523241803472 0.7145112933233126 0.7141702624662788 0.7138292316092448 0.713488200752211 0.7131471698951771 0.7128061390381432 0.7124651081811093 0.7121240773240753 0.7117830464670415 0.7114420156100075 0.7111009847529737 0.7107599538959398 0.7104189230389059 0.7100778921818713 0.7097368613248375 0.7093958304678036 0.7090547996107697 0.7087137687537358 0.7083727378967019 0.708031707039668 0.707690676182634 0.7073496453256002 0.7070086144685663 0.7066675836115324 0.7063265527544985
0.7191401855786331 0.7188750967277078 0.7186100078767825 0.7183449190258573 0.7180798301749319 0.7178147413240067 0.717549652473081 0.7172845636221556 0.7170194747712304 0.7167543859203052 0.7164892970693798 0.7162242082184546 0.7159591193675292 0.715694030516604 0.7154289416656787 0.7151638528147534 0.714864645528795 0.7145289648638019 0.7141932841988087 0.713857603533815 0.7135219228688218 0.7131862422038286 0.7128505615388354 0.7125148808738423 0.7121792002088491 0.7118435195438559 0.7115078388788627 0.7111721582138696 0.7108364775488765 0.7105007968838832 0.7101651162188901 0.7098294355538969 0.7094937548889032 0.70915807422391 0.7088223935589169 0.7084867128939236 0.7081510322289305 0.7078153515639373 0.7074796708989441 0.7071439902339509 0.7068083095689578 0.7064726289039646 0.7061369482389714 0.7058012675739782
0.7186587229948311 0.7183813335978806 0.71810394420093 0.7178265548039795 0.7175491654070288 0.7172717760100783 0.7169943866131273 0.7167169972161768 0.7164396078192262 0.7161622184222757 0.7158848290253251 0.7156074396283746 0.7153300502314239 0.7150526608344734 0.7147752714375228 0.7144978820405723 0.7141949051631752 0.7138645746902227 0.7135342442172703 0.7132039137443172 0.7128735832713649 0.7125432527984124 0.71221292232546 0.7118825918525075 0.7115522613795551 0.7112219309066027 0.7108916004336502 0.7105612699606978 0.7102309394877453 0.7099006090147929 0.7095702785418404 0.709239948068888 0.708909617595935 0.7085792871229826 0.7082489566500301 0.7079186261770777 0.7075882957041252 0.7072579652311728 0.7069276347582203 0.7065973042852679 0.7062669738123155 0.705936643339363 0.7056063128664106 0.7052759823934581
0.718177260411029 0.7178875704680533 0.7175978805250774 0.7173081905821016 0.7170185006391258 0.7167288106961499 0.7164391207531736 0.7161494308101978 0.7158597408672219 0.7155700509242462 0.7152803609812703 0.7149906710382945 0.7147009810953187 0.7144112911523428 0.7141216012093671 0.7138319112663912 0.7135251647975552 0.7132001845166436 0.7128752042357318 0.7125502239548196 0.7122252436739078 0.7119002633929962 0.7115752831120844 0.7112503028311727 0.710925322550261 0.7106003422693493 0.7102753619884375 0.7099503817075259 0.7096254014266141 0.7093004211457025 0.7089754408647907 0.708650460583879 0.7083254803029667 0.7080005000220551 0.7076755197411433 0.7073505394602316 0.7070255591793199 0.7067005788984082 0.7063755986174964 0.7060506183365848 0.705725638055673 0.7054006577747614 0.7050756774938496 0.7047506972129379
0.7176957978272271 0.717393807338226 0.717091816849225 0.7167898263602238 0.7164878358712227 0.7161858453822216 0.71588385489322 0.7155818644042189 0.7152798739152177 0.7149778834262167 0.7146758929372156 0.7143739024482145 0.7140719119592134 0.7137699214702123 0.7134679309812112 0.71316594049221 0.7128554244319354 0.7125357943430644 0.7122161642541934 0.7118965341653218 0.7115769040764509 0.7112572739875799 0.710937643898709 0.7106180138098379 0.710298383720967 0.709978753632096 0.709659123543225 0.709339493454354 0.7090198633654831 0.7087002332766121 0.7083806031877411 0.7080609730988702 0.7077413430099986 0.7074217129211277 0.7071020828322566 0.7067824527433857 0.7064628226545147 0.7061431925656437 0.7058235624767727 0.7055039323879018 0.7051843022990307 0.7048646722101598 0.7045450421212888 0.7042254120324178
0.717214335243425 0.7169000442083987 0.7165857531733724 0.7162714621383459 0.7159571711033196 0.7156428800682932 0.7153285890332663 0.7150142979982399 0.7147000069632136 0.7143857159281872 0.7140714248931609 0.7137571338581344 0.7134428428231081 0.7131285517880818 0.7128142607530553 0.712499969718029 0.7121856840663154 0.7118714041694852 0.7115571242726549 0.7112428443758242 0.7109285644789939 0.7106142845821637 0.7103000046853334 0.7099857247885032 0.7096714448916729 0.7093571649948427 0.7090428850980124 0.7087286052011822 0.7084143253043519 0.7081000454075217 0.7077857655106914 0.7074714856138612 0.7071572057170303 0.7068429258202001 0.7065286459233698 0.7062143660265396 0.7059000861297093 0.7055858062328791 0.7052715263360488 0.7049572464392186 0.7046429665423883 0.704328686645558 0.7040144067487278 0.7037001268518975
0.7167328726596227 0.716406281078571 0.7160796894975193 0.7157530979164677 0.715426506335416 0.7150999147543644 0.7147733231733121 0.7144467315922605 0.7141201400112088 0.7137935484301572 0.7134669568491055 0.7131403652680539 0.7128137736870022 0.7124871821059505 0.7121605905248989 0.7118339989438472 0.7115159437006949 0.7112070139959054 0.7108980842911159 0.7105891545863259 0.7102802248815363 0.7099712951767468 0.7096623654719573 0.7093534357671678 0.7090445060623782 0.7087355763575888 0.7084266466527993 0.7081177169480097 0.7078087872432203 0.7074998575384307 0.7071909278336412 0.7068819981288517 0.7065730684240616 0.7062641387192722 0.7059552090144826 0.7056462793096931 0.7053373496049036 0.7050284199001141 0.7047194901953245 0.7044105604905351 0.7041016307857455 0.703792701080956 0.7034837713761665 0.703174841671377
0.7162514100758206 0.7159125179487437 0.7155736258216667 0.7152347336945898 0.714895841567513 0.714556949440436 0.7142180573133585 0.7138791651862816 0.7135402730592046 0.7132013809321277 0.7128624888050508 0.7125235966779738 0.7121847045508969 0.71184581242382 0.711506920296743 0.7111680281696661 0.710846203335075 0.7105426238223262 0.7102390443095775 0.7099354647968281 0.7096318852840794 0.7093283057713307 0.7090247262585818 0.7087211467458331 0.7084175672330842 0.7081139877203355 0.7078104082075867 0.7075068286948379 0.7072032491820891 0.7068996696693404 0.7065960901565915 0.7062925106438428 0.7059889311310935 0.7056853516183447 0.7053817721055959 0.7050781925928471 0.7047746130800984 0.7044710335673495 0.7041674540546008 0.703863874541852 0.7035602950291032 0.7032567155163545 0.7029531360036056 0.7026495564908569
0.7157699474920186 0.7154187548189165 0.7150675621458142 0.714716369472712 0.7143651767996099 0.7140139841265076 0.7136627914534048 0.7133115987803026 0.7129604061072005 0.7126092134340982 0.712258020760996 0.7119068280878939 0.7115556354147916 0.7112044427416894 0.7108532500685872 0.710502057395485 0.7101764629694551 0.7098782336487471 0.709580004328039 0.7092817750073305 0.7089835456866224 0.7086853163659144 0.7083870870452063 0.7080888577244983 0.7077906284037901 0.7074923990830821 0.707194169762374 0.706895940441666 0.7065977111209579 0.7062994818002499 0.7060012524795418 0.7057030231588338 0.7054047938381253 0.7051065645174172 0.7048083351967092 0.704510105876001 0.704211876555293 0.7039136472345849 0.7036154179138769 0.7033171885931688 0.7030189592724608 0.7027207299517527 0.7024225006310447 0.7021242713103366
0.7152884849082166 0.7149249916890892 0.7145614984699616 0.7141980052508342 0.7138345120317067 0.7134710188125792 0.7131075255934511 0.7127440323743237 0.7123805391551962 0.7120170459360687 0.7116535527169413 0.7112900594978138 0.7109265662786863 0.7105630730595589 0.7101995798404314 0.7098360866213039 0.7095067226038353 0.7092138434751679 0.7089209643465006 0.7086280852178328 0.7083352060891654 0.7080423269604982 0.7077494478318308 0.7074565687031635 0.7071636895744962 0.7068708104458289 0.7065779313171615 0.7062850521884942 0.7059921730598269 0.7056992939311596 0.7054064148024922 0.705113535673825 0.7048206565451571 0.7045277774164898 0.7042348982878225 0.7039420191591551 0.7036491400304878 0.7033562609018205 0.7030633817731532 0.7027705026444858 0.7024776235158186 0.7021847443871512 0.7018918652584839 0.7015989861298165
0.7148070223244146 0.7144312285592619 0.7140554347941092 0.7136796410289564 0.7133038472638037 0.7129280534986508 0.7125522597334976 0.7121764659683447 0.711800672203192 0.7114248784380393 0.7110490846728865 0.7106732909077338 0.7102974971425811 0.7099217033774283 0.7095459096122756 0.7091701158471228 0.7088369822382153 0.7085494533015888 0.7082619243649622 0.7079743954283351 0.7076868664917085 0.7073993375550819 0.7071118086184552 0.7068242796818287 0.7065367507452021 0.7062492218085755 0.7059616928719489 0.7056741639353223 0.7053866349986957 0.7050991060620692 0.7048115771254425 0.704524048188816 0.7042365192521889 0.7039489903155622 0.7036614613789357 0.7033739324423091 0.7030864035056825 0.7027988745690559 0.7025113456324293 0.7022238166958027 0.701936287759176 0.7016487588225495 0.7013612298859229 0.7010737009492963
0.7143255597406126 0.7139374654294346 0.7135493711182566 0.7131612768070785 0.7127731824959005 0.7123850881847226 0.7119969938735439 0.7116088995623658 0.7112208052511878 0.7108327109400098 0.7104446166288317 0.7100565223176537 0.7096684280064758 0.7092803336952977 0.7088922393841197 0.7085041450729417 0.7081672418725955 0.7078850631280096 0.7076028843834238 0.7073207056388374 0.7070385268942515 0.7067563481496657 0.7064741694050798 0.706191990660494 0.7059098119159081 0.7056276331713222 0.7053454544267364 0.7050632756821504 0.7047810969375646 0.7044989181929787 0.7042167394483929 0.703934560703807 0.7036523819592206 0.7033702032146348 0.7030880244700489 0.7028058457254631 0.7025236669808772 0.7022414882362914 0.7019593094917055 0.7016771307471197 0.7013949520025338 0.701112773257948 0.700830594513362 0.7005484157687762
0.7138440971568106 0.7134437022996073 0.7130433074424041 0.7126429125852007 0.7122425177279975 0.7118421228707942 0.7114417280135902 0.711041333156387 0.7106409382991836 0.7102405434419803 0.7098401485847771 0.7094397537275737 0.7090393588703705 0.7086389640131672 0.7082385691559638 0.7078381742987606 0.7074975015069755 0.7072206729544305 0.7069438444018853 0.7066670158493397 0.7063901872967946 0.7061133587442494 0.7058365301917042 0.7055597016391592 0.705282873086614 0.7050060445340689 0.7047292159815237 0.7044523874289786 0.7041755588764335 0.7038987303238884 0.7036219017713432 0.703345073218798 0.7030682446662525 0.7027914161137073 0.7025145875611621 0.7022377590086171 0.7019609304560719 0.7016841019035268 0.7014072733509816 0.7011304447984366 0.7008536162458914 0.7005767876933462 0.7002999591408011 0.7000231305882559
0.7133626345730082 0.7129499391697796 0.712537243766551 0.7121245483633224 0.7117118529600939 0.7112991575568652 0.710886462153636 0.7104737667504074 0.7100610713471789 0.7096483759439502 0.7092356805407217 0.7088229851374931 0.7084102897342646 0.7079975943310359 0.7075848989278074 0.7071722035245788 0.706827761141355 0.7065562827808506 0.7062848044203462 0.7060133260598414 0.705741847699337 0.7054703693388326 0.7051988909783282 0.7049274126178238 0.7046559342573194 0.704384455896815 0.7041129775363106 0.7038414991758062 0.7035700208153018 0.7032985424547974 0.703027064094293 0.7027555857337886 0.7024841073732837 0.7022126290127794 0.7019411506522749 0.7016696722917706 0.7013981939312661 0.7011267155707618 0.7008552372102573 0.700583758849753 0.7003122804892485 0.7000408021287442 0.6997693237682397 0.6994978454077354
