Figures/CREST_Example_wjb_NSE/PETs/wjb.pet.20090722.asc
ncols            288
nrows            254
xllcorner        113.274861
yllcorner        31.4918055
cellsize         0.008333333333
NODATA_value     -9999
[rows 140 to 159 of 254, columns 0 to 43 of 288]
-9999.0 2.9540901151818133 2.9592070410698668 2.9643239669579198 2.969440892845973 2.974557818734026 2.979674744622079 2.984791670510132 2.989908596398185 2.995025522286238 3.000142448174291 3.005259374062344 3.0061598222290167 3.0025527604368962 2.998945698644782 2.9953386368526678 2.9917315750605535 2.9881245132684393 2.984517451476325 2.980910389684211 2.9773033278920966 2.973696266099982 2.9700892043078677 2.9664821425157535 2.9628750807236393 2.959268018931525 2.9556609571394046 2.9520538953472903 2.948446833555176 2.944839771763062 2.9412327099709477 2.9376256481788334 2.9340185863867188 2.9304115245946045 2.9268044628024903 2.923197401010376 2.919590339218262 2.9159832774261476 2.9123762156340334 2.908769153841913 2.9051620920497987 2.9015550302576845 2.8963965708688946 2.889579632386248
-9999.0 -9999.0 2.9778638427611916 2.9829987376116716 2.988133632462151 2.993268527312631 2.998403422163111 3.0035383170135908 3.0086732118640707 3.0138081067145506 3.0189430015650305 3.0240778964155104 3.0247506057218034 3.0206531378547608 3.016555669987725 3.0124582021206896 3.008360734253654 3.0042632663866184 3.000165798519583 2.9960683306525473 2.9919708627855113 2.9878733949184757 2.98377592705144 2.9796784591844045 2.975580991317369 2.9714835234503334 2.9673860555832907 2.963288587716255 2.959191119849219 2.9550936519821835 2.950996184115148 2.9468987162481124 2.942801248381077 2.9387037805140412 2.9346063126470057 2.9305088447799696 2.926411376912934 2.9223139090458985 2.918216441178863 2.9141189733118202 2.9100215054447847 2.905924037577749 2.9005730045873372 2.893881882148313
-9999.0 -9999.0 2.996520644452516 3.0016735082654225 3.0068263720783293 3.011979235891236 3.017132099704143 3.0222849635170497 3.0274378273299565 3.032590691142863 3.0377435549557696 3.0428964187686764 3.04334138921459 3.0387535152726253 3.0341656413306684 3.0295777673887114 3.024989893446754 3.020402019504797 3.01581414556284 3.0112262716208833 3.0066383976789264 3.0020505237369695 2.9974626497950125 2.992874775853055 2.9882869019110982 2.9836990279691413 2.9791111540271764 2.9745232800852195 2.9699354061432626 2.9653475322013056 2.9607596582593487 2.956171784317392 2.951583910375435 2.9469960364334775 2.9424081624915206 2.9378202885495637 2.9332324146076068 2.92864454066565 2.924056666723693 2.919468792781728 2.914880918839771 2.910293044897814 2.9047494383057804 2.8981841319103783
-9999.0 -9999.0 3.015177446143841 3.0203482789191742 3.025519111694508 3.0306899444698416 3.035860777245175 3.0410316100205086 3.0462024427958423 3.0513732755711755 3.0565441083465092 3.061714941121843 3.061932172707377 3.05685389269049 3.0517756126736115 3.0466973326567333 3.041619052639855 3.0365407726229763 3.031462492606098 3.0263842125892197 3.0213059325723415 3.016227652555463 3.011149372538585 3.0060710925217062 3.000992812504828 2.9959145324879497 2.990836252471063 2.9857579724541843 2.980679692437306 2.9756014124204277 2.9705231324035495 2.965444852386671 2.960366572369793 2.9552882923529142 2.950210012336036 2.9451317323191577 2.9400534523022794 2.934975172285401 2.929896892268523 2.9248186122516358 2.9197403322347575 2.914662052217879 2.908925872024223 2.9024863816724435
-9999.0 -9999.0 3.0338342478351814 3.039023049572942 3.0442118513107026 3.0494006530484628 3.0545894547862233 3.0597782565239835 3.064967058261744 3.0701558599995047 3.075344661737265 3.0805334634750254 3.0805229562001792 3.07495427010837 3.06938558401657 3.0638168979247697 3.0582482118329692 3.052679525741169 3.047110839649369 3.041542153557569 3.035973467465769 3.030404781373969 3.024836095282169 3.019267409190369 3.0136987230985683 3.0081300370067683 3.002561350914959 2.996992664823159 2.9914239787313583 2.9858552926395583 2.9802866065477582 2.974717920455958 2.969149234364158 2.963580548272358 2.958011862180558 2.9524431760887575 2.9468744899969574 2.9413058039051574 2.9357371178133573 2.930168431721548 2.9245997456297474 2.9190310595379474 2.9131023057426693 2.906788631434512
-9999.0 -9999.0 3.0524910495265063 3.057697820226694 3.062904590926881 3.0681113616270683 3.0733181323272554 3.078524903027443 3.08373167372763 3.0889384444278174 3.0941452151280044 3.099351985828192 3.0991137396929664 3.0930546475262344 3.086995555359513 3.0809364631927916 3.07487737102607 3.0688182788593483 3.062759186692627 3.0567000945259055 3.050641002359184 3.0445819101924627 3.0385228180257413 3.03246372585902 3.026404633692298 3.0203455415255767 3.014286449358845 3.0082273571921236 3.0021682650254022 2.9961091728586804 2.990050080691959 2.9839909885252376 2.977931896358516 2.971872804191795 2.9658137120250734 2.9597546198583515 2.95369552769163 2.9476364355249087 2.9415773433581873 2.9355182511914557 2.9294591590247343 2.9234000668580125 2.9172787394611124 2.911090881196577
3.060698371892603 3.0659231115552172 3.071147851217831 3.076372590880445 3.081597330543059 3.0868220702056735 3.0920468098682874 3.0972715495309013 3.1024962891935157 3.1077210288561297 3.1129457685187436 3.118170508181358 3.1177045231857528 3.1111550249440985 3.1046055267024557 3.098056028460813 3.09150653021917 3.0849570319775275 3.0784075337358847 3.071858035494242 3.0653085372525988 3.058759039010956 3.0522095407693133 3.0456600425276705 3.039110544286028 3.032561046044385 3.0260115478027307 3.019462049561088 3.0129125513194452 3.0063630530778025 2.9998135548361597 2.993264056594517 2.9867145583528742 2.9801650601112315 2.9736155618695883 2.9670660636279456 2.960516565386303 2.95396706714466 2.9474175689030173 2.9408680706613635 2.9343185724197207 2.9277690741780775 2.921455173179555 2.9153931309586425
3.079319235659074 3.0845619442841152 3.089804652909156 3.095047361534197 3.1002900701592377 3.1055327787842786 3.11077548740932 3.1160181960343607 3.1212609046594015 3.1265036132844424 3.131746321909483 3.1369890305345245 3.1362953066785395 3.1292554023619634 3.122215498045399 3.115175593728835 3.1081356894122707 3.1010957850957066 3.0940558807791425 3.0870159764625784 3.079976072146014 3.07293616782945 3.0658962635128857 3.0588563591963216 3.0518164548797575 3.044776550563193 3.037736646246617 3.030696741930053 3.0236568376134887 3.0166169332969246 3.00957702898036 3.002537124663796 2.995497220347232 2.9884573160306678 2.9814174117141037 2.9743775073975396 2.967337603080975 2.960297698764411 2.953257794447847 2.9462178901312708 2.9391779858147067 2.932138081498142 2.9256316068979977 2.9196953807207073
-9999.0 3.099319671670911 3.1045943691858753 3.1098690667008393 3.1151437642158037 3.1204184617307678 3.125693159245732 3.130967856760696 3.1362425542756607 3.1415172517906247 3.146791949305589 3.152066646820553 3.151318725882056 3.1441324897309935 3.136946253579943 3.129760017428892 3.122573781277842 3.1153875451267914 3.108201308975741 3.1010150728246906 3.0938288366736404 3.0866426005225898 3.0794563643715396 3.072270128220489 3.0650838920694383 3.057897655918388 3.0507114197673255 3.043525183616275 3.0363389474652247 3.029152711314174 3.0219664751631234 3.0147802390120733 3.0075940028610226 3.0004077667099724 2.993221530558922 2.9860352944078716 2.978849058256821 2.9716628221057704 2.96447658595472 2.9572903498036576 2.950104113652607 2.9429178775015568 2.936375246518896 2.930520644007312
-9999.0 3.1099287421039836 3.1152504149275773 3.120572087751171 3.1258937605747645 3.131215433398358 3.1365371062219514 3.141858779045545 3.1471804518691386 3.1525021246927323 3.157823797516326 3.1631454703399196 3.162528857539729 3.155564083227466 3.148599308915214 3.141634534602962 3.1346697602907105 3.127704985978459 3.1207402116662073 3.1137754373539557 3.106810663041704 3.0998458887294524 3.092881114417201 3.085916340104949 3.0789515657926976 3.071986791480446 3.0650220171681823 3.0580572428559307 3.051092468543679 3.0441276942314275 3.037162919919176 3.0301981456069242 3.023233371294672 3.0162685969824206 3.009303822670169 3.0023390483579173 2.9953742740456657 2.988409499733414 2.9814447254211625 2.974479951108899 2.9675151767966472 2.9605504024843956 2.95413881526622 2.948318597554148
-9999.0 -9999.0 3.125906460669288 3.1312751088015114 3.136643756933734 3.142012405065957 3.1473810531981803 3.152749701330403 3.1581183494626264 3.163486997594849 3.1688556457270725 3.1742242938592953 3.1737389891974117 3.1669956767239476 3.160252364250495 3.1535090517770423 3.1467657393035897 3.140022426830137 3.133279114356684 3.1265358018832314 3.119792489409779 3.113049176936326 3.1063058644628736 3.099562551989421 3.092819239515968 3.0860759270425153 3.079332614569051 3.0725893020955986 3.065845989622146 3.0591026771486933 3.0523593646752407 3.0456160522017877 3.038872739728335 3.0321294272548824 3.02538611478143 3.018642802307977 3.0118994898345246 3.005156177361072 2.998412864887619 2.9916695524141548 2.984926239940702 2.9781829274672496 2.9719023840135588 2.966116551100999
-9999.0 -9999.0 -9999.0 -9999.0 -9999.0 -9999.0 3.1582250001744 3.163640623615252 3.1690562470561043 3.174471870496957 3.1798874939378092 3.1853031173786617 3.184949120855085 3.17842727022042 3.1719054195857663 3.1653835689511123 3.1588617183164582 3.1523398676818046 3.1458180170471506 3.1392961664124965 3.132774315777843 3.126252465143189 3.1197306145085353 3.1132087638738812 3.106686913239227 3.1001650626045736 3.0936432119699084 3.0871213613352544 3.080599510700601 3.0740776600659467 3.0675558094312927 3.061033958796639 3.054512108161985 3.0479902575273314 3.0414684068926774 3.0349465562580233 3.0284247056233697 3.0219028549887157 3.0153810043540616 3.008859153719397 3.002337303084743 2.995815452450089 2.989665952760883 2.983914504647835
-9999.0 -9999.0 -9999.0 -9999.0 -9999.0 3.163606348401138 3.1690689471506195 3.1745315459001016 3.179994144649583 3.185456743399065 3.1909193421485464 3.1963819408980285 3.1961592525127585 3.1898588637168928 3.1835584749210377 3.1772580861251827 3.1709576973293276 3.164657308533472 3.158356919737617 3.152056530941762 3.145756142145907 3.139455753350052 3.133155364554197 3.1268549757583415 3.1205545869624864 3.1142541981666314 3.1079538093707657 3.1016534205749102 3.095353031779055 3.0890526429832 3.082752254187345 3.07645186539149 3.070151476595635 3.0638510877997795 3.0575506990039245 3.0512503102080695 3.0449499214122144 3.0386495326163594 3.032349143820504 3.026048755024638 3.019748366228783 3.013447977432928 3.007429521508207 3.001712458194671
-9999.0 -9999.0 -9999.0 -9999.0 3.168893746010617 3.174403320068728 3.179912894126839 3.1854224681849503 3.1909320422430616 3.1964416163011724 3.2019511903592837 3.207460764417395 3.207369384170432 3.201290457213365 3.1952115302563087 3.1891326032992526 3.183053676342196 3.1769747493851397 3.1708958224280837 3.164816895471027 3.1587379685139707 3.1526590415569147 3.146580114599858 3.1405011876428017 3.1344222606857453 3.1283433337286892 3.1222644067716225 3.116185479814566 3.1101065528575096 3.1040276259004536 3.097948698943397 3.0918697719863406 3.0857908450292846 3.079711918072228 3.0736329911151716 3.0675540641581156 3.061475137201059 3.0553962102440027 3.049317283286946 3.0432383563298795 3.0371594293728235 3.031080502415767 3.0251930902555313 3.0195104117415066
-9999.0 -9999.0 -9999.0 -9999.0 3.179643742369578 3.1852002917363182 3.1907568411030587 3.196313390469799 3.2018699398365396 3.20742648920328 3.2129830385700204 3.218539587936761 3.218579515828105 3.2127220507098375 3.20686458559158 3.2010071204733226 3.1951496553550647 3.189292190236807 3.1834347251185497 3.1775772600002923 3.171719794882035 3.165862329763777 3.1600048646455194 3.154147399527262 3.1482899344090045 3.142432469290747 3.1365750041724794 3.130717539054222 3.124860073935964 3.1190026088177065 3.113145143699449 3.1072876785811916 3.101430213462934 3.095572748344676 3.0897152832264188 3.0838578181081613 3.078000352989904 3.0721428878716464 3.0662854227533884 3.060427957635121 3.0545704925168637 3.048713027398606 3.042956659002855 3.0373083652883426
-9999.0 -9999.0 -9999.0 -9999.0 -9999.0 -9999.0 3.2016007880792783 3.207204312754648 3.212807837430018 3.2184113621053876 3.2240148867807576 3.2296184114561273 3.229789647485778 3.22415364420631 3.218517640926851 3.2128816376473925 3.2072456343679336 3.2016096310884747 3.195973627809016 3.1903376245295574 3.1847016212500985 3.1790656179706396 3.173429614691181 3.167793611411722 3.1621576081322633 3.1565216048528044 3.150885601573336 3.1452495982938773 3.139613595014419 3.13397759173496 3.128341588455501 3.122705585176042 3.1170695818965837 3.1114335786171248 3.105797575337666 3.1001615720582074 3.0945255687787485 3.0888895654992896 3.0832535622198307 3.0776175589403625 3.0719815556609036 3.066345552381445 3.060720227750179 3.055106318835178
-9999.0 -9999.0 -9999.0 -9999.0 -9999.0 -9999.0 -9999.0 -9999.0 3.223745735023496 3.229396235007495 3.2350467349914944 3.2406972349754937 3.2409997791434515 3.2355852377027823 3.2301706962621224 3.2247561548214625 3.219341613380802 3.2139270719401423 3.2085125304994824 3.2030979890588225 3.197683447618162 3.1922689061775023 3.1868543647368424 3.1814398232961825 3.176025281855522 3.1706107404148622 3.165196198974193 3.159781657533533 3.1543671160928732 3.1489525746522133 3.143538033211553 3.138123491770893 3.132708950330233 3.1272944088895733 3.121879867448913 3.116465326008253 3.111050784567593 3.1056362431269333 3.100221701686273 3.0948071602456038 3.089392618804944 3.083978077364284 3.078483796497503 3.072904272382014
-9999.0 -9999.0 -9999.0 -9999.0 -9999.0 -9999.0 -9999.0 -9999.0 -9999.0 3.240381107909612 -9999.0 -9999.0 -9999.0 3.2470168311992644 3.241823751597403 3.236630671995542 3.2314375923936813 3.2262445127918205 3.221051433189959 3.2158583535880982 3.2106652739862374 3.205472194384376 3.200279114782515 3.1950860351806543 3.1898929555787934 3.184699875976932 3.1795067963750623 3.1743137167732014 3.1691206371713405 3.163927557569479 3.1587344779676183 3.1535413983657574 3.148348318763896 3.143155239162035 3.1379621595601743 3.1327690799583134 3.127576000356452 3.1223829207545912 3.1171898411527303 3.1119967615508606 3.1068036819489993 3.1016106023471384 3.0962473652448423 3.0907022259288652
-9999.0 -9999.0 -9999.0 -9999.0 -9999.0 -9999.0 -9999.0 -9999.0 -9999.0 -9999.0 -9999.0 -9999.0 -9999.0 -9999.0 3.253476806932675 3.2485051891696126 3.2435335714065503 3.238561953643488 3.2335903358804257 3.228618718117364 3.2236471003543015 3.218675482591239 3.213703864828177 3.2087322470651145 3.2037606293020526 3.1987890115389903 3.1938173937759196 3.1888457760128572 3.183874158249795 3.1789025404867326 3.1739309227236703 3.1689593049606084 3.163987687197546 3.1590160694344838 3.1540444516714214 3.149072833908359 3.1441012161452973 3.139129598382235 3.1341579806191726 3.129186362856102 3.1242147450930395 3.119243127329977 3.114010933992166 3.1085001794757012
-9999.0 -9999.0 -9999.0 -9999.0 -9999.0 -9999.0 -9999.0 -9999.0 -9999.0 -9999.0 -9999.0 -9999.0 -9999.0 -9999.0 -9999.0 -9999.0 3.2556295504194193 3.2508793944951555 3.246129238570892 3.241379082646629 3.236628926722365 3.231878770798102 3.2271286148738385 3.2223784589495748 3.2176283030253114 3.212878147101048 3.2081279911767764 3.203377835252513 3.1986276793282493 3.193877523403986 3.1891273674797227 3.184377211555459 3.1796270556311956 3.1748768997069323 3.1701267437826686 3.1653765878584053 3.160626431934142 3.155876276009878 3.151126120085615 3.146375964161343 3.14162580823708 3.1368756523128165 3.13177450273949 3.1262981330225372
