Figures/CREST_Example_wjb_NSE/Rolling_result/20100722/raw_forecast/ens_3/wjb.rain.20100728.asc
ncols            288
nrows            254
xllcorner        113.274861
yllcorner        31.4918055
cellsize         0.008333333333
NODATA_value     -9999
[rows 115 to 137 of 254, columns 156 to 207 of 288]
0.13946116999068747 0.14362228324269546 0.14778339649470348 0.15194450974671148 0.15610562299871947 0.1602667362507275 0.16442784950273548 0.1685889627547435 0.17275007600675146 0.17691118925875948 0.1810723025107675 0.18523341576277547 0.18939452901478349 0.19355564226679858 0.19771675551880658 0.2018778687708146 0.2060389820228226 0.21020009527483058 0.2143612085268386 0.2185223217788466 0.22268343503085458 0.23046676429739937 0.24212232443263815 0.2537778845678769 0.2654334447031157 0.2770890048383545 0.28874456497361317 0.30040012510885195 0.3120556852440908 0.32371124537932955 0.3353668055145683 0.3470223656498071 0.35867792578504587 0.3703334859202847 0.3819890460555235 0.39364460619076225 0.405300166326001 0.4169557264612398 0.4286112865964786 0.44026684673173727 0.45192240686697605 0.4635779670022149 0.4752335271374536 0.4868890872726924 0.49854464740793114 0.51020020754317 0.5218557676784088 0.5335113278136475 0.5451668879488863 0.5568224480841252 0.5684780082193639 0.5852370690725688
0.142622276780752 0.1471167233793121 0.15161116997787213 0.15610561657643218 0.16060006317499226 0.16509450977355228 0.16958895637211235 0.17408340297067243 0.17857784956923245 0.18307229616779253 0.1875667427663526 0.19206118936491262 0.1965556359634727 0.20105008256204043 0.20554452916060048 0.21003897575916053 0.2145334223577206 0.21902786895628065 0.2235223155548407 0.22801676215340078 0.23251120875196082 0.24078897803575294 0.25311120486409583 0.26543343169243877 0.27775565852078166 0.29007788534912454 0.30240011217748847 0.31472233900583135 0.3270445658341743 0.3393667926625172 0.35168901949086007 0.364011246319203 0.3763334731475459 0.3886556999758888 0.4009779268042317 0.41330015363257455 0.4256223804609175 0.4379446072892604 0.45026683411760327 0.4625890609459672 0.47491128777431013 0.487233514602653 0.4995557414309959 0.5118779682593388 0.5242001950876818 0.5365224219160246 0.5488446487443674 0.5611668755727104 0.5734891024010533 0.5858113292293963 0.5981335560577391 0.6154518791038364
0.14578338357081655 0.15061116351592865 0.15543894346104076 0.1602667234061529 0.165094503351265 0.1699222832963771 0.17475006324148923 0.17957784318660133 0.18440562313171344 0.18923340307682557 0.19406118302193767 0.19888896296704978 0.2037167429121619 0.20854452285728226 0.21337230280239433 0.21820008274750646 0.2230278626926186 0.2278556426377307 0.2326834225828428 0.2375112025279549 0.24233898247306704 0.2511111917741065 0.2641000852955535 0.2770889788170005 0.2900778723384475 0.30306676585989456 0.3160556593813637 0.3290445529028107 0.3420334464242577 0.35502233994570476 0.36801123346715175 0.38100012698859875 0.39398902051004575 0.40697791403149275 0.4199668075529398 0.4329557010743868 0.4459445945958338 0.45893348811728085 0.4719223816387278 0.48491127516019694 0.497900168681644 0.510889062203091 0.523877955724538 0.536866849245985 0.549855742767432 0.562844636288879 0.5758335298103261 0.5888224233317731 0.6018113168532201 0.614800210374667 0.6277891038961141 0.6456666891351037
0.14894449036088378 0.15410560365254822 0.15926671694421268 0.16442783023587715 0.16958894352754159 0.17475005681920602 0.1799111701108705 0.18507228340253495 0.1902333966941994 0.19539450998586386 0.2005556232775283 0.20571673656919276 0.21087784986085722 0.21603896315253046 0.22120007644419493 0.22636118973585936 0.23152230302752383 0.23668341631918827 0.24184452961085273 0.24700564290251717 0.2521667561941816 0.26143340551246885 0.2750889657270206 0.28874452594157224 0.30240008615612396 0.3160556463706756 0.3297112065852506 0.3433667667998023 0.357022327014354 0.3706778872289057 0.3843334474434574 0.39798900765800904 0.41164456787256076 0.4253001280871125 0.43895568830166415 0.4526112485162158 0.46626680873076753 0.47992236894531926 0.4935779291598709 0.5072334893744459 0.5208890495889976 0.5345446098035493 0.548200170018101 0.5618557302326527 0.5755112904472044 0.589166850661756 0.6028224108763078 0.6164779710908594 0.6301335313054112 0.6437890915199629 0.6574446517345145 0.675881499166397
0.15210559715094832 0.1576000437891648 0.16309449042738133 0.16858893706559783 0.17408338370381432 0.17957783034203084 0.18507227698024736 0.19056672361846386 0.19606117025668038 0.20155561689489687 0.2070500635331134 0.21254451017132991 0.2180389568095464 0.22353340344777228 0.22902785008598878 0.2345222967242053 0.2400167433624218 0.2455111900006383 0.2510056366388548 0.2565000832770713 0.2619945299152878 0.2717556192508224 0.2860778461584782 0.30040007306613403 0.3147222999737898 0.3290445268814456 0.34336675378912584 0.3576889806967817 0.37201120760443745 0.38633343451209323 0.40065566141974907 0.41497788832740484 0.4293001152350606 0.44362234214271645 0.4579445690503723 0.47226679595802806 0.48658902286568384 0.5009112497733397 0.5152334766809954 0.5295557035886758 0.5438779304963315 0.5582001574039872 0.5725223843116432 0.5868446112192989 0.6011668381269547 0.6154890650346105 0.6298112919422663 0.6441335188499221 0.6584557457575779 0.6727779726652336 0.6871001995728895 0.7060963091976642
0.15526670394101286 0.1610944839257814 0.16692226391054998 0.17275004389531856 0.1785778238800871 0.1844056038648557 0.19023338384962424 0.19606116383439282 0.2018889438191614 0.20771672380392994 0.2135445037886985 0.21937228377346707 0.22520006375823565 0.23102784374301413 0.2368556237277827 0.24268340371255126 0.24851118369731984 0.2543389636820884 0.260166743666857 0.26599452365162557 0.2718223036363941 0.282077832989176 0.29706672658993594 0.3120556201906958 0.32704451379145577 0.34203340739221566 0.35702230099300114 0.37201119459376103 0.387000088194521 0.40198898179528086 0.4169778753960408 0.4319667689968007 0.4469556625975606 0.46194455619832053 0.4769334497990804 0.4919223433998403 0.5069112370006003 0.5219001306013602 0.53688902420212 0.5518779178029056 0.5668668114036655 0.5818557050044253 0.5968445986051854 0.6118334922059452 0.6268223858067051 0.6418112794074651 0.6568001730082249 0.6717890666089849 0.6867779602097448 0.7017668538105046 0.7167557474112646 0.7363111192289317
0.15842781073107737 0.164588924062398 0.1707500373937186 0.1769111507250392 0.18307226405635985 0.18923337738768048 0.19539449071900108 0.2015556040503217 0.20771671738164232 0.21387783071296293 0.22003894404428354 0.22620005737560417 0.2323611707069248 0.23852228403825593 0.24468339736957653 0.2508445107008972 0.25700562403221777 0.26316673736353835 0.269327850694859 0.2754889640261796 0.28165007735750025 0.2924000467275295 0.30805560702139356 0.32371116731525756 0.33936672760912157 0.3550222879029856 0.3706778481968763 0.3863334084907404 0.4019889687846044 0.4176445290784684 0.43330008937233244 0.4489556496661965 0.4646112099600605 0.4802667702539245 0.49592233054778856 0.5115778908416526 0.5272334511355166 0.5428890114293806 0.5585445717232447 0.5742001320171354 0.5898556923109994 0.6055112526048634 0.6211668128987274 0.6368223731925915 0.6524779334864554 0.6681334937803196 0.6837890540741836 0.6994446143680475 0.7151001746619117 0.7307557349557756 0.7464112952496397 0.766525929260199
0.1615889175211419 0.1680833641990146 0.17457781087688728 0.18107225755475995 0.1875667042326326 0.1940611509105053 0.200555597588378 0.20705004426625065 0.2135444909441233 0.220038937621996 0.22653338429986866 0.23302783097774135 0.239522277655614 0.24601672433349778 0.25251117101137044 0.25900561768924313 0.2655000643671158 0.2719945110449885 0.27848895772286114 0.28498340440073383 0.29147785107860646 0.30272226046588313 0.31904448745285124 0.33536671443981936 0.3516889414267875 0.36801116841375564 0.3843333954007516 0.40065562238771973 0.41697784937468785 0.433300076361656 0.44962230334862413 0.46594453033559224 0.4822667573225604 0.4985889843095285 0.5149112112964966 0.5312334382834648 0.547555665270433 0.563877892257401 0.5802001192443692 0.5965223462313651 0.6128445732183333 0.6291668002053015 0.6454890271922695 0.6618112541792377 0.6781334811662059 0.6944557081531739 0.7107779351401421 0.7271001621271103 0.7434223891140783 0.7597446161010465 0.7760668430880147 0.7967407392914664
0.16475002431120644 0.1715778043356312 0.1784055843600559 0.18523336438448063 0.19206114440890537 0.19888892443333012 0.20571670445775483 0.21254448448217955 0.2193722645066043 0.22620004453102902 0.23302782455545376 0.23985560457987848 0.24668338460430322 0.25351116462873957 0.2603389446531643 0.26716672467758906 0.2739945047020138 0.28082228472643855 0.28765006475086324 0.294477844775288 0.3013056247997127 0.31304447420423664 0.3300333678843089 0.34702226156438115 0.3640111552444534 0.38100004892452566 0.39798894260462686 0.4149778362846991 0.43196672996477137 0.44895562364484354 0.4659445173249158 0.4829334110049881 0.49992230468506027 0.5169111983651326 0.5339000920452048 0.550888985725277 0.5678778794053493 0.5848667730854216 0.6018556667654937 0.618844560445595 0.6358334541256672 0.6528223478057394 0.6698112414858117 0.6868001351658839 0.7037890288459562 0.7207779225260285 0.7377668162061006 0.7547557098861729 0.7717446035662452 0.7887334972463174 0.8057223909263898 0.8269555493227339
0.1679111311012737 0.17507224447225075 0.18223335784322783 0.18939447121420488 0.19655558458518196 0.20371669795615904 0.21087781132713612 0.2180389246981132 0.22520003806909025 0.23236115144006733 0.23952226481104438 0.24668337818202146 0.25384449155299854 0.26100560492398783 0.26816671829496486 0.275327831665942 0.282488945036919 0.2896500584078961 0.2968111717788732 0.30397228514985025 0.31113339852082733 0.32336668794259904 0.341022248315776 0.3586778086889529 0.37633336906212983 0.3939889294353067 0.41164448980851376 0.4293000501816907 0.44695561055486766 0.4646111709280446 0.4822667313012215 0.4999222916743984 0.5175778520475753 0.5352334124207523 0.5528889727939292 0.5705445331671062 0.5882000935402831 0.60585565391346 0.6235112142866369 0.641166774659844 0.6588223350330209 0.6764778954061978 0.6941334557793748 0.7117890161525516 0.7294445765257286 0.7471001368989055 0.7647556972720824 0.7824112576452593 0.8000668180184363 0.8177223783916132 0.8353779387647902 0.8571703593540271
0.1710722378913382 0.17856668460886735 0.18606113132639646 0.1935555780439256 0.20105002476145473 0.20854447147898386 0.21603891819651297 0.2235333649140421 0.23102781163157124 0.23852225834910035 0.24601670506662948 0.2535111517841586 0.2610055985016877 0.26850004521922965 0.27599449193675873 0.2834889386542879 0.290983385371817 0.29847783208934614 0.3059722788068753 0.31346672552440435 0.32096117224193355 0.3336889016809526 0.3520111287472336 0.3703333558135147 0.38865558287979574 0.40697780994607674 0.42530003701238905 0.44362226407867006 0.4619444911449511 0.4802667182112321 0.4985889452775132 0.5169111723437942 0.5352333994100753 0.5535556264763564 0.5718778535426374 0.5902000806089185 0.6085223076751994 0.6268445347414805 0.6451667618077616 0.6634889888740738 0.6818112159403549 0.7001334430066359 0.718455670072917 0.7367778971391981 0.755100124205479 0.7734223512717601 0.7917445783380411 0.8100668054043221 0.8283890324706031 0.8467112595368842 0.8650334866031653 0.8873851693852944
0.17423334468140275 0.18206112474548392 0.1898889048095651 0.1977166848736463 0.2055444649377275 0.21337224500180865 0.22120002506588984 0.229027805129971 0.2368555851940522 0.2446833652581334 0.2525111453222145 0.26033892538629577 0.2681667054503769 0.2759944855144715 0.2838222655785526 0.2916500456426338 0.299477825706715 0.3073056057707962 0.3151333858348774 0.3229611658989585 0.33078894596303976 0.3440111154193061 0.3630000091786913 0.3819889029380764 0.4009777966974616 0.41996669045684676 0.43895558421626424 0.4579444779756494 0.4769333717350346 0.4959222654944197 0.5149111592538048 0.53390005301319 0.5528889467725752 0.5718778405319602 0.5908667342913454 0.6098556280507306 0.6288445218101157 0.6478334155695009 0.6668223093288861 0.6858112030883036 0.7048000968476886 0.7237889906070738 0.742777884366459 0.7617667781258441 0.7807556718852293 0.7997445656446145 0.8187334594039997 0.8377223531633847 0.8567112469227699 0.8757001406821551 0.8946890344415402 0.9175999794165618
0.17739445147146732 0.18555556488210054 0.19371667829273376 0.201877791703367 0.21003890511400025 0.2182000185246335 0.22636113193526672 0.23452224534589997 0.2426833587565332 0.25084447216716643 0.2590055855777997 0.2671666989884329 0.2753278123990661 0.2834889258097133 0.29165003922034655 0.2998111526309798 0.30797226604161304 0.3161333794522463 0.3242944928628795 0.3324556062735128 0.340616719684146 0.35433332915765975 0.373988889610149 0.39364445006263826 0.4133000105151275 0.4329555709676168 0.45261113142013953 0.4722666918726288 0.4919222523251181 0.5115778127776074 0.5312333732300966 0.5508889336825858 0.5705444941350751 0.5902000545875643 0.6098556150400536 0.6295111754925429 0.6491667359450322 0.6688222963975214 0.6884778568500107 0.7081334173025334 0.7277889777550226 0.7474445382075119 0.7671000986600012 0.7867556591124905 0.8064112195649797 0.826066780017469 0.8457223404699582 0.8653779009224475 0.8850334613749368 0.904689021827426 0.9243445822799152 0.9478147894478292
0.18055555826153183 0.1890500050187171 0.1975444517759024 0.2060388985330877 0.21453334529027301 0.22302779204745832 0.2315222388046436 0.2400166855618289 0.24851113231901417 0.2570055790761995 0.2655000258333848 0.2739944725905701 0.28248891934775533 0.2909833661049551 0.2994778128621404 0.30797225961932573 0.316466706376511 0.32496115313369633 0.3334555998908816 0.3419500466480669 0.3504444934052522 0.36465554289601326 0.38497777004160666 0.4052999971872 0.4256222243327934 0.4459444514783868 0.4662666786240148 0.4865889057696081 0.5069111329152015 0.5272333600607949 0.5475555872063882 0.5678778143519816 0.588200041497575 0.6085222686431684 0.6288444957887618 0.6491667229343552 0.6694889500799485 0.6898111772255419 0.7101334043711351 0.7304556315167632 0.7507778586623566 0.77110008580795 0.7914223129535434 0.8117445400991368 0.8320667672447302 0.8523889943903235 0.8727112215359167 0.8930334486815101 0.9133556758271035 0.9336779029726969 0.9540001301182903 0.9780295994790966
0.18371666505159637 0.1925444451553337 0.20137222525907106 0.21020000536280842 0.21902778546654578 0.2278555655702831 0.23668334567402047 0.2455111257777578 0.25433890588149516 0.2631666859852325 0.2719944660889698 0.28082224619270724 0.28965002629644454 0.29847780640019694 0.3073055865039343 0.31613336660767166 0.32496114671140897 0.3337889268151464 0.3426167069188837 0.35144448702262104 0.3602722671263584 0.37497775663436683 0.39596665047306434 0.4169555443117618 0.4379444381504593 0.45893333198915676 0.47992222582789 0.5009111196665875 0.521900013505285 0.5428889073439824 0.5638778011826799 0.5848666950213774 0.605855588860075 0.6268444826987725 0.64783337653747 0.6688222703761674 0.6898111642148649 0.7108000580535623 0.7317889518922598 0.752777845730993 0.7737667395696906 0.7947556334083881 0.8157445272470856 0.8367334210857831 0.8577223149244806 0.878711208763178 0.8997001026018755 0.920688996440573 0.9416778902792705 0.9626667841179679 0.9836556779566654 1.008244409510364
0.18687777184166088 0.1960388852919503 0.2051999987422397 0.21436111219252912 0.2235222256428185 0.23268333909310793 0.24184445254339731 0.25100556599368673 0.2601666794439761 0.26932779289426556 0.2784889063445549 0.28765001979484434 0.29681113324513375 0.30597224669543877 0.3151333601457282 0.3242944735960176 0.33345558704630696 0.34261670049659637 0.3517778139468858 0.3609389273971752 0.3701000408474646 0.3852999703727204 0.40695553090452197 0.4286110914363236 0.4502666519681252 0.4719222124999268 0.4935777730317653 0.5152333335635669 0.5368888940953684 0.5585444546271701 0.5802000151589717 0.6018555756907733 0.6235111362225749 0.6451666967543765 0.666822257286178 0.6884778178179797 0.7101333783497813 0.7317889388815828 0.7534444994133844 0.775100059945223 0.7967556204770245 0.8184111810088261 0.8400667415406278 0.8617223020724294 0.883377862604231 0.9050334231360326 0.9266889836678343 0.9483445441996359 0.9700001047314373 0.9916556652632389 1.0133112257950405 1.0384592195416316
0.19003887863172814 0.19953332542856989 0.20902777222541163 0.21852221902225336 0.2280166658190951 0.23751111261593685 0.2470055594127786 0.2565000062096203 0.2659944530064621 0.2754888998033038 0.28498334660014557 0.2944777933969873 0.30397224019382907 0.313466686990687 0.3229611337875288 0.33245558058437047 0.3419500273812122 0.35144447417805397 0.3609389209748957 0.37043336777173747 0.3799278145685792 0.39562218411108274 0.41794441133598903 0.4402666385608953 0.4625888657858016 0.48491109301070784 0.5072333202356522 0.5295555474605584 0.5518777746854647 0.574200001910371 0.5965222291352773 0.6188444563601836 0.6411666835850898 0.6634889108099962 0.6858111380349023 0.7081333652598086 0.7304555924847149 0.7527778197096212 0.7751000469345275 0.7974222741594719 0.819744501384378 0.8420667286092844 0.8643889558341906 0.8867111830590969 0.9090334102840032 0.9313556375089095 0.9536778647338158 0.9760000919587221 0.9983223191836282 1.0206445464085345 1.0429667736334407 1.0686740295729247
0.19319998542179267 0.20302776556518645 0.21285554570858026 0.22268332585197406 0.23251110599536787 0.24233888613876164 0.25216666628215545 0.26199444642554925 0.27182222656894306 0.28165000671233686 0.29147778685573067 0.3013055669991245 0.3111333471425183 0.32096112728592885 0.3307889074293226 0.3406166875727164 0.3504444677161102 0.360272247859504 0.3701000280028978 0.3799278081462916 0.38975558828968543 0.4059443978494363 0.4289332917674467 0.45192218568545706 0.47491107960346746 0.49789997352147786 0.5208888674395274 0.5438777613575378 0.5668666552755482 0.5898555491935586 0.6128444431115689 0.6358333370295794 0.6588222309475897 0.6818111248656001 0.7048000187836105 0.7277889127016209 0.7507778066196313 0.7737667005376417 0.7967555944556521 0.8197444883737017 0.842733382291712 0.8657222762097225 0.8887111701277328 0.9117000640457433 0.9346889579637536 0.9576778518817641 0.9806667457997744 1.0036556397177847 1.0266445336357952 1.0496334275538055 1.072622321471816 1.098888839604192
0.20221307105242772 0.21248159271287947 0.2227501143733312 0.23301863603378292 0.24328715769423465 0.25355567935468637 0.26382420101513815 0.2740927226755898 0.2843612443360416 0.2946297659964933 0.30489828765694504 0.31516680931739677 0.3254353309778485 0.3357038526383177 0.3459723742987695 0.3562408959592212 0.36650941761967293 0.37677793928012465 0.3870464609405764 0.39731498260102815 0.4075835042614799 0.4245558596821338 0.4486947650602363 0.4728336704383388 0.4969725758164413 0.5211114811945438 0.5452503865726874 0.5693892919507899 0.5935281973288924 0.6176671027069949 0.6418060080850974 0.6659449134631998 0.6900838188413023 0.7142227242194048 0.7383616295975073 0.7625005349756098 0.7866394403537122 0.8107783457318147 0.8349172511099172 0.859056156488061 0.8831950618661635 0.907333967244266 0.9314728726223684 0.9556117780004709 0.9797506833785734 1.0038895887566759 1.0280284941347784 1.0521673995128809 1.0763063048909833 1.1004452102690858 1.1245841156471883 1.151867280181263
0.21748158318486854 0.22830566046705864 0.2391297377492487 0.2499538150314388 0.26077789231362886 0.27160196959581895 0.282426046878009 0.2932501241601991 0.30407420144238917 0.3148982787245792 0.32572235600676935 0.3365464332889594 0.3473705105711495 0.358194587853358 0.3690186651355481 0.3798427424177382 0.3906668196999282 0.4014908969821183 0.4123149742643084 0.42313905154649845 0.43396312882868854 0.4520280618613293 0.4778336335086004 0.5036392051558716 0.5294447768031426 0.5552503484504138 0.5810559200977288 0.6068614917449999 0.6326670633922711 0.6584726350395421 0.6842782066868132 0.7100837783340843 0.7358893499813555 0.7616949216286265 0.7875004932758976 0.8133060649231687 0.8391116365704399 0.8649172082177109 0.8907227798649819 0.9165283515122971 0.9423339231595682 0.9681394948068393 0.9939450664541104 1.0197506381013817 1.0455562097486526 1.0713617813959238 1.097167353043195 1.1229729246904658 1.148778496337737 1.1745840679850081 1.200389639632279 1.2291783641173266
0.2327500953173094 0.24412972822123785 0.25550936112516626 0.2668889940290947 0.2782686269330231 0.2896482598369515 0.30102789274087993 0.3124075256448084 0.32378715854873685 0.33516679145266526 0.34654642435659366 0.35792605726052207 0.36930569016445053 0.38068532306839836 0.39206495597232677 0.40344458887625523 0.41482422178018363 0.4262038546841121 0.4375834875880405 0.4489631204919689 0.46034275339589736 0.479500264040525 0.5069725019569646 0.5344447398734044 0.5619169777898441 0.5893892157062837 0.6168614536227702 0.6443336915392099 0.6718059294556497 0.6992781673720894 0.726750405288529 0.7542226432049687 0.7816948811214084 0.8091671190378481 0.8366393569542878 0.8641115948707274 0.8915838327871671 0.9190560707036068 0.9465283086200464 0.974000546536533 1.0014727844529727 1.0289450223694123 1.0564172602858521 1.083889498202292 1.1113617361187313 1.1388339740351712 1.166306211951611 1.1937784498680506 1.2212506877844902 1.24872292570093 1.2761951636173696 1.3064894480533897
0.24801860744975027 0.259953795975417 0.2718889845010838 0.28382417302675056 0.29575936155241733 0.3076945500780841 0.3196297386037509 0.3315649271294177 0.3435001156550845 0.35543530418075125 0.36737049270641803 0.3793056812320848 0.3912408697577516 0.4031760582834387 0.4151112468091055 0.42704643533477227 0.43898162386043904 0.4509168123861058 0.4628520009117726 0.47478718943743936 0.48672237796310613 0.5069724662197206 0.5361113704053289 0.5652502745909371 0.5943891787765454 0.6235280829621537 0.6526669871478117 0.68180589133342 0.7109447955190282 0.7400836997046365 0.7692226038902448 0.798361508075853 0.8275004122614613 0.8566393164470696 0.8857782206326779 0.9149171248182861 0.9440560290038944 0.9731949331895028 1.0023338373751112 1.031472741560769 1.0606116457463775 1.0897505499319857 1.118889454117594 1.1480283583032023 1.1771672624888105 1.2063061666744188 1.235445070860027 1.2645839750456354 1.2937228792312436 1.322861783416852 1.3520006876024602 1.3838005319894529
0.26328711958220413 0.2757778637296097 0.2882686078770153 0.30075935202442095 0.31325009617182653 0.3257408403192321 0.3382315844666377 0.3507223286140433 0.3632130727614489 0.37570381690885446 0.38819456105626005 0.4006853052036657 0.4131760493510713 0.4256667934984982 0.43815753764590376 0.45064828179330935 0.463139025940715 0.4756297700881206 0.48812051423552616 0.5006112583829317 0.5131020025303373 0.5344446683989396 0.5652502388537178 0.5960558093084962 0.6268613797632745 0.6576669502180528 0.6884725206728837 0.719278091127662 0.7500836615824402 0.7808892320372185 0.8116948024919969 0.8425003729467752 0.8733059434015535 0.9041115138563318 0.9349170843111101 0.9657226547658884 0.9965282252206666 1.0273337956754451 1.0581393661302232 1.088944936585054 1.1197505070398326 1.1505560774946106 1.1813616479493891 1.2121672184041674 1.2429727888589457 1.273778359313724 1.3045839297685022 1.3353895002232807 1.3661950706780588 1.3970006411328373 1.4278062115876156 1.4611116159255821
