Figures/CREST_Example_wjb_NSE/Rolling_result/20100722/raw_forecast/ens_3/wjb.rain.20100217.asc
ncols            288
nrows            254
xllcorner        113.274861
yllcorner        31.4918055
cellsize         0.008333333333
NODATA_value     -9999
[rows 84 to 104 of 254, columns 138 to 183 of 288]
0.06429100371964215 0.08274782187569098 0.10120464003173979 0.11966145818778862 0.13811827634383744 0.15657509449991774 0.17503191265596654 0.19348873081201537 0.2119455489680642 0.22148181788146162 0.22148181788146162 0.22148181788146162 0.22148181788146162 0.22148181788146162 0.22148181788146162 0.22148181788146162 0.22148181788146162 0.22148181788146162 0.22148181788146162 0.22148181788146162 0.22148181788146162 0.3057597104229201 0.4801325765372274 0.6545054426515347 0.8288783087658418 1.0032511748801491 1.1776240409944563 1.3519969071087636 1.526369773223071 1.7007426393373781 1.8751155054516853 2.04948837156629 2.223861237680597 2.3139562113373007 2.3139562113373007 2.3139562113373007 2.3139562113373007 2.3139562113373007 2.3139562113373007 2.3139562113373007 2.3139562113373007 2.3139562113373007 2.3139562113373007 2.3139562113373007 2.3139562113373007 2.377581471114509
0.06690278231402849 0.0861093962391815 0.1053160101643345 0.12452262408948753 0.14372923801464052 0.1629358519398263 0.1821424658649793 0.2013490797901323 0.22055569371528533 0.2304793671110725 0.2304793671110725 0.2304793671110725 0.2304793671110725 0.2304793671110725 0.2304793671110725 0.2304793671110725 0.2304793671110725 0.2304793671110725 0.2304793671110725 0.2304793671110725 0.2304793671110725 0.3178012910063706 0.49847232685065435 0.6791433626949381 0.8598143985392219 1.0404854343835055 1.2211564702277893 1.401827506072073 1.5824985419163569 1.7631695777606406 1.9438406136049244 2.124511649449516 2.3051826852938 2.3985317973296696 2.3985317973296696 2.3985317973296696 2.3985317973296696 2.3985317973296696 2.3985317973296696 2.3985317973296696 2.3985317973296696 2.3985317973296696 2.3985317973296696 2.3985317973296696 2.3985317973296696 2.463506774681055
0.06632180210782161 0.08536162681834382 0.10440145152886604 0.12344127623938826 0.14248110094991048 0.16152092566046516 0.1805607503709874 0.1996005750815096 0.21864039979203184 0.22847789653542283 0.22847789653542283 0.22847789653542283 0.22847789653542283 0.22847789653542283 0.22847789653542283 0.22847789653542283 0.22847789653542283 0.22847789653542283 0.22847789653542283 0.22847789653542283 0.22847789653542283 0.31555286292052426 0.49571293808979744 0.6758730132590707 0.8560330884283439 1.0361931635976172 1.2163532387668903 1.3965133139361636 1.5766733891054368 1.7568334642747099 1.9369935394439832 2.1171536146135637 2.297313689782837 2.3903987986536466 2.3903987986536466 2.3903987986536466 2.3903987986536466 2.3903987986536466 2.3903987986536466 2.3903987986536466 2.3903987986536466 2.3903987986536466 2.3903987986536466 2.3903987986536466 2.3903987986536466 2.4514143350179998
0.06574082190161473 0.08461385739750617 0.1034868928933976 0.12235992838928904 0.14123296388518047 0.1601059993811041 0.17897903487699554 0.19785207037288696 0.2167251058687784 0.2264764259597732 0.2264764259597732 0.2264764259597732 0.2264764259597732 0.2264764259597732 0.2264764259597732 0.2264764259597732 0.2264764259597732 0.2264764259597732 0.2264764259597732 0.2264764259597732 0.2264764259597732 0.3133044348346779 0.4929535493289405 0.6726026638232031 0.8522517783174657 1.0319008928117284 1.211550007305991 1.3911991218002535 1.5708482362945162 1.7504973507887787 1.9301464652830413 2.1097955797776105 2.289444694271873 2.382265799977623 2.382265799977623 2.382265799977623 2.382265799977623 2.382265799977623 2.382265799977623 2.382265799977623 2.382265799977623 2.382265799977623 2.382265799977623 2.382265799977623 2.382265799977623 2.4393218953549436
0.06515984169540785 0.08386608797666849 0.10257233425792914 0.12127858053918979 0.13998482682045044 0.158691073101743 0.17739731938300363 0.19610356566426426 0.21480981194552493 0.22447495538412351 0.22447495538412351 0.22447495538412351 0.22447495538412351 0.22447495538412351 0.22447495538412351 0.22447495538412351 0.22447495538412351 0.22447495538412351 0.22447495538412351 0.22447495538412351 0.22447495538412351 0.3110560067488315 0.4901941605680835 0.6693323143873355 0.8484704682065876 1.0276086220258396 1.2067467758450916 1.3858849296643434 1.5650230834835954 1.7441612373028474 1.9232993911220995 2.1024375449416572 2.2815756987609093 2.3741328013016 2.3741328013016 2.3741328013016 2.3741328013016 2.3741328013016 2.3741328013016 2.3741328013016 2.3741328013016 2.3741328013016 2.3741328013016 2.3741328013016 2.3741328013016 2.427229455691888
0.06457886148920097 0.08311831855583084 0.1016577756224607 0.12019723268909056 0.13873668975572043 0.1572761468223819 0.17581560388901177 0.19435506095564162 0.21289451802227147 0.22247348480847387 0.22247348480847387 0.22247348480847387 0.22247348480847387 0.22247348480847387 0.22247348480847387 0.22247348480847387 0.22247348480847387 0.22247348480847387 0.22247348480847387 0.22247348480847387 0.22247348480847387 0.30880757866298514 0.4874347718072266 0.6660619649514681 0.8446891580957094 1.023316351239951 1.2019435443841924 1.380570737528434 1.5591979306726753 1.7378251238169167 1.9164523169611583 2.095079510105704 2.2737067032499456 2.3659998026255766 2.3659998026255766 2.3659998026255766 2.3659998026255766 2.3659998026255766 2.3659998026255766 2.3659998026255766 2.3659998026255766 2.3659998026255766 2.3659998026255766 2.3659998026255766 2.3659998026255766 2.4151370160288317
0.06399788128299409 0.08237054913499317 0.10074321698699225 0.11911588483899133 0.13748855269099042 0.15586122054302082 0.17423388839501988 0.19260655624701897 0.21097922409901804 0.22047201423282423 0.22047201423282423 0.22047201423282423 0.22047201423282423 0.22047201423282423 0.22047201423282423 0.22047201423282423 0.22047201423282423 0.22047201423282423 0.22047201423282423 0.22047201423282423 0.22047201423282423 0.3065591505771388 0.4846753830463697 0.6627916155156005 0.8409078479848314 1.0190240804540622 1.1971403129232931 1.375256545392524 1.553372777861755 1.731489010330986 1.9096052428002166 2.0877214752697513 2.265837707738982 2.3578668039495536 2.3578668039495536 2.3578668039495536 2.3578668039495536 2.3578668039495536 2.3578668039495536 2.3578668039495536 2.3578668039495536 2.3578668039495536 2.3578668039495536 2.3578668039495536 2.3578668039495536 2.403044576365776
0.06341690107678721 0.0816227797141555 0.09982865835152378 0.11803453698889207 0.13624041562626035 0.1544462942636597 0.172652172901028 0.19085805153839627 0.20906393017576455 0.21847054365717455 0.21847054365717455 0.21847054365717455 0.21847054365717455 0.21847054365717455 0.21847054365717455 0.21847054365717455 0.21847054365717455 0.21847054365717455 0.21847054365717455 0.21847054365717455 0.21847054365717455 0.30431072249129243 0.4819159942855127 0.6595212660797329 0.8371265378739532 1.0147318096681734 1.192337081462394 1.369942353256614 1.5475476250508342 1.7251528968450545 1.902758168639275 2.080363440433798 2.257968712228018 2.34973380527353 2.34973380527353 2.34973380527353 2.34973380527353 2.34973380527353 2.34973380527353 2.34973380527353 2.34973380527353 2.34973380527353 2.34973380527353 2.34973380527353 2.34973380527353 2.3909521367027198
0.06283592087057983 0.0808750102933172 0.09891409971605455 0.11695318913879191 0.13499227856152926 0.1530313679842974 0.17107045740703475 0.1891095468297721 0.20714863625250945 0.2164690730815232 0.2164690730815232 0.2164690730815232 0.2164690730815232 0.2164690730815232 0.2164690730815232 0.2164690730815232 0.2164690730815232 0.2164690730815232 0.2164690730815232 0.2164690730815232 0.2164690730815232 0.30206229440544413 0.4791566055246534 0.6562509166438626 0.8333452277630718 1.010439538882281 1.1875338500014903 1.3646281611206996 1.541722472239909 1.7188167833591184 1.8959110944783273 2.0730054055978386 2.250099716717048 2.3416008065975 2.3416008065975 2.3416008065975 2.3416008065975 2.3416008065975 2.3416008065975 2.3416008065975 2.3416008065975 2.3416008065975 2.3416008065975 2.3416008065975 2.3416008065975 2.378859697039654
0.062254940664372954 0.08012724087247952 0.09799954108058609 0.11587184128869266 0.13374414149679922 0.15161644170493627 0.16948874191304283 0.1873610421211494 0.20523334232925597 0.21446760250587354 0.21446760250587354 0.21446760250587354 0.21446760250587354 0.21446760250587354 0.21446760250587354 0.21446760250587354 0.21446760250587354 0.21446760250587354 0.21446760250587354 0.21446760250587354 0.21446760250587354 0.2998138663195978 0.4763972167637965 0.6529805672079951 0.8295639176521938 1.0061472680963925 1.1827306185405912 1.35931396898479 1.5358973194289887 1.7124806698731874 1.889064020317386 2.065647370761886 2.2422307212060844 2.333467807921477 2.333467807921477 2.333467807921477 2.333467807921477 2.333467807921477 2.333467807921477 2.333467807921477 2.333467807921477 2.333467807921477 2.333467807921477 2.333467807921477 2.333467807921477 2.366767257376598
0.06167396045816607 0.07937947145164184 0.09708498244511762 0.1147904934385934 0.1324960044320692 0.15020151542557517 0.16790702641905095 0.18561253741252673 0.2033180484060025 0.21246613193022387 0.21246613193022387 0.21246613193022387 0.21246613193022387 0.21246613193022387 0.21246613193022387 0.21246613193022387 0.21246613193022387 0.21246613193022387 0.21246613193022387 0.21246613193022387 0.21246613193022387 0.2975654382337514 0.4736378280029395 0.6497102177721277 0.8257826075413158 1.0018549973105038 1.177927387079692 1.35399977684888 1.5300721666180683 1.7061445563872564 1.8822169461564444 2.0582893359259327 2.2343617256951207 2.3253348092454535 2.3253348092454535 2.3253348092454535 2.3253348092454535 2.3253348092454535 2.3253348092454535 2.3253348092454535 2.3253348092454535 2.3253348092454535 2.3253348092454535 2.3253348092454535 2.3253348092454535 2.354674817713542
0.061092980251959195 0.07863170203080419 0.09617042380964919 0.11370914558849418 0.13124786736733918 0.14878658914621407 0.16632531092505906 0.18386403270390406 0.20140275448274905 0.21046466135457423 0.21046466135457423 0.21046466135457423 0.21046466135457423 0.21046466135457423 0.21046466135457423 0.21046466135457423 0.21046466135457423 0.21046466135457423 0.21046466135457423 0.21046466135457423 0.21046466135457423 0.29531701014790507 0.4708784392420826 0.6464398683362601 0.8220012974304376 0.9975627265246151 1.1731241556187926 1.3486855847129702 1.5242470138071476 1.6998084429013252 1.8753698719955025 2.0509313010899795 2.226492730184157 2.3172018105694305 2.3172018105694305 2.3172018105694305 2.3172018105694305 2.3172018105694305 2.3172018105694305 2.3172018105694305 2.3172018105694305 2.3172018105694305 2.3172018105694305 2.3172018105694305 2.3172018105694305 2.342582378050486
0.06051200004575232 0.07788393260996652 0.09525586517418073 0.11262779773839494 0.12999973030260917 0.147371662866853 0.1647435954310672 0.1821155279952814 0.19948746055949562 0.20846319077892458 0.20846319077892458 0.20846319077892458 0.20846319077892458 0.20846319077892458 0.20846319077892458 0.20846319077892458 0.20846319077892458 0.20846319077892458 0.20846319077892458 0.20846319077892458 0.20846319077892458 0.2930685820620587 0.4681190504812256 0.6431695189003925 0.8182199873195595 0.9932704557387264 1.1683209241578931 1.34337139257706 1.518421860996227 1.693472329415394 1.8685227978345609 2.0435732662540262 2.2186237346731934 2.309068811893407 2.309068811893407 2.309068811893407 2.309068811893407 2.309068811893407 2.309068811893407 2.309068811893407 2.309068811893407 2.309068811893407 2.309068811893407 2.309068811893407 2.309068811893407 2.33048993838743
0.06021183081606118 0.07749759006569144 0.0947833493153217 0.11206910856495196 0.12935486781458222 0.14664062706424194 0.1639263863138722 0.18121214556350249 0.19849790481313273 0.20742911100387573 0.20742911100387573 0.20742911100387573 0.20742911100387573 0.20742911100387573 0.20742911100387573 0.20742911100387573 0.20742911100387573 0.20742911100387573 0.20742911100387573 0.20742911100387573 0.20742911100387573 0.29190690922134216 0.46669338470136623 0.6414798601813902 0.8162663356614144 0.9910528111414384 1.1658392866214626 1.3406257621014865 1.5154122375815107 1.6901987130615348 1.8649851885415587 2.039771664021881 2.214558139501905 2.3048668168485165 2.3048668168485165 2.3048668168485165 2.3048668168485165 2.3048668168485165 2.3048668168485165 2.3048668168485165 2.3048668168485165 2.3048668168485165 2.3048668168485165 2.3048668168485165 2.3048668168485165 2.324242258587039
0.06021183081606118 0.07749759006569144 0.0947833493153217 0.11206910856495196 0.12935486781458222 0.14664062706424194 0.1639263863138722 0.18121214556350249 0.19849790481313273 0.20742911100387573 0.20742911100387573 0.20742911100387573 0.20742911100387573 0.20742911100387573 0.20742911100387573 0.20742911100387573 0.20742911100387573 0.20742911100387573 0.20742911100387573 0.20742911100387573 0.20742911100387573 0.29190690922134216 0.46669338470136623 0.6414798601813902 0.8162663356614144 0.9910528111414384 1.1658392866214626 1.3406257621014865 1.5154122375815107 1.6901987130615348 1.8649851885415587 2.039771664021881 2.214558139501905 2.3048668168485165 2.3048668168485165 2.3048668168485165 2.3048668168485165 2.3048668168485165 2.3048668168485165 2.3048668168485165 2.3048668168485165 2.3048668168485165 2.3048668168485165 2.3048668168485165 2.3048668168485165 2.324242258587039
0.06021183081606118 0.07749759006569144 0.0947833493153217 0.11206910856495196 0.12935486781458222 0.14664062706424194 0.1639263863138722 0.18121214556350249 0.19849790481313273 0.20742911100387573 0.20742911100387573 0.20742911100387573 0.20742911100387573 0.20742911100387573 0.20742911100387573 0.20742911100387573 0.20742911100387573 0.20742911100387573 0.20742911100387573 0.20742911100387573 0.20742911100387573 0.29190690922134216 0.46669338470136623 0.6414798601813902 0.8162663356614144 0.9910528111414384 1.1658392866214626 1.3406257621014865 1.5154122375815107 1.6901987130615348 1.8649851885415587 2.039771664021881 2.214558139501905 2.3048668168485165 2.3048668168485165 2.3048668168485165 2.3048668168485165 2.3048668168485165 2.3048668168485165 2.3048668168485165 2.3048668168485165 2.3048668168485165 2.3048668168485165 2.3048668168485165 2.3048668168485165 2.324242258587039
0.06021183081606118 0.07749759006569144 0.0947833493153217 0.11206910856495196 0.12935486781458222 0.14664062706424194 0.1639263863138722 0.18121214556350249 0.19849790481313273 0.20742911100387573 0.20742911100387573 0.20742911100387573 0.20742911100387573 0.20742911100387573 0.20742911100387573 0.20742911100387573 0.20742911100387573 0.20742911100387573 0.20742911100387573 0.20742911100387573 0.20742911100387573 0.29190690922134216 0.46669338470136623 0.6414798601813902 0.8162663356614144 0.9910528111414384 1.1658392866214626 1.3406257621014865 1.5154122375815107 1.6901987130615348 1.8649851885415587 2.039771664021881 2.214558139501905 2.3048668168485165 2.3048668168485165 2.3048668168485165 2.3048668168485165 2.3048668168485165 2.3048668168485165 2.3048668168485165 2.3048668168485165 2.3048668168485165 2.3048668168485165 2.3048668168485165 2.3048668168485165 2.324242258587039
0.06021183081606118 0.07749759006569144 0.0947833493153217 0.11206910856495196 0.12935486781458222 0.14664062706424194 0.1639263863138722 0.18121214556350249 0.19849790481313273 0.20742911100387573 0.20742911100387573 0.20742911100387573 0.20742911100387573 0.20742911100387573 0.20742911100387573 0.20742911100387573 0.20742911100387573 0.20742911100387573 0.20742911100387573 0.20742911100387573 0.20742911100387573 0.29190690922134216 0.46669338470136623 0.6414798601813902 0.8162663356614144 0.9910528111414384 1.1658392866214626 1.3406257621014865 1.5154122375815107 1.6901987130615348 1.8649851885415587 2.039771664021881 2.214558139501905 2.3048668168485165 2.3048668168485165 2.3048668168485165 2.3048668168485165 2.3048668168485165 2.3048668168485165 2.3048668168485165 2.3048668168485165 2.3048668168485165 2.3048668168485165 2.3048668168485165 2.3048668168485165 2.324242258587039
0.06021183081606118 0.07749759006569144 0.0947833493153217 0.11206910856495196 0.12935486781458222 0.14664062706424194 0.1639263863138722 0.18121214556350249 0.19849790481313273 0.20742911100387573 0.20742911100387573 0.20742911100387573 0.20742911100387573 0.20742911100387573 0.20742911100387573 0.20742911100387573 0.20742911100387573 0.20742911100387573 0.20742911100387573 0.20742911100387573 0.20742911100387573 0.29190690922134216 0.46669338470136623 0.6414798601813902 0.8162663356614144 0.9910528111414384 1.1658392866214626 1.3406257621014865 1.5154122375815107 1.6901987130615348 1.8649851885415587 2.039771664021881 2.214558139501905 2.3048668168485165 2.3048668168485165 2.3048668168485165 2.3048668168485165 2.3048668168485165 2.3048668168485165 2.3048668168485165 2.3048668168485165 2.3048668168485165 2.3048668168485165 2.3048668168485165 2.3048668168485165 2.324242258587039
0.06021183081606118 0.07749759006569144 0.0947833493153217 0.11206910856495196 0.12935486781458222 0.14664062706424194 0.1639263863138722 0.18121214556350249 0.19849790481313273 0.20742911100387573 0.20742911100387573 0.20742911100387573 0.20742911100387573 0.20742911100387573 0.20742911100387573 0.20742911100387573 0.20742911100387573 0.20742911100387573 0.20742911100387573 0.20742911100387573 0.20742911100387573 0.29190690922134216 0.46669338470136623 0.6414798601813902 0.8162663356614144 0.9910528111414384 1.1658392866214626 1.3406257621014865 1.5154122375815107 1.6901987130615348 1.8649851885415587 2.039771664021881 2.214558139501905 2.3048668168485165 2.3048668168485165 2.3048668168485165 2.3048668168485165 2.3048668168485165 2.3048668168485165 2.3048668168485165 2.3048668168485165 2.3048668168485165 2.3048668168485165 2.3048668168485165 2.3048668168485165 2.324242258587039
0.06021183081606118 0.07749759006569144 0.0947833493153217 0.11206910856495196 0.12935486781458222 0.14664062706424194 0.1639263863138722 0.18121214556350249 0.19849790481313273 0.20742911100387573 0.20742911100387573 0.20742911100387573 0.20742911100387573 0.20742911100387573 0.20742911100387573 0.20742911100387573 0.20742911100387573 0.20742911100387573 0.20742911100387573 0.20742911100387573 0.20742911100387573 0.29190690922134216 0.46669338470136623 0.6414798601813902 0.8162663356614144 0.9910528111414384 1.1658392866214626 1.3406257621014865 1.5154122375815107 1.6901987130615348 1.8649851885415587 2.039771664021881 2.214558139501905 2.3048668168485165 2.3048668168485165 2.3048668168485165 2.3048668168485165 2.3048668168485165 2.3048668168485165 2.3048668168485165 2.3048668168485165 2.3048668168485165 2.3048668168485165 2.3048668168485165 2.3048668168485165 2.324242258587039
