Figures/CREST_Example_wjb_NSE/Rolling_result/20100722/raw_forecast/ens_3/wjb.rain.20100730.asc
ncols            288
nrows            254
xllcorner        113.274861
yllcorner        31.4918055
cellsize         0.008333333333
NODATA_value     -9999
[rows 114 to 132 of 254, columns 220 to 263 of 288]
2.6376110708136684 2.690577746967035 2.743544423120311 2.7965110992735878 2.849477775426864 2.9024444515801404 2.9554111277334165 3.0083778038866926 3.061344480039969 3.1143111561932453 3.167277832346522 3.220244508499798 3.273211184653074 3.32617786080635 3.379144536959717 3.4321112131129934 3.4850778892662695 3.5198448812035967 3.535155998776785 3.5504671163499735 3.5657782339231616 3.5810893514963498 3.5964004690695384 3.6117115866427265 3.6270227042159147 3.6423338217891033 3.6576449393622914 3.6729560569355058 3.688267174508694 3.7035782920818825 3.7188894096550706 3.734200527228259 3.7495116448014474 3.7648227623746355 3.7801338799478237 -9999.0 -9999.0 -9999.0 -9999.0 -9999.0 -9999.0 -9999.0 -9999.0 -9999.0
2.6579110475842898 2.7128777238169723 2.767844400049561 2.8228110762821492 2.8777777525147377 2.9327444287473265 2.9877111049799154 3.042677781212504 3.0976444574450923 3.1526111336776808 3.2075778099102696 3.262544486142858 3.317511162375447 3.3724778386080354 3.427444514840718 3.4824111910733064 3.537377867305895 3.5738226458547073 3.5904670965491943 3.607111547243681 3.623755997938168 3.640400448632655 3.657044899327142 3.673689350021629 3.690333800716116 3.706978251410603 3.7236227021050903 3.7402671527996056 3.7569116034940926 3.7735560541885795 3.7902005048830665 3.8068449555775534 3.8234894062720404 3.8401338569665273 3.8567783076610143 3.873422758355501 3.890067209049988 -9999.0 -9999.0 -9999.0 -9999.0 -9999.0 -9999.0 -9999.0
2.6782110243549107 2.7351777006669087 2.7921443769788095 2.8491110532907102 2.9060777296026115 2.9630444059145127 3.0200110822264135 3.0769777585383142 3.133944434850215 3.190911111162116 3.247877787474017 3.3048444637859182 3.361811140097819 3.41877781640972 3.475744492721718 3.532711169033619 3.58967784534552 3.6278004105058175 3.645778194321603 3.663755978137389 3.6817337619531747 3.69971154576896 3.7176893295847457 3.7356671134005315 3.7536448972163172 3.771622681032103 3.7896004648478887 3.807578248663705 3.825556032479491 3.8435338162952766 3.861511600111062 3.8794893839268476 3.8974671677426334 3.915444951558419 3.933422735374205 3.9514005191899906 3.9693783030057763 3.987356086821562 -9999.0 -9999.0 -9999.0 -9999.0 -9999.0 -9999.0
2.6985110011255315 2.7574776775168455 2.816444353908059 2.875411030299272 2.9343777066904853 2.9933443830816984 3.052311059472912 3.111277735864125 3.1702444122553386 3.2292110886465517 3.288177765037765 3.347144441428978 3.4061111178201915 3.465077794211405 3.5240444706027185 3.5830111469939316 3.641977823385145 3.681778175156928 3.701089292094012 3.7204004090310967 3.7397115259681812 3.7590226429052653 3.77833375984235 3.7976448767794344 3.8169559937165185 3.836267110653603 3.8555782275906876 3.874889344527805 3.894200461464889 3.9135115784019736 3.932822695339058 3.9521338122761422 3.971444929213227 3.9907560461503113 4.010067163087395 4.0293782800244795 4.0486893969615645 4.068000513898649 4.087311630835733 4.106622747772818 -9999.0 -9999.0 -9999.0 -9999.0
2.71881097789617 2.7797776543668014 2.840744330837329 2.9017110073078562 2.9626776837783835 3.0236443602489107 3.084611036719438 3.145577713189965 3.206544389660493 3.26751106613102 3.3284777426015473 3.389444419072075 3.450411095542602 3.5113777720131294 3.5723444484837605 3.6333111249542878 3.694277801424815 3.735755939808085 3.756400389866469 3.7770448399248533 3.7976892899832375 3.8183337400416217 3.838978190100006 3.85962264015839 3.8802670902167744 3.9009115402751586 3.9215559903335424 3.942200440391962 3.9628448904503464 3.98348934050873 4.004133790567114 4.024778240625499 4.045422690683883 4.066067140742267 4.086711590800651 4.1073560408590355 4.12800049091742 4.148644940975804 4.169289391034188 4.189933841092572 -9999.0 -9999.0 -9999.0 -9999.0
2.739110954666791 2.802077631216738 2.8650443077665777 2.9280109843164173 2.990977660866257 3.053944337416097 3.1169110139659364 3.179877690515776 3.242844367065616 3.3058110436154555 3.368777720165295 3.4317443967151346 3.494711073264974 3.5576777498148138 3.620644426364761 3.6836111029146004 3.74657777946444 3.789733704459195 3.811711487638878 3.8336892708185606 3.8556670539982436 3.8776448371779266 3.899622620357609 3.9216004035372922 3.9435781867169752 3.965555969896658 3.987533753076341 4.009511536256062 4.031489319435744 4.053467102615427 4.07544488579511 4.097422668974793 4.119400452154475 4.141378235334159 4.163356018513841 4.185333801693524 4.207311584873207 4.22928936805289 4.251267151232573 4.273244934412256 4.295222717591976 -9999.0 -9999.0 -9999.0
2.7594109314374125 2.824377608066675 2.8893442846958273 2.954310961324979 3.019277637954131 3.084244314583283 3.149210991212435 3.2141776678415868 3.2791443444707387 3.3441110210998906 3.409077697729043 3.474044374358195 3.5390110509873467 3.603977727616499 3.6689444042457615 3.7339110808749134 3.7988777575040658 3.8437114691103056 3.867022585411287 3.8903337017122688 3.91364481801325 3.936955934314232 3.9602670506152133 3.983578166916195 4.006889283217177 4.030200399518158 4.05351151581914 4.076822632120161 4.100133748421142 4.123444864722124 4.146755981023106 4.170067097324087 4.193378213625069 4.216689329926051 4.240000446227032 4.263311562528013 4.286622678828995 4.309933795129977 4.333244911430958 4.35655602773194 4.3798671440329615 4.403178260333942 4.426489376634924 -9999.0
2.7797109082080333 2.8466775849166117 2.913644261625076 2.98061093833354 3.0475776150420044 3.114544291750469 3.1815109684589333 3.2484776451673976 3.3154443218758622 3.3824109985843265 3.4493776752927907 3.516344352001255 3.583311028709719 3.6502777054181834 3.7172443821267622 3.7842110588352265 3.8511777355436907 3.897689233761416 3.9223336831836964 3.9469781326059765 3.971622582028257 3.9962670314505373 4.020911480872818 4.045555930295098 4.070200379717378 4.094844829139658 4.119489278561939 4.1441337279842605 4.1687781774065416 4.193422626828822 4.218067076251102 4.242711525673382 4.267355975095662 4.292000424517942 4.316644873940223 4.341289323362503 4.365933772784783 4.390578222207064 4.415222671629344 4.439867121051624 4.464511570473946 4.489156019896226 4.513800469318507 -9999.0
2.8000108849786542 2.868977561766549 2.9379442385543255 3.006910915342102 3.0758775921298787 3.1448442689176552 3.213810945705432 3.2827776224932084 3.351744299280985 3.4207109760687615 3.4896776528565385 3.558644329644315 3.6276110064320917 3.6965776832198687 3.7655443600077625 3.834511036795539 3.9034777135833156 3.9516669984125268 3.9776447809561057 4.003622563499684 4.029600346043264 4.055578128586842 4.081555911130422 4.107533693674 4.1335114762175795 4.159489258761158 4.1854670413047375 4.21144482384836 4.237422606391939 4.263400388935518 4.289378171479097 4.315355954022676 4.341333736566255 4.367311519109834 4.393289301653413 4.419267084196992 4.445244866740571 4.47122264928415 4.4972004318277286 4.523178214371308 4.549155996914931 4.575133779458509 4.601111562002089 4.627089344545667
2.8203108617492756 2.8912775386164853 2.9622442154835746 3.0332108923506635 3.1041775692177525 3.175144246084842 3.2461109229519307 3.3170775998190196 3.3880442766861085 3.4590109535531974 3.5299776304202863 3.6009443072873752 3.671910984154464 3.742877661021553 3.813844337888763 3.8848110147558526 3.9557776916229415 4.0056447630636365 4.032955878728514 4.060266994393392 4.08757811005827 4.1148892257231475 4.142200341388025 4.169511457052903 4.196822572717781 4.224133688382658 4.251444804047535 4.27875591971246 4.306067035377337 4.333378151042215 4.360689266707093 4.38800038237197 4.415311498036848 4.442622613701726 4.469933729366604 4.4972448450314815 4.524555960696359 4.551867076361236 4.579178192026114 4.606489307690992 4.633800423355916 4.661111539020793 4.688422654685671 4.715733770350549
2.840610838519914 2.913577515466441 2.986544192412844 3.059510869359247 3.1324775463056502 3.2054442232520532 3.2784109001984563 3.3513775771448593 3.4243442540912623 3.4973109310376653 3.5702776079840683 3.6432442849304714 3.7162109618768744 3.7891776388232774 3.8621443157698048 3.935110992716208 4.008077669662611 4.059622527714794 4.088266976500971 4.116911425287149 4.145555874073326 4.1742003228595035 4.2028447716456805 4.231489220431858 4.260133669218035 4.288778118004213 4.317422566790391 4.346067015576617 4.374711464362795 4.403355913148972 4.43200036193515 4.460644810721327 4.489289259507505 4.517933708293683 4.54657815707986 4.5752226058660375 4.6038670546522145 4.632511503438392 4.661155952224569 4.689800401010747 4.718444849796974 4.747089298583151 4.775733747369329 4.804378196155506
2.860910815290535 2.935877492316378 3.0108441693420933 3.0858108463678087 3.160777523393524 3.2357442004192394 3.3107108774449547 3.38567755447067 3.460644231496385 3.5356109085221004 3.6105775855478157 3.685544262573531 3.7605109395992464 3.835477616624962 3.910444293650805 3.9854109706765204 4.060377647702236 4.113600292365904 4.14357807427338 4.173555856180856 4.203533638088333 4.233511419995809 4.263489201903285 4.293466983810761 4.323444765718237 4.353422547625713 4.383400329533189 4.413378111440717 4.443355893348193 4.473333675255669 4.503311457163145 4.533289239070621 4.563267020978097 4.5932448028855735 4.62322258479305 4.653200366700526 4.683178148608002 4.713155930515478 4.743133712422955 4.773111494330431 4.803089276237958 4.833067058145434 4.86304484005291 4.8930226219603865
2.881210792061156 2.9581774691663147 3.0351441462713424 3.11211082337637 3.189077500481398 3.2660441775864255 3.343010854691453 3.419977531796481 3.4969442089015086 3.5739108860065363 3.650877563111564 3.7278442402165917 3.8048109173216194 3.881777594426647 3.958744271531806 4.035710948636834 4.112677625741862 4.167578057017014 4.1988891720457895 4.230200287074564 4.261511402103339 4.292822517132114 4.324133632160889 4.355444747189663 4.386755862218439 4.418066977247213 4.449378092275988 4.480689207304817 4.512000322333591 4.543311437362366 4.5746225523911415 4.605933667419916 4.637244782448691 4.668555897477466 4.699867012506241 4.731178127535015 4.76248924256379 4.793800357592565 4.82511147262134 4.856422587650115 4.887733702678943 4.919044817707718 4.9503559327364925 4.981667047765268
2.901510768831777 2.980477446016252 3.059444123200592 3.138410800384932 3.217377477569272 3.296344154753612 3.375310831937952 3.454277509122292 3.533244186306632 3.612210863490972 3.6911775406753122 3.770144217859652 3.849110895043992 3.928077572228332 4.0070442494128065 4.0860109265971465 4.1649776037814865 4.221555821668125 4.254200269818199 4.286844717968272 4.319489166118346 4.3521336142684195 4.384778062418492 4.417422510568566 4.45006695871864 4.482711406868713 4.515355855018787 4.548000303168917 4.58064475131899 4.6132891994690635 4.645933647619137 4.67857809576921 4.711222543919284 4.743866992069358 4.776511440219431 4.809155888369505 4.8418003365195785 4.874444784669652 4.907089232819725 4.939733680969799 4.972378129119928 5.005022577270002 5.037667025420076 5.070311473570149
2.9218107456023983 3.0027774228661883 3.0837441001298407 3.164710777393493 3.2456774546571454 3.3266441319207978 3.40761080918445 3.4885774864481025 3.569544163711755 3.6505108409754072 3.7314775182390596 3.812444195502712 3.8934108727663643 3.9743775500300167 4.055344227293807 4.13631090455746 4.2172775818211115 4.275533586319235 4.309511367590607 4.3434891488619805 4.377466930133353 4.411444711404725 4.445422492676097 4.479400273947469 4.513378055218841 4.547355836490214 4.581333617761586 4.615311399033016 4.649289180304388 4.68326696157576 4.717244742847132 4.751222524118504 4.785200305389877 4.819178086661249 4.853155867932621 4.887133649203994 4.921111430475366 4.955089211746738 4.989066993018111 5.023044774289483 5.057022555560913 5.091000336832285 5.124978118103657 5.158955899375029
2.9421107223730196 3.0250773997161255 3.1080440770590902 3.191010754402055 3.2739774317450197 3.3569441090879844 3.439910786430949 3.5228774637739138 3.6058441411168785 3.688810818459843 3.771777495802808 3.8547441731457726 3.9377108504887373 4.020677527831702 4.103644205174808 4.186610882517773 4.269577559860737 4.329511350970346 4.364822465363017 4.400133579755688 4.435444694148359 4.47075580854103 4.506066922933701 4.541378037326372 4.576689151719043 4.612000266111713 4.647311380504385 4.682622494897116 4.717933609289787 4.7532447236824575 4.788555838075128 4.8238669524677995 4.85917806686047 4.8944891812531415 4.929800295645812 4.965111410038483 5.000422524431154 5.0357336388238245 5.071044753216496 5.1063558676091665 5.141666982001897 5.176978096394569 5.212289210787239 5.247600325179911
2.9624106991436405 3.0473773765660623 3.1323440539883394 3.2173107314106164 3.3022774088328934 3.3872440862551705 3.4722107636774475 3.5571774410997246 3.6421441185220016 3.7271107959442786 3.8120774733665557 3.8970441507888327 3.9820108282111097 4.066977505633387 4.151944183055809 4.236910860478085 4.321877537900363 4.383489115621456 4.420133563135426 4.456778010649396 4.493422458163366 4.5300669056773355 4.566711353191305 4.603355800705274 4.640000248219244 4.676644695733214 4.7132891432471835 4.7499335907612155 4.786578038275185 4.823222485789155 4.859866933303124 4.896511380817094 4.9331558283310635 4.969800275845033 5.006444723359003 5.043089170872973 5.079733618386942 5.1163780659009115 5.153022513414881 5.189666960928851 5.226311408442883 5.262955855956853 5.299600303470823 5.3362447509847915
2.9827106759142787 3.069677353416018 3.156644030917609 3.2436107084192 3.3305773859207912 3.4175440634223824 3.5045107409239735 3.5914774184255647 3.678444095927156 3.765410773428747 3.8523774509303377 3.939344128431929 4.0263108059335195 4.113277483435111 4.20024416093685 4.287210838438441 4.3741775159400325 4.437466880272613 4.475444660907883 4.513422441543152 4.5514002221784216 4.589378002813691 4.6273557834489605 4.6653335640842295 4.703311344719499 4.741289125354768 4.779266905990038 4.817244686625372 4.855222467260642 4.893200247895911 4.931178028531181 4.96915580916645 5.00713358980172 5.045111370436989 5.083089151072258 5.121066931707528 5.159044712342798 5.197022492978067 5.235000273613336 5.272978054248606 5.31095583488394 5.3489336155192095 5.386911396154479 5.4248891767897485
3.0030106526848996 3.091977330265955 3.1809440078468585 3.269910685427762 3.3588773630086655 3.447844040589569 3.536810718170472 3.6257773957513755 3.7147440733322785 3.803710750913182 3.8926774284940855 3.981644106074989 4.0706107836558925 4.159577461236796 4.24854413881785 4.337510816398755 4.426477493979657 4.491444644923724 4.530755758680292 4.57006687243686 4.6093779861934285 4.648689099949996 4.688000213706564 4.727311327463132 4.766622441219701 4.805933554976269 4.845244668732837 4.884555782489472 4.92386689624604 4.963178010002609 5.002489123759177 5.041800237515745 5.0811113512723125 5.120422465028881 5.159733578785449 5.199044692542017 5.2383558062985855 5.277666920055154 5.316978033811722 5.35628914756829 5.395600261324925 5.4349113750814935 5.474222488838061 5.513533602594629
