Figures/CREST_Example_wjb_NSE/Rolling_result/20100722/raw_forecast/ens_3/wjb.rain.20091102.asc
ncols            288
nrows            254
xllcorner        113.274861
yllcorner        31.4918055
cellsize         0.008333333333
NODATA_value     -9999
[rows 145 to 173 of 254, columns 195 to 259 of 288]
0.3801868935752772 0.4145511042618902 0.4489153149485031 0.4832795256351161 0.5176437363217291 0.5520079470083421 0.586372157694955 0.620736368381568 0.655100579068181 0.6894647897547939 0.723829000441407 0.7581932111280199 0.7759485117901589 0.7759485117901589 0.7759485117901589 0.7759485117901589 0.7759485117901589 0.7759485117901589 0.7759485117901589 0.7759485117901589 0.7759485117901589 0.7759485117901589 0.7759485117901589 0.7759485117901589 0.7446958927980206 0.6800335168181079 0.6153711408380849 0.5507087648581722 0.48604638887825946 0.4213840128983467 0.356721636918434 0.29205926093852125 0.22739688495860855 0.1627345089786958 0.09807213299878303 0.03340975701887039 0.0 0.0 0.0 0.0 0.0 0.0 0.0 0.0 0.0 0.0 0.0 0.0 0.0 0.0 0.0 0.0 0.0 0.0 0.0 0.0 0.0 0.0 0.0 0.0 0.0 0.0 0.0 0.0 0.0
0.381036569109538 0.4102245210574822 0.4394124730054264 0.4686004249533706 0.49778837690131483 0.526976328849259 0.5561642807972031 0.5853522327451475 0.6145401846930916 0.6437281366410359 0.67291608858898 0.7021040405369242 0.7171848717911018 0.7171848717911018 0.7171848717911018 0.7171848717911018 0.7171848717911018 0.7171848717911018 0.7171848717911018 0.7171848717911018 0.7171848717911018 0.7171848717911018 0.7171848717911018 0.7171848717911018 0.6882990562963306 0.6285336503161424 0.5687682443358522 0.509002838355664 0.4492374323754757 0.38947202639528744 0.3297066204150992 0.2699412144349109 0.21017580845472272 0.1504104024745344 0.09064499649434621 0.030879590514158006 0.0 0.0 0.0 0.0 0.0 0.0 0.0 0.0 0.0 0.0 0.0 0.0 0.0 0.0 0.0 0.0 0.0 0.0 0.0 0.0 0.0 0.0 0.0 0.0 0.0 0.0 0.0 0.0 0.0
0.3818862446437988 0.4058979378530742 0.42990963106234964 0.45392132427162507 0.4779330174809005 0.501944710690176 0.5259564038994514 0.5499680971087268 0.5739797903180023 0.5979914835272777 0.6220031767365531 0.6460148699458286 0.6584212317920447 0.6584212317920447 0.6584212317920447 0.6584212317920447 0.6584212317920447 0.6584212317920447 0.6584212317920447 0.6584212317920447 0.6584212317920447 0.6584212317920447 0.6584212317920447 0.6584212317920447 0.6319022197946406 0.5770337838141768 0.5221653478336195 0.4672969118531557 0.41242847587269194 0.3575600398922282 0.30269160391176436 0.2478231679313006 0.19295473195083684 0.13808629597037314 0.08321785998990927 0.028349424009445512 0.0 0.0 0.0 0.0 0.0 0.0 0.0 0.0 0.0 0.0 0.0 0.0 0.0 0.0 0.0 0.0 0.0 0.0 0.0 0.0 0.0 0.0 0.0 0.0 0.0 0.0 0.0 0.0 0.0
0.3827359201780595 0.40157135464866617 0.4204067891192729 0.4392422235898795 0.4580776580604862 0.4769130925310929 0.4957485270016996 0.5145839614723062 0.5334193959429129 0.5522548304135195 0.5710902648841263 0.5899256993547329 0.5996575917929876 0.5996575917929876 0.5996575917929876 0.5996575917929876 0.5996575917929876 0.5996575917929876 0.5996575917929876 0.5996575917929876 0.5996575917929876 0.5996575917929876 0.5996575917929876 0.5996575917929876 0.5755053832929505 0.5255339173122112 0.47556245133138675 0.42559098535064743 0.37561951936990823 0.3256480533891689 0.27567658740842965 0.22570512142769034 0.17573365544695108 0.12576218946621182 0.07579072348547256 0.02581925750473324 0.0 0.0 0.0 0.0 0.0 0.0 0.0 0.0 0.0 0.0 0.0 0.0 0.0 0.0 0.0 0.0 0.0 0.0 0.0 0.0 0.0 0.0 0.0 0.0 0.0 0.0 0.0 0.0 0.0
0.38358559571232026 0.3972447714442582 0.4109039471761961 0.42456312290813397 0.4382222986400719 0.4518814743720098 0.46554065010394774 0.47919982583588566 0.4928590015678236 0.5065181772997615 0.5201773530316994 0.5338365287636373 0.5408939517939305 0.5408939517939305 0.5408939517939305 0.5408939517939305 0.5408939517939305 0.5408939517939305 0.5408939517939305 0.5408939517939305 0.5408939517939305 0.5408939517939305 0.5408939517939305 0.5408939517939305 0.5191085467912605 0.4740340508102457 0.42895955482915404 0.3838850588481392 0.3388105628671244 0.29373606688610965 0.24866157090509483 0.20358707492408 0.15851257894306525 0.11343808296205043 0.06836358698103567 0.023289091000020856 0.0 0.0 0.0 0.0 0.0 0.0 0.0 0.0 0.0 0.0 0.0 0.0 0.0 0.0 0.0 0.0 0.0 0.0 0.0 0.0 0.0 0.0 0.0 0.0 0.0 0.0 0.0 0.0 0.0
0.3844352712465818 0.3929181882398465 0.40140110523311123 0.40988402222637593 0.4183669392196407 0.4268498562129054 0.43533277320617014 0.4438156901994349 0.4522986071926996 0.46078152418596435 0.46926444117922905 0.4777473581724938 0.4821303117948233 0.4821303117948233 0.4821303117948233 0.4821303117948233 0.4821303117948233 0.4821303117948233 0.4821303117948233 0.4821303117948233 0.4821303117948233 0.4821303117948233 0.4821303117948233 0.4821303117948233 0.4627117102895223 0.4225341843082362 0.38235665832688154 0.3421791323455954 0.3020016063643093 0.2618240803830232 0.22164655440173703 0.18146902842045087 0.14129150243916477 0.10111397645787862 0.06093645047659252 0.020758924495306363 0.0 0.0 0.0 0.0 0.0 0.0 0.0 0.0 0.0 0.0 0.0 0.0 0.0 0.0 0.0 0.0 0.0 0.0 0.0 0.0 0.0 0.0 0.0 0.0 0.0 0.0 0.0 0.0 0.0
0.3852849467808425 0.3885916050354385 0.39189826329003447 0.39520492154463044 0.3985115797992264 0.40181823805382233 0.4051248963084183 0.4084315545630143 0.41173821281761025 0.4150448710722062 0.4183515293268022 0.42165818758139817 0.4233666717957662 0.4233666717957662 0.4233666717957662 0.4233666717957662 0.4233666717957662 0.4233666717957662 0.4233666717957662 0.4233666717957662 0.4233666717957662 0.4233666717957662 0.4233666717957662 0.4233666717957662 0.40631487378783226 0.3710343178062706 0.33575376182464883 0.3004732058430872 0.2651926498615255 0.22991209387996386 0.1946315378984022 0.15935098191684055 0.1240704259352789 0.0887898699537173 0.05350931397215564 0.01822875799059398 0.0 0.0 0.0 0.0 0.0 0.0 0.0 0.0 0.0 0.0 0.0 0.0 0.0 0.0 0.0 0.0 0.0 0.0 0.0 0.0 0.0 0.0 0.0 0.0 0.0 0.0 0.0 0.0 0.0
0.38613462231510326 0.38426502183103045 0.3823954213469577 0.3805258208628849 0.3786562203788121 0.37678661989473927 0.3749170194106665 0.3730474189265937 0.3711778184425209 0.36930821795844815 0.36743861747437534 0.36556901699030253 0.3646030317967091 0.3646030317967091 0.3646030317967091 0.3646030317967091 0.3646030317967091 0.3646030317967091 0.3646030317967091 0.3646030317967091 0.3646030317967091 0.3646030317967091 0.3646030317967091 0.3646030317967091 0.34991803728614224 0.3195344513043051 0.2891508653224161 0.2587672793405789 0.22838369335874176 0.1980001073769046 0.16761652139506744 0.13723293541323028 0.10684934943139313 0.07646576344955597 0.04608217746771881 0.015698591485881597 0.0 0.0 0.0 0.0 0.0 0.0 0.0 0.0 0.0 0.0 0.0 0.0 0.0 0.0 0.0 0.0 0.0 0.0 0.0 0.0 0.0 0.0 0.0 0.0 0.0 0.0 0.0 0.0 0.0
0.38698429784936406 0.37993843862662247 0.37289257940388093 0.36584672018113934 0.3588008609583978 0.3517550017356562 0.3447091425129147 0.3376632832901731 0.33061742406743155 0.32357156484468996 0.3165257056219484 0.30947984639920684 0.30583939179765196 0.30583939179765196 0.30583939179765196 0.30583939179765196 0.30583939179765196 0.30583939179765196 0.30583939179765196 0.30583939179765196 0.30583939179765196 0.30583939179765196 0.30583939179765196 0.30583939179765196 0.29352120078445215 0.26803458480233944 0.2425479688201833 0.21706135283807065 0.191574736855958 0.1660881208738453 0.14060150489173262 0.11511488890961996 0.08962827292750727 0.06414165694539462 0.03865504096328193 0.013168424981169269 0.0 0.0 0.0 0.0 0.0 0.0 0.0 0.0 0.0 0.0 0.0 0.0 0.0 0.0 0.0 0.0 0.0 0.0 0.0 0.0 0.0 0.0 0.0 0.0 0.0 0.0 0.0 0.0 0.0
0.3878339733836248 0.3756118554222145 0.36338973746080416 0.35116761949939385 0.33894550153798353 0.32672338357657316 0.31450126561516284 0.3022791476537525 0.2900570296923422 0.2778349117309319 0.2656127937695215 0.25339067580811125 0.2470757517985949 0.2470757517985949 0.2470757517985949 0.2470757517985949 0.2470757517985949 0.2470757517985949 0.2470757517985949 0.2470757517985949 0.2470757517985949 0.2470757517985949 0.2470757517985949 0.2470757517985949 0.23712436428276212 0.21653471830037394 0.19594507231795064 0.17535542633556245 0.15476578035317423 0.13417613437078607 0.11358648838839785 0.09299684240600967 0.07240719642362148 0.05181755044123329 0.0312279044588451 0.010638258476456885 0.0 0.0 0.0 0.0 0.0 0.0 0.0 0.0 0.0 0.0 0.0 0.0 0.0 0.0 0.0 0.0 0.0 0.0 0.0 0.0 0.0 0.0 0.0 0.0 0.0 0.0 0.0 0.0 0.0
0.38868364891788554 0.3712852722178065 0.3538868955177274 0.3364885188176483 0.3190901421175692 0.3016917654174901 0.28429338871741106 0.2668950120173319 0.24949663531725286 0.23209825861717376 0.2146998819170947 0.1973015052170156 0.18831211179953777 0.18831211179953777 0.18831211179953777 0.18831211179953777 0.18831211179953777 0.18831211179953777 0.18831211179953777 0.18831211179953777 0.18831211179953777 0.18831211179953777 0.18831211179953777 0.18831211179953777 0.18072752778107207 0.16503485179840835 0.14934217581571788 0.1336494998330542 0.11795682385039047 0.10226414786772677 0.08657147188506306 0.07087879590239934 0.055186119919735654 0.03949344393707194 0.02380076795440822 0.00810809197174453 0.0 0.0 0.0 0.0 0.0 0.0 0.0 0.0 0.0 0.0 0.0 0.0 0.0 0.0 0.0 0.0 0.0 0.0 0.0 0.0 0.0 0.0 0.0 0.0 0.0 0.0 0.0 0.0 0.0
0.38953332445214633 0.36695868901339845 0.34438405357465063 0.32180941813590275 0.2992347826971549 0.27666014725840704 0.2540855118196592 0.23151087638091136 0.2089362409421635 0.18636160550341566 0.1637869700646678 0.14121233462591992 0.12954847180048068 0.12954847180048068 0.12954847180048068 0.12954847180048068 0.12954847180048068 0.12954847180048068 0.12954847180048068 0.12954847180048068 0.12954847180048068 0.12954847180048068 0.12954847180048068 0.12954847180048068 0.12433069127938201 0.11353498529644279 0.10273927931348516 0.09194357333054594 0.0811478673476067 0.07035216136466749 0.05955645538172827 0.04876074939878905 0.03796504341584982 0.027169337432910598 0.01637363144997138 0.0055779254670321465 0.0 0.0 0.0 0.0 0.0 0.0 0.0 0.0 0.0 0.0 0.0 0.0 0.0 0.0 0.0 0.0 0.0 0.0 0.0 0.0 0.0 0.0 0.0 0.0 0.0 0.0 0.0 0.0 0.0
0.38997231781038216 0.3647233165517889 0.33947431529319566 0.3142253140346024 0.2889763127760092 0.2637273115174159 0.23847831025882268 0.21322930900022946 0.1879803077416362 0.16273130648304296 0.1374823052244497 0.11223330396585646 0.09918764978647232 0.09918764978647232 0.09918764978647232 0.09918764978647232 0.09918764978647232 0.09918764978647232 0.09918764978647232 0.09918764978647232 0.09918764978647232 0.09918764978647232 0.09918764978647232 0.09918764978647232 0.09519270195114408 0.08692706446927047 0.07866142698738277 0.07039578950550916 0.062130152023635546 0.053864514541761936 0.045598877059888326 0.037333239578014724 0.029067602096141107 0.020801964614267504 0.012536327132393887 0.004270689650520285 0.0 0.0 0.0 0.0 0.0 0.0 0.0 0.0 0.0 0.0 0.0 0.0 0.0 0.0 0.0 0.0 0.0 0.0 0.0 0.0 0.0 0.0 0.0 0.0 0.0 0.0 0.0 0.0 0.0
0.38997231781038216 0.3647233165517889 0.33947431529319566 0.3142253140346024 0.2889763127760092 0.2637273115174159 0.23847831025882268 0.21322930900022946 0.1879803077416362 0.16273130648304296 0.1374823052244497 0.11223330396585646 0.09918764978647232 0.09918764978647232 0.09918764978647232 0.09918764978647232 0.09918764978647232 0.09918764978647232 0.09918764978647232 0.09918764978647232 0.09918764978647232 0.09918764978647232 0.09918764978647232 0.09918764978647232 0.09519270195114408 0.08692706446927047 0.07866142698738277 0.07039578950550916 0.062130152023635546 0.053864514541761936 0.045598877059888326 0.037333239578014724 0.029067602096141107 0.020801964614267504 0.012536327132393887 0.004270689650520285 0.0 0.0 0.0 0.0 0.0 0.0 0.0 0.0 0.0 0.0 0.0 0.0 0.0 0.0 0.0 0.0 0.0 0.0 0.0 0.0 0.0 0.0 0.0 0.0 0.0 0.0 0.0 0.0 0.0
0.38997231781038216 0.3647233165517889 0.33947431529319566 0.3142253140346024 0.2889763127760092 0.2637273115174159 0.23847831025882268 0.21322930900022946 0.1879803077416362 0.16273130648304296 0.1374823052244497 0.11223330396585646 0.09918764978647232 0.09918764978647232 0.09918764978647232 0.09918764978647232 0.09918764978647232 0.09918764978647232 0.09918764978647232 0.09918764978647232 0.09918764978647232 0.09918764978647232 0.09918764978647232 0.09918764978647232 0.09519270195114408 0.08692706446927047 0.07866142698738277 0.07039578950550916 0.062130152023635546 0.053864514541761936 0.045598877059888326 0.037333239578014724 0.029067602096141107 0.020801964614267504 0.012536327132393887 0.004270689650520285 0.0 0.0 0.0 0.0 0.0 0.0 0.0 0.0 0.0 0.0 0.0 0.0 0.0 0.0 0.0 0.0 0.0 0.0 0.0 0.0 0.0 0.0 0.0 0.0 0.0 0.0 0.0 0.0 0.0
0.38997231781038216 0.3647233165517889 0.33947431529319566 0.3142253140346024 0.2889763127760092 0.2637273115174159 0.23847831025882268 0.21322930900022946 0.1879803077416362 0.16273130648304296 0.1374823052244497 0.11223330396585646 0.09918764978647232 0.09918764978647232 0.09918764978647232 0.09918764978647232 0.09918764978647232 0.09918764978647232 0.09918764978647232 0.09918764978647232 0.09918764978647232 0.09918764978647232 0.09918764978647232 0.09918764978647232 0.09519270195114408 0.08692706446927047 0.07866142698738277 0.07039578950550916 0.062130152023635546 0.053864514541761936 0.045598877059888326 0.037333239578014724 0.029067602096141107 0.020801964614267504 0.012536327132393887 0.004270689650520285 0.0 0.0 0.0 0.0 0.0 0.0 0.0 0.0 0.0 0.0 0.0 0.0 0.0 0.0 0.0 0.0 0.0 0.0 0.0 0.0 0.0 0.0 0.0 0.0 0.0 0.0 0.0 0.0 0.0
0.38997231781038216 0.3647233165517889 0.33947431529319566 0.3142253140346024 0.2889763127760092 0.2637273115174159 0.23847831025882268 0.21322930900022946 0.1879803077416362 0.16273130648304296 0.1374823052244497 0.11223330396585646 0.09918764978647232 0.09918764978647232 0.09918764978647232 0.09918764978647232 0.09918764978647232 0.09918764978647232 0.09918764978647232 0.09918764978647232 0.09918764978647232 0.09918764978647232 0.09918764978647232 0.09918764978647232 0.09519270195114408 0.08692706446927047 0.07866142698738277 0.07039578950550916 0.062130152023635546 0.053864514541761936 0.045598877059888326 0.037333239578014724 0.029067602096141107 0.020801964614267504 0.012536327132393887 0.004270689650520285 0.0 0.0 0.0 0.0 0.0 0.0 0.0 0.0 0.0 0.0 0.0 0.0 0.0 0.0 0.0 0.0 0.0 0.0 0.0 0.0 0.0 0.0 0.0 0.0 0.0 0.0 0.0 0.0 0.0
0.38997231781038216 0.3647233165517889 0.33947431529319566 0.3142253140346024 0.2889763127760092 0.2637273115174159 0.23847831025882268 0.21322930900022946 0.1879803077416362 0.16273130648304296 0.1374823052244497 0.11223330396585646 0.09918764978647232 0.09918764978647232 0.09918764978647232 0.09918764978647232 0.09918764978647232 0.09918764978647232 0.09918764978647232 0.09918764978647232 0.09918764978647232 0.09918764978647232 0.09918764978647232 0.09918764978647232 0.09519270195114408 0.08692706446927047 0.07866142698738277 0.07039578950550916 0.062130152023635546 0.053864514541761936 0.045598877059888326 0.037333239578014724 0.029067602096141107 0.020801964614267504 0.012536327132393887 0.004270689650520285 0.0 0.0 0.0 0.0 0.0 0.0 0.0 0.0 0.0 0.0 0.0 0.0 0.0 0.0 0.0 0.0 0.0 0.0 0.0 0.0 0.0 0.0 0.0 0.0 0.0 0.0 0.0 0.0 0.0
0.38997231781038216 0.3647233165517889 0.33947431529319566 0.3142253140346024 0.2889763127760092 0.2637273115174159 0.23847831025882268 0.21322930900022946 0.1879803077416362 0.16273130648304296 0.1374823052244497 0.11223330396585646 0.09918764978647232 0.09918764978647232 0.09918764978647232 0.09918764978647232 0.09918764978647232 0.09918764978647232 0.09918764978647232 0.09918764978647232 0.09918764978647232 0.09918764978647232 0.09918764978647232 0.09918764978647232 0.09519270195114408 0.08692706446927047 0.07866142698738277 0.07039578950550916 0.062130152023635546 0.053864514541761936 0.045598877059888326 0.037333239578014724 0.029067602096141107 0.020801964614267504 0.012536327132393887 0.004270689650520285 0.0 0.0 0.0 0.0 0.0 0.0 0.0 0.0 0.0 0.0 0.0 0.0 0.0 0.0 0.0 0.0 0.0 0.0 0.0 0.0 0.0 0.0 0.0 0.0 0.0 0.0 0.0 0.0 0.0
0.38997231781038216 0.3647233165517889 0.33947431529319566 0.3142253140346024 0.2889763127760092 0.2637273115174159 0.23847831025882268 0.21322930900022946 0.1879803077416362 0.16273130648304296 0.1374823052244497 0.11223330396585646 0.09918764978647232 0.09918764978647232 0.09918764978647232 0.09918764978647232 0.09918764978647232 0.09918764978647232 0.09918764978647232 0.09918764978647232 0.09918764978647232 0.09918764978647232 0.09918764978647232 0.09918764978647232 0.09519270195114408 0.08692706446927047 0.07866142698738277 0.07039578950550916 0.062130152023635546 0.053864514541761936 0.045598877059888326 0.037333239578014724 0.029067602096141107 0.020801964614267504 0.012536327132393887 0.004270689650520285 0.0 0.0 0.0 0.0 0.0 0.0 0.0 0.0 0.0 0.0 0.0 0.0 0.0 0.0 0.0 0.0 0.0 0.0 0.0 0.0 0.0 0.0 0.0 0.0 0.0 0.0 0.0 0.0 0.0
0.38997231781038216 0.3647233165517889 0.33947431529319566 0.3142253140346024 0.2889763127760092 0.2637273115174159 0.23847831025882268 0.21322930900022946 0.1879803077416362 0.16273130648304296 0.1374823052244497 0.11223330396585646 0.09918764978647232 0.09918764978647232 0.09918764978647232 0.09918764978647232 0.09918764978647232 0.09918764978647232 0.09918764978647232 0.09918764978647232 0.09918764978647232 0.09918764978647232 0.09918764978647232 0.09918764978647232 0.09519270195114408 0.08692706446927047 0.07866142698738277 0.07039578950550916 0.062130152023635546 0.053864514541761936 0.045598877059888326 0.037333239578014724 0.029067602096141107 0.020801964614267504 0.012536327132393887 0.004270689650520285 0.0 0.0 0.0 0.0 0.0 0.0 0.0 0.0 0.0 0.0 0.0 0.0 0.0 0.0 0.0 0.0 0.0 0.0 0.0 0.0 0.0 0.0 0.0 0.0 0.0 0.0 0.0 0.0 0.0
0.38997231781038216 0.3647233165517889 0.33947431529319566 0.3142253140346024 0.2889763127760092 0.2637273115174159 0.23847831025882268 0.21322930900022946 0.1879803077416362 0.16273130648304296 0.1374823052244497 0.11223330396585646 0.09918764978647232 0.09918764978647232 0.09918764978647232 0.09918764978647232 0.09918764978647232 0.09918764978647232 0.09918764978647232 0.09918764978647232 0.09918764978647232 0.09918764978647232 0.09918764978647232 0.09918764978647232 0.09519270195114408 0.08692706446927047 0.07866142698738277 0.07039578950550916 0.062130152023635546 0.053864514541761936 0.045598877059888326 0.037333239578014724 0.029067602096141107 0.020801964614267504 0.012536327132393887 0.004270689650520285 0.0 0.0 0.0 0.0 0.0 0.0 0.0 0.0 0.0 0.0 0.0 0.0 0.0 0.0 0.0 0.0 0.0 0.0 0.0 0.0 0.0 0.0 0.0 0.0 0.0 0.0 0.0 0.0 0.0
0.38997231781038216 0.3647233165517889 0.33947431529319566 0.3142253140346024 0.2889763127760092 0.2637273115174159 0.23847831025882268 0.21322930900022946 0.1879803077416362 0.16273130648304296 0.1374823052244497 0.11223330396585646 0.09918764978647232 0.09918764978647232 0.09918764978647232 0.09918764978647232 0.09918764978647232 0.09918764978647232 0.09918764978647232 0.09918764978647232 0.09918764978647232 0.09918764978647232 0.09918764978647232 0.09918764978647232 0.09519270195114408 0.08692706446927047 0.07866142698738277 0.07039578950550916 0.062130152023635546 0.053864514541761936 0.045598877059888326 0.037333239578014724 0.029067602096141107 0.020801964614267504 0.012536327132393887 0.004270689650520285 0.0 0.0 0.0 0.0 0.0 0.0 0.0 0.0 0.0 0.0 0.0 0.0 0.0 0.0 0.0 0.0 0.0 0.0 0.0 0.0 0.0 0.0 0.0 0.0 0.0 0.0 0.0 0.0 0.0
0.38997231781038216 0.3647233165517889 0.33947431529319566 0.3142253140346024 0.2889763127760092 0.2637273115174159 0.23847831025882268 0.21322930900022946 0.1879803077416362 0.16273130648304296 0.1374823052244497 0.11223330396585646 0.09918764978647232 0.09918764978647232 0.09918764978647232 0.09918764978647232 0.09918764978647232 0.09918764978647232 0.09918764978647232 0.09918764978647232 0.09918764978647232 0.09918764978647232 0.09918764978647232 0.09918764978647232 0.09519270195114408 0.08692706446927047 0.07866142698738277 0.07039578950550916 0.062130152023635546 0.053864514541761936 0.045598877059888326 0.037333239578014724 0.029067602096141107 0.020801964614267504 0.012536327132393887 0.004270689650520285 0.0 0.0 0.0 0.0 0.0 0.0 0.0 0.0 0.0 0.0 0.0 0.0 0.0 0.0 0.0 0.0 0.0 0.0 0.0 0.0 0.0 0.0 0.0 0.0 0.0 0.0 0.0 0.0 0.0
0.3745640215406453 0.35095093302259917 0.3273378445045531 0.303724755986507 0.28011166746846095 0.25649857895041484 0.23288549043236878 0.20927240191432273 0.18565931339627664 0.16204622487823056 0.13843313636018448 0.1148200478421384 0.10261963707108764 0.10261963707108764 0.10261963707108764 0.10261963707108764 0.10261963707108764 0.10261963707108764 0.10261963707108764 0.10261963707108764 0.10261963707108764 0.10261963707108764 0.10261963707108764 0.10261963707108764 0.09848646023040375 0.08993482380815704 0.08138318738589574 0.07283155096364902 0.0642799145414023 0.05572827811915559 0.04717664169690887 0.038625005274662144 0.030073368852415433 0.021521732430168708 0.012970096007921997 0.004418459585675286 0.0 0.0 0.0 0.0 0.0 0.0 0.0 0.0 0.0 0.0 0.0 0.0 0.0 0.0 0.0 0.0 0.0 0.0 0.0 0.0 0.0 0.0 0.0 0.0 0.0 0.0 0.0 0.0 0.0
0.34268522781078686 0.3224567396342061 0.3022282514576254 0.2819997632810446 0.26177127510446385 0.2415427869278831 0.22131429875130237 0.20108581057472164 0.1808573223981409 0.16062883422156016 0.1404003460449794 0.12017185786839865 0.10972020242980503 0.10972020242980503 0.10972020242980503 0.10972020242980503 0.10972020242980503 0.10972020242980503 0.10972020242980503 0.10972020242980503 0.10972020242980503 0.10972020242980503 0.10972020242980503 0.10972020242980503 0.10530103849021841 0.09615768828810237 0.08701433808597073 0.0778709878838547 0.06872763768173866 0.059584287479622626 0.050440937277506585 0.04129758707539055 0.03215423687327451 0.02301088667115847 0.013867536469042444 0.004724186266926403 0.0 0.0 0.0 0.0 0.0 0.0 0.0 0.0 0.0 0.0 0.0 0.0 0.0 0.0 0.0 0.0 0.0 0.0 0.0 0.0 0.0 0.0 0.0 0.0 0.0 0.0 0.0 0.0 0.0
0.3108064340809556 0.2939625462458373 0.27711865841071903 0.2602747705756007 0.2434308827404824 0.2265869949053641 0.20974310707024582 0.1928992192351275 0.17605533140000923 0.15921144356489092 0.1423675557297726 0.12552366789465433 0.11682076778851636 0.11682076778851636 0.11682076778851636 0.11682076778851636 0.11682076778851636 0.11682076778851636 0.11682076778851636 0.11682076778851636 0.11682076778851636 0.11682076778851636 0.11682076778851636 0.11682076778851636 0.11211561675002722 0.10238055276804238 0.09264548878604092 0.08291042480405608 0.07317536082207123 0.06344029684008637 0.053705232858101526 0.04397016887611668 0.034235104894131826 0.024500040912146984 0.014764976930162127 0.005029912948177284 0.0 0.0 0.0 0.0 0.0 0.0 0.0 0.0 0.0 0.0 0.0 0.0 0.0 0.0 0.0 0.0 0.0 0.0 0.0 0.0 0.0 0.0 0.0 0.0 0.0 0.0 0.0 0.0 0.0
0.27892764035112444 0.26546835285746856 0.25200906536381273 0.23854977787015685 0.225090490376501 0.21163120288284515 0.19817191538918927 0.18471262789553344 0.17125334040187756 0.1577940529082217 0.14433476541456586 0.13087547792091 0.1239213331472277 0.1239213331472277 0.1239213331472277 0.1239213331472277 0.1239213331472277 0.1239213331472277 0.1239213331472277 0.1239213331472277 0.1239213331472277 0.1239213331472277 0.1239213331472277 0.1239213331472277 0.11893019500983606 0.1086034172479824 0.09827663948611112 0.08794986172425745 0.07762308396240379 0.06729630620055013 0.05696952843869646 0.04664275067684279 0.03631597291498913 0.025989195153135455 0.015662417391281797 0.005335639629428124 0.0 0.0 0.0 0.0 0.0 0.0 0.0 0.0 0.0 0.0 0.0 0.0 0.0 0.0 0.0 0.0 0.0 0.0 0.0 0.0 0.0 0.0 0.0 0.0 0.0 0.0 0.0 0.0 0.0
0.24704884662129317 0.23697415946909978 0.22689947231690635 0.21682478516471296 0.20675009801251953 0.19667541086032614 0.18660072370813274 0.17652603655593935 0.16645134940374592 0.1563766622515525 0.1463019750993591 0.1362272879471657 0.13102189850593904 0.13102189850593904 0.13102189850593904 0.13102189850593904 0.13102189850593904 0.13102189850593904 0.13102189850593904 0.13102189850593904 0.13102189850593904 0.13102189850593904 0.13102189850593904 0.13102189850593904 0.1257447732696449 0.11482628172792242 0.10390779018618132 0.09298929864445885 0.08207080710273637 0.07115231556101388 0.06023382401929141 0.04931533247756892 0.038396840935846444 0.027478349394123955 0.01655985785240148 0.005641366310678991 0.0 0.0 0.0 0.0 0.0 0.0 0.0 0.0 0.0 0.0 0.0 0.0 0.0 0.0 0.0 0.0 0.0 0.0 0.0 0.0 0.0 0.0 0.0 0.0 0.0 0.0 0.0 0.0 -9999.0
