Figures/CREST_Example_wjb_NSE/Rolling_result/20100722/raw_forecast/ens_3/wjb.rain.20100724.asc
ncols            288
nrows            254
xllcorner        113.274861
yllcorner        31.4918055
cellsize         0.008333333333
NODATA_value     -9999
[rows 180 to 199 of 254, columns 88 to 131 of 288]
6.038974866955321 5.99873225234737 5.958489637739418 5.918247023131398 5.878004408523447 5.8377617939154955 5.797519179307544 5.757276564699592 5.717033950091641 5.676791335483689 5.636548720875738 5.596306106267787 5.5560634916598355 5.515820877051883 5.475578262443932 5.435335647835981 5.395093033227961 5.35485041862001 5.3146078040120575 5.274365189404106 5.234122574796155 5.1938799601882035 5.153637345580252 5.113394730972301 5.07315211636435 5.032909501756398 4.992666887148447 4.952424272540495 4.9121816579325435 4.886833358235093 4.87740741799357 4.867981477752048 4.858555537510525 4.849129597269003 4.83970365702748 4.8302777167859565 4.820851776544434 4.811425836302911 4.801999896061388 4.792573955819866 4.783148015578343 4.773722075336821 4.7642961350952815 4.754870194853758
6.115843415862221 6.073489689507546 6.031135963152869 5.988782236798121 5.946428510443446 5.9040747840887695 5.861721057734093 5.819367331379418 5.777013605024742 5.734659878670065 5.69230615231539 5.649952425960714 5.607598699606037 5.565244973251362 5.522891246896686 5.4805375205420095 5.438183794187261 5.395830067832586 5.35347634147791 5.311122615123233 5.268768888768558 5.226415162413882 5.184061436059206 5.14170770970453 5.099353983349854 5.0570002569951775 5.014646530640502 4.972292804285826 4.9299390779311505 4.9029629873016844 4.8924259370087775 4.881888886715871 4.871351836422964 4.8608147861300575 4.850277735837151 4.839740685544244 4.829203635251338 4.818666584958431 4.808129534665525 4.797592484372618 4.787055434079712 4.776518383786805 4.7659813334938805 4.7554442832009745
6.1927119647691224 6.148247126667722 6.103782288566322 6.059317450464845 6.014852612363445 5.970387774262044 5.925922936160643 5.881458098059243 5.8369932599578425 5.792528421856442 5.748063583755041 5.703598745653641 5.65913390755224 5.61466906945084 5.5702042313494395 5.525739393248038 5.4812745551465625 5.436809717045161 5.392344878943761 5.347880040842361 5.30341520274096 5.25895036463956 5.214485526538159 5.170020688436758 5.125555850335358 5.081091012233958 5.036626174132557 4.992161336031156 4.947696497929756 4.919092616368274 4.907444456023984 4.895796295679693 4.884148135335403 4.872499974991113 4.860851814646822 4.849203654302532 4.8375554939582415 4.8259073336139515 4.814259173269662 4.802611012925371 4.790962852581081 4.77931469223679 4.76766653189248 4.75601837154819
6.269580513676089 6.223004563827962 6.1764286139798354 6.129852664131628 6.083276714283501 6.036700764435375 5.990124814587248 5.943548864739121 5.896972914890994 5.850396965042868 5.803821015194741 5.757245065346614 5.7106691154984865 5.66409316565036 5.617517215802233 5.570941265954106 5.5243653161059 5.477789366257773 5.431213416409646 5.384637466561519 5.338061516713393 5.291485566865266 5.2449096170171385 5.1983336671690115 5.151757717320885 5.105181767472758 5.058605817624631 5.012029867776504 4.965453917928377 4.935222245434878 4.9224629750392035 4.909703704643529 4.896944434247853 4.8841851638521785 4.871425893456503 4.858666623060828 4.845907352665153 4.833148082269478 4.820388811873803 4.807629541478128 4.794870271082453 4.782111000686777 4.769351730291081 4.756592459895406
6.34644906258299 6.297762000988139 6.249074939393287 6.200387877798352 6.151700816203501 6.10301375460865 6.054326693013798 6.005639631418947 5.956952569824096 5.908265508229244 5.8595784466343925 5.810891385039541 5.76220432344469 5.713517261849838 5.664830200254987 5.616143138660135 5.567456077065201 5.518769015470349 5.470081953875498 5.421394892280647 5.372707830685796 5.324020769090944 5.275333707496093 5.226646645901241 5.1779595843063895 5.129272522711538 5.080585461116687 5.031898399521835 4.983211337926984 4.951351874501469 4.937481494054411 4.923611113607351 4.909740733160293 4.895870352713234 4.881999972266175 4.868129591819116 4.8542592113720575 4.840388830924998 4.8265184504779395 4.812648070030881 4.7987776895838214 4.784907309136763 4.77103692868968 4.757166548242622
6.4233176114898916 6.3725194381483155 6.321721264806739 6.270923091465077 6.220124918123501 6.169326744781925 6.118528571440349 6.067730398098773 6.016932224757197 5.9661340514156205 5.915335878074044 5.864537704732468 5.813739531390893 5.762941358049317 5.712143184707741 5.661345011366165 5.6105468380245025 5.559748664682926 5.50895049134135 5.458152317999774 5.407354144658198 5.356555971316622 5.305757797975046 5.25495962463347 5.204161451291895 5.1533632779503185 5.102565104608742 5.051766931267166 5.00096875792559 4.96748150356806 4.952500013069617 4.937518522571175 4.922537032072732 4.90755554157429 4.892574051075846 4.877592560577404 4.8626110700789615 4.847629579580518 4.832648089082076 4.817666598583633 4.802685108085191 4.787703617586748 4.772722127088279 4.757740636589837
6.500186160396791 6.447276875308491 6.394367590220191 6.3414583051318 6.288549020043499 6.235639734955199 6.182730449866899 6.129821164778598 6.0769118796902974 6.024002594601997 5.971093309513696 5.918184024425396 5.865274739337095 5.812365454248795 5.759456169160494 5.706546884072194 5.653637598983803 5.600728313895503 5.5478190288072025 5.494909743718901 5.442000458630601 5.3890911735423 5.336181888454 5.283272603365699 5.230363318277399 5.177454033189099 5.1245447481007975 5.071635463012497 5.018726177924197 4.983611132634651 4.967518532084824 4.951425931534998 4.935333330985172 4.9192407304353445 4.903148129885518 4.887055529335692 4.870962928785866 4.854870328236039 4.838777727686212 4.822685127136386 4.806592526586559 4.790499926036733 4.774407325486879 4.758314724937052
6.577054709303693 6.5220343124686675 6.467013915633642 6.411993518798524 6.356973121963499 6.301952725128474 6.246932328293449 6.1919119314584234 6.136891534623398 6.081871137788373 6.026850740953348 5.971830344118323 5.916809947283298 5.8617895504482735 5.806769153613248 5.751748756778223 5.696728359943104 5.641707963108079 5.586687566273054 5.531667169438029 5.476646772603004 5.421626375767978 5.366605978932954 5.311585582097929 5.256565185262904 5.201544788427879 5.146524391592854 5.091503994757828 5.036483597922803 4.999740761701242 4.9825370511000315 4.965333340498821 4.94812962989761 4.9309259192964 4.91372220869519 4.89651849809398 4.87931478749277 4.862111076891559 4.844907366290349 4.827703655689139 4.810499945087928 4.793296234486718 4.776092523885478 4.758888813284268
6.653923258210593 6.596791749628844 6.539660241047094 6.482528732465247 6.425397223883498 6.368265715301748 6.3111342067199985 6.254002698138248 6.196871189556499 6.139739680974749 6.082608172393 6.025476663811251 5.968345155229501 5.911213646647751 5.854082138066001 5.796950629484252 5.739819120902405 5.682687612320655 5.625556103738906 5.568424595157156 5.511293086575407 5.454161577993657 5.397030069411907 5.339898560830158 5.282767052248408 5.225635543666659 5.168504035084909 5.1113725265031595 5.0542410179214095 5.015870390767832 4.997555570115238 4.979240749462644 4.96092592881005 4.942611108157456 4.924296287504862 4.905981466852268 4.887666646199674 4.86935182554708 4.8510370048944855 4.8327221842418915 4.814407363589297 4.796092542936703 4.777777722284078 4.759462901631483
6.73079180711756 6.671549186789084 6.612306566460608 6.553063946132031 6.493821325803555 6.434578705475079 6.375336085146603 6.3160934648181275 6.256850844489652 6.197608224161176 6.1383656038327 6.079122983504224 6.019880363175748 5.960637742847272 5.901395122518796 5.84215250219032 5.782909881861743 5.723667261533267 5.664424641204791 5.605182020876315 5.545939400547839 5.486696780219363 5.427454159890887 5.368211539562411 5.308968919233935 5.249726298905459 5.1904836785769835 5.1312410582485075 5.071998437920032 5.032000019834437 5.012574089130458 4.993148158426479 4.9737222277225 4.954296297018521 4.934870366314542 4.9154444356105635 4.896018504906585 4.876592574202606 4.857166643498627 4.837740712794648 4.8183147820906695 4.798888851386691 4.779462920682679 4.760036989978699
6.807660356024461 6.74630662394926 6.68495289187406 6.623599159798754 6.562245427723554 6.500891695648353 6.439537963573153 6.378184231497952 6.316830499422752 6.2554767673475515 6.1941230352723515 6.132769303197151 6.07141557112195 6.01006183904675 5.94870810697155 5.887354374896349 5.826000642821044 5.764646910745843 5.703293178670643 5.641939446595442 5.580585714520241 5.519231982445041 5.457878250369841 5.39652451829464 5.3351707862194395 5.2738170541442395 5.2124633220690395 5.151109589993839 5.089755857918638 5.0481296489010274 5.027592608145665 5.007055567390302 4.986518526634939 4.965981485879577 4.945444445124214 4.924907404368851 4.904370363613489 4.883833322858126 4.863296282102763 4.842759241347401 4.822222200592038 4.801685159836675 4.781148119081278 4.7606110783259155
6.884528904931361 6.821064061109436 6.7575992172875115 6.694134373465478 6.630669529643553 6.567204685821628 6.503739841999703 6.440274998177778 6.376810154355853 6.313345310533928 6.249880466712003 6.186415622890078 6.122950779068153 6.0594859352462285 5.9960210914243035 5.932556247602378 5.869091403780345 5.805626559958419 5.742161716136495 5.678696872314569 5.6152320284926445 5.5517671846707195 5.4883023408487945 5.42483749702687 5.361372653204945 5.29790780938302 5.234442965561095 5.17097812173917 5.107513277917245 5.0642592779676185 5.042611127160872 5.0209629763541255 4.999314825547379 4.977666674740632 4.956018523933886 4.934370373127139 4.912722222320393 4.891074071513646 4.869425920706901 4.847777769900154 4.8261296190934075 4.804481468286661 4.782833317479877 4.761185166673131
6.961397453838263 6.895821498269614 6.830245542700964 6.764669587132202 6.699093631563553 6.633517675994903 6.567941720426254 6.502365764857604 6.436789809288954 6.371213853720305 6.305637898151655 6.240061942583006 6.174485987014356 6.108910031445706 6.043334075877057 5.977758120308407 5.9121821647396455 5.8466062091709965 5.781030253602347 5.7154542980336975 5.649878342465048 5.584302386896399 5.518726431327749 5.453150475759099 5.38757452019045 5.3219985646218 5.25642260905315 5.190846653484501 5.125270697915851 5.080388907034209 5.057629646176079 5.034870385317949 5.012111124459818 4.989351863601688 4.966592602743558 4.943833341885427 4.921074081027298 4.898314820169167 4.875555559311037 4.8527962984529065 4.830037037594776 4.807277776736646 4.784518515878477 4.761759255020347
7.005370213288408 6.939401688613523 6.873433163938637 6.80746463926364 6.741496114588754 6.6755275899138695 6.609559065238984 6.543590540564098 6.477622015889214 6.411653491214328 6.345684966539443 6.279716441864558 6.213747917189672 6.147779392514787 6.081810867839902 6.0158423431650165 5.949873818490019 5.8839052938151335 5.817936769140248 5.751968244465363 5.685999719790478 5.620031195115592 5.554062670440707 5.488094145765822 5.422125621090936 5.356157096416051 5.290188571741166 5.2242200470662805 5.158251522391395 5.112681789640385 5.088918826749612 5.065155863858839 5.0413929009680665 5.0176299380772935 4.99386697518652 4.970104012295747 4.946341049404974 4.922578086514201 4.898815123623428 4.875052160732654 4.851289197841881 4.827526234951108 4.803763272060294 4.780000309169521
7.014179447239472 6.949655367220843 6.885131287202214 6.820607207183476 6.756083127164847 6.691559047146218 6.6270349671275905 6.562510887108962 6.497986807090333 6.433462727071705 6.368938647053076 6.304414567034447 6.239890487015819 6.175366406997191 6.110842326978562 6.046318246959934 5.981794166941195 5.917270086922567 5.8527460069039385 5.78822192688531 5.723697846866681 5.659173766848053 5.594649686829424 5.530125606810795 5.465601526792167 5.401077446773539 5.33655336675491 5.272029286736282 5.207505206717653 5.162252171506315 5.137600318984978 5.11294846646364 5.088296613942303 5.0636447614209645 5.038992908899627 5.0143410563782895 4.989689203856951 4.965037351335614 4.940385498814276 4.915733646292939 4.8910817937716 4.866429941250263 4.8417780887288835 4.817126236207545
7.022988681190531 6.95990904582816 6.896829410465787 6.833749775103307 6.770670139740934 6.707590504378563 6.64451086901619 6.581431233653817 6.518351598291445 6.455271962929073 6.3921923275667005 6.329112692204328 6.266033056841955 6.202953421479584 6.139873786117211 6.076794150754838 6.013714515392358 5.950634880029986 5.887555244667614 5.824475609305241 5.761395973942869 5.698316338580497 5.6352367032181245 5.572157067855752 5.509077432493379 5.445997797131008 5.382918161768635 5.319838526406262 5.256758891043891 5.211822553372224 5.186281811220322 5.160741069068421 5.135200326916519 5.109659584764617 5.084118842612715 5.058578100460813 5.033037358308911 5.007496616157009 4.981955874005107 4.956415131853205 4.9308743897013025 4.905333647549401 4.879792905397456 4.854252163245554
7.031797915141592 6.970162724435476 6.90852753372936 6.846892343023138 6.785257152317022 6.723621961610906 6.6619867709047895 6.600351580198673 6.538716389492557 6.477081198786441 6.415446008080325 6.3538108173742085 6.292175626668092 6.230540435961976 6.16890524525586 6.107270054549743 6.045634863843522 5.983999673137406 5.9223644824312895 5.860729291725173 5.799094101019057 5.737458910312941 5.675823719606825 5.6141885289007085 5.552553338194592 5.490918147488475 5.42928295678236 5.367647766076243 5.3060125753701275 5.261392935238133 5.234963303455667 5.208533671673201 5.182104039890735 5.155674408108268 5.129244776325803 5.102815144543336 5.07638551276087 5.049955880978404 5.023526249195938 4.997096617413471 4.970666985631006 4.944237353848539 4.917807722066028 4.8913780902835615
7.040607149092656 6.980416403042796 6.920225656992938 6.860034910942975 6.799844164893115 6.739653418843256 6.679462672793397 6.619271926743537 6.559081180693678 6.498890434643818 6.4386996885939585 6.378508942544099 6.31831819649424 6.2581274504443805 6.197936704394521 6.137745958344661 6.077555212294699 6.01736446624484 5.95717372019498 5.8969829741451205 5.836792228095261 5.776601482045402 5.716410735995542 5.656219989945683 5.596029243895823 5.535838497845964 5.475647751796104 5.415457005746244 5.355266259696386 5.310963317104063 5.283644795691033 5.256326274278002 5.2290077528649705 5.20168923145194 5.174370710038909 5.147052188625878 5.119733667212848 5.092415145799817 5.065096624386786 5.037778102973755 5.010459581560724 4.983141060147694 4.9558225387346155 4.928504017321585
7.049416383043717 6.990670081650113 6.93192378025651 6.873177478862806 6.814431177469203 6.7556848760756 6.6969385746819965 6.638192273288393 6.579445971894789 6.520699670501187 6.461953369107583 6.403207067713979 6.344460766320376 6.285714464926773 6.2269681635331695 6.168221862139566 6.109475560745863 6.050729259352259 5.991982957958656 5.933236656565052 5.874490355171449 5.815744053777846 5.756997752384242 5.6982514509906395 5.639505149597036 5.580758848203432 5.522012546809829 5.463266245416225 5.404519944022622 5.360533698969972 5.332326287926377 5.304118876882782 5.2759114658391875 5.247704054795592 5.219496643751997 5.191289232708402 5.1630818216648064 5.134874410621212 5.106666999577617 5.078459588534022 5.050252177490426 5.0220447664468315 4.993837355403189 4.965629944359593
7.058225616994777 7.00092376025743 6.943621903520083 6.886320046782638 6.82901819004529 6.7717163333079435 6.714414476570596 6.657112619833249 6.599810763095902 6.542508906358554 6.4852070496212075 6.42790519288386 6.370603336146512 6.313301479409166 6.255999622671818 6.198697765934471 6.141395909197026 6.084094052459679 6.026792195722331 5.9694903389849845 5.912188482247637 5.854886625510289 5.797584768772943 5.740282912035595 5.682981055298248 5.625679198560901 5.568377341823553 5.511075485086207 5.453773628348859 5.410104080835881 5.381007780161722 5.351911479487563 5.3228151788134035 5.293718878139244 5.264622577465085 5.235526276790925 5.206429976116766 5.177333675442607 5.148237374768447 5.119141074094288 5.090044773420129 5.06094847274597 5.031852172071761 5.002755871397602
