Figures/CREST_Example_wjb_NSE/Rolling_result/20100722/raw_forecast/ens_3/wjb.rain.20100722.asc
ncols            288
nrows            254
xllcorner        113.274861
yllcorner        31.4918055
cellsize         0.008333333333
NODATA_value     -9999
[rows 140 to 159 of 254, columns 0 to 43 of 288]
-9999.0 23.47811543760152 23.434039465812546 23.38996349402357 23.345887522234595 23.30181155044562 23.257735578656646 23.213659606867672 23.1695836350787 23.12550766328972 23.081431691500747 23.037355719711773 22.9932797479228 22.94920377613375 22.905127804344772 22.8610518325558 22.816975860766824 22.77289988897785 22.728823917188876 22.6847479453999 22.640671973610925 22.59659600182195 22.552520030032976 22.508444058244002 22.464368086455025 22.42029211466605 22.376216142877002 22.45178960895139 22.655271027981485 22.85875244701158 23.062233866041677 23.26571528507177 23.469196704101865 23.672678123131963 23.876159542162057 24.07964096119215 24.283122380222245 24.486603799252343 24.690085218282437 24.89356663731288 25.097048056342974 25.30052947537307 25.504010894403166 25.70749231343326
-9999.0 -9999.0 23.360852529127026 23.3113321133179 23.261811697508772 23.212291281699645 23.16277086589052 23.11325045008139 23.063730034272265 23.014209618463138 22.96468920265401 22.915168786844884 22.865648371035757 22.81612795522655 22.76660753941742 22.717087123608295 22.667566707799168 22.61804629199004 22.568525876180914 22.519005460371787 22.46948504456266 22.419964628753533 22.370444212944406 22.32092379713528 22.271403381326152 22.221882965517025 22.172362549707813 22.240826801647867 22.43541932967051 22.63001185769315 22.824604385715798 23.01919691373844 23.213789441761083 23.408381969783726 23.602974497806372 23.797567025829014 23.992159553851657 24.186752081874303 24.381344609896946 24.57593713791992 24.770529665942565 24.965122193965207 25.15971472198785 25.354307250010493
-9999.0 -9999.0 23.28766559244151 23.23270073261223 23.17773587278295 23.12277101295367 23.067806153124394 23.012841293295114 22.957876433465835 22.902911573636555 22.847946713807275 22.792981853978 22.73801699414872 22.683052134319347 22.628087274490067 22.573122414660787 22.518157554831507 22.46319269500223 22.40822783517295 22.35326297534367 22.298298115514392 22.243333255685116 22.188368395855836 22.133403536026556 22.078438676197276 22.023473816367996 21.968508956538624 22.029863994344343 22.215567631359534 22.401271268374728 22.58697490538992 22.77267854240511 22.9583821794203 23.144085816435496 23.329789453450687 23.515493090465878 23.70119672748107 23.88690036449626 24.072604001511454 24.25830763852696 24.444011275542152 24.629714912557347 24.815418549572538 25.00112218658773
-9999.0 -9999.0 23.21447865575599 23.154069351906557 23.093660048057128 23.033250744207695 22.972841440358266 22.912432136508833 22.8520228326594 22.79161352880997 22.73120422496054 22.67079492111111 22.610385617261677 22.54997631341214 22.489567009562712 22.42915770571328 22.368748401863847 22.308339098014418 22.247929794164985 22.187520490315556 22.127111186466124 22.06670188261669 22.006292578767262 21.94588327491783 21.8854739710684 21.825064667218967 21.76465536336943 21.818901187040815 21.995715933048558 22.172530679056297 22.349345425064037 22.526160171071776 22.70297491707952 22.87978966308726 23.056604409094998 23.233419155102737 23.41023390111048 23.58704864711822 23.76386339312596 23.940678139134 24.11749288514174 24.294307631149483 24.471122377157222 24.64793712316496
-9999.0 -9999.0 23.14129171907041 23.075437971200824 23.009584223331235 22.943730475461646 22.87787672759206 22.81202297972247 22.746169231852882 22.680315483983293 22.614461736113707 22.548607988244118 22.48275424037453 22.41690049250483 22.35104674463524 22.285192996765655 22.219339248896066 22.153485501026477 22.087631753156888 22.021778005287302 21.955924257417713 21.890070509548124 21.82421676167854 21.75836301380895 21.69250926593936 21.62665551806977 21.560801770200072 21.607938379737117 21.775864234737398 21.94379008973768 22.11171594473796 22.27964179973824 22.44756765473852 22.6154935097388 22.783419364739082 22.951345219739363 23.119271074739643 23.287196929739924 23.455122784740205 23.623048639740773 23.790974494741054 23.958900349741334 24.126826204741615 24.294752059741896
-9999.0 -9999.0 23.068104782384893 22.996806590495154 22.925508398605412 22.85421020671567 22.782912014825932 22.71161382293619 22.64031563104645 22.56901743915671 22.49771924726697 22.42642105537723 22.35512286348749 22.28382467159763 22.21252647970789 22.141228287818148 22.06993009592841 21.998631904038668 21.92733371214893 21.856035520259187 21.78473732836945 21.713439136479707 21.64214094458997 21.570842752700226 21.499544560810484 21.428246368920746 21.356948177030883 21.396975572433593 21.556012536426422 21.71504950041925 21.87408646441208 22.03312342840491 22.19216039239774 22.351197356390568 22.510234320383397 22.669271284376226 22.828308248369055 22.987345212361884 23.146382176354713 23.305419140347816 23.46445610434064 23.623493068333474 23.7825300323263 23.941566996319132
23.148403117519162 23.07166048160927 22.994917845699376 22.918175209789485 22.84143257387959 22.7646899379697 22.687947302059808 22.611204666149913 22.53446203024002 22.45771939433013 22.380976758420235 22.304234122510344 22.22749148660045 22.150748850690427 22.074006214780535 21.99726357887064 21.92052094296075 21.843778307050858 21.767035671140963 21.690293035231072 21.613550399321177 21.536807763411286 21.460065127501394 21.3833224915915 21.30657985568161 21.229837219771717 21.15309458386169 21.186012765130066 21.336160838115443 21.48630891110082 21.636456984086198 21.786605057071576 21.936753130056953 22.08690120304233 22.237049276027708 22.387197349013086 22.537345421998463 22.68749349498384 22.837641567969218 22.98778964095485 23.13793771394023 23.288085786925606 23.438233859910984 23.58838193289636
23.086105068873948 23.003917988943904 22.92173090901386 22.839543829083816 22.757356749153768 22.675169669223724 22.59298258929368 22.510795509363636 22.42860842943359 22.346421349503544 22.2642342695735 22.182047189643455 22.09986010971341 22.017673029783225 21.93548594985318 21.853298869923137 21.771111789993093 21.68892471006305 21.606737630133 21.524550550202957 21.442363470272912 21.36017639034287 21.277989310412824 21.195802230482776 21.113615150552732 21.031428070622688 20.949240990692502 20.975049957826542 21.116309139804468 21.257568321782394 21.39882750376032 21.540086685738245 21.68134586771617 21.822605049694097 21.963864231672023 22.10512341364995 22.246382595627875 22.3876417776058 22.528900959583726 22.670160141561894 22.81141932353982 22.952678505517746 23.09393768749567 23.235196869473597
-9999.0 22.936175496278537 22.84854397232834 22.760912448378143 22.673280924427946 22.58564940047775 22.498017876527552 22.410386352577355 22.322754828627158 22.23512330467696 22.147491780726764 22.059860256776567 21.97222873282637 21.884597208876023 21.796965684925826 21.70933416097563 21.621702637025436 21.534071113075235 21.446439589125042 21.358808065174845 21.271176541224648 21.18354501727445 21.095913493324254 21.008281969374057 20.92065044542386 20.833018921473663 20.745387397523317 20.76408715052302 20.896457441493496 21.02882773246397 21.161198023434444 21.293568314404915 21.42593860537539 21.558308896345864 21.690679187316338 21.823049478286812 21.955419769257286 22.08779006022776 22.220160351198235 22.352530642168936 22.484900933139407 22.61727122410988 22.749641515080356 22.88201180605083
-9999.0 22.868433003613173 22.775357035642823 22.682281067672474 22.589205099702124 22.496129131731774 22.403053163761427 22.309977195791078 22.216901227820728 22.123825259850378 22.03074929188003 21.93767332390968 21.84459735593933 21.751521387968825 21.658445419998476 21.565369452028126 21.472293484057776 21.379217516087426 21.28614154811708 21.19306558014673 21.09998961217638 21.00691364420603 20.91383767623568 20.820761708265334 20.727685740294984 20.634609772324634 20.541533804354128 20.553124343219498 20.67660574318252 20.800087143145543 20.923568543108566 21.04704994307159 21.17053134303461 21.29401274299763 21.417494142960653 21.540975542923675 21.664456942886698 21.78793834284972 21.911419742812743 22.034901142775976 22.158382542738998 22.28186394270202 22.405345342665044 22.528826742628066
-9999.0 -9999.0 22.702170098957243 22.603649686966737 22.50512927497623 22.406608862985724 22.308088450995218 22.20956803900471 22.11104762701421 22.012527215023702 21.914006803033196 21.81548639104269 21.716965979052183 21.61844556706151 21.519925155071004 21.421404743080497 21.32288433108999 21.224363919099485 21.12584350710898 21.027323095118472 20.928802683127966 20.83028227113746 20.731761859146957 20.63324144715645 20.534721035165944 20.436200623175438 20.33768021118476 20.342161535915793 20.456754044871357 20.57134655382692 20.68593906278248 20.800531571738045 20.91512408069361 21.029716589649173 21.144309098604737 21.258901607560297 21.37349411651586 21.488086625471425 21.60267913442699 21.717271643382745 21.83186415233831 21.946456661293873 22.061049170249436 22.175641679204997
-9999.0 -9999.0 -9999.0 -9999.0 -9999.0 -9999.0 22.213123738229093 22.109158882218434 22.005194026207775 21.90122917019712 21.79726431418646 21.6932994581758 21.58933460216514 21.48536974615431 21.38140489014365 21.27744003413299 21.173475178122334 21.069510322111675 20.965545466101016 20.861580610090357 20.7576157540797 20.653650898069042 20.549686042058383 20.445721186047727 20.341756330037068 20.23779147402641 20.133826618015576 20.13119872861227 20.23690234656038 20.342605964508493 20.448309582456606 20.554013200404714 20.659716818352827 20.76542043630094 20.871124054249048 20.97682767219716 21.082531290145273 21.18823490809338 21.293938526041494 21.399642143989787 21.505345761937896 21.61104937988601 21.71675299783412 21.82245661578223
-9999.0 -9999.0 -9999.0 -9999.0 -9999.0 22.227568325493777 22.11815902546297 22.008749725432157 21.89934042540135 21.789931125370536 21.680521825339728 21.571112525308916 21.461703225278104 21.352293925247107 21.2428846252163 21.133475325185486 21.024066025154678 20.914656725123866 20.805247425093057 20.695838125062245 20.586428825031437 20.477019525000625 20.367610224969816 20.258200924939004 20.148791624908192 20.039382324877383 19.929973024846387 19.92023592130875 20.017050648249405 20.113865375190066 20.210680102130727 20.307494829071388 20.404309556012045 20.501124282952706 20.597939009893366 20.694753736834024 20.791568463774684 20.888383190715345 20.985197917656006 21.08201264459683 21.178827371537487 21.275642098478148 21.37245682541881 21.46927155235947
-9999.0 -9999.0 -9999.0 -9999.0 22.252901800798767 22.138048056747802 22.02319431269684 21.90834056864588 21.793486824594915 21.678633080543953 21.563779336492992 21.448925592442027 21.334071848391066 21.21921810433991 21.104364360288944 20.989510616237983 20.874656872187018 20.759803128136056 20.644949384085095 20.530095640034133 20.41524189598317 20.300388151932207 20.185534407881242 20.07068066383028 19.95582691977932 19.840973175728355 19.726119431677198 19.709273114005224 19.797198949938434 19.88512478587164 19.97305062180485 20.060976457738057 20.148902293671263 20.236828129604472 20.32475396553768 20.412679801470887 20.500605637404096 20.5885314733373 20.67645730927051 20.76438314520387 20.852308981137078 20.940234817070284 21.028160653003493 21.116086488936702
-9999.0 -9999.0 -9999.0 -9999.0 22.168825976072945 22.04852778800183 21.928229599930713 21.8079314118596 21.687633223788485 21.56733503571737 21.447036847646256 21.326738659575142 21.206440471504028 21.086142283432707 20.96584409536159 20.845545907290475 20.72524771921936 20.604949531148247 20.484651343077132 20.364353155006018 20.244054966934904 20.123756778863786 20.003458590792672 19.883160402721558 19.762862214650443 19.64256402657933 19.52226583850801 19.4983103067017 19.577347251627458 19.656384196553212 19.73542114147897 19.814458086404727 19.89349503133048 19.97253197625624 20.051568921181996 20.13060586610775 20.209642811033508 20.288679755959265 20.36771670088502 20.44675364581091 20.525790590736666 20.604827535662423 20.68386448058818 20.762901425513935
-9999.0 -9999.0 -9999.0 -9999.0 -9999.0 -9999.0 21.833264887164585 21.707522255073318 21.581779622982054 21.456036990890787 21.33029435879952 21.204551726708253 21.078809094616986 20.953066462525502 20.827323830434235 20.701581198342968 20.5758385662517 20.450095934160434 20.324353302069166 20.1986106699779 20.072868037886632 19.947125405795365 19.821382773704098 19.695640141612834 19.569897509521567 19.4441548774303 19.318412245338816 19.287347499398173 19.35749555331648 19.427643607234785 19.497791661153087 19.567939715071393 19.6380877689897 19.708235822908 19.778383876826307 19.848531930744613 19.918679984662916 19.98882803858122 20.058976092499528 20.12912414641795 20.199272200336253 20.26942025425456 20.339568308172865 20.409716362091167
-9999.0 -9999.0 -9999.0 -9999.0 -9999.0 -9999.0 -9999.0 -9999.0 21.475926022175624 21.344738946064204 21.213551869952784 21.082364793841364 20.951177717729948 20.819990641618304 20.688803565506884 20.557616489395464 20.426429413284044 20.295242337172628 20.164055261061208 20.032868184949788 19.901681108838368 19.770494032726948 19.639306956615528 19.50811988050411 19.37693280439269 19.24574572828127 19.114558652169627 19.076384692094653 19.137643855005503 19.198903017916358 19.26016218082721 19.321421343738063 19.382680506648917 19.443939669559768 19.505198832470622 19.566457995381473 19.627717158292327 19.688976321203178 19.750235484114032 19.81149464702499 19.872753809935844 19.934012972846695 19.99527213575755 20.0565312986684
-9999.0 -9999.0 -9999.0 -9999.0 -9999.0 -9999.0 -9999.0 -9999.0 -9999.0 21.233440901237525 -9999.0 -9999.0 -9999.0 20.68691482071099 20.550283300579412 20.413651780447836 20.27702026031626 20.140388740184683 20.00375722005311 19.867125699921534 19.730494179789957 19.59386265965838 19.457231139526804 19.320599619395228 19.18396809926365 19.04733657913208 18.910705059000268 18.86542188479095 18.917792156694343 18.97016242859774 19.02253270050113 19.074902972404526 19.12727324430792 19.17964351621131 19.232013788114706 19.2843840600181 19.336754331921494 19.389124603824886 19.44149487572828 19.493865147631762 19.546235419535158 19.59860569143855 19.650975963341942 19.703346235245338
-9999.0 -9999.0 -9999.0 -9999.0 -9999.0 -9999.0 -9999.0 -9999.0 -9999.0 -9999.0 -9999.0 -9999.0 -9999.0 -9999.0 20.411763035652058 20.269687071500332 20.127611107348603 19.985535143196874 19.843459179045144 19.70138321489342 19.55930725074169 19.41723128658996 19.27515532243823 19.133079358286505 18.991003394134776 18.848927429983046 18.706851465831075 18.654459077487424 18.697940458383368 18.741421839279308 18.78490322017525 18.828384601071193 18.871865981967133 18.915347362863077 18.958828743759017 19.002310124654958 19.045791505550902 19.089272886446842 19.132754267342786 19.1762356482388 19.219717029134742 19.263198410030686 19.306679790926626 19.350161171822567
-9999.0 -9999.0 -9999.0 -9999.0 -9999.0 -9999.0 -9999.0 -9999.0 -9999.0 -9999.0 -9999.0 -9999.0 -9999.0 -9999.0 -9999.0 -9999.0 19.978201954380946 19.830681546209064 19.683161138037185 19.535640729865303 19.38812032169342 19.240599913521542 19.09307950534966 18.94555909717778 18.7980386890059 18.65051828083402 18.502997872661886 18.4434962701839 18.478088760072392 18.51268124996088 18.547273739849373 18.581866229737862 18.61645871962635 18.651051209514844 18.685643699403332 18.72023618929182 18.754828679180314 18.789421169068802 18.824013658957295 18.858606148845844 18.893198638734333 18.92779112862282 18.962383618511314 18.996976108399803
