Figures/CREST_Example_wjb_NSE/Rolling_result/20100722/raw_forecast/ens_3/wjb.rain.20100731.asc
ncols            288
nrows            254
xllcorner        113.274861
yllcorner        31.4918055
cellsize         0.008333333333
NODATA_value     -9999
[rows 192 to 215 of 254, columns 162 to 215 of 288]
0.0008888457987732959 0.0009462524660197755 0.001003659133266255 0.0010610658005127346 0.001118472467759214 0.0011758791350056936 0.0012332858022521733 0.0012906924694987506 0.0013480991367452303 0.0014055058039917098 0.0014629124712381893 0.0015203191384846688 0.0015777258057311486 0.001635132472977628 0.0016925391402241076 0.006610891720597517 0.016725705456330592 0.026840519192063664 0.03695533292779674 0.047070146663529815 0.05718496039928014 0.0672997741350132 0.07741458787074627 0.08752940160647936 0.09764421534221243 0.1077590290779455 0.11787384281367858 0.12798865654941166 0.13810347028514475 0.1482182840208778 0.1583330977566109 0.16844791149234395 0.17856272522807703 0.18867753896382736 0.19879235269956044 0.2089071664352935 0.2190219801710266 0.22913679390675964 0.23925160764249273 0.24936642137822582 0.2594812351139589 0.2695960488496919 0.279710862585425 0.2898256763211581 0.29994049005689116 0.3179996538299274 0.34455150756699476 0.3711033613040169 0.39765521504103896 0.424207068778061 0.4507589225150831 0.4773107762521052 0.5038626299891273 0.5304144837261494
0.0 0.0 0.0 0.0 0.0 0.0 0.0 0.0 0.0 0.0 0.0 0.0 0.0 0.0 0.0 0.004755330822445812 0.014594217878873309 0.024433104935300803 0.0342719919917283 0.0441108790481558 0.05394976610460007 0.06378865316102757 0.07362754021745506 0.08346642727388257 0.09330531433031006 0.10314420138673755 0.11298308844316504 0.12282197549959255 0.13266086255602003 0.14249974961244755 0.15233863666887504 0.16217752372530253 0.17201641078173002 0.1818552978381743 0.1916941848946018 0.2015330719510293 0.21137195900745678 0.22121084606388428 0.23104973312031177 0.24088862017673926 0.2507275072331668 0.26056639428959427 0.27040528134602176 0.28024416840244926 0.29008305545887675 0.30787344962928775 0.3341641848406594 0.3604549200519862 0.38674565526331306 0.4130363904746399 0.4393271256859667 0.4656178608972935 0.49190859610862037 0.5181993313199472
0.0 0.0 0.0 0.0 0.0 0.0 0.0 0.0 0.0 0.0 0.0 0.0 0.0 0.0 0.0 0.004594224151750455 0.014099777861625752 0.02360533157150105 0.03311088528137635 0.04261643899125165 0.052121992701143156 0.061627546411018454 0.07113310012089376 0.08063865383076906 0.09014420754064435 0.09964976125051965 0.10915531496039495 0.11866086867027024 0.12816642238014556 0.13767197609002085 0.14717752979989615 0.15668308350977145 0.16618863721964675 0.17569419092953825 0.18519974463941355 0.19470529834928885 0.20421085205916414 0.21371640576903944 0.22322195947891474 0.23272751318879004 0.24223306689866533 0.25173862060854063 0.26124417431841596 0.2707497280282912 0.28025528173816655 0.29749753368963777 0.3230104911365379 0.3485234485833945 0.3740364060302511 0.39954936347710773 0.42506232092396434 0.450575278370821 0.47608823581767756 0.5016011932645342
0.0 0.0 0.0 0.0 0.0 0.0 0.0 0.0 0.0 0.0 0.0 0.0 0.0 0.0 0.0 0.0044331174810551665 0.01360533784437841 0.022777558207701654 0.0319497785710249 0.04112199893434814 0.05029421929768702 0.05946643966101026 0.06863866002433351 0.07781088038765675 0.08698310075098 0.09615532111430324 0.10532754147762648 0.11449976184094972 0.12367198220427297 0.13284420256759621 0.14201642293091946 0.1511886432942427 0.16036086365756594 0.16953308402090483 0.17870530438422808 0.18787752474755132 0.19704974511087456 0.2062219654741978 0.21539418583752104 0.22456640620084428 0.23373862656416752 0.24291084692749076 0.25208306729081403 0.26125528765413725 0.2704275080174605 0.28712161774999223 0.3118567974324211 0.33659197711480787 0.3613271567971946 0.3860623364795814 0.41079751616196813 0.43553269584435483 0.46026787552674164 0.48500305520912834
0.0 0.0 0.0 0.0 0.0 0.0 0.0 0.0 0.0 0.0 0.0 0.0 0.0 0.0 0.0 0.004272010810359878 0.013110897827131067 0.021949784843902254 0.030788671860673442 0.03962755887744463 0.04846644589423089 0.05730533291100208 0.06614421992777327 0.07498310694454445 0.08382199396131564 0.09266088097808683 0.10149976799485802 0.1103386550116292 0.11917754202840039 0.12801642904517158 0.13685531606194276 0.14569420307871395 0.15453309009548513 0.16337197711227142 0.1722108641290426 0.1810497511458138 0.18988863816258497 0.19872752517935616 0.20756641219612734 0.21640529921289853 0.2252441862296697 0.2340830732464409 0.24292196026321208 0.25176084727998327 0.2605997342967545 0.27674570181034663 0.3007031037283044 0.32466050564622123 0.34861790756413813 0.372575309482055 0.39653271139997187 0.42049011331788877 0.4444475152358056 0.46840491715372246
0.0 0.0 0.0 0.0 0.0 0.0 0.0 0.0 0.0 0.0 0.0 0.0 0.0 0.0 0.0 0.004110904139664521 0.01261645780988351 0.021122011480102502 0.029627565150321493 0.03813311882054048 0.046638672490773976 0.05514422616099297 0.06364977983121195 0.07215533350143094 0.08066088717164993 0.08916644084186892 0.09767199451208791 0.1061775481823069 0.11468310185252589 0.12318865552274488 0.13169420919296387 0.14019976286318286 0.14870531653340185 0.15721087020363536 0.16571642387385435 0.17422197754407334 0.18272753121429233 0.19123308488451132 0.1997386385547303 0.2082441922249493 0.2167497458951683 0.22525529956538728 0.23376085323560628 0.24226640690582527 0.25077196057604423 0.26636978587069665 0.2895494100241829 0.31272903417762954 0.3359086583310762 0.35908828248452285 0.3822679066379695 0.40544753079141616 0.4286271549448628 0.45180677909830946
0.0 0.0 0.0 0.0 0.0 0.0 0.0 0.0 0.0 0.0 0.0 0.0 0.0 0.0 0.0 0.003949797468969233 0.012122017792636167 0.0202942381163031 0.028466458439970036 0.036638678763636974 0.04481089908731784 0.052983119410984776 0.06115533973465171 0.06932756005831865 0.07749978038198559 0.08567200070565252 0.09384422102931946 0.10201644135298639 0.11018866167665332 0.11836088200032026 0.12653310232398718 0.13470532264765414 0.14287754297132108 0.15104976329500194 0.15922198361866888 0.1673942039423358 0.17556642426600275 0.18373864458966968 0.19191086491333662 0.20008308523700355 0.20825530556067048 0.21642752588433742 0.22459974620800435 0.2327719665316713 0.24094418685533822 0.2559938699310511 0.2783957163200661 0.3007975627090429 0.3231994090980197 0.3456012554869965 0.3680031018759733 0.3904049482649501 0.41280679465392683 0.43520864104290363
0.0 0.0 0.0 0.0 0.0 0.0 0.0 0.0 0.0 0.0 0.0 0.0 0.0 0.0 0.0 0.003788690798273944 0.011627577775388823 0.0194664647525037 0.02730535172961858 0.03514423870673346 0.04298312568386171 0.050822012660976586 0.058660899638091464 0.06649978661520634 0.07433867359232121 0.08217756056943609 0.09001644754655098 0.09785533452366586 0.10569422150078074 0.11353310847789562 0.1213719954550105 0.12921088243212536 0.13704976940924024 0.1448886563863685 0.15272754336348338 0.16056643034059825 0.16840531731771313 0.176244204294828 0.1840830912719429 0.19192197824905777 0.19976086522617265 0.20759975220328752 0.2154386391804024 0.22327752615751728 0.23111641313463216 0.24561795399140554 0.2672420226159493 0.28886609124045626 0.31049015986496314 0.3321142284894701 0.353738297113977 0.3753623657384839 0.39698643436299086 0.41861050298749775
0.0 0.0 0.0 0.0 0.0 0.0 0.0 0.0 0.0 0.0 0.0 0.0 0.0 0.0 0.0 0.0036275841275785867 0.011133137758141268 0.01863869138870395 0.02614424501926663 0.03364979864982931 0.04115535228040479 0.04866090591096747 0.056166459541530156 0.06367201317209284 0.07117756680265551 0.07868312043321819 0.08618867406378088 0.09369422769434356 0.10119978132490624 0.10870533495546893 0.1162108885860316 0.12371644221659428 0.13122199584715696 0.13872754947773244 0.14623310310829513 0.1537386567388578 0.1612442103694205 0.16874976399998318 0.17625531763054586 0.18376087126110854 0.1912664248916712 0.19877197852223388 0.20627753215279657 0.21378308578335925 0.22128863941392193 0.23524203805175556 0.2560883289118278 0.2769346197718645 0.29778091063190126 0.31862720149193796 0.33947349235197466 0.36031978321201136 0.38116607407204806 0.4020123649320848
0.0 0.0 0.0 0.0 0.0 0.0 0.0 0.0 0.0 0.0 0.0 0.0 0.0 0.0 0.0 0.003466477456883298 0.010638697740893923 0.01781091802490455 0.024983138308915177 0.0321553585929258 0.03932757887694866 0.04649979916095928 0.05367201944496991 0.06084423972898054 0.06801646001299116 0.07518868029700179 0.08236090058101242 0.08953312086502303 0.09670534114903366 0.10387756143304429 0.11104978171705492 0.11822200200106554 0.12539422228507616 0.13256644256909902 0.13973866285310965 0.14691088313712028 0.1540831034211309 0.16125532370514153 0.16842754398915216 0.1755997642731628 0.18277198455717342 0.18994420484118404 0.19711642512519464 0.20428864540920527 0.2114608656932159 0.22486612211211 0.24493463520771105 0.26500314830327787 0.2850716613988447 0.30514017449441155 0.3252086875899784 0.34527720068554524 0.365345713781112 0.3854142268766789
0.0 0.0 0.0 0.0 0.0 0.0 0.0 0.0 0.0 0.0 0.0 0.0 0.0 0.0 0.0 0.0033053707861880094 0.010144257723646579 0.01698314466110515 0.02382203159856372 0.030660918536022288 0.03749980547349252 0.04433869241095109 0.051177579348409656 0.05801646628586823 0.06485535322332679 0.07169424016078536 0.07853312709824394 0.0853720140357025 0.09221090097316108 0.09904978791061965 0.10588867484807822 0.11272756178553679 0.11956644872299535 0.12640533566046558 0.13324422259792415 0.14008310953538272 0.1469219964728413 0.15376088341029986 0.16059977034775844 0.167438657285217 0.17427754422267558 0.18111643116013415 0.18795531809759272 0.1947942050350513 0.20163309197250986 0.21449020617246442 0.23378094150359427 0.25307167683469123 0.2723624121657882 0.29165314749688515 0.31094388282798213 0.33023461815907906 0.34952535349017605 0.36881608882127304
0.0 0.0 0.0 0.0 0.0 0.0 0.0 0.0 0.0 0.0 0.0 0.0 0.0 0.0 0.0 0.003144264115492721 0.009649817706399236 0.01615537129730575 0.022660924888212263 0.02916647847911878 0.035672032070036386 0.0421775856609429 0.04868313925184942 0.05518869284275593 0.06169424643366245 0.06819980002456896 0.07470535361547548 0.081210907206382 0.08771646079728851 0.09422201438819501 0.10072756797910153 0.10723312157000804 0.11373867516091456 0.12024422875183217 0.12674978234273868 0.1332553359336452 0.1397608895245517 0.14626644311545822 0.15277199670636474 0.15927755029727125 0.16578310388817777 0.17228865747908428 0.1787942110699908 0.18529976466089731 0.19180531825180383 0.20411429023281888 0.2226272477994775 0.24114020536610462 0.25965316293273166 0.2781661204993588 0.29667907806598587 0.31519203563261294 0.33370499319924 0.35221795076586715
0.0 0.0 0.0 0.0 0.0 0.0 0.0 0.0 0.0 0.0 0.0 0.0 0.0 0.0 0.0 0.0029831574447973636 0.009155377689151681 0.015327597933505997 0.021499818177860314 0.02767203842221463 0.033844258666579474 0.04001647891093379 0.04618869915528811 0.05236091939964242 0.05853313964399674 0.06470535988835106 0.07087758013270537 0.07704980037705969 0.08322202062141401 0.08939424086576832 0.09556646111012264 0.10173868135447696 0.10791090159883128 0.11408312184319612 0.12025534208755043 0.12642756233190475 0.13259978257625907 0.1387720028206134 0.1449442230649677 0.15111644330932203 0.15728866355367632 0.16346088379803064 0.16963310404238496 0.17580532428673928 0.1819775445310936 0.19373837429316887 0.211473554095356 0.2292087338975129 0.24694391369966978 0.26467909350182667 0.28241427330398355 0.3001494531061404 0.31788463290829727 0.33561981271045416
0.0 0.0 0.0 0.0 0.0 0.0 0.0 0.0 0.0 0.0 0.0 0.0 0.0 0.0 0.0 0.002822050774102075 0.008660937671904335 0.014499824569706596 0.020338711467508857 0.026177598365311118 0.03201648526312333 0.0378553721609256 0.043694259058727855 0.04953314595653012 0.05537203285433238 0.061210919752134635 0.0670498066499369 0.07288869354773916 0.07872758044554141 0.08456646734334368 0.09040535424114594 0.0962442411389482 0.10208312803675046 0.10792201493456267 0.11376090183236494 0.1195997887301672 0.12543867562796945 0.13127756252577172 0.13711644942357398 0.14295533632137625 0.1487942232191785 0.15463311011698078 0.160471997014783 0.16631088391258528 0.17214977081038754 0.1833624583535233 0.20031986039123922 0.21727726242892623 0.23423466446661323 0.25119206650430026 0.26814946854198723 0.28510687057967427 0.30206427261736124 0.31902167465504827
0.0 0.0 0.0 0.0 0.0 0.0 0.0 0.0 0.0 0.0 0.0 0.0 0.0 0.0 0.0 0.0026609441034067868 0.008166497654656992 0.013672051205907197 0.019177604757157404 0.02468315830840761 0.030188711859667202 0.03569426541091741 0.041199818962167616 0.04670537251341782 0.052210926064668026 0.05771647961591823 0.06322203316716843 0.06872758671841864 0.07423314026966885 0.07973869382091905 0.08524424737216925 0.09074980092341946 0.09625535447466967 0.10176090802592926 0.10726646157717946 0.11277201512842967 0.11827756867967988 0.12378312223093008 0.12928867578218028 0.1347942293334305 0.1402997828846807 0.1458053364359309 0.15131088998718112 0.15681644353843133 0.1623219970896815 0.17298654241387776 0.18916616668712247 0.2053457909603396 0.22152541523355673 0.23770503950677385 0.25388466377999097 0.27006428805320815 0.28624391232642526 0.3024235365996424
0.0 0.0 0.0 0.0 0.0 0.0 0.0 0.0 0.0 0.0 0.0 0.0 0.0 0.0 0.0 0.002499837432711429 0.007672057637409437 0.012844277842107444 0.01801649804680545 0.02318871825150346 0.028360938456210287 0.033533158660908294 0.0387053788656063 0.04387759907030431 0.04904981927500232 0.05422203947970033 0.059394259684398334 0.06456647988909635 0.06973870009379435 0.07491092029849236 0.08008314050319036 0.08525536070788838 0.09042758091258637 0.0955998011172932 0.10077202132199121 0.10594424152668923 0.11111646173138723 0.11628868193608524 0.12146090214078324 0.12663312234548124 0.13180534255017926 0.13697756275487727 0.14214978295957528 0.1473220031642733 0.15249422336897128 0.16261062647422778 0.17801247298300096 0.19341431949174787 0.2088161660004948 0.22421801250924173 0.23961985901798866 0.2550217055267356 0.2704235520354825 0.28582539854422945
0.0 0.0 0.0 0.0 0.0 0.0 0.0 0.0 0.0 0.0 0.0 0.0 0.0 0.0 0.0 0.0023387307620161405 0.007177617620162092 0.012016504478308043 0.016855391336453994 0.021694278194599948 0.02653316505275415 0.0313720519109001 0.036210938769046054 0.041049825627192005 0.045888712485337955 0.050727599343483906 0.05556648620162986 0.06040537305977581 0.06524425991792177 0.07008314677606771 0.07492203363421367 0.07976092049235961 0.08459980735050557 0.08943869420865977 0.09427758106680573 0.09911646792495167 0.10395535478309763 0.10879424164124357 0.11363312849938953 0.11847201535753547 0.12331090221568143 0.12814978907382737 0.13298867593197333 0.1378275627901193 0.14266644964826525 0.15223471053458218 0.16685877927888418 0.18148284802316123 0.19610691676743827 0.21073098551171532 0.2253550542559924 0.23997912300026944 0.2546031917445465 0.2692272604888235
0.0 0.0 0.0 0.0 0.0 0.0 0.0 0.0 0.0 0.0 0.0 0.0 0.0 0.0 0.0 0.0021776240913208523 0.006683177602914749 0.011188731114508644 0.01569428462610254 0.02019983813769644 0.02470539164929802 0.029210945160891913 0.03371649867248581 0.0382220521840797 0.042727605695673604 0.0472331592072675 0.05173871271886139 0.05624426623045529 0.06074981974204919 0.06525537325364308 0.06976092676523699 0.07426648027683087 0.07877203378842478 0.08327758730002635 0.08778314081162025 0.09228869432321414 0.09679424783480804 0.10129980134640193 0.10580535485799583 0.11031090836958973 0.11481646188118362 0.11932201539277752 0.12382756890437142 0.1283331224159653 0.1328386759275592 0.14185879459493664 0.15570508557476742 0.16955137655457458 0.18339766753438178 0.19724395851418897 0.21109024949399613 0.2249365404738033 0.23878283145361048 0.2526291224334177
0.0 0.0 0.0 0.0 0.0 0.0 0.0 0.0 0.0 0.0 0.0 0.0 0.0 0.0 0.0 0.0020165174206254947 0.006188737585667193 0.010360957750708891 0.014533177915750591 0.018705398080792288 0.022877618245841103 0.0270498384108828 0.0312220585759245 0.0353942787409662 0.0395664989060079 0.04373871907104959 0.04791093923609129 0.05208315940113299 0.05625537956617469 0.06042759973121639 0.06459981989625808 0.06877204006129979 0.07294426022634148 0.0771164803913903 0.081288700556432 0.0854609207214737 0.08963314088651539 0.0938053610515571 0.09797758121659879 0.1021498013816405 0.10632202154668219 0.11049424171172388 0.11466646187676559 0.11883868204180728 0.12301090220684899 0.13148287865528666 0.14455139187064592 0.1576199050859829 0.17068841830131984 0.1837569315166568 0.1968254447319938 0.20989395794733076 0.2229624711626677 0.23603098437800468
0.0 0.0 0.0 0.0 0.0 0.0 0.0 0.0 0.0 0.0 0.0 0.0 0.0 0.0 0.0 0.001855410749930206 0.005694297568419849 0.00953318438690949 0.013372071205399133 0.017210958023888775 0.021049844842384965 0.024888731660874606 0.02872761847936425 0.03256650529785389 0.036405392116343534 0.04024427893483318 0.04408316575332282 0.04792205257181246 0.0517609393903021 0.055599826208791746 0.05943871302728139 0.06327759984577103 0.06711648666426068 0.07095537348275686 0.0747942603012465 0.07863314711973615 0.08247203393822579 0.08631092075671543 0.09014980757520508 0.09398869439369471 0.09782758121218436 0.101666468030674 0.10550535484916364 0.10934424166765329 0.11318312848614293 0.12110696271564107 0.13339769816652913 0.14568843361739622 0.15797916906826331 0.17026990451913043 0.18256063996999752 0.19485137542086461 0.2071421108717317 0.2194328463225988
0.0 0.0 0.0 0.0 0.0 0.0 0.0 0.0 0.0 0.0 0.0 0.0 0.0 0.0 0.0 0.0016943040792349177 0.005199857551172505 0.008705411023110092 0.01221096449504768 0.015716517966985265 0.01922207143892883 0.02272762491086642 0.026233178382804007 0.029738731854741594 0.03324428532667918 0.03674983879861677 0.04025539227055436 0.04376094574249194 0.047266499214429526 0.050772052686367114 0.0542776061583047 0.05778315963024229 0.06128871310217988 0.06479426657412345 0.06829982004606103 0.07180537351799862 0.0753109269899362 0.0788164804618738 0.08232203393381138 0.08582758740574897 0.08933314087768655 0.09283869434962413 0.09634424782156173 0.09984980129349931 0.1033553547654369 0.11073104677599552 0.12224400446241238 0.13375696214880958 0.14526991983520682 0.15678287752160402 0.16829583520800126 0.1798087928943985 0.1913217505807957 0.2028347082671929
0.0 0.0 0.0 0.0 0.0 0.0 0.0 0.0 0.0 0.0 0.0 0.0 0.0 0.0 0.0 0.0015331974085395603 0.004705417533924949 0.007877637659310339 0.011049857784695727 0.014222077910081116 0.017394298035471916 0.020566518160857306 0.02373873828624269 0.02691095841162808 0.03008317853701347 0.03325539866239886 0.03642761878778425 0.039599838913169635 0.04277205903855503 0.045944279163940414 0.04911649928932581 0.05228871941471119 0.055460939540096586 0.058633159665487385 0.06180537979087277 0.06497759991625816 0.06814982004164355 0.07132204016702894 0.07449426029241432 0.07766648041779972 0.08083870054318511 0.0840109206685705 0.08718314079395588 0.09035536091934127 0.09352758104472667 0.10035513083634552 0.11109031075829084 0.12182549068021786 0.13256067060214488 0.1432958505240719 0.15403103044599892 0.16476621036792594 0.17550139028985295 0.18623657021177997
0.0 0.0 0.0 0.0 0.0 0.0 0.0 0.0 0.0 0.0 0.0 0.0 0.0 0.0 0.0 0.0013720907378442719 0.0042109775166776055 0.00704986429551094 0.009888751074344273 0.012727637853177607 0.015566524632015782 0.018405411410849115 0.02124429818968245 0.024083184968515782 0.026922071747349115 0.029760958526182452 0.032599845305015786 0.035438732083849116 0.03827761886268245 0.04111650564151578 0.04395539242034912 0.046794279199182456 0.049633165978015786 0.05247205275685396 0.0553109395356873 0.058149826314520627 0.06098871309335396 0.0638275998721873 0.06666648665102064 0.06950537342985397 0.0723442602086873 0.07518314698752063 0.07802203376635397 0.0808609205451873 0.08369980732402063 0.08997921489669997 0.09993661705417409 0.10989401921163124 0.11985142136908837 0.12980882352654552 0.13976622568400265 0.14972362784145982 0.15968102999891692 0.16963843215637409
0.0 0.0 0.0 0.0 0.0 0.0 0.0 0.0 0.0 0.0 0.0 0.0 0.0 0.0 0.0 0.0012109840671489832 0.0037165374994302613 0.006222090931711539 0.008727644363992818 0.011233197796274096 0.013738751228559647 0.016244304660840925 0.018749858093122202 0.02125541152540348 0.02376096495768476 0.026266518389966038 0.028772071822247315 0.031277625254528596 0.03378317868680987 0.03628873211909115 0.038794285551372425 0.041299838983653706 0.043805392415934986 0.046310945848220535 0.048816499280501816 0.05132205271278309 0.05382760614506437 0.056333159577345644 0.058838713009626925 0.061344266441908206 0.06384981987418949 0.06635537330647076 0.06886092673875203 0.07136648017103331 0.0738720336033146 0.0796032989570544 0.08878292335005733 0.09796254774304458 0.10714217213603186 0.11632179652901913 0.1255014209220064 0.13468104531499364 0.14386066970798092 0.1530402941009682
