Figures/CREST_Example_wjb_NSE/Rolling_result/20100722/raw_forecast/ens_3/wjb.rain.20100725.asc
ncols            288
nrows            254
xllcorner        113.274861
yllcorner        31.4918055
cellsize         0.008333333333
NODATA_value     -9999
[rows 180 to 199 of 254, columns 225 to 269 of 288]
5.550460707337944 5.5474588315951845 5.544456955852426 5.5414550801096665 5.538453204366908 5.5354513286241485 5.532449452881389 5.52944757713863 5.526445701395871 5.523443825653107 5.520441949910348 5.517440074167589 5.547331706132428 5.61238724235853 5.6774427785846315 5.742498314810733 5.807553851036834 5.872609387262936 5.937664923489038 6.00272045971514 6.067775995941242 6.1328315321673434 6.197887068393556 6.262942604619658 6.32799814084576 6.393053677071862 6.458109213297964 6.523164749524065 6.588220285750166 6.653275821976269 -9999.0 -9999.0 -9999.0 -9999.0 -9999.0 -9999.0 -9999.0 -9999.0 -9999.0 -9999.0 -9999.0 -9999.0 -9999.0 -9999.0 -9999.0
5.6342366684482865 5.628012571437238 5.6217884744261895 5.615564377415141 5.609340280404092 5.603116183393045 5.596892086381996 5.590667989370948 5.584443892359899 5.57821979534884 5.571995698337791 5.565771601326744 5.592387309597271 5.654109513020126 5.715831716442981 5.777553919865836 5.839276123288691 5.900998326711546 5.962720530134401 6.024442733557256 6.086164936980111 6.1478871404029665 6.209609343825926 6.271331547248781 6.3330537506716365 6.3947759540944915 6.456498157517347 6.518220360940202 6.579942564363057 -9999.0 -9999.0 -9999.0 -9999.0 -9999.0 -9999.0 -9999.0 -9999.0 -9999.0 -9999.0 -9999.0 -9999.0 -9999.0 -9999.0 -9999.0 -9999.0
5.718012629558629 5.7085663112792915 5.699119992999954 5.689673674720616 5.680227356441279 5.670781038161941 5.661334719882603 5.651888401603266 5.642442083323928 5.632995765044574 5.623549446765236 5.614103128485898 5.637442913062114 5.695831783681722 5.7542206543013315 5.81260952492094 5.870998395540548 5.929387266160156 5.987776136779765 6.046165007399373 6.104553878018981 6.1629427486385895 6.221331619258297 6.2797204898779055 6.338109360497514 6.396498231117122 6.45488710173673 6.513275972356339 -9999.0 -9999.0 -9999.0 -9999.0 -9999.0 -9999.0 -9999.0 -9999.0 -9999.0 -9999.0 -9999.0 -9999.0 -9999.0 -9999.0 -9999.0 -9999.0 -9999.0
5.801788590669043 5.789120051121413 5.776451511573783 5.763782972026154 5.751114432478524 5.738445892930894 5.725777353383265 5.713108813835635 5.700440274288005 5.687771734740354 5.675103195192724 5.662434655645095 5.682498516526996 5.737554054343355 5.792609592159713 5.847665129976072 5.902720667792431 5.9577762056087895 6.012831743425148 6.067887281241507 6.122942819057866 6.177998356874225 6.233053894690677 6.288109432507036 6.343164970323395 6.398220508139754 6.4532760459561125 6.508331583772471 6.56338712158883 -9999.0 -9999.0 -9999.0 -9999.0 -9999.0 -9999.0 -9999.0 -9999.0 -9999.0 -9999.0 -9999.0 -9999.0 -9999.0 -9999.0 -9999.0 -9999.0
5.885564551779385 5.869673790963466 5.8537830301475475 5.837892269331628 5.82200150851571 5.80611074769979 5.790219986883872 5.774329226067953 5.758438465252034 5.742547704436087 5.726656943620169 5.7107661828042495 5.727554119991839 5.779276325004951 5.830998530018063 5.882720735031175 5.9344429400442875 5.9861651450574 6.037887350070512 6.089609555083624 6.141331760096736 6.193053965109848 6.244776170123048 6.29649837513616 6.348220580149272 6.399942785162384 6.451664990175496 6.503387195188608 6.5551094002017205 -9999.0 -9999.0 -9999.0 -9999.0 -9999.0 -9999.0 -9999.0 -9999.0 -9999.0 -9999.0 -9999.0 -9999.0 -9999.0 -9999.0 -9999.0 -9999.0
5.969340512889729 5.95022753080552 5.931114548721312 5.9120015666371035 5.892888584552895 5.873775602468688 5.854662620384479 5.835549638300271 5.816436656216062 5.797323674131822 5.7782106920476135 5.759097709963405 5.772609723456683 5.820998595666548 5.869387467876414 5.917776340086279 5.966165212296144 6.01455408450601 6.062942956715875 6.11133182892574 6.159720701135606 6.208109573345471 6.256498445555419 6.304887317765284 6.3532761899751495 6.401665062185015 6.45005393439488 6.4984428066047455 6.546831678814611 -9999.0 -9999.0 -9999.0 -9999.0 -9999.0 -9999.0 -9999.0 -9999.0 -9999.0 -9999.0 -9999.0 -9999.0 -9999.0 -9999.0 -9999.0 -9999.0
6.0531164740000705 6.030781270647573 6.0084460672950755 5.986110863942578 5.9637756605900805 5.941440457237583 5.9191052538850855 5.896770050532588 5.8744348471800905 5.852099643827555 5.829764440475057 5.80742923712256 5.817665326921526 5.862720866328145 5.907776405734763 5.952831945141382 5.997887484548 6.042943023954619 6.0879985633612375 6.133054102767856 6.178109642174475 6.223165181581093 6.268220720987789 6.3132762603944075 6.358331799801026 6.403387339207645 6.448442878614263 -9999.0 -9999.0 -9999.0 -9999.0 -9999.0 -9999.0 -9999.0 -9999.0 -9999.0 -9999.0 -9999.0 -9999.0 -9999.0 -9999.0 -9999.0 -9999.0 -9999.0 -9999.0
6.136892435110413 6.1113350104896265 6.08577758586884 6.060220161248053 6.034662736627266 6.009105312006479 5.983547887385693 5.957990462764906 5.932433038144119 5.9068756135232885 5.881318188902502 5.855760764281715 5.86272093038637 5.904443136989742 5.946165343593114 5.987887550196485 6.029609756799857 6.071331963403229 6.113054170006601 6.154776376609973 6.196498583213345 6.238220789816717 6.27994299642016 6.321665203023532 6.363387409626903 6.405109616230275 -9999.0 -9999.0 -9999.0 -9999.0 -9999.0 -9999.0 -9999.0 -9999.0 -9999.0 -9999.0 -9999.0 -9999.0 -9999.0 -9999.0 -9999.0 -9999.0 -9999.0 -9999.0 -9999.0
6.220668396220756 6.191888750331679 6.163109104442603 6.134329458553527 6.105549812664451 6.0767701667753755 6.047990520886299 6.019210874997222 5.990431229108147 5.961651583219021 5.932871937329946 5.904092291440869 5.907776533851213 5.946165407651338 5.984554281451463 6.022943155251588 6.061332029051713 6.099720902851838 6.138109776651963 6.176498650452089 6.214887524252214 6.253276398052339 6.29166527185253 6.330054145652655 6.36844301945278 6.406831893252905 -9999.0 -9999.0 -9999.0 -9999.0 -9999.0 -9999.0 -9999.0 -9999.0 -9999.0 -9999.0 -9999.0 -9999.0 -9999.0 -9999.0 -9999.0 -9999.0 -9999.0 -9999.0 -9999.0
6.30444435733117 6.272442490173802 6.2404406230164335 6.208438755859065 6.176436888701698 6.1444350215443295 6.112433154386961 6.080431287229593 6.048429420072225 6.016427552914802 5.984425685757434 5.952423818600066 5.952832137316095 5.987887678312971 6.022943219309846 6.057998760306722 6.093054301303598 6.128109842300473 6.163165383297349 6.198220924294224 6.2332764652911 6.2683320062879755 6.303387547284911 6.338443088281786 6.373498629278662 6.408554170275537 -9999.0 -9999.0 -9999.0 -9999.0 -9999.0 -9999.0 -9999.0 -9999.0 -9999.0 -9999.0 -9999.0 -9999.0 -9999.0 -9999.0 -9999.0 -9999.0 -9999.0 -9999.0 -9999.0
6.388220318441512 6.3529962300158545 6.317772141590197 6.28254805316454 6.247323964738882 6.212099876313225 6.1768757878875675 6.14165169946191 6.106427611036253 6.071203522610535 6.035979434184878 6.00075534575922 5.997887740780938 6.029609948974567 6.061332157168196 6.093054365361825 6.124776573555454 6.156498781749082 6.188220989942711 6.21994319813634 6.251665406329969 6.283387614523598 6.315109822717281 6.346832030910909 6.378554239104538 6.410276447298167 6.441998655491796 -9999.0 -9999.0 -9999.0 -9999.0 -9999.0 -9999.0 -9999.0 -9999.0 -9999.0 -9999.0 -9999.0 -9999.0 -9999.0 -9999.0 -9999.0 -9999.0 -9999.0 -9999.0
6.471996279551854 6.433549969857908 6.3951036601639615 6.356657350470015 6.3182110407760685 6.279764731082121 6.241318421388175 6.202872111694228 6.164425802000281 6.12597949230627 6.087533182612322 6.049086872918376 6.042943344245781 6.071332219636164 6.099721095026546 6.128109970416928 6.15649884580731 6.1848877211976925 6.2132765965880745 6.241665471978457 6.270054347368839 6.298443222759221 6.3268320981496515 6.355220973540034 6.383609848930416 6.411998724320798 6.44038759971118 -9999.0 -9999.0 -9999.0 -9999.0 -9999.0 -9999.0 -9999.0 -9999.0 -9999.0 -9999.0 -9999.0 -9999.0 -9999.0 -9999.0 -9999.0 -9999.0 -9999.0 -9999.0
6.555772240662198 6.514103709699961 6.472435178737726 6.4307666477754895 6.389098116813254 6.3474295858510175 6.305761054888782 6.264092523926546 6.22242399296431 6.180755462002003 6.139086931039767 6.097418400077531 6.087998947710625 6.113054490297761 6.138110032884897 6.163165575472032 6.188221118059167 6.213276660646303 6.238332203233438 6.263387745820573 6.288443288407708 6.313498830994844 6.3385543735820224 6.363609916169158 6.388665458756293 6.413721001343428 6.4387765439305635 -9999.0 -9999.0 -9999.0 -9999.0 -9999.0 -9999.0 -9999.0 -9999.0 -9999.0 -9999.0 -9999.0 -9999.0 -9999.0 -9999.0 -9999.0 -9999.0 -9999.0 -9999.0
6.791055853624452 6.748957747542796 6.706859641461141 6.664761535379486 6.62266342929783 6.580565323216175 6.538467217134519 6.496369111052864 6.454271004971209 6.412172898889482 6.370074792807826 6.327976686726171 6.315192777925897 6.333746409526039 6.352300041126183 6.370853672726326 6.389407304326468 6.407960935926612 6.4265145675267545 6.445068199126897 6.463621830727041 6.4821754623271834 6.500729093927358 6.519282725527501 6.537836357127643 6.556389988727787 6.57494362032793 6.593497251928072 -9999.0 -9999.0 -9999.0 -9999.0 -9999.0 -9999.0 -9999.0 -9999.0 -9999.0 -9999.0 -9999.0 -9999.0 -9999.0 -9999.0 -9999.0 -9999.0 -9999.0
7.188290989028236 7.148748437654222 7.109205886280208 7.069663334906193 7.030120783532179 6.990578232158164 6.95103568078415 6.911493129410136 6.871950578036121 6.832408026662039 6.792865475288025 6.753322923914011 6.737079921665517 6.745744664801416 6.754409407937315 6.763074151073213 6.771738894209112 6.780403637345011 6.789068380480909 6.797733123616808 6.806397866752707 6.8150626098886065 6.82372735302452 6.832392096160419 6.841056839296317 6.849721582432216 6.858386325568115 6.867051068704014 -9999.0 -9999.0 -9999.0 -9999.0 -9999.0 -9999.0 -9999.0 -9999.0 -9999.0 -9999.0 -9999.0 -9999.0 -9999.0 -9999.0 -9999.0 -9999.0 -9999.0
7.58552612443185 7.548539127765476 7.511552131099101 7.474565134432726 7.437578137766352 7.400591141099978 7.363604144433603 7.326617147767229 7.289630151100854 7.252643154434417 7.215656157768043 7.178669161101668 7.158967065404956 7.157742920076615 7.156518774748274 7.155294629419933 7.154070484091592 7.152846338763251 7.15162219343491 7.1503980481065685 7.1491739027782275 7.1479497574498865 7.146725612121543 7.145501466793202 7.144277321464861 7.14305317613652 7.141829030808179 7.140604885479838 -9999.0 -9999.0 -9999.0 -9999.0 -9999.0 -9999.0 -9999.0 -9999.0 -9999.0 -9999.0 -9999.0 -9999.0 -9999.0 -9999.0 -9999.0 -9999.0 -9999.0
7.982761259835465 7.948329817876731 7.913898375917997 7.879466933959262 7.845035492000528 7.8106040500417935 7.776172608083058 7.741741166124324 7.707309724165589 7.6728782822067965 7.638446840248061 7.604015398289327 7.580854209144397 7.569741175351816 7.558628141559235 7.547515107766654 7.536402073974073 7.525289040181492 7.514176006388911 7.50306297259633 7.4919499388037485 7.480836905011167 7.469723871218568 7.4586108374259865 7.447497803633405 7.436384769840824 7.425271736048243 7.414158702255662 -9999.0 -9999.0 -9999.0 -9999.0 -9999.0 -9999.0 -9999.0 -9999.0 -9999.0 -9999.0 -9999.0 -9999.0 -9999.0 -9999.0 -9999.0 -9999.0 -9999.0
8.37999639523925 8.348120507988156 8.316244620737063 8.28436873348597 8.252492846234876 8.220616958983783 8.18874107173269 8.156865184481596 8.124989297230503 8.093113409979354 8.06123752272826 8.029361635477168 8.002741352884017 7.981739430627192 7.960737508370367 7.9397355861135415 7.918733663856717 7.897731741599891 7.876729819343066 7.855727897086241 7.834725974829416 7.81372405257259 7.792722130315729 7.7717202080589045 7.750718285802079 7.729716363545254 7.7087144412884285 7.687712519031604 -9999.0 -9999.0 -9999.0 -9999.0 -9999.0 -9999.0 -9999.0 -9999.0 -9999.0 -9999.0 -9999.0 -9999.0 -9999.0 -9999.0 -9999.0 -9999.0 -9999.0
8.777231530642865 8.74791119809941 8.718590865555958 8.689270533012504 8.659950200469051 8.630629867925597 8.601309535382144 8.57198920283869 8.542668870295238 8.513348537751734 8.48402820520828 8.454707872664827 8.424628496623457 8.393737685902392 8.362846875181328 8.331956064460263 8.301065253739198 8.270174443018133 8.239283632297067 8.208392821576002 8.177502010854937 8.146611200133872 8.115720389412754 8.08482957869169 8.053938767970624 8.023047957249558 -9999.0 -9999.0 -9999.0 -9999.0 -9999.0 -9999.0 -9999.0 -9999.0 -9999.0 -9999.0 -9999.0 -9999.0 -9999.0 -9999.0 -9999.0 -9999.0 -9999.0 -9999.0 -9999.0
9.174466666046479 9.147701888210666 9.120937110374852 9.094172332539038 9.067407554703225 9.040642776867411 9.013877999031598 8.987113221195784 8.96034844335997 8.933583665524111 8.906818887688297 8.880054109852484 8.846515640362897 8.805735941177593 8.764956241992287 8.724176542806982 8.683396843621678 8.642617144436372 8.601837445251068 8.561057746065762 8.520278046880456 8.479498347695152 8.438718648509777 8.397938949324473 8.357159250139167 8.316379550953862 -9999.0 -9999.0 -9999.0 -9999.0 -9999.0 -9999.0 -9999.0 -9999.0 -9999.0 -9999.0 -9999.0 -9999.0 -9999.0 -9999.0 -9999.0 -9999.0 -9999.0 -9999.0 -9999.0
