Figures/CREST_Example_wjb_NSE/Rolling_result/20100722/raw_forecast_backup/ens_1/wjb.rain.20100418.asc
ncols            288
nrows            254
xllcorner        113.274861
yllcorner        31.4918055
cellsize         0.008333333333
NODATA_value     -9999
[rows 120 to 139 of 254, columns 90 to 134 of 288]
5.291250197990799 5.291250197990799 5.291250197990799 5.291250197990799 5.291250197990799 5.291250197990799 5.291250197990799 5.291250197990799 5.291250197990799 5.554913753897979 6.100439612681991 6.645965471466004 7.191491330250017 7.737017189034029 8.282543047818972 8.828068906602986 9.373594765386997 9.919120624171011 10.464646482955024 11.010172341739036 11.55569820052305 11.837560503662223 11.837560503662223 11.837560503662223 11.837560503662223 11.837560503662223 11.837560503662223 11.837560503662223 11.837560503662223 11.837560503662223 11.837560503662223 11.837560503662223 11.837560503662223 11.672104342532384 11.329771803398556 10.98743926426473 10.645106725130901 10.302774185997075 9.960441646863247 9.61810910772942 9.27577656859501 8.933444029461182 8.591111490327354 8.248778951193527 7.9064464120597
5.524193976696588 5.524193976696588 5.524193976696588 5.524193976696588 5.524193976696588 5.524193976696588 5.524193976696588 5.524193976696588 5.524193976696588 5.785762748718144 6.326954452278317 6.86814615583849 7.409337859398662 7.950529562958835 8.49172126651993 9.032912970080101 9.574104673640274 10.115296377200448 10.656488080760619 11.19767978432079 11.738871487880964 12.018494419679836 12.018494419679836 12.018494419679836 12.018494419679836 12.018494419679836 12.018494419679836 12.018494419679836 12.018494419679836 12.018494419679836 12.018494419679836 12.018494419679836 12.018494419679836 11.84085122585762 11.473303440476087 11.105755655094557 10.738207869713026 10.370660084331496 10.003112298949965 9.635564513568433 9.268016728186275 8.900468942804745 8.532921157423214 8.165373372041682 7.797825586660151
5.8217790257078725 5.8217790257078725 5.8217790257078725 5.8217790257078725 5.8217790257078725 5.8217790257078725 5.8217790257078725 5.8217790257078725 5.8217790257078725 6.059398631162044 6.551038967587376 7.042679304012707 7.534319640438039 8.025959976863371 8.51760031328954 9.009240649714872 9.500880986140203 9.992521322565535 10.484161658990867 10.975801995416198 11.46744233184153 11.721463063049118 11.721463063049118 11.721463063049118 11.721463063049118 11.721463063049118 11.721463063049118 11.721463063049118 11.721463063049118 11.721463063049118 11.721463063049118 11.721463063049118 11.721463063049118 11.540127483156045 11.164940067491381 10.789752651826717 10.414565236162055 10.039377820497391 9.664190404832727 9.289002989168063 8.91381557350276 8.538628157838097 8.163440742173433 7.7882533265087694 7.4130659108441055
6.119364074719156 6.119364074719156 6.119364074719156 6.119364074719156 6.119364074719156 6.119364074719156 6.119364074719156 6.119364074719156 6.119364074719156 6.333034513605942 6.775123482896433 7.217212452186924 7.659301421477415 8.101390390767905 8.543479360059152 8.985568329349642 9.427657298640133 9.869746267930623 10.311835237221114 10.753924206511606 11.196013175802097 11.4244317064184 11.4244317064184 11.4244317064184 11.4244317064184 11.4244317064184 11.4244317064184 11.4244317064184 11.4244317064184 11.4244317064184 11.4244317064184 11.4244317064184 11.4244317064184 11.23940374045447 10.856576694506675 10.47374964855888 10.090922602611084 9.708095556663286 9.32526851071549 8.942441464767693 8.559614418819246 8.176787372871448 7.793960326923653 7.411133280975857 7.028306235028061
6.416949123730694 6.416949123730694 6.416949123730694 6.416949123730694 6.416949123730694 6.416949123730694 6.416949123730694 6.416949123730694 6.416949123730694 6.606670396050074 6.999207998205682 7.39174560036129 7.784283202516898 8.176820804672506 8.569358406828782 8.96189600898439 9.354433611139997 9.746971213295605 10.139508815451213 10.532046417606821 10.924584019762428 11.127400349787425 11.127400349787425 11.127400349787425 11.127400349787425 11.127400349787425 11.127400349787425 11.127400349787425 11.127400349787425 11.127400349787425 11.127400349787425 11.127400349787425 11.127400349787425 10.938679997752638 10.548213321521704 10.157746645290768 9.767279969059834 9.376813292828897 8.986346616597963 8.595879940367027 8.205413264135426 7.814946587904492 7.424479911673557 7.034013235442622 6.6435465592116865
6.7145341727419785 6.7145341727419785 6.7145341727419785 6.7145341727419785 6.7145341727419785 6.7145341727419785 6.7145341727419785 6.7145341727419785 6.7145341727419785 6.880306278493974 7.22329251351474 7.566278748535507 7.909264983556274 8.25225121857704 8.595237453598394 8.93822368861916 9.281209923639928 9.624196158660695 9.96718239368146 10.310168628702227 10.653154863722994 10.830368993156707 10.830368993156707 10.830368993156707 10.830368993156707 10.830368993156707 10.830368993156707 10.830368993156707 10.830368993156707 10.830368993156707 10.830368993156707 10.830368993156707 10.830368993156707 10.637956255051064 10.239849948536996 9.84174364202293 9.443637335508862 9.045531028994795 8.647424722480727 8.249318415966659 7.851212109451913 7.453105802937845 7.054999496423777 6.6568931899097095 6.258786883395642
7.012119221753262 7.012119221753262 7.012119221753262 7.012119221753262 7.012119221753262 7.012119221753262 7.012119221753262 7.012119221753262 7.012119221753262 7.153942160937872 7.447377028823798 7.740811896709724 8.03424676459565 8.327681632481577 8.621116500368004 8.91455136825393 9.207986236139856 9.501421104025782 9.794855971911709 10.088290839797635 10.381725707683561 10.533337636525989 10.533337636525989 10.533337636525989 10.533337636525989 10.533337636525989 10.533337636525989 10.533337636525989 10.533337636525989 10.533337636525989 10.533337636525989 10.533337636525989 10.533337636525989 10.337232512349491 9.93148657555229 9.52574063875509 9.11999470195789 8.71424876516069 8.30850282836349 7.902756891566289 7.497010954768397 7.091265017971197 6.685519081173997 6.279773144376796 5.874027207579596
7.309704270764547 7.309704270764547 7.309704270764547 7.309704270764547 7.309704270764547 7.309704270764547 7.309704270764547 7.309704270764547 7.309704270764547 7.427578043381771 7.671461544132856 7.915345044883941 8.159228545635028 8.403112046386113 8.646995547137614 8.8908790478887 9.134762548639785 9.37864604939087 9.622529550141955 9.86641305089304 10.110296551644126 10.236306279895269 10.236306279895269 10.236306279895269 10.236306279895269 10.236306279895269 10.236306279895269 10.236306279895269 10.236306279895269 10.236306279895269 10.236306279895269 10.236306279895269 10.236306279895269 10.036508769647915 9.623123202567582 9.209737635487249 8.796352068406918 8.382966501326585 7.9695809342462525 7.55619536716592 7.142809800084882 6.729424233004549 6.316038665924217 5.902653098843884 5.489267531763551
7.6072893197758304 7.6072893197758304 7.6072893197758304 7.6072893197758304 7.6072893197758304 7.6072893197758304 7.6072893197758304 7.6072893197758304 7.6072893197758304 7.701213925825669 7.895546059441914 8.089878193058158 8.284210326674403 8.478542460290647 8.672874593907224 8.867206727523469 9.061538861139713 9.255870994755957 9.450203128372202 9.644535261988446 9.83886739560469 9.93927492326455 9.93927492326455 9.93927492326455 9.93927492326455 9.93927492326455 9.93927492326455 9.93927492326455 9.93927492326455 9.93927492326455 9.93927492326455 9.93927492326455 9.93927492326455 9.73578502694634 9.314759829582876 8.893734632219411 8.472709434855945 8.05168423749248 7.630659040129014 7.20963384276555 6.788608645401367 6.367583448037902 5.946558250674436 5.525533053310971 5.104507855947507
7.904874368787115 7.904874368787115 7.904874368787115 7.904874368787115 7.904874368787115 7.904874368787115 7.904874368787115 7.904874368787115 7.904874368787115 7.9748498082695685 8.119630574750971 8.264411341232375 8.409192107713778 8.553972874195182 8.698753640676834 8.843534407158238 8.988315173639641 9.133095940121045 9.277876706602449 9.422657473083852 9.567438239565256 9.64224356663383 9.64224356663383 9.64224356663383 9.64224356663383 9.64224356663383 9.64224356663383 9.64224356663383 9.64224356663383 9.64224356663383 9.64224356663383 9.64224356663383 9.64224356663383 9.435061284244766 9.006396456598168 8.57773162895157 8.149066801304972 7.720401973658374 7.291737146011776 6.863072318365179 6.434407490717851 6.005742663071253 5.577077835424656 5.148413007778058 4.71974818013146
8.2024594177984 8.2024594177984 8.2024594177984 8.2024594177984 8.2024594177984 8.2024594177984 8.2024594177984 8.2024594177984 8.2024594177984 8.248485690713467 8.34371509006003 8.438944489406593 8.534173888753156 8.629403288099718 8.724632687446444 8.819862086793007 8.91509148613957 9.010320885486133 9.105550284832695 9.200779684179258 9.29600908352582 9.345212210003112 9.345212210003112 9.345212210003112 9.345212210003112 9.345212210003112 9.345212210003112 9.345212210003112 9.345212210003112 9.345212210003112 9.345212210003112 9.345212210003112 9.345212210003112 9.134337541543191 8.698033083613462 8.26172862568373 7.825424167754001 7.3891197098242705 6.95281525189454 6.51651079396481 6.080206336034335 5.6439018781046055 5.207597420174875 4.771292962245145 4.334988504315414
8.500044466809937 8.500044466809937 8.500044466809937 8.500044466809937 8.500044466809937 8.500044466809937 8.500044466809937 8.500044466809937 8.500044466809937 8.5221215731576 8.567799605369279 8.613477637580958 8.65915566979264 8.704833702004318 8.750511734216076 8.796189766427757 8.841867798639436 8.887545830851115 8.933223863062796 8.978901895274475 9.024579927486155 9.04818085337214 9.04818085337214 9.04818085337214 9.04818085337214 9.04818085337214 9.04818085337214 9.04818085337214 9.04818085337214 9.04818085337214 9.04818085337214 9.04818085337214 9.04818085337214 8.83361379884136 8.38966971062849 7.945725622415622 7.5017815342027525 7.057837445989883 6.613893357777014 6.169949269564144 5.726005181350518 5.282061093137649 4.83811700492478 4.394172916711911 3.950228828499042
8.797629515821221 8.797629515821221 8.797629515821221 8.797629515821221 8.797629515821221 8.797629515821221 8.797629515821221 8.797629515821221 8.797629515821221 8.795757455601498 8.791884120678336 8.788010785755175 8.784137450832015 8.780264115908853 8.776390780985686 8.772517446062524 8.768644111139364 8.764770776216203 8.760897441293041 8.757024106369881 8.75315077144672 8.75114949674142 8.75114949674142 8.75114949674142 8.75114949674142 8.75114949674142 8.75114949674142 8.75114949674142 8.75114949674142 8.75114949674142 8.75114949674142 8.75114949674142 8.75114949674142 8.532890056139784 8.081306337643783 7.629722619147781 7.1781389006517795 6.726555182155778 6.274971463659776 5.8233877451637746 5.371804026667002 4.920220308171 4.4686365896749995 4.017052871178997 3.5654691526829954
9.147926552089771 9.147926552089771 9.147926552089771 9.147926552089771 9.147926552089771 9.147926552089771 9.147926552089771 9.147926552089771 9.147926552089771 9.129848793613409 9.09244550257542 9.05504221153743 9.01763892049944 8.98023562946145 8.942832338423399 8.90542904738541 8.86802575634742 8.83062246530943 8.79321917427144 8.755815883233451 8.718412592195461 8.699087059615847 8.699087059615847 8.699087059615847 8.699087059615847 8.699087059615847 8.699087059615847 8.699087059615847 8.699087059615847 8.699087059615847 8.699087059615847 8.699087059615847 8.699087059615847 8.484113397614676 8.039328029350223 7.594542661085772 7.149757292821318 6.704971924556866 6.260186556292414 5.815401188027963 5.370615819762751 4.9258304514983 4.481045083233846 4.036259714969394 3.591474346704942
9.554569379744468 9.554569379744468 9.554569379744468 9.554569379744468 9.554569379744468 9.554569379744468 9.554569379744468 9.554569379744468 9.554569379744468 9.528563202483271 9.474755833712527 9.42094846494178 9.367141096171036 9.313333727400291 9.259526358629454 9.205718989858708 9.151911621087963 9.098104252317219 9.044296883546474 8.990489514775728 8.936682146004983 8.90888095446956 8.90888095446956 8.90888095446956 8.90888095446956 8.90888095446956 8.90888095446956 8.90888095446956 8.90888095446956 8.90888095446956 8.90888095446956 8.90888095446956 8.90888095446956 8.70465228919526 8.282098562154536 7.859544835113814 7.436991108073093 7.01443738103237 6.591883653991648 6.169329926950926 5.746776199909483 5.324222472868762 4.901668745828039 4.479115018787318 4.056561291746595
9.961212207399164 9.961212207399164 9.961212207399164 9.961212207399164 9.961212207399164 9.961212207399164 9.961212207399164 9.961212207399164 9.961212207399164 9.927277611353134 9.857066164849632 9.786854718346133 9.716643271842631 9.64643182533913 9.57622037883551 9.50600893233201 9.435797485828509 9.36558603932501 9.295374592821508 9.225163146318007 9.154951699814507 9.118674849323273 9.118674849323273 9.118674849323273 9.118674849323273 9.118674849323273 9.118674849323273 9.118674849323273 9.118674849323273 9.118674849323273 9.118674849323273 9.118674849323273 9.118674849323273 8.925191180775844 8.524869094958852 8.124547009141859 7.724224923324868 7.323902837507875 6.923580751690883 6.523258665873891 6.122936580056217 5.722614494239225 5.322292408422233 4.921970322605241 4.521648236788249
10.36785503505386 10.36785503505386 10.36785503505386 10.36785503505386 10.36785503505386 10.36785503505386 10.36785503505386 10.36785503505386 10.36785503505386 10.325992020222994 10.23937649598674 10.152760971750483 10.066145447514227 9.97952992327797 9.892914399041567 9.80629887480531 9.719683350569055 9.633067826332798 9.546452302096542 9.459836777860286 9.37322125362403 9.328468744176986 9.328468744176986 9.328468744176986 9.328468744176986 9.328468744176986 9.328468744176986 9.328468744176986 9.328468744176986 9.328468744176986 9.328468744176986 9.328468744176986 9.328468744176986 9.145730072356427 8.767639627763165 8.389549183169903 8.011458738576641 7.63336829398338 7.255277849390118 6.877187404796857 6.49909696020295 6.121006515609688 5.742916071016426 5.364825626423165 4.986735181829903
10.774497862708904 10.774497862708904 10.774497862708904 10.774497862708904 10.774497862708904 10.774497862708904 10.774497862708904 10.774497862708904 10.774497862708904 10.724706429093196 10.62168682712417 10.518667225155145 10.41564762318612 10.312628021217094 10.209608419247893 10.106588817278867 10.003569215309842 9.900549613340814 9.797530011371789 9.694510409402763 9.591490807433738 9.538262639030878 9.538262639030878 9.538262639030878 9.538262639030878 9.538262639030878 9.538262639030878 9.538262639030878 9.538262639030878 9.538262639030878 9.538262639030878 9.538262639030878 9.538262639030878 9.366268963937198 9.010410160567686 8.654551357198173 8.29869255382866 7.9428337504591475 7.586974947089635 7.231116143720122 6.875257340350004 6.519398536980491 6.163539733610978 5.807680930241466 5.451822126871953
11.1811406903636 11.1811406903636 11.1811406903636 11.1811406903636 11.1811406903636 11.1811406903636 11.1811406903636 11.1811406903636 11.1811406903636 11.123420837963058 11.003997158261278 10.884573478559496 10.765149798857715 10.645726119155933 10.526302439453948 10.406878759752168 10.287455080050385 10.168031400348605 10.048607720646823 9.929184040945042 9.80976036124326 9.74805653388459 9.74805653388459 9.74805653388459 9.74805653388459 9.74805653388459 9.74805653388459 9.74805653388459 9.74805653388459 9.74805653388459 9.74805653388459 9.74805653388459 9.74805653388459 9.586807855517781 9.253180693371998 8.919553531226216 8.585926369080434 8.252299206934651 7.918672044788869 7.585044882643087 7.251417720496736 6.917790558350954 6.584163396205172 6.250536234059389 5.916909071913607
11.587783518018295 11.587783518018295 11.587783518018295 11.587783518018295 11.587783518018295 11.587783518018295 11.587783518018295 11.587783518018295 11.587783518018295 11.522135246832919 11.386307489398382 11.250479731963846 11.114651974529309 10.978824217094772 10.842996459660004 10.707168702225466 10.571340944790931 10.435513187356394 10.299685429921857 10.163857672487321 10.028029915052784 9.957850428738304 9.957850428738304 9.957850428738304 9.957850428738304 9.957850428738304 9.957850428738304 9.957850428738304 9.957850428738304 9.957850428738304 9.957850428738304 9.957850428738304 9.957850428738304 9.807346747098366 9.495951226176313 9.184555705254262 8.873160184332209 8.561764663410157 8.250369142488106 7.938973621566053 7.62757810064347 7.316182579721418 7.004787058799366 6.6933915378773134 6.381996016955261
