Figures/CREST_Example_wjb_NSE/Rolling_result/20100722/raw_forecast_backup/ens_1/wjb.rain.20100520.asc
ncols            288
nrows            254
xllcorner        113.274861
yllcorner        31.4918055
cellsize         0.008333333333
NODATA_value     -9999
[rows 84 to 104 of 254, columns 48 to 95 of 288]
0.16820649017773925 0.12891540174386867 0.08962431330999815 0.06932339365776984 0.06932339365776984 0.06932339365776984 0.06932339365776984 0.06932339365776984 0.06932339365776984 0.06932339365776984 0.06932339365776984 0.06932339365776984 0.06932339365776984 0.06932339365776984 0.06932339365776984 0.0786092812776103 0.09782199266607208 0.11703470405456665 0.13624741544302843 0.15546012683149024 0.17467283821995203 0.1938855496084138 0.21309826099687562 0.23231097238533743 0.2515236837737992 0.270736395162261 0.2899491065507228 0.28779792751687727 0.2628082666571634 0.23781860579744957 0.2128289449376931 0.18783928407797928 0.16284962321826546 0.1378599623585516 0.11287030149883778 0.08788064063912393 0.0628909797794101 0.03790131891969628 0.012911658059982456 0.0 0.0 0.0 0.0 0.0 0.0 0.0 0.0 0.0
0.1682039222999563 0.12899378027034453 0.08978363824073271 0.06952454197682212 0.06952454197682212 0.06952454197682212 0.06952454197682212 0.06952454197682212 0.06952454197682212 0.06952454197682212 0.06952454197682212 0.06952454197682212 0.06952454197682212 0.06952454197682212 0.06952454197682212 0.07883737346924419 0.09810583233913057 0.11737429120904982 0.13664275007893623 0.1559112089488226 0.17517966781870897 0.19444812668859537 0.21371658555848175 0.23298504442836815 0.2522535032982545 0.27152196216814095 0.2907904210380273 0.2886330001567503 0.26357082945569155 0.23850865875463276 0.21344648805353122 0.18838431735247244 0.16332214665141365 0.13825997595035486 0.11319780524929607 0.08813563454823728 0.06307346384717852 0.03801129314611973 0.012949122445060912 0.0 0.0 0.0 0.0 0.0 0.0 0.0 0.0 0.0
0.15359865285624236 0.11779315610147456 0.08198765934670676 0.0634876752103534 0.0634876752103534 0.0634876752103534 0.0634876752103534 0.0634876752103534 0.0634876752103534 0.0634876752103534 0.0634876752103534 0.0634876752103534 0.0634876752103534 0.0634876752103534 0.0634876752103534 0.07199186674140659 0.08958723125230438 0.10718259576323218 0.12477796027412996 0.14237332478502776 0.15996868929592556 0.17756405380682336 0.19515941831772116 0.21275478282861893 0.23035014733951673 0.24794551185041452 0.2655408763613123 0.26357078591111976 0.24068478179956873 0.21779877768801767 0.19491277357642758 0.17202676946487655 0.1491407653533255 0.12625476124177443 0.10336875713022337 0.0804827530186723 0.05759674890712124 0.03471074479557021 0.01182474068401912 0.0 0.0 0.0 0.0 0.0 0.0 0.0 0.0 0.0
0.13899338341252826 0.10659253193260448 0.07419168045268071 0.05745080844388468 0.05745080844388468 0.05745080844388468 0.05745080844388468 0.05745080844388468 0.05745080844388468 0.05745080844388468 0.05745080844388468 0.05745080844388468 0.05745080844388468 0.05745080844388468 0.05745080844388468 0.065146360013569 0.0810686301654782 0.09699090031741456 0.11291317046932375 0.12883544062123295 0.14475771077314217 0.16067998092505137 0.17660225107696056 0.19252452122886976 0.20844679138077896 0.22436906153268818 0.24029133168459738 0.2385085716654893 0.21779873414344597 0.19708889662140264 0.176379059099324 0.15566922157728066 0.13495938405523733 0.114249546533194 0.09353970901115069 0.07282987148910736 0.05212003396706402 0.03141019644502069 0.010700358922977354 0.0 0.0 0.0 0.0 0.0 0.0 0.0 0.0 0.0
0.12438811396881427 0.09539190776373452 0.06639570155865476 0.051413941677415954 0.051413941677415954 0.051413941677415954 0.051413941677415954 0.051413941677415954 0.051413941677415954 0.051413941677415954 0.051413941677415954 0.051413941677415954 0.051413941677415954 0.051413941677415954 0.051413941677415954 0.0583008532857314 0.07255002907865202 0.08679920487159692 0.10104838066451755 0.11529755645743814 0.12954673225035876 0.14379590804327938 0.15804508383619997 0.1722942596291206 0.18654343542204121 0.2007926112149618 0.21504178700788243 0.2134463574198588 0.19491268648732318 0.17637901555478758 0.15784534462222038 0.13931167368968478 0.12077800275714919 0.1022443318246136 0.08371066089207799 0.06517698995954241 0.0466433190270068 0.028109648094471196 0.00957597716193559 0.0 0.0 0.0 0.0 0.0 0.0 0.0 0.0 0.0
0.10978284452510023 0.0841912835948645 0.05859972266462876 0.04537707491094723 0.04537707491094723 0.04537707491094723 0.04537707491094723 0.04537707491094723 0.04537707491094723 0.04537707491094723 0.04537707491094723 0.04537707491094723 0.04537707491094723 0.04537707491094723 0.04537707491094723 0.0514553465578938 0.06403142799182582 0.07660750942577929 0.08918359085971131 0.10175967229364333 0.11433575372757535 0.12691183516150736 0.13948791659543938 0.1520639980293714 0.16464007946330342 0.17721616089723544 0.18979224233116745 0.18838414317422827 0.1720266388312004 0.15566913448817254 0.13931163014511677 0.12295412580208889 0.10659662145906103 0.09023911711603315 0.07388161277300528 0.057524108429977405 0.041166604086949526 0.024809099743921675 0.008451595400893797 0.0 0.0 0.0 0.0 0.0 0.0 0.0 0.0 0.0
0.09517757508138622 0.07299065942599448 0.05080374377060276 0.039340208144478514 0.039340208144478514 0.039340208144478514 0.039340208144478514 0.039340208144478514 0.039340208144478514 0.039340208144478514 0.039340208144478514 0.039340208144478514 0.039340208144478514 0.039340208144478514 0.039340208144478514 0.04460983983005621 0.05551282690499964 0.06641581397996166 0.0773188010549051 0.08822178812984852 0.09912477520479196 0.11002776227973537 0.1209307493546788 0.13183373642962223 0.14273672350456568 0.1536397105795091 0.1645426976544525 0.1633219289285978 0.14914059117507766 0.1349592534215575 0.12077791566801319 0.10659657791449303 0.09241524016097288 0.07823390240745275 0.0640525646539326 0.04987122690041246 0.035689889146892306 0.021508551393372155 0.007327213639852004 0.0 0.0 0.0 0.0 0.0 0.0 0.0 0.0 0.0
0.08057230563767215 0.061790035257124454 0.04300776487657673 0.03330334137800979 0.03330334137800979 0.03330334137800979 0.03330334137800979 0.03330334137800979 0.03330334137800979 0.03330334137800979 0.03330334137800979 0.03330334137800979 0.03330334137800979 0.03330334137800979 0.03330334137800979 0.03776433310221861 0.04699422581817345 0.05622411853414403 0.06545401125009886 0.0746839039660537 0.08391379668200855 0.09314368939796339 0.10237358211391823 0.11160347482987307 0.12083336754582791 0.13006326026178275 0.1392931529777376 0.13825971468296727 0.12625454351895488 0.11424937235494245 0.10224420119090957 0.09023903002689715 0.07823385886288473 0.06622868769887232 0.05422351653485989 0.04221834537084748 0.03021317420683506 0.018208003042822635 0.006202831878810239 0.0 0.0 0.0 0.0 0.0 0.0 0.0 0.0 0.0
0.06596703619394567 0.050589411088244884 0.0352117859825441 0.027266474611535918 0.027266474611535918 0.027266474611535918 0.027266474611535918 0.027266474611535918 0.027266474611535918 0.027266474611535918 0.027266474611535918 0.027266474611535918 0.027266474611535918 0.027266474611535918 0.027266474611535918 0.03091882637437518 0.03847562473134 0.04603242308831771 0.05358922144528253 0.061146019802247355 0.06870281815921217 0.07625961651617699 0.08381641487314181 0.09137321323010665 0.09893001158707147 0.1064868099440363 0.11404360830100112 0.11319750043731541 0.10336849586281258 0.09353949128830974 0.08371048671379015 0.07388148213928733 0.0640524775647845 0.05422347299028166 0.04439446841577882 0.034565463841276 0.02473645926677316 0.014907454692270325 0.005078450117767502 0.0 0.0 0.0 0.0 0.0 0.0 0.0 0.0 0.0
0.051361766750231644 0.03938878691937489 0.027415807088518124 0.021229607845067198 0.021229607845067198 0.021229607845067198 0.021229607845067198 0.021229607845067198 0.021229607845067198 0.021229607845067198 0.021229607845067198 0.021229607845067198 0.021229607845067198 0.021229607845067198 0.021229607845067198 0.024073319646537583 0.029957023644513817 0.035840727642500084 0.04172443164047632 0.047608135638452544 0.05349183963642877 0.059375543634405004 0.06525924763238124 0.07114295163035747 0.0770266556283337 0.08291035962630994 0.08879406362428616 0.0881352861916849 0.08048244820668979 0.0728296102216947 0.06517677223668654 0.05752393425169144 0.049871096266696335 0.04221825828170123 0.034565420296706124 0.026912582311711022 0.019259744326715927 0.011606906341720818 0.0039540683567257096 0.0 0.0 0.0 0.0 0.0 0.0 0.0 0.0 0.0
0.0367564973065176 0.028188162750504855 0.019619828194492095 0.015192741078598476 0.015192741078598476 0.015192741078598476 0.015192741078598476 0.015192741078598476 0.015192741078598476 0.015192741078598476 0.015192741078598476 0.015192741078598476 0.015192741078598476 0.015192741078598476 0.015192741078598476 0.01722781291869999 0.02143842255768763 0.02564903219668245 0.02985964183567009 0.03407025147465773 0.03828086111364537 0.042491470752633015 0.04670208039162066 0.0509126900306083 0.05512329966959594 0.05933390930858358 0.06354451894757121 0.0630730719460544 0.05759640055056703 0.05211972915507965 0.04664305775958294 0.04116638636409556 0.03568971496860819 0.03021304357312081 0.024736372177633435 0.01925970078214606 0.013783029386658686 0.008306357991171312 0.0028296865956839307 0.0 0.0 0.0 0.0 0.0 0.0 0.0 0.0 0.0
0.02215122786280358 0.016987538581634848 0.011823849300466115 0.009155874312129754 0.009155874312129754 0.009155874312129754 0.009155874312129754 0.009155874312129754 0.009155874312129754 0.009155874312129754 0.009155874312129754 0.009155874312129754 0.009155874312129754 0.009155874312129754 0.009155874312129754 0.010382306190862393 0.012919821470861443 0.01545733675086482 0.017994852030863873 0.02053236731086292 0.02306988259086197 0.02560739787086102 0.028144913150860068 0.03068242843085912 0.033219943710858166 0.03575745899085722 0.03829497427085627 0.038010857700423895 0.034710352894444255 0.0314098480884646 0.02810934328247933 0.024808838476499683 0.021508333670520036 0.01820782886454039 0.014907324058560743 0.011606819252581096 0.008306314446601452 0.0050058096406218056 0.0017053048346421587 0.0 0.0 0.0 0.0 0.0 0.0 0.0 0.0 0.0
0.007545958419089553 0.00578691441276484 0.004027870406440124 0.0031190075456610324 0.0031190075456610324 0.0031190075456610324 0.0031190075456610324 0.0031190075456610324 0.0031190075456610324 0.0031190075456610324 0.0031190075456610324 0.0031190075456610324 0.0031190075456610324 0.0031190075456610324 0.0031190075456610324 0.003536799463024798 0.004401220384035257 0.00526564130504719 0.006130062226057649 0.006994483147068107 0.007858904068078567 0.008723324989089025 0.009587745910099484 0.010452166831109944 0.011316587752120402 0.01218100867313086 0.013045429594141318 0.012948643454793391 0.011824305238321474 0.010699967021849555 0.00957562880537572 0.008451290588903801 0.0073269523724318825 0.006202614155959964 0.0050782759394880465 0.003953937723016127 0.0028295995065442097 0.0017052612900722904 0.0005809230736003729 0.0 0.0 0.0 0.0 0.0 0.0 0.0 0.0 0.0
0.0 0.0 0.0 0.0 0.0 0.0 0.0 0.0 0.0 0.0 0.0 0.0 0.0 0.0 0.0 0.0 0.0 0.0 0.0 0.0 0.0 0.0 0.0 0.0 0.0 0.0 0.0 0.0 0.0 0.0 0.0 0.0 0.0 0.0 0.0 0.0 0.0 0.0 0.0 0.0 0.0 0.0 0.0 0.0 0.0 0.0 0.0 0.0
0.0 0.0 0.0 0.0 0.0 0.0 0.0 0.0 0.0 0.0 0.0 0.0 0.0 0.0 0.0 0.0 0.0 0.0 0.0 0.0 0.0 0.0 0.0 0.0 0.0 0.0 0.0 0.0 0.0 0.0 0.0 0.0 0.0 0.0 0.0 0.0 0.0 0.0 0.0 0.0 0.0 0.0 0.0 0.0 0.0 0.0 0.0 0.0
0.0 0.0 0.0 0.0 0.0 0.0 0.0 0.0 0.0 0.0 0.0 0.0 0.0 0.0 0.0 0.0 0.0 0.0 0.0 0.0 0.0 0.0 0.0 0.0 0.0 0.0 0.0 0.0 0.0 0.0 0.0 0.0 0.0 0.0 0.0 0.0 0.0 0.0 0.0 0.0 0.0 0.0 0.0 0.0 0.0 0.0 0.0 0.0
0.0 0.0 0.0 0.0 0.0 0.0 0.0 0.0 0.0 0.0 0.0 0.0 0.0 0.0 0.0 0.0 0.0 0.0 0.0 0.0 0.0 0.0 0.0 0.0 0.0 0.0 0.0 0.0 0.0 0.0 0.0 0.0 0.0 0.0 0.0 0.0 0.0 0.0 0.0 0.0 0.0 0.0 0.0 0.0 0.0 0.0 0.0 0.0
0.0 0.0 0.0 0.0 0.0 0.0 0.0 0.0 0.0 0.0 0.0 0.0 0.0 0.0 0.0 0.0 0.0 0.0 0.0 0.0 0.0 0.0 0.0 0.0 0.0 0.0 0.0 0.0 0.0 0.0 0.0 0.0 0.0 0.0 0.0 0.0 0.0 0.0 0.0 0.0 0.0 0.0 0.0 0.0 0.0 0.0 0.0 0.0
0.0 0.0 0.0 0.0 0.0 0.0 0.0 0.0 0.0 0.0 0.0 0.0 0.0 0.0 0.0 0.0 0.0 0.0 0.0 0.0 0.0 0.0 0.0 0.0 0.0 0.0 0.0 0.0 0.0 0.0 0.0 0.0 0.0 0.0 0.0 0.0 0.0 0.0 0.0 0.0 0.0 0.0 0.0 0.0 0.0 0.0 0.0 0.0
0.0 0.0 0.0 0.0 0.0 0.0 0.0 0.0 0.0 0.0 0.0 0.0 0.0 0.0 0.0 0.0 0.0 0.0 0.0 0.0 0.0 0.0 0.0 0.0 0.0 0.0 0.0 0.0 0.0 0.0 0.0 0.0 0.0 0.0 0.0 0.0 0.0 0.0 0.0 0.0 0.0 0.0 0.0 0.0 0.0 0.0 0.0 0.0
0.0 0.0 0.0 0.0 0.0 0.0 0.0 0.0 0.0 0.0 0.0 0.0 0.0 0.0 0.0 0.0 0.0 0.0 0.0 0.0 0.0 0.0 0.0 0.0 0.0 0.0 0.0 0.0 0.0 0.0 0.0 0.0 0.0 0.0 0.0 0.0 0.0 0.0 0.0 0.0 0.0 0.0 0.0 0.0 0.0 0.0 0.0 0.0
