Figures/CREST_Example_wjb_NSE/Rolling_result/20100722/raw_forecast_backup/ens_1/wjb.rain.20100412.asc
ncols            288
nrows            254
xllcorner        113.274861
yllcorner        31.4918055
cellsize         0.008333333333
NODATA_value     -9999
[rows 38 to 56 of 254, columns 88 to 131 of 288]
0.19895192980766296 0.19895192980766296 0.19895192980766296 0.19895192980766296 0.19895192980766296 0.19895192980766296 0.19895192980766296 0.19895192980766296 0.19895192980766296 0.19895192980766296 0.19895192980766296 0.2072956246404303 0.2245589179060324 0.24182221117163452 0.25908550443723666 0.2763487977028387 0.2936120909684703 0.3108753842340724 0.3281386774996745 0.3454019707652766 0.36266526403087873 0.3799285572964809 0.39719185056208295 0.4061114490032196 0.4061114490032196 0.4061114490032196 0.4061114490032196 0.4061114490032196 0.4061114490032196 0.4061114490032196 0.4061114490032196 0.4061114490032196 0.4061114490032196 0.4061114490032196 0.4061114490032196 0.4326998237146309 0.48771177228302764 0.5427237208514243 0.597735669419821 0.6527476179882177 0.7077595665566143 0.7627715151250111 0.8177834636935015 0.8727954122618983
0.19895192980766296 0.19895192980766296 0.19895192980766296 0.19895192980766296 0.19895192980766296 0.19895192980766296 0.19895192980766296 0.19895192980766296 0.19895192980766296 0.19895192980766296 0.19895192980766296 0.2072956246404303 0.2245589179060324 0.24182221117163452 0.25908550443723666 0.2763487977028387 0.2936120909684703 0.3108753842340724 0.3281386774996745 0.3454019707652766 0.36266526403087873 0.3799285572964809 0.39719185056208295 0.4061114490032196 0.4061114490032196 0.4061114490032196 0.4061114490032196 0.4061114490032196 0.4061114490032196 0.4061114490032196 0.4061114490032196 0.4061114490032196 0.4061114490032196 0.4061114490032196 0.4061114490032196 0.4326998237146309 0.48771177228302764 0.5427237208514243 0.597735669419821 0.6527476179882177 0.7077595665566143 0.7627715151250111 0.8177834636935015 0.8727954122618983
0.19895192980766296 0.19895192980766296 0.19895192980766296 0.19895192980766296 0.19895192980766296 0.19895192980766296 0.19895192980766296 0.19895192980766296 0.19895192980766296 0.19895192980766296 0.19895192980766296 0.2072956246404303 0.2245589179060324 0.24182221117163452 0.25908550443723666 0.2763487977028387 0.2936120909684703 0.3108753842340724 0.3281386774996745 0.3454019707652766 0.36266526403087873 0.3799285572964809 0.39719185056208295 0.4061114490032196 0.4061114490032196 0.4061114490032196 0.4061114490032196 0.4061114490032196 0.4061114490032196 0.4061114490032196 0.4061114490032196 0.4061114490032196 0.4061114490032196 0.4061114490032196 0.4061114490032196 0.4326998237146309 0.48771177228302764 0.5427237208514243 0.597735669419821 0.6527476179882177 0.7077595665566143 0.7627715151250111 0.8177834636935015 0.8727954122618983
0.19895192980766296 0.19895192980766296 0.19895192980766296 0.19895192980766296 0.19895192980766296 0.19895192980766296 0.19895192980766296 0.19895192980766296 0.19895192980766296 0.19895192980766296 0.19895192980766296 0.2072956246404303 0.2245589179060324 0.24182221117163452 0.25908550443723666 0.2763487977028387 0.2936120909684703 0.3108753842340724 0.3281386774996745 0.3454019707652766 0.36266526403087873 0.3799285572964809 0.39719185056208295 0.4061114490032196 0.4061114490032196 0.4061114490032196 0.4061114490032196 0.4061114490032196 0.4061114490032196 0.4061114490032196 0.4061114490032196 0.4061114490032196 0.4061114490032196 0.4061114490032196 0.4061114490032196 0.4326998237146309 0.48771177228302764 0.5427237208514243 0.597735669419821 0.6527476179882177 0.7077595665566143 0.7627715151250111 0.8177834636935015 0.8727954122618983
0.19895192980766296 0.19895192980766296 0.19895192980766296 0.19895192980766296 0.19895192980766296 0.19895192980766296 0.19895192980766296 0.19895192980766296 0.19895192980766296 0.19895192980766296 0.19895192980766296 0.2072956246404303 0.2245589179060324 0.24182221117163452 0.25908550443723666 0.2763487977028387 0.2936120909684703 0.3108753842340724 0.3281386774996745 0.3454019707652766 0.36266526403087873 0.3799285572964809 0.39719185056208295 0.4061114490032196 0.4061114490032196 0.4061114490032196 0.4061114490032196 0.4061114490032196 0.4061114490032196 0.4061114490032196 0.4061114490032196 0.4061114490032196 0.4061114490032196 0.4061114490032196 0.4061114490032196 0.4326998237146309 0.48771177228302764 0.5427237208514243 0.597735669419821 0.6527476179882177 0.7077595665566143 0.7627715151250111 0.8177834636935015 0.8727954122618983
0.19895192980766296 0.19895192980766296 0.19895192980766296 0.19895192980766296 0.19895192980766296 0.19895192980766296 0.19895192980766296 0.19895192980766296 0.19895192980766296 0.19895192980766296 0.19895192980766296 0.2072956246404303 0.2245589179060324 0.24182221117163452 0.25908550443723666 0.2763487977028387 0.2936120909684703 0.3108753842340724 0.3281386774996745 0.3454019707652766 0.36266526403087873 0.3799285572964809 0.39719185056208295 0.4061114490032196 0.4061114490032196 0.4061114490032196 0.4061114490032196 0.4061114490032196 0.4061114490032196 0.4061114490032196 0.4061114490032196 0.4061114490032196 0.4061114490032196 0.4061114490032196 0.4061114490032196 0.4326998237146309 0.48771177228302764 0.5427237208514243 0.597735669419821 0.6527476179882177 0.7077595665566143 0.7627715151250111 0.8177834636935015 0.8727954122618983
0.19895192980766296 0.19895192980766296 0.19895192980766296 0.19895192980766296 0.19895192980766296 0.19895192980766296 0.19895192980766296 0.19895192980766296 0.19895192980766296 0.19895192980766296 0.19895192980766296 0.2072956246404303 0.2245589179060324 0.24182221117163452 0.25908550443723666 0.2763487977028387 0.2936120909684703 0.3108753842340724 0.3281386774996745 0.3454019707652766 0.36266526403087873 0.3799285572964809 0.39719185056208295 0.4061114490032196 0.4061114490032196 0.4061114490032196 0.4061114490032196 0.4061114490032196 0.4061114490032196 0.4061114490032196 0.4061114490032196 0.4061114490032196 0.4061114490032196 0.4061114490032196 0.4061114490032196 0.4326998237146309 0.48771177228302764 0.5427237208514243 0.597735669419821 0.6527476179882177 0.7077595665566143 0.7627715151250111 0.8177834636935015 0.8727954122618983
0.19895192980766296 0.19895192980766296 0.19895192980766296 0.19895192980766296 0.19895192980766296 0.19895192980766296 0.19895192980766296 0.19895192980766296 0.19895192980766296 0.19895192980766296 0.19895192980766296 0.2072956246404303 0.2245589179060324 0.24182221117163452 0.25908550443723666 0.2763487977028387 0.2936120909684703 0.3108753842340724 0.3281386774996745 0.3454019707652766 0.36266526403087873 0.3799285572964809 0.39719185056208295 0.4061114490032196 0.4061114490032196 0.4061114490032196 0.4061114490032196 0.4061114490032196 0.4061114490032196 0.4061114490032196 0.4061114490032196 0.4061114490032196 0.4061114490032196 0.4061114490032196 0.4061114490032196 0.4326998237146309 0.48771177228302764 0.5427237208514243 0.597735669419821 0.6527476179882177 0.7077595665566143 0.7627715151250111 0.8177834636935015 0.8727954122618983
0.19895192980766296 0.19895192980766296 0.19895192980766296 0.19895192980766296 0.19895192980766296 0.19895192980766296 0.19895192980766296 0.19895192980766296 0.19895192980766296 0.19895192980766296 0.19895192980766296 0.2072956246404303 0.2245589179060324 0.24182221117163452 0.25908550443723666 0.2763487977028387 0.2936120909684703 0.3108753842340724 0.3281386774996745 0.3454019707652766 0.36266526403087873 0.3799285572964809 0.39719185056208295 0.4061114490032196 0.4061114490032196 0.4061114490032196 0.4061114490032196 0.4061114490032196 0.4061114490032196 0.4061114490032196 0.4061114490032196 0.4061114490032196 0.4061114490032196 0.4061114490032196 0.4061114490032196 0.4326998237146309 0.48771177228302764 0.5427237208514243 0.597735669419821 0.6527476179882177 0.7077595665566143 0.7627715151250111 0.8177834636935015 0.8727954122618983
0.19895192980766296 0.19895192980766296 0.19895192980766296 0.19895192980766296 0.19895192980766296 0.19895192980766296 0.19895192980766296 0.19895192980766296 0.19895192980766296 0.19895192980766296 0.19895192980766296 0.2072956246404303 0.2245589179060324 0.24182221117163452 0.25908550443723666 0.2763487977028387 0.2936120909684703 0.3108753842340724 0.3281386774996745 0.3454019707652766 0.36266526403087873 0.3799285572964809 0.39719185056208295 0.4061114490032196 0.4061114490032196 0.4061114490032196 0.4061114490032196 0.4061114490032196 0.4061114490032196 0.4061114490032196 0.4061114490032196 0.4061114490032196 0.4061114490032196 0.4061114490032196 0.4061114490032196 0.4326998237146309 0.48771177228302764 0.5427237208514243 0.597735669419821 0.6527476179882177 0.7077595665566143 0.7627715151250111 0.8177834636935015 0.8727954122618983
0.19895192980766296 0.19895192980766296 0.19895192980766296 0.19895192980766296 0.19895192980766296 0.19895192980766296 0.19895192980766296 0.19895192980766296 0.19895192980766296 0.19895192980766296 0.19895192980766296 0.2072956246404303 0.2245589179060324 0.24182221117163452 0.25908550443723666 0.2763487977028387 0.2936120909684703 0.3108753842340724 0.3281386774996745 0.3454019707652766 0.36266526403087873 0.3799285572964809 0.39719185056208295 0.4061114490032196 0.4061114490032196 0.4061114490032196 0.4061114490032196 0.4061114490032196 0.4061114490032196 0.4061114490032196 0.4061114490032196 0.4061114490032196 0.4061114490032196 0.4061114490032196 0.4061114490032196 0.4326998237146309 0.48771177228302764 0.5427237208514243 0.597735669419821 0.6527476179882177 0.7077595665566143 0.7627715151250111 0.8177834636935015 0.8727954122618983
0.2139459607564304 0.2139459607564304 0.2139459607564304 0.2139459607564304 0.2139459607564304 0.2139459607564304 0.2139459607564304 0.2139459607564304 0.2139459607564304 0.2139459607564304 0.2139459607564304 0.22202880229401523 0.2387523841938146 0.25547596609361395 0.27219954799341334 0.28892312989321267 0.3056467117930406 0.3223702936928399 0.33909387559263926 0.35581745749243865 0.37254103939223804 0.38926462129203737 0.4059882031918367 0.41462894356209357 0.41462894356209357 0.41462894356209357 0.41462894356209357 0.41462894356209357 0.41462894356209357 0.41462894356209357 0.41462894356209357 0.41462894356209357 0.41462894356209357 0.41462894356209357 0.41462894356209357 0.440126685168413 0.49288208917793697 0.5456374931874609 0.598392897196985 0.6511483012065089 0.7039037052160328 0.7566591092255568 0.8094145132351707 0.8621699172446947
0.24496766534202863 0.24496766534202863 0.24496766534202863 0.24496766534202863 0.24496766534202863 0.24496766534202863 0.24496766534202863 0.24496766534202863 0.24496766534202863 0.24496766534202863 0.24496766534202863 0.25251081785996415 0.2681177709753739 0.28372472409078364 0.29933167720619336 0.3149386303216031 0.33054558343703944 0.34615253655244915 0.3617594896678589 0.37736644278326864 0.3929733958986784 0.40858034901408813 0.42418730212949785 0.43225110273447737 0.43225110273447737 0.43225110273447737 0.43225110273447737 0.43225110273447737 0.43225110273447737 0.43225110273447737 0.43225110273447737 0.43225110273447737 0.43225110273447737 0.43225110273447737 0.43225110273447737 0.45549239321614343 0.5035791488195933 0.5516659044230432 0.599752660026493 0.6478394156299428 0.6959261712333927 0.7440129268368425 0.7920996824403744 0.8401864380438242
0.2759893699276269 0.2759893699276269 0.2759893699276269 0.2759893699276269 0.2759893699276269 0.2759893699276269 0.2759893699276269 0.2759893699276269 0.2759893699276269 0.2759893699276269 0.2759893699276269 0.28299283342591314 0.29748315775693324 0.31197348208795334 0.32646380641897343 0.34095413074999353 0.3554444550810384 0.36993477941205843 0.3844251037430786 0.3989154280740987 0.4134057524051188 0.42789607673613883 0.442386401067159 0.44987326190686117 0.44987326190686117 0.44987326190686117 0.44987326190686117 0.44987326190686117 0.44987326190686117 0.44987326190686117 0.44987326190686117 0.44987326190686117 0.44987326190686117 0.44987326190686117 0.44987326190686117 0.4708581012638739 0.5142762084612497 0.5576943156586254 0.6011124228560012 0.6445305300533769 0.6879486372507526 0.7313667444481284 0.7747848516455782 0.8182029588429539
0.3070110745132252 0.3070110745132252 0.3070110745132252 0.3070110745132252 0.3070110745132252 0.3070110745132252 0.3070110745132252 0.3070110745132252 0.3070110745132252 0.3070110745132252 0.3070110745132252 0.3134748489918621 0.3268485445384926 0.3402222400851231 0.3535959356317535 0.366969631178384 0.3803433267250373 0.3937170222716677 0.4070907178182982 0.4204644133649287 0.43383810891155916 0.44721180445818964 0.4605855000048201 0.46749542107924497 0.46749542107924497 0.46749542107924497 0.46749542107924497 0.46749542107924497 0.46749542107924497 0.46749542107924497 0.46749542107924497 0.46749542107924497 0.46749542107924497 0.46749542107924497 0.46749542107924497 0.48622380931160436 0.524973268102906 0.5637227268942077 0.6024721856855093 0.6412216444768108 0.6799711032681126 0.7187205620594141 0.7574700208507819 0.7962194796420836
0.3380327790988499 0.3380327790988499 0.3380327790988499 0.3380327790988499 0.3380327790988499 0.3380327790988499 0.3380327790988499 0.3380327790988499 0.3380327790988499 0.3380327790988499 0.3380327790988499 0.3439568645578371 0.35621393132007695 0.36847099808231687 0.38072806484455674 0.39298513160679666 0.4052421983690574 0.4174992651312973 0.42975633189353724 0.4420133986557771 0.45427046541801697 0.4665275321802569 0.47878459894249675 0.4851175802516438 0.4851175802516438 0.4851175802516438 0.4851175802516438 0.4851175802516438 0.4851175802516438 0.4851175802516438 0.4851175802516438 0.4851175802516438 0.4851175802516438 0.4851175802516438 0.4851175802516438 0.5015895173593479 0.5356703277445715 0.5697511381297949 0.6038319485150185 0.6379127589002421 0.6719935692854656 0.7060743796706892 0.7401551900559709 0.7742360004411943
0.36905448368444815 0.36905448368444815 0.36905448368444815 0.36905448368444815 0.36905448368444815 0.36905448368444815 0.36905448368444815 0.36905448368444815 0.36905448368444815 0.36905448368444815 0.36905448368444815 0.37443888012378607 0.3855793181016363 0.39671975607948656 0.4078601940573368 0.4190006320351871 0.43014107001305635 0.4412815079909066 0.45242194596875684 0.4635623839466071 0.47470282192445734 0.48584325990230764 0.4969836978801579 0.5027397394240276 0.5027397394240276 0.5027397394240276 0.5027397394240276 0.5027397394240276 0.5027397394240276 0.5027397394240276 0.5027397394240276 0.5027397394240276 0.5027397394240276 0.5027397394240276 0.5027397394240276 0.5169552254070784 0.5463673873862278 0.5757795493653772 0.6051917113445267 0.6346038733236761 0.6640160353028256 0.693428197281975 0.7228403592611746 0.752252521240324
0.40007618827004643 0.40007618827004643 0.40007618827004643 0.40007618827004643 0.40007618827004643 0.40007618827004643 0.40007618827004643 0.40007618827004643 0.40007618827004643 0.40007618827004643 0.40007618827004643 0.40492089568973505 0.4149447048831957 0.42496851407665626 0.4349923232701169 0.4450161324635775 0.45503994165705525 0.4650637508505159 0.47508756004397645 0.4851113692374371 0.4951351784308977 0.5051589876243583 0.515182796817819 0.5203618985964114 0.5203618985964114 0.5203618985964114 0.5203618985964114 0.5203618985964114 0.5203618985964114 0.5203618985964114 0.5203618985964114 0.5203618985964114 0.5203618985964114 0.5203618985964114 0.5203618985964114 0.5323209334548087 0.557064447027884 0.5818079606009594 0.6065514741740348 0.6312949877471101 0.6560385013201854 0.6807820148932607 0.7055255284663783 0.7302690420394536
0.4310978928556447 0.4310978928556447 0.4310978928556447 0.4310978928556447 0.4310978928556447 0.4310978928556447 0.4310978928556447 0.4310978928556447 0.4310978928556447 0.4310978928556447 0.4310978928556447 0.43540291125568403 0.444310091664755 0.453217272073826 0.462124452482897 0.471031632891968 0.47993881330105415 0.48884599371012516 0.4977531741191962 0.5066603545282672 0.5155675349373381 0.5244747153464091 0.5333818957554801 0.5379840577687952 0.5379840577687952 0.5379840577687952 0.5379840577687952 0.5379840577687952 0.5379840577687952 0.5379840577687952 0.5379840577687952 0.5379840577687952 0.5379840577687952 0.5379840577687952 0.5379840577687952 0.5476866415025392 0.5677615066695404 0.5878363718365417 0.6079112370035429 0.6279861021705441 0.6480609673375454 0.6681358325045466 0.688210697671582 0.7082855628385832
