Figures/CREST_Example_wjb_NSE/Rolling_result/20100722/raw_forecast_backup/ens_1/wjb.rain.20100724.asc
ncols            288
nrows            254
xllcorner        113.274861
yllcorner        31.4918055
cellsize         0.008333333333
NODATA_value     -9999
[rows 44 to 65 of 254, columns 49 to 97 of 288]
0.24495534237077798 0.25096274759671355 0.2569701528226491 0.26297755804859496 0.2689849632745306 0.27499236850046616 0.2809997737264017 0.2870071789523373 0.2931739009248521 0.2995109361005745 0.3058479712762968 0.3121850064520192 0.31852204162774156 0.3248590768034639 0.33119611197918625 0.33753314715490856 0.3438701823306417 0.3502072175063641 0.35654425268208645 0.36288128785780877 0.36921832303353114 0.37555535820925345 0.3818923933849758 0.3882294285606982 0.3945664637364205 0.4009034989121429 0.4072405340878652 0.4135775692635876 0.41991460443930995 0.4262516396150431 0.43258867479076546 0.4389257099664878 0.4452627451422101 0.45159978031793246 0.45793681549365484 0.46427385066937715 0.47061088584509947 0.47694792102082184 0.47562791630656837 0.46612236283476594 0.45661680936296345 0.447111255891161 0.4376057024193424 0.42810014894753995 0.4185945954757375 0.4090890420039351 0.39958348853213266 0.3900779350603302 0.3805723815885278
0.2416294220744312 0.24719238281622158 0.252755343558012 0.25831830429981184 0.2638812650416022 0.26944422578339255 0.27500718652518297 0.2805701472669733 0.2863998292248793 0.2925146421916427 0.29862945515840617 0.3047442681251696 0.31085908109193305 0.31697389405869647 0.3230887070254599 0.32920351999222336 0.3353183329589972 0.34143314592576063 0.3475479588925241 0.3536627718592875 0.35977758482605093 0.3658923977928144 0.3720072107595779 0.3781220237263413 0.3842368366931047 0.3903516496598681 0.3964664626266316 0.40258127559339507 0.4086960885601585 0.41481090152693234 0.42092571449369576 0.42704052746045923 0.4331553404272227 0.4392701533939861 0.44538496636074953 0.45149977932751295 0.4576145922942764 0.46372940526103984 0.46245568944298204 0.45328346930945324 0.4441112491759244 0.4349390290423957 0.4257668089088512 0.4165945887753224 0.4074223686417936 0.3982501485082648 0.389077928374736 0.3799057082412072 0.37073348810767837
0.2383035017780816 0.24342201803572638 0.2485405342933712 0.2536590505510247 0.2587775668086695 0.2638960830663143 0.2690145993239591 0.2741331155816039 0.27962575752490065 0.285518348282705 0.29141093904050935 0.29730352979831365 0.303196120556118 0.30908871131392235 0.3149813020717267 0.32087389282953105 0.3267664835873454 0.33265907434514974 0.3385516651029541 0.34444425586075844 0.3503368466185628 0.3562294373763671 0.36212202813417144 0.3680146188919758 0.37390720964978014 0.37979980040758443 0.3856923911653888 0.39158498192319313 0.3974775726809975 0.4033701634388118 0.4092627541966162 0.4151553449544205 0.4210479357122249 0.4269405264700292 0.4328331172278336 0.4387257079856379 0.4446182987434422 0.45051088950124657 0.4492834625793845 0.44044457578412965 0.43160568898887475 0.42276680219361984 0.4139279153983499 0.40508902860309504 0.39625014180784013 0.3874112550125852 0.37857236821733037 0.3697334814220755 0.3608945946268206
0.2349775814817348 0.2396516532552344 0.244325725028734 0.24899979680224155 0.25367386857574115 0.25834794034924075 0.26302201212274035 0.26769608389623994 0.2728516858249278 0.27852205437377325 0.28419242292261865 0.2898627914714641 0.2955331600203095 0.30120352856915494 0.3068738971180004 0.3125442656668458 0.3182146342157009 0.32388500276454635 0.32955537131339174 0.3352257398622372 0.34089610841108264 0.34656647695992804 0.3522368455087735 0.35790721405761894 0.36357758260646433 0.3692479511553098 0.37491831970415523 0.38058868825300063 0.3862590568018461 0.3919294253507012 0.3975997938995466 0.40327016244839203 0.4089405309972375 0.4146108995460829 0.42028126809492833 0.4259516366437738 0.4316220051926192 0.4372923737414646 0.4361112357157983 0.427605682258817 0.4191001288018358 0.4105945753448545 0.4020890218878588 0.3935834684308775 0.38507791497389626 0.376572361516915 0.36806680805993375 0.3595612546029525 0.35105570114597123
0.23165166118538802 0.2358812884747424 0.24011091576409682 0.24434054305345843 0.2485701703428128 0.2527997976321672 0.2570294249215216 0.261259052210876 0.26607761412495495 0.27152576046484145 0.276973906804728 0.2824220531446145 0.28787019948450104 0.29331834582438754 0.2987664921642741 0.3042146385041606 0.3096627848440564 0.3151109311839429 0.32055907752382945 0.32600722386371594 0.3314553702036025 0.336903516543489 0.3423516628833755 0.34779980922326204 0.3532479555631486 0.3586961019030351 0.3641442482429216 0.3695923945828081 0.3750405409226946 0.38048868726259044 0.385936833602477 0.3913849799423635 0.39683312628225 0.40228127262213653 0.4077294189620231 0.4131775653019096 0.41862571164179607 0.4240738579816826 0.422939008852212 0.41476678873350437 0.40659456861479676 0.39842234849608915 0.39025012837736756 0.38207790825865995 0.37390568813995234 0.36573346802124473 0.35756124790253707 0.34938902778382946 0.34121680766512186
0.22832574088904123 0.23211092369425043 0.23589610649945963 0.23968128930467525 0.24346647210988445 0.24725165491509365 0.25103683772030283 0.254822020525512 0.2593035424249821 0.2645294665559097 0.2697553906868373 0.2749813148177649 0.28020723894869254 0.28543316307962013 0.29065908721054773 0.2958850113414754 0.3011109354724119 0.3063368596033395 0.3115627837342671 0.31678870786519475 0.32201463199612235 0.32724055612704994 0.33246648025797754 0.3376924043889052 0.3429183285198328 0.34814425265076043 0.35337017678168803 0.3585961009126156 0.3638220250435432 0.36904794917447975 0.3742738733054074 0.379499797436335 0.3847257215672626 0.3899516456981902 0.39517756982911784 0.40040349396004543 0.4056294180909731 0.4108553422219007 0.40976678198862576 0.4019278952081918 0.3940890084277578 0.3862501216473238 0.37841123486687644 0.37057234808644246 0.3627334613060085 0.3548945745255745 0.3470556877451405 0.3392168009647065 0.33137791418427254
0.22499982059269447 0.22834055891375843 0.23168129723482245 0.23502203555589213 0.2383627738769561 0.24170351219802008 0.24504425051908407 0.24838498884014806 0.2525294707250092 0.2575331726469779 0.26253687456894664 0.26754057649091534 0.27254427841288403 0.27754798033485273 0.2825516822568214 0.2875553841787901 0.29255908610076736 0.29756278802273606 0.30256648994470475 0.30757019186667345 0.3125738937886422 0.3175775957106109 0.3225812976325796 0.3275849995545483 0.332588701476517 0.3375924033984857 0.34259610532045437 0.3475998072424231 0.3526035091643918 0.35760721108636906 0.36261091300833775 0.36761461493030645 0.37261831685227514 0.37762201877424384 0.3826257206962126 0.38762942261818123 0.39263312454015 0.3976368264621186 0.39659455512503944 0.38908900168287913 0.38158344824071877 0.3740778947985584 0.3665723413563852 0.35906678791422486 0.35156123447206455 0.3440556810299042 0.33655012758774383 0.32904457414558347 0.3215390207034231
0.2216739002963477 0.22457019413326645 0.22746648797018526 0.23036278180710898 0.23325907564402776 0.23615536948094656 0.23905166331786534 0.24194795715478412 0.24575539902503638 0.2505368787380462 0.255318358451056 0.26009983816406573 0.26488131787707553 0.2696627975900853 0.2744442773030951 0.2792257570161049 0.28400723672912287 0.28878871644213266 0.29357019615514246 0.29835167586815226 0.30313315558116205 0.30791463529417185 0.31269611500718164 0.31747759472019144 0.32225907443320123 0.327040554146211 0.3318220338592208 0.33660351357223056 0.34138499328524036 0.3461664729982583 0.3509479527112681 0.3557294324242779 0.3605109121372877 0.3652923918502975 0.3700738715633073 0.3748553512763171 0.3796368309893269 0.3844183107023367 0.38342232826145317 0.37625010815756643 0.36907788805367975 0.361905667949793 0.35473344784589406 0.3475612277420073 0.34038900763812063 0.3332167875342339 0.32604456743034715 0.31887234732646047 0.31170012722257373
0.21834798000000089 0.22079982935277448 0.22325167870554807 0.22570352805832583 0.22815537741109942 0.23060722676387302 0.23305907611664659 0.23551092546942015 0.23898132732506353 0.2435405848291144 0.2480998423331653 0.2526590998372162 0.2572183573412671 0.2617776148453179 0.2663368723493688 0.2708961298534197 0.2754553873574784 0.28001464486152927 0.2845739023655801 0.289133159869631 0.2936924173736819 0.2982516748777328 0.3028109323817837 0.30737018988583453 0.31192944738988543 0.3164887048939363 0.3210479623979872 0.3256072199020381 0.33016647740608895 0.3347257349101476 0.3392849924141985 0.3438442499182494 0.3484035074223003 0.35296276492635115 0.35752202243040204 0.36208127993445294 0.36664053743850383 0.37119979494255473 0.3702501013978669 0.36341121463225384 0.3565723278666407 0.34973344110102766 0.3428945543354029 0.33605566756978983 0.3292167808041767 0.32237789403856365 0.31553900727295053 0.30870012050733747 0.30186123374172436
0.2150220597036513 0.21702946457227928 0.21903686944090728 0.2210442743095387 0.2230516791781667 0.2250590840467947 0.22706648891542272 0.22907389378405071 0.23220725562508487 0.23654429092017665 0.24088132621526845 0.24521836151036022 0.24955539680545202 0.2538924321005438 0.25822946739563557 0.26256650269072734 0.26690353798582656 0.27124057328091833 0.2755776085760101 0.2799146438711019 0.2842516791661937 0.2885887144612855 0.29292574975637725 0.297262785051469 0.30159982034656085 0.3059368556416526 0.3102738909367444 0.3146109262318362 0.31894796152692795 0.32328499682202716 0.32762203211711893 0.3319590674122107 0.3362961027073025 0.34063313800239425 0.3449701732974861 0.34930720859257786 0.35364424388766963 0.35798127918276146 0.3570778745342694 0.3505723211069302 0.34406676767959105 0.3375612142522519 0.3310556608249016 0.32455010739756246 0.31804455397022324 0.3115390005428841 0.3050334471155449 0.29852789368820576 0.2920223402608666
0.2116961394073045 0.2132590997917873 0.2148220601762701 0.21638502056075556 0.21794798094523837 0.21951094132972115 0.22107390171420396 0.22263686209868677 0.22543318392511202 0.2295479970112449 0.23366281009737777 0.23777762318351064 0.24189243626964352 0.2460072493557764 0.25012206244190927 0.25423687552804214 0.25835168861418206 0.26246650170031494 0.2665813147864478 0.2706961278725807 0.27481094095871356 0.27892575404484643 0.2830405671309793 0.2871553802171122 0.29127019330324505 0.2953850063893779 0.2994998194755108 0.30361463256164367 0.30772944564777654 0.31184425873391647 0.31595907182004934 0.3200738849061822 0.3241886979923151 0.32830351107844796 0.33241832416458084 0.3365331372507137 0.3406479503368466 0.34476276342297946 0.34390564767068316 0.3377334275816176 0.3315612074925521 0.32538898740348654 0.31921676731441045 0.3130445472253449 0.30687232713627943 0.30070010704721384 0.29452788695814835 0.28835566686908276 0.2821834467800173
0.2083702191109577 0.20948873501129534 0.21060725091163293 0.21172576681197242 0.21284428271231004 0.21396279861264764 0.21508131451298523 0.21619983041332283 0.21865911222513917 0.22255170310231315 0.22644429397948712 0.23033688485666107 0.23422947573383504 0.23812206661100901 0.242014657488183 0.24590724836535693 0.24979983924253754 0.25369243011971154 0.25758502099688546 0.26147761187405943 0.2653702027512334 0.2692627936284074 0.27315538450558136 0.27704797538275533 0.28094056625992925 0.2848331571371032 0.2887257480142772 0.29261833889145117 0.29651092976862514 0.3004035206458057 0.3042961115229797 0.30818870240015367 0.31208129327732764 0.3159738841545016 0.31986647503167553 0.3237590659088495 0.3276516567860235 0.33154424766319746 0.3307334208070969 0.324894534056305 0.31905564730551306 0.31321676055472114 0.3073778738039193 0.30153898705312737 0.29570010030233546 0.2898612135515436 0.2840223268007517 0.27818344004995976 0.27234455329916785
0.20504429881461095 0.20571837023080336 0.20639244164699574 0.2070665130631893 0.2077405844793817 0.2084146558955741 0.2090887273117665 0.2097627987279589 0.21188504052516635 0.2155554091933814 0.21922577786159647 0.22289614652981152 0.22656651519802656 0.23023688386624164 0.23390725253445668 0.23757762120267176 0.24124798987089308 0.24491835853910812 0.24858872720732317 0.25225909587553824 0.2559294645437533 0.25959983321196833 0.2632702018801834 0.2669405705483985 0.2706109392166135 0.2742813078848286 0.27795167655304365 0.28162204522125867 0.28529241388947374 0.28896278255769503 0.2926331512259101 0.2963035198941252 0.29997388856234025 0.30364425723055527 0.30731462589877034 0.3109849945669854 0.3146553632352005 0.3183257319034155 0.3175611939435106 0.31205564053099233 0.3065500871184741 0.3010445337059558 0.2955389802934281 0.2900334268809099 0.2845278734683916 0.27902232005587335 0.27351676664335506 0.26801121323083676 0.2625056598183185
0.20171837851826419 0.20194800545031136 0.20217763238235856 0.20240725931440615 0.20263688624645335 0.20286651317850055 0.20309614011054775 0.20332576704259495 0.20511096882519347 0.20855911528444965 0.2120072617437058 0.21545540820296194 0.21890355466221809 0.22235170112147423 0.22579984758073038 0.22924799403998652 0.23269614049924855 0.2361442869585047 0.23959243341776085 0.243040579877017 0.24648872633627314 0.24993687279552929 0.2533850192547854 0.2568331657140416 0.26028131217329775 0.26372945863255387 0.26717760509181 0.27062575155106616 0.27407389801032234 0.27752204446958434 0.28097019092884046 0.28441833738809663 0.2878664838473528 0.2913146303066089 0.29476277676586504 0.2982109232251212 0.3016590696843774 0.3051072161436335 0.30438896707992436 0.2992167470056797 0.29404452693143507 0.2888723068571904 0.28370008678293696 0.27852786670869234 0.27335564663444767 0.26818342656020305 0.2630112064859584 0.25783898641171377 0.2526667663374691
0.1983924582219174 0.19817764066981938 0.19796282311772137 0.197748005565623 0.19753318801352499 0.197318370461427 0.197103552909329 0.19688873535723098 0.19833689712522062 0.20156282137551787 0.2047887456258151 0.20801466987611233 0.21124059412640958 0.21446651837670683 0.21769244262700405 0.2209183668773013 0.22414429112760403 0.22737021537790125 0.2305961396281985 0.23382206387849575 0.23704798812879296 0.2402739123790902 0.24349983662938746 0.24672576087968467 0.24995168512998192 0.25317760938027917 0.2564035336305764 0.25962945788087366 0.2628553821311709 0.2660813063814736 0.26930723063177087 0.2725331548820681 0.2757590791323653 0.2789850033826626 0.2822109276329598 0.285436851883257 0.2886627761335543 0.2918887003838515 0.29121674021633803 0.28637785348036704 0.28153896674439605 0.27670008000842505 0.2718611932724458 0.26702230653647474 0.26218341980050375 0.25734453306453275 0.25250564632856176 0.2476667595925907 0.24282787285661972
0.19506653792556777 0.1944072758893242 0.1937480138530806 0.1930887518168359 0.19242948978059232 0.1917702277443487 0.19111096570810515 0.19045170367186154 0.191562825425242 0.19456652746658015 0.19757022950791828 0.20057393154925643 0.20357763359059455 0.2065813356319327 0.20958503767327086 0.21258873971460898 0.21559244175595224 0.2185961437972904 0.22159984583862852 0.22460354787996667 0.2276072499213048 0.23061095196264295 0.23361465400398107 0.23661835604531922 0.23962205808665735 0.2426257601279955 0.24562946216933362 0.24863316421067178 0.2516368662520099 0.2546405682933532 0.2576442703346913 0.26064797237602944 0.2636516744173676 0.26665537645870574 0.2696590785000439 0.272662780541382 0.27566648258272014 0.2786701846240583 0.27804451335274055 0.27353895995504346 0.26903340655734637 0.2645278531596493 0.2600222997619445 0.2555167463642474 0.25101119296655033 0.24650563956885324 0.24200008617115615 0.23749453277345905 0.23298897937576196
0.191740617629221 0.1906369111088322 0.18953320458844342 0.18842949806805276 0.18732579154766396 0.18622208502727516 0.1851183785068864 0.1840146719864976 0.18478875372526915 0.18757023355764837 0.1903517133900276 0.19313319322240682 0.19591467305478608 0.1986961528871653 0.20147763271954452 0.20425911255192375 0.20704059238430772 0.20982207221668694 0.21260355204906617 0.21538503188144542 0.21816651171382465 0.22094799154620387 0.2237294713785831 0.22651095121096232 0.22929243104334157 0.23207391087572077 0.23485539070810002 0.23763687054047924 0.24041835037285847 0.24319983020524244 0.24598131003762166 0.2487627898700009 0.25154426970238014 0.25432574953475934 0.2571072293671386 0.2598887091995178 0.26267018903189704 0.2654516688642763 0.2648722864891543 0.2607000664297308 0.25652784637030734 0.25235562631088393 0.24818340625145333 0.24401118619202988 0.2398389661326064 0.23566674607318297 0.2314945260137595 0.22732230595433606 0.2231500858949126
0.18841469733287422 0.1868665463283402 0.18531839532380623 0.18377024431926958 0.1822220933147356 0.18067394231020162 0.17912579130566764 0.17757764030113363 0.1780146820252963 0.1805739396487166 0.18313319727213692 0.18569245489555725 0.18825171251897757 0.1908109701423979 0.19337022776581822 0.19592948538923854 0.19848874301266323 0.20104800063608355 0.20360725825950388 0.20616651588292417 0.2087257735063445 0.21128503112976482 0.21384428875318515 0.21640354637660547 0.2189628040000258 0.22152206162344612 0.22408131924686642 0.22664057687028674 0.22919983449370707 0.23175909211713175 0.23431834974055207 0.2368776073639724 0.23943686498739272 0.24199612261081305 0.24455538023423334 0.2471146378576537 0.249673895481074 0.25223315310449435 0.251700059625568 0.24786117290441823 0.24402228618326838 0.24018339946211856 0.2363445127409622 0.23250562601981237 0.22866673929866255 0.2248278525775127 0.22098896585636288 0.21715007913521306 0.21331119241406324
0.18508877703652743 0.18309618154784824 0.18110358605916904 0.17911099057048646 0.17711839508180727 0.17512579959312807 0.17313320410444888 0.17114060861576968 0.17124061032532342 0.17357764573978485 0.17591468115424624 0.17825171656870767 0.18058875198316907 0.1829257873976305 0.1852628228120919 0.1875998582265533 0.1899368936410187 0.1922739290554801 0.19461096446994153 0.19694799988440292 0.19928503529886435 0.20162207071332577 0.20395910612778717 0.20629614154224857 0.20863317695671 0.21097021237117142 0.21330724778563281 0.2156442832000942 0.21798131861455564 0.22031835402902103 0.22265538944348245 0.22499242485794385 0.22732946027240525 0.22966649568686667 0.2320035311013281 0.2343405665157895 0.2366776019302509 0.23901463734471232 0.23852783276198175 0.23502227937910555 0.23151672599622936 0.22801117261335316 0.224505619230471 0.2210000658475948 0.21749451246471863 0.21398895908184243 0.21048340569896623 0.20697785231609003 0.20347229893321384
0.18176285674018067 0.17932581676735626 0.17688877679453185 0.1744517368217033 0.17201469684887893 0.16957765687605453 0.16714061690323012 0.16470357693040574 0.1644665386253506 0.1665813518308531 0.1686961650363556 0.1708109782418581 0.1729257914473606 0.17504060465286309 0.1771554178583656 0.1792702310638681 0.1813850442693742 0.1834998574748767 0.1856146706803792 0.1877294838858817 0.18984429709138423 0.19195911029688673 0.19407392350238922 0.19618873670789172 0.19830354991339422 0.20041836311889671 0.2025331763243992 0.2046479895299017 0.20676280273540423 0.20887761594091034 0.21099242914641284 0.21310724235191533 0.21522205555741783 0.21733686876292035 0.21945168196842285 0.22156649517392535 0.22368130837942785 0.22579612158493034 0.22535560589839548 0.22218338585379294 0.21901116580919036 0.21583894576458781 0.21266672571997983 0.20949450567537728 0.2063222856307747 0.20315006558617216 0.19997784554156958 0.19680562549696703 0.19363340545236446
0.17843693644383388 0.17555545198686429 0.17267396752989467 0.16979248307292016 0.16691099861595057 0.16402951415898098 0.16114802970201136 0.1582665452450418 0.15769246692537772 0.15958505792192132 0.16147764891846492 0.1633702399150085 0.1652628309115521 0.16715542190809568 0.16904801290463928 0.17094060390118287 0.1728331948977297 0.1747257858942733 0.17661837689081689 0.17851096788736048 0.18040355888390408 0.18229614988044765 0.18418874087699125 0.18608133187353484 0.18797392287007844 0.18986651386662204 0.1917591048631656 0.1936516958597092 0.1955442868562528 0.19743687785279962 0.19932946884934322 0.2012220598458868 0.2031146508424304 0.205007241838974 0.2068998328355176 0.20879242383206117 0.21068501482860477 0.21257760582514837 0.21218337903480922 0.2093444923284803 0.20650560562215137 0.20366671891582244 0.20082783220948866 0.19798894550315974 0.1951500587968308 0.1923111720905019 0.18947228538417296 0.18663339867784404 0.1837945119715151
0.1751110161474871 0.1717850872063723 0.1684591582652575 0.16513322932413704 0.16180730038302224 0.15848137144190744 0.15515544250079266 0.15182951355967783 0.1509183952254049 0.15258876401298957 0.15425913280057427 0.15592950158815894 0.15759987037574363 0.1592702391633283 0.160940607950913 0.16261097673849767 0.1642813455260852 0.1659517143136699 0.16762208310125457 0.16929245188883923 0.17096282067642393 0.1726331894640086 0.1743035582515933 0.17597392703917797 0.17764429582676267 0.17931466461434734 0.180985033401932 0.1826554021895167 0.18432577097710137 0.1859961397646889 0.1876665085522736 0.18933687733985827 0.19100724612744296 0.19267761491502763 0.1943479837026123 0.196018352490197 0.19768872127778167 0.19935909006536637 0.19901115217122292 0.19650559880316762 0.19400004543511234 0.19149449206705704 0.18898893869899747 0.1864833853309422 0.1839778319628869 0.18147227859483162 0.1789667252267763 0.176461171858721 0.1739556184906657
