Figures/CREST_Example_wjb_NSE/Rolling_result/20100722/raw_forecast_backup/ens_1/wjb.rain.20100730.asc
ncols            288
nrows            254
xllcorner        113.274861
yllcorner        31.4918055
cellsize         0.008333333333
NODATA_value     -9999
[rows 209 to 227 of 254, columns 172 to 214 of 288]
2.2869386459516137 2.32510716488046 2.363275683809306 2.401444202738152 2.439612721666998 2.4562887086847263 2.4499886928416017 2.4436886769984776 2.437388661155353 2.431088645312229 2.4247886294690937 2.4184886136259696 2.412188597782845 2.405888581939721 2.3995885660965963 2.393288550253472 2.3869885344103476 2.3806885185672235 2.374388502724099 2.368088486880975 2.3617884710378503 2.355488455194726 2.349188439351602 2.342888423508467 2.3365884076653423 2.330288391822218 2.3239883759790936 2.3176883601359695 2.311388344292845 2.305088328449721 2.298788312606596 2.292488296763472 2.2861882809203475 2.2798882650772234 2.2735882492340993 2.2816813367934756 2.3051609775942605 2.328640618395005 2.35212025919575 2.3755998999964945 2.3990795407972394 2.422559181597984 2.446038822398729
2.3274404970195706 2.365497904810824 2.4035553126020766 2.4416127203933295 2.4796701281845825 2.495322066402816 2.487022050745288 2.47872203508776 2.4704220194302318 2.462122003772704 2.4538219881151617 2.445521972457634 2.437221956800106 2.428921941142578 2.42062192548505 2.412321909827522 2.404021894169994 2.395721878512466 2.387421862854938 2.37912184719741 2.370821831539882 2.362521815882354 2.3542218002248263 2.345921784567284 2.337621768909756 2.329321753252228 2.3210217375947 2.312721721937172 2.304421706279644 2.2961216906221162 2.2878216749645883 2.27952165930706 2.271221643649532 2.262921627992004 2.254621612334476 2.2622720643562455 2.286973927273193 2.311675790190099 2.336377653107004 2.3610795160239095 2.3857813789408153 2.4104832418577207 2.4351851047746265
2.3679423480875106 2.4058886447411707 2.4438349413948304 2.48178123804849 2.5197275347021497 2.534355424120889 2.5240554086489584 2.5137553931770276 2.5034553777050967 2.493155362233166 2.4828553467612178 2.472555331289287 2.462255315817356 2.4519553003454253 2.4416552848734945 2.4313552694015637 2.421055253929633 2.4107552384577025 2.4004552229857716 2.390155207513841 2.37985519204191 2.369555176569979 2.3592551610980483 2.3489551456260997 2.3386551301541694 2.3283551146822385 2.3180550992103077 2.307755083738377 2.297455068266446 2.2871550527945153 2.2768550373225844 2.2665550218506536 2.256255006378723 2.245954990906792 2.235654975434861 2.2428627919190234 2.2687868769521335 2.2947109619851993 2.320635047018265 2.346559132051331 2.372483217084397 2.398407302117463 2.4243313871505285
2.4084441991554506 2.4462793846715174 2.4841145701875837 2.52194975570365 2.559784941219717 2.5733887818389625 2.5610887665526287 2.5487887512662954 2.5364887359799617 2.524188720693628 2.511888705407274 2.49958869012094 2.4872886748346064 2.474988659548273 2.4626886442619393 2.4503886289756056 2.4380886136892723 2.4257885984029386 2.413488583116605 2.4011885678302716 2.388888552543938 2.3765885372576045 2.364288521971271 2.351988506684916 2.3396884913985825 2.327388476112249 2.3150884608259155 2.3027884455395817 2.2904884302532484 2.2781884149669147 2.2658883996805814 2.2535883843942477 2.241288369107914 2.2289883538215807 2.216688338535247 2.2234535194818017 2.250599826631074 2.2777461337803 2.3048924409295264 2.3320387480787526 2.3591850552279787 2.386331362377205 2.413477669526431
2.4489460502234075 2.486670124601881 2.5243941989803544 2.562118273358828 2.599842347737301 2.612422139557052 2.598122124456315 2.5838221093555775 2.5695220942548405 2.5552220791541034 2.540922064053342 2.5266220489526043 2.5123220338518673 2.49802201875113 2.4837220036503926 2.4694219885496556 2.4551219734489185 2.440821958348181 2.426521943247444 2.4122219281467068 2.3979219130459697 2.383621897945232 2.369321882844495 2.3550218677437336 2.340721852642996 2.326421837542259 2.312121822441522 2.2978218073407843 2.2835217922400473 2.26922177713931 2.254921762038573 2.2406217469378356 2.2263217318370985 2.2120217167363614 2.197721701635624 2.2040442470445716 2.232412776310007 2.260781305575394 2.289149834840781 2.3175183641061676 2.3458868933715546 2.3742554226369417 2.4026239519023287
2.489447901291348 2.527060864532228 2.5646738277731083 2.602286791013989 2.639899754254869 2.651455497275126 2.635155482359986 2.618855467444846 2.602555452529706 2.586255437614566 2.569955422699398 2.553655407784258 2.537355392869118 2.521055377953978 2.5047553630388375 2.4884553481236975 2.4721553332085575 2.4558553182934175 2.4395553033782775 2.4232552884631375 2.4069552735479975 2.3906552586328575 2.3743552437177176 2.3580552288025496 2.3417552138874096 2.3254551989722696 2.3091551840571296 2.2928551691419896 2.276555154226849 2.260255139311709 2.243955124396569 2.227655109481429 2.211355094566289 2.195055079651149 2.178755064736009 2.1846349746073495 2.214225725988947 2.2438164773704945 2.273407228752042 2.302997980133589 2.3325887315151363 2.362179482896684 2.3917702342782308
2.5299497523592875 2.567451604462575 2.6049534565658616 2.642455308669149 2.679957160772436 2.690488854993199 2.672188840263656 2.6538888255341133 2.6355888108045704 2.617288796075028 2.5989887813454535 2.580688766615911 2.562388751886368 2.5440887371568253 2.5257887224272824 2.5074887076977395 2.4891886929681966 2.4708886782386537 2.452588663509111 2.4342886487795683 2.4159886340500254 2.3976886193204825 2.3793886045909396 2.3610885898613656 2.3427885751318227 2.32448856040228 2.306188545672737 2.287888530943194 2.269588516213651 2.2512885014841086 2.2329884867545657 2.214688472025023 2.19638845729548 2.178088442565937 2.1597884278363946 2.1652257021701273 2.1960386756678876 2.2268516491655954 2.257664622663303 2.28847759616101 2.319290569658718 2.3501035431564254 2.3809165166541333
2.5704516034272276 2.6078423443929215 2.6452330853586155 2.6826238263243094 2.7200145672900033 2.7295222127112724 2.7092221981673266 2.688922183623381 2.6686221690794354 2.6483221545354896 2.6280221399915096 2.6077221254475638 2.5874221109036184 2.5671220963596726 2.546822081815727 2.5265220672717814 2.5062220527278356 2.4859220381838902 2.4656220236399444 2.4453220090959986 2.4250219945520533 2.4047219800081074 2.3844219654641616 2.3641219509201816 2.343821936376236 2.32352192183229 2.3032219072883446 2.282921892744399 2.2626218782004535 2.2423218636565077 2.222021849112562 2.2017218345686165 2.1814218200246707 2.1611218054807253 2.1408217909367795 2.145816429732905 2.177851625346828 2.209886820960696 2.2419220165745637 2.2739572121884315 2.3059924078022997 2.3380276034161676 2.3700627990300354
2.6109534544951845 2.6482330843232855 2.685512714151386 2.7227923439794868 2.7600719738075874 2.768555570429362 2.746255556071013 2.7239555417126633 2.701655527354314 2.679355512995965 2.6570554986375776 2.6347554842792285 2.612455469920879 2.5901554555625297 2.5678554412041805 2.545555426845831 2.5232554124874818 2.5009553981291326 2.4786553837707834 2.456355369412434 2.4340553550540847 2.4117553406957355 2.3894553263373863 2.3671553119789985 2.3448552976206494 2.3225552832623 2.300255268903951 2.2779552545456014 2.2556552401872523 2.233355225828903 2.211055211470554 2.1887551971122043 2.166455182753855 2.144155168395506 2.1218551540371564 2.126407157295675 2.1596645750257606 2.1929219927557893 2.226179410485818 2.259436828215847 2.2926942459458757 2.3259516636759043 2.359209081405933
2.6514553055631245 2.688623824253632 2.72579234294414 2.7629608616346473 2.800129380325155 2.8075889281474353 2.7832889139746833 2.758988899801931 2.734688885629179 2.710388871456427 2.6860888572836337 2.6617888431108816 2.6374888289381295 2.6131888147653775 2.5888888005926254 2.564588786419873 2.540288772247121 2.5159887580743687 2.4916887439016167 2.4673887297288646 2.4430887155561125 2.4187887013833604 2.3944886872106084 2.370188673037815 2.345888658865063 2.321588644692311 2.297288630519559 2.2729886163468067 2.2486886021740546 2.2243885880013026 2.2000885738285505 2.1757885596557984 2.1514885454830464 2.1271885313102943 2.102888517137542 2.1069978848584534 2.1414775247047015 2.1759571645508906 2.2104368043970797 2.2449164442432687 2.2793960840894574 2.3138757239356464 2.3483553637818355
2.6919571566310645 2.729014564183979 2.7660719717368933 2.8031293792898078 2.840186786842722 2.8466222858655086 2.8203222718783536 2.794022257891199 2.767722243904044 2.741422229916889 2.7151222159296893 2.6888222019425343 2.6625221879553798 2.636222173968225 2.60992215998107 2.583622145993915 2.55732213200676 2.5310221180196053 2.5047221040324503 2.4784220900452953 2.4521220760581404 2.425822062070986 2.399522048083831 2.373222034096631 2.346922020109476 2.320622006122321 2.294321992135166 2.2680219781480115 2.2417219641608566 2.2154219501737016 2.189121936186547 2.1628219221993916 2.136521908212237 2.110221894225082 2.083921880237927 2.0875886124212313 2.1232904743836416 2.158992336345991 2.1946941983083406 2.2303960602706896 2.266097922233039 2.3017997841953886 2.337501646157738
2.732459007699022 2.769405304114343 2.8063516005296645 2.8432978969449856 2.8802441933603067 2.8856556435835987 2.8573556297820404 2.8290556159804816 2.8007556021789233 2.7724555883773645 2.7441555745757578 2.7158555607741994 2.6875555469726407 2.6592555331710823 2.6309555193695235 2.602655505567965 2.5743554917664064 2.546055477964848 2.5177554641632893 2.489455450361731 2.461155436560172 2.432855422758614 2.404555408957055 2.3762553951554484 2.3479553813538896 2.3196553675523313 2.291355353750773 2.263055339949214 2.234755326147656 2.206455312346097 2.1781552985445387 2.14985528474298 2.1215552709414216 2.093255257139863 2.0649552433383045 2.068179339984001 2.1051034240625746 2.1420275081410844 2.178951592219595 2.215875676298105 2.252799760376615 2.2897238444551253 2.3266479285336357
2.772960858766962 2.8097960440446896 2.846631229322418 2.883466414600146 2.920301599877874 2.924689001301672 2.8943889876857107 2.8640889740697495 2.833788960453788 2.8034889468378266 2.773188933221814 2.742888919605852 2.712588905989891 2.6822888923739296 2.651988878757968 2.6216888651420067 2.5913888515260455 2.5610888379100842 2.530788824294123 2.5004888106781613 2.4701887970622 2.439888783446239 2.409588769830277 2.3792887562142644 2.348988742598303 2.318688728982342 2.28838871536638 2.258088701750419 2.2277886881344577 2.197488674518496 2.167188660902535 2.1368886472865736 2.1065886336706123 2.076288620054651 2.0459886064386894 2.048770067546779 2.0869163737415146 2.1250626799361854 2.1632089861308557 2.2013552923255264 2.2395015985201967 2.2776479047148674 2.3157942109095377
2.8134627098349014 2.8501867839750363 2.8869108581151712 2.9236349322553066 2.9603590063954415 2.9637223590197452 2.931422345589381 2.899122332159017 2.866822318728653 2.8345223052982886 2.8022222918678694 2.7699222784375053 2.737622265007141 2.705322251576777 2.673022238146413 2.6407222247160487 2.6084222112856845 2.5761221978553204 2.5438221844249562 2.511522170994592 2.479222157564228 2.4469221441338638 2.4146221307034996 2.3823221172730804 2.3500221038427163 2.317722090412352 2.285422076981988 2.253122063551624 2.2208220501212597 2.1885220366908955 2.1562220232605314 2.123922009830167 2.091621996399803 2.059321982969439 2.0270219695390748 2.0293607951095574 2.068729323420455 2.108097851731286 2.1474663800421165 2.1868349083529477 2.2262034366637784 2.265571964974609 2.3049404932854403
2.796050582494534 2.832287615849539 2.8685246492045433 2.904761682559548 2.940998715914553 2.943922476368391 2.911233594410116 2.8785447124518413 2.8458558304935666 2.813166948535292 2.7804780665769613 2.7477891846186866 2.715100302660412 2.6824114207021372 2.6497225387438625 2.617033656785588 2.584344774827313 2.5516558928690385 2.5189670109107634 2.4862781289524887 2.453589246994214 2.4209003650359393 2.3882114830776646 2.355522601119334 2.3228337191610593 2.2901448372027846 2.25745595524451 2.2247670732862352 2.1920781913279606 2.1593893093696854 2.1267004274114107 2.094011545453136 2.0613226634948614 2.0286337815365867 1.995944899578312 1.9981803558120312 2.0377507198821148 2.0773210839521306 2.116891448022147 2.1564618120921626 2.196032176162179 2.2356025402321946 2.2751729043022104
2.716732076196137 2.7520802205828514 2.7874283649695655 2.82277650935628 2.858124653742994 2.861233569721183 2.8298780211491166 2.79852247257705 2.7671669240049837 2.7358113754329167 2.704455826860797 2.6731002782887305 2.641744729716664 2.6103891811445976 2.579033632572531 2.5476780840004642 2.516322535428398 2.4849669868563313 2.453611438284265 2.4222558897121984 2.390900341140132 2.3595447925680655 2.3281892439959986 2.296833695423879 2.2654781468518124 2.234122598279746 2.2027670497076794 2.171411501135613 2.1400559525635465 2.10870040399148 2.077344855419413 2.0459893068473467 2.0146337582752802 1.9832782097032138 1.9519226611311473 1.9544174063251194 1.9930988815593658 2.031780356793546 2.070461832027726 2.1091433072619066 2.147824782496087 2.1865062577302674 2.225187732964448
2.6374135698977397 2.6718728253161634 2.7063320807345876 2.740791336153012 2.7752505915714356 2.778544663073975 2.7485224478881167 2.7185002327022585 2.6884780175164003 2.658455802330542 2.6284335871446323 2.598411371958774 2.568389156772916 2.5383669415870576 2.5083447264011993 2.478322511215341 2.448300296029483 2.4182780808436246 2.388255865657766 2.3582336504719077 2.3282114352860495 2.298189220100191 2.268167004914333 2.2381447897284232 2.208122574542565 2.1781003593567068 2.1480781441708485 2.1180559289849903 2.088033713799132 2.058011498613274 2.0279892834274156 1.9979670682415573 1.9679448530556989 1.9379226378698406 1.9079004226839822 1.9106544568382073 1.9484470432366165 1.9862396296349611 2.024032216033306 2.0618248024316506 2.099617388829995 2.13740997522834 2.175202561626685
2.5580950635993087 2.591665430049442 2.625235796499575 2.658806162949708 2.6923765293998416 2.695855756426732 2.6671668746270827 2.638477992827433 2.6097891110277835 2.581100229228134 2.5524113474284356 2.523722465628786 2.4950335838291364 2.466344702029487 2.4376558202298377 2.408966938430188 2.3802780566305386 2.351589174830889 2.3229002930312395 2.29421141123159 2.2655225294319408 2.236833647632291 2.2081447658326416 2.179455884032943 2.1507670022332936 2.122078120433644 2.0933892386339945 2.0647003568343454 2.036011475034696 2.0073225932350462 1.9786337114353967 1.9499448296357471 1.9212559478360975 1.8925670660364482 1.8638781842367986 1.8668915073512766 1.9037952049138482 1.940698902476357 1.9776026000388656 2.014506297601374 2.051409995163883 2.0883136927263917 2.1252173902889004
2.4787765573009115 2.5114580347827546 2.5441395122645973 2.57682098974644 2.6095024672282827 2.613166849779524 2.585811301366083 2.5584557529526415 2.5311002045392 2.503744656125759 2.476389107712271 2.44903355929883 2.4216780108853886 2.3943224624719472 2.366966914058506 2.3396113656450646 2.312255817231623 2.2849002688181823 2.257544720404741 2.2301891719912996 2.2028336235778583 2.175478075164417 2.1481225267509756 2.1207669783374876 2.0934114299240463 2.0660558815106054 2.038700333097164 2.0113447846837227 1.9839892362702813 1.95663368785684 1.9292781394433989 1.9019225910299575 1.8745670426165164 1.847211494203075 1.8198559457896337 1.8231285578643646 1.859143366591099 1.895158175317772 1.9311729840444452 1.967187792771118 2.003202601497791 2.039217410224464 2.0752322189511374
