Figures/CREST_Example_wjb_NSE/Rolling_result/20100722/raw_forecast_backup/ens_1/wjb.rain.20100723.asc
ncols            288
nrows            254
xllcorner        113.274861
yllcorner        31.4918055
cellsize         0.008333333333
NODATA_value     -9999
[rows 200 to 219 of 254, columns 90 to 134 of 288]
12.717968046901953 12.793781037114499 12.869594027326915 12.945407017539331 13.021220007751747 13.097032997964163 13.17284598817658 13.248658978388997 13.324471968601413 13.40028495881383 13.476097949026245 13.551910939238661 13.627723929451077 13.703536919663494 13.77934990987604 13.855162900088455 13.930975890300871 14.006788880513287 14.082601870725703 14.15841486093812 14.234227851150537 14.310040841362953 14.38585383157537 14.461666821787786 14.537479812000202 14.613292802212618 14.689105792425034 14.797968890630163 14.942163301666435 15.086357712702707 15.230552123738978 15.37474653477525 15.518940945811522 15.663135356847794 15.807329767884067 15.951524178920339 16.09571858995661 16.239913000992882 16.384107412029156 16.528301823065426 16.672496234101946 16.816690645138216 16.96088505617449 17.10507946721076 17.249273878247035
12.488892098778805 12.565927309518056 12.642962520257175 12.719997730996294 12.797032941735415 12.874068152474534 12.951103363213653 13.028138573952772 13.10517378469189 13.182208995431012 13.25924420617013 13.33627941690925 13.413314627648369 13.490349838387488 13.567385049126738 13.644420259865859 13.721455470604978 13.798490681344097 13.875525892083216 13.952561102822335 14.029596313561456 14.106631524300575 14.183666735039694 14.260701945778813 14.337737156517932 14.41477236725705 14.491807577996171 14.600496640807577 14.743024387296593 14.885552133785607 15.028079880274623 15.170607626763639 15.313135373252655 15.455663119741669 15.598190866230684 15.7407186127197 15.883246359208716 16.02577410569773 16.168301852186747 16.310829598675763 16.45335734516502 16.595885091654036 16.738412838143052 16.880940584632064 17.02346833112108
12.259816150655658 12.338073581921613 12.416331013187435 12.494588444453258 12.57284587571908 12.651103306984902 12.729360738250726 12.807618169516548 12.88587560078237 12.964133032048192 13.042390463314016 13.120647894579838 13.19890532584566 -9999.0 -9999.0 -9999.0 13.511935050909083 13.590192482174906 13.668449913440728 13.74670734470655 13.824964775972372 13.903222207238196 13.981479638504018 14.05973706976984 14.137994501035664 14.216251932301486 14.294509363567308 14.403024390984992 14.54388547292675 14.684746554868509 14.825607636810268 14.966468718752028 15.107329800693785 15.248190882635544 15.389051964577304 15.529913046519063 15.67077412846082 15.81163521040258 15.952496292344339 16.093357374286096 16.234218456228096 16.375079538169857 16.515940620111614 16.65680170205337 16.797662783995133
12.03074020253251 12.11021985432517 12.189699506117696 12.269179157910221 12.348658809702746 12.428138461495273 12.507618113287798 12.587097765080323 12.66657741687285 12.746057068665374 12.825536720457901 12.905016372250426 12.98449602404295 -9999.0 -9999.0 -9999.0 -9999.0 13.381894283005714 13.46137393479824 -9999.0 13.62033323838329 13.699812890175817 13.779292541968342 13.858772193760867 13.938251845553394 14.017731497345919 14.097211149138445 14.205552141162407 14.344746558556908 14.48394097595141 14.623135393345914 14.762329810740415 14.901524228134917 15.040718645529418 15.179913062923921 15.319107480318424 15.458301897712925 15.597496315107428 15.73669073250193 15.875885149896432 16.01507956729117 16.154273984685673 16.293468402080176 16.43266281947468 16.571857236869178
11.801664254409262 11.88236612672863 11.963067999047858 12.043769871367088 12.124471743686318 12.205173616005547 12.285875488324775 12.366577360644005 12.447279232963234 12.527981105282464 12.608682977601692 12.689384849920922 -9999.0 -9999.0 -9999.0 -9999.0 -9999.0 -9999.0 -9999.0 -9999.0 -9999.0 13.496403573113351 13.577105445432581 13.65780731775181 13.738509190071039 13.819211062390268 13.899912934709498 14.008079891339738 14.145607644186983 14.283135397034227 14.420663149881472 14.558190902728716 14.695718655575963 14.833246408423207 14.970774161270452 15.108301914117696 15.24582966696494 15.383357419812187 15.520885172659431 15.658412925506676 15.795940678354155 15.933468431201401 16.070996184048646 16.20852393689589 16.346051689743135
11.572588306286114 11.654512399132187 11.73643649197812 11.81836058482405 11.900284677669983 11.982208770515916 12.064132863361849 12.146056956207781 12.227981049053714 12.309905141899645 12.391829234745577 12.47375332759151 -9999.0 -9999.0 -9999.0 -9999.0 -9999.0 -9999.0 -9999.0 -9999.0 -9999.0 -9999.0 13.374918348896905 13.456842441742838 13.53876653458877 13.620690627434701 13.702614720280634 13.810607641517153 13.946468729817141 14.08232981811713 14.218190906417117 14.354051994717105 14.489913083017093 14.625774171317081 14.76163525961707 14.897496347917057 15.033357436217045 15.169218524517035 15.305079612817023 15.440940701117011 15.57680178941723 15.712662877717218 15.848523966017208 15.984385054317194 16.120246142617184
11.343512358162966 11.426658671535744 11.50980498490838 11.592951298281015 11.67609761165365 11.759243925026286 11.842390238398922 11.925536551771557 12.008682865144193 12.091829178516829 12.174975491889464 12.2581218052621 12.341268118634733 -9999.0 -9999.0 -9999.0 -9999.0 -9999.0 -9999.0 -9999.0 -9999.0 -9999.0 13.172731252361231 13.255877565733867 13.339023879106502 13.422170192479138 13.505316505851773 13.61313539169457 13.747329815447301 13.881524239200033 14.015718662952764 14.149913086705496 14.284107510458227 14.418301934210959 14.55249635796369 14.686690781716422 14.820885205469153 14.955079629221885 15.089274052974616 15.223468476727348 15.357662900480308 15.49185732423304 15.62605174798577 15.760246171738503 15.894440595491234
11.11443641003972 11.198804943939203 11.283173477838544 11.367542011737882 11.45191054563722 11.536279079536559 11.6206476134359 11.705016147335238 11.789384681234576 11.873753215133917 11.958121749033255 12.042490282932594 12.126858816831934 -9999.0 -9999.0 -9999.0 -9999.0 -9999.0 -9999.0 -9999.0 -9999.0 -9999.0 -9999.0 13.054912689724807 13.139281223624145 13.223649757523486 13.308018291422824 13.415663141871898 13.548190901077373 13.680718660282848 13.81324641948832 13.945774178693796 14.078301937899269 14.210829697104744 14.343357456310217 14.475885215515692 14.608412974721166 14.74094073392664 14.873468493132115 15.005996252337589 15.13852401154329 15.271051770748764 15.403579529954238 15.536107289159713 15.668635048365186
10.885360461916573 10.97095121634276 11.056541970768803 11.142132725194845 11.227723479620888 11.31331423404693 11.398904988472971 11.484495742899014 11.570086497325056 11.655677251751097 11.74126800617714 11.826858760603182 11.912449515029225 -9999.0 -9999.0 -9999.0 -9999.0 -9999.0 -9999.0 -9999.0 -9999.0 -9999.0 -9999.0 -9999.0 -9999.0 -9999.0 -9999.0 13.218190892049313 13.349051986707531 13.479913081365748 13.610774176023966 13.741635270682183 13.872496365340401 14.003357459998618 14.134218554656837 14.265079649315053 14.39594074397327 14.526801838631489 14.657662933289705 14.788524027947924 14.919385122606364 15.050246217264581 15.1811073119228 15.311968406581016 15.442829501239235
10.656284513793425 10.743097488746319 10.829910463699063 10.91672343865181 11.003536413604554 11.0903493885573 11.177162363510044 11.26397533846279 11.350788313415535 11.437601288368281 11.524414263321026 11.611227238273772 11.698040213226516 -9999.0 -9999.0 -9999.0 -9999.0 -9999.0 -9999.0 -9999.0 -9999.0 -9999.0 -9999.0 -9999.0 -9999.0 -9999.0 -9999.0 -9999.0 -9999.0 13.279107502448651 13.408301932559613 13.537496362670574 13.666690792781534 13.795885222892496 13.925079653003456 14.054274083114416 14.183468513225378 14.312662943336338 14.441857373447299 14.57105180355826 14.700246233669441 14.829440663780403 14.958635093891363 15.087829524002323 15.217023954113285
10.42720856567018 10.515243761149778 10.603278956629227 10.691314152108676 10.779349347588125 10.867384543067574 10.955419738547024 11.043454934026471 11.13149012950592 11.21952532498537 11.307560520464818 11.395595715944268 11.483630911423717 -9999.0 -9999.0 -9999.0 -9999.0 -9999.0 -9999.0 -9999.0 -9999.0 -9999.0 -9999.0 -9999.0 -9999.0 -9999.0 -9999.0 -9999.0 -9999.0 13.078301923531468 13.205829689095172 13.333357454658875 13.460885220222579 13.588412985786283 13.715940751349986 13.843468516913688 13.970996282477392 14.098524048041096 14.2260518136048 14.353579579168503 14.481107344732424 14.608635110296127 14.736162875859831 14.863690641423535 14.991218406987239
10.19813261754703 10.287390033553335 10.376647449559487 10.465904865565639 10.555162281571791 10.644419697577943 10.733677113584095 10.822934529590247 10.9121919455964 11.001449361602551 11.090706777608704 11.179964193614856 -9999.0 -9999.0 -9999.0 -9999.0 -9999.0 -9999.0 -9999.0 -9999.0 -9999.0 -9999.0 -9999.0 -9999.0 -9999.0 -9999.0 -9999.0 -9999.0 12.75163524359792 12.877496344614368 13.003357445630815 13.129218546647262 13.25507964766371 13.380940748680157 13.506801849696602 13.63266295071305 13.758524051729497 13.884385152745944 14.010246253762391 14.136107354778838 14.2619684557955 14.387829556811946 14.513690657828393 14.63955175884484 14.765412859861287
9.969056669423882 10.059536305956891 10.150015942489746 10.240495579022602 10.330975215555457 10.421454852088313 10.511934488621169 10.602414125154024 10.692893761686879 10.783373398219734 10.873853034752589 10.964332671285444 -9999.0 -9999.0 -9999.0 -9999.0 -9999.0 -9999.0 -9999.0 -9999.0 -9999.0 -9999.0 -9999.0 -9999.0 -9999.0 -9999.0 -9999.0 -9999.0 12.552496329228081 12.676690765697272 12.80088520216646 12.925079638635651 13.049274075104842 13.173468511574033 13.297662948043222 13.421857384512412 13.546051820981603 13.670246257450794 13.794440693919983 13.918635130389173 14.042829566858575 14.167024003327766 14.291218439796957 14.415412876266146 14.539607312735336
9.739980721300636 9.831682578360352 9.92338443541991 10.01508629247947 10.106788149539028 10.198490006598586 10.290191863658146 10.381893720717704 10.473595577777264 10.565297434836822 10.656999291896382 10.74870114895594 -9999.0 -9999.0 -9999.0 -9999.0 -9999.0 -9999.0 -9999.0 -9999.0 -9999.0 -9999.0 -9999.0 -9999.0 -9999.0 -9999.0 12.124229004849479 12.230829642936222 12.353357414858154 12.475885186780088 12.59841295870202 12.720940730623953 12.843468502545887 12.96599627446782 13.088524046389752 13.211051818311685 13.333579590233619 13.456107362155551 13.578635134077484 13.701162905999418 13.823690677921558 13.946218449843492 14.068746221765425 14.191273993687357 14.313801765609291
9.510904773177488 9.60382885076391 9.69675292835017 9.789677005936433 9.882601083522694 9.975525161108957 10.068449238695218 10.16137331628148 10.254297393867741 10.347221471454004 10.440145549040265 -9999.0 -9999.0 -9999.0 -9999.0 -9999.0 -9999.0 -9999.0 -9999.0 -9999.0 -9999.0 -9999.0 -9999.0 -9999.0 -9999.0 -9999.0 11.926930790420615 12.033357393113635 12.15421850048831 12.275079607862988 12.395940715237664 12.51680182261234 12.637662929987016 12.758524037361694 12.87938514473637 13.000246252111046 13.121107359485721 13.2419684668604 13.362829574235075 13.483690681609751 13.604551788984633 13.725412896359309 13.846274003733987 13.967135111108663 14.087996218483338
9.28182882505434 9.375975123167466 9.47012142128043 9.564267719393396 9.658414017506361 9.752560315619325 9.846706613732291 9.940852911845257 10.03499920995822 10.129145508071186 -9999.0 -9999.0 -9999.0 -9999.0 -9999.0 -9999.0 -9999.0 -9999.0 -9999.0 -9999.0 -9999.0 -9999.0 -9999.0 -9999.0 -9999.0 -9999.0 11.729632575991753 11.835885143291051 11.95507958611847 12.07427402894589 12.193468471773311 12.31266291460073 12.43185735742815 12.55105180025557 12.670246243082989 12.789440685910408 12.908635128737828 13.027829571565247 13.147024014392667 13.266218457220088 13.38541290004771 13.50460734287513 13.62380178570255 13.74299622852997 13.86219067135739
9.052752876931192 9.148121395571023 9.243489914210691 9.338858432850358 9.434226951490027 9.529595470129696 -9999.0 -9999.0 -9999.0 -9999.0 -9999.0 -9999.0 -9999.0 -9999.0 -9999.0 -9999.0 -9999.0 -9999.0 -9999.0 -9999.0 -9999.0 -9999.0 -9999.0 -9999.0 -9999.0 -9999.0 -9999.0 11.638412893468466 11.755940671748629 11.873468450028792 11.990996228308955 12.108524006589118 12.22605178486928 12.343579563149444 12.461107341429607 12.57863511970977 12.696162897989932 12.813690676270097 12.93121845455026 13.048746232830423 13.166274011110787 13.28380178939095 13.401329567671112 13.518857345951275 13.636385124231438
8.823676928807945 8.920267667974482 9.016858407140854 9.113449146307225 9.210039885473599 9.30663062463997 -9999.0 -9999.0 -9999.0 -9999.0 -9999.0 -9999.0 -9999.0 -9999.0 -9999.0 -9999.0 -9999.0 -9999.0 -9999.0 -9999.0 -9999.0 -9999.0 -9999.0 -9999.0 -9999.0 -9999.0 -9999.0 11.440940643645797 11.556801757378704 11.672662871111608 11.788523984844515 11.90438509857742 12.020246212310326 12.13610732604323 12.251968439776137 12.367829553509043 12.483690667241948 12.599551780974855 12.71541289470776 12.831274008440666 12.94713512217377 13.062996235906674 13.17885734963958 13.294718463372485 13.410579577105391
8.594600980684797 8.692413940378039 -9999.0 8.88803985976419 -9999.0 -9999.0 -9999.0 -9999.0 -9999.0 -9999.0 -9999.0 -9999.0 -9999.0 -9999.0 -9999.0 -9999.0 -9999.0 -9999.0 -9999.0 -9999.0 -9999.0 -9999.0 -9999.0 -9999.0 -9999.0 -9999.0 -9999.0 -9999.0 -9999.0 11.47185729219451 11.58605174138016 11.700246190565808 11.814440639751458 11.928635088937106 12.042829538122756 12.157023987308405 12.271218436494054 12.385412885679703 12.499607334865352 12.613801784051 12.727996233236844 12.842190682422494 12.956385131608142 13.070579580793792 13.18477402997944
8.36552503256165 8.464560212781596 -9999.0 -9999.0 -9999.0 -9999.0 -9999.0 -9999.0 -9999.0 -9999.0 -9999.0 -9999.0 -9999.0 -9999.0 -9999.0 -9999.0 -9999.0 -9999.0 -9999.0 -9999.0 -9999.0 -9999.0 -9999.0 -9999.0 -9999.0 -9999.0 -9999.0 -9999.0 -9999.0 11.271051713277412 11.383579497915804 11.496107282554197 11.608635067192589 11.721162851830982 11.833690636469374 11.946218421107766 12.058746205746159 12.17127399038455 12.283801775022944 12.396329559661336 12.508857344299921 12.621385128938313 12.733912913576706 12.846440698215098 12.95896848285349
