Figures/CREST_Example_wjb_NSE/Rolling_result/20100722/raw_forecast_backup/ens_1/wjb.rain.20100731.asc
ncols            288
nrows            254
xllcorner        113.274861
yllcorner        31.4918055
cellsize         0.008333333333
NODATA_value     -9999
[rows 154 to 175 of 254, columns 102 to 152 of 288]
0.07161113441368791 0.07161113441368791 0.07161113441368791 0.07161113441368791 0.07161113441368791 0.07161113441368791 0.07161113441368791 0.07161113441368791 0.07161113441368791 0.07161113441368791 0.07161113441368791 0.07161113441368791 0.07161113441368791 0.07161113441368791 0.07161113441368791 0.0752906314538073 0.08290359403707648 0.09051655662034566 0.09812951920361485 0.10574248178688403 0.11335544437015321 0.12096840695342238 0.12858136953669158 0.13619433211996074 0.14380729470322995 0.1514202572864991 0.15903321986976832 0.16664618245303747 0.17425914503631965 0.18187210761958883 0.189485070202858 0.1970980327861272 0.20471099536939638 0.21232395795266557 0.21993692053593475 0.22754988311920393 0.2351628457024731 0.24277580828574227 0.25038877086901146 0.2580017334522806 0.2656146960355498 0.273227658618832 0.2808406212021012 0.28845358378537034 0.29606654636863955 0.30000001192092896 0.30000001192092896 0.30000001192092896 0.30000001192092896 0.30000001192092896 0.30000001192092896
0.07494446779655801 0.07494446779655801 0.07494446779655801 0.07494446779655801 0.07494446779655801 0.07494446779655801 0.07494446779655801 0.07494446779655801 0.07494446779655801 0.07494446779655801 0.07494446779655801 0.07494446779655801 0.07494446779655801 0.07494446779655801 0.07494446779655801 0.07857026261417922 0.08607211408469054 0.09357396555520184 0.10107581702571314 0.10857766849622444 0.11607951996673574 0.12358137143724705 0.13108322290775837 0.13858507437826967 0.14608692584878097 0.15358877731929227 0.16109062878980357 0.16859248026031487 0.176094331730839 0.1835961832013503 0.1910980346718616 0.1985998861423729 0.2061017376128842 0.2136035890833955 0.2211054405539068 0.2286072920244181 0.2361091434949294 0.24361099496544075 0.25111284643595205 0.25861469790646335 0.26611654937697465 0.2736184008474987 0.28112025231801 0.2886221037885213 0.2961239552590327 0.30000001192092896 0.30000001192092896 0.30000001192092896 0.30000001192092896 0.30000001192092896 0.30000001192092896
0.07827780117942812 0.07827780117942812 0.07827780117942812 0.07827780117942812 0.07827780117942812 0.07827780117942812 0.07827780117942812 0.07827780117942812 0.07827780117942812 0.07827780117942812 0.07827780117942812 0.07827780117942812 0.07827780117942812 0.07827780117942812 0.07827780117942812 0.08184989377455115 0.08924063413230458 0.09663137449005801 0.10402211484781143 0.11141285520556486 0.11880359556331829 0.1261943359210717 0.13358507627882515 0.14097581663657857 0.148366556994332 0.15575729735208543 0.16314803770983885 0.17053877806759227 0.1779295184253583 0.18532025878311173 0.19271099914086515 0.2001017394986186 0.207492479856372 0.21488322021412545 0.22227396057187887 0.2296647009296323 0.23705544128738573 0.24444618164513915 0.25183692200289254 0.259227662360646 0.2666184027183994 0.2740091430761654 0.28139988343391886 0.2887906237916723 0.29618136414942575 0.30000001192092896 0.30000001192092896 0.30000001192092896 0.30000001192092896 0.30000001192092896 0.30000001192092896
0.08161113456230105 0.08161113456230105 0.08161113456230105 0.08161113456230105 0.08161113456230105 0.08161113456230105 0.08161113456230105 0.08161113456230105 0.08161113456230105 0.08161113456230105 0.08161113456230105 0.08161113456230105 0.08161113456230105 0.08161113456230105 0.08161113456230105 0.08512952493492587 0.09240915417992132 0.09968878342491679 0.10696841266991224 0.1142480419149077 0.12152767115990315 0.1288073004048986 0.13608692964989405 0.1433665588948895 0.15064618813988495 0.15792581738488043 0.16520544662987585 0.17248507587487133 0.1797647051198792 0.18704433436487466 0.1943239636098701 0.20160359285486557 0.208883222099861 0.21616285134485647 0.22344248058985194 0.23072210983484737 0.23800173907984284 0.24528136832483827 0.25256099756983375 0.25984062681482917 0.26712025605982465 0.2743998853048325 0.281679514549828 0.2889591437948234 0.2962387730398189 0.30000001192092896 0.30000001192092896 0.30000001192092896 0.30000001192092896 0.30000001192092896 0.30000001192092896
0.08494446794517116 0.08494446794517116 0.08494446794517116 0.08494446794517116 0.08494446794517116 0.08494446794517116 0.08494446794517116 0.08494446794517116 0.08494446794517116 0.08494446794517116 0.08494446794517116 0.08494446794517116 0.08494446794517116 0.08494446794517116 0.08494446794517116 0.0884091560952978 0.09557767422753538 0.10274619235977296 0.10991471049201054 0.11708322862424811 0.12425174675648569 0.13142026488872327 0.13858878302096084 0.1457573011531984 0.152925819285436 0.1600943374176736 0.16726285554991116 0.17443137368214873 0.18159989181439853 0.1887684099466361 0.1959369280788737 0.20310544621111126 0.21027396434334883 0.21744248247558642 0.224611000607824 0.23177951874006156 0.23894803687229915 0.24611655500453672 0.2532850731367743 0.2604535912690119 0.2676221094012494 0.27479062753349925 0.2819591456657368 0.2891276637979744 0.296296181930212 0.30000001192092896 0.30000001192092896 0.30000001192092896 0.30000001192092896 0.30000001192092896 0.30000001192092896
0.08827780132804125 0.08827780132804125 0.08827780132804125 0.08827780132804125 0.08827780132804125 0.08827780132804125 0.08827780132804125 0.08827780132804125 0.08827780132804125 0.08827780132804125 0.08827780132804125 0.08827780132804125 0.08827780132804125 0.08827780132804125 0.08827780132804125 0.09168878725566973 0.09874619427514943 0.10580360129462912 0.11286100831410882 0.11991841533358852 0.12697582235306823 0.1340332293725479 0.14109063639202762 0.14814804341150734 0.15520545043098702 0.1622628574504667 0.1693202644699464 0.17637767148942612 0.18343507850891785 0.19049248552839754 0.19754989254787725 0.20460729956735696 0.21166470658683667 0.21872211360631635 0.22577952062579604 0.23283692764527575 0.23989433466475546 0.24695174168423514 0.2540091487037148 0.26106655572319454 0.26812396274267425 0.275181369762166 0.28223877678164566 0.2892961838011254 0.2963535908206051 0.30000001192092896 0.30000001192092896 0.30000001192092896 0.30000001192092896 0.30000001192092896 0.30000001192092896
0.09161113471091135 0.09161113471091135 0.09161113471091135 0.09161113471091135 0.09161113471091135 0.09161113471091135 0.09161113471091135 0.09161113471091135 0.09161113471091135 0.09161113471091135 0.09161113471091135 0.09161113471091135 0.09161113471091135 0.09161113471091135 0.09161113471091135 0.09496841841604166 0.10191471432276347 0.1088610102294853 0.11580730613620713 0.12275360204292894 0.12969989794965076 0.13664619385637258 0.1435924897630944 0.1505387856698162 0.15748508157653807 0.16443137748325987 0.1713776733899817 0.17832396929670352 0.18527026520343717 0.192216561110159 0.19916285701688083 0.20610915292360266 0.21305544883032446 0.2200017447370463 0.2269480406437681 0.2338943365504899 0.24084063245721177 0.24778692836393357 0.25473322427065537 0.2616795201773772 0.268625816084099 0.2755721119908327 0.2825184078975545 0.28946470380427636 0.29641099971099816 0.30000001192092896 0.30000001192092896 0.30000001192092896 0.30000001192092896 0.30000001192092896 0.30000001192092896
0.09494446809378146 0.09494446809378146 0.09494446809378146 0.09494446809378146 0.09494446809378146 0.09494446809378146 0.09494446809378146 0.09494446809378146 0.09494446809378146 0.09494446809378146 0.09494446809378146 0.09494446809378146 0.09494446809378146 0.09494446809378146 0.09494446809378146 0.09824804957641359 0.10508323437037753 0.11191841916434148 0.11875360395830542 0.12558878875226936 0.1324239735462333 0.13925915834019725 0.1460943431341612 0.15292952792812514 0.1597647127220891 0.16659989751605303 0.17343508231001697 0.18027026710398092 0.18710545189795652 0.19394063669192046 0.2007758214858844 0.20761100627984835 0.2144461910738123 0.22128137586777624 0.2281165606617402 0.23495174545570413 0.24178693024966808 0.24862211504363202 0.25545729983759596 0.2622924846315599 0.26912766942552385 0.27596285421949945 0.2827980390134634 0.28963322380742734 0.2964684086013913 0.30000001192092896 0.30000001192092896 0.30000001192092896 0.30000001192092896 0.30000001192092896 0.30000001192092896
0.09827780147665155 0.09827780147665155 0.09827780147665155 0.09827780147665155 0.09827780147665155 0.09827780147665155 0.09827780147665155 0.09827780147665155 0.09827780147665155 0.09827780147665155 0.09827780147665155 0.09827780147665155 0.09827780147665155 0.09827780147665155 0.09827780147665155 0.1015276807367855 0.10825175441799158 0.11497582809919764 0.12169990178040371 0.12842397546160977 0.13514804914281583 0.1418721228240219 0.14859619650522798 0.15532027018643405 0.1620443438676401 0.1687684175488462 0.17549249123005223 0.18221656491125832 0.18894063859247584 0.19566471227368193 0.20238878595488796 0.20911285963609405 0.2158369333173001 0.22256100699850617 0.22928508067971223 0.23600915436091832 0.24273322804212438 0.24945730172333044 0.2561813754045365 0.26290544908574254 0.2696295227669486 0.27635359644816615 0.28307767012937224 0.2898017438105783 0.2965258174917844 0.30000001192092896 0.30000001192092896 0.30000001192092896 0.30000001192092896 0.30000001192092896 0.30000001192092896
0.10077961174237045 0.10072590729672565 0.10067220285108076 0.10061849840543598 0.10056479395979119 0.1005110895141464 0.1004573850685016 0.10040368062285682 0.10034997617721203 0.10029627173156723 0.10024256728592244 0.10018886284027766 0.10013515839463286 0.10008145394898807 0.10002774950334328 0.10322213496016958 0.10988880197426247 0.11655546898835535 0.12322213600244823 0.12988880301654113 0.136555470030634 0.1432221370447269 0.14988880405881977 0.15655547107291265 0.16322213808700553 0.16988880510109844 0.17655547211519132 0.1832221391292842 0.18988880614338843 0.19655547315748134 0.20322214017157422 0.2098888071856671 0.21655547419975998 0.22322214121385286 0.22988880822794577 0.23655547524203865 0.24322214225613153 0.24988880927022442 0.2565554762843173 0.2632221432984102 0.26988881031250306 0.27655547732660735 0.2832221443407002 0.28988881135479305 0.29655547836888596 0.3000259683513483 0.3000796727929918 0.3001333772346353 0.3001870816762788 0.30024078611792226 0.3002944905595658
0.10239257621124082 0.10222776065283815 0.1020629450944352 0.10189812953603253 0.10173331397762986 0.10156849841922719 0.10140368286082452 0.10123886730242185 0.10107405174401918 0.10090923618561652 0.10074442062721385 0.10057960506881118 0.10041478951040851 0.10024997395200584 0.10008515839360317 0.10322213496016958 0.10988880197426247 0.11655546898835535 0.12322213600244823 0.12988880301654113 0.136555470030634 0.1432221370447269 0.14988880405881977 0.15655547107291265 0.16322213808700553 0.16988880510109844 0.17655547211519132 0.1832221391292842 0.18988880614338843 0.19655547315748134 0.20322214017157422 0.2098888071856671 0.21655547419975998 0.22322214121385286 0.22988880822794577 0.23655547524203865 0.24322214225613153 0.24988880927022442 0.2565554762843173 0.2632221432984102 0.26988881031250306 0.27655547732660735 0.2832221443407002 0.28988881135479305 0.29655547836888596 0.30007967056971196 0.3002444861158349 0.30040930166195784 0.3005741172080808 0.30073893275420377 0.30090374830032673
0.10400554068011118 0.10372961400895064 0.10345368733778962 0.10317776066662908 0.10290183399546853 0.10262590732430799 0.10234998065314743 0.10207405398198689 0.10179812731082635 0.1015222006396658 0.10124627396850526 0.1009703472973447 0.10069442062618417 0.10041849395502361 0.10014256728386307 0.10322213496016958 0.10988880197426247 0.11655546898835535 0.12322213600244823 0.12988880301654113 0.136555470030634 0.1432221370447269 0.14988880405881977 0.15655547107291265 0.16322213808700553 0.16988880510109844 0.17655547211519132 0.1832221391292842 0.18988880614338843 0.19655547315748134 0.20322214017157422 0.2098888071856671 0.21655547419975998 0.22322214121385286 0.22988880822794577 0.23655547524203865 0.24322214225613153 0.24988880927022442 0.2565554762843173 0.2632221432984102 0.26988881031250306 0.27655547732660735 0.2832221443407002 0.28988881135479305 0.29655547836888596 0.3001333727880756 0.300409299438678 0.3006852260892804 0.30096115273988283 0.3012370793904852 0.30151300604108766
0.10561850514898155 0.10523146736506313 0.10484442958114404 0.10445739179722562 0.10407035401330719 0.10368331622938877 0.10329627844547035 0.10290924066155192 0.1025222028776335 0.10213516509371508 0.10174812730979665 0.10136108952587823 0.10097405174195981 0.10058701395804139 0.10019997617412296 0.10322213496016958 0.10988880197426247 0.11655546898835535 0.12322213600244823 0.12988880301654113 0.136555470030634 0.1432221370447269 0.14988880405881977 0.15655547107291265 0.16322213808700553 0.16988880510109844 0.17655547211519132 0.1832221391292842 0.18988880614338843 0.19655547315748134 0.20322214017157422 0.2098888071856671 0.21655547419975998 0.22322214121385286 0.22988880822794577 0.23655547524203865 0.24322214225613153 0.24988880927022442 0.2565554762843173 0.2632221432984102 0.26988881031250306 0.27655547732660735 0.2832221443407002 0.28988881135479305 0.29655547836888596 0.30018707500643926 0.30057411276152113 0.300961150516603 0.30134818827168486 0.3017352260267667 0.30212226378184853
0.10723146961785192 0.10673332072117563 0.10623517182449847 0.10573702292782217 0.10523887403114587 0.10474072513446957 0.10424257623779326 0.10374442734111697 0.10324627844444066 0.10274812954776437 0.10224998065108806 0.10175183175441177 0.10125368285773546 0.10075553396105916 0.10025738506438286 0.10322213496016958 0.10988880197426247 0.11655546898835535 0.12322213600244823 0.12988880301654113 0.136555470030634 0.1432221370447269 0.14988880405881977 0.15655547107291265 0.16322213808700553 0.16988880510109844 0.17655547211519132 0.1832221391292842 0.18988880614338843 0.19655547315748134 0.20322214017157422 0.2098888071856671 0.21655547419975998 0.22322214121385286 0.22988880822794577 0.23655547524203865 0.24322214225613153 0.24988880927022442 0.2565554762843173 0.2632221432984102 0.26988881031250306 0.27655547732660735 0.2832221443407002 0.28988881135479305 0.29655547836888596 0.3002407772248029 0.3007389260843642 0.30123707494392554 0.30173522380348683 0.30223337266304817 0.3027315215226095
0.1088444340867223 0.10823517407728811 0.1076259140678529 0.10701665405841872 0.10640739404898454 0.10579813403955036 0.10518887403011619 0.104579614020682 0.10397035401124782 0.10336109400181365 0.10275183399237947 0.1021425739829453 0.10153331397351112 0.10092405396407694 0.10031479395464275 0.10322213496016958 0.10988880197426247 0.11655546898835535 0.12322213600244823 0.12988880301654113 0.136555470030634 0.1432221370447269 0.14988880405881977 0.15655547107291265 0.16322213808700553 0.16988880510109844 0.17655547211519132 0.1832221391292842 0.18988880614338843 0.19655547315748134 0.20322214017157422 0.2098888071856671 0.21655547419975998 0.22322214121385286 0.22988880822794577 0.23655547524203865 0.24322214225613153 0.24988880927022442 0.2565554762843173 0.2632221432984102 0.26988881031250306 0.27655547732660735 0.2832221443407002 0.28988881135479305 0.29655547836888596 0.30029447944316656 0.3009037394072073 0.3015129993712481 0.30212225933528886 0.3027315192993296 0.3033407792633704
0.11045739855559267 0.10973702743340061 0.10901665631120733 0.10829628518901527 0.10757591406682321 0.10685554294463115 0.1061351718224391 0.10541480070024704 0.10469442957805498 0.10397405845586294 0.10325368733367088 0.10253331621147882 0.10181294508928676 0.1010925739670947 0.10037220284490266 0.10322213496016958 0.10988880197426247 0.11655546898835535 0.12322213600244823 0.12988880301654113 0.136555470030634 0.1432221370447269 0.14988880405881977 0.15655547107291265 0.16322213808700553 0.16988880510109844 0.17655547211519132 0.1832221391292842 0.18988880614338843 0.19655547315748134 0.20322214017157422 0.2098888071856671 0.21655547419975998 0.22322214121385286 0.22988880822794577 0.23655547524203865 0.24322214225613153 0.24988880927022442 0.2565554762843173 0.2632221432984102 0.26988881031250306 0.27655547732660735 0.2832221443407002 0.28988881135479305 0.29655547836888596 0.3003481816615302 0.30106855273005045 0.30178892379857064 0.3025092948670909 0.3032296659356111 0.30395003700413137
0.11207036302446441 0.11123888078951438 0.11040739855456294 0.10957591631961291 0.10874443408466287 0.10791295184971285 0.10708146961476282 0.1062499873798128 0.10541850514486277 0.10458702290991273 0.1037555406749627 0.10292405844001268 0.10209257620506265 0.10126109397011263 0.1004296117351626 0.10322213496016958 0.10988880197426247 0.11655546898835535 0.12322213600244823 0.12988880301654113 0.136555470030634 0.1432221370447269 0.14988880405881977 0.15655547107291265 0.16322213808700553 0.16988880510109844 0.17655547211519132 0.1832221391292842 0.18988880614338843 0.19655547315748134 0.20322214017157422 0.2098888071856671 0.21655547419975998 0.22322214121385286 0.22988880822794577 0.23655547524203865 0.24322214225613153 0.24988880927022442 0.2565554762843173 0.2632221432984102 0.26988881031250306 0.27655547732660735 0.2832221443407002 0.28988881135479305 0.29655547836888596 0.3004018838798939 0.3012333660528937 0.30206484822589347 0.30289633039889324 0.303727812571893 0.3045592947448928
0.11368332749333478 0.11274073414562687 0.11179814079791736 0.11085554745020945 0.10991295410250154 0.10897036075479363 0.10802776740708574 0.10708517405937783 0.10614258071166992 0.10519998736396202 0.10425739401625411 0.1033148006685462 0.1023722073208383 0.1014296139731304 0.10048702062542249 0.10322213496016958 0.10988880197426247 0.11655546898835535 0.12322213600244823 0.12988880301654113 0.136555470030634 0.1432221370447269 0.14988880405881977 0.15655547107291265 0.16322213808700553 0.16988880510109844 0.17655547211519132 0.1832221391292842 0.18988880614338843 0.19655547315748134 0.20322214017157422 0.2098888071856671 0.21655547419975998 0.22322214121385286 0.22988880822794577 0.23655547524203865 0.24322214225613153 0.24988880927022442 0.2565554762843173 0.2632221432984102 0.26988881031250306 0.27655547732660735 0.2832221443407002 0.28988881135479305 0.29655547836888596 0.30045558609825757 0.3013981793757368 0.302340772653216 0.30328336593069527 0.30422595920817447 0.3051685524856537
0.11529629196220514 0.11424258750173936 0.11318888304127178 0.112135178580806 0.11108147412034022 0.11002776965987443 0.10897406519940865 0.10792036073894287 0.10686665627847708 0.1058129518180113 0.10475924735754552 0.10370554289707973 0.10265183843661395 0.10159813397614817 0.10054442951568238 0.10322213496016958 0.10988880197426247 0.11655546898835535 0.12322213600244823 0.12988880301654113 0.136555470030634 0.1432221370447269 0.14988880405881977 0.15655547107291265 0.16322213808700553 0.16988880510109844 0.17655547211519132 0.1832221391292842 0.18988880614338843 0.19655547315748134 0.20322214017157422 0.2098888071856671 0.21655547419975998 0.22322214121385286 0.22988880822794577 0.23655547524203865 0.24322214225613153 0.24988880927022442 0.2565554762843173 0.2632221432984102 0.26988881031250306 0.27655547732660735 0.2832221443407002 0.28988881135479305 0.29655547836888596 0.3005092883166212 0.3015629926985799 0.30261669708053857 0.30367040146249724 0.304724105844456 0.30577781022641465
0.11690925643107553 0.11574444085785188 0.11457962528462623 0.11341480971140255 0.1122499941381789 0.11108517856495523 0.10992036299173158 0.10875554741850792 0.10759073184528425 0.10642591627206059 0.10526110069883693 0.10409628512561327 0.1029314695523896 0.10176665397916594 0.10060183840594228 0.10322213496016958 0.10988880197426247 0.11655546898835535 0.12322213600244823 0.12988880301654113 0.136555470030634 0.1432221370447269 0.14988880405881977 0.15655547107291265 0.16322213808700553 0.16988880510109844 0.17655547211519132 0.1832221391292842 0.18988880614338843 0.19655547315748134 0.20322214017157422 0.2098888071856671 0.21655547419975998 0.22322214121385286 0.22988880822794577 0.23655547524203865 0.24322214225613153 0.24988880927022442 0.2565554762843173 0.2632221432984102 0.26988881031250306 0.27655547732660735 0.2832221443407002 0.28988881135479305 0.29655547836888596 0.30056299053498486 0.301727806021423 0.30289262150786117 0.30405743699429927 0.3052222524807374 0.3063870679671756
0.11852222089994588 0.11724629421396435 0.11597036752798064 0.11469444084199909 0.11341851415601756 0.11214258747003603 0.11086666078405448 0.10959073409807293 0.1083148074120914 0.10703888072610987 0.10576295404012832 0.10448702735414679 0.10321110066816525 0.10193517398218371 0.10065924729620218 0.10322213496016958 0.10988880197426247 0.11655546898835535 0.12322213600244823 0.12988880301654113 0.136555470030634 0.1432221370447269 0.14988880405881977 0.15655547107291265 0.16322213808700553 0.16988880510109844 0.17655547211519132 0.1832221391292842 0.18988880614338843 0.19655547315748134 0.20322214017157422 0.2098888071856671 0.21655547419975998 0.22322214121385286 0.22988880822794577 0.23655547524203865 0.24322214225613153 0.24988880927022442 0.2565554762843173 0.2632221432984102 0.26988881031250306 0.27655547732660735 0.2832221443407002 0.28988881135479305 0.29655547836888596 0.3006166927533485 0.3018926193442661 0.3031685459351837 0.3044444725261013 0.30572039911701887 0.3069963257079365
0.12013518536881626 0.11874814757007685 0.11736110977133507 0.11597407197259565 0.11458703417385624 0.11319999637511682 0.11181295857637741 0.11042592077763798 0.10903888297889858 0.10765184518015915 0.10626480738141973 0.10487776958268032 0.1034907317839409 0.10210369398520149 0.10071665618646207 0.10322213496016958 0.10988880197426247 0.11655546898835535 0.12322213600244823 0.12988880301654113 0.136555470030634 0.1432221370447269 0.14988880405881977 0.15655547107291265 0.16322213808700553 0.16988880510109844 0.17655547211519132 0.1832221391292842 0.18988880614338843 0.19655547315748134 0.20322214017157422 0.2098888071856671 0.21655547419975998 0.22322214121385286 0.22988880822794577 0.23655547524203865 0.24322214225613153 0.24988880927022442 0.2565554762843173 0.2632221432984102 0.26988881031250306 0.27655547732660735 0.2832221443407002 0.28988881135479305 0.29655547836888596 0.30067039497171216 0.3020574326671092 0.30344447036250627 0.3048315080579033 0.3062185457533004 0.30760558344869743
