Figures/CREST_Example_wjb_NSE/Rolling_result/20100722/raw_forecast_backup/ens_1/wjb.rain.20100727.asc
ncols            288
nrows            254
xllcorner        113.274861
yllcorner        31.4918055
cellsize         0.008333333333
NODATA_value     -9999
[rows 100 to 119 of 254, columns 180 to 224 of 288]
2.6294379413612656 2.5591805261817226 2.4889231110020593 2.418665695822516 2.348408280642973 2.2781508654634295 2.207893450283886 2.137636035104343 2.0673786199247997 1.9971212047452567 1.9268637895657132 1.85660637438617 1.7863489592066266 1.7160915440270834 1.6458341288475402 1.575576713667877 1.505319298488334 1.4350618833087905 1.3648044681292473 1.294547052949704 1.2242896377701609 1.1540322225906174 1.0837748074110742 1.013517392231531 0.9432599770519876 0.8730025618724446 0.8027451466929012 0.7625573963747209 0.7545147982451138 0.7464722001155205 0.7384296019859272 0.7303870038563339 0.7223444057267406 0.7143018075971475 0.7062592094675542 0.6982166113379609 0.6901740132083676 0.6821314150787743 0.674088816949181 0.6660462188195877 0.6580036206899944 0.6499610225603875 0.6419184244307942 0.6338758263012009 0.6258332281716076
2.675180550280213 2.6037009128851683 2.5322212754900018 2.4607416380949574 2.3892620006999126 2.3177823633048678 2.246302725909823 2.1748230885147786 2.1033434511197338 2.031863813724689 1.9603841763296446 1.8889045389346 1.8174249015395552 1.7459452641445106 1.674465626749466 1.6029859893542993 1.5315063519592547 1.46002671456421 1.3885470771691653 1.3170674397741207 1.245587802379076 1.1741081649840313 1.1026285275889867 1.031148890193942 0.9596692527988973 0.8881896154038529 0.8167099780088081 0.7755148143475141 0.7666944384203223 0.7578740624931454 0.7490536865659685 0.7402333106387916 0.7314129347116148 0.722592558784438 0.7137721828572611 0.7049518069300842 0.6961314310029074 0.6873110550757305 0.6784906791485537 0.6696703032213769 0.6608499272942 0.6520295513670081 0.6432091754398312 0.6343887995126544 0.6255684235854775
2.7209231591991605 2.6482212995886143 2.5755194399779446 2.5028175803673984 2.4301157207568522 2.3574138611463065 2.2847120015357603 2.212010141925214 2.1393082823146683 2.066606422704122 1.9939045630935759 1.92120270348303 1.848500843872484 1.775798984261938 1.703097124651392 1.6303952650407219 1.5576934054301759 1.4849915458196297 1.4122896862090837 1.3395878265985377 1.2668859669879915 1.1941841073774455 1.1214822477668995 1.0487803881563535 0.9760785285458073 0.9033766689352616 0.8306748093247154 0.7884722323203074 0.7788740785955306 0.7692759248707701 0.7596777711460098 0.7500796174212494 0.7404814636964889 0.7308833099717286 0.7212851562469681 0.7116870025222077 0.7020888487974473 0.6924906950726869 0.6828925413479264 0.6732943876231661 0.6636962338984056 0.6540980801736289 0.6444999264488684 0.634901772724108 0.6253036189993476
2.7633289235363914 2.689834477389671 2.6163400312428258 2.5428455850961056 2.4693511389493854 2.3958566928026652 2.3223622466559455 2.2488678005092253 2.175373354362505 2.101878908215785 2.0283844620690648 1.9548900159223446 1.8813955697756244 1.8079011236289044 1.7344066774821842 1.6609122313353388 1.5874177851886186 1.5139233390418985 1.4404288928951783 1.3669344467484583 1.2934400006017381 1.219945554455018 1.1464511083082978 1.0729566621615778 0.9994622160148574 0.9259677698681372 0.8524733237214175 0.8095112739706676 0.7991890468902161 0.7888668198097822 0.7785445927293483 0.7682223656489144 0.7579001385684805 0.7475779114880466 0.7372556844076128 0.7269334573271788 0.716611230246745 0.706289003166311 0.6959667760858772 0.6856445490054432 0.6753223219250094 0.6650000948445579 0.6546778677641241 0.6443556406836901 0.6340334136032563
2.8021678113893707 2.7283400321610083 2.65451225293252 2.580684473704157 2.506856694475794 2.433028915247432 2.359201136019069 2.285373356790706 2.211545577562344 2.137717798333981 2.063890019105618 1.9900622398772556 1.916234460648893 1.8424066814205302 1.7685789021921676 1.6947511229636791 1.6209233437353163 1.5470955645069537 1.4732677852785911 1.3994400060502283 1.3256122268218657 1.2517844475935032 1.1779566683651403 1.1041288891367778 1.030301109908415 0.9564733306800526 0.8826455514516898 0.8391890618209662 0.8282001680474095 0.8172112742738715 0.8062223805003335 0.7952334867267955 0.7842445929532575 0.7732556991797195 0.7622668054061815 0.7512779116326435 0.7402890178591055 0.7293001240855675 0.7183112303120295 0.7073223365384915 0.6963334427649536 0.6853445489913967 0.6743556552178588 0.6633667614443208 0.6523778676707828
2.841006699242383 2.7668455869323774 2.6926844746222454 2.6185233623122404 2.5443622500022345 2.470201137692229 2.3960400253822236 2.321878913072218 2.2477178007622127 2.1735566884522073 2.099395576142202 2.0252344638321964 1.951073351522191 1.8769122392121855 1.80275112690218 1.728590014592048 1.6544289022820426 1.5802677899720372 1.5061066776620318 1.4319455653520263 1.357784453042021 1.2836233407320154 1.20946222842201 1.1353011161120046 1.0611400038019991 0.9869788914919937 0.9128177791819883 0.8688668496712904 0.8572112892046277 0.8455557287379851 0.8339001682713424 0.8222446078046998 0.810589047338057 0.7989334868714144 0.7872779264047717 0.775622365938129 0.7639668054714863 0.7523112450048437 0.740655684538201 0.7290001240715582 0.7173445636049156 0.705689003138253 0.6940334426716104 0.6823778822049678 0.670722321738325
2.879845587095362 2.8053511417037145 2.7308566963119394 2.6563622509202913 2.5818678055286433 2.507373360136995 2.4328789147453476 2.3583844693536995 2.2838900239620514 2.2093955785704034 2.1349011331787553 2.0604066877871077 1.9859122423954594 1.9114177970038115 1.8369233516121635 1.7624289062203884 1.6879344608287405 1.6134400154370925 1.5389455700454444 1.4644511246537966 1.3899566792621485 1.3154622338705004 1.2409677884788526 1.1664733430872045 1.0919788976955567 1.0174844523039086 0.9429900069122605 0.8985446375215891 0.8862224103618213 0.8739001832020745 0.8615779560423277 0.8492557288825809 0.8369335017228341 0.8246112745630874 0.8122890474033405 0.7999668202435938 0.7876445930838469 0.7753223659241002 0.7630001387643534 0.7506779116046066 0.7383556844448598 0.7260334572850919 0.7137112301253452 0.7013890029655985 0.6890667758058516
2.918684474948342 2.843856696475051 2.769028918001633 2.6942011395283423 2.619373361055052 2.5445455825817613 2.4697178041084706 2.3948900256351804 2.3200622471618897 2.245234468688599 2.1704066902153087 2.0955789117420185 2.0207511332687274 1.945923354795437 1.8710955763221466 1.7962677978487285 1.721440019375438 1.6466122409021473 1.5717844624288568 1.4969566839555664 1.4221289054822759 1.3473011270089852 1.2724733485356947 1.1976455700624042 1.1228177915891138 1.047990013115823 0.9731622346425328 0.9282224253718877 0.9152335315190147 0.9022446376661638 0.8892557438133128 0.876266849960462 0.863277956107611 0.8502890622547602 0.8373001684019092 0.8243112745490584 0.8113223806962074 0.7983334868433566 0.7853445929905056 0.7723556991376548 0.7593668052848038 0.7463779114319308 0.7333890175790799 0.720400123726229 0.7074112298733781
2.9575233628013207 2.882362251246388 2.807201139691326 2.7320400281363932 2.6568789165814604 2.581717805026527 2.506556693471594 2.431395581916661 2.356234470361728 2.281073358806795 2.205912247251862 2.130751135696929 2.0555900241419955 1.9804289125870629 1.9052678010321298 1.8301066894770686 1.7549455779221355 1.6797844663672026 1.6046233548122695 1.5294622432573364 1.4543011317024033 1.3791400201474704 1.3039789085925373 1.2288177970376042 1.1536566854826713 1.078495573927738 1.003334462372805 0.9579002132221864 0.9442446526762082 0.9305890921302531 0.9169335315842981 0.9032779710383432 0.8896224104923881 0.8759668499464331 0.8623112894004781 0.8486557288545231 0.835000168308568 0.8213446077626131 0.807689047216658 0.7940334866707031 0.7803779261247481 0.7667223655787697 0.7530668050328148 0.7394112444868597 0.7257556839409047
2.9963622506542995 2.920867806017724 2.8453733613810197 2.769878916744444 2.6943844721078687 2.618890027471293 2.5433955828347177 2.467901138198142 2.392406693561566 2.3169122489249907 2.241417804288415 2.1659233596518397 2.090428915015264 2.0149344703786882 1.939440025742113 1.8639455811054086 1.7884511364688331 1.7129566918322576 1.637462247195682 1.5619678025591064 1.4864733579225309 1.4109789132859554 1.3354844686493796 1.2599900240128041 1.1844955793762284 1.109001134739653 1.0335066901030774 0.9875780010724852 0.9732557738334017 0.9589335465943425 0.9446113193552834 0.9302890921162242 0.9159668648771652 0.901644637638106 0.8873224103990469 0.8730001831599878 0.8586779559209287 0.8443557286818695 0.8300335014428104 0.8157112742037513 0.8013890469646922 0.7870668197256085 0.7727445924865495 0.7584223652474904 0.7441001380084312
3.035201138507279 2.959373360789061 2.8835455830707133 2.8077178053524956 2.7318900276342775 2.6560622499160593 2.580234472197841 2.504406694479623 2.428578916761405 2.3527511390431872 2.276923361324969 2.201095583606751 2.125267805888533 2.0494400281703147 1.9736122504520965 1.8977844727337492 1.8219566950155313 1.7461289172973131 1.670301139579095 1.5944733618608768 1.518645584142659 1.4428178064244408 1.3669900287062227 1.2911622509880045 1.2153344732697864 1.1395066955515687 1.0636789178333506 1.017255788922784 1.002266894990595 0.9872780010584319 0.9722891071262687 0.9573002131941054 0.9423113192619422 0.9273224253297789 0.9123335313976157 0.8973446374654526 0.8823557435332893 0.867366849601126 0.8523779556689628 0.8373890617367996 0.8224001678046363 0.8074112738724475 0.7924223799402843 0.7774334860081211 0.7624445920759578
3.074040026360291 2.99787891556043 2.9217178047604393 2.8455566939605785 2.7693955831607178 2.6932344723608566 2.617073361560996 2.540912250761135 2.4647511399612743 2.3885900291614135 2.3124289183615523 2.2362678075616915 2.1601066967618303 2.0839455859619695 2.007784475162109 1.9316233643621181 1.8554622535622571 1.7793011427623964 1.7031400319625354 1.6269789211626746 1.5508178103628136 1.4746566995629526 1.3984955887630919 1.322334477963231 1.2461733671633701 1.1700122563635094 1.0938511455636482 1.046933576773108 1.0312780161478134 1.0156224555225455 0.9999668948972775 0.9843113342720096 0.9686557736467417 0.9530002130214738 0.9373446523962059 0.9216890917709379 0.90603353114567 0.8903779705204021 0.8747224098951342 0.8590668492698663 0.8434112886445984 0.8277557280193037 0.8121001673940358 0.7964446067687679 0.7807890461435
3.1128789142132707 3.0363844703317673 2.9598900264501333 2.88339558256863 2.8069011386871265 2.730406694805623 2.6539122509241198 2.5774178070426164 2.500923363161113 2.424428919279609 2.347934475398106 2.2714400315166023 2.194945587635099 2.1184511437535956 2.041956699872092 1.9654622559904584 1.888967812108955 1.8124733682274514 1.735978924345948 1.6594844804644446 1.5829900365829412 1.5064955927014378 1.4300011488199345 1.353506704938431 1.2770122610569277 1.2005178171754243 1.1240233732939209 1.0766113646234068 1.060289137305007 1.0439669099866349 1.0276446826682628 1.0113224553498907 0.9950002280315188 0.9786780007131467 0.9623557733947747 0.9460335460764027 0.9297113187580306 0.9133890914396586 0.8970668641212866 0.8807446368029146 0.8644224094845425 0.8481001821661427 0.8317779548477706 0.8154557275293985 0.7991335002110266
3.15171780206625 3.074890025103104 2.998062248139827 2.921234471176681 2.844406694213535 2.767578917250389 2.6907511402872433 2.6139233633240972 2.5370955863609512 2.460267809397805 2.3834400324346596 2.3066122554715136 2.2297844785083676 2.1529567015452216 2.0761289245820755 1.9993011476187987 1.9224733706556527 1.8456455936925067 1.768817816729361 1.6919900397662149 1.6151622628030688 1.538334485839923 1.461506708876777 1.3846789319136312 1.3078511549504852 1.2310233779873392 1.1541956010241932 1.1062891524737055 1.0893002584622002 1.0723113644507243 1.055322470439248 1.038333576427772 1.0213446824162957 1.0043557884048195 0.9873668943933435 0.9703780003818674 0.9533891063703912 0.936400212358915 0.9194113183474389 0.9024224243359629 0.8854335303244867 0.8684446363129815 0.8514557423015054 0.8344668482900293 0.8174779542785531
3.190556689919229 3.11339557987444 3.0362344698295205 2.959073359784732 2.881912249739943 2.804751139695155 2.7275900296503663 2.650428919605578 2.5732678095607895 2.496106699516001 2.4189455894712126 2.3417844794264244 2.2646233693816358 2.187462259336847 2.1103011492920585 2.033140039247139 1.9559789292023502 1.8788178191575617 1.8016567091127733 1.7244955990679849 1.6473344890231965 1.570173378978408 1.4930122689336196 1.415851158888831 1.3386900488440427 1.261528938799254 1.184367828754466 1.1359669403240042 1.1183113796193938 1.1006558189148137 1.0830002582102334 1.065344697505653 1.0476891368010728 1.0300335760964927 1.0123780153919124 0.9947224546873321 0.9770668939827518 0.9594113332781716 0.9417557725735913 0.9241002118690111 0.9064446511644308 0.8887890904598205 0.8711335297552403 0.85347796905066 0.8358224083460797
3.229395577772208 3.1519011346457773 3.074406691519214 2.996912248392783 2.919417805266352 2.841923362139921 2.76442891901349 2.686934475887059 2.609440032760628 2.531945589634197 2.454451146507766 2.3769567033813352 2.299462260254904 2.221967817128473 2.1444733740020423 2.066978930875479 1.989484487749048 1.911990044622617 1.834495601496186 1.7570011583697551 1.679506715243324 1.602012272116893 1.5245178289904622 1.4470233858640311 1.3695289427376003 1.292034499611169 1.2145400564847382 1.165644728174303 1.1473225007765873 1.129000273378903 1.1106780459812187 1.0923558185835343 1.0740335911858498 1.0557113637881654 1.0373891363904812 1.0190669089927968 1.0007446815951124 0.9824224541974281 0.9641002267997437 0.9457779994020594 0.927455772004375 0.9091335446066594 0.8908113172089751 0.8724890898112907 0.8541668624136063
3.268234465625187 3.1904066894171135 3.1125789132089072 3.0347511370008338 2.9569233607927603 2.879095584584687 2.8012678083766134 2.72344003216854 2.6456122559604665 2.567784479752393 2.489956703544319 2.412128927336246 2.334301151128172 2.256473374920099 2.1786455987120252 2.100817822503819 2.0229900462957455 1.945162270087672 1.8673344938795986 1.7895067176715251 1.7116789414634517 1.6338511652553782 1.5560233890473045 1.4781956128392313 1.4003678366311574 1.322540060423084 1.2447122842150105 1.1953225160246017 1.1763336219337808 1.1573447278429925 1.138355833752204 1.1193669396614154 1.100378045570627 1.0813891514798384 1.06240025738905 1.0434113632982616 1.024422469207473 1.0054335751166845 0.9864446810258961 0.9674557869351076 0.9484668928443192 0.9294779987534982 0.9104891046627098 0.8915002105719214 0.8725113164811329
3.3070733534781667 3.2289122441884506 3.1507511348986013 3.072590025608885 2.994428916319169 2.916267807029453 2.838106697739737 2.759945588450021 2.6817844791603047 2.603623369870589 2.525462260580873 2.447301151291157 2.369140042001441 2.2909789327117247 2.212817823422009 2.1346567141321593 2.0564956048424436 1.9783344955527273 1.9001733862630112 1.8220122769732954 1.7438511676835793 1.6656900583938632 1.587528949104147 1.509367839814431 1.431206730524715 1.3530456212349993 1.2748845119452832 1.2250003038749004 1.2053447430909743 1.1856891823070819 1.1660336215231892 1.1463780607392966 1.126722499955404 1.1070669391715113 1.087411378387619 1.0677558176037263 1.0481002568198337 1.028444696035941 1.0087891352520484 0.9891335744681559 0.9694780136842633 0.9498224529003372 0.9301668921164445 0.910511331332552 0.8908557705486595
3.3459122413311784 3.2674177989598197 3.1889233565883273 3.110428914216968 3.0319344718456094 2.9534400294742507 2.874945587102892 2.796451144731533 2.717956702360174 2.6394622599888153 2.560967817617456 2.4824733752460975 2.4039789328747387 2.3254844905033796 2.246990048132021 2.168495605760528 2.0900011633891693 2.0115067210178106 1.9330122786464516 1.854517836275093 1.776023393903734 1.6975289515323753 1.6190345091610165 1.5405400667896574 1.4620456244182987 1.38355118204694 1.3050567396755808 1.2546780917252245 1.2343558642481924 1.2140336367711952 1.193711409294198 1.1733891818172006 1.1530669543402035 1.1327447268632063 1.1124224993862089 1.0921002719092117 1.0717780444322145 1.051455816955217 1.0311335894782199 1.0108113620012227 0.9904891345242253 0.9701669070471934 0.9498446795701961 0.9295224520931988 0.9092002246162016
3.384751129184158 3.3059233537311568 3.227095578278021 3.1482678028250195 3.069440027372018 2.990612251919017 2.9117844764660155 2.832956701013014 2.7541289255600123 2.6753011501070114 2.5964733746540096 2.5176455992010087 2.438817823748007 2.359990048295006 2.2811622728420042 2.2023344973888683 2.1235067219358674 2.0446789464828656 1.9658511710298645 1.887023395576863 1.8081956201238616 1.7293678446708602 1.650540069217859 1.5717122937648575 1.4928845183118562 1.4140567428588549 1.3352289674058535 1.284355879575523 1.2633669854053857 1.2423780912352844 1.2213891970651831 1.2004003028950818 1.1794114087249803 1.158422514554879 1.1374336203847777 1.1164447262146762 1.0954558320445749 1.0744669378744736 1.053478043704372 1.0324891495342707 1.0115002553641694 0.9905113611940322 0.9695224670239309 0.9485335728538296 0.9275446786837281
