Figures/CREST_Example_wjb_NSE/Rolling_result/20100722/raw_forecast_backup/ens_1/wjb.rain.20091208.asc
ncols            288
nrows            254
xllcorner        113.274861
yllcorner        31.4918055
cellsize         0.008333333333
NODATA_value     -9999
[rows 135 to 161 of 254, columns 122 to 182 of 288]
0.0 0.0 0.0 0.0 0.0 0.0 0.0 0.0 0.0 0.0 0.0 0.0 0.0 0.0 0.0 0.0 0.0 0.0 0.0 0.0 0.0 0.0 0.0 0.0 0.0 0.0 0.0 0.0 0.0 0.0 0.0 0.0 0.0 0.0 0.0 0.0 0.0 0.0 0.0 0.0 0.0 0.0 0.0 0.0 0.0 0.0 0.0 0.0 0.0 0.0 0.0 0.0 0.0 0.0 0.0 0.0 0.0 0.0 0.0 0.0 0.0
0.0 0.0 0.0 0.0 0.0 0.0 0.0 0.0 0.0 0.0 0.0 0.0 0.0 0.0 0.0 0.0 0.0 0.0 0.0 0.0 0.0 0.0 0.0 0.0 0.0 0.0 0.0 0.0 0.0 0.0 0.0 0.0 0.0 0.0 0.0 0.0 0.0 0.0 0.0 0.0 0.0 0.0 0.0 0.0 0.0 0.0 0.0 0.0 0.0 0.0 0.0 0.0 0.0 0.0 0.0 0.0 0.0 0.0 0.0 0.0 0.0
0.0 0.0 0.0 0.0 0.0 0.0 0.0 0.0 0.0 0.0 0.0 0.0 0.0 0.0 0.0 0.0 0.0 0.0 0.0 0.0 0.0 0.0 0.0 0.0 0.0 0.0 0.0 0.0 0.0 0.0 0.0 0.0 0.0 0.0 0.0 0.0 0.0 0.0 0.0 0.0 0.0 0.0 0.0 0.0 0.0 0.0 0.0 0.0 0.0 0.0 0.0 0.0 0.0 0.0 0.0 0.0 0.0 0.0 0.0 0.0 0.0
0.0 0.0 0.0 0.0 0.0 0.0 0.0 0.0 0.0 0.0 0.0 0.0 0.0 0.0 0.0 0.0 0.0 0.0 0.0 0.0 0.0 0.0 0.0 0.0 0.0 0.0 0.0 0.0 0.0 0.0 0.0 0.0 0.0 0.0 0.0 0.0 0.0 0.0 0.0 0.0 0.0 0.0 0.0 0.0 0.0 0.0 0.0 0.0 0.0 0.0 0.0 0.0 0.0 0.0 0.0 0.0 0.0 0.0 0.0 0.0 0.0
0.0 0.0 0.0 0.0 0.0 0.0 0.0 0.0 0.0 0.0 0.0 0.0 0.0 0.0 0.0 0.0 0.0 0.0 0.0 0.0 0.0 0.0 0.0 0.0 0.0 0.0 0.0 0.0 0.0 0.0 0.0 0.0 0.0 0.0 0.0 0.0 0.0 0.0 0.0 0.0 0.0 0.0 0.0 0.0 0.0 0.0 0.0 0.0 0.0 0.0 0.0 0.0 0.0 0.0 0.0 0.0 0.0 0.0 0.0 0.0 0.0
0.0 0.0 0.0 0.0 0.0 0.0 0.0 0.0 0.0 0.0 0.0 0.0 0.0 0.0 0.0 0.0 0.0 0.0 0.0 0.0 0.0 0.0 0.0 0.0 0.0 0.0 0.0 0.0 0.0 0.0 0.0 0.0 0.0 0.0 0.0 0.0 0.0 0.0 0.0 0.0 0.0 0.0 0.0 0.0 0.0 0.0 0.0 0.0 0.0 0.0 0.0 0.0 0.0 0.0 0.0 0.0 0.0 0.0 0.0 0.0 0.0
0.0 0.0 0.0 0.0 0.0 0.0 0.0 0.0 0.0 0.0 0.0 0.0 0.0 0.0 0.0 0.0 0.0 0.0 0.0 0.0 0.0 0.0 0.0 0.0 0.0 0.0 0.0 0.0 0.0 0.0 0.0 0.0 0.0 0.0 0.0 0.0 0.0 0.0 0.0 0.0 0.0 0.0 0.0 0.0 0.0 0.0 0.0 0.0 0.0 0.0 0.0 0.0 0.0 0.0 0.0 0.0 0.0 0.0 0.0 0.0 0.0
0.0 0.0 0.0 0.0 0.0 0.0 0.0 0.0 0.0 0.0 0.0 0.0 0.0 0.0 0.0 0.0 0.0 0.0 0.0 0.0 0.0 0.0 0.0 0.0 0.0 0.0 0.0 0.0 0.0 0.0 0.0 0.0 0.0 0.0 0.0 0.0 0.0 0.0 0.0 0.0 0.0 0.0 0.0 0.0 0.0 0.0 0.0 0.0 0.0 0.0 0.0 0.0 0.0 0.0 0.0 0.0 0.0 0.0 0.0 0.0 0.0
0.0 0.0 0.0 0.0 0.0 0.0 0.0 0.0 0.0 0.0 0.0 0.0 0.0 0.0 0.0 0.0 0.0 0.0 0.0 0.0 0.0 0.0 0.0 0.0 0.0 0.0 0.0 0.0 0.0 0.0 0.0 0.0 0.0 0.0 0.0 0.0 0.0 0.0 0.0 0.0 0.0 0.0 0.0 0.0 0.0 0.0 0.0 0.0 0.0 0.0 0.0 0.0 0.0 0.0 0.0 0.0 0.0 0.0 0.0 0.0 0.0
0.0 0.0 0.0 0.0 0.0 0.0 0.0 0.0 0.0 0.0 0.0 0.0 0.0 0.0 0.0 0.0 0.0 0.0 0.0 0.0 0.0 0.0 0.0 0.0 0.0 0.0 0.0 0.0 0.0 0.0 0.0 0.0 0.0 0.0 0.0 0.0 0.0 0.0 0.0 0.0 0.0 0.0 0.0 0.0 0.0 0.0 0.0 0.0 0.0 0.0 0.0 0.0 0.0 0.0 0.0 0.0 0.0 0.0 0.0 0.0 0.0
0.0 3.7649713666588734e-05 0.00011554782268309517 0.0001934459316996016 0.000271344040716108 0.0003492421497326145 0.00042714025874912093 0.0005050383677656274 0.0005829364767822666 0.0006608345857987731 0.0007387326948152795 0.0008166308038317859 0.0008945289128482924 0.0009486267807479427 0.0009772816526072443 0.001005936524466546 0.0010345913963258474 0.0010632462681851491 0.0010919011400444506 0.0011205560119037523 0.001149210883763054 0.0011778657556224042 0.001206520627481706 0.0012351754993410076 0.001263830371200309 0.00127863577056107 0.00127863577056107 0.00127863577056107 0.00127863577056107 0.00127863577056107 0.00127863577056107 0.00127863577056107 0.00127863577056107 0.00127863577056107 0.00127863577056107 0.00127863577056107 0.00127863577056107 0.0013198479726078338 0.0014051169509017676 0.0014903859291957012 0.001575654907489635 0.0016609238857835688 0.0017461928640775024 0.0018314618423714364 0.00191673082066537 0.002001999798959304 0.0020872687772532377 0.002172537755547317 0.0022578067338412506 0.002301863510129426 0.002301863510129426 0.002301863510129426 0.002301863510129426 0.002301863510129426 0.002301863510129426 0.002301863510129426 0.002301863510129426 0.002301863510129426 0.002301863510129426 0.002301863510129426 0.002301863510129426
0.0 0.00011554459786203663 0.000354608983855303 0.0005936733698485694 0.0008327377558418358 0.0010718021418351022 0.0013108665278283684 0.0015499309138216348 0.001788995299815309 0.0020280596858085753 0.0022671240718018415 0.002506188457795108 0.0027452528437883744 0.002911275790125035 0.0029992157855016637 0.003087155780878292 0.0031750957762549208 0.0032630357716315495 0.0033509757670081783 0.003438915762384807 0.003526855757761436 0.003614795753138214 0.003702735748514843 0.0037906757438914717 0.0038786157392681005 0.003924052576596403 0.003924052576596403 0.003924052576596403 0.003924052576596403 0.003924052576596403 0.003924052576596403 0.003924052576596403 0.003924052576596403 0.003924052576596403 0.003924052576596403 0.003924052576596403 0.003924052576596403 0.004050530226723344 0.004312215345880639 0.004573900465037933 0.0048355855841952285 0.005097270703352523 0.0053589558225098175 0.005620640941667112 0.0058823260608244065 0.006144011179981701 0.0064056962991389955 0.006667381418296737 0.006929066537454032 0.007064274006610229 0.007064274006610229 0.007064274006610229 0.007064274006610229 0.007064274006610229 0.007064274006610229 0.007064274006610229 0.007064274006610229 0.007064274006610229 0.007064274006610229 0.007064274006610229 0.007064274006610229
0.0 0.00019343948205748454 0.0005936701450275109 0.0009939008079975372 0.0013941314709675636 0.0017943621339375898 0.0021945927969076163 0.0025948234598776425 0.0029950541228483513 0.0033952847858183775 0.003795515448788404 0.00419574611175843 0.004595976774728457 0.004873924799502127 0.005021149918396082 0.0051683750372900385 0.005315600156183994 0.00546282527507795 0.0056100503939719056 0.005757275512865862 0.005904500631759817 0.006051725750654024 0.0061989508695479804 0.006346175988441936 0.006493401107335891 0.006569469382631737 0.006569469382631737 0.006569469382631737 0.006569469382631737 0.006569469382631737 0.006569469382631737 0.006569469382631737 0.006569469382631737 0.006569469382631737 0.006569469382631737 0.006569469382631737 0.006569469382631737 0.006781212480838855 0.00721931374085951 0.007657415000880166 0.00809551626090082 0.008533617520921476 0.008971718780942132 0.009409820040962788 0.009847921300983444 0.0102860225610041 0.010724123821024754 0.011162225081046157 0.011600326341066813 0.011826684503091031 0.011826684503091031 0.011826684503091031 0.011826684503091031 0.011826684503091031 0.011826684503091031 0.011826684503091031 0.011826684503091031 0.011826684503091031 0.011826684503091031 0.011826684503091031 0.011826684503091031
0.0 0.0002713343662529324 0.0008327313061997186 0.001394128246146505 0.001955525186093291 0.0025169221260400772 0.0030783190659868635 0.0036397160059336497 0.004201112945881394 0.00476250988582818 0.005323906825774966 0.005885303765721752 0.006446700705668539 0.006836573808879219 0.007043084051290502 0.007249594293701785 0.007456104536113068 0.007662614778524351 0.007869125020935633 0.008075635263346917 0.008282145505758199 0.008488655748169835 0.008695165990581117 0.0089016762329924 0.009108186475403682 0.00921488618866707 0.00921488618866707 0.00921488618866707 0.00921488618866707 0.00921488618866707 0.00921488618866707 0.00921488618866707 0.00921488618866707 0.00921488618866707 0.00921488618866707 0.00921488618866707 0.00921488618866707 0.009511894734954365 0.010126412135838382 0.010740929536722399 0.011355446937606416 0.011969964338490433 0.01258448173937445 0.013198999140258467 0.013813516541142483 0.014428033942026502 0.015042551342910517 0.015657068743795584 0.0162715861446796 0.01658909499957184 0.01658909499957184 0.01658909499957184 0.01658909499957184 0.01658909499957184 0.01658909499957184 0.01658909499957184 0.01658909499957184 0.01658909499957184 0.01658909499957184 0.01658909499957184 0.01658909499957184
0.0 0.0003492292504483803 0.0010717924673719265 0.0017943556842954726 0.0025169189012190186 0.003239482118142565 0.003962045335066111 0.004684608551989657 0.005407171768914436 0.006129734985837982 0.006852298202761528 0.0075748614196850745 0.008297424636608621 0.00879922281825631 0.009065018184184922 0.009330813550113531 0.009596608916042141 0.00986240428197075 0.01012819964789936 0.010393995013827971 0.010659790379756581 0.010925585745685643 0.011191381111614255 0.011457176477542864 0.011722971843471474 0.011860302994702403 0.011860302994702403 0.011860302994702403 0.011860302994702403 0.011860302994702403 0.011860302994702403 0.011860302994702403 0.011860302994702403 0.011860302994702403 0.011860302994702403 0.011860302994702403 0.011860302994702403 0.012242576989069876 0.013033510530817253 0.013824444072564631 0.01461537761431201 0.015406311156059387 0.016197244697806763 0.016988178239554143 0.01777911178130152 0.0185700453230489 0.019360978864796277 0.020151912406545004 0.02094284594829238 0.021351505496052643 0.021351505496052643 0.021351505496052643 0.021351505496052643 0.021351505496052643 0.021351505496052643 0.021351505496052643 0.021351505496052643 0.021351505496052643 0.021351505496052643 0.021351505496052643 0.021351505496052643
0.0 0.00042712413464389464 0.0013108536285443382 0.0021945831224447817 0.0030783126163452254 0.003962042110245669 0.004845771604146113 0.005729501098046557 0.006613230591948507 0.007496960085848951 0.008380689579749395 0.009264419073649837 0.010148148567550282 0.010761871827635078 0.011086952317081065 0.011412032806527053 0.011737113295973042 0.012062193785419029 0.012387274274865016 0.012712354764311004 0.013037435253756991 0.013362515743203535 0.013687596232649523 0.01401267672209551 0.014337757211541497 0.014505719800739995 0.014505719800739995 0.014505719800739995 0.014505719800739995 0.014505719800739995 0.014505719800739995 0.014505719800739995 0.014505719800739995 0.014505719800739995 0.014505719800739995 0.014505719800739995 0.014505719800739995 0.014973259243187717 0.015940608925798606 0.016907958608409497 0.017875308291020384 0.018842657973631275 0.019810007656242162 0.020777357338853053 0.02174470702146394 0.02271205670407483 0.023679406386685718 0.02464675606929826 0.025614105751909148 0.02611391599253751 0.02611391599253751 0.02611391599253751 0.02611391599253751 0.02611391599253751 0.02611391599253751 0.02611391599253751 0.02611391599253751 0.02611391599253751 0.02611391599253751 0.02611391599253751 0.02611391599253751
0.0 0.0005050190188393425 0.001549914789716546 0.0025948105605937497 0.003639706331470953 0.004684602102348156 0.00572949787322536 0.006774393644102564 0.00781928941498155 0.008864185185858752 0.009909080956735957 0.01095397672761316 0.011998872498490363 0.01272452083701217 0.013108886449975484 0.013493252062938799 0.013877617675902114 0.014261983288865429 0.014646348901828744 0.015030714514792059 0.015415080127755373 0.015799445740719342 0.01618381135368266 0.016568176966645976 0.01695254257960929 0.01715113660677533 0.01715113660677533 0.01715113660677533 0.01715113660677533 0.01715113660677533 0.01715113660677533 0.01715113660677533 0.01715113660677533 0.01715113660677533 0.01715113660677533 0.01715113660677533 0.01715113660677533 0.017703941497303227 0.01884770732077748 0.019991473144251728 0.02113523896772598 0.02227900479120023 0.02342277061467448 0.02456653643814873 0.025710302261622978 0.02685406808509723 0.02799783390857148 0.02914159973204768 0.03028536555552193 0.030876326489018315 0.030876326489018315 0.030876326489018315 0.030876326489018315 0.030876326489018315 0.030876326489018315 0.030876326489018315 0.030876326489018315 0.030876326489018315 0.030876326489018315 0.030876326489018315 0.030876326489018315
0.0 0.0005829139030347905 0.001788975950888754 0.0029950379987427177 0.0042011000465966815 0.005407162094450644 0.006613224142304608 0.007819286190158571 0.009025348238014591 0.010231410285868556 0.011437472333722519 0.012643534381576484 0.013849596429430447 0.014687169846389262 0.015130820582869903 0.015574471319350545 0.016018122055831186 0.01646177279231183 0.01690542352879247 0.017349074265273115 0.017792725001753756 0.018236375738235153 0.018680026474715797 0.019123677211196437 0.01956732794767708 0.019796553412810662 0.019796553412810662 0.019796553412810662 0.019796553412810662 0.019796553412810662 0.019796553412810662 0.019796553412810662 0.019796553412810662 0.019796553412810662 0.019796553412810662 0.019796553412810662 0.019796553412810662 0.02043462375141874 0.02175480571575635 0.023074987680093962 0.024395169644431572 0.025715351608769185 0.027035533573106795 0.028355715537444405 0.02967589750178202 0.03099607946611963 0.03231626143045724 0.0336364433947971 0.03495662535913471 0.03563873698549912 0.03563873698549912 0.03563873698549912 0.03563873698549912 0.03563873698549912 0.03563873698549912 0.03563873698549912 0.03563873698549912 0.03563873698549912 0.03563873698549912 0.03563873698549912 0.03563873698549912
0.0 0.0006608087872302384 0.002028037112060962 0.0033952654368916858 0.0047624937617224096 0.0061297220865531325 0.007496950411383856 0.00886417873621458 0.010231407061047635 0.011598635385878358 0.012965863710709083 0.014333092035539806 0.01570032036037053 0.016649818855766354 0.017152754715764326 0.017655690575762294 0.018158626435760262 0.01866156229575823 0.0191644981557562 0.01966743401575417 0.020170369875752138 0.020673305735750963 0.021176241595748935 0.021679177455746903 0.02218211331574487 0.022441970218845995 0.022441970218845995 0.022441970218845995 0.022441970218845995 0.022441970218845995 0.022441970218845995 0.022441970218845995 0.022441970218845995 0.022441970218845995 0.022441970218845995 0.022441970218845995 0.022441970218845995 0.02316530600553425 0.02466190411073522 0.026158502215936193 0.027655100321137167 0.029151698426338142 0.030648296531539113 0.032144894636740085 0.03364149274194106 0.035138090847142034 0.036634688952343 0.03813128705754653 0.0396278851627475 0.04040114748197993 0.04040114748197993 0.04040114748197993 0.04040114748197993 0.04040114748197993 0.04040114748197993 0.04040114748197993 0.04040114748197993 0.04040114748197993 0.04040114748197993 0.04040114748197993 0.04040114748197993
0.0 0.0007387036714256864 0.00226709827323317 0.003795492875040654 0.005323887476848138 0.0068522820786556205 0.008380676680463104 0.009909071282270589 0.011437465884080678 0.012965860485888162 0.014494255087695645 0.016022649689503128 0.017551044291310613 0.018612467865143447 0.019174688848658743 0.01973690983217404 0.020299130815689334 0.020861351799204633 0.02142357278271993 0.021985793766235225 0.02254801474975052 0.023110235733266773 0.02367245671678207 0.024234677700297365 0.024796898683812664 0.02508738702488133 0.02508738702488133 0.02508738702488133 0.02508738702488133 0.02508738702488133 0.02508738702488133 0.02508738702488133 0.02508738702488133 0.02508738702488133 0.02508738702488133 0.02508738702488133 0.02508738702488133 0.02589598825964976 0.027569002505714094 0.029242016751778427 0.03091503099784276 0.03258804524390709 0.03426105948997143 0.03593407373603576 0.03760708798210009 0.03928010222816443 0.040953116474228765 0.042626130720295946 0.04429914496636028 0.04516355797846073 0.04516355797846073 0.04516355797846073 0.04516355797846073 0.04516355797846073 0.04516355797846073 0.04516355797846073 0.04516355797846073 0.04516355797846073 0.04516355797846073 0.04516355797846073 0.04516355797846073
0.0 0.000816598555621134 0.002506159434405377 0.004195720313189621 0.005885281191973864 0.007574842070758107 0.00926440294954235 0.010953963828326594 0.012643524707113718 0.014333085585897961 0.016022646464682204 0.017712207343466447 0.01940176822225069 0.020575116874520537 0.02119662298155316 0.021818129088585783 0.022439635195618406 0.02306114130265103 0.023682647409683653 0.024304153516716276 0.0249256596237489 0.025547165730782584 0.026168671837815207 0.02679017794484783 0.027411684051880453 0.027732803830916662 0.027732803830916662 0.027732803830916662 0.027732803830916662 0.027732803830916662 0.027732803830916662 0.027732803830916662 0.027732803830916662 0.027732803830916662 0.027732803830916662 0.027732803830916662 0.027732803830916662 0.02862667051376527 0.030476100900692964 0.03232553128762066 0.03417496167454835 0.03602439206147605 0.037873822448403746 0.039723252835331437 0.041572683222259134 0.043422113609186824 0.04527154399611452 0.04712097438304537 0.04897040476997307 0.04992596847494153 0.04992596847494153 0.04992596847494153 0.04992596847494153 0.04992596847494153 0.04992596847494153 0.04992596847494153 0.04992596847494153 0.04992596847494153 0.04992596847494153 0.04992596847494153 0.04992596847494153
0.0 0.0008944934398165819 0.002745220595577585 0.004595947751338588 0.006446674907099591 0.008297402062860594 0.010148129218621597 0.0119988563743826 0.013849583530146758 0.015700310685907763 0.017551037841668764 0.01940176499742977 0.02125249215319077 0.02253776588389763 0.023218557114447577 0.023899348344997528 0.02458013957554748 0.02526093080609743 0.02594172203664738 0.02662251326719733 0.02730330449774728 0.027984095728298394 0.028664886958848345 0.029345678189398296 0.030026469419948243 0.030378220636951996 0.030378220636951996 0.030378220636951996 0.030378220636951996 0.030378220636951996 0.030378220636951996 0.030378220636951996 0.030378220636951996 0.030378220636951996 0.030378220636951996 0.030378220636951996 0.030378220636951996 0.03135735276788078 0.033383199295671837 0.03540904582346289 0.03743489235125395 0.039460738879045 0.04148658540683606 0.043512431934627116 0.04553827846241817 0.04756412499020922 0.04958997151800028 0.05161581804579479 0.053641664573585844 0.054688378971422334 0.054688378971422334 0.054688378971422334 0.054688378971422334 0.054688378971422334 0.054688378971422334 0.054688378971422334 0.054688378971422334 0.054688378971422334 0.054688378971422334 0.054688378971422334 0.054688378971422334
0.0 0.0009347386103829004 0.0028687339341816613 0.004802729257980422 0.006736724581779183 0.008670719905577945 0.010604715229376706 0.012538710553175465 0.014472705876977524 0.016406701200776287 0.018340696524575047 0.020274691848373806 0.02220868717217257 0.02355178811347061 0.024263209595707096 0.02497463107794358 0.025686052560180066 0.02639747404241655 0.027108895524653037 0.02782031700688952 0.028531738489126008 0.029243159971363706 0.029954581453600193 0.030666002935836677 0.03137742441807316 0.031745001673698425 0.031745001673698425 0.031745001673698425 0.031745001673698425 0.031745001673698425 0.031745001673698425 0.031745001673698425 0.031745001673698425 0.031745001673698425 0.031745001673698425 0.031745001673698425 0.031745001673698425 0.03276818705070163 0.03488518074114695 0.03700217443159227 0.03911916812203759 0.04123616181248291 0.04335315550292823 0.045470149193373555 0.04758714288381887 0.04970413657426419 0.05182113026470951 0.05393812395515844 0.056055117645603766 0.057148925960063934 0.057148925960063934 0.057148925960063934 0.057148925960063934 0.057148925960063934 0.057148925960063934 0.057148925960063934 0.057148925960063934 0.057148925960063934 0.057148925960063934 0.057148925960063934 0.057148925960063934
0.0 0.0009347386103829004 0.0028687339341816613 0.004802729257980422 0.006736724581779183 0.008670719905577945 0.010604715229376706 0.012538710553175465 0.014472705876977524 0.016406701200776287 0.018340696524575047 0.020274691848373806 0.02220868717217257 0.02355178811347061 0.024263209595707096 0.02497463107794358 0.025686052560180066 0.02639747404241655 0.027108895524653037 0.02782031700688952 0.028531738489126008 0.029243159971363706 0.029954581453600193 0.030666002935836677 0.03137742441807316 0.031745001673698425 0.031745001673698425 0.031745001673698425 0.031745001673698425 0.031745001673698425 0.031745001673698425 0.031745001673698425 0.031745001673698425 0.031745001673698425 0.031745001673698425 0.031745001673698425 0.031745001673698425 0.03276818705070163 0.03488518074114695 0.03700217443159227 0.03911916812203759 0.04123616181248291 0.04335315550292823 0.045470149193373555 0.04758714288381887 0.04970413657426419 0.05182113026470951 0.05393812395515844 0.056055117645603766 0.057148925960063934 0.057148925960063934 0.057148925960063934 0.057148925960063934 0.057148925960063934 0.057148925960063934 0.057148925960063934 0.057148925960063934 0.057148925960063934 0.057148925960063934 0.057148925960063934 0.057148925960063934
0.0 0.0009347386103829004 0.0028687339341816613 0.004802729257980422 0.006736724581779183 0.008670719905577945 0.010604715229376706 0.012538710553175465 0.014472705876977524 0.016406701200776287 0.018340696524575047 0.020274691848373806 0.02220868717217257 0.02355178811347061 0.024263209595707096 0.02497463107794358 0.025686052560180066 0.02639747404241655 0.027108895524653037 0.02782031700688952 0.028531738489126008 0.029243159971363706 0.029954581453600193 0.030666002935836677 0.03137742441807316 0.031745001673698425 0.031745001673698425 0.031745001673698425 0.031745001673698425 0.031745001673698425 0.031745001673698425 0.031745001673698425 0.031745001673698425 0.031745001673698425 0.031745001673698425 0.031745001673698425 0.031745001673698425 0.03276818705070163 0.03488518074114695 0.03700217443159227 0.03911916812203759 0.04123616181248291 0.04335315550292823 0.045470149193373555 0.04758714288381887 0.04970413657426419 0.05182113026470951 0.05393812395515844 0.056055117645603766 0.057148925960063934 0.057148925960063934 0.057148925960063934 0.057148925960063934 0.057148925960063934 0.057148925960063934 0.057148925960063934 0.057148925960063934 0.057148925960063934 0.057148925960063934 0.057148925960063934 0.057148925960063934
0.0 0.0009347386103829004 0.0028687339341816613 0.004802729257980422 0.006736724581779183 0.008670719905577945 0.010604715229376706 0.012538710553175465 0.014472705876977524 0.016406701200776287 0.018340696524575047 0.020274691848373806 0.02220868717217257 0.02355178811347061 0.024263209595707096 0.02497463107794358 0.025686052560180066 0.02639747404241655 0.027108895524653037 0.02782031700688952 0.028531738489126008 0.029243159971363706 0.029954581453600193 0.030666002935836677 0.03137742441807316 0.031745001673698425 0.031745001673698425 0.031745001673698425 0.031745001673698425 0.031745001673698425 0.031745001673698425 0.031745001673698425 0.031745001673698425 0.031745001673698425 0.031745001673698425 0.031745001673698425 0.031745001673698425 0.03276818705070163 0.03488518074114695 0.03700217443159227 0.03911916812203759 0.04123616181248291 0.04335315550292823 0.045470149193373555 0.04758714288381887 0.04970413657426419 0.05182113026470951 0.05393812395515844 0.056055117645603766 0.057148925960063934 0.057148925960063934 0.057148925960063934 0.057148925960063934 0.057148925960063934 0.057148925960063934 0.057148925960063934 0.057148925960063934 0.057148925960063934 0.057148925960063934 0.057148925960063934 0.057148925960063934
0.0 0.0009347386103829004 0.0028687339341816613 0.004802729257980422 0.006736724581779183 0.008670719905577945 0.010604715229376706 0.012538710553175465 0.014472705876977524 0.016406701200776287 0.018340696524575047 0.020274691848373806 0.02220868717217257 0.02355178811347061 0.024263209595707096 0.02497463107794358 0.025686052560180066 0.02639747404241655 0.027108895524653037 0.02782031700688952 0.028531738489126008 0.029243159971363706 0.029954581453600193 0.030666002935836677 0.03137742441807316 0.031745001673698425 0.031745001673698425 0.031745001673698425 0.031745001673698425 0.031745001673698425 0.031745001673698425 0.031745001673698425 0.031745001673698425 0.031745001673698425 0.031745001673698425 0.031745001673698425 0.031745001673698425 0.03276818705070163 0.03488518074114695 0.03700217443159227 0.03911916812203759 0.04123616181248291 0.04335315550292823 0.045470149193373555 0.04758714288381887 0.04970413657426419 0.05182113026470951 0.05393812395515844 0.056055117645603766 0.057148925960063934 0.057148925960063934 0.057148925960063934 0.057148925960063934 0.057148925960063934 0.057148925960063934 0.057148925960063934 0.057148925960063934 0.057148925960063934 0.057148925960063934 0.057148925960063934 0.057148925960063934
