Figures/CREST_Example_wjb_NSE/Rolling_result/20100722/raw_forecast_backup/ens_1/wjb.rain.20100702.asc
ncols            288
nrows            254
xllcorner        113.274861
yllcorner        31.4918055
cellsize         0.008333333333
NODATA_value     -9999
[rows 200 to 219 of 254, columns 220 to 263 of 288]
3.74436237407878 3.6471539921625205 3.5499456102464264 3.4527372283303324 3.3555288464142383 3.2583204644981443 3.16111208258205 3.0639037006659557 2.9666953187498617 2.8694869368337677 2.7722785549176736 2.7220529272509273 2.7220529272509273 2.7220529272509273 2.7220529272509273 2.7220529272509273 2.7220529272509273 2.7220529272509273 2.7220529272509273 2.7220529272509273 2.7220529272509273 2.7220529272509273 2.7220529272509273 2.6738002256996753 2.5739642939738756 2.4741283622480763 2.3742924305222766 2.274456498796307 2.1746205670705074 2.0747846353447077 1.9749487036189084 -9999.0 -9999.0 -9999.0 -9999.0 -9999.0 -9999.0 -9999.0 -9999.0 -9999.0 -9999.0 -9999.0 -9999.0 -9999.0
3.4520817716164918 3.355943485999924 3.2598052003835205 3.1636669147671173 3.0675286291507136 2.9713903435343103 2.8752520579179066 2.7791137723015034 2.6829754866850997 2.586837201068696 2.4906989154522927 2.44102618515156 2.44102618515156 2.44102618515156 2.44102618515156 2.44102618515156 2.44102618515156 2.44102618515156 2.44102618515156 2.44102618515156 2.44102618515156 2.44102618515156 2.44102618515156 2.39050205907949 2.2859664986056547 2.181430938131819 2.0768953776579835 1.97235981718397 1.8678242567101346 1.763288696236299 -9999.0 -9999.0 -9999.0 -9999.0 -9999.0 -9999.0 -9999.0 -9999.0 -9999.0 -9999.0 -9999.0 -9999.0 -9999.0 -9999.0
3.1598011691542025 3.0647329798373275 2.9696647905206146 2.8745966012039017 2.779528411887189 2.6844602225704763 2.5893920332537634 2.4943238439370505 2.3992556546203376 2.3041874653036247 2.209119275986912 2.1599994430521923 2.1599994430521923 2.1599994430521923 2.1599994430521923 2.1599994430521923 2.1599994430521923 2.1599994430521923 2.1599994430521923 2.1599994430521923 2.1599994430521923 2.1599994430521923 2.1599994430521923 2.107203892459305 1.9979687032374334 1.8887335140155619 1.7794983247936906 1.670263135571633 1.5610279463497616 1.4517927571278904 -9999.0 -9999.0 -9999.0 -9999.0 -9999.0 -9999.0 -9999.0 -9999.0 -9999.0 -9999.0 -9999.0 -9999.0 -9999.0 -9999.0
2.8675205666919137 2.7735224736747313 2.6795243806577087 2.5855262876406866 2.4915281946236645 2.397530101606642 2.30353200858962 2.2095339155725973 2.115535822555575 2.0215377295385526 1.9275396365215305 1.8789727009528243 1.8789727009528243 1.8789727009528243 1.8789727009528243 1.8789727009528243 1.8789727009528243 1.8789727009528243 1.8789727009528243 1.8789727009528243 1.8789727009528243 1.8789727009528243 1.8789727009528243 1.8239057258391191 1.7099709078692118 1.5960360898993047 1.4821012719293973 1.368166453959296 1.2542316359893886 1.1402968180194812 1.026362000049574 -9999.0 -9999.0 -9999.0 -9999.0 -9999.0 -9999.0 -9999.0 -9999.0 -9999.0 -9999.0 -9999.0 -9999.0 -9999.0
2.5752399642295 2.48231196751201 2.389383970794679 2.296455974077348 2.2035279773600167 2.1105999806426854 2.0176719839253545 1.9247439872080232 1.8318159904906919 1.7388879937733606 1.6459599970560295 1.5979459588533367 1.5979459588533367 1.5979459588533367 1.5979459588533367 1.5979459588533367 1.5979459588533367 1.5979459588533367 1.5979459588533367 1.5979459588533367 1.5979459588533367 1.5979459588533367 1.5979459588533367 1.5406075592188129 1.4219731125008677 1.3033386657829225 1.1847042190649772 1.0660697723468298 0.9474353256288847 0.8288008789109395 -9999.0 -9999.0 -9999.0 -9999.0 -9999.0 -9999.0 -9999.0 -9999.0 -9999.0 -9999.0 -9999.0 -9999.0 -9999.0 -9999.0
2.4242302687339135 2.3318551479685268 2.2394800272032973 2.147104906438068 2.0547297856728384 1.962354664907609 1.8699795441423797 1.7776044233771502 1.685229302611921 1.5928541818466915 1.500479061081462 1.4527506828308105 1.4527506828308105 1.4527506828308105 1.4527506828308105 1.4527506828308105 1.4527506828308105 1.4527506828308105 1.4527506828308105 1.4527506828308105 1.4527506828308105 1.4527506828308105 1.4527506828308105 1.3942387290078107 1.2731761721101118 1.1521136152124132 1.0310510583147143 0.909988501416809 0.7889259445191102 -9999.0 -9999.0 -9999.0 -9999.0 -9999.0 -9999.0 -9999.0 -9999.0 -9999.0 -9999.0 -9999.0 -9999.0 -9999.0 -9999.0 -9999.0
2.4242302687339135 2.3318551479685268 2.2394800272032973 2.147104906438068 2.0547297856728384 1.962354664907609 1.8699795441423797 1.7776044233771502 1.685229302611921 1.5928541818466915 1.500479061081462 1.4527506828308105 1.4527506828308105 1.4527506828308105 1.4527506828308105 1.4527506828308105 1.4527506828308105 1.4527506828308105 1.4527506828308105 1.4527506828308105 1.4527506828308105 1.4527506828308105 1.4527506828308105 1.3942387290078107 1.2731761721101118 1.1521136152124132 1.0310510583147143 -9999.0 -9999.0 -9999.0 -9999.0 -9999.0 -9999.0 -9999.0 -9999.0 -9999.0 -9999.0 -9999.0 -9999.0 -9999.0 -9999.0 -9999.0 -9999.0 -9999.0
2.4242302687339135 2.3318551479685268 2.2394800272032973 2.147104906438068 2.0547297856728384 1.962354664907609 1.8699795441423797 1.7776044233771502 1.685229302611921 1.5928541818466915 1.500479061081462 1.4527506828308105 1.4527506828308105 1.4527506828308105 1.4527506828308105 1.4527506828308105 1.4527506828308105 1.4527506828308105 1.4527506828308105 1.4527506828308105 1.4527506828308105 1.4527506828308105 1.4527506828308105 1.3942387290078107 1.2731761721101118 1.1521136152124132 -9999.0 -9999.0 -9999.0 -9999.0 -9999.0 -9999.0 -9999.0 -9999.0 -9999.0 -9999.0 -9999.0 -9999.0 -9999.0 -9999.0 -9999.0 -9999.0 -9999.0 -9999.0
2.4242302687339135 2.3318551479685268 2.2394800272032973 2.147104906438068 2.0547297856728384 1.962354664907609 1.8699795441423797 1.7776044233771502 1.685229302611921 1.5928541818466915 1.500479061081462 1.4527506828308105 1.4527506828308105 1.4527506828308105 1.4527506828308105 1.4527506828308105 1.4527506828308105 1.4527506828308105 1.4527506828308105 1.4527506828308105 1.4527506828308105 1.4527506828308105 1.4527506828308105 1.3942387290078107 1.2731761721101118 1.1521136152124132 -9999.0 -9999.0 -9999.0 -9999.0 -9999.0 -9999.0 -9999.0 -9999.0 -9999.0 -9999.0 -9999.0 -9999.0 -9999.0 -9999.0 -9999.0 -9999.0 -9999.0 -9999.0
2.4242302687339135 2.3318551479685268 2.2394800272032973 2.147104906438068 2.0547297856728384 1.962354664907609 1.8699795441423797 1.7776044233771502 1.685229302611921 1.5928541818466915 1.500479061081462 1.4527506828308105 1.4527506828308105 1.4527506828308105 1.4527506828308105 1.4527506828308105 1.4527506828308105 1.4527506828308105 1.4527506828308105 1.4527506828308105 1.4527506828308105 1.4527506828308105 1.4527506828308105 1.3942387290078107 1.2731761721101118 1.1521136152124132 1.0310510583147143 -9999.0 -9999.0 -9999.0 -9999.0 -9999.0 -9999.0 -9999.0 -9999.0 -9999.0 -9999.0 -9999.0 -9999.0 -9999.0 -9999.0 -9999.0 -9999.0 -9999.0
2.4242302687339135 2.3318551479685268 2.2394800272032973 2.147104906438068 2.0547297856728384 1.962354664907609 1.8699795441423797 1.7776044233771502 1.685229302611921 1.5928541818466915 1.500479061081462 1.4527506828308105 1.4527506828308105 1.4527506828308105 1.4527506828308105 1.4527506828308105 1.4527506828308105 1.4527506828308105 1.4527506828308105 1.4527506828308105 1.4527506828308105 1.4527506828308105 1.4527506828308105 1.3942387290078107 1.2731761721101118 1.1521136152124132 1.0310510583147143 -9999.0 -9999.0 -9999.0 -9999.0 -9999.0 -9999.0 -9999.0 -9999.0 -9999.0 -9999.0 -9999.0 -9999.0 -9999.0 -9999.0 -9999.0 -9999.0 -9999.0
2.4242302687339135 2.3318551479685268 2.2394800272032973 2.147104906438068 2.0547297856728384 1.962354664907609 1.8699795441423797 1.7776044233771502 1.685229302611921 1.5928541818466915 1.500479061081462 1.4527506828308105 1.4527506828308105 1.4527506828308105 1.4527506828308105 1.4527506828308105 1.4527506828308105 1.4527506828308105 1.4527506828308105 1.4527506828308105 1.4527506828308105 1.4527506828308105 1.4527506828308105 1.3942387290078107 1.2731761721101118 -9999.0 -9999.0 -9999.0 -9999.0 -9999.0 -9999.0 -9999.0 -9999.0 -9999.0 -9999.0 -9999.0 -9999.0 -9999.0 -9999.0 -9999.0 -9999.0 -9999.0 -9999.0 -9999.0
2.4242302687339135 2.3318551479685268 2.2394800272032973 2.147104906438068 2.0547297856728384 1.962354664907609 1.8699795441423797 1.7776044233771502 1.685229302611921 1.5928541818466915 1.500479061081462 1.4527506828308105 1.4527506828308105 1.4527506828308105 1.4527506828308105 1.4527506828308105 1.4527506828308105 1.4527506828308105 1.4527506828308105 1.4527506828308105 1.4527506828308105 1.4527506828308105 1.4527506828308105 1.3942387290078107 -9999.0 -9999.0 -9999.0 -9999.0 -9999.0 -9999.0 -9999.0 -9999.0 -9999.0 -9999.0 -9999.0 -9999.0 -9999.0 -9999.0 -9999.0 -9999.0 -9999.0 -9999.0 -9999.0 -9999.0
2.4242302687339135 2.3318551479685268 2.2394800272032973 2.147104906438068 2.0547297856728384 1.962354664907609 1.8699795441423797 1.7776044233771502 1.685229302611921 1.5928541818466915 1.500479061081462 1.4527506828308105 1.4527506828308105 1.4527506828308105 1.4527506828308105 1.4527506828308105 1.4527506828308105 1.4527506828308105 1.4527506828308105 1.4527506828308105 1.4527506828308105 1.4527506828308105 -9999.0 -9999.0 -9999.0 -9999.0 -9999.0 -9999.0 -9999.0 -9999.0 -9999.0 -9999.0 -9999.0 -9999.0 -9999.0 -9999.0 -9999.0 -9999.0 -9999.0 -9999.0 -9999.0 -9999.0 -9999.0 -9999.0
2.4242302687339135 2.3318551479685268 2.2394800272032973 2.147104906438068 2.0547297856728384 1.962354664907609 1.8699795441423797 1.7776044233771502 1.685229302611921 1.5928541818466915 1.500479061081462 1.4527506828308105 1.4527506828308105 1.4527506828308105 1.4527506828308105 1.4527506828308105 1.4527506828308105 1.4527506828308105 1.4527506828308105 1.4527506828308105 1.4527506828308105 -9999.0 -9999.0 -9999.0 -9999.0 -9999.0 -9999.0 -9999.0 -9999.0 -9999.0 -9999.0 -9999.0 -9999.0 -9999.0 -9999.0 -9999.0 -9999.0 -9999.0 -9999.0 -9999.0 -9999.0 -9999.0 -9999.0 -9999.0
2.4242302687339135 2.3318551479685268 2.2394800272032973 2.147104906438068 2.0547297856728384 1.962354664907609 1.8699795441423797 1.7776044233771502 1.685229302611921 1.5928541818466915 1.500479061081462 1.4527506828308105 1.4527506828308105 1.4527506828308105 1.4527506828308105 1.4527506828308105 1.4527506828308105 1.4527506828308105 1.4527506828308105 -9999.0 -9999.0 -9999.0 -9999.0 -9999.0 -9999.0 -9999.0 -9999.0 -9999.0 -9999.0 -9999.0 -9999.0 -9999.0 -9999.0 -9999.0 -9999.0 -9999.0 -9999.0 -9999.0 -9999.0 -9999.0 -9999.0 -9999.0 -9999.0 -9999.0
2.4242302687339135 2.3318551479685268 2.2394800272032973 2.147104906438068 2.0547297856728384 1.962354664907609 1.8699795441423797 1.7776044233771502 1.685229302611921 1.5928541818466915 1.500479061081462 1.4527506828308105 1.4527506828308105 1.4527506828308105 1.4527506828308105 1.4527506828308105 1.4527506828308105 1.4527506828308105 -9999.0 -9999.0 -9999.0 -9999.0 -9999.0 -9999.0 -9999.0 -9999.0 -9999.0 -9999.0 -9999.0 -9999.0 -9999.0 -9999.0 -9999.0 -9999.0 -9999.0 -9999.0 -9999.0 -9999.0 -9999.0 -9999.0 -9999.0 -9999.0 -9999.0 -9999.0
2.3265863135981477 2.2379319087498946 2.149277503901793 2.060623099053691 1.9719686942055896 1.883314289357488 1.7946598845093862 1.7060054796612845 1.6173510748131827 1.5286966699650812 1.4400422651169793 1.394236306400774 1.394236306400774 1.394236306400774 1.394236306400774 1.394236306400774 1.394236306400774 1.394236306400774 -9999.0 -9999.0 -9999.0 -9999.0 -9999.0 -9999.0 -9999.0 -9999.0 -9999.0 -9999.0 -9999.0 -9999.0 -9999.0 -9999.0 -9999.0 -9999.0 -9999.0 -9999.0 -9999.0 -9999.0 -9999.0 -9999.0 -9999.0 -9999.0 -9999.0 -9999.0
2.124567124545098 2.0436106464269854 1.9626541683090104 1.8816976901910354 1.8007412120730604 1.7197847339550854 1.6388282558371106 1.5578717777191358 1.4769152996011607 1.3959588214831857 1.3150023433652107 1.2731737495030666 1.2731737495030666 1.2731737495030666 1.2731737495030666 1.2731737495030666 1.2731737495030666 1.2731737495030666 -9999.0 -9999.0 -9999.0 -9999.0 -9999.0 -9999.0 -9999.0 -9999.0 -9999.0 -9999.0 -9999.0 -9999.0 -9999.0 -9999.0 -9999.0 -9999.0 -9999.0 -9999.0 -9999.0 -9999.0 -9999.0 -9999.0 -9999.0 -9999.0 -9999.0 -9999.0
1.922547935492049 1.8492893841040758 1.7760308327162275 1.7027722813283794 1.6295137299405311 1.556255178552683 1.4829966271648347 1.4097380757769866 1.3364795243891385 1.2632209730012902 1.189962421613442 1.152111192605359 1.152111192605359 1.152111192605359 1.152111192605359 1.152111192605359 1.152111192605359 -9999.0 -9999.0 -9999.0 -9999.0 -9999.0 -9999.0 -9999.0 -9999.0 -9999.0 -9999.0 -9999.0 -9999.0 -9999.0 -9999.0 -9999.0 -9999.0 -9999.0 -9999.0 -9999.0 -9999.0 -9999.0 -9999.0 -9999.0 -9999.0 -9999.0 -9999.0 -9999.0
