Figures/CREST_Example_wjb_NSE/Rolling_result/20100722/BJP_forecast/ens_0/wjb.rain.20100226.asc
ncols            288
nrows            254
xllcorner        113.274861
yllcorner        31.4918055
cellsize         0.008333333333
NODATA_value     -9999
[rows 133 to 151 of 254, columns 172 to 214 of 288]
0.15836889278119498 0.15836889278119498 0.15836889278119498 0.15836889278119498 0.15836889278119498 0.15836889278119498 0.15836889278119498 0.15836889278119498 0.15836889278119498 0.15836889278119498 0.15836889278119498 0.16529683192622519 0.1796308947623344 0.19396495759844362 0.20829902043455284 0.22263308327066206 0.23696714610677125 0.25130120894288044 0.26563527177898966 0.2799693346150989 0.2943033974512081 0.3086374602873173 0.32297152312342653 0.3331234099680818 0.3388044560472282 0.3444855021263745 0.3501665482055209 0.3558475942846673 0.3615286403638136 0.36720968644296 0.37289073252210636 0.3785717786012527 0.38425282468039906 0.38993387075954544 0.39561491683869177 0.3985501997739115 0.3985501997739115 0.3985501997739115 0.3985501997739115 0.3985501997739115 0.3985501997739115 0.3985501997739115 0.3985501997739115
0.15304243794329186 0.15304243794329186 0.15304243794329186 0.15304243794329186 0.15304243794329186 0.15304243794329186 0.15304243794329186 0.15304243794329186 0.15304243794329186 0.15304243794329186 0.15304243794329186 0.1600547549361581 0.17456339744849397 0.18907203996082983 0.20358068247316569 0.21808932498550157 0.23259796749783745 0.2471066100101733 0.26161525252250917 0.276123895034845 0.2906325375471809 0.30514118005951674 0.31964982257185265 0.32985804210263553 0.33546901215990427 0.34107998221717306 0.3466909522744418 0.35230192233171054 0.35791289238897933 0.36352386244624807 0.3691348325035168 0.3747458025607856 0.38035677261805434 0.3859677426753231 0.39157871273259187 0.3944777887882475 0.3944777887882475 0.3944777887882475 0.3944777887882475 0.3944777887882475 0.3944777887882475 0.3944777887882475 0.3944777887882475
0.14771598310538875 0.14771598310538875 0.14771598310538875 0.14771598310538875 0.14771598310538875 0.14771598310538875 0.14771598310538875 0.14771598310538875 0.14771598310538875 0.14771598310538875 0.14771598310538875 0.15481267794609102 0.16949590013465354 0.18417912232321604 0.1988623445117786 0.21354556670034108 0.22822878888890363 0.24291201107746613 0.2575952332660286 0.2722784554545912 0.2869616776431537 0.3016448998317162 0.3163281220202787 0.32659267423718924 0.3321335682725804 0.33767446230797155 0.3432153563433627 0.34875625037875385 0.354297144414145 0.35983803844953616 0.3653789324849273 0.37091982652031846 0.3764607205557096 0.38200161459110077 0.3875425086264919 0.39040537780258355 0.39040537780258355 0.39040537780258355 0.39040537780258355 0.39040537780258355 0.39040537780258355 0.39040537780258355 0.39040537780258355
0.1423895282674856 0.1423895282674856 0.1423895282674856 0.1423895282674856 0.1423895282674856 0.1423895282674856 0.1423895282674856 0.1423895282674856 0.1423895282674856 0.1423895282674856 0.1423895282674856 0.1495706009560239 0.16442840282081309 0.17928620468560225 0.19414400655039143 0.2090018084151806 0.22385961027996976 0.23871741214475894 0.2535752140095481 0.26843301587433727 0.28329081773912645 0.2981486196039156 0.31300642146870483 0.3233273063717429 0.32879812438525646 0.33426894239877003 0.3397397604122836 0.34521057842579717 0.3506813964393107 0.35615221445282425 0.3616230324663378 0.3670938504798514 0.37256466849336495 0.37803548650687846 0.383506304520392 0.38633296681691964 0.38633296681691964 0.38633296681691964 0.38633296681691964 0.38633296681691964 0.38633296681691964 0.38633296681691964 0.38633296681691964
0.13706307342957794 0.13706307342957794 0.13706307342957794 0.13706307342957794 0.13706307342957794 0.13706307342957794 0.13706307342957794 0.13706307342957794 0.13706307342957794 0.13706307342957794 0.13706307342957794 0.14432852396595233 0.1593609055069683 0.1743932870479843 0.18942566858900026 0.20445805013001622 0.21949043167103222 0.23452281321204815 0.24955519475306415 0.26458757629408014 0.2796199578350961 0.29465233937611207 0.30968472091712806 0.32006193850629383 0.3254626804979297 0.33086342248956563 0.3362641644812015 0.34166490647283737 0.3470656484644733 0.35246639045610917 0.3578671324477451 0.36326787443938097 0.3686686164310169 0.37406935842265276 0.37947010041428864 0.3822605558312522 0.3822605558312522 0.3822605558312522 0.3822605558312522 0.3822605558312522 0.3822605558312522 0.3822605558312522 0.3822605558312522
0.1317366185916748 0.1317366185916748 0.1317366185916748 0.1317366185916748 0.1317366185916748 0.1317366185916748 0.1317366185916748 0.1317366185916748 0.1317366185916748 0.1317366185916748 0.1317366185916748 0.13908644697588524 0.15429340819312787 0.16950036941037047 0.1847073306276131 0.19991429184485573 0.21512125306209837 0.230328214279341 0.24553517549658363 0.2607421367138263 0.2759490979310689 0.29115605914831155 0.30636302036555413 0.31679657064084754 0.3221272366106058 0.3274579025803641 0.3327885685501224 0.33811923451988074 0.343449900489639 0.3487805664593973 0.3541112324291556 0.3594418983989139 0.3647725643686722 0.3701032303384305 0.3754338963081888 0.37818814484558827 0.37818814484558827 0.37818814484558827 0.37818814484558827 0.37818814484558827 0.37818814484558827 0.37818814484558827 0.37818814484558827
0.12641016375377168 0.12641016375377168 0.12641016375377168 0.12641016375377168 0.12641016375377168 0.12641016375377168 0.12641016375377168 0.12641016375377168 0.12641016375377168 0.12641016375377168 0.12641016375377168 0.13384436998581814 0.1492259108792874 0.1646074517727567 0.17998899266622598 0.19537053355969525 0.21075207445316455 0.22613361534663384 0.2415151562401031 0.2568966971335724 0.27227823802704165 0.287659778920511 0.3030413198139802 0.31353120277540125 0.31879179272328195 0.32405238267116265 0.3293129726190433 0.334573562566924 0.3398341525148047 0.3450947424626854 0.3503553324105661 0.3556159223584468 0.36087651230632745 0.36613710225420815 0.37139769220208885 0.3741157338599243 0.3741157338599243 0.3741157338599243 0.3741157338599243 0.3741157338599243 0.3741157338599243 0.3741157338599243 0.3741157338599243
0.12108370891586855 0.12108370891586855 0.12108370891586855 0.12108370891586855 0.12108370891586855 0.12108370891586855 0.12108370891586855 0.12108370891586855 0.12108370891586855 0.12108370891586855 0.12108370891586855 0.12860229299575104 0.14415841356544698 0.15971453413514292 0.17527065470483885 0.1908267752745348 0.20638289584423072 0.22193901641392666 0.2374951369836226 0.25305125755331853 0.26860737812301444 0.2841634986927104 0.2997196192624063 0.31026583490995496 0.315456348835958 0.32064686276196114 0.3258373766879642 0.3310278906139673 0.33621840453997043 0.3414089184659735 0.34659943239197655 0.35178994631797966 0.3569804602439828 0.36217097416998584 0.36736148809598895 0.37004332287426034 0.37004332287426034 0.37004332287426034 0.37004332287426034 0.37004332287426034 0.37004332287426034 0.37004332287426034 0.37004332287426034
0.11575725407796542 0.11575725407796542 0.11575725407796542 0.11575725407796542 0.11575725407796542 0.11575725407796542 0.11575725407796542 0.11575725407796542 0.11575725407796542 0.11575725407796542 0.11575725407796542 0.12336021600568393 0.13909091625160652 0.15482161649752912 0.1705523167434517 0.18628301698937427 0.20201371723529687 0.21774441748121948 0.23347511772714202 0.24920581797306463 0.2649365182189872 0.28066721846490983 0.2963979187108324 0.3070004670445086 0.3121209049486341 0.3172413428527596 0.3223617807568851 0.32748221866101057 0.33260265656513605 0.3377230944692616 0.34284353237338705 0.3479639702775125 0.353084408181638 0.35820484608576353 0.363325283989889 0.3659709118885964 0.3659709118885964 0.3659709118885964 0.3659709118885964 0.3659709118885964 0.3659709118885964 0.3659709118885964 0.3659709118885964
0.11043079924006229 0.11043079924006229 0.11043079924006229 0.11043079924006229 0.11043079924006229 0.11043079924006229 0.11043079924006229 0.11043079924006229 0.11043079924006229 0.11043079924006229 0.11043079924006229 0.11811813901561684 0.1340234189377661 0.14992869885991533 0.16583397878206457 0.1817392587042138 0.19764453862636305 0.2135498185485123 0.22945509847066153 0.24536037839281077 0.26126565831496 0.27717093823710925 0.2930762181592585 0.30373509917906233 0.3087854610613102 0.3138358229435581 0.318886184825806 0.3239365467080539 0.3289869085903018 0.33403727047254966 0.33908763235479755 0.34413799423704544 0.34918835611929333 0.35423871800154116 0.35928907988378905 0.3618985009029324 0.3618985009029324 0.3618985009029324 0.3618985009029324 0.3618985009029324 0.3618985009029324 0.3618985009029324 0.3618985009029324
0.10510434440215916 0.10510434440215916 0.10510434440215916 0.10510434440215916 0.10510434440215916 0.10510434440215916 0.10510434440215916 0.10510434440215916 0.10510434440215916 0.10510434440215916 0.10510434440215916 0.11287606202554974 0.12895592162392563 0.14503578122230154 0.16111564082067742 0.17719550041905333 0.19327536001742923 0.2093552196158051 0.225435079214181 0.2415149388125569 0.2575947984109328 0.2736746580093087 0.28975451760768456 0.30046973131361604 0.30545001717398634 0.3104303030343566 0.3154105888947269 0.3203908747550972 0.32537116061546745 0.33035144647583775 0.335331732336208 0.3403120181965783 0.3452923040569486 0.35027258991731886 0.35525287577768916 0.35782608991726844 0.35782608991726844 0.35782608991726844 0.35782608991726844 0.35782608991726844 0.35782608991726844 0.35782608991726844 0.35782608991726844
0.09977788956425149 0.09977788956425149 0.09977788956425149 0.09977788956425149 0.09977788956425149 0.09977788956425149 0.09977788956425149 0.09977788956425149 0.09977788956425149 0.09977788956425149 0.09977788956425149 0.10763398503547818 0.12388842431008087 0.14014286358468356 0.15639730285928627 0.17265174213388895 0.18890618140849164 0.20516062068309435 0.22141505995769706 0.23766949923229974 0.2539239385069024 0.2701783777815051 0.2864328170561078 0.297204363448167 0.3021145732866596 0.3070247831251522 0.3119349929636448 0.31684520280213746 0.32175541264063007 0.3266656224791227 0.33157583231761534 0.33648604215610795 0.34139625199460055 0.3463064618330932 0.3512166716715858 0.35375367893160103 0.35375367893160103 0.35375367893160103 0.35375367893160103 0.35375367893160103 0.35375367893160103 0.35375367893160103 0.35375367893160103
0.09522270765077509 0.09522270765077509 0.09522270765077509 0.09522270765077509 0.09522270765077509 0.09522270765077509 0.09522270765077509 0.09522270765077509 0.09522270765077509 0.09522270765077509 0.09522270765077509 0.10290820668894433 0.11880967808379658 0.13471114947864885 0.15061262087350108 0.16651409226835334 0.1824155636632056 0.19831703505805784 0.21421850645291007 0.23011997784776234 0.24602144924261457 0.2619229206374668 0.27782439203231907 0.2884700989620785 0.2934972747557892 0.29852445054949994 0.3035516263432107 0.3085788021369214 0.31360597793063216 0.31863315372434287 0.3236603295180536 0.3286875053117644 0.3337146811054751 0.33874185689918584 0.3437690326928966 0.3463664739236225 0.3463664739236225 0.3463664739236225 0.3463664739236225 0.3463664739236225 0.3463664739236225 0.3463664739236225 0.3463664739236225
0.09149196787363803 0.09149196787363803 0.09149196787363803 0.09149196787363803 0.09149196787363803 0.09149196787363803 0.09149196787363803 0.09149196787363803 0.09149196787363803 0.09149196787363803 0.09149196787363803 0.09873431904566583 0.1137189074792242 0.12870349591278257 0.14368808434634092 0.15867267277989927 0.17365726121345765 0.18864184964701602 0.20362643808057437 0.21861102651413275 0.2335956149476911 0.24858020338124948 0.26356479181480785 0.27388992873945406 0.2792340065710563 0.2845780844026585 0.2899221622342607 0.29526624006586294 0.3006103178974652 0.3059543957290674 0.31129847356066964 0.3166425513922719 0.3219866292238741 0.3273307070554763 0.3326747848870785 0.3354359630653666 0.3354359630653666 0.3354359630653666 0.3354359630653666 0.3354359630653666 0.3354359630653666 0.3354359630653666 0.3354359630653666
0.08776122809650094 0.08776122809650094 0.08776122809650094 0.08776122809650094 0.08776122809650094 0.08776122809650094 0.08776122809650094 0.08776122809650094 0.08776122809650094 0.08776122809650094 0.08776122809650094 0.0945604314023873 0.10862813687465178 0.12269584234691627 0.13676354781918074 0.1508312532914452 0.1648989587637097 0.17896666423597418 0.19303436970823865 0.2071020751805031 0.2211697806527676 0.23523748612503206 0.24930519159729655 0.2593097585168296 0.2649707383863233 0.270631718255817 0.27629269812531077 0.2819536779948045 0.2876146578642982 0.2932756377337919 0.2989366176032856 0.3045975974727793 0.310258577342273 0.3159195572117668 0.3215805370812605 0.3245054522071107 0.3245054522071107 0.3245054522071107 0.3245054522071107 0.3245054522071107 0.3245054522071107 0.3245054522071107 0.3245054522071107
0.08403048831936388 0.08403048831936388 0.08403048831936388 0.08403048831936388 0.08403048831936388 0.08403048831936388 0.08403048831936388 0.08403048831936388 0.08403048831936388 0.08403048831936388 0.08403048831936388 0.09038654375910882 0.1035373662700794 0.11668818878105 0.12983901129202058 0.14298983380299118 0.1561406563139618 0.16929147882493237 0.18244230133590295 0.19559312384687355 0.20874394635784416 0.22189476886881473 0.2350455913797853 0.24472958829420519 0.2507074702015904 0.2566853521089756 0.2626632340163608 0.268641115923746 0.27461899783113125 0.28059687973851644 0.2865747616459017 0.29255264355328686 0.29853052546067205 0.3045084073680573 0.3104862892754425 0.31357494134885483 0.31357494134885483 0.31357494134885483 0.31357494134885483 0.31357494134885483 0.31357494134885483 0.31357494134885483 0.31357494134885483
0.0802997485422268 0.0802997485422268 0.0802997485422268 0.0802997485422268 0.0802997485422268 0.0802997485422268 0.0802997485422268 0.0802997485422268 0.0802997485422268 0.0802997485422268 0.0802997485422268 0.08621265611583029 0.098446595665507 0.1106805352151837 0.12291447476486042 0.1351484143145371 0.14738235386421383 0.15961629341389055 0.17185023296356725 0.18408417251324397 0.19631811206292066 0.20855205161259738 0.2207859911622741 0.23014941807158076 0.23644420201685748 0.24273898596213417 0.24903376990741086 0.25532855385268755 0.26162333779796426 0.267918121743241 0.27421290568851764 0.28050768963379435 0.28680247357907107 0.29309725752434773 0.29939204146962445 0.3026444304905989 0.3026444304905989 0.3026444304905989 0.3026444304905989 0.3026444304905989 0.3026444304905989 0.3026444304905989 0.3026444304905989
0.07656900876508654 0.07656900876508654 0.07656900876508654 0.07656900876508654 0.07656900876508654 0.07656900876508654 0.07656900876508654 0.07656900876508654 0.07656900876508654 0.07656900876508654 0.07656900876508654 0.0820387684725482 0.09335582506093025 0.1046728816493123 0.11598993823769434 0.12730699482607638 0.1386240514144584 0.14994110800284044 0.1612581645912225 0.17257522117960455 0.18389227776798658 0.1952093343563686 0.20652639094475067 0.21556924784894388 0.22218093383211235 0.22879261981528082 0.2354043057984493 0.24201599178161776 0.2486276777647862 0.25523936374795464 0.2618510497311231 0.2684627357142916 0.27507442169746005 0.2816861076806285 0.288297793663797 0.29171391963233373 0.29171391963233373 0.29171391963233373 0.29171391963233373 0.29171391963233373 0.29171391963233373 0.29171391963233373 0.29171391963233373
0.07283826898794947 0.07283826898794947 0.07283826898794947 0.07283826898794947 0.07283826898794947 0.07283826898794947 0.07283826898794947 0.07283826898794947 0.07283826898794947 0.07283826898794947 0.07283826898794947 0.0778648808292697 0.08826505445635785 0.09866522808344601 0.10906540171053417 0.11946557533762232 0.12986574896471048 0.14026592259179865 0.1506660962188868 0.16106626984597494 0.1714664434730631 0.18186661710015126 0.1922667907272394 0.20098907762631948 0.20791766564737943 0.21484625366843937 0.22177484168949935 0.2287034297105593 0.23563201773161924 0.24256060575267918 0.24948919377373913 0.25641778179479907 0.263346369815859 0.270274957836919 0.27720354585797896 0.2807834087740778 0.2807834087740778 0.2807834087740778 0.2807834087740778 0.2807834087740778 0.2807834087740778 0.2807834087740778 0.2807834087740778
