Figures/CREST_Example_wjb_NSE/Rolling_result/20100722/BJP_forecast/ens_0/wjb.rain.20100724.asc
ncols            288
nrows            254
xllcorner        113.274861
yllcorner        31.4918055
cellsize         0.008333333333
NODATA_value     -9999
[rows 154 to 175 of 254, columns 147 to 195 of 288]
2.8245003982537726 2.8149171560229034 2.805333913792034 2.795750671561165 2.786167429330295 2.776584187099426 2.7670009448685566 2.757417702637687 2.7478344604068177 2.738251218175932 2.7286679759450627 2.719084733714193 2.678418954322697 2.6045252395899583 2.5306315248572195 2.4567378101244803 2.3828440953917416 2.308950380659003 2.235056665926264 2.1611629511935253 2.0872692364607865 2.013375521728048 1.939481806995183 1.8655880922624442 1.8407115144723134 1.8682353649889645 1.8957592155056155 1.9232830660222666 1.9508069165389177 1.978330767055569 2.00585461757222 2.033378468088871 2.060902318605522 2.0884261691221733 2.1159500196388246 2.1434738701555225 2.1189837213561566 2.0388894304680916 1.9587951395800267 1.8787008486919616 1.7986065578038968 1.7185122669158317 1.6384179760277666 1.5583236851397018 1.478229394251637 1.3981351033635718 1.3180408124755068 1.237946521587442 1.18417788035703
2.677654485165673 2.674117554823332 2.6705806244809907 2.6670436941386497 2.663506763796309 2.659969833453968 2.656432903111627 2.6528959727692856 2.6493590424269446 2.6458221120845975 2.6422851817422566 2.6387482513999156 2.5955083475070264 2.509825066769605 2.424141786032184 2.3384585052947626 2.2527752245573414 2.16709194381992 2.0814086630824984 1.9957253823450771 1.9100421016076559 1.8243588208702346 1.738675540132667 1.6529922593952457 1.6228302382096627 1.6520216995429535 1.6812131608762444 1.7104046222095353 1.7395960835428261 1.768787544876117 1.7979790062094079 1.8271704675426987 1.8563619288759896 1.8855533902092805 1.9147448515425713 1.943936312875912 1.9290645622785167 1.867088241194386 1.8051119201102552 1.7431355990261244 1.6811592779419937 1.6191829568578628 1.5572066357737322 1.4952303146896013 1.4332539936054705 1.3712776725213396 1.309301351437209 1.2473250303530783 1.1980367734796105
2.530808572077573 2.5333179536237598 2.535827335169947 2.5383367167161346 2.540846098262322 2.5433554798085094 2.545864861354697 2.548374242900884 2.5508836244470716 2.553393005993263 2.5559023875394504 2.558411769085638 2.512597740691356 2.4151248939492524 2.3176520472071482 2.2201792004650445 2.1227063537229407 2.025233506980837 1.9277606602387327 1.830287813496629 1.7328149667545252 1.6353421200124212 1.537869273270151 1.4403964265280471 1.404948961947012 1.4358080340969426 1.4666671062468732 1.497526178396804 1.5283852505467346 1.559244322696665 1.5901033948465957 1.6209624669965264 1.651821539146457 1.6826806112963877 1.7135396834463184 1.7443987555963016 1.739145403200877 1.6952870519206804 1.651428700640484 1.6075703493602873 1.5637119980800906 1.5198536467998942 1.4759952955196975 1.432136944239501 1.3882785929593044 1.344420241679108 1.3005618903989113 1.256703539118715 1.2118956666021912
2.4770452415678545 2.4820225373518903 2.4869998331359264 2.491977128919962 2.4969544247039983 2.501931720488034 2.50690901627207 2.511886312056106 2.516863607840142 2.5218409036241862 2.526818199408222 2.531795495192258 2.4840559100000696 2.3799607865383456 2.275865663076622 2.171770539614898 2.0676754161531745 1.9635802926914505 1.8594851692297267 1.755390045768003 1.651294922306279 1.5471997988445554 1.443104675382654 1.3390095519209302 1.3002001872148918 1.331182775578994 1.3621653639430962 1.3931479523071981 1.4241305406713003 1.4551131290354025 1.4860957173995046 1.5170783057636068 1.548060894127709 1.579043482491811 1.610026070855913 1.6410086592200681 1.6404757861463708 1.6062521717564466 1.5720285573665225 1.5378049429765985 1.5035813285866744 1.4693577141967502 1.435134099806826 1.4009104854169019 1.3666868710269777 1.3324632566370536 1.2982396422471296 1.2640160278572055 1.2217210718274234
2.5227813242414276 2.5264014527441208 2.530021581246814 2.533641709749507 2.5372618382522 2.540881966754893 2.5445020952575863 2.5481222237602794 2.5517423522629725 2.555362480765672 2.558982609268365 2.562602737771058 2.513630873772604 2.408436980109568 2.3032430864465328 2.198049192783497 2.0928552991204614 1.9876614054574255 1.8824675117943899 1.7772736181313542 1.6720797244683185 1.5668858308052829 1.4616919371420678 1.356498043479032 1.3163829251508186 1.3458384899332545 1.3752940547156907 1.4047496194981266 1.4342051842805628 1.4636607490629987 1.4931163138454349 1.522571878627871 1.552027443410307 1.5814830081927431 1.6109385729751793 1.6403941377576654 1.6393461774699956 1.605689258738285 1.572032340006574 1.5383754212748633 1.5047185025431526 1.4710615838114418 1.4374046650797312 1.4037477463480204 1.3700908276163095 1.3364339088845987 1.302776990152888 1.2691200714211772 1.2272349327470238
2.5685174069150007 2.5707803681363512 2.5730433293577013 2.575306290579052 2.5775692518004023 2.5798322130217524 2.582095174243103 2.584358135464453 2.5866210966858034 2.5888840579071575 2.591147019128508 2.593409980349858 2.5432058375451385 2.436913173680791 2.3306205098164434 2.2243278459520957 2.1180351820877483 2.0117425182234006 1.9054498543590532 1.7991571904947055 1.6928645266303581 1.5865718627660104 1.4802791989014816 1.373986535037134 1.332565663086745 1.3604942042875152 1.3884227454882851 1.4163512866890553 1.4442798278898252 1.4722083690905952 1.5001369102913653 1.5280654514921352 1.5559939926929054 1.5839225338936753 1.6118510750944455 1.6397796162952631 1.6382165687936208 1.6051263457201232 1.572036122646626 1.5389458995731284 1.505855676499631 1.4727654534261336 1.4396752303526363 1.4065850072791388 1.3734947842056413 1.340404561132144 1.3073143380586465 1.2742241149851492 1.2327487936666242
2.6142534895885747 2.615159283528582 2.6160650774685896 2.616970871408597 2.6178766653486045 2.618782459288612 2.6196882532286194 2.620594047168627 2.6214998411086343 2.6224056350486435 2.623311428988651 2.6242172229286584 2.5727808013176734 2.4653893672520137 2.3579979331863545 2.250606499120695 2.1432150650550357 2.035823630989376 1.9284321969237166 1.8210407628580572 1.7136493287923975 1.606257894726738 1.4988664606608955 1.391475026595236 1.3487484010226718 1.3751499186417757 1.4015514362608796 1.4279529538799836 1.4543544714990877 1.4807559891181916 1.5071575067372955 1.5335590243563995 1.5599605419755036 1.5863620595946075 1.6127635772137114 1.6391650948328604 1.6370869601172455 1.6045634327019616 1.5720399052866774 1.5395163778713934 1.5069928504561092 1.4744693230408252 1.441945795625541 1.409422268210257 1.376898740794973 1.344375213379689 1.311851685964405 1.2793281585491207 1.2382626545862243
2.659989572262148 2.6595381989208122 2.659086825579477 2.658635452238142 2.6581840788968063 2.657732705555471 2.657281332214136 2.6568299588728004 2.656378585531465 2.655927212190129 2.655475838848794 2.6550244655074584 2.602355765090208 2.4938655608232367 2.385375356556265 2.2768851522892937 2.1683949480223226 2.059904743755351 1.9514145394883797 1.8429243352214084 1.7344341309544369 1.6259439266874656 1.5174537224203093 1.408963518153338 1.3649311389585983 1.3898056329960362 1.4146801270334741 1.4395546210709123 1.4644291151083502 1.489303609145788 1.514178103183226 1.539052597220664 1.5639270912581018 1.5888015852955397 1.6136760793329776 1.638550573370458 1.6359573514408705 1.6040005196837999 1.5720436879267292 1.5400868561696583 1.5081300244125877 1.476173192655517 1.4442163608984462 1.4122595291413755 1.3803026973843049 1.348345865627234 1.3163890338701634 1.2844322021130927 1.2437765155058247
2.705725654935721 2.7039171143130427 2.7021085736903645 2.7003000330676867 2.6984914924450085 2.6966829518223303 2.694874411199652 2.693065870576974 2.691257329954296 2.689448789331615 2.6876402487089366 2.6858317080862584 2.6319307288627423 2.5223417543944593 2.412752779926176 2.3031638054578925 2.1935748309896095 2.083985856521326 1.9743968820530429 1.8648079075847597 1.7552189331164763 1.645629958648193 1.536040984179723 1.4264520097114397 1.381113876894525 1.404461347350297 1.4278088178060688 1.4511562882618407 1.4745037587176124 1.4978512291733843 1.5211986996291562 1.5445461700849281 1.5678936405407 1.5912411109964717 1.6145885814522436 1.6379360519080555 1.6348277427644955 1.6034376066656382 1.5720474705667808 1.5406573344679233 1.509267198369066 1.4778770622702087 1.4464869261713513 1.415096790072494 1.3837066539736367 1.3523165178747794 1.320926381775922 1.2895362456770645 1.249290376425425
2.7514617376093335 2.7482960297053114 2.7451303218012892 2.741964613897267 2.738798905993245 2.735633198089223 2.7324674901852006 2.7293017822811785 2.7261360743771568 2.722970366473129 2.719804658569107 2.716638950665085 2.661505692635302 2.5508179479657063 2.44013020329611 2.329442458626514 2.218754713956918 2.108066969287322 1.9973792246177258 1.8866914799481298 1.7760037352785338 1.6653159906089376 1.554628245939153 1.4439405012695568 1.3972966148304657 1.41911706170457 1.4409375085786746 1.4627579554527792 1.4845784023268835 1.506398849200988 1.5282192960750927 1.5500397429491972 1.5718601898233016 1.5936806366974061 1.6155010835715107 1.6373215304456523 1.6336981340881194 1.6028746936474758 1.5720512532068325 1.541227812766189 1.5104043723255454 1.4795809318849018 1.4487574914442585 1.417934051003615 1.3871106105629714 1.3562871701223278 1.3254637296816845 1.294640289241041 1.25480423734503
2.7971978202829066 2.792674945097542 2.7881520699121767 2.783629194726812 2.779106319541447 2.774583444356082 2.770060569170717 2.765537693985352 2.7610148187999872 2.7564919436146145 2.7519690684292497 2.747446193243885 2.691080656407837 2.579294141536929 2.4675076266660207 2.3557211117951127 2.243934596924205 2.132148082053297 2.020361567182389 1.908575052311481 1.7967885374405732 1.6850020225696651 1.5732155076985666 1.4614289928276587 1.4134793527663922 1.4337727760588308 1.4540661993512691 1.4743596226437077 1.494653045936146 1.5149464692285846 1.535239892521023 1.5555333158134614 1.5758267391059 1.5961201623983383 1.6164135856907769 1.6367070089832498 1.6325685254117446 1.6023117806293143 1.572055035846884 1.541798291064454 1.5115415462820239 1.4812848014995936 1.4510280567171636 1.4207713119347334 1.3905145671523034 1.3602578223698731 1.330001077587443 1.299744332805013 1.2603180982646305
2.8429339029564797 2.837053860489772 2.8311738180230646 2.8252937755563567 2.819413733089649 2.813533690622941 2.8076536481562333 2.801773605689526 2.795893563222818 2.7900135207561 2.7841334782893927 2.778253435822685 2.7206556201803713 2.6077703351081514 2.4948850500359314 2.381999764963712 2.269114479891492 2.156229194819272 2.043343909747052 1.9304586246748325 1.8175733396026126 1.7046880545303928 1.5918027694579806 1.4789174843857607 1.429662090702319 1.4484284904130913 1.4671948901238636 1.4859612898346362 1.5047276895454085 1.5234940892561808 1.5422604889669533 1.5610268886777257 1.579793288388498 1.5985596880992703 1.6173260878100428 1.6360924875208471 1.6314389167353693 1.6017488676111526 1.5720588184869357 1.542368769362719 1.5126787202385021 1.4829886711142855 1.4532986219900685 1.4236085728658519 1.393918523741635 1.3642284746174183 1.3345384254932013 1.3048483763689847 1.2658319591842309
2.8886699856300533 2.881432775882003 2.8741955661339524 2.8669583563859016 2.859721146637851 2.8524839368898007 2.84524672714175 2.8380095173936994 2.830772307645649 2.823535097897586 2.8162978881495353 2.809060678401485 2.7502305839529058 2.636246528679374 2.522262473405842 2.4082784181323107 2.294294362858779 2.180310307585247 2.0663262523117156 1.9523421970381838 1.838358141764652 1.7243740864911203 1.6103900312173942 1.4964059759438626 1.4458448286382457 1.463084204767352 1.4803235808964583 1.4975629570255646 1.514802333154671 1.5320417092837773 1.5492810854128836 1.56652046154199 1.5837598376710964 1.6009992138002027 1.618238589929309 1.6354779660584446 1.6303093080589943 1.601185954592991 1.5720626011269876 1.542939247660984 1.5138158941949806 1.4846925407289773 1.4555691872629737 1.4264458337969703 1.397322480330967 1.3681991268649634 1.33907577339896 1.3099524199329564 1.2713458201038312
2.9344060683036264 2.9258116912742334 2.91721731424484 2.9086229372154464 2.900028560186053 2.89143418315666 2.8828398061272664 2.874245429097873 2.8656510520684795 2.857056675039072 2.8484622980096783 2.839867920980285 2.77980554772544 2.6647227222505965 2.5496398967757528 2.4345570713009095 2.3194742458260658 2.204391420351222 2.0893085948763788 1.974225769401535 1.8591429439266913 1.7440601184518478 1.628977292976808 1.5138944675019643 1.4620275665741722 1.4777399191216125 1.4934522716690528 1.5091646242164931 1.5248769767639334 1.5405893293113737 1.556301681858814 1.572014034406254 1.5877263869536944 1.6034387395011347 1.619151092048575 1.6348634445960422 1.6291796993826193 1.600623041574829 1.572066383767039 1.543509725959249 1.514953068151459 1.4863964103436689 1.4578397525358786 1.4292830947280886 1.4007264369202985 1.3721697791125083 1.3436131213047182 1.3150564634969282 1.2768596810234314
2.9801421509772 2.970190606666464 2.9602390623557273 2.9502875180449912 2.940335973734255 2.930384429423519 2.920432885112783 2.910481340802047 2.900529796491311 2.8905782521805574 2.8806267078698213 2.8706751635590853 2.809380511497975 2.6931989158218195 2.577017320145664 2.4608357244695087 2.344654128793353 2.2284725331171975 2.112290937441042 1.9961093417648865 1.8799277460887311 1.7637461504125755 1.6475645547362219 1.5313829590600665 1.478210304510099 1.4923956334758732 1.5065809624416473 1.5207662914074216 1.5349516203731959 1.5491369493389702 1.5633222783047442 1.5775076072705185 1.5916929362362928 1.6058782652020671 1.6200635941678412 1.6342489231336397 1.6280500907062443 1.6000601285566676 1.5720701664070909 1.5440802042575141 1.5160902421079374 1.4881002799583605 1.4601103178087838 1.432120355659207 1.4041303935096303 1.3761404313600536 1.3481504692104769 1.3201605070609002 1.2823735419430318
2.9752125452129423 2.964892718365703 2.9545728915184633 2.9442530646712237 2.9339332378239846 2.923613410976745 2.9132935841295056 2.9029737572822665 2.892653930435027 2.8823341035877696 2.8720142767405306 2.861694449893291 2.8016475630753805 2.6884413242754635 2.575235085475547 2.4620288466756297 2.3488226078757126 2.235616369075796 2.1224101302758793 2.0092038914759622 1.8959976526760454 1.7827914138761285 1.6695851750760184 1.5563789362761016 1.5040274915477778 1.5167311984005454 1.529434905253313 1.5421386121060805 1.554842318958848 1.5675460258116156 1.5802497326643832 1.5929534395171507 1.605657146369918 1.6183608532226856 1.6310645600754532 1.6437682669282425 1.6367573630151746 1.6086710941491689 1.5805848252831634 1.5524985564171576 1.524412287551152 1.4963260186851464 1.4682397498191408 1.4401534809531351 1.4120672120871296 1.3839809432211239 1.3558946743551181 1.3278084054891126 1.290105749800691
2.9161245121883645 2.9064934582631285 2.8968624043378925 2.887231350412657 2.877600296487421 2.867969242562185 2.8583381886369494 2.8487071347117134 2.8390760807864774 2.8294450268612255 2.8198139729359895 2.810182919010754 2.754034808196909 2.648158911309103 2.5422830144212973 2.4364071175334914 2.3305312206456854 2.2246553237578794 2.118779426870074 2.012903529982268 1.907027633094462 1.8011517362066563 1.6952758393186698 1.589399942430864 1.5401432973738274 1.5514139134217309 1.5626845294696343 1.5739551455175378 1.5852257615654413 1.5964963776133447 1.6077669936612482 1.6190376097091517 1.6303082257570551 1.6415788418049588 1.6528494578528623 1.664120073900785 1.655979641035813 1.6270883577068225 1.598197074377832 1.5693057910488415 1.5404145077198508 1.5115232243908605 1.4826319410618698 1.4537406577328793 1.4248493744038888 1.3959580910748983 1.3670668077459078 1.3381755244169173 1.3002092307030408
2.857036479163837 2.848094198160604 2.839151917157371 2.8302096361541382 2.8212673551509053 2.812325074147673 2.80338279314444 2.794440512141207 2.785498231137974 2.776555950134726 2.767613669131493 2.7586713881282603 2.706422053318478 2.607876498342777 2.509330943367076 2.410785388391375 2.3122398334156737 2.2136942784399727 2.115148723464271 2.01660316848857 1.918057613512869 1.819512058537168 1.7209665035612989 1.6224209485855978 1.5762591031998459 1.5860966284428863 1.595934153685927 1.6057716789289678 1.6156092041720085 1.6254467294150492 1.63528425465809 1.6451217799011306 1.6549593051441713 1.664796830387212 1.6746343556302528 1.6844718808733101 1.675201919056435 1.6455056212644603 1.6158093234724855 1.586113025680511 1.5564167278885361 1.5267204300965616 1.497024132304587 1.4673278345126122 1.4376315367206376 1.4079352389286628 1.3782389411366882 1.3485426433447136 1.3103127116053823
2.79794844613931 2.78969493805808 2.78144142997685 2.7731879218956204 2.76493441381439 2.7566809057331603 2.7484273976519304 2.7401738895707006 2.731920381489471 2.7236668734082268 2.715413365326997 2.7071598572457667 2.658809298440047 2.5675940853764505 2.4763788723128544 2.385163659249258 2.2939484461856616 2.2027332331220655 2.111518020058469 2.0203028069948727 1.9290875939312766 1.83787238086768 1.7466571678039284 1.655441954740332 1.6123749090258643 1.6207793434640423 1.6291837779022202 1.637588212340398 1.645992646778576 1.6543970812167537 1.6628015156549316 1.6712059500931096 1.6796103845312873 1.6880148189694653 1.696419253407643 1.7048236878458352 1.6944241970770566 1.663922884822098 1.633421572567139 1.6029202603121802 1.5724189480572213 1.5419176358022626 1.5114163235473037 1.4809150112923448 1.450413699037386 1.419912386782427 1.3894110745274684 1.3589097622725095 1.3204161925077236
2.7388604131147827 2.7312956779555555 2.7237309427963288 2.7161662076371016 2.708601472477875 2.7010367373186477 2.693472002159421 2.6859072670001938 2.678342531840967 2.6707777966817274 2.6632130615225003 2.6556483263632735 2.6111965435616162 2.5273116724101246 2.443426801258633 2.3595419301071416 2.27565705895565 2.1917721878041583 2.1078873166526666 2.0240024455011754 1.9401175743496837 1.856232703198192 1.7723478320465573 1.688462960895066 1.648490714851883 1.655462058485198 1.662433402118513 1.6694047457518282 1.6763760893851432 1.6833474330184581 1.6903187766517733 1.6972901202850883 1.7042614639184035 1.7112328075517185 1.7182041511850334 1.7251754948183604 1.7136464750976788 1.6823401483797358 1.6510338216617926 1.6197274949438496 1.5884211682259066 1.5571148415079636 1.5258085147900204 1.4945021880720775 1.4631958613541345 1.4318895346361915 1.4005832079182485 1.3692768812003053 1.3305196734100648
2.6797723800902555 2.6728964178530314 2.6660204556158074 2.6591444933785837 2.6522685311413596 2.6453925689041355 2.6385166066669115 2.631640644429688 2.6247646821924637 2.617888719955228 2.611012757718004 2.60413679548078 2.5635837886831854 2.4870292594437986 2.410474730204412 2.333920200965025 2.257365671725638 2.1808111424862515 2.1042566132468643 2.027702084007478 1.951147554768091 1.8745930255287042 1.7980384962891869 1.7214839670498001 1.6846065206779015 1.690144773506354 1.6956830263348062 1.7012212791632584 1.7067595319917106 1.7122977848201628 1.717836037648615 1.7233742904770672 1.7289125433055195 1.734450796133972 1.7399890489624241 1.7455273017908857 1.7328687531183007 1.7007574119373736 1.6686460707564463 1.636534729575519 1.6044233883945918 1.5723120472136647 1.5402007060327374 1.5080893648518103 1.475978023670883 1.4438666824899558 1.4117553413090285 1.3796440001281014 1.340623154312406
2.620684347065728 2.614497157750507 2.608309968435286 2.602122779120065 2.595935589804844 2.589748400489623 2.583561211174402 2.577374021859181 2.57118683254396 2.5649996432287283 2.5588124539135073 2.5526252645982863 2.515971033804754 2.446746846477472 2.3775226591501903 2.308298471822908 2.239074284495626 2.1698500971683443 2.100625909841062 2.03140172251378 1.9621775351864983 1.892953347859216 1.823729160531816 1.7545049732045341 1.7207223265039202 1.7248274885275094 1.728932650551099 1.7330378125746884 1.7371429745982778 1.7412481366218673 1.7453532986454567 1.7494584606690462 1.7535636226926357 1.7576687847162251 1.7617739467398146 1.765879108763411 1.7520910311389228 1.7191746754950112 1.6862583198510999 1.6533419642071885 1.620425608563277 1.5875092529193657 1.5545928972754544 1.521676541631543 1.4887601859876316 1.4558438303437202 1.4229274746998088 1.3900111190558972 1.3507266352147473
