Figures/CREST_Example_wjb_NSE/Rolling_result/20100722/BJP_forecast/ens_0/wjb.rain.20100728.asc
ncols            288
nrows            254
xllcorner        113.274861
yllcorner        31.4918055
cellsize         0.008333333333
NODATA_value     -9999
[rows 20 to 39 of 254, columns 0 to 44 of 288]
-9999.0 -9999.0 -9999.0 -9999.0 -9999.0 -9999.0 -9999.0 -9999.0 -9999.0 -9999.0 -9999.0 -9999.0 -9999.0 -9999.0 -9999.0 -9999.0 -9999.0 -9999.0 -9999.0 -9999.0 -9999.0 -9999.0 -9999.0 16.14237887444214 16.14237887444214 16.14237887444214 16.14237887444214 16.14237887444214 16.14237887444214 16.14237887444214 16.14237887444214 16.14237887444214 16.14237887444214 16.14237887444214 16.14237887444214 16.14237887444214 16.14237887444214 16.14237887444214 16.14237887444214 16.14237887444214 16.14237887444214 16.14237887444214 16.14237887444214 16.14237887444214 16.14237887444214
-9999.0 -9999.0 -9999.0 -9999.0 -9999.0 -9999.0 -9999.0 -9999.0 -9999.0 -9999.0 -9999.0 -9999.0 -9999.0 -9999.0 -9999.0 -9999.0 -9999.0 -9999.0 -9999.0 -9999.0 -9999.0 -9999.0 16.14237887444214 16.14237887444214 16.14237887444214 16.14237887444214 16.14237887444214 16.14237887444214 16.14237887444214 16.14237887444214 16.14237887444214 16.14237887444214 16.14237887444214 16.14237887444214 16.14237887444214 16.14237887444214 16.14237887444214 16.14237887444214 16.14237887444214 16.14237887444214 16.14237887444214 16.14237887444214 16.14237887444214 16.14237887444214 16.14237887444214
-9999.0 -9999.0 -9999.0 -9999.0 -9999.0 -9999.0 -9999.0 -9999.0 -9999.0 -9999.0 -9999.0 -9999.0 -9999.0 -9999.0 -9999.0 -9999.0 -9999.0 -9999.0 -9999.0 -9999.0 -9999.0 -9999.0 -9999.0 16.14237887444214 16.14237887444214 16.14237887444214 16.14237887444214 16.14237887444214 16.14237887444214 16.14237887444214 16.14237887444214 16.14237887444214 16.14237887444214 16.14237887444214 16.14237887444214 16.14237887444214 16.14237887444214 16.14237887444214 16.14237887444214 16.14237887444214 16.14237887444214 16.14237887444214 16.14237887444214 16.14237887444214 16.14237887444214
-9999.0 -9999.0 -9999.0 -9999.0 -9999.0 -9999.0 -9999.0 -9999.0 -9999.0 -9999.0 -9999.0 -9999.0 -9999.0 -9999.0 -9999.0 -9999.0 -9999.0 -9999.0 -9999.0 -9999.0 -9999.0 -9999.0 16.14237887444214 16.14237887444214 16.14237887444214 16.14237887444214 16.14237887444214 16.14237887444214 16.14237887444214 16.14237887444214 16.14237887444214 16.14237887444214 16.14237887444214 16.14237887444214 16.14237887444214 16.14237887444214 16.14237887444214 16.14237887444214 16.14237887444214 16.14237887444214 16.14237887444214 16.14237887444214 16.14237887444214 16.14237887444214 16.14237887444214
-9999.0 -9999.0 -9999.0 -9999.0 -9999.0 -9999.0 -9999.0 -9999.0 -9999.0 -9999.0 -9999.0 -9999.0 -9999.0 -9999.0 -9999.0 -9999.0 -9999.0 -9999.0 -9999.0 -9999.0 -9999.0 -9999.0 16.14237887444214 16.14237887444214 16.14237887444214 16.14237887444214 16.14237887444214 16.14237887444214 16.14237887444214 16.14237887444214 16.14237887444214 16.14237887444214 16.14237887444214 16.14237887444214 16.14237887444214 16.14237887444214 16.14237887444214 16.14237887444214 16.14237887444214 16.14237887444214 16.14237887444214 16.14237887444214 16.14237887444214 16.14237887444214 16.14237887444214
-9999.0 -9999.0 -9999.0 -9999.0 -9999.0 -9999.0 -9999.0 -9999.0 -9999.0 -9999.0 -9999.0 -9999.0 -9999.0 -9999.0 -9999.0 -9999.0 -9999.0 -9999.0 -9999.0 -9999.0 -9999.0 -9999.0 16.14237887444214 16.14237887444214 16.14237887444214 16.14237887444214 16.14237887444214 13.945826285991433 14.614554162209622 15.283282038427812 15.952009914646 16.62073779086419 17.289465667082375 17.958193543300567 18.626921419518755 19.295649295736943 19.96437717195513 20.63310504817332 21.30183292439151 23.138488654356603 26.22368565561203 29.308882656867457 32.394079658122884 35.479276659378314 38.56447366063374
-9999.0 -9999.0 -9999.0 -9999.0 -9999.0 -9999.0 -9999.0 -9999.0 -9999.0 -9999.0 -9999.0 -9999.0 -9999.0 -9999.0 -9999.0 -9999.0 16.14237887444214 16.14237887444214 16.14237887444214 16.14237887444214 16.14237887444214 16.14237887444214 16.14237887444214 16.14237887444214 16.14237887444214 16.14237887444214 16.14237887444214 18.21895416281815 18.75765753971974 19.29636091662133 19.835064293522922 20.373767670424513 20.912471047326104 21.451174424227695 21.98987780112929 22.52858117803088 23.06728455493247 23.60598793183406 24.144691308735652 25.823904030288187 28.722347017238647 31.620790004189104 34.51923299113957 37.417675978090024 40.31611896504049
-9999.0 -9999.0 -9999.0 -9999.0 -9999.0 -9999.0 -9999.0 -9999.0 -9999.0 -9999.0 -9999.0 -9999.0 -9999.0 -9999.0 -9999.0 -9999.0 16.14237887444214 16.14237887444214 16.14237887444214 16.14237887444214 16.14237887444214 16.14237887444214 16.14237887444214 16.14237887444214 16.14237887444214 16.14237887444214 16.14237887444214 22.492082039648515 22.900760917233395 23.309439794818278 23.71811867240316 24.126797549988044 24.535476427572927 24.94415530515781 25.35283418274269 25.761513060327573 26.170191937912456 26.57887081549734 26.987549693082222 28.509319406222065 31.221008378867396 33.93269735151273 36.64438632415806 39.3560752968034 42.06776426944873
-9999.0 -9999.0 -9999.0 -9999.0 -9999.0 -9999.0 -9999.0 -9999.0 -9999.0 -9999.0 -9999.0 -9999.0 -9999.0 -9999.0 -9999.0 16.14237887444214 16.14237887444214 16.14237887444214 16.14237887444214 16.14237887444214 16.14237887444214 16.14237887444214 16.14237887444214 16.14237887444214 16.14237887444214 16.14237887444214 16.14237887444214 26.765209916475236 27.04386429474352 27.322518673011807 27.601173051280092 27.879827429548374 28.15848180781666 28.437136186084945 28.71579056435323 28.994444942621513 29.2730993208898 29.551753699158084 29.83040807742637 31.194734782153652 33.71966974049402 36.24460469883438 38.76953965717475 41.294474615515114 43.819409573855474
-9999.0 -9999.0 -9999.0 -9999.0 -9999.0 -9999.0 -9999.0 -9999.0 -9999.0 -9999.0 -9999.0 -9999.0 -9999.0 -9999.0 -9999.0 16.14237887444214 16.14237887444214 16.14237887444214 16.14237887444214 16.14237887444214 16.14237887444214 16.14237887444214 16.14237887444214 16.14237887444214 16.14237887444214 16.14237887444214 16.14237887444214 31.03833779330196 31.186967672253648 31.335597551205332 31.48422743015702 31.632857309108704 31.781487188060392 31.93011706701208 32.078746945963765 32.22737682491545 32.37600670386714 32.52463658281883 32.67326646177051 33.880150158085236 36.218331102120636 38.55651204615603 40.89469299019143 43.232873934226824 45.57105487826222
-9999.0 -9999.0 -9999.0 -9999.0 -9999.0 -9999.0 -9999.0 -9999.0 -9999.0 -9999.0 -9999.0 -9999.0 -9999.0 -9999.0 -9999.0 16.14237887444214 16.14237887444214 16.14237887444214 16.14237887444214 16.14237887444214 16.14237887444214 16.14237887444214 16.14237887444214 16.14237887444214 16.14237887444214 16.14237887444214 16.14237887444214 35.311465670128676 35.33007104976377 35.34867642939886 35.36728180903395 35.38588718866903 35.40449256830412 35.42309794793921 35.4417033275743 35.46030870720939 35.47891408684448 35.497519466479574 35.516124846114664 36.565565534016834 38.71699246374726 40.86841939347769 43.019846323208114 45.17127325293854 47.32270018266897
-9999.0 -9999.0 -9999.0 -9999.0 -9999.0 -9999.0 -9999.0 -9999.0 -9999.0 -9999.0 -9999.0 -9999.0 -9999.0 -9999.0 -9999.0 16.14237887444214 16.14237887444214 16.14237887444214 16.14237887444214 16.14237887444214 16.14237887444214 16.14237887444214 16.14237887444214 16.14237887444214 16.14237887444214 16.14237887444214 16.14237887444214 39.5845935469554 39.47317442727389 39.36175530759238 39.25033618791087 39.13891706822936 39.027497948547854 38.91607882886635 38.80465970918483 38.693240589503326 38.58182146982182 38.47040235014031 38.3589832304588 39.25098090994841 41.21565382537387 43.18032674079933 45.14499965622479 47.10967257165025 49.07434548707571
-9999.0 -9999.0 -9999.0 -9999.0 -9999.0 -9999.0 -9999.0 -9999.0 -9999.0 -9999.0 -9999.0 -9999.0 -9999.0 -9999.0 16.14237887444214 16.14237887444214 16.14237887444214 16.14237887444214 16.14237887444214 16.14237887444214 16.14237887444214 16.14237887444214 16.14237887444214 16.14237887444214 16.14237887444214 16.14237887444214 16.14237887444214 43.857721423782124 43.61627780478401 43.37483418578591 43.1333905667878 42.89194694778969 42.65050332879159 42.40905970979348 42.16761609079538 41.92617247179727 41.68472885279916 41.443285233801056 41.20184161480295 41.93639628588 43.714315187000494 45.49223408812099 47.27015298924148 49.04807189036197 50.82599079148246
-9999.0 -9999.0 -9999.0 -9999.0 -9999.0 -9999.0 -9999.0 -9999.0 -9999.0 -9999.0 -9999.0 -9999.0 -9999.0 -9999.0 16.14237887444214 16.14237887444214 16.14237887444214 16.14237887444214 16.14237887444214 16.14237887444214 16.14237887444214 16.14237887444214 16.14237887444214 16.14237887444214 16.14237887444214 16.14237887444214 16.14237887444214 48.13084930061248 47.759381182297666 47.38791306398285 47.01644494566804 46.644976827353226 46.27350870903841 45.902040590723594 45.53057247240878 45.15910435409396 44.787636235779146 44.41616811746433 44.044699999149515 44.62181166181387 46.21297654862924 47.804141435444606 49.39530632225997 50.98647120907533 52.577636095890696
-9999.0 -9999.0 -9999.0 -9999.0 -9999.0 -9999.0 -9999.0 -9999.0 -9999.0 -9999.0 -9999.0 -9999.0 -9999.0 -9999.0 16.14237887444214 16.14237887444214 16.14237887444214 16.14237887444214 16.14237887444214 16.14237887444214 16.14237887444214 16.14237887444214 16.14237887444214 16.14237887444214 16.14237887444214 16.14237887444214 16.14237887444214 52.4039771774392 51.90248455980779 51.400991942176375 50.89949932454496 50.39800670691355 49.896514089282135 49.39502147165072 48.89352885401931 48.392036236387895 47.89054361875648 47.389051001125075 46.88755838349366 47.30722703774546 48.71163791025586 50.116048782766256 51.52045965527665 52.92487052778705 54.32928140029745
-9999.0 -9999.0 -9999.0 -9999.0 -9999.0 -9999.0 -9999.0 -9999.0 -9999.0 -9999.0 -9999.0 -9999.0 -9999.0 -9999.0 16.14237887444214 16.14237887444214 16.14237887444214 16.14237887444214 16.14237887444214 16.14237887444214 16.14237887444214 16.14237887444214 16.14237887444214 16.14237887444214 16.14237887444214 16.14237887444214 16.14237887444214 56.67710505426592 56.04558793731791 55.4140708203699 54.78255370342189 54.15103658647388 53.519519469525875 52.888002352577864 52.25648523562985 51.62496811868184 50.99345100173383 50.36193388478582 49.73041676783781 49.99264241367705 51.210299271882484 52.42795613008791 53.64561298829334 54.86326984649877 56.0809267047042
-9999.0 -9999.0 -9999.0 -9999.0 -9999.0 -9999.0 -9999.0 -9999.0 -9999.0 -9999.0 -9999.0 -9999.0 -9999.0 16.14237887444214 16.14237887444214 16.14237887444214 16.14237887444214 16.14237887444214 16.14237887444214 16.14237887444214 16.14237887444214 16.14237887444214 16.14237887444214 16.14237887444214 16.14237887444214 16.14237887444214 16.14237887444214 60.950232931092636 60.188691314828034 59.427149698563426 58.66560808229882 57.90406646603421 57.1425248497696 56.38098323350499 55.61944161724038 54.857900000975775 54.096358384711166 53.33481676844656 52.57327515218195 52.67805778960864 53.7089606335091 54.73986347740956 55.77076632131002 56.80166916521048 57.83257200911094
-9999.0 -9999.0 -9999.0 -9999.0 -9999.0 -9999.0 -9999.0 -9999.0 -9999.0 -9999.0 -9999.0 -9999.0 16.14237887444214 16.14237887444214 16.14237887444214 16.14237887444214 16.14237887444214 16.14237887444214 16.14237887444214 16.14237887444214 16.14237887444214 16.14237887444214 16.14237887444214 16.14237887444214 16.14237887444214 16.14237887444214 16.14237887444214 63.505851952001045 62.64191993617359 61.77798792034615 60.9140559045187 60.050123888691246 59.1861918728638 58.32225985703635 57.458327841208906 56.594395825381454 55.73046380955401 54.86653179372656 54.00259977789911 54.01271962578946 54.95722066991936 55.90172171404925 56.84622275817915 57.79072380230905 58.73522484643895
-9999.0 -9999.0 -9999.0 -9999.0 -9999.0 -9999.0 -9999.0 -9999.0 -9999.0 -9999.0 -9999.0 -9999.0 -9999.0 16.14237887444214 16.14237887444214 16.14237887444214 16.14237887444214 16.14237887444214 16.14237887444214 16.14237887444214 16.14237887444214 16.14237887444214 16.14237887444214 16.14237887444214 16.14237887444214 16.14237887444214 16.14237887444214 64.22556230683686 63.28877900156074 62.35199569628462 61.4152123910085 60.47842908573239 59.54164578045627 58.60486247518015 57.66807916990403 56.73129586462792 55.7945125593518 54.85772925407568 53.92094594879956 53.903511102401886 54.868880536191945 55.834249969982 56.799619403772056 57.764988837562115 58.730358271352166
-9999.0 -9999.0 -9999.0 -9999.0 -9999.0 -9999.0 -9999.0 -9999.0 -9999.0 -9999.0 -9999.0 -9999.0 -9999.0 16.14237887444214 16.14237887444214 16.14237887444214 16.14237887444214 16.14237887444214 16.14237887444214 16.14237887444214 16.14237887444214 16.14237887444214 16.14237887444214 16.14237887444214 16.14237887444214 16.14237887444214 16.14237887444214 64.94527266167266 63.935638066947874 62.92600347222309 61.9163688774983 60.90673428277351 59.897099688048726 58.88746509332394 57.87783049859916 56.86819590387437 55.858561309149586 54.8489267144248 53.83929211970001 53.794302579014314 54.78054040246453 55.76677822591474 56.75301604936496 57.73925387281517 58.72549169626538
