Figures/CREST_Example_wjb_NSE/Rolling_result/20100722/BJP_forecast/ens_0/wjb.rain.20100610.asc
ncols            288
nrows            254
xllcorner        113.274861
yllcorner        31.4918055
cellsize         0.008333333333
NODATA_value     -9999
[rows 162 to 188 of 254, columns 183 to 243 of 288]
0.0 0.0 0.0 0.0 0.0 0.0 0.0 0.0 0.0 0.0 0.0 0.0 0.0 0.0 0.0 0.0 0.0 0.0 0.0 0.0 0.0 0.0 0.0 0.0 0.0 0.0 0.0 0.0 0.0 0.0 0.0 0.0 0.0 0.0 0.0 0.0 0.005594189905278667 0.0171686954226933 0.028743200940127674 0.040317706457542304 0.05189221197495694 0.06346671749237158 0.0750412230097862 0.08661572852720084 0.09819023404461548 0.10976473956203012 0.12133924507944474 0.13291375059685936 0.13889406621456146 0.13889406621456146 0.13889406621456146 0.13889406621456146 0.13889406621456146 0.13889406621456146 0.13889406621456146 0.13889406621456146 0.13889406621456146 0.13889406621456146 0.13889406621456146 0.13889406621456146 0.13996946269428687
0.0 0.0 0.0 0.0 0.0 0.0 0.0 0.0 0.0 0.0 0.0 0.0 0.0 0.0 0.0 0.0 0.0 0.0 0.0 0.0 0.0 0.0 0.0 0.0 0.0 0.0 0.0 0.0 0.0 0.0 0.0 0.0 0.0 0.0 0.0 0.0 0.005594189905278667 0.0171686954226933 0.028743200940127674 0.040317706457542304 0.05189221197495694 0.06346671749237158 0.0750412230097862 0.08661572852720084 0.09819023404461548 0.10976473956203012 0.12133924507944474 0.13291375059685936 0.13889406621456146 0.13889406621456146 0.13889406621456146 0.13889406621456146 0.13889406621456146 0.13889406621456146 0.13889406621456146 0.13889406621456146 0.13889406621456146 0.13889406621456146 0.13889406621456146 0.13889406621456146 0.13996946269428687
0.0 0.0 0.0 0.0 0.0 0.0 0.0 0.0 0.0 0.0 0.0 0.0 0.0 0.0 0.0 0.0 0.0 0.0 0.0 0.0 0.0 0.0 0.0 0.0 0.0 0.0 0.0 0.0 0.0 0.0 0.0 0.0 0.0 0.0 0.0 0.0 0.005594189905278667 0.0171686954226933 0.028743200940127674 0.040317706457542304 0.05189221197495694 0.06346671749237158 0.0750412230097862 0.08661572852720084 0.09819023404461548 0.10976473956203012 0.12133924507944474 0.13291375059685936 0.13889406621456146 0.13889406621456146 0.13889406621456146 0.13889406621456146 0.13889406621456146 0.13889406621456146 0.13889406621456146 0.13889406621456146 0.13889406621456146 0.13889406621456146 0.13889406621456146 0.13889406621456146 0.13996946269428687
0.0 0.0 0.0 0.0 0.0 0.0 0.0 0.0 0.0 0.0 0.0 0.0 0.0 0.0 0.0 0.0 0.0 0.0 0.0 0.0 0.0 0.0 0.0 0.0 0.0 0.0 0.0 0.0 0.0 0.0 0.0 0.0 0.0 0.0 0.0 0.0 0.005594189905278667 0.0171686954226933 0.028743200940127674 0.040317706457542304 0.05189221197495694 0.06346671749237158 0.0750412230097862 0.08661572852720084 0.09819023404461548 0.10976473956203012 0.12133924507944474 0.13291375059685936 0.13889406621456146 0.13889406621456146 0.13889406621456146 0.13889406621456146 0.13889406621456146 0.13889406621456146 0.13889406621456146 0.13889406621456146 0.13889406621456146 0.13889406621456146 0.13889406621456146 0.13889406621456146 0.13996946269428687
0.0 0.0 0.0 0.0 0.0 0.0 0.0 0.0 0.0 0.0 0.0 0.0 0.0 0.0 0.0 0.0 0.0 0.0 0.0 0.0 0.0 0.0 0.0 0.0 0.0 0.0 0.0 0.0 0.0 0.0 0.0 0.0 0.0 0.0 0.0 0.0 0.005594189905278667 0.0171686954226933 0.028743200940127674 0.040317706457542304 0.05189221197495694 0.06346671749237158 0.0750412230097862 0.08661572852720084 0.09819023404461548 0.10976473956203012 0.12133924507944474 0.13291375059685936 0.13889406621456146 0.13889406621456146 0.13889406621456146 0.13889406621456146 0.13889406621456146 0.13889406621456146 0.13889406621456146 0.13889406621456146 0.13889406621456146 0.13889406621456146 0.13889406621456146 0.13889406621456146 0.13996946269428687
0.0 0.0 0.0 0.0 0.0 0.0 0.0 0.0 0.0 0.0 0.0 0.0 0.0 0.0 0.0 0.0 0.0 0.0 0.0 0.0 0.0 0.0 0.0 0.0 0.0 0.0 0.0 0.0 0.0 0.0 0.0 0.0 0.0 0.0 0.0 0.0 0.005594189905278667 0.0171686954226933 0.028743200940127674 0.040317706457542304 0.05189221197495694 0.06346671749237158 0.0750412230097862 0.08661572852720084 0.09819023404461548 0.10976473956203012 0.12133924507944474 0.13291375059685936 0.13889406621456146 0.13889406621456146 0.13889406621456146 0.13889406621456146 0.13889406621456146 0.13889406621456146 0.13889406621456146 0.13889406621456146 0.13889406621456146 0.13889406621456146 0.13889406621456146 0.13889406621456146 0.13996946269428687
0.0 0.0 0.0 0.0 0.0 0.0 0.0 0.0 0.0 0.0 0.0 0.0 0.0 0.0 0.0 0.0 0.0 0.0 0.0 0.0 0.0 0.0 0.0 0.0 0.0 0.0 0.0 0.0 0.0 0.0 0.0 0.0 0.0 0.0 0.0 0.0 0.005594189905278667 0.0171686954226933 0.028743200940127674 0.040317706457542304 0.05189221197495694 0.06346671749237158 0.0750412230097862 0.08661572852720084 0.09819023404461548 0.10976473956203012 0.12133924507944474 0.13291375059685936 0.13889406621456146 0.13889406621456146 0.13889406621456146 0.13889406621456146 0.13889406621456146 0.13889406621456146 0.13889406621456146 0.13889406621456146 0.13889406621456146 0.13889406621456146 0.13889406621456146 0.13889406621456146 0.13996946269428687
0.0 0.0 0.0 0.0 0.0 0.0 0.0 0.0 0.0 0.0 0.0 0.0 0.0 0.0 0.0 0.0 0.0 0.0 0.0 0.0 0.0 0.0 0.0 0.0 0.0 0.0 0.0 0.0 0.0 0.0 0.0 0.0 0.0 0.0 0.0 0.0 0.005479120063449258 0.016815543473946898 0.028151966884463867 0.039488390294961505 0.050824813705459146 0.06216123711595679 0.07349766052645443 0.08483408393695206 0.0961705073474497 0.10750693075794734 0.11884335416844498 0.1301797775789426 0.13603708093144262 0.13603708093144262 0.13603708093144262 0.13603708093144262 0.13603708093144262 0.13603708093144262 0.13603708093144262 0.13603708093144262 0.13603708093144262 0.13603708093144262 0.13603708093144262 0.13603708093144262 0.13715264776994662
0.0 0.0 0.0 0.0 0.0 0.0 0.0 0.0 0.0 0.0 0.0 0.0 0.0 0.0 0.0 0.0 0.0 0.0 0.0 0.0 0.0 0.0 0.0 0.0 0.0 0.0 0.0 0.0 0.0 0.0 0.0 0.0 0.0 0.0 0.0 0.0 0.005241047814059041 0.016084894352700718 0.026928740891360884 0.03777258743000256 0.048616433968644235 0.05946028050728591 0.07030412704592759 0.08114797358456927 0.09199182012321094 0.10283566666185262 0.11367951320049428 0.12452335973913596 0.13012615846893336 0.13012615846893336 0.13012615846893336 0.13012615846893336 0.13012615846893336 0.13012615846893336 0.13012615846893336 0.13012615846893336 0.13012615846893336 0.13012615846893336 0.13012615846893336 0.13012615846893336 0.13132483524763708
0.0 0.0 0.0 0.0 0.0 0.0 0.0 0.0 0.0 0.0 0.0 0.0 0.0 0.0 0.0 0.0 0.0 0.0 0.0 0.0 0.0 0.0 0.0 0.0 0.0 0.0 0.0 0.0 0.0 0.0 0.0 0.0 0.0 0.0 0.0 0.0 0.0050029755646690275 0.01535424523145516 0.025705514898258945 0.036056784565045075 0.04640805423183121 0.05675932389861734 0.06711059356540347 0.0774618632321896 0.08781313289897574 0.09816440256576187 0.108515672232548 0.11886694189933414 0.12421523600642913 0.12421523600642913 0.12421523600642913 0.12421523600642913 0.12421523600642913 0.12421523600642913 0.12421523600642913 0.12421523600642913 0.12421523600642913 0.12421523600642913 0.12421523600642913 0.12421523600642913 0.1254970227253325
0.0 0.0 0.0 0.0 0.0 0.0 0.0 0.0 0.0 0.0 0.0 0.0 0.0 0.0 0.0 0.0 0.0 0.0 0.0 0.0 0.0 0.0 0.0 0.0 0.0 0.0 0.0 0.0 0.0 0.0 0.0 0.0 0.0 0.0 0.0 0.0 0.004764903315279016 0.014623596110209606 0.02448228890515701 0.0343409817000876 0.044199674495018194 0.05405836728994878 0.06391706008487938 0.07377575287980996 0.08363444567474056 0.09349313846967115 0.10335183126460173 0.11321052405953233 0.1183043135439249 0.1183043135439249 0.1183043135439249 0.1183043135439249 0.1183043135439249 0.1183043135439249 0.1183043135439249 0.1183043135439249 0.1183043135439249 0.1183043135439249 0.1183043135439249 0.1183043135439249 0.11966921020302791
0.0 0.0 0.0 0.0 0.0 0.0 0.0 0.0 0.0 0.0 0.0 0.0 0.0 0.0 0.0 0.0 0.0 0.0 0.0 0.0 0.0 0.0 0.0 0.0 0.0 0.0 0.0 0.0 0.0 0.0 0.0 0.0 0.0 0.0 0.0 0.0 0.004526831065889001 0.013892946988964048 0.023259062912055064 0.03262517883513011 0.04199129475820516 0.051357410681280205 0.06072352660435525 0.0700896425274303 0.07945575845050534 0.08882187437358038 0.09818799029665544 0.10755410621973048 0.11239339108142066 0.11239339108142066 0.11239339108142066 0.11239339108142066 0.11239339108142066 0.11239339108142066 0.11239339108142066 0.11239339108142066 0.11239339108142066 0.11239339108142066 0.11239339108142066 0.11239339108142066 0.11384139768072332
0.0 0.0 0.0 0.0 0.0 0.0 0.0 0.0 0.0 0.0 0.0 0.0 0.0 0.0 0.0 0.0 0.0 0.0 0.0 0.0 0.0 0.0 0.0 0.0 0.0 0.0 0.0 0.0 0.0 0.0 0.0 0.0 0.0 0.0 0.0 0.0 0.0042887588164989875 0.01316229786771849 0.022035836918953125 0.03090937597017263 0.03978291502139213 0.048656454072611634 0.05752999312383114 0.06640353217505064 0.07527707122627014 0.08415061027748964 0.09302414932870914 0.10189768837992866 0.10648246861891641 0.10648246861891641 0.10648246861891641 0.10648246861891641 0.10648246861891641 0.10648246861891641 0.10648246861891641 0.10648246861891641 0.10648246861891641 0.10648246861891641 0.10648246861891641 0.10648246861891641 0.10801358515841873
0.0 0.0 0.0 0.0 0.0 0.0 0.0 0.0 0.0 0.0 0.0 0.0 0.0 0.0 0.0 0.0 0.0 0.0 0.0 0.0 0.0 0.0 0.0 0.0 0.0 0.0 0.0 0.0 0.0 0.0 0.0 0.0 0.0 0.0 0.0 0.0 0.004050686567108974 0.012431648746472934 0.020812610925851186 0.029193573105215146 0.03757453528457911 0.04595549746394307 0.05433645964330703 0.06271742182267098 0.07109838400203494 0.0794793461813989 0.08786030836076286 0.09624127054012682 0.10057154615641219 0.10057154615641219 0.10057154615641219 0.10057154615641219 0.10057154615641219 0.10057154615641219 0.10057154615641219 0.10057154615641219 0.10057154615641219 0.10057154615641219 0.10057154615641219 0.10057154615641219 0.10218577263611414
0.0 0.0 0.0 0.0 0.0 0.0 0.0 0.0 0.0 0.0 0.0 0.0 0.0 0.0 0.0 0.0 0.0 0.0 0.0 0.0 0.0 0.0 0.0 0.0 0.0 0.0 0.0 0.0 0.0 0.0 0.0 0.0 0.0 0.0 0.0 0.0 0.003812614317718758 0.011700999625226756 0.019589384932748206 0.027477770240256202 0.0353661555477642 0.0432545408552722 0.0511429261627802 0.05903131147028819 0.06691969677779619 0.07480808208530419 0.08269646739281218 0.09058485270032018 0.0946606236939029 0.0946606236939029 0.0946606236939029 0.0946606236939029 0.0946606236939029 0.0946606236939029 0.0946606236939029 0.0946606236939029 0.0946606236939029 0.0946606236939029 0.0946606236939029 0.0946606236939029 0.09635796011380458
0.0 0.0 0.0 0.0 0.0 0.0 0.0 0.0 0.0 0.0 0.0 0.0 0.0 0.0 0.0 0.0 0.0 0.0 0.0 0.0 0.0 0.0 0.0 0.0 0.0 0.0 0.0 0.0 0.0 0.0 0.0 0.0 0.0 0.0 0.0 0.0 0.0035745420683287446 0.010970350503981199 0.018366158939646268 0.02576196737529872 0.033157775810951175 0.04055358424660363 0.047949392682256085 0.05534520111790854 0.06274100955356099 0.07013681798921345 0.0775326264248659 0.08492843486051836 0.08874970123139868 0.08874970123139868 0.08874970123139868 0.08874970123139868 0.08874970123139868 0.08874970123139868 0.08874970123139868 0.08874970123139868 0.08874970123139868 0.08874970123139868 0.08874970123139868 0.08874970123139868 0.09053014759150001
0.0 0.0 0.0 0.0 0.0 0.0 0.0 0.0 0.0 0.0 0.0 0.0 0.0 0.0 0.0 0.0 0.0 0.0 0.0 0.0 0.0 0.0 0.0 0.0 0.0 0.0 0.0 0.0 0.0 0.0 0.0 0.0 0.0 0.0 0.0 0.0 0.0033364698189387314 0.010239701382735642 0.017142932946544325 0.024046164510341236 0.030949396074138148 0.03785262763793506 0.04475585920173197 0.05165909076552888 0.058562322329325796 0.06546555389312271 0.07236878545691962 0.07927201702071653 0.08283877876889444 0.08283877876889444 0.08283877876889444 0.08283877876889444 0.08283877876889444 0.08283877876889444 0.08283877876889444 0.08283877876889444 0.08283877876889444 0.08283877876889444 0.08283877876889444 0.08283877876889444 0.08470233506919542
0.0 0.0 0.0 0.0 0.0 0.0 0.0 0.0 0.0 0.0 0.0 0.0 0.0 0.0 0.0 0.0 0.0 0.0 0.0 0.0 0.0 0.0 0.0 0.0 0.0 0.0 0.0 0.0 0.0 0.0 0.0 0.0 0.0 0.0 0.0 0.0 0.0030983975695487178 0.009509052261490087 0.015919706953442386 0.022330361645383753 0.028741016337325124 0.035151671029266494 0.04156232572120786 0.04797298041314923 0.054383635105090596 0.06079428979703196 0.06720494448897334 0.0736155991809147 0.07692785630639021 0.07692785630639021 0.07692785630639021 0.07692785630639021 0.07692785630639021 0.07692785630639021 0.07692785630639021 0.07692785630639021 0.07692785630639021 0.07692785630639021 0.07692785630639021 0.07692785630639021 0.07887452254689083
0.0 0.0 0.0 0.0 0.0 0.0 0.0 0.0 0.0 0.0 0.0 0.0 0.0 0.0 0.0 0.0 0.0 0.0 0.0 0.0 0.0 0.0 0.0 0.0 0.0 0.0 0.0 0.0 0.0 0.0 0.0 0.0 0.0 0.0 0.0 0.0 0.0028603253201587046 0.00877840314024453 0.014696480960340447 0.02061455878042627 0.026532636600512097 0.03245071442059792 0.03836879224068375 0.044286870060769576 0.050204947880855395 0.05612302570094122 0.06204110352102705 0.06795918134111287 0.07101693384388597 0.07101693384388597 0.07101693384388597 0.07101693384388597 0.07101693384388597 0.07101693384388597 0.07101693384388597 0.07101693384388597 0.07101693384388597 0.07101693384388597 0.07101693384388597 0.07101693384388597 0.07304671002458624
0.0 0.0 0.0 0.0 0.0 0.0 0.0 0.0 0.0 0.0 0.0 0.0 0.00013429765488460872 0.00041216254160989066 0.0006900274283351726 0.0009678923150604545 0.0012457572017857365 0.0015236220885110185 0.0018014869752363005 0.0020793518619615825 0.0023572167486868643 0.002635081635412146 0.0029129465221374284 0.00319081140886271 0.0033343786408370074 0.0033343786408370074 0.0033343786408370074 0.0033343786408370074 0.0033343786408370074 0.0033343786408370074 0.0033343786408370074 0.0033343786408370074 0.0033343786408370074 0.0033343786408370074 0.0033343786408370074 0.0033343786408370074 0.005827149093331564 0.01098474757400187 0.01614234605468097 0.02129994453535128 0.026457543016021583 0.031615141496691895 0.0367727399773622 0.041930338458032505 0.04708793693870281 0.052245535419373115 0.057403133900043424 0.06256073238071373 0.06522556041136975 0.06522556041136975 0.06522556041136975 0.06522556041136975 0.06522556041136975 0.06522556041136975 0.06522556041136975 0.06522556041136975 0.06522556041136975 0.06522556041136975 0.06522556041136975 0.06522556041136975 0.06731515840153171
0.0 0.0 0.0 0.0 0.0 0.0 0.0 0.0 0.0 0.0 0.0 0.0 0.0004121510377486976 0.0012649008606413546 0.002117650683534012 0.002970400506426669 0.0038231503293193257 0.004675900152211983 0.00552864997510464 0.006381399797997297 0.0072341496208899545 0.008086899443782611 0.008939649266675268 0.009792399089567926 0.010232997875121969 0.010232997875121969 0.010232997875121969 0.010232997875121969 0.010232997875121969 0.010232997875121969 0.010232997875121969 0.010232997875121969 0.010232997875121969 0.010232997875121969 0.010232997875121969 0.010232997875121969 0.012219804702606588 0.016330552992552646 0.020441301282505715 0.024552049572451773 0.028662797862397834 0.03277354615234389 0.03688429444228995 0.04099504273223601 0.04510579102218207 0.04921653931212813 0.05332728760207419 0.05743803589202025 0.059561977356458524 0.059561977356458524 0.059561977356458524 0.059561977356458524 0.059561977356458524 0.059561977356458524 0.059561977356458524 0.059561977356458524 0.059561977356458524 0.059561977356458524 0.059561977356458524 0.059561977356458524 0.06168650361222813
0.0 0.0 0.0 0.0 0.0 0.0 0.0 0.0 0.0 0.0 0.0 0.0 0.000690004420613024 0.002117639179673548 0.0035452739387340716 0.004972908697794595 0.0064005434568551196 0.007828178215915643 0.009255812974976166 0.010683447734036691 0.012111082493097215 0.013538717252157738 0.014966352011218261 0.016393986770278784 0.017131617109412828 0.017131617109412828 0.017131617109412828 0.017131617109412828 0.017131617109412828 0.017131617109412828 0.017131617109412828 0.017131617109412828 0.017131617109412828 0.017131617109412828 0.017131617109412828 0.017131617109412828 0.018612460311887076 0.021676358411107995 0.024740256510334138 0.027804154609555057 0.030868052708775975 0.033931950807996894 0.03699584890721781 0.04005974700643873 0.04312364510565965 0.04618754320488057 0.04925144130410148 0.0523153394033224 0.05389839430154248 0.05389839430154248 0.05389839430154248 0.05389839430154248 0.05389839430154248 0.05389839430154248 0.05389839430154248 0.05389839430154248 0.05389839430154248 0.05389839430154248 0.05389839430154248 0.05389839430154248 0.05605784882291976
0.0 0.0 0.0 0.0 0.0 0.0 0.0 0.0 0.0 0.0 0.0 0.0 0.0009678578034771132 0.002970377498705013 0.004972897193932913 0.006975416889160812 0.008977936584388712 0.01098045627961661 0.01298297597484451 0.01498549567007241 0.01698801536530031 0.01899053506052821 0.020993054755756108 0.02299557445098401 0.024030236343697796 0.024030236343697796 0.024030236343697796 0.024030236343697796 0.024030236343697796 0.024030236343697796 0.024030236343697796 0.024030236343697796 0.024030236343697796 0.024030236343697796 0.024030236343697796 0.024030236343697796 0.025005115921162106 0.027022163829658778 0.029039211738158887 0.031056259646655555 0.033073307555152226 0.035090355463648894 0.03710740337214556 0.039124451280642236 0.041141499189138904 0.04315854709763557 0.045175595006132246 0.047192642914628914 0.04823481124663126 0.04823481124663126 0.04823481124663126 0.04823481124663126 0.04823481124663126 0.04823481124663126 0.04823481124663126 0.04823481124663126 0.04823481124663126 0.04823481124663126 0.04823481124663126 0.04823481124663126 0.05042919403361618
0.0 0.0 0.0 0.0 0.0 0.0 0.0 0.0 0.0 0.0 0.0 0.0 0.0012457111863412023 0.0038231158177364773 0.0064005204491317524 0.008977925080527027 0.011555329711922302 0.014132734343317578 0.01671013897471285 0.019287543606108126 0.021864948237503404 0.02444235286889868 0.027019757500293954 0.02959716213168923 0.030928855577982764 0.030928855577982764 0.030928855577982764 0.030928855577982764 0.030928855577982764 0.030928855577982764 0.030928855577982764 0.030928855577982764 0.030928855577982764 0.030928855577982764 0.030928855577982764 0.030928855577982764 0.03139777153043714 0.03236796924820956 0.033338166965983636 0.03430836468375605 0.03527856240152848 0.0362487601193009 0.03721895783707332 0.03818915555484574 0.039159353272618165 0.04012955099039058 0.041099748708163006 0.04206994642593542 0.04257122819172004 0.04257122819172004 0.04257122819172004 0.04257122819172004 0.04257122819172004 0.04257122819172004 0.04257122819172004 0.04257122819172004 0.04257122819172004 0.04257122819172004 0.04257122819172004 0.04257122819172004 0.0448005392443126
0.0 0.0 0.0 0.0 0.0 0.0 0.0 0.0 0.0 0.0 0.0 0.0 0.0015235645692052919 0.0046758541367679434 0.007828143704330595 0.010980433271893247 0.014132722839455897 0.01728501240701855 0.020437301974581202 0.023589591542143854 0.026741881109706503 0.029894170677269155 0.03304646024483181 0.03619874981239446 0.03782747481226774 0.03782747481226774 0.03782747481226774 0.03782747481226774 0.03782747481226774 0.03782747481226774 0.03782747481226774 0.03782747481226774 0.03782747481226774 0.03782747481226774 0.03782747481226774 0.03782747481226774 0.037790427139712174 0.03771377466676035 0.03763712219380839 0.03756046972085656 0.037483817247904734 0.03740716477495291 0.03733051230200108 0.03725385982904925 0.037177207356097426 0.0371005548831456 0.037023902410193765 0.03694724993724194 0.03690764513680882 0.03690764513680882 0.03690764513680882 0.03690764513680882 0.03690764513680882 0.03690764513680882 0.03690764513680882 0.03690764513680882 0.03690764513680882 0.03690764513680882 0.03690764513680882 0.03690764513680882 0.03917188445500902
0.0 0.0 0.0 0.0 0.0 0.0 0.0 0.0 0.0 0.0 0.0 0.0 0.0018014179520693808 0.005528592455799408 0.009255766959529435 0.012982941463259462 0.01671011596698949 0.020437290470719516 0.024164464974449542 0.02789163947817957 0.0316188139819096 0.03534598848563963 0.03907316298936965 0.04280033749309968 0.04472609404655271 0.04472609404655271 0.04472609404655271 0.04472609404655271 0.04472609404655271 0.04472609404655271 0.04472609404655271 0.04472609404655271 0.04472609404655271 0.04472609404655271 0.04472609404655271 0.04472609404655271 0.044183082748987204 0.043059580085311126 0.04193607742163314 0.04081257475795706 0.039689072094280985 0.03856556943060491 0.037442066766928836 0.03631856410325276 0.03519506143957668 0.03407155877590061 0.03294805611222453 0.031824553448548454 0.0312440620818976 0.0312440620818976 0.0312440620818976 0.0312440620818976 0.0312440620818976 0.0312440620818976 0.0312440620818976 0.0312440620818976 0.0312440620818976 0.0312440620818976 0.0312440620818976 0.0312440620818976 0.03354322966570544
0.0 0.0 0.0 0.0 0.0 0.0 0.0 0.0 0.0 0.0 0.0 0.0 0.00207927133493347 0.006381330774830872 0.010683390214728276 0.014985449654625678 0.01928750909452308 0.023589568534420482 0.027891627974317885 0.032193687414215286 0.03649574685411269 0.04079780629401009 0.04509986573390749 0.0494019251738049 0.051624713280837675 0.051624713280837675 0.051624713280837675 0.051624713280837675 0.051624713280837675 0.051624713280837675 0.051624713280837675 0.051624713280837675 0.051624713280837675 0.051624713280837675 0.051624713280837675 0.051624713280837675 0.050575738358262234 0.04840538550386191 0.046235032649457886 0.044064679795057564 0.04189432694065724 0.039723974086256914 0.03755362123185659 0.03538326837745627 0.03321291552305594 0.031042562668655623 0.028872209814255298 0.026701856959854976 0.02558047902698638 0.02558047902698638 0.02558047902698638 0.02558047902698638 0.02558047902698638 0.02558047902698638 0.02558047902698638 0.02558047902698638 0.02558047902698638 0.02558047902698638 0.02558047902698638 0.02558047902698638 0.027914574876401865
