Figures/CREST_Example_wjb_NSE/Rolling_result/20100722/BJP_forecast/ens_0/wjb.rain.20100725.asc
ncols            288
nrows            254
xllcorner        113.274861
yllcorner        31.4918055
cellsize         0.008333333333
NODATA_value     -9999
[rows 180 to 199 of 254, columns 90 to 134 of 288]
26.46393973431213 26.636539719968585 26.80913970562474 26.9817396912809 27.15433967693706 27.32693966259322 27.499539648249375 27.672139633905534 27.844739619561693 27.49025044557988 26.57229104210122 25.654331638622562 24.736372235143904 23.818412831665242 22.900453428185017 21.98249402470636 21.0645346212277 20.14657521774904 19.22861581427038 18.310656410791722 17.39269700731306 16.893529529260725 16.84206008952111 16.790590649781493 16.739121210041876 16.68765177030226 16.636182330562644 16.58471289082294 16.533243451083322 16.481774011343706 16.43030457160409 16.378835131864474 16.327365692124857 16.50523079507938 16.928259710526252 17.351288625973126 17.77431754142 18.19734645686687 18.620375372313745 19.04340428776062 19.466433203208215 19.889462118655086 20.31249103410196 20.735519949548834 21.15854886499571
26.166463772332204 26.360654447201394 26.554845122070255 26.74903579693912 26.94322647180798 27.13741714667684 27.3316078215457 27.525798496414563 27.719989171283423 27.371857605099326 26.443971300955443 25.516084996811564 24.58819869266768 23.6603123885238 22.732426084378336 21.804539780234457 20.876653476090574 19.94876717194669 19.02088086780281 18.09299456365893 17.165108259515048 16.67045343834754 16.638932869031684 16.60741229971583 16.575891730399974 16.54437116108412 16.51285059176826 16.48133002245235 16.449809453136496 16.41828888382064 16.386768314504785 16.35524774518893 16.323727175873074 16.493052782653375 16.877087493774383 17.26112220489539 17.645156916016397 18.0291916271374 18.413226338258408 18.797261049379415 19.181295760501076 19.565330471622083 19.94936518274309 20.333399893864097 20.7174346049851
25.77765711990157 25.969005542134934 26.16035396436797 26.351702386601012 26.54305080883405 26.73439923106709 26.925747653300128 27.11709607553317 27.308444497766207 26.96844816532472 26.060432276070422 25.15241638681612 24.244400497561823 23.336384608307522 22.428368719051676 21.520352829797375 20.612336940543074 19.704321051288776 18.79630516203448 17.888289272780177 16.980273383525876 16.49624474846538 16.465468075650648 16.434691402835917 16.403914730021185 16.373138057206454 16.342361384391726 16.31158471157694 16.28080803876221 16.25003136594748 16.21925469313275 16.18847802031802 16.157701347503288 16.298092783983137 16.62146680022958 16.944840816476027 17.268214832722474 17.591588848968918 17.914962865215365 18.238336881461812 18.561710897708807 18.885084913955254 19.2084589302017 19.531832946448144 19.85520696269459
25.388850467470604 25.577356637068142 25.765862806665357 25.954368976262572 26.142875145859783 26.331381315456998 26.519887485054213 26.708393654651427 26.896899824248642 26.565038725549776 25.676893251185074 24.788747776820372 23.900602302455674 23.012456828090972 22.124311353724757 21.236165879360055 20.348020404995353 19.45987493063065 18.57172945626595 17.683583981901247 16.795438507536545 16.32203605858307 16.292003282269466 16.26197050595586 16.231937729642254 16.201904953328647 16.171872177015043 16.141839400701386 16.111806624387782 16.081773848074175 16.05174107176057 16.021708295446963 15.99167551913336 16.10313278531273 16.365846106684565 16.628559428056395 16.89127274942823 17.153986070800062 17.416699392171896 17.67941271354373 17.94212603491601 18.204839356287845 18.46755267765968 18.73026599903151 18.992979320403343
25.000043815039973 25.18570773200168 25.371371648963073 25.557035565924465 25.742699482885858 25.928363399847253 26.114027316808645 26.299691233770037 26.48535515073143 26.161629285775177 25.293354226300057 24.425079166824936 23.556804107349816 22.688529047874695 21.820253988398097 20.951978928922976 20.083703869447856 19.215428809972735 18.347153750497615 17.478878691022494 16.610603631547377 16.14782736870091 16.11853848888843 16.08924960907595 16.05996072926347 16.03067184945099 16.001382969638506 15.972094089825976 15.942805210013496 15.913516330201015 15.884227450388535 15.854938570576055 15.825649690763573 15.908172786642492 16.110225413139762 16.312278039637036 16.51433066613431 16.716383292631583 16.918435919128854 17.120488545626127 17.322541172123746 17.524593798621016 17.72664642511829 17.928699051615563 18.130751678112834
24.611237162609342 24.794058826935224 24.976880491260793 25.159702155586366 25.342523819911936 25.525345484237505 25.708167148563074 25.890988812888647 26.073810477214217 25.758219846000575 24.909815201415036 24.0614105568295 23.21300591224396 22.364601267658422 21.516196623071437 20.667791978485898 19.81938733390036 18.97098268931482 18.12257804472928 17.274173400143745 16.425768755558202 15.973618678818752 15.945073695507396 15.91652871219604 15.887983728884684 15.859438745573328 15.830893762261972 15.802348778950567 15.77380379563921 15.745258812327855 15.716713829016498 15.688168845705142 15.659623862393786 15.713212787972251 15.854604719594963 15.995996651217673 16.137388582840387 16.278780514463097 16.42017244608581 16.56156437770852 16.702956309331473 16.844348240954186 16.985740172576897 17.12713210419961 17.26852403582232
24.222430510178707 24.402409921868763 24.582389333558513 24.76236874524826 24.94234815693801 25.122327568627757 25.302306980317507 25.482286392007254 25.662265803697004 25.354810406225976 24.52627617653002 23.69774194683406 22.869207717138103 22.04067348744215 21.212139257744777 20.38360502804882 19.555070798352865 18.726536568656904 17.89800233896095 17.069468109264992 16.240933879569035 15.799409988936596 15.771608902126363 15.743807815316131 15.7160067285059 15.688205641695667 15.660404554885437 15.632603468075157 15.604802381264925 15.577001294454695 15.549200207644462 15.52139912083423 15.493598034023998 15.51825278930201 15.598984026050163 15.679715262798313 15.760446499546465 15.841177736294615 15.921908973042767 16.00264020979092 16.083371446539207 16.164102683287357 16.244833920035507 16.32556515678366 16.40629639353181
23.833623857748076 24.010761016802302 24.18789817585623 24.365035334910157 24.542172493964085 24.71930965301801 24.896446812071936 25.073583971125863 25.25072113017979 24.951400966451374 24.142737151644997 23.334073336838625 22.52540952203225 21.716745707225872 20.908081892418117 20.09941807761174 19.290754262805365 18.482090447998992 17.673426633192612 16.86476281838624 16.056099003579863 15.625201299054435 15.598144108745329 15.57108691843622 15.544029728127114 15.516972537818008 15.4899153475089 15.462858157199747 15.43580096689064 15.408743776581533 15.381686586272426 15.35462939596332 15.327572205654212 15.323292790631772 15.343363332505362 15.363433874378952 15.383504416252542 15.403574958126132 15.423645499999724 15.443716041873314 15.463786583746938 15.483857125620528 15.503927667494118 15.523998209367708 15.544068751241298
23.44481720531744 23.619112111735845 23.79340701815395 23.967701924572054 24.14199683099016 24.316291737408264 24.49058664382637 24.66488155024447 24.839176456662575 24.547991526676775 23.75919812675998 22.970404726843185 22.18161132692639 21.392817927009595 20.604024527091457 19.815231127174663 19.026437727257868 18.237644327341073 17.44885092742428 16.660057527507483 15.87126412759069 15.450992609172276 15.424679315364294 15.398366021556312 15.37205272774833 15.345739433940347 15.319426140132364 15.293112846324338 15.266799552516355 15.240486258708373 15.214172964900392 15.18785967109241 15.161546377284427 15.128332791961533 15.087742638960563 15.047152485959591 15.006562332958621 14.965972179957651 14.92538202695668 14.88479187395571 14.84420172095467 14.803611567953698 14.763021414952728 14.722431261951758 14.681841108950787
23.05601055288648 23.22746320666905 23.398915860451332 23.57036851423361 23.74182116801589 23.91327382179817 24.08472647558045 24.256179129362728 24.42763178314501 24.144582086901828 23.375659101874632 22.606736116847436 21.83781313182024 21.06889014679304 20.299967161764535 19.53104417673734 18.762121191710143 17.993198206682948 17.224275221655752 16.455352236628556 15.68642925160136 15.276783919289967 15.25121452198311 15.225645124676253 15.200075727369397 15.17450633006254 15.148936932755682 15.123367535448782 15.097798138141926 15.072228740835067 15.04665934352821 15.021089946221354 14.995520548914497 14.933372793291126 14.832121945415542 14.73087109753996 14.629620249664377 14.528369401788794 14.42711855391321 14.325867706037627 14.224616858161871 14.123366010286288 14.022115162410707 13.920864314535123 13.81961346665954
22.667203900455846 22.83581430160259 23.00442470274905 23.173035103895508 23.341645505041964 23.510255906188423 23.67886630733488 23.847476708481338 24.016087109627797 23.741172647127225 22.99212007698961 22.243067506851997 21.494014936714382 20.744962366576768 19.99590979643788 19.246857226300264 18.49780465616265 17.748752086025036 16.99969951588742 16.250646945749807 15.501594375612191 15.10257522940781 15.077749728602077 15.052924227796344 15.028098726990612 15.00327322618488 14.978447725379148 14.953622224573373 14.92879672376764 14.903971222961909 14.879145722156176 14.854320221350443 14.82949472054471 14.738412794620888 14.576501251870743 14.4145897091206 14.252678166370456 14.090766623620313 13.928855080870168 13.766943538120024 13.605031995369604 13.44312045261946 13.281208909869317 13.119297367119174 12.957385824369029
22.27839724802521 22.444165396536132 22.609933545046765 22.7757016935574 22.941469842068038 23.107237990578675 23.27300613908931 23.438774287599948 23.60454243611058 23.337763207352626 22.608581052104594 21.87939889685656 21.150216741608524 20.42103458636049 19.691852431111215 18.962670275863182 18.23348812061515 17.504305965367116 16.775123810119084 16.04594165487105 15.31675949962302 14.92836653952565 14.904284935221042 14.880203330916435 14.856121726611827 14.83204012230722 14.807958518002613 14.783876913697963 14.759795309393356 14.735713705088749 14.71163210078414 14.687550496479533 14.663468892174926 14.54345279595065 14.320880558325944 14.09830832070124 13.875736083076536 13.65316384545183 13.430591607827125 13.20801937020242 12.985447132577336 12.762874894952631 12.540302657327928 12.317730419703222 12.095158182078517
21.88959059559458 22.052516491469675 22.21544238734449 22.378368283219302 22.541294179094113 22.704220074968926 22.86714597084374 23.030071866718554 23.192997762593368 22.934353767578024 22.225042027219573 21.51573028686112 20.80641854650267 20.097106806144218 19.387795065784555 18.678483325426104 17.969171585067652 17.2598598447092 16.55054810435075 15.841236363992298 15.131924623633846 14.75415784964349 14.730820141840008 14.707482434036525 14.684144726233042 14.660807018429558 14.637469310626075 14.614131602822553 14.59079389501907 14.567456187215587 14.544118479412104 14.52078077160862 14.497443063805138 14.348492797280409 14.065259864781144 13.782026932281878 13.498793999782613 13.215561067283346 12.93232813478408 12.649095202284816 12.365862269785067 12.082629337285802 11.799396404786537 11.516163472287271 11.232930539788006
21.57892856779238 21.74951902454571 21.920109481298745 22.090699938051785 22.26129039480482 22.431880851557857 22.602471308310893 22.77306176506393 22.94365222181697 25.30359555383384 25.30359555383384 25.30359555383384 25.30359555383384 25.30359555383384 25.30359555383384 25.30359555383384 25.30359555383384 25.30359555383384 25.30359555383384 25.30359555383384 25.30359555383384 25.30359555383384 25.30359555383384 25.30359555383384 25.30359555383384 25.30359555383384 25.30359555383384 25.30359555383384 25.30359555383384 25.30359555383384 25.30359555383384 25.30359555383384 25.30359555383384 14.188906595476777 13.886207815360336 13.583509035243896 13.280810255127456 12.978111475011017 12.675412694894577 12.372713914778137 12.070015134661181 11.767316354544741 11.464617574428301 11.161918794311863 10.859220014195422
21.351798218241807 21.54128435727272 21.730770496303304 21.920256635333892 22.10974277436448 22.29922891339507 22.488715052425654 22.678201191456242 22.86768733048683 25.30359555383384 25.30359555383384 25.30359555383384 25.30359555383384 25.30359555383384 25.30359555383384 25.30359555383384 25.30359555383384 25.30359555383384 25.30359555383384 25.30359555383384 25.30359555383384 25.30359555383384 25.30359555383384 25.30359555383384 25.30359555383384 25.30359555383384 25.30359555383384 25.30359555383384 25.30359555383384 25.30359555383384 25.30359555383384 25.30359555383384 25.30359555383384 14.067132752903854 13.78900282036643 13.51087288782901 13.232742955291586 12.954613022754163 12.676483090216742 12.398353157679319 12.120223225141423 11.842093292604 11.563963360066577 11.285833427529155 11.007703494991732
21.124667868691333 21.333049689999818 21.541431511307948 21.74981333261608 21.95819515392421 22.16657697523234 22.37495879654047 22.5833406178486 22.791722439156725 25.30359555383384 25.30359555383384 25.30359555383384 25.30359555383384 25.30359555383384 25.30359555383384 25.30359555383384 25.30359555383384 25.30359555383384 25.30359555383384 25.30359555383384 25.30359555383384 25.30359555383384 25.30359555383384 25.30359555383384 25.30359555383384 25.30359555383384 25.30359555383384 25.30359555383384 25.30359555383384 25.30359555383384 25.30359555383384 25.30359555383384 25.30359555383384 13.945358910330981 13.691797825372566 13.438236740414151 13.184675655455734 12.93111457049732 12.677553485538903 12.423992400580488 12.17043131562164 11.916870230663225 11.663309145704808 11.409748060746393 11.156186975787978
20.897537519140858 21.124815022726917 21.35209252631259 21.57937002989826 21.806647533483932 22.033925037069604 22.26120254065528 22.48848004424095 22.715757547826623 25.30359555383384 25.30359555383384 25.30359555383384 25.30359555383384 25.30359555383384 25.30359555383384 25.30359555383384 25.30359555383384 25.30359555383384 25.30359555383384 25.30359555383384 25.30359555383384 25.30359555383384 25.30359555383384 25.30359555383384 25.30359555383384 25.30359555383384 25.30359555383384 25.30359555383384 25.30359555383384 25.30359555383384 25.30359555383384 25.30359555383384 25.30359555383384 13.823585067758112 13.594592830378703 13.365600592999293 13.136608355619884 12.907616118240476 12.678623880861068 12.44963164348166 12.22063940610186 11.991647168722452 11.762654931343043 11.533662693963635 11.304670456584226
20.670407169590284 20.916580355453927 21.16275354131715 21.408926727180372 21.655099913043596 21.90127309890682 22.14744628477004 22.393619470633265 22.639792656496486 25.30359555383384 25.30359555383384 25.30359555383384 25.30359555383384 25.30359555383384 25.30359555383384 25.30359555383384 25.30359555383384 25.30359555383384 25.30359555383384 25.30359555383384 25.30359555383384 25.30359555383384 25.30359555383384 25.30359555383384 25.30359555383384 25.30359555383384 25.30359555383384 25.30359555383384 25.30359555383384 25.30359555383384 25.30359555383384 25.30359555383384 25.30359555383384 13.701811225185189 13.497387835384798 13.292964445584406 13.088541055784015 12.884117665983624 12.679694276183232 12.475270886382841 12.270847496582101 12.06642410678171 11.862000716981319 11.657577327180928 11.453153937380534
20.44327682003981 20.708345688181026 20.973414556321792 21.238483424462558 21.503552292603324 21.768621160744086 22.033690028884852 22.298758897025618 22.563827765166383 25.30359555383384 25.30359555383384 25.30359555383384 25.30359555383384 25.30359555383384 25.30359555383384 25.30359555383384 25.30359555383384 25.30359555383384 25.30359555383384 25.30359555383384 25.30359555383384 25.30359555383384 25.30359555383384 25.30359555383384 25.30359555383384 25.30359555383384 25.30359555383384 25.30359555383384 25.30359555383384 25.30359555383384 25.30359555383384 25.30359555383384 25.30359555383384 13.580037382612318 13.400182840390933 13.220328298169548 13.040473755948163 12.860619213726778 12.680764671505395 12.50091012928401 12.321055587062318 12.141201044840935 11.96134650261955 11.781491960398165 11.601637418176782
20.216146470489335 20.500111020908125 20.784075571326433 21.06804012174474 21.352004672163048 21.635969222581355 21.919933772999663 22.20389832341797 22.487862873836278 25.30359555383384 25.30359555383384 25.30359555383384 25.30359555383384 25.30359555383384 25.30359555383384 25.30359555383384 25.30359555383384 25.30359555383384 25.30359555383384 25.30359555383384 25.30359555383384 25.30359555383384 25.30359555383384 25.30359555383384 25.30359555383384 25.30359555383384 25.30359555383384 25.30359555383384 25.30359555383384 25.30359555383384 25.30359555383384 25.30359555383384 25.30359555383384 13.458263540039447 13.302977845397068 13.147692150754692 12.992406456112313 12.837120761469937 12.681835066827558 12.52654937218518 12.371263677542538 12.21597798290016 12.060692288257783 11.905406593615405 11.750120898973027
