Figures/CREST_Example_wjb_NSE/Rolling_result/20100722/BJP_forecast/ens_0/wjb.rain.20100216.asc
ncols            288
nrows            254
xllcorner        113.274861
yllcorner        31.4918055
cellsize         0.008333333333
NODATA_value     -9999
[rows 180 to 199 of 254, columns 225 to 269 of 288]
2.9457011445770886 2.8924249649893956 2.8391487854017026 2.7858726058140095 2.7325964262263165 2.6793202466386234 2.651793509676909 2.651793509676909 2.651793509676909 2.651793509676909 2.651793509676909 2.651793509676909 2.651793509676909 2.651793509676909 2.651793509676909 2.651793509676909 2.651793509676909 2.651793509676909 2.56092639587723 2.372920280617766 2.184914165358302 1.9969080500988383 1.8089019348390538 1.62089581957959 1.432889704320126 1.2448835890606622 1.0568774738011981 0.8688713585417343 0.6808652432822704 0.49285912802280674 -9999.0 -9999.0 -9999.0 -9999.0 -9999.0 -9999.0 -9999.0 -9999.0 -9999.0 -9999.0 -9999.0 -9999.0 -9999.0 -9999.0 -9999.0
2.9183379515743835 2.8681765627898583 2.8180151740053327 2.7678537852208076 2.7176923964362825 2.667531007651757 2.6416136208310084 2.6416136208310084 2.6416136208310084 2.6416136208310084 2.6416136208310084 2.6416136208310084 2.6416136208310084 2.6416136208310084 2.6416136208310084 2.6416136208310084 2.6416136208310084 2.6416136208310084 2.550625995639032 2.3623705395810886 2.1741150835231453 1.9858596274652016 1.7976041714069373 1.609348715348994 1.4210932592910506 1.2328378032331073 1.0445823471751639 0.8563268911172206 0.6680714350592771 -9999.0 -9999.0 -9999.0 -9999.0 -9999.0 -9999.0 -9999.0 -9999.0 -9999.0 -9999.0 -9999.0 -9999.0 -9999.0 -9999.0 -9999.0 -9999.0
2.8238973273187384 2.770566456296912 2.7172355852750854 2.663904714253259 2.610573843231432 2.5572429722096057 2.529687977277198 2.529687977277198 2.529687977277198 2.529687977277198 2.529687977277198 2.529687977277198 2.529687977277198 2.529687977277198 2.529687977277198 2.529687977277198 2.529687977277198 2.529687977277198 2.442123663235877 2.260951115436448 2.0797785676370193 1.8986060198375907 1.717433472037853 1.5362609242384242 1.3550883764389956 1.1739158286395668 0.9927432808401382 0.8115707330407094 -9999.0 -9999.0 -9999.0 -9999.0 -9999.0 -9999.0 -9999.0 -9999.0 -9999.0 -9999.0 -9999.0 -9999.0 -9999.0 -9999.0 -9999.0 -9999.0 -9999.0
2.729456703063013 2.6729563498038824 2.616455996544752 2.5599556432856216 2.503455290026491 2.4469549367673604 2.4177623337232923 2.4177623337232923 2.4177623337232923 2.4177623337232923 2.4177623337232923 2.4177623337232923 2.4177623337232923 2.4177623337232923 2.4177623337232923 2.4177623337232923 2.4177623337232923 2.4177623337232923 2.3336213308326297 2.1595316912917215 1.9854420517508136 1.8113524122099056 1.6372627726687008 1.4631731331277926 1.2890834935868847 1.1149938540459765 0.9409042145050686 0.7668145749641606 0.5927249354232524 -9999.0 -9999.0 -9999.0 -9999.0 -9999.0 -9999.0 -9999.0 -9999.0 -9999.0 -9999.0 -9999.0 -9999.0 -9999.0 -9999.0 -9999.0 -9999.0
2.635016078807368 2.5753462433109364 2.515676407814505 2.456006572318073 2.3963367368216413 2.3366669013252097 2.3058366901694822 2.3058366901694822 2.3058366901694822 2.3058366901694822 2.3058366901694822 2.3058366901694822 2.3058366901694822 2.3058366901694822 2.3058366901694822 2.3058366901694822 2.3058366901694822 2.3058366901694822 2.225118998429475 2.0581122671470817 1.8911055358646882 1.7240988045822947 1.5570920732996165 1.390085342017223 1.2230786107348295 1.0560718794524362 0.8890651481700427 0.7220584168876494 0.5550516856052559 -9999.0 -9999.0 -9999.0 -9999.0 -9999.0 -9999.0 -9999.0 -9999.0 -9999.0 -9999.0 -9999.0 -9999.0 -9999.0 -9999.0 -9999.0 -9999.0
2.540575454551723 2.47773613681799 2.414896819084257 2.3520575013505245 2.2892181836167915 2.2263788658830586 2.193911046615672 2.193911046615672 2.193911046615672 2.193911046615672 2.193911046615672 2.193911046615672 2.193911046615672 2.193911046615672 2.193911046615672 2.193911046615672 2.193911046615672 2.193911046615672 2.1166166660263204 1.9566928430024415 1.7967690199785626 1.6368451969546838 1.4769213739305322 1.3169975509066536 1.1570737278827747 0.9971499048588959 0.8372260818350172 0.6773022588111384 0.5173784357872595 -9999.0 -9999.0 -9999.0 -9999.0 -9999.0 -9999.0 -9999.0 -9999.0 -9999.0 -9999.0 -9999.0 -9999.0 -9999.0 -9999.0 -9999.0 -9999.0
2.4461348302960775 2.3801260303250436 2.3141172303540096 2.2481084303829757 2.1820996304119413 2.1160908304409074 2.0819854030618616 2.0819854030618616 2.0819854030618616 2.0819854030618616 2.0819854030618616 2.0819854030618616 2.0819854030618616 2.0819854030618616 2.0819854030618616 2.0819854030618616 2.0819854030618616 2.0819854030618616 2.0081143336231655 1.855273418857801 1.702432504092437 1.5495915893270729 1.396750674561448 1.2439097597960838 1.0910688450307195 0.9382279302653556 0.7853870154999913 -9999.0 -9999.0 -9999.0 -9999.0 -9999.0 -9999.0 -9999.0 -9999.0 -9999.0 -9999.0 -9999.0 -9999.0 -9999.0 -9999.0 -9999.0 -9999.0 -9999.0 -9999.0
2.351694206040433 2.2825159238320976 2.2133376416237622 2.144159359415427 2.0749810772070916 2.0058027949987562 1.9700597595080516 1.9700597595080516 1.9700597595080516 1.9700597595080516 1.9700597595080516 1.9700597595080516 1.9700597595080516 1.9700597595080516 1.9700597595080516 1.9700597595080516 1.9700597595080516 1.9700597595080516 1.8996120012200106 1.753853994713161 1.6080959882063115 1.462337981699462 1.316579975192364 1.1708219686855146 1.025063962178665 0.8793059556718155 -9999.0 -9999.0 -9999.0 -9999.0 -9999.0 -9999.0 -9999.0 -9999.0 -9999.0 -9999.0 -9999.0 -9999.0 -9999.0 -9999.0 -9999.0 -9999.0 -9999.0 -9999.0 -9999.0
2.257253581784788 2.1849058173391516 2.112558052893515 2.0402102884478786 1.9678625240022418 1.8955147595566055 1.8581341159542415 1.8581341159542415 1.8581341159542415 1.8581341159542415 1.8581341159542415 1.8581341159542415 1.8581341159542415 1.8581341159542415 1.8581341159542415 1.8581341159542415 1.8581341159542415 1.8581341159542415 1.791109668816856 1.652434570568521 1.5137594723201862 1.3750843740718512 1.2364092758232799 1.097734177574945 0.95905907932661 0.8203839810782751 -9999.0 -9999.0 -9999.0 -9999.0 -9999.0 -9999.0 -9999.0 -9999.0 -9999.0 -9999.0 -9999.0 -9999.0 -9999.0 -9999.0 -9999.0 -9999.0 -9999.0 -9999.0 -9999.0
2.1628129575290624 2.0872957108461216 2.0117784641631813 1.936261217480241 1.8607439707973006 1.7852267241143602 1.7462084724003357 1.7462084724003357 1.7462084724003357 1.7462084724003357 1.7462084724003357 1.7462084724003357 1.7462084724003357 1.7462084724003357 1.7462084724003357 1.7462084724003357 1.7462084724003357 1.7462084724003357 1.6826073364136085 1.5510151464237945 1.41942295643398 1.287830766444166 1.1562385764541272 1.024646386464313 0.8930541964744987 0.7614620064846844 -9999.0 -9999.0 -9999.0 -9999.0 -9999.0 -9999.0 -9999.0 -9999.0 -9999.0 -9999.0 -9999.0 -9999.0 -9999.0 -9999.0 -9999.0 -9999.0 -9999.0 -9999.0 -9999.0
2.068372333273417 1.9896856043531757 1.910998875432934 1.8323121465126924 1.7536254175924508 1.674938688672209 1.6342828288465256 1.6342828288465256 1.6342828288465256 1.6342828288465256 1.6342828288465256 1.6342828288465256 1.6342828288465256 1.6342828288465256 1.6342828288465256 1.6342828288465256 1.6342828288465256 1.6342828288465256 1.574105004010454 1.4495957222791545 1.3250864405478548 1.200577158816555 1.0760678770850434 0.9515585953537437 0.827049313622444 0.7025400318911444 0.5780307501598447 -9999.0 -9999.0 -9999.0 -9999.0 -9999.0 -9999.0 -9999.0 -9999.0 -9999.0 -9999.0 -9999.0 -9999.0 -9999.0 -9999.0 -9999.0 -9999.0 -9999.0 -9999.0
1.9739317090177722 1.8920754978602292 1.8102192867026865 1.7283630755451438 1.646506864387601 1.5646506532300581 1.5223571852927154 1.5223571852927154 1.5223571852927154 1.5223571852927154 1.5223571852927154 1.5223571852927154 1.5223571852927154 1.5223571852927154 1.5223571852927154 1.5223571852927154 1.5223571852927154 1.5223571852927154 1.4656026716072992 1.3481762981345142 1.2307499246617293 1.113323551188944 0.995897177715959 0.8784708042431739 0.761044430770389 0.643618057297604 0.526191683824819 -9999.0 -9999.0 -9999.0 -9999.0 -9999.0 -9999.0 -9999.0 -9999.0 -9999.0 -9999.0 -9999.0 -9999.0 -9999.0 -9999.0 -9999.0 -9999.0 -9999.0 -9999.0
1.8794910847621273 1.7944653913672832 1.7094396979724393 1.6244140045775954 1.5393883111827513 1.4543626177879072 1.4104315417389053 1.4104315417389053 1.4104315417389053 1.4104315417389053 1.4104315417389053 1.4104315417389053 1.4104315417389053 1.4104315417389053 1.4104315417389053 1.4104315417389053 1.4104315417389053 1.4104315417389053 1.3571003392041445 1.2467568739898742 1.1364134087756037 1.0260699435613334 0.9157264783468749 0.8053830131326046 0.6950395479183342 0.5846960827040639 0.4743526174897935 -9999.0 -9999.0 -9999.0 -9999.0 -9999.0 -9999.0 -9999.0 -9999.0 -9999.0 -9999.0 -9999.0 -9999.0 -9999.0 -9999.0 -9999.0 -9999.0 -9999.0 -9999.0
1.7656908128150026 1.681369350489149 1.5970478881632957 1.512726425837442 1.4284049635115887 1.344083501185735 1.3005162872519673 1.3005162872519673 1.3005162872519673 1.3005162872519673 1.3005162872519673 1.3005162872519673 1.3005162872519673 1.3005162872519673 1.3005162872519673 1.3005162872519673 1.3005162872519673 1.3005162872519673 1.250934247385032 1.1483478845940602 1.0457615218030885 0.9431751590121169 0.8405887962209703 0.7380024334299986 0.6354160706390269 0.5328297078480553 0.4302433450570835 0.32765698226611184 -9999.0 -9999.0 -9999.0 -9999.0 -9999.0 -9999.0 -9999.0 -9999.0 -9999.0 -9999.0 -9999.0 -9999.0 -9999.0 -9999.0 -9999.0 -9999.0 -9999.0
1.631196297729271 1.5517198218356762 1.4722433459420814 1.3927668700484865 1.3132903941548917 1.2338139182612968 1.1927500119621226 1.1927500119621226 1.1927500119621226 1.1927500119621226 1.1927500119621226 1.1927500119621226 1.1927500119621226 1.1927500119621226 1.1927500119621226 1.1927500119621226 1.1927500119621226 1.1927500119621226 1.1472654494963628 1.0531568601962136 0.9590482708960644 0.8649396815959152 0.7708310922956054 0.6767225029954563 0.5826139136953071 0.4885053243951579 0.3943967350950087 0.3002881457948595 -9999.0 -9999.0 -9999.0 -9999.0 -9999.0 -9999.0 -9999.0 -9999.0 -9999.0 -9999.0 -9999.0 -9999.0 -9999.0 -9999.0 -9999.0 -9999.0 -9999.0
1.4967017826435973 1.4220702931822589 1.3474388037209204 1.2728073142595822 1.1981758247982437 1.1235443353369052 1.0849837366723238 1.0849837366723238 1.0849837366723238 1.0849837366723238 1.0849837366723238 1.0849837366723238 1.0849837366723238 1.0849837366723238 1.0849837366723238 1.0849837366723238 1.0849837366723238 1.0849837366723238 1.043596651607738 0.9579658357984076 0.8723350199890773 0.786704204179747 0.7010733883702706 0.6154425725609403 0.5298117567516099 0.44418094094227956 0.35855012513294926 0.27291930932361896 -9999.0 -9999.0 -9999.0 -9999.0 -9999.0 -9999.0 -9999.0 -9999.0 -9999.0 -9999.0 -9999.0 -9999.0 -9999.0 -9999.0 -9999.0 -9999.0 -9999.0
1.362207267557923 1.2924207645288415 1.2226342614997594 1.1528477584706778 1.083061255441596 1.013274752412514 0.9772174613825251 0.9772174613825251 0.9772174613825251 0.9772174613825251 0.9772174613825251 0.9772174613825251 0.9772174613825251 0.9772174613825251 0.9772174613825251 0.9772174613825251 0.9772174613825251 0.9772174613825251 0.9399278537191129 0.8627748114006015 0.78562176908209 0.7084687267635785 0.6313156844449355 0.5541626421264241 0.4770095998079126 0.3998565574894011 0.3227035151708896 0.24555047285237808 -9999.0 -9999.0 -9999.0 -9999.0 -9999.0 -9999.0 -9999.0 -9999.0 -9999.0 -9999.0 -9999.0 -9999.0 -9999.0 -9999.0 -9999.0 -9999.0 -9999.0
1.227712752472192 1.1627712358753688 1.0978297192785456 1.0328882026817223 0.967946686084899 0.9030051694880757 0.8694511860926805 0.8694511860926805 0.8694511860926805 0.8694511860926805 0.8694511860926805 0.8694511860926805 0.8694511860926805 0.8694511860926805 0.8694511860926805 0.8694511860926805 0.8694511860926805 0.8694511860926805 0.8362590558304439 0.767583787002755 0.6989085181750659 0.6302332493473769 0.5615579805195708 0.4928827116918818 0.4242074428641928 0.35553217403650383 0.2868569052088148 0.21818163638112575 -9999.0 -9999.0 -9999.0 -9999.0 -9999.0 -9999.0 -9999.0 -9999.0 -9999.0 -9999.0 -9999.0 -9999.0 -9999.0 -9999.0 -9999.0 -9999.0 -9999.0
1.093218237386518 1.0331217072219512 0.9730251770573846 0.9129286468928178 0.8528321167282511 0.7927355865636844 0.7616849108028817 0.7616849108028817 0.7616849108028817 0.7616849108028817 0.7616849108028817 0.7616849108028817 0.7616849108028817 0.7616849108028817 0.7616849108028817 0.7616849108028817 0.7616849108028817 0.7616849108028817 0.7325902579418191 0.6723927626049488 0.6121952672680788 0.5519977719312086 0.4918002765942358 0.4316027812573657 0.37140528592049554 0.3112077905836254 -9999.0 -9999.0 -9999.0 -9999.0 -9999.0 -9999.0 -9999.0 -9999.0 -9999.0 -9999.0 -9999.0 -9999.0 -9999.0 -9999.0 -9999.0 -9999.0 -9999.0 -9999.0 -9999.0
0.958723722300844 0.9034721785685338 0.8482206348362236 0.7929690911039133 0.7377175473716031 0.682466003639293 0.6539186355130829 0.6539186355130829 0.6539186355130829 0.6539186355130829 0.6539186355130829 0.6539186355130829 0.6539186355130829 0.6539186355130829 0.6539186355130829 0.6539186355130829 0.6539186355130829 0.6539186355130829 0.6289214600531942 0.5772017382071428 0.5254820163610916 0.4737622945150403 0.4220425726689009 0.3703228508228496 0.3186031289767983 0.26688340713074704 -9999.0 -9999.0 -9999.0 -9999.0 -9999.0 -9999.0 -9999.0 -9999.0 -9999.0 -9999.0 -9999.0 -9999.0 -9999.0 -9999.0 -9999.0 -9999.0 -9999.0 -9999.0 -9999.0
