Figures/CREST_Example_wjb_NSE/Rolling_result/20100722/BJP_forecast/ens_0/wjb.rain.20100726.asc
ncols            288
nrows            254
xllcorner        113.274861
yllcorner        31.4918055
cellsize         0.008333333333
NODATA_value     -9999
[rows 200 to 219 of 254, columns 135 to 179 of 288]
63.651704415981875 61.510998614941045 59.370292813900214 57.22958701285938 55.088881211818546 52.948175410777715 50.807469609736884 48.666763808696054 46.52605800765157 44.38535220661073 42.24464640556991 40.10394060452907 39.410441042368596 40.264037683783094 41.11763432519759 41.97123096661209 42.82482760802659 43.678424249441086 44.532020890855584 45.38561753227009 46.23921417368459 47.09281081510054 47.94640745651504 48.80000409792954 48.80046815520268 47.888914181358814 46.97736020751494 46.065806233671076 45.15425225982721 44.24269828598334 43.33114431213947 42.419590338295606 41.50803636445174 40.59648239060787 39.684928416762446 38.77337444291858 38.61942684540596 39.27537760352736 39.93132836164877 40.587279119770166 41.24322987789157 41.89918063601298 42.55513139413438 43.211082152255784 43.86703291037718
64.16772860199471 61.835369189357614 59.50300977672052 57.170650364083414 54.83829095144632 52.505931538809214 50.17357212617212 47.841212713535015 45.50885330089394 43.17649388825684 40.84413447561974 38.511775062982636 37.770451586911975 38.72998151451213 39.68951144211229 40.64904136971244 41.6085712973126 42.56810122491275 43.52763115251291 44.48716108011307 45.44669100771322 46.40622093531501 47.365750862915164 48.32528079051532 48.323979009845154 47.29552639810757 46.26707378636998 45.23862117463239 44.21016856289481 43.181715951157216 42.15326333941963 41.124810727682046 40.096358115944454 39.06790550420687 38.03945289246752 37.01100028072994 36.812410787278075 37.50096374127449 38.18951669527091 38.87806964926733 39.56662260326375 40.25517555726017 40.943728511256595 41.632281465253016 42.32083441924944
64.68375278800755 62.15973976377418 59.635726739540814 57.111713715307445 54.587700691074076 52.06368766684071 49.539674642607345 47.015661618373976 44.49164859413631 41.96763556990294 39.44362254566957 36.9196095214362 36.13046213145535 37.195925345241164 38.261388559026976 39.32685177281279 40.3923149865986 41.45777820038441 42.52324141417022 43.588704627956034 44.65416784174185 45.719631055529476 46.78509426931529 47.8505574831011 47.84748986448763 46.70213861485632 45.55678736522501 44.4114361155937 43.2660848659624 42.12073361633109 40.97538236669978 39.83003111706847 38.68467986743717 37.53932861780586 36.3939773681726 35.248626118541296 35.00539472915018 35.72654987902162 36.447705028893054 37.16886017876449 37.89001532863593 38.61117047850737 39.332325628378804 40.05348077825024 40.77463592812168
65.19977697402038 62.48411033819075 59.76844370236112 57.05277706653148 54.33711043070184 51.62144379487221 48.90577715904257 46.19011052321294 43.47444388737867 40.758777251549034 38.0431106157194 35.327443979889765 34.49047267599873 35.661869175970196 36.83326567594167 38.00466217591314 39.176058675884605 40.34745517585607 41.51885167582754 42.69024817579901 43.86164467577048 45.033041175743946 46.20443767571541 47.375834175686876 47.371000719130095 46.10875083160507 44.84650094408004 43.58425105655502 42.32200116902999 41.059751281504965 39.797501393979935 38.53525150645491 37.27300161892988 36.01075173140486 34.748501843877676 33.48625195635265 33.19837867102229 33.95213601676875 34.705893362515205 35.459650708261655 36.21340805400811 36.96716539975456 37.72092274550102 38.47468009124747 39.22843743699393
65.71580116003345 62.808480912607465 59.90116066518148 56.99384041775549 54.08652017032951 51.17919992290352 48.271879675477535 45.36455942805155 42.457239180620604 39.54991893319462 36.64259868576863 33.73527843834265 32.85048322054141 34.12781300669858 35.40514279285575 36.682472579012924 37.95980236517009 39.23713215132726 40.51446193748443 41.7917917236416 43.06912150979877 44.34645129595812 45.623781082115286 46.901110868272454 46.89451157377236 45.51536304835357 44.13621452293477 42.75706599751597 41.37791747209718 39.99876894667838 38.61962042125958 37.24047189584079 35.86132337042199 34.4821748450032 33.10302631958205 31.72387779416325 31.39136261289363 32.177722154515116 32.9640816961366 33.75044123775809 34.536800779379575 35.32316032100106 36.10951986262255 36.895879404244035 37.68223894586552
65.28176200165511 62.33809412722005 59.394426252784996 56.45075837834994 53.50709050391488 50.56342262947983 47.61975475504477 44.676086880609716 41.732419006169636 38.78875113173458 35.84508325729952 32.901415382864464 32.01298456125105 33.321648636303465 34.630312711355884 35.938976786408304 37.247640861460724 38.55630493651314 39.86496901156556 41.17363308661798 42.4822971616704 43.79096123672505 45.09962531177747 46.40828938682989 46.40794420711784 45.00823852302912 43.60853283894039 42.20882715485167 40.809121470762946 39.409415786674224 38.0097101025855 36.61000441849677 35.21029873440805 33.810593050319326 32.410887366228216 31.011181682139494 30.646492763113788 31.388260181134118 32.130027599154445 32.871795017174776 33.61356243519511 34.35532985321544 35.09709727123577 35.8388646892561 36.58063210727643
63.832165008910756 61.01816181633276 58.204158623754765 55.390155431176765 52.57615223859877 49.762149046020774 46.94814585344278 44.13414266086478 41.32013946828199 38.506136275703994 35.692133083125995 32.878129890547996 32.03329798350726 33.29355472119244 34.55381145887763 35.814068196562815 37.074324934248004 38.33458167193319 39.594838409618376 40.855095147303565 42.115351884988755 43.37560862267609 44.63586536036127 45.89612209804646 45.91060385710905 44.59332398341004 43.27604410971102 41.958764236012016 40.641484362313 39.32420448861399 38.00692461491498 36.689644741215965 35.37236486751695 34.055084993817935 32.737805120116676 31.420525246417668 31.03699026488804 31.65164969720665 32.26630912952526 32.88096856184388 33.49562799416249 34.1102874264811 34.72494685879971 35.33960629111833 35.95426572343694
62.38256801616578 59.6982295054449 57.013890994724015 54.32955248400314 51.64521397328225 48.960875462561376 46.2765369518405 43.592198441119606 40.90785993039415 38.223521419673276 35.53918290895239 32.854844398231506 32.053611405763476 33.26546080608141 34.477310206399345 35.689159606717276 36.90100900703521 38.112858407353144 39.32470780767108 40.53655720798902 41.74840660830695 42.96025600862695 44.17210540894489 45.38395480926282 45.41326350710005 44.178409443790784 42.94355538048151 41.70870131717225 40.473847253862985 39.23899319055372 38.00413912724446 36.769285063935186 35.53443100062592 34.29957693731666 33.064722874005284 31.82986881069602 31.427487766662463 31.9150392132793 32.40259065989614 32.89014210651298 33.377693553129824 33.865244999746665 34.3527964463635 34.84034789298034 35.32789933959718
60.932971023421416 58.3782971945576 55.82362336569378 53.26894953682996 50.71427570796614 48.15960187910232 45.6049280502385 43.05025422137467 40.4955803925065 37.940906563642685 35.38623273477886 32.831558905915045 32.07392482801968 33.23736689097038 34.400808953921086 35.564251016871786 36.72769307982249 37.891135142773194 39.054577205723895 40.218019268674595 41.3814613316253 42.544903394577986 43.708345457528694 44.871787520479394 44.91592315709126 43.7634949041717 42.611066651252145 41.458638398332596 40.30621014541304 39.153781892493484 38.00135363957393 36.84892538665438 35.69649713373482 34.54406888081527 33.39164062789375 32.239212374974194 31.817985268436715 32.178428729351836 32.53887219026696 32.89931565118208 33.2597591120972 33.62020257301233 33.98064603392745 34.34108949484257 34.70153295575769
59.48337403067706 57.0583648836703 54.633355736663546 52.208346589656784 49.78333744265002 47.35832829564326 44.93331914863651 42.508310001629745 40.083300854618855 37.65829170761209 35.23328256060533 32.80827341359857 32.094238250275886 33.209272975859356 34.32430770144283 35.439342427026304 36.554377152609774 37.669411878193245 38.784446603776715 39.899481329360185 41.014516054943655 42.12955078052903 43.2445855061125 44.35962023169597 44.41858280708246 43.34858036455262 42.27857792202278 41.208575479492936 40.138573036963095 39.068570594433254 37.998568151903406 36.928565709373565 35.858563266843724 34.78856082431388 33.718558381782216 32.648555939252375 32.20848277021096 32.44181824542437 32.67515372063777 32.90848919585118 33.14182467106458 33.375160146277985 33.60849562149139 33.841831096704794 34.0751665719182
58.03377703793208 55.73843257278244 53.443088107632796 51.14774364248316 48.85239917733351 46.55705471218387 44.26171024703422 41.966365781884576 39.67102131673102 37.375676851581375 35.080332386431735 32.784987921282095 32.1145516725321 33.18117906074832 34.24780644896454 35.31443383718076 36.38106122539698 37.447688613613195 38.514316001829414 39.58094339004563 40.64757077826185 41.71419816647989 42.78082555469611 43.84745294291233 43.921242457073454 42.93366582493336 41.94608919279326 40.95851256065317 39.97093592851307 38.98335929637298 37.995782664232884 37.00820603209279 36.020629399952696 35.0330527678126 34.04547613567082 33.05789950353072 32.59898027198539 32.70520776149702 32.81143525100865 32.917662740520285 33.02389023003192 33.13011771954355 33.23634520905518 33.34257269856681 33.448800188078444
56.58418004518772 54.41850026189514 52.25282047860256 50.08714069530997 47.921460912017395 45.755781128724806 43.590101345432224 41.42442156213964 39.258741778843365 37.093061995550784 34.927382212258195 32.76170242896562 32.13486509478831 33.15308514563729 34.17130519648628 35.18952524733527 36.20774529818426 37.22596534903324 38.24418539988223 39.262405450731215 40.280625501580204 41.298845552430926 42.317065603279914 43.335285654128896 43.42390210706466 42.51875128531427 41.61360046356389 40.70844964181351 39.80329882006313 38.898147998312744 37.992997176562355 37.08784635481197 36.18269553306159 35.27754471131121 34.37239388955928 33.467243067808894 32.98947777375964 32.96859727756955 32.94771678137947 32.92683628518938 32.90595578899929 32.88507529280921 32.864194796619124 32.843314300429036 32.822433804238955
55.13458305244337 53.098567951007844 51.06255284957232 49.026537748136796 46.99052264670128 44.954507545265756 42.91849244383023 40.88247734239471 38.84646224095572 36.81044713952019 34.77443203808467 32.738416936649145 32.15517851704451 33.12499123052627 34.09480394400802 35.06461665748978 36.03442937097153 37.00424208445329 37.97405479793504 38.9438675114168 39.913680224898556 40.88349293838196 41.85330565186372 42.82311836534547 42.926561757055865 42.1038367456952 41.28111173433452 40.45838672297385 39.63566171161318 38.81293670025251 37.99021168889183 37.167486677531166 36.34476166617049 35.522036654809824 34.69931164344774 33.876586632087076 33.379975275533894 33.23198679364209 33.083998311750285 32.936009829858484 32.788021347966676 32.640032866074876 32.492044384183075 32.34405590229127 32.196067420399466
53.68498605969838 51.77863564011998 49.87228522054157 47.96593480096317 46.05958438138476 44.15323396180635 42.24688354222795 40.34053312264954 38.43418270306788 36.527832283489474 34.62148186391107 32.71513144433266 32.17549193930073 33.096897315415234 34.01830269152973 34.93970806764423 35.86111344375874 36.78251881987324 37.70392419598774 38.625329572102245 39.546734948216745 40.46814032433282 41.38954570044732 42.31095107656182 42.42922140704686 41.68892220607593 40.948623005105006 40.20832380413408 39.46802460316316 38.727725402192235 37.98742620122131 37.24712700025039 36.506827799279456 35.76652859830853 35.026229397336344 34.28593019636542 33.770472777308306 33.495376309714736 33.22027984212116 32.94518337452758 32.670086906934 32.39499043934043 32.119893971746855 31.84479750415328 31.569701036559703
52.23538906695403 50.458703329232684 48.68201759151134 46.90533185378999 45.128646116068644 43.3519603783473 41.57527464062595 39.798588902904605 38.021903165180234 36.24521742745888 34.46853168973754 32.691845952016195 32.195805361556936 33.068803400304205 33.941801439051474 34.81479947779875 35.68779751654602 36.56079555529329 37.43379359404056 38.30679163278783 39.1797896715351 40.05278771028386 40.92578574903113 41.7987837877784 41.93188105703806 41.27400766645685 40.61613427587564 39.95826088529443 39.30038749471321 38.642514104132 37.98464071355079 37.32676732296957 36.668893932388364 36.01102054180715 35.35314715122482 34.6952737606436 34.16097027908256 33.75876582578727 33.356561372491974 32.954356919196684 32.55215246590139 32.149948012606096 31.747743559310805 31.345539106015508 30.943334652720218
50.78579207420967 49.13877101834538 47.491749962481094 45.84472890661681 44.19770785075252 42.550686794888236 40.90366573902395 39.25664468315967 37.60962362729258 35.96260257142829 34.315581515564006 32.66856045969972 32.216118783813144 33.04070948519318 33.86530018657322 34.68989088795326 35.5144815893333 36.33907229071333 37.16366299209337 37.98825369347341 38.81284439485345 39.637435096234896 40.462025797614935 41.286616498994974 41.43454070702927 40.85909312683777 40.28364554664627 39.70819796645477 39.13275038626327 38.55730280607176 37.98185522588026 37.40640764568876 36.83096006549726 36.25551248530576 35.68006490511328 35.104617324921776 34.55146778085681 34.0221553418598 33.49284290286279 32.96353046386578 32.43421802486877 31.90490558587176 31.375593146874746 30.846280707877735 30.316968268880725
49.336195081465306 47.818838707458085 46.30148233345086 44.784125959443635 43.266769585436414 41.749413211429186 40.232056837421965 38.71470046341474 37.19734408940492 35.6799877153977 34.16263134139048 32.64527496738325 32.23643220606935 33.012615570082154 33.78879893409496 34.56498229810777 35.341165662120574 36.11734902613338 36.893532390146184 37.66971575415899 38.4458991181718 39.222082482185925 39.998265846198734 40.77444921021154 40.93720035702047 40.44417858721869 39.951156817416894 39.45813504761511 38.965113277813316 38.47209150801153 37.97906973820974 37.48604796840795 36.99302619860616 36.500004428804374 36.00698265900174 35.51396088919995 34.94196528263107 34.285544857932344 33.62912443323361 32.97270400853488 32.31628358383615 31.659863159137423 31.003442734438693 30.347022309739963 29.690601885041232
49.77027201036242 48.35445966541848 46.938647320474544 45.522834975530614 44.10702263058668 42.69121028564274 41.2753979406988 39.859585595754865 38.44377325080852 37.02796090586458 35.612148560920645 34.19633621597671 33.78773799283563 34.4558744479764 35.12401090311716 35.79214735825793 36.46028381339869 37.12842026853946 37.79655672368022 38.46469317882099 39.13282963396175 39.80096608910365 40.46910254424442 41.13723899938518 41.30999420989417 40.95317566389721 40.596357117900254 40.239538571903296 39.88272002590634 39.52590147990938 39.16908293391242 38.81226438791547 38.45544584191851 38.09862729592155 37.74180874992398 37.384990203927025 36.82002243831435 36.03253844797079 35.24505445762723 34.45757046728368 33.67008647694012 32.88260248659656 32.09511849625301 31.307634505909448 30.520150515565888
52.21787764077485 50.87355011939412 49.52922259801338 48.184895076632635 46.840567555251894 45.49624003387116 44.15191251249042 42.80758499110968 41.46325746972665 40.11892994834591 38.77460242696517 37.430274905584426 36.975578124704256 37.471916727887134 37.96825533107001 38.46459393425289 38.96093253743577 39.457271140618644 39.953609743801515 40.44994834698439 40.94628695016727 41.44262555335099 41.93896415653387 42.43530275971675 42.61290668443832 42.4497760278034 42.28664537116849 42.12351471453357 41.96038405789865 41.79725340126373 41.63412274462881 41.47099208799389 41.30786143135898 41.14473077472406 40.98160011808886 40.818469461453944 40.28818710886378 39.365411287221306 38.44263546557883 37.51985964393636 36.59708382229388 35.67430800065141 34.75153217900894 33.828756357366466 32.90598053572399
54.66548327118729 53.39264057336975 52.1197978755522 50.846955177734664 49.57411247991712 48.30126978209958 47.028427084282036 45.75558438646449 44.48274168864478 43.209898990827234 41.9370562930097 40.66421359519215 40.16341825657288 40.48795900779787 40.81249975902286 41.13704051024785 41.46158126147284 41.78612201269783 42.11066276392282 42.43520351514781 42.7597442663728 43.08428501759834 43.408825768823334 43.73336652004832 43.91581915898249 43.946376391709606 43.976933624436725 44.007490857163845 44.038048089890964 44.06860532261808 44.0991625553452 44.12971978807232 44.16027702079944 44.19083425352656 44.22139148625373 44.25194871898085 43.756351779413194 42.698284126471805 41.640216473530415 40.58214882058903 39.524081167647644 38.466013514706255 37.407945861764865 36.34987820882348 35.291810555882094
