Figures/CREST_Example_wjb_NSE/Rolling_result/20100722/BJP_forecast/ens_0/wjb.rain.20100722.asc
ncols            288
nrows            254
xllcorner        113.274861
yllcorner        31.4918055
cellsize         0.008333333333
NODATA_value     -9999
[rows 100 to 119 of 254, columns 138 to 183 of 288]
18.782584900562483 19.23104624676163 19.67950759296077 20.127968939159917 20.57643028535906 21.02489163155897 21.47335297775811 21.921814323957257 22.370275670156403 22.73648919572446 23.01477794068273 23.293066685641 23.571355430599272 23.849644175557543 24.127932920515814 24.40622166547409 24.68451041043236 24.96279915539063 25.241087900349378 25.51937664530765 25.79766539026592 26.113331978158744 26.46895632567094 26.824580673183135 27.180205020695333 27.53582936820753 27.891453715719724 28.24707806323192 28.602702410744115 28.958326758256312 29.31395110576851 29.66957545328131 30.025199800793505 30.09114442404275 29.84741486862786 29.603685313212978 29.359955757798094 29.116226202383206 28.872496646968322 28.628767091553435 28.38503753613855 28.141307980723667 27.89757842530878 27.653848869893896 27.410119314478592 27.249984370221355
18.651456497747148 19.079031584670254 19.50660667159336 19.934181758516466 20.361756845439572 20.789331932363407 21.216907019286516 21.644482106209622 22.07205719313273 22.42534203569891 22.699208926684 22.97307581766909 23.24694270865418 23.52080959963927 23.79467649062436 24.06854338160945 24.34241027259454 24.616277163579632 24.89014405456519 25.16401094555028 25.43787783653537 25.765356082111737 26.150146078485974 26.534936074860212 26.91972607123445 27.304516067608684 27.689306063982922 28.07409606035716 28.458886056731398 28.843676053105636 29.228466049479874 29.613256045854765 29.998046042229003 30.075315354198715 29.823838097496754 29.572360840794797 29.320883584092837 29.069406327390876 28.817929070688916 28.56645181398696 28.314974557284998 28.063497300583037 27.812020043881077 27.560542787179116 27.30906553047673 27.139902515426968
18.520328094931813 18.92701692257888 19.33370575022595 19.74039457787302 20.14708340552009 20.55377223316785 20.96046106081492 21.367149888461988 21.773838716109058 22.114194875673366 22.383639912685275 22.65308494969718 22.92252998670909 23.191975023721 23.46142006073291 23.730865097744815 24.000310134756724 24.269755171768633 24.539200208781 24.80864524579291 25.078090282804816 25.417380186064726 25.831335831301004 26.245291476537282 26.65924712177356 27.073202767009843 27.48715841224612 27.9011140574824 28.315069702718677 28.72902534795496 29.142980993191237 29.55693663842822 29.9708922836645 30.05948628435468 29.800261326365646 29.541036368376613 29.28181141038758 29.022586452398546 28.76336149440951 28.504136536420475 28.24491157843144 27.985686620442408 27.726461662453374 27.467236704464337 27.208011746474863 27.02982066063258
18.389199692116474 18.775002260487504 19.160804828858538 19.546607397229568 19.9324099656006 20.31821253397229 20.704015102343323 21.089817670714353 21.475620239085387 21.803047715647818 22.068070898686543 22.33309408172527 22.598117264764 22.863140447802724 23.128163630841453 23.393186813880178 23.658209996918906 23.92323317995763 24.18825636299681 24.45327954603554 24.718302729074264 25.069404290017715 25.512525584116034 25.955646878214356 26.398768172312675 26.841889466410997 27.285010760509316 27.728132054607634 28.171253348705957 28.614374642804275 29.057495936902598 29.500617231001673 29.943738525099995 30.043657214510645 29.776684555234535 29.509711895958425 29.24273923668232 28.97576657740621 28.7087939181301 28.44182125885399 28.174848599577885 27.907875940301775 27.64090328102567 27.373930621749558 27.106957962472993 26.91973880583819
18.258071289301135 18.62298759839613 18.987903907491123 19.352820216586117 19.717736525681115 20.08265283477673 20.447569143871725 20.81248545296672 21.177401762061713 21.49190055562227 21.752501884687813 22.01310321375336 22.273704542818905 22.53430587188445 22.794907200949996 23.05550853001554 23.316109859081084 23.576711188146632 23.83731251721262 24.097913846278164 24.35851517534371 24.721428393970704 25.193715336931064 25.666002279891426 26.13828922285179 26.61057616581215 27.082863108772514 27.555150051732873 28.027436994693236 28.4997239376536 28.97201088061396 29.444297823575127 29.91658476653549 30.02782814466661 29.753107784103427 29.478387423540244 29.20366706297706 28.928946702413878 28.654226341850695 28.37950598128751 28.10478562072433 27.83006526016115 27.555344899597966 27.280624539034783 27.00590417847113 26.809656951043806
18.12694288648569 18.47097293630463 18.815002986123567 19.159033035942507 19.503063085761447 19.847093135580973 20.19112318539991 20.53515323521885 20.87918328503779 21.180753395596458 21.436932870688818 21.693112345781177 21.949291820873537 22.205471295965896 22.461650771058256 22.717830246150616 22.974009721242975 23.230189196335335 23.48636867142813 23.74254814652049 23.99872762161285 24.373452497923395 24.874905089745823 25.37635768156825 25.87781027339068 26.379262865213107 26.880715457035535 27.382168048857963 27.88362064068039 28.38507323250282 28.886525824325247 29.38797841614853 29.88943100797096 30.01199907482256 29.729531012972295 29.44706295112203 29.16459488927177 28.882126827421505 28.59965876557124 28.31719070372098 28.034722641870715 27.75225458002045 27.469786518170185 27.18731845631992 26.90485039446918 26.699575096249323
17.995814483670355 18.318958274213255 18.642102064756155 18.96524585529906 19.28838964584196 19.61153343638541 19.934677226928315 20.257821017471215 20.580964808014116 20.869606235570913 21.12136385669009 21.373121477809267 21.624879098928446 21.876636720047625 22.1283943411668 22.38015196228598 22.631909583405157 22.883667204524336 23.13542482564394 23.38718244676312 23.6389400678823 24.025476601876385 24.556094842560853 25.086713083245325 25.617331323929793 26.14794956461426 26.678567805298734 27.209186045983202 27.73980428666767 28.270422527352142 28.80104076803661 29.331659008721985 29.862277249406457 29.996170004978524 29.705954241841187 29.415738478703847 29.12552271556651 28.83530695242917 28.545091189291835 28.254875426154495 27.96465966301716 27.67444389987982 27.38422813674248 27.094012373605143 26.80379661046731 26.589493241454935
17.864686080855016 18.166943612121884 18.469201143388748 18.771458674655612 19.073716205922477 19.375973737189856 19.67823126845672 19.980488799723584 20.28274633099045 20.558459075545368 20.805794842691363 21.05313060983736 21.300466376983355 21.547802144129353 21.795137911275347 22.042473678421345 22.289809445567343 22.537145212713337 22.784480979859755 23.031816747005752 23.279152514151747 23.677500705829377 24.237284595375886 24.7970684849224 25.356852374468907 25.91663626401542 26.47642015356193 27.03620404310844 27.59598793265495 28.155771822201462 28.715555711747974 29.27533960129544 29.83512349084195 29.98034093513449 29.682377470710076 29.384414006285663 29.08645054186125 28.788487077436837 28.490523613012424 28.19256014858801 27.8945966841636 27.59663321973919 27.298669755314776 27.000706290890363 26.702742826465443 26.479411386660544
17.73355767803968 18.01492895003051 18.296300222021337 18.57767149401216 18.85904276600299 19.140414037994294 19.421785309985122 19.70315658197595 19.984527853966775 20.24731191551982 20.490225828692633 20.733139741865447 20.976053655038264 21.218967568211077 21.46188148138389 21.704795394556708 21.94770930772952 22.19062322090234 22.433537134075564 22.67645104724838 22.919364960421195 23.329524809782363 23.918474348190916 24.50742388659947 25.09637342500802 25.685322963416574 26.274272501825127 26.86322204023368 27.452171578642233 28.041121117050785 28.63007065545934 29.219020193868893 29.807969732277446 29.964511865290454 29.65880069957897 29.35308953386748 29.047378368155993 28.741667202444507 28.43595603673302 28.13024487102153 27.824533705310046 27.51882253959856 27.213111373887074 26.907400208175588 26.601689042463576 26.36932953186616
17.730299322225676 18.011426480482704 18.29255363873973 18.573680796996758 18.854807955253783 19.13593511351129 19.417062271768316 19.698189430025344 19.97931658828237 20.239129564132462 20.476157196886202 20.713184829639943 20.95021246239368 21.18724009514742 21.42426772790116 21.6612953606549 21.898322993408637 22.135350626162378 22.372378258916523 22.609405891670264 22.846433524424 23.247326627134406 23.823395624021163 24.399464620907917 24.975533617794675 25.55160261468143 26.127671611568186 26.70374060845494 27.279809605341697 27.85587860222845 28.431947599115208 29.008016596002946 29.5840855928897 29.73447996486204 29.429818532759967 29.12515710065789 28.820495668555818 28.515834236453745 28.21117280435167 27.906511372249597 27.601849940147524 27.29718850804545 26.992527075943375 26.687865643841302 26.383204211738708 26.152123032552453
17.86372598513444 18.166674181865588 18.46962237859674 18.77257057532789 19.075518772059038 19.378466968790704 19.681415165521855 19.984363362253003 20.287311558984154 20.554797492870666 20.784373465658916 21.013949438447163 21.243525411235414 21.473101384023664 21.70267735681191 21.93225332960016 22.16182930238841 22.39140527517666 22.6209812479653 22.85055722075355 23.080133193541798 23.449228064248576 23.96747179288034 24.485715521512102 25.00395925014386 25.522202978775624 26.040446707407387 26.558690436039146 27.07693416467091 27.59517789330267 28.11342162193443 28.631665350567076 29.14990907919884 29.27547874288024 28.981270947660768 28.687063152441294 28.392855357221823 28.098647562002352 27.804439766782878 27.510231971563407 27.216024176343936 26.921816381124465 26.62760858590499 26.33340079068552 26.039192995465545 25.820407041882728
17.997152648043315 18.321921883248606 18.646691118453898 18.97146035365919 19.296229588864477 19.620998824070323 19.945768059275615 20.270537294480906 20.595306529686198 20.870465421609136 21.09258973443189 21.31471404725464 21.536838360077393 21.758962672900147 21.9810869857229 22.20321129854565 22.425335611368403 22.647459924191157 22.869584237014287 23.09170854983704 23.313832862659794 23.65112950136292 24.11154796173964 24.571966422116354 25.032384882493073 25.49280334286979 25.95322180324651 26.41364026362323 26.874058723999948 27.334477184376667 27.794895644753385 28.255314105130886 28.715732565507608 28.816477520898044 28.532723362561182 28.248969204224323 27.96521504588746 27.6814608875506 27.397706729213738 27.113952570876876 26.830198412540014 26.546444254203156 26.262690095866294 25.97893593752943 25.695181779192087 25.48869105121272
18.130579310952072 18.47716958463149 18.823759858310904 19.17035013199032 19.516940405669732 19.863530679349736 20.210120953029154 20.55671122670857 20.903301500387983 21.186133350347337 21.4008060032046 21.615478656061864 21.830151308919124 22.044823961776387 22.259496614633647 22.47416926749091 22.68884192034817 22.903514573205435 23.118187226063064 23.332859878920324 23.547532531777588 23.853030938477087 24.25562413059881 24.658217322720535 25.06081051484226 25.463403706963984 25.865996899085708 26.268590091207432 26.671183283329157 27.07377647545088 27.476369667572605 27.878962859695015 28.281556051816743 28.35747629891624 28.084175777461983 27.810875256007723 27.537574734553463 27.264274213099203 26.990973691644946 26.717673170190686 26.444372648736426 26.171072127282166 25.89777160582791 25.62447108437365 25.351170562918924 25.156975060542994
18.264005973860836 18.632417286014373 19.00082859816791 19.36923991032145 19.737651222474987 20.106062534629153 20.47447384678269 20.842885158936227 21.211296471089767 21.50180127908554 21.709022271977314 21.916243264869085 22.12346425776086 22.33068525065263 22.5379062435444 22.745127236436172 22.952348229327942 23.159569222219716 23.36679021511184 23.57401120800361 23.781232200895385 24.054932375591257 24.399700299457987 24.744468223324716 25.089236147191446 25.43400407105818 25.77877199492491 26.12353991879164 26.46830784265837 26.813075766525102 27.157843690391832 27.502611614259152 27.84737953812588 27.89847507693444 27.635628192362784 27.372781307791126 27.109934423219467 26.84708753864781 26.584240654076154 26.321393769504496 26.058546884932838 25.79570000036118 25.53285311578952 25.270006231217867 25.00715934664576 24.82525906987327
18.397432636769597 18.787664987397257 19.17789733802492 19.56812968865258 19.95836203928024 20.348594389908566 20.73882674053623 21.12905909116389 21.51929144179155 21.817469207823745 22.017238540750025 22.21700787367631 22.41677720660259 22.61654653952887 22.816315872455153 23.016085205381433 23.215854538307713 23.415623871233997 23.61539320416062 23.8151625370869 24.014931870013182 24.256833812705427 24.543776468317162 24.830719123928898 25.117661779540633 25.404604435152372 25.691547090764107 25.978489746375843 26.26543240198758 26.552375057599317 26.839317713211052 27.126260368823278 27.413203024435017 27.439473854952634 27.18708060726358 26.934687359574525 26.68229411188547 26.429900864196416 26.17750761650736 25.925114368818303 25.67272112112925 25.420327873440193 25.167934625751137 24.915541378062084 24.663148130372598 24.493543079203544
18.530859299678355 18.94291268878014 19.354966077881922 19.767019466983708 20.17907285608549 20.59112624518798 21.00317963428976 21.415233023391547 21.82728641249333 22.133137136561945 22.325454809522736 22.517772482483526 22.710090155444316 22.90240782840511 23.0947255013659 23.28704317432669 23.479360847287484 23.671678520248275 23.863996193209395 24.056313866170186 24.248631539130976 24.458735249819597 24.687852637176338 24.91697002453308 25.146087411889823 25.375204799246564 25.604322186603305 25.83343957396005 26.06255696131679 26.291674348673535 26.520791736030276 26.749909123387408 26.979026510744152 26.98047263297083 26.73853302216438 26.496593411357924 26.254653800551473 26.01271418974502 25.770774578938568 25.528834968132113 25.286895357325662 25.044955746519207 24.803016135712756 24.5610765249063 24.31913691409944 24.161827088533823
18.66428596258712 19.098160390163024 19.532034817738932 19.96590924531484 20.399783672890745 20.833658100467392 21.2675325280433 21.701406955619206 22.135281383195114 22.448805065300146 22.633671078295446 22.818537091290747 23.00340310428605 23.18826911728135 23.37313513027665 23.55800114327195 23.742867156267252 23.927733169262552 24.11259918225817 24.29746519525347 24.48233120824877 24.660636686933763 24.83192880603551 25.00322092513726 25.174513044239006 25.345805163340756 25.517097282442506 25.688389401544253 25.859681520646003 26.030973639747753 26.2022657588495 26.37355787795154 26.54484999705329 26.52147141098903 26.28998543706518 26.058499463141327 25.827013489217478 25.595527515293625 25.364041541369776 25.132555567445923 24.901069593522074 24.66958361959822 24.43809764567437 24.20661167175052 23.975125697826275 23.830111097864098
18.797712625495876 19.253408091545907 19.709103557595938 20.16479902364597 20.620494489696 21.076189955746806 21.531885421796837 21.987580887846867 22.4432763538969 22.76447299403835 22.94188734706816 23.11930170009797 23.29671605312778 23.47413040615759 23.651544759187402 23.828959112217213 24.006373465247023 24.183787818276834 24.361202171306946 24.538616524336756 24.716030877366567 24.862538124047934 24.976004974894686 25.08947182574144 25.202938676588197 25.31640552743495 25.429872378281704 25.54333922912846 25.656806079975215 25.770272930821967 25.883739781668723 25.99720663251567 26.110673483362426 26.062470189007225 25.841437851965978 25.62040551492473 25.39937317788348 25.178340840842232 24.95730850380098 24.736276166759733 24.515243829718486 24.294211492677235 24.073179155635987 23.852146818594736 23.631114481553112 23.498395107194373
18.93113928840475 19.408655792928926 19.886172297453097 20.36368880197727 20.84120530650144 21.31872181102643 21.7962383155506 22.27375482007477 22.751271324598946 23.080140922776824 23.250103615841137 23.42006630890545 23.590029001969764 23.759991695034078 23.92995438809839 24.099917081162705 24.269879774227018 24.43984246729133 24.609805160355936 24.77976785342025 24.949730546484563 25.064439561162274 25.120081143753985 25.175722726345697 25.23136430893741 25.28700589152912 25.34264747412083 25.398289056712542 25.453930639304254 25.509572221895965 25.565213804487676 25.62085538707948 25.67649696967119 25.603468967025034 25.392890266866395 25.182311566707757 24.971732866549118 24.76115416639048 24.55057546623184 24.339996766073202 24.129418065914564 23.918839365755925 23.708260665597287 23.497681965438648 23.28710326527965 23.166679116524364
19.06456595131351 19.563903494311806 20.0632410373101 20.562578580308397 21.06191612330669 21.561253666305838 22.060591209304135 22.55992875230243 23.059266295300723 23.39580885151502 23.558319884613844 23.720830917712668 23.88334195081149 24.04585298391032 24.208364017009142 24.370875050107966 24.53338608320679 24.695897116305613 24.858408149404713 25.020919182503537 25.18343021560236 25.266340998276444 25.26415731261316 25.261973626949878 25.259789941286595 25.257606255623312 25.25542256996003 25.253238884296746 25.251055198633463 25.24887151297018 25.246687827306896 25.24450414164361 25.242320455980327 25.14446774504323 24.944342681767193 24.744217618491156 24.54409255521512 24.343967491939082 24.14384242866305 23.943717365387013 23.743592302110976 23.54346723883494 23.343342175558902 23.143217112282866 22.943092049006488 22.83496312585464
