Figures/CREST_Example_wjb_NSE/Rolling_result/20100722/BJP_forecast/ens_0/wjb.rain.20100727.asc
ncols            288
nrows            254
xllcorner        113.274861
yllcorner        31.4918055
cellsize         0.008333333333
NODATA_value     -9999
[rows 100 to 119 of 254, columns 176 to 219 of 288]
17.978921138235364 18.202456640898838 18.425992143562315 18.64952764622579 18.873063148889266 19.09659865155274 19.320134154216596 20.04769433082816 21.314068287478936 22.58044224412971 23.84681620078048 25.113190157431255 26.37956411408203 27.645938070732804 28.912312027383575 30.17868598403435 31.44505994068512 32.711433897335894 33.97780785398667 34.055063468692346 32.86112466953195 31.66718587037154 30.47324707121114 29.279308272050738 28.085369472890335 26.891430673729932 25.69749187456953 24.50355307540913 23.309614276248727 22.115675477088324 20.921736677927925 25.422916566361028 25.422916566361028 25.422916566361028 25.422916566361028 25.422916566361028 25.422916566361028 25.422916566361028 25.422916566361028 25.422916566361028 25.422916566361028 25.422916566361028 25.422916566361028 25.422916566361028
17.897659920798507 18.0870029577531 18.27634599470769 18.465689031662283 18.655032068616876 18.84437510557147 19.033718142526382 19.72988369446681 20.96785398181712 22.205824269167433 23.443794556517744 24.681764843868052 25.919735131218363 27.157705418568675 28.395675705918983 29.633645993269294 30.871616280619605 32.10958656796991 33.34755685532022 33.43338436521979 32.287545176348345 31.141705987476897 29.995866798605448 28.850027609734 27.704188420862554 26.55834923199111 25.41251004311966 24.26667085424821 23.120831665376766 21.97499247650532 20.829153287633872 25.422916566361028 25.422916566361028 25.422916566361028 25.422916566361028 25.422916566361028 25.422916566361028 25.422916566361028 25.422916566361028 25.422916566361028 25.422916566361028 25.422916566361028 25.422916566361028 25.422916566361028
17.81639870336165 17.97154927460736 18.126699845853068 18.281850417098777 18.437000988344483 18.592151559590192 18.747302130836164 19.412073058105456 20.621639676155304 21.831206294205153 23.040772912254997 24.250339530304842 25.45990614835469 26.66947276640454 27.879039384454384 29.08860600250423 30.298172620554077 31.507739238603925 32.71730585665377 32.81170526174723 31.713965683164737 30.616226104582246 29.51848652599975 28.42074694741726 27.32300736883477 26.22526779025228 25.127528211669787 24.029788633087293 22.9320490545048 21.83430947592231 20.73656989733982 25.422916566361028 25.422916566361028 25.422916566361028 25.422916566361028 25.422916566361028 25.422916566361028 25.422916566361028 25.422916566361028 25.422916566361028 25.422916566361028 25.422916566361028 25.422916566361028 25.422916566361028
17.735137485924795 17.85609559146162 17.977053696998446 18.09801180253527 18.218969908072097 18.339928013608922 18.460886119145954 19.09426242174411 20.27542537049349 21.456588319242876 22.637751267992257 23.81891421674164 25.000077165491025 26.18124011424041 27.36240306298979 28.543566011739173 29.72472896048856 30.905891909237944 32.087054857987326 32.19002615827467 31.140386189981136 30.0907462216876 29.041106253394062 27.991466285100525 26.94182631680699 25.892186348513455 24.842546380219915 23.79290641192638 22.74326644363284 21.693626475339308 20.64398650704577 25.422916566361028 25.422916566361028 25.422916566361028 25.422916566361028 25.422916566361028 25.422916566361028 25.422916566361028 25.422916566361028 25.422916566361028 25.422916566361028 25.422916566361028 25.422916566361028 25.422916566361028
17.65387626848794 17.740641908315883 17.827407548143825 17.914173187971766 18.000938827799708 18.08770446762765 18.17447010745574 18.776451785382758 19.929211064831676 21.081970344280595 22.234729623729514 23.387488903178436 24.540248182627355 25.693007462076274 26.845766741525196 27.998526020974115 29.151285300423034 30.304044579871956 31.456803859320875 31.56834705480211 30.566806696797528 29.56526633879295 28.563725980788366 27.562185622783787 26.560645264779204 25.559104906774625 24.557564548770042 23.556024190765463 22.55448383276088 21.552943474756297 20.551403116751718 25.422916566361028 25.422916566361028 25.422916566361028 25.422916566361028 25.422916566361028 25.422916566361028 25.422916566361028 25.422916566361028 25.422916566361028 25.422916566361028 25.422916566361028 25.422916566361028 25.422916566361028
17.572615051051017 17.625188225170046 17.677761399289075 17.730334573408104 17.782907747527133 17.835480921646162 17.88805409576528 18.458641149021133 19.582996759169568 20.707352369318 21.83170797946643 22.95606358961486 24.080419199763295 25.204774809911726 26.329130420060157 27.453486030208587 28.577841640357022 29.702197250505453 30.826552860653884 30.94666795132902 29.993227203613436 29.03978645589785 28.086345708182265 27.132904960466682 26.179464212751096 25.22602346503551 24.272582717319928 23.319141969604342 22.365701221888756 21.412260474173173 20.458819726457588 25.422916566361028 25.422916566361028 25.422916566361028 25.422916566361028 25.422916566361028 25.422916566361028 25.422916566361028 25.422916566361028 25.422916566361028 25.422916566361028 25.422916566361028 25.422916566361028 25.422916566361028
17.49135383361416 17.509734542024304 17.52811525043445 17.546495958844595 17.56487666725474 17.583257375664886 17.601638084075063 18.14083051265978 19.23678245350775 20.332734394355718 21.428686335203686 22.524638276051654 23.620590216899625 24.716542157747593 25.81249409859556 26.908446039443533 28.0043979802915 29.10034992113947 30.196301861987436 30.324988847856464 29.41964771042983 28.514306573003203 27.60896543557657 26.703624298149943 25.79828316072331 24.892942023296683 23.98760088587005 23.082259748443423 22.176918611016795 21.271577473590163 20.366236336163535 25.422916566361028 25.422916566361028 25.422916566361028 25.422916566361028 25.422916566361028 25.422916566361028 25.422916566361028 25.422916566361028 25.422916566361028 25.422916566361028 25.422916566361028 25.422916566361028 25.422916566361028
17.410092616177305 17.394280858878567 17.378469101579828 17.36265734428109 17.346845586982354 17.331033829683616 17.31522207238485 17.823019876298428 18.890568147845933 19.95811641939344 21.025664690940946 22.09321296248845 23.160761234035956 24.22830950558346 25.295857777130966 26.36340604867847 27.43095432022598 28.49850259177348 29.56605086332099 29.703309744383905 28.846068217246227 27.988826690108553 27.13158516297088 26.274343635833205 25.41710210869553 24.559860581557857 23.702619054420182 22.84537752728251 21.988136000144834 21.130894473007157 20.273652945869483 25.422916566361028 25.422916566361028 25.422916566361028 25.422916566361028 25.422916566361028 25.422916566361028 25.422916566361028 25.422916566361028 25.422916566361028 25.422916566361028 25.422916566361028 25.422916566361028 25.422916566361028
17.32883139874045 17.27882717573283 17.228822952725206 17.178818729717587 17.128814506709965 17.078810283702342 17.028806060694635 17.505209239937077 18.54435384218412 19.58349844443116 20.622643046678203 21.661787648925245 22.700932251172286 23.74007685341933 24.77922145566637 25.818366057913412 26.857510660160454 27.896655262407496 28.935799864654538 29.081630640911346 28.272488724062626 27.463346807213906 26.654204890365186 25.845062973516466 25.035921056667746 24.22677913981903 23.417637222970306 22.60849530612159 21.79935338927287 20.99021147242415 20.18106955557543 25.422916566361028 25.422916566361028 25.422916566361028 25.422916566361028 25.422916566361028 25.422916566361028 25.422916566361028 25.422916566361028 25.422916566361028 25.422916566361028 25.422916566361028 25.422916566361028 25.422916566361028
18.372351863702495 18.242164922738297 18.1119779817741 17.981791040809902 17.851604099845705 17.721417158881508 17.59123021791709 18.019810665904263 19.04572609482638 20.0716415237485 21.09755695267062 22.123472381592737 23.149387810514853 24.17530323943697 25.20121866835909 26.22713409728121 27.253049526203327 28.278964955125446 29.304880384047564 29.4186646533769 28.557360074197586 27.696055495018268 26.834750915838953 25.973446336659634 25.11214175748032 24.250837178301 23.389532599121686 22.528228019942368 21.666923440763053 20.80561886158374 19.94431428240442 19.69338050669917 20.094946932097766 20.496513357495676 20.898079782893586 21.299646208291495 21.701212633689405 22.102779059087315 22.504345484485224 22.905911909883134 23.307478335281044 23.709044760678953 24.110611186076863 23.972491386951038
20.61819303568761 20.35866269655316 20.09913235741871 19.839602018284264 19.580071679149814 19.320541340015364 19.061011000880473 19.424208107378075 20.453114942502417 21.482021777626763 22.51092861275111 23.53983544787545 24.568742282999793 25.59764911812414 26.626555953248484 27.655462788372827 28.684369623497172 29.713276458621515 30.74218329374586 30.78050254505271 29.759861255111833 28.739219965170953 27.718578675230074 26.697937385289194 25.677296095348318 24.656654805407438 23.63601351546656 22.615372225525682 21.594730935584803 20.574089645643923 19.553448355703047 19.19865998062146 19.555683439229 19.91270689783593 20.269730356442857 20.62675381504979 20.983777273656717 21.34080073226365 21.697824190870577 22.05484764947751 22.411871108084437 22.76889456669137 23.125918025298297 22.994983663395956
22.864034207674646 22.475160470369833 22.086286733065023 21.69741299576021 21.308539258455397 20.919665521150584 20.53079178384511 20.828605548853083 21.860503790179656 22.89240203150623 23.924300272832802 24.956198514159375 25.988096755485948 27.01999499681252 28.05189323813909 29.083791479465663 30.115689720792236 31.14758796211881 32.17948620344538 32.14234043672968 30.962362436027107 29.78238443532453 28.602406434621955 27.422428433919375 26.2424504332168 25.062472432514223 23.882494431811644 22.702516431109068 21.52253843040649 20.342560429703916 19.16258242900134 18.703939454543324 19.01641994635977 19.32890043817568 19.641380929991595 19.953861421807506 20.266341913623418 20.57882240543933 20.891302897255244 21.203783389071155 21.516263880887067 21.828744372702978 22.14122486451889 22.017475939840043
25.109875379659766 24.5916582441847 24.073441108709638 23.555223973234572 23.037006837759506 22.51878970228444 22.000572566808493 22.2330029903269 23.267892637855695 24.30278228538449 25.337671932913292 26.37256158044209 27.40745122797089 28.442340875499685 29.47723052302848 30.51212017055728 31.547009818086078 32.581899465614875 33.616789113143675 33.504178328405494 32.16486361694135 30.825548905477213 29.486234194013075 28.146919482548938 26.807604771084797 25.46829005962066 24.128975348156523 22.789660636692382 21.45034592522824 20.111031213764107 18.771716502299967 18.20921892846561 18.477156453491002 18.745093978515932 19.013031503540866 19.2809690285658 19.548906553590733 19.816844078615663 20.084781603640597 20.35271912866553 20.620656653690464 20.888594178715394 21.156531703740328 21.039968216284965
27.355716551644885 26.70815601799957 26.060595484354252 25.413034950708933 24.765474417063615 24.1179138834183 23.470353349771877 23.637400431800714 24.675281485531734 25.713162539262758 26.75104359299378 27.788924646724805 28.82680570045583 29.864686754186852 30.902567807917876 31.940448861648896 32.97832991537992 34.01621096911094 35.05409202284197 34.8660162200813 33.3673647978556 31.8687133756299 30.370061953404196 28.871410531178498 27.3727591089528 25.874107686727097 24.375456264501395 22.876804842275696 21.378153420049994 19.879501997824292 18.380850575598593 17.7144984023879 17.937892960622232 18.161287518856188 18.38468207709014 18.608076635324093 18.831471193558045 19.054865751792 19.278260310025953 19.501654868259905 19.72504942649386 19.948443984727813 20.171838542961765 20.06246049272989
29.601557723630005 28.824653791814438 28.047749859998866 27.2708459281833 26.493941996367727 25.717038064552156 24.940134132735263 25.04179787327453 26.082670333207776 27.123542793141024 28.164415253074274 29.20528771300752 30.24616017294077 31.28703263287402 32.32790509280727 33.36877755274052 34.409650012673765 35.45052247260701 36.49139493254026 36.22785411175711 34.56986597876985 32.911877845782584 31.25388971279532 29.595901579808057 27.937913446820797 26.279925313833534 24.621937180846274 22.96394904785901 21.305960914871747 19.647972781884484 17.989984648897224 17.219777876310186 17.398629467753466 17.577481059196437 17.75633265063941 17.935184242082386 18.11403583352536 18.29288742496833 18.471739016411306 18.65059060785428 18.82944219929725 19.008293790740225 19.1871453821832 19.08495276917481
31.847398895615125 30.9411515656293 30.03490423564348 29.128656905657657 28.222409575671836 27.316162245686016 26.409914915698646 26.44619531474834 27.490059180883815 28.533923047019286 29.57778691315476 30.621650779290235 31.66551464542571 32.709378511561184 33.75324237769666 34.79710624383213 35.84097010996761 36.88483397610308 37.928697842238556 37.589692003432916 35.772367159684094 33.955042315935266 32.137717472186445 30.32039262843762 28.503067784688795 26.68574294093997 24.868418097191146 23.051093253442325 21.233768409693496 19.416443565944675 17.59911872219585 16.725057350232472 16.859365974884696 16.99367459953669 17.127983224188682 17.26229184884068 17.396600473492672 17.530909098144665 17.66521772279666 17.79952634744865 17.933834972100644 18.06814359675264 18.202452221404634 18.107445045619727
34.09324006760025 33.05764933944417 32.022058611288095 30.986467883132022 29.950877154975945 28.91528642681987 27.87969569866203 27.850592756222152 28.89744802855985 29.944303300897552 30.99115857323525 32.03801384557295 33.08486911791065 34.13172439024835 35.178579662586046 36.22543493492375 37.27229020726145 38.31914547959914 39.366000751936845 38.95152989510873 36.97486834059834 34.998206786087955 33.02154523157757 31.044883677067183 29.068222122556794 27.091560568046408 25.11489901353602 23.138237459025635 21.16157590451525 19.184914350004863 17.208252795494477 16.23033682415476 16.32010248201593 16.40986813987694 16.499633797737957 16.589399455598972 16.679165113459984 16.768930771321 16.858696429182014 16.948462087043026 17.03822774490404 17.127993402765057 17.217759060626072 17.129937322064652
36.33908123958537 35.17414711325904 34.00921298693271 32.84427886060638 31.679344734280058 30.514410607953728 29.349476481625416 29.254990197695967 30.304836876235893 31.354683554775818 32.40453023331574 33.45437691185567 34.50422359039559 35.55407026893552 36.60391694747544 37.65376362601536 38.70361030455529 39.75345698309522 40.80330366163514 40.31336778678453 38.17736952151259 36.04137125624064 33.905372990968694 31.769374725696743 29.633376460424792 27.497378195152848 25.361379929880897 23.22538166460895 21.089383399337002 18.953385134065055 16.817386868793104 15.735616298077048 15.78083898914716 15.826061680217194 15.87128437128723 15.916507062357264 15.961729753427297 16.006952444497333 16.052175135567367 16.0973978266374 16.142620517707435 16.18784320877747 16.233065899847503 16.15242959850957
38.5849224115724 37.29064488707571 35.99636736257902 34.70208983808233 33.40781231358564 32.113534789088945 30.81925726459005 30.659387639170976 31.712225723913132 32.765063808655285 33.81790189339743 34.87073997813959 35.923578062881745 36.976416147623894 38.02925423236605 39.082092317108206 40.134930401850355 41.18776848659251 42.24060657133466 41.67520567846151 39.37987070242786 37.084535726394215 34.789200750360564 32.49386577432692 30.198530798293277 27.903195822259626 25.607860846225982 23.312525870192335 21.017190894158688 18.72185591812504 16.426520942091393 15.240895771998913 15.241575496277932 15.242255220556949 15.242934944835966 15.243614669114983 15.244294393394 15.244974117673017 15.245653841952034 15.246333566231051 15.247013290510068 15.247693014789085 15.248372739068103 15.17492187495366
40.83076358355753 39.40714266089058 37.98352173822364 36.559900815556695 35.13627989288975 33.712658970222805 32.28903804755343 32.06378508064479 33.119614571589175 34.17544406253355 35.231273553477926 36.28710304442231 37.342932535366685 38.39876202631106 39.454591517255444 40.51042100819982 41.566250499144196 42.62207999008858 43.677909481032955 43.037043570137314 40.582371883342105 38.1277001965469 35.67302850975169 33.21835682295648 30.76368513616127 28.309013449366063 25.854341762570854 23.399670075775646 20.944998388980437 18.49032670218523 16.03565501539002 14.7461752459212 14.702312003409162 14.6584487608972 14.614585518385237 14.570722275873274 14.526859033361312 14.48299579084935 14.439132548337387 14.395269305825424 14.351406063313462 14.307542820801498 14.263679578289535 14.19741415139858
