Figures/CREST_Example_wjb_NSE/Rolling_result/20100722/BJP_forecast/ens_48/wjb.rain.20100725.asc
ncols            288
nrows            254
xllcorner        113.274861
yllcorner        31.4918055
cellsize         0.008333333333
NODATA_value     -9999
[rows 120 to 139 of 254, columns 184 to 229 of 288]
0.853844067544453 0.7726545603129878 0.6914650530815227 0.6102755458500576 0.5290860386185925 0.4478965313871274 0.36670702415566225 0.28551751692419713 0.20432800969273202 0.1231385024612669 0.04194899522980167 0.024877641543180506 0.0763500448053781 0.1278224480675757 0.1792948513297733 0.23076725459197087 0.2822396578541685 0.3337120611163661 0.3851844643785637 0.4366568676407612 0.4881292709029588 0.5396016741651565 0.5910740774273541 0.6051082024463292 0.5791199608258043 0.5531317192053237 0.527143477584843 0.5011552359643625 0.4751669943438818 0.44917875272340124 0.4231905111029206 0.39720226948244 0.37121402786195934 0.3452257862414787 0.31923754462099807 0.2934929349314393 0.26800877328972594 0.24252461164796912 0.21704045000625577 0.19155628836454244 0.1660721267228291 0.14058796508111576 0.11510380343940241 0.08961964179768905 0.06413548015597573 0.038651318514262345
0.9288999518537622 0.8425873355670723 0.7562747192803825 0.6699621029936926 0.5836494867070028 0.4973368704203128 0.411024254133623 0.32471163784693313 0.23839902156024328 0.15208640527355344 0.06577378898686359 0.04527464148386938 0.09513158128014451 0.14498852107641966 0.19484546087269478 0.24470240066896992 0.29455934046524507 0.3444162802615202 0.39427322005779536 0.44413015985407045 0.4939870996503456 0.5438440394466207 0.5937009792428959 0.6068639807179659 0.5808003317739724 0.5547366828300233 0.5286730338860742 0.5026093849421251 0.47654573599817607 0.450482087054227 0.4244184381102779 0.3983547891663288 0.37229114022237975 0.3462274912784307 0.32016384233448164 0.29434453224238005 0.2687864259125919 0.24322831958276014 0.21767021325297203 0.19211210692318387 0.16655400059339573 0.1409958942636076 0.11543778793381945 0.08987968160403131 0.06432157527424315 0.03876346894445504
1.0047050073851342 0.9153505992084353 0.8259961910317363 0.7366417828550372 0.6472873746783382 0.5579329665016391 0.4685785583249401 0.37922415014824107 0.289869741971542 0.200515333794843 0.11116092561814406 0.08515899100625503 0.12688228411942556 0.16860557723259612 0.21032887034576664 0.2520521634589372 0.29377545657210774 0.33549874968527826 0.3772220427984488 0.41894533591161937 0.4606686290247899 0.5023919221379605 0.544115215251131 0.5541695379738997 0.5303690147065295 0.5065684914391999 0.4827679681718704 0.4589674449045409 0.4351669216372113 0.41136639836988176 0.38756587510255225 0.3637653518352227 0.3399648285678931 0.3161643053005636 0.29236378203323404 0.2687863814967629 0.245447504209121 0.2221086269214393 0.19876974963379737 0.17543087234615545 0.15209199505851353 0.12875311777087164 0.10541424048322973 0.08207536319558781 0.05873648590794589 0.03539760862030397
1.0805100629165063 0.9881138628497981 0.8957176627830898 0.8033214627163816 0.7109252626496734 0.6185290625829652 0.526132862516257 0.4337366624495488 0.34134046238284055 0.24894426231613243 0.1565480622494242 0.12504334052864066 0.15863298695870662 0.19222263338877255 0.2258122798188385 0.25940192624890446 0.2929915726789704 0.32658121910903637 0.36017086553910227 0.3937605119691682 0.4273501583992342 0.46093980482930014 0.4945294512593661 0.5014750952298334 0.4799376976390866 0.4584003000483766 0.43686290245766657 0.4153255048669566 0.3937881072762466 0.37225070968553653 0.35071331209482653 0.32917591450411654 0.3076385169134065 0.2861011193226965 0.2645637217319865 0.2432282307511458 0.2221085825056501 0.2009889342601184 0.1798692860146227 0.15874963776912704 0.13762998952363134 0.11651034127813564 0.09539069303263994 0.07427104478714427 0.05315139654164858 0.03203174829615288
1.156315118447943 1.060877126491223 0.965439134534503 0.8700011425777832 0.7745631506210632 0.6791251586643432 0.5836871667076232 0.48824917475090324 0.39281118279418337 0.2973731908374633 0.2019351988807434 0.1649276900510603 0.19038368979801473 0.21583968954496915 0.24129568929192358 0.26675168903887797 0.29220768878583236 0.3176636885327868 0.34311968827974126 0.36857568802669566 0.39403168777365005 0.4194876875206045 0.4449436872675589 0.4487806524857222 0.42950638057160073 0.4102321086575122 0.39095783674342366 0.37168356482933507 0.35240929291524653 0.33313502100115794 0.3138607490870694 0.2945864771729808 0.2753122052588923 0.25603793334480374 0.23676366143071517 0.21767008000550683 0.19876966080215927 0.17986924159877948 0.16096882239543192 0.14206840319208436 0.12316798398873678 0.10426756478538922 0.08536714558204164 0.06646672637869408 0.04756630717534652 0.028665887971998955
1.232120173979315 1.1336403901325858 1.0351606062858567 0.9366808224391276 0.8382010385923986 0.7397212547456694 0.6412414708989403 0.5427616870522113 0.4442819032054821 0.34580211935875305 0.24732233551202398 0.20481203957344596 0.22213439263729579 0.2394567457011456 0.25677909876499544 0.27410145182884527 0.29142380489269504 0.3087461579565449 0.3260685110203947 0.3433908640842446 0.36071321714809434 0.37803557021194417 0.395357923275794 0.3960862097416559 0.37907506350415787 0.36206391726668885 0.34505277102921983 0.3280416247917508 0.3110304785542818 0.29401933231681276 0.27700818607934374 0.2599970398418747 0.24298589360440564 0.22597474736693662 0.2089636011294676 0.1921119292598897 0.17543073909868837 0.15874954893745857 0.14206835877625726 0.12538716861505592 0.10870597845385459 0.09202478829265325 0.07534359813145192 0.058662407970250574 0.04198121780904926 0.025300027647847917
1.3079252295106871 1.2064036537739489 1.1048820780372106 1.0033605023004724 0.901838926563734 0.8003173508269957 0.6987957750902575 0.5972741993535192 0.49575262361678096 0.3942310478800426 0.29270947214330434 0.2446963890958316 0.25388509547657684 0.26307380185732204 0.2722625082380673 0.2814512146188125 0.2906399209995577 0.29982862738030297 0.3090173337610482 0.31820604014179343 0.32739474652253864 0.33658345290328384 0.3457721592840291 0.3433917669975896 0.328643746436715 0.3138957258758655 0.299147705315016 0.2843996847541665 0.269651664193317 0.25490364363246754 0.24015562307161803 0.22540760251076852 0.21065958194991902 0.19591156138906954 0.18116354082822003 0.16655377851427258 0.15209181739521746 0.13762985627613772 0.1231678951570826 0.10870593403802749 0.09424397291897238 0.07978201179991729 0.06532005068086218 0.05085808956180707 0.036396128442751974 0.02193416732369685
1.3837302850420592 1.2791669174153117 1.1746035497885643 1.0700401821618168 0.9654768145350695 0.860913446908322 0.7563500792815746 0.6517867116548272 0.5472233440280797 0.44265997640133214 0.3380966087745849 0.28458073861821725 0.2856357983158579 0.2866908580134985 0.2877459177111391 0.28880097740877975 0.2898560371064204 0.290911096804061 0.29196615650170166 0.29302121619934224 0.2940762758969829 0.2951313355946235 0.29618639529226415 0.2906973242535233 0.27821242936927204 0.2657275344850421 0.2532426396008121 0.24075774471658218 0.22827284983235221 0.21578795494812225 0.2033030600638923 0.19081816517966232 0.17833327029543236 0.1658483754112024 0.15336348052697243 0.14099562776865543 0.12875289569174656 0.11651016361481681 0.10426743153790793 0.09202469946099905 0.07978196738409017 0.0675392353071813 0.05529650323027241 0.043053771153363535 0.03081103907645466 0.018568306999545786
1.4595353405734315 1.3519301810566748 1.2443250215399182 1.1367198620231616 1.029114702506405 0.9215095429896483 0.8139043834728917 0.7062992239561351 0.5986940644393786 0.4910889049226219 0.3834837454058653 0.3244650881406029 0.31738650115513894 0.31030791416967496 0.303229327184211 0.29615074019874704 0.28907215321328306 0.2819935662278191 0.27491497924235514 0.26783639225689115 0.2607578052714272 0.25367921828596324 0.24660063130049928 0.23800288150945706 0.2277811123018292 0.21755934309421876 0.20733757388660834 0.1971158046789979 0.18689403547138744 0.17667226626377702 0.16645049705616657 0.15622872784855613 0.1460069586409457 0.13578518943333528 0.1255634202257248 0.11543747702303829 0.10541397398827565 0.0953904709534959 0.08536696791873326 0.07534346488397062 0.06531996184920796 0.05529645881444532 0.04527295577968267 0.03524945274492003 0.025225949710157375 0.015202446675394735
1.5353403961048033 1.4246934446980375 1.3140464932912717 1.203399541884506 1.0927525904777402 0.9821056390709745 0.8714586876642086 0.7608117362574429 0.6501647848506771 0.5395178334439115 0.42887088203714563 0.36434943766298855 0.34913720399441994 0.3339249703258514 0.31871273665728284 0.3035005029887143 0.28828826932014573 0.2730760356515772 0.2578638019830086 0.24265156831444004 0.2274393346458715 0.21222710097730293 0.19701486730873435 0.18530843876539077 0.1773497952343863 0.1693911517033954 0.16143250817240448 0.15347386464141358 0.14551522111042267 0.1375565775794318 0.1295979340484409 0.12163929051744997 0.11368064698645906 0.10572200345546816 0.09776335992447725 0.08987932627742116 0.08207505228480474 0.07427077829217502 0.0664665042995586 0.058662230306942176 0.050857956314325756 0.043053682321709336 0.035249408329092916 0.027445134336476495 0.019640860343860075 0.011836586351243655
1.6111454516361754 1.4974567083394006 1.3837679650426256 1.2700792217458505 1.1563904784490757 1.042701735152301 0.9290129918555258 0.8153242485587509 0.7016355052619758 0.587946761965201 0.474258018668426 0.40423378718537417 0.380887906833701 0.3575420264820279 0.3341961461303547 0.3108502657786816 0.2875043854270084 0.2641585050753352 0.24081262472366208 0.21746674437198893 0.19412086402031578 0.1707749836686426 0.14742910331696946 0.1326139960213245 0.1269184781669434 0.12122296031257204 0.11552744245820067 0.10983192460382929 0.10413640674945791 0.09844088889508654 0.09274537104071517 0.08704985318634378 0.08135433533197242 0.07565881747760105 0.06996329962322967 0.06432117553180401 0.058736130581333826 0.05315108563085411 0.04756604068038392 0.041980995729913734 0.03639595077944355 0.030810905828973355 0.02522586087850317 0.019640815928032976 0.01405577097756279 0.008470726027092597
1.686950507167612 1.5702199719808254 1.4534894367940387 1.336758901607252 1.2200283664204652 1.1032978312336787 0.986567296046892 0.8698367608601052 0.7531062256733185 0.6363756904865319 0.5196451552997452 0.4441181367077938 0.41263860967300914 0.38115908263822446 0.3496795556034398 0.3182000285686551 0.2867205015338704 0.25524097449908567 0.22376144746430102 0.19228192042951636 0.16080239339473168 0.12932286635994694 0.09784333932516226 0.0799195532772133 0.07648716109945754 0.07305476892170762 0.0696223767439577 0.06618998456620778 0.06275759238845786 0.05932520021070795 0.055892808032958034 0.05246041585520812 0.049028023677458205 0.045595631499708286 0.04216323932195837 0.038763024786165085 0.03539720887784301 0.03203139296951521 0.02866557706119314 0.025299761152871074 0.021933945244549006 0.018568129336226938 0.01520231342790487 0.011836497519582802 0.008470681611260737 0.005104865702938666
1.7627555626989844 1.6429832356221885 1.5232109085453924 1.4034385814685968 1.2836662543918007 1.163893927315005 1.044121600238209 0.9243492731614131 0.8045769460846173 0.6848046190078214 0.5650322919310256 0.4840024862301795 0.4443893125122902 0.4047761387944009 0.36516296507651164 0.3255497913586224 0.2859366176407331 0.24632344392284383 0.20671027020495453 0.16709709648706528 0.12748392276917597 0.08787074905128672 0.04825757533339742 0.027225110533147034 0.026055844032014653 0.024886577530884267 0.02371731102975388 0.022548044528623495 0.021378778027493106 0.02020951152636272 0.019040245025232334 0.017870978524101945 0.01670171202297156 0.015532445521841173 0.014363179020710786 0.013204874040547947 0.012058287174372108 0.010911700308194314 0.009765113442018476 0.008618526575842639 0.007471939709666799 0.0063253528434909605 0.005178765977315121 0.004032179111139284 0.0028855922449634447 0.0017390053787876072
1.7293426268273329 1.6128862576384626 1.4964298884495926 1.3799735192607223 1.263517150071852 1.147060780882982 1.0306044116941115 0.9141480425052415 0.7976916733163713 0.681235304127501 0.564778934938631 0.48428431895395574 0.44223363085584744 0.40018294275773914 0.35813225465963083 0.31608156656152253 0.27403087846341423 0.23198019036530587 0.18992950226719757 0.14787881416908927 0.10582812607098097 0.06377743797287266 0.02172674987476436 0.0 0.0 0.0 0.0 0.0 0.0 0.0 0.0 0.0 0.0 0.0 0.0 0.0 0.0 0.0 0.0 0.0 0.0 0.0 0.0 0.0 0.0 0.0
1.579182543306446 1.472838165722167 1.3664937881378882 1.2601494105536095 1.1538050329693306 1.0474606553850518 0.941116277800773 0.8347719002164942 0.7284275226322154 0.6220831450479365 0.5157387674636578 0.4422335577838602 0.4038341616500904 0.3654347655163206 0.32703536938255084 0.28863597324878104 0.25023657711501124 0.21183718098124146 0.1734377848474717 0.13503838871370188 0.09663899257993208 0.058239596446162334 0.01984020031239253 0.0 0.0 0.0 0.0 0.0 0.0 0.0 0.0 0.0 0.0 0.0 0.0 0.0 0.0 0.0 0.0 0.0 0.0 0.0 0.0 0.0 0.0 0.0
1.4290224597855592 1.3327900738058716 1.2365576878261841 1.1403253018464967 1.0440929158668093 0.9478605298871218 0.8516281439074344 0.7553957579277469 0.6591633719480595 0.562930985968372 0.46669859998868457 0.40018279661376466 0.36543469244433335 0.3306865882749021 0.29593848410547086 0.26119037993603955 0.2264422757666083 0.19169417159717705 0.1569460674277458 0.1221979632583145 0.08744985908888325 0.052701754919452004 0.0179536507500207 0.0 0.0 0.0 0.0 0.0 0.0 0.0 0.0 0.0 0.0 0.0 0.0 0.0 0.0 0.0 0.0 0.0 0.0 0.0 0.0 0.0 0.0 0.0
1.278862376264672 1.192741981889576 1.1066215875144798 1.020501193139384 0.9343807987642878 0.8482604043891917 0.7621400100140957 0.6760196156389996 0.5898992212639035 0.5037788268888075 0.4176584325137114 0.3581320354436691 0.32703522323857637 0.2959384110334836 0.26484159882839087 0.23374478662329812 0.20264797441820537 0.17155116221311262 0.14045435000801987 0.10935753780292712 0.07826072559783437 0.04716391339274162 0.01606710118764887 0.0 0.0 0.0 0.0 0.0 0.0 0.0 0.0 0.0 0.0 0.0 0.0 0.0 0.0 0.0 0.0 0.0 0.0 0.0 0.0 0.0 0.0 0.0
1.1287022927436572 1.052693889973161 0.9766854872026649 0.900677084432169 0.8246686816616728 0.7486602788911768 0.6726518761206808 0.5966434733501847 0.5206350705796886 0.4446266678091926 0.36861826503869655 0.3160812742735377 0.2886357540327866 0.2611902337920355 0.23374471355128437 0.20629919331053326 0.17885367306978214 0.15140815282903103 0.12396263258827994 0.09651711234752883 0.06907159210677771 0.041626071866026626 0.014180551625275484 0.0 0.0 0.0 0.0 0.0 0.0 0.0 0.0 0.0 0.0 0.0 0.0 0.0 0.0 0.0 0.0 0.0 0.0 0.0 0.0 0.0 0.0 0.0
0.9785422092227701 0.9126457980568654 0.8467493868909608 0.7808529757250561 0.7149565645591514 0.6490601533932467 0.5831637422273421 0.5172673310614374 0.4513709198955328 0.3854745087296281 0.31957809756372346 0.2740305131034422 0.2502362848270296 0.22644205655061697 0.20264782827420438 0.1788535999977918 0.1550593717213792 0.13126514344496662 0.10747091516855403 0.08367668689214144 0.059882458615728856 0.03608823033931627 0.012294002062903653 0.0 0.0 0.0 0.0 0.0 0.0 0.0 0.0 0.0 0.0 0.0 0.0 0.0 0.0 0.0 0.0 0.0 0.0 0.0 0.0 0.0 0.0 0.0
0.8283821257018833 0.77259770614057 0.7168132865792567 0.6610288670179434 0.6052444474566301 0.5494600278953168 0.4936756083340035 0.4378911887726902 0.3821067692113769 0.32632234965006357 0.27053793008875027 0.23197975193334663 0.21183681562127257 0.19169387930919848 0.17155094299712442 0.15140800668505033 0.13126507037297627 0.11112213406090221 0.09097919774882812 0.07083626143675406 0.05069332512467997 0.03055038881260591 0.010407452500531822 0.0 0.0 0.0 0.0 0.0 0.0 0.0 0.0 0.0 0.0 0.0 0.0 0.0 0.0 0.0 0.0 0.0 0.0 0.0 0.0 0.0 0.0 0.0
