Figures/CREST_Example_wjb_NSE/Rolling_result/20100722/BJP_forecast/ens_48/wjb.rain.20100306.asc
ncols            288
nrows            254
xllcorner        113.274861
yllcorner        31.4918055
cellsize         0.008333333333
NODATA_value     -9999
[rows 44 to 65 of 254, columns 50 to 99 of 288]
3.413102254333122 3.5094940289855003 3.5094940289855003 3.5094940289855003 3.5094940289855003 3.5094940289855003 3.5094940289855003 3.5094940289855003 3.5094940289855003 3.5094940289855003 3.5094940289855003 3.5094940289855003 3.5094940289855003 3.4487510443924294 3.3230724362034905 3.197393828014337 3.0717152198253976 2.9460366116364582 2.8203580034475193 2.6946793952585804 2.569000787069641 2.4433221788807016 2.3176435706917626 2.1919649625028237 2.0662863543138843 1.9788581795454765 1.9323205828149634 1.8857829860844504 1.839245389353858 1.792707792623345 1.746170195892832 1.699632599162319 1.6530950024318058 1.6065574057012928 1.5600198089707797 1.513482212240267 1.4669446155097536 1.4428995698690414 1.4428995698690414 1.4428995698690414 1.4428995698690414 1.4428995698690414 1.4428995698690414 1.4428995698690414 1.4428995698690414 1.4428995698690414 1.4428995698690414 1.4428995698690414 1.4428995698690414 1.3906048336474919
3.413102254333122 3.5094940289855003 3.5094940289855003 3.5094940289855003 3.5094940289855003 3.5094940289855003 3.5094940289855003 3.5094940289855003 3.5094940289855003 3.5094940289855003 3.5094940289855003 3.5094940289855003 3.5094940289855003 3.4487510443924294 3.3230724362034905 3.197393828014337 3.0717152198253976 2.9460366116364582 2.8203580034475193 2.6946793952585804 2.569000787069641 2.4433221788807016 2.3176435706917626 2.1919649625028237 2.0662863543138843 1.9788581795454765 1.9323205828149634 1.8857829860844504 1.839245389353858 1.792707792623345 1.746170195892832 1.699632599162319 1.6530950024318058 1.6065574057012928 1.5600198089707797 1.513482212240267 1.4669446155097536 1.4428995698690414 1.4428995698690414 1.4428995698690414 1.4428995698690414 1.4428995698690414 1.4428995698690414 1.4428995698690414 1.4428995698690414 1.4428995698690414 1.4428995698690414 1.4428995698690414 1.4428995698690414 1.3906048336474919
3.413102254333122 3.5094940289855003 3.5094940289855003 3.5094940289855003 3.5094940289855003 3.5094940289855003 3.5094940289855003 3.5094940289855003 3.5094940289855003 3.5094940289855003 3.5094940289855003 3.5094940289855003 3.5094940289855003 3.4487510443924294 3.3230724362034905 3.197393828014337 3.0717152198253976 2.9460366116364582 2.8203580034475193 2.6946793952585804 2.569000787069641 2.4433221788807016 2.3176435706917626 2.1919649625028237 2.0662863543138843 1.9788581795454765 1.9323205828149634 1.8857829860844504 1.839245389353858 1.792707792623345 1.746170195892832 1.699632599162319 1.6530950024318058 1.6065574057012928 1.5600198089707797 1.513482212240267 1.4669446155097536 1.4428995698690414 1.4428995698690414 1.4428995698690414 1.4428995698690414 1.4428995698690414 1.4428995698690414 1.4428995698690414 1.4428995698690414 1.4428995698690414 1.4428995698690414 1.4428995698690414 1.4428995698690414 1.3906048336474919
3.413102254333122 3.5094940289855003 3.5094940289855003 3.5094940289855003 3.5094940289855003 3.5094940289855003 3.5094940289855003 3.5094940289855003 3.5094940289855003 3.5094940289855003 3.5094940289855003 3.5094940289855003 3.5094940289855003 3.4487510443924294 3.3230724362034905 3.197393828014337 3.0717152198253976 2.9460366116364582 2.8203580034475193 2.6946793952585804 2.569000787069641 2.4433221788807016 2.3176435706917626 2.1919649625028237 2.0662863543138843 1.9788581795454765 1.9323205828149634 1.8857829860844504 1.839245389353858 1.792707792623345 1.746170195892832 1.699632599162319 1.6530950024318058 1.6065574057012928 1.5600198089707797 1.513482212240267 1.4669446155097536 1.4428995698690414 1.4428995698690414 1.4428995698690414 1.4428995698690414 1.4428995698690414 1.4428995698690414 1.4428995698690414 1.4428995698690414 1.4428995698690414 1.4428995698690414 1.4428995698690414 1.4428995698690414 1.3906048336474919
3.413102254333122 3.5094940289855003 3.5094940289855003 3.5094940289855003 3.5094940289855003 3.5094940289855003 3.5094940289855003 3.5094940289855003 3.5094940289855003 3.5094940289855003 3.5094940289855003 3.5094940289855003 3.5094940289855003 3.4487510443924294 3.3230724362034905 3.197393828014337 3.0717152198253976 2.9460366116364582 2.8203580034475193 2.6946793952585804 2.569000787069641 2.4433221788807016 2.3176435706917626 2.1919649625028237 2.0662863543138843 1.9788581795454765 1.9323205828149634 1.8857829860844504 1.839245389353858 1.792707792623345 1.746170195892832 1.699632599162319 1.6530950024318058 1.6065574057012928 1.5600198089707797 1.513482212240267 1.4669446155097536 1.4428995698690414 1.4428995698690414 1.4428995698690414 1.4428995698690414 1.4428995698690414 1.4428995698690414 1.4428995698690414 1.4428995698690414 1.4428995698690414 1.4428995698690414 1.4428995698690414 1.4428995698690414 1.3906048336474919
3.364025778932767 3.4581671642279206 3.4581671642279206 3.4581671642279206 3.4581671642279206 3.4581671642279206 3.4581671642279206 3.4581671642279206 3.4581671642279206 3.4581671642279206 3.4581671642279206 3.4581671642279206 3.4581671642279206 3.3969779431987797 3.2703760617366524 3.143774180274309 3.0171722988121816 2.890570417350054 2.7639685358879267 2.637366654425799 2.5107647729636717 2.3841628915015445 2.257561010039417 2.130959128577289 2.004357247115162 1.9176151099529455 1.87348394053969 1.8293527711264344 1.7852216017131037 1.7410904322998482 1.6969592628865928 1.6528280934733373 1.608696924060082 1.5645657546468263 1.5204345852335708 1.4763034158203152 1.4321722464070599 1.4093705536410046 1.4093705536410046 1.4093705536410046 1.4093705536410046 1.4093705536410046 1.4093705536410046 1.4093705536410046 1.4093705536410046 1.4093705536410046 1.4093705536410046 1.4093705536410046 1.4093705536410046 1.3582586443305211
3.2624896458425976 3.35197511745577 3.35197511745577 3.35197511745577 3.35197511745577 3.35197511745577 3.35197511745577 3.35197511745577 3.35197511745577 3.35197511745577 3.35197511745577 3.35197511745577 3.35197511745577 3.2898626613778026 3.1613505857303696 3.0328385100827173 2.9043264344352844 2.7758143587878514 2.6473022831404185 2.5187902074929855 2.3902781318455526 2.2617660561981197 2.1332539805506867 2.0047419049032538 1.8762298292558213 1.7909070606427693 1.751754637611841 1.7126022145809126 1.6734497915499176 1.6342973685189892 1.5951449454880609 1.5559925224571325 1.5168400994262043 1.477687676395276 1.4385352533643476 1.3993828303334193 1.360230407302491 1.340001133234587 1.340001133234587 1.340001133234587 1.340001133234587 1.340001133234587 1.340001133234587 1.340001133234587 1.340001133234587 1.340001133234587 1.340001133234587 1.340001133234587 1.340001133234587 1.2913364182200444
3.1609535127524273 3.2457830706836193 3.2457830706836193 3.2457830706836193 3.2457830706836193 3.2457830706836193 3.2457830706836193 3.2457830706836193 3.2457830706836193 3.2457830706836193 3.2457830706836193 3.2457830706836193 3.2457830706836193 3.182747379556825 3.052325109724087 2.921902839891126 2.7914805700583876 2.6610583002256494 2.5306360303929107 2.4002137605601725 2.2697914907274344 2.1393692208946957 2.0089469510619575 1.8785246812292191 1.748102411396481 1.6641990113325933 1.6300253346839921 1.595851658035391 1.5616779813867314 1.5275043047381303 1.493330628089529 1.459156951440928 1.4249832747923268 1.3908095981437256 1.3566359214951245 1.3224622448465233 1.2882885681979221 1.2706317128281692 1.2706317128281692 1.2706317128281692 1.2706317128281692 1.2706317128281692 1.2706317128281692 1.2706317128281692 1.2706317128281692 1.2706317128281692 1.2706317128281692 1.2706317128281692 1.2706317128281692 1.2244141921095675
3.059417379662257 3.1395910239114686 3.1395910239114686 3.1395910239114686 3.1395910239114686 3.1395910239114686 3.1395910239114686 3.1395910239114686 3.1395910239114686 3.1395910239114686 3.1395910239114686 3.1395910239114686 3.1395910239114686 3.075632097735848 2.943299633717804 2.8109671696995346 2.6786347056814908 2.546302241663447 2.413969777645403 2.2816373136273596 2.1493048496093152 2.016972385591272 1.884639921573228 1.752307457555184 1.6199749935371401 1.537490962022417 1.5082960317561431 1.4791011014898692 1.4499061712235453 1.4207112409572713 1.3915163106909973 1.3623213804247234 1.3331264501584494 1.3039315198921755 1.2747365896259013 1.2455416593596274 1.2163467290933534 1.2012622924217515 1.2012622924217515 1.2012622924217515 1.2012622924217515 1.2012622924217515 1.2012622924217515 1.2012622924217515 1.2012622924217515 1.2012622924217515 1.2012622924217515 1.2012622924217515 1.2012622924217515 1.1574919659990908
2.9578812465720006 3.0333989771392273 3.0333989771392273 3.0333989771392273 3.0333989771392273 3.0333989771392273 3.0333989771392273 3.0333989771392273 3.0333989771392273 3.0333989771392273 3.0333989771392273 3.0333989771392273 3.0333989771392273 2.968516815914779 2.834274157711428 2.7000314995078485 2.5657888413044976 2.4315461831011467 2.2973035248977958 2.163060866694445 2.028818208491094 1.894575550287743 1.7603328920843921 1.6260902338810412 1.4918475756776906 1.4107829127121327 1.3865667288281902 1.3623505449442477 1.3381343610602638 1.3139181771763213 1.2897019932923788 1.2654858094084362 1.2412696255244935 1.217053441640551 1.1928372577566084 1.168621073872666 1.1444048899887234 1.1318928720152748 1.1318928720152748 1.1318928720152748 1.1318928720152748 1.1318928720152748 1.1318928720152748 1.1318928720152748 1.1318928720152748 1.1318928720152748 1.1318928720152748 1.1318928720152748 1.1318928720152748 1.090569739888557
2.8563451134818303 2.9272069303670762 2.9272069303670762 2.9272069303670762 2.9272069303670762 2.9272069303670762 2.9272069303670762 2.9272069303670762 2.9272069303670762 2.9272069303670762 2.9272069303670762 2.9272069303670762 2.9272069303670762 2.8614015340938015 2.725248681705145 2.5890958293162565 2.4529429769276003 2.3167901245389437 2.1806372721502876 2.0444844197616314 1.908331567372975 1.7721787149843187 1.6360258625956625 1.4998730102070061 1.3637201578183498 1.2840748634019568 1.2648374259003414 1.245599988398726 1.226362550897078 1.2071251133954624 1.187887675893847 1.1686502383922317 1.1494128008906161 1.1301753633890008 1.1109379258873853 1.09170048838577 1.0724630508841546 1.062523451608857 1.062523451608857 1.062523451608857 1.062523451608857 1.062523451608857 1.062523451608857 1.062523451608857 1.062523451608857 1.062523451608857 1.062523451608857 1.062523451608857 1.062523451608857 1.0236475137780803
2.75480898039166 2.8210148835949256 2.8210148835949256 2.8210148835949256 2.8210148835949256 2.8210148835949256 2.8210148835949256 2.8210148835949256 2.8210148835949256 2.8210148835949256 2.8210148835949256 2.8210148835949256 2.8210148835949256 2.754286252272824 2.616223205698862 2.478160159124665 2.340097112550703 2.2020340659767417 2.06397101940278 1.925907972828818 1.7878449262548561 1.6497818796808943 1.5117188331069327 1.3736557865329708 1.235592739959009 1.1573668140917805 1.1431081229724922 1.128849431853204 1.1145907407338915 1.1003320496146032 1.086073358495315 1.0718146673760267 1.0575559762567386 1.0432972851374505 1.0290385940181621 1.014779902898874 1.0005212117795856 0.9931540312024394 0.9931540312024394 0.9931540312024394 0.9931540312024394 0.9931540312024394 0.9931540312024394 0.9931540312024394 0.9931540312024394 0.9931540312024394 0.9931540312024394 0.9931540312024394 0.9931540312024394 0.9567252876676035
2.65327284730149 2.714822836822775 2.714822836822775 2.714822836822775 2.714822836822775 2.714822836822775 2.714822836822775 2.714822836822775 2.714822836822775 2.714822836822775 2.714822836822775 2.714822836822775 2.714822836822775 2.647170970451847 2.5071977296925794 2.367224488933074 2.2272512481738063 2.087278007414539 1.9473047666552719 1.8073315258960045 1.6673582851367375 1.5273850443774701 1.387411803618203 1.2474385628589357 1.1074653220996686 1.0306587647816046 1.0213788200446434 1.0120988753076823 1.0028189305707054 0.9935389858337443 0.9842590410967833 0.9749790963598223 0.9656991516228612 0.9564192068859001 0.9471392621489391 0.937859317411978 0.9285793726750169 0.9237846107960217 0.9237846107960217 0.9237846107960217 0.9237846107960217 0.9237846107960217 0.9237846107960217 0.9237846107960217 0.9237846107960217 0.9237846107960217 0.9237846107960217 0.9237846107960217 0.9237846107960217 0.8898030615571267
2.5517367142113203 2.6086307900506243 2.6086307900506243 2.6086307900506243 2.6086307900506243 2.6086307900506243 2.6086307900506243 2.6086307900506243 2.6086307900506243 2.6086307900506243 2.6086307900506243 2.6086307900506243 2.6086307900506243 2.5400556886308694 2.3981722536862966 2.2562888187414822 2.1144053837969095 1.9725219488523367 1.830638513907764 1.6887550789631915 1.5468716440186188 1.404988209074046 1.2631047741294734 1.1212213391849009 0.9793379042403281 0.9039507154714282 0.8996495171167944 0.8953483187621605 0.8910471204075193 0.8867459220528854 0.8824447236982514 0.8781435253436176 0.8738423269889837 0.8695411286343498 0.8652399302797159 0.860938731925082 0.8566375335704481 0.854415190389604 0.854415190389604 0.854415190389604 0.854415190389604 0.854415190389604 0.854415190389604 0.854415190389604 0.854415190389604 0.854415190389604 0.854415190389604 0.854415190389604 0.854415190389604 0.8228808354466499
2.45020058112115 2.502438743278473 2.502438743278473 2.502438743278473 2.502438743278473 2.502438743278473 2.502438743278473 2.502438743278473 2.502438743278473 2.502438743278473 2.502438743278473 2.502438743278473 2.502438743278473 2.432940406809892 2.2891467776800134 2.1453531485498902 2.001559519420012 1.8577658902901342 1.7139722611602561 1.5701786320303779 1.4263850029004999 1.2825913737706218 1.1387977446407436 0.9950041155108655 0.8512104863809875 0.7772426661612523 0.7779202141889455 0.7785977622166388 0.7792753102443332 0.7799528582720264 0.7806304062997197 0.781307954327413 0.7819855023551062 0.7826630503827995 0.7833405984104927 0.784018146438186 0.7846956944658793 0.7850457699831863 0.7850457699831863 0.7850457699831863 0.7850457699831863 0.7850457699831863 0.7850457699831863 0.7850457699831863 0.7850457699831863 0.7850457699831863 0.7850457699831863 0.7850457699831863 0.7850457699831863 0.7559586093361731
2.348664448030893 2.396246696506232 2.396246696506232 2.396246696506232 2.396246696506232 2.396246696506232 2.396246696506232 2.396246696506232 2.396246696506232 2.396246696506232 2.396246696506232 2.396246696506232 2.396246696506232 2.325825124988823 2.180121301673638 2.034417478358204 1.888713655043019 1.743009831727834 1.5973060084126487 1.4516021850974634 1.3058983617822784 1.1601945384670933 1.014490715151908 0.868786891836723 0.7230830685215377 0.650534616850968 0.6561909112609927 0.6618472056710174 0.6675035000810517 0.6731597944910764 0.6788160889011011 0.6844723833111258 0.6901286777211504 0.6957849721311751 0.7014412665411998 0.7070975609512244 0.7127538553612491 0.7156763495767094 0.7156763495767094 0.7156763495767094 0.7156763495767094 0.7156763495767094 0.7156763495767094 0.7156763495767094 0.7156763495767094 0.7156763495767094 0.7156763495767094 0.7156763495767094 0.7156763495767094 0.6890363832256393
2.2471283149407233 2.2900546497340812 2.2900546497340812 2.2900546497340812 2.2900546497340812 2.2900546497340812 2.2900546497340812 2.2900546497340812 2.2900546497340812 2.2900546497340812 2.2900546497340812 2.2900546497340812 2.2900546497340812 2.218709843167846 2.071095825667355 1.9234818081666127 1.7758677906661222 1.6282537731656315 1.4806397556651407 1.3330257381646504 1.1854117206641597 1.0377977031636691 0.8901836856631784 0.7425696681626879 0.5949556506621971 0.5238265675407919 0.5344616083331437 0.5450966491254956 0.5557316899178656 0.5663667307102174 0.5770017715025693 0.5876368122949212 0.5982718530872729 0.6089068938796248 0.6195419346719766 0.6301769754643285 0.6408120162566804 0.6463069291702918 0.6463069291702918 0.6463069291702918 0.6463069291702918 0.6463069291702918 0.6463069291702918 0.6463069291702918 0.6463069291702918 0.6463069291702918 0.6463069291702918 0.6463069291702918 0.6463069291702918 0.6221141571151625
2.1438290796316406 2.183325862419136 2.183325862419136 2.183325862419136 2.183325862419136 2.183325862419136 2.183325862419136 2.183325862419136 2.183325862419136 2.183325862419136 2.183325862419136 2.183325862419136 2.183325862419136 2.1137120358827715 1.9696794551920531 1.8256468745010892 1.6816142938103706 1.537581713119652 1.3935491324289337 1.2495165517382154 1.105483971047497 0.9614513903567785 0.8174188096660602 0.6733862289753416 0.5293536482846233 0.4603165759612907 0.4714513974743857 0.48258621898748066 0.4937210405005946 0.5048558620136896 0.5159906835267846 0.5271255050398795 0.5382603265529745 0.5493951480660695 0.5605299695791645 0.5716647910922594 0.5827996126053544 0.588552752223499 0.588552752223499 0.588552752223499 0.588552752223499 0.588552752223499 0.588552752223499 0.588552752223499 0.588552752223499 0.588552752223499 0.588552752223499 0.588552752223499 0.588552752223499 0.5664751075808445
2.038645199219185 2.0760233333069724 2.0760233333069724 2.0760233333069724 2.0760233333069724 2.0760233333069724 2.0760233333069724 2.0760233333069724 2.0760233333069724 2.0760233333069724 2.0760233333069724 2.0760233333069724 2.0760233333069724 2.010977675363745 1.8763967387534755 1.7418158021429764 1.607234865532707 1.4726539289224372 1.3380729923121675 1.203492055701898 1.0689111190916285 0.934330182481359 0.7997492458710893 0.6651683092608198 0.5305873726505501 0.4643613232773534 0.4712081936305701 0.4780550639837867 0.4849019343370151 0.49174880469023174 0.4985956750434484 0.5054425453966651 0.5122894157498817 0.5191362861030985 0.5259831564563151 0.5328300268095318 0.5396768971627485 0.5432145381606814 0.5432145381606814 0.5432145381606814 0.5432145381606814 0.5432145381606814 0.5432145381606814 0.5432145381606814 0.5432145381606814 0.5432145381606814 0.5432145381606814 0.5432145381606814 0.5432145381606814 0.5228970623698442
1.9334613188067291 1.9687208041948083 1.9687208041948083 1.9687208041948083 1.9687208041948083 1.9687208041948083 1.9687208041948083 1.9687208041948083 1.9687208041948083 1.9687208041948083 1.9687208041948083 1.9687208041948083 1.9687208041948083 1.908243314844718 1.7831140223148974 1.6579847297848633 1.5328554372550427 1.407726144725222 1.2825968521954012 1.1574675596655806 1.03233826713576 0.9072089746059393 0.7820796820761187 0.656950389546298 0.5318210970164774 0.46840607059341616 0.4709649897867545 0.4735239089800929 0.4760828281734356 0.47864174736677395 0.4812006665601123 0.4837595857534506 0.48631850494678897 0.48887742414012736 0.4914363433334657 0.49399526252680404 0.49655418172014243 0.4978763240978637 0.4978763240978637 0.4978763240978637 0.4978763240978637 0.4978763240978637 0.4978763240978637 0.4978763240978637 0.4978763240978637 0.4978763240978637 0.4978763240978637 0.4978763240978637 0.4978763240978637 0.4793190171588439
1.8282774383942737 1.8614182750826447 1.8614182750826447 1.8614182750826447 1.8614182750826447 1.8614182750826447 1.8614182750826447 1.8614182750826447 1.8614182750826447 1.8614182750826447 1.8614182750826447 1.8614182750826447 1.8614182750826447 1.8055089543256915 1.6898313058763197 1.5741536574267507 1.458476008977379 1.3427983605280072 1.2271207120786354 1.1114430636292636 0.9957654151798917 0.8800877667305199 0.764410118281148 0.6487324698317762 0.5330548213824045 0.47245081790947885 0.4707217859429389 0.46899275397639895 0.46726372200985605 0.4655346900433161 0.4638056580767761 0.46207662611023614 0.4603475941436962 0.45861856217715624 0.4568895302106163 0.4551604982440763 0.45343146627753633 0.45253811003504596 0.45253811003504596 0.45253811003504596 0.45253811003504596 0.45253811003504596 0.45253811003504596 0.45253811003504596 0.45253811003504596 0.45253811003504596 0.45253811003504596 0.45253811003504596 0.45253811003504596 0.4357409719478435
1.7230935579818178 1.7541157459704806 1.7541157459704806 1.7541157459704806 1.7541157459704806 1.7541157459704806 1.7541157459704806 1.7541157459704806 1.7541157459704806 1.7541157459704806 1.7541157459704806 1.7541157459704806 1.7541157459704806 1.7027745938066645 1.5965485894377416 1.4903225850686375 1.3840965806997145 1.2778705763307916 1.1716445719618687 1.065418567592946 0.959192563224023 0.8529665588551001 0.7467405544861772 0.6405145501172542 0.5342885457483313 0.47649556522554165 0.47047858209912335 0.46446159897270506 0.45844461584627655 0.45242763271985825 0.44641064959344 0.4403936664670217 0.4343766833406034 0.4283597002141852 0.4223427170877669 0.41632573396134864 0.41030875083493035 0.4071998959722283 0.4071998959722283 0.4071998959722283 0.4071998959722283 0.4071998959722283 0.4071998959722283 0.4071998959722283 0.4071998959722283 0.4071998959722283 0.4071998959722283 0.4071998959722283 0.4071998959722283 0.3921629267368432
