Figures/CREST_Example_wjb_NSE/Rolling_result/20100722/BJP_forecast/ens_48/wjb.rain.20100727.asc
ncols            288
nrows            254
xllcorner        113.274861
yllcorner        31.4918055
cellsize         0.008333333333
NODATA_value     -9999
[rows 140 to 159 of 254, columns 132 to 175 of 288]
15.187419335352585 14.10312745127492 13.018835567197256 12.325937406403442 12.051447987892315 11.776958569381188 11.502469150870061 11.227979732358936 10.953490313847809 10.679000895336682 10.404511476825554 10.130022058313958 9.855532639802831 9.581043221291706 9.306553802780579 9.146432178167123 9.108572312103865 9.07071244604061 9.032852579977352 8.994992713914094 8.957132847850838 8.91927298178758 8.881413115724323 8.843553249661065 8.805693383597744 8.767833517534488 8.72997365147123 9.103750578676385 9.917576549500966 10.731402520325549 11.54522849115013 12.359054461974713 13.172880432799296 13.986706403623877 14.80053237444846 15.614358345273043 16.428184316097624 17.242010286923595 18.055836257748176 18.505106567230094 18.564658627390667 18.624210687551237 18.68376274771181 18.74331480787238
16.02186491751967 14.88781872046951 13.753772523419347 13.04620085454804 12.794540101809407 12.542879349070772 12.291218596332136 12.039557843593501 11.787897090854866 11.536236338116233 11.284575585377597 11.032914832638532 10.781254079899899 10.529593327161264 10.277932574422628 10.126035723621808 10.08078874054214 10.035541757462472 9.990294774382804 9.945047791303136 9.899800808223468 9.854553825143798 9.80930684206413 9.764059858984462 9.718812875904717 9.67356589282505 9.628318909745381 9.998309510727045 10.812198482139083 11.62608745355112 12.439976424963158 13.253865396375195 14.06775436778723 14.881643339199268 15.695532310611306 16.509421282023343 17.32331025343538 18.137199224848807 18.95108819626084 19.409057971698356 19.48654207467591 19.56402617765346 19.641510280631014 19.718994383608564
16.856310499686757 15.672509989664098 14.488709479641436 13.76646430269264 13.537632215726497 13.308800128760353 13.07996804179421 12.851135954828067 12.622303867861925 12.393471780895782 12.164639693929638 11.935807606963106 11.706975519996963 11.47814343303082 11.249311346064676 11.105639269076491 11.05300516898041 11.000371068884332 10.947736968788254 10.895102868692174 10.842468768596095 10.789834668500017 10.737200568403937 10.684566468307858 10.63193236821169 10.579298268115611 10.526664168019531 10.892868442777708 11.7068204147772 12.520772386776692 13.334724358776183 14.148676330775675 14.962628302775167 15.776580274774659 16.59053224677415 17.404484218773643 18.218436190773133 19.032388162774012 19.846340134773506 20.313009376166622 20.408425521961153 20.503841667755683 20.599257813550217 20.694673959344748
17.69075608185385 16.45720125885869 15.223646435863529 14.48672775083724 14.280724329643588 14.074720908449937 13.868717487256285 13.662714066062634 13.456710644868984 13.250707223675333 13.044703802481681 12.838700381287678 12.632696960094027 12.426693538900375 12.220690117706724 12.085242814531172 12.025221597418684 11.965200380306193 11.905179163193703 11.845157946081214 11.785136728968723 11.725115511856234 11.665094294743744 11.605073077631255 11.545051860518662 11.485030643406173 11.425009426293682 11.78742737482837 12.601442347415317 13.415457320002263 14.22947229258921 15.043487265176157 15.857502237763104 16.67151721035005 17.485532182936996 18.299547155523943 19.11356212811089 19.927577100699224 20.74159207328617 21.216960780634885 21.330308969246396 21.443657157857906 21.55700534646942 21.67035353508093
18.525201664021644 17.241892528053945 15.958583392086247 15.206991198982452 15.023816443561312 14.840641688140172 14.657466932719032 14.474292177297892 14.291117421876752 14.107942666455612 13.924767911034472 13.741593155613021 13.558418400191881 13.375243644770741 13.192068889349601 13.06484635998669 12.997438025857784 12.930029691728876 12.86262135759997 12.795213023471064 12.727804689342156 12.66039635521325 12.592988021084341 12.525579686955435 12.458171352826414 12.390763018697506 12.3233546845686 12.681986306879795 13.496064280054195 14.310142253228598 15.124220226402999 15.9382981995774 16.752376172751802 17.5664541459262 18.380532119100604 19.194610092275006 20.008688065449405 20.822766038625197 21.636844011799596 22.12091218510392 22.252192416532427 22.383472647960932 22.51475287938944 22.646033110817946
18.94712341575164 17.64757407824362 16.348024740735596 15.614963630148432 15.487491246317639 15.360018862486845 15.232546478656053 15.105074094825259 14.977601710994467 14.850129327163673 14.722656943332879 14.595184559501869 14.467712175671076 14.340239791840283 14.212767408009489 14.120350040542643 14.065407278474735 14.010464516406827 13.955521754338918 13.90057899227101 13.845636230203102 13.790693468135194 13.735750706067284 13.680807943999376 13.625865181931374 13.570922419863466 13.515979657795558 13.863067546999801 14.639935296729409 15.416803046459016 16.193670796188623 16.97053854591823 17.747406295647835 18.524274045377446 19.30114179510705 20.07800954483666 20.854877294566265 21.631745044297197 22.408612794026805 22.853558595179187 22.94367232422926 23.033786053279336 23.12389978232941 23.214013511379484
18.928083197619635 17.648118131013646 16.368153064407657 15.689116650515313 15.652486557485705 15.615856464456096 15.579226371426488 15.54259627839688 15.50596618536727 15.469336092337663 15.432705999308054 15.396075906278384 15.359445813248774 15.322815720219166 15.286185627189557 15.256986180892698 15.235730264026195 15.21447434715969 15.193218430293188 15.171962513426685 15.150706596560182 15.129450679693678 15.108194762827175 15.086938845960672 15.065682929094132 15.04442701222763 15.023171095361127 15.350423072515134 16.050237871956863 16.750052671398592 17.449867470840324 18.149682270282053 18.849497069723782 19.54931186916551 20.24912666860724 20.94894146804897 21.6487562674907 22.348571066933623 23.04838586637535 23.403090765054827 23.388865372395035 23.374639979735242 23.36041458707545 23.346189194415658
18.909042979487634 17.648662183783674 16.38828138807971 15.763269670882195 15.817481868653772 15.871694066425349 15.925906264196925 15.9801184619685 16.03433065974008 16.08854285751165 16.142755055283228 16.196967253054897 16.251179450826474 16.30539164859805 16.359603846369627 16.393622321242752 16.406053249577656 16.418484177912557 16.43091510624746 16.443346034582362 16.455776962917263 16.468207891252167 16.480638819587067 16.49306974792197 16.505500676256894 16.517931604591798 16.5303625329267 16.83777859803047 17.46054044718432 18.083302296338175 18.706064145492025 19.328825994645875 19.95158784379973 20.57434969295358 21.19711154210743 21.819873391261282 22.442635240415132 23.065397089570045 23.688158938723898 23.952622934930464 23.834058420560808 23.71549390619115 23.59692939182149 23.478364877451835
18.890002761355632 17.649206236553702 16.408409711751773 15.83742269124908 15.98247717982184 16.1275316683946 16.27258615696736 16.41764064554012 16.562695134112882 16.707749622685643 16.852804111258404 16.997858599831414 17.142913088404175 17.287967576976936 17.433022065549697 17.53025846159281 17.576376235129114 17.62249400866542 17.66861178220173 17.714729555738035 17.760847329274345 17.80696510281065 17.85308287634696 17.899200649883266 17.945318423419653 17.99143619695596 18.03755397049227 18.325134123545805 18.870843022411776 19.41655192127775 19.962260820143726 20.507969719009697 21.053678617875672 21.599387516741643 22.145096415607618 22.690805314473593 23.236514213339564 23.782223112206466 24.32793201107244 24.502155104806103 24.279251468726578 24.056347832647056 23.83344419656753 23.61054056048801
18.870962543223634 17.649750289323734 16.428538035423834 15.911575711615962 16.147472490989905 16.383369270363854 16.6192660497378 16.855162829111745 17.09105960848569 17.326956387859635 17.56285316723358 17.798749946607927 18.034646725981876 18.27054350535582 18.506440284729766 18.666894601942865 18.746699220680576 18.82650383941829 18.906308458156 18.986113076893712 19.065917695631427 19.145722314369138 19.22552693310685 19.305331551844564 19.385136170582413 19.464940789320124 19.544745408057835 19.81248964906114 20.281145597639235 20.749801546217327 21.218457494795423 21.68711344337352 22.155769391951615 22.62442534052971 23.093081289107808 23.5617372376859 24.030393186263996 24.499049134842892 24.967705083420988 25.05168727468174 24.72444451689235 24.397201759102963 24.06995900131357 23.742716243524182
18.851922325091614 17.650294342093762 16.44866635909591 15.985728731982906 16.312467802158114 16.63920687233332 16.96594594250853 17.292685012683737 17.619424082858945 17.946163153034153 18.27290222320936 18.599641293385126 18.926380363560334 19.25311943373554 19.57985850391075 19.803530742293887 19.91702220623303 20.03051367017218 20.144005134111325 20.257496598050473 20.370988061989618 20.484479525928766 20.59797098986791 20.71146245380706 20.8249539177464 20.938445381685543 21.05193684562469 21.29984517457774 21.691448172867894 22.083051171158044 22.474654169448197 22.866257167738347 23.2578601660285 23.64946316431865 24.041066162608804 24.432669160898953 24.824272159189107 25.21587515747993 25.607478155770078 25.601219444557845 25.1696375650585 24.738055685559157 24.306473806059813 23.87489192656047
18.832882106959612 17.65083839486379 16.46879468276797 16.05988175234979 16.47746311332618 16.895044474302573 17.31262583527897 17.73020719625536 18.147788557231753 18.565369918208145 18.982951279184537 19.400532640161643 19.818114001138035 20.235695362114427 20.65327672309082 20.940166882643943 21.087345191784497 21.234523500925047 21.3817018100656 21.52888011920615 21.676058428346703 21.823236737487253 21.970415046627807 22.117593355768356 22.26477166490916 22.411949974049712 22.55912828319026 22.787200700093077 23.101750748095352 23.416300796097623 23.730850844099898 24.045400892102172 24.359950940104444 24.67450098810672 24.989051036108993 25.303601084111268 25.61815113211354 25.93270118011635 26.247251228118625 26.150751614433485 25.614830613224274 25.078909612015064 24.542988610805853 24.007067609596643
18.81384188882761 17.65138244763382 16.48892300644003 16.13403477271667 16.642458424494247 17.150882076271827 17.659305728049404 18.16772937982698 18.67615303160456 19.184576683382137 19.693000335159716 20.20142398693816 20.709847638715736 21.218271290493316 21.726694942270893 22.076803022994003 22.257668177335958 22.438533331677917 22.619398486019872 22.80026364036183 22.981128794703785 23.161993949045744 23.3428591033877 23.523724257729658 23.704589412071922 23.885454566413877 24.066319720755835 24.274556225608414 24.51205332332281 24.749550421037203 24.9870475187516 25.224544616465995 25.46204171418039 25.699538811894783 25.93703590960918 26.174533007323575 26.41203010503797 26.649527202752772 26.887024300467168 26.700283784309118 26.060023661390044 25.419763538470967 24.77950341555189 24.139243292632813
18.794801670695605 17.651926500403846 16.509051330112086 16.208187793083553 16.807453735662314 17.40671967824108 18.00598562081984 18.605251563398603 19.204517505977364 19.80378344855613 20.40304939113489 21.002315333714673 21.601581276293437 22.200847218872198 22.80011316145096 23.213439163344056 23.427991162887416 23.64254316243078 23.857095161974144 24.071647161517504 24.286199161060868 24.500751160604228 24.71530316014759 24.929855159690952 25.14440715923468 25.358959158778042 25.573511158321406 25.761911751123748 25.922355898550265 26.082800045976782 26.2432441934033 26.403688340829817 26.564132488256334 26.72457663568285 26.88502078310937 27.045464930535886 27.205909077962403 27.366353225389194 27.52679737281571 27.249815954184758 26.505216709555814 25.760617464926874 25.01601822029793 24.27141897566899
18.775761452563607 17.652470553173877 16.529179653784148 16.282340813450435 16.972449046830384 17.66255728021033 18.352665513590278 19.042773746970223 19.73288198035017 20.422990213730117 21.113098447110065 21.803206680491186 22.493314913871135 23.183423147251084 23.87353138063103 24.35007530369411 24.598314148438877 24.846552993183643 25.094791837928412 25.343030682673177 25.591269527417946 25.83950837216271 26.08774721690748 26.33598606165225 26.584224906397438 26.832463751142207 27.080702595886972 27.24926727663908 27.33265847377772 27.416049670916358 27.499440868055 27.58283206519364 27.666223262332277 27.749614459470916 27.833005656609558 27.916396853748196 27.999788050886835 28.083179248025615 28.166570445164258 27.799348124060394 26.950409757721587 26.10147139138278 25.25253302504397 24.403594658705163
18.756721234431602 17.653014605943902 16.549307977456206 16.356493833817318 17.13744435799845 17.91839488217958 18.699345406360713 19.480295930541846 20.26124645472298 21.04219697890411 21.82314750308524 22.604098027267703 23.385048551448836 24.16599907562997 24.9469495998111 25.486711444044168 25.76863713399034 26.050562823936513 26.332488513882684 26.614414203828858 26.89633989377503 27.178265583721203 27.460191273667373 27.742116963613547 28.0240426535602 28.305968343506372 28.587894033452546 28.736622802154418 28.742961049005178 28.74929929585594 28.7556375427067 28.76197578955746 28.768314036408224 28.774652283258984 28.780990530109747 28.787328776960507 28.79366702381127 28.80000527066204 28.8063435175128 28.348880293936034 27.395602805887357 26.442325317838684 25.48904782979001 24.535770341741337
18.737681016299604 17.653558658713933 16.569436301128267 16.4306468541842 17.302439669166517 18.17423248414883 19.04602529913115 19.917818114113466 20.789610929095783 21.6614037440781 22.533196559060414 23.40498937404422 24.276782189026534 25.14857500400885 26.02036781899117 26.62334758439422 26.938960119541797 27.254572654689376 27.570185189836955 27.88579772498453 28.20141026013211 28.517022795279686 28.832635330427266 29.14824786557484 29.463860400722957 29.779472935870537 30.095085471018116 30.22397832766975 30.153263624232633 30.082548920795517 30.011834217358402 29.941119513921283 29.870404810484168 29.799690107047052 29.728975403609933 29.658260700172818 29.587545996735702 29.516831293298463 29.446116589861347 28.89841246381167 27.84079585405313 26.78317924429459 25.72556263453605 24.66794602477751
18.86949730773393 17.812610124920568 16.755722942107205 16.643511369225692 17.541179388945764 18.438847408665836 19.336515428385912 20.234183448105984 21.131851467826056 22.02951948754613 22.927187507266204 23.824855526987804 24.72252354670788 25.620191566427952 26.517859586148024 27.13911354737334 27.464874627886072 27.7906357083988 28.116396788911526 28.442157869424253 28.767918949936984 29.09368003044971 29.41944111096244 29.745202191475165 30.07096327198845 30.396724352501177 30.722485433013908 30.83841054341558 30.730016255079462 30.621621966743348 30.51322767840723 30.40483339007111 30.296439101734993 30.188044813398875 30.079650525062757 29.97125623672664 29.86286194839052 29.754467660054218 29.6460733717181 29.06737778681113 27.98591947623941 26.90446116566769 25.823002855095975 24.741544544524256
19.16256969843961 18.14109602435021 17.119622350260812 17.004649728197442 17.858747232946172 18.712844737694898 19.566942242443627 20.421039747192353 21.275137251941082 22.129234756689808 22.983332261438534 23.83742976618872 24.69152727093745 25.54562477568617 26.3997222804349 26.99120842817744 27.30195709530058 27.612705762423722 27.92345442954686 28.23420309667 28.544951763793144 28.855700430916283 29.166449098039422 29.477197765162565 29.787946432286233 30.098695099409376 30.409443766532515 30.51974276698014 30.415756539389662 30.311770311799187 30.207784084208708 30.103797856618232 29.999811629027757 29.89582540143728 29.791839173846803 29.687852946256328 29.58386671866585 29.479880491075196 29.375894263484717 28.829541140072575 27.810287797356768 26.79103445464096 25.771781111925154 24.752527769209347
19.455642089145297 18.469581923779863 17.483521758414426 17.3657880871692 18.17631507694658 18.986842066723963 19.797369056501346 20.607896046278725 21.418423036056108 22.22895002583349 23.03947701561087 23.850004005389636 24.66053099516702 25.4710579849444 26.28158497472178 26.843303308981543 27.139039562715094 27.434775816448646 27.7305120701822 28.026248323915752 28.321984577649303 28.617720831382858 28.91345708511641 29.20919333884996 29.50492959258402 29.80066584631757 30.096402100051122 30.201074990544697 30.10149682369986 30.001918656855025 29.90234049001019 29.802762323165354 29.703184156320518 29.603605989475682 29.504027822630846 29.40444965578601 29.304871488941174 29.205293322096168 29.105715155251332 28.591704493334017 27.634656118474123 26.677607743614224 25.72055936875433 24.763510993894435
