Figures/CREST_Example_wjb_NSE/Rolling_result/20100722/BJP_forecast/ens_48/wjb.rain.20091030.asc
ncols            288
nrows            254
xllcorner        113.274861
yllcorner        31.4918055
cellsize         0.008333333333
NODATA_value     -9999
[rows 63 to 83 of 254, columns 141 to 187 of 288]
0.11917747307392923 0.09886149327909788 0.07854551348423189 0.05822953368940054 0.037913553894569185 0.01759757409973786 0.007100713539881939 0.007100713539881939 0.007100713539881939 0.007100713539881939 0.007100713539881939 0.007100713539881939 0.007100713539881939 0.007100713539881939 0.007100713539881939 0.007100713539881939 0.007100713539881939 0.007100713539881939 0.006814720471315159 0.006222994343015461 0.005631268214715763 0.0050395420864160646 0.004447815958116367 0.00385608982981667 0.0032643637015169723 0.0026726375732172743 0.002080911444917577 0.0014891853166178791 0.0008974591883171724 0.00030573306001747437 0.0 0.0 0.0 0.0 0.0 0.0 0.0 0.0 0.0 0.0 0.0 0.0 0.0040534597004139574 0.012440159530341055 0.020826859360268152 0.029213559190195252 0.03760025902012235
0.11711142619576875 0.0976882636247243 0.0782651010536467 0.058841938482602246 0.03941877591155776 0.019995613340513307 0.009960053589093569 0.009960053589093569 0.009960053589093569 0.009960053589093569 0.009960053589093569 0.009960053589093569 0.009960053589093569 0.009960053589093569 0.009960053589093569 0.009960053589093569 0.009960053589093569 0.009960053589093569 0.009558895835997982 0.008728891370273564 0.007898886904549148 0.00706888243882473 0.0062388779731003124 0.0054088735073758954 0.004578869041651478 0.0037488645759270606 0.0029188601102026436 0.0020888556444782266 0.0012588511787523932 0.0004288467130279753 0.0 0.0 0.0 0.0 0.0 0.0 0.0 0.0 0.0 0.0 0.0 0.0 0.0037659844188745717 0.011557891387151067 0.01934979835542756 0.027141705323704055 0.034933612291980554
0.11504537931760829 0.09651503397035072 0.07798468862306152 0.05945434327580393 0.04092399792854634 0.022393652581288753 0.012819393638305199 0.012819393638305199 0.012819393638305199 0.012819393638305199 0.012819393638305199 0.012819393638305199 0.012819393638305199 0.012819393638305199 0.012819393638305199 0.012819393638305199 0.012819393638305199 0.012819393638305199 0.012303071200680806 0.011234788397531668 0.010166505594382532 0.009098222791233394 0.008029939988084257 0.006961657184935121 0.005893374381785984 0.004825091578636847 0.003756808775487709 0.002688525972338573 0.001620243169187614 0.0005519603660384762 0.0 0.0 0.0 0.0 0.0 0.0 0.0 0.0 0.0 0.0 0.0 0.0 0.003478509137335185 0.010675623243961076 0.017872737350586965 0.02506985145721286 0.03226696556383875
0.11297933243944606 0.09534180431597611 0.07770427619247608 0.06006674806900614 0.042429219945536195 0.024791691822066253 0.015678733687519264 0.015678733687519264 0.015678733687519264 0.015678733687519264 0.015678733687519264 0.015678733687519264 0.015678733687519264 0.015678733687519264 0.015678733687519264 0.015678733687519264 0.015678733687519264 0.015678733687519264 0.015047246565365966 0.013740685424791907 0.012434124284217848 0.011127563143643788 0.009821002003069727 0.008514440862495668 0.00720787972192161 0.005901318581347549 0.00459475744077349 0.0032881963001994297 0.0019816351596231418 0.000675074019049083 0.0 0.0 0.0 0.0 0.0 0.0 0.0 0.0 0.0 0.0 0.0 0.0 0.003191033855795554 0.009793355100770335 0.016395676345745114 0.022997997590719896 0.029600318835694677
0.11091328556128559 0.09416857466160253 0.0774238637618909 0.06067915286220785 0.04393444196252477 0.0271897310628417 0.018538073736730894 0.018538073736730894 0.018538073736730894 0.018538073736730894 0.018538073736730894 0.018538073736730894 0.018538073736730894 0.018538073736730894 0.018538073736730894 0.018538073736730894 0.018538073736730894 0.018538073736730894 0.01779142193004879 0.01624658245205001 0.014701742974051232 0.013156903496052454 0.011612064018053673 0.010067224540054893 0.008522385062056114 0.006977545584057335 0.005432706106058555 0.0038878666280597763 0.0023430271500583626 0.0007981876720595839 0.0 0.0 0.0 0.0 0.0 0.0 0.0 0.0 0.0 0.0 0.0 0.0 0.002903558574256168 0.008911086957580345 0.014918615340904523 0.0209261437242287 0.02693367210755288
0.10884723868312515 0.09299534500722897 0.07714345133130576 0.061291557655409584 0.04543966397951338 0.0295877703036172 0.021397413785942523 0.021397413785942523 0.021397413785942523 0.021397413785942523 0.021397413785942523 0.021397413785942523 0.021397413785942523 0.021397413785942523 0.021397413785942523 0.021397413785942523 0.021397413785942523 0.021397413785942523 0.020535597294731613 0.018752479479308116 0.016969361663884616 0.015186243848461116 0.013403126033037617 0.011620008217614119 0.009836890402190619 0.00805377258676712 0.006270654771343621 0.004487536955920121 0.0027044191404935816 0.0009213013250700813 0.0 0.0 0.0 0.0 0.0 0.0 0.0 0.0 0.0 0.0 0.0 0.0 0.0026160832927167818 0.008028818814390356 0.01344155433606393 0.018854289857737506 0.02426702537941108
0.10678119180496468 0.09182211535285538 0.07686303890072055 0.061903962448611266 0.046944885996501956 0.031985809544392646 0.024256753835154153 0.024256753835154153 0.024256753835154153 0.024256753835154153 0.024256753835154153 0.024256753835154153 0.024256753835154153 0.024256753835154153 0.024256753835154153 0.024256753835154153 0.024256753835154153 0.024256753835154153 0.023279772659414437 0.02125837650656622 0.019236980353718 0.01721558420086978 0.015194188048021563 0.013172791895173345 0.011151395742325126 0.009129999589476906 0.00710860343662869 0.005087207283780468 0.003065811130928804 0.0010444149780805857 0.0 0.0 0.0 0.0 0.0 0.0 0.0 0.0 0.0 0.0 0.0 0.0 0.0023286080111773956 0.007146550671200367 0.011964493331223338 0.01678243599124631 0.02160037865126928
0.10471514492680421 0.09064888569848178 0.07658262647013538 0.06251636724181295 0.048450108013490534 0.03438384878516809 0.027116093884365783 0.027116093884365783 0.027116093884365783 0.027116093884365783 0.027116093884365783 0.027116093884365783 0.027116093884365783 0.027116093884365783 0.027116093884365783 0.027116093884365783 0.027116093884365783 0.027116093884365783 0.02602394802409726 0.023764273533824324 0.021504599043551384 0.019244924553278447 0.01698525006300551 0.01472557557273257 0.012465901082459633 0.010206226592186694 0.007946552101913754 0.005686877611640818 0.0034272031213640267 0.0011675286310910866 0.0 0.0 0.0 0.0 0.0 0.0 0.0 0.0 0.0 0.0 0.0 0.0 0.002041132729638009 0.006264282528010376 0.010487432326382743 0.01471058212475511 0.01893373192312748
0.10264909804864375 0.0894756560441082 0.07630221403955019 0.06312877203501464 0.04995533003047911 0.036781888025943565 0.029975433933577413 0.029975433933577413 0.029975433933577413 0.029975433933577413 0.029975433933577413 0.029975433933577413 0.029975433933577413 0.029975433933577413 0.029975433933577413 0.029975433933577413 0.029975433933577413 0.029975433933577413 0.028768123388780084 0.026270170561082426 0.023772217733384768 0.02127426490568711 0.01877631207798945 0.016278359250291793 0.013780406422594135 0.011282453594896477 0.008784500767198819 0.006286547939501161 0.0037885951117992422 0.001290642284101584 0.0 0.0 0.0 0.0 0.0 0.0 0.0 0.0 0.0 0.0 0.0 0.0 0.0017536574480986225 0.0053820143848203866 0.00901037132154215 0.012638728258263914 0.016267085194985677
0.10058305117048152 0.08830242638973362 0.07602180160896478 0.06374117682821687 0.051460552047468966 0.039179927266721065 0.03283477398279148 0.03283477398279148 0.03283477398279148 0.03283477398279148 0.03283477398279148 0.03283477398279148 0.03283477398279148 0.03283477398279148 0.03283477398279148 0.03283477398279148 0.03283477398279148 0.03283477398279148 0.03151229875346525 0.028776067588342665 0.026039836423220084 0.023303605258097503 0.020567374092974922 0.01783114292785234 0.01509491176272976 0.01235868059760718 0.009622449432484598 0.0068862182673620174 0.00414998710223477 0.0014137559371121891 0.0 0.0 0.0 0.0 0.0 0.0 0.0 0.0 0.0 0.0 0.0 0.0 0.0014661821665589913 0.004499746241629645 0.0075333103167002985 0.010566874391770953 0.013600438466841606
0.09550728453854988 0.08416400609571857 0.07282072765286793 0.06147744921003662 0.05013417076720532 0.03879089232437402 0.03293004715183096 0.03293004715183096 0.03293004715183096 0.03293004715183096 0.03293004715183096 0.03293004715183096 0.03293004715183096 0.03293004715183096 0.03293004715183096 0.03293004715183096 0.03293004715183096 0.03293004715183096 0.03160373463688369 0.028859564041008142 0.02611539344513259 0.02337122284925704 0.02062705225338149 0.017882881657505935 0.015138711061630384 0.012394540465754833 0.009650369869879282 0.006906199274003728 0.0041620286781234965 0.0014178580822479456 0.0 0.0 0.0 0.0 0.0 0.0 0.0 0.0 0.0 0.0 0.0 0.0 0.0012645822339388969 0.0038810314872079195 0.006497480740476942 0.009113929993745964 0.011730379247014987
0.08721431725510212 0.07685598396559541 0.06649765067607104 0.05613931738656433 0.04578098409705762 0.03542265080755093 0.030070707102619335 0.030070707102619335 0.030070707102619335 0.030070707102619335 0.030070707102619335 0.030070707102619335 0.030070707102619335 0.030070707102619335 0.030070707102619335 0.030070707102619335 0.030070707102619335 0.030070707102619335 0.028859559272200873 0.02635366701375004 0.023847774755299207 0.021341882496848374 0.01883599023839754 0.01633009797994671 0.01382420572149588 0.011318313463045047 0.008812421204594214 0.006306528946143381 0.003800636687688274 0.0012947444292374412 0.0 0.0 0.0 0.0 0.0 0.0 0.0 0.0 0.0 0.0 0.0 0.0 0.0011547776348033033 0.003544038688125093 0.005933299741446883 0.008322560794768672 0.010711821848090462
0.07892134997165437 0.06954796183547225 0.060174573699274175 0.05080118556309207 0.04142779742690997 0.032054409290727864 0.027211367053407706 0.027211367053407706 0.027211367053407706 0.027211367053407706 0.027211367053407706 0.027211367053407706 0.027211367053407706 0.027211367053407706 0.027211367053407706 0.027211367053407706 0.027211367053407706 0.027211367053407706 0.02611538390751805 0.023847769986491938 0.021580156065465823 0.019312542144439712 0.0170449282234136 0.014777314302387488 0.012509700381361375 0.010242086460335264 0.00797447253930915 0.005706858618283038 0.0034392446972530584 0.0011716307762269437 0.0 0.0 0.0 0.0 0.0 0.0 0.0 0.0 0.0 0.0 0.0 0.0 0.0010449730356677095 0.0032070458890422664 0.005369118742416823 0.007531191595791379 0.009693264449165937
0.07062838268820659 0.06223993970534909 0.053851496722477285 0.04546305373961977 0.03707461075676227 0.028686167773904772 0.024352027004196076 0.024352027004196076 0.024352027004196076 0.024352027004196076 0.024352027004196076 0.024352027004196076 0.024352027004196076 0.024352027004196076 0.024352027004196076 0.024352027004196076 0.024352027004196076 0.024352027004196076 0.023371208542835226 0.021341872959233833 0.01931253737563244 0.017283201792031046 0.015253866208429655 0.013224530624828262 0.011195195041226869 0.009165859457625476 0.007136523874024081 0.005107188290422688 0.003077852706817836 0.0010485171232164428 0.0 0.0 0.0 0.0 0.0 0.0 0.0 0.0 0.0 0.0 0.0 0.0 0.0009351684365321157 0.0028700530899594397 0.004804937743386763 0.006739822396814087 0.008674707050241412
0.062335415404758836 0.05493191757522593 0.04752841974568041 0.0401249219161475 0.0327214240866146 0.025317926257081708 0.021492686954984446 0.021492686954984446 0.021492686954984446 0.021492686954984446 0.021492686954984446 0.021492686954984446 0.021492686954984446 0.021492686954984446 0.021492686954984446 0.021492686954984446 0.021492686954984446 0.021492686954984446 0.020627033178152402 0.01883597593197573 0.017044918685799056 0.015253861439622384 0.01346280419344571 0.011671746947269036 0.009880689701092363 0.00808963245491569 0.006298575208739016 0.004507517962562345 0.002716460716382617 0.0009254034702059419 0.0 0.0 0.0 0.0 0.0 0.0 0.0 0.0 0.0 0.0 0.0 0.0 0.000825363837396522 0.002533060290876613 0.004240756744356704 0.005948453197836795 0.007656149651316886
0.054042448121311065 0.04762389544510277 0.04120534276888352 0.03478679009267522 0.02836823741646692 0.021949684740258615 0.018633346905772816 0.018633346905772816 0.018633346905772816 0.018633346905772816 0.018633346905772816 0.018633346905772816 0.018633346905772816 0.018633346905772816 0.018633346905772816 0.018633346905772816 0.018633346905772816 0.018633346905772816 0.01788285781346958 0.016330078904717625 0.014777299995965672 0.013224521087213718 0.011671742178461765 0.01011896326970981 0.008566184360957857 0.007013405452205903 0.00546062654345395 0.003907847634701995 0.0023550687259473943 0.000802289817195441 0.0 0.0 0.0 0.0 0.0 0.0 0.0 0.0 0.0 0.0 0.0 0.0 0.0007155592382609284 0.002196067491793787 0.0036765757453266455 0.005157083998859504 0.0066375922523923625
0.04574948083785624 0.040315873314973376 0.03488226579208125 0.02944865826919839 0.024015050746315526 0.018581443223432664 0.015774006856558748 0.015774006856558748 0.015774006856558748 0.015774006856558748 0.015774006856558748 0.015774006856558748 0.015774006856558748 0.015774006856558748 0.015774006856558748 0.015774006856558748 0.015774006856558748 0.015774006856558748 0.015138682448784415 0.013824181877457384 0.012509681306130354 0.011195180734803323 0.009880680163476293 0.00856617959214926 0.0072516790208222316 0.005937178449495201 0.0046226778781681705 0.0033081773068411383 0.0019936767355118665 0.000679176164184836 0.0 0.0 0.0 0.0 0.0 0.0 0.0 0.0 0.0 0.0 0.0 0.0 0.000605754639125241 0.0018590746927106727 0.0031123947462961044 0.004365714799881537 0.005619034853466968
0.037456513554408474 0.033007851184850216 0.028559188815284367 0.02411052644572611 0.01966186407616785 0.015213201706609586 0.012914666807347118 0.012914666807347118 0.012914666807347118 0.012914666807347118 0.012914666807347118 0.012914666807347118 0.012914666807347118 0.012914666807347118 0.012914666807347118 0.012914666807347118 0.012914666807347118 0.012914666807347118 0.012394507084101591 0.01131828485019928 0.010242062616296968 0.009165840382394657 0.008089618148492347 0.007013395914590035 0.0059371736806877245 0.004860951446785413 0.0037847292128831023 0.0027085069789807917 0.001632284745076644 0.0005560625111743333 0.0 0.0 0.0 0.0 0.0 0.0 0.0 0.0 0.0 0.0 0.0 0.0 0.0004959500399896473 0.0015220818936278462 0.002548213747266045 0.003574345600904244 0.004600477454542443
0.029163546270960714 0.025699829054727057 0.02223611183848749 0.01877239462225383 0.015308677406020176 0.011844960189786514 0.010055326758135488 0.010055326758135488 0.010055326758135488 0.010055326758135488 0.010055326758135488 0.010055326758135488 0.010055326758135488 0.010055326758135488 0.010055326758135488 0.010055326758135488 0.010055326758135488 0.010055326758135488 0.009650331719418767 0.008812387822941177 0.007974443926463584 0.007136500029985993 0.0062985561335084025 0.005460612237030811 0.004622668340553219 0.0037847244440756284 0.0029467805475980368 0.002108836651120445 0.001270892754641425 0.0004329488581638341 0.0 0.0 0.0 0.0 0.0 0.0 0.0 0.0 0.0 0.0 0.0 0.0 0.0003861454408540537 0.0011850890945450197 0.001984032748235986 0.0027829764019269517 0.003581920055617918
0.020870578987512954 0.018391806924603894 0.015913034861690607 0.01343426279878155 0.01095549073587249 0.008476718672963433 0.007195986708923859 0.007195986708923859 0.007195986708923859 0.007195986708923859 0.007195986708923859 0.007195986708923859 0.007195986708923859 0.007195986708923859 0.007195986708923859 0.007195986708923859 0.007195986708923859 0.007195986708923859 0.006906156354735945 0.006306490795683073 0.005706825236630201 0.005107159677577329 0.0045074941185244575 0.003907828559471586 0.003308163000418714 0.002708497441365842 0.0021088318823129703 0.0015091663232600985 0.0009095007642062041 0.0003098352051533323 0.0 0.0 0.0 0.0 0.0 0.0 0.0 0.0 0.0 0.0 0.0 0.0 0.00027634084171846 0.0008480962954621931 0.0014198517492059264 0.0019916072029496595 0.002563362656693393
0.012577611704065192 0.011083784794480736 0.00958995788489373 0.008096130975309273 0.006602304065724814 0.005108477156140358 0.00433664665971223 0.00433664665971223 0.00433664665971223 0.00433664665971223 0.00433664665971223 0.00433664665971223 0.00433664665971223 0.00433664665971223 0.00433664665971223 0.00433664665971223 0.00433664665971223 0.00433664665971223 0.00416198099005312 0.0038005937684249687 0.003439206546796817 0.0030778193251686644 0.0027164321035405125 0.0023550448819123606 0.0019936576602842086 0.0016322704386560567 0.0012708832170279048 0.0009094959953997528 0.0005481087737709846 0.00018672155214283226 0.0 0.0 0.0 0.0 0.0 0.0 0.0 0.0 0.0 0.0 0.0 0.0 0.0001665362425828663 0.0005111034963793667 0.0008556707501758671 0.0012002380039723675 0.0015448052577688679
