Figures/CREST_Example_wjb_NSE/Rolling_result/20100722/BJP_forecast/ens_48/wjb.rain.20100724.asc
ncols            288
nrows            254
xllcorner        113.274861
yllcorner        31.4918055
cellsize         0.008333333333
NODATA_value     -9999
[rows 120 to 143 of 254, columns 162 to 215 of 288]
0.01534633120333634 0.01975199339669031 0.02415765559004428 0.02856331778339825 0.03296897997675222 0.03737464217010619 0.04178030436346016 0.046185966556821646 0.050591628750175616 0.053148908105904835 0.053730224392231477 0.05431154067855812 0.05489285696488475 0.055474173251211394 0.056055489537538035 0.056636805823864676 0.05721812211019132 0.05779943839651796 0.0583807546828446 0.05896207096917124 0.059543387255498875 0.07519808150750461 0.10696655784090844 0.13873503417431227 0.17050351050771612 0.20227198684111994 0.2340404631745238 0.2658089395079276 0.2975774158413314 0.32934589217473526 0.3611143685081391 0.3928828448415429 0.42465132117494675 0.44046124878256604 0.4392111267062275 0.4379610046298889 0.43671088255355034 0.43546076047721183 0.43421063840087326 0.4329605163245347 0.4317103942481961 0.4304602721718576 0.42921015009551905 0.4279600280191805 0.4267099059428419 0.4249008198186046 0.4224941884782627 0.42008755713792484 0.41768092579758703 0.41527429445724917 0.41286766311691137 0.4104610317765735 0.4080544004362357 0.40564776909589784
0.0 0.0 0.0 0.0 0.0 0.0 0.0 0.0 0.0 0.0 0.0 0.0 0.0 0.0 0.0 0.0 0.0 0.0 0.0 0.0 0.0 0.01804292920408101 0.05537415794968797 0.09270538669529492 0.1300366154409019 0.16736784418650882 0.20469907293211578 0.24203030167772274 0.27936153042332973 0.3166927591689367 0.3540239879145436 0.39135521666015055 0.4286864454057575 0.44696955708230546 0.4448898006078848 0.4428100441334641 0.44073028765904343 0.43865053118462277 0.4365707747102021 0.4344910182357814 0.43241126176136074 0.4303315052869401 0.42825174881251943 0.42617199233809877 0.42409223586367806 0.4222850118221701 0.420769131118628 0.41925325041508854 0.417737369711549 0.41622148900800954 0.41470560830447006 0.4131897276009306 0.41167384689739106 0.4101579661938516
0.0 0.0 0.0 0.0 0.0 0.0 0.0 0.0 0.0 0.0 0.0 0.0 0.0 0.0 0.0 0.0 0.0 0.0 0.0 0.0 0.0 0.016965041348488405 0.0520660957335964 0.08716715011870439 0.12226820450381239 0.1573692588889204 0.1924703132740284 0.22757136765913638 0.26267242204424435 0.29777347642935237 0.33287453081446033 0.36797558519956836 0.4030766395846763 0.4214878253743843 0.42205716399184195 0.4226265026092996 0.42319584122675735 0.423765179844215 0.4243345184616727 0.42490385707913036 0.42547319569658804 0.4260425343140457 0.4266118729315034 0.4271812115489611 0.4277505501664188 0.4274864583461592 0.4263314105281325 0.4251763627101078 0.424021314892083 0.4228662670740583 0.42171121925603355 0.4205561714380088 0.41940112361998405 0.4182460758019593
0.0 0.0 0.0 0.0 0.0 0.0 0.0 0.0 0.0 0.0 0.0 0.0 0.0 0.0 0.0 0.0 0.0 0.0 0.0 0.0 0.0 0.015887153492895795 0.04875803351750483 0.08162891354211387 0.1144997935667229 0.14737067359133194 0.18024155361594096 0.21311243364055 0.24598331366515902 0.27885419368976805 0.3117250737143771 0.3445959537389861 0.37746683376359513 0.3960060936664631 0.39922452737579917 0.40244296108513516 0.4056613947944712 0.4088798285038072 0.4120982622131433 0.41531669592247933 0.41853512963181533 0.4217535633411514 0.4249719970504874 0.42819043075982344 0.43140886446915944 0.43268790487014835 0.431893689937637 0.431099475005127 0.43030526007261705 0.429511045140107 0.42871683020759704 0.42792261527508707 0.42712840034257704 0.42633418541006707
0.0 0.0 0.0 0.0 0.0 0.0 0.0 0.0 0.0 0.0 0.0 0.0 0.0 0.0 0.0 0.0 0.0 0.0 0.0 0.0 0.0 0.014809265637302267 0.04544997130141043 0.07609067696551859 0.10673138262962675 0.13737208829373493 0.16801279395784308 0.19865349962195125 0.2292942052860594 0.2599349109501676 0.2905756166142757 0.3212163222783839 0.3518570279424921 0.3705243619585202 0.37639189075973684 0.38225941956095344 0.3881269483621701 0.39399447716338676 0.39986200596460336 0.40572953476582 0.4115970635670366 0.4174645923682533 0.42333212116946994 0.42919964997068655 0.4350671787719032 0.43788935139414187 0.4374559693471462 0.43702258730015126 0.4365892052531563 0.43615582320616136 0.4357224411591664 0.43528905911217153 0.4348556770651766 0.43442229501818164
0.0 0.0 0.0 0.0 0.0 0.0 0.0 0.0 0.0 0.0 0.0 0.0 0.0 0.0 0.0 0.0 0.0 0.0 0.0 0.0 0.0 0.013731377781709657 0.042141909085318854 0.07055244038892805 0.09896297169253725 0.12737350299614644 0.15578403429975565 0.18419456560336483 0.21260509690697404 0.24101562821058323 0.2694261595141924 0.2978366908178016 0.32624722212141083 0.345042630250599 0.353559254143694 0.362075878036789 0.37059250192988397 0.37910912582297895 0.38762574971607394 0.39614237360916893 0.4046589975022639 0.4131756213953589 0.4216922452884539 0.4302088691815489 0.4387254930746439 0.443090797918131 0.4430182487566507 0.4429456995951705 0.4428731504336903 0.44280060127221016 0.44272805211072996 0.44265550294924977 0.4425829537877696 0.4425104046262894
0.0 0.0 0.0 0.0 0.0 0.0 0.0 0.0 0.0 0.0 0.0 0.0 0.0 0.0 0.0 0.0 0.0 0.0 0.0 0.0 0.0 0.012653489926117048 0.038833846869227286 0.06501420381233752 0.09119456075544775 0.11737491769855798 0.14355527464166823 0.16973563158477847 0.1959159885278887 0.22209634547099893 0.24827670241410918 0.2744570593572194 0.30063741630032964 0.31956089854267783 0.3307266175276512 0.3418923365126245 0.35305805549759783 0.3642237744825712 0.3753894934675445 0.3865552124525179 0.3977209314374912 0.4088866504224645 0.4200523694074379 0.4312180883924112 0.4423838073773846 0.4482922444421201 0.4485805281661552 0.44886881189018973 0.4491570956142243 0.44944537933825884 0.44973366306229345 0.450021946786328 0.45031023051036256 0.4505985142343971
0.0 0.0 0.0 0.0 0.0 0.0 0.0 0.0 0.0 0.0 0.0 0.0 0.0 0.0 0.0 0.0 0.0 0.0 0.0 0.0 0.0 0.01157560207052444 0.03552578465313571 0.05947596723574699 0.08342614981835826 0.10737633240096953 0.1313265149835808 0.15527669756619208 0.17922688014880336 0.20317706273141461 0.2271272453140259 0.2510774278966372 0.27502761047924845 0.29407916683475666 0.30789398091160836 0.32170879498846006 0.33552360906531176 0.3493384231421634 0.3631532372190151 0.3769680512958668 0.39078286537271845 0.40459767944957015 0.41841249352642185 0.43222730760327355 0.44604212168012525 0.4534936909661092 0.4541428075756596 0.4547919241852089 0.4554410407947583 0.4560901574043076 0.4567392740138569 0.4573883906234062 0.4580375072329555 0.4586866238425048
0.0 0.0 0.0 0.0 0.0 0.0 0.0 0.0 0.0 0.0 0.0 0.0 0.0 0.0 0.0 0.0 0.0 0.0 0.0 0.0 0.0 0.010497714214931831 0.03221772243704414 0.053937730659156455 0.07565773888126877 0.09737774710338107 0.11909775532549338 0.1408177635476057 0.162537771769718 0.18425777999183032 0.20597778821394264 0.22769779643605495 0.24941780465816726 0.2685974351268355 0.28506134429556557 0.3015252534642956 0.3179891626330256 0.33445307180175565 0.3509169809704857 0.3673808901392157 0.38384479930794574 0.40030870847667577 0.41677261764540585 0.4332365268141358 0.4497004359828659 0.4586951374900983 0.45970508698516416 0.4607150364802282 0.46172498597529227 0.4627349354703563 0.4637448849654204 0.46475483446048443 0.46576478395554854 0.4667747334506126
0.0 0.0 0.0 0.0 0.0 0.0 0.0 0.0 0.0 0.0 0.0 0.0 0.0 0.0 0.0 0.0 0.0 0.0 0.0 0.0 0.0 0.00941982635933922 0.028909660220952565 0.048399494082565914 0.06788932794417926 0.0873791618057926 0.10686899566740594 0.12635882952901928 0.14584866339063263 0.16533849725224598 0.18482833111385932 0.20431816497547267 0.22380799883708602 0.2431157034189143 0.2622287076795227 0.2813417119401311 0.3004547162007395 0.31956772046134785 0.3386807247219562 0.3577937289825646 0.37690673324317303 0.3960197375037814 0.41513274176438975 0.43424574602499816 0.45335875028560657 0.46389658401408745 0.4652673663946686 0.4666381487752474 0.4680089311558262 0.469379713536405 0.47075049591698387 0.4721212782975627 0.4734920606781415 0.4748628430587203
0.0 0.0 0.0 0.0 0.0 0.0 0.0 0.0 0.0 0.0 0.0 0.0 0.0 0.0 0.0 0.0 0.0 0.0 0.0 0.0 0.0 0.008341938503746612 0.025601598004860997 0.04286125750597538 0.06012091700708976 0.07738057650820414 0.09464023600931852 0.1118998955104329 0.1291595550115473 0.14641921451266168 0.16367887401377607 0.18093853351489045 0.19819819301600483 0.21763397171099313 0.23939607106347988 0.2611581704159666 0.2829202697684533 0.30468236912094004 0.3264444684734268 0.3482065678259135 0.36996866717840027 0.391730766530887 0.41349286588337375 0.4352549652358605 0.4570170645883472 0.4690980305380766 0.4708296458041731 0.47256126107026664 0.4742928763363602 0.47602449160245375 0.4777561068685473 0.47948772213464086 0.48121933740073447 0.482950952666828
0.0 0.0 0.0 0.0 0.0 0.0 0.0 0.0 0.0 0.0 0.0 0.0 0.0 0.0 0.0 0.0 0.0 0.0 0.0 0.0 0.0 0.007264050648153084 0.0222935357887666 0.03732302092938012 0.052352506069993636 0.06738199121060715 0.08241147635122066 0.09744096149183418 0.1124704466324477 0.1274999317730612 0.14252941691367474 0.15755890205428824 0.17258838719490177 0.19215224000305023 0.21656343444741757 0.24097462889178492 0.26538582333615224 0.2897970177805196 0.31420821222488693 0.3386194066692543 0.3630306011136216 0.38744179555798897 0.4118529900023563 0.4362641844467237 0.46067537889109106 0.47429947706207015 0.4763919252136823 0.4784843733652909 0.48057682151689957 0.48266926966850815 0.4847617178201168 0.48685416597172537 0.488946614123334 0.49103906227494265
0.0 0.0 0.0 0.0 0.0 0.0 0.0 0.0 0.0 0.0 0.0 0.0 0.0 0.0 0.0 0.0 0.0 0.0 0.0 0.0 0.0 0.006186162792560476 0.018985473572675028 0.031784784352789586 0.044584095132904136 0.057383405913018694 0.07018271669313325 0.0829820274732478 0.09578133825336235 0.1085806490334769 0.12137995981359147 0.13417927059370602 0.14697858137382058 0.16667050829512906 0.19373079783137476 0.22079108736762043 0.24785137690386613 0.27491166644011183 0.3019719559763575 0.32903224551260324 0.3560925350488489 0.3831528245850946 0.41021311412134026 0.437273403657586 0.46433369319383166 0.4795009235860592 0.4819542046231868 0.4844074856603101 0.4868607666974335 0.4893140477345569 0.4917673287716802 0.4942206098088036 0.49667389084592695 0.49912717188305034
0.006167251167891122 0.005743404934122302 0.00531955870035348 0.00489571246658466 0.004471866232815839 0.004048019999047019 0.003624173765278197 0.003200327531508654 0.0027764812977398327 0.0027329613726255852 0.0030960188755886076 0.0034590763785516294 0.0038221338815146518 0.004185191384477674 0.004548248887440696 0.004911306390403719 0.005274363893366741 0.0056374213963297625 0.006000478899292784 0.006363536402255807 0.006726593905219448 0.012038222396351857 0.022639985235554924 0.03324174807475799 0.04384351091396106 0.054445273753164124 0.06504703659236719 0.07564879943157025 0.08625056227077332 0.09685232510997639 0.10745408794917946 0.11805585078838253 0.1286576136275856 0.14732218658512766 0.1746060859973012 0.20188998540947475 0.2291738848216483 0.2564577842338218 0.2837416836459954 0.31102558305816896 0.3383094824703425 0.365593381882516 0.3928772812946896 0.4201611807068631 0.44744508011903666 0.46276656153377355 0.46529994740957237 0.46783333328536686 0.4703667191611614 0.4729001050369559 0.47543349091275044 0.47796687678854494 0.48050026266433943 0.483033648540134
0.018926905047445482 0.017626147675502253 0.016325390303559027 0.0150246329316158 0.013723875559672572 0.012423118187729345 0.011122360815786117 0.00982160344384067 0.008520846071897443 0.008387286165241174 0.009501486754495511 0.01061568734374985 0.011729887933004187 0.012844088522258525 0.013958289111512864 0.0150724897007672 0.016186690290021538 0.017300890879275874 0.018415091468530216 0.01952929205778455 0.02064349264704079 0.025297958966630205 0.03373704945067386 0.042176139934717506 0.05061523041876116 0.05905432090280481 0.06749341138684846 0.07593250187089211 0.08437159235493576 0.09281068283897942 0.10124977332302307 0.10968886380706672 0.11812795429111037 0.1345300935094556 0.15944491200559124 0.1843597305017269 0.20927454899786258 0.23418936749399824 0.2591041859901339 0.28401900448626954 0.30893382298240524 0.3338486414785409 0.3587634599746765 0.38367827847081215 0.40859309696694784 0.42258420295855564 0.4248976130881957 0.4272110232178317 0.4295244333474678 0.43183784347710386 0.43415125360673995 0.43646466373637605 0.4387780738660121 0.4410914839956482
0.03168655892699984 0.029508890416882212 0.027331221906764576 0.02515355339664694 0.022975884886529307 0.020798216376411674 0.01862054786629404 0.016442879356172693 0.01426521084605506 0.014041610957856767 0.015906954633402418 0.017772298308948067 0.01963764198449372 0.021502985660039373 0.023368329335585022 0.02523367301113067 0.027099016686676324 0.028964360362221973 0.030829704037767625 0.032695047713313274 0.034560391388862105 0.03855769553690852 0.04483411366579276 0.051110531794677 0.057386949923561234 0.06366336805244546 0.0699397861813297 0.07621620431021395 0.08249262243909818 0.0887690405679824 0.09504545869686665 0.10132187682575089 0.10759829495463512 0.12173800043378355 0.1442837380138813 0.1668294755939791 0.18937521317407685 0.21192095075417464 0.23446668833427242 0.2570124259143702 0.27955816349446794 0.30210390107456575 0.3246496386546635 0.34719537623476127 0.3697411138148591 0.38240184438333774 0.38449527876681894 0.3865887131502966 0.3886821475337742 0.39077558191725187 0.39286901630072946 0.3949624506842071 0.39705588506768474 0.3991493194511624
0.04444621280655418 0.041391633158262144 0.038337053509970104 0.03528247386167807 0.03222789421338603 0.02917331456509399 0.026118734916801955 0.023064155268504707 0.020009575620212668 0.019695935750472356 0.022312422512309322 0.024928909274146288 0.027545396035983258 0.03016188279782022 0.03277836955965719 0.03539485632149415 0.03801134308333112 0.04062782984516809 0.043244316607005055 0.04586080336884202 0.04847729013068345 0.05181743210718687 0.05593117788091169 0.060044923654636505 0.06415866942836132 0.06827241520208614 0.07238616097581096 0.07649990674953577 0.0806136525232606 0.08472739829698542 0.08884114407071023 0.09295488984443506 0.09706863561815987 0.10894590735811148 0.12912256402217137 0.14929922068623128 0.16947587735029118 0.18965253401435106 0.20982919067841097 0.23000584734247087 0.25018250400653075 0.2703591606705906 0.29053581733465056 0.31071247399871044 0.33088913066277037 0.3422194858081199 0.3440929444454423 0.3459664030827615 0.3478398617200807 0.3497133203573999 0.3515867789947191 0.3534602376320382 0.3553336962693574 0.3572071549066766
0.057205866686119426 0.05327437589965223 0.04934288511318504 0.04541139432671784 0.04147990354025065 0.037548412753783456 0.03361692196731626 0.029685431180842367 0.025753940394375174 0.025350260543092765 0.028717890391221686 0.03208552023935061 0.03545315008747953 0.03882077993560846 0.04218840978373738 0.0455560396318663 0.04892366947999523 0.05229129932812415 0.05565892917625307 0.059026559024381996 0.06239418887251666 0.06507716867747652 0.06702824209604008 0.06897931551460364 0.0709303889331672 0.07288146235173075 0.0748325357702943 0.07678360918885786 0.07873468260742142 0.08068575602598498 0.08263682944454853 0.08458790286311209 0.08653897628167564 0.0961538142824285 0.1139613900304485 0.13176896577846847 0.14957654152648847 0.16738411727450847 0.18519169302252844 0.2029992687705484 0.2208068445185684 0.2386144202665884 0.25642199601460836 0.2742295717626284 0.29203714751064835 0.30203712723286774 0.3036906101240311 0.30534409301519166 0.30699757590635224 0.3086510587975128 0.3103045416886734 0.31195802457983396 0.3136115074709945 0.31526499036215505
0.06996552056567379 0.06515711864103219 0.06034871671639059 0.055540314791748986 0.05073191286710739 0.04592351094246579 0.04111510901782419 0.036306707093174385 0.03149830516853279 0.03100458533570835 0.035123358270128587 0.03924213120454883 0.043360904138969064 0.0474796770733893 0.051598450007809535 0.05571722294222978 0.05983599587665001 0.06395476881107025 0.06807354174549049 0.07219231467991072 0.07631108761433798 0.07833690524775486 0.07812530631115899 0.07791370737456314 0.07770210843796728 0.07749050950137143 0.07727891056477557 0.0770673116281797 0.07685571269158385 0.07664411375498799 0.07643251481839212 0.07622091588179628 0.07600931694520041 0.08336172120675646 0.09880021603873856 0.11423871087072067 0.12967720570270277 0.1451157005346849 0.16055419536666699 0.1759926901986491 0.19143118503063122 0.20686967986261331 0.22230817469459543 0.23774666952657753 0.25318516435855964 0.2618547686576499 0.26328827580265446 0.2647217829476566 0.2661552900926587 0.2675887972376608 0.26902230438266295 0.27045581152766507 0.2718893186726672 0.2733228258176693
0.08272517444522814 0.07703986138241213 0.07135454831959613 0.06566923525678012 0.05998392219396412 0.05429860913114811 0.048613296068332104 0.042927983005506404 0.037242669942690404 0.036658910128323945 0.0415288261490355 0.04639874216974705 0.0512686581904586 0.05613857421117016 0.06100849023188171 0.06587840625259325 0.07074832227330481 0.07561823829401637 0.08048815431472792 0.08535807033543946 0.09022798635615933 0.0915966418180332 0.08922237052627793 0.08684809923452265 0.08447382794276738 0.0820995566510121 0.07972528535925683 0.07735101406750154 0.07497674277574627 0.07260247148399099 0.07022820019223572 0.06785392890048045 0.06547965760872516 0.07056962813108439 0.08363904204702861 0.09670845596297284 0.10977786987891706 0.12284728379486129 0.1359166977108055 0.14898611162674974 0.16205552554269398 0.1751249394586382 0.1881943533745824 0.20126376729052664 0.21433318120647088 0.221672410082432 0.22288594148127774 0.22409947288012144 0.2253130042789651 0.2265265356778088 0.22774006707665248 0.22895359847549618 0.23016712987433985 0.23138066127318352
0.0954848283247825 0.08892260412379209 0.08236037992280168 0.07579815572181126 0.06923593152082085 0.06267370731983044 0.05611148311884002 0.049549258917838415 0.042987034716848005 0.04231323492093954 0.0479342940279424 0.05355535313494527 0.05917641224194814 0.064797471348951 0.07041853045595386 0.07603958956295674 0.08166064866995962 0.08728170777696248 0.09290276688396534 0.0985238259909682 0.10414488509798067 0.10485637838831154 0.10031943474139685 0.09578249109448216 0.09124554744756747 0.08670860380065276 0.08217166015373807 0.07763471650682338 0.07309777285990869 0.068560829212994 0.0640238855660793 0.059486941919164614 0.05494999827224992 0.057777535055412325 0.06847786805531866 0.07917820105522501 0.08987853405513135 0.10057886705503769 0.11127920005494403 0.12197953305485038 0.1326798660547567 0.14338019905466304 0.1540805320545694 0.16478086505447573 0.17548119805438206 0.18149005150721412 0.18248360715990106 0.1834771628125863 0.18447071846527155 0.1854642741179568 0.18645782977064201 0.18745138542332726 0.1884449410760125 0.18943849672869775
0.10824448220433686 0.10080534686517204 0.09336621152600721 0.0859270761868424 0.07848794084767757 0.07104880550851275 0.06360967016934795 0.05617053483017044 0.04873139949100562 0.047967559713555125 0.054339761906849304 0.060711964100143484 0.06708416629343766 0.07345636848673186 0.07982857068002604 0.08620077287332022 0.09257297506661441 0.09894517725990859 0.10531737945320277 0.11168958164649695 0.118061783839802 0.11811611495858988 0.11141649895651577 0.10471688295444166 0.09801726695236755 0.09131765095029346 0.08461803494821935 0.07791841894614523 0.07121880294407112 0.06451918694199701 0.057819570939922904 0.051119954937848794 0.044420338935774684 0.04498544197974027 0.05331669406360873 0.06164794614747718 0.06997919823134564 0.07831045031521411 0.08664170239908256 0.09497295448295101 0.10330420656681948 0.11163545865068793 0.11996671073455639 0.12829796281842484 0.1366292149022933 0.14130769293199624 0.14208127283852437 0.14285485274505116 0.14362843265157796 0.14440201255810478 0.14517559246463158 0.14594917237115837 0.1467227522776852 0.147496332184212
0.12100413608389121 0.11268808960655198 0.10437204312921275 0.09605599665187353 0.08773995017453431 0.07942390369719508 0.07110785721985585 0.06279181074250245 0.05447576426516322 0.05362188450617071 0.06074522978575621 0.0678685750653417 0.0749919203449272 0.08211526562451271 0.08923861090409821 0.0963619561836837 0.1034853014632692 0.1106086467428547 0.1177319920224402 0.12485533730202569 0.13197868258162335 0.13137585152886821 0.1225135631716347 0.11365127481440117 0.10478898645716764 0.09592669809993412 0.08706440974270059 0.07820212138546706 0.06933983302823354 0.060477544671000014 0.05161525631376648 0.04275296795653297 0.033890679599299436 0.032193348904068206 0.038155520071898784 0.044117691239729355 0.05007986240755993 0.056042033575390504 0.062004204743221075 0.06796637591105165 0.07392854707888222 0.07989071824671279 0.08585288941454336 0.09181506058237394 0.09777723175020452 0.10112533435677834 0.10167893851714765 0.10223254267751603 0.10278614683788438 0.10333975099825275 0.10389335515862111 0.10444695931898948 0.10500056347935785 0.1055541676397262
0.13376378996344557 0.12457083234793193 0.1153778747324183 0.10618491711690467 0.09699195950139103 0.0877990018858774 0.07860604427036377 0.06941308665483446 0.06022012903932082 0.0592762092987863 0.06715069766466311 0.07502518603053993 0.08289967439641674 0.09077416276229355 0.09864865112817037 0.10652313949404718 0.114397627859924 0.12227211622580081 0.13014660459167762 0.13802109295755444 0.14589558132344466 0.14463558809914656 0.1336106273867536 0.12258566667436069 0.11156070596196774 0.1005357452495748 0.08951078453718186 0.07848582382478891 0.06746086311239598 0.05643590240000303 0.04541094168761009 0.034385980975217154 0.023361020262824217 0.01940125582839615 0.02299434608018884 0.02658743633198153 0.030180526583774223 0.033773616835566914 0.037366707087359605 0.040959797339152296 0.04455288759094499 0.04814597784273768 0.05173906809453037 0.05533215834632306 0.05892524859811575 0.06094297578156047 0.06127660419577097 0.061610232609980886 0.06194386102419081 0.06227748943840074 0.06261111785261066 0.06294474626682059 0.06327837468103051 0.06361200309524043
