Figures/CREST_Example_wjb_NSE/Rolling_result/20100722/BJP_forecast/ens_48/wjb.rain.20100726.asc
ncols            288
nrows            254
xllcorner        113.274861
yllcorner        31.4918055
cellsize         0.008333333333
NODATA_value     -9999
[rows 40 to 59 of 254, columns 132 to 175 of 288]
0.40585306120047476 0.4486495777591237 0.4914460943177726 4.085002817878608 4.085002817878608 4.085002817878608 4.085002817878608 4.085002817878608 4.085002817878608 4.085002817878608 4.085002817878608 -9999.0 -9999.0 -9999.0 -9999.0 -9999.0 -9999.0 -9999.0 -9999.0 -9999.0 -9999.0 -9999.0 -9999.0 -9999.0 -9999.0 -9999.0 -9999.0 -9999.0 -9999.0 -9999.0 -9999.0 -9999.0 -9999.0 -9999.0 -9999.0 -9999.0 -9999.0 -9999.0 -9999.0 -9999.0 -9999.0 -9999.0 -9999.0 -9999.0
0.42324134633263516 0.46787142805002374 0.5125015097674123 4.085002817878608 4.085002817878608 4.085002817878608 4.085002817878608 4.085002817878608 4.085002817878608 4.085002817878608 4.085002817878608 4.085002817878608 -9999.0 -9999.0 -9999.0 4.085002817878608 4.085002817878608 -9999.0 -9999.0 -9999.0 -9999.0 -9999.0 -9999.0 -9999.0 -9999.0 -9999.0 -9999.0 -9999.0 -9999.0 -9999.0 -9999.0 -9999.0 -9999.0 -9999.0 -9999.0 -9999.0 -9999.0 -9999.0 -9999.0 -9999.0 -9999.0 -9999.0 -9999.0 -9999.0
0.4406296314647957 0.4870932783409239 0.5335569252170521 4.085002817878608 4.085002817878608 4.085002817878608 4.085002817878608 4.085002817878608 4.085002817878608 4.085002817878608 4.085002817878608 4.085002817878608 4.085002817878608 4.085002817878608 4.085002817878608 4.085002817878608 4.085002817878608 -9999.0 -9999.0 4.085002817878608 4.085002817878608 4.085002817878608 4.085002817878608 -9999.0 -9999.0 -9999.0 -9999.0 -9999.0 -9999.0 -9999.0 -9999.0 -9999.0 -9999.0 -9999.0 -9999.0 -9999.0 -9999.0 -9999.0 -9999.0 -9999.0 -9999.0 -9999.0 -9999.0 -9999.0
0.4580179165969562 0.5063151286318239 0.5546123406666917 4.085002817878608 4.085002817878608 4.085002817878608 4.085002817878608 4.085002817878608 4.085002817878608 4.085002817878608 4.085002817878608 4.085002817878608 4.085002817878608 4.085002817878608 4.085002817878608 4.085002817878608 4.085002817878608 4.085002817878608 4.085002817878608 4.085002817878608 4.085002817878608 4.085002817878608 4.085002817878608 4.085002817878608 -9999.0 -9999.0 -9999.0 -9999.0 -9999.0 -9999.0 -9999.0 -9999.0 -9999.0 -9999.0 -9999.0 -9999.0 -9999.0 -9999.0 -9999.0 -9999.0 -9999.0 -9999.0 -9999.0 -9999.0
0.4754062017291166 0.525536978922724 0.5756677561163315 4.085002817878608 4.085002817878608 4.085002817878608 4.085002817878608 4.085002817878608 4.085002817878608 4.085002817878608 4.085002817878608 4.085002817878608 4.085002817878608 4.085002817878608 4.085002817878608 4.085002817878608 4.085002817878608 4.085002817878608 4.085002817878608 4.085002817878608 4.085002817878608 4.085002817878608 4.085002817878608 4.085002817878608 4.085002817878608 -9999.0 -9999.0 -9999.0 -9999.0 -9999.0 -9999.0 -9999.0 -9999.0 -9999.0 -9999.0 -9999.0 -9999.0 -9999.0 -9999.0 -9999.0 -9999.0 -9999.0 -9999.0 -9999.0
0.49279448686127714 0.5447588292136242 0.5967231715659713 4.085002817878608 4.085002817878608 4.085002817878608 4.085002817878608 4.085002817878608 4.085002817878608 4.085002817878608 4.085002817878608 4.085002817878608 4.085002817878608 4.085002817878608 4.085002817878608 4.085002817878608 4.085002817878608 4.085002817878608 4.085002817878608 4.085002817878608 4.085002817878608 4.085002817878608 4.085002817878608 4.085002817878608 4.085002817878608 -9999.0 4.085002817878608 4.085002817878608 4.085002817878608 -9999.0 -9999.0 -9999.0 -9999.0 -9999.0 -9999.0 -9999.0 -9999.0 -9999.0 -9999.0 -9999.0 -9999.0 -9999.0 -9999.0 -9999.0
0.5101827719934524 0.5639806795045407 0.6177785870156289 4.085002817878608 4.085002817878608 4.085002817878608 4.085002817878608 4.085002817878608 4.085002817878608 4.085002817878608 4.085002817878608 4.085002817878608 4.085002817878608 4.085002817878608 4.085002817878608 4.085002817878608 4.085002817878608 4.085002817878608 4.085002817878608 4.085002817878608 4.085002817878608 4.085002817878608 4.085002817878608 4.085002817878608 4.085002817878608 4.085002817878608 4.085002817878608 4.085002817878608 4.085002817878608 -9999.0 -9999.0 -9999.0 -9999.0 -9999.0 -9999.0 -9999.0 -9999.0 -9999.0 -9999.0 -9999.0 -9999.0 -9999.0 -9999.0 -9999.0
0.5275710571256129 0.5832025297954408 0.6388340024652688 4.085002817878608 4.085002817878608 4.085002817878608 4.085002817878608 4.085002817878608 4.085002817878608 4.085002817878608 4.085002817878608 4.085002817878608 4.085002817878608 4.085002817878608 4.085002817878608 4.085002817878608 4.085002817878608 4.085002817878608 4.085002817878608 4.085002817878608 4.085002817878608 4.085002817878608 4.085002817878608 4.085002817878608 4.085002817878608 4.085002817878608 4.085002817878608 4.085002817878608 -9999.0 -9999.0 -9999.0 -9999.0 -9999.0 -9999.0 -9999.0 -9999.0 -9999.0 -9999.0 -9999.0 -9999.0 -9999.0 -9999.0 -9999.0 -9999.0
0.5449593422577734 0.6024243800863409 0.6598894179149085 4.085002817878608 4.085002817878608 4.085002817878608 4.085002817878608 4.085002817878608 4.085002817878608 4.085002817878608 4.085002817878608 4.085002817878608 4.085002817878608 4.085002817878608 4.085002817878608 4.085002817878608 4.085002817878608 4.085002817878608 4.085002817878608 4.085002817878608 4.085002817878608 4.085002817878608 4.085002817878608 4.085002817878608 4.085002817878608 4.085002817878608 4.085002817878608 4.085002817878608 4.085002817878608 4.085002817878608 4.085002817878608 -9999.0 -9999.0 -9999.0 -9999.0 -9999.0 -9999.0 -9999.0 -9999.0 -9999.0 -9999.0 -9999.0 -9999.0 -9999.0
0.55719939468091 0.6154939911116077 0.6737885875423056 0.7219181734696523 0.7591811332684216 0.796444093067191 0.8337070528659603 0.8709700126647296 0.908232972463499 0.9454959322622684 0.9827588920610377 1.0200218518598705 1.05728481165864 1.0945477714574092 1.1318107312561787 1.1517159114705977 1.1530652326954816 1.1544145539203654 1.1557638751452493 1.157113196370133 1.1584625175950167 1.1598118388199006 1.1611611600447844 1.1625104812696683 1.1638598024945543 1.1652091237194382 1.166558444944322 4.085002817878608 4.085002817878608 4.085002817878608 4.085002817878608 4.085002817878608 4.085002817878608 4.085002817878608 -9999.0 -9999.0 -9999.0 -9999.0 -9999.0 -9999.0 -9999.0 -9999.0 -9999.0 -9999.0
0.5639363109594944 0.6219872462908589 0.6800381816222234 0.7289275784222427 0.7680230833271317 0.8071185882320207 0.8462140931369095 0.8853095980417985 0.9244051029466875 0.9635006078515765 1.0025961127564655 1.0416916176614213 1.0807871225663102 1.1198826274711993 1.1589781323760882 1.1829070692434938 1.1906226018277573 1.198338134412021 1.2060536669962847 1.2137691995805482 1.221484732164812 1.2292002647490756 1.2369157973333391 1.2446313299176028 1.2523468625018797 1.2600623950861431 1.2677779276704069 4.085002817878608 4.085002817878608 4.085002817878608 4.085002817878608 4.085002817878608 4.085002817878608 4.085002817878608 4.085002817878608 4.085002817878608 4.085002817878608 -9999.0 -9999.0 -9999.0 -9999.0 -9999.0 -9999.0 -9999.0
0.5706732272380789 0.6284805014701101 0.6862877757021413 0.735936983374833 0.7768650333858417 0.8177930833968503 0.8587211334078589 0.8996491834188676 0.9405772334298762 0.9815052834408848 1.0224333334518934 1.0633613834629718 1.1042894334739803 1.145217483484989 1.1861455334959978 1.2140982270163896 1.228179970960033 1.2422617149036765 1.25634345884732 1.2704252027909635 1.2845069467346069 1.2985886906782502 1.3126704346218938 1.3267521785655372 1.3408339225092045 1.354915666452848 1.3689974103964915 4.085002817878608 4.085002817878608 4.085002817878608 4.085002817878608 4.085002817878608 4.085002817878608 4.085002817878608 4.085002817878608 4.085002817878608 4.085002817878608 4.085002817878608 -9999.0 -9999.0 -9999.0 -9999.0 -9999.0 -9999.0
0.5774101435166634 0.6349737566493613 0.6925373697820592 0.7429463883274234 0.7857069834445517 0.82846757856168 0.8712281736788082 0.9139887687959365 0.9567493639130648 0.999509959030193 1.0422705541473212 1.0850311492645224 1.1277917443816508 1.1705523394987791 1.2133129346159073 1.2452893847892856 1.2657373400923089 1.286185295395332 1.3066332506983553 1.3270812060013786 1.3475291613044018 1.367977116607425 1.3884250719104483 1.4088730272134715 1.4293209825165296 1.4497689378195528 1.470216893122576 4.085002817878608 4.085002817878608 4.085002817878608 4.085002817878608 4.085002817878608 4.085002817878608 4.085002817878608 4.085002817878608 4.085002817878608 4.085002817878608 4.085002817878608 4.085002817878608 4.085002817878608 4.085002817878608 -9999.0 -9999.0 -9999.0
0.5841470597952536 0.641467011828618 0.6987869638619824 0.7499557932800198 0.7945489335032694 0.8391420737265188 0.8837352139497683 0.9283283541730178 0.9729214943962673 1.0175146346195167 1.0621077748427663 1.1067009150660918 1.1512940552893411 1.1958871955125907 1.2404803357358403 1.2764805425622083 1.3032947092246168 1.3301088758870252 1.3569230425494339 1.3837372092118423 1.4105513758742507 1.4373655425366594 1.4641797091990678 1.4909938758614762 1.5178080425239304 1.5446222091863389 1.5714363758487475 4.085002817878608 4.085002817878608 4.085002817878608 4.085002817878608 4.085002817878608 4.085002817878608 4.085002817878608 4.085002817878608 4.085002817878608 4.085002817878608 4.085002817878608 4.085002817878608 4.085002817878608 4.085002817878608 -9999.0 -9999.0 -9999.0
0.590883976073838 0.6479602670078691 0.7050365579419001 0.7569651982326102 0.8033908835619793 0.8498165688913485 0.8962422542207176 0.9426679395500868 0.9890936248794558 1.035519310208825 1.0819449955381941 1.1283706808676424 1.1747963661970116 1.2212220515263805 1.2676477368557497 1.3076717003351042 1.3408520783568925 1.3740324563786808 1.407212834400469 1.4403932124222574 1.4735735904440457 1.506753968465834 1.5399343464876223 1.5731147245094104 1.6062951025312553 1.6394754805530436 1.672655858574832 4.085002817878608 4.085002817878608 4.085002817878608 4.085002817878608 4.085002817878608 4.085002817878608 4.085002817878608 4.085002817878608 4.085002817878608 4.085002817878608 4.085002817878608 4.085002817878608 4.085002817878608 4.085002817878608 4.085002817878608 -9999.0 -9999.0
0.5976208923524226 0.6544535221871203 0.711286152021818 0.7639746031852006 0.8122328336206894 0.8604910640561781 0.908749294491667 0.9570075249271557 1.0052657553626445 1.0535239857981331 1.101782216233622 1.1500404466691931 1.198298677104682 1.2465569075401706 1.2948151379756594 1.3388628581080002 1.3784094474891684 1.4179560368703363 1.4575026262515045 1.4970492156326727 1.5365958050138406 1.5761423943950088 1.615688983776177 1.655235573157345 1.6947821625385804 1.7343287519197486 1.7738753413009167 4.085002817878608 4.085002817878608 4.085002817878608 4.085002817878608 4.085002817878608 4.085002817878608 4.085002817878608 4.085002817878608 4.085002817878608 4.085002817878608 4.085002817878608 4.085002817878608 4.085002817878608 4.085002817878608 4.085002817878608 4.085002817878608 -9999.0
0.6043578086310071 0.6609467773663715 0.717535746101736 0.770984008137791 0.8210747836793995 0.8711655592210078 0.9212563347626163 0.9713471103042246 1.021437885845833 1.0715286613874415 1.1216194369290498 1.1717102124707437 1.2218009880123522 1.2718917635539606 1.3219825390955688 1.3700540158808963 1.415966816621444 1.461879617361992 1.50779241810254 1.5537052188430878 1.5996180195836356 1.6455308203241836 1.6914436210647317 1.7373564218052795 1.7832692225459057 1.8291820232864535 1.8750948240270016 4.085002817878608 4.085002817878608 4.085002817878608 4.085002817878608 4.085002817878608 4.085002817878608 4.085002817878608 4.085002817878608 4.085002817878608 4.085002817878608 4.085002817878608 4.085002817878608 4.085002817878608 4.085002817878608 4.085002817878608 4.085002817878608 4.085002817878608
0.6110947249095915 0.6674400325456226 0.7237853401816536 0.7779934130903814 0.8299167337381094 0.8818400543858375 0.9337633750335655 0.9856866956812935 1.0376100163290216 1.0895333369767497 1.1414566576244778 1.1933799782722945 1.2453032989200223 1.2972266195677504 1.3491499402154785 1.401245173653792 1.4535241857537198 1.5058031978536475 1.5580822099535752 1.6103612220535028 1.6626402341534305 1.7149192462533582 1.767198258353286 1.8194772704532136 1.8717562825532306 1.9240352946531583 1.976314306753086 4.085002817878608 4.085002817878608 4.085002817878608 4.085002817878608 4.085002817878608 4.085002817878608 4.085002817878608 4.085002817878608 4.085002817878608 4.085002817878608 4.085002817878608 4.085002817878608 4.085002817878608 4.085002817878608 4.085002817878608 4.085002817878608 4.085002817878608
0.617831641188176 0.6739332877248738 0.7300349342615715 0.7850028180429718 0.8387586837968195 0.8925145495506672 0.946270415304515 1.0000262810583627 1.0537821468122104 1.107538012566058 1.1612938783199058 1.2150497440738453 1.2688056098276927 1.3225614755815407 1.3763173413353882 1.4324363314266884 1.4910815548859957 1.5497267783453033 1.6083720018046108 1.6670172252639182 1.7256624487232257 1.7843076721825333 1.8429528956418406 1.9015981191011482 1.9602433425605557 2.0188885660198634 2.077533789479171 4.085002817878608 4.085002817878608 4.085002817878608 4.085002817878608 4.085002817878608 4.085002817878608 4.085002817878608 4.085002817878608 4.085002817878608 4.085002817878608 4.085002817878608 4.085002817878608 4.085002817878608 4.085002817878608 4.085002817878608 4.085002817878608 4.085002817878608
0.6245685574667663 0.6804265429041305 0.7362845283414947 0.7920122229955682 0.8476006338555371 0.903189044715506 0.9587774555754749 1.0143658664354438 1.0699542772954127 1.1255426881553816 1.1811310990153505 1.2367195098754142 1.2923079207353831 1.347896331595352 1.403484742455321 1.4636274891996108 1.5286389240183036 1.5936503588369964 1.6586617936556889 1.7236732284743816 1.7886846632930744 1.8536960981117672 1.91870753293046 1.9837189677491525 2.0487304025679562 2.113741837386649 2.1787532722053418 4.085002817878608 4.085002817878608 4.085002817878608 4.085002817878608 4.085002817878608 4.085002817878608 4.085002817878608 4.085002817878608 4.085002817878608 4.085002817878608 4.085002817878608 4.085002817878608 4.085002817878608 4.085002817878608 4.085002817878608 4.085002817878608 4.085002817878608
