Figures/CREST_Example_wjb_NSE/Rolling_result/20100722/BJP_forecast/ens_48/wjb.rain.20100722.asc
ncols            288
nrows            254
xllcorner        113.274861
yllcorner        31.4918055
cellsize         0.008333333333
NODATA_value     -9999
[rows 88 to 109 of 254, columns 49 to 97 of 288]
1.0271585394686458 1.0271585394686458 0.3618936648402451 0.3939068037081972 0.42591994257609467 0.45793308144399214 0.4899462203118896 0.5219593591797871 0.5539724980476846 0.585985636915582 0.6179987757834795 0.650011914651377 0.6820250535192744 0.7140381923871719 0.7971411871579814 0.9348603927505604 1.0725795983433741 1.2102988039359532 1.3480180095285321 1.485737215121111 1.6234564207136901 1.7611756263062692 1.898894831898848 2.036614037491427 2.1743332430840057 2.3120524486765848 2.289337018036599 2.095113334386135 1.9008896507356707 1.7066659670848754 1.5124422834344111 1.318218599783947 1.123994916133483 0.9297712324830187 0.7355475488325547 0.5413238651820906 0.34710018153162636 0.15287649788116253 0.05040947226056672 0.04603238856602751 0.0416553048714883 0.037278221176949095 0.03290113748240243 0.028524053787863223 0.024146970093324015 0.01976988639878481 0.015392802704245603 0.011015719009706396 0.006638635315167195
1.0271585394686458 1.0271585394686458 0.3194012247161825 0.34765547936290825 0.3759097340095858 0.40416398865626346 0.43241824330294104 0.4606724979496186 0.48892675259629625 0.5171810072429738 0.5454352618896514 0.5736895165363289 0.6019437711830067 0.6301980258296842 0.7053735260475045 0.8307088984130065 0.9560442707787222 1.0813796431442242 1.2067150155097264 1.3320503878752283 1.4573857602407303 1.5827211326062325 1.7080565049717342 1.8333918773372364 1.9587272497027386 2.0840626220682403 2.0649964206550733 1.8915616724472941 1.718126924239515 1.54469217603144 1.371257427823661 1.1978226796158817 1.0243879314081024 0.8509531832003232 0.677518434992544 0.5040836867847649 0.33064893857698574 0.15721419036920659 0.06488106336644409 0.05924740302821077 0.05361374268997745 0.04798008235174413 0.0423464220135012 0.03671276167526788 0.031079101337034565 0.025445440998801243 0.01981178066056792 0.014178120322334599 0.008544459984101284
1.0271585394686458 1.0271585394686458 0.2769087845921198 0.3014041550176193 0.325899525443077 0.35039489586853473 0.3748902662939924 0.39938563671945015 0.42388100714490784 0.4483763775703655 0.4728717479958232 0.49736711842128095 0.5218624888467387 0.5463578592721964 0.6136058649370275 0.7265574040754526 0.8395089432140703 0.9524604823524954 1.0654120214909204 1.1783635606293457 1.2913150997677705 1.4042666389061957 1.5172181780446208 1.6301697171830458 1.743121256321471 1.856072795459896 1.8406558232735475 1.6880100105084532 1.535364197743359 1.3827183849780043 1.23007257221291 1.0774267594478157 0.9247809466827215 0.7721351339176272 0.619489321152533 0.4668435083874387 0.31419769562234445 0.1615518828572502 0.07935265447232148 0.07246241749039405 0.06557218050846661 0.058681943526539174 0.05179170654459999 0.044901469562672554 0.03801123258074512 0.03112099559881768 0.024230758616890245 0.017340521634962816 0.01045028465303538
1.0271585394686458 1.0271585394686458 0.2344163444680572 0.25515283067233036 0.2758893168765682 0.296625803080806 0.31736228928504384 0.33809877548928163 0.3588352616935194 0.3795717478977573 0.4003082341019951 0.4210447203062329 0.4417812065104707 0.46251769271470855 0.5218382038265506 0.6224059097378987 0.7229736156494182 0.8235413215607663 0.9241090274721144 1.0246767333834625 1.1252444392948107 1.2258121452061588 1.326379851117507 1.426947557028855 1.5275152629402031 1.6280829688515515 1.6163152258920215 1.4844583485696121 1.3526014712472028 1.2207445939245687 1.0888877166021593 0.95703083927975 0.8251739619573406 0.6933170846349312 0.5614602073125219 0.4296033299901125 0.29774645266770317 0.1658895753452938 0.09382424557819888 0.08567743195257732 0.07753061832695578 0.06938380470133422 0.06123699107569878 0.05309017745007723 0.04494336382445568 0.03679655019883413 0.028649736573212584 0.020502922947591026 0.012356109321969483
1.0271585394686458 1.0271585394686458 0.19192390434395834 0.20890150632700202 0.22587910831001673 0.24285671029303146 0.2598343122760462 0.27681191425906093 0.2937895162420756 0.31076711822509034 0.3277447202081051 0.3447223221911198 0.36169992417413455 0.3786775261571492 0.43007054271599526 0.5182544154002559 0.6064382880846668 0.6946221607689276 0.7828060334531881 0.8709899061374488 0.9591737788217094 1.04735765150597 1.1355415241902307 1.2237253968744912 1.3119092695587518 1.4000931422430125 1.3919746285103043 1.2809066866305976 1.1698387447508911 1.058770802870995 0.9477028609912883 0.8366349191115816 0.7255669772318749 0.6144990353521682 0.5034310934724615 0.3923631515927548 0.2812952097130481 0.17022726783334163 0.10829583668408861 0.09889244641477188 0.08948905614545513 0.0800856658761384 0.07068227560680562 0.06127888533748888 0.05187549506817215 0.04247210479885541 0.033068714529538676 0.02366532426022193 0.014261933990905196
1.0271585394686458 1.0271585394686458 0.1494314642198957 0.16265018198171308 0.17586889974350792 0.18908761750530276 0.2023063352670976 0.2155250530288924 0.22874377079068725 0.2419624885524821 0.25518120631427693 0.26839992407607177 0.2816186418378666 0.29483735959966145 0.33830288160551825 0.41410292106270197 0.48990296052001486 0.5657029999771985 0.6415030394343821 0.7173030788915659 0.7931031183487496 0.8689031578059332 0.9447031972631169 1.0205032367203004 1.0963032761774842 1.1721033156346679 1.1676340311287785 1.0773550246917567 0.987076018254735 0.8967970118175594 0.8065180053805376 0.7162389989435158 0.6259599925064941 0.5356809860694725 0.44540197963245076 0.35512297319542896 0.26484396675840727 0.17456496032138547 0.12276742778996601 0.11210746087695515 0.1014474939639443 0.09078752705093344 0.08012756013790441 0.06946759322489357 0.0588076263118827 0.04814765939887185 0.03748769248586101 0.026827725572850153 0.0161677586598393
1.0271585394686458 1.0271585394686458 0.10693902409583306 0.11639885763642414 0.12585869117699908 0.13531852471757402 0.144778358258149 0.15423819179872394 0.1636980253392989 0.17315785887987384 0.18261769242044879 0.19207752596102373 0.20153735950159868 0.21099719304217363 0.24653522049504126 0.30995142672514797 0.37336763295536285 0.4367838391854696 0.5002000454155763 0.5636162516456831 0.6270324578757898 0.6904486641058964 0.7538648703360032 0.8172810765661099 0.8806972827962167 0.9441134890263234 0.9432934337472527 0.8738033627529159 0.8043132917585791 0.7348232207641238 0.665333149769787 0.5958430787754502 0.5263530077811134 0.4568629367867766 0.3873728657924398 0.3178827947981029 0.2483927238037661 0.1789026528094293 0.1372390188958434 0.12532247533913843 0.11340593178243345 0.10148938822572848 0.0895728446690032 0.07765630111229822 0.06573975755559326 0.053823213998888286 0.04190667044218331 0.02999012688547835 0.018073583328773374
1.0271585394686458 1.0271585394686458 0.06444658397177043 0.07014753329113521 0.07584848261049026 0.08154943192984533 0.0872503812492004 0.09295133056855545 0.0986522798879105 0.10435322920726557 0.11005417852662064 0.11575512784597569 0.12145607716533074 0.1271570264846858 0.15476755938456427 0.2057999323875941 0.2568323053907109 0.30786467839374065 0.3588970513967704 0.4099294243998003 0.46096179740283005 0.5119941704058598 0.5630265434088896 0.6140589164119193 0.6650912894149492 0.716123662417979 0.7189528363657269 0.6702517008140751 0.6215505652624232 0.5728494297106883 0.5241482941590364 0.4754471586073845 0.4267460230557326 0.3780448875040807 0.3293437519524288 0.2806426164007769 0.23194148084912503 0.18324034529747313 0.15171061000172079 0.1385374898013217 0.12536436960092262 0.11219124940052352 0.09901812920010199 0.0858450089997029 0.07267188879930382 0.05949876859890474 0.046325648398505656 0.03315252819810656 0.019979407997707477
1.0271585394686458 1.0271585394686458 0.0219541438477078 0.02389620894584628 0.025838274043981452 0.02778033914211662 0.02972240424025179 0.03166446933838696 0.03360653443652213 0.035548599534657305 0.03749066463279247 0.03943272973092764 0.04137479482906281 0.043316859927197984 0.06299989827408728 0.10164843805004012 0.14029697782605885 0.17894551760201172 0.2175940573779645 0.25624259715391734 0.2948911369298702 0.333539676705823 0.37218821648177586 0.4108367562577287 0.44948529603368154 0.4881338358096344 0.4946122389842011 0.46670003887523415 0.4387878387662672 0.41087563865725263 0.38296343854828574 0.35505123843931874 0.3271390383303518 0.29922683822138485 0.2713146381124179 0.24340243800345096 0.21549023789448402 0.18757803778551707 0.16618220110759818 0.15175250426350498 0.13732280741941177 0.12289311057531857 0.10846341373120078 0.09403371688710757 0.07960402004301438 0.06517432319892118 0.05074462635482799 0.036314929510734784 0.02188523266664158
1.0271585394686458 1.0271585394686458 0.0 0.0 0.0 0.0 0.0 0.0 0.0 0.0 0.0 0.0 0.0 0.0 0.015768411860940662 0.0483936124385733 0.08101881301626157 0.11364401359389421 0.14626921417152686 0.17889441474915949 0.21151961532679212 0.24414481590442477 0.2767700164820574 0.30939521705969003 0.34202041763732266 0.3746456182149553 0.38272839231943767 0.3645747577038825 0.34642112308832734 0.32826748847274123 0.31011385385718604 0.2919602192416309 0.27380658462607577 0.2556529500105206 0.23749931539496544 0.2193456807794103 0.20119204616385514 0.18303841154829997 0.16690196583459743 0.1529219406628484 0.13894191549109933 0.12496189031935029 0.1109818651475774 0.09700183997582836 0.0830218148040793 0.06904178963233025 0.0550617644605812 0.04108173928883216 0.027101714117083092
1.0271585394686458 1.0271585394686458 0.0 0.0 0.0 0.0 0.0 0.0 0.0 0.0 0.0 0.0 0.0 0.0 0.01614328834058679 0.049544116828509316 0.0829449453164888 0.11634577380441133 0.14974660229233386 0.1831474307802564 0.21654825926817892 0.24994908775610142 0.28334991624402395 0.3167507447319465 0.350151573219869 0.38355240170779153 0.3910537221443585 0.37086788297481804 0.3506820438052776 0.3304962046357028 0.31031036546616236 0.2901245262966219 0.26993868712708147 0.24975284795754107 0.22956700878800063 0.2093811696184602 0.18919533044891976 0.16900949127937934 0.15292189516977708 0.14121541354690068 0.12950893192402424 0.1178024503011478 0.10609596867825141 0.09438948705537499 0.08268300543249857 0.07097652380962213 0.05927004218674571 0.047563560563869275 0.035857078940992854
1.0271585394686458 1.0271585394686458 0.0 0.0 0.0 0.0 0.0 0.0 0.0 0.0 0.0 0.0 0.0 0.0 0.016518164820232595 0.05069462121844435 0.08487107761671438 0.11904753401492614 0.1532239904131379 0.18740044681134965 0.2215769032095614 0.2557533596077731 0.2899298160059849 0.32410627240419665 0.3582827288024084 0.3924591852006202 0.3993790519692722 0.3771610082457482 0.35494296452222424 0.33272492079866234 0.3105068770751384 0.2882888333516144 0.26607078962809044 0.2438527459045665 0.2216347021810425 0.19941665845751855 0.17719861473399456 0.15498057101047058 0.13894182450496864 0.1295088864309629 0.12007594835695716 0.11064301028295141 0.10121007220892958 0.09177713413492385 0.0823441960609181 0.07291125798691235 0.06347831991290662 0.05404538183890087 0.04461244376489512
1.0271585394686458 1.0271585394686458 0.0 0.0 0.0 0.0 0.0 0.0 0.0 0.0 0.0 0.0 0.0 0.0 0.0168930412998784 0.051845125608379374 0.08679720991693994 0.12174929422544091 0.1567013785339419 0.19165346284244286 0.22660554715094383 0.26155763145944483 0.29650971576794577 0.33146180007644677 0.3664138843849477 0.4013659686934487 0.4077043817941859 0.38345413351667834 0.35920388523917085 0.33495363696162195 0.31070338868411446 0.28645314040660697 0.2622028921290994 0.23795264385159193 0.2137023955740844 0.18945214729657692 0.1652018990190694 0.1409516507415619 0.1249617538401602 0.11780235931502514 0.11064296478989008 0.10348357026475502 0.09632417573960776 0.0891647812144727 0.08200538668933766 0.0748459921642026 0.06768659763906754 0.060527203113932476 0.05336780858879743
1.0271585394686458 1.0271585394686458 0.0 0.0 0.0 0.0 0.0 0.0 0.0 0.0 0.0 0.0 0.0 0.0 0.01726791777952421 0.05299562999831441 0.08872334221716555 0.12445105443595575 0.16017876665474595 0.19590647887353616 0.23163419109232636 0.2673619033111166 0.30308961552990676 0.338817327748697 0.37454503996748717 0.4102727521862774 0.41602971161909963 0.3897472587876086 0.3634648059561175 0.3371823531245816 0.31089990029309056 0.28461744746159956 0.25833499463010845 0.23205254179861742 0.20577008896712637 0.17948763613563531 0.15320518330414423 0.12692273047265318 0.11098168317535176 0.10609583219908739 0.10120998122282301 0.09632413024655864 0.09143827927028594 0.08655242829402157 0.0816665773177572 0.07678072634149283 0.07189487536522846 0.06700902438896408 0.06212317341269972
1.0271585394686458 1.0271585394686458 0.0 0.0 0.0 0.0 0.0 0.0 0.0 0.0 0.0 0.0 0.0 0.0 0.01764279425917001 0.05414613438824944 0.09064947451739111 0.12715281464647055 0.16365615477554996 0.2001594949046294 0.2366628350337088 0.27316617516278824 0.30966951529186765 0.34617285542094706 0.3826761955500265 0.41917953567910593 0.4243550414440133 0.3960403840585387 0.36772572667306413 0.3394110692875412 0.3110964119020666 0.28278175451659204 0.2544670971311175 0.22615243974564286 0.19783778236016827 0.16952312497469368 0.14120846758921907 0.1128938102037445 0.09700161251054332 0.09438930508314963 0.09177699765575595 0.08916469022836226 0.08655238280096413 0.08394007537357043 0.08132776794617674 0.07871546051878306 0.07610315309138938 0.07349084566399569 0.070878538236602
1.0271585394686458 1.0271585394686458 0.0 0.0 0.0 0.0 0.0 0.0 0.0 0.0 0.0 0.0 0.0 0.0 0.018017670738815824 0.05529663877818448 0.09257560681761672 0.12985457485698537 0.16713354289635401 0.20441251093572269 0.24169147897509133 0.27897044701446 0.31624941505382864 0.3535283830931973 0.390807351132566 0.4280863191719346 0.43268037126892706 0.4023335093294689 0.37198664739001075 0.3416397854505009 0.31129292351104276 0.28094606157158464 0.2505991996321265 0.22025233769266833 0.1899054757532102 0.15955861381375208 0.12921175187429396 0.09886488993483578 0.08302154184573488 0.08268277796721188 0.08234401408868888 0.08200525021016587 0.0816664863316423 0.0813277224531193 0.0809889585745963 0.08065019469607329 0.0803114308175503 0.0799726669390273 0.07963390306050429
1.0271585394686458 1.0271585394686458 0.0 0.0 0.0 0.0 0.0 0.0 0.0 0.0 0.0 0.0 0.0 0.0 0.018392547218461626 0.0564471431681195 0.09450173911784228 0.13255633506750014 0.17061093101715802 0.2086655269668159 0.24672012291647377 0.28477471886613165 0.3228293148157895 0.3608839107654474 0.3989385067151053 0.43699310266476316 0.44100570109384074 0.40862663460039905 0.37624756810695736 0.3438685016134605 0.3114894351200188 0.2791103686265771 0.24673130213313546 0.2143522356396938 0.1819731691462521 0.14959410265281042 0.11721503615936879 0.0848359696659271 0.06904147118092643 0.07097625085127411 0.0729110305216218 0.07484581019196948 0.07678058986232048 0.07871536953266815 0.08065014920301583 0.08258492887336352 0.08451970854371121 0.08645448821405889 0.08838926788440658
1.0271585394686458 1.0271585394686458 0.0 0.0 0.0 0.0 0.0 0.0 0.0 0.0 0.0 0.0 0.0 0.0 0.01876742369810775 0.05759764755805551 0.0964278714180695 0.13525809527801724 0.17408831913796502 0.21291854299791277 0.2517487668578605 0.2905789907178083 0.32940921457775607 0.3682394384377038 0.40706966229765157 0.44589988615759935 0.44933103091876153 0.41491975987133456 0.38050848882390764 0.346097217776422 0.311685946728995 0.27727467568156805 0.24286340463414113 0.20845213358671416 0.17404086253928724 0.13962959149186027 0.10521832044443336 0.07080704939700638 0.05506140051610607 0.05926972373532638 0.06347804695454669 0.067686370173767 0.07189469339299448 0.07610301661221479 0.0803113398314351 0.08451966305065542 0.08872798626987571 0.09293630948909604 0.09714463270831633
1.0271585394686458 1.0271585394686458 0.0 0.0 0.0 0.0 0.0 0.0 0.0 0.0 0.0 0.0 0.0 0.0 0.01914230017775356 0.05874815194799055 0.09835400371829509 0.1379598554885321 0.17756570725876908 0.2171715590290061 0.25677741079924304 0.29638326256948005 0.33598911433971707 0.3755949661099541 0.41520081788019103 0.45480666965042804 0.4576563607436753 0.42121288514226474 0.38476940954085426 0.3483259339393816 0.3118824583379711 0.27543898273656064 0.23899550713515016 0.20255203153373968 0.16610855593232915 0.12966508033091867 0.09322160472950819 0.05677812912809771 0.04108132985129763 0.047563196619388626 0.05404506338747962 0.06052693015557062 0.06700879692367268 0.07349066369176366 0.07997253045985467 0.08645439722794565 0.09293626399603666 0.09941813076412764 0.10589999753221865
1.0271585394686458 1.0271585394686458 0.0 0.0 0.0 0.0 0.0 0.0 0.0 0.0 0.0 0.0 0.0 0.0 0.019517176657399365 0.05989865633792558 0.10028013601852065 0.14066161569904687 0.18104309537957308 0.2214245750600993 0.2618060547406255 0.3021875344211517 0.34256901410167795 0.38295049378220414 0.4233319734627304 0.46371345314325657 0.46598169056858896 0.4275060104131949 0.38903033025780087 0.3505546501023412 0.3120789699469472 0.2736032897915532 0.23512760963615917 0.19665192948076515 0.1581762493253711 0.11970056916997707 0.08122488901458308 0.042749208859189036 0.027101259186489188 0.03585666950345087 0.044612079820412556 0.053367490137374234 0.06212290045435084 0.07087831077131253 0.07963372108827421 0.08838913140523588 0.09714454172219757 0.10589995203915925 0.11465536235612094
1.0271585394686458 1.0271585394686458 0.0 0.0 0.0 0.0 0.0 0.0 0.0 0.0 0.0 0.0 0.0 0.0 0.019892053137045174 0.061049160727860624 0.10220626831874625 0.1433633759095617 0.18452048350037714 0.2256775910911926 0.26683469868200804 0.30799180627282347 0.34914891386363894 0.39030602145445437 0.43146312904526984 0.47262023663608527 0.4743070203935027 0.4337991356841251 0.39329125097474754 0.35278336626530094 0.31227548155592333 0.2717675968465457 0.23125971213716817 0.19075182742779062 0.15024394271841307 0.10973605800903546 0.06922817329965791 0.028720288590280363 0.013121188521680746 0.02415014238751311 0.035179096253345477 0.04620805011917785 0.05723700398502902 0.06826595785086138 0.07929491171669376 0.09032386558252613 0.10135281944835849 0.11238177331419086 0.12341072718002322
0.2197369321630544 0.18499923156525944 0.16569354784868756 0.162885038979782 0.1600765301108812 0.15726802124198042 0.15445951237307964 0.15165100350417887 0.14884249463527807 0.1460339857663773 0.14322547689747653 0.14041696802857573 0.13760845915967496 0.13479995029077418 0.14818585030818512 0.178883939491867 0.20958202867560127 0.24028011785928316 0.27097820704296505 0.30167629622664693 0.3323743854103288 0.3630724745940107 0.39377056377769265 0.42446865296137454 0.4551667421450564 0.48586483132873837 0.48244055962074034 0.442538712729777 0.4026368658388137 0.3627350189477823 0.322833172056819 0.2829313251658557 0.24302947827489235 0.20312763138392903 0.1632257844929657 0.12332393760200239 0.08342209071103907 0.043520243820075744 0.028539080060674224 0.04019868999136115 0.05185829992204807 0.063517909852735 0.07517751978344181 0.08683712971412873 0.09849673964481565 0.11015634957550258 0.1218159595061895 0.13347556943687644 0.14513517936756334
