Figures/CREST_Example_wjb_NSE/Rolling_result/20100722/BJP_forecast/ens_48/wjb.rain.20090829.asc
ncols            288
nrows            254
xllcorner        113.274861
yllcorner        31.4918055
cellsize         0.008333333333
NODATA_value     -9999
[rows 120 to 139 of 254, columns 180 to 224 of 288]
74.94987845534592 74.94987845534592 74.94987845534592 74.69258206313816 74.16023000631388 73.62787794948962 73.09552589266534 72.56317383584106 72.03082177901678 71.49846972219251 70.96611766536823 70.43376560854395 69.90141355171967 69.36906149489539 68.83670943807113 68.25960846759268 67.63466989588085 67.009731324169 66.38479275245716 65.75985418074531 65.13491560903347 64.50997703732162 63.88503846560978 63.26009989389794 62.63516132218609 62.01022275047425 61.385284178762404 61.062390912355035 61.062390912355035 61.062390912355035 61.062390912355035 61.062390912355035 61.062390912355035 61.062390912355035 61.062390912355035 61.062390912355035 61.062390912355035 61.062390912355035 61.062390912355035 60.66121786570743 59.83118175315443 59.00114564060002 58.171109528047026 57.34107341549402 56.51103730294103
74.74476673824012 74.74476673824012 74.74476673824012 74.47255700568577 73.90934891026917 73.34614081485257 72.78293271943599 72.21972462401939 71.65651652860281 71.09330843318621 70.53010033776961 69.96689224235303 69.40368414693643 68.84047605151983 68.27726795610324 67.69115616972282 67.08055981945951 66.4699634691962 65.8593671189329 65.24877076866959 64.63817441840628 64.02757806814297 63.416981717879665 62.80638536761636 62.19578901735305 61.58519266708974 60.974596316826435 60.659113389515866 60.659113389515866 60.659113389515866 60.659113389515866 60.659113389515866 60.659113389515866 60.659113389515866 60.659113389515866 60.659113389515866 60.659113389515866 60.659113389515866 60.659113389515866 60.24098219733827 59.375859297900035 58.51073639846033 57.645613499022105 56.78049059958387 55.91536770014564
73.86778401491257 73.86778401491257 73.86778401491257 73.59280785288713 73.02387595230422 72.45494405172131 71.88601215113839 71.31708025055548 70.74814834997257 70.17921644938966 69.61028454880675 69.04135264822384 68.47242074764091 67.903488847058 67.33455694647509 66.7624328662066 66.18689627362639 65.61135968104617 65.03582308846596 64.46028649588575 63.88474990330553 63.309213310725326 62.73367671814511 62.1581401255649 61.58260353298469 61.00706694040448 60.43153034782427 60.13416209640374 60.13416209640374 60.13416209640374 60.13416209640374 60.13416209640374 60.13416209640374 60.13416209640374 60.13416209640374 60.13416209640374 60.13416209640374 60.13416209640374 60.13416209640374 59.722082301057014 58.869479878612395 58.01687745616633 57.164275033721715 56.3116726112771 55.459070188832484
72.99080129158504 72.99080129158504 72.99080129158504 72.71305870008851 72.13840299433927 71.56374728859004 70.98909158284081 70.41443587709158 69.83978017134234 69.2651244655931 68.69046875984387 68.11581305409463 67.5411573483454 66.96650164259616 66.39184593684692 65.83370956269034 65.29323272779324 64.75275589289612 64.21227905799901 63.67180222310189 63.13132538820478 62.590848553307666 62.05037171841055 61.50989488351344 60.969418048616326 60.42894121371921 59.8884643788221 59.60921080329162 59.60921080329162 59.60921080329162 59.60921080329162 59.60921080329162 59.60921080329162 59.60921080329162 59.60921080329162 59.60921080329162 59.60921080329162 59.60921080329162 59.60921080329162 59.20318240477576 58.36310045932476 57.52301851387233 56.682936568421326 55.84285462297033 55.00277267751933
72.11381856825676 72.11381856825676 72.11381856825676 71.83330954728913 71.25293003637357 70.67255052545802 70.09217101454246 69.5117915036269 68.93141199271133 68.35103248179577 67.7706529708802 67.19027345996464 66.6098939490491 66.02951443813353 65.44913492721797 64.90498625917333 64.39956918195934 63.89415210474535 63.38873502753137 62.88331795031738 62.37790087310339 61.8724837958894 61.36706671867542 60.86164964146143 60.35623256424744 59.85081548703346 59.345398409819474 59.084259510179045 59.084259510179045 59.084259510179045 59.084259510179045 59.084259510179045 59.084259510179045 59.084259510179045 59.084259510179045 59.084259510179045 59.084259510179045 59.084259510179045 59.084259510179045 58.68428250849406 57.85672104003669 57.02915957157791 56.20159810312053 55.374036634663156 54.54647516620579
71.23683584492922 71.23683584492922 71.23683584492922 70.95356039449051 70.36745707840862 69.78135376232675 69.19525044624486 68.60914713016298 68.02304381408109 67.43694049799922 66.85083718191733 66.26473386583545 65.67863054975356 65.09252723367169 64.5064239175898 63.976262955657084 63.505905636126194 63.0355483165953 62.56519099706441 62.09483367753353 61.62447635800264 61.15411903847175 60.68376171894086 60.21340439940997 59.743047079879084 59.27268976034819 58.8023324408173 58.55930821706692 58.55930821706692 58.55930821706692 58.55930821706692 58.55930821706692 58.55930821706692 58.55930821706692 58.55930821706692 58.55930821706692 58.55930821706692 58.55930821706692 58.55930821706692 58.1653826122128 57.35034162074905 56.5353006292839 55.72025963782015 54.90521864635639 54.090177654892635
70.35985312160169 70.35985312160169 70.35985312160169 70.07381124169189 69.48198412044368 68.89015699919548 68.29832987794727 67.70650275669907 67.11467563545087 66.52284851420266 65.93102139295446 65.33919427170626 64.74736715045806 64.15554002920985 63.56371290796165 63.047539652140856 62.61224209029306 62.17694452844527 61.74164696659747 61.30634940474968 60.87105184290189 60.4357542810541 60.000456719206305 59.565159157358515 59.12986159551072 58.69456403366293 58.25926647181514 58.034356923954796 58.034356923954796 58.034356923954796 58.034356923954796 58.034356923954796 58.034356923954796 58.034356923954796 58.034356923954796 58.034356923954796 58.034356923954796 58.034356923954796 58.034356923954796 57.64648271593155 56.84396220146141 56.0414416869899 55.23892117251976 54.43640065804962 53.633880143579475
69.48287039827414 69.48287039827414 69.48287039827414 69.19406208889325 68.59651116247872 67.9989602360642 67.40140930964968 66.80385838323515 66.20630745682062 65.60875653040611 65.01120560399158 64.41365467757706 63.81610375116254 63.218552824748016 62.62100189833349 62.11881634862461 61.71857854445992 61.31834074029523 60.91810293613053 60.517865131965834 60.11762732780114 59.71738952363644 59.317151719471745 58.91691391530705 58.51667611114235 58.116438306977656 57.71620050281297 57.509405630842664 57.509405630842664 57.509405630842664 57.509405630842664 57.509405630842664 57.509405630842664 57.509405630842664 57.509405630842664 57.509405630842664 57.509405630842664 57.509405630842664 57.509405630842664 57.127582819650286 56.33758278217376 55.547582744695895 54.75758270721937 53.96758266974284 53.17758263226632
68.60588767494662 68.60588767494662 68.60588767494662 68.31431293609462 67.71103820451378 67.10776347293293 66.50448874135209 65.90121400977125 65.2979392781904 64.69466454660956 64.09138981502872 63.488115083447866 62.88484035186702 62.28156562028617 61.678290888705334 61.19009304510838 60.82491499862678 60.459736952145185 60.09455890566358 59.72938085918199 59.364202812700384 58.99902476621879 58.63384671973719 58.26866867325559 57.903490626773994 57.53831258029239 57.173134533810796 56.98445433773054 56.98445433773054 56.98445433773054 56.98445433773054 56.98445433773054 56.98445433773054 56.98445433773054 56.98445433773054 56.98445433773054 56.98445433773054 56.98445433773054 56.98445433773054 56.60868292336903 55.83120336288612 55.05372380240189 54.27624424191898 53.49876468143607 52.72128512095317
67.72890495161907 67.72890495161907 67.72890495161907 67.434563783296 66.82556524654883 66.21656670980167 65.6075681730545 64.99856963630734 64.38957109956017 63.780572562813 63.171574026065834 62.56257548931867 61.9535769525715 61.34457841582434 60.73557987907717 60.26136974159214 59.93125145279364 59.601133163995144 59.27101487519664 58.94089658639814 58.61077829759964 58.280660008801135 57.95054172000263 57.62042343120413 57.29030514240563 56.96018685360713 56.63006856480863 56.459503044618415 56.459503044618415 56.459503044618415 56.459503044618415 56.459503044618415 56.459503044618415 56.459503044618415 56.459503044618415 56.459503044618415 56.459503044618415 56.459503044618415 56.459503044618415 56.089783027087776 55.32482394359848 54.559864860107886 53.79490577661859 53.029946693129304 52.26498760964001
66.85192222829154 66.85192222829154 66.85192222829154 66.55481463049738 65.94009228858388 65.32536994667039 64.71064760475691 64.09592526284342 63.48120292092994 62.866480579016454 62.25175823710296 61.63703589518948 61.02231355327599 60.4075912113625 59.792868869449016 59.332646438075905 59.0375879069605 58.7425293758451 58.44747084472969 58.15241231361429 57.85735378249888 57.56229525138348 57.26723672026808 56.97217818915267 56.67711965803727 56.38206112692187 56.08700259580646 55.93455175150629 55.93455175150629 55.93455175150629 55.93455175150629 55.93455175150629 55.93455175150629 55.93455175150629 55.93455175150629 55.93455175150629 55.93455175150629 55.93455175150629 55.93455175150629 55.57088313080652 54.81844452431084 54.06600591781388 53.31356731131821 52.561128704822536 51.808690098326856
65.97493950496325 65.97493950496325 65.97493950496325 65.67506547769798 65.05461933061817 64.43417318353836 63.813727036458545 63.193280889378734 62.57283474229892 61.95238859521911 61.3319424481393 60.71149630105948 60.09105015397967 59.47060400689986 58.85015785982005 58.40392313455887 58.1439243611266 57.88392558769432 57.62392681426205 57.36392804082977 57.10392926739749 56.84393049396522 56.58393172053294 56.32393294710066 56.063934173668386 55.80393540023611 55.543936626803834 55.40960045839372 55.40960045839372 55.40960045839372 55.40960045839372 55.40960045839372 55.40960045839372 55.40960045839372 55.40960045839372 55.40960045839372 55.40960045839372 55.40960045839372 55.40960045839372 55.051983234524826 54.312065105022775 53.57214697551946 52.832228846017415 52.092310716515364 51.35239258701331
65.09795678163572 65.09795678163572 65.09795678163572 64.79531632489936 64.16914637265323 63.54297642040709 62.916806468160964 62.29063651591483 61.6644665636687 61.03829661142256 60.41212665917642 59.78595670693029 59.159786754684156 58.533616802438026 57.90744685019189 57.47519983104264 57.25026081529346 57.02532179954428 56.8003827837951 56.57544376804592 56.35050475229674 56.125565736547564 55.900626720798385 55.6756877050492 55.45074868930002 55.22580967355084 55.00087065780166 54.884649165281594 54.884649165281594 54.884649165281594 54.884649165281594 54.884649165281594 54.884649165281594 54.884649165281594 54.884649165281594 54.884649165281594 54.884649165281594 54.884649165281594 54.884649165281594 54.533083338243564 53.805685685735135 53.07828803322546 52.350890380717026 51.62349272820859 50.89609507570016
64.32639079613429 64.32639079613429 64.32639079613429 64.0272174360314 63.408220985163176 62.789224534294945 62.17022808342672 61.55123163255849 60.93223518169027 60.313238730822036 59.69424227995381 59.07524582908558 58.45624937821736 57.83725292734913 57.2182564764809 56.79585995577578 56.58363320890723 56.371406462038685 56.15917971517013 55.94695296830159 55.734726221433036 55.52249947456449 55.31027272769594 55.09804598082739 54.88581923395884 54.67359248709029 54.461365740221744 54.35171242289219 54.35171242289219 54.35171242289219 54.35171242289219 54.35171242289219 54.35171242289219 54.35171242289219 54.35171242289219 54.35171242289219 54.35171242289219 54.35171242289219 54.35171242289219 54.00325065664907 53.28227537617402 52.56130009569773 51.84032481522268 51.11934953474762 50.39837425427257
63.667508657841424 63.667508657841424 63.667508657841424 63.37846564081295 62.78042909896531 62.18239255711766 61.58435601527002 60.98631947342238 60.388282931574736 59.790246389727095 59.192209847879454 58.594173306031806 57.996136764184165 57.398100222336524 56.80006368048888 56.383095244042806 56.1596927093227 55.93629017460259 55.71288763988248 55.48948510516237 55.266082570442265 55.04268003572215 54.81927750100204 54.59587496628193 54.372472431561825 54.149069896841716 53.92566736212161 53.81023973863236 53.81023973863236 53.81023973863236 53.81023973863236 53.81023973863236 53.81023973863236 53.81023973863236 53.81023973863236 53.81023973863236 53.81023973863236 53.81023973863236 53.81023973863236 53.46173151676335 52.74066011854698 52.019588720329374 51.298517322113 50.57744592389663 49.85637452568026
63.00862651954856 63.00862651954856 63.00862651954856 62.72971384559449 62.15263721276743 61.57556057994037 60.998483947113314 60.421407314286256 59.8443306814592 59.26725404863214 58.69017741580508 58.11310078297802 57.536024150150965 56.95894751732391 56.38187088449685 55.97033053230982 55.73575220973816 55.50117388716649 55.266595564594816 55.03201724202315 54.79743891945148 54.562860596879815 54.328282274308144 54.09370395173648 53.85912562916481 53.62454730659314 53.38996898402147 53.26876705437253 53.26876705437253 53.26876705437253 53.26876705437253 53.26876705437253 53.26876705437253 53.26876705437253 53.26876705437253 53.26876705437253 53.26876705437253 53.26876705437253 53.26876705437253 52.92021237687763 52.19904486091994 51.47787734496102 50.756709829003334 50.03554231304564 49.31437479708795
62.3497443812557 62.3497443812557 62.3497443812557 62.080962050376044 61.52484532656957 60.96872860276309 60.41261187895662 59.85649515515015 59.300378431343674 58.7442617075372 58.18814498373072 57.63202825992425 57.07591153611777 56.5197948123113 55.96367808850482 55.55756582057684 55.31181171015361 55.066057599730385 54.82030348930716 54.57454937888393 54.3287952684607 54.083041158037474 53.83728704761425 53.59153293719102 53.34577882676779 53.100024716344564 52.854270605921336 52.7272943701127 52.7272943701127 52.7272943701127 52.7272943701127 52.7272943701127 52.7272943701127 52.7272943701127 52.7272943701127 52.7272943701127 52.7272943701127 52.7272943701127 52.7272943701127 52.37869323699191 51.657429603292904 50.936165969592665 50.21490233589366 49.49363870219465 48.77237506849565
61.690862242962275 61.690862242962275 61.690862242962275 61.432210255157045 60.897053440371174 60.3618966255853 59.826739810799424 59.29158299601355 58.75642618122768 58.22126936644181 57.68611255165594 57.15095573687006 56.61579892208419 56.08064210729832 55.545485292512446 55.14480110884352 54.88787121056872 54.63094131229392 54.37401141401912 54.117081515744324 53.860151617469526 53.60322171919473 53.34629182091993 53.08936192264513 52.832432024370334 52.57550212609554 52.318572227820745 52.18582168585241 52.18582168585241 52.18582168585241 52.18582168585241 52.18582168585241 52.18582168585241 52.18582168585241 52.18582168585241 52.18582168585241 52.18582168585241 52.18582168585241 52.18582168585241 51.83717409710573 51.115814345665406 50.394454594223845 49.67309484278353 48.9517350913432 48.23037533990288
61.03198010466941 61.03198010466941 61.03198010466941 60.78345845993859 60.269261554173305 59.755064648408016 59.24086774264273 58.72667083687744 58.21247393111215 57.69827702534686 57.18408011958157 56.669883213816284 56.155686308050996 55.64148940228571 55.12729249652042 54.732036397110534 54.46393071098417 54.19582502485782 53.927719338731464 53.6596136526051 53.39150796647875 53.123402280352394 52.85529659422603 52.58719090809968 52.31908522197332 52.05097953584696 51.78287384972061 51.64434900159258 51.64434900159258 51.64434900159258 51.64434900159258 51.64434900159258 51.64434900159258 51.64434900159258 51.64434900159258 51.64434900159258 51.64434900159258 51.64434900159258 51.64434900159258 51.29565495722001 50.57419908803836 49.852743218855494 49.131287349673855 48.40983148049221 47.68837561131057
60.37309796637655 60.37309796637655 60.37309796637655 60.13470666472014 59.641469667975436 59.14823267123073 58.65499567448603 58.161758677741325 57.66852168099662 57.17528468425191 56.68204768750721 56.1888106907625 55.695573694017796 55.2023366972731 54.70909970052839 54.31927168537755 54.03999021139963 53.760708737421716 53.4814272634438 53.20214578946589 52.92286431548797 52.64358284151005 52.364301367532136 52.08501989355422 51.8057384195763 51.52645694559838 51.24717547162047 51.10287631733275 51.10287631733275 51.10287631733275 51.10287631733275 51.10287631733275 51.10287631733275 51.10287631733275 51.10287631733275 51.10287631733275 51.10287631733275 51.10287631733275 51.10287631733275 50.75413581733429 50.032583830411326 49.311031843487136 48.589479856564175 47.86792786964122 47.14637588271826
