Figures/CREST_Example_wjb_NSE/Rolling_result/20100722/BJP_forecast/ens_48/wjb.rain.20091113.asc
ncols            288
nrows            254
xllcorner        113.274861
yllcorner        31.4918055
cellsize         0.008333333333
NODATA_value     -9999
[rows 38 to 56 of 254, columns 132 to 175 of 288]
0.797211104643279 0.8249650140710773 0.8527189234988755 0.870351019539866 0.8771626681468472 0.8839743167538282 0.8907859653608092 0.8975976139677904 0.9044092625747714 0.9112209111817524 0.9180325597887334 -9999.0 -9999.0 -9999.0 -9999.0 -9999.0 -9999.0 -9999.0 -9999.0 -9999.0 -9999.0 -9999.0 -9999.0 -9999.0 -9999.0 -9999.0 -9999.0 -9999.0 -9999.0 -9999.0 -9999.0 -9999.0 -9999.0 -9999.0 -9999.0 -9999.0 -9999.0 -9999.0 -9999.0 -9999.0 -9999.0 -9999.0 -9999.0 -9999.0
0.797211104643279 0.8249650140710773 0.8527189234988755 0.870351019539866 0.8771626681468472 0.8839743167538282 0.8907859653608092 0.8975976139677904 0.9044092625747714 0.9112209111817524 0.9180325597887334 -9999.0 -9999.0 -9999.0 -9999.0 -9999.0 -9999.0 -9999.0 -9999.0 -9999.0 -9999.0 -9999.0 -9999.0 -9999.0 -9999.0 -9999.0 -9999.0 -9999.0 -9999.0 -9999.0 -9999.0 -9999.0 -9999.0 -9999.0 -9999.0 -9999.0 -9999.0 -9999.0 -9999.0 -9999.0 -9999.0 -9999.0 -9999.0 -9999.0
0.797211104643279 0.8249650140710773 0.8527189234988755 0.870351019539866 0.8771626681468472 0.8839743167538282 0.8907859653608092 0.8975976139677904 0.9044092625747714 0.9112209111817524 0.9180325597887334 -9999.0 -9999.0 -9999.0 -9999.0 -9999.0 -9999.0 -9999.0 -9999.0 -9999.0 -9999.0 -9999.0 -9999.0 -9999.0 -9999.0 -9999.0 -9999.0 -9999.0 -9999.0 -9999.0 -9999.0 -9999.0 -9999.0 -9999.0 -9999.0 -9999.0 -9999.0 -9999.0 -9999.0 -9999.0 -9999.0 -9999.0 -9999.0 -9999.0
0.797211104643279 0.8249650140710773 0.8527189234988755 0.870351019539866 0.8771626681468472 0.8839743167538282 0.8907859653608092 0.8975976139677904 0.9044092625747714 0.9112209111817524 0.9180325597887334 0.9248442083957261 -9999.0 -9999.0 -9999.0 0.9487985968589783 0.9487985968589783 -9999.0 -9999.0 -9999.0 -9999.0 -9999.0 -9999.0 -9999.0 -9999.0 -9999.0 -9999.0 -9999.0 -9999.0 -9999.0 -9999.0 -9999.0 -9999.0 -9999.0 -9999.0 -9999.0 -9999.0 -9999.0 -9999.0 -9999.0 -9999.0 -9999.0 -9999.0 -9999.0
0.797211104643279 0.8249650140710773 0.8527189234988755 0.870351019539866 0.8771626681468472 0.8839743167538282 0.8907859653608092 0.8975976139677904 0.9044092625747714 0.9112209111817524 0.9180325597887334 0.9248442083957261 0.9316558570027073 0.9384675056096883 0.9452791542166693 0.9487985968589783 0.9487985968589783 -9999.0 -9999.0 0.9487985968589783 0.9487985968589783 0.9487985968589783 0.9487985968589783 -9999.0 -9999.0 -9999.0 -9999.0 -9999.0 -9999.0 -9999.0 -9999.0 -9999.0 -9999.0 -9999.0 -9999.0 -9999.0 -9999.0 -9999.0 -9999.0 -9999.0 -9999.0 -9999.0 -9999.0 -9999.0
0.797211104643279 0.8249650140710773 0.8527189234988755 0.870351019539866 0.8771626681468472 0.8839743167538282 0.8907859653608092 0.8975976139677904 0.9044092625747714 0.9112209111817524 0.9180325597887334 0.9248442083957261 0.9316558570027073 0.9384675056096883 0.9452791542166693 0.9487985968589783 0.9487985968589783 0.9487985968589783 0.9487985968589783 0.9487985968589783 0.9487985968589783 0.9487985968589783 0.9487985968589783 0.9487985968589783 -9999.0 -9999.0 -9999.0 -9999.0 -9999.0 -9999.0 -9999.0 -9999.0 -9999.0 -9999.0 -9999.0 -9999.0 -9999.0 -9999.0 -9999.0 -9999.0 -9999.0 -9999.0 -9999.0 -9999.0
0.797211104643279 0.8249650140710773 0.8527189234988755 0.870351019539866 0.8771626681468472 0.8839743167538282 0.8907859653608092 0.8975976139677904 0.9044092625747714 0.9112209111817524 0.9180325597887334 0.9248442083957261 0.9316558570027073 0.9384675056096883 0.9452791542166693 0.9487985968589783 0.9487985968589783 0.9487985968589783 0.9487985968589783 0.9487985968589783 0.9487985968589783 0.9487985968589783 0.9487985968589783 0.9487985968589783 0.9487985968589783 -9999.0 -9999.0 -9999.0 -9999.0 -9999.0 -9999.0 -9999.0 -9999.0 -9999.0 -9999.0 -9999.0 -9999.0 -9999.0 -9999.0 -9999.0 -9999.0 -9999.0 -9999.0 -9999.0
0.797211104643279 0.8249650140710773 0.8527189234988755 0.870351019539866 0.8771626681468472 0.8839743167538282 0.8907859653608092 0.8975976139677904 0.9044092625747714 0.9112209111817524 0.9180325597887334 0.9248442083957261 0.9316558570027073 0.9384675056096883 0.9452791542166693 0.9487985968589783 0.9487985968589783 0.9487985968589783 0.9487985968589783 0.9487985968589783 0.9487985968589783 0.9487985968589783 0.9487985968589783 0.9487985968589783 0.9487985968589783 -9999.0 0.9487985968589783 0.9231576746663978 0.8701060266279188 -9999.0 -9999.0 -9999.0 -9999.0 -9999.0 -9999.0 -9999.0 -9999.0 -9999.0 -9999.0 -9999.0 -9999.0 -9999.0 -9999.0 -9999.0
0.797211104643279 0.8249650140710773 0.8527189234988755 0.870351019539866 0.8771626681468472 0.8839743167538282 0.8907859653608092 0.8975976139677904 0.9044092625747714 0.9112209111817524 0.9180325597887334 0.9248442083957261 0.9316558570027073 0.9384675056096883 0.9452791542166693 0.9487985968589783 0.9487985968589783 0.9487985968589783 0.9487985968589783 0.9487985968589783 0.9487985968589783 0.9487985968589783 0.9487985968589783 0.9487985968589783 0.9487985968589783 0.9487985968589783 0.9487985968589783 0.9231576746663978 0.8701060266279188 -9999.0 -9999.0 -9999.0 -9999.0 -9999.0 -9999.0 -9999.0 -9999.0 -9999.0 -9999.0 -9999.0 -9999.0 -9999.0 -9999.0 -9999.0
0.797211104643279 0.8249650140710773 0.8527189234988755 0.870351019539866 0.8771626681468472 0.8839743167538282 0.8907859653608092 0.8975976139677904 0.9044092625747714 0.9112209111817524 0.9180325597887334 0.9248442083957261 0.9316558570027073 0.9384675056096883 0.9452791542166693 0.9487985968589783 0.9487985968589783 0.9487985968589783 0.9487985968589783 0.9487985968589783 0.9487985968589783 0.9487985968589783 0.9487985968589783 0.9487985968589783 0.9487985968589783 0.9487985968589783 0.9487985968589783 0.9231576746663978 -9999.0 -9999.0 -9999.0 -9999.0 -9999.0 -9999.0 -9999.0 -9999.0 -9999.0 -9999.0 -9999.0 -9999.0 -9999.0 -9999.0 -9999.0 -9999.0
0.797211104643279 0.8249650140710773 0.8527189234988755 0.870351019539866 0.8771626681468472 0.8839743167538282 0.8907859653608092 0.8975976139677904 0.9044092625747714 0.9112209111817524 0.9180325597887334 0.9248442083957261 0.9316558570027073 0.9384675056096883 0.9452791542166693 0.9487985968589783 0.9487985968589783 0.9487985968589783 0.9487985968589783 0.9487985968589783 0.9487985968589783 0.9487985968589783 0.9487985968589783 0.9487985968589783 0.9487985968589783 0.9487985968589783 0.9487985968589783 0.9231576746663978 0.8701060266279188 0.8170543785894399 0.7640027305509609 -9999.0 -9999.0 -9999.0 -9999.0 -9999.0 -9999.0 -9999.0 -9999.0 -9999.0 -9999.0 -9999.0 -9999.0 -9999.0
0.7869827182220135 0.8141026730925943 0.8412226279631752 0.8583848678049741 0.8649020850688807 0.8714193023327873 0.8779365195966938 0.8844537368606004 0.8909709541245069 0.8974881713884134 0.9040053886523199 0.9105226059162376 0.9170398231801442 0.9235570404440507 0.9300742577079573 0.9334415735621951 0.9334415735621951 0.9334415735621951 0.9334415735621951 0.9334415735621951 0.9334415735621951 0.9334415735621951 0.9334415735621951 0.9334415735621951 0.9334415735621951 0.9334415735621951 0.9334415735621951 0.9083230505249952 0.8563522581561639 0.8043814657873326 0.7524106734185012 0.7004398810496699 0.6484690886808386 0.5964982963120073 -9999.0 -9999.0 -9999.0 -9999.0 -9999.0 -9999.0 -9999.0 -9999.0 -9999.0 -9999.0
0.7658208316664883 0.7916291745321394 0.8174375173977906 0.8336276543902066 0.8395357117706365 0.8454437691510662 0.851351826531496 0.8572598839119258 0.8631679412923555 0.8690759986727853 0.8749840560532152 0.8808921134336549 0.8868001708140848 0.8927082281945146 0.8986162855749443 0.9016688606970055 0.9016688606970055 0.9016688606970055 0.9016688606970055 0.9016688606970055 0.9016688606970055 0.9016688606970055 0.9016688606970055 0.9016688606970055 0.9016688606970055 0.9016688606970055 0.9016688606970055 0.8776311485724515 0.827896578430855 0.7781620082892584 0.7284274381476619 0.6786928680060653 0.6289582978644688 0.5792237277228722 0.5294891575812757 0.4797545874396791 0.43002001729808254 -9999.0 -9999.0 -9999.0 -9999.0 -9999.0 -9999.0 -9999.0
0.7446589451109633 0.7691556759716849 0.7936524068324062 0.8088704409754393 0.8141693384723923 0.8194682359693453 0.8247671334662983 0.8300660309632513 0.8353649284602043 0.8406638259571573 0.8459627234541103 0.8512616209510723 0.8565605184480253 0.8618594159449783 0.8671583134419313 0.8698961478318157 0.8698961478318157 0.8698961478318157 0.8698961478318157 0.8698961478318157 0.8698961478318157 0.8698961478318157 0.8698961478318157 0.8698961478318157 0.8698961478318157 0.8698961478318157 0.8698961478318157 0.8469392466199078 0.799440898705546 0.7519425507911842 0.7044442028768223 0.6569458549624605 0.6094475070480987 0.5619491591337369 0.5144508112193751 0.46695246330501333 0.4194541153906515 0.37195576747620873 -9999.0 -9999.0 -9999.0 -9999.0 -9999.0 -9999.0
0.7234970585554382 0.74668217741123 0.7698672962670219 0.7841132275606718 0.788802965174148 0.7934927027876243 0.7981824404011005 0.8028721780145768 0.807561915628053 0.8122516532415293 0.8169413908550055 0.8216311284684897 0.826320866081966 0.8310106036954422 0.8357003413089185 0.838123434966626 0.838123434966626 0.838123434966626 0.838123434966626 0.838123434966626 0.838123434966626 0.838123434966626 0.838123434966626 0.838123434966626 0.838123434966626 0.838123434966626 0.838123434966626 0.8162473446673641 0.7709852189802371 0.72572309329311 0.680460967605983 0.6351988419188559 0.5899367162317288 0.5446745905446018 0.49941246485747465 0.4541503391703476 0.4088882134832205 0.36362608779601624 0.3183639621088892 0.29497792669925765 0.29497792669925765 -9999.0 -9999.0 -9999.0
0.7023351719998951 0.7242086788507561 0.7460821857016171 0.7593560141458833 0.7634365918758822 0.7675171696058811 0.7715977473358802 0.7756783250658791 0.779758902795878 0.7838394805258769 0.787920058255876 0.7920006359858818 0.7960812137158808 0.8001617914458797 0.8042423691758787 0.8063507221014092 0.8063507221014092 0.8063507221014092 0.8063507221014092 0.8063507221014092 0.8063507221014092 0.8063507221014092 0.8063507221014092 0.8063507221014092 0.8063507221014092 0.8063507221014092 0.8063507221014092 0.7855554427147944 0.742529539254904 0.6995036357950135 0.6564777323351231 0.6134518288752326 0.5704259254153422 0.5274000219554518 0.48437411849556133 0.4413482150356709 0.39832231157578046 0.3552964081158167 0.31227050465592626 0.2900398805619598 0.2900398805619598 -9999.0 -9999.0 -9999.0
0.6811732854443701 0.7017351802903014 0.7222970751362328 0.7345988007311158 0.738070218577638 0.7415416364241602 0.7450130542706823 0.7484844721172046 0.7519558899637268 0.7554273078102489 0.7588987256567711 0.7623701435032992 0.7658415613498214 0.7693129791963436 0.7727843970428658 0.7745780092362196 0.7745780092362196 0.7745780092362196 0.7745780092362196 0.7745780092362196 0.7745780092362196 0.7745780092362196 0.7745780092362196 0.7745780092362196 0.7745780092362196 0.7745780092362196 0.7745780092362196 0.7548635407622507 0.714073859529595 0.6732841782969393 0.6324944970642836 0.5917048158316279 0.5509151345989722 0.5101254533663167 0.4693357721336609 0.4285460909010052 0.3877564096683495 0.34696672843562426 0.30617704720296857 0.2851018344246662 0.2851018344246662 0.2851018344246662 -9999.0 -9999.0
0.660011398888845 0.6792616817298466 0.6985119645708483 0.7098415873163484 0.7127038452793938 0.7155661032424392 0.7184283612054846 0.72129061916853 0.7241528771315754 0.7270151350946208 0.7298773930576662 0.7327396510207165 0.735601908983762 0.7384641669468074 0.7413264249098528 0.7428052963710298 0.7428052963710298 0.7428052963710298 0.7428052963710298 0.7428052963710298 0.7428052963710298 0.7428052963710298 0.7428052963710298 0.7428052963710298 0.7428052963710298 0.7428052963710298 0.7428052963710298 0.7241716388097069 0.685618179804286 0.6470647207988651 0.6085112617934442 0.5699578027880232 0.5314043437826023 0.4928508847771813 0.45429742577176035 0.41574396676633946 0.3771905077609185 0.3386370487554318 0.30008358975001087 0.28016378828737254 0.28016378828737254 0.28016378828737254 0.28016378828737254 -9999.0
0.6388495123333199 0.6567881831693919 0.6747268540054638 0.685084373901581 0.6873374719811496 0.6895905700607182 0.6918436681402869 0.6940967662198555 0.6963498642994241 0.6986029623789928 0.7008560604585614 0.7031091585381339 0.7053622566177026 0.7076153546972712 0.7098684527768399 0.7110325835058401 0.7110325835058401 0.7110325835058401 0.7110325835058401 0.7110325835058401 0.7110325835058401 0.7110325835058401 0.7110325835058401 0.7110325835058401 0.7110325835058401 0.7110325835058401 0.7110325835058401 0.6934797368571634 0.6571625000789771 0.6208452633007909 0.5845280265226047 0.5482107897444185 0.5118935529662323 0.4755763161880461 0.43925907940985986 0.40294184263167365 0.36662460585348744 0.33030736907523933 0.2939901322970531 0.27522574215007894 0.27522574215007894 0.27522574215007894 0.27522574215007894 0.27522574215007894
