Figures/CREST_Example_wjb_NSE/Rolling_result/20100722/BJP_forecast/ens_18/wjb.rain.20100727.asc
ncols            288
nrows            254
xllcorner        113.274861
yllcorner        31.4918055
cellsize         0.008333333333
NODATA_value     -9999
[rows 110 to 131 of 254, columns 200 to 249 of 288]
0.09222514368185937 0.09124003667920043 0.09025492967654149 0.08926982267388255 0.0882847156712236 0.08729960866856466 0.08631450166590572 0.08844320295992512 0.09390063578602424 0.09935806861211406 0.10481550143820388 0.1102729342642937 0.11573036709038352 0.12118779991647335 0.12664523274256317 0.132102665568653 0.1375600983947428 0.14301753122083263 0.14847496404692245 0.18969328638270266 0.26914080891722325 0.3485883314518794 0.4280358539864 0.5074833765209206 0.5869308990554412 0.6663784215899619 0.7458259441244824 0.825273466659003 0.9047209891935236 0.9841685117280442 1.063616034262565 1.907056387976558 1.907056387976558 1.907056387976558 1.907056387976558 1.907056387976558 -9999.0 -9999.0 -9999.0 -9999.0 -9999.0 -9999.0 -9999.0 -9999.0 -9999.0 -9999.0 -9999.0 -9999.0 -9999.0 -9999.0
0.15439911817278495 0.15274989707706013 0.1511006759813353 0.1494514548856105 0.1478022337898857 0.14615301269416087 0.14450379159843604 0.14519114254460774 0.1483763418782762 0.1515615412119392 0.15474674054560222 0.15793193987926524 0.16111713921292825 0.16430233854659126 0.16748753788025428 0.1706727372139173 0.1738579365475803 0.17704313588124332 0.18022833521490633 0.21912403853665424 0.29619507879426 0.3732661190519972 0.45033715930960294 0.5274081995672086 0.6044792398248144 0.6815502800824202 0.7586213203400259 0.8356923605976317 0.9127634008552374 0.9898344411128432 1.066905481370449 1.907056387976558 1.907056387976558 1.907056387976558 1.907056387976558 1.907056387976558 1.907056387976558 -9999.0 -9999.0 -9999.0 -9999.0 -9999.0 -9999.0 -9999.0 -9999.0 -9999.0 -9999.0 -9999.0 -9999.0 -9999.0
0.21657309266365748 0.21425975747486734 0.2119464222860772 0.20963308709728706 0.2073197519084969 0.20500641671970676 0.20269308153091664 0.20193908212924183 0.20285204797048156 0.20376501381171971 0.2046779796529579 0.20559094549419604 0.2065039113354342 0.20741687717667237 0.20832984301791052 0.20924280885914867 0.21015577470038682 0.211068740541625 0.21198170638286315 0.24855479069058073 0.32324934867127364 0.3979439066520939 0.4726384646327868 0.5473330226134797 0.6220275805941726 0.6967221385748655 0.7714166965555584 0.8461112545362514 0.9208058125169443 0.9955003704976372 1.07019492847833 1.907056387976558 1.907056387976558 1.907056387976558 1.907056387976558 1.907056387976558 1.907056387976558 1.907056387976558 1.907056387976558 -9999.0 -9999.0 1.907056387976558 -9999.0 -9999.0 -9999.0 -9999.0 -9999.0 -9999.0 -9999.0 -9999.0
0.27874706715453 0.27576961787267457 0.2727921685908191 0.26981471930896367 0.2668372700271082 0.26385982074525277 0.2608823714633973 0.25868702171387603 0.25732775406268704 0.25596848641150033 0.2546092187603136 0.2532499511091269 0.2518906834579402 0.2505314158067535 0.2491721481555668 0.24781288050438008 0.24645361285319337 0.24509434520200668 0.24373507755081997 0.2779855428445072 0.35030361854828734 0.42262169425219076 0.49493976995597083 0.5672578456597509 0.639575921363531 0.711893997067311 0.7842120727710912 0.8565301484748713 0.9288482241786513 1.0011662998824313 1.0734843755862116 1.907056387976558 1.907056387976558 1.907056387976558 1.907056387976558 1.907056387976558 1.907056387976558 1.907056387976558 1.907056387976558 1.907056387976558 1.907056387976558 1.907056387976558 1.907056387976558 1.907056387976558 -9999.0 -9999.0 -9999.0 -9999.0 -9999.0 -9999.0
0.34092104164540254 0.3372794782704818 0.33363791489556105 0.3299963515206403 0.3263547881457195 0.3227132247707987 0.31907166139587795 0.31543496129851023 0.31180346015489246 0.30817195901128086 0.3045404578676693 0.30090895672405776 0.29727745558044616 0.2936459544368346 0.29001445329322306 0.28638295214961146 0.2827514510059999 0.27911994986238836 0.27548844871877676 0.3074162949984337 0.37735788842530094 0.44729948185228746 0.5172410752791547 0.587182668706022 0.6571242621328892 0.7270658555597564 0.7970074489866237 0.8669490424134909 0.9368906358403581 1.0068322292672254 1.0767738226940926 1.907056387976558 1.907056387976558 1.907056387976558 1.907056387976558 1.907056387976558 1.907056387976558 1.907056387976558 1.907056387976558 1.907056387976558 1.907056387976558 1.907056387976558 1.907056387976558 1.907056387976558 1.907056387976558 1.907056387976558 1.907056387976558 1.907056387976558 1.907056387976558 1.907056387976558
0.4030950161362751 0.39878933866828903 0.3944836612003029 0.3901779837323168 0.3858723062643307 0.3815666287963447 0.3772609513283586 0.3721829008831444 0.3662791662470979 0.36037543161106145 0.354471696975025 0.34856796233898857 0.34266422770295213 0.33676049306691574 0.3308567584308793 0.32495302379484287 0.3190492891588064 0.31314555452277 0.3072418198867336 0.3368470471523602 0.4044121583023146 0.4719772694523842 0.5395423806023386 0.607107491752293 0.6746726029022474 0.7422377140522018 0.8098028252021562 0.8773679363521105 0.944933047502065 1.0124981586520194 1.0800632698019736 1.907056387976558 1.907056387976558 1.907056387976558 1.907056387976558 1.907056387976558 1.907056387976558 1.907056387976558 1.907056387976558 1.907056387976558 1.907056387976558 1.907056387976558 1.907056387976558 1.907056387976558 1.907056387976558 1.907056387976558 1.907056387976558 1.907056387976558 1.907056387976558 1.907056387976558
0.4652689906271476 0.46029919906609623 0.4553294075050448 0.45035961594399343 0.445389824382942 0.44042003282189063 0.4354502412608392 0.4289308404677785 0.4207548723393033 0.412578904210842 0.4044029360823807 0.39622696795391943 0.3880509998254581 0.3798750316969968 0.37169906356853555 0.3635230954400743 0.355347127311613 0.34717115918315167 0.3389951910546904 0.3662777993062867 0.43146642817932823 0.496655057052481 0.5618436859255225 0.6270323147985641 0.6922209436716057 0.7574095725446472 0.8225982014176888 0.8877868302907304 0.9529754591637719 1.0181640880368135 1.0833527169098551 1.907056387976558 1.907056387976558 1.907056387976558 1.907056387976558 1.907056387976558 1.907056387976558 1.907056387976558 1.907056387976558 1.907056387976558 1.907056387976558 1.907056387976558 1.907056387976558 1.907056387976558 1.907056387976558 1.907056387976558 1.907056387976558 1.907056387976558 1.907056387976558 1.907056387976558
0.5274429651180201 0.5218090594639034 0.5161751538097867 0.51054124815567 0.5049073425015533 0.4992734368474366 0.4936395311933198 0.48567878005241266 0.47523057843150873 0.46478237681062257 0.4543341751897364 0.44388597356885023 0.4334377719479641 0.42298957032707796 0.4125413687061918 0.4020931670853056 0.3916449654644195 0.38119676384353335 0.3707485622226472 0.39570855146021316 0.4585206980563419 0.5213328446525777 0.5841449912487064 0.6469571378448351 0.7097692844409639 0.7725814310370926 0.8353935776332213 0.89820572422935 0.9610178708254787 1.0238300174216075 1.0866421640177362 1.907056387976558 1.907056387976558 1.907056387976558 1.907056387976558 1.907056387976558 1.907056387976558 1.907056387976558 1.907056387976558 1.907056387976558 1.907056387976558 1.907056387976558 1.907056387976558 1.907056387976558 1.907056387976558 1.907056387976558 1.907056387976558 1.907056387976558 1.907056387976558 1.907056387976558
0.5896169396089457 0.5833189198617631 0.5770209001145805 0.5707228803673979 0.5644248606202152 0.5581268408730327 0.5518288211258501 0.5424267196370952 0.5297062845237606 0.5169858494104476 0.5042654142971347 0.49154497918382173 0.4788245440705088 0.46610410895719584 0.4533836738438829 0.4406632387305699 0.427942803617257 0.415222368503944 0.4025019333906311 0.4251393036141648 0.4855749679333786 0.5460106322526955 0.6064462965719094 0.6668819608911233 0.7273176252103372 0.787753289529551 0.8481889538487648 0.9086246181679788 0.9690602824871926 1.0294959468064064 1.0899316111256203 1.907056387976558 1.907056387976558 1.907056387976558 1.907056387976558 1.907056387976558 1.907056387976558 1.907056387976558 1.907056387976558 1.907056387976558 1.907056387976558 1.907056387976558 1.907056387976558 1.907056387976558 1.907056387976558 1.907056387976558 1.907056387976558 1.907056387976558 1.907056387976558 1.907056387976558
0.6517909140998183 0.6448287802595704 0.6378666464193224 0.6309045125790745 0.6239423787388266 0.6169802448985787 0.6100181110583308 0.5991746592217294 0.5841819906159661 0.5691893220102282 0.5541966534044904 0.5392039847987526 0.5242113161930148 0.509218647587277 0.4942259789815392 0.47923331037580136 0.4642406417700635 0.44924797316432574 0.4342553045585879 0.4545700557680913 0.5126292378103923 0.5706884198527923 0.6287476018950933 0.6868067839373944 0.7448659659796953 0.8029251480219963 0.8609843300642974 0.9190435121065984 0.9771026941488994 1.0351618761912005 1.0932210582335014 1.907056387976558 1.907056387976558 1.907056387976558 1.907056387976558 1.907056387976558 1.907056387976558 1.907056387976558 1.907056387976558 1.907056387976558 1.907056387976558 1.907056387976558 1.907056387976558 1.907056387976558 1.907056387976558 1.907056387976558 1.907056387976558 1.907056387976558 1.907056387976558 1.907056387976558
0.7139648885906908 0.7063386406573776 0.6987123927240644 0.6910861447907511 0.6834598968574379 0.6758336489241247 0.6682074009908114 0.6559225988063636 0.6386576967081715 0.6213927946100088 0.6041278925118462 0.5868629904136835 0.5695980883155207 0.5523331862173582 0.5350682841191954 0.5178033820210327 0.50053847992287 0.48327357782470737 0.4660086757265447 0.4840008079220178 0.5396835076874059 0.5953662074528892 0.6510489072182772 0.7067316069836654 0.7624143067490536 0.8180970065144418 0.87377970627983 0.9294624060452182 0.9851451058106064 1.0408278055759945 1.0965105053413828 1.907056387976558 1.907056387976558 1.907056387976558 1.907056387976558 1.907056387976558 1.907056387976558 1.907056387976558 1.907056387976558 1.907056387976558 1.907056387976558 1.907056387976558 1.907056387976558 1.907056387976558 1.907056387976558 1.907056387976558 1.907056387976558 1.907056387976558 1.907056387976558 1.907056387976558
0.7848028827756782 0.7712611039586668 0.7577193251416552 0.7441775463246436 0.730635767507632 0.7170939886906206 0.703552209873609 0.688209887457433 0.6709427431888995 0.6536755989203955 0.6364084546518916 0.6191413103833875 0.6018741661148835 0.5846070218463795 0.5673398775778755 0.5500727333093716 0.5328055890408676 0.5155384447723635 0.4982713005038596 0.5131785449178977 0.5624809389795332 0.6117833330412528 0.6610857271028883 0.7103881211645237 0.7596905152261592 0.8089929092877947 0.85829530334943 0.9075976974110656 0.956900091472701 1.0062024855343366 1.055504879595972 1.0864956498610636 1.0979108798354003 1.1093261098097371 1.1207413397840933 1.13215656975843 1.1435717997327668 1.1549870297071034 1.1664022596814403 1.177817489655777 1.1892327196301138 1.2006479496044504 1.2120631795787873 1.2089610547492757 1.190339549029203 1.1717180433091303 1.1530965375890574 1.134475031868953 1.11585352614888 1.0972320204288073
0.8649021678114357 0.8398314246244534 0.8147606814374709 0.7896899382504885 0.7646191950635062 0.7395484518765236 0.7144777086895413 0.6943502823233023 0.6795073735016074 0.6646644646799379 0.6498215558582683 0.6349786470365988 0.6201357382149292 0.6052928293932596 0.5904499205715901 0.5756070117499206 0.560764102928251 0.5459211941065814 0.5310782852849119 0.5420858246605569 0.5807280781865454 0.6193703317125997 0.6580125852385882 0.6966548387645766 0.7352970922905651 0.7739393458165535 0.812581599342542 0.8512238528685304 0.8898661063945189 0.9285083599205073 0.9671506134464958 0.9921544389268653 1.0025784761440022 1.0130025133611393 1.023426550578294 1.0338505877954312 1.044274625012568 1.0546986622297052 1.0651226994468421 1.0755467366639793 1.0859707738811162 1.0963948110982533 1.1068188483153902 1.1052534375343668 1.0908710354580893 1.076488633381812 1.0621062313055345 1.0477238292292326 1.0333414271529553 1.0189590250766778
0.9450014528471933 0.90840174529024 0.8718020377332867 0.8352023301763334 0.7986026226193801 0.7620029150624268 0.7254032075054735 0.7004906771891716 0.6880720038143152 0.6756533304394802 0.663234657064645 0.6508159836898099 0.6383973103149748 0.6259786369401397 0.6135599635653046 0.6011412901904695 0.5887226168156343 0.5763039434407993 0.5638852700659641 0.570993104403216 0.5989752173935575 0.6269573303839466 0.6549394433742881 0.6829215563646296 0.710903669354971 0.7388857823453124 0.7668678953356539 0.7948500083259953 0.8228321213163368 0.8508142343066782 0.8787963472970197 0.8978132279926668 0.9072460724526041 0.9166789169125414 0.9261117613724948 0.9355446058324322 0.9449774502923696 0.9544102947523069 0.9638431392122442 0.9732759836721815 0.9827088281321188 0.9921416725920561 1.0015745170519934 1.0015458203194578 0.9914025218869758 0.9812592234544937 0.9711159250220117 0.9609726265895124 0.9508293281570304 0.9406860297245484
1.0251007378830193 0.9769720659560852 0.9288433940291512 0.8807147221022171 0.8325860501752831 0.7844573782483492 0.7363287063214151 0.706631072055046 0.6966366341270305 0.6866421961990319 0.6766477582710332 0.6666533203430346 0.656658882415036 0.6466644444870374 0.6366700065590388 0.6266755686310402 0.6166811307030415 0.606686692775043 0.5966922548470444 0.5999003841458999 0.6172223566005852 0.6345443290553001 0.6518663015099854 0.6691882739646707 0.6865102464193561 0.7038322188740415 0.7211541913287268 0.7384761637834122 0.7557981362380974 0.7731201086927828 0.7904420811474682 0.8034720170583881 0.8119136687611248 0.8203553204638616 0.8287969721666127 0.8372386238693496 0.8456802755720862 0.8541219272748231 0.8625635789775598 0.8710052306802964 0.8794468823830333 0.88788853408577 0.8963301857885068 0.8978382031044602 0.8919340083157772 0.8860298135270942 0.8801256187384112 0.8742214239497181 0.8683172291610352 0.8624130343723521
1.1052000229187766 1.0455423866218718 0.9858847503249669 0.926227114028062 0.8665694777311572 0.8069118414342523 0.7472542051373474 0.7127714669209154 0.7052012644397384 0.6976310619585742 0.69006085947741 0.6824906569962459 0.6749204545150818 0.6673502520339175 0.6597800495527534 0.6522098470715892 0.644639644590425 0.6370694421092609 0.6294992396280967 0.628807663888559 0.6354694958075974 0.642131327726647 0.6487931596456854 0.6554549915647238 0.662116823483762 0.6687786554028003 0.6754404873218387 0.682102319240877 0.6887641511599154 0.6954259830789536 0.702087814997992 0.7091308061241897 0.7165812650697267 0.7240317240152638 0.7314821829608136 0.7389326419063506 0.7463831008518875 0.7538335597974246 0.7612840187429617 0.7687344776884987 0.7761849366340358 0.7836353955795727 0.7910858545251098 0.794130585889551 0.7924654947446634 0.7908004035997759 0.7891353124548882 0.7874702213099979 0.7858051301651102 0.7841400390202227
1.185299307954534 1.1141127072876582 1.0429261066207824 0.9717395059539068 0.900552905287031 0.8293663046201554 0.7581797039532796 0.7189118617867847 0.7137658947524462 0.7086199277181164 0.7034739606837868 0.698327993649457 0.6931820266151273 0.6880360595807975 0.6828900925464678 0.6777441255121381 0.6725981584778083 0.6674521914434787 0.6623062244091489 0.6577149436312181 0.6537166350146094 0.649718326397994 0.6457200177813853 0.6417217091647766 0.6377234005481679 0.6337250919315592 0.6297267833149506 0.6257284746983419 0.6217301660817333 0.6177318574651246 0.6137335488485159 0.6147895951899914 0.6212488613783288 0.627708127566666 0.6341673937550144 0.6406266599433517 0.647085926131689 0.6535451923200264 0.6600044585083636 0.666463724696701 0.6729229908850383 0.6793822570733756 0.6858415232617129 0.690422968674642 0.6929969811735498 0.6955709936724576 0.6981450061713653 0.7007190186702775 0.7032930311691853 0.7058670436680932
1.2653985929902918 1.182683027953445 1.0999674629165983 1.0172518978797518 0.9345363328429052 0.8518207678060585 0.7691052027692119 0.725052256652654 0.722330525065154 0.7196087934776588 0.7168870618901635 0.7141653303026682 0.7114435987151729 0.7087218671276776 0.7060001355401823 0.703278403952687 0.7005566723651917 0.6978349407776965 0.6951132091902011 0.6866222233738771 0.6719637742216215 0.6573053250693408 0.6426468759170851 0.6279884267648295 0.6133299776125738 0.5986715284603181 0.5840130793080625 0.5693546301558068 0.5546961810035511 0.5400377318512954 0.5253792826990399 0.5204483842557932 0.5259164576869307 0.5313845311180684 0.5368526045492152 0.5423206779803529 0.5477887514114904 0.5532568248426281 0.5587248982737657 0.5641929717049032 0.5696610451360409 0.5751291185671784 0.580597191998316 0.586715351459733 0.5935284676024362 0.6003415837451394 0.6071546998878425 0.6139678160305574 0.6207809321732606 0.6275940483159638
1.3454978780260491 1.2512533486192317 1.1570088192124142 1.0627642898055967 0.9685197603987792 0.8742752309919617 0.7800307015851442 0.7311926515185233 0.7308951553778619 0.7305976592372011 0.7303001630965402 0.7300026669558793 0.7297051708152186 0.7294076746745577 0.7291101785338968 0.7288126823932359 0.7285151862525752 0.7282176901119143 0.7279201939712534 0.7155295031165364 0.6902109134286337 0.6648923237406879 0.6395737340527852 0.6142551443648825 0.5889365546769798 0.5636179649890771 0.5382993753011744 0.5129807856132718 0.487662195925369 0.46234360623746634 0.43702501654956366 0.42610717332159476 0.4305840539955326 0.43506093466947054 0.439537815343416 0.44401469601735394 0.4484915766912918 0.45296845736522967 0.45744533803916754 0.46192221871310546 0.4663990993870433 0.4708759800609812 0.47535286073491906 0.4830077342448238 0.49405995403132236 0.5051121738178209 0.5161643936043195 0.527216613390837 0.5382688331773355 0.5493210529638342
1.4255971630618065 1.3198236692850183 1.21405017550823 1.1082766817314416 1.002503187954653 0.8967296941778649 0.7909562004010764 0.7373330463843926 0.7394597856905698 0.7415865249967434 0.7437132643029171 0.7458400036090906 0.7479667429152642 0.7500934822214378 0.7522202215276114 0.7543469608337849 0.7564737001399586 0.7586004394461322 0.7607271787523058 0.7444367828591956 0.7084580526356459 0.6724793224120348 0.6365005921884851 0.6005218619649354 0.5645431317413857 0.528564401517836 0.4925856712942863 0.4566069410707366 0.42062821084718693 0.38464948062363724 0.34867075040008755 0.3317659623873964 0.3352516503041346 0.33873733822087276 0.34222302613761685 0.345708714054355 0.3491944019710932 0.35268008988783134 0.3561657778045695 0.3596514657213077 0.36313715363804583 0.366622841554784 0.3701085294715221 0.37930011702991473 0.3945914404602087 0.4098827638905027 0.42517408732079665 0.4404654107511167 0.4557567341814107 0.4710480576117047
1.5056964480975643 1.3883939899508049 1.2710915318040457 1.1537890736572864 1.0364866155105272 0.919184157363768 0.8018816992170088 0.7434734412502618 0.7480244160032776 0.7525753907562857 0.7571263655092937 0.7616773402623017 0.7662283150153097 0.7707792897683178 0.7753302645213258 0.7798812392743338 0.7844322140273419 0.7889831887803499 0.7935341635333579 0.7733440626018546 0.7267051918426579 0.6800663210833817 0.633427450324185 0.5867885795649883 0.5401497088057916 0.4935108380465949 0.4468719672873982 0.4002330965282015 0.3535942257690048 0.3069553550098081 0.2603164842506114 0.23742475145319814 0.23991924661273656 0.242413741772275 0.2449082369318177 0.24740273209135616 0.2498972272508946 0.25239172241043306 0.2548862175699715 0.25738071272950996 0.2598752078890484 0.2623697030485868 0.2648641982081253 0.27559249981500566 0.295122926889095 0.31465335396318445 0.3341837810372738 0.3537142081113965 0.3732446351854859 0.39277506225957526
1.58579573313339 1.4569643106166503 1.3281328880999101 1.1993014655831702 1.0704700430664302 0.9416386205496903 0.8128071980329503 0.7496138361161364 0.7565890463159929 0.7635642565158374 0.770539466715682 0.7775146769155264 0.7844898871153709 0.7914650973152155 0.7984403075150601 0.8054155177149046 0.8123907279147491 0.8193659381145937 0.8263411483144382 0.8022513423445384 0.7449523310496856 0.6876533197547351 0.6303543084598823 0.5730552971650296 0.5157562858701767 0.4584572745753239 0.4011582632804711 0.34385925198561834 0.2865602406907656 0.22926122939591276 0.17196221810105994 0.14308354051891933 0.14458684292125723 0.1460901453235951 0.14759344772593555 0.14909675012827342 0.15060005253061132 0.1521033549329492 0.15360665733528708 0.15510995973762495 0.15661326213996285 0.15811656454230072 0.15961986694463862 0.17188488260000812 0.19565441331789651 0.2194239440357849 0.24319347475367328 0.26696300547160223 0.2907325361894906 0.314502066907379
