Figures/CREST_Example_wjb_NSE/Rolling_result/20100722/BJP_forecast/ens_18/wjb.rain.20100728.asc
ncols            288
nrows            254
xllcorner        113.274861
yllcorner        31.4918055
cellsize         0.008333333333
NODATA_value     -9999
[rows 200 to 219 of 254, columns 135 to 179 of 288]
54.44113428186938 54.18260932216265 53.92408436245591 53.665559402749174 53.407034443042434 53.1485094833357 52.88998452362896 52.63145956392222 52.37293460421505 52.11440964450831 51.85588468480157 51.59735972509483 52.159485835756854 53.59890650286682 55.03832716997678 56.477747837086746 57.91716850419671 59.35658917130667 60.79600983841664 62.23543050552661 63.67485117263657 65.114271839749 66.55369250685895 67.99311317396892 68.27953499585925 67.33337497028006 66.38721494470087 65.44105491912168 64.4948948935425 63.54873486796331 62.60257484238412 61.65641481680494 60.71025479122575 59.76409476564656 58.817934740065766 57.87177471448658 58.10855070192698 59.609912048857474 61.111273395787975 62.61263474271848 64.11399608964898 65.61535743657947 67.11671878350998 68.61808013044048 70.11944147737097
55.16277757018723 54.7479329400294 54.33308830987156 53.918243679713726 53.503399049555895 53.08855441939806 52.67370978924023 52.25886515908239 51.84402052892385 51.42917589876601 51.01433126860818 50.599486638450344 51.084391240048646 52.531148121731334 53.97790500341402 55.42466188509671 56.8714187667794 58.31817564846209 59.764932530144776 61.211689411827464 62.65844629351015 64.1052031751953 65.55196005687799 66.99871693856068 67.40614069468742 66.70249382889176 65.99884696309609 65.29520009730042 64.59155323150475 63.88790636570908 63.18425949991341 62.48061263411774 61.77696576832207 61.0733189025264 60.36967203672953 59.666025170933864 59.83161427494428 60.92643629541064 62.021258315877006 63.116080336343366 64.21090235680973 65.30572437727609 66.40054639774245 67.49536841820881 68.59019043867518
55.884420858505074 55.313256557896146 54.74209225728721 54.170927956678284 53.59976365606935 53.02859935546042 52.45743505485149 51.88627075424256 51.31510645363265 50.743942153023724 50.1727778524148 49.60161355180586 50.009296644340445 51.46338974059586 52.91748283685126 54.371575933106676 55.82566902936208 57.279762125617495 58.7338552218729 60.187948318128306 61.64204141438372 63.096134510641605 64.55022760689701 66.00432070315243 66.5327463935156 66.07161268750345 65.61047898149128 65.14934527547913 64.68821156946699 64.22707786345484 63.76594415744269 63.304810451430534 62.843676745418385 62.38254303940624 61.9214093333933 61.460275627381144 61.554677847961585 62.242960541963804 62.93124323596603 63.619525929968255 64.30780862397047 64.9960913179727 65.68437401197492 66.37265670597714 67.06093939997936
56.606064146822916 55.87858017576289 55.15109620470286 54.423612233642835 53.6961282625828 52.96864429152278 52.241160320462754 51.51367634940272 50.786192378341454 50.05870840728143 49.331224436221405 48.60374046516137 48.93420204863224 50.395631359460374 51.857060670288504 53.318489981116635 54.77991929194477 56.2413486027729 57.70277791360103 59.16420722442916 60.6256365352573 62.087065846087924 63.548495156916054 65.00992446774418 65.65935209234377 65.44073154611513 65.2221109998865 65.00349045365788 64.78486990742924 64.5662493612006 64.34762881497197 64.12900826874333 63.910387722514706 63.69176717628607 63.473146630057066 63.25452608382843 63.277741420978884 63.55948478851697 63.84122815605505 64.12297152359314 64.40471489113122 64.6864582586693 64.96820162620739 65.24994499374547 65.53168836128356
57.32770743514107 56.443903793629886 55.56010015211869 54.6762965106075 53.79249286909631 52.90868922758512 52.02488558607393 51.141081944562735 50.257278303050036 49.37347466153885 48.48967102002766 47.605867378516464 47.85910745292358 49.327872978324436 50.7966385037253 52.26540402912615 53.734169554527014 55.20293507992787 56.671700605328724 58.140466130729585 59.60923165613044 61.0779971815338 62.54676270693466 64.01552823233553 64.78595779117157 64.80985040472656 64.83374301828155 64.85763563183654 64.88152824539152 64.90542085894651 64.9293134725015 64.9532060860565 64.97709869961149 65.00099131316647 65.0248839267215 65.04877654027649 65.00080499399694 64.87600903507071 64.75121307614447 64.62641711721824 64.50162115829201 64.37682519936578 64.25202924043955 64.12723328151333 64.0024373225871
57.37372404843822 56.42768137203796 55.4816386956377 54.53559601923744 53.58955334283718 52.64351066643691 51.69746799003665 50.75142531363639 49.805382637234516 48.859339960834255 47.913297284433995 46.96725460803373 47.17107438679126 48.60412313873531 50.03717189067937 51.47022064262342 52.903269394567474 54.33631814651152 55.76936689845557 57.20241565039963 58.63546440234368 60.06851315429017 61.50156190623423 62.93461065817828 63.779225404893204 63.99479088908173 64.21035637327026 64.42592185745877 64.6414873416473 64.85705282583584 65.07261831002435 65.28818379421288 65.5037492784014 65.71931476258993 65.93488024677883 66.15044573096735 66.07448240214299 65.68686817694886 65.29925395175475 64.91163972656062 64.5240255013665 64.13641127617238 63.74879705097826 63.361182825784134 62.97356860059001
56.69753832967547 55.789822888068265 54.88210744646106 53.97439200485387 53.066676563246666 52.158961121639464 51.25124568003227 50.34353023842507 49.43581479681632 48.52809935520912 47.62038391360192 46.71266847199472 46.89678569998177 48.24809674781805 49.59940779565433 50.950718843490606 52.30202989132688 53.65334093916316 55.004651986999434 56.35596303483572 57.707274082671994 59.05858513051058 60.409896178346855 61.76120722618313 62.62996300969625 62.9828562997892 63.33574958988214 63.68864287997509 64.04153617006804 64.39442946016099 64.74732275025393 65.10021604034688 65.45310933043983 65.80600262053278 66.15889591062633 66.51178920071928 66.45400692968666 65.95720319309385 65.46039945650104 64.96359571990823 64.4667919833154 63.9699882467226 63.47318451012979 62.97638077353698 62.47957703694417
56.02135261091242 55.1519644040983 54.28257619728418 53.41318799047006 52.543799783655935 51.67441157684181 50.80502337002769 49.93563516321357 49.06624695639797 48.196858749583846 47.327470542769724 46.4580823359556 46.62249701317216 47.892070356900625 49.16164370062909 50.43121704435757 51.700790388086034 52.9703637318145 54.23993707554297 55.509510419271436 56.7790837629999 58.04865710673054 59.318230450459005 60.58780379418747 61.480700614498794 61.97092171049623 62.461142806493655 62.95136390249108 63.441584998488516 63.93180609448594 64.42202719048338 64.9122482864808 65.40246938247823 65.89269047847566 66.38291157447392 66.87313267047135 66.83353145723048 66.22753820923893 65.62154496124738 65.01555171325583 64.4095584652643 63.80356521727275 63.197571969281206 62.59157872128966 61.985585473298116
55.34516689214967 54.51410592012861 53.68304494810755 52.85198397608649 52.02092300406543 51.18986203204437 50.35880106002331 49.52774008800225 48.69667911597977 47.86561814395871 47.03455717193765 46.20349619991659 46.348208326362666 47.53604396598336 48.723879605604054 49.91171524522475 51.09955088484544 52.287386524466136 53.47522216408683 54.663057803707524 55.85089344332822 57.03872908295094 58.22656472257163 59.414400362192325 60.33143821930184 60.95898712120369 61.586536023105545 62.2140849250074 62.841633826909245 63.4691827288111 64.09673163071295 64.7242805326148 65.35182943451666 65.9793783364185 66.60692723832143 67.23447614022328 67.21305598477413 66.4978732253839 65.78269046599367 65.06750770660344 64.3523249472132 63.63714218782297 62.921959428432736 62.206776669042505 61.491593909652266
54.66898117338691 53.87624743615891 53.083513698930915 52.29077996170292 51.49804622447492 50.70531248724692 49.91257875001892 49.119845012790925 48.32711127556157 47.53437753833357 46.741643801105575 45.94891006387758 46.073919639553175 47.180017575066096 48.28611551057901 49.39221344609193 50.49831138160485 51.60440931711777 52.71050725263069 53.81660518814361 54.92270312365653 56.028801059171336 57.13489899468426 58.24099693019718 59.18217582410488 59.947052531911154 60.71192923971743 61.4768059475237 62.241682655329974 63.00655936313625 63.77143607094252 64.5363127787488 65.30118948655507 66.06606619436134 66.83094290216891 67.5958196099752 67.59258051231778 66.76820824152887 65.94383597073994 65.11946369995103 64.2950914291621 63.47071915837318 62.64634688758426 61.82197461679534 60.99760234600642
53.99279545462387 53.23838895218895 52.48398244975402 51.729575947319105 50.97516944488419 50.22076294244927 49.46635644001435 48.711949937579426 47.95754343514322 47.203136932708304 46.448730430273386 45.69432392783846 45.79963095274357 46.823991184148674 47.848351415553786 48.8727116469589 49.897071878364 50.921432109769114 51.945792341174226 52.97015257257934 53.99451280398444 55.0188730353913 56.043233266796406 57.06759349820152 58.03291342890743 58.935117942618184 59.83732245632894 60.73952697003969 61.64173148375045 62.543935997461205 63.44614051117196 64.34834502488272 65.25054953859346 66.15275405230422 67.05495856601651 67.95716307972727 67.9721050398616 67.03854325767395 66.1049814754863 65.17141969329865 64.23785791111098 63.304296128923326 62.370734346735674 61.437172564548014 60.50361078236036
53.31660973586111 52.600530468219254 51.884451200577395 51.168371932935536 50.452292665293676 49.736213397651824 49.020134130009964 48.304054862368105 47.58797559472503 46.87189632708317 46.15581705944131 45.43973779179946 45.52534226593408 46.46796479323141 47.41058732052875 48.35320984782608 49.29583237512342 50.238454902420756 51.18107742971809 52.12369995701542 53.06632248431276 54.0089450116117 54.95156753890903 55.89419006620637 56.88365103371048 57.923183353325655 58.96271567294083 60.00224799255601 61.041780312171184 62.08131263178636 63.12084495140154 64.16037727101671 65.19990959063189 66.23944191024707 67.27897422986402 68.3185065494792 68.35162956740527 67.30887827381892 66.26612698023258 65.22337568664624 64.18062439305989 63.137873099473545 62.0951218058872 61.05237051230086 60.00961921871452
52.640424017098354 51.96267198424956 51.28491995140076 50.607167918551966 49.92941588570317 49.25166385285437 48.57391182000558 47.89615978715678 47.21840775430683 46.54065572145804 45.86290368860924 45.18515165576044 45.25105357912458 46.11193840231414 46.9728232255037 47.83370804869326 48.694592871882826 49.55547769507238 50.41636251826194 51.277247341451506 52.138132164641064 52.99901698783209 53.85990181102165 54.720786634211215 55.734388638513515 56.91124876403311 58.088108889552714 59.26496901507231 60.44182914059191 61.61868926611151 62.79554939163111 63.97240951715071 65.1492696426703 66.32612976818992 67.50298989371151 68.67985001923113 68.73115409494893 67.5792132899639 66.42727248497886 65.27533167999383 64.1233908750088 62.97145007002377 61.81950926503873 60.6675684600537 59.51562765506867
51.96423829833531 51.32481350027959 50.685388702223875 50.045963904168154 49.40653910611244 48.76711430805672 48.127689510001005 47.488264711945284 46.848839913888476 46.20941511583276 45.56999031777704 44.93056551972133 44.976764892314975 45.755912011396724 46.53505913047848 47.31420624956023 48.09335336864198 48.87250048772373 49.65164760680548 50.43079472588723 51.20994184496898 51.98908896405206 52.768236083133814 53.54738320221556 54.58512624331607 55.89931417474015 57.21350210616423 58.52769003758831 59.84187796901239 61.15606590043647 62.470253831860546 63.784441763284626 65.0986296947087 66.41281762613278 67.72700555755911 69.04119348898318 69.11067862249274 67.84954830610897 66.5884179897252 65.32728767334144 64.06615735695767 62.805027040573904 61.54389672419014 60.28276640780638 59.02163609142261
51.28805257957255 50.686955016309895 50.08585745304724 49.484759889784584 48.88366232652193 48.28256476325927 47.68146719999662 47.08036963673396 46.47927207347028 45.87817451020762 45.277076946944966 44.67597938368231 44.70247620550548 45.39988562047946 46.097295035453435 46.79470445042741 47.492113865401386 48.18952328037536 48.886932695349344 49.58434211032332 50.281751525297295 50.979160940272465 51.67657035524644 52.373979770220416 53.43586384811911 54.88737958544761 56.33889532277611 57.79041106010462 59.241926797433116 60.69344253476162 62.14495827209012 63.59647400941863 65.04798974674713 66.49950548407563 67.9510212214066 69.40253695873511 69.4902031500364 68.11988332225394 66.74956349447149 65.37924366668904 64.00892383890658 62.63860401112413 61.26828418334167 59.89796435555922 58.52764452777676
50.6118668608098 50.0490965323402 49.486326203870604 48.923555875401014 48.36078554693142 47.79801521846183 47.23524488999223 46.67247456152264 46.109704233052085 45.54693390458249 44.9841635761129 44.4213932476433 44.42818751869599 45.04385922956219 45.65953094042839 46.27520265129459 46.890874362160794 47.506546073026996 48.1222177838932 48.7378894947594 49.3535612056256 49.96923291649286 50.58490462735906 51.20057633822526 52.28660145292215 53.875444996155075 55.464288539388 57.05313208262092 58.641975625853846 60.23081916908677 61.8196627123197 63.40850625555262 64.99734979878555 66.58619334201848 68.17503688525412 69.76388042848703 69.86972767758006 68.39021833839892 66.91070899921777 65.43119966003663 63.95169032085549 62.47218098167434 60.9926716424932 59.51316230331206 58.033652964130916
49.93568114204704 49.41123804837051 48.886794954693976 48.362351861017444 47.837908767340906 47.313465673664375 46.789022579987844 46.26457948631131 45.740136392633886 45.215693298957355 44.691250205280824 44.16680711160429 44.153898831886494 44.68783283864492 45.22176684540335 45.75570085216177 46.2896348589202 46.82356886567863 47.35750287243706 47.89143687919549 48.42537088595392 48.959304892713256 49.49323889947168 50.027172906230106 51.13733905772519 52.86351040686254 54.589681755999884 56.315853105137236 58.04202445427458 59.76819580341193 61.49436715254927 63.220538501686626 64.94670985082396 66.67288119996132 68.39905254910161 70.12522389823896 70.24925220512372 68.6605533545439 67.07185450396406 65.48315565338423 63.8944568028044 62.30575795222457 60.717059101644736 59.128360251064905 57.53966140048507
49.498769790882164 48.94687239006169 48.39497498924121 47.84307758842074 47.29118018760026 46.73928278677979 46.18738538595931 45.63548798513884 45.08359058431742 44.53169318349694 43.97979578267647 43.42789838185599 43.38698697695277 43.89233115962576 44.397675342298754 44.903019524971754 45.408363707644746 45.913707890317745 46.41905207299074 46.92439625566373 47.42974043833673 47.93508462101058 48.44042880368358 48.94577298635657 50.08411106356659 51.89913393296018 53.714156802353784 55.52917967174738 57.34420254114098 59.159225410534575 60.974248279928176 62.78927114932177 64.60429401871536 66.41931688810897 68.23433975750567 70.04936262689925 70.21441167965274 68.61560139504532 67.0167911104379 65.41798082583048 63.81917054122306 62.220360256615635 60.62154997200821 59.022739687400794 57.42392940279337
49.31762765813713 48.66795962779954 48.01829159746195 47.36862356712437 46.71895553678678 46.06928750644919 45.419619476111606 44.76995144577401 44.12028341543532 43.47061538509773 42.82094735476014 42.17127932442256 42.09349200343762 42.627058096062726 43.16062418868783 43.69419028131293 44.22775637393803 44.76132246656313 45.29488855918824 45.82845465181334 46.36202074443844 46.89558683706445 47.42915292968955 47.96271902231466 49.13353779144015 50.98559408700577 52.8376503825714 54.68970667813702 56.541762973702646 58.39381926926827 60.245875564833895 62.09793186039952 63.949988155965144 65.80204445153078 67.65410074709955 69.50615704266518 69.73664102834398 68.23362752990872 66.73061403147345 65.22760053303818 63.72458703460291 62.22157353616764 60.718560037732374 59.2155465392971 57.712533040861835
49.136485525392104 48.3890468655374 47.6416082056827 46.894169545828 46.1467308859733 45.3992922261186 44.651853566263895 43.9044149064092 43.15697624655322 42.40953758669852 41.662098926843825 40.914660266989124 40.79999702992247 41.36178503249968 41.92357303507689 42.4853610376541 43.04714904023131 43.60893704280852 44.17072504538573 44.73251304796294 45.29430105054015 45.85608905311832 46.41787705569553 46.97966505827274 48.182964519313714 50.07205424105137 51.961143962789016 53.850233684526664 55.73932340626432 57.62841312800197 59.51750284973962 61.40659257147727 63.295682293214924 65.18477201495257 67.07386173669344 68.96295145843109 69.25887037703524 67.85165366477212 66.444436952509 65.03722024024589 63.630003527982765 62.22278681571965 60.81557010345654 59.408353391193415 58.0011366789303
