Figures/CREST_Example_wjb_NSE/Rolling_result/20100722/BJP_forecast/ens_18/wjb.rain.20100722.asc
ncols            288
nrows            254
xllcorner        113.274861
yllcorner        31.4918055
cellsize         0.008333333333
NODATA_value     -9999
[rows 160 to 179 of 254, columns 135 to 179 of 288]
9.535384608607158 9.132866591512432 8.730348574417706 8.32783055732298 7.925312540228254 7.522794523133528 7.1202765060388025 6.717758488944076 6.315240471848664 5.912722454753938 5.510204437659212 5.1076864205644865 4.866549682240689 4.797933181189872 4.729316680139057 4.6607001790882405 4.592083678037425 4.523467176986609 4.454850675935793 4.386234174884978 4.317617673834161 4.249001172783228 4.180384671732412 4.1117681706815965 4.033904986089134 3.9461568876218798 3.8584087891546264 3.7706606906873725 3.682912592220119 3.5951644937528657 3.507416395285612 3.4196682968183585 3.3319201983511046 3.2441720998838512 3.1564240014164477 3.0686759029491943 2.9892676168061323 2.9187747787092815 2.8482819406124307 2.77778910251558 2.7072962644187286 2.636803426321878 2.566310588225027 2.4958177501281757 2.425324912031325
9.43246589939798 9.027135991252152 8.621806083106323 8.216476174960492 7.811146266814664 7.405816358668833 7.000486450523004 6.5951565423771745 6.189826634230654 5.784496726084824 5.379166817938994 4.973836909793165 4.740508659068116 4.691054070614014 4.641599482159911 4.592144893705809 4.542690305251707 4.493235716797604 4.443781128343502 4.394326539889399 4.344871951435297 4.2954173629811105 4.245962774527007 4.196508186072905 4.122512868861203 4.022282957473019 3.9220530460848337 3.8218231346966487 3.7215932233084636 3.621363311920279 3.521133400532094 3.4209034891439094 3.3206735777557244 3.2204436663675393 3.1202137549791837 3.0199838435909987 2.9359601295666518 2.869261207157197 2.8025622847477423 2.7358633623382875 2.669164439928833 2.602465517519378 2.5357665951099233 2.4690676727004686 2.402368750291014
9.329547190188807 8.921405390991874 8.51326359179494 8.105121792598007 7.696979993401074 7.288838194204141 6.880696395007208 6.472554595810275 6.064412796612645 5.656270997415712 5.248129198218779 4.839987399021846 4.6144676358955445 4.584174960038156 4.553882284180767 4.523589608323378 4.493296932465989 4.4630042566086 4.432711580751211 4.402418904893822 4.372126229036433 4.341833553178993 4.311540877321604 4.281248201464214 4.211120751633273 4.098409027324157 3.985697303015041 3.872985578705925 3.7602738543968086 3.647562130087693 3.5348504057785766 3.4221386814694603 3.3094269571603445 3.1967152328512283 3.0840035085419197 2.971291784232804 2.882652642327171 2.8197476356051125 2.756842628883054 2.6939376221609956 2.631032615438937 2.5681276087168783 2.5052226019948196 2.442317595272761 2.3794125885507023
9.226628480979544 8.815674790731505 8.404721100483465 7.993767410235426 7.582813719987387 7.1718600297393476 6.760906339491308 6.349952649243269 5.938998958994529 5.528045268746489 5.11709157849845 4.70613788825041 4.488426612722866 4.477295849462206 4.466165086201547 4.455034322940888 4.443903559680229 4.432772796419569 4.421642033158911 4.410511269898251 4.399380506637592 4.388249743376914 4.377118980116255 4.3659882168555955 4.299728634405419 4.174535097175361 4.049341559945303 3.9241480227152445 3.7989544854851864 3.6737609482551283 3.5485674110250702 3.4233738737950126 3.2981803365649545 3.1729867993348964 3.0477932621046246 2.9225997248745665 2.829345155087645 2.770234064052986 2.711122973018327 2.6520118819836673 2.5929007909490083 2.533789699914349 2.47467860887969 2.4155675178450307 2.3564564268103716
9.123709771770368 8.709944190471226 8.296178609172083 7.88241302787294 7.468647446573797 7.054881865274654 6.641116283975512 6.227350702676368 5.813585121376519 5.399819540077377 4.986053958778234 4.572288377479091 4.362385589550294 4.370416738886348 4.378447888222403 4.386479037558456 4.394510186894511 4.402541336230565 4.41057248556662 4.418603634902674 4.426634784238728 4.434665933574796 4.4426970829108505 4.450728232246905 4.388336517177488 4.250661167026499 4.11298581687551 3.9753104667245207 3.837635116573531 3.699959766422542 3.562284416271553 3.4246090661205635 3.286933715969574 3.149258365818585 3.0115830156673606 2.873907665516372 2.776037667848164 2.720720492500901 2.665403317153638 2.610086141806375 2.554768966459112 2.499451791111849 2.444134615764586 2.388817440417323 2.33350026507006
9.020791062561194 8.604213590210948 8.187636117860702 7.771058645510455 7.354481173160208 6.9379037008099615 6.521326228459715 6.104748756109468 5.6881712837585106 5.271593811408264 4.855016339058017 4.438438866707771 4.236344566377722 4.26353762831049 4.290730690243258 4.317923752176026 4.345116814108793 4.372309876041561 4.3995029379743285 4.426695999907096 4.453889061839864 4.481082123772678 4.508275185705446 4.535468247638214 4.476944399949558 4.326787236877638 4.176630073805717 4.026472910733797 3.8763157476618764 3.726158584589956 3.5760014215180354 3.425844258446115 3.2756870953741943 3.125529932302274 2.975372769230097 2.8252156061581766 2.722730180608684 2.671206920948817 2.61968366128895 2.568160401629083 2.516637141969216 2.4651138823093497 2.4135906226494828 2.362067362989616 2.310544103329749
8.917872353352019 8.498482989950668 8.079093626549318 7.659704263147968 7.240314899746618 6.820925536345268 6.401536172943917 5.9821468095425665 5.562757446140502 5.143368082739151 4.723978719337801 4.304589355936451 4.110303543205151 4.156658517734632 4.203013492264113 4.2493684667935945 4.295723441323076 4.342078415852557 4.388433390382038 4.434788364911519 4.481143339441 4.52749831397056 4.573853288500041 4.6202082630295225 4.565552282721628 4.4029133067287765 4.240274330735924 4.077635354743073 3.914996378750221 3.752357402757369 3.5897184267645175 3.4270794507716653 3.2644404747788136 3.101801498785962 2.9391625227928326 2.776523546799981 2.669422693369203 2.6216933493967325 2.5739640054242616 2.526234661451791 2.4785053174793203 2.43077597350685 2.383046629534379 2.3353172855619087 2.287587941589438
8.814953644142845 8.39275238969039 7.970551135237937 7.548349880785483 7.126148626333029 6.703947371880575 6.281746117428121 5.859544862975667 5.437343608522493 5.015142354070039 4.592941099617585 4.170739845165131 3.9842625200325794 4.049779407158774 4.115296294284969 4.180813181411163 4.2463300685373575 4.311846955663552 4.377363842789747 4.442880729915942 4.508397617042136 4.573914504168442 4.639431391294637 4.704948278420831 4.654160165493698 4.479039376579915 4.303918587666132 4.128797798752348 3.9536770098385654 3.7785562209247825 3.6034354320109996 3.4283146430972167 3.2531938541834338 3.0780730652696504 2.9029522763555686 2.7278314874417857 2.616115206129722 2.5721797778446476 2.5282443495595732 2.484308921274499 2.4403734929894245 2.39643806470435 2.3525026364192754 2.308567208134201 2.2646317798491267
8.71203493493367 8.287021789430112 7.862008643926553 7.436995498422996 7.011982352919438 6.586969207415881 6.161956061912323 5.736942916408766 5.311929770904483 4.886916625400926 4.4619034798973685 4.036890334393811 3.8582214968600077 3.942900296582916 4.027579096305824 4.112257896028732 4.19693669575164 4.281615495474548 4.366294295197456 4.450973094920364 4.535651894643272 4.6203306943663245 4.705009494089232 4.789688293812141 4.742768048265767 4.555165446431054 4.367562844596339 4.1799602427616245 3.9923576409269104 3.8047550390921963 3.6171524372574817 3.429549835422767 3.241947233588053 3.054344631753339 2.8667420299183046 2.67913942808359 2.5628077188902414 2.522666206292563 2.482524693694885 2.4423831810972065 2.4022416684995282 2.36210015590185 2.3219586433041717 2.2818171307064934 2.241675618108815
8.342960662672223 7.953839874981989 7.564719087291756 7.175598299601522 6.786477511911289 6.397356724221055 6.008235936530822 5.619115148840589 5.229994361149691 4.840873573459458 4.451752785769225 4.062631998078991 3.902606800654622 3.987489971114501 4.0723731415743805 4.157256312034259 4.242139482494139 4.3270226529540174 4.411905823413896 4.496788993873776 4.581672164333654 4.666555334793679 4.7514385052535575 4.836321675713437 4.786065674279264 4.591342841113842 4.396620007948419 4.201897174782997 4.007174341617574 3.8124515084521517 3.6177286752867293 3.4230058421213068 3.2282830089558843 3.0335601757904618 2.8388373426247067 2.644114509459284 2.5246707008671274 2.485701872581847 2.4467330442965665 2.407764216011286 2.3687953877260055 2.3298265594407246 2.2908577311554446 2.2518889028701636 2.212920074584883
7.689382870455687 7.377526842916957 7.065670815378228 6.753814787839499 6.4419587603007695 6.130102732762039 5.81824670522331 5.50639067768458 5.19453465014532 4.88267862260659 4.5708225950678605 4.25896656752913 4.129167105261129 4.193990229186613 4.258813353112098 4.323636477037582 4.388459600963066 4.453282724888551 4.518105848814035 4.582928972739519 4.647752096665004 4.712575220590598 4.777398344516083 4.842221468441568 4.780929491921352 4.584817620181249 4.3887057484411445 4.192593876701041 3.9964820049609378 3.800370133220834 3.60425826148073 3.408146389740627 3.212034518000523 3.015922646260419 2.8198107745199814 2.6236989027798776 2.5027499581753148 2.4621518830902267 2.4215538080051386 2.3809557329200506 2.3403576578349625 2.299759582749875 2.259161507664787 2.218563432579699 2.1779653574946107
7.035805078239709 6.801213810852418 6.566622543465126 6.332031276077835 6.097440008690544 5.862848741303252 5.628257473915961 5.393666206528669 5.159074939140979 4.924483671753687 4.689892404366395 4.455301136979104 4.355727409867443 4.4004904872585495 4.445253564649656 4.490016642040763 4.534779719431869 4.579542796822976 4.624305874214082 4.669068951605189 4.713832028996296 4.758595106387478 4.8033581837785855 4.848121261169692 4.7757933095634435 4.57829239924866 4.380791488933877 4.183290578619093 3.9857896683043093 3.788288757989526 3.5907878476747426 3.3932869373599592 3.1957860270451754 2.998285116730392 2.8007842064152717 2.6032832961004884 2.4808292154835203 2.4386018935986264 2.396374571713732 2.3541472498288383 2.311919927943944 2.26969260605905 2.2274652841741562 2.185237962289262 2.143010640404368
6.38222728602373 6.224900778787878 6.067574271552024 5.910247764316171 5.752921257080318 5.595594749844465 5.438268242608611 5.280941735372759 5.123615228136637 4.966288720900783 4.80896221366493 4.651635706429078 4.5822877144737575 4.606990745330486 4.631693776187215 4.656396807043944 4.681099837900673 4.705802868757401 4.730505899614131 4.755208930470859 4.779911961327588 4.8046149921843595 4.829318023041088 4.854021053897817 4.770657127205536 4.571767178316072 4.372877229426608 4.173987280537145 3.9750973316476816 3.7762073827582183 3.577317433868755 3.3784274849792917 3.1795375360898284 2.980647587200365 2.7817576383105624 2.5828676894210987 2.458908472791726 2.4150519041070257 2.3711953354223256 2.3273387667376255 2.2834821980529254 2.2396256293682253 2.195769060683525 2.151912491998825 2.108055923314125
5.728649493807753 5.648587746723337 5.568525999638923 5.4884642525545075 5.408402505470092 5.328340758385678 5.248279011301262 5.168217264216848 5.088155517132296 5.008093770047881 4.928032022963466 4.84797027587905 4.808848019080071 4.813491003402422 4.8181339877247735 4.822776972047125 4.827419956369476 4.832062940691827 4.8367059250141775 4.841348909336529 4.84599189365888 4.850634877981239 4.85527786230359 4.859920846625942 4.765520944847626 4.565241957383483 4.36496296991934 4.164683982455196 3.9644049949910536 3.7641260075269103 3.563847020062767 3.3635680325986237 3.1632890451344804 2.963010057670337 2.7627310702058523 2.562452082741709 2.436987730099932 2.3915019146154255 2.3460160991309196 2.300530283646413 2.2550444681619073 2.209558652677401 2.1640728371928946 2.1185870217083886 2.0731012062238827
5.075071701591774 5.072274714658797 5.069477727725821 5.066680740792844 5.063883753859867 5.0610867669268895 5.058289779993912 5.055492793060936 5.052695806127954 5.049898819194977 5.047101832262 5.044304845329023 5.035408323686385 5.019991261474358 5.004574199262332 4.989157137050305 4.973740074838278 4.958323012626251 4.942905950414225 4.927488888202198 4.9120718259901714 4.896654763778119 4.881237701566092 4.865820639354066 4.760384762489718 4.5587167364508945 4.357048710412071 4.155380684373249 3.9537126583344255 3.7520446322956023 3.550376606256779 3.348708580217956 3.1470405541791333 2.94537252814031 2.743704502101143 2.5420364760623197 2.4150669874081374 2.3679519251238252 2.320836862839513 2.273721800555201 2.2266067382708887 2.1794916759865766 2.132376613702264 2.0852615514179518 2.0381464891336396
4.421493909375797 4.495961682594258 4.570429455812719 4.64489722903118 4.719365002249641 4.793832775468102 4.868300548686563 4.9427683219050245 5.017236095123613 5.091703868342074 5.166171641560535 5.240639414778997 5.261968628292699 5.226491519546294 5.19101441079989 5.155537302053486 5.120060193307081 5.084583084560677 5.049105975814273 5.013628867067869 4.978151758321464 4.942674649574999 4.907197540828595 4.87172043208219 4.75524858013181 4.552191515518307 4.3491344509048036 4.146077386291301 3.943020321677798 3.7399632570642947 3.536906192450792 3.333849127837289 3.130792063223786 2.927734998610283 2.7246779339964338 2.5216208693829305 2.3931462447163434 2.3444019356322254 2.295657626548107 2.2469133174639886 2.19816900837987 2.1494246992957518 2.1006803902116338 2.0519360811275154 2.003191772043397
3.767916117159261 3.919648650529226 4.071381183899192 4.223113717269157 4.374846250639122 4.526578784009087 4.678311317379053 4.830043850749018 4.981776384119241 5.133508917489207 5.285241450859172 5.436973984229137 5.488528932899206 5.432991777618407 5.377454622337607 5.321917467056808 5.266380311776009 5.21084315649521 5.155306001214411 5.099768845933612 5.044231690652813 4.988694535371919 4.933157380091119 4.87762022481032 4.750112397773897 4.545666294585713 4.341220191397529 4.136774088209345 3.9323279850211605 3.7278818818329764 3.5234357786447923 3.318989675456608 3.114543572268424 2.91009746908024 2.7056513658917076 2.5012052627035235 2.3712255020245303 2.3208519461406047 2.2704783902566787 2.220104834372753 2.169731278488827 2.1193577226049016 2.068984166720976 2.01861061083705 1.9682370549531243
3.1143383249432826 3.343335618464686 3.5723329119860896 3.801330205507493 4.030327499028896 4.2593247925502995 4.488322086071703 4.717319379593106 4.9463166731149 5.1753139666363035 5.404311260157707 5.633308553679111 5.71508923750552 5.639492035690344 5.563894833875167 5.488297632059989 5.412700430244813 5.337103228429636 5.261506026614459 5.185908824799282 5.1103116229841055 5.0347144211687995 4.959117219353622 4.883520017538445 4.744976215415989 4.539141073653125 4.333305931890261 4.127470790127397 3.921635648364533 3.7158005066016693 3.5099653648388056 3.3041302230759415 3.0982950813130774 2.8924599395502133 2.6866247977869984 2.4807896560241347 2.3493047593327367 2.2973019566490045 2.2452991539652727 2.193296351281541 2.141293548597809 2.0892907459140773 2.0372879432303455 1.9852851405466136 1.9332823378628818
2.4607605327273046 2.767022586400146 3.0732846400729876 3.379546693745829 3.6858087474186707 3.9920708010915122 4.298332854764354 4.604594908437195 4.910856962110559 5.217119015783401 5.523381069456242 5.829643123129084 5.9416495421118345 5.84599229376228 5.750335045412725 5.6546777970631705 5.559020548713616 5.463363300364061 5.367706052014507 5.272048803664951 5.176391555315397 5.080734306965679 4.985077058616125 4.8894198102665705 4.73984003305808 4.532615852720537 4.325391672382993 4.1181674920454485 3.910943311707905 3.7037191313703612 3.496494951032817 3.2892707706952735 3.08204659035773 2.874822410020186 2.6675982296822887 2.460374049344745 2.3273840166409423 2.2737519671574042 2.220119917673866 2.1664878681903286 2.1128558187067905 2.0592237692232525 2.005591719739715 1.9519596702561768 1.898327620772639
1.8071827405113265 2.1907095543356063 2.5742363681598857 2.9577631819841654 3.341289995808445 3.724816809632725 4.108343623457005 4.4918704372812845 4.875397251106218 5.258924064930498 5.642450878754778 6.0259776925790565 6.168209846718149 6.0524925518342165 5.936775256950284 5.821057962066352 5.705340667182419 5.589623372298487 5.473906077414554 5.358188782530622 5.242471487646689 5.12675419276256 5.011036897878627 4.895319602994695 4.734703850700172 4.526090631787948 4.317477412875725 4.108864193963501 3.9002509750512773 3.6916377561390536 3.4830245372268296 3.2744113183146064 3.0657980994023823 2.8571848804901587 2.648571661577579 2.4399584426653553 2.305463273949148 2.250201977665804 2.19494068138246 2.1396793850991163 2.084418088815772 2.029156792532428 1.9738954962490842 1.9186341999657401 1.863372903682396
