Figures/CREST_Example_wjb_NSE/Rolling_result/20100722/BJP_forecast/ens_18/wjb.rain.20100723.asc
ncols            288
nrows            254
xllcorner        113.274861
yllcorner        31.4918055
cellsize         0.008333333333
NODATA_value     -9999
[rows 200 to 219 of 254, columns 180 to 224 of 288]
1.628833236834578 1.622988962980271 1.617144689125954 1.6012330619801975 1.5745592063914053 1.5478853508026131 1.5212114952138207 1.4945376396250285 1.4678637840362363 1.4411899284474439 1.4145160728586517 1.3878422172698595 1.361168361681067 1.3344945060922748 1.3078206505034826 1.278642076761311 1.246785902638715 1.214929728516119 1.183073554393523 1.1512173802709271 1.1193612061483311 1.0875050320257351 1.0556488579031391 1.0237926837805431 0.9919365096579472 0.9600803355353512 0.9282241614127553 0.9201337143506274 0.9374493673150305 0.9547650202794039 0.9720806732437774 0.9893963262081509 1.0067119791725243 1.024027632136898 1.0413432851012714 1.0586589380656448 1.0759745910300182 1.093290243994392 1.1106058969587653 1.0948525109380316 1.0437475738492226 0.9926426367603264 0.9415376996715173 0.8904327625827084 0.8393278254938994
1.5935806011065463 1.5868923098217764 1.5802040185369952 1.5631768921330618 1.5350973170699733 1.5070177420068849 1.4789381669437964 1.4508585918807078 1.4227790168176193 1.3946994417545309 1.3666198666914424 1.338540291628354 1.3104607165652655 1.282381141502177 1.2543015664390884 1.2263873748847751 1.1986499820435939 1.1709125892024126 1.1431751963612313 1.11543780352005 1.0877004106788688 1.0599630178376875 1.0322256249965063 1.004488232155325 0.9767508393141437 0.9490134464729625 0.9212760536317812 0.9159467076894611 0.9345720709577303 0.9531974342259678 0.9718227974942053 0.9904481607624429 1.0090735240306803 1.027698887298918 1.0463242505671553 1.0649496138353929 1.0835749771036305 1.1022003403718679 1.1208257036401053 1.1007953460272124 1.0394411479659176 0.9780869499045183 0.9167327518432236 0.855378553781929 0.7940243557206341
1.5583279653785147 1.5507956566632821 1.5432633479480364 1.525120722285926 1.4956354277485413 1.4661501332111566 1.436664838673772 1.4071795441363872 1.3776942495990026 1.3482089550616179 1.3187236605242332 1.2892383659868485 1.2597530714494638 1.2302677769120791 1.2007824823746944 1.1741326730082395 1.150514061448473 1.1268954498887063 1.1032768383289397 1.0796582267691732 1.0560396152094067 1.03242100364964 1.0088023920898734 0.9851837805301069 0.9615651689703404 0.9379465574105738 0.9143279458508071 0.9117597010282946 0.93169477460043 0.9516298481725316 0.9715649217446332 0.9914999953167346 1.011435068888836 1.0313701424609376 1.0513052160330392 1.0712402896051407 1.0911753631772423 1.1111104367493436 1.1310455103214452 1.106738181116393 1.0351347220826126 0.9635312630487101 0.8919278040149297 0.8203243449811493 0.7487208859473689
1.5230753296504833 1.5146990035047878 1.5063226773590779 1.4870645524387904 1.4561735384271095 1.4252825244154286 1.3943915104037476 1.3635004963920667 1.3326094823803858 1.3017184683687049 1.2708274543570242 1.2399364403453432 1.2090454263336623 1.1781544123219814 1.1472633983103004 1.1218779711317037 1.102378140853352 1.082878310575 1.0633784802966482 1.0438786500182964 1.0243788197399444 1.0048789894615926 0.9853791591832407 0.9658793289048888 0.9463794986265369 0.926879668348185 0.9073798380698331 0.9075726943671282 0.92881747824313 0.9500622621190954 0.9713070459950609 0.9925518298710264 1.013796613746992 1.0350413976229575 1.056286181498923 1.0775309653748886 1.098775749250854 1.1200205331268196 1.141265317002785 1.1126810162055736 1.0308282961993074 0.9489755761929017 0.8671228561866358 0.7852701361803696 0.7034174161741036
1.487822693922437 1.4786023503462782 1.4693820067701036 1.4490083825916384 1.4167116491056608 1.384414915619683 1.3521181821337054 1.3198214486477275 1.28752471516175 1.2552279816757723 1.2229312481897945 1.1906345147038169 1.158337781217839 1.1260410477318614 1.0937443142458836 1.069623269255146 1.0542422202582105 1.038861171261275 1.0234801222643397 1.0080990732674042 0.9927180242704687 0.9773369752735334 0.961955926276598 0.9465748772796625 0.9311938282827271 0.9158127792857917 0.9004317302888563 0.9033856877059601 0.9259401818858286 0.9484946760656587 0.9710491702454888 0.9936036644253189 1.016158158605149 1.038712652784979 1.0612671469648092 1.083821641144639 1.1063761353244692 1.1289306295042993 1.1514851236841295 1.1186238512947568 1.0265218703160008 0.9344198893370875 0.8423179083583314 0.7502159273795752 0.6581139464008191
1.4568599669068476 1.4461671976740493 1.435474428441233 1.4146712048126986 1.3830596766854806 1.3514481485582623 1.3198366204310443 1.288225092303826 1.256613564176608 1.22500203604939 1.1933905079221718 1.1617789797949538 1.1301674516677358 1.0985559235405176 1.0669443954132996 1.0449248411507468 1.0331593239883676 1.0213938068259885 1.0096282896636093 0.9978627725012301 0.986097255338851 0.9743317381764718 0.9625662210140926 0.9508007038517134 0.9390351866893343 0.9272696695269551 0.9155041523645758 0.919545934963507 0.9404860787135098 0.9614262224634769 0.982366366213444 1.003306509963411 1.024246653713378 1.0451867974633453 1.0661269412133123 1.0870670849632793 1.1080072287132465 1.1289473724632135 1.1498875162131807 1.1139574670231631 1.01723189453794 0.9205063220525516 0.8237807495673284 0.727055177082105 0.6303296045968818
1.4304828819196092 1.4176459582438323 1.4048090345680337 1.3843093951532623 1.3556181392440996 1.3269268833349368 1.298235627425774 1.2695443715166113 1.2408531156074485 1.2121618596982857 1.183470603789123 1.15477934787996 1.1260880919707974 1.0973968360616344 1.0687055801524716 1.049682332886264 1.040994405618659 1.0323064783510543 1.0236185510834495 1.0149306238158444 1.0062426965482396 0.9975547692806348 0.98886684201303 0.9801789147454251 0.9714909874778203 0.9628030602102153 0.9541151329426105 0.9574561142092484 0.973656270903328 0.98985642759738 1.006056584291432 1.0222567409854841 1.038456897679536 1.054657054373588 1.0708572110676402 1.0870573677616922 1.103257524455744 1.1194576811497963 1.1356578378438482 1.0979504959349644 1.0026148180265941 0.9072791401180613 0.811943462209691 0.7166077843013209 0.6212721063929506
1.4041057969323594 1.389124718813603 1.3741436406948213 1.3539475854938134 1.328176601802707 1.3024056181116008 1.2766346344204944 1.2508636507293882 1.225092667038282 1.1993216833471756 1.1735506996560694 1.1477797159649632 1.1220087322738568 1.0962377485827506 1.0704667648916444 1.0544398246217828 1.0488294872489536 1.0432191498761245 1.0376088125032952 1.031998475130466 1.0263881377576367 1.0207778003848076 1.0151674630119782 1.0095571256391491 1.00394678826632 0.9983364508934907 0.9927261135206615 0.9953662934550057 1.0068264630931603 1.0182866327312952 1.02974680236943 1.041206972007565 1.0526671416457 1.064127311283835 1.0755874809219699 1.0870476505601048 1.09850782019824 1.1099679898363748 1.1214281594745097 1.0819435248467588 0.9879977415152423 0.8940519581835655 0.8001061748520488 0.7061603915205322 0.6122146081890156
1.3777287119451211 1.360603479383386 1.3434782468216218 1.3235857758343772 1.3007350643613262 1.2778843528882753 1.255033641415224 1.2321829299421732 1.2093322184691222 1.1864815069960712 1.1636307955230203 1.1407800840499691 1.1179293725769182 1.0950786611038672 1.0722279496308162 1.0591973163572996 1.0566645688792449 1.0541318214011899 1.0515990739231351 1.0490663264450804 1.0465335789670254 1.0440008314889706 1.0414680840109156 1.0389353365328609 1.0364025890548059 1.033869841576751 1.0313370940986961 1.033276472700747 1.0399966552829785 1.0467168378651983 1.0534370204474184 1.0601572030296382 1.066877385611858 1.073597568194078 1.080317750776298 1.0870379333585178 1.0937581159407377 1.1004782985229575 1.1071984811051774 1.0659365537585603 0.9733806650038969 0.8808247762490754 0.7882688874944117 0.6957129987397481 0.6031571099850845
1.3513516269578825 1.3320822399531689 1.3128128529484222 1.293223966174941 1.2732935269199452 1.2533630876649495 1.2334326484099538 1.213502209154958 1.1935717698999624 1.1736413306449667 1.153710891389971 1.1337804521349752 1.1138500128799795 1.0939195736249838 1.073989134369988 1.0639548080928167 1.064499650509536 1.0650444929262555 1.065589335342975 1.0661341777596944 1.066679020176414 1.0672238625931334 1.0677687050098528 1.0683135474265724 1.0688583898432917 1.0694032322600113 1.0699480746767307 1.0711866519464883 1.0731668474727967 1.0751470429991015 1.0771272385254063 1.079107434051711 1.081087629578016 1.0830678251043209 1.0850480206306257 1.0870282161569305 1.0890084116832353 1.0909886072095403 1.092968802735845 1.0499295826703618 0.9587635884925512 0.8675975943145852 0.7764316001367746 0.685265605958964 0.5940996117811534
1.324974541970633 1.3035610005229397 1.2821474590752098 1.2628621565154918 1.2458519894785527 1.2288418224416136 1.2118316554046742 1.194821488367735 1.177811321330796 1.1608011542938568 1.1437909872569176 1.1267808202199785 1.1097706531830394 1.0927604861461 1.075750319109161 1.0687122998283356 1.0723347321398309 1.075957164451326 1.079579596762821 1.083202029074316 1.0868244613858111 1.0904468936973062 1.0940693260088012 1.0976917583202965 1.1013141906317916 1.1049366229432867 1.1085590552547817 1.1090968311922458 1.1063370396626289 1.1035772481330166 1.1008174566034044 1.098057665073792 1.0952978735441798 1.0925380820145678 1.0897782904849556 1.0870184989553433 1.084258707425731 1.0814989158961188 1.0787391243665065 1.0339226115821563 0.9441465119811993 0.8543704123800893 0.7645943127791324 0.6748182131781754 0.5850421135772184
1.2985974569833945 1.2750397610927227 1.2514820652020104 1.2325003468560556 1.2184104520371717 1.2043205572182878 1.190230662399404 1.17614076758052 1.162050872761636 1.1479609779427522 1.1338710831238683 1.1197811883049846 1.1056912934861007 1.0916013986672168 1.077511503848333 1.0734697915638527 1.0801698137701221 1.0868698359763915 1.093569858182661 1.1002698803889304 1.1069699025951998 1.1136699248014692 1.1203699470077386 1.127069969214008 1.1337699914202775 1.1404700136265469 1.1471700358328163 1.147007010437987 1.139507231852447 1.1320074532669198 1.1245076746813925 1.1170078960958651 1.1095081175103378 1.1020083389248105 1.0945085603392832 1.087008781753756 1.0795090031682286 1.0720092245827013 1.064509445997174 1.0179156404939576 0.9295294354698536 0.841143230445599 0.752757025421495 0.6643708203973911 0.5759846153732873
1.272220371996156 1.2465185216625054 1.220816671328811 1.2021385371966196 1.190968914595791 1.1797992919949623 1.1686296693941336 1.1574600467933052 1.1462904241924765 1.1351208015916479 1.1239511789908192 1.1127815563899905 1.1016119337891621 1.0904423111883335 1.0792726885875048 1.0782272832993696 1.0880048954004133 1.097782507501457 1.1075601196025007 1.1173377317035444 1.1271153438045882 1.136892955905632 1.1466705680066758 1.1564481801077195 1.1662257922087633 1.176003404309807 1.1857810164108509 1.1849171896837283 1.1726774240422653 1.160437658400823 1.1481978927593806 1.1359581271179382 1.1237183614764958 1.1114785958350535 1.0992388301936111 1.0869990645521688 1.0747592989107264 1.062519533269284 1.0502797676278417 1.0019086694057588 0.914912358958508 0.8279160485111088 0.7409197380638579 0.653923427616607 0.5669271171693561
1.2458432870089062 1.217997282232276 1.1901512774555985 1.1717767275371702 1.1635273771543981 1.155278026771626 1.147028676388854 1.138779326006082 1.1305299756233098 1.1222806252405377 1.1140312748577657 1.1057819244749936 1.0975325740922215 1.0892832237094494 1.0810338733266773 1.0829847750348884 1.0958399770307077 1.1086951790265271 1.1215503810223466 1.1344055830181659 1.1472607850139853 1.1601159870098048 1.1729711890056242 1.1858263910014435 1.198681592997263 1.2115367949930824 1.2243919969889019 1.2228273689294857 1.2058476162320975 1.188867863534738 1.1718881108373786 1.1549083581400192 1.1379286054426596 1.1209488527453002 1.1039691000479408 1.0869893473505814 1.070009594653222 1.0530298419558626 1.0360500892585032 0.9859016983175533 0.9002952824471561 0.8146888665766128 0.7290824507062156 0.6434760348358184 0.5578696189654211
1.2194662020216678 1.189476042802059 1.1594858835823991 1.141414917877734 1.1360858397130174 1.1307567615483005 1.1254276833835837 1.1200986052188668 1.11476952705415 1.1094404488894334 1.1041113707247165 1.0987822925599997 1.0934532143952829 1.088124136230566 1.0827950580658494 1.0877422667704053 1.103675058660999 1.1196078505515927 1.1355406424421866 1.1514734343327802 1.167406226223374 1.1833390181139676 1.1992718100045614 1.2152046018951552 1.2311373937857488 1.2470701856763426 1.2630029775669362 1.260737548175227 1.2390178084219154 1.217298068668641 1.1955783289153665 1.173858589162092 1.1521388494088176 1.1304191096555432 1.1086993699022687 1.0869796301489942 1.0652598903957196 1.0435401506424453 1.0218204108891706 0.9698947272293547 0.8856782059358104 0.8014616846421225 0.7172451633485784 0.6330286420550342 0.54881212076149
1.1930891170344293 1.160954803371842 1.1288204897091998 1.111053108218298 1.1086443022716364 1.106235496324975 1.1038266903783134 1.101417884431652 1.0990090784849904 1.096600272538329 1.0941914665916674 1.0917826606450058 1.0893738546983445 1.0869650487516829 1.0845562428050215 1.0924997585059224 1.1115101402912904 1.1305205220766585 1.1495309038620265 1.1685412856473945 1.1875516674327626 1.2065620492181306 1.2255724310034988 1.2445828127888667 1.2635931945742347 1.2826035763596029 1.3016139581449708 1.2986477274209685 1.2721880006117336 1.2457282738025441 1.2192685469933546 1.1928088201841651 1.1663490933749756 1.139889366565786 1.1134296397565966 1.086969912947407 1.0605101861382176 1.0340504593290278 1.0075907325198383 0.9538877561411561 0.8710611294244648 0.7882345027076324 0.7054078759909412 0.62258124927425 0.5397546225575588
1.166712032047191 1.132433563941625 1.0981550958360005 1.0806912985588617 1.0812027648302556 1.0817142311016494 1.082225697373043 1.082737163644437 1.0832486299158306 1.0837600961872245 1.0842715624586183 1.084783028730012 1.0852944950014058 1.0858059612727995 1.0863174275441934 1.0972572502414393 1.1193452219215816 1.141433193601724 1.1635211652818664 1.1856091369620088 1.207697108642151 1.2297850803222936 1.251873052002436 1.2739610236825782 1.2960489953627208 1.318136967042863 1.3402249387230054 1.3365579066667097 1.3053581928015519 1.2741584789364473 1.2429587650713427 1.2117590512062382 1.1805593373411336 1.149359623476029 1.1181599096109245 1.08696019574582 1.0557604818807151 1.0245607680156106 0.993361054150506 0.9378807850529575 0.8564440529131192 0.7750073207731422 0.693570588633304 0.6121338564934659 0.5306971243536276
1.1399732142928236 1.1050628176610462 1.070152421029209 1.052419178841875 1.0530487033898082 1.0536782279377415 1.0543077524856748 1.0549372770336078 1.0555668015815411 1.0561963261294744 1.0568258506774078 1.0574553752253408 1.0580848997732741 1.0587144243212074 1.0593439488691407 1.0737506574041324 1.1028854873592704 1.132020317314408 1.1611551472695458 1.1902899772246835 1.2194248071798213 1.248559637134959 1.277694467090097 1.3068292970452347 1.3359641270003724 1.36509895695551 1.3942337869106478 1.3943941977730978 1.3635802989581336 1.3327664001432218 1.30195250132831 1.2711386025133982 1.2403247036984864 1.2095108048835745 1.1786969060686627 1.1478830072537511 1.117069108438839 1.0862552096239275 1.0554413108090157 0.9981789442423609 0.9126425670877611 0.8271061899330157 0.741569812778416 0.6560334356238164 0.5704970584692167
1.1128477270090438 1.0789218760462989 1.044996025083496 1.0263808059682757 1.02413299870203 1.0218851914357843 1.0196373841695383 1.0173895769032926 1.0151417696370468 1.0128939623708009 1.0106461551045551 1.0083983478383094 1.0061505405720637 1.0039027333058177 1.001654926039572 1.020031539534991 1.0604561254958615 1.1008807114567323 1.141305297417603 1.1817298833784737 1.2221544693393442 1.262579055300215 1.3030036412610857 1.3434282272219562 1.383852813182827 1.4242773991436977 1.4647019851045684 1.4735302465923108 1.448581322219395 1.423632397846522 1.3986834734736489 1.3737345491007757 1.3487856247279026 1.3238367003550295 1.2988877759821564 1.2739388516092833 1.2489899272364102 1.2240410028635371 1.199092078490664 1.1400424784797232 1.044538484471487 0.9490344904630876 0.8535304964548512 0.7580265024466148 0.6625225084383786
1.085722239725264 1.0527809344315515 1.0198396291377831 1.0003424330946766 0.9952172940142517 0.990092154933827 0.9849670158534021 0.9798418767729772 0.9747167376925524 0.9695915986121275 0.9644664595317026 0.9593413204512778 0.954216181370853 0.9490910422904281 0.9439659032100033 0.9663124216658493 1.018026763632453 1.0697411055990564 1.12145544756566 1.1731697895322637 1.2248841314988672 1.2765984734654707 1.3283128154320742 1.380027157398678 1.4317414993652815 1.483455841331885 1.5351701832984888 1.5526662954115233 1.5335823454806565 1.5144983955498221 1.4954144456189877 1.4763304956881533 1.457246545757319 1.4381625958264845 1.4190786458956501 1.3999946959648157 1.3809107460339813 1.361826796103147 1.3427428461723125 1.2819060127170856 1.1764344018552124 1.0709627909931596 0.9654911801312864 0.8600195692694134 0.7545479584075403
