Figures/CREST_Example_wjb_NSE/Rolling_result/20100722/BJP_forecast/ens_18/wjb.rain.20100725.asc
ncols            288
nrows            254
xllcorner        113.274861
yllcorner        31.4918055
cellsize         0.008333333333
NODATA_value     -9999
[rows 120 to 139 of 254, columns 135 to 179 of 288]
5.309893934647509 5.169665115126298 5.029436295605087 4.889207476083874 4.748978656562663 4.608749837041452 4.46852101752024 4.328292197999028 4.188063378477578 4.0478345589563665 3.907605739435155 3.7673769199139433 3.678629090163969 3.64491560292276 3.6112021156815506 3.5774886284403413 3.543775141199132 3.510061653957923 3.4763481667167135 3.4426346794755043 3.408921192234295 3.375207704993028 3.341494217751819 3.30778073051061 3.4328816704525478 3.7277588255865557 4.022635980720564 4.317513135854572 4.6123902909885794 4.907267446122587 5.202144601256595 5.497021756390603 5.79189891152461 6.086776066658619 6.38165322179313 6.676530376927137 6.877496815260067 6.9780705727896475 7.078644330319228 7.179218087848808 7.279791845378388 7.380365602907968 7.480939360437549 7.581513117967129 7.68208687549671
5.122866439450265 5.001262053424914 4.879657667399562 4.758053281374211 4.6364488953488605 4.514844509323509 4.393240123298158 4.271635737272807 4.150031351247248 4.028426965221898 3.9068225791965463 3.785218193171195 3.708685403255112 3.68033516904972 3.651984934844328 3.6236347006389362 3.595284466433544 3.5669342322281525 3.5385839980227605 3.510233763817369 3.481883529611977 3.4535332954065368 3.4251830612011447 3.3968328269957526 3.507938849511331 3.768126765094696 4.028314680678061 4.288502596261427 4.548690511844792 4.808878427428158 5.069066343011523 5.329254258594888 5.589442174178254 5.849630089761619 6.109818005345428 6.370005920928794 6.556429460895988 6.663997214557357 6.771564968218726 6.879132721880095 6.986700475541464 7.094268229202833 7.201835982864202 7.309403736525571 7.41697149018694
4.717508772749154 4.655812146655134 4.594115520561114 4.532418894467093 4.4707222683730725 4.409025642279053 4.347329016185032 4.285632390091012 4.223935763996886 4.162239137902866 4.100542511808845 4.038845885714825 3.993417246414528 3.965379452960673 3.9373416595068176 3.909303866052962 3.8812660725991073 3.853228279145252 3.8251904856913965 3.7971526922375416 3.769114898783686 3.7410771053297833 3.713039311875928 3.685001518422073 3.779426407492127 4.004766674402511 4.230106941312894 4.455447208223279 4.680787475133663 4.906127742044046 5.13146800895443 5.356808275864815 5.582148542775198 5.807488809685582 6.03282907659635 6.258169343506735 6.417455075717345 6.50612701598156 6.594798956245775 6.6834708965099905 6.772142836774205 6.860814777038421 6.949486717302635 7.038158657566851 7.1268305978310655
4.312151106048044 4.310362239885355 4.308573373722664 4.306784507559975 4.304995641397285 4.303206775234596 4.301417909071906 4.299629042909216 4.297840176746523 4.296051310583834 4.294262444421144 4.292473578258454 4.278149089573943 4.250423736871625 4.222698384169306 4.194973031466988 4.16724767876467 4.139522326062352 4.111796973360033 4.084071620657714 4.056346267955396 4.02862091525303 4.000895562550712 3.9731702098483934 4.050913965472923 4.241406583710326 4.431899201947728 4.622391820185131 4.812884438422533 5.003377056659936 5.193869674897337 5.384362293134741 5.574854911372142 5.765347529609545 5.9558401478472724 6.146332766084675 6.278480690538702 6.348256817405763 6.418032944272825 6.4878090711398855 6.557585198006947 6.627361324874008 6.697137451741069 6.766913578608131 6.836689705475192
3.906793439346588 3.9649123331152802 4.0230312268839725 4.081150120652664 4.139269014421356 4.1973879081900485 4.255506801958741 4.313625695727433 4.371744589496224 4.429863483264916 4.4879823770336085 4.5461012708023 4.562880932733602 4.535468020782821 4.508055108832039 4.4806421968812575 4.453229284930476 4.425816372979694 4.398403461028913 4.370990549078131 4.34357763712735 4.316164725176522 4.2887518132257405 4.261338901274959 4.322401523453951 4.478046493018342 4.633691462582733 4.789336432147124 4.944981401711515 5.100626371275906 5.256271340840298 5.411916310404689 5.56756127996908 5.7232062495334715 5.878851219098128 6.034496188662519 6.139506305359939 6.19038661882983 6.241266932299722 6.2921472457696135 6.343027559239505 6.393907872709396 6.444788186179287 6.495668499649179 6.54654881311907
3.5014357726454777 3.6194624263455006 3.7374890800455236 3.8555157337455466 3.9735423874455695 4.0915690411455925 4.209595694845615 4.327622348545638 4.445649002245863 4.563675655945885 4.6817023096459085 4.799728963345931 4.847612775893019 4.820512304693774 4.793411833494529 4.766311362295284 4.7392108910960395 4.712110419896795 4.68500994869755 4.657909477498305 4.63080900629906 4.603708535099769 4.576608063900524 4.549507592701279 4.593889081434748 4.714686402326157 4.835483723217567 4.956281044108977 5.077078365000387 5.1978756858917965 5.3186730067832055 5.4394703276746155 5.560267648566025 5.681064969457435 5.801862290349051 5.92265961124046 6.000531920181297 6.0325164202540345 6.064500920326772 6.096485420399509 6.128469920472247 6.160454420544984 6.192438920617722 6.224423420690459 6.256407920763197
3.0960781059443674 3.274012519575721 3.4519469332070747 3.6298813468384283 3.807815760469782 3.985750174101135 4.163684587732488 4.341619001363842 4.5195534149954995 4.697487828626853 4.875422242258207 5.05335665588956 5.132344619052435 5.105556588604727 5.0787685581570186 5.05198052770931 5.025192497261602 4.998404466813894 4.971616436366186 4.944828405918478 4.9180403754707696 4.891252345023016 4.864464314575308 4.8376762841276 4.865376639415544 4.951326311633972 5.0372759838524 5.1232256560708285 5.209175328289256 5.295125000507685 5.381074672726113 5.467024344944542 5.55297401716297 5.638923689381398 5.724873361599973 5.8108230338184015 5.861557535002653 5.874646221678237 5.887734908353821 5.900823595029404 5.913912281704988 5.927000968380572 5.940089655056155 5.953178341731738 5.966267028407322
2.6907204392432575 2.928562612805942 3.166404786368626 3.40424695993131 3.6420891334939944 3.8799313070566788 4.117773480619363 4.355615654182047 4.593457827745137 4.831300001307822 5.069142174870506 5.30698434843319 5.417076462211851 5.390600872515679 5.364125282819508 5.337649693123336 5.311174103427165 5.284698513730993 5.258222924034822 5.2317473343386505 5.205271744642479 5.178796154946263 5.152320565250092 5.12584497555392 5.136864197396339 5.187966220941787 5.239068244487234 5.29017026803268 5.341272291578127 5.392374315123574 5.44347633866902 5.494578362214467 5.545680385759914 5.59678240930536 5.647884432850894 5.698986456396342 5.722583149824009 5.716776023102439 5.710968896380869 5.705161769659299 5.699354642937729 5.693547516216159 5.687740389494589 5.681933262773019 5.676126136051449
2.285362772542147 2.583112706036162 2.880862639530177 3.178612573024192 3.476362506518207 3.774112440012222 4.071862373506237 4.369612307000252 4.667362240494775 4.965112173988789 5.262862107482805 5.560612040976819 5.701808305371267 5.675645156426632 5.649482007481997 5.623318858537362 5.597155709592728 5.570992560648094 5.544829411703459 5.518666262758824 5.492503113814189 5.46633996486951 5.440176815924875 5.414013666980241 5.408351755377136 5.424606130249601 5.440860505122067 5.457114879994532 5.473369254866997 5.489623629739462 5.505878004611928 5.522132379484393 5.538386754356858 5.554641129229323 5.570895504101816 5.587149878974282 5.583608764645366 5.558905824526642 5.534202884407918 5.509499944289194 5.48479700417047 5.460094064051746 5.435391123933022 5.410688183814298 5.385985243695575
1.8800051058410365 2.2376627992663822 2.595320492691728 2.9529781861170736 3.31063587954242 3.668293572967765 4.025951266393111 4.383608959818457 4.741266653244413 5.098924346669758 5.456582040095104 5.81423973352045 5.9865401485306835 5.960689440337585 5.934838732144487 5.908988023951389 5.883137315758291 5.857286607565193 5.831435899372095 5.805585191178997 5.779734482985899 5.753883774792756 5.728033066599658 5.70218235840656 5.679839313357932 5.661246039557416 5.6426527657569 5.624059491956384 5.605466218155867 5.586872944355352 5.568279670554835 5.5496863967543195 5.531093122953803 5.512499849153287 5.493906575352739 5.475313301552223 5.444634379466724 5.401035625950845 5.357436872434968 5.31383811891909 5.270239365403212 5.226640611887334 5.183041858371457 5.139443104855578 5.095844351339701
1.4746474391399262 1.8922128924966026 2.309778345853279 2.727343799209956 3.1449092525666322 3.562474705923309 3.9800401592799854 4.397605612636662 4.8151710659940505 5.232736519350727 5.650301972707403 6.06786742606408 6.271271991690099 6.245733724248538 6.220195456806977 6.194657189365415 6.169118921923854 6.143580654482292 6.118042387040731 6.09250411959917 6.066965852157608 6.041427584716003 6.015889317274442 5.9903510498328805 5.951326871338728 5.89788594886523 5.844445026391733 5.791004103918235 5.737563181444738 5.68412225897124 5.630681336497743 5.577240414024245 5.523799491550747 5.470358569077249 5.416917646603661 5.363476724130163 5.30565999428808 5.2431654273750485 5.180670860462016 5.118176293548985 5.055681726635953 4.993187159722922 4.930692592809891 4.8681980258968585 4.805703458983827
1.0692897724384705 1.5467629857265286 2.024236199014587 2.5017094123026453 2.9791826255907035 3.4566558388787616 3.9341290521668206 4.411602265454879 4.889075478743751 5.3665486920318095 5.844021905319868 6.321495118607926 6.556003834849758 6.530778008159734 6.505552181469709 6.4803263547796846 6.455100528089661 6.429874701399636 6.404648874709611 6.3794230480195875 6.354197221329563 6.328971394639495 6.303745567949471 6.278519741259447 6.222814429319756 6.134525858173247 6.046237287026739 5.95794871588023 5.869660144733721 5.781371573587212 5.693083002440703 5.604794431294195 5.516505860147686 5.428217289001177 5.339928717854518 5.251640146708009 5.166685609109319 5.085295228799117 5.003904848488915 4.922514468178713 4.841124087868511 4.75973370755831 4.6783433272481085 4.596952946937907 4.515562566627706
0.6639321057373602 1.201313078956749 1.738694052176138 2.2760750253955266 2.8134559986149155 3.3508369718343043 3.888217945053693 4.425598918273082 4.962979891493388 5.500360864712777 6.037741837932166 6.575122811151554 6.840735678009174 6.815822292070686 6.790908906132198 6.7659955201937105 6.7410821342552225 6.716168748316735 6.691255362378247 6.66634197643976 6.641428590501272 6.6165152045627424 6.591601818624254 6.566688432685766 6.4943019873005525 6.371165767481062 6.248029547661572 6.124893327842082 6.001757108022591 5.878620888203101 5.755484668383611 5.63234844856412 5.50921222874463 5.38607600892514 5.26293978910544 5.139803569285949 5.027711223930675 4.927425030223319 4.827138836515964 4.726852642808608 4.6265664491012535 4.526280255393898 4.425994061686542 4.325707867979187 4.225421674271831
0.6831084275959775 1.2247638893412724 1.7664193510865673 2.3080748128318627 2.8497302745771576 3.3913857363224524 3.9330411980677473 4.474696659813042 5.016352121559261 5.558007583304556 6.099663045049851 6.641318506795146 6.910303082248779 6.887796312741364 6.865289543233949 6.842782773726534 6.820276004219118 6.797769234711703 6.775262465204288 6.752755695696873 6.730248926189457 6.707742156682004 6.685235387174589 6.662728617667173 6.576839299067415 6.423192601714439 6.269545904361464 6.115899207008489 5.962252509655514 5.808605812302538 5.6549591149495635 5.501312417596588 5.347665720243613 5.194019022890638 5.0403723255374 4.886725628184426 4.756292973422585 4.650676655362165 4.545060337301744 4.439444019241324 4.333827701180904 4.228211383120483 4.122595065060063 4.0169787469996425 3.911362428939222
1.156084820375231 1.6425463106652196 2.129007800955208 2.615469291245197 3.1019307815351853 3.5883922718251737 4.074853762115162 4.561315252405151 5.0477767426959685 5.534238232985957 6.020699723275946 6.507161213565935 6.749873265364425 6.732011654071551 6.714150042778677 6.696288431485803 6.678426820192929 6.660565208900055 6.642703597607181 6.624841986314307 6.606980375021433 6.5891187637285284 6.5712571524356544 6.5533955411427804 6.45740070915617 6.277879696800244 6.0983586844443165 5.91883767208839 5.739316659732463 5.559795647376537 5.380274635020609 5.200753622664683 5.021232610308756 4.841711597952829 4.662190585596596 4.48266957324067 4.343300580209432 4.246855004195783 4.150409428182135 4.053963852168487 3.9575182761548393 3.8610727001411913 3.764627124127543 3.6681815481138953 3.571735972100247
1.6290612131544837 2.060328731989166 2.4915962508238483 2.9228637696585302 3.354131288493212 3.7853988073278946 4.216666326162576 4.647933844997258 5.079201363832676 5.510468882667358 5.94173640150204 6.373003920336723 6.58944344848007 6.576226995401737 6.563010542323404 6.549794089245071 6.536577636166738 6.523361183088405 6.510144730010073 6.49692827693174 6.483711823853407 6.470495370775052 6.457278917696719 6.444062464618386 6.337962119244924 6.132566791886046 5.927171464527167 5.721776137168289 5.516380809809411 5.3109854824505325 5.1055901550916545 4.900194827732776 4.694799500373898 4.48940417301502 4.284008845655791 4.078613518296913 3.930308186996277 3.843033353029401 3.7557585190625256 3.6684836850956497 3.5812088511287743 3.493934017161899 3.406659183195023 3.3193843492281476 3.2321095152612718
2.1020376059337362 2.478111153313112 2.854184700692488 3.2302582480718636 3.606331795451239 3.982405342830615 4.358478890209991 4.734552437589366 5.110625984969383 5.4866995323487595 5.862773079728135 6.2388466271075105 6.429013631595716 6.420442336731924 6.411871041868132 6.403299747004341 6.394728452140549 6.386157157276757 6.377585862412966 6.369014567549174 6.360443272685382 6.351871977821576 6.343300682957784 6.334729388093993 6.218523529333679 5.987253886971849 5.755984244610019 5.524714602248189 5.29344495988636 5.062175317524529 4.8309056751626995 4.59963603280087 4.36836639043904 4.1370967480772105 3.9058271057149856 3.674557463353156 3.5173157937831223 3.439211701863019 3.3611076099429162 3.283003518022813 3.2048994261027097 3.1267953341826065 3.048691242262503 2.9705871503424 2.892483058422297
2.575013998713393 2.895893574637415 3.2167731505614374 3.53765272648546 3.8585323024094818 4.179411878333504 4.5002914542575265 4.8211710301815485 5.1420506061061175 5.46293018203014 5.783809757954162 6.104689333878184 6.268583814711223 6.264657678061977 6.2607315414127305 6.256805404763484 6.2528792681142376 6.248953131464991 6.245026994815745 6.241100858166498 6.237174721517252 6.233248584867999 6.229322448218753 6.225396311569506 6.099084939422332 5.841940982057529 5.584797024692725 5.327653067327922 5.070509109963119 4.813365152598315 4.556221195233512 4.299077237868708 4.041933280503905 3.7847893231391008 3.527645365773859 3.2705014084090553 3.104323400569616 3.035390050696293 2.9664567008229703 2.897523350949647 2.828590001076324 2.7596566512030014 2.6907233013296783 2.6217899514563556 2.5528566015830325
3.047990391492646 3.3136759959613613 3.5793616004300772 3.845047204898793 4.110732809367509 4.376418413836224 4.64210401830494 4.907789622773656 5.173475227242825 5.43916083171154 5.704846436180256 5.970532040648972 6.108153997826868 6.1088730193921625 6.109592040957458 6.110311062522753 6.111030084088047 6.111749105653343 6.112468127218637 6.113187148783932 6.113906170349227 6.114625191914523 6.115344213479818 6.116063235045113 5.979646349511087 5.696628077143332 5.413609804775577 5.130591532407822 4.847573260040067 4.564554987672312 4.281536715304557 3.9985184429368017 3.715500170569047 3.4324818982012917 3.149463625833054 2.866445353465299 2.691331007356462 2.6315683995299115 2.571805791703361 2.51204318387681 2.45228057605026 2.392517968223709 2.3327553603971585 2.272992752570608 2.2132301447440574
3.520966784271899 3.731458417285308 3.9419500502987175 4.1524416833121265 4.362933316325536 4.573424949338945 4.783916582352354 4.994408215365764 5.204899848379533 5.415391481392942 5.625883114406351 5.836374747419761 5.947724180942513 5.95308836072235 5.9584525405021855 5.963816720282022 5.969180900061858 5.974545079841694 5.97990925962153 5.985273439401365 5.990637619181202 5.996001798961047 6.001365978740883 6.006730158520719 5.8602077595998425 5.551315172229136 5.242422584858429 4.933529997487723 4.624637410117016 4.315744822746309 4.006852235375602 3.6979596480048955 3.389067060634189 3.080174473263482 2.771281885892249 2.462389298521542 2.2783386141433075 2.2277467483635296 2.1771548825837512 2.1265630168039733 2.075971151024195 2.025379285244417 1.9747874194646389 1.9241955536848607 1.8736036879050826
