Figures/CREST_Example_wjb_NSE/Rolling_result/20100722/BJP_forecast/ens_18/wjb.rain.20091111.asc
ncols            288
nrows            254
xllcorner        113.274861
yllcorner        31.4918055
cellsize         0.008333333333
NODATA_value     -9999
[rows 60 to 79 of 254, columns 0 to 46 of 288]
-9999.0 -9999.0 -9999.0 -9999.0 -9999.0 -9999.0 -9999.0 -9999.0 -9999.0 -9999.0 -9999.0 4.68175241529209 4.539401799911488 4.397051184530644 4.254700569150042 4.176737909132498 4.167607428327477 4.1584769475224554 4.149346466717434 4.140215985912413 4.131085505107391 4.12195502430237 4.112824543497348 4.103694062692327 4.094563581887305 4.085433101082284 4.076302620277247 4.07158508344505 4.07158508344505 4.07158508344505 4.07158508344505 4.07158508344505 4.07158508344505 4.07158508344505 4.07158508344505 4.07158508344505 4.07158508344505 4.07158508344505 4.07158508344505 4.099144689103581 4.156166136069207 4.213187583034834 4.27020903000046 4.327230476966087 4.384251923931713 4.44127337089734 4.498294817862966
-9999.0 -9999.0 -9999.0 -9999.0 -9999.0 -9999.0 -9999.0 -9999.0 -9999.0 4.938752967557161 4.794685402578024 4.650617837598886 4.506550272619748 4.362482707640365 4.218415142661228 4.1362839314569735 4.120364081970364 4.104444232483755 4.088524382997146 4.072604533510536 4.056684684023927 4.040764834537318 4.0248449850507075 4.008925135564098 3.9930052860774894 3.97708543659088 3.9611655871042437 3.952940119254312 3.952940119254312 3.952940119254312 3.952940119254312 3.952940119254312 3.952940119254312 3.952940119254312 3.952940119254312 3.952940119254312 3.952940119254312 3.952940119254312 3.952940119254312 3.979846500260512 4.035516410657325 4.091186321054139 4.146856231450953 4.202526141847767 4.258196052244581 4.313865962641394 4.369535873038208
-9999.0 -9999.0 -9999.0 -9999.0 -9999.0 -9999.0 -9999.0 -9999.0 -9999.0 4.8888921545045605 4.741574773989849 4.594257393475138 4.446940012960427 4.299622632445464 4.152305251930753 4.067112986013016 4.048333871397037 4.0295547567810575 4.010775642165078 3.991996527549099 3.9732174129331193 3.95443829831714 3.9356591837011607 3.9168800690851815 3.8981009544692022 3.879321839853223 3.8605427252372118 3.85083993227715 3.85083993227715 3.85083993227715 3.85083993227715 3.85083993227715 3.85083993227715 3.85083993227715 3.85083993227715 3.85083993227715 3.85083993227715 3.85083993227715 3.85083993227715 3.875205656054149 3.925618889223877 3.976032122393604 4.0264453555633315 4.076858588733059 4.127271821902787 4.177685055072515 4.228098288242242
-9999.0 -9999.0 -9999.0 -9999.0 -9999.0 -9999.0 -9999.0 -9999.0 -9999.0 4.83903134145196 4.688464145401675 4.53789694935139 4.387329753301104 4.236762557250563 4.086195361200278 3.997942040569059 3.9763036608237097 3.95466528107836 3.933026901333011 3.9113885215876616 3.8897501418423124 3.868111762096963 3.846473382351614 3.8248350026062647 3.8031966228609155 3.7815582431155663 3.75991986337018 3.748739745299988 3.748739745299988 3.748739745299988 3.748739745299988 3.748739745299988 3.748739745299988 3.748739745299988 3.748739745299988 3.748739745299988 3.748739745299988 3.748739745299988 3.748739745299988 3.770564811847787 3.8157213677904283 3.86087792373307 3.906034479675711 3.9511910356183524 3.9963475915609936 4.041504147503635 4.0866607034462765
-9999.0 -9999.0 -9999.0 -9999.0 -9999.0 -9999.0 -9999.0 -9999.0 4.94298753998522 4.78917052839936 4.635353516813501 4.481536505227641 4.327719493641783 4.173902482055661 4.020085470469802 3.928771095125101 3.9042734502503817 3.8797758053756626 3.8552781605009434 3.8307805156262242 3.806282870751505 3.781785225876786 3.7572875810020667 3.7327899361273476 3.7082922912526284 3.683794646377909 3.6592970015031483 3.646639558322826 3.646639558322826 3.646639558322826 3.646639558322826 3.646639558322826 3.646639558322826 3.646639558322826 3.646639558322826 3.646639558322826 3.646639558322826 3.646639558322826 3.646639558322826 3.665923967641425 3.70582384635698 3.745723725072535 3.78562360378809 3.825523482503645 3.8654233612192 3.905323239934755 3.94522311865031
-9999.0 -9999.0 -9999.0 -9999.0 -9999.0 -9999.0 -9999.0 -9999.0 4.896376542468193 4.73930971534676 4.582242888225327 4.425176061103894 4.268109233982461 4.11104240686076 3.9539755797393266 3.859600149681144 3.8322432396770547 3.8048863296729656 3.7775294196688765 3.7501725096647873 3.722815599660698 3.695458689656609 3.66810177965252 3.640744869648431 3.6133879596443417 3.5860310496402525 3.558674139636117 3.5445393713456643 3.5445393713456643 3.5445393713456643 3.5445393713456643 3.5445393713456643 3.5445393713456643 3.5445393713456643 3.5445393713456643 3.5445393713456643 3.5445393713456643 3.5445393713456643 3.5445393713456643 3.561283123435063 3.5959263249235316 3.6305695264120006 3.665212727900469 3.6998559293889377 3.7344991308774067 3.7691423323658753 3.8037855338543443
-9999.0 -9999.0 -9999.0 -9999.0 -9999.0 -9999.0 -9999.0 -9999.0 4.8497655449511266 4.689448902294117 4.529132259637107 4.368815616980097 4.208498974323088 4.048182331665805 3.8878656890087946 3.7904292042371273 3.760213029103666 3.729996853970204 3.699780678836743 3.669564503703281 3.63934832856982 3.609132153436358 3.5789159783028968 3.548699803169435 3.5184836280359737 3.4882674529025124 3.458051277768999 3.442439184368415 3.442439184368415 3.442439184368415 3.442439184368415 3.442439184368415 3.442439184368415 3.442439184368415 3.442439184368415 3.442439184368415 3.442439184368415 3.442439184368415 3.442439184368415 3.4566422792286113 3.4860288034899893 3.5154153277513673 3.5448018520127453 3.5741883762741233 3.6035749005355013 3.63296142479688 3.662347949058258
-9999.0 -9999.0 -9999.0 -9999.0 -9999.0 -9999.0 -9999.0 -9999.0 4.8031545474341 4.639588089241516 4.4760216310489325 4.312455172856349 4.148888714663765 3.9853222564709023 3.8217557982783186 3.7212582587931697 3.688182818530338 3.6551073782675068 3.6220319380046755 3.5889564977418438 3.5558810574790125 3.5228056172161812 3.4897301769533495 3.4566547366905183 3.423579296427687 3.3905038561648553 3.3574284159019676 3.340338997391253 3.340338997391253 3.340338997391253 3.340338997391253 3.340338997391253 3.340338997391253 3.340338997391253 3.340338997391253 3.340338997391253 3.340338997391253 3.340338997391253 3.340338997391253 3.352001435022249 3.376131282056541 3.4002611290908327 3.4243909761251246 3.4485208231594164 3.472650670193708 3.4967805172279998 3.5209103642622916
-9999.0 -9999.0 -9999.0 -9999.0 -9999.0 -9999.0 -9999.0 4.923359823645232 4.756543549917074 4.589727276188917 4.422911002460759 4.256094728732601 4.089278455004443 3.922462181276001 3.7556459075478434 3.652087313349212 3.616152607957011 3.5802179025648098 3.544283197172608 3.508348491780407 3.4724137863882056 3.436479080996004 3.4005443756038027 3.3646096702116015 3.3286749648194 3.2927402594271986 3.256805554034936 3.2382388104140913 3.2382388104140913 3.2382388104140913 3.2382388104140913 3.2382388104140913 3.2382388104140913 3.2382388104140913 3.2382388104140913 3.2382388104140913 3.2382388104140913 3.2382388104140913 3.2382388104140913 3.247360590815887 3.2662337606230927 3.285106930430298 3.3039801002375038 3.322853270044709 3.341726439851915 3.36059960965912 3.379472779466326
-9999.0 -9999.0 -9999.0 -9999.0 -9999.0 -9999.0 -9999.0 4.8799986416637795 4.709932552400048 4.539866463136316 4.369800373872584 4.199734284608853 4.0296681953451206 3.859602106081099 3.6895360168173674 3.5829163679052547 3.5441223973836835 3.5053284268621123 3.4665344563405407 3.4277404858189695 3.3889465152973983 3.350152544775827 3.311358574254256 3.2725646037326843 3.233770633211113 3.194976662689542 3.1561826921679046 3.1361386234369295 3.1361386234369295 3.1361386234369295 3.1361386234369295 3.1361386234369295 3.1361386234369295 3.1361386234369295 3.1361386234369295 3.1361386234369295 3.1361386234369295 3.1361386234369295 3.1361386234369295 3.142719746609525 3.156336239189644 3.1699527317697633 3.183569224349883 3.197185716930002 3.2108022095101214 3.2244187020902406 3.2380351946703603
-9999.0 -9999.0 -9999.0 -9999.0 -9999.0 -9999.0 -9999.0 4.8366374596823265 4.663321554883021 4.490005650083716 4.31668974528441 4.143373840485105 3.9700579356857992 3.7967420308861985 3.6234261260868927 3.5137454224612976 3.4720921868103565 3.430438951159415 3.3887857155084737 3.3471324798575326 3.3054792442065914 3.2638260085556503 3.2221727729047087 3.1805195372537676 3.1388663016028264 3.0972130659518853 3.055559830300873 3.0340384364597677 3.0340384364597677 3.0340384364597677 3.0340384364597677 3.0340384364597677 3.0340384364597677 3.0340384364597677 3.0340384364597677 3.0340384364597677 3.0340384364597677 3.0340384364597677 3.0340384364597677 3.038078902403163 3.046438717756196 3.0547985331092287 3.0631583484622618 3.071518163815295 3.079877979168328 3.088237794521361 3.096597609874394
-9999.0 -9999.0 -9999.0 -9999.0 -9999.0 -9999.0 4.969841998035754 4.793276277700874 4.6167105573659954 4.440144837031116 4.263579116696236 4.087013396361357 3.910447676026477 3.733881955691296 3.5573162353564167 3.4445744770173397 3.4000619762370285 3.3555494754567174 3.3110369746764063 3.2665244738960952 3.222011973115784 3.177499472335473 3.132986971555162 3.088474470774851 3.0439619699945393 2.999449469214228 2.954936968433841 2.931938249482606 2.931938249482606 2.931938249482606 2.931938249482606 2.931938249482606 2.931938249482606 2.931938249482606 2.931938249482606 2.931938249482606 2.931938249482606 2.931938249482606 2.931938249482606 2.933438058196801 2.9365411963227475 2.9396443344486944 2.942747472574641 2.945850610700588 2.9489537488265345 2.9520568869524815 2.955160025078428
-9999.0 -9999.0 -9999.0 -9999.0 -9999.0 -9999.0 -9999.0 4.749915095719386 4.570099559848929 4.390284023978473 4.210468488108017 4.030652952237561 3.8508374163671046 3.6710218804963417 3.4912063446258856 3.3754035315733235 3.3280317656636402 3.2806599997539565 3.233288233844273 3.1859164679345895 3.138544702024906 3.0911729361152225 3.0438011702055388 2.9964294042958555 2.9490576383861717 2.9016858724764885 2.854314106566724 2.829838062505357 2.829838062505357 2.829838062505357 2.829838062505357 2.829838062505357 2.829838062505357 2.829838062505357 2.829838062505357 2.829838062505357 2.829838062505357 2.829838062505357 2.829838062505357 2.8287972139903492 2.826643674889205 2.8244901357880616 2.8223365966869176 2.8201830575857736 2.8180295184846296 2.8158759793834856 2.8137224402823415
-9999.0 -9999.0 -9999.0 -9999.0 -9999.0 -9999.0 -9999.0 -9999.0 4.4817455762733935 4.305322810276185 4.128900044278977 3.9524772782817683 3.77605451228456 3.5996317462870504 3.4232089802898424 3.309573879640627 3.2630602120172014 3.216546544393776 3.17003287677035 3.1235192091469246 3.077005541523499 3.0304918739000737 2.983978206276648 2.9374645386532223 2.890950871029797 2.844437203406371 2.797923535782866 2.7738908539449696 2.7738908539449696 2.7738908539449696 2.7738908539449696 2.7738908539449696 2.7738908539449696 2.7738908539449696 2.7738908539449696 2.7738908539449696 2.7738908539449696 2.7738908539449696 2.7738908539449696 2.7710424447053588 2.7651490216134147 2.7592555985214706 2.753362175429527 2.747468752337583 2.741575329245639 2.7356819061536948 2.7297884830617507
-9999.0 -9999.0 -9999.0 -9999.0 -9999.0 -9999.0 -9999.0 -9999.0 -9999.0 4.182841481388037 4.016911990245724 3.85098249910341 3.685053007961096 3.5191235168184996 3.353194025676186 3.247315859800209 3.205633917571577 3.163951975342945 3.122270033114313 3.080588090885681 3.038906148657049 2.9972242064284167 2.955542264199785 2.913860321971153 2.872178379742521 2.830496437513889 2.7888144952851857 2.767278269329488 2.767278269329488 2.767278269329488 2.767278269329488 2.767278269329488 2.767278269329488 2.767278269329488 2.767278269329488 2.767278269329488 2.767278269329488 2.767278269329488 2.767278269329488 2.763405933306361 2.755393982558166 2.7473820318099715 2.7393700810617765 2.7313581303135814 2.723346179565387 2.7153342288171918 2.707322278068997
-9999.0 -9999.0 -9999.0 -9999.0 -9999.0 -9999.0 -9999.0 -9999.0 -9999.0 -9999.0 3.9049239362124704 3.7494877199250514 3.5940515036376324 3.438615287349948 3.283179071062529 3.1850578399597915 3.148207623125953 3.1113574062921145 3.074507189458276 3.037656972624437 3.000806755790599 2.96395653895676 2.9271063221229214 2.890256105289083 2.8534058884552445 2.816555671621406 2.7797054547875044 2.7606656847140063 2.7606656847140063 2.7606656847140063 2.7606656847140063 2.7606656847140063 2.7606656847140063 2.7606656847140063 2.7606656847140063 2.7606656847140063 2.7606656847140063 2.7606656847140063 2.7606656847140063 2.7557694219073627 2.745638943502917 2.7355084650984716 2.725377986694026 2.7152475082895804 2.7051170298851344 2.6949865514806888 2.684856073076243
-9999.0 -9999.0 -9999.0 -9999.0 -9999.0 -9999.0 -9999.0 -9999.0 -9999.0 -9999.0 -9999.0 3.6479929407466933 3.5030499993141686 3.358107057881397 3.2131641164488727 3.122799820119374 3.090781328680329 3.058762837241284 3.0267443458022387 2.994725854363194 2.9627073629241485 2.9306888714851036 2.8986703800460587 2.8666518886070134 2.8346333971679685 2.802614905728923 2.7705964142898236 2.7540531000985244 2.7540531000985244 2.7540531000985244 2.7540531000985244 2.7540531000985244 2.7540531000985244 2.7540531000985244 2.7540531000985244 2.7540531000985244 2.7540531000985244 2.7540531000985244 2.7540531000985244 2.7481329105083647 2.735883904447668 2.7236348983869716 2.711385892326275 2.6991368862655785 2.6868878802048823 2.6746388741441858 2.662389868083489
-9999.0 -9999.0 -9999.0 -9999.0 -9999.0 -9999.0 -9999.0 -9999.0 -9999.0 -9999.0 -9999.0 3.5464981615683344 3.412048494990705 3.2775988284128457 3.1431491618352156 3.060541800278956 3.0333550342347047 3.006168268190453 2.9789815021462016 2.95179473610195 2.9246079700576986 2.897421204013447 2.8702344379691955 2.843047671924944 2.8158609058806925 2.788674139836441 2.761487373792143 2.747440515483043 2.747440515483043 2.747440515483043 2.747440515483043 2.747440515483043 2.747440515483043 2.747440515483043 2.747440515483043 2.747440515483043 2.747440515483043 2.747440515483043 2.747440515483043 2.7404963991093667 2.7261288653924196 2.711761331675472 2.697393797958525 2.6830262642415774 2.6686587305246303 2.6542911968076828 2.6399236630907357
-9999.0 -9999.0 -9999.0 -9999.0 -9999.0 -9999.0 -9999.0 -9999.0 -9999.0 -9999.0 -9999.0 3.4450033823899764 3.3210469906672415 3.1970905989442944 3.0731342072215595 2.9982837804385385 2.9759287397890803 2.9535736991396226 2.9312186584901645 2.9088636178407064 2.886508577191248 2.8641535365417905 2.8417984958923324 2.819443455242874 2.797088414593416 2.774733373943958 2.752378333294462 2.740827930867561 2.740827930867561 2.740827930867561 2.740827930867561 2.740827930867561 2.740827930867561 2.740827930867561 2.740827930867561 2.740827930867561 2.740827930867561 2.740827930867561 2.740827930867561 2.7328598877103687 2.7163738263371706 2.6998877649639725 2.6834017035907745 2.6669156422175764 2.6504295808443783 2.63394351947118 2.6174574580979817
-9999.0 -9999.0 -9999.0 -9999.0 -9999.0 -9999.0 -9999.0 -9999.0 -9999.0 -9999.0 -9999.0 -9999.0 3.2300454863437 3.1165823694756747 3.003119252607843 2.9360257605980675 2.918502445343407 2.900979130088747 2.8834558148340865 2.865932499579426 2.8484091843247654 2.830885869070105 2.8133625538154448 2.7958392385607844 2.778315923306124 2.7607926080514638 2.7432692927967732 2.734215346252074 2.734215346252074 2.734215346252074 2.734215346252074 2.734215346252074 2.734215346252074 2.734215346252074 2.734215346252074 2.734215346252074 2.734215346252074 2.734215346252074 2.734215346252074 2.725223376311364 2.706618787281913 2.688014198252463 2.669409609223012 2.650805020193561 2.6322004311641103 2.61359584213466 2.594991253105209
