Figures/CREST_Example_wjb_NSE/Rolling_result/20100722/BJP_forecast/ens_18/wjb.rain.20100609.asc
ncols            288
nrows            254
xllcorner        113.274861
yllcorner        31.4918055
cellsize         0.008333333333
NODATA_value     -9999
[rows 40 to 59 of 254, columns 90 to 134 of 288]
2.046748287975788 2.046748287975788 2.046748287975788 2.046748287975788 2.046748287975788 2.046748287975788 2.046748287975788 2.046748287975788 2.046748287975788 1.9999252117923219 1.9030472084671795 1.8061692051420368 1.7092912018168944 1.6124131984917518 1.5155351951664442 1.4186571918413016 1.3217791885161592 1.2249011851910168 1.1280231818658741 1.0311451785407315 0.9342671752155891 0.8842122480273247 0.8842122480273247 0.8842122480273247 0.8842122480273247 0.8842122480273247 0.8842122480273247 0.8842122480273247 0.8842122480273247 0.8842122480273247 0.8842122480273247 0.8842122480273247 0.8842122480273247 0.9350256467817109 1.0401597179388324 1.1452937890959538 1.2504278602530752 1.3555619314101968 1.4606960025673181 1.5658300737244395 1.6709641448817405 1.7760982160388619 1.8812322871959832 1.9863663583531048 2.0915004295102264
2.046748287975788 2.046748287975788 2.046748287975788 2.046748287975788 2.046748287975788 2.046748287975788 2.046748287975788 2.046748287975788 2.046748287975788 1.9999252117923219 1.9030472084671795 1.8061692051420368 1.7092912018168944 1.6124131984917518 1.5155351951664442 1.4186571918413016 1.3217791885161592 1.2249011851910168 1.1280231818658741 1.0311451785407315 0.9342671752155891 0.8842122480273247 0.8842122480273247 0.8842122480273247 0.8842122480273247 0.8842122480273247 0.8842122480273247 0.8842122480273247 0.8842122480273247 0.8842122480273247 0.8842122480273247 0.8842122480273247 0.8842122480273247 0.9350256467817109 1.0401597179388324 1.1452937890959538 1.2504278602530752 1.3555619314101968 1.4606960025673181 1.5658300737244395 1.6709641448817405 1.7760982160388619 1.8812322871959832 1.9863663583531048 2.0915004295102264
2.046748287975788 2.046748287975788 2.046748287975788 2.046748287975788 2.046748287975788 2.046748287975788 2.046748287975788 2.046748287975788 2.046748287975788 1.9999252117923219 1.9030472084671795 1.8061692051420368 1.7092912018168944 1.6124131984917518 1.5155351951664442 1.4186571918413016 1.3217791885161592 1.2249011851910168 1.1280231818658741 1.0311451785407315 0.9342671752155891 0.8842122480273247 0.8842122480273247 0.8842122480273247 0.8842122480273247 0.8842122480273247 0.8842122480273247 0.8842122480273247 0.8842122480273247 0.8842122480273247 0.8842122480273247 0.8842122480273247 0.8842122480273247 0.9350256467817109 1.0401597179388324 1.1452937890959538 1.2504278602530752 1.3555619314101968 1.4606960025673181 1.5658300737244395 1.6709641448817405 1.7760982160388619 1.8812322871959832 1.9863663583531048 2.0915004295102264
2.046748287975788 2.046748287975788 2.046748287975788 2.046748287975788 2.046748287975788 2.046748287975788 2.046748287975788 2.046748287975788 2.046748287975788 1.9999252117923219 1.9030472084671795 1.8061692051420368 1.7092912018168944 1.6124131984917518 1.5155351951664442 1.4186571918413016 1.3217791885161592 1.2249011851910168 1.1280231818658741 1.0311451785407315 0.9342671752155891 0.8842122480273247 0.8842122480273247 0.8842122480273247 0.8842122480273247 0.8842122480273247 0.8842122480273247 0.8842122480273247 0.8842122480273247 0.8842122480273247 0.8842122480273247 0.8842122480273247 0.8842122480273247 0.9350256467817109 1.0401597179388324 1.1452937890959538 1.2504278602530752 1.3555619314101968 1.4606960025673181 1.5658300737244395 1.6709641448817405 1.7760982160388619 1.8812322871959832 1.9863663583531048 2.0915004295102264
2.046748287975788 2.046748287975788 2.046748287975788 2.046748287975788 2.046748287975788 2.046748287975788 2.046748287975788 2.046748287975788 2.046748287975788 1.9999252117923219 1.9030472084671795 1.8061692051420368 1.7092912018168944 1.6124131984917518 1.5155351951664442 1.4186571918413016 1.3217791885161592 1.2249011851910168 1.1280231818658741 1.0311451785407315 0.9342671752155891 0.8842122480273247 0.8842122480273247 0.8842122480273247 0.8842122480273247 0.8842122480273247 0.8842122480273247 0.8842122480273247 0.8842122480273247 0.8842122480273247 0.8842122480273247 0.8842122480273247 0.8842122480273247 0.9350256467817109 1.0401597179388324 1.1452937890959538 1.2504278602530752 1.3555619314101968 1.4606960025673181 1.5658300737244395 1.6709641448817405 1.7760982160388619 1.8812322871959832 1.9863663583531048 2.0915004295102264
2.046748287975788 2.046748287975788 2.046748287975788 2.046748287975788 2.046748287975788 2.046748287975788 2.046748287975788 2.046748287975788 2.046748287975788 1.9999252117923219 1.9030472084671795 1.8061692051420368 1.7092912018168944 1.6124131984917518 1.5155351951664442 1.4186571918413016 1.3217791885161592 1.2249011851910168 1.1280231818658741 1.0311451785407315 0.9342671752155891 0.8842122480273247 0.8842122480273247 0.8842122480273247 0.8842122480273247 0.8842122480273247 0.8842122480273247 0.8842122480273247 0.8842122480273247 0.8842122480273247 0.8842122480273247 0.8842122480273247 0.8842122480273247 0.9350256467817109 1.0401597179388324 1.1452937890959538 1.2504278602530752 1.3555619314101968 1.4606960025673181 1.5658300737244395 1.6709641448817405 1.7760982160388619 1.8812322871959832 1.9863663583531048 2.0915004295102264
2.046748287975788 2.046748287975788 2.046748287975788 2.046748287975788 2.046748287975788 2.046748287975788 2.046748287975788 2.046748287975788 2.046748287975788 1.9999252117923219 1.9030472084671795 1.8061692051420368 1.7092912018168944 1.6124131984917518 1.5155351951664442 1.4186571918413016 1.3217791885161592 1.2249011851910168 1.1280231818658741 1.0311451785407315 0.9342671752155891 0.8842122480273247 0.8842122480273247 0.8842122480273247 0.8842122480273247 0.8842122480273247 0.8842122480273247 0.8842122480273247 0.8842122480273247 0.8842122480273247 0.8842122480273247 0.8842122480273247 0.8842122480273247 0.9350256467817109 1.0401597179388324 1.1452937890959538 1.2504278602530752 1.3555619314101968 1.4606960025673181 1.5658300737244395 1.6709641448817405 1.7760982160388619 1.8812322871959832 1.9863663583531048 2.0915004295102264
2.046748287975788 2.046748287975788 2.046748287975788 2.046748287975788 2.046748287975788 2.046748287975788 2.046748287975788 2.046748287975788 2.046748287975788 1.9999252117923219 1.9030472084671795 1.8061692051420368 1.7092912018168944 1.6124131984917518 1.5155351951664442 1.4186571918413016 1.3217791885161592 1.2249011851910168 1.1280231818658741 1.0311451785407315 0.9342671752155891 0.8842122480273247 0.8842122480273247 0.8842122480273247 0.8842122480273247 0.8842122480273247 0.8842122480273247 0.8842122480273247 0.8842122480273247 0.8842122480273247 0.8842122480273247 0.8842122480273247 0.8842122480273247 0.9350256467817109 1.0401597179388324 1.1452937890959538 1.2504278602530752 1.3555619314101968 1.4606960025673181 1.5658300737244395 1.6709641448817405 1.7760982160388619 1.8812322871959832 1.9863663583531048 2.0915004295102264
2.046748287975788 2.046748287975788 2.046748287975788 2.046748287975788 2.046748287975788 2.046748287975788 2.046748287975788 2.046748287975788 2.046748287975788 1.9999252117923219 1.9030472084671795 1.8061692051420368 1.7092912018168944 1.6124131984917518 1.5155351951664442 1.4186571918413016 1.3217791885161592 1.2249011851910168 1.1280231818658741 1.0311451785407315 0.9342671752155891 0.8842122480273247 0.8842122480273247 0.8842122480273247 0.8842122480273247 0.8842122480273247 0.8842122480273247 0.8842122480273247 0.8842122480273247 0.8842122480273247 0.8842122480273247 0.8842122480273247 0.8842122480273247 0.9350256467817109 1.0401597179388324 1.1452937890959538 1.2504278602530752 1.3555619314101968 1.4606960025673181 1.5658300737244395 1.6709641448817405 1.7760982160388619 1.8812322871959832 1.9863663583531048 2.0915004295102264
2.0381890425754703 2.0381890425754703 2.0381890425754703 2.0381890425754703 2.0381890425754703 2.0381890425754703 2.0381890425754703 2.0381890425754703 2.0381890425754703 1.9918720830557213 1.8960412465514511 1.8002104100471812 1.704379573542911 1.608548737038641 1.5127179005342075 1.4168870640299374 1.3210562275256672 1.2252253910213973 1.1293945545171271 1.033563718012857 0.937732881508587 0.8882190044779813 0.8882190044779813 0.8882190044779813 0.8882190044779813 0.8882190044779813 0.8882190044779813 0.8882190044779813 0.8882190044779813 0.8882190044779813 0.8882190044779813 0.8882190044779813 0.8882190044779813 0.9388084935406836 1.0434792904820407 1.1481500874233976 1.2528208843647546 1.3574916813061118 1.4621624782474687 1.5668332751888259 1.6715040721303613 1.7761748690717183 1.8808456660130752 1.9855164629544322 2.0901872598957896
2.0204805035447353 2.0204805035447353 2.0204805035447353 2.0204805035447353 2.0204805035447353 2.0204805035447353 2.0204805035447353 2.0204805035447353 2.0204805035447353 1.9752106674890721 1.8815463531081684 1.7878820387272647 1.6942177243463608 1.6005534099654573 1.5068890955843937 1.41322478120349 1.319560466822586 1.2258961524416825 1.1322318380607785 1.0385675236798748 0.9449032092989711 0.8965087309286878 0.8965087309286878 0.8965087309286878 0.8965087309286878 0.8965087309286878 0.8965087309286878 0.8965087309286878 0.8965087309286878 0.8965087309286878 0.8965087309286878 0.8965087309286878 0.8965087309286878 0.9466349649579036 1.050347276758562 1.1540595885592204 1.2577719003598788 1.3614842121605373 1.4651965239611955 1.568908835761854 1.6726211475626893 1.7763334593633477 1.8800457711640062 1.9837580829646648 2.0874703947653233
2.0027719645140003 2.0027719645140003 2.0027719645140003 2.0027719645140003 2.0027719645140003 2.0027719645140003 2.0027719645140003 2.0027719645140003 2.0027719645140003 1.958549251922423 1.8670514596648857 1.7755536674073482 1.6840558751498107 1.5925580828922734 1.5010602906345798 1.4095624983770425 1.3180647061195052 1.2265669138619675 1.1350691216044302 1.043571329346893 0.9520735370893554 0.9047984573793943 0.9047984573793943 0.9047984573793943 0.9047984573793943 0.9047984573793943 0.9047984573793943 0.9047984573793943 0.9047984573793943 0.9047984573793943 0.9047984573793943 0.9047984573793943 0.9047984573793943 0.9544614363751235 1.0572152630350833 1.1599690896950432 1.2627229163550029 1.3654767430149628 1.4682305696749225 1.5709843963348824 1.6737382229950173 1.7764920496549772 1.8792458763149371 1.9819997029748968 2.084753529634857
1.9850634254832653 1.9850634254832653 1.9850634254832653 1.9850634254832653 1.9850634254832653 1.9850634254832653 1.9850634254832653 1.9850634254832653 1.9850634254832653 1.9418878363557739 1.8525565662216028 1.7632252960874317 1.6738940259532606 1.5845627558190896 1.4952314856847662 1.405900215550595 1.316568945416424 1.227237675282253 1.1379064051480818 1.0485751350139105 0.9592438648797394 0.9130881838301008 0.9130881838301008 0.9130881838301008 0.9130881838301008 0.9130881838301008 0.9130881838301008 0.9130881838301008 0.9130881838301008 0.9130881838301008 0.9130881838301008 0.9130881838301008 0.9130881838301008 0.9622879077923434 1.0640832493116046 1.1658785908308658 1.267673932350127 1.369469273869388 1.4712646153886493 1.5730599569079105 1.6748552984273453 1.7766506399466064 1.8784459814658676 1.9802413229851288 2.0820366645043897
1.967354886452515 1.967354886452515 1.967354886452515 1.967354886452515 1.967354886452515 1.967354886452515 1.967354886452515 1.967354886452515 1.967354886452515 1.9252264207891103 1.8380616727783075 1.7508969247675046 1.6637321767567017 1.5765674287458988 1.4894026807349472 1.4022379327241443 1.3150731847133414 1.2279084367025386 1.1407436886917357 1.0535789406809326 0.96641419267013 0.9213779102808144 0.9213779102808144 0.9213779102808144 0.9213779102808144 0.9213779102808144 0.9213779102808144 0.9213779102808144 0.9213779102808144 0.9213779102808144 0.9213779102808144 0.9213779102808144 0.9213779102808144 0.97011437920957 1.0709512355881317 1.1717880919666934 1.2726249483452552 1.373461804723817 1.4742986611023787 1.5751355174809405 1.6759723738596741 1.7768092302382361 1.8776460866167977 1.9784829429953594 2.079319799373921
1.94964634742178 1.94964634742178 1.94964634742178 1.94964634742178 1.94964634742178 1.94964634742178 1.94964634742178 1.94964634742178 1.94964634742178 1.9085650052224612 1.8235667793350248 1.738568553447588 1.6535703275601517 1.568572101672715 1.4835738757851336 1.398575649897697 1.3135774240102602 1.2285791981228238 1.1435809722353871 1.0585827463479505 0.9735845204605139 0.929667636731521 0.929667636731521 0.929667636731521 0.929667636731521 0.929667636731521 0.929667636731521 0.929667636731521 0.929667636731521 0.929667636731521 0.929667636731521 0.929667636731521 0.929667636731521 0.97794085062679 1.0778192218646532 1.1776975931025162 1.2775759643403795 1.3774543355782425 1.4773327068161057 1.5772110780539688 1.6770894492920023 1.7769678205298653 1.8768461917677286 1.9767245630055919 2.076602934243455
1.931937808391045 1.931937808391045 1.931937808391045 1.931937808391045 1.931937808391045 1.931937808391045 1.931937808391045 1.931937808391045 1.931937808391045 1.8919035896558123 1.8090718858917418 1.7262401821276716 1.6434084783636014 1.5605767745995311 1.4777450708353197 1.3949133670712495 1.3120816633071792 1.229249959543109 1.1464182557790388 1.0635865520149683 0.9807548482508982 0.9379573631822274 0.9379573631822274 0.9379573631822274 0.9379573631822274 0.9379573631822274 0.9379573631822274 0.9379573631822274 0.9379573631822274 0.9379573631822274 0.9379573631822274 0.9379573631822274 0.9379573631822274 0.9857673220440099 1.0846872081411745 1.183607094238339 1.2825269803355035 1.381446866432668 1.4803667525298327 1.5792866386269973 1.6782065247243305 1.777126410821495 1.8760462969186595 1.974966183015824 2.0738860691129886
1.9142292693603098 1.9142292693603098 1.9142292693603098 1.9142292693603098 1.9142292693603098 1.9142292693603098 1.9142292693603098 1.9142292693603098 1.9142292693603098 1.875242174089163 1.794576992448459 1.7139118108077551 1.633246629167051 1.5525814475263473 1.4719162658855058 1.3912510842448018 1.310585902604098 1.2299207209633942 1.1492555393226902 1.0685903576819864 0.9879251760412825 0.946247089632934 0.946247089632934 0.946247089632934 0.946247089632934 0.946247089632934 0.946247089632934 0.946247089632934 0.946247089632934 0.946247089632934 0.946247089632934 0.946247089632934 0.946247089632934 0.9935937934612299 1.0915551944176958 1.1895165953741618 1.2874779963306278 1.3854393972870935 1.4834007982435595 1.5813621992000255 1.6793236001566585 1.7772850011131243 1.8752464020695903 1.9732078030260563 2.0711692039825222
1.8965207303295748 1.8965207303295748 1.8965207303295748 1.8965207303295748 1.8965207303295748 1.8965207303295748 1.8965207303295748 1.8965207303295748 1.8965207303295748 1.8585807585225138 1.7800820990051762 1.7015834394878386 1.623084779970501 1.5445861204531635 1.466087460935692 1.3875888014183544 1.309090141901017 1.2305914823836792 1.1520928228663418 1.073594163349004 0.9950955038316666 0.9545368160836405 0.9545368160836405 0.9545368160836405 0.9545368160836405 0.9545368160836405 0.9545368160836405 0.9545368160836405 0.9545368160836405 0.9545368160836405 0.9545368160836405 0.9545368160836405 0.9545368160836405 1.0014202648784498 1.098423180694217 1.1954260965099843 1.2924290123257518 1.389431928141519 1.4864348439572863 1.5834377597730538 1.6804406755889865 1.7774435914047537 1.874446507220521 1.9714494230362885 2.0684523388520555
1.8788121912988398 1.8788121912988398 1.8788121912988398 1.8788121912988398 1.8788121912988398 1.8788121912988398 1.8788121912988398 1.8788121912988398 1.8788121912988398 1.8419193429558647 1.7655872055618933 1.6892550681679221 1.612922930773951 1.5365907933799796 1.4602586559858783 1.383926518591907 1.3075943811979358 1.2312622438039647 1.1549301064099933 1.0785979690160221 1.0022658316220507 0.962826542534347 0.962826542534347 0.962826542534347 0.962826542534347 0.962826542534347 0.962826542534347 0.962826542534347 0.962826542534347 0.962826542534347 0.962826542534347 0.962826542534347 0.962826542534347 1.0092467362956696 1.1052911669707384 1.201335597645807 1.2973800283208758 1.3934244589959444 1.489468889671013 1.5855133203460818 1.6815577510213142 1.777602181696383 1.8736466123714517 1.9696910430465204 2.065735473721589
1.8611036522680895 1.8611036522680895 1.8611036522680895 1.8611036522680895 1.8611036522680895 1.8611036522680895 1.8611036522680895 1.8611036522680895 1.8611036522680895 1.8252579273892011 1.751092312118598 1.676926696847995 1.602761081577392 1.5285954663067889 1.4544298510360594 1.3802642357654564 1.3060986204948533 1.2319330052242503 1.1577673899536474 1.0836017746830442 1.0094361594124412 0.9711162689850606 0.9711162689850606 0.9711162689850606 0.9711162689850606 0.9711162689850606 0.9711162689850606 0.9711162689850606 0.9711162689850606 0.9711162689850606 0.9711162689850606 0.9711162689850606 0.9711162689850606 1.0170732077128963 1.1121591532472657 1.2072450987816348 1.302331044316004 1.3974169898503732 1.4925029353847425 1.5875888809191117 1.682674826453643 1.7777607719880124 1.8728467175223815 1.9679326630567509 2.06301860859112
