Figures/CREST_Example_wjb_NSE/Rolling_result/20100722/BJP_forecast/ens_18/wjb.rain.20090919.asc
ncols            288
nrows            254
xllcorner        113.274861
yllcorner        31.4918055
cellsize         0.008333333333
NODATA_value     -9999
[rows 160 to 179 of 254, columns 180 to 224 of 288]
8.780907094478607 8.780907094478607 8.780907094478607 8.769335318815735 8.745393053157127 8.721450787498519 8.69750852183991 8.673566256181303 8.649623990522695 8.625681724864087 8.60173945920548 8.577797193546871 8.553854927888263 8.529912662229655 8.505970396571048 8.33292787715837 8.000493812773483 7.668059748388597 7.335625684003709 7.003191619618822 6.670757555233935 6.338323490849048 6.005889426464162 5.673455362079274 5.341021297694387 5.0085872333095 4.676153168924612 4.504391133785248 4.504391133785248 4.504391133785248 4.504391133785248 4.504391133785248 4.504391133785248 4.504391133785248 4.504391133785248 4.504391133785248 4.504391133785248 4.504391133785248 4.504391133785248 4.416006763200885 4.233137500214903 4.050268237228611 3.8673989742426294 3.6845297112566477 3.5016604482706666
8.780907094478607 8.780907094478607 8.780907094478607 8.769335318815735 8.745393053157127 8.721450787498519 8.69750852183991 8.673566256181303 8.649623990522695 8.625681724864087 8.60173945920548 8.577797193546871 8.553854927888263 8.529912662229655 8.505970396571048 8.33292787715837 8.000493812773483 7.668059748388597 7.335625684003709 7.003191619618822 6.670757555233935 6.338323490849048 6.005889426464162 5.673455362079274 5.341021297694387 5.0085872333095 4.676153168924612 4.504391133785248 4.504391133785248 4.504391133785248 4.504391133785248 4.504391133785248 4.504391133785248 4.504391133785248 4.504391133785248 4.504391133785248 4.504391133785248 4.504391133785248 4.504391133785248 4.416006763200885 4.233137500214903 4.050268237228611 3.8673989742426294 3.6845297112566477 3.5016604482706666
8.780907094478607 8.780907094478607 8.780907094478607 8.769335318815735 8.745393053157127 8.721450787498519 8.69750852183991 8.673566256181303 8.649623990522695 8.625681724864087 8.60173945920548 8.577797193546871 8.553854927888263 8.529912662229655 8.505970396571048 8.33292787715837 8.000493812773483 7.668059748388597 7.335625684003709 7.003191619618822 6.670757555233935 6.338323490849048 6.005889426464162 5.673455362079274 5.341021297694387 5.0085872333095 4.676153168924612 4.504391133785248 4.504391133785248 4.504391133785248 4.504391133785248 4.504391133785248 4.504391133785248 4.504391133785248 4.504391133785248 4.504391133785248 4.504391133785248 4.504391133785248 4.504391133785248 4.416006763200885 4.233137500214903 4.050268237228611 3.8673989742426294 3.6845297112566477 3.5016604482706666
8.780907094478607 8.780907094478607 8.780907094478607 8.769335318815735 8.745393053157127 8.721450787498519 8.69750852183991 8.673566256181303 8.649623990522695 8.625681724864087 8.60173945920548 8.577797193546871 8.553854927888263 8.529912662229655 8.505970396571048 8.33292787715837 8.000493812773483 7.668059748388597 7.335625684003709 7.003191619618822 6.670757555233935 6.338323490849048 6.005889426464162 5.673455362079274 5.341021297694387 5.0085872333095 4.676153168924612 4.504391133785248 4.504391133785248 4.504391133785248 4.504391133785248 4.504391133785248 4.504391133785248 4.504391133785248 4.504391133785248 4.504391133785248 4.504391133785248 4.504391133785248 4.504391133785248 4.416006763200885 4.233137500214903 4.050268237228611 3.8673989742426294 3.6845297112566477 3.5016604482706666
8.780907094478607 8.780907094478607 8.780907094478607 8.769335318815735 8.745393053157127 8.721450787498519 8.69750852183991 8.673566256181303 8.649623990522695 8.625681724864087 8.60173945920548 8.577797193546871 8.553854927888263 8.529912662229655 8.505970396571048 8.33292787715837 8.000493812773483 7.668059748388597 7.335625684003709 7.003191619618822 6.670757555233935 6.338323490849048 6.005889426464162 5.673455362079274 5.341021297694387 5.0085872333095 4.676153168924612 4.504391133785248 4.504391133785248 4.504391133785248 4.504391133785248 4.504391133785248 4.504391133785248 4.504391133785248 4.504391133785248 4.504391133785248 4.504391133785248 4.504391133785248 4.504391133785248 4.416006763200885 4.233137500214903 4.050268237228611 3.8673989742426294 3.6845297112566477 3.5016604482706666
8.780907094478607 8.780907094478607 8.780907094478607 8.769335318815735 8.745393053157127 8.721450787498519 8.69750852183991 8.673566256181303 8.649623990522695 8.625681724864087 8.60173945920548 8.577797193546871 8.553854927888263 8.529912662229655 8.505970396571048 8.33292787715837 8.000493812773483 7.668059748388597 7.335625684003709 7.003191619618822 6.670757555233935 6.338323490849048 6.005889426464162 5.673455362079274 5.341021297694387 5.0085872333095 4.676153168924612 4.504391133785248 4.504391133785248 4.504391133785248 4.504391133785248 4.504391133785248 4.504391133785248 4.504391133785248 4.504391133785248 4.504391133785248 4.504391133785248 4.504391133785248 4.504391133785248 4.416006763200885 4.233137500214903 4.050268237228611 3.8673989742426294 3.6845297112566477 3.5016604482706666
8.780907094478607 8.780907094478607 8.780907094478607 8.769335318815735 8.745393053157127 8.721450787498519 8.69750852183991 8.673566256181303 8.649623990522695 8.625681724864087 8.60173945920548 8.577797193546871 8.553854927888263 8.529912662229655 8.505970396571048 8.33292787715837 8.000493812773483 7.668059748388597 7.335625684003709 7.003191619618822 6.670757555233935 6.338323490849048 6.005889426464162 5.673455362079274 5.341021297694387 5.0085872333095 4.676153168924612 4.504391133785248 4.504391133785248 4.504391133785248 4.504391133785248 4.504391133785248 4.504391133785248 4.504391133785248 4.504391133785248 4.504391133785248 4.504391133785248 4.504391133785248 4.504391133785248 4.416006763200885 4.233137500214903 4.050268237228611 3.8673989742426294 3.6845297112566477 3.5016604482706666
8.780907094478607 8.780907094478607 8.780907094478607 8.769335318815735 8.745393053157127 8.721450787498519 8.69750852183991 8.673566256181303 8.649623990522695 8.625681724864087 8.60173945920548 8.577797193546871 8.553854927888263 8.529912662229655 8.505970396571048 8.33292787715837 8.000493812773483 7.668059748388597 7.335625684003709 7.003191619618822 6.670757555233935 6.338323490849048 6.005889426464162 5.673455362079274 5.341021297694387 5.0085872333095 4.676153168924612 4.504391133785248 4.504391133785248 4.504391133785248 4.504391133785248 4.504391133785248 4.504391133785248 4.504391133785248 4.504391133785248 4.504391133785248 4.504391133785248 4.504391133785248 4.504391133785248 4.416006763200885 4.233137500214903 4.050268237228611 3.8673989742426294 3.6845297112566477 3.5016604482706666
8.780907094478607 8.780907094478607 8.780907094478607 8.769335318815735 8.745393053157127 8.721450787498519 8.69750852183991 8.673566256181303 8.649623990522695 8.625681724864087 8.60173945920548 8.577797193546871 8.553854927888263 8.529912662229655 8.505970396571048 8.33292787715837 8.000493812773483 7.668059748388597 7.335625684003709 7.003191619618822 6.670757555233935 6.338323490849048 6.005889426464162 5.673455362079274 5.341021297694387 5.0085872333095 4.676153168924612 4.504391133785248 4.504391133785248 4.504391133785248 4.504391133785248 4.504391133785248 4.504391133785248 4.504391133785248 4.504391133785248 4.504391133785248 4.504391133785248 4.504391133785248 4.504391133785248 4.416006763200885 4.233137500214903 4.050268237228611 3.8673989742426294 3.6845297112566477 3.5016604482706666
8.813922221919881 8.813922221919881 8.813922221919881 8.800406734910958 8.772442886500786 8.744479038090613 8.716515189680441 8.68855134127027 8.660587492860097 8.632623644449923 8.604659796039751 8.57669594762958 8.548732099219407 8.520768250809235 8.492804402399063 8.31834987497082 7.987293497010328 7.656237119049836 7.325180741089342 6.99412436312885 6.663067985168357 6.332011607207864 6.000955229247371 5.669898851286878 5.338842473326386 5.007786095365892 4.676729717405399 4.5056795052992 4.5056795052992 4.5056795052992 4.5056795052992 4.5056795052992 4.5056795052992 4.5056795052992 4.5056795052992 4.5056795052992 4.5056795052992 4.5056795052992 4.5056795052992 4.418128179225895 4.2369825041861136 4.055836829146024 3.8746911541062428 3.693545479066462 3.5123998040266806
8.882228439508166 8.882228439508166 8.882228439508166 8.864691536244882 8.828407286619653 8.792123036994424 8.755838787369195 8.719554537743964 8.683270288118734 8.646986038493505 8.610701788868276 8.574417539243045 8.538133289617816 8.501849039992587 8.465564790367356 8.288188907359949 7.959982875769933 7.631776844179917 7.303570812589902 6.975364780999886 6.64715874940987 6.318952717819855 5.990746686229839 5.662540654639823 5.334334623049807 5.006128591459792 4.677922559869776 4.5083450647498795 4.5083450647498795 4.5083450647498795 4.5083450647498795 4.5083450647498795 4.5083450647498795 4.5083450647498795 4.5083450647498795 4.5083450647498795 4.5083450647498795 4.5083450647498795 4.5083450647498795 4.422517255259519 4.244937575035149 4.067357894810475 3.8897782145861046 3.7121985343617343 3.5346188541373635
8.95053465709639 8.95053465709639 8.95053465709639 8.928976337578751 8.88437168673847 8.839767035898191 8.79516238505791 8.750557734217631 8.705953083377352 8.661348432537071 8.616743781696792 8.572139130856511 8.527534480016232 8.482929829175951 8.438325178335672 8.2580279397491 7.932672254529559 7.607316569310019 7.281960884090479 6.956605198870938 6.631249513651397 6.305893828431857 5.980538143212316 5.655182457992776 5.3298267727732345 5.004471087553695 4.679115402334154 4.5110106242005585 4.5110106242005585 4.5110106242005585 4.5110106242005585 4.5110106242005585 4.5110106242005585 4.5110106242005585 4.5110106242005585 4.5110106242005585 4.5110106242005585 4.5110106242005585 4.5110106242005585 4.426906331293141 4.252892645884178 4.078878960474918 3.904865275065955 3.7308515896569916 3.5568379042480283
9.018840874684617 9.018840874684617 9.018840874684617 8.99326113891262 8.94033608685729 8.88741103480196 8.83448598274663 8.781560930691299 8.72863587863597 8.675710826580639 8.62278577452531 8.56986072246998 8.51693567041465 8.46401061835932 8.41108556630399 8.227866972138253 7.905361633289187 7.582856294440122 7.260350955591056 6.93784561674199 6.6153402778929244 6.292834939043859 5.970329600194793 5.647824261345727 5.3253189224966615 5.002813583647596 4.68030824479853 4.513676183651237 4.513676183651237 4.513676183651237 4.513676183651237 4.513676183651237 4.513676183651237 4.513676183651237 4.513676183651237 4.513676183651237 4.513676183651237 4.513676183651237 4.513676183651237 4.431295407326762 4.260847716733206 4.09040002613936 3.919952335545804 3.749504644952248 3.579056954358692
9.087147092272843 9.087147092272843 9.087147092272843 9.05754594024649 8.996300486976109 8.935055033705728 8.873809580435347 8.812564127164968 8.751318673894588 8.690073220624207 8.628827767353826 8.567582314083447 8.506336860813066 8.445091407542686 8.383845954272306 8.197706004527404 7.878051012048814 7.558396019570223 7.238741027091632 6.919086034613041 6.599431042134451 6.27977604965586 5.96012105717727 5.640466064698678 5.3208110722200885 5.001156079741498 4.681501087262907 4.516341743101915 4.516341743101915 4.516341743101915 4.516341743101915 4.516341743101915 4.516341743101915 4.516341743101915 4.516341743101915 4.516341743101915 4.516341743101915 4.516341743101915 4.516341743101915 4.435684483360383 4.268802787582235 4.101921091803802 3.9350393960256533 3.768157700247505 3.6012760044693564
9.155453309861068 9.155453309861068 9.155453309861068 9.121830741580357 9.052264887094926 8.982699032609496 8.913133178124065 8.843567323638634 8.774001469153204 8.704435614667773 8.634869760182344 8.565303905696913 8.495738051211482 8.426172196726052 8.356606342240621 8.167545036916556 7.85074039080844 7.533935744700324 7.217131098592208 6.900326452484093 6.583521806375977 6.266717160267861 5.949912514159746 5.63310786805163 5.316303221943516 4.9994985758354 4.682693929727284 4.519007302552593 4.519007302552593 4.519007302552593 4.519007302552593 4.519007302552593 4.519007302552593 4.519007302552593 4.519007302552593 4.519007302552593 4.519007302552593 4.519007302552593 4.519007302552593 4.440073559394004 4.276757858431263 4.113442157468244 3.9501264565055028 3.7868107555427617 3.6234950545800206
9.223759527449294 9.223759527449294 9.223759527449294 9.186115542914226 9.108229287213746 9.030343031513265 8.952456775812784 8.874570520112304 8.796684264411823 8.718798008711342 8.640911753010862 8.563025497310381 8.4851392416099 8.40725298590942 8.329366730208939 8.137384069305709 7.823429769568067 7.509475469830426 7.1955211700927855 6.881566870355146 6.567612570617505 6.253658270879864 5.939703971142223 5.6257496714045825 5.311795371666942 4.997841071929301 4.683886772191661 4.521672862003271 4.521672862003271 4.521672862003271 4.521672862003271 4.521672862003271 4.521672862003271 4.521672862003271 4.521672862003271 4.521672862003271 4.521672862003271 4.521672862003271 4.521672862003271 4.444462635427625 4.284712929280292 4.124963223132686 3.9652135169853517 3.805463810838018 3.6457141046906845
9.292065745037577 9.292065745037577 9.292065745037577 9.250400344248149 9.164193687332611 9.077987030417074 8.991780373501536 8.905573716585996 8.819367059670459 8.73316040275492 8.646953745839383 8.560747088923845 8.474540432008308 8.38833377509277 8.302127118177232 8.107223101694833 7.79611914832767 7.485015194960507 7.173911241593344 6.862807288226181 6.551703334859018 6.240599381491855 5.9294954281246905 5.618391474757528 5.307287521390364 4.996183568023202 4.685079614656038 4.524338421453952 4.524338421453952 4.524338421453952 4.524338421453952 4.524338421453952 4.524338421453952 4.524338421453952 4.524338421453952 4.524338421453952 4.524338421453952 4.524338421453952 4.524338421453952 4.44885171146125 4.292668000129328 4.136484288797138 3.9803005774652145 3.8241168661332914 3.667933154801368
9.360371962625804 9.360371962625804 9.360371962625804 9.314685145582018 9.22015808745143 9.125631029320841 9.031103971190253 8.936576913059666 8.842049854929078 8.747522796798489 8.6529957386679 8.558468680537313 8.463941622406725 8.369414564276138 8.274887506145548 8.077062134083986 7.768808527087298 7.46055492009061 7.152301313093922 6.844047706097233 6.535794099100545 6.227540492103857 5.919286885107168 5.6110332781104795 5.302779671113791 4.994526064117103 4.686272457120415 4.52700398090463 4.52700398090463 4.52700398090463 4.52700398090463 4.52700398090463 4.52700398090463 4.52700398090463 4.52700398090463 4.52700398090463 4.52700398090463 4.52700398090463 4.52700398090463 4.453240787494871 4.3006230709783555 4.14800535446158 3.995387637945064 3.8427699214285482 3.690152204912032
9.42867818021403 9.42867818021403 9.42867818021403 9.378969946915888 9.276122487570248 9.17327502822461 9.070427568878973 8.967580109533333 8.864732650187696 8.761885190842056 8.659037731496419 8.55619027215078 8.453342812805142 8.350495353459502 8.247647894113864 8.046901166473138 7.741497905846924 7.436094645220711 7.130691384594497 6.825288123968285 6.519884863342071 6.214481602715858 5.909078342089645 5.6036750814634315 5.298271820837218 4.992868560211004 4.687465299584792 4.529669540355308 4.529669540355308 4.529669540355308 4.529669540355308 4.529669540355308 4.529669540355308 4.529669540355308 4.529669540355308 4.529669540355308 4.529669540355308 4.529669540355308 4.529669540355308 4.457629863528492 4.308578141827384 4.159526420126022 4.010474698424913 3.8614229767238046 3.7123712550226964
9.496984397802255 9.496984397802255 9.496984397802255 9.443254748249755 9.332086887689067 9.220919027128378 9.10975116656769 8.998583306007001 8.887415445446313 8.776247584885624 8.665079724324936 8.553911863764247 8.44274400320356 8.33157614264287 8.220408282082182 8.01674019886229 7.7141872846065525 7.411634370350814 7.109081456095076 6.806528541839337 6.503975627583599 6.201422713327861 5.898869799072123 5.5963168848163845 5.293763970560645 4.991211056304907 4.688658142049169 4.532335099805987 4.532335099805987 4.532335099805987 4.532335099805987 4.532335099805987 4.532335099805987 4.532335099805987 4.532335099805987 4.532335099805987 4.532335099805987 4.532335099805987 4.532335099805987 4.462018939562115 4.316533212676413 4.1710474857904645 4.025561758904763 3.880076032019062 3.734590305133361
