Figures/CREST_Example_wjb_NSE/Rolling_result/20100722/BJP_forecast/ens_18/wjb.rain.20100724.asc
ncols            288
nrows            254
xllcorner        113.274861
yllcorner        31.4918055
cellsize         0.008333333333
NODATA_value     -9999
[rows 180 to 199 of 254, columns 132 to 175 of 288]
1.0106418451394994 1.0003627098731198 0.9900835746067402 0.9939393225505925 1.012905580332684 1.0318718381147756 1.0508380958968673 1.0698043536789588 1.0887706114610503 1.107736869243142 1.1267031270252335 1.1456693848073574 1.1646356425894488 1.1836019003715406 1.202568158153632 1.2069553077365462 1.1957570608911623 1.1845588140457783 1.1733605672003944 1.1621623203550104 1.1509640735096265 1.1397658266642425 1.1285675798188586 1.1173693329734746 1.1061710861280716 1.0949728392826876 1.0837745924373037 1.076554622471349 1.073587520481908 1.070620418492467 1.067653316503026 1.0646862145135851 1.061719112524144 1.0587520105347032 1.0557849085452622 1.0528178065558214 1.0498507045663803 1.0468836025769344 1.0439165005874935 1.0420969237857234 1.0415040773700464 1.0409112309543693 1.0403183845386923 1.0397255381230155
0.9763774608061278 0.9597982365260965 0.9432190122460653 0.9424194339797078 0.9584886541878189 0.9745578743959301 0.9906270946040412 1.0066963148121524 1.0227655350202633 1.0388347552283745 1.0549039754364857 1.070973195644624 1.0870424158527352 1.1031116360608464 1.1191808562689574 1.1222181565720313 1.1113240397289392 1.100429922885847 1.0895358060427547 1.0786416891996626 1.0677475723565704 1.0568534555134783 1.045959338670386 1.0350652218272938 1.024171104984183 1.013276988141091 1.0023828712979987 0.9974116564434042 0.9987721577961861 1.0001326591489679 1.0014931605017496 1.0028536618545314 1.0042141632073132 1.0055746645600951 1.006935165912877 1.0082956672656587 1.0096561686184404 1.0110166699712246 1.0123771713240064 1.0125252759769763 1.0113773011297857 1.010229326282595 1.0090813514354045 1.007933376588214
0.9669390736284407 0.9402405583958304 0.9135420431632202 0.906844485259465 0.9215284030988626 0.9362123209382603 0.9508962387776579 0.9655801566170557 0.9802640744564532 0.9949479922958508 1.0096319101352484 1.0243158279746711 1.0389997458140687 1.0536836636534666 1.0683675814928641 1.0710806220119622 1.0609965239075942 1.0509124258032263 1.0408283276988581 1.0307442295944902 1.020660131490122 1.010576033385754 1.000491935281386 0.990407837177018 0.9803237390726327 0.9702396409682646 0.9601555428638966 0.9537437710913248 0.951257799238955 0.9487718273865853 0.9462858555342155 0.9437998836818458 0.9413139118294761 0.9388279399771063 0.9363419681247366 0.9338559962723668 0.9313700244199971 0.9288840525676231 0.9263980807152533 0.9246069666588872 0.923558671306223 0.922510375953559 0.9214620806008949 0.9204137852482308
0.9575006864507458 0.9206828802655478 0.88386507408035 0.871269536539192 0.884568152009875 0.8978667674805579 0.9111653829512409 0.924463998421924 0.937762613892607 0.9510612293632899 0.9643598448339729 0.9776584603046785 0.9909570757753615 1.0042556912460445 1.0175543067167274 1.0199430874518496 1.0106690080862064 1.0013949287205632 0.9921208493549201 0.9828467699892768 0.9735726906236336 0.9642986112579903 0.9550245318923472 0.945750452526704 0.9364763731610449 0.9272022937954018 0.9179282144297585 0.9100758857392082 0.9037434406816836 0.8974109956241589 0.8910785505666344 0.8847461055091098 0.8784136604515853 0.8720812153940607 0.8657487703365361 0.8594163252790116 0.853083880221487 0.8467514351639516 0.840418990106427 0.8366886573407232 0.8357400414825856 0.8347914256244482 0.8338428097663106 0.8328941939081731
0.9480622992730589 0.9011252021352818 0.8541881049975049 0.8356945878189493 0.8476079009209188 0.8595212140228883 0.8714345271248578 0.8833478402268273 0.8952611533287969 0.9071744664307663 0.9190877795327358 0.9310010926347256 0.9429144057366952 0.9548277188386646 0.9667410319406341 0.9688055528917806 0.9603414922648615 0.9518774316379425 0.9434133710110234 0.9349493103841043 0.9264852497571853 0.9180211891302662 0.9095571285033471 0.9010930678764281 0.8926290072494946 0.8841649466225754 0.8757008859956563 0.8664080003871287 0.8562290821244526 0.8460501638617764 0.8358712455991003 0.8256923273364242 0.8155134090737481 0.805334490811072 0.7951555725483959 0.7849766542857197 0.7747977360230436 0.7646188177603501 0.7544398994976741 0.7487703480226342 0.7479214116590231 0.7470724752954121 0.7462235389318012 0.7453746025681901
0.938623912095372 0.8815675240050159 0.8245111359146599 0.8001196390987066 0.8106476498319626 0.8211756605652186 0.8317036712984747 0.8422316820317307 0.8527596927649868 0.8632877034982427 0.8738157142314987 0.8843437249647728 0.8948717356980287 0.9053997464312847 0.9159277571645408 0.9176680183317116 0.9100139764435167 0.9023599345553217 0.8947058926671267 0.8870518507789319 0.8793978088907369 0.871743767002542 0.864089725114347 0.8564356832261522 0.8487816413379441 0.8411275994497491 0.8334735575615543 0.8227401150350492 0.8087147235672215 0.7946893320993939 0.7806639406315662 0.7666385491637385 0.7526131576959109 0.7385877662280832 0.7245623747602555 0.7105369832924279 0.6965115918246002 0.6824862003567487 0.668460808888921 0.660852038704545 0.6601027818354606 0.659353524966376 0.6586042680972916 0.657855011228207
0.9291855249176849 0.8620098458747498 0.7948341668318147 0.7645446903784638 0.7736873987430064 0.782830107107549 0.7919728154720915 0.8011155238366341 0.8102582322011765 0.8194009405657191 0.8285436489302617 0.8376863572948198 0.8468290656593623 0.8559717740239048 0.8651144823884473 0.8665304837716425 0.8596864606221717 0.8528424374727009 0.8459984143232302 0.8391543911737593 0.8323103680242886 0.8254663448748178 0.818622321725347 0.8117782985758762 0.8049342754263937 0.798090252276923 0.7912462291274522 0.7790722296829699 0.7612003650099907 0.7433285003370115 0.7254566356640323 0.707584770991053 0.6897129063180738 0.6718410416450946 0.6539691769721154 0.6360973122991361 0.6182254476261569 0.6003535829531472 0.582481718280168 0.572933729386456 0.5722841520118981 0.57163457463734 0.5709849972627821 0.570335419888224
0.919747137739998 0.8424521677444838 0.7651571977489696 0.728969741658221 0.7367271476540501 0.7444845536498792 0.7522419596457083 0.7599993656415374 0.7677567716373663 0.7755141776331954 0.7832715836290245 0.7910289896248668 0.7987863956206959 0.806543801616525 0.8143012076123539 0.8153929492115733 0.8093589448008267 0.8033249403900801 0.7972909359793334 0.7912569315685868 0.7852229271578401 0.7791889227470935 0.7731549183363469 0.7671209139256002 0.7610869095148434 0.7550529051040967 0.7490189006933501 0.7354043443308904 0.7136860064527597 0.6919676685746289 0.6702493306964982 0.6485309928183673 0.6268126549402366 0.6050943170621059 0.5833759791839751 0.5616576413058443 0.5399393034277136 0.5182209655495458 0.496502627671415 0.485015420068367 0.4844655221883355 0.483915624308304 0.48336572642827247 0.48281582854824096
0.9103087505623112 0.8228944896142179 0.7354802286661246 0.6933947929379783 0.6997668965650939 0.7061390001922095 0.7125111038193251 0.7188832074464407 0.7252553110735562 0.7316274147006718 0.7379995183277874 0.7443716219549139 0.7507437255820295 0.7571158292091451 0.7634879328362606 0.7642554146515044 0.7590314289794818 0.7538074433074593 0.7485834576354369 0.7433594719634143 0.7381354862913918 0.7329115006193694 0.7276875149473468 0.7224635292753243 0.7172395436032929 0.7120155579312705 0.7067915722592479 0.691736458978811 0.6661716478955286 0.6406068368122464 0.615042025728964 0.5894772146456818 0.5639124035623995 0.5383475924791171 0.5127827813958349 0.48721797031255254 0.46165315922927025 0.4360883481459443 0.41052353706266204 0.3970971107502779 0.39664689236477296 0.39619667397926794 0.3957464555937629 0.3952962372082579
0.9008703633846161 0.8033368114839352 0.7058032595832542 0.6578198442177052 0.6628066454761061 0.6677934467345071 0.672780247992908 0.6777670492513089 0.6827538505097098 0.6877406517681108 0.6927274530265117 0.6977142542849212 0.7027010555433221 0.7076878568017231 0.712674658060124 0.7131178800913917 0.708703913158094 0.7042899462247963 0.6998759792914987 0.695462012358201 0.6910480454249034 0.6866340784916057 0.682220111558308 0.6778061446250103 0.6733921776917051 0.6689782107584075 0.6645642438251098 0.6480685736266943 0.6186572893382571 0.58924600504982 0.559834720761383 0.5304234364729458 0.5010121521845087 0.47160086789607153 0.4421895836076344 0.4127782993191973 0.38336701503076015 0.3539557307422728 0.32454444645383573 0.30917880143211396 0.3088282625411355 0.3084777236501571 0.30812718475917866 0.3077766458682002
0.8914319762069294 0.7837791333536692 0.6761262905004093 0.6222448954974625 0.62584639438715 0.6294478932768375 0.6330493921665249 0.6366508910562123 0.6402523899458998 0.6438538888355873 0.6474553877252747 0.6510568866149683 0.6546583855046557 0.6582598843943432 0.6618613832840307 0.6619803455313227 0.6583763973367491 0.6547724491421756 0.651168500947602 0.6475645527530286 0.643960604558455 0.6403566563638815 0.636752708169308 0.6331487599747344 0.6295448117801548 0.6259408635855812 0.6223369153910077 0.6044006882746149 0.5711429307810262 0.5378851732874375 0.5046274157938488 0.4713696583002601 0.4381119008066715 0.4048541433130828 0.3715963858194941 0.33833862832590544 0.3050808708323168 0.2718231133386714 0.2385653558450827 0.2212604921140249 0.22100963271757296 0.22075877332112104 0.2205079139246691 0.22025705452821714
0.8819935890292423 0.7642214552234032 0.6464493214175642 0.5866699467772198 0.5888861432981938 0.5911023398191677 0.5933185363401418 0.5955347328611157 0.5977509293820897 0.5999671259030637 0.6021833224240376 0.6043995189450154 0.6066157154659894 0.6088319119869633 0.6110481085079373 0.6108428109712537 0.6080488815154043 0.6052549520595549 0.6024610226037055 0.599667093147856 0.5968731636920067 0.5940792342361573 0.5912853047803079 0.5884913753244585 0.5856974458686044 0.582903516412755 0.5801095869569055 0.5607328029225354 0.5236285722237952 0.48652434152505497 0.4494201108263147 0.4123158801275745 0.3752116494288343 0.3381074187300941 0.30100318803135384 0.2638989573326136 0.2267947266338734 0.18969049593506987 0.15258626523632968 0.13334218279593585 0.1331910028940104 0.13303982299208497 0.13288864309015955 0.1327374631882341
0.8725552018515554 0.7446637770931372 0.616772352334719 0.5510949980569771 0.5519258922092376 0.552756786361498 0.5535876805137586 0.5544185746660191 0.5552494688182796 0.5560803629705401 0.5569112571228005 0.5577421512750625 0.558573045427323 0.5594039395795835 0.560234833731844 0.5597052764111846 0.5577213656940594 0.5557374549769342 0.5537535442598088 0.5517696335426836 0.5497857228255584 0.547801812108433 0.5458179013913078 0.5438339906741826 0.5418500799570539 0.5398661692399287 0.5378822585228034 0.5170649175704559 0.4761142136665642 0.43516350976267243 0.39421280585878066 0.3532621019548889 0.3123113980509971 0.27136069414710534 0.23040999024321357 0.1894592863393218 0.14850858243543003 0.10755787853146842 0.06660717462757665 0.04542387347784679 0.045372373070447856 0.04532087266304892 0.04526937225564998 0.045217871848251046
0.8922651339614387 0.7624274361822045 0.6325897384029706 0.5638937991168567 0.5605597824937306 0.5572257658706046 0.5538917492474786 0.5505577326243526 0.5472237160012265 0.5438896993781006 0.5405556827549746 0.5372216661318429 0.5338876495087169 0.5305536328855909 0.5272196162624648 0.5247993811953995 0.5233559992804958 0.521912617365592 0.5204692354506884 0.5190258535357847 0.5175824716208809 0.5161390897059772 0.5146957077910734 0.5132523258761698 0.5118089439612635 0.5103655620463599 0.5089221801314562 0.4884825206013429 0.4477354105867164 0.4069883005720899 0.36624119055746335 0.32549408054283685 0.2847469705282103 0.2439998605135838 0.2032527504989573 0.1625056404843308 0.1217585304697043 0.08101142045500831 0.040264310440381756 0.018955302949791218 0.01842606680576491 0.017896830661738604 0.017367594517712297 0.016838358373685986
0.9431327821635906 0.820085252385147 0.6970377226067035 0.6284010896816515 0.6179309360958453 0.6074607825100389 0.5969906289242326 0.5865204753384263 0.5760503217526199 0.5655801681668137 0.5551100145810073 0.5446398609951831 0.5341697074093769 0.5236995538235706 0.5132294002377642 0.507244085354186 0.5060531644854036 0.5048622436166211 0.5036713227478388 0.5024804018790564 0.5012894810102739 0.5000985601414916 0.49890763927270915 0.49771671840392673 0.4965257975351423 0.4953348766663599 0.49414395579757747 0.47602555987134887 0.439811310193136 0.40359706051492317 0.3673828108367103 0.33116856115849747 0.2949543114802846 0.25874006180207176 0.2225258121238589 0.18631156244564612 0.15009731276743327 0.11388306308915863 0.07766881341094578 0.058172629995238055 0.05654843762711303 0.054924245258987994 0.05330005289086297 0.05167586052273794
0.9940004303657208 0.8777430685880647 0.7614857068104086 0.692908380246419 0.6753020896979354 0.6576957991494519 0.6400895086009682 0.6224832180524846 0.6048769275040011 0.5872706369555175 0.5696643464070339 0.5520580558585204 0.5344517653100368 0.5168454747615532 0.4992391842130696 0.48968878951298 0.4887503296903188 0.4878118698676576 0.4868734100449964 0.4859349502223352 0.48499649039967396 0.4840580305770128 0.4831195707543516 0.48218111093169036 0.48124265110902753 0.48030419128636637 0.47936573146370515 0.4635685991413601 0.431887209799559 0.4002058204577579 0.3685244311159568 0.3368430417741557 0.3051616524323546 0.27348026309055345 0.24179887374875234 0.21011748440695122 0.17843609506515012 0.14675470572329502 0.11507331638149387 0.09738995704066819 0.0946708084484449 0.09195165985622161 0.08923251126399832 0.08651336267177503
1.0448680785678512 0.9354008847909827 0.825933691014114 0.7574156708111864 0.7326732433000256 0.7079308157888647 0.6831883882777039 0.658445960766543 0.6337035332553822 0.6089611057442214 0.5842186782330605 0.5594762507218575 0.5347338232106966 0.5099913956995358 0.48524896818837493 0.47213349367177393 0.4714474948952339 0.47076149611869395 0.4700754973421539 0.46938949856561396 0.46870349978907394 0.4680175010125339 0.46733150223599396 0.46664550345945394 0.46595950468291275 0.4652735059063728 0.46458750712983277 0.45111163841137136 0.42396310940598203 0.39681458040059264 0.36966605139520325 0.3425175223898139 0.31536899338442453 0.28822046437903515 0.2610719353736458 0.23392340636825643 0.20677487736286704 0.1796263483574314 0.15247781935204202 0.13660728408609832 0.13279317926977677 0.12897907445345522 0.1251649696371337 0.12135086482081214
1.0957357267700032 0.9930587009939249 0.8903816752178468 0.8219229613759813 0.7900443969021401 0.758165832428299 0.7262872679544579 0.6944087034806168 0.6625301390067756 0.6306515745329344 0.5987730100590933 0.5668944455851977 0.5350158811113566 0.5031373166375155 0.4712587521636743 0.45457819783056047 0.45414466010014176 0.45371112236972305 0.4532775846393044 0.4528440469088857 0.452410509178467 0.45197697144804827 0.4515434337176296 0.4511098959872109 0.4506763582567915 0.45024282052637277 0.4498092827959541 0.4386546776813773 0.4160390090124016 0.3934233403434259 0.37080767167445017 0.3481920030054745 0.3255763343364988 0.3029606656675231 0.2803449969985474 0.25772932832957174 0.23511365966059602 0.21249799099158176 0.18988232232260605 0.17582461113154516 0.17091555009112488 0.16600648905070461 0.16109742801028434 0.15618836696986407
1.1466033749721336 1.050716517196843 0.9548296594215522 0.8864302519407488 0.8474155505042303 0.8084008490677119 0.7693861476311935 0.7303714461946751 0.6913567447581567 0.6523420433216383 0.6133273418851198 0.5743126404485349 0.5352979390120165 0.4962832375754981 0.45726853613897966 0.4370229019893544 0.43684182530505694 0.43666074862075943 0.436479671936462 0.43629859525216447 0.43611751856786696 0.4359364418835695 0.435755365199272 0.43557428851497454 0.4353932118306767 0.43521213514637924 0.43503105846208173 0.4261977169513885 0.4081149086188246 0.3900321002862606 0.37194929195369664 0.3538664836211327 0.33578367528856873 0.3177008669560048 0.2996180586234408 0.2815352502908769 0.2634524419583129 0.2453696336257181 0.22728682529315414 0.21504193817697528 0.20903792091245676 0.20303390364793822 0.1970298863834197 0.19102586911890118
1.1974710231742636 1.1083743333997607 1.0192776436252575 0.9509375425055162 0.9047867041063204 0.8586358657071248 0.8124850273079292 0.7663341889087334 0.7201833505095379 0.6740325121103421 0.6278816737111464 0.5817308353118721 0.5355799969126764 0.48942915851348073 0.44327832011428503 0.4194676061481484 0.4195389905099721 0.4196103748717958 0.41968175923361956 0.41975314359544325 0.419824527957267 0.4198959123190907 0.4199672966809144 0.4200386810427381 0.42011006540456197 0.42018144976638566 0.4202528341282094 0.4137407562213998 0.40019080822524755 0.38664086022909533 0.3730909122329431 0.3595409642367909 0.34599101624063866 0.33244106824448644 0.3188911202483342 0.305341172252182 0.29179122425602977 0.27824127625985445 0.26469132826370223 0.25425926522240544 0.24716029173378862 0.24006131824517185 0.23296234475655506 0.22586337126793826
