Figures/CREST_Example_wjb_NSE/Rolling_result/20100722/BJP_forecast/ens_18/wjb.rain.20100726.asc
ncols            288
nrows            254
xllcorner        113.274861
yllcorner        31.4918055
cellsize         0.008333333333
NODATA_value     -9999
[rows 60 to 79 of 254, columns 46 to 91 of 288]
7.59346596339519 7.369880209301893 7.146294455208595 6.922708701115299 6.699122947022002 6.6840006852233556 6.891730608477134 7.099460531730559 7.307190454983983 7.514920378237408 7.722650301490832 7.9303802247442565 8.138110147997681 8.345840071251105 8.55356999450453 8.761299917757954 8.969029841011379 9.136505976200086 9.260949902030141 9.385393827860408 9.509837753690464 9.634281679520521 9.758725605350577 9.883169531180632 10.007613457010688 10.132057382840744 10.2565013086708 10.380945234500855 10.50538916033091 10.519136200852788 10.414545768502622 10.309955336152457 10.205364903802113 10.100774471451949 9.996184039101784 9.89159360675162 9.787003174401454 9.682412742051289 9.577822309701125 9.473231877350958 9.368641445000794 9.410682310004209 9.60947534701102 9.808268384017833 10.007061421024645 10.205854458031796
7.785614772154655 7.577692321845303 7.369769871535952 7.1618474212266 6.953924970917248 6.944020106232215 7.145800516265757 7.347580926298954 7.549361336332151 7.751141746365349 7.952922156398547 8.154702566431745 8.35648297646494 8.558263386498139 8.760043796531336 8.961824206564533 9.16360461659773 9.313757052664505 9.408718017535717 9.503678982407092 9.598639947278302 9.693600912149515 9.788561877020726 9.883522841891939 9.978483806763151 10.073444771634362 10.168405736505575 10.263366701376786 10.358327666247998 10.368132114880362 10.286902322556104 10.205672530231848 10.12444273790745 10.043212945583193 9.961983153258936 9.880753360934678 9.799523568610422 9.718293776286163 9.637063983961905 9.555834191637649 9.47460439931339 9.525369465833181 9.717240020679892 9.909110575526604 10.100981130373315 10.292851685220352
7.673157951462888 7.521913858126775 7.370669764790662 7.219425671454549 7.068181578118436 7.0787349516426685 7.262253474262738 7.4457719968824945 7.629290519502251 7.812809042122008 7.996327564741764 8.17984608736152 8.363364609981277 8.546883132601033 8.73040165522079 8.913920177840547 9.097438700460303 9.238084656045642 9.33289886835748 9.42771308066948 9.52252729298132 9.617341505293158 9.712155717604997 9.806969929916836 9.901784142228674 9.996598354540513 10.091412566852354 10.186226779164192 10.281040991476031 10.289178317954399 10.20465609400914 10.120133870063881 10.035611646118479 9.95108942217322 9.866567198227962 9.782044974282703 9.697522750337445 9.613000526392188 9.52847830244693 9.443956078501671 9.359433854556412 9.400001796486169 9.574293953853312 9.748586111220456 9.922878268587601 10.097170425955042
7.56070113077112 7.466135394408246 7.371569658045372 7.277003921682498 7.182438185319625 7.213449797053123 7.37870643225972 7.543963067466036 7.7092197026723515 7.874476337878668 8.039732973084984 8.2049896082913 8.370246243497615 8.535502878703932 8.700759513910247 8.866016149116563 9.031272784322878 9.162412259426779 9.257079719179245 9.351747178931872 9.446414638684338 9.541082098436803 9.63574955818927 9.730417017941734 9.825084477694201 9.919751937446666 10.014419397199132 10.109086856951597 10.203754316704064 10.210224521028433 10.122409865462174 10.034595209895915 9.946780554329507 9.858965898763248 9.77115124319699 9.68333658763073 9.595521932064472 9.507707276498211 9.419892620931952 9.332077965365693 9.244263309799434 9.274634127139155 9.431347887026734 9.58806164691431 9.744775406801889 9.901489166689734
7.448244310079352 7.4103569306897175 7.372469551300083 7.334582171910448 7.296694792520812 7.348164642463575 7.495159390256702 7.642154138049577 7.789148885842452 7.936143633635327 8.083138381428201 8.230133129221077 8.377127877013951 8.524122624806827 8.671117372599703 8.818112120392577 8.965106868185451 9.086739862807915 9.181260570001008 9.275781277194262 9.370301984387355 9.464822691580448 9.559343398773539 9.653864105966631 9.748384813159724 9.842905520352817 9.93742622754591 10.031946934739002 10.126467641932095 10.13127072410247 10.04016363691521 9.949056549727949 9.857949462540535 9.766842375353274 9.675735288166015 9.584628200978756 9.493521113791495 9.402414026604236 9.311306939416976 9.220199852229717 9.129092765042456 9.149266457792141 9.288401820200153 9.427537182608164 9.566672545016175 9.705807907424424
7.335787489387585 7.354578466971189 7.373369444554792 7.392160422138397 7.410951399722 7.482879487874029 7.611612348253683 7.7403452086331175 7.869078069012552 7.997810929391986 8.12654378977142 8.255276650150854 8.384009510530289 8.512742370909724 8.641475231289158 8.770208091668593 8.898940952048026 9.011067466189052 9.105441420822773 9.199815375456653 9.294189330090372 9.388563284724093 9.482937239357812 9.577311193991532 9.67168514862525 9.766059103258971 9.86043305789269 9.954807012526409 10.04918096716013 10.052316927176507 9.957917408368246 9.863517889559985 9.769118370751563 9.674718851943304 9.580319333135042 9.485919814326781 9.391520295518522 9.29712077671026 9.202721257902 9.10832173909374 9.01392222028548 9.023898788445129 9.145455753373573 9.267012718302016 9.388569683230461 9.510126648159114
7.223330668695722 7.298800003252612 7.374269337809504 7.4497386723663945 7.525208006923285 7.617594333284598 7.728065306250764 7.838536279216742 7.94900725218272 8.059478225148698 8.169949198114676 8.280420171080653 8.390891144046632 8.50136211701261 8.611833089978587 8.722304062944566 8.832775035910544 8.935395069570125 9.029622271644472 9.123849473718979 9.218076675793325 9.312303877867672 9.406531079942019 9.500758282016363 9.59498548409071 9.689212686165057 9.783439888239403 9.87766709031375 9.971894292388097 9.973363130250476 9.875671179821211 9.777979229391947 9.680287278962517 9.582595328533252 9.484903378103988 9.387211427674723 9.28951947724546 9.191827526816196 9.09413557638693 8.996443625957667 8.898751675528402 8.898531119098008 9.00250968654687 9.106488253995733 9.210466821444596 9.314445388893636
7.110873848003954 7.243021539534084 7.375169231064214 7.5073169225943435 7.639464614124473 7.752309178695051 7.844518264247745 7.936727349800282 8.02893643535282 8.121145520905358 8.213354606457894 8.305563692010432 8.397772777562968 8.489981863115506 8.582190948668044 8.67440003422058 8.766609119773118 8.859722672951262 8.953803122466237 9.04788357198137 9.141964021496342 9.236044471011317 9.33012492052629 9.424205370041262 9.518285819556237 9.61236626907121 9.706446718586182 9.800527168101155 9.89460761761613 9.89440933332451 9.793424951274247 9.692440569223981 9.591456187173543 9.49047180512328 9.389487423073014 9.28850304102275 9.187518658972484 9.086534276922219 8.985549894871955 8.88456551282169 8.783581130771424 8.773163449750994 8.85956361972029 8.945963789689587 9.032363959658884 9.118764129628328
6.998417027312187 7.187243075815555 7.376069124318924 7.564895172822293 7.753721221325662 7.887024024105505 7.960971222244727 8.034918420383825 8.10886561852292 8.182812816662016 8.256760014801113 8.33070721294021 8.404654411079306 8.478601609218403 8.552548807357498 8.626496005496595 8.700443203635691 8.7840502763324 8.877983973288 8.97191767024376 9.065851367199361 9.15978506415496 9.25371876111056 9.347652458066161 9.441586155021762 9.535519851977362 9.629453548932963 9.723387245888562 9.817320942844162 9.815455536398549 9.711178722727283 9.606901909056017 9.502625095384573 9.398348281713307 9.294071468042041 9.189794654370775 9.08551784069951 8.981241027028243 8.876964213356977 8.772687399685712 8.668410586014447 8.647795780403982 8.71661755289371 8.785439325383441 8.85426109787317 8.923082870363018
6.885960206620419 7.131464612097027 7.376969017573634 7.622473423050242 7.86797782852685 8.021738869515959 8.07742418024171 8.133109490967366 8.188794801693021 8.244480112418676 8.300165423144332 8.355850733869987 8.411536044595643 8.4672213553213 8.522906666046955 8.57859197677261 8.634277287498266 8.708377879713536 8.802164824109765 8.895951768506151 8.989738712902378 9.083525657298605 9.177312601694833 9.27109954609106 9.364886490487287 9.458673434883513 9.552460379279742 9.646247323675968 9.740034268072195 9.736501739472585 9.628932494180317 9.52136324888805 9.413794003595601 9.306224758303335 9.198655513011069 9.0910862677188 8.983517022426534 8.875947777134268 8.768378531842002 8.660809286549735 8.55324004125747 8.522428111056968 8.57367148606713 8.624914861077293 8.676158236087456 8.727401611097708
6.773503385928652 7.075686148378498 7.377868910828345 7.680051673278191 7.982234435728037 8.156453714926412 8.19387713823869 8.231300561550906 8.26872398486312 8.306147408175335 8.34357083148755 8.380994254799765 8.41841767811198 8.455841101424195 8.493264524736409 8.530687948048625 8.568111371360839 8.632705483094673 8.726345674931528 8.81998586676854 8.913626058605395 9.00726625044225 9.100906442279102 9.194546634115957 9.288186825952812 9.381827017789666 9.475467209626519 9.569107401463373 9.662747593300228 9.65754794254662 9.546686265633353 9.435824588720086 9.32496291180663 9.214101234893361 9.103239557980094 8.992377881066828 8.88151620415356 8.770654527240293 8.659792850327026 8.548931173413758 8.438069496500491 8.397060441709954 8.43072541924055 8.464390396771147 8.498055374301744 8.531720351832398
6.661046565236884 7.019907684659969 7.3787688040830535 7.737629923506139 8.096491042929225 8.291168560336866 8.310330096235672 8.329491632134447 8.34865316803322 8.367814703931995 8.38697623983077 8.406137775729544 8.425299311628317 8.444460847527091 8.463622383425866 8.482783919324639 8.501945455223414 8.55703308647581 8.650526525753293 8.744019965030933 8.837513404308414 8.931006843585894 9.024500282863375 9.117993722140856 9.211487161418338 9.304980600695819 9.3984740399733 9.49196747925078 9.585460918528263 9.578594145620658 9.464440037086389 9.35028592855212 9.236131820017658 9.121977711483389 9.00782360294912 8.893669494414853 8.779515385880584 8.665361277346316 8.551207168812049 8.43705306027778 8.322898951743511 8.27169277236294 8.287779352413969 8.303865932465 8.31995251251603 8.336039092567088
6.548589744545021 6.964129220941393 7.379668697337766 7.795208173734139 8.21074765013051 8.425883405747435 8.426783054232754 8.427682702718071 8.428582351203389 8.429481999688706 8.430381648174023 8.431281296659343 8.43218094514466 8.433080593629978 8.433980242115295 8.434879890600612 8.435779539085932 8.481360689856883 8.57470737657499 8.668054063293258 8.761400750011365 8.854747436729474 8.948094123447582 9.041440810165689 9.134787496883797 9.228134183601904 9.321480870320013 9.414827557038121 9.508174243756228 9.499640348694626 9.382193808539354 9.264747268384083 9.14730072822861 9.029854188073339 8.912407647918066 8.794961107762795 8.677514567607522 8.56006802745225 8.442621487296979 8.325174947141706 8.207728406986435 8.146325103015819 8.144833285587268 8.143341468158717 8.141849650730165 8.14035783330161
6.546184804355576 7.001488102589681 7.456791400823784 7.912094699057887 8.367397997291992 8.593700423103662 8.575195740311187 8.556691057518746 8.538186374726303 8.51968169193386 8.501177009141417 8.482672326348974 8.464167643556532 8.44566296076409 8.427158277971646 8.408653595179203 8.390148912386762 8.428778761066116 8.528486715387357 8.628194669708769 8.72790262403001 8.827610578351251 8.927318532672494 9.027026486993735 9.126734441314976 9.226442395636218 9.326150349957459 9.4258583042787 9.525566258599941 9.522983810305618 9.41105060917945 9.299117408053283 9.187184206926924 9.075251005800755 8.963317804674588 8.851384603548421 8.739451402422253 8.627518201296086 8.515585000169917 8.40365179904375 8.291718597917582 8.227109235972993 8.213090128040573 8.199071020108155 8.185051912175737 8.171032804243294
6.661418385563018 7.1384049340501186 7.61539148253722 8.092378031024321 8.569364579511422 8.796901575151201 8.757771360621984 8.718641146092834 8.679510931563682 8.640380717034532 8.60125050250538 8.562120287976228 8.522990073447078 8.483859858917926 8.444729644388776 8.405599429859624 8.366469215330474 8.400879086510908 8.513904971653067 8.626930856795418 8.739956741937577 8.852982627079735 8.966008512221894 9.079034397364053 9.19206028250621 9.30508616764837 9.418112052790528 9.531137937932685 9.644163823074845 9.65567659136771 9.558669542884644 9.46166249440158 9.364655445918348 9.267648397435284 9.17064134895222 9.073634300469154 8.97662725198609 8.879620203503025 8.782613155019959 8.685606106536895 8.58859905805383 8.528256647555429 8.507109563999785 8.485962480444142 8.464815396888499 8.443668313332818
6.77665196677046 7.275321765510558 7.7739915642506565 8.272661362990753 8.771331161730853 9.000102727198744 8.940346980932782 8.880591234666923 8.820835488401062 8.761079742135204 8.701323995869343 8.641568249603484 8.581812503337625 8.522056757071764 8.462301010805906 8.402545264540045 8.342789518274186 8.3729794119557 8.499323227918776 8.625667043882068 8.752010859845143 8.878354675808218 9.004698491771293 9.13104230773437 9.257386123697446 9.38372993966052 9.510073755623596 9.636417571586673 9.762761387549748 9.788369372429802 9.706288476589839 9.624207580749877 9.542126684909775 9.460045789069813 9.377964893229851 9.295883997389888 9.213803101549926 9.131722205709965 9.049641309870001 8.96756041403004 8.885479518190078 8.829404059137865 8.801128999958996 8.772853940780127 8.744578881601258 8.716303822422342
6.8918855479779015 7.4122385969709965 7.932591645964092 8.452944694957187 8.973297743950283 9.203303879246283 9.122922601243578 9.04254132324101 8.962160045238441 8.881778767235874 8.801397489233306 8.721016211230737 8.640634933228169 8.560253655225601 8.479872377223034 8.399491099220464 8.319109821217896 8.345079737400491 8.484741484184484 8.624403230968714 8.764064977752707 8.9037267245367 9.043388471320693 9.183050218104686 9.32271196488868 9.46237371167267 9.602035458456664 9.741697205240657 9.88135895202465 9.921062153491892 9.853907410295031 9.786752667098172 9.7195979239012 9.652443180704338 9.58528843750748 9.51813369431062 9.450978951113761 9.383824207916902 9.316669464720043 9.249514721523184 9.182359978326323 9.130551470720299 9.095148435918206 9.059745401116112 9.02434236631402 8.988939331511865
7.007119129185343 7.549155428431435 8.09119172767753 8.633228026923621 9.175264326169714 9.406505031293825 9.305498221554377 9.204491411815098 9.103484602075822 9.002477792336546 8.901470982597269 8.800464172857993 8.699457363118716 8.59845055337944 8.497443743640163 8.396436933900887 8.295430124161609 8.317180062845283 8.470159740450192 8.623139418055363 8.776119095660274 8.929098773265183 9.082078450870092 9.235058128475004 9.388037806079913 9.541017483684822 9.693997161289733 9.846976838894642 9.999956516499552 10.053754934553984 10.001526344000226 9.94929775344647 9.897069162892624 9.844840572338867 9.792611981785111 9.740383391231354 9.688154800677598 9.635926210123841 9.583697619570085 9.531469029016328 9.479240438462572 9.431698882302737 9.389167871877417 9.3466368614521 9.304105851026781 9.261574840601389
7.122352710392785 7.6860722598918745 8.249791809390963 8.813511358890054 9.377230908389144 9.609706183341364 9.488073841865173 9.366441500389188 9.244809158913203 9.123176817437217 9.001544475961232 8.879912134485247 8.758279793009262 8.636647451533277 8.515015110057291 8.393382768581308 8.271750427105323 8.289280388290074 8.4555779967159 8.621875605142012 8.78817321356784 8.954470821993667 9.120768430419494 9.287066038845321 9.453363647271148 9.619661255696975 9.785958864122803 9.95225647254863 10.118554080974455 10.186447715616074 10.149145277705422 10.111842839794768 10.07454040188405 10.037237963973396 9.999935526062742 9.962633088152089 9.925330650241435 9.88802821233078 9.850725774420127 9.813423336509473 9.776120898598819 9.732846293885173 9.68318730783663 9.633528321788086 9.583869335739541 9.534210349690914
7.2375862916003255 7.822989091352431 8.408391891104536 8.993794690856642 9.579197490608749 9.81290733538908 9.670649462176126 9.528391588963414 9.386133715750704 9.243875842537992 9.10161796932528 8.95936009611257 8.817102222899859 8.674844349687149 8.532586476474437 8.390328603261725 8.248070730049015 8.261380713734843 8.440996252981599 8.62061179222866 8.800227331475416 8.979842870722171 9.159458409968927 9.339073949215681 9.518689488462437 9.698305027709193 9.877920566955948 10.057536106202702 10.237151645449458 10.319140496678278 10.29676421141074 10.274387926143202 10.252011640875624 10.229635355608087 10.207259070340548 10.18488278507301 10.162506499805472 10.140130214537933 10.117753929270394 10.095377644002856 10.073001358735318 10.033993705467863 9.977206743796089 9.920419782124315 9.86363282045254 9.806845858780669
