Figures/CREST_Example_wjb_NSE/Rolling_result/20100722/BJP_forecast/ens_45/wjb.rain.20100722.asc
ncols            288
nrows            254
xllcorner        113.274861
yllcorner        31.4918055
cellsize         0.008333333333
NODATA_value     -9999
[rows 60 to 79 of 254, columns 176 to 219 of 288]
4.138651299210292 4.138651299210292 4.138651299210292 4.138651299210292 4.138651299210292 4.138651299210292 4.138651299210292 4.138651299210292 4.138651299210292 4.138651299210292 4.138651299210292 4.138651299210292 4.138651299210292 4.138651299210292 4.138651299210292 4.138651299210292 4.138651299210292 4.138651299210292 4.138651299210292 4.138651299210292 4.138651299210292 4.138651299210292 4.138651299210292 4.138651299210292 4.138651299210292 4.138651299210292 4.138651299210292 4.138651299210292 4.138651299210292 4.138651299210292 4.138651299210292 4.138651299210292 4.138651299210292 4.138651299210292 -9999.0 -9999.0 -9999.0 -9999.0 -9999.0 -9999.0 -9999.0 -9999.0 -9999.0 -9999.0
13.52086408656478 13.506135847280294 13.491407607995807 13.47667936871132 13.461951129426835 13.447222890142347 13.432494650857837 4.138651299210292 4.138651299210292 4.138651299210292 4.138651299210292 4.138651299210292 4.138651299210292 4.138651299210292 4.138651299210292 4.138651299210292 4.138651299210292 4.138651299210292 -9999.0 -9999.0 -9999.0 4.138651299210292 4.138651299210292 4.138651299210292 4.138651299210292 4.138651299210292 4.138651299210292 4.138651299210292 4.138651299210292 4.138651299210292 4.138651299210292 4.138651299210292 -9999.0 -9999.0 -9999.0 -9999.0 -9999.0 -9999.0 -9999.0 -9999.0 -9999.0 -9999.0 -9999.0 -9999.0
12.973125511256557 12.955303140741172 12.937480770225788 12.919658399710404 12.901836029195021 12.884013658679637 12.866191288164222 4.138651299210292 4.138651299210292 4.138651299210292 4.138651299210292 4.138651299210292 4.138651299210292 4.138651299210292 4.138651299210292 4.138651299210292 4.138651299210292 4.138651299210292 -9999.0 -9999.0 -9999.0 4.138651299210292 4.138651299210292 4.138651299210292 4.138651299210292 4.138651299210292 4.138651299210292 -9999.0 -9999.0 -9999.0 -9999.0 -9999.0 -9999.0 -9999.0 -9999.0 -9999.0 -9999.0 -9999.0 -9999.0 -9999.0 -9999.0 -9999.0 -9999.0 -9999.0
12.425386935948335 12.404470434202052 12.383553932455769 12.362637430709487 12.341720928963204 12.320804427216922 12.299887925470603 4.138651299210292 4.138651299210292 4.138651299210292 4.138651299210292 4.138651299210292 4.138651299210292 4.138651299210292 4.138651299210292 4.138651299210292 4.138651299210292 4.138651299210292 -9999.0 -9999.0 -9999.0 -9999.0 -9999.0 -9999.0 -9999.0 -9999.0 -9999.0 -9999.0 -9999.0 -9999.0 -9999.0 -9999.0 -9999.0 -9999.0 -9999.0 -9999.0 -9999.0 -9999.0 -9999.0 -9999.0 -9999.0 -9999.0 -9999.0 -9999.0
11.877648360640112 11.853637727662932 11.829627094685751 11.80561646170857 11.78160582873139 11.75759519575421 11.733584562776988 4.138651299210292 4.138651299210292 4.138651299210292 4.138651299210292 4.138651299210292 4.138651299210292 4.138651299210292 4.138651299210292 4.138651299210292 4.138651299210292 4.138651299210292 -9999.0 -9999.0 -9999.0 -9999.0 -9999.0 -9999.0 -9999.0 -9999.0 -9999.0 -9999.0 -9999.0 -9999.0 -9999.0 -9999.0 -9999.0 -9999.0 -9999.0 -9999.0 -9999.0 -9999.0 -9999.0 -9999.0 -9999.0 -9999.0 -9999.0 -9999.0
11.32990978533189 11.302805021123813 11.275700256915734 11.248595492707656 11.221490728499576 11.194385964291499 11.167281200083373 4.138651299210292 4.138651299210292 4.138651299210292 4.138651299210292 4.138651299210292 4.138651299210292 4.138651299210292 4.138651299210292 4.138651299210292 4.138651299210292 4.138651299210292 4.138651299210292 -9999.0 -9999.0 -9999.0 -9999.0 -9999.0 -9999.0 -9999.0 -9999.0 -9999.0 -9999.0 -9999.0 -9999.0 -9999.0 -9999.0 -9999.0 -9999.0 -9999.0 -9999.0 -9999.0 -9999.0 -9999.0 -9999.0 -9999.0 -9999.0 -9999.0
10.7821712100232 10.751972314584222 10.721773419145242 10.691574523706263 10.661375628267283 10.631176732828305 10.600977837389273 4.138651299210292 4.138651299210292 4.138651299210292 4.138651299210292 4.138651299210292 4.138651299210292 4.138651299210292 4.138651299210292 4.138651299210292 4.138651299210292 4.138651299210292 4.138651299210292 -9999.0 -9999.0 -9999.0 -9999.0 -9999.0 -9999.0 -9999.0 -9999.0 -9999.0 -9999.0 -9999.0 -9999.0 -9999.0 -9999.0 -9999.0 -9999.0 -9999.0 -9999.0 -9999.0 -9999.0 -9999.0 -9999.0 -9999.0 -9999.0 -9999.0
10.23443263471498 10.201139608045102 10.167846581375224 10.134553554705347 10.10126052803547 10.067967501365592 10.034674474695658 4.138651299210292 4.138651299210292 4.138651299210292 4.138651299210292 4.138651299210292 4.138651299210292 4.138651299210292 4.138651299210292 4.138651299210292 4.138651299210292 4.138651299210292 4.138651299210292 4.138651299210292 -9999.0 -9999.0 -9999.0 -9999.0 -9999.0 -9999.0 -9999.0 -9999.0 -9999.0 -9999.0 -9999.0 -9999.0 -9999.0 -9999.0 -9999.0 -9999.0 -9999.0 -9999.0 -9999.0 -9999.0 -9999.0 -9999.0 -9999.0 -9999.0
9.686694059406756 9.650306901505981 9.613919743605205 9.57753258570443 9.541145427803654 9.50475826990288 9.46837111200204 4.138651299210292 4.138651299210292 4.138651299210292 4.138651299210292 4.138651299210292 4.138651299210292 4.138651299210292 4.138651299210292 4.138651299210292 4.138651299210292 4.138651299210292 4.138651299210292 -9999.0 -9999.0 -9999.0 -9999.0 -9999.0 -9999.0 -9999.0 -9999.0 -9999.0 -9999.0 -9999.0 -9999.0 -9999.0 -9999.0 -9999.0 -9999.0 -9999.0 -9999.0 -9999.0 -9999.0 -9999.0 -9999.0 -9999.0 -9999.0 -9999.0
9.138955484098535 9.099474194966861 9.059992905835188 9.020511616703512 8.981030327571839 8.941549038440165 8.902067749308424 4.138651299210292 4.138651299210292 4.138651299210292 4.138651299210292 4.138651299210292 4.138651299210292 4.138651299210292 4.138651299210292 4.138651299210292 4.138651299210292 4.138651299210292 -9999.0 -9999.0 -9999.0 -9999.0 -9999.0 -9999.0 -9999.0 -9999.0 -9999.0 -9999.0 -9999.0 -9999.0 -9999.0 -9999.0 -9999.0 -9999.0 -9999.0 -9999.0 -9999.0 -9999.0 -9999.0 -9999.0 -9999.0 -9999.0 -9999.0 -9999.0
8.591216908790312 8.548641488427739 8.506066068065168 8.463490647702596 8.420915227340025 8.378339806977452 8.335764386614809 4.138651299210292 4.138651299210292 4.138651299210292 4.138651299210292 4.138651299210292 4.138651299210292 4.138651299210292 4.138651299210292 4.138651299210292 4.138651299210292 4.138651299210292 -9999.0 -9999.0 -9999.0 -9999.0 -9999.0 -9999.0 -9999.0 -9999.0 -9999.0 -9999.0 -9999.0 -9999.0 -9999.0 -9999.0 -9999.0 -9999.0 -9999.0 -9999.0 -9999.0 -9999.0 -9999.0 -9999.0 -9999.0 -9999.0 -9999.0 -9999.0
8.043478333482089 7.99780878188862 7.95213923029515 7.906469678701679 7.8608001271082095 7.81513057551474 7.769461023921192 4.138651299210292 4.138651299210292 4.138651299210292 4.138651299210292 4.138651299210292 4.138651299210292 4.138651299210292 4.138651299210292 4.138651299210292 4.138651299210292 4.138651299210292 -9999.0 -9999.0 -9999.0 -9999.0 -9999.0 -9999.0 -9999.0 -9999.0 -9999.0 -9999.0 -9999.0 -9999.0 -9999.0 -9999.0 -9999.0 -9999.0 -9999.0 -9999.0 -9999.0 -9999.0 -9999.0 -9999.0 -9999.0 -9999.0 -9999.0 -9999.0
7.4957397581734 7.4469760753490295 7.398212392524659 7.3494487097002885 7.300685026875918 7.2519213440515475 7.2031576612270936 4.138651299210292 4.138651299210292 4.138651299210292 4.138651299210292 4.138651299210292 4.138651299210292 4.138651299210292 4.138651299210292 4.138651299210292 4.138651299210292 4.138651299210292 4.138651299210292 -9999.0 -9999.0 -9999.0 -9999.0 -9999.0 -9999.0 -9999.0 -9999.0 -9999.0 -9999.0 -9999.0 -9999.0 -9999.0 -9999.0 -9999.0 -9999.0 -9999.0 -9999.0 -9999.0 -9999.0 -9999.0 -9999.0 -9999.0 -9999.0 -9999.0
7.139684872142135 7.08398747474627 7.0282900773504045 6.9725926799545395 6.9168952825586745 6.8611978851628095 6.8055004877668495 4.138651299210292 4.138651299210292 4.138651299210292 4.138651299210292 4.138651299210292 4.138651299210292 4.138651299210292 4.138651299210292 4.138651299210292 4.138651299210292 4.138651299210292 4.138651299210292 4.138651299210292 4.138651299210292 4.138651299210292 -9999.0 -9999.0 -9999.0 -9999.0 -9999.0 -9999.0 -9999.0 -9999.0 -9999.0 -9999.0 -9999.0 -9999.0 -9999.0 -9999.0 -9999.0 -9999.0 -9999.0 -9999.0 -9999.0 -9999.0 -9999.0 -9999.0
6.988527764136257 6.921792379666636 6.855056995197014 6.788321610727392 6.721586226257771 6.654850841788149 6.588115457318414 4.138651299210292 4.138651299210292 4.138651299210292 4.138651299210292 4.138651299210292 4.138651299210292 4.138651299210292 4.138651299210292 4.138651299210292 4.138651299210292 4.138651299210292 4.138651299210292 4.138651299210292 4.138651299210292 4.138651299210292 4.138651299210292 4.138651299210292 4.138651299210292 -9999.0 -9999.0 -9999.0 -9999.0 -9999.0 -9999.0 -9999.0 -9999.0 -9999.0 -9999.0 -9999.0 -9999.0 -9999.0 -9999.0 -9999.0 -9999.0 -9999.0 -9999.0 -9999.0
6.837370656130379 6.759597284587001 6.681823913043623 6.6040505415002455 6.526277169956868 6.44850379841349 6.370730426869979 4.138651299210292 4.138651299210292 4.138651299210292 4.138651299210292 4.138651299210292 4.138651299210292 4.138651299210292 4.138651299210292 4.138651299210292 4.138651299210292 4.138651299210292 4.138651299210292 4.138651299210292 4.138651299210292 4.138651299210292 4.138651299210292 4.138651299210292 4.138651299210292 -9999.0 -9999.0 -9999.0 -9999.0 -9999.0 4.138651299210292 -9999.0 -9999.0 -9999.0 -9999.0 -9999.0 -9999.0 -9999.0 -9999.0 -9999.0 -9999.0 -9999.0 -9999.0 -9999.0
6.686213548124501 6.597402189507367 6.508590830890233 6.419779472273098 6.330968113655964 6.242156755038829 6.153345396421544 4.138651299210292 4.138651299210292 4.138651299210292 4.138651299210292 4.138651299210292 4.138651299210292 4.138651299210292 4.138651299210292 4.138651299210292 4.138651299210292 4.138651299210292 4.138651299210292 4.138651299210292 4.138651299210292 4.138651299210292 4.138651299210292 4.138651299210292 4.138651299210292 4.138651299210292 -9999.0 -9999.0 -9999.0 4.138651299210292 4.138651299210292 -9999.0 -9999.0 -9999.0 -9999.0 -9999.0 -9999.0 -9999.0 -9999.0 -9999.0 -9999.0 -9999.0 -9999.0 -9999.0
6.535056440118623 6.435207094427733 6.335357748736842 6.2355084030459516 6.135659057355061 6.03580971166417 5.935960365973109 4.138651299210292 4.138651299210292 4.138651299210292 4.138651299210292 4.138651299210292 4.138651299210292 4.138651299210292 4.138651299210292 4.138651299210292 4.138651299210292 4.138651299210292 4.138651299210292 4.138651299210292 4.138651299210292 4.138651299210292 4.138651299210292 4.138651299210292 4.138651299210292 4.138651299210292 -9999.0 -9999.0 -9999.0 4.138651299210292 4.138651299210292 -9999.0 -9999.0 -9999.0 -9999.0 -9999.0 -9999.0 -9999.0 -9999.0 -9999.0 -9999.0 -9999.0 -9999.0 -9999.0
6.383899332112746 6.273011999348098 6.162124666583451 6.051237333818804 5.940350001054157 5.82946266828951 5.718575335524673 4.138651299210292 4.138651299210292 4.138651299210292 4.138651299210292 4.138651299210292 4.138651299210292 4.138651299210292 4.138651299210292 4.138651299210292 4.138651299210292 4.138651299210292 4.138651299210292 4.138651299210292 4.138651299210292 4.138651299210292 4.138651299210292 4.138651299210292 4.138651299210292 4.138651299210292 -9999.0 -9999.0 4.138651299210292 4.138651299210292 4.138651299210292 -9999.0 -9999.0 -9999.0 -9999.0 -9999.0 -9999.0 -9999.0 -9999.0 -9999.0 -9999.0 -9999.0 -9999.0 -9999.0
6.232742224106739 6.110816904268326 5.988891584429913 5.8669662645915 5.745040944753088 5.623115624914674 5.5011903050760536 4.138651299210292 4.138651299210292 4.138651299210292 4.138651299210292 4.138651299210292 4.138651299210292 4.138651299210292 4.138651299210292 4.138651299210292 4.138651299210292 4.138651299210292 4.138651299210292 4.138651299210292 4.138651299210292 4.138651299210292 4.138651299210292 4.138651299210292 4.138651299210292 4.138651299210292 4.138651299210292 4.138651299210292 4.138651299210292 4.138651299210292 -9999.0 -9999.0 -9999.0 -9999.0 -9999.0 -9999.0 -9999.0 -9999.0 -9999.0 -9999.0 -9999.0 -9999.0 -9999.0 -9999.0
