Figures/CREST_Example_wjb_NSE/Rolling_result/20100722/BJP_forecast/ens_45/wjb.rain.20090924.asc
ncols            288
nrows            254
xllcorner        113.274861
yllcorner        31.4918055
cellsize         0.008333333333
NODATA_value     -9999
[rows 60 to 79 of 254, columns 44 to 87 of 288]
1.732588984275203 1.860315076745201 1.9880411692151991 2.115767261685197 2.243493354155195 2.3712194466251932 2.4989455390951916 2.5649390568133534 2.5649390568133534 2.5649390568133534 2.5649390568133534 2.5649390568133534 2.5649390568133534 2.5649390568133534 2.5649390568133534 2.5649390568133534 2.5649390568133534 2.5649390568133534 2.5649390568133534 2.601814100311012 2.6781093988502445 2.7544046973896066 2.830699995928839 2.906995294468071 2.9832905930073035 3.0595858915465355 3.135881190085768 3.212176488625 3.2884717871642324 3.3647670857034644 3.441062384242697 3.449676377298087 3.3859375247486456 3.322198672199204 3.258459819649654 3.1947209671002126 3.130982114550771 3.0672432620013295 3.003504409451888 2.9397655569024463 2.876026704353005 2.812287851803563 2.7485489992541217 2.7156164086970103
1.7393913618414034 1.8691016115602341 1.9988118612790648 2.1285221109978956 2.2582323607167263 2.387942610435557 2.5176528601543877 2.5846715522439276 2.5846715522439276 2.5846715522439276 2.5846715522439276 2.5846715522439276 2.5846715522439276 2.5846715522439276 2.5846715522439276 2.5846715522439276 2.5846715522439276 2.5846715522439276 2.5846715522439276 2.620576279116584 2.694863970625147 2.7691516621338375 2.8434393536424007 2.917727045150964 2.9920147366595273 3.0663024281680906 3.140590119676654 3.214877811185217 3.2891655026937805 3.3634531942023442 3.4377408857109075 3.444161101828019 3.3780294525003995 3.31189780317278 3.245766153845048 3.1796345045174284 3.1135028551898087 3.047371205862189 2.98123955653457 2.9151079072069503 2.8489762578793307 2.782844608551711 2.7167129592240915 2.6825440584193023
1.6921450121764394 1.8173026804963708 1.9424603488163021 2.0676180171362333 2.192775685456165 2.317933353776096 2.443091022096027 2.5077574864190892 2.5077574864190892 2.5077574864190892 2.5077574864190892 2.5077574864190892 2.5077574864190892 2.5077574864190892 2.5077574864190892 2.5077574864190892 2.5077574864190892 2.5077574864190892 2.5077574864190892 2.5425349542586417 2.6144903213465662 2.6864456884346133 2.758401055522538 2.8303564226104623 2.9023117896983868 2.9742671567863113 3.0462225238742358 3.1181778909621602 3.1901332580500847 3.2620886251380092 3.3340439922259337 3.342371826195225 3.2826803888600065 3.2229889515247883 3.163297514189468 3.1036060768542497 3.0439146395190315 2.984223202183813 2.9245317648485947 2.8648403275133765 2.805148890178158 2.7454574528429396 2.6857660155077214 2.654924643457583
1.6448986625114754 1.7655037494325074 1.8861088363535394 2.0067139232745714 2.1273190101956034 2.247924097116635 2.3685291840376674 2.4308434205942513 2.4308434205942513 2.4308434205942513 2.4308434205942513 2.4308434205942513 2.4308434205942513 2.4308434205942513 2.4308434205942513 2.4308434205942513 2.4308434205942513 2.4308434205942513 2.4308434205942513 2.4644936294007 2.5341166720679853 2.6037397147353896 2.6733627574026753 2.742985800069961 2.8126088427372467 2.882231885404532 2.9518549280718176 3.0214779707391033 3.091101013406389 3.1607240560736747 3.23034709874096 3.2405825505624306 3.1873313252196134 3.134080099876796 3.0808288745338883 3.027577649191071 2.974326423848254 2.9210751985054366 2.8678239731626194 2.814572747819802 2.761321522476985 2.7080702971341677 2.6548190717913505 2.627305228495864
1.5976523128465114 1.713704818368644 1.8297573238907765 1.9458098294129091 2.0618623349350416 2.177914840457174 2.293967345979307 2.353929354769413 2.353929354769413 2.353929354769413 2.353929354769413 2.353929354769413 2.353929354769413 2.353929354769413 2.353929354769413 2.353929354769413 2.353929354769413 2.353929354769413 2.353929354769413 2.3864523045427575 2.4537430227894044 2.521033741036166 2.5883244592828123 2.655615177529459 2.722905895776106 2.7901966140227525 2.8574873322693994 2.9247780505160463 2.992068768762693 3.0593594870093397 3.126650205255986 3.1387932749296366 3.0919822615792203 3.0451712482288045 2.9983602348783083 2.9515492215278925 2.904738208177476 2.8579271948270604 2.811116181476644 2.7643051681262283 2.717494154775812 2.670683141425396 2.62387212807498 2.5996858135341445
1.5504059631815474 1.6619058873047807 1.7734058114280136 1.8849057355512469 1.99640565967448 2.107905583797713 2.2194055079209463 2.2770152889445745 2.2770152889445745 2.2770152889445745 2.2770152889445745 2.2770152889445745 2.2770152889445745 2.2770152889445745 2.2770152889445745 2.2770152889445745 2.2770152889445745 2.2770152889445745 2.2770152889445745 2.3084109796848153 2.373369373510823 2.4383277673369417 2.5032861611629498 2.5682445549889574 2.6332029488149655 2.698161342640973 2.7631197364669813 2.8280781302929894 2.893036524118997 2.9579949179450047 3.022953311771013 3.037003999296842 2.996633197938827 2.9562623965808124 2.9158915952227287 2.875520793864714 2.835149992506699 2.794779191148684 2.754408389790669 2.714037588432654 2.673666787074639 2.6332959857166243 2.5929251843586094 2.5720663985724252
1.5031596135165433 1.6101069562408732 1.717054298965203 1.8240016416895326 1.9309489844138628 2.0378963271381925 2.144843669862522 2.200101223119671 2.200101223119671 2.200101223119671 2.200101223119671 2.200101223119671 2.200101223119671 2.200101223119671 2.200101223119671 2.200101223119671 2.200101223119671 2.200101223119671 2.200101223119671 2.2303696548268066 2.2929957242321737 2.3556217936376473 2.4182478630430144 2.4808739324483815 2.5435000018537486 2.6061260712591157 2.6687521406644823 2.7313782100698494 2.7940042794752165 2.8566303488805835 2.9192564182859506 2.935214723663961 2.9012841342983524 2.8673535449327443 2.833422955567078 2.79949236620147 2.765561776835862 2.7316311874702532 2.697700598104645 2.663770008739037 2.6298394193734285 2.5959088300078204 2.561978240642212 2.544446983610682
1.4559132638515795 1.55830802517701 1.6607027865024404 1.7630975478278708 1.8654923091533013 1.967887070478732 2.070281831804162 2.123187157294833 2.123187157294833 2.123187157294833 2.123187157294833 2.123187157294833 2.123187157294833 2.123187157294833 2.123187157294833 2.123187157294833 2.123187157294833 2.123187157294833 2.123187157294833 2.152328329968865 2.2126220749535928 2.272915819938424 2.333209564923152 2.39350330990788 2.453797054892608 2.5140907998773363 2.5743845448620646 2.6346782898467924 2.6949720348315207 2.7552657798162485 2.815559524800977 2.8334254480311665 2.8059350706579593 2.7784446932847526 2.7509543159114984 2.7234639385382913 2.695973561165084 2.668483183791877 2.64099280641867 2.6135024290454627 2.5860120516722556 2.5585216742990484 2.5310312969258417 2.5168275686489627
1.4086669141866155 1.5065090941131465 1.6043512740396775 1.7021934539662085 1.8000356338927395 1.8978778138192705 1.9957199937458014 2.0462730914699945 2.0462730914699945 2.0462730914699945 2.0462730914699945 2.0462730914699945 2.0462730914699945 2.0462730914699945 2.0462730914699945 2.0462730914699945 2.0462730914699945 2.0462730914699945 2.0462730914699945 2.0742870051109223 2.132248425675012 2.1902098462392 2.248171266803289 2.3061326873673784 2.3640941079314675 2.422055528495557 2.480016949059646 2.5379783696237355 2.595939790187825 2.653901210751914 2.711862631316003 2.7316361723983724 2.7105860070175662 2.6895358416367605 2.668485676255919 2.6474355108751126 2.626385345494307 2.6053351801135007 2.5842850147326946 2.563234849351889 2.542184683971083 2.521134518590277 2.5000843532094708 2.4892081536872435
1.3614205645216515 1.454710163049283 1.5479997615769145 1.6412893601045462 1.7345789586321776 1.8278685571598094 1.9211581556874409 1.969359025645156 1.969359025645156 1.969359025645156 1.969359025645156 1.969359025645156 1.969359025645156 1.969359025645156 1.969359025645156 1.969359025645156 1.969359025645156 1.969359025645156 1.969359025645156 1.9962456802529802 2.0518747763964305 2.1075038725399757 2.1631329686834264 2.2187620648268767 2.2743911609703273 2.3300202571137776 2.385649353257228 2.4412784494006785 2.4969075455441287 2.5525366416875794 2.6081657378310297 2.629846896765578 2.615236943377173 2.6006269899887684 2.5860170366003388 2.571407083211934 2.5567971298235292 2.5421871764351245 2.5275772230467197 2.512967269658315 2.49835731626991 2.483747362881505 2.4691374094931002 2.461588738725524
1.3141742148566875 1.4029112319854196 1.4916482491141516 1.580385266242884 1.6691222833716162 1.7578593005003484 1.8465963176290805 1.892444959820318 1.892444959820318 1.892444959820318 1.892444959820318 1.892444959820318 1.892444959820318 1.892444959820318 1.892444959820318 1.892444959820318 1.892444959820318 1.892444959820318 1.892444959820318 1.918204355395038 1.9715011271178495 2.024797898840752 2.0780946705635635 2.1313914422863753 2.184688214009187 2.237984985731998 2.2912817574548097 2.3445785291776216 2.397875300900433 2.4511720726232444 2.504468844346056 2.528057621132784 2.51988787973678 2.5117181383407767 2.503548396944759 2.4953786555487554 2.4872089141527516 2.4790391727567482 2.4708694313607444 2.4626996899647406 2.4545299485687373 2.4463602071727335 2.4381904657767297 2.433969323763805
1.2669278651917235 1.3511123009215562 1.435296736651389 1.5194811723812218 1.6036656081110547 1.6878500438408874 1.7720344795707201 1.8155308939954797 1.8155308939954797 1.8155308939954797 1.8155308939954797 1.8155308939954797 1.8155308939954797 1.8155308939954797 1.8155308939954797 1.8155308939954797 1.8155308939954797 1.8155308939954797 1.8155308939954797 1.840163030537096 1.8911274778392686 1.9420919251415283 1.993056372443701 2.0440208197458736 2.094985267048046 2.145949714350219 2.1969141616523915 2.247878608954564 2.298843056256737 2.3498075035589094 2.400771950861082 2.4262683454999894 2.4245388160963866 2.422809286692784 2.4210797572891787 2.4193502278855763 2.417620698481974 2.415891169078371 2.4141616396747687 2.4124321102711663 2.410702580867564 2.408973051463961 2.4072435220603587 2.406349908802085
1.219681515526719 1.2993133698576487 1.3789452241885782 1.4585770785195078 1.5382089328504371 1.6178407871813667 1.697472641512296 1.7386168281705758 1.7386168281705758 1.7386168281705758 1.7386168281705758 1.7386168281705758 1.7386168281705758 1.7386168281705758 1.7386168281705758 1.7386168281705758 1.7386168281705758 1.7386168281705758 1.7386168281705758 1.7621217056790872 1.810753828560619 1.8593859514422337 1.9080180743237656 1.9566501972052974 2.0052823200868293 2.053914442968361 2.102546565849893 2.1511786887314246 2.1998108116129567 2.2484429344944883 2.29707505737602 2.3244790698671083 2.3291897524559126 2.3339004350447166 2.338611117633529 2.343321800222333 2.348032482811137 2.352743165399941 2.3574538479887455 2.3621645305775494 2.3668752131663537 2.3715858957551577 2.376296578343962 2.3787304938403424
1.1756835277566409 1.2523721212679755 1.3290607147793103 1.4057493082906451 1.4824379018019798 1.5591264953133148 1.6358150888246494 1.675438551476652 1.675438551476652 1.675438551476652 1.675438551476652 1.675438551476652 1.675438551476652 1.675438551476652 1.675438551476652 1.675438551476652 1.675438551476652 1.675438551476652 1.675438551476652 1.6977009027437688 1.743762210745149 1.7898235187466072 1.8358848267479873 1.8819461347493671 1.928007442750747 1.9740687507521268 2.020130058753507 2.066191366754887 2.1122526747562667 2.1583139827576465 2.2043752907590264 2.2313710707277306 2.2379853702231873 2.244599669718644 2.251213969214112 2.2578282687095688 2.2644425682050255 2.2710568677004823 2.277671167195939 2.284285466691396 2.2908997661868526 2.2975140656823094 2.304128365177766 2.307545841464102
1.1351578340403496 1.210623428962402 1.2860890238844545 1.3615546188065066 1.4370202137285588 1.5124858086506112 1.5879514035726636 1.626942967311059 1.626942967311059 1.626942967311059 1.626942967311059 1.626942967311059 1.626942967311059 1.626942967311059 1.626942967311059 1.626942967311059 1.626942967311059 1.626942967311059 1.626942967311059 1.6478395789588092 1.6910751408158342 1.7343107026729327 1.7775462645299578 1.8207818263869828 1.8640173882440076 1.9072529501010327 1.9504885119580577 1.9937240738150828 2.036959635672108 2.0801951975291324 2.1234307593861574 2.1475428087983084 2.151211391089743 2.154879973381177 2.158548555672618 2.1622171379640522 2.165885720255486 2.1695543025469206 2.173222884838355 2.1768914671297894 2.180560049421224 2.1842286317126582 2.1878972140040926 2.189792697115201
1.0946321403240586 1.1688747366568286 1.2431173329895984 1.3173599293223681 1.391602525655138 1.4658451219879078 1.5400877183206778 1.5784473831454657 1.5784473831454657 1.5784473831454657 1.5784473831454657 1.5784473831454657 1.5784473831454657 1.5784473831454657 1.5784473831454657 1.5784473831454657 1.5784473831454657 1.5784473831454657 1.5784473831454657 1.5979782551738495 1.6383880708865195 1.6787978865992585 1.7192077023119285 1.7596175180245985 1.8000273337372685 1.8404371494499387 1.8808469651626087 1.9212567808752787 1.961666596587949 2.002076412300619 2.042486228013289 2.0637145468688867 2.0644374119562983 2.0651602770437103 2.0658831421311237 2.0666060072185357 2.0673288723059478 2.06805173739336 2.068774602480772 2.069497467568184 2.070220332655596 2.070943197743008 2.07166606283042 2.0720395527663
1.0541064466077676 1.127126044351255 1.2001456420947423 1.2731652398382298 1.3461848375817171 1.4192044353252045 1.492224033068692 1.5299517989798725 1.5299517989798725 1.5299517989798725 1.5299517989798725 1.5299517989798725 1.5299517989798725 1.5299517989798725 1.5299517989798725 1.5299517989798725 1.5299517989798725 1.5299517989798725 1.5299517989798725 1.5481169313888896 1.5857010009572048 1.6232850705255841 1.6608691400938993 1.6984532096622145 1.7360372792305296 1.7736213487988448 1.8112054183671598 1.8487894879354752 1.88637355750379 1.9239576270721055 1.9615416966404204 1.9798862849394647 1.9776634328228544 1.9754405807062438 1.9732177285896297 1.9709948764730194 1.968772024356409 1.9665491722397987 1.9643263201231884 1.9621034680065779 1.9598806158899675 1.9576577637733572 1.9554349116567469 1.9542864084173992
1.0135807528914764 1.0853773520456813 1.1571739511998862 1.2289705503540913 1.3007671495082962 1.372563748662501 1.4443603478167062 1.4814562148142794 1.4814562148142794 1.4814562148142794 1.4814562148142794 1.4814562148142794 1.4814562148142794 1.4814562148142794 1.4814562148142794 1.4814562148142794 1.4814562148142794 1.4814562148142794 1.4814562148142794 1.49825560760393 1.53301393102789 1.5677722544519097 1.6025305778758698 1.6372889012998302 1.6720472247237903 1.7068055481477504 1.7415638715717108 1.776322194995671 1.8110805184196312 1.8458388418435914 1.8805971652675515 1.8960580230100426 1.8908894536894099 1.8857208843687772 1.8805523150481356 1.8753837457275029 1.8702151764068702 1.8650466070862375 1.8598780377656048 1.854709468444972 1.8495408991243394 1.8443723298037067 1.839203760483074 1.8365332640684984
0.9730550591751854 1.0436286597401079 1.1142022603050303 1.1847758608699528 1.2553494614348752 1.3259230619997977 1.3964966625647202 1.4329606306486862 1.4329606306486862 1.4329606306486862 1.4329606306486862 1.4329606306486862 1.4329606306486862 1.4329606306486862 1.4329606306486862 1.4329606306486862 1.4329606306486862 1.4329606306486862 1.4329606306486862 1.4483942838189703 1.4803268610985756 1.5122594383782353 1.5441920156578406 1.576124592937446 1.6080571702170512 1.6399897474966565 1.6719223247762618 1.703854902055867 1.7357874793354724 1.7677200566150777 1.799652633894683 1.8122297610806206 1.8041154745559655 1.7960011880313105 1.7878869015066416 1.7797726149819866 1.7716583284573315 1.7635440419326764 1.7554297554080214 1.7473154688833663 1.7392011823587112 1.7310868958340562 1.722972609309401 1.7187801197195975
0.9325293654588598 1.0018799674344987 1.0712305694101376 1.1405811713857767 1.2099317733614157 1.2792823753370546 1.3486329773126935 1.3844650464830517 1.3844650464830517 1.3844650464830517 1.3844650464830517 1.3844650464830517 1.3844650464830517 1.3844650464830517 1.3844650464830517 1.3844650464830517 1.3844650464830517 1.3844650464830517 1.3844650464830517 1.398532960033968 1.427639791169216 1.4567466223045136 1.4858534534397616 1.5149602845750096 1.5440671157102575 1.5731739468455055 1.6022807779807535 1.6313876091160016 1.6604944402512494 1.6896012713864974 1.7187081025217454 1.7284014991511274 1.7173414954224473 1.7062814916937674 1.6952214879650684 1.6841614842363886 1.6731014805077087 1.6620414767790286 1.6509814730503487 1.6399214693216686 1.6288614655929887 1.6178014618643088 1.6067414581356287 1.6010269753705961
