Figures/CREST_Example_wjb_NSE/Rolling_result/20100722/BJP_forecast/ens_45/wjb.rain.20100728.asc
ncols            288
nrows            254
xllcorner        113.274861
yllcorner        31.4918055
cellsize         0.008333333333
NODATA_value     -9999
[rows 108 to 134 of 254, columns 61 to 121 of 288]
0.0 0.0 0.0 0.0 0.0 0.0 0.0 0.0 0.0 0.0 0.0 0.0 0.0 0.0 0.0 0.0 0.0 0.0 0.0 0.0 0.0 0.0 0.0 0.0 0.0 0.0 0.0 0.0 0.0 0.0 0.0 0.0 0.0 0.0 0.0 0.0 0.0 0.0 0.0158392542505304 0.0486110294311731 0.08138280461181581 0.11415457979245851 0.14692635497310122 0.1796981301537998 0.2124699053344425 0.24524168051508521 0.2780134556957279 0.3107852308763706 0.3435570060570133 0.376328781237656 0.4020827124898262 0.42033440988979476 0.4385861072897633 0.4568378046897319 0.47508950208970047 0.49334119948966904 0.5115928968896688 0.5298445942896374 0.5480962916896059 0.5663479890895745 0.5845996864895431
0.0 0.0 0.0 0.0 0.0 0.0 0.0 0.0 0.0 0.0 0.0 0.0 0.0 0.0 0.00021025586512247378 0.0006452800032261571 0.0010803041413298404 0.0015153282794342655 0.0019503524175379487 0.002385376555641632 0.0028204006937453154 0.003255424831848999 0.003690448969952682 0.004125473108056365 0.004560497246160048 0.004995521384263732 0.005010033792539385 0.004575009654435702 0.004139985516332019 0.003704961378228336 0.003269937240123911 0.0028349131020202274 0.002399888963916544 0.001964864825812861 0.0015298406877091776 0.0010948165496054941 0.0006597924115018111 0.0002247682733981281 0.015299449144319782 0.04695435535485267 0.07860926156538557 0.11026416777591846 0.14191907398645134 0.17357398019703824 0.20522888640757112 0.23688379261810402 0.2685386988286369 0.3001936050391698 0.3318485112497027 0.36350341746023557 0.3888164527960825 0.40734988475982714 0.42588331672357177 0.4444167486873164 0.462950180651061 0.48148361261480566 0.5000170445785819 0.5185504765423266 0.5370839085060712 0.5556173404698158 0.5741507724335604
0.0 0.0 0.0 0.0 0.0 0.0 0.0 0.0 0.0 0.0 0.0 0.0 0.0 0.0 0.0006452619945545954 0.0019803236484526514 0.0033153853023507075 0.00465044695625104 0.005985508610149096 0.0073205702640471515 0.008655631917945208 0.009990693571843264 0.01132575522574132 0.012660816879639375 0.013995878533537431 0.015330940187435489 0.01537547785350385 0.014040416199605794 0.012705354545707738 0.011370292891809682 0.010035231237909349 0.008700169584011293 0.007365107930113237 0.006030046276215182 0.004694984622317126 0.0033599229684190685 0.0020248613145210127 0.000689799660622957 0.013970986799214167 0.04287727438028774 0.07178356196136132 0.10068984954243489 0.12959613712350845 0.15850242470463133 0.1874087122857049 0.2163149998667785 0.24522128744785204 0.27412757502892565 0.3030338626099992 0.33194015019107276 0.35505523617810375 0.37197939670618024 0.38890355723425674 0.4058277177623332 0.42275187829040967 0.43967603881848616 0.45660019934659146 0.47352435987466795 0.49044852040274445 0.5073726809308209 0.5242968414588973
0.0 0.0 0.0 0.0 0.0 0.0 0.0 0.0 0.0 0.0 0.0 0.0 0.0 0.0 0.001080268123987088 0.0033153672936802846 0.0055504664633734815 0.00778556563307049 0.010020664802763686 0.012255763972456882 0.01449086314215008 0.016725962311843274 0.01896106148153647 0.02119616065122967 0.023431259820922864 0.02566635899061606 0.025740921914477157 0.02350582274478396 0.021270723575090765 0.019035624405397567 0.01680052523570056 0.014565426066007364 0.012330326896314166 0.01009522772662097 0.007860128556927772 0.005625029387234578 0.00338993021754138 0.0011548310478481823 0.012642524454107422 0.03880019340571934 0.06495786235733125 0.09111553130894318 0.11727320026055509 0.1434308692122116 0.16958853816382352 0.19574620711543544 0.22190387606704737 0.24806154501865926 0.2742192139702712 0.3003768829218831 0.32129401956009623 0.3366089086525032 0.3519237977449101 0.3672386868373171 0.382553575929724 0.39786846502213097 0.413183354114564 0.42849824320697094 0.4438131322993779 0.4591280213917848 0.47444291048419174
0.0 0.0 0.0 0.0 0.0 0.0 0.0 0.0 0.0 0.0 0.0 0.0 0.0 0.0 0.0015152742534192097 0.004650410938906779 0.007785547624394348 0.010920684309887263 0.014055820995374833 0.0171909576808624 0.02032609436634997 0.02346123105183754 0.02659636773732511 0.02973150442281268 0.032866641108300246 0.03600177779378782 0.03610636597544162 0.03297122928995405 0.029836092604466482 0.026700955918978912 0.023565819233485996 0.02043068254799843 0.01729554586251086 0.01416040917702329 0.011025272491535721 0.007890135806048151 0.004754999120560585 0.001619862435073012 0.011314062109001809 0.034723112431154404 0.058132162753307 0.0815412130754596 0.1049502633976122 0.12835931371980472 0.15176836404195732 0.1751774143641099 0.1985864646862625 0.2219955150084151 0.2454045653305677 0.2688136156527203 0.2875328029421175 0.3012384205988563 0.3149440382555951 0.32864965591233386 0.3423552735690726 0.3560608912258114 0.36976650888257356 0.3834721265393123 0.3971777441960511 0.41088336185278984 0.4245889795095287
0.0 0.0 0.0 0.0 0.0 0.0 0.0 0.0 0.0 0.0 0.0 0.0 0.0 0.0 0.0019502803828513313 0.005985454584133273 0.010020628785415216 0.014055802986704039 0.01809097718798598 0.022126151389267924 0.026161325590549865 0.030196499791831807 0.03423167399311375 0.03826684819439569 0.04230202239567763 0.046337196596959576 0.04647181003640609 0.042436635835124144 0.0384014616338422 0.03436628743256026 0.030331113231271436 0.026295939029989494 0.022260764828707553 0.01822559062742561 0.014190416426143666 0.010155242224861728 0.006120068023579783 0.0020848938222978453 0.009985599763896196 0.030646031456589472 0.05130646314928275 0.07196689484197603 0.0926273265346693 0.11328775822739781 0.13394818992009108 0.15460862161278438 0.17526905330547765 0.19592948499817092 0.21658991669086422 0.2372503483835575 0.2537715863241387 0.26586793254520935 0.27796427876627994 0.2900606249873506 0.30215697120842117 0.3142533174294918 0.32634966365058304 0.33844600987165363 0.35054235609272427 0.3626387023137949 0.3747350485348655
0.0 0.0 0.0 0.0 0.0 0.0 0.0 0.0 0.0 0.0 0.0 0.0 0.0 0.0 0.002385286512283453 0.007320498229359767 0.012255709946436082 0.017190921663520813 0.022126133380597126 0.027061345097673443 0.031996556814749756 0.03693176853182607 0.04186698024890238 0.0468021919659787 0.05173740368305502 0.056672615400131326 0.056837254097370546 0.051902042380294236 0.04696683066321792 0.0420316189461416 0.037096407229056876 0.03216119551198056 0.02722598379490425 0.022290772077827932 0.017355560360751615 0.012420348643675298 0.007485136926598988 0.0025499252095226715 0.00865713741879058 0.02656895048202454 0.0444807635452585 0.062392576608492456 0.08030438967172641 0.09821620273499092 0.11612801579822488 0.13403982886145885 0.1519516419246928 0.16986345498792677 0.1877752680511607 0.20568708111439468 0.22001036970615998 0.23049744449156243 0.24098451927696488 0.25147159406236735 0.2619586688477698 0.27244574363317225 0.2829328184185926 0.29341989320399503 0.3039069679893975 0.31439404277479993 0.3248811175602024
0.0 0.0 0.0 0.0 0.0 0.0 0.0 0.0 0.0 0.0 0.0 0.0 0.0 0.0 0.0028202926417155746 0.008655541874586262 0.01449079110745695 0.020326040340337588 0.026161289573208277 0.031996538806078965 0.037831788038949654 0.04366703727182034 0.049502286504691025 0.05533753573756171 0.0611727849704324 0.06700803420330309 0.06720269815833502 0.06136744892546432 0.05553219969259364 0.04969695045972295 0.04386170122684231 0.03802645199397162 0.032191202761100934 0.026355953528230246 0.020520704295359557 0.014685455062488875 0.008850205829618187 0.003014956596747498 0.007328675073684969 0.022491869507459614 0.03765506394123426 0.0528182583750089 0.06798145280878354 0.08314464724258405 0.09830784167635868 0.11347103611013333 0.128634230543908 0.1437974249776826 0.15896061941145725 0.1741238138452319 0.18624915308818124 0.19512695643791553 0.20400475978764981 0.2128825631373841 0.2217603664871184 0.23063816983685267 0.23951597318660212 0.24839377653633637 0.2572715798860707 0.26614938323580495 0.27502718658553926
0.0 0.0 0.0 0.0 0.0 0.0 0.0 0.0 0.0 0.0 0.0 0.0 0.0 0.0 0.0032552987711476963 0.009990585519812757 0.016725872268477816 0.023461159017154364 0.03019644576581942 0.036931732514484485 0.043667019263149545 0.0504023060118146 0.05713759276047966 0.06387287950914472 0.07060816625780979 0.07734345300647484 0.07756814221929947 0.07083285547063442 0.06409756872196935 0.0573622819733043 0.050626995224627755 0.043891708475962694 0.037156421727297634 0.030421134978632573 0.023685848229967513 0.016950561481302445 0.010215274732637392 0.003479987983972338 0.006000212728579355 0.01841478853289468 0.030829364337210004 0.04324394014152533 0.055658515945840654 0.06807309175017714 0.08048766755449248 0.0929022433588078 0.10531681916312312 0.11773139496743845 0.13014597077175377 0.1425605465760691 0.15248793647020248 0.1597564683842686 0.16702500029833472 0.17429353221240085 0.181562064126467 0.18883059604053312 0.19609912795461165 0.20336765986867777 0.2106361917827439 0.21790472369681002 0.22517325561087614
0.0 0.0 0.0 0.0 0.0 0.0 0.0 0.0 0.0 0.0 0.0 0.0 0.0 0.0 0.0036903049005798183 0.011325629165039253 0.018960953429498686 0.026596277693971142 0.03423160195843058 0.04186692622289001 0.04950225048734944 0.057137574751808876 0.06477289901626831 0.07240822328072774 0.08004354754518718 0.08767887180964662 0.08793358628026396 0.08029826201580452 0.07266293775134508 0.06502761348688565 0.0573922892224132 0.049756964957953766 0.042121640693494326 0.034486316429034894 0.026850992164575455 0.01921566790011603 0.01158034363565659 0.003945019371197164 0.004671750383473742 0.01433770755832975 0.02400366473318576 0.033669621908041764 0.04333557908289777 0.053001536257770265 0.06266749343262627 0.07233345060748228 0.08199940778233829 0.0916653649571943 0.1013313221320503 0.11099727930690631 0.11872671985222373 0.12438598033062169 0.13004524080901966 0.13570450128741762 0.14136376176581558 0.14702302224421354 0.15268228272262116 0.15834154320101912 0.1640008036794171 0.16966006415781507 0.17531932463621303
0.0 0.0 0.0 0.0 0.0 0.0 0.0 0.0 0.0 0.0 0.0 0.0 0.0 0.0 0.004125311030012311 0.012660672810266884 0.021196034590521457 0.029731396370790586 0.03826675815104516 0.046802119931299735 0.0553374817115543 0.06387284349180888 0.07240820527206346 0.08094356705231802 0.0894789288325726 0.09801429061282717 0.09829903034123724 0.08976366856098267 0.08122830678072811 0.07269294500047353 0.0641575832202044 0.055622221439949826 0.04708685965969525 0.03855149787944068 0.030016136099186103 0.021480774318931528 0.012945412538676968 0.004410050758422393 0.003343288038366996 0.010260626583761341 0.017177965129155686 0.024095303674550032 0.03101264221994438 0.03792998076535052 0.044847319310744864 0.05176465785613921 0.05868199640153356 0.06559933494692789 0.07251667349232224 0.07943401203771659 0.08496550323421619 0.08901549227694462 0.09306548131967304 0.09711547036240148 0.10116545940512991 0.10521544844785835 0.10926543749059368 0.1133154265333221 0.11736541557605054 0.12141540461877898 0.1254653936615074
0.0 0.0 0.0 0.0 0.0 0.0 0.0 0.0 0.0 0.0 0.0 0.0 0.0 0.0 0.004560317159444433 0.01399571645549338 0.023431115751542324 0.03286651504760736 0.04230191434365631 0.051737313639705254 0.0611727129357542 0.07060811223180315 0.0800435115278521 0.08947891082390104 0.09891431011994999 0.10834970941599893 0.10866447440220171 0.09922907510615277 0.08979367581010382 0.08035827651405487 0.07092287721798984 0.06148747792194089 0.052052078625891944 0.04261667932984299 0.033181280033794044 0.023745880737745098 0.014310481441696152 0.0048750821456472054 0.0020148256932613824 0.00618354560919641 0.010352265525131438 0.014520985441066465 0.018689705357001492 0.022858425272943628 0.027027145188878655 0.031195865104813682 0.03536458502074871 0.039533304936683736 0.043702024852618766 0.04787074476855379 0.05120428661623743 0.0536450042232977 0.05608572183035797 0.05852643943741824 0.060967157044478505 0.06340787465153877 0.0658485922586032 0.06828930986566348 0.07073002747272375 0.07317074507978402 0.07561146268684428
0.0 0.0 0.0 0.0 0.0 0.0 0.0 0.0 0.0 0.0 0.0 0.0 0.0 0.0 0.004995323288876554 0.015330760100719874 0.025666196912563194 0.03600163372442414 0.046337070536267455 0.05667250734811078 0.06700794415995409 0.07734338097179741 0.08767881778364074 0.09801425459548406 0.10834969140732738 0.1186851282191707 0.11902991846316617 0.10869448165132285 0.09835904483947953 0.08802360802763622 0.07768817121577527 0.06735273440393195 0.05701729759208864 0.04668186078024532 0.036346423968402 0.026010987156558682 0.01567555034471535 0.005340113532872032 0.0006863633481557694 0.0021064646346314786 0.003526565921107188 0.004946667207582897 0.006366768494058607 0.007786869780536738 0.009206971067012447 0.010627072353488157 0.012047173639963866 0.013467274926439576 0.014887376212915285 0.016307477499390995 0.017443069998258683 0.018274516169650788 0.019105962341042896 0.019937408512435 0.02076885468382711 0.021600300855219214 0.02243174702661274 0.023263193198004847 0.024094639369396955 0.02492608554078906 0.02575753171218117
0.0 0.0 0.0 0.0 0.0 0.0 0.0 0.0 0.0 0.0 0.0 0.0 0.0 0.0 0.0050098176884813715 0.01537524374077581 0.025740669793070253 0.036106095845382366 0.04647152189767681 0.056836947949971246 0.06720237400226568 0.07756780005456013 0.08793322610685457 0.098298652159149 0.10866407821144344 0.11902950426373789 0.11937529494900359 0.10900986889670916 0.09864444284441472 0.08827901679212027 0.07791359073980816 0.06754816468751372 0.05718273863521929 0.04681731258292485 0.036451886530630404 0.02608646047833596 0.01572103442604153 0.005355608373747087 0.0 0.0 0.0 0.0 0.0 0.0 0.0 0.0 0.0 0.0 0.0 0.0 0.00017001812840866204 0.0005217894806615359 0.0008735608329144098 0.0012253321851672836 0.0015771035374201575 0.0019288748896730313 0.002280646241926505 0.002632417594179379 0.002984188946432253 0.0033359602986851268 0.0036877316509380006
0.0 0.0 0.0 0.0 0.0 0.0 0.0 0.0 0.0 0.0 0.0 0.0 0.0 0.0 0.00457481155904925 0.014040200095549316 0.023505588632049382 0.03297097716856559 0.042436365705065655 0.05190175424156572 0.06136714277806579 0.07083253131456585 0.08029791985106592 0.089763308387566 0.09922869692406605 0.10869408546056612 0.10900985088803912 0.09954446235153905 0.09007907381503899 0.08061368527853892 0.07114829674202272 0.06168290820552265 0.05221751966902258 0.04275213113252252 0.03328674259602245 0.023821354059522376 0.014355965523022318 0.0048905769865222465 0.0 0.0 0.0 0.0 0.0 0.0 0.0 0.0 0.0 0.0 0.0 0.0 0.0005217749177030714 0.00160133902119011 0.0026809031246771485 0.0037604672281641867 0.004840031331651225 0.005919595435138264 0.006999159538627143 0.008078723642114182 0.00915828774560122 0.010237851849088259 0.011317415952575297
0.0 0.0 0.0 0.0 0.0 0.0 0.0 0.0 0.0 0.0 0.0 0.0 0.0 0.0 0.004139805429617128 0.012705156450322821 0.021270507471028516 0.029835858491748815 0.03840120951245451 0.0469665605331602 0.055531911553865894 0.06409726257457159 0.07266261359527729 0.08122796461598297 0.08979331563668867 0.09835866665739436 0.09864440682707466 0.09007905580636896 0.08151370478566328 0.07294835376495758 0.06438300274423728 0.055817651723531585 0.04725230070282589 0.03868694968212019 0.030121598661414506 0.021556247640708806 0.01299089662000312 0.00442554559929742 0.0 0.0 0.0 0.0 0.0 0.0 0.0 0.0 0.0 0.0 0.0 0.0 0.0008735317069974809 0.0026808885617186843 0.004488245416439888 0.006295602271161091 0.008102959125882294 0.009910315980603497 0.011717672835327783 0.013525029690048986 0.015332386544770189 0.017139743399491394 0.018947100254212597
0.0 0.0 0.0 0.0 0.0 0.0 0.0 0.0 0.0 0.0 0.0 0.0 0.0 0.0 0.0037047993001846358 0.011370112805095188 0.01903542631000574 0.026700739814929368 0.03436605331983992 0.04203136682475047 0.04969668032966103 0.05736199383457158 0.06502730733948213 0.07269262084439268 0.08035793434930324 0.0880232478542138 0.08827896276610137 0.08061364926119081 0.07294833575628026 0.0652830222513697 0.057617708746446075 0.049952395241535524 0.042287081736624973 0.034621768231714416 0.026956454726803872 0.019291141221893307 0.011625827716982756 0.003960514212072205 0.0 0.0 0.0 0.0 0.0 0.0 0.0 0.0 0.0 0.0 0.0 0.0 0.0012252884962921907 0.00376043810224818 0.006295587708204169 0.008830737314160158 0.011365886920116149 0.013901036526072138 0.01643618613203245 0.01897133573798844 0.021506485343944427 0.024041634949900418 0.026576784555856405
0.0 0.0 0.0 0.0 0.0 0.0 0.0 0.0 0.0 0.0 0.0 0.0 0.0 0.0 0.003269793170752514 0.010035069159868695 0.016800345148984874 0.023565621138112593 0.030330897127228775 0.03709617311634496 0.04386144910546114 0.050626725094577316 0.0573920010836935 0.06415727707280967 0.07092255306192587 0.07768782905104205 0.0779135187051369 0.07114824271602072 0.06438296672690454 0.05761769073778836 0.05085241474866064 0.04408713875954446 0.037321862770428274 0.030556586781312095 0.023791310792195916 0.017026034803079737 0.010260758813963558 0.003495482824847365 0.0 0.0 0.0 0.0 0.0 0.0 0.0 0.0 0.0 0.0 0.0 0.0 0.0015770452855866006 0.004839987642776756 0.008102929999966911 0.011365872357157065 0.01462881471434722 0.017891757071537374 0.021154699428733093 0.02441764178592325 0.027680584143113404 0.030943526500303558 0.03420646885749371
0.0 0.0 0.0 0.0 0.0 0.0 0.0 0.0 0.0 0.0 0.0 0.0 0.0 0.0 0.002834787041320392 0.008700025514642199 0.014565263987964006 0.020430502461295814 0.02629574093461762 0.03216097940793943 0.03802621788126123 0.04389145635458304 0.049756694827904846 0.05562193330122665 0.06148717177454846 0.06735241024787027 0.06754807464417242 0.061682836170850616 0.05581759769752881 0.049952359224207 0.04408712075087519 0.03822188227755338 0.032356643804231575 0.026491405330909774 0.020626166857587967 0.01476092838426616 0.008895689910944353 0.003030451437622539 0.0 0.0 0.0 0.0 0.0 0.0 0.0 0.0 0.0 0.0 0.0 0.0 0.0019288020748810103 0.005919537183305331 0.00991027229172965 0.01390100740015397 0.017891742508578293 0.02188247761700261 0.025873212725433737 0.029863947833858057 0.033854682942282374 0.037845418050706695 0.041836153159131015
0.0 0.0 0.0 0.0 0.0 0.0 0.0 0.0 0.0 0.0 0.0 0.0 0.0 0.0 0.0023997809118882704 0.007364981869415705 0.01233018282694314 0.01729538378447904 0.022260584742006477 0.027225785699533912 0.03219098665706135 0.03715618761458878 0.04212138857211621 0.047086589529643647 0.05205179048717108 0.05701699144469852 0.057182630583207966 0.05221742962568053 0.047252228668153096 0.04228702771062566 0.03732182675308976 0.032356625795562324 0.02739142483803489 0.022426223880507454 0.01746102292298002 0.012495821965452583 0.007530621007925148 0.0025654200503977126 0.0 0.0 0.0 0.0 0.0 0.0 0.0 0.0 0.0 0.0 0.0 0.0 0.0022805588641754203 0.006999086723833906 0.011717614583492391 0.016436142443150878 0.02115467030280936 0.025873198162467848 0.030591726022134377 0.03531025388179287 0.04002878174145135 0.044747309601109835 0.04946583746076832
0.0 0.0 0.0 0.0 0.0 0.0 0.0 0.0 0.0 0.0 0.0 0.0 0.0 0.0 0.0019647747824561488 0.00602993822418921 0.010095101665922271 0.014160265107662266 0.018225428549395326 0.02229059199112839 0.02635575543286145 0.03042091887459451 0.03448608231632757 0.03855124575806063 0.042616409199793696 0.04668157264152676 0.046817186522243495 0.04275202308051043 0.03868685963877737 0.034621696197044305 0.030556532755304313 0.026491369313571253 0.022426205871838193 0.01836104243010513 0.01429587898837207 0.010230715546639006 0.006165552104905943 0.0021003886631728863 0.0 0.0 0.0 0.0 0.0 0.0 0.0 0.0 0.0 0.0 0.0 0.0 0.0026323156534698296 0.00807863626436248 0.01352495687525513 0.01897127748614778 0.02441759809704043 0.02986391870793308 0.03531023931883502 0.04075655992972767 0.04620288054062032 0.05164920115151297 0.05709552176240562
0.0 0.0 0.0 0.0 0.0 0.0 0.0 0.0 0.0 0.0 0.0 0.0 0.0 0.0 0.0015297686530240271 0.004694894578962716 0.007860020504901404 0.01102514643084549 0.014190272356784179 0.017355398282722867 0.02052052420866156 0.023685650134600247 0.026850776060538935 0.030015901986477623 0.03318102791241631 0.036346153838355 0.03645174246127903 0.03328661653534034 0.03012149060940165 0.026956364683462963 0.023791238757518877 0.02062611283158019 0.017460986905641497 0.014295860979702809 0.011130735053764121 0.007965609127825433 0.004800483201886745 0.001635357275948053 0.0 0.0 0.0 0.0 0.0 0.0 0.0 0.0 0.0 0.0 0.0 0.0 0.0029840724427642393 0.009158185804891056 0.01533229916701787 0.021506412529144685 0.027680525891271502 0.03385463925339832 0.040028752615535665 0.04620286597766248 0.0523769793397893 0.05855109270191611 0.06472520606404293
0.0 0.0 0.0 0.0 0.0 0.0 0.0 0.0 0.0 0.0 0.0 0.0 0.0 0.0 0.0010947625235919055 0.0033598509337362218 0.005624939343880538 0.007890027754028717 0.010155116164173033 0.012420204574317348 0.014685292984461664 0.01695038139460598 0.019215469804750297 0.021480558214894613 0.02374564662503893 0.026010735035183245 0.026086298400314564 0.023821209990170247 0.021556121580025935 0.019291033169881615 0.017025944759733437 0.014760856349589123 0.012495767939444806 0.010230679529300488 0.007965591119156172 0.005700502709011856 0.0034354142988675396 0.0011703258887232268 0.0 0.0 0.0 0.0 0.0 0.0 0.0 0.0 0.0 0.0 0.0 0.0 0.003335829232058649 0.01023773534541963 0.01713964145878061 0.02404154757214159 0.03094345368550257 0.037845359798863554 0.0447472659122363 0.05164917202559728 0.05855107813895826 0.06545298425231924 0.07235489036568023
0.0 0.0 0.0 0.0 0.0 0.0 0.0 0.0 0.0 0.0 0.0 0.0 0.0 0.0 0.0006597563941594128 0.0020248072885085885 0.0033898581828577645 0.0047549090772092675 0.006119959971558443 0.007485010865907619 0.008850061760256794 0.01021511265460597 0.011580163548955146 0.012945214443304322 0.014310265337653498 0.015675316232002672 0.01572085433934126 0.014355803444992085 0.01299075255064291 0.011625701656293733 0.01026065076194223 0.008895599867593054 0.007530548973243878 0.006165498078894703 0.0048004471845455275 0.0034353962901963516 0.0020703453958471757 0.000705294501497998 0.0 0.0 0.0 0.0 0.0 0.0 0.0 0.0 0.0 0.0 0.0 0.0 0.003687586021353359 0.011317284885949125 0.018946983750544894 0.02657668261514066 0.034206381479736425 0.04183608034433219 0.04946577920894097 0.05709547807353674 0.06472517693813251 0.07235487580272827 0.07998457466732405
0.0 0.0 0.0 0.0 0.0 0.0 0.0 0.0 0.0 0.0 0.0 0.0 0.0 0.0 0.0002247502647272911 0.000689763643282094 0.0011547770218368967 0.0016197904003924925 0.002084803778947295 0.002549817157502098 0.003014830536056901 0.003479843914611704 0.003944857293166506 0.004409870671721309 0.004874884050276113 0.005339897428830915 0.005355410278376795 0.004890396899821992 0.004425383521267189 0.0039603701427123866 0.0034953567641567906 0.003030343385601988 0.002565330007047185 0.0021003166284923823 0.0016353032499375796 0.0011702898713827764 0.0007052764928279741 0.0002402631142731709 0.0 0.0 0.0 0.0 0.0 0.0 0.0 0.0 0.0 0.0 0.0 0.0 0.004039342810647768 0.012396834426477701 0.020754326042307633 0.029111817658137563 0.037469309273967494 0.045826800889797424 0.054184292505641614 0.06254178412147154 0.07089927573730148 0.0792567673531314 0.08761425896896134
0.0 0.0 0.0 0.0 0.0 0.0 0.0 0.0 0.0 0.0 0.0 0.0 0.0 0.0 0.0 0.0 0.0 0.0 0.0 0.0 0.0 0.0 0.0 0.0 0.0 0.0 0.0 0.0 0.0 0.0 0.0 0.0 0.0 0.0 0.0 0.0 0.0 0.0 0.0 0.0 0.0 0.0 0.0 0.0 0.0 0.0 0.0 0.0 0.0 0.0 0.0040510633434625715 0.012432805006719665 0.020814546669976758 0.029196288333233855 0.037578029996490944 0.04595977165974804 0.054341513323019425 0.06272325498627652 0.07110499664953361 0.07948673831279071 0.0878684799760478
0.0 0.0 0.0 0.0 0.0 0.0 0.0 0.0 0.0 0.0 0.0 0.0 0.0 0.0 0.0 0.0 0.0 0.0 0.0 0.0 0.0 0.0 0.0 0.0 0.0 0.0 0.0 0.0 0.0 0.0 0.0 0.0 0.0 0.0 0.0 0.0 0.0 0.0 0.0 0.0 0.0 0.0 0.0 0.0 0.0 0.0 0.0 0.0 0.0 0.0 0.0036993065541681613 0.011353255466191089 0.01900720437821402 0.026661153290236946 0.034315102202259876 0.0419690511142828 0.04962300002631878 0.05727694893834171 0.06493089785036464 0.07258484676238756 0.0802387956744105
