Figures/CREST_Example_wjb_NSE/Rolling_result/20100722/BJP_forecast/ens_45/wjb.rain.20100305.asc
ncols            288
nrows            254
xllcorner        113.274861
yllcorner        31.4918055
cellsize         0.008333333333
NODATA_value     -9999
[rows 100 to 119 of 254, columns 88 to 131 of 288]
2.4422915801405907 2.4422915801405907 2.4422915801405907 2.4422915801405907 2.4422915801405907 2.4422915801405907 2.4422915801405907 2.4422915801405907 2.4422915801405907 2.4422915801405907 2.4422915801405907 2.3569491734007526 2.180373804206253 2.003798435011754 1.8272230658172546 1.6506476966227552 1.474072327427955 1.2974969582334557 1.1209215890389566 0.9443462198444572 0.7677708506499579 0.5911954814554587 0.4146201122609594 0.32338714972138405 0.32338714972138405 0.32338714972138405 0.32338714972138405 0.32338714972138405 0.32338714972138405 0.32338714972138405 0.32338714972138405 0.32338714972138405 0.32338714972138405 0.32338714972138405 0.32338714972138405 0.31556653693230946 0.29938551221020526 0.28320448748810106 0.26702346276599687 0.2508424380438926 0.23466141332178841 0.21848038859968422 0.20229936387755243 0.1861183391554482
2.4422915801405907 2.4422915801405907 2.4422915801405907 2.4422915801405907 2.4422915801405907 2.4422915801405907 2.4422915801405907 2.4422915801405907 2.4422915801405907 2.4422915801405907 2.4422915801405907 2.3569491734007526 2.180373804206253 2.003798435011754 1.8272230658172546 1.6506476966227552 1.474072327427955 1.2974969582334557 1.1209215890389566 0.9443462198444572 0.7677708506499579 0.5911954814554587 0.4146201122609594 0.32338714972138405 0.32338714972138405 0.32338714972138405 0.32338714972138405 0.32338714972138405 0.32338714972138405 0.32338714972138405 0.32338714972138405 0.32338714972138405 0.32338714972138405 0.32338714972138405 0.32338714972138405 0.31556653693230946 0.29938551221020526 0.28320448748810106 0.26702346276599687 0.2508424380438926 0.23466141332178841 0.21848038859968422 0.20229936387755243 0.1861183391554482
2.4422915801405907 2.4422915801405907 2.4422915801405907 2.4422915801405907 2.4422915801405907 2.4422915801405907 2.4422915801405907 2.4422915801405907 2.4422915801405907 2.4422915801405907 2.4422915801405907 2.3569491734007526 2.180373804206253 2.003798435011754 1.8272230658172546 1.6506476966227552 1.474072327427955 1.2974969582334557 1.1209215890389566 0.9443462198444572 0.7677708506499579 0.5911954814554587 0.4146201122609594 0.32338714972138405 0.32338714972138405 0.32338714972138405 0.32338714972138405 0.32338714972138405 0.32338714972138405 0.32338714972138405 0.32338714972138405 0.32338714972138405 0.32338714972138405 0.32338714972138405 0.32338714972138405 0.31556653693230946 0.29938551221020526 0.28320448748810106 0.26702346276599687 0.2508424380438926 0.23466141332178841 0.21848038859968422 0.20229936387755243 0.1861183391554482
2.4422915801405907 2.4422915801405907 2.4422915801405907 2.4422915801405907 2.4422915801405907 2.4422915801405907 2.4422915801405907 2.4422915801405907 2.4422915801405907 2.4422915801405907 2.4422915801405907 2.3569491734007526 2.180373804206253 2.003798435011754 1.8272230658172546 1.6506476966227552 1.474072327427955 1.2974969582334557 1.1209215890389566 0.9443462198444572 0.7677708506499579 0.5911954814554587 0.4146201122609594 0.32338714972138405 0.32338714972138405 0.32338714972138405 0.32338714972138405 0.32338714972138405 0.32338714972138405 0.32338714972138405 0.32338714972138405 0.32338714972138405 0.32338714972138405 0.32338714972138405 0.32338714972138405 0.31556653693230946 0.29938551221020526 0.28320448748810106 0.26702346276599687 0.2508424380438926 0.23466141332178841 0.21848038859968422 0.20229936387755243 0.1861183391554482
2.4422915801405907 2.4422915801405907 2.4422915801405907 2.4422915801405907 2.4422915801405907 2.4422915801405907 2.4422915801405907 2.4422915801405907 2.4422915801405907 2.4422915801405907 2.4422915801405907 2.3569491734007526 2.180373804206253 2.003798435011754 1.8272230658172546 1.6506476966227552 1.474072327427955 1.2974969582334557 1.1209215890389566 0.9443462198444572 0.7677708506499579 0.5911954814554587 0.4146201122609594 0.32338714972138405 0.32338714972138405 0.32338714972138405 0.32338714972138405 0.32338714972138405 0.32338714972138405 0.32338714972138405 0.32338714972138405 0.32338714972138405 0.32338714972138405 0.32338714972138405 0.32338714972138405 0.31556653693230946 0.29938551221020526 0.28320448748810106 0.26702346276599687 0.2508424380438926 0.23466141332178841 0.21848038859968422 0.20229936387755243 0.1861183391554482
2.4422915801405907 2.4422915801405907 2.4422915801405907 2.4422915801405907 2.4422915801405907 2.4422915801405907 2.4422915801405907 2.4422915801405907 2.4422915801405907 2.4422915801405907 2.4422915801405907 2.3569491734007526 2.180373804206253 2.003798435011754 1.8272230658172546 1.6506476966227552 1.474072327427955 1.2974969582334557 1.1209215890389566 0.9443462198444572 0.7677708506499579 0.5911954814554587 0.4146201122609594 0.32338714972138405 0.32338714972138405 0.32338714972138405 0.32338714972138405 0.32338714972138405 0.32338714972138405 0.32338714972138405 0.32338714972138405 0.32338714972138405 0.32338714972138405 0.32338714972138405 0.32338714972138405 0.31556653693230946 0.29938551221020526 0.28320448748810106 0.26702346276599687 0.2508424380438926 0.23466141332178841 0.21848038859968422 0.20229936387755243 0.1861183391554482
2.4422915801405907 2.4422915801405907 2.4422915801405907 2.4422915801405907 2.4422915801405907 2.4422915801405907 2.4422915801405907 2.4422915801405907 2.4422915801405907 2.4422915801405907 2.4422915801405907 2.3569491734007526 2.180373804206253 2.003798435011754 1.8272230658172546 1.6506476966227552 1.474072327427955 1.2974969582334557 1.1209215890389566 0.9443462198444572 0.7677708506499579 0.5911954814554587 0.4146201122609594 0.32338714972138405 0.32338714972138405 0.32338714972138405 0.32338714972138405 0.32338714972138405 0.32338714972138405 0.32338714972138405 0.32338714972138405 0.32338714972138405 0.32338714972138405 0.32338714972138405 0.32338714972138405 0.31556653693230946 0.29938551221020526 0.28320448748810106 0.26702346276599687 0.2508424380438926 0.23466141332178841 0.21848038859968422 0.20229936387755243 0.1861183391554482
2.4422915801405907 2.4422915801405907 2.4422915801405907 2.4422915801405907 2.4422915801405907 2.4422915801405907 2.4422915801405907 2.4422915801405907 2.4422915801405907 2.4422915801405907 2.4422915801405907 2.3569491734007526 2.180373804206253 2.003798435011754 1.8272230658172546 1.6506476966227552 1.474072327427955 1.2974969582334557 1.1209215890389566 0.9443462198444572 0.7677708506499579 0.5911954814554587 0.4146201122609594 0.32338714972138405 0.32338714972138405 0.32338714972138405 0.32338714972138405 0.32338714972138405 0.32338714972138405 0.32338714972138405 0.32338714972138405 0.32338714972138405 0.32338714972138405 0.32338714972138405 0.32338714972138405 0.31556653693230946 0.29938551221020526 0.28320448748810106 0.26702346276599687 0.2508424380438926 0.23466141332178841 0.21848038859968422 0.20229936387755243 0.1861183391554482
2.4422915801405907 2.4422915801405907 2.4422915801405907 2.4422915801405907 2.4422915801405907 2.4422915801405907 2.4422915801405907 2.4422915801405907 2.4422915801405907 2.4422915801405907 2.4422915801405907 2.3569491734007526 2.180373804206253 2.003798435011754 1.8272230658172546 1.6506476966227552 1.474072327427955 1.2974969582334557 1.1209215890389566 0.9443462198444572 0.7677708506499579 0.5911954814554587 0.4146201122609594 0.32338714972138405 0.32338714972138405 0.32338714972138405 0.32338714972138405 0.32338714972138405 0.32338714972138405 0.32338714972138405 0.32338714972138405 0.32338714972138405 0.32338714972138405 0.32338714972138405 0.32338714972138405 0.31556653693230946 0.29938551221020526 0.28320448748810106 0.26702346276599687 0.2508424380438926 0.23466141332178841 0.21848038859968422 0.20229936387755243 0.1861183391554482
2.38570894547974 2.38570894547974 2.38570894547974 2.38570894547974 2.38570894547974 2.38570894547974 2.38570894547974 2.38570894547974 2.38570894547974 2.38570894547974 2.38570894547974 2.303992411347135 2.134919054560444 1.9658456977737533 1.7967723409870622 1.627698984200371 1.458625627413392 1.2895522706267009 1.1204789138400097 0.9514055570533186 0.7823322002666278 0.6132588434799366 0.44418548669324576 0.35682866395785284 0.35682866395785284 0.35682866395785284 0.35682866395785284 0.35682866395785284 0.35682866395785284 0.35682866395785284 0.35682866395785284 0.35682866395785284 0.35682866395785284 0.35682866395785284 0.35682866395785284 0.3501204112669216 0.336240884743665 0.3223613582204084 0.3084818316971518 0.29460230517389524 0.28072277865063866 0.266843252127382 0.2529637256041018 0.23908419908084522
2.268643041598529 2.268643041598529 2.268643041598529 2.268643041598529 2.268643041598529 2.268643041598529 2.268643041598529 2.268643041598529 2.268643041598529 2.268643041598529 2.268643041598529 2.194428209298441 2.0408760432217994 1.8873238771451584 1.733771711068517 1.5802195449918757 1.4266673789149726 1.2731152128383314 1.1195630467616902 0.9660108806850489 0.8124587146084077 0.6589065485317662 0.505354382455125 0.42601704860472944 0.42601704860472944 0.42601704860472944 0.42601704860472944 0.42601704860472944 0.42601704860472944 0.42601704860472944 0.42601704860472944 0.42601704860472944 0.42601704860472944 0.42601704860472944 0.42601704860472944 0.4216101988285098 0.41249232698153315 0.40337445513455644 0.39425658328757973 0.3851387114406031 0.37602083959362637 0.36690296774664966 0.35778509589965746 0.34866722405268075
2.1515771377172177 2.1515771377172177 2.1515771377172177 2.1515771377172177 2.1515771377172177 2.1515771377172177 2.1515771377172177 2.1515771377172177 2.1515771377172177 2.1515771377172177 2.1515771377172177 2.0848640072496525 1.9468330318830742 1.8088020565164962 1.670771081149918 1.5327401057833396 1.3947091304165262 1.256678155049948 1.1186471796833697 0.9806162043167914 0.8425852289502131 0.7045542535836349 0.5665232782170568 0.4952054332516651 0.4952054332516651 0.4952054332516651 0.4952054332516651 0.4952054332516651 0.4952054332516651 0.4952054332516651 0.4952054332516651 0.4952054332516651 0.4952054332516651 0.4952054332516651 0.4952054332516651 0.49309998639015906 0.48874376921946633 0.48438755204877354 0.4800313348780808 0.4756751177073881 0.4713189005366953 0.46696268336600255 0.4626064661953024 0.4582502490246096
2.0345112338360067 2.0345112338360067 2.0345112338360067 2.0345112338360067 2.0345112338360067 2.0345112338360067 2.0345112338360067 2.0345112338360067 2.0345112338360067 2.0345112338360067 2.0345112338360067 1.975299805200958 1.8527900205444296 1.7302802358879013 1.6077704512313726 1.4852606665748442 1.362750881918107 1.2402410972615785 1.1177313126050499 0.9952215279485215 0.8727117432919929 0.7502019586354645 0.6276921739789361 0.5643938178985417 0.5643938178985417 0.5643938178985417 0.5643938178985417 0.5643938178985417 0.5643938178985417 0.5643938178985417 0.5643938178985417 0.5643938178985417 0.5643938178985417 0.5643938178985417 0.5643938178985417 0.5645897739517473 0.5649952114573344 0.5654006489629216 0.5658060864685087 0.5662115239740959 0.566616961479683 0.5670223989852702 0.567427836490858 0.5678332739964452
1.9174453299547953 1.9174453299547953 1.9174453299547953 1.9174453299547953 1.9174453299547953 1.9174453299547953 1.9174453299547953 1.9174453299547953 1.9174453299547953 1.9174453299547953 1.9174453299547953 1.8657356031522634 1.7587470092057846 1.651758415259306 1.5447698213128271 1.4377812273663486 1.3307926334196876 1.2238040394732086 1.11681544552673 1.0098268515802515 0.9028382576337728 0.795849663687294 0.6888610697408153 0.6335822025454183 0.6335822025454183 0.6335822025454183 0.6335822025454183 0.6335822025454183 0.6335822025454183 0.6335822025454183 0.6335822025454183 0.6335822025454183 0.6335822025454183 0.6335822025454183 0.6335822025454183 0.6360795615133354 0.6412466536952025 0.6464137458770696 0.6515808380589366 0.6567479302408037 0.6619150224226708 0.6670821146045378 0.6722492067864136 0.6774162989682807
1.8003794260735844 1.8003794260735844 1.8003794260735844 1.8003794260735844 1.8003794260735844 1.8003794260735844 1.8003794260735844 1.8003794260735844 1.8003794260735844 1.8003794260735844 1.8003794260735844 1.756171401103569 1.66470399786714 1.573236594630711 1.481769191394282 1.3903017881578532 1.2988343849212682 1.2073669816848391 1.1158995784484103 1.0244321752119814 0.9329647719755525 0.8414973687391235 0.7500299655026945 0.7027705871922949 0.7027705871922949 0.7027705871922949 0.7027705871922949 0.7027705871922949 0.7027705871922949 0.7027705871922949 0.7027705871922949 0.7027705871922949 0.7027705871922949 0.7027705871922949 0.7027705871922949 0.7075693490749237 0.7174980959330707 0.7274268427912176 0.7373555896493645 0.7472843365075115 0.7572130833656584 0.7671418302238053 0.7770705770819692 0.7869993239401162
1.683313522192373 1.683313522192373 1.683313522192373 1.683313522192373 1.683313522192373 1.683313522192373 1.683313522192373 1.683313522192373 1.683313522192373 1.683313522192373 1.683313522192373 1.646607199054874 1.570660986528495 1.4947147740021158 1.4187685614757366 1.3428223489493574 1.266876136422849 1.1909299238964697 1.1149837113700904 1.0390374988437112 0.9630912863173322 0.8871450737909531 0.8111988612645739 0.7719589718391715 0.7719589718391715 0.7719589718391715 0.7719589718391715 0.7719589718391715 0.7719589718391715 0.7719589718391715 0.7719589718391715 0.7719589718391715 0.7719589718391715 0.7719589718391715 0.7719589718391715 0.7790591366365119 0.7937495381709387 0.8084399397053657 0.8231303412397925 0.8378207427742193 0.852511144308646 0.867201545843073 0.8818919473775249 0.8965823489119517
1.5662476183111618 1.5662476183111618 1.5662476183111618 1.5662476183111618 1.5662476183111618 1.5662476183111618 1.5662476183111618 1.5662476183111618 1.5662476183111618 1.5662476183111618 1.5662476183111618 1.5370429970061794 1.47661797518985 1.4161929533735207 1.3557679315571913 1.295342909740862 1.2349178879244296 1.1744928661081002 1.1140678442917709 1.0536428224754415 0.9932178006591121 0.9327927788427828 0.8723677570264534 0.8411473564860482 0.8411473564860482 0.8411473564860482 0.8411473564860482 0.8411473564860482 0.8411473564860482 0.8411473564860482 0.8411473564860482 0.8411473564860482 0.8411473564860482 0.8411473564860482 0.8411473564860482 0.8505489241981002 0.870000980408807 0.8894530366195137 0.9089050928302204 0.9283571490409271 0.9478092052516338 0.9672612614623406 0.9867133176730805 1.0061653738837872
1.4491817144299506 1.4491817144299506 1.4491817144299506 1.4491817144299506 1.4491817144299506 1.4491817144299506 1.4491817144299506 1.4491817144299506 1.4491817144299506 1.4491817144299506 1.4491817144299506 1.427478794957485 1.3825749638512053 1.3376711327449258 1.292767301638646 1.2478634705323666 1.2029596394260103 1.1580558083197308 1.1131519772134513 1.0682481461071716 1.023344315000892 0.9784404838946124 0.9335366527883328 0.9103357411329248 0.9103357411329248 0.9103357411329248 0.9103357411329248 0.9103357411329248 0.9103357411329248 0.9103357411329248 0.9103357411329248 0.9103357411329248 0.9103357411329248 0.9103357411329248 0.9103357411329248 0.9220387117596884 0.9462524226466751 0.9704661335336617 0.9946798444206484 1.018893555307635 1.0431072661946217 1.0673209770816081 1.091534687968636 1.1157483988556227
1.3321158105486395 1.3321158105486395 1.3321158105486395 1.3321158105486395 1.3321158105486395 1.3321158105486395 1.3321158105486395 1.3321158105486395 1.3321158105486395 1.3321158105486395 1.3321158105486395 1.3179145929086968 1.28853195251248 1.2591493121162636 1.229766671720047 1.2003840313238303 1.1710013909275636 1.141618750531347 1.1122361101351306 1.082853469738914 1.0534708293426973 1.0240881889464808 0.9947055485502643 0.9795241257798604 0.9795241257798604 0.9795241257798604 0.9795241257798604 0.9795241257798604 0.9795241257798604 0.9795241257798604 0.9795241257798604 0.9795241257798604 0.9795241257798604 0.9795241257798604 0.9795241257798604 0.9935284993213376 1.022503864884608 1.0514792304478788 1.0804545960111493 1.1094299615744199 1.1384053271376904 1.1673806927009611 1.196356058264281 1.2253314238275514
1.2150499066674283 1.2150499066674283 1.2150499066674283 1.2150499066674283 1.2150499066674283 1.2150499066674283 1.2150499066674283 1.2150499066674283 1.2150499066674283 1.2150499066674283 1.2150499066674283 1.2083503908600022 1.1944889411738353 1.1806274914876684 1.1667660418015018 1.152904592115335 1.1390431424291445 1.1251816927429776 1.1113202430568108 1.0974587933706441 1.0835973436844772 1.0697358939983104 1.0558744443121435 1.048712510426737 1.048712510426737 1.048712510426737 1.048712510426737 1.048712510426737 1.048712510426737 1.048712510426737 1.048712510426737 1.048712510426737 1.048712510426737 1.048712510426737 1.048712510426737 1.0650182868829259 1.0987553071224763 1.1324923273620269 1.1662293476015773 1.1999663678411276 1.2337033880806783 1.2674404083202286 1.3011774285598365 1.3349144487993871
