Figures/CREST_Example_wjb_NSE/Rolling_result/20100722/BJP_forecast/ens_45/wjb.rain.20100307.asc
ncols            288
nrows            254
xllcorner        113.274861
yllcorner        31.4918055
cellsize         0.008333333333
NODATA_value     -9999
[rows 95 to 113 of 254, columns 132 to 175 of 288]
0.03292991834148076 0.019845251927470997 0.006760585513461231 0.0 0.0 0.0 0.0 0.0 0.0 0.0 0.0 0.0 0.0 0.0 0.0 0.0 0.0 0.0 0.0 0.0 0.0 0.0 0.0 0.0 0.0 0.0 0.0 0.02409501660780428 0.07394815102152766 0.12380128543525103 0.1736544198489744 0.22350755426269778 0.27336068867642116 0.3232138230901445 0.3730669575038679 0.4229200919175913 0.47277322633131463 0.522626360745123 0.5724794951588464 0.5982376129887397 0.5982376129887397 0.5982376129887397 0.5982376129887397 0.5982376129887397
0.03607108502311521 0.02173827952312979 0.0074054740231443705 0.0 0.0 0.0 0.0 0.0 0.0 0.0 0.0 0.0 0.0 0.0 0.0 0.0 0.0 0.0 0.0 0.0 0.0 0.0 0.0 0.0 0.0 0.0 0.0 0.024941499406017767 0.07654602587749026 0.12815055234896275 0.17975507882043526 0.23135960529190774 0.28296413176338026 0.33456865823485277 0.3861731847063252 0.43777771117779773 0.48938223764927025 0.5409867641208308 0.5925912905923032 0.6192543176825743 0.6192543176825743 0.6192543176825743 0.6192543176825743 0.6192543176825743
0.03769400018112651 0.02271633114881741 0.00773866211650831 0.0 0.0 0.0 0.0 0.0 0.0 0.0 0.0 0.0 0.0 0.0 0.0 0.0 0.0 0.0 0.0 0.0 0.0 0.0 0.0 0.0 0.0 0.0 0.0 0.025378843203228068 0.07788824388426104 0.130397644565294 0.18290704524632698 0.23541644592735997 0.28792584660839293 0.3404352472894259 0.39294464797045886 0.44545404865149185 0.4979634493325248 0.5504728500136473 0.6029822506946803 0.6301128081977367 0.6301128081977367 0.6301128081977367 0.6301128081977367 0.6301128081977367
0.03769400018112651 0.02271633114881741 0.00773866211650831 0.0 0.0 0.0 0.0 0.0 0.0 0.0 0.0 0.0 0.0 0.0 0.0 0.0 0.0 0.0 0.0 0.0 0.0 0.0 0.0 0.0 0.0 0.0 0.0 0.025378843203228068 0.07788824388426104 0.130397644565294 0.18290704524632698 0.23541644592735997 0.28792584660839293 0.3404352472894259 0.39294464797045886 0.44545404865149185 0.4979634493325248 0.5504728500136473 0.6029822506946803 0.6301128081977367 0.6301128081977367 0.6301128081977367 0.6301128081977367 0.6301128081977367
0.03769400018112651 0.02271633114881741 0.00773866211650831 0.0 0.0 0.0 0.0 0.0 0.0 0.0 0.0 0.0 0.0 0.0 0.0 0.0 0.0 0.0 0.0 0.0 0.0 0.0 0.0 0.0 0.0 0.0 0.0 0.025378843203228068 0.07788824388426104 0.130397644565294 0.18290704524632698 0.23541644592735997 0.28792584660839293 0.3404352472894259 0.39294464797045886 0.44545404865149185 0.4979634493325248 0.5504728500136473 0.6029822506946803 0.6301128081977367 0.6301128081977367 0.6301128081977367 0.6301128081977367 0.6301128081977367
0.03769400018112651 0.02271633114881741 0.00773866211650831 0.0 0.0 0.0 0.0 0.0 0.0 0.0 0.0 0.0 0.0 0.0 0.0 0.0 0.0 0.0 0.0 0.0 0.0 0.0 0.0 0.0 0.0 0.0 0.0 0.025378843203228068 0.07788824388426104 0.130397644565294 0.18290704524632698 0.23541644592735997 0.28792584660839293 0.3404352472894259 0.39294464797045886 0.44545404865149185 0.4979634493325248 0.5504728500136473 0.6029822506946803 0.6301128081977367 0.6301128081977367 0.6301128081977367 0.6301128081977367 0.6301128081977367
0.03769400018112651 0.02271633114881741 0.00773866211650831 0.0 0.0 0.0 0.0 0.0 0.0 0.0 0.0 0.0 0.0 0.0 0.0 0.0 0.0 0.0 0.0 0.0 0.0 0.0 0.0 0.0 0.0 0.0 0.0 0.025378843203228068 0.07788824388426104 0.130397644565294 0.18290704524632698 0.23541644592735997 0.28792584660839293 0.3404352472894259 0.39294464797045886 0.44545404865149185 0.4979634493325248 0.5504728500136473 0.6029822506946803 0.6301128081977367 0.6301128081977367 0.6301128081977367 0.6301128081977367 0.6301128081977367
0.03769400018112651 0.02271633114881741 0.00773866211650831 0.0 0.0 0.0 0.0 0.0 0.0 0.0 0.0 0.0 0.0 0.0 0.0 0.0 0.0 0.0 0.0 0.0 0.0 0.0 0.0 0.0 0.0 0.0 0.0 0.025378843203228068 0.07788824388426104 0.130397644565294 0.18290704524632698 0.23541644592735997 0.28792584660839293 0.3404352472894259 0.39294464797045886 0.44545404865149185 0.4979634493325248 0.5504728500136473 0.6029822506946803 0.6301128081977367 0.6301128081977367 0.6301128081977367 0.6301128081977367 0.6301128081977367
0.03769400018112651 0.02271633114881741 0.00773866211650831 0.0 0.0 0.0 0.0 0.0 0.0 0.0 0.0 0.0 0.0 0.0 0.0 0.0 0.0 0.0 0.0 0.0 0.0 0.0 0.0 0.0 0.0 0.0 0.0 0.025378843203228068 0.07788824388426104 0.130397644565294 0.18290704524632698 0.23541644592735997 0.28792584660839293 0.3404352472894259 0.39294464797045886 0.44545404865149185 0.4979634493325248 0.5504728500136473 0.6029822506946803 0.6301128081977367 0.6301128081977367 0.6301128081977367 0.6301128081977367 0.6301128081977367
0.03769400018112651 0.02271633114881741 0.00773866211650831 0.0 0.0 0.0 0.0 0.0 0.0 0.0 0.0 0.0 0.0 0.0 0.0 0.0 0.0 0.0 0.0 0.0 0.0 0.0 0.0 0.0 0.0 0.0 0.0 0.025378843203228068 0.07788824388426104 0.130397644565294 0.18290704524632698 0.23541644592735997 0.28792584660839293 0.3404352472894259 0.39294464797045886 0.44545404865149185 0.4979634493325248 0.5504728500136473 0.6029822506946803 0.6301128081977367 0.6301128081977367 0.6301128081977367 0.6301128081977367 0.6301128081977367
0.03769400018112651 0.02271633114881741 0.00773866211650831 0.0 0.0 0.0 0.0 0.0 0.0 0.0 0.0 0.0 0.0 0.0 0.0 0.0 0.0 0.0 0.0 0.0 0.0 0.0 0.0 0.0 0.0 0.0 0.0 0.025378843203228068 0.07788824388426104 0.130397644565294 0.18290704524632698 0.23541644592735997 0.28792584660839293 0.3404352472894259 0.39294464797045886 0.44545404865149185 0.4979634493325248 0.5504728500136473 0.6029822506946803 0.6301128081977367 0.6301128081977367 0.6301128081977367 0.6301128081977367 0.6301128081977367
0.03769400018112651 0.02271633114881741 0.00773866211650831 0.0 0.0 0.0 0.0 0.0 0.0 0.0 0.0 0.0 0.0 0.0 0.0 0.0 0.0 0.0 0.0 0.0 0.0 0.0 0.0 0.0 0.0 0.0 0.0 0.025378843203228068 0.07788824388426104 0.130397644565294 0.18290704524632698 0.23541644592735997 0.28792584660839293 0.3404352472894259 0.39294464797045886 0.44545404865149185 0.4979634493325248 0.5504728500136473 0.6029822506946803 0.6301128081977367 0.6301128081977367 0.6301128081977367 0.6301128081977367 0.6301128081977367
0.03769400018112651 0.02271633114881741 0.00773866211650831 0.0 0.0 0.0 0.0 0.0 0.0 0.0 0.0 0.0 0.0 0.0 0.0 0.0 0.0 0.0 0.0 0.0 0.0 0.0 0.0 0.0 0.0 0.0 0.0 0.025378843203228068 0.07788824388426104 0.130397644565294 0.18290704524632698 0.23541644592735997 0.28792584660839293 0.3404352472894259 0.39294464797045886 0.44545404865149185 0.4979634493325248 0.5504728500136473 0.6029822506946803 0.6301128081977367 0.6301128081977367 0.6301128081977367 0.6301128081977367 0.6301128081977367
0.03769400018112651 0.02271633114881741 0.00773866211650831 0.0 0.0 0.0 0.0 0.0 0.0 0.0 0.0 0.0 0.0 0.0 0.0 0.0 0.0 0.0 0.0 0.0 0.0 0.0 0.0 0.0 0.0 0.0 0.0 0.025378843203228068 0.07788824388426104 0.130397644565294 0.18290704524632698 0.23541644592735997 0.28792584660839293 0.3404352472894259 0.39294464797045886 0.44545404865149185 0.4979634493325248 0.5504728500136473 0.6029822506946803 0.6301128081977367 0.6301128081977367 0.6301128081977367 0.6301128081977367 0.6301128081977367
0.052228654118181284 0.03918877877089369 0.026148903423606124 0.01998259869683684 0.02116429642190181 0.02234599414696678 0.023527691872031752 0.024709389597096725 0.025891087322161693 0.027072785047226662 0.028254482772291634 0.02943618049735862 0.03061787822242359 0.03179957594748856 0.03298127367255353 0.033591833260088744 0.033591833260088744 0.033591833260088744 0.033591833260088744 0.033591833260088744 0.033591833260088744 0.033591833260088744 0.033591833260088744 0.033591833260088744 0.033591833260088744 0.033591833260088744 0.033591833260088744 0.058332829981410275 0.10952251186268498 0.16071219374395967 0.21190187562523438 0.2630915575065091 0.3142812393877838 0.3654709212690585 0.4166606031503332 0.4678502850316079 0.5190399669128827 0.5702296487942446 0.6214193306755194 0.6478680158600894 0.6478680158600894 0.6478680158600894 0.6478680158600894 0.6478680158600894
0.08229993678185683 0.07326923440136476 0.0642385320208727 0.06132533560476075 0.06495189142327212 0.06857844724178348 0.07220500306029484 0.07583155887880622 0.07945811469731758 0.08308467051582893 0.08671122633434031 0.09033778215285784 0.09396433797136922 0.09759089378988059 0.10121744960839194 0.10309121849002534 0.10309121849002534 0.10309121849002534 0.10309121849002534 0.10309121849002534 0.10309121849002534 0.10309121849002534 0.10309121849002534 0.10309121849002534 0.10309121849002534 0.10309121849002534 0.10309121849002534 0.12651255105308698 0.17497181793886443 0.22343108482464188 0.2718903517104193 0.3203496185961968 0.36880888548197427 0.4172681523677517 0.4657274192535292 0.5141866861393066 0.562645953025084 0.6111052199109441 0.6595644867967216 0.6846024211427413 0.6846024211427413 0.6846024211427413 0.6846024211427413 0.6846024211427413
0.11237121944555803 0.10734969003186487 0.10232816061817174 0.10266807251271987 0.10873948642467972 0.11481090033663957 0.12088231424859941 0.12695372816055928 0.13302514207251911 0.13909655598447895 0.14516796989643882 0.151239383808409 0.15731079772036885 0.1633822116323287 0.16945362554428856 0.17259060372002122 0.17259060372002122 0.17259060372002122 0.17259060372002122 0.17259060372002122 0.17259060372002122 0.17259060372002122 0.17259060372002122 0.17259060372002122 0.17259060372002122 0.17259060372002122 0.17259060372002122 0.19469227212482182 0.24042112401509969 0.28614997590537755 0.3318788277956554 0.3776076796859333 0.42333653157621115 0.469065383466489 0.5147942353567669 0.5605230872470448 0.6062519391373227 0.6519807910276785 0.6977096429179563 0.7213368264254244 0.7213368264254244 0.7213368264254244 0.7213368264254244 0.7213368264254244
0.14244250210923354 0.1414301456623359 0.14041778921543827 0.14401080942064373 0.15252708142604998 0.16104335343145626 0.1695596254368625 0.17807589744226876 0.186592169447675 0.19510844145308126 0.20362471345848754 0.2121409854639083 0.22065725746931458 0.2291735294747208 0.23768980148012708 0.24208998894995792 0.24208998894995792 0.24208998894995792 0.24208998894995792 0.24208998894995792 0.24208998894995792 0.24208998894995792 0.24208998894995792 0.24208998894995792 0.24208998894995792 0.24208998894995792 0.24208998894995792 0.2628719931964986 0.30587043009127923 0.3488688669860598 0.3918673038808404 0.434865740775621 0.4778641776704016 0.5208626145651822 0.5638610514599628 0.6068594883547433 0.649857925249524 0.692856362144378 0.7358547990391586 0.7580712317080762 0.7580712317080762 0.7580712317080762 0.7580712317080762 0.7580712317080762
0.1725137847729091 0.175510601292807 0.17850741781270485 0.18535354632856765 0.1963146764274203 0.20727580652627295 0.2182369366251256 0.22919806672397824 0.24015919682283088 0.2511203269216835 0.2620814570205362 0.27304258711940754 0.2840037172182602 0.2949648473171128 0.3059259774159655 0.3115893741798945 0.3115893741798945 0.3115893741798945 0.3115893741798945 0.3115893741798945 0.3115893741798945 0.3115893741798945 0.3115893741798945 0.3115893741798945 0.3115893741798945 0.3115893741798945 0.3115893741798945 0.3310517142681753 0.37131973616745867 0.411587758066742 0.45185577996602533 0.4921238018653087 0.532391823764592 0.5726598456638754 0.6129278675631588 0.6531958894624421 0.6934639113617255 0.7337319332610774 0.7739999551603609 0.7948056369907281 0.7948056369907281 0.7948056369907281 0.7948056369907281 0.7948056369907281
