Figures/CREST_Example_wjb_NSE/Rolling_result/20100722/BJP_forecast/ens_45/wjb.rain.20100725.asc
ncols            288
nrows            254
xllcorner        113.274861
yllcorner        31.4918055
cellsize         0.008333333333
NODATA_value     -9999
[rows 220 to 239 of 254, columns 135 to 179 of 288]
0.31509596532577466 0.3324780879977335 0.3498602106696923 0.3672423333416512 0.38462445601361 0.4020065786855688 0.4193887013575277 0.4367708240294865 0.454152946701475 0.4715350693734338 0.48891719204539263 0.5062993147173516 0.520644649565835 0.5317435895422259 0.5428425295186169 0.5539414694950078 0.5650404094713987 0.5761393494477897 0.5872382894241805 0.5983372294005715 0.6094361693769624 0.6205351093533723 0.6316340493297632 0.6427329893061542 0.6431133068162725 0.6320351744445181 0.6209570420727636 0.6098789097010091 0.5988007773292546 0.5877226449575002 0.5766445125857457 0.5655663802139912 0.5544882478422367 0.5434101154704822 0.5323319830987089 0.5212538507269544 0.5119141909890165 0.5044329978261107 0.49695180466320493 0.48947061150029914 0.48198941833739334 0.47450822517448754 0.4670270320115818 0.459545838848676 0.4520646456857702
0.3632033161269848 0.3803319436122017 0.3974605710974186 0.41458919858263554 0.4317178260678524 0.44884645355306935 0.4659750810382863 0.48310370852350315 0.5002323360087493 0.5173609634939662 0.5344895909791831 0.5516182184644001 0.5687173133157858 0.5857848371136104 0.6028523609114349 0.6199198847092595 0.6369874085070841 0.6540549323049087 0.6711224561027332 0.6881899799005579 0.7052575036983825 0.7223250274962361 0.7393925512940607 0.7564600750918853 0.7611803821996083 0.752701235359836 0.7442220885200638 0.7357429416802914 0.7272637948405192 0.7187846480007469 0.7103055011609746 0.7018263543212023 0.69334720748143 0.6848680606416577 0.676388913801871 0.6679097669620987 0.6588749214292094 0.6492460214218018 0.639617121414394 0.6299882214069862 0.6203593213995784 0.6107304213921706 0.6011015213847628 0.591472621377355 0.5818437213699472
0.4113106669281949 0.4281857992266699 0.44506093152514486 0.46193606382361985 0.47881119612209483 0.4956863284205698 0.5125614607190448 0.5294365930175198 0.5463117253160236 0.5631868576144985 0.5800619899129735 0.5969371222114486 0.6167899770657366 0.6398260846849948 0.662862192304253 0.6858982999235113 0.7089344075427695 0.7319705151620277 0.7550066227812859 0.7780427304005442 0.8010788380198024 0.8241149456390999 0.8471510532583582 0.8701871608776164 0.8792474575829441 0.873367296275154 0.8674871349673638 0.8616069736595737 0.8557268123517836 0.8498466510439936 0.8439664897362035 0.8380863284284134 0.8322061671206232 0.8263260058128331 0.820445844505033 0.8145656831972429 0.8058356518694024 0.7940590450174926 0.7822824381655828 0.770505831313673 0.7587292244617633 0.7469526176098535 0.7351760107579437 0.723399403906034 0.7116227970541242
0.4594180177294256 0.4760396548411585 0.49266129195289143 0.5092829290646244 0.5259045661763573 0.5425262032880903 0.5591478403998232 0.5757694775115562 0.5923911146233174 0.6090127517350503 0.6256343888467832 0.6422560259585163 0.6648626408157078 0.6938673322564022 0.7228720236970967 0.7518767151377911 0.7808814065784855 0.80988609801918 0.8388907894598744 0.8678954809005688 0.8969001723412633 0.9259048637820071 0.9549095552227016 0.983914246663396 0.9973145329663301 0.9940333571905233 0.9907521814147164 0.9874710056389097 0.9841898298631029 0.9809086540872961 0.9776274783114893 0.9743463025356826 0.9710651267598757 0.9677839509840689 0.9645027752082566 0.9612215994324497 0.952796382309658 0.9388720686132452 0.9249477549168326 0.9110234412204199 0.8970991275240072 0.8831748138275946 0.8692505001311818 0.8553261864347691 0.8414018727383564
0.5075253685306357 0.5238935104556267 0.5402616523806177 0.5566297943056087 0.5729979362305997 0.5893660781555907 0.6057342200805818 0.6221023620055728 0.6384705039305917 0.6548386458555827 0.6712067877805737 0.6875749297055647 0.7129353045656586 0.7479085798277866 0.7828818550899147 0.8178551303520427 0.8528284056141708 0.887801680876299 0.922774956138427 0.957748231400555 0.9927215066626831 1.027694781924871 1.0626680571869989 1.097641332449127 1.1153816083496657 1.1146994181058412 1.1140172278620166 1.1133350376181919 1.1126528473743673 1.1119706571305428 1.111288466886718 1.1106062766428935 1.109924086399069 1.1092418961552444 1.1085597059114185 1.107877515667594 1.0997571127498509 1.0836850922089363 1.0676130716680214 1.0515410511271068 1.0354690305861922 1.0193970100452774 1.0033249895043628 0.987252968963448 0.9711809484225334
0.5556327193318459 0.571747366070095 0.587862012808344 0.6039766595465932 0.6200913062848422 0.6362059530230912 0.6523205997613404 0.6684352464995894 0.684549893237866 0.7006645399761151 0.7167791867143641 0.7328938334526132 0.7610079683156094 0.8019498273991711 0.8428916864827328 0.8838335455662946 0.9247754046498562 0.9657172637334179 1.0066591228169797 1.0476009819005414 1.0885428409841031 1.1294847000677346 1.1704265591512963 1.211368418234858 1.2334486837330016 1.2353654790211592 1.2372822743093168 1.2391990695974744 1.241115864885632 1.2430326601737895 1.2449494554619471 1.2468662507501047 1.2487830460382623 1.2506998413264199 1.2526166366145806 1.2545334319027381 1.2467178431900439 1.228498115804627 1.2102783884192105 1.1920586610337938 1.173838933648377 1.1556192062629604 1.1373994788775437 1.1191797514921271 1.1009600241067103
0.6037400701330765 0.6196012216845835 0.6354623732360907 0.6513235247875977 0.6671846763391047 0.6830458278906117 0.6989069794421188 0.7147681309936258 0.7306292825451599 0.7464904340966669 0.762351585648174 0.7782127371996811 0.8090806320655807 0.8559910749705786 0.9029015178755765 0.9498119607805744 0.9967224036855724 1.0436328465905702 1.0905432894955682 1.1374537324005662 1.184364175305564 1.231274618210642 1.27818506111564 1.3250955040206378 1.3515157591163878 1.3560315399365286 1.3605473207566694 1.3650631015768104 1.3695788823969512 1.374094663217092 1.3786104440372329 1.383126224857374 1.3876420056775147 1.3921577864976555 1.3966735673178041 1.401189348137945 1.3936785736302995 1.3733111394003799 1.3529437051704603 1.3325762709405407 1.312208836710621 1.2918414024807015 1.2714739682507818 1.2511065340208622 1.2307390997909426
0.6518474209342866 0.6674550772990517 0.6830627336638169 0.698670390028582 0.7142780463933471 0.7298857027581122 0.7454933591228773 0.7611010154876424 0.7767086718524341 0.7923163282171992 0.8079239845819643 0.8235316409467295 0.8571532958155313 0.9100323225419629 0.9629113492683945 1.0157903759948261 1.0686694027212575 1.1215484294476892 1.1744274561741208 1.2273064829005524 1.280185509626984 1.3330645363535059 1.3859435630799373 1.438822589806369 1.4695828344997235 1.4766976008518464 1.4838123672039696 1.4909271335560925 1.4980418999082157 1.5051566662603388 1.5122714326124618 1.519386198964585 1.5265009653167079 1.533615731668831 1.5407304980209662 1.5478452643730893 1.5406393040704924 1.518124162996071 1.4956090219216494 1.4730938808472276 1.450578739772806 1.4280635986983845 1.405548457623963 1.3830333165495414 1.3605181754751197
0.6999547717354968 0.7153089329135199 0.7306630940915432 0.7460172552695663 0.7613714164475895 0.7767255776256127 0.7920797388036358 0.807433899981659 0.8227880611597084 0.8381422223377315 0.8534963835157547 0.868850544693778 0.9052259595654821 0.9640735701133474 1.0229211806612126 1.0817687912090779 1.140616401756943 1.1994640123048081 1.2583116228526734 1.3171592334005386 1.376006843948404 1.4348544544963695 1.4937020650442348 1.5525496755921 1.587649909883059 1.5973636617671643 1.6070774136512695 1.6167911655353748 1.6265049174194801 1.6362186693035854 1.6459324211876907 1.655646173071796 1.6653599249559012 1.6750736768400065 1.6847874287241285 1.6945011806082337 1.6876000345106854 1.662937186591762 1.6382743386728382 1.6136114907539147 1.588948642834991 1.5642857949160676 1.5396229469971439 1.5149600990782202 1.4902972511592967
0.7299516409748438 0.7436919034271783 0.7574321658795129 0.7711724283318474 0.7849126907841819 0.7986529532365165 0.8123932156888511 0.8261334781411857 0.8398737405935437 0.8536140030458782 0.8673542654982127 0.8810945279505473 0.9179790350831424 0.9796052632762708 1.0412314914693992 1.1028577196625275 1.1644839478556561 1.2261101760487845 1.287736404241913 1.3493626324350414 1.4109888606281697 1.4726150888214034 1.5342413170145317 1.59586754520766 1.5465688988124993 1.5465688988124993 1.5465688988124993 1.5465688988124993 1.5465688988124993 1.5465688988124993 1.5465688988124993 1.5465688988124993 1.5465688988124993 1.5465688988124993 1.5465688988124993 1.5465688988124993 1.5465688988124993 1.5465688988124993 1.5465688988124993 1.5465688988124993 1.5465688988124993 1.5465688988124993 1.5465688988124993 1.5465688988124993 1.5465688988124993
0.7405895468212974 0.7512617249030117 0.761933902984726 0.7726060810664402 0.7832782591481545 0.7939504372298688 0.8046226153115831 0.8152947933932974 0.8259669714750298 0.8366391495567441 0.8473113276384584 0.8579835057201727 0.8929776967656035 0.953972669806404 1.0149676428472048 1.0759626158880053 1.136957588928806 1.1979525619696065 1.2589475350104071 1.3199425080512077 1.3809374810920083 1.441932454132913 1.5029274271737136 1.5639224002145142 1.5465688988124993 1.5465688988124993 1.5465688988124993 1.5465688988124993 1.5465688988124993 1.5465688988124993 1.5465688988124993 1.5465688988124993 1.5465688988124993 1.5465688988124993 1.5465688988124993 1.5465688988124993 1.5465688988124993 1.5465688988124993 1.5465688988124993 1.5465688988124993 1.5465688988124993 1.5465688988124993 1.5465688988124993 1.5465688988124993 1.5465688988124993
0.7512274526677467 0.758831546378842 0.7664356400899373 0.7740397338010325 0.7816438275121278 0.7892479212232231 0.7968520149343183 0.8044561086454136 0.8120602023565219 0.8196642960676171 0.8272683897787124 0.8348724834898077 0.8679763584480751 0.9283400763365481 0.9887037942250212 1.0490675121134942 1.1094312300019675 1.1697949478904406 1.2301586657789136 1.2905223836673867 1.3508861015558598 1.4112498194444358 1.471613537332909 1.531977255221382 1.5465688988124993 1.5465688988124993 1.5465688988124993 1.5465688988124993 1.5465688988124993 1.5465688988124993 1.5465688988124993 1.5465688988124993 1.5465688988124993 1.5465688988124993 1.5465688988124993 1.5465688988124993 1.5465688988124993 1.5465688988124993 1.5465688988124993 1.5465688988124993 1.5465688988124993 1.5465688988124993 1.5465688988124993 1.5465688988124993 1.5465688988124993
0.7618653585141958 0.7664013678546722 0.7709373771951484 0.7754733865356247 0.7800093958761011 0.7845454052165773 0.7890814145570537 0.79361742389753 0.798153433238014 0.8026894425784903 0.8072254519189667 0.8117614612594429 0.8429750201305468 0.9027074828666923 0.9624399456028379 1.0221724083389834 1.081904871075129 1.1416373338112744 1.2013697965474202 1.2611022592835657 1.3208347220197112 1.3805671847559586 1.440299647492104 1.5000321102282497 1.5465688988124993 1.5465688988124993 1.5465688988124993 1.5465688988124993 1.5465688988124993 1.5465688988124993 1.5465688988124993 1.5465688988124993 1.5465688988124993 1.5465688988124993 1.5465688988124993 1.5465688988124993 1.5465688988124993 1.5465688988124993 1.5465688988124993 1.5465688988124993 1.5465688988124993 1.5465688988124993 1.5465688988124993 1.5465688988124993 1.5465688988124993
0.7725032643606496 0.7739711893305057 0.7754391143003616 0.7769070392702176 0.7783749642400737 0.7798428892099296 0.7813108141797857 0.7827787391496417 0.7842466641195002 0.7857145890893561 0.7871825140592121 0.7886504390290682 0.8179736818130078 0.8770748893968255 0.9361760969806433 0.9952773045644611 1.0543785121482787 1.1134797197320965 1.1725809273159142 1.231682134899732 1.2907833424835498 1.3498845500674683 1.408985757651286 1.4680869652351038 1.5465688988124993 1.5465688988124993 1.5465688988124993 1.5465688988124993 1.5465688988124993 1.5465688988124993 1.5465688988124993 1.5465688988124993 1.5465688988124993 1.5465688988124993 1.5465688988124993 1.5465688988124993 1.5465688988124993 1.5465688988124993 1.5465688988124993 1.5465688988124993 1.5465688988124993 1.5465688988124993 1.5465688988124993 1.5465688988124993 1.5465688988124993
0.7831411702070988 0.7815410108063359 0.7799408514055729 0.7783406920048099 0.7767405326040469 0.7751403732032839 0.7735402138025209 0.771940054401758 0.7703398950009923 0.7687397356002292 0.7671395761994663 0.7655394167987033 0.7929723434954795 0.8514422959269697 0.90991224835846 0.9683822007899502 1.0268521532214403 1.0853221056529305 1.1437920580844207 1.202262010515911 1.2607319629474012 1.3192019153789913 1.3776718678104816 1.4361418202419718 1.5465688988124993 1.5465688988124993 1.5465688988124993 1.5465688988124993 1.5465688988124993 1.5465688988124993 1.5465688988124993 1.5465688988124993 1.5465688988124993 1.5465688988124993 1.5465688988124993 1.5465688988124993 1.5465688988124993 1.5465688988124993 1.5465688988124993 1.5465688988124993 1.5465688988124993 1.5465688988124993 1.5465688988124993 1.5465688988124993 1.5465688988124993
0.793779076053548 0.789110832282166 0.7844425885107841 0.7797743447394021 0.7751061009680201 0.7704378571966382 0.7657696134252563 0.7611013696538743 0.7564331258824843 0.7517648821111024 0.7470966383397204 0.7424283945683384 0.7679710051779511 0.8258097024571138 0.8836483997362765 0.9414870970154392 0.9993257942946019 1.0571644915737646 1.1150031888529273 1.17284188613209 1.2306805834112526 1.288519280690514 1.3463579779696766 1.4041966752488393 1.5465688988124993 1.5465688988124993 1.5465688988124993 1.5465688988124993 1.5465688988124993 1.5465688988124993 1.5465688988124993 1.5465688988124993 1.5465688988124993 1.5465688988124993 1.5465688988124993 1.5465688988124993 1.5465688988124993 1.5465688988124993 1.5465688988124993 1.5465688988124993 1.5465688988124993 1.5465688988124993 1.5465688988124993 1.5465688988124993 1.5465688988124993
0.8044169819000018 0.7966806537579996 0.7889443256159973 0.781207997473995 0.7734716693319927 0.7657353411899905 0.7579990130479882 0.750262684905986 0.7425263567639705 0.7347900286219683 0.727053700479966 0.7193173723379638 0.7429696668604122 0.8001771089872471 0.857384551114082 0.9145919932409169 0.9717994353677517 1.0290068774945866 1.0862143196214213 1.1434217617482563 1.2006292038750912 1.2578366460020236 1.3150440881288585 1.3722515302556935 1.5465688988124993 1.5465688988124993 1.5465688988124993 1.5465688988124993 1.5465688988124993 1.5465688988124993 1.5465688988124993 -9999.0 -9999.0 -9999.0 -9999.0 -9999.0 1.5465688988124993 1.5465688988124993 1.5465688988124993 1.5465688988124993 1.5465688988124993 1.5465688988124993 1.5465688988124993 1.5465688988124993 1.5465688988124993
0.815054887746451 0.8042504752338296 0.7934460627212084 0.7826416502085872 0.7718372376959659 0.7610328251833447 0.7502284126707235 0.7394240001581023 0.7286195876454625 0.7178151751328413 0.7070107626202201 0.6962063501075988 0.7179683285428838 0.7745445155173912 0.8311207024918985 0.8876968894664059 0.9442730764409132 1.0008492634154205 1.0574254503899279 1.1140016373644352 1.1705778243389426 1.2271540113135464 1.2837301982880538 1.340306385262561 1.5465688988124993 1.5465688988124993 1.5465688988124993 1.5465688988124993 1.5465688988124993 1.5465688988124993 -9999.0 -9999.0 -9999.0 -9999.0 -9999.0 -9999.0 1.5465688988124993 1.5465688988124993 1.5465688988124993 1.5465688988124993 1.5465688988124993 1.5465688988124993 1.5465688988124993 1.5465688988124993 1.5465688988124993
0.8256927935929002 0.8118202967096599 0.7979477998264197 0.7840753029431795 0.7702028060599393 0.7563303091766991 0.7424578122934589 0.7285853154102186 0.7147128185269547 0.7008403216437145 0.6869678247604742 0.673095327877234 0.6929669902253556 0.7489119220475354 0.8048568538697152 0.860801785691895 0.9167467175140748 0.9726916493362545 1.0286365811584344 1.0845815129806142 1.140526444802794 1.1964713766250692 1.2524163084472488 1.308361240269429 1.5465688988124993 1.5465688988124993 1.5465688988124993 1.5465688988124993 1.5465688988124993 -9999.0 -9999.0 -9999.0 -9999.0 -9999.0 -9999.0 -9999.0 -9999.0 1.5465688988124993 1.5465688988124993 1.5465688988124993 -9999.0 -9999.0 1.5465688988124993 1.5465688988124993 1.5465688988124993
0.8363306994393539 0.8193901181854933 0.8024495369316328 0.7855089556777723 0.7685683744239118 0.7516277931700512 0.7346872119161907 0.7177466306623302 0.7008060494084408 0.6838654681545803 0.6669248869007198 0.6499843056468593 0.6679656519078165 0.7232793285776685 0.7785930052475205 0.8339066819173725 0.8892203585872245 0.9445340352570766 0.9998477119269285 1.0551613885967805 1.1104750652666324 1.1657887419365789 1.2211024186064308 1.2764160952762826 1.5465688988124993 1.5465688988124993 1.5465688988124993 1.5465688988124993 -9999.0 -9999.0 -9999.0 -9999.0 -9999.0 -9999.0 -9999.0 -9999.0 -9999.0 -9999.0 -9999.0 -9999.0 -9999.0 -9999.0 -9999.0 -9999.0 -9999.0
