Figures/CREST_Example_wjb_NSE/Rolling_result/20100722/BJP_forecast/ens_45/wjb.rain.20091128.asc
ncols            288
nrows            254
xllcorner        113.274861
yllcorner        31.4918055
cellsize         0.008333333333
NODATA_value     -9999
[rows 60 to 79 of 254, columns 45 to 89 of 288]
1.758393731032136 1.674202389632957 1.590011048233778 1.505819706834599 1.4216283654354203 1.3374370240362412 1.2939370415902298 1.2939370415902298 1.2939370415902298 1.2939370415902298 1.2939370415902298 1.2939370415902298 1.2939370415902298 1.2939370415902298 1.2939370415902298 1.2939370415902298 1.2939370415902298 1.2939370415902298 1.275225537336995 1.2365110120725211 1.1977964868079813 1.1590819615435077 1.1203674362790341 1.0816529110145603 1.0429383857500865 1.0042238604856129 0.965509335221139 0.9267948099566654 0.8880802846921916 0.849365759427718 0.7959587720464516 0.7268452105160662 0.6577316489856808 0.5886180874551775 0.5195045259247921 0.4503909643944066 0.38127740286402123 0.31216384133363584 0.24305027980325034 0.17393671827286494 0.10482315674247955 0.03570959521209416 0.0 0.0 0.0
1.732928578651129 1.6506632322667727 1.5683978858824164 1.4861325394980598 1.4038671931137032 1.3216018467293469 1.279096987391526 1.279096987391526 1.279096987391526 1.279096987391526 1.279096987391526 1.279096987391526 1.279096987391526 1.279096987391526 1.279096987391526 1.279096987391526 1.279096987391526 1.279096987391526 1.260906201426502 1.2232690540709226 1.1856319067152787 1.147994759359699 1.1103576120041194 1.07272046464854 1.0350833172929603 0.9974461699373807 0.959809022581801 0.9221718752262213 0.8845347278706418 0.8468975805150623 0.7941242423798448 0.7251699741237408 0.6562157058676369 0.5872614376114154 0.5183071693553114 0.44935290109920745 0.38039863284310355 0.31144436458699953 0.2424900963308957 0.17353582807479173 0.10458155981868777 0.03562729156258382 0.0 0.0 0.0
1.5824571242763183 1.5073349380126964 1.4322127517490744 1.3570905654854524 1.2819683792218304 1.2068461929582082 1.168032061606152 1.168032061606152 1.168032061606152 1.168032061606152 1.168032061606152 1.168032061606152 1.168032061606152 1.168032061606152 1.168032061606152 1.168032061606152 1.168032061606152 1.168032061606152 1.1514207948746953 1.1170517085176372 1.0826826221605206 1.0483135358034625 1.0139444494464043 0.9795753630893462 0.9452062767322882 0.9108371903752301 0.8764681040181721 0.842099017661114 0.8077299313040558 0.7733608449469977 0.7251698543125648 0.6622029355396825 0.5992360167668002 0.5362690979938105 0.4733021792209281 0.4103352604480458 0.34736834167516345 0.2844014229022811 0.2214345041293988 0.1584675853565165 0.0955006665836341 0.0325337478107518 0.0 0.0 0.0
1.4319856699015077 1.36400664375862 1.2960276176157324 1.2280485914728447 1.160069565329957 1.0920905391870694 1.0569671358207775 1.0569671358207775 1.0569671358207775 1.0569671358207775 1.0569671358207775 1.0569671358207775 1.0569671358207775 1.0569671358207775 1.0569671358207775 1.0569671358207775 1.0569671358207775 1.0569671358207775 1.0419353883228883 1.0108343629643517 0.9797333376057622 0.9486323122472257 0.9175312868886891 0.8864302615301526 0.855329236171616 0.8242282108130796 0.793127185454543 0.7620261600960065 0.73092513473747 0.6998241093789335 0.6562154662452848 0.5992358969556241 0.5422563276659633 0.4852767583762055 0.42829718908654474 0.37131761979688405 0.3143380505072233 0.2573584812175626 0.20037891192790186 0.14339934263824117 0.08641977334858042 0.029440204058919783 0.0 0.0 0.0
1.281514215526697 1.220678349504544 1.1598424834823906 1.0990066174602373 1.0381707514380842 0.9773348854159309 0.9459022100354033 0.9459022100354033 0.9459022100354033 0.9459022100354033 0.9459022100354033 0.9459022100354033 0.9459022100354033 0.9459022100354033 0.9459022100354033 0.9459022100354033 0.9459022100354033 0.9459022100354033 0.9324499817710815 0.9046170174110665 0.876784053051004 0.848951088690989 0.821118124330974 0.7932851599709589 0.765452195610944 0.737619231250929 0.7097862668909141 0.681953302530899 0.654120338170884 0.626287373810869 0.5872610781780048 0.5362688583715656 0.4852766385651265 0.43428441875860047 0.3832921989521614 0.3322999791457223 0.2813077593392832 0.23031553953284412 0.17932331972640497 0.12833109991996589 0.07733888011352685 0.026346660307087655 0.0 0.0 0.0
1.1310427611518863 1.0773500552504676 1.0236573493490488 0.9699646434476299 0.9162719375462111 0.8625792316447922 0.834837284250029 0.834837284250029 0.834837284250029 0.834837284250029 0.834837284250029 0.834837284250029 0.834837284250029 0.834837284250029 0.834837284250029 0.834837284250029 0.834837284250029 0.834837284250029 0.8229645752192746 0.798399671857781 0.7738347684962458 0.7492698651347522 0.7247049617732588 0.7001400584117654 0.6755751550502719 0.6510102516887785 0.6264453483272849 0.6018804449657915 0.5773155416042981 0.5527506382428047 0.5183066901107247 0.47330181978750724 0.42829694946428976 0.3832920791409955 0.3382872088177781 0.29328233849456053 0.24827746817134305 0.20327259784812557 0.1582677275249081 0.1132628572016906 0.06825798687847312 0.023253116555255637 0.0 0.0 0.0
0.9805713067769474 0.9340217609962691 0.8874722152155907 0.8409226694349123 0.794373123654234 0.7478235778735557 0.72377235846456 0.72377235846456 0.72377235846456 0.72377235846456 0.72377235846456 0.72377235846456 0.72377235846456 0.72377235846456 0.72377235846456 0.72377235846456 0.72377235846456 0.72377235846456 0.7134791686673743 0.6921823263044051 0.6708854839413997 0.6495886415784305 0.6282917992154615 0.6069949568524924 0.5856981144895232 0.5644012721265541 0.543104429763585 0.5218075874006158 0.5005107450376467 0.47921390267467756 0.44935230204338594 0.41033478120339517 0.3713172603634044 0.3322997395233471 0.29328221868335635 0.2542646978433656 0.21524717700337476 0.17622965616338399 0.13721213532339321 0.09819461448340244 0.05917709364341167 0.0201595728034209 0.0 0.0 0.0
0.8300998524021367 0.7906934667421928 0.7512870810822487 0.7118806954223049 0.6724743097623609 0.6330679241024169 0.6127074326791857 0.6127074326791857 0.6127074326791857 0.6127074326791857 0.6127074326791857 0.6127074326791857 0.6127074326791857 0.6127074326791857 0.6127074326791857 0.6127074326791857 0.6127074326791857 0.6127074326791857 0.6039937621155673 0.5859649807511198 0.5679361993866414 0.5499074180221939 0.5318786366577463 0.5138498552932987 0.49582107392885116 0.4777922925644036 0.45976351119995595 0.44173472983550843 0.4237059484710608 0.4056771671066133 0.380397913976106 0.34736774261933684 0.31433757126256767 0.28130739990574216 0.248277228548973 0.21524705719220383 0.18221688583543466 0.1491867144786655 0.11615654312189633 0.08312637176512716 0.050096200408357994 0.017066029051588827 0.0 0.0 0.0
0.6796283980273261 0.6473651724881165 0.615101946948907 0.5828387214096975 0.5505754958704879 0.5183122703312784 0.5016425068938115 0.5016425068938115 0.5016425068938115 0.5016425068938115 0.5016425068938115 0.5016425068938115 0.5016425068938115 0.5016425068938115 0.5016425068938115 0.5016425068938115 0.5016425068938115 0.5016425068938115 0.49450835556376055 0.47974763519783453 0.4649869148318833 0.45022619446595724 0.4354654741000312 0.42070475373410515 0.4059440333681791 0.39118331300225306 0.37642259263632705 0.361661872270401 0.3469011519044749 0.3321404315385489 0.311443525908826 0.28440070403527845 0.2573578821617309 0.23031506028813722 0.20327223841458966 0.17622941654104213 0.14918659466749457 0.122143772793947 0.09510095092039947 0.06805812904685193 0.04101530717330437 0.01397248529975681 0.0 0.0 0.0
0.5291569436525154 0.5040368782340403 0.4789168128155651 0.45379674739709 0.4286766819786148 0.40355661656013964 0.39057758110843716 0.39057758110843716 0.39057758110843716 0.39057758110843716 0.39057758110843716 0.39057758110843716 0.39057758110843716 0.39057758110843716 0.39057758110843716 0.39057758110843716 0.39057758110843716 0.39057758110843716 0.3850229490119536 0.3735302896445491 0.362037630277125 0.3505449709097205 0.339052311542316 0.3275596521749115 0.316066992807507 0.30457433344010254 0.29308167407269803 0.2815890147052935 0.270096355337889 0.2586036959704845 0.242489137841546 0.22143366545122006 0.2003781930608941 0.1793227206705323 0.15826724828020633 0.13721177588988037 0.11615630349955444 0.09510083110922848 0.07404535871890255 0.052989886328576596 0.031934413938250666 0.010878941547924709 0.0 0.0 0.0
0.3786854892777048 0.360708583979964 0.34273167868222326 0.3247547733844825 0.30677786808674173 0.2888009627890009 0.2795126553230629 0.2795126553230629 0.2795126553230629 0.2795126553230629 0.2795126553230629 0.2795126553230629 0.2795126553230629 0.2795126553230629 0.2795126553230629 0.2795126553230629 0.2795126553230629 0.2795126553230629 0.2755375424601467 0.26731294409126377 0.2590883457223668 0.2508637473534838 0.24263914898460087 0.23441455061571792 0.22618995224683494 0.217965353877952 0.209740755509069 0.20151615714018606 0.1932915587713031 0.18506696040242016 0.17353474977426603 0.15846662686716168 0.14339850396005735 0.12833038105292732 0.113262258145823 0.09819413523871867 0.08312601233161433 0.06805788942451 0.05298976651740567 0.03792164361030134 0.022853520703197017 0.007785397796092691 0.0 0.0 0.0
0.22821403490289416 0.21738028972588777 0.20654654454888138 0.19571279937187502 0.18487905419486864 0.17404530901786225 0.1684477295376886 0.1684477295376886 0.1684477295376886 0.1684477295376886 0.1684477295376886 0.1684477295376886 0.1684477295376886 0.1684477295376886 0.1684477295376886 0.1684477295376886 0.1684477295376886 0.1684477295376886 0.16605213590833984 0.16109559853797842 0.15613906116760853 0.15118252379724711 0.1462259864268857 0.14126944905652428 0.13631291168616286 0.13135637431580144 0.12639983694544002 0.1214432995750786 0.11648676220471718 0.11153022483435576 0.10458036170698602 0.0954995882831033 0.0864188148592206 0.07733804143532239 0.06825726801143966 0.059176494587556944 0.05009572116367422 0.0410149477397915 0.03193417431590878 0.02285340089202606 0.01377262746814334 0.004691854044260618 0.0 0.0 0.0
0.07774258052795519 0.0740519954716893 0.0703614104154234 0.0666708253591575 0.06298024030289161 0.059289655246625717 0.057382803752219616 0.057382803752219616 0.057382803752219616 0.057382803752219616 0.057382803752219616 0.057382803752219616 0.057382803752219616 0.057382803752219616 0.057382803752219616 0.057382803752219616 0.057382803752219616 0.057382803752219616 0.05656672935643958 0.05487825298460249 0.05318977661276252 0.05150130024092543 0.049812823869088335 0.04812434749725125 0.046435871125414155 0.04474739475357707 0.043058918381739975 0.04137044200990289 0.039681965638065794 0.037993489266228704 0.03562597363964724 0.03253254969899124 0.02943912575833524 0.026345701817673955 0.023252277877017953 0.020158853936361947 0.01706542999570594 0.013972006055049935 0.010878582114393933 0.007785158173737927 0.004691734233081925 0.0015983102924259154 0.0 0.0 0.0
0.042017427140127385 0.048498277560935076 0.054979127981742766 0.06145997840255046 0.06794082882335815 0.07442167924416584 0.07777020505281995 0.07777020505281995 0.07777020505281995 0.07777020505281995 0.07777020505281995 0.07777020505281995 0.07777020505281995 0.07777020505281995 0.07777020505281995 0.07777020505281995 0.07777020505281995 0.07777020505281995 0.07694238380816402 0.07522960294047087 0.07351682207277481 0.07180404120508165 0.0700912603373885 0.06837847946969534 0.0666656986020022 0.06495291773430904 0.06324013686661589 0.06152735599892273 0.05981457513122958 0.05810179426353643 0.05748667027651312 0.05804496630919005 0.058603262341866975 0.059161558374544856 0.05971985440722179 0.06027815043989871 0.06083644647257564 0.06139474250525257 0.061953038537929495 0.06251133457060642 0.06306963060328336 0.06362792663596029 0.06391638703206715 0.06391638703206715 0.06391638703206715
0.12894883466027796 0.14883815597887476 0.16872747729747156 0.18861679861606837 0.2085061199346652 0.228395441253262 0.2386718558327603 0.2386718558327603 0.2386718558327603 0.2386718558327603 0.2386718558327603 0.2386718558327603 0.2386718558327603 0.2386718558327603 0.2386718558327603 0.2386718558327603 0.2386718558327603 0.2386718558327603 0.23613132462771044 0.23087490813697947 0.22561849164623954 0.22036207515550857 0.2151056586647776 0.20984924217404663 0.20459282568331566 0.1993364091925847 0.19407999270185372 0.18882357621112275 0.18356715972039178 0.1783107432296608 0.1764229664975513 0.17813634182082028 0.17984971714408926 0.1815630924673612 0.18327646779063017 0.18498984311389916 0.18670321843716814 0.18841659376043712 0.1901299690837061 0.19184334440697512 0.1935567197302441 0.1952700950535131 0.19615536182150373 0.19615536182150373 0.19615536182150373
0.2158802421804285 0.24917803439681444 0.28247582661320036 0.31577361882958627 0.3490714110459722 0.3823692032623581 0.39957350661270064 0.39957350661270064 0.39957350661270064 0.39957350661270064 0.39957350661270064 0.39957350661270064 0.39957350661270064 0.39957350661270064 0.39957350661270064 0.39957350661270064 0.39957350661270064 0.39957350661270064 0.39532026544725685 0.38652021333348807 0.37772016121970425 0.3689201091059355 0.3601200569921667 0.35132000487839793 0.3425199527646291 0.3337199006508603 0.32491984853709155 0.3161197964233228 0.307319744309554 0.2985196921957852 0.2953592627185895 0.2982277173324505 0.3010961719463116 0.3039646265601776 0.3068330811740386 0.3097015357878997 0.31256999040176076 0.31543844501562185 0.3183068996294829 0.321175354243344 0.324043808857205 0.3269122634710661 0.32839433661094053 0.32839433661094053 0.32839433661094053
0.30281164970057906 0.34951791281475414 0.39622417592892917 0.4429304390431042 0.4896367021572792 0.5363429652714543 0.560475157392641 0.560475157392641 0.560475157392641 0.560475157392641 0.560475157392641 0.560475157392641 0.560475157392641 0.560475157392641 0.560475157392641 0.560475157392641 0.560475157392641 0.560475157392641 0.5545092062668032 0.5421655185299966 0.529821830793169 0.5174781430563624 0.5051344553195558 0.4927907675827492 0.4804470798459426 0.468103392109136 0.4557597043723294 0.44341601663552277 0.43107232889871616 0.41872864116190955 0.41429555893962766 0.41831909284408075 0.4223426267485339 0.4263661606529939 0.430389694557447 0.4344132284619001 0.43843676236635326 0.4424602962708064 0.4464838301752595 0.45050736407971265 0.4545308979841658 0.4585544318886189 0.4606333114003771 0.4606333114003771 0.4606333114003771
0.3897430572207296 0.4498577912326938 0.509972525244658 0.5700872592566221 0.6302019932685863 0.6903167272805504 0.7213768081725813 0.7213768081725813 0.7213768081725813 0.7213768081725813 0.7213768081725813 0.7213768081725813 0.7213768081725813 0.7213768081725813 0.7213768081725813 0.7213768081725813 0.7213768081725813 0.7213768081725813 0.7136981470863496 0.6978108237265053 0.6819235003666337 0.6660361770067893 0.6501488536469449 0.6342615302871004 0.618374206927256 0.6024868835674115 0.5865995602075671 0.5707122368477227 0.5548249134878782 0.5389375901280339 0.5332318551606657 0.5384104683557109 0.5435890815507561 0.5487676947458101 0.5539463079408553 0.5591249211359005 0.5643035343309457 0.5694821475259909 0.5746607607210361 0.5798393739160813 0.5850179871111265 0.5901966003061717 0.5928722861898137 0.5928722861898137 0.5928722861898137
0.47667446474088027 0.5501976696506335 0.6237208745603868 0.6972440794701401 0.7707672843798934 0.8442904892896467 0.8822784589525217 0.8822784589525217 0.8822784589525217 0.8822784589525217 0.8822784589525217 0.8822784589525217 0.8822784589525217 0.8822784589525217 0.8822784589525217 0.8822784589525217 0.8822784589525217 0.8822784589525217 0.8728870879058961 0.8534561289230138 0.8340251699400985 0.8145942109572162 0.7951632519743339 0.7757322929914516 0.7563013340085695 0.7368703750256872 0.7174394160428049 0.6980084570599228 0.6785774980770405 0.6591465390941582 0.6521681513817039 0.6585018438673411 0.6648355363529784 0.6711692288386264 0.6775029213242637 0.683836613809901 0.6901703062955382 0.6965039987811755 0.7028376912668127 0.70917138375245 0.7155050762380872 0.7218387687237245 0.7251112609792503 0.7251112609792503 0.7251112609792503
0.5636058722611049 0.6505375480686587 0.7374692238762125 0.8244008996837664 0.9113325754913202 0.9982642512988741 1.0431801097325992 1.0431801097325992 1.0431801097325992 1.0431801097325992 1.0431801097325992 1.0431801097325992 1.0431801097325992 1.0431801097325992 1.0431801097325992 1.0431801097325992 1.0431801097325992 1.0431801097325992 1.0320760287255781 1.0091014341196551 0.9861268395136928 0.9631522449077697 0.9401776503018466 0.9172030556959236 0.8942284610900005 0.8712538664840774 0.8482792718781543 0.8253046772722312 0.8023300826663082 0.779355488060385 0.7711044476028435 0.7785932193790738 0.7860819911553041 0.7935707629315472 0.8010595347077775 0.8085483064840078 0.8160370782602381 0.8235258500364684 0.8310146218126987 0.838503393588929 0.8459921653651593 0.8534809371413896 0.8573502357687997 0.8573502357687997 0.8573502357687997
