Figures/CREST_Example_wjb_NSE/Rolling_result/20100722/BJP_forecast/ens_45/wjb.rain.20100515.asc
ncols            288
nrows            254
xllcorner        113.274861
yllcorner        31.4918055
cellsize         0.008333333333
NODATA_value     -9999
[rows 114 to 132 of 254, columns 176 to 219 of 288]
0.3166488962049725 0.3166488962049725 0.3166488962049725 0.3166488962049725 0.3166488962049725 0.3166488962049725 0.3166488962049725 0.3103006181924212 0.29716588735427896 0.28403115651613675 0.27089642567799455 0.25776169483985234 0.2446269640017101 0.23149223316356787 0.21835750232542567 0.20522277148728346 0.19208804064914123 0.17895330981099902 0.1658185789728568 0.16000128946358888 0.16200651030755014 0.16401173115151138 0.16601695199547264 0.16802217283943388 0.17002739368339514 0.17203261452735638 0.17403783537131762 0.17604305621527888 0.17804827705924012 0.18005349790320138 0.18205871874716262 0.18309477626942633 0.18309477626942633 0.18309477626942633 0.18309477626942633 0.18309477626942633 0.18309477626942633 0.18309477626942633 0.18309477626942633 0.18309477626942633 0.18309477626942633 0.18309477626942633 0.18309477626942633 0.1832646093425862
0.33058081695634245 0.33058081695634245 0.33058081695634245 0.33058081695634245 0.33058081695634245 0.33058081695634245 0.33058081695634245 0.32343046286477417 0.308636218472126 0.2938419740794779 0.2790477296868297 0.2642534852941816 0.24945924090153343 0.2346649965088853 0.21987075211623716 0.205076507723589 0.1902822633309409 0.17548801893829274 0.1606937745456446 0.1537980784788985 0.15534610929398723 0.15689414010907599 0.15844217092416474 0.15999020173925346 0.16153823255434221 0.16308626336943097 0.16463429418451972 0.16618232499960844 0.1677303558146972 0.16927838662978595 0.1708264174448747 0.17162625401923443 0.17162625401923443 0.17162625401923443 0.17162625401923443 0.17162625401923443 0.17162625401923443 0.17162625401923443 0.17162625401923443 0.17162625401923443 0.17162625401923443 0.17162625401923443 0.17162625401923443 0.1715641324415743
0.34451273770771246 0.34451273770771246 0.34451273770771246 0.34451273770771246 0.34451273770771246 0.34451273770771246 0.34451273770771246 0.3365603075371272 0.3201065495899731 0.303652791642819 0.28719903369566496 0.27074527574851087 0.25429151780135684 0.23783775985420275 0.22138400190704868 0.20493024395989462 0.18847648601274053 0.17202272806558647 0.1555689701184324 0.1475948674942081 0.14868570828042435 0.1497765490666406 0.15086738985285683 0.15195823063907307 0.1530490714252893 0.15413991221150555 0.1552307529977218 0.15632159378393803 0.15741243457015427 0.15850327535637052 0.15959411614258676 0.16015773176904252 0.16015773176904252 0.16015773176904252 0.16015773176904252 0.16015773176904252 0.16015773176904252 0.16015773176904252 0.16015773176904252 0.16015773176904252 0.16015773176904252 0.16015773176904252 0.16015773176904252 0.15986365554056242
0.3584446584590824 0.3584446584590824 0.3584446584590824 0.3584446584590824 0.3584446584590824 0.3584446584590824 0.3584446584590824 0.3496901522094801 0.3315768807078201 0.3134636092061601 0.29535033770450014 0.27723706620284017 0.2591237947011802 0.24101052319952018 0.22289725169786018 0.2047839801962002 0.18667070869454022 0.16855743719288022 0.15044416569122024 0.1413916565095177 0.14202530726686144 0.1426589580242052 0.14329260878154892 0.14392625953889265 0.14455991029623638 0.14519356105358014 0.14582721181092387 0.1464608625682676 0.14709451332561135 0.14772816408295508 0.1483618148402988 0.14868920951885062 0.14868920951885062 0.14868920951885062 0.14868920951885062 0.14868920951885062 0.14868920951885062 0.14868920951885062 0.14868920951885062 0.14868920951885062 0.14868920951885062 0.14868920951885062 0.14868920951885062 0.14816317863955053
0.3723765792104643 0.3723765792104643 0.3723765792104643 0.3723765792104643 0.3723765792104643 0.3723765792104643 0.3723765792104643 0.3628199968818443 0.343047211825677 0.3232744267695096 0.3035016417133423 0.28372885665717495 0.26395607160100765 0.2441832865448403 0.22441050148867298 0.20463771643250564 0.1848649313763383 0.16509214632017097 0.14531936126400363 0.13518844552482204 0.13536490625329287 0.13554136698176372 0.13571782771023455 0.1358942884387054 0.13607074916717624 0.1362472098956471 0.13642367062411792 0.13660013135258878 0.1367765920810596 0.13695305280953046 0.13712951353800132 0.13722068726864894 0.13722068726864894 0.13722068726864894 0.13722068726864894 0.13722068726864894 0.13722068726864894 0.13722068726864894 0.13722068726864894 0.13722068726864894 0.13722068726864894 0.13722068726864894 0.13722068726864894 0.13646270173852867
0.38630849996183425 0.38630849996183425 0.38630849996183425 0.38630849996183425 0.38630849996183425 0.38630849996183425 0.38630849996183425 0.37594984155419725 0.354517542943524 0.33308524433285075 0.3116529457221775 0.29022064711150425 0.268788348500831 0.24735604989015775 0.2259237512794845 0.20449145266881122 0.18305915405813797 0.16162685544746472 0.14019455683679147 0.12898523454013164 0.12870450523972998 0.1284237759393283 0.12814304663892664 0.127862317338525 0.12758158803812333 0.12730085873772168 0.12702012943732002 0.12673940013691834 0.12645867083651668 0.12617794153611503 0.12589721223571337 0.12575216501845704 0.12575216501845704 0.12575216501845704 0.12575216501845704 0.12575216501845704 0.12575216501845704 0.12575216501845704 0.12575216501845704 0.12575216501845704 0.12575216501845704 0.12575216501845704 0.12575216501845704 0.12476222483751677
0.4002404207132042 0.4002404207132042 0.4002404207132042 0.4002404207132042 0.4002404207132042 0.4002404207132042 0.4002404207132042 0.3890796862265502 0.365987874061371 0.3428960618961919 0.3198042497310127 0.2967124375658335 0.27362062540065435 0.25052881323547516 0.22743700107029596 0.2043451889051168 0.1812533767399376 0.15816156457475844 0.13506975240957925 0.12278202355544125 0.12204410422616709 0.12130618489689292 0.12056826556761875 0.11983034623834458 0.11909242690907043 0.11835450757979626 0.1176165882505221 0.11687866892124793 0.11614074959197376 0.1154028302626996 0.11466491093342543 0.11428364276826514 0.11428364276826514 0.11428364276826514 0.11428364276826514 0.11428364276826514 0.11428364276826514 0.11428364276826514 0.11428364276826514 0.11428364276826514 0.11428364276826514 0.11428364276826514 0.11428364276826514 0.11306174793650488
0.3929539245826773 0.3929539245826773 0.3929539245826773 0.3929539245826773 0.3929539245826773 0.3929539245826773 0.3929539245826773 0.3819613644621862 0.35921750886555326 0.33647365326892037 0.3137297976722874 0.29098594207565454 0.2682420864790216 0.24549823088238865 0.22275437528575573 0.2000105196891228 0.17726666409248987 0.15452280849585695 0.13177895289922403 0.11948823945098194 0.1183721714839419 0.11725610351690186 0.11614003554986181 0.11502396758282177 0.11390789961578172 0.11279183164874168 0.11167576368170162 0.11055969571466158 0.10944362774762154 0.10832755978058149 0.10721149181354145 0.10663484180708872 0.10663484180708872 0.10663484180708872 0.10663484180708872 0.10663484180708872 0.10663484180708872 0.10663484180708872 0.10663484180708872 0.10663484180708872 0.10663484180708872 0.10663484180708872 0.10663484180708872 0.10532830858022274
0.36298627846935216 0.36298627846935216 0.36298627846935216 0.36298627846935216 0.36298627846935216 0.36298627846935216 0.36298627846935216 0.3531990292738206 0.3329489892511614 0.31269894922850217 0.292448909205843 0.27219886918318376 0.2519488291605245 0.23169878913786535 0.2114487491152061 0.1911987090925469 0.1709486690698877 0.1506986290472285 0.1304485890245693 0.11930444926368461 0.11789472292299767 0.11648499658231073 0.1150752702416238 0.11366554390093687 0.11225581756024994 0.110846091219563 0.10943636487887606 0.10802663853818914 0.1066169121975022 0.10520718585681527 0.10379745951612834 0.10306908209874786 0.10306908209874786 0.10306908209874786 0.10306908209874786 0.10306908209874786 0.10306908209874786 0.10306908209874786 0.10306908209874786 0.10306908209874786 0.10306908209874786 0.10306908209874786 0.10306908209874786 0.10183538226693643
0.3330186323560271 0.3330186323560271 0.3330186323560271 0.3330186323560271 0.3330186323560271 0.3330186323560271 0.3330186323560271 0.324436694085455 0.30668046963676954 0.288924245188084 0.27116802073939855 0.25341179629071303 0.23565557184202757 0.21789934739334205 0.20014312294465658 0.1823868984959711 0.1646306740472856 0.1468744495986001 0.1291182251499146 0.11912065907638725 0.11741727436205343 0.1157138896477196 0.11401050493338578 0.11230712021905195 0.11060373550471814 0.10890035079038432 0.10719696607605049 0.10549358136171667 0.10379019664738284 0.10208681193304903 0.10038342721871521 0.09950332239040699 0.09950332239040699 0.09950332239040699 0.09950332239040699 0.09950332239040699 0.09950332239040699 0.09950332239040699 0.09950332239040699 0.09950332239040699 0.09950332239040699 0.09950332239040699 0.09950332239040699 0.09834245595365011
0.3030509862426764 0.3030509862426764 0.3030509862426764 0.3030509862426764 0.3030509862426764 0.3030509862426764 0.3030509862426764 0.29567435889706484 0.2804119500223552 0.26514954114764555 0.2498871322729359 0.23462472339822626 0.21936231452351662 0.20409990564880698 0.18883749677409734 0.17357508789938766 0.15831267902467802 0.14305027014996838 0.12778786127525874 0.11893686888908973 0.11693982580110877 0.11494278271312781 0.11294573962514685 0.1109486965371659 0.10895165344918493 0.10695461036120398 0.10495756727322302 0.10296052418524206 0.1009634810972611 0.09896643800928014 0.09696939492129918 0.09593756268206309 0.09593756268206309 0.09593756268206309 0.09593756268206309 0.09593756268206309 0.09593756268206309 0.09593756268206309 0.09593756268206309 0.09593756268206309 0.09593756268206309 0.09593756268206309 0.09593756268206309 0.09484952964036084
0.2730833401293513 0.2730833401293513 0.2730833401293513 0.2730833401293513 0.2730833401293513 0.2730833401293513 0.2730833401293513 0.26691202370869926 0.25414343040796333 0.2413748371072274 0.22860624380649147 0.21583765050575554 0.2030690572050196 0.19030046390428368 0.17753187060354775 0.16476327730281182 0.15199468400207589 0.13922609070133996 0.12645749740060402 0.11875307870179239 0.11646237724016453 0.1141716757785367 0.11188097431690884 0.109590272855281 0.10729957139365315 0.1050088699320253 0.10271816847039746 0.1004274670087696 0.09813676554714176 0.09584606408551391 0.09355536262388606 0.09237180297372223 0.09237180297372223 0.09237180297372223 0.09237180297372223 0.09237180297372223 0.09237180297372223 0.09237180297372223 0.09237180297372223 0.09237180297372223 0.09237180297372223 0.09237180297372223 0.09237180297372223 0.09135660332707453
0.2431156940160262 0.2431156940160262 0.2431156940160262 0.2431156940160262 0.2431156940160262 0.2431156940160262 0.2431156940160262 0.23814968852033366 0.22787491079357144 0.21760013306680925 0.20732535534004704 0.19705057761328482 0.1867757998865226 0.17650102215976038 0.16622624443299816 0.15595146670623594 0.14567668897947372 0.1354019112527115 0.12512713352594929 0.11856928851449502 0.11598492867922029 0.11340056884394556 0.11081620900867083 0.10823184917339608 0.10564748933812135 0.10306312950284661 0.10047876966757188 0.09789440983229714 0.0953100499970224 0.09272569016174767 0.09014133032647292 0.08880604326538136 0.08880604326538136 0.08880604326538136 0.08880604326538136 0.08880604326538136 0.08880604326538136 0.08880604326538136 0.08880604326538136 0.08880604326538136 0.08880604326538136 0.08880604326538136 0.08880604326538136 0.08786367701378821
0.2131480479027011 0.2131480479027011 0.2131480479027011 0.2131480479027011 0.2131480479027011 0.2131480479027011 0.2131480479027011 0.20938735333196806 0.20160639117917956 0.19382542902639108 0.18604446687360257 0.17826350472081406 0.17048254256802559 0.16270158041523708 0.15492061826244857 0.14713965610966007 0.1393586939568716 0.13157773180408308 0.12379676965129459 0.11838549832719768 0.11550748011827605 0.11262946190935443 0.1097514437004328 0.10687342549151119 0.10399540728258956 0.10111738907366793 0.09823937086474631 0.09536135265582468 0.09248333444690306 0.08960531623798143 0.08672729802905982 0.0852402835570405 0.0852402835570405 0.0852402835570405 0.0852402835570405 0.0852402835570405 0.0852402835570405 0.0852402835570405 0.0852402835570405 0.0852402835570405 0.0852402835570405 0.0852402835570405 0.0852402835570405 0.08437075070050191
0.18318040178937597 0.18318040178937597 0.18318040178937597 0.18318040178937597 0.18318040178937597 0.18318040178937597 0.18318040178937597 0.18062501814360246 0.17533787156478767 0.1700507249859729 0.1647635784071581 0.15947643182834334 0.15418928524952855 0.14890213867071378 0.14361499209189899 0.13832784551308422 0.13304069893426942 0.12775355235545466 0.12246640577663986 0.11820170813990033 0.11503003155733181 0.1118583549747633 0.10868667839219479 0.10551500180962628 0.10234332522705777 0.09917164864448925 0.09599997206192075 0.09282829547935223 0.08965661889678372 0.08648494231421522 0.0833132657316467 0.08167452384869964 0.08167452384869964 0.08167452384869964 0.08167452384869964 0.08167452384869964 0.08167452384869964 0.08167452384869964 0.08167452384869964 0.08167452384869964 0.08167452384869964 0.08167452384869964 0.08167452384869964 0.08087782438721561
0.15321275567605086 0.15321275567605086 0.15321275567605086 0.15321275567605086 0.15321275567605086 0.15321275567605086 0.15321275567605086 0.15186268295523686 0.14906935195039578 0.14627602094555472 0.14348268994071367 0.1406893589358726 0.13789602793103153 0.13510269692619048 0.13230936592134943 0.12951603491650834 0.1267227039116673 0.12392937290682624 0.12113604190198517 0.11801791795260298 0.11455258299638758 0.11108724804017218 0.10762191308395679 0.10415657812774139 0.10069124317152599 0.09722590821531059 0.09376057325909518 0.09029523830287978 0.08682990334666438 0.08336456839044898 0.07989923343423358 0.07810876414035878 0.07810876414035878 0.07810876414035878 0.07810876414035878 0.07810876414035878 0.07810876414035878 0.07810876414035878 0.07810876414035878 0.07810876414035878 0.07810876414035878 0.07810876414035878 0.07810876414035878 0.0773848980739293
0.12324510956272576 0.12324510956272576 0.12324510956272576 0.12324510956272576 0.12324510956272576 0.12324510956272576 0.12324510956272576 0.12310034776687126 0.1228008323360039 0.12250131690513656 0.12220180147426922 0.12190228604340188 0.12160277061253452 0.12130325518166718 0.12100373975079984 0.1207042243199325 0.12040470888906514 0.1201051934581978 0.11980567802733046 0.11783412776530564 0.11407513443544334 0.11031614110558106 0.10655714777571877 0.10279815444585648 0.0990391611159942 0.09528016778613191 0.09152117445626962 0.08776218112640732 0.08400318779654503 0.08024419446668275 0.07648520113682046 0.07454300443201792 0.07454300443201792 0.07454300443201792 0.07454300443201792 0.07454300443201792 0.07454300443201792 0.07454300443201792 0.07454300443201792 0.07454300443201792 0.07454300443201792 0.07454300443201792 0.07454300443201792 0.073891971760643
0.0932774634493751 0.0932774634493751 0.0932774634493751 0.0932774634493751 0.0932774634493751 0.0932774634493751 0.0932774634493751 0.09433801257848112 0.09653231272158963 0.09872661286469812 0.10092091300780662 0.10311521315091512 0.10530951329402362 0.10750381343713211 0.1096981135802406 0.1118924137233491 0.1140867138664576 0.1162810140095661 0.1184753141526746 0.11765033757800812 0.1135976858744987 0.10954503417098926 0.10549238246747984 0.10143973076397042 0.09738707906046098 0.09333442735695156 0.08928177565344213 0.0852291239499327 0.08117647224642327 0.07712382054291385 0.07307116883940443 0.070977244723674 0.070977244723674 0.070977244723674 0.070977244723674 0.070977244723674 0.070977244723674 0.070977244723674 0.070977244723674 0.070977244723674 0.070977244723674 0.070977244723674 0.070977244723674 0.0703990454473537
0.06330981733605 0.06330981733605 0.06330981733605 0.06330981733605 0.06330981733605 0.06330981733605 0.06330981733605 0.06557567739011554 0.07026379310719774 0.07495190882427996 0.07964002454136218 0.08432814025844439 0.08901625597552659 0.09370437169260881 0.09839248740969103 0.10308060312677325 0.10776871884385546 0.11245683456093766 0.11714495027801988 0.11746654739071077 0.11312023731355446 0.10877392723639814 0.10442761715924183 0.10008130708208551 0.0957349970049292 0.09138868692777288 0.08704237685061657 0.08269606677346025 0.07834975669630394 0.07400344661914762 0.06965713654199131 0.06741148501533314 0.06741148501533314 0.06741148501533314 0.06741148501533314 0.06741148501533314 0.06741148501533314 0.06741148501533314 0.06741148501533314 0.06741148501533314 0.06741148501533314 0.06741148501533314 0.06741148501533314 0.0669061191340674
