Figures/CREST_Example_wjb_NSE/Rolling_result/20100722/BJP_forecast/ens_45/wjb.rain.20091018.asc
ncols            288
nrows            254
xllcorner        113.274861
yllcorner        31.4918055
cellsize         0.008333333333
NODATA_value     -9999
[rows 57 to 75 of 254, columns 86 to 128 of 288]
0.03628614423930775 0.037918801444434 0.037918801444434 0.037918801444434 0.037918801444434 0.037918801444434 0.037918801444434 0.037918801444434 0.037918801444434 0.037918801444434 0.037918801444434 0.037918801444434 0.037918801444434 0.03761312573525002 0.036980675781412994 0.03634822582757597 0.03571577587373895 0.03508332591990192 0.03445087596606382 0.03381842601222679 0.033185976058389764 0.03255352610455274 0.03192107615071572 0.03128862619687869 0.030656176243041663 0.030329401998084475 0.030329401998084475 0.030329401998084475 0.030329401998084475 0.030329401998084475 0.030329401998084475 0.030329401998084475 0.030329401998084475 0.030329401998084475 0.030329401998084475 0.030329401998084475 0.030329401998084475 0.030119164282759372 0.02968417769527014 0.02924919110778091 0.028814204520291677 0.028379217932802445 0.027944231345313215
0.03496633695744885 0.036539610810795035 0.036539610810795035 0.036539610810795035 0.036539610810795035 0.036539610810795035 0.036539610810795035 0.036539610810795035 0.036539610810795035 0.036539610810795035 0.036539610810795035 0.036539610810795035 0.036539610810795035 0.03643348032339152 0.03621389394527124 0.03599430756715096 0.03577472118903068 0.03555513481091041 0.03533554843278976 0.03511596205466948 0.0348963756765492 0.03467678929842893 0.03445720292030865 0.03423761654218837 0.0340180301640681 0.03390457427324574 0.03390457427324574 0.03390457427324574 0.03390457427324574 0.03390457427324574 0.03390457427324574 0.03390457427324574 0.03390457427324574 0.03390457427324574 0.03390457427324574 0.03390457427324574 0.03390457427324574 0.03352639432185133 0.03274393144995645 0.03196146857806157 0.031179005706166697 0.030396542834271817 0.02961407996237694
0.03364652967558883 0.0351604201771549 0.0351604201771549 0.0351604201771549 0.0351604201771549 0.0351604201771549 0.0351604201771549 0.0351604201771549 0.0351604201771549 0.0351604201771549 0.0351604201771549 0.0351604201771549 0.0351604201771549 0.03525383491153201 0.035447112109128834 0.03564038930672565 0.03583366650432248 0.0360269437019193 0.03622022089951645 0.03641349809711328 0.036606775294710105 0.036800052492306924 0.03699332968990375 0.03718660688750057 0.037379884085097397 0.037479746548410055 0.037479746548410055 0.037479746548410055 0.037479746548410055 0.037479746548410055 0.037479746548410055 0.037479746548410055 0.037479746548410055 0.037479746548410055 0.037479746548410055 0.037479746548410055 0.037479746548410055 0.036933624360946195 0.03580368520464537 0.034673746048344556 0.03354380689204373 0.03241386773574292 0.031283928579442094
0.03232672239372993 0.03378122954351594 0.03378122954351594 0.03378122954351594 0.03378122954351594 0.03378122954351594 0.03378122954351594 0.03378122954351594 0.03378122954351594 0.03378122954351594 0.03378122954351594 0.03378122954351594 0.03378122954351594 0.0340741894996735 0.03468033027298708 0.03528647104630065 0.03589261181961422 0.03649875259292779 0.0371048933662424 0.03771103413955597 0.03831717491286954 0.03892331568618311 0.03952945645949668 0.04013559723281025 0.04074173800612382 0.04105491882357132 0.04105491882357132 0.04105491882357132 0.04105491882357132 0.04105491882357132 0.04105491882357132 0.04105491882357132 0.04105491882357132 0.04105491882357132 0.04105491882357132 0.04105491882357132 0.04105491882357132 0.04034085440003815 0.038863438959331684 0.03738602351862522 0.035908608077918756 0.03443119263721229 0.03295377719650582
0.030370229711188333 0.031736706513802095 0.031736706513802095 0.031736706513802095 0.031736706513802095 0.031736706513802095 0.031736706513802095 0.031736706513802095 0.031736706513802095 0.031736706513802095 0.031736706513802095 0.031736706513802095 0.031736706513802095 0.03211681098703222 0.03290325573656562 0.033689700486099025 0.03447614523563243 0.035262589985165835 0.03604903473470058 0.036835479484233984 0.03762192423376738 0.038408368983300786 0.03919481373283419 0.039981258482367596 0.040767703231901 0.041174043508582475 0.041174043508582475 0.041174043508582475 0.041174043508582475 0.041174043508582475 0.041174043508582475 0.041174043508582475 0.041174043508582475 0.041174043508582475 0.041174043508582475 0.041174043508582475 0.041174043508582475 0.040472528967224156 0.03902107951655039 0.03756963006587662 0.03611818061520286 0.03466673116452909 0.03321528171385533
0.027733160480154784 0.028980985103797163 0.028980985103797163 0.028980985103797163 0.028980985103797163 0.028980985103797163 0.028980985103797163 0.028980985103797163 0.028980985103797163 0.028980985103797163 0.028980985103797163 0.028980985103797163 0.028980985103797163 0.029328084827953425 0.030046242005393214 0.030764399182833 0.03148255636027279 0.03220071353771258 0.03291887071515359 0.03363702789259338 0.03435518507003317 0.03507334224747296 0.03579149942491275 0.03650965660235254 0.037227813779792326 0.03759887123342121 0.03759887123342121 0.03759887123342121 0.03759887123342121 0.03759887123342121 0.03759887123342121 0.03759887123342121 0.03759887123342121 0.03759887123342121 0.03759887123342121 0.03759887123342121 0.03759887123342121 0.03710284126809579 0.03607654405222444 0.0350502468363531 0.034023949620481754 0.0329976524046104 0.03197135518873906
0.025096091249121235 0.026225263693792234 0.026225263693792234 0.026225263693792234 0.026225263693792234 0.026225263693792234 0.026225263693792234 0.026225263693792234 0.026225263693792234 0.026225263693792234 0.026225263693792234 0.026225263693792234 0.026225263693792234 0.026539358668874632 0.027189228274220805 0.02783909787956698 0.028488967484913152 0.029138837090259325 0.029788706695606605 0.03043857630095278 0.031088445906298952 0.031738315511645125 0.0323881851169913 0.03303805472233747 0.033687924327683645 0.03402369895825994 0.03402369895825994 0.03402369895825994 0.03402369895825994 0.03402369895825994 0.03402369895825994 0.03402369895825994 0.03402369895825994 0.03402369895825994 0.03402369895825994 0.03402369895825994 0.03402369895825994 0.033733153568967424 0.03313200858789849 0.032530863606829566 0.031929718625760634 0.03132857364469171 0.03072742866362278
0.022459022018087683 0.023469542283787302 0.023469542283787302 0.023469542283787302 0.023469542283787302 0.023469542283787302 0.023469542283787302 0.023469542283787302 0.023469542283787302 0.023469542283787302 0.023469542283787302 0.023469542283787302 0.023469542283787302 0.023750632509795835 0.024332214543048392 0.024913796576300953 0.02549537860955351 0.02607696064280607 0.02665854267605962 0.027240124709312176 0.027821706742564737 0.028403288775817295 0.028984870809069852 0.029566452842322413 0.03014803487557497 0.030448526683098675 0.030448526683098675 0.030448526683098675 0.030448526683098675 0.030448526683098675 0.030448526683098675 0.030448526683098675 0.030448526683098675 0.030448526683098675 0.030448526683098675 0.030448526683098675 0.030448526683098675 0.030363465869839054 0.030187473123572544 0.030011480377306034 0.029835487631039524 0.029659494884773017 0.029483502138506507
0.019821952787054134 0.020713820873782374 0.020713820873782374 0.020713820873782374 0.020713820873782374 0.020713820873782374 0.020713820873782374 0.020713820873782374 0.020713820873782374 0.020713820873782374 0.020713820873782374 0.020713820873782374 0.020713820873782374 0.020961906350717045 0.021475200811875986 0.021988495273034928 0.022501789734193874 0.023015084195352815 0.023528378656512635 0.024041673117671577 0.024554967578830522 0.025068262039989464 0.025581556501148406 0.02609485096230735 0.026608145423466293 0.026873354407937408 0.026873354407937408 0.026873354407937408 0.026873354407937408 0.026873354407937408 0.026873354407937408 0.026873354407937408 0.026873354407937408 0.026873354407937408 0.026873354407937408 0.026873354407937408 0.026873354407937408 0.026993778170710685 0.027242937659246597 0.027492097147782505 0.027741256636318413 0.027990416124854322 0.02823957561339023
0.017184883556018337 0.017958099463775093 0.017958099463775093 0.017958099463775093 0.017958099463775093 0.017958099463775093 0.017958099463775093 0.017958099463775093 0.017958099463775093 0.017958099463775093 0.017958099463775093 0.017958099463775093 0.017958099463775093 0.01817318019163587 0.01861818708070114 0.019063193969766412 0.01950820085883168 0.01995320774789695 0.02039821463696298 0.02084322152602825 0.02128822841509352 0.021733235304158792 0.022178242193224063 0.02262324908228933 0.0230682559713546 0.023298182132773095 0.023298182132773095 0.023298182132773095 0.023298182132773095 0.023298182132773095 0.023298182132773095 0.023298182132773095 0.023298182132773095 0.023298182132773095 0.023298182132773095 0.023298182132773095 0.023298182132773095 0.023624090471579446 0.024298402194918137 0.02497271391825683 0.025647025641595517 0.026321337364934208 0.0269956490882729
0.014547814324984788 0.015202378053770164 0.015202378053770164 0.015202378053770164 0.015202378053770164 0.015202378053770164 0.015202378053770164 0.015202378053770164 0.015202378053770164 0.015202378053770164 0.015202378053770164 0.015202378053770164 0.015202378053770164 0.015384454032557077 0.015761173349528732 0.016137892666500387 0.016514611983472042 0.016891331300443697 0.017268050617415993 0.017644769934387648 0.018021489251359303 0.018398208568330958 0.018774927885302616 0.019151647202274268 0.019528366519245926 0.01972300985761183 0.01972300985761183 0.01972300985761183 0.01972300985761183 0.01972300985761183 0.01972300985761183 0.01972300985761183 0.01972300985761183 0.01972300985761183 0.01972300985761183 0.01972300985761183 0.01972300985761183 0.02025440277245108 0.021353866730592187 0.022453330688733297 0.023552794646874407 0.024652258605015513 0.025751722563156623
0.01191074509395124 0.012446656643765236 0.012446656643765236 0.012446656643765236 0.012446656643765236 0.012446656643765236 0.012446656643765236 0.012446656643765236 0.012446656643765236 0.012446656643765236 0.012446656643765236 0.012446656643765236 0.012446656643765236 0.012595727873478285 0.012904159618356325 0.013212591363234365 0.013521023108112405 0.013829454852990444 0.01413788659786901 0.01444631834274705 0.014754750087625088 0.015063181832503129 0.015371613577381168 0.01568004532225921 0.015988477067137248 0.01614783758245056 0.01614783758245056 0.01614783758245056 0.01614783758245056 0.01614783758245056 0.01614783758245056 0.01614783758245056 0.01614783758245056 0.01614783758245056 0.01614783758245056 0.01614783758245056 0.01614783758245056 0.01688471507332271 0.01840933126626624 0.019933947459209768 0.021458563652153297 0.022983179845096822 0.02450779603804035
0.00927367586291769 0.009690935233760306 0.009690935233760306 0.009690935233760306 0.009690935233760306 0.009690935233760306 0.009690935233760306 0.009690935233760306 0.009690935233760306 0.009690935233760306 0.009690935233760306 0.009690935233760306 0.009690935233760306 0.009807001714399492 0.010047145887183915 0.01028729005996834 0.010527434232752765 0.01076757840553719 0.011007722578322023 0.011247866751106448 0.011488010923890873 0.011728155096675297 0.011968299269459722 0.012208443442244147 0.012448587615028572 0.012572665307289295 0.012572665307289295 0.012572665307289295 0.012572665307289295 0.012572665307289295 0.012572665307289295 0.012572665307289295 0.012572665307289295 0.012572665307289295 0.012572665307289295 0.012572665307289295 0.012572665307289295 0.013515027374194343 0.01546479580194029 0.017414564229686236 0.019364332657432183 0.02131410108517813 0.023263869512924078
0.00663660663188414 0.006935213823755376 0.006935213823755376 0.006935213823755376 0.006935213823755376 0.006935213823755376 0.006935213823755376 0.006935213823755376 0.006935213823755376 0.006935213823755376 0.006935213823755376 0.006935213823755376 0.006935213823755376 0.007018275555320698 0.007190132156011508 0.007361988756702317 0.007533845357393126 0.007705701958083936 0.007877558558775038 0.008049415159465848 0.008221271760156657 0.008393128360847466 0.008564984961538277 0.008736841562229085 0.008908698162919896 0.008997493032128028 0.008997493032128028 0.008997493032128028 0.008997493032128028 0.008997493032128028 0.008997493032128028 0.008997493032128028 0.008997493032128028 0.008997493032128028 0.008997493032128028 0.008997493032128028 0.008997493032128028 0.010145339675065975 0.012520260337614341 0.014895181000162705 0.01727010166271107 0.019645022325259436 0.0220199429878078
0.0039995374008505915 0.004179492413750447 0.004179492413750447 0.004179492413750447 0.004179492413750447 0.004179492413750447 0.004179492413750447 0.004179492413750447 0.004179492413750447 0.004179492413750447 0.004179492413750447 0.004179492413750447 0.004179492413750447 0.004229549396241905 0.004333118424839099 0.004436687453436294 0.004540256482033487 0.004643825510630682 0.004747394539228053 0.004850963567825247 0.004954532596422441 0.005058101625019636 0.00516167065361683 0.0052652396822140245 0.005368808710811219 0.005422320756966761 0.005422320756966761 0.005422320756966761 0.005422320756966761 0.005422320756966761 0.005422320756966761 0.005422320756966761 0.005422320756966761 0.005422320756966761 0.005422320756966761 0.005422320756966761 0.005422320756966761 0.006775651975937607 0.009575724873288392 0.012375797770639175 0.01517587066798996 0.017975943565340744 0.020776016462691525
0.0013624681698147939 0.0014237710037431678 0.0014237710037431678 0.0014237710037431678 0.0014237710037431678 0.0014237710037431678 0.0014237710037431678 0.0014237710037431678 0.0014237710037431678 0.0014237710037431678 0.0014237710037431678 0.0014237710037431678 0.0014237710037431678 0.0014408232371607333 0.0014761046936642543 0.0015113861501677751 0.0015466676066712961 0.001581949063174817 0.0016172305196783983 0.001652511976181919 0.0016877934326854401 0.001723074889188961 0.001758356345692482 0.001793637802196003 0.0018289192586995239 0.001847148481802446 0.001847148481802446 0.001847148481802446 0.001847148481802446 0.001847148481802446 0.001847148481802446 0.001847148481802446 0.001847148481802446 0.001847148481802446 0.001847148481802446 0.001847148481802446 0.001847148481802446 0.003405964276806367 0.006631189408959932 0.009856414541113499 0.013081639673267064 0.01630686480542063 0.019532089937574194
0.00010647853869269865 0.0 0.0 0.0 0.0 0.0 0.0 0.0 0.0 0.0 0.0 0.0 0.0 4.1269294995832904e-05 0.0001266563994689977 0.00021204350394216252 0.00029743060841532735 0.00038281771288849214 0.0004682048173618026 0.0005535919218349674 0.0006389790263081322 0.000724366130781297 0.0008097532352544618 0.0008951403397276267 0.0009805274442007915 0.0010246452537191857 0.0010246452537191857 0.0010246452537191857 0.0010246452537191857 0.0010246452537191857 0.0010246452537191857 0.0010246452537191857 0.0010246452537191857 0.0010246452537191857 0.0010246452537191857 0.0010246452537191857 0.0010246452537191857 0.0028891329491326804 0.006746800155939218 0.010604467362745755 0.014462134569552292 0.01831980177635883 0.022177468983165367
0.0003267759216898864 0.0 0.0 0.0 0.0 0.0 0.0 0.0 0.0 0.0 0.0 0.0 0.0 0.0001266528642797752 0.0003887005041819036 0.000650748144084032 0.0009127957839861603 0.0011748434238882887 0.001436891063790864 0.0016989387036929922 0.0019609863435951207 0.002223033983497249 0.0024850816233993774 0.0027471292633015057 0.003009176903203634 0.0031445716789520045 0.0031445716789520045 0.0031445716789520045 0.0031445716789520045 0.0031445716789520045 0.0031445716789520045 0.0031445716789520045 0.0031445716789520045 0.0031445716789520045 0.0031445716789520045 0.0031445716789520045 0.0031445716789520045 0.00542182520764189 0.010133514258109546 0.014845203308577202 0.01955689235904486 0.024268581409512515 0.02898027045998017
0.0005470733046870745 0.0 0.0 0.0 0.0 0.0 0.0 0.0 0.0 0.0 0.0 0.0 0.0 0.00021203643356371735 0.0006507446088948089 0.0010894527842259004 0.001528160959556992 0.0019668691348880838 0.0024055773102199234 0.002844285485551015 0.0032829936608821065 0.003721701836213198 0.00416041001154429 0.004599118186875382 0.005037826362206473 0.00526449810418482 0.00526449810418482 0.00526449810418482 0.00526449810418482 0.00526449810418482 0.00526449810418482 0.00526449810418482 0.00526449810418482 0.00526449810418482 0.00526449810418482 0.00526449810418482 0.00526449810418482 0.007954517466151093 0.013520228360279865 0.019085939254408636 0.02465165014853741 0.03021736104266618 0.03578307193679495
