Figures/CREST_Example_wjb_NSE/Rolling_result/20100722/BJP_forecast/ens_45/wjb.rain.20100727.asc
ncols            288
nrows            254
xllcorner        113.274861
yllcorner        31.4918055
cellsize         0.008333333333
NODATA_value     -9999
[rows 200 to 224 of 254, columns 57 to 113 of 288]
0.21969072365620773 0.21969072365620773 0.21969072365620773 0.21969072365620773 0.21969072365620773 0.21969072365620773 0.005340554054591224 0.01639028111418959 0.027440008173806804 0.038489735233405174 0.049539462293003544 0.06058918935260191 0.07163891641220028 0.08268864347179865 0.09373837053139701 0.10478809759099539 0.11583782465059375 0.12688755171019211 0.12725617067123482 0.11620644361163487 0.10515671655203493 0.09410698949241615 0.08305726243281622 0.07200753537321627 0.06095780831361633 0.0499080812540164 0.03885835419441645 0.02780862713481652 0.016758900075216576 0.005709173015616631 0.0 0.0 0.0 0.0 0.0 0.0 0.0 0.0 0.0 0.0 0.0 0.0 0.21969072365620773 0.21969072365620773 0.21969072365620773 0.21969072365620773 0.21969072365620773 0.21969072365620773 0.21969072365620773 0.21969072365620773 0.21969072365620773 0.21969072365620773 0.21969072365620773 0.21969072365620773 0.21969072365620773 0.21969072365620773 0.21969072365620773
0.21969072365620773 0.21969072365620773 0.21969072365620773 0.21969072365620773 0.21969072365620773 0.21969072365620773 0.006054213203159867 0.018580517173067676 0.031106821142996843 0.04363312511290465 0.05615942908281246 0.06868573305272027 0.08121203702262808 0.09373834099253589 0.1062646449624437 0.11879094893235151 0.13131725290225932 0.14384355687216713 0.144261434447802 0.13173513047789243 0.11920882650798284 0.10668252253805188 0.0941562185681423 0.08162991459823271 0.06910361062832313 0.05657730665841354 0.044051002688503954 0.031524698718594354 0.018998394748684783 0.006472090778775197 0.0 0.0 0.0 0.0 0.0 0.0 0.0 0.0 0.0 0.0 0.0 0.0 0.21969072365620773 0.21969072365620773 0.21969072365620773 0.21969072365620773 0.21969072365620773 0.21969072365620773 0.21969072365620773 0.21969072365620773 0.21969072365620773 0.21969072365620773 0.21969072365620773 0.21969072365620773 0.21969072365620773 0.21969072365620773 0.21969072365620773
0.21969072365620773 0.21969072365620773 0.21969072365620773 0.21969072365620773 0.21969072365620773 0.21969072365620773 0.006767872351728509 0.020770753231945757 0.03477363411218688 0.04877651499240413 0.06277939587262138 0.07678227675283864 0.09078515763305588 0.10478803851327312 0.11879091939349037 0.13279380027370763 0.14679668115392486 0.1607995620341421 0.16126669822436923 0.14726381734414998 0.13326093646393075 0.11925805558368763 0.10525517470346839 0.09125229382324916 0.07724941294302992 0.06324653206281068 0.04924365118259144 0.035240770302372215 0.02123788942215296 0.007235008541933735 0.0 0.0 0.0 0.0 0.0 0.0 0.0 0.0 0.0 0.0 0.0 0.0 0.21969072365620773 0.21969072365620773 0.21969072365620773 0.21969072365620773 -9999.0 -9999.0 -9999.0 0.21969072365620773 0.21969072365620773 0.21969072365620773 0.21969072365620773 0.21969072365620773 0.21969072365620773 0.21969072365620773 0.21969072365620773
0.21969072365620773 0.21969072365620773 0.21969072365620773 0.21969072365620773 0.21969072365620773 0.21969072365620773 0.0074815315002971505 0.022960989290823835 0.03844044708137692 0.0539199048719036 0.0693993626624303 0.08487882045295697 0.10035827824348366 0.11583773603401035 0.13131719382453705 0.14679665161506372 0.1622761094055904 0.1777555671961171 0.17827196200093642 0.16279250421040753 0.14731304641987863 0.13183358862932337 0.11635413083879448 0.1008746730482656 0.0853952152577367 0.06991575746720782 0.05443629967667893 0.03895684188615006 0.023477384095621168 0.007997926305092273 0.0 0.0 0.0 0.0 0.0 0.0 0.0 0.0 0.0 0.0 0.0 0.0 0.21969072365620773 0.21969072365620773 0.21969072365620773 0.21969072365620773 -9999.0 -9999.0 -9999.0 -9999.0 0.21969072365620773 0.21969072365620773 -9999.0 0.21969072365620773 0.21969072365620773 0.21969072365620773 0.21969072365620773
0.21969072365620773 0.21969072365620773 0.21969072365620773 0.21969072365620773 0.21969072365620773 0.21969072365620773 0.008195190648866098 0.025151225349702853 0.04210726005056853 0.05906329475140528 0.07601932945224205 0.09297536415307879 0.10993139885391555 0.12688743355475232 0.14384346825558908 0.1607995029564258 0.17775553765726257 0.19471157235809933 0.19527722577751086 0.17832119107667171 0.16136515637583254 0.14440912167496445 0.12745308697412527 0.11049705227328613 0.09354101757244696 0.07658498287160778 0.059628948170768636 0.04267291346992946 0.02571687876909029 0.008760844068251145 0.0 0.0 0.0 0.0 0.0 0.0 0.0 0.0 0.0 0.0 0.0 0.0 0.21969072365620773 0.21969072365620773 0.21969072365620773 -9999.0 -9999.0 -9999.0 -9999.0 -9999.0 -9999.0 -9999.0 -9999.0 -9999.0 0.21969072365620773 0.21969072365620773 0.21969072365620773
0.21969072365620773 0.21969072365620773 0.21969072365620773 0.21969072365620773 0.21969072365620773 0.21969072365620773 0.21969072365620773 0.21969072365620773 0.21969072365620773 0.21969072365620773 0.21969072365620773 0.21969072365620773 0.21969072365620773 0.21969072365620773 0.21969072365620773 0.21969072365620773 0.21969072365620773 0.21969072365620773 0.21122238240086993 0.19288182050829344 0.17454125861571695 0.1562006967231092 0.13786013483053272 0.11951957293795623 0.10117901104537974 0.08283844915280325 0.06449788726022676 0.0461573253676503 0.027816763475073808 0.009476201582497318 0.21969072365620773 0.21969072365620773 0.21969072365620773 0.21969072365620773 0.21969072365620773 0.21969072365620773 0.21969072365620773 0.21969072365620773 0.21969072365620773 0.21969072365620773 0.21969072365620773 0.21969072365620773 0.21969072365620773 0.21969072365620773 0.21969072365620773 -9999.0 -9999.0 -9999.0 -9999.0 -9999.0 -9999.0 -9999.0 -9999.0 -9999.0 -9999.0 0.21969072365620773 0.21969072365620773
0.21969072365620773 0.21969072365620773 0.21969072365620773 0.21969072365620773 0.21969072365620773 0.21969072365620773 0.21969072365620773 0.21969072365620773 0.21969072365620773 0.21969072365620773 0.21969072365620773 0.21969072365620773 0.21969072365620773 0.21969072365620773 0.21969072365620773 0.21969072365620773 0.21969072365620773 0.21969072365620773 0.22603435129410152 0.2064076575572129 0.18678096382032428 0.16715427008340222 0.1475275763465136 0.127900882609625 0.10827418887273638 0.08864749513584777 0.06902080139895916 0.04939410766207056 0.02976741392518195 0.010140720188293345 0.21969072365620773 0.21969072365620773 0.21969072365620773 0.21969072365620773 0.21969072365620773 0.21969072365620773 0.21969072365620773 0.21969072365620773 0.21969072365620773 0.21969072365620773 0.21969072365620773 0.21969072365620773 0.21969072365620773 0.21969072365620773 0.21969072365620773 0.21969072365620773 -9999.0 -9999.0 -9999.0 -9999.0 -9999.0 -9999.0 -9999.0 -9999.0 -9999.0 0.21969072365620773 0.21969072365620773
0.21969072365620773 0.21969072365620773 0.21969072365620773 0.21969072365620773 0.21969072365620773 0.21969072365620773 0.21969072365620773 0.21969072365620773 0.21969072365620773 0.21969072365620773 0.21969072365620773 0.21969072365620773 0.21969072365620773 0.21969072365620773 0.21969072365620773 0.21969072365620773 0.21969072365620773 0.21969072365620773 0.24084632018733934 0.2199334946061381 0.1990206690249368 0.17810784344369987 0.1571950178624986 0.13628219228129732 0.11536936670009604 0.09445654111889476 0.07354371553769351 0.05263088995649223 0.031718064375290955 0.010805238794089678 0.21969072365620773 0.21969072365620773 0.21969072365620773 0.21969072365620773 0.21969072365620773 0.21969072365620773 0.21969072365620773 0.21969072365620773 0.21969072365620773 0.21969072365620773 0.21969072365620773 0.21969072365620773 0.21969072365620773 0.21969072365620773 0.21969072365620773 0.21969072365620773 -9999.0 -9999.0 -9999.0 -9999.0 -9999.0 -9999.0 -9999.0 -9999.0 -9999.0 -9999.0 0.21969072365620773
0.21969072365620773 0.21969072365620773 0.21969072365620773 0.21969072365620773 0.21969072365620773 0.21969072365620773 0.21969072365620773 0.21969072365620773 0.21969072365620773 0.21969072365620773 0.21969072365620773 0.21969072365620773 0.21969072365620773 0.21969072365620773 0.21969072365620773 0.21969072365620773 0.21969072365620773 0.21969072365620773 0.255658289080571 0.23345933165505756 0.21126037422954416 0.1890614168039929 0.16686245937847952 0.14466350195296612 0.12246454452745273 0.10026558710193931 0.07806662967642591 0.05586767225091252 0.033668714825399126 0.011469757399885705 0.21969072365620773 0.21969072365620773 0.21969072365620773 0.21969072365620773 0.21969072365620773 0.21969072365620773 0.21969072365620773 0.21969072365620773 0.21969072365620773 0.21969072365620773 0.21969072365620773 0.21969072365620773 0.21969072365620773 0.21969072365620773 0.21969072365620773 0.21969072365620773 -9999.0 -9999.0 -9999.0 -9999.0 -9999.0 -9999.0 -9999.0 -9999.0 -9999.0 -9999.0 -9999.0
-9999.0 0.21969072365620773 0.21969072365620773 0.21969072365620773 0.21969072365620773 0.21969072365620773 0.21969072365620773 0.21969072365620773 0.21969072365620773 0.21969072365620773 0.21969072365620773 0.21969072365620773 0.21969072365620773 0.21969072365620773 0.21969072365620773 0.21969072365620773 0.21969072365620773 0.21969072365620773 0.2704702579738025 0.24698516870397696 0.22350007943415146 0.20001499016428587 0.17652990089446036 0.15304481162463485 0.12955972235480934 0.1060746330849838 0.08258954381515829 0.05910445454533278 0.03561936527550727 0.012134276005681732 0.21969072365620773 0.21969072365620773 0.21969072365620773 0.21969072365620773 0.21969072365620773 0.21969072365620773 0.21969072365620773 0.21969072365620773 0.21969072365620773 0.21969072365620773 0.21969072365620773 0.21969072365620773 0.21969072365620773 0.21969072365620773 0.21969072365620773 0.21969072365620773 -9999.0 -9999.0 -9999.0 -9999.0 -9999.0 -9999.0 -9999.0 -9999.0 -9999.0 -9999.0 -9999.0
-9999.0 -9999.0 0.21969072365620773 0.21969072365620773 0.21969072365620773 0.21969072365620773 0.21969072365620773 0.21969072365620773 0.21969072365620773 0.21969072365620773 0.21969072365620773 0.21969072365620773 0.21969072365620773 0.21969072365620773 0.21969072365620773 0.21969072365620773 0.21969072365620773 0.21969072365620773 0.28528222686704036 0.2605110057529022 0.235739784638764 0.21096856352458357 0.1861973424104454 0.16142612129630718 0.136654900182169 0.11188367906803082 0.08711245795389261 0.06234123683975443 0.037570015725616246 0.012798794611478037 0.21969072365620773 0.21969072365620773 0.21969072365620773 0.21969072365620773 0.21969072365620773 0.21969072365620773 0.21969072365620773 0.21969072365620773 0.21969072365620773 0.21969072365620773 0.21969072365620773 0.21969072365620773 0.21969072365620773 0.21969072365620773 0.21969072365620773 0.21969072365620773 -9999.0 -9999.0 -9999.0 -9999.0 -9999.0 -9999.0 -9999.0 -9999.0 -9999.0 -9999.0 -9999.0
-9999.0 -9999.0 -9999.0 -9999.0 -9999.0 0.21969072365620773 0.21969072365620773 0.21969072365620773 0.21969072365620773 0.21969072365620773 0.21969072365620773 0.21969072365620773 0.21969072365620773 0.21969072365620773 0.21969072365620773 0.21969072365620773 0.21969072365620773 0.21969072365620773 0.30009419576027196 0.2740368428018216 0.24797948984337131 0.22192213688487655 0.19586478392642626 0.16980743096797596 0.14375007800952563 0.11769272505107531 0.09163537209262501 0.06557801913417469 0.03952066617572436 0.013463313217274064 0.21969072365620773 0.21969072365620773 0.21969072365620773 0.21969072365620773 0.21969072365620773 0.21969072365620773 0.21969072365620773 0.21969072365620773 0.21969072365620773 0.21969072365620773 0.21969072365620773 0.21969072365620773 0.21969072365620773 0.21969072365620773 0.21969072365620773 -9999.0 -9999.0 -9999.0 -9999.0 -9999.0 -9999.0 -9999.0 -9999.0 -9999.0 -9999.0 -9999.0 -9999.0
-9999.0 -9999.0 -9999.0 -9999.0 -9999.0 0.21969072365620773 0.21969072365620773 0.21969072365620773 0.21969072365620773 0.21969072365620773 0.21969072365620773 0.21969072365620773 0.21969072365620773 0.21969072365620773 0.21969072365620773 0.21969072365620773 0.21969072365620773 0.21969072365620773 0.3149061646535035 0.2875626798507411 0.26021919504797864 0.23287571024516956 0.20553222544240712 0.1781887406396447 0.15084525583688227 0.12350177103411983 0.09615828623135741 0.06881480142859497 0.04147131662583253 0.014127831823070092 0.21969072365620773 0.21969072365620773 0.21969072365620773 0.21969072365620773 0.21969072365620773 0.21969072365620773 0.21969072365620773 0.21969072365620773 0.21969072365620773 0.21969072365620773 0.21969072365620773 0.21969072365620773 0.21969072365620773 0.21969072365620773 0.21969072365620773 -9999.0 -9999.0 -9999.0 -9999.0 -9999.0 -9999.0 -9999.0 -9999.0 -9999.0 -9999.0 -9999.0 -9999.0
-9999.0 -9999.0 -9999.0 -9999.0 -9999.0 -9999.0 -9999.0 0.21969072365620773 0.21969072365620773 0.21969072365620773 0.21969072365620773 0.21969072365620773 0.21969072365620773 0.21969072365620773 0.21969072365620773 0.21969072365620773 0.21969072365620773 0.21969072365620773 0.32971813354674134 0.30108851689966626 0.2724589002525911 0.2438292836054672 0.21519966695839213 0.18657005031131702 0.1579404336642419 0.12931081701716682 0.1006812003700917 0.07205158372301662 0.04342196707594148 0.014792350428866397 0.21969072365620773 0.21969072365620773 0.21969072365620773 0.21969072365620773 0.21969072365620773 0.21969072365620773 0.21969072365620773 0.21969072365620773 0.21969072365620773 0.21969072365620773 0.21969072365620773 0.21969072365620773 0.21969072365620773 0.21969072365620773 0.21969072365620773 -9999.0 -9999.0 -9999.0 -9999.0 -9999.0 -9999.0 -9999.0 -9999.0 -9999.0 -9999.0 -9999.0 -9999.0
-9999.0 -9999.0 -9999.0 -9999.0 -9999.0 -9999.0 -9999.0 -9999.0 -9999.0 0.21969072365620773 -9999.0 0.21969072365620773 0.21969072365620773 0.21969072365620773 0.21969072365620773 0.21969072365620773 0.21969072365620773 0.21969072365620773 0.3445301024399729 0.31461435394858567 0.2846986054571985 0.2547828569657602 0.224867108474373 0.19495135998298577 0.16503561149159854 0.13511986300021134 0.10520411450882411 0.07528836601743688 0.04537261752604965 0.015456869034662424 0.21969072365620773 0.21969072365620773 0.21969072365620773 0.21969072365620773 0.21969072365620773 0.21969072365620773 0.21969072365620773 0.21969072365620773 0.21969072365620773 0.21969072365620773 0.21969072365620773 0.21969072365620773 0.21969072365620773 0.21969072365620773 -9999.0 -9999.0 -9999.0 -9999.0 -9999.0 -9999.0 -9999.0 -9999.0 -9999.0 -9999.0 -9999.0 -9999.0 -9999.0
-9999.0 -9999.0 -9999.0 -9999.0 -9999.0 -9999.0 -9999.0 -9999.0 -9999.0 -9999.0 -9999.0 -9999.0 -9999.0 0.21969072365620773 0.21969072365620773 0.21969072365620773 0.21969072365620773 0.21969072365620773 0.35934207133320445 0.32814019099750513 0.29693831066180576 0.2657364303260532 0.2345345499903539 0.20333266965465455 0.17213078931895517 0.14092890898325583 0.10972702864755651 0.07852514831185714 0.04732326797615782 0.01612138764045845 0.21969072365620773 0.21969072365620773 0.21969072365620773 0.21969072365620773 0.21969072365620773 0.21969072365620773 0.21969072365620773 0.21969072365620773 0.21969072365620773 0.21969072365620773 0.21969072365620773 0.21969072365620773 0.21969072365620773 -9999.0 -9999.0 -9999.0 -9999.0 -9999.0 -9999.0 -9999.0 -9999.0 -9999.0 -9999.0 -9999.0 -9999.0 -9999.0 -9999.0
-9999.0 -9999.0 -9999.0 -9999.0 -9999.0 -9999.0 -9999.0 -9999.0 -9999.0 -9999.0 -9999.0 -9999.0 -9999.0 0.21969072365620773 0.21969072365620773 0.21969072365620773 0.21969072365620773 0.21969072365620773 0.37415404022643606 0.34166602804642454 0.3091780158664131 0.2766900036863462 0.24420199150633476 0.2117139793263233 0.17922596714631184 0.14673795496630035 0.11424994278628892 0.0817619306062774 0.04927391842626594 0.01678590624625448 0.21969072365620773 0.21969072365620773 0.21969072365620773 0.21969072365620773 0.21969072365620773 0.21969072365620773 0.21969072365620773 0.21969072365620773 0.21969072365620773 -9999.0 -9999.0 -9999.0 -9999.0 -9999.0 -9999.0 -9999.0 -9999.0 -9999.0 -9999.0 -9999.0 -9999.0 -9999.0 -9999.0 -9999.0 -9999.0 -9999.0 -9999.0
-9999.0 -9999.0 -9999.0 -9999.0 -9999.0 -9999.0 -9999.0 -9999.0 -9999.0 -9999.0 -9999.0 -9999.0 -9999.0 -9999.0 0.21969072365620773 0.21969072365620773 0.21969072365620773 0.21969072365620773 0.21969072365620773 0.21969072365620773 0.21969072365620773 0.21969072365620773 0.21969072365620773 0.21969072365620773 0.21969072365620773 0.21969072365620773 0.21969072365620773 0.21969072365620773 0.21969072365620773 0.21969072365620773 0.21969072365620773 0.21969072365620773 0.21969072365620773 0.21969072365620773 0.21969072365620773 0.21969072365620773 0.21969072365620773 0.21969072365620773 0.21969072365620773 -9999.0 -9999.0 -9999.0 -9999.0 -9999.0 -9999.0 -9999.0 -9999.0 -9999.0 -9999.0 -9999.0 -9999.0 -9999.0 -9999.0 -9999.0 -9999.0 -9999.0 -9999.0
-9999.0 -9999.0 -9999.0 -9999.0 -9999.0 -9999.0 -9999.0 -9999.0 -9999.0 -9999.0 -9999.0 -9999.0 -9999.0 -9999.0 -9999.0 0.21969072365620773 0.21969072365620773 0.21969072365620773 0.21969072365620773 0.21969072365620773 0.21969072365620773 0.21969072365620773 0.21969072365620773 0.21969072365620773 0.21969072365620773 0.21969072365620773 0.21969072365620773 0.21969072365620773 0.21969072365620773 0.21969072365620773 0.21969072365620773 0.21969072365620773 0.21969072365620773 0.21969072365620773 0.21969072365620773 -9999.0 0.21969072365620773 -9999.0 -9999.0 -9999.0 -9999.0 -9999.0 -9999.0 -9999.0 -9999.0 -9999.0 -9999.0 -9999.0 -9999.0 -9999.0 -9999.0 -9999.0 -9999.0 -9999.0 -9999.0 -9999.0 -9999.0
-9999.0 -9999.0 -9999.0 -9999.0 -9999.0 -9999.0 -9999.0 -9999.0 -9999.0 -9999.0 -9999.0 -9999.0 -9999.0 -9999.0 -9999.0 -9999.0 0.21969072365620773 0.21969072365620773 0.21969072365620773 0.21969072365620773 0.21969072365620773 0.21969072365620773 0.21969072365620773 0.21969072365620773 0.21969072365620773 0.21969072365620773 0.21969072365620773 0.21969072365620773 0.21969072365620773 0.21969072365620773 0.21969072365620773 0.21969072365620773 0.21969072365620773 0.21969072365620773 0.21969072365620773 -9999.0 -9999.0 -9999.0 -9999.0 -9999.0 -9999.0 -9999.0 -9999.0 -9999.0 -9999.0 -9999.0 -9999.0 -9999.0 -9999.0 -9999.0 -9999.0 -9999.0 -9999.0 -9999.0 -9999.0 -9999.0 -9999.0
-9999.0 -9999.0 -9999.0 -9999.0 -9999.0 -9999.0 -9999.0 -9999.0 -9999.0 -9999.0 -9999.0 -9999.0 -9999.0 -9999.0 -9999.0 -9999.0 0.21969072365620773 0.21969072365620773 0.21969072365620773 0.21969072365620773 0.21969072365620773 0.21969072365620773 0.21969072365620773 0.21969072365620773 0.21969072365620773 0.21969072365620773 0.21969072365620773 0.21969072365620773 0.21969072365620773 0.21969072365620773 -9999.0 -9999.0 -9999.0 -9999.0 -9999.0 -9999.0 -9999.0 -9999.0 -9999.0 -9999.0 -9999.0 -9999.0 -9999.0 -9999.0 -9999.0 -9999.0 -9999.0 -9999.0 -9999.0 -9999.0 -9999.0 -9999.0 -9999.0 -9999.0 -9999.0 -9999.0 -9999.0
-9999.0 -9999.0 -9999.0 -9999.0 -9999.0 -9999.0 -9999.0 -9999.0 -9999.0 -9999.0 -9999.0 -9999.0 -9999.0 -9999.0 -9999.0 -9999.0 -9999.0 -9999.0 0.21969072365620773 0.21969072365620773 0.21969072365620773 0.21969072365620773 0.21969072365620773 0.21969072365620773 0.21969072365620773 0.21969072365620773 0.21969072365620773 0.21969072365620773 0.21969072365620773 0.21969072365620773 -9999.0 -9999.0 -9999.0 -9999.0 -9999.0 -9999.0 -9999.0 -9999.0 -9999.0 -9999.0 -9999.0 -9999.0 -9999.0 -9999.0 -9999.0 -9999.0 -9999.0 -9999.0 -9999.0 -9999.0 -9999.0 -9999.0 -9999.0 -9999.0 -9999.0 -9999.0 -9999.0
-9999.0 -9999.0 -9999.0 -9999.0 -9999.0 -9999.0 -9999.0 -9999.0 -9999.0 -9999.0 -9999.0 -9999.0 -9999.0 -9999.0 -9999.0 -9999.0 -9999.0 -9999.0 -9999.0 -9999.0 -9999.0 0.21969072365620773 0.21969072365620773 0.21969072365620773 0.21969072365620773 0.21969072365620773 0.21969072365620773 0.21969072365620773 0.21969072365620773 -9999.0 -9999.0 -9999.0 -9999.0 -9999.0 -9999.0 -9999.0 -9999.0 -9999.0 -9999.0 -9999.0 -9999.0 -9999.0 -9999.0 -9999.0 -9999.0 -9999.0 -9999.0 -9999.0 -9999.0 -9999.0 -9999.0 -9999.0 -9999.0 -9999.0 -9999.0 -9999.0 -9999.0
-9999.0 -9999.0 -9999.0 -9999.0 -9999.0 -9999.0 -9999.0 -9999.0 -9999.0 -9999.0 -9999.0 -9999.0 -9999.0 -9999.0 -9999.0 -9999.0 -9999.0 -9999.0 -9999.0 -9999.0 -9999.0 -9999.0 0.21969072365620773 0.21969072365620773 0.21969072365620773 0.21969072365620773 0.21969072365620773 0.21969072365620773 -9999.0 -9999.0 -9999.0 -9999.0 -9999.0 -9999.0 -9999.0 -9999.0 -9999.0 -9999.0 -9999.0 -9999.0 -9999.0 -9999.0 -9999.0 -9999.0 -9999.0 -9999.0 -9999.0 -9999.0 -9999.0 -9999.0 -9999.0 -9999.0 -9999.0 -9999.0 -9999.0 -9999.0 -9999.0
-9999.0 -9999.0 -9999.0 -9999.0 -9999.0 -9999.0 -9999.0 -9999.0 -9999.0 -9999.0 -9999.0 -9999.0 -9999.0 -9999.0 -9999.0 -9999.0 -9999.0 -9999.0 -9999.0 -9999.0 -9999.0 -9999.0 -9999.0 0.21969072365620773 0.21969072365620773 0.21969072365620773 0.21969072365620773 -9999.0 -9999.0 -9999.0 -9999.0 -9999.0 -9999.0 -9999.0 -9999.0 -9999.0 -9999.0 -9999.0 -9999.0 -9999.0 -9999.0 -9999.0 -9999.0 -9999.0 -9999.0 -9999.0 -9999.0 -9999.0 -9999.0 -9999.0 -9999.0 -9999.0 -9999.0 -9999.0 -9999.0 -9999.0 -9999.0
