Figures/CREST_Example_wjb_NSE/Rolling_result/20100722/BJP_forecast/ens_45/wjb.rain.20100724.asc
ncols            288
nrows            254
xllcorner        113.274861
yllcorner        31.4918055
cellsize         0.008333333333
NODATA_value     -9999
[rows 228 to 246 of 254, columns 129 to 171 of 288]
0.47449309086966523 0.47449309086966523 0.47449309086966523 0.47449309086966523 0.47449309086966523 0.47449309086966523 0.14382361075229902 0.13133532327024308 0.11884703578818716 0.10635874830613123 0.0938704608240753 0.08138217334201937 0.06889388585996345 0.056405598377907526 0.0439173108958303 0.031429023413774376 0.01894073593171844 0.006452448449662529 0.0 0.0 0.0 0.0 0.0 0.0 0.0 0.0 0.0 0.0 0.0 0.0 0.0 0.0 0.0 0.0 0.0 0.0 0.0 0.0 0.0 0.0 0.0 0.0 0.0
0.47449309086966523 0.47449309086966523 0.47449309086966523 0.47449309086966523 0.47449309086966523 0.47449309086966523 0.15324442176317765 0.13993811980072743 0.12663181783827723 0.11332551587582704 0.10001921391337684 0.08671291195092663 0.07340660998847644 0.06010030802602624 0.04679400606355334 0.03348770410110313 0.020181402138652937 0.006875100176202742 0.0 0.0 0.0 0.0 0.0 0.0 0.0 0.0 0.0 0.0 0.0 0.0 0.47449309086966523 0.47449309086966523 0.47449309086966523 0.47449309086966523 0.47449309086966523 0.47449309086966523 0.47449309086966523 0.47449309086966523 0.47449309086966523 0.47449309086966523 0.47449309086966523 0.47449309086966523 0.47449309086966523
0.47449309086966523 0.47449309086966523 0.47449309086966523 0.47449309086966523 0.47449309086966523 0.47449309086966523 0.1593475365492617 0.1455112975925591 0.13167505863585646 0.11783881967915383 0.10400258072245122 0.09016634176574859 0.07633010280904597 0.06249386385234333 0.04865762489561712 0.034821385938914484 0.02098514698221185 0.007148908025509243 0.0 0.0 0.0 0.0 0.0 0.0 0.0 0.0 0.0 0.0 0.0 0.0 0.47449309086966523 0.47449309086966523 0.47449309086966523 0.47449309086966523 0.47449309086966523 0.47449309086966523 0.47449309086966523 0.47449309086966523 0.47449309086966523 0.47449309086966523 0.47449309086966523 0.47449309086966523 0.47449309086966523
0.47449309086966523 0.47449309086966523 0.47449309086966523 0.47449309086966523 0.47449309086966523 0.47449309086966523 0.1654506513353432 0.15108447538438838 0.13671829943343355 0.12235212348247873 0.1079859475315239 0.09361977158056907 0.07925359562961425 0.06488741967865942 0.05052124372768009 0.03615506777672525 0.02178889182577043 0.007422715874815605 0.0 0.0 0.0 0.0 0.0 0.0 0.0 0.0 0.0 0.0 0.0 0.0 0.47449309086966523 0.47449309086966523 0.47449309086966523 0.47449309086966523 0.47449309086966523 0.47449309086966523 0.47449309086966523 0.47449309086966523 0.47449309086966523 0.47449309086966523 0.47449309086966523 0.47449309086966523 0.47449309086966523
0.47449309086966523 0.47449309086966523 0.47449309086966523 0.47449309086966523 0.47449309086966523 0.47449309086966523 0.1715537661214247 0.15665765317621766 0.14176154023101065 0.1268654272858036 0.11196931434059658 0.09707320139538955 0.08217708845018253 0.0672809755049755 0.05238486255974306 0.03748874961453605 0.022592636669329008 0.007696523724121995 0.0 0.0 0.0 0.0 0.0 0.0 0.0 0.0 0.0 0.0 0.0 0.0 0.47449309086966523 0.47449309086966523 0.47449309086966523 0.47449309086966523 0.47449309086966523 0.47449309086966523 0.47449309086966523 0.47449309086966523 0.47449309086966523 0.47449309086966523 0.47449309086966523 0.47449309086966523 0.47449309086966523
0.47449309086966523 0.47449309086966523 0.47449309086966523 0.47449309086966523 0.47449309086966523 0.47449309086966523 0.17765688090750878 0.16223083096804933 0.14680478102858988 0.13137873108913042 0.11595268114967096 0.1005266312102115 0.08510058127075205 0.0696745313312926 0.05424848139180685 0.0388224314523474 0.02339638151288792 0.007970331573428469 0.0 0.0 0.0 0.0 0.0 0.0 0.0 0.0 0.0 0.0 0.0 0.0 0.47449309086966523 0.47449309086966523 0.47449309086966523 0.47449309086966523 0.47449309086966523 0.47449309086966523 0.47449309086966523 0.47449309086966523 0.47449309086966523 0.47449309086966523 0.47449309086966523 0.47449309086966523 0.47449309086966523
0.47449309086966523 0.47449309086966523 0.47449309086966523 0.47449309086966523 0.47449309086966523 0.47449309086966523 0.18375999569359025 0.16780400875987858 0.15184802182616694 0.13589203489245527 0.11993604795874363 0.10398006102503198 0.08802407409132032 0.07206808715760867 0.05611210022386981 0.04015611329015814 0.0242001263564465 0.008244139422734859 0.0 0.0 0.0 0.0 0.0 0.0 0.0 0.0 0.0 0.0 0.0 0.0 0.47449309086966523 0.47449309086966523 0.47449309086966523 0.47449309086966523 0.47449309086966523 0.47449309086966523 0.47449309086966523 0.47449309086966523 0.47449309086966523 0.47449309086966523 0.47449309086966523 0.47449309086966523 0.47449309086966523
0.47449309086966523 0.47449309086966523 0.47449309086966523 0.47449309086966523 0.47449309086966523 0.47449309086966523 0.18986311047967172 0.1733771865517079 0.15689126262374403 0.14040533869578017 0.12391941476781632 0.10743349083985246 0.09094756691188861 0.07446164298392476 0.057975719055932795 0.04148979512796894 0.02500387120000508 0.00851794727204122 0.0 0.0 0.0 0.0 0.0 0.0 0.0 0.0 0.0 0.0 0.0 0.0 0.47449309086966523 0.47449309086966523 0.47449309086966523 0.47449309086966523 0.47449309086966523 0.47449309086966523 0.47449309086966523 0.47449309086966523 0.47449309086966523 0.47449309086966523 0.47449309086966523 0.47449309086966523 0.47449309086966523
0.47449309086966523 0.47449309086966523 0.47449309086966523 0.47449309086966523 0.47449309086966523 0.47449309086966523 0.19596622526575583 0.17895036434353956 0.16193450342132326 0.144918642499107 0.12790278157689072 0.11088692065467443 0.09387105973245814 0.07685519881024186 0.05983933788799656 0.04282347696578026 0.02580761604356399 0.008791755121347694 0.0 0.0 0.0 0.0 0.0 0.0 0.0 0.0 0.0 0.0 0.0 0.0 0.47449309086966523 0.47449309086966523 0.47449309086966523 0.47449309086966523 0.47449309086966523 0.47449309086966523 0.47449309086966523 -9999.0 -9999.0 -9999.0 -9999.0 -9999.0 0.47449309086966523
0.47449309086966523 0.47449309086966523 0.47449309086966523 0.47449309086966523 0.47449309086966523 0.47449309086966523 0.2020693400518373 0.1845235421353688 0.16697774421890033 0.14943194630243187 0.13188614838596338 0.1143403504694949 0.09679455255302642 0.07924875463655792 0.06170295672005954 0.04415715880359106 0.02661136088712257 0.009065562970654084 0.0 0.0 0.0 0.0 0.0 0.0 0.0 0.0 0.0 0.0 0.0 0.0 0.47449309086966523 0.47449309086966523 0.47449309086966523 0.47449309086966523 0.47449309086966523 0.47449309086966523 -9999.0 -9999.0 -9999.0 -9999.0 -9999.0 -9999.0 0.47449309086966523
0.47449309086966523 0.47449309086966523 0.47449309086966523 0.47449309086966523 0.47449309086966523 0.47449309086966523 0.2081724548379188 0.19009671992719812 0.17202098501647745 0.15394525010575674 0.13586951519503607 0.11779378028431538 0.0997180453735947 0.08164231046287401 0.0635665755521225 0.045490840641401825 0.02741510573068115 0.009339370819960474 0.0 0.0 0.0 0.0 0.0 0.0 0.0 0.0 0.0 0.0 0.0 0.0 0.47449309086966523 0.47449309086966523 0.47449309086966523 0.47449309086966523 0.47449309086966523 -9999.0 -9999.0 -9999.0 -9999.0 -9999.0 -9999.0 -9999.0 -9999.0
0.47449309086966523 0.47449309086966523 0.47449309086966523 0.47449309086966523 0.47449309086966523 0.47449309086966523 0.21427556962400288 0.19566989771902976 0.17706422581405665 0.15845855390908353 0.13985288200411045 0.12124721009913732 0.10264153819416422 0.0840358662891911 0.06543019438418626 0.04682452247921315 0.028218850574240062 0.009613178669266947 0.0 0.0 0.0 0.0 0.0 0.0 0.0 0.0 0.0 0.0 0.0 0.0 0.47449309086966523 0.47449309086966523 0.47449309086966523 0.47449309086966523 -9999.0 -9999.0 -9999.0 -9999.0 -9999.0 -9999.0 -9999.0 -9999.0 -9999.0
0.47449309086966523 0.47449309086966523 0.47449309086966523 0.47449309086966523 0.47449309086966523 0.47449309086966523 0.22037868441008437 0.20124307551085904 0.18210746661163374 0.16297185771240844 0.14383624881318313 0.12470063991395781 0.1055650310147325 0.08642942211550719 0.06729381321624925 0.048158204317023945 0.029022595417798613 0.00988698651857331 0.0 0.0 0.0 0.0 0.0 0.0 0.0 0.0 0.0 0.0 0.0 0.0 0.47449309086966523 0.47449309086966523 0.47449309086966523 -9999.0 -9999.0 -9999.0 -9999.0 -9999.0 -9999.0 -9999.0 -9999.0 -9999.0 -9999.0
-9999.0 0.47449309086966523 0.47449309086966523 0.47449309086966523 0.47449309086966523 0.47449309086966523 0.47449309086966523 0.47449309086966523 0.47449309086966523 0.47449309086966523 0.47449309086966523 0.47449309086966523 0.47449309086966523 0.47449309086966523 0.47449309086966523 0.47449309086966523 0.47449309086966523 0.47449309086966523 0.47449309086966523 -9999.0 0.47449309086966523 0.47449309086966523 0.47449309086966523 0.47449309086966523 0.47449309086966523 0.47449309086966523 0.47449309086966523 0.47449309086966523 0.47449309086966523 0.47449309086966523 0.47449309086966523 0.47449309086966523 -9999.0 -9999.0 -9999.0 -9999.0 -9999.0 -9999.0 -9999.0 -9999.0 -9999.0 -9999.0 -9999.0
-9999.0 -9999.0 -9999.0 0.47449309086966523 0.47449309086966523 0.47449309086966523 0.47449309086966523 0.47449309086966523 0.47449309086966523 0.47449309086966523 0.47449309086966523 0.47449309086966523 0.47449309086966523 0.47449309086966523 0.47449309086966523 0.47449309086966523 -9999.0 -9999.0 -9999.0 -9999.0 -9999.0 -9999.0 -9999.0 0.47449309086966523 0.47449309086966523 0.47449309086966523 0.47449309086966523 0.47449309086966523 0.47449309086966523 0.47449309086966523 0.47449309086966523 0.47449309086966523 -9999.0 -9999.0 -9999.0 -9999.0 -9999.0 -9999.0 -9999.0 -9999.0 -9999.0 -9999.0 -9999.0
-9999.0 -9999.0 -9999.0 0.47449309086966523 0.47449309086966523 0.47449309086966523 0.47449309086966523 0.47449309086966523 0.47449309086966523 0.47449309086966523 0.47449309086966523 0.47449309086966523 0.47449309086966523 0.47449309086966523 0.47449309086966523 0.47449309086966523 -9999.0 -9999.0 -9999.0 -9999.0 -9999.0 -9999.0 -9999.0 -9999.0 0.47449309086966523 0.47449309086966523 0.47449309086966523 0.47449309086966523 0.47449309086966523 0.47449309086966523 0.47449309086966523 0.47449309086966523 -9999.0 -9999.0 -9999.0 -9999.0 -9999.0 -9999.0 -9999.0 -9999.0 -9999.0 -9999.0 -9999.0
-9999.0 -9999.0 -9999.0 -9999.0 -9999.0 0.47449309086966523 0.47449309086966523 0.47449309086966523 0.47449309086966523 0.47449309086966523 0.47449309086966523 0.47449309086966523 0.47449309086966523 0.47449309086966523 -9999.0 -9999.0 -9999.0 -9999.0 -9999.0 -9999.0 -9999.0 -9999.0 -9999.0 -9999.0 0.47449309086966523 0.47449309086966523 0.47449309086966523 0.47449309086966523 0.47449309086966523 0.47449309086966523 0.47449309086966523 -9999.0 -9999.0 -9999.0 -9999.0 -9999.0 -9999.0 -9999.0 -9999.0 -9999.0 -9999.0 -9999.0 -9999.0
-9999.0 -9999.0 -9999.0 -9999.0 -9999.0 -9999.0 0.47449309086966523 0.47449309086966523 0.47449309086966523 0.47449309086966523 0.47449309086966523 0.47449309086966523 0.47449309086966523 0.47449309086966523 -9999.0 -9999.0 -9999.0 -9999.0 -9999.0 -9999.0 -9999.0 -9999.0 -9999.0 -9999.0 -9999.0 0.47449309086966523 0.47449309086966523 0.47449309086966523 0.47449309086966523 -9999.0 0.47449309086966523 -9999.0 -9999.0 -9999.0 -9999.0 -9999.0 -9999.0 -9999.0 -9999.0 -9999.0 -9999.0 -9999.0 -9999.0
-9999.0 -9999.0 -9999.0 -9999.0 -9999.0 -9999.0 -9999.0 0.47449309086966523 0.47449309086966523 0.47449309086966523 0.47449309086966523 0.47449309086966523 0.47449309086966523 -9999.0 -9999.0 -9999.0 -9999.0 -9999.0 -9999.0 -9999.0 -9999.0 -9999.0 -9999.0 -9999.0 -9999.0 -9999.0 -9999.0 -9999.0 -9999.0 -9999.0 -9999.0 -9999.0 -9999.0 -9999.0 -9999.0 -9999.0 -9999.0 -9999.0 -9999.0 -9999.0 -9999.0 -9999.0 -9999.0
