Figures/CREST_Example_wjb_NSE/Rolling_result/20100722/BJP_forecast/ens_45/wjb.rain.20100726.asc
ncols            288
nrows            254
xllcorner        113.274861
yllcorner        31.4918055
cellsize         0.008333333333
NODATA_value     -9999
[rows 176 to 197 of 254, columns 102 to 152 of 288]
0.0 0.0 0.0 0.0 0.0 0.0 0.0 0.0 0.0 0.0 0.0 0.0 0.0 0.0 0.0 0.0 0.0 0.0 0.0 0.0 0.0 0.0074531007844950425 0.022873734857917688 0.038294368931340333 0.05371500300476297 0.06913563707818562 0.08455627115160827 0.0999769052250309 0.11539753929847985 0.1308181733719025 0.14623880744532514 0.16165944151874778 0.17708007559217043 0.17759450811143335 0.1621738740380085 0.14675323996458367 0.13133260589115883 0.11591197181773401 0.10049133774430917 0.08507070367088433 0.06965006959745951 0.05422943552400836 0.03880880145058355 0.02338816737715871 0.00796753330373387 0.0 0.0 0.0 0.0 0.0 0.0
0.0 0.0 0.0 0.0 0.0 0.0 0.0 0.0 0.0 0.0 0.0 0.0 0.0 0.0 0.0 0.0 0.0 0.0 0.0 0.0 0.0 0.005802965332786935 0.017809431839160277 0.029815898345533616 0.041822364851906955 0.053828831358280295 0.06583529786465364 0.07784176437102698 0.08984823087742079 0.10185469738379413 0.11386116389016747 0.1258676303965408 0.13787409690291416 0.1382746327552605 0.12626816624888546 0.11426169974251041 0.10225523323613536 0.09024876672976032 0.07824230022338527 0.06623583371701022 0.054229367210635177 0.04222290070423966 0.030216434197864614 0.018209967691489554 0.006203501185114507 0.0 0.0 0.0 0.0 0.0 0.0
0.0 0.0 0.0 0.0 0.0 0.0 0.0 0.0 0.0 0.0 0.0 0.0 0.0 0.0 0.0 0.0 0.0 0.0 0.0 0.0 0.0 0.004152829881078828 0.012745128820402862 0.021337427759726895 0.029929726699050932 0.038522025638374965 0.047114324577699 0.05570662351702303 0.06429892245636172 0.07289122139568575 0.08148352033500979 0.09007581927433382 0.09866811821365785 0.09895475739908764 0.09036245845976239 0.08177015952043713 0.07317786058111188 0.06458556164178662 0.05599326270246137 0.047400963763136114 0.03880866482381086 0.03021636588447095 0.021624066945145695 0.01303176800582044 0.004439469066495186 0.0 0.0 0.0 0.0 0.0 0.0
0.0 0.0 0.0 0.0 0.0 0.0 0.0 0.0 0.0 0.0 0.0 0.0 0.0 0.0 0.0 0.0 0.0 0.0 0.0 0.0 0.0 0.0025026944293707206 0.00768082580164545 0.01285895717392018 0.01803708854619491 0.02321521991846964 0.028393351290744367 0.0335714826630191 0.03874961403530266 0.043927745407577386 0.04910587677985211 0.05428400815212685 0.059462139524401575 0.05963488204291478 0.05445675067063932 0.04927861929836386 0.04410048792608839 0.038922356553812924 0.033744225181537454 0.02856609380926199 0.02338796243698653 0.018209831064702232 0.013031699692426763 0.0078535683201513 0.0026754369478758297 0.0 0.0 0.0 0.0 0.0 0.0
0.0 0.0 0.0 0.0 0.0 0.0 0.0 0.0 0.0 0.0 0.0 0.0 0.0 0.0 0.0 0.0 0.0 0.0 0.0 0.0 0.0 0.0008525589776626134 0.002616522782888038 0.004380486588113463 0.006144450393338888 0.007908414198564312 0.009672378003789736 0.011436341809015161 0.013200305614243594 0.014964269419469017 0.016728233224694442 0.018492197029919867 0.020256160835145292 0.020315006686741934 0.01855104288151626 0.01678707907629058 0.015023115271064907 0.013259151465839232 0.011495187660613557 0.009731223855387881 0.007967260050162206 0.006203296244933524 0.004439332439707847 0.0026753686344821725 0.0009114048292564979 0.0 0.0 0.0 0.0 0.0 0.0
0.0015387424420133403 0.0019804883751353836 0.00242223430825818 0.0028639802413802234 0.0033057261745022665 0.00374747210762431 0.004189218040746353 0.004630963973868397 0.005072709906990439 0.005281439858324808 0.005241070455998862 0.005200701053672917 0.005160331651346972 0.0051199622490210265 0.005079592846695081 0.0050392234443690665 0.004998854042043121 0.004958484639717176 0.004918115237391231 0.004877745835065285 0.004837376432739339 0.0046225250668574 0.004221148536061297 0.0038197720052651936 0.00341839547446909 0.0030170189436729868 0.002615642412876883 0.0022142658820807795 0.0018128893512839917 0.0014115128204878879 0.0010101362896917845 0.0006087597588956811 0.00020738322809957764 0.0 0.0 0.0 0.0 0.0 0.0 0.0 0.0 0.0 0.0 0.0 0.0 0.0 0.0 0.0 0.0 0.0 0.0
0.0047223035640397235 0.006077993988522206 0.007433684413007001 0.008789374837489485 0.010145065261971968 0.011500755686454452 0.012856446110936936 0.014212136535419417 0.015567826959901901 0.016208406023814917 0.0160845148726535 0.015960623721492085 0.01583673257033067 0.015712841419169253 0.015588950268007839 0.015465059116846213 0.015341167965684797 0.015217276814523383 0.015093385663361967 0.014969494512200553 0.014845603361039137 0.014186238061726565 0.01295443878840548 0.011722639515084395 0.010490840241763309 0.009259040968442222 0.008027241695121139 0.006795442421800052 0.005563643148476866 0.00433184387515578 0.0031000446018346946 0.001868245328513608 0.000636446055192523 0.0 0.0 0.0 0.0 0.0 0.0 0.0 0.0 0.0 0.0 0.0 0.0 0.0 0.0 0.0 0.0 0.0 0.0
0.007905864686068822 0.010175499601912526 0.012445134517760099 0.014714769433603801 0.016984404349447504 0.01925403926529121 0.021523674181134912 0.023793309096978615 0.026062944012822317 0.02713537218931434 0.026927959289317384 0.026720546389320424 0.02651313348932347 0.02630572058932651 0.026098307689329553 0.02589089478933224 0.025683481889335284 0.025476068989338324 0.025268656089341368 0.02506124318934441 0.02485383028934745 0.02374995105660387 0.021687729040757095 0.01962550702491032 0.017563285009063546 0.01550106299321677 0.013438840977369996 0.011376618961523222 0.009314396945672931 0.007252174929826157 0.005189952913979383 0.0031277308981326087 0.0010655088822858344 0.0 0.0 0.0 0.0 0.0 0.0 0.0 0.0 0.0 0.0 0.0 0.0 0.0 0.0 0.0 0.0 0.0 0.0
0.011089425808095205 0.014273005215299348 0.01745658462250892 0.020640164029713064 0.023823743436917205 0.02700732284412135 0.03019090225132549 0.03337448165852963 0.036558061065733775 0.03806233835480445 0.03777140370597202 0.037480469057139594 0.03718953440830716 0.03689859975947473 0.036607665110642305 0.03631673046180938 0.03602579581297695 0.035734861164144524 0.03544392651531209 0.03515299186647966 0.034862057217647235 0.03331366405147302 0.030421019293101266 0.027528374534729512 0.024635729776357754 0.021743085017986 0.018850440259614243 0.01595779550124249 0.013065150742865801 0.010172505984494047 0.00727986122612229 0.0043872164677505356 0.001494571709378778 0.0 0.0 0.0 0.0 0.0 0.0 0.0 0.0 0.0 0.0 0.0 0.0 0.0 0.0 0.0 0.0 0.0 0.0
0.014272986930121589 0.01837051082868617 0.02246803472725774 0.026565558625822328 0.03066308252438691 0.03476060642295149 0.038858130321516075 0.04295565422008066 0.04705317811864524 0.048989304520294555 0.048614848122626654 0.04824039172495875 0.04786593532729085 0.04749147892962296 0.04711702253195506 0.04674256613428652 0.04636810973661862 0.04599365333895072 0.045619196941282816 0.045244740543614916 0.044870284145947015 0.042877377046342174 0.03915430954544544 0.0354312420445487 0.03170817454365196 0.02798510704275523 0.02426203954185849 0.020538972040961754 0.01681590454005867 0.013092837039161934 0.009369769538265196 0.005646702037368459 0.0019236345364717217 0.0 0.0 0.0 0.0 0.0 0.0 0.0 0.0 0.0 0.0 0.0 0.0 0.0 0.0 0.0 0.0 0.0 0.0
0.017456548052147972 0.022468016442072997 0.027479484832006566 0.03249095322193159 0.037502421611856615 0.042513890001781636 0.047525358391706664 0.052536826781631685 0.057548295171556706 0.059916270685784666 0.059458292539281296 0.059000314392777926 0.05854233624627456 0.05808435809977119 0.05762637995326782 0.05716840180676366 0.056710423660260294 0.056252445513756924 0.055794467367253554 0.055336489220750185 0.054878511074246815 0.052441090041211336 0.04788759979778962 0.0433341095543679 0.03878061931094618 0.03422712906752447 0.029673638824102743 0.025120148580681026 0.02056665833725154 0.01601316809382982 0.011459677850408106 0.006906187606986386 0.0023526973635646653 0.0 0.0 0.0 0.0 0.0 0.0 0.0 0.0 0.0 0.0 0.0 0.0 0.0 0.0 0.0 0.0 0.0 0.0
0.020640109174174352 0.02656552205545982 0.03249093493675539 0.03841634781804085 0.04434176069932631 0.05026717358061177 0.05619258646189724 0.0621179993431827 0.06804341222446816 0.07084323685127478 0.07030173695593593 0.06976023706059709 0.06921873716525825 0.06867723726991941 0.06813573737458056 0.0675942374792408 0.06705273758390196 0.06651123768856312 0.06596973779322428 0.06542823789788543 0.0648867380025466 0.06200480303608049 0.05662089005013379 0.05123697706418709 0.04585306407824039 0.040469151092293695 0.03508523810634699 0.029701325120400295 0.024317412134444417 0.018933499148497714 0.013549586162551017 0.00816567317660432 0.002781760190657616 0.0 0.0 0.0 0.0 0.0 0.0 0.0 0.0 0.0 0.0 0.0 0.0 0.0 0.0 0.0 0.0 0.0 0.0
0.02382367029620074 0.03066302766884664 0.03750238504150421 0.044341742414150113 0.05118109978679601 0.058020457159441916 0.06485981453208782 0.07169917190473372 0.07853852927737963 0.08177020301676488 0.08114518137259057 0.08052015972841625 0.07989513808424194 0.07927011644006764 0.07864509479589332 0.07802007315171794 0.07739505150754362 0.07677002986336931 0.07614500821919501 0.0755199865750207 0.07489496493084638 0.07156851603094964 0.06535418030247796 0.059139844574006284 0.0529255088455346 0.046711173117062924 0.040496837388591236 0.034282501660119556 0.02806816593163728 0.0218538302031656 0.01563949447469392 0.00942515874622224 0.0032108230177505526 0.0 0.0 0.0 0.0 0.0 0.0 0.0 0.0 0.0 0.0 0.0 0.0 0.0 0.0 0.0 0.0 0.0 0.0
0.027007231418229836 0.03476053328223696 0.042513835146257305 0.050267137010264425 0.058020438874271545 0.06577374073827867 0.07352704260228579 0.08128034446629291 0.08903364633030003 0.0926971691822643 0.09198862578925444 0.09128008239624459 0.09057153900323474 0.08986299561022489 0.08915445221721503 0.08844590882420397 0.08773736543119412 0.08702882203818425 0.0863202786451744 0.08561173525216455 0.0849031918591547 0.08113222902582694 0.07408747055482957 0.06704271208383221 0.05999795361283484 0.05295319514183747 0.0459084366708401 0.03886367819984273 0.03181891972883335 0.024774161257835978 0.017729402786838613 0.010684644315841235 0.003639885844843871 0.0 0.0 0.0 0.0 0.0 0.0 0.0 0.0 0.0 0.0 0.0 0.0 0.0 0.0 0.0 0.0 0.0 0.0
0.030190792540256223 0.03885803889562379 0.04752528525100613 0.05619253160637369 0.06485977796174126 0.07352702431710882 0.08219427067247638 0.09086151702784395 0.09952876338321151 0.10362413534775441 0.10283207020590908 0.10204000506406376 0.10124793992221844 0.10045587478037311 0.09966380963852778 0.09887174449668111 0.09807967935483577 0.09728761421299045 0.09649554907114513 0.09570348392929981 0.09491141878745447 0.0906959420206961 0.08282076080717374 0.07494557959365139 0.06707039838012904 0.059195217166606695 0.05132003595308434 0.04344485473956199 0.03556967352602621 0.027694492312503857 0.01981931109898151 0.011944129885459162 0.0040689486719368145 0.0 0.0 0.0 0.0 0.0 0.0 0.0 0.0 0.0 0.0 0.0 0.0 0.0 0.0 0.0 0.0 0.0 0.0
0.033374353662282606 0.04295554450901061 0.05253673535575495 0.06211792620248295 0.07169911704921096 0.08128030789593896 0.09086149874266697 0.10044268958939497 0.11002388043612296 0.11455110151324452 0.11367551462256373 0.11279992773188292 0.11192434084120213 0.11104875395052134 0.11017316705984054 0.10929758016915825 0.10842199327847746 0.10754640638779667 0.10667081949711586 0.10579523260643507 0.10491964571575428 0.10025965501556526 0.09155405105951793 0.0828484471034706 0.07414284314742325 0.06543723919137592 0.0567316352353286 0.04802603127928126 0.03932042732321908 0.03061482336717175 0.02190921941112442 0.013203615455077089 0.004498011499029758 0.0 0.0 0.0 0.0 0.0 0.0 0.0 0.0 0.0 0.0 0.0 0.0 0.0 0.0 0.0 0.0 0.0 0.0
0.03655791478430898 0.047053050122397425 0.05754818546050377 0.06804332079859221 0.07853845613668065 0.0890335914747691 0.09952872681285754 0.11002386215094598 0.12051899748903443 0.12547806767873462 0.12451895903921836 0.12355985039970209 0.12260074176018583 0.12164163312066956 0.1206825244811533 0.11972341584163539 0.11876430720211913 0.11780519856260285 0.1168460899230866 0.11588698128357033 0.11492787264405406 0.10982336801043441 0.1002873413118621 0.09075131461328978 0.08121528791471747 0.07167926121614515 0.062143234517572844 0.05260720781900053 0.04307118112041196 0.033535154421839644 0.02399912772326733 0.014463101024695016 0.004927074326122702 0.0 0.0 0.0 0.0 0.0 0.0 0.0 0.0 0.0 0.0 0.0 0.0 0.0 0.0 0.0 0.0 0.0 0.0
0.06840881661036494 0.06840881661036494 0.06840881661036494 0.06840881661036494 0.06840881661036494 0.06840881661036494 0.06840881661036494 0.06840881661036494 0.06840881661036494 0.06840881661036494 0.06840881661036494 0.06840881661036494 0.06840881661036494 0.06840881661036494 0.06840881661036494 0.06840881661036494 0.06840881661036494 0.06840881661036494 0.06840881661036494 0.06840881661036494 0.06840881661036494 0.11014203088077074 0.10057833450046837 0.091014638120166 0.08145094173986364 0.07188724535956129 0.062323548979258916 0.05275985259895656 0.043196156218637885 0.03363245983833553 0.02406876345803316 0.014505067077730804 0.004941370697428435 0.0 0.0 0.0 0.0 0.0 0.0 0.0 0.0 0.0 0.0 0.0 0.0 0.0 0.0 0.0 0.0 0.0 0.0
0.06840881661036494 0.06840881661036494 0.06840881661036494 0.06840881661036494 0.06840881661036494 0.06840881661036494 0.06840881661036494 0.06840881661036494 0.06840881661036494 0.06840881661036494 0.06840881661036494 0.06840881661036494 0.06840881661036494 0.06840881661036494 0.06840881661036494 0.06840881661036494 0.06840881661036494 0.06840881661036494 0.06840881661036494 0.06840881661036494 0.06840881661036494 0.1005783178858975 0.09184504424812046 0.08311177061034344 0.0743784969725664 0.0656452233347894 0.05691194969701236 0.04817867605923533 0.03944540242144341 0.030712128783666387 0.02197885514588936 0.013245581508112336 0.004512307870335311 0.0 0.0 0.0 0.0 0.0 0.0 0.0 0.0 0.0 0.0 0.0 0.0 0.0 0.0 0.0 0.0 0.0 0.0
0.06840881661036494 0.06840881661036494 0.06840881661036494 0.06840881661036494 0.06840881661036494 0.06840881661036494 0.06840881661036494 0.06840881661036494 0.06840881661036494 0.06840881661036494 0.06840881661036494 0.06840881661036494 0.06840881661036494 0.06840881661036494 0.06840881661036494 0.06840881661036494 0.06840881661036494 0.06840881661036494 0.06840881661036494 0.06840881661036494 0.06840881661036494 0.09101460489102833 0.08311175399577629 0.07520890310052425 0.0673060522052722 0.05940320131002015 0.05150035041476811 0.04359749951951606 0.03569464862425054 0.027791797728998494 0.01988894683374645 0.01198609593849441 0.004083245043242353 0.0 0.0 0.0 0.0 0.0 0.0 0.0 0.0 0.0 0.0 0.0 0.0 0.0 0.0 0.0 0.0 0.0 0.0
0.06840881661036494 0.06840881661036494 0.06840881661036494 0.06840881661036494 0.06840881661036494 0.06840881661036494 0.06840881661036494 0.06840881661036494 0.06840881661036494 0.06840881661036494 0.06840881661036494 0.06840881661036494 0.06840881661036494 0.06840881661036494 0.06840881661036494 0.06840881661036494 0.06840881661036494 0.06840881661036494 0.06840881661036494 0.06840881661036494 0.06840881661036494 0.08145089189615919 0.07437846374343213 0.06730603559070505 0.060233607437977996 0.05316117928525093 0.046088751132523864 0.0390163229797968 0.03194389482705767 0.024871466674330614 0.01779903852160354 0.010726610368876482 0.0036541822161494236 0.0 0.0 0.0 0.0 0.0 0.0 0.0 0.0 0.0 0.0 0.0 0.0 0.0 0.0 0.0 0.0 0.0 0.0
0.06840881661036494 0.06840881661036494 0.06840881661036494 0.06840881661036494 0.06840881661036494 0.06840881661036494 0.06840881661036494 0.06840881661036494 0.06840881661036494 0.06840881661036494 0.06840881661036494 0.06840881661036494 0.06840881661036494 0.06840881661036494 0.06840881661036494 0.06840881661036494 0.06840881661036494 0.06840881661036494 0.06840881661036494 0.06840881661036494 0.06840881661036494 0.07188717890128596 0.06564517349108423 0.0594031680808825 0.05316116267068077 0.046919157260479044 0.04067715185027731 0.03443514644007558 0.028193141029863207 0.02195113561966148 0.01570913020945975 0.009467124799258014 0.0032251193890562857 0.0 0.0 0.0 0.0 0.0 0.0 0.0 0.0 0.0 0.0 0.0 0.0 0.0 0.0 0.0 0.0 0.0 0.0
