Figures/CREST_Example_wjb_NSE/Rolling_result/20100722/BJP_forecast/ens_45/wjb.rain.20100521.asc
ncols            288
nrows            254
xllcorner        113.274861
yllcorner        31.4918055
cellsize         0.008333333333
NODATA_value     -9999
[rows 40 to 59 of 254, columns 44 to 87 of 288]
13.861072764960545 13.288925062185307 12.71677735941007 12.144629656634834 11.572481953859594 11.000334251084357 10.428186548309121 10.132569272071123 10.132569272071123 10.132569272071123 10.132569272071123 10.132569272071123 10.132569272071123 10.132569272071123 10.132569272071123 10.132569272071123 10.132569272071123 10.132569272071123 10.132569272071123 10.202029295262372 10.345743653355399 10.489458011448669 10.633172369541693 10.776886727634718 10.920601085727744 11.06431544382077 11.208029801913794 11.35174416000682 11.495458518099845 11.63917287619287 11.782887234285894 11.836589509781291 11.794066834114796 11.751544158448299 11.709021482781731 11.666498807115236 11.623976131448739 11.581453455782244 11.538930780115749 11.496408104449252 11.453885428782757 11.411362753116261 11.368840077449764 11.346869461238384
13.861072764960545 13.288925062185307 12.71677735941007 12.144629656634834 11.572481953859594 11.000334251084357 10.428186548309121 10.132569272071123 10.132569272071123 10.132569272071123 10.132569272071123 10.132569272071123 10.132569272071123 10.132569272071123 10.132569272071123 10.132569272071123 10.132569272071123 10.132569272071123 10.132569272071123 10.202029295262372 10.345743653355399 10.489458011448669 10.633172369541693 10.776886727634718 10.920601085727744 11.06431544382077 11.208029801913794 11.35174416000682 11.495458518099845 11.63917287619287 11.782887234285894 11.836589509781291 11.794066834114796 11.751544158448299 11.709021482781731 11.666498807115236 11.623976131448739 11.581453455782244 11.538930780115749 11.496408104449252 11.453885428782757 11.411362753116261 11.368840077449764 11.346869461238384
13.861072764960545 13.288925062185307 12.71677735941007 12.144629656634834 11.572481953859594 11.000334251084357 10.428186548309121 10.132569272071123 10.132569272071123 10.132569272071123 10.132569272071123 10.132569272071123 10.132569272071123 10.132569272071123 10.132569272071123 10.132569272071123 10.132569272071123 10.132569272071123 10.132569272071123 10.202029295262372 10.345743653355399 10.489458011448669 10.633172369541693 10.776886727634718 10.920601085727744 11.06431544382077 11.208029801913794 11.35174416000682 11.495458518099845 11.63917287619287 11.782887234285894 11.836589509781291 11.794066834114796 11.751544158448299 11.709021482781731 11.666498807115236 11.623976131448739 11.581453455782244 11.538930780115749 11.496408104449252 11.453885428782757 11.411362753116261 11.368840077449764 11.346869461238384
13.861072764960545 13.288925062185307 12.71677735941007 12.144629656634834 11.572481953859594 11.000334251084357 10.428186548309121 10.132569272071123 10.132569272071123 10.132569272071123 10.132569272071123 10.132569272071123 10.132569272071123 10.132569272071123 10.132569272071123 10.132569272071123 10.132569272071123 10.132569272071123 10.132569272071123 10.202029295262372 10.345743653355399 10.489458011448669 10.633172369541693 10.776886727634718 10.920601085727744 11.06431544382077 11.208029801913794 11.35174416000682 11.495458518099845 11.63917287619287 11.782887234285894 11.836589509781291 11.794066834114796 11.751544158448299 11.709021482781731 11.666498807115236 11.623976131448739 11.581453455782244 11.538930780115749 11.496408104449252 11.453885428782757 11.411362753116261 11.368840077449764 11.346869461238384
13.861072764960545 13.288925062185307 12.71677735941007 12.144629656634834 11.572481953859594 11.000334251084357 10.428186548309121 10.132569272071123 10.132569272071123 10.132569272071123 10.132569272071123 10.132569272071123 10.132569272071123 10.132569272071123 10.132569272071123 10.132569272071123 10.132569272071123 10.132569272071123 10.132569272071123 10.202029295262372 10.345743653355399 10.489458011448669 10.633172369541693 10.776886727634718 10.920601085727744 11.06431544382077 11.208029801913794 11.35174416000682 11.495458518099845 11.63917287619287 11.782887234285894 11.836589509781291 11.794066834114796 11.751544158448299 11.709021482781731 11.666498807115236 11.623976131448739 11.581453455782244 11.538930780115749 11.496408104449252 11.453885428782757 11.411362753116261 11.368840077449764 11.346869461238384
13.861072764960545 13.288925062185307 12.71677735941007 12.144629656634834 11.572481953859594 11.000334251084357 10.428186548309121 10.132569272071123 10.132569272071123 10.132569272071123 10.132569272071123 10.132569272071123 10.132569272071123 10.132569272071123 10.132569272071123 10.132569272071123 10.132569272071123 10.132569272071123 10.132569272071123 10.202029295262372 10.345743653355399 10.489458011448669 10.633172369541693 10.776886727634718 10.920601085727744 11.06431544382077 11.208029801913794 11.35174416000682 11.495458518099845 11.63917287619287 11.782887234285894 11.836589509781291 11.794066834114796 11.751544158448299 11.709021482781731 11.666498807115236 11.623976131448739 11.581453455782244 11.538930780115749 11.496408104449252 11.453885428782757 11.411362753116261 11.368840077449764 11.346869461238384
13.861072764960545 13.288925062185307 12.71677735941007 12.144629656634834 11.572481953859594 11.000334251084357 10.428186548309121 10.132569272071123 10.132569272071123 10.132569272071123 10.132569272071123 10.132569272071123 10.132569272071123 10.132569272071123 10.132569272071123 10.132569272071123 10.132569272071123 10.132569272071123 10.132569272071123 10.202029295262372 10.345743653355399 10.489458011448669 10.633172369541693 10.776886727634718 10.920601085727744 11.06431544382077 11.208029801913794 11.35174416000682 11.495458518099845 11.63917287619287 11.782887234285894 11.836589509781291 11.794066834114796 11.751544158448299 11.709021482781731 11.666498807115236 11.623976131448739 11.581453455782244 11.538930780115749 11.496408104449252 11.453885428782757 11.411362753116261 11.368840077449764 11.346869461238384
13.861072764960545 13.288925062185307 12.71677735941007 12.144629656634834 11.572481953859594 11.000334251084357 10.428186548309121 10.132569272071123 10.132569272071123 10.132569272071123 10.132569272071123 10.132569272071123 10.132569272071123 10.132569272071123 10.132569272071123 10.132569272071123 10.132569272071123 10.132569272071123 10.132569272071123 10.202029295262372 10.345743653355399 10.489458011448669 10.633172369541693 10.776886727634718 10.920601085727744 11.06431544382077 11.208029801913794 11.35174416000682 11.495458518099845 11.63917287619287 11.782887234285894 11.836589509781291 11.794066834114796 11.751544158448299 11.709021482781731 11.666498807115236 11.623976131448739 11.581453455782244 11.538930780115749 11.496408104449252 11.453885428782757 11.411362753116261 11.368840077449764 11.346869461238384
13.861072764960545 13.288925062185307 12.71677735941007 12.144629656634834 11.572481953859594 11.000334251084357 10.428186548309121 10.132569272071123 10.132569272071123 10.132569272071123 10.132569272071123 10.132569272071123 10.132569272071123 10.132569272071123 10.132569272071123 10.132569272071123 10.132569272071123 10.132569272071123 10.132569272071123 10.202029295262372 10.345743653355399 10.489458011448669 10.633172369541693 10.776886727634718 10.920601085727744 11.06431544382077 11.208029801913794 11.35174416000682 11.495458518099845 11.63917287619287 11.782887234285894 11.836589509781291 11.794066834114796 11.751544158448299 11.709021482781731 11.666498807115236 11.623976131448739 11.581453455782244 11.538930780115749 11.496408104449252 11.453885428782757 11.411362753116261 11.368840077449764 11.346869461238384
14.056955062533588 13.45641406037145 12.855873058209312 12.255332056047177 11.65479105388504 11.054250051722903 10.453709049560766 10.143421523337578 10.143421523337578 10.143421523337578 10.143421523337578 10.143421523337578 10.143421523337578 10.143421523337578 10.143421523337578 10.143421523337578 10.143421523337578 10.143421523337578 10.143421523337578 10.21324617652271 10.35771496231536 10.502183748108257 10.646652533900907 10.79112131969356 10.93559010548621 11.08005889127886 11.224527677071512 11.368996462864162 11.513465248656813 11.657934034449465 11.802402820242115 11.855027476902595 11.809468683239462 11.763909889576329 11.718351095913118 11.672792302249983 11.62723350858685 11.581674714923716 11.536115921260581 11.490557127597448 11.444998333934315 11.399439540271182 11.353880746608047 11.330341428939596
14.462223184869876 13.802938236613427 13.143653288356978 12.484368340100529 11.825083391844078 11.16579844358763 10.50651349533118 10.165874146920054 10.165874146920054 10.165874146920054 10.165874146920054 10.165874146920054 10.165874146920054 10.165874146920054 10.165874146920054 10.165874146920054 10.165874146920054 10.165874146920054 10.165874146920054 10.23645319657081 10.38248284570361 10.528512494836656 10.674542143969456 10.820571793102255 10.966601442235053 11.112631091367852 11.258660740500652 11.40469038963345 11.550720038766249 11.696749687899047 11.842779337031846 11.893174468272058 11.841334137916053 11.78949380756005 11.737653477203956 11.685813146847952 11.633972816491948 11.582132486135945 11.530292155779941 11.478451825423937 11.426611495067933 11.374771164711929 11.322930834355924 11.296145972287135
14.867491307206162 14.1494624128554 13.43143351850464 12.713404624153878 11.995375729803119 11.277346835452356 10.559317941101595 10.188326770502528 10.188326770502528 10.188326770502528 10.188326770502528 10.188326770502528 10.188326770502528 10.188326770502528 10.188326770502528 10.188326770502528 10.188326770502528 10.188326770502528 10.188326770502528 10.25966021661891 10.407250729091857 10.554841241565056 10.702431754038003 10.85002226651095 10.997612778983896 11.145203291456843 11.29279380392979 11.440384316402737 11.587974828875684 11.73556534134863 11.883155853821577 11.931321459641518 11.873199592592645 11.81507772554377 11.756955858494797 11.698833991445921 11.640712124397048 11.582590257348173 11.5244683902993 11.466346523250424 11.40822465620155 11.350102789152675 11.291980922103802 11.261950515634675
15.27275942954245 14.495986589097377 13.719213748652304 12.942440908207232 12.165668067762157 11.388895227317084 10.612122386872011 10.210779394085003 10.210779394085003 10.210779394085003 10.210779394085003 10.210779394085003 10.210779394085003 10.210779394085003 10.210779394085003 10.210779394085003 10.210779394085003 10.210779394085003 10.210779394085003 10.28286723666701 10.432018612480107 10.581169988293457 10.730321364106551 10.879472739919645 11.028624115732741 11.177775491545836 11.326926867358932 11.476078243172026 11.625229618985122 11.774380994798216 11.923532370611312 11.969468451010982 11.905065047269238 11.840661643527492 11.776258239785637 11.711854836043893 11.647451432302148 11.583048028560404 11.518644624818657 11.454241221076913 11.389837817335168 11.325434413593424 11.26103100985168 11.227755058982215
15.678027551879083 14.842510765339648 14.006993978800214 13.171477192260777 12.335960405721341 11.500443619181906 10.66492683264247 10.233232017667497 10.233232017667497 10.233232017667497 10.233232017667497 10.233232017667497 10.233232017667497 10.233232017667497 10.233232017667497 10.233232017667497 10.233232017667497 10.233232017667497 10.233232017667497 10.306074256715132 10.456786495868377 10.607498735021878 10.758210974175123 10.908923213328366 11.059635452481611 11.210347691634855 11.3610599307881 11.511772169941345 11.662484409094589 11.813196648247834 11.963908887401079 12.007615442380477 11.936930501945856 11.866245561511235 11.795560621076493 11.724875680641873 11.654190740207252 11.583505799772633 11.512820859338012 11.442135918903391 11.37145097846877 11.30076603803415 11.230081097599529 11.193559602329724
16.08329567421537 15.189034941581623 14.294774208947874 13.400513476314128 12.50625274368038 11.611992011046633 10.717731278412884 10.255684641249973 10.255684641249973 10.255684641249973 10.255684641249973 10.255684641249973 10.255684641249973 10.255684641249973 10.255684641249973 10.255684641249973 10.255684641249973 10.255684641249973 10.255684641249973 10.329281276763233 10.481554379256625 10.633827481750277 10.78610058424367 10.938373686737062 11.090646789230455 11.242919891723847 11.39519299421724 11.547466096710632 11.699739199204025 11.852012301697417 12.00428540419081 12.045762433749939 11.968795956622447 11.891829479494955 11.814863002367334 11.737896525239844 11.660930048112352 11.58396357098486 11.50699709385737 11.430030616729878 11.353064139602388 11.276097662474896 11.199131185347406 11.159364145677264
16.48856379655166 15.535559117823599 14.582554439095539 13.62954976036748 12.67654508163942 11.723540402911361 10.7705357241833 10.278137264832448 10.278137264832448 10.278137264832448 10.278137264832448 10.278137264832448 10.278137264832448 10.278137264832448 10.278137264832448 10.278137264832448 10.278137264832448 10.278137264832448 10.278137264832448 10.352488296811334 10.506322262644876 10.660156228478678 10.813990194312218 10.967824160145758 11.1216581259793 11.27549209181284 11.42932605764638 11.58316002347992 11.736993989313461 11.890827955147001 12.044661920980541 12.0839094251194 12.000661411299038 11.917413397478677 11.834165383658174 11.750917369837813 11.66766935601745 11.58442134219709 11.501173328376728 11.417925314556367 11.334677300736006 11.251429286915645 11.168181273095282 11.125168689024804
16.893831918887948 15.882083294065575 14.870334669243203 13.858586044420832 12.84683741959846 11.835088794776087 10.823340169953715 10.300589888414923 10.300589888414923 10.300589888414923 10.300589888414923 10.300589888414923 10.300589888414923 10.300589888414923 10.300589888414923 10.300589888414923 10.300589888414923 10.300589888414923 10.300589888414923 10.375695316859435 10.531090146033122 10.686484975207076 10.841879804380765 10.997274633554454 11.152669462728142 11.30806429190183 11.46345912107552 11.618853950249207 11.774248779422896 11.929643608596585 12.085038437770272 12.122056416488862 12.03252686597563 11.942997315462398 11.853467764949013 11.763938214435782 11.67440866392255 11.584879113409318 11.495349562896086 11.405820012382854 11.316290461869624 11.226760911356392 11.13723136084316 11.090973232372344
17.299100041224236 16.22860747030755 15.158114899390867 14.087622328474183 13.017129757557498 11.946637186640814 10.87614461572413 10.323042511997398 10.323042511997398 10.323042511997398 10.323042511997398 10.323042511997398 10.323042511997398 10.323042511997398 10.323042511997398 10.323042511997398 10.323042511997398 10.323042511997398 10.323042511997398 10.398902336907536 10.555858029421373 10.712813721935477 10.869769414449314 11.02672510696315 11.183680799476987 11.340636491990823 11.49759218450466 11.654547877018498 11.811503569532334 11.96845926204617 12.125414954560007 12.160203407858324 12.064392320652223 11.96858123344612 11.872770146239855 11.776959059033752 11.681147971827649 11.585336884621547 11.489525797415444 11.393714710209343 11.29790362300324 11.202092535797139 11.106281448591035 11.056777775719882
17.704368163560524 16.575131646549526 15.445895129538531 14.316658612527535 13.187422095516538 12.058185578505542 10.928949061494546 10.345495135579872 10.345495135579872 10.345495135579872 10.345495135579872 10.345495135579872 10.345495135579872 10.345495135579872 10.345495135579872 10.345495135579872 10.345495135579872 10.345495135579872 10.345495135579872 10.422109356955636 10.580625912809621 10.739142468663875 10.89765902451786 11.056175580371844 11.21469213622583 11.373208692079814 11.5317252479338 11.690241803787785 11.848758359641769 12.007274915495753 12.165791471349738 12.198350399227786 12.096257775328814 11.994165151429842 11.892072527530694 11.789979903631721 11.687887279732749 11.585794655833777 11.483702031934804 11.38160940803583 11.279516784136858 11.177424160237885 11.075331536338913 11.022582319067421
18.109636285897157 16.9216558227918 15.733675359686439 14.54569489658108 13.357714433475723 12.169733970370364 10.981753507265006 10.367947759162368 10.367947759162368 10.367947759162368 10.367947759162368 10.367947759162368 10.367947759162368 10.367947759162368 10.367947759162368 10.367947759162368 10.367947759162368 10.367947759162368 10.367947759162368 10.445316377003758 10.605393796197891 10.7654712153923 10.925548634586432 11.085626053780567 11.2457034729747 11.405780892168835 11.56585831136297 11.725935730557103 11.886013149751237 12.04609056894537 12.206167988139505 12.23649739059728 12.128123230005432 12.019749069413583 11.911374908821552 11.803000748229703 11.694626587637854 11.586252427046006 11.477878266454157 11.369504105862308 11.261129945270461 11.152755784678613 11.044381624086764 10.988386862414933
