Figures/CREST_Example_wjb_NSE/Rolling_result/20100722/BJP_forecast/ens_45/wjb.rain.20090722.asc
ncols            288
nrows            254
xllcorner        113.274861
yllcorner        31.4918055
cellsize         0.008333333333
NODATA_value     -9999
[rows 100 to 119 of 254, columns 135 to 179 of 288]
9.900166314409406 10.241414464068873 10.582662613728342 10.923910763387811 11.26515891304728 11.606407062706749 11.947655212366218 12.288903362025685 12.630151511685735 12.971399661345204 13.312647811004673 13.653895960664142 13.83021205663681 13.83021205663681 13.83021205663681 13.83021205663681 13.83021205663681 13.83021205663681 13.83021205663681 13.83021205663681 13.83021205663681 13.83021205663681 13.83021205663681 13.83021205663681 14.307812539016286 15.295978740836258 16.28414494265623 17.272311144476202 18.260477346296174 19.248643548116146 20.236809749936118 21.22497595175609 22.213142153576058 23.20130835539603 24.18947455721769 25.17764075903766 25.68820647895336 25.68820647895336 25.68820647895336 25.68820647895336 25.68820647895336 25.68820647895336 25.68820647895336 25.68820647895336 25.68820647895336
9.900166314409406 10.241414464068873 10.582662613728342 10.923910763387811 11.26515891304728 11.606407062706749 11.947655212366218 12.288903362025685 12.630151511685735 12.971399661345204 13.312647811004673 13.653895960664142 13.83021205663681 13.83021205663681 13.83021205663681 13.83021205663681 13.83021205663681 13.83021205663681 13.83021205663681 13.83021205663681 13.83021205663681 13.83021205663681 13.83021205663681 13.83021205663681 14.307812539016286 15.295978740836258 16.28414494265623 17.272311144476202 18.260477346296174 19.248643548116146 20.236809749936118 21.22497595175609 22.213142153576058 23.20130835539603 24.18947455721769 25.17764075903766 25.68820647895336 25.68820647895336 25.68820647895336 25.68820647895336 25.68820647895336 25.68820647895336 25.68820647895336 25.68820647895336 25.68820647895336
9.900166314409406 10.241414464068873 10.582662613728342 10.923910763387811 11.26515891304728 11.606407062706749 11.947655212366218 12.288903362025685 12.630151511685735 12.971399661345204 13.312647811004673 13.653895960664142 13.83021205663681 13.83021205663681 13.83021205663681 13.83021205663681 13.83021205663681 13.83021205663681 13.83021205663681 13.83021205663681 13.83021205663681 13.83021205663681 13.83021205663681 13.83021205663681 14.307812539016286 15.295978740836258 16.28414494265623 17.272311144476202 18.260477346296174 19.248643548116146 20.236809749936118 21.22497595175609 22.213142153576058 23.20130835539603 24.18947455721769 25.17764075903766 25.68820647895336 25.68820647895336 25.68820647895336 25.68820647895336 25.68820647895336 25.68820647895336 25.68820647895336 25.68820647895336 25.68820647895336
9.900166314409406 10.241414464068873 10.582662613728342 10.923910763387811 11.26515891304728 11.606407062706749 11.947655212366218 12.288903362025685 12.630151511685735 12.971399661345204 13.312647811004673 13.653895960664142 13.83021205663681 13.83021205663681 13.83021205663681 13.83021205663681 13.83021205663681 13.83021205663681 13.83021205663681 13.83021205663681 13.83021205663681 13.83021205663681 13.83021205663681 13.83021205663681 14.307812539016286 15.295978740836258 16.28414494265623 17.272311144476202 18.260477346296174 19.248643548116146 20.236809749936118 21.22497595175609 22.213142153576058 23.20130835539603 24.18947455721769 25.17764075903766 25.68820647895336 25.68820647895336 25.68820647895336 25.68820647895336 25.68820647895336 25.68820647895336 25.68820647895336 25.68820647895336 25.68820647895336
9.900166314409406 10.241414464068873 10.582662613728342 10.923910763387811 11.26515891304728 11.606407062706749 11.947655212366218 12.288903362025685 12.630151511685735 12.971399661345204 13.312647811004673 13.653895960664142 13.83021205663681 13.83021205663681 13.83021205663681 13.83021205663681 13.83021205663681 13.83021205663681 13.83021205663681 13.83021205663681 13.83021205663681 13.83021205663681 13.83021205663681 13.83021205663681 14.307812539016286 15.295978740836258 16.28414494265623 17.272311144476202 18.260477346296174 19.248643548116146 20.236809749936118 21.22497595175609 22.213142153576058 23.20130835539603 24.18947455721769 25.17764075903766 25.68820647895336 25.68820647895336 25.68820647895336 25.68820647895336 25.68820647895336 25.68820647895336 25.68820647895336 25.68820647895336 25.68820647895336
9.900166314409406 10.241414464068873 10.582662613728342 10.923910763387811 11.26515891304728 11.606407062706749 11.947655212366218 12.288903362025685 12.630151511685735 12.971399661345204 13.312647811004673 13.653895960664142 13.83021205663681 13.83021205663681 13.83021205663681 13.83021205663681 13.83021205663681 13.83021205663681 13.83021205663681 13.83021205663681 13.83021205663681 13.83021205663681 13.83021205663681 13.83021205663681 14.307812539016286 15.295978740836258 16.28414494265623 17.272311144476202 18.260477346296174 19.248643548116146 20.236809749936118 21.22497595175609 22.213142153576058 23.20130835539603 24.18947455721769 25.17764075903766 25.68820647895336 25.68820647895336 25.68820647895336 25.68820647895336 25.68820647895336 25.68820647895336 25.68820647895336 25.68820647895336 25.68820647895336
9.900166314409406 10.241414464068873 10.582662613728342 10.923910763387811 11.26515891304728 11.606407062706749 11.947655212366218 12.288903362025685 12.630151511685735 12.971399661345204 13.312647811004673 13.653895960664142 13.83021205663681 13.83021205663681 13.83021205663681 13.83021205663681 13.83021205663681 13.83021205663681 13.83021205663681 13.83021205663681 13.83021205663681 13.83021205663681 13.83021205663681 13.83021205663681 14.307812539016286 15.295978740836258 16.28414494265623 17.272311144476202 18.260477346296174 19.248643548116146 20.236809749936118 21.22497595175609 22.213142153576058 23.20130835539603 24.18947455721769 25.17764075903766 25.68820647895336 25.68820647895336 25.68820647895336 25.68820647895336 25.68820647895336 25.68820647895336 25.68820647895336 25.68820647895336 25.68820647895336
9.900166314409406 10.241414464068873 10.582662613728342 10.923910763387811 11.26515891304728 11.606407062706749 11.947655212366218 12.288903362025685 12.630151511685735 12.971399661345204 13.312647811004673 13.653895960664142 13.83021205663681 13.83021205663681 13.83021205663681 13.83021205663681 13.83021205663681 13.83021205663681 13.83021205663681 13.83021205663681 13.83021205663681 13.83021205663681 13.83021205663681 13.83021205663681 14.307812539016286 15.295978740836258 16.28414494265623 17.272311144476202 18.260477346296174 19.248643548116146 20.236809749936118 21.22497595175609 22.213142153576058 23.20130835539603 24.18947455721769 25.17764075903766 25.68820647895336 25.68820647895336 25.68820647895336 25.68820647895336 25.68820647895336 25.68820647895336 25.68820647895336 25.68820647895336 25.68820647895336
9.900166314409406 10.241414464068873 10.582662613728342 10.923910763387811 11.26515891304728 11.606407062706749 11.947655212366218 12.288903362025685 12.630151511685735 12.971399661345204 13.312647811004673 13.653895960664142 13.83021205663681 13.83021205663681 13.83021205663681 13.83021205663681 13.83021205663681 13.83021205663681 13.83021205663681 13.83021205663681 13.83021205663681 13.83021205663681 13.83021205663681 13.83021205663681 14.307812539016286 15.295978740836258 16.28414494265623 17.272311144476202 18.260477346296174 19.248643548116146 20.236809749936118 21.22497595175609 22.213142153576058 23.20130835539603 24.18947455721769 25.17764075903766 25.68820647895336 25.68820647895336 25.68820647895336 25.68820647895336 25.68820647895336 25.68820647895336 25.68820647895336 25.68820647895336 25.68820647895336
9.968418437525383 10.300314815101551 10.63221119267772 10.964107570253889 11.296003947830059 11.627900325406227 11.959796702982395 12.291693080558565 12.6235894581353 12.955485835711468 13.287382213287637 13.619278590863805 13.790762813181484 13.790762813181484 13.790762813181484 13.790762813181484 13.790762813181484 13.790762813181484 13.790762813181484 13.790762813181484 13.790762813181484 13.790762813181484 13.790762813181484 13.790762813181484 14.300417118440087 15.354903404884913 16.40938969132974 17.463875977774567 18.51836226421939 19.57284855066422 20.627334837109046 21.68182112355387 22.736307409998698 23.790793696443522 24.845279982890148 25.899766269334975 26.444598251028296 26.444598251028296 26.444598251028296 26.444598251028296 26.444598251028296 26.444598251028296 26.444598251028296 26.444598251028296 26.444598251028296
10.109627777321498 10.422175928036467 10.734724078751436 11.047272229466403 11.359820380181372 11.67236853089634 11.98491668161131 12.297464832326277 12.610012983041779 12.922561133756748 13.235109284471717 13.547657435186686 13.709144815535947 13.709144815535947 13.709144815535947 13.709144815535947 13.709144815535947 13.709144815535947 13.709144815535947 13.709144815535947 13.709144815535947 13.709144815535947 13.709144815535947 13.709144815535947 14.285116459509597 15.476814819917086 16.668513180324577 17.860211540732067 19.05190990113956 20.24360826154705 21.43530662195454 22.627004982362028 23.818703342769517 25.01040170317701 26.20210006358653 27.39379842399402 28.009525141000942 28.009525141000942 28.009525141000942 28.009525141000942 28.009525141000942 28.009525141000942 28.009525141000942 28.009525141000942 28.009525141000942
10.250837117117735 10.544037040971487 10.837236964825237 11.13043688867899 11.423636812532742 11.716836736386492 12.010036660240244 12.303236584093996 12.596436507948248 12.889636431802 13.18283635565575 13.476036279509502 13.627526817890338 13.627526817890338 13.627526817890338 13.627526817890338 13.627526817890338 13.627526817890338 13.627526817890338 13.627526817890338 13.627526817890338 13.627526817890338 13.627526817890338 13.627526817890338 14.269815800579092 15.598726234949362 16.927636669319632 18.256547103689904 19.585457538060176 20.914367972430448 22.24327840680072 23.572188841170988 24.90109927554126 26.230009709911528 27.558920144284066 28.887830578654338 29.57445203097492 29.57445203097492 29.57445203097492 29.57445203097492 29.57445203097492 29.57445203097492 29.57445203097492 29.57445203097492 29.57445203097492
10.392046456913851 10.665898153906403 10.939749850898954 11.213601547891505 11.487453244884055 11.761304941876606 12.035156638869157 12.309008335861709 12.582860032854727 12.856711729847277 13.130563426839828 13.40441512383238 13.545908820244799 13.545908820244799 13.545908820244799 13.545908820244799 13.545908820244799 13.545908820244799 13.545908820244799 13.545908820244799 13.545908820244799 13.545908820244799 13.545908820244799 13.545908820244799 14.2545151416486 15.720637649981533 17.18676015831447 18.652882666647404 20.119005174980337 21.585127683313274 23.051250191646208 24.51737269997914 25.98349520831208 27.44961771664501 28.915740224980446 30.381862733313383 31.139378920947564 31.139378920947564 31.139378920947564 31.139378920947564 31.139378920947564 31.139378920947564 31.139378920947564 31.139378920947564 31.139378920947564
10.53325579670997 10.78775926684132 11.04226273697267 11.296766207104021 11.551269677235371 11.805773147366722 12.060276617498072 12.314780087629423 12.569283557761207 12.823787027892557 13.078290498023907 13.332793968155258 13.46429082259926 13.46429082259926 13.46429082259926 13.46429082259926 13.46429082259926 13.46429082259926 13.46429082259926 13.46429082259926 13.46429082259926 13.46429082259926 13.46429082259926 13.46429082259926 14.239214482718108 15.842549065013706 17.445883647309305 19.049218229604904 20.6525528119005 22.2558873941961 23.859221976491696 25.4625565587873 27.065891141082894 28.669225723378492 30.272560305676826 31.875894887972425 32.70430581092021 32.70430581092021 32.70430581092021 32.70430581092021 32.70430581092021 32.70430581092021 32.70430581092021 32.70430581092021 32.70430581092021
10.674465136506084 10.909620379776234 11.144775623046383 11.379930866316535 11.615086109586684 11.850241352856834 12.085396596126984 12.320551839397133 12.555707082667684 12.790862325937836 13.026017569207985 13.261172812478135 13.38267282495372 13.38267282495372 13.38267282495372 13.38267282495372 13.38267282495372 13.38267282495372 13.38267282495372 13.38267282495372 13.38267282495372 13.38267282495372 13.38267282495372 13.38267282495372 14.223913823787615 15.964460480045878 17.70500713630414 19.4455537925624 21.186100448820664 22.926647105078928 24.667193761337188 26.40774041759545 28.148287073853712 29.888833730111976 31.629380386373207 33.36992704263147 34.26923270089286 34.26923270089286 34.26923270089286 34.26923270089286 34.26923270089286 34.26923270089286 34.26923270089286 34.26923270089286 34.26923270089286
10.8156744763022 11.031481492711151 11.2472885091201 11.46309552552905 11.678902541938 11.89470955834695 12.110516574755898 12.326323591164849 12.542130607574165 12.757937623983116 12.973744640392065 13.189551656801015 13.301054827308183 13.301054827308183 13.301054827308183 13.301054827308183 13.301054827308183 13.301054827308183 13.301054827308183 13.301054827308183 13.301054827308183 13.301054827308183 13.301054827308183 13.301054827308183 14.208613164857125 16.086371895078052 17.964130625298978 19.841889355519903 21.71964808574083 23.597406815961754 25.47516554618268 27.352924276403606 29.23068300662453 31.108441736845457 32.98620046706959 34.86395919729051 35.834159590865504 35.834159590865504 35.834159590865504 35.834159590865504 35.834159590865504 35.834159590865504 35.834159590865504 35.834159590865504 35.834159590865504
10.956883816098319 11.153342605646067 11.349801395193817 11.546260184741566 11.742718974289314 11.939177763837064 12.135636553384813 12.332095342932561 12.528554132480645 12.725012922028395 12.921471711576142 13.117930501123892 13.219436829662644 13.219436829662644 13.219436829662644 13.219436829662644 13.219436829662644 13.219436829662644 13.219436829662644 13.219436829662644 13.219436829662644 13.219436829662644 13.219436829662644 13.219436829662644 14.193312505926633 16.20828331011022 18.223254114293812 20.238224918477403 22.25319572266099 24.26816652684458 26.283137331028172 28.298108135211763 30.31307893939535 32.328049743578944 34.34302054776597 36.35799135194956 37.39908648083815 37.39908648083815 37.39908648083815 37.39908648083815 37.39908648083815 37.39908648083815 37.39908648083815 37.39908648083815 37.39908648083815
11.098093155894434 11.275203718580983 11.452314281267531 11.62942484395408 11.806535406640629 11.983645969327176 12.160756532013725 12.337867094700274 12.514977657387124 12.692088220073673 12.869198782760222 13.04630934544677 13.137818832017105 13.137818832017105 13.137818832017105 13.137818832017105 13.137818832017105 13.137818832017105 13.137818832017105 13.137818832017105 13.137818832017105 13.137818832017105 13.137818832017105 13.137818832017105 14.17801184699614 16.330194725142395 18.482377603288647 20.634560481434903 22.786743359581152 24.938926237727408 27.091109115873664 29.243291994019913 31.39547487216617 33.547657750312425 35.69984062846235 37.8520235066086 38.96401337081079 38.96401337081079 38.96401337081079 38.96401337081079 38.96401337081079 38.96401337081079 38.96401337081079 38.96401337081079 38.96401337081079
11.239302495690671 11.397064831516003 11.554827167341333 11.712589503166665 11.870351838991997 12.028114174817329 12.185876510642661 12.343638846467993 12.501401182293593 12.659163518118923 12.816925853944255 12.974688189769587 13.056200834371497 13.056200834371497 13.056200834371497 13.056200834371497 13.056200834371497 13.056200834371497 13.056200834371497 13.056200834371497 13.056200834371497 13.056200834371497 13.056200834371497 13.056200834371497 14.162711188065636 16.45210614017467 18.741501092283706 21.03089604439274 23.320290996501775 25.60968594861081 27.899080900719845 30.18847585282888 32.477870804937915 34.76726575704695 37.056660709159885 39.34605566126892 40.52894026078477 40.52894026078477 40.52894026078477 40.52894026078477 40.52894026078477 40.52894026078477 40.52894026078477 40.52894026078477 40.52894026078477
11.380511835486788 11.518925944450919 11.65734005341505 11.79575416237918 11.934168271343312 12.072582380307443 12.210996489271574 12.349410598235705 12.487824707200073 12.626238816164204 12.764652925128335 12.903067034092466 12.974582836725958 12.974582836725958 12.974582836725958 12.974582836725958 12.974582836725958 12.974582836725958 12.974582836725958 12.974582836725958 12.974582836725958 12.974582836725958 12.974582836725958 12.974582836725958 14.147410529135144 16.57401755520684 19.00062458127854 21.427231607350237 23.853838633421937 26.280445659493633 28.70705268556533 31.13365971163703 33.56026673770873 35.98687376378042 38.413480789856266 40.84008781592796 42.09386715075742 42.09386715075742 42.09386715075742 42.09386715075742 42.09386715075742 42.09386715075742 42.09386715075742 42.09386715075742 42.09386715075742
