Figures/CREST_Example_wjb_NSE/Rolling_result/20100722/BJP_forecast/ens_29/wjb.rain.20091106.asc
ncols            288
nrows            254
xllcorner        113.274861
yllcorner        31.4918055
cellsize         0.008333333333
NODATA_value     -9999
[rows 44 to 65 of 254, columns 150 to 199 of 288]
0.5336974374949932 0.5336974374949932 0.5336974374949932 0.5336974374949932 0.5336974374949932 0.5336974374949932 0.5336974374949932 -9999.0 -9999.0 -9999.0 -9999.0 -9999.0 -9999.0 -9999.0 -9999.0 -9999.0 -9999.0 -9999.0 -9999.0 -9999.0 -9999.0 -9999.0 -9999.0 -9999.0 -9999.0 -9999.0 -9999.0 -9999.0 -9999.0 -9999.0 -9999.0 -9999.0 -9999.0 -9999.0 -9999.0 -9999.0 -9999.0 -9999.0 -9999.0 -9999.0 -9999.0 -9999.0 -9999.0 -9999.0 -9999.0 -9999.0 -9999.0 -9999.0 -9999.0 -9999.0
0.5336974374949932 0.5336974374949932 0.5336974374949932 0.5336974374949932 0.5336974374949932 0.5336974374949932 0.5336974374949932 -9999.0 0.5336974374949932 0.518374569333907 0.4866712084907785 -9999.0 -9999.0 -9999.0 -9999.0 -9999.0 -9999.0 -9999.0 -9999.0 -9999.0 -9999.0 -9999.0 -9999.0 -9999.0 -9999.0 -9999.0 -9999.0 -9999.0 -9999.0 -9999.0 -9999.0 -9999.0 -9999.0 -9999.0 -9999.0 -9999.0 -9999.0 -9999.0 -9999.0 -9999.0 -9999.0 -9999.0 -9999.0 -9999.0 -9999.0 -9999.0 -9999.0 -9999.0 -9999.0 -9999.0
0.5336974374949932 0.5336974374949932 0.5336974374949932 0.5336974374949932 0.5336974374949932 0.5336974374949932 0.5336974374949932 0.5336974374949932 0.5336974374949932 0.518374569333907 0.4866712084907785 -9999.0 -9999.0 -9999.0 -9999.0 -9999.0 -9999.0 -9999.0 -9999.0 -9999.0 -9999.0 -9999.0 -9999.0 -9999.0 -9999.0 -9999.0 -9999.0 -9999.0 -9999.0 -9999.0 -9999.0 -9999.0 -9999.0 -9999.0 -9999.0 -9999.0 -9999.0 -9999.0 -9999.0 -9999.0 -9999.0 -9999.0 -9999.0 -9999.0 -9999.0 -9999.0 -9999.0 -9999.0 -9999.0 -9999.0
0.5336974374949932 0.5336974374949932 0.5336974374949932 0.5336974374949932 0.5336974374949932 0.5336974374949932 0.5336974374949932 0.5336974374949932 0.5336974374949932 0.518374569333907 -9999.0 -9999.0 -9999.0 -9999.0 -9999.0 -9999.0 -9999.0 -9999.0 -9999.0 -9999.0 -9999.0 -9999.0 -9999.0 -9999.0 -9999.0 -9999.0 -9999.0 -9999.0 -9999.0 -9999.0 -9999.0 -9999.0 -9999.0 -9999.0 -9999.0 -9999.0 -9999.0 -9999.0 -9999.0 -9999.0 -9999.0 -9999.0 -9999.0 -9999.0 -9999.0 -9999.0 -9999.0 -9999.0 -9999.0 -9999.0
0.5336974374949932 0.5336974374949932 0.5336974374949932 0.5336974374949932 0.5336974374949932 0.5336974374949932 0.5336974374949932 0.5336974374949932 0.5336974374949932 0.518374569333907 0.4866712084907785 0.45496784764764997 0.4232644868045215 -9999.0 -9999.0 -9999.0 -9999.0 -9999.0 -9999.0 -9999.0 -9999.0 -9999.0 -9999.0 -9999.0 -9999.0 -9999.0 -9999.0 -9999.0 -9999.0 -9999.0 -9999.0 -9999.0 -9999.0 -9999.0 -9999.0 -9999.0 -9999.0 -9999.0 -9999.0 -9999.0 -9999.0 -9999.0 -9999.0 -9999.0 -9999.0 -9999.0 -9999.0 -9999.0 -9999.0 -9999.0
0.521430067544481 0.521430067544481 0.521430067544481 0.521430067544481 0.521430067544481 0.521430067544481 0.521430067544481 0.521430067544481 0.521430067544481 0.5066369661815989 0.4760297048277835 0.44542244347396803 0.41481518212015256 0.3842079207663371 0.3536006594125216 0.32299339805870614 -9999.0 -9999.0 -9999.0 -9999.0 -9999.0 -9999.0 -9999.0 -9999.0 -9999.0 -9999.0 -9999.0 -9999.0 -9999.0 -9999.0 -9999.0 -9999.0 -9999.0 -9999.0 -9999.0 -9999.0 -9999.0 -9999.0 -9999.0 -9999.0 -9999.0 -9999.0 -9999.0 -9999.0 -9999.0 -9999.0 -9999.0 -9999.0 -9999.0 -9999.0
0.49604965263488543 0.49604965263488543 0.49604965263488543 0.49604965263488543 0.49604965263488543 0.49604965263488543 0.49604965263488543 0.49604965263488543 0.49604965263488543 0.4823526053730856 0.4540131047481947 0.4256736041233037 0.39733410349841275 0.3689946028735218 0.3406551022486308 0.31231560162373984 0.2839761009988489 0.25563660037395797 0.22729709974906698 -9999.0 -9999.0 -9999.0 -9999.0 -9999.0 -9999.0 -9999.0 -9999.0 -9999.0 -9999.0 -9999.0 -9999.0 -9999.0 -9999.0 -9999.0 -9999.0 -9999.0 -9999.0 -9999.0 -9999.0 -9999.0 -9999.0 -9999.0 -9999.0 -9999.0 -9999.0 -9999.0 -9999.0 -9999.0 -9999.0 -9999.0
0.4706692377252899 0.4706692377252899 0.4706692377252899 0.4706692377252899 0.4706692377252899 0.4706692377252899 0.4706692377252899 0.4706692377252899 0.4706692377252899 0.4580682445645723 0.43199650466860584 0.4059247647726394 0.37985302487667294 0.3537812849807065 0.3277095450847401 0.30163780518877364 0.2755660652928072 0.24949432539684077 0.22342258550087432 0.19735084560486343 -9999.0 -9999.0 -9999.0 -9999.0 -9999.0 -9999.0 -9999.0 -9999.0 -9999.0 -9999.0 -9999.0 -9999.0 -9999.0 -9999.0 -9999.0 -9999.0 -9999.0 -9999.0 -9999.0 -9999.0 -9999.0 -9999.0 -9999.0 -9999.0 -9999.0 -9999.0 -9999.0 -9999.0 -9999.0 -9999.0
0.44528882281569426 0.44528882281569426 0.44528882281569426 0.44528882281569426 0.44528882281569426 0.44528882281569426 0.44528882281569426 0.44528882281569426 0.44528882281569426 0.4337838837560588 0.4099799045890169 0.386175925421975 0.3623719462549331 0.33856796708789116 0.31476398792084925 0.29096000875380734 0.26715602958676543 0.24335205041972355 0.21954807125268164 0.19574409208559912 0.1719401129185572 0.1596410727997035 0.1596410727997035 -9999.0 -9999.0 -9999.0 -9999.0 -9999.0 -9999.0 -9999.0 -9999.0 -9999.0 -9999.0 -9999.0 -9999.0 -9999.0 -9999.0 -9999.0 -9999.0 -9999.0 -9999.0 -9999.0 -9999.0 -9999.0 -9999.0 -9999.0 -9999.0 -9999.0 -9999.0 -9999.0
0.4199084079060771 0.4199084079060771 0.4199084079060771 0.4199084079060771 0.4199084079060771 0.4199084079060771 0.4199084079060771 0.4199084079060771 0.4199084079060771 0.40949952294752473 0.3879633045094093 0.3664270860712938 0.3448908676331784 0.3233546491950629 0.3018184307569475 0.280282212318832 0.2587459938807165 0.23720977544260108 0.2156735570044856 0.19413733856633342 0.17260112012821796 0.16147378663829814 0.16147378663829814 -9999.0 -9999.0 -9999.0 -9999.0 -9999.0 -9999.0 -9999.0 -9999.0 -9999.0 -9999.0 -9999.0 -9999.0 -9999.0 -9999.0 -9999.0 -9999.0 -9999.0 -9999.0 -9999.0 -9999.0 -9999.0 -9999.0 -9999.0 -9999.0 -9999.0 -9999.0 -9999.0
0.3945279929964815 0.3945279929964815 0.3945279929964815 0.3945279929964815 0.3945279929964815 0.3945279929964815 0.3945279929964815 0.3945279929964815 0.3945279929964815 0.38521516213901136 0.3659467044298204 0.34667824672062947 0.3274097890114385 0.3081413313022476 0.28887287359305663 0.26960441588386574 0.2503359581746748 0.23106750046548383 0.21179904275629288 0.1925305850470691 0.17326212733787816 0.16330650047689127 0.16330650047689127 0.16330650047689127 -9999.0 -9999.0 -9999.0 -9999.0 -9999.0 -9999.0 -9999.0 -9999.0 -9999.0 -9999.0 -9999.0 -9999.0 -9999.0 -9999.0 -9999.0 -9999.0 -9999.0 -9999.0 -9999.0 -9999.0 -9999.0 -9999.0 -9999.0 -9999.0 -9999.0 -9999.0
0.3691475780868859 0.3691475780868859 0.3691475780868859 0.3691475780868859 0.3691475780868859 0.3691475780868859 0.3691475780868859 0.3691475780868859 0.3691475780868859 0.36093080133049793 0.3439301043502315 0.3269294073699651 0.3099287103896987 0.2929280134094323 0.2759273164291659 0.25892661944889944 0.24192592246863304 0.22492522548836663 0.2079245285081002 0.19092383152780482 0.17392313454753838 0.16513921431548437 0.16513921431548437 0.16513921431548437 0.16513921431548437 -9999.0 -9999.0 -9999.0 -9999.0 0.16513921431548437 -9999.0 -9999.0 -9999.0 -9999.0 -9999.0 -9999.0 -9999.0 -9999.0 -9999.0 -9999.0 -9999.0 -9999.0 -9999.0 -9999.0 -9999.0 -9999.0 -9999.0 -9999.0 -9999.0 -9999.0
0.34376716317729034 0.34376716317729034 0.34376716317729034 0.34376716317729034 0.34376716317729034 0.34376716317729034 0.34376716317729034 0.34376716317729034 0.34376716317729034 0.33664644052198456 0.32191350427064264 0.30718056801930077 0.29244763176795885 0.277714695516617 0.26298175926527506 0.24824882301393317 0.23351588676259127 0.21878295051124938 0.2040500142599075 0.18931707800854047 0.17458414175719855 0.16697192815407746 0.16697192815407746 0.16697192815407746 0.16697192815407746 0.16697192815407746 -9999.0 -9999.0 0.16697192815407746 0.16697192815407746 0.16697192815407746 0.16697192815407746 0.16697192815407746 -9999.0 -9999.0 -9999.0 -9999.0 -9999.0 -9999.0 -9999.0 -9999.0 -9999.0 -9999.0 -9999.0 -9999.0 -9999.0 -9999.0 -9999.0 -9999.0 -9999.0
0.31838674826769475 0.31838674826769475 0.31838674826769475 0.31838674826769475 0.31838674826769475 0.31838674826769475 0.31838674826769475 0.31838674826769475 0.31838674826769475 0.31236207971347113 0.29989690419105375 0.2874317286686364 0.27496655314621904 0.26250137762380166 0.2500362021013843 0.2375710265789669 0.2251058510565495 0.21264067553413216 0.2001755000117148 0.18771032448927616 0.17524514896685878 0.16880464199267056 0.16880464199267056 0.16880464199267056 0.16880464199267056 0.16880464199267056 0.16880464199267056 0.16880464199267056 0.16880464199267056 0.16880464199267056 0.16880464199267056 0.16880464199267056 0.16880464199267056 0.16679045815718013 0.1626230662305195 -9999.0 -9999.0 0.1501208904505376 -9999.0 -9999.0 -9999.0 -9999.0 -9999.0 -9999.0 0.12094914696391312 -9999.0 -9999.0 -9999.0 -9999.0 -9999.0
0.29300633335809917 0.29300633335809917 0.29300633335809917 0.29300633335809917 0.29300633335809917 0.29300633335809917 0.29300633335809917 0.29300633335809917 0.29300633335809917 0.28807771890495776 0.2778803041114649 0.267682889317972 0.2574854745244792 0.24728805973098633 0.2370906449374935 0.22689323014400065 0.21669581535050778 0.2064984005570149 0.19630098576352206 0.18610357097001184 0.17590615617651897 0.17063735583126366 0.17063735583126366 0.17063735583126366 0.17063735583126366 0.17063735583126366 0.17063735583126366 0.17063735583126366 0.17063735583126366 0.17063735583126366 0.17063735583126366 0.17063735583126366 0.17063735583126366 0.16848221765167684 0.1640231879979802 0.1595641583442836 0.15510512869058699 0.15064609903689036 0.14618706938319373 0.1417280397294971 0.13726901007580047 0.13280998042210385 0.12835095076840722 0.12389192111471059 0.11943289146101398 0.11638125311193095 -9999.0 -9999.0 -9999.0 -9999.0
0.26762591844848194 0.26762591844848194 0.26762591844848194 0.26762591844848194 0.26762591844848194 0.26762591844848194 0.26762591844848194 0.26762591844848194 0.26762591844848194 0.2637933580964236 0.2558637040318572 0.24793404996729085 0.24000439590272443 0.23207474183815804 0.22414508777359166 0.21621543370902524 0.20828577964445885 0.20035612557989246 0.19242647151532608 0.18449681745074614 0.17656716338617975 0.17247006966985834 0.17247006966985834 0.17247006966985834 0.17247006966985834 0.17247006966985834 0.17247006966985834 0.17247006966985834 0.17247006966985834 0.17247006966985834 0.17247006966985834 0.17247006966985834 0.17247006966985834 0.17017397714617502 0.16542330976544214 0.1606726423847093 0.15592197500397642 0.15117130762324357 0.1464206402425107 0.14166997286177785 0.13691930548104497 0.1321686381003121 0.12741797071957925 0.12266730333884637 0.11791663595811352 0.1148843945696629 0.11368918945000829 0.11249398433035368 0.11129877921069907 0.11010357409104447
0.24224550353888638 0.24224550353888638 0.24224550353888638 0.24224550353888638 0.24224550353888638 0.24224550353888638 0.24224550353888638 0.24224550353888638 0.24224550353888638 0.23950899728791025 0.23384710395226838 0.2281852106166265 0.22252331728098462 0.21686142394534275 0.21119953060970087 0.205537637274059 0.19987574393841712 0.19421385060277524 0.18855195726713336 0.18289006393148183 0.17722817059583995 0.17430278350845144 0.17430278350845144 0.17430278350845144 0.17430278350845144 0.17430278350845144 0.17430278350845144 0.17430278350845144 0.17430278350845144 0.17430278350845144 0.17430278350845144 0.17430278350845144 0.17430278350845144 0.17186573664067173 0.16682343153290288 0.161781126425134 0.15673882131736516 0.15169651620959632 0.14665421110182747 0.14161190599405862 0.13656960088628978 0.1315272957785209 0.12648499067075206 0.12144268556298321 0.11640038045521436 0.11338753602739612 0.11254423098731133 0.11170092594722651 0.1108576209071417 0.11001431586705689
0.22374036236107692 0.22374036236107692 0.22374036236107692 0.22374036236107692 0.22374036236107692 0.22374036236107692 0.22374036236107692 0.22374036236107692 0.22374036236107692 0.22171637946997133 0.21752871308385724 0.21334104669774315 0.20915338031162906 0.20496571392551494 0.20077804753940084 0.19659038115328675 0.19240271476717266 0.18821504838105857 0.18402738199494448 0.17983971560882323 0.17565204922270913 0.1734883657256868 0.1734883657256868 0.1734883657256868 0.1734883657256868 0.1734883657256868 0.1734883657256868 0.1734883657256868 0.1734883657256868 0.1734883657256868 0.1734883657256868 0.1734883657256868 0.1734883657256868 0.17113309021621498 0.16625997189886713 0.16138685358151925 0.1565137352641714 0.15164061694682351 0.14676749862947566 0.14189438031212778 0.13702126199477993 0.13214814367743205 0.1272750253600842 0.12240190704273632 -9999.0 -9999.0 -9999.0 0.11519708273914989 0.11527203756759484 0.11534699239603981
0.2125844552968485 0.2125844552968485 0.2125844552968485 0.2125844552968485 0.2125844552968485 0.2125844552968485 0.2125844552968485 0.2125844552968485 0.2125844552968485 0.21086302558596984 0.20730134857378574 0.20373967156160164 0.2001779945494175 0.1966163175372334 0.1930546405250493 0.1894929635128652 0.1859312865006811 0.18236960948849698 0.17880793247631288 0.1752462554641227 0.1716845784519386 0.16984433114892036 0.16984433114892036 0.16984433114892036 0.16984433114892036 0.16984433114892036 0.16984433114892036 0.16984433114892036 0.16984433114892036 0.16984433114892036 0.16984433114892036 0.16984433114892036 0.16984433114892036 0.16780890673013327 0.16359756755606236 0.15938622838199143 0.1551748892079205 0.1509635500338496 0.14675221085977866 0.14254087168570773 0.13832953251163682 0.1341181933375659 0.12990685416349496 0.12569551498942405 -9999.0 -9999.0 -9999.0 0.12327814010590199 0.12487675770666827 0.12647537530743455
0.20142854823262007 0.20142854823262007 0.20142854823262007 0.20142854823262007 0.20142854823262007 0.20142854823262007 0.20142854823262007 0.20142854823262007 0.20142854823262007 0.20000967170196834 0.1970739840637142 0.1941382964254601 0.191202608787206 0.18826692114895188 0.18533123351069777 0.18239554587244364 0.17945985823418953 0.17652417059593542 0.1735884829576813 0.17065279531942218 0.16771710768116807 0.16620029657215393 0.16620029657215393 0.16620029657215393 0.16620029657215393 0.16620029657215393 0.16620029657215393 0.16620029657215393 0.16620029657215393 0.16620029657215393 0.16620029657215393 0.16620029657215393 0.16620029657215393 0.16448472324405158 0.1609351632132576 0.1573856031824636 0.15383604315166963 0.15028648312087564 0.14673692309008166 0.14318736305928767 0.13963780302849368 0.1360882429976997 0.1325386829669057 0.12898912293611176 -9999.0 -9999.0 -9999.0 -9999.0 -9999.0 -9999.0
0.19027264116839165 0.19027264116839165 0.19027264116839165 0.19027264116839165 0.19027264116839165 0.19027264116839165 0.19027264116839165 0.19027264116839165 0.19027264116839165 0.18915631781796682 0.1868466195536427 0.1845369212893186 0.18222722302499447 0.17991752476067033 0.1776078264963462 0.1752981282320221 0.17298842996769798 0.17067873170337383 0.16836903343904971 0.16605933517472166 0.16374963691039754 0.1625562619953875 0.1625562619953875 0.1625562619953875 0.1625562619953875 0.1625562619953875 0.1625562619953875 0.1625562619953875 0.1625562619953875 0.1625562619953875 0.1625562619953875 0.1625562619953875 0.1625562619953875 0.16116053975796987 0.15827275887045283 0.15538497798293577 0.15249719709541873 0.1496094162079017 0.14672163532038465 0.1438338544328676 0.14094607354535058 0.13805829265783354 0.13517051177031647 0.13228273088279943 -9999.0 -9999.0 -9999.0 -9999.0 -9999.0 -9999.0
0.17911673410416323 0.17911673410416323 0.17911673410416323 0.17911673410416323 0.17911673410416323 0.17911673410416323 0.17911673410416323 0.17911673410416323 0.17911673410416323 0.17830296393396533 0.1766192550435712 0.17493554615317708 0.17325183726278293 0.1715681283723888 0.16988441948199468 0.16820071059160052 0.1665170017012064 0.16483329281081227 0.16314958392041815 0.16146587503002113 0.159782166139627 0.15891222741862107 0.15891222741862107 0.15891222741862107 0.15891222741862107 0.15891222741862107 0.15891222741862107 0.15891222741862107 0.15891222741862107 0.15891222741862107 0.15891222741862107 0.15891222741862107 0.15891222741862107 0.15783635627188816 0.15561035452764804 0.15338435278340795 0.15115835103916786 0.14893234929492777 0.14670634755068765 0.14448034580644756 0.14225434406220747 0.14002834231796735 0.13780234057372726 0.13557633882948716 0.13335033708524707 -9999.0 -9999.0 -9999.0 -9999.0 -9999.0
