Figures/CREST_Example_wjb_NSE/Rolling_result/20100722/BJP_forecast/ens_29/wjb.rain.20090730.asc
ncols            288
nrows            254
xllcorner        113.274861
yllcorner        31.4918055
cellsize         0.008333333333
NODATA_value     -9999
[rows 40 to 59 of 254, columns 88 to 131 of 288]
0.2645602524280548 0.2645602524280548 0.2645602524280548 0.2645602524280548 0.2645602524280548 0.2645602524280548 0.2645602524280548 0.2645602524280548 0.2645602524280548 0.2645602524280548 0.2645602524280548 0.25390464741549534 0.2318579597140441 0.20981127201259284 0.18776458431114157 0.16571789660969033 0.14367120890820148 0.12162452120675021 0.09957783350529897 0.0775311458038477 0.05548445810239647 0.0334377704009452 0.01139108269949396 0.0 0.0 0.0 0.0 0.0 0.0 0.0 0.0 0.0 0.0 0.0 0.0 0.02709827327412004 0.08316521350000954 0.13923215372589903 0.19529909395178854 0.25136603417767805 0.30743297440356754 0.363499914629457 0.41956685485544215 0.47563379508133163
0.2645602524280548 0.2645602524280548 0.2645602524280548 0.2645602524280548 0.2645602524280548 0.2645602524280548 0.2645602524280548 0.2645602524280548 0.2645602524280548 0.2645602524280548 0.2645602524280548 0.25390464741549534 0.2318579597140441 0.20981127201259284 0.18776458431114157 0.16571789660969033 0.14367120890820148 0.12162452120675021 0.09957783350529897 0.0775311458038477 0.05548445810239647 0.0334377704009452 0.01139108269949396 0.0 0.0 0.0 0.0 0.0 0.0 0.0 0.0 0.0 0.0 0.0 0.0 0.02709827327412004 0.08316521350000954 0.13923215372589903 0.19529909395178854 0.25136603417767805 0.30743297440356754 0.363499914629457 0.41956685485544215 0.47563379508133163
0.2645602524280548 0.2645602524280548 0.2645602524280548 0.2645602524280548 0.2645602524280548 0.2645602524280548 0.2645602524280548 0.2645602524280548 0.2645602524280548 0.2645602524280548 0.2645602524280548 0.25390464741549534 0.2318579597140441 0.20981127201259284 0.18776458431114157 0.16571789660969033 0.14367120890820148 0.12162452120675021 0.09957783350529897 0.0775311458038477 0.05548445810239647 0.0334377704009452 0.01139108269949396 0.0 0.0 0.0 0.0 0.0 0.0 0.0 0.0 0.0 0.0 0.0 0.0 0.02709827327412004 0.08316521350000954 0.13923215372589903 0.19529909395178854 0.25136603417767805 0.30743297440356754 0.363499914629457 0.41956685485544215 0.47563379508133163
0.2645602524280548 0.2645602524280548 0.2645602524280548 0.2645602524280548 0.2645602524280548 0.2645602524280548 0.2645602524280548 0.2645602524280548 0.2645602524280548 0.2645602524280548 0.2645602524280548 0.25390464741549534 0.2318579597140441 0.20981127201259284 0.18776458431114157 0.16571789660969033 0.14367120890820148 0.12162452120675021 0.09957783350529897 0.0775311458038477 0.05548445810239647 0.0334377704009452 0.01139108269949396 0.0 0.0 0.0 0.0 0.0 0.0 0.0 0.0 0.0 0.0 0.0 0.0 0.02709827327412004 0.08316521350000954 0.13923215372589903 0.19529909395178854 0.25136603417767805 0.30743297440356754 0.363499914629457 0.41956685485544215 0.47563379508133163
0.2645602524280548 0.2645602524280548 0.2645602524280548 0.2645602524280548 0.2645602524280548 0.2645602524280548 0.2645602524280548 0.2645602524280548 0.2645602524280548 0.2645602524280548 0.2645602524280548 0.25390464741549534 0.2318579597140441 0.20981127201259284 0.18776458431114157 0.16571789660969033 0.14367120890820148 0.12162452120675021 0.09957783350529897 0.0775311458038477 0.05548445810239647 0.0334377704009452 0.01139108269949396 0.0 0.0 0.0 0.0 0.0 0.0 0.0 0.0 0.0 0.0 0.0 0.0 0.02709827327412004 0.08316521350000954 0.13923215372589903 0.19529909395178854 0.25136603417767805 0.30743297440356754 0.363499914629457 0.41956685485544215 0.47563379508133163
0.2645602524280548 0.2645602524280548 0.2645602524280548 0.2645602524280548 0.2645602524280548 0.2645602524280548 0.2645602524280548 0.2645602524280548 0.2645602524280548 0.2645602524280548 0.2645602524280548 0.25390464741549534 0.2318579597140441 0.20981127201259284 0.18776458431114157 0.16571789660969033 0.14367120890820148 0.12162452120675021 0.09957783350529897 0.0775311458038477 0.05548445810239647 0.0334377704009452 0.01139108269949396 0.0 0.0 0.0 0.0 0.0 0.0 0.0 0.0 0.0 0.0 0.0 0.0 0.02709827327412004 0.08316521350000954 0.13923215372589903 0.19529909395178854 0.25136603417767805 0.30743297440356754 0.363499914629457 0.41956685485544215 0.47563379508133163
0.2645602524280548 0.2645602524280548 0.2645602524280548 0.2645602524280548 0.2645602524280548 0.2645602524280548 0.2645602524280548 0.2645602524280548 0.2645602524280548 0.2645602524280548 0.2645602524280548 0.25390464741549534 0.2318579597140441 0.20981127201259284 0.18776458431114157 0.16571789660969033 0.14367120890820148 0.12162452120675021 0.09957783350529897 0.0775311458038477 0.05548445810239647 0.0334377704009452 0.01139108269949396 0.0 0.0 0.0 0.0 0.0 0.0 0.0 0.0 0.0 0.0 0.0 0.0 0.02709827327412004 0.08316521350000954 0.13923215372589903 0.19529909395178854 0.25136603417767805 0.30743297440356754 0.363499914629457 0.41956685485544215 0.47563379508133163
0.2645602524280548 0.2645602524280548 0.2645602524280548 0.2645602524280548 0.2645602524280548 0.2645602524280548 0.2645602524280548 0.2645602524280548 0.2645602524280548 0.2645602524280548 0.2645602524280548 0.25390464741549534 0.2318579597140441 0.20981127201259284 0.18776458431114157 0.16571789660969033 0.14367120890820148 0.12162452120675021 0.09957783350529897 0.0775311458038477 0.05548445810239647 0.0334377704009452 0.01139108269949396 0.0 0.0 0.0 0.0 0.0 0.0 0.0 0.0 0.0 0.0 0.0 0.0 0.02709827327412004 0.08316521350000954 0.13923215372589903 0.19529909395178854 0.25136603417767805 0.30743297440356754 0.363499914629457 0.41956685485544215 0.47563379508133163
0.2645602524280548 0.2645602524280548 0.2645602524280548 0.2645602524280548 0.2645602524280548 0.2645602524280548 0.2645602524280548 0.2645602524280548 0.2645602524280548 0.2645602524280548 0.2645602524280548 0.25390464741549534 0.2318579597140441 0.20981127201259284 0.18776458431114157 0.16571789660969033 0.14367120890820148 0.12162452120675021 0.09957783350529897 0.0775311458038477 0.05548445810239647 0.0334377704009452 0.01139108269949396 0.0 0.0 0.0 0.0 0.0 0.0 0.0 0.0 0.0 0.0 0.0 0.0 0.02709827327412004 0.08316521350000954 0.13923215372589903 0.19529909395178854 0.25136603417767805 0.30743297440356754 0.363499914629457 0.41956685485544215 0.47563379508133163
0.26664687710379437 0.26664687710379437 0.26664687710379437 0.26664687710379437 0.26664687710379437 0.26664687710379437 0.26664687710379437 0.26664687710379437 0.26664687710379437 0.26664687710379437 0.26664687710379437 0.257065730048046 0.23724212015346094 0.2174185102588759 0.19759490036429087 0.1777712904697058 0.15794768057508696 0.13812407068050192 0.11830046078591688 0.09847685089133185 0.07865324099674681 0.058829631102161745 0.03900602120757671 0.028763558359206964 0.028763558359206964 0.028763558359206964 0.028763558359206964 0.028763558359206964 0.028763558359206964 0.028763558359206964 0.028763558359206964 0.028763558359206964 0.028763558359206964 0.028763558359206964 0.028763558359206964 0.054657432855425986 0.10823244477261391 0.16180745668980184 0.21538246860698979 0.26895748052417773 0.32253249244136567 0.3761075043585536 0.42968251627583287 0.4832575281930208
0.27096397198595035 0.27096397198595035 0.27096397198595035 0.27096397198595035 0.27096397198595035 0.27096397198595035 0.27096397198595035 0.27096397198595035 0.27096397198595035 0.27096397198595035 0.27096397198595035 0.26360581069298505 0.24838160860481595 0.23315740651664685 0.21793320442847774 0.20270900234030867 0.18748480025211361 0.1722605981639445 0.1570363960757754 0.14181219398760633 0.12658799189943723 0.11136378981126813 0.09613958772309902 0.08827354692057399 0.08827354692057399 0.08827354692057399 0.08827354692057399 0.08827354692057399 0.08827354692057399 0.08827354692057399 0.08827354692057399 0.08827354692057399 0.08827354692057399 0.08827354692057399 0.08827354692057399 0.11167559628858274 0.1600949656634039 0.20851433503822506 0.2569337044130462 0.30535307378786736 0.3537724431626885 0.40219181253750963 0.4506111819124134 0.4990305512872345
0.2752810668681064 0.2752810668681064 0.2752810668681064 0.2752810668681064 0.2752810668681064 0.2752810668681064 0.2752810668681064 0.2752810668681064 0.2752810668681064 0.2752810668681064 0.2752810668681064 0.27014589133792416 0.259521097056171 0.24889630277441788 0.23827150849266474 0.2276467142109116 0.21702191992914033 0.2063971256473872 0.19577233136563404 0.18514753708388088 0.17452274280212776 0.1638979485203746 0.15327315423862148 0.14778353548194112 0.14778353548194112 0.14778353548194112 0.14778353548194112 0.14778353548194112 0.14778353548194112 0.14778353548194112 0.14778353548194112 0.14778353548194112 0.14778353548194112 0.14778353548194112 0.14778353548194112 0.1686937597217396 0.211957486554194 0.2552212133866484 0.2984849402191027 0.3417486670515571 0.38501239388401143 0.4282761207164658 0.471539847548994 0.5148035743814483
0.27959816175026236 0.27959816175026236 0.27959816175026236 0.27959816175026236 0.27959816175026236 0.27959816175026236 0.27959816175026236 0.27959816175026236 0.27959816175026236 0.27959816175026236 0.27959816175026236 0.2766859719828632 0.27066058550752603 0.2646351990321888 0.2586098125568516 0.25258442608151443 0.24655903960616696 0.24053365313082975 0.23450826665549257 0.22848288018015536 0.22245749370481815 0.21643210722948097 0.21040672075414377 0.20729352404330814 0.20729352404330814 0.20729352404330814 0.20729352404330814 0.20729352404330814 0.20729352404330814 0.20729352404330814 0.20729352404330814 0.20729352404330814 0.20729352404330814 0.20729352404330814 0.20729352404330814 0.22571192315489638 0.26382000744498396 0.30192809173507157 0.3400361760251591 0.3781442603152467 0.41625234460533433 0.45436042889542194 0.4924685131855745 0.5305765974756621
0.283915256632422 0.283915256632422 0.283915256632422 0.283915256632422 0.283915256632422 0.283915256632422 0.283915256632422 0.283915256632422 0.283915256632422 0.283915256632422 0.283915256632422 0.2832260526278078 0.2818000739588905 0.2803740952899732 0.2789481166210559 0.27752213795213854 0.2760961592832188 0.2746701806143015 0.2732442019453842 0.2718182232764669 0.2703922446075495 0.2689662659386322 0.2675402872697149 0.266803512604726 0.266803512604726 0.266803512604726 0.266803512604726 0.266803512604726 0.266803512604726 0.266803512604726 0.266803512604726 0.266803512604726 0.266803512604726 0.266803512604726 0.266803512604726 0.2827300865881019 0.3156825283358183 0.3486349700835347 0.3815874118312511 0.4145398535789675 0.44749229532668394 0.48044473707440033 0.513397178822173 0.5463496205698893
0.288232351514578 0.288232351514578 0.288232351514578 0.288232351514578 0.288232351514578 0.288232351514578 0.288232351514578 0.288232351514578 0.288232351514578 0.288232351514578 0.288232351514578 0.2897661332727469 0.29293956241024555 0.2961129915477442 0.2992864206852428 0.30245984982274143 0.30563327896024545 0.30880670809774413 0.31198013723524276 0.3151535663727414 0.31832699551024 0.32150042464773865 0.3246738537852373 0.3263135011660931 0.3263135011660931 0.3263135011660931 0.3263135011660931 0.3263135011660931 0.3263135011660931 0.3263135011660931 0.3263135011660931 0.3263135011660931 0.3263135011660931 0.3263135011660931 0.3263135011660931 0.3397482500212587 0.3675450492266083 0.39534184843195797 0.4231386476373076 0.4509354468426572 0.4787322460480068 0.5065290452533564 0.5343258444587535 0.5621226436641031
0.292549446396734 0.292549446396734 0.292549446396734 0.292549446396734 0.292549446396734 0.292549446396734 0.292549446396734 0.292549446396734 0.292549446396734 0.292549446396734 0.292549446396734 0.296306213917686 0.3040790508616006 0.31185188780551515 0.31962472474942977 0.32739756169334433 0.33517039863727216 0.3429432355811867 0.35071607252510134 0.3584889094690159 0.3662617464129305 0.3740345833568451 0.38180742030075965 0.38582348972746017 0.38582348972746017 0.38582348972746017 0.38582348972746017 0.38582348972746017 0.38582348972746017 0.38582348972746017 0.38582348972746017 0.38582348972746017 0.38582348972746017 0.38582348972746017 0.38582348972746017 0.3967664134544155 0.4194075701173984 0.4420487267803812 0.46468988344336404 0.48733104010634687 0.5099721967693297 0.5326133534323125 0.555254510095334 0.5778956667583168
0.29686654127889 0.29686654127889 0.29686654127889 0.29686654127889 0.29686654127889 0.29686654127889 0.29686654127889 0.29686654127889 0.29686654127889 0.29686654127889 0.29686654127889 0.3028462945626251 0.31521853931295557 0.3275907840632861 0.3399630288136167 0.35233527356394717 0.3647075183142988 0.37707976306462937 0.38945200781495987 0.4018242525652904 0.4141964973156209 0.42656874206595147 0.438940986816282 0.44533347828882724 0.44533347828882724 0.44533347828882724 0.44533347828882724 0.44533347828882724 0.44533347828882724 0.44533347828882724 0.44533347828882724 0.44533347828882724 0.44533347828882724 0.44533347828882724 0.44533347828882724 0.45378457688757234 0.4712700910081884 0.48875560512880445 0.5062411192494205 0.5237266333700366 0.5412121474906526 0.5586976616112687 0.5761831757319146 0.5936686898525306
0.301183636161046 0.301183636161046 0.301183636161046 0.301183636161046 0.301183636161046 0.301183636161046 0.301183636161046 0.301183636161046 0.301183636161046 0.301183636161046 0.301183636161046 0.3093863752075641 0.3263580277643106 0.3433296803210571 0.3603013328778036 0.37727298543455007 0.3942446379913255 0.41121629054807196 0.42818794310481845 0.44515959566156493 0.4621312482183114 0.4791029007750579 0.4960745533318044 0.5048434668501943 0.5048434668501943 0.5048434668501943 0.5048434668501943 0.5048434668501943 0.5048434668501943 0.5048434668501943 0.5048434668501943 0.5048434668501943 0.5048434668501943 0.5048434668501943 0.5048434668501943 0.5108027403207291 0.5231326118989784 0.5354624834772277 0.547792355055477 0.5601222266337264 0.5724520982119756 0.5847819697902249 0.5971118413684952 0.6094417129467444
0.30550073104320197 0.30550073104320197 0.30550073104320197 0.30550073104320197 0.30550073104320197 0.30550073104320197 0.30550073104320197 0.30550073104320197 0.30550073104320197 0.30550073104320197 0.30550073104320197 0.3159264558525032 0.33749751621566565 0.35906857657882807 0.38063963694199054 0.40221069730515296 0.4237817576683522 0.4453528180315146 0.4669238783946771 0.4884949387578395 0.5100659991210019 0.5316370594841644 0.5532081198473269 0.5643534554115615 0.5643534554115615 0.5643534554115615 0.5643534554115615 0.5643534554115615 0.5643534554115615 0.5643534554115615 0.5643534554115615 0.5643534554115615 0.5643534554115615 0.5643534554115615 0.5643534554115615 0.567820903753886 0.5749951327897685 0.582169361825651 0.5893435908615335 0.596517819897416 0.6036920489332985 0.610866277969181 0.6180405070050757 0.6252147360409582
0.30981782592536167 0.30981782592536167 0.30981782592536167 0.30981782592536167 0.30981782592536167 0.30981782592536167 0.30981782592536167 0.30981782592536167 0.30981782592536167 0.30981782592536167 0.30981782592536167 0.32246653649744783 0.3486370046670302 0.3748074728366125 0.40097794100619477 0.42714840917577707 0.453318877345404 0.47948934551498634 0.5056598136845687 0.5318302818541509 0.5580007500237333 0.5841712181933156 0.6103416863628979 0.6238634439729792 0.6238634439729792 0.6238634439729792 0.6238634439729792 0.6238634439729792 0.6238634439729792 0.6238634439729792 0.6238634439729792 0.6238634439729792 0.6238634439729792 0.6238634439729792 0.6238634439729792 0.6248390671870914 0.6268576536806028 0.628876240174114 0.6308948266676254 0.6329134131611367 0.634931999654648 0.6369505861481594 0.6389691726416741 0.6409877591351855
