Figures/CREST_Example_wjb_NSE/Rolling_result/20100722/BJP_forecast/ens_29/wjb.rain.20100727.asc
ncols            288
nrows            254
xllcorner        113.274861
yllcorner        31.4918055
cellsize         0.008333333333
NODATA_value     -9999
[rows 138 to 160 of 254, columns 52 to 103 of 288]
0.9753230262959208 0.9836096579094163 0.9918962895229118 1.0001829211364073 1.0084695527499028 1.0167561843633983 1.0250428159768936 1.0333294475903891 1.0416160792038847 1.0499027108173802 1.0581893424308755 1.0676551388992832 1.0783814892520447 1.0891078396048246 1.0998341899575863 1.1105605403103478 1.1212868906631095 1.1320132410158712 1.1427395913686327 1.1534659417213944 1.1641922920741559 1.1749186424269176 1.1856449927796793 1.2057037205331984 1.2357389707012305 1.2657742208692628 1.2958094710373462 1.3258447212053783 1.3558799713734107 1.3859152215414428 1.415950471709475 1.4459857218775072 1.4760209720455393 1.5060562222135716 1.5360914723816037 1.5426947613921005 1.5242487541607042 1.5058027469293078 1.4873567396979115 1.4689107324664836 1.4504647252350873 1.432018718003691 1.4135727107722946 1.3951267035408983 1.376680696309502 1.3582346890781056 1.339788681846709 1.2766796412018728 1.1658248079765523 1.054969974751232 0.9441151415259115 0.833260308300591
0.9521164864727727 0.9632206031807486 0.9743247198887247 0.9854288365967008 0.9965329533046768 1.007637070012653 1.0187411867206289 1.0298453034286048 1.040949420136581 1.052053536844557 1.063157653552533 1.0776457040900693 1.095751256383598 1.1138568086771576 1.1319623609706864 1.1500679132642153 1.168173465557744 1.1862790178512728 1.2043845701448015 1.2224901224383302 1.240595674731859 1.2587012270253877 1.2768067793189164 1.3009867406486137 1.3316603825595676 1.3623340244705215 1.3930076663815278 1.4236813082924817 1.4543549502034356 1.4850285921143895 1.5157022340253434 1.5463758759362973 1.5770495178472512 1.6077231597582051 1.638396801669159 1.643405032674364 1.6209763591616018 1.5985476856488394 1.576119012136077 1.5536903386232765 1.5312616651105142 1.508832991597752 1.4864043180849897 1.4639756445722274 1.441546971059465 1.4191182975467027 1.3966896240339404 1.3293139189716854 1.2138888209001153 1.098463722828545 0.9830386247569747 0.8676135266854044
0.9289099466496243 0.942831548452081 0.9567531502545374 0.970674752056994 0.9845963538594507 0.9985179556619073 1.0124395574643639 1.0263611592668205 1.040282761069277 1.0542043628717337 1.0681259646741903 1.0876362692808554 1.1131210235151512 1.1386057777494907 1.1640905319837866 1.1895752862180824 1.2150600404523784 1.2405447946866743 1.26602954892097 1.291514303155266 1.316999057389562 1.342483811623858 1.3679685658581537 1.3962697607640293 1.427581794417905 1.4588938280717805 1.4902058617257095 1.5215178953795852 1.5528299290334606 1.5841419626873363 1.6154539963412118 1.6467660299950873 1.678078063648963 1.7093900973028386 1.740702130956714 1.7441153039566273 1.7177039641624992 1.691292624368371 1.6648812845742427 1.6384699447800695 1.6120586049859413 1.585647265191813 1.5592359253976849 1.5328245856035567 1.5064132458094284 1.4800019060153002 1.4535905662211719 1.3819481967414984 1.2619528338236783 1.141957470905858 1.0219621079880379 0.9019667450702178
0.905703406826476 0.9224424937234131 0.9391815806203503 0.9559206675172874 0.9726597544142246 0.9893988413111617 1.0061379282080989 1.0228770151050361 1.0396161020019732 1.0563551888989104 1.0730942757958475 1.0976268344716413 1.1304907906467045 1.1633547468218235 1.1962187029968867 1.2290826591719497 1.2619466153470127 1.294810571522076 1.327674527697139 1.3605384838722019 1.393402440047265 1.426266396222328 1.4591303523973913 1.4915527808794449 1.5235032062762421 1.5554536316730394 1.5874040570698913 1.6193544824666886 1.6513049078634858 1.683255333260283 1.7152057586570804 1.7471561840538776 1.779106609450675 1.8110570348474722 1.8430074602442694 1.844825575238891 1.8144315691633968 1.7840375630879026 1.7536435570124085 1.7232495509368624 1.6928555448613682 1.662461538785874 1.63206753271038 1.6016735266348858 1.5712795205593917 1.5408855144838975 1.5104915084084034 1.434582474511311 1.310016846747241 1.185451218983171 1.060885591219101 0.936319963455031
0.8824968670033277 0.9020534389947454 0.9216100109861631 0.9411665829775809 0.9607231549689986 0.9802797269604164 0.9998362989518341 1.0193928709432518 1.0389494429346695 1.0585060149260874 1.0780625869175051 1.1076173996624277 1.147860557778258 1.1881037158941568 1.228346874009987 1.2685900321258172 1.3088331902416472 1.3490763483574775 1.3893195064733077 1.429562664589138 1.4698058227049682 1.5100489808207984 1.5502921389366286 1.5868358009948604 1.6194246181345795 1.6520134352742986 1.684602252414073 1.717191069553792 1.7497798866935108 1.7823687038332299 1.814957520972949 1.8475463381126678 1.8801351552523868 1.9127239723921057 1.9453127895318247 1.9455358465211545 1.9111591741642944 1.8767825018074342 1.842405829450574 1.8080291570936553 1.7736524847367954 1.7392758123799352 1.704899140023075 1.670522467666215 1.6361457953093548 1.6017691229524949 1.5673924505956347 1.4872167522811237 1.3580808596708038 1.228944967060484 1.099809074450164 0.9706731818398443
0.8592903271801794 0.8816643842660776 0.904038441351976 0.9264124984378743 0.9487865555237726 0.9711606126096708 0.9935346696955691 1.0159087267814675 1.0382827838673658 1.060656840953264 1.0830308980391623 1.1176079648532136 1.165230324909811 1.2128526849664896 1.260475045023087 1.3080974050796843 1.3557197651362818 1.403342125192879 1.4509644852494765 1.498586845306074 1.5462092053626713 1.5938315654192687 1.641453925475866 1.6821188211102762 1.7153460299929169 1.7485732388755575 1.7818004477582547 1.8150276566408954 1.848254865523536 1.8814820744061767 1.9147092832888173 1.9479364921714577 1.9811637010540983 2.014390909936739 2.0476181188193796 2.0462461178034177 2.0078867791651915 1.9695274405269656 1.9311681018887397 1.8928087632504482 1.8544494246122223 1.8160900859739961 1.7777307473357702 1.739371408697544 1.701012070059318 1.6626527314210922 1.624293392782866 1.5398510300509363 1.4061448725943666 1.272438715137797 1.1387325576812273 1.0050264002246576
0.8360837873570113 0.8612753295373925 0.8864668717177738 0.911658413898155 0.9368499560785364 0.9620414982589176 0.9872330404392988 1.01242458261968 1.0376161248000613 1.0628076669804427 1.087999209160824 1.1275985300440083 1.182600092041379 1.2376016540388437 1.2926032160362146 1.3476047780335854 1.4026063400309563 1.457607902028327 1.512609464025698 1.5676110260230687 1.6226125880204396 1.6776141500178103 1.7326157120151813 1.777401841225773 1.811267441851336 1.8451330424768988 1.8789986431025194 1.9128642437280823 1.9467298443536452 1.9805954449792078 2.014461045604771 2.0483266462303336 2.0821922468558967 2.1160578474814593 2.1499234481070224 2.146956389085767 2.104614384166172 2.0622723792465765 2.019930374326981 1.9775883694073135 1.935246364487718 1.8929043595681228 1.8505623546485275 1.808220349728932 1.7658783448093367 1.7235363398897414 1.681194334970146 1.592485307820794 1.4542088855179705 1.315932463215147 1.1776560409123236 1.0393796186095003
0.7909007676301669 0.8164746858661782 0.8420486041021895 0.8676225223382008 0.893196440574212 0.9187703588102233 0.9443442770462346 0.9699181952822459 0.9954921135182572 1.0210660317542684 1.0466399499902796 1.087134559848031 1.1435797263244616 1.2000248928009885 1.2564700592774192 1.3129152257538497 1.3693603922302802 1.4258055587067109 1.4822507251831416 1.538695891659572 1.5951410581360026 1.6515862246124333 1.708031391088864 1.7573729255796602 1.7991205168890139 1.8408681081983675 1.8826156995077923 1.924363290817146 1.9661108821264996 2.0078584734358533 2.0496060647452072 2.0913536560545607 2.1331012473639146 2.174848838673268 2.216596429982622 2.21622369903513 2.170823391312383 2.125423083589636 2.080022775866889 2.0346224681440646 1.9892221604213174 1.9438218526985704 1.8984215449758235 1.8530212372530763 1.8076209295303294 1.7622206218075824 1.7168203140848353 1.6378911821983744 1.5231189791714193 1.4083467761444641 1.293574573117509 1.1788023700905539
0.7222262762501618 0.7455795924848444 0.768932908719527 0.7922862249542096 0.8156395411888923 0.8389928574235749 0.8623461736582575 0.8856994898929402 0.9090528061276228 0.9324061223623055 0.9557594385969881 0.9927378719008265 1.044281863340794 1.0958258547808493 1.1473698462208164 1.198913837660784 1.250457829100751 1.3020018205407187 1.3535458119806858 1.4050898034206531 1.4566337948606205 1.508177786300588 1.5597217777405552 1.6140828196936359 1.671455352329102 1.7288278849645684 1.7862004176001325 1.8435729502355989 1.9009454828710652 1.9583180155065314 2.0156905481419978 2.073063080777464 2.1304356134129305 2.187808146048397 2.245180678683863 2.251880465436114 2.2044099411979574 2.156939416959801 2.1094688927216447 2.0619983684834073 2.0145278442452508 1.9670573200070942 1.9195867957689379 1.8721162715307815 1.824645747292625 1.7771752230544686 1.7297046988163123 1.675570349017222 1.6143122190198718 1.5530540890225217 1.4917959590251715 1.4305378290278215
0.6535517848701566 0.6746844991035106 0.6958172133368646 0.7169499275702186 0.7380826418035725 0.7592153560369266 0.7803480702702805 0.8014807845036345 0.8226134987369884 0.8437462129703424 0.8648789272036964 0.8983411839536222 0.9449840003571263 0.9916268167607099 1.038269633164214 1.084912449567718 1.1315552659712222 1.1781980823747262 1.2248408987782304 1.2714837151817346 1.3181265315852386 1.3647693479887428 1.4114121643922468 1.4707927138076118 1.5437901877691906 1.6167876617307695 1.689785135692473 1.7627826096540518 1.8357800836156306 1.9087775575772097 1.9817750315387885 2.0547725055003676 2.1277699794619465 2.2007674534235253 2.273764927385104 2.2875372318370975 2.237996491083532 2.188455750329966 2.1389150095764 2.0893742688227497 2.039833528069184 1.9902927873156182 1.9407520465620525 1.8912113058084867 1.8416705650549208 1.792129824301355 1.7425890835477893 1.7132495158360694 1.7055054588683243 1.6977614019005791 1.690017344932834 1.6822732879650888
0.5848772934901514 0.6037894057221768 0.622701517954202 0.6416136301862274 0.6605257424182527 0.6794378546502781 0.6983499668823034 0.7172620791143287 0.7361741913463541 0.7550863035783794 0.7739984158104047 0.8039444960064177 0.8456861373734585 0.8874277787405705 0.9291694201076115 0.9709110614746523 1.0126527028416932 1.054394344208734 1.0961359855757749 1.137877626942816 1.1796192683098567 1.2213609096768976 1.2631025510439384 1.3275026079215877 1.416125023209279 1.5047474384969706 1.5933698537848133 1.6819922690725049 1.7706146843601962 1.859237099647888 1.9478595149355793 2.036481930223271 2.1251043455109624 2.2137267607986537 2.3023491760863455 2.3231939982380814 2.271583040969106 2.219972083700131 2.1683611264311557 2.1167501691620925 2.0651392118931176 2.013528254624142 1.9619172973551668 1.9103063400861917 1.8586953828172166 1.8070844255482414 1.7554734682792663 1.7509286826549169 1.7966986987167768 1.8424687147786365 1.8882387308404964 1.9340087469023564
0.5162028021101462 0.532894312340843 0.5495858225715397 0.5662773328022364 0.582968843032933 0.5996603532636297 0.6163518634943264 0.6330433737250231 0.6497348839557198 0.6664263941864164 0.6831179044171131 0.7095478080592132 0.7463882743897908 0.7832287407204314 0.8200692070510089 0.8569096733815866 0.8937501397121642 0.9305906060427418 0.9674310723733195 1.0042715387038972 1.0411120050344747 1.0779524713650523 1.11479293769563 1.1842125020355634 1.2884598586493676 1.3927072152631716 1.4969545718771535 1.6012019284909575 1.7054492851047618 1.809696641718566 1.91394399833237 2.018191354946174 2.1224387115599783 2.226686068173782 2.3309334247875864 2.358850764639065 2.3051695908546805 2.251488417070296 2.1978072432859115 2.1441260695014352 2.0904448957170505 2.036763721932666 1.9830825481482814 1.929401374363897 1.8757202005795124 1.8220390267951276 1.768357853010743 1.7886078494737643 1.887891938565229 1.9871760276566939 2.086460116748159 2.1857442058396237
0.44752831073008253 0.4619992189594487 0.4764701271888148 0.49094103541818096 0.505411943647547 0.5198828518769132 0.5343537601062793 0.5488246683356455 0.5632955765650116 0.5777664847943778 0.5922373930237439 0.6151511201119283 0.6470904114060385 0.6790297027002032 0.7109689939943133 0.7429082852884236 0.7748475765825338 0.806786867876644 0.8387261591707542 0.8706654504648644 0.9026047417589746 0.9345440330530848 0.9664833243471951 1.0409223961494172 1.1607946940893472 1.280666992029277 1.4005392899694116 1.5204115879093416 1.6402838858492717 1.7601561837892017 1.8800284817291317 1.9999007796690615 2.1197730776089916 2.2396453755489216 2.3595176734888517 2.394507531040079 2.3387561407402835 2.2830047504404876 2.2272533601406916 2.171501969840801 2.115750579541005 2.0599991892412097 2.004247798941414 1.948496408641618 1.8927450183418224 1.8369936280420267 1.781242237742231 1.8262870162926437 1.979085178413759 2.1318833405348747 2.28468150265599 2.4374796647771055
0.37885381935007734 0.3911041255781148 0.4033544318061523 0.4156047380341898 0.4278550442622273 0.4401053504902648 0.45235565671830225 0.46460596294633977 0.4768562691743773 0.48910657540241476 0.5013568816304522 0.5207544321647238 0.5477925484223708 0.5748306646800639 0.6018687809377109 0.6289068971953579 0.6559450134530048 0.6829831297106518 0.7100212459682987 0.7370593622259457 0.7640974784835927 0.7911355947412396 0.8181737109988866 0.897632290263393 1.0331295295294356 1.168626768795478 1.304124008061752 1.4396212473277945 1.575118486593837 1.7106157258598798 1.8461129651259225 1.981610204391965 2.1171074436580075 2.2526046829240505 2.388101922190093 2.4301642974410624 2.372342690625857 2.3145210838106522 2.256699476995447 2.1988778701801435 2.1410562633649386 2.0832346565497333 2.0254130497345284 1.967591442919323 1.9097698361041182 1.851948229288913 1.794126622473708 1.863966183111491 2.0702784182622116 2.2765906534129323 2.4829028885636526 2.6892151237143733
0.3101793279700722 0.32020903219678104 0.3302387364234899 0.34026844065019873 0.3502981448769076 0.36032784910361637 0.3703575533303252 0.38038725755703406 0.3904169617837429 0.40044666601045176 0.4104763702371606 0.42635774421751943 0.44849468543870313 0.4706316266599246 0.49276856788110834 0.514905509102292 0.5370424503234758 0.5591793915446595 0.5813163327658432 0.6034532739870269 0.6255902152082107 0.6477271564293943 0.6698640976505781 0.7543421843773688 0.905464364969524 1.0565865455616792 1.2077087261540922 1.3588309067462472 1.5099530873384026 1.6610752679305576 1.812197448522713 1.9633196291148682 2.1144418097070234 2.265563990299179 2.416686170891334 2.465821063842046 2.4059292405114316 2.3460374171808174 2.2861455938502027 2.2262537705194863 2.1663619471888715 2.1064701238582573 2.046578300527643 1.9866864771970285 1.926794653866414 1.8669028305357998 1.807011007205185 1.9016453499303387 2.1614716581106643 2.42129796629099 2.6811242744713155 2.9409505826516407
0.24150483659006702 0.24931393881544722 0.2571230410408274 0.2649321432662076 0.2727412454915878 0.28055034771696796 0.2883594499423482 0.29616855216772836 0.30397765439310853 0.31178675661848876 0.31959585884386893 0.33196105627031497 0.34919682245503547 0.36643258863978534 0.3836683548245058 0.4009041210092263 0.41813988719394674 0.43537565337866724 0.4526114195633877 0.4698471857481082 0.4870829519328287 0.5043187181175491 0.5215544843022696 0.6110520784913446 0.7777992004096124 0.9445463223278803 1.1112934442464324 1.2780405661647003 1.444787688082968 1.6115348100012359 1.7782819319195036 1.9450290538377715 2.1117761757560394 2.2785232976743073 2.4452704195925747 2.50147783024303 2.439515790397006 2.377553750550982 2.3155917107049584 2.253629670858829 2.191667631012805 2.1297055911667813 2.0677435513207576 2.0057815114747335 1.9438194716287098 1.881857431782686 1.819895391936662 1.9393245167491862 2.2526648979591166 2.566005279169047 2.879345660378978 3.1926860415889085
0.17283034521006185 0.17841884543411338 0.18400734565816493 0.18959584588221648 0.195184346106268 0.20077284633031955 0.20636134655437108 0.21194984677842263 0.21753834700247415 0.2231268472265257 0.22871534745057726 0.2375643683231105 0.24989895947136775 0.26223355061964604 0.2745681417679033 0.28690273291616053 0.2992373240644177 0.311571915212675 0.3239065063609322 0.33624109750918946 0.3485756886574467 0.36091027980570395 0.3732448709539612 0.4677619726053205 0.650134035849701 0.8325060990940814 1.0148781623387726 1.197250225583153 1.3796222888275336 1.561994352071914 1.7443664153162943 1.9267384785606747 2.1091105418050553 2.2914826050494357 2.473854668293816 2.5371345966440133 2.4731023402825802 2.409070083921147 2.3450378275597137 2.2810055711981714 2.2169733148367383 2.1529410584753053 2.0889088021138718 2.0248765457524387 1.9608442893910056 1.8968120330295724 1.832779776668139 1.9770036835680336 2.3438581378075694 2.7107125920471047 3.0775670462866405 3.444421500526176
0.10415585383005667 0.10752375205277956 0.11089165027550246 0.11425954849822535 0.11762744672094824 0.12099534494367113 0.12436324316639402 0.12773114138911693 0.1310990396118398 0.1344669378345627 0.13783483605728558 0.14316768037590608 0.15060109648770006 0.15803451259950674 0.16546792871130073 0.17290134482309474 0.18033476093488873 0.18776817704668272 0.1952015931584767 0.20263500927027073 0.21006842538206472 0.2175018414938587 0.2249352576056527 0.3244718667192963 0.5224688712897894 0.7204658758602824 0.918462880431113 1.116459885001606 1.3144568895720992 1.5124538941425922 1.7104508987130853 1.9084479032835784 2.1064449078540712 2.3044419124245645 2.5024389169950574 2.5727913630449972 2.5066888901681548 2.440586417291312 2.3744839444144694 2.308381471537514 2.2422789986606717 2.176176525783829 2.1100740529069864 2.043971580030144 1.9778691071533012 1.9117666342764585 1.845664161399616 2.014682850386881 2.4350513776560216 2.8554199049251623 3.275788432194303 3.696156959463443
0.0354813624500515 0.03662865867144574 0.03777595489283999 0.03892325111423423 0.040070547335628474 0.041217843557022724 0.042365139778416966 0.04351243599981121 0.04465973222120545 0.0458070284425997 0.04695432466399394 0.04877099242870164 0.051303233504032396 0.053835474579367465 0.05636771565469822 0.05889995673002897 0.06143219780535972 0.06396443888069048 0.06649667995602122 0.06902892103135197 0.07156116210668273 0.07409340318201348 0.07662564425734422 0.18118176083327214 0.39480370672987775 0.6084256526264834 0.8220475985234533 1.035669544420059 1.2492914903166648 1.4629134362132703 1.6765353821098758 1.8901573280064816 2.103779273903087 2.3174012197996925 2.5310231656962983 2.6084481294459807 2.5402754400537284 2.4721027506614766 2.4039300612692247 2.3357573718768565 2.2675846824846047 2.199411993092353 2.131239303700101 2.063066614307849 1.9948939249155968 1.926721235523345 1.858548546131093 2.0523620172057284 2.5262446175044744 3.00012721780322 3.4740098181019654 3.947892418400711
0.0 0.0 0.0 0.0 0.0 0.0 0.0 0.0 0.0 0.0 0.0 0.0 0.0 0.0 0.0 0.0 0.0 0.0 0.0 0.0 0.0 0.0 0.0 0.10774854209612358 0.3306827115186555 0.5536168809411874 0.7765510503640995 0.9994852197866315 1.2224193892091635 1.4453535586316955 1.6682877280542274 1.8912218974767594 2.1141560668992914 2.3370902363218233 2.5600244057443553 2.641410214966712 2.571477626920894 2.501545038875076 2.4316124508292583 2.361679862783321 2.291747274737503 2.221814686691685 2.151882098645867 2.081949510600049 2.0120169225542313 1.9420843345084133 1.8721517464625952 2.074493929126958 2.567903997997976 3.0613140668689947 3.554724135740013 4.048134204611031
0.0 0.0 0.0 0.0 0.0 0.0 0.0 0.0 0.0 0.0 0.0 0.0 0.0 0.0 0.0 0.0 0.0 0.0 0.0 0.0 0.0 0.0 0.0 0.10898793219293182 0.33448642774412696 0.5599849232953221 0.7854834188469018 1.010981914398097 1.236480409949292 1.4619789055004873 1.6874774010516824 1.9129758966028776 2.1384743921540728 2.363972887705268 2.589471383256463 2.67149185648944 2.6001310800230413 2.528770303556643 2.4574095270902445 2.3860487506237247 2.314687974157326 2.2433271976909275 2.1719664212245293 2.1006056447581307 2.0292448682917326 1.957884091825334 1.8865233153589356 2.0800068056059384 2.5566148052782975 3.0332228049506567 3.5098308046230158 3.986438804295375
0.0 0.0 0.0 0.0 0.0 0.0 0.0 0.0 0.0 0.0 0.0 0.0 0.0 0.0 0.0 0.0 0.0 0.0 0.0 0.0 0.0 0.0 0.0 0.11022732228974008 0.33829014396959844 0.5663529656494568 0.7944157873297041 1.0224786090095626 1.250541430689421 1.4786042523692793 1.7066670740491376 1.934729895728996 2.162792717408854 2.3908555390887125 2.618918360768571 2.701573498012168 2.6287845331251893 2.5559955682382105 2.4832066033512317 2.4104176384641285 2.3376286735771497 2.2648397086901704 2.1920507438031915 2.1192617789162127 2.046472814029234 1.9736838491422548 1.9008948842552758 2.0855196820849184 2.5453256125586186 3.005131543032318 3.4649374735060183 3.9247434039797184
0.0 0.0 0.0 0.0 0.0 0.0 0.0 0.0 0.0 0.0 0.0 0.0 0.0 0.0 0.0 0.0 0.0 0.0 0.0 0.0 0.0 0.0 0.0 0.11146671238654832 0.3420938601950699 0.5727210080035915 0.8033481558125063 1.033975303621028 1.2646024514295495 1.495229599238071 1.7258567470465926 1.9564838948551142 2.1871110426636355 2.417738190472157 2.6483653382806787 2.7316551395348965 2.657437986227337 2.5832208329197774 2.509003679612218 2.4347865263045323 2.360569372996973 2.2863522196894133 2.2121350663818538 2.1379179130742947 2.063700759766735 1.9894836064591759 1.9152664531516166 2.091032558563899 2.53403641983894 2.9770402811139807 3.4200441423890218 3.863048003664063
