Figures/CREST_Example_wjb_NSE/Rolling_result/20100722/BJP_forecast/ens_29/wjb.rain.20100722.asc
ncols            288
nrows            254
xllcorner        113.274861
yllcorner        31.4918055
cellsize         0.008333333333
NODATA_value     -9999
[rows 120 to 139 of 254, columns 0 to 43 of 288]
-9999.0 -9999.0 -9999.0 -9999.0 -9999.0 -9999.0 -9999.0 -9999.0 -9999.0 -9999.0 -9999.0 -9999.0 -9999.0 4.094667175439447 4.094667175439447 4.094667175439447 4.094667175439447 4.094667175439447 -9999.0 -9999.0 -9999.0 -9999.0 -9999.0 -9999.0 -9999.0 -9999.0 -9999.0 -9999.0 -9999.0 4.094667175439447 4.094667175439447 4.094667175439447 4.094667175439447 4.094667175439447 4.094667175439447 4.094667175439447 4.094667175439447 4.094667175439447 4.094667175439447 2.9946665628610036 2.9370785008238562 2.879490438786709 2.821902376749562 2.7643143147124145
-9999.0 -9999.0 -9999.0 -9999.0 -9999.0 -9999.0 -9999.0 -9999.0 -9999.0 -9999.0 -9999.0 -9999.0 4.094667175439447 4.094667175439447 4.094667175439447 4.094667175439447 4.094667175439447 4.094667175439447 4.094667175439447 -9999.0 -9999.0 -9999.0 -9999.0 -9999.0 -9999.0 -9999.0 -9999.0 -9999.0 -9999.0 -9999.0 4.094667175439447 4.094667175439447 4.094667175439447 4.094667175439447 4.094667175439447 4.094667175439447 4.094667175439447 4.094667175439447 4.094667175439447 3.057324195717888 3.002027140310977 2.9467300849040656 2.8914330294971546 2.836135974090243
-9999.0 -9999.0 -9999.0 -9999.0 -9999.0 -9999.0 -9999.0 -9999.0 -9999.0 -9999.0 -9999.0 -9999.0 4.094667175439447 4.094667175439447 4.094667175439447 4.094667175439447 4.094667175439447 4.094667175439447 4.094667175439447 4.094667175439447 4.094667175439447 -9999.0 -9999.0 -9999.0 -9999.0 -9999.0 -9999.0 -9999.0 -9999.0 4.094667175439447 4.094667175439447 4.094667175439447 4.094667175439447 4.094667175439447 4.094667175439447 4.094667175439447 4.094667175439447 4.094667175439447 4.094667175439447 3.0166481810160692 2.9650070637567167 2.9133659464973642 2.8617248292380113 2.810083711978659
-9999.0 -9999.0 -9999.0 -9999.0 -9999.0 -9999.0 -9999.0 -9999.0 -9999.0 -9999.0 -9999.0 -9999.0 4.094667175439447 4.094667175439447 4.094667175439447 4.094667175439447 4.094667175439447 4.094667175439447 4.094667175439447 4.094667175439447 4.094667175439447 -9999.0 -9999.0 4.094667175439447 -9999.0 -9999.0 -9999.0 -9999.0 -9999.0 4.094667175439447 4.094667175439447 4.094667175439447 4.094667175439447 4.094667175439447 4.094667175439447 4.094667175439447 4.094667175439447 4.094667175439447 4.094667175439447 2.975972166314251 2.9279869872024564 2.8800018080906624 2.8320166289788684 2.7840314498670744
-9999.0 -9999.0 -9999.0 -9999.0 -9999.0 -9999.0 -9999.0 -9999.0 -9999.0 -9999.0 -9999.0 -9999.0 4.094667175439447 4.094667175439447 4.094667175439447 4.094667175439447 4.094667175439447 4.094667175439447 4.094667175439447 4.094667175439447 4.094667175439447 4.094667175439447 4.094667175439447 4.094667175439447 4.094667175439447 4.094667175439447 -9999.0 -9999.0 4.094667175439447 4.094667175439447 4.094667175439447 4.094667175439447 4.094667175439447 4.094667175439447 4.094667175439447 4.094667175439447 4.094667175439447 4.094667175439447 4.094667175439447 2.9352961516123974 2.890966910648165 2.8466376696839326 2.8023084287197 2.757979187755468
-9999.0 -9999.0 -9999.0 -9999.0 -9999.0 -9999.0 -9999.0 -9999.0 -9999.0 -9999.0 -9999.0 4.094667175439447 4.094667175439447 4.094667175439447 4.094667175439447 4.094667175439447 4.094667175439447 4.094667175439447 4.094667175439447 4.094667175439447 4.094667175439447 4.094667175439447 4.094667175439447 4.094667175439447 4.094667175439447 4.094667175439447 4.094667175439447 4.094667175439447 4.094667175439447 4.094667175439447 4.094667175439447 4.094667175439447 4.094667175439447 4.094667175439447 4.094667175439447 4.094667175439447 4.094667175439447 4.094667175439447 4.094667175439447 2.8946201369105786 2.8539468340939047 2.8132735312772312 2.7726002284605573 2.7319269256438834
-9999.0 -9999.0 -9999.0 -9999.0 -9999.0 -9999.0 -9999.0 -9999.0 -9999.0 -9999.0 -9999.0 4.094667175439447 4.094667175439447 4.094667175439447 4.094667175439447 4.094667175439447 4.094667175439447 4.094667175439447 4.094667175439447 4.094667175439447 4.094667175439447 4.094667175439447 4.094667175439447 4.094667175439447 4.094667175439447 4.094667175439447 4.094667175439447 4.094667175439447 4.094667175439447 4.094667175439447 4.094667175439447 4.094667175439447 4.094667175439447 4.094667175439447 4.094667175439447 4.094667175439447 4.094667175439447 4.094667175439447 4.094667175439447 2.8539441222087603 2.8169267575396453 2.77990939287053 2.7428920282014144 2.705874663532299
-9999.0 -9999.0 -9999.0 -9999.0 -9999.0 -9999.0 -9999.0 -9999.0 -9999.0 -9999.0 -9999.0 4.094667175439447 4.094667175439447 4.094667175439447 4.094667175439447 4.094667175439447 4.094667175439447 4.094667175439447 4.094667175439447 4.094667175439447 4.094667175439447 4.094667175439447 4.094667175439447 4.094667175439447 4.094667175439447 4.094667175439447 4.094667175439447 4.094667175439447 4.094667175439447 4.094667175439447 4.094667175439447 4.094667175439447 4.094667175439447 4.094667175439447 4.094667175439447 4.094667175439447 4.094667175439447 4.094667175439447 4.094667175439447 2.813268107506942 2.779906680985385 2.746545254463828 2.7131838279422715 2.6798224014207146
-9999.0 -9999.0 -9999.0 -9999.0 -9999.0 -9999.0 -9999.0 -9999.0 -9999.0 -9999.0 -9999.0 4.094667175439447 4.094667175439447 4.094667175439447 4.094667175439447 4.094667175439447 4.094667175439447 4.094667175439447 4.094667175439447 4.094667175439447 4.094667175439447 4.094667175439447 4.094667175439447 4.094667175439447 4.094667175439447 4.094667175439447 4.094667175439447 4.094667175439447 4.094667175439447 4.094667175439447 4.094667175439447 4.094667175439447 4.094667175439447 4.094667175439447 4.094667175439447 4.094667175439447 4.094667175439447 4.094667175439447 4.094667175439447 2.772592092805123 2.7428866044311246 2.7131811160571266 2.683475627683128 2.65377013930913
-9999.0 -9999.0 -9999.0 -9999.0 -9999.0 -9999.0 -9999.0 -9999.0 -9999.0 -9999.0 4.094667175439447 4.094667175439447 4.094667175439447 4.094667175439447 4.094667175439447 4.094667175439447 4.094667175439447 4.094667175439447 4.094667175439447 4.094667175439447 4.094667175439447 4.094667175439447 4.094667175439447 4.094667175439447 4.094667175439447 4.094667175439447 4.094667175439447 4.094667175439447 4.094667175439447 4.094667175439447 4.094667175439447 4.094667175439447 4.094667175439447 4.094667175439447 4.094667175439447 4.094667175439447 4.094667175439447 4.094667175439447 4.094667175439447 2.7319160781033047 2.705866527876865 2.6798169776504253 2.6537674274239857 2.627717877197546
-9999.0 -9999.0 -9999.0 -9999.0 -9999.0 -9999.0 -9999.0 -9999.0 -9999.0 4.094667175439447 4.094667175439447 4.094667175439447 4.094667175439447 4.094667175439447 4.094667175439447 4.094667175439447 4.094667175439447 4.094667175439447 4.094667175439447 4.094667175439447 4.094667175439447 4.094667175439447 4.094667175439447 4.094667175439447 4.094667175439447 4.094667175439447 4.094667175439447 4.094667175439447 4.094667175439447 4.094667175439447 4.094667175439447 4.094667175439447 4.094667175439447 4.094667175439447 4.094667175439447 4.094667175439447 4.094667175439447 4.094667175439447 4.094667175439447 2.691240063401486 2.668846451322605 2.646452839243724 2.6240592271648424 2.6016656150859614
-9999.0 -9999.0 -9999.0 -9999.0 -9999.0 -9999.0 -9999.0 4.094667175439447 4.094667175439447 4.094667175439447 4.094667175439447 4.094667175439447 4.094667175439447 4.094667175439447 4.094667175439447 4.094667175439447 4.094667175439447 4.094667175439447 4.094667175439447 4.094667175439447 4.094667175439447 4.094667175439447 4.094667175439447 4.094667175439447 4.094667175439447 4.094667175439447 4.094667175439447 4.094667175439447 4.094667175439447 4.094667175439447 4.094667175439447 4.094667175439447 4.094667175439447 4.094667175439447 4.094667175439447 4.094667175439447 4.094667175439447 4.094667175439447 4.094667175439447 2.650564048699633 2.6318263747683135 2.6130887008369936 2.594351026905674 2.575613352974355
-9999.0 -9999.0 -9999.0 -9999.0 -9999.0 -9999.0 4.094667175439447 4.094667175439447 4.094667175439447 4.094667175439447 4.094667175439447 4.094667175439447 4.094667175439447 4.094667175439447 4.094667175439447 4.094667175439447 4.094667175439447 4.094667175439447 4.094667175439447 4.094667175439447 4.094667175439447 4.094667175439447 4.094667175439447 4.094667175439447 4.094667175439447 4.094667175439447 4.094667175439447 4.094667175439447 4.094667175439447 4.094667175439447 4.094667175439447 4.094667175439447 4.094667175439447 4.094667175439447 4.094667175439447 4.094667175439447 4.094667175439447 4.094667175439447 4.094667175439447 2.609888033997814 2.594806298214053 2.5797245624302922 2.5646428266465313 2.5495610908627704
-9999.0 -9999.0 -9999.0 4.094667175439447 4.094667175439447 -9999.0 4.094667175439447 4.094667175439447 4.094667175439447 4.094667175439447 4.094667175439447 4.094667175439447 4.094667175439447 4.094667175439447 4.094667175439447 2.775024183404084 2.6968908938127516 2.618757604221419 2.5406243146300866 2.462491025038754 2.3843577354474217 2.306224445856089 2.228091156264757 2.1499578666734247 2.0718245770820922 1.9936912874907597 1.915557997899294 1.903125867749986 1.9609297617819432 2.0187336558139006 2.076537549845858 2.1343414438778145 2.192145337909772 2.249949231941729 2.307753125973686 2.3655570200056433 2.4233609140376005 2.4811648080695576 2.538968702101515 2.560601660317026 2.543567070666917 2.5265324810168077 2.5094978913666983 2.4924633017165894
-9999.0 -9999.0 -9999.0 4.094667175439447 4.094667175439447 4.094667175439447 4.094667175439447 4.094667175439447 4.094667175439447 4.094667175439447 4.094667175439447 4.094667175439447 4.094667175439447 4.094667175439447 4.094667175439447 3.95872598427364 3.7728098584411174 3.586893732608595 3.4009776067760726 3.21506148094355 3.0291453551110274 2.8432292292785046 2.6573131034459827 2.47139697761346 2.285480851780937 2.099564725948415 1.9136486001155752 1.8456460461972415 1.9036957653072446 1.9617454844172477 2.019795203527251 2.077844922637254 2.1358946417472566 2.1939443608572597 2.251994079967263 2.310043799077266 2.368093518187269 2.426143237297272 2.4841929564072753 2.502111355689355 2.47712846709128 2.4521455784932047 2.427162689895129 2.402179801297054
-9999.0 -9999.0 -9999.0 4.094667175439447 4.094667175439447 4.094667175439447 4.094667175439447 4.094667175439447 4.094667175439447 4.094667175439447 4.094667175439447 4.094667175439447 4.094667175439447 4.094667175439447 4.094667175439447 5.142427785143196 4.848728823069484 4.555029860995771 4.261330898922059 3.9676319368483455 3.673932974774633 3.380234012700921 3.0865350506272082 2.7928360885534955 2.499137126479783 2.20543816440607 1.911739202331857 1.7881662246444974 1.8464617688325464 1.9047573130205953 1.9630528572086443 2.0213484013966934 2.079643945584742 2.137939489772791 2.19623503396084 2.254530578148889 2.312826122336938 2.371121666524987 2.429417210713036 2.4436210510616845 2.410689863515643 2.3777586759696017 2.3448274884235603 2.311896300877519
-9999.0 -9999.0 -9999.0 4.094667175439447 4.094667175439447 4.094667175439447 4.094667175439447 4.094667175439447 4.094667175439447 4.094667175439447 4.094667175439447 4.094667175439447 4.094667175439447 4.094667175439447 4.094667175439447 6.326129586012752 5.924647787697849 5.523165989382947 5.121684191068044 4.720202392753142 4.318720594438239 3.917238796123336 3.5157569978084333 3.1142751994935307 2.712793401178628 2.311311602863725 1.9098298045481377 1.7306864030917528 1.7892277723578478 1.8477691416239426 1.9063105108900376 1.9648518801561323 2.0233932494222273 2.0819346186883223 2.140475987954417 2.199017357220512 2.257558726486607 2.3161000957527014 2.3746414650187964 2.385130746434014 2.3442512599400063 2.3033717734459986 2.2624922869519914 2.221612800457984
-9999.0 -9999.0 -9999.0 4.094667175439447 4.094667175439447 4.094667175439447 4.094667175439447 4.094667175439447 4.094667175439447 4.094667175439447 4.094667175439447 4.094667175439447 4.094667175439447 4.094667175439447 4.094667175439447 7.5098313868833175 7.000566752327133 6.491302117770948 5.982037483214763 5.472772848658579 4.963508214102394 4.454243579546209 3.9449789449900243 3.4357143104338395 2.926449675877655 2.4171850413214706 1.9079204067644175 1.6732065815389596 1.7319937758831006 1.7907809702272415 1.8495681645713824 1.9083553589155233 1.9671425532596643 2.025929747603805 2.084716941947946 2.143504136292087 2.202291330636228 2.261078524980369 2.31986571932451 2.326640441806293 2.2778126563643126 2.228984870922332 2.1801570854803516 2.1313293000383715
-9999.0 -9999.0 -9999.0 4.094667175439447 4.094667175439447 4.094667175439447 4.094667175439447 4.094667175439447 4.094667175439447 4.094667175439447 4.094667175439447 4.094667175439447 4.094667175439447 4.094667175439447 4.094667175439447 8.693533187752873 8.0764857169555 7.459438246158124 6.842390775360749 6.225343304563374 5.608295833765999 4.991248362968625 4.37420089217125 3.757153421373875 3.1401059505765003 2.5230584797791256 1.9060110089806983 1.6157267599862153 1.6747597794084021 1.733792798830589 1.7928258182527759 1.8518588376749627 1.9108918570971496 1.9699248765193365 2.0289578959415233 2.08799091536371 2.147023934785897 2.206056954208084 2.2650899736302708 2.268150137178622 2.211374052788676 2.154597968398729 2.0978218840087828 2.0410457996188365
-9999.0 4.094667175439447 4.094667175439447 4.094667175439447 4.094667175439447 4.094667175439447 4.094667175439447 4.094667175439447 4.094667175439447 4.094667175439447 4.094667175439447 4.094667175439447 4.094667175439447 4.094667175439447 4.094667175439447 9.87723498862243 9.152404681583864 8.4275743745453 7.7027440675067345 6.977913760468169 6.253083453429605 5.52825314639104 4.803422839352475 4.07859253231391 3.3537622252753447 2.6289319182367796 1.9041016111969782 1.558246938433471 1.6175257829337037 1.6768046274339365 1.7360834719341691 1.795362316434402 1.8546411609346347 1.9139200054348675 1.9731988499351003 2.032477694435333 2.0917565389355657 2.1510353834357985 2.2103142279360313 2.2096598325509516 2.144935449213039 2.0802110658751265 2.015486682537214 1.9507622991993014
